{
    "name": "random-82-16877",
    "comment": "size=82 seed=16877",
    "nodes": ["+0", "-0", "+1", "-1", "+2", "-2", "+3", "-3", "+4", "-4", "+5", "-5", "+6", "-6", "+7", "-7", "+8", "-8", "+9", "-9", "+10", "-10", "+11", "-11", "+12", "-12", "+13", "-13", "+14", "-14", "+15", "-15", "+16", "-16", "+17", "-17", "+18", "-18", "+19", "-19", "+20", "-20", "+21", "-21", "+22", "-22", "+23", "-23", "+24", "-24", "+25", "-25", "+26", "-26", "+27", "-27", "+28", "-28", "+29", "-29", "+30", "-30", "+31", "-31", "+32", "-32", "+33", "-33", "+34", "-34", "+35", "-35", "+36", "-36", "+37", "-37", "+38", "-38", "+39", "-39", "+40", "-40", "+41", "-41", "+42", "-42", "+43", "-43", "+44", "-44", "+45", "-45", "+46", "-46", "+47", "-47", "+48", "-48", "+49", "-49", "+50", "-50", "+51", "-51", "+52", "-52", "+53", "-53", "+54", "-54", "+55", "-55", "+56", "-56", "+57", "-57", "+58", "-58", "+59", "-59", "+60", "-60", "+61", "-61", "+62", "-62", "+63", "-63", "+64", "-64", "+65", "-65", "+66", "-66", "+67", "-67", "+68", "-68", "+69", "-69", "+70", "-70", "+71", "-71", "+72", "-72", "+73", "-73", "+74", "-74", "+75", "-75", "+76", "-76", "+77", "-77", "+78", "-78", "+79", "-79", "+80", "-80", "+81", "-81", "+82", "-82"],
    "precedence": {
        "+0": "-0",
        "+1": "-1",
        "+2": "-2",
        "+3": "-3",
        "+4": "-4",
        "+5": "-5",
        "+6": "-6",
        "+7": "-7",
        "+8": "-8",
        "+9": "-9",
        "+10": "-10",
        "+11": "-11",
        "+12": "-12",
        "+13": "-13",
        "+14": "-14",
        "+15": "-15",
        "+16": "-16",
        "+17": "-17",
        "+18": "-18",
        "+19": "-19",
        "+20": "-20",
        "+21": "-21",
        "+22": "-22",
        "+23": "-23",
        "+24": "-24",
        "+25": "-25",
        "+26": "-26",
        "+27": "-27",
        "+28": "-28",
        "+29": "-29",
        "+30": "-30",
        "+31": "-31",
        "+32": "-32",
        "+33": "-33",
        "+34": "-34",
        "+35": "-35",
        "+36": "-36",
        "+37": "-37",
        "+38": "-38",
        "+39": "-39",
        "+40": "-40",
        "+41": "-41",
        "+42": "-42",
        "+43": "-43",
        "+44": "-44",
        "+45": "-45",
        "+46": "-46",
        "+47": "-47",
        "+48": "-48",
        "+49": "-49",
        "+50": "-50",
        "+51": "-51",
        "+52": "-52",
        "+53": "-53",
        "+54": "-54",
        "+55": "-55",
        "+56": "-56",
        "+57": "-57",
        "+58": "-58",
        "+59": "-59",
        "+60": "-60",
        "+61": "-61",
        "+62": "-62",
        "+63": "-63",
        "+64": "-64",
        "+65": "-65",
        "+66": "-66",
        "+67": "-67",
        "+68": "-68",
        "+69": "-69",
        "+70": "-70",
        "+71": "-71",
        "+72": "-72",
        "+73": "-73",
        "+74": "-74",
        "+75": "-75",
        "+76": "-76",
        "+77": "-77",
        "+78": "-78",
        "+79": "-79",
        "+80": "-80",
        "+81": "-81",
        "+82": "-82"
    },
    "edges": [
        [    0,    0,  366,  804,  818,  627,  223,  739,  224,  273,  233,  224,  605,  177,  171,  831,  363,  487,  180,  420,  113,  116,  561,  303,  272,  763,  629,  665,  237,  498,  333,  583,  460,  723,  629,  565,  381,  315,  357,  721,  659,  251,  432,  632,  301,  245,  834,  876,  181,  267,  515,  367,  336,  215,  478,  468,  654,  483,  711,  412,  413,  511,  444,  362,  305,  572,  422,  698,  640,  440,  250,  319,  494,  732,  295,   89,  595,  251,  664,  732,  654,  800,  700,  393,  345,  150,  557,  305,  405,  373,  127,  246,  190,  232,  358,  479,  561,  660,  331,  342,  702,  721,  876,   79,  109,   34,  356,  796,  126,  194,  553,  173,   85,  734,  613,  786,  568,  371,  498,  834,  205,  905,  570,  602,  661,  214,  265,  586,  415,  524,   56,  192,  644,  604,  587,  571,  492,  741,  507,  519,  507,  222,  161,  191,  251,  525,  202,  202,   52,  546,  834,  694,  421,  603,  453,  253,  500,  420,  530,  749,  583,  514,  648,  606,  437,  588],
        [    0,    0,    0,    0,    0,    0,    0,    0,    0,    0,    0,    0,    0,    0,    0,    0,    0,    0,    0,    0,    0,    0,    0,    0,    0,    0,    0,    0,    0,    0,    0,    0,    0,    0,    0,    0,    0,    0,    0,    0,    0,    0,    0,    0,    0,    0,    0,    0,    0,    0,    0,    0,    0,    0,    0,    0,    0,    0,    0,    0,    0,    0,    0,    0,    0,    0,    0,    0,    0,    0,    0,    0,    0,    0,    0,    0,    0,    0,    0,    0,    0,    0,    0,    0,    0,    0,    0,    0,    0,    0,    0,    0,    0,    0,    0,    0,    0,    0,    0,    0,    0,    0,    0,    0,    0,    0,    0,    0,    0,    0,    0,    0,    0,    0,    0,    0,    0,    0,    0,    0,    0,    0,    0,    0,    0,    0,    0,    0,    0,    0,    0,    0,    0,    0,    0,    0,    0,    0,    0,    0,    0,    0,    0,    0,    0,    0,    0,    0,    0,    0,    0,    0,    0,    0,    0,    0,    0,    0,    0,    0,    0,    0,    0,    0,    0,    0],
        [  366,    0,    0,  692,  881,  779,  578,  513,  425,  160,  437,  425,  927,  441,  262,  868,   44,  481,  208,  676,  297,  448,  751,  662,  219,  826,  509,  420,  592,  264,  356,  389,  244,  681,  561,  241,  520,  188,  695,  874,  866,  452,  766,  355,  156,  610,  777,  821,  263,  100,  572,  692,  657,  152,  645,  614,  358,  161,  718,  717,  736,  705,  373,  134,  513,  436,  530,  432,  885,  402,  614,  394,  175,  491,  615,  448,  326,  560,  599,  458,  317,  830,  841,  109,  390,  315,  520,  205,  638,  547,  239,  271,  188,  134,  163,  726,  256,  984,  198,  556,  770,  819,  854,  430,  400,  377,  697,  739,  283,  474,  238,  291,  441,  653,  271,  761,  899,  516,  785,  767,  559,  845,  826,  350,  701,  501,  474,  249,  741,  655,  354,  547,  694,  655,  558,  635,  774,  562,  636,  831,  498,  244,  410,  182,  573,  209,  293,  184,  330,  835,  884,  499,  737,  890,  125,  264,  136,  732,  403,  654,  460,  178,  884,  607,  542,  715],
        [  804,    0,  692,    0,  398,  529,  988,  272, 1001,  817,  619,  620,  967,  688,  851,  344,  735,  330,  673,  695,  839,  918,  593,  928,  873,  374,  187,  339,  877,  434,  472,  310,  448,  152,  180,  540,  508,  548,  875,  564,  670, 1031,  902,  418,  827,  936,  134,  165,  859,  697,  365,  842,  815,  710,  535,  499,  451,  567,  245,  807,  859,  587,  365,  564,  606,  258,  459,  370,  757,  365,  969,  495,  557,  306,  796,  819,  420,  760,  151,  385,  564,  315,  529,  798,  465,  884,  257,  544,  645, 1152,  757,  906,  683,  720,  541,  692,  501, 1010,  878,  609,  368,  438,  236,  878,  727,  782,  887,  120,  836,  996,  524,  880,  812,   86,  579,  188,  975, 1135,  796,  113,  979,  177,  752,  385,  307,  716,  614,  569,  869,  473,  843,  966,  326,  332,  238,  358,  782,  172,  470,  882,  312,  598,  679,  760, 1048,  538,  604,  667,  817,  828,  376,  229,  841,  852,  593,  904,  718,  830,  296,   60,  237,  581,  736,  259,  450,  469],
        [  818,    0,  881,  398,    0,  250,  929,  638, 1042,  951,  587,  595,  705,  650,  934,   61,  919,  400,  765,  509,  898,  913,  342,  802,  995,   57,  454,  672,  777,  683,  541,  594,  675,  269,  366,  824,  438,  697,  716,  219,  356, 1069,  710,  736,  972,  843,  277,  275,  945,  841,  318,  675,  664,  829,  364,  358,  776,  815,  183,  618,  672,  371,  512,  750,  525,  508,  398,  716,  455,  479,  882,  523,  810,  668,  666,  790,  721,  656,  342,  742,  880,   84,  199,  986,  512,  946,  373,  683,  479, 1191,  833, 1007,  785,  847,  720,  473,  785,  733, 1024,  499,  118,  114,  201,  871,  714,  787,  730,  279,  902, 1003,  804,  955,  785,  343,  878,  211,  731, 1188,  564,  298,  928,  292,  484,  689,  181,  643,  558,  859,  681,  302,  871,  918,  189,  229,  337,  255,  553,  541,  316,  647,  384,  686,  659,  867, 1015,  805,  662,  773,  853,  574,   33,  576,  648,  575,  826, 1009,  959,  638,  517,  369,  481,  842,  430,  280,  383,  246],
        [  627,    0,  779,  529,  250,    0,  702,  698,  848,  811,  399,  410,  465,  450,  767,  295,  810,  345,  619,  266,  722,  706,   94,  561,  845,  215,  493,  699,  544,  647,  425,  599,  625,  378,  408,  793,  266,  594,  470,   98,  141,  873,  461,  740,  836,  609,  450,  468,  778,  716,  237,  429,  421,  690,  150,  169,  781,  758,  289,  370,  424,  129,  454,  661,  323,  515,  249,  747,  230,  413,  649,  387,  757,  720,  429,  582,  715,  427,  408,  780,  867,  286,   74,  874,  390,  768,  366,  576,  244,  990,  671,  845,  642,  711,  632,  225,  758,  499,  885,  286,  178,  137,  415,  667,  519,  594,  485,  431,  729,  797,  771,  783,  578,  449,  852,  372,  486,  994,  316,  466,  704,  494,  242,  690,  223,  428,  363,  828,  433,  125,  682,  695,  204,  207,  348,  195,  305,  618,  144,  400,  340,  549,  467,  717,  794,  763,  511,  633,  669,  330,  278,  628,  400,  338,  758,  848,  884,  389,  504,  479,  495,  791,  208,  294,  238,   74],
        [  223,    0,  578,  988,  929,  702,    0,  952,  257,  458,  372,  370,  517,  302,  338,  954,  569,  660,  402,  447,  287,  135,  618,  185,  434,  878,  824,  882,  164,  717,  523,  795,  679,  887,  808,  787,  509,  535,  284,  786,  689,  262,  349,  853,  484,  108,  998, 1037,  344,  482,  660,  316,  303,  431,  566,  573,  875,  704,  856,  381,  352,  575,  642,  584,  410,  774,  558,  917,  639,  630,   75,  494,  715,  948,  281,  172,  816,  276,  841,  952,  876,  928,  774,  586,  524,  289,  733,  523,  459,  339,  341,  387,  411,  445,  580,  502,  783,  564,  497,  431,  820,  821, 1024,  150,  264,  227,  274,  962,  303,  169,  774,  321,  180,  911,  833,  940,  469,  362,  474, 1002,   22, 1067,  567,  821,  796,  290,  387,  807,  349,  628,  225,   32,  776,  740,  758,  705,  474,  945,  615,  456,  679,  438,  309,  397,  100,  747,  407,  424,  249,  510,  951,  903,  371,  562,  674,  396,  709,  376,  733,  931,  782,  734,  655,  763,  572,  685],
        [  739,    0,  513,  272,  638,  698,  952,    0,  895,  663,  622,  617, 1070,  680,  730,  593,  554,  382,  572,  780,  737,  852,  734,  943,  722,  601,  206,   94,  880,  257,  447,  158,  290,  370,  292,  306,  568,  431,  919,  759,  834,  925,  965,  172,  665,  929,  402,  436,  736,  552,  474,  894,  861,  583,  646,  604,  194,  360,  460,  878,  923,  711,  328,  411,  644,  203,  531,  105,  904,  357,  953,  492,  347,   35,  831,  783,  191,  783,  303,  114,  306,  558,  721,  608,  460,  775,  336,  437,  727, 1037,  654,  767,  574,  585,  400,  797,  272, 1120,  710,  665,  574,  646,  503,  817,  694,  727,  928,  379,  729,  914,  296,  761,  775,  298,  330,  438, 1065, 1011,  896,  383,  938,  448,  880,  163,  497,  725,  634,  327,  932,  603,  763,  925,  508,  493,  351,  503,  882,  102,  592,  975,  377,  517,  660,  635,  989,  318,  546,  557,  734,  938,  622,   70,  910,  975,  393,  763,  497,  901,  236,  276,  213,  361,  889,  406,  529,  626],
        [  224,    0,  425, 1001, 1042,  848,  257,  895,    0,  270,  456,  448,  761,  399,  168, 1053,  399,  697,  331,  626,  163,  157,  778,  428,  223,  986,  819,  810,  382,  639,  539,  746,  605,  933,  832,  662,  604,  468,  515,  942,  871,   31,  587,  760,  287,  350, 1044, 1087,  164,  350,  735,  538,  514,  313,  700,  692,  772,  579,  929,  595,  580,  730,  637,  487,  527,  754,  645,  834,  841,  641,  327,  534,  592,  881,  479,  274,  726,  448,  869,  864,  741, 1021,  921,  391,  556,  121,  764,  465,  620,  154,  246,  166,  324,  314,  496,  686,  671,  811,  279,  563,  925,  945, 1092,  188,  331,  256,  508, 1005,  167,   90,  656,  137,  276,  936,  695, 1001,  716,  147,  687, 1042,  238, 1115,  769,  741,  882,  426,  488,  672,  579,  747,  171,  235,  865,  825,  797,  793,  683,  916,  731,  688,  717,  403,  385,  262,  192,  627,  402,  341,  192,  730, 1057,  861,  595,  786,  543,  175,  534,  597,  712,  949,  770,  601,  853,  821,  660,  811],
        [  273,    0,  160,  817,  951,  811,  458,  663,  270,    0,  426,  414,  874,  404,  121,  948,  130,  561,  192,  657,  173,  324,  766,  575,   60,  895,  631,  572,  509,  407,  411,  528,  380,  783,  668,  401,  546,  272,  628,  908,  876,  295,  703,  511,   29,  511,  887,  931,  117,  120,  634,  635,  602,  124,  666,  642,  517,  320,  805,  673,  680,  717,  468,  257,  508,  559,  569,  588,  877,  488,  507,  433,  334,  644,  560,  361,  480,  510,  706,  615,  474,  911,  879,  129,  441,  174,  614,  280,  629,  388,  158,  111,  170,  105,  277,  714,  415,  929,   74,  552,  836,  875,  954,  317,  346,  296,  627,  848,  158,  330,  397,  144,  357,  767,  428,  860,  839,  356,  752,  880,  437,  957,  811,  501,  775,  459,  465,  407,  683,  691,  241,  428,  764,  723,  652,  697,  744,  702,  673,  784,  581,  267,  376,   97,  435,  368,  300,  180,  225,  802,  959,  641,  686,  859,  284,  104,  265,  684,  521,  772,  580,  338,  880,  692,  583,  755],
        [  233,    0,  437,  619,  587,  399,  372,  622,  456,  426,    0,   13,  503,   71,  369,  602,  457,  290,  241,  240,  323,  329,  342,  322,  452,  532,  465,  570,  263,  431,  176,  469,  395,  516,  440,  549,  149,  284,  303,  495,  451,  483,  361,  565,  453,  319,  627,  666,  381,  352,  292,  285,  250,  314,  250,  237,  598,  483,  490,  292,  323,  293,  295,  357,   83,  427,  194,  613,  454,  273,  350,  133,  488,  626,  214,  211,  530,  162,  471,  650,  639,  572,  471,  512,  165,  369,  363,  264,  205,  605,  276,  447,  265,  336,  335,  292,  528,  559,  499,  126,  471,  489,  657,  287,  128,  201,  311,  590,  331,  418,  530,  384,  205,  541,  607,  571,  482,  603,  350,  630,  365,  696,  392,  522,  435,  104,   40,  580,  330,  292,  287,  353,  416,  377,  387,  344,  339,  596,  275,  405,  309,  194,   73,  330,  443,  510,  145,  261,  271,  400,  603,  564,  317,  454,  467,  452,  565,  311,  388,  561,  429,  518,  456,  392,  208,  356],
        [  224,    0,  425,  620,  595,  410,  370,  617,  448,  414,   13,    0,  514,   69,  358,  609,  444,  291,  229,  252,  313,  322,  354,  327,  441,  540,  463,  563,  266,  423,  171,  464,  386,  518,  440,  539,  157,  273,  311,  506,  463,  475,  370,  557,  441,  320,  630,  670,  370,  339,  297,  294,  259,  301,  261,  246,  590,  472,  495,  303,  333,  305,  291,  346,   95,  423,  200,  606,  466,  270,  350,  130,  478,  620,  222,  207,  522,  169,  472,  643,  630,  578,  481,  499,  162,  359,  364,  254,  218,  597,  265,  436,  252,  324,  324,  304,  519,  570,  487,  138,  479,  498,  662,  281,  121,  193,  318,  593,  320,  411,  520,  374,  200,  542,  597,  575,  493,  594,  362,  632,  362,  699,  404,  515,  441,  109,   52,  570,  340,  301,  278,  350,  423,  383,  388,  350,  351,  593,  284,  416,  309,  183,   66,  318,  439,  500,  133,  249,  262,  412,  611,  559,  328,  466,  456,  441,  553,  321,  384,  562,  426,  508,  468,  395,  215,  366],
        [  605,    0,  927,  967,  705,  465,  517, 1070,  761,  874,  503,  514,    0,  487,  775,  756,  939,  689,  720,  291,  716,  608,  381,  334,  876,  677,  876, 1039,  381,  923,  657,  933,  889,  821,  811, 1050,  504,  786,  250,  492,  353,  771,  176, 1051,  902,  413,  907,  930,  785,  833,  611,  239,  273,  786,  434,  474, 1087,  985,  742,  212,  194,  380,  755,  859,  445,  867,  539, 1086,  255,  719,  443,  605,  990, 1082,  316,  519, 1017,  368,  825, 1123, 1139,  750,  507,  984,  631,  745,  745,  767,  343,  855,  717,  846,  742,  808,  837,  277, 1026,   57,  936,  413,  642,  597,  879,  588,  532,  579,  255,  884,  730,  677, 1030,  773,  522,  882, 1109,  830,   52,  878,  175,  921,  532,  956,  224, 1004,  672,  427,  473, 1081,  191,  494,  650,  531,  650,  636,  745,  609,  189, 1014,  498,   99,  697,  693,  517,  782,  612, 1011,  642,  744,  656,  140,  736, 1003,  190,  131,  969,  855, 1060,  195,  839,  910,  858, 1020,  281,  710,  542,  506],
        [  177,    0,  441,  688,  650,  450,  302,  680,  399,  404,   71,   69,  487,    0,  331,  668,  454,  360,  235,  254,  279,  263,  384,  265,  422,  596,  531,  622,  201,  474,  235,  525,  436,  586,  508,  581,  215,  311,  264,  545,  485,  423,  330,  611,  432,  253,  697,  737,  342,  348,  362,  255,  219,  303,  302,  295,  641,  509,  559,  277,  297,  335,  356,  380,  129,  489,  262,  663,  475,  337,  282,  197,  516,  681,  178,  142,  574,  123,  540,  700,  672,  639,  524,  503,  229,  322,  433,  293,  232,  543,  248,  409,  257,  326,  363,  312,  564,  543,  474,  166,  536,  549,  726,  222,   69,  144,  270,  661,  289,  354,  563,  341,  136,  610,  637,  641,  460,  544,  350,  700,  295,  766,  408,  570,  503,   61,   93,  609,  303,  351,  232,  283,  484,  445,  457,  411,  341,  659,  336,  391,  378,  211,   31,  308,  374,  541,  162,  258,  222,  400,  668,  624,  297,  456,  488,  415,  574,  292,  449,  630,  492,  544,  481,  462,  276,  414],
        [  171,    0,  262,  851,  934,  767,  338,  730,  168,  121,  369,  358,  775,  331,    0,  938,  241,  563,  180,  583,   60,  204,  710,  464,  102,  878,  666,  644,  401,  474,  405,  584,  441,  797,  688,  497,  507,  308,  527,  864,  815,  197,  602,  593,  146,  397,  905,  949,   12,  183,  618,  538,  507,  148,  618,  601,  605,  413,  803,  582,  583,  661,  489,  320,  450,  599,  539,  667,  804,  499,  390,  412,  426,  716,  466,  257,  559,  421,  726,  697,  577,  903,  838,  249,  428,   55,  625,  308,  562,  308,  102,   79,  168,  147,  331,  642,  504,  830,  164,  491,  817,  847,  962,  201,  265,  200,  524,  866,   45,  213,  489,   32,  254,  792,  531,  868,  737,  286,  667,  901,  317,  976,  735,  575,  764,  377,  407,  508,  585,  654,  128,  308,  750,  709,  661,  680,  660,  755,  636,  690,  584,  260,  307,   96,  316,  460,  273,  184,  120,  716,  946,  699,  592,  772,  378,   84,  381,  591,  558,  801,  616,  436,  810,  692,  554,  719],
        [  831,    0,  868,  344,   61,  295,  954,  593, 1053,  948,  602,  609,  756,  668,  938,    0,  908,  389,  765,  547,  906,  930,  386,  836,  994,   82,  418,  634,  806,  657,  539,  561,  652,  226,  333,  796,  454,  687,  753,  276,  411, 1081,  752,  700,  967,  872,  220,  215,  949,  834,  320,  713,  699,  826,  394,  382,  740,  792,  153,  658,  713,  409,  496,  735,  546,  477,  410,  676,  510,  467,  911,  527,  786,  624,  698,  809,  688,  684,  305,  700,  846,   40,  253,  975,  512,  954,  351,  674,  513, 1204,  837, 1010,  784,  844,  706,  516,  756,  786, 1020,  524,  136,  160,  140,  888,  729,  801,  767,  225,  909, 1020,  776,  961,  804,  296,  848,  158,  780, 1199,  610,  241,  952,  231,  534,  655,  175,  666,  576,  830,  723,  329,  883,  942,  189,  230,  314,  261,  599,  494,  340,  694,  371,  685,  674,  866, 1038,  779,  665,  771,  863,  624,   32,  533,  690,  627,  806, 1011,  939,  679,  491,  320,  450,  817,  485,  262,  395,  279],
        [  363,    0,   44,  735,  919,  810,  569,  554,  399,  130,  457,  444,  939,  454,  241,  908,    0,  520,  220,  696,  283,  436,  779,  663,  185,  864,  552,  461,  594,  307,  389,  433,  288,  723,  603,  276,  549,  223,  703,  906,  893,  424,  775,  394,  120,  607,  819,  864,  240,  107,  608,  703,  668,  155,  674,  644,  396,  200,  758,  731,  747,  732,  413,  176,  535,  479,  562,  472,  908,  441,  609,  424,  214,  532,  625,  448,  366,  572,  641,  496,  346,  869,  874,   68,  423,  295,  561,  239,  660,  515,  236,  240,  198,  134,  204,  748,  294,  996,  157,  578,  807,  855,  896,  422,  408,  377,  704,  782,  269,  454,  275,  268,  442,  695,  300,  803,  909,  482,  802,  810,  548,  888,  848,  391,  739,  514,  494,  280,  752,  687,  345,  537,  731,  692,  599,  671,  792,  605,  668,  845,  537,  268,  424,  173,  556,  247,  314,  197,  323,  852,  923,  542,  749,  907,  164,  232,  141,  745,  446,  697,  503,  212,  908,  646,  574,  748],
        [  487,    0,  481,  330,  400,  345,  660,  382,  697,  561,  290,  291,  689,  360,  563,  389,  520,    0,  385,  400,  539,  598,  361,  602,  610,  345,  190,  363,  549,  304,  160,  260,  287,  237,  150,  451,  192,  298,  558,  427,  470,  726,  595,  397,  579,  607,  349,  391,  573,  446,  108,  528,  498,  441,  266,  224,  438,  425,  244,  504,  552,  332,  116,  350,  283,  182,  151,  412,  530,   80,  640,  169,  422,  397,  475,  493,  371,  434,  182,  447,  523,  352,  390,  587,  143,  587,   74,  285,  348,  850,  463,  630,  402,  457,  320,  416,  415,  739,  632,  294,  291,  347,  399,  557,  401,  462,  569,  310,  540,  681,  429,  589,  486,  252,  510,  306,  687,  838,  515,  348,  651,  420,  500,  347,  220,  387,  286,  487,  562,  232,  531,  639,  214,  177,  101,  163,  501,  328,  217,  596,   21,  305,  352,  484,  724,  424,  295,  388,  507,  556,  403,  314,  537,  593,  432,  631,  564,  527,  162,  271,  170,  455,  517,  131,  148,  272],
        [  180,    0,  208,  673,  765,  619,  402,  572,  331,  192,  241,  229,  720,  235,  180,  765,  220,  385,    0,  479,  169,  286,  576,  459,  231,  709,  489,  493,  389,  323,  228,  419,  286,  617,  509,  387,  354,  142,  488,  716,  688,  361,  558,  455,  217,  414,  725,  769,  189,  114,  448,  485,  450,   73,  475,  451,  475,  305,  627,  511,  529,  527,  310,  183,  322,  424,  378,  523,  695,  320,  424,  243,  316,  562,  407,  250,  419,  353,  547,  557,  477,  730,  687,  272,  255,  212,  446,  136,  446,  481,   86,  246,   24,   96,  181,  532,  382,  777,  266,  366,  649,  685,  783,  255,  193,  181,  490,  686,  164,  342,  374,  208,  243,  612,  436,  690,  691,  463,  582,  721,  384,  797,  632,  427,  591,  294,  280,  409,  534,  500,  192,  371,  579,  538,  482,  511,  573,  586,  481,  625,  406,   81,  205,  102,  422,  347,  108,   25,  164,  633,  775,  534,  530,  688,  277,  246,  343,  526,  382,  623,  440,  337,  696,  515,  392,  564],
        [  420,    0,  676,  695,  509,  266,  447,  780,  626,  657,  240,  252,  291,  254,  583,  547,  696,  400,  479,    0,  529,  474,  175,  296,  676,  466,  589,  748,  284,  638,  372,  643,  605,  557,  529,  770,  213,  515,  207,  342,  247,  647,  212,  762,  685,  348,  654,  684,  594,  590,  331,  166,  156,  550,  164,  197,  800,  711,  491,  115,  170,  139,  465,  589,  166,  577,  250,  795,  222,  428,  388,  319,  715,  791,  167,  353,  729,  180,  548,  832,  857,  530,  334,  750,  343,  569,  460,  496,   53,  757,  501,  661,  502,  573,  565,   61,  744,  344,  727,  127,  415,  396,  647,  439,  319,  387,  221,  625,  540,  563,  749,  591,  352,  609,  830,  581,  287,  767,  120,  665,  451,  712,  154,  715,  421,  207,  203,  802,  180,  232,  474,  444,  399,  375,  464,  343,  107,  727,  230,  196,  409,  433,  281,  561,  543,  733,  384,  500,  469,  167,  536,  713,  149,  217,  699,  667,  803,  138,  548,  636,  568,  746,  229,  437,  254,  270],
        [  113,    0,  297,  839,  898,  722,  287,  737,  163,  173,  323,  313,  716,  279,   60,  906,  283,  539,  169,  529,    0,  154,  662,  405,  161,  842,  656,  655,  342,  484,  380,  586,  448,  775,  671,  523,  465,  308,  468,  818,  764,  193,  543,  609,  200,  339,  885,  928,   69,  207,  586,  479,  449,  162,  573,  558,  625,  438,  775,  524,  524,  612,  475,  333,  402,  592,  501,  681,  750,  480,  334,  381,  451,  725,  408,  198,  574,  363,  708,  713,  607,  872,  794,  300,  400,   49,  605,  304,  511,  314,   84,  133,  164,  169,  339,  588,  526,  771,  223,  442,  781,  807,  937,  145,  211,  143,  465,  846,   16,  183,  513,   63,  195,  776,  562,  844,  678,  300,  610,  882,  267,  956,  680,  587,  732,  323,  360,  537,  526,  612,   70,  256,  717,  676,  639,  646,  604,  754,  595,  631,  560,  242,  257,  117,  277,  484,  245,  180,   62,  658,  911,  701,  533,  715,  404,  141,  424,  532,  550,  787,  608,  464,  757,  666,  516,  677],
        [  116,    0,  448,  918,  913,  706,  135,  852,  157,  324,  329,  322,  608,  263,  204,  930,  436,  598,  286,  474,  154,    0,  632,  278,  301,  859,  744,  776,  227,  608,  447,  697,  570,  833,  742,  665,  477,  425,  360,  798,  720,  174,  433,  740,  350,  204,  945,  986,  210,  354,  619,  382,  358,  304,  560,  557,  760,  581,  816,  438,  424,  584,  559,  466,  390,  687,  522,  808,  686,  554,  189,  429,  593,  844,  323,  125,  704,  295,  777,  842,  752,  900,  780,  452,  456,  156,  669,  416,  471,  285,  215,  256,  291,  316,  466,  534,  664,  659,  364,  421,  798,  811,  982,   42,  202,  137,  354,  907,  169,   92,  654,  188,  129,  846,  708,  894,  564,  293,  531,  945,  114, 1015,  614,  712,  762,  279,  355,  683,  424,  613,   96,  104,  744,  705,  698,  672,  527,  856,  598,  533,  618,  336,  257,  266,  137,  625,  317,  305,  124,  574,  931,  809,  439,  630,  549,  266,  577,  441,  645,  863,  698,  609,  698,  713,  537,  675],
        [  561,    0,  751,  593,  342,   94,  618,  734,  778,  766,  342,  354,  381,  384,  710,  386,  779,  361,  576,  175,  662,  632,    0,  471,  794,  305,  530,  723,  457,  649,  405,  620,  623,  444,  452,  793,  232,  571,  378,  169,  117,  801,  368,  756,  792,  521,  527,  549,  722,  679,  260,  337,  330,  648,  107,  145,  796,  749,  362,  277,  331,   50,  459,  642,  261,  540,  234,  772,  171,  418,  562,  360,  750,  752,  341,  508,  727,  345,  459,  807,  873,  375,  159,  839,  370,  706,  398,  552,  162,  917,  618,  789,  599,  670,  614,  132,  761,  420,  839,  220,  263,  229,  500,  594,  453,  527,  392,  504,  670,  722,  771,  724,  504,  509,  853,  449,  399,  923,  225,  541,  621,  576,  161,  705,  292,  354,  304,  828,  340,  131,  616,  613,  271,  261,  388,  239,  213,  663,  144,  310,  361,  512,  405,  670,  712,  760,  469,  593,  606,  244,  371,  664,  307,  260,  745,  793,  865,  296,  522,  539,  524,  783,  157,  343,  227,  125],
        [  303,    0,  662,  928,  802,  561,  185,  943,  428,  575,  322,  327,  334,  265,  464,  836,  663,  602,  459,  296,  405,  278,  471,    0,  566,  756,  785,  887,   70,  737,  497,  789,  699,  807,  749,  835,  422,  566,  104,  636,  525,  438,  164,  874,  603,   79,  914,  949,  472,  563,  573,  141,  141,  511,  442,  461,  903,  758,  759,  208,  171,  434,  617,  630,  322,  749,  472,  928,  464,  594,  112,  454,  767,  945,  138,  216,  837,  169,  777,  965,  926,  814,  629,  696,  486,  425,  673,  550,  323,  523,  428,  528,  476,  530,  617,  344,  822,  384,  628,  325,  701,  689,  923,  266,  272,  286,   92,  881,  421,  344,  819,  456,  222,  845,  888,  848,  289,  545,  297,  921,  199,  978,  394,  834,  693,  219,  318,  861,  167,  509,  336,  198,  671,  640,  691,  605,  299,  917,  501,  272,  618,  463,  289,  493,  283,  794,  419,  484,  350,  330,  827,  885,  192,  380,  733,  537,  797,  199,  710,  869,  750,  792,  483,  682,  483,  558],
        [  272,    0,  219,  873,  995,  845,  434,  722,  223,   60,  452,  441,  876,  422,  102,  994,  185,  610,  231,  676,  161,  301,  794,  566,    0,  939,  687,  632,  503,  467,  456,  587,  439,  836,  722,  459,  580,  327,  628,  942,  902,  246,  703,  571,   66,  498,  940,  985,   94,  177,  678,  638,  607,  170,  698,  677,  576,  379,  853,  681,  684,  745,  521,  316,  534,  616,  608,  648,  896,  539,  489,  473,  393,  704,  565,  358,  540,  519,  760,  674,  530,  958,  914,  169,  484,  146,  665,  333,  652,  331,  177,   58,  211,  155,  335,  733,  474,  931,   64,  577,  879,  915, 1005,  302,  359,  299,  626,  902,  147,  292,  456,  114,  355,  822,  484,  911,  839,  298,  765,  934,  413, 1011,  829,  561,  820,  472,  491,  464,  686,  727,  230,  404,  809,  767,  702,  741,  757,  761,  709,  790,  630,  310,  396,  130,  399,  427,  337,  224,  221,  813, 1004,  701,  692,  870,  343,   49,  314,  690,  578,  828,  637,  395,  902,  740,  622,  792],
        [  763,    0,  826,  374,   57,  215,  878,  601,  986,  895,  532,  540,  677,  596,  878,   82,  864,  345,  709,  466,  842,  859,  305,  756,  939,    0,  411,  630,  728,  632,  485,  548,  623,  234,  321,  775,  383,  641,  672,  205,  335, 1014,  671,  690,  916,  794,  264,  271,  888,  785,  262,  632,  619,  772,  315,  306,  730,  763,  141,  577,  632,  328,  458,  695,  472,  460,  342,  675,  433,  425,  833,  467,  758,  629,  619,  737,  674,  606,  301,  702,  833,   76,  178,  930,  455,  890,  321,  627,  433, 1136,  777,  951,  728,  791,  665,  434,  736,  709,  968,  448,   62,   82,  206,  817,  659,  732,  687,  258,  846,  949,  754,  899,  732,  310,  830,  190,  700, 1133,  529,  284,  877,  293,  455,  643,  127,  591,  504,  810,  641,  251,  816,  866,  133,  173,  286,  199,  518,  506,  264,  614,  329,  630,  605,  810,  963,  754,  606,  716,  797,  544,   73,  536,  609,  549,  773,  953,  906,  598,  468,  338,  434,  790,  409,  228,  327,  198],
        [  629,    0,  509,  187,  454,  493,  824,  206,  819,  631,  465,  463,  876,  531,  666,  418,  552,  190,  489,  589,  656,  744,  530,  785,  687,  411,    0,  219,  727,  259,  302,  146,  267,  196,   91,  384,  382,  362,  746,  556,  629,  849,  785,  283,  642,  783,  273,  316,  674,  511,  272,  717,  687,  525,  447,  405,  322,  396,  272,  694,  742,  510,  185,  380,  470,   74,  340,  265,  701,  195,  812,  334,  387,  228,  661,  653,  272,  618,  114,  294,  429,  380,  518,  617,  303,  701,  133,  359,  537,  969,  574,  720,  499,  534,  356,  601,  344,  925,  693,  483,  377,  447,  361,  705,  561,  610,  757,  237,  653,  819,  365,  695,  645,  147,  433,  276,  876,  951,  702,  261,  813,  338,  679,  238,  298,  567,  468,  417,  751,  400,  664,  800,  307,  289,  145,  298,  688,  138,  389,  784,  180,  417,  517,  575,  877,  373,  428,  482,  638,  741,  444,  136,  727,  776,  418,  718,  547,  717,  110,  145,   51,  415,  685,  202,  335,  421],
        [  665,    0,  420,  339,  672,  699,  882,   94,  810,  572,  570,  563, 1039,  622,  644,  634,  461,  363,  493,  748,  655,  776,  723,  887,  632,  630,  219,    0,  822,  172,  395,  106,  208,  409,  310,  214,  536,  352,  871,  769,  830,  840,  922,   82,  573,  867,  461,  499,  649,  464,  465,  849,  815,  498,  628,  586,  113,  266,  490,  840,  882,  695,  285,  324,  602,  185,  506,   49,  892,  320,  888,  444,  253,   72,  782,  715,   97,  731,  331,   85,  226,  596,  731,  515,  414,  691,  334,  361,  696,  950,  573,  678,  492,  498,  316,  772,  179, 1091,  618,  628,  595,  665,  560,  743,  629,  656,  879,  433,  646,  834,  203,  675,  707,  345,  244,  484, 1030,  923,  867,  444,  867,  514,  861,   71,  516,  672,  586,  238,  890,  593,  684,  854,  523,  501,  357,  505,  853,  171,  580,  942,  363,  445,  600,  549,  913,  225,  478,  476,  656,  911,  660,  110,  871,  952,  300,  673,  405,  862,  203,  329,  205,  268,  879,  417,  506,  626],
        [  237,    0,  592,  877,  777,  544,  164,  880,  382,  509,  263,  266,  381,  201,  401,  806,  594,  549,  389,  284,  342,  227,  457,   70,  503,  728,  727,  822,    0,  670,  435,  725,  631,  762,  697,  766,  376,  497,  133,  625,  525,  396,  206,  807,  537,   66,  871,  907,  410,  493,  529,  158,  141,  442,  414,  427,  836,  688,  720,  220,  199,  416,  556,  560,  275,  688,  426,  862,  477,  535,  106,  394,  697,  881,  117,  149,  770,  124,  726,  898,  857,  783,  615,  629,  427,  366,  621,  481,  300,  492,  360,  469,  406,  462,  548,  339,  753,  434,  565,  285,  671,  667,  886,  208,  202,  218,  127,  836,  357,  303,  750,  396,  154,  795,  819,  807,  340,  509,  313,  876,  172,  937,  404,  768,  656,  162,  263,  791,  198,  478,  274,  166,  635,  601,  641,  566,  312,  858,  468,  307,  566,  394,  222,  425,  262,  725,  350,  414,  285,  353,  800,  824,  215,  407,  663,  477,  728,  218,  649,  818,  691,  722,  492,  636,  439,  532],
        [  498,    0,  264,  434,  683,  647,  717,  257,  639,  407,  431,  423,  923,  474,  474,  657,  307,  304,  323,  638,  484,  608,  649,  737,  467,  632,  259,  172,  670,    0,  267,  126,   39,  448,  328,  147,  434,  184,  733,  731,  764,  669,  791,  138,  412,  710,  531,  574,  479,  295,  412,  716,  681,  327,  545,  505,  168,  138,  505,  717,  753,  613,  193,  154,  479,  188,  418,  201,  810,  234,  729,  320,  130,  242,  644,  553,  101,  591,  362,  235,  224,  618,  694,  368,  295,  520,  311,  195,  589,  780,  402,  511,  322,  328,  145,  672,  112,  978,  459,  512,  585,  647,  618,  576,  471,  491,  740,  495,  475,  663,  125,  505,  545,  405,  206,  529,  909,  754,  757,  518,  701,  596,  768,  105,  507,  529,  455,  183,  760,  528,  515,  688,  507,  475,  347,  466,  744,  298,  511,  825,  314,  281,  449,  378,  744,  123,  320,  306,  487,  805,  679,  236,  745,  851,  160,  506,  289,  737,  167,  401,  214,  160,  802,  405,  423,  574],
        [  333,    0,  356,  472,  541,  425,  523,  447,  539,  411,  176,  171,  657,  235,  405,  539,  389,  160,  228,  372,  380,  447,  405,  497,  456,  485,  302,  395,  435,  267,    0,  294,  234,  396,  296,  400,  176,  170,  477,  519,  521,  568,  530,  396,  432,  487,  506,  549,  415,  302,  224,  456,  421,  288,  298,  262,  431,  347,  400,  451,  490,  362,  122,  238,  213,  255,  176,  439,  555,  108,  514,   53,  349,  450,  388,  352,  361,  338,  332,  476,  486,  502,  486,  454,   35,  428,  226,  152,  323,  692,  304,  473,  246,  307,  210,  409,  373,  711,  484,  245,  426,  468,  558,  407,  260,  311,  485,  467,  380,  526,  379,  430,  344,  401,  460,  465,  643,  679,  491,  504,  512,  577,  506,  350,  365,  279,  192,  433,  498,  300,  374,  499,  353,  313,  259,  288,  478,  425,  282,  559,  180,  147,  218,  329,  578,  364,  137,  233,  350,  539,  549,  390,  481,  586,  341,  474,  461,  472,  215,  416,  260,  382,  549,  288,  187,  360],
        [  583,    0,  389,  310,  594,  599,  795,  158,  746,  528,  469,  464,  933,  525,  584,  561,  433,  260,  419,  643,  586,  697,  620,  789,  587,  548,  146,  106,  725,  126,  294,    0,  148,  342,  229,  239,  430,  279,  769,  674,  728,  776,  819,  144,  534,  773,  414,  456,  590,  412,  364,  746,  712,  437,  523,  481,  185,  258,  412,  735,  778,  590,  180,  272,  498,   88,  400,  154,  788,  215,  797,  341,  248,  157,  680,  626,  128,  631,  258,  190,  286,  523,  636,  494,  311,  626,  238,  284,  591,  891,  503,  627,  423,  442,  255,  667,  199,  986,  583,  523,  507,  575,  506,  661,  537,  571,  778,  381,  580,  761,  221,  615,  618,  290,  288,  422,  925,  868,  761,  400,  781,  476,  755,   96,  428,  572,  483,  271,  786,  491,  608,  768,  433,  407,  266,  407,  747,  175,  476,  837,  261,  361,  504,  489,  833,  231,  389,  406,  580,  805,  586,  116,  766,  846,  284,  624,  409,  757,   98,  282,  114,  274,  776,  326,  401,  526],
        [  460,    0,  244,  448,  675,  625,  679,  290,  605,  380,  395,  386,  889,  436,  441,  652,  288,  287,  286,  605,  448,  570,  623,  699,  439,  623,  267,  208,  631,   39,  234,  148,    0,  449,  329,  170,  404,  146,  696,  712,  738,  635,  755,  176,  386,  671,  538,  582,  447,  265,  393,  679,  644,  293,  518,  479,  206,  140,  500,  681,  716,  585,  172,  124,  445,  194,  391,  239,  782,  212,  690,  286,  136,  277,  607,  514,  140,  553,  364,  273,  253,  613,  675,  351,  264,  485,  303,  156,  557,  748,  366,  481,  285,  296,  110,  641,  140,  944,  435,  479,  573,  632,  621,  538,  432,  452,  703,  501,  440,  627,  149,  472,  506,  413,  230,  530,  873,  723,  724,  527,  663,  605,  737,  143,  497,  491,  419,  205,  724,  504,  478,  650,  495,  461,  340,  450,  711,  322,  487,  791,  298,  243,  411,  345,  707,  139,  282,  269,  449,  772,  672,  262,  709,  819,  155,  477,  287,  702,  166,  412,  220,  169,  774,  396,  397,  554],
        [  723,    0,  681,  152,  269,  378,  887,  370,  933,  783,  516,  518,  821,  586,  797,  226,  723,  237,  617,  557,  775,  833,  444,  807,  836,  234,  196,  409,  762,  448,  396,  342,  449,    0,  121,  579,  387,  512,  746,  415,  518,  963,  767,  477,  799,  825,  112,  154,  806,  665,  235,  710,  687,  667,  394,  361,  516,  585,   97,  671,  724,  442,  316,  548,  488,  261,  336,  451,  606,  299,  860,  404,  577,  400,  672,  724,  468,  641,   86,  475,  624,  189,  379,  789,  379,  822,  172,  504,  509, 1086,  698,  861,  632,  681,  520,  548,  539,  862,  851,  484,  219,  291,  173,  791,  634,  697,  759,   75,  775,  917,  560,  823,  717,   77,  629,   82,  832, 1074,  653,  115,  880,  183,  604,  434,  156,  604,  503,  612,  734,  329,  767,  868,  175,  185,  137,  215,  639,  273,  328,  739,  217,  537,  582,  713,  956,  566,  532,  617,  744,  682,  253,  309,  705,  703,  603,  860,  735,  694,  284,  106,  234,  607,  586,  126,  325,  320],
        [  629,    0,  561,  180,  366,  408,  808,  292,  832,  668,  440,  440,  811,  508,  688,  333,  603,  150,  509,  529,  671,  742,  452,  749,  722,  321,   91,  310,  697,  328,  296,  229,  329,  121,    0,  464,  333,  396,  701,  467,  546,  862,  733,  370,  682,  757,  219,  264,  697,  549,  201,  669,  641,  554,  377,  337,  411,  465,  183,  639,  689,  437,  201,  428,  428,  144,  285,  356,  623,  191,  789,  316,  458,  317,  620,  640,  356,  581,   39,  385,  515,  294,  429,  670,  287,  717,   77,  389,  478,  984,  591,  749,  522,  567,  401,  534,  424,  857,  734,  435,  286,  356,  294,  701,  548,  606,  713,  181,  669,  822,  444,  716,  633,  106,  515,  202,  815,  970,  638,  213,  799,  290,  606,  324,  207,  536,  434,  498,  699,  324,  670,  787,  217,  202,   66,  216,  624,  212,  316,  722,  132,  430,  500,  602,  870,  448,  431,  506,  645,  674,  357,  224,  673,  704,  483,  748,  615,  662,  163,  123,  118,  488,  605,  114,  278,  338],
        [  565,    0,  241,  540,  824,  793,  787,  306,  662,  401,  549,  539, 1050,  581,  497,  796,  276,  451,  387,  770,  523,  665,  793,  835,  459,  775,  384,  214,  766,  147,  400,  239,  170,  579,  464,    0,  572,  271,  845,  877,  908,  690,  908,  134,  395,  797,  652,  693,  499,  316,  558,  832,  796,  362,  688,  648,  123,   85,  644,  840,  871,  754,  339,  207,  607,  320,  560,  209,  951,  380,  810,  451,   73,  277,  757,  635,  121,  702,  494,  226,   92,  757,  840,  318,  431,  549,  455,  289,  722,  788,  450,  512,  377,  354,  219,  808,   41, 1105,  432,  643,  729,  792,  744,  639,  564,  567,  850,  619,  511,  704,   22,  527,  627,  528,   61,  660, 1031,  756,  888,  637,  769,  712,  905,  156,  651,  639,  577,   36,  878,  673,  569,  757,  651,  620,  489,  613,  875,  381,  656,  951,  460,  373,  553,  407,  797,   41,  420,  364,  542,  937,  818,  317,  866,  985,  120,  505,  193,  859,  308,  519,  347,   65,  943,  548,  566,  720],
