{
    "name": "random-11-23982",
    "comment": "size=11 seed=23982",
    "nodes": ["+0", "-0", "+1", "-1", "+2", "-2", "+3", "-3", "+4", "-4", "+5", "-5", "+6", "-6", "+7", "-7", "+8", "-8", "+9", "-9", "+10", "-10", "+11", "-11"],
    "precedence": {
        "+0": "-0",
        "+1": "-1",
        "+2": "-2",
        "+3": "-3",
        "+4": "-4",
        "+5": "-5",
        "+6": "-6",
        "+7": "-7",
        "+8": "-8",
        "+9": "-9",
        "+10": "-10",
        "+11": "-11"
    },
    "edges": [
        [    0,    0,  335,  848,  319,  189,  255,  834,  183,  244,  309,  513,  548,  176,  425,  289,   97,  818,  303,  148,  377,  633,   69,  324],
        [    0,    0,  335,  848,  319,  189,  255,  834,  183,  244,  309,  513,  548,  176,  425,  289,   97,  818,  303,  148,  377,  633,   69,  324],
        [  335,  335,    0,  702,  569,  522,  568,  845,  478,  545,  616,  184,  809,  397,  654,  419,  429,  747,  554,  205,  582,  511,  390,  652],
        [  848,  848,  702,    0,  787,  989,  910,  395,  835,  870,  919,  735,  909,  732,  773,  618,  890,  187,  784,  822,  713,  216,  847, 1008],
        [  319,  319,  569,  787,    0,  298,  151,  629,  145,  118,  138,  750,  241,  174,  109,  196,  259,  688,   16,  445,   91,  591,  254,  233],
        [  189,  189,  522,  989,  298,    0,  159,  908,  171,  182,  207,  697,  471,  259,  399,  380,  106,  931,  287,  326,  384,  776,  152,  170],
        [  255,  255,  568,  910,  151,  159,    0,  778,   95,   41,   56,  751,  316,  201,  244,  293,  165,  827,  144,  400,  242,  704,  187,  102],
        [  834,  834,  845,  395,  629,  908,  778,    0,  737,  741,  764,  951,  647,  667,  564,  546,  832,  208,  635,  876,  539,  392,  801,  859],
        [  183,  183,  478,  835,  145,  171,   95,  737,    0,   68,  139,  661,  366,  110,  253,  218,  114,  765,  131,  321,  221,  626,  114,  192],
        [  244,  244,  545,  870,  118,  182,   41,  741,   68,    0,   72,  728,  310,  167,  218,  254,  163,  787,  109,  387,  207,  665,  175,  140],
        [  309,  309,  616,  919,  138,  207,   56,  764,  139,   72,    0,  799,  264,  236,  212,  311,  220,  826,  137,  454,  226,  719,  241,   96],
        [  513,  513,  184,  735,  750,  697,  751,  951,  661,  728,  799,    0,  988,  579,  831,  589,  608,  821,  735,  373,  757,  580,  571,  833],
        [  548,  548,  809,  909,  241,  471,  316,  647,  366,  310,  264,  988,    0,  414,  164,  411,  472,  770,  257,  682,  241,  743,  480,  326],
        [  176,  176,  397,  732,  174,  259,  201,  667,  110,  167,  236,  579,  414,    0,  269,  124,  167,  674,  159,  279,  209,  520,  134,  301],
        [  425,  425,  654,  773,  109,  399,  244,  564,  253,  218,  212,  831,  164,  269,    0,  248,  367,  652,  124,  546,   78,  594,  362,  303],
        [  289,  289,  419,  618,  196,  380,  293,  546,  218,  254,  311,  589,  411,  124,  248,    0,  291,  551,  187,  358,  171,  412,  256,  393],
        [   97,   97,  429,  890,  259,  106,  165,  832,  114,  163,  220,  608,  472,  167,  367,  291,    0,  840,  244,  243,  333,  675,   46,  228],
        [  818,  818,  747,  187,  688,  931,  827,  208,  765,  787,  826,  821,  770,  674,  652,  551,  840,    0,  690,  824,  605,  242,  801,  919],
        [  303,  303,  554,  784,   16,  287,  144,  635,  131,  109,  137,  735,  257,  159,  124,  187,  244,  690,    0,  429,   99,  587,  239,  230],
        [  148,  148,  205,  822,  445,  326,  400,  876,  321,  387,  454,  373,  682,  279,  546,  358,  243,  824,  429,    0,  486,  612,  214,  471],
        [  377,  377,  582,  713,   91,  384,  242,  539,  221,  207,  226,  757,  241,  209,   78,  171,  333,  605,   99,  486,    0,  527,  319,  321],
        [  633,  633,  511,  216,  591,  776,  704,  392,  626,  665,  719,  580,  743,  520,  594,  412,  675,  242,  587,  612,  527,    0,  632,  804],
        [   69,   69,  390,  847,  254,  152,  187,  801,  114,  175,  241,  571,  480,  134,  362,  256,   46,  801,  239,  214,  319,  632,    0,  263],
        [  324,  324,  652, 1008,  233,  170,  102,  859,  192,  140,   96,  833,  326,  301,  303,  393,  228,  919,  230,  471,  321,  804,  263,    0]
    ]
}
