{
    "name": "random-97-32537",
    "comment": "size=97 seed=32537",
    "nodes": ["+0", "-0", "+1", "-1", "+2", "-2", "+3", "-3", "+4", "-4", "+5", "-5", "+6", "-6", "+7", "-7", "+8", "-8", "+9", "-9", "+10", "-10", "+11", "-11", "+12", "-12", "+13", "-13", "+14", "-14", "+15", "-15", "+16", "-16", "+17", "-17", "+18", "-18", "+19", "-19", "+20", "-20", "+21", "-21", "+22", "-22", "+23", "-23", "+24", "-24", "+25", "-25", "+26", "-26", "+27", "-27", "+28", "-28", "+29", "-29", "+30", "-30", "+31", "-31", "+32", "-32", "+33", "-33", "+34", "-34", "+35", "-35", "+36", "-36", "+37", "-37", "+38", "-38", "+39", "-39", "+40", "-40", "+41", "-41", "+42", "-42", "+43", "-43", "+44", "-44", "+45", "-45", "+46", "-46", "+47", "-47", "+48", "-48", "+49", "-49", "+50", "-50", "+51", "-51", "+52", "-52", "+53", "-53", "+54", "-54", "+55", "-55", "+56", "-56", "+57", "-57", "+58", "-58", "+59", "-59", "+60", "-60", "+61", "-61", "+62", "-62", "+63", "-63", "+64", "-64", "+65", "-65", "+66", "-66", "+67", "-67", "+68", "-68", "+69", "-69", "+70", "-70", "+71", "-71", "+72", "-72", "+73", "-73", "+74", "-74", "+75", "-75", "+76", "-76", "+77", "-77", "+78", "-78", "+79", "-79", "+80", "-80", "+81", "-81", "+82", "-82", "+83", "-83", "+84", "-84", "+85", "-85", "+86", "-86", "+87", "-87", "+88", "-88", "+89", "-89", "+90", "-90", "+91", "-91", "+92", "-92", "+93", "-93", "+94", "-94", "+95", "-95", "+96", "-96", "+97", "-97"],
    "precedence": {
        "+0": "-0",
        "+1": "-1",
        "+2": "-2",
        "+3": "-3",
        "+4": "-4",
        "+5": "-5",
        "+6": "-6",
        "+7": "-7",
        "+8": "-8",
        "+9": "-9",
        "+10": "-10",
        "+11": "-11",
        "+12": "-12",
        "+13": "-13",
        "+14": "-14",
        "+15": "-15",
        "+16": "-16",
        "+17": "-17",
        "+18": "-18",
        "+19": "-19",
        "+20": "-20",
        "+21": "-21",
        "+22": "-22",
        "+23": "-23",
        "+24": "-24",
        "+25": "-25",
        "+26": "-26",
        "+27": "-27",
        "+28": "-28",
        "+29": "-29",
        "+30": "-30",
        "+31": "-31",
        "+32": "-32",
        "+33": "-33",
        "+34": "-34",
        "+35": "-35",
        "+36": "-36",
        "+37": "-37",
        "+38": "-38",
        "+39": "-39",
        "+40": "-40",
        "+41": "-41",
        "+42": "-42",
        "+43": "-43",
        "+44": "-44",
        "+45": "-45",
        "+46": "-46",
        "+47": "-47",
        "+48": "-48",
        "+49": "-49",
        "+50": "-50",
        "+51": "-51",
        "+52": "-52",
        "+53": "-53",
        "+54": "-54",
        "+55": "-55",
        "+56": "-56",
        "+57": "-57",
        "+58": "-58",
        "+59": "-59",
        "+60": "-60",
        "+61": "-61",
        "+62": "-62",
        "+63": "-63",
        "+64": "-64",
        "+65": "-65",
        "+66": "-66",
        "+67": "-67",
        "+68": "-68",
        "+69": "-69",
        "+70": "-70",
        "+71": "-71",
        "+72": "-72",
        "+73": "-73",
        "+74": "-74",
        "+75": "-75",
        "+76": "-76",
        "+77": "-77",
        "+78": "-78",
        "+79": "-79",
        "+80": "-80",
        "+81": "-81",
        "+82": "-82",
        "+83": "-83",
        "+84": "-84",
        "+85": "-85",
        "+86": "-86",
        "+87": "-87",
        "+88": "-88",
        "+89": "-89",
        "+90": "-90",
        "+91": "-91",
        "+92": "-92",
        "+93": "-93",
        "+94": "-94",
        "+95": "-95",
        "+96": "-96",
        "+97": "-97"
    },
    "edges": [
        [    0,    0,  638,  378,  300,  361,  158,  736,  603,  419,  371,  486,  682,  515,  315,  473,  258,  733,  716,  790,  722,  657,  358,  966,  757,  732,  358,  589,  182,  327,  561,  227,  352,   96,  858,  553,  190,  466,  674,  276,  192,  564,  521,  331,  411,  245,  541,  294,  217,  184,  588,  564,  749,  655,  579,  470,  248,  131,  570,  214,  628,  231,  317,  743,  358,   92,  659,  819,  837,  375,  412,  500,   80,  567,  635,  218,  254,  137,  645,  405,  471,  754,  358,  113,  480,  742,  247,  742,  242,  682,  308,  806,  842,  360,  526,  873,  197,  720,   93,  476,  244,  584,  376,  368,  363,  311,  587,  361,  247,  685,  540,  487,  363,  552,  329,  695,  784,  609,  735,  796,  542,  613,  758,  738,  643,  645,  285,  362,  409,  186,  104,  315,  560,  198,  382,  740,  532,  626,  762,  113,  539,  648,  282,  547,  869,  673,  843,  914,  690,  551,  623,  436,  550,  611,  167,  203,  627,  540,  442,  726,  220,  695,  761,  462,  465,  571,  510,  440,  257,  753,  522,  221,  562,  411,  604,  163,  205,  496,  757,  466,  159,  236,  124,  299,  308,  476,  176,  178,  264,  599,  814,  559,  663,  846,  712,  169],
        [    0,    0,    0,    0,    0,    0,    0,    0,    0,    0,    0,    0,    0,    0,    0,    0,    0,    0,    0,    0,    0,    0,    0,    0,    0,    0,    0,    0,    0,    0,    0,    0,    0,    0,    0,    0,    0,    0,    0,    0,    0,    0,    0,    0,    0,    0,    0,    0,    0,    0,    0,    0,    0,    0,    0,    0,    0,    0,    0,    0,    0,    0,    0,    0,    0,    0,    0,    0,    0,    0,    0,    0,    0,    0,    0,    0,    0,    0,    0,    0,    0,    0,    0,    0,    0,    0,    0,    0,    0,    0,    0,    0,    0,    0,    0,    0,    0,    0,    0,    0,    0,    0,    0,    0,    0,    0,    0,    0,    0,    0,    0,    0,    0,    0,    0,    0,    0,    0,    0,    0,    0,    0,    0,    0,    0,    0,    0,    0,    0,    0,    0,    0,    0,    0,    0,    0,    0,    0,    0,    0,    0,    0,    0,    0,    0,    0,    0,    0,    0,    0,    0,    0,    0,    0,    0,    0,    0,    0,    0,    0,    0,    0,    0,    0,    0,    0,    0,    0,    0,    0,    0,    0,    0,    0,    0,    0,    0,    0,    0,    0,    0,    0,    0,    0,    0,    0,    0,    0,    0,    0,    0,    0,    0,    0,    0,    0],
        [  638,    0,    0,  302,  751,  609,  513,  588,  277,  889,  358,  163,  150,  125,  656,  364,  437,  694,  581,  180,   90,  184,  281,  642,  126,  309,  743,  801,  521,  576,  924,  832,  397,  685,  586,  501,  460,  733,   47,  448,  493,  855,  842,  417,  242,  801,  168,  618,  743,  724,  150,  221,  627,  537,  143,  478,  636,  692,  196,  830,  190,  463,  584,  521,  509,  596,  246,  263,  690,  275,  260,  932,  707,  133,  245,  600,  387,  770,   54,  781,  422,  284,  506,  751,  737,  687,  795,  118,  725,   56,  613,  304,  634,  392,  128,  569,  722,  293,  719,  188,  438,  772,  515,  730,  440,  637,  999,  289,  689,  295,  184,  631,  698,  896,  334,   62,  562,  289,  486,  360,  274,  912,  206,  104,  160,  713,  739,  350,  912,  795,  723,  651,  494,  589,  487,  164,  695,  501,  155,  747,  902,  261,  408,  372,  591,   41,  489,  546,  517,  186, 1001,  404,  858,  794,  803,  789,  630,  993,  360,  398,  799,  698,  596,  589,  884,  995,  552,  355,  613,  654,  124,  418,  387,  362,  660,  766,  698,  144,  505,  330,  506,  819,  585,  692,  817,  325,  675,  685,  769,  595,  348,  695,  315,  633,   75,  512],
        [  378,    0,  302,    0,  582,  319,  229,  688,  235,  723,  293,  139,  308,  204,  357,  383,  140,  752,  674,  478,  391,  280,  122,  836,  427,  361,  445,  748,  228,  281,  812,  597,  105,  403,  750,  533,  188,  646,  325,  311,  303,  770,  742,  120,  186,  504,  293,  318,  445,  428,  214,  352,  719,  613,  207,  468,  473,  467,  193,  588,  385,  168,  464,  652,  425,  368,  439,  442,  801,  176,  220,  788,  433,  295,  422,  429,  140,  514,  290,  649,  426,  378,  422,  486,  655,  752,  587,  418,  538,  355,  315,  429,  771,  320,  174,  748,  516,  505,  443,  224,  145,  727,  440,  597,  155,  503,  868,  176,  514,  484,  164,  586,  572,  790,   51,  363,  698,  430,  626,  586,  370,  828,  382,  405,  267,  720,  438,  275,  732,  557,  444,  516,  532,  290,  421,  369,  652,  575,  451,  475,  788,  440,  266,  441,  758,  327,  685,  754,  620,  316,  886,  160,  765,  755,  544,  562,  658,  842,  355,  568,  576,  736,  706,  544,  742,  858,  544,  121,  312,  738,  178,  184,  461,  103,  665,  480,  503,  189,  649,  126,  225,  595,  370,  391,  628,  132,  473,  482,  578,  621,  589,  666,  299,  772,  374,  225],
        [  300,    0,  751,  582,    0,  658,  423,  591,  815,  143,  398,  639,  844,  631,  614,  445,  508,  538,  571,  857,  817,  834,  502,  852,  846,  937,  654,  321,  459,  620,  261,  206,  600,  382,  740,  432,  422,  205,  796,  305,  281,  273,  227,  585,  513,  505,  604,  593,  498,  468,  759,  592,  588,  522,  747,  371,  116,  173,  757,  231,  661,  488,  184,  630,  270,  239,  667,  985,  667,  484,  492,  210,  339,  639,  644,  156,  443,  266,  778,  111,  407,  946,  272,  301,  219,  552,  114,  826,   59,  778,  606,  992,  698,  366,  674,  766,  108,  712,  345,  564,  490,  326,  276,   95,  627,  131,  295,  471,   69,  671,  722,  289,  114,  254,  532,  795,  660,  598,  638,  770,  547,  317,  921,  833,  814,  425,  577,  403,  161,  208,  361,  119,  444,  495,  301,  892,  302,  509,  831,  332,  239,  649,  347,  499,  750,  791,  766,  829,  571,  600,  325,  691,  257,  349,  287,  168,  444,  261,  427,  669,  157,  491,  616,  291,  169,  281,  362,  679,  556,  580,  664,  399,  505,  651,  402,  410,   96,  615,  654,  697,  420,  165,  222,  597,   79,  707,  127,  123,   61,  430,  798,  333,  880,  704,  815,  438],
        [  361,    0,  609,  319,  658,    0,  252,  963,  421,  779,  549,  454,  568,  523,   76,  657,  224, 1001,  946,  789,  697,  524,  412, 1141,  732,  536,  146,  920,  212,   45,  918,  566,  216,  304, 1048,  789,  286,  800,  624,  509,  448,  910,  870,  200,  487,  299,  609,   71,  247,  255,  487,  663,  988,  883,  486,  711,  585,  491,  445,  543,  702,  220,  625,  941,  628,  424,  754,  672, 1075,  464,  513,  861,  354,  614,  736,  545,  335,  459,  586,  757,  685,  575,  626,  416,  813, 1005,  605,  726,  601,  664,   55,  628, 1057,  562,  483, 1050,  557,  821,  356,  537,  238,  908,  647,  715,  170,  640,  948,  457,  599,  797,  437,  786,  703,  907,  311,  670,  987,  737,  920,  903,  672,  963,  625,  710,  524,  940,  185,  531,  768,  528,  345,  648,  792,  164,  638,  630,  844,  847,  763,  387,  895,  754,  480,  726, 1056,  628,  994, 1065,  901,  630,  982,  220,  899,  936,  471,  554,  897,  900,  625,  875,  573,  974,  984,  750,  825,  931,  775,  263,  106, 1001,  491,  354,  746,  250,  890,  339,  562,  508,  944,  293,  259,  586,  448,  123,  668,  301,  531,  535,  624,  862,  907,  866,  457, 1059,  678,  237],
        [  158,    0,  513,  229,  423,  252,    0,  732,  447,  555,  324,  353,  537,  395,  236,  436,  101,  757,  714,  678,  600,  508,  243,  934,  636,  577,  310,  669,   41,  210,  678,  384,  195,  175,  833,  552,   57,  549,  544,  264,  196,  663,  625,  175,  312,  294,  446,  201,  240,  216,  443,  484,  753,  650,  435,  471,  338,  272,  420,  371,  539,   74,  373,  721,  379,  185,  581,  670,  842,  278,  325,  631,  204,  465,  559,  296,  134,  292,  512,  514,  453,  601,  378,  260,  562,  763,  394,  623,  369,  561,  210,  653,  832,  330,  392,  841,  333,  647,  215,  375,   88,  656,  398,  469,  210,  389,  717,  266,  359,  616,  393,  535,  454,  664,  184,  573,  766,  546,  706,  727,  477,  716,  611,  616,  496,  690,  266,  310,  553,  343,  216,  398,  556,  112,  392,  597,  592,  616,  650,  247,  655,  575,  244,  510,  843,  544,  797,  868,  675,  462,  747,  281,  652,  684,  319,  357,  652,  677,  403,  676,  373,  727,  755,  501,  591,  703,  530,  283,  171,  763,  391,  126,  528,  254,  641,  255,  330,  377,  729,  309,    9,  391,  203,  245,  448,  319,  298,  304,  400,  619,  739,  614,  506,  835,  587,   17],
        [  736,    0,  588,  688,  591,  963,  732,    0,  827,  661,  415,  615,  737,  548,  965,  309,  740,  133,   21,  552,  585,  763,  569,  265,  592,  892, 1042,  385,  768,  918,  577,  783,  780,  829,  156,  184,  685,  419,  627,  473,  553,  478,  500,  784,  503,  979,  442,  928,  943,  911,  705,  376,   42,   83,  693,  267,  531,  678,  739,  802,  399,  745,  440,   85,  379,  645,  349,  839,  114,  514,  469,  646,  812,  467,  345,  537,  629,  799,  640,  529,  280,  870,  379,  812,  410,  119,  698,  570,  614,  568,  934,  890,  109,  404,  622,  190,  652,  330,  824,  483,  726,  354,  362,  505,  831,  476,  666,  517,  574,  307,  708,  304,  478,  544,  670,  582,   81,  300,  120,  322,  334,  514,  790,  594,  738,  229,  991,  432,  705,  769,  838,  482,  178,  844,  355,  745,  316,  117,  542,  832,  566,  331,  489,  248,  166,  618,  229,  269,   72,  417,  637,  847,  494,  358,  830,  737,  159,  703,  340,  215,  733,  168,   26,  301,  608,  675,  235,  804,  901,   72,  606,  613,  228,  791,  212,  897,  619,  548,  115,  799,  724,  747,  614,  976,  667,  801,  623,  631,  646,  163,  358,  290,  881,  114,  602,  745],
        [  603,    0,  277,  235,  815,  421,  447,  827,    0,  957,  487,  217,  166,  280,  487,  548,  347,  915,  816,  438,  343,  116,  325,  914,  370,  130,  566,  957,  433,  403, 1038,  827,  260,  611,  850,  702,  416,  864,  264,  532,  535,  989,  965,  283,  353,  683,  386,  457,  623,  615,  129,  453,  863,  763,  139,  652,  704,  700,   89,  816,  449,  376,  687,  771,  636,  601,  508,  251,  936,  365,  389, 1019,  648,  365,  501,  661,  374,  738,  230,  877,  602,  159,  633,  706,  872,  912,  821,  375,  772,  325,  447,  213,  889,  519,  206,  837,  751,  563,  657,  349,  360,  934,  649,  825,  274,  729, 1098,  372,  747,  558,  120,  789,  799, 1015,  285,  323,  815,  533,  739,  635,  494, 1047,  208,  350,  129,  906,  590,  471,  967,  786,  655,  743,  698,  473,  625,  221,  856,  724,  418,  691, 1014,  519,  486,  586,  856,  272,  760,  820,  756,  411, 1114,  205,  986,  959,  765,  794,  833, 1074,  529,  659,  809,  908,  840,  746,  973, 1088,  731,  174,  468,  887,  222,  419,  605,  200,  851,  681,  737,  281,  760,  144,  445,  827,  604,  532,  862,  133,  707,  716,  812,  796,  624,  865,   66,  889,  319,  438],
        [  419,    0,  889,  723,  143,  779,  555,  661,  957,    0,  532,  780,  985,  771,  729,  566,  645,  582,  642,  986,  951,  976,  644,  925,  980, 1079,  757,  320,  590,  745,  176,  251,  738,  487,  815,  526,  560,  243,  934,  444,  423,  239,  194,  722,  653,  589,  737,  712,  594,  566,  901,  719,  649,  602,  888,  478,  257,  289,  899,  281,  788,  623,  309,  713,  393,  372,  788, 1126,  720,  624,  630,   87,  439,  773,  765,  298,  584,  347,  917,  134,  522, 1088,  396,  388,  253,  599,  179,  959,  189,  913,  726, 1134,  763,  500,  815,  845,  224,  827,  443,  701,  627,  339,  394,  172,  763,  255,  172,  612,  211,  787,  864,  361,  205,  187,  674,  930,  736,  717,  727,  878,  672,  258, 1062,  967,  956,  461,  677,  539,   48,  275,  457,  241,  538,  616,  421, 1032,  347,  597,  961,  421,  163,  769,  488,  612,  826,  929,  857,  915,  654,  731,  216,  828,  218,  353,  355,  238,  504,  123,  553,  771,  220,  533,  685,  379,   75,  154,  450,  819,  674,  636,  805,  540,  615,  791,  454,  497,  226,  755,  740,  838,  553,  214,  360,  706,  112,  847,  258,  252,  156,  499,  909,  377, 1022,  769,  951,  570],
        [  371,    0,  358,  293,  398,  549,  324,  415,  487,  532,    0,  277,  469,  246,  553,  112,  325,  463,  398,  462,  420,  471,  173,  611,  449,  590,  632,  471,  358,  504,  571,  511,  373,  452,  509,  245,  273,  385,  404,  106,  181,  510,  492,  373,  137,  598,  207,  515,  552,  523,  396,  205,  441,  335,  383,  176,  284,  372,  410,  516,  274,  330,  227,  398,  155,  295,  294,  606,  527,  124,  105,  575,  450,  242,  270,  254,  214,  476,  391,  424,  139,  588,  152,  472,  391,  465,  457,  429,  378,  382,  520,  626,  510,   35,  304,  517,  386,  352,  463,  172,  311,  447,  165,  372,  421,  279,  643,  119,  339,  315,  373,  302,  340,  544,  264,  398,  443,  240,  382,  427,  174,  568,  544,  436,  447,  428,  589,   19,  557,  479,  473,  293,  246,  436,  139,  509,  370,  299,  436,  481,  549,  281,   89,  186,  519,  398,  478,  549,  354,  205,  648,  449,  510,  473,  511,  464,  366,  635,   79,  358,  469,  444,  437,  259,  526,  638,  252,  413,  490,  456,  291,  201,  204,  394,  373,  530,  357,  233,  405,  415,  316,  489,  272,  567,  468,  420,  340,  350,  423,  329,  446,  379,  551,  513,  419,  335],
        [  486,    0,  163,  139,  639,  454,  353,  615,  217,  780,  277,    0,  207,   77,  496,  332,  274,  699,  604,  339,  253,  198,  139,  729,  288,  314,  584,  747,  359,  418,  842,  692,  239,  527,  654,  485,  302,  660,  192,  339,  364,  785,  765,  257,  141,  638,  182,  457,  580,  561,  122,  249,  651,  549,  109,  437,  524,  554,  135,  687,  264,  300,  491,  566,  430,  455,  323,  347,  727,  160,  175,  834,  551,  173,  309,  483,  233,  621,  160,  686,  386,  314,  427,  598,  667,  696,  666,  279,  604,  216,  454,  355,  685,  310,   40,  646,  593,  386,  562,  134,  276,  722,  441,  634,  286,  538,  908,  170,  572,  371,   99,  577,  605,  816,  171,  225,  611,  331,  536,  465,  283,  843,  284,  267,  176,  690,  577,  262,  797,  653,  565,  552,  481,  426,  416,  259,  644,  510,  312,  592,  818,  328,  294,  372,  661,  192,  576,  642,  545,  208,  918,  264,  784,  747,  653,  652,  616,  892,  313,  465,  663,  692,  630,  534,  786,  901,  515,  214,  451,  674,   40,  269,  391,  213,  634,  607,  573,   70,  558,  198,  347,  683,  449,  530,  697,  197,  546,  556,  647,  579,  463,  651,  278,  686,  237,  351],
        [  682,    0,  150,  308,  844,  568,  537,  737,  166,  985,  469,  207,    0,  225,  627,  498,  445,  841,  730,  280,  190,   51,  345,  786,  211,  160,  712,  931,  534,  543, 1040,  894,  377,  711,  735,  642,  493,  853,  118,  543,  570,  977,  960,  400,  337,  805,  307,  593,  744,  731,   95,  367,  776,  684,  104,  610,  729,  758,  125,  888,  340,  474,  691,  671,  624,  659,  395,  141,  840,  362,  365, 1037,  741,  275,  395,  689,  431,  818,   98,  888,  555,  134,  621,  792,  859,  835,  872,  220,  810,  184,  585,  160,  784,  504,  170,  716,  799,  439,  751,  302,  452,  903,  633,  836,  407,  740, 1109,  374,  778,  444,  145,  760,  806, 1013,  355,  175,  712,  438,  636,  502,  417, 1035,   78,  193,   45,  854,  724,  457, 1003,  855,  752,  754,  636,  590,  606,   63,  826,  647,  264,  783, 1017,  411,  498,  515,  739,  128,  634,  688,  667,  328, 1117,  349,  978,  927,  849,  856,  772, 1096,  488,  547,  868,  843,  746,  717,  989, 1103,  687,  306,  598,  803,  181,  471,  531,  325,  800,  787,  779,  237,  654,  276,  533,  888,  654,  669,  903,  268,  752,  762,  853,  737,  485,  828,  182,  783,  166,  532],
        [  515,    0,  125,  204,  631,  523,  395,  548,  280,  771,  246,   77,  225,    0,  560,  278,  329,  637,  537,  283,  208,  233,  158,  654,  243,  358,  648,  707,  408,  485,  817,  707,  308,  566,  579,  429,  341,  629,  167,  327,  369,  753,  736,  324,  119,  687,  108,  521,  631,  610,  163,  176,  584,  484,  150,  389,  516,  567,  192,  705,  188,  353,  470,  494,  400,  471,  247,  360,  657,  151,  142,  818,  585,   97,  234,  479,  266,  645,  147,  668,  335,  349,  397,  627,  635,  634,  672,  229,  603,  168,  518,  384,  613,  281,   75,  570,  598,  310,  597,   78,  328,  680,  409,  616,  356,  521,  888,  165,  568,  295,  161,  536,  585,  789,  225,  181,  539,  257,  463,  389,  215,  811,  298,  224,  208,  637,  635,  235,  791,  670,  602,  535,  423,  480,  382,  264,  602,  446,  255,  625,  794,  252,  285,  308,  586,  163,  500,  565,  477,  134,  894,  339,  754,  704,  678,  664,  560,  878,  265,  390,  674,  634,  561,  493,  770,  882,  466,  290,  511,  608,   59,  295,  326,  288,  582,  647,  575,   20,  485,  274,  389,  694,  460,  592,  695,  273,  551,  561,  647,  523,  388,  606,  336,  613,  198,  397],
        [  315,    0,  656,  357,  614,   76,  236,  965,  487,  729,  553,  496,  627,  560,    0,  664,  240,  992,  947,  834,  745,  584,  434, 1156,  780,  605,   89,  891,  198,   85,  875,  506,  259,  245, 1059,  787,  281,  769,  674,  500,  430,  874,  833,  239,  509,  224,  637,   40,  173,  185,  542,  687,  987,  884,  539,  706,  551,  444,  503,  482,  732,  226,  601,  950,  614,  388,  781,  737, 1076,  482,  532,  812,  295,  646,  761,  514,  343,  398,  637,  718,  686,  643,  613,  354,  783,  998,  552,  773,  556,  710,   43,  696, 1063,  562,  528, 1064,  510,  848,  295,  565,  249,  882,  633,  679,  221,  610,  899,  473,  559,  821,  491,  767,  669,  866,  339,  717,  995,  757,  931,  930,  690,  925,  688,  758,  583,  924,  109,  537,  714,  469,  283,  617,  790,  128,  628,  689,  822,  849,  807,  324,  853,  778,  477,  735, 1068,  677, 1013, 1084,  906,  657,  936,  283,  862,  910,  407,  499,  887,  848,  631,  893,  517,  962,  987,  734,  779,  882,  766,  322,   66,  998,  534,  353,  754,  304,  876,  269,  519,  544,  955,  352,  244,  529,  415,   48,  617,  362,  489,  492,  576,  854,  936,  845,  526, 1065,  726,  222],
        [  473,    0,  364,  383,  445,  657,  436,  309,  548,  566,  112,  332,  498,  278,  664,    0,  433,  372,  293,  424,  404,  510,  263,  500,  428,  636,  744,  437,  469,  612,  571,  588,  472,  558,  398,  155,  385,  377,  410,  198,  281,  494,  486,  476,  202,  706,  197,  625,  662,  632,  441,  158,  337,  231,  427,  114,  342,  456,  464,  598,  224,  440,  262,  287,  175,  392,  223,  625,  422,  208,  167,  593,  553,  233,  200,  323,  323,  568,  407,  443,   59,  626,  173,  569,  379,  371,  523,  406,  439,  371,  630,  657,  400,  113,  349,  406,  457,  270,  566,  202,  420,  409,  173,  396,  523,  316,  650,  210,  397,  230,  429,  268,  363,  540,  363,  388,  332,  155,  270,  335,  107,  550,  566,  419,  485,  360,  700,  128,  598,  561,  577,  329,  152,  547,  146,  526,  332,  193,  401,  581,  550,  205,  197,   75,  407,  403,  370,  441,  245,  182,  647,  542,  499,  431,  603,  540,  285,  656,   34,  253,  543,  361,  329,  227,  545,  649,  190,  502,  601,  355,  333,  312,   92,  486,  305,  634,  426,  272,  293,  499,  428,  561,  365,  679,  521,  503,  415,  425,  482,  248,  360,  332,  609,  403,  410,  447],
        [  258,    0,  437,  140,  508,  224,  101,  740,  347,  645,  325,  274,  445,  329,  240,  433,    0,  782,  723,  610,  527,  413,  195,  920,  562,  477,  326,  727,   90,  180,  757,  485,   95,  268,  825,  568,   87,  612,  464,  296,  251,  732,  697,   78,  270,  365,  399,  200,  306,  289,  352,  448,  765,  660,  345,  491,  412,  367,  325,  471,  494,   30,  431,  718,  417,  274,  542,  575,  852,  243,  293,  717,  302,  411,  522,  368,  112,  392,  429,  592,  463,  502,  415,  360,  624,  786,  490,  552,  457,  489,  202,  554,  833,  340,  311,  828,  425,  609,  312,  327,   19,  711,  436,  544,  121,  456,  802,  235,  441,  582,  300,  580,  525,  740,  105,  499,  763,  518,  697,  691,  452,  787,  517,  541,  402,  729,  306,  308,  646,  443,  311,  467,  570,  153,  423,  506,  642,  623,  582,  345,  733,  539,  262,  503,  834,  465,  775,  846,  678,  418,  828,  185,  723,  739,  419,  456,  680,  766,  401,  655,  472,  757,  761,  542,  675,  789,  559,  183,  184,  780,  313,  138,  522,  154,  677,  343,  419,  312,  721,  208,  100,  490,  286,  266,  541,  219,  387,  394,  491,  645,  698,  661,  406,  836,  511,   92],
        [  733,    0,  694,  752,  538, 1001,  757,  133,  915,  582,  463,  699,  841,  637,  992,  372,  782,    0,  128,  676,  701,  863,  631,  366,  711,  991, 1063,  280,  795,  956,  474,  741,  835,  828,  270,  219,  716,  344,  736,  494,  565,  374,  404,  835,  574,  976,  537,  957,  947,  915,  799,  475,   97,  158,  786,  291,  503,  654,  828,  763,  510,  782,  419,  217,  381,  641,  466,  952,  139,  577,  538,  554,  804,  567,  458,  519,  671,  774,  745,  458,  326,  974,  382,  794,  332,   19,  651,  689,  572,  681,  965,  998,  198,  443,  711,  308,  616,  455,  815,  566,  766,  252,  362,  445,  883,  441,  561,  577,  536,  429,  795,  255,  425,  442,  726,  696,  208,  407,  252,  453,  426,  402,  899,  712,  837,  123, 1004,  481,  629,  733,  830,  444,  221,  867,  365,  856,  239,  194,  664,  818,  466,  446,  521,  330,  278,  727,  359,  391,  188,  514,  527,  910,  393,  248,  802,  697,  107,  606,  397,  344,  690,   50,  145,  272,  521,  573,  227,  871,  927,   68,  695,  647,  312,  854,  137,  889,  585,  634,  248,  870,  749,  701,  609,  997,  609,  874,  596,  602,  598,  139,  489,  208,  973,  205,  716,  771],
        [  716,    0,  581,  674,  571,  946,  714,   21,  816,  642,  398,  604,  730,  537,  947,  293,  723,  128,    0,  551,  581,  755,  554,  284,  589,  883, 1023,  370,  750,  901,  561,  763,  765,  810,  174,  165,  667,  400,  621,  454,  534,  462,  483,  768,  489,  960,  432,  910,  923,  892,  696,  366,   48,   64,  683,  248,  511,  658,  728,  782,  393,  727,  420,   92,  359,  626,  345,  834,  130,  499,  455,  628,  793,  458,  339,  516,  612,  779,  632,  510,  262,  863,  359,  792,  392,  115,  678,  567,  594,  563,  916,  884,  129,  386,  611,  207,  632,  329,  805,  471,  709,  339,  342,  485,  815,  455,  650,  502,  554,  305,  697,  285,  458,  528,  655,  578,   97,  292,  125,  326,  323,  499,  784,  591,  729,  215,  972,  416,  686,  749,  818,  462,  159,  826,  335,  740,  298,  100,  540,  812,  549,  326,  471,  234,  184,  612,  241,  284,   64,  408,  622,  833,  478,  343,  810,  717,  142,  686,  323,  217,  712,  157,   46,  281,  590,  658,  215,  790,  883,   74,  595,  595,  215,  776,  195,  877,  599,  537,  123,  785,  706,  726,  595,  958,  647,  788,  603,  610,  626,  143,  362,  273,  871,  135,  597,  727],
        [  790,    0,  180,  478,  857,  789,  678,  552,  438,  986,  462,  339,  280,  283,  834,  424,  610,  676,  551,    0,   96,  328,  437,  532,   69,  431,  922,  841,  690,  755,  992,  966,  576,  847,  504,  524,  623,  798,  176,  564,  625,  910,  907,  595,  380,  970,  257,  796,  913,  892,  320,  268,  593,  525,  316,  529,  745,  825,  367,  968,  200,  634,  677,  472,  593,  736,  219,  321,  636,  416,  384, 1016,  863,  226,  235,  715,  546,  916,  213,  866,  476,  392,  591,  901,  799,  666,  917,   65,  840,  125,  792,  389,  568,  491,  307,  477,  846,  223,  875,  316,  609,  810,  594,  818,  620,  732, 1073,  430,  800,  249,  361,  681,  784,  960,  506,  121,  504,  291,  435,  254,  318,  963,  293,   89,  310,  726,  915,  460, 1015,  931,  881,  746,  513,  762,  566,  250,  738,  496,   29,  901,  971,  240,  532,  398,  506,  169,  391,  432,  489,  257, 1067,  583,  917,  828,  950,  920,  637, 1079,  433,  338,  927,  693,  553,  644,  968, 1072,  590,  534,  789,  624,  301,  572,  405,  541,  679,  929,  818,  302,  448,  509,  671,  947,  719,  869,  929,  504,  799,  810,  884,  609,  228,  730,  461,  565,  120,  679],
        [  722,    0,   90,  391,  817,  697,  600,  585,  343,  951,  420,  253,  190,  208,  745,  404,  527,  701,  581,   96,    0,  236,  365,  602,   36,  346,  832,  837,  609,  664,  973,  909,  486,  772,  560,  526,  547,  780,   81,  516,  569,  898,  890,  506,  317,  889,  215,  707,  832,  812,  225,  249,  626,  545,  221,  516,  702,  768,  272,  909,  195,  552,  643,  511,  563,  675,  237,  258,  679,  352,  329,  989,  792,  179,  244,  669,  472,  851,  117,  837,  460,  311,  560,  834,  783,  693,  868,   32,  794,   41,  702,  317,  617,  452,  218,  538,  795,  265,  804,  257,  527,  807,  567,  787,  528,  697, 1051,  366,  756,  279,  267,  670,  754,  943,  423,   28,  548,  297,  474,  318,  303,  953,  217,   17,  217,  735,  829,  414,  976,  873,  808,  711,  517,  679,  538,  172,  732,  512,   75,  832,  952,  256,  479,  396,  563,   73,  454,  503,  517,  224, 1050,  489,  903,  827,  885,  865,  649, 1051,  407,  379,  874,  712,  590,  630,  940, 1048,  585,  440,  703,  655,  214,  502,  407,  449,  685,  853,  770,  227,  490,  415,  594,  894,  661,  781,  885,  409,  748,  758,  839,  617,  298,  728,  370,  614,   25,  600],
        [  657,    0,  184,  280,  834,  524,  508,  763,  116,  976,  471,  198,   51,  233,  584,  510,  413,  863,  755,  328,  236,    0,  333,  825,  259,  129,  668,  938,  502,  500, 1039,  873,  339,  679,  769,  659,  467,  855,  159,  537,  557,  980,  961,  362,  335,  767,  326,  551,  707,  695,   76,  389,  802,  707,   89,  621,  720,  739,   88,  866,  371,  442,  688,  701,  625,  639,  428,  163,  868,  357,  367, 1031,  712,  297,  425,  679,  410,  793,  131,  884,  567,  118,  622,  765,  862,  858,  855,  266,  797,  224,  543,  158,  816,  505,  167,  753,  783,  476,  722,  310,  421,  912,  635,  831,  365,  735, 1105,  368,  767,  477,  117,  767,  802, 1013,  328,  218,  743,  464,  666,  542,  437, 1038,  106,  240,   26,  869,  683,  458,  991,  833,  722,  749,  653,  553,  609,  108,  834,  669,  311,  754, 1015,  442,  491,  534,  774,  168,  672,  728,  692,  349, 1115,  304,  980,  936,  823,  836,  790, 1089,  497,  580,  849,  862,  774,  724,  983, 1098,  698,  263,  558,  828,  181,  452,  551,  284,  814,  755,  765,  242,  686,  233,  504,  869,  637,  627,  890,  223,  737,  747,  840,  754,  527,  838,  135,  815,  211,  502],
        [  358,    0,  281,  122,  502,  412,  243,  569,  325,  644,  173,  139,  345,  158,  434,  263,  195,  631,  554,  437,  365,  333,    0,  730,  400,  439,  520,  636,  261,  369,  714,  556,  212,  410,  639,  412,  187,  539,  318,  209,  226,  665,  640,  218,   76,  537,  207,  394,  482,  459,  257,  254,  599,  493,  245,  347,  388,  417,  258,  552,  301,  212,  363,  537,  312,  319,  348,  486,  683,   56,  103,  701,  428,  223,  328,  347,  110,  490,  292,  555,  305,  445,  310,  470,  547,  631,  528,  385,  466,  325,  395,  490,  655,  201,  177,  640,  455,  415,  440,  134,  187,  614,  327,  503,  263,  407,  777,   55,  435,  388,  221,  470,  475,  690,  103,  338,  583,  326,  513,  497,  261,  723,  422,  381,  313,  600,  495,  155,  659,  517,  445,  421,  411,  338,  305,  397,  537,  455,  409,  468,  691,  345,  162,  324,  648,  316,  583,  653,  503,  225,  790,  280,  662,  640,  522,  515,  537,  758,  234,  463,  526,  615,  588,  428,  653,  768,  424,  242,  378,  617,  170,  138,  344,  224,  545,  492,  435,  138,  536,  243,  236,  546,  311,  459,  559,  248,  408,  418,  509,  500,  505,  549,  390,  657,  354,  247],
        [  966,    0,  642,  836,  852, 1141,  934,  265,  914,  925,  611,  729,  786,  654, 1156,  500,  920,  366,  284,  532,  602,  825,  730,    0,  593,  945, 1239,  642,  965, 1098,  836, 1039,  938, 1055,  113,  426,  881,  683,  668,  692,  776,  736,  761,  947,  655, 1204,  549, 1117, 1161, 1131,  785,  486,  280,  331,  776,  503,  783,  925,  828, 1056,  468,  931,  691,  226,  620,  879,  409,  852,  235,  678,  628,  909, 1045,  558,  421,  783,  814, 1044,  694,  793,  496,  912,  619, 1053,  674,  348,  956,  576,  871,  602, 1120,  916,  169,  611,  721,   94,  905,  351, 1058,  613,  908,  612,  605,  768,  989,  732,  924,  685,  830,  359,  805,  567,  740,  803,  832,  611,  193,  406,  232,  285,  469,  766,  817,  605,  801,  483, 1199,  625,  970, 1021, 1070,  740,  416, 1044,  592,  773,  580,  348,  536, 1069,  826,  402,  696,  426,  102,  659,  155,  101,  284,  524,  891,  988,  753,  612, 1077,  991,  422,  964,  533,  268,  988,  413,  241,  561,  871,  934,  491,  940, 1095,  301,  707,  809,  408,  933,  474, 1129,  873,  661,  210,  926,  926, 1003,  850, 1175,  929,  926,  873,  881,  906,  427,  306,  553,  956,  162,  625,  944],
        [  757,    0,  126,  427,  846,  732,  636,  592,  370,  980,  449,  288,  211,  243,  780,  428,  562,  711,  589,   69,   36,  259,  400,  593,    0,  363,  867,  857,  645,  699,  998,  942,  521,  808,  557,  543,  582,  804,  111,  547,  602,  921,  914,  541,  351,  925,  243,  742,  867,  848,  255,  271,  633,  556,  253,  538,  733,  801,  302,  943,  211,  588,  671,  515,  590,  709,  246,  260,  682,  386,  361, 1016,  827,  208,  257,  700,  508,  886,  149,  864,  483,  325,  588,  869,  806,  702,  900,   23,  825,   76,  737,  324,  618,  481,  253,  533,  827,  266,  839,  289,  563,  827,  593,  815,  563,  725, 1077,  400,  787,  285,  299,  692,  782,  967,  458,   64,  551,  312,  478,  311,  324,  975,  226,   22,  242,  751,  864,  445, 1006,  906,  844,  740,  534,  714,  565,  183,  752,  525,   58,  867,  977,  267,  511,  414,  560,  105,  448,  493,  526,  250, 1074,  522,  926,  846,  919,  898,  664, 1078,  432,  382,  906,  724,  595,  653,  967, 1074,  605,  473,  738,  663,  249,  537,  424,  483,  701,  889,  801,  262,  493,  447,  629,  926,  695,  816,  916,  441,  780,  790,  870,  633,  288,  747,  392,  615,   55,  636],
        [  732,    0,  309,  361,  937,  536,  577,  892,  130, 1079,  590,  314,  160,  358,  605,  636,  477,  991,  883,  431,  346,  129,  439,  945,  363,    0,  680, 1060,  563,  522, 1152,  956,  389,  740,  894,  786,  545,  973,  277,  647,  657, 1098, 1076,  412,  454,  808,  454,  578,  749,  742,  196,  518,  930,  835,  210,  745,  824,  828,  182,  945,  497,  506,  800,  828,  742,  728,  554,  157,  996,  471,  487, 1138,  778,  426,  552,  782,  499,  868,  256,  994,  692,   49,  740,  836,  980,  986,  947,  374,  896,  343,  566,   95,  942,  624,  289,  876,  876,  599,  787,  435,  489, 1034,  754,  942,  400,  845, 1215,  480,  869,  603,  219,  889,  914, 1127,  412,  334,  870,  593,  793,  661,  566, 1156,  145,  346,  155,  995,  711,  575, 1091,  915,  785,  859,  780,  600,  729,  182,  956,  798,  418,  820, 1129,  568,  600,  663,  898,  287,  794,  847,  821,  477, 1228,  327, 1097, 1059,  895,  922,  917, 1195,  621,  706,  936,  990,  902,  846, 1092, 1207,  823,  302,  592,  956,  304,  543,  679,  329,  940,  810,  862,  366,  812,  272,  574,  955,  730,  651,  987,  262,  832,  841,  937,  881,  643,  962,   80,  941,  322,  568],
        [  358,    0,  743,  445,  654,  146,  310, 1042,  566,  757,  632,  584,  712,  648,   89,  744,  326, 1063, 1023,  922,  832,  668,  520, 1239,  867,  680,    0,  945,  275,  170,  913,  521,  347,  273, 1140,  861,  360,  822,  761,  572,  498,  921,  877,  327,  595,  198,  724,  128,  167,  192,  628,  773, 1062,  960,  625,  779,  603,  482,  587,  494,  819,  310,  662, 1030,  682,  440,  868,  817, 1151,  567,  617,  842,  319,  734,  847,  569,  426,  415,  724,  761,  762,  720,  681,  372,  836, 1069,  579,  860,  596,  798,  131,  773, 1141,  639,  616, 1146,  547,  934,  315,  652,  334,  938,  702,  725,  307,  664,  929,  558,  604,  907,  577,  830,  720,  907,  426,  805, 1074,  842, 1012, 1016,  775,  969,  770,  845,  667,  988,   83,  617,  738,  488,  301,  670,  866,  198,  698,  773,  882,  926,  895,  339,  892,  865,  553,  816, 1149,  765, 1097, 1169,  984,  744,  970,  364,  906,  966,  416,  521,  957,  873,  710,  977,  540, 1030, 1064,  800,  813,  911,  836,  406,  144, 1072,  622,  432,  835,  389,  942,  270,  560,  632, 1035,  436,  318,  549,  470,   66,  646,  445,  532,  533,  609,  925, 1024,  907,  602, 1144,  814,  298],
        [  589,    0,  801,  748,  321,  920,  669,  385,  957,  320,  471,  747,  931,  707,  891,  437,  727,  280,  370,  841,  837,  938,  636,  642,  857, 1060,  945,    0,  709,  878,  195,  523,  804,  681,  539,  319,  645,  124,  847,  440,  478,   95,  129,  796,  607,  817,  633,  863,  802,  770,  865,  589,  363,  352,  852,  324,  342,  478,  881,  550,  647,  716,  297,  457,  324,  506,  624, 1061,  418,  593,  573,  278,  645,  670,  607,  378,  630,  585,  843,  216,  379, 1055,  327,  616,  110,  297,  431,  835,  371,  806,  874, 1090,  474,  439,  772,  574,  422,  640,  653,  630,  708,   33,  310,  230,  844,  282,  283,  587,  349,  604,  844,  172,  228,  163,  708,  823,  466,  551,  481,  667,  534,  130, 1001,  851,  914,  160,  874,  487,  367,  528,  669,  276,  330,  764,  333,  962,  106,  365,  822,  645,  187,  603,  483,  444,  548,  840,  608,  653,  404,  618,  252,  892,  114,   34,  606,  488,  232,  328,  444,  552,  476,  230,  406,  215,  251,  294,  253,  865,  828,  342,  758,  592,  437,  841,  179,  723,  398,  697,  487,  873,  663,  481,  477,  884,  375,  880,  421,  422,  380,  247,  702,  112, 1021,  481,  845,  685],
        [  182,    0,  521,  228,  459,  212,   41,  768,  433,  590,  358,  359,  534,  408,  198,  469,   90,  795,  750,  690,  609,  502,  261,  965,  645,  563,  275,  709,    0,  170,  716,  409,  175,  179,  866,  589,   85,  589,  549,  302,  236,  702,  664,  153,  333,  281,  467,  162,  223,  203,  441,  508,  790,  686,  434,  508,  377,  304,  414,  393,  561,   61,  413,  755,  418,  221,  605,  664,  878,  301,  349,  667,  216,  483,  583,  335,  156,  311,  516,  553,  489,  589,  417,  276,  602,  801,  425,  634,  404,  571,  171,  642,  866,  365,  397,  872,  366,  671,  225,  394,   84,  697,  438,  508,  182,  429,  753,  290,  396,  641,  389,  575,  494,  702,  188,  582,  800,  573,  738,  752,  505,  755,  606,  624,  492,  730,  238,  342,  586,  368,  223,  438,  593,   80,  431,  595,  632,  652,  662,  258,  693,  600,  279,  542,  875,  550,  826,  898,  710,  483,  784,  255,  691,  724,  335,  384,  691,  712,  436,  705,  401,  766,  790,  540,  628,  738,  569,  264,  133,  801,  397,  157,  560,  236,  680,  254,  366,  390,  761,  292,   47,  418,  241,  210,  481,  302,  333,  339,  434,  657,  763,  654,  490,  869,  595,   25],
        [  327,    0,  576,  281,  620,   45,  210,  918,  403,  745,  504,  418,  543,  485,   85,  612,  180,  956,  901,  755,  664,  500,  369, 1098,  699,  522,  170,  878,  170,    0,  880,  538,  179,  278, 1004,  744,  241,  758,  592,  464,  404,  870,  830,  162,  445,  294,  568,   57,  238,  241,  458,  621,  943,  838,  456,  666,  544,  456,  419,  517,  662,  175,  582,  897,  583,  385,  713,  652, 1030,  420,  470,  825,  327,  574,  694,  504,  290,  432,  555,  718,  640,  559,  582,  390,  771,  960,  573,  693,  564,  630,   45,  612, 1012,  517,  448, 1006,  522,  780,  330,  496,  193,  865,  602,  675,  138,  598,  912,  413,  560,  755,  408,  742,  662,  868,  269,  637,  943,  694,  876,  862,  629,  923,  603,  677,  498,  896,  189,  487,  735,  499,  321,  606,  747,  130,  593,  605,  800,  802,  728,  363,  857,  712,  435,  682, 1013,  596,  951, 1022,  857,  589,  945,  199,  858,  893,  447,  524,  852,  866,  580,  832,  542,  929,  940,  706,  788,  896,  731,  237,   83,  956,  455,  309,  701,  220,  845,  322,  525,  470,  900,  268,  216,  556,  408,  130,  634,  277,  494,  498,  589,  818,  867,  822,  443, 1015,  645,  194],
