{
    "name": "random-82-18694",
    "comment": "size=82 seed=18694",
    "nodes": ["+0", "-0", "+1", "-1", "+2", "-2", "+3", "-3", "+4", "-4", "+5", "-5", "+6", "-6", "+7", "-7", "+8", "-8", "+9", "-9", "+10", "-10", "+11", "-11", "+12", "-12", "+13", "-13", "+14", "-14", "+15", "-15", "+16", "-16", "+17", "-17", "+18", "-18", "+19", "-19", "+20", "-20", "+21", "-21", "+22", "-22", "+23", "-23", "+24", "-24", "+25", "-25", "+26", "-26", "+27", "-27", "+28", "-28", "+29", "-29", "+30", "-30", "+31", "-31", "+32", "-32", "+33", "-33", "+34", "-34", "+35", "-35", "+36", "-36", "+37", "-37", "+38", "-38", "+39", "-39", "+40", "-40", "+41", "-41", "+42", "-42", "+43", "-43", "+44", "-44", "+45", "-45", "+46", "-46", "+47", "-47", "+48", "-48", "+49", "-49", "+50", "-50", "+51", "-51", "+52", "-52", "+53", "-53", "+54", "-54", "+55", "-55", "+56", "-56", "+57", "-57", "+58", "-58", "+59", "-59", "+60", "-60", "+61", "-61", "+62", "-62", "+63", "-63", "+64", "-64", "+65", "-65", "+66", "-66", "+67", "-67", "+68", "-68", "+69", "-69", "+70", "-70", "+71", "-71", "+72", "-72", "+73", "-73", "+74", "-74", "+75", "-75", "+76", "-76", "+77", "-77", "+78", "-78", "+79", "-79", "+80", "-80", "+81", "-81", "+82", "-82"],
    "precedence": {
        "+0": "-0",
        "+1": "-1",
        "+2": "-2",
        "+3": "-3",
        "+4": "-4",
        "+5": "-5",
        "+6": "-6",
        "+7": "-7",
        "+8": "-8",
        "+9": "-9",
        "+10": "-10",
        "+11": "-11",
        "+12": "-12",
        "+13": "-13",
        "+14": "-14",
        "+15": "-15",
        "+16": "-16",
        "+17": "-17",
        "+18": "-18",
        "+19": "-19",
        "+20": "-20",
        "+21": "-21",
        "+22": "-22",
        "+23": "-23",
        "+24": "-24",
        "+25": "-25",
        "+26": "-26",
        "+27": "-27",
        "+28": "-28",
        "+29": "-29",
        "+30": "-30",
        "+31": "-31",
        "+32": "-32",
        "+33": "-33",
        "+34": "-34",
        "+35": "-35",
        "+36": "-36",
        "+37": "-37",
        "+38": "-38",
        "+39": "-39",
        "+40": "-40",
        "+41": "-41",
        "+42": "-42",
        "+43": "-43",
        "+44": "-44",
        "+45": "-45",
        "+46": "-46",
        "+47": "-47",
        "+48": "-48",
        "+49": "-49",
        "+50": "-50",
        "+51": "-51",
        "+52": "-52",
        "+53": "-53",
        "+54": "-54",
        "+55": "-55",
        "+56": "-56",
        "+57": "-57",
        "+58": "-58",
        "+59": "-59",
        "+60": "-60",
        "+61": "-61",
        "+62": "-62",
        "+63": "-63",
        "+64": "-64",
        "+65": "-65",
        "+66": "-66",
        "+67": "-67",
        "+68": "-68",
        "+69": "-69",
        "+70": "-70",
        "+71": "-71",
        "+72": "-72",
        "+73": "-73",
        "+74": "-74",
        "+75": "-75",
        "+76": "-76",
        "+77": "-77",
        "+78": "-78",
        "+79": "-79",
        "+80": "-80",
        "+81": "-81",
        "+82": "-82"
    },
    "edges": [
        [    0,    0,  897,  874, 1012,  310,  940,  568,  623,  866,  382,  558,  344,  659,  220,  404,  114,  400,  351,  452,  480,  362,  724,  415,  180,  421,  279,  305,  215,  405,  608,  885,  578,  392,  533,  865,  954,  183,  939,  899,  458,   53,  287,  904,  340,  214,  559,  585,  442, 1045,  319,  737,  230,  797,  815,  909,  571,  679,  629,  817,  483,  301,  387,  548,  746,  905,  781,  179,  132,  347,  392, 1015,  941, 1001,  306,  639,  541,  816,  562,  895,  905,   77,  476,  748,  469,  409,   84,  601,  384,  255,  688,  890,  306,  824,  750,  456,  865,  452,  950,  145,  571,  585,  504,  944,  585,  576,  540,  732,  460,  426,  307,  806,  936,  292,  501,  855,  489,  500,  647,  510,  599,  684,  905,   94,  541,  565,  175,  736,  499,  953,  750,  956,  338,  384,  415,  442,  483,  830, 1002,  444,  273,  950,  115,  400,  424,  366, 1014,  598,  338,  529,  452,  504,  259,  527,  434,  676,  471,  668,  683,  728,  376,  607,  360,  484,  434,  720],
        [    0,    0,    0,    0,    0,    0,    0,    0,    0,    0,    0,    0,    0,    0,    0,    0,    0,    0,    0,    0,    0,    0,    0,    0,    0,    0,    0,    0,    0,    0,    0,    0,    0,    0,    0,    0,    0,    0,    0,    0,    0,    0,    0,    0,    0,    0,    0,    0,    0,    0,    0,    0,    0,    0,    0,    0,    0,    0,    0,    0,    0,    0,    0,    0,    0,    0,    0,    0,    0,    0,    0,    0,    0,    0,    0,    0,    0,    0,    0,    0,    0,    0,    0,    0,    0,    0,    0,    0,    0,    0,    0,    0,    0,    0,    0,    0,    0,    0,    0,    0,    0,    0,    0,    0,    0,    0,    0,    0,    0,    0,    0,    0,    0,    0,    0,    0,    0,    0,    0,    0,    0,    0,    0,    0,    0,    0,    0,    0,    0,    0,    0,    0,    0,    0,    0,    0,    0,    0,    0,    0,    0,    0,    0,    0,    0,    0,    0,    0,    0,    0,    0,    0,    0,    0,    0,    0,    0,    0,    0,    0,    0,    0,    0,    0,    0,    0],
        [  897,    0,    0,  330,  583,  950,  412,  340,  333,   46,  988,  382,  555,  735,  716,  657,  823,  601,  971,  481,  766,  541,  258,  997,  720,  486,  949,  608,  747,  627,  388,  378,  322,  774,  702,  123,  378,  881,  210,  188,  542,  945,  628,  549,  968,  750,  636,  609,  942,  385,  819,  469,  701,  299,   94,  525,  503,  304,  391,   94,  417, 1030,  630,  384,  632,  580,  184,  860,  925,  862,  623,  583,   82,  310,  786,  744,  366,  524,  546,   85,  409,  960,  876,  152,  781,  558,  817,  658,  562,  666,  461,  337,  699,  621,  475,  454,  342,  714,  325,  923,  326,  361,  412,  252,  378,  549,  852,  382,  504,  502,  731,  130,  513,  613,  396,  285,  452,  517,  339,  671,  338,  653,  450,  842,  784,  373,  922,  228,  645,  375,  471,  298,  774,  531,  715, 1061,  912,  212,  513,  647,  653,  341,  802,  826,  812,  817,  526,  643,  860,  400,  932,  644,  943,  479, 1053,  651,  429,  318,  479,  229,  939,  408,  546,  422,  781,  527],
        [  874,    0,  330,    0,  897,  815,  728,  459,  519,  291, 1084,  328,  554,  951,  658,  517,  838,  717,  823,  586,  572,  583,  501, 1102,  699,  552, 1018,  572,  795,  750,  582,   49,  375,  614,  492,  207,   86,  792,  538,  147,  678,  927,  672,  847, 1054,  677,  824,  808,  761,  171,  915,  727,  646,  584,  275,  826,  693,  526,  246,  364,  486, 1090,  511,  342,  882,  876,  454,  904,  946,  964,  739,  898,  408,  141,  660,  953,  472,  803,  356,  247,   81,  948, 1020,  306,  932,  468,  809,  861,  491,  620,  702,   17,  784,  894,  194,  535,   16,  538,   79,  949,  396,  303,  392,  578,  551,  349, 1018,  149,  415,  594,  618,  406,  821,  646,  444,   49,  575,  672,  547,  476,  502,  883,  756,  852,  565,  524,  958,  474,  810,  695,  734,  623,  878,  497,  555, 1162,  715,  511,  832,  489,  702,  664,  811,  950,  945,  929,  845,  411,  714,  360,  747,  456,  826,  642, 1153,  878,  452,  536,  717,  208,  780,  605,  595,  424,  919,  254],
        [ 1012,    0,  583,  897,    0, 1216,  172,  578,  481,  612,  867,  772,  778,  444,  940, 1002,  901,  612, 1251,  601, 1146,  713,  429,  855,  892,  662,  893,  847,  799,  608,  451,  945,  658, 1111, 1112,  695,  957, 1098,  379,  767,  559, 1039,  745,  109,  873,  982,  471,  439, 1273,  967,  756,  280,  926,  327,  623,  105,  445,  434,  848,  534,  645,  967,  961,  762,  300,  116,  450,  877,  960,  769,  620,    4,  520,  892, 1077,  467,  594,  196,  977,  666,  978, 1039,  695,  605,  623,  886,  933,  444,  867,  894,  330,  908,  709,  221,  994,  633,  907, 1085,  905,  950,  640,  769,  748,  337,  490,  987,  629,  898,  856,  625, 1023,  492,   87,  756,  669,  850,  569,  519,  442, 1073,  514,  368,  147,  923, 1188,  527,  930,  447,  527,  210,  267,  292,  714,  808, 1067,  912, 1268,  387,   74, 1015,  748,  245,  898,  705,  678,  722,   66, 1087, 1160,  765, 1270, 1044, 1185,  499,  907,  374,  704,  434,  333,  725, 1240,  440,  705,  727,  649, 1032],
        [  310,    0,  950,  815, 1216,    0, 1110,  678,  762,  909,  692,  568,  445,  927,  276,  303,  400,  625,   42,  616,  270,  505,  852,  725,  333,  559,  588,  376,  478,  642,  772,  809,  642,  204,  350,  879,  879,  136, 1052,  889,  665,  337,  480, 1113,  650,  234,  807,  827,  142,  977,  615,  937,  291,  946,  857, 1112,  777,  819,  590,  890,  594,  604,  322,  566,  987, 1121,  888,  484,  440,  649,  627, 1219, 1013,  954,  165,  910,  654, 1027,  460,  920,  818,  361,  776,  802,  754,  392,  343,  854,  391,  324,  887,  827,  562, 1057,  643,  591,  802,  283,  893,  454,  647,  591,  543, 1069,  738,  467,  835,  666,  446,  592,  219,  895, 1133,  464,  588,  812,  650,  703,  796,  350,  731,  933, 1089,  388,  314,  706,  485,  854,  750, 1112,  951, 1093,  623,  436,  261,  749,  197,  951, 1191,  326,  485, 1100,  383,  696,  716,  660, 1204,  435,  102,  550,  156,  363,   53,  718,  741,  925,  550,  813,  886,  736,   74,  779,  512,  543,  720,  594],
        [  940,    0,  412,  728,  172, 1110,    0,  444,  351,  441,  861,  626,  666,  474,  836,  873,  835,  545, 1143,  500, 1013,  609,  279,  856,  799,  552,  867,  735,  734,  550,  340,  775,  514,  986,  972,  525,  786, 1002,  211,  596,  483,  973,  658,  161,  859,  878,  450,  414, 1152,  796,  725,  220,  821,  174,  454,  133,  376,  297,  693,  365,  521,  947,  834,  617,  330,  193,  286,  827,  909,  749,  558,  172,  351,  721,  962,  493,  464,  191,  830,  495,  809,  978,  702,  440,  616,  756,  857,  440,  741,  787,  260,  738,  651,  276,  832,  520,  737,  952,  734,  901,  498,  619,  610,  170,  373,  838,  646,  735,  720,  526,  906,  324,  110,  663,  538,  680,  464,  442,  316,  934,  384,  385,   62,  857, 1050,  406,  886,  291,  495,   46,  209,  128,  679,  685,  938,  917, 1142,  220,  105,  881,  668,   79,  826,  690,  666,  700,  119,  939, 1045,  623, 1148,  904, 1085,  413,  911,  388,  575,  301,  271,  561, 1126,  337,  604,  593,  634,  872],
        [  568,    0,  340,  459,  578,  678,  444,    0,   98,  318,  658,  205,  240,  497,  413,  429,  486,  272,  708,  144,  570,  207,  174,  670,  398,  148,  612,  305,  407,  302,  144,  496,   97,  542,  535,  346,  543,  583,  380,  405,  223,  613,  290,  490,  635,  453,  366,  353,  710,  605,  487,  325,  398,  272,  274,  480,  240,  148,  300,  253,   88,  692,  390,  192,  454,  510,  217,  520,  586,  533,  295,  580,  375,  538,  523,  497,   28,  417,  405,  361,  528,  625,  569,  204,  477,  312,  485,  405,  298,  362,  284,  475,  362,  488,  469,  115,  460,  510,  511,  584,   74,  211,  171,  393,  104,  416,  561,  384,  279,  162,  467,  239,  491,  278,   94,  418,  121,  213,  137,  496,   65,  439,  436,  506,  611,   69,  582,  177,  352,  439,  337,  416,  444,  245,  494,  734,  698,  275,  536,  439,  313,  424,  467,  506,  497,  491,  551,  515,  605,  192,  705,  467,  659,  184,  725,  433,  132,  145,  294,  253,  687,  165,  209,  150,  468,  490],
        [  623,    0,  333,  519,  481,  762,  351,   98,    0,  322,  658,  300,  319,  433,  491,  524,  531,  274,  793,  173,  667,  269,  102,  665,  464,  210,  626,  387,  440,  297,   64,  560,  186,  636,  633,  372,  598,  660,  317,  440,  212,  664,  337,  393,  640,  532,  314,  294,  802,  649,  491,  231,  476,  184,  291,  382,  180,   58,  389,  240,  170,  708,  484,  287,  370,  413,  168,  549,  623,  532,  295,  483,  346,  578,  611,  437,  114,  322,  502,  375,  593,  674,  545,  228,  450,  407,  539,  346,  391,  441,  193,  533,  378,  397,  553,  175,  522,  606,  560,  618,  165,  302,  268,  321,   46,  513,  525,  464,  376,  198,  556,  209,  394,  333,  189,  474,  137,  185,   39,  593,   34,  365,  340,  552,  708,   59,  612,  119,  315,  350,  242,  337,  445,  335,  589,  730,  792,  208,  441,  535,  355,  339,  515,  494,  480,  486,  455,  612,  694,  288,  798,  564,  739,  147,  722,  360,  225,   51,  206,  313,  776,   87,  267,  247,  449,  579],
        [  866,    0,   46,  291,  612,  909,  441,  318,  322,    0,  972,  341,  523,  738,  680,  615,  795,  584,  930,  460,  722,  513,  259,  982,  688,  460,  929,  572,  722,  612,  381,  339,  288,  731,  657,   85,  345,  843,  247,  156,  527,  914,  602,  572,  950,  713,  632,  608,  899,  362,  802,  480,  665,  315,   53,  549,  498,  301,  346,   92,  390, 1009,  589,  344,  642,  603,  191,  836,  899,  846,  607,  612,  126,  286,  745,  746,  342,  541,  501,   59,  371,  930,  867,  119,  772,  518,  786,  658,  524,  630,  467,  300,  679,  637,  430,  429,  302,  671,  294,  897,  296,  319,  375,  287,  366,  504,  846,  337,  463,  480,  691,  136,  540,  585,  366,  245,  433,  505,  334,  627,  323,  658,  476,  814,  738,  357,  897,  229,  637,  407,  483,  333,  758,  495,  672, 1046,  868,  232,  545,  604,  627,  374,  774,  813,  801,  802,  558,  597,  818,  361,  889,  599,  903,  468, 1038,  655,  396,  315,  484,  184,  897,  402,  519,  386,  770,  482],
        [  382,    0,  988, 1084,  867,  692,  861,  658,  658,  972,    0,  760,  543,  430,  533,  724,  314,  388,  732,  515,  835,  503,  748,   34,  453,  535,  104,  554,  301,  361,  610, 1110,  720,  750,  870, 1003, 1169,  563,  945, 1059,  447,  361,  416,  764,   43,  551,  412,  447,  822, 1246,  172,  643,  533,  776,  931,  780,  511,  697,  857,  895,  604,  124,  693,  745,  567,  751,  822,  222,  252,  127,  365,  871, 1002, 1186,  666,  407,  637,  687,  850, 1018, 1137,  340,  176,  861,  247,  678,  371,  427,  644,  536,  609, 1101,  302,  648, 1014,  557, 1080,  793, 1149,  239,  702,  784,  694,  933,  612,  865,  250,  965,  709,  500,  649,  866,  813,  445,  643, 1051,  539,  475,  660,  839,  650,  499,  808,  317,  897,  615,  208,  773,  371,  890,  653,  926,  215,  609,  756,   79,  861,  843,  885,  764,  386,  901,  340,  172,  195,  172,  893,  917,  714,  728,  832,  824,  640,  514,   69,  493,  633,  683,  595,  894,  757,  595,  490,  661,  228, 1001],
        [  558,    0,  382,  328,  772,  568,  626,  205,  300,  341,  760,    0,  227,  686,  352,  277,  513,  409,  589,  286,  399,  258,  348,  780,  380,  237,  691,  253,  468,  443,  349,  350,  115,  394,  348,  317,  412,  508,  510,  342,  383,  610,  346,  691,  729,  380,  549,  543,  564,  495,  593,  530,  338,  452,  289,  678,  435,  339,  105,  330,  184,  762,  248,   16,  657,  712,  354,  576,  621,  643,  430,  774,  449,  445,  404,  683,  201,  621,  205,  355,  378,  630,  710,  238,  628,  177,  488,  593,  187,  307,  488,  344,  462,  693,  276,  230,  322,  342,  398,  623,  135,   27,   66,  536,  308,  215,  719,  208,  122,  286,  351,  344,  686,  319,  140,  301,  288,  390,  338,  312,  269,  637,  628,  527,  429,  271,  632,  336,  522,  612,  541,  570,  559,  175,  337,  838,  540,  424,  724,  272,  376,  590,  486,  635,  633,  611,  739,  315,  478,   32,  556,  282,  564,  371,  829,  631,  133,  341,  498,  174,  557,  369,  271,  101,  610,  289],
        [  344,    0,  555,  554,  778,  445,  666,  240,  319,  523,  543,  227,    0,  561,  174,  248,  287,  244,  477,  179,  394,   74,  411,  565,  166,  116,  467,   70,  245,  275,  329,  574,  235,  341,  389,  522,  638,  344,  620,  560,  254,  394,  130,  678,  509,  214,  424,  431,  496,  722,  382,  502,  159,  502,  472,  674,  353,  376,  317,  479,  153,  537,  206,  214,  580,  690,  456,  350,  395,  433,  259,  781,  604,  671,  300,  551,  214,  594,  320,  552,  599,  411,  519,  405,  450,  153,  267,  473,  120,  123,  452,  570,  257,  639,  472,  147,  548,  335,  625,  397,  230,  253,  165,  632,  294,  334,  544,  425,  169,  159,  246,  473,  693,   99,  161,  528,  210,  283,  352,  351,  288,  538,  647,  302,  448,  261,  405,  417,  378,  668,  515,  653,  355,   69,  307,  621,  497,  514,  748,  276,  159,  657,  261,  437,  442,  408,  762,  407,  383,  196,  495,  327,  421,  288,  612,  531,  127,  369,  454,  388,  463,  338,   88,  141,  425,  463],
        [  659,    0,  735,  951,  444,  927,  474,  497,  433,  738,  430,  686,  561,    0,  672,  808,  547,  320,  967,  408,  952,  489,  480,  415,  600,  470,  473,  617,  454,  294,  370,  990,  591,  889,  950,  799, 1031,  794,  617,  870,  313,  670,  464,  347,  443,  710,  140,  145, 1022, 1081,  353,  281,  662,  453,  716,  368,  259,  439,  789,  647,  504,  540,  766,  671,  148,  329,  552,  493,  573,  351,  311,  448,  718, 1009,  827,   24,  492,  285,  860,  795, 1023,  663,  256,  658,  201,  710,  595,   94,  679,  641,  276,  965,  366,  224,  961,  462,  953,  895,  993,  561,  568,  699,  631,  591,  401,  873,  186,  880,  708,  416,  784,  606,  402,  489,  547,  906,  399,  298,  410,  911,  449,   91,  414,  566, 1008,  430,  534,  510,  186,  512,  285,  570,  323,  620,  865,  470, 1038,  539,  473,  836,  450,  533,  555,  284,  256,  311,  479,  959,  902,  663, 1025,  885,  885,  317,  465,   90,  564,  426,  258,  744,  972,  347,  474,  597,  234,  974],
        [  220,    0,  716,  658,  940,  276,  836,  413,  491,  680,  533,  352,  174,  672,    0,  195,  223,  358,  312,  340,  306,  229,  585,  562,   83,  285,  437,  110,  251,  380,  497,  667,  396,  227,  338,  667,  736,  170,  792,  694,  392,  273,  211,  838,  493,   43,  544,  560,  351,  828,  406,  661,   16,  674,  628,  836,  503,  549,  413,  645,  327,  487,  171,  344,  718,  846,  629,  312,  319,  451,  363,  943,  770,  788,  156,  657,  388,  751,  344,  702,  687,  296,  564,  565,  520,  191,  173,  592,  168,   52,  611,  673,  316,  785,  531,  318,  649,  261,  734,  326,  395,  379,  306,  805,  464,  358,  609,  514,  244,  316,  121,  642,  857,  191,  329,  641,  374,  429,  523,  308,  461,  668,  814,  226,  368,  433,  347,  590,  489,  840,  675,  826,  398,  186,  224,  605,  367,  687,  915,  235,  223,  830,  195,  479,  494,  445,  929,  391,  231,  326,  353,  297,  249,  442,  596,  660,  292,  541,  610,  525,  306,  504,  236,  295,  488,  502],
        [  404,    0,  657,  517, 1002,  303,  873,  429,  524,  615,  724,  277,  248,  808,  195,    0,  417,  489,  318,  420,  148,  321,  598,  752,  272,  354,  631,  194,  432,  518,  553,  516,  369,  119,  149,  579,  587,  280,  781,  587,  502,  455,  355,  908,  685,  191,  671,  679,  289,  683,  587,  734,  193,  700,  563,  901,  596,  576,  288,  606,  358,  682,   43,  278,  825,  923,  620,  506,  512,  634,  502, 1005,  725,  655,  143,  797,  410,  828,  169,  621,  529,  480,  740,  514,  683,  117,  367,  720,  137,  191,  686,  531,  480,  881,  360,  376,  505,   88,  596,  520,  380,  297,  267,  803,  513,  180,  776,  368,  159,  404,  105,  617,  916,  326,  336,  512,  445,  529,  562,  115,  491,  786,  863,  421,  200,  475,  542,  594,  624,  866,  747,  834,  571,  198,   66,  798,  270,  688,  964,   41,  378,  849,  389,  655,  665,  622,  978,  196,  206,  265,  282,  102,  309,  529,  789,  778,  299,  573,  690,  437,  283,  566,  335,  280,  654,  322],
        [  114,    0,  823,  838,  901,  400,  835,  486,  531,  795,  314,  513,  287,  547,  223,  417,    0,  292,  441,  359,  521,  283,  632,  344,  149,  338,  216,  270,  103,  293,  509,  855,  511,  437,  560,  804,  921,  265,  847,  845,  352,  139,  197,  793,  273,  238,  446,  473,  519, 1007,  216,  628,  225,  698,  747,  799,  463,  585,  596,  739,  407,  267,  390,  500,  633,  794,  694,   92,  109,  251,  282,  905,  860,  957,  353,  527,  459,  705,  557,  830,  878,  145,  377,  677,  360,  390,   60,  488,  359,  236,  581,  854,  193,  711,  736,  372,  831,  482,  910,  112,  501,  539,  452,  849,  490,  572,  436,  703,  432,  334,  336,  723,  826,  211,  432,  813,  395,  394,  551,  531,  509,  571,  798,   22,  584,  474,  127,  647,  386,  850,  642,  858,  228,  342,  444,  384,  553,  738,  893,  457,  177,  849,   29,  297,  318,  262,  905,  612,  406,  481,  527,  518,  352,  424,  375,  563,  407,  573,  574,  673,  458,  506,  278,  426,  325,  714],
        [  400,    0,  601,  717,  612,  625,  545,  272,  274,  584,  388,  409,  244,  320,  358,  489,  292,    0,  663,  132,  632,  174,  370,  399,  293,  173,  353,  297,  190,   35,  234,  748,  343,  569,  633,  617,  802,  498,  578,  676,   66,  430,  148,  505,  368,  398,  187,  203,  708,  871,  219,  337,  347,  419,  544,  509,  171,  319,  512,  509,  231,  435,  447,  393,  363,  508,  441,  287,  367,  262,   24,  616,  619,  807,  511,  309,  252,  417,  555,  631,  778,  434,  304,  474,  220,  395,  321,  236,  363,  323,  289,  733,  110,  434,  682,  182,  715,  575,  775,  359,  323,  428,  345,  574,  228,  569,  311,  615,  401,  124,  466,  482,  536,  170,  275,  679,  152,  105,  282,  594,  263,  310,  506,  314,  688,  228,  348,  391,  135,  562,  350,  578,  174,  307,  545,  463,  720,  471,  602,  519,  141,  564,  286,  236,  229,  220,  614,  649,  589,  380,  710,  570,  588,  140,  454,  303,  276,  306,  283,  517,  662,  225,  159,  309,  203,  684],
        [  351,    0,  971,  823, 1251,   42, 1143,  708,  793,  930,  732,  589,  477,  967,  312,  318,  441,  663,    0,  650,  265,  539,  881,  765,  371,  592,  629,  408,  518,  681,  806,  815,  668,  210,  347,  896,  885,  177, 1080,  903,  702,  376,  517, 1149,  690,  270,  846,  865,  112,  983,  656,  972,  326,  977,  878, 1147,  814,  850,  604,  914,  624,  642,  341,  588, 1025, 1158,  916,  525,  480,  691,  666, 1254, 1036,  963,  188,  950,  684, 1062,  468,  938,  822,  400,  817,  825,  795,  415,  384,  894,  416,  358,  922,  835,  602, 1094,  647,  624,  810,  287,  901,  494,  674,  611,  567, 1097,  770,  474,  876,  676,  467,  627,  244,  920, 1167,  501,  616,  823,  684,  739,  828,  352,  762,  972, 1123,  429,  303,  737,  525,  882,  789, 1143,  986, 1122,  664,  464,  270,  789,  172,  979, 1224,  338,  523, 1131,  424,  737,  757,  701, 1238,  433,  112,  573,  128,  368,   92,  754,  781,  964,  578,  844,  922,  754,   51,  813,  547,  569,  761,  595],
        [  452,    0,  481,  586,  601,  616,  500,  144,  173,  460,  515,  286,  179,  408,  340,  420,  359,  132,  650,    0,  568,  112,  274,  528,  300,   67,  469,  248,  271,  165,  161,  618,  212,  519,  553,  489,  671,  503,  489,  545,   98,  492,  165,  500,  492,  382,  269,  268,  675,  739,  344,  324,  326,  347,  418,  498,  176,  228,  390,  391,  103,  550,  378,  270,  406,  511,  337,  382,  453,  390,  155,  604,  508,  676,  477,  402,  122,  416,  453,  504,  649,  502,  434,  347,  347,  311,  368,  315,  284,  293,  274,  602,  219,  461,  561,   56,  584,  507,  644,  449,  192,  303,  226,  492,  134,  466,  436,  490,  302,   26,  425,  370,  517,  164,  147,  548,   38,  112,  196,  513,  152,  371,  475,  380,  618,  116,  444,  289,  236,  507,  337,  505,  302,  223,  482,  591,  676,  380,  576,  443,  182,  501,  343,  367,  360,  350,  589,  555,  560,  259,  673,  486,  587,  109,  582,  364,  157,  217,  275,  386,  639,  165,  105,  191,  334,  570],
        [  480,    0,  766,  572, 1146,  270, 1013,  570,  667,  722,  835,  399,  394,  952,  306,  148,  521,  632,  265,  568,    0,  467,  736,  864,  388,  501,  736,  335,  556,  660,  698,  558,  503,   89,   83,  675,  627,  316,  909,  668,  648,  526,  494, 1054,  794,  284,  816,  825,  190,  725,  711,  880,  310,  839,  673, 1046,  743,  717,  378,  726,  503,  776,  190,  404,  972, 1069,  752,  613,  603,  756,  643, 1149,  840,  712,  175,  940,  553,  974,  226,  719,  563,  552,  869,  632,  818,  262,  465,  865,  284,  320,  832,  583,  613, 1028,  387,  523,  558,   62,  649,  614,  516,  414,  404,  934,  658,  228,  910,  430,  293,  551,  187,  742, 1060,  466,  478,  578,  592,  676,  705,   99,  634,  932, 1006,  520,   63,  620,  639,  729,  767, 1003,  893,  967,  701,  346,   88,  905,  147,  821, 1106,  132,  513,  985,  495,  784,  796,  750, 1121,  169,  174,  394,  176,  124,  301,  676,  896,  925,  443,  715,  837,  539,  217,  712,  481,  421,  788,  333],
        [  362,    0,  541,  583,  713,  505,  609,  207,  269,  513,  503,  258,   74,  489,  229,  321,  283,  174,  539,  112,  467,    0,  367,  522,  196,   61,  437,  138,  217,  206,  269,  607,  231,  413,  462,  524,  668,  394,  581,  570,  181,  407,   93,  611,  472,  271,  351,  358,  565,  746,  336,  435,  214,  450,  464,  609,  282,  327,  357,  457,  124,  512,  279,  243,  507,  622,  421,  330,  387,  385,  190,  716,  581,  690,  367,  479,  180,  526,  383,  548,  635,  420,  460,  395,  386,  222,  279,  399,  191,  181,  384,  599,  205,  567,  521,   96,  578,  408,  649,  387,  219,  281,  192,  589,  238,  397,  479,  465,  230,   89,  315,  445,  629,   73,  151,  551,  146,  211,  298,  423,  241,  465,  586,  302,  521,  210,  389,  377,  306,  614,  448,  606,  303,  134,  381,  581,  568,  473,  687,  348,  121,  606,  262,  381,  383,  356,  700,  476,  449,  227,  564,  398,  477,  218,  572,  458,  132,  318,  385,  400,  528,  275,   16,  159,  364,  518],
        [  724,    0,  258,  501,  429,  852,  279,  174,  102,  259,  748,  348,  411,  480,  585,  598,  632,  370,  881,  274,  736,  367,    0,  754,  562,  307,  722,  478,  541,  390,  139,  545,  235,  713,  693,  325,  573,  754,  216,  398,  306,  765,  438,  357,  733,  625,  379,  352,  882,  610,  585,  228,  569,  105,  241,  340,  248,   51,  420,  168,  259,  804,  560,  339,  388,  383,   76,  649,  724,  623,  390,  430,  256,  536,  696,  488,  198,  304,  552,  316,  579,  775,  625,  195,  529,  482,  640,  401,  471,  533,  210,  514,  476,  394,  570,  272,  507,  676,  529,  719,  220,  342,  333,  222,  144,  561,  596,  475,  443,  299,  640,  128,  344,  433,  266,  453,  238,  274,   89,  656,  126,  400,  283,  653,  772,  159,  711,   31,  392,  268,  234,  242,  538,  418,  663,  818,  868,  107,  378,  605,  456,  251,  616,  581,  565,  576,  392,  662,  779,  344,  877,  626,  831,  235,  810,  397,  305,   65,  226,  307,  860,  155,  366,  319,  532,  605],
        [  415,    0,  997, 1102,  855,  725,  856,  670,  665,  982,   34,  780,  565,  415,  562,  752,  344,  399,  765,  528,  864,  522,  754,    0,  482,  552,  137,  579,  326,  371,  615, 1129,  735,  780,  898, 1016, 1188,  595,  947, 1073,  455,  394,  437,  754,   75,  580,  407,  442,  854, 1262,  188,  639,  561,  777,  943,  771,  513,  703,  878,  904,  620,  153,  720,  765,  555,  740,  828,  252,  285,  139,  376,  859, 1008, 1201,  697,  392,  650,  678,  875, 1029, 1157,  373,  160,  873,  241,  702,  402,  419,  668,  563,  607, 1119,  319,  636, 1037,  572, 1099,  822, 1166,  272,  717,  803,  714,  933,  620,  890,  232,  986,  732,  514,  678,  874,  804,  467,  660, 1068,  551,  482,  666,  867,  660,  488,  802,  348,  927,  625,  240,  779,  371,  886,  648,  925,  227,  632,  785,   65,  893,  846,  876,  791,  407,  899,  370,  173,  193,  180,  884,  944,  746,  748,  864,  852,  673,  520,   58,  483,  651,  689,  592,  910,  790,  599,  509,  680,  226, 1025],
        [  180,    0,  720,  699,  892,  333,  799,  398,  464,  688,  453,  380,  166,  600,   83,  272,  149,  293,  371,  300,  388,  196,  562,  482,    0,  256,  360,  128,  169,  311,  460,  713,  400,  309,  417,  685,  781,  207,  775,  720,  335,  231,  149,  787,  414,  113,  476,  494,  424,  869,  324,  612,   80,  645,  637,  788,  449,  522,  455,  643,  312,  415,  242,  369,  655,  793,  614,  235,  253,  369,  295,  895,  768,  823,  234,  584,  371,  699,  409,  716,  735,  251,  483,  570,  440,  242,  110,  523,  212,   87,  562,  715,  238,  725,  588,  291,  691,  342,  774,  259,  395,  407,  324,  784,  431,  423,  529,  560,  288,  274,  203,  634,  810,  138,  325,  678,  337,  374,  493,  386,  437,  601,  772,  158,  450,  405,  276,  572,  419,  807,  626,  801,  316,  206,  306,  527,  445,  668,  872,  311,  153,  800,  121,  398,  412,  363,  885,  465,  304,  350,  428,  372,  296,  394,  518,  594,  293,  513,  560,  548,  373,  463,  198,  304,  408,  565],
        [  421,    0,  486,  552,  662,  559,  552,  148,  210,  460,  535,  237,  116,  470,  285,  354,  338,  173,  592,   67,  501,   61,  307,  552,  256,    0,  478,  186,  264,  207,  214,  580,  186,  454,  487,  477,  637,  451,  521,  527,  158,  465,  143,  563,  508,  326,  330,  332,  612,  711,  365,  386,  270,  392,  413,  558,  243,  267,  341,  401,   72,  555,  312,  221,  472,  575,  361,  377,  440,  413,  194,  665,  523,  651,  416,  463,  122,  479,  391,  498,  610,  478,  474,  343,  392,  245,  338,  378,  218,  235,  336,  568,  234,  527,  510,   36,  549,  441,  615,  438,  171,  257,  173,  529,  180,  405,  483,  444,  239,   55,  362,  386,  577,  130,  109,  517,   94,  178,  240,  447,  181,  436,  531,  358,  552,  151,  438,  317,  293,  556,  399,  546,  327,  157,  417,  613,  611,  413,  633,  376,  168,  547,  319,  400,  397,  378,  646,  490,  499,  208,  610,  420,  533,  175,  604,  429,  104,  259,  339,  360,  579,  222,   62,  137,  374,  514],
        [  279,    0,  949, 1018,  893,  588,  867,  612,  626,  929,  104,  691,  467,  473,  437,  631,  216,  353,  629,  469,  736,  437,  722,  137,  360,  478,    0,  470,  223,  333,  586, 1040,  663,  650,  775,  953, 1102,  460,  928, 1004,  417,  258,  346,  786,   62,  452,  424,  458,  719, 1183,  143,  648,  439,  763,  885,  799,  500,  672,  784,  858,  549,   83,  602,  677,  597,  778,  794,  126,  149,  124,  332,  896,  971, 1126,  566,  450,  588,  704,  764,  972, 1066,  239,  235,  815,  274,  593,  272,  449,  560,  445,  609, 1034,  251,  680,  935,  504, 1012,  697, 1085,  135,  648,  716,  626,  920,  581,  779,  310,  892,  629,  450,  551,  833,  831,  372,  584,  988,  498,  451,  634,  745,  614,  529,  818,  216,  798,  578,  104,  744,  373,  892,  659,  919,  189,  531,  659,  169,  758,  822,  902,  671,  317,  899,  243,  191,  218,  171,  912,  825,  611,  659,  729,  732,  537,  489,  160,  522,  568,  658,  597,  835,  654,  574,  426,  595,  245,  918],
        [  305,    0,  608,  572,  847,  376,  735,  305,  387,  572,  554,  253,   70,  617,  110,  194,  270,  297,  408,  248,  335,  138,  478,  579,  128,  186,  470,    0,  254,  326,  399,  587,  287,  276,  341,  564,  654,  279,  684,  595,  317,  357,  163,  747,  517,  148,  482,  492,  428,  742,  404,  571,   95,  570,  521,  744,  420,  444,  328,  535,  219,  532,  154,  244,  644,  759,  520,  347,  377,  453,  309,  850,  661,  696,  230,  605,  280,  663,  297,  596,  609,  378,  551,  457,  490,  124,  237,  531,   91,   59,  521,  588,  289,  705,  467,  217,  564,  279,  646,  381,  286,  280,  201,  697,  363,  311,  584,  434,  162,  226,  178,  533,  762,  133,  220,  551,  279,  348,  421,  304,  356,  600,  716,  282,  392,  330,  395,  482,  432,  736,  584,  719,  384,   80,  248,  631,  431,  580,  818,  227,  186,  725,  242,  467,  475,  436,  832,  370,  313,  224,  426,  283,  354,  355,  621,  593,  183,  437,  522,  424,  393,  408,  150,  187,  463,  449],
        [  215,    0,  747,  795,  799,  478,  734,  407,  440,  722,  301,  468,  245,  454,  251,  432,  103,  190,  518,  271,  556,  217,  541,  326,  169,  264,  223,  254,    0,  191,  414,  817,  447,  477,  580,  739,  880,  343,  755,  787,  252,  241,  125,  691,  266,  279,  346,  371,  584,  961,  156,  526,  247,  602,  676,  697,  361,  493,  561,  659,  335,  296,  398,  454,  533,  691,  606,  114,  183,  203,  180,  802,  778,  906,  401,  435,  381,  603,  550,  761,  843,  244,  314,  606,  278,  377,  143,  389,  343,  242,  479,  811,   92,  610,  714,  294,  790,  508,  864,  179,  433,  493,  403,  755,  398,  565,  363,  670,  409,  247,  371,  640,  724,  150,  367,  766,  305,  293,  458,  547,  422,  472,  696,  124,  617,  386,  175,  558,  286,  751,  539,  762,  149,  310,  472,  378,  610,  646,  791,  470,   97,  751,  103,  230,  245,  195,  803,  621,  466,  436,  590,  530,  433,  325,  369,  464,  348,  481,  472,  616,  528,  408,  208,  373,  244,  701],
        [  405,    0,  627,  750,  608,  642,  550,  302,  297,  612,  361,  443,  275,  294,  380,  518,  293,   35,  681,  165,  660,  206,  390,  371,  311,  207,  333,  326,  191,    0,  253,  781,  376,  595,  663,  647,  835,  513,  596,  707,   86,  431,  170,  500,  344,  419,  166,  186,  730,  903,  195,  338,  369,  432,  573,  507,  175,  340,  547,  534,  265,  415,  477,  427,  348,  501,  463,  277,  360,  235,   17,  612,  642,  839,  534,  281,  284,  412,  588,  659,  812,  432,  270,  503,  185,  427,  328,  213,  394,  347,  292,  766,  102,  422,  716,  216,  748,  604,  808,  351,  356,  462,  379,  589,  251,  602,  277,  649,  434,  157,  490,  506,  534,  196,  308,  712,  182,  119,  302,  624,  290,  291,  509,  315,  717,  255,  337,  413,  110,  570,  351,  590,  149,  339,  573,  435,  744,  490,  602,  549,  159,  574,  291,  204,  196,  191,  614,  681,  610,  414,  733,  601,  603,  156,  427,  284,  310,  326,  283,  549,  682,  241,  191,  343,  170,  718],
        [  608,    0,  388,  582,  451,  772,  340,  144,   64,  381,  610,  349,  329,  370,  497,  553,  509,  234,  806,  161,  698,  269,  139,  615,  460,  214,  586,  399,  414,  253,    0,  622,  239,  660,  670,  434,  661,  662,  344,  503,  170,  646,  322,  356,  595,  539,  253,  231,  822,  712,  447,  185,  483,  190,  352,  349,  118,   88,  443,  295,  195,  668,  511,  335,  312,  373,  214,  518,  596,  485,  254,  454,  393,  641,  628,  374,  151,  278,  546,  435,  655,  653,  489,  290,  394,  437,  525,  283,  417,  448,  141,  596,  343,  345,  610,  183,  584,  637,  623,  590,  216,  354,  309,  342,   42,  558,  465,  522,  412,  187,  573,  261,  365,  324,  225,  537,  124,  136,   51,  630,   84,  303,  318,  531,  742,   80,  580,  164,  257,  347,  197,  349,  401,  357,  617,  680,  817,  237,  420,  568,  336,  342,  497,  443,  427,  438,  433,  655,  711,  333,  819,  601,  746,   97,  672,  298,  257,   74,  150,  375,  791,   24,  264,  283,  395,  633],
        [  885,    0,  378,   49,  945,  809,  775,  496,  560,  339, 1110,  350,  574,  990,  667,  516,  855,  748,  815,  618,  558,  607,  545, 1129,  713,  580, 1040,  587,  817,  781,  622,    0,  408,  606,  477,  255,   71,  794,  586,  194,  712,  938,  696,  894, 1079,  684,  862,  847,  747,  169,  942,  771,  656,  630,  322,  873,  732,  569,  260,  411,  517, 1110,  514,  365,  925,  922,  500,  924,  963,  991,  770,  946,  456,  160,  658,  991,  507,  848,  350,  295,   35,  960, 1051,  351,  964,  477,  823,  899,  503,  631,  745,   43,  811,  938,  173,  566,   40,  528,   96,  966,  430,  326,  416,  626,  590,  342, 1052,  154,  427,  625,  619,  454,  868,  668,  474,   96,  609,  707,  589,  464,  541,  924,  804,  868,  546,  562,  977,  519,  846,  743,  778,  671,  906,  514,  548, 1188,  699,  558,  880,  485,  725,  712,  827,  980,  976,  958,  893,  394,  708,  382,  733,  447,  823,  679, 1179,  919,  479,  579,  760,  247,  770,  645,  620,  449,  951,  231],
        [  578,    0,  322,  375,  658,  642,  514,   97,  186,  288,  720,  115,  235,  591,  396,  369,  511,  343,  668,  212,  503,  231,  235,  735,  400,  186,  663,  287,  447,  376,  239,  408,    0,  486,  458,  294,  459,  563,  414,  341,  304,  627,  323,  576,  693,  431,  458,  447,  657,  528,  549,  417,  380,  340,  238,  564,  335,  225,  204,  250,  116,  740,  334,  104,  549,  598,  252,  560,  617,  597,  366,  660,  375,  467,  481,  590,  100,  507,  319,  319,  439,  643,  646,  171,  558,  256,  499,  499,  252,  345,  377,  391,  419,  582,  373,  164,  373,  443,  433,  617,   24,  116,  103,  435,  200,  329,  645,  289,  212,  222,  425,  253,  572,  302,   81,  337,  202,  301,  224,  421,  157,  535,  514,  529,  537,  165,  619,  227,  439,  502,  428,  465,  509,  212,  433,  797,  638,  320,  611,  372,  350,  482,  488,  578,  572,  559,  626,  429,  560,  110,  650,  391,  630,  276,  788,  529,  108,  227,  388,  175,  642,  260,  240,  102,  545,  394],
        [  392,    0,  774,  614, 1111,  204,  986,  542,  636,  731,  750,  394,  341,  889,  227,  119,  437,  569,  210,  519,   89,  413,  713,  780,  309,  454,  650,  276,  477,  595,  660,  606,  486,    0,  154,  692,  677,  229,  899,  695,  592,  437,  426, 1014,  709,  201,  755,  767,  171,  774,  632,  839,  233,  814,  680, 1009,  693,  689,  397,  724,  467,  689,  154,  396,  919, 1028,  738,  528,  516,  676,  579, 1113,  842,  753,   87,  876,  522,  932,  258,  735,  615,  464,  791,  632,  745,  232,  379,  804,  245,  249,  790,  626,  540,  979,  440,  480,  600,   80,  692,  527,  496,  414,  384,  921,  621,  265,  835,  466,  277,  499,  108,  735, 1025,  400,  449,  614,  547,  623,  673,  148,  603,  875,  974,  435,  150,  585,  553,  710,  704,  980,  852,  950,  624,  303,   61,  819,  158,  805, 1075,  130,  443,  964,  411,  706,  720,  672, 1089,  235,  102,  383,  164,  160,  225,  628,  810,  867,  411,  686,  793,  551,  169,  672,  425,  395,  714,  392],
        [  533,    0,  702,  492, 1112,  350,  972,  535,  633,  657,  870,  348,  389,  950,  338,  149,  560,  633,  347,  553,   83,  462,  693,  898,  417,  487,  775,  341,  580,  663,  670,  477,  458,  154,    0,  605,  545,  381,  855,  593,  640,  581,  503, 1024,  830,  325,  812,  817,  271,  643,  735,  854,  338,  798,  609, 1014,  727,  680,  312,  668,  477,  821,  188,  356,  957, 1042,  702,  650,  650,  783,  646, 1115,  777,  631,  234,  940,  521,  948,  156,  650,  481,  607,  888,  574,  831,  242,  506,  860,  272,  339,  808,  502,  628, 1008,  305,  504,  477,   82,  568,  659,  475,  360,  365,  882,  629,  155,  924,  352,  259,  539,  228,  688, 1026,  473,  446,  500,  573,  664,  672,   40,  600,  922,  970,  561,   82,  590,  682,  684,  766,  959,  866,  917,  720,  331,  119,  943,  224,  772, 1068,  115,  526,  938,  532,  804,  814,  771, 1083,   86,  251,  350,  257,   69,  377,  659,  933,  915,  414,  679,  814,  474,  300,  686,  476,  388,  803,  251],
        [  865,    0,  123,  207,  695,  879,  525,  346,  372,   85, 1003,  317,  522,  799,  667,  579,  804,  617,  896,  489,  675,  524,  325, 1016,  685,  477,  953,  564,  739,  647,  434,  255,  294,  692,  605,    0,  262,  825,  331,   75,  566,  915,  615,  652,  979,  697,  686,  664,  857,  287,  832,  551,  653,  392,   84,  630,  551,  361,  297,  167,  405, 1031,  558,  323,  711,  682,  264,  852,  910,  878,  641,  696,  204,  212,  715,  805,  367,  617,  450,   47,  287,  933,  910,  146,  817,  493,  789,  715,  504,  620,  533,  215,  705,  712,  357,  450,  219,  627,  212,  910,  307,  292,  363,  371,  412,  450,  895,  268,  437,  505,  664,  212,  622,  595,  374,  162,  466,  548,  390,  577,  366,  723,  558,  821,  685,  397,  912,  295,  684,  491,  555,  417,  790,  484,  632, 1079,  821,  313,  628,  563,  643,  458,  780,  851,  841,  837,  641,  539,  785,  342,  846,  551,  878,  513, 1070,  719,  398,  374,  550,  145,  860,  456,  532,  382,  811,  412],
