{
    "name": "random-59-23430",
    "comment": "size=59 seed=23430",
    "nodes": ["+0", "-0", "+1", "-1", "+2", "-2", "+3", "-3", "+4", "-4", "+5", "-5", "+6", "-6", "+7", "-7", "+8", "-8", "+9", "-9", "+10", "-10", "+11", "-11", "+12", "-12", "+13", "-13", "+14", "-14", "+15", "-15", "+16", "-16", "+17", "-17", "+18", "-18", "+19", "-19", "+20", "-20", "+21", "-21", "+22", "-22", "+23", "-23", "+24", "-24", "+25", "-25", "+26", "-26", "+27", "-27", "+28", "-28", "+29", "-29", "+30", "-30", "+31", "-31", "+32", "-32", "+33", "-33", "+34", "-34", "+35", "-35", "+36", "-36", "+37", "-37", "+38", "-38", "+39", "-39", "+40", "-40", "+41", "-41", "+42", "-42", "+43", "-43", "+44", "-44", "+45", "-45", "+46", "-46", "+47", "-47", "+48", "-48", "+49", "-49", "+50", "-50", "+51", "-51", "+52", "-52", "+53", "-53", "+54", "-54", "+55", "-55", "+56", "-56", "+57", "-57", "+58", "-58", "+59", "-59"],
    "precedence": {
        "+0": "-0",
        "+1": "-1",
        "+2": "-2",
        "+3": "-3",
        "+4": "-4",
        "+5": "-5",
        "+6": "-6",
        "+7": "-7",
        "+8": "-8",
        "+9": "-9",
        "+10": "-10",
        "+11": "-11",
        "+12": "-12",
        "+13": "-13",
        "+14": "-14",
        "+15": "-15",
        "+16": "-16",
        "+17": "-17",
        "+18": "-18",
        "+19": "-19",
        "+20": "-20",
        "+21": "-21",
        "+22": "-22",
        "+23": "-23",
        "+24": "-24",
        "+25": "-25",
        "+26": "-26",
        "+27": "-27",
        "+28": "-28",
        "+29": "-29",
        "+30": "-30",
        "+31": "-31",
        "+32": "-32",
        "+33": "-33",
        "+34": "-34",
        "+35": "-35",
        "+36": "-36",
        "+37": "-37",
        "+38": "-38",
        "+39": "-39",
        "+40": "-40",
        "+41": "-41",
        "+42": "-42",
        "+43": "-43",
        "+44": "-44",
        "+45": "-45",
        "+46": "-46",
        "+47": "-47",
        "+48": "-48",
        "+49": "-49",
        "+50": "-50",
        "+51": "-51",
        "+52": "-52",
        "+53": "-53",
        "+54": "-54",
        "+55": "-55",
        "+56": "-56",
        "+57": "-57",
        "+58": "-58",
        "+59": "-59"
    },
    "edges": [
        [    0,    0,  191, 1128,  983,  897,  345,  735,  838,  351,  982,  941,  313,  942,  569,  778,  812,  161,  301,  692, 1007,  730,  176,  555,  777,  647,   71,  441,  180,  681,  663,  949,  941,  113,  765,  241,  794,  651,  681,  973,  999,  545,  385,  357,  434,  398,  310,  473,   86,  836,  338,  883,   54,  568,  723,  677, 1089, 1101,  419,  233,  306,  121,  934,  682,  586,  118,  632,  568,  933,  743,  505,  927,  401,  896,  212,  835, 1005,  817,  987,  494,  412,  648,  760,  828,  900, 1061,  221,  913,  430,   78,  664,  441,  807,  966,  614,  385,  852,   56,  512,  747,  260,  916,  595,  780,  990,  528,  210,  868,  711,  666, 1100,  657,  340,  882,  402,  359,  413,  206,  470,  533],
        [    0,    0,    0,    0,    0,    0,    0,    0,    0,    0,    0,    0,    0,    0,    0,    0,    0,    0,    0,    0,    0,    0,    0,    0,    0,    0,    0,    0,    0,    0,    0,    0,    0,    0,    0,    0,    0,    0,    0,    0,    0,    0,    0,    0,    0,    0,    0,    0,    0,    0,    0,    0,    0,    0,    0,    0,    0,    0,    0,    0,    0,    0,    0,    0,    0,    0,    0,    0,    0,    0,    0,    0,    0,    0,    0,    0,    0,    0,    0,    0,    0,    0,    0,    0,    0,    0,    0,    0,    0,    0,    0,    0,    0,    0,    0,    0,    0,    0,    0,    0,    0,    0,    0,    0,    0,    0,    0,    0,    0,    0,    0,    0,    0,    0,    0,    0,    0,    0,    0,    0],
        [  191,    0,    0, 1221, 1052,  893,  157,  890,  972,  188,  939,  874,  127,  887,  737,  914,  872,  129,  125,  765, 1044,  817,  345,  738,  697,  563,  261,  407,  300,  799,  603,  936, 1047,  286,  713,  139,  863,  838,  703,  976, 1074,  657,  425,  543,  609,  533,  449,  658,  199,  900,  362,  822,  182,  472,  779,  816, 1186, 1176,  302,  329,  492,  210,  852,  823,  592,  134,  731,  557, 1026,  719,  658,  888,  531,  824,  255,  745, 1073,  917,  929,  653,  372,  807,  688,  885, 1023, 1131,  204, 1030,  457,  194,  830,  549,  778, 1073,  729,  378,  948,  241,  399,  897,  444,  889,  773,  709,  944,  487,  337,  892,  698,  691, 1171,  635,  492,  951,  500,  233,  598,  115,  609,  712],
        [ 1128,    0, 1221,    0,  216,  603, 1275,  561,  392, 1199,  791,  906, 1324,  849,  720,  435,  381, 1092, 1222,  460,  372,  404,  972,  847,  950,  970, 1095,  892,  950,  462,  881,  638,  203, 1028,  834, 1111,  374,  894,  597,  553,  181,  586,  802,  930,  832,  744,  827,  890, 1057,  348,  867,  872, 1089, 1017,  469,  519,   48,  127, 1089,  904,  952, 1030,  979,  526,  706, 1096,  497,  762,  196,  730,  688,  769,  736,  922,  966, 1001,  206,  313,  871,  720,  921,  629,  914,  378,  300,  167, 1022,  262,  782, 1066,  661,  687,  733,  184,  521,  878,  277, 1084, 1072,  528,  968,  709,  785,  911,  808,  865,  919,  481,  699,  597,  145,  753,  816,  294,  729, 1117,  909, 1117,  686,  808],
        [  983,    0, 1052,  216,    0,  391, 1090,  556,  407, 1010,  585,  694, 1147,  638,  673,  424,  182,  924, 1039,  291,  180,  261,  843,  805,  734,  757,  959,  697,  803,  380,  667,  432,  221,  891,  618,  932,  190,  877,  390,  351,   36,  464,  627,  843,  755,  626,  699,  829,  905,  152,  690,  658,  939,  808,  276,  472,  211,  126,  892,  751,  854,  875,  767,  485,  503,  934,  369,  558,  143,  514,  608,  558,  614,  709,  801,  785,   23,  231,  664,  644,  728,  597,  698,  173,  332,   80,  849,  291,  600,  914,  640,  550,  517,  227,  417,  691,  192,  944,  867,  523,  861,  498,  752,  695,  603,  661,  776,  266,  484,  393,  120,  541,  701,  102,  583,  926,  834,  943,  584,  758],
        [  897,    0,  893,  603,  391,    0,  877,  797,  703,  789,  202,  304,  954,  248,  835,  690,  301,  783,  837,  372,  244,  424,  816,  956,  369,  434,  903,  487,  739,  573,  347,   64,  575,  842,  260,  756,  339, 1056,  232,   89,  427,  553,  517,  909,  854,  670,  704,  944,  812,  321,  560,  270,  845,  512,  297,  682,  601,  488,  648,  681,  897,  777,  377,  698,  312,  809,  489,  337,  497,  187,  730,  168,  652,  321,  687,  408,  398,  502,  276,  764,  522,  797,  339,  287,  660,  440,  701,  628,  469,  820,  847,  573,  153,  591,  559,  521,  487,  879,  589,  771,  883,  108,  923,  330,  220,  413,  728,  135,  197,  250,  473,  262,  735,  354,  570,  703,  924,  779,  673,  902],
        [  345,    0,  157, 1275, 1090,  877,    0, 1002, 1066,   89,  889,  804,   94,  827,  862, 1010,  908,  231,   58,  815, 1057,  876,  482,  877,  623,  493,  414,  402,  418,  884,  552,  911, 1116,  429,  663,  174,  906,  981,  716,  963, 1116,  741,  476,  686,  744,  640,  562,  800,  333,  939,  412,  759,  326,  398,  815,  917, 1244, 1216,  233,  429,  636,  333,  771,  926,  600,  260,  803,  554, 1084,  692,  772,  842,  635,  752,  342,  660, 1110,  985,  865,  773,  368,  923,  622,  918, 1106, 1169,  270, 1109,  493,  331,  951,  636,  745, 1142,  814,  399, 1011,  391,  315, 1005,  589,  854,  907,  643,  891,  464,  454,  899,  682,  708, 1210,  615,  612,  992,  583,  175,  740,  184,  716,  847],
        [  735,    0,  890,  561,  556,  797, 1002,    0,  170,  953,  990, 1047, 1015, 1008,  187,  133,  510,  775,  945,  429,  704,  375,  560,  295,  988,  930,  679,  737,  591,  226,  868,  859,  368,  623,  892,  831,  469,  334,  616,  812,  544,  308,  581,  430,  327,  362,  443,  355,  694,  501,  630,  991,  717,  924,  503,  120,  514,  613,  903,  573,  469,  681, 1095,  104,  649,  758,  322,  695,  423,  793,  233,  941,  369, 1034,  662, 1057,  573,  330, 1049,  243,  748,   92,  952,  527,  262,  602,  736,  300,  600,  700,  104,  388,  839,  381,  259,  683,  366,  681,  938,   34,  502,  890,  231,  961, 1007,  768,  554,  675,  742,  601,  623,  753,  399,  500,  439,  895,  392,  819,  287,  266],
        [  838,    0,  972,  392,  407,  703, 1066,  170,    0, 1006,  903,  978, 1092,  932,  341,   61,  403,  849, 1009,  360,  570,  291,  666,  460,  947,  912,  790,  749,  676,  190,  838,  761,  203,  728,  842,  893,  365,  503,  559,  702,  390,  327,  608,  572,  469,  443,  531,  512,  784,  386,  667,  926,  811,  923,  425,  162,  345,  450,  933,  645,  604,  765, 1035,  161,  620,  839,  290,  674,  267,  736,  342,  860,  443,  974,  727, 1014,  422,  203,  970,  366,  767,  245,  910,  418,   93,  444,  797,  132,  613,  791,  272,  431,  772,  213,  256,  707,  228,  787,  951,  137,  630,  804,  397,  916,  920,  762,  639,  572,  688,  547,  461,  713,  500,  371,  483,  937,  541,  887,  369,  426],
        [  351,    0,  188, 1199, 1010,  789,   89,  953, 1006,    0,  802,  720,  175,  741,  825,  951,  829,  208,   67,  740,  972,  803,  461,  852,  539,  407,  415,  318,  384,  821,  465,  823, 1045,  416,  576,  129,  828,  960,  633,  876, 1037,  680,  406,  668,  715,  593,  521,  779,  318,  860,  343,  674,  320,  313,  736,  862, 1170, 1136,  145,  384,  619,  308,  689,  872,  516,  246,  736,  469, 1010,  604,  728,  755,  585,  668,  294,  579, 1030,  914,  780,  732,  284,  879,  537,  838, 1042, 1088,  219, 1042,  418,  318,  910,  577,  657, 1071,  752,  322,  939,  389,  232,  954,  573,  766,  876,  558,  804,  377,  418,  814,  595,  625, 1129,  528,  574,  913,  524,   88,  721,  155,  667,  817],
        [  982,    0,  939,  791,  585,  202,  889,  990,  903,  802,    0,  135,  976,   79, 1010,  887,  501,  846,  859,  561,  421,  619,  933, 1125,  285,  400, 1001,  544,  845,  764,  339,  154,  777,  946,  227,  801,  539, 1230,  389,  239,  620,  726,  625, 1055, 1012,  821,  840, 1104,  899,  523,  653,  142,  929,  494,  488,  872,  793,  670,  657,  789, 1036,  864,  213,  888,  423,  880,  673,  421,  698,  246,  900,   57,  803,  177,  773,  289,  589,  703,   82,  932,  576,  981,  273,  489,  862,  624,  768,  830,  575,  906, 1032,  726,  181,  792,  742,  597,  689,  974,  577,  965, 1014,  100, 1098,  254,   19,  458,  842,  337,  290,  407,  654,  329,  879,  555,  712,  722, 1077,  831,  837, 1072],
        [  941,    0,  874,  906,  694,  304,  804, 1047,  978,  720,  135,    0,  895,   59, 1045,  955,  587,  794,  782,  624,  541,  689,  915, 1151,  182,  314,  968,  502,  822,  823,  278,  272,  872,  920,  183,  739,  621, 1260,  432,  360,  730,  764,  613, 1058, 1029,  836,  841, 1120,  860,  612,  627,   62,  888,  408,  554,  928,  904,  788,  579,  769, 1034,  827,   79,  944,  430,  831,  726,  410,  795,  258,  930,  138,  818,   54,  738,  165,  701,  785,   68,  960,  529, 1028,  186,  577,  947,  741,  721,  919,  564,  867, 1078,  744,  209,  889,  792,  564,  776,  940,  490, 1025, 1007,  198, 1131,  165,  124,  415,  825,  434,  309,  448,  773,  322,  885,  651,  722,  647, 1087,  771,  863, 1098],
        [  313,    0,  127, 1324, 1147,  954,   94, 1015, 1092,  175,  976,  895,    0,  916,  863, 1034,  966,  243,  118,  865, 1124,  922,  472,  864,  714,  582,  383,  472,  424,  915,  638,  991, 1157,  412,  750,  215,  960,  963,  783, 1040, 1171,  772,  523,  668,  736,  656,  572,  783,  325,  995,  459,  849,  309,  487,  872,  938, 1291, 1272,  319,  448,  617,  334,  863,  945,  667,  258,  842,  625, 1131,  772,  783,  928,  653,  843,  367,  752, 1167, 1027,  955,  778,  437,  932,  712,  977, 1139, 1226,  304, 1144,  548,  321,  956,  665,  827, 1183,  845,  459, 1056,  366,  406, 1021,  570,  937,  900,  732,  979,  541,  461,  969,  759,  773, 1267,  693,  617, 1047,  614,  255,  723,  209,  732,  838],
        [  942,    0,  887,  849,  638,  248,  827, 1008,  932,  741,   79,   59,  916,    0, 1014,  912,  537,  800,  801,  581,  482,  644,  905, 1123,  212,  335,  965,  502,  814,  783,  285,  213,  820,  914,  177,  750,  572, 1231,  395,  302,  674,  731,  600, 1040, 1005,  812,  823, 1097,  860,  561,  620,   69,  889,  430,  510,  889,  848,  730,  598,  760, 1018,  826,  138,  905,  407,  835,  687,  395,  743,  229,  900,   81,  794,   98,  736,  211,  644,  737,   47,  931,  532,  992,  206,  526,  898,  684,  724,  869,  550,  867, 1042,  719,  172,  836,  755,  560,  726,  938,  513,  984,  993,  141, 1101,  185,   72,  415,  815,  380,  279,  412,  715,  303,  865,  598,  700,  664, 1066,  781,  835, 1070],
        [  569,    0,  737,  720,  673,  835,  862,  187,  341,  825, 1010, 1045,  863, 1014,    0,  288,  580,  632,  807,  469,  793,  441,  395,  133,  955,  875,  507,  658,  445,  295,  827,  898,  519,  458,  874,  697,  541,  222,  622,  868,  669,  285,  497,  244,  143,  245,  305,  172,  539,  582,  531,  985,  558,  850,  542,  205,  674,  753,  798,  442,  286,  532, 1081,  196,  621,  608,  350,  656,  557,  787,  118,  957,  259, 1023,  532, 1026,  693,  444, 1058,   98,  660,   98,  921,  599,  428,  732,  607,  460,  529,  544,   97,  312,  843,  537,  281,  595,  484,  513,  848,  211,  322,  914,   89,  934, 1026,  708,  409,  729,  736,  604,  760,  730,  252,  597,  352,  777,  205,  680,  189,   88],
        [  778,    0,  914,  435,  424,  690, 1010,  133,   61,  951,  887,  955, 1034,  912,  288,    0,  393,  791,  952,  333,  577,  268,  606,  412,  914,  872,  730,  702,  616,  144,  801,  750,  238,  668,  812,  837,  353,  463,  530,  696,  412,  273,  557,  515,  412,  384,  471,  459,  724,  381,  613,  901,  751,  879,  402,  102,  388,  482,  882,  587,  545,  706, 1009,  102,  582,  781,  248,  634,  290,  708,  282,  841,  384,  948,  670,  982,  441,  202,  951,  307,  718,  194,  877,  410,  141,  470,  740,  174,  564,  731,  228,  375,  748,  253,  205,  656,  235,  727,  904,  100,  570,  787,  351,  884,  904,  718,  580,  562,  659,  516,  491,  679,  440,  374,  428,  884,  485,  830,  310,  374],
        [  812,    0,  872,  381,  182,  301,  908,  510,  403,  829,  501,  587,  966,  537,  580,  393,    0,  745,  857,  128,  219,  140,  682,  710,  590,  594,  794,  516,  634,  292,  506,  358,  289,  726,  476,  751,   41,  797,  217,  303,  209,  326,  448,  712,  634,  479,  543,  717,  732,   33,  510,  540,  766,  636,   94,  401,  361,  308,  712,  580,  715,  701,  651,  417,  325,  757,  236,  382,  219,  368,  492,  461,  465,  590,  624,  649,  202,  202,  571,  529,  547,  524,  553,   20,  362,  261,  669,  333,  419,  741,  572,  393,  388,  309,  301,  510,  190,  777,  692,  481,  714,  404,  666,  554,  519,  484,  610,  169,  329,  217,  302,  377,  554,   87,  418,  744,  712,  762,  453,  658],
        [  161,    0,  129, 1092,  924,  783,  231,  775,  849,  208,  846,  794,  243,  800,  632,  791,  745,    0,  177,  636,  922,  688,  255,  649,  625,  493,  215,  304,  187,  673,  517,  829,  919,  209,  623,   84,  735,  755,  583,  863,  946,  530,  298,  462,  514,  414,  333,  573,  111,  773,  237,  738,  118,  410,  652,  695, 1057, 1048,  259,  205,  413,  103,  782,  703,  476,   44,  603,  446,  897,  615,  544,  793,  410,  747,  127,  680,  945,  789,  844,  543,  271,  694,  610,  758,  897, 1003,   82,  903,  333,  112,  721,  422,  677,  944,  603,  262,  820,  187,  352,  780,  366,  788,  677,  631,  853,  389,  223,  773,  589,  570, 1044,  530,  381,  823,  372,  200,  515,   53,  491,  617],
        [  301,    0,  125, 1222, 1039,  837,   58,  945, 1009,   67,  859,  782,  118,  801,  807,  952,  857,  177,    0,  762, 1010,  821,  429,  824,  602,  469,  368,  356,  362,  827,  521,  873, 1060,  378,  633,  116,  853,  929,  669,  923, 1064,  684,  421,  635,  690,  583,  506,  748,  282,  887,  357,  734,  277,  375,  764,  860, 1190, 1165,  204,  372,  585,  279,  753,  869,  553,  208,  747,  509, 1030,  655,  716,  811,  578,  731,  285,  643, 1059,  929,  841,  716,  321,  867,  598,  868, 1050, 1118,  213, 1052,  441,  280,  895,  579,  709, 1086,  757,  348,  956,  344,  295,  948,  538,  819,  853,  619,  863,  424,  398,  854,  641,  660, 1158,  575,  556,  940,  526,  138,  689,  128,  659,  793],
        [  692,    0,  765,  460,  291,  372,  815,  429,  360,  740,  561,  624,  865,  581,  469,  333,  128,  636,  762,    0,  345,   75,  557,  595,  588,  563,  670,  439,  513,  203,  484,  435,  315,  603,  482,  651,  103,  690,  199,  399,  310,  201,  343,  586,  511,  352,  416,  597,  614,  146,  407,  569,  648,  588,   76,  311,  430,  413,  636,  460,  588,  584,  677,  328,  273,  644,  120,  330,  271,  377,  373,  513,  337,  616,  513,  654,  313,  191,  621,  409,  466,  425,  551,  147,  349,  370,  564,  332,  323,  623,  475,  266,  416,  340,  189,  419,  205,  654,  631,  404,  587,  462,  557,  556,  579,  427,  487,  260,  328,  188,  410,  356,  426,  191,  293,  659,  588,  658,  328,  543],
        [ 1007,    0, 1044,  372,  180,  244, 1057,  704,  570,  972,  421,  541, 1124,  482,  793,  577,  219,  922, 1010,  345,    0,  353,  890,  925,  610,  660,  996,  655,  833,  500,  570,  270,  398,  930,  498,  914,  254, 1008,  342,  183,  212,  544,  628,  930,  853,  696,  755,  935,  925,  212,  686,  513,  958,  727,  290,  605,  379,  250,  840,  776,  932,  891,  617,  620,  458,  939,  455,  504,  317,  407,  710,  403,  681,  563,  808,  652,  177,  375,  502,  747,  690,  730,  579,  200,  503,  205,  842,  464,  590,  933,  777,  606,  391,  406,  518,  668,  344,  977,  797,  672,  929,  344,  878,  571,  438,  600,  812,  159,  393,  353,  234,  458,  770,  204,  625,  885,  930,  931,  671,  874],
        [  730,    0,  817,  404,  261,  424,  876,  375,  291,  803,  619,  689,  922,  644,  441,  268,  140,  688,  821,   75,  353,    0,  584,  572,  661,  637,  703,  508,  551,  154,  558,  485,  245,  635,  553,  709,  101,  658,  271,  438,  272,  204,  401,  587,  504,  365,  440,  583,  656,  141,  465,  636,  689,  661,  135,  264,  370,  373,  704,  502,  595,  628,  745,  279,  347,  692,  109,  403,  210,  446,  359,  573,  353,  683,  562,  726,  283,  118,  683,  395,  533,  385,  623,  159,  275,  336,  618,  258,  386,  665,  434,  292,  482,  270,  166,  483,  137,  689,  702,  348,  600,  520,  528,  628,  636,  500,  522,  300,  399,  260,  373,  430,  440,  167,  329,  724,  582,  713,  327,  521],
        [  176,    0,  345,  972,  843,  816,  482,  560,  666,  461,  933,  915,  472,  905,  395,  606,  682,  255,  429,  557,  890,  584,    0,  396,  771,  654,  125,  424,   99,  517,  645,  874,  780,   64,  733,  333,  659,  500,  588,  883,  856,  388,  308,  207,  265,  230,  146,  319,  150,  703,  289,  854,  164,  593,  600,  504,  931,  956,  480,  146,  159,  154,  924,  508,  513,  223,  480,  513,  779,  687,  330,  876,  237,  877,  201,  837,  865,  660,  952,  318,  405,  472,  747,  700,  731,  919,  262,  747,  359,  153,  490,  293,  752,  804,  452,  356,  697,  122,  558,  571,  115,  854,  428,  765,  944,  505,   91,  764,  646,  570,  957,  605,  166,  744,  265,  438,  260,  307,  298,  367],
        [  555,    0,  738,  847,  805,  956,  877,  295,  460,  852, 1125, 1151,  864, 1123,  133,  412,  710,  649,  824,  595,  925,  572,  396,    0, 1048,  957,  487,  731,  469,  428,  918, 1019,  647,  452,  975,  723,  672,  115,  737,  993,  801,  403,  573,  199,  141,  321,  352,   85,  545,  713,  595, 1090,  556,  921,  667,  336,  800,  884,  847,  482,  249,  546, 1182,  326,  722,  618,  477,  751,  688,  895,  227, 1071,  338, 1125,  568, 1118,  825,  576, 1169,  193,  727,  218, 1016,  729,  551,  864,  640,  585,  612,  548,  191,  407,  953,  664,  409,  663,  617,  500,  909,  325,  295, 1030,   66, 1030, 1140,  791,  438,  854,  844,  718,  891,  831,  296,  729,  437,  817,  144,  700,  289,   54],
        [  777,    0,  697,  950,  734,  369,  623,  988,  947,  539,  285,  182,  714,  212,  955,  914,  590,  625,  602,  588,  610,  661,  771, 1048,    0,  134,  810,  348,  674,  774,  131,  368,  877,  768,  116,  564,  616, 1161,  391,  449,  769,  687,  484,  933,  917,  727,  716, 1007,  700,  620,  484,  144,  725,  228,  531,  869,  939,  844,  399,  626,  902,  668,  158,  884,  340,  664,  671,  300,  808,  223,  838,  252,  710,  130,  583,   71,  745,  770,  245,  864,  370,  954,   38,  586,  933,  794,  556,  911,  439,  706, 1002,  644,  220,  898,  729,  416,  771,  781,  308,  970,  871,  291, 1037,   40,  282,  268,  683,  470,  264,  401,  831,  236,  766,  668,  612,  467,  967,  598,  767,  997],
        [  647,    0,  563,  970,  757,  434,  493,  930,  912,  407,  400,  314,  582,  335,  875,  872,  594,  493,  469,  563,  660,  637,  654,  957,  134,    0,  684,  233,  556,  729,   91,  450,  870,  645,  183,  431,  612, 1071,  378,  521,  790,  623,  385,  827,  822,  638,  615,  910,  573,  626,  373,  267,  596,   95,  519,  814,  953,  876,  266,  512,  793,  542,  291,  829,  293,  533,  625,  239,  810,  254,  758,  358,  621,  263,  460,  188,  771,  753,  373,  781,  249,  886,  130,  594,  911,  825,  427,  895,  347,  578,  932,  564,  284,  893,  676,  303,  761,  655,  178,  917,  758,  381,  953,  151,  401,  168,  569,  507,  273,  383,  864,  217,  667,  678,  524,  334,  866,  464,  687,  908],
        [   71,    0,  261, 1095,  959,  903,  414,  679,  790,  415, 1001,  968,  383,  965,  507,  730,  794,  215,  368,  670,  996,  703,  125,  487,  810,  684,    0,  467,  165,  641,  691,  957,  903,   69,  789,  298,  773,  581,  680,  974,  974,  510,  387,  289,  369,  355,  269,  404,  113,  816,  349,  909,   97,  610,  708,  628, 1054, 1075,  471,  223,  238,  143,  967,  631,  592,  173,  600,  581,  901,  758,  452,  945,  361,  925,  230,  871,  981,  782, 1011,  437,  441,  590,  791,  810,  855, 1037,  260,  871,  435,  109,  603,  411,  823,  928,  576,  405,  819,   30,  560,  692,  192,  929,  529,  811, 1010,  553,  185,  863,  722,  664, 1075,  673,  290,  860,  378,  415,  344,  264,  423,  467],
        [  441,    0,  407,  892,  697,  487,  402,  737,  749,  318,  544,  502,  472,  502,  658,  702,  516,  304,  356,  439,  655,  508,  424,  731,  348,  233,  467,    0,  327,  560,  225,  529,  753,  421,  325,  270,  519,  846,  315,  571,  725,  434,  162,  595,  594,  415,  384,  680,  359,  548,  141,  443,  388,  192,  424,  628,  866,  822,  198,  280,  561,  326,  502,  641,  199,  336,  462,  154,  709,  313,  544,  490,  400,  459,  237,  413,  715,  624,  547,  562,   36,  682,  326,  524,  767,  774,  225,  760,  139,  366,  724,  354,  374,  778,  497,   71,  643,  439,  203,  729,  526,  485,  732,  345,  551,   87,  337,  498,  291,  308,  815,  228,  438,  602,  308,  231,  634,  294,  473,  684],
        [  180,    0,  300,  950,  803,  739,  418,  591,  676,  384,  845,  822,  424,  814,  445,  616,  634,  187,  362,  513,  833,  551,   99,  469,  674,  556,  165,  327,    0,  509,  549,  794,  766,  103,  640,  255,  615,  579,  515,  810,  820,  370,  224,  294,  331,  234,  149,  399,  110,  657,  195,  761,  140,  495,  546,  518,  912,  922,  387,   59,  250,   90,  828,  524,  431,  167,  454,  424,  755,  600,  359,  789,  233,  782,  105,  739,  825,  640,  861,  356,  307,  509,  651,  650,  731,  882,  172,  742,  273,  117,  535,  264,  665,  791,  440,  259,  674,  145,  462,  597,  209,  770,  493,  670,  855,  409,   38,  698,  562,  499,  920,  516,  195,  703,  222,  349,  343,  235,  310,  434],
        [  681,    0,  799,  462,  380,  573,  884,  226,  190,  821,  764,  823,  915,  783,  295,  144,  292,  673,  827,  203,  500,  154,  517,  428,  774,  729,  641,  560,  509,    0,  659,  635,  264,  575,  673,  711,  253,  508,  394,  591,  380,  144,  420,  473,  379,  287,  373,  450,  618,  290,  480,  768,  648,  736,  277,  110,  419,  470,  744,  472,  491,  595,  874,  127,  439,  668,  104,  491,  277,  572,  232,  716,  281,  813,  548,  842,  401,  157,  824,  266,  578,  232,  737,  311,  224,  444,  616,  233,  424,  626,  281,  251,  615,  288,   70,  518,  198,  633,  762,  202,  506,  665,  379,  745,  781,  575,  474,  453,  521,  379,  475,  539,  355,  302,  302,  750,  458,  708,  225,  379],
        [  663,    0,  603,  881,  667,  347,  552,  868,  838,  465,  339,  278,  638,  285,  827,  801,  506,  517,  521,  484,  570,  558,  645,  918,  131,   91,  691,  225,  549,  659,    0,  368,  786,  645,  112,  466,  526, 1031,  293,  435,  701,  563,  354,  803,  787,  597,  586,  877,  583,  539,  357,  222,  610,  166,  435,  749,  865,  786,  320,  500,  773,  550,  279,  765,  220,  553,  555,  174,  724,  164,  710,  290,  580,  234,  462,  201,  681,  672,  328,  735,  252,  830,  103,  506,  832,  735,  443,  814,  309,  589,  877,  516,  200,  808,  610,  290,  678,  663,  247,  852,  743,  304,  909,  121,  343,  141,  556,  416,  183,  300,  774,  131,  636,  590,  482,  384,  837,  496,  639,  868],
        [  949,    0,  936,  638,  432,   64,  911,  859,  761,  823,  154,  272,  991,  213,  898,  750,  358,  829,  873,  435,  270,  485,  874, 1019,  368,  450,  957,  529,  794,  635,  368,    0,  626,  897,  269,  798,  397, 1119,  293,   89,  467,  616,  571,  971,  917,  732,  764, 1007,  864,  377,  612,  250,  896,  534,  360,  745,  640,  519,  680,  737,  958,  829,  349,  761,  365,  857,  552,  384,  546,  219,  793,  134,  714,  298,  738,  397,  436,  560,  233,  828,  564,  860,  342,  344,  715,  473,  748,  682,  522,  872,  910,  635,  169,  641,  622,  569,  542,  932,  614,  832,  943,   79,  987,  329,  171,  451,  785,  190,  240,  311,  503,  302,  796,  405,  631,  738,  986,  823,  736,  966],
        [  941,    0, 1047,  203,  221,  575, 1116,  368,  203, 1045,  777,  872, 1157,  820,  519,  238,  289,  919, 1060,  315,  398,  245,  780,  647,  877,  870,  903,  753,  766,  264,  786,  626,    0,  837,  763,  946,  262,  700,  493,  554,  197,  397,  641,  728,  629,  550,  635,  688,  874,  260,  704,  827,  905,  901,  351,  317,  157,  248,  948,  723,  751,  849,  938,  324,  585,  918,  316,  642,   82,  655,  486,  742,  543,  877,  793,  937,  232,  131,  851,  518,  778,  429,  840,  296,  116,  245,  854,   74,  629,  882,  465,  503,  676,   26,  328,  727,  111,  894,  946,  334,  768,  682,  587,  841,  795,  741,  733,  441,  614,  487,  259,  656,  619,  222,  549,  967,  707,  948,  488,  606],
        [  113,    0,  286, 1028,  891,  842,  429,  623,  728,  416,  946,  920,  412,  914,  458,  668,  726,  209,  378,  603,  930,  635,   64,  452,  768,  645,   69,  421,  103,  575,  645,  897,  837,    0,  739,  291,  705,  553,  617,  912,  906,  443,  326,  258,  325,  289,  202,  373,   98,  748,  295,  860,  105,  577,  641,  566,  987, 1007,  451,  161,  208,  114,  923,  570,  533,  171,  533,  526,  833,  702,  393,  890,  294,  879,  186,  831,  913,  715,  961,  381,  398,  535,  746,  743,  791,  969,  232,  806,  376,   99,  553,  343,  767,  862,  509,  356,  752,   59,  535,  635,  161,  872,  488,  765,  956,  505,  118,  798,  664,  600, 1007,  618,  229,  792,  310,  401,  313,  261,  359,  427],
        [  765,    0,  713,  834,  618,  260,  663,  892,  842,  576,  227,  183,  750,  177,  874,  812,  476,  623,  633,  482,  498,  553,  733,  975,  116,  183,  789,  325,  640,  673,  112,  269,  763,  739,    0,  576,  503, 1086,  283,  344,  653,  598,  431,  877,  851,  658,  659,  942,  683,  506,  446,  122,  712,  272,  421,  772,  823,  729,  432,  588,  852,  649,  208,  789,  255,  659,  572,  229,  694,  109,  758,  179,  640,  150,  560,  174,  629,  660,  223,  787,  355,  865,   82,  471,  823,  679,  548,  800,  382,  690,  914,  569,  108,  784,  634,  384,  659,  761,  355,  873,  825,  199,  959,   79,  232,  238,  643,  355,  154,  296,  716,  145,  705,  553,  543,  495,  907,  606,  690,  923],
        [  241,    0,  139, 1111,  932,  756,  174,  831,  893,  129,  801,  739,  215,  750,  697,  837,  751,   84,  116,  651,  914,  709,  333,  723,  564,  431,  298,  270,  255,  711,  466,  798,  946,  291,  576,    0,  745,  831,  572,  840,  957,  568,  309,  540,  586,  469,  394,  650,  194,  781,  245,  686,  201,  343,  658,  744, 1078, 1058,  182,  259,  492,  180,  721,  753,  459,  126,  633,  421,  918,  580,  603,  750,  463,  690,  170,  616,  953,  816,  793,  605,  234,  754,  554,  763,  934, 1012,   97,  937,  333,  195,  784,  463,  640,  972,  641,  246,  843,  270,  277,  833,  446,  751,  747,  575,  807,  349,  290,  760,  560,  562, 1052,  497,  446,  833,  410,  119,  592,   37,  545,  688],
        [  794,    0,  863,  374,  190,  339,  906,  469,  365,  828,  539,  621,  960,  572,  541,  353,   41,  735,  853,  103,  254,  101,  659,  672,  616,  612,  773,  519,  615,  253,  526,  397,  262,  705,  503,  745,    0,  758,  234,  344,  212,  294,  439,  680,  600,  450,  518,  681,  716,   45,  502,  572,  750,  649,   96,  361,  349,  313,  716,  563,  685,  686,  683,  377,  335,  744,  202,  392,  198,  394,  456,  497,  437,  621,  612,  676,  211,  165,  607,  493,  548,  484,  579,   59,  327,  269,  660,  300,  413,  725,  533,  368,  419,  283,  264,  507,  158,  757,  701,  440,  686,  441,  628,  580,  557,  494,  590,  209,  353,  230,  309,  396,  526,   89,  396,  745,  678,  754,  420,  621],
        [  651,    0,  838,  894,  877, 1056,  981,  334,  503,  960, 1230, 1260,  963, 1231,  222,  463,  797,  755,  929,  690, 1008,  658,  500,  115, 1161, 1071,  581,  846,  579,  508, 1031, 1119,  700,  553, 1086,  831,  758,    0,  841, 1088,  869,  505,  687,  296,  254,  435,  466,  182,  648,  797,  710, 1199,  657, 1036,  763,  406,  847,  944,  960,  594,  347,  653, 1293,  392,  832,  722,  570,  863,  750, 1003,  331, 1176,  452, 1236,  679, 1231,  895,  647, 1276,  300,  842,  280, 1128,  817,  595,  930,  750,  633,  725,  651,  238,  518, 1060,  714,  501,  778,  686,  598, 1023,  367,  394, 1134,  133, 1142, 1245,  905,  549,  949,  952,  823,  953,  942,  410,  808,  550,  928,  241,  806,  397,  164],
        [  681,    0,  703,  597,  390,  232,  716,  616,  559,  633,  389,  432,  783,  395,  622,  530,  217,  583,  669,  199,  342,  271,  588,  737,  391,  378,  680,  315,  515,  394,  293,  293,  493,  617,  283,  572,  234,  841,    0,  296,  421,  338,  297,  679,  628,  440,  473,  719,  597,  250,  349,  375,  630,  420,  143,  496,  578,  514,  507,  457,  666,  562,  481,  513,  117,  604,  295,  169,  432,  179,  511,  335,  422,  420,  475,  456,  407,  381,  438,  544,  349,  598,  353,  220,  543,  465,  502,  523,  253,  605,  648,  343,  224,  516,  361,  327,  385,  657,  478,  595,  651,  294,  710,  358,  404,  271,  502,  190,  130,   19,  505,  163,  504,  303,  339,  546,  696,  589,  450,  684],
        [  973,    0,  976,  553,  351,   89,  963,  812,  702,  876,  239,  360, 1040,  302,  868,  696,  303,  863,  923,  399,  183,  438,  883,  993,  449,  521,  974,  571,  810,  591,  435,   89,  554,  912,  344,  840,  344, 1088,  296,    0,  385,  592,  589,  962,  900,  721,  764,  988,  888,  316,  636,  338,  921,  600,  326,  701,  557,  432,  736,  752,  954,  853,  438,  717,  389,  888,  518,  419,  473,  275,  768,  223,  704,  387,  763,  483,  353,  499,  320,  804,  606,  821,  421,  286,  649,  386,  782,  613,  543,  896,  870,  625,  238,  566,  588,  602,  478,  951,  677,  783,  942,  167,  956,  410,  256,  500,  797,  140,  282,  313,  416,  348,  790,  336,  629,  789,  973,  862,  716,  940],
        [  999,    0, 1074,  181,   36,  427, 1116,  544,  390, 1037,  620,  730, 1171,  674,  669,  412,  209,  946, 1064,  310,  212,  272,  856,  801,  769,  790,  974,  725,  820,  380,  701,  467,  197,  906,  653,  957,  212,  869,  421,  385,    0,  473,  650,  848,  757,  636,  712,  829,  923,  178,  714,  694,  956,  840,  302,  467,  175,  103,  921,  769,  861,  894,  803,  478,  533,  954,  378,  589,  124,  549,  610,  594,  624,  745,  822,  821,   36,  226,  699,  645,  755,  590,  734,  202,  311,   65,  872,  269,  624,  932,  632,  564,  553,  200,  422,  717,  185,  960,  898,  511,  869,  534,  747,  731,  638,  691,  792,  302,  518,  423,  101,  574,  710,  124,  599,  953,  837,  966,  591,  755],
        [  545,    0,  657,  586,  464,  553,  741,  308,  327,  680,  726,  764,  772,  731,  285,  273,  326,  530,  684,  201,  544,  204,  388,  403,  687,  623,  510,  434,  370,  144,  563,  616,  397,  443,  598,  568,  294,  505,  338,  592,  473,    0,  284,  387,  311,  163,  242,  397,  479,  338,  341,  704,  509,  617,  268,  195,  545,  572,  610,  330,  392,  454,  804,  209,  347,  526,   96,  390,  392,  506,  177,  673,  152,  744,  405,  757,  486,  273,  775,  213,  447,  268,  651,  345,  367,  538,  473,  374,  296,  486,  317,  109,  559,  422,   74,  385,  310,  499,  636,  296,  397,  629,  373,  662,  742,  461,  336,  455,  455,  320,  574,  455,  238,  370,  159,  611,  387,  565,  128,  350],
        [  385,    0,  425,  802,  627,  517,  476,  581,  608,  406,  625,  613,  523,  600,  497,  557,  448,  298,  421,  343,  628,  401,  308,  573,  484,  385,  387,  162,  224,  420,  354,  571,  641,  326,  431,  309,  439,  687,  297,  589,  650,  284,    0,  450,  438,  255,  233,  526,  300,  476,   65,  551,  334,  354,  355,  476,  770,  752,  326,  166,  422,  266,  629,  488,  207,  312,  331,  206,  610,  380,  382,  568,  239,  578,  181,  553,  648,  510,  646,  400,  168,  522,  455,  461,  638,  707,  222,  637,   51,  309,  563,  195,  445,  666,  353,  103,  536,  363,  358,  575,  395,  547,  571,  472,  636,  220,  218,  484,  339,  282,  747,  298,  283,  527,  147,  331,  484,  316,  312,  524],
        [  357,    0,  543,  930,  843,  909,  686,  430,  572,  668, 1055, 1058,  668, 1040,  244,  515,  712,  462,  635,  586,  930,  587,  207,  199,  933,  827,  289,  595,  294,  473,  803,  971,  728,  258,  877,  540,  680,  296,  679,  962,  848,  387,  450,    0,  104,  241,  219,  116,  354,  724,  455,  997,  362,  778,  647,  417,  885,  942,  680,  321,   52,  360, 1078,  414,  634,  428,  480,  649,  749,  813,  243,  998,  258, 1026,  398, 1002,  865,  629, 1087,  211,  584,  339,  905,  731,  653,  913,  465,  679,  497,  356,  339,  337,  875,  750,  427,  525,  670,  303,  752,  452,   99,  966,  245,  921, 1068,  667,  269,  830,  766,  660,  946,  738,  176,  753,  343,  642,   56,  514,  261,  185],
        [  434,    0,  609,  832,  755,  854,  744,  327,  469,  715, 1012, 1029,  736, 1005,  143,  412,  634,  514,  690,  511,  853,  504,  265,  141,  917,  822,  369,  594,  331,  379,  787,  917,  629,  325,  851,  586,  600,  254,  628,  900,  757,  311,  438,  104,    0,  194,  212,   92,  413,  643,  457,  967,  428,  783,  578,  316,  786,  848,  707,  342,  143,  412, 1056,  312,  599,  485,  399,  624,  654,  776,  148,  957,  212, 1000,  428,  987,  776,  535, 1051,  113,  589,  236,  887,  654,  551,  822,  501,  578,  479,  417,  239,  287,  836,  650,  340,  526,  576,  378,  769,  348,  181,  920,  164,  902, 1027,  657,  299,  764,  727,  609,  853,  708,  157,  669,  308,  677,   80,  564,  184,  104],
        [  398,    0,  533,  744,  626,  670,  640,  362,  443,  593,  821,  836,  656,  812,  245,  384,  479,  414,  583,  352,  696,  365,  230,  321,  727,  638,  355,  415,  234,  287,  597,  732,  550,  289,  658,  469,  450,  435,  440,  721,  636,  163,  255,  241,  194,    0,   88,  285,  341,  495,  287,  774,  369,  607,  409,  284,  702,  734,  555,  212,  237,  324,  863,  291,  406,  400,  258,  431,  552,  583,  137,  766,   19,  808,  300,  797,  648,  432,  858,  148,  416,  287,  695,  498,  503,  700,  375,  518,  291,  348,  321,   97,  644,  574,  223,  351,  470,  348,  604,  366,  236,  731,  317,  710,  835,  471,  197,  590,  534,  421,  736,  515,   76,  530,  116,  539,  256,  457,   77,  271],
        [  310,    0,  449,  827,  699,  704,  562,  443,  531,  521,  840,  841,  572,  823,  305,  471,  543,  333,  506,  416,  755,  440,  146,  352,  716,  615,  269,  384,  149,  373,  586,  764,  635,  202,  659,  394,  518,  466,  473,  764,  712,  242,  233,  219,  212,   88,    0,  296,  255,  562,  246,  779,  281,  572,  466,  371,  786,  812,  498,  138,  196,  239,  860,  377,  418,  316,  335,  431,  634,  597,  211,  784,   92,  808,  228,  785,  721,  515,  870,  211,  378,  362,  687,  561,  590,  775,  303,  605,  279,  261,  390,  151,  660,  660,  308,  315,  552,  261,  558,  449,  179,  754,  363,  704,  853,  451,  112,  638,  551,  454,  812,  521,   56,  601,  135,  474,  252,  379,  163,  308],
        [  473,    0,  658,  890,  829,  944,  800,  355,  512,  779, 1104, 1120,  783, 1097,  172,  459,  717,  573,  748,  597,  935,  583,  319,   85, 1007,  910,  404,  680,  399,  450,  877, 1007,  688,  373,  942,  650,  681,  182,  719,  988,  829,  397,  526,  116,   92,  285,  296,    0,  467,  724,  541, 1059,  477,  867,  665,  372,  843,  916,  782,  418,  167,  471, 1146,  364,  691,  541,  481,  714,  720,  868,  225, 1049,  303, 1092,  500, 1077,  850,  604, 1143,  189,  672,  269,  977,  737,  599,  893,  570,  631,  568,  469,  254,  379,  928,  707,  418,  610,  645,  419,  849,  381,  214, 1011,  141,  992, 1118,  745,  370,  852,  818,  700,  922,  799,  243,  746,  399,  748,   61,  625,  272,   89],
        [   86,    0,  199, 1057,  905,  812,  333,  694,  784,  318,  899,  860,  325,  860,  539,  724,  732,  111,  282,  614,  925,  656,  150,  545,  700,  573,  113,  359,  110,  618,  583,  864,  874,   98,  683,  194,  716,  648,  597,  888,  923,  479,  300,  354,  413,  341,  255,  467,    0,  757,  253,  802,   34,  498,  643,  625, 1020, 1026,  360,  155,  304,   36,  857,  631,  500,   74,  561,  483,  862,  659,  461,  843,  342,  816,  127,  760,  927,  748,  906,  455,  332,  609,  681,  748,  840,  984,  147,  851,  345,    9,  631,  372,  723,  900,  550,  302,  782,   84,  448,  702,  257,  831,  577,  701,  907,  446,  145,  784,  626,  581, 1023,  573,  295,  804,  329,  307,  408,  163,  417,  516],
        [  836,    0,  900,  348,  152,  321,  939,  501,  386,  860,  523,  612,  995,  561,  582,  381,   33,  773,  887,  146,  212,  141,  703,  713,  620,  626,  816,  548,  657,  290,  539,  377,  260,  748,  506,  781,   45,  797,  250,  316,  178,  338,  476,  724,  643,  495,  562,  724,  757,    0,  539,  567,  791,  669,  124,  397,  328,  278,  744,  604,  729,  726,  678,  412,  358,  784,  245,  414,  189,  398,  499,  485,  481,  617,  651,  679,  173,  184,  595,  536,  578,  521,  584,   36,  339,  231,  697,  308,  448,  766,  569,  412,  416,  280,  306,  540,  167,  800,  724,  471,  730,  426,  667,  584,  541,  517,  632,  188,  360,  249,  272,  409,  570,   55,  439,  776,  721,  791,  464,  662],
        [  338,    0,  362,  867,  690,  560,  412,  630,  667,  343,  653,  627,  459,  620,  531,  613,  510,  237,  357,  407,  686,  465,  289,  595,  484,  373,  349,  141,  195,  480,  357,  612,  704,  295,  446,  245,  502,  710,  349,  636,  714,  341,   65,  455,  457,  287,  246,  541,  253,  539,    0,  567,  285,  327,  417,  529,  834,  815,  274,  143,  421,  218,  635,  540,  248,  255,  394,  233,  674,  410,  420,  597,  274,  588,  128,  551,  711,  574,  667,  434,  132,  565,  459,  523,  699,  770,  159,  699,   97,  261,  604,  243,  474,  730,  411,   71,  600,  323,  318,  626,  387,  581,  601,  477,  662,  217,  199,  538,  374,  335,  810,  324,  300,  590,  192,  271,  494,  253,  352,  550],
