{
    "name": "random-28-9173",
    "comment": "size=28 seed=9173",
    "nodes": ["+0", "-0", "+1", "-1", "+2", "-2", "+3", "-3", "+4", "-4", "+5", "-5", "+6", "-6", "+7", "-7", "+8", "-8", "+9", "-9", "+10", "-10", "+11", "-11", "+12", "-12", "+13", "-13", "+14", "-14", "+15", "-15", "+16", "-16", "+17", "-17", "+18", "-18", "+19", "-19", "+20", "-20", "+21", "-21", "+22", "-22", "+23", "-23", "+24", "-24", "+25", "-25", "+26", "-26", "+27", "-27", "+28", "-28"],
    "precedence": {
        "+0": "-0",
        "+1": "-1",
        "+2": "-2",
        "+3": "-3",
        "+4": "-4",
        "+5": "-5",
        "+6": "-6",
        "+7": "-7",
        "+8": "-8",
        "+9": "-9",
        "+10": "-10",
        "+11": "-11",
        "+12": "-12",
        "+13": "-13",
        "+14": "-14",
        "+15": "-15",
        "+16": "-16",
        "+17": "-17",
        "+18": "-18",
        "+19": "-19",
        "+20": "-20",
        "+21": "-21",
        "+22": "-22",
        "+23": "-23",
        "+24": "-24",
        "+25": "-25",
        "+26": "-26",
        "+27": "-27",
        "+28": "-28"
    },
    "edges": [
        [    0,    0,  616,  849,  411,  559,  633,  148,   43,  571,  556,  141,  351,  418,  427,  290,  368,  757,  236,  356,  520,  442,  259,  516,  198,  690,  617,   89,  295,  669,  568,  786,  874,  522,  930,  471,  733,  325,   51,  398,  393,  614,  203,  366,  407,   65,  292,  812,  797,   87,  645,  416,  198,  180,  596,  182,  511,  728],
        [    0,    0,  616,  849,  411,  559,  633,  148,   43,  571,  556,  141,  351,  418,  427,  290,  368,  757,  236,  356,  520,  442,  259,  516,  198,  690,  617,   89,  295,  669,  568,  786,  874,  522,  930,  471,  733,  325,   51,  398,  393,  614,  203,  366,  407,   65,  292,  812,  797,   87,  645,  416,  198,  180,  596,  182,  511,  728],
        [  616,  616,    0,  892,  226,  894,  986,  721,  641, 1026,  111,  603,  664,  860,  963,  367,  281, 1025,  826,  938,  432,  851,  445,  658,  419,  577,  756,  703,  653, 1030,  346,  954,  896,  917,  847,  762, 1141,  915,  654,  303,  224,   13,  737,  982,  498,  591,  767,  685,  800,  685,  674,  683,  462,  740,  632,  700,  842, 1172],
        [  849,  849,  892,    0,  902,  423,  450,  986,  890,  615,  785,  709,  505,  579,  743,  701,  722,  332, 1038, 1139,  472,  535,  975,  335,  811,  322,  235,  895,  562,  468,  547,  178,   35,  508,  183,  413,  578,  845,  827,  658,  835,  881, 1048, 1024,  485,  897,  640,  260,   96,  923,  233,  440,  711,  760,  284, 1030,  429,  651],
        [  411,  411,  226,  902,    0,  797,  888,  501,  429,  893,  219,  431,  552,  724,  798,  233,  182,  959,  606,  716,  436,  726,  219,  608,  221,  621,  718,  494,  523,  931,  397,  921,  915,  801,  902,  670, 1029,  727,  454,  245,   68,  228,  512,  772,  435,  376,  613,  746,  819,  470,  670,  589,  299,  558,  620,  475,  743, 1048],
        [  559,  559,  894,  423,  797,    0,   93,  664,  591,  202,  787,  430,  246,  174,  324,  565,  632,  202,  686,  768,  502,  132,  770,  268,  619,  511,  245,  570,  286,  137,  608,  281,  458,   85,  584,  132,  252,  443,  519,  593,  738,  884,  729,  627,  398,  620,  278,  561,  433,  609,  365,  212,  513,  411,  361,  722,   55,  299],
        [  633,  633,  986,  450,  888,   93,    0,  728,  662,  171,  879,  511,  337,  223,  337,  656,  725,  160,  739,  811,  591,  192,  854,  354,  706,  586,  311,  635,  373,   44,  697,  286,  485,  114,  623,  225,  163,  475,  590,  686,  830,  977,  792,  656,  490,  695,  344,  621,  478,  676,  435,  305,  601,  474,  438,  789,  147,  220],
        [  148,  148,  721,  986,  501,  664,  728,    0,  106,  636,  674,  280,  483,  506,  465,  427,  497,  865,  106,  221,  667,  538,  302,  656,  315,  837,  752,   95,  425,  760,  710,  911, 1013,  614, 1074,  593,  806,  328,  160,  535,  499,  720,   66,  289,  554,  136,  387,  958,  938,   64,  788,  548,  342,  254,  740,   67,  621,  788],
        [   43,   43,  641,  890,  429,  591,  662,  106,    0,  591,  585,  181,  390,  445,  438,  326,  401,  790,  198,  318,  562,  471,  259,  557,  225,  732,  657,   66,  333,  697,  607,  824,  916,  550,  972,  507,  757,  324,   73,  434,  417,  639,  161,  343,  450,   57,  319,  854,  839,   48,  687,  455,  238,  198,  638,  141,  544,  748],
        [  571,  571, 1026,  615,  893,  202,  171,  636,  591,    0,  925,  475,  364,  169,  191,  670,  749,  327,  627,  681,  672,  175,  817,  454,  688,  707,  446,  550,  375,  172,  775,  455,  650,  128,  782,  299,  171,  341,  522,  724,  843, 1018,  698,  513,  549,  635,  287,  762,  633,  594,  565,  362,  594,  394,  555,  702,  226,  159],
        [  556,  556,  111,  785,  219,  787,  879,  674,  585,  925,    0,  522,  562,  762,  874,  283,  195,  915,  778,  895,  321,  750,  427,  548,  361,  473,  645,  644,  555,  923,  240,  843,  790,  814,  748,  655, 1035,  837,  587,  202,  184,  100,  699,  919,  390,  540,  675,  587,  693,  631,  565,  577,  382,  661,  522,  663,  736, 1069],
        [  141,  141,  603,  709,  431,  430,  511,  280,  181,  475,  522,    0,  212,  310,  368,  240,  327,  625,  349,  464,  412,  325,  346,  377,  216,  567,  476,  194,  156,  550,  477,  647,  735,  405,  795,  333,  627,  315,  122,  334,  392,  598,  340,  421,  285,  196,  188,  684,  659,  217,  509,  276,  142,  140,  462,  321,  380,  633],
        [  351,  351,  664,  505,  552,  246,  337,  483,  390,  364,  562,  212,    0,  206,  351,  320,  393,  426,  535,  639,  326,  189,  532,  185,  376,  422,  270,  391,   58,  380,  423,  436,  532,  254,  609,  128,  481,  387,  324,  361,  495,  656,  546,  548,  192,  406,  168,  521,  465,  421,  326,   66,  268,  262,  288,  530,  192,  509],
        [  418,  418,  860,  579,  724,  174,  223,  506,  445,  169,  762,  310,  206,    0,  170,  502,  583,  370,  518,  595,  528,   45,  655,  337,  521,  595,  368,  414,  208,  255,  628,  451,  613,  109,  724,  185,  318,  271,  373,  560,  674,  853,  570,  454,  397,  482,  127,  672,  572,  455,  468,  222,  426,  253,  446,  568,  151,  325],
        [  427,  427,  963,  743,  798,  324,  337,  465,  438,  191,  874,  368,  351,  170,    0,  597,  683,  497,  442,  491,  676,  212,  685,  503,  581,  760,  536,  387,  331,  352,  770,  603,  777,  241,  892,  354,  358,  152,  376,  674,  759,  957,  523,  323,  539,  488,  200,  841,  740,  431,  637,  382,  506,  249,  612,  531,  315,  327],
        [  290,  290,  367,  701,  233,  565,  656,  427,  326,  670,  283,  240,  320,  502,  597,    0,   88,  729,  524,  644,  270,  499,  282,  386,  130,  460,  499,  377,  296,  699,  289,  699,  718,  572,  732,  437,  800,  554,  313,  109,  175,  361,  467,  644,  218,  293,  402,  589,  626,  374,  470,  357,  101,  379,  418,  434,  511,  822],
        [  368,  368,  281,  722,  182,  632,  725,  497,  401,  749,  195,  327,  393,  583,  683,   88,    0,  785,  597,  716,  261,  577,  302,  428,  184,  451,  537,  456,  375,  768,  246,  740,  735,  646,  731,  502,  873,  642,  396,   67,  116,  274,  530,  728,  255,  362,  487,  579,  640,  448,  490,  421,  187,  467,  439,  496,  579,  900],
        [  757,  757, 1025,  332,  959,  202,  160,  865,  790,  327,  915,  625,  426,  370,  497,  729,  785,    0,  886,  964,  603,  331,  957,  368,  800,  546,  280,  771,  474,  157,  705,  155,  365,  265,  514,  299,  249,  632,  719,  735,  897, 1015,  930,  814,  533,  818,  479,  548,  385,  809,  395,  374,  692,  612,  417,  923,  247,  324],
        [  236,  236,  826, 1038,  606,  686,  739,  106,  198,  627,  778,  349,  535,  518,  442,  524,  597,  886,    0,  120,  752,  555,  404,  715,  418,  915,  804,  156,  478,  766,  803,  947, 1066,  626, 1139,  633,  797,  293,  229,  632,  603,  825,  115,  202,  632,  238,  411, 1032,  998,  151,  852,  599,  434,  281,  808,  145,  649,  769],
        [  356,  356,  938, 1139,  716,  768,  811,  221,  318,  681,  895,  464,  639,  595,  491,  644,  716,  964,  120,    0,  870,  636,  507,  823,  535, 1030,  906,  274,  584,  834,  923, 1038, 1168,  700, 1247,  729,  849,  341,  347,  752,  718,  938,  206,  186,  748,  356,  502, 1145, 1104,  270,  961,  702,  553,  379,  918,  242,  735,  811],
        [  520,  520,  432,  472,  436,  502,  591,  667,  562,  672,  321,  412,  326,  528,  676,  270,  261,  603,  752,  870,    0,  503,  549,  240,  399,  192,  327,  597,  350,  633,  106,  523,  482,  548,  470,  377,  753,  692,  524,  195,  369,  420,  716,  828,  139,  543,  484,  321,  385,  607,  245,  311,  328,  533,  201,  687,  457,  798],
        [  442,  442,  851,  535,  726,  132,  192,  538,  471,  175,  750,  325,  189,   45,  212,  499,  577,  331,  555,  636,  503,    0,  670,  301,  530,  559,  325,  444,  204,  228,  604,  408,  568,   81,  681,  146,  306,  315,  399,  549,  673,  843,  602,  498,  376,  505,  153,  632,  528,  485,  429,  193,  430,  284,  409,  598,  107,  324],
        [  259,  259,  445,  975,  219,  770,  854,  302,  259,  817,  427,  346,  532,  655,  685,  282,  302,  957,  404,  507,  549,  670,    0,  648,  164,  740,  761,  323,  485,  894,  548,  954,  994,  750, 1013,  659,  972,  582,  310,  364,  244,  447,  302,  588,  491,  203,  530,  869,  904,  288,  748,  587,  271,  436,  695,  265,  717,  976],
        [  516,  516,  658,  335,  608,  268,  354,  656,  557,  454,  548,  377,  185,  337,  503,  386,  428,  368,  715,  823,  240,  301,  648,    0,  484,  259,  114,  567,  239,  394,  346,  314,  359,  327,  425,  158,  516,  565,  497,  373,  542,  647,  717,  731,  173,  563,  345,  342,  284,  593,  142,  128,  380,  446,  110,  697,  230,  567],
        [  198,  198,  419,  811,  221,  619,  706,  315,  225,  688,  361,  216,  376,  521,  581,  130,  184,  800,  418,  535,  399,  530,  164,  484,    0,  587,  597,  285,  334,  747,  416,  791,  831,  608,  855,  502,  835,  507,  237,  231,  195,  416,  347,  563,  329,  180,  403,  716,  742,  270,  585,  427,  109,  338,  533,  312,  565,  846],
        [  690,  690,  577,  322,  621,  511,  586,  837,  732,  707,  473,  567,  422,  595,  760,  460,  451,  546,  915, 1030,  192,  559,  740,  259,  587,    0,  277,  760,  465,  621,  235,  426,  322,  580,  282,  415,  746,  809,  686,  385,  555,  565,  891,  964,  284,  720,  590,  129,  227,  775,  153,  379,  508,  670,  153,  864,  481,  805],
        [  617,  617,  756,  235,  718,  245,  311,  752,  657,  446,  645,  476,  270,  368,  536,  499,  537,  280,  804,  906,  327,  325,  761,  114,  597,  277,    0,  660,  328,  346,  427,  203,  263,  322,  358,  187,  470,  623,  593,  481,  653,  745,  814,  798,  284,  667,  411,  317,  206,  690,  125,  205,  491,  527,  138,  797,  228,  531],
        [   89,   89,  703,  895,  494,  570,  635,   95,   66,  550,  644,  194,  391,  414,  387,  377,  456,  771,  156,  274,  597,  444,  323,  567,  285,  760,  660,    0,  333,  668,  650,  816,  922,  522,  988,  499,  718,  264,   74,  484,  479,  701,  160,  279,  477,  122,  293,  878,  850,   44,  701,  456,  283,  162,  655,  155,  527,  704],
        [  295,  295,  653,  562,  523,  286,  373,  425,  333,  375,  555,  156,   58,  208,  331,  296,  375,  474,  478,  584,  350,  204,  485,  239,  334,  465,  328,  333,    0,  414,  440,  492,  590,  278,  664,  179,  507,  347,  267,  353,  470,  645,  488,  500,  212,  351,  134,  570,  521,  363,  379,  124,  230,  209,  338,  473,  233,  527],
        [  669,  669, 1030,  468,  931,  137,   44,  760,  697,  172,  923,  550,  380,  255,  352,  699,  768,  157,  766,  834,  633,  228,  894,  394,  747,  621,  346,  668,  414,    0,  738,  297,  503,  147,  645,  268,  125,  496,  625,  729,  873, 1020,  824,  674,  533,  732,  378,  652,  503,  709,  470,  348,  643,  507,  476,  822,  190,  189],
        [  568,  568,  346,  547,  397,  608,  697,  710,  607,  775,  240,  477,  423,  628,  770,  289,  246,  705,  803,  923,  106,  604,  548,  346,  416,  235,  427,  650,  440,  738,    0,  617,  551,  653,  513,  482,  858,  774,  580,  186,  334,  334,  754,  898,  232,  580,  574,  354,  455,  654,  332,  414,  370,  608,  294,  722,  562,  904],
        [  786,  786,  954,  178,  921,  281,  286,  911,  824,  455,  843,  647,  436,  451,  603,  699,  740,  155,  947, 1038,  523,  408,  954,  314,  791,  426,  203,  816,  492,  297,  617,    0,  210,  363,  360,  318,  402,  722,  755,  683,  855,  942,  975,  905,  486,  842,  537,  407,  238,  851,  287,  373,  684,  667,  323,  962,  304,  476],
        [  874,  874,  896,   35,  915,  458,  485, 1013,  916,  650,  790,  735,  532,  613,  777,  718,  735,  365, 1066, 1168,  482,  568,  994,  359,  831,  322,  263,  922,  590,  503,  551,  210,    0,  542,  153,  444,  611,  878,  854,  671,  848,  885, 1074, 1056,  503,  921,  671,  247,   98,  950,  248,  468,  732,  790,  300, 1055,  463,  685],
        [  522,  522,  917,  508,  801,   85,  114,  614,  550,  128,  814,  405,  254,  109,  241,  572,  646,  265,  626,  700,  548,   81,  750,  327,  608,  580,  322,  522,  278,  147,  653,  363,  542,    0,  667,  173,  229,  368,  478,  614,  746,  909,  679,  551,  430,  586,  232,  638,  516,  563,  438,  241,  507,  361,  427,  676,   99,  256],
        [  930,  930,  847,  183,  902,  584,  623, 1074,  972,  782,  748,  795,  609,  724,  892,  732,  731,  514, 1139, 1247,  470,  681, 1013,  425,  855,  282,  358,  988,  664,  645,  513,  360,  153,  667,    0,  544,  758,  979,  917,  664,  836,  835, 1133, 1152,  532,  970,  764,  162,  153, 1011,  287,  549,  765,  871,  334, 1110,  579,  830],
        [  471,  471,  762,  413,  670,  132,  225,  593,  507,  299,  655,  333,  128,  185,  354,  437,  502,  299,  633,  729,  377,  146,  659,  158,  502,  415,  187,  499,  179,  268,  482,  318,  444,  173,  544,    0,  381,  436,  438,  461,  610,  753,  658,  613,  267,  528,  228,  487,  393,  533,  284,   81,  394,  353,  264,  645,   82,  422],
        [  733,  733, 1141,  578, 1029,  252,  163,  806,  757,  171, 1035,  627,  481,  318,  358,  800,  873,  249,  797,  849,  753,  306,  972,  516,  835,  746,  470,  718,  507,  125,  858,  402,  611,  229,  758,  381,    0,  509,  686,  838,  974, 1132,  868,  675,  647,  798,  444,  773,  621,  761,  594,  459,  735,  560,  600,  871,  300,   77],
        [  325,  325,  915,  845,  727,  443,  475,  328,  324,  341,  837,  315,  387,  271,  152,  554,  642,  632,  293,  341,  692,  315,  582,  565,  507,  809,  623,  264,  347,  496,  774,  722,  878,  368,  979,  436,  509,    0,  277,  647,  698,  910,  382,  184,  554,  379,  221,  906,  828,  305,  706,  438,  455,  176,  672,  395,  421,  477],
        [   51,   51,  654,  827,  454,  519,  590,  160,   73,  522,  587,  122,  324,  373,  376,  313,  396,  719,  229,  347,  524,  399,  310,  497,  237,  686,  593,   74,  267,  625,  580,  755,  854,  478,  917,  438,  686,  277,    0,  419,  431,  650,  222,  333,  403,  114,  247,  805,  780,   97,  630,  390,  216,  130,  583,  208,  473,  680],
        [  398,  398,  303,  658,  245,  593,  686,  535,  434,  724,  202,  334,  361,  560,  674,  109,   67,  735,  632,  752,  195,  549,  364,  373,  231,  385,  481,  484,  353,  729,  186,  683,  671,  614,  664,  461,  838,  647,  419,    0,  178,  295,  574,  748,  203,  401,  475,  513,  575,  482,  426,  381,  204,  473,  376,  541,  540,  870],
        [  393,  393,  224,  835,   68,  738,  830,  499,  417,  843,  184,  392,  495,  674,  759,  175,  116,  897,  603,  718,  369,  673,  244,  542,  195,  555,  653,  479,  470,  873,  334,  855,  848,  746,  836,  610,  974,  698,  431,  178,    0,  223,  519,  758,  370,  368,  568,  681,  752,  461,  603,  529,  254,  525,  553,  482,  685,  996],
        [  614,  614,   13,  881,  228,  884,  977,  720,  639, 1018,  100,  598,  656,  853,  957,  361,  274, 1015,  825,  938,  420,  843,  447,  647,  416,  565,  745,  701,  645, 1020,  334,  942,  885,  909,  835,  753, 1132,  910,  650,  295,  223,    0,  737,  979,  488,  590,  760,  673,  788,  683,  663,  674,  457,  736,  620,  700,  833, 1164],
        [  203,  203,  737, 1048,  512,  729,  792,   66,  161,  698,  699,  340,  546,  570,  523,  467,  530,  930,  115,  206,  716,  602,  302,  717,  347,  891,  814,  160,  488,  824,  754,  975, 1074,  679, 1133,  658,  868,  382,  222,  574,  519,  737,    0,  316,  609,  175,  452, 1014,  999,  126,  847,  611,  389,  319,  799,   38,  686,  848],
        [  366,  366,  982, 1024,  772,  627,  656,  289,  343,  513,  919,  421,  548,  454,  323,  644,  728,  814,  202,  186,  828,  498,  588,  731,  563,  964,  798,  279,  500,  674,  898,  905, 1056,  551, 1152,  613,  675,  184,  333,  748,  758,  979,  316,    0,  694,  397,  389, 1069, 1003,  304,  873,  605,  545,  296,  836,  344,  603,  633],
        [  407,  407,  498,  485,  435,  398,  490,  554,  450,  549,  390,  285,  192,  397,  539,  218,  255,  533,  632,  748,  139,  376,  491,  173,  329,  284,  284,  477,  212,  533,  232,  486,  503,  430,  532,  267,  647,  554,  403,  203,  370,  488,  609,  694,    0,  440,  346,  405,  414,  492,  257,  190,  234,  398,  205,  583,  347,  685],
        [   65,   65,  591,  897,  376,  620,  695,  136,   57,  635,  540,  196,  406,  482,  488,  293,  362,  818,  238,  356,  543,  505,  203,  563,  180,  720,  667,  122,  351,  732,  580,  842,  921,  586,  970,  528,  798,  379,  114,  401,  368,  590,  175,  397,  440,    0,  356,  845,  841,   95,  686,  470,  215,  243,  637,  145,  572,  792],
        [  292,  292,  767,  640,  613,  278,  344,  387,  319,  287,  675,  188,  168,  127,  200,  402,  487,  479,  411,  502,  484,  153,  530,  345,  403,  590,  411,  293,  134,  378,  574,  537,  671,  232,  764,  228,  444,  221,  247,  475,  568,  760,  452,  389,  346,  356,    0,  686,  614,  333,  487,  218,  316,  134,  452,  446,  238,  446],
        [  812,  812,  685,  260,  746,  561,  621,  958,  854,  762,  587,  684,  521,  672,  841,  589,  579,  548, 1032, 1145,  321,  632,  869,  342,  716,  129,  317,  878,  570,  652,  354,  407,  247,  638,  162,  487,  773,  906,  805,  513,  681,  673, 1014, 1069,  405,  845,  686,    0,  172,  896,  204,  469,  634,  777,  234,  988,  542,  840],
        [  797,  797,  800,   96,  819,  433,  478,  938,  839,  633,  693,  659,  465,  572,  740,  626,  640,  385,  998, 1104,  385,  528,  904,  284,  742,  227,  206,  850,  521,  503,  455,  238,   98,  516,  153,  393,  621,  828,  780,  575,  752,  788,  999, 1003,  414,  841,  614,  172,    0,  875,  157,  402,  645,  726,  209,  978,  427,  691],
        [   87,   87,  685,  923,  470,  609,  676,   64,   48,  594,  631,  217,  421,  455,  431,  374,  448,  809,  151,  270,  607,  485,  288,  593,  270,  775,  690,   44,  363,  709,  654,  851,  950,  563, 1011,  533,  761,  305,   97,  482,  461,  683,  126,  304,  492,   95,  333,  896,  875,    0,  725,  486,  284,  203,  677,  114,  564,  748],
        [  645,  645,  674,  233,  670,  365,  435,  788,  687,  565,  565,  509,  326,  468,  637,  470,  490,  395,  852,  961,  245,  429,  748,  142,  585,  153,  125,  701,  379,  470,  332,  287,  248,  438,  287,  284,  594,  706,  630,  426,  603,  663,  847,  873,  257,  686,  487,  204,  157,  725,    0,  269,  489,  587,   53,  825,  341,  655],
        [  416,  416,  683,  440,  589,  212,  305,  548,  455,  362,  577,  276,   66,  222,  382,  357,  421,  374,  599,  702,  311,  193,  587,  128,  427,  379,  205,  456,  124,  348,  414,  373,  468,  241,  549,   81,  459,  438,  390,  381,  529,  674,  611,  605,  190,  470,  218,  469,  402,  486,  269,    0,  319,  324,  236,  595,  160,  496],
        [  198,  198,  462,  711,  299,  513,  601,  342,  238,  594,  382,  142,  268,  426,  506,  101,  187,  692,  434,  553,  328,  430,  271,  380,  109,  508,  491,  283,  230,  643,  370,  684,  732,  507,  765,  394,  735,  455,  216,  204,  254,  457,  389,  545,  234,  215,  316,  634,  645,  284,  489,  319,    0,  280,  437,  359,  459,  751],
        [  180,  180,  740,  760,  558,  411,  474,  254,  198,  394,  661,  140,  262,  253,  249,  379,  467,  612,  281,  379,  533,  284,  436,  446,  338,  670,  527,  162,  209,  507,  608,  667,  790,  361,  871,  353,  560,  176,  130,  473,  525,  736,  319,  296,  398,  243,  134,  777,  726,  203,  587,  324,  280,    0,  546,  316,  371,  551],
        [  596,  596,  632,  284,  620,  361,  438,  740,  638,  555,  522,  462,  288,  446,  612,  418,  439,  417,  808,  918,  201,  409,  695,  110,  533,  153,  138,  655,  338,  476,  294,  323,  300,  427,  334,  264,  600,  672,  583,  376,  553,  620,  799,  836,  205,  637,  452,  234,  209,  677,   53,  236,  437,  546,    0,  776,  329,  656],
        [  182,  182,  700, 1030,  475,  722,  789,   67,  141,  702,  663,  321,  530,  568,  531,  434,  496,  923,  145,  242,  687,  598,  265,  697,  312,  864,  797,  155,  473,  822,  722,  962, 1055,  676, 1110,  645,  871,  395,  208,  541,  482,  700,   38,  344,  583,  145,  446,  988,  978,  114,  825,  595,  359,  316,  776,    0,  678,  854],
        [  511,  511,  842,  429,  743,   55,  147,  621,  544,  226,  736,  380,  192,  151,  315,  511,  579,  247,  649,  735,  457,  107,  717,  230,  565,  481,  228,  527,  233,  190,  562,  304,  463,   99,  579,   82,  300,  421,  473,  540,  685,  833,  686,  603,  347,  572,  238,  542,  427,  564,  341,  160,  459,  371,  329,  678,    0,  342],
        [  728,  728, 1172,  651, 1048,  299,  220,  788,  748,  159, 1069,  633,  509,  325,  327,  822,  900,  324,  769,  811,  798,  324,  976,  567,  846,  805,  531,  704,  527,  189,  904,  476,  685,  256,  830,  422,   77,  477,  680,  870,  996, 1164,  848,  633,  685,  792,  446,  840,  691,  748,  655,  496,  751,  551,  656,  854,  342,    0]
    ]
}
