{
    "name": "random-89-20647",
    "comment": "size=89 seed=20647",
    "nodes": ["+0", "-0", "+1", "-1", "+2", "-2", "+3", "-3", "+4", "-4", "+5", "-5", "+6", "-6", "+7", "-7", "+8", "-8", "+9", "-9", "+10", "-10", "+11", "-11", "+12", "-12", "+13", "-13", "+14", "-14", "+15", "-15", "+16", "-16", "+17", "-17", "+18", "-18", "+19", "-19", "+20", "-20", "+21", "-21", "+22", "-22", "+23", "-23", "+24", "-24", "+25", "-25", "+26", "-26", "+27", "-27", "+28", "-28", "+29", "-29", "+30", "-30", "+31", "-31", "+32", "-32", "+33", "-33", "+34", "-34", "+35", "-35", "+36", "-36", "+37", "-37", "+38", "-38", "+39", "-39", "+40", "-40", "+41", "-41", "+42", "-42", "+43", "-43", "+44", "-44", "+45", "-45", "+46", "-46", "+47", "-47", "+48", "-48", "+49", "-49", "+50", "-50", "+51", "-51", "+52", "-52", "+53", "-53", "+54", "-54", "+55", "-55", "+56", "-56", "+57", "-57", "+58", "-58", "+59", "-59", "+60", "-60", "+61", "-61", "+62", "-62", "+63", "-63", "+64", "-64", "+65", "-65", "+66", "-66", "+67", "-67", "+68", "-68", "+69", "-69", "+70", "-70", "+71", "-71", "+72", "-72", "+73", "-73", "+74", "-74", "+75", "-75", "+76", "-76", "+77", "-77", "+78", "-78", "+79", "-79", "+80", "-80", "+81", "-81", "+82", "-82", "+83", "-83", "+84", "-84", "+85", "-85", "+86", "-86", "+87", "-87", "+88", "-88", "+89", "-89"],
    "precedence": {
        "+0": "-0",
        "+1": "-1",
        "+2": "-2",
        "+3": "-3",
        "+4": "-4",
        "+5": "-5",
        "+6": "-6",
        "+7": "-7",
        "+8": "-8",
        "+9": "-9",
        "+10": "-10",
        "+11": "-11",
        "+12": "-12",
        "+13": "-13",
        "+14": "-14",
        "+15": "-15",
        "+16": "-16",
        "+17": "-17",
        "+18": "-18",
        "+19": "-19",
        "+20": "-20",
        "+21": "-21",
        "+22": "-22",
        "+23": "-23",
        "+24": "-24",
        "+25": "-25",
        "+26": "-26",
        "+27": "-27",
        "+28": "-28",
        "+29": "-29",
        "+30": "-30",
        "+31": "-31",
        "+32": "-32",
        "+33": "-33",
        "+34": "-34",
        "+35": "-35",
        "+36": "-36",
        "+37": "-37",
        "+38": "-38",
        "+39": "-39",
        "+40": "-40",
        "+41": "-41",
        "+42": "-42",
        "+43": "-43",
        "+44": "-44",
        "+45": "-45",
        "+46": "-46",
        "+47": "-47",
        "+48": "-48",
        "+49": "-49",
        "+50": "-50",
        "+51": "-51",
        "+52": "-52",
        "+53": "-53",
        "+54": "-54",
        "+55": "-55",
        "+56": "-56",
        "+57": "-57",
        "+58": "-58",
        "+59": "-59",
        "+60": "-60",
        "+61": "-61",
        "+62": "-62",
        "+63": "-63",
        "+64": "-64",
        "+65": "-65",
        "+66": "-66",
        "+67": "-67",
        "+68": "-68",
        "+69": "-69",
        "+70": "-70",
        "+71": "-71",
        "+72": "-72",
        "+73": "-73",
        "+74": "-74",
        "+75": "-75",
        "+76": "-76",
        "+77": "-77",
        "+78": "-78",
        "+79": "-79",
        "+80": "-80",
        "+81": "-81",
        "+82": "-82",
        "+83": "-83",
        "+84": "-84",
        "+85": "-85",
        "+86": "-86",
        "+87": "-87",
        "+88": "-88",
        "+89": "-89"
    },
    "edges": [
        [    0,    0,  583,  640,  437,  629,  450,  892,   73,  803,  421,  224,  452,  236,  829,  279,  708,  587,  340,  428,  856,  467,  870,  904,  780,  755,  831,  339,  464,  298,  423,  742,  370,  807,  433,  149,  130,  298,  775,  755,  416,  327,  252,  467,  937,  964,  804,  473,  626,   64,  869,  800,  625,  552,  475,  938,  778,  798,   69,  344,   46,  731,   14,  507,  875,  840,  489,  890,  888,  445,  481,  524,  403,  555,  259,  695,  906,  236,  455,  817,  754,  320,  430,  575,  270,   31,  519,  795,  801,  735,  304,  804,  335,  879,  964,  767,  252,  873,  704,  392,  230,  742,  287,   92,  418,  834,  652,  626,  576,   90,  269,  521,  814,  602,  230,  780,  342,  619,   53,  597,  487,  620,  252,  270,  417,  399,  439,  347,  571,  655,  861,  887,  174,  320,  280,  603,  579,  560,  121,  628,  819,  199,  415,  315,  819,  563,  807,  625,  136,  854,  568,  162,  338,  773,  743,  805,  436,  557,  309,  394,  430,  150,  453,  121,  629,  512,  533,  813,  670,  770,  672,  443,  142,  675,  410,  477,  336,  814,  731,  690],
        [    0,    0,    0,    0,    0,    0,    0,    0,    0,    0,    0,    0,    0,    0,    0,    0,    0,    0,    0,    0,    0,    0,    0,    0,    0,    0,    0,    0,    0,    0,    0,    0,    0,    0,    0,    0,    0,    0,    0,    0,    0,    0,    0,    0,    0,    0,    0,    0,    0,    0,    0,    0,    0,    0,    0,    0,    0,    0,    0,    0,    0,    0,    0,    0,    0,    0,    0,    0,    0,    0,    0,    0,    0,    0,    0,    0,    0,    0,    0,    0,    0,    0,    0,    0,    0,    0,    0,    0,    0,    0,    0,    0,    0,    0,    0,    0,    0,    0,    0,    0,    0,    0,    0,    0,    0,    0,    0,    0,    0,    0,    0,    0,    0,    0,    0,    0,    0,    0,    0,    0,    0,    0,    0,    0,    0,    0,    0,    0,    0,    0,    0,    0,    0,    0,    0,    0,    0,    0,    0,    0,    0,    0,    0,    0,    0,    0,    0,    0,    0,    0,    0,    0,    0,    0,    0,    0,    0,    0,    0,    0,    0,    0,    0,    0,    0,    0,    0,    0,    0,    0,    0,    0,    0,    0,    0,    0,    0,    0,    0,    0],
        [  583,    0,    0,  172,  797,  219,  451,  387,  630,  456,  163,  534,  621,  686,  448,  319,  235,  305,  534,  486,  311,  794,  290,  363,  202,  184,  285,  403,  729,  289,  318,  229,  645,  425,  785,  622,  710,  296,  285,  323,  244,  348,  344,  326,  468,  489,  263,  220,  502,  646,  305,  451,  189,   73,  646,  475,  335,  252,  643,  622,  557,  213,  584,  250,  307,  258,  460,  448,  415,  173,  546,  207,  711,  198,  673,  450,  461,  360,  477,  238,  181,  330,  354,  522,  566,  565,  233,  249,  263,  367,  405,  510,  699,  472,  494,  241,  391,  434,  188,  763,  433,  468,  698,  646,  321,  256,   74,  465,  437,  509,  580,  365,  231,  459,  676,  500,  754,  332,  535,   28,  311,  301,  431,  722,  763,  573,  758,  245,  484,  547,  379,  460,  427,  283,  306,  131,   64,  304,  695,  270,  321,  393,  248,  393,  270,  315,  225,  222,  511,  378,  236,  618,  763,  200,  194,  293,  620,   26,  387,  680,  707,  617,  715,  666,  177,  429,   93,  357,  331,  421,  355,  176,  492,  340,  670,  753,  622,  235,  456,  454],
        [  640,    0,  172,    0,  753,  388,  371,  256,  699,  618,  260,  529,  549,  685,  604,  362,  388,  169,  669,  414,  220,  740,  334,  266,  271,  165,  388,  539,  666,  378,  266,  103,  777,  583,  740,  712,  769,  345,  140,  478,  390,  338,  437,  487,  319,  344,  374,  176,  672,  700,  246,  613,   30,  125,  569,  324,  485,  168,  689,  581,  604,  351,  638,  416,  256,  262,  366,  289,  266,  199,  459,  375,  843,  369,  782,  292,  600,  451,  632,  229,  271,  455,  509,  689,  546,  616,  400,  359,  377,  196,  389,  676,  670,  306,  347,  129,  404,  577,   70,  727,  442,  638,  682,  683,  473,  313,  200,  635,  606,  582,  560,  532,  255,  629,  777,  667,  731,  503,  599,  194,  474,  472,  547,  826,  891,  716,  891,  299,  364,  718,  511,  297,  468,  321,  389,  301,  114,  474,  760,  440,  183,  442,  232,  375,  372,  190,  243,  392,  600,  512,  407,  711,  875,  283,  124,  421,  765,  177,  515,  631,  651,  708,  654,  698,  344,  592,  258,  198,  500,  584,  192,  318,  521,  510,  807,  690,  585,  293,  626,  297],
        [  437,    0,  797,  753,    0,  938,  390,  945,  488, 1157,  666,  287,  225,  203, 1171,  512,  999,  611,  771,  344,  960,   45, 1071,  994,  990,  913, 1081,  739,  116,  599,  492,  844,  806, 1147,   14,  579,  456,  534,  848, 1070,  748,  451,  590,  837,  947,  973, 1058,  592, 1029,  426,  996, 1152,  726,  734,  220,  943, 1089,  916,  393,  176,  409,  999,  424,  845, 1006, 1011,  408,  889,  914,  625,  324,  843,  834,  868,  685,  622, 1224,  582,  870,  979,  975,  683,  812,  989,  240,  419,  850, 1045, 1057,  733,  394, 1176,  112,  853,  969,  872,  426, 1192,  821,   46,  386, 1115,  151,  358,  787, 1042,  870, 1020,  970,  503,  228,  901,  997,  998,  651, 1154,  101,  974,  469,  821,  851,  963,  657,  680,  841,  833,  866,  575,  461, 1065, 1157,  875,  442,  534,  580,  879,  758,  914,  478,  958,  885,  475,  551,  405, 1066,  583,  987,  935,  561, 1153,  895,  594,  748,  993,  877, 1080,  872,  774,  700,  123,  111,  581,  121,  335,  919,  910,  796,  847, 1013, 1120,  665,  737,  381, 1020,  846,  103,  176, 1021, 1103,  614],
        [  629,    0,  219,  388,  938,    0,  636,  565,  654,  243,  276,  655,  793,  791,  243,  426,   85,  520,  453,  665,  468,  942,  325,  516,  252,  333,  230,  339,  888,  349,  500,  424,  558,  218,  927,  615,  742,  404,  481,  133,  214,  497,  381,  208,  655,  672,  204,  414,  310,  690,  438,  238,  406,  286,  819,  663,  153,  418,  696,  767,  617,  131,  635,  132,  435,  352,  653,  646,  605,  344,  731,  106,  621,   75,  631,  668,  288,  396,  347,  353,  221,  314,  251,  349,  698,  620,  115,  203,  199,  583,  550,  292,  831,  677,  679,  426,  512,  255,  388,  898,  553,  251,  816,  710,  238,  289,  200,  269,  256,  541,  710,  208,  317,  271,  645,  281,  876,  126,  577,  195,  183,   93,  407,  684,  676,  469,  664,  365,  689,  353,  232,  661,  513,  405,  369,   88,  282,  129,  720,   56,  509,  477,  422,  541,  225,  527,  320,    8,  519,  225,   70,  606,  707,  232,  370,  184,  506,  223,  347,  830,  862,  610,  874,  735,   46,  274,  158,  557,  113,  206,  573,  202,  583,  123,  571,  911,  766,  278,  238,  671],
        [  450,    0,  451,  371,  390,  636,    0,  557,  523,  876,  368,  244,  179,  374,  878,  281,  678,  222,  666,   47,  570,  373,  699,  604,  626,  534,  730,  573,  296,  374,  137,  456,  748,  854,  376,  581,  558,  289,  459,  761,  500,  175,  405,  611,  566,  593,  711,  232,  823,  491,  609,  871,  343,  380,  200,  564,  776,  529,  466,  230,  405,  663,  441,  584,  620,  632,   39,  510,  529,  293,   96,  564,  801,  579,  684,  263,  907,  408,  707,  599,  616,  487,  606,  807,  229,  420,  580,  696,  711,  350,  158,  914,  324,  481,  590,  484,  226,  879,  437,  370,  227,  860,  352,  444,  570,  675,  518,  800,  755,  446,  240,  676,  622,  784,  663,  897,  387,  710,  437,  478,  615,  689,  522,  709,  833,  729,  846,  298,  121,  867,  828,  499,  308,  270,  365,  560,  399,  658,  562,  672,  495,  313,  215,  153,  714,  193,  611,  636,  495,  827,  615,  589,  775,  633,  494,  744,  779,  433,  533,  268,  284,  580,  284,  444,  606,  711,  480,  460,  734,  838,  280,  458,  310,  743,  787,  320,  236,  653,  847,  256],
        [  892,    0,  387,  256,  945,  565,  557,    0,  952,  755,  512,  759,  724,  911,  728,  615,  530,  338,  916,  603,  108,  923,  338,   85,  343,  232,  454,  785,  843,  633,  491,  162, 1025,  711,  931,  967, 1020,  599,  117,  610,  629,  577,  692,  713,   96,  109,  455,  420,  872,  951,  160,  750,  268,  370,  738,  106,  607,  147,  937,  785,  854,  475,  888,  633,  171,  256,  537,  117,   61,  454,  625,  589, 1091,  573, 1036,  352,  685,  706,  864,  235,  366,  704,  741,  902,  766,  866,  614,  441,  460,  219,  621,  824,  878,  172,  116,  147,  648,  673,  204,  926,  683,  800,  900,  928,  708,  347,  369,  832,  812,  837,  779,  747,  282,  831, 1033,  822,  941,  690,  853,  397,  696,  657,  800, 1081, 1141,  958, 1139,  554,  497,  916,  595,  141,  718,  574,  644,  489,  350,  677, 1012,  620,   74,  694,  478,  607,  441,  367,  272,  571,  856,  601,  606,  967, 1130,  365,  198,  513, 1005,  404,  763,  824,  836,  963,  833,  940,  520,  812,  479,  100,  669,  728,  282,  558,  767,  678, 1053,  865,  790,  339,  790,  361],
        [   73,    0,  630,  699,  488,  654,  523,  952,    0,  810,  468,  295,  521,  286,  839,  338,  735,  654,  314,  500,  912,  521,  912,  961,  822,  806,  864,  340,  525,  341,  491,  800,  323,  818,  486,   93,   89,  355,  836,  775,  442,  395,  288,  476, 1001, 1028,  838,  536,  615,   64,  922,  807,  685,  604,  543, 1002,  798,  854,   95,  410,  118,  763,   83,  527,  927,  888,  561,  955,  951,  502,  553,  549,  347,  581,  199,  766,  923,  272,  441,  866,  794,  341,  436,  558,  339,  103,  541,  830,  834,  802,  375,  805,  391,  946, 1028,  824,  320,  889,  761,  444,  301,  743,  340,  130,  430,  875,  696,  620,  572,  121,  337,  525,  860,  596,  166,  780,  389,  630,  100,  641,  499,  635,  256,  201,  356,  367,  379,  402,  643,  640,  883,  953,  239,  379,  324,  637,  631,  573,   68,  647,  879,  259,  478,  386,  854,  631,  854,  649,  137,  876,  590,  109,  270,  813,  797,  834,  398,  604,  317,  456,  491,   95,  514,  155,  659,  506,  572,  877,  684,  779,  740,  479,  213,  687,  362,  537,  401,  856,  733,  761],
        [  803,    0,  456,  618, 1157,  243,  876,  755,  810,    0,  510,  870, 1027,  995,   47,  647,  233,  760,  539,  902,  650, 1166,  445,  691,  413,  528,  318,  470, 1117,  559,  740,  636,  619,   49, 1147,  750,  898,  626,  691,  146,  410,  729,  574,  337,  850,  863,  308,  656,  256,  857,  607,    6,  640,  526, 1054,  859,  149,  612,  871,  992,  801,  282,  811,  312,  599,  509,  894,  851,  804,  585,  970,  317,  671,  298,  731,  905,  156,  586,  401,  523,  390,  488,  374,  326,  918,  801,  308,  319,  302,  811,  779,   74, 1047,  890,  871,  631,  734,  134,  606, 1115,  771,   94, 1026,  891,  386,  421,  420,  224,  258,  713,  929,  286,  478,  246,  755,   85, 1087,  186,  752,  430,  317,  194,  556,  784,  725,  526,  703,  594,  931,  272,  197,  869,  719,  632,  577,  327,  519,  246,  873,  205,  712,  684,  661,  772,  326,  768,  486,  241,  675,  187,  265,  737,  786,  391,  575,  250,  542,  463,  496, 1055, 1089,  745, 1102,  919,  280,  319,  399,  768,  145,   38,  808,  426,  786,  137,  617, 1139,  989,  423,   96,  909],
        [  421,    0,  163,  260,  666,  276,  368,  512,  468,  510,    0,  389,  518,  536,  517,  163,  333,  309,  411,  393,  454,  669,  451,  505,  361,  340,  427,  283,  613,  129,  235,  352,  518,  492,  655,  465,  548,  140,  398,  406,  150,  222,  186,  262,  579,  604,  402,  171,  470,  484,  458,  506,  258,  144,  545,  583,  425,  395,  481,  494,  395,  336,  422,  219,  462,  420,  390,  546,  526,   92,  461,  196,  583,  213,  526,  462,  559,  201,  390,  399,  337,  196,  271,  468,  428,  403,  213,  391,  400,  424,  275,  546,  562,  556,  607,  372,  244,  528,  310,  629,  286,  492,  553,  485,  233,  415,  233,  442,  401,  347,  441,  321,  393,  429,  524,  529,  612,  343,  373,  178,  259,  322,  288,  572,  631,  461,  631,   93,  439,  516,  491,  552,  267,  134,  144,  213,  168,  292,  533,  306,  440,  232,  156,  266,  414,  303,  387,  275,  353,  487,  248,  462,  618,  356,  336,  417,  510,  137,  256,  556,  587,  461,  599,  506,  254,  369,  130,  457,  367,  473,  386,   92,  335,  376,  549,  636,  493,  395,  479,  462],
        [  224,    0,  534,  529,  287,  655,  244,  759,  295,  870,  389,    0,  231,  157,  886,  229,  720,  427,  515,  213,  747,  300,  819,  789,  733,  674,  813,  461,  268,  312,  269,  628,  572,  862,  278,  369,  317,  252,  648,  787,  462,  193,  305,  552,  786,  813,  789,  354,  748,  254,  774,  866,  506,  479,  256,  785,  807,  696,  226,  137,  180,  725,  213,  559,  782,  769,  281,  733,  742,  364,  259,  558,  614,  584,  479,  504,  942,  298,  597,  740,  714,  399,  529,  713,   55,  195,  564,  777,  787,  572,  141,  890,  178,  712,  811,  656,  145,  909,  598,  245,  103,  829,  165,  201,  502,  787,  607,  737,  687,  253,   62,  616,  750,  716,  451,  868,  223,  687,  229,  555,  565,  677,  385,  493,  635,  578,  654,  297,  363,  786,  878,  725,  158,  256,  294,  601,  505,  627,  324,  672,  689,  190,  301,  155,  799,  399,  741,  652,  311,  874,  610,  381,  561,  733,  647,  806,  623,  509,  421,  198,  235,  369,  255,  201,  639,  629,  519,  668,  727,  834,  504,  453,  107,  734,  613,  287,  131,  766,  817,  498],
        [  452,    0,  621,  549,  225,  793,  179,  724,  521, 1027,  518,  231,    0,  286, 1034,  392,  842,  396,  738,  137,  746,  200,  877,  777,  803,  713,  904,  669,  120,  489,  304,  633,  801, 1010,  212,  599,  527,  408,  632,  921,  631,  299,  502,  736,  723,  749,  883,  404,  943,  472,  786, 1022,  521,  552,   28,  719,  938,  706,  440,  119,  410,  832,  440,  723,  797,  810,  188,  665,  690,  455,  100,  710,  845,  730,  709,  397, 1071,  499,  806,  778,  792,  593,  721,  917,  182,  424,  723,  869,  883,  509,  252, 1058,  194,  628,  744,  661,  311, 1041,  615,  217,  287, 1001,  243,  409,  690,  852,  691,  926,  878,  482,  184,  801,  800,  907,  681, 1039,  253,  852,  459,  648,  744,  835,  602,  721,  866,  802,  885,  434,  236,  984,  996,  650,  368,  397,  474,  722,  573,  796,  540,  823,  666,  390,  376,  257,  888,  368,  789,  792,  540,  993,  763,  611,  789,  808,  672,  913,  848,  602,  628,  115,  115,  599,  109,  399,  766,  826,  640,  625,  883,  989,  442,  602,  335,  891,  842,  143,  128,  831,  988,  389],
        [  236,    0,  686,  685,  203,  791,  374,  911,  286,  995,  536,  157,  286,    0, 1014,  373,  861,  576,  574,  334,  903,  236,  973,  944,  887,  830,  962,  553,  251,  443,  423,  784,  604,  991,  200,  377,  261,  397,  802,  923,  588,  349,  421,  664,  933,  960,  937,  510,  845,  224,  930,  991,  662,  634,  300,  932,  944,  852,  192,  169,  212,  871,  223,  685,  938,  925,  407,  879,  891,  519,  356,  691,  632,  718,  484,  636, 1078,  409,  680,  897,  866,  510,  635,  800,  148,  220,  693,  926,  935,  717,  297, 1006,  111,  854,  958,  812,  296, 1045,  754,  158,  254,  944,   56,  157,  614,  941,  760,  840,  790,  309,  135,  725,  905,  817,  450,  983,  106,  809,  272,  707,  681,  803,  468,  481,  640,  634,  664,  444,  482,  878, 1019,  870,  279,  405,  423,  745,  660,  749,  281,  803,  843,  315,  457,  311,  949,  547,  897,  788,  365, 1014,  741,  392,  549,  885,  804,  951,  672,  661,  517,  190,  220,  379,  243,  135,  780,  727,  665,  819,  854,  959,  648,  591,  210,  860,  644,  258,  160,  919,  933,  629],
        [  829,    0,  448,  604, 1171,  243,  878,  728,  839,   47,  517,  886, 1034, 1014,    0,  660,  217,  752,  576,  907,  622, 1179,  410,  661,  385,  505,  283,  501, 1127,  574,  742,  615,  660,   25, 1161,  782,  928,  638,  669,  127,  427,  737,  595,  364,  823,  835,  275,  654,  301,  885,  577,   46,  628,  519, 1060,  832,  123,  586,  897, 1004,  825,  260,  836,  329,  568,  478,  895,  827,  778,  586,  973,  329,  712,  306,  768,  894,  110,  607,  440,  494,  365,  511,  404,  370,  932,  825,  322,  288,  270,  794,  789,  117, 1063,  868,  843,  609,  747,   88,  588, 1130,  785,  139, 1043,  916,  412,  389,  405,  267,  298,  739,  943,  318,  448,  287,  791,  130, 1104,  210,  777,  421,  342,  212,  584,  821,  767,  566,  745,  603,  928,  319,  155,  846,  737,  642,  594,  322,  510,  269,  903,  214,  688,  701,  664,  781,  293,  762,  457,  243,  704,  145,  277,  770,  826,  364,  553,  217,  583,  458,  523, 1067, 1100,  777, 1113,  943,  275,  356,  399,  746,  161,   63,  796,  436,  805,  155,  658, 1150, 1002,  392,  140,  898],
        [  279,    0,  319,  362,  512,  426,  281,  615,  338,  647,  163,  229,  392,  373,  660,    0,  491,  331,  391,  288,  578,  520,  608,  626,  520,  481,  590,  293,  472,   98,  183,  464,  482,  636,  502,  360,  408,   24,  498,  559,  242,  106,  126,  345,  665,  692,  565,  200,  553,  340,  593,  643,  348,  277,  419,  667,  578,  520,  331,  345,  245,  499,  277,  337,  599,  570,  313,  622,  615,  167,  358,  331,  541,  356,  446,  464,  713,  131,  427,  544,  497,  208,  332,  531,  273,  256,  340,  554,  563,  474,  140,  672,  405,  617,  693,  488,   87,  681,  426,  473,  127,  613,  392,  330,  299,  574,  391,  535,  487,  224,  285,  410,  546,  516,  434,  652,  452,  467,  238,  337,  353,  453,  247,  483,  579,  453,  588,   74,  384,  595,  649,  622,  110,   42,   86,  373,  304,  408,  398,  446,  542,   80,  145,  138,  576,  312,  539,  424,  253,  645,  384,  363,  540,  516,  465,  578,  503,  293,  253,  409,  443,  357,  457,  349,  411,  438,  292,  541,  503,  610,  418,  225,  174,  510,  519,  494,  343,  553,  600,  461],
        [  708,    0,  235,  388,  999,   85,  678,  530,  735,  233,  333,  720,  842,  861,  217,  491,    0,  538,  536,  710,  427, 1001,  254,  472,  196,  299,  148,  424,  943,  422,  543,  404,  640,  195,  988,  699,  823,  468,  459,   90,  294,  552,  458,  291,  623,  638,  124,  449,  367,  769,  390,  228,  411,  308,  868,  632,  100,  384,  775,  826,  694,   60,  713,  216,  384,  296,  691,  621,  575,  388,  774,  187,  702,  155,  715,  678,  230,  473,  426,  304,  167,  396,  335,  415,  760,  698,  199,  125,  118,  579,  607,  297,  894,  659,  645,  401,  576,  201,  374,  961,  617,  271,  883,  787,  322,  221,  189,  324,  321,  621,  773,  285,  262,  331,  729,  293,  943,  185,  656,  208,  266,  155,  491,  769,  758,  551,  745,  425,  718,  406,  159,  638,  585,  466,  442,  121,  296,  206,  802,  119,  482,  548,  467,  597,  145,  549,  268,   91,  601,  154,  154,  690,  791,  174,  344,  100,  585,  248,  431,  888,  918,  694,  929,  812,   81,  349,  204,  537,  147,  202,  580,  272,  654,  155,  652,  966,  825,  215,  261,  682],
        [  587,    0,  305,  169,  611,  520,  222,  338,  654,  760,  309,  427,  396,  576,  752,  331,  538,    0,  702,  268,  350,  593,  501,  383,  439,  331,  555,  582,  515,  388,  165,  238,  802,  729,  598,  689,  711,  323,  238,  627,  458,  260,  441,  569,  359,  387,  539,  144,  772,  641,  391,  755,  140,  235,  413,  359,  637,  312,  622,  448,  545,  508,  581,  514,  403,  425,  208,  308,  316,  219,  301,  480,  864,  483,  776,  154,  758,  451,  698,  392,  437,  491,  579,  776,  429,  559,  503,  524,  541,  149,  294,  812,  541,  293,  385,  266,  336,  733,  226,  590,  363,  766,  563,  609,  541,  482,  354,  741,  704,  550,  443,  624,  422,  730,  764,  799,  604,  622,  556,  332,  563,  594,  564,  813,  906,  758,  912,  295,  195,  818,  672,  302,  416,  295,  390,  434,  242,  582,  707,  567,  274,  401,  188,  280,  538,   30,  410,  523,  583,  672,  522,  692,  871,  450,  284,  582,  808,  298,  549,  489,  505,  686,  504,  617,  481,  676,  370,  244,  630,  725,   88,  394,  451,  640,  837,  538,  452,  462,  754,  156],
        [  340,    0,  534,  669,  771,  453,  666,  916,  314,  539,  411,  515,  738,  574,  576,  391,  536,  702,    0,  664,  844,  797,  766,  896,  682,  715,  682,  132,  780,  314,  572,  754,  111,  559,  766,  231,  392,  390,  804,  544,  291,  495,  267,  245,  987, 1011,  656,  559,  312,  374,  835,  537,  668,  547,  765,  992,  568,  785,  399,  651,  363,  581,  352,  326,  836,  771,  701,  956,  934,  490,  732,  365,  178,  394,  193,  846,  674,  261,  140,  759,  650,  215,  202,  250,  568,  354,  345,  654,  651,  831,  511,  518,  664,  966, 1015,  771,  443,  642,  712,  726,  456,  458,  622,  430,  223,  728,  577,  326,  283,  269,  573,  265,  737,  302,  218,  492,  679,  381,  303,  532,  270,  398,  144,  246,  231,   65,  225,  408,  774,  332,  657,  962,  372,  416,  315,  476,  566,  336,  364,  424,  845,  356,  517,  515,  676,  688,  736,  446,  211,  648,  383,  216,  257,  666,  727,  633,  113,  514,  156,  709,  746,  227,  767,  458,  477,  220,  447,  866,  438,  513,  786,  359,  408,  438,  138,  797,  644,  713,  450,  845],
        [  428,    0,  486,  414,  344,  665,   47,  603,  500,  902,  393,  213,  137,  334,  907,  288,  710,  268,  664,    0,  616,  328,  741,  650,  666,  577,  768,  578,  252,  384,  169,  501,  741,  882,  330,  564,  529,  300,  505,  792,  518,  184,  409,  627,  611,  638,  748,  268,  838,  465,  654,  897,  387,  417,  160,  609,  808,  574,  437,  184,  382,  698,  418,  605,  665,  675,   74,  555,  575,  323,   72,  588,  792,  605,  670,  303,  940,  410,  714,  643,  655,  495,  618,  818,  190,  398,  602,  733,  748,  395,  154,  937,  278,  525,  635,  529,  222,  910,  481,  324,  214,  882,  309,  413,  584,  716,  555,  817,  770,  432,  201,  691,  664,  799,  647,  920,  342,  733,  419,  513,  632,  713,  522,  691,  821,  728,  836,  316,  151,  881,  862,  544,  298,  283,  373,  591,  437,  678,  535,  698,  541,  309,  244,  152,  752,  239,  653,  664,  484,  860,  639,  573,  758,  672,  537,  779,  777,  467,  537,  222,  238,  563,  240,  412,  636,  724,  510,  506,  759,  865,  326,  480,  290,  768,  781,  276,  191,  694,  869,  295],
        [  856,    0,  311,  220,  960,  468,  570,  108,  912,  650,  454,  747,  746,  903,  622,  578,  427,  350,  844,  616,    0,  943,  233,   52,  237,  136,  347,  713,  865,  581,  482,  120,  955,  605,  946,  918,  985,  559,  117,  505,  554,  558,  639,  629,  203,  213,  348,  396,  777,  917,   57,  645,  242,  311,  763,  213,  502,   60,  907,  792,  822,  371,  854,  547,   70,  149,  558,  218,  163,  412,  650,  502, 1021,  484,  978,  406,  578,  654,  781,  128,  261,  639,  661,  811,  762,  833,  528,  335,  354,  270,  607,  719,  883,  269,  222,   92,  624,  566,  153,  936,  662,  698,  898,  902,  630,  240,  279,  736,  719,  793,  776,  658,  175,  737,  978,  718,  944,  594,  813,  315,  611,  560,  738, 1025, 1073,  883, 1069,  511,  532,  820,  488,  240,  685,  536,  594,  397,  287,  585,  975,  522,   97,  658,  452,  593,  334,  378,  165,  474,  805,  494,  514,  916, 1070,  259,  119,  407,  928,  331,  696,  837,  854,  913,  853,  917,  424,  724,  399,  163,  569,  624,  319,  486,  740,  578,  980,  888,  796,  232,  688,  415],
        [  467,    0,  794,  740,   45,  942,  373,  923,  521, 1166,  669,  300,  200,  236, 1179,  520, 1001,  593,  797,  328,  943,    0, 1062,  975,  984,  902, 1078,  758,   83,  609,  483,  828,  836, 1155,   39,  611,  493,  541,  830, 1074,  758,  450,  604,  851,  922,  948, 1056,  584, 1047,  460,  981, 1161,  713,  729,  190,  918, 1093,  901,  427,  176,  436,  999,  454,  855,  992, 1000,  387,  864,  890,  622,  299,  850,  867,  874,  719,  594, 1228,  597,  891,  968,  970,  698,  828, 1009,  249,  447,  859, 1042, 1055,  709,  395, 1188,  134,  825,  943,  856,  433, 1196,  808,   80,  395, 1128,  182,  392,  802, 1035,  866, 1036,  986,  528,  239,  915,  987, 1015,  685, 1167,  139,  984,  495,  819,  864,  972,  678,  716,  876,  859,  900,  578,  434, 1084, 1158,  849,  457,  538,  591,  881,  752,  925,  515,  965,  865,  489,  546,  405, 1063,  565,  977,  941,  587, 1155,  903,  626,  784,  987,  864, 1080,  900,  772,  719,  114,   90,  613,   92,  370,  922,  928,  797,  825, 1022, 1129,  642,  743,  399, 1029,  876,   64,  177, 1014, 1115,  585],
        [  870,    0,  290,  334, 1071,  325,  699,  338,  912,  445,  451,  819,  877,  973,  410,  608,  254,  501,  766,  741,  233, 1062,    0,  261,   91,  171,  128,  642,  992,  573,  580,  280,  874,  398, 1058,  894,  995,  586,  319,  309,  489,  629,  624,  525,  432,  439,  140,  480,  620,  933,  179,  441,  363,  341,  899,  442,  299,  221,  931,  896,  845,  197,  872,  441,  168,   87,  698,  450,  395,  455,  790,  401,  939,  372,  930,  601,  352,  640,  671,  118,  119,  590,  565,  669,  847,  853,  421,  133,  147,  473,  685,  518,  979,  499,  448,  260,  678,  343,  278, 1040,  720,  509,  981,  935,  544,   38,  219,  578,  575,  792,  861,  532,   80,  585,  939,  522, 1036,  439,  820,  274,  501,  408,  692,  982,  994,  789,  983,  535,  696,  658,  264,  472,  716,  571,  591,  291,  315,  453,  978,  371,  320,  682,  523,  672,  120,  523,   92,  332,  786,  272,  389,  888, 1014,  101,  221,  196,  828,  316,  638,  950,  974,  889,  979,  955,  292,  598,  341,  386,  399,  426,  503,  437,  782,  406,  891, 1016,  897,   57,  502,  608],
        [  904,    0,  363,  266,  994,  516,  604,   85,  961,  691,  505,  789,  777,  944,  661,  626,  472,  383,  896,  650,   52,  975,  261,    0,  279,  187,  381,  765,  896,  631,  522,  164, 1007,  645,  980,  968, 1033,  607,  146,  547,  606,  602,  689,  680,  174,  179,  386,  440,  825,  965,   85,  686,  285,  362,  792,  184,  542,  112,  954,  828,  869,  414,  902,  598,   94,  183,  589,  201,  146,  460,  680,  553, 1073,  534, 1030,  422,  611,  704,  832,  169,  305,  690,  713,  861,  802,  880,  579,  373,  391,  285,  649,  761,  920,  256,  188,  138,  669,  601,  201,  972,  706,  742,  938,  948,  682,  274,  329,  784,  769,  843,  816,  708,  213,  786, 1029,  761,  982,  641,  862,  367,  662,  608,  789, 1077, 1125,  935, 1120,  560,  557,  868,  522,  225,  732,  584,  644,  447,  338,  635, 1023,  570,  112,  705,  497,  635,  369,  411,  206,  522,  856,  528,  564,  966, 1121,  301,  171,  444,  980,  383,  748,  871,  887,  964,  885,  962,  472,  775,  451,  169,  615,  666,  342,  538,  786,  624, 1032,  919,  832,  269,  732,  430],
        [  780,    0,  202,  271,  990,  252,  626,  343,  822,  413,  361,  733,  803,  887,  385,  520,  196,  439,  682,  666,  237,  984,   91,  279,    0,  127,  122,  556,  915,  483,  502,  243,  791,  368,  978,  804,  905,  497,  292,  269,  401,  545,  534,  444,  438,  450,  116,  401,  558,  843,  196,  409,  300,  257,  825,  447,  265,  203,  841,  815,  755,  137,  782,  360,  189,  102,  628,  444,  394,  370,  719,  318,  856,  291,  843,  555,  350,  550,  593,  110,   33,  501,  483,  601,  763,  763,  340,  101,  120,  435,  601,  483,  896,  487,  458,  231,  591,  334,  228,  958,  634,  464,  897,  845,  459,   55,  129,  516,  507,  701,  777,  457,   67,  521,  850,  483,  952,  374,  730,  184,  422,  341,  603,  894,  911,  708,  901,  446,  633,  599,  259,  463,  627,  484,  501,  206,  233,  379,  888,  303,  305,  593,  441,  589,  106,  459,   74,  259,  696,  263,  312,  798,  927,   23,  180,  173,  749,  227,  550,  871,  896,  800,  902,  866,  214,  524,  251,  367,  341,  388,  455,  347,  693,  350,  809,  939,  816,   35,  455,  561],
        [  755,    0,  184,  165,  913,  333,  534,  232,  806,  528,  340,  674,  713,  830,  505,  481,  299,  331,  715,  577,  136,  902,  171,  187,  127,    0,  248,  584,  829,  468,  422,  117,  825,  486,  900,  803,  884,  460,  167,  383,  425,  482,  524,  494,  325,  340,  242,  324,  642,  818,  122,  523,  194,  204,  733,  333,  383,   86,  811,  739,  725,  246,  755,  412,  124,   98,  531,  323,  277,  317,  623,  367,  892,  348,  857,  434,  476,  540,  646,   67,  141,  514,  527,  675,  697,  734,  392,  226,  246,  310,  536,  595,  825,  364,  348,  105,  540,  459,  107,  884,  580,  569,  833,  810,  497,  156,  143,  601,  584,  686,  711,  522,   92,  602,  859,  592,  885,  459,  709,  184,  475,  426,  615,  905,  944,  751,  939,  409,  525,  685,  384,  342,  590,  441,  483,  261,  177,  450,  871,  388,  184,  559,  374,  522,  233,  353,   80,  340,  691,  388,  379,  800,  946,  145,   54,  297,  795,  207,  569,  791,  813,  799,  816,  828,  289,  588,  268,  242,  437,  500,  335,  358,  651,  447,  849,  853,  742,  139,  559,  440],
        [  831,    0,  285,  388, 1081,  230,  730,  454,  864,  318,  427,  813,  904,  962,  283,  590,  148,  555,  682,  768,  347, 1078,  128,  381,  122,  248,    0,  566, 1013,  536,  601,  365,  787,  270, 1069,  835,  951,  567,  413,  185,  426,  632,  580,  437,  549,  558,   28,  501,  505,  893,  297,  314,  416,  352,  928,  559,  173,  320,  895,  906,  812,  103,  834,  359,  288,  199,  736,  560,  508,  457,  825,  324,  850,  293,  858,  675,  232,  596,  574,  220,  118,  529,  480,  558,  848,  817,  340,   37,   32,  557,  688,  391,  982,  605,  567,  352,  669,  220,  349, 1047,  711,  385,  978,  904,  465,  108,  214,  463,  465,  747,  862,  433,  173,  472,  870,  396, 1035,  329,  779,  261,  413,  301,  628,  911,  906,  698,  892,  518,  747,  540,  142,  580,  692,  558,  555,  228,  332,  354,  932,  267,  423,  656,  533,  677,   17,  572,  184,  237,  733,  148,  299,  827,  936,  106,  301,   70,  733,  308,  569,  964,  992,  830,  999,  927,  210,  497,  301,  486,  283,  300,  575,  388,  761,  290,  800, 1037,  906,  116,  378,  681],
        [  339,    0,  403,  539,  739,  339,  573,  785,  340,  470,  283,  461,  669,  553,  501,  293,  424,  582,  132,  578,  713,  758,  642,  765,  556,  584,  566,    0,  728,  203,  465,  624,  242,  480,  731,  284,  428,  285,  674,  446,  160,  399,  170,  140,  857,  881,  540,  439,  292,  390,  705,  467,  540,  417,  696,  863,  470,  654,  407,  597,  346,  464,  349,  208,  706,  643,  605,  828,  804,  367,  648,  244,  308,  274,  292,  731,  588,  170,  138,  630,  525,   92,   98,  252,  515,  342,  227,  536,  535,  706,  426,  466,  628,  839,  885,  640,  360,  555,  581,  694,  383,  404,  594,  430,  102,  604,  447,  288,  238,  251,  523,  185,  609,  265,  306,  441,  655,  293,  290,  401,  165,  301,   88,  345,  360,  178,  356,  293,  673,  327,  559,  834,  306,  309,  209,  352,  436,  238,  403,  320,  714,  280,  402,  426,  559,  571,  608,  333,  207,  550,  270,  272,  372,  542,  596,  523,  228,  383,   42,  659,  696,  279,  715,  458,  358,  175,  317,  737,  348,  439,  664,  228,  359,  350,  269,  748,  592,  588,  393,  730],
        [  464,    0,  729,  666,  116,  888,  296,  843,  525, 1117,  613,  268,  120,  251, 1127,  472,  943,  515,  780,  252,  865,   83,  992,  896,  915,  829, 1013,  728,    0,  565,  413,  751,  829, 1103,  103,  612,  511,  491,  751, 1019,  713,  392,  568,  811,  840,  866,  991,  515, 1013,  468,  904, 1112,  638,  662,  108,  836, 1037,  824,  435,  132,  427,  937,  451,  808,  915,  926,  308,  782,  809,  559,  218,  800,  866,  822,  722,  512, 1171,  562,  864,  894,  902,  662,  792,  979,  214,  440,  810,  977,  991,  628,  339, 1143,  141,  743,  861,  779,  386, 1140,  732,  125,  352, 1084,  197,  400,  763,  965,  800,  999,  950,  514,  208,  876,  915,  979,  690, 1122,  179,  938,  484,  754,  822,  923,  653,  725,  880,  843,  902,  524,  352, 1052, 1099,  767,  423,  485,  549,  822,  684,  879,  529,  914,  786,  452,  481,  347,  997,  487,  905,  887,  573, 1096,  852,  626,  793,  920,  789, 1018,  887,  708,  688,   72,   35,  613,   15,  382,  865,  894,  739,  744,  972, 1079,  561,  691,  374,  980,  870,   25,  137,  944, 1071,  503],
        [  298,    0,  289,  378,  599,  349,  374,  633,  341,  559,  129,  312,  489,  443,  574,   98,  422,  388,  314,  384,  581,  609,  573,  631,  483,  468,  536,  203,  565,    0,  263,  475,  414,  551,  589,  337,  422,   85,  518,  481,  150,  201,   59,  248,  695,  720,  510,  247,  456,  361,  586,  554,  371,  270,  516,  698,  502,  521,  361,  437,  276,  439,  300,  247,  590,  547,  405,  657,  642,  184,  455,  248,  477,  276,  404,  533,  636,   74,  334,  526,  457,  114,  235,  435,  360,  282,  253,  500,  507,  522,  238,  579,  489,  661,  722,  496,  180,  603,  433,  557,  215,  520,  470,  369,  202,  537,  356,  438,  390,  220,  371,  313,  519,  419,  400,  558,  531,  376,  248,  301,  257,  365,  176,  448,  521,  372,  525,   94,  471,  498,  579,  661,  165,  107,   20,  310,  295,  316,  407,  362,  560,  128,  203,  235,  524,  375,  514,  346,  225,  573,  299,  336,  498,  476,  463,  515,  423,  264,  165,  500,  535,  333,  551,  392,  341,  340,  237,  571,  416,  522,  473,  151,  234,  422,  449,  587,  434,  517,  507,  531],
        [  423,    0,  318,  266,  492,  500,  137,  491,  491,  740,  235,  269,  304,  423,  742,  183,  543,  165,  572,  169,  482,  483,  580,  522,  502,  422,  601,  465,  413,  263,    0,  363,  665,  718,  479,  531,  546,  183,  380,  625,  373,   96,  305,  486,  522,  549,  580,  102,  698,  476,  512,  735,  241,  249,  328,  522,  641,  432,  457,  318,  380,  530,  417,  452,  521,  520,  156,  472,  476,  157,  232,  430,  723,  444,  624,  283,  772,  312,  594,  489,  489,  375,  485,  687,  281,  394,  447,  566,  580,  314,  131,  779,  405,  457,  548,  391,  172,  743,  335,  463,  198,  726,  417,  444,  449,  553,  388,  673,  629,  392,  295,  549,  505,  658,  609,  763,  465,  577,  395,  345,  487,  555,  429,  657,  761,  632,  770,  176,  211,  743,  694,  467,  254,  157,  259,  424,  271,  525,  543,  536,  421,  243,   79,  117,  585,  140,  495,  500,  430,  692,  480,  536,  718,  507,  388,  611,  683,  299,  427,  370,  394,  528,  400,  454,  470,  589,  344,  402,  599,  703,  250,  325,  287,  608,  702,  438,  320,  531,  713,  279],
        [  742,    0,  229,  103,  844,  424,  456,  162,  800,  636,  352,  628,  633,  784,  615,  464,  404,  238,  754,  501,  120,  828,  280,  164,  243,  117,  365,  624,  751,  475,  363,    0,  864,  595,  830,  810,  871,  446,   58,  491,  468,  439,  533,  555,  239,  261,  358,  277,  725,  802,  154,  631,  123,  209,  651,  246,  493,   74,  791,  674,  706,  355,  740,  478,  165,  197,  446,  223,  186,  299,  538,  434,  930,  422,  877,  321,  592,  548,  705,  164,  255,  543,  582,  750,  643,  718,  460,  342,  361,  194,  488,  700,  765,  256,  265,   29,  506,  573,   43,  819,  543,  669,  779,  785,  549,  271,  224,  686,  662,  683,  657,  593,  203,  683,  874,  695,  826,  547,  700,  242,  540,  514,  639,  922,  980,  798,  978,  399,  428,  769,  500,  238,  570,  422,  486,  342,  189,  528,  861,  478,   92,  543,  334,  474,  349,  265,  191,  429,  698,  504,  457,  809,  969,  261,   64,  412,  845,  244,  602,  721,  739,  806,  739,  799,  378,  657,  322,  134,  533,  605,  225,  397,  623,  543,  892,  775,  678,  255,  658,  329],
        [  370,    0,  645,  777,  806,  558,  748, 1025,  323,  619,  518,  572,  801,  604,  660,  482,  640,  802,  111,  741,  955,  836,  874, 1007,  791,  825,  787,  242,  829,  414,  665,  864,    0,  645,  802,  231,  384,  484,  913,  641,  401,  581,  362,  351, 1096, 1120,  761,  660,  375,  386,  946,  618,  776,  656,  827, 1101,  665,  896,  416,  704,  402,  687,  383,  433,  947,  881,  784, 1064, 1043,  595,  806,  474,   67,  502,  143,  943,  762,  353,  222,  870,  759,  323,  309,  305,  624,  391,  453,  760,  756,  935,  591,  589,  703, 1072, 1124,  881,  522,  732,  822,  761,  528,  533,  656,  451,  332,  836,  687,  398,  363,  320,  627,  361,  847,  375,  179,  563,  709,  476,  346,  642,  375,  496,  239,  185,  120,   95,  114,  507,  861,  382,  754, 1069,  444,  511,  412,  586,  676,  436,  356,  525,  954,  435,  615,  596,  782,  787,  846,  551,  262,  744,  489,  214,  169,  775,  837,  735,   90,  625,  263,  758,  795,  228,  817,  477,  584,  307,  558,  974,  532,  598,  887,  470,  467,  531,   42,  844,  696,  822,  527,  941],
