{
    "name": "random-90-19681",
    "comment": "size=90 seed=19681",
    "nodes": ["+0", "-0", "+1", "-1", "+2", "-2", "+3", "-3", "+4", "-4", "+5", "-5", "+6", "-6", "+7", "-7", "+8", "-8", "+9", "-9", "+10", "-10", "+11", "-11", "+12", "-12", "+13", "-13", "+14", "-14", "+15", "-15", "+16", "-16", "+17", "-17", "+18", "-18", "+19", "-19", "+20", "-20", "+21", "-21", "+22", "-22", "+23", "-23", "+24", "-24", "+25", "-25", "+26", "-26", "+27", "-27", "+28", "-28", "+29", "-29", "+30", "-30", "+31", "-31", "+32", "-32", "+33", "-33", "+34", "-34", "+35", "-35", "+36", "-36", "+37", "-37", "+38", "-38", "+39", "-39", "+40", "-40", "+41", "-41", "+42", "-42", "+43", "-43", "+44", "-44", "+45", "-45", "+46", "-46", "+47", "-47", "+48", "-48", "+49", "-49", "+50", "-50", "+51", "-51", "+52", "-52", "+53", "-53", "+54", "-54", "+55", "-55", "+56", "-56", "+57", "-57", "+58", "-58", "+59", "-59", "+60", "-60", "+61", "-61", "+62", "-62", "+63", "-63", "+64", "-64", "+65", "-65", "+66", "-66", "+67", "-67", "+68", "-68", "+69", "-69", "+70", "-70", "+71", "-71", "+72", "-72", "+73", "-73", "+74", "-74", "+75", "-75", "+76", "-76", "+77", "-77", "+78", "-78", "+79", "-79", "+80", "-80", "+81", "-81", "+82", "-82", "+83", "-83", "+84", "-84", "+85", "-85", "+86", "-86", "+87", "-87", "+88", "-88", "+89", "-89", "+90", "-90"],
    "precedence": {
        "+0": "-0",
        "+1": "-1",
        "+2": "-2",
        "+3": "-3",
        "+4": "-4",
        "+5": "-5",
        "+6": "-6",
        "+7": "-7",
        "+8": "-8",
        "+9": "-9",
        "+10": "-10",
        "+11": "-11",
        "+12": "-12",
        "+13": "-13",
        "+14": "-14",
        "+15": "-15",
        "+16": "-16",
        "+17": "-17",
        "+18": "-18",
        "+19": "-19",
        "+20": "-20",
        "+21": "-21",
        "+22": "-22",
        "+23": "-23",
        "+24": "-24",
        "+25": "-25",
        "+26": "-26",
        "+27": "-27",
        "+28": "-28",
        "+29": "-29",
        "+30": "-30",
        "+31": "-31",
        "+32": "-32",
        "+33": "-33",
        "+34": "-34",
        "+35": "-35",
        "+36": "-36",
        "+37": "-37",
        "+38": "-38",
        "+39": "-39",
        "+40": "-40",
        "+41": "-41",
        "+42": "-42",
        "+43": "-43",
        "+44": "-44",
        "+45": "-45",
        "+46": "-46",
        "+47": "-47",
        "+48": "-48",
        "+49": "-49",
        "+50": "-50",
        "+51": "-51",
        "+52": "-52",
        "+53": "-53",
        "+54": "-54",
        "+55": "-55",
        "+56": "-56",
        "+57": "-57",
        "+58": "-58",
        "+59": "-59",
        "+60": "-60",
        "+61": "-61",
        "+62": "-62",
        "+63": "-63",
        "+64": "-64",
        "+65": "-65",
        "+66": "-66",
        "+67": "-67",
        "+68": "-68",
        "+69": "-69",
        "+70": "-70",
        "+71": "-71",
        "+72": "-72",
        "+73": "-73",
        "+74": "-74",
        "+75": "-75",
        "+76": "-76",
        "+77": "-77",
        "+78": "-78",
        "+79": "-79",
        "+80": "-80",
        "+81": "-81",
        "+82": "-82",
        "+83": "-83",
        "+84": "-84",
        "+85": "-85",
        "+86": "-86",
        "+87": "-87",
        "+88": "-88",
        "+89": "-89",
        "+90": "-90"
    },
    "edges": [
        [    0,    0,  179,  963,  285,  621,  752,  440,  769,  861,  107,  579,  903,  433,  426,  407,  529,  401,   96,  359,  473,  505,  117,  175,  140,  124,  534,  342,  466,  240,  358,  371,  598,  927,  466,  631,  235,  784,  745,  354,  753,  849,  399,  612,  720,  639,  213,  411,  422,  807,  554,  488,  454,  813,  653,  853,  441,  778,  598,  245,  875,  396,  230,  316,  230,  491,  716,  369,  718,  801,  455,  791,  431,  759,  712,  602,  865,  569,  872,  905,  288,  329, 1008,  267,   71,  433,  223,  790,  777,  833,  829,  683,  385,  417,  444,  243,  753,  765,  269,  584,  235,  429, 1002,  114,  601,  425,  705,  212,  265,  436,  242,  388,  410,  599,  302,  458,  895,  495,  788,  109,  685,  487,  136,  562,  170,  356,  749,   66,  780,  232,  740,  159,  452,  437,  402,  224,  425,  699,  263,  286,  953,  598,  301,  391,  693,  565,  519,  480,  483,  469,  371,  736,  352,  410,  274,  444,  201,  773,  391,  326,  298,  647,  726,  654,  467,  437,  287,  459,  563,  716,  335,  362,  481,  271,   55,  200,  483,   53,  656,  237,  233,  683],
        [    0,    0,    0,    0,    0,    0,    0,    0,    0,    0,    0,    0,    0,    0,    0,    0,    0,    0,    0,    0,    0,    0,    0,    0,    0,    0,    0,    0,    0,    0,    0,    0,    0,    0,    0,    0,    0,    0,    0,    0,    0,    0,    0,    0,    0,    0,    0,    0,    0,    0,    0,    0,    0,    0,    0,    0,    0,    0,    0,    0,    0,    0,    0,    0,    0,    0,    0,    0,    0,    0,    0,    0,    0,    0,    0,    0,    0,    0,    0,    0,    0,    0,    0,    0,    0,    0,    0,    0,    0,    0,    0,    0,    0,    0,    0,    0,    0,    0,    0,    0,    0,    0,    0,    0,    0,    0,    0,    0,    0,    0,    0,    0,    0,    0,    0,    0,    0,    0,    0,    0,    0,    0,    0,    0,    0,    0,    0,    0,    0,    0,    0,    0,    0,    0,    0,    0,    0,    0,    0,    0,    0,    0,    0,    0,    0,    0,    0,    0,    0,    0,    0,    0,    0,    0,    0,    0,    0,    0,    0,    0,    0,    0,    0,    0,    0,    0,    0,    0,    0,    0,    0,    0,    0,    0,    0,    0,    0,    0,    0,    0,    0,    0],
        [  179,    0,    0,  826,  289,  466,  619,  261,  614,  702,   92,  400,  753,  517,  285,  237,  441,  423,   84,  353,  294,  472,  194,  284,  305,  259,  414,  183,  290,   62,  179,  238,  510,  794,  290,  453,  218,  630,  592,  306,  575,  671,  298,  480,  551,  532,  107,  236,  247,  640,  422,  329,  489,  653,  528,  701,  455,  604,  422,   68,  736,  245,  163,  163,  371,  312,  590,  219,  583,  630,  362,  626,  305,  613,  552,  425,  699,  475,  719,  760,  192,  206,  843,   92,  207,  508,   47,  617,  599,  680,  667,  581,  211,  416,  307,  377,  578,  588,  388,  406,   64,  458,  836,   67,  503,  440,  557,   68,  307,  544,  140,  290,  234,  429,  392,  305,  747,  370,  616,  121,  564,  361,  272,  385,   59,  204,  616,  128,  619,  163,  561,  204,  287,  342,  398,  213,  252,  531,  277,  152,  791,  471,  180,  448,  530,  473,  462,  392,  325,  472,  365,  576,  315,  321,  231,  275,  215,  595,  306,  162,  120,  475,  549,  489,  314,  293,  197,  462,  479,  540,  373,  195,  376,  278,  180,  105,  314,  129,  478,  259,  184,  513],
        [  963,    0,  826,    0,  754,  372, 1038,  649,  912,  214,  859,  615,  121,  924,  543,  764,  475, 1217,  888, 1136,  667,  605, 1017, 1107, 1017,  949,  433,  645,  711,  792,  715,  594, 1123,   46,  706,  643, 1023,  932,  922,  654,  613,  505,  570,  975,  379,  354,  899,  625,  733,  827,  409,  819, 1287,  897, 1023,  164,  734,  728,  529,  793,   91,  845,  954,  663, 1005,  646, 1056,  607, 1009,  784, 1025,  847,  532,  973,  318,  532,  862, 1086,  156,   87,  941,  904,  938,  744,  938,  895,  783,  744,  508,  961,  887,  332,  752, 1193,  522,  991,  422,  500,  966,  627,  814, 1253,  929,  871,  400, 1227,  274,  766,  814,  999,  913,  981,  720,  461,  906,  842,  114,  469,  764,  855,  289,  948, 1087,  680,  802,  622,  215,  940,  272,  953,  612,  842,  785, 1013,  700,  770,  740,  380, 1086,  875,  934,  366,  663, 1261,  343,  441,  543, 1052,  509, 1244,  706,  869, 1078,  570,  714,  766, 1033,  517,  589,  808,  752,  443,  653,  389,  843,  875,  950,  703, 1115,  471,  797,  640, 1009, 1083,  926,  906,  765,  916,  552,  794,  980,  767],
        [  285,    0,  289,  754,    0,  476,  891,  440,  861,  705,  231,  571,  721,  259,  294,  481,  283,  673,  274,  617,  488,  222,  391,  460,  278,  213,  331,  290,  507,  325,  393,  245,  798,  712,  505,  636,  480,  880,  845,  101,  739,  789,  204,  756,  612,  403,  393,  381,  476,  862,  371,  585,  731,  892,  806,  679,  168,  803,  547,  332,  675,  517,  442,  264,  251,  495,  868,  281,  853,  843,  650,  856,  267,  874,  573,  553,  923,  763,  698,  713,  479,  493, 1064,  303,  228,  241,  290,  820,  722,  930,  901,  439,  451,  679,  297,  238,  665,  708,  218,  582,  342,  704, 1056,  269,  360,  695,  533,  241,   63,  310,  426,  579,  456,  510,  170,  570,  710,  310,  824,  202,  465,  643,  419,  586,  230,  276,  543,  308,  635,  443,  726,  127,  536,  631,  118,   77,  484,  589,  527,  439, 1019,  398,  201,  673,  561,  319,  245,  680,  374,  734,   87,  818,  591,  191,   80,  518,  460,  722,  174,  430,  355,  558,  729,  537,  579,  569,  483,  179,  767,  647,   93,  320,  664,  532,  232,  387,  554,  264,  620,   50,  458,  735],
        [  621,    0,  466,  372,  476,    0,  723,  281,  621,  241,  514,  281,  288,  708,  198,  397,  275,  846,  536,  765,  305,  431,  659,  749,  701,  634,  173,  284,  350,  426,  344,  255,  769,  348,  344,  332,  654,  642,  622,  383,  366,  349,  273,  635,  149,  230,  531,  254,  366,  564,  121,  464,  916,  623,  687,  236,  532,  472,  198,  426,  281,  477,  585,  307,  713,  287,  729,  252,  689,  527,  660,  574,  211,  669,   98,  204,  615,  730,  254,  298,  569,  533,  730,  379,  610,  682,  421,  491,  298,  682,  620,  269,  383,  822,  186,  705,  214,  284,  690,  296,  447,  882,  721,  518,  250,  856,   99,  412,  537,  773,  543,  612,  351,  118,  645,  481,  282,  172,  505,  517,  194,  589,  735,  343,  452,  266,  190,  587,  163,  584,  358,  528,  424,  646,  475,  463,  374,  126,  717,  504,  706,  138,  325,  892,   87,  266,  366,  688,  142,  873,  465,  574,  707,  292,  412,  403,  666,  302,  305,  437,  382,  135,  385,   80,  483,  512,  579,  510,  756,  222,  549,  274,  647,  713,  592,  539,  409,  570,  256,  502,  611,  467],
        [  752,    0,  619, 1038,  891,  723,    0,  495,  147,  831,  705,  442,  921, 1134,  702,  414,  911,  564,  678,  511,  449, 1016,  670,  710,  891,  864,  823,  628,  411,  570,  506,  708,  237, 1032,  416,  399,  548,  136,  125,  869,  439,  579,  794,  141,  661,  932,  541,  556,  427,  257,  790,  309,  604,  193,  104,  875, 1044,  338,  528,  563,  960,  376,  525,  645,  977,  457,   54,  660,   38,  295,  319,  227,  748,   76,  732,  522,  269,  235,  884,  952,  466,  424,  360,  588,  808, 1123,  605,  328,  545,  150,  216,  979,  444,  512,  722,  986,  619,  548, 1003,  428,  557,  582,  359,  669,  931,  548,  806,  652,  921, 1162,  511,  371,  449,  607, 1011,  321,  926,  784,  307,  737,  914,  266,  744,  382,  672,  654,  908,  687,  768,  523,  436,  822,  360,  332,  980,  820,  418,  663,  568,  473,  300,  836,  709,  648,  709,  925,  976,  306,  655,  520,  950,  177,  463,  829,  817,  381,  590,  535,  824,  462,  537,  607,  392,  669,  313,  326,  468, 1042,  267,  568,  981,  602,  284,  556,  780,  554,  352,  719,  488,  871,  530,  272],
        [  440,    0,  261,  649,  440,  281,  495,    0,  434,  485,  343,  142,  554,  698,  207,  116,  416,  576,  345,  493,   50,  526,  437,  523,  559,  504,  334,  151,   85,  203,   86,  219,  496,  628,   80,  202,  397,  453,  422,  392,  318,  411,  304,  382,  314,  450,  283,   64,   86,  424,  308,  198,  645,  458,  436,  501,  572,  366,  165,  199,  560,  197,  328,  177,  609,   57,  488,  172,  458,  404,  380,  419,  254,  460,  340,  167,  484,  457,  517,  571,  300,  258,  624,  176,  459,  680,  219,  382,  339,  502,  465,  499,  104,  548,  228,  609,  327,  328,  611,  150,  214,  612,  616,  327,  443,  583,  379,  243,  486,  744,  285,  332,   71,  197,  593,  207,  552,  292,  385,  363,  447,  314,  522,  147,  282,  170,  467,  387,  402,  326,  304,  419,  151,  366,  506,  385,   95,  298,  459,  237,  580,  359,  240,  630,  315,  433,  483,  408,  169,  597,  480,  388,  433,  338,  361,  129,  418,  334,  336,  166,  145,  234,  298,  268,  211,  234,  310,  564,  480,  283,  532,  121,  369,  453,  434,  295,  147,  389,  217,  437,  353,  297],
        [  769,    0,  614,  912,  861,  621,  147,  434,    0,  701,  705,  345,  793, 1115,  635,  384,  837,  655,  684,  590,  384,  958,  705,  760,  907,  871,  742,  580,  356,  557,  469,  652,  355,  910,  360,  290,  595,   22,   32,  823,  302,  437,  736,  201,  539,  841,  557,  497,  386,  110,  702,  286,  705,   56,  203,  749, 1003,  194,  424,  550,  838,  375,  556,  602,  984,  385,  189,  605,  136,  149,  389,   80,  682,   71,  615,  418,  133,  340,  757,  826,  497,  445,  254,  563,  816, 1100,  589,  183,  410,   69,   79,  886,  413,  605,  652,  990,  491,  415, 1001,  330,  550,  678,  251,  672,  847,  643,  696,  633,  899, 1151,  531,  421,  406,  504,  998,  312,  799,  707,  162,  734,  814,  307,  787,  297,  661,  602,  799,  704,  644,  554,  302,  812,  330,  396,  937,  797,  378,  545,  628,  484,  194,  744,  667,  737,  595,  846,  911,  387,  576,  624,  910,   48,  533,  771,  784,  345,  636,  400,  769,  452,  512,  495,  260,  558,  303,  334,  501,  996,  376,  443,  954,  551,  351,  617,  788,  571,  308,  729,  372,  849,  568,  155],
        [  861,    0,  702,  214,  705,  241,  831,  485,  701,    0,  754,  422,   93,  919,  438,  594,  460, 1061,  775,  978,  491,  615,  894,  985,  940,  873,  378,  522,  533,  658,  562,  495,  932,  221,  528,  441,  877,  721,  712,  607,  401,  294,  503,  777,  181,  361,  758,  477,  562,  614,  334,  633, 1130,  684,  822,   63,  733,  515,  341,  657,  157,  672,  808,  546,  949,  469,  851,  492,  802,  571,  846,  635,  446,  764,  151,  343,  649,  896,   61,  130,  785,  742,  727,  613,  850,  891,  656,  531,  295,  748,  674,  369,  587, 1031,  424,  939,  212,  288,  922,  432,  676, 1096,  718,  757,  402, 1067,  174,  651,  767,  989,  766,  809,  553,  289,  871,  660,  102,  396,  551,  758,  290,  763,  973,  487,  692,  506,  213,  826,   84,  807,  400,  767,  605,  836,  684,  699,  568,  190,  940,  721,  722,  316,  566, 1114,  173,  436,  547,  870,  379, 1079,  680,  659,  917,  515,  647,  589,  894,  304,  532,  650,  609,  257,  442,  218,  659,  696,  794,  706,  926,  264,  769,  508,  826,  935,  833,  767,  581,  810,  350,  736,  834,  559],
        [  107,    0,   92,  859,  231,  514,  705,  343,  705,  754,    0,  484,  797,  437,  320,  328,  438,  445,   44,  386,  380,  438,  174,  257,  217,  168,  433,  236,  379,  152,  265,  266,  582,  824,  378,  539,  250,  720,  683,  276,  660,  749,  302,  565,  615,  542,  173,  308,  337,  731,  451,  419,  506,  744,  612,  747,  397,  693,  497,  158,  771,  334,  214,  210,  280,  396,  675,  263,  670,  721,  433,  717,  328,  703,  606,  500,  790,  548,  765,  800,  259,  285,  934,  168,  118,  430,  126,  707,  677,  771,  758,  588,  302,  449,  339,  286,  649,  665,  299,  490,  155,  478,  927,   40,  508,  466,  599,  107,  234,  458,  207,  362,  322,  494,  308,  395,  789,  392,  706,   33,  585,  444,  230,  473,   65,  249,  646,   87,  673,  216,  646,  123,  378,  414,  347,  157,  342,  593,  298,  234,  882,  496,  196,  454,  586,  473,  440,  462,  376,  504,  314,  667,  362,  317,  194,  366,  231,  673,  299,  253,  207,  542,  635,  548,  404,  381,  262,  410,  548,  613,  304,  257,  453,  302,   92,  164,  405,   57,  557,  192,  229,  604],
        [  579,    0,  400,  615,  571,  281,  442,  142,  345,  422,  484,    0,  504,  829,  304,  200,  496,  664,  483,  582,  108,  627,  566,  648,  700,  645,  398,  283,  131,  340,  222,  335,  511,  602,  128,   67,  507,  367,  343,  511,  176,  280,  411,  362,  241,  496,  406,  192,  172,  308,  358,  213,  731,  356,  411,  454,  690,  234,   88,  335,  531,  268,  442,  311,  750,   88,  450,  293,  408,  280,  429,  310,  349,  390,  298,   83,  366,  475,  466,  530,  401,  349,  500,  317,  601,  809,  359,  252,  210,  410,  358,  542,  208,  628,  317,  750,  227,  201,  751,   16,  348,  698,  492,  466,  502,  667,  366,  384,  621,  879,  400,  401,  176,  165,  729,  242,  506,  366,  260,  504,  473,  342,  653,   66,  424,  295,  467,  523,  346,  440,  163,  559,  193,  420,  625,  521,  174,  236,  565,  347,  462,  400,  371,  728,  274,  503,  575,  451,  236,  672,  602,  298,  518,  444,  492,  181,  535,  204,  446,  278,  281,  172,  159,  230,  241,  280,  410,  678,  505,  174,  662,  253,  406,  557,  575,  419,  164,  529,   88,  573,  465,  193],
        [  903,    0,  753,  121,  721,  288,  921,  554,  793,   93,  797,  504,    0,  917,  477,  666,  457, 1128,  821, 1046,  566,  604,  946, 1036,  971,  903,  391,  571,  609,  713,  626,  532, 1015,  133,  604,  528,  939,  812,  803,  621,  493,  385,  525,  863,  265,  345,  817,  538,  634,  706,  356,  713, 1197,  777,  909,   54,  728,  607,  420,  713,   82,  746,  870,  592,  970,  544,  940,  537,  892,  663,  923,  727,  476,  855,  215,  423,  741,  978,   39,   40,  851,  811,  818,  666,  885,  889,  708,  624,  387,  841,  766,  340,  657, 1101,  459,  958,  303,  380,  938,  516,  733, 1164,  809,  804,  390, 1136,  198,  697,  783,  990,  828,  883,  623,  360,  883,  738,   16,  418,  644,  797,  272,  843, 1021,  570,  736,  551,  189,  873,  159,  869,  492,  796,  682,  912,  685,  725,  641,  269, 1002,  786,  814,  324,  603, 1177,  240,  428,  537,  949,  429, 1150,  686,  751,  986,  532,  671,  664,  953,  396,  549,  717,  668,  335,  534,  287,  738,  773,  860,  699, 1008,  353,  777,  561,  905,  998,  870,  826,  660,  853,  437,  757,  896,  650],
        [  433,    0,  517,  924,  259,  708, 1134,  698, 1115,  919,  437,  829,  917,    0,  544,  732,  461,  829,  473,  791,  746,  320,  549,  586,  334,  311,  544,  548,  763,  565,  647,  499, 1017,  879,  761,  894,  665, 1133, 1097,  330,  996, 1038,  442,  996,  852,  575,  609,  639,  730, 1120,  592,  835,  875, 1147, 1045,  882,  191, 1061,  802,  572,  857,  759,  646,  522,  237,  754, 1107,  538, 1098, 1101,  869, 1113,  510, 1123,  802,  808, 1181,  984,  900,  901,  695,  721, 1321,  553,  364,   30,  531, 1078,  973, 1183, 1158,  593,  703,  849,  542,  215,  910,  959,  178,  841,  578,  854, 1314,  476,  529,  854,  746,  484,  216,   77,  643,  798,  710,  759,  132,  816,  904,  537, 1082,  404,  647,  878,  536,  844,  463,  534,  730,  484,  858,  648,  983,  315,  787,  850,  235,  319,  738,  828,  696,  668, 1276,  604,  459,  805,  794,  490,  382,  897,  624,  899,  244, 1073,  783,  418,  338,  770,  634,  973,  407,  673,  604,  805,  987,  777,  825,  809,  697,  222,  983,  896,  168,  578,  889,  704,  385,  599,  807,  441,  876,  266,  656,  992],
        [  426,    0,  285,  543,  294,  198,  702,  207,  635,  438,  320,  304,  477,  544,    0,  304,  211,  693,  347,  616,  254,  325,  475,  565,  503,  437,  141,  110,  291,  259,  220,   58,  685,  510,  286,  370,  491,  655,  626,  216,  457,  496,  108,  586,  321,  264,  368,  147,  282,  611,  138,  401,  762,  654,  640,  427,  389,  537,  261,  261,  453,  375,  425,  122,  520,  250,  694,   68,  664,  584,  554,  611,   47,  665,  294,  267,  670,  646,  446,  480,  425,  404,  803,  209,  412,  521,  243,  555,  430,  702,  658,  315,  279,  677,   25,  513,  372,  416,  502,  318,  282,  729,  795,  329,  247,  707,  279,  224,  353,  602,  388,  493,  261,  217,  463,  403,  469,   95,  563,  321,  284,  505,  546,  339,  261,   83,  332,  398,  360,  425,  445,  332,  351,  537,  325,  269,  292,  298,  554,  361,  765,  190,  128,  728,  278,  230,  277,  584,   81,  732,  306,  588,  565,  140,  222,  328,  496,  430,  144,  307,  232,  264,  455,  248,  409,  421,  434,  376,  664,  354,  378,  118,  551,  552,  395,  373,  352,  377,  336,  313,  451,  490],
        [  407,    0,  237,  764,  481,  397,  414,  116,  384,  594,  328,  200,  666,  732,  304,    0,  513,  471,  314,  388,  103,  605,  374,  453,  539,  495,  439,  216,   70,  177,   92,  299,  384,  743,   73,  236,  308,  401,  366,  455,  360,  479,  386,  287,  417,  559,  213,  161,   32,  404,  419,  106,  539,  420,  341,  613,  630,  372,  259,  170,  675,   81,  243,  231,  607,  127,  398,  252,  377,  395,  264,  391,  348,  394,  452,  259,  463,  345,  629,  685,  202,  152,  607,  180,  443,  718,  207,  384,  409,  452,  433,  609,   30,  439,  327,  611,  419,  401,  620,  199,  174,  505,  600,  300,  548,  475,  495,  249,  517,  768,  203,  218,   47,  307,  615,  101,  665,  395,  381,  355,  561,  203,  462,  162,  279,  244,  583,  346,  512,  241,  347,  429,   56,  250,  566,  414,   27,  404,  365,  148,  555,  470,  295,  531,  427,  533,  570,  293,  281,  486,  537,  344,  325,  420,  405,   39,  336,  403,  413,   84,  129,  338,  326,  380,  107,  120,  211,  628,  366,  369,  573,  193,  254,  358,  416,  226,   78,  361,  288,  467,  266,  277],
        [  529,    0,  441,  475,  283,  275,  911,  416,  837,  460,  438,  496,  457,  461,  211,  513,    0,  864,  477,  792,  462,  158,  611,  695,  556,  489,  105,  305,  501,  437,  426,  221,  891,  432,  496,  559,  659,  858,  830,  185,  625,  624,  145,  796,  423,  122,  542,  357,  492,  802,  155,  611,  930,  851,  850,  422,  274,  719,  433,  441,  401,  581,  600,  303,  532,  456,  903,  264,  873,  770,  755,  806,  166,  871,  358,  440,  858,  852,  440,  443,  613,  600,  985,  391,  489,  433,  412,  738,  570,  903,  853,  158,  487,  856,  189,  517,  489,  555,  492,  511,  461,  899,  976,  463,   77,  881,  290,  374,  341,  533,  568,  691,  471,  364,  431,  613,  444,  131,  749,  423,  189,  713,  663,  540,  397,  275,  271,  525,  406,  600,  614,  386,  561,  738,  229,  313,  502,  401,  718,  552,  953,  148,  263,  886,  356,   37,   92,  786,  262,  911,  232,  789,  749,  122,  258,  539,  654,  573,  140,  507,  427,  400,  634,  353,  619,  629,  620,  247,  868,  492,  323,  323,  755,  719,  483,  543,  562,  490,  505,  327,  624,  687],
        [  401,    0,  423, 1217,  673,  846,  564,  576,  655, 1061,  445,  664, 1128,  829,  693,  471,  864,    0,  402,   84,  573,  882,  286,  248,  502,  519,  831,  584,  537,  435,  503,  655,  334, 1191,  541,  682,  205,  659,  624,  718,  797,  934,  720,  455,  886,  951,  326,  593,  502,  740,  830,  467,   70,  710,  465, 1075,  836,  762,  729,  433, 1127,  397,  268,  574,  604,  597,  513,  626,  544,  756,  271,  713,  721,  610,  915,  729,  783,  330, 1091, 1143,  278,  320,  907,  485,  470,  832,  455,  766,  868,  697,  732, 1001,  474,   52,  717,  623,  888,  862,  656,  660,  412,   37,  904,  411,  924,   27,  944,  490,  662,  821,  306,  268,  509,  772,  700,  431, 1125,  785,  753,  472,  976,  364,  298,  611,  471,  611, 1018,  366,  978,  269,  786,  551,  473,  268,  790,  601,  497,  873,  148,  343,  846,  882,  602,   84,  890,  895,  880,  268,  710,   75,  758,  645,  147,  743,  637,  484,  215,  861,  727,  412,  467,  807,  753,  844,  436,  391,  268,  851,  300,  837,  733,  582,  308,  146,  454,  323,  504,  410,  752,  629,  243,  653],
        [   96,    0,   84,  888,  274,  536,  678,  345,  684,  775,   44,  483,  821,  473,  347,  314,  477,  402,    0,  343,  377,  480,  135,  222,  226,  188,  466,  254,  371,  144,  262,  294,  545,  854,  371,  536,  207,  699,  661,  318,  658,  754,  338,  537,  629,  578,  138,  317,  328,  716,  480,  400,  464,  726,  582,  771,  440,  684,  504,  150,  799,  311,  175,  230,  301,  395,  645,  285,  643,  709,  397,  701,  359,  679,  626,  507,  775,  512,  789,  826,  223,  255,  919,  172,  132,  467,  128,  697,  682,  749,  741,  625,  291,  406,  367,  309,  659,  670,  327,  489,  141,  435,  912,   19,  544,  423,  624,  125,  275,  489,  172,  327,  315,  508,  343,  373,  814,  424,  695,   74,  618,  414,  200,  467,   87,  271,  676,   52,  693,  176,  644,  162,  362,  378,  391,  200,  331,  609,  255,  206,  865,  527,  227,  412,  605,  511,  482,  425,  396,  461,  358,  649,  320,  355,  236,  352,  188,  678,  337,  235,  203,  554,  631,  565,  382,  356,  225,  453,  511,  622,  345,  271,  418,  259,  105,  128,  391,   47,  561,  234,  187,  591],
        [  359,    0,  353, 1136,  617,  765,  511,  493,  590,  978,  386,  582, 1046,  791,  616,  388,  792,   84,  343,    0,  490,  819,  243,  232,  475,  481,  754,  506,  454,  359,  422,  580,  294, 1110,  458,  601,  138,  596,  560,  654,  717,  853,  648,  392,  803,  875,  251,  511,  419,  669,  752,  387,  152,  644,  409,  992,  782,  687,  646,  356, 1045,  315,  193,  498,  576,  514,  462,  549,  488,  684,  202,  643,  645,  550,  832,  646,  716,  281, 1009, 1061,  196,  237,  844,  408,  429,  791,  381,  691,  787,  637,  666,  926,  391,   64,  640,  593,  806,  780,  623,  578,  336,  119,  840,  349,  850,   92,  863,  419,  612,  790,  228,  188,  426,  690,  660,  350, 1043,  708,  679,  415,  899,  291,  279,  530,  404,  534,  939,  314,  895,  193,  706,  500,  391,  196,  733,  542,  414,  790,   96,  261,  783,  804,  530,  153,  808,  823,  813,  206,  630,  120,  700,  576,   65,  673,  574,  401,  160,  779,  658,  329,  388,  724,  674,  761,  356,  311,  187,  795,  257,  755,  683,  503,  240,   88,  409,  250,  423,  359,  669,  575,  169,  577],
        [  473,    0,  294,  667,  488,  305,  449,   50,  384,  491,  380,  108,  566,  746,  254,  103,  462,  573,  377,  490,    0,  575,  459,  542,  596,  544,  376,  200,   46,  233,  116,  268,  465,  648,   40,  160,  405,  404,  373,  441,  281,  386,  353,  341,  314,  488,  300,  113,   72,  375,  346,  161,  642,  408,  394,  513,  621,  320,  156,  228,  578,  181,  338,  225,  651,   24,  445,  221,  412,  356,  359,  370,  301,  412,  352,  156,  435,  426,  528,  586,  303,  254,  576,  214,  497,  728,  254,  335,  315,  452,  416,  538,  104,  541,  274,  652,  317,  305,  655,  112,  241,  608,  568,  360,  485,  578,  401,  284,  533,  791,  297,  319,   70,  207,  639,  177,  565,  335,  338,  402,  481,  285,  546,   99,  321,  220,  494,  416,  410,  337,  268,  462,  120,  347,  556,  431,   77,  302,  465,  244,  531,  395,  289,  633,  327,  477,  531,  386,  208,  588,  529,  338,  428,  387,  409,  100,  431,  309,  386,  174,  175,  236,  256,  280,  179,  209,  312,  613,  452,  269,  581,  170,  343,  458,  471,  313,  107,  423,  192,  484,  363,  248],
        [  505,    0,  472,  605,  222,  431, 1016,  526,  958,  615,  438,  627,  604,  320,  325,  605,  158,  882,  480,  819,  575,    0,  607,  680,  492,  431,  259,  389,  608,  488,  513,  309,  965,  560,  604,  693,  682,  978,  948,  166,  770,  778,  223,  892,  579,  259,  579,  463,  589,  934,  310,  709,  943,  978,  945,  573,  130,  857,  574,  494,  540,  662,  634,  376,  442,  573, 1003,  357,  979,  906,  821,  935,  279,  985,  516,  581,  993,  927,  590,  585,  660,  661, 1124,  451,  449,  290,  456,  876,  722, 1026,  983,  274,  576,  883,  310,  423,  644,  708,  390,  641,  510,  915, 1116,  472,  215,  902,  447,  410,  262,  395,  610,  752,  568,  512,  322,  704,  590,  272,  885,  413,  332,  794,  640,  663,  417,  363,  416,  521,  563,  634,  759,  347,  657,  802,  115,  284,  599,  557,  735,  609, 1088,  306,  317,  889,  513,  179,   68,  852,  394,  939,  139,  911,  786,  188,  246,  636,  668,  725,  192,  579,  496,  551,  774,  508,  711,  713,  666,   99,  938,  644,  215,  415,  828,  738,  452,  576,  665,  479,  648,  271,  654,  814],
        [  117,    0,  194, 1017,  391,  659,  670,  437,  705,  894,  174,  566,  946,  549,  475,  374,  611,  286,  135,  243,  459,  607,    0,   91,  237,  238,  599,  376,  441,  239,  351,  426,  497,  985,  442,  609,  128,  717,  678,  448,  733,  844,  472,  532,  739,  712,  162,  423,  396,  756,  611,  435,  341,  753,  568,  894,  552,  740,  601,  242,  928,  341,  149,  355,  336,  480,  629,  411,  638,  756,  360,  736,  491,  686,  744,  603,  812,  471,  913,  953,  209,  261,  952,  282,  187,  549,  239,  751,  772,  765,  771,  759,  359,  301,  497,  352,  762,  762,  381,  568,  224,  315,  947,  150,  679,  310,  750,  252,  378,  548,  178,  299,  391,  617,  418,  401,  940,  556,  745,  194,  750,  407,   88,  535,  219,  396,  807,   87,  811,  151,  720,  268,  409,  343,  509,  323,  397,  721,  148,  232,  895,  659,  360,  283,  723,  645,  612,  382,  518,  353,  477,  676,  242,  489,  365,  407,   90,  767,  471,  291,  294,  662,  700,  680,  410,  373,  205,  569,  460,  719,  448,  387,  390,  156,  169,  148,  443,  129,  649,  345,  141,  638],
        [  175,    0,  284, 1107,  460,  749,  710,  523,  760,  985,  257,  648, 1036,  586,  565,  453,  695,  248,  222,  232,  542,  680,   91,    0,  255,  279,  687,  466,  521,  328,  437,  515,  516, 1074,  523,  688,  166,  771,  732,  526,  812,  927,  558,  576,  828,  799,  242,  512,  477,  819,  701,  502,  290,  810,  607,  985,  614,  812,  688,  330, 1018,  410,  214,  445,  357,  564,  666,  501,  681,  823,  393,  798,  580,  734,  834,  690,  873,  495, 1003, 1043,  269,  325, 1011,  372,  239,  591,  329,  821,  856,  817,  830,  845,  440,  277,  586,  376,  849,  846,  411,  649,  312,  270, 1006,  238,  764,  274,  841,  342,  437,  574,  251,  342,  473,  706,  459,  467, 1030,  645,  814,  273,  839,  455,   51,  614,  307,  487,  896,  171,  901,  216,  799,  334,  483,  378,  577,  397,  477,  810,  147,  306,  953,  748,  449,  221,  812,  730,  691,  409,  608,  321,  546,  735,  255,  573,  444,  483,  125,  850,  555,  371,  382,  750,  776,  770,  475,  434,  263,  634,  478,  805,  506,  477,  427,  159,  230,  230,  516,  206,  733,  412,  196,  707],
        [  140,    0,  305, 1017,  278,  701,  891,  559,  907,  940,  217,  700,  971,  334,  503,  539,  556,  502,  226,  475,  596,  492,  237,  255,    0,   69,  586,  440,  594,  366,  481,  446,  732,  978,  594,  756,  364,  922,  884,  371,  876,  962,  449,  751,  816,  674,  352,  520,  551,  941,  616,  624,  544,  950,  792,  924,  397,  908,  709,  372,  934,  533,  368,  411,  103,  612,  854,  458,  858,  934,  591,  926,  496,  898,  796,  713, 1001,  705,  944,  968,  426,  469, 1144,  383,  100,  342,  342,  921,  890,  971,  966,  713,  515,  527,  516,  122,  855,  877,  157,  706,  366,  525, 1137,  240,  632,  528,  775,  318,  230,  319,  382,  526,  538,  698,  213,  596,  962,  554,  920,  197,  731,  626,  205,  689,  277,  446,  803,  205,  863,  370,  862,  176,  587,  573,  378,  248,  555,  794,  380,  425, 1090,  653,  377,  473,  779,  593,  522,  615,  572,  574,  353,  873,  479,  449,  304,  577,  326,  887,  429,  461,  422,  747,  851,  746,  605,  576,  425,  423,  696,  824,  287,  465,  619,  390,  125,  339,  616,  179,  772,  230,  368,  816],
        [  124,    0,  259,  949,  213,  634,  864,  504,  871,  873,  168,  645,  903,  311,  437,  495,  489,  519,  188,  481,  544,  431,  238,  279,   69,    0,  517,  379,  545,  319,  430,  380,  720,  910,  545,  703,  359,  886,  848,  304,  821,  902,  380,  724,  752,  607,  324,  462,  504,  898,  548,  586,  567,  911,  768,  857,  344,  860,  650,  326,  866,  498,  350,  350,  114,  559,  831,  394,  830,  888,  575,  885,  429,  866,  730,  654,  958,  690,  876,  900,  404,  441, 1101,  330,   58,  314,  292,  874,  831,  936,  926,  646,  469,  538,  450,  123,  793,  818,  145,  653,  322,  545, 1095,  199,  565,  544,  708,  262,  171,  313,  356,  507,  489,  636,  182,  559,  894,  486,  873,  143,  663,  600,  231,  639,  223,  382,  735,  183,  796,  351,  808,  108,  545,  557,  319,  180,  509,  729,  386,  393, 1049,  585,  312,  500,  714,  525,  458,  602,  507,  588,  292,  834,  476,  380,  236,  534,  325,  828,  361,  420,  373,  684,  799,  681,  569,  543,  405,  368,  685,  763,  234,  404,  600,  394,   85,  312,  573,  146,  715,  165,  355,  772],
        [  534,    0,  414,  433,  331,  173,  823,  334,  742,  378,  433,  398,  391,  544,  141,  439,  105,  831,  466,  754,  376,  259,  599,  687,  586,  517,    0,  250,  417,  396,  359,  177,  822,  395,  412,  460,  627,  762,  737,  232,  521,  520,  138,  715,  321,  123,  505,  279,  414,  702,   52,  531,  899,  753,  769,  348,  363,  617,  331,  399,  349,  513,  563,  258,  580,  366,  820,  207,  786,  669,  694,  707,  110,  780,  261,  338,  757,  783,  368,  384,  566,  545,  882,  347,  506,  517,  377,  636,  466,  807,  754,  174,  416,  817,  117,  568,  385,  451,  548,  413,  419,  866,  873,  450,  110,  845,  205,  349,  393,  612,  527,  633,  395,  260,  495,  537,  380,   47,  648,  426,  152,  641,  662,  447,  381,  221,  218,  517,  315,  562,  511,  410,  482,  677,  309,  338,  424,  298,  689,  502,  851,   68,  239,  862,  256,  106,  195,  724,  169,  871,  303,  694,  705,  141,  282,  460,  628,  468,  159,  448,  373,  295,  531,  250,  542,  558,  574,  339,  803,  388,  392,  259,  689,  688,  494,  509,  479,  488,  402,  366,  588,  590],
        [  342,    0,  183,  645,  290,  284,  628,  151,  580,  522,  236,  283,  571,  548,  110,  216,  305,  584,  254,  506,  200,  389,  376,  466,  440,  379,  250,    0,  225,  150,  125,   85,  587,  614,  221,  348,  382,  600,  567,  244,  455,  525,  171,  503,  379,  372,  259,   92,  201,  574,  247,  320,  652,  607,  557,  519,  423,  514,  273,  151,  555,  278,  316,   30,  476,  206,  614,   43,  591,  554,  451,  569,  144,  601,  372,  278,  635,  548,  538,  578,  316,  297,  775,  100,  343,  530,  138,  531,  454,  649,  615,  423,  188,  568,  134,  473,  416,  441,  471,  294,  173,  620,  767,  236,  351,  597,  375,  131,  338,  596,  278,  387,  180,  260,  446,  316,  565,  203,  535,  246,  393,  411,  452,  297,  172,   31,  438,  304,  440,  315,  442,  283,  269,  433,  358,  239,  211,  358,  445,  253,  730,  299,   90,  620,  352,  330,  355,  482,  143,  622,  330,  535,  456,  204,  211,  248,  389,  451,  197,  203,  124,  308,  442,  313,  323,  328,  325,  417,  564,  385,  382,   31,  451,  443,  322,  264,  279,  291,  341,  290,  342,  447],
        [  466,    0,  290,  711,  507,  350,  411,   85,  356,  533,  379,  131,  609,  763,  291,   70,  501,  537,  371,  454,   46,  608,  441,  521,  594,  545,  417,  225,    0,  228,  118,  299,  420,  693,    6,  169,  377,  376,  343,  468,  293,  410,  385,  298,  354,  532,  280,  146,   45,  359,  389,  116,  605,  385,  352,  556,  647,  315,  194,  222,  623,  141,  312,  246,  655,   65,  404,  252,  374,  345,  315,  350,  338,  378,  395,  193,  419,  381,  571,  630,  271,  220,  562,  219,  496,  747,  254,  329,  340,  425,  395,  581,   83,  503,  312,  658,  352,  332,  663,  130,  231,  571,  555,  355,  526,  540,  446,  290,  549,  805,  271,  278,   57,  250,  652,  132,  608,  376,  329,  403,  525,  240,  528,   97,  324,  248,  539,  406,  452,  310,  280,  471,   75,  304,  582,  446,   45,  343,  435,  217,  514,  439,  311,  599,  370,  517,  566,  342,  250,  549,  554,  312,  390,  420,  429,   56,  405,  334,  417,  151,  173,  277,  261,  323,  134,  165,  280,  641,  407,  301,  600,  196,  299,  427,  469,  293,   63,  417,  219,  499,  335,  231],
        [  240,    0,   62,  792,  325,  426,  570,  203,  557,  658,  152,  340,  713,  565,  259,  177,  437,  435,  144,  359,  233,  488,  239,  328,  366,  319,  396,  150,  228,    0,  119,  221,  479,  763,  228,  392,  233,  574,  537,  325,  514,  613,  294,  433,  500,  517,  110,  184,  186,  580,  396,  273,  504,  595,  483,  661,  486,  543,  365,    8,  702,  194,  168,  139,  431,  252,  544,  191,  533,  570,  334,  567,  287,  560,  508,  368,  640,  442,  679,  723,  176,  174,  783,   50,  268,  554,   36,  556,  541,  624,  609,  567,  151,  422,  282,  435,  524,  530,  445,  345,   24,  471,  776,  128,  492,  450,  521,   85,  351,  596,  132,  264,  172,  379,  444,  252,  708,  350,  555,  179,  542,  319,  323,  323,  104,  177,  587,  185,  574,  167,  500,  256,  228,  314,  426,  252,  191,  482,  296,  121,  731,  448,  177,  471,  485,  466,  469,  365,  285,  477,  393,  518,  312,  322,  257,  216,  241,  536,  309,  108,   59,  423,  487,  442,  260,  245,  184,  490,  451,  483,  413,  153,  343,  294,  242,  115,  254,  190,  419,  302,  193,  453],
        [  358,    0,  179,  715,  393,  344,  506,   86,  469,  562,  265,  222,  626,  647,  220,   92,  426,  503,  262,  422,  116,  513,  351,  437,  481,  430,  359,  125,  118,  119,    0,  209,  466,  690,  117,  275,  316,  487,  452,  363,  396,  496,  295,  379,  395,  480,  199,   90,   83,  477,  344,  198,  573,  501,  432,  572,  540,  431,  251,  114,  624,  156,  247,  139,  538,  134,  490,  163,  469,  462,  335,  467,  261,  483,  413,  253,  537,  427,  589,  640,  226,  192,  680,  101,  382,  632,  139,  445,  424,  537,  511,  531,   63,  479,  244,  540,  412,  413,  546,  227,  129,  539,  673,  245,  466,  513,  442,  172,  432,  687,  205,  277,   64,  275,  534,  191,  622,  313,  446,  288,  490,  287,  437,  209,  208,  154,  521,  303,  478,  246,  383,  353,  146,  319,  475,  330,   92,  378,  379,  161,  631,  397,  203,  553,  390,  448,  479,  365,  212,  531,  446,  426,  364,  329,  316,  127,  335,  419,  322,   94,   60,  316,  371,  344,  198,  204,  236,  536,  445,  369,  486,  104,  331,  374,  356,  210,  161,  308,  301,  383,  273,  348],
        [  371,    0,  238,  594,  245,  255,  708,  219,  652,  495,  266,  335,  532,  499,   58,  299,  221,  655,  294,  580,  268,  309,  426,  515,  446,  380,  177,   85,  299,  221,  209,    0,  671,  560,  295,  401,  451,  672,  640,  177,  497,  546,   87,  585,  376,  296,  329,  156,  281,  637,  186,  401,  723,  675,  639,  483,  356,  569,  303,  224,  506,  362,  387,   83,  464,  269,  695,   48,  670,  613,  535,  635,   67,  677,  351,  309,  697,  633,  502,  534,  394,  379,  834,  173,  356,  478,  201,  586,  478,  720,  682,  347,  271,  642,   74,  457,  425,  464,  448,  347,  245,  690,  825,  278,  272,  670,  335,  174,  301,  554,  353,  470,  260,  267,  412,  399,  524,  132,  593,  265,  327,  495,  493,  361,  208,   56,  382,  346,  417,  387,  484,  275,  350,  517,  291,  214,  291,  353,  512,  333,  793,  234,   71,  685,  334,  248,  271,  566,  132,  697,  267,  606,  532,  122,  170,  328,  452,  477,  118,  287,  206,  316,  491,  303,  405,  412,  402,  346,  648,  403,  332,  107,  535,  512,  339,  333,  357,  322,  377,  259,  412,  513],
        [  598,    0,  510, 1123,  798,  769,  237,  496,  355,  932,  582,  511, 1015, 1017,  685,  384,  891,  334,  545,  294,  465,  965,  497,  516,  732,  720,  822,  587,  420,  479,  466,  671,    0, 1108,  425,  496,  369,  353,  324,  803,  581,  728,  756,  170,  751,  942,  410,  544,  411,  457,  802,  306,  369,  409,  152,  963,  963,  509,  595,  473, 1037,  311,  372,  594,  828,  483,  184,  627,  226,  485,  149,  426,  727,  296,  806,  592,  487,   40,  977, 1040,  323,  307,  594,  515,  663, 1011,  513,  506,  677,  382,  433,  992,  407,  282,  708,  841,  728,  675,  865,  500,  459,  348,  592,  542,  930,  316,  864,  562,  814, 1031,  376,  220,  429,  664,  887,  289, 1016,  777,  489,  614,  942,  182,  557,  445,  568,  617,  958,  538,  857,  371,  574,  704,  347,  168,  904,  723,  401,  746,  369,  361,  533,  853,  649,  418,  781,  914,  939,  120,  663,  285,  871,  360,  261,  788,  735,  368,  409,  667,  778,  387,  470,  681,  533,  735,  286,  265,  321,  968,   38,  674,  881,  569,  138,  357,  638,  418,  361,  578,  584,  767,  366,  410],
