{
    "name": "random-85-8100",
    "comment": "size=85 seed=8100",
    "nodes": ["+0", "-0", "+1", "-1", "+2", "-2", "+3", "-3", "+4", "-4", "+5", "-5", "+6", "-6", "+7", "-7", "+8", "-8", "+9", "-9", "+10", "-10", "+11", "-11", "+12", "-12", "+13", "-13", "+14", "-14", "+15", "-15", "+16", "-16", "+17", "-17", "+18", "-18", "+19", "-19", "+20", "-20", "+21", "-21", "+22", "-22", "+23", "-23", "+24", "-24", "+25", "-25", "+26", "-26", "+27", "-27", "+28", "-28", "+29", "-29", "+30", "-30", "+31", "-31", "+32", "-32", "+33", "-33", "+34", "-34", "+35", "-35", "+36", "-36", "+37", "-37", "+38", "-38", "+39", "-39", "+40", "-40", "+41", "-41", "+42", "-42", "+43", "-43", "+44", "-44", "+45", "-45", "+46", "-46", "+47", "-47", "+48", "-48", "+49", "-49", "+50", "-50", "+51", "-51", "+52", "-52", "+53", "-53", "+54", "-54", "+55", "-55", "+56", "-56", "+57", "-57", "+58", "-58", "+59", "-59", "+60", "-60", "+61", "-61", "+62", "-62", "+63", "-63", "+64", "-64", "+65", "-65", "+66", "-66", "+67", "-67", "+68", "-68", "+69", "-69", "+70", "-70", "+71", "-71", "+72", "-72", "+73", "-73", "+74", "-74", "+75", "-75", "+76", "-76", "+77", "-77", "+78", "-78", "+79", "-79", "+80", "-80", "+81", "-81", "+82", "-82", "+83", "-83", "+84", "-84", "+85", "-85"],
    "precedence": {
        "+0": "-0",
        "+1": "-1",
        "+2": "-2",
        "+3": "-3",
        "+4": "-4",
        "+5": "-5",
        "+6": "-6",
        "+7": "-7",
        "+8": "-8",
        "+9": "-9",
        "+10": "-10",
        "+11": "-11",
        "+12": "-12",
        "+13": "-13",
        "+14": "-14",
        "+15": "-15",
        "+16": "-16",
        "+17": "-17",
        "+18": "-18",
        "+19": "-19",
        "+20": "-20",
        "+21": "-21",
        "+22": "-22",
        "+23": "-23",
        "+24": "-24",
        "+25": "-25",
        "+26": "-26",
        "+27": "-27",
        "+28": "-28",
        "+29": "-29",
        "+30": "-30",
        "+31": "-31",
        "+32": "-32",
        "+33": "-33",
        "+34": "-34",
        "+35": "-35",
        "+36": "-36",
        "+37": "-37",
        "+38": "-38",
        "+39": "-39",
        "+40": "-40",
        "+41": "-41",
        "+42": "-42",
        "+43": "-43",
        "+44": "-44",
        "+45": "-45",
        "+46": "-46",
        "+47": "-47",
        "+48": "-48",
        "+49": "-49",
        "+50": "-50",
        "+51": "-51",
        "+52": "-52",
        "+53": "-53",
        "+54": "-54",
        "+55": "-55",
        "+56": "-56",
        "+57": "-57",
        "+58": "-58",
        "+59": "-59",
        "+60": "-60",
        "+61": "-61",
        "+62": "-62",
        "+63": "-63",
        "+64": "-64",
        "+65": "-65",
        "+66": "-66",
        "+67": "-67",
        "+68": "-68",
        "+69": "-69",
        "+70": "-70",
        "+71": "-71",
        "+72": "-72",
        "+73": "-73",
        "+74": "-74",
        "+75": "-75",
        "+76": "-76",
        "+77": "-77",
        "+78": "-78",
        "+79": "-79",
        "+80": "-80",
        "+81": "-81",
        "+82": "-82",
        "+83": "-83",
        "+84": "-84",
        "+85": "-85"
    },
    "edges": [
        [    0,    0,  926,  317,  429,  394,  828,  232,  110,  925,  567,   64,  594,  582,  677,  375,  702,  295,  468,  347,  801,  377,  887,  155,  655,  808,  766,  671,  755,  612,  133,  308,  295,  291,  849,  743,   69,  490,  337,  125,  368,  744,  497,  627,  509,  870,  661,  594,  170,   48,  441,  609,  834,  182,  418,  357,  959,  888,  779,  403,  544,  750,  883,   37,  731,  569,  798,  349, 1014,  273,  369,  546,  202,  457,  863,  303,  804,  367,  990,  368,   74,  897,  491,  661,  462,  433,  560,  455,  863,  711,  179,  677,  150,  590,  763,  463,  960,  824,  682,  630, 1005,  867,  625,   54,  635, 1002,  625,  758,  749,  131,  115,  292,  372,  821,  657,  113,  700,  405,  310,  679,  420,  401,  581,  631,  686,  585,  688,  753,   19,  156,  127,  293,  741,  517,  864,  668,  759,  454,  305,  256,  749,  173,  290,  319,  670,  549,  737,  639,  175,  340,  224,  521,  412,  153,  453,  419,  513,  471,  706,  274,  601,  812,  490,  845,  595,  266,  406,  444,  438,  494,  465,  193],
        [    0,    0,    0,    0,    0,    0,    0,    0,    0,    0,    0,    0,    0,    0,    0,    0,    0,    0,    0,    0,    0,    0,    0,    0,    0,    0,    0,    0,    0,    0,    0,    0,    0,    0,    0,    0,    0,    0,    0,    0,    0,    0,    0,    0,    0,    0,    0,    0,    0,    0,    0,    0,    0,    0,    0,    0,    0,    0,    0,    0,    0,    0,    0,    0,    0,    0,    0,    0,    0,    0,    0,    0,    0,    0,    0,    0,    0,    0,    0,    0,    0,    0,    0,    0,    0,    0,    0,    0,    0,    0,    0,    0,    0,    0,    0,    0,    0,    0,    0,    0,    0,    0,    0,    0,    0,    0,    0,    0,    0,    0,    0,    0,    0,    0,    0,    0,    0,    0,    0,    0,    0,    0,    0,    0,    0,    0,    0,    0,    0,    0,    0,    0,    0,    0,    0,    0,    0,    0,    0,    0,    0,    0,    0,    0,    0,    0,    0,    0,    0,    0,    0,    0,    0,    0,    0,    0,    0,    0,    0,    0,    0,    0,    0,    0,    0,    0,    0,    0,    0,    0,    0,    0],
        [  926,    0,    0,  874,  502,  550,  696,  698,  828,  167,  637,  985,  840,  402,  673,  625,  225,  639,  569,  606,  337,  579,   87,  838,  643,  330,  170,  793,  196,  359,  991,  769,  934,  862,  235,  215,  898,  746,  590, 1042,  649,  376,  886,  320,  518,   74,  565,  334,  772,  962,  527,  464,  122, 1097,  521,  606,   34,  251,  789,  908,  704,  679,  159,  949,  553,  626,  607,  775,  110, 1062,  962,  567,  998,  808,  132,  755,  366,  853,  118,  795,  953,  119,  529,  289,  479,  495,  495,  493,  103,  233,  933,  586,  956,  385,  287,  688,   57,  373,  273,  701,   80,  273,  514,  976,  292,   77,  429,  479,  533,  878,  813, 1191,  725,  230,  719,  925,  235,  813,  677,  739,  516,  690,  824,  872,  241,  650,  812,  412,  910, 1082,  994,  972,  191,  659,   79,  724,  237,  546,  862,  680,  257, 1012,  946,  838,  328,  613,  563,  410,  983,  810, 1144,  439,  629, 1074,  482,  566,  521,  526,  300,  726,  667,  406,  766,  255,  361,  793,  845,  708,  789,  441,  571,  763],
        [  317,    0,  874,    0,  409,  476,  555,  353,  344,  929,  324,  364,  844,  474,  409,  530,  664,  308,  310,  464,  869,  485,  810,  179,  399,  652,  705,  899,  750,  516,  449,  109,   67,  569,  723,  746,  368,  210,  382,  333,  538,  826,  180,  555,  362,  805,  815,  581,  366,  359,  538,  718,  816,  360,  381,  481,  905,  923,  484,  687,  754,  480,  886,  352,  501,  748,  548,  101,  978,  217,   97,  346,  190,  708,  774,  127,  635,   55,  967,   91,  264,  807,  348,  677,  411,  426,  398,  523,  786,  642,  154,  839,  195,  490,  634,  221,  921,  651,  602,  355,  953,  911,  759,  356,  604,  942,  473,  552,  889,  419,  311,  396,  590,  702,  864,  211,  641,  106,  216,  392,  477,  603,  827,  885,  658,  334,  384,  573,  320,  396,  252,  106,  719,  275,  799,  876,  655,  576,   18,  281,  779,  489,   81,   36,  717,  722,  888,  492,  491,  596,  401,  584,  580,  361,  498,  311,  636,  584,  592,  477,  794,  904,  202,  712,  631,  106,  672,  656,  146,  527,  307,  216],
        [  429,    0,  502,  409,    0,  140,  572,  212,  339,  528,  338,  490,  594,  177,  447,  248,  278,  137,  187,  181,  462,  173,  459,  338,  412,  407,  338,  610,  349,  194,  511,  301,  459,  449,  430,  343,  410,  373,  103,  541,  272,  424,  491,  200,  178,  443,  456,  178,  291,  468,  185,  336,  422,  596,   32,  194,  535,  515,  588,  540,  464,  506,  485,  455,  422,  423,  505,  325,  597,  571,  505,  263,  502,  489,  435,  283,  413,  407,  578,  353,  451,  469,  168,  269,   47,   21,  219,  146,  435,  283,  436,  483,  456,  178,  349,  303,  541,  436,  254,  431,  582,  502,  389,  481,  212,  577,  249,  411,  512,  405,  318,  689,  361,  400,  553,  423,  272,  386,  194,  490,  111,  347,  575,  637,  266,  362,  543,  378,  414,  584,  492,  493,  325,  317,  437,  565,  334,  233,  394,  178,  371,  539,  469,  376,  310,  395,  519,  254,  516,  424,  643,  189,  289,  573,  110,  126,  277,  230,  288,  295,  477,  503,  389,  428,  223,  311,  490,  395,  381,  125,  187,  262],
        [  394,    0,  550,  476,  140,    0,  711,  165,  287,  532,  472,  446,  455,  306,  584,  110,  333,  169,  320,   58,  415,   37,  526,  354,  549,  525,  404,  475,  367,  310,  442,  376,  512,  332,  531,  353,  355,  489,   96,  517,  135,  364,  592,  297,  317,  503,  343,  222,  228,  423,   63,  244,  447,  574,  163,   63,  582,  495,  723,  410,  327,  644,  491,  410,  561,  293,  644,  411,  628,  595,  571,  400,  520,  351,  512,  357,  537,  488,  602,  441,  437,  545,  305,  271,  185,  123,  358,   62,  504,  363,  458,  369,  466,  301,  459,  422,  577,  559,  346,  564,  626,  476,  284,  438,  269,  626,  383,  547,  414,  329,  280,  679,  226,  500,  422,  425,  345,  481,  270,  623,   39,  208,  436,  498,  312,  496,  672,  508,  376,  547,  487,  540,  359,  445,  498,  434,  432,  105,  459,  198,  356,  463,  519,  448,  277,  265,  413,  386,  434,  296,  617,  128,  150,  546,   70,  252,  161,  109,  398,  182,  346,  438,  503,  533,  202,  371,  357,  256,  484,  110,  319,  281],
        [  828,    0,  696,  555,  572,  711,    0,  717,  798,  836,  265,  887, 1165,  436,  151,  817,  604,  615,  403,  746,  902,  743,  610,  674,  175,  367,  582, 1178,  707,  460,  954,  522,  614,  985,  463,  718,  853,  347,  647,  879,  840,  895,  421,  509,  395,  629,  998,  614,  781,  875,  753,  866,  721,  913,  550,  761,  715,  885,  122, 1091, 1034,   78,  805,  863,  164,  986,   91,  485,  800,  762,  583,  316,  744, 1056,  565,  525,  331,  502,  813,  474,  796,  582,  408,  701,  529,  590,  355,  709,  595,  539,  701, 1027,  742,  451,  419,  366,  752,  325,  507,  201,  751,  891,  928,  877,  594,  729,  354,  223, 1030,  882,  763,  947,  926,  468, 1116,  744,  559,  450,  537,  167,  682,  916, 1146, 1208,  619,  244,  210,  292,  823,  941,  799,  649,  660,  312,  625, 1127,  480,  801,  558,  630,  781,  993,  629,  533,  773,  959, 1046,  362,  983,  977,  955,  728,  861,  910,  672,  473,  836,  794,  438,  840, 1041,  966,  354,  443,  711,  564, 1050,  966,  410,  665,  405,  647],
        [  232,    0,  698,  353,  212,  165,  717,    0,  131,  694,  455,  288,  499,  383,  573,  181,  475,  103,  317,  126,  578,  154,  663,  201,  543,  614,  541,  548,  524,  405,  300,  272,  375,  268,  641,  512,  201,  429,  112,  353,  186,  525,  500,  411,  341,  644,  473,  365,   79,  265,  218,  396,  603,  410,  210,  140,  731,  660,  701,  378,  402,  643,  652,  252,  588,  398,  666,  315,  783,  438,  442,  405,  362,  368,  642,  255,  617,  379,  759,  345,  272,  677,  324,  430,  253,  211,  392,  226,  640,  490,  302,  495,  306,  386,  559,  374,  731,  639,  464,  540,  776,  640,  424,  279,  408,  774,  443,  596,  554,  194,  117,  515,  242,  611,  512,  263,  477,  387,  191,  597,  189,  251,  481,  541,  457,  478,  630,  574,  214,  387,  323,  397,  511,  415,  639,  524,  546,  242,  336,   92,  520,  328,  380,  331,  441,  373,  548,  452,  305,  269,  454,  293,  229,  383,  222,  250,  303,  255,  499,  134,  443,  596,  438,  640,  364,  251,  345,  305,  404,  263,  315,  139],
        [  110,    0,  828,  344,  339,  287,  798,  131,    0,  819,  534,  160,  513,  504,  649,  267,  605,  214,  413,  238,  692,  269,  793,  166,  623,  734,  671,  581,  652,  529,  174,  299,  342,  226,  767,  639,   72,  479,  241,  235,  260,  635,  516,  539,  446,  774,  555,  495,   61,  136,  332,  500,  731,  291,  333,  248,  861,  780,  765,  344,  448,  722,  778,  123,  684,  466,  758,  344,  912,  361,  417,  498,  285,  375,  772,  287,  734,  386,  887,  369,  169,  806,  428,  557,  377,  340,  498,  349,  770,  619,  240,  572,  227,  510,  683,  437,  860,  756,  593,  608,  906,  758,  517,  151,  538,  904,  557,  702,  642,   85,   37,  401,  275,  738,  561,  182,  606,  411,  262,  661,  316,  300,  498,  552,  587,  554,  682,  688,   91,  260,  224,  352,  640,  487,  769,  573,  673,  345,  328,  182,  643,  207,  342,  335,  562,  444,  631,  568,  189,  259,  333,  414,  305,  261,  349,  354,  404,  362,  624,  169,  501,  702,  483,  764,  489,  264,  332,  347,  437,  391,  411,  155],
        [  925,    0,  167,  929,  528,  532,  836,  694,  819,    0,  737,  978,  733,  481,  793,  582,  272,  658,  641,  584,  202,  554,  242,  862,  760,  474,  261,  672,  180,  438,  968,  821,  984,  809,  387,  187,  886,  833,  596, 1047,  603,  256,  971,  388,  595,  215,  449,  351,  760,  955,  493,  377,  122, 1104,  553,  578,  172,   93,  919,  834,  607,  810,   44,  942,  683,  528,  746,  836,  141, 1098, 1023,  660, 1028,  725,  282,  804,  510,  918,   99,  860,  963,  279,  602,  265,  520,  515,  585,  471,  250,  317,  963,  466,  980,  462,  417,  769,  131,  521,  357,  812,  179,  121,  412,  970,  326,  199,  531,  614,  398,  855,  811, 1205,  664,  373,  600,  943,  306,  885,  719,  857,  506,  627,  719,  760,  274,  754,  929,  546,  908, 1079, 1010, 1019,  213,  750,  217,  603,  358,  497,  916,  698,  180,  984,  995,  894,  263,  521,  431,  514,  952,  749, 1148,  407,  573, 1077,  474,  621,  456,  477,  410,  691,  559,  261,  852,  406,  331,  837,  771,  632,  867,  434,  643,  785],
        [  567,    0,  637,  324,  338,  472,  265,  455,  534,  737,    0,  628,  922,  262,  118,  572,  470,  355,  153,  498,  746,  500,  559,  415,   90,  354,  481,  946,  574,  302,  692,  266,  390,  723,  440,  579,  590,  127,  396,  629,  593,  724,  260,  355,  168,  564,  789,  435,  517,  615,  522,  663,  616,  668,  311,  514,  664,  761,  253,  832,  798,  189,  698,  603,  177,  760,  233,  237,  746,  541,  382,   83,  507,  806,  516,  267,  329,  279,  746,  235,  542,  544,  173,  535,  302,  358,  156,  483,  537,  421,  456,  817,  495,  282,  358,  109,  691,  341,  380,   94,  709,  759,  721,  618,  433,  692,  209,  232,  837,  618,  499,  717,  675,  427,  890,  492,  432,  226,  273,  153,  448,  669,  903,  966,  476,   25,  209,  266,  561,  690,  551,  428,  531,   52,  558,  902,  400,  570,  322,  367,  632,  730,  405,  295,  600,  732,  847,  228,  719,  720,  712,  517,  619,  661,  446,  221,  614,  567,  338,  583,  814,  801,  144,  425,  522,  309,  794,  721,  188,  450,  154,  383],
        [   64,    0,  985,  364,  490,  446,  887,  288,  160,  978,  628,    0,  602,  646,  736,  417,  761,  357,  532,  396,  847,  427,  947,  214,  716,  872,  826,  684,  811,  675,   94,  366,  333,  296,  912,  798,   96,  546,  396,   95,  406,  789,  543,  689,  572,  930,  694,  652,  219,   24,  490,  652,  890,  144,  480,  405, 1018,  938,  835,  398,  566,  810,  937,   37,  793,  598,  859,  405, 1071,  281,  404,  609,  221,  468,  924,  362,  868,  416, 1046,  422,  102,  958,  554,  716,  524,  493,  624,  508,  924,  772,  216,  708,  179,  653,  826,  522, 1018,  888,  743,  688, 1063,  916,  663,   11,  694, 1061,  689,  821,  784,  147,  173,  258,  398,  884,  676,  153,  760,  457,  373,  735,  475,  430,  590,  635,  744,  646,  741,  816,   77,  102,  137,  324,  798,  578,  924,  687,  821,  499,  353,  319,  801,  132,  325,  371,  720,  580,  769,  702,  145,  353,  180,  573,  449,  111,  508,  483,  555,  517,  769,  310,  625,  854,  545,  908,  648,  324,  412,  468,  492,  549,  529,  257],
        [  594,    0,  840,  844,  594,  455, 1165,  499,  513,  733,  922,  602,    0,  748, 1037,  351,  687,  581,  771,  425,  533,  423,  858,  672, 1003,  944,  758,  100,  651,  741,  525,  770,  852,  307,  921,  630,  526,  921,  528,  696,  331,  477,  998,  711,  771,  826,  285,  605,  479,  585,  416,  379,  719,  740,  616,  409,  865,  649, 1175,  218,  142, 1098,  708,  580, 1013,  216, 1097,  813,  870,  866,  925,  854,  793,  139,  864,  753,  963,  875,  830,  843,  667,  889,  759,  575,  638,  576,  812,  462,  844,  744,  753,  272,  736,  738,  871,  860,  839,  985,  747, 1013,  894,  619,  327,  601,  647,  906,  830,  992,  354,  464,  540,  851,  257,  890,  146,  692,  721,  886,  684, 1073,  485,  255,   20,   44,  662,  946, 1116,  946,  580,  681,  721,  864,  676,  891,  823,  149,  826,  369,  827,  587,  584,  508,  853,  826,  517,  234,  322,  830,  478,  256,  764,  465,  305,  707,  498,  701,  352,  380,  814,  368,  175,  489,  932,  930,  519,  747,  191,  202,  901,  515,  770,  630],
        [  582,    0,  402,  474,  177,  306,  436,  383,  504,  481,  262,  646,  748,    0,  341,  415,  211,  292,  167,  354,  487,  341,  337,  464,  305,  232,  235,  750,  314,   44,  678,  372,  535,  626,  269,  318,  574,  352,  278,  683,  440,  470,  491,   94,  116,  332,  563,  182,  461,  626,  333,  430,  361,  735,  174,  365,  433,  500,  481,  714,  610,  382,  441,  612,  274,  556,  357,  374,  509,  671,  560,  181,  613,  654,  302,  359,  236,  451,  502,  394,  590,  336,  127,  278,  132,  187,  107,  286,  313,  172,  548,  591,  577,   21,  181,  290,  452,  259,  131,  346,  480,  498,  493,  636,  173,  469,   84,  245,  596,  576,  478,  815,  531,  242,  685,  553,  177,  412,  292,  398,  270,  512,  729,  790,  215,  281,  465,  203,  569,  733,  622,  574,  272,  269,  326,  696,  186,  379,  463,  328,  371,  709,  549,  438,  346,  530,  612,   82,  687,  598,  782,  294,  450,  716,  251,  174,  405,  369,  126,  472,  611,  546,  372,  263,  277,  399,  662,  556,  389,  235,  169,  397],
        [  677,    0,  673,  409,  447,  584,  151,  573,  649,  793,  118,  736, 1037,  341,    0,  686,  536,  473,  266,  613,  826,  614,  589,  523,   37,  358,  533, 1057,  642,  375,  804,  371,  471,  841,  454,  650,  703,  200,  512,  729,  708,  810,  295,  428,  271,  601,  891,  522,  635,  724,  631,  762,  673,  765,  422,  629,  697,  828,  143,  950,  910,   74,  757,  713,  133,  868,  145,  335,  781,  621,  447,  184,  598,  922,  545,  375,  326,  358,  788,  326,  646,  568,  280,  617,  408,  467,  242,  590,  570,  479,  553,  920,  593,  359,  386,  215,  729,  330,  441,   56,  739,  829,  822,  727,  511,  719,  269,  209,  933,  734,  614,  804,  791,  449,  999,  594,  494,  304,  390,   67,  558,  784, 1018, 1080,  547,   96,  140,  267,  672,  792,  650,  507,  597,  162,  596, 1010,  439,  680,  411,  485,  708,  843,  486,  386,  686,  841,  946,  283,  834,  837,  808,  618,  732,  761,  553,  337,  720,  675,  384,  700,  923,  886,  209,  435,  614,  413,  911,  836,  264,  552,  268,  497],
        [  375,    0,  625,  530,  248,  110,  817,  181,  267,  582,  572,  417,  351,  415,  686,    0,  420,  237,  421,   75,  433,   75,  612,  381,  653,  632,  493,  382,  433,  418,  391,  440,  555,  238,  631,  416,  321,  576,  178,  500,   27,  374,  666,  401,  423,  586,  294,  314,  208,  394,  100,  236,  514,  555,  268,   58,  657,  530,  824,  304,  233,  749,  543,  382,  669,  219,  752,  480,  693,  613,  621,  504,  536,  241,  603,  422,  644,  552,  662,  511,  432,  634,  410,  337,  294,  232,  466,  143,  592,  459,  480,  315,  478,  409,  564,  513,  646,  667,  447,  663,  697,  506,  251,  410,  361,  700,  493,  656,  379,  280,  274,  667,  117,  600,  338,  434,  439,  553,  343,  722,  146,   99,  332,  394,  397,  596,  767,  617,  357,  518,  487,  577,  435,  541,  581,  350,  532,   86,  513,  253,  403,  403,  560,  506,  319,  193,  370,  496,  371,  193,  595,  186,   51,  525,  170,  351,  139,  106,  504,  111,  266,  438,  588,  635,  265,  426,  249,  150,  562,  202,  419,  318],
        [  702,    0,  225,  664,  278,  333,  604,  475,  605,  272,  470,  761,  687,  211,  536,  420,    0,  415,  370,  390,  299,  364,  194,  615,  502,  279,   74,  662,  106,  168,  770,  556,  721,  657,  235,  115,  675,  562,  366,  818,  445,  299,  699,  117,  323,  171,  444,  112,  550,  739,  320,  317,  154,  873,  298,  392,  258,  293,  671,  717,  546,  564,  231,  725,  442,  474,  516,  568,  320,  843,  755,  390,  777,  629,  185,  541,  308,  649,  304,  591,  728,  215,  330,  117,  259,  271,  316,  280,  173,   68,  711,  471,  733,  191,  205,  497,  264,  327,   97,  550,  304,  293,  379,  752,   68,  300,  268,  385,  449,  658,  589,  967,  529,  206,  590,  701,   46,  614,  459,  598,  297,  498,  669,  725,   26,  488,  668,  320,  686,  858,  770,  757,   62,  479,  166,  598,  148,  349,  651,  456,  177,  793,  733,  628,  189,  454,  472,  254,  766,  611,  919,  239,  434,  849,  264,  353,  341,  331,  167,  513,  524,  365,  581,  246,  170,  576,  656,  525,  595,  224,  372,  540],
        [  295,    0,  639,  308,  137,  169,  615,  103,  214,  658,  355,  357,  581,  292,  473,  237,  415,    0,  215,  164,  570,  180,  595,  205,  442,  521,  475,  619,  481,  319,  387,  209,  347,  370,  556,  472,  283,  341,   74,  404,  252,  523,  430,  334,  239,  579,  510,  312,  176,  336,  231,  411,  556,  459,  124,  182,  672,  636,  604,  478,  469,  541,  615,  322,  485,  451,  563,  246,  732,  443,  403,  302,  371,  456,  569,  190,  521,  321,  713,  277,  314,  604,  221,  394,  168,  146,  290,  217,  571,  418,  306,  534,  322,  298,  471,  281,  677,  543,  388,  442,  719,  620,  452,  347,  348,  714,  345,  494,  582,  289,  187,  553,  326,  528,  574,  288,  409,  317,  107,  500,  171,  326,  562,  624,  401,  379,  537,  476,  280,  449,  356,  377,  459,  317,  574,  586,  465,  270,  291,   42,  492,  419,  355,  280,  422,  423,  581,  356,  400,  365,  506,  280,  288,  437,  196,  148,  329,  277,  413,  228,  500,  600,  353,  553,  337,  203,  440,  381,  326,  230,  212,  128],
        [  468,    0,  569,  310,  187,  320,  403,  317,  413,  641,  153,  532,  771,  167,  266,  421,  370,  215,    0,  347,  620,  349,  502,  329,  233,  354,  401,  794,  467,  210,  582,  212,  373,  584,  417,  467,  477,  199,  246,  553,  442,  591,  332,  255,   53,  498,  641,  309,  387,  515,  370,  518,  523,  600,  159,  363,  600,  650,  404,  689,  646,  331,  600,  502,  272,  608,  349,  209,  675,  514,  394,   88,  461,  656,  465,  202,  343,  285,  667,  227,  460,  498,   40,  411,  156,  208,   96,  333,  478,  338,  400,  669,  433,  185,  327,  130,  618,  362,  297,  245,  647,  644,  574,  522,  319,  635,  169,  291,  693,  495,  381,  670,  526,  394,  738,  416,  341,  246,  159,  304,  296,  518,  752,  814,  369,  177,  356,  287,  459,  608,  484,  412,  429,  131,  493,  750,  346,  418,  300,  235,  512,  618,  387,  274,  469,  581,  702,  186,  602,  575,  647,  371,  467,  586,  296,   71,  464,  416,  283,  438,  663,  669,  217,  407,  386,  246,  648,  570,  226,  304,    4,  276],
        [  347,    0,  606,  464,  181,   58,  746,  126,  238,  584,  498,  396,  425,  354,  613,   75,  390,  164,  347,    0,  455,   31,  583,  325,  579,  578,  462,  456,  421,  363,  387,  370,  493,  276,  587,  407,  303,  501,  103,  471,   95,  401,  593,  353,  352,  560,  353,  280,  178,  373,   95,  271,  502,  528,  197,   19,  639,  542,  750,  360,  307,  676,  543,  360,  600,  287,  683,  409,  683,  564,  557,  432,  487,  311,  569,  352,  588,  482,  656,  440,  395,  602,  339,  325,  228,  168,  397,  115,  562,  420,  427,  376,  431,  351,  514,  438,  633,  611,  403,  589,  682,  520,  300,  389,  326,  682,  429,  591,  431,  274,  236,  635,  182,  556,  410,  389,  402,  481,  270,  648,   95,  172,  406,  469,  369,  522,  692,  556,  329,  498,  447,  518,  416,  467,  555,  422,  488,  117,  447,  184,  406,  407,  499,  438,  324,  260,  426,  434,  378,  245,  570,  177,  125,  499,  127,  277,  178,  130,  453,  125,  337,  471,  514,  589,  255,  359,  310,  224,  489,  167,  346,  257],
        [  801,    0,  337,  869,  462,  415,  902,  578,  692,  202,  746,  847,  533,  487,  826,  433,  299,  570,  620,  455,    0,  425,  385,  767,  790,  568,  336,  471,  201,  452,  822,  762,  914,  641,  502,  186,  752,  818,  499,  925,  448,   63,  946,  399,  583,  352,  249,  312,  631,  824,  361,  202,  227,  982,  492,  445,  355,  116,  964,  651,  413,  859,  184,  812,  739,  335,  814,  786,  342, 1009,  965,  664,  934,  537,  411,  743,  600,  869,  301,  814,  849,  423,  585,  211,  472,  444,  592,  357,  381,  365,  871,  265,  880,  468,  498,  749,  320,  617,  395,  832,  374,   86,  221,  840,  315,  390,  558,  683,  198,  712,  691, 1090,  494,  479,  399,  840,  344,  846,  653,  885,  400,  456,  520,  559,  283,  766,  952,  617,  783,  948,  901,  945,  247,  744,  351,  402,  437,  349,  853,  606,  122,  832,  923,  836,  153,  332,  230,  546,  799,  577, 1024,  291,  411,  953,  374,  579,  295,  331,  465,  543,  361,   72,  836,  518,  239,  768,  588,  451,  837,  343,  621,  692],
        [  377,    0,  579,  485,  173,   37,  743,  154,  269,  554,  500,  427,  423,  341,  614,   75,  364,  180,  349,   31,  425,    0,  557,  352,  580,  561,  437,  448,  392,  347,  417,  388,  517,  297,  566,  377,  333,  511,  112,  501,  100,  371,  609,  333,  349,  534,  331,  255,  209,  404,   65,  243,  473,  558,  194,   28,  611,  511,  752,  374,  299,  675,  513,  391,  595,  272,  678,  425,  654,  591,  579,  431,  515,  316,  545,  369,  573,  501,  626,  456,  425,  577,  337,  296,  219,  158,  392,   87,  536,  397,  454,  355,  459,  337,  495,  446,  604,  596,  382,  592,  653,  490,  276,  419,  301,  655,  419,  582,  406,  303,  266,  665,  190,  535,  398,  417,  378,  496,  285,  651,   74,  174,  404,  467,  343,  525,  698,  544,  359,  528,  477,  542,  388,  472,  529,  410,  467,   92,  468,  205,  375,  435,  523,  458,  294,  244,  404,  422,  406,  260,  601,  147,  119,  529,  104,  280,  153,  102,  434,  149,  323,  442,  525,  569,  225,  380,  321,  223,  503,  141,  347,  281],
        [  887,    0,   87,  810,  459,  526,  610,  663,  793,  242,  559,  947,  858,  337,  589,  612,  194,  595,  502,  583,  385,  557,    0,  788,  561,  244,  123,  820,  209,  295,  961,  708,  872,  849,  149,  229,  864,  672,  553,  999,  637,  414,  812,  264,  450,   34,  593,  304,  740,  925,  512,  480,  159, 1053,  473,  585,  108,  317,  704,  905,  719,  594,  224,  911,  467,  643,  521,  710,  193, 1005,  895,  492,  944,  812,   46,  694,  280,  786,  204,  729,  907,   39,  463,  287,  430,  454,  422,  473,   25,  177,  879,  617,  904,  321,  204,  616,  143,  287,  212,  619,  151,  335,  536,  938,  258,  135,  353,  393,  573,  850,  775, 1142,  718,  144,  746,  876,  187,  744,  622,  656,  490,  686,  841,  892,  216,  570,  729,  326,  871, 1042,  945,  910,  184,  583,   36,  753,  160,  538,  799,  635,  285,  985,  885,  775,  341,  626,  602,  334,  958,  802, 1100,  428,  623, 1031,  456,  507,  523,  519,  224,  706,  688,  457,  691,  169,  354,  734,  844,  710,  718,  417,  505,  715],
        [  155,    0,  838,  179,  338,  354,  674,  201,  166,  862,  415,  214,  672,  464,  523,  381,  615,  205,  329,  325,  767,  352,  788,    0,  502,  680,  671,  733,  685,  499,  286,  153,  181,  391,  731,  676,  194,  336,  271,  224,  384,  717,  353,  524,  375,  775,  674,  515,  194,  202,  413,  594,  759,  272,  318,  341,  871,  839,  625,  509,  592,  597,  819,  191,  583,  597,  647,  194,  934,  242,  254,  400,  168,  535,  759,  149,  671,  223,  915,  215,  132,  793,  357,  598,  360,  348,  424,  411,  764,  612,  104,  695,  119,  475,  642,  309,  878,  691,  577,  476,  918,  822,  625,  204,  549,  911,  494,  615,  755,  242,  134,  354,  423,  705,  704,   90,  604,  254,  174,  524,  368,  440,  656,  712,  603,  432,  535,  616,  153,  280,  159,  198,  662,  365,  770,  717,  647,  442,  164,  164,  695,  326,  183,  172,  623,  572,  749,  509,  322,  420,  320,  477,  428,  257,  396,  291,  503,  454,  589,  310,  638,  791,  336,  725,  540,  112,  496,  492,  285,  433,  326,   77],
        [  655,    0,  643,  399,  412,  549,  175,  543,  623,  760,   90,  716, 1003,  305,   37,  653,  502,  442,  233,  579,  790,  580,  561,  502,    0,  334,  500, 1022,  608,  339,  781,  352,  462,  811,  428,  615,  679,  190,  479,  713,  674,  774,  300,  392,  235,  571,  855,  486,  607,  703,  596,  726,  640,  750,  387,  595,  668,  794,  179,  919,  875,  100,  724,  691,  117,  833,  150,  319,  752,  613,  444,  149,  585,  889,  516,  354,  303,  349,  757,  312,  628,  541,  245,  582,  372,  431,  206,  555,  541,  446,  538,  884,  578,  324,  357,  194,  699,  309,  407,   63,  711,  794,  786,  706,  476,  692,  234,  190,  897,  707,  588,  794,  758,  421,  963,  577,  460,  295,  362,   98,  523,  750,  983, 1046,  512,   71,  170,  243,  650,  774,  635,  499,  562,  138,  566,  975,  408,  644,  399,  455,  672,  819,  477,  373,  650,  806,  910,  249,  809,  806,  794,  582,  698,  745,  517,  303,  684,  640,  351,  669,  888,  850,  202,  410,  578,  394,  880,  802,  255,  516,  235,  472],
        [  808,    0,  330,  652,  407,  525,  367,  614,  734,  474,  354,  872,  944,  232,  358,  632,  279,  521,  354,  578,  568,  561,  244,  680,  334,    0,  233,  930,  368,  216,  908,  564,  718,  853,   98,  383,  804,  478,  509,  902,  658,  576,  613,  234,  305,  263,  719,  340,  692,  852,  540,  588,  365,  951,  405,  587,  349,  532,  463,  935,  802,  353,  446,  839,  229,  737,  278,  553,  434,  863,  725,  308,  814,  865,  199,  555,   37,  616,  447,  563,  809,  216,  323,  394,  363,  414,  259,  494,  229,  212,  753,  747,  786,  230,   75,  437,  386,   49,  199,  395,  387,  542,  652,  862,  301,  366,  186,  153,  727,  807,  707, 1023,  748,  102,  859,  768,  236,  567,  506,  424,  488,  725,  925,  984,  301,  359,  497,   92,  796,  955,  836,  757,  323,  391,  260,  869,  133,  581,  645,  556,  449,  939,  732,  618,  467,  714,  750,  171,  918,  821,  998,  480,  660,  936,  462,  391,  593,  567,  130,  699,  790,  638,  496,   79,  431,  599,  880,  763,  534,  435,  357,  618],
        [  766,    0,  170,  705,  338,  404,  582,  541,  671,  261,  481,  826,  758,  235,  533,  493,   74,  475,  401,  462,  336,  437,  123,  671,  500,  233,    0,  729,  136,  191,  838,  600,  764,  730,  172,  153,  742,  584,  431,  879,  519,  348,  723,  150,  351,  105,  507,  183,  617,  804,  394,  384,  141,  933,  354,  464,  202,  304,  660,  791,  617,  551,  225,  790,  425,  544,  492,  606,  275,  893,  793,  406,  830,  702,  111,  585,  266,  685,  268,  627,  788,  141,  361,  184,  312,  333,  333,  353,  100,   64,  764,  533,  788,  216,  166,  523,  218,  282,  105,  553,  250,  311,  444,  816,  136,  241,  273,  360,  503,  727,  653, 1024,  603,  146,  656,  758,   67,  646,  508,  597,  368,  572,  740,  795,   99,  496,  669,  291,  750,  921,  828,  802,   93,  498,  100,  664,  104,  423,  693,  516,  218,  863,  777,  669,  250,  525,  529,  255,  836,  684,  980,  313,  508,  911,  335,  397,  414,  405,  150,  586,  593,  406,  603,  186,  242,  623,  730,  599,  624,  296,  403,  597],
        [  671,    0,  793,  899,  610,  475, 1178,  548,  581,  672,  946,  684,  100,  750, 1057,  382,  662,  619,  794,  456,  471,  448,  820,  733, 1022,  930,  729,    0,  612,  737,  612,  817,  914,  390,  897,  591,  603,  957,  558,  778,  367,  420, 1045,  701,  787,  787,  229,  592,  540,  665,  426,  346,  673,  824,  636,  439,  816,  585, 1197,  313,  150, 1114,  651,  659, 1021,  195, 1104,  859,  812,  940,  985,  873,  865,  217,  831,  800,  952,  926,  771,  890,  742,  853,  777,  546,  651,  591,  824,  469,  808,  723,  820,  208,  807,  738,  855,  893,  786,  973,  731, 1038,  841,  555,  286,  682,  630,  855,  833,  993,  280,  542,  605,  937,  311,  867,   75,  762,  699,  932,  724, 1098,  499,  297,  102,  100,  637,  970, 1146,  942,  655,  768,  797,  929,  642,  919,  784,   70,  806,  378,  882,  631,  538,  598,  916,  879,  481,  220,  247,  830,  566,  332,  851,  457,  332,  791,  507,  726,  345,  384,  802,  424,  140,  418,  970,  908,  499,  799,  277,  243,  943,  516,  793,  684],
        [  755,    0,  196,  750,  349,  367,  707,  524,  652,  180,  574,  811,  651,  314,  642,  433,  106,  481,  467,  421,  201,  392,  209,  685,  608,  368,  136,  612,    0,  273,  808,  642,  804,  669,  305,   21,  720,  662,  421,  875,  456,  214,  798,  220,  423,  176,  385,  172,  593,  788,  336,  273,   81,  931,  374,  418,  226,  188,  776,  712,  513,  669,  137,  774,  546,  436,  618,  658,  262,  920,  844,  494,  850,  613,  222,  625,  400,  740,  236,  683,  789,  242,  428,   97,  340,  337,  419,  307,  197,  168,  785,  410,  803,  293,  297,  596,  214,  417,  202,  655,  265,  187,  328,  802,  149,  270,  374,  486,  372,  695,  640, 1031,  530,  280,  538,  767,  149,  709,  540,  704,  337,  495,  634,  685,   99,  593,  774,  419,  738,  910,  835,  840,   47,  581,  173,  545,  236,  351,  737,  521,   83,  827,  816,  716,  134,  421,  399,  359,  797,  615,  977,  248,  434,  906,  303,  442,  326,  332,  269,  537,  480,  271,  681,  320,  169,  658,  649,  512,  692,  262,  469,  608],
        [  612,    0,  359,  516,  194,  310,  460,  405,  529,  438,  302,  675,  741,   44,  375,  418,  168,  319,  210,  363,  452,  347,  295,  499,  339,  216,  191,  737,  273,    0,  702,  413,  577,  637,  238,  278,  600,  396,  296,  716,  444,  438,  535,   54,  160,  289,  543,  155,  483,  654,  330,  409,  318,  768,  197,  372,  390,  460,  513,  720,  602,  411,  398,  640,  297,  543,  378,  417,  465,  711,  603,  223,  651,  654,  262,  399,  227,  494,  458,  437,  623,  296,  171,  244,  152,  200,  148,  283,  271,  128,  586,  571,  614,   26,  155,  333,  408,  250,   87,  384,  438,  458,  473,  665,  137,  426,  108,  257,  570,  598,  505,  852,  534,  210,  671,  588,  133,  456,  329,  435,  273,  513,  722,  782,  175,  321,  503,  205,  598,  764,  658,  616,  230,  312,  284,  681,  149,  374,  505,  357,  334,  732,  590,  480,  315,  518,  587,   99,  709,  606,  816,  280,  449,  749,  250,  213,  394,  362,   95,  484,  598,  512,  415,  236,  252,  439,  666,  554,  433,  227,  213,  430],
        [  133,    0,  991,  449,  511,  442,  954,  300,  174,  968,  692,   94,  525,  678,  804,  391,  770,  387,  582,  387,  822,  417,  961,  286,  781,  908,  838,  612,  808,  702,    0,  438,  423,  224,  940,  793,  106,  620,  411,  179,  375,  762,  628,  710,  618,  940,  647,  659,  222,   91,  476,  622,  889,  217,  506,  391, 1023,  920,  910,  315,  506,  877,  928,   98,  850,  548,  920,  480, 1070,  374,  496,  663,  315,  396,  941,  431,  907,  499, 1042,  500,  192,  975,  600,  712,  550,  511,  670,  502,  938,  789,  305,  659,  271,  683,  856,  590, 1019,  929,  764,  759, 1067,  896,  625,   99,  703, 1067,  730,  872,  739,  114,  203,  327,  347,  910,  612,  241,  775,  537,  426,  808,  475,  383,  515,  556,  751,  711,  819,  860,  134,  156,  231,  416,  801,  643,  935,  623,  845,  476,  437,  354,  789,   41,  416,  452,  706,  532,  721,  742,   53,  287,  239,  563,  414,  184,  509,  526,  527,  495,  797,  280,  568,  821,  621,  938,  641,  397,  336,  413,  570,  550,  579,  310],
        [  308,    0,  769,  109,  301,  376,  522,  272,  299,  821,  266,  366,  770,  372,  371,  440,  556,  209,  212,  370,  762,  388,  708,  153,  352,  564,  600,  817,  642,  413,  438,    0,  165,  516,  628,  638,  342,  183,  281,  363,  452,  720,  229,  450,  264,  701,  718,  472,  304,  355,  438,  616,  708,  403,  272,  388,  801,  815,  473,  633,  670,  445,  778,  344,  439,  657,  499,   46,  872,  302,  204,  265,  252,  637,  673,   20,  550,  113,  860,   74,  276,  707,  249,  569,  302,  319,  306,  419,  684,  537,  194,  743,  231,  387,  538,  159,  815,  568,  498,  323,  848,  803,  659,  357,  496,  838,  380,  480,  789,  382,  263,  462,  513,  606,  777,  226,  536,  117,  110,  371,  374,  521,  752,  812,  550,  282,  385,  491,  305,  424,  286,  203,  611,  216,  695,  790,  556,  478,   95,  188,  671,  477,  178,   75,  610,  630,  789,  398,  472,  532,  449,  479,  491,  395,  393,  204,  537,  484,  493,  403,  705,  798,  186,  619,  523,   43,  609,  576,  139,  420,  209,  148],
        [  295,    0,  934,   67,  459,  512,  614,  375,  342,  984,  390,  333,  852,  535,  471,  555,  721,  347,  373,  493,  914,  517,  872,  181,  462,  718,  764,  914,  804,  577,  423,  165,    0,  566,  788,  799,  354,  273,  420,  287,  560,  869,  219,  615,  425,  865,  845,  634,  375,  332,  574,  755,  872,  308,  432,  510,  966,  973,  538,  683,  772,  541,  941,  327,  566,  773,  612,  166, 1037,  151,   75,  412,  134,  715,  836,  181,  701,  114, 1024,  157,  232,  870,  411,  728,  465,  475,  463,  563,  848,  701,  118,  868,  155,  552,  698,  287,  980,  717,  662,  416, 1013,  960,  792,  326,  659, 1003,  538,  618,  923,  410,  313,  333,  603,  766,  884,  183,  700,  168,  266,  450,  518,  620,  837,  892,  713,  398,  436,  639,  302,  350,  208,   40,  775,  341,  860,  896,  718,  608,   74,  314,  829,  463,   15,  100,  764,  747,  919,  556,  469,  600,  346,  626,  603,  313,  541,  369,  669,  618,  655,  490,  816,  946,  263,  777,  678,  148,  674,  672,  208,  572,  370,  238],
        [  291,    0,  862,  569,  449,  332,  985,  268,  226,  809,  723,  296,  307,  626,  841,  238,  657,  370,  584,  276,  641,  297,  849,  391,  811,  853,  730,  390,  669,  637,  224,  516,  566,    0,  862,  651,  223,  688,  351,  390,  213,  579,  738,  628,  603,  823,  439,  549,  213,  279,  338,  440,  749,  435,  458,  270,  893,  748,  967,  119,  286,  911,  772,  274,  853,  336,  932,  561,  926,  563,  641,  672,  492,  174,  839,  502,  861,  609,  894,  588,  364,  871,  587,  573,  495,  439,  653,  378,  829,  692,  458,  446,  437,  624,  789,  639,  881,  884,  678,  806,  933,  721,  428,  295,  596,  937,  695,  854,  531,  162,  259,  548,  147,  831,  390,  395,  673,  631,  455,  863,  370,  186,  295,  341,  634,  746,  892,  826,  277,  379,  417,  573,  673,  682,  819,  400,  763,  318,  553,  357,  632,  214,  565,  559,  549,  325,  510,  702,  181,   68,  462,  424,  237,  402,  400,  516,  353,  337,  728,  154,  350,  628,  695,  864,  502,  484,  117,  201,  654,  436,  582,  369],
        [  849,    0,  235,  723,  430,  531,  463,  641,  767,  387,  440,  912,  921,  269,  454,  631,  235,  556,  417,  587,  502,  566,  149,  731,  428,   98,  172,  897,  305,  238,  940,  628,  788,  862,    0,  323,  838,  561,  531,  951,  658,  518,  699,  235,  365,  173,  677,  322,  720,  892,  534,  551,  286, 1002,  434,  593,  253,  452,  560,  934,  779,  451,  363,  878,  326,  709,  374,  623,  338,  930,  801,  385,  876,  855,  106,  618,  133,  692,  352,  636,  858,  120,  381,  351,  390,  432,  325,  489,  138,  177,  813,  704,  843,  260,   91,  514,  291,  139,  185,  489,  290,  466,  613,  902,  277,  269,  251,  250,  675,  834,  743, 1081,  745,   32,  824,  820,  201,  645,  558,  520,  493,  718,  902,  959,  260,  448,  593,  187,  836, 1001,  890,  827,  264,  473,  170,  833,  100,  570,  715,  594,  387,  969,  802,  688,  420,  688,  700,  232,  945,  823, 1050,  463,  653,  984,  463,  441,  571,  554,  144,  711,  759,  573,  580,   21,  402,  660,  876,  751,  614,  430,  420,  665],
