{
    "name": "random-80-10149",
    "comment": "size=80 seed=10149",
    "nodes": ["+0", "-0", "+1", "-1", "+2", "-2", "+3", "-3", "+4", "-4", "+5", "-5", "+6", "-6", "+7", "-7", "+8", "-8", "+9", "-9", "+10", "-10", "+11", "-11", "+12", "-12", "+13", "-13", "+14", "-14", "+15", "-15", "+16", "-16", "+17", "-17", "+18", "-18", "+19", "-19", "+20", "-20", "+21", "-21", "+22", "-22", "+23", "-23", "+24", "-24", "+25", "-25", "+26", "-26", "+27", "-27", "+28", "-28", "+29", "-29", "+30", "-30", "+31", "-31", "+32", "-32", "+33", "-33", "+34", "-34", "+35", "-35", "+36", "-36", "+37", "-37", "+38", "-38", "+39", "-39", "+40", "-40", "+41", "-41", "+42", "-42", "+43", "-43", "+44", "-44", "+45", "-45", "+46", "-46", "+47", "-47", "+48", "-48", "+49", "-49", "+50", "-50", "+51", "-51", "+52", "-52", "+53", "-53", "+54", "-54", "+55", "-55", "+56", "-56", "+57", "-57", "+58", "-58", "+59", "-59", "+60", "-60", "+61", "-61", "+62", "-62", "+63", "-63", "+64", "-64", "+65", "-65", "+66", "-66", "+67", "-67", "+68", "-68", "+69", "-69", "+70", "-70", "+71", "-71", "+72", "-72", "+73", "-73", "+74", "-74", "+75", "-75", "+76", "-76", "+77", "-77", "+78", "-78", "+79", "-79", "+80", "-80"],
    "precedence": {
        "+0": "-0",
        "+1": "-1",
        "+2": "-2",
        "+3": "-3",
        "+4": "-4",
        "+5": "-5",
        "+6": "-6",
        "+7": "-7",
        "+8": "-8",
        "+9": "-9",
        "+10": "-10",
        "+11": "-11",
        "+12": "-12",
        "+13": "-13",
        "+14": "-14",
        "+15": "-15",
        "+16": "-16",
        "+17": "-17",
        "+18": "-18",
        "+19": "-19",
        "+20": "-20",
        "+21": "-21",
        "+22": "-22",
        "+23": "-23",
        "+24": "-24",
        "+25": "-25",
        "+26": "-26",
        "+27": "-27",
        "+28": "-28",
        "+29": "-29",
        "+30": "-30",
        "+31": "-31",
        "+32": "-32",
        "+33": "-33",
        "+34": "-34",
        "+35": "-35",
        "+36": "-36",
        "+37": "-37",
        "+38": "-38",
        "+39": "-39",
        "+40": "-40",
        "+41": "-41",
        "+42": "-42",
        "+43": "-43",
        "+44": "-44",
        "+45": "-45",
        "+46": "-46",
        "+47": "-47",
        "+48": "-48",
        "+49": "-49",
        "+50": "-50",
        "+51": "-51",
        "+52": "-52",
        "+53": "-53",
        "+54": "-54",
        "+55": "-55",
        "+56": "-56",
        "+57": "-57",
        "+58": "-58",
        "+59": "-59",
        "+60": "-60",
        "+61": "-61",
        "+62": "-62",
        "+63": "-63",
        "+64": "-64",
        "+65": "-65",
        "+66": "-66",
        "+67": "-67",
        "+68": "-68",
        "+69": "-69",
        "+70": "-70",
        "+71": "-71",
        "+72": "-72",
        "+73": "-73",
        "+74": "-74",
        "+75": "-75",
        "+76": "-76",
        "+77": "-77",
        "+78": "-78",
        "+79": "-79",
        "+80": "-80"
    },
    "edges": [
        [    0,    0,  892,  665,  238,  312,  810,  351,  282,  681,  816,  501,  650,  938,  931,  572,  580,  390,  834, 1028,  908,  777,  174,  914,  752,  175,  525,  397,   32,  320,  634,  246,  975,  591,  131,  769,  657, 1041,  348,  729,  446,  317,  377, 1184,  870,  450,  433,  951, 1078,  419,  763,  963,  176,  732,  571,  194,  486, 1082,  590,  503,  549,  250, 1088,  479,  811,  256,  660,  383,  646,  430,  549,   71,  960,  921,  962,  774,  404,  498,  310,  792,  190,  856,  612,  534,  868,  542,  102,  479,  685,  987,  637,  926,  319,  982,  630,  591,  201,  890,  339, 1085,  519,  160,  945,  889,  743,  831,  630,  625,  653,  308,  190,  972, 1023,  788,  622,  886,  327,  464,  999,  605,  879,  222,  351,  118,  484, 1086,  495,  874,  147,  389,  700,  773,  542,  713,  750,  671,  538,  398,  362,  987,  638, 1014,  392,  837,  784,  217,  444,  385,  963,  682,  648,  622,  349,  445,  267,  866,  176,  936,  870,  202,  621,  147],
        [    0,    0,    0,    0,    0,    0,    0,    0,    0,    0,    0,    0,    0,    0,    0,    0,    0,    0,    0,    0,    0,    0,    0,    0,    0,    0,    0,    0,    0,    0,    0,    0,    0,    0,    0,    0,    0,    0,    0,    0,    0,    0,    0,    0,    0,    0,    0,    0,    0,    0,    0,    0,    0,    0,    0,    0,    0,    0,    0,    0,    0,    0,    0,    0,    0,    0,    0,    0,    0,    0,    0,    0,    0,    0,    0,    0,    0,    0,    0,    0,    0,    0,    0,    0,    0,    0,    0,    0,    0,    0,    0,    0,    0,    0,    0,    0,    0,    0,    0,    0,    0,    0,    0,    0,    0,    0,    0,    0,    0,    0,    0,    0,    0,    0,    0,    0,    0,    0,    0,    0,    0,    0,    0,    0,    0,    0,    0,    0,    0,    0,    0,    0,    0,    0,    0,    0,    0,    0,    0,    0,    0,    0,    0,    0,    0,    0,    0,    0,    0,    0,    0,    0,    0,    0,    0,    0,    0,    0,    0,    0,    0,    0],
        [  892,    0,    0,  322,  708,  675,  121,  591,  776,  578,  643,  552,  564,  146,  358,  430,  330,  818,  128,  505,  188,  262,  731,  472,  493,  761,  371,  744,  861,  621,  379,  662,  728,  404,  841, 1051,  236,  381,  766,  179,  980,  891,  528,  673,  459,  445,  801,  458,  692,  590,  374,  189,  813,  781,  441,  810,  831,  755,  342,  572,  546,  706,  631,  851,  451,  730,  429,  512,  525,  613,  443,  844,  144,   90,  673,  189,  924,  428,  713,  370,  755,  661,  791,  567,  860,  506,  900,  414,  321,  241,  362,   72,  580,  308,  712,  445,  726,  850,  683,  605,  546,  733,  437,  751, 1079,  285,  334,  835,  950,  665,  793,  191,  260,  140,  614,  523,  903,  978,  414,  795,   22,  869,  569,  834,  663,  634,  982,  128,  813,  573,  963,  765,  351,  275, 1053,  224,  356,  653,  955,   98,  288,  261,  532,  254,  112,  900,  685,  509,  755,  579,  250,  290,  729,  498,  686,  830,  720,   79,  159,  726,  296,  768],
        [  665,    0,  322,    0,  549,  392,  328,  321,  649,  273,  375,  236,  251,  446,  276,  115,  127,  506,  361,  404,  459,  113,  493,  307,  221,  582,  193,  433,  638,  486,   57,  484,  504,  421,  657,  734,  188,  380,  462,  157,  667,  591,  294,  583,  268,  295,  485,  327,  530,  515,  135,  311,  644,  475,  124,  648,  511,  571,   90,  255,  225,  553,  502,  532,  222,  587,  117,  301,  212,  305,  431,  605,  322,  302,  459,  355,  613,  170,  594,  158,  583,  404,  471,  246,  575,  187,  704,  231,   23,  326,   41,  316,  405,  317,  395,  124,  473,  572,  389,  488,  227,  518,  314,  488,  760,  167,  369,  515,  629,  386,  628,  493,  563,  319,  297,  318,  602,  662,  350,  475,  302,  717,  315,  644,  344,  502,  665,  240,  632,  290,  645,  468,  228,  385,  735,  169,  196,  348,  650,  392,  310,  352,  409,  464,  224,  619,  369,  338,  519,  274,  243,  286,  428,  412,  417,  548,  519,  325,  224,  472,  100,  523],
        [  238,    0,  708,  549,    0,  331,  611,  306,  113,  659,  802,  468,  624,  732,  825,  487,  436,  493,  631,  947,  695,  652,  195,  840,  698,   64,  370,  462,  209,   91,  536,   71,  962,  363,  140,  887,  482,  926,  429,  567,  606,  467,  270, 1119,  797,  272,  523,  868, 1038,  181,  671,  813,  106,  772,  492,  104,  581, 1058,  461,  480,  516,   14, 1030,  583,  740,   47,  585,  251,  607,  422,  319,  237,  800,  754,  936,  566,  551,  385,   92,  699,   52,  842,  674,  510,  911,  490,  202,  325,  572,  846,  533,  753,  145,  858,  660,  517,  237,  926,  368, 1020,  484,  133,  858,  896,  874,  713,  411,  700,  762,  316,   85,  760,  806,  588,  616,  828,  481,  619,  899,  668,  699,  169,  279,  138,  505, 1029,  646,  717,  111,  344,  805,  802,  366,  495,  872,  502,  377,  412,  530,  805,  432,  873,  178,  616,  609,  393,  477,  214,  960,  660,  459,  422,  408,  222,  283,  900,  100,  764,  720,  240,  477,  220],
        [  312,    0,  675,  392,  331,    0,  626,   88,  440,  369,  506,  192,  338,  761,  636,  283,  346,  187,  657,  722,  748,  502,  158,  607,  442,  319,  319,  136,  293,  338,  348,  269,  667,  511,  363,  566,  451,  749,  118,  498,  339,  222,  173,  873,  563,  304,  203,  646,  766,  438,  466,  702,  376,  446,  279,  389,  259,  772,  337,  191,  238,  343,  777,  267,  504,  378,  359,  209,  335,  118,  485,  243,  709,  681,  651,  614,  278,  248,  419,  495,  330,  547,  343,  222,  585,  237,  385,  287,  407,  716,  356,  691,  254,  698,  336,  294,  117,  603,   38,  774,  209,  218,  642,  587,  561,  548,  514,  370,  439,   18,  370,  803,  866,  607,  312,  575,  236,  344,  700,  338,  658,  454,  122,  345,  181,  774,  362,  624,  349,  104,  479,  480,  361,  584,  554,  456,  337,   89,  291,  762,  491,  741,  338,  705,  564,  229,  148,  263,  658,  370,  468,  467,   86,  388,   52,  577,  242,  700,  613,  115,  381,  168],
        [  810,    0,  121,  328,  611,  626,    0,  539,  671,  599,  687,  534,  578,  135,  444,  418,  288,  785,   34,  596,  133,  308,  658,  546,  531,  668,  309,  713,  779,  523,  380,  572,  791,  288,  748, 1058,  177,  486,  728,  172,  949,  847,  465,  771,  524,  361,  775,  539,  774,  480,  417,  300,  716,  802,  430,  712,  812,  832,  315,  556,  538,  608,  719,  831,  503,  629,  444,  441,  539,  583,  328,  769,  260,  204,  738,   69,  890,  385,  607,  421,  660,  710,  793,  557,  897,  494,  809,  346,  335,  351,  363,  190,  493,  409,  720,  441,  660,  891,  640,  695,  531,  651,  520,  799, 1081,  350,  219,  837,  949,  614,  696,  178,  244,   24,  622,  587,  860,  949,  508,  796,  125,  768,  511,  743,  646,  722,  958,  218,  719,  528,  968,  793,  274,  155, 1058,  178,  291,  619,  914,  209,  181,  373,  434,  154,  115,  843,  661,  426,  814,  600,  164,  191,  690,  394,  628,  868,  635,  198,  245,  660,  266,  697],
        [  351,    0,  591,  321,  306,   88,  539,    0,  418,  356,  498,  165,  322,  674,  580,  222,  262,  267,  569,  679,  661,  433,  180,  566,  409,  312,  231,  205,  326,  290,  285,  237,  659,  430,  371,  627,  365,  691,  200,  415,  424,  310,   89,  840,  522,  221,  274,  601,  745,  380,  412,  628,  374,  471,  220,  384,  326,  759,  257,  175,  214,  316,  746,  338,  463,  353,  310,  128,  309,  119,  407,  287,  633,  602,  636,  526,  363,  165,  385,  441,  319,  539,  385,  206,  609,  196,  406,  200,  339,  647,  289,  610,  198,  635,  359,  241,  153,  622,  110,  741,  182,  222,  595,  590,  628,  484,  429,  418,  501,   75,  363,  715,  778,  520,  310,  543,  323,  428,  648,  381,  575,  452,   40,  355,  207,  744,  444,  547,  352,   41,  537,  498,  274,  498,  617,  370,  250,  122,  379,  680,  404,  672,  271,  618,  480,  310,  188,  188,  655,  357,  381,  380,  164,  316,   98,  596,  235,  620,  538,  152,  299,  206],
        [  282,    0,  776,  649,  113,  440,  671,  418,    0,  771,  913,  580,  736,  781,  923,  594,  530,  595,  686, 1050,  738,  748,  296,  945,  806,  131,  462,  569,  261,  165,  640,  182, 1073,  398,  153,  990,  561, 1021,  533,  650,  695,  557,  379, 1224,  902,  360,  627,  971, 1147,  197,  774,  896,  106,  884,  599,   89,  685, 1168,  559,  592,  628,  103, 1136,  686,  846,   66,  692,  356,  718,  534,  353,  306,  879,  830, 1046,  617,  643,  489,   64,  801,  117,  953,  783,  622, 1022,  601,  207,  419,  671,  933,  635,  827,  247,  950,  772,  625,  339, 1038,  477, 1126,  595,  231,  960, 1008,  974,  810,  458,  808,  865,  426,   94,  804,  843,  648,  728,  936,  570,  710,  998,  777,  769,  106,  391,  165,  616, 1135,  739,  799,  136,  456,  909,  914,  449,  539,  974,  583,  466,  523,  616,  873,  491,  960,  251,  651,  684,  473,  587,  311, 1071,  771,  529,  486,  514,  278,  391, 1012,  201,  837,  805,  342,  570,  313],
        [  681,    0,  578,  273,  659,  369,  599,  356,  771,    0,  143,  192,   35,  712,  352,  217,  361,  372,  632,  384,  730,  319,  523,  272,  112,  667,  403,  316,  662,  627,  224,  589,  304,  658,  724,  476,  454,  459,  365,  428,  501,  480,  397,  513,  235,  479,  332,  318,  398,  694,  216,  501,  729,  204,  206,  739,  328,  405,  317,  183,  143,  668,  415,  351,  186,  705,  156,  428,   66,  253,  657,  611,  533,  534,  283,  627,  462,  320,  731,  232,  674,  183,  232,  152,  306,  174,  752,  417,  265,  490,  242,  554,  533,  438,  147,  182,  485,  307,  343,  416,  176,  574,  322,  245,  510,  323,  620,  273,  388,  376,  718,  760,  830,  591,   69,  222,  485,  489,  393,  239,  557,  807,  380,  707,  208,  412,  479,  470,  706,  316,  392,  197,  454,  650,  481,  438,  416,  284,  518,  630,  566,  506,  578,  736,  492,  549,  250,  490,  302,    2,  505,  540,  346,  603,  418,  282,  590,  560,  443,  483,  356,  537],
        [  816,    0,  643,  375,  802,  506,  687,  498,  913,  143,    0,  334,  178,  785,  345,  347,  482,  479,  718,  316,  812,  384,  662,  229,  156,  809,  531,  435,  798,  769,  338,  732,  162,  783,  864,  468,  562,  431,  486,  518,  582,  589,  539,  404,  211,  615,  434,  273,  272,  833,  272,  528,  871,  189,  337,  881,  414,  267,  438,  325,  286,  811,  307,  436,  196,  848,  266,  569,  200,  392,  786,  745,  569,  583,  149,  724,  555,  455,  874,  274,  817,   41,  285,  293,  220,  316,  891,  551,  360,  502,  353,  605,  675,  435,  214,  312,  623,  207,  477,  317,  319,  716,  285,  114,  514,  363,  739,  314,  413,  514,  861,  832,  902,  683,  195,  161,  591,  567,  357,  294,  622,  949,  523,  847,  334,  303,  550,  522,  848,  459,  401,  147,  580,  759,  480,  543,  543,  419,  615,  677,  682,  512,  717,  832,  574,  669,  376,  630,  159,  142,  616,  657,  473,  740,  556,  188,  732,  609,  492,  621,  469,  674],
        [  501,    0,  552,  236,  468,  192,  534,  165,  580,  192,  334,    0,  157,  663,  451,  123,  251,  271,  567,  531,  665,  336,  336,  416,  251,  476,  264,  198,  480,  441,  183,  399,  495,  514,  534,  538,  362,  564,  232,  377,  431,  361,  212,  683,  372,  314,  250,  455,  582,  516,  281,  540,  538,  331,  113,  548,  280,  594,  220,   23,   49,  478,  588,  300,  313,  514,  173,  247,  146,   79,  503,  433,  556,  538,  472,  542,  377,  170,  543,  309,  483,  375,  275,   44,  462,   52,  566,  261,  245,  547,  196,  552,  346,  519,  222,  117,  302,  472,  175,  584,   18,  385,  451,  430,  554,  373,  490,  316,  421,  194,  527,  709,  777,  520,  152,  385,  370,  427,  512,  275,  533,  617,  190,  518,  113,  585,  431,  476,  516,  125,  446,  349,  318,  540,  534,  357,  282,  121,  417,  627,  447,  570,  401,  647,  446,  403,  134,  311,  492,  192,  400,  421,  201,  434,  235,  445,  400,  560,  458,  300,  269,  355],
        [  650,    0,  564,  251,  624,  338,  578,  322,  736,   35,  178,  157,    0,  695,  360,  186,  332,  352,  612,  404,  710,  309,  490,  290,  123,  633,  371,  293,  630,  592,  200,  554,  338,  627,  690,  488,  428,  469,  340,  408,  488,  459,  362,  540,  250,  445,  314,  334,  429,  659,  211,  498,  695,  225,  174,  705,  316,  438,  289,  150,  109,  633,  442,  339,  197,  670,  136,  394,   40,  221,  625,  580,  527,  525,  316,  604,  447,  286,  696,  232,  640,  218,  234,  118,  335,  140,  720,  383,  246,  490,  217,  543,  498,  442,  150,  152,  453,  338,  312,  442,  141,  541,  336,  279,  519,  318,  590,  277,  392,  344,  684,  742,  812,  569,   56,  245,  464,  478,  406,  240,  542,  773,  345,  673,  183,  439,  470,  460,  672,  282,  401,  223,  423,  623,  491,  414,  385,  254,  500,  620,  538,  508,  544,  712,  473,  524,  225,  455,  336,   36,  478,  511,  319,  569,  385,  312,  556,  550,  434,  451,  330,  505],
        [  938,    0,  146,  446,  732,  761,  135,  674,  781,  712,  785,  663,  695,    0,  502,  544,  421,  919,  106,  646,   61,  403,  790,  618,  633,  790,  443,  846,  907,  642,  501,  697,  873,  386,  870, 1179,  311,  515,  862,  290, 1082,  982,  599,  810,  604,  492,  907,  602,  836,  586,  514,  322,  836,  916,  556,  830,  942,  900,  445,  685,  664,  727,  772,  962,  594,  745,  559,  575,  656,  715,  430,  900,  273,  228,  818,  167, 1024,  519,  718,  513,  782,  804,  916,  683, 1001,  621,  931,  480,  449,  373,  484,  206,  620,  446,  840,  565,  793,  992,  774,  746,  659,  780,  582,  894, 1205,  430,  324,  960, 1073,  748,  815,   48,  118,  155,  742,  668,  995, 1082,  555,  919,  166,  882,  646,  866,  775,  776, 1090,  274,  841,  662, 1090,  902,  408,  244, 1180,  310,  425,  752, 1049,  172,  302,  389,  555,  158,  223,  978,  792,  556,  900,  713,  297,  317,  824,  511,  763,  971,  763,  208,  305,  794,  396,  829],
        [  931,    0,  358,  276,  825,  636,  444,  580,  923,  352,  345,  451,  360,  502,    0,  359,  395,  704,  468,  153,  544,  179,  758,  127,  241,  857,  462,  637,  904,  759,  298,  759,  385,  651,  931,  806,  402,  114,  678,  318,  846,  805,  566,  333,  135,  566,  669,  101,  335,  779,  171,  196,  919,  522,  361,  924,  675,  399,  364,  460,  414,  828,  276,  698,  168,  862,  279,  576,  335,  529,  673,  866,  244,  276,  328,  502,  803,  443,  867,  142,  858,  347,  582,  436,  559,  402,  976,  504,  254,  161,  296,  299,  680,   91,  497,  343,  733,  542,  624,  252,  435,  789,   81,  433,  848,  117,  586,  621,  733,  635,  903,  545,  609,  450,  415,  191,  812,  837,   76,  589,  340,  992,  582,  917,  530,  278,  829,  232,  906,  544,  730,  489,  487,  568,  816,  377,  462,  571,  853,  359,  524,  168,  679,  596,  337,  854,  567,  613,  417,  352,  456,  508,  650,  675,  671,  527,  792,  300,  202,  732,  357,  785],
        [  572,    0,  430,  115,  487,  283,  418,  222,  594,  217,  347,  123,  186,  544,  359,    0,  148,  393,  451,  464,  550,  221,  400,  354,  216,  511,  187,  320,  546,  438,   66,  418,  497,  442,  580,  643,  253,  470,  349,  255,  554,  478,  218,  633,  310,  269,  373,  385,  554,  490,  192,  423,  573,  404,   13,  580,  402,  582,  108,  143,  121,  494,  543,  422,  253,  530,   98,  239,  152,  192,  441,  508,  436,  416,  462,  432,  499,  111,  546,  221,  514,  384,  377,  140,  520,   78,  621,  204,  126,  435,   75,  429,  348,  416,  309,   36,  374,  523,  278,  534,  116,  434,  377,  457,  664,  265,  405,  421,  532,  279,  559,  590,  660,  405,  216,  342,  488,  550,  428,  380,  410,  649,  225,  565,  234,  542,  553,  354,  557,  186,  552,  408,  238,  442,  642,  243,  200,  234,  536,  505,  354,  459,  376,  540,  325,  509,  256,  292,  504,  218,  298,  328,  314,  394,  314,  498,  440,  438,  338,  373,  154,  427],
        [  580,    0,  330,  127,  436,  346,  288,  262,  530,  361,  482,  251,  332,  421,  395,  148,    0,  498,  321,  529,  417,  218,  411,  434,  335,  476,   68,  426,  550,  366,  146,  375,  621,  302,  553,  786,  113,  491,  442,  155,  662,  564,  205,  709,  395,  172,  488,  453,  656,  388,  261,  385,  535,  552,  161,  538,  526,  694,   45,  273,  264,  438,  629,  544,  347,  471,  217,  199,  295,  295,  308,  526,  381,  344,  579,  291,  603,  100,  474,  284,  474,  515,  520,  279,  666,  218,  605,  112,  150,  413,  132,  351,  293,  422,  455,  180,  401,  667,  356,  614,  250,  424,  439,  595,  803,  280,  259,  563,  671,  336,  518,  465,  532,  272,  363,  442,  576,  661,  470,  522,  313,  604,  242,  542,  362,  629,  670,  295,  527,  244,  694,  554,  103,  295,  783,  112,   70,  331,  630,  419,  207,  440,  285,  396,  218,  571,  374,  222,  633,  362,  151,  180,  404,  285,  357,  642,  419,  361,  292,  401,   43,  447],
        [  390,    0,  818,  506,  493,  187,  785,  267,  595,  372,  479,  271,  352,  919,  704,  393,  498,    0,  818,  755,  913,  606,  300,  642,  474,  465,  486,   74,  385,  516,  453,  439,  626,  696,  485,  396,  609,  816,   69,  640,  164,  111,  355,  878,  602,  487,   47,  686,  750,  620,  539,  810,  512,  354,  383,  528,   96,  738,  477,  254,  294,  506,  780,   92,  547,  537,  434,  393,  370,  205,  670,  325,  827,  808,  626,  781,  107,  401,  584,  565,  479,  516,  229,  272,  485,  321,  486,  462,  516,  814,  466,  821,  438,  779,  269,  387,  257,  509,  157,  785,  282,  365,  688,  527,  382,  638,  694,  236,  271,  204,  511,  963, 1029,  768,  303,  593,  114,  165,  755,  220,  799,  584,  305,  466,  175,  776,  178,  746,  481,  264,  317,  401,  534,  761,  380,  609,  505,  167,  150,  896,  667,  836,  523,  879,  709,  198,  140,  449,  606,  372,  635,  641,  103,  574,  220,  486,  395,  830,  729,  254,  525,  285],
        [  834,    0,  128,  361,  631,  657,   34,  569,  686,  632,  718,  567,  612,  106,  468,  451,  321,  818,    0,  619,   99,  338,  685,  573,  563,  689,  339,  746,  803,  541,  414,  594,  820,  297,  769, 1091,  209,  504,  759,  205,  981,  878,  494,  792,  552,  387,  808,  565,  800,  493,  447,  314,  735,  835,  463,  731,  845,  859,  348,  589,  572,  626,  743,  864,  533,  647,  477,  469,  572,  615,  339,  794,  271,  217,  767,   71,  922,  417,  623,  451,  681,  741,  827,  590,  929,  528,  830,  375,  368,  366,  396,  200,  516,  428,  753,  474,  687,  922,  671,  719,  564,  676,  545,  830, 1114,  377,  230,  870,  982,  644,  715,  146,  212,   50,  656,  616,  891,  981,  530,  829,  138,  784,  541,  764,  679,  746,  990,  239,  740,  559, 1001,  826,  302,  158, 1091,  211,  320,  651,  945,  207,  200,  387,  454,  130,  145,  873,  693,  451,  844,  633,  192,  213,  722,  412,  658,  900,  659,  206,  267,  688,  299,  724],
        [ 1028,    0,  505,  404,  947,  722,  596,  679, 1050,  384,  316,  531,  404,  646,  153,  464,  529,  755,  619,    0,  692,  324,  858,  116,  284,  974,  596,  696, 1005,  888,  411,  879,  289,  799, 1043,  779,  550,  152,  742,  469,  880,  862,  681,  183,  159,  699,  715,   79,  197,  917,  277,  328, 1036,  504,  462, 1043,  708,  268,  494,  534,  487,  952,  127,  730,  219,  987,  371,  696,  393,  608,  819,  961,  378,  419,  235,  655,  845,  563,  997,  249,  976,  300,  592,  505,  502,  487, 1084,  635,  382,  282,  415,  441,  804,  204,  513,  440,  828,  478,  703,  101,  514,  897,   91,  368,  828,  263,  736,  625,  728,  724, 1021,  687,  749,  603,  452,  165,  867,  867,   92,  601,  488, 1112,  688, 1028,  586,  130,  855,  381, 1021,  640,  716,  460,  627,  721,  793,  525,  598,  647,  901,  493,  674,  276,  813,  748,  490,  925,  627,  740,  326,  383,  605,  657,  719,  813,  763,  470,  904,  440,  352,  827,  495,  881],
        [  908,    0,  188,  459,  695,  748,  133,  661,  738,  730,  812,  665,  710,   61,  544,  550,  417,  913,   99,  692,    0,  430,  766,  656,  658,  755,  430,  841,  877,  604,  512,  664,  908,  341,  834, 1190,  305,  566,  853,  303, 1076,  970,  582,  859,  639,  467,  905,  644,  878,  542,  541,  372,  797,  933,  562,  791,  943,  940,  446,  687,  670,  689,  818,  961,  624,  706,  575,  555,  671,  712,  385,  873,  324,  275,  854,  137, 1017,  513,  675,  542,  746,  833,  926,  689, 1025,  626,  896,  463,  465,  424,  495,  254,  591,  494,  852,  573,  772, 1017,  765,  792,  663,  752,  623,  923, 1213,  463,  284,  969, 1081,  735,  776,   67,  118,  146,  754,  703,  983, 1077,  601,  928,  205,  840,  630,  830,  777,  821, 1086,  313,  805,  653, 1100,  923,  390,  201, 1190,  309,  412,  747, 1038,  230,  272,  441,  520,  100,  240,  960,  791,  530,  933,  731,  281,  291,  816,  473,  746,  996,  732,  257,  344,  773,  397,  806],
        [  777,    0,  262,  113,  652,  502,  308,  433,  748,  319,  384,  336,  309,  403,  179,  221,  218,  606,  338,  324,  430,    0,  605,  247,  232,  689,  286,  534,  749,  583,  156,  589,  484,  476,  765,  795,  227,  274,  567,  152,  763,  696,  404,  506,  220,  389,  581,  253,  479,  600,  112,  204,  750,  521,  227,  753,  600,  531,  193,  352,  315,  655,  436,  622,  196,  688,  180,  408,  272,  410,  496,  717,  224,  217,  432,  355,  711,  280,  691,  113,  689,  404,  541,  337,  599,  285,  814,  329,   96,  215,  147,  235,  508,  207,  459,  220,  585,  590,  498,  417,  325,  628,  236,  493,  827,   64,  414,  584,  700,  497,  733,  450,  520,  308,  362,  281,  706,  757,  255,  546,  241,  821,  427,  753,  437,  438,  756,  152,  739,  402,  709,  503,  308,  408,  799,  202,  284,  453,  753,  312,  352,  240,  502,  459,  194,  728,  467,  439,  506,  320,  283,  334,  534,  496,  529,  569,  628,  241,  127,  584,  179,  636],
        [  174,    0,  731,  493,  195,  158,  658,  180,  296,  523,  662,  336,  490,  790,  758,  400,  411,  300,  685,  858,  766,  605,    0,  745,  585,  167,  361,  276,  147,  235,  461,  151,  823,  474,  205,  695,  496,  868,  238,  564,  413,  275,  207, 1018,  701,  300,  332,  780,  917,  344,  590,  793,  220,  602,  399,  235,  390,  927,  418,  341,  385,  209,  923,  391,  641,  238,  489,  220,  482,  271,  438,  115,  792,  755,  805,  630,  357,  326,  287,  620,  180,  703,  494,  372,  741,  373,  230,  317,  512,  815,  464,  761,  187,  809,  493,  420,   45,  760,  193,  918,  354,   66,  774,  744,  680,  658,  499,  516,  570,  149,  216,  827,  883,  637,  468,  719,  289,  426,  827,  487,  717,  297,  178,  187,  339,  921,  452,  706,  192,  219,  614,  638,  385,  580,  679,  508,  376,  247,  341,  824,  496,  842,  275,  705,  621,  215,  304,  237,  815,  523,  495,  476,  222,  331,  107,  734,   96,  771,  700,   48,  452,   40],
        [  914,    0,  472,  307,  840,  607,  546,  566,  945,  272,  229,  416,  290,  618,  127,  354,  434,  642,  573,  116,  656,  247,  745,    0,  170,  864,  499,  582,  891,  785,  305,  771,  260,  718,  932,  695,  471,  203,  628,  399,  772,  748,  572,  280,   45,  600,  603,   47,  232,  821,  174,  322,  927,  414,  351,  934,  599,  287,  395,  419,  371,  846,  196,  622,  104,  881,  258,  590,  278,  492,  734,  846,  369,  396,  203,  598,  734,  456,  894,  150,  867,  225,  490,  390,  437,  373,  971,  534,  285,  287,  311,  419,  698,  214,  407,  328,  714,  418,  588,  182,  399,  785,   57,  308,  741,  197,  659,  526,  633,  609,  912,  662,  729,  549,  340,   68,  754,  760,  130,  498,  453, 1003,  576,  917,  472,  196,  748,  345,  910,  527,  625,  375,  534,  655,  707,  447,  503,  531,  789,  483,  597,  292,  713,  699,  434,  810,  513,  637,  291,  272,  528,  578,  604,  718,  649,  404,  793,  421,  314,  712,  403,  767],
        [  752,    0,  493,  221,  698,  442,  531,  409,  806,  112,  156,  251,  123,  633,  241,  216,  335,  474,  563,  284,  658,  232,  585,  170,    0,  715,  391,  413,  730,  653,  190,  628,  287,  636,  779,  577,  408,  348,  458,  362,  609,  580,  428,  433,  128,  482,  436,  213,  341,  704,  120,  397,  778,  296,  209,  786,  437,  367,  291,  252,  205,  705,  338,  460,   75,  741,  121,  452,  109,  326,  642,  683,  433,  440,  248,  569,  569,  326,  761,  129,  720,  184,  342,  222,  368,  213,  814,  416,  205,  382,  203,  460,  561,  327,  257,  183,  552,  360,  421,  334,  234,  630,  214,  270,  615,  221,  588,  382,  496,  445,  765,  680,  750,  527,  176,  135,  586,  598,  284,  349,  472,  855,  424,  763,  303,  336,  590,  376,  759,  369,  497,  273,  436,  605,  584,  388,  400,  363,  622,  535,  530,  397,  591,  677,  419,  641,  343,  507,  299,  112,  463,  506,  435,  606,  486,  339,  641,  465,  348,  550,  318,  605],
        [  175,    0,  761,  582,   64,  319,  668,  312,  131,  667,  809,  476,  633,  790,  857,  511,  476,  465,  689,  974,  755,  689,  167,  864,  715,    0,  412,  443,  148,  153,  564,  102,  970,  426,   81,  860,  531,  961,  404,  613,  565,  426,  293, 1142,  820,  319,  498,  895, 1054,  245,  699,  857,   63,  765,  513,   73,  556, 1070,  497,  485,  525,   75, 1051,  556,  762,   85,  607,  282,  619,  422,  382,  182,  847,  803,  947,  624,  513,  414,  140,  727,   17,  850,  659,  516,  904,  504,  142,  366,  604,  888,  562,  803,  185,  895,  654,  538,  211,  921,  355, 1043,  493,  103,  886,  898,  843,  748,  472,  682,  736,  306,   52,  820,  867,  645,  619,  848,  440,  579,  930,  653,  750,  141,  292,   76,  498, 1049,  608,  763,   53,  352,  780,  798,  414,  556,  844,  550,  421,  405,  486,  858,  490,  915,  236,  677,  659,  345,  466,  257,  965,  668,  512,  478,  388,  283,  268,  895,   78,  814,  764,  214,  517,  182],
        [  525,    0,  371,  193,  370,  319,  309,  231,  462,  403,  531,  264,  371,  443,  462,  187,   68,  486,  339,  596,  430,  286,  361,  499,  391,  412,    0,  416,  494,  298,  202,  311,  677,  257,  491,  801,  137,  559,  425,  205,  648,  541,  158,  776,  459,  104,  482,  520,  718,  322,  326,  446,  471,  584,  198,  472,  526,  754,  104,  286,  288,  372,  694,  542,  409,  404,  270,  143,  338,  291,  255,  475,  438,  397,  637,  297,  588,   95,  406,  350,  410,  567,  538,  300,  705,  243,  545,   47,  216,  477,  192,  401,  228,  489,  481,  222,  356,  708,  335,  680,  268,  367,  506,  643,  814,  348,  227,  579,  682,  306,  452,  484,  547,  289,  395,  504,  554,  650,  538,  538,  356,  538,  203,  480,  369,  694,  662,  353,  464,  224,  709,  592,   55,  280,  797,  148,   20,  322,  608,  464,  186,  504,  218,  394,  261,  536,  373,  156,  686,  404,  151,  159,  387,  220,  321,  683,  359,  411,  353,  357,  108,  398],
        [  397,    0,  744,  433,  462,  136,  713,  205,  569,  316,  435,  198,  293,  846,  637,  320,  426,   74,  746,  696,  841,  534,  276,  582,  413,  443,  416,    0,  385,  474,  381,  403,  589,  634,  475,  430,  538,  750,   52,  566,  237,  168,  293,  828,  540,  424,   69,  625,  705,  573,  471,  738,  495,  336,  310,  510,  124,  699,  404,  183,  225,  475,  730,  133,  484,  508,  365,  332,  306,  132,  611,  327,  754,  735,  584,  711,  181,  329,  552,  498,  455,  474,  219,  203,  473,  249,  485,  394,  443,  743,  393,  748,  389,  711,  235,  315,  232,  494,  101,  732,  210,  341,  625,  496,  426,  568,  629,  240,  304,  153,  492,  890,  957,  697,  249,  537,  176,  236,  692,  212,  725,  571,  244,  456,  110,  726,  246,  673,  466,  196,  344,  377,  465,  693,  418,  537,  435,   96,  219,  823,  599,  765,  471,  809,  635,  235,   71,  391,  573,  317,  565,  573,   55,  519,  181,  469,  368,  757,  656,  229,  452,  271],
        [   32,    0,  861,  638,  209,  293,  779,  326,  261,  662,  798,  480,  630,  907,  904,  546,  550,  385,  803, 1005,  877,  749,  147,  891,  730,  148,  494,  385,    0,  290,  607,  215,  958,  560,  115,  769,  626, 1014,  338,  699,  452,  319,  348, 1162,  847,  418,  426,  927, 1058,  390,  737,  934,  157,  720,  546,  175,  480, 1064,  561,  482,  527,  221, 1067,  475,  787,  231,  635,  353,  625,  409,  518,   60,  930,  891,  943,  742,  406,  470,  285,  766,  163,  839,  603,  513,  858,  519,  101,  449,  657,  959,  610,  895,  287,  955,  616,  566,  178,  879,  322, 1063,  497,  129,  920,  874,  745,  804,  598,  618,  651,  287,  168,  940,  992,  756,  604,  864,  330,  468,  973,  595,  848,  211,  324,   99,  468, 1064,  500,  844,  126,  365,  698,  760,  511,  682,  750,  640,  507,  380,  368,  956,  606,  985,  361,  806,  753,  223,  429,  353,  947,  662,  617,  591,  335,  414,  245,  854,  145,  905,  841,  180,  592,  125],
        [  320,    0,  621,  486,   91,  338,  523,  290,  165,  627,  769,  441,  592,  642,  759,  438,  366,  516,  541,  888,  604,  583,  235,  785,  653,  153,  298,  474,  290,    0,  480,   85,  927,  274,  230,  903,  400,  857,  448,  487,  645,  508,  231, 1064,  743,  196,  539,  810,  992,  110,  613,  734,  195,  761,  444,  190,  596, 1018,  396,  456,  486,   86,  978,  602,  688,  110,  535,  201,  570,  409,  231,  306,  718,  671,  896,  476,  587,  330,  110,  639,  142,  809,  673,  484,  898,  454,  292,  256,  508,  769,  474,  669,   96,  786,  648,  470,  268,  910,  374,  966,  455,  186,  798,  870,  896,  646,  321,  704,  777,  321,  174,  670,  715,  499,  592,  780,  522,  656,  834,  669,  613,  249,  256,  228,  497,  977,  680,  637,  201,  323,  817,  786,  286,  405,  891,  421,  302,  408,  575,  719,  343,  797,   90,  526,  525,  448,  475,  149,  928,  628,  373,  333,  421,  132,  297,  883,  155,  680,  642,  271,  406,  269],
        [  634,    0,  379,   57,  536,  348,  380,  285,  640,  224,  338,  183,  200,  501,  298,   66,  146,  453,  414,  411,  512,  156,  461,  305,  190,  564,  202,  381,  607,  480,    0,  469,  476,  447,  635,  679,  230,  407,  412,  211,  612,  541,  271,  585,  263,  298,  430,  332,  518,  521,  135,  359,  627,  424,   72,  632,  455,  552,  102,  200,  168,  542,  499,  476,  210,  577,   73,  286,  161,  255,  453,  571,  374,  357,  436,  404,  559,  152,  589,  163,  566,  370,  416,  190,  529,  133,  680,  232,   63,  370,   18,  372,  394,  351,  340,   68,  437,  528,  343,  487,  173,  492,  322,  451,  704,  201,  402,  460,  573,  344,  611,  548,  618,  371,  242,  304,  551,  607,  368,  419,  358,  701,  285,  622,  289,  498,  609,  294,  612,  250,  589,  420,  247,  427,  680,  215,  211,  298,  598,  448,  345,  394,  410,  513,  279,  574,  315,  332,  488,  225,  282,  320,  378,  420,  378,  504,  496,  380,  276,  437,  133,  489],
        [  246,    0,  662,  484,   71,  269,  572,  237,  182,  589,  732,  399,  554,  697,  759,  418,  375,  439,  594,  879,  664,  589,  151,  771,  628,  102,  311,  403,  215,   85,  469,    0,  892,  346,  181,  831,  431,  862,  373,  512,  563,  425,  201, 1051,  728,  219,  465,  801,  968,  195,  604,  756,  161,  706,  422,  165,  523,  988,  397,  410,  446,   80,  961,  528,  671,  116,  516,  184,  537,  354,  305,  224,  746,  702,  866,  531,  506,  318,  151,  631,  100,  772,  610,  441,  844,  420,  239,  265,  506,  787,  466,  703,   84,  796,  593,  447,  187,  858,  306,  952,  414,  102,  791,  827,  821,  649,  384,  638,  705,  253,  144,  728,  778,  549,  547,  759,  439,  575,  833,  605,  651,  233,  209,  173,  438,  959,  600,  662,  154,  275,  746,  734,  314,  468,  817,  449,  320,  346,  492,  758,  396,  814,  146,  592,  559,  363,  412,  156,  890,  590,  413,  382,  349,  200,  223,  832,   73,  713,  663,  190,  417,  184],
        [  975,    0,  728,  504,  962,  667,  791,  659, 1073,  304,  162,  495,  338,  873,  385,  497,  621,  626,  820,  289,  908,  484,  823,  260,  287,  970,  677,  589,  958,  927,  476,  892,    0,  922, 1025,  527,  688,  435,  640,  631,  710,  735,  697,  298,  270,  765,  580,  288,  148,  986,  381,  581, 1032,  291,  489, 1042,  551,  113,  578,  486,  446,  971,  216,  571,  290, 1007,  407,  726,  357,  553,  929,  904,  628,  655,   57,  837,  691,  607, 1032,  371,  977,  121,  412,  454,  233,  474, 1051,  700,  486,  543,  490,  677,  833,  467,  358,  462,  783,  204,  637,  238,  479,  877,  307,  111,  582,  445,  872,  430,  508,  675, 1021,  918,  986,  791,  355,  206,  736,  693,  364,  422,  708, 1110,  683, 1008,  492,  210,  672,  601, 1009,  620,  482,  240,  723,  883,  545,  667,  686,  579,  754,  742,  812,  545,  872,  942,  677,  820,  533,  785,   39,  303,  744,  789,  630,  890,  717,  204,  893,  679,  569,  781,  603,  834],
        [  591,    0,  404,  421,  363,  511,  288,  430,  398,  658,  783,  514,  627,  386,  651,  442,  302,  696,  297,  799,  341,  476,  474,  718,  636,  426,  257,  634,  560,  274,  447,  346,  922,    0,  502, 1045,  250,  724,  628,  334,  849,  722,  342,  982,  684,  210,  703,  728,  947,  202,  552,  561,  462,  839,  453,  454,  754,  991,  346,  536,  543,  355,  911,  766,  642,  368,  519,  303,  593,  524,   46,  568,  530,  476,  879,  227,  788,  347,  336,  570,  415,  817,  786,  552,  961,  498,  565,  254,  440,  606,  434,  467,  288,  647,  734,  477,  493,  965,  539,  892,  520,  443,  712,  896, 1052,  537,   72,  825,  922,  495,  441,  407,  446,  266,  651,  737,  736,  855,  725,  785,  403,  501,  392,  501,  610,  912,  872,  465,  473,  441,  953,  848,  205,  143, 1038,  275,  243,  545,  792,  497,  129,  632,  202,  254,  338,  686,  606,  251,  935,  659,  195,  143,  593,  147,  490,  939,  418,  476,  481,  495,  321,  513],
        [  131,    0,  841,  657,  140,  363,  748,  371,  153,  724,  864,  534,  690,  870,  931,  580,  553,  485,  769, 1043,  834,  765,  205,  932,  779,   81,  491,  475,  115,  230,  635,  181, 1025,  502,    0,  875,  611, 1036,  431,  693,  564,  429,  365, 1209,  888,  399,  523,  964, 1115,  312,  769,  936,   48,  805,  581,   65,  579, 1127,  573,  541,  583,  147, 1116,  576,  829,  140,  674,  357,  680,  473,  457,  169,  926,  883, 1005,  704,  517,  488,  190,  798,   89,  905,  693,  573,  944,  566,   64,  444,  678,  966,  635,  884,  265,  972,  697,  605,  247,  963,  397, 1109,  551,  150,  956,  948,  854,  823,  550,  712,  754,  352,   66,  899,  945,  725,  671,  912,  441,  580, 1003,  686,  831,  100,  356,   19,  543, 1114,  611,  842,   30,  411,  801,  842,  495,  634,  857,  630,  500,  451,  481,  938,  570,  993,  316,  754,  739,  336,  508,  337, 1018,  724,  593,  558,  421,  361,  311,  937,  140,  894,  843,  250,  595,  204],
        [  769,    0, 1051,  734,  887,  566, 1058,  627,  990,  476,  468,  538,  488, 1179,  806,  643,  786,  396, 1091,  779, 1190,  795,  695,  695,  577,  860,  801,  430,  769,  903,  679,  831,  527, 1045,  875,    0,  895,  898,  459,  890,  338,  453,  711,  824,  673,  837,  366,  740,  674, 1002,  691,  974,  905,  284,  630,  922,  308,  625,  750,  516,  523,  900,  739,  305,  643,  932,  622,  751,  526,  521, 1028,  710, 1008, 1010,  563, 1074,  368,  707,  978,  705,  874,  479,  266,  507,  296,  569,  869,  793,  731,  957,  696, 1029,  818,  896,  340,  618,  652,  327,  530,  758,  536,  760,  752,  421,   60,  796, 1027,  223,  127,  583,  906, 1226, 1297, 1047,  438,  628,  444,  318,  824,  265, 1029,  975,  666,  857,  436,  734,  285,  945,  874,  607,   93,  321,  855, 1078,   26,  885,  819,  506,  420, 1106,  985,  970,  897, 1181,  957,  555,  441,  814,  490,  475,  937,  958,  483,  942,  609,  323,  790, 1035,  919,  649,  797,  679],
        [  657,    0,  236,  188,  482,  451,  177,  365,  561,  454,  562,  362,  428,  311,  402,  253,  113,  609,  209,  550,  305,  227,  496,  471,  408,  531,  137,  538,  626,  400,  230,  431,  688,  250,  611,  895,    0,  481,  552,   91,  773,  672,  295,  733,  438,  213,  600,  480,  701,  391,  310,  337,  586,  652,  265,  585,  639,  749,  145,  385,  372,  481,  662,  657,  401,  509,  301,  277,  390,  407,  271,  609,  319,  272,  641,  180,  714,  209,  500,  325,  527,  591,  629,  389,  759,  327,  668,  179,  204,  376,  213,  273,  348,  405,  560,  281,  492,  757,  464,  643,  361,  498,  463,  675,  914,  288,  189,  672,  781,  439,  567,  354,  420,  160,  466,  495,  684,  773,  477,  631,  223,  648,  339,  603,  474,  664,  782,  239,  583,  352,  803,  650,  117,  198,  893,   26,  121,  443,  738,  331,  127,  403,  311,  287,  129,  672,  486,  276,  705,  455,   57,  108,  514,  289,  456,  733,  487,  283,  248,  493,   99,  534],
