{
    "name": "random-21-6355",
    "comment": "size=21 seed=6355",
    "nodes": ["+0", "-0", "+1", "-1", "+2", "-2", "+3", "-3", "+4", "-4", "+5", "-5", "+6", "-6", "+7", "-7", "+8", "-8", "+9", "-9", "+10", "-10", "+11", "-11", "+12", "-12", "+13", "-13", "+14", "-14", "+15", "-15", "+16", "-16", "+17", "-17", "+18", "-18", "+19", "-19", "+20", "-20", "+21", "-21"],
    "precedence": {
        "+0": "-0",
        "+1": "-1",
        "+2": "-2",
        "+3": "-3",
        "+4": "-4",
        "+5": "-5",
        "+6": "-6",
        "+7": "-7",
        "+8": "-8",
        "+9": "-9",
        "+10": "-10",
        "+11": "-11",
        "+12": "-12",
        "+13": "-13",
        "+14": "-14",
        "+15": "-15",
        "+16": "-16",
        "+17": "-17",
        "+18": "-18",
        "+19": "-19",
        "+20": "-20",
        "+21": "-21"
    },
    "edges": [
        [    0,    0,  611,  419,  273,  326,   69,  751,  607,  869,  532,  539,  407,  317,  764,  662,  297,  572,  290,  669,  642,   60,  125,  824,  474,  618,  703,  524,  347,  301,  223,  410,  754,  274,  504,  803,  402,  565,  605,  449,  241,  137,  456,  277],
        [    0,    0,  611,  419,  273,  326,   69,  751,  607,  869,  532,  539,  407,  317,  764,  662,  297,  572,  290,  669,  642,   60,  125,  824,  474,  618,  703,  524,  347,  301,  223,  410,  754,  274,  504,  803,  402,  565,  605,  449,  241,  137,  456,  277],
        [  611,  611,    0,  264,  450,  421,  577,  181,  596,  354,   98,  573,  979,  301,  679,  536,  567,  496,  576,  709,  140,  658,  658,  876,  565,  768,  706,  160,  499,  866,  784,  534,  680,  817,  165,  717,  658,  236,  899,  507,  595,  646,  359,  585],
        [  419,  419,  264,    0,  384,  158,  366,  350,  378,  450,  245,  338,  739,  129,  500,  358,  505,  288,  315,  487,  235,  476,  429,  662,  314,  523,  496,  296,  473,  627,  550,  532,  496,  575,  279,  542,  394,  147,  639,  531,  340,  413,  415,  325],
        [  273,  273,  450,  384,    0,  400,  293,  623,  712,  778,  354,  653,  676,  258,  857,  725,  125,  643,  466,  803,  535,  287,  385,  975,  601,  790,  826,  315,   99,  573,  495,  168,  851,  546,  300,  899,  590,  515,  828,  191,  439,  389,  188,  461],
        [  326,  326,  421,  158,  400,    0,  261,  501,  314,  578,  388,  254,  592,  179,  463,  344,  504,  255,  157,  404,  386,  386,  299,  578,  204,  407,  427,  426,  498,  483,  410,  565,  456,  428,  406,  505,  245,  274,  495,  578,  186,  280,  494,  168],
        [   69,   69,  577,  366,  293,  261,    0,  707,  538,  816,  505,  470,  413,  277,  695,  594,  340,  504,  223,  601,  595,  127,   96,  758,  405,  554,  635,  506,  379,  302,  219,  445,  686,  263,  486,  735,  339,  510,  553,  479,  176,   96,  465,  211],
        [  751,  751,  181,  350,  623,  501,  707,    0,  579,  179,  277,  577, 1088,  434,  621,  491,  743,  481,  655,  688,  115,  803,  777,  837,  589,  772,  673,  340,  678,  977,  899,  713,  625,  924,  345,  653,  710,  239,  929,  687,  686,  761,  539,  667],
        [  607,  607,  596,  378,  712,  314,  538,  579,    0,  557,  611,   69,  725,  472,  157,  115,  817,  101,  327,  113,  491,  663,  533,  285,  136,  201,  118,  670,  810,  641,  596,  876,  148,  586,  655,  197,  264,  364,  382,  886,  382,  511,  786,  343],
        [  869,  869,  354,  450,  778,  578,  816,  179,  557,    0,  447,  576, 1167,  560,  553,  450,  900,  474,  719,  652,  243,  925,  873,  777,  608,  757,  627,  513,  841, 1059,  987,  882,  560, 1004,  516,  576,  746,  308,  934,  858,  760,  855,  711,  733],
        [  532,  532,   98,  245,  354,  388,  505,  277,  611,  447,    0,  578,  914,  238,  713,  567,  470,  513,  537,  722,  216,  576,  592,  895,  558,  767,  726,   73,  401,  801,  719,  437,  711,  755,   70,  752,  632,  273,  880,  412,  547,  581,  265,  543],
        [  539,  539,  573,  338,  653,  254,  470,  577,   69,  576,  578,    0,  665,  420,  226,  161,  755,  103,  259,  153,  480,  595,  464,  329,   68,  198,  174,  633,  751,  578,  531,  818,  216,  522,  616,  265,  204,  349,  359,  830,  314,  442,  736,  275],
        [  407,  407,  979,  739,  676,  592,  413, 1088,  725, 1167,  914,  665,    0,  679,  864,  824,  671,  748,  449,  724,  974,  392,  323,  813,  605,  615,  769,  918,  739,  114,  196,  794,  851,  165,  898,  892,  462,  865,  481,  840,  407,  334,  862,  434],
        [  317,  317,  301,  129,  258,  179,  277,  434,  472,  560,  238,  420,  679,    0,  608,  472,  377,  393,  309,  572,  327,  370,  358,  748,  379,  585,  589,  259,  349,  566,  484,  412,  603,  519,  239,  651,  416,  270,  668,  416,  312,  346,  318,  313],
        [  764,  764,  679,  500,  857,  463,  695,  621,  157,  553,  713,  226,  864,  608,    0,  146,  966,  216,  484,  149,  555,  820,  688,  225,  292,  274,  105,  778,  953,  787,  747, 1018,   13,  732,  765,   43,  410,  445,  464, 1024,  538,  667,  914,  499],
        [  662,  662,  536,  358,  725,  344,  594,  491,  115,  450,  567,  161,  824,  472,  146,    0,  839,   90,  402,  204,  415,  720,  604,  348,  220,  311,  184,  632,  820,  734,  682,  883,  145,  678,  620,  187,  363,  300,  496,  886,  456,  582,  772,  418],
        [  297,  297,  567,  505,  125,  504,  340,  743,  817,  900,  470,  755,  671,  377,  966,  839,    0,  754,  544,  901,  658,  285,  420, 1070,  698,  877,  928,  423,   87,  579,  509,  124,  959,  563,  411, 1008,  667,  639,  892,  174,  508,  430,  257,  536],
        [  572,  572,  496,  288,  643,  255,  504,  481,  101,  474,  513,  103,  748,  393,  216,   90,  754,    0,  316,  214,  391,  631,  516,  383,  146,  292,  213,  575,  739,  654,  599,  803,  211,  597,  560,  258,  292,  263,  461,  808,  370,  495,  701,  333],
        [  290,  290,  576,  315,  466,  157,  223,  655,  327,  719,  537,  259,  449,  309,  484,  402,  544,  316,    0,  380,  541,  342,  206,  536,  192,  334,  416,  567,  563,  346,  284,  632,  473,  289,  547,  521,  124,  422,  368,  656,   56,  184,  600,   17],
        [  669,  669,  709,  487,  803,  404,  601,  688,  113,  652,  722,  153,  724,  572,  149,  204,  901,  214,  380,    0,  602,  721,  579,  177,  204,  126,   46,  780,  902,  653,  621,  969,  136,  601,  765,  170,  285,  476,  317,  982,  432,  557,  889,  394],
        [  642,  642,  140,  235,  535,  386,  595,  115,  491,  243,  216,  480,  974,  327,  555,  415,  658,  391,  541,  602,    0,  695,  663,  762,  486,  677,  594,  288,  601,  862,  785,  644,  557,  809,  286,  591,  600,  133,  826,  624,  571,  648,  479,  553],
        [   60,   60,  658,  476,  287,  386,  127,  803,  663,  925,  576,  595,  392,  370,  820,  720,  285,  631,  342,  721,  695,    0,  157,  873,  529,  665,  757,  562,  349,  295,  224,  405,  810,  278,  543,  859,  450,  622,  640,  450,  291,  174,  475,  328],
        [  125,  125,  658,  429,  385,  299,   96,  777,  533,  873,  592,  464,  323,  358,  688,  604,  420,  516,  206,  579,  663,  157,    0,  723,  397,  514,  617,  597,  467,  210,  128,  531,  678,  168,  577,  726,  299,  566,  484,  569,  151,   22,  560,  190],
        [  824,  824,  876,  662,  975,  578,  758,  837,  285,  777,  895,  329,  813,  748,  225,  348, 1070,  383,  536,  177,  762,  873,  723,    0,  375,  211,  170,  955, 1074,  761,  744, 1142,  218,  714,  939,  208,  424,  641,  345, 1156,  584,  703, 1065,  547],
        [  474,  474,  565,  314,  601,  204,  405,  589,  136,  608,  558,   68,  605,  379,  292,  220,  698,  146,  192,  204,  486,  529,  397,  375,    0,  210,  232,  608,  700,  515,  465,  767,  282,  458,  590,  331,  147,  353,  341,  782,  247,  375,  696,  208],
        [  618,  618,  768,  523,  790,  407,  554,  772,  201,  757,  767,  198,  615,  585,  274,  311,  877,  292,  334,  126,  677,  665,  514,  211,  210,    0,  171,  817,  889,  555,  534,  958,  262,  506,  800,  292,  216,  546,  191,  977,  378,  494,  900,  344],
        [  703,  703,  706,  496,  826,  427,  635,  673,  118,  627,  726,  174,  769,  589,  105,  184,  928,  213,  416,   46,  594,  757,  617,  170,  232,  171,    0,  786,  924,  697,  664,  991,   92,  644,  772,  124,  326,  471,  360, 1002,  469,  595,  903,  430],
        [  524,  524,  160,  296,  315,  426,  506,  340,  670,  513,   73,  633,  918,  259,  778,  632,  423,  575,  567,  780,  288,  562,  597,  955,  608,  817,  786,    0,  348,  806,  723,  377,  776,  764,   21,  818,  669,  342,  920,  348,  570,  589,  200,  571],
        [  347,  347,  499,  473,   99,  498,  379,  678,  810,  841,  401,  751,  739,  349,  953,  820,   87,  739,  563,  902,  601,  349,  467, 1074,  700,  889,  924,  348,    0,  642,  567,   69,  947,  620,  338,  996,  687,  596,  922,  103,  534,  473,  171,  557],
        [  301,  301,  866,  627,  573,  483,  302,  977,  641, 1059,  801,  578,  114,  566,  787,  734,  579,  654,  346,  653,  862,  295,  210,  761,  515,  555,  697,  806,  642,    0,   84,  700,  775,   58,  786,  818,  378,  756,  450,  744,  301,  221,  756,  331],
        [  223,  223,  784,  550,  495,  410,  219,  899,  596,  987,  719,  531,  196,  484,  747,  682,  509,  599,  284,  621,  785,  224,  128,  744,  465,  534,  664,  723,  567,   84,    0,  627,  736,   55,  703,  781,  339,  682,  458,  669,  234,  139,  676,  268],
        [  410,  410,  534,  532,  168,  565,  445,  713,  876,  882,  437,  818,  794,  412, 1018,  883,  124,  803,  632,  969,  644,  405,  531, 1142,  767,  958,  991,  377,   69,  700,  627,    0, 1012,  681,  370, 1060,  755,  649,  990,   53,  602,  538,  182,  626],
        [  754,  754,  680,  496,  851,  456,  686,  625,  148,  560,  711,  216,  851,  603,   13,  145,  959,  211,  473,  136,  557,  810,  678,  218,  282,  262,   92,  776,  947,  775,  736, 1012,    0,  721,  763,   50,  399,  445,  452, 1018,  528,  656,  910,  489],
        [  274,  274,  817,  575,  546,  428,  263,  924,  586, 1004,  755,  522,  165,  519,  732,  678,  563,  597,  289,  601,  809,  278,  168,  714,  458,  506,  644,  764,  620,   58,   55,  681,  721,    0,  743,  764,  323,  701,  415,  722,  244,  175,  725,  274],
        [  504,  504,  165,  279,  300,  406,  486,  345,  655,  516,   70,  616,  898,  239,  765,  620,  411,  560,  547,  765,  286,  543,  577,  939,  590,  800,  772,   21,  338,  786,  703,  370,  763,  743,    0,  806,  650,  333,  901,  343,  550,  569,  196,  551],
        [  803,  803,  717,  542,  899,  505,  735,  653,  197,  576,  752,  265,  892,  651,   43,  187, 1008,  258,  521,  170,  591,  859,  726,  208,  331,  292,  124,  818,  996,  818,  781, 1060,   50,  764,  806,    0,  443,  483,  478, 1066,  576,  704,  956,  537],
        [  402,  402,  658,  394,  590,  245,  339,  710,  264,  746,  632,  204,  462,  416,  410,  363,  667,  292,  124,  285,  600,  450,  299,  424,  147,  216,  326,  669,  687,  378,  339,  755,  399,  323,  650,  443,    0,  471,  252,  780,  163,  279,  719,  131],
        [  565,  565,  236,  147,  515,  274,  510,  239,  364,  308,  273,  349,  865,  270,  445,  300,  639,  263,  422,  476,  133,  622,  566,  641,  353,  546,  471,  342,  596,  756,  682,  649,  445,  701,  333,  483,  471,    0,  694,  640,  458,  548,  507,  435],
        [  605,  605,  899,  639,  828,  495,  553,  929,  382,  934,  880,  359,  481,  668,  464,  496,  892,  461,  368,  317,  826,  640,  484,  345,  341,  191,  360,  920,  922,  450,  458,  990,  452,  415,  901,  478,  252,  694,    0, 1019,  390,  469,  967,  370],
        [  449,  449,  507,  531,  191,  578,  479,  687,  886,  858,  412,  830,  840,  416, 1024,  886,  174,  808,  656,  982,  624,  450,  569, 1156,  782,  977, 1002,  348,  103,  744,  669,   53, 1018,  722,  343, 1066,  780,  640, 1019,    0,  630,  574,  149,  652],
        [  241,  241,  595,  340,  439,  186,  176,  686,  382,  760,  547,  314,  407,  312,  538,  456,  508,  370,   56,  432,  571,  291,  151,  584,  247,  378,  469,  570,  534,  301,  234,  602,  528,  244,  550,  576,  163,  458,  390,  630,    0,  129,  585,   40],
        [  137,  137,  646,  413,  389,  280,   96,  761,  511,  855,  581,  442,  334,  346,  667,  582,  430,  495,  184,  557,  648,  174,   22,  703,  375,  494,  595,  589,  473,  221,  139,  538,  656,  175,  569,  704,  279,  548,  469,  574,  129,    0,  560,  168],
        [  456,  456,  359,  415,  188,  494,  465,  539,  786,  711,  265,  736,  862,  318,  914,  772,  257,  701,  600,  889,  479,  475,  560, 1065,  696,  900,  903,  200,  171,  756,  676,  182,  910,  725,  196,  956,  719,  507,  967,  149,  585,  560,    0,  599],
        [  277,  277,  585,  325,  461,  168,  211,  667,  343,  733,  543,  275,  434,  313,  499,  418,  536,  333,   17,  394,  553,  328,  190,  547,  208,  344,  430,  571,  557,  331,  268,  626,  489,  274,  551,  537,  131,  435,  370,  652,   40,  168,  599,    0]
    ]
}
