{
    "name": "random-53-1855",
    "comment": "size=53 seed=1855",
    "nodes": ["+0", "-0", "+1", "-1", "+2", "-2", "+3", "-3", "+4", "-4", "+5", "-5", "+6", "-6", "+7", "-7", "+8", "-8", "+9", "-9", "+10", "-10", "+11", "-11", "+12", "-12", "+13", "-13", "+14", "-14", "+15", "-15", "+16", "-16", "+17", "-17", "+18", "-18", "+19", "-19", "+20", "-20", "+21", "-21", "+22", "-22", "+23", "-23", "+24", "-24", "+25", "-25", "+26", "-26", "+27", "-27", "+28", "-28", "+29", "-29", "+30", "-30", "+31", "-31", "+32", "-32", "+33", "-33", "+34", "-34", "+35", "-35", "+36", "-36", "+37", "-37", "+38", "-38", "+39", "-39", "+40", "-40", "+41", "-41", "+42", "-42", "+43", "-43", "+44", "-44", "+45", "-45", "+46", "-46", "+47", "-47", "+48", "-48", "+49", "-49", "+50", "-50", "+51", "-51", "+52", "-52", "+53", "-53"],
    "precedence": {
        "+0": "-0",
        "+1": "-1",
        "+2": "-2",
        "+3": "-3",
        "+4": "-4",
        "+5": "-5",
        "+6": "-6",
        "+7": "-7",
        "+8": "-8",
        "+9": "-9",
        "+10": "-10",
        "+11": "-11",
        "+12": "-12",
        "+13": "-13",
        "+14": "-14",
        "+15": "-15",
        "+16": "-16",
        "+17": "-17",
        "+18": "-18",
        "+19": "-19",
        "+20": "-20",
        "+21": "-21",
        "+22": "-22",
        "+23": "-23",
        "+24": "-24",
        "+25": "-25",
        "+26": "-26",
        "+27": "-27",
        "+28": "-28",
        "+29": "-29",
        "+30": "-30",
        "+31": "-31",
        "+32": "-32",
        "+33": "-33",
        "+34": "-34",
        "+35": "-35",
        "+36": "-36",
        "+37": "-37",
        "+38": "-38",
        "+39": "-39",
        "+40": "-40",
        "+41": "-41",
        "+42": "-42",
        "+43": "-43",
        "+44": "-44",
        "+45": "-45",
        "+46": "-46",
        "+47": "-47",
        "+48": "-48",
        "+49": "-49",
        "+50": "-50",
        "+51": "-51",
        "+52": "-52",
        "+53": "-53"
    },
    "edges": [
        [    0,    0,  854,  179,  918,  803,  592,  701,  341, 1034, 1090,  342,  657,  914,  331,  187,  741, 1004, 1074,  918,  875, 1029,  921,  684, 1158,  752, 1241,  989,  634,  888,  572,  778,  652,  632,  841,  615, 1060, 1163,  742,  182,  840,  960,  898,  407,  575,  987,  431,  773,  181,  968,  960,  630,  346, 1018,  795,  892,  765, 1227,  219,  692,  964,  982,  977,  545,  722, 1214,  790, 1091,  539, 1199,  354,  434,  434,  953, 1163,  880,  608, 1026,  956,  378,  849,  405,  577,  791,  853, 1083, 1057,  423,  245,  966,  679, 1225,  377,  816,  995,  804,  806,  707,  589,  678,  837,  442,  939,  955,  764, 1033,  578, 1240],
        [    0,    0,    0,    0,    0,    0,    0,    0,    0,    0,    0,    0,    0,    0,    0,    0,    0,    0,    0,    0,    0,    0,    0,    0,    0,    0,    0,    0,    0,    0,    0,    0,    0,    0,    0,    0,    0,    0,    0,    0,    0,    0,    0,    0,    0,    0,    0,    0,    0,    0,    0,    0,    0,    0,    0,    0,    0,    0,    0,    0,    0,    0,    0,    0,    0,    0,    0,    0,    0,    0,    0,    0,    0,    0,    0,    0,    0,    0,    0,    0,    0,    0,    0,    0,    0,    0,    0,    0,    0,    0,    0,    0,    0,    0,    0,    0,    0,    0,    0,    0,    0,    0,    0,    0,    0,    0,    0,    0],
        [  854,    0,    0,  766,   73, 1132,  470,  187,  671,  758,  628,  759,  382,  260,  558,  867,  797,  521,  831,   80,  480,  991, 1013, 1007,  782,  541,  905,  707,  738,  667,  477, 1014,  226,  918,  429,  955,  997,  694,  138,  806,  956, 1153,  585,  735,  398,  710,  788,  113,  712,  282,  112,  610,  633,  328, 1067,  814,  112,  864,  652,  774,  312,  287, 1128,  775,  696,  820,  886,  744,  878,  793,  903,  422,  928, 1148,  642,  278,  684,  812, 1084,  547,  908,  452,  300,  725, 1019,  983,  540,  450,  692,  741,  177,  856,  909,   71,  899,  299,  724, 1010,  511,  184,  167,  521, 1211,  102,  601,  773,  871,  870],
        [  179,    0,  766,    0,  835,  657,  433,  595,  166,  858,  925,  166,  510,  783,  209,  104,  564,  844,  896,  820,  714,  853,  750,  530,  984,  583, 1064,  814,  456,  713,  413,  616,  547,  468,  684,  458,  883,  995,  640,   43,  668,  800,  728,  229,  434,  812,  258,  671,   66,  836,  877,  455,  179,  883,  639,  713,  665, 1052,  129,  514,  827,  850,  813,  369,  544, 1041,  615,  917,  376, 1027,  221,  355,  295,  793, 1000,  744,  430,  848,  789,  235,  674,  348,  470,  613,  686,  906,  898,  316,   82,  789,  592, 1050,  242,  717,  817,  665,  628,  551,  425,  583,  719,  291,  789,  863,  591,  856,  411, 1065],
        [  918,    0,   73,  835,    0, 1203,  542,  259,  743,  807,  663,  831,  452,  298,  628,  937,  865,  560,  881,   87,  533, 1050, 1078, 1079,  821,  605,  944,  757,  808,  724,  549, 1084,  299,  989,  485, 1027, 1054,  726,  211,  876, 1023, 1220,  639,  808,  471,  761,  861,  185,  780,  309,   43,  680,  705,  347, 1137,  875,  185,  902,  719,  843,  343,  310, 1194,  847,  763,  855,  953,  787,  951,  828,  975,  488, 1001, 1214,  670,  324,  755,  864, 1149,  619,  973,  515,  372,  789, 1087, 1038,  573,  520,  762,  795,  244,  893,  982,  140,  957,  358,  788, 1081,  582,  254,  222,  594, 1280,   62,  665,  823,  943,  906],
        [  803,    0, 1132,  657, 1203,    0,  664,  953,  579,  666,  857,  510,  751,  986,  730,  617,  362,  852,  644, 1144,  764,  434,  277,  136,  800,  628,  802,  663,  395,  601,  660,  134,  928,  223,  783,  206,  468,  890,  998,  632,  253,  195,  687,  477,  744,  658,  424, 1020,  707, 1023, 1234,  524,  614, 1041,   79,  456, 1023,  820,  747,  368,  992, 1035,  238,  372,  460,  843,  292,  749,  297,  848,  450,  872,  370,  189,  939,  941,  449,  604,  249,  688,  316,  901,  876,  467,  192,  513,  897,  798,  650,  605, 1008,  825,  427, 1063,  481,  871,  478,  125,  623,  981,  997,  667,  138, 1197,  576,  650,  281,  834],
        [  592,    0,  470,  433,  542,  664,    0,  289,  278,  484,  501,  345,   98,  378,  275,  511,  351,  413,  541,  490,  284,  604,  580,  538,  587,  180,  687,  431,  273,  340,   21,  551,  267,  448,  252,  486,  622,  575,  335,  459,  511,  704,  320,  298,   88,  431,  341,  358,  411,  429,  575,  151,  256,  468,  602,  424,  360,  664,  382,  317,  412,  443,  687,  307,  260,  642,  439,  523,  413,  624,  482,  304,  485,  698,  572,  335,  217,  501,  646,  217,  474,  356,  229,  313,  568,  625,  466,  241,  353,  428,  349,  660,  481,  402,  530,  253,  321,  542,   42,  321,  351,  151,  751,  542,  219,  489,  403,  676],
        [  701,    0,  187,  595,  259,  953,  289,    0,  488,  650,  567,  575,  210,  245,  387,  693,  629,  456,  721,  227,  374,  849,  852,  825,  705,  390,  824,  596,  561,  536,  294,  838,   50,  736,  319,  771,  859,  641,   49,  633,  790,  986,  469,  549,  213,  598,  602,   78,  545,  294,  297,  435,  451,  347,  890,  667,   76,  788,  489,  601,  304,  306,  965,  591,  530,  751,  718,  654,  693,  726,  719,  274,  742,  980,  605,  230,  505,  693,  922,  368,  746,  318,  126,  568,  850,  851,  491,  282,  517,  619,   88,  781,  725,  126,  762,  195,  571,  830,  331,   57,  144,  336, 1038,  273,  449,  662,  688,  796],
        [  341,    0,  671,  166,  743,  579,  278,  488,    0,  694,  761,   90,  364,  645,  154,  233,  415,  683,  734,  714,  553,  707,  620,  444,  819,  419,  900,  649,  305,  548,  259,  510,  445,  366,  527,  373,  735,  831,  536,  184,  538,  693,  563,  103,  298,  647,  157,  566,  170,  698,  783,  290,   41,  741,  544,  557,  563,  887,  182,  365,  685,  712,  697,  236,  383,  875,  478,  751,  283,  861,  233,  309,  270,  686,  837,  604,  271,  686,  668,  129,  534,  328,  373,  453,  568,  754,  738,  243,  100,  625,  507,  885,  241,  613,  663,  523,  468,  460,  264,  491,  596,  154,  701,  761,  425,  692,  305,  900],
        [ 1034,    0,  758,  858,  807,  666,  484,  650,  694,    0,  213,  713,  482,  513,  749,  903,  357,  266,   74,  724,  280,  298,  411,  613,  142,  305,  207,   56,  430,  148,  501,  538,  663,  565,  334,  619,  285,  228,  672,  869,  414,  564,  183,  645,  551,   54,  648,  674,  858,  519,  820,  404,  692,  507,  588,  212,  684,  195,  846,  391,  482,  524,  517,  536,  323,  195,  385,   84,  615,  191,  797,  783,  752,  562,  285,  484,  436,   74,  475,  687,  351,  836,  670,  261,  478,  253,  286,  724,  790,   73,  737,  194,  784,  695,  207,  466,  245,  597,  467,  705,  591,  622,  661,  771,  274,   20,  573,  209],
        [ 1090,    0,  628,  925,  663,  857,  501,  567,  761,  213,    0,  802,  457,  369,  775,  989,  516,  111,  273,  577,  221,  510,  617,  787,  161,  343,  283,  197,  557,  264,  521,  725,  594,  725,  268,  778,  496,   77,  574,  944,  608,  772,  204,  739,  540,  202,  757,  567,  910,  357,  668,  484,  748,  329,  778,  403,  578,  239,  883,  537,  321,  358,  727,  659,  448,  193,  567,  148,  755,  166,  911,  764,  881,  770,   85,  355,  543,  286,  683,  718,  544,  819,  625,  407,  675,  462,   92,  721,  848,  256,  653,  230,  902,  574,  419,  372,  392,  774,  502,  623,  469,  651,  865,  617,  351,  232,  718,  243],
        [  342,    0,  759,  166,  831,  510,  345,  575,   90,  713,  802,    0,  437,  720,  239,  191,  401,  733,  745,  799,  605,  688,  584,  378,  845,  461,  916,  673,  296,  572,  327,  456,  533,  308,  585,  305,  719,  869,  623,  162,  503,  640,  600,   69,  377,  670,   94,  652,  202,  771,  870,  320,  130,  812,  483,  555,  649,  908,  237,  352,  755,  785,  650,  204,  392,  901,  450,  777,  218,  889,  145,  397,  181,  633,  882,  677,  278,  696,  625,  219,  508,  412,  461,  459,  522,  743,  788,  333,  141,  642,  597,  907,  152,  700,  656,  595,  475,  397,  322,  579,  677,  239,  637,  847,  456,  709,  249,  921],
        [  657,    0,  382,  510,  452,  751,   98,  210,  364,  482,  457,  437,    0,  284,  329,  595,  420,  358,  547,  396,  237,  647,  643,  628,  565,  191,  675,  427,  357,  350,  112,  633,  200,  539,  192,  579,  660,  534,  251,  540,  581,  777,  303,  393,   85,  428,  438,  271,  479,  335,  484,  228,  337,  377,  686,  464,  274,  647,  441,  393,  321,  349,  755,  402,  321,  618,  509,  506,  509,  597,  576,  310,  582,  771,  519,  241,  303,  512,  712,  280,  537,  364,  190,  362,  641,  656,  408,  264,  429,  437,  283,  641,  577,  313,  564,  159,  365,  630,  134,  252,  255,  220,  831,  449,  246,  490,  496,  657],
        [  914,    0,  260,  783,  298,  986,  378,  245,  645,  513,  369,  720,  284,    0,  586,  872,  629,  264,  586,  212,  249,  771,  820,  875,  525,  359,  648,  465,  600,  445,  395,  857,  288,  791,  211,  837,  772,  435,  231,  816,  776,  970,  354,  675,  351,  469,  718,  214,  744,   55,  308,  475,  615,  106,  913,  605,  227,  606,  696,  619,   61,   69,  938,  667,  527,  561,  711,  490,  776,  534,  859,  506,  862,  966,  386,   46,  555,  573,  892,  548,  719,  555,  350,  536,  844,  752,  281,  494,  701,  507,  318,  598,  859,  211,  676,  126,  531,  873,  409,  295,  111,  496, 1042,  258,  415,  530,  757,  611],
        [  331,    0,  558,  209,  628,  730,  275,  387,  154,  749,  775,  239,  329,  586,    0,  310,  526,  682,  800,  612,  556,  814,  746,  594,  860,  450,  955,  699,  418,  602,  256,  653,  339,  513,  517,  525,  839,  850,  432,  249,  666,  833,  594,  254,  246,  698,  310,  463,  160,  640,  669,  358,  117,  688,  691,  649,  457,  935,  113,  479,  634,  654,  833,  373,  470,  916,  600,  795,  434,  898,  371,  160,  419,  826,  843,  550,  371,  756,  800,   63,  652,  175,  262,  537,  703,  852,  734,  108,  135,  688,  385,  932,  383,  509,  757,  474,  550,  609,  284,  375,  514,  128,  848,  654,  476,  752,  452,  947],
        [  187,    0,  867,  104,  937,  617,  511,  693,  233,  903,  989,  191,  595,  872,  310,    0,  584,  915,  935,  919,  785,  864,  747,  500, 1035,  646, 1106,  863,  483,  762,  492,  597,  646,  453,  760,  432,  896, 1057,  739,   62,  667,  776,  788,  259,  522,  860,  266,  770,  166,  926,  978,  508,  258,  970,  611,  741,  765, 1098,  231,  536,  915,  940,  796,  384,  582, 1091,  622,  968,  361, 1079,  168,  459,  248,  769, 1067,  833,  468,  885,  777,  329,  682,  451,  569,  649,  674,  923,  969,  417,  177,  832,  694, 1097,  191,  817,  839,  752,  665,  523,  496,  684,  814,  377,  753,  963,  645,  899,  402, 1112],
        [  741,    0,  797,  564,  865,  362,  351,  629,  415,  357,  516,  401,  420,  629,  526,  584,    0,  497,  367,  799,  403,  293,  231,  272,  498,  270,  542,  335,  111,  253,  354,  230,  614,  211,  423,  265,  321,  563,  670,  563,  162,  357,  331,  335,  438,  331,  318,  688,  583,  663,  893,  201,  430,  680,  286,  161,  693,  544,  593,   50,  632,  675,  337,  200,  103,  551,   90,  436,  260,  547,  455,  625,  401,  352,  601,  584,  157,  318,  296,  467,  128,  669,  579,  111,  222,  343,  544,  552,  513,  286,  698,  545,  438,  727,  256,  519,  125,  261,  311,  667,  650,  418,  417,  852,  215,  347,  218,  558],
        [ 1004,    0,  521,  844,  560,  852,  413,  456,  683,  266,  111,  733,  358,  264,  682,  915,  497,    0,  337,  475,  130,  552,  636,  767,  262,  276,  385,  228,  515,  254,  433,  719,  484,  696,  167,  749,  545,  186,  463,  867,  613,  792,  166,  673,  442,  233,  698,  456,  824,  259,  568,  423,  666,  242,  774,  414,  468,  344,  793,  507,  222,  262,  751,  611,  413,  301,  561,  229,  713,  274,  852,  660,  830,  789,  162,  246,  491,  335,  706,  628,  549,  715,  518,  387,  682,  517,   55,  621,  765,  283,  542,  336,  845,  466,  456,  262,  375,  757,  420,  513,  360,  563,  878,  517,  301,  285,  681,  350],
        [ 1074,    0,  831,  896,  881,  644,  541,  721,  734,   74,  273,  745,  547,  586,  800,  935,  367,  337,    0,  797,  353,  247,  378,  607,  160,  364,  176,  126,  454,  202,  557,  522,  732,  568,  406,  621,  228,  272,  744,  904,  394,  525,  252,  677,  612,  123,  674,  746,  901,  592,  894,  448,  735,  578,  568,  209,  756,  181,  893,  408,  554,  597,  475,  558,  354,  199,  379,  127,  627,  206,  818,  843,  768,  524,  336,  557,  468,   50,  435,  737,  335,  896,  736,  286,  453,  190,  352,  782,  832,  114,  807,  184,  803,  768,  167,  538,  270,  588,  521,  775,  665,  673,  625,  844,  326,   59,  584,  195],
        [  918,    0,   80,  820,   87, 1144,  490,  227,  714,  724,  577,  799,  396,  212,  612,  919,  799,  475,  797,    0,  452,  972, 1006, 1023,  735,  534,  858,  675,  749,  645,  500, 1021,  274,  934,  406,  975,  975,  639,  181,  859,  954, 1151,  559,  770,  428,  678,  820,  150,  769,  223,   98,  620,  677,  262, 1076,  799,  156,  815,  711,  780,  257,  225, 1123,  796,  696,  769,  886,  701,  903,  742,  943,  485,  963, 1146,  584,  241,  697,  782, 1078,  594,  902,  520,  351,  718, 1020,  958,  487,  506,  743,  714,  242,  807,  948,  104,  878,  284,  716, 1024,  529,  241,  149,  561, 1215,   54,  594,  740,  891,  820],
        [  875,    0,  480,  714,  533,  764,  284,  374,  553,  280,  221,  605,  237,  249,  556,  785,  403,  130,  353,  452,    0,  523,  576,  667,  336,  154,  452,  228,  403,  197,  304,  632,  392,  590,   56,  641,  524,  297,  393,  737,  538,  729,  107,  546,  320,  231,  573,  394,  695,  271,  550,  299,  536,  280,  688,  358,  404,  419,  665,  405,  236,  281,  694,  492,  309,  386,  479,  282,  598,  363,  726,  546,  709,  725,  288,  212,  372,  332,  648,  500,  479,  600,  412,  300,  607,  506,  185,  501,  635,  262,  461,  413,  720,  416,  428,  186,  292,  660,  290,  429,  314,  434,  807,  502,  192,  294,  569,  428],
        [ 1029,    0,  991,  853, 1050,  434,  604,  849,  707,  298,  510,  688,  647,  771,  814,  864,  293,  552,  247,  972,  523,    0,  158,  436,  404,  459,  377,  325,  403,  328,  613,  332,  846,  431,  567,  474,   36,  517,  882,  849,  213,  286,  418,  624,  689,  320,  600,  892,  875,  789, 1070,  467,  721,  786,  365,  183,  900,  403,  885,  342,  752,  796,  234,  485,  351,  436,  243,  371,  513,  447,  719,  899,  652,  286,  580,  734,  444,  225,  198,  753,  182,  947,  828,  291,  247,   80,  580,  829,  805,  271,  928,  409,  700,  923,   97,  693,  284,  412,  570,  896,  828,  699,  389, 1023,  401,  279,  469,  416],
        [  921,    0, 1013,  750, 1078,  277,  580,  852,  620,  411,  617,  584,  643,  820,  746,  747,  231,  636,  378, 1006,  576,  158,    0,  285,  537,  474,  528,  421,  331,  386,  584,  178,  840,  297,  610,  332,  193,  638,  891,  740,   82,  157,  480,  526,  667,  416,  492,  907,  781,  847, 1103,  431,  642,  853,  208,  223,  912,  549,  801,  272,  812,  856,  118,  386,  323,  576,  147,  492,  387,  583,  592,  854,  519,  154,  694,  778,  384,  343,   73,  689,  107,  896,  809,  289,   91,  237,  673,  780,  713,  362,  924,  554,  571,  943,  212,  723,  291,  261,  541,  893,  858,  644,  250, 1059,  413,  393,  345,  562],
        [  684,    0, 1007,  530, 1079,  136,  538,  825,  444,  613,  787,  378,  628,  875,  594,  500,  272,  767,  607, 1023,  667,  436,  285,    0,  753,  522,  776,  600,  276,  524,  531,  109,  798,   90,  679,   73,  472,  830,  872,  509,  225,  278,  602,  342,  614,  595,  289,  895,  577,  916, 1111,  404,  478,  938,  111,  402,  897,  787,  614,  263,  887,  928,  302,  239,  359,  802,  229,  695,  162,  802,  334,  736,  255,  271,  871,  830,  326,  561,  293,  552,  275,  765,  744,  382,  197,  512,  816,  662,  518,  546,  877,  790,  312,  939,  456,  757,  396,   26,  497,  852,  878,  532,  260, 1076,  476,  600,  145,  801],
        [ 1158,    0,  782,  984,  821,  800,  587,  705,  819,  142,  161,  845,  565,  525,  860, 1035,  498,  262,  160,  735,  336,  404,  537,  753,    0,  410,  123,  173,  568,  273,  605,  674,  726,  707,  390,  760,  382,  126,  718,  998,  548,  684,  268,  777,  643,  176,  784,  714,  979,  516,  827,  530,  813,  490,  723,  352,  725,   84,  962,  532,  480,  518,  635,  674,  460,   57,  525,   68,  755,   49,  935,  874,  892,  683,  196,  506,  570,  197,  595,  799,  487,  928,  747,  400,  610,  341,  253,  822,  913,  214,  792,   77,  922,  726,  326,  511,  384,  736,  577,  761,  620,  732,  784,  776,  394,  154,  714,   93],
        [  752,    0,  541,  583,  605,  628,  180,  390,  419,  305,  343,  461,  191,  359,  450,  646,  270,  276,  364,  534,  154,  459,  474,  522,  410,    0,  508,  252,  252,  163,  197,  499,  388,  442,  157,  492,  471,  413,  424,  602,  421,  618,  146,  399,  250,  252,  422,  437,  573,  395,  630,  147,  408,  417,  555,  278,  443,  486,  552,  262,  366,  407,  590,  339,  168,  466,  354,  345,  445,  449,  576,  480,  556,  613,  422,  315,  219,  325,  545,  389,  369,  533,  379,  185,  488,  466,  331,  420,  508,  251,  470,  482,  569,  471,  374,  252,  184,  518,  167,  437,  386,  323,  685,  587,   61,  310,  417,  498],
        [ 1241,    0,  905, 1064,  944,  802,  687,  824,  900,  207,  283,  916,  675,  648,  955, 1106,  542,  385,  176,  858,  452,  377,  528,  776,  123,  508,    0,  257,  628,  355,  704,  685,  843,  742,  507,  793,  348,  234,  839, 1074,  557,  662,  373,  848,  749,  258,  847,  836, 1065,  639,  950,  611,  898,  611,  728,  384,  847,   47, 1053,  583,  603,  640,  610,  732,  525,   99,  549,  171,  802,  126,  993,  981,  943,  662,  304,  629,  639,  225,  575,  893,  502, 1035,  860,  459,  610,  302,  374,  926,  997,  276,  911,   57,  978,  848,  323,  631,  443,  756,  672,  880,  742,  828,  765,  899,  481,  208,  759,   52],
        [  989,    0,  707,  814,  757,  663,  431,  596,  649,   56,  197,  673,  427,  465,  699,  863,  335,  228,  126,  675,  228,  325,  421,  600,  173,  252,  257,    0,  397,  102,  448,  532,  608,  545,  281,  599,  317,  230,  618,  827,  413,  577,  128,  605,  497,    6,  612,  621,  812,  475,  771,  359,  645,  466,  584,  207,  631,  239,  798,  364,  437,  481,  532,  503,  288,  229,  376,  106,  587,  219,  763,  729,  722,  574,  277,  434,  397,  109,  488,  637,  349,  782,  615,  232,  479,  291,  256,  671,  744,   60,  682,  237,  751,  643,  230,  412,  215,  585,  416,  650,  540,  571,  669,  722,  226,   67,  548,  252],
        [  634,    0,  738,  456,  808,  395,  273,  561,  305,  430,  557,  296,  357,  600,  418,  483,  111,  515,  454,  749,  403,  403,  331,  276,  568,  252,  628,  397,    0,  301,  271,  278,  539,  192,  408,  240,  431,  614,  605,  457,  253,  437,  357,  229,  356,  393,  220,  626,  473,  641,  840,  130,  319,  666,  330,  259,  629,  623,  483,   62,  614,  654,  427,  106,  110,  623,  184,  502,  199,  615,  368,  524,  327,  431,  641,  555,   57,  404,  390,  359,  235,  566,  495,  170,  301,  451,  568,  450,  403,  357,  621,  623,  354,  669,  361,  481,  186,  276,  231,  593,  604,  314,  479,  802,  215,  423,  167,  637],
        [  888,    0,  667,  713,  724,  601,  340,  536,  548,  148,  264,  572,  350,  445,  602,  762,  253,  254,  202,  645,  197,  328,  386,  524,  273,  163,  355,  102,  301,    0,  356,  468,  541,  461,  240,  515,  331,  315,  564,  725,  359,  541,   95,  505,  412,  100,  512,  572,  712,  466,  743,  258,  545,  469,  522,  164,  580,  339,  699,  274,  430,  474,  503,  406,  191,  330,  309,  206,  495,  319,  665,  642,  627,  538,  349,  407,  297,  163,  457,  540,  296,  695,  539,  143,  428,  317,  297,  581,  644,   89,  620,  337,  653,  599,  234,  368,  129,  511,  321,  587,  502,  475,  626,  696,  127,  150,  457,  352],
        [  572,    0,  477,  413,  549,  660,   21,  294,  259,  501,  521,  327,  112,  395,  256,  492,  354,  433,  557,  500,  304,  613,  584,  531,  605,  197,  704,  448,  271,  356,    0,  548,  269,  442,  272,  478,  631,  595,  341,  440,  514,  705,  339,  282,   86,  448,  326,  365,  391,  446,  584,  154,  236,  486,  599,  434,  366,  682,  363,  318,  429,  460,  690,  298,  266,  661,  442,  541,  403,  643,  465,  291,  471,  699,  592,  352,  215,  515,  649,  197,  479,  342,  226,  323,  568,  636,  487,  226,  333,  444,  351,  678,  465,  410,  541,  270,  331,  536,   44,  323,  364,  131,  749,  552,  233,  505,  394,  694],
        [  778,    0, 1014,  616, 1084,  134,  551,  838,  510,  538,  725,  456,  633,  857,  653,  597,  230,  719,  522, 1021,  632,  332,  178,  109,  674,  499,  685,  532,  278,  468,  548,    0,  817,  149,  653,  167,  368,  761,  882,  599,  129,  185,  554,  409,  634,  527,  363,  903,  657,  893, 1114,  405,  540,  910,   56,  327,  906,  700,  688,  242,  862,  904,  200,  282,  331,  720,  159,  621,  241,  723,  434,  783,  357,  178,  808,  813,  334,  479,  185,  604,  188,  818,  771,  334,   89,  410,  764,  709,  594,  475,  899,  704,  412,  944,  363,  745,  345,   84,  509,  871,  874,  573,  202, 1075,  445,  522,  208,  714],
        [  652,    0,  226,  547,  299,  928,  267,   50,  445,  663,  594,  533,  200,  288,  339,  646,  614,  484,  732,  274,  392,  846,  840,  798,  726,  388,  843,  608,  539,  541,  269,  817,    0,  708,  337,  741,  858,  669,   94,  585,  775,  969,  481,  511,  184,  610,  565,  125,  496,  339,  338,  416,  407,  392,  867,  664,  119,  809,  440,  583,  347,  351,  951,  562,  518,  774,  703,  673,  661,  750,  677,  225,  703,  963,  637,  269,  483,  701,  909,  322,  734,  269,   78,  561,  833,  853,  522,  233,  470,  626,   84,  803,  684,  171,  762,  223,  564,  804,  308,   55,  192,  296, 1017,  318,  445,  674,  658,  818],
        [  632,    0,  918,  468,  989,  223,  448,  736,  366,  565,  725,  308,  539,  791,  513,  453,  211,  696,  568,  934,  590,  431,  297,   90,  707,  442,  742,  545,  192,  461,  442,  149,  708,    0,  599,   54,  465,  773,  782,  452,  221,  333,  533,  264,  525,  541,  216,  805,  509,  833, 1022,  318,  397,  857,  179,  360,  807,  748,  541,  190,  805,  845,  345,  150,  284,  758,  197,  645,   94,  755,  295,  650,  224,  326,  809,  746,  238,  520,  325,  467,  253,  681,  654,  318,  222,  500,  747,  576,  446,  495,  788,  750,  274,  849,  432,  671,  333,   99,  407,  762,  790,  444,  336,  987,  399,  554,   61,  762],
        [  841,    0,  429,  684,  485,  783,  252,  319,  527,  334,  268,  585,  192,  211,  517,  760,  423,  167,  406,  406,   56,  567,  610,  679,  390,  157,  507,  281,  408,  240,  272,  653,  337,  599,    0,  648,  570,  344,  338,  710,  567,  760,  157,  529,  276,  284,  561,  341,  661,  241,  504,  294,  507,  260,  708,  396,  350,  473,  628,  418,  210,  252,  727,  490,  323,  439,  503,  337,  597,  415,  712,  497,  701,  756,  328,  170,  371,  384,  682,  463,  509,  551,  360,  326,  635,  554,  218,  456,  604,  312,  406,  467,  708,  364,  473,  132,  321,  674,  265,  374,  264,  399,  834,  457,  208,  348,  572,  482],
        [  615,    0,  955,  458, 1027,  206,  486,  771,  373,  619,  778,  305,  579,  837,  525,  432,  265,  749,  621,  975,  641,  474,  332,   73,  760,  492,  793,  599,  240,  515,  478,  167,  741,   54,  648,    0,  509,  827,  818,  438,  262,  345,  586,  272,  559,  595,  218,  843,  504,  880, 1061,  363,  408,  906,  182,  412,  844,  800,  542,  243,  853,  893,  366,  180,  337,  811,  246,  699,   91,  809,  268,  669,  191,  339,  863,  792,  283,  573,  351,  484,  300,  696,  684,  372,  250,  546,  800,  596,  446,  548,  819,  803,  245,  887,  481,  716,  387,   94,  446,  794,  832,  468,  333, 1027,  451,  607,   84,  815],
        [ 1060,    0,  997,  883, 1054,  468,  622,  859,  735,  285,  496,  719,  660,  772,  839,  896,  321,  545,  228,  975,  524,   36,  193,  472,  382,  471,  348,  317,  431,  331,  631,  368,  858,  465,  570,  509,    0,  499,  891,  880,  248,  315,  418,  654,  706,  312,  632,  900,  904,  787, 1073,  488,  748,  782,  401,  198,  908,  375,  912,  370,  750,  794,  263,  516,  372,  411,  276,  354,  547,  424,  753,  920,  687,  315,  563,  736,  470,  213,  229,  777,  216,  968,  844,  310,  283,   47,  570,  850,  833,  266,  940,  382,  733,  929,   98,  698,  301,  448,  589,  908,  833,  722,  419, 1025,  414,  266,  502,  388],
        [ 1163,    0,  694,  995,  726,  890,  575,  641,  831,  228,   77,  869,  534,  435,  850, 1057,  563,  186,  272,  639,  297,  517,  638,  830,  126,  413,  234,  230,  614,  315,  595,  761,  669,  773,  344,  827,  499,    0,  646, 1014,  639,  790,  269,  804,  616,  235,  819,  638,  982,  417,  727,  550,  819,  384,  812,  435,  650,  187,  957,  588,  384,  417,  743,  718,  504,  136,  605,  147,  809,  109,  974,  841,  940,  789,   72,  425,  604,  297,  701,  792,  575,  895,  701,  456,  704,  459,  155,  797,  920,  286,  727,  178,  963,  643,  432,  447,  440,  815,  574,  698,  538,  725,  888,  677,  414,  245,  771,  188],
        [  742,    0,  138,  640,  211,  998,  335,   49,  536,  672,  574,  623,  251,  231,  432,  739,  670,  463,  744,  181,  393,  882,  891,  872,  718,  424,  839,  618,  605,  564,  341,  882,   94,  782,  338,  818,  891,  646,    0,  679,  831, 1027,  492,  598,  261,  621,  650,   32,  589,  276,  249,  478,  499,  329,  935,  701,   27,  801,  532,  644,  292,  286, 1005,  638,  570,  762,  760,  671,  741,  736,  767,  311,  791, 1021,  606,  225,  550,  718,  961,  415,  785,  351,  171,  605,  892,  881,  494,  326,  563,  645,   88,  794,  773,   78,  793,  209,  607,  876,  376,   70,  122,  385, 1081,  226,  484,  685,  734,  808],
        [  182,    0,  806,   43,  876,  632,  459,  633,  184,  869,  944,  162,  540,  816,  249,   62,  563,  867,  904,  859,  737,  849,  740,  509,  998,  602, 1074,  827,  457,  725,  440,  599,  585,  452,  710,  438,  880, 1014,  679,    0,  659,  782,  746,  229,  466,  824,  249,  709,  108,  869,  917,  469,  204,  914,  619,  716,  704, 1063,  172,  514,  859,  883,  797,  365,  551, 1054,  609,  930,  359, 1041,  189,  398,  265,  775, 1021,  777,  436,  855,  775,  270,  668,  391,  509,  619,  672,  904,  921,  356,  117,  799,  633, 1062,  210,  756,  817,  696,  635,  531,  447,  623,  755,  321,  766,  902,  606,  866,  397, 1077],
        [  840,    0,  956,  668, 1023,  253,  511,  790,  538,  414,  608,  503,  581,  776,  666,  667,  162,  613,  394,  954,  538,  213,   82,  225,  548,  421,  557,  413,  253,  359,  514,  129,  775,  221,  567,  262,  248,  639,  831,  659,    0,  197,  450,  445,  598,  407,  411,  848,  699,  807, 1050,  361,  561,  818,  175,  206,  853,  572,  720,  197,  773,  817,  177,  304,  261,  593,   73,  496,  309,  596,  515,  777,  444,  192,  689,  733,  308,  352,  137,  610,   65,  818,  739,  241,   70,  287,  654,  703,  632,  354,  859,  576,  494,  886,  235,  673,  247,  203,  471,  829,  806,  567,  269, 1007,  363,  398,  266,  586],
        [  960,    0, 1153,  800, 1220,  195,  704,  986,  693,  564,  772,  640,  777,  970,  833,  776,  357,  792,  525, 1151,  729,  286,  157,  278,  684,  618,  662,  577,  437,  541,  705,  185,  969,  333,  760,  345,  315,  790, 1027,  782,  197,    0,  635,  593,  790,  571,  547, 1044,  841,  999, 1246,  554,  721, 1007,  167,  379, 1049,  688,  871,  387,  965, 1009,   53,  461,  458,  719,  268,  644,  425,  729,  611,  957,  532,    8,  848,  928,  494,  494,   90,  782,  251,  994,  931,  435,  137,  361,  829,  882,  778,  517, 1053,  694,  589, 1083,  360,  869,  440,  254,  663, 1023, 1003,  746,  105, 1204,  559,  546,  392,  701],
        [  898,    0,  585,  728,  639,  687,  320,  469,  563,  183,  204,  600,  303,  354,  594,  788,  331,  166,  252,  559,  107,  418,  480,  602,  268,  146,  373,  128,  357,   95,  339,  554,  481,  533,  157,  586,  418,  269,  492,  746,  450,  635,    0,  536,  377,  130,  553,  496,  718,  373,  656,  282,  553,  375,  609,  259,  506,  346,  697,  344,  336,  381,  597,  457,  250,  323,  396,  205,  555,  305,  708,  609,  679,  631,  287,  319,  340,  228,  551,  533,  388,  663,  490,  222,  520,  399,  215,  556,  654,  156,  555,  342,  699,  520,  322,  288,  210,  592,  312,  523,  419,  467,  718,  608,  147,  194,  521,  357],
        [  407,    0,  735,  229,  808,  477,  298,  549,  103,  645,  739,   69,  393,  675,  254,  259,  335,  673,  677,  770,  546,  624,  526,  342,  777,  399,  848,  605,  229,  505,  282,  409,  511,  264,  529,  272,  654,  804,  598,  229,  445,  593,  536,    0,  343,  603,   58,  626,  255,  726,  846,  255,  137,  764,  442,  487,  624,  840,  279,  286,  708,  740,  599,  142,  324,  834,  388,  710,  181,  823,  185,  402,  194,  586,  819,  632,  210,  628,  571,  217,  446,  426,  443,  391,  470,  677,  728,  332,  188,  574,  581,  839,  184,  673,  589,  550,  407,  358,  270,  560,  641,  217,  599,  819,  391,  641,  203,  854],
        [  575,    0,  398,  434,  471,  744,   88,  213,  298,  551,  540,  377,   85,  351,  246,  522,  438,  442,  612,  428,  320,  689,  667,  614,  643,  250,  749,  497,  356,  412,   86,  634,  184,  525,  276,  559,  706,  616,  261,  466,  598,  790,  377,  343,    0,  497,  393,  287,  399,  404,  507,  238,  266,  449,  684,  508,  287,  723,  358,  403,  394,  418,  774,  379,  346,  696,  526,  581,  481,  676,  520,  233,  536,  784,  603,  311,  300,  574,  733,  200,  561,  287,  142,  399,  654,  707,  492,  182,  352,  500,  266,  718,  523,  333,  612,  232,  405,  620,  128,  238,  300,  146,  835,  478,  297,  558,  475,  734],
        [  987,    0,  710,  812,  761,  658,  431,  598,  647,   54,  202,  670,  428,  469,  698,  860,  331,  233,  123,  678,  231,  320,  416,  595,  176,  252,  258,    6,  393,  100,  448,  527,  610,  541,  284,  595,  312,  235,  621,  824,  407,  571,  130,  603,  497,    0,  609,  624,  810,  479,  775,  357,  643,  471,  579,  202,  633,  240,  796,  360,  441,  485,  527,  499,  285,  232,  371,  109,  584,  222,  760,  729,  719,  569,  282,  438,  395,  105,  483,  636,  343,  783,  616,  228,  474,  286,  262,  671,  743,   55,  684,  238,  747,  646,  225,  415,  211,  580,  415,  652,  543,  570,  664,  726,  224,   65,  544,  253],
        [  431,    0,  788,  258,  861,  424,  341,  602,  157,  648,  757,   94,  438,  718,  310,  266,  318,  698,  674,  820,  573,  600,  492,  289,  784,  422,  847,  612,  220,  512,  326,  363,  565,  216,  561,  218,  632,  819,  650,  249,  411,  547,  553,   58,  393,  609,    0,  678,  295,  767,  898,  276,  193,  803,  393,  476,  677,  842,  326,  271,  747,  781,  557,  119,  325,  839,  360,  717,  128,  830,  155,  460,  145,  540,  839,  673,  216,  624,  532,  275,  420,  483,  499,  389,  429,  658,  752,  390,  231,  576,  636,  842,  148,  725,  574,  592,  405,  307,  309,  615,  688,  273,  548,  871,  406,  642,  156,  856],
        [  773,    0,  113,  671,  185, 1020,  358,   78,  566,  674,  567,  652,  271,  214,  463,  770,  688,  456,  746,  150,  394,  892,  907,  895,  714,  437,  836,  621,  626,  572,  365,  903,  125,  805,  341,  843,  900,  638,   32,  709,  848, 1044,  496,  626,  287,  624,  678,    0,  620,  255,  221,  498,  529,  308,  956,  712,   13,  797,  563,  663,  275,  265, 1021,  663,  587,  756,  777,  669,  766,  730,  796,  341,  819, 1039,  595,  214,  572,  723,  977,  445,  801,  381,  202,  620,  910,  889,  485,  357,  594,  650,  111,  790,  802,   48,  802,  209,  620,  898,  399,   99,  104,  414, 1101,  196,  497,  688,  759,  804],
        [  181,    0,  712,   66,  780,  707,  411,  545,  170,  858,  910,  202,  479,  744,  160,  166,  583,  824,  901,  769,  695,  875,  781,  577,  979,  573, 1065,  812,  473,  712,  391,  657,  496,  509,  661,  504,  904,  982,  589,  108,  699,  841,  718,  255,  399,  810,  295,  620,    0,  798,  822,  455,  167,  846,  684,  727,  614, 1050,   65,  534,  791,  812,  851,  396,  552, 1036,  642,  912,  418, 1020,  282,  296,  351,  834,  982,  708,  440,  854,  824,  200,  699,  285,  419,  622,  722,  924,  877,  264,   71,  791,  537, 1048,  301,  666,  832,  630,  636,  596,  409,  530,  674,  262,  836,  810,  587,  858,  450, 1063],
        [  968,    0,  282,  836,  309, 1023,  429,  294,  698,  519,  357,  771,  335,   55,  640,  926,  663,  259,  592,  223,  271,  789,  847,  916,  516,  395,  639,  475,  641,  466,  446,  893,  339,  833,  241,  880,  787,  417,  276,  869,  807,  999,  373,  726,  404,  479,  767,  255,  798,    0,  312,  519,  668,   54,  949,  628,  268,  595,  750,  657,   38,   15,  964,  713,  563,  548,  744,  487,  822,  520,  910,  558,  910,  995,  362,   95,  598,  583,  919,  602,  748,  607,  403,  567,  875,  764,  266,  548,  755,  521,  363,  586,  909,  244,  693,  177,  560,  912,  458,  342,  154,  549, 1074,  261,  449,  537,  801,  599],
        [  960,    0,  112,  877,   43, 1234,  575,  297,  783,  820,  668,  870,  484,  308,  669,  978,  893,  568,  894,   98,  550, 1070, 1103, 1111,  827,  630,  950,  771,  840,  743,  584, 1114,  338, 1022,  504, 1061, 1073,  727,  249,  917, 1050, 1246,  656,  846,  507,  775,  898,  221,  822,  312,    0,  711,  745,  345, 1167,  897,  222,  906,  761,  873,  347,  311, 1219,  882,  790,  859,  981,  796,  986,  831, 1014,  530, 1039, 1241,  669,  339,  787,  879, 1174,  659,  998,  557,  412,  814, 1114, 1055,  577,  561,  803,  811,  286,  897, 1021,  175,  976,  381,  812, 1114,  616,  295,  245,  632, 1309,   51,  690,  836,  977,  910],
        [  630,    0,  610,  455,  680,  524,  151,  435,  290,  404,  484,  320,  228,  475,  358,  508,  201,  423,  448,  620,  299,  467,  431,  404,  530,  147,  611,  359,  130,  258,  154,  405,  416,  318,  294,  363,  488,  550,  478,  469,  361,  554,  282,  255,  238,  357,  276,  498,  455,  519,  711,    0,  288,  547,  458,  293,  502,  597,  446,  168,  493,  532,  537,  196,  117,  586,  289,  462,  305,  573,  430,  433,  410,  548,  565,  430,   80,  401,  496,  295,  326,  481,  379,  181,  418,  497,  477,  363,  386,  337,  499,  595,  423,  540,  402,  354,  192,  405,  111,  470,  475,  236,  604,  673,  138,  404,  283,  610],
        [  346,    0,  633,  179,  705,  614,  256,  451,   41,  692,  748,  130,  337,  615,  117,  258,  430,  666,  735,  677,  536,  721,  642,  478,  813,  408,  898,  645,  319,  545,  236,  540,  407,  397,  507,  408,  748,  819,  499,  204,  561,  721,  553,  137,  266,  643,  193,  529,  167,  668,  745,  288,    0,  713,  576,  566,  525,  883,  164,  381,  657,  683,  723,  261,  389,  869,  497,  746,  318,  854,  272,  269,  310,  714,  822,  575,  280,  688,  692,   89,  552,  290,  334,  458,  593,  766,  720,  203,  101,  625,  468,  881,  281,  576,  673,  494,  472,  493,  247,  452,  562,  121,  733,  724,  420,  691,  336,  896],
        [ 1018,    0,  328,  883,  347, 1041,  468,  347,  741,  507,  329,  812,  377,  106,  688,  970,  680,  242,  578,  262,  280,  786,  853,  938,  490,  417,  611,  466,  666,  469,  486,  910,  392,  857,  260,  906,  782,  384,  329,  914,  818, 1007,  375,  764,  449,  471,  803,  308,  846,   54,  345,  547,  713,    0,  966,  633,  321,  566,  800,  677,   57,   44,  971,  743,  582,  518,  758,  467,  852,  490,  948,  611,  946, 1003,  324,  139,  626,  574,  925,  648,  758,  660,  455,  580,  887,  756,  238,  599,  801,  516,  417,  557,  947,  294,  690,  219,  572,  933,  495,  396,  207,  594, 1086,  295,  466,  525,  828,  569],
        [  795,    0, 1067,  639, 1137,   79,  602,  890,  544,  588,  778,  483,  686,  913,  691,  611,  286,  774,  568, 1076,  688,  365,  208,  111,  723,  555,  728,  584,  330,  522,  599,   56,  867,  179,  708,  182,  401,  812,  935,  619,  175,  167,  609,  442,  684,  579,  393,  956,  684,  949, 1167,  458,  576,  966,    0,  378,  959,  745,  718,  297,  918,  960,  197,  323,  387,  767,  214,  671,  266,  771,  445,  826,  366,  161,  861,  868,  385,  527,  195,  644,  238,  858,  819,  390,  119,  444,  819,  751,  623,  526,  949,  749,  422,  997,  406,  800,  400,   89,  560,  921,  928,  617,  158, 1129,  501,  572,  240,  759],
        [  892,    0,  814,  713,  875,  456,  424,  667,  557,  212,  403,  555,  464,  605,  649,  741,  161,  414,  209,  799,  358,  183,  223,  402,  352,  278,  384,  207,  259,  164,  434,  327,  664,  360,  396,  412,  198,  435,  701,  716,  206,  379,  259,  487,  508,  202,  476,  712,  727,  628,  897,  293,  566,  633,  378,    0,  720,  389,  729,  206,  593,  637,  339,  359,  179,  401,  174,  295,  420,  401,  615,  723,  561,  375,  484,  565,  287,  161,  294,  586,  142,  771,  646,  113,  273,  204,  452,  654,  656,  149,  746,  391,  599,  745,  109,  517,  104,  385,  392,  714,  653,  528,  466,  851,  219,  198,  376,  403],
        [  765,    0,  112,  665,  185, 1023,  360,   76,  563,  684,  578,  649,  274,  227,  457,  765,  693,  468,  756,  156,  404,  900,  912,  897,  725,  443,  847,  631,  629,  580,  366,  906,  119,  807,  350,  844,  908,  650,   27,  704,  853, 1049,  506,  624,  287,  633,  677,   13,  614,  268,  222,  502,  525,  321,  959,  720,    0,  809,  556,  667,  287,  278, 1026,  664,  592,  768,  782,  680,  767,  742,  794,  333,  817, 1044,  607,  226,  575,  732,  983,  441,  806,  371,  196,  626,  914,  897,  497,  351,  589,  659,  100,  801,  800,   53,  810,  219,  627,  901,  401,   89,  117,  411, 1105,  199,  504,  698,  760,  815],
