{
    "name": "random-58-13280",
    "comment": "size=58 seed=13280",
    "nodes": ["+0", "-0", "+1", "-1", "+2", "-2", "+3", "-3", "+4", "-4", "+5", "-5", "+6", "-6", "+7", "-7", "+8", "-8", "+9", "-9", "+10", "-10", "+11", "-11", "+12", "-12", "+13", "-13", "+14", "-14", "+15", "-15", "+16", "-16", "+17", "-17", "+18", "-18", "+19", "-19", "+20", "-20", "+21", "-21", "+22", "-22", "+23", "-23", "+24", "-24", "+25", "-25", "+26", "-26", "+27", "-27", "+28", "-28", "+29", "-29", "+30", "-30", "+31", "-31", "+32", "-32", "+33", "-33", "+34", "-34", "+35", "-35", "+36", "-36", "+37", "-37", "+38", "-38", "+39", "-39", "+40", "-40", "+41", "-41", "+42", "-42", "+43", "-43", "+44", "-44", "+45", "-45", "+46", "-46", "+47", "-47", "+48", "-48", "+49", "-49", "+50", "-50", "+51", "-51", "+52", "-52", "+53", "-53", "+54", "-54", "+55", "-55", "+56", "-56", "+57", "-57", "+58", "-58"],
    "precedence": {
        "+0": "-0",
        "+1": "-1",
        "+2": "-2",
        "+3": "-3",
        "+4": "-4",
        "+5": "-5",
        "+6": "-6",
        "+7": "-7",
        "+8": "-8",
        "+9": "-9",
        "+10": "-10",
        "+11": "-11",
        "+12": "-12",
        "+13": "-13",
        "+14": "-14",
        "+15": "-15",
        "+16": "-16",
        "+17": "-17",
        "+18": "-18",
        "+19": "-19",
        "+20": "-20",
        "+21": "-21",
        "+22": "-22",
        "+23": "-23",
        "+24": "-24",
        "+25": "-25",
        "+26": "-26",
        "+27": "-27",
        "+28": "-28",
        "+29": "-29",
        "+30": "-30",
        "+31": "-31",
        "+32": "-32",
        "+33": "-33",
        "+34": "-34",
        "+35": "-35",
        "+36": "-36",
        "+37": "-37",
        "+38": "-38",
        "+39": "-39",
        "+40": "-40",
        "+41": "-41",
        "+42": "-42",
        "+43": "-43",
        "+44": "-44",
        "+45": "-45",
        "+46": "-46",
        "+47": "-47",
        "+48": "-48",
        "+49": "-49",
        "+50": "-50",
        "+51": "-51",
        "+52": "-52",
        "+53": "-53",
        "+54": "-54",
        "+55": "-55",
        "+56": "-56",
        "+57": "-57",
        "+58": "-58"
    },
    "edges": [
        [    0,    0,  286,  376,  905,  833, 1117,  848,  469,  760,  629,  848,  514,  327,  731, 1011,  406,  808,  618,  425,  363,  687,  188,  492,  687,  538,  773,  982, 1039,  739,  564,   78,  818,  919,  813,  505,  530,  909,  802,  859,  694,  791,  632,  583, 1026,  434,  233,  704,  868,  411,  293, 1008,  815,  740,  695, 1005,  897,  705, 1012,  919, 1194,  874,  781,  706,  666,  798,  608,  784, 1189,  742,  666,  487,  227,  918,  620,  948,  895,  476,  569,  821,  799,  424,  598,  322,  607, 1171,  641,  937, 1153,  467, 1208,  892,  682,  758,  211,  972,  958,  917, 1010,  484,  271,  866,  962,  539,  897,  847,  767, 1089,  442,  311, 1066,  904, 1251,  920, 1253,  850, 1224,  847],
        [    0,    0,    0,    0,    0,    0,    0,    0,    0,    0,    0,    0,    0,    0,    0,    0,    0,    0,    0,    0,    0,    0,    0,    0,    0,    0,    0,    0,    0,    0,    0,    0,    0,    0,    0,    0,    0,    0,    0,    0,    0,    0,    0,    0,    0,    0,    0,    0,    0,    0,    0,    0,    0,    0,    0,    0,    0,    0,    0,    0,    0,    0,    0,    0,    0,    0,    0,    0,    0,    0,    0,    0,    0,    0,    0,    0,    0,    0,    0,    0,    0,    0,    0,    0,    0,    0,    0,    0,    0,    0,    0,    0,    0,    0,    0,    0,    0,    0,    0,    0,    0,    0,    0,    0,    0,    0,    0,    0,    0,    0,    0,    0,    0,    0,    0,    0,    0,    0],
        [  286,    0,    0,  345,  626,  548,  887,  564,  431,  570,  350,  619,  441,  148,  493,  726,  359,  575,  341,  280,  357,  476,  119,  206,  433,  413,  489,  759,  835,  478,  280,  304,  619,  817,  527,  339,  390,  628,  516,  582,  409,  630,  350,  308,  771,  422,  353,  667,  804,  166,   63,  773,  534,  455,  432,  852,  785,  426,  734,  666,  933,  824,  614,  678,  401,  513,  370,  727,  948,  689,  585,  331,   92,  643,  348,  694,  721,  448,  299,  573,  746,  226,  542,  346,  337,  914,  358,  729,  925,  245,  971,  795,  401,  553,  265,  706,  721,  820,  726,  360,   43,  592,  809,  255,  634,  802,  492,  891,  201,  101,  826,  686, 1006,  656,  999,  582,  992,  615],
        [  376,    0,  345,    0,  862,  711,  808,  709,   97,  431,  613,  557,  139,  212,  470,  859,   31,  526,  477,  149,   33,  393,  381,  444,  464,  186,  639,  673,  706,  522,  472,  315,  492,  543,  701,  206,  192,  737,  704,  672,  594,  437,  603,  444,  765,   78,  190,  340,  496,  503,  405,  713,  767,  665,  493,  640,  522,  554,  819,  662,  939,  507,  431,  346,  474,  710,  372,  414,  895,  372,  290,  183,  392,  893,  459,  690,  544,  109,  416,  566,  430,  220,  225,   74,  626,  905,  528,  612,  841,  268,  907,  516,  545,  446,  166,  740,  670,  541,  852,  146,  377,  672,  596,  513,  911,  482,  589,  749,  288,  254,  776,  595,  961,  689,  978,  853,  916,  560],
        [  905,    0,  626,  862,    0,  212,  758,  245,  904,  719,  277,  615,  869,  675,  548,  279,  856,  588,  395,  719,  889,  630,  719,  435,  483,  786,  268,  706,  817,  450,  391,  929,  716, 1059,  202,  699,  756,  310,  182,  352,  274,  817,  277,  424,  569,  925,  956, 1058, 1117,  502,  613,  666,   96,  199,  440,  971, 1016,  344,  381,  530,  631, 1154,  795, 1079,  439,  167,  546, 1071,  749, 1051,  940,  715,  680,   50,  421,  538,  836,  924,  453,  523, 1091,  642,  948,  904,  301,  648,  338,  744,  789,  598,  784, 1052,  337,  671,  866,  472,  630, 1072,  293,  768,  635,  370,  944,  374,  137, 1147,  360,  874,  574,  652,  673,  683,  772,  462,  725,  113,  820,  606],
        [  833,    0,  548,  711,  212,    0,  564,   40,  738,  512,  254,  404,  695,  552,  342,  182,  700,  378,  237,  564,  741,  429,  659,  342,  285,  607,   73,  499,  611,  244,  272,  841,  506,  851,   27,  527,  578,  125,   55,  145,  140,  609,  238,  273,  381,  765,  835,  867,  914,  474,  557,  465,  159,  120,  243,  759,  808,  159,  229,  325,  479,  953,  588,  890,  250,   73,  361,  873,  570,  856,  747,  546,  623,  260,  253,  336,  625,  757,  298,  311,  893,  495,  764,  764,  307,  484,  196,  534,  598,  445,  605,  846,  168,  464,  749,  283,  425,  865,  185,  599,  570,  164,  733,  307,  333,  947,  153,  669,  436,  542,  480,  473,  604,  262,  568,  286,  638,  395],
        [ 1117,    0,  887,  808,  758,  564,    0,  525,  763,  379,  765,  270,  698,  792,  394,  506,  780,  313,  587,  700,  838,  431, 1001,  738,  460,  624,  547,  137,  148,  429,  667, 1084,  318,  538,  585,  620,  617,  448,  615,  422,  619,  405,  743,  607,  189,  810,  995,  720,  653,  911,  930,  116,  723,  661,  474,  357,  504,  536,  392,  250,  238,  695,  400,  743,  504,  634,  518,  667,  101,  679,  627,  642,  979,  806,  565,  232,  316,  775,  603,  322,  678,  693,  693,  882,  821,  190,  613,  203,   39,  654,  101,  552,  566,  365,  941,  286,  168,  556,  490,  664,  926,  403,  364,  755,  890,  708,  469,  167,  689,  817,   85,  215,  166,  304,  210,  848,  109,  273],
        [  848,    0,  564,  709,  245,   40,  525,    0,  730,  487,  286,  372,  685,  559,  319,  163,  696,  348,  240,  561,  739,  408,  677,  360,  269,  595,   76,  463,  574,  223,  285,  852,  477,  824,   63,  519,  568,   87,   93,  108,  160,  583,  268,  277,  342,  759,  840,  850,  891,  500,  577,  427,  198,  154,  229,  727,  780,  157,  194,  288,  442,  930,  563,  873,  240,  112,  350,  852,  531,  836,  730,  539,  642,  293,  252,  298,  595,  750,  300,  280,  872,  496,  750,  765,  340,  446,  208,  499,  559,  445,  566,  820,  172,  438,  755,  244,  388,  838,  163,  591,  588,  127,  702,  330,  370,  925,  133,  632,  440,  552,  441,  439,  566,  223,  530,  324,  599,  363],
        [  469,    0,  431,   97,  904,  738,  763,  730,    0,  386,  670,  528,   66,  290,  460,  871,   74,  503,  511,  189,  107,  373,  476,  504,  471,  149,  665,  630,  649,  527,  520,  405,  447,  452,  730,  212,  170,  748,  737,  680,  631,  373,  658,  481,  742,   48,  265,  244,  401,  583,  493,  677,  811,  706,  506,  562,  434,  579,  820,  644,  914,  411,  371,  251,  491,  745,  382,  318,  855,  276,  199,  192,  485,  938,  488,  671,  479,   21,  452,  552,  334,  270,  129,  151,  689,  877,  566,  562,  794,  308,  863,  425,  575,  411,  259,  729,  637,  449,  863,  140,  466,  677,  520,  573,  964,  385,  603,  688,  341,  336,  740,  554,  922,  680,  944,  906,  869,  532],
        [  760,    0,  570,  431,  719,  512,  379,  487,  386,    0,  588,  158,  322,  448,  171,  581,  403,  153,  375,  335,  460,  108,  673,  484,  244,  246,  452,  244,  280,  270,  440,  718,   62,  341,  518,  255,  241,  463,  538,  396,  473,   98,  567,  372,  370,  432,  619,  395,  406,  646,  625,  292,  644,  545,  285,  294,  298,  384,  498,  288,  537,  446,   77,  419,  297,  554,  228,  376,  469,  369,  281,  274,  659,  765,  343,  309,  155,  399,  351,  222,  394,  350,  333,  505,  634,  496,  428,  182,  411,  326,  478,  334,  402,   49,  571,  383,  256,  354,  568,  288,  612,  384,  256,  530,  823,  444,  360,  330,  372,  483,  355,  168,  536,  344,  560,  767,  485,  164],
        [  629,    0,  350,  613,  277,  254,  765,  286,  670,  588,    0,  542,  647,  413,  432,  431,  613,  502,  213,  482,  637,  483,  444,  171,  350,  575,  230,  670,  774,  352,  159,  653,  608,  917,  228,  483,  545,  371,  205,  359,  147,  680,   22,  221,  598,  683,  687,  858,  949,  233,  337,  654,  188,  136,  316,  875,  875,  232,  479,  515,  722,  981,  659,  877,  295,  193,  369,  889,  792,  861,  747,  494,  405,  295,  245,  536,  733,  690,  247,  458,  910,  401,  738,  646,   57,  720,  163,  678,  802,  366,  824,  903,  204,  548,  597,  507,  605,  926,  436,  545,  358,  376,  840,  102,  298,  967,  297,  835,  330,  383,  686,  619,  835,  470,  807,  242,  854,  534],
        [  848,    0,  619,  557,  615,  404,  270,  372,  528,  158,  542,    0,  465,  523,  128,  440,  532,   45,  341,  437,  589,  166,  732,  483,  203,  381,  358,  142,  234,  191,  419,  818,  118,  464,  416,  359,  367,  330,  442,  269,  405,  238,  520,  353,  216,  572,  738,  552,  548,  655,  664,  161,  553,  466,  229,  356,  421,  314,  347,  132,  386,  589,  220,  576,  254,  460,  249,  528,  344,  524,  438,  382,  710,  663,  314,  152,  224,  543,  344,   94,  545,  424,  488,  630,  595,  349,  380,  137,  308,  384,  361,  464,  340,  120,  678,  228,  113,  479,  425,  412,  658,  254,  331,  510,  733,  591,  264,  295,  420,  547,  222,   78,  408,  193,  421,  681,  378,   10],
        [  514,    0,  441,  139,  869,  695,  698,  685,   66,  322,  647,  465,    0,  294,  403,  821,  109,  442,  475,  173,  159,  313,  500,  486,  421,   92,  623,  565,  584,  475,  493,  454,  382,  406,  689,  170,  117,  697,  698,  628,  595,  309,  633,  447,  680,  113,  323,  227,  368,  583,  503,  612,  777,  672,  458,  503,  384,  537,  765,  584,  851,  385,  306,  240,  445,  707,  335,  288,  790,  249,  154,  155,  504,  906,  449,  609,  416,   78,  417,  494,  307,  252,  101,  206,  671,  814,  532,  497,  729,  282,  798,  380,  536,  347,  305,  670,  574,  404,  812,  103,  479,  624,  460,  554,  937,  362,  555,  623,  321,  341,  676,  490,  857,  622,  880,  878,  803,  469],
        [  327,    0,  148,  212,  675,  552,  792,  559,  290,  448,  413,  523,  294,    0,  405,  719,  220,  482,  319,  134,  231,  365,  228,  243,  364,  267,  484,  659,  723,  418,  289,  307,  502,  673,  537,  201,  247,  606,  534,  549,  421,  497,  406,  282,  701,  288,  284,  521,  657,  294,  210,  683,  580,  484,  377,  718,  642,  405,  703,  594,  871,  676,  482,  533,  349,  536,  282,  579,  863,  542,  437,  189,  222,  701,  312,  623,  594,  308,  261,  496,  599,  100,  395,  234,  420,  846,  358,  618,  829,  142,  883,  650,  388,  439,  198,  651,  632,  675,  715,  213,  187,  554,  675,  311,  710,  655,  458,  776,  123,   48,  740,  582,  925,  599,  927,  654,  900,  521],
        [  731,    0,  493,  470,  548,  342,  394,  319,  460,  171,  432,  128,  403,  405,    0,  429,  448,   84,  223,  335,  502,   95,  607,  357,   82,  312,  281,  269,  357,   99,  298,  706,  178,  512,  347,  265,  291,  306,  368,  237,  306,  269,  410,  230,  301,  498,  640,  538,  573,  529,  537,  281,  473,  376,  118,  445,  468,  216,  363,  195,  474,  612,  248,  561,  137,  383,  125,  535,  460,  521,  418,  288,  585,  594,  193,  223,  303,  477,  218,   97,  554,  309,  449,  539,  481,  445,  269,  254,  432,  264,  481,  505,  236,  124,  573,  271,  230,  525,  418,  328,  532,  229,  412,  390,  653,  607,  190,  417,  296,  426,  337,  201,  521,  221,  524,  598,  500,  124],
        [ 1011,    0,  726,  859,  279,  182,  506,  163,  871,  581,  431,  440,  821,  719,  429,    0,  844,  430,  400,  711,  890,  523,  839,  522,  401,  730,  239,  486,  594,  346,  448, 1014,  556,  903,  206,  662,  704,  124,  226,  194,  320,  672,  416,  437,  320,  904,  998,  966,  984,  655,  737,  434,  288,  296,  367,  777,  860,  314,  115,  320,  354, 1025,  653,  989,  386,  238,  490,  956,  481,  946,  846,  683,  804,  323,  408,  315,  659,  890,  458,  360,  975,  651,  877,  918,  480,  374,  370,  544,  533,  599,  517,  903,  333,  533,  915,  235,  411,  918,   17,  733,  750,  201,  760,  488,  414, 1024,  271,  645,  598,  713,  424,  489,  497,  250,  448,  387,  554,  431],
        [  406,    0,  359,   31,  856,  700,  780,  696,   74,  403,  613,  532,  109,  220,  448,  844,    0,  502,  468,  138,   58,  369,  403,  444,  447,  157,  628,  645,  676,  504,  468,  346,  464,  514,  690,  186,  165,  722,  695,  655,  586,  406,  602,  435,  741,   70,  220,  316,  470,  514,  421,  686,  762,  659,  478,  609,  492,  542,  801,  639,  914,  482,  401,  324,  459,  702,  355,  387,  868,  346,  261,  163,  412,  889,  449,  667,  513,   89,  407,  544,  404,  215,  198,  104,  629,  880,  521,  583,  813,  260,  879,  487,  535,  419,  196,  718,  644,  511,  837,  121,  394,  654,  566,  514,  909,  457,  574,  719,  285,  266,  750,  567,  934,  668,  952,  852,  887,  534],
        [  808,    0,  575,  526,  588,  378,  313,  348,  503,  153,  502,   45,  442,  482,   84,  430,  502,    0,  299,  401,  558,  134,  689,  439,  160,  355,  326,  186,  277,  152,  376,  779,  130,  479,  387,  325,  339,  314,  412,  250,  368,  243,  480,  310,  240,  545,  704,  545,  555,  611,  620,  201,  522,  431,  187,  386,  435,  276,  346,  143,  413,  596,  224,  569,  212,  429,  206,  528,  382,  521,  429,  348,  667,  636,  270,  168,  248,  519,  300,   71,  546,  384,  473,  598,  554,  379,  339,  177,  350,  342,  402,  476,  301,  107,  642,  234,  151,  493,  417,  381,  615,  236,  357,  468,  702,  595,  232,  337,  377,  505,  259,  120,  446,  192,  454,  649,  419,   41],
        [  618,    0,  341,  477,  395,  237,  587,  240,  511,  375,  213,  341,  475,  319,  223,  400,  468,  299,    0,  331,  507,  270,  458,  155,  141,  392,  166,  477,  575,  159,   81,  616,  397,  706,  224,  305,  362,  291,  227,  242,  121,  468,  193,   37,  445,  535,  601,  669,  745,  326,  367,  472,  304,  198,  115,  663,  664,   88,  395,  345,  597,  779,  447,  689,   88,  235,  161,  690,  632,  666,  552,  321,  427,  432,   33,  371,  521,  531,   62,  267,  711,  260,  555,  529,  260,  583,   59,  475,  625,  210,  660,  694,   70,  335,  516,  370,  421,  716,  397,  374,  372,  252,  628,  170,  471,  767,  151,  635,  200,  314,  515,  418,  684,  322,  670,  413,  685,  335],
        [  425,    0,  280,  149,  719,  564,  700,  561,  189,  335,  482,  437,  173,  134,  335,  711,  138,  401,  331,    0,  180,  271,  359,  316,  320,  134,  491,  564,  615,  378,  333,  385,  394,  539,  553,   81,  114,  590,  557,  525,  448,  371,  470,  298,  635,  206,  306,  398,  526,  412,  342,  597,  626,  522,  347,  591,  509,  406,  675,  530,  808,  548,  359,  412,  326,  564,  228,  451,  780,  414,  307,   62,  355,  752,  312,  558,  473,  209,  270,  431,  470,   82,  272,  209,  502,  778,  383,  514,  735,  122,  795,  517,  398,  337,  242,  601,  550,  542,  705,   81,  320,  526,  548,  385,  776,  527,  441,  665,  152,  179,  658,  486,  844,  550,  854,  718,  808,  437],
        [  363,    0,  357,   33,  889,  741,  838,  739,  107,  460,  637,  589,  159,  231,  502,  890,   58,  558,  507,  180,    0,  425,  383,  467,  496,  215,  669,  703,  734,  554,  499,  298,  522,  558,  730,  238,  222,  769,  733,  703,  622,  463,  628,  473,  797,   74,  165,  344,  505,  518,  416,  744,  794,  693,  525,  662,  539,  584,  851,  694,  970,  514,  457,  349,  505,  738,  404,  422,  925,  380,  305,  215,  398,  920,  489,  722,  570,  114,  445,  598,  438,  249,  236,   47,  648,  936,  557,  641,  871,  297,  937,  531,  575,  476,  154,  772,  701,  555,  883,  178,  387,  703,  619,  537,  935,  487,  620,  776,  315,  271,  807,  625,  992,  721, 1009,  878,  945,  591],
        [  687,    0,  476,  393,  630,  429,  431,  408,  373,  108,  483,  166,  313,  365,   95,  523,  369,  134,  270,  271,  425,    0,  583,  378,  148,  224,  363,  296,  360,  186,  333,  654,  145,  438,  431,  193,  206,  400,  449,  331,  373,  198,  462,  265,  373,  414,  573,  445,  488,  541,  527,  326,  550,  448,  190,  401,  396,  289,  456,  272,  546,  525,  177,  468,  197,  463,  121,  445,  509,  429,  325,  216,  566,  674,  238,  299,  260,  389,  244,  181,  465,  266,  356,  465,  527,  512,  325,  255,  467,  232,  525,  428,  303,   79,  513,  357,  279,  449,  512,  248,  517,  323,  363,  423,  727,  519,  276,  416,  275,  395,  387,  218,  574,  310,  586,  671,  539,  168],
        [  188,    0,  119,  381,  719,  659, 1001,  677,  476,  673,  444,  732,  500,  228,  607,  839,  403,  689,  458,  359,  383,  583,    0,  318,  550,  490,  603,  872,  943,  595,  394,  228,  725,  895,  637,  429,  472,  744,  624,  700,  520,  725,  448,  425,  889,  455,  326,  718,  868,  224,  107,  888,  631,  560,  550,  946,  865,  542,  851,  783, 1051,  883,  710,  726,  519,  619,  484,  787, 1064,  747,  651,  417,   40,  731,  466,  811,  821,  489,  417,  690,  805,  323,  597,  359,  421, 1032,  472,  838, 1039,  352, 1087,  871,  517,  660,  252,  824,  836,  896,  840,  435,   90,  710,  903,  358,  710,  859,  609,  999,  312,  191,  942,  797, 1123,  774, 1117,  663, 1107,  729],
        [  492,    0,  206,  444,  435,  342,  738,  360,  504,  484,  171,  483,  486,  243,  357,  522,  444,  439,  155,  316,  467,  378,  318,    0,  281,  421,  285,  622,  714,  310,   79,  504,  519,  791,  322,  329,  392,  428,  311,  388,  203,  567,  163,  131,  599,  514,  521,  704,  808,  174,  219,  623,  341,  252,  264,  778,  752,  230,  536,  499,  750,  837,  547,  721,  234,  309,  257,  743,  785,  712,  598,  336,  284,  459,  174,  525,  637,  524,  140,  417,  763,  235,  580,  476,  186,  736,  156,  611,  776,  207,  813,  774,  202,  453,  432,  522,  571,  798,  522,  385,  229,  400,  739,   70,  469,  821,  301,  774,  165,  217,  668,  558,  838,  476,  823,  412,  838,  477],
        [  687,    0,  433,  464,  483,  285,  460,  269,  471,  244,  350,  203,  421,  364,   82,  401,  447,  160,  141,  320,  496,  148,  550,  281,    0,  330,  217,  342,  436,   59,  217,  669,  259,  583,  285,  263,  304,  277,  302,  210,  229,  341,  329,  151,  341,  505,  621,  583,  635,  454,  472,  345,  403,  302,   43,  526,  540,  142,  356,  235,  508,  672,  319,  605,   55,  316,   93,  590,  516,  571,  463,  285,  524,  527,  112,  263,  383,  490,  143,  141,  610,  275,  483,  528,  400,  485,  187,  335,  499,  225,  541,  574,  158,  200,  546,  288,  293,  595,  393,  333,  470,  208,  492,  309,  581,  664,  137,  496,  246,  376,  395,  279,  574,  236,  569,  525,  563,  197],
        [  538,    0,  413,  186,  786,  607,  624,  595,  149,  246,  575,  381,   92,  267,  312,  730,  157,  355,  392,  134,  215,  224,  490,  421,  330,    0,  535,  489,  520,  384,  418,  487,  308,  406,  602,   93,   31,  606,  612,  537,  513,  256,  560,  367,  594,  192,  375,  284,  396,  538,  475,  532,  696,  589,  368,  468,  376,  450,  674,  496,  766,  421,  247,  302,  357,  622,  246,  324,  713,  291,  179,   88,  488,  824,  365,  522,  362,  166,  338,  404,  345,  198,  164,  260,  604,  730,  450,  426,  657,  215,  723,  383,  450,  265,  336,  580,  491,  408,  721,   56,  454,  533,  424,  487,  859,  402,  465,  564,  260,  313,  596,  412,  779,  532,  799,  801,  731,  384],
        [  773,    0,  489,  639,  268,   73,  547,   76,  665,  452,  230,  358,  623,  484,  281,  239,  628,  326,  166,  491,  669,  363,  603,  285,  217,  535,    0,  467,  576,  183,  210,  776,  451,  792,   68,  455,  506,  147,   87,  130,   90,  550,  210,  202,  372,  692,  766,  798,  850,  431,  503,  440,  196,  115,  175,  711,  749,   87,  257,  299,  493,  888,  528,  820,  179,  104,  290,  807,  566,  788,  679,  474,  568,  313,  180,  316,  574,  685,  227,  265,  827,  424,  693,  693,  286,  491,  132,  492,  582,  373,  598,  785,   97,  404,  681,  278,  396,  805,  238,  526,  514,  148,  683,  260,  377,  881,   95,  636,  366,  476,  465,  431,  607,  245,  578,  324,  630,  349],
        [  982,    0,  759,  673,  706,  499,  137,  463,  630,  244,  670,  142,  565,  659,  269,  486,  645,  186,  477,  564,  703,  296,  872,  622,  342,  489,  467,    0,  112,  321,  556,  948,  183,  454,  516,  484,  481,  400,  544,  355,  527,  281,  648,  492,  183,  676,  859,  604,  559,  795,  805,   64,  656,  580,  363,  297,  415,  439,  377,  176,  316,  602,  273,  628,  391,  563,  389,  560,  226,  567,  504,  506,  851,  754,  451,  173,  210,  642,  484,  213,  574,  560,  566,  746,  724,  271,  511,   81,  172,  522,  235,  463,  467,  229,  805,  252,   77,  471,  470,  528,  799,  336,  289,  646,  832,  610,  379,  170,  560,  686,  121,   79,  293,  246,  322,  784,  245,  146],
        [ 1039,    0,  835,  706,  817,  611,  148,  574,  649,  280,  774,  234,  584,  723,  357,  594,  676,  277,  575,  615,  734,  360,  943,  714,  436,  520,  576,  112,    0,  423,  652,  998,  222,  390,  627,  535,  519,  511,  655,  466,  634,  278,  752,  586,  281,  697,  895,  580,  506,  885,  885,  161,  767,  689,  462,  211,  357,  543,  482,  288,  379,  548,  279,  603,  488,  674,  469,  523,  248,  537,  495,  554,  926,  866,  547,  283,  178,  658,  575,  317,  533,  624,  566,  779,  827,  331,  613,  106,  164,  592,  240,  405,  571,  284,  850,  360,  188,  408,  578,  566,  876,  448,  216,  744,  943,  561,  487,   62,  634,  754,  191,  157,  310,  357,  358,  895,  233,  241],
        [  739,    0,  478,  522,  450,  244,  429,  223,  527,  270,  352,  191,  475,  418,   99,  346,  504,  152,  159,  378,  554,  186,  595,  310,   59,  384,  183,  321,  423,    0,  239,  724,  271,  610,  249,  320,  359,  222,  270,  153,  216,  367,  330,  180,  294,  562,  678,  629,  670,  483,  513,  314,  376,  281,   47,  535,  566,  124,  298,  190,  457,  709,  346,  652,   78,  286,  151,  630,  477,  614,  509,  342,  568,  496,  137,  218,  395,  546,  180,  109,  650,  331,  533,  586,  405,  437,  191,  327,  467,  281,  503,  603,  149,  222,  603,  234,  263,  623,  337,  390,  513,  151,  504,  327,  557,  703,   92,  484,  298,  428,  358,  268,  531,  182,  522,  502,  528,  183],
        [  564,    0,  280,  472,  391,  272,  667,  285,  520,  440,  159,  419,  493,  289,  298,  448,  468,  376,   81,  333,  499,  333,  394,   79,  217,  418,  210,  556,  652,  239,    0,  570,  467,  762,  253,  326,  388,  350,  246,  310,  134,  529,  143,   69,  523,  537,  573,  701,  791,  246,  297,  552,  296,  196,  194,  732,  721,  152,  458,  425,  672,  822,  508,  719,  166,  248,  215,  730,  711,  703,  589,  338,  361,  421,  106,  450,  590,  540,   91,  347,  751,  254,  581,  514,  196,  659,   79,  551,  705,  213,  739,  747,  124,  404,  485,  445,  501,  771,  447,  390,  306,  322,  695,   93,  445,  809,  223,  713,  185,  273,  595,  496,  763,  398,  746,  386,  765,  413],
        [   78,    0,  304,  315,  929,  841, 1084,  852,  405,  718,  653,  818,  454,  307,  706, 1014,  346,  779,  616,  385,  298,  654,  228,  504,  669,  487,  776,  948,  998,  724,  570,    0,  778,  856,  822,  466,  482,  907,  813,  853,  703,  742,  654,  580, 1005,  366,  157,  634,  800,  448,  325,  978,  837,  755,  683,  952,  837,  703, 1007,  898, 1176,  804,  733,  634,  654,  812,  585,  716, 1161,  673,  603,  445,  265,  946,  614,  927,  848,  409,  562,  800,  730,  399,  533,  254,  638, 1150,  646,  898, 1119,  446, 1178,  829,  683,  721,  152,  957,  930,  853, 1012,  435,  299,  859,  908,  557,  932,  776,  761, 1047,  428,  303, 1038,  870, 1224,  905, 1230,  882, 1192,  818],
        [  818,    0,  619,  492,  716,  506,  318,  477,  447,   62,  608,  118,  382,  502,  178,  556,  464,  130,  397,  394,  522,  145,  725,  519,  259,  308,  451,  183,  222,  271,  467,  778,    0,  350,  514,  314,  302,  443,  538,  379,  483,  120,  587,  399,  321,  493,  680,  439,  430,  684,  672,  233,  646,  552,  296,  267,  306,  392,  465,  249,  483,  472,  104,  464,  313,  554,  263,  411,  408,  409,  330,  333,  709,  763,  365,  266,  126,  459,  381,  200,  428,  404,  387,  566,  656,  441,  446,  121,  350,  375,  417,  348,  413,   67,  631,  345,  202,  364,  542,  349,  661,  365,  234,  559,  827,  473,  357,  275,  419,  535,  297,  110,  476,  311,  501,  773,  424,  127],
        [  919,    0,  817,  543, 1059,  851,  538,  824,  452,  341,  917,  464,  406,  673,  512,  903,  514,  479,  706,  539,  558,  438,  895,  791,  583,  406,  792,  454,  390,  610,  762,  856,  350,    0,  858,  482,  428,  792,  879,  728,  811,  244,  897,  696,  633,  494,  714,  259,  122,  932,  879,  518,  984,  884,  625,  192,   44,  724,  806,  588,  764,  161,  265,  274,  634,  895,  548,  174,  637,  209,  254,  487,  893, 1105,  674,  599,  249,  449,  671,  549,  174,  596,  326,  603,  958,  716,  762,  377,  551,  597,  627,   29,  740,  389,  709,  682,  513,   19,  889,  461,  859,  714,  175,  847, 1163,  180,  700,  388,  646,  718,  568,  421,  698,  655,  748, 1107,  613,  473],
        [  813,    0,  527,  701,  202,   27,  585,   63,  730,  518,  228,  416,  689,  537,  347,  206,  690,  387,  224,  553,  730,  431,  637,  322,  285,  602,   68,  516,  627,  249,  253,  822,  514,  858,    0,  520,  573,  150,   31,  164,  120,  615,  212,  259,  403,  756,  820,  866,  918,  450,  534,  484,  140,   94,  243,  771,  814,  153,  255,  343,  504,  956,  594,  888,  246,   50,  357,  874,  594,  856,  747,  539,  601,  249,  243,  356,  635,  750,  285,  323,  894,  483,  761,  752,  281,  508,  179,  547,  619,  433,  628,  851,  156,  470,  734,  305,  442,  871,  210,  591,  548,  183,  744,  283,  318,  949,  159,  686,  422,  524,  501,  486,  628,  282,  593,  269,  661,  407],
        [  505,    0,  339,  206,  699,  527,  620,  519,  212,  255,  483,  359,  170,  201,  265,  662,  186,  325,  305,   81,  238,  193,  429,  329,  263,   93,  455,  484,  535,  320,  326,  466,  314,  482,  520,    0,   63,  539,  528,  472,  425,  297,  468,  277,  562,  243,  380,  377,  484,  452,  399,  518,  608,  502,  295,  518,  448,  369,  616,  458,  735,  510,  283,  394,  280,  537,  172,  415,  701,  383,  270,   24,  420,  736,  280,  486,  395,  231,  248,  361,  435,  114,  256,  275,  511,  703,  362,  433,  655,  122,  716,  462,  366,  257,  321,  534,  472,  487,  654,   72,  381,  470,  475,  394,  769,  493,  393,  585,  169,  242,  580,  406,  766,  483,  778,  710,  728,  360],
        [  530,    0,  390,  192,  756,  578,  617,  568,  170,  241,  545,  367,  117,  247,  291,  704,  165,  339,  362,  114,  222,  206,  472,  392,  304,   31,  506,  481,  519,  359,  388,  482,  302,  428,  573,   63,    0,  580,  583,  512,  483,  262,  530,  336,  578,  209,  379,  314,  423,  512,  452,  522,  666,  559,  341,  479,  396,  421,  651,  478,  751,  449,  252,  332,  329,  593,  218,  353,  703,  321,  208,   61,  468,  794,  336,  505,  366,  188,  307,  384,  373,  172,  194,  265,  574,  716,  420,  422,  651,  185,  716,  406,  421,  254,  333,  560,  479,  431,  696,   48,  432,  508,  436,  457,  829,  431,  438,  565,  231,  291,  585,  403,  770,  511,  787,  770,  725,  370],
        [  909,    0,  628,  737,  310,  125,  448,   87,  748,  463,  371,  330,  697,  606,  306,  124,  722,  314,  291,  590,  769,  400,  744,  428,  277,  606,  147,  400,  511,  222,  350,  907,  443,  792,  150,  539,  580,    0,  180,   70,  236,  557,  352,  328,  261,  781,  882,  844,  868,  578,  646,  357,  279,  241,  245,  678,  748,  205,  111,  224,  355,  908,  537,  867,  265,  197,  368,  837,  448,  825,  724,  561,  710,  359,  294,  229,  553,  767,  346,  244,  856,  533,  753,  798,  425,  359,  272,  446,  480,  481,  483,  790,  228,  415,  800,  163,  323,  807,  116,  609,  656,   79,  657,  406,  442,  906,  150,  566,  484,  605,  364,  388,  480,  154,  444,  401,  517,  320],
        [  802,    0,  516,  704,  182,   55,  615,   93,  737,  538,  205,  442,  698,  534,  368,  226,  695,  412,  227,  557,  733,  449,  624,  311,  302,  612,   87,  544,  655,  270,  246,  813,  538,  879,   31,  528,  583,  180,    0,  194,  114,  636,  190,  261,  433,  761,  818,  880,  936,  431,  520,  513,  112,   70,  260,  796,  835,  164,  282,  372,  533,  973,  615,  902,  260,   20,  369,  891,  624,  871,  761,  546,  587,  227,  249,  385,  660,  757,  288,  349,  911,  485,  773,  753,  256,  538,  177,  574,  649,  436,  658,  872,  163,  491,  730,  335,  471,  892,  232,  599,  535,  213,  768,  268,  292,  966,  181,  714,  421,  519,  531,  513,  658,  311,  622,  241,  691,  433],
        [  859,    0,  582,  672,  352,  145,  422,  108,  680,  396,  359,  269,  628,  549,  237,  194,  655,  250,  242,  525,  703,  331,  700,  388,  210,  537,  130,  355,  466,  153,  310,  853,  379,  728,  164,  472,  512,   70,  194,    0,  214,  491,  338,  277,  243,  714,  821,  775,  801,  548,  606,  320,  303,  241,  179,  622,  684,  158,  155,  180,  368,  841,  470,  798,  203,  213,  301,  769,  436,  756,  655,  494,  668,  401,  239,  192,  493,  698,  291,  180,  788,  472,  683,  734,  415,  363,  235,  393,  457,  420,  469,  725,  186,  347,  741,  149,  280,  742,  184,  542,  613,   20,  599,  377,  478,  839,   92,  524,  427,  551,  339,  333,  477,  119,  450,  431,  501,  260],
        [  694,    0,  409,  594,  274,  140,  619,  160,  631,  473,  147,  405,  595,  421,  306,  320,  586,  368,  121,  448,  622,  373,  520,  203,  229,  513,   90,  527,  634,  216,  134,  703,  483,  811,  120,  425,  483,  236,  114,  214,    0,  569,  126,  151,  452,  653,  705,  788,  857,  342,  418,  509,  184,   78,  189,  749,  768,   92,  347,  369,  581,  892,  547,  808,  177,  117,  276,  806,  646,  783,  670,  442,  484,  312,  148,  389,  608,  651,  180,  317,  826,  374,  675,  641,  203,  576,   66,  542,  656,  327,  677,  801,   72,  428,  617,  362,  461,  822,  321,  495,  431,  231,  717,  171,  356,  882,  151,  694,  309,  406,  539,  481,  690,  324,  663,  298,  707,  397],
        [  791,    0,  630,  437,  817,  609,  405,  583,  373,   98,  680,  238,  309,  497,  269,  672,  406,  243,  468,  371,  463,  198,  725,  567,  341,  256,  550,  281,  278,  367,  529,  742,  120,  244,  615,  297,  262,  557,  636,  491,  569,    0,  660,  461,  437,  421,  626,  325,  312,  721,  688,  340,  741,  642,  382,  222,  200,  481,  584,  368,  593,  353,   22,  349,  393,  652,  314,  291,  502,  291,  223,  310,  715,  862,  436,  386,  108,  381,  439,  314,  308,  405,  290,  509,  724,  549,  523,  204,  431,  391,  505,  237,  498,  146,  591,  464,  316,  256,  659,  308,  672,  478,  180,  617,  921,  354,  457,  315,  440,  536,  401,  220,  569,  430,  603,  865,  505,  246],
        [  632,    0,  350,  603,  277,  238,  743,  268,  658,  567,   22,  520,  633,  406,  410,  416,  602,  480,  193,  470,  628,  462,  448,  163,  329,  560,  210,  648,  752,  330,  143,  654,  587,  897,  212,  468,  530,  352,  190,  338,  126,  660,    0,  203,  577,  672,  683,  843,  931,  243,  342,  632,  184,  121,  294,  854,  856,  210,  461,  493,  703,  963,  639,  861,  274,  180,  350,  872,  771,  845,  730,  479,  410,  298,  225,  514,  711,  678,  229,  436,  893,  389,  723,  638,   78,  700,  142,  656,  780,  352,  802,  884,  182,  527,  593,  486,  583,  907,  421,  531,  362,  355,  819,   98,  308,  950,  275,  813,  318,  379,  664,  597,  814,  449,  787,  250,  832,  513],
        [  583,    0,  308,  444,  424,  273,  607,  277,  481,  372,  221,  353,  447,  282,  230,  437,  435,  310,   37,  298,  473,  265,  425,  131,  151,  367,  202,  492,  586,  180,   69,  580,  399,  696,  259,  277,  336,  328,  261,  277,  151,  461,  203,    0,  471,  502,  564,  646,  729,  305,  337,  492,  331,  226,  134,  663,  655,  124,  430,  369,  627,  762,  440,  666,  103,  267,  149,  671,  656,  645,  532,  292,  395,  460,   44,  396,  521,  501,   30,  286,  692,  225,  530,  493,  263,  611,   86,  484,  645,  176,  683,  682,  106,  335,  479,  400,  440,  705,  434,  345,  340,  285,  626,  161,  494,  749,  185,  646,  164,  278,  537,  429,  710,  351,  698,  435,  707,  348],
        [ 1026,    0,  771,  765,  569,  381,  189,  342,  742,  370,  598,  216,  680,  701,  301,  320,  741,  240,  445,  635,  797,  373,  889,  599,  341,  594,  372,  183,  281,  294,  523, 1005,  321,  633,  403,  562,  578,  261,  433,  243,  452,  437,  577,  471,    0,  785,  940,  760,  733,  769,  806,  122,  538,  484,  340,  479,  593,  378,  206,  108,  174,  776,  423,  784,  372,  452,  420,  726,  194,  727,  650,  585,  862,  618,  428,   79,  386,  757,  474,  206,  742,  607,  702,  836,  655,  145,  458,  257,  220,  561,  227,  640,  409,  335,  874,   99,  123,  650,  304,  620,  807,  225,  471,  603,  703,  782,  307,  327,  586,  717,  105,  219,  241,  129,  228,  662,  259,  211],
        [  434,    0,  422,   78,  925,  765,  810,  759,   48,  432,  683,  572,  113,  288,  498,  904,   70,  545,  535,  206,   74,  414,  455,  514,  505,  192,  692,  676,  697,  562,  537,  366,  493,  494,  756,  243,  209,  781,  761,  714,  653,  421,  672,  502,  785,    0,  222,  272,  435,  580,  482,  722,  831,  727,  538,  608,  477,  606,  856,  686,  957,  442,  418,  275,  521,  768,  414,  351,  901,  309,  242,  221,  468,  957,  514,  712,  527,   45,  474,  592,  366,  284,  168,  112,  698,  921,  588,  609,  841,  327,  910,  466,  600,  455,  226,  768,  682,  489,  896,  173,  454,  712,  566,  584,  979,  415,  635,  735,  354,  331,  785,  600,  967,  719,  989,  921,  915,  575],
        [  233,    0,  353,  190,  956,  835,  995,  840,  265,  619,  687,  738,  323,  284,  640,  998,  220,  704,  601,  306,  165,  573,  326,  521,  621,  375,  766,  859,  895,  678,  573,  157,  680,  714,  820,  380,  379,  882,  818,  821,  705,  626,  683,  564,  940,  222,    0,  482,  650,  517,  397,  897,  861,  768,  643,  825,  698,  685,  973,  835, 1114,  652,  620,  481,  618,  820,  530,  567, 1079,  524,  463,  357,  354,  980,  590,  863,  733,  266,  541,  737,  580,  350,  389,  118,  684, 1083,  642,  800, 1029,  401, 1093,  686,  670,  631,   91,  905,  851,  709,  993,  331,  367,  823,  783,  586,  981,  624,  732,  938,  401,  305,  959,  780, 1145,  854, 1158,  926, 1102,  740],
        [  704,    0,  667,  340, 1058,  867,  720,  850,  244,  395,  858,  552,  227,  521,  538,  966,  316,  545,  669,  398,  344,  445,  718,  704,  583,  284,  798,  604,  580,  629,  701,  634,  439,  259,  866,  377,  314,  844,  880,  775,  788,  325,  843,  646,  760,  272,  482,    0,  170,  810,  729,  663,  971,  865,  625,  425,  261,  716,  890,  683,  917,  171,  337,   25,  621,  892,  513,   89,  819,   51,  121,  368,  726, 1099,  640,  703,  404,  232,  618,  611,   99,  474,  127,  383,  887,  873,  727,  525,  742,  497,  817,  231,  722,  439,  497,  778,  640,  249,  955,  321,  704,  766,  391,  770, 1139,  144,  718,  599,  540,  568,  724,  544,  885,  737,  923, 1081,  812,  559],
        [  868,    0,  804,  496, 1117,  914,  653,  891,  401,  406,  949,  548,  368,  657,  573,  984,  470,  555,  745,  526,  505,  488,  868,  808,  635,  396,  850,  559,  506,  670,  791,  800,  430,  122,  918,  484,  423,  868,  936,  801,  857,  312,  931,  729,  733,  435,  650,  170,    0,  934,  866,  622, 1036,  933,  677,  313,  150,  776,  894,  676,  873,   43,  332,  177,  682,  951,  584,   84,  753,  127,  220,  483,  871, 1161,  713,  691,  349,  392,  702,  625,   72,  594,  273,  546,  985,  826,  803,  480,  668,  605,  744,  102,  787,  455,  659,  772,  612,  106,  971,  445,  843,  789,  292,  870, 1212,   58,  761,  508,  652,  703,  676,  516,  815,  740,  862, 1155,  732,  556],
        [  411,    0,  166,  503,  502,  474,  911,  500,  583,  646,  233,  655,  583,  294,  529,  655,  514,  611,  326,  412,  518,  541,  224,  174,  454,  538,  431,  795,  885,  483,  246,  448,  684,  932,  450,  452,  512,  578,  431,  548,  342,  721,  243,  305,  769,  580,  517,  810,  934,    0,  124,  796,  418,  362,  437,  938,  896,  394,  688,  671,  914,  958,  702,  823,  407,  422,  422,  861,  957,  826,  716,  452,  185,  510,  347,  696,  800,  601,  312,  590,  881,  341,  683,  511,  201,  904,  314,  781,  949,  336,  985,  913,  364,  618,  430,  688,  744,  937,  659,  491,  152,  562,  897,  172,  487,  939,  466,  945,  286,  249,  840,  730, 1009,  643,  991,  440, 1010,  650],
        [  293,    0,   63,  405,  613,  557,  930,  577,  493,  625,  337,  664,  503,  210,  537,  737,  421,  620,  367,  342,  416,  527,  107,  219,  472,  475,  503,  805,  885,  513,  297,  325,  672,  879,  534,  399,  452,  646,  520,  606,  418,  688,  342,  337,  806,  482,  397,  729,  866,  124,    0,  816,  525,  455,  467,  909,  846,  448,  755,  703,  963,  886,  671,  740,  435,  514,  417,  789,  987,  751,  647,  392,   68,  626,  379,  730,  777,  509,  333,  613,  808,  286,  604,  402,  316,  947,  374,  779,  968,  300, 1012,  857,  420,  605,  312,  736,  763,  882,  739,  422,   30,  617,  867,  253,  608,  864,  517,  942,  253,  163,  866,  733, 1043,  687, 1033,  559, 1034,  660],
        [ 1008,    0,  773,  713,  666,  465,  116,  427,  677,  292,  654,  161,  612,  683,  281,  434,  686,  201,  472,  597,  744,  326,  888,  623,  345,  532,  440,   64,  161,  314,  552,  978,  233,  518,  484,  518,  522,  357,  513,  320,  509,  340,  632,  492,  122,  722,  897,  663,  622,  796,  816,    0,  623,  554,  359,  359,  479,  423,  322,  142,  255,  665,  330,  687,  389,  532,  405,  622,  183,  628,  560,  541,  865,  715,  449,  129,  274,  690,  487,  206,  636,  584,  620,  786,  709,  210,  500,  143,  154,  543,  201,  526,  453,  268,  838,  201,   53,  535,  418,  567,  812,  301,  352,  640,  796,  673,  358,  211,  577,  706,   64,  124,  249,  205,  269,  750,  219,  162],
