{
    "name": "random-88-6593",
    "comment": "size=88 seed=6593",
    "nodes": ["+0", "-0", "+1", "-1", "+2", "-2", "+3", "-3", "+4", "-4", "+5", "-5", "+6", "-6", "+7", "-7", "+8", "-8", "+9", "-9", "+10", "-10", "+11", "-11", "+12", "-12", "+13", "-13", "+14", "-14", "+15", "-15", "+16", "-16", "+17", "-17", "+18", "-18", "+19", "-19", "+20", "-20", "+21", "-21", "+22", "-22", "+23", "-23", "+24", "-24", "+25", "-25", "+26", "-26", "+27", "-27", "+28", "-28", "+29", "-29", "+30", "-30", "+31", "-31", "+32", "-32", "+33", "-33", "+34", "-34", "+35", "-35", "+36", "-36", "+37", "-37", "+38", "-38", "+39", "-39", "+40", "-40", "+41", "-41", "+42", "-42", "+43", "-43", "+44", "-44", "+45", "-45", "+46", "-46", "+47", "-47", "+48", "-48", "+49", "-49", "+50", "-50", "+51", "-51", "+52", "-52", "+53", "-53", "+54", "-54", "+55", "-55", "+56", "-56", "+57", "-57", "+58", "-58", "+59", "-59", "+60", "-60", "+61", "-61", "+62", "-62", "+63", "-63", "+64", "-64", "+65", "-65", "+66", "-66", "+67", "-67", "+68", "-68", "+69", "-69", "+70", "-70", "+71", "-71", "+72", "-72", "+73", "-73", "+74", "-74", "+75", "-75", "+76", "-76", "+77", "-77", "+78", "-78", "+79", "-79", "+80", "-80", "+81", "-81", "+82", "-82", "+83", "-83", "+84", "-84", "+85", "-85", "+86", "-86", "+87", "-87", "+88", "-88"],
    "precedence": {
        "+0": "-0",
        "+1": "-1",
        "+2": "-2",
        "+3": "-3",
        "+4": "-4",
        "+5": "-5",
        "+6": "-6",
        "+7": "-7",
        "+8": "-8",
        "+9": "-9",
        "+10": "-10",
        "+11": "-11",
        "+12": "-12",
        "+13": "-13",
        "+14": "-14",
        "+15": "-15",
        "+16": "-16",
        "+17": "-17",
        "+18": "-18",
        "+19": "-19",
        "+20": "-20",
        "+21": "-21",
        "+22": "-22",
        "+23": "-23",
        "+24": "-24",
        "+25": "-25",
        "+26": "-26",
        "+27": "-27",
        "+28": "-28",
        "+29": "-29",
        "+30": "-30",
        "+31": "-31",
        "+32": "-32",
        "+33": "-33",
        "+34": "-34",
        "+35": "-35",
        "+36": "-36",
        "+37": "-37",
        "+38": "-38",
        "+39": "-39",
        "+40": "-40",
        "+41": "-41",
        "+42": "-42",
        "+43": "-43",
        "+44": "-44",
        "+45": "-45",
        "+46": "-46",
        "+47": "-47",
        "+48": "-48",
        "+49": "-49",
        "+50": "-50",
        "+51": "-51",
        "+52": "-52",
        "+53": "-53",
        "+54": "-54",
        "+55": "-55",
        "+56": "-56",
        "+57": "-57",
        "+58": "-58",
        "+59": "-59",
        "+60": "-60",
        "+61": "-61",
        "+62": "-62",
        "+63": "-63",
        "+64": "-64",
        "+65": "-65",
        "+66": "-66",
        "+67": "-67",
        "+68": "-68",
        "+69": "-69",
        "+70": "-70",
        "+71": "-71",
        "+72": "-72",
        "+73": "-73",
        "+74": "-74",
        "+75": "-75",
        "+76": "-76",
        "+77": "-77",
        "+78": "-78",
        "+79": "-79",
        "+80": "-80",
        "+81": "-81",
        "+82": "-82",
        "+83": "-83",
        "+84": "-84",
        "+85": "-85",
        "+86": "-86",
        "+87": "-87",
        "+88": "-88"
    },
    "edges": [
        [    0,    0,  327,  651,  486,  313,  674,  248,  242,  619,  621,  516,  453,  103,  554,  330,  344,  646,   61,  178,  468,  500,  251,  458,  458,  456,  525,  534,  430,  539,  702,  290,  622,  671,  231,  453,  673,  139,  649,  504,  390,  719,  417,  199,  226,  510,  277,  390,  475,  313,  189,  195,  418,  721,  793,  436,  230,  492,  413,  253,  484,  406,  166,  330,  467,  288,  229,  589,  525,  278,  636,  421,  282,  490,  534,  329,  227,  445,  732,  359,  227,  365,  486,  272,  373,  551,  284,  236,  475,  479,  387,  298,  643,  274,  374,  579,  685,  461,  412,  495,  595,  249,  290,  240,  444,  624,  293,  144,  151,  116,  253,  466,  795,  496,  354,  785,  498,  607,  414,  511,  547,  571,  189,  638,  255,  610,  239,  223,  668,   70,  865,  300,  660,  209,  217,  286,  726,  383,  432,  346,  443,  174,  340,  377,  632,  460,  535,  284,  336,  125,  603,  572,  188,   73,  323,  644,  456,  183,  215,  435,  492,  145,  286,  388,  601,  702,  516,  191,  636,  374,  496,  544,  368,  852,  462,  168,  202,  284],
        [    0,    0,    0,    0,    0,    0,    0,    0,    0,    0,    0,    0,    0,    0,    0,    0,    0,    0,    0,    0,    0,    0,    0,    0,    0,    0,    0,    0,    0,    0,    0,    0,    0,    0,    0,    0,    0,    0,    0,    0,    0,    0,    0,    0,    0,    0,    0,    0,    0,    0,    0,    0,    0,    0,    0,    0,    0,    0,    0,    0,    0,    0,    0,    0,    0,    0,    0,    0,    0,    0,    0,    0,    0,    0,    0,    0,    0,    0,    0,    0,    0,    0,    0,    0,    0,    0,    0,    0,    0,    0,    0,    0,    0,    0,    0,    0,    0,    0,    0,    0,    0,    0,    0,    0,    0,    0,    0,    0,    0,    0,    0,    0,    0,    0,    0,    0,    0,    0,    0,    0,    0,    0,    0,    0,    0,    0,    0,    0,    0,    0,    0,    0,    0,    0,    0,    0,    0,    0,    0,    0,    0,    0,    0,    0,    0,    0,    0,    0,    0,    0,    0,    0,    0,    0,    0,    0,    0,    0,    0,    0,    0,    0,    0,    0,    0,    0,    0,    0,    0,    0,    0,    0,    0,    0,    0,    0,    0,    0],
        [  327,    0,    0,  402,  162,  177,  691,  426,  449,  446,  437,  287,  140,  401,  743,  649,  223,  438,  344,  338,  231,  671,  551,  131,  424,  358,  808,  241,  545,  354,  693,  596,  831,  703,  544,  756,  503,  405,  397,  264,  459,  825,  116,  159,  160,  184,  127,  500,  406,  246,  219,  517,  665,  662,  978,  359,  153,  569,  708,  189,  599,  732,  492,  481,  396,  488,  326,  623,  772,  278,  392,  613,  305,  575,  472,   48,  107,  734,  574,  179,  539,  683,  310,  564,  667,  255,  439,  519,  760,  793,  524,  624,  867,  459,  461,  401,  455,  581,  728,  762,  363,  287,  267,  143,  143,  371,  148,  396,  436,  230,  373,  147,  990,  307,  678,  582,  595,  763,  740,  198,  593,  820,  513,  422,  522,  662,  544,  532,  702,  275,  688,   37,  879,  247,  404,  560,  871,  166,  758,  148,  717,  497,  637,  700,  768,  606,  223,  512,  642,  212,  727,  718,  327,  273,   62,  641,  172,  420,  432,  735,  262,  468,  612,  287,  805,  719,  653,  471,  658,  656,  186,  442,  684,  684,  163,  161,  521,  609],
        [  651,    0,  402,    0,  299,  339,  552,  818,  835,  160,  140,  136,  278,  678,  800,  909,  316,   94,  693,  725,  556,  724,  901,  339,  365,  281,  979,  483,  583,  151,  521,  837,  893,  580,  881,  966,  186,  653,   10,  573,  495,  759,  288,  456,  426,  318,  379,  556,  318,  645,  466,  841,  811,  436,  986,  310,  423,  552,  912,  401,  613, 1034,  793,  589,  314,  878,  723,  531,  896,  680,   19,  710,  430,  564,  338,  442,  491,  925,  246,  293,  877,  935,  657,  920,  877,  481,  835,  880,  941, 1127,  596,  926,  945,  851,  515,  150,   65,  607, 1059,  916,  644,  688,  395,  415,  438,   32,  548,  638,  792,  596,  522,  287, 1009,  172,  946,  199,  590,  773, 1019,  418,  529,  940,  834,   76,  730,  577,  890,  789,  581,  627,  316,  401,  947,  644,  791,  764,  843,  536, 1055,  308,  887,  819,  855, 1015,  753,  652,  426,  682,  986,  575,  708,  729,  532,  579,  458,  496,  475,  637,  814, 1085,  581,  792,  903,  301,  866,  572,  673,  832,  537,  850,  242,  273,  931,  320,  246,  508,  795,  892],
        [  486,    0,  162,  299,    0,  255,  720,  579,  605,  395,  381,  229,   53,  553,  844,  802,  281,  363,  506,  494,  258,  768,  712,   43,  461,  376,  943,  194,  631,  314,  709,  744,  935,  739,  706,  899,  447,  550,  291,  276,  537,  886,   89,  302,  290,   37,  239,  589,  429,  369,  350,  678,  790,  655, 1068,  389,  282,  636,  850,  298,  679,  892,  649,  587,  420,  641,  475,  666,  893,  414,  295,  722,  400,  645,  486,  180,  269,  873,  518,  223,  700,  835,  359,  726,  809,  197,  587,  680,  897,  954,  620,  783,  977,  611,  546,  356,  361,  664,  889,  892,  354,  430,  356,  271,  140,  268,  280,  538,  597,  392,  485,   30, 1084,  278,  832,  495,  668,  848,  896,  127,  645,  941,  673,  344,  660,  710,  705,  683,  738,  437,  611,  186,  986,  398,  559,  698,  946,  245,  917,  205,  850,  657,  780,  861,  845,  697,  143,  639,  803,  374,  801,  802,  454,  427,  194,  665,  176,  557,  589,  896,  283,  628,  769,  327,  908,  746,  738,  632,  692,  794,   60,  438,  835,  612,   80,  319,  674,  765],
        [  313,    0,  177,  339,  255,    0,  515,  501,  513,  320,  318,  204,  204,  343,  590,  584,   51,  337,  357,  408,  407,  515,  563,  252,  248,  192,  697,  404,  381,  233,  519,  518,  681,  527,  542,  664,  378,  325,  338,  440,  290,  652,  166,  123,   91,  290,   62,  338,  235,  390,  128,  502,  540,  496,  818,  187,   89,  396,  612,   62,  432,  700,  456,  333,  225,  559,  421,  447,  641,  403,  324,  468,  146,  403,  302,  221,  200,  631,  443,   49,  539,  614,  484,  583,  573,  415,  526,  544,  653,  788,  367,  591,  723,  534,  295,  277,  374,  415,  720,  643,  538,  399,  102,   85,  310,  313,  298,  311,  457,  272,  232,  225,  833,  187,  619,  480,  425,  600,  690,  348,  418,  689,  495,  327,  422,  486,  551,  463,  526,  295,  570,  146,  732,  348,  472,  459,  703,  340,  722,   51,  604,  481,  546,  678,  600,  445,  372,  392,  648,  252,  558,  554,  213,  240,  232,  467,  344,  320,  490,  747,  438,  453,  569,  116,  654,  543,  489,  497,  482,  553,  232,  282,  612,  561,  193,  185,  464,  560],
        [  674,    0,  691,  552,  720,  515,    0,  920,  915,  394,  413,  510,  670,  616,  373,  718,  468,  462,  735,  841,  920,  327,  872,  737,  268,  345,  639,  902,  270,  430,   57,  643,  445,   34,  832,  686,  385,  567,  560,  952,  285,  222,  644,  593,  567,  755,  572,  296,  292,  888,  541,  781,  496,  160,  472,  336,  571,  194,  639,  523,  238,  880,  711,  366,  302,  961,  876,   87,  519,  887,  537,  380,  419,  201,  235,  736,  698,  630,  366,  518,  833,  725,  999,  900,  624,  910,  955,  882,  626, 1013,  317,  800,  501,  948,  302,  407,  515,  255,  953,  573, 1048,  872,  441,  575,  816,  557,  805,  553,  811,  715,  422,  691,  501,  451,  758,  480,  208,  302,  828,  839,  130,  546,  770,  478,  539,   87,  856,  640,   37,  708,  455,  660,  493,  820,  889,  551,  321,  855,  886,  547,  575,  764,  623,  887,  260,  290,  859,  470,  925,  701,  227,  275,  488,  622,  746,   57,  852,  521,  889, 1015,  951,  751,  764,  406,  423,   29,  260,  848,   39,  585,  670,  291,  716,  430,  641,  654,  670,  745],
        [  248,    0,  426,  818,  579,  501,  920,    0,   37,  821,  819,  689,  566,  328,  782,  452,  545,  834,  188,   94,  439,  736,  211,  540,  693,  676,  692,  539,  676,  733,  946,  453,  839,  918,  239,  599,  878,  375,  813,  466,  636,  962,  541,  379,  412,  590,  447,  637,  703,  243,  403,  256,  625,  958, 1014,  660,  413,  739,  576,  453,  729,  436,  297,  576,  694,   63,  108,  835,  725,  186,  805,  653,  516,  737,  766,  400,  327,  611,  943,  539,  231,  486,  403,  204,  540,  557,   40,  162,  644,  433,  632,  361,  850,   34,  621,  778,  863,  707,  382,  680,  530,  158,  513,  417,  480,  787,  305,  384,  147,  230,  499,  571, 1012,  686,  455,  979,  744,  843,  482,  547,  794,  765,  262,  822,  469,  857,  216,  396,  915,  219, 1071,  419,  870,  181,   32,  489,  962,  376,  466,  516,  628,  252,  510,  390,  872,  702,  566,  515,  286,  250,  845,  811,  433,  302,  386,  888,  471,  422,   48,  355,  450,  238,  374,  601,  821,  948,  758,  139,  882,  556,  612,  767,  494, 1061,  589,  317,  360,  386],
        [  242,    0,  449,  835,  605,  513,  915,   37,    0,  832,  831,  705,  589,  313,  762,  421,  555,  848,  181,  112,  474,  719,  174,  566,  695,  682,  663,  572,  666,  745,  943,  426,  817,  911,  205,  568,  889,  362,  831,  501,  631,  949,  563,  390,  423,  617,  461,  629,  707,  278,  409,  225,  603,  959,  992,  665,  424,  731,  547,  462,  718,  400,  271,  565,  698,   48,  139,  830,  700,  220,  822,  636,  517,  729,  769,  425,  347,  582,  952,  553,  197,  454,  439,  167,  513,  590,   69,  125,  615,  396,  621,  327,  826,   38,  614,  790,  879,  696,  345,  653,  566,  190,  518,  430,  510,  805,  334,  371,  122,  242,  494,  595,  989,  699,  422,  992,  735,  826,  447,  578,  788,  739,  232,  837,  449,  849,  180,  371,  908,  223, 1082,  440,  846,  208,   47,  467,  945,  408,  430,  531,  601,  223,  483,  353,  857,  689,  598,  498,  249,  263,  832,  796,  429,  302,  412,  885,  503,  409,   27,  319,  485,  212,  342,  609,  800,  943,  744,  107,  877,  530,  635,  773,  462, 1071,  610,  331,  334,  355],
        [  619,    0,  446,  160,  395,  320,  394,  821,  832,    0,   20,  168,  357,  621,  664,  830,  279,   70,  670,  728,  643,  591,  867,  427,  237,  176,  866,  589,  455,   93,  362,  754,  756,  422,  841,  868,   58,  588,  168,  666,  375,  604,  350,  443,  410,  424,  376,  435,  192,  689,  431,  796,  699,  280,  836,  204,  409,  412,  813,  372,  477,  970,  739,  481,  193,  878,  739,  377,  772,  713,  146,  589,  357,  425,  191,  492,  510,  822,  129,  286,  838,  853,  739,  890,  782,  591,  845,  855,  833, 1076,  475,  866,  809,  854,  398,   45,  126,  474, 1009,  801,  748,  713,  334,  405,  524,  169,  591,  572,  768,  592,  438,  373,  861,  140,  870,  168,  450,  628,  944,  522,  380,  814,  787,   85,  642,  423,  854,  716,  423,  612,  251,  431,  809,  664,  792,  673,  691,  603,  987,  312,  778,  774,  764,  957,  604,  520,  535,  586,  947,  572,  560,  586,  465,  547,  507,  338,  562,  562,  809, 1046,  670,  750,  838,  232,  728,  413,  534,  809,  380,  751,  337,  129,  848,  242,  323,  505,  729,  825],
        [  621,    0,  437,  140,  381,  318,  413,  819,  831,   20,    0,  156,  344,  626,  680,  838,  278,   51,  670,  726,  630,  607,  870,  413,  251,  185,  879,  574,  470,   87,  382,  763,  772,  442,  844,  879,   68,  594,  148,  652,  388,  623,  338,  441,  408,  409,  373,  448,  205,  681,  432,  799,  712,  300,  855,  214,  407,  429,  824,  372,  493,  977,  743,  492,  205,  876,  735,  396,  787,  706,  126,  603,  362,  441,  209,  483,  505,  833,  140,  281,  841,  862,  727,  892,  792,  575,  842,  856,  846, 1081,  489,  872,  825,  852,  411,   42,  108,  490, 1014,  814,  734,  707,  338,  402,  511,  149,  583,  577,  769,  589,  446,  360,  879,  134,  878,  165,  467,  646,  952,  507,  398,  829,  791,   65,  651,  442,  857,  723,  443,  612,  255,  424,  826,  659,  790,  682,  710,  592,  994,  307,  791,  778,  774,  963,  622,  536,  520,  596,  950,  569,  578,  603,  471,  548,  498,  357,  549,  569,  807, 1050,  657,  753,  844,  236,  745,  433,  551,  810,  400,  762,  322,  145,  857,  248,  309,  502,  735,  831],
        [  516,    0,  287,  136,  229,  204,  510,  689,  705,  168,  156,    0,  190,  543,  703,  777,  182,  151,  558,  596,  475,  626,  765,  260,  276,  183,  860,  423,  483,   86,  491,  706,  797,  532,  745,  841,  223,  520,  135,  498,  389,  697,  183,  321,  291,  260,  245,  449,  233,  532,  331,  705,  695,  429,  906,  208,  288,  465,  787,  265,  521,  900,  657,  473,  226,  748,  598,  469,  785,  562,  121,  601,  303,  477,  277,  331,  365,  802,  295,  157,  742,  804,  572,  785,  751,  426,  708,  745,  820,  991,  487,  791,  845,  722,  406,  127,  175,  511,  923,  800,  582,  566,  264,  280,  356,  111,  434,  504,  658,  464,  396,  206,  926,   62,  813,  296,  502,  688,  885,  356,  456,  831,  698,  136,  601,  515,  754,  656,  533,  493,  402,  279,  850,  520,  662,  637,  771,  438,  921,  175,  767,  684,  728,  879,  674,  552,  371,  559,  851,  443,  629,  642,  399,  443,  347,  453,  395,  506,  683,  950,  503,  656,  768,  178,  769,  534,  581,  697,  487,  726,  172,  220,  801,  399,  155,  375,  661,  758],
        [  453,    0,  140,  278,   53,  204,  670,  566,  589,  357,  344,  190,    0,  514,  792,  762,  229,  332,  478,  478,  287,  716,  687,   71,  410,  325,  896,  237,  579,  272,  661,  702,  884,  688,  677,  856,  411,  508,  271,  309,  485,  834,   40,  262,  247,   89,  194,  537,  379,  371,  306,  646,  742,  609, 1016,  338,  240,  584,  805,  251,  627,  858,  614,  537,  369,  628,  464,  615,  844,  411,  272,  672,  349,  593,  437,  171,  245,  828,  483,  172,  672,  794,  385,  701,  765,  242,  578,  657,  851,  926,  569,  749,  927,  599,  494,  316,  337,  612,  861,  844,  393,  423,  305,  229,  168,  247,  277,  496,  572,  366,  436,   23, 1032,  233,  794,  470,  616,  797,  859,  171,  593,  892,  641,  313,  615,  659,  678,  642,  688,  408,  583,  156,  935,  386,  544,  653,  894,  258,  883,  154,  803,  626,  737,  829,  793,  646,  190,  592,  777,  347,  749,  751,  408,  390,  186,  616,  206,  512,  572,  872,  314,  597,  734,  275,  857,  696,  686,  608,  642,  749,   46,  391,  794,  582,   36,  287,  636,  728],
        [  103,    0,  401,  678,  553,  343,  616,  328,  313,  621,  626,  543,  514,    0,  457,  250,  362,  658,  148,  273,  564,  408,  262,  530,  430,  449,  425,  622,  356,  550,  649,  197,  522,  608,  227,  359,  671,   50,  677,  600,  336,  636,  475,  252,  270,  581,  324,  322,  456,  415,  216,  178,  315,  682,  694,  424,  276,  425,  316,  282,  407,  358,  118,  255,  450,  357,  327,  529,  423,  380,  661,  327,  266,  421,  507,  411,  310,  346,  723,  391,  227,  283,  587,  289,  275,  639,  367,  267,  376,  455,  311,  249,  541,  349,  315,  585,  703,  385,  388,  393,  694,  351,  290,  287,  530,  653,  390,   63,  199,  215,  205,  529,  695,  512,  281,  789,  425,  516,  348,  594,  486,  468,  168,  653,  153,  544,  247,  132,  605,  171,  858,  370,  559,  312,  299,  183,  635,  478,  379,  386,  342,  158,  243,  338,  545,  376,  619,  188,  331,  220,  519,  484,  158,  129,  408,  592,  545,   98,  288,  429,  589,  139,  227,  391,  502,  642,  432,  233,  577,  273,  553,  529,  283,  842,  517,  244,  123,  218],
        [  554,    0,  743,  800,  844,  590,  373,  782,  762,  664,  680,  703,  792,  457,    0,  427,  565,  730,  605,  730,  959,   78,  656,  842,  436,  523,  275,  983,  220,  651,  429,  371,   95,  344,  610,  344,  683,  415,  805,  995,  315,  239,  755,  593,  584,  879,  621,  257,  483,  852,  530,  564,  178,  523,  242,  496,  592,  253,  309,  557,  188,  582,  500,  263,  486,  801,  782,  321,  152,  827,  782,  136,  445,  240,  474,  775,  696,  289,  692,  622,  615,  420, 1008,  683,  313,  997,  821,  684,  275,  722,  224,  533,  146,  799,  301,  654,  787,  193,  674,  214, 1095,  800,  488,  601,  886,  791,  799,  411,  641,  647,  371,  814,  249,  644,  460,  800,  215,   89,  517,  934,  297,  173,  554,  738,  314,  290,  640,  403,  340,  615,  806,  707,  148,  755,  754,  300,  192,  877,  579,  639,  235,  556,  326,  604,  138,  151,  958,  270,  678,  643,  151,   99,  425,  540,  779,  397,  914,  372,  739,  750,  989,  557,  498,  533,   67,  384,  131,  667,  351,  276,  813,  536,  408,  782,  776,  630,  441,  477],
        [  330,    0,  649,  909,  802,  584,  718,  452,  421,  830,  838,  777,  762,  250,  427,    0,  595,  876,  341,  445,  795,  419,  266,  779,  610,  654,  247,  863,  452,  771,  764,   78,  448,  700,  224,  148,  874,  259,  909,  830,  483,  658,  724,  501,  517,  830,  571,  440,  647,  624,  461,  197,  249,  825,  620,  626,  524,  529,  137,  524,  481,  163,  173,  372,  643,  446,  503,  637,  314,  577,  891,  345,  480,  519,  682,  656,  554,  171,  915,  632,  231,   36,  801,  289,  117,  880,  490,  308,  203,  300,  408,  114,  440,  456,  458,  799,  926,  464,  248,  254,  918,  543,  514,  535,  773,  887,  620,  274,  310,  445,  393,  778,  609,  738,   42,  996,  510,  511,  116,  839,  596,  343,  191,  874,  192,  633,  253,  122,  696,  396, 1048,  619,  462,  519,  435,  170,  617,  711,  169,  630,  207,  203,  102,  178,  555,  431,  864,  259,  260,  455,  548,  498,  378,  377,  651,  713,  786,  272,  405,  324,  817,  224,   85,  611,  440,  739,  473,  314,  683,  152,  801,  721,   42, 1030,  764,  490,  129,   68],
        [  344,    0,  223,  316,  281,   51,  468,  545,  555,  279,  278,  182,  229,  362,  565,  595,    0,  302,  392,  452,  453,  488,  594,  285,  201,  142,  691,  443,  350,  195,  470,  525,  658,  481,  571,  664,  335,  338,  316,  485,  257,  612,  194,  166,  133,  317,  112,  309,  185,  440,  155,  529,  529,  446,  788,  138,  133,  358,  611,   94,  399,  719,  478,  314,  175,  601,  468,  402,  626,  452,  300,  448,  129,  366,  252,  269,  249,  629,  399,   58,  568,  623,  532,  616,  574,  453,  570,  579,  649,  813,  342,  611,  702,  577,  266,  237,  343,  384,  745,  633,  582,  447,   87,  131,  351,  293,  348,  323,  491,  315,  223,  251,  804,  153,  632,  442,  389,  568,  704,  385,  375,  674,  520,  295,  423,  443,  582,  475,  480,  334,  528,  194,  709,  396,  515,  459,  668,  388,  739,   82,  597,  507,  549,  699,  566,  417,  407,  386,  677,  295,  522,  522,  218,  271,  280,  419,  387,  326,  531,  776,  484,  481,  587,   66,  630,  496,  458,  532,  436,  551,  249,  232,  620,  517,  211,  230,  479,  576],
        [  646,    0,  438,   94,  363,  337,  462,  834,  848,   70,   51,  151,  332,  658,  730,  876,  302,    0,  693,  740,  617,  656,  896,  399,  298,  226,  925,  554,  518,  108,  429,  802,  822,  491,  871,  921,   93,  628,  103,  638,  435,  673,  331,  459,  427,  388,  387,  495,  252,  683,  457,  829,  757,  343,  905,  256,  425,  479,  867,  394,  542, 1011,  775,  537,  251,  892,  746,  447,  835,  712,   83,  650,  397,  491,  259,  481,  514,  877,  159,  296,  869,  901,  716,  917,  834,  554,  855,  880,  890, 1112,  536,  905,  875,  867,  457,   80,   58,  539, 1044,  860,  715,  715,  369,  419,  498,  110,  585,  612,  792,  606,  484,  345,  930,  151,  915,  146,  517,  697,  989,  487,  449,  877,  820,   21,  691,  493,  883,  759,  492,  631,  253,  429,  875,  668,  806,  723,  760,  586, 1030,  318,  835,  807,  815,  995,  673,  585,  498,  638,  978,  586,  629,  653,  505,  573,  497,  407,  536,  606,  825, 1077,  644,  781,  879,  268,  795,  481,  601,  832,  450,  805,  304,  195,  896,  251,  297,  517,  770,  866],
        [   61,    0,  344,  693,  506,  357,  735,  188,  181,  670,  670,  558,  478,  148,  605,  341,  392,  693,    0,  125,  456,  554,  211,  474,  517,  511,  555,  531,  489,  587,  762,  314,  669,  731,  200,  475,  725,  192,  690,  490,  450,  777,  444,  237,  267,  527,  315,  450,  532,  284,  239,  176,  460,  780,  842,  492,  271,  552,  440,  300,  542,  393,  169,  389,  523,  228,  180,  649,  566,  242,  678,  473,  340,  550,  591,  338,  238,  473,  785,  401,  195,  377,  461,  229,  400,  549,  225,  188,  505,  449,  446,  289,  687,  214,  434,  628,  730,  520,  384,  530,  577,  210,  345,  278,  448,  664,  283,  198,  100,  116,  313,  489,  842,  543,  360,  834,  557,  661,  411,  516,  607,  610,  174,  684,  298,  670,  202,  248,  728,   70,  917,  322,  705,  179,  157,  325,  781,  373,  421,  385,  478,  158,  368,  358,  688,  517,  540,  335,  300,  133,  660,  627,  248,  125,  329,  704,  454,  238,  155,  397,  477,  129,  284,  440,  649,  762,  573,  141,  696,  407,  522,  600,  381,  905,  491,  192,  220,  286],
        [  178,    0,  338,  725,  494,  408,  841,   94,  112,  728,  726,  596,  478,  273,  730,  445,  452,  740,  125,    0,  382,  677,  245,  456,  606,  585,  672,  473,  605,  640,  863,  430,  794,  840,  257,  586,  785,  315,  721,  412,  558,  896,  451,  287,  320,  507,  354,  564,  614,  190,  314,  256,  584,  871,  967,  570,  320,  664,  556,  361,  660,  462,  276,  507,  605,  154,   59,  757,  689,  136,  713,  597,  430,  663,  677,  314,  236,  590,  850,  446,  250,  480,  365,  249,  517,  491,  119,  201,  622,  485,  564,  371,  811,  127,  544,  685,  770,  637,  427,  651,  488,  102,  424,  324,  404,  695,  228,  321,  142,  138,  422,  483,  967,  593,  456,  885,  673,  785,  496,  473,  716,  732,  259,  729,  423,  780,  243,  366,  837,  134,  978,  328,  829,  101,   67,  449,  904,  308,  492,  423,  598,  245,  485,  420,  810,  638,  494,  460,  332,  158,  780,  750,  354,  220,  302,  806,  401,  361,   95,  415,  397,  222,  376,  510,  774,  869,  693,  160,  803,  527,  524,  676,  486,  969,  499,  224,  334,  383],
        [  468,    0,  231,  556,  258,  407,  920,  439,  474,  643,  630,  475,  287,  564,  959,  795,  453,  617,  456,  382,    0,  889,  626,  219,  653,  582,  988,  110,  770,  554,  920,  758, 1043,  933,  635,  921,  697,  583,  548,   37,  687, 1054,  295,  367,  379,  242,  356,  725,  632,  197,  430,  625,  861,  882, 1198,  587,  373,  798,  879,  415,  825,  839,  624,  698,  622,  496,  336,  853,  970,  254,  553,  826,  532,  803,  697,  189,  266,  909,  769,  404,  628,  830,  102,  629,  838,  126,  431,  582,  939,  865,  745,  741, 1075,  465,  687,  600,  619,  806,  808,  951,  136,  285,  496,  365,  120,  526,  176,  578,  518,  352,  590,  273, 1207,  512,  815,  753,  823,  986,  865,  150,  824, 1018,  625,  599,  706,  892,  624,  691,  932,  400,  867,  264, 1089,  286,  431,  741, 1096,   86,  868,  375,  902,  610,  806,  799,  994,  827,  157,  711,  713,  345,  953,  942,  535,  442,  182,  870,   82,  610,  468,  791,   31,  582,  739,  515, 1018,  948,  877,  541,  888,  835,  316,  661,  834,  867,  322,  334,  669,  742],
        [  500,    0,  671,  724,  768,  515,  327,  736,  719,  591,  607,  626,  716,  408,   78,  419,  488,  656,  554,  677,  889,    0,  627,  766,  360,  447,  313,  910,  143,  575,  381,  354,  172,  302,  582,  363,  612,  363,  729,  925,  237,  242,  679,  523,  512,  803,  547,  180,  407,  789,  459,  534,  177,  468,  309,  419,  520,  182,  319,  484,  115,  580,  466,  191,  410,  760,  728,  263,  196,  767,  707,   84,  370,  169,  401,  704,  627,  306,  625,  545,  586,  419,  941,  655,  312,  923,  775,  650,  300,  719,  149,  518,  221,  756,  224,  579,  713,  118,  666,  246, 1025,  743,  413,  529,  813,  715,  733,  357,  600,  586,  300,  738,  320,  567,  456,  731,  145,  108,  520,  860,  234,  230,  523,  663,  277,  241,  611,  374,  298,  557,  743,  634,  225,  695,  707,  271,  227,  808,  581,  563,  251,  522,  318,  596,  142,   74,  884,  221,  658,  581,  130,   81,  358,  479,  708,  342,  842,  317,  694,  737,  919,  520,  482,  456,  144,  342,   68,  628,  300,  273,  737,  463,  408,  720,  699,  563,  411,  461],
        [  251,    0,  551,  901,  712,  563,  872,  211,  174,  867,  870,  765,  687,  262,  656,  266,  594,  896,  211,  245,  626,  627,    0,  679,  690,  700,  513,  715,  606,  788,  908,  292,  695,  862,   46,  412,  920,  308,  899,  656,  596,  866,  654,  446,  475,  731,  524,  577,  713,  433,  439,   94,  483,  944,  871,  678,  479,  679,  400,  503,  651,  226,  163,  507,  706,  187,  294,  786,  569,  377,  886,  544,  520,  674,  767,  539,  444,  435,  976,  609,   42,  295,  604,   29,  371,  733,  242,   50,  467,  244,  559,  159,  696,  204,  575,  828,  935,  630,  183,  514,  729,  344,  535,  487,  641,  873,  466,  323,  116,  322,  467,  697,  864,  746,  259, 1034,  674,  730,  274,  710,  743,  603,  105,  888,  351,  796,   17,  254,  859,  280, 1110,  531,  717,  342,  204,  357,  845,  551,  256,  594,  464,  109,  345,  180,  768,  613,  732,  414,   91,  340,  750,  707,  414,  324,  528,  852,  641,  353,  168,  186,  641,  123,  182,  636,  683,  898,  665,   86,  834,  397,  732,  785,  304, 1096,  701,  402,  217,  199],
        [  458,    0,  131,  339,   43,  252,  737,  540,  566,  427,  413,  260,   71,  530,  842,  779,  285,  399,  474,  456,  219,  766,  679,    0,  474,  392,  929,  167,  632,  342,  729,  724,  932,  754,  674,  881,  480,  530,  331,  240,  540,  895,   94,  282,  274,   53,  227,  590,  445,  327,  335,  648,  780,  679, 1070,  403,  266,  643,  832,  289,  683,  863,  623,  582,  435,  602,  435,  679,  884,  373,  334,  717,  397,  651,  505,  142,  236,  857,  552,  228,  668,  812,  319,  691,  792,  173,  547,  645,  882,  921,  618,  755,  972,  572,  547,  386,  400,  667,  857,  879,  323,  389,  354,  255,  100,  308,  239,  520,  564,  359,  477,   55, 1084,  303,  808,  534,  674,  851,  870,  103,  656,  933,  644,  380,  644,  722,  672,  661,  753,  406,  648,  161,  982,  359,  520,  682,  952,  202,  889,  205,  836,  628,  762,  831,  850,  697,  123,  628,  770,  342,  807,  805,  442,  403,  155,  683,  138,  541,  551,  862,  246,  598,  743,  337,  905,  763,  740,  597,  708,  778,   97,  460,  813,  648,  105,  291,  651,  739],
        [  458,    0,  424,  365,  461,  248,  268,  693,  695,  237,  251,  276,  410,  430,  436,  610,  201,  298,  517,  606,  653,  360,  690,  474,    0,   93,  630,  638,  220,  216,  272,  532,  529,  282,  656,  635,  270,  388,  370,  685,  139,  427,  381,  337,  307,  497,  306,  198,   48,  629,  294,  608,  462,  266,  631,   73,  311,  191,  580,  263,  250,  759,  544,  247,   51,  742,  634,  206,  537,  634,  347,  353,  178,  203,   77,  469,  437,  587,  305,  251,  656,  630,  732,  716,  551,  646,  725,  688,  598,  876,  239,  660,  581,  724,  162,  221,  355,  243,  810,  564,  781,  623,  185,  313,  549,  357,  542,  372,  607,  472,  228,  432,  652,  215,  650,  394,  228,  414,  725,  576,  185,  579,  598,  305,  418,  249,  675,  502,  281,  475,  439,  394,  583,  570,  662,  446,  496,  588,  773,  280,  542,  588,  536,  752,  399,  288,  597,  357,  760,  456,  354,  368,  277,  394,  480,  219,  585,  353,  669,  858,  684,  568,  629,  139,  502,  296,  310,  647,  236,  518,  417,  114,  623,  421,  384,  401,  522,  613],
        [  456,    0,  358,  281,  376,  192,  345,  676,  682,  176,  185,  183,  325,  449,  523,  654,  142,  226,  511,  585,  582,  447,  700,  392,   93,    0,  701,  558,  305,  130,  339,  579,  617,  364,  671,  696,  223,  413,  285,  612,  215,  518,  299,  301,  269,  411,  253,  276,   54,  581,  274,  625,  533,  306,  723,   30,  270,  282,  641,  225,  339,  795,  566,  312,   45,  729,  605,  293,  616,  593,  263,  431,  183,  294,  115,  404,  390,  652,  276,  180,  670,  678,  667,  724,  609,  565,  704,  692,  666,  903,  316,  691,  667,  707,  235,  147,  280,  331,  836,  637,  706,  586,  167,  269,  473,  269,  488,  397,  607,  447,  262,  347,  743,  123,  694,  343,  319,  505,  768,  494,  276,  660,  616,  228,  467,  337,  687,  540,  363,  460,  410,  332,  671,  534,  645,  498,  588,  523,  812,  210,  611,  604,  590,  783,  491,  374,  514,  412,  777,  429,  446,  459,  292,  386,  417,  292,  511,  386,  657,  876,  613,  581,  663,   77,  589,  372,  400,  647,  317,  579,  328,   92,  672,  396,  297,  366,  554,  649],
        [  525,    0,  808,  979,  943,  697,  639,  692,  663,  866,  879,  860,  896,  425,  275,  247,  691,  925,  555,  672,  988,  313,  513,  929,  630,  701,    0, 1041,  419,  830,  693,  243,  248,  613,  470,  105,  897,  407,  982, 1025,  492,  509,  857,  650,  655,  975,  705,  432,  675,  837,  594,  439,  168,  779,  400,  671,  663,  482,  117,  646,  418,  362,  398,  390,  675,  691,  730,  574,  124,  796,  961,  282,  562,  470,  687,  827,  729,   83,  921,  740,  477,  221, 1011,  536,  155, 1057,  731,  554,   51,  497,  392,  358,  219,  699,  469,  846,  980,  411,  464,   68, 1119,  764,  605,  674,  945,  963,  814,  414,  547,  640,  468,  916,  383,  810,  261, 1020,  450,  362,  289, 1005,  542,  121,  432,  928,  286,  553,  500,  307,  609,  595, 1045,  773,  242,  731,  672,  250,  439,  903,  349,  747,   94,  441,  188,  398,  412,  365, 1030,  306,  500,  644,  425,  372,  489,  548,  825,  654,  965,  389,  645,  546, 1014,  456,  331,  683,  253,  653,  380,  557,  613,  154,  929,  742,  210, 1023,  890,  660,  338,  314],
        [  534,    0,  241,  483,  194,  404,  902,  539,  572,  589,  574,  423,  237,  622,  983,  863,  443,  554,  531,  473,  110,  910,  715,  167,  638,  558, 1041,    0,  782,  506,  895,  819, 1071,  918,  721,  981,  639,  634,  474,  105,  693, 1054,  259,  397,  400,  166,  364,  738,  610,  297,  458,  705,  903,  846, 1217,  567,  393,  799,  936,  427,  834,  922,  696,  721,  600,  598,  433,  842, 1010,  354,  482,  854,  542,  807,  671,  215,  313,  964,  710,  388,  714,  898,  201,  721,  895,   19,  534,  674,  992,  957,  763,  820, 1108,  567,  697,  549,  547,  817,  898,  998,  162,  382,  502,  383,   98,  454,  251,  627,  604,  420,  613,  218, 1230,  469,  886,  681,  828, 1000,  941,   67,  817, 1059,  704,  534,  755,  884,  712,  752,  918,  469,  798,  277, 1119,  374,  528,  792, 1106,  166,  950,  362,  951,  688,  864,  884, 1003,  844,   58,  750,  804,  409,  961,  955,  567,  495,  216,  849,   78,  654,  563,  887,  118,  659,  814,  499, 1045,  929,  890,  630,  872,  887,  252,  627,  900,  800,  270,  381,  735,  815],
        [  430,    0,  545,  583,  631,  381,  270,  676,  666,  455,  470,  483,  579,  356,  220,  452,  350,  518,  489,  605,  770,  143,  606,  632,  220,  305,  419,  782,    0,  434,  314,  376,  314,  257,  564,  440,  481,  307,  588,  805,   95,  295,  543,  407,  391,  667,  419,   46,  268,  690,  345,  514,  255,  377,  438,  277,  398,   77,  389,  357,   57,  613,  444,  102,  270,  711,  649,  186,  318,  676,  566,  138,  240,   69,  270,  582,  515,  388,  502,  408,  567,  463,  830,  634,  367,  794,  713,  620,  393,  744,   48,  530,  363,  700,   86,  441,  575,   36,  684,  352,  905,  655,  280,  406,  686,  574,  623,  296,  554,  495,  191,  601,  454,  425,  493,  603,   70,  219,  564,  729,  145,  360,  503,  525,  270,  191,  590,  370,  254,  476,  628,  509,  367,  605,  645,  283,  327,  692,  620,  428,  338,  498,  361,  618,  224,   70,  752,  200,  656,  486,  185,  174,  258,  391,  588,  262,  717,  259,  640,  746,  800,  487,  495,  314,  286,  294,  109,  589,  234,  330,  597,  328,  454,  606,  560,  456,  401,  475],
        [  539,    0,  354,  151,  314,  233,  430,  733,  745,   93,   87,   86,  272,  550,  651,  771,  195,  108,  587,  640,  554,  575,  788,  342,  216,  130,  830,  506,  434,    0,  409,  697,  745,  455,  764,  821,  151,  520,  155,  579,  345,  625,  260,  356,  323,  345,  286,  406,  170,  596,  350,  721,  662,  344,  843,  160,  321,  405,  767,  288,  465,  904,  667,  440,  165,  791,  649,  396,  746,  621,  133,  561,  291,  417,  201,  400,  419,  779,  221,  195,  761,  796,  649,  810,  733,  510,  756,  773,  793, 1004,  446,  798,  796,  766,  365,   48,  156,  458,  937,  767,  665,  621,  261,  316,  437,  141,  499,  504,  686,  504,  380,  289,  865,   48,  809,  248,  443,  628,  883,  440,  388,  790,  712,  104,  587,  442,  776,  653,  455,  527,  341,  339,  798,  572,  704,  620,  704,  512,  923,  221,  739,  699,  712,  888,  610,  502,  455,  537,  870,  484,  565,  583,  397,  466,  415,  373,  475,  500,  722,  970,  583,  674,  772,  161,  717,  453,  525,  726,  410,  705,  257,  140,  791,  334,  237,  416,  663,  759],
        [  702,    0,  693,  521,  709,  519,   57,  946,  943,  362,  382,  491,  661,  649,  429,  764,  470,  429,  762,  863,  920,  381,  908,  729,  272,  339,  693,  895,  314,  409,    0,  689,  501,   88,  869,  737,  347,  601,  530,  951,  314,  272,  637,  606,  578,  743,  578,  334,  288,  900,  558,  818,  548,  108,  524,  334,  582,  237,  689,  533,  287,  925,  749,  405,  298,  989,  897,  128,  574,  902,  507,  430,  437,  245,  225,  739,  709,  682,  320,  517,  870,  773, 1002,  936,  674,  902,  980,  916,  679, 1057,  359,  842,  557,  974,  334,  381,  479,  302,  996,  627, 1045,  889,  453,  584,  812,  529,  813,  587,  842,  735,  451,  681,  553,  435,  805,  434,  256,  358,  875,  831,  169,  601,  807,  446,  582,  141,  892,  682,   92,  730,  403,  664,  549,  836,  915,  596,  373,  858,  932,  546,  628,  801,  670,  931,  315,  340,  850,  512,  964,  720,  283,  331,  514,  645,  750,   58,  849,  556,  917, 1056,  951,  786,  807,  406,  479,   58,  314,  880,   83,  635,  657,  273,  764,  378,  630,  669,  711,  788],
        [  290,    0,  596,  837,  744,  518,  643,  453,  426,  754,  763,  706,  702,  197,  371,   78,  525,  802,  314,  430,  758,  354,  292,  724,  532,  579,  243,  819,  376,  697,  689,    0,  404,  626,  246,  164,  797,  196,  838,  793,  405,  594,  664,  443,  457,  773,  510,  363,  570,  597,  398,  206,  194,  748,  580,  550,  464,  453,  127,  459,  407,  237,  157,  295,  566,  457,  488,  561,  278,  555,  819,  276,  407,  444,  604,  608,  507,  160,  837,  565,  252,  100,  773,  318,   88,  835,  492,  326,  193,  371,  331,  165,  406,  463,  380,  724,  852,  389,  314,  228,  885,  523,  443,  475,  726,  816,  583,  208,  307,  406,  318,  720,  573,  666,  119,  920,  436,  451,  194,  790,  520,  315,  197,  800,  115,  559,  277,   68,  622,  359,  971,  564,  427,  492,  431,   93,  562,  672,  246,  565,  176,  204,   57,  246,  492,  359,  815,  181,  308,  413,  482,  434,  308,  325,  604,  637,  741,  200,  406,  384,  782,  216,  129,  538,  392,  665,  404,  321,  608,  106,  740,  644,   95,  952,  702,  440,   96,  108],
        [  622,    0,  831,  893,  935,  681,  445,  839,  817,  756,  772,  797,  884,  522,   95,  448,  658,  822,  669,  794, 1043,  172,  695,  932,  529,  617,  248, 1071,  314,  745,  501,  404,    0,  414,  650,  338,  773,  484,  899, 1079,  408,  273,  847,  678,  671,  971,  710,  350,  576,  927,  615,  608,  215,  601,  177,  590,  679,  344,  317,  646,  281,  592,  548,  351,  580,  853,  849,  403,  136,  898,  876,  218,  536,  331,  565,  861,  778,  288,  778,  714,  655,  434, 1087,  722,  332, 1085,  879,  728,  265,  731,  316,  560,   57,  854,  394,  747,  879,  287,  690,  203, 1178,  870,  580,  688,  974,  885,  879,  482,  695,  721,  458,  906,  174,  738,  476,  888,  306,  144,  522, 1023,  384,  128,  598,  831,  372,  368,  680,  448,  410,  686,  889,  794,   54,  827,  813,  350,  193,  959,  584,  731,  242,  602,  353,  621,  189,  245, 1048,  340,  706,  719,  219,  176,  509,  615,  864,  476, 1001,  445,  794,  769, 1072,  607,  526,  627,   28,  452,  222,  717,  428,  301,  906,  628,  422,  865,  868,  711,  486,  506],
        [  671,    0,  703,  580,  739,  527,   34,  918,  911,  422,  442,  532,  688,  608,  344,  700,  481,  491,  731,  840,  933,  302,  862,  754,  282,  364,  613,  918,  257,  455,   88,  626,  414,    0,  821,  662,  416,  559,  588,  966,  283,  189,  661,  599,  574,  774,  582,  287,  310,  894,  546,  770,  474,  193,  439,  352,  579,  184,  616,  531,  220,  862,  701,  356,  320,  957,  878,   85,  492,  891,  565,  359,  424,  189,  256,  747,  706,  606,  398,  533,  823,  706, 1010,  890,  604,  927,  954,  874,  602,  997,  304,  785,  470,  945,  298,  434,  544,  238,  938,  547, 1062,  875,  448,  583,  831,  584,  813,  546,  805,  717,  420,  710,  468,  473,  740,  512,  192,  271,  808,  856,  124,  517,  759,  506,  525,   68,  846,  626,    5,  707,  488,  672,  461,  823,  887,  535,  288,  866,  867,  561,  552,  754,  603,  871,  228,  270,  877,  456,  913,  704,  196,  246,  487,  621,  758,   85,  867,  512,  885, 1002,  964,  742,  749,  421,  392,   41,  236,  841,   47,  564,  690,  315,  696,  463,  660,  659,  658,  729],
