{
    "name": "random-24-23545",
    "comment": "size=24 seed=23545",
    "nodes": ["+0", "-0", "+1", "-1", "+2", "-2", "+3", "-3", "+4", "-4", "+5", "-5", "+6", "-6", "+7", "-7", "+8", "-8", "+9", "-9", "+10", "-10", "+11", "-11", "+12", "-12", "+13", "-13", "+14", "-14", "+15", "-15", "+16", "-16", "+17", "-17", "+18", "-18", "+19", "-19", "+20", "-20", "+21", "-21", "+22", "-22", "+23", "-23", "+24", "-24"],
    "precedence": {
        "+0": "-0",
        "+1": "-1",
        "+2": "-2",
        "+3": "-3",
        "+4": "-4",
        "+5": "-5",
        "+6": "-6",
        "+7": "-7",
        "+8": "-8",
        "+9": "-9",
        "+10": "-10",
        "+11": "-11",
        "+12": "-12",
        "+13": "-13",
        "+14": "-14",
        "+15": "-15",
        "+16": "-16",
        "+17": "-17",
        "+18": "-18",
        "+19": "-19",
        "+20": "-20",
        "+21": "-21",
        "+22": "-22",
        "+23": "-23",
        "+24": "-24"
    },
    "edges": [
        [    0,    0,   68,  714,  124,  800,  751,  575,  897,  504,  833,  416,  207,  894, 1069,  217,  603,  523,  365,  792,  854,  745, 1050,  373,  353,  680,  862,  159,  779,  840,  428,  726,  676,  734,  746,  778,  138,  817,  997,  256,  171,  363,  506, 1117,  479,  393,  471,  504,  842,  743],
        [    0,    0,   68,  714,  124,  800,  751,  575,  897,  504,  833,  416,  207,  894, 1069,  217,  603,  523,  365,  792,  854,  745, 1050,  373,  353,  680,  862,  159,  779,  840,  428,  726,  676,  734,  746,  778,  138,  817,  997,  256,  171,  363,  506, 1117,  479,  393,  471,  504,  842,  743],
        [   68,   68,    0,  773,   87,  867,  782,  568,  943,  571,  848,  479,  265,  947, 1127,  262,  670,  590,  429,  856,  918,  785, 1089,  403,  334,  747,  863,  208,  839,  874,  495,  783,  696,  784,  788,  780,  203,  884, 1055,  324,  239,  430,  522, 1166,  521,  460,  533,  550,  908,  811],
        [  714,  714,  773,    0,  761,  332,  434,  747,  319,  311,  654,  306,  509,  218,  358,  525,  308,  462,  363,  172,  191,  324,  510,  479,  751,  436,  816,  570,   66,  442,  419,   51,  538,  181,  298,  754,  578,  274,  285,  506,  579,  385,  545,  460,  341,  404,  250,  291,  268,  354],
        [  124,  124,   87,  761,    0,  888,  725,  484,  903,  590,  775,  482,  262,  921, 1108,  237,  693,  631,  438,  860,  917,  739, 1040,  350,  248,  783,  781,  195,  826,  819,  528,  766,  628,  752,  744,  700,  224,  897, 1038,  357,  278,  447,  453, 1131,  481,  488,  532,  516,  919,  836],
        [  800,  800,  867,  332,  888,    0,  763, 1020,  632,  298,  980,  420,  631,  492,  512,  678,  198,  330,  454,  178,  222,  654,  815,  709,  961,  195, 1134,  699,  328,  773,  381,  381,  852,  512,  629, 1066,  668,   78,  456,  545,  632,  442,  820,  701,  604,  408,  386,  558,  109,   75],
        [  751,  751,  782,  434,  725,  763,    0,  437,  267,  631,  221,  521,  577,  391,  584,  539,  685,  793,  559,  605,  608,  116,  329,  380,  575,  830,  394,  597,  460,   97,  700,  389,  157,  261,  144,  347,  658,  708,  541,  676,  704,  601,  294,  487,  292,  658,  493,  296,  701,  774],
        [  575,  575,  568,  747,  484, 1020,  437,    0,  698,  776,  357,  632,  519,  796,  998,  451,  870,  901,  630,  908,  938,  523,  753,  326,  243, 1005,  305,  485,  798,  526,  785,  719,  283,  627,  545,  230,  566,  991,  944,  665,  637,  668,  203,  924,  418,  733,  645,  466,  997, 1000],
        [  897,  897,  943,  319,  903,  632,  267,  698,    0,  612,  459,  555,  697,  157,  324,  682,  626,  772,  608,  456,  430,  180,  192,  559,  802,  755,  642,  739,  305,  204,  710,  270,  422,  176,  165,  607,  778,  562,  293,  749,  804,  643,  530,  235,  423,  682,  507,  394,  544,  666],
        [  504,  504,  571,  311,  590,  298,  631,  776,  612,    0,  823,  145,  336,  528,  647,  387,  105,  165,  162,  310,  379,  549,  802,  452,  681,  229,  947,  404,  361,  677,  112,  351,  670,  443,  531,  869,  370,  316,  576,  251,  338,  144,  590,  770,  387,  117,  143,  355,  343,  249],
        [  833,  833,  848,  654,  775,  980,  221,  357,  459,  823,    0,  697,  697,  601,  783,  643,  888,  980,  725,  825,  828,  336,  441,  473,  569, 1034,  183,  697,  681,  256,  877,  609,  165,  481,  364,  167,  769,  927,  748,  820,  828,  768,  327,  647,  447,  830,  681,  470,  921,  986],
        [  416,  416,  479,  306,  482,  420,  521,  632,  555,  145,  697,    0,  221,  508,  664,  259,  243,  285,   58,  379,  439,  456,  737,  307,  543,  374,  811,  288,  370,  580,  181,  329,  539,  380,  444,  731,  279,  419,  591,  202,  274,   88,  447,  746,  253,  138,   57,  229,  438,  383],
        [  207,  207,  265,  509,  262,  631,  577,  519,  697,  336,  697,  221,    0,  688,  863,   68,  440,  409,  178,  599,  658,  555,  858,  226,  363,  545,  764,   69,  574,  660,  294,  520,  533,  531,  552,  679,   82,  637,  791,  148,  132,  193,  383,  913,  290,  246,  272,  306,  658,  584],
        [  894,  894,  947,  218,  921,  492,  391,  796,  157,  528,  601,  508,  688,    0,  204,  688,  519,  678,  565,  315,  280,  281,  325,  597,  861,  635,  781,  740,  178,  350,  636,  181,  536,  178,  256,  738,  764,  419,  151,  709,  776,  592,  609,  243,  452,  618,  453,  410,  397,  535],
        [ 1069, 1069, 1127,  358, 1108,  512,  584,  998,  324,  647,  783,  664,  863,  204,    0,  872,  608,  774,  721,  361,  297,  479,  421,  795, 1062,  691,  965,  921,  295,  528,  759,  344,  734,  380,  455,  929,  935,  435,   74,  862,  937,  741,  812,  224,  649,  753,  608,  604,  403,  574],
        [  217,  217,  262,  525,  237,  678,  539,  451,  682,  387,  643,  259,   68,  688,  872,    0,  491,  473,  226,  630,  685,  529,  834,  171,  300,  604,  702,   59,  590,  626,  357,  529,  481,  523,  530,  616,  127,  677,  801,  215,  191,  250,  324,  905,  263,  307,  304,  289,  696,  635],
        [  603,  603,  670,  308,  693,  198,  685,  870,  626,  105,  888,  243,  440,  519,  608,  491,    0,  167,  266,  251,  320,  592,  817,  548,  784,  146, 1024,  508,  343,  719,  186,  356,  743,  469,  571,  948,  472,  228,  539,  348,  435,  248,  678,  756,  468,  211,  226,  429,  259,  145],
        [  523,  523,  590,  462,  631,  330,  793,  901,  772,  165,  980,  285,  409,  678,  774,  473,  167,    0,  272,  417,  486,  713,  963,  577,  771,  163, 1096,  469,  504,  841,  117,  507,  823,  606,  696, 1015,  411,  380,  706,  277,  354,  234,  726,  918,  537,  169,  301,  510,  413,  258],
        [  365,  365,  429,  363,  438,  454,  559,  630,  608,  162,  725,   58,  178,  565,  721,  226,  266,  272,    0,  428,  490,  502,  788,  306,  520,  384,  829,  246,  426,  623,  158,  386,  564,  434,  491,  747,  227,  460,  648,  145,  217,   44,  455,  802,  278,  108,  114,  263,  482,  409],
        [  792,  792,  856,  172,  860,  178,  605,  908,  456,  310,  825,  379,  599,  315,  361,  630,  251,  417,  428,    0,   70,  492,  638,  620,  887,  333,  988,  665,  154,  605,  419,  217,  709,  347,  466,  925,  654,  108,  296,  553,  637,  433,  705,  532,  493,  426,  328,  444,   97,  223],
        [  854,  854,  918,  191,  917,  222,  608,  938,  430,  379,  828,  439,  658,  280,  297,  685,  320,  486,  490,   70,    0,  492,  604,  662,  933,  394,  997,  723,  149,  597,  488,  225,  724,  347,  465,  938,  716,  145,  236,  619,  702,  498,  735,  480,  529,  493,  386,  479,  118,  279],
        [  745,  745,  785,  324,  739,  654,  116,  523,  180,  549,  336,  456,  555,  281,  479,  529,  592,  713,  502,  492,  492,    0,  305,  390,  624,  734,  509,  587,  345,  128,  630,  276,  256,  146,   28,  459,  637,  597,  431,  632,  673,  542,  350,  413,  267,  593,  419,  251,  588,  670],
        [ 1050, 1050, 1089,  510, 1040,  815,  329,  753,  192,  802,  441,  737,  858,  325,  421,  834,  817,  963,  788,  638,  604,  305,    0,  690,  904,  945,  616,  892,  491,  233,  898,  461,  473,  361,  306,  607,  940,  743,  421,  925,  973,  825,  622,  226,  571,  868,  691,  552,  721,  854],
        [  373,  373,  403,  479,  350,  709,  380,  326,  559,  452,  473,  307,  226,  597,  795,  171,  548,  577,  306,  620,  662,  390,  690,    0,  273,  681,  541,  226,  540,  471,  462,  467,  311,  421,  397,  457,  297,  690,  729,  361,  357,  344,  160,  790,  146,  410,  326,  192,  701,  682],
        [  353,  353,  334,  751,  248,  961,  575,  243,  802,  681,  569,  543,  363,  861, 1062,  300,  784,  771,  520,  887,  933,  624,  904,  273,    0,  902,  546,  308,  812,  672,  656,  739,  446,  684,  638,  468,  382,  951,  998,  505,  453,  548,  282, 1036,  416,  606,  576,  464,  965,  925],
        [  680,  680,  747,  436,  783,  195,  830, 1005,  755,  229, 1034,  374,  545,  635,  691,  604,  146,  163,  384,  333,  394,  734,  945,  681,  902,    0, 1168,  610,  458,  860,  256,  486,  887,  606,  712, 1092,  561,  262,  628,  427,  510,  355,  817,  863,  610,  300,  366,  573,  297,  122],
        [  862,  862,  863,  816,  781, 1134,  394,  305,  642,  947,  183,  811,  764,  781,  965,  702, 1024, 1096,  829,  988,  997,  509,  616,  541,  546, 1168,    0,  748,  849,  438,  986,  774,  283,  651,  537,   86,  826, 1087,  929,  901,  893,  871,  382,  828,  561,  936,  805,  595, 1083, 1133],
        [  159,  159,  208,  570,  195,  699,  597,  485,  739,  404,  697,  288,   69,  740,  921,   59,  508,  469,  246,  665,  723,  587,  892,  226,  308,  610,  748,    0,  635,  685,  357,  578,  536,  578,  588,  662,   81,  705,  850,  198,  152,  261,  374,  960,  321,  311,  338,  346,  725,  652],
        [  779,  779,  839,   66,  826,  328,  460,  798,  305,  361,  681,  370,  574,  178,  295,  590,  343,  504,  426,  154,  149,  345,  491,  540,  812,  458,  849,  635,    0,  454,  472,   79,  576,  200,  318,  791,  643,  261,  222,  567,  643,  446,  597,  414,  399,  461,  313,  350,  247,  363],
        [  840,  840,  874,  442,  819,  773,   97,  526,  204,  677,  256,  580,  660,  350,  528,  626,  719,  841,  623,  605,  597,  128,  233,  471,  672,  860,  438,  685,  454,    0,  756,  392,  243,  262,  149,  407,  741,  712,  494,  749,  783,  664,  390,  405,  370,  717,  546,  365,  700,  793],
        [  428,  428,  495,  419,  528,  381,  700,  785,  710,  112,  877,  181,  294,  636,  759,  357,  186,  117,  158,  419,  488,  630,  898,  462,  656,  256,  986,  357,  472,  756,    0,  457,  718,  537,  615,  904,  305,  413,  688,  173,  257,  118,  613,  878,  431,   52,  211,  409,  442,  319],
        [  726,  726,  783,   51,  766,  381,  389,  719,  270,  351,  609,  329,  520,  181,  344,  529,  356,  507,  386,  217,  225,  276,  461,  467,  739,  486,  774,  578,   79,  392,  457,    0,  499,  131,  250,  714,  593,  322,  273,  530,  600,  412,  519,  423,  324,  438,  274,  275,  313,  405],
        [  676,  676,  696,  538,  628,  852,  157,  283,  422,  670,  165,  539,  533,  536,  734,  481,  743,  823,  564,  709,  724,  256,  473,  311,  446,  887,  283,  536,  576,  243,  718,  499,    0,  384,  281,  216,  607,  807,  686,  656,  665,  607,  176,  643,  287,  670,  527,  316,  804,  850],
        [  734,  734,  784,  181,  752,  512,  261,  627,  176,  443,  481,  380,  531,  178,  380,  523,  469,  606,  434,  347,  347,  146,  361,  421,  684,  606,  651,  578,  200,  262,  537,  131,  384,    0,  119,  596,  610,  452,  319,  575,  632,  468,  435,  383,  276,  508,  332,  237,  443,  532],
        [  746,  746,  788,  298,  744,  629,  144,  545,  165,  531,  364,  444,  552,  256,  455,  530,  571,  696,  491,  466,  465,   28,  306,  397,  638,  712,  537,  588,  318,  149,  615,  250,  281,  119,    0,  487,  634,  571,  406,  624,  668,  530,  368,  399,  268,  579,  404,  247,  561,  646],
        [  778,  778,  780,  754,  700, 1066,  347,  230,  607,  869,  167,  731,  679,  738,  929,  616,  948, 1015,  747,  925,  938,  459,  607,  457,  468, 1092,   86,  662,  791,  407,  904,  714,  216,  596,  487,    0,  741, 1022,  887,  817,  807,  789,  297,  808,  483,  854,  727,  520, 1020, 1062],
        [  138,  138,  203,  578,  224,  668,  658,  566,  778,  370,  769,  279,   82,  764,  935,  127,  472,  411,  227,  654,  716,  637,  940,  297,  382,  561,  826,   81,  643,  741,  305,  593,  607,  610,  634,  741,    0,  682,  863,  135,   73,  228,  450,  992,  372,  265,  334,  388,  706,  614],
        [  817,  817,  884,  274,  897,   78,  708,  991,  562,  316,  927,  419,  637,  419,  435,  677,  228,  380,  460,  108,  145,  597,  743,  690,  951,  262, 1087,  705,  261,  712,  413,  322,  807,  452,  571, 1022,  682,    0,  379,  567,  653,  455,  789,  624,  574,  432,  377,  526,   35,  142],
        [  997,  997, 1055,  285, 1038,  456,  541,  944,  293,  576,  748,  591,  791,  151,   74,  801,  539,  706,  648,  296,  236,  431,  421,  729,  998,  628,  929,  850,  222,  494,  688,  273,  686,  319,  406,  887,  863,  379,    0,  789,  864,  668,  754,  253,  583,  681,  535,  537,  348,  515],
        [  256,  256,  324,  506,  357,  545,  676,  665,  749,  251,  820,  202,  148,  709,  862,  215,  348,  277,  145,  553,  619,  632,  925,  361,  505,  427,  901,  198,  567,  749,  173,  530,  656,  575,  624,  817,  135,  567,  789,    0,   87,  123,  520,  946,  386,  137,  257,  384,  593,  487],
        [  171,  171,  239,  579,  278,  632,  704,  637,  804,  338,  828,  274,  132,  776,  937,  191,  435,  354,  217,  637,  702,  673,  973,  357,  453,  510,  893,  152,  643,  783,  257,  600,  665,  632,  668,  807,   73,  653,  864,   87,    0,  204,  514, 1010,  414,  224,  330,  423,  679,  574],
        [  363,  363,  430,  385,  447,  442,  601,  668,  643,  144,  768,   88,  193,  592,  741,  250,  248,  234,   44,  433,  498,  542,  825,  344,  548,  355,  871,  261,  446,  664,  118,  412,  607,  468,  530,  789,  228,  455,  668,  123,  204,    0,  496,  831,  322,   66,  140,  306,  479,  392],
        [  506,  506,  522,  545,  453,  820,  294,  203,  530,  590,  327,  447,  383,  609,  812,  324,  678,  726,  455,  705,  735,  350,  622,  160,  282,  817,  382,  374,  597,  390,  613,  519,  176,  435,  368,  297,  450,  789,  754,  520,  514,  496,    0,  763,  217,  562,  453,  264,  795,  804],
        [ 1117, 1117, 1166,  460, 1131,  701,  487,  924,  235,  770,  647,  746,  913,  243,  224,  905,  756,  918,  802,  532,  480,  413,  226,  790, 1036,  863,  828,  960,  414,  405,  878,  423,  643,  383,  399,  808,  992,  624,  253,  946, 1010,  831,  763,    0,  651,  860,  692,  617,  596,  755],
        [  479,  479,  521,  341,  481,  604,  292,  418,  423,  387,  447,  253,  290,  452,  649,  263,  468,  537,  278,  493,  529,  267,  571,  146,  416,  610,  561,  321,  399,  370,  431,  324,  287,  276,  268,  483,  372,  574,  583,  386,  414,  322,  217,  651,    0,  384,  245,   51,  580,  589],
        [  393,  393,  460,  404,  488,  408,  658,  733,  682,  117,  830,  138,  246,  618,  753,  307,  211,  169,  108,  426,  493,  593,  868,  410,  606,  300,  936,  311,  461,  717,   52,  438,  670,  508,  579,  854,  265,  432,  681,  137,  224,   66,  562,  860,  384,    0,  177,  365,  459,  351],
        [  471,  471,  533,  250,  532,  386,  493,  645,  507,  143,  681,   57,  272,  453,  608,  304,  226,  301,  114,  328,  386,  419,  691,  326,  576,  366,  805,  338,  313,  546,  211,  274,  527,  332,  404,  727,  334,  377,  535,  257,  330,  140,  453,  692,  245,  177,    0,  212,  394,  357],
        [  504,  504,  550,  291,  516,  558,  296,  466,  394,  355,  470,  229,  306,  410,  604,  289,  429,  510,  263,  444,  479,  251,  552,  192,  464,  573,  595,  346,  350,  365,  409,  275,  316,  237,  247,  520,  388,  526,  537,  384,  423,  306,  264,  617,   51,  365,  212,    0,  532,  546],
        [  842,  842,  908,  268,  919,  109,  701,  997,  544,  343,  921,  438,  658,  397,  403,  696,  259,  413,  482,   97,  118,  588,  721,  701,  965,  297, 1083,  725,  247,  700,  442,  313,  804,  443,  561, 1020,  706,   35,  348,  593,  679,  479,  795,  596,  580,  459,  394,  532,    0,  176],
        [  743,  743,  811,  354,  836,   75,  774, 1000,  666,  249,  986,  383,  584,  535,  574,  635,  145,  258,  409,  223,  279,  670,  854,  682,  925,  122, 1133,  652,  363,  793,  319,  405,  850,  532,  646, 1062,  614,  142,  515,  487,  574,  392,  804,  755,  589,  351,  357,  546,  176,    0]
    ]
}
