{
    "name": "random-76-16799",
    "comment": "size=76 seed=16799",
    "nodes": ["+0", "-0", "+1", "-1", "+2", "-2", "+3", "-3", "+4", "-4", "+5", "-5", "+6", "-6", "+7", "-7", "+8", "-8", "+9", "-9", "+10", "-10", "+11", "-11", "+12", "-12", "+13", "-13", "+14", "-14", "+15", "-15", "+16", "-16", "+17", "-17", "+18", "-18", "+19", "-19", "+20", "-20", "+21", "-21", "+22", "-22", "+23", "-23", "+24", "-24", "+25", "-25", "+26", "-26", "+27", "-27", "+28", "-28", "+29", "-29", "+30", "-30", "+31", "-31", "+32", "-32", "+33", "-33", "+34", "-34", "+35", "-35", "+36", "-36", "+37", "-37", "+38", "-38", "+39", "-39", "+40", "-40", "+41", "-41", "+42", "-42", "+43", "-43", "+44", "-44", "+45", "-45", "+46", "-46", "+47", "-47", "+48", "-48", "+49", "-49", "+50", "-50", "+51", "-51", "+52", "-52", "+53", "-53", "+54", "-54", "+55", "-55", "+56", "-56", "+57", "-57", "+58", "-58", "+59", "-59", "+60", "-60", "+61", "-61", "+62", "-62", "+63", "-63", "+64", "-64", "+65", "-65", "+66", "-66", "+67", "-67", "+68", "-68", "+69", "-69", "+70", "-70", "+71", "-71", "+72", "-72", "+73", "-73", "+74", "-74", "+75", "-75", "+76", "-76"],
    "precedence": {
        "+0": "-0",
        "+1": "-1",
        "+2": "-2",
        "+3": "-3",
        "+4": "-4",
        "+5": "-5",
        "+6": "-6",
        "+7": "-7",
        "+8": "-8",
        "+9": "-9",
        "+10": "-10",
        "+11": "-11",
        "+12": "-12",
        "+13": "-13",
        "+14": "-14",
        "+15": "-15",
        "+16": "-16",
        "+17": "-17",
        "+18": "-18",
        "+19": "-19",
        "+20": "-20",
        "+21": "-21",
        "+22": "-22",
        "+23": "-23",
        "+24": "-24",
        "+25": "-25",
        "+26": "-26",
        "+27": "-27",
        "+28": "-28",
        "+29": "-29",
        "+30": "-30",
        "+31": "-31",
        "+32": "-32",
        "+33": "-33",
        "+34": "-34",
        "+35": "-35",
        "+36": "-36",
        "+37": "-37",
        "+38": "-38",
        "+39": "-39",
        "+40": "-40",
        "+41": "-41",
        "+42": "-42",
        "+43": "-43",
        "+44": "-44",
        "+45": "-45",
        "+46": "-46",
        "+47": "-47",
        "+48": "-48",
        "+49": "-49",
        "+50": "-50",
        "+51": "-51",
        "+52": "-52",
        "+53": "-53",
        "+54": "-54",
        "+55": "-55",
        "+56": "-56",
        "+57": "-57",
        "+58": "-58",
        "+59": "-59",
        "+60": "-60",
        "+61": "-61",
        "+62": "-62",
        "+63": "-63",
        "+64": "-64",
        "+65": "-65",
        "+66": "-66",
        "+67": "-67",
        "+68": "-68",
        "+69": "-69",
        "+70": "-70",
        "+71": "-71",
        "+72": "-72",
        "+73": "-73",
        "+74": "-74",
        "+75": "-75",
        "+76": "-76"
    },
    "edges": [
        [    0,    0,  729,  652,  318,  210,  459,  248,  748,  744,  174,  728,  237,  668,   89,  222,  684,  919,  519,  578,  575,  721,  463,  395,  946, 1009,  387,  717,  690,  235,  383,  600,  173,  352,  565,  608,  716,  391,  832,  648,  223,  325,  212,  443,  402,  292,  445,  656,  518,  461,  546,   80,  209,  673,  695,  108,   38,  557,  386,  270,  933,  570,  125,  669,  615,  811,  117,  681,  119,  697,  472,  413,  777,  833,  277,  583,  793,   93,  967,  678,  376,  686,  661,  483,  187,  561,  585,  311,  788,  336,  758,  609,  151,  642,  420,  417,  568,  378,  598,  225,  218,  791,   40,  134,  423,  264,  566,  511,  253,  543,  118,  425,  648,  228,  396,  898,  382,  469,  744,  877,  261,  340,  425,  701,  370,  262,  415,  432,  480,  660,  413,  243,  254,  708,  526,  617,  213,  589,  398,  456,  482,  889,  522,   97,  479,  593,  578,  496,  432,  269,  759,  441,  871,  720],
        [    0,    0,    0,    0,    0,    0,    0,    0,    0,    0,    0,    0,    0,    0,    0,    0,    0,    0,    0,    0,    0,    0,    0,    0,    0,    0,    0,    0,    0,    0,    0,    0,    0,    0,    0,    0,    0,    0,    0,    0,    0,    0,    0,    0,    0,    0,    0,    0,    0,    0,    0,    0,    0,    0,    0,    0,    0,    0,    0,    0,    0,    0,    0,    0,    0,    0,    0,    0,    0,    0,    0,    0,    0,    0,    0,    0,    0,    0,    0,    0,    0,    0,    0,    0,    0,    0,    0,    0,    0,    0,    0,    0,    0,    0,    0,    0,    0,    0,    0,    0,    0,    0,    0,    0,    0,    0,    0,    0,    0,    0,    0,    0,    0,    0,    0,    0,    0,    0,    0,    0,    0,    0,    0,    0,    0,    0,    0,    0,    0,    0,    0,    0,    0,    0,    0,    0,    0,    0,    0,    0,    0,    0,    0,    0,    0,    0,    0,    0,    0,    0,    0,    0,    0,    0],
        [  729,    0,    0,  700,  568,  529,  675,  587, 1136,  736,  623,  172,  939,  178,  682,  527,   47,  455,  625,  439,  698,   19,  786,  548,  577,  592,  567,  191,  188,  790,  382,  286,  560,  556,  284,  136,  405,  449,  544,   86,  651,  411,  535,  433,  865,  870,  810,   90,  622,  944,  559,  749,  876,  702,  312,  830,  744,  539,  546,  486,  586,  320,  744,  951,  187,  684,  795,  816,  675,  255,  746,  353,  248,  543,  573,  263,  487,  822,  603,   57,  811,  323,  357,  726,  726,  184,  596,  432,  337,  822,  186,  267,  579,  103,  750,  348,  732,  353,  214,  644,  512,  686,  749,  627,  714,  718,  658,  487,  795,  481,  651,  353,  312,  523,  546,  522,  422,  736,   15,  555,  498,  583,  761, 1026,  558,  468,  364,  602,  292,  587,  674,  710,  627,  295,  329,  664,  551, 1028,  363,  277,  925,  363,  721,  676,  933, 1044,  273,  276,  474,  915,   67,  583,  635,  840],
        [  652,    0,  700,    0,  811,  629,  197,  762,  486,   93,  486,  833,  866,  797,  564,  655,  681,  497,  138,  262,   83,  709,  259,  862,  430,  503,  281,  841,  523,  481,  684,  828,  615,  831,  423,  685,  338,  361,  319,  634,  429,  613,  649,  330,  394,  508,  298,  701,  140,  437,  157,  728,  858,   23,  917,  740,  689,  170,  291,  478,  406,  831,  549,  286,  516,  191,  768,  120,  533,  877,  218,  688,  915,  321,  390,  441,  326,  705,  438,  652,  364,  399,  927,  194,  482,  674,  110,  639,  986,  414,  565,  434,  588,  695,  272,  462,  111,  588,  764,  788,  562,  167,  692,  533,  248,  865,   87,  236,  888,  228,  540,  443,  885,  658,  860,  414,  401,  214,  709,  361,  670,  321,  275,  365,  301,  571,  438,  226,  469,  126,  243,  423,  400,  912,  798,   43,  680,  443,  678,  613,  393,  542,  151,  696,  406,  462,  798,  475,  836,  594,  765,  223,  294,  140],
        [  318,    0,  568,  811,    0,  186,  651,   71, 1033,  894,  374,  500,  429,  443,  348,  160,  524,  904,  676,  635,  752,  554,  702,   78,  975, 1022,  535,  483,  615,  527,  196,  343,  212,   34,  539,  433,  734,  459,  881,  507,  444,  220,  167,  504,  684,  598,  697,  480,  674,  754,  667,  278,  352,  828,  421,  368,  303,  666,  522,  334,  969,  306,  421,  917,  536,  923,  304,  879,  369,  441,  693,  220,  524,  881,  437,  546,  828,  384,  999,  532,  645,  673,  374,  693,  460,  386,  715,  189,  510,  617,  672,  575,  249,  466,  654,  397,  760,  274,  376,  107,  252,  909,  306,  332,  640,  155,  728,  601,  238,  626,  344,  416,  376,  155,   78,  918,  425,  686,  581,  917,  142,  503,  662,  966,  514,  242,  414,  593,  438,  770,  614,  496,  454,  439,  268,  770,  140,  879,  214,  318,  765,  843,  720,  222,  765,  886,  332,  447,  130,  586,  571,  591,  946,  916],
        [  210,    0,  529,  629,  186,    0,  465,  133,  857,  714,  196,  519,  411,  458,  195,   27,  482,  780,  493,  475,  568,  519,  518,  250,  832,  887,  351,  508,  517,  365,  175,  393,   40,  211,  411,  403,  592,  288,  729,  450,  264,  119,   21,  337,  511,  443,  516,  451,  491,  585,  490,  221,  353,  647,  491,  303,  218,  492,  339,  154,  823,  367,  272,  733,  438,  752,  268,  694,  207,  489,  507,  204,  568,  729,  251,  423,  681,  300,  856,  480,  468,  543,  462,  507,  294,  354,  537,  102,  584,  446,  582,  452,   77,  436,  470,  257,  575,  177,  388,  168,   68,  737,  223,  161,  455,  252,  545,  430,  304,  457,  179,  272,  444,   33,  249,  778,  259,  500,  543,  769,   61,  317,  479,  784,  330,   78,  266,  409,  313,  597,  429,  320,  270,  502,  322,  588,   52,  706,  189,  252,  592,  734,  535,  148,  593,  715,  370,  327,  256,  451,  553,  407,  786,  731],
        [  459,    0,  675,  197,  651,  465,    0,  594,  463,  290,  299,  776,  670,  730,  372,  492,  645,  607,   88,  274,  118,  679,  116,  710,  577,  649,  128,  779,  527,  286,  555,  734,  444,  674,  395,  623,  409,  248,  457,  596,  237,  476,  485,  246,  234,  323,  149,  651,   90,  300,  159,  536,  663,  220,  831,  544,  496,  183,  148,  325,  556,  728,  352,  291,  491,  376,  575,  231,  341,  800,   72,  566,  854,  458,  215,  418,  441,  508,  591,  620,  190,  435,  829,   53,  285,  598,  167,  497,  911,  233,  586,  424,  413,  641,   97,  364,  112,  468,  682,  613,  400,  353,  499,  347,   61,  685,  117,  200,  701,  220,  351,  349,  793,  496,  708,  545,  287,   62,  686,  504,  514,  149,  105,  359,  147,  419,  340,   76,  397,  248,   47,  226,  211,  831,  690,  170,  514,  358,  554,  514,  267,  624,   70,  510,  278,  375,  704,  409,  697,  407,  734,   93,  462,  269],
        [  248,    0,  587,  762,   71,  133,  594,    0,  965,  847,  310,  538,  376,  479,  278,  109,  541,  891,  625,  602,  699,  574,  639,  148,  952, 1004,  483,  522,  612,  457,  206,  388,  151,  104,  522,  453,  712,  419,  854,  519,  380,  202,  113,  466,  616,  527,  633,  501,  623,  685,  622,  212,  303,  780,  473,  303,  234,  624,  471,  286,  945,  353,  351,  854,  532,  883,  244,  824,  301,  487,  632,  235,  570,  854,  380,  531,  803,  317,  977,  546,  578,  656,  431,  634,  391,  404,  669,  172,  565,  549,  672,  560,  185,  487,  591,  373,  705,  263,  409,   58,  201,  868,  238,  266,  580,  136,  677,  561,  209,  587,  275,  390,  427,  107,  148,  897,  388,  626,  600,  892,  109,  448,  599,  901,  462,  202,  386,  540,  421,  729,  556,  429,  392,  489,  312,  721,   82,  810,  225,  321,  697,  836,  663,  153,  697,  817,  373,  432,  190,  515,  598,  539,  914,  862],
        [  748,    0, 1136,  486, 1033,  857,  463,  965,    0,  518,  661, 1238,  863, 1190,  690,  883, 1107,  981,  515,  713,  452, 1140,  360, 1104,  900,  971,  583, 1239,  978,  515,  987, 1184,  823, 1062,  854, 1084,  819,  706,  798, 1058,  593,  905,  873,  708,  350,  462,  349, 1113,  517,  289,  587,  823,  898,  498, 1284,  779,  780,  610,  604,  750,  874, 1174,  625,  200,  950,  639,  839,  374,  665, 1257,  393, 1004, 1314,  800,  629,  875,  812,  741,  902, 1081,  389,  869, 1276,  411,  575, 1057,  562,  918, 1367,  417, 1030,  878,  785, 1103,  405,  822,  413,  911, 1138,  962,  802,  616,  780,  701,  434, 1011,  491,  652,  993,  663,  690,  809, 1243,  889, 1103,  893,  743,  403, 1147,  837,  915,  584,  394,  122,  597,  836,  799,  538,  859,  610,  472,  538,  593, 1286, 1132,  506,  896,  161,  990,  967,  269, 1027,  416,  835,  270,  161, 1155,  871, 1110,  520, 1196,  556,  753,  377],
        [  744,    0,  736,   93,  894,  714,  290,  847,  518,    0,  577,  879,  959,  848,  656,  739,  721,  472,  227,  309,  174,  746,  343,  942,  383,  454,  369,  889,  551,  571,  758,  888,  702,  912,  470,  736,  346,  439,  285,  677,  521,  691,  734,  402,  477,  595,  381,  747,  229,  512,  230,  819,  950,   71,  973,  832,  781,  235,  377,  562,  357,  894,  641,  323,  557,  123,  860,  147,  625,  930,  305,  759,  962,  287,  479,  485,  309,  797,  386,  691,  450,  420,  987,  283,  574,  730,  181,  718, 1037,  501,  584,  473,  677,  742,  360,  531,  196,  661,  820,  875,  647,  100,  784,  624,  339,  953,  178,  304,  979,  288,  632,  511,  944,  742,  940,  378,  477,  302,  743,  321,  752,  411,  363,  397,  389,  653,  508,  315,  530,  151,  336,  515,  491,  966,  864,  128,  766,  500,  751,  679,  466,  531,  240,  786,  479,  519,  859,  534,  912,  682,  801,  311,  237,  142],
        [  174,    0,  623,  486,  374,  196,  299,  310,  661,  577,    0,  659,  407,  601,   87,  222,  580,  756,  350,  409,  413,  619,  330,  444,  775,  840,  214,  653,  551,  180,  345,  561,  163,  403,  417,  520,  550,  228,  660,  538,   71,  265,  213,  277,  316,  262,  323,  563,  349,  391,  374,  244,  382,  506,  662,  276,  209,  384,  213,  138,  761,  541,  123,  545,  481,  639,  288,  528,   62,  649,  327,  368,  721,  661,  104,  436,  623,  249,  796,  568,  273,  528,  641,  332,  109,  477,  413,  270,  753,  252,  619,  460,  126,  549,  283,  283,  410,  296,  536,  319,  148,  620,  212,   49,  275,  387,  399,  339,  404,  371,   57,  284,  616,  228,  443,  728,  228,  322,  637,  705,  255,  168,  290,  592,  197,  190,  274,  262,  346,  487,  256,  124,   88,  669,  496,  449,  236,  511,  353,  370,  396,  733,  366,  212,  398,  520,  534,  363,  451,  293,  664,  269,  698,  566],
        [  728,    0,  172,  833,  500,  519,  776,  538, 1238,  879,  659,    0,  910,   61,  699,  509,  164,  626,  740,  573,  819,  155,  880,  459,  748,  763,  656,   23,  350,  837,  347,  163,  556,  479,  411,  154,  565,  533,  709,  204,  702,  406,  518,  532,  938,  919,  898,  133,  738, 1018,  683,  729,  839,  838,  149,  817,  734,  666,  635,  527,  756,  203,  770, 1063,  323,  839,  770,  944,  700,   92,  845,  317,   83,  708,  635,  395,  651,  818,  774,  196,  885,  481,  202,  829,  767,  186,  725,  417,  167,  887,  357,  408,  585,  139,  838,  418,  849,  365,  132,  594,  525,  839,  739,  650,  806,  655,  780,  606,  737,  607,  673,  430,  162,  503,  456,  692,  498,  835,  174,  724,  472,  661,  849, 1135,  643,  478,  440,  701,  380,  729,  767,  764,  684,  128,  233,  794,  525, 1116,  331,  290, 1006,  533,  831,  656, 1013, 1130,  168,  369,  383,  949,  120,  684,  799,  972],
        [  237,    0,  939,  866,  429,  411,  670,  376,  863,  959,  407,  910,    0,  851,  320,  412,  892, 1155,  739,  814,  786,  928,  647,  497, 1181, 1245,  615,  896,  919,  399,  567,  763,  384,  459,  799,  810,  953,  627, 1067,  861,  445,  529,  405,  679,  550,  414,  619,  858,  739,  582,  775,  192,   80,  888,  848,  131,  209,  788,  617,  504, 1167,  728,  318,  830,  842, 1036,  144,  878,  347,  862,  668,  598,  945, 1067,  510,  815, 1028,  163, 1202,  891,  543,  922,  803,  684,  385,  761,  810,  507,  938,  493,  986,  842,  374,  844,  612,  648,  772,  588,  780,  324,  442, 1015,  204,  370,  624,  292,  783,  745,  217,  777,  352,  657,  802,  416,  498, 1134,  618,  667,  953, 1112,  444,  568,  614,  845,  600,  479,  648,  655,  709,  888,  623,  444,  479,  864,  687,  835,  390,  705,  585,  662,  618, 1124,  726,  264,  611,  703,  748,  725,  558,  344,  959,  666, 1101,  916],
        [  668,    0,  178,  797,  443,  458,  730,  479, 1190,  848,  601,   61,  851,    0,  640,  448,  155,  626,  698,  540,  778,  160,  831,  406,  742,  763,  607,   52,  337,  779,  287,  116,  496,  423,  378,  112,  546,  484,  695,  183,  646,  347,  458,  487,  884,  862,  847,  111,  696,  965,  644,  669,  780,  804,  139,  757,  673,  628,  586,  470,  749,  154,  711, 1018,  297,  815,  711,  906,  641,   85,  797,  256,  125,  693,  580,  365,  636,  758,  768,  184,  832,  461,  180,  782,  709,  133,  688,  357,  189,  832,  355,  380,  525,  110,  788,  368,  807,  306,   72,  535,  465,  813,  678,  591,  757,  598,  740,  566,  680,  570,  614,  382,  134,  443,  403,  685,  447,  788,  185,  712,  412,  610,  799, 1089,  593,  419,  391,  654,  336,  697,  718,  708,  629,  125,  178,  757,  465, 1065,  271,  233,  954,  537,  786,  596,  960, 1078,  114,  326,  329,  891,  146,  638,  782,  934],
        [   89,    0,  682,  564,  348,  195,  372,  278,  690,  656,   87,  699,  320,  640,    0,  216,  637,  840,  431,  494,  488,  675,  385,  423,  862,  926,  299,  691,  625,  179,  365,  585,  156,  379,  494,  569,  635,  311,  747,  598,  136,  294,  205,  362,  341,  252,  370,  614,  430,  407,  458,  164,  297,  585,  684,  190,  125,  470,  299,  203,  848,  560,   77,  595,  552,  723,  205,  597,   32,  679,  390,  392,  755,  747,  190,  513,  709,  163,  882,  628,  307,  610,  657,  399,  116,  523,  496,  289,  777,  273,  693,  537,  120,  600,  340,  352,  482,  338,  572,  273,  175,  703,  128,   57,  339,  329,  478,  426,  332,  457,   34,  357,  638,  223,  422,  814,  307,  386,  696,  792,  254,  252,  346,  634,  282,  222,  347,  343,  416,  572,  327,  164,  166,  694,  515,  529,  219,  534,  377,  416,  422,  815,  436,  149,  421,  540,  561,  433,  445,  256,  717,  352,  783,  636],
        [  222,    0,  527,  655,  160,   27,  492,  109,  883,  739,  222,  509,  412,  448,  216,    0,  481,  794,  518,  495,  594,  517,  545,  223,  849,  903,  377,  497,  525,  388,  162,  378,   62,  184,  424,  399,  609,  310,  748,  451,  290,  118,   11,  358,  537,  466,  542,  447,  516,  610,  514,  223,  350,  672,  475,  310,  226,  515,  364,  178,  841,  350,  293,  760,  446,  775,  269,  720,  230,  475,  534,  193,  555,  748,  278,  436,  699,  310,  873,  480,  494,  557,  443,  534,  318,  350,  561,   96,  568,  472,  589,  464,  101,  433,  497,  272,  601,  180,  378,  149,   94,  760,  230,  186,  482,  233,  570,  452,  291,  479,  202,  287,  427,    7,  222,  795,  280,  527,  541,  788,   39,  344,  506,  811,  356,   95,  282,  435,  325,  620,  455,  346,  297,  486,  305,  614,   30,  732,  178,  251,  617,  745,  561,  150,  619,  740,  356,  338,  231,  470,  548,  433,  806,  758],
        [  684,    0,   47,  681,  524,  482,  645,  541, 1107,  721,  580,  164,  892,  155,  637,  481,    0,  472,  599,  420,  674,   39,  754,  506,  589,  608,  533,  179,  186,  749,  336,  254,  514,  512,  260,   91,  401,  413,  546,   49,  610,  364,  488,  400,  828,  829,  777,   51,  596,  908,  535,  702,  829,  684,  293,  784,  697,  516,  511,  443,  596,  285,  700,  924,  165,  677,  749,  795,  631,  238,  715,  307,  246,  545,  534,  241,  488,  776,  615,   32,  774,  317,  333,  696,  683,  138,  575,  386,  330,  784,  200,  249,  534,   61,  716,  308,  706,  307,  178,  598,  467,  677,  702,  582,  681,  672,  634,  461,  749,  458,  607,  314,  286,  477,  503,  532,  384,  705,   61,  561,  451,  546,  727,  998,  523,  423,  325,  570,  255,  571,  642,  670,  586,  278,  290,  643,  504,  995,  317,  231,  890,  384,  693,  629,  898, 1010,  238,  240,  432,  872,   90,  552,  635,  820],
        [  919,    0,  455,  497,  904,  780,  607,  891,  981,  472,  756,  626, 1155,  626,  840,  794,  472,    0,  521,  356,  549,  472,  715,  915,  139,  138,  576,  645,  303,  855,  713,  719,  792,  905,  370,  541,  209,  530,  188,  452,  739,  689,  795,  479,  841,  914,  752,  519,  519,  903,  449,  972, 1115,  484,  764, 1026,  948,  426,  565,  654,  158,  744,  869,  782,  374,  363, 1021,  608,  818,  708,  667,  695,  700,  186,  659,  360,  172, 1003,  161,  444,  795,  237,  804,  640,  818,  567,  447,  720,  790,  832,  272,  331,  789,  524,  703,  523,  589,  631,  640,  940,  728,  380,  953,  787,  666, 1024,  517,  435, 1083,  405,  807,  509,  757,  793,  912,  103,  539,  658,  453,  161,  783,  619,  711,  860,  583,  703,  516,  566,  471,  379,  637,  773,  704,  748,  737,  485,  823,  933,  696,  592,  865,   98,  609,  911,  877,  952,  698,  459,  854,  989,  512,  546,  261,  611],
        [  519,    0,  625,  138,  676,  493,   88,  625,  515,  227,  350,  740,  739,  698,  431,  518,  599,  521,    0,  201,   83,  630,  196,  728,  489,  561,  143,  745,  464,  368,  557,  716,  478,  696,  341,  588,  326,  234,  369,  550,  297,  483,  513,  214,  321,  410,  232,  610,    3,  383,   77,  593,  726,  157,  809,  611,  556,  101,  155,  343,  469,  715,  422,  326,  438,  298,  635,  215,  400,  774,  148,  563,  821,  370,  253,  363,  354,  577,  503,  572,  278,  361,  814,  121,  357,  569,   80,  507,  884,  320,  518,  364,  451,  603,  184,  344,  109,  463,  657,  651,  425,  276,  559,  397,  149,  727,   53,  139,  752,  149,  406,  326,  774,  522,  726,  457,  275,  139,  635,  416,  535,  184,  191,  402,  164,  436,  319,   89,  363,  161,  127,  300,  266,  807,  680,  100,  543,  428,  552,  497,  347,  542,  100,  559,  359,  446,  686,  373,  706,  493,  687,   86,  377,  249],
        [  578,    0,  439,  262,  635,  475,  274,  602,  713,  309,  409,  573,  814,  540,  494,  495,  420,  356,  201,    0,  263,  447,  389,  670,  368,  432,  221,  582,  267,  500,  473,  582,  476,  647,  163,  428,  147,  192,  257,  373,  385,  418,  494,  140,  502,  562,  422,  441,  198,  572,  126,  639,  782,  266,  665,  683,  610,  103,  210,  329,  356,  590,  516,  520,  255,  297,  687,  377,  470,  621,  343,  468,  656,  258,  308,  179,  215,  657,  389,  390,  452,  162,  680,  318,  464,  422,  158,  448,  729,  484,  319,  173,  464,  435,  366,  243,  300,  375,  512,  643,  413,  288,  614,  445,  328,  726,  223,   81,  772,   55,  462,  223,  637,  497,  667,  320,  216,  333,  448,  300,  497,  264,  376,  597,  228,  401,  223,  218,  227,  159,  294,  418,  350,  658,  563,  225,  525,  627,  462,  378,  540,  355,  300,  586,  551,  645,  553,  228,  628,  635,  504,  197,  312,  401],
        [  575,    0,  698,   83,  752,  568,  118,  699,  452,  174,  413,  819,  786,  778,  488,  594,  674,  549,   83,  263,    0,  704,  181,  807,  496,  570,  218,  825,  530,  399,  638,  798,  550,  773,  415,  667,  369,  316,  380,  626,  353,  563,  588,  295,  316,  426,  220,  688,   85,  365,  140,  652,  780,  105,  891,  661,  612,  161,  232,  420,  473,  797,  469,  257,  511,  270,  691,  133,  457,  854,  138,  645,  900,  381,  322,  435,  378,  625,  506,  646,  283,  417,  895,  113,  402,  650,  110,  587,  964,  333,  580,  434,  521,  681,  190,  426,   41,  545,  738,  722,  501,  246,  615,  461,  166,  796,   40,  214,  816,  217,  466,  408,  856,  598,  805,  473,  357,  133,  708,  425,  612,  253,  194,  335,  239,  514,  401,  160,  444,  171,  164,  343,  325,  888,  762,   68,  618,  385,  634,  579,  322,  582,   70,  624,  335,  404,  768,  452,  786,  512,  761,  163,  367,  167],
        [  721,    0,   19,  709,  554,  519,  679,  574, 1140,  746,  619,  155,  928,  160,  675,  517,   39,  472,  630,  447,  704,    0,  789,  533,  594,  609,  568,  173,  201,  787,  369,  268,  551,  541,  290,  122,  419,  449,  559,   85,  648,  401,  524,  435,  865,  867,  812,   75,  627,  944,  566,  739,  865,  711,  294,  821,  734,  546,  547,  481,  603,  302,  738,  956,  194,  696,  785,  824,  669,  237,  750,  340,  232,  557,  571,  270,  501,  814,  620,   59,  811,  335,  339,  730,  722,  171,  604,  422,  320,  821,  203,  275,  571,   88,  752,  345,  738,  344,  197,  631,  505,  698,  740,  621,  716,  704,  665,  492,  782,  488,  645,  352,  293,  513,  530,  538,  421,  739,   28,  571,  487,  583,  762, 1031,  559,  460,  363,  605,  292,  596,  677,  708,  624,  277,  312,  671,  540, 1030,  350,  267,  926,  381,  726,  665,  934, 1046,  256,  277,  458,  910,   57,  586,  649,  848],
        [  463,    0,  786,  259,  702,  518,  116,  639,  360,  343,  330,  880,  647,  831,  385,  545,  754,  715,  196,  389,  181,  789,    0,  768,  674,  747,  224,  881,  642,  248,  633,  826,  490,  729,  509,  727,  521,  347,  555,  706,  260,  552,  537,  354,  136,  256,   40,  757,  198,  189,  271,  542,  654,  281,  925,  531,  500,  295,  246,  396,  652,  816,  342,  216,  604,  449,  574,  234,  355,  898,   49,  648,  956,  557,  276,  532,  546,  492,  685,  731,  110,  550,  918,   76,  277,  698,  269,  568, 1008,  163,  701,  539,  454,  747,   49,  464,  149,  554,  779,  648,  458,  425,  501,  376,   75,  711,  203,  316,  714,  335,  373,  450,  884,  550,  766,  647,  384,   58,  798,  601,  573,  225,   40,  269,  238,  486,  441,  186,  503,  344,  114,  222,  249,  926,  775,  247,  563,  243,  635,  608,  152,  736,  112,  532,  164,  260,  796,  516,  764,  343,  844,  205,  548,  271],
        [  395,    0,  548,  862,   78,  250,  710,  148, 1104,  942,  444,  459,  497,  406,  423,  223,  506,  915,  728,  670,  807,  533,  768,    0,  995, 1039,  590,  440,  618,  601,  204,  297,  281,   44,  558,  415,  757,  504,  907,  496,  513,  254,  232,  544,  756,  674,  765,  459,  726,  827,  713,  354,  418,  878,  364,  443,  380,  710,  575,  387,  991,  258,  497,  982,  542,  962,  378,  936,  443,  391,  756,  220,  473,  907,  498,  562,  853,  461, 1020,  519,  715,  690,  313,  754,  533,  371,  762,  225,  450,  690,  670,  590,  319,  446,  720,  428,  818,  297,  343,  181,  312,  950,  383,  404,  704,  210,  780,  643,  294,  666,  416,  447,  321,  218,    3,  937,  467,  749,  560,  942,  197,  561,  728, 1034,  569,  293,  447,  648,  459,  811,  676,  566,  519,  383,  228,  820,  208,  951,  220,  323,  837,  848,  779,  300,  838,  959,  292,  466,   77,  663,  542,  644,  977,  973],
        [  946,    0,  577,  430,  975,  832,  577,  952,  900,  383,  775,  748, 1181,  742,  862,  849,  589,  139,  489,  368,  496,  594,  674,  995,    0,   74,  575,  766,  408,  847,  791,  826,  838,  980,  437,  648,  241,  559,  121,  562,  747,  755,  849,  506,  806,  897,  713,  633,  488,  860,  427, 1007, 1150,  413,  880, 1051,  978,  408,  569,  693,   26,  848,  879,  704,  467,  263, 1055,  528,  836,  826,  627,  777,  825,  119,  673,  434,  154, 1023,   27,  559,  766,  306,  916,  600,  822,  668,  410,  787,  914,  809,  392,  406,  829,  636,  671,  580,  534,  701,  748,  998,  774,  284,  982,  813,  637, 1082,  471,  438, 1133,  406,  830,  563,  869,  850,  992,   59,  577,  620,  577,   74,  844,  622,  678,  779,  588,  756,  568,  552,  538,  331,  614,  770,  711,  866,  836,  429,  879,  872,  776,  675,  818,  235,  563,  951,  831,  891,  803,  529,  940,  978,  638,  535,  149,  524],
        [ 1009,    0,  592,  503, 1022,  887,  649, 1004,  971,  454,  840,  763, 1245,  763,  926,  903,  608,  138,  561,  432,  570,  609,  747, 1039,   74,    0,  644,  782,  436,  917,  835,  854,  895, 1026,  484,  675,  296,  620,  193,  587,  814,  805,  904,  567,  879,  969,  786,  655,  560,  933,  498, 1068, 1211,  486,  901, 1115, 1040,  478,  636,  752,   98,  878,  945,  776,  502,  333, 1116,  600,  901,  845,  700,  819,  837,  191,  739,  478,  218, 1088,   70,  580,  838,  350,  940,  673,  890,  700,  483,  836,  927,  881,  409,  449,  888,  659,  744,  632,  607,  749,  775, 1051,  831,  355, 1045,  876,  710, 1136,  544,  504, 1190,  473,  894,  616,  893,  903, 1036,  112,  636,  693,  590,  146,  896,  690,  750,  850,  655,  810,  622,  622,  586,  404,  685,  839,  778,  885,  869,  502,  933,  945,  819,  717,  891,  233,  636, 1010,  904,  964,  832,  576,  980, 1048,  649,  604,  218,  594],
        [  387,    0,  567,  281,  535,  351,  128,  483,  583,  369,  214,  656,  615,  607,  299,  377,  533,  576,  143,  221,  218,  568,  224,  590,  575,  644,    0,  658,  437,  280,  429,  607,  335,  556,  298,  503,  368,  124,  457,  484,  173,  351,  371,  136,  302,  343,  245,  534,  142,  380,  160,  458,  595,  299,  705,  485,  422,  173,   22,  203,  559,  601,  304,  418,  389,  425,  502,  346,  270,  676,  191,  439,  732,  458,  112,  321,  426,  454,  594,  510,  249,  369,  702,  179,  247,  475,  200,  372,  786,  272,  501,  334,  309,  524,  184,  240,  229,  340,  557,  508,  284,  406,  426,  259,  150,  585,  195,  142,  612,  173,  270,  227,  666,  380,  588,  533,  161,  182,  579,  503,  395,   48,  195,  484,   22,  297,  217,   59,  280,  274,  111,  198,  138,  705,  562,  241,  401,  463,  427,  388,  358,  572,  194,  419,  367,  478,  578,  293,  572,  414,  622,   58,  487,  383],
        [  717,    0,  191,  841,  483,  508,  779,  522, 1239,  889,  653,   23,  896,   52,  691,  497,  179,  645,  745,  582,  825,  173,  881,  440,  766,  782,  658,    0,  365,  831,  335,  143,  546,  461,  420,  158,  579,  534,  725,  216,  698,  397,  507,  536,  936,  914,  898,  144,  743, 1016,  690,  716,  824,  847,  126,  805,  722,  673,  636,  522,  773,  183,  763, 1067,  334,  852,  757,  951,  692,   69,  847,  305,   76,  723,  632,  405,  666,  806,  792,  210,  883,  494,  179,  831,  761,  184,  733,  406,  151,  884,  375,  419,  575,  148,  839,  418,  854,  358,  120,  578,  516,  851,  727,  642,  807,  637,  786,  612,  720,  614,  665,  431,  140,  491,  437,  709,  498,  837,  194,  740,  460,  661,  850, 1138,  644,  470,  441,  703,  384,  738,  768,  760,  681,  106,  215,  801,  512, 1116,  320,  285, 1005,  553,  835,  644, 1011, 1130,  151,  373,  364,  942,  141,  687,  814,  979],
        [  690,    0,  188,  523,  615,  517,  527,  612,  978,  551,  551,  350,  919,  337,  625,  525,  186,  303,  464,  267,  530,  201,  642,  618,  408,  436,  437,  365,    0,  695,  420,  419,  538,  612,  141,  241,  218,  338,  360,  155,  559,  412,  529,  304,  739,  769,  671,  227,  461,  815,  392,  729,  868,  522,  475,  797,  713,  370,  418,  423,  413,  443,  673,  786,   80,  496,  778,  641,  610,  421,  598,  399,  431,  359,  476,  119,  302,  781,  434,  155,  686,  135,  508,  576,  640,  265,  424,  441,  516,  707,   69,  104,  545,  229,  612,  274,  567,  350,  341,  665,  478,  498,  718,  568,  574,  747,  490,  329,  814,  316,  591,  268,  461,  523,  615,  350,  325,  588,  194,  376,  507,  465,  622,  864,  434,  443,  278,  459,  211,  404,  536,  611,  529,  461,  435,  489,  554,  884,  402,  298,  789,  230,  563,  660,  798,  901,  397,  195,  554,  827,  255,  438,  450,  662],
        [  235,    0,  790,  481,  527,  365,  286,  457,  515,  571,  180,  837,  399,  779,  179,  388,  749,  855,  368,  500,  399,  787,  248,  601,  847,  917,  280,  831,  695,    0,  523,  740,  327,  558,  555,  694,  647,  358,  727,  704,  139,  445,  378,  396,  168,   83,  222,  735,  368,  229,  422,  312,  410,  503,  841,  286,  269,  440,  292,  311,  829,  720,  111,  440,  633,  662,  336,  480,  159,  829,  271,  547,  900,  729,  220,  577,  702,  247,  864,  733,  147,  645,  819,  290,   73,  653,  445,  448,  932,  102,  762,  595,  289,  722,  215,  443,  379,  474,  715,  449,  326,  639,  269,  204,  233,  497,  403,  421,  485,  451,  187,  440,  795,  395,  600,  809,  374,  272,  803,  774,  425,  239,  216,  468,  274,  369,  429,  296,  502,  527,  242,   85,  167,  849,  675,  455,  395,  356,  532,  547,  248,  850,  333,  321,  245,  362,  714,  519,  619,  136,  835,  314,  744,  518],
        [  383,    0,  382,  684,  196,  175,  555,  206,  987,  758,  345,  347,  567,  287,  365,  162,  336,  713,  557,  473,  638,  369,  633,  204,  791,  835,  429,  335,  420,  523,    0,  221,  214,  193,  355,  248,  554,  324,  705,  315,  403,   83,  172,  357,  653,  604,  639,  296,  554,  732,  530,  383,  499,  697,  320,  470,  387,  524,  410,  238,  788,  197,  440,  842,  342,  768,  425,  770,  372,  315,  611,   32,  394,  704,  359,  358,  649,  472,  817,  341,  605,  486,  297,  604,  451,  199,  579,   77,  412,  593,  476,  387,  246,  282,  586,  231,  655,   99,  216,  263,  197,  757,  392,  322,  562,  338,  607,  455,  414,  474,  344,  251,  274,  157,  202,  733,  284,  603,  395,  738,  126,  411,  596,  902,  409,  155,  253,  486,  256,  621,  529,  464,  397,  330,  152,  641,  179,  845,   20,  123,  731,  649,  622,  310,  734,  856,  197,  263,  156,  620,  395,  477,  776,  805],
        [  600,    0,  286,  828,  343,  393,  734,  388, 1184,  888,  561,  163,  763,  116,  585,  378,  254,  719,  716,  582,  798,  268,  826,  297,  826,  854,  607,  143,  419,  740,  221,    0,  433,  319,  427,  179,  614,  488,  767,  268,  614,  296,  389,  503,  862,  822,  837,  204,  713,  942,  672,  589,  690,  837,  102,  680,  600,  659,  587,  441,  830,   40,  660, 1025,  364,  871,  627,  929,  592,  100,  798,  194,  183,  766,  560,  419,  708,  685,  853,  278,  811,  532,   99,  786,  668,  164,  719,  297,  193,  805,  450,  440,  466,  197,  780,  373,  822,  275,   79,  442,  416,  866,  604,  542,  752,  497,  762,  593,  581,  602,  563,  391,   59,  372,  295,  768,  448,  788,  295,  789,  340,  601,  791, 1091,  590,  371,  398,  660,  360,  740,  715,  677,  604,  110,   77,  786,  389, 1050,  210,  221,  936,  635,  796,  519,  941, 1062,   31,  355,  221,  840,  261,  647,  851,  960],
        [  173,    0,  560,  615,  212,   40,  444,  151,  823,  702,  163,  556,  384,  496,  156,   62,  514,  792,  478,  476,  550,  551,  490,  281,  838,  895,  335,  546,  538,  327,  214,  433,    0,  240,  425,  437,  599,  286,  732,  480,  232,  153,   52,  337,  476,  404,  485,  484,  476,  549,  481,  192,  330,  633,  531,  270,  184,  485,  325,  149,  828,  407,  232,  705,  460,  745,  241,  674,  169,  529,  482,  243,  607,  733,  230,  439,  686,  265,  861,  510,  435,  555,  502,  483,  256,  389,  526,  140,  624,  411,  604,  468,   39,  470,  442,  271,  555,  208,  426,  174,   65,  729,  189,  125,  429,  254,  529,  425,  296,  454,  141,  284,  484,   68,  280,  785,  262,  476,  574,  774,   99,  298,  450,  754,  314,   96,  277,  391,  330,  590,  405,  286,  242,  542,  361,  575,   74,  672,  227,  285,  557,  750,  513,  122,  558,  680,  410,  345,  293,  411,  587,  392,  785,  712],
        [  352,    0,  556,  831,   34,  211,  674,  104, 1062,  912,  403,  479,  459,  423,  379,  184,  512,  905,  696,  647,  773,  541,  729,   44,  980, 1026,  556,  461,  612,  558,  193,  319,  240,    0,  543,  421,  741,  475,  889,  498,  472,  230,  193,  518,  714,  630,  725,  466,  694,  785,  684,  311,  382,  847,  394,  401,  337,  682,  542,  354,  975,  281,  454,  944,  535,  937,  337,  901,  400,  416,  718,  214,  499,  889,  461,  549,  835,  418, 1005,  522,  674,  676,  345,  717,  490,  375,  732,  199,  482,  648,  667,  578,  278,  453,  681,  407,  783,  279,  357,  139,  275,  924,  340,  362,  666,  179,  748,  616,  263,  640,  374,  426,  349,  179,   44,  923,  439,  711,  568,  925,  162,  526,  689,  994,  535,  260,  424,  614,  443,  785,  639,  525,  480,  412,  247,  789,  167,  909,  210,  315,  795,  841,  744,  256,  796,  916,  311,  451,  102,  619,  555,  611,  956,  938],
        [  565,    0,  284,  423,  539,  411,  395,  522,  854,  470,  417,  411,  799,  378,  494,  424,  260,  370,  341,  163,  415,  290,  509,  558,  437,  484,  298,  420,  141,  555,  355,  427,  425,  543,    0,  267,  200,  198,  353,  212,  421,  321,  426,  164,  600,  629,  536,  279,  339,  677,  276,  611,  753,  428,  506,  673,  591,  257,  279,  296,  434,  439,  538,  667,   98,  444,  660,  536,  477,  461,  467,  342,  494,  352,  337,   23,  296,  654,  462,  232,  547,  135,  525,  446,  501,  265,  316,  353,  567,  567,  208,   44,  426,  273,  476,  155,  448,  265,  355,  571,  362,  439,  596,  438,  439,  655,  375,  203,  714,  199,  460,  143,  480,  424,  556,  380,  189,  457,  294,  384,  414,  325,  487,  743,  294,  334,  151,  324,  102,  319,  400,  471,  389,  498,  418,  384,  454,  752,  340,  242,  653,  326,  438,  546,  662,  768,  400,   93,  505,  688,  346,  304,  430,  562],
        [  608,    0,  136,  685,  433,  403,  623,  453, 1084,  736,  520,  154,  810,  112,  569,  399,   91,  541,  588,  428,  667,  122,  727,  415,  648,  675,  503,  158,  241,  694,  248,  179,  437,  421,  267,    0,  441,  380,  592,   90,  557,  285,  407,  379,  788,  776,  745,   49,  585,  868,  533,  622,  745,  692,  242,  705,  620,  517,  482,  384,  652,  204,  636,  910,  190,  706,  667,  794,  566,  194,  692,  218,  233,  591,  486,  254,  533,  701,  675,  106,  735,  357,  270,  675,  626,   50,  576,  304,  301,  739,  273,  271,  460,   35,  686,  265,  697,  232,  100,  510,  395,  703,  625,  516,  653,  583,  629,  455,  661,  458,  540,  277,  222,  394,  412,  590,  345,  682,  149,  613,  367,  509,  696,  981,  490,  349,  287,  547,  227,  586,  614,  619,  537,  232,  204,  645,  421,  963,  229,  154,  854,  458,  678,  548,  861,  978,  158,  216,  342,  812,  151,  531,  678,  822],
        [  716,    0,  405,  338,  734,  592,  409,  712,  819,  346,  550,  565,  953,  546,  635,  609,  401,  209,  326,  147,  369,  419,  521,  757,  241,  296,  368,  579,  218,  647,  554,  614,  599,  741,  200,  441,    0,  326,  155,  364,  531,  515,  609,  274,  641,  708,  557,  437,  324,  708,  251,  773,  916,  332,  681,  823,  746,  227,  356,  456,  235,  630,  661,  620,  251,  279,  822,  457,  612,  630,  473,  542,  647,  154,  452,  201,   97,  798,  266,  370,  593,   85,  708,  446,  610,  451,  261,  546,  730,  628,  240,  175,  592,  436,  504,  339,  410,  462,  537,  757,  535,  283,  751,  583,  466,  842,  333,  227,  894,  198,  602,  323,  662,  609,  755,  187,  340,  464,  410,  185,  604,  411,  513,  699,  375,  515,  327,  361,  299,  212,  434,  565,  496,  670,  612,  313,  639,  751,  540,  442,  672,  216,  421,  715,  684,  769,  588,  291,  705,  781,  471,  341,  238,  471],
        [  391,    0,  449,  361,  459,  288,  248,  419,  706,  439,  228,  533,  627,  484,  311,  310,  413,  530,  234,  192,  316,  449,  347,  504,  559,  620,  124,  534,  338,  358,  324,  488,  286,  475,  198,  380,  326,    0,  449,  365,  224,  253,  307,   53,  416,  433,  366,  412,  232,  496,  210,  449,  592,  376,  584,  498,  421,  208,  102,  138,  547,  484,  345,  538,  279,  465,  497,  448,  289,  554,  314,  329,  609,  449,  140,  220,  405,  474,  580,  392,  362,  301,  584,  300,  305,  352,  259,  280,  664,  376,  405,  239,  272,  401,  306,  117,  337,  229,  435,  455,  223,  451,  426,  258,  273,  538,  284,  143,  580,  170,  278,  103,  546,  312,  502,  508,   41,  304,  462,  492,  318,  134,  317,  606,  111,  219,   94,  173,  158,  311,  234,  274,  192,  584,  447,  319,  339,  585,  319,  268,  478,  507,  309,  394,  485,  600,  458,  173,  475,  491,  502,  160,  500,  482],
        [  832,    0,  544,  319,  881,  729,  457,  854,  798,  285,  660,  709, 1067,  695,  747,  748,  546,  188,  369,  257,  380,  559,  555,  907,  121,  193,  457,  725,  360,  727,  705,  767,  732,  889,  353,  592,  155,  449,    0,  512,  629,  661,  747,  397,  687,  777,  594,  585,  368,  742,  307,  895, 1037,  303,  831,  936,  865,  288,  452,  585,  103,  784,  761,  599,  404,  177,  943,  424,  720,  779,  508,  694,  790,    3,  558,  355,   60,  907,  137,  515,  646,  236,  861,  481,  703,  604,  290,  692,  875,  689,  365,  330,  721,  585,  551,  484,  419,  611,  690,  896,  668,  193,  869,  699,  517,  980,  353,  322, 1028,  290,  715,  466,  814,  749,  905,   96,  471,  501,  547,   47,  746,  504,  558,  677,  470,  654,  469,  432,  449,  212,  493,  651,  594,  819,  767,  313,  778,  760,  691,  595,  701,  258,  445,  842,  714,  779,  741,  443,  857,  857,  609,  415,   92,  425],
