{
    "name": "random-6-12899",
    "comment": "size=6 seed=12899",
    "nodes": ["+0", "-0", "+1", "-1", "+2", "-2", "+3", "-3", "+4", "-4", "+5", "-5", "+6", "-6"],
    "precedence": {
        "+0": "-0",
        "+1": "-1",
        "+2": "-2",
        "+3": "-3",
        "+4": "-4",
        "+5": "-5",
        "+6": "-6"
    },
    "edges": [
        [    0,    0,  417,  595,  467,  458,  406,  356,  458,  261,  328,  364,  465,  447],
        [    0,    0,  417,  595,  467,  458,  406,  356,  458,  261,  328,  364,  465,  447],
        [  417,  417,    0,  228,  271,  502,  461,  609,   83,  160,  711,  761,  879,  358],
        [  595,  595,  228,    0,  214,  489,  687,  832,  151,  365,  911,  896, 1056,  322],
        [  467,  467,  271,  214,    0,  276,  685,  771,  207,  316,  794,  716,  905,  110],
        [  458,  458,  502,  489,  276,    0,  806,  812,  461,  464,  750,  553,  792,  167],
        [  406,  406,  461,  687,  685,  806,    0,  238,  542,  370,  462,  720,  686,  727],
        [  356,  356,  609,  832,  771,  812,  238,    0,  681,  471,  245,  563,  469,  780],
        [  458,  458,   83,  151,  207,  461,  542,  681,    0,  216,  767,  783,  923,  305],
        [  261,  261,  160,  365,  316,  464,  370,  471,  216,    0,  554,  614,  721,  361],
        [  328,  328,  711,  911,  794,  750,  462,  245,  767,  554,    0,  353,  226,  769],
        [  364,  364,  761,  896,  716,  553,  720,  563,  783,  614,  353,    0,  264,  646],
        [  465,  465,  879, 1056,  905,  792,  686,  469,  923,  721,  226,  264,    0,  856],
        [  447,  447,  358,  322,  110,  167,  727,  780,  305,  361,  769,  646,  856,    0]
    ]
}
