{
    "name": "random-23-28501",
    "comment": "size=23 seed=28501",
    "nodes": ["+0", "-0", "+1", "-1", "+2", "-2", "+3", "-3", "+4", "-4", "+5", "-5", "+6", "-6", "+7", "-7", "+8", "-8", "+9", "-9", "+10", "-10", "+11", "-11", "+12", "-12", "+13", "-13", "+14", "-14", "+15", "-15", "+16", "-16", "+17", "-17", "+18", "-18", "+19", "-19", "+20", "-20", "+21", "-21", "+22", "-22", "+23", "-23"],
    "precedence": {
        "+0": "-0",
        "+1": "-1",
        "+2": "-2",
        "+3": "-3",
        "+4": "-4",
        "+5": "-5",
        "+6": "-6",
        "+7": "-7",
        "+8": "-8",
        "+9": "-9",
        "+10": "-10",
        "+11": "-11",
        "+12": "-12",
        "+13": "-13",
        "+14": "-14",
        "+15": "-15",
        "+16": "-16",
        "+17": "-17",
        "+18": "-18",
        "+19": "-19",
        "+20": "-20",
        "+21": "-21",
        "+22": "-22",
        "+23": "-23"
    },
    "edges": [
        [    0,    0,  609,  267,  197,  792,  288,  224,  393,  754,  512,  458,  412,  827,  909,  759, 1005,  357,  293,  260,  287,  196,  519,  699,  516,  482,  343,  419,  681,  525,  388,  365,  367,  686,  725,  733,  883,  726,  527,  237,  769,  692,  649,  554,  785,  487,  253,  439],
        [    0,    0,  609,  267,  197,  792,  288,  224,  393,  754,  512,  458,  412,  827,  909,  759, 1005,  357,  293,  260,  287,  196,  519,  699,  516,  482,  343,  419,  681,  525,  388,  365,  367,  686,  725,  733,  883,  726,  527,  237,  769,  692,  649,  554,  785,  487,  253,  439],
        [  609,  609,    0,  418,  437,  882,  381,  783,  984, 1223,  101,  527,  672,  856,  812, 1178,  972,  729,  893,  396,  394,  719,  789,  509,  549,  263,  383,  993,  647,  318,  933,  932,  245,  128,  998,  910,  953,  523,  920,  807,  633,  803, 1170,  722, 1211,  945,  631,  280],
        [  267,  267,  418,    0,   82,  621,   37,  489,  584,  812,  318,  235,  294,  634,  681,  778,  800,  321,  505,   36,   25,  309,  421,  439,  291,  224,   76,  584,  455,  259,  519,  523,  192,  460,  644,  599,  710,  466,  518,  503,  523,  523,  753,  399,  810,  531,  215,  182],
        [  197,  197,  437,   82,    0,  691,   93,  414,  548,  822,  336,  312,  343,  708,  761,  799,  877,  345,  461,   64,   96,  284,  469,  520,  369,  285,  154,  557,  534,  330,  501,  496,  194,  499,  692,  660,  781,  547,  542,  430,  605,  591,  748,  462,  830,  540,  227,  242],
        [  792,  792,  882,  621,  691,    0,  639,  989,  829,  661,  817,  393,  382,   84,  262,  554,  244,  465,  829,  655,  624,  654,  304,  416,  348,  627,  583,  779,  243,  565,  693,  742,  767,  829,  269,  123,   92,  420,  438,  989,  321,  101,  735,  239,  583,  539,  542,  626],
        [  288,  288,  381,   37,   93,  639,    0,  506,  618,  849,  281,  248,  324,  647,  685,  813,  810,  357,  537,   29,   17,  344,  451,  432,  301,  196,   66,  619,  462,  238,  555,  558,  157,  425,  674,  623,  726,  458,  553,  523,  522,  542,  790,  422,  845,  568,  252,  153],
        [  224,  224,  783,  489,  414,  989,  506,    0,  368,  815,  693,  678,  609, 1032, 1126,  850, 1213,  531,  271,  478,  507,  341,  698,  922,  736,  695,  564,  423,  899,  744,  439,  392,  556,  877,  882,  916, 1080,  950,  659,   30,  991,  891,  679,  754,  870,  591,  450,  653],
        [  393,  393,  984,  584,  548,  829,  618,  368,    0,  463,  883,  657,  508,  894, 1034,  520, 1072,  396,  105,  596,  609,  278,  530,  925,  703,  804,  646,   66,  833,  821,  138,   88,  739, 1042,  639,  725,  910,  950,  408,  344,  949,  747,  316,  630,  534,  310,  408,  763],
        [  754,  754, 1223,  812,  822,  661,  849,  815,  463,    0, 1127,  738,  565,  744,  920,  116,  883,  494,  547,  840,  834,  563,  478,  956,  751,  981,  841,  400,  799,  962,  380,  424, 1003, 1237,  394,  540,  706,  974,  311,  796,  919,  630,  160,  589,  101,  283,  600,  951],
        [  512,  512,  101,  318,  336,  817,  281,  693,  883, 1127,    0,  447,  581,  800,  774, 1085,  929,  633,  794,  296,  295,  618,  702,  473,  476,  191,  289,  892,  591,  258,  832,  831,  146,  187,  915,  835,  894,  491,  826,  717,  594,  733, 1071,  642, 1118,  847,  532,  197],
        [  458,  458,  527,  235,  312,  393,  248,  678,  657,  738,  447,    0,  177,  400,  454,  673,  566,  278,  609,  267,  235,  396,  270,  269,   59,  266,  191,  634,  225,  229,  550,  577,  377,  511,  471,  391,  479,  295,  427,  686,  315,  298,  726,  196,  707,  484,  256,  250],
        [  412,  412,  672,  294,  343,  382,  324,  609,  508,  565,  581,  177,    0,  424,  537,  508,  606,  112,  478,  328,  308,  281,  128,  430,  206,  420,  295,  475,  326,  398,  388,  423,  479,  674,  351,  325,  473,  453,  254,  610,  442,  283,  550,  145,  542,  307,  161,  394],
        [  827,  827,  856,  634,  708,   84,  647, 1032,  894,  744,  800,  400,  424,    0,  179,  637,  182,  518,  887,  666,  634,  703,  365,  368,  348,  610,  588,  847,  210,  543,  759,  807,  764,  793,  353,  205,  101,  367,  512, 1034,  260,  148,  815,  280,  667,  612,  582,  614],
        [  909,  909,  812,  681,  761,  262,  685, 1126, 1034,  920,  774,  454,  537,  179,    0,  815,  168,  643, 1014,  709,  674,  815,  510,  304,  395,  595,  620,  992,  229,  521,  904,  947,  771,  727,  530,  382,  252,  290,  672, 1132,  181,  301,  983,  405,  845,  769,  683,  612],
        [  759,  759, 1178,  778,  799,  554,  813,  850,  520,  116, 1085,  673,  508,  637,  815,    0,  771,  457,  589,  809,  797,  563,  405,  872,  679,  927,  797,  455,  709,  901,  413,  465,  969, 1181,  285,  434,  594,  889,  260,  833,  826,  531,  252,  507,   35,  272,  572,  901],
        [ 1005, 1005,  972,  800,  877,  244,  810, 1213, 1072,  883,  929,  566,  606,  182,  168,  771,    0,  700, 1068,  831,  797,  885,  544,  464,  510,  744,  747, 1023,  351,  672,  936,  985,  912,  891,  493,  359,  178,  453,  681, 1215,  341,  329,  971,  462,  796,  782,  763,  756],
        [  357,  357,  729,  321,  345,  465,  357,  531,  396,  494,  633,  278,  112,  518,  643,  457,  700,    0,  372,  352,  341,  191,  168,  539,  314,  492,  347,  364,  437,  483,  277,  311,  513,  748,  369,  386,  554,  563,  198,  528,  554,  372,  456,  241,  489,  218,  120,  459],
        [  293,  293,  893,  505,  461,  829,  537,  271,  105,  547,  794,  609,  478,  887, 1014,  589, 1068,  372,    0,  513,  530,  214,  526,  876,  659,  728,  573,  152,  802,  753,  178,  125,  649,  958,  667,  734,  914,  903,  434,  250,  913,  740,  408,  612,  607,  348,  353,  686],
        [  260,  260,  396,   36,   64,  655,   29,  478,  596,  840,  296,  267,  328,  666,  709,  809,  831,  352,  513,    0,   35,  325,  456,  459,  322,  223,   93,  600,  484,  267,  538,  539,  163,  447,  679,  634,  743,  486,  549,  494,  548,  557,  777,  433,  840,  559,  242,  180],
        [  287,  287,  394,   25,   96,  624,   17,  507,  609,  834,  295,  235,  308,  634,  674,  797,  797,  341,  530,   35,    0,  334,  435,  425,  288,  200,   59,  609,  450,  238,  543,  548,  173,  435,  657,  607,  712,  452,  537,  523,  513,  527,  777,  406,  829,  553,  237,  158],
        [  196,  196,  719,  309,  284,  654,  344,  341,  278,  563,  618,  396,  281,  703,  815,  563,  885,  191,  214,  325,  334,    0,  358,  663,  448,  527,  369,  276,  597,  545,  217,  215,  477,  769,  545,  576,  743,  690,  334,  337,  704,  559,  470,  423,  590,  292,  140,  486],
        [  519,  519,  789,  421,  469,  304,  451,  698,  530,  478,  702,  270,  128,  365,  510,  405,  544,  168,  526,  456,  435,  358,    0,  480,  275,  531,  418,  484,  336,  499,  396,  442,  605,  781,  224,  219,  390,  499,  177,  695,  459,  218,  495,  117,  439,  264,  268,  509],
        [  699,  699,  509,  439,  520,  416,  432,  922,  925,  956,  473,  269,  430,  368,  304,  872,  464,  539,  876,  459,  425,  663,  480,    0,  225,  301,  367,  900,  178,  227,  814,  844,  486,  430,  618,  487,  469,   28,  655,  934,  124,  369,  969,  367,  906,  729,  524,  326],
        [  516,  516,  549,  291,  369,  348,  301,  736,  703,  751,  476,   59,  206,  348,  395,  679,  510,  314,  659,  322,  288,  448,  275,  225,    0,  288,  240,  676,  167,  237,  590,  620,  419,  519,  457,  361,  432,  250,  443,  744,  258,  259,  751,  180,  713,  510,  309,  280],
        [  482,  482,  263,  224,  285,  627,  196,  695,  804,  981,  191,  266,  420,  610,  595,  927,  744,  492,  728,  223,  200,  527,  531,  301,  288,    0,  158,  800,  402,   75,  728,  738,  187,  257,  737,  648,  704,  324,  672,  713,  417,  544,  945,  460,  961,  710,  412,   44],
        [  343,  343,  383,   76,  154,  583,   66,  564,  646,  841,  289,  191,  295,  588,  620,  797,  747,  347,  573,   93,   59,  369,  418,  367,  240,  158,    0,  642,  398,  184,  571,  581,  190,  407,  637,  575,  669,  394,  538,  579,  456,  488,  795,  375,  830,  564,  257,  119],
        [  419,  419,  993,  584,  557,  779,  619,  423,   66,  400,  892,  634,  475,  847,  992,  455, 1023,  364,  152,  600,  609,  276,  484,  900,  676,  800,  642,    0,  798,  811,   89,   62,  750, 1044,  580,  672,  857,  924,  351,  401,  916,  701,  257,  589,  468,  251,  393,  760],
        [  681,  681,  647,  455,  534,  243,  462,  899,  833,  799,  591,  225,  326,  210,  229,  709,  351,  437,  802,  484,  450,  597,  336,  178,  167,  402,  398,  798,    0,  334,  709,  747,  563,  588,  444,  310,  307,  187,  512,  906,  123,  192,  830,  220,  742,  598,  460,  409],
        [  525,  525,  318,  259,  330,  565,  238,  744,  821,  962,  258,  229,  398,  543,  521,  901,  672,  483,  753,  267,  238,  545,  499,  227,  237,   75,  184,  811,  334,    0,  735,  751,  260,  284,  693,  595,  638,  250,  651,  760,  342,  486,  938,  416,  935,  698,  419,  102],
        [  388,  388,  933,  519,  501,  693,  555,  439,  138,  380,  832,  550,  388,  759,  904,  413,  936,  277,  178,  538,  543,  217,  396,  814,  590,  728,  571,   89,  709,  735,    0,   56,  693,  977,  503,  588,  772,  839,  271,  421,  828,  613,  261,  500,  432,  176,  317,  689],
        [  365,  365,  932,  523,  496,  742,  558,  392,   88,  424,  831,  577,  423,  807,  947,  465,  985,  311,  125,  539,  548,  215,  442,  844,  620,  738,  581,   62,  747,  751,   56,    0,  689,  983,  558,  639,  823,  869,  325,  373,  864,  660,  293,  542,  482,  231,  333,  698],
        [  367,  367,  245,  192,  194,  767,  157,  556,  739, 1003,  146,  377,  479,  764,  771,  969,  912,  513,  649,  163,  173,  477,  605,  486,  419,  187,  190,  750,  563,  260,  693,  689,    0,  323,  825,  764,  850,  509,  710,  578,  596,  674,  937,  564, 1001,  721,  404,  161],
        [  686,  686,  128,  460,  499,  829,  425,  877, 1042, 1237,  187,  511,  674,  793,  727, 1181,  891,  748,  958,  447,  435,  769,  781,  430,  519,  257,  407, 1044,  588,  284,  977,  983,  323,    0,  976,  873,  893,  439,  928,  899,  552,  760, 1200,  699, 1215,  966,  664,  290],
        [  725,  725,  998,  644,  692,  269,  674,  882,  639,  394,  915,  471,  351,  353,  530,  285,  493,  369,  667,  679,  657,  545,  224,  618,  457,  737,  637,  580,  444,  693,  503,  558,  825,  976,    0,  150,  315,  630,  234,  874,  555,  256,  482,  278,  315,  329,  483,  720],
        [  733,  733,  910,  599,  660,  123,  623,  916,  725,  540,  835,  391,  325,  205,  382,  434,  359,  386,  734,  634,  607,  576,  219,  487,  361,  648,  575,  672,  310,  595,  588,  639,  764,  873,  150,    0,  187,  496,  324,  913,  412,  118,  614,  202,  464,  426,  481,  639],
        [  883,  883,  953,  710,  781,   92,  726, 1080,  910,  706,  894,  479,  473,  101,  252,  594,  178,  554,  914,  743,  712,  743,  390,  469,  432,  704,  669,  857,  307,  638,  772,  823,  850,  893,  315,  187,    0,  468,  510, 1079,  360,  192,  794,  330,  621,  612,  633,  705],
        [  726,  726,  523,  466,  547,  420,  458,  950,  950,  974,  491,  295,  453,  367,  290,  889,  453,  563,  903,  486,  452,  690,  499,   28,  250,  324,  394,  924,  187,  250,  839,  869,  509,  439,  630,  496,  468,    0,  675,  961,  114,  379,  991,  386,  922,  751,  550,  349],
        [  527,  527,  920,  518,  542,  438,  553,  659,  408,  311,  826,  427,  254,  512,  672,  260,  681,  198,  434,  549,  537,  334,  177,  655,  443,  672,  538,  351,  512,  651,  271,  325,  710,  928,  234,  324,  510,  675,    0,  649,  635,  372,  319,  294,  293,  102,  316,  644],
        [  237,  237,  807,  503,  430,  989,  523,   30,  344,  796,  717,  686,  610, 1034, 1132,  833, 1215,  528,  250,  494,  523,  337,  695,  934,  744,  713,  579,  401,  906,  760,  421,  373,  578,  899,  874,  913, 1079,  961,  649,    0, 1000,  892,  657,  754,  853,  577,  453,  671],
        [  769,  769,  633,  523,  605,  321,  522,  991,  949,  919,  594,  315,  442,  260,  181,  826,  341,  554,  913,  548,  513,  704,  459,  124,  258,  417,  456,  916,  123,  342,  828,  864,  596,  552,  555,  412,  360,  114,  635, 1000,    0,  299,  953,  343,  859,  720,  565,  436],
        [  692,  692,  803,  523,  591,  101,  542,  891,  747,  630,  733,  298,  283,  148,  301,  531,  329,  372,  740,  557,  527,  559,  218,  369,  259,  544,  488,  701,  192,  486,  613,  660,  674,  760,  256,  118,  192,  379,  372,  892,  299,    0,  684,  139,  563,  470,  443,  539],
        [  649,  649, 1170,  753,  748,  735,  790,  679,  316,  160, 1071,  726,  550,  815,  983,  252,  971,  456,  408,  777,  777,  470,  495,  969,  751,  945,  795,  257,  830,  938,  261,  293,  937, 1200,  482,  614,  794,  991,  319,  657,  953,  684,    0,  612,  251,  243,  540,  910],
        [  554,  554,  722,  399,  462,  239,  422,  754,  630,  589,  642,  196,  145,  280,  405,  507,  462,  241,  612,  433,  406,  423,  117,  367,  180,  460,  375,  589,  220,  416,  500,  542,  564,  699,  278,  202,  330,  386,  294,  754,  343,  139,  612,    0,  541,  379,  305,  446],
        [  785,  785, 1211,  810,  830,  583,  845,  870,  534,  101, 1118,  707,  542,  667,  845,   35,  796,  489,  607,  840,  829,  590,  439,  906,  713,  961,  830,  468,  742,  935,  432,  482, 1001, 1215,  315,  464,  621,  922,  293,  853,  859,  563,  251,  541,    0,  299,  603,  934],
        [  487,  487,  945,  531,  540,  539,  568,  591,  310,  283,  847,  484,  307,  612,  769,  272,  782,  218,  348,  559,  553,  292,  264,  729,  510,  710,  564,  251,  598,  698,  176,  231,  721,  966,  329,  426,  612,  751,  102,  577,  720,  470,  243,  379,  299,    0,  318,  677],
        [  253,  253,  631,  215,  227,  542,  252,  450,  408,  600,  532,  256,  161,  582,  683,  572,  763,  120,  353,  242,  237,  140,  268,  524,  309,  412,  257,  393,  460,  419,  317,  333,  404,  664,  483,  481,  633,  550,  316,  453,  565,  443,  540,  305,  603,  318,    0,  374],
        [  439,  439,  280,  182,  242,  626,  153,  653,  763,  951,  197,  250,  394,  614,  612,  901,  756,  459,  686,  180,  158,  486,  509,  326,  280,   44,  119,  760,  409,  102,  689,  698,  161,  290,  720,  639,  705,  349,  644,  671,  436,  539,  910,  446,  934,  677,  374,    0]
    ]
}
