{
    "name": "random-77-1720",
    "comment": "size=77 seed=1720",
    "nodes": ["+0", "-0", "+1", "-1", "+2", "-2", "+3", "-3", "+4", "-4", "+5", "-5", "+6", "-6", "+7", "-7", "+8", "-8", "+9", "-9", "+10", "-10", "+11", "-11", "+12", "-12", "+13", "-13", "+14", "-14", "+15", "-15", "+16", "-16", "+17", "-17", "+18", "-18", "+19", "-19", "+20", "-20", "+21", "-21", "+22", "-22", "+23", "-23", "+24", "-24", "+25", "-25", "+26", "-26", "+27", "-27", "+28", "-28", "+29", "-29", "+30", "-30", "+31", "-31", "+32", "-32", "+33", "-33", "+34", "-34", "+35", "-35", "+36", "-36", "+37", "-37", "+38", "-38", "+39", "-39", "+40", "-40", "+41", "-41", "+42", "-42", "+43", "-43", "+44", "-44", "+45", "-45", "+46", "-46", "+47", "-47", "+48", "-48", "+49", "-49", "+50", "-50", "+51", "-51", "+52", "-52", "+53", "-53", "+54", "-54", "+55", "-55", "+56", "-56", "+57", "-57", "+58", "-58", "+59", "-59", "+60", "-60", "+61", "-61", "+62", "-62", "+63", "-63", "+64", "-64", "+65", "-65", "+66", "-66", "+67", "-67", "+68", "-68", "+69", "-69", "+70", "-70", "+71", "-71", "+72", "-72", "+73", "-73", "+74", "-74", "+75", "-75", "+76", "-76", "+77", "-77"],
    "precedence": {
        "+0": "-0",
        "+1": "-1",
        "+2": "-2",
        "+3": "-3",
        "+4": "-4",
        "+5": "-5",
        "+6": "-6",
        "+7": "-7",
        "+8": "-8",
        "+9": "-9",
        "+10": "-10",
        "+11": "-11",
        "+12": "-12",
        "+13": "-13",
        "+14": "-14",
        "+15": "-15",
        "+16": "-16",
        "+17": "-17",
        "+18": "-18",
        "+19": "-19",
        "+20": "-20",
        "+21": "-21",
        "+22": "-22",
        "+23": "-23",
        "+24": "-24",
        "+25": "-25",
        "+26": "-26",
        "+27": "-27",
        "+28": "-28",
        "+29": "-29",
        "+30": "-30",
        "+31": "-31",
        "+32": "-32",
        "+33": "-33",
        "+34": "-34",
        "+35": "-35",
        "+36": "-36",
        "+37": "-37",
        "+38": "-38",
        "+39": "-39",
        "+40": "-40",
        "+41": "-41",
        "+42": "-42",
        "+43": "-43",
        "+44": "-44",
        "+45": "-45",
        "+46": "-46",
        "+47": "-47",
        "+48": "-48",
        "+49": "-49",
        "+50": "-50",
        "+51": "-51",
        "+52": "-52",
        "+53": "-53",
        "+54": "-54",
        "+55": "-55",
        "+56": "-56",
        "+57": "-57",
        "+58": "-58",
        "+59": "-59",
        "+60": "-60",
        "+61": "-61",
        "+62": "-62",
        "+63": "-63",
        "+64": "-64",
        "+65": "-65",
        "+66": "-66",
        "+67": "-67",
        "+68": "-68",
        "+69": "-69",
        "+70": "-70",
        "+71": "-71",
        "+72": "-72",
        "+73": "-73",
        "+74": "-74",
        "+75": "-75",
        "+76": "-76",
        "+77": "-77"
    },
    "edges": [
        [    0,    0, 1042,  882, 1077,  389,  638,  996,  866,  911,  772,  783,  934,  875, 1227,  262, 1116,  797, 1022,  825,  873,  347,  699,  608,  759, 1308,  782, 1005,  819,  868,  518,  970, 1077, 1055,  541,  514,  886,  794,  523,   38,  524,  718,  368,  459, 1012,  892,  533,   91,  550, 1009, 1039,  478, 1058,  771,  347,  710, 1066,  705,  925, 1001,  640,  407,  821,  710,  327,  695,  749,  288, 1067,  960,  743, 1018,  988,  796,  783,  495,  928,  779,  815,  931,  971,  720,  816,  762,  592,  263,  447,  825,  606,  182,  559,  978,  769,  962,  842,  571,  460,  862, 1166, 1002, 1032,  338,  184,  997,  170, 1207,  843,  340,  848,  985,  838,  401,  636,  587,  360,  478, 1052,  915,  785,  600,  819,  949,  522,  904,  996,  656,  439,  688,  332, 1094,  948,  628,  816,  796,  683,   65,  844,  120,  679,  280,  369,  706,  984,  230,  937,  498, 1133,  537, 1087,  236,  752, 1232,  545,  587,  476,  884],
        [    0,    0,    0,    0,    0,    0,    0,    0,    0,    0,    0,    0,    0,    0,    0,    0,    0,    0,    0,    0,    0,    0,    0,    0,    0,    0,    0,    0,    0,    0,    0,    0,    0,    0,    0,    0,    0,    0,    0,    0,    0,    0,    0,    0,    0,    0,    0,    0,    0,    0,    0,    0,    0,    0,    0,    0,    0,    0,    0,    0,    0,    0,    0,    0,    0,    0,    0,    0,    0,    0,    0,    0,    0,    0,    0,    0,    0,    0,    0,    0,    0,    0,    0,    0,    0,    0,    0,    0,    0,    0,    0,    0,    0,    0,    0,    0,    0,    0,    0,    0,    0,    0,    0,    0,    0,    0,    0,    0,    0,    0,    0,    0,    0,    0,    0,    0,    0,    0,    0,    0,    0,    0,    0,    0,    0,    0,    0,    0,    0,    0,    0,    0,    0,    0,    0,    0,    0,    0,    0,    0,    0,    0,    0,    0,    0,    0,    0,    0,    0,    0,    0,    0,    0,    0,    0,    0],
        [ 1042,    0,    0,  458,  202,  750,  570,  255,  177,  609,  335,  921,  134,  966,  352,  784,  286,  897,   36,  605,  513,  761,  391,  451,  745,  406,  318,  267,  606,  681,  841,  257,  345,  321,  518,  529,  803,  602,  522, 1013,  830,  547,  715,  671,  565,  332,  522,  963,  523,  215,  101,  593,  224,  371,  878,  494,  268,  641,  444,  209,  686,  690,  315,  569,  867,  387,  867,  756,  499,  772,  339,  180,  639,  377,  940,  649,  356,  279,  268,  356,  142,  432,  696,  836,  451,  847,  818,  219,  438,  956,  597,   87,  787,  643,  657,  602,  638,  456,  462,  699,  104,  964,  973,  354,  880,  246,  362,  734,  257,  277,  240,  642,  578,  461,  757,  565,  352,  131,  299,  574,  224,  648,  905,  865,   70,  927,  710,  802,  758,  128,  545,  617,  235,  549,  437, 1000,  478,  924,  796,  763,  715,  952,  207,  848,  142,  797,  222,  566,  501,  860,  291,  372,  708,  882,  771,  642],
        [  882,    0,  458,    0,  643,  500,  247,  652,  377,  916,  555, 1121,  479, 1194,  808,  637,  727, 1107,  423,  872,   55,  537,  549,  516,  964,  864,  230,  667,  870,  958,  934,  638,  763,  735,  392,  467, 1067,  854,  440,  846,  926,  758,  693,  424,  922,  128,  537,  833,  574,  623,  542,  424,  654,  603,  883,  695,  694,  843,   45,  614,  850,  476,  582,  187,  860,  537, 1063,  650,  888, 1071,  259,  599,  973,  632, 1136,  389,  703,  464,  509,  109,  317,  632,  947, 1043,  432,  798,  875,  412,  452,  879,  700,  479, 1004,  966,  926,  313,  425,   21,  890, 1028,  366,  962,  898,  738,  762,  703,  117,  546,  238,  200,  275,  552,  736,  484,  525,  497,  759,  434,  517,  283,  397,  965,  994, 1125,  390, 1072,  748,  980,  725,  584,  110,  270,  442,  806,  233,  823,  767,  771,  971,  649,  693, 1114,  601,  772,  494,  882,  676,  634,  897,  796,  375,  827,  817, 1004,  844,  932],
        [ 1077,    0,  202,  643,    0,  844,  710,  102,  289,  457,  307,  800,  180,  830,  175,  835,   85,  773,  233,  475,  696,  845,  379,  470,  629,  248,  462,  104,  479,  539,  778,  124,  148,  129,  602,  584,  659,  482,  589, 1053,  766,  460,  720,  773,  389,  516,  546,  991,  529,   72,  103,  678,   33,  318,  853,  423,   72,  545,  634,   78,  604,  778,  262,  725,  848,  383,  752,  792,  309,  613,  469,   61,  470,  305,  820,  758,  217,  309,  265,  546,  333,  380,  566,  718,  510,  850,  774,  292,  486,  961,  561,  166,  667,  479,  522,  727,  733,  638,  261,  529,  306,  935,  976,  183,  909,  134,  537,  807,  417,  474,  388,  687,  516,  497,  843,  615,  161,  223,  293,  703,  306,  487,  838,  719,  261,  832,  687,  701,  762,   87,  737,  758,  284,  434,  570, 1045,  355,  964,  697,  801,  720,  848,   95,  862,  169,  742,   56,  553,  308,  868,  374,  191,  651,  802,  726,  496],
        [  389,    0,  750,  500,  844,    0,  253,  790,  579,  854,  576,  887,  673,  978, 1015,  187,  906,  887,  723,  776,  486,   49,  514,  415,  785, 1092,  446,  802,  771,  848,  629,  764,  893,  867,  243,  279,  916,  747,  264,  351,  627,  644,  355,   83,  921,  530,  359,  356,  403,  787,  778,  167,  835,  599,  504,  603,  857,  684,  544,  777,  647,   70,  628,  323,  477,  504,  835,  241,  942,  962,  415,  784,  931,  633,  895,  115,  763,  539,  589,  562,  648,  576,  811,  831,  342,  391,  550,  556,  370,  431,  498,  708,  814,  911,  815,  188,  113,  481, 1008,  966,  712,  561,  449,  827,  304,  960,  479,   97,  515,  628,  517,  231,  574,  373,   34,  263,  875,  641,  568,  220,  544,  903,  671,  958,  691,  790,  451,  753,  361,  834,  561,  240,  561,  723,  331,  327,  735,  287,  742,  231,  356,  841,  759,  347,  681,  583,  897,  435,  959,  375,  474, 1026,  567,  712,  544,  845],
        [  638,    0,  570,  247,  710,  253,    0,  682,  421,  853,  510,  984,  530, 1066,  884,  401,  784,  976,  538,  791,  236,  292,  473,  400,  847,  954,  253,  697,  787,  874,  761,  661,  795,  766,  214,  297,  967,  766,  267,  601,  755,  661,  495,  180,  890,  292,  387,  593,  433,  667,  624,  208,  710,  550,  678,  605,  741,  730,  291,  657,  718,  234,  555,   79,  653,  460,  927,  426,  884,  991,  241,  653,  923,  585,  996,  144,  693,  440,  494,  316,  445,  554,  850,  914,  303,  581,  691,  423,  333,  650,  558,  552,  883,  908,  840,   68,  189,  229,  920,  969,  509,  751,  669,  746,  528,  805,  242,  306,  315,  392,  332,  346,  615,  357,  279,  314,  783,  489,  485,   43,  408,  904,  815, 1018,  503,  913,  569,  842,  520,  676,  313,   49,  442,  727,  141,  577,  712,  529,  832,  423,  495,  960,  640,  548,  542,  709,  755,  487,  897,  574,  349,  899,  662,  838,  669,  858],
        [  996,    0,  255,  652,  102,  790,  682,    0,  277,  364,  227,  701,  174,  734,  232,  762,  121,  674,  278,  376,  702,  785,  298,  396,  529,  313,  448,   16,  380,  444,  678,   27,  115,   86,  549,  519,  565,  382,  528,  974,  666,  360,  634,  723,  310,  527,  469,  909,  447,   42,  158,  623,   71,  228,  758,  324,   71,  443,  650,   47,  503,  721,  176,  708,  755,  304,  652,  715,  247,  524,  445,   77,  387,  210,  721,  712,  117,  253,  201,  565,  362,  287,  468,  618,  449,  761,  677,  260,  422,  873,  467,  187,  567,  392,  425,  691,  680,  643,  242,  446,  352,  839,  887,  100,  827,  231,  539,  743,  416,  504,  382,  615,  418,  428,  785,  547,  108,  219,  223,  670,  276,  399,  738,  625,  296,  731,  595,  600,  676,  174,  753,  730,  241,  333,  542,  968,  254,  886,  596,  725,  634,  747,   52,  777,  158,  643,  151,  465,  252,  781,  334,  240,  552,  701,  628,  402],
        [  866,    0,  177,  377,  289,  579,  421,  277,    0,  558,  215,  822,  110,  880,  464,  608,  367,  802,  156,  530,  427,  587,  249,  287,  650,  533,  174,  292,  530,  614,  702,  262,  391,  362,  342,  353,  732,  519,  346,  837,  692,  441,  548,  501,  549,  257,  353,  789,  361,  254,  204,  418,  292,  262,  719,  380,  328,  535,  380,  244,  566,  517,  223,  437,  705,  242,  765,  581,  511,  720,  181,  235,  608,  283,  840,  482,  329,  131,  152,  300,  143,  313,  616,  738,  275,  679,  669,   58,  264,  786,  453,  132,  692,  604,  585,  443,  466,  368,  518,  665,  184,  805,  804,  361,  705,  387,  263,  558,  140,  260,  105,  466,  451,  290,  583,  389,  384,   68,  173,  418,   55,  605,  766,  793,  134,  807,  553,  691,  590,  259,  482,  470,   89,  467,  282,  824,  412,  748,  684,  587,  547,  839,  229,  676,  124,  655,  334,  410,  520,  691,  115,  479,  569,  753,  625,  582],
        [  911,    0,  609,  916,  457,  854,  853,  364,  558,    0,  362,  361,  493,  377,  490,  746,  419,  331,  624,   86,  958,  829,  381,  459,  212,  555,  687,  357,   92,   89,  446,  355,  335,  339,  656,  586,  204,  117,  611,  901,  435,  211,  559,  815,  118,  807,  498,  821,  452,  405,  519,  708,  424,  314,  590,  254,  392,  207,  927,  408,  277,  787,  337,  906,  600,  394,  323,  681,  211,  165,  663,  440,   79,  284,  381,  821,  253,  452,  411,  854,  685,  299,  134,  287,  553,  648,  487,  511,  522,  745,  369,  527,  239,   58,   88,  833,  768,  902,  337,  117,  694,  649,  753,  275,  755,  561,  800,  774,  687,  817,  649,  628,  288,  503,  835,  593,  310,  528,  400,  825,  524,   52,  489,  263,  634,  429,  474,  302,  587,  537, 1024,  895,  478,  132,  734,  906,  149,  826,  304,  694,  558,  427,  405,  684,  480,  437,  490,  422,  229,  675,  542,  480,  369,  430,  445,   46],
        [  772,    0,  335,  555,  307,  576,  510,  227,  215,  362,    0,  607,  202,  666,  458,  536,  347,  587,  333,  321,  596,  566,   73,  170,  435,  539,  326,  237,  320,  407,  507,  200,  320,  295,  342,  299,  522,  307,  312,  749,  496,  226,  413,  516,  382,  450,  243,  685,  222,  238,  290,  411,  287,   49,  555,  166,  297,  321,  568,  230,  356,  507,   53,  554,  547,   78,  551,  489,  377,  518,  303,  250,  423,   79,  625,  511,  190,   92,   69,  498,  356,  100,  403,  523,  236,  544,  487,  160,  206,  655,  267,  250,  478,  413,  376,  504,  471,  540,  433,  475,  385,  639,  671,  252,  603,  440,  439,  522,  329,  472,  292,  390,  245,  205,  568,  324,  300,  212,   43,  489,  171,  412,  571,  581,  327,  598,  387,  478,  456,  338,  663,  556,  128,  256,  381,  742,  214,  660,  471,  499,  413,  627,  213,  555,  196,  463,  363,  248,  391,  562,  181,  465,  374,  549,  440,  378],
        [  783,    0,  921, 1121,  800,  887,  984,  701,  822,  361,  607,    0,  791,   94,  850,  724,  775,   32,  928,  326, 1151,  847,  584,  607,  176,  915,  899,  697,  322,  272,  272,  685,  693,  693,  771,  687,  180,  321,  717,  789,  270,  382,  533,  881,  470, 1037,  599,  706,  555,  740,  845,  792,  768,  562,  440,  443,  742,  288, 1144,  740,  272,  834,  611, 1054,  464,  595,   59,  657,  569,  269,  864,  772,  393,  547,   20,  901,  585,  694,  674, 1088,  963,  510,  236,   85,  696,  547,  353,  765,  672,  602,  428,  834,  135,  369,  282,  942,  839, 1103,  695,  361,  988,  453,  601,  624,  671,  915, 1015,  792,  923, 1074,  888,  666,  386,  641,  858,  674,  667,  814,  649,  947,  775,  355,  263,  154,  928,  133,  437,  143,  535,  873, 1228, 1015,  734,  373,  901,  804,  449,  741,  153,  669,  533,   93,  733,  596,  781,  309,  840,  498,  586,  574,  762,  840,  326,  197,  346,  316],
        [  934,    0,  134,  479,  180,  673,  530,  174,  110,  493,  202,  791,    0,  840,  355,  682,  257,  768,  137,  480,  530,  677,  261,  331,  616,  426,  284,  188,  481,  560,  708,  163,  285,  256,  432,  426,  681,  475,  425,  907,  697,  415,  594,  598,  466,  354,  405,  852,  400,  145,  107,  508,  182,  237,  750,  360,  219,  509,  477,  136,  553,  608,  182,  547,  740,  259,  737,  646,  416,  657,  289,  125,  533,  245,  810,  582,  247,  156,  136,  392,  195,  299,  570,  706,  348,  726,  687,  117,  330,  836,  466,   49,  658,  533,  534,  548,  560,  471,  412,  592,  201,  835,  853,  265,  768,  288,  367,  643,  245,  335,  213,  535,  445,  347,  674,  460,  281,   46,  168,  524,  129,  536,  772,  743,  141,  794,  581,  670,  637,  163,  580,  578,  118,  422,  390,  896,  355,  817,  664,  654,  593,  820,  123,  730,   16,  664,  228,  438,  423,  741,  199,  370,  575,  748,  640,  523],
        [  875,    0,  966, 1194,  830,  978, 1066,  734,  880,  377,  666,   94,  840,    0,  862,  816,  796,   92,  976,  362, 1226,  938,  650,  682,  232,  921,  969,  729,  360,  292,  366,  721,  711,  715,  854,  770,  175,  365,  800,  881,  363,  442,  625,  969,  474, 1105,  680,  798,  635,  775,  884,  878,  798,  618,  533,  505,  768,  352, 1215,  775,  350,  923,  663, 1134,  557,  661,  143,  749,  574,  249,  935,  808,  390,  600,   93,  988,  619,  755,  730, 1155, 1019,  572,  271,  154,  774,  640,  446,  825,  749,  694,  509,  880,  191,  371,  310, 1026,  927, 1177,  696,  347, 1039,  542,  692,  650,  764,  937, 1085,  883,  988, 1136,  952,  755,  460,  719,  949,  759,  687,  866,  708, 1030,  835,  359,  354,  122,  979,  221,  527,  227,  627,  907, 1302, 1099,  793,  419,  978,  897,  488,  834,  238,  761,  624,  174,  770,  689,  829,  402,  866,  580,  588,  667,  829,  850,  413,  289,  438,  335],
        [ 1227,    0,  352,  808,  175, 1015,  884,  232,  464,  490,  458,  850,  355,  862,    0,  994,  112,  820,  387,  536,  862, 1013,  530,  627,  690,   81,  636,  223,  541,  578,  879,  259,  166,  179,  772,  749,  688,  552,  756, 1206,  867,  561,  863,  945,  389,  681,  701, 1139,  678,  228,  267,  848,  180,  457,  977,  539,  162,  631,  795,  238,  699,  947,  407,  898,  976,  536,  810,  946,  290,  622,  643,  233,  474,  435,  870,  931,  311,  476,  428,  707,  492,  512,  618,  774,  676,  988,  889,  466,  651, 1099,  689,  337,  724,  492,  571,  902,  904,  804,  180,  526,  453, 1055, 1113,  247, 1058,  127,  705,  972,  588,  628,  561,  847,  631,  658, 1012,  778,  194,  397,  453,  878,  480,  504,  935,  742,  419,  906,  818,  774,  904,  225,  896,  932,  455,  513,  744, 1200,  436, 1118,  772,  957,  863,  912,  256, 1006,  343,  851,  133,  694,  278, 1009,  547,   23,  762,  889,  841,  534],
        [  262,    0,  784,  637,  835,  187,  401,  762,  608,  746,  536,  724,  682,  816,  994,    0,  882,  727,  763,  663,  634,  139,  466,  367,  642, 1074,  520,  773,  658,  725,  457,  735,  853,  829,  280,  257,  776,  632,  263,  230,  457,  537,  197,  228,  831,  635,  294,  198,  323,  770,  788,  219,  819,  545,  320,  512,  832,  556,  678,  761,  507,  169,  588,  478,  292,  459,  676,   69,  870,  833,  481,  775,  825,  575,  730,  262,  709,  530,  571,  675,  710,  504,  681,  676,  335,  205,  376,  570,  353,  251,  378,  725,  666,  802,  694,  335,  214,  616,  954,  852,  771,  374,  269,  778,  127,  962,  587,   99,  586,  725,  577,  148,  459,  338,  153,  222,  830,  660,  543,  360,  562,  792,  493,  810,  736,  617,  296,  597,  189,  844,  714,  403,  564,  619,  426,  216,  650,  143,  586,   56,  198,  670,  743,  160,  686,  415,  890,  331,  888,  189,  494, 1001,  417,  539,  379,  729],
        [ 1116,    0,  286,  727,   85,  906,  784,  121,  367,  419,  347,  775,  257,  796,  112,  882,    0,  746,  317,  452,  780,  903,  419,  516,  608,  192,  541,  112,  457,  506,  781,  148,   86,   83,  664,  638,  622,  464,  646, 1094,  769,  462,  753,  837,  335,  600,  590, 1029,  567,  120,  188,  739,   75,  347,  871,  434,   51,  537,  718,  130,  602,  838,  296,  803,  869,  424,  730,  835,  246,  566,  544,  132,  420,  326,  795,  825,  209,  367,  318,  631,  417,  403,  540,  695,  566,  879,  786,  363,  541,  990,  581,  248,  644,  433,  494,  798,  795,  721,  179,  477,  389,  951, 1005,  153,  947,  142,  619,  862,  499,  559,  468,  735,  527,  547,  902,  667,  109,  301,  342,  776,  378,  443,  839,  680,  345,  819,  710,  687,  794,  164,  821,  833,  349,  421,  644, 1089,  342, 1006,  684,  845,  753,  829,  148,  896,  244,  750,   80,  584,  241,  900,  442,  121,  660,  796,  738,  462],
        [  797,    0,  897, 1107,  773,  887,  976,  674,  802,  331,  587,   32,  768,   92,  820,  727,  746,    0,  905,  298, 1138,  848,  567,  594,  153,  885,  884,  670,  295,  242,  282,  659,  664,  664,  763,  679,  149,  296,  709,  801,  278,  362,  535,  878,  439, 1021,  590,  718,  545,  713,  819,  786,  740,  541,  452,  424,  714,  269, 1130,  713,  260,  832,  588, 1044,  475,  578,   52,  660,  538,  238,  849,  746,  362,  525,   51,  897,  558,  675,  653, 1071,  942,  491,  208,   65,  684,  555,  360,  746,  660,  615,  418,  810,  111,  338,  253,  935,  835, 1090,  664,  330,  966,  470,  615,  596,  679,  886, 1000,  793,  906, 1056,  870,  663,  372,  630,  859,  667,  638,  792,  629,  939,  755,  324,  279,  126,  906,  154,  437,  136,  539,  846, 1215, 1008,  714,  348,  890,  816,  423,  750,  146,  672,  534,  121,  707,  604,  758,  314,  812,  490,  555,  583,  745,  810,  322,  210,  349,  286],
        [ 1022,    0,   36,  423,  233,  723,  538,  278,  156,  624,  333,  928,  137,  976,  387,  763,  317,  905,    0,  615,  478,  735,  385,  438,  753,  442,  286,  291,  617,  694,  837,  277,  373,  348,  493,  508,  816,  611,  500,  992,  827,  551,  701,  643,  586,  297,  507,  945,  511,  239,  130,  567,  253,  372,  868,  495,  296,  646,  409,  232,  688,  664,  319,  534,  856,  380,  873,  736,  524,  788,  310,  205,  658,  382,  947,  620,  373,  269,  265,  321,  107,  432,  706,  843,  431,  833,  811,  204,  420,  941,  592,   97,  794,  660,  669,  571,  611,  421,  492,  717,   75,  954,  958,  376,  861,  281,  327,  710,  224,  243,  209,  622,  577,  444,  730,  545,  378,  122,  295,  542,  207,  665,  902,  877,   36,  929,  700,  806,  744,  162,  510,  584,  224,  558,  406,  979,  490,  903,  800,  743,  701,  956,  228,  831,  148,  793,  256,  556,  527,  845,  271,  407,  704,  882,  766,  656],
        [  825,    0,  605,  872,  475,  776,  791,  376,  530,   86,  321,  326,  480,  362,  536,  663,  452,  298,  615,    0,  911,  750,  326,  392,  156,  607,  642,  372,    7,   87,  368,  361,  373,  370,  588,  515,  203,   32,  540,  816,  357,  134,  475,  741,  195,  770,  424,  735,  377,  416,  523,  636,  443,  272,  506,  186,  418,  123,  887,  416,  194,  710,  308,  847,  515,  339,  279,  597,  277,  202,  615,  448,  164,  247,  345,  749,  260,  413,  379,  818,  664,  242,   92,  244,  488,  563,  404,  478,  458,  660,  286,  520,  193,  139,   56,  766,  694,  857,  399,  191,  681,  568,  669,  301,  670,  592,  758,  695,  650,  789,  612,  549,  206,  436,  757,  519,  346,  509,  362,  761,  490,  129,  415,  264,  620,  371,  388,  239,  502,  549,  981,  831,  445,   66,  678,  821,  127,  741,  238,  610,  474,  378,  410,  598,  468,  355,  516,  343,  296,  590,  497,  529,  284,  360,  361,   69],
        [  873,    0,  513,   55,  696,  486,  236,  702,  427,  958,  596, 1151,  530, 1226,  862,  634,  780, 1138,  478,  911,    0,  527,  586,  545,  997,  919,  272,  718,  909,  997,  955,  688,  815,  786,  405,  485, 1104,  892,  456,  836,  948,  794,  705,  415,  967,  182,  560,  828,  600,  675,  596,  428,  707,  644,  894,  732,  747,  876,   85,  666,  880,  469,  627,  165,  871,  574, 1093,  654,  937, 1111,  296,  651, 1017,  675, 1166,  379,  750,  507,  554,  163,  371,  670,  984, 1074,  458,  805,  893,  459,  479,  881,  727,  532, 1037, 1009,  964,  303,  421,   60,  942, 1071,  421,  971,  900,  787,  761,  758,  165,  540,  287,  254,  323,  561,  767,  511,  514,  512,  810,  485,  560,  275,  443, 1007, 1013, 1161,  444, 1097,  767, 1009,  736,  638,   82,  249,  488,  845,  253,  812,  809,  764, 1000,  652,  706, 1140,  653,  775,  545,  903,  730,  659,  946,  801,  416,  881,  842, 1027,  864,  972],
        [  347,    0,  761,  537,  845,   49,  292,  785,  587,  829,  566,  847,  677,  938, 1013,  139,  903,  848,  735,  750,  527,    0,  502,  401,  750, 1091,  466,  797,  745,  819,  587,  759,  886,  860,  246,  268,  883,  720,  258,  310,  585,  618,  314,  114,  901,  558,  339,  309,  381,  785,  783,  170,  834,  587,  458,  581,  854,  653,  581,  775,  613,   72,  619,  364,  430,  492,  796,  195,  926,  932,  432,  784,  906,  619,  855,  149,  752,  537,  585,  593,  666,  558,  780,  794,  337,  343,  507,  561,  363,  383,  468,  714,  778,  885,  786,  225,  127,  518,  998,  940,  730,  513,  400,  817,  256,  964,  508,   57,  535,  655,  534,  202,  546,  362,   15,  246,  866,  647,  562,  255,  550,  877,  626,  922,  705,  747,  412,  715,  317,  839,  602,  283,  563,  698,  354,  286,  715,  242,  704,  185,  315,  799,  757,  299,  684,  542,  898,  408,  944,  327,  479, 1023,  530,  669,  503,  818],
        [  699,    0,  391,  549,  379,  514,  473,  298,  249,  381,   73,  584,  261,  650,  530,  466,  419,  567,  385,  326,  586,  502,    0,  102,  418,  610,  321,  308,  324,  412,  455,  272,  389,  364,  288,  235,  519,  306,  252,  677,  444,  210,  342,  459,  421,  455,  172,  613,  150,  310,  356,  352,  359,   86,  489,  147,  369,  298,  568,  302,  321,  445,  123,  525,  481,   14,  526,  417,  430,  528,  291,  322,  450,  120,  601,  457,  250,  119,  126,  505,  391,   84,  399,  502,  181,  473,  428,  191,  150,  584,  208,  310,  460,  436,  379,  458,  413,  533,  497,  498,  429,  575,  600,  316,  531,  511,  437,  455,  340,  492,  304,  320,  204,  141,  504,  257,  367,  263,   94,  448,  197,  433,  519,  576,  373,  560,  321,  448,  385,  406,  658,  517,  164,  261,  354,  670,  240,  588,  440,  427,  342,  593,  285,  483,  258,  409,  435,  179,  446,  490,  179,  537,  322,  505,  382,  390],
        [  608,    0,  451,  516,  470,  415,  400,  396,  287,  459,  170,  607,  331,  682,  627,  367,  516,  594,  438,  392,  545,  401,  102,    0,  455,  707,  300,  406,  389,  475,  433,  369,  489,  464,  198,  136,  570,  367,  156,  583,  424,  262,  264,  363,  512,  441,   76,  524,   75,  404,  434,  256,  453,  186,  433,  207,  466,  335,  541,  395,  336,  345,  223,  460,  419,   93,  548,  322,  528,  592,  262,  411,  532,  219,  621,  365,  351,  175,  207,  492,  421,  165,  452,  529,   97,  397,  389,  234,   68,  506,  188,  378,  494,  515,  441,  375,  316,  498,  598,  575,  469,  519,  523,  418,  440,  600,  413,  354,  338,  497,  309,  220,  223,   45,  403,  156,  468,  321,  178,  369,  233,  510,  496,  623,  420,  561,  269,  465,  307,  487,  622,  439,  217,  330,  297,  576,  327,  494,  456,  332,  264,  600,  377,  400,  332,  383,  526,  129,  545,  411,  184,  635,  307,  496,  349,  460],
        [  759,    0,  745,  964,  629,  785,  847,  529,  650,  212,  435,  176,  616,  232,  690,  642,  608,  153,  753,  156,  997,  750,  418,  455,    0,  760,  738,  525,  152,  131,  255,  512,  529,  526,  635,  553,  134,  147,  583,  756,  246,  211,  446,  765,  329,  873,  461,  672,  415,  567,  670,  667,  596,  389,  417,  274,  573,  121,  984,  566,  138,  725,  436,  912,  434,  430,  124,  574,  422,  202,  705,  598,  267,  373,  195,  780,  413,  524,  501,  923,  790,  341,   79,   91,  549,  500,  314,  594,  523,  582,  293,  659,   43,  240,  124,  811,  721,  947,  547,  259,  814,  462,  587,  456,  619,  747,  854,  694,  757,  905,  721,  555,  233,  494,  760,  547,  502,  639,  478,  812,  604,  225,  286,  174,  754,  219,  348,   93,  461,  699, 1072,  882,  563,  198,  752,  766,  275,  692,   96,  587,  445,  222,  558,  544,  606,  262,  671,  364,  440,  528,  597,  683,  227,  222,  284,  168],
        [ 1308,    0,  406,  864,  248, 1092,  954,  313,  533,  555,  539,  915,  426,  921,   81, 1074,  192,  885,  442,  607,  919, 1091,  610,  707,  760,    0,  704,  303,  612,  643,  955,  339,  243,  258,  849,  828,  748,  624,  834, 1286,  944,  639,  944, 1020,  448,  738,  781, 1220,  759,  306,  332,  925,  257,  538, 1056,  619,  242,  706,  849,  316,  774, 1025,  488,  964, 1055,  616,  877, 1027,  348,  678,  713,  308,  532,  515,  935, 1006,  390,  554,  507,  761,  548,  592,  686,  841,  754, 1069,  967,  540,  730, 1180,  769,  403,  791,  552,  639,  974,  980,  862,  227,  580,  503, 1133, 1193,  325, 1139,  163,  766, 1051,  652,  678,  627,  927,  710,  738, 1090,  857,  271,  466,  533,  950,  554,  564, 1011,  801,  475,  977,  898,  845,  985,  283,  949, 1002,  531,  587,  815, 1280,  511, 1198,  844, 1037,  943,  980,  334, 1086,  416,  928,  199,  774,  334, 1090,  622,   80,  840,  963,  919,  600],
        [  782,    0,  318,  230,  462,  446,  253,  448,  174,  687,  326,  899,  284,  969,  636,  520,  541,  884,  286,  642,  272,  466,  321,  300,  738,  704,    0,  463,  641,  728,  730,  430,  562,  533,  242,  292,  839,  624,  271,  748,  722,  530,  518,  364,  698,  142,  338,  715,  366,  427,  373,  306,  466,  373,  705,  467,  501,  617,  247,  417,  630,  394,  356,  263,  686,  309,  841,  511,  672,  842,   43,  409,  746,  404,  915,  338,  483,  236,  284,  192,  203,  403,  719,  819,  233,  640,  680,  192,  243,  736,  487,  301,  778,  737,  696,  286,  339,  215,  689,  800,  267,  789,  755,  525,  635,  553,  117,  450,   70,  212,   79,  399,  513,  277,  458,  328,  554,  241,  289,  257,  176,  736,  793,  896,  253,  860,  554,  760,  557,  424,  339,  301,  219,  576,  120,  731,  539,  663,  751,  515,  518,  898,  402,  624,  298,  679,  506,  425,  683,  644,  146,  652,  606,  795,  643,  702],
        [ 1005,    0,  267,  667,  104,  802,  697,   16,  292,  357,  237,  697,  188,  729,  223,  773,  112,  670,  291,  372,  718,  797,  308,  406,  525,  303,  463,    0,  376,  438,  680,   39,  100,   70,  562,  531,  558,  379,  540,  984,  668,  361,  642,  736,  299,  542,  480,  918,  456,   53,  169,  636,   72,  236,  763,  328,   62,  443,  665,   59,  504,  734,  185,  723,  760,  314,  649,  724,  234,  516,  460,   88,  377,  216,  717,  726,  114,  266,  214,  580,  376,  293,  463,  615,  461,  769,  681,  275,  435,  880,  472,  200,  564,  383,  420,  705,  693,  658,  227,  436,  365,  844,  894,   88,  836,  229,  554,  755,  431,  518,  397,  626,  421,  439,  797,  559,   93,  234,  235,  684,  291,  390,  740,  619,  310,  730,  601,  598,  683,  180,  768,  745,  256,  331,  557,  978,  252,  896,  594,  735,  642,  745,   67,  785,  173,  646,  149,  473,  238,  789,  349,  229,  556,  701,  632,  395],
        [  819,    0,  606,  870,  479,  771,  787,  380,  530,   92,  320,  322,  481,  360,  541,  658,  457,  295,  617,    7,  909,  745,  324,  389,  152,  612,  641,  376,    0,   88,  362,  364,  378,  375,  584,  510,  203,   26,  537,  810,  351,  130,  469,  737,  201,  769,  420,  729,  373,  419,  526,  632,  446,  271,  500,  183,  422,  116,  886,  419,  187,  706,  308,  845,  509,  337,  275,  592,  283,  205,  613,  451,  170,  247,  342,  745,  264,  412,  379,  817,  664,  240,   90,  240,  485,  556,  397,  477,  455,  654,  281,  521,  189,  145,   56,  763,  690,  855,  405,  196,  682,  561,  662,  305,  664,  596,  756,  690,  649,  789,  611,  544,  200,  432,  752,  514,  351,  510,  361,  757,  490,  135,  409,  264,  621,  366,  382,  234,  496,  552,  979,  828,  445,   65,  676,  815,  129,  735,  233,  605,  468,  373,  412,  592,  470,  349,  520,  338,  302,  583,  496,  534,  278,  354,  355,   74],
        [  868,    0,  681,  958,  539,  848,  874,  444,  614,   89,  407,  272,  560,  292,  578,  725,  506,  242,  694,   87,  997,  819,  412,  475,  131,  643,  728,  438,   88,    0,  380,  432,  423,  425,  669,  593,  123,  108,  620,  861,  370,  213,  531,  817,  202,  856,  501,  779,  454,  484,  596,  713,  506,  358,  535,  270,  477,  169,  973,  486,  228,  784,  392,  932,  548,  425,  236,  657,  299,  118,  701,  518,  136,  332,  292,  827,  330,  499,  463,  904,  747,  328,   55,  200,  571,  605,  431,  563,  541,  696,  352,  597,  153,  109,   34,  847,  771,  943,  425,  135,  761,  587,  702,  359,  719,  647,  844,  763,  736,  873,  698,  618,  274,  518,  827,  594,  397,  591,  447,  843,  575,   94,  416,  184,  701,  345,  439,  223,  554,  617, 1067,  913,  530,  153,  763,  869,  205,  791,  227,  670,  530,  340,  481,  645,  548,  379,  575,  414,  316,  633,  584,  568,  324,  353,  394,   44],
        [  518,    0,  841,  934,  778,  629,  761,  678,  702,  446,  507,  272,  708,  366,  879,  457,  781,  282,  837,  368,  955,  587,  455,  433,  255,  955,  730,  680,  362,  380,    0,  655,  713,  702,  554,  471,  372,  342,  501,  520,   12,  320,  277,  635,  561,  872,  397,  437,  364,  708,  789,  557,  749,  474,  172,  357,  737,  252,  964,  704,  182,  583,  533,  835,  194,  461,  233,  393,  643,  453,  690,  732,  513,  477,  276,  659,  572,  573,  574,  922,  843,  410,  325,  245,  503,  275,   82,  644,  488,  337,  251,  756,  257,  486,  362,  710,  597,  914,  762,  512,  883,  208,  339,  632,  399,  908,  840,  533,  771,  929,  740,  422,  265,  455,  599,  449,  686,  716,  543,  720,  649,  472,   65,  387,  828,  161,  192,  173,  270,  831, 1035,  785,  618,  370,  703,  535,  444,  469,  165,  404,  276,  213,  691,  324,  702,   53,  828,  306,  662,  302,  614,  876,  134,   83,   92,  408],
        [  970,    0,  257,  638,  124,  764,  661,   27,  262,  355,  200,  685,  163,  721,  259,  735,  148,  659,  277,  361,  688,  759,  272,  369,  512,  339,  430,   39,  364,  432,  655,    0,  135,  106,  524,  493,  554,  365,  502,  947,  643,  338,  608,  698,  310,  515,  443,  882,  420,   56,  165,  598,   95,  201,  733,  300,   98,  423,  638,   55,  481,  696,  149,  689,  729,  277,  635,  688,  254,  517,  426,   87,  382,  184,  705,  688,  103,  229,  176,  554,  355,  261,  453,  602,  423,  735,  652,  241,  397,  846,  441,  183,  551,  386,  411,  668,  655,  629,  261,  442,  350,  814,  861,  103,  801,  255,  524,  717,  401,  497,  366,  589,  394,  401,  759,  521,  124,  207,  197,  648,  257,  392,  715,  614,  293,  712,  569,  581,  649,  188,  741,  709,  220,  315,  522,  941,  237,  859,  576,  698,  607,  729,   51,  750,  148,  620,  175,  439,  261,  755,  312,  266,  528,  679,  604,  391],
        [ 1077,    0,  345,  763,  148,  893,  795,  115,  391,  335,  320,  693,  285,  711,  166,  853,   86,  664,  373,  373,  815,  886,  389,  489,  529,  243,  562,  100,  378,  423,  713,  135,    0,   30,  654,  619,  538,  388,  630, 1057,  702,  396,  710,  829,  250,  638,  560,  988,  532,  141,  244,  727,  122,  308,  814,  378,   78,  465,  760,  150,  533,  825,  268,  822,  814,  396,  650,  801,  163,  481,  559,  169,  334,  281,  713,  821,  150,  361,  308,  674,  466,  357,  458,  614,  552,  832,  725,  374,  524,  942,  529,  290,  563,  347,  412,  802,  786,  755,  128,  391,  447,  891,  955,   83,  908,  227,  651,  841,  529,  608,  495,  708,  468,  525,  887,  644,   28,  330,  326,  782,  390,  357,  770,  595,  396,  743,  658,  610,  749,  235,  863,  843,  354,  347,  656, 1053,  270,  970,  608,  812,  709,  750,  163,  852,  270,  686,  163,  540,  161,  854,  447,  163,  597,  724,  677,  379],
        [ 1055,    0,  321,  735,  129,  867,  766,   86,  362,  339,  295,  693,  256,  715,  179,  829,   83,  664,  348,  370,  786,  860,  364,  464,  526,  258,  533,   70,  375,  425,  702,  106,   30,    0,  627,  593,  542,  382,  603, 1035,  691,  384,  689,  802,  262,  610,  536,  967,  509,  113,  220,  700,  100,  285,  798,  361,   58,  457,  732,  122,  523,  798,  242,  793,  798,  372,  648,  778,  181,  489,  530,  143,  344,  260,  713,  793,  133,  333,  280,  646,  439,  337,  458,  613,  525,  812,  711,  345,  497,  923,  511,  263,  562,  355,  412,  773,  758,  727,  157,  402,  422,  876,  936,   71,  887,  223,  623,  816,  500,  582,  466,  683,  452,  499,  860,  618,   33,  302,  299,  753,  361,  364,  760,  600,  370,  738,  640,  605,  729,  215,  835,  814,  325,  339,  627, 1031,  261,  948,  603,  789,  689,  747,  134,  832,  241,  673,  152,  520,  181,  834,  418,  180,  584,  716,  662,  381],
        [  541,    0,  518,  392,  602,  243,  214,  549,  342,  656,  342,  771,  432,  854,  772,  280,  664,  763,  493,  588,  405,  246,  288,  198,  635,  849,  242,  562,  584,  669,  554,  524,  654,  627,    0,   85,  757,  562,   54,  509,  548,  456,  302,  175,  707,  364,  174,  474,  221,  545,  537,   77,  593,  372,  491,  404,  616,  519,  428,  535,  505,  177,  393,  284,  469,  276,  714,  272,  716,  786,  202,  541,  729,  407,  784,  170,  531,  297,  348,  408,  432,  361,  642,  701,  108,  410,  489,  315,  139,  500,  345,  469,  671,  713,  635,  179,  132,  371,  772,  772,  494,  571,  519,  592,  394,  719,  319,  217,  307,  449,  298,  163,  404,  154,  243,  107,  637,  402,  329,  178,  304,  707,  611,  807,  464,  703,  364,  629,  334,  593,  487,  247,  319,  527,  161,  492,  523,  422,  619,  274,  302,  749,  517,  389,  439,  502,  655,  274,  731,  411,  233,  784,  450,  629,  462,  656],
        [  514,    0,  529,  467,  584,  279,  297,  519,  353,  586,  299,  687,  426,  770,  749,  257,  638,  679,  508,  515,  485,  268,  235,  136,  553,  828,  292,  531,  510,  593,  471,  493,  619,  593,   85,    0,  678,  487,   31,  485,  465,  381,  229,  230,  645,  425,   93,  438,  140,  522,  533,  123,  571,  321,  419,  333,  589,  439,  501,  513,  422,  210,  352,  368,  398,  225,  630,  230,  663,  710,  250,  524,  661,  354,  700,  235,  485,  277,  321,  473,  463,  298,  563,  617,   79,  349,  409,  313,   99,  447,  262,  468,  589,  643,  559,  259,  183,  448,  730,  701,  521,  501,  465,  550,  355,  708,  385,  224,  350,  503,  333,  114,  324,   95,  269,   38,  599,  404,  297,  260,  306,  637,  529,  726,  483,  619,  282,  545,  266,  588,  566,  330,  309,  456,  235,  473,  460,  396,  535,  236,  229,  665,  495,  335,  431,  419,  639,  191,  680,  354,  238,  758,  365,  546,  380,  583],
        [  886,    0,  803, 1067,  659,  916,  967,  565,  732,  204,  522,  180,  681,  175,  688,  776,  622,  149,  816,  203, 1104,  883,  519,  570,  134,  748,  839,  558,  203,  123,  372,  554,  538,  542,  757,  678,    0,  216,  706,  884,  365,  311,  579,  894,  300,  969,  585,  801,  538,  606,  718,  794,  626,  473,  541,  373,  595,  239, 1085,  607,  270,  855,  510, 1029,  560,  531,  166,  707,  400,   91,  809,  640,  218,  450,  198,  908,  451,  613,  581, 1018,  867,  436,  121,  137,  666,  630,  440,  680,  638,  707,  421,  719,  117,  197,  148,  935,  849, 1051,  524,  182,  882,  577,  710,  478,  750,  764,  955,  827,  850,  991,  813,  686,  354,  611,  892,  674,  513,  711,  563,  934,  691,  185,  391,   62,  822,  287,  481,  200,  594,  738, 1176, 1004,  647,  267,  864,  896,  327,  823,  208,  720,  578,  265,  603,  675,  669,  388,  693,  490,  415,  658,  695,  676,  360,  321,  413,  164],
        [  794,    0,  602,  854,  482,  747,  766,  382,  519,  117,  307,  321,  475,  365,  552,  632,  464,  296,  611,   32,  892,  720,  306,  367,  147,  624,  624,  379,   26,  108,  342,  365,  388,  382,  562,  487,  216,    0,  514,  785,  331,  106,  443,  713,  223,  754,  396,  704,  349,  420,  524,  608,  450,  258,  477,  162,  427,   93,  870,  419,  165,  681,  298,  824,  485,  319,  271,  566,  301,  226,  596,  451,  195,  236,  341,  721,  266,  398,  367,  803,  655,  223,   97,  238,  463,  532,  375,  465,  434,  630,  255,  516,  187,  171,   74,  740,  666,  838,  422,  221,  674,  540,  639,  312,  638,  602,  741,  665,  635,  777,  598,  519,  175,  411,  727,  490,  360,  501,  348,  736,  477,  160,  392,  275,  614,  356,  357,  223,  470,  552,  963,  806,  433,   54,  656,  790,  128,  710,  221,  579,  442,  367,  412,  567,  464,  327,  525,  313,  320,  559,  480,  545,  254,  339,  332,   98],
        [  523,    0,  522,  440,  589,  264,  267,  528,  346,  611,  312,  717,  425,  800,  756,  263,  646,  709,  500,  540,  456,  258,  252,  156,  583,  834,  271,  540,  537,  620,  501,  502,  630,  603,   54,   31,  706,  514,    0,  492,  495,  408,  255,  208,  667,  402,  122,  450,  169,  528,  532,  101,  577,  337,  445,  358,  597,  468,  474,  519,  451,  195,  364,  338,  423,  241,  661,  243,  681,  737,  229,  528,  685,  371,  730,  210,  500,  281,  328,  448,  450,  320,  591,  647,   80,  370,  438,  311,  107,  465,  292,  466,  618,  668,  586,  230,  162,  420,  744,  726,  510,  526,  484,  563,  368,  710,  360,  219,  332,  482,  318,  128,  353,  112,  258,   59,  611,  400,  306,  230,  302,  661,  559,  755,  474,  649,  312,  575,  290,  588,  537,  300,  309,  481,  207,  479,  482,  404,  565,  248,  255,  695,  501,  353,  431,  449,  643,  221,  697,  374,  232,  766,  396,  576,  410,  609],
