{
    "name": "random-29-13206",
    "comment": "size=29 seed=13206",
    "nodes": ["+0", "-0", "+1", "-1", "+2", "-2", "+3", "-3", "+4", "-4", "+5", "-5", "+6", "-6", "+7", "-7", "+8", "-8", "+9", "-9", "+10", "-10", "+11", "-11", "+12", "-12", "+13", "-13", "+14", "-14", "+15", "-15", "+16", "-16", "+17", "-17", "+18", "-18", "+19", "-19", "+20", "-20", "+21", "-21", "+22", "-22", "+23", "-23", "+24", "-24", "+25", "-25", "+26", "-26", "+27", "-27", "+28", "-28", "+29", "-29"],
    "precedence": {
        "+0": "-0",
        "+1": "-1",
        "+2": "-2",
        "+3": "-3",
        "+4": "-4",
        "+5": "-5",
        "+6": "-6",
        "+7": "-7",
        "+8": "-8",
        "+9": "-9",
        "+10": "-10",
        "+11": "-11",
        "+12": "-12",
        "+13": "-13",
        "+14": "-14",
        "+15": "-15",
        "+16": "-16",
        "+17": "-17",
        "+18": "-18",
        "+19": "-19",
        "+20": "-20",
        "+21": "-21",
        "+22": "-22",
        "+23": "-23",
        "+24": "-24",
        "+25": "-25",
        "+26": "-26",
        "+27": "-27",
        "+28": "-28",
        "+29": "-29"
    },
    "edges": [
        [    0,    0,  701,   68,  445,  239,  603,  498,  444,   53,  389,  488,  547,  695,  119,  386,  646,  271,  532,  921,  472,  566,  756,  403,  444,  216,  400,  380,  384,  566,  605,  687,  119,  672,  247,  188,  233,  256,  316,  289,  461,  167,  317,  299,  560,  440,  142,  237,  509,  486,  717,  252,  578,  652,  493,  672,  256,  182,  581,  359],
        [    0,    0,  701,   68,  445,  239,  603,  498,  444,   53,  389,  488,  547,  695,  119,  386,  646,  271,  532,  921,  472,  566,  756,  403,  444,  216,  400,  380,  384,  566,  605,  687,  119,  672,  247,  188,  233,  256,  316,  289,  461,  167,  317,  299,  560,  440,  142,  237,  509,  486,  717,  252,  578,  652,  493,  672,  256,  182,  581,  359],
        [  701,  701,    0,  660,  573,  781,  132,  495,  973,  671,  576,  266,  239,  133,  819,  706,  531,  950,  394,  446,  253,  427,  473,  662,  881,  734,  731,  749,  773,  567,  421,  431,  726,  451,  827,  514,  547,  516,  611,  724,  251,  627,  941,  443,  150,  462,  785,  561,  866,  540,  458,  934,  124,  160,  276,   41,  476,  546,  299,  932],
        [   68,   68,  660,    0,  467,  300,  555,  430,  419,   96,  413,  435,  525,  666,  170,  429,  578,  334,  467,  859,  422,  501,  691,  339,  402,  272,  342,  324,  331,  584,  540,  686,  180,  606,  223,  148,  244,  191,  249,  339,  415,  199,  314,  240,  524,  446,  209,  253,  458,  418,  651,  276,  536,  600,  438,  629,  246,  181,  521,  341],
        [  445,  445,  573,  467,    0,  327,  559,  721,  884,  392,   56,  539,  335,  485,  521,  157,  850,  554,  684,  970,  495,  733,  892,  742,  864,  297,  774,  766,  780,  124,  759,  300,  367,  824,  687,  390,  226,  515,  646,  235,  467,  278,  760,  481,  437,  113,  412,  215,  908,  738,  858,  676,  490,  634,  555,  570,  263,  295,  664,  802],
        [  239,  239,  781,  300,  327,    0,  714,  707,  653,  207,  279,  631,  572,  734,  245,  201,  855,  228,  719, 1085,  601,  760,  947,  638,  674,   48,  639,  618,  622,  446,  797,  622,  121,  866,  465,  344,  234,  459,  547,   95,  581,  164,  500,  475,  631,  384,  119,  220,  744,  704,  909,  389,  667,  779,  641,  762,  310,  254,  745,  562],
        [  603,  603,  132,  555,  559,  714,    0,  366,  846,  579,  548,  138,  252,  229,  720,  672,  414,  863,  266,  413,  134,  303,  381,  531,  751,  667,  601,  620,  644,  581,  303,  488,  644,  343,  707,  415,  482,  397,  483,  671,  142,  553,  822,  326,  132,  448,  701,  498,  735,  410,  359,  824,   76,   76,  145,   91,  405,  466,  177,  808],
        [  498,  498,  495,  430,  721,  707,  366,    0,  540,  508,  683,  249,  539,  585,  588,  766,  149,  760,  105,  469,  288,   98,  271,  200,  424,  668,  273,  301,  325,  796,  134,  784,  596,  187,  464,  370,  535,  249,  212,  712,  311,  558,  574,  246,  447,  635,  636,  553,  386,   47,  233,  628,  411,  351,  234,  455,  467,  476,  207,  531],
        [  444,  444,  973,  419,  884,  653,  846,  540,    0,  495,  829,  709,  904, 1019,  410,  827,  635,  528,  636,  999,  722,  637,  787,  341,  128,  645,  269,  240,  216, 1002,  672, 1096,  547,  713,  198,  534,  662,  467,  364,  724,  729,  609,  169,  541,  868,  862,  534,  671,  214,  497,  754,  298,  859,  860,  702,  935,  656,  597,  731,   92],
        [   53,   53,  671,   96,  392,  207,  579,  508,  495,    0,  337,  472,  506,  658,  156,  338,  656,  285,  531,  914,  451,  569,  759,  432,  491,  177,  437,  418,  425,  513,  607,  637,   89,  675,  298,  168,  182,  260,  340,  245,  438,  115,  369,  291,  526,  389,  132,  185,  552,  501,  720,  299,  548,  633,  478,  644,  212,  136,  572,  411],
        [  389,  389,  576,  413,   56,  279,  548,  683,  829,  337,    0,  515,  341,  498,  466,  133,  817,  504,  653,  956,  473,  702,  867,  695,  811,  246,  724,  715,  728,  179,  730,  344,  312,  796,  632,  342,  173,  470,  598,  190,  446,  223,  704,  441,  434,  120,  358,  161,  857,  699,  832,  620,  483,  623,  530,  568,  219,  243,  640,  747],
        [  488,  488,  266,  435,  539,  631,  138,  249,  709,  472,  515,    0,  297,  339,  604,  625,  335,  756,  167,  456,   46,  214,  354,  397,  615,  585,  466,  484,  507,  590,  230,  545,  546,  290,  573,  305,  410,  264,  346,  603,   75,  468,  689,  197,  198,  437,  600,  428,  602,  289,  321,  697,  165,  167,   18,  227,  331,  378,  125,  672],
        [  547,  547,  239,  525,  335,  572,  252,  539,  904,  506,  341,  297,    0,  163,  661,  473,  630,  766,  463,  659,  254,  510,  626,  647,  838,  527,  705,  713,  734,  334,  523,  248,  541,  576,  729,  381,  348,  443,  569,  504,  229,  434,  834,  373,  120,  224,  599,  358,  849,  574,  599,  796,  176,  326,  314,  240,  294,  370,  403,  844],
        [  695,  695,  133,  666,  485,  734,  229,  585, 1019,  658,  498,  339,  163,    0,  812,  630,  642,  925,  491,  578,  309,  530,  598,  730,  939,  689,  795,  809,  832,  458,  531,  304,  699,  569,  856,  519,  508,  553,  666,  666,  295,  593,  966,  479,  152,  379,  758,  519,  936,  627,  580,  941,  174,  281,  353,  160,  449,  524,  405,  967],
        [  119,  119,  819,  170,  521,  245,  720,  588,  410,  156,  466,  604,  661,  812,    0,  432,  733,  173,  634, 1027,  589,  665,  854,  462,  445,  245,  441,  414,  412,  645,  704,  785,  155,  769,  231,  306,  331,  359,  389,  324,  579,  251,  255,  410,  678,  535,  127,  330,  523,  570,  814,  155,  696,  768,  607,  790,  368,  292,  691,  319],
        [  386,  386,  706,  429,  157,  201,  672,  766,  827,  338,  133,  625,  473,  630,  432,    0,  907,  425,  750, 1074,  585,  797,  971,  746,  829,  188,  764,  750,  759,  259,  829,  455,  281,  896,  632,  403,  232,  533,  650,  109,  560,  233,  684,  520,  562,  252,  308,  214,  887,  775,  935,  582,  610,  745,  639,  697,  303,  295,  749,  739],
        [  646,  646,  531,  578,  850,  855,  414,  149,  635,  656,  817,  335,  630,  642,  733,  907,    0,  905,  171,  369,  380,  122,  153,  308,  510,  815,  372,  405,  426,  916,  112,  878,  744,   95,  591,  516,  676,  397,  349,  857,  407,  704,  696,  389,  524,  758,  784,  694,  449,  165,  125,  763,  477,  373,  318,  492,  605,  620,  238,  643],
        [  271,  271,  950,  334,  554,  228,  863,  760,  528,  285,  504,  756,  766,  925,  173,  425,  905,    0,  801, 1191,  736,  834, 1024,  633,  590,  259,  607,  578,  573,  674,  873,  845,  227,  939,  380,  452,  419,  525,  561,  323,  723,  333,  360,  569,  803,  600,  168,  411,  675,  742,  984,  231,  830,  918,  762,  926,  478,  405,  852,  439],
        [  532,  532,  394,  467,  684,  719,  266,  105,  636,  531,  653,  167,  463,  491,  634,  750,  171,  801,    0,  396,  211,   50,  229,  297,  524,  676,  371,  397,  421,  747,   79,  711,  616,  148,  540,  375,  522,  277,  287,  710,  238,  560,  654,  245,  361,  589,  663,  540,  490,  152,  190,  694,  319,  246,  150,  353,  447,  473,  102,  619],
        [  921,  921,  446,  859,  970, 1085,  413,  469,  999,  914,  956,  456,  659,  578, 1027, 1074,  369, 1191,  396,    0,  492,  375,  217,  662,  876, 1040,  732,  763,  786,  991,  336,  876,  994,  287,  930,  749,  865,  669,  677, 1058,  515,  922, 1042,  624,  541,  859, 1045,  883,  817,  506,  246, 1089,  485,  337,  445,  428,  786,  832,  343,  998],
        [  472,  472,  253,  422,  495,  601,  134,  288,  722,  451,  473,   46,  254,  309,  589,  585,  380,  736,  211,  492,    0,  259,  399,  421,  634,  554,  488,  503,  526,  544,  276,  501,  521,  336,  576,  285,  375,  265,  362,  568,   29,  437,  690,  193,  162,  391,  577,  392,  627,  325,  366,  691,  139,  183,   64,  216,  296,  348,  170,  679],
        [  566,  566,  427,  501,  733,  760,  303,   98,  637,  569,  702,  214,  510,  530,  665,  797,  122,  834,   50,  375,  259,    0,  191,  297,  521,  718,  370,  398,  422,  796,   40,  758,  655,  106,  556,  417,  568,  311,  303,  754,  286,  604,  668,  287,  405,  638,  700,  586,  479,  142,  151,  716,  361,  273,  196,  387,  494,  517,  129,  627],
        [  756,  756,  473,  691,  892,  947,  381,  271,  787,  759,  867,  354,  626,  598,  854,  971,  153, 1024,  229,  217,  399,  191,    0,  455,  663,  904,  522,  554,  576,  940,  152,  868,  844,   86,  732,  604,  746,  501,  482,  936,  427,  789,  841,  473,  508,  790,  890,  765,  602,  302,   40,  898,  455,  318,  338,  439,  670,  700,  230,  791],
        [  403,  403,  662,  339,  742,  638,  531,  200,  341,  432,  695,  397,  647,  730,  462,  746,  308,  633,  297,  662,  421,  297,  455,    0,  227,  607,   74,  102,  126,  840,  332,  875,  518,  376,  287,  353,  525,  229,   98,  669,  436,  517,  389,  281,  581,  680,  542,  541,  206,  157,  419,  463,  559,  533,  386,  621,  480,  456,  395,  337],
        [  444,  444,  881,  402,  864,  674,  751,  424,  128,  491,  811,  615,  838,  939,  445,  829,  510,  590,  524,  876,  634,  521,  663,  227,    0,  658,  154,  132,  108,  976,  554, 1046,  559,  591,  215,  488,  639,  396,  274,  733,  645,  600,  251,  466,  788,  826,  560,  650,   93,  380,  631,  370,  772,  758,  606,  842,  617,  570,  622,  172],
        [  216,  216,  734,  272,  297,   48,  667,  668,  645,  177,  246,  585,  527,  689,  245,  188,  815,  259,  676, 1040,  554,  718,  904,  607,  658,    0,  613,  593,  599,  419,  754,  587,  100,  823,  453,  302,  187,  420,  514,   80,  534,  118,  498,  432,  584,  344,  121,  173,  724,  666,  866,  395,  620,  732,  595,  715,  263,  209,  700,  556],
        [  400,  400,  731,  342,  774,  639,  601,  273,  269,  437,  724,  466,  705,  795,  441,  764,  372,  607,  371,  732,  488,  370,  522,   74,  154,  613,    0,   35,   55,  878,  403,  926,  518,  445,  241,  386,  552,  272,  138,  679,  501,  532,  332,  334,  645,  721,  535,  566,  144,  229,  487,  420,  626,  605,  456,  692,  515,  482,  469,  272],
        [  380,  380,  749,  324,  766,  618,  620,  301,  240,  418,  715,  484,  713,  809,  414,  750,  405,  578,  397,  763,  503,  398,  554,  102,  132,  593,   35,    0,   25,  872,  433,  928,  498,  477,  209,  380,  543,  274,  144,  662,  514,  518,  298,  340,  658,  717,  511,  556,  143,  259,  519,  387,  641,  627,  475,  710,  510,  472,  494,  239],
        [  384,  384,  773,  331,  780,  622,  644,  325,  216,  425,  728,  507,  734,  832,  412,  759,  426,  573,  421,  786,  526,  422,  576,  126,  108,  599,   55,   25,    0,  887,  457,  947,  502,  499,  199,  396,  555,  293,  166,  669,  537,  527,  281,  361,  680,  734,  513,  568,  129,  282,  542,  376,  665,  652,  499,  734,  526,  485,  518,  219],
        [  566,  566,  567,  584,  124,  446,  581,  796, 1002,  513,  179,  590,  334,  458,  645,  259,  916,  674,  747,  991,  544,  796,  940,  840,  976,  419,  878,  872,  887,    0,  818,  209,  491,  879,  806,  493,  340,  612,  745,  352,  516,  400,  882,  568,  451,  163,  535,  332, 1015,  819,  909,  799,  507,  656,  606,  573,  363,  407,  711,  922],
        [  605,  605,  421,  540,  759,  797,  303,  134,  672,  607,  730,  230,  523,  531,  704,  829,  112,  873,   79,  336,  276,   40,  152,  332,  554,  754,  403,  433,  457,  818,    0,  770,  693,   69,  595,  453,  601,  350,  342,  788,  304,  639,  707,  323,  413,  662,  738,  619,  507,  175,  113,  756,  366,  264,  213,  382,  526,  551,  126,  664],
        [  687,  687,  431,  686,  300,  622,  488,  784, 1096,  637,  344,  545,  248,  304,  785,  455,  878,  845,  711,  876,  501,  758,  868,  875, 1046,  587,  926,  928,  947,  209,  770,    0,  639,  822,  907,  563,  456,  655,  789,  532,  475,  535,  998,  594,  361,  250,  691,  455, 1069,  816,  843,  935,  414,  558,  562,  450,  441,  508,  650, 1024],
        [  119,  119,  726,  180,  367,  121,  644,  596,  547,   89,  312,  546,  541,  699,  155,  281,  744,  227,  616,  994,  521,  655,  844,  518,  559,  100,  518,  498,  502,  491,  693,  639,    0,  761,  354,  245,  195,  348,  428,  177,  505,  109,  404,  373,  578,  390,   60,  189,  626,  590,  805,  309,  606,  703,  554,  703,  252,  180,  652,  458],
        [  672,  672,  451,  606,  824,  866,  343,  187,  713,  675,  796,  290,  576,  569,  769,  896,   95,  939,  148,  287,  336,  106,   86,  376,  591,  823,  445,  477,  499,  879,   69,  822,  761,    0,  650,  522,  669,  417,  398,  857,  364,  708,  759,  391,  463,  725,  806,  688,  536,  221,   46,  814,  412,  292,  273,  414,  594,  620,  173,  712],
        [  247,  247,  827,  223,  687,  465,  707,  464,  198,  298,  632,  573,  729,  856,  231,  632,  591,  380,  540,  930,  576,  556,  732,  287,  215,  453,  241,  209,  199,  806,  595,  907,  354,  650,    0,  350,  467,  311,  254,  531,  577,  412,  117,  385,  707,  668,  348,  474,  296,  431,  695,  179,  707,  735,  570,  791,  466,  403,  622,  118],
        [  188,  188,  514,  148,  390,  344,  415,  370,  534,  168,  342,  305,  381,  519,  306,  403,  516,  452,  375,  749,  285,  417,  604,  353,  488,  302,  386,  380,  396,  493,  453,  563,  245,  522,  350,    0,  174,  132,  257,  342,  274,  188,  453,  131,  377,  339,  297,  191,  523,  374,  565,  423,  391,  466,  311,  485,  131,  108,  407,  467],
        [  233,  233,  547,  244,  226,  234,  482,  535,  662,  182,  173,  410,  348,  508,  331,  232,  676,  419,  522,  865,  375,  568,  746,  525,  639,  187,  552,  543,  555,  340,  601,  456,  195,  669,  467,  174,    0,  305,  428,  194,  353,   86,  548,  289,  398,  208,  253,   19,  684,  544,  709,  480,  433,  549,  422,  528,   80,   71,  530,  583],
        [  256,  256,  516,  191,  515,  459,  397,  249,  467,  260,  470,  264,  443,  553,  359,  533,  397,  525,  277,  669,  265,  311,  501,  229,  396,  420,  272,  274,  293,  612,  350,  655,  348,  417,  311,  132,  305,    0,  135,  469,  267,  313,  426,   75,  402,  452,  390,  322,  414,  247,  462,  436,  397,  429,  263,  481,  253,  239,  334,  417],
        [  316,  316,  611,  249,  646,  547,  483,  212,  364,  340,  598,  346,  569,  666,  389,  650,  349,  561,  287,  677,  362,  303,  482,   98,  274,  514,  138,  144,  166,  745,  342,  789,  428,  398,  254,  257,  428,  135,    0,  574,  372,  421,  368,  197,  515,  587,  457,  444,  281,  185,  444,  417,  500,  498,  339,  572,  384,  359,  374,  335],
        [  289,  289,  724,  339,  235,   95,  671,  712,  724,  245,  190,  603,  504,  666,  324,  109,  857,  323,  710, 1058,  568,  754,  936,  669,  733,   80,  679,  662,  669,  352,  788,  532,  177,  857,  531,  342,  194,  469,  574,    0,  546,  156,  578,  470,  575,  301,  200,  176,  796,  715,  898,  474,  617,  740,  615,  709,  273,  238,  723,  635],
        [  461,  461,  251,  415,  467,  581,  142,  311,  729,  438,  446,   75,  229,  295,  579,  560,  407,  723,  238,  515,   29,  286,  427,  436,  645,  534,  501,  514,  537,  516,  304,  475,  505,  364,  577,  274,  353,  267,  372,  546,    0,  419,  691,  193,  145,  364,  562,  370,  642,  347,  394,  686,  131,  199,   92,  216,  274,  330,  197,  683],
        [  167,  167,  627,  199,  278,  164,  553,  558,  609,  115,  223,  468,  434,  593,  251,  233,  704,  333,  560,  922,  437,  604,  789,  517,  600,  118,  532,  518,  527,  400,  639,  535,  109,  708,  412,  188,   86,  313,  421,  156,  419,    0,  482,  318,  477,  285,  167,   81,  655,  560,  750,  403,  510,  616,  478,  606,  151,   91,  582,  525],
        [  317,  317,  941,  314,  760,  500,  822,  574,  169,  369,  704,  689,  834,  966,  255,  684,  696,  360,  654, 1042,  690,  668,  841,  389,  251,  498,  332,  298,  281,  882,  707,  998,  404,  759,  117,  453,  548,  426,  368,  578,  691,  482,    0,  499,  818,  754,  381,  553,  344,  539,  804,  130,  820,  851,  686,  906,  559,  491,  738,   83],
        [  299,  299,  443,  240,  481,  475,  326,  246,  541,  291,  441,  197,  373,  479,  410,  520,  389,  569,  245,  624,  193,  287,  473,  281,  466,  432,  334,  340,  361,  568,  323,  594,  373,  391,  385,  131,  289,   75,  197,  470,  193,  318,  499,    0,  328,  406,  422,  307,  477,  258,  434,  501,  323,  363,  198,  408,  223,  232,  283,  491],
        [  560,  560,  150,  524,  437,  631,  132,  447,  868,  526,  434,  198,  120,  152,  678,  562,  524,  803,  361,  541,  162,  405,  508,  581,  788,  584,  645,  658,  680,  451,  413,  361,  578,  463,  707,  377,  398,  402,  515,  575,  145,  477,  818,  328,    0,  325,  637,  411,  786,  486,  483,  800,   57,  207,  214,  136,  327,  399,  290,  817],
        [  440,  440,  462,  446,  113,  384,  448,  635,  862,  389,  120,  437,  224,  379,  535,  252,  758,  600,  589,  859,  391,  638,  790,  680,  826,  344,  721,  717,  734,  163,  662,  250,  390,  725,  668,  339,  208,  452,  587,  301,  364,  285,  754,  406,  325,    0,  443,  206,  860,  657,  757,  686,  378,  523,  453,  458,  209,  266,  560,  786],
        [  142,  142,  785,  209,  412,  119,  701,  636,  534,  132,  358,  600,  599,  758,  127,  308,  784,  168,  663, 1045,  577,  700,  890,  542,  560,  121,  535,  511,  513,  535,  738,  691,   60,  806,  348,  297,  253,  390,  457,  200,  562,  167,  381,  422,  637,  443,    0,  246,  633,  626,  851,  275,  665,  759,  607,  761,  311,  239,  703,  444],
        [  237,  237,  561,  253,  215,  220,  498,  553,  671,  185,  161,  428,  358,  519,  330,  214,  694,  411,  540,  883,  392,  586,  765,  541,  650,  173,  566,  556,  568,  332,  619,  455,  189,  688,  474,  191,   19,  322,  444,  176,  370,   81,  553,  307,  411,  206,  246,    0,  697,  561,  727,  481,  448,  566,  440,  543,   98,   85,  548,  590],
        [  509,  509,  866,  458,  908,  744,  735,  386,  214,  552,  857,  602,  849,  936,  523,  887,  449,  675,  490,  817,  627,  479,  602,  206,   93,  724,  144,  143,  129, 1015,  507, 1069,  626,  536,  296,  523,  684,  414,  281,  796,  642,  655,  344,  477,  786,  860,  633,  697,    0,  339,  573,  460,  765,  732,  591,  826,  653,  614,  591,  265],
        [  486,  486,  540,  418,  738,  704,  410,   47,  497,  501,  699,  289,  574,  627,  570,  775,  165,  742,  152,  506,  325,  142,  302,  157,  380,  666,  229,  259,  282,  819,  175,  816,  590,  221,  431,  374,  544,  247,  185,  715,  347,  560,  539,  258,  486,  657,  626,  561,  339,    0,  265,  600,  453,  397,  275,  499,  481,  482,  253,  492],
        [  717,  717,  458,  651,  858,  909,  359,  233,  754,  720,  832,  321,  599,  580,  814,  935,  125,  984,  190,  246,  366,  151,   40,  419,  631,  866,  487,  519,  542,  909,  113,  843,  805,   46,  695,  565,  709,  462,  444,  898,  394,  750,  804,  434,  483,  757,  851,  727,  573,  265,    0,  860,  430,  300,  305,  422,  633,  662,  199,  756],
        [  252,  252,  934,  276,  676,  389,  824,  628,  298,  299,  620,  697,  796,  941,  155,  582,  763,  231,  694, 1089,  691,  716,  898,  463,  370,  395,  420,  387,  376,  799,  756,  935,  309,  814,  179,  423,  480,  436,  417,  474,  686,  403,  130,  501,  800,  686,  275,  481,  460,  600,  860,    0,  811,  863,  698,  902,  508,  433,  766,  209],
        [  578,  578,  124,  536,  490,  667,   76,  411,  859,  548,  483,  165,  176,  174,  696,  610,  477,  830,  319,  485,  139,  361,  455,  559,  772,  620,  626,  641,  665,  507,  366,  414,  606,  412,  707,  391,  433,  397,  500,  617,  131,  510,  820,  323,   57,  378,  665,  448,  765,  453,  430,  811,    0,  150,  179,   97,  359,  427,  241,  814],
        [  652,  652,  160,  600,  634,  779,   76,  351,  860,  633,  623,  167,  326,  281,  768,  745,  373,  918,  246,  337,  183,  273,  318,  533,  758,  732,  605,  627,  652,  656,  264,  558,  703,  292,  735,  466,  549,  429,  498,  740,  199,  616,  851,  363,  207,  523,  759,  566,  732,  397,  300,  863,  150,    0,  167,  123,  471,  528,  146,  830],
        [  493,  493,  276,  438,  555,  641,  145,  234,  702,  478,  530,   18,  314,  353,  607,  639,  318,  762,  150,  445,   64,  196,  338,  386,  606,  595,  456,  475,  499,  606,  213,  562,  554,  273,  570,  311,  422,  263,  339,  615,   92,  478,  686,  198,  214,  453,  607,  440,  591,  275,  305,  698,  179,  167,    0,  236,  343,  387,  111,  667],
        [  672,  672,   41,  629,  570,  762,   91,  455,  935,  644,  568,  227,  240,  160,  790,  697,  492,  926,  353,  428,  216,  387,  439,  621,  842,  715,  692,  710,  734,  573,  382,  450,  703,  414,  791,  485,  528,  481,  572,  709,  216,  606,  906,  408,  136,  458,  761,  543,  826,  499,  422,  902,   97,  123,  236,    0,  455,  523,  259,  895],
        [  256,  256,  476,  246,  263,  310,  405,  467,  656,  212,  219,  331,  294,  449,  368,  303,  605,  478,  447,  786,  296,  494,  670,  480,  617,  263,  515,  510,  526,  363,  526,  441,  252,  594,  466,  131,   80,  253,  384,  273,  274,  151,  559,  223,  327,  209,  311,   98,  653,  481,  633,  508,  359,  471,  343,  455,    0,   77,  452,  584],
        [  182,  182,  546,  181,  295,  254,  466,  476,  597,  136,  243,  378,  370,  524,  292,  295,  620,  405,  473,  832,  348,  517,  700,  456,  570,  209,  482,  472,  485,  407,  551,  508,  180,  620,  403,  108,   71,  239,  359,  238,  330,   91,  491,  232,  399,  266,  239,   85,  614,  482,  662,  433,  427,  528,  387,  523,   77,    0,  492,  521],
        [  581,  581,  299,  521,  664,  745,  177,  207,  731,  572,  640,  125,  403,  405,  691,  749,  238,  852,  102,  343,  170,  129,  230,  395,  622,  700,  469,  494,  518,  711,  126,  650,  652,  173,  622,  407,  530,  334,  374,  723,  197,  582,  738,  283,  290,  560,  703,  548,  591,  253,  199,  766,  241,  146,  111,  259,  452,  492,    0,  708],
        [  359,  359,  932,  341,  802,  562,  808,  531,   92,  411,  747,  672,  844,  967,  319,  739,  643,  439,  619,  998,  679,  627,  791,  337,  172,  556,  272,  239,  219,  922,  664, 1024,  458,  712,  118,  467,  583,  417,  335,  635,  683,  525,   83,  491,  817,  786,  444,  590,  265,  492,  756,  209,  814,  830,  667,  895,  584,  521,  708,    0]
    ]
}
