{
    "name": "random-85-348",
    "comment": "size=85 seed=348",
    "nodes": ["+0", "-0", "+1", "-1", "+2", "-2", "+3", "-3", "+4", "-4", "+5", "-5", "+6", "-6", "+7", "-7", "+8", "-8", "+9", "-9", "+10", "-10", "+11", "-11", "+12", "-12", "+13", "-13", "+14", "-14", "+15", "-15", "+16", "-16", "+17", "-17", "+18", "-18", "+19", "-19", "+20", "-20", "+21", "-21", "+22", "-22", "+23", "-23", "+24", "-24", "+25", "-25", "+26", "-26", "+27", "-27", "+28", "-28", "+29", "-29", "+30", "-30", "+31", "-31", "+32", "-32", "+33", "-33", "+34", "-34", "+35", "-35", "+36", "-36", "+37", "-37", "+38", "-38", "+39", "-39", "+40", "-40", "+41", "-41", "+42", "-42", "+43", "-43", "+44", "-44", "+45", "-45", "+46", "-46", "+47", "-47", "+48", "-48", "+49", "-49", "+50", "-50", "+51", "-51", "+52", "-52", "+53", "-53", "+54", "-54", "+55", "-55", "+56", "-56", "+57", "-57", "+58", "-58", "+59", "-59", "+60", "-60", "+61", "-61", "+62", "-62", "+63", "-63", "+64", "-64", "+65", "-65", "+66", "-66", "+67", "-67", "+68", "-68", "+69", "-69", "+70", "-70", "+71", "-71", "+72", "-72", "+73", "-73", "+74", "-74", "+75", "-75", "+76", "-76", "+77", "-77", "+78", "-78", "+79", "-79", "+80", "-80", "+81", "-81", "+82", "-82", "+83", "-83", "+84", "-84", "+85", "-85"],
    "precedence": {
        "+0": "-0",
        "+1": "-1",
        "+2": "-2",
        "+3": "-3",
        "+4": "-4",
        "+5": "-5",
        "+6": "-6",
        "+7": "-7",
        "+8": "-8",
        "+9": "-9",
        "+10": "-10",
        "+11": "-11",
        "+12": "-12",
        "+13": "-13",
        "+14": "-14",
        "+15": "-15",
        "+16": "-16",
        "+17": "-17",
        "+18": "-18",
        "+19": "-19",
        "+20": "-20",
        "+21": "-21",
        "+22": "-22",
        "+23": "-23",
        "+24": "-24",
        "+25": "-25",
        "+26": "-26",
        "+27": "-27",
        "+28": "-28",
        "+29": "-29",
        "+30": "-30",
        "+31": "-31",
        "+32": "-32",
        "+33": "-33",
        "+34": "-34",
        "+35": "-35",
        "+36": "-36",
        "+37": "-37",
        "+38": "-38",
        "+39": "-39",
        "+40": "-40",
        "+41": "-41",
        "+42": "-42",
        "+43": "-43",
        "+44": "-44",
        "+45": "-45",
        "+46": "-46",
        "+47": "-47",
        "+48": "-48",
        "+49": "-49",
        "+50": "-50",
        "+51": "-51",
        "+52": "-52",
        "+53": "-53",
        "+54": "-54",
        "+55": "-55",
        "+56": "-56",
        "+57": "-57",
        "+58": "-58",
        "+59": "-59",
        "+60": "-60",
        "+61": "-61",
        "+62": "-62",
        "+63": "-63",
        "+64": "-64",
        "+65": "-65",
        "+66": "-66",
        "+67": "-67",
        "+68": "-68",
        "+69": "-69",
        "+70": "-70",
        "+71": "-71",
        "+72": "-72",
        "+73": "-73",
        "+74": "-74",
        "+75": "-75",
        "+76": "-76",
        "+77": "-77",
        "+78": "-78",
        "+79": "-79",
        "+80": "-80",
        "+81": "-81",
        "+82": "-82",
        "+83": "-83",
        "+84": "-84",
        "+85": "-85"
    },
    "edges": [
        [    0,    0,  122,  339,  334,  876,  681,  460,  804,  719,  356,  150,  308,  350,  179,  701,  538,  589,  508,   89,  441,  485,  531,  532,  143,  665,  705,  269,  195,  194,  739,  598,  331,  534,  357,  738,  244,  453,  482,  410,  386,  253,  486,   73,  466,  878,  235,  804,  265,  712,  853,  932,  455,  903,  252,  799,  914,  478,  438,  510,  446,  776,  522,  479,  155,  395,  385,  813,  260,  378,  215,  324,  890,  821,  700,  917,  621,  662,  784,  679,  705,  290,  901,  529,  536,  426,  223,  758,  537,  208,  425,  408,  447,   81,  364,  492,  647,  546,  381,  337,  613,  542,  656,  141,  807,  946,  742,  258,  538,  105,  579,  793,  449,  848,  536,  439,  438,  534,  828,  327,  259,  407,  140,  263,  229,  528,  747,  146,  555,   60,  255,  409,  375,  102,  526,  741,  695,  244,  530,  603,  547,  874,  864,  212,  572,  607,  316,  690,  180,  304,  105,  866,  406,  756,  497,  493,  237,  671,  457,  319,  102,  919,  726,  430,  599,  461,  633,  366,  217,  247,  714,  698],
        [    0,    0,    0,    0,    0,    0,    0,    0,    0,    0,    0,    0,    0,    0,    0,    0,    0,    0,    0,    0,    0,    0,    0,    0,    0,    0,    0,    0,    0,    0,    0,    0,    0,    0,    0,    0,    0,    0,    0,    0,    0,    0,    0,    0,    0,    0,    0,    0,    0,    0,    0,    0,    0,    0,    0,    0,    0,    0,    0,    0,    0,    0,    0,    0,    0,    0,    0,    0,    0,    0,    0,    0,    0,    0,    0,    0,    0,    0,    0,    0,    0,    0,    0,    0,    0,    0,    0,    0,    0,    0,    0,    0,    0,    0,    0,    0,    0,    0,    0,    0,    0,    0,    0,    0,    0,    0,    0,    0,    0,    0,    0,    0,    0,    0,    0,    0,    0,    0,    0,    0,    0,    0,    0,    0,    0,    0,    0,    0,    0,    0,    0,    0,    0,    0,    0,    0,    0,    0,    0,    0,    0,    0,    0,    0,    0,    0,    0,    0,    0,    0,    0,    0,    0,    0,    0,    0,    0,    0,    0,    0,    0,    0,    0,    0,    0,    0,    0,    0,    0,    0,    0,    0],
        [  122,    0,    0,  369,  434,  997,  802,  525,  905,  780,  466,  264,  348,  438,  271,  819,  651,  699,  629,   59,  495,  583,  556,  534,  257,  786,  755,  390,  196,  179,  850,  708,  302,  649,  465,  833,  304,  380,  592,  505,  484,  370,  529,   74,  587,  965,  318,  924,  326,  831,  950, 1000,  561,  971,  373,  876, 1035,  506,  504,  582,  535,  890,  529,  600,  126,  513,  332,  868,  296,  453,  279,  356,  958,  929,  760,  981,  716,  774,  871,  772,  798,  411,  986,  496,  647,  542,  343,  831,  652,  199,  519,  470,  437,   53,  485,  587,  765,  630,  487,  371,  734,  521,  776,  199,  927, 1014,  842,  164,  658,  141,  665,  914,  570,  969,  493,  529,  528,  500,  949,  438,  318,  496,   22,  281,  247,  516,  834,  264,  675,  146,  319,  519,  441,  123,  609,  862,  815,  143,  494,  724,  648,  945,  947,  159,  693,  723,  423,  804,  259,  425,   88,  929,  454,  806,  615,  609,  334,  790,  503,  283,  126, 1000,  846,  544,  671,  544,  742,  434,  337,  368,  832,  789],
        [  339,    0,  369,    0,  598,  898,  728,  194, 1022, 1025,  333,  293,  643,  214,  213,  671,  722,  784,  629,  316,  763,  738,  866,  870,  411,  715, 1023,  427,  530,  198,  916,  788,  659,  494,  590,  981,  119,  748,  686,  675,  279,  333,  814,  309,  526, 1135,  175,  905,  590,  713, 1082, 1223,  686, 1196,  393, 1078,  933,  813,  178,  809,  721,  926,  860,  570,  247,  424,  699, 1123,   80,  683,  543,   15, 1184, 1014, 1009, 1215,  868,  839, 1042,  930,  952,  423, 1160,  858,  468,  428,  429, 1046,  502,  541,  281,  145,  784,  327,  469,  340,  778,  823,  620,   13,  684,  876,  660,  199,  805, 1237,  969,  528,  665,  242,  851,  868,  505,  913,  858,  273,  714,  862,  854,  324,  587,  247,  388,  602,  123,  865, 1008,  315,  674,  280,  579,  625,  137,  255,  806,  802,  708,  504,  857,  672,  782, 1162, 1129,  523,  643,  574,  561,  852,  187,  432,  424, 1166,  100, 1074,  655,  477,  525,  789,  783,  643,  252, 1189,  813,  621,  894,  257,  832,  141,  407,  425,  687,  951],
        [  334,    0,  434,  598,    0,  671,  484,  626,  471,  436,  388,  306,  230,  481,  385,  575,  239,  273,  284,  421,  229,  152,  375,  441,  200,  468,  449,  200,  318,  517,  423,  284,  403,  472,   61,  405,  480,  580,  173,   79,  467,  296,  291,  407,  333,  548,  430,  538,  172,  552,  519,  626,  129,  599,  230,  481,  705,  332,  608,  222,  124,  475,  421,  303,  486,  343,  485,  536,  527,  128,  188,  584,  587,  496,  422,  619,  287,  352,  454,  347,  372,  224,  572,  535,  502,  380,  173,  449,  469,  334,  513,  593,  419,  411,  251,  553,  376,  226,   62,  590,  409,  509,  508,  425,  634,  640,  409,  489,  297,  422,  255,  551,  330,  608,  564,  538,  116,  542,  624,  366,  182,  518,  444,  281,  524,  477,  418,  284,  317,  367,  167,  108,  559,  428,  209,  519,  527,  492,  542,  404,  215,  565,  538,  403,  380,  511,   46,  387,  412,  226,  359,  571,  621,  498,  235,  427,  101,  407,  262,  412,  426,  596,  482,  153,  300,  579,  313,  547,  196,  188,  583,  366],
        [  876,    0,  997,  898,  671,    0,  197,  762,  563,  888,  576,  741,  900,  685,  772,  238,  458,  470,  391,  954,  860,  623, 1003, 1090,  754,  213,  950,  611,  963,  968,  419,  458, 1069,  405,  611,  626,  820, 1244,  518,  662,  619,  638,  914,  935,  412,  740,  762,  211,  839,  185,  622,  931,  577,  922,  625,  795,   38,  973,  763,  777,  688,  345, 1069,  400,  972,  499, 1150,  962,  879,  775,  844,  893,  915,  483,  891,  955,  615,  416,  703,  637,  634,  587,  763, 1202,  437,  481,  663,  818,  397,  981,  625,  781, 1086,  951,  513,  583,  319,  702,  613,  886,  269, 1170,  239,  861,  102,  940,  573, 1113,  374,  901,  692,  148,  430,  113, 1233,  641,  687, 1209,   49,  595,  849,  658, 1015,  946,  920, 1136,  699,  737,  355,  863,  833,  565,  770,  918,  708,  153,  191, 1107, 1209,  278,  574,  879,  768, 1037,  307,  328,  646,  378,  802,  573,  957,  935,  839,  977,  437,  424,  739,  286,  894, 1076,  914,  818,  203,  519,  784,  674,  473,  763,  664,  634,  223,  652],
        [  681,    0,  802,  728,  484,  197,    0,  615,  492,  758,  397,  548,  713,  516,  585,  158,  296,  327,  201,  759,  687,  459,  834,  915,  558,   17,  811,  414,  769,  780,  338,  318,  877,  251,  424,  526,  640, 1051,  346,  485,  453,  446,  744,  741,  218,  666,  579,  200,  650,   95,  559,  842,  404,  827,  429,  693,  234,  799,  611,  617,  518,  290,  894,  204,  781,  312,  958,  843,  700,  596,  651,  721,  818,  431,  757,  859,  484,  300,  608,  519,  524,  391,  692, 1019,  292,  301,  467,  703,  242,  786,  468,  623,  902,  756,  318,  441,  183,  551,  429,  716,   76,  990,   99,  671,  152,  853,  480,  916,  191,  709,  547,  146,  238,  186, 1048,  488,  515, 1025,  148,  412,  659,  499,  820,  755,  737,  957,  595,  543,  172,  670,  642,  382,  607,  726,  552,   76,   69,  910, 1025,   83,  423,  784,  686,  841,  111,  193,  456,  275,  615,  377,  760,  830,  680,  845,  255,  254,  546,  160,  722,  883,  722,  743,  113,  334,  639,  527,  347,  599,  467,  438,  154,  539],
        [  460,    0,  525,  194,  626,  762,  615,    0,  987, 1062,  264,  352,  733,  147,  286,  527,  685,  749,  568,  467,  827,  744,  951,  974,  477,  604, 1073,  430,  653,  375,  861,  750,  790,  365,  600,  965,  222,  903,  667,  697,  180,  330,  885,  455,  447, 1123,  228,  808,  670,  580, 1052, 1239,  683, 1215,  397, 1086,  795,  899,   23,  848,  746,  855,  961,  500,  416,  352,  842, 1161,  239,  735,  629,  200, 1202,  963, 1048, 1237,  862,  788, 1036,  922,  942,  412, 1149,  988,  328,  338,  456, 1064,  374,  667,  150,   56,  900,  476,  428,  180,  705,  842,  630,  185,  588,  996,  532,  329,  664, 1253,  943,  689,  602,  385,  865,  760,  428,  796,  995,  128,  739,  993,  722,  274,  670,  125,  546,  709,  296,  980, 1005,  373,  605,  402,  658,  620,   86,  403,  828,  690,  581,  667,  989,  576,  773, 1177, 1124,  666,  552,  437,  583,  793,  281,  415,  560, 1192,   98, 1123,  610,  364,  579,  709,  854,  778,  400, 1186,  715,  602,  924,   89,  795,   95,  433,  439,  542,  945],
        [  804,    0,  905, 1022,  471,  563,  492,  987,    0,  377,  725,  745,  628,  850,  818,  649,  304,  240,  425,  891,  506,  323,  601,  705,  665,  488,  453,  596,  766,  978,  155,  238,  805,  680,  450,  102,  907,  973,  337,  401,  808,  690,  530,  876,  550,  179,  848,  353,  604,  585,   69,  369,  350,  362,  630,  245,  580,  598,  975,  388,  379,  219,  685,  494,  953,  637,  881,  425,  963,  480,  641, 1010,  356,   87,  388,  395,  197,  207,  152,  157,  134,  600,  202,  853,  725,  656,  607,  284,  672,  778,  843,  972,  750,  881,  563,  849,  317,  307,  424, 1012,  459,  802,  583,  878,  603,  378,   65,  940,  394,  885,  274,  419,  566,  452,  893,  868,  385,  859,  542,  719,  615,  863,  913,  702,  973,  765,  165,  727,  396,  830,  606,  404,  944,  893,  326,  454,  560,  949,  863,  467,  257,  320,  206,  853,  476,  658,  489,  220,  849,  591,  826,  382, 1017,  462,  378,  655,  571,  334,  529,  823,  891,  257,  392,  401,  334,  914,  193,  933,  626,  602,  645,  153],
        [  719,    0,  780, 1025,  436,  888,  758, 1062,  377,    0,  815,  735,  436,  916,  815,  899,  470,  432,  602,  792,  286,  334,  290,  387,  615,  748,   78,  633,  595,  913,  480,  442,  570,  857,  466,  282,  909,  704,  443,  367,  898,  732,  264,  784,  707,  283,  863,  688,  458,  850,  361,  224,  401,  195,  665,  159,  913,  315, 1044,  217,  317,  560,  371,  658,  871,  754,  627,  100,  951,  344,  507, 1011,  182,  461,   23,  201,  276,  473,  232,  254,  261,  654,  289,  542,  895,  787,  609,  102,  851,  600,  943, 1029,  466,  779,  660,  975,  581,  229,  437, 1019,  698,  483,  826,  839,  899,  237,  335,  750,  589,  822,  218,  741,  714,  786,  584,  968,  324,  547,  855,  797,  465,  951,  780,  511,  938,  449,  213,  713,  603,  768,  467,  458,  995,  821,  239,  751,  823,  767,  552,  700,  342,  180,  246,  671,  692,  869,  479,  511,  839,  653,  692,  149, 1056,   89,  535,  818,  501,  611,  283,  593,  820,  269,  691,  494,  140, 1011,  418,  983,  632,  623,  901,  242],
        [  356,    0,  466,  333,  388,  576,  397,  264,  725,  815,    0,  207,  545,  129,  206,  366,  422,  485,  309,  412,  607,  489,  745,  788,  295,  384,  835,  190,  515,  397,  602,  487,  650,  187,  350,  702,  244,  799,  405,  450,   86,  115,  668,  394,  196,  860,  186,  574,  475,  395,  789,  982,  426,  958,  166,  828,  612,  695,  251,  607,  500,  602,  772,  244,  410,   94,  719,  914,  304,  508,  446,  325,  946,  704,  803,  982,  601,  528,  774,  660,  680,  164,  887,  836,  182,   97,  235,  809,  192,  532,  129,  250,  732,  414,  165,  168,  453,  591,  379,  321,  352,  830,  339,  295,  490,  996,  680,  613,  344,  344,  610,  537,  175,  582,  852,  154,  493,  842,  530,   30,  478,  141,  487,  545,  344,  807,  744,  215,  350,  321,  463,  363,  225,  363,  578,  471,  385,  599,  839,  340,  512,  919,  862,  560,  311,  266,  342,  535,  231,  163,  457,  939,  299,  883,  347,  155,  367,  461,  638,  646,  359,  924,  481,  340,  676,  198,  532,  214,  216,  208,  380,  683],
        [  150,    0,  264,  293,  306,  741,  548,  352,  745,  735,  207,    0,  381,  221,   80,  555,  455,  513,  394,  215,  481,  448,  600,  623,  127,  532,  736,  156,  318,  245,  656,  520,  456,  385,  301,  696,  175,  596,  409,  383,  244,  106,  537,  196,  331,  847,  131,  690,  319,  570,  802,  931,  401,  904,  128,  786,  778,  547,  331,  518,  429,  681,  610,  353,  236,  250,  520,  833,  223,  395,  278,  279,  891,  748,  718,  923,  581,  578,  754,  642,  666,  166,  871,  649,  386,  278,  140,  754,  388,  334,  287,  308,  554,  214,  235,  350,  541,  531,  331,  285,  485,  652,  514,  136,  667,  945,  689,  407,  427,  163,  560,  671,  312,  723,  661,  305,  421,  655,  693,  178,  318,  274,  284,  363,  228,  632,  719,   23,  441,  123,  306,  343,  273,  179,  513,  613,  555,  394,  651,  474,  497,  870,  839,  355,  443,  459,  270,  599,  108,  180,  251,  874,  325,  787,  399,  346,  236,  560,  506,  449,  175,  898,  606,  348,  602,  334,  560,  262,  120,  145,  569,  663],
        [  308,    0,  348,  643,  230,  900,  713,  733,  628,  436,  545,  381,    0,  599,  451,  796,  460,  481,  513,  367,  151,  323,  224,  245,  258,  697,  408,  366,  160,  497,  622,  493,  182,  672,  290,  539,  537,  358,  394,  255,  609,  433,  182,  362,  546,  648,  508,  762,   71,  778,  659,  658,  339,  629,  381,  547,  935,  171,  712,  255,  255,  684,  230,  525,  450,  530,  263,  522,  564,  150,  104,  628,  616,  675,  415,  637,  432,  560,  559,  477,  503,  396,  667,  309,  694,  568,  312,  496,  670,  165,  655,  687,  195,  353,  449,  710,  601,  325,  289,  639,  638,  291,  731,  445,  862,  672,  564,  323,  527,  413,  360,  779,  539,  836,  336,  676,  251,  315,  854,  517,   67,  649,  345,   78,  537,  264,  522,  361,  546,  365,   82,  336,  652,  407,  304,  749,  754,  337,  315,  632,  394,  607,  625,  239,  607,  722,  259,  599,  466,  405,  260,  585,  698,  459,  465,  626,  184,  633,  156,  197,  408,  672,  710,  382,  340,  710,  510,  642,  330,  342,  804,  490],
        [  350,    0,  438,  214,  481,  685,  516,  147,  850,  916,  129,  221,  599,    0,  172,  460,  547,  610,  437,  380,  685,  599,  813,  842,  341,  504,  928,  283,  535,  325,  730,  613,  673,  281,  454,  823,  155,  802,  524,  550,   66,  185,  744,  365,  323,  981,  120,  699,  533,  500,  914, 1093,  538, 1069,  251,  941,  720,  761,  130,  702,  600,  731,  828,  372,  352,  222,  733, 1015,  205,  591,  496,  209, 1056,  831,  902, 1091,  718,  655,  892,  778,  799,  266, 1007,  868,  257,  219,  311,  918,  289,  550,   83,  123,  774,  386,  288,  152,  581,  696,  484,  202,  477,  872,  447,  243,  592, 1107,  803,  598,  472,  300,  719,  658,  303,  701,  879,   91,  593,  874,  640,  132,  534,   58,  460,  583,  257,  852,  861,  239,  478,  299,  521,  475,   97,  320,  682,  591,  495,  579,  870,  465,  629, 1031,  981,  561,  437,  361,  437,  663,  180,  270,  454, 1045,  171,  977,  474,  264,  437,  589,  713,  664,  316, 1042,  606,  459,  778,  114,  657,   86,  288,  293,  475,  801],
        [  179,    0,  271,  213,  385,  772,  585,  286,  818,  815,  206,   80,  451,  172,    0,  571,  523,  583,  449,  213,  558,  526,  673,  690,  203,  570,  815,  223,  369,  196,  723,  589,  506,  393,  379,  772,   95,  631,  482,  463,  214,  144,  612,  197,  368,  924,   59,  740,  392,  595,  876, 1011,  477,  984,  190,  865,  809,  620,  264,  598,  509,  742,  677,  399,  204,  274,  563,  912,  146,  474,  348,  199,  971,  817,  798, 1002,  658,  644,  831,  719,  743,  225,  949,  704,  385,  295,  217,  834,  397,  383,  250,  238,  614,  218,  286,  318,  598,  611,  408,  206,  528,  711,  538,   90,  691, 1025,  763,  428,  483,  139,  639,  715,  348,  765,  712,  262,  501,  709,  725,  182,  390,  229,  292,  424,  161,  694,  797,  102,  496,  128,  379,  417,  203,  159,  593,  654,  583,  410,  705,  516,  573,  950,  918,  390,  485,  471,  349,  663,   33,  237,  283,  954,  249,  866,  462,  359,  315,  615,  581,  496,  155,  977,  653,  418,  682,  283,  631,  193,  196,  217,  585,  741],
        [  701,    0,  819,  671,  575,  238,  158,  527,  649,  899,  366,  555,  796,  460,  571,    0,  430,  471,  306,  769,  795,  583,  943, 1016,  599,  162,  947,  453,  823,  763,  495,  463,  945,  181,  516,  680,  604, 1112,  467,  594,  394,  450,  855,  751,  252,  823,  550,  344,  728,   71,  716,  995,  522,  980,  457,  844,  269,  904,  528,  740,  634,  447,  996,  273,  774,  307, 1023,  987,  661,  698,  719,  668,  971,  588,  896, 1011,  628,  454,  762,  669,  676,  425,  848, 1104,  205,  278,  511,  851,  175,  841,  394,  548,  990,  769,  356,  348,  337,  682,  529,  659,  203, 1083,   74,  660,  138, 1007,  635,  952,  313,  706,  684,  277,  263,  294, 1130,  407,  630, 1111,  202,  389,  735,  427,  839,  825,  706, 1052,  747,  556,  298,  677,  718,  486,  540,  725,  681,  213,   91,  942, 1110,  200,  559,  936,  842,  886,  209,  100,  539,  431,  597,  412,  793,  980,  606,  984,  372,  212,  616,  316,  830,  947,  721,  900,  267,  438,  773,  439,  497,  533,  505,  479,   16,  689],
        [  538,    0,  651,  722,  239,  458,  296,  685,  304,  470,  422,  455,  460,  547,  523,  430,    0,   64,  138,  626,  402,  165,  545,  633,  396,  284,  518,  301,  556,  696,  203,   67,  638,  403,  191,  286,  608,  815,   67,  208,  506,  389,  456,  610,  259,  444,  548,  303,  408,  383,  368,  588,  122,  568,  333,  432,  490,  516,  672,  323,  230,  240,  612,  204,  677,  336,  720,  560,  666,  322,  426,  710,  558,  295,  467,  597,  205,  125,  363,  255,  269,  300,  470,  751,  445,  359,  323,  429,  396,  572,  543,  669,  635,  619,  260,  555,  144,  256,  178,  711,  229,  715,  357,  590,  445,  600,  259,  724,  119,  606,  255,  324,  272,  380,  784,  568,  229,  757,  416,  415,  419,  562,  664,  517,  681,  680,  339,  439,  133,  553,  404,  136,  641,  617,  257,  307,  356,  726,  758,  231,  130,  526,  451,  639,  223,  402,  233,  153,  555,  290,  585,  561,  713,  555,   77,  370,  330,  177,  437,  649,  614,  512,  258,  110,  345,  614,  111,  629,  338,  311,  432,  277],
        [  589,    0,  699,  784,  273,  470,  327,  749,  240,  432,  485,  513,  481,  610,  583,  471,   64,    0,  196,  677,  404,  164,  540,  633,  447,  317,  486,  360,  590,  752,  151,   13,  662,  460,  234,  225,  670,  838,  108,  226,  569,  451,  452,  661,  319,  382,  610,  292,  436,  419,  305,  533,  146,  515,  393,  378,  499,  516,  736,  310,  234,  204,  611,  263,  731,  400,  743,  517,  727,  336,  460,  772,  505,  236,  431,  544,  158,   80,  305,  201,  212,  361,  409,  760,  503,  422,  378,  381,  452,  605,  606,  733,  645,  669,  323,  617,  153,  233,  215,  774,  268,  720,  398,  648,  470,  545,  196,  762,  171,  661,  224,  328,  333,  380,  795,  632,  236,  766,  432,  479,  447,  625,  710,  544,  740,  684,  283,  496,  180,  607,  434,  181,  704,  671,  239,  324,  392,  765,  768,  272,  105,  472,  391,  675,  270,  453,  277,  119,  615,  352,  629,  511,  777,  519,  140,  429,  370,  185,  437,  674,  668,  452,  268,  166,  316,  677,   48,  693,  395,  369,  471,  222],
        [  508,    0,  629,  629,  284,  391,  201,  568,  425,  602,  309,  394,  513,  437,  449,  306,  138,  196,    0,  592,  492,  278,  641,  718,  375,  185,  645,  243,  574,  637,  294,  193,  679,  265,  224,  420,  524,  854,  163,  291,  388,  306,  551,  575,  126,  577,  461,  297,  450,  272,  492,  725,  216,  706,  267,  569,  427,  604,  557,  434,  328,  297,  697,   70,  628,  217,  760,  695,  584,  399,  453,  619,  695,  396,  597,  734,  342,  222,  499,  392,  406,  228,  603,  819,  308,  232,  286,  566,  258,  592,  421,  558,  703,  588,  164,  425,  150,  380,  230,  618,  125,  791,  234,  528,  350,  738,  388,  729,   36,  555,  385,  287,  142,  343,  848,  446,  325,  825,  343,  309,  459,  443,  644,  556,  609,  758,  476,  383,   48,  509,  443,  184,  533,  570,  377,  243,  246,  726,  825,  120,  262,  663,  586,  650,   99,  267,  256,  227,  481,  215,  577,  698,  607,  684,   68,  234,  348,  167,  528,  685,  566,  647,  218,  136,  471,  491,  237,  522,  293,  262,  311,  415],
        [   89,    0,   59,  316,  421,  954,  759,  467,  891,  792,  412,  215,  367,  380,  213,  769,  626,  677,  592,    0,  509,  571,  584,  570,  230,  743,  772,  351,  227,  135,  827,  686,  346,  596,  445,  824,  246,  437,  570,  495,  427,  320,  548,   19,  543,  961,  260,  889,  335,  784,  939, 1008,  543,  979,  331,  879,  991,  532,  445,  587,  529,  863,  563,  560,   84,  464,  384,  883,  241,  455,  285,  302,  966,  909,  772,  991,  706,  750,  867,  764,  790,  370,  983,  544,  593,  492,  309,  836,  600,  234,  461,  412,  477,   14,  443,  529,  733,  628,  468,  316,  693,  565,  728,  140,  881, 1022,  829,  222,  623,   83,  661,  876,  524,  930,  543,  471,  522,  548,  905,  385,  327,  437,   81,  308,  195,  557,  830,  217,  639,   93,  326,  497,  383,   64,  607,  821,  769,  201,  543,  683,  634,  952,  946,  208,  652,  672,  403,  777,  200,  384,  115,  940,  398,  823,  584,  558,  322,  756,  521,  329,   68, 1000,  809,  517,  676,  485,  721,  376,  300,  331,  782,  783],
        [  441,    0,  495,  763,  229,  860,  687,  827,  506,  286,  607,  481,  151,  685,  558,  795,  402,  404,  492,  509,    0,  241,  149,  231,  356,  672,  264,  418,  311,  634,  527,  417,  307,  700,  283,  410,  650,  468,  343,  202,  682,  505,   63,  502,  559,  505,  612,  696,  177,  764,  528,  507,  284,  478,  443,  398,  892,  114,  807,  118,  173,  599,  210,  524,  590,  570,  378,  374,  685,  102,  226,  748,  465,  564,  265,  487,  315,  478,  419,  350,  374,  445,  521,  359,  730,  608,  377,  346,  697,  316,  729,  787,  248,  496,  479,  774,  545,  201,  267,  757,  613,  317,  725,  569,  838,  521,  442,  471,  496,  545,  232,  725,  557,  780,  396,  752,  174,  365,  817,  583,  183,  729,  495,  228,  666,  281,  382,  459,  515,  493,  187,  310,  752,  542,  183,  708,  738,  487,  368,  611,  303,  456,  479,  389,  591,  736,  273,  520,  578,  450,  407,  435,  806,  316,  432,  655,  249,  578,   36,  328,  542,  523,  660,  358,  194,  791,  422,  741,  399,  400,  801,  358],
        [  485,    0,  583,  738,  152,  623,  459,  744,  323,  334,  489,  448,  323,  599,  526,  583,  165,  164,  278,  571,  241,    0,  381,  471,  351,  445,  369,  318,  448,  667,  299,  177,  505,  524,  149,  254,  620,  680,  116,   79,  573,  418,  292,  558,  374,  400,  566,  455,  287,  543,  369,  495,   67,  471,  352,  343,  654,  354,  728,  159,   71,  364,  450,  327,  637,  422,  585,  431,  671,  175,  320,  724,  459,  357,  326,  494,  136,  240,  306,  196,  221,  333,  424,  596,  562,  454,  310,  321,  519,  461,  617,  717,  482,  561,  329,  645,  306,  106,  119,  729,  389,  557,  510,  573,  608,  509,  260,  622,  272,  573,  122,  485,  380,  540,  632,  642,   73,  603,  581,  473,  299,  627,  591,  392,  672,  521,  271,  427,  289,  517,  288,  126,  685,  579,  100,  472,  516,  629,  604,  388,   72,  433,  392,  535,  374,  541,  179,  281,  555,  330,  504,  450,  752,  411,  211,  484,  250,  339,  275,  520,  577,  452,  421,  160,  197,  686,  188,  673,  332,  315,  587,  217],
        [  531,    0,  556,  866,  375, 1003,  834,  951,  601,  290,  745,  600,  224,  813,  673,  943,  545,  540,  641,  584,  149,  381,    0,  104,  474,  819,  232,  557,  361,  716,  650,  552,  296,  847,  431,  501,  760,  415,  489,  350,  816,  638,   90,  581,  707,  559,  729,  831,  282,  912,  609,  506,  430,  478,  580,  438, 1034,   54,  930,  232,  317,  725,   85,  673,  667,  714,  342,  349,  787,  248,  325,  852,  466,  670,  268,  476,  428,  609,  486,  447,  468,  586,  569,  258,  875,  752,  511,  380,  844,  359,  863,  907,  177,  570,  624,  912,  686,  316,  415,  863,  761,  202,  873,  669,  985,  518,  543,  488,  643,  635,  340,  865,  704,  919,  299,  885,  319,  263,  961,  719,  283,  860,  550,  276,  760,  166,  455,  579,  662,  589,  294,  458,  872,  628,  304,  852,  886,  509,  268,  758,  436,  469,  526,  420,  740,  884,  418,  651,  688,  592,  472,  426,  920,  275,  579,  802,  379,  719,  114,  320,  629,  557,  802,  506,  268,  922,  551,  861,  532,  537,  949,  449],
        [  532,    0,  534,  870,  441, 1090,  915,  974,  705,  387,  788,  623,  245,  842,  690, 1016,  633,  633,  718,  570,  231,  471,  104,    0,  502,  900,  322,  606,  344,  704,  749,  645,  244,  906,  500,  604,  771,  328,  573,  430,  853,  677,  182,  571,  772,  660,  748,  924,  314,  989,  713,  597,  514,  568,  623,  539, 1122,  118,  953,  330,  403,  823,   22,  743,  653,  768,  269,  434,  791,  320,  347,  856,  558,  773,  365,  563,  528,  705,  590,  550,  571,  636,  670,  156,  931,  806,  554,  481,  904,  337,  899,  927,  105,  557,  682,  954,  775,  415,  489,  868,  840,   99,  947,  672, 1066,  608,  646,  438,  724,  632,  441,  955,  768, 1010,  198,  920,  404,  161, 1047,  761,  311,  893,  524,  269,  757,   63,  558,  604,  743,  591,  326,  534,  892,  622,  402,  938,  964,  462,  166,  837,  530,  563,  627,  383,  816,  950,  480,  747,  701,  643,  456,  516,  933,  359,  660,  861,  423,  809,  197,  267,  623,  655,  890,  583,  371,  954,  648,  882,  573,  583, 1023,  553],
        [  143,    0,  257,  411,  200,  754,  558,  477,  665,  615,  295,  127,  258,  341,  203,  599,  396,  447,  375,  230,  356,  351,  474,  502,    0,  541,  613,  147,  227,  317,  597,  456,  358,  448,  216,  603,  296,  516,  340,  278,  353,  180,  410,  215,  352,  748,  257,  668,  193,  599,  716,  817,  315,  790,  145,  677,  791,  422,  457,  399,  319,  634,  488,  354,  288,  302,  431,  712,  336,  272,  156,  397,  777,  680,  598,  807,  486,  520,  654,  546,  571,  175,  772,  542,  460,  338,   92,  641,  448,  245,  399,  434,  439,  223,  246,  456,  508,  422,  241,  405,  487,  538,  546,  228,  693,  832,  604,  359,  402,  223,  453,  661,  338,  717,  558,  419,  312,  548,  705,  266,  194,  391,  272,  251,  327,  516,  618,  105,  420,  167,  181,  267,  399,  229,  403,  613,  580,  353,  545,  477,  409,  758,  737,  288,  447,  511,  176,  548,  225,  188,  203,  757,  451,  664,  358,  403,  114,  533,  379,  356,  227,  794,  593,  288,  485,  452,  492,  388,   95,  122,  610,  566],
        [  665,    0,  786,  715,  468,  213,   17,  604,  488,  748,  384,  532,  697,  504,  570,  162,  284,  317,  185,  743,  672,  445,  819,  900,  541,    0,  800,  398,  752,  765,  334,  308,  861,  242,  408,  520,  626, 1035,  332,  471,  441,  431,  730,  725,  203,  661,  565,  207,  634,  103,  555,  835,  390,  820,  413,  685,  250,  785,  600,  604,  504,  290,  879,  187,  766,  298,  942,  833,  686,  581,  635,  708,  811,  429,  746,  851,  474,  293,  602,  511,  516,  375,  687, 1003,  284,  288,  450,  694,  233,  770,  457,  612,  887,  740,  301,  432,  176,  539,  414,  703,   60,  975,   98,  656,  167,  846,  474,  900,  177,  694,  536,  156,  223,  199, 1032,  478,  501, 1010,  164,  398,  643,  488,  804,  738,  722,  942,  587,  527,  158,  654,  626,  367,  596,  710,  540,   88,   76,  894, 1010,   66,  411,  776,  680,  825,   95,  188,  440,  270,  600,  361,  744,  822,  668,  834,  241,  243,  530,  155,  707,  867,  706,  738,  117,  319,  627,  518,  338,  587,  451,  422,  159,  530],
        [  705,    0,  755, 1023,  449,  950,  811, 1073,  453,   78,  835,  736,  408,  928,  815,  947,  518,  486,  645,  772,  264,  369,  232,  322,  613,  800,    0,  649,  564,  898,  548,  497,  523,  892,  487,  355,  908,  645,  483,  387,  916,  744,  227,  765,  743,  359,  866,  753,  440,  901,  439,  276,  435,  248,  678,  236,  976,  266, 1054,  228,  338,  628,  308,  696,  853,  780,  573,  118,  946,  341,  490, 1008,  237,  535,   65,  245,  335,  534,  310,  322,  332,  671,  364,  476,  928,  815,  618,  180,  887,  566,  962, 1037,  408,  759,  686,  999,  638,  266,  460, 1017,  747,  416,  874,  832,  956,  288,  408,  709,  635,  809,  265,  803,  747,  851,  517,  986,  344,  480,  915,  814,  446,  966,  752,  478,  929,  383,  289,  714,  650,  757,  451,  487, 1002,  806,  270,  809,  874,  729,  486,  749,  390,  243,  322,  634,  739,  910,  494,  574,  837,  672,  667,  195, 1060,   52,  578,  851,  501,  669,  252,  546,  806,  340,  750,  527,  175, 1028,  477,  990,  641,  636,  949,  312],
        [  269,    0,  390,  427,  200,  611,  414,  430,  596,  633,  190,  156,  366,  283,  223,  453,  301,  360,  243,  351,  418,  318,  557,  606,  147,  398,  649,    0,  370,  400,  501,  366,  495,  310,  171,  554,  311,  659,  260,  268,  268,  101,  479,  333,  206,  710,  253,  540,  295,  453,  656,  812,  262,  787,   35,  661,  648,  509,  412,  421,  317,  525,  588,  212,  387,  165,  572,  732,  367,  319,  275,  415,  774,  595,  620,  809,  444,  423,  618,  505,  527,   31,  735,  668,  328,  203,   58,  636,  309,  388,  314,  400,  559,  346,  100,  357,  387,  414,  201,  418,  345,  656,  399,  292,  547,  826,  543,  505,  274,  314,  437,  526,  192,  580,  689,  339,  310,  674,  562,  167,  301,  319,  407,  379,  381,  630,  585,  143,  290,  267,  284,  200,  367,  328,  399,  473,  434,  498,  672,  335,  356,  750,  706,  434,  305,  368,  155,  443,  255,   42,  347,  763,  434,  697,  243,  264,  183,  408,  449,  496,  325,  767,  459,  196,  495,  380,  408,  355,   54,   26,  465,  527],
        [  195,    0,  196,  530,  318,  963,  769,  653,  766,  595,  515,  318,  160,  535,  369,  823,  556,  590,  574,  227,  311,  448,  361,  344,  227,  752,  564,  370,    0,  361,  739,  602,  139,  674,  368,  684,  438,  290,  491,  372,  562,  401,  338,  227,  573,  802,  427,  852,  163,  819,  804,  817,  445,  788,  371,  704, 1000,  311,  631,  410,  387,  793,  337,  568,  310,  528,  205,  679,  452,  290,  131,  516,  775,  804,  574,  796,  571,  670,  711,  622,  648,  399,  821,  336,  686,  565,  312,  655,  674,   18,  605,  602,  254,  213,  468,  667,  689,  472,  379,  529,  694,  347,  767,  335,  910,  831,  702,  175,  596,  290,  507,  857,  561,  914,  344,  622,  382,  341,  915,  486,  152,  590,  190,   87,  415,  335,  673,  304,  615,  255,  161,  422,  568,  279,  450,  816,  798,  184,  337,  687,  519,  766,  780,   87,  658,  737,  327,  705,  373,  412,  113,  744,  601,  614,  541,  629,  229,  718,  314,  131,  281,  829,  787,  460,  497,  648,  627,  559,  320,  344,  834,  636],
        [  194,    0,  179,  198,  517,  968,  780,  375,  978,  913,  397,  245,  497,  325,  196,  763,  696,  752,  637,  135,  634,  667,  716,  704,  317,  765,  898,  400,  361,    0,  898,  759,  478,  583,  529,  920,  171,  553,  646,  595,  384,  337,  677,  136,  563, 1064,  215,  932,  458,  790, 1032, 1125,  630, 1096,  372,  990, 1005,  664,  354,  703,  634,  924,  697,  592,   53,  470,  510, 1006,  136,  571,  408,  186, 1083,  988,  894, 1110,  803,  820,  970,  863,  888,  410, 1088,  674,  570,  489,  374,  950,  588,  368,  407,  319,  611,  148,  476,  476,  785,  736,  556,  202,  722,  698,  733,  110,  886, 1139,  919,  333,  671,   95,  767,  909,  543,  960,  671,  410,  626,  678,  921,  375,  452,  377,  195,  442,   79,  691,  934,  258,  685,  151,  448,  576,  296,   93,  716,  849,  778,  308,  672,  711,  724, 1067, 1052,  337,  680,  663,  491,  842,  167,  423,  249, 1060,  291,  949,  642,  552,  425,  804,  648,  460,   93, 1109,  846,  587,  792,  413,  799,  293,  358,  386,  777,  883],
        [  739,    0,  850,  916,  423,  419,  338,  861,  155,  480,  602,  656,  622,  730,  723,  495,  203,  151,  294,  827,  527,  299,  650,  749,  597,  334,  548,  501,  739,  898,    0,  142,  803,  537,  385,  208,  806,  978,  258,  370,  682,  585,  567,  811,  416,  332,  744,  211,  582,  430,  222,  515,  295,  505,  533,  377,  439,  634,  851,  420,  368,   81,  728,  362,  879,  511,  883,  547,  864,  473,  609,  905,  498,  103,  486,  538,  224,   79,  286,  227,  220,  498,  356,  886,  582,  525,  525,  402,  528,  753,  714,  852,  774,  819,  449,  713,  167,  334,  366,  906,  308,  841,  430,  792,  451,  525,  155,  911,  260,  808,  312,  272,  434,  311,  923,  739,  371,  892,  393,  601,  593,  737,  861,  689,  882,  804,  282,  640,  258,  755,  581,  331,  826,  819,  348,  301,  406,  915,  894,  317,  229,  462,  355,  824,  330,  508,  428,   71,  755,  487,  780,  517,  900,  568,  262,  516,  521,  180,  557,  817,  816,  409,  238,  312,  396,  783,  112,  815,  540,  512,  491,  239],
        [  598,    0,  708,  788,  284,  458,  318,  750,  238,  442,  487,  520,  493,  613,  589,  463,   67,   13,  193,  686,  417,  177,  552,  645,  456,  308,  497,  366,  602,  759,  142,    0,  674,  457,  244,  228,  675,  850,  117,  238,  570,  456,  465,  670,  318,  384,  614,  280,  448,  410,  303,  538,  157,  520,  399,  384,  487,  528,  738,  322,  247,  192,  624,  262,  739,  400,  755,  526,  732,  348,  471,  777,  511,  229,  441,  550,  166,   69,  309,  207,  217,  366,  411,  772,  500,  421,  386,  388,  449,  617,  607,  735,  658,  678,  326,  616,  142,  245,  225,  778,  261,  733,  391,  655,  459,  550,  196,  773,  167,  669,  235,  315,  332,  368,  808,  632,  248,  779,  420,  481,  459,  626,  720,  556,  746,  697,  288,  503,  175,  615,  446,  190,  707,  679,  252,  313,  383,  776,  780,  265,  117,  477,  394,  687,  264,  448,  287,  106,  621,  357,  639,  518,  780,  528,  140,  427,  381,  174,  449,  687,  676,  455,  256,  173,  327,  677,   45,  695,  402,  375,  463,  228],
        [  331,    0,  302,  659,  403, 1069,  877,  790,  805,  570,  650,  456,  182,  673,  506,  945,  638,  662,  679,  346,  307,  505,  296,  244,  358,  861,  523,  495,  139,  478,  803,  674,    0,  803,  460,  713,  573,  178,  572,  436,  699,  536,  308,  351,  693,  811,  564,  939,  232,  935,  833,  793,  519,  763,  501,  701, 1104,  257,  768,  423,  437,  865,  244,  681,  426,  658,   83,  641,  582,  331,  227,  645,  751,  855,  547,  765,  610,  741,  725,  652,  677,  526,  827,  200,  818,  695,  438,  646,  803,  124,  743,  738,  141,  334,  590,  805,  778,  500,  464,  659,  802,  220,  885,  467, 1023,  805,  741,  195,  696,  418,  534,  953,  683, 1010,  206,  760,  433,  204, 1022,  621,  221,  729,  289,  124,  540,  217,  689,  441,  716,  389,  237,  510,  705,  405,  480,  919,  912,  219,  200,  795,  576,  748,  784,  145,  769,  863,  423,  780,  510,  537,  235,  714,  734,  569,  636,  758,  333,  809,  295,   25,  407,  825,  883,  554,  500,  786,  692,  696,  449,  470,  955,  663],
        [  534,    0,  649,  494,  472,  405,  251,  365,  680,  857,  187,  385,  672,  281,  393,  181,  403,  460,  265,  596,  700,  524,  847,  906,  448,  242,  892,  310,  674,  583,  537,  457,  803,    0,  419,  684,  424,  963,  415,  512,  216,  282,  762,  578,  150,  840,  370,  448,  602,  220,  748,  990,  458,  970,  303,  834,  439,  802,  363,  670,  559,  513,  888,  201,  596,  146,  878,  952,  481,  599,  584,  489,  959,  638,  849,  998,  605,  474,  764,  657,  671,  279,  866,  977,   46,  110,  367,  828,    9,  692,  222,  378,  866,  597,  225,  191,  370,  630,  440,  482,  236,  962,  169,  481,  312, 1003,  650,  789,  291,  530,  640,  396,  146,  432,  998,  239,  553,  983,  362,  213,  608,  255,  669,  688,  526,  935,  741,  389,  286,  504,  591,  406,  366,  549,  623,  326,  218,  777,  981,  225,  522,  928,  850,  729,  208,   81,  430,  467,  418,  269,  631,  960,  436,  935,  328,   46,  488,  366,  734,  802,  545,  911,  356,  365,  721,  277,  499,  358,  355,  335,  196,  679],
        [  357,    0,  465,  590,   61,  611,  424,  600,  450,  466,  350,  301,  290,  454,  379,  516,  191,  234,  224,  445,  283,  149,  431,  500,  216,  408,  487,  171,  368,  529,  385,  244,  460,  419,    0,  395,  472,  636,  128,  100,  433,  271,  345,  429,  276,  546,  417,  485,  229,  492,  504,  642,  101,  616,  204,  491,  646,  390,  583,  259,  150,  430,  481,  244,  503,  295,  542,  565,  524,  184,  240,  576,  604,  465,  453,  638,  280,  310,  453,  341,  365,  189,  571,  596,  450,  332,  162,  466,  415,  384,  478,  570,  480,  436,  201,  513,  322,  243,   31,  581,  348,  569,  448,  430,  573,  656,  391,  534,  237,  435,  267,  494,  274,  551,  625,  503,  143,  602,  565,  332,  239,  486,  477,  337,  527,  538,  419,  281,  257,  380,  223,   56,  537,  443,  229,  460,  467,  536,  602,  343,  197,  579,  540,  450,  320,  454,   43,  342,  408,  188,  396,  592,  604,  533,  177,  375,  140,  352,  318,  468,  441,  600,  424,   94,  327,  546,  278,  525,  184,  166,  523,  363],
