{
    "name": "random-44-28731",
    "comment": "size=44 seed=28731",
    "nodes": ["+0", "-0", "+1", "-1", "+2", "-2", "+3", "-3", "+4", "-4", "+5", "-5", "+6", "-6", "+7", "-7", "+8", "-8", "+9", "-9", "+10", "-10", "+11", "-11", "+12", "-12", "+13", "-13", "+14", "-14", "+15", "-15", "+16", "-16", "+17", "-17", "+18", "-18", "+19", "-19", "+20", "-20", "+21", "-21", "+22", "-22", "+23", "-23", "+24", "-24", "+25", "-25", "+26", "-26", "+27", "-27", "+28", "-28", "+29", "-29", "+30", "-30", "+31", "-31", "+32", "-32", "+33", "-33", "+34", "-34", "+35", "-35", "+36", "-36", "+37", "-37", "+38", "-38", "+39", "-39", "+40", "-40", "+41", "-41", "+42", "-42", "+43", "-43", "+44", "-44"],
    "precedence": {
        "+0": "-0",
        "+1": "-1",
        "+2": "-2",
        "+3": "-3",
        "+4": "-4",
        "+5": "-5",
        "+6": "-6",
        "+7": "-7",
        "+8": "-8",
        "+9": "-9",
        "+10": "-10",
        "+11": "-11",
        "+12": "-12",
        "+13": "-13",
        "+14": "-14",
        "+15": "-15",
        "+16": "-16",
        "+17": "-17",
        "+18": "-18",
        "+19": "-19",
        "+20": "-20",
        "+21": "-21",
        "+22": "-22",
        "+23": "-23",
        "+24": "-24",
        "+25": "-25",
        "+26": "-26",
        "+27": "-27",
        "+28": "-28",
        "+29": "-29",
        "+30": "-30",
        "+31": "-31",
        "+32": "-32",
        "+33": "-33",
        "+34": "-34",
        "+35": "-35",
        "+36": "-36",
        "+37": "-37",
        "+38": "-38",
        "+39": "-39",
        "+40": "-40",
        "+41": "-41",
        "+42": "-42",
        "+43": "-43",
        "+44": "-44"
    },
    "edges": [
        [    0,    0,  208,  805,  738,  435,  777,  676,  966,  596,  791,  548,  779,   82,  371, 1025,  312,  758,  340,  737,  802, 1144,  657,  365,  942,  871,   59,  586,  146,  522,  655,  566,  949,  711,  674,  832,  867,  122,  663,  222,  867,  757,  476,  541, 1016,  804,  761,  455,  895, 1121,  433,  917,  373,  845,  701,  595,  543,  910,  869, 1178,  985,  693,  735,  482,  636, 1022,  864,  626,  692,  510, 1287,  208,  118,  535,  778,  191,  615,  952,  913, 1170,  985,  311,  300,  813,  513,  271,  937,  608,  598,  845],
        [    0,    0,    0,    0,    0,    0,    0,    0,    0,    0,    0,    0,    0,    0,    0,    0,    0,    0,    0,    0,    0,    0,    0,    0,    0,    0,    0,    0,    0,    0,    0,    0,    0,    0,    0,    0,    0,    0,    0,    0,    0,    0,    0,    0,    0,    0,    0,    0,    0,    0,    0,    0,    0,    0,    0,    0,    0,    0,    0,    0,    0,    0,    0,    0,    0,    0,    0,    0,    0,    0,    0,    0,    0,    0,    0,    0,    0,    0,    0,    0,    0,    0,    0,    0,    0,    0,    0,    0,    0,    0],
        [  208,    0,    0,  599,  540,  275,  675,  468,  758,  518,  607,  458,  714,  228,  325,  833,  123,  584,  134,  632,  743,  945,  479,  316,  735,  667,  151,  407,   64,  370,  451,  484,  835,  625,  476,  626,  784,  156,  496,  116,  666,  570,  341,  438,  858,  683,  699,  250,  688,  919,  375,  729,  224,  753,  623,  560,  360,  734,  777,  991,  784,  491,  603,  325,  447,  817,  657,  520,  515,  318, 1098,  216,   95,  356,  570,  213,  563,  745,  751,  981,  795,  292,  177,  720,  323,  212,  794,  448,  489,  652],
        [  805,    0,  599,    0,  295,  520,  636,  162,  183,  642,  243,  594,  768,  822,  661,  307,  527,  305,  466,  603,  800,  370,  428,  656,  152,   80,  747,  431,  662,  424,  154,  621,  683,  660,  296,  198,  756,  740,  340,  643,  286,  221,  478,  556,  515,  573,  767,  350,   99,  329,  649,  267,  560,  707,  683,  763,  419,  347,  722,  476,  347,  124,  499,  425,  371,  219,   60,  565,  286,  321,  564,  710,  693,  439,   98,  722,  724,  172,  431,  456,  295,  695,  562,  685,  405,  639,  544,  376,  549,  367],
        [  738,    0,  540,  295,    0,  335,  856,  183,  327,  805,  512,  745,  970,  725,  739,  595,  427,  556,  435,  816, 1002,  628,  153,  732,  324,  366,  684,  190,  596,  563,  302,  776,  940,  858,   65,  142,  983,  639,  550,  528,  134,  479,  598,  706,  803,  809,  964,  363,  311,  569,  752,  560,  395,  935,  875,  910,  211,  633,  954,  761,  251,  319,  724,  541,  120,  444,  316,  747,  511,  413,  838,  722,  621,  226,  198,  727,  883,  315,  711,  739,  589,  749,  593,  908,  229,  672,  815,  559,  722,  121],
        [  435,    0,  275,  520,  335,    0,  845,  360,  631,  725,  637,  661,  918,  406,  573,  813,  156,  645,  248,  801,  950,  889,  226,  565,  617,  599,  390,  157,  311,  513,  416,  691,  979,  815,  279,  460,  968,  322,  587,  214,  468,  596,  514,  630,  929,  828,  907,  284,  584,  844,  611,  735,   65,  927,  821,  795,  125,  775,  951,  983,  583,  457,  740,  471,  218,  725,  569,  700,  578,  384, 1078,  489,  327,  110,  451,  487,  786,  617,  823,  966,  788,  554,  410,  896,  118,  471,  898,  560,  669,  424],
        [  777,    0,  675,  636,  856,  845,    0,  675,  795,  190,  405,  229,  145,  846,  411,  577,  724,  335,  609,   45,  172,  724,  921,  416,  761,  627,  738,  877,  710,  333,  556,  214,  176,   83,  817,  819,  128,  810,  308,  789,  905,  417,  339,  240,  358,   83,  152,  567,  713,  754,  350,  475,  833,   83,  109,  269,  833,  389,  106,  636,  981,  548,  138,  375,  858,  741,  671,  156,  354,  474,  738,  573,  734,  847,  708,  591,  219,  788,  313,  646,  529,  476,  502,   53,  792,  507,  240,  302,  187,  964],
        [  676,    0,  468,  162,  183,  360,  675,    0,  292,  635,  337,  577,  792,  683,  597,  463,  381,  376,  340,  636,  824,  530,  285,  591,  271,  241,  618,  276,  531,  395,  120,  608,  758,  680,  156,  177,  802,  599,  368,  496,  247,  301,  437,  538,  634,  627,  787,  237,  231,  486,  601,  403,  402,  754,  698,  745,  259,  466,  773,  633,  351,  139,  542,  379,  223,  369,  210,  571,  329,  253,  724,  613,  560,  279,  103,  621,  714,  278,  537,  614,  445,  618,  470,  727,  244,  550,  637,  380,  548,  291],
        [  966,    0,  758,  183,  327,  631,  795,  292,    0,  819,  391,  773,  933,  975,  843,  334,  672,  461,  628,  766,  963,  317,  479,  838,   35,  168,  908,  508,  821,  606,  332,  800,  817,  828,  362,  186,  910,  890,  513,  787,  239,  381,  660,  736,  609,  725,  934,  518,   87,  250,  831,  359,  681,  860,  853,  941,  513,  454,  873,  476,  231,  306,  660,  608,  438,  130,  130,  740,  457,  500,  533,  887,  851,  532,  190,  897,  901,   14,  548,  450,  350,  876,  739,  842,  514,  817,  666,  554,  726,  336],
        [  596,    0,  518,  642,  805,  725,  190,  635,  819,    0,  452,   65,  197,  668,  226,  672,  587,  382,  479,  159,  226,  819,  840,  232,  785,  657,  561,  786,  544,  243,  524,   35,  365,  116,  756,  800,  273,  641,  307,  634,  879,  447,  217,  101,  514,  242,  183,  469,  733,  835,  164,  556,  702,  250,  107,  125,  738,  492,  273,  765,  972,  531,  218,  270,  781,  794,  690,   87,  364,  394,  874,  390,  565,  748,  693,  407,   82,  810,  440,  770,  622,  290,  342,  219,  695,  330,  404,  267,   94,  922],
        [  791,    0,  607,  243,  512,  637,  405,  337,  391,  452,    0,  420,  544,  831,  542,  243,  582,   73,  483,  378,  574,  382,  619,  540,  357,  223,  736,  600,  666,  295,  231,  441,  441,  443,  493,  438,  520,  762,  156,  689,  526,   41,  354,  387,  300,  336,  547,  378,  310,  386,  510,  127,  656,  470,  469,  577,  571,  138,  484,  387,  587,  199,  271,  323,  556,  345,  269,  367,  106,  291,  496,  643,  698,  589,  330,  658,  531,  384,  200,  379,  197,  593,  502,  451,  541,  563,  305,  214,  361,  602],
        [  548,    0,  458,  594,  745,  661,  229,  577,  773,   65,  420,    0,  260,  618,  186,  649,  523,  353,  414,  190,  290,  795,  777,  189,  740,  615,  510,  722,  487,  183,  470,   32,  402,  168,  694,  745,  328,  586,  268,  574,  823,  409,  152,   39,  520,  264,  247,  405,  687,  805,  127,  532,  638,  299,  166,  170,  674,  476,  323,  755,  918,  480,  218,  207,  718,  757,  644,   84,  325,  333,  865,  345,  509,  683,  639,  363,  138,  764,  436,  757,  599,  251,  282,  267,  630,  279,  418,  220,   68,  863],
        [  779,    0,  714,  768,  970,  918,  145,  792,  933,  197,  544,  260,    0,  855,  410,  722,  783,  473,  673,  167,   33,  868, 1020,  417,  899,  765,  749,  970,  738,  418,  675,  231,  260,  112,  926,  945,  109,  833,  432,  830, 1029,  553,  405,  289,  490,  226,   20,  653,  850,  898,  350,  619,  897,  124,   99,  198,  923,  534,  136,  774, 1111,  672,  274,  453,  959,  884,  807,  226,  483,  569,  873,  572,  757,  935,  834,  589,  166,  926,  455,  786,  673,  469,  538,  115,  881,  521,  371,  412,  254, 1082],
        [   82,    0,  228,  822,  725,  406,  846,  683,  975,  668,  831,  618,  855,    0,  445, 1060,  305,  804,  360,  805,  878, 1172,  631,  439,  953,  892,  108,  561,  166,  575,  676,  638, 1016,  783,  663,  830,  940,   87,  711,  197,  857,  795,  534,  608, 1069,  868,  837,  477,  909, 1144,  507,  955,  342,  916,  774,  673,  522,  955,  940, 1217,  975,  717,  797,  532,  616, 1040,  880,  693,  736,  544, 1324,  284,  134,  512,  786,  268,  691,  961,  965, 1207, 1021,  388,  356,  884,  496,  340,  996,  659,  664,  826],
        [  371,    0,  325,  661,  739,  573,  411,  597,  843,  226,  542,  186,  410,  445,    0,  783,  420,  486,  333,  375,  435,  923,  734,    9,  812,  701,  340,  669,  335,  250,  514,  198,  586,  341,  680,  773,  497,  426,  388,  438,  840,  520,  191,  190,  694,  449,  393,  377,  759,  921,   63,  665,  536,  476,  330,  238,  619,  627,  499,  908,  948,  538,  395,  237,  684,  853,  718,  268,  437,  349, 1020,  164,  351,  623,  681,  182,  248,  831,  603,  907,  736,   66,  163,  444,  575,  115,  598,  329,  245,  860],
        [ 1025,    0,  833,  307,  595,  813,  577,  463,  334,  672,  243,  649,  722, 1060,  783,    0,  789,  300,  703,  564,  747,  148,  734,  781,  311,  231,  969,  736,  894,  538,  402,  666,  541,  636,  602,  475,  667,  986,  396,  902,  553,  272,  596,  620,  297,  496,  729,  589,  296,  181,  749,  119,  844,  621,  665,  794,  721,  189,  627,  172,  564,  360,  464,  564,  677,  219,  281,  586,  348,  517,  269,  885,  926,  741,  400,  900,  745,  337,  273,  154,   51,  835,  741,  613,  703,  805,  383,  455,  586,  646],
        [  312,    0,  123,  527,  427,  156,  724,  381,  672,  587,  582,  523,  783,  305,  420,  789,    0,  573,  116,  679,  813,  888,  357,  412,  651,  601,  259,  286,  171,  397,  391,  553,  871,  684,  363,  525,  841,  220,  498,  117,  557,  542,  385,  496,  857,  718,  770,  205,  609,  854,  462,  696,  117,  804,  687,  648,  238,  716,  828,  955,  675,  433,  632,  352,  327,  744,  583,  572,  503,  298, 1058,  334,  195,  234,  483,  333,  643,  658,  749,  942,  756,  399,  259,  772,  203,  316,  808,  460,  541,  535],
        [  758,    0,  584,  305,  556,  645,  335,  376,  461,  382,   73,  353,  473,  804,  486,  300,  573,    0,  468,  306,  503,  444,  652,  484,  427,  293,  704,  625,  640,  246,  261,  372,  385,  371,  531,  495,  453,  739,  100,  674,  583,   84,  302,  322,  285,  269,  475,  372,  379,  454,  449,  182,  657,  403,  397,  506,  592,  152,  418,  427,  651,  238,  200,  279,  588,  417,  337,  297,   71,  276,  538,  598,  671,  609,  385,  614,  460,  454,  178,  424,  251,  540,  462,  383,  559,  517,  263,  159,  292,  653],
        [  340,    0,  134,  466,  435,  248,  609,  340,  628,  479,  483,  414,  673,  360,  333,  703,  116,  468,    0,  565,  704,  812,  405,  325,  604,  533,  282,  338,  197,  282,  317,  445,  756,  572,  371,  506,  728,  283,  387,  207,  554,  445,  272,  385,  748,  603,  661,  117,  556,  785,  366,  602,  225,  690,  577,  549,  287,  614,  714,  864,  670,  357,  517,  237,  359,  684,  525,  459,  397,  193,  970,  288,  229,  291,  441,  293,  539,  615,  640,  852,  666,  326,  172,  658,  244,  245,  695,  346,  428,  553],
        [  737,    0,  632,  603,  816,  801,   45,  636,  766,  159,  378,  190,  167,  805,  375,  564,  679,  306,  565,    0,  198,  711,  878,  379,  732,  599,  697,  834,  667,  288,  517,  179,  212,   74,  776,  783,  170,  768,  270,  745,  868,  386,  295,  198,  365,   86,  170,  523,  683,  738,  314,  457,  788,  127,  103,  254,  790,  376,  150,  634,  947,  511,  108,  330,  816,  718,  641,  113,  319,  430,  738,  535,  691,  803,  672,  553,  203,  759,  307,  642,  514,  440,  459,   96,  748,  467,  251,  260,  144,  926],
        [  802,    0,  743,  800, 1002,  950,  172,  824,  963,  226,  574,  290,   33,  878,  435,  747,  813,  503,  704,  198,    0,  892, 1053,  442,  929,  796,  774, 1002,  764,  450,  707,  261,  268,  145,  958,  977,  110,  859,  464,  858, 1061,  583,  437,  320,  508,  251,   44,  685,  880,  924,  375,  646,  928,  137,  131,  214,  955,  559,  144,  795, 1143,  704,  304,  485,  991,  913,  838,  259,  515,  602,  892,  595,  783,  967,  866,  612,  188,  956,  478,  807,  699,  492,  566,  136,  913,  546,  390,  445,  287, 1115],
        [ 1144,    0,  945,  370,  628,  889,  724,  530,  317,  819,  382,  795,  868, 1172,  923,  148,  888,  444,  812,  711,  892,    0,  776,  920,  308,  291, 1086,  792, 1008,  675,  498,  813,  676,  784,  649,  492,  810, 1094,  537, 1003,  554,  404,  734,  765,  420,  642,  875,  696,  318,   73,  891,  264,  928,  764,  812,  942,  785,  336,  769,  181,  535,  457,  612,  698,  727,  188,  323,  733,  486,  635,  218, 1015, 1039,  805,  446, 1030,  893,  325,  415,  153,  199,  973,  869,  758,  774,  936,  520,  595,  732,  652],
        [  657,    0,  479,  428,  153,  226,  921,  285,  479,  840,  619,  777, 1020,  631,  734,  734,  357,  652,  405,  878, 1053,  776,    0,  726,  476,  504,  609,   72,  525,  603,  392,  809, 1026,  910,  133,  294, 1048,  547,  625,  437,  270,  582,  625,  740,  917,  885, 1012,  373,  459,  719,  759,  686,  290, 1003,  922,  932,  120,  750, 1024,  903,  375,  421,  797,  571,   65,  594,  459,  794,  596,  451,  984,  683,  545,  124,  336,  684,  912,  467,  819,  881,  722,  730,  575,  973,  161,  648,  915,  620,  766,  206],
        [  365,    0,  316,  656,  732,  565,  416,  591,  838,  232,  540,  189,  417,  439,    9,  781,  412,  484,  325,  379,  442,  920,  726,    0,  807,  696,  333,  661,  327,  247,  509,  203,  590,  347,  673,  767,  503,  418,  386,  430,  833,  517,  188,  192,  696,  452,  400,  369,  754,  918,   68,  664,  527,  481,  336,  246,  610,  626,  505,  907,  941,  533,  397,  232,  676,  849,  713,  271,  435,  342, 1019,  159,  344,  615,  675,  176,  255,  826,  603,  906,  734,   63,  155,  449,  567,  107,  601,  327,  248,  853],
        [  942,    0,  735,  152,  324,  617,  761,  271,   35,  785,  357,  740,  899,  953,  812,  311,  651,  427,  604,  732,  929,  308,  476,  807,    0,  134,  884,  500,  798,  573,  303,  766,  785,  794,  354,  185,  876,  869,  479,  767,  249,  347,  628,  703,  581,  692,  900,  491,   54,  246,  799,  329,  666,  826,  819,  907,  502,  423,  840,  460,  255,  275,  626,  576,  432,  121,   97,  706,  423,  470,  523,  859,  828,  521,  170,  869,  867,   29,  517,  435,  324,  845,  710,  808,  500,  788,  634,  521,  692,  346],
        [  871,    0,  667,   80,  366,  599,  627,  241,  168,  657,  223,  615,  765,  892,  701,  231,  601,  293,  533,  599,  796,  291,  504,  696,  134,    0,  812,  510,  730,  456,  216,  640,  654,  661,  373,  252,  742,  811,  350,  717,  335,  214,  513,  578,  464,  558,  767,  417,   90,  254,  683,  210,  638,  693,  686,  780,  499,  299,  706,  399,  374,  178,  492,  465,  449,  156,   56,  576,  293,  373,  484,  764,  761,  519,  170,  777,  738,  162,  390,  378,  225,  740,  615,  674,  485,  690,  507,  395,  563,  425],
        [   59,    0,  151,  747,  684,  390,  738,  618,  908,  561,  736,  510,  749,  108,  340,  969,  259,  704,  282,  697,  774, 1086,  609,  333,  884,  812,    0,  538,   89,  471,  597,  530,  908,  675,  620,  776,  833,  101,  610,  180,  813,  701,  428,  500,  966,  761,  732,  397,  837, 1063,  400,  861,  329,  809,  667,  571,  493,  856,  833, 1122,  931,  635,  690,  429,  585,  964,  806,  585,  638,  453, 1231,  181,   65,  487,  720,  166,  587,  895,  862, 1114,  928,  284,  250,  776,  461,  232,  890,  556,  556,  793],
        [  586,    0,  407,  431,  190,  157,  877,  276,  508,  786,  600,  722,  970,  561,  669,  736,  286,  625,  338,  834, 1002,  792,   72,  661,  500,  510,  538,    0,  454,  552,  370,  754,  990,  861,  146,  326, 1004,  477,  588,  367,  320,  561,  570,  687,  899,  846,  961,  318,  476,  739,  697,  678,  221,  959,  872,  873,   51,  734,  981,  907,  431,  403,  757,  518,   71,  615,  469,  745,  565,  404,  994,  613,  473,   52,  346,  614,  856,  495,  797,  887,  720,  663,  509,  929,   95,  581,  887,  577,  716,  269],
        [  146,    0,   64,  662,  596,  311,  710,  531,  821,  544,  666,  487,  738,  166,  335,  894,  171,  640,  197,  667,  764, 1008,  525,  327,  798,  730,   89,  454,    0,  417,  514,  511,  874,  654,  532,  687,  814,  103,  550,  114,  724,  630,  383,  470,  910,  723,  722,  314,  752,  982,  391,  789,  253,  785,  650,  572,  408,  791,  809, 1051,  842,  554,  646,  374,  498,  880,  721,  554,  572,  378, 1159,  200,   32,  402,  633,  192,  581,  808,  804, 1041,  855,  292,  208,  752,  374,  221,  842,  499,  524,  705],
        [  522,    0,  370,  424,  563,  513,  333,  395,  606,  243,  295,  183,  418,  575,  250,  538,  397,  246,  282,  288,  450,  675,  603,  247,  573,  456,  471,  552,  417,    0,  290,  214,  475,  309,  514,  564,  456,  520,  147,  475,  641,  271,   60,  144,  496,  322,  409,  237,  520,  672,  228,  421,  503,  415,  320,  351,  506,  395,  438,  672,  738,  304,  237,   46,  542,  606,  477,  193,  190,  153,  784,  353,  446,  518,  460,  369,  321,  595,  392,  668,  491,  298,  223,  383,  464,  272,  425,   88,  164,  680],
        [  655,    0,  451,  154,  302,  416,  556,  120,  332,  524,  231,  470,  675,  676,  514,  402,  391,  261,  317,  517,  707,  498,  392,  509,  303,  216,  597,  370,  514,  290,    0,  499,  640,  563,  271,  276,  682,  597,  249,  506,  357,  192,  339,  431,  530,  507,  671,  201,  251,  468,  508,  320,  444,  634,  582,  639,  341,  366,  653,  570,  449,   43,  422,  283,  328,  369,  214,  457,  209,  169,  670,  557,  546,  360,  171,  568,  605,  320,  428,  555,  373,  545,  408,  608,  314,  486,  523,  264,  435,  409],
        [  566,    0,  484,  621,  776,  691,  214,  608,  800,   35,  441,   32,  231,  638,  198,  666,  553,  372,  445,  179,  261,  813,  809,  203,  766,  640,  530,  754,  511,  214,  499,    0,  389,  146,  726,  774,  304,  608,  291,  600,  853,  432,  184,   70,  523,  258,  218,  436,  714,  825,  137,  549,  668,  279,  140,  142,  705,  489,  303,  766,  948,  508,  223,  239,  750,  780,  670,   86,  348,  364,  876,  361,  532,  715,  669,  378,  107,  790,  444,  770,  616,  262,  308,  247,  662,  299,  417,  246,   81,  894],
        [  949,    0,  835,  683,  940,  979,  176,  758,  817,  365,  441,  402,  260, 1016,  586,  541,  871,  385,  756,  212,  268,  676, 1026,  590,  785,  654,  908,  990,  874,  475,  640,  389,    0,  255,  910,  878,  160,  976,  402,  945,  966,  467,  495,  408,  262,  154,  276,  696,  743,  721,  525,  464,  975,  137,  276,  433,  951,  368,  125,  552, 1026,  621,  240,  520,  961,  738,  705,  324,  431,  597,  640,  747,  899,  966,  769,  765,  387,  813,  274,  568,  499,  651,  666,  158,  912,  678,  158,  420,  352, 1038],
        [  711,    0,  625,  660,  858,  815,   83,  680,  828,  116,  443,  168,  112,  783,  341,  636,  684,  371,  572,   74,  145,  784,  910,  347,  794,  661,  675,  861,  654,  309,  563,  146,  255,    0,  814,  834,  161,  752,  322,  740,  918,  447,  301,  189,  436,  156,  108,  545,  744,  809,  279,  527,  797,  135,   30,  186,  815,  449,  158,  707, 1002,  562,  175,  346,  848,  786,  701,  117,  375,  459,  811,  505,  676,  827,  724,  522,  137,  820,  380,  715,  586,  405,  449,  104,  772,  444,  319,  300,  147,  971],
        [  674,    0,  476,  296,   65,  279,  817,  156,  362,  756,  493,  694,  926,  663,  680,  602,  363,  531,  371,  776,  958,  649,  133,  673,  354,  373,  620,  146,  532,  514,  271,  726,  910,  814,    0,  183,  944,  577,  514,  466,  195,  457,  545,  656,  789,  774,  919,  304,  332,  595,  696,  555,  337,  897,  830,  857,  156,  621,  917,  771,  313,  295,  688,  488,   78,  470,  328,  701,  479,  362,  854,  659,  557,  173,  205,  663,  832,  349,  693,  750,  590,  688,  532,  870,  168,  611,  792,  517,  675,  182],
        [  832,    0,  626,  198,  142,  460,  819,  177,  186,  800,  438,  745,  945,  830,  773,  475,  525,  495,  506,  783,  977,  492,  294,  767,  185,  252,  776,  326,  687,  564,  276,  774,  878,  834,  183,    0,  943,  744,  514,  635,   89,  413,  609,  706,  711,  761,  942,  410,  181,  430,  775,  459,  515,  893,  855,  914,  338,  543,  910,  635,  176,  273,  682,  552,  257,  306,  197,  730,  465,  427,  705,  785,  715,  356,  112,  793,  880,  174,  628,  611,  476,  794,  644,  870,  346,  725,  741,  537,  710,  173],
        [  867,    0,  784,  756,  983,  968,  128,  802,  910,  273,  520,  328,  109,  940,  497,  667,  841,  453,  728,  170,  110,  810, 1048,  503,  876,  742,  833, 1004,  814,  456,  682,  304,  160,  161,  944,  943,    0,  912,  434,  899, 1029,  536,  457,  348,  411,  185,  128,  692,  830,  847,  435,  575,  953,   50,  167,  303,  959,  483,   41,  700, 1102,  673,  261,  497,  985,  847,  789,  270,  478,  600,  794,  660,  836,  972,  832,  678,  264,  904,  395,  714,  621,  558,  609,   75,  918,  602,  295,  429,  301, 1091],
        [  122,    0,  156,  740,  639,  322,  810,  599,  890,  641,  762,  586,  833,   87,  426,  986,  220,  739,  283,  768,  859, 1094,  547,  418,  869,  811,  101,  477,  103,  520,  597,  608,  976,  752,  577,  744,  912,    0,  650,  111,  771,  725,  485,  571, 1011,  825,  816,  399,  826, 1065,  484,  884,  258,  884,  747,  661,  437,  889,  908, 1145,  889,  638,  749,  475,  531,  959,  798,  655,  670,  472, 1252,  275,   77,  427,  701,  262,  673,  877,  905, 1135,  948,  375,  310,  851,  410,  313,  944,  600,  625,  740],
        [  663,    0,  496,  340,  550,  587,  308,  368,  513,  307,  156,  268,  432,  711,  388,  396,  498,  100,  387,  270,  464,  537,  625,  386,  479,  350,  610,  588,  550,  147,  249,  291,  402,  322,  514,  514,  434,  650,    0,  592,  599,  142,  203,  234,  363,  261,  429,  304,  428,  541,  355,  278,  591,  386,  344,  431,  549,  249,  405,  526,  680,  242,  174,  182,  561,  490,  384,  227,   58,  204,  637,  499,  580,  565,  403,  515,  388,  505,  256,  523,  348,  441,  366,  360,  512,  418,  313,   60,  214,  657],
        [  222,    0,  116,  643,  528,  214,  789,  496,  787,  634,  689,  574,  830,  197,  438,  902,  117,  674,  207,  745,  858, 1003,  437,  430,  767,  717,  180,  367,  114,  475,  506,  600,  945,  740,  466,  635,  899,  111,  592,    0,  661,  650,  452,  552,  954,  793,  815,  314,  725,  970,  490,  806,  151,  867,  739,  675,  326,  821,  891, 1066,  778,  548,  711,  430,  420,  861,  700,  634,  604,  400, 1170,  313,  120,  316,  598,  306,  678,  773,  846, 1054,  868,  400,  293,  834,  300,  324,  897,  548,  603,  629],
        [  867,    0,  666,  286,  134,  468,  905,  247,  239,  879,  526,  823, 1029,  857,  840,  553,  557,  583,  554,  868, 1061,  554,  270,  833,  249,  335,  813,  320,  724,  641,  357,  853,  966,  918,  195,   89, 1029,  771,  599,  661,    0,  501,  683,  784,  797,  848, 1026,  469,  257,  489,  846,  544,  528,  980,  938,  991,  344,  630,  997,  708,  118,  358,  769,  626,  252,  367,  280,  813,  551,  499,  771,  839,  750,  359,  199,  845,  960,  230,  716,  683,  557,  856,  703,  956,  362,  784,  829,  620,  791,   98],
        [  757,    0,  570,  221,  479,  596,  417,  301,  381,  447,   41,  409,  553,  795,  520,  272,  542,   84,  445,  386,  583,  404,  582,  517,  347,  214,  701,  561,  630,  271,  192,  432,  467,  447,  457,  413,  536,  725,  142,  650,  501,    0,  330,  375,  339,  352,  553,  338,  298,  403,  492,  160,  615,  486,  472,  571,  531,  179,  501,  422,  567,  163,  280,  294,  518,  349,  255,  364,   86,  253,  530,  614,  661,  549,  303,  629,  527,  374,  237,  413,  228,  569,  470,  465,  501,  534,  337,  195,  354,  572],
        [  476,    0,  341,  478,  598,  514,  339,  437,  660,  217,  354,  152,  405,  534,  191,  596,  385,  302,  272,  295,  437,  734,  625,  188,  628,  513,  428,  570,  383,   60,  339,  184,  495,  301,  545,  609,  457,  485,  203,  452,  683,  330,    0,  117,  541,  342,  394,  253,  575,  731,  172,  479,  497,  420,  308,  312,  522,  450,  443,  729,  784,  357,  264,   58,  567,  664,  533,  187,  249,  186,  840,  299,  410,  532,  509,  315,  288,  649,  440,  725,  549,  240,  179,  387,  479,  218,  462,  144,  156,  717],
        [  541,    0,  438,  556,  706,  630,  240,  538,  736,  101,  387,   39,  289,  608,  190,  620,  496,  322,  385,  198,  320,  765,  740,  192,  703,  578,  500,  687,  470,  144,  431,   70,  408,  189,  656,  706,  348,  571,  234,  552,  784,  375,  117,    0,  506,  263,  277,  369,  650,  773,  138,  502,  610,  316,  192,  209,  639,  451,  340,  731,  879,  441,  206,  170,  681,  722,  606,   85,  290,  295,  842,  342,  494,  649,  600,  360,  177,  726,  417,  733,  570,  254,  263,  283,  596,  271,  409,  183,   57,  824],
        [ 1016,    0,  858,  515,  803,  929,  358,  634,  609,  514,  300,  520,  490, 1069,  694,  297,  857,  285,  748,  365,  508,  420,  917,  696,  581,  464,  966,  899,  910,  496,  530,  523,  262,  436,  789,  711,  411, 1011,  363,  954,  797,  339,  541,  506,    0,  281,  503,  656,  549,  472,  643,  255,  942,  372,  464,  619,  869,  170,  371,  290,  834,  498,  302,  538,  854,  510,  519,  438,  355,  559,  384,  835,  940,  887,  611,  852,  568,  609,  108,  306,  264,  757,  717,  375,  838,  756,  119,  412,  454,  882],
        [  804,    0,  683,  573,  809,  828,   83,  627,  725,  242,  336,  264,  226,  868,  449,  496,  718,  269,  603,   86,  251,  642,  885,  452,  692,  558,  761,  846,  723,  322,  507,  258,  154,  156,  774,  761,  185,  825,  261,  793,  848,  352,  342,  263,  281,    0,  234,  545,  645,  674,  390,  396,  822,  135,  185,  340,  805,  309,  150,  554,  919,  495,   90,  367,  821,  666,  604,  181,  300,  448,  657,  605,  749,  819,  650,  623,  289,  719,  231,  564,  448,  514,  516,  119,  765,  533,  165,  270,  207,  913],
        [  761,    0,  699,  767,  964,  907,  152,  787,  934,  183,  547,  247,   20,  837,  393,  729,  770,  475,  661,  170,   44,  875, 1012,  400,  900,  767,  732,  961,  722,  409,  671,  218,  276,  108,  919,  942,  128,  816,  429,  815, 1026,  553,  394,  277,  503,  234,    0,  643,  850,  904,  333,  624,  884,  140,   90,  179,  914,  541,  153,  785, 1109,  669,  277,  443,  951,  888,  807,  219,  482,  561,  885,  554,  741,  925,  832,  571,  147,  926,  464,  796,  680,  451,  523,  128,  871,  504,  384,  407,  246, 1077],
        [  455,    0,  250,  350,  363,  284,  567,  237,  518,  469,  378,  405,  653,  477,  377,  589,  205,  372,  117,  523,  685,  696,  373,  369,  491,  417,  397,  318,  314,  237,  201,  436,  696,  545,  304,  410,  692,  399,  304,  314,  469,  338,  253,  369,  656,  545,  643,    0,  443,  669,  392,  492,  287,  649,  555,  560,  271,  512,  672,  753,  581,  241,  457,  200,  316,  568,  410,  428,  302,  101,  857,  377,  345,  282,  334,  385,  540,  504,  549,  740,  554,  388,  236,  618,  228,  316,  616,  276,  399,  484],
        [  895,    0,  688,   99,  311,  584,  713,  231,   87,  733,  310,  687,  850,  909,  759,  296,  609,  379,  556,  683,  880,  318,  459,  754,   54,   90,  837,  476,  752,  520,  251,  714,  743,  744,  332,  181,  830,  826,  428,  725,  257,  298,  575,  650,  549,  645,  850,  443,    0,  264,  746,  295,  630,  780,  768,  855,  473,  387,  794,  455,  286,  222,  577,  523,  410,  141,   44,  654,  372,  418,  528,  807,  782,  493,  134,  818,  814,   77,  479,  431,  301,  793,  659,  761,  467,  736,  596,  468,  640,  351],
        [ 1121,    0,  919,  329,  569,  844,  754,  486,  250,  835,  386,  805,  898, 1144,  921,  181,  854,  454,  785,  738,  924,   73,  719,  918,  246,  254, 1063,  739,  982,  672,  468,  825,  721,  809,  595,  430,  847, 1065,  541,  970,  489,  403,  731,  773,  472,  674,  904,  669,  264,    0,  894,  282,  887,  800,  837,  959,  736,  366,  807,  252,  464,  428,  634,  691,  672,  126,  276,  749,  487,  617,  288, 1003, 1013,  756,  396, 1017,  911,  260,  453,  224,  226,  968,  855,  791,  728,  926,  563,  597,  745,  586],
        [  433,    0,  375,  649,  752,  611,  350,  601,  831,  164,  510,  127,  350,  507,   63,  749,  462,  449,  366,  314,  375,  891,  759,   68,  799,  683,  400,  697,  391,  228,  508,  137,  525,  279,  696,  775,  435,  484,  355,  490,  846,  492,  172,  138,  643,  390,  333,  392,  746,  894,    0,  630,  578,  414,  268,  187,  647,  585,  437,  866,  951,  528,  342,  226,  706,  832,  704,  210,  407,  348,  977,  226,  409,  653,  678,  244,  190,  820,  554,  867,  700,  126,  204,  382,  603,  172,  543,  298,  190,  873],
        [  917,    0,  729,  267,  560,  735,  475,  403,  359,  556,  127,  532,  619,  955,  665,  119,  696,  182,  602,  457,  646,  264,  686,  664,  329,  210,  861,  678,  789,  421,  320,  549,  464,  527,  555,  459,  575,  884,  278,  806,  544,  160,  479,  502,  255,  396,  624,  492,  295,  282,  630,    0,  761,  526,  556,  680,  655,   97,  535,  262,  580,  280,  353,  449,  625,  275,  265,  470,  232,  412,  371,  770,  821,  675,  365,  785,  632,  357,  191,  253,   71,  718,  628,  514,  632,  689,  309,  337,  469,  631],
        [  373,    0,  224,  560,  395,   65,  833,  402,  681,  702,  656,  638,  897,  342,  536,  844,  117,  657,  225,  788,  928,  928,  290,  527,  666,  638,  329,  221,  253,  503,  444,  668,  975,  797,  337,  515,  953,  258,  591,  151,  528,  615,  497,  610,  942,  822,  884,  287,  630,  887,  578,  761,    0,  915,  801,  764,  186,  793,  938, 1014,  644,  485,  735,  459,  280,  770,  611,  684,  588,  387, 1112,  439,  266,  173,  498,  435,  759,  668,  835,  998,  816,  511,  375,  882,  170,  429,  903,  559,  653,  487],
        [  845,    0,  753,  707,  935,  927,   83,  754,  860,  250,  470,  299,  124,  916,  476,  621,  804,  403,  690,  127,  137,  764, 1003,  481,  826,  693,  809,  959,  785,  415,  634,  279,  137,  135,  897,  893,   50,  884,  386,  867,  980,  486,  420,  316,  372,  135,  140,  649,  780,  800,  414,  526,  915,    0,  149,  300,  916,  435,   25,  660, 1053,  624,  212,  457,  939,  798,  739,  234,  429,  556,  756,  639,  808,  929,  782,  657,  257,  854,  350,  673,  574,  539,  578,   34,  875,  577,  255,  383,  265, 1042],
        [  701,    0,  623,  683,  875,  821,  109,  698,  853,  107,  469,  166,   99,  774,  330,  665,  687,  397,  577,  103,  131,  812,  922,  336,  819,  686,  667,  872,  650,  320,  582,  140,  276,   30,  830,  855,  167,  747,  344,  739,  938,  472,  308,  192,  464,  185,   90,  555,  768,  837,  268,  556,  801,  149,    0,  160,  825,  478,  172,  736, 1023,  582,  203,  355,  861,  812,  725,  129,  398,  472,  840,  494,  671,  836,  745,  511,  112,  845,  410,  744,  615,  392,  446,  121,  783,  436,  348,  319,  157,  989],
        [  595,    0,  560,  763,  910,  795,  269,  745,  941,  125,  577,  170,  198,  673,  238,  794,  648,  506,  549,  254,  214,  942,  932,  246,  907,  780,  571,  873,  572,  351,  639,  142,  433,  186,  857,  914,  303,  661,  431,  675,  991,  571,  312,  209,  619,  340,  179,  560,  855,  959,  187,  680,  764,  300,  160,    0,  823,  612,  320,  882, 1088,  649,  335,  370,  875,  919,  812,  211,  488,  497,  988,  390,  588,  831,  809,  406,   52,  932,  555,  888,  744,  287,  390,  276,  780,  352,  504,  388,  218, 1029],
        [  543,    0,  360,  419,  211,  125,  833,  259,  513,  738,  571,  674,  923,  522,  619,  721,  238,  592,  287,  790,  955,  785,  120,  610,  502,  499,  493,   51,  408,  506,  341,  705,  951,  815,  156,  338,  959,  437,  549,  326,  344,  531,  522,  639,  869,  805,  914,  271,  473,  736,  647,  655,  186,  916,  825,  823,    0,  707,  938,  892,  459,  377,  715,  471,   95,  614,  462,  698,  529,  360,  982,  564,  429,   21,  341,  565,  807,  500,  766,  873,  701,  612,  458,  885,   44,  530,  852,  535,  669,  304],
        [  910,    0,  734,  347,  633,  775,  389,  466,  454,  492,  138,  476,  534,  955,  627,  189,  716,  152,  614,  376,  559,  336,  750,  626,  423,  299,  856,  734,  791,  395,  366,  489,  368,  449,  621,  543,  483,  889,  249,  821,  630,  179,  450,  451,  170,  309,  541,  512,  387,  366,  585,   97,  793,  435,  478,  612,  707,    0,  443,  282,  673,  332,  278,  430,  687,  371,  354,  406,  220,  422,  393,  747,  822,  725,  442,  763,  562,  452,   95,  282,  140,  684,  614,  426,  678,  666,  213,  307,  410,  713],
        [  869,    0,  777,  722,  954,  951,  106,  773,  873,  273,  484,  323,  136,  940,  499,  627,  828,  418,  714,  150,  144,  769, 1024,  505,  840,  706,  833,  981,  809,  438,  653,  303,  125,  158,  917,  910,   41,  908,  405,  891,  997,  501,  443,  340,  371,  150,  153,  672,  794,  807,  437,  535,  938,   25,  172,  320,  938,  443,    0,  660, 1068,  642,  231,  480,  960,  809,  753,  258,  447,  578,  754,  663,  832,  951,  799,  680,  277,  867,  355,  673,  581,  562,  602,   58,  897,  601,  255,  404,  289, 1060],
        [ 1178,    0,  991,  476,  761,  983,  636,  633,  476,  765,  387,  755,  774, 1217,  908,  172,  955,  427,  864,  634,  795,  181,  903,  907,  460,  399, 1122,  907, 1051,  672,  570,  766,  552,  707,  771,  635,  700, 1145,  526, 1066,  708,  422,  729,  731,  290,  554,  785,  753,  455,  252,  866,  262, 1014,  660,  736,  882,  892,  282,  660,    0,  703,  529,  548,  705,  847,  349,  446,  682,  488,  674,  112, 1024, 1083,  912,  568, 1040,  831,  482,  328,   28,  199,  965,  886,  660,  874,  944,  406,  585,  689,  804],
        [  985,    0,  784,  347,  251,  583,  981,  351,  231,  972,  587,  918, 1111,  975,  948,  564,  675,  651,  670,  947, 1143,  535,  375,  941,  255,  374,  931,  431,  842,  738,  449,  948, 1026, 1002,  313,  176, 1102,  889,  680,  778,  118,  567,  784,  879,  834,  919, 1109,  581,  286,  464,  951,  580,  644, 1053, 1023, 1088,  459,  673, 1068,  703,    0,  442,  844,  727,  366,  355,  321,  901,  629,  603,  751,  954,  868,  473,  280,  960, 1053,  229,  764,  676,  579,  967,  816, 1031,  479,  896,  880,  708,  881,  175],
        [  693,    0,  491,  124,  319,  457,  548,  139,  306,  531,  199,  480,  672,  717,  538,  360,  433,  238,  357,  511,  704,  457,  421,  533,  275,  178,  635,  403,  554,  304,   43,  508,  621,  562,  295,  273,  673,  638,  242,  548,  358,  163,  357,  441,  498,  495,  669,  241,  222,  428,  528,  280,  485,  624,  582,  649,  377,  332,  642,  529,  442,    0,  412,  303,  357,  332,  182,  459,  196,  198,  628,  589,  585,  396,  163,  601,  613,  294,  399,  513,  332,  572,  440,  599,  352,  517,  498,  266,  440,  419],
        [  735,    0,  603,  499,  724,  740,  138,  542,  660,  218,  271,  218,  274,  797,  395,  464,  632,  200,  517,  108,  304,  612,  797,  397,  626,  492,  690,  757,  646,  237,  422,  223,  240,  175,  688,  682,  261,  749,  174,  711,  769,  280,  264,  206,  302,   90,  277,  457,  577,  634,  342,  353,  735,  212,  203,  335,  715,  278,  231,  548,  844,  412,    0,  282,  733,  612,  535,  138,  218,  359,  656,  543,  674,  730,  571,  561,  285,  653,  222,  553,  414,  459,  442,  188,  676,  468,  204,  181,  152,  830],
        [  482,    0,  325,  425,  541,  471,  375,  379,  608,  270,  323,  207,  453,  532,  237,  564,  352,  279,  237,  330,  485,  698,  571,  232,  576,  465,  429,  518,  374,   46,  283,  239,  520,  346,  488,  552,  497,  475,  182,  430,  626,  294,   58,  170,  538,  367,  443,  200,  523,  691,  226,  449,  459,  457,  355,  370,  471,  430,  480,  705,  727,  303,  282,    0,  512,  618,  482,  230,  218,  128,  816,  321,  403,  482,  453,  336,  344,  597,  433,  699,  519,  278,  184,  425,  428,  241,  470,  127,  200,  660],
        [  636,    0,  447,  371,  120,  218,  858,  223,  438,  781,  556,  718,  959,  616,  684,  677,  327,  588,  359,  816,  991,  727,   65,  676,  432,  449,  585,   71,  498,  542,  328,  750,  961,  848,   78,  257,  985,  531,  561,  420,  252,  518,  567,  681,  854,  821,  951,  316,  410,  672,  706,  625,  280,  939,  861,  875,   95,  687,  960,  847,  366,  357,  733,  512,    0,  548,  406,  733,  532,  390,  931,  644,  520,  108,  282,  646,  854,  426,  755,  826,  664,  684,  528,  910,  124,  603,  850,  557,  706,  210],
        [ 1022,    0,  817,  219,  444,  725,  741,  369,  130,  794,  345,  757,  884, 1040,  853,  219,  744,  417,  684,  718,  913,  188,  594,  849,  121,  156,  964,  615,  880,  606,  369,  780,  738,  786,  470,  306,  847,  959,  490,  861,  367,  349,  664,  722,  510,  666,  888,  568,  141,  126,  832,  275,  770,  798,  812,  919,  614,  371,  809,  349,  355,  332,  612,  618,  548,    0,  162,  711,  433,  528,  405,  919,  912,  634,  274,  932,  874,  138,  465,  322,  247,  894,  770,  784,  608,  845,  582,  540,  702,  464],
        [  864,    0,  657,   60,  316,  569,  671,  210,  130,  690,  269,  644,  807,  880,  718,  281,  583,  337,  525,  641,  838,  323,  459,  713,   97,   56,  806,  469,  721,  477,  214,  670,  705,  701,  328,  197,  789,  798,  384,  700,  280,  255,  533,  606,  519,  604,  807,  410,   44,  276,  704,  265,  611,  739,  725,  812,  462,  354,  753,  446,  321,  182,  535,  482,  406,  162,    0,  611,  328,  380,  526,  770,  752,  482,  124,  781,  771,  121,  444,  424,  279,  753,  621,  719,  452,  698,  560,  425,  596,  370],
        [  626,    0,  520,  565,  747,  700,  156,  571,  740,   87,  367,   84,  226,  693,  268,  586,  572,  297,  459,  113,  259,  733,  794,  271,  706,  576,  585,  745,  554,  193,  457,   86,  324,  117,  701,  730,  270,  655,  227,  634,  813,  364,  187,   85,  438,  181,  219,  428,  654,  749,  210,  470,  684,  234,  129,  211,  698,  406,  258,  682,  901,  459,  138,  230,  733,  711,  611,    0,  283,  343,  791,  425,  579,  710,  622,  443,  164,  731,  358,  686,  535,  333,  347,  201,  656,  355,  334,  194,   32,  861],
        [  692,    0,  515,  286,  511,  578,  354,  329,  457,  364,  106,  325,  483,  736,  437,  348,  503,   71,  397,  319,  515,  486,  596,  435,  423,  293,  638,  565,  572,  190,  209,  348,  431,  375,  479,  465,  478,  670,   58,  604,  551,   86,  249,  290,  355,  300,  482,  302,  372,  487,  407,  232,  588,  429,  398,  488,  529,  220,  447,  488,  629,  196,  218,  218,  532,  433,  328,  283,    0,  206,  598,  538,  603,  546,  354,  554,  445,  448,  247,  482,  302,  488,  399,  405,  495,  458,  324,  110,  271,  614],
