{
    "name": "random-61-5142",
    "comment": "size=61 seed=5142",
    "nodes": ["+0", "-0", "+1", "-1", "+2", "-2", "+3", "-3", "+4", "-4", "+5", "-5", "+6", "-6", "+7", "-7", "+8", "-8", "+9", "-9", "+10", "-10", "+11", "-11", "+12", "-12", "+13", "-13", "+14", "-14", "+15", "-15", "+16", "-16", "+17", "-17", "+18", "-18", "+19", "-19", "+20", "-20", "+21", "-21", "+22", "-22", "+23", "-23", "+24", "-24", "+25", "-25", "+26", "-26", "+27", "-27", "+28", "-28", "+29", "-29", "+30", "-30", "+31", "-31", "+32", "-32", "+33", "-33", "+34", "-34", "+35", "-35", "+36", "-36", "+37", "-37", "+38", "-38", "+39", "-39", "+40", "-40", "+41", "-41", "+42", "-42", "+43", "-43", "+44", "-44", "+45", "-45", "+46", "-46", "+47", "-47", "+48", "-48", "+49", "-49", "+50", "-50", "+51", "-51", "+52", "-52", "+53", "-53", "+54", "-54", "+55", "-55", "+56", "-56", "+57", "-57", "+58", "-58", "+59", "-59", "+60", "-60", "+61", "-61"],
    "precedence": {
        "+0": "-0",
        "+1": "-1",
        "+2": "-2",
        "+3": "-3",
        "+4": "-4",
        "+5": "-5",
        "+6": "-6",
        "+7": "-7",
        "+8": "-8",
        "+9": "-9",
        "+10": "-10",
        "+11": "-11",
        "+12": "-12",
        "+13": "-13",
        "+14": "-14",
        "+15": "-15",
        "+16": "-16",
        "+17": "-17",
        "+18": "-18",
        "+19": "-19",
        "+20": "-20",
        "+21": "-21",
        "+22": "-22",
        "+23": "-23",
        "+24": "-24",
        "+25": "-25",
        "+26": "-26",
        "+27": "-27",
        "+28": "-28",
        "+29": "-29",
        "+30": "-30",
        "+31": "-31",
        "+32": "-32",
        "+33": "-33",
        "+34": "-34",
        "+35": "-35",
        "+36": "-36",
        "+37": "-37",
        "+38": "-38",
        "+39": "-39",
        "+40": "-40",
        "+41": "-41",
        "+42": "-42",
        "+43": "-43",
        "+44": "-44",
        "+45": "-45",
        "+46": "-46",
        "+47": "-47",
        "+48": "-48",
        "+49": "-49",
        "+50": "-50",
        "+51": "-51",
        "+52": "-52",
        "+53": "-53",
        "+54": "-54",
        "+55": "-55",
        "+56": "-56",
        "+57": "-57",
        "+58": "-58",
        "+59": "-59",
        "+60": "-60",
        "+61": "-61"
    },
    "edges": [
        [    0,    0,  409,  437,  804,  355,  612,  443,  703,  552,  546,  941,  570,  729,  919,  362,  989,  616,  268,  497,  209,  407,  555,  269,  213,  404,  343,  348,  146,  979,  780,  696,  254,  554,  715,  615,  787,  697,  226,  272,  324,  389,  745, 1094,  947,  648,  190,   78,  751,  897,  551,  132,  735, 1013,  902,  264,  564,  794,  630,  982,  829,  962,  482,  612,  535,  913,  451,  932,  312,  680,  195,  627,  386,  592,  923,  950,  393,  394,  333,  567,  756,  789,  409,  502,  700,  751,  792,  290,  490,  148,  735,  599,  899,  779,  983,  415,  649,  439,  158,  727,  856,  585,  426,  814,  455,  544,  712,  339,  558,  841,  990,  708,  241,  364,  724,  255,  901,  304,  537,  797,  341,  622,  268,  276],
        [    0,    0,    0,    0,    0,    0,    0,    0,    0,    0,    0,    0,    0,    0,    0,    0,    0,    0,    0,    0,    0,    0,    0,    0,    0,    0,    0,    0,    0,    0,    0,    0,    0,    0,    0,    0,    0,    0,    0,    0,    0,    0,    0,    0,    0,    0,    0,    0,    0,    0,    0,    0,    0,    0,    0,    0,    0,    0,    0,    0,    0,    0,    0,    0,    0,    0,    0,    0,    0,    0,    0,    0,    0,    0,    0,    0,    0,    0,    0,    0,    0,    0,    0,    0,    0,    0,    0,    0,    0,    0,    0,    0,    0,    0,    0,    0,    0,    0,    0,    0,    0,    0,    0,    0,    0,    0,    0,    0,    0,    0,    0,    0,    0,    0,    0,    0,    0,    0,    0,    0,    0,    0,    0,    0],
        [  409,    0,    0,  615,  584,  711,  308,  116,  548,  915,  477,  793,  858,  549,  615,  124,  704,  385,  642,  291,  305,  738,  585,  362,  480,  615,   92,   81,  499,  838,  778,  435,  417,  428,  611,  273,  517,  900,  187,  597,  240,   21,  824, 1145, 1001,  309,  410,  414,  760,  671,  802,  279,  751,  981,  657,  515,  752,  968,  267,  761,  593,  777,  232,  755,  787,  821,  463,  639,  387,  323,  239,  905,  693,  744, 1010,  923,  698,  226,   88,  394,  841,  540,  120,  597,  663,  944,  689,  237,  605,  300,  940,  384,  728,  523,  888,  213,  861,  462,  457,  453,  532,  456,  592,  945,  523,  764,  556,  380,  921,  966,  868,  847,  212,  226,  859,  556,  861,  522,  191,  791,  572,  906,  649,  584],
        [  437,    0,  615,    0,  617,  305,  595,  556,  480,  437,  318,  647,  277,  522,  802,  496,  835,  516,  330,  452,  332,  264,  212,  257,  224,   49,  612,  536,  314,  672,  393,  592,  215,  382,  436,  640,  661,  288,  478,  234,  379,  602,  317,  663,  519,  655,  261,  360,  362,  691,  199,  479,  344,  619,  716,  174,  140,  370,  675,  754,  650,  699,  492,  176,  187,  574,  218,  798,  229,  702,  546,  309,  204,  156,  488,  559,  203,  421,  534,  435,  326,  637,  693,  119,  360,  336,  489,  379,   92,  381,  328,  492,  635,  640,  637,  448,  247,  208,  280,  626,  780,  394,   25,  379,  149,  151,  486,  241,  441,  406,  664,  272,  420,  716,  288,  211,  524,  133,  604,  411,  104,  315,  350,  210],
        [  804,    0,  584,  617,    0,  896,  285,  469,  138, 1053,  303,  235,  880,   95,  207,  509,  219,  204,  883,  321,  596,  873,  416,  552,  693,  656,  661,  562,  784,  279,  420,  154,  597,  260,  212,  343,  110,  780,  638,  790,  486,  591,  558,  740,  634,  317,  654,  751,  426,   94,  790,  729,  432,  511,  103,  682,  676,  780,  375,  183,   35,  197,  363,  616,  784,  318,  416,  191,  520,  343,  744,  894,  812,  623,  686,  473,  812,  426,  577,  238,  575,   64,  702,  507,  326,  793,  228,  521,  533,  659,  808,  213,  160,   84,  365,  414,  770,  430,  722,  150,  234,  235,  597,  704,  471,  727,  133,  488, 1057,  707,  322,  656,  585,  807,  656,  746,  413,  648,  404,  419,  670,  905,  901,  764],
        [  355,    0,  711,  305,  896,    0,  807,  699,  765,  205,  594,  950,  248,  804, 1065,  620, 1111,  759,   92,  664,  414,   73,  513,  393,  240,  257,  668,  634,  219,  976,  692,  842,  331,  642,  733,  836,  922,  434,  528,  120,  525,  692,  591,  911,  779,  860,  308,  309,  661,  978,  274,  468,  643,  910,  998,  226,  354,  542,  863, 1047,  928,  998,  682,  433,  261,  878,  481, 1066,  402,  902,  540,  307,  108,  411,  729,  852,  112,  592,  624,  685,  594,  906,  743,  422,  664,  488,  791,  504,  396,  412,  464,  736,  934,  905,  940,  620,  387,  467,  254,  876, 1027,  663,  316,  598,  431,  304,  772,  432,  211,  627,  968,  505,  502,  715,  522,  166,  823,  251,  776,  709,  228,  297,  101,  141],
        [  612,    0,  308,  595,  285,  807,    0,  201,  291,  995,  317,  511,  871,  276,  316,  263,  400,  119,  766,  146,  422,  807,  461,  416,  572,  618,  393,  305,  639,  556,  586,  132,  477,  243,  377,   67,  209,  838,  407,  689,  298,  319,  681,  948,  818,   64,  512,  580,  577,  367,  792,  509,  574,  747,  350,  582,  703,  875,  106,  457,  290,  482,  133,  672,  781,  565,  380,  336,  407,  110,  503,  903,  749,  669,  849,  696,  752,  225,  322,  183,  699,  235,  424,  520,  467,  869,  441,  328,  540,  467,  875,  135,  440,  217,  625,  200,  812,  389,  580,  146,  244,  253,  570,  823,  454,  737,  297,  379, 1001,  836,  593,  745,  373,  534,  751,  643,  633,  564,  121,  594,  603,  909,  780,  667],
        [  443,    0,  116,  556,  469,  699,  201,    0,  433,  899,  373,  677,  815,  434,  514,   83,  600,  269,  641,  179,  286,  716,  493,  318,  460,  564,  194,  108,  502,  722,  675,  322,  379,  319,  498,  180,  407,  833,  221,  580,  182,  123,  732, 1043,  901,  215,  391,  428,  658,  557,  750,  325,  650,  871,  545,  486,  686,  891,  188,  648,  480,  662,  117,  678,  737,  707,  378,  536,  331,  241,  308,  857,  664,  669,  915,  814,  668,  138,  125,  280,  749,  428,  236,  519,  557,  873,  575,  196,  530,  308,  872,  268,  612,  411,  773,  115,  797,  379,  450,  343,  437,  345,  532,  860,  444,  706,  441,  316,  905,  879,  752,  767,  208,  338,  777,  536,  752,  483,   96,  687,  530,  860,  652,  563],
        [  703,    0,  548,  480,  138,  765,  291,  433,    0,  917,  173,  251,  742,   44,  338,  451,  357,  176,  757,  259,  496,  739,  279,  440,  572,  521,  613,  509,  666,  295,  312,  188,  478,  150,   93,  358,  210,  646,  562,  661,  400,  551,  437,  663,  540,  344,  539,  643,  312,  214,  652,  644,  314,  456,  237,  555,  539,  653,  396,  287,  173,  260,  316,  481,  646,  278,  287,  327,  404,  382,  669,  757,  677,  487,  582,  406,  678,  352,  521,  157,  454,  173,  667,  369,  203,  663,  150,  433,  396,  563,  676,  168,  198,  183,  342,  350,  634,  301,  605,  209,  344,  119,  461,  583,  337,  589,   10,  372,  921,  589,  321,  527,  502,  759,  528,  619,  342,  519,  393,  316,  538,  767,  775,  636],
        [  552,    0,  915,  437, 1053,  205,  995,  899,  917,    0,  752, 1072,  222,  959, 1234,  822, 1271,  936,  285,  850,  616,  189,  646,  587,  440,  397,  872,  838,  422, 1092,  783, 1017,  525,  810,  870, 1029, 1092,  432,  733,  320,  722,  896,  653,  926,  813, 1051,  509,  512,  754, 1128,  304,  670,  736,  977, 1153,  417,  421,  532, 1058, 1189, 1087, 1130,  875,  504,  300,  983,  644, 1232,  590, 1095,  741,  257,  248,  486,  749,  926,  246,  787,  828,  858,  651, 1071,  947,  552,  784,  474,  916,  704,  525,  617,  446,  913, 1068, 1072, 1038,  815,  396,  632,  458, 1051, 1204,  826,  457,  613,  583,  362,  923,  617,    6,  640, 1076,  545,  705,  915,  559,  364,  909,  432,  973,  799,  395,  241,  285,  337],
        [  546,    0,  477,  318,  303,  594,  317,  373,  173,  752,    0,  396,  590,  211,  485,  360,  520,  213,  585,  204,  345,  571,  146,  279,  401,  355,  521,  418,  497,  433,  302,  280,  310,   75,  170,  376,  344,  527,  439,  489,  275,  473,  370,  670,  529,  380,  373,  482,  285,  385,  504,  505,  277,  512,  405,  383,  400,  559,  416,  459,  336,  423,  265,  359,  496,  375,  115,  481,  238,  426,  543,  612,  509,  359,  547,  452,  510,  253,  426,  135,  388,  320,  589,  218,  188,  555,  248,  302,  243,  414,  562,  190,  359,  322,  446,  264,  506,  128,  437,  313,  466,   78,  297,  508,  170,  443,  181,  209,  756,  523,  446,  429,  373,  662,  435,  447,  392,  347,  374,  315,  367,  621,  603,  463],
        [  941,    0,  793,  647,  235,  950,  511,  677,  251, 1072,  396,    0,  870,  244,  388,  700,  340,  410,  959,  508,  737,  910,  437,  674,  788,  694,  861,  758,  887,   46,  314,  383,  702,  396,  228,  572,  341,  721,  812,  860,  649,  797,  469,  548,  471,  549,  767,  877,  336,  195,  779,  891,  351,  304,  238,  762,  658,  690,  606,  173,  247,   84,  562,  581,  778,  125,  500,  357,  633,  577,  919,  869,  851,  595,  539,  284,  849,  603,  771,  407,  482,  298,  912,  529,  289,  719,  160,  681,  555,  806,  740,  409,   75,  318,  141,  600,  726,  513,  829,  383,  448,  364,  634,  598,  527,  716,  242,  604, 1075,  592,   89,  586,  751, 1008,  579,  823,  239,  721,  625,  304,  727,  882,  978,  834],
        [  570,    0,  858,  277,  880,  248,  871,  815,  742,  222,  590,  870,    0,  785, 1073,  747, 1098,  792,  334,  727,  555,  177,  464,  499,  390,  255,  836,  778,  425,  886,  571,  868,  442,  657,  683,  914,  933,  213,  694,  299,  634,  842,  434,  708,  592,  931,  455,  507,  543,  947,   92,  660,  526,  757,  976,  346,  213,  317,  949,  999,  914,  934,  764,  291,   96,  774,  495, 1066,  485,  977,  734,   60,  184,  276,  529,  707,  177,  686,  772,  712,  431,  907,  916,  375,  586,  260,  720,  625,  349,  581,  232,  768,  874,  911,  825,  714,  175,  485,  431,  901, 1055,  667,  301,  393,  424,  156,  747,  505,  223,  420,  866,  323,  649,  912,  338,  322,  694,  336,  873,  586,  287,   52,  347,  297],
        [  729,    0,  549,  522,   95,  804,  276,  434,   44,  959,  211,  244,  785,    0,  294,  459,  314,  167,  793,  267,  521,  780,  322,  470,  606,  562,  619,  516,  699,  289,  348,  161,  511,  176,  130,  341,  170,  690,  578,  699,  419,  554,  477,  690,  572,  324,  570,  672,  349,  176,  695,  663,  353,  475,  195,  592,  583,  695,  378,  255,  129,  239,  319,  524,  690,  290,  324,  283,  435,  359,  685,  801,  718,  530,  617,  429,  718,  366,  530,  169,  494,  131,  669,  412,  243,  706,  172,  453,  439,  586,  719,  166,  182,  142,  350,  360,  678,  338,  638,  177,  303,  148,  502,  623,  377,  633,   41,  404,  963,  629,  321,  569,  520,  766,  570,  656,  366,  557,  385,  350,  577,  811,  811,  673],
        [  919,    0,  615,  802,  207, 1065,  316,  514,  338, 1234,  485,  388, 1073,  294,    0,  578,   97,  311, 1040,  424,  718, 1050,  612,  693,  845,  838,  703,  620,  926,  424,  624,  227,  746,  425,  418,  343,  143,  983,  721,  952,  596,  628,  765,  928,  831,  307,  795,  878,  632,  194,  984,  822,  638,  688,  150,  842,  874,  986,  355,  241,  174,  316,  440,  818,  977,  498,  590,   36,  670,  303,  819, 1091,  988,  823,  887,  659,  990,  525,  637,  381,  781,  167,  723,  699,  532,  999,  429,  630,  724,  771, 1013,  332,  319,  163,  529,  505,  971,  603,  864,  194,   92,  409,  781,  910,  654,  922,  335,  639, 1239,  913,  473,  862,  682,  839,  862,  907,  604,  814,  425,  623,  843, 1101, 1056,  927],
        [  362,    0,  124,  496,  509,  620,  263,   83,  451,  822,  360,  700,  747,  459,  578,    0,  659,  305,  560,  193,  207,  640,  462,  248,  382,  500,  164,   60,  421,  745,  660,  372,  307,  319,  504,  255,  460,  779,  145,  502,  118,  116,  701, 1025,  880,  289,  313,  345,  640,  600,  687,  248,  631,  869,  593,  411,  631,  845,  268,  691,  524,  695,  147,  632,  673,  717,  340,  597,  268,  319,  242,  792,  590,  621,  888,  810,  595,  107,   71,  294,  718,  475,  230,  474,  547,  823,  584,  122,  482,  226,  819,  298,  640,  460,  785,  102,  742,  338,  370,  397,  506,  349,  473,  822,  399,  646,  459,  258,  828,  842,  770,  724,  126,  310,  735,  459,  749,  413,  175,  674,  461,  794,  570,  487],
        [  989,    0,  704,  835,  219, 1111,  400,  600,  357, 1271,  520,  340, 1098,  314,   97,  659,    0,  374, 1093,  493,  785, 1090,  634,  752,  900,  874,  792,  705,  985,  368,  611,  294,  802,  469,  423,  433,  203,  991,  800, 1001,  666,  717,  759,  887,  803,  398,  854,  944,  623,  164, 1008,  899,  632,  643,  125,  892,  893,  984,  448,  173,  185,  259,  517,  831, 1002,  459,  631,   67,  725,  397,  900, 1112, 1028,  838,  864,  621, 1029,  597,  721,  434,  775,  207,  814,  725,  534, 1002,  415,  700,  752,  842, 1018,  392,  281,  212,  478,  579,  984,  644,  924,  265,  189,  448,  815,  901,  689,  945,  351,  693, 1275,  901,  419,  864,  757,  929,  862,  957,  571,  861,  514,  607,  885, 1122, 1110,  976],
        [  616,    0,  385,  516,  204,  759,  119,  269,  176,  936,  213,  410,  792,  167,  311,  305,  374,    0,  730,  121,  411,  749,  358,  382,  535,  546,  459,  359,  615,  455,  468,   85,  436,  140,  259,  185,  172,  740,  437,  644,  293,  391,  568,  830,  700,  177,  484,  570,  460,  295,  709,  531,  458,  631,  291,  534,  611,  769,  224,  386,  221,  393,  160,  572,  700,  453,  298,  319,  360,  220,  542,  819,  688,  571,  733,  579,  690,  227,  374,   81,  586,  175,  505,  427,  350,  767,  326,  327,  450,  468,  775,   24,  343,  164,  515,  213,  718,  309,  554,  119,  269,  142,  492,  712,  369,  651,  183,  329,  941,  723,  488,  638,  387,  605,  643,  598,  515,  509,  219,  476,  542,  826,  746,  620],
        [  268,    0,  642,  330,  883,   92,  766,  641,  757,  285,  585,  959,  334,  793, 1040,  560, 1093,  730,    0,  627,  356,  158,  525,  351,  196,  282,  592,  568,  143,  989,  722,  814,  294,  625,  736,  789,  898,  507,  456,   99,  474,  622,  636,  969,  832,  816,  255,  231,  691,  969,  346,  387,  673,  947,  985,  202,  408,  613,  813, 1043,  914, 1001,  637,  480,  332,  897,  471, 1044,  370,  856,  457,  393,  167,  459,  788,  888,  174,  545,  556,  661,  642,  887,  665,  440,  679,  561,  800,  450,  416,  342,  539,  709,  936,  883,  962,  573,  458,  457,  191,  848,  995,  648,  335,  660,  433,  366,  765,  402,  291,  689,  985,  562,  437,  631,  579,  138,  853,  240,  723,  740,  234,  384,   20,  125],
        [  497,    0,  291,  452,  321,  664,  146,  179,  259,  850,  204,  508,  727,  267,  424,  193,  493,  121,  627,    0,  294,  662,  338,  276,  431,  473,  354,  251,  505,  552,  501,  200,  334,  142,  320,  190,  290,  705,  318,  546,  173,  293,  572,  869,  730,  205,  375,  454,  486,  414,  650,  411,  479,  693,  411,  438,  565,  750,  226,  503,  340,  503,   64,  542,  639,  530,  242,  436,  263,  251,  423,  760,  604,  537,  750,  636,  607,  106,  264,  103,  590,  295,  410,  385,  382,  740,  398,  207,  403,  349,  743,  109,  448,  284,  597,   95,  676,  249,  444,  232,  370,  167,  427,  708,  315,  597,  268,  234,  855,  723,  579,  621,  267,  501,  629,  500,  574,  419,  171,  512,  458,  766,  642,  524],
        [  209,    0,  305,  332,  596,  414,  422,  286,  496,  616,  345,  737,  555,  521,  718,  207,  785,  411,  356,  294,    0,  435,  381,   84,  177,  321,  284,  226,  220,  777,  605,  493,  119,  347,  514,  437,  583,  619,  146,  296,  125,  288,  599,  945,  797,  466,  107,  160,  578,  689,  504,  168,  564,  834,  694,  211,  472,  700,  459,  774,  621,  755,  290,  494,  489,  717,  262,  729,  128,  504,  224,  604,  388,  478,  786,  772,  394,  198,  218,  359,  614,  582,  366,  352,  512,  668,  593,   96,  350,   70,  659,  394,  692,  574,  788,  223,  576,  253,  165,  525,  661,  378,  312,  696,  288,  473,  505,  146,  622,  721,  790,  591,   94,  385,  605,  254,  718,  222,  368,  621,  271,  604,  367,  281],
        [  407,    0,  738,  264,  873,   73,  807,  716,  739,  189,  571,  910,  177,  780, 1050,  640, 1090,  749,  158,  662,  435,    0,  476,  401,  259,  220,  703,  660,  265,  934,  640,  831,  339,  626,  699,  841,  907,  363,  562,  145,  537,  720,  531,  844,  714,  863,  329,  353,  609,  952,  203,  511,  591,  852,  974,  231,  292,  471,  871, 1017,  906,  963,  687,  373,  191,  832,  460, 1049,  402,  907,  584,  236,   62,  352,  662,  797,   62,  600,  651,  672,  533,  888,  781,  382,  622,  416,  752,  520,  356,  445,  392,  726,  899,  888,  892,  628,  316,  448,  287,  865, 1018,  643,  280,  529,  403,  238,  746,  429,  194,  558,  923,  439,  527,  762,  456,  183,  770,  243,  786,  657,  208,  227,  170,  155],
        [  555,    0,  585,  212,  416,  513,  461,  493,  279,  646,  146,  437,  464,  322,  612,  462,  634,  358,  525,  338,  381,  476,    0,  299,  369,  258,  613,  516,  470,  465,  226,  421,  302,  220,  225,  519,  476,  383,  506,  426,  356,  577,  240,  570,  423,  524,  367,  482,  198,  485,  374,  549,  184,  458,  513,  335,  263,  415,  558,  543,  451,  488,  396,  214,  368,  374,  126,  604,  254,  570,  601,  479,  416,  216,  426,  395,  415,  360,  520,  280,  257,  446,  688,   95,  155,  410,  278,  374,  122,  449,  417,  335,  424,  452,  442,  379,  364,  131,  418,  453,  604,  219,  197,  370,  102,  311,  284,  237,  650,  387,  461,  285,  439,  744,  292,  392,  347,  291,  508,  243,  292,  489,  545,  400],
        [  269,    0,  362,  257,  552,  393,  416,  318,  440,  587,  279,  674,  499,  470,  693,  248,  752,  382,  351,  276,   84,  401,  299,    0,  156,  254,  356,  282,  234,  711,  524,  466,   63,  294,  447,  443,  553,  545,  225,  274,  137,  347,  516,  862,  713,  468,  103,  204,  497,  643,  440,  250,  482,  754,  653,  170,  396,  621,  472,  724,  580,  698,  290,  413,  426,  645,  185,  700,   46,  510,  307,  545,  347,  398,  703,  692,  351,  200,  278,  319,  530,  546,  437,  269,  435,  592,  524,  127,  267,  150,  585,  362,  634,  540,  716,  229,  504,  174,  172,  500,  644,  323,  236,  615,  205,  403,  449,   71,  593,  638,  721,  510,  163,  466,  524,  228,  640,  165,  386,  541,  213,  546,  366,  253],
        [  213,    0,  480,  224,  693,  240,  572,  460,  572,  440,  401,  788,  390,  606,  845,  382,  900,  535,  196,  431,  177,  259,  369,  156,    0,  192,  449,  401,  102,  822,  586,  619,   99,  434,  561,  597,  703,  489,  307,  121,  285,  462,  536,  885,  739,  623,   70,  137,  556,  781,  353,  275,  539,  819,  795,   52,  352,  583,  624,  858,  723,  823,  444,  399,  337,  741,  290,  850,  175,  664,  347,  443,  215,  380,  712,  757,  221,  353,  392,  466,  547,  693,  528,  301,  522,  542,  631,  264,  285,  192,  528,  513,  758,  689,  809,  381,  442,  276,   56,  653,  799,  459,  215,  602,  269,  336,  580,  207,  446,  629,  824,  495,  268,  525,  511,   78,  713,   92,  536,  604,  129,  440,  212,  105],
        [  404,    0,  615,   49,  656,  257,  618,  564,  521,  397,  355,  694,  255,  562,  838,  500,  874,  546,  282,  473,  321,  220,  258,  254,  192,    0,  605,  535,  275,  720,  441,  624,  203,  415,  480,  660,  696,  302,  467,  187,  384,  600,  360,  704,  561,  678,  238,  329,  410,  733,  188,  458,  392,  666,  757,  141,  161,  392,  694,  798,  690,  745,  509,  212,  174,  622,  250,  836,  233,  723,  527,  294,  158,  192,  527,  606,  158,  433,  531,  466,  368,  674,  686,  166,  408,  353,  535,  379,  140,  363,  342,  522,  681,  676,  685,  460,  257,  238,  247,  659,  812,  430,   61,  411,  186,  153,  528,  251,  402,  439,  712,  306,  413,  701,  322,  168,  572,  106,  618,  459,   64,  298,  302,  164],
        [  343,    0,   92,  612,  661,  668,  393,  194,  613,  872,  521,  861,  836,  619,  703,  164,  792,  459,  592,  354,  284,  703,  613,  356,  449,  605,    0,  105,  451,  906,  819,  516,  402,  482,  668,  362,  601,  900,  143,  559,  258,   76,  849, 1181, 1035,  399,  381,  362,  798,  750,  788,  211,  787, 1032,  739,  490,  751,  975,  358,  841,  673,  852,  301,  764,  773,  880,  488,  727,  389,  414,  157,  886,  663,  751, 1037,  972,  669,  270,   96,  457,  865,  621,   82,  612,  708,  947,  748,  243,  615,  259,  940,  455,  799,  605,  949,  265,  858,  484,  417,  537,  622,  512,  591,  962,  539,  756,  621,  390,  878,  984,  933,  860,  193,  147,  873,  523,  912,  505,  279,  834,  555,  886,  597,  550],
        [  348,    0,   81,  536,  562,  634,  305,  108,  509,  838,  418,  758,  778,  516,  620,   60,  705,  359,  568,  251,  226,  660,  516,  282,  401,  535,  105,    0,  426,  803,  718,  421,  337,  378,  563,  286,  509,  822,  122,  519,  164,   66,  754, 1081,  936,  322,  332,  344,  698,  653,  722,  224,  687,  928,  644,  436,  673,  892,  292,  744,  577,  751,  200,  679,  707,  776,  392,  641,  309,  346,  201,  825,  613,  667,  942,  869,  619,  166,   18,  353,  771,  526,  173,  523,  605,  867,  643,  158,  529,  226,  862,  354,  697,  511,  844,  161,  783,  390,  381,  445,  544,  408,  514,  872,  449,  684,  518,  303,  844,  893,  829,  773,  133,  251,  784,  478,  808,  443,  202,  732,  492,  826,  576,  506],
        [  146,    0,  499,  314,  784,  219,  639,  502,  666,  422,  497,  887,  425,  699,  926,  421,  985,  615,  143,  505,  220,  265,  470,  234,  102,  275,  451,  426,    0,  921,  687,  699,  188,  524,  660,  656,  786,  558,  314,  126,  343,  480,  630,  977,  833,  685,  132,   91,  657,  873,  408,  250,  639,  919,  885,  143,  431,  658,  679,  953,  812,  920,  508,  487,  392,  842,  388,  933,  264,  724,  322,  482,  241,  466,  801,  857,  248,  415,  414,  552,  640,  780,  525,  400,  623,  612,  731,  315,  383,  200,  595,  595,  855,  774,  910,  442,  509,  374,   62,  732,  874,  551,  309,  685,  370,  405,  675,  296,  428,  713,  925,  580,  297,  499,  597,  114,  814,  187,  587,  705,  212,  477,  151,  131],
        [  979,    0,  838,  672,  279,  976,  556,  722,  295, 1092,  433,   46,  886,  289,  424,  745,  368,  455,  989,  552,  777,  934,  465,  711,  822,  720,  906,  803,  921,    0,  322,  428,  738,  438,  265,  618,  385,  729,  855,  890,  691,  842,  475,  523,  457,  595,  803,  914,  347,  233,  796,  932,  362,  277,  276,  794,  675,  691,  652,  197,  290,  110,  607,  596,  795,  120,  535,  392,  670,  622,  962,  882,  876,  611,  528,  266,  874,  646,  815,  451,  486,  342,  958,  555,  313,  723,  191,  723,  581,  846,  746,  454,  120,  362,  112,  644,  737,  548,  864,  428,  488,  406,  660,  597,  557,  733,  286,  641, 1094,  589,   51,  593,  793, 1053,  585,  854,  230,  752,  671,  310,  756,  896, 1008,  864],
        [  780,    0,  778,  393,  420,  692,  586,  675,  312,  783,  302,  314,  571,  348,  624,  660,  611,  468,  722,  501,  605,  640,  226,  524,  586,  441,  819,  718,  687,  322,    0,  499,  526,  360,  219,  651,  516,  408,  724,  625,  565,  775,  156,  369,  233,  644,  591,  705,   32,  448,  482,  772,   50,  234,  488,  546,  362,  378,  691,  470,  451,  390,  563,  280,  483,  205,  344,  604,  478,  686,  822,  563,  586,  298,  270,  172,  583,  554,  725,  411,  169,  473,  889,  288,  120,  405,  197,  588,  308,  673,  426,  452,  341,  488,  256,  566,  416,  353,  638,  521,  648,  339,  388,  291,  325,  421,  310,  460,  785,  291,  297,  272,  656,  956,  265,  597,  132,  502,  666,   19,  490,  577,  742,  600],
        [  696,    0,  435,  592,  154,  842,  132,  322,  188, 1017,  280,  383,  868,  161,  227,  372,  294,   85,  814,  200,  493,  831,  421,  466,  619,  624,  516,  421,  699,  428,  499,    0,  520,  211,  281,  191,   91,  803,  509,  727,  373,  444,  615,  850,  728,  168,  568,  653,  496,  237,  782,  607,  497,  635,  223,  618,  680,  824,  224,  327,  159,  351,  226,  635,  774,  448,  375,  237,  444,  199,  612,  892,  770,  636,  768,  589,  771,  304,  437,  159,  633,  106,  553,  498,  386,  827,  332,  407,  522,  549,  837,  106,  310,   90,  503,  286,  784,  387,  637,   35,  189,  204,  569,  761,  444,  723,  192,  413, 1021,  770,  467,  695,  464,  660,  698,  682,  526,  592,  251,  504,  623,  900,  830,  703],
        [  254,    0,  417,  215,  597,  331,  477,  379,  478,  525,  310,  702,  442,  511,  746,  307,  802,  436,  294,  334,  119,  339,  302,   63,   99,  203,  402,  337,  188,  738,  526,  520,    0,  337,  475,  505,  605,  502,  264,  213,  199,  401,  500,  849,  700,  529,   66,  181,  497,  686,  387,  267,  481,  759,  699,  108,  355,  584,  534,  765,  626,  732,  351,  382,  372,  664,  204,  752,   77,  572,  333,  489,  285,  365,  683,  696,  290,  262,  331,  369,  512,  596,  483,  252,  448,  551,  549,  185,  245,  168,  542,  415,  668,  591,  734,  291,  458,  191,  128,  555,  701,  364,  197,  586,  201,  355,  487,  110,  530,  611,  744,  480,  210,  501,  495,  167,  648,  107,  448,  543,  156,  490,  310,  191],
        [  554,    0,  428,  382,  260,  642,  243,  319,  150,  810,   75,  396,  657,  176,  425,  319,  469,  140,  625,  142,  347,  626,  220,  294,  434,  415,  482,  378,  524,  438,  360,  211,  337,    0,  186,  304,  282,  601,  418,  532,  254,  427,  440,  728,  590,  306,  395,  496,  346,  349,  572,  496,  341,  554,  362,  424,  472,  633,  344,  431,  290,  409,  205,  433,  563,  399,  166,  425,  261,  352,  525,  682,  564,  432,  614,  496,  566,  214,  388,   61,  458,  264,  544,  289,  241,  629,  267,  286,  312,  414,  636,  116,  347,  263,  468,  218,  579,  179,  463,  245,  399,   32,  359,  581,  233,  513,  159,  229,  815,  594,  458,  503,  356,  627,  509,  488,  434,  392,  307,  371,  419,  690,  642,  507],
        [  715,    0,  611,  436,  212,  733,  377,  498,   93,  870,  170,  228,  683,  130,  418,  504,  423,  259,  736,  320,  514,  699,  225,  447,  561,  480,  668,  563,  660,  265,  219,  281,  475,  186,    0,  443,  299,  570,  600,  638,  435,  611,  348,  572,  448,  433,  539,  650,  220,  265,  592,  672,  224,  375,  298,  537,  474,  569,  483,  319,  246,  266,  382,  409,  588,  213,  272,  403,  406,  472,  706,  692,  638,  417,  489,  321,  638,  400,  574,  219,  366,  259,  729,  319,  115,  582,   81,  466,  346,  583,  597,  247,  202,  272,  283,  403,  562,  286,  601,  302,  433,  156,  419,  494,  304,  528,   92,  377,  874,  500,  277,  445,  536,  813,  445,  599,  258,  497,  471,  224,  507,  704,  755,  611],
        [  615,    0,  273,  640,  343,  836,   67,  180,  358, 1029,  376,  572,  914,  341,  343,  255,  433,  185,  789,  190,  437,  841,  519,  443,  597,  660,  362,  286,  656,  618,  651,  191,  505,  304,  443,    0,  256,  893,  399,  716,  315,  287,  743, 1014,  883,   37,  534,  590,  642,  420,  839,  502,  639,  813,  398,  612,  754,  933,   41,  508,  344,  539,  155,  727,  827,  631,  431,  367,  440,   68,  487,  949,  784,  723,  913,  763,  788,  245,  303,  245,  761,  288,  382,  573,  532,  925,  507,  341,  591,  473,  930,  200,  500,  269,  690,  217,  865,  438,  599,  197,  260,  316,  616,  884,  504,  786,  363,  415, 1034,  897,  656,  803,  375,  497,  810,  671,  699,  599,   85,  659,  640,  954,  802,  696],
        [  787,    0,  517,  661,  110,  922,  209,  407,  210, 1092,  344,  341,  933,  170,  143,  460,  203,  172,  898,  290,  583,  907,  476,  553,  703,  696,  601,  509,  786,  385,  516,   91,  605,  282,  299,  256,    0,  853,  599,  809,  463,  527,  646,  847,  737,  225,  655,  742,  518,  167,  846,  697,  522,  620,  143,  700,  738,  863,  282,  252,   95,  293,  316,  686,  838,  427,  448,  148,  529,  243,  701,  953,  846,  690,  785,  581,  847,  395,  525,  238,  664,   46,  632,  560,  413,  871,  330,  497,  585,  639,  884,  192,  266,   29,  474,  377,  838,  460,  725,   65,  134,  267,  639,  792,  512,  784,  210,  497, 1096,  798,  429,  736,  555,  742,  738,  764,  520,  671,  328,  518,  700,  962,  914,  785],
        [  697,    0,  900,  288,  780,  434,  838,  833,  646,  432,  527,  721,  213,  690,  983,  779,  991,  740,  507,  705,  619,  363,  383,  545,  489,  302,  900,  822,  558,  729,  408,  803,  502,  601,  570,  893,  853,    0,  765,  441,  662,  888,  256,  496,  384,  901,  540,  624,  385,  831,  161,  759,  371,  562,  867,  438,  149,  108,  931,  869,  814,  794,  756,  169,  175,  611,  465,  971,  514,  948,  829,  177,  340,  170,  318,  519,  334,  696,  820,  661,  247,  819,  981,  321,  459,   55,  586,  665,  305,  665,   41,  717,  739,  827,  653,  721,   49,  460,  542,  834,  983,  601,  310,  182,  393,  154,  649,  522,  432,  209,  702,  137,  707, 1001,  146,  445,  517,  407,  870,  420,  362,  193,  524,  428],
        [  226,    0,  187,  478,  638,  528,  407,  221,  562,  733,  439,  812,  694,  578,  721,  145,  800,  437,  456,  318,  146,  562,  506,  225,  307,  467,  143,  122,  314,  855,  724,  509,  264,  418,  600,  399,  599,  765,    0,  418,  166,  167,  735, 1076,  928,  433,  240,  228,  700,  731,  648,  104,  687,  946,  727,  349,  617,  845,  409,  820,  657,  816,  284,  637,  633,  812,  381,  739,  264,  461,  108,  745,  520,  622,  923,  885,  527,  213,  107,  409,  750,  610,  223,  490,  621,  813,  681,  137,  491,  117,  805,  426,  758,  597,  882,  225,  722,  375,  276,  536,  650,  449,  458,  838,  422,  619,  571,  272,  739,  862,  875,  734,   68,  242,  748,  381,  827,  365,  317,  739,  414,  744,  463,  408],
        [  272,    0,  597,  234,  790,  120,  689,  580,  661,  320,  489,  860,  299,  699,  952,  502, 1001,  644,   99,  546,  296,  145,  426,  274,  121,  187,  559,  519,  126,  890,  625,  727,  213,  532,  638,  716,  809,  441,  418,    0,  405,  578,  546,  884,  744,  741,  190,  211,  594,  874,  286,  368,  576,  852,  892,  110,  326,  544,  744,  947,  821,  903,  563,  393,  270,  799,  375,  955,  285,  783,  442,  356,  115,  371,  705,  792,  122,  473,  509,  572,  552,  796,  637,  341,  581,  495,  701,  385,  319,  301,  476,  622,  838,  793,  864,  501,  392,  361,  143,  762,  911,  555,  238,  582,  335,  291,  669,  315,  326,  610,  887,  480,  386,  620,  497,   47,  756,  143,  656,  643,  136,  351,  119,   27],
        [  324,    0,  240,  379,  486,  525,  298,  182,  400,  722,  275,  649,  634,  419,  596,  118,  666,  293,  474,  173,  125,  537,  356,  137,  285,  384,  258,  164,  343,  691,  565,  373,  199,  254,  435,  315,  463,  662,  166,  405,    0,  229,  592,  924,  778,  343,  220,  284,  543,  580,  571,  245,  532,  784,  581,  306,  513,  729,  340,  667,  509,  657,  166,  516,  557,  647,  231,  609,  152,  382,  272,  677,  483,  504,  780,  723,  488,   74,  166,  252,  608,  467,  334,  359,  459,  705,  516,   35,  366,  176,  702,  278,  597,  457,  717,  100,  624,  227,  285,  404,  537,  285,  356,  708,  285,  529,  409,  141,  728,  730,  710,  609,  102,  392,  621,  360,  665,  302,  252,  580,  348,  679,  487,  386],
        [  389,    0,   21,  602,  591,  692,  319,  123,  551,  896,  473,  797,  842,  554,  628,  116,  717,  391,  622,  293,  288,  720,  577,  347,  462,  600,   76,   66,  480,  842,  775,  444,  401,  427,  611,  287,  527,  888,  167,  578,  229,    0,  817, 1140,  996,  323,  393,  394,  755,  679,  787,  259,  746,  980,  666,  498,  739,  957,  283,  770,  602,  784,  235,  744,  772,  822,  455,  652,  374,  339,  219,  889,  675,  732, 1003,  922,  681,  221,   71,  396,  833,  549,  118,  587,  660,  932,  690,  224,  594,  281,  928,  389,  733,  532,  890,  211,  848,  453,  438,  463,  546,  456,  579,  936,  513,  750,  559,  368,  902,  957,  871,  837,  194,  216,  849,  538,  860,  507,  204,  788,  556,  890,  629,  566],
        [  745,    0,  824,  317,  558,  591,  681,  732,  437,  653,  370,  469,  434,  477,  765,  701,  759,  568,  636,  572,  599,  531,  240,  516,  536,  360,  849,  754,  630,  475,  156,  615,  500,  440,  348,  743,  646,  256,  735,  546,  592,  817,    0,  350,  203,  743,  559,  668,  137,  597,  350,  764,  128,  325,  635,  489,  240,  225,  783,  624,  592,  545,  632,  159,  355,  357,  363,  747,  473,  788,  823,  419,  484,  180,  189,  273,  479,  600,  758,  499,   19,  607,  926,  249,  234,  250,  345,  608,  256,  662,  271,  548,  494,  619,  399,  618,  269,  366,  592,  641,  780,  429,  322,  147,  314,  297,  437,  464,  655,  156,  447,  119,  668,  976,  111,  527,  263,  445,  742,  166,  420,  434,  656,  524],
        [ 1094,    0, 1145,  663,  740,  911,  948, 1043,  663,  926,  670,  548,  708,  690,  928, 1025,  887,  830,  969,  869,  945,  844,  570,  862,  885,  704, 1181, 1081,  977,  523,  369,  850,  849,  728,  572, 1014,  847,  496, 1076,  884,  924, 1140,  350,    0,  149, 1004,  908, 1017,  386,  735,  644, 1111,  395,  246,  779,  837,  561,  396, 1054,  718,  766,  629,  932,  493,  655,  430,  696,  900,  817, 1044, 1168,  670,  808,  514,  183,  269,  802,  919, 1087,  778,  339,  802, 1253,  597,  488,  453,  520,  944,  606, 1010,  482,  815,  610,  820,  411,  933,  536,  701,  941,  866,  973,  707,  670,  317,  657,  608,  659,  805,  926,  289,  474,  408, 1008, 1314,  391,  871,  328,  794, 1033,  358,  766,  686,  988,  864],
        [  947,    0, 1001,  519,  634,  779,  818,  901,  540,  813,  529,  471,  592,  572,  831,  880,  803,  700,  832,  730,  797,  714,  423,  713,  739,  561, 1035,  936,  833,  457,  233,  728,  700,  590,  448,  883,  737,  384,  928,  744,  778,  996,  203,  149,    0,  877,  761,  870,  245,  643,  520,  962,  252,  207,  687,  691,  426,  299,  924,  643,  663,  554,  793,  352,  529,  347,  548,  807,  669,  918, 1019,  561,  673,  373,   81,  193,  668,  775,  941,  643,  193,  692, 1108,  449,  352,  351,  407,  797,  458,  861,  379,  684,  522,  709,  352,  790,  417,  554,  794,  748,  867,  571,  525,  204,  509,  477,  537,  657,  814,  181,  413,  276,  860, 1166,  259,  728,  233,  648,  897,  226,  622,  577,  851,  723],
        [  648,    0,  309,  655,  317,  860,   64,  215,  344, 1051,  380,  549,  931,  324,  307,  289,  398,  177,  816,  205,  466,  863,  524,  468,  623,  678,  399,  322,  685,  595,  644,  168,  529,  306,  433,   37,  225,  901,  433,  741,  343,  323,  743, 1004,  877,    0,  561,  621,  637,  391,  853,  537,  635,  798,  367,  636,  765,  938,   58,  477,  316,  513,  179,  735,  842,  613,  442,  332,  462,   47,  523,  964,  805,  732,  909,  749,  809,  271,  339,  246,  761,  260,  417,  583,  526,  932,  493,  371,  602,  505,  938,  195,  476,  240,  670,  244,  875,  450,  627,  169,  224,  315,  631,  885,  516,  799,  349,  435, 1056,  898,  634,  808,  407,  533,  814,  695,  686,  620,  121,  652,  661,  970,  829,  720],
        [  190,    0,  410,  261,  654,  308,  512,  391,  539,  509,  373,  767,  455,  570,  795,  313,  854,  484,  255,  375,  107,  329,  367,  103,   70,  238,  381,  332,  132,  803,  591,  568,   66,  395,  539,  534,  655,  540,  240,  190,  220,  393,  559,  908,  761,  561,    0,  115,  562,  744,  412,  220,  546,  824,  754,  110,  397,  629,  559,  824,  682,  795,  383,  433,  396,  730,  269,  802,  136,  601,  290,  507,  283,  415,  740,  761,  289,  290,  323,  421,  571,  649,  462,  313,  514,  591,  614,  197,  303,  128,  579,  464,  731,  643,  800,  318,  494,  256,   70,  602,  745,  423,  246,  638,  266,  389,  548,  167,  515,  664,  809,  531,  199,  465,  546,  147,  713,  133,  470,  608,  180,  505,  269,  175],
        [   78,    0,  414,  360,  751,  309,  580,  428,  643,  512,  482,  877,  507,  672,  878,  345,  944,  570,  231,  454,  160,  353,  482,  204,  137,  329,  362,  344,   91,  914,  705,  653,  181,  496,  650,  590,  742,  624,  228,  211,  284,  394,  668, 1017,  870,  621,  115,    0,  676,  843,  482,  160,  660,  938,  850,  189,  489,  720,  609,  926,  777,  901,  448,  535,  466,  843,  381,  889,  245,  657,  232,  563,  324,  515,  846,  876,  331,  356,  331,  515,  679,  740,  436,  425,  628,  677,  725,  252,  413,  120,  663,  552,  838,  732,  913,  381,  577,  369,   82,  685,  820,  526,  349,  738,  381,  471,  652,  274,  518,  765,  922,  631,  220,  410,  647,  187,  828,  227,  517,  723,  265,  559,  236,  210],
        [  751,    0,  760,  362,  426,  661,  577,  658,  312,  754,  285,  336,  543,  349,  632,  640,  623,  460,  691,  486,  578,  609,  198,  497,  556,  410,  798,  698,  657,  347,   32,  496,  497,  346,  220,  642,  518,  385,  700,  594,  543,  755,  137,  386,  245,  637,  562,  676,    0,  460,  453,  746,   19,  263,  499,  516,  333,  362,  682,  488,  458,  410,  549,  252,  454,  232,  319,  613,  451,  680,  797,  536,  555,  269,  273,  201,  552,  534,  704,  399,  153,  477,  869,  257,  111,  385,  209,  565,  277,  646,  405,  443,  358,  491,  285,  548,  391,  327,  608,  520,  652,  328,  357,  279,  297,  392,  311,  434,  756,  282,  324,  250,  632,  934,  245,  566,  163,  471,  653,   50,  459,  550,  711,  569],
