{
    "name": "random-44-13216",
    "comment": "size=44 seed=13216",
    "nodes": ["+0", "-0", "+1", "-1", "+2", "-2", "+3", "-3", "+4", "-4", "+5", "-5", "+6", "-6", "+7", "-7", "+8", "-8", "+9", "-9", "+10", "-10", "+11", "-11", "+12", "-12", "+13", "-13", "+14", "-14", "+15", "-15", "+16", "-16", "+17", "-17", "+18", "-18", "+19", "-19", "+20", "-20", "+21", "-21", "+22", "-22", "+23", "-23", "+24", "-24", "+25", "-25", "+26", "-26", "+27", "-27", "+28", "-28", "+29", "-29", "+30", "-30", "+31", "-31", "+32", "-32", "+33", "-33", "+34", "-34", "+35", "-35", "+36", "-36", "+37", "-37", "+38", "-38", "+39", "-39", "+40", "-40", "+41", "-41", "+42", "-42", "+43", "-43", "+44", "-44"],
    "precedence": {
        "+0": "-0",
        "+1": "-1",
        "+2": "-2",
        "+3": "-3",
        "+4": "-4",
        "+5": "-5",
        "+6": "-6",
        "+7": "-7",
        "+8": "-8",
        "+9": "-9",
        "+10": "-10",
        "+11": "-11",
        "+12": "-12",
        "+13": "-13",
        "+14": "-14",
        "+15": "-15",
        "+16": "-16",
        "+17": "-17",
        "+18": "-18",
        "+19": "-19",
        "+20": "-20",
        "+21": "-21",
        "+22": "-22",
        "+23": "-23",
        "+24": "-24",
        "+25": "-25",
        "+26": "-26",
        "+27": "-27",
        "+28": "-28",
        "+29": "-29",
        "+30": "-30",
        "+31": "-31",
        "+32": "-32",
        "+33": "-33",
        "+34": "-34",
        "+35": "-35",
        "+36": "-36",
        "+37": "-37",
        "+38": "-38",
        "+39": "-39",
        "+40": "-40",
        "+41": "-41",
        "+42": "-42",
        "+43": "-43",
        "+44": "-44"
    },
    "edges": [
        [    0,    0,  685,  421,  120,  429,  659,  364,  197,  633,  638,  253,  200,  378,  388,  257,  567,  744,  528,  323,  612,  374,  549,  765,  599,  502,  264,  144,  684,  238,  246,  249,  578,  235,  267,  450,  715,  268,  241,  402,  672,  609,  716,  345,  633,  242,  699,  555,  301,  754,  560,  509,  633,  386,  466,  466,  713,  266,  569,  164,  715,  263,  331,  565,  945,  344,  481,  196,  492,  134,  251,  667,  249,  681,  247,  401,  180,  423,  223,  314,  589,  514,  590,  368,  658,  407,  592,  627,  171,  321],
        [    0,    0,    0,    0,    0,    0,    0,    0,    0,    0,    0,    0,    0,    0,    0,    0,    0,    0,    0,    0,    0,    0,    0,    0,    0,    0,    0,    0,    0,    0,    0,    0,    0,    0,    0,    0,    0,    0,    0,    0,    0,    0,    0,    0,    0,    0,    0,    0,    0,    0,    0,    0,    0,    0,    0,    0,    0,    0,    0,    0,    0,    0,    0,    0,    0,    0,    0,    0,    0,    0,    0,    0,    0,    0,    0,    0,    0,    0,    0,    0,    0,    0,    0,    0,    0,    0,    0,    0,    0,    0],
        [  685,    0,    0,  677,  591,  467, 1098,  338,  865,  278,  882,  612,  535,  316,  801,  819, 1074,  660,  284,  365,  315,  989,  320,  390,  265,  598,  696,  542,  133,  579,  733,  604,  554,  633,  669,  317,  141,  472,  893,  293,  326,  335, 1106,  608,  591,  494,  303,  340,  542,  638,  815,  626,  204,  334,  639,  317,  297,  446,  719,  791,  114,  644,  805,  694,  614,  341,  680,  878,  194,  606,  553, 1042,  440,  444,  746,  410,  518,  266,  904,  377,  351,  669,  542,  555,  911,  423,   95,  491,  546,  489],
        [  421,    0,  677,    0,  469,  709,  422,  388,  441,  789,  246,  175,  515,  511,  155,  286,  416,  359,  401,  462,  791,  772,  738,  522,  753,  132,  666,  387,  752,  591,  659,  615,  231,  188,  157,  632,  620,  540,  631,  429,  465,  407,  432,  703,  267,  526,  505,  755,  631,  379,  164,  119,  513,  370,   70,  360,  861,  504,  149,  580,  637,  647,  201,  149,  622,  444,   63,  544,  540,  502,  587,  368,  447,  401,  219,  270,  456,  462,  499,  394,  381,  102,  250,  700,  272,  256,  594,  318,  487,  616],
        [  120,    0,  591,  469,    0,  310,  760,  296,  316,  516,  704,  294,   80,  276,  470,  364,  676,  753,  475,  228,  494,  414,  431,  724,  482,  523,  201,   93,  576,  131,  205,  150,  583,  286,  328,  334,  638,  149,  304,  325,  626,  568,  811,  244,  641,  122,  648,  436,  188,  758,  622,  535,  568,  326,  500,  416,  595,  153,  610,  204,  635,  179,  423,  601,  923,  257,  523,  293,  398,   35,  137,  758,  152,  657,  336,  372,   73,  339,  337,  241,  551,  550,  591,  258,  726,  383,  500,  615,   52,  202],
        [  429,    0,  467,  709,  310,    0, 1056,  367,  620,  264,  954,  551,  232,  239,  753,  670,  981,  902,  520,  262,  226,  589,  175,  757,  242,  716,  280,  347,  386,  203,  326,  209,  740,  553,  600,  156,  574,  177,  537,  353,  662,  623, 1099,  160,  797,  198,  665,  166,  137,  896,  872,  737,  555,  401,  717,  485,  332,  207,  828,  441,  558,  231,  716,  812,  986,  295,  750,  570,  329,  297,  182, 1042,  262,  740,  631,  505,  274,  338,  631,  333,  618,  765,  740,  102,  980,  522,  408,  733,  263,  109],
        [  659,    0, 1098,  422,  760, 1056,    0,  793,  535, 1187,  294,  520,  831,  901,  311,  403,  128,  650,  823,  844, 1182,  881, 1124,  910, 1150,  524,  919,  710, 1167,  890,  892,  905,  608,  511,  464, 1015, 1040,  880,  759,  837,  872,  819,   86, 1001,  612,  859,  913, 1138,  947,  682,  315,  499,  933,  781,  469,  781, 1263,  855,  432,  765, 1058,  922,  340,  457,  942,  836,  431,  656,  951,  785,  897,  102,  806,  785,  426,  689,  783,  870,  574,  784,  794,  456,  627, 1017,  275,  676, 1014,  700,  799,  951],
        [  364,    0,  338,  388,  296,  367,  793,    0,  532,  402,  625,  282,  273,  134,  485,  482,  752,  536,  183,  109,  405,  710,  355,  435,  365,  361,  463,  223,  378,  346,  484,  376,  374,  300,  340,  253,  351,  244,  593,   47,  336,  283,  815,  430,  431,  250,  355,  373,  347,  531,  547,  385,  273,   37,  376,  130,  474,  201,  481,  498,  353,  419,  477,  461,  648,   73,  414,  559,  162,  323,  327,  753,  157,  388,  411,  141,  229,   79,  574,   56,  270,  420,  374,  400,  654,  159,  244,  369,  267,  308],
        [  197,    0,  865,  441,  316,  620,  535,  532,    0,  830,  600,  323,  395,  568,  339,  168,  423,  798,  674,  510,  809,  359,  746,  887,  795,  556,  410,  328,  875,  422,  374,  426,  649,  296,  297,  646,  879,  465,  227,  575,  803,  738,  607,  517,  696,  438,  835,  752,  488,  815,  534,  553,  787,  546,  504,  611,  909,  462,  583,  236,  883,  428,  270,  588, 1039,  527,  503,  124,  675,  325,  439,  570,  441,  787,  223,  529,  376,  600,   59,  489,  714,  542,  665,  551,  612,  530,  771,  718,  368,  514],
        [  633,    0,  278,  789,  516,  264, 1187,  402,  830,    0, 1025,  668,  440,  288,  877,  838, 1134,  877,  469,  346,   44,  849,   92,  650,   38,  751,  540,  512,  155,  445,  585,  460,  739,  680,  725,  185,  414,  368,  786,  362,  570,  556, 1214,  423,  788,  395,  557,   98,  387,  861,  948,  777,  445,  422,  774,  467,   80,  368,  874,  685,  390,  489,  858,  853,  880,  352,  813,  803,  262,  516,  420, 1152,  399,  676,  781,  531,  455,  331,  853,  404,  563,  815,  733,  365, 1053,  548,  272,  701,  464,  340],
        [  638,    0,  882,  246,  704,  954,  294,  625,  600, 1025,    0,  412,  756,  753,  263,  433,  363,  358,  599,  706, 1030,  956,  979,  636,  988,  284,  896,  627,  972,  830,  883,  852,  343,  419,  377,  873,  800,  784,  818,  663,  613,  569,  256,  943,  334,  770,  654,  996,  873,  390,   83,  257,  695,  603,  251,  573, 1093,  749,  165,  786,  822,  881,  331,  191,  649,  685,  212,  719,  768,  736,  828,  200,  692,  513,  399,  495,  698,  694,  655,  636,  546,  214,  361,  943,   30,  478,  808,  431,  727,  860],
        [  253,    0,  612,  175,  294,  551,  520,  282,  323,  668,  412,    0,  344,  381,  210,  216,  471,  495,  373,  325,  663,  618,  605,  567,  630,  251,  492,  215,  660,  418,  486,  442,  334,   27,   59,  495,  592,  377,  479,  328,  487,  422,  553,  532,  387,  360,  522,  619,  462,  507,  330,  256,  491,  279,  214,  314,  744,  345,  320,  416,  601,  473,  196,  314,  718,  317,  232,  403,  443,  328,  416,  494,  292,  464,  137,  222,  287,  360,  378,  266,  397,  262,  348,  532,  436,  218,  520,  397,  315,  452],
        [  200,    0,  535,  515,   80,  232,  831,  273,  395,  440,  756,  344,    0,  220,  534,  439,  751,  771,  456,  183,  416,  456,  353,  708,  407,  552,  190,  129,  509,   81,  212,  109,  601,  340,  386,  260,  596,   73,  361,  292,  609,  554,  878,  190,  660,   46,  626,  357,  119,  772,  674,  568,  536,  307,  538,  401,  518,   90,  650,  259,  590,  150,  492,  638,  917,  219,  565,  364,  346,   77,   73,  823,  117,  653,  405,  376,   60,  299,  414,  219,  540,  588,  606,  190,  779,  389,  449,  621,   32,  124],
        [  378,    0,  316,  511,  276,  239,  901,  134,  568,  288,  753,  381,  220,    0,  590,  556,  848,  666,  283,   60,  283,  675,  228,  528,  250,  494,  393,  240,  307,  272,  424,  300,  506,  393,  438,  121,  381,  161,  577,  115,  430,  387,  930,  330,  562,  180,  438,  244,  251,  658,  673,  517,  335,  166,  505,  247,  365,  131,  613,  475,  373,  342,  571,  594,  753,   68,  543,  567,  127,  290,  248,  869,  129,  502,  495,  275,  204,  102,  600,  119,  381,  551,  505,  289,  781,  292,  229,  495,  230,  202],
        [  388,    0,  801,  155,  470,  753,  311,  485,  339,  877,  263,  210,  534,  590,    0,  172,  274,  497,  537,  534,  872,  693,  814,  676,  839,  285,  650,  408,  861,  600,  632,  619,  384,  202,  155,  705,  759,  577,  555,  530,  616,  555,  347,  714,  415,  558,  655,  828,  652,  521,  196,  269,  653,  475,  222,  488,  953,  549,  263,  527,  774,  643,   69,  275,  771,  525,  200,  457,  645,  500,  604,  290,  498,  555,  142,  393,  482,  563,  395,  474,  529,  241,  404,  723,  277,  382,  713,  472,  503,  650],
        [  257,    0,  819,  286,  364,  670,  403,  482,  168,  838,  433,  216,  439,  556,  172,    0,  313,  645,  588,  496,  825,  524,  764,  773,  801,  411,  517,  331,  853,  491,  491,  504,  508,  191,  168,  656,  806,  497,  387,  528,  698,  633,  465,  600,  550,  473,  734,  774,  551,  665,  367,  403,  706,  486,  353,  529,  917,  480,  422,  370,  815,  520,  103,  429,  902,  500,  346,  287,  640,  386,  500,  420,  440,  662,   81,  437,  399,  558,  224,  452,  608,  386,  526,  621,  445,  432,  725,  586,  408,  562],
        [  567,    0, 1074,  416,  676,  981,  128,  752,  423, 1134,  363,  471,  751,  848,  274,  313,    0,  702,  810,  789, 1125,  760, 1065,  931, 1097,  536,  821,  638, 1130,  803,  790,  816,  630,  456,  413,  956, 1032,  807,  642,  798,  880,  822,  213,  911,  646,  784,  921, 1077,  864,  732,  356,  514,  925,  746,  475,  762, 1212,  786,  468,  657, 1047,  829,  277,  490,  992,  786,  442,  541,  913,  698,  813,  208,  742,  807,  355,  666,  708,  831,  457,  735,  796,  476,  650,  933,  353,  656,  985,  722,  720,  874],
        [  744,    0,  660,  359,  753,  902,  650,  536,  798,  877,  358,  495,  771,  666,  497,  645,  702,    0,  409,  643,  896, 1113,  862,  318,  847,  245,  952,  661,  778,  851,  957,  880,  171,  518,  503,  776,  542,  767,  973,  553,  338,  327,  612,  952,  113,  764,  371,  883,  870,   34,  347,  245,  456,  501,  294,  423,  929,  724,  240,  908,  569,  919,  555,  224,  292,  608,  301,  893,  621,  787,  839,  557,  669,  218,  576,  402,  714,  574,  855,  576,  316,  260,  166,  930,  380,  386,  615,  177,  752,  838],
        [  528,    0,  284,  401,  475,  520,  823,  183,  674,  469,  599,  373,  456,  283,  537,  588,  810,  409,    0,  284,  488,  887,  455,  253,  438,  315,  645,  394,  382,  528,  667,  557,  277,  398,  423,  379,  223,  422,  765,  173,  154,  105,  826,  605,  322,  431,  174,  477,  524,  395,  532,  343,  119,  151,  358,   63,  524,  381,  436,  673,  238,  600,  552,  412,  471,  245,  399,  720,  213,  503,  507,  762,  340,  222,  509,  152,  411,  182,  722,  238,  100,  386,  268,  570,  628,  158,  216,  233,  450,  479],
        [  323,    0,  365,  462,  228,  262,  844,  109,  510,  346,  706,  325,  183,   60,  534,  496,  789,  643,  284,    0,  339,  635,  281,  535,  308,  456,  367,  183,  365,  247,  394,  276,  479,  335,  381,  172,  415,  139,  531,  113,  436,  386,  876,  323,  536,  150,  450,  296,  241,  639,  625,  478,  355,  145,  462,  237,  424,   99,  571,  430,  410,  320,  513,  554,  753,   40,  498,  514,  172,  246,  225,  815,   76,  495,  436,  244,  155,  117,  544,   72,  376,  509,  480,  291,  733,  261,  274,  478,  186,  199],
        [  612,    0,  315,  791,  494,  226, 1182,  405,  809,   44, 1030,  663,  416,  283,  872,  825, 1125,  896,  488,  339,    0,  814,   63,  680,   53,  760,  505,  496,  197,  414,  551,  427,  754,  673,  719,  170,  449,  345,  755,  368,  597,  579, 1212,  385,  804,  372,  586,   62,  354,  882,  951,  785,  473,  429,  780,  481,  107,  350,  882,  656,  426,  455,  850,  862,  911,  349,  818,  776,  277,  491,  390, 1151,  386,  700,  771,  539,  436,  338,  829,  401,  584,  822,  748,  327, 1058,  556,  300,  720,  442,  309],
        [  374,    0,  989,  772,  414,  589,  881,  710,  359,  849,  956,  618,  456,  675,  693,  524,  760, 1113,  887,  635,  814,    0,  758, 1132,  823,  869,  310,  494,  949,  414,  265,  394,  950,  596,  617,  693, 1049,  518,  141,  738, 1036,  975,  957,  432, 1004,  496, 1060,  753,  465, 1124,  886,  872,  982,  738,  827,  826,  920,  545,  921,  215, 1044,  361,  625,  921, 1319,  669,  835,  237,  801,  390,  441,  925,  563, 1054,  563,  771,  484,  750,  310,  655,  956,  871,  962,  489,  969,  778,  904, 1000,  450,  516],
        [  549,    0,  320,  738,  431,  175, 1124,  355,  746,   92,  979,  605,  353,  228,  814,  764, 1065,  862,  455,  281,   63,  758,    0,  663,   69,  714,  449,  434,  219,  355,  494,  369,  714,  614,  661,  110,  446,  282,  695,  322,  575,  552, 1156,  334,  766,  309,  568,   23,  296,  849,  900,  738,  455,  381,  730,  441,  167,  287,  835,  595,  425,  398,  791,  815,  895,  295,  768,  715,  243,  428,  329, 1095,  324,  673,  711,  492,  373,  294,  767,  346,  554,  774,  709,  276, 1007,  510,  286,  686,  379,  249],
        [  765,    0,  390,  522,  724,  757,  910,  435,  887,  650,  636,  567,  708,  528,  676,  773,  931,  318,  253,  535,  680, 1132,  663,    0,  627,  396,  897,  639,  520,  780,  918,  810,  304,  594,  606,  607,  253,  674, 1005,  423,  100,  157,  890,  855,  303,  683,   95,  685,  774,  288,  596,  418,  209,  402,  458,  309,  683,  633,  480,  917,  281,  853,  712,  455,  233,  496,  489,  951,  432,  753,  759,  829,  592,  126,  693,  365,  662,  427,  941,  490,  177,  458,  284,  816,  664,  361,  380,  211,  701,  728],
        [  599,    0,  265,  753,  482,  242, 1150,  365,  795,   38,  988,  630,  407,  250,  839,  801, 1097,  847,  438,  308,   53,  823,   69,  627,    0,  716,  514,  475,  154,  416,  559,  432,  706,  642,  688,  149,  398,  334,  756,  326,  545,  528, 1177,  401,  756,  362,  534,   83,  359,  832,  911,  742,  420,  386,  738,  433,  117,  333,  839,  655,  375,  463,  821,  818,  859,  314,  777,  770,  229,  483,  390, 1115,  363,  649,  744,  496,  420,  295,  819,  366,  533,  779,  700,  343, 1017,  513,  248,  670,  430,  311],
        [  502,    0,  598,  132,  523,  716,  524,  361,  556,  751,  284,  251,  552,  494,  285,  411,  536,  245,  315,  456,  760,  869,  714,  396,  716,    0,  723,  433,  690,  632,  724,  659,  100,  274,  260,  614,  522,  561,  729,  393,  348,  296,  517,  739,  141,  553,  389,  733,  660,  259,  220,   28,  415,  333,   63,  291,  817,  520,  124,  666,  542,  696,  331,  102,  492,  428,   95,  650,  491,  557,  623,  454,  463,  273,  337,  222,  493,  422,  614,  385,  271,   72,  119,  726,  314,  204,  525,  188,  529,  636],
        [  264,    0,  696,  666,  201,  280,  919,  463,  410,  540,  896,  492,  190,  393,  650,  517,  821,  952,  645,  367,  505,  310,  449,  897,  514,  723,    0,  292,  645,  121,   48,   93,  781,  480,  520,  389,  773,  232,  268,  479,  798,  744,  979,  128,  840,  217,  815,  444,  158,  955,  816,  736,  721,  497,  700,  591,  611,  269,  810,  186,  764,   53,  595,  801, 1107,  405,  722,  324,  518,  167,  146,  931,  306,  843,  510,  563,  242,  482,  402,  409,  730,  750,  788,  181,  917,  575,  617,  808,  203,  210],
        [  144,    0,  542,  387,   93,  347,  710,  223,  328,  512,  627,  215,  129,  240,  408,  331,  638,  661,  394,  183,  496,  494,  434,  639,  475,  433,  292,    0,  547,  205,  297,  230,  491,  212,  258,  328,  573,  171,  372,  259,  543,  483,  754,  317,  549,  150,  567,  444,  247,  666,  545,  446,  494,  247,  413,  333,  591,  149,  524,  279,  572,  264,  370,  514,  833,  202,  439,  339,  350,  126,  201,  698,  114,  567,  285,  282,   74,  279,  363,  171,  464,  463,  499,  318,  651,  293,  449,  523,  101,  243],
        [  684,    0,  133,  752,  576,  386, 1167,  378,  875,  155,  972,  660,  509,  307,  861,  853, 1130,  778,  382,  365,  197,  949,  219,  520,  154,  690,  645,  547,    0,  536,  686,  556,  659,  677,  718,  257,  273,  438,  868,  332,  451,  452, 1183,  541,  701,  464,  431,  236,  487,  758,  900,  717,  326,  386,  723,  400,  165,  424,  813,  766,  246,  592,  855,  789,  746,  354,  764,  869,  217,  585,  509, 1119,  435,  566,  786,  482,  506,  300,  906,  401,  464,  758,  649,  484, 1001,  498,  167,  605,  527,  435],
        [  238,    0,  579,  591,  131,  203,  890,  346,  422,  445,  830,  418,   81,  272,  600,  491,  803,  851,  528,  247,  414,  414,  355,  780,  416,  632,  121,  205,  536,    0,  154,   30,  681,  412,  456,  280,  653,  112,  341,  359,  681,  628,  941,  115,  740,   98,  696,  354,   67,  852,  748,  647,  601,  381,  616,  475,  520,  149,  728,  242,  644,   73,  553,  717,  993,  286,  643,  367,  398,  105,   27,  888,  191,  730,  466,  455,  139,  362,  430,  293,  615,  666,  687,  131,  853,  469,  498,  700,  105,  106],
        [  246,    0,  733,  659,  205,  326,  892,  484,  374,  585,  883,  486,  212,  424,  632,  491,  790,  957,  667,  394,  551,  265,  494,  918,  559,  724,   48,  297,  686,  154,    0,  131,  787,  471,  508,  430,  805,  264,  221,  504,  820,  764,  955,  176,  845,  245,  838,  490,  200,  962,  804,  735,  748,  517,  697,  610,  657,  297,  805,  144,  797,   97,  574,  798, 1124,  431,  717,  282,  551,  172,  180,  908,  328,  858,  491,  575,  258,  510,  361,  429,  748,  746,  795,  229,  903,  587,  651,  819,  218,  252],
        [  249,    0,  604,  615,  150,  209,  905,  376,  426,  460,  852,  442,  109,  300,  619,  504,  816,  880,  557,  276,  427,  394,  369,  810,  432,  659,   93,  230,  556,   30,  131,    0,  709,  434,  478,  300,  680,  140,  329,  389,  710,  658,  959,   97,  768,  127,  725,  366,   74,  881,  771,  674,  630,  411,  642,  505,  533,  178,  753,  232,  671,   44,  570,  743, 1023,  315,  668,  363,  425,  121,   53,  906,  220,  760,  484,  484,  167,  391,  430,  323,  645,  692,  715,  126,  875,  498,  524,  730,  131,  122],
        [  578,    0,  554,  231,  583,  740,  608,  374,  649,  739,  343,  334,  601,  506,  384,  508,  630,  171,  277,  479,  754,  950,  714,  304,  706,  100,  781,  491,  659,  681,  787,  709,    0,  359,  352,  621,  460,  598,  812,  396,  270,  228,  591,  782,   59,  595,  311,  734,  701,  177,  294,  117,  358,  341,  163,  274,  798,  555,  181,  742,  483,  748,  431,  155,  394,  446,  189,  737,  478,  617,  668,  529,  500,  179,  433,  236,  543,  421,  706,  409,  207,  155,   20,  762,  372,  219,  493,   93,  581,  670],
        [  235,    0,  633,  188,  286,  553,  511,  300,  296,  680,  419,   27,  340,  393,  202,  191,  456,  518,  398,  335,  673,  596,  614,  594,  642,  274,  480,  212,  677,  412,  471,  434,  359,    0,   48,  505,  616,  378,  456,  347,  513,  449,  548,  526,  411,  360,  548,  628,  458,  531,  337,  277,  516,  299,  233,  339,  757,  348,  335,  396,  625,  463,  179,  331,  744,  330,  247,  378,  461,  318,  412,  490,  297,  491,  114,  247,  285,  378,  351,  280,  424,  280,  374,  529,  441,  244,  540,  423,  310,  452],
        [  267,    0,  669,  157,  328,  600,  464,  340,  297,  725,  377,   59,  386,  438,  155,  168,  413,  503,  423,  381,  719,  617,  661,  606,  688,  260,  520,  258,  718,  456,  508,  478,  352,   48,    0,  551,  644,  424,  476,  387,  530,  465,  501,  570,  400,  406,  566,  674,  504,  519,  297,  259,  542,  336,  212,  367,  802,  395,  306,  424,  655,  505,  137,  305,  743,  375,  219,  391,  501,  360,  457,  442,  344,  497,   88,  273,  331,  419,  355,  323,  440,  255,  368,  575,  399,  267,  577,  424,  356,  499],
        [  450,    0,  317,  632,  334,  156, 1015,  253,  646,  185,  873,  495,  260,  121,  705,  656,  956,  776,  379,  172,  170,  693,  110,  607,  149,  614,  389,  328,  257,  280,  430,  300,  621,  505,  551,    0,  419,  188,  616,  226,  513,  480, 1047,  292,  676,  215,  514,  125,  232,  767,  794,  637,  402,  283,  626,  354,  264,  184,  733,  514,  403,  336,  681,  714,  838,  189,  664,  624,  176,  337,  253,  986,  216,  600,  602,  393,  271,  203,  670,  238,  478,  671,  619,  239,  901,  411,  253,  602,  283,  179],
        [  715,    0,  141,  620,  638,  574, 1040,  351,  879,  414,  800,  592,  596,  381,  759,  806, 1032,  542,  223,  415,  449, 1049,  446,  253,  398,  522,  773,  573,  273,  653,  805,  680,  460,  616,  644,  419,    0,  542,  940,  315,  204,  233, 1038,  701,  488,  560,  173,  467,  628,  517,  741,  549,  108,  333,  572,  278,  437,  508,  636,  842,   28,  723,  775,  610,  474,  381,  612,  910,  257,  660,  628,  975,  487,  324,  728,  373,  566,  300,  923,  402,  255,  593,  445,  652,  830,  380,  167,  385,  600,  576],
        [  268,    0,  472,  540,  149,  177,  880,  244,  465,  368,  784,  377,   73,  161,  577,  497,  807,  767,  422,  139,  345,  518,  282,  674,  334,  561,  232,  171,  438,  112,  264,  140,  598,  378,  424,  188,  542,    0,  431,  252,  575,  525,  923,  187,  657,   28,  588,  287,  105,  765,  702,  579,  491,  280,  554,  373,  447,   44,  666,  328,  534,  182,  540,  652,  891,  178,  585,  437,  287,  149,   88,  866,   99,  631,  455,  365,   99,  252,  485,  194,  513,  603,  601,  166,  809,  381,  388,  608,   98,   77],
        [  241,    0,  893,  631,  304,  537,  759,  593,  227,  786,  818,  479,  361,  577,  555,  387,  642,  973,  765,  531,  755,  141,  695, 1005,  756,  729,  268,  372,  868,  341,  221,  329,  812,  456,  476,  616,  940,  431,    0,  626,  911,  849,  832,  395,  865,  405,  937,  694,  402,  986,  747,  732,  866,  619,  686,  703,  861,  449,  780,  103,  938,  309,  487,  780, 1185,  561,  694,  104,  701,  287,  367,  796,  456,  922,  423,  641,  377,  642,  186,  540,  829,  731,  825,  445,  831,  648,  804,  865,  347,  447],
        [  402,    0,  293,  429,  325,  353,  837,   47,  575,  362,  663,  328,  292,  115,  530,  528,  798,  553,  173,  113,  368,  738,  322,  423,  326,  393,  479,  259,  332,  359,  504,  389,  396,  347,  387,  226,  315,  252,  626,    0,  324,  276,  858,  433,  451,  262,  337,  341,  352,  544,  586,  418,  246,   61,  413,  132,  432,  211,  515,  528,  314,  432,  523,  494,  643,   74,  452,  597,  115,  348,  338,  795,  177,  389,  458,  171,  255,   33,  615,   88,  268,  455,  393,  398,  692,  189,  199,  381,  291,  307],
        [  672,    0,  326,  465,  626,  662,  872,  336,  803,  570,  613,  487,  609,  430,  616,  698,  880,  338,  154,  436,  597, 1036,  575,  100,  545,  348,  798,  543,  451,  681,  820,  710,  270,  513,  530,  513,  204,  575,  911,  324,    0,   65,  860,  756,  289,  584,   42,  597,  675,  314,  562,  373,  127,  303,  406,  211,  610,  533,  450,  822,  231,  753,  645,  424,  325,  397,  442,  860,  339,  655,  660,  797,  493,  120,  617,  275,  563,  329,  854,  391,   90,  416,  253,  718,  642,  274,  299,  186,  602,  629],
        [  609,    0,  335,  407,  568,  623,  819,  283,  738,  556,  569,  422,  554,  387,  555,  633,  822,  327,  105,  386,  579,  975,  552,  157,  528,  296,  744,  483,  452,  628,  764,  658,  228,  449,  465,  480,  233,  525,  849,  276,   65,    0,  811,  709,  258,  532,  102,  574,  627,  308,  513,  322,  133,  248,  351,  154,  604,  482,  405,  761,  256,  701,  583,  379,  367,  347,  389,  796,  310,  597,  609,  748,  439,  122,  553,  211,  507,  286,  790,  336,   27,  366,  213,  674,  598,  209,  290,  156,  546,  583],
        [  716,    0, 1106,  432,  811, 1099,   86,  815,  607, 1214,  256,  553,  878,  930,  347,  465,  213,  612,  826,  876, 1212,  957, 1156,  890, 1177,  517,  979,  754, 1183,  941,  955,  959,  591,  548,  501, 1047, 1038,  923,  832,  858,  860,  811,    0, 1054,  588,  904,  901, 1171,  996,  644,  299,  490,  932,  800,  469,  790, 1288,  895,  412,  832, 1058,  978,  389,  437,  901,  864,  428,  729,  971,  838,  946,   65,  844,  766,  476,  702,  828,  891,  649,  812,  787,  446,  610, 1067,  232,  687, 1026,  682,  847,  996],
        [  345,    0,  608,  703,  244,  160, 1001,  430,  517,  423,  943,  532,  190,  330,  714,  600,  911,  952,  605,  323,  385,  432,  334,  855,  401,  739,  128,  317,  541,  115,  176,   97,  782,  526,  570,  292,  701,  187,  395,  433,  756,  709, 1054,    0,  841,  188,  767,  326,   83,  951,  861,  756,  664,  466,  726,  559,  490,  231,  839,  307,  688,   90,  666,  827, 1076,  362,  754,  444,  445,  217,  118, 1002,  284,  817,  579,  551,  249,  429,  516,  381,  699,  777,  787,   59,  967,  566,  538,  795,  217,  128],
        [  633,    0,  591,  267,  641,  797,  612,  431,  696,  788,  334,  387,  660,  562,  415,  550,  646,  113,  322,  536,  804, 1004,  766,  303,  756,  141,  840,  549,  701,  740,  845,  768,   59,  411,  400,  676,  488,  657,  865,  451,  289,  258,  588,  841,    0,  654,  328,  787,  760,  121,  298,  149,  390,  397,  198,  325,  845,  614,  181,  797,  512,  807,  467,  158,  357,  503,  215,  788,  528,  675,  727,  528,  559,  180,  477,  294,  602,  475,  754,  467,  240,  176,   58,  821,  361,  277,  535,  104,  640,  729],
        [  242,    0,  494,  526,  122,  198,  859,  250,  438,  395,  770,  360,   46,  180,  558,  473,  784,  764,  431,  150,  372,  496,  309,  683,  362,  553,  217,  150,  464,   98,  245,  127,  595,  360,  406,  215,  560,   28,  405,  262,  584,  532,  904,  188,  654,    0,  599,  314,  108,  764,  688,  571,  505,  285,  544,  379,  474,   52,  656,  303,  552,  170,  519,  643,  897,  189,  574,  410,  307,  122,   78,  847,   97,  635,  434,  364,   77,  266,  458,  198,  519,  593,  599,  175,  795,  379,  409,  609,   71,   93],
        [  699,    0,  303,  505,  648,  665,  913,  355,  835,  557,  654,  522,  626,  438,  655,  734,  921,  371,  174,  450,  586, 1060,  568,   95,  534,  389,  815,  567,  431,  696,  838,  725,  311,  548,  566,  514,  173,  588,  937,  337,   42,  102,  901,  767,  328,  599,    0,  591,  687,  346,  603,  415,  114,  323,  447,  235,  593,  548,  491,  846,  200,  769,  684,  465,  327,  411,  483,  889,  338,  676,  674,  838,  510,  154,  654,  307,  583,  338,  886,  410,  128,  457,  293,  726,  682,  307,  287,  225,  622,  639],
        [  555,    0,  340,  755,  436,  166, 1138,  373,  752,   98,  996,  619,  357,  244,  828,  774, 1077,  883,  477,  296,   62,  753,   23,  685,   83,  733,  444,  444,  236,  354,  490,  366,  734,  628,  674,  125,  467,  287,  694,  341,  597,  574, 1171,  326,  787,  314,  591,    0,  293,  871,  917,  757,  477,  400,  748,  462,  168,  296,  854,  595,  446,  394,  803,  834,  917,  312,  786,  716,  265,  432,  329, 1110,  336,  695,  722,  511,  381,  314,  770,  362,  576,  792,  730,  268, 1024,  529,  308,  707,  384,  249],
        [  301,    0,  542,  631,  188,  137,  947,  347,  488,  387,  873,  462,  119,  251,  652,  551,  864,  870,  524,  241,  354,  465,  296,  774,  359,  660,  158,  247,  487,   67,  200,   74,  701,  458,  504,  232,  628,  105,  402,  352,  675,  627,  996,   83,  760,  108,  687,  293,    0,  869,  791,  678,  586,  383,  650,  476,  460,  148,  762,  305,  617,  105,  608,  750,  993,  280,  679,  433,  371,  167,   51,  941,  202,  734,  522,  469,  175,  349,  496,  299,  616,  700,  705,   72,  897,  484,  467,  712,  149,   54],
        [  754,    0,  638,  379,  758,  896,  682,  531,  815,  861,  390,  507,  772,  658,  521,  665,  732,   34,  395,  639,  882, 1124,  849,  288,  832,  259,  955,  666,  758,  852,  962,  881,  177,  531,  519,  767,  517,  765,  986,  544,  314,  308,  644,  951,  121,  764,  346,  871,  869,    0,  376,  263,  435,  495,  313,  414,  911,  722,  267,  917,  544,  921,  578,  249,  261,  603,  323,  908,  607,  792,  839,  589,  668,  195,  594,  400,  716,  565,  872,  572,  299,  282,  167,  927,  413,  385,  597,  165,  754,  835],
        [  560,    0,  815,  164,  622,  872,  315,  547,  534,  948,   83,  330,  674,  673,  196,  367,  356,  347,  532,  625,  951,  886,  900,  596,  911,  220,  816,  545,  900,  748,  804,  771,  294,  337,  297,  794,  741,  702,  747,  586,  562,  513,  299,  861,  298,  688,  603,  917,  791,  376,    0,  192,  635,  526,  177,  502, 1017,  667,  117,  710,  761,  800,  265,  142,  637,  606,  136,  651,  693,  655,  746,  236,  611,  471,  325,  420,  616,  618,  590,  556,  489,  149,  314,  861,  109,  404,  738,  386,  645,  778],
        [  509,    0,  626,  119,  535,  737,  499,  385,  553,  777,  257,  256,  568,  517,  269,  403,  514,  245,  343,  478,  785,  872,  738,  418,  742,   28,  736,  446,  717,  647,  735,  674,  117,  277,  259,  637,  549,  579,  732,  418,  373,  322,  490,  756,  149,  571,  415,  757,  678,  263,  192,    0,  443,  358,   50,  318,  843,  539,   98,  672,  569,  710,  319,   77,  504,  451,   73,  650,  517,  569,  639,  427,  481,  294,  332,  247,  508,  448,  611,  406,  297,   44,  137,  744,  286,  229,  553,  208,  544,  655],
        [  633,    0,  204,  513,  568,  555,  933,  273,  787,  445,  695,  491,  536,  335,  653,  706,  925,  456,  119,  355,  473,  982,  455,  209,  420,  415,  721,  494,  326,  601,  748,  630,  358,  516,  542,  402,  108,  491,  866,  246,  127,  133,  932,  664,  390,  505,  114,  477,  586,  435,  635,  443,    0,  248,  465,  178,  484,  453,  531,  770,  127,  673,  670,  505,  441,  318,  505,  827,  227,  593,  578,  868,  422,  242,  627,  270,  499,  240,  834,  327,  152,  487,  344,  621,  725,  276,  174,  289,  536,  537],
        [  386,    0,  334,  370,  326,  401,  781,   37,  546,  422,  603,  279,  307,  166,  475,  486,  746,  501,  151,  145,  429,  738,  381,  402,  386,  333,  497,  247,  386,  381,  517,  411,  341,  299,  336,  283,  333,  280,  619,   61,  303,  248,  800,  466,  397,  285,  323,  400,  383,  495,  526,  358,  248,    0,  352,   95,  492,  237,  455,  525,  337,  453,  473,  434,  613,  108,  392,  580,  171,  353,  362,  737,  191,  352,  412,  112,  261,   93,  591,   89,  235,  394,  340,  436,  631,  129,  242,  334,  300,  344],
        [  466,    0,  639,   70,  500,  717,  469,  376,  504,  774,  251,  214,  538,  505,  222,  353,  475,  294,  358,  462,  780,  827,  730,  458,  738,   63,  700,  413,  723,  616,  697,  642,  163,  233,  212,  626,  572,  554,  686,  413,  406,  351,  469,  726,  198,  544,  447,  748,  650,  313,  177,   50,  465,  352,    0,  325,  842,  515,  113,  629,  591,  676,  270,  102,  553,  438,   42,  602,  518,  534,  610,  404,  458,  335,  282,  244,  479,  444,  562,  391,  325,   51,  182,  718,  280,  228,  562,  251,  512,  630],
        [  466,    0,  317,  360,  416,  485,  781,  130,  611,  467,  573,  314,  401,  247,  488,  529,  762,  423,   63,  237,  481,  826,  441,  309,  433,  291,  591,  333,  400,  475,  610,  505,  274,  339,  367,  354,  278,  373,  703,  132,  211,  154,  790,  559,  325,  379,  235,  462,  476,  414,  502,  318,  178,   95,  325,    0,  528,  330,  415,  612,  289,  548,  498,  391,  519,  198,  366,  657,  205,  445,  456,  726,  286,  259,  451,   96,  354,  152,  659,  183,  141,  359,  269,  527,  602,  107,  237,  250,  393,  435],
        [  713,    0,  297,  861,  595,  332, 1263,  474,  909,   80, 1093,  744,  518,  365,  953,  917, 1212,  929,  524,  424,  107,  920,  167,  683,  117,  817,  611,  591,  165,  520,  657,  533,  798,  757,  802,  264,  437,  447,  861,  432,  610,  604, 1288,  490,  845,  474,  593,  168,  460,  911, 1017,  843,  484,  492,  842,  528,    0,  448,  940,  761,  411,  561,  936,  918,  910,  428,  882,  881,  326,  594,  496, 1226,  479,  722,  859,  599,  535,  400,  931,  479,  613,  882,  790,  432, 1122,  616,  315,  753,  543,  415],
        [  266,    0,  446,  504,  153,  207,  855,  201,  462,  368,  749,  345,   90,  131,  549,  480,  786,  724,  381,   99,  350,  545,  287,  633,  333,  520,  269,  149,  424,  149,  297,  178,  555,  348,  395,  184,  508,   44,  449,  211,  533,  482,  895,  231,  614,   52,  548,  296,  148,  722,  667,  539,  453,  237,  515,  330,  448,    0,  627,  347,  501,  221,  516,  613,  848,  137,  547,  446,  257,  163,  127,  837,   58,  588,  433,  322,   87,  214,  488,  151,  471,  564,  559,  207,  774,  338,  359,  564,  104,  117],
        [  569,    0,  719,  149,  610,  828,  432,  481,  583,  874,  165,  320,  650,  613,  263,  422,  468,  240,  436,  571,  882,  921,  835,  480,  839,  124,  810,  524,  813,  728,  805,  753,  181,  335,  306,  733,  636,  666,  780,  515,  450,  405,  412,  839,  181,  656,  491,  854,  762,  267,  117,   98,  531,  455,  113,  415,  940,  627,    0,  729,  657,  787,  325,   26,  525,  546,   89,  690,  615,  644,  722,  350,  570,  355,  362,  344,  591,  545,  641,  500,  382,   63,  199,  830,  195,  327,  648,  271,  624,  743],
        [  164,    0,  791,  580,  204,  441,  765,  498,  236,  685,  786,  416,  259,  475,  527,  370,  657,  908,  673,  430,  656,  215,  595,  917,  655,  666,  186,  279,  766,  242,  144,  232,  742,  396,  424,  514,  842,  328,  103,  528,  822,  761,  832,  307,  797,  303,  846,  595,  305,  917,  710,  672,  770,  525,  629,  612,  761,  347,  729,    0,  838,  218,  463,  726, 1105,  461,  641,  139,  600,  186,  266,  789,  356,  840,  387,  556,  276,  543,  219,  443,  742,  676,  753,  353,  803,  564,  702,  788,  246,  347],
        [  715,    0,  114,  637,  635,  558, 1058,  353,  883,  390,  822,  601,  590,  373,  774,  815, 1047,  569,  238,  410,  426, 1044,  425,  281,  375,  542,  764,  572,  246,  644,  797,  671,  483,  625,  655,  403,   28,  534,  938,  314,  231,  256, 1058,  688,  512,  552,  200,  446,  617,  544,  761,  569,  127,  337,  591,  289,  411,  501,  657,  838,    0,  713,  787,  632,  501,  378,  631,  911,  247,  655,  619,  994,  483,  351,  738,  384,  563,  296,  926,  402,  277,  613,  468,  639,  851,  393,  151,  409,  595,  564],
        [  263,    0,  644,  647,  179,  231,  922,  419,  428,  489,  881,  473,  150,  342,  643,  520,  829,  919,  600,  320,  455,  361,  398,  853,  463,  696,   53,  264,  592,   73,   97,   44,  748,  463,  505,  336,  723,  182,  309,  432,  753,  701,  978,   90,  807,  170,  769,  394,  105,  921,  800,  710,  673,  453,  676,  548,  561,  221,  787,  218,  713,    0,  591,  777, 1065,  358,  701,  354,  466,  146,   95,  928,  263,  802,  505,  525,  206,  434,  426,  365,  688,  726,  755,  136,  903,  538,  565,  771,  168,  158],
        [  331,    0,  805,  201,  423,  716,  340,  477,  270,  858,  331,  196,  492,  571,   69,  103,  277,  555,  552,  513,  850,  625,  791,  712,  821,  331,  595,  370,  855,  553,  574,  570,  431,  179,  137,  681,  775,  540,  487,  523,  645,  583,  389,  666,  467,  519,  684,  803,  608,  578,  265,  319,  670,  473,  270,  498,  936,  516,  325,  463,  787,  591,    0,  335,  822,  509,  255,  389,  638,  450,  559,  337,  469,  595,   87,  403,  443,  555,  326,  458,  557,  296,  450,  679,  344,  395,  714,  515,  460,  611],
        [  565,    0,  694,  149,  601,  812,  457,  461,  588,  853,  191,  314,  638,  594,  275,  429,  490,  224,  412,  554,  862,  921,  815,  455,  818,  102,  801,  514,  789,  717,  798,  743,  155,  331,  305,  714,  610,  652,  780,  494,  424,  379,  437,  827,  158,  643,  465,  834,  750,  249,  142,   77,  505,  434,  102,  391,  918,  613,   26,  726,  632,  777,  335,    0,  506,  528,   87,  692,  593,  635,  710,  376,  555,  330,  366,  323,  579,  524,  646,  482,  356,   52,  173,  817,  220,  306,  624,  245,  613,  728],
        [  945,    0,  614,  622,  923,  986,  942,  648, 1039,  880,  649,  718,  917,  753,  771,  902,  992,  292,  471,  753,  911, 1319,  895,  233,  859,  492, 1107,  833,  746,  993, 1124, 1023,  394,  744,  743,  838,  474,  891, 1185,  643,  325,  367,  901, 1076,  357,  897,  327,  917,  993,  261,  637,  504,  441,  613,  553,  519,  910,  848,  525, 1105,  501, 1065,  822,  506,    0,  714,  571, 1119,  663,  954,  974,  848,  803,  267,  826,  552,  867,  651, 1095,  700,  378,  531,  376, 1040,  671,  542,  612,  322,  906,  950],
        [  344,    0,  341,  444,  257,  295,  836,   73,  527,  352,  685,  317,  219,   68,  525,  500,  786,  608,  245,   40,  349,  669,  295,  496,  314,  428,  405,  202,  354,  286,  431,  315,  446,  330,  375,  189,  381,  178,  561,   74,  397,  347,  864,  362,  503,  189,  411,  312,  280,  603,  606,  451,  318,  108,  438,  198,  428,  137,  546,  461,  378,  358,  509,  528,  714,    0,  475,  538,  149,  279,  264,  802,  106,  457,  436,  211,  186,   82,  564,   52,  337,  484,  446,  329,  713,  229,  248,  441,  220,  237],
        [  481,    0,  680,   63,  523,  750,  431,  414,  503,  813,  212,  232,  565,  543,  200,  346,  442,  301,  399,  498,  818,  835,  768,  489,  777,   95,  722,  439,  764,  643,  717,  668,  189,  247,  219,  664,  612,  585,  694,  452,  442,  389,  428,  754,  215,  574,  483,  786,  679,  323,  136,   73,  505,  392,   42,  366,  882,  547,   89,  641,  631,  701,  255,   87,  571,  475,    0,  606,  558,  557,  637,  364,  490,  366,  280,  284,  506,  483,  561,  427,  363,   42,  209,  748,  240,  268,  603,  281,  539,  662],
        [  196,    0,  878,  544,  293,  570,  656,  559,  124,  803,  719,  403,  364,  567,  457,  287,  541,  893,  720,  514,  776,  237,  715,  951,  770,  650,  324,  339,  869,  367,  282,  363,  737,  378,  391,  624,  910,  437,  104,  597,  860,  796,  729,  444,  788,  410,  889,  716,  433,  908,  651,  650,  827,  580,  602,  657,  881,  446,  690,  139,  911,  354,  389,  692, 1119,  538,  606,    0,  685,  288,  390,  693,  439,  859,  330,  586,  364,  618,   86,  509,  775,  644,  751,  487,  732,  590,  785,  797,  343,  469],
        [  492,    0,  194,  540,  398,  329,  951,  162,  675,  262,  768,  443,  346,  127,  645,  640,  913,  621,  213,  172,  277,  801,  243,  432,  229,  491,  518,  350,  217,  398,  551,  425,  478,  461,  501,  176,  257,  287,  701,  115,  339,  310,  971,  445,  528,  307,  338,  265,  371,  607,  693,  517,  227,  171,  518,  205,  326,  257,  615,  600,  247,  466,  638,  593,  663,  149,  558,  685,    0,  415,  373,  907,  247,  431,  571,  274,  325,   83,  712,  189,  312,  557,  472,  399,  798,  291,  103,  444,  355,  319],
