{
    "name": "random-91-13746",
    "comment": "size=91 seed=13746",
    "nodes": ["+0", "-0", "+1", "-1", "+2", "-2", "+3", "-3", "+4", "-4", "+5", "-5", "+6", "-6", "+7", "-7", "+8", "-8", "+9", "-9", "+10", "-10", "+11", "-11", "+12", "-12", "+13", "-13", "+14", "-14", "+15", "-15", "+16", "-16", "+17", "-17", "+18", "-18", "+19", "-19", "+20", "-20", "+21", "-21", "+22", "-22", "+23", "-23", "+24", "-24", "+25", "-25", "+26", "-26", "+27", "-27", "+28", "-28", "+29", "-29", "+30", "-30", "+31", "-31", "+32", "-32", "+33", "-33", "+34", "-34", "+35", "-35", "+36", "-36", "+37", "-37", "+38", "-38", "+39", "-39", "+40", "-40", "+41", "-41", "+42", "-42", "+43", "-43", "+44", "-44", "+45", "-45", "+46", "-46", "+47", "-47", "+48", "-48", "+49", "-49", "+50", "-50", "+51", "-51", "+52", "-52", "+53", "-53", "+54", "-54", "+55", "-55", "+56", "-56", "+57", "-57", "+58", "-58", "+59", "-59", "+60", "-60", "+61", "-61", "+62", "-62", "+63", "-63", "+64", "-64", "+65", "-65", "+66", "-66", "+67", "-67", "+68", "-68", "+69", "-69", "+70", "-70", "+71", "-71", "+72", "-72", "+73", "-73", "+74", "-74", "+75", "-75", "+76", "-76", "+77", "-77", "+78", "-78", "+79", "-79", "+80", "-80", "+81", "-81", "+82", "-82", "+83", "-83", "+84", "-84", "+85", "-85", "+86", "-86", "+87", "-87", "+88", "-88", "+89", "-89", "+90", "-90", "+91", "-91"],
    "precedence": {
        "+0": "-0",
        "+1": "-1",
        "+2": "-2",
        "+3": "-3",
        "+4": "-4",
        "+5": "-5",
        "+6": "-6",
        "+7": "-7",
        "+8": "-8",
        "+9": "-9",
        "+10": "-10",
        "+11": "-11",
        "+12": "-12",
        "+13": "-13",
        "+14": "-14",
        "+15": "-15",
        "+16": "-16",
        "+17": "-17",
        "+18": "-18",
        "+19": "-19",
        "+20": "-20",
        "+21": "-21",
        "+22": "-22",
        "+23": "-23",
        "+24": "-24",
        "+25": "-25",
        "+26": "-26",
        "+27": "-27",
        "+28": "-28",
        "+29": "-29",
        "+30": "-30",
        "+31": "-31",
        "+32": "-32",
        "+33": "-33",
        "+34": "-34",
        "+35": "-35",
        "+36": "-36",
        "+37": "-37",
        "+38": "-38",
        "+39": "-39",
        "+40": "-40",
        "+41": "-41",
        "+42": "-42",
        "+43": "-43",
        "+44": "-44",
        "+45": "-45",
        "+46": "-46",
        "+47": "-47",
        "+48": "-48",
        "+49": "-49",
        "+50": "-50",
        "+51": "-51",
        "+52": "-52",
        "+53": "-53",
        "+54": "-54",
        "+55": "-55",
        "+56": "-56",
        "+57": "-57",
        "+58": "-58",
        "+59": "-59",
        "+60": "-60",
        "+61": "-61",
        "+62": "-62",
        "+63": "-63",
        "+64": "-64",
        "+65": "-65",
        "+66": "-66",
        "+67": "-67",
        "+68": "-68",
        "+69": "-69",
        "+70": "-70",
        "+71": "-71",
        "+72": "-72",
        "+73": "-73",
        "+74": "-74",
        "+75": "-75",
        "+76": "-76",
        "+77": "-77",
        "+78": "-78",
        "+79": "-79",
        "+80": "-80",
        "+81": "-81",
        "+82": "-82",
        "+83": "-83",
        "+84": "-84",
        "+85": "-85",
        "+86": "-86",
        "+87": "-87",
        "+88": "-88",
        "+89": "-89",
        "+90": "-90",
        "+91": "-91"
    },
    "edges": [
        [    0,    0, 1181,  853,  875, 1205, 1377,  668,  354, 1000,  789,  851,  514,  827,  871,  588,  671,  969,  684,  489,  797,  506, 1064,  853,  830,  933,  760,  881,   96, 1027,  170,  453, 1193,  430,  703,  705,  945,  496,  726, 1120,  844,  811,  363, 1067,  947,  598, 1105,  112,  661, 1067,  922,  398,  396,  611,  947, 1128,  730,  607,  181,   55,  301,  576, 1103,  773,  835,  893,  703,  394,  360, 1097,  319, 1139,  821,  576,  112,  652,  245,  816,  973,  257,  708,  735,  797,  487,  848,  633,  594,  445,  844,  898,  496,  969,  598,  533,  703,  788,  705,  850,  881, 1018, 1183,  559,  807,  925, 1114,  971,  529,  487,  953,  573,  216,  809, 1185,  821,  633, 1088,  790,  978,  576,  993,  560,  476,  326,  229,  938,  902,  307,  737,  970,  922,  826,  368,  789, 1208,  977, 1004, 1058,  531,  753,  208,  928,  990, 1052, 1226,  394,  465,  845,  924,  344,  834,  993,  720,  954,  946,  534, 1147,  415,  545,  363,  832,  344,  971,  679,  933, 1190,  460,  144,  936,  717,  750,  711,  368, 1040,  403,  625,  433, 1197,  895,  835,  282,  702,  710,  544,  750],
        [    0,    0,    0,    0,    0,    0,    0,    0,    0,    0,    0,    0,    0,    0,    0,    0,    0,    0,    0,    0,    0,    0,    0,    0,    0,    0,    0,    0,    0,    0,    0,    0,    0,    0,    0,    0,    0,    0,    0,    0,    0,    0,    0,    0,    0,    0,    0,    0,    0,    0,    0,    0,    0,    0,    0,    0,    0,    0,    0,    0,    0,    0,    0,    0,    0,    0,    0,    0,    0,    0,    0,    0,    0,    0,    0,    0,    0,    0,    0,    0,    0,    0,    0,    0,    0,    0,    0,    0,    0,    0,    0,    0,    0,    0,    0,    0,    0,    0,    0,    0,    0,    0,    0,    0,    0,    0,    0,    0,    0,    0,    0,    0,    0,    0,    0,    0,    0,    0,    0,    0,    0,    0,    0,    0,    0,    0,    0,    0,    0,    0,    0,    0,    0,    0,    0,    0,    0,    0,    0,    0,    0,    0,    0,    0,    0,    0,    0,    0,    0,    0,    0,    0,    0,    0,    0,    0,    0,    0,    0,    0,    0,    0,    0,    0,    0,    0,    0,    0,    0,    0,    0,    0,    0,    0,    0,    0,    0,    0,    0,    0,    0,    0,    0,    0],
        [ 1181,    0,    0,  745,  328,  125,  216,  523,  918,  539,  393,  551,  768,  756,  611,  600,  628,  525,  804,  845,  842,  923,  352,  631,  528,  862,  770,  376, 1116,  246, 1022,  804,  179,  830,  549,  595,  657,  775,  639,  221,  338,  619,  983,  124,  778,  821,  337, 1076,  538,  248,  262,  892,  867,  619,  341,  225,  604,  859, 1003, 1159,  881,  885,  290,  639,  767,  323,  479,  835,  825,  172,  919,  163,  422,  610, 1080,  563, 1021,  396,  637,  928,  747,  476,  593,  710,  351,  788,  807,  797,  767,  448,  872,  537,  775,  649,  511,  802,  546,  332,  327,  506,  193,  789,  444,  601,  113,  272,  655,  835,  497,  697,  983,  633,  129,  379,  788,  298,  396,  502,  684,  735,  900,  744,  901, 1004,  457,  364,  888,  575,  568,  809,  599,  814,  575,   89,  760,  256,  226,  724,  673,  975,  606,  269,  415,   86,  848,  772,  528,  887,  853,  397,  219,  543,  872,  420,  665,   34,  770,  687,  835,  829,  859,  898,  914,  532,   48,  728, 1048,  760,  566,  433,  637,  937,  553,  801,  567,  818,  279,  392,  600,  925,  480,  480,  784,  509],
        [  853,    0,  745,    0,  668,  676,  836,  609,  500,  242,  536,  202,  361, 1062,  976,  484,  808,  236,  997,  366,  109,  364,  419,  116,  235,  140,   94,  755,  849,  499,  698,  421,  627,  795,  331,  266,  124,  381,  197,  548,  566,  934,  501,  706,  100,  256,  454,  751,  435,  836,  567,  456,  809,  712,  799,  550,  229,  256,  743,  868,  658,  291,  487,  920, 1076,  699,  556,  757,  653,  801,  541,  602,  382,  495,  808,  397,  610,  433, 1072,  704,  964,  667,  898,  481,  652,  942,  928,  763, 1082,  301,  910,  227,  899,  530,  674,   83,  333,  585,  681, 1003,  610,  878,  360,  155,  767,  482,  521,  368,  255,  335,  767,  945,  840,  651,  942,  473,  597,  970,  766,  141,  311,  716,  776,  821,  290,  769,  716,  819,  203,   95,  930,  616,  872,  824, 1165,  777,  809,  765,  140,  692, 1015,  480,  364,  726,  778,  750,  880,  156,  558,  406,  543,  317,  160,  874,  457,  723,  628,  725,  546,   86,  721,  187,  232,  218,  718,  519,  719, 1138,  288,  516,  215,  869,  261,  701,  617,  441,  563,  366,  154,  591,  527,  469,  318,  330],
        [  875,    0,  328,  668,    0,  398,  541,  208,  659,  554,  140,  475,  540,  485,  356,  327,  307,  524,  499,  622,  736,  714,  437,  559,  437,  806,  652,   95,  803,  312,  725,  557,  417,  504,  364,  430,  630,  540,  497,  383,  103,  339,  734,  204,  739,  637,  455,  775,  296,  207,  141,  643,  542,  292,  132,  392,  457,  681,  695,  848,  576,  697,  419,  347,  499,   32,  186,  512,  516,  223,  648,  363,  288,  332,  769,  335,  746,  236,  428,  619,  444,  150,  306,  437,   29,  473,  487,  471,  501,  398,  546,  535,  454,  359,  185,  694,  361,   84,   13,  338,  417,  465,  309,  568,  242,  270,  367,  610,  487,  479,  669,  353,  310,   55,  473,  413,   97,  309,  357,  721,  707,  420,  580,  684,  438,  103,  574,  263,  563,  755,  325,  511,  282,  336,  540,  139,  191,  397,  549,  673,  377,  291,  480,  395,  523,  446,  256,  824,  568,  266,  234,  370,  823,  209,  400,  295,  461,  361,  552,  738,  542,  851,  761,  508,  351,  444,  751,  525,  400,  175,  486,  610,  589,  482,  251,  565,  479,  330,  517,  640,  201,  235,  573,  346],
        [ 1205,    0,  125,  676,  398,    0,  178,  570,  916,  452,  424,  493,  755,  858,  714,  618,  704,  445,  892,  827,  778,  897,  261,  567,  479,  781,  714,  464, 1148,  196, 1040,  799,   59,  884,  533,  567,  575,  765,  599,  129,  376,  716,  973,  214,  696,  787,  236, 1096,  546,  364,  293,  885,  920,  679,  442,  128,  567,  821, 1030, 1188,  909,  850,  194,  732,  870,  402,  516,  883,  857,  290,  923,   77,  402,  629, 1109,  562, 1025,  393,  750,  958,  836,  538,  687,  722,  415,  869,  884,  850,  870,  392,  940,  456,  851,  674,  572,  740,  530,  377,  401,  623,   76,  861,  422,  525,  228,  243,  677,  819,  422,  683, 1017,  730,  253,  443,  869,  206,  444,  615,  748,  647,  868,  794,  945, 1044,  389,  456,  924,  658,  485,  729,  698,  841,  666,  209,  873,  359,  339,  784,  624,  998,  715,  229,  323,   55,  898,  825,  626,  808,  866,  383,  212,  522,  790,  526,  675,  135,  803,  744,  848,  761,  899,  813,  865,  458,   78,  745, 1067,  870,  541,  459,  601,  992,  458,  843,  613,  815,  159,  351,  540,  936,  509,  495,  763,  488],
        [ 1377,    0,  216,  836,  541,  178,    0,  730, 1093,  601,  591,  662,  933,  963,  817,  791,  843,  600, 1018, 1005,  941, 1073,  417,  731,  651,  931,  881,  590, 1317,  372, 1214,  976,  212, 1041,  710,  744,  727,  943,  773,  295,  539,  830, 1150,  339,  844,  962,  383, 1269,  721,  447,  458, 1062, 1078,  832,  553,  291,  743,  995, 1201, 1359, 1079, 1025,  350,  852,  974,  538,  681, 1044, 1026,  374, 1100,  253,  580,  802, 1279,  739, 1201,  569,  832, 1128,  960,  689,  805,  897,  563, 1003, 1022, 1007,  973,  564, 1086,  611,  990,  845,  724,  904,  708,  537,  542,  698,  229, 1004,  600,  682,  321,  420,  849,  996,  582,  861, 1185,  843,  298,  592, 1003,  364,  603,  699,  898,  790, 1043,  953, 1109, 1210,  555,  578, 1091,  790,  638,  880,  810, 1011,  788,  248,  955,  467,  430,  937,  795, 1170,  807,  407,  473,  152, 1057,  982,  739,  958, 1041,  560,  386,  700,  937,  626,  850,  247,  971,  899, 1023,  921, 1065,  959, 1034,  619,  192,  919, 1241,  958,  718,  628,  776, 1148,  600, 1007,  774,  992,  279,  527,  708, 1112,  678,  668,  940,  665],
        [  668,    0,  523,  609,  208,  570,  730,    0,  470,  574,  153,  450,  380,  454,  375,  154,  204,  538,  406,  459,  648,  554,  522,  518,  409,  747,  564,  231,  597,  429,  518,  380,  574,  316,  278,  344,  610,  374,  414,  519,  195,  328,  549,  404,  697,  503,  553,  568,  174,  406,  278,  461,  351,  126,  297,  527,  380,  547,  487,  641,  369,  554,  530,  312,  469,  228,   67,  315,  308,  430,  452,  517,  288,  152,  562,  214,  546,  246,  478,  411,  365,   83,  292,  250,  181,  360,  358,  280,  474,  413,  386,  546,  325,  162,   70,  610,  276,  194,  214,  444,  569,  320,  295,  553,  447,  373,  173,  446,  504,  335,  462,  338,  518,  154,  360,  519,  128,  404,  197,  698,  560,  225,  379,  481,  462,  251,  367,  211,  568,  702,  326,  304,  268,  542,  561,  341,  394,  223,  471,  466,  421,  395,  544,  579,  329,  256,  288,  759,  367,  280,  368,  294,  767,  329,  223,  489,  254,  179,  352,  660,  337,  795,  639,  511,  539,  247,  544,  532,  321,  133,  398,  423,  615,  278,   45,  384,  611,  364,  477,  438,   92,  149,  424,  290],
        [  354,    0,  918,  500,  659,  916, 1093,  470,    0,  653,  538,  507,  170,  814,  795,  333,  580,  623,  696,  135,  452,  176,  738,  501,  491,  589,  408,  700,  353,  725,  201,  118,  893,  423,  386,  370,  592,  156,  379,  814,  595,  737,   82,  819,  596,  247,  780,  251,  382,  866,  659,   44,  416,  484,  765,  821,  389,  262,  258,  369,  221,  236,  785,  705,  826,  685,  474,  373,  258,  875,   51,  844,  515,  328,  314,  357,  118,  526,  906,  247,  691,  552,  709,  223,  631,  635,  605,  408,  834,  568,  541,  623,  589,  308,  531,  439,  388,  607,  669,  902,  881,  554,  497,  574,  875,  674,  298,  133,  611,  239,  297,  741,  953,  610,  635,  770,  564,  861,  493,  640,  224,  393,  353,  355,  603,  720,  287,  629,  621,  573,  744,  227,  691,  964,  954,  798,  849,  462,  401,  207,  850,  689,  717,  947,  390,  411,  732,  582,  131,  534,  710,  400,  610,  797,  261,  886,  277,  446,  136,  485,  313,  629,  348,  588,  916,  225,  220,  916,  388,  497,  365,  450,  692,  332,  441,  102,  880,  578,  487,  108,  460,  442,  191,  433],
        [ 1000,    0,  539,  242,  554,  452,  601,  574,  653,    0,  451,  152,  487, 1012,  900,  500,  775,   37,  979,  527,  351,  559,  191,  162,  183,  331,  309,  648,  976,  302,  834,  548,  399,  836,  332,  303,  127,  505,  275,  325,  457,  871,  678,  528,  245,  440,  220,  891,  426,  680,  425,  611,  860,  696,  675,  325,  272,  458,  859, 1004,  753,  493,  259,  867, 1026,  581,  509,  810,  728,  630,  683,  383,  289,  514,  934,  405,  770,  338,  981,  804,  936,  607,  835,  550,  547,  933,  928,  800, 1030,  163,  937,   32,  895,  562,  625,  319,  332,  475,  566,  888,  381,  885,  280,   92,  584,  307,  557,  524,   70,  430,  870,  884,  650,  557,  933,  247,  512,  862,  762,  196,  513,  745,  847,  917,  118,  656,  798,  766,   40,  280,  861,  696,  809,  624, 1089,  631,  650,  776,  259,  812,  929,  295,  130,  505,  830,  781,  800,  358,  669,  303,  366,  312,  338,  761,  509,  522,  687,  731,  652,  326,  792,  362,  465,   70,  505,  587,  858, 1070,  301,  450,  290,  929,   44,  755,  599,  568,  325,  226,  167,  720,  482,  427,  463,  298],
        [  789,    0,  393,  536,  140,  424,  591,  153,  538,  451,    0,  351,  406,  561,  452,  210,  334,  418,  540,  488,  598,  578,  374,  431,  310,  675,  514,  220,  727,  276,  629,  430,  424,  467,  224,  291,  510,  408,  359,  366,   57,  420,  609,  283,  612,  498,  404,  683,  161,  341,  134,  517,  501,  275,  270,  375,  319,  542,  611,  769,  490,  558,  378,  416,  576,  171,   93,  462,  435,  338,  533,  367,  166,  218,  689,  198,  634,  114,  540,  537,  492,  158,  384,  322,  119,  500,  504,  431,  580,  289,  538,  427,  470,  257,  182,  557,  221,   70,  153,  468,  418,  468,  182,  449,  338,  220,  263,  477,  382,  343,  595,  433,  415,  115,  500,  368,   63,  434,  347,  601,  569,  374,  522,  621,  335,  235,  501,  317,  453,  626,  411,  422,  358,  429,  642,  273,  319,  375,  412,  583,  485,  243,  403,  439,  477,  407,  353,  692,  462,  149,  217,  231,  694,  339,  279,  359,  381,  332,  444,  602,  476,  721,  621,  396,  401,  336,  656,  620,  261,   42,  347,  573,  490,  420,  194,  440,  459,  229,  388,  534,   88,   99,  437,  209],
        [  851,    0,  551,  202,  475,  493,  662,  450,  507,  152,  351,    0,  339,  900,  800,  357,  653,  119,  853,  386,  292,  432,  254,   87,   42,  334,  222,  565,  824,  306,  684,  399,  451,  691,  186,  151,  161,  356,  131,  368,  372,  764,  539,  505,  264,  313,  295,  741,  288,  636,  367,  467,  713,  566,  604,  372,  121,  340,  708,  853,  602,  373,  316,  755,  914,  505,  389,  662,  577,  600,  534,  417,  187,  370,  783,  261,  625,  240,  890,  652,  814,  495,  728,  399,  461,  803,  795,  656,  919,  104,  796,  121,  763,  416,  508,  252,  187,  392,  488,  812,  434,  749,  169,  104,  566,  282,  410,  382,  104,  279,  719,  776,  641,  464,  803,  301,  413,  781,  629,  252,  392,  603,  698,  766,  110,  577,  648,  653,  130,  282,  757,  545,  702,  627,  991,  577,  608,  638,  135,  661,  835,  283,  217,  540,  683,  639,  702,  355,  517,  210,  343,  167,  350,  683,  360,  526,  539,  595,  501,  282,  642,  378,  373,   83,  527,  436,  708,  967,  152,  338,  143,  781,  194,  607,  468,  419,  405,  165,   50,  570,  360,  302,  321,  161],
        [  514,    0,  768,  361,  540,  755,  933,  380,  170,  487,  406,  339,    0,  791,  743,  227,  538,  456,  696,   83,  342,  176,  568,  341,  321,  472,  276,  597,  496,  562,  349,   63,  729,  455,  223,  200,  437,   21,  212,  649,  460,  689,  218,  677,  461,  143,  611,  406,  246,  745,  514,  133,  462,  436,  659,  655,  219,  182,  385,  520,  298,  180,  617,  664,  804,  569,  362,  411,  299,  743,  197,  681,  353,  228,  455,  211,  288,  372,  851,  343,  676,  460,  657,  152,  514,  636,  614,  428,  812,  398,  575,  456,  590,  235,  448,  316,  226,  476,  551,  823,  716,  561,  334,  411,  736,  513,  223,   71,  442,   72,  407,  696,  815,  497,  636,  602,  445,  783,  469,  496,  183,  392,  420,  461,  433,  616,  358,  573,  456,  445,  692,  262,  635,  821,  918,  677,  725,  453,  243,  335,  793,  527,  547,  789,  432,  421,  664,  473,  198,  375,  554,  234,  495,  705,  159,  736,  285,  422,  185,  368,  367,  518,  281,  420,  762,  182,  373,  885,  220,  367,  197,  516,  526,  357,  364,   83,  712,  412,  322,  237,  341,  308,   54,  268],
        [  827,    0,  756, 1062,  485,  858,  963,  454,  814, 1012,  561,  900,  791,    0,  147,  588,  257,  978,  146,  858, 1096,  950,  919,  971,  859, 1200, 1013,  400,  732,  797,  749,  768,  888,  413,  732,  797, 1061,  779,  867,  866,  565,  146,  894,  645, 1151,  930,  939,  772,  627,  518,  625,  824,  440,  359,  417,  875,  834,  972,  679,  778,  615,  970,  903,  146,   15,  469,  511,  461,  562,  590,  775,  838,  724,  579,  720,  666,  837,  674,  183,  622,  125,  406,  181,  640,  481,  195,  234,  415,   21,  849,  332,  987,  235,  558,  392, 1059,  730,  550,  477,  297,  892,  274,  737, 1003,  645,  753,  570,  845,  942,  766,  627,  132,  670,  464,  195,  897,  502,  278,  325, 1150,  971,  421,  515,  600,  896,  404,  563,  247, 1012, 1156,  162,  588,  206,  719,  151,  501,  534,  352,  924,  694,  171,  774,  957,  839,  452,  407,  233, 1211,  684,  710,  718,  748, 1221,  338,  637,  731,  537,  373,  678, 1110,  525, 1248, 1069,  955,  794,  615,  765,  110,  775,  565,  850,  460, 1051,  487,  447,  762,  961,  789,  930,  732,  541,  599,  842,  742],
        [  871,    0,  611,  976,  356,  714,  817,  375,  795,  900,  452,  800,  743,  147,    0,  523,  217,  868,  240,  817, 1022,  912,  792,  877,  760, 1115,  937,  265,  779,  666,  768,  730,  747,  442,  647,  714,  961,  734,  785,  730,  445,   62,  877,  501, 1059,  874,  809,  800,  547,  371,  496,  798,  476,  313,  273,  738,  749,  917,  706,  827,  621,  921,  771,   99,  158,  335,  420,  482,  561,  443,  763,  699,  618,  518,  760,  588,  839,  566,  111,  640,  188,  309,   87,  597,  356,  260,  297,  431,  157,  739,  397,  878,  282,  509,  306,  983,  644,  428,  346,  167,  751,  317,  633,  901,  499,  625,  521,  804,  831,  706,  659,   63,  524,  345,  260,  766,  390,  138,  310, 1051,  925,  417,  546,  644,  783,  265,  580,  170,  904, 1068,   52,  580,  109,  572,  191,  357,  387,  351,  842,  711,   58,  646,  835,  694,  479,  415,  101, 1129,  671,  600,  586,  660, 1135,  192,  584,  587,  524,  354,  661, 1032,  541, 1163, 1012,  848,  650,  580,  788,  170,  689,  464,  769,  516,  937,  492,  381,  728,  823,  675,  835,  729,  450,  508,  791,  648],
        [  588,    0,  600,  484,  327,  618,  791,  154,  333,  500,  210,  357,  227,  588,  523,    0,  331,  464,  514,  306,  509,  402,  501,  409,  320,  618,  427,  374,  533,  443,  424,  233,  607,  336,  171,  222,  507,  222,  288,  537,  266,  473,  408,  492,  578,  351,  539,  479,   81,  534,  338,  317,  361,  231,  438,  545,  261,  395,  415,  572,  294,  401,  528,  452,  602,  353,  142,  312,  248,  543,  325,  552,  248,   15,  494,   97,  425,  232,  629,  344,  483,  234,  439,  113,  299,  459,  446,  300,  608,  355,  440,  470,  416,   64,  223,  473,  171,  277,  336,  597,  598,  398,  242,  458,  546,  386,   63,  294,  436,  183,  407,  481,  623,  279,  459,  515,  231,  557,  283,  590,  407,  246,  357,  442,  403,  394,  319,  355,  485,  578,  473,  226,  415,  638,  705,  465,  516,  285,  344,  381,  572,  406,  506,  640,  331,  282,  440,  627,  253,  255,  406,  191,  640,  480,   74,  566,  198,  243,  235,  525,  303,  666,  489,  432,  605,  129,  451,  674,  209,  169,  270,  431,  543,  258,  144,  239,  620,  328,  371,  325,  127,  123,  270,  204],
        [  671,    0,  628,  808,  307,  704,  843,  204,  580,  775,  334,  653,  538,  257,  217,  331,    0,  740,  206,  608,  839,  703,  707,  721,  612,  945,  757,  257,  584,  599,  556,  520,  721,  246,  479,  542,  813,  527,  612,  681,  355,  157,  661,  505,  898,  675,  734,  592,  374,  437,  430,  584,  284,  103,  311,  690,  580,  717,  499,  631,  407,  718,  705,  127,  271,  306,  267,  278,  346,  490,  547,  666,  487,  323,  559,  411,  623,  441,  327,  430,  161,  179,  133,  388,  291,  169,  181,  227,  278,  613,  248,  748,  148,  304,  153,  803,  478,  345,  304,  347,  720,  163,  496,  757,  529,  547,  316,  596,  706,  510,  456,  162,  581,  265,  169,  696,  283,  307,   97,  901,  720,  203,  346,  450,  662,  273,  371,   68,  771,  902,  166,  363,  120,  619,  381,  389,  439,  141,  669,  499,  273,  570,  737,  700,  279,  207,  174,  955,  454,  477,  527,  496,  966,  283,  382,  597,  307,  138,  445,  854,  332,  993,  814,  714,  656,  367,  577,  347,  521,  327,  594,  340,  816,  279,  191,  516,  776,  560,  680,  513,  295,  352,  589,  493],
        [  969,    0,  525,  236,  524,  445,  600,  538,  623,   37,  418,  119,  456,  978,  868,  464,  740,    0,  944,  499,  344,  536,  185,  143,  147,  338,  294,  617,  943,  283,  802,  516,  394,  800,  296,  269,  132,  474,  245,  317,  425,  837,  651,  507,  254,  416,  218,  859,  389,  655,  396,  582,  824,  660,  646,  318,  240,  437,  826,  971,  719,  472,  253,  832,  992,  551,  474,  774,  692,  608,  652,  373,  254,  478,  901,  369,  741,  304,  949,  770,  900,  572,  801,  515,  516,  897,  892,  764,  996,  129,  900,   13,  859,  526,  590,  309,  296,  443,  535,  859,  376,  848,  244,   82,  564,  283,  521,  496,   37,  397,  836,  850,  632,  524,  897,  240,  479,  832,  726,  213,  492,  709,  812,  882,   86,  626,  763,  732,   44,  286,  828,  661,  775,  609, 1057,  605,  626,  739,  234,  779,  897,  273,  129,  496,  794,  745,  767,  364,  635,  269,  343,  276,  348,  731,  474,  507,  652,  695,  619,  322,  756,  373,  451,   36,  493,  551,  826, 1037,  266,  415,  259,  893,   80,  719,  563,  537,  327,  194,  140,  688,  446,  391,  435,  262],
        [  684,    0,  804,  997,  499,  892, 1018,  406,  696,  979,  540,  853,  696,  146,  240,  514,  206,  944,    0,  755, 1018,  844,  912,  917,  813, 1132,  938,  430,  589,  800,  614,  664,  915,  281,  674,  733, 1011,  681,  801,  880,  558,  200,  774,  685, 1090,  838,  938,  633,  568,  585,  630,  712,  302,  288,  467,  889,  772,  878,  540,  634,  487,  872,  907,  170,  152,  491,  470,  331,  439,  650,  654,  861,  692,  503,  577,  602,  708,  647,  315,  489,   59,  383,  216,  544,  487,   61,   94,  289,  161,  818,  188,  952,  108,  473,  358,  984,  673,  546,  494,  407,  915,  143,  700,  957,  698,  750,  483,  743,  910,  682,  487,  189,  737,  464,   61,  899,  487,  377,  232, 1098,  871,  308,  378,  457,  866,  441,  431,  236,  973, 1091,  221,  470,  231,  781,  294,  552,  594,  243,  857,  560,  286,  773,  942,  882,  318,  286,  284, 1140,  566,  682,  727,  692, 1153,  407,  551,  776,  424,  276,  563, 1036,  395, 1179,  976,  917,  837,  514,  628,  253,  716,  532,  783,  316, 1020,  365,  385,  656,  976,  765,  877,  607,  498,  554,  749,  692],
        [  489,    0,  845,  366,  622,  827, 1005,  459,  135,  527,  488,  386,   83,  858,  817,  306,  608,  499,  755,    0,  322,   96,  628,  371,  376,  458,  273,  678,  486,  633,  334,   91,  799,  500,  297,  263,  459,   85,  256,  717,  542,  761,  154,  757,  461,  114,  671,  386,  328,  827,  594,   91,  502,  506,  740,  723,  274,  137,  384,  503,  320,  121,  681,  735,  871,  651,  444,  453,  337,  825,  178,  753,  427,  307,  446,  292,  248,  450,  926,  358,  740,  540,  730,  221,  596,  695,  669,  477,  878,  458,  621,  497,  648,  308,  526,  306,  300,  558,  633,  902,  785,  617,  406,  444,  816,  586,  296,   13,  490,  149,  416,  768,  895,  579,  695,  665,  527,  862,  534,  505,  116,  448,  451,  473,  488,  697,  385,  647,  493,  440,  765,  300,  709,  900,  989,  759,  807,  513,  271,  333,  868,  599,  601,  863,  473,  474,  741,  453,  217,  450,  629,  306,  480,  786,  236,  814,  335,  486,  210,  353,  402,  500,  233,  465,  837,  243,  354,  954,  287,  449,  245,  549,  564,  403,  440,  102,  775,  480,  360,  231,  423,  389,   67,  340],
        [  797,    0,  842,  109,  736,  778,  941,  648,  452,  351,  598,  292,  342, 1096, 1022,  509,  839,  344, 1018,  322,    0,  293,  525,  212,  318,  138,   85,  818,  804,  597,  652,  395,  732,  794,  379,  311,  231,  360,  241,  651,  635,  976,  436,  794,  164,  209,  561,  701,  476,  915,  647,  409,  803,  739,  867,  653,  280,  190,  705,  818,  635,  221,  592,  958, 1110,  767,  603,  751,  640,  886,  498,  703,  456,  518,  765,  435,  552,  505, 1122,  676,  991,  715,  940,  482,  717,  961,  942,  765, 1116,  395,  913,  334,  915,  546,  717,   42,  382,  654,  748, 1064,  714,  891,  433,  262,  855,  574,  535,  328,  359,  338,  737,  985,  931,  712,  961,  577,  656, 1029,  787,  226,  239,  724,  761,  793,  390,  833,  698,  858,  311,  131,  973,  603,  915,  918, 1208,  853,  888,  779,  187,  654, 1065,  574,  472,  827,  772,  755,  930,  133,  532,  482,  633,  369,  159,  936,  468,  818,  624,  742,  522,   37,  708,  179,  135,  323,  817,  517,  670, 1179,  339,  572,  254,  857,  369,  697,  650,  412,  670,  455,  243,  552,  574,  519,  290,  390],
        [  506,    0,  923,  364,  714,  897, 1073,  554,  176,  559,  578,  432,  176,  950,  912,  402,  703,  536,  844,   96,  293,    0,  683,  398,  430,  429,  270,  772,  520,  702,  369,  183,  864,  582,  376,  331,  473,  181,  305,  782,  630,  856,  144,  840,  450,  120,  725,  414,  419,  918,  678,  142,  580,  601,  834,  787,  332,  109,  433,  529,  390,   74,  740,  829,  963,  743,  538,  534,  416,  912,  226,  821,  503,  403,  483,  381,  262,  530, 1021,  421,  832,  635,  826,  316,  688,  784,  757,  562,  971,  516,  703,  532,  737,  404,  622,  290,  379,  647,  725,  997,  849,  705,  480,  471,  901,  659,  392,  109,  533,  236,  473,  863,  980,  672,  784,  724,  619,  958,  626,  503,   55,  537,  523,  530,  539,  791,  457,  742,  522,  421,  861,  381,  804,  982, 1083,  850,  897,  603,  302,  382,  964,  669,  648,  936,  553,  560,  836,  419,  290,  527,  706,  381,  449,  881,  332,  893,  422,  578,  288,  329,  478,  466,  175,  503,  913,  337,  384, 1048,  359,  540,  300,  621,  592,  487,  536,  189,  832,  547,  397,  284,  516,  480,  143,  415],
        [ 1064,    0,  352,  419,  437,  261,  417,  522,  738,  191,  374,  254,  568,  919,  792,  501,  707,  185,  912,  628,  525,  683,    0,  316,  254,  520,  467,  528, 1023,  134,  895,  623,  210,  822,  361,  369,  315,  583,  378,  135,  356,  773,  781,  358,  435,  565,   43,  952,  420,  520,  297,  700,  852,  647,  540,  134,  355,  594,  903, 1057,  787,  626,   69,  777,  932,  458,  456,  806,  747,  460,  757,  193,  254,  515,  982,  418,  854,  280,  858,  838,  862,  529,  738,  582,  438,  873,  877,  785,  935,  171,  906,  196,  843,  564,  556,  488,  359,  370,  446,  751,  192,  841,  261,  266,  409,  167,  563,  622,  166,  500,  903,  787,  468,  456,  873,   56,  425,  730,  718,  386,  645,  728,  857,  942,  145,  531,  819,  682,  225,  469,  760,  722,  713,  439,  974,  481,  490,  742,  388,  862,  811,  146,   64,  314,  824,  763,  692,  547,  720,  250,  212,  344,  529,  629,  536,  338,  699,  697,  702,  505,  803,  553,  623,  202,  315,  614,  921,  960,  351,  390,  385,  924,  201,  756,  557,  641,  151,  173,  297,  783,  435,  394,  562,  315],
        [  853,    0,  631,  116,  559,  567,  731,  518,  501,  162,  431,   87,  341,  971,  877,  409,  721,  143,  917,  371,  212,  398,  316,    0,  123,  248,  153,  648,  836,  386,  689,  403,  521,  736,  243,  188,  101,  360,  135,  440,  456,  839,  520,  590,  182,  279,  354,  745,  349,  722,  453,  458,  755,  629,  689,  442,  150,  296,  722,  860,  625,  331,  382,  827,  986,  589,  461,  703,  609,  686,  535,  492,  271,  421,  794,  316,  617,  323,  970,  674,  880,  570,  802,  430,  544,  864,  854,  702,  991,  186,  846,  137,  823,  463,  580,  174,  244,  476,  571,  896,  504,  806,  251,   74,  651,  366,  456,  369,  151,  294,  740,  850,  725,  545,  864,  367,  493,  864,  689,  182,  351,  652,  732,  790,  178,  660,  677,  726,  125,  197,  833,  574,  776,  709, 1067,  663,  694,  693,  101,  673,  914,  365,  267,  615,  724,  687,  780,  269,  532,  294,  427,  225,  265,  766,  398,  608,  576,  651,  517,  198,  676,  293,  309,  116,  606,  469,  713, 1043,  202,  414,  153,  820,  196,  647,  532,  423,  464,  250,   43,  577,  431,  373,  310,  230],
        [  830,    0,  528,  235,  437,  479,  651,  409,  491,  183,  310,   42,  321,  859,  760,  320,  612,  147,  813,  376,  318,  430,  254,  123,    0,  371,  243,  526,  799,  287,  661,  379,  440,  655,  150,  125,  202,  338,  125,  357,  334,  723,  529,  476,  303,  314,  296,  719,  249,  602,  333,  452,  678,  526,  566,  362,  103,  345,  682,  829,  573,  376,  311,  714,  873,  467,  348,  628,  546,  569,  515,  402,  149,  334,  758,  224,  608,  201,  850,  624,  773,  454,  687,  368,  422,  763,  756,  620,  878,   88,  758,  152,  724,  380,  467,  277,  150,  353,  449,  774,  424,  710,  129,  145,  538,  258,  375,  371,  124,  257,  690,  735,  613,  424,  763,  295,  372,  742,  590,  293,  394,  566,  665,  736,  112,  538,  617,  612,  165,  319,  716,  514,  660,  602,  950,  542,  574,  600,  146,  636,  795,  261,  226,  523,  648,  602,  661,  390,  492,  172,  316,  130,  388,  644,  327,  503,  505,  556,  475,  312,  609,  415,  388,  114,  507,  405,  687,  926,  119,  297,  132,  747,  226,  573,  428,  399,  403,  138,   81,  548,  319,  261,  310,  121],
        [  933,    0,  862,  140,  806,  781,  931,  747,  589,  331,  675,  334,  472, 1200, 1115,  618,  945,  338, 1132,  458,  138,  429,  520,  248,  371,    0,  199,  894,  941,  617,  789,  528,  729,  919,  470,  404,  206,  492,  334,  654,  703, 1073,  572,  832,   87,  345,  550,  838,  573,  969,  700,  546,  931,  848,  936,  654,  368,  328,  842,  955,  769,  358,  588, 1059, 1214,  836,  696,  879,  770,  930,  634,  710,  518,  629,  902,  535,  689,  571, 1211,  811, 1101,  807, 1037,  605,  790, 1076, 1060,  889, 1220,  428, 1037,  326, 1032,  662,  813,  156,  472,  723,  819, 1142,  711, 1010,  498,  262,  892,  606,  652,  464,  365,  459,  872, 1084,  964,  790, 1076,  576,  736, 1109,  900,  147,  374,  845,  892,  928,  407,  907,  830,  958,  296,   54, 1069,  733, 1012,  944, 1305,  911,  941,  897,  277,  790, 1155,  602,  460,  834,  900,  878, 1020,   29,  666,  542,  668,  456,   23, 1012,  586,  842,  751,  858,  655,  105,  839,   48,  262,  331,  831,  642,  807, 1278,  428,  655,  351,  988,  333,  824,  755,  546,  653,  495,  290,  688,  666,  608,  423,  469],
        [  760,    0,  770,   94,  652,  714,  881,  564,  408,  309,  514,  222,  276, 1013,  937,  427,  757,  294,  938,  273,   85,  270,  467,  153,  243,  199,    0,  733,  758,  527,  606,  334,  670,  721,  294,  226,  206,  296,  156,  588,  551,  892,  407,  716,  189,  162,  506,  658,  391,  834,  567,  364,  733,  657,  783,  591,  195,  162,  653,  776,  574,  198,  533,  874, 1027,  683,  519,  681,  573,  806,  450,  638,  375,  436,  718,  350,  516,  422, 1037,  618,  910,  630,  856,  407,  632,  882,  864,  691, 1034,  324,  839,  287,  837,  467,  632,   46,  297,  571,  664,  979,  653,  814,  351,  217,  778,  500,  456,  277,  303,  262,  680,  902,  855,  627,  882,  518,  572,  944,  707,  235,  218,  648,  695,  735,  326,  748,  634,  775,  270,  170,  889,  536,  831,  844, 1124,  770,  807,  701,  104,  602,  980,  502,  419,  761,  702,  680,  845,  203,  472,  401,  558,  285,  221,  851,  390,  745,  553,  663,  461,   99,  642,  245,  157,  268,  748,  444,  627, 1095,  254,  488,  169,  790,  336,  626,  567,  353,  616,  380,  174,  501,  490,  434,  229,  306],
        [  881,    0,  376,  755,   95,  464,  590,  231,  700,  648,  220,  565,  597,  400,  265,  374,  257,  617,  430,  678,  818,  772,  528,  648,  526,  894,  733,    0,  803,  401,  740,  606,  491,  482,  441,  509,  721,  594,  577,  467,  194,  255,  778,  255,  829,  706,  545,  787,  360,  188,  233,  688,  521,  274,   68,  475,  539,  750,  701,  849,  588,  762,  507,  269,  413,   71,  235,  500,  526,  234,  682,  439,  378,  376,  772,  401,  776,  325,  334,  626,  373,  151,  225,  478,  104,  413,  433,  454,  414,  491,  505,  628,  402,  392,  180,  777,  438,  175,   84,  248,  493,  419,  398,  660,  273,  362,  402,  666,  581,  542,  668,  269,  325,  107,  413,  502,  162,  217,  328,  813,  771,  410,  570,  676,  532,   21,  575,  201,  656,  844,  239,  528,  203,  363,  447,  133,  184,  373,  631,  686,  284,  382,  574,  452,  508,  430,  167,  911,  596,  357,  322,  449,  912,  119,  447,  346,  473,  344,  581,  822,  540,  939,  834,  601,  408,  477,  765,  433,  480,  247,  565,  585,  683,  479,  265,  611,  561,  424,  606,  667,  258,  304,  635,  429],
        [   96,    0, 1116,  849,  803, 1148, 1317,  597,  353,  976,  727,  824,  496,  732,  779,  533,  584,  943,  589,  486,  804,  520, 1023,  836,  799,  941,  758,  803,    0,  976,  153,  434, 1139,  340,  665,  675,  932,  477,  705, 1069,  780,  720,  382,  999,  946,  599, 1063,  109,  610,  989,  860,  396,  304,  530,  868, 1077,  704,  614,  120,   48,  240,  586, 1057,  681,  740,  820,  638,  308,  292, 1023,  309, 1084,  774,  521,   42,  606,  263,  765,  881,  190,  614,  659,  707,  441,  776,  539,  500,  358,  749,  862,  401,  944,  504,  474,  626,  791,  666,  785,  808,  929, 1130,  466,  763,  905, 1044,  919,  472,  482,  923,  547,  135,  717, 1113,  749,  539, 1043,  722,  889,  490,  987,  572,  394,  238,  136,  904,  823,  230,  650,  948,  925,  736,  308,  701, 1139,  882,  928,  982,  444,  738,  164,  836,  939, 1016, 1165,  306,  380,  758,  934,  308,  785,  936,  683,  962,  862,  488, 1082,  347,  462,  325,  837,  264,  981,  695,  907, 1128,  410,  136,  841,  683,  690,  688,  273, 1017,  324,  553,  413, 1150,  852,  814,  260,  640,  654,  533,  709],
        [ 1027,    0,  246,  499,  312,  196,  372,  429,  725,  302,  276,  306,  562,  797,  666,  443,  599,  283,  800,  633,  597,  702,  134,  386,  287,  617,  527,  401,  976,    0,  860,  608,  168,  741,  340,  372,  413,  573,  405,   94,  245,  651,  780,  229,  535,  592,  145,  916,  366,  387,  173,  693,  774,  550,  409,  103,  373,  627,  857, 1014,  736,  656,  108,  657,  810,  331,  366,  732,  689,  331,  736,  120,  211,  456,  936,  377,  836,  212,  728,  787,  748,  421,  617,  541,  317,  767,  774,  704,  812,  203,  813,  295,  740,  504,  451,  557,  338,  255,  321,  619,  157,  742,  229,  356,  283,   58,  505,  625,  253,  490,  849,  665,  349,  338,  767,  101,  317,  598,  621,  495,  673,  647,  788,  881,  211,  403,  759,  567,  327,  564,  636,  669,  593,  327,  845,  348,  358,  651,  433,  821,  682,   38,  190,  237,  748,  681,  567,  642,  684,  194,   81,  329,  629,  498,  493,  225,  637,  607,  666,  583,  738,  654,  674,  287,  221,  568,  886,  833,  346,  302,  406,  846,  322,  686,  469,  625,  183,  156,  355,  753,  352,  324,  568,  295],
        [  170,    0, 1022,  698,  725, 1040, 1214,  518,  201,  834,  629,  684,  349,  749,  768,  424,  556,  802,  614,  334,  652,  369,  895,  689,  661,  789,  606,  740,  153,  860,    0,  287, 1026,  336,  534,  537,  784,  330,  560,  952,  685,  707,  235,  910,  795,  447,  936,   58,  495,  923,  761,  244,  312,  481,  807,  960,  563,  462,   81,  172,  154,  435,  934,  671,  759,  745,  546,  290,  217,  947,  157,  973,  652,  413,  114,  484,  121,  650,  876,  129,  625,  591,  687,  319,  697,  557,  520,  339,  768,  729,  434,  803,  514,  373,  561,  639,  536,  693,  732,  902, 1016,  476,  639,  760,  960,  804,  367,  330,  785,  405,  135,  708, 1033,  671,  557,  919,  636,  861,  460,  837,  421,  354,  237,  186,  769,  761,  189,  618,  804,  773,  720,  214,  675, 1053,  898,  858,  911,  418,  590,   58,  825,  823,  883, 1063,  298,  354,  727,  782,  176,  666,  829,  551,  810,  817,  367,  988,  268,  421,  194,  685,  228,  829,  544,  766, 1028,  296,   27,  858,  548,  589,  545,  316,  874,  278,  478,  267, 1028,  726,  670,  114,  543,  546,  383,  580],
        [  453,    0,  804,  421,  557,  799,  976,  380,  118,  548,  430,  399,   63,  768,  730,  233,  520,  516,  664,   91,  395,  183,  623,  403,  379,  528,  334,  606,  434,  608,  287,    0,  776,  411,  269,  256,  499,   44,  273,  697,  486,  674,  180,  707,  520,  189,  665,  344,  271,  764,  546,   89,  415,  419,  670,  704,  278,  222,  323,  458,  241,  210,  669,  647,  781,  584,  374,  365,  250,  768,  137,  727,  398,  231,  392,  242,  232,  410,  840,  284,  650,  462,  644,  134,  530,  604,  579,  387,  788,  453,  532,  517,  557,  224,  446,  372,  271,  499,  567,  822,  763,  526,  380,  473,  765,  557,  212,   80,  501,  124,  347,  681,  843,  510,  604,  653,  461,  782,  443,  557,  207,  357,  368,  402,  490,  626,  304,  561,  518,  503,  679,  212,  623,  853,  900,  695,  745,  422,  305,  273,  783,  572,  604,  830,  385,  383,  657,  527,  139,  417,  594,  283,  550,  709,  160,  772,  245,  396,  128,  423,  317,  572,  320,  481,  801,  154,  311,  865,  272,  389,  258,  465,  588,  314,  358,   21,  764,  462,  383,  175,  356,  332,  106,  316],
