{
    "name": "random-9-8665",
    "comment": "size=9 seed=8665",
    "nodes": ["+0", "-0", "+1", "-1", "+2", "-2", "+3", "-3", "+4", "-4", "+5", "-5", "+6", "-6", "+7", "-7", "+8", "-8", "+9", "-9"],
    "precedence": {
        "+0": "-0",
        "+1": "-1",
        "+2": "-2",
        "+3": "-3",
        "+4": "-4",
        "+5": "-5",
        "+6": "-6",
        "+7": "-7",
        "+8": "-8",
        "+9": "-9"
    },
    "edges": [
        [    0,    0,  277,  491,  243,  429,  216,  278,  761,  483,  369,  408,  246,  358,  448,  155,  454,  614,  174,  603],
        [    0,    0,  277,  491,  243,  429,  216,  278,  761,  483,  369,  408,  246,  358,  448,  155,  454,  614,  174,  603],
        [  277,  277,    0,  558,  357,  407,  126,  151,  867,  651,  639,  237,  477,  454,  275,  283,  706,  889,  145,  723],
        [  491,  491,  558,    0,  249,  189,  436,  413,  311,  224,  537,  420,  694,  849,  423,  341,  481,  747,  586,  186],
        [  243,  243,  357,  249,    0,  218,  232,  242,  534,  295,  398,  324,  461,  601,  351,   95,  407,  647,  350,  379],
        [  429,  429,  407,  189,  218,    0,  300,  257,  491,  381,  604,  235,  666,  771,  235,  278,  587,  844,  471,  374],
        [  216,  216,  126,  436,  232,  300,    0,   67,  744,  526,  549,  197,  453,  493,  239,  166,  601,  803,  177,  598],
        [  278,  278,  151,  413,  242,  257,   67,    0,  724,  530,  594,  131,  518,  557,  173,  200,  634,  849,  238,  585],
        [  761,  761,  867,  311,  534,  491,  744,  724,    0,  307,  669,  725,  923, 1112,  722,  627,  558,  797,  882,  160],
        [  483,  483,  651,  224,  295,  381,  526,  530,  307,    0,  370,  583,  619,  820,  598,  376,  279,  542,  628,  159],
        [  369,  369,  639,  537,  398,  604,  549,  594,  669,  370,    0,  706,  338,  577,  738,  396,  136,  256,  540,  528],
        [  408,  408,  237,  420,  324,  235,  197,  131,  725,  583,  706,    0,  649,  678,   42,  311,  730,  960,  357,  604],
        [  246,  246,  477,  694,  461,  666,  453,  518,  923,  619,  338,  649,    0,  241,  690,  389,  468,  513,  336,  765],
        [  358,  358,  454,  849,  601,  771,  493,  557, 1112,  820,  577,  678,  241,    0,  719,  510,  704,  745,  322,  953],
        [  448,  448,  275,  423,  351,  235,  239,  173,  722,  598,  738,   42,  690,  719,    0,  346,  757,  992,  398,  608],
        [  155,  155,  283,  341,   95,  278,  166,  200,  627,  376,  396,  311,  389,  510,  346,    0,  436,  651,  257,  472],
        [  454,  454,  706,  481,  407,  587,  601,  634,  558,  279,  136,  730,  468,  704,  757,  436,    0,  267,  627,  431],
        [  614,  614,  889,  747,  647,  844,  803,  849,  797,  542,  256,  960,  513,  745,  992,  651,  267,    0,  779,  687],
        [  174,  174,  145,  586,  350,  471,  177,  238,  882,  628,  540,  357,  336,  322,  398,  257,  627,  779,    0,  728],
        [  603,  603,  723,  186,  379,  374,  598,  585,  160,  159,  528,  604,  765,  953,  608,  472,  431,  687,  728,    0]
    ]
}
