{
    "name": "random-80-6515",
    "comment": "size=80 seed=6515",
    "nodes": ["+0", "-0", "+1", "-1", "+2", "-2", "+3", "-3", "+4", "-4", "+5", "-5", "+6", "-6", "+7", "-7", "+8", "-8", "+9", "-9", "+10", "-10", "+11", "-11", "+12", "-12", "+13", "-13", "+14", "-14", "+15", "-15", "+16", "-16", "+17", "-17", "+18", "-18", "+19", "-19", "+20", "-20", "+21", "-21", "+22", "-22", "+23", "-23", "+24", "-24", "+25", "-25", "+26", "-26", "+27", "-27", "+28", "-28", "+29", "-29", "+30", "-30", "+31", "-31", "+32", "-32", "+33", "-33", "+34", "-34", "+35", "-35", "+36", "-36", "+37", "-37", "+38", "-38", "+39", "-39", "+40", "-40", "+41", "-41", "+42", "-42", "+43", "-43", "+44", "-44", "+45", "-45", "+46", "-46", "+47", "-47", "+48", "-48", "+49", "-49", "+50", "-50", "+51", "-51", "+52", "-52", "+53", "-53", "+54", "-54", "+55", "-55", "+56", "-56", "+57", "-57", "+58", "-58", "+59", "-59", "+60", "-60", "+61", "-61", "+62", "-62", "+63", "-63", "+64", "-64", "+65", "-65", "+66", "-66", "+67", "-67", "+68", "-68", "+69", "-69", "+70", "-70", "+71", "-71", "+72", "-72", "+73", "-73", "+74", "-74", "+75", "-75", "+76", "-76", "+77", "-77", "+78", "-78", "+79", "-79", "+80", "-80"],
    "precedence": {
        "+0": "-0",
        "+1": "-1",
        "+2": "-2",
        "+3": "-3",
        "+4": "-4",
        "+5": "-5",
        "+6": "-6",
        "+7": "-7",
        "+8": "-8",
        "+9": "-9",
        "+10": "-10",
        "+11": "-11",
        "+12": "-12",
        "+13": "-13",
        "+14": "-14",
        "+15": "-15",
        "+16": "-16",
        "+17": "-17",
        "+18": "-18",
        "+19": "-19",
        "+20": "-20",
        "+21": "-21",
        "+22": "-22",
        "+23": "-23",
        "+24": "-24",
        "+25": "-25",
        "+26": "-26",
        "+27": "-27",
        "+28": "-28",
        "+29": "-29",
        "+30": "-30",
        "+31": "-31",
        "+32": "-32",
        "+33": "-33",
        "+34": "-34",
        "+35": "-35",
        "+36": "-36",
        "+37": "-37",
        "+38": "-38",
        "+39": "-39",
        "+40": "-40",
        "+41": "-41",
        "+42": "-42",
        "+43": "-43",
        "+44": "-44",
        "+45": "-45",
        "+46": "-46",
        "+47": "-47",
        "+48": "-48",
        "+49": "-49",
        "+50": "-50",
        "+51": "-51",
        "+52": "-52",
        "+53": "-53",
        "+54": "-54",
        "+55": "-55",
        "+56": "-56",
        "+57": "-57",
        "+58": "-58",
        "+59": "-59",
        "+60": "-60",
        "+61": "-61",
        "+62": "-62",
        "+63": "-63",
        "+64": "-64",
        "+65": "-65",
        "+66": "-66",
        "+67": "-67",
        "+68": "-68",
        "+69": "-69",
        "+70": "-70",
        "+71": "-71",
        "+72": "-72",
        "+73": "-73",
        "+74": "-74",
        "+75": "-75",
        "+76": "-76",
        "+77": "-77",
        "+78": "-78",
        "+79": "-79",
        "+80": "-80"
    },
    "edges": [
        [    0,    0,  261,  504,  279,  312,  558,  671,  339,  655,  252,   18,  753,  574,  459,  515,  395,  356,  305,  714,  442,  329,  387,  623,  236,  566,  190,  693,  149,  322,  772,  560,  391,  453,  583,  352,  512,  376,  393,  515,  354,  361,  392,  546,  586,  605,  580,  477,  510,  130,  505,  597,  619,  324,  532,  449,  571,  302,  492,  702,  470,  465,  562,  647,  321,  197,  213,  519,  611,  196,  407,  557,  489,  372,  459,  221,  190,  400,  690,  449,  753,  599,  536,  395,  437,  250,  457,  604,  408,  388,  621,  581,  238,  651,  591,  476,  507,  743,  338,  414,  350,  528,  615,  629,  510,  593,   97,  368,  456,  245,  578,  197,  210,  533,  524,  399,  545,   80,  443,  504,  487,  444,  576,  304,  698,  133,  571,  570,  389,  353,  660,  156,  305,  525,  538,  312,  419,  479,  675,  354,  561,  399,  281,  696,  246,  592,  396,  500,  110,  284,  435,  630,  116,  379,  119,  193,  260,   52,  484,  603,  611,  494],
        [    0,    0,    0,    0,    0,    0,    0,    0,    0,    0,    0,    0,    0,    0,    0,    0,    0,    0,    0,    0,    0,    0,    0,    0,    0,    0,    0,    0,    0,    0,    0,    0,    0,    0,    0,    0,    0,    0,    0,    0,    0,    0,    0,    0,    0,    0,    0,    0,    0,    0,    0,    0,    0,    0,    0,    0,    0,    0,    0,    0,    0,    0,    0,    0,    0,    0,    0,    0,    0,    0,    0,    0,    0,    0,    0,    0,    0,    0,    0,    0,    0,    0,    0,    0,    0,    0,    0,    0,    0,    0,    0,    0,    0,    0,    0,    0,    0,    0,    0,    0,    0,    0,    0,    0,    0,    0,    0,    0,    0,    0,    0,    0,    0,    0,    0,    0,    0,    0,    0,    0,    0,    0,    0,    0,    0,    0,    0,    0,    0,    0,    0,    0,    0,    0,    0,    0,    0,    0,    0,    0,    0,    0,    0,    0,    0,    0,    0,    0,    0,    0,    0,    0,    0,    0,    0,    0,    0,    0,    0,    0,    0,    0],
        [  261,    0,    0,  755,  499,  546,  800,  835,  399,  865,  102,  274,  900,  653,  430,  747,  158,  262,  145,  865,  214,  552,  192,  883,   33,  826,  450,  939,  385,  344,  939,  437,  649,  289,  478,  103,  758,  461,  626,  757,   94,  615,  382,  806,  570,  842,  841,  452,  711,  151,  560,  857,  487,  585,  720,  412,  806,  251,  674,  879,  440,  476,  740,  867,   69,  114,   78,  767,  462,  139,  429,  476,  527,  516,  720,  217,  146,  372,  881,  588,  916,  466,  583,  283,  666,   92,  398,  545,  150,  246,  838,  675,  326,  813,  467,  451,  768,  923,  433,  178,  110,  625,  808,  779,  757,  853,  323,  153,  663,  313,  839,  167,  469,  675,  698,  625,  781,  336,  697,  722,  748,  667,  522,  168,  906,  188,  607,  766,  190,  501,  521,  136,  546,  566,  375,   56,  624,  725,  800,  424,  622,  655,  226,  893,  268,  671,  466,  761,  330,  441,  512,  511,  347,  594,  299,  405,  419,  310,  552,  858,  445,  382],
        [  504,    0,  755,    0,  459,  220,   82,  760,  546,  615,  710,  489,  857,  853,  701,  122,  898,  835,  743,  820,  946,  451,  889,  177,  725,  237,  344,  193,  370,  592,  821, 1030,  132,  947, 1039,  829,   35,  511,  159,  407,  841,  144,  648,  233,  973,  469,  226,  894,  566,  605,  835,  191, 1088,  240,  616,  881,  463,  776,  612,  747,  708,  853,  657,  574,  804,  701,  690,  367, 1089,  645,  613,  823,  844,  637,  202,  700,  690,  837,  701,  679,  819, 1070,  868,  758,  444,  713,  903, 1026,  904,  881,  571,  834,  514,  753, 1057,  704,  182,  769,  689,  917,  852,  794,  644,  764,  368,  257,  433,  820,  226,  670,  199,  627,  335,  720,  645,  180,  451,  450,   67,  509,  189,  471,  997,  802,  648,  577,  906,  613,  825,  623, 1131,  660,  388,  866, 1026,  798,  521,  372,  846,  533,  867,  286,  660,  683,  702,  866,  538,  167,  498,  400,  762, 1091,  408,  479,  544,  363,  579,  453,  805,  336, 1098,  964],
        [  279,    0,  499,  459,    0,  379,  537,  409,  585,  377,  520,  280,  498,  403,  724,  532,  588,  444,  578,  458,  618,   53,  545,  498,  483,  394,  176,  642,  306,  583,  504,  610,  328,  568,  608,  601,  483,  602,  436,  263,  592,  341,  656,  375,  517,  345,  416,  449,  233,  402,  377,  455,  665,  219,  260,  444,  308,  386,  226,  431,  735,  401,  295,  372,  567,  396,  475,  283,  675,  471,  660,  830,  386,  180,  308,  333,  369,  406,  414,  235,  488,  649,  410,  673,  167,  517,  472,  578,  625,  505,  345,  391,  490,  391,  633,  739,  362,  470,  237,  603,  555,  345,  338,  378,  272,  416,  315,  632,  539,  260,  427,  475,  165,  299,  261,  459,  283,  206,  394,  227,  339,  169,  549,  453,  420,  411,  449,  294,  658,  165,  708,  365,   77,  408,  631,  555,  142,  238,  442,  593,  412,  210,  559,  418,  309,  418,  628,  363,  176,  479,  304,  661,  310,  100,  201,  363,  135,  260,  347,  390,  695,  549],
        [  312,    0,  546,  220,  379,    0,  255,  762,  339,  663,  494,  295,  857,  777,  498,  204,  696,  663,  525,  818,  746,  398,  696,  381,  515,  384,  211,  394,  166,  378,  844,  866,  166,  765,  884,  614,  216,  317,   82,  462,  628,  111,  440,  370,  852,  548,  386,  757,  565,  395,  736,  375,  925,  207,  608,  736,  527,  607,  587,  767,  507,  728,  648,  634,  591,  506,  477,  438,  919,  430,  412,  620,  734,  552,  293,  527,  501,  689,  733,  613,  834,  905,  769,  541,  447,  498,  752,  889,  696,  700,  620,  769,  297,  749,  895,  505,  314,  799,  572,  715,  649,  721,  664,  746,  434,  411,  227,  602,  163,  521,  369,  409,  217,  676,  624,   90,  507,  280,  178,  524,  304,  469,  860,  615,  703,  363,  808,  623,  606,  534,  967,  466,  334,  763,  849,  586,  492,  420,  817,  331,  780,  310,  441,  725,  540,  793,  346,  300,  341,  191,  661,  933,  202,  443,  383,  145,  464,  263,  708,  464,  922,  800],
        [  558,    0,  800,   82,  537,  255,    0,  841,  553,  692,  747,  542,  937,  933,  702,   79,  948,  899,  776,  901,  998,  531,  945,  215,  769,  303,  412,  140,  417,  605,  900, 1096,  209, 1007, 1108,  868,   54,  510,  178,  485,  883,  208,  655,  303, 1048,  544,  289,  967,  647,  650,  913,  244, 1155,  318,  697,  952,  540,  840,  693,  826,  708,  928,  738,  651,  845,  755,  732,  445, 1154,  683,  614,  822,  921,  716,  282,  763,  747,  907,  779,  759,  898, 1136,  946,  776,  526,  751,  973, 1099,  950,  941,  648,  915,  537,  834, 1125,  703,  256,  847,  764,  968,  902,  874,  724,  845,  446,  320,  479,  854,  204,  739,  259,  662,  405,  801,  727,  189,  530,  512,  144,  590,  266,  552, 1070,  860,  724,  618,  985,  694,  855,  701, 1198,  714,  467,  944, 1089,  841,  603,  452,  927,  538,  947,  367,  686,  761,  768,  946,  536,  242,  563,  414,  840, 1160,  455,  560,  609,  399,  654,  508,  883,  403, 1161, 1030],
        [  671,    0,  835,  760,  409,  762,  841,    0,  992,  194,  886,  676,   97,  289, 1127,  866,  867,  663,  945,   61,  874,  373,  799,  704,  830,  574,  578,  900,  714,  988,  105,  726,  654,  771,  695,  936,  793, 1010,  799,  362,  916,  691, 1060,  564,  508,  338,  598,  535,  199,  780,  367,  654,  761,  562,  154,  561,  323,  626,  183,   64, 1139,  469,  115,  241,  902,  721,  836,  406,  792,  849, 1067, 1228,  410,  320,  560,  623,  689,  558,  113,  249,   83,  755,  375, 1059,  322,  880,  599,  605,  923,  728,  223,  246,  896,   24,  734, 1144,  594,  103,  410,  875,  850,  265,  123,   70,  402,  576,  721,  985,  908,  525,  625,  859,  563,  167,  149,  827,  323,  608,  709,  252,  579,  297,  588,  723,  197,  800,  393,  148, 1017,  335,  794,  705,  431,  392,  794,  889,  273,  391,  134, 1001,  335,  479,  949,  145,  576,  284, 1036,  605,  562,  885,  361,  738,  718,  322,  565,  770,  424,  662,  350,  496,  831,  691],
        [  339,    0,  399,  546,  585,  339,  553,  992,    0,  941,  302,  328, 1079,  913,  160,  479,  551,  628,  294, 1040,  607,  626,  590,  716,  369,  721,  426,  687,  285,   64, 1088,  824,  503,  683,  859,  411,  532,   66,  388,  762,  440,  448,  103,  705,  905,  853,  724,  789,  812,  294,  840,  714,  878,  510,  844,  756,  826,  591,  810, 1014,  169,  789,  879,  922,  404,  437,  324,  749,  857,  264,   78,  282,  821,  708,  623,  519,  454,  708,  993,  784, 1072,  857,  871,  236,  714,  311,  754,  906,  518,  632,  902,  919,  101,  974,  855,  168,  651, 1053,  676,  569,  505,  866,  918,  957,  742,  749,  271,  364,  361,  573,  708,  235,  446,  865,  844,  369,  802,  388,  515,  790,  639,  730,  880,  544,  984,  251,  904,  874,  348,  689,  914,  412,  579,  858,  771,  408,  725,  720, 1009,   26,  898,  614,  186,  993,  559,  931,   68,  638,  443,  149,  772,  898,  275,  678,  457,  239,  597,  333,  820,  794,  842,  763],
        [  655,    0,  865,  615,  377,  663,  692,  194,  941,    0,  895,  655,  274,  447, 1089,  730,  929,  745,  953,  247,  947,  327,  871,  532,  852,  405,  516,  734,  656,  949,  214,  849,  528,  864,  826,  968,  649,  947,  684,  210,  955,  574, 1022,  398,  658,  156,  427,  657,  155,  778,  502,  483,  892,  457,  163,  675,  153,  697,  210,  150, 1100,  591,  169,   49,  933,  755,  848,  248,  917,  848, 1018, 1200,  540,  379,  414,  672,  725,  659,   93,  335,  219,  883,  520, 1049,  228,  891,  712,  750,  976,  811,   45,  406,  854,  201,  862, 1103,  438,  159,  484,  941,  903,  405,   88,  241,  248,  401,  680, 1005,  792,  577,  456,  851,  496,  288,  204,  713,  165,  580,  573,  153,  427,  214,  728,  785,   44,  788,  546,  112, 1032,  387,  929,  730,  364,  533,  903,  921,  242,  250,  323,  945,  488,  357,  935,   70,  632,  447,  975,  451,  551,  816,  471,  874,  670,  277,  571,  706,  451,  632,  478,  316,  951,  803],
        [  252,    0,  102,  710,  520,  494,  747,  886,  302,  895,    0,  258,  957,  727,  329,  688,  249,  359,   60,  920,  306,  572,  293,  851,   79,  809,  436,  887,  343,  245,  990,  538,  616,  390,  579,  123,  709,  367,  570,  766,  144,  575,  281,  790,  663,  855,  821,  543,  745,  122,  639,  831,  588,  567,  760,  505,  821,  339,  716,  925,  339,  562,  784,  892,  106,  185,   51,  771,  563,   65,  328,  383,  608,  569,  702,  290,  214,  462,  921,  644,  968,  568,  663,  191,  684,   10,  493,  642,  220,  347,  865,  746,  240,  864,  568,  350,  746,  968,  498,  267,  204,  694,  846,  834,  761,  837,  283,  118,  594,  378,  815,   86,  458,  731,  743,  565,  795,  332,  657,  747,  728,  689,  619,  266,  938,  135,  690,  802,  138,  552,  622,  185,  555,  647,  476,  107,  654,  731,  863,  328,  700,  649,  124,  930,  341,  745,  369,  737,  345,  363,  584,  612,  307,  619,  326,  349,  463,  292,  627,  852,  545,  483],
        [   18,    0,  274,  489,  280,  295,  542,  676,  328,  655,  258,    0,  759,  586,  452,  498,  410,  373,  310,  720,  458,  329,  403,  610,  247,  555,  180,  677,  131,  314,  776,  578,  377,  470,  600,  362,  496,  363,  376,  510,  365,  346,  385,  536,  602,  601,  569,  493,  512,  137,  518,  584,  636,  313,  535,  466,  567,  319,  496,  706,  464,  480,  566,  646,  332,  214,  222,  513,  628,  201,  398,  553,  503,  381,  449,  239,  207,  417,  693,  457,  758,  616,  550,  395,  435,  257,  475,  621,  421,  406,  621,  592,  228,  657,  608,  469,  496,  746,  351,  429,  365,  539,  617,  635,  504,  583,   80,  375,  439,  260,  566,  199,  201,  540,  529,  382,  542,   77,  428,  504,  476,  443,  592,  321,  698,  134,  585,  572,  395,  362,  678,  173,  301,  539,  555,  323,  420,  474,  683,  343,  574,  391,  280,  697,  263,  604,  384,  488,  117,  268,  447,  648,   98,  379,  131,  176,  269,   37,  496,  594,  629,  512],
        [  753,    0,  900,  857,  498,  857,  937,   97, 1079,  274,  957,  759,    0,  299, 1211,  963,  918,  708, 1016,   40,  919,  465,  846,  797,  897,  667,  670,  994,  804, 1072,   89,  745,  751,  808,  709,  999,  889, 1099,  896,  456,  977,  788, 1143,  658,  513,  426,  690,  560,  296,  855,  391,  746,  774,  659,  250,  591,  414,  678,  273,  124, 1222,  497,  210,  322,  965,  786,  906,  500,  808,  924, 1153, 1308,  435,  389,  656,  684,  754,  596,  182,  313,   65,  771,  391, 1135,  418,  950,  628,  611,  977,  771,  309,  259,  982,  109,  750, 1227,  689,  133,  468,  924,  905,  294,  215,  124,  497,  667,  808, 1051, 1005,  587,  718,  936,  655,  226,  238,  923,  416,  693,  806,  349,  675,  394,  597,  776,  266,  878,  399,  244, 1085,  406,  804,  774,  525,  409,  821,  952,  367,  487,  118, 1089,  346,  576, 1027,  212,  635,  289, 1125,  701,  643,  976,  403,  748,  806,  416,  643,  861,  498,  747,  381,  585,  850,  718],
        [  574,    0,  653,  853,  403,  777,  933,  289,  913,  447,  727,  586,  299,    0, 1020,  934,  642,  428,  785,  280,  635,  403,  566,  855,  657,  731,  568, 1026,  672,  890,  374,  446,  726,  516,  411,  745,  880,  948,  838,  526,  718,  743,  956,  715,  220,  549,  756,  263,  346,  646,   98,  806,  477,  618,  304,  297,  520,  410,  276,  352, 1032,  203,  281,  484,  713,  545,  677,  569,  510,  709,  978, 1102,  140,  226,  676,  438,  514,  309,  393,  175,  346,  472,   92,  916,  435,  719,  333,  317,  705,  487,  456,   43,  812,  269,  451, 1039,  724,  390,  238,  645,  636,   60,  359,  221,  561,  743,  654,  805,  939,  352,  776,  727,  562,  164,  258,  860,  506,  539,  790,  408,  704,  411,  301,  508,  467,  679,  104,  346,  842,  244,  508,  544,  467,  111,  523,  699,  344,  534,  182,  928,   48,  576,  819,  422,  388,   19,  969,  730,  476,  842,  144,  452,  660,  378,  456,  731,  324,  588,  101,  681,  551,  420],
        [  459,    0,  430,  701,  724,  498,  702, 1127,  160, 1089,  329,  452, 1211, 1020,    0,  626,  560,  686,  292, 1172,  615,  769,  617,  873,  407,  880,  575,  831,  436,  141, 1226,  866,  662,  715,  907,  402,  685,  193,  543,  916,  438,  607,   68,  865,  984, 1008,  883,  865,  955,  376,  940,  872,  914,  667,  983,  828,  979,  660,  946, 1154,   12,  876, 1016, 1073,  409,  502,  369,  905,  887,  321,   89,  123,  915,  830,  782,  599,  526,  783, 1137,  907, 1209,  894,  968,  169,  863,  339,  819,  969,  512,  675, 1051, 1032,  236, 1108,  896,   22,  810, 1194,  783,  576,  521,  979, 1061, 1087,  898,  908,  411,  337,  503,  671,  867,  298,  596,  991,  979,  522,  955,  521,  673,  938,  798,  876,  946,  594, 1132,  342,  999, 1017,  307,  811,  946,  488,  726,  954,  798,  418,  865,  874, 1132,  168, 1000,  770,  210, 1138,  646, 1039,  168,  797,  568,  308,  877,  940,  420,  821,  573,  394,  717,  466,  924,  952,  864,  811],
        [  515,    0,  747,  122,  532,  204,   79,  866,  479,  730,  688,  498,  963,  934,  626,    0,  898,  864,  713,  925,  950,  535,  900,  286,  715,  358,  389,  208,  369,  533,  932, 1065,  215,  968, 1081,  810,   89,  434,  123,  520,  826,  192,  580,  354, 1034,  587,  347,  946,  669,  596,  906,  308, 1124,  318,  718,  929,  579,  807,  709,  857,  632,  912,  759,  691,  788,  710,  676,  483, 1120,  625,  538,  745,  910,  712,  316,  728,  705,  882,  813,  762,  928, 1105,  939,  706,  546,  692,  946, 1079,  896,  902,  685,  919,  469,  857, 1094,  626,  301,  881,  750,  918,  851,  876,  753,  864,  483,  378,  430,  790,  125,  714,  319,  602,  386,  812,  744,  124,  565,  478,  158,  615,  307,  572, 1049,  819,  764,  561,  978,  720,  789,  696, 1167,  670,  469,  936, 1051,  785,  615,  483,  944,  462,  944,  387,  619,  797,  738,  948,  459,  286,  534,  343,  832, 1131,  406,  570,  578,  343,  640,  466,  877,  457, 1124,  999],
        [  395,    0,  158,  898,  588,  696,  948,  867,  551,  929,  249,  410,  918,  642,  560,  898,    0,  214,  270,  887,   57,  639,   80, 1016,  190,  947,  576, 1086,  532,  493,  970,  323,  786,  170,  372,  162,  904,  615,  777,  851,  125,  756,  522,  927,  510,  931,  964,  400,  775,  304,  544,  986,  364,  710,  773,  360,  894,  241,  726,  918,  569,  444,  786,  939,  152,  204,  235,  868,  332,  295,  573,  583,  504,  557,  843,  259,  224,  335,  930,  620,  945,  345,  559,  398,  752,  240,  333,  460,   68,  161,  908,  672,  482,  844,  351,  581,  894,  962,  458,   20,   49,  628,  862,  804,  858,  973,  470,  232,  819,  353,  965,  324,  593,  701,  744,  777,  869,  460,  838,  797,  873,  748,  444,  146,  968,  344,  574,  822,  270,  546,  391,  243,  647,  540,  243,  145,  694,  824,  808,  576,  603,  768,  370,  947,  298,  658,  617,  889,  436,  598,  515,  394,  494,  674,  396,  557,  481,  446,  545,  968,  305,  284],
        [  356,    0,  262,  835,  444,  663,  899,  663,  628,  745,  359,  373,  708,  428,  686,  864,  214,    0,  407,  679,  212,  489,  139,  921,  281,  832,  492, 1028,  503,  583,  765,  206,  709,  124,  234,  335,  849,  683,  743,  699,  303,  693,  633,  812,  310,  769,  852,  194,  594,  336,  331,  884,  264,  615,  584,  153,  732,   61,  537,  717,  696,  231,  591,  761,  309,  192,  317,  724,  257,  371,  673,  738,  290,  367,  736,  137,  178,  121,  735,  421,  739,  244,  345,  545,  594,  349,  136,  284,  279,   67,  730,  459,  537,  640,  236,  707,  790,  761,  262,  218,  214,  416,  671,  598,  714,  856,  451,  403,  811,  185,  859,  398,  504,  497,  550,  752,  709,  388,  770,  626,  767,  585,  261,   95,  781,  380,  362,  635,  442,  360,  305,  220,  515,  327,  193,  295,  522,  680,  597,  650,  389,  647,  477,  755,  138,  444,  694,  788,  338,  624,  305,  277,  471,  513,  292,  547,  317,  401,  332,  834,  263,  141],
        [  305,    0,  145,  743,  578,  525,  776,  945,  294,  953,   60,  310, 1016,  785,  292,  713,  270,  407,    0,  980,  326,  629,  326,  891,  130,  855,  486,  915,  383,  232, 1049,  576,  656,  425,  619,  118,  740,  360,  598,  820,  150,  613,  253,  836,  714,  910,  866,  595,  803,  177,  696,  873,  624,  613,  819,  555,  876,  392,  775,  984,  301,  616,  844,  949,  118,  241,  111,  823,  596,  110,  305,  332,  664,  628,  748,  347,  272,  514,  980,  704, 1027,  604,  720,  139,  740,   67,  542,  689,  228,  387,  922,  804,  250,  924,  606,  313,  791, 1027,  557,  287,  230,  753,  905,  894,  814,  883,  326,   78,  612,  436,  858,  120,  507,  791,  803,  590,  850,  385,  694,  804,  773,  746,  667,  312,  996,  180,  745,  861,   86,  612,  655,  245,  609,  703,  507,  127,  713,  784,  923,  320,  757,  699,  109,  989,  398,  803,  357,  781,  402,  378,  642,  650,  348,  677,  385,  381,  522,  342,  685,  901,  573,  524],
        [  714,    0,  865,  820,  458,  818,  901,   61, 1040,  247,  920,  720,   40,  280, 1172,  925,  887,  679,  980,    0,  890,  425,  816,  764,  861,  634,  630,  960,  764, 1033,   95,  724,  713,  781,  690,  965,  852, 1060,  857,  422,  943,  749, 1104,  624,  497,  396,  658,  537,  257,  818,  367,  714,  756,  620,  211,  566,  382,  646,  234,  102, 1183,  473,  170,  296,  931,  751,  870,  466,  789,  887, 1113, 1270,  411,  352,  620,  650,  719,  568,  160,  277,   67,  751,  370, 1097,  380,  914,  604,  595,  945,  743,  280,  238,  943,   70,  730, 1188,  654,  123,  434,  894,  873,  268,  182,   87,  462,  635,  769, 1016,  966,  552,  685,  898,  616,  190,  198,  884,  383,  653,  768,  312,  639,  355,  580,  744,  245,  840,  382,  208, 1049,  369,  787,  738,  486,  388,  797,  917,  327,  451,  103, 1049,  327,  538,  989,  191,  601,  271, 1085,  665,  604,  936,  374,  731,  766,  376,  605,  821,  461,  708,  355,  554,  829,  694],
        [  442,    0,  214,  946,  618,  746,  998,  874,  607,  947,  306,  458,  919,  635,  615,  950,   57,  212,  326,  890,    0,  667,   76, 1058,  246,  986,  618, 1134,  582,  550,  976,  283,  831,  135,  333,  214,  953,  671,  827,  880,  178,  803,  578,  966,  487,  957, 1003,  384,  793,  358,  538, 1027,  318,  752,  788,  345,  920,  251,  741,  927,  624,  434,  799,  959,  208,  247,  291,  899,  284,  352,  629,  634,  496,  571,  883,  285,  262,  327,  942,  629,  950,  300,  549,  451,  778,  297,  314,  428,  109,  149,  928,  668,  539,  851,  308,  635,  935,  971,  469,   39,  104,  627,  876,  809,  889, 1011,  520,  283,  872,  372, 1006,  380,  635,  708,  757,  829,  895,  503,  885,  820,  913,  773,  415,  166,  985,  398,  560,  838,  320,  561,  342,  287,  680,  530,  196,  201,  716,  855,  807,  633,  595,  804,  427,  961,  318,  651,  674,  930,  474,  653,  517,  350,  545,  699,  432,  609,  504,  493,  541, 1002,  254,  252],
        [  329,    0,  552,  451,   53,  398,  531,  373,  626,  327,  572,  329,  465,  403,  769,  535,  639,  489,  629,  425,  667,    0,  594,  472,  536,  361,  206,  628,  343,  628,  464,  646,  324,  612,  642,  653,  478,  640,  447,  213,  644,  345,  701,  342,  536,  293,  384,  478,  187,  453,  389,  426,  700,  217,  221,  477,  256,  431,  192,  390,  780,  425,  258,  320,  619,  448,  527,  236,  713,  522,  702,  876,  404,  190,  284,  382,  420,  442,  369,  229,  450,  685,  421,  723,  114,  569,  507,  604,  677,  550,  293,  385,  534,  357,  669,  783,  336,  427,  265,  653,  606,  344,  293,  349,  226,  380,  358,  685,  553,  304,  398,  525,  191,  281,  229,  472,  231,  253,  388,  176,  314,  117,  575,  502,  370,  461,  459,  249,  710,  179,  743,  417,   67,  422,  673,  607,  100,  192,  420,  633,  417,  183,  608,  371,  355,  416,  666,  340,  228,  513,  320,  694,  351,   53,  253,  398,  174,  306,  358,  347,  735,  587],
        [  387,    0,  192,  889,  545,  696,  945,  799,  590,  871,  293,  403,  846,  566,  617,  900,   80,  139,  326,  816,   76,  594,    0,  995,  222,  919,  556, 1079,  531,  536,  901,  253,  771,  100,  299,  229,  898,  651,  778,  807,  192,  746,  573,  898,  430,  883,  937,  321,  718,  319,  468,  963,  299,  688,  713,  281,  846,  175,  665,  852,  626,  366,  723,  884,  211,  190,  266,  827,  272,  327,  620,  650,  427,  495,  817,  213,  200,  257,  867,  554,  875,  279,  481,  460,  705,  283,  253,  382,  148,   82,  853,  597,  512,  776,  282,  638,  869,  896,  393,   80,   99,  554,  801,  735,  817,  944,  471,  300,  830,  297,  940,  356,  571,  633,  681,  781,  821,  442,  826,  744,  847,  699,  365,   94,  909,  362,  495,  763,  339,  486,  330,  231,  609,  462,  183,  201,  641,  783,  735,  614,  526,  735,  417,  885,  243,  582,  657,  865,  408,  619,  443,  325,  495,  625,  364,  564,  429,  438,  470,  931,  253,  208],
        [  623,    0,  883,  177,  498,  381,  215,  704,  716,  532,  851,  610,  797,  855,  873,  286, 1016,  921,  891,  764, 1058,  472,  995,    0,  855,  131,  441,  204,  509,  758,  746, 1102,  236, 1040, 1104,  966,  202,  685,  332,  345,  973,  280,  818,  143, 1007,  377,  107,  946,  528,  738,  857,   51, 1159,  308,  579,  940,  384,  861,  589,  677,  881,  896,  617,  486,  938,  813,  825,  300, 1166,  787,  785,  996,  875,  660,  190,  792,  797,  901,  624,  683,  749, 1142,  888,  920,  421,  853,  967, 1074, 1031,  974,  491,  828,  676,  702, 1127,  878,  136,  690,  733, 1034,  972,  797,  583,  724,  306,  132,  569,  966,  401,  743,   81,  772,  424,  704,  617,  356,  382,  556,  203,  465,  159,  446, 1045,  904,  557,  717,  925,  561,  975,  650, 1202,  773,  421,  890, 1113,  931,  512,  325,  810,  706,  878,  289,  816,  601,  784,  865,  713,  135,  589,  569,  790, 1157,  545,  482,  634,  515,  630,  573,  826,  219, 1181, 1039],
        [  236,    0,   33,  725,  483,  515,  769,  830,  369,  852,   79,  247,  897,  657,  407,  715,  190,  281,  130,  861,  246,  536,  222,  855,    0,  801,  425,  908,  355,  315,  934,  462,  621,  316,  502,  119,  728,  430,  595,  738,  119,  585,  357,  781,  585,  825,  815,  466,  700,  120,  567,  830,  513,  559,  710,  427,  789,  263,  665,  872,  417,  487,  732,  853,   86,  113,   46,  747,  490,  107,  401,  460,  535,  511,  694,  219,  145,  385,  872,  585,  911,  493,  590,  267,  649,   69,  415,  564,  181,  270,  824,  678,  294,  807,  492,  428,  742,  915,  433,  210,  143,  627,  798,  775,  737,  828,  292,  156,  631,  312,  812,  136,  445,  671,  690,  593,  763,  312,  668,  707,  722,  651,  541,  188,  894,  155,  616,  755,  189,  495,  548,  125,  526,  574,  403,   77,  611,  705,  799,  393,  628,  632,  200,  883,  270,  675,  436,  735,  311,  408,  515,  536,  317,  580,  283,  373,  410,  283,  557,  836,  474,  406],
        [  566,    0,  826,  237,  394,  384,  303,  574,  721,  405,  809,  555,  667,  731,  880,  358,  947,  832,  855,  634,  986,  361,  919,  131,  801,    0,  377,  330,  476,  754,  618, 1003,  219,  954, 1001,  917,  270,  700,  361,  215,  919,  274,  820,   21,  892,  250,   25,  838,  399,  690,  738,   80, 1059,  243,  450,  836,  254,  772,  461,  548,  889,  785,  487,  359,  887,  745,  776,  170, 1069,  747,  795, 1002,  759,  544,  108,  710,  725,  800,  496,  561,  620, 1043,  768,  902,  297,  809,  866,  963,  970,  889,  363,  703,  664,  572, 1027,  887,   70,  563,  625,  965,  907,  674,  453,  594,  176,   29,  530,  926,  454,  650,   52,  736,  357,  577,  489,  390,  252,  492,  224,  335,   84,  321,  935,  826,  431,  676,  805,  431,  940,  537, 1101,  706,  320,  772, 1022,  878,  389,  198,  680,  714,  756,  186,  792,  474,  695,  740,  729,   85,  512,  573,  675, 1054,  508,  363,  555,  497,  528,  520,  708,  100, 1088,  942],
        [  190,    0,  450,  344,  176,  211,  412,  578,  426,  516,  436,  180,  670,  568,  575,  389,  576,  492,  486,  630,  618,  206,  556,  441,  425,  377,    0,  536,  141,  436,  669,  686,  218,  606,  697,  541,  360,  436,  278,  345,  543,  205,  508,  357,  647,  437,  392,  558,  390,  316,  526,  411,  745,  136,  426,  542,  407,  432,  397,  594,  586,  524,  464,  498,  510,  373,  401,  342,  745,  376,  503,  689,  526,  343,  271,  358,  357,  496,  569,  406,  656,  726,  559,  554,  288,  436,  561,  691,  595,  540,  476,  560,  340,  562,  714,  589,  320,  631,  365,  594,  533,  512,  495,  553,  333,  404,  172,  553,  373,  328,  390,  369,   23,  474,  433,  297,  382,  117,  278,  365,  299,  304,  661,  465,  558,  306,  598,  452,  571,  325,  788,  333,  154,  554,  684,  501,  306,  306,  618,  431,  570,  214,  439,  568,  358,  584,  463,  313,  154,  307,  451,  748,  158,  258,  200,  193,  255,  145,  498,  416,  755,  620],
        [  693,    0,  939,  193,  642,  394,  140,  900,  687,  734,  887,  677,  994, 1026,  831,  208, 1086, 1028,  915,  960, 1134,  628, 1079,  204,  908,  330,  536,    0,  555,  740,  947, 1222,  322, 1139, 1231, 1008,  182,  639,  317,  539, 1022,  335,  787,  337, 1158,  579,  308, 1083,  716,  788, 1016,  252, 1280,  427,  767, 1072,  583,  968,  771,  877,  837, 1040,  807,  688,  984,  890,  871,  494, 1281,  823,  743,  950, 1028,  817,  352,  892,  881, 1028,  825,  852,  949, 1262, 1048,  913,  601,  891, 1094, 1215, 1088, 1072,  692, 1004,  675,  896, 1249,  831,  309,  892,  876, 1105, 1039,  967,  779,  914,  499,  334,  617,  993,  329,  862,  279,  802,  527,  884,  802,  327,  579,  642,  259,  654,  327,  627, 1186,  993,  759,  757, 1086,  755,  994,  804, 1323,  849,  568, 1048, 1219,  980,  686,  513,  999,  669, 1044,  451,  824,  803,  894, 1038,  664,  300,  690,  551,  945, 1283,  593,  649,  736,  538,  767,  642,  985,  422, 1290, 1156],
        [  149,    0,  385,  370,  306,  166,  417,  714,  285,  656,  343,  131,  804,  672,  436,  369,  532,  503,  383,  764,  582,  343,  531,  509,  355,  476,  141,  555,    0,  297,  807,  707,  274,  601,  728,  460,  374,  297,  247,  481,  471,  233,  369,  458,  716,  573,  485,  612,  529,  235,  616,  490,  766,  241,  563,  588,  544,  448,  532,  732,  447,  592,  599,  638,  434,  341,  320,  472,  759,  279,  363,  551,  607,  452,  370,  368,  337,  539,  709,  523,  792,  746,  649,  429,  429,  346,  600,  743,  535,  536,  617,  671,  202,  697,  737,  449,  410,  770,  448,  551,  485,  619,  635,  683,  465,  504,   63,  457,  309,  375,  477,  264,  161,  599,  567,  251,  520,  137,  315,  505,  393,  445,  714,  451,  699,  209,  686,  591,  467,  433,  808,  301,  294,  640,  686,  429,  443,  440,  743,  291,  667,  339,  317,  708,  387,  689,  323,  400,  202,  174,  542,  776,   39,  396,  237,   60,  349,  103,  591,  533,  759,  641],
        [  322,    0,  344,  592,  583,  378,  605,  988,   64,  949,  245,  314, 1072,  890,  141,  533,  493,  583,  232, 1033,  550,  628,  536,  758,  315,  754,  436,  740,  297,    0, 1086,  775,  538,  631,  812,  349,  580,  130,  435,  778,  380,  485,   73,  737,  869,  870,  759,  751,  814,  254,  813,  752,  827,  532,  843,  716,  841,  550,  806, 1014,  153,  756,  876,  933,  344,  393,  272,  768,  805,  214,   91,  255,  791,  693,  653,  482,  413,  669,  996,  770, 1069,  807,  843,  175,  722,  254,  712,  864,  458,  582,  911,  899,   96,  968,  805,  157,  685, 1053,  652,  511,  448,  846,  920,  948,  761,  782,  270,  301,  417,  544,  744,  186,  457,  853,  839,  418,  816,  381,  556,  797,  671,  736,  838,  496,  992,  214,  875,  876,  285,  674,  862,  372,  586,  829,  718,  349,  725,  737,  996,   90,  872,  634,  125,  998,  525,  908,  126,  672,  430,  193,  747,  849,  279,  680,  438,  260,  581,  326,  795,  821,  788,  716],
        [  772,    0,  939,  821,  504,  844,  900,  105, 1088,  214,  990,  776,   89,  374, 1226,  932,  970,  765, 1049,   95,  976,  464,  901,  746,  934,  618,  669,  947,  807, 1086,    0,  817,  724,  870,  784, 1041,  855, 1104,  875,  415, 1021,  765, 1158,  611,  591,  370,  640,  629,  281,  882,  459,  696,  850,  640,  245,  657,  365,  730,  281,   77, 1238,  564,  211,  262, 1007,  826,  939,  457,  882,  952, 1164, 1329,  503,  424,  619,  728,  794,  657,  123,  353,   29,  845,  464, 1161,  398,  984,  695,  689, 1027,  830,  256,  332,  994,  128,  824, 1242,  647,   57,  514,  978,  954,  359,  181,  167,  455,  615,  818, 1089,  984,  629,  669,  961,  652,  269,  249,  904,  372,  706,  775,  322,  635,  375,  674,  826,  196,  901,  476,  221, 1121,  440,  881,  810,  519,  481,  889,  993,  365,  450,  197, 1096,  421,  549, 1051,  146,  680,  365, 1130,  660,  662,  976,  461,  825,  813,  412,  668,  862,  527,  761,  446,  529,  923,  786],
        [  560,    0,  437, 1030,  610,  866, 1096,  726,  824,  849,  538,  578,  745,  446,  866, 1065,  323,  206,  576,  724,  283,  646,  253, 1102,  462, 1003,  686, 1222,  707,  775,  817,    0,  901,  154,   53,  481, 1045,  882,  945,  846,  444,  890,  818,  984,  245,  904, 1025,  193,  709,  536,  360, 1062,   59,  802,  687,  176,  868,  260,  643,  787,  876,  259,  682,  874,  463,  391,  504,  878,   69,  562,  862,  902,  317,  486,  914,  340,  382,  205,  817,  514,  789,   41,  355,  712,  739,  528,  141,  160,  389,  193,  843,  487,  737,  704,   32,  887,  968,  828,  387,  314,  351,  462,  766,  657,  867, 1025,  656,  552, 1016,  361, 1035,  590,  695,  570,  645,  955,  847,  588,  963,  754,  945,  725,  159,  280,  879,  581,  349,  737,  591,  486,  102,  424,  685,  337,   96,  452,  655,  834,  627,  847,  399,  819,  661,  842,  329,  457,  891,  968,  534,  829,  378,   75,  676,  658,  488,  752,  476,  605,  377,  991,  106,   67],
        [  391,    0,  649,  132,  328,  166,  209,  654,  503,  528,  616,  377,  751,  726,  662,  215,  786,  709,  656,  713,  831,  324,  771,  236,  621,  219,  218,  322,  274,  538,  724,  901,    0,  823,  909,  731,  156,  483,  159,  319,  739,   57,  602,  204,  841,  397,  222,  762,  456,  503,  704,  219,  959,  109,  504,  750,  382,  649,  495,  648,  671,  721,  545,  493,  703,  585,  590,  288,  961,  552,  577,  784,  712,  507,  129,  575,  571,  706,  607,  552,  718,  941,  737,  691,  333,  618,  772,  894,  798,  757,  483,  708,  450,  644,  928,  669,  149,  675,  557,  804,  741,  667,  544,  650,  285,  246,  334,  731,  265,  541,  208,  537,  206,  599,  530,  189,  365,  329,   66,  404,  138,  358,  865,  681,  565,  481,  776,  508,  740,  493, 1002,  544,  259,  735,  901,  696,  401,  279,  730,  496,  738,  176,  585,  594,  574,  739,  512,  135,  371,  355,  631,  961,  310,  357,  417,  284,  447,  341,  674,  299,  972,  836],
        [  453,    0,  289,  947,  568,  765, 1007,  771,  683,  864,  390,  470,  808,  516,  715,  968,  170,  124,  425,  781,  135,  612,  100, 1040,  316,  954,  606, 1139,  601,  631,  870,  154,  823,    0,  202,  327,  959,  744,  846,  823,  290,  804,  670,  934,  354,  893,  974,  257,  714,  404,  420, 1004,  200,  733,  702,  220,  855,  183,  654,  827,  725,  313,  706,  881,  310,  265,  360,  848,  174,  420,  717,  748,  376,  486,  856,  249,  264,  213,  849,  534,  843,  180,  427,  559,  718,  380,  186,  294,  236,   67,  850,  552,  602,  748,  183,  736,  910,  871,  381,  162,  198,  514,  787,  704,  838,  978,  544,  398,  905,  309,  980,  449,  619,  606,  665,  852,  832,  497,  882,  748,  887,  708,  281,  151,  899,  448,  434,  753,  437,  480,  232,  303,  638,  407,   89,  300,  644,  804,  693,  708,  473,  769,  514,  870,  260,  531,  751,  907,  453,  703,  410,  226,  566,  636,  407,  639,  440,  502,  427,  957,  162,  118],
        [  583,    0,  478, 1039,  608,  884, 1108,  695,  859,  826,  579,  600,  709,  411,  907, 1081,  372,  234,  619,  690,  333,  642,  299, 1104,  502, 1001,  697, 1231,  728,  812,  784,   53,  909,  202,    0,  527, 1057,  915,  962,  836,  490,  901,  858,  982,  201,  889, 1023,  171,  691,  568,  329, 1062,   67,  808,  665,  166,  854,  282,  623,  757,  917,  236,  658,  854,  508,  424,  542,  869,  101,  599,  901,  947,  288,  473,  915,  362,  411,  204,  790,  494,  756,   63,  321,  756,  729,  569,  138,  111,  438,  233,  823,  453,  770,  673,   42,  928,  969,  797,  378,  363,  397,  431,  742,  626,  859, 1021,  679,  598, 1036,  370, 1035,  627,  705,  543,  623,  973,  834,  604,  973,  739,  946,  713,  114,  316,  855,  613,  310,  715,  637,  475,  104,  454,  684,  304,  148,  497,  643,  826,  591,  882,  364,  818,  701,  816,  344,  421,  926,  969,  547,  857,  357,   53,  698,  650,  503,  776,  475,  625,  350,  984,  146,   97],
        [  352,    0,  103,  829,  601,  614,  868,  936,  411,  968,  123,  362,  999,  745,  402,  810,  162,  335,  118,  965,  214,  653,  229,  966,  119,  917,  541, 1008,  460,  349, 1041,  481,  731,  327,  527,    0,  830,  476,  691,  856,   38,  692,  368,  897,  645,  943,  930,  529,  814,  229,  651,  944,  524,  674,  823,  488,  907,  337,  776,  981,  410,  561,  843,  969,   35,  216,  142,  866,  493,  186,  422,  423,  615,  618,  810,  315,  248,  453,  984,  689, 1017,  504,  671,  238,  767,  118,  468,  607,  111,  301,  941,  770,  359,  914,  509,  422,  857, 1025,  532,  176,  130,  721,  911,  879,  856,  944,  399,   72,  716,  413,  926,  208,  561,  775,  801,  686,  882,  430,  775,  824,  837,  769,  588,  243, 1009,  253,  692,  868,  111,  603,  552,  239,  645,  653,  404,   48,  726,  824,  897,  436,  712,  750,  225,  996,  365,  763,  475,  849,  429,  484,  607,  552,  423,  697,  401,  470,  521,  398,  645,  954,  466,  435],
        [  512,    0,  758,   35,  483,  216,   54,  793,  532,  649,  709,  496,  889,  880,  685,   89,  904,  849,  740,  852,  953,  478,  898,  202,  728,  270,  360,  182,  374,  580,  855, 1045,  156,  959, 1057,  830,    0,  493,  146,  440,  843,  156,  634,  267,  995,  504,  259,  914,  598,  608,  859,  221, 1104,  265,  648,  900,  497,  790,  642,  780,  692,  875,  689,  608,  805,  709,  691,  401, 1104,  645,  596,  806,  867,  662,  236,  713,  700,  855,  734,  706,  852, 1086,  893,  749,  476,  713,  921, 1047,  908,  893,  605,  862,  506,  785, 1073,  687,  216,  802,  711,  924,  858,  821,  677,  795,  402,  290,  436,  818,  200,  688,  231,  625,  353,  750,  676,  164,  485,  462,   91,  541,  223,  502, 1017,  813,  682,  578,  931,  646,  821,  648, 1147,  668,  414,  891, 1039,  800,  551,  405,  877,  518,  894,  317,  654,  717,  717,  893,  520,  201,  512,  388,  787, 1108,  412,  508,  558,  361,  601,  461,  830,  369, 1111,  980],
