{
    "name": "random-25-15007",
    "comment": "size=25 seed=15007",
    "nodes": ["+0", "-0", "+1", "-1", "+2", "-2", "+3", "-3", "+4", "-4", "+5", "-5", "+6", "-6", "+7", "-7", "+8", "-8", "+9", "-9", "+10", "-10", "+11", "-11", "+12", "-12", "+13", "-13", "+14", "-14", "+15", "-15", "+16", "-16", "+17", "-17", "+18", "-18", "+19", "-19", "+20", "-20", "+21", "-21", "+22", "-22", "+23", "-23", "+24", "-24", "+25", "-25"],
    "precedence": {
        "+0": "-0",
        "+1": "-1",
        "+2": "-2",
        "+3": "-3",
        "+4": "-4",
        "+5": "-5",
        "+6": "-6",
        "+7": "-7",
        "+8": "-8",
        "+9": "-9",
        "+10": "-10",
        "+11": "-11",
        "+12": "-12",
        "+13": "-13",
        "+14": "-14",
        "+15": "-15",
        "+16": "-16",
        "+17": "-17",
        "+18": "-18",
        "+19": "-19",
        "+20": "-20",
        "+21": "-21",
        "+22": "-22",
        "+23": "-23",
        "+24": "-24",
        "+25": "-25"
    },
    "edges": [
        [    0,    0,  313,   61,  303,  232,  302,  704,  570,  137,   21,  217,  594,  747,  649,  664,   50,  788,  843,  716,  569,  198,  774,  352,  204,  676,  555,   52,  677,  878,  268,  776,  759,  106,  810,  368,  713,  808,  812,  740,  685,  270,  215,  376,  801,  190,  781,  288,  358,  119,  194,  245],
        [    0,    0,  313,   61,  303,  232,  302,  704,  570,  137,   21,  217,  594,  747,  649,  664,   50,  788,  843,  716,  569,  198,  774,  352,  204,  676,  555,   52,  677,  878,  268,  776,  759,  106,  810,  368,  713,  808,  812,  740,  685,  270,  215,  376,  801,  190,  781,  288,  358,  119,  194,  245],
        [  313,  313,    0,  360,  418,  167,  533,  731,  437,  176,  318,  473,  473,  435,  616,  742,  308,  476,  672,  404,  444,  496,  481,  608,  231,  576,  363,  289,  637,  780,  461,  516,  669,  222,  616,  223,  592,  736,  685,  702,  638,  365,  371,  102,  563,  384,  473,  428,  515,  326,  465,  234],
        [   61,   61,  360,    0,  271,  291,  320,  751,  630,  187,   45,  159,  653,  795,  702,  703,   55,  833,  903,  762,  628,  141,  829,  356,  213,  734,  615,   72,  731,  934,  299,  834,  815,  141,  870,  428,  771,  863,  870,  792,  739,  321,  184,  430,  861,  230,  831,  331,  313,  168,  134,  305],
        [  303,  303,  418,  271,    0,  457,  590, 1002,  813,  325,  284,  196,  843,  802,  933,  966,  254,  816, 1073,  756,  815,  289,  886,  618,  190,  937,  765,  258,  960, 1144,  568,  933, 1026,  267, 1024,  590,  966, 1083, 1065, 1024,  965,  567,   89,  518,  980,  492,  854,  590,  101,  421,  220,  504],
        [  232,  232,  167,  291,  457,    0,  377,  586,  357,  133,  247,  439,  387,  552,  490,  585,  254,  607,  624,  532,  359,  430,  554,  457,  278,  481,  326,  238,  514,  688,  301,  546,  571,  195,  584,  140,  509,  630,  608,  580,  518,  199,  384,  172,  570,  230,  576,  262,  540,  189,  421,   70],
        [  302,  302,  533,  320,  590,  377,    0,  502,  551,  388,  317,  438,  556,  922,  511,  423,  349,  980,  807,  906,  542,  355,  897,   87,  503,  597,  595,  354,  540,  764,   82,  851,  654,  394,  802,  447,  647,  678,  735,  589,  554,  212,  503,  546,  846,  149,  938,  151,  619,  215,  406,  326],
        [  704,  704,  731,  751, 1002,  586,  502,    0,  383,  697,  725,  901,  352,  919,  155,  123,  752,  995,  482,  933,  368,  836,  810,  552,  849,  289,  495,  745,  158,  329,  470,  695,  266,  743,  526,  515,  333,  240,  365,  146,  172,  436,  916,  668,  642,  523,  899,  422, 1062,  586,  871,  521],
        [  570,  570,  437,  630,  813,  357,  551,  383,    0,  490,  588,  786,   39,  537,  232,  455,  603,  613,  275,  553,   16,  758,  433,  634,  628,  143,  114,  588,  240,  344,  474,  335,  236,  551,  254,  225,  157,  306,  253,  296,  233,  355,  741,  346,  307,  463,  518,  402,  897,  480,  763,  326],
        [  137,  137,  176,  187,  325,  133,  388,  697,  490,    0,  144,  318,  520,  610,  613,  680,  139,  651,  755,  579,  492,  327,  643,  455,  153,  613,  453,  120,  639,  819,  329,  655,  702,   63,  713,  270,  642,  759,  741,  704,  644,  273,  251,  244,  688,  245,  645,  319,  407,  173,  304,  182],
        [   21,   21,  318,   45,  284,  247,  317,  725,  588,  144,    0,  198,  613,  753,  669,  683,   33,  793,  861,  722,  587,  185,  785,  363,  194,  695,  571,   41,  697,  897,  286,  790,  778,  104,  827,  384,  732,  827,  831,  760,  705,  291,  196,  386,  816,  209,  789,  308,  338,  139,  176,  263],
        [  217,  217,  473,  159,  196,  439,  438,  901,  786,  318,  198,    0,  810,  899,  859,  845,  185,  928, 1058,  860,  785,   97,  953,  448,  265,  892,  764,  202,  887, 1092,  438,  972,  973,  258, 1022,  578,  929, 1020, 1028,  948,  896,  477,  143,  557, 1005,  379,  943,  480,  188,  324,   32,  460],
        [  594,  594,  473,  653,  843,  387,  556,  352,   39,  520,  613,  810,    0,  569,  199,  430,  629,  647,  257,  587,   30,  779,  460,  638,  660,  105,  150,  614,  205,  308,  482,  354,  198,  580,  248,  258,  123,  268,  222,  259,  197,  367,  770,  383,  318,  477,  548,  410,  926,  499,  787,  351],
        [  747,  747,  435,  795,  802,  552,  922,  919,  537,  610,  753,  899,  569,    0,  767,  983,  743,   78,  599,   56,  551,  931,  165, 1005,  640,  654,  425,  724,  773,  797,  842,  303,  730,  656,  519,  485,  634,  802,  684,  823,  764,  718,  780,  382,  386,  780,   66,  786,  902,  739,  895,  596],
        [  649,  649,  616,  702,  933,  490,  511,  155,  232,  613,  669,  859,  199,  767,    0,  250,  692,  844,  349,  784,  217,  807,  656,  579,  764,  139,  345,  682,   30,  253,  457,  541,  150,  667,  382,  394,  188,  168,  245,   92,   43,  383,  851,  542,  490,  487,  746,  393, 1003,  535,  831,  432],
        [  664,  664,  742,  703,  966,  585,  423,  123,  455,  680,  683,  845,  430,  983,  250,    0,  713, 1057,  594,  991,  440,  771,  888,  460,  829,  389,  561,  709,  263,  451,  408,  783,  382,  718,  631,  542,  437,  362,  481,  266,  279,  408,  878,  694,  738,  475,  970,  376, 1016,  546,  814,  516],
        [   50,   50,  308,   55,  254,  254,  349,  752,  603,  139,   33,  185,  629,  743,  692,  713,    0,  780,  874,  709,  603,  189,  781,  394,  164,  714,  580,   20,  720,  917,  317,  792,  798,   88,  837,  393,  749,  849,  848,  783,  727,  317,  166,  382,  822,  240,  780,  337,  312,  168,  168,  278],
        [  788,  788,  476,  833,  816,  607,  980,  995,  613,  651,  793,  928,  647,   78,  844, 1057,  780,    0,  674,   75,  628,  966,  234, 1063,  665,  732,  501,  762,  850,  874,  901,  375,  808,  693,  594,  550,  712,  880,  761,  901,  842,  780,  802,  436,  459,  836,  125,  849,  915,  791,  926,  655],
        [  843,  843,  672,  903, 1073,  624,  807,  482,  275,  755,  861, 1058,  257,  599,  349,  594,  874,  674,    0,  637,  278, 1032,  443,  887,  884,  220,  310,  859,  332,  218,  736,  301,  217,  818,   81,  486,  167,  265,  122,  339,  316,  624, 1005,  572,  221,  734,  553,  664, 1161,  754, 1036,  599],
        [  716,  716,  404,  762,  756,  532,  906,  933,  553,  579,  722,  860,  587,   56,  784,  991,  709,   75,  637,    0,  567,  896,  214,  988,  599,  677,  440,  691,  792,  829,  827,  346,  756,  622,  557,  478,  660,  829,  717,  844,  784,  707,  738,  362,  429,  762,  121,  775,  856,  717,  857,  581],
        [  569,  569,  444,  628,  815,  359,  542,  368,   16,  492,  587,  785,   30,  551,  217,  440,  603,  628,  278,  567,    0,  755,  448,  625,  632,  133,  128,  588,  226,  337,  466,  349,  227,  553,  262,  229,  152,  296,  250,  283,  220,  348,  742,  355,  319,  457,  533,  394,  899,  476,  762,  325],
        [  198,  198,  496,  141,  289,  430,  355,  836,  758,  327,  185,   97,  779,  931,  807,  771,  189,  966, 1032,  896,  755,    0,  969,  357,  318,  853,  750,  208,  836, 1048,  366,  974,  930,  275, 1003,  564,  894,  971,  992,  894,  846,  427,  222,  570,  999,  320,  969,  417,  283,  280,   69,  436],
        [  774,  774,  481,  829,  886,  554,  897,  810,  433,  643,  785,  953,  460,  165,  656,  888,  781,  234,  443,  214,  448,  969,    0,  983,  707,  530,  332,  762,  657,  650,  815,  143,  596,  698,  363,  451,  501,  666,  538,  699,  646,  686,  849,  400,  226,  767,  111,  752,  986,  741,  943,  581],
        [  352,  352,  608,  356,  618,  457,   87,  552,  634,  455,  363,  448,  638, 1005,  579,  460,  394, 1063,  887,  988,  625,  357,  983,    0,  555,  674,  681,  402,  608,  832,  169,  937,  725,  451,  885,  533,  724,  744,  810,  652,  622,  298,  534,  628,  931,  228, 1023,  237,  635,  284,  417,  410],
        [  204,  204,  231,  213,  190,  278,  503,  849,  628,  153,  194,  265,  660,  640,  764,  829,  164,  665,  884,  599,  632,  318,  707,  555,    0,  757,  576,  154,  790,  964,  458,  746,  848,  114,  835,  404,  783,  907,  881,  855,  794,  421,  142,  329,  791,  374,  686,  461,  285,  298,  266,  333],
        [  676,  676,  576,  734,  937,  481,  597,  289,  143,  613,  695,  892,  105,  654,  139,  389,  714,  732,  220,  677,  133,  853,  530,  674,  757,    0,  248,  701,  131,  208,  531,  408,   94,  672,  244,  358,   53,  164,  141,  170,  118,  430,  861,  488,  353,  541,  626,  461, 1017,  573,  867,  438],
        [  555,  555,  363,  615,  765,  326,  595,  495,  114,  453,  571,  764,  150,  425,  345,  561,  580,  501,  310,  440,  128,  750,  332,  681,  576,  248,    0,  563,  353,  433,  514,  257,  337,  516,  261,  187,  246,  409,  330,  409,  346,  386,  700,  264,  256,  485,  410,  445,  855,  483,  746,  317],
        [   52,   52,  289,   72,  258,  238,  354,  745,  588,  120,   41,  202,  614,  724,  682,  709,   20,  762,  859,  691,  588,  208,  762,  402,  154,  701,  563,    0,  710,  905,  318,  773,  786,   69,  821,  377,  735,  838,  834,  773,  717,  309,  172,  363,  804,  238,  761,  334,  321,  164,  186,  264],
        [  677,  677,  637,  731,  960,  514,  540,  158,  240,  639,  697,  887,  205,  773,   30,  263,  720,  850,  332,  792,  226,  836,  657,  608,  790,  131,  353,  710,    0,  225,  487,  538,  126,  693,  370,  415,  176,  139,  223,   66,   17,  411,  878,  561,  484,  516,  750,  423, 1031,  564,  860,  458],
        [  878,  878,  780,  934, 1144,  688,  764,  329,  344,  819,  897, 1092,  308,  797,  253,  451,  917,  874,  218,  829,  337, 1048,  650,  832,  964,  208,  433,  905,  225,    0,  708,  510,  119,  878,  293,  564,  189,   91,  113,  189,  211,  622, 1067,  688,  434,  730,  757,  641, 1223,  770, 1066,  643],
        [  268,  268,  461,  299,  568,  301,   82,  470,  474,  329,  286,  438,  482,  842,  457,  408,  317,  901,  736,  827,  466,  366,  815,  169,  458,  531,  514,  318,  487,  708,    0,  770,  594,  345,  728,  365,  579,  625,  670,  540,  499,  130,  479,  468,  767,   85,  857,   73,  610,  161,  407,  247],
        [  776,  776,  516,  834,  933,  546,  851,  695,  335,  655,  790,  972,  354,  303,  541,  783,  792,  375,  301,  346,  349,  974,  143,  937,  746,  408,  257,  773,  538,  510,  770,    0,  464,  715,  222,  421,  373,  532,  400,  574,  526,  640,  884,  419,   84,  734,  253,  701, 1031,  723,  958,  556],
        [  759,  759,  669,  815, 1026,  571,  654,  266,  236,  702,  778,  973,  198,  730,  150,  382,  798,  808,  217,  756,  227,  930,  596,  725,  848,   94,  337,  786,  126,  119,  594,  464,    0,  760,  268,  451,   97,   74,  100,  123,  110,  504,  949,  581,  398,  613,  697,  526, 1104,  652,  948,  524],
        [  106,  106,  222,  141,  267,  195,  394,  743,  551,   63,  104,  258,  580,  656,  667,  718,   88,  693,  818,  622,  553,  275,  698,  451,  114,  672,  516,   69,  693,  878,  345,  715,  760,    0,  775,  332,  703,  816,  802,  758,  699,  311,  190,  300,  750,  262,  695,  348,  346,  185,  246,  237],
        [  810,  810,  616,  870, 1024,  584,  802,  526,  254,  713,  827, 1022,  248,  519,  382,  631,  837,  594,   81,  557,  262, 1003,  363,  885,  835,  244,  261,  821,  370,  293,  728,  222,  268,  775,    0,  445,  195,  327,  187,  389,  354,  608,  960,  515,  142,  716,  473,  655, 1115,  728, 1002,  567],
        [  368,  368,  223,  428,  590,  140,  447,  515,  225,  270,  384,  578,  258,  485,  394,  542,  393,  550,  486,  478,  229,  564,  451,  533,  404,  358,  187,  377,  415,  564,  365,  421,  451,  332,  445,    0,  380,  515,  477,  480,  415,  237,  520,  154,  436,  317,  494,  304,  676,  303,  559,  136],
        [  713,  713,  592,  771,  966,  509,  647,  333,  157,  642,  732,  929,  123,  634,  188,  437,  749,  712,  167,  660,  152,  894,  501,  724,  783,   53,  246,  735,  176,  189,  579,  373,   97,  703,  195,  380,    0,  169,  100,  202,  161,  474,  892,  500,  312,  585,  602,  508, 1048,  614,  905,  471],
        [  808,  808,  736,  863, 1083,  630,  678,  240,  306,  759,  827, 1020,  268,  802,  168,  362,  849,  880,  265,  829,  296,  971,  666,  744,  907,  164,  409,  838,  139,   91,  625,  532,   74,  816,  327,  515,  169,    0,  143,   99,  127,  546, 1003,  650,  463,  652,  768,  560, 1158,  697,  993,  579],
        [  812,  812,  685,  870, 1065,  608,  735,  365,  253,  741,  831, 1028,  222,  684,  245,  481,  848,  761,  122,  717,  250,  992,  538,  810,  881,  141,  330,  834,  223,  113,  670,  400,  100,  802,  187,  477,  100,  143,    0,  220,  207,  570,  991,  590,  326,  681,  645,  600, 1147,  712, 1004,  570],
        [  740,  740,  702,  792, 1024,  580,  589,  146,  296,  704,  760,  948,  259,  823,   92,  266,  783,  901,  339,  844,  283,  894,  699,  652,  855,  170,  409,  773,   66,  189,  540,  574,  123,  758,  389,  480,  202,   99,  220,    0,   66,  472,  942,  625,  514,  575,  796,  479, 1094,  625,  921,  523],
        [  685,  685,  638,  739,  965,  518,  554,  172,  233,  644,  705,  896,  197,  764,   43,  279,  727,  842,  316,  784,  220,  846,  646,  622,  794,  118,  346,  717,   17,  211,  499,  526,  110,  699,  354,  415,  161,  127,  207,   66,    0,  421,  884,  559,  470,  526,  740,  434, 1037,  573,  869,  463],
        [  270,  270,  365,  321,  567,  199,  212,  436,  355,  273,  291,  477,  367,  718,  383,  408,  317,  780,  624,  707,  348,  427,  686,  298,  421,  430,  386,  309,  411,  622,  130,  640,  504,  311,  608,  237,  474,  546,  570,  472,  421,    0,  480,  353,  639,  111,  731,   69,  628,  154,  449,  133],
        [  215,  215,  371,  184,   89,  384,  503,  916,  741,  251,  196,  143,  770,  780,  851,  878,  166,  802, 1005,  738,  742,  222,  849,  534,  142,  861,  700,  172,  878, 1067,  479,  884,  949,  190,  960,  520,  892, 1003,  991,  942,  884,  480,    0,  466,  926,  404,  827,  503,  157,  333,  157,  425],
        [  376,  376,  102,  430,  518,  172,  546,  668,  346,  244,  386,  557,  383,  382,  542,  694,  382,  436,  572,  362,  355,  570,  400,  628,  329,  488,  264,  363,  561,  688,  468,  419,  581,  300,  515,  154,  500,  650,  590,  625,  559,  353,  466,    0,  463,  401,  409,  421,  614,  358,  546,  223],
        [  801,  801,  563,  861,  980,  570,  846,  642,  307,  688,  816, 1005,  318,  386,  490,  738,  822,  459,  221,  429,  319,  999,  226,  931,  791,  353,  256,  804,  484,  434,  767,   84,  398,  750,  142,  436,  312,  463,  326,  514,  470,  639,  926,  463,    0,  740,  336,  696, 1076,  737,  989,  570],
        [  190,  190,  384,  230,  492,  230,  149,  523,  463,  245,  209,  379,  477,  780,  487,  475,  240,  836,  734,  762,  457,  320,  767,  228,  374,  541,  485,  238,  516,  730,   85,  734,  613,  262,  716,  317,  585,  652,  681,  575,  526,  111,  404,  401,  740,    0,  800,  102,  542,   77,  349,  187],
        [  781,  781,  473,  831,  854,  576,  938,  899,  518,  645,  789,  943,  548,   66,  746,  970,  780,  125,  553,  121,  533,  969,  111, 1023,  686,  626,  410,  761,  750,  757,  857,  253,  697,  695,  473,  494,  602,  768,  645,  796,  740,  731,  827,  409,  336,  800,    0,  798,  954,  765,  936,  614],
        [  288,  288,  428,  331,  590,  262,  151,  422,  402,  319,  308,  480,  410,  786,  393,  376,  337,  849,  664,  775,  394,  417,  752,  237,  461,  461,  445,  334,  423,  641,   73,  701,  526,  348,  655,  304,  508,  560,  600,  479,  434,   69,  503,  421,  696,  102,  798,    0,  643,  170,  450,  199],
        [  358,  358,  515,  313,  101,  540,  619, 1062,  897,  407,  338,  188,  926,  902, 1003, 1016,  312,  915, 1161,  856,  899,  283,  986,  635,  285, 1017,  855,  321, 1031, 1223,  610, 1031, 1104,  346, 1115,  676, 1048, 1158, 1147, 1094, 1037,  628,  157,  614, 1076,  542,  954,  643,    0,  476,  219,  580],
        [  119,  119,  326,  168,  421,  189,  215,  586,  480,  173,  139,  324,  499,  739,  535,  546,  168,  791,  754,  717,  476,  280,  741,  284,  298,  573,  483,  164,  564,  770,  161,  723,  652,  185,  728,  303,  614,  697,  712,  625,  573,  154,  333,  358,  737,   77,  765,  170,  476,    0,  297,  168],
        [  194,  194,  465,  134,  220,  421,  406,  871,  763,  304,  176,   32,  787,  895,  831,  814,  168,  926, 1036,  857,  762,   69,  943,  417,  266,  867,  746,  186,  860, 1066,  407,  958,  948,  246, 1002,  559,  905,  993, 1004,  921,  869,  449,  157,  546,  989,  349,  936,  450,  219,  297,    0,  438],
        [  245,  245,  234,  305,  504,   70,  326,  521,  326,  182,  263,  460,  351,  596,  432,  516,  278,  655,  599,  581,  325,  436,  581,  410,  333,  438,  317,  264,  458,  643,  247,  556,  524,  237,  567,  136,  471,  579,  570,  523,  463,  133,  425,  223,  570,  187,  614,  199,  580,  168,  438,    0]
    ]
}
