{
    "name": "random-29-28664",
    "comment": "size=29 seed=28664",
    "nodes": ["+0", "-0", "+1", "-1", "+2", "-2", "+3", "-3", "+4", "-4", "+5", "-5", "+6", "-6", "+7", "-7", "+8", "-8", "+9", "-9", "+10", "-10", "+11", "-11", "+12", "-12", "+13", "-13", "+14", "-14", "+15", "-15", "+16", "-16", "+17", "-17", "+18", "-18", "+19", "-19", "+20", "-20", "+21", "-21", "+22", "-22", "+23", "-23", "+24", "-24", "+25", "-25", "+26", "-26", "+27", "-27", "+28", "-28", "+29", "-29"],
    "precedence": {
        "+0": "-0",
        "+1": "-1",
        "+2": "-2",
        "+3": "-3",
        "+4": "-4",
        "+5": "-5",
        "+6": "-6",
        "+7": "-7",
        "+8": "-8",
        "+9": "-9",
        "+10": "-10",
        "+11": "-11",
        "+12": "-12",
        "+13": "-13",
        "+14": "-14",
        "+15": "-15",
        "+16": "-16",
        "+17": "-17",
        "+18": "-18",
        "+19": "-19",
        "+20": "-20",
        "+21": "-21",
        "+22": "-22",
        "+23": "-23",
        "+24": "-24",
        "+25": "-25",
        "+26": "-26",
        "+27": "-27",
        "+28": "-28",
        "+29": "-29"
    },
    "edges": [
        [    0,    0,  675,  945,  743,  527,  459,  817,  574,  655,  670,  950,  804,  944,  186,  685,  653,  200,  863,  948,  624,  657,  989,  392,  580,  778,   60,  861,  692,  470,  825,  877,  875,  715,  292,  731,  919,  724,  329,  443,  783,  277,  500,  770,  903,  580,  839,  862,  364,  356,  640, 1029,  734,  819,  775,  740,  859,  735,  422,  542],
        [    0,    0,  675,  945,  743,  527,  459,  817,  574,  655,  670,  950,  804,  944,  186,  685,  653,  200,  863,  948,  624,  657,  989,  392,  580,  778,   60,  861,  692,  470,  825,  877,  875,  715,  292,  731,  919,  724,  329,  443,  783,  277,  500,  770,  903,  580,  839,  862,  364,  356,  640, 1029,  734,  819,  775,  740,  859,  735,  422,  542],
        [  675,  675,    0,  642,  320,  154,  414,  556,  911,  331,   17,  725,  894,  838,  814,  423,  336,  675,  343,  727,  869, 1105,  953,  298,  969,  215,  628,  866, 1087,  454, 1056,  734,  500,  714,  886,  238,  726,  610,  875,  471,  728,  827,  394,  182,  747,  104, 1161,  686,  688,  606,   35,  941,  591,  930, 1092, 1127, 1241, 1089,  698,  136],
        [  945,  945,  642,    0,  323,  699,  491,  129,  731,  348,  658,  111,  488,  276, 1130,  276,  346,  799,  342,  116,  627,  942,  404,  651,  807,  446,  936,  394,  878,  475,  702,  199,  148,  355,  968,  405,  143,  255,  912,  503,  295,  895,  454,  482,  189,  692,  855,  157,  673,  624,  642,  358,  232,  523,  805,  895,  967,  838,  630,  636],
        [  743,  743,  320,  323,    0,  385,  308,  241,  749,   96,  336,  407,  636,  531,  918,  145,  101,  653,  133,  409,  674,  963,  653,  380,  819,  145,  717,  585,  923,  322,  827,  427,  185,  455,  857,   86,  411,  332,  821,  352,  446,  786,  265,  177,  437,  372,  957,  376,  587,  511,  319,  632,  306,  674,  893,  954, 1053,  905,  569,  322],
        [  527,  527,  154,  699,  385,    0,  351,  593,  828,  356,  147,  765,  864,  852,  661,  443,  359,  549,  451,  766,  802, 1007,  956,  176,  878,  328,  478,  854, 1000,  394, 1001,  752,  569,  693,  755,  320,  757,  609,  751,  402,  722,  701,  347,  304,  769,   54, 1091,  709,  589,  510,  121,  956,  596,  896, 1020, 1042, 1160, 1009,  610,   64],
        [  459,  459,  414,  491,  308,  351,    0,  363,  499,  213,  421,  513,  517,  550,  642,  227,  209,  346,  438,  511,  457,  699,  634,  208,  560,  393,  446,  521,  676,   44,  652,  462,  418,  356,  550,  327,  489,  304,  516,   58,  400,  480,   44,  403,  485,  381,  749,  433,  293,  212,  387,  650,  303,  548,  679,  714,  827,  676,  290,  306],
        [  817,  817,  556,  129,  241,  593,  363,    0,  638,  238,  571,  173,  439,  292, 1002,  155,  234,  674,  307,  174,  541,  853,  417,  529,  713,  381,  808,  366,  796,  347,  648,  189,  129,  276,  848,  326,  171,  154,  796,  375,  237,  775,  327,  415,  197,  592,  794,  137,  555,  501,  550,  392,  125,  477,  737,  818,  901,  763,  515,  530],
        [  574,  574,  911,  731,  749,  828,  499,  638,    0,  662,  918,  669,  327,  567,  713,  611,  656,  381,  875,  664,  113,  217,  543,  656,   76,  870,  614,  428,  178,  462,  258,  562,  759,  378,  374,  800,  625,  485,  303,  442,  446,  330,  525,  887,  585,  867,  276,  583,  249,  320,  883,  608,  513,  319,  207,  216,  333,  183,  219,  795],
        [  655,  655,  331,  348,   96,  356,  213,  238,  662,    0,  345,  410,  577,  509,  834,   93,    7,  558,  228,  411,  593,  874,  622,  311,  731,  211,  633,  539,  837,  227,  757,  406,  233,  394,  761,  141,  404,  282,  725,  257,  399,  690,  170,  234,  420,  356,  880,  359,  492,  416,  320,  613,  261,  614,  814,  870,  973,  823,  476,  293],
        [  670,  670,   17,  658,  336,  147,  421,  571,  918,  345,    0,  741,  906,  852,  807,  437,  350,  676,  360,  742,  877, 1110,  967,  297,  975,  232,  623,  879, 1094,  462, 1065,  749,  516,  726,  886,  254,  741,  624,  876,  478,  741,  827,  403,  199,  762,   95, 1170,  701,  693,  611,   36,  956,  604,  941, 1100, 1134, 1248, 1096,  704,  135],
        [  950,  950,  725,  111,  407,  765,  513,  173,  669,  410,  741,    0,  397,  167, 1135,  325,  406,  788,  445,    6,  560,  873,  294,  694,  743,  540,  948,  296,  803,  488,  610,  109,  248,  294,  939,  492,   45,  228,  879,  512,  223,  868,  481,  575,   90,  764,  766,   93,  648,  611,  721,  248,  217,  430,  720,  816,  879,  758,  599,  702],
        [  804,  804,  894,  488,  636,  864,  517,  439,  327,  577,  906,  397,    0,  258,  972,  494,  570,  607,  736,  392,  218,  500,  216,  722,  391,  779,  827,  110,  421,  474,  215,  291,  568,  183,  678,  711,  354,  306,  608,  475,  203,  619,  517,  806,  308,  887,  369,  331,  441,  458,  875,  282,  334,   39,  325,  427,  483,  369,  383,  813],
        [  944,  944,  838,  276,  531,  852,  550,  292,  567,  509,  852,  167,  258,    0, 1126,  417,  504,  763,  593,  162,  455,  755,  130,  751,  637,  672,  953,  150,  679,  516,  463,  104,  399,  232,  882,  616,  135,  249,  816,  532,  161,  815,  530,  706,   97,  860,  620,  155,  606,  590,  828,  105,  258,  286,  582,  685,  735,  627,  550,  792],
        [  186,  186,  814, 1130,  918,  661,  642, 1002,  713,  834,  807, 1135,  972, 1126,    0,  868,  832,  368, 1034, 1133,  780,  753, 1165,  552,  704,  941,  202, 1036,  804,  655,  970, 1061, 1057,  895,  368,  899, 1104,  909,  428,  628,  965,  387,  683,  930, 1087,  713,  961, 1047,  533,  537,  780, 1208,  919,  984,  903,  850,  963,  856,  591,  688],
        [  685,  685,  423,  276,  145,  443,  227,  155,  611,   93,  437,  325,  494,  417,  868,    0,   88,  563,  265,  325,  532,  827,  530,  376,  683,  286,  670,  449,  782,  223,  682,  314,  192,  311,  755,  218,  315,  193,  712,  254,  310,  683,  186,  313,  329,  446,  812,  268,  471,  403,  412,  521,  170,  531,  749,  812,  910,  763,  445,  381],
        [  653,  653,  336,  346,  101,  359,  209,  234,  656,    7,  350,  406,  570,  504,  832,   88,    0,  554,  233,  407,  587,  868,  617,  312,  725,  218,  632,  533,  831,  222,  750,  401,  233,  388,  757,  147,  399,  276,  720,  252,  393,  686,  166,  240,  415,  360,  874,  355,  487,  411,  325,  608,  255,  607,  808,  864,  966,  817,  470,  296],
        [  200,  200,  675,  799,  653,  549,  346,  674,  381,  558,  676,  788,  607,  763,  368,  563,  554,    0,  783,  785,  425,  496,  798,  379,  397,  723,  234,  669,  516,  341,  628,  705,  753,  532,  214,  663,  753,  560,  203,  310,  603,  152,  390,  724,  731,  599,  652,  697,  166,  178,  641,  842,  575,  620,  586,  563,  685,  551,  225,  541],
        [  863,  863,  343,  342,  133,  451,  438,  307,  875,  228,  360,  445,  736,  593, 1034,  265,  233,  783,    0,  448,  795, 1090,  721,  486,  946,  129,  834,  671, 1046,  454,  936,  494,  197,  559,  988,  138,  462,  432,  952,  484,  537,  917,  396,  162,  497,  423, 1072,  441,  719,  643,  356,  688,  403,  774, 1010, 1076, 1172, 1026,  700,  393],
        [  948,  948,  727,  116,  409,  766,  511,  174,  664,  411,  742,    6,  392,  162, 1133,  325,  407,  785,  448,    0,  555,  868,  289,  693,  738,  542,  946,  291,  798,  486,  605,  104,  251,  290,  935,  494,   40,  225,  875,  510,  218,  864,  480,  578,   84,  765,  760,   90,  644,  607,  722,  243,  214,  425,  715,  811,  874,  753,  595,  703],
        [  624,  624,  869,  627,  674,  802,  457,  541,  113,  593,  877,  560,  218,  455,  780,  532,  587,  425,  795,  555,    0,  316,  434,  637,  185,  804,  657,  316,  256,  416,  211,  452,  665,  272,  464,  733,  516,  387,  393,  402,  338,  410,  475,  824,  475,  836,  293,  475,  268,  316,  843,  497,  416,  216,  224,  282,  380,  232,  218,  762],
        [  657,  657, 1105,  942,  963, 1007,  699,  853,  217,  874, 1110,  873,  500,  755,  753,  827,  868,  496, 1090,  868,  316,    0,  706,  832,  144, 1080,  709,  608,   88,  665,  342,  765,  975,  587,  386, 1010,  829,  700,  331,  642,  652,  381,  729, 1095,  787, 1051,  244,  790,  419,  500, 1075,  778,  728,  480,  218,  116,  212,  156,  410,  982],
        [  989,  989,  953,  404,  653,  956,  634,  417,  543,  622,  967,  294,  216,  130, 1165,  530,  617,  798,  721,  289,  434,  706,    0,  841,  605,  796, 1005,  130,  624,  596,  384,  228,  528,  285,  889,  737,  265,  348,  820,  607,  236,  828,  620,  829,  225,  968,  539,  280,  634,  635,  941,   76,  364,  228,  512,  621,  654,  564,  576,  898],
        [  392,  392,  298,  651,  380,  176,  208,  529,  656,  311,  297,  694,  722,  751,  552,  376,  312,  379,  486,  693,  637,  832,  841,    0,  704,  390,  354,  728,  826,  250,  842,  658,  544,  563,  589,  349,  676,  503,  580,  248,  605,  531,  222,  380,  679,  222,  923,  623,  415,  337,  263,  853,  497,  752,  852,  869,  988,  838,  438,  163],
        [  580,  580,  969,  807,  819,  878,  560,  713,   76,  731,  975,  743,  391,  637,  704,  683,  725,  397,  946,  738,  185,  144,  605,  704,    0,  938,  625,  495,  124,  524,  286,  636,  833,  453,  348,  867,  699,  560,  279,  502,  521,  317,  589,  953,  659,  920,  260,  658,  291,  368,  940,  673,  589,  379,  200,  169,  291,  156,  272,  849],
        [  778,  778,  215,  446,  145,  328,  393,  381,  870,  211,  232,  540,  779,  672,  941,  286,  218,  723,  129,  542,  804, 1080,  796,  390,  938,    0,  743,  729, 1046,  420,  965,  569,  299,  597,  934,   71,  548,  475,  906,  447,  590,  866,  356,   37,  577,  297, 1091,  518,  685,  604,  228,  773,  450,  816, 1025, 1080, 1184, 1034,  676,  274],
        [   60,   60,  628,  936,  717,  478,  446,  808,  614,  633,  623,  948,  827,  953,  202,  670,  632,  234,  834,  946,  657,  709, 1005,  354,  625,  743,    0,  877,  740,  463,  861,  881,  858,  726,  350,  699,  919,  725,  383,  437,  792,  330,  485,  733,  906,  531,  883,  862,  392,  372,  593, 1041,  732,  844,  818,  788,  908,  780,  447,  498],
        [  861,  861,  866,  394,  585,  854,  521,  366,  428,  539,  879,  296,  110,  150, 1036,  449,  533,  669,  671,  291,  316,  608,  130,  728,  495,  729,  877,    0,  530,  480,  316,  196,  491,  166,  763,  665,  255,  258,  695,  488,  140,  700,  512,  759,  208,  871,  473,  243,  505,  506,  851,  183,  281,  137,  433,  536,  588,  478,  447,  799],
        [  692,  692, 1087,  878,  923, 1000,  676,  796,  178,  837, 1094,  803,  421,  679,  804,  782,  831,  516, 1046,  798,  256,   88,  624,  826,  124, 1046,  740,  530,    0,  639,  255,  695,  920,  524,  439,  975,  759,  642,  376,  619,  584,  422,  702, 1064,  715, 1040,  165,  723,  413,  490, 1059,  696,  672,  399,  131,   48,  169,   69,  392,  969],
        [  470,  470,  454,  475,  322,  394,   44,  347,  462,  227,  462,  488,  474,  516,  655,  223,  222,  341,  454,  486,  416,  665,  596,  250,  524,  420,  463,  480,  639,    0,  609,  431,  414,  315,  538,  352,  462,  272,  499,   32,  362,  466,   65,  432,  454,  424,  708,  405,  267,  190,  428,  614,  274,  505,  639,  677,  788,  636,  258,  349],
        [  825,  825, 1056,  702,  827, 1001,  652,  648,  258,  757, 1065,  610,  215,  463,  970,  682,  750,  628,  936,  605,  211,  342,  384,  842,  286,  965,  861,  316,  255,  609,    0,  505,  777,  377,  629,  895,  567,  505,  558,  600,  413,  587,  664,  990,  521, 1032,  158,  545,  477,  527, 1032,  459,  535,  180,  131,  243,  273,  189,  428,  958],
        [  877,  877,  734,  199,  427,  752,  462,  189,  562,  406,  749,  109,  291,  104, 1061,  314,  401,  705,  494,  104,  452,  765,  228,  658,  636,  569,  881,  196,  695,  431,  505,    0,  304,  191,  844,  512,   65,  159,  782,  450,  117,  775,  438,  603,   27,  758,  660,   53,  557,  529,  725,  208,  162,  326,  613,  708,  773,  650,  505,  691],
        [  875,  875,  500,  148,  185,  569,  418,  129,  759,  233,  516,  248,  568,  399, 1057,  192,  233,  753,  197,  251,  665,  975,  528,  544,  833,  299,  858,  491,  920,  414,  777,  304,    0,  405,  941,  262,  266,  279,  894,  445,  366,  868,  376,  335,  304,  556,  922,  252,  652,  589,  502,  492,  250,  606,  865,  944, 1029,  890,  619,  505],
        [  715,  715,  714,  355,  455,  693,  356,  276,  378,  394,  726,  294,  183,  232,  895,  311,  388,  532,  559,  290,  272,  587,  285,  563,  453,  597,  726,  166,  524,  315,  377,  191,  405,    0,  657,  528,  251,  129,  593,  324,   76,  588,  348,  624,  216,  712,  519,  206,  375,  359,  696,  315,  158,  221,  461,  543,  625,  488,  320,  639],
        [  292,  292,  886,  968,  857,  755,  550,  848,  374,  761,  886,  939,  678,  882,  368,  755,  757,  214,  988,  935,  464,  386,  889,  589,  348,  934,  350,  763,  439,  538,  629,  844,  941,  657,    0,  873,  900,  717,   72,  507,  732,   73,  593,  937,  870,  807,  599,  846,  295,  353,  852,  945,  737,  680,  546,  484,  596,  494,  341,  752],
        [  731,  731,  238,  405,   86,  320,  327,  326,  800,  141,  254,  492,  711,  616,  899,  218,  147,  663,  138,  494,  733, 1010,  737,  349,  867,   71,  699,  665,  975,  352,  895,  512,  262,  528,  873,    0,  496,  409,  843,  379,  525,  804,  289,   96,  522,  299, 1020,  461,  618,  538,  241,  717,  385,  748,  954, 1009, 1113,  963,  607,  260],
        [  919,  919,  726,  143,  411,  757,  489,  171,  625,  404,  741,   45,  354,  135, 1104,  315,  399,  753,  462,   40,  516,  829,  265,  676,  699,  548,  919,  255,  759,  462,  567,   65,  266,  251,  900,  496,    0,  195,  839,  484,  179,  829,  460,  583,   47,  759,  723,   58,  610,  576,  719,  227,  188,  388,  676,  772,  836,  714,  559,  695],
        [  724,  724,  610,  255,  332,  609,  304,  154,  485,  282,  624,  228,  306,  249,  909,  193,  276,  560,  432,  225,  387,  700,  348,  503,  560,  475,  725,  258,  642,  272,  505,  159,  279,  129,  717,  409,  195,    0,  660,  292,  118,  645,  281,  505,  183,  621,  646,  138,  423,  383,  596,  351,   31,  344,  587,  665,  751,  611,  378,  551],
        [  329,  329,  875,  912,  821,  751,  516,  796,  303,  725,  876,  879,  608,  816,  428,  712,  720,  203,  952,  875,  393,  331,  820,  580,  279,  906,  383,  695,  376,  499,  558,  782,  894,  593,   72,  843,  839,  660,    0,  469,  669,   55,  557,  912,  808,  801,  534,  786,  243,  311,  841,  877,  681,  609,  478,  423,  538,  429,  283,  742],
        [  443,  443,  471,  503,  352,  402,   58,  375,  442,  257,  478,  512,  475,  532,  628,  254,  252,  310,  484,  510,  402,  642,  607,  248,  502,  447,  437,  488,  619,   32,  600,  450,  445,  324,  507,  379,  484,  292,  469,    0,  376,  435,   91,  458,  474,  434,  694,  427,  239,  160,  443,  628,  296,  504,  624,  657,  771,  619,  233,  360],
        [  783,  783,  728,  295,  446,  722,  400,  237,  446,  399,  741,  223,  203,  161,  965,  310,  393,  603,  537,  218,  338,  652,  236,  605,  521,  590,  792,  140,  584,  362,  413,  117,  366,   76,  732,  525,  179,  118,  669,  376,    0,  664,  384,  620,  141,  736,  563,  140,  449,  429,  713,  253,  141,  240,  510,  600,  673,  544,  395,  664],
        [  277,  277,  827,  895,  786,  701,  480,  775,  330,  690,  827,  868,  619,  815,  387,  683,  686,  152,  917,  864,  410,  381,  828,  531,  317,  866,  330,  700,  422,  466,  587,  775,  868,  588,   73,  804,  829,  645,   55,  435,  664,    0,  522,  870,  801,  751,  575,  775,  222,  280,  793,  881,  665,  624,  516,  469,  586,  470,  270,  693],
        [  500,  500,  394,  454,  265,  347,   44,  327,  525,  170,  403,  481,  517,  530,  683,  186,  166,  390,  396,  480,  475,  729,  620,  222,  589,  356,  485,  512,  702,   65,  664,  438,  376,  348,  593,  289,  460,  281,  557,   91,  384,  522,    0,  368,  459,  372,  768,  405,  330,  250,  370,  631,  277,  550,  699,  739,  850,  698,  322,  297],
        [  770,  770,  182,  482,  177,  304,  403,  415,  887,  234,  199,  575,  806,  706,  930,  313,  240,  724,  162,  578,  824, 1095,  829,  380,  953,   37,  733,  759, 1064,  432,  990,  603,  335,  624,  937,   96,  583,  505,  912,  458,  620,  870,  368,    0,  611,  269, 1113,  552,  695,  613,  198,  807,  480,  844, 1046, 1098, 1204, 1053,  689,  253],
        [  903,  903,  747,  189,  437,  769,  485,  197,  585,  420,  762,   90,  308,   97, 1087,  329,  415,  731,  497,   84,  475,  787,  225,  679,  659,  577,  906,  208,  715,  454,  521,   27,  304,  216,  870,  522,   47,  183,  808,  474,  141,  801,  459,  611,    0,  774,  676,   62,  583,  554,  739,  196,  183,  341,  631,  727,  790,  670,  531,  708],
        [  580,  580,  104,  692,  372,   54,  381,  592,  867,  356,   95,  764,  887,  860,  713,  446,  360,  599,  423,  765,  836, 1051,  968,  222,  920,  297,  531,  871, 1040,  424, 1032,  758,  556,  712,  807,  299,  759,  621,  801,  434,  736,  751,  372,  269,  774,    0, 1127,  714,  632,  552,   75,  965,  606,  920, 1056, 1082, 1199, 1048,  650,   75],
        [  839,  839, 1161,  855,  957, 1091,  749,  794,  276,  880, 1170,  766,  369,  620,  961,  812,  874,  652, 1072,  760,  293,  244,  539,  923,  260, 1091,  883,  473,  165,  708,  158,  660,  922,  519,  599, 1020,  723,  646,  534,  694,  563,  575,  768, 1113,  676, 1127,    0,  698,  524,  591, 1135,  614,  676,  336,   71,  128,  116,  106,  488, 1053],
        [  862,  862,  686,  157,  376,  709,  433,  137,  583,  359,  701,   93,  331,  155, 1047,  268,  355,  697,  441,   90,  475,  790,  280,  623,  658,  518,  862,  243,  723,  405,  545,   53,  252,  206,  846,  461,   58,  138,  786,  427,  140,  775,  405,  552,   62,  714,  698,    0,  555,  519,  678,  257,  131,  368,  648,  739,  810,  682,  506,  648],
        [  364,  364,  688,  673,  587,  589,  293,  555,  249,  492,  693,  648,  441,  606,  533,  471,  487,  166,  719,  644,  268,  419,  634,  415,  291,  685,  392,  505,  413,  267,  477,  557,  652,  375,  295,  618,  610,  423,  243,  239,  449,  222,  330,  695,  583,  632,  524,  555,    0,   83,  657,  680,  443,  455,  455,  457,  578,  432,   59,  563],
        [  356,  356,  606,  624,  511,  510,  212,  501,  320,  416,  611,  611,  458,  590,  537,  403,  411,  178,  643,  607,  316,  500,  635,  337,  368,  604,  372,  506,  490,  190,  527,  529,  589,  359,  353,  538,  576,  383,  311,  160,  429,  280,  250,  613,  554,  552,  591,  519,   83,    0,  575,  673,  398,  479,  520,  533,  652,  503,  103,  482],
        [  640,  640,   35,  642,  319,  121,  387,  550,  883,  320,   36,  721,  875,  828,  780,  412,  325,  641,  356,  722,  843, 1075,  941,  263,  940,  228,  593,  851, 1059,  428, 1032,  725,  502,  696,  852,  241,  719,  596,  841,  443,  713,  793,  370,  198,  739,   75, 1135,  678,  657,  575,    0,  932,  578,  910, 1066, 1099, 1213, 1061,  668,  101],
        [ 1029, 1029,  941,  358,  632,  956,  650,  392,  608,  613,  956,  248,  282,  105, 1208,  521,  608,  842,  688,  243,  497,  778,   76,  853,  673,  773, 1041,  183,  696,  614,  459,  208,  492,  315,  945,  717,  227,  351,  877,  628,  253,  881,  631,  807,  196,  965,  614,  257,  680,  673,  932,    0,  361,  298,  586,  695,  729,  638,  623,  896],
        [  734,  734,  591,  232,  306,  596,  303,  125,  513,  261,  604,  217,  334,  258,  919,  170,  255,  575,  403,  214,  416,  728,  364,  497,  589,  450,  732,  281,  672,  274,  535,  162,  250,  158,  737,  385,  188,   31,  681,  296,  141,  665,  277,  480,  183,  606,  676,  131,  443,  398,  578,  361,    0,  372,  617,  695,  781,  641,  399,  536],
        [  819,  819,  930,  523,  674,  896,  548,  477,  319,  614,  941,  430,   39,  286,  984,  531,  607,  620,  774,  425,  216,  480,  228,  752,  379,  816,  844,  137,  399,  505,  180,  326,  606,  221,  680,  748,  388,  344,  609,  504,  240,  624,  550,  844,  341,  920,  336,  368,  455,  479,  910,  298,  372,    0,  296,  401,  451,  343,  398,  846],
        [  775,  775, 1092,  805,  893, 1020,  679,  737,  207,  814, 1100,  720,  325,  582,  903,  749,  808,  586, 1010,  715,  224,  218,  512,  852,  200, 1025,  818,  433,  131,  639,  131,  613,  865,  461,  546,  954,  676,  587,  478,  624,  510,  516,  699, 1046,  631, 1056,   71,  648,  455,  520, 1066,  586,  617,  296,    0,  113,  164,   62,  418,  983],
        [  740,  740, 1127,  895,  954, 1042,  714,  818,  216,  870, 1134,  816,  427,  685,  850,  812,  864,  563, 1076,  811,  282,  116,  621,  869,  169, 1080,  788,  536,   48,  677,  243,  708,  944,  543,  484, 1009,  772,  665,  423,  657,  600,  469,  739, 1098,  727, 1082,  128,  739,  457,  533, 1099,  695,  695,  401,  113,    0,  122,   59,  433, 1011],
        [  859,  859, 1241,  967, 1053, 1160,  827,  901,  333,  973, 1248,  879,  483,  735,  963,  910,  966,  685, 1172,  874,  380,  212,  654,  988,  291, 1184,  908,  588,  169,  788,  273,  773, 1029,  625,  596, 1113,  836,  751,  538,  771,  673,  586,  850, 1204,  790, 1199,  116,  810,  578,  652, 1213,  729,  781,  451,  164,  122,    0,  152,  551, 1127],
        [  735,  735, 1089,  838,  905, 1009,  676,  763,  183,  823, 1096,  758,  369,  627,  856,  763,  817,  551, 1026,  753,  232,  156,  564,  838,  156, 1034,  780,  478,   69,  636,  189,  650,  890,  488,  494,  963,  714,  611,  429,  619,  544,  470,  698, 1053,  670, 1048,  106,  682,  432,  503, 1061,  638,  641,  343,   62,   59,  152,    0,  401,  975],
        [  422,  422,  698,  630,  569,  610,  290,  515,  219,  476,  704,  599,  383,  550,  591,  445,  470,  225,  700,  595,  218,  410,  576,  438,  272,  676,  447,  447,  392,  258,  428,  505,  619,  320,  341,  607,  559,  378,  283,  233,  395,  270,  322,  689,  531,  650,  488,  506,   59,  103,  668,  623,  399,  398,  418,  433,  551,  401,    0,  578],
        [  542,  542,  136,  636,  322,   64,  306,  530,  795,  293,  135,  702,  813,  792,  688,  381,  296,  541,  393,  703,  762,  982,  898,  163,  849,  274,  498,  799,  969,  349,  958,  691,  505,  639,  752,  260,  695,  551,  742,  360,  664,  693,  297,  253,  708,   75, 1053,  648,  563,  482,  101,  896,  536,  846,  983, 1011, 1127,  975,  578,    0]
    ]
}
