{
    "name": "random-88-31609",
    "comment": "size=88 seed=31609",
    "nodes": ["+0", "-0", "+1", "-1", "+2", "-2", "+3", "-3", "+4", "-4", "+5", "-5", "+6", "-6", "+7", "-7", "+8", "-8", "+9", "-9", "+10", "-10", "+11", "-11", "+12", "-12", "+13", "-13", "+14", "-14", "+15", "-15", "+16", "-16", "+17", "-17", "+18", "-18", "+19", "-19", "+20", "-20", "+21", "-21", "+22", "-22", "+23", "-23", "+24", "-24", "+25", "-25", "+26", "-26", "+27", "-27", "+28", "-28", "+29", "-29", "+30", "-30", "+31", "-31", "+32", "-32", "+33", "-33", "+34", "-34", "+35", "-35", "+36", "-36", "+37", "-37", "+38", "-38", "+39", "-39", "+40", "-40", "+41", "-41", "+42", "-42", "+43", "-43", "+44", "-44", "+45", "-45", "+46", "-46", "+47", "-47", "+48", "-48", "+49", "-49", "+50", "-50", "+51", "-51", "+52", "-52", "+53", "-53", "+54", "-54", "+55", "-55", "+56", "-56", "+57", "-57", "+58", "-58", "+59", "-59", "+60", "-60", "+61", "-61", "+62", "-62", "+63", "-63", "+64", "-64", "+65", "-65", "+66", "-66", "+67", "-67", "+68", "-68", "+69", "-69", "+70", "-70", "+71", "-71", "+72", "-72", "+73", "-73", "+74", "-74", "+75", "-75", "+76", "-76", "+77", "-77", "+78", "-78", "+79", "-79", "+80", "-80", "+81", "-81", "+82", "-82", "+83", "-83", "+84", "-84", "+85", "-85", "+86", "-86", "+87", "-87", "+88", "-88"],
    "precedence": {
        "+0": "-0",
        "+1": "-1",
        "+2": "-2",
        "+3": "-3",
        "+4": "-4",
        "+5": "-5",
        "+6": "-6",
        "+7": "-7",
        "+8": "-8",
        "+9": "-9",
        "+10": "-10",
        "+11": "-11",
        "+12": "-12",
        "+13": "-13",
        "+14": "-14",
        "+15": "-15",
        "+16": "-16",
        "+17": "-17",
        "+18": "-18",
        "+19": "-19",
        "+20": "-20",
        "+21": "-21",
        "+22": "-22",
        "+23": "-23",
        "+24": "-24",
        "+25": "-25",
        "+26": "-26",
        "+27": "-27",
        "+28": "-28",
        "+29": "-29",
        "+30": "-30",
        "+31": "-31",
        "+32": "-32",
        "+33": "-33",
        "+34": "-34",
        "+35": "-35",
        "+36": "-36",
        "+37": "-37",
        "+38": "-38",
        "+39": "-39",
        "+40": "-40",
        "+41": "-41",
        "+42": "-42",
        "+43": "-43",
        "+44": "-44",
        "+45": "-45",
        "+46": "-46",
        "+47": "-47",
        "+48": "-48",
        "+49": "-49",
        "+50": "-50",
        "+51": "-51",
        "+52": "-52",
        "+53": "-53",
        "+54": "-54",
        "+55": "-55",
        "+56": "-56",
        "+57": "-57",
        "+58": "-58",
        "+59": "-59",
        "+60": "-60",
        "+61": "-61",
        "+62": "-62",
        "+63": "-63",
        "+64": "-64",
        "+65": "-65",
        "+66": "-66",
        "+67": "-67",
        "+68": "-68",
        "+69": "-69",
        "+70": "-70",
        "+71": "-71",
        "+72": "-72",
        "+73": "-73",
        "+74": "-74",
        "+75": "-75",
        "+76": "-76",
        "+77": "-77",
        "+78": "-78",
        "+79": "-79",
        "+80": "-80",
        "+81": "-81",
        "+82": "-82",
        "+83": "-83",
        "+84": "-84",
        "+85": "-85",
        "+86": "-86",
        "+87": "-87",
        "+88": "-88"
    },
    "edges": [
        [    0,    0,  820,  406,  757,  438,  291,  568,  714,  210,  823,  366,  361,  532,  499,  479,  482,  856,  638,  129,  456,  222,  537,  650,  781,  556,  507,  188,  585,  537,  867,  527,  158,  463,  212,  637,  924,  706,  244,  161,  789,  816,  129,  923,  799,  592,  411,  854,  740,  525,  365,  865,  354,  529,  391,  775,  229,  869,  603,  970,  845,  580,  416,  509,  906,  559,  423,  479,  626,  314,  265,  540,  854,  516,  473,  413,  395,  927,  415,  315,  932,  628,  723,  633,  473,  820,  865,  786,  233,  693,  582,  688,  913,  712,  881,  815,  401,  885,  662,  250,  884,  407,  172,  940,  431,  650,  205,  407,  792,  508,  404,  724,  929,  712,  881,  596,   98,  538,  668,  613,  482,  550,  567,  612,  673,  114,  674,  641,  507,  197,  478,  419,  458,  352,  324,  479,  520,  747,   96,  356,  883,  256,  552,  807,  408,  465,  520,  439,  986,  882,  492,  716,  239,  488,  157,  483,  239,  625,  780,  970, 1064,  628,  295,  852,  234,  422,  938,  899,  746,  886,  996,  386,  304,   82,  263,  685,  670,  482],
        [    0,    0,    0,    0,    0,    0,    0,    0,    0,    0,    0,    0,    0,    0,    0,    0,    0,    0,    0,    0,    0,    0,    0,    0,    0,    0,    0,    0,    0,    0,    0,    0,    0,    0,    0,    0,    0,    0,    0,    0,    0,    0,    0,    0,    0,    0,    0,    0,    0,    0,    0,    0,    0,    0,    0,    0,    0,    0,    0,    0,    0,    0,    0,    0,    0,    0,    0,    0,    0,    0,    0,    0,    0,    0,    0,    0,    0,    0,    0,    0,    0,    0,    0,    0,    0,    0,    0,    0,    0,    0,    0,    0,    0,    0,    0,    0,    0,    0,    0,    0,    0,    0,    0,    0,    0,    0,    0,    0,    0,    0,    0,    0,    0,    0,    0,    0,    0,    0,    0,    0,    0,    0,    0,    0,    0,    0,    0,    0,    0,    0,    0,    0,    0,    0,    0,    0,    0,    0,    0,    0,    0,    0,    0,    0,    0,    0,    0,    0,    0,    0,    0,    0,    0,    0,    0,    0,    0,    0,    0,    0,    0,    0,    0,    0,    0,    0,    0,    0,    0,    0,    0,    0,    0,    0,    0,    0,    0,    0],
        [  820,    0,    0,  785,  523, 1126, 1007,  611,  207,  610,  195,  783,  620,  838,  406,  646,  661,  711,  752,  878,  858,  599,  291,  397,  887,  847,  653,  656,  380,  318,  201,  497,  688,  519,  753,  856,  636,  474,  591,  659,  267,   31,  727,  353,  614,  449,  980,  495,   84,  448,  997,   84,  698,  458,  712,  474,  651,  458,  788,  785,  351,  357,  724,  433,  208,  525, 1091,  759,  657,  710,  608,  309,  188,  436,  927,  572,  649,  355,  435,  804,  622,  193,  661,  189,  499,  722,  558,   57,  896,  322,  496,  386,  745,  112,  682,  120,  496,  753,  257,  825,   84,  514,  662,  123,  583,  285,  822,  811,  742,  762,  890,  251,  670,  226,   87,  599,  836,  282,  393,  789,  345,  586,  258,  208,  315,  875,  147,  373,  401,  669,  759,  731,  590,  676,  829,  688,  461,  483,  820,  487,  313,  567,  510,  870,  871,  496,  431,  537,  237,  199,  331,  107,  727,  867,  695,  868,  590,  252,  569,  289,  246,  525,  795,  262,  588,  421,  844,  121,  172,  201,  187, 1043,  865,  884,  936,  233,  303,  395],
        [  406,    0,  785,    0,  467,  383,  324,  249,  601,  384,  692,   40,  175,  129,  379,  161,  786,  497,  249,  323,   81,  375,  516,  444,  378,  153,  805,  302,  744,  472,  732,  749,  304,  267,  575,  232,  599,  443,  465,  370,  625,  797,  467,  720,  471,  372,  210,  579,  729,  343,  254,  857,  101,  729,   74,  507,  251,  612,  204,  603,  637,  722,   63,  353,  772,  299,  343,  821,  274,  118,  264,  628,  725,  701,  144,  214,  699,  724,  560,   97,  614,  618,  371,  614,  694,  454,  565,  733,  238,  518,  334,  477,  550,  708,  535,  838,  302,  517,  542,  169,  817,  277,  445,  880,  203,  517,  211,   28,  418,  112,  111,  582,  592,  792,  867,  278,  321,  562,  459,  213,  556,  251,  605,  608,  510,  336,  654,  453,  385,  496,   82,   58,  200,  671,  102,  794,  331,  477,  495,  354,  695,  434,  780,  407,   90,  682,  703,  248,  858,  749,  548,  709,  178,  104,  296,  101,  342,  534,  469,  806,  992,  349,  114,  688,  421,  397,  553,  812,  798,  753,  914,  301,  149,  386,  254,  766,  515,  626],
        [  757,    0,  523,  467,    0,  848,  785,  219,  324,  603,  347,  491,  402,  440,  311,  313,  913,  192,  293,  734,  507,  586,  420,  163,  383,  436,  921,  575,  721,  362,  371,  795,  602,  296,  831,  404,  176,   67,  652,  630,  264,  549,  743,  287,   93,  182,  670,  113,  517,  252,  720,  606,  439,  758,  420,   57,  528,  151,  348,  285,  217,  691,  411,  278,  400,  199,  808,  989,  210,  476,  497,  580,  372,  725,  571,  346,  852,  290,  614,  543,  179,  463,  156,  450,  758,  199,  108,  468,  684,  210,  177,  150,  235,  512,  175,  627,  374,  235,  295,  603,  508,  359,  686,  564,  330,  272,  629,  490,  223,  380,  571,  275,  193,  662,  607,  189,  711,  482,  154,  345,  538,  222,  513,  466,  226,  741,  467,  191,  305,  727,  397,  414,  307,  848,  559,  934,  252,   41,  816,  451,  282,  609,  823,  358,  549,  748,  723,  319,  474,  385,  516,  510,  541,  497,  602,  501,  550,  333,   47,  397,  643,  131,  548,  303,  615,  416,  326,  482,  634,  387,  568,  767,  607,  779,  710,  647,  240,  640],
        [  438,    0, 1126,  383,  848,    0,  148,  630,  963,  579, 1061,  366,  513,  429,  729,  543,  920,  849,  593,  313,  346,  581,  839,  821,  657,  444,  944,  501,  988,  809, 1103,  951,  477,  630,  648,  518,  967,  826,  647,  536,  999, 1133,  563, 1101,  841,  750,  180,  960, 1060,  710,  133, 1191,  442,  945,  442,  890,  486,  994,  534,  942, 1018,  975,  443,  713, 1143,  680,   40,  913,  646,  421,  526,  907, 1094,  926,  292,  570,  832, 1105,  801,  329,  984,  943,  736,  943,  894,  803,  941, 1079,  241,  892,  714,  856,  896, 1035,  894, 1158,  632,  859,  903,  303, 1171,  616,  588, 1233,  568,  881,  314,  358,  761,  472,  277,  951,  955, 1082, 1203,  659,  355,  868,  837,  542,  837,  634,  907,  930,  881,  326,  985,  828,  736,  626,  451,  439,  574,  789,  305,  916,  699,  859,  522,  646, 1074,  639,  978,  699,  299,  884,  930,  607, 1230, 1120,  838, 1037,  402,  363,  467,  358,  569,  885,  846, 1184, 1351,  731,  334, 1064,  617,  709,  870, 1172, 1103, 1124, 1275,   85,  264,  361,  200, 1055,  884,  872],
        [  291,    0, 1007,  324,  785,  148,    0,  567,  857,  438,  959,  295,  413,  411,  621,  473,  772,  819,  565,  166,  319,  442,  717,  733,  663,  431,  797,  364,  845,  694, 1003,  805,  338,  535,  501,  514,  923,  753,  503,  393,  904, 1012,  415, 1017,  794,  663,  182,  895,  937,  614,  111, 1067,  352,  800,  365,  820,  358,  924,  511,  921,  934,  834,  375,  612, 1043,  601,  134,  767,  598,  322,  400,  771,  992,  782,  292,  473,  684, 1021,  661,  243,  937,  820,  695,  821,  748,  775,  886,  963,  113,  798,  633,  770,  871,  911,  858, 1030,  520,  836,  797,  191, 1058,  509,  441, 1119,  477,  778,  187,  306,  736,  431,  244,  850,  916,  948, 1081,  597,  208,  740,  750,  521,  703,  564,  778,  806,  784,  179,  864,  735,  629,  478,  404,  373,  490,  642,  226,  769,  603,  790,  376,  522,  986,  497,  831,  700,  262,  739,  786,  510, 1129, 1019,  706,  914,  283,  346,  328,  340,  434,  775,  790, 1091, 1239,  660,  239,  970,  475,  587,  862, 1063,  972, 1023, 1164,  106,  178,  214,   77,  920,  785,  732],
        [  568,    0,  611,  249,  219,  630,  567,    0,  408,  450,  479,  273,  210,  242,  247,   97,  817,  289,  149,  528,  294,  435,  399,  224,  308,  244,  830,  400,  687,  340,  516,  731,  422,  154,  678,  246,  364,  199,  517,  464,  403,  629,  580,  480,  235,  162,  454,  331,  574,  180,  502,  691,  228,  701,  204,  260,  347,  364,  178,  404,  398,  659,  193,  206,  553,   87,  590,  878,   71,  267,  326,  550,  511,  668,  361,  170,  742,  483,  535,  326,  376,  483,  157,  474,  684,  257,  319,  555,  469,  304,  115,  250,  346,  560,  314,  689,  244,  322,  354,  389,  624,  218,  532,  686,  145,  327,  419,  273,  238,  171,  354,  375,  364,  681,  697,   31,  509,  459,  234,  180,  488,   32,  500,  478,  303,  536,  506,  243,  247,  579,  183,  195,  115,  728,  341,  833,  168,  230,  639,  329,  460,  475,  762,  309,  332,  673,  668,  163,  637,  532,  471,  559,  338,  289,  419,  292,  396,  366,  225,  575,  787,  105,  333,  461,  474,  327,  387,  611,  671,  535,  709,  549,  389,  578,  493,  659,  312,  582],
        [  714,    0,  207,  601,  324,  963,  857,  408,    0,  510,  110,  605,  450,  641,  236,  453,  688,  515,  547,  747,  671,  496,  195,  191,  681,  648,  688,  533,  443,  178,  153,  541,  565,  336,  701,  652,  458,  270,  519,  555,  106,  230,  646,  246,  416,  246,  805,  318,  194,  259,  831,  289,  523,  501,  531,  280,  512,  291,  585,  598,  199,  413,  539,  251,  193,  325,  926,  779,  452,  543,  469,  316,  141,  470,  740,  395,  650,  249,  404,  635,  447,  169,  456,  155,  520,  521,  376,  150,  744,  117,  294,  181,  553,  192,  491,  304,  337,  558,   61,  667,  218,  348,  580,  281,  400,   85,  672,  628,  539,  566,  710,   52,  488,  348,  293,  394,  709,  233,  187,  586,  308,  385,  243,  179,  109,  747,  154,  167,  228,  602,  566,  545,  402,  663,  659,  713,  271,  284,  737,  359,  198,  484,  564,  665,  690,  513,  466,  357,  276,  169,  285,  189,  574,  676,  570,  678,  475,   90,  370,  259,  392,  320,  629,  152,  501,  292,  649,  212,  314,  173,  314,  878,  700,  766,  782,  338,   98,  398],
        [  210,    0,  610,  384,  603,  579,  438,  450,  510,    0,  619,  353,  253,  506,  312,  381,  402,  734,  559,  284,  458,   17,  328,  473,  720,  529,  421,   88,  409,  333,  663,  382,  104,  312,  230,  595,  777,  544,   82,   50,  592,  607,  144,  731,  661,  425,  489,  686,  531,  354,  470,  657,  293,  371,  333,  609,  134,  694,  543,  849,  657,  397,  361,  332,  701,  413,  553,  442,  518,  266,  131,  339,  649,  349,  502,  281,  316,  735,  224,  328,  781,  418,  605,  423,  325,  706,  709,  576,  340,  503,  428,  508,  791,  504,  749,  610,  229,  770,  461,  300,  675,  245,   84,  730,  306,  453,  271,  398,  687,  455,  437,  526,  788,  515,  673,  472,  239,  329,  490,  552,  276,  425,  360,  403,  482,  277,  465,  459,  319,  129,  429,  367,  336,  291,  350,  411,  352,  585,  228,  161,  688,   61,  412,  736,  430,  314,  352,  294,  780,  677,  285,  507,  217,  486,  114,  482,   55,  421,  633,  768,  854,  481,  308,  654,   41,  221,  837,  690,  544,  681,  786,  507,  359,  277,  381,  487,  476,  294],
        [  823,    0,  195,  692,  347, 1061,  959,  479,  110,  619,    0,  699,  549,  719,  340,  538,  777,  528,  608,  854,  757,  605,  300,  256,  725,  723,  775,  641,  516,  287,   44,  623,  674,  431,  807,  717,  444,  309,  626,  664,   84,  225,  755,  167,  434,  324,  899,  303,  226,  352,  929,  272,  620,  582,  623,  294,  619,  265,  652,  595,  157,  488,  629,  349,   85,  402, 1023,  871,  512,  642,  576,  403,   34,  554,  826,  492,  746,  170,  503,  733,  429,  253,  496,  240,  609,  544,  367,  150,  848,  177,  368,  232,  557,  238,  495,  312,  443,  569,  164,  769,  163,  451,  688,  218,  494,  182,  777,  719,  569,  645,  802,  111,  478,  393,  269,  461,  817,  330,  246,  652,  406,  460,  332,  266,  183,  854,  221,  241,  332,  709,  649,  635,  492,  762,  756,  803,  363,  308,  845,  468,  122,  592,  643,  703,  781,  603,  550,  454,  170,   61,  384,  233,  678,  760,  679,  762,  584,  199,  390,  152,  309,  381,  728,   69,  609,  401,  660,  137,  348,   65,  230,  976,  798,  875,  884,  390,  178,  489],
        [  366,    0,  783,   40,  491,  366,  295,  273,  605,  353,  699,    0,  165,  167,  377,  180,  754,  531,  286,  284,  106,  345,  508,  456,  417,  191,  774,  269,  723,  467,  741,  723,  269,  270,  538,  272,  629,  463,  434,  336,  635,  793,  430,  736,  500,  384,  200,  603,  724,  348,  234,  853,   86,  705,   77,  529,  220,  633,  243,  638,  653,  702,   81,  355,  781,  315,  327,  786,  305,   91,  238,  612,  732,  678,  158,  212,  666,  740,  538,   59,  643,  611,  404,  608,  667,  489,  591,  732,  203,  528,  349,  491,  585,  702,  568,  831,  292,  552,  545,  131,  819,  270,  410,  882,  206,  521,  172,   46,  454,  149,  108,  589,  624,  778,  864,  303,  281,  550,  472,  252,  540,  272,  593,  600,  518,  296,  649,  463,  383,  462,  119,   78,  209,  637,   69,  761,  336,  499,  456,  336,  709,  405,  754,  446,   91,  656,  680,  249,  867,  758,  533,  703,  142,  134,  261,  130,  313,  534,  496,  819,  996,  369,   75,  699,  391,  385,  591,  816,  788,  761,  918,  282,  117,  346,  223,  752,  522,  604],
        [  361,    0,  620,  175,  402,  513,  413,  210,  450,  253,  549,  165,    0,  274,  217,  129,  644,  498,  306,  335,  255,  240,  344,  322,  468,  293,  661,  193,  573,  303,  592,  588,  213,  123,  475,  349,  565,  357,  328,  260,  492,  630,  373,  607,  439,  254,  361,  504,  560,  201,  382,  690,   79,  565,  104,  426,  138,  526,  293,  613,  524,  551,  127,  201,  632,  204,  476,  693,  272,   94,  124,  454,  582,  535,  318,   61,  563,  611,  394,  186,  574,  447,  366,  444,  535,  465,  509,  570,  303,  385,  232,  360,  555,  538,  521,  666,  128,  530,  390,  222,  660,  106,  330,  722,   72,  368,  237,  200,  442,  210,  272,  439,  568,  617,  701,  236,  310,  387,  340,  301,  383,  190,  430,  436,  372,  341,  485,  323,  223,  380,  189,  134,   98,  542,  210,  657,  191,  397,  430,  182,  574,  291,  620,  483,  255,  523,  537,   98,  719,  609,  374,  539,  142,  274,  210,  273,  202,  374,  421,  678,  839,  272,  180,  557,  283,  222,  590,  660,  624,  613,  762,  429,  250,  378,  337,  591,  374,  456],
        [  532,    0,  838,  129,  440,  429,  411,  242,  641,  506,  719,  167,  274,    0,  443,  193,  907,  421,  165,  442,   92,  496,  592,  463,  258,   25,  926,  427,  845,  540,  756,  861,  432,  327,  703,  108,  541,  435,  587,  496,  644,  854,  596,  717,  419,  397,  251,  552,  792,  391,  317,  915,  214,  838,  175,  490,  374,  591,  106,  516,  637,  821,  149,  409,  794,  318,  389,  946,  231,  242,  381,  720,  751,  809,  138,  291,  822,  720,  667,  219,  560,  689,  312,  682,  807,  375,  524,  783,  346,  543,  351,  491,  469,  774,  466,  905,  388,  432,  584,  289,  859,  360,  571,  922,  271,  558,  333,  127,  333,   77,  167,  613,  528,  875,  923,  265,  445,  644,  475,  114,  651,  259,  687,  681,  540,  456,  719,  480,  447,  623,   87,  142,  254,  795,  215,  917,  378,  461,  623,  454,  700,  554,  892,  292,  149,  795,  810,  316,  878,  773,  640,  774,  307,   67,  424,   73,  461,  587,  429,  815, 1026,  345,  238,  702,  542,  486,  452,  848,  874,  776,  948,  357,  252,  507,  351,  850,  547,  729],
        [  499,    0,  406,  379,  311,  729,  621,  247,  236,  312,  340,  377,  217,  443,    0,  250,  605,  476,  395,  517,  454,  295,  154,  164,  554,  455,  614,  312,  443,   98,  383,  498,  344,  117,  531,  482,  486,  246,  348,  349,  293,  418,  455,  425,  386,  132,  576,  380,  352,   71,  598,  479,  293,  464,  306,  306,  282,  384,  414,  585,  348,  414,  319,   42,  424,  167,  692,  679,  313,  309,  241,  304,  372,  431,  522,  166,  541,  429,  308,  402,  486,  246,  366,  240,  456,  460,  411,  355,  509,  195,  159,  198,  529,  332,  477,  463,  104,  517,  177,  432,  444,  113,  392,  506,  178,  158,  438,  406,  458,  367,  484,  233,  503,  438,  489,  250,  481,  213,  180,  418,  246,  216,  254,  239,  175,  518,  278,  148,    9,  427,  360,  326,  189,  538,  427,  625,   80,  285,  538,  152,  385,  306,  528,  552,  465,  445,  430,  132,  509,  400,  227,  333,  339,  465,  347,  466,  266,  157,  350,  478,  623,  214,  395,  358,  315,  106,  599,  444,  433,  404,  546,  645,  466,  542,  547,  415,  173,  344],
        [  479,    0,  646,  161,  313,  543,  473,   97,  453,  381,  538,  180,  129,  193,  250,    0,  766,  378,  180,  432,  220,  367,  401,  285,  344,  205,  781,  320,  667,  348,  577,  697,  339,  135,  604,  240,  460,  284,  454,  388,  467,  662,  501,  559,  331,  215,  370,  423,  599,  199,  412,  723,  132,  670,  108,  349,  265,  454,  176,  491,  477,  642,  100,  216,  616,  139,  503,  819,  147,  172,  252,  537,  571,  639,  289,  112,  686,  563,  500,  231,  472,  496,  245,  489,  646,  341,  415,  592,  373,  362,  174,  318,  435,  581,  407,  712,  207,  407,  395,  293,  671,  179,  459,  734,   87,  369,  323,  187,  315,  117,  270,  429,  458,  685,  731,  127,  415,  456,  300,  182,  469,   92,  499,  489,  356,  441,  527,  297,  254,  508,  114,  104,   64,  667,  247,  779,  186,  319,  554,  285,  535,  415,  728,  356,  249,  634,  639,  128,  702,  594,  456,  581,  244,  224,  334,  225,  328,  395,  321,  647,  842,  189,  237,  529,  409,  303,  463,  663,  683,  597,  764,  460,  295,  484,  398,  661,  362,  555],
        [  482,    0,  661,  786,  913,  920,  772,  817,  688,  402,  777,  754,  644,  907,  605,  766,    0, 1078,  944,  608,  859,  412,  509,  755, 1109,  929,   26,  486,  284,  558,  810,  166,  490,  664,  278,  992, 1086,  847,  321,  421,  793,  640,  359,  933,  990,  736,  870,  966,  582,  671,  836,  658,  694,  203,  733,  899,  535,  956,  936, 1189,  881,  305,  761,  642,  838,  757,  903,  100,  887,  668,  527,  374,  795,  227,  900,  656,   90,  936,  300,  725, 1083,  525,  961,  538,  169, 1059, 1007,  661,  701,  744,  759,  780, 1132,  559, 1081,  587,  573, 1118,  669,  684,  743,  600,  350,  775,  682,  677,  647,  800, 1050,  852,  833,  728, 1105,  452,  676,  832,  568,  457,  768,  944,  386,  787,  446,  512,  722,  594,  558,  730,  609,  303,  828,  767,  711,  131,  745,   29,  676,  884,  406,  488,  885,  355,  160, 1119,  828,  175,  231,  655,  891,  819,  410,  564,  615,  887,  500,  883,  447,  619,  953,  920,  885,  815,  704,  836,  366,  502, 1196,  777,  507,  822,  843,  864,  745,  562,  737,  436,  710,  291],
        [  856,    0,  711,  497,  192,  849,  819,  289,  515,  734,  528,  531,  498,  421,  476,  378, 1078,    0,  257,  806,  507,  718,  602,  349,  254,  407, 1088,  689,  904,  542,  546,  971,  711,  425,  964,  342,  141,  253,  795,  751,  447,  738,  867,  432,  100,  346,  671,  236,  708,  408,  734,  793,  508,  936,  477,  237,  636,  284,  315,  115,  382,  874,  457,  437,  569,  325,  810, 1148,  232,  548,  613,  763,  550,  903,  558,  455, 1010,  434,  783,  589,  163,  653,  133,  640,  931,   47,  175,  657,  734,  402,  320,  341,   58,  704,   54,  817,  514,   44,  485,  659,  690,  492,  817,  743,  433,  462,  694,  514,   92,  389,  581,  465,  115,  852,  793,  264,  792,  665,  343,  307,  715,  311,  699,  655,  417,  816,  658,  377,  472,  862,  416,  457,  403, 1002,  598, 1097,  403,  232,  928,  598,  443,  753, 1000,  215,  560,  920,  901,  441,  634,  558,  694,  701,  622,  487,  708,  492,  680,  522,  145,  549,  810,  264,  601,  476,  754,  577,  134,  661,  826,  559,  738,  776,  645,  861,  751,  837,  431,  816],
        [  638,    0,  752,  249,  293,  593,  565,  149,  547,  559,  608,  286,  306,  165,  395,  180,  944,  257,    0,  569,  251,  546,  547,  358,  166,  153,  959,  494,  832,  488,  640,  870,  509,  293,  779,  112,  377,  304,  633,  563,  527,  773,  674,  578,  258,  306,  415,  400,  720,  328,  478,  834,  285,  841,  247,  347,  438,  442,   61,  357,  503,  805,  222,  354,  674,  235,  554,  998,   96,  325,  429,  696,  637,  809,  302,  289,  865,  582,  672,  344,  396,  631,  150,  622,  820,  211,  365,  696,  486,  437,  259,  377,  307,  706,  301,  835,  379,  272,  496,  416,  760,  350,  635,  820,  263,  469,  456,  262,  172,  138,  325,  510,  363,  829,  839,  155,  562,  607,  365,   54,  633,  179,  649,  626,  440,  580,  653,  380,  395,  686,  167,  220,  235,  846,  350,  958,  317,  320,  720,  460,  568,  594,  901,  177,  305,  809,  809,  296,  755,  656,  616,  706,  399,  230,  504,  236,  507,  512,  274,  684,  915,  229,  359,  579,  588,  469,  305,  742,  819,  658,  837,  520,  395,  629,  500,  807,  450,  724],
        [  129,    0,  878,  323,  734,  313,  166,  528,  747,  284,  854,  284,  335,  442,  517,  432,  608,  806,  569,    0,  357,  290,  588,  652,  698,  466,  632,  223,  687,  575,  898,  641,  192,  453,  340,  550,  891,  691,  342,  236,  809,  879,  250,  934,  762,  586,  288,  839,  803,  526,  237,  932,  301,  638,  330,  760,  236,  860,  526,  917,  853,  677,  351,  517,  938,  538,  296,  607,  575,  261,  279,  622,  886,  621,  362,  395,  520,  938,  506,  227,  902,  687,  675,  690,  585,  766,  841,  839,  111,  706,  566,  690,  862,  776,  838,  889,  414,  831,  691,  155,  936,  410,  278,  995,  407,  675,  114,  317,  734,  433,  295,  749,  890,  798,  947,  557,   46,  602,  670,  536,  557,  516,  637,  672,  689,   16,  733,  648,  525,  313,  403,  352,  428,  478,  228,  606,  518,  731,  221,  394,  898,  341,  667,  729,  304,  575,  625,  428, 1022,  914,  563,  779,  194,  390,  184,  384,  290,  661,  750,  995, 1117,  605,  210,  874,  318,  462,  874,  945,  826,  918, 1045,  258,  196,   68,  136,  771,  688,  576],
        [  456,    0,  858,   81,  507,  346,  319,  294,  671,  458,  757,  106,  255,   92,  454,  220,  859,  507,  251,  357,    0,  450,  594,  504,  348,  114,  879,  373,  824,  548,  796,  828,  372,  339,  638,  198,  622,  492,  540,  440,  686,  871,  531,  773,  496,  434,  166,  619,  805,  413,  227,  932,  181,  808,  153,  552,  325,  655,  195,  606,  691,  802,  136,  426,  835,  358,  306,  890,  302,  195,  342,  708,  790,  781,   70,  290,  771,  776,  640,  142,  639,  696,  391,  691,  772,  462,  597,  806,  257,  581,  392,  536,  557,  785,  550,  915,  381,  521,  611,  207,  888,  356,  514,  951,  277,  586,  252,   60,  421,  128,   76,  648,  611,  871,  942,  321,  364,  641,  518,  204,  637,  304,  684,  686,  575,  371,  731,  517,  459,  565,  112,  129,  270,  741,  132,  866,  400,  522,  548,  434,  751,  510,  859,  383,   58,  761,  782,  323,  921,  813,  629,  785,  245,   33,  363,   27,  418,  607,  502,  865, 1061,  398,  164,  748,  496,  477,  544,  881,  877,  817,  982,  270,  164,  423,  260,  846,  581,  706],
        [  222,    0,  599,  375,  586,  581,  442,  435,  496,   17,  605,  345,  240,  496,  295,  367,  412,  718,  546,  290,  450,    0,  315,  456,  707,  518,  430,   84,  407,  318,  648,  386,  105,  296,  246,  584,  761,  527,   91,   61,  577,  597,  160,  715,  645,  408,  486,  670,  520,  337,  470,  647,  283,  372,  322,  593,  125,  678,  531,  833,  641,  394,  350,  315,  687,  397,  554,  455,  503,  257,  118,  333,  635,  350,  496,  266,  327,  719,  221,  323,  765,  407,  590,  411,  329,  690,  692,  564,  341,  487,  411,  492,  775,  493,  733,  601,  212,  754,  446,  297,  663,  229,  100,  718,  291,  437,  271,  390,  672,  443,  432,  510,  772,  509,  662,  457,  245,  318,  474,  539,  268,  409,  350,  391,  466,  284,  453,  442,  303,  145,  418,  356,  321,  303,  345,  421,  336,  568,  244,  145,  673,   62,  416,  723,  424,  318,  353,  278,  766,  663,  275,  496,  212,  477,  115,  474,   39,  407,  617,  753,  842,  465,  303,  638,   47,  206,  821,  677,  537,  667,  774,  508,  356,  287,  382,  481,  460,  292],
        [  537,    0,  291,  516,  420,  839,  717,  399,  195,  328,  300,  508,  344,  592,  154,  401,  509,  602,  547,  588,  594,  315,    0,  257,  704,  605,  512,  367,  302,   62,  342,  377,  399,  266,  507,  635,  586,  354,  327,  376,  293,  295,  458,  436,  507,  262,  700,  459,  221,  220,  712,  352,  422,  339,  443,  397,  360,  448,  567,  705,  376,  273,  460,  194,  378,  316,  805,  595,  463,  428,  317,  161,  327,  306,  660,  305,  462,  440,  214,  522,  581,  105,  506,  104,  345,  594,  505,  251,  606,  236,  301,  277,  651,  197,  594,  323,  216,  645,  162,  537,  349,  240,  391,  407,  323,  169,  531,  542,  597,  517,  616,  225,  610,  285,  365,  400,  546,   64,  268,  571,  123,  369,  102,   93,  214,  585,  147,  231,  152,  410,  507,  467,  339,  472,  547,  532,  231,  386,  550,  196,  389,  295,  404,  700,  598,  337,  304,  277,  454,  355,  100,  199,  438,  609,  405,  609,  302,  113,  465,  451,  530,  351,  511,  346,  313,  130,  731,  363,  284,  359,  460,  757,  580,  597,  646,  262,  202,  223],
        [  650,    0,  397,  444,  163,  821,  733,  224,  191,  473,  256,  456,  322,  463,  164,  285,  755,  349,  358,  652,  504,  456,  257,    0,  492,  467,  761,  463,  558,  200,  294,  633,  493,  200,  694,  465,  332,   98,  511,  507,  183,  419,  616,  285,  251,   72,  652,  218,  374,  127,  689,  479,  383,  596,  379,  145,  425,  222,  398,  448,  202,  528,  381,  143,  332,  147,  782,  834,  262,  412,  387,  417,  288,  562,  573,  262,  697,  289,  455,  496,  330,  306,  270,  293,  597,  346,  253,  340,  624,   81,  113,   38,  396,  365,  338,  488,  251,  392,  145,  543,  403,  245,  554,  464,  257,  119,  559,  470,  357,  390,  554,  153,  353,  507,  483,  207,  621,  319,   19,  399,  376,  205,  351,  307,   83,  655,  315,   29,  156,  590,  395,  386,  247,  697,  518,  776,  134,  130,  696,  314,  254,  469,  661,  477,  532,  588,  560,  225,  417,  310,  353,  363,  462,  505,  495,  508,  424,  175,  208,  364,  564,  130,  495,  245,  478,  267,  481,  388,  484,  314,  486,  737,  563,  686,  657,  490,   94,  478],
        [  781,    0,  887,  378,  383,  657,  663,  308,  681,  720,  725,  417,  468,  258,  554,  344, 1109,  254,  166,  698,  348,  707,  704,  492,    0,  235, 1124,  651,  994,  644,  752, 1035,  663,  457,  935,  151,  394,  418,  796,  721,  642,  910,  829,  664,  312,  451,  491,  469,  864,  485,  562,  970,  437, 1005,  397,  439,  596,  516,  180,  308,  599,  966,  369,  512,  782,  389,  620, 1161,  242,  474,  590,  857,  752,  973,  374,  454, 1029,  666,  837,  473,  417,  782,  230,  772,  985,  213,  417,  831,  603,  566,  407,  502,  279,  852,  307,  979,  544,  241,  636,  544,  884,  515,  794,  942,  428,  609,  588,  382,  172,  275,  421,  638,  367,  983,  973,  305,  698,  765,  495,  171,  795,  339,  806,  779,  573,  711,  800,  518,  554,  845,  304,  366,  400, 1009,  471, 1122,  474,  420,  868,  625,  664,  757, 1066,   45,  405,  974,  973,  460,  857,  767,  778,  851,  546,  318,  657,  325,  669,  658,  347,  777, 1026,  366,  491,  686,  751,  633,  220,  861,  968,  769,  950,  596,  510,  762,  608,  962,  585,  888],
        [  556,    0,  847,  153,  436,  444,  431,  244,  648,  529,  723,  191,  293,   25,  455,  205,  929,  407,  153,  466,  114,  518,  605,  467,  235,    0,  947,  450,  862,  552,  759,  881,  455,  340,  727,   85,  530,  435,  609,  519,  647,  863,  619,  716,  410,  403,  268,  546,  803,  401,  335,  925,  236,  857,  197,  487,  396,  587,   93,  499,  637,  838,  169,  420,  796,  324,  405,  969,  227,  265,  403,  737,  755,  827,  152,  307,  844,  719,  686,  243,  549,  701,  302,  694,  827,  360,  516,  792,  369,  547,  357,  494,  453,  785,  453,  916,  404,  416,  592,  313,  866,  376,  594,  928,  286,  565,  357,  151,  317,   89,  188,  618,  515,  889,  932,  266,  469,  659,  478,  100,  667,  264,  702,  693,  545,  479,  731,  485,  458,  646,  104,  163,  267,  818,  239,  939,  388,  458,  647,  472,  700,  575,  912,  270,  171,  815,  828,  330,  880,  776,  656,  785,  330,   85,  447,   92,  483,  596,  423,  816, 1031,  347,  262,  704,  564,  502,  433,  854,  887,  779,  952,  374,  275,  531,  373,  865,  553,  747],
        [  507,    0,  653,  805,  921,  944,  797,  830,  688,  421,  775,  774,  661,  926,  614,  781,   26, 1088,  959,  632,  879,  430,  512,  761, 1124,  947,    0,  506,  274,  563,  807,  157,  512,  677,  303, 1009, 1092,  854,  340,  442,  793,  632,  383,  932,  999,  745,  893,  970,  576,  681,  860,  648,  712,  196,  751,  905,  555,  959,  953, 1198,  883,  297,  779,  652,  834,  768,  927,  113,  900,  687,  545,  373,  792,  222,  921,  671,  114,  936,  307,  746, 1090,  523,  972,  537,  169, 1070, 1013,  655,  724,  748,  769,  786, 1142,  554, 1089,  576,  586, 1129,  671,  707,  736,  613,  372,  765,  697,  680,  670,  819, 1062,  870,  854,  729, 1113,  441,  666,  844,  593,  459,  774,  960,  390,  800,  446,  511,  726,  619,  555,  737,  618,  326,  846,  785,  726,  156,  766,   47,  686,  890,  431,  502,  884,  373,  147, 1134,  849,  177,  226,  668,  885,  815,  413,  559,  636,  907,  521,  903,  465,  622,  962,  917,  874,  825,  725,  835,  384,  512, 1207,  771,  497,  819,  834,  888,  767,  587,  761,  426,  714,  292],
        [  188,    0,  656,  302,  575,  501,  364,  400,  533,   88,  641,  269,  193,  427,  312,  320,  486,  689,  494,  223,  373,   84,  367,  463,  651,  450,  506,    0,  490,  357,  685,  469,   33,  279,  285,  520,  745,  521,  169,   70,  603,  657,  181,  736,  624,  405,  402,  668,  581,  338,  387,  711,  217,  456,  258,  589,   56,  682,  472,  803,  657,  476,  286,  321,  725,  378,  472,  520,  464,  185,   79,  408,  673,  433,  416,  235,  398,  740,  302,  241,  752,  465,  557,  468,  412,  656,  683,  617,  260,  505,  399,  500,  746,  555,  709,  669,  213,  721,  478,  214,  715,  220,  145,  773,  257,  465,  189,  314,  634,  381,  350,  540,  753,  584,  725,  425,  180,  381,  481,  481,  340,  378,  416,  450,  486,  219,  511,  454,  320,  197,  353,  291,  286,  370,  263,  493,  333,  563,  242,  174,  696,  146,  499,  670,  344,  401,  436,  257,  807,  701,  343,  558,  131,  402,   39,  398,   70,  445,  601,  786,  896,  448,  221,  667,  128,  243,  782,  726,  609,  705,  825,  426,  272,  234,  302,  557,  483,  373],
        [  585,    0,  380,  744,  721,  988,  845,  687,  443,  409,  516,  723,  573,  845,  443,  667,  284,  904,  832,  687,  824,  407,  302,  558,  994,  862,  274,  490,    0,  363,  545,  119,  512,  539,  444,  906,  882,  655,  345,  453,  548,  358,  463,  680,  808,  563,  888,  749,  305,  513,  877,  375,  644,   83,  676,  694,  517,  729,  841, 1005,  641,   31,  699,  484,  568,  609,  961,  383,  754,  633,  488,  142,  529,   75,  880,  558,  290,  683,  189,  716,  875,  274,  805,  288,  137,  895,  799,  386,  748,  525,  599,  574,  953,  285,  895,  304,  461,  947,  440,  702,  463,  489,  414,  492,  581,  456,  678,  765,  897,  776,  823,  489,  907,  170,  393,  692,  641,  240,  567,  847,  200,  656,  209,  266,  504,  677,  296,  531,  444,  394,  759,  706,  605,  327,  740,  312,  522,  685,  547,  392,  632,  349,  131,  994,  811,  139,   70,  540,  614,  551,  217,  290,  609,  846,  521,  844,  425,  394,  766,  652,  602,  651,  698,  580,  371,  365, 1033,  499,  224,  554,  560,  915,  758,  665,  789,  153,  491,  119],
        [  537,    0,  318,  472,  362,  809,  694,  340,  178,  333,  287,  467,  303,  540,   98,  348,  558,  542,  488,  575,  548,  318,   62,  200,  644,  552,  563,  357,  363,    0,  331,  433,  390,  214,  531,  578,  531,  296,  347,  378,  264,  327,  470,  406,  447,  201,  663,  408,  258,  160,  680,  387,  381,  396,  398,  343,  341,  400,  510,  646,  339,  334,  413,  136,  370,  256,  774,  641,  402,  392,  298,  222,  318,  363,  615,  259,  506,  409,  259,  486,  527,  149,  444,  143,  398,  533,  450,  271,  582,  190,  240,  223,  592,  237,  535,  367,  178,  585,  131,  508,  365,  197,  404,  426,  273,  128,  508,  498,  536,  464,  575,  196,  553,  342,  398,  339,  535,  125,  212,  514,  177,  310,  163,  142,  167,  574,  183,  174,   95,  430,  456,  420,  286,  511,  512,  581,  172,  329,  560,  183,  361,  310,  461,  639,  556,  389,  361,  227,  451,  346,  154,  238,  411,  561,  395,  561,  298,   89,  406,  436,  546,  290,  477,  323,  325,  115,  671,  371,  336,  350,  472,  726,  548,  591,  621,  320,  158,  278],
        [  867,    0,  201,  732,  371, 1103, 1003,  516,  153,  663,   44,  741,  592,  756,  383,  577,  810,  546,  640,  898,  796,  648,  342,  294,  752,  759,  807,  685,  545,  331,    0,  654,  718,  473,  848,  750,  452,  338,  668,  708,  114,  231,  797,  153,  454,  363,  940,  315,  247,  393,  971,  271,  662,  614,  665,  315,  663,  272,  686,  605,  166,  517,  670,  392,   41,  440, 1065,  905,  545,  685,  620,  437,   16,  586,  866,  534,  782,  155,  542,  775,  435,  288,  522,  275,  642,  564,  379,  166,  891,  215,  406,  266,  571,  262,  509,  320,  486,  586,  208,  812,  150,  495,  731,  198,  536,  226,  820,  759,  592,  683,  843,  153,  487,  413,  265,  496,  861,  369,  282,  685,  444,  498,  367,  302,  223,  898,  253,  280,  375,  751,  688,  675,  533,  800,  798,  837,  405,  333,  888,  512,  115,  635,  673,  728,  822,  637,  581,  496,  127,   17,  423,  257,  721,  798,  722,  800,  628,  242,  411,  112,  276,  415,  771,   71,  652,  445,  675,  116,  364,   21,  199, 1019,  841,  919,  927,  412,  220,  524],
        [  527,    0,  497,  749,  795,  951,  805,  731,  541,  382,  623,  723,  588,  861,  498,  697,  166,  971,  870,  641,  828,  386,  377,  633, 1035,  881,  157,  469,  119,  433,  654,    0,  484,  579,  358,  934,  963,  728,  306,  418,  647,  476,  400,  783,  878,  626,  870,  835,  420,  568,  850,  493,  651,   41,  687,  774,  507,  820,  872, 1077,  738,  141,  713,  539,  680,  661,  928,  265,  801,  634,  486,  226,  638,   72,  878,  585,  182,  786,  198,  707,  958,  373,  863,  387,   58,  957,  881,  500,  716,  611,  656,  654, 1023,  398,  967,  422,  492, 1013,  530,  681,  580,  520,  364,  610,  610,  542,  651,  768,  954,  797,  816,  584,  986,  287,  511,  741,  597,  319,  644,  879,  257,  701,  299,  362,  589,  629,  402,  607,  501,  331,  777,  720,  637,  224,  730,  194,  575,  762,  474,  413,  735,  324,   32, 1039,  807,   69,   75,  575,  729,  661,  280,  403,  597,  853,  494,  850,  412,  481,  838,  763,  720,  711,  688,  685,  342,  405, 1096,  615,  342,  665,  678,  884,  741,  609,  756,  271,  576,  156],
        [  158,    0,  688,  304,  602,  477,  338,  422,  565,  104,  674,  269,  213,  432,  344,  339,  490,  711,  509,  192,  372,  105,  399,  493,  663,  455,  512,   33,  512,  390,  718,  484,    0,  307,  273,  528,  771,  550,  180,   70,  636,  688,  167,  768,  648,  435,  388,  697,  612,  368,  367,  741,  227,  473,  267,  618,   76,  712,  483,  825,  689,  498,  295,  352,  757,  405,  450,  518,  484,  192,  108,  435,  705,  452,  410,  260,  402,  772,  325,  235,  779,  496,  578,  499,  427,  677,  710,  649,  237,  537,  426,  531,  768,  585,  733,  699,  244,  743,  511,  198,  747,  250,  142,  805,  280,  498,  168,  314,  653,  390,  343,  572,  778,  611,  756,  448,  149,  411,  512,  493,  368,  401,  446,  482,  519,  188,  542,  485,  352,  193,  362,  299,  308,  370,  255,  496,  363,  591,  218,  207,  728,  164,  513,  684,  338,  416,  456,  284,  840,  733,  373,  589,  128,  402,   11,  398,   99,  477,  627,  818,  928,  474,  214,  700,  143,  276,  801,  758,  637,  737,  857,  404,  259,  202,  278,  584,  515,  396],
        [  463,    0,  519,  267,  296,  630,  535,  154,  336,  312,  431,  270,  123,  327,  117,  135,  664,  425,  293,  453,  339,  296,  266,  200,  457,  340,  677,  279,  539,  214,  473,  579,  307,    0,  542,  371,  468,  244,  371,  335,  371,  533,  449,  485,  350,  133,  469,  392,  468,   80,  498,  594,  189,  549,  195,  313,  234,  409,  304,  539,  402,  513,  205,   87,  513,  102,  592,  727,  224,  214,  201,  406,  464,  517,  408,   62,  591,  489,  382,  302,  474,  362,  299,  356,  531,  399,  404,  467,  425,  264,  120,  238,  481,  448,  438,  580,   92,  462,  276,  344,  551,   68,  395,  614,   65,  252,  359,  294,  387,  252,  375,  321,  477,  550,  603,  168,  424,  322,  218,  309,  340,  124,  364,  354,  252,  457,  394,  201,  121,  439,  244,  212,   73,  579,  325,  681,   69,  285,  520,  177,  452,  329,  610,  461,  355,  520,  517,   26,  600,  490,  325,  449,  262,  350,  307,  350,  258,  268,  323,  557,  727,  171,  299,  436,  330,  176,  534,  547,  548,  494,  649,  546,  369,  490,  459,  527,  254,  431],
