{
    "name": "random-89-23373",
    "comment": "size=89 seed=23373",
    "nodes": ["+0", "-0", "+1", "-1", "+2", "-2", "+3", "-3", "+4", "-4", "+5", "-5", "+6", "-6", "+7", "-7", "+8", "-8", "+9", "-9", "+10", "-10", "+11", "-11", "+12", "-12", "+13", "-13", "+14", "-14", "+15", "-15", "+16", "-16", "+17", "-17", "+18", "-18", "+19", "-19", "+20", "-20", "+21", "-21", "+22", "-22", "+23", "-23", "+24", "-24", "+25", "-25", "+26", "-26", "+27", "-27", "+28", "-28", "+29", "-29", "+30", "-30", "+31", "-31", "+32", "-32", "+33", "-33", "+34", "-34", "+35", "-35", "+36", "-36", "+37", "-37", "+38", "-38", "+39", "-39", "+40", "-40", "+41", "-41", "+42", "-42", "+43", "-43", "+44", "-44", "+45", "-45", "+46", "-46", "+47", "-47", "+48", "-48", "+49", "-49", "+50", "-50", "+51", "-51", "+52", "-52", "+53", "-53", "+54", "-54", "+55", "-55", "+56", "-56", "+57", "-57", "+58", "-58", "+59", "-59", "+60", "-60", "+61", "-61", "+62", "-62", "+63", "-63", "+64", "-64", "+65", "-65", "+66", "-66", "+67", "-67", "+68", "-68", "+69", "-69", "+70", "-70", "+71", "-71", "+72", "-72", "+73", "-73", "+74", "-74", "+75", "-75", "+76", "-76", "+77", "-77", "+78", "-78", "+79", "-79", "+80", "-80", "+81", "-81", "+82", "-82", "+83", "-83", "+84", "-84", "+85", "-85", "+86", "-86", "+87", "-87", "+88", "-88", "+89", "-89"],
    "precedence": {
        "+0": "-0",
        "+1": "-1",
        "+2": "-2",
        "+3": "-3",
        "+4": "-4",
        "+5": "-5",
        "+6": "-6",
        "+7": "-7",
        "+8": "-8",
        "+9": "-9",
        "+10": "-10",
        "+11": "-11",
        "+12": "-12",
        "+13": "-13",
        "+14": "-14",
        "+15": "-15",
        "+16": "-16",
        "+17": "-17",
        "+18": "-18",
        "+19": "-19",
        "+20": "-20",
        "+21": "-21",
        "+22": "-22",
        "+23": "-23",
        "+24": "-24",
        "+25": "-25",
        "+26": "-26",
        "+27": "-27",
        "+28": "-28",
        "+29": "-29",
        "+30": "-30",
        "+31": "-31",
        "+32": "-32",
        "+33": "-33",
        "+34": "-34",
        "+35": "-35",
        "+36": "-36",
        "+37": "-37",
        "+38": "-38",
        "+39": "-39",
        "+40": "-40",
        "+41": "-41",
        "+42": "-42",
        "+43": "-43",
        "+44": "-44",
        "+45": "-45",
        "+46": "-46",
        "+47": "-47",
        "+48": "-48",
        "+49": "-49",
        "+50": "-50",
        "+51": "-51",
        "+52": "-52",
        "+53": "-53",
        "+54": "-54",
        "+55": "-55",
        "+56": "-56",
        "+57": "-57",
        "+58": "-58",
        "+59": "-59",
        "+60": "-60",
        "+61": "-61",
        "+62": "-62",
        "+63": "-63",
        "+64": "-64",
        "+65": "-65",
        "+66": "-66",
        "+67": "-67",
        "+68": "-68",
        "+69": "-69",
        "+70": "-70",
        "+71": "-71",
        "+72": "-72",
        "+73": "-73",
        "+74": "-74",
        "+75": "-75",
        "+76": "-76",
        "+77": "-77",
        "+78": "-78",
        "+79": "-79",
        "+80": "-80",
        "+81": "-81",
        "+82": "-82",
        "+83": "-83",
        "+84": "-84",
        "+85": "-85",
        "+86": "-86",
        "+87": "-87",
        "+88": "-88",
        "+89": "-89"
    },
    "edges": [
        [    0,    0,  498,  962, 1241,   59,  484,  243,  903,  639,  986, 1128,  810,  516,  582,  819,  969,  134,  958,  703, 1141,  750,  721,  813,  443,  488, 1107,  765,  973, 1155,  128,  425, 1042,  461, 1035,  904, 1168,  577,   64,  235,  974,  217,  342,  296,  797, 1384,  561,  534,  941,  146,  837, 1020,   74,  438, 1038,  358,  770,  807,   80,  681,  449,  953,  666,  254,  906,  420,  949,  884,  385, 1029,  838,  858,  867,  556,  846,  831,  209,  258,  507,  349,  752,  190, 1144,  951,  883, 1105,  903, 1024,  827,  842,  556,  617,  548,  764,  980,  958,  983,  213, 1035,  890,  640, 1057,  394,  877, 1186,  350,  956,  817,  821,  627,  952, 1204,  169,  665,  771,  260,  991, 1315, 1131, 1201,  701,  204, 1114,  594,  884, 1041,  857, 1002,  662, 1056,  681,  641,  779,  469,  473, 1096,  453,  222,  148,  757,  228,  445,  906,  716, 1128,  818,  492,  777,  521,   24,  376,  790, 1088, 1074, 1062,  637, 1111, 1022,  841,  793,  339,  683,  187,  612,  966, 1307, 1165, 1241,  813,  561,  727,  453,  830, 1075, 1096,  864,  555,  328,  841,  258],
        [    0,    0,    0,    0,    0,    0,    0,    0,    0,    0,    0,    0,    0,    0,    0,    0,    0,    0,    0,    0,    0,    0,    0,    0,    0,    0,    0,    0,    0,    0,    0,    0,    0,    0,    0,    0,    0,    0,    0,    0,    0,    0,    0,    0,    0,    0,    0,    0,    0,    0,    0,    0,    0,    0,    0,    0,    0,    0,    0,    0,    0,    0,    0,    0,    0,    0,    0,    0,    0,    0,    0,    0,    0,    0,    0,    0,    0,    0,    0,    0,    0,    0,    0,    0,    0,    0,    0,    0,    0,    0,    0,    0,    0,    0,    0,    0,    0,    0,    0,    0,    0,    0,    0,    0,    0,    0,    0,    0,    0,    0,    0,    0,    0,    0,    0,    0,    0,    0,    0,    0,    0,    0,    0,    0,    0,    0,    0,    0,    0,    0,    0,    0,    0,    0,    0,    0,    0,    0,    0,    0,    0,    0,    0,    0,    0,    0,    0,    0,    0,    0,    0,    0,    0,    0,    0,    0,    0,    0,    0,    0,    0,    0,    0,    0,    0,    0,    0,    0,    0,    0,    0,    0,    0,    0,    0,    0,    0,    0,    0,    0],
        [  498,    0,    0,  465,  781,  440,  138,  399,  726,  144,  747,  650,  623,  205,  215,  357,  710,  373,  525,  264,  653,  369,  630,  485,   63,  120,  672,  485,  746,  664,  389,  164,  547,  423,  587,  625,  691,  445,  456,  264,  500,  325,  178,  216,  520,  919,  196,  251,  444,  372,  464,  622,  425,  308,  552,  154,  376,  679,  422,  189,  206,  697,  602,  275,  422,  115,  493,  730,  175,  536,  364,  428,  526,  205,  387,  461,  428,  372,  493,  153,  365,  323,  681,  465,  399,  712,  409,  545,  348,  353,  313,  284,  244,  648,  853,  513,  493,  326,  546,  426,  296,  684,  228,  402,  754,  206,  670,  442,  337,  195,  716,  764,  440,  172,  384,  289,  516,  847,  650,  759,  267,  314,  682,  208,  407,  725,  432,  780,  278,  740,  522,  498,  674,   48,  242,  604,  366,  277,  354,  259,  273,  356,  521,  315,  742,  486,   87,  314,  124,  483,  328,  298,  616,  645,  570,  327,  679,  772,  604,  342,  161,  188,  356,  162,  830,  827,  716,  760,  330,  215,  306,  139,  404,  618,  615,  423,  267,  288,  431,  244],
        [  962,    0,  465,    0,  451,  904,  512,  839,  853,  328,  799,  294,  777,  523,  463,  272,  752,  835,  366,  356,  250,  420,  865,  547,  522,  506,  437,  609,  814,  245,  850,  572,   95,  779,  355,  676,  323,  730,  920,  728,  228,  777,  634,  676,  626,  552,  483,  543,   63,  832,  445,  490,  889,  678,  160,  612,  421,  867,  886,  293,  579,  748,  867,  728,  174,  553,  290,  878,  610,  134,  233,  352,  545,  484,  249,  449,  875,  811,  831,  616,  432,  783,  364,  158,  182,  550,  110,  219,  195,  173,  599,  489,  539,  857,  993,  328,  138,  779,  138,  227,  494,  571,  631,  218,  498,  641,  693,  438,  184,  399,  785,  486,  894,  306,  408,  736,  231,  483,  279,  479,  364,  775,  449,  456,  210,  687,  336,  843,  442,  696,  747,  746,  883,  496,  588,  188,  724,  741,  818,  207,  737,  719,  469,  391,  585,  542,  489,  262,  469,  947,  729,  187,  292,  432,  137,  534,  448,  806,  714,  305,  624,  282,  814,  381,  966,  429,  429,  366,  193,  486,  377,  538,  358,  343,  252,  299,  538,  716,  369,  706],
        [ 1241,    0,  781,  451,    0, 1183,  881, 1049,  732,  645,  623,  158,  708,  915,  869,  427,  583, 1134,  290,  538,  213,  863,  845,  511,  819,  755,  161,  590,  647,  234, 1154,  932,  469,  900,  209,  550,  131,  799, 1185, 1022,  285, 1102,  902,  947,  581,  145,  681,  947,  413, 1138,  895,  293, 1172,  843,  562,  889,  484,  800, 1161,  597,  956,  589,  875, 1053,  371,  893,  293,  769,  857,  318,  418,  386,  467,  883,  698,  899, 1091, 1023,  921,  906,  503, 1091,  101,  338,  390,  267,  415,  252,  637,  443,  725,  911,  705,  813,  847,  283,  329, 1102,  538,  677,  617,  331,  997,  381,  127,  986,  531,  887,  621,  616,  629,   93, 1123,  616,  854, 1069,  270,   85,  173,   87,  540, 1037,  162,  648,  377,  464,  787,  662,  584,  463,  755,  777,  832,  826,  977,  272,  863, 1034, 1094,  569, 1019,  864,  385,  827,  283,  504,  757,  699,  841, 1221,  909,  602,  172,  195,  508,  635,  165,  608,  628,  449,  928,  650, 1062,  771,  823,  141,   87,  135,  629,  888,  515,  899,  414,  166,  200,  748,  948,  929,  819, 1012],
        [   59,    0,  440,  904, 1183,    0,  430,  207,  864,  580,  943, 1069,  768,  466,  530,  761,  924,   84,  901,  646, 1082,  701,  687,  761,  384,  430, 1051,  716,  931, 1096,   85,  372,  984,  422,  977,  857, 1109,  534,   42,  177,  916,  171,  283,  238,  748, 1326,  504,  486,  882,  100,  789,  965,   19,  389,  981,  300,  714,  772,   24,  622,  400,  908,  633,  204,  847,  365,  892,  847,  327,  970,  779,  801,  815,  505,  792,  783,  179,  216,  473,  290,  696,  138, 1086,  892,  824, 1051,  844,  966,  771,  783,  504,  569,  493,  729,  946,  901,  924,  167,  978,  835,  585, 1004,  346,  818, 1130,  298,  909,  769,  764,  569,  908, 1147,  142,  606,  722,  213,  932, 1257, 1072, 1144,  644,  147, 1058,  537,  825,  992,  805,  960,  606, 1007,  639,  600,  745,  411,  426, 1037,  409,  163,   90,  698,  169,  400,  851,  665, 1074,  766,  433,  722,  466,   45,  329,  732, 1030, 1018, 1005,  584, 1055,  978,  796,  735,  280,  625,  137,  556,  932, 1249, 1108, 1182,  756,  511,  670,  399,  774, 1017, 1038,  811,  507,  277,  790,  202],
        [  484,    0,  138,  512,  881,  430,    0,  454,  862,  239,  884,  740,  758,   70,  109,  468,  847,  350,  643,  391,  730,  284,  757,  621,  163,  251,  786,  623,  884,  736,  360,   62,  579,  530,  697,  762,  779,  569,  457,  264,  597,  277,  241,  260,  657, 1012,  333,  116,  507,  341,  379,  748,  413,  419,  561,  218,  509,  811,  418,  286,   76,  834,  724,  232,  511,   78,  601,  865,  268,  607,  467,  550,  662,   88,  363,  374,  473,  431,  602,  198,  498,  295,  780,  549,  491,  836,  482,  634,  350,  439,  445,  169,  379,  778,  987,  626,  571,  280,  562,  407,  434,  813,  120,  502,  867,  137,  807,  357,  348,  328,  854,  873,  473,  268,  304,  233,  612,  941,  736,  868,  395,  339,  796,  345,  505,  860,  378,  918,  414,  875,  653,  626,  803,   99,  107,  675,  476,  277,  358,  321,  286,  465,  651,  240,  868,  622,  221,  295,   43,  474,  422,  327,  711,  760,  592,  465,  794,  910,  741,  460,  178,  238,  387,  134,  964,  910,  822,  843,  339,   97,  436,   32,  528,  722,  701,  381,  134,  367,  366,  233],
        [  243,    0,  399,  839, 1049,  207,  454,    0,  660,  515,  745,  954,  567,  512,  563,  646,  729,  233,  761,  527,  979,  737,  481,  587,  337,  333,  905,  533,  731,  997,  252,  413,  928,  218,  841,  667,  993,  335,  181,  216,  802,  298,  223,  195,  563, 1194,  378,  546,  805,  255,  832,  805,  211,  211,  945,  247,  567,  566,  186,  546,  458,  713,  426,  295,  747,  377,  765,  642,  231,  879,  672,  664,  642,  541,  784,  827,   43,   29,  267,  259,  548,  250,  958,  793,  724,  887,  760,  856,  745,  692,  333,  618,  346,  523,  740,  767,  829,  294,  937,  824,  433,  834,  420,  710,  981,  359,  719,  811,  733,  458,  710, 1002,   81,  534,  756,  318,  818, 1128,  960, 1000,  523,  132,  911,  411,  718,  807,  821,  759,  467,  822,  438,  399,  539,  391,  496,  943,  214,  209,  166,  637,  185,  208,  691,  690,  907,  593,  352,  711,  477,  220,  145,  691,  910,  871,  957,  422,  908,  781,  601,  615,  277,  580,   92,  551,  726, 1132,  969, 1068,  727,  549,  539,  426,  637,  886,  928,  817,  569,  126,  814,  248],
        [  903,    0,  726,  853,  732,  864,  862,  660,    0,  701,  129,  741,  105,  931,  935,  586,  154,  869,  522,  547,  809, 1057,  199,  308,  705,  612,  577,  259,  103,  838,  891,  870,  939,  443,  585,  189,  764,  334,  841,  792,  659,  898,  688,  712,  233,  851,  532,  976,  792,  886, 1140,  446,  865,  496, 1012,  696,  441,  110,  842,  683,  919,  145,  255,  868,  682,  811,  588,   40,  634,  789,  624,  502,  313,  930,  983, 1139,  696,  649,  402,  725,  436,  859,  689,  709,  672,  469,  745,  703,  911,  690,  422, 1004,  484,  150,  140,  557,  745,  895,  991,  998,  440,  402,  920,  636,  611,  869,  202, 1121,  889,  567,  108,  645,  737,  690, 1064,  894,  666,  812,  761,  648,  540,  744,  573,  528,  644,  281, 1067,  115,  478,  288,  229,  267,  149,  764,  960,  817,  461,  795,  802,  758,  768,  471,  399, 1001,  463,  313,  642,  928,  849,  880,  543,  838,  696,  549,  986,  403,  571,  162,  141,  557,  762,  777,  732,  854,  114,  866,  651,  829,  890,  939,  506,  855,  496,  633,  746, 1040,  992,  606, 1082,  808],
        [  639,    0,  144,  328,  645,  580,  239,  515,  701,    0,  697,  510,  603,  286,  260,  229,  655,  515,  405,  169,  510,  356,  644,  421,  196,  186,  547,  445,  701,  521,  532,  287,  415,  487,  459,  569,  550,  473,  594,  405,  362,  467,  306,  349,  476,  780,  197,  326,  303,  515,  440,  515,  566,  376,  433,  285,  292,  675,  561,   48,  315,  644,  627,  418,  280,  249,  363,  713,  284,  393,  229,  316,  452,  265,  307,  439,  549,  487,  550,  291,  287,  466,  545,  322,  259,  602,  266,  404,  248,  210,  332,  322,  259,  651,  837,  387,  350,  469,  424,  337,  264,  584,  353,  265,  628,  343,  607,  421,  232,  136,  670,  635,  566,   30,  363,  431,  378,  709,  508,  629,  175,  448,  558,  185,  269,  647,  377,  735,  224,  661,  526,  511,  679,  184,  342,  461,  429,  418,  493,  123,  412,  422,  425,  300,  634,  420,  164,  240,  203,  623,  416,  183,  478,  522,  443,  305,  555,  718,  567,  223,  303,   82,  486,  163,  811,  685,  584,  618,  227,  272,  216,  255,  296,  485,  473,  357,  334,  393,  387,  387],
        [  986,    0,  747,  799,  623,  943,  884,  745,  129,  697,    0,  651,  183,  950,  946,  545,   48,  938,  446,  532,  722, 1050,  315,  277,  736,  640,  476,  262,   27,  752,  960,  900,  879,  529,  497,  130,  669,  410,  923,  851,  589,  957,  738,  768,  227,  735,  552,  995,  737,  953, 1127,  350,  942,  560,  958,  742,  413,  232,  920,  671,  948,   54,  368,  922,  626,  843,  518,  168,  681,  719,  580,  450,  260,  943,  957, 1127,  783,  729,  500,  771,  414,  922,  591,  647,  620,  357,  694,  627,  883,  648,  465, 1012,  515,  267,  224,  484,  680,  955,  936,  966,  451,  293,  956,  584,  499,  910,  108, 1110,  860,  568,   35,  533,  823,  680, 1054,  947,  594,  701,  672,  538,  525,  813,  469,  540,  591,  162, 1045,   45,  478,  166,  308,  347,  272,  788,  987,  738,  535,  856,  873,  733,  830,  544,  332,  995,  346,  279,  667,  909,  866,  963,  615,  811,  608,  450,  927,  421,  468,   38,  150,  521,  807,  765,  808,  857,  201,  761,  546,  730,  862,  952,  487,  881,  450,  542,  661, 1015, 1009,  674, 1064,  863],
        [ 1128,    0,  650,  294,  158, 1069,  740,  954,  741,  510,  651,    0,  696,  769,  719,  310,  606, 1014,  231,  429,   76,  707,  820,  473,  694,  640,  190,  552,  672,  106, 1032,  793,  318,  828,  157,  553,   41,  741, 1075,  901,  154,  974,  787,  832,  553,  274,  577,  799,  257, 1016,  738,  302, 1057,  756,  412,  771,  406,  791, 1048,  462,  814,  608,  841,  925,  230,  759,  193,  775,  746,  160,  290,  303,  442,  735,  541,  742,  994,  926,  860,  785,  425,  968,   80,  191,  252,  322,  263,  106,  481,  301,  645,  759,  611,  796,  870,  205,  175,  975,  387,  520,  532,  369,  858,  252,  224,  852,  548,  730,  465,  502,  648,  203, 1022,  480,  698,  939,  137,  202,   23,  195,  432,  926,  200,  543,  245,  504,  630,  694,  490,  508,  716,  731,  818,  693,  832,  121,  784,  914,  980,  422,  902,  784,  352,  672,  351,  466,  637,  543,  699, 1109,  819,  448,   49,  205,  360,  558,  200,  645,  619,  339,  804,  505,  955,  624,  844,  180,  149,  115,  473,  740,  416,  760,  327,  109,   43,  592,  798,  830,  662,  888],
        [  810,    0,  623,  777,  708,  768,  758,  567,  105,  603,  183,  696,    0,  827,  833,  507,  180,  769,  468,  455,  759,  958,  146,  234,  600,  508,  549,  170,  166,  787,  791,  765,  866,  350,  540,  163,  723,  235,  746,  689,  597,  795,  584,  608,  152,  837,  429,  872,  717,  786, 1043,  415,  768,  394,  934,  592,  358,   95,  745,  588,  815,  165,  193,  764,  609,  706,  528,  110,  529,  725,  546,  432,  255,  826,  892, 1042,  604,  553,  318,  621,  350,  757,  653,  641,  597,  458,  668,  645,  821,  610,  317,  901,  380,  107,  234,  501,  678,  793,  914,  909,  340,  390,  815,  562,  595,  764,  200, 1024,  799,  468,  149,  627,  645,  593,  966,  790,  606,  791,  714,  629,  447,  644,  546,  427,  570,  295,  973,  193,  381,  306,  130,  169,  125,  660,  855,  759,  361,  693,  702,  667,  665,  371,  345,  902,  459,  240,  538,  834,  746,  786,  443,  747,  649,  517,  912,  301,  544,  220,   81,  475,  657,  680,  635,  753,  209,  836,  624,  793,  799,  835,  417,  750,  421,  591,  695,  948,  889,  506,  987,  704],
        [  516,    0,  205,  523,  915,  466,   70,  512,  931,  286,  950,  769,  827,    0,   69,  514,  912,  383,  690,  447,  754,  236,  827,  684,  233,  320,  830,  689,  950,  757,  389,  100,  582,  599,  740,  827,  808,  639,  497,  311,  632,  302,  306,  320,  723, 1043,  400,   46,  527,  371,  326,  800,  448,  488,  553,  284,  567,  880,  457,  331,   68,  900,  794,  263,  545,  141,  643,  934,  337,  629,  508,  601,  723,   43,  344,  321,  528,  490,  671,  262,  558,  329,  815,  580,  526,  887,  508,  666,  346,  473,  514,  108,  447,  848, 1056,  670,  597,  305,  556,  389,  500,  868,  126,  540,  910,  169,  870,  306,  348,  389,  920,  914,  524,  313,  257,  258,  647,  971,  763,  908,  451,  391,  840,  410,  543,  921,  342,  984,  477,  935,  723,  696,  873,  168,   65,  696,  545,  323,  402,  348,  337,  534,  707,  201,  920,  685,  289,  284,   86,  509,  489,  337,  744,  806,  589,  532,  838,  975,  808,  509,  237,  266,  440,  146, 1033,  935,  861,  868,  339,   46,  492,   90,  580,  761,  729,  352,   64,  432,  325,  278],
        [  582,    0,  215,  463,  869,  530,  109,  563,  935,  260,  946,  719,  833,   69,    0,  480,  906,  449,  657,  427,  699,  176,  845,  674,  258,  334,  791,  687,  948,  701,  456,  160,  517,  630,  701,  820,  757,  659,  560,  370,  588,  369,  348,  369,  720,  992,  404,   81,  471,  437,  270,  772,  513,  517,  485,  325,  550,  893,  520,  300,  136,  894,  816,  328,  499,  187,  605,  941,  371,  574,  470,  573,  709,   26,  276,  265,  582,  540,  702,  306,  543,  394,  769,  531,  482,  858,  457,  618,  281,  428,  528,   69,  457,  862, 1065,  634,  546,  372,  490,  321,  498,  842,  194,  500,  871,  233,  861,  248,  284,  378,  917,  872,  581,  284,  195,  325,  601,  921,  712,  866,  433,  447,  803,  409,  501,  905,  275,  982,  469,  919,  736,  712,  889,  191,  130,  640,  574,  382,  463,  300,  394,  564,  685,  135,  891,  674,  302,  217,   95,  574,  526,  279,  697,  770,  523,  533,  800,  969,  808,  480,  287,  222,  496,  101, 1041,  881,  818,  814,  275,   24,  474,  139,  554,  718,  679,  284,   80,  474,  261,  338],
        [  819,    0,  357,  272,  427,  761,  468,  646,  586,  229,  545,  310,  507,  514,  480,    0,  498,  708,  177,  120,  335,  534,  596,  279,  393,  332,  318,  338,  556,  355,  728,  513,  363,  539,  231,  417,  350,  472,  766,  596,  157,  675,  479,  524,  357,  568,  268,  551,  213,  712,  599,  295,  749,  455,  427,  464,  150,  596,  739,  184,  544,  491,  600,  626,  114,  470,  137,  609,  436,  248,   40,  102,  286,  489,  417,  600,  686,  618,  582,  480,  162,  665,  328,  157,   95,  379,  163,  210,  342,  105,  353,  536,  308,  586,  726,  158,  197,  676,  407,  423,  241,  370,  579,   69,  400,  563,  442,  584,  320,  193,  526,  408,  713,  201,  534,  643,  174,  498,  315,  403,  124,  617,  329,  235,   77,  457,  507,  588,  192,  469,  478,  481,  612,  403,  571,  304,  489,  608,  672,  203,  595,  487,  226,  484,  412,  275,  331,  377,  432,  800,  515,  274,  269,  293,  408,  276,  326,  556,  446,   36,  502,  262,  646,  380,  699,  490,  359,  425,  322,  495,  117,  482,   95,  262,  282,  475,  557,  521,  530,  586],
        [  969,    0,  710,  752,  583,  924,  847,  729,  154,  655,   48,  606,  180,  912,  906,  498,    0,  915,  399,  489,  677, 1007,  322,  234,  702,  606,  433,  227,   67,  707,  937,  866,  832,  516,  452,   87,  625,  395,  906,  825,  542,  930,  710,  741,  192,  699,  516,  957,  690,  930, 1083,  305,  922,  538,  911,  713,  369,  246,  900,  628,  912,   17,  372,  894,  579,  808,  471,  193,  653,  672,  533,  403,  214,  904,  912, 1083,  768,  712,  493,  741,  371,  896,  548,  600,  573,  319,  647,  581,  837,  601,  437,  972,  482,  276,  266,  437,  633,  928,  889,  920,  414,  253,  922,  537,  461,  878,   61, 1066,  815,  528,   47,  495,  808,  638, 1011,  919,  547,  663,  627,  499,  482,  791,  427,  503,  544,  128, 1000,   92,  438,  136,  297,  335,  285,  752,  951,  692,  516,  831,  851,  688,  805,  525,  285,  952,  310,  236,  632,  864,  828,  946,  595,  766,  563,  407,  880,  387,  426,   63,  128,  475,  776,  722,  788,  816,  241,  720,  505,  687,  817,  913,  443,  845,  404,  497,  616,  970,  971,  652, 1019,  835],
        [  134,    0,  373,  835, 1134,   84,  350,  233,  869,  515,  938, 1014,  769,  383,  449,  708,  915,    0,  858,  597, 1023,  618,  702,  736,  322,  380, 1008,  699,  927, 1035,   23,  291,  913,  433,  930,  843, 1054,  536,  119,  113,  861,   89,  234,  190,  732, 1275,  463,  403,  816,   23,  706,  930,   66,  378,  906,  245,  676,  782,   80,  559,  317,  899,  650,  121,  788,  288,  842,  855,  285,  907,  724,  757,  789,  423,  713,  700,  219,  232,  492,  230,  659,   56, 1035,  833,  765, 1017,  781,  909,  695,  722,  484,  486,  461,  740,  961,  854,  863,   84,  904,  757,  551,  974,  263,  763, 1088,  217,  894,  686,  689,  519,  903, 1103,  192,  542,  639,  129,  877, 1206, 1015, 1100,  596,  126, 1015,  494,  769,  974,  723,  958,  566,  989,  641,  603,  759,  340,  342,  975,  409,  101,   70,  630,  118,  399,  817,  583, 1042,  740,  378,  644,  388,  127,  327,  659,  976,  976,  931,  557, 1013,  972,  789,  685,  213,  554,  144,  479,  944, 1193, 1061, 1126,  681,  428,  625,  319,  730,  968,  981,  730,  424,  264,  708,  129],
        [  958,    0,  525,  366,  290,  901,  643,  761,  522,  405,  446,  231,  468,  690,  657,  177,  399,  858,    0,  265,  291,  701,  590,  243,  553,  478,  151,  322,  464,  319,  878,  685,  438,  612,   84,  334,  262,  517,  901,  747,  145,  834,  624,  668,  323,  435,  397,  728,  305,  864,  759,  128,  892,  554,  522,  614,  195,  563,  879,  360,  718,  397,  611,  786,  201,  639,   76,  553,  575,  274,  191,  101,  214,  665,  567,  761,  803,  734,  638,  633,  214,  818,  205,  209,  204,  205,  270,  183,  494,  249,  436,  712,  417,  566,  656,   39,  237,  834,  499,  564,  328,  208,  751,  172,  232,  730,  339,  745,  472,  342,  437,  246,  835,  377,  699,  805,  148,  371,  248,  243,  265,  755,  159,  365,  175,  322,  660,  490,  298,  330,  486,  503,  589,  572,  746,  296,  574,  758,  813,  371,  741,  575,  124,  654,  239,  236,  485,  539,  608,  937,  619,  433,  183,  120,  486,  346,  156,  447,  393,  184,  659,  438,  777,  556,  629,  390,  209,  336,  477,  672,  233,  655,  129,  134,  227,  625,  734,  642,  686,  741],
        [  703,    0,  264,  356,  538,  646,  391,  527,  547,  169,  532,  429,  455,  447,  427,  120,  489,  597,  265,    0,  454,  518,  520,  255,  289,  217,  414,  289,  538,  473,  617,  428,  451,  428,  335,  403,  468,  374,  649,  485,  277,  570,  364,  409,  316,  681,  149,  489,  306,  602,  597,  359,  635,  338,  500,  352,  124,  536,  623,  139,  465,  479,  515,  522,  225,  378,  247,  563,  320,  360,  148,  166,  284,  430,  437,  597,  567,  499,  477,  370,  119,  555,  441,  271,  203,  448,  256,  330,  366,  186,  245,  491,  192,  518,  686,  258,  309,  570,  484,  455,  139,  422,  492,  185,  496,  467,  439,  579,  345,   78,  507,  509,  594,  150,  523,  541,  293,  612,  434,  505,    9,  501,  423,  116,  193,  478,  520,  572,   87,  492,  400,  395,  545,  311,  497,  420,  376,  497,  557,  213,  481,  373,  261,  463,  478,  254,  221,  382,  362,  684,  396,  293,  387,  385,  491,  180,  420,  551,  409,   90,  395,  234,  528,  332,  660,  608,  465,  543,  345,  438,   47,  399,  140,  373,  401,  493,  499,  402,  536,  477],
        [ 1141,    0,  653,  250,  213, 1082,  730,  979,  809,  510,  722,   76,  759,  754,  699,  335,  677, 1023,  291,  454,    0,  669,  878,  531,  702,  657,  265,  609,  743,   30, 1040,  787,  257,  867,  226,  620,   84,  787, 1091,  911,  182,  977,  801,  846,  612,  302,  602,  779,  229, 1023,  692,  374, 1069,  788,  349,  783,  450,  853, 1062,  465,  803,  678,  895,  928,  236,  757,  239,  841,  764,  126,  308,  349,  504,  717,  498,  696, 1019,  951,  904,  794,  468,  974,  154,  191,  259,  398,  249,  127,  444,  301,  682,  733,  642,  856,  940,  260,  161,  978,  325,  472,  569,  443,  850,  269,  297,  850,  618,  686,  431,  523,  718,  274, 1045,  482,  658,  940,  167,  234,   54,  266,  458,  942,  276,  569,  261,  578,  583,  766,  523,  582,  770,  783,  879,  693,  818,   63,  821,  924,  993,  410,  914,  819,  414,  639,  427,  524,  650,  510,  689, 1123,  849,  422,  115,  280,  295,  598,  276,  717,  683,  368,  811,  493,  974,  608,  913,  183,  223,  117,  439,  721,  448,  753,  370,  182,   64,  545,  777,  854,  616,  895],
        [  750,    0,  369,  420,  863,  701,  284,  737, 1057,  356, 1050,  707,  958,  236,  176,  534, 1007,  618,  701,  518,  669,    0,  988,  773,  421,  484,  817,  801, 1056,  664,  623,  333,  443,  792,  727,  921,  740,  807,  732,  544,  601,  534,  520,  543,  831,  971,  538,  218,  451,  605,   96,  826,  683,  677,  384,  496,  639, 1027,  692,  380,  302,  997,  965,  498,  515,  361,  637, 1068,  537,  549,  512,  635,  799,  199,  176,   92,  757,  714,  862,  480,  637,  564,  770,  534,  504,  905,  456,  616,  227,  454,  670,  134,  596, 1000, 1192,  672,  535,  538,  396,  213,  618,  903,  357,  531,  891,  404,  956,   74,  243,  491, 1025,  886,  756,  370,   23,  491,  612,  902,  695,  879,  525,  622,  830,  534,  530,  986,  123, 1089,  580,  999,  874,  855, 1027,  356,  280,  607,  734,  556,  636,  332,  569,  725,  757,   57,  940,  772,  452,  167,  263,  744,  693,  271,  696,  802,  433,  658,  828, 1069,  922,  545,  462,  285,  671,  212, 1167,  848,  829,  785,  236,  192,  564,  314,  622,  733,  665,  149,  199,  644,   97,  512],
        [  721,    0,  630,  865,  845,  687,  757,  481,  199,  644,  315,  820,  146,  827,  845,  596,  322,  702,  590,  520,  878,  988,    0,  348,  595,  511,  684,  270,  293,  905,  723,  752,  958,  269,  666,  307,  849,  189,  660,  638,  707,  743,  551,  565,  268,  977,  451,  872,  808,  721, 1078,  552,  690,  351, 1017,  564,  448,   91,  665,  639,  803,  307,   58,  719,  705,  695,  641,  170,  502,  830,  635,  537,  381,  834,  947, 1077,  513,  473,  215,  593,  435,  700,  783,  742,  690,  601,  758,  759,  880,  693,  319,  914,  392,   49,  260,  619,  781,  740,  999,  970,  387,  533,  793,  658,  735,  737,  346, 1058,  859,  512,  284,  766,  553,  640,  999,  745,  718,  929,  837,  768,  512,  579,  683,  460,  666,  440, 1020,  312,  436,  451,  121,  134,   59,  660,  845,  872,  303,  640,  633,  728,  611,  314,  470,  932,  604,  355,  543,  883,  753,  698,  381,  807,  772,  651, 1002,  344,  681,  351,  223,  561,  628,  725,  560,  778,  246,  969,  759,  922,  858,  844,  490,  743,  521,  718,  815,  999,  891,  449, 1030,  659],
        [  813,    0,  485,  547,  511,  761,  621,  587,  308,  421,  277,  473,  234,  684,  674,  279,  234,  736,  243,  255,  531,  773,  348,    0,  485,  391,  352,   80,  285,  559,  758,  645,  634,  404,  321,  148,  503,  293,  751,  635,  364,  736,  513,  551,   83,  651,  298,  729,  485,  748,  850,  229,  755,  378,  705,  511,  138,  327,  737,  394,  690,  224,  369,  695,  376,  589,  296,  332,  456,  491,  317,  198,   55,  674,  683,  850,  630,  565,  414,  538,  137,  709,  440,  407,  365,  303,  438,  414,  609,  383,  258,  740,  279,  326,  448,  272,  445,  735,  684,  695,  195,  247,  705,  330,  416,  666,  187,  833,  587,  297,  254,  443,  667,  404,  778,  718,  374,  595,  490,  443,  248,  618,  353,  278,  338,  244,  770,  318,  208,  259,  246,  266,  350,  529,  726,  528,  379,  643,  679,  458,  620,  384,  127,  718,  320,    8,  413,  633,  599,  790,  443,  537,  425,  317,  681,  180,  350,  297,  168,  251,  571,  489,  627,  582,  421,  627,  425,  577,  588,  682,  210,  622,  189,  373,  468,  741,  741,  485,  788,  639],
        [  443,    0,   63,  522,  819,  384,  163,  337,  705,  196,  736,  694,  600,  233,  258,  393,  702,  322,  553,  289,  702,  421,  595,  485,    0,   96,  702,  475,  733,  714,  339,  165,  606,  373,  620,  619,  734,  407,  398,  210,  542,  283,  116,  155,  510,  959,  188,  277,  498,  323,  517,  642,  370,  260,  613,   92,  389,  650,  365,  239,  215,  688,  562,  235,  467,  107,  528,  706,  117,  587,  405,  454,  530,  243,  449,  513,  366,  310,  445,   95,  375,  274,  720,  512,  445,  731,  461,  589,  410,  401,  285,  324,  223,  617,  827,  544,  542,  284,  607,  488,  291,  698,  221,  443,  784,  184,  666,  495,  399,  213,  704,  796,  378,  222,  437,  253,  558,  888,  695,  791,  289,  254,  711,  208,  449,  728,  490,  767,  283,  743,  492,  465,  642,   67,  256,  655,  317,  223,  297,  316,  216,  307,  535,  369,  760,  487,   73,  375,  164,  427,  272,  359,  658,  673,  630,  315,  708,  764,  589,  373,  110,  249,  295,  219,  805,  872,  750,  805,  392,  252,  325,  150,  428,  654,  660,  484,  296,  228,  488,  195],
        [  488,    0,  120,  506,  755,  430,  251,  333,  612,  186,  640,  640,  508,  320,  334,  332,  606,  380,  478,  217,  657,  484,  511,  391,   96,    0,  629,  380,  638,  673,  400,  261,  596,  313,  551,  523,  680,  326,  435,  269,  487,  358,  148,  193,  415,  897,   94,  366,  472,  386,  578,  558,  418,  198,  618,  136,  304,  561,  408,  214,  309,  592,  483,  313,  422,  203,  463,  614,  108,  550,  351,  378,  438,  324,  480,  575,  370,  305,  381,  156,  288,  340,  657,  468,  399,  647,  429,  538,  429,  362,  195,  403,  128,  529,  737,  475,  502,  358,  608,  514,  197,  610,  317,  390,  710,  276,  571,  557,  414,  140,  609,  724,  392,  202,  498,  334,  503,  828,  644,  720,  216,  286,  637,  119,  398,  634,  536,  672,  194,  649,  403,  379,  555,  153,  349,  616,  254,  280,  341,  307,  264,  246,  449,  429,  674,  393,   33,  408,  243,  469,  231,  367,  601,  597,  627,  220,  634,  668,  494,  306,  186,  260,  318,  274,  713,  820,  682,  754,  409,  333,  247,  243,  351,  589,  610,  523,  383,  210,  539,  263],
        [ 1107,    0,  672,  437,  161, 1051,  786,  905,  577,  547,  476,  190,  549,  830,  791,  318,  433, 1008,  151,  414,  265,  817,  684,  352,  702,  629,    0,  430,  499,  295, 1028,  831,  486,  746,   92,  393,  198,  642, 1049,  897,  218,  984,  774,  818,  420,  300,  547,  866,  383, 1014,  864,  134, 1041,  696,  578,  764,  339,  641, 1028,  500,  862,  437,  714,  936,  303,  786,  187,  614,  725,  314,  322,  251,  307,  802,  668,  867,  948,  880,  764,  783,  358,  968,  118,  289,  316,  133,  365,  219,  598,  368,  576,  842,  563,  653,  698,  161,  299,  984,  553,  656,  473,  185,  897,  293,   82,  878,  378,  853,  578,  491,  478,   97,  981,  518,  812,  954,  210,  245,  212,   95,  414,  904,   13,  515,  292,  321,  760,  517,  446,  324,  594,  617,  673,  719,  888,  301,  712,  908,  963,  497,  891,  714,  226,  774,  162,  344,  635,  652,  750, 1086,  762,  547,  159,   35,  532,  486,   12,  465,  469,  331,  809,  570,  925,  691,  673,  290,   76,  255,  584,  808,  383,  800,  278,   95,  214,  723,  870,  789,  789,  891],
        [  765,    0,  485,  609,  590,  716,  623,  533,  259,  445,  262,  552,  170,  689,  687,  338,  227,  699,  322,  289,  609,  801,  270,   80,  475,  380,  430,    0,  262,  636,  721,  639,  699,  337,  401,  147,  583,  221,  702,  604,  438,  708,  486,  519,   36,  728,  291,  735,  549,  712,  883,  304,  712,  328,  765,  488,  189,  258,  692,  425,  687,  213,  289,  670,  442,  582,  372,  276,  429,  563,  377,  269,  125,  684,  726,  882,  574,  512,  341,  516,  181,  676,  520,  476,  429,  372,  500,  489,  653,  440,  216,  755,  256,  252,  397,  350,  515,  706,  745,  741,  190,  311,  696,  395,  491,  652,  197,  864,  632,  312,  231,  519,  613,  432,  807,  694,  449,  674,  568,  520,  281,  577,  431,  280,  404,  277,  808,  296,  222,  292,  166,  188,  277,  527,  726,  603,  320,  611,  638,  500,  586,  326,  206,  745,  385,   87,  406,  670,  605,  742,  391,  580,  504,  395,  745,  160,  428,  289,  122,  306,  551,  519,  580,  601,  371,  707,  504,  656,  632,  692,  249,  620,  255,  452,  546,  782,  749,  440,  824,  612],
        [  973,    0,  746,  814,  647,  931,  884,  731,  103,  701,   27,  672,  166,  950,  948,  556,   67,  927,  464,  538,  743, 1056,  293,  285,  733,  638,  499,  262,    0,  773,  950,  898,  895,  514,  518,  140,  691,  397,  910,  843,  606,  949,  732,  760,  228,  761,  551,  995,  752,  943, 1134,  371,  930,  550,  973,  737,  421,  208,  907,  677,  946,   67,  347,  915,  641,  840,  535,  143,  675,  737,  592,  463,  272,  945,  966, 1134,  769,  716,  482,  765,  421,  913,  614,  663,  634,  382,  707,  646,  892,  660,  459, 1015,  512,  245,  200,  501,  697,  947,  951,  977,  451,  317,  952,  598,  524,  906,  126, 1116,  870,  571,   32,  558,  809,  686, 1061,  940,  611,  726,  693,  562,  531,  802,  493,  541,  605,  187, 1053,   35,  480,  192,  293,  333,  248,  787,  986,  757,  523,  848,  862,  742,  821,  532,  347, 1000,  371,  287,  665,  917,  866,  950,  603,  821,  629,  473,  943,  420,  491,   60,  145,  531,  801,  772,  796,  860,  176,  785,  570,  752,  872,  953,  493,  880,  462,  563,  681, 1024, 1010,  664, 1072,  855],
        [ 1155,    0,  664,  245,  234, 1096,  736,  997,  838,  521,  752,  106,  787,  757,  701,  355,  707, 1035,  319,  473,   30,  664,  905,  559,  714,  673,  295,  636,  773,    0, 1052,  794,  241,  890,  255,  649,  108,  812, 1106,  923,  205,  987,  815,  860,  640,  310,  621,  781,  231, 1035,  682,  404, 1083,  809,  332,  797,  474,  882, 1076,  476,  808,  707,  922,  938,  252,  766,  266,  871,  780,  130,  326,  374,  533,  720,  491,  687, 1037,  969,  928,  807,  492,  986,  182,  205,  275,  427,  256,  150,  440,  314,  705,  732,  662,  884,  969,  288,  172,  989,  308,  463,  591,  473,  856,  288,  323,  858,  648,  677,  428,  540,  748,  299, 1062,  493,  651,  949,  191,  246,   83,  291,  478,  957,  305,  588,  280,  608,  573,  795,  545,  612,  797,  808,  907,  703,  821,   62,  842,  937, 1007,  416,  927,  841,  443,  635,  456,  552,  665,  506,  694, 1137,  869,  423,  145,  310,  277,  622,  306,  747,  711,  389,  822,  499,  990,  612,  943,  185,  250,  123,  437,  723,  469,  760,  395,  212,   93,  536,  778,  872,  607,  907],
        [  128,    0,  389,  850, 1154,   85,  360,  252,  891,  532,  960, 1032,  791,  389,  456,  728,  937,   23,  878,  617, 1040,  623,  723,  758,  339,  400, 1028,  721,  950, 1052,    0,  300,  927,  454,  951,  865, 1073,  558,  124,  132,  880,   90,  254,  212,  755, 1295,  484,  407,  832,   19,  710,  951,   67,  400,  918,  265,  697,  804,   87,  576,  322,  921,  671,  129,  806,  301,  861,  877,  307,  924,  743,  777,  811,  430,  722,  704,  235,  253,  513,  248,  680,   68, 1055,  851,  783, 1039,  797,  928,  707,  739,  506,  490,  483,  762,  982,  874,  880,   86,  916,  767,  573,  996,  267,  781, 1109,  225,  917,  690,  702,  539,  925, 1124,  206,  559,  644,  133,  896, 1225, 1034, 1120,  616,  148, 1036,  515,  788,  996,  730,  981,  587, 1011,  663,  625,  780,  354,  346,  992,  431,  121,   90,  646,  140,  421,  839,  590, 1064,  762,  397,  654,  398,  124,  348,  673,  995,  997,  944,  579, 1033,  994,  811,  705,  230,  569,  164,  490,  965, 1211, 1081, 1144,  693,  435,  646,  329,  750,  988,  999,  738,  428,  287,  714,  145],
        [  425,    0,  164,  572,  932,  372,   62,  413,  870,  287,  900,  793,  765,  100,  160,  513,  866,  291,  685,  428,  787,  333,  752,  645,  165,  261,  831,  639,  898,  794,  300,    0,  640,  512,  744,  782,  833,  564,  401,  212,  648,  215,  214,  223,  674, 1065,  350,  134,  565,  281,  425,  786,  355,  406,  623,  194,  540,  811,  361,  335,   52,  852,  715,  171,  564,   59,  648,  869,  252,  664,  516,  590,  689,  135,  423,  420,  428,  392,  584,  169,  528,  236,  831,  604,  543,  875,  539,  688,  412,  493,  448,  207,  388,  776,  990,  671,  627,  218,  623,  468,  453,  848,   66,  551,  913,   76,  828,  404,  410,  359,  869,  920,  425,  317,  353,  172,  664,  994,  790,  915,  430,  292,  841,  367,  556,  887,  433,  932,  440,  902,  653,  624,  801,  118,   94,  733,  461,  224,  304,  378,  237,  450,  685,  294,  905,  647,  234,  357,  104,  416,  399,  388,  763,  804,  653,  480,  839,  928,  754,  502,  141,  295,  340,  196,  968,  966,  870,  898,  401,  141,  470,   34,  567,  771,  755,  439,  157,  339,  420,  179],
        [ 1042,    0,  547,   95,  469,  984,  579,  928,  939,  415,  879,  318,  866,  582,  517,  363,  832,  913,  438,  451,  257,  443,  958,  634,  606,  596,  486,  699,  895,  241,  927,  640,    0,  873,  413,  759,  339,  824, 1002,  808,  295,  850,  719,  761,  715,  549,  577,  596,  151,  908,  448,  557,  969,  772,   94,  697,  512,  957,  967,  383,  642,  829,  960,  802,  259,  627,  363,  965,  699,  173,  324,  438,  628,  540,  268,  454,  963,  900,  926,  699,  524,  860,  396,  233,  271,  608,  201,  271,  238,  267,  693,  533,  633,  948, 1078,  400,  202,  853,   70,  232,  588,  637,  696,  305,  537,  713,  773,  446,  234,  493,  867,  520,  980,  395,  428,  809,  294,  486,  299,  512,  458,  859,  498,  550,  297,  759,  341,  924,  536,  767,  839,  840,  974,  574,  646,  198,  818,  822,  900,  292,  819,  813,  548,  425,  642,  629,  578,  304,  537, 1028,  821,  255,  331,  487,   49,  628,  497,  884,  801,  397,  705,  360,  900,  446, 1051,  419,  464,  362,  243,  541,  471,  607,  446,  391,  280,  304,  588,  806,  375,  785],
