{
    "name": "random-43-781",
    "comment": "size=43 seed=781",
    "nodes": ["+0", "-0", "+1", "-1", "+2", "-2", "+3", "-3", "+4", "-4", "+5", "-5", "+6", "-6", "+7", "-7", "+8", "-8", "+9", "-9", "+10", "-10", "+11", "-11", "+12", "-12", "+13", "-13", "+14", "-14", "+15", "-15", "+16", "-16", "+17", "-17", "+18", "-18", "+19", "-19", "+20", "-20", "+21", "-21", "+22", "-22", "+23", "-23", "+24", "-24", "+25", "-25", "+26", "-26", "+27", "-27", "+28", "-28", "+29", "-29", "+30", "-30", "+31", "-31", "+32", "-32", "+33", "-33", "+34", "-34", "+35", "-35", "+36", "-36", "+37", "-37", "+38", "-38", "+39", "-39", "+40", "-40", "+41", "-41", "+42", "-42", "+43", "-43"],
    "precedence": {
        "+0": "-0",
        "+1": "-1",
        "+2": "-2",
        "+3": "-3",
        "+4": "-4",
        "+5": "-5",
        "+6": "-6",
        "+7": "-7",
        "+8": "-8",
        "+9": "-9",
        "+10": "-10",
        "+11": "-11",
        "+12": "-12",
        "+13": "-13",
        "+14": "-14",
        "+15": "-15",
        "+16": "-16",
        "+17": "-17",
        "+18": "-18",
        "+19": "-19",
        "+20": "-20",
        "+21": "-21",
        "+22": "-22",
        "+23": "-23",
        "+24": "-24",
        "+25": "-25",
        "+26": "-26",
        "+27": "-27",
        "+28": "-28",
        "+29": "-29",
        "+30": "-30",
        "+31": "-31",
        "+32": "-32",
        "+33": "-33",
        "+34": "-34",
        "+35": "-35",
        "+36": "-36",
        "+37": "-37",
        "+38": "-38",
        "+39": "-39",
        "+40": "-40",
        "+41": "-41",
        "+42": "-42",
        "+43": "-43"
    },
    "edges": [
        [    0,    0,  333,  452,  799,  364,  743,  166,   93,  353,  533,  645,  291,  347,  474,  355,  628,  269,  733,  366,  286,  560,  210,  238,  372,  684,  332,  300,  368,  464,  299,  291,  397,  198,  320,  645,  377,   98,  100,  379,  614,  427,  212,  392,  323,  199,  456,  501,  432,  366,  108,  266,  449,  411,  565,  706,  632,  197,  482,  717,  167,  410,  304,  603,  196,  760,  278,  333,  276,  495,  160,  480,  593,  640,  630,  678,  587,  205,  411,  368,   80,  332,  588,  529,  642,  294,  485,  323],
        [    0,    0,    0,    0,    0,    0,    0,    0,    0,    0,    0,    0,    0,    0,    0,    0,    0,    0,    0,    0,    0,    0,    0,    0,    0,    0,    0,    0,    0,    0,    0,    0,    0,    0,    0,    0,    0,    0,    0,    0,    0,    0,    0,    0,    0,    0,    0,    0,    0,    0,    0,    0,    0,    0,    0,    0,    0,    0,    0,    0,    0,    0,    0,    0,    0,    0,    0,    0,    0,    0,    0,    0,    0,    0,    0,    0,    0,    0,    0,    0,    0,    0,    0,    0,    0,    0,    0,    0],
        [  333,    0,    0,  395, 1064,   37,  940,  217,  375,  621,  808,  587,  167,  679,  495,  687,  736,   77,  819,  244,  275,  241,  195,  175,  178,  942,   76,  428,  526,  384,  573,  215,  729,  443,  111,  938,   48,  327,  432,  456,  690,  311,  190,  653,  582,  380,  755,  781,  754,   51,  394,  157,  780,   95,  783,  823,  940,  138,  762,  886,  243,  689,  440,  494,  399,  802,  610,  103,  315,  564,  447,  793,  698,  523,  892,  898,  848,  426,  154,  178,  294,  657,  485,  276,  947,  370,  393,  567],
        [  452,    0,  395,    0,  835,  386,  637,  308,  403,  481,  629,  204,  238,  687,  127,  693,  382,  347,  443,  152,  612,  574,  503,  504,  224,  714,  320,  230,  286,   29,  748,  570,  733,  647,  285,  771,  391,  362,  502,  170,  320,   94,  499,  490,  442,  626,  886,  944,  693,  366,  559,  260,  802,  365,  527,  465,  808,  402,  600,  562,  514,  544,  239,  154,  316,  412,  643,  293,  178,  213,  611,  697,  347,  192,  678,  625,  639,  338,  280,  567,  488,  732,  139,  276,  807,  182,   49,  414],
        [  799,    0, 1064,  835,    0, 1082,  271,  850,  717,  451,  267,  853,  923,  577,  719,  571,  527,  988,  574,  912, 1082, 1303, 1006, 1032,  979,  124, 1019,  655,  564,  863,  869, 1090,  563,  895,  987,  193, 1094,  752,  722,  672,  598,  907, 1007,  415,  487,  952,  827,  909,  448, 1072,  836,  919,  597, 1101,  308,  498,  265,  960,  318,  361,  966,  389,  643,  927,  667,  677,  627, 1002,  775,  638,  833,  376,  542,  950,  173,  225,  217,  640, 1045, 1158,  878,  693,  914, 1097,  246,  722,  880,  499],
        [  364,    0,   37,  386, 1082,    0,  950,  239,  402,  642,  829,  573,  170,  710,  493,  718,  738,  100,  817,  236,  309,  221,  231,  210,  164,  959,   71,  440,  537,  374,  609,  247,  760,  479,  108,  960,   13,  353,  463,  461,  689,  299,  226,  673,  602,  416,  791,  817,  782,   22,  429,  166,  812,   60,  796,  825,  965,  172,  783,  893,  279,  711,  451,  476,  418,  796,  642,   96,  323,  564,  482,  819,  700,  504,  911,  911,  867,  447,  128,  200,  329,  691,  467,  245,  971,  378,  380,  586],
        [  743,    0,  940,  637,  271,  950,    0,  740,  651,  410,  307,  612,  781,  642,  512,  639,  279,  867,  307,  745, 1024, 1167,  931,  951,  820,  210,  881,  512,  415,  665,  903, 1016,  650,  889,  845,  360,  960,  669,  693,  497,  353,  722,  930,  370,  427,  928,  917, 1000,  533,  935,  811,  784,  705,  955,  182,  232,  443,  862,  343,   94,  902,  382,  501,  701,  567,  410,  665,  859,  628,  426,  827,  472,  304,  718,  232,   91,  243,  547,  886, 1066,  822,  756,  690,  912,  427,  572,  678,  422],
        [  166,    0,  217,  308,  850,  239,  740,    0,  170,  405,  592,  510,  126,  488,  361,  496,  566,  141,  662,  202,  321,  457,  212,  224,  208,  728,  187,  234,  328,  314,  461,  293,  539,  347,  166,  722,  251,  118,  250,  288,  534,  268,  210,  437,  366,  319,  621,  666,  548,  233,  266,  104,  598,  272,  575,  651,  726,  124,  546,  694,  211,  473,  244,  452,  183,  668,  425,  180,  150,  407,  321,  582,  529,  488,  677,  690,  633,  211,  253,  328,  183,  492,  438,  366,  733,  193,  333,  352],
        [   93,    0,  375,  403,  717,  402,  651,  170,    0,  268,  452,  584,  290,  320,  404,  328,  539,  303,  646,  345,  375,  613,  290,  315,  371,  600,  356,  221,  279,  419,  353,  374,  371,  274,  335,  572,  415,   54,  100,  304,  529,  396,  291,  305,  235,  288,  485,  542,  380,  399,  183,  271,  432,  440,  474,  616,  567,  250,  403,  625,  254,  329,  222,  556,  111,  678,  260,  350,  227,  415,  223,  419,  506,  594,  547,  587,  503,  114,  421,  442,  171,  337,  541,  528,  575,  229,  441,  232],
        [  353,    0,  621,  481,  451,  642,  410,  405,  268,    0,  188,  592,  495,  273,  407,  274,  395,  545,  502,  507,  638,  861,  557,  582,  562,  333,  584,  256,  206,  507,  498,  641,  303,  480,  554,  319,  654,  302,  288,  315,  422,  525,  558,   41,   43,  524,  542,  621,  225,  634,  406,  486,  372,  668,  229,  447,  336,  511,  142,  407,  519,   70,  245,  617,  225,  570,  272,  569,  361,  361,  418,  217,  375,  650,  280,  334,  236,  197,  625,  708,  432,  371,  601,  701,  339,  318,  529,   68],
        [  533,    0,  808,  629,  267,  829,  307,  592,  452,  188,    0,  699,  677,  343,  532,  339,  424,  732,  513,  679,  816, 1048,  740,  766,  740,  158,  769,  421,  344,  658,  622,  824,  345,  634,  738,  142,  840,  489,  456,  460,  477,  687,  742,  157,  227,  688,  614,  698,  227,  820,  572,  670,  399,  852,  172,  441,  189,  698,   52,  347,  700,  123,  409,  748,  411,  603,  379,  753,  536,  465,  572,  165,  420,  777,  104,  218,   69,  383,  805,  893,  611,  460,  734,  872,  184,  488,  677,  244],
        [  645,    0,  587,  204,  853,  573,  612,  510,  584,  592,  699,    0,  439,  836,  191,  840,  333,  547,  341,  347,  816,  736,  706,  707,  411,  743,  511,  378,  387,  206,  936,  772,  877,  842,  479,  835,  576,  550,  683,  294,  259,  277,  702,  588,  560,  826, 1060, 1123,  816,  552,  753,  462,  948,  542,  558,  394,  888,  605,  683,  522,  717,  643,  383,  117,  484,  270,  802,  485,  370,  237,  801,  803,  312,  116,  720,  629,  689,  499,  454,  763,  688,  898,  117,  400,  883,  356,  194,  531],
        [  291,    0,  167,  238,  923,  170,  781,  126,  290,  495,  677,  439,    0,  610,  330,  617,  570,  110,  652,   96,  379,  387,  272,  269,   82,  800,  101,  273,  370,  234,  580,  333,  660,  461,   65,  813,  180,  237,  375,  291,  523,  169,  268,  521,  453,  421,  746,  788,  661,  155,  386,   28,  721,  178,  631,  657,  826,  172,  635,  723,  294,  564,  285,  361,  271,  639,  549,   79,  154,  397,  442,  688,  532,  395,  753,  744,  710,  301,  134,  331,  294,  617,  349,  240,  831,  210,  248,  433],
        [  347,    0,  679,  687,  577,  710,  642,  488,  320,  273,  343,  836,  610,    0,  645,    9,  668,  612,  775,  660,  577,  906,  540,  570,  690,  494,  671,  463,  456,  709,  294,  607,   51,  346,  653,  389,  722,  374,  248,  543,  693,  702,  543,  301,  290,  418,  277,  359,  131,  710,  320,  590,  115,  753,  475,  718,  342,  543,  301,  661,  486,  267,  457,  837,  374,  842,   72,  667,  526,  618,  293,  202,  647,  873,  443,  554,  412,  350,  741,  697,  402,  118,  821,  847,  358,  506,  732,  316],
        [  474,    0,  495,  127,  719,  493,  512,  361,  404,  407,  532,  191,  330,  645,    0,  649,  257,  437,  325,  260,  681,  692,  571,  578,  337,  601,  423,  189,  201,  153,  756,  646,  687,  671,  387,  672,  499,  376,  500,  104,  199,  217,  568,  407,  372,  664,  873,  938,  629,  473,  580,  346,  757,  480,  413,  341,  717,  474,  510,  435,  571,  462,  193,  216,  299,  311,  612,  397,  212,   87,  625,  621,  221,  247,  569,  505,  533,  311,  398,  659,  527,  708,  202,  402,  714,  180,  166,  343],
        [  355,    0,  687,  693,  571,  718,  639,  496,  328,  274,  339,  840,  617,    9,  649,    0,  669,  620,  776,  666,  586,  914,  548,  579,  697,  489,  679,  468,  459,  715,  300,  616,   44,  354,  661,  383,  731,  381,  256,  548,  694,  708,  552,  301,  292,  427,  279,  361,  125,  718,  329,  598,  110,  761,  473,  718,  334,  552,  297,  660,  495,  265,  461,  842,  379,  843,   81,  675,  532,  621,  301,  196,  648,  878,  438,  551,  408,  356,  748,  706,  411,  123,  826,  854,  350,  512,  738,  319],
        [  628,    0,  736,  382,  527,  738,  279,  566,  539,  395,  424,  333,  570,  668,  257,  669,    0,  670,  110,  512,  882,  945,  776,  789,  590,  427,  668,  337,  260,  407,  863,  858,  696,  810,  631,  542,  746,  535,  615,  283,   74,  473,  774,  370,  384,  826,  934, 1010,  602,  721,  721,  580,  764,  731,  257,   87,  609,  689,  427,  191,  762,  416,  330,  425,  432,  181,  662,  643,  427,  175,  753,  565,   39,  440,  414,  302,  393,  426,  653,  887,  698,  762,  415,  656,  599,  376,  416,  361],
        [  269,    0,   77,  347,  988,  100,  867,  141,  303,  545,  732,  547,  110,  612,  437,  620,  670,    0,  756,  200,  279,  317,  178,  169,  153,  866,   69,  355,  452,  341,  530,  228,  663,  403,   78,  862,  113,  253,  366,  388,  627,  273,  173,  576,  505,  349,  707,  740,  682,   98,  342,   92,  716,  143,  708,  757,  865,   89,  686,  814,  213,  613,  366,  463,  322,  747,  545,   82,  245,  500,  397,  719,  632,  496,  816,  823,  772,  350,  160,  223,  243,  598,  452,  288,  872,  299,  354,  491],
        [  733,    0,  819,  443,  574,  817,  307,  662,  646,  502,  513,  341,  652,  775,  325,  776,  110,  756,    0,  585,  980, 1015,  873,  885,  662,  489,  747,  438,  367,  464,  973,  954,  801,  918,  711,  619,  824,  639,  723,  375,  129,  536,  871,  476,  493,  931, 1042, 1119,  704,  798,  828,  665,  868,  804,  342,   78,  692,  783,  522,  215,  862,  519,  432,  449,  537,  104,  770,  721,  517,  257,  862,  663,  141,  456,  487,  357,  473,  533,  721,  976,  801,  871,  443,  708,  681,  470,  469,  471],
        [  366,    0,  244,  152,  912,  236,  745,  202,  345,  507,  679,  347,   96,  660,  260,  666,  512,  200,  585,    0,  474,  433,  367,  364,   78,  788,  168,  260,  348,  142,  662,  427,  709,  547,  134,  819,  241,  294,  439,  248,  458,   74,  363,  527,  464,  512,  819,  866,  694,  216,  467,  122,  773,  220,  610,  598,  842,  267,  642,  679,  388,  575,  272,  265,  296,  561,  604,  142,  146,  337,  522,  712,  475,  300,  745,  718,  704,  324,  142,  417,  381,  681,  254,  196,  845,  192,  154,  441],
        [  286,    0,  275,  612, 1082,  309, 1024,  321,  375,  638,  816,  816,  379,  577,  681,  586,  882,  279,  980,  474,    0,  398,  111,  111,  431,  969,  336,  546,  631,  611,  369,   64,  622,  249,  355,  921,  316,  357,  363,  607,  854,  548,  114,  677,  608,  169,  556,  559,  688,  326,  259,  355,  652,  367,  848,  965,  898,  211,  765,  992,  123,  694,  553,  739,  462,  988,  507,  357,  470,  727,  288,  745,  845,  773,  915,  962,  872,  478,  425,  155,  206,  512,  728,  551,  910,  512,  626,  606],
        [  560,    0,  241,  574, 1303,  221, 1167,  457,  613,  861, 1048,  736,  387,  906,  692,  914,  945,  317, 1015,  433,  398,    0,  377,  347,  356, 1180,  287,  659,  756,  555,  756,  340,  955,  628,  323, 1178,  210,  566,  660,  674,  890,  481,  373,  892,  821,  553,  944,  955,  989,  233,  601,  386, 1001,  214, 1017, 1031, 1179,  366, 1002, 1107,  433,  929,  671,  626,  638,  983,  835,  309,  540,  770,  648, 1031,  907,  646, 1131, 1130, 1087,  666,  295,  244,  507,  870,  622,  345, 1186,  596,  556,  806],
        [  210,    0,  195,  503, 1006,  231,  931,  212,  290,  557,  740,  706,  272,  540,  571,  548,  776,  178,  873,  367,  111,  377,    0,   31,  330,  889,  241,  441,  529,  503,  386,   86,  588,  256,  255,  855,  241,  263,  303,  499,  746,  441,    6,  595,  524,  187,  572,  591,  637,  244,  226,  247,  629,  290,  757,  860,  841,  102,  690,  894,   56,  618,  449,  632,  365,  879,  468,  259,  361,  618,  271,  688,  739,  667,  836,  872,  792,  384,  334,  159,  139,  495,  620,  462,  851,  404,  518,  519],
        [  238,    0,  175,  504, 1032,  210,  951,  224,  315,  582,  766,  707,  269,  570,  578,  579,  789,  169,  885,  364,  111,  347,   31,    0,  321,  914,  228,  456,  546,  502,  414,   70,  618,  284,  245,  882,  219,  285,  332,  511,  757,  437,   27,  619,  548,  213,  600,  618,  666,  225,  256,  245,  659,  269,  779,  874,  869,  104,  717,  911,   87,  643,  464,  629,  384,  887,  499,  248,  369,  629,  301,  717,  752,  662,  861,  894,  817,  405,  319,  130,  169,  525,  617,  446,  879,  416,  516,  542],
        [  372,    0,  178,  224,  979,  164,  820,  208,  371,  562,  740,  411,   82,  690,  337,  697,  590,  153,  662,   78,  431,  356,  330,  321,    0,  856,  102,  325,  417,  211,  659,  377,  741,  537,   76,  879,  168,  318,  457,  323,  535,  136,  325,  585,  520,  492,  826,  867,  737,  143,  465,  106,  802,  143,  680,  676,  896,  234,  700,  755,  359,  631,  337,  317,  342,  636,  630,   77,  206,  415,  521,  761,  552,  348,  811,  790,  768,  372,   67,  355,  371,  699,  308,  159,  900,  258,  217,  498],
        [  684,    0,  942,  714,  124,  959,  210,  728,  600,  333,  158,  743,  800,  494,  601,  489,  427,  866,  489,  788,  969, 1180,  889,  914,  856,    0,  896,  531,  441,  743,  778,  974,  489,  792,  863,  153,  971,  633,  612,  550,  494,  784,  890,  296,  367,  845,  758,  842,  369,  949,  728,  796,  534,  977,  189,  412,  237,  840,  209,  284,  851,  276,  519,  812,  545,  590,  534,  878,  651,  522,  730,  300,  436,  836,   55,  134,   98,  518,  922, 1039,  763,  611,  799,  974,  220,  598,  760,  377],
        [  332,    0,   76,  320, 1019,   71,  881,  187,  356,  584,  769,  511,  101,  671,  423,  679,  668,   69,  747,  168,  336,  287,  241,  228,  102,  896,    0,  372,  469,  309,  598,  280,  722,  471,   38,  902,   79,  304,  427,  391,  619,  235,  236,  612,  543,  417,  775,  808,  735,   55,  410,  100,  777,   85,  730,  755,  910,  157,  724,  823,  280,  653,  384,  419,  359,  728,  605,   28,  254,  494,  465,  768,  630,  449,  848,  843,  804,  388,   93,  253,  311,  663,  410,  221,  916,  310,  317,  525],
        [  300,    0,  428,  230,  655,  440,  512,  234,  221,  256,  421,  378,  273,  463,  189,  468,  337,  355,  438,  260,  546,  659,  441,  456,  325,  531,  372,    0,   98,  255,  570,  524,  507,  493,  337,  562,  450,  204,  313,   86,  315,  270,  439,  270,  215,  498,  684,  749,  464,  426,  402,  274,  577,  450,  359,  420,  589,  358,  385,  461,  426,  322,   13,  375,  112,  460,  425,  352,  121,  195,  443,  470,  300,  411,  487,  472,  445,  122,  391,  561,  365,  520,  360,  452,  590,   68,  277,  188],
        [  368,    0,  526,  286,  564,  537,  415,  328,  279,  206,  344,  387,  370,  456,  201,  459,  260,  452,  367,  348,  631,  756,  529,  546,  417,  441,  469,   98,    0,  314,  611,  614,  494,  551,  434,  486,  547,  278,  358,  116,  256,  346,  528,  208,  173,  566,  701,  773,  429,  523,  461,  371,  565,  546,  264,  338,  523,  452,  315,  367,  509,  263,   87,  413,  173,  408,  432,  448,  216,  163,  495,  421,  227,  445,  400,  375,  359,  166,  484,  655,  440,  532,  398,  534,  522,  161,  334,  144],
        [  464,    0,  384,   29,  863,  374,  665,  314,  419,  507,  658,  206,  234,  709,  153,  715,  407,  341,  464,  142,  611,  555,  503,  502,  211,  743,  309,  255,  314,    0,  761,  566,  756,  657,  275,  799,  378,  376,  519,  198,  344,   76,  499,  517,  468,  632,  903,  959,  718,  353,  571,  257,  824,  349,  556,  489,  835,  402,  628,  588,  517,  571,  265,  140,  337,  429,  663,  282,  193,  240,  623,  723,  373,  177,  706,  653,  668,  360,  262,  559,  496,  751,  125,  250,  835,  203,   23,  440],
        [  299,    0,  573,  748,  869,  609,  903,  461,  353,  498,  622,  936,  580,  294,  756,  300,  863,  530,  973,  662,  369,  756,  386,  414,  659,  778,  598,  570,  611,  761,    0,  420,  319,  131,  597,  682,  620,  388,  258,  655,  866,  725,  391,  536,  492,  204,  188,  210,  424,  618,  195,  554,  321,  665,  724,  930,  633,  443,  575,  904,  332,  522,  570,  900,  459, 1018,  244,  607,  571,  761,  140,  494,  834,  938,  725,  821,  690,  452,  687,  517,  290,  186,  885,  812,  650,  581,  783,  508],
        [  291,    0,  215,  570, 1090,  247, 1016,  293,  374,  641,  824,  772,  333,  607,  646,  616,  858,  228,  954,  427,   64,  340,   86,   70,  377,  974,  280,  524,  614,  566,  420,    0,  654,  295,  302,  935,  254,  348,  379,  580,  826,  500,   87,  679,  609,  216,  608,  616,  711,  266,  288,  310,  689,  306,  843,  943,  918,  172,  773,  979,  126,  701,  532,  690,  450,  956,  536,  302,  438,  698,  325,  765,  821,  723,  920,  958,  877,  470,  367,   98,  215,  551,  679,  491,  929,  485,  580,  604],
        [  397,    0,  729,  733,  563,  760,  650,  539,  371,  303,  345,  877,  660,   51,  687,   44,  696,  663,  801,  709,  622,  955,  588,  618,  741,  489,  722,  507,  494,  756,  319,  654,    0,  385,  704,  372,  773,  424,  298,  586,  724,  750,  591,  326,  324,  460,  270,  354,  120,  761,  366,  641,   71,  804,  489,  741,  316,  593,  308,  676,  534,  285,  500,  882,  421,  872,  121,  718,  574,  655,  335,  190,  676,  918,  440,  561,  413,  397,  791,  744,  451,  135,  866,  897,  333,  553,  778,  352],
        [  198,    0,  443,  647,  895,  479,  889,  347,  274,  480,  634,  842,  461,  346,  671,  354,  810,  403,  918,  547,  249,  628,  256,  284,  537,  792,  471,  493,  551,  657,  131,  295,  385,    0,  472,  718,  490,  295,  199,  575,  803,  614,  261,  521,  464,   80,  317,  338,  468,  489,   92,  434,  408,  535,  708,  884,  682,  315,  584,  877,  202,  521,  495,  796,  384,  951,  279,  481,  473,  688,   63,  533,  777,  833,  738,  814,  698,  385,  561,  392,  167,  266,  781,  688,  696,  491,  677,  473],
        [  320,    0,  111,  285,  987,  108,  845,  166,  335,  554,  738,  479,   65,  653,  387,  661,  631,   78,  711,  134,  355,  323,  255,  245,   76,  863,   38,  337,  434,  275,  597,  302,  704,  472,    0,  873,  116,  282,  412,  354,  582,  203,  250,  582,  513,  423,  770,  806,  712,   91,  405,   69,  762,  115,  695,  718,  883,  162,  695,  787,  288,  623,  349,  390,  329,  692,  589,   16,  218,  457,  461,  742,  593,  422,  816,  809,  772,  359,   92,  284,  308,  651,  380,  216,  889,  274,  285,  494],
        [  645,    0,  938,  771,  193,  960,  360,  722,  572,  319,  142,  835,  813,  389,  672,  383,  542,  862,  619,  819,  921, 1178,  855,  882,  879,  153,  902,  562,  486,  799,  682,  935,  372,  718,  873,    0,  972,  614,  559,  602,  602,  829,  857,  294,  361,  780,  635,  717,  259,  953,  667,  804,  405,  986,  286,  543,   85,  821,  179,  426,  810,  250,  550,  888,  544,  715,  444,  888,  675,  602,  658,  189,  543,  916,  134,  277,  149,  515,  942, 1011,  720,  503,  873, 1013,   68,  628,  819,  381],
        [  377,    0,   48,  391, 1094,   13,  960,  251,  415,  654,  840,  576,  180,  722,  499,  731,  746,  113,  824,  241,  316,  210,  241,  219,  168,  971,   79,  450,  547,  378,  620,  254,  773,  490,  116,  972,    0,  365,  475,  469,  696,  302,  236,  684,  614,  427,  802,  828,  795,   26,  441,  177,  825,   52,  807,  833,  977,  184,  795,  902,  290,  723,  461,  477,  430,  802,  654,  104,  332,  572,  494,  831,  708,  505,  922,  921,  878,  458,  128,  203,  341,  703,  469,  241,  984,  388,  384,  598],
        [   98,    0,  327,  362,  752,  353,  669,  118,   54,  302,  489,  550,  237,  374,  376,  381,  535,  253,  639,  294,  357,  566,  263,  285,  318,  633,  304,  204,  278,  376,  388,  348,  424,  295,  282,  614,  365,    0,  146,  281,  517,  348,  263,  338,  266,  295,  530,  583,  431,  349,  204,  218,  485,  388,  495,  615,  613,  209,  441,  636,  235,  368,  208,  515,  106,  663,  313,  297,  185,  397,  252,  467,  499,  552,  580,  610,  536,  122,  368,  407,  163,  387,  499,  475,  621,  197,  398,  258],
        [  100,    0,  432,  502,  722,  463,  693,  250,  100,  288,  456,  683,  375,  248,  500,  256,  615,  366,  723,  439,  363,  660,  303,  332,  457,  612,  427,  313,  358,  519,  258,  379,  298,  199,  412,  559,  475,  146,    0,  398,  612,  494,  305,  328,  267,  236,  385,  442,  335,  464,  119,  353,  351,  508,  512,  687,  539,  296,  405,  679,  254,  336,  313,  656,  202,  763,  180,  425,  326,  504,  140,  387,  583,  693,  557,  621,  516,  196,  502,  461,  165,  243,  641,  615,  551,  328,  541,  275],
        [  379,    0,  456,  170,  672,  461,  497,  288,  304,  315,  460,  294,  291,  543,  104,  548,  283,  388,  375,  248,  607,  674,  499,  511,  323,  550,  391,   86,  116,  198,  655,  580,  586,  575,  354,  602,  469,  281,  398,    0,  247,  235,  497,  321,  278,  574,  769,  834,  534,  444,  483,  299,  656,  460,  366,  369,  638,  409,  431,  434,  492,  376,   89,  302,  197,  385,  508,  367,  145,  120,  527,  531,  245,  336,  511,  472,  472,  207,  389,  605,  438,  605,  287,  425,  637,   96,  218,  249],
        [  614,    0,  690,  320,  598,  689,  353,  534,  529,  422,  477,  259,  523,  693,  199,  694,   74,  627,  129,  458,  854,  890,  746,  757,  535,  494,  619,  315,  256,  344,  866,  826,  724,  803,  582,  602,  696,  517,  612,  247,    0,  413,  743,  403,  404,  811,  951, 1024,  638,  670,  712,  537,  794,  678,  317,  147,  665,  655,  474,  264,  737,  453,  310,  352,  419,  153,  679,  593,  389,  129,  749,  608,   59,  367,  477,  373,  453,  418,  596,  847,  679,  780,  343,  591,  657,  342,  351,  378],
        [  427,    0,  311,   94,  907,  299,  722,  268,  396,  525,  687,  277,  169,  702,  217,  708,  473,  273,  536,   74,  548,  481,  441,  437,  136,  784,  235,  270,  346,   76,  725,  500,  750,  614,  203,  829,  302,  348,  494,  235,  413,    0,  436,  540,  483,  582,  877,  928,  725,  278,  531,  195,  817,  273,  600,  557,  858,  340,  653,  649,  460,  591,  281,  192,  331,  504,  650,  208,  177,  301,  586,  737,  438,  227,  745,  704,  705,  357,  187,  487,  449,  732,  180,  192,  859,  207,   83,  457],
        [  212,    0,  190,  499, 1007,  226,  930,  210,  291,  558,  742,  702,  268,  543,  568,  552,  774,  173,  871,  363,  114,  373,    6,   27,  325,  890,  236,  439,  528,  499,  391,   87,  591,  261,  250,  857,  236,  263,  305,  497,  743,  436,    0,  595,  525,  192,  577,  596,  640,  239,  230,  243,  632,  284,  757,  858,  843,   98,  692,  893,   61,  619,  447,  628,  364,  876,  472,  254,  358,  616,  276,  690,  737,  662,  837,  872,  793,  384,  329,  157,  142,  499,  616,  457,  853,  402,  514,  519],
        [  392,    0,  653,  490,  415,  673,  370,  437,  305,   41,  157,  588,  521,  301,  407,  301,  370,  576,  476,  527,  677,  892,  595,  619,  585,  296,  612,  270,  208,  517,  536,  679,  326,  521,  582,  294,  684,  338,  328,  321,  403,  540,  595,    0,   72,  564,  574,  653,  236,  664,  447,  513,  394,  696,  189,  417,  320,  545,  116,  370,  557,   56,  259,  620,  255,  548,  307,  597,  382,  353,  458,  216,  353,  652,  243,  293,  199,  227,  649,  744,  471,  404,  605,  720,  320,  336,  538,   88],
        [  323,    0,  582,  442,  487,  602,  427,  366,  235,   43,  227,  560,  453,  290,  372,  292,  384,  505,  493,  464,  608,  821,  524,  548,  520,  367,  543,  215,  173,  468,  492,  609,  324,  464,  513,  361,  614,  266,  267,  278,  404,  483,  525,   72,    0,  501,  551,  627,  257,  594,  385,  444,  395,  627,  246,  442,  378,  473,  182,  416,  488,  112,  204,  580,  185,  554,  278,  528,  319,  332,  402,  256,  360,  614,  315,  356,  271,  156,  583,  673,  403,  379,  564,  659,  381,  277,  490,   30],
        [  199,    0,  380,  626,  952,  416,  928,  319,  288,  524,  688,  826,  421,  418,  664,  427,  826,  349,  931,  512,  169,  553,  187,  213,  492,  845,  417,  498,  566,  632,  204,  216,  460,   80,  423,  780,  427,  295,  236,  574,  811,  582,  192,  564,  501,    0,  392,  406,  536,  428,  118,  394,  486,  474,  747,  903,  749,  261,  637,  909,  138,  570,  501,  770,  394,  957,  349,  430,  458,  691,  126,  598,  791,  806,  790,  856,  749,  401,  509,  314,  139,  344,  756,  637,  763,  485,  651,  507],
        [  456,    0,  755,  886,  827,  791,  917,  621,  485,  542,  614, 1060,  746,  277,  873,  279,  934,  707, 1042,  819,  556,  944,  572,  600,  826,  758,  775,  684,  701,  903,  188,  608,  270,  317,  770,  635,  802,  530,  385,  769,  951,  877,  577,  574,  551,  392,    0,   84,  390,  799,  366,  721,  231,  845,  751,  989,  568,  622,  575,  937,  518,  542,  680, 1040,  577, 1102,  273,  781,  711,  861,  310,  459,  910, 1077,  710,  829,  683,  562,  861,  705,  465,  172, 1025,  983,  587,  709,  925,  574],
        [  501,    0,  781,  944,  909,  817, 1000,  666,  542,  621,  698, 1123,  788,  359,  938,  361, 1010,  740, 1119,  866,  559,  955,  591,  618,  867,  842,  808,  749,  773,  959,  210,  616,  354,  338,  806,  717,  828,  583,  442,  834, 1024,  928,  596,  653,  627,  406,   84,    0,  474,  827,  403,  762,  313,  873,  832, 1067,  650,  652,  658, 1019,  539,  624,  746, 1097,  640, 1177,  350,  816,  767,  931,  347,  542,  985, 1134,  793,  912,  766,  627,  896,  712,  499,  250, 1082, 1021,  669,  770,  980,  650],
        [  432,    0,  754,  693,  448,  782,  533,  548,  380,  225,  227,  816,  661,  131,  629,  125,  602,  682,  704,  694,  688,  989,  637,  666,  737,  369,  735,  464,  429,  718,  424,  711,  120,  468,  712,  259,  795,  431,  335,  534,  638,  725,  640,  236,  257,  536,  390,  474,    0,  779,  429,  645,  173,  819,  379,  639,  215,  624,  193,  564,  587,  186,  455,  835,  399,  781,  189,  727,  551,  585,  411,   72,  587,  870,  320,  443,  294,  370,  794,  796,  498,  246,  820,  888,  229,  520,  741,  286],
        [  366,    0,   51,  366, 1072,   22,  935,  233,  399,  634,  820,  552,  155,  710,  473,  718,  721,   98,  798,  216,  326,  233,  244,  225,  143,  949,   55,  426,  523,  353,  618,  266,  761,  489,   91,  953,   26,  349,  464,  444,  670,  278,  239,  664,  594,  428,  799,  827,  779,    0,  435,  154,  814,   47,  784,  807,  959,  178,  775,  877,  290,  703,  438,  454,  410,  776,  643,   78,  308,  546,  489,  814,  683,  482,  900,  897,  857,  438,  107,  222,  335,  695,  446,  226,  965,  364,  359,  577],
        [  108,    0,  394,  559,  836,  429,  811,  266,  183,  406,  572,  753,  386,  320,  580,  329,  721,  342,  828,  467,  259,  601,  226,  256,  465,  728,  410,  402,  461,  571,  195,  288,  366,   92,  405,  667,  441,  204,  119,  483,  712,  531,  230,  447,  385,  118,  366,  403,  429,  435,    0,  360,  404,  481,  630,  796,  641,  258,  521,  795,  170,  453,  404,  710,  293,  861,  249,  416,  384,  597,   56,  488,  688,  747,  674,  739,  632,  296,  496,  380,  101,  270,  695,  620,  653,  401,  591,  392],
        [  266,    0,  157,  260,  919,  166,  784,  104,  271,  486,  670,  462,   28,  590,  346,  598,  580,   92,  665,  122,  355,  386,  247,  245,  106,  796,  100,  274,  371,  257,  554,  310,  641,  434,   69,  804,  177,  218,  353,  299,  537,  195,  243,  513,  444,  394,  721,  762,  645,  154,  360,    0,  700,  183,  631,  667,  815,  146,  626,  729,  267,  555,  285,  386,  261,  656,  528,   84,  158,  409,  416,  674,  542,  421,  748,  745,  705,  290,  151,  314,  268,  594,  374,  264,  820,  213,  272,  426],
        [  449,    0,  780,  802,  597,  812,  705,  598,  432,  372,  399,  948,  721,  115,  757,  110,  764,  716,  868,  773,  652, 1001,  629,  659,  802,  534,  777,  577,  565,  824,  321,  689,   71,  408,  762,  405,  825,  485,  351,  656,  794,  817,  632,  394,  395,  486,  231,  313,  173,  814,  404,  700,    0,  858,  551,  807,  339,  643,  366,  737,  573,  351,  570,  951,  488,  941,  173,  775,  641,  726,  365,  236,  745,  987,  488,  616,  465,  465,  850,  783,  495,  142,  936,  959,  357,  621,  847,  423],
        [  411,    0,   95,  365, 1101,   60,  955,  272,  440,  668,  852,  542,  178,  753,  480,  761,  731,  143,  804,  220,  367,  214,  290,  269,  143,  977,   85,  450,  546,  349,  665,  306,  804,  535,  115,  986,   52,  388,  508,  460,  678,  273,  284,  696,  627,  474,  845,  873,  819,   47,  481,  183,  858,    0,  808,  817,  995,  224,  809,  893,  336,  737,  462,  438,  443,  776,  687,  100,  330,  556,  535,  853,  694,  464,  930,  921,  887,  472,   89,  252,  381,  740,  432,  191, 1001,  386,  352,  609],
        [  565,    0,  783,  527,  308,  796,  182,  575,  474,  229,  172,  558,  631,  475,  413,  473,  257,  708,  342,  610,  848, 1017,  757,  779,  680,  189,  730,  359,  264,  556,  724,  843,  489,  708,  695,  286,  807,  495,  512,  366,  317,  600,  757,  189,  246,  747,  751,  832,  379,  784,  630,  631,  551,  808,    0,  270,  353,  694,  188,  187,  726,  209,  347,  623,  396,  433,  491,  710,  479,  333,  646,  329,  258,  648,  163,  116,  137,  374,  747,  898,  644,  585,  610,  791,  343,  424,  573,  243],
        [  706,    0,  823,  465,  498,  825,  232,  651,  616,  447,  441,  394,  657,  718,  341,  718,   87,  757,   78,  598,  965, 1031,  860,  874,  676,  412,  755,  420,  338,  489,  930,  943,  741,  884,  718,  543,  833,  615,  687,  369,  147,  557,  858,  417,  442,  903,  989, 1067,  639,  807,  796,  667,  807,  817,  270,    0,  617,  774,  454,  139,  845,  457,  413,  494,  511,  180,  718,  730,  513,  262,  826,  595,  125,  506,  411,  280,  399,  502,  738,  973,  778,  818,  486,  738,  605,  461,  497,  423],
        [  632,    0,  940,  808,  265,  965,  443,  726,  567,  336,  189,  888,  826,  342,  717,  334,  609,  865,  692,  842,  898, 1179,  841,  869,  896,  237,  910,  589,  523,  835,  633,  918,  316,  682,  883,   85,  977,  613,  539,  638,  665,  858,  843,  320,  378,  749,  568,  650,  215,  959,  641,  815,  339,  995,  353,  617,    0,  817,  208,  506,  793,  268,  577,  933,  556,  786,  403,  899,  696,  652,  625,  153,  607,  963,  213,  358,  219,  526,  958,  999,  703,  450,  918, 1037,   20,  653,  856,  402],
        [  197,    0,  138,  402,  960,  172,  862,  124,  250,  511,  698,  605,  172,  543,  474,  552,  689,   89,  783,  267,  211,  366,  102,  104,  234,  840,  157,  358,  452,  402,  443,  172,  593,  315,  162,  821,  184,  209,  296,  409,  655,  340,   98,  545,  473,  261,  622,  652,  624,  178,  258,  146,  643,  224,  694,  774,  817,    0,  649,  818,  126,  576,  367,  532,  299,  784,  474,  169,  267,  527,  312,  667,  651,  566,  788,  810,  744,  323,  248,  205,  158,  520,  519,  376,  825,  314,  417,  463],
        [  482,    0,  762,  600,  318,  783,  343,  546,  403,  142,   52,  683,  635,  301,  510,  297,  427,  686,  522,  642,  765, 1002,  690,  717,  700,  209,  724,  385,  315,  628,  575,  773,  308,  584,  695,  179,  795,  441,  405,  431,  474,  653,  692,  116,  182,  637,  575,  658,  193,  775,  521,  626,  366,  809,  188,  454,  208,  649,    0,  372,  649,   74,  373,  725,  366,  607,  332,  710,  497,  447,  521,  141,  418,  756,  154,  255,  116,  338,  764,  844,  560,  416,  710,  835,  207,  451,  649,  202],
        [  717,    0,  886,  562,  361,  893,   94,  694,  625,  407,  347,  522,  723,  661,  435,  660,  191,  814,  215,  679,  992, 1107,  894,  911,  755,  284,  823,  461,  367,  588,  904,  979,  676,  877,  787,  426,  902,  636,  679,  434,  264,  649,  893,  370,  416,  909,  937, 1019,  564,  877,  795,  729,  737,  893,  187,  139,  506,  818,  372,    0,  870,  395,  451,  615,  531,  318,  675,  800,  571,  349,  816,  510,  219,  630,  293,  152,  292,  515,  820, 1021,  794,  771,  605,  837,  492,  516,  600,  405],
        [  167,    0,  243,  514,  966,  279,  902,  211,  254,  519,  700,  717,  294,  486,  571,  495,  762,  213,  862,  388,  123,  433,   56,   87,  359,  851,  280,  426,  509,  517,  332,  126,  534,  202,  288,  810,  290,  235,  254,  492,  737,  460,   61,  557,  488,  138,  518,  539,  587,  290,  170,  267,  573,  336,  726,  845,  793,  126,  649,  870,    0,  577,  433,  651,  340,  875,  415,  294,  359,  611,  216,  640,  725,  686,  797,  840,  754,  356,  372,  211,   90,  439,  638,  500,  804,  397,  534,  485],
        [  410,    0,  689,  544,  389,  711,  382,  473,  329,   70,  123,  643,  564,  267,  462,  265,  416,  613,  519,  575,  694,  929,  618,  643,  631,  276,  653,  322,  263,  571,  522,  701,  285,  521,  623,  250,  723,  368,  336,  376,  453,  591,  619,   56,  112,  570,  542,  624,  186,  703,  453,  555,  351,  737,  209,  457,  268,  576,   74,  395,  577,    0,  310,  675,  295,  595,  284,  639,  429,  408,  458,  161,  401,  707,  222,  299,  180,  265,  694,  771,  489,  376,  660,  770,  270,  386,  592,  135],
        [  304,    0,  440,  239,  643,  451,  501,  244,  222,  245,  409,  383,  285,  457,  193,  461,  330,  366,  432,  272,  553,  671,  449,  464,  337,  519,  384,   13,   87,  265,  570,  532,  500,  495,  349,  550,  461,  208,  313,   89,  310,  281,  447,  259,  204,  501,  680,  746,  455,  438,  404,  285,  570,  462,  347,  413,  577,  367,  373,  451,  433,  310,    0,  383,  112,  457,  420,  364,  133,  193,  444,  459,  294,  419,  475,  460,  432,  119,  403,  571,  370,  516,  367,  464,  579,   80,  287,  177],
        [  603,    0,  494,  154,  927,  476,  701,  452,  556,  617,  748,  117,  361,  837,  216,  842,  425,  463,  449,  265,  739,  626,  632,  629,  317,  812,  419,  375,  413,  140,  900,  690,  882,  796,  390,  888,  477,  515,  656,  302,  352,  192,  628,  620,  580,  770, 1040, 1097,  835,  454,  710,  386,  951,  438,  623,  494,  933,  532,  725,  615,  651,  675,  383,    0,  469,  385,  795,  393,  331,  291,  762,  832,  397,   38,  782,  707,  748,  489,  351,  671,  634,  885,   16,  285,  930,  334,  119,  551],
        [  196,    0,  399,  316,  667,  418,  567,  183,  111,  225,  411,  484,  271,  374,  299,  379,  432,  322,  537,  296,  462,  638,  365,  384,  342,  545,  359,  112,  173,  337,  459,  450,  421,  384,  329,  544,  430,  106,  202,  197,  419,  331,  364,  255,  185,  394,  577,  640,  399,  410,  293,  261,  488,  443,  396,  511,  556,  299,  366,  531,  340,  295,  112,  469,    0,  568,  327,  345,  155,  305,  333,  419,  397,  506,  495,  512,  451,   30,  403,  502,  268,  417,  453,  490,  560,  135,  360,  169],
        [  760,    0,  802,  412,  677,  796,  410,  668,  678,  570,  603,  270,  639,  842,  311,  843,  181,  747,  104,  561,  988,  983,  879,  887,  636,  590,  728,  460,  408,  429, 1018,  956,  872,  951,  692,  715,  802,  663,  763,  385,  153,  504,  876,  548,  554,  957, 1102, 1177,  781,  776,  861,  656,  941,  776,  433,  180,  786,  784,  607,  318,  875,  595,  457,  385,  568,    0,  830,  702,  519,  266,  899,  746,  196,  385,  584,  458,  568,  568,  690,  969,  822,  931,  382,  660,  775,  478,  428,  529],
        [  278,    0,  610,  643,  627,  642,  665,  425,  260,  272,  379,  802,  549,   72,  612,   81,  662,  545,  770,  604,  507,  835,  468,  499,  630,  534,  605,  425,  432,  663,  244,  536,  121,  279,  589,  444,  654,  313,  180,  508,  679,  650,  472,  307,  278,  349,  273,  350,  189,  643,  249,  528,  173,  687,  491,  718,  403,  474,  332,  675,  415,  284,  420,  795,  327,  830,    0,  603,  475,  593,  224,  256,  637,  832,  481,  581,  447,  307,  678,  626,  331,  101,  779,  787,  418,  462,  686,  302],
        [  333,    0,  103,  293, 1002,   96,  859,  180,  350,  569,  753,  485,   79,  667,  397,  675,  643,   82,  721,  142,  357,  309,  259,  248,   77,  878,   28,  352,  448,  282,  607,  302,  718,  481,   16,  888,  104,  297,  425,  367,  593,  208,  254,  597,  528,  430,  781,  816,  727,   78,  416,   84,  775,  100,  710,  730,  899,  169,  710,  800,  294,  639,  364,  393,  345,  702,  603,    0,  233,  469,  472,  757,  605,  424,  831,  823,  787,  374,   81,  279,  318,  664,  383,  208,  904,  288,  291,  510],
        [  276,    0,  315,  178,  775,  323,  628,  150,  227,  361,  536,  370,  154,  526,  212,  532,  427,  245,  517,  146,  470,  540,  361,  369,  206,  651,  254,  121,  216,  193,  571,  438,  574,  473,  218,  675,  332,  185,  326,  145,  389,  177,  358,  382,  319,  458,  711,  767,  551,  308,  384,  158,  641,  330,  479,  513,  696,  267,  497,  571,  359,  429,  133,  331,  155,  519,  475,  233,    0,  261,  434,  567,  389,  368,  606,  591,  563,  182,  271,  461,  319,  560,  315,  341,  699,   56,  215,  295],
        [  495,    0,  564,  213,  638,  564,  426,  407,  415,  361,  465,  237,  397,  618,   87,  621,  175,  500,  257,  337,  727,  770,  618,  629,  415,  522,  494,  195,  163,  240,  761,  698,  655,  688,  457,  602,  572,  397,  504,  120,  129,  301,  616,  353,  332,  691,  861,  931,  585,  546,  597,  409,  726,  556,  333,  262,  652,  527,  447,  349,  611,  408,  193,  291,  305,  266,  593,  469,  261,    0,  637,  568,  138,  316,  492,  420,  459,  309,  478,  720,  557,  693,  278,  488,  648,  215,  252,  304],
        [  160,    0,  447,  611,  833,  482,  827,  321,  223,  418,  572,  801,  442,  293,  625,  301,  753,  397,  862,  522,  288,  648,  271,  301,  521,  730,  465,  443,  495,  623,  140,  325,  335,   63,  461,  658,  494,  252,  140,  527,  749,  586,  276,  458,  402,  126,  310,  347,  411,  489,   56,  416,  365,  535,  646,  826,  625,  312,  521,  816,  216,  458,  444,  762,  333,  899,  224,  472,  434,  637,    0,  474,  721,  799,  675,  751,  636,  331,  552,  420,  155,  226,  747,  676,  639,  448,  644,  412],
