{
    "name": "random-54-2705",
    "comment": "size=54 seed=2705",
    "nodes": ["+0", "-0", "+1", "-1", "+2", "-2", "+3", "-3", "+4", "-4", "+5", "-5", "+6", "-6", "+7", "-7", "+8", "-8", "+9", "-9", "+10", "-10", "+11", "-11", "+12", "-12", "+13", "-13", "+14", "-14", "+15", "-15", "+16", "-16", "+17", "-17", "+18", "-18", "+19", "-19", "+20", "-20", "+21", "-21", "+22", "-22", "+23", "-23", "+24", "-24", "+25", "-25", "+26", "-26", "+27", "-27", "+28", "-28", "+29", "-29", "+30", "-30", "+31", "-31", "+32", "-32", "+33", "-33", "+34", "-34", "+35", "-35", "+36", "-36", "+37", "-37", "+38", "-38", "+39", "-39", "+40", "-40", "+41", "-41", "+42", "-42", "+43", "-43", "+44", "-44", "+45", "-45", "+46", "-46", "+47", "-47", "+48", "-48", "+49", "-49", "+50", "-50", "+51", "-51", "+52", "-52", "+53", "-53", "+54", "-54"],
    "precedence": {
        "+0": "-0",
        "+1": "-1",
        "+2": "-2",
        "+3": "-3",
        "+4": "-4",
        "+5": "-5",
        "+6": "-6",
        "+7": "-7",
        "+8": "-8",
        "+9": "-9",
        "+10": "-10",
        "+11": "-11",
        "+12": "-12",
        "+13": "-13",
        "+14": "-14",
        "+15": "-15",
        "+16": "-16",
        "+17": "-17",
        "+18": "-18",
        "+19": "-19",
        "+20": "-20",
        "+21": "-21",
        "+22": "-22",
        "+23": "-23",
        "+24": "-24",
        "+25": "-25",
        "+26": "-26",
        "+27": "-27",
        "+28": "-28",
        "+29": "-29",
        "+30": "-30",
        "+31": "-31",
        "+32": "-32",
        "+33": "-33",
        "+34": "-34",
        "+35": "-35",
        "+36": "-36",
        "+37": "-37",
        "+38": "-38",
        "+39": "-39",
        "+40": "-40",
        "+41": "-41",
        "+42": "-42",
        "+43": "-43",
        "+44": "-44",
        "+45": "-45",
        "+46": "-46",
        "+47": "-47",
        "+48": "-48",
        "+49": "-49",
        "+50": "-50",
        "+51": "-51",
        "+52": "-52",
        "+53": "-53",
        "+54": "-54"
    },
    "edges": [
        [    0,    0,  625,  961,  988,  883,  980,  796, 1109, 1093,  807,  762,  477,  971,  663,  465,  826,  488,  952,  759,  435,  136,  448,  273,  636,  469,  819,  607,  597,  752,  849,  662,  441,  812,  963, 1009,  966,  875,  352,  491,  499,  760,  839,  463,  968,  140,  918,  701, 1246,  180,  824,   55, 1126,  576,  906,  690,  237,  691,  676,  206,  835,  926,  662,  849,  781,  198, 1019,  113,   78,  468, 1042,  874,  846,  948,  318,  735,  351,  869,  631,  605,  850,  222,  700,  875,  527,  918,  131,  202,  738,  686,  939,  867,  815,  513,   96,  865,  574,  791,  135, 1014,  605,  941,  527,  682,  804,  470,  417,  326,  495,  389],
        [    0,    0,    0,    0,    0,    0,    0,    0,    0,    0,    0,    0,    0,    0,    0,    0,    0,    0,    0,    0,    0,    0,    0,    0,    0,    0,    0,    0,    0,    0,    0,    0,    0,    0,    0,    0,    0,    0,    0,    0,    0,    0,    0,    0,    0,    0,    0,    0,    0,    0,    0,    0,    0,    0,    0,    0,    0,    0,    0,    0,    0,    0,    0,    0,    0,    0,    0,    0,    0,    0,    0,    0,    0,    0,    0,    0,    0,    0,    0,    0,    0,    0,    0,    0,    0,    0,    0,    0,    0,    0,    0,    0,    0,    0,    0,    0,    0,    0,    0,    0,    0,    0,    0,    0,    0,    0,    0,    0,    0,    0],
        [  625,    0,    0,  639,  528,  451,  403,  714,  737,  739,  185,  178,  151,  643,  286,  196,  329,  658,  476,  189,  223,  545,  671,  372,  795,  255,  214,  579,  800,  682,  860,  736,  302,  668,  741,  454,  398,  499,  518,  245,  234,  251,  456,  621,  440,  662,  304,   81,  784,  495,  286,  677,  655,  642,  573,  445,  403,  156,  546,  467,  224,  785,  781,  356,  837,  639,  534,  592,  560,  369,  730,  372,  928,  662,  629,  205,  708,  813,  338,  213,  356,  559,  580,  270,  231,  532,  518,  474,  238,  781,  315,  270,  243,  220,  541,  401,  217,  167,  557,  468,  534,  480,  184,  509,  247,  262,  431,  300,  672,  319],
        [  961,    0,  639,    0,  219,  213,  455,  317,  153,  134,  602,  757,  702,   13,  369,  775,  341,  592,  254,  486,  613,  969,  643,  847,  594,  852,  739,  406,  639,  331,  457,  494,  890,  243,  155,  406,  433,  144,  627,  853,  844,  402,  185,  585,  346, 1072,  752,  604,  340,  942,  866, 1011,  273,  489,   67,  272,  754,  781,  308,  758,  556,  263,  550,  322,  497,  830,  264,  861,  884,  497,   92,  324,  563,   52,  724,  446,  768,  367,  356,  453,  322,  759,  302,  533,  852,  123,  929,  760,  856,  525,  696,  511,  807,  522,  928,  270,  470,  652,  830,  386,  381,  232,  536,  286,  824,  537,  544,  759,  599,  596],
        [  988,    0,  528,  219,    0,  105,  245,  505,  231,  245,  438,  605,  631,  212,  328,  700,  200,  713,   55,  346,  580,  965,  758,  817,  756,  772,  573,  532,  793,  507,  659,  658,  816,  429,  373,  190,  225,  146,  695,  767,  757,  279,  162,  695,  136, 1078,  567,  472,  266,  929,  704, 1041,  140,  624,  191,  336,  759,  646,  432,  783,  384,  477,  716,  173,  687,  894,   50,  903,  910,  528,  275,  159,  762,  269,  809,  324,  868,  573,  359,  399,  173,  814,  443,  350,  758,  119,  928,  788,  712,  695,  504,  331,  645,  488,  935,  133,  427,  492,  868,  169,  492,   51,  488,  393,  665,  522,  595,  728,  723,  600],
        [  883,    0,  451,  213,  105,    0,  258,  444,  287,  290,  392,  550,  540,  211,  226,  611,  132,  619,   84,  281,  480,  863,  662,  718,  674,  685,  529,  443,  708,  438,  603,  579,  727,  370,  354,  225,  235,   80,  593,  682,  672,  202,   69,  599,  159,  975,  540,  405,  366,  828,  657,  937,  243,  535,  158,  239,  655,  582,  346,  679,  344,  442,  637,  110,  622,  791,  143,  799,  805,  424,  294,  112,  703,  253,  707,  248,  768,  523,  255,  301,  111,  710,  361,  321,  676,   91,  825,  683,  653,  619,  485,  299,  598,  388,  832,   58,  327,  443,  764,  211,  400,   64,  390,  304,  616,  419,  491,  628,  629,  496],
        [  980,    0,  403,  455,  245,  258,    0,  698,  470,  487,  249,  413,  543,  450,  355,  597,  188,  825,  202,  226,  545,  925,  861,  758,  906,  657,  367,  667,  934,  688,  859,  816,  704,  626,  605,   68,   24,  337,  756,  645,  634,  227,  320,  798,  110, 1043,  337,  326,  427,  880,  496, 1034,  313,  757,  410,  460,  744,  474,  581,  789,  193,  699,  874,  181,  872,  934,  215,  917,  906,  574,  519,  161,  956,  501,  877,  245,  948,  780,  421,  383,  180,  849,  602,  146,  626,  336,  892,  795,  524,  859,  269,  138,  438,  472,  909,  214,  414,  301,  881,   90,  620,  224,  454,  535,  461,  519,  649,  674,  838,  603],
        [  796,    0,  714,  317,  505,  444,  698,    0,  450,  421,  758,  875,  709,  329,  439,  778,  529,  336,  519,  630,  585,  846,  389,  774,  288,  853,  880,  193,  338,   45,  161,  192,  877,   77,  213,  669,  675,  369,  445,  861,  857,  549,  379,  347,  603,  927,  925,  715,  653,  835,  989,  837,  588,  230,  317,  275,  644,  870,  171,  618,  728,  133,  242,  524,  183,  625,  554,  685,  728,  408,  346,  540,  259,  270,  502,  579,  521,  100,  377,  502,  525,  575,  136,  724,  873,  387,  807,  617,  951,  213,  886,  702,  936,  518,  793,  485,  499,  795,  662,  654,  212,  495,  549,  205,  947,  503,  409,  702,  338,  519],
        [ 1109,    0,  737,  153,  231,  287,  470,  450,    0,   32,  666,  830,  820,  141,  491,  892,  415,  743,  283,  565,  744, 1111,  794,  981,  735,  968,  802,  558,  783,  472,  572,  636, 1008,  382,  250,  408,  452,  251,  779,  965,  956,  488,  294,  737,  364, 1216,  797,  690,  209, 1081,  933, 1159,  194,  639,  203,  419,  897,  867,  461,  905,  613,  365,  690,  390,  623,  982,  256, 1011, 1032,  643,  109,  382,  678,  185,  876,  534,  920,  480,  492,  573,  390,  910,  453,  580,  961,  210, 1071,  908,  936,  663,  733,  561,  873,  651, 1072,  340,  595,  719,  980,  386,  534,  270,  660,  438,  893,  672,  694,  892,  749,  737],
        [ 1093,    0,  739,  134,  245,  290,  487,  421,   32,    0,  675,  838,  816,  123,  485,  889,  420,  719,  295,  570,  736, 1099,  771,  972,  707,  965,  812,  535,  755,  444,  541,  608, 1005,  354,  219,  427,  468,  246,  760,  964,  955,  492,  290,  714,  379, 1203,  811,  695,  240, 1070,  942, 1143,  222,  614,  190,  404,  884,  872,  439,  890,  624,  334,  661,  396,  592,  962,  274,  994, 1016,  629,   78,  390,  647,  160,  855,  538,  897,  449,  482,  569,  396,  892,  429,  592,  960,  208, 1059,  893,  942,  634,  748,  572,  883,  643, 1059,  345,  589,  728,  963,  405,  512,  280,  654,  419,  902,  663,  677,  884,  725,  725],
        [  807,    0,  185,  602,  438,  392,  249,  758,  666,  675,    0,  169,  336,  602,  325,  375,  262,  778,  384,  128,  388,  729,  801,  557,  896,  424,  138,  662,  910,  734,  915,  822,  471,  698,  732,  311,  252,  461,  662,  410,  397,  212,  424,  743,  320,  847,  170,  106,  666,  680,  267,  860,  543,  739,  542,  484,  580,  226,  603,  639,   57,  800,  874,  282,  907,  806,  428,  767,  740,  491,  685,  286,  997,  637,  779,  179,  857,  853,  396,  292,  282,  723,  634,  104,  386,  482,  702,  646,  279,  868,  147,  115,  208,  349,  725,  335,  315,   55,  731,  330,  613,  396,  318,  560,  227,  399,  563,  483,  792,  473],
        [  762,    0,  178,  757,  605,  550,  413,  875,  830,  838,  169,    0,  294,  758,  437,  299,  419,  836,  551,  271,  396,  662,  849,  493,  971,  319,   65,  751,  977,  846, 1026,  910,  364,  823,  876,  477,  418,  613,  694,  300,  288,  356,  574,  798,  488,  775,  164,  161,  834,  610,  115,  811,  712,  818,  694,  601,  557,   81,  710,  627,  225,  933,  957,  443, 1007,  802,  596,  745,  705,  547,  843,  449, 1099,  787,  802,  313,  881,  973,  499,  377,  442,  725,  744,  269,  268,  639,  642,  634,  111,  956,  209,  283,   66,  397,  671,  494,  388,  115,  712,  497,  705,  561,  361,  671,   73,  440,  609,  440,  850,  494],
        [  477,    0,  151,  702,  631,  540,  543,  709,  820,  816,  336,  294,    0,  708,  333,   74,  435,  582,  583,  319,  133,  394,  585,  221,  734,  152,  346,  546,  729,  671,  839,  691,  189,  678,  779,  587,  534,  571,  422,  155,  149,  356,  527,  544,  564,  511,  443,  231,  894,  344,  377,  528,  766,  590,  636,  465,  264,  234,  540,  334,  372,  801,  729,  463,  804,  509,  646,  452,  415,  315,  794,  483,  893,  714,  520,  316,  598,  808,  358,  249,  463,  435,  575,  417,  165,  610,  367,  341,  302,  734,  463,  414,  353,  194,  391,  499,  233,  315,  419,  599,  508,  581,  170,  512,  348,  209,  357,  151,  597,  227],
        [  971,    0,  643,   13,  212,  211,  450,  329,  141,  123,  602,  758,  708,    0,  375,  781,  341,  604,  249,  487,  621,  978,  655,  855,  607,  858,  739,  419,  652,  344,  468,  507,  896,  255,  163,  400,  428,  146,  638,  858,  850,  403,  188,  598,  341, 1081,  751,  606,  328,  951,  866, 1021,  262,  502,   72,  282,  763,  783,  320,  768,  555,  272,  563,  321,  509,  841,  257,  872,  894,  507,   88,  322,  574,   62,  736,  448,  780,  378,  364,  459,  321,  770,  314,  531,  857,  121,  938,  771,  858,  537,  694,  509,  808,  529,  938,  269,  477,  652,  841,  380,  393,  227,  543,  298,  825,  545,  555,  767,  611,  605],
        [  663,    0,  286,  369,  328,  226,  355,  439,  491,  485,  325,  437,  333,  375,    0,  406,  174,  477,  290,  201,  256,  638,  509,  495,  578,  483,  442,  340,  598,  412,  593,  500,  521,  387,  458,  365,  335,  241,  402,  484,  476,  137,  198,  447,  313,  751,  494,  276,  591,  603,  551,  717,  467,  422,  304,  165,  432,  439,  279,  460,  306,  501,  553,  192,  583,  588,  357,  584,  585,  221,  461,  218,  673,  385,  523,  150,  593,  537,   73,   85,  193,  504,  311,  316,  485,  282,  601,  465,  519,  545,  463,  296,  498,  163,  608,  202,  104,  358,  548,  364,  291,  280,  170,  237,  509,  195,  296,  405,  490,  274],
        [  465,    0,  196,  775,  700,  611,  597,  778,  892,  889,  375,  299,   74,  781,  406,    0,  502,  632,  650,  378,  195,  365,  630,  195,  787,   79,  358,  609,  779,  739,  904,  751,  117,  748,  852,  646,  591,  643,  465,   84,   80,  423,  600,  593,  626,  479,  458,  276,  962,  313,  364,  513,  833,  648,  709,  537,  278,  227,  609,  351,  418,  872,  785,  530,  865,  526,  713,  458,  411,  378,  867,  549,  954,  788,  553,  381,  630,  875,  430,  322,  530,  458,  644,  465,  101,  682,  344,  358,  280,  793,  488,  464,  351,  266,  373,  568,  306,  346,  427,  658,  573,  650,  243,  583,  341,  276,  411,  152,  646,  280],
        [  826,    0,  329,  341,  200,  132,  188,  529,  415,  420,  262,  419,  435,  341,  174,  502,    0,  638,  149,  151,  400,  788,  675,  632,  721,  574,  398,  481,  748,  514,  690,  633,  618,  461,  474,  191,  166,  200,  575,  568,  558,   80,  166,  612,  142,  904,  416,  276,  460,  748,  526,  881,  331,  571,  281,  276,  591,  453,  398,  627,  217,  551,  690,   28,  696,  761,  211,  754,  750,  395,  425,   49,  783,  377,  696,  124,  765,  618,  235,  222,   28,  677,  423,  200,  558,  221,  753,  633,  523,  677,  365,  177,  467,  314,  764,   76,  252,  312,  717,  191,  434,  151,  306,  353,  485,  357,  469,  543,  651,  439],
        [  488,    0,  658,  592,  713,  619,  825,  336,  743,  719,  778,  836,  582,  604,  477,  632,  638,    0,  702,  667,  453,  567,   54,  550,  162,  692,  865,  187,  147,  297,  362,  175,  700,  377,  537,  822,  803,  569,  175,  708,  708,  613,  553,   40,  760,  626,  940,  696,  926,  572,  940,  522,  831,  108,  560,  380,  405,  800,  288,  351,  772,  469,  177,  648,  294,  300,  758,  376,  432,  291,  650,  672,  363,  560,  174,  620,  185,  392,  407,  486,  649,  272,  291,  789,  732,  606,  532,  347,  877,  199,  924,  771,  901,  440,  509,  632,  464,  795,  363,  815,  221,  681,  476,  322,  903,  397,  229,  506,   15,  355],
        [  952,    0,  476,  254,   55,   84,  202,  519,  283,  295,  384,  551,  583,  249,  290,  650,  149,  702,    0,  292,  538,  925,  745,  773,  756,  722,  520,  526,  791,  516,  676,  660,  766,  444,  406,  155,  180,  150,  672,  716,  706,  228,  152,  682,   92, 1039,  516,  418,  312,  887,  651, 1006,  184,  618,  214,  323,  721,  592,  429,  749,  331,  504,  718,  121,  698,  868,   67,  872,  875,  499,  320,  105,  777,  301,  788,  272,  850,  593,  330,  357,  121,  786,  443,  298,  706,  139,  888,  754,  658,  699,  454,  278,  591,  447,  897,   89,  385,  438,  836,  137,  483,   25,  445,  387,  611,  484,  569,  684,  713,  564],
        [  759,    0,  189,  486,  346,  281,  226,  630,  565,  570,  128,  271,  319,  487,  201,  378,  151,  667,  292,    0,  324,  700,  694,  533,  777,  443,  258,  540,  794,  607,  788,  700,  489,  570,  609,  269,  216,  342,  567,  434,  423,   86,  303,  635,  252,  818,  296,  127,  596,  654,  381,  813,  468,  621,  423,  357,  524,  303,  477,  574,  106,  673,  753,  176,  781,  729,  347,  703,  686,  388,  572,  187,  871,  517,  687,   52,  762,  725,  273,  185,  176,  644,  507,  127,  420,  369,  668,  580,  373,  745,  263,  112,  323,  261,  685,  226,  213,  170,  666,  281,  491,  299,  237,  433,  340,  312,  463,  449,  681,  393],
        [  435,    0,  223,  613,  580,  480,  545,  585,  744,  736,  388,  396,  133,  621,  256,  195,  400,  453,  538,  324,    0,  388,  459,  239,  602,  269,  437,  415,  599,  545,  710,  559,  294,  559,  672,  577,  532,  494,  300,  278,  274,  329,  452,  414,  540,  504,  526,  286,  845,  349,  493,  490,  719,  458,  549,  357,  200,  351,  417,  253,  408,  684,  597,  425,  672,  419,  604,  382,  362,  184,  704,  449,  761,  619,  407,  301,  486,  682,  258,  182,  426,  337,  451,  444,  294,  537,  353,  260,  426,  602,  530,  434,  460,   94,  366,  450,  154,  384,  345,  584,  379,  531,   95,  394,  459,   84,  225,  149,  467,  100],
        [  136,    0,  545,  969,  965,  863,  925,  846, 1111, 1099,  729,  662,  394,  978,  638,  365,  788,  567,  925,  700,  388,    0,  535,  173,  724,  354,  723,  653,  692,  802,  920,  736,  320,  850,  993,  962,  913,  867,  407,  376,  386,  716,  827,  536,  927,  119,  823,  624, 1229,   54,  714,  166, 1105,  640,  910,  698,  215,  587,  707,  229,  764,  970,  744,  813,  858,  306,  991,  211,  144,  474, 1055,  837,  930,  963,  409,  685,  458,  928,  621,  569,  814,  298,  735,  808,  412,  910,   40,  230,  626,  765,  851,  803,  710,  478,   60,  836,  540,  706,  210,  970,  642,  917,  483,  704,  697,  445,  443,  251,  576,  374],
        [  448,    0,  671,  643,  758,  662,  861,  389,  794,  771,  801,  849,  585,  655,  509,  630,  675,   54,  745,  694,  459,  535,    0,  532,  190,  686,  882,  237,  160,  350,  407,  222,  690,  430,  590,  860,  840,  616,  165,  702,  704,  645,  597,   64,  800,  587,  960,  715,  975,  544,  950,  479,  879,  161,  610,  423,  387,  809,  337,  327,  798,  521,  214,  686,  336,  256,  803,  337,  396,  310,  703,  710,  399,  612,  131,  648,  133,  441,  441,  511,  687,  237,  342,  818,  729,  654,  501,  323,  884,  239,  947,  800,  914,  457,  476,  673,  487,  815,  327,  855,  268,  725,  492,  369,  915,  411,  241,  497,   52,  360],
        [  273,    0,  372,  847,  817,  718,  758,  774,  981,  972,  557,  493,  221,  855,  495,  195,  632,  550,  773,  533,  239,  173,  532,    0,  712,  199,  552,  586,  691,  731,  873,  699,  179,  763,  892,  798,  748,  732,  375,  221,  229,  556,  690,  513,  768,  290,  652,  452, 1083,  123,  552,  320,  956,  597,  784,  582,  146,  420,  617,  210,  593,  887,  721,  658,  821,  367,  839,  285,  228,  371,  936,  681,  903,  848,  428,  522,  496,  865,  491,  419,  658,  317,  649,  637,  256,  775,  150,  216,  466,  736,  679,  633,  544,  332,  180,  686,  392,  533,  260,  807,  563,  768,  330,  605,  533,  310,  367,   90,  562,  260],
        [  636,    0,  795,  594,  756,  674,  906,  288,  735,  707,  896,  971,  734,  607,  578,  787,  721,  162,  756,  777,  602,  724,  190,  712,    0,  850,  995,  241,   54,  264,  242,  100,  859,  354,  500,  892,  883,  611,  337,  864,  864,  712,  605,  200,  827,  775, 1062,  824,  934,  732, 1080,  664,  857,  157,  580,  446,  566,  943,  329,  512,  882,  406,   48,  725,  165,  440,  804,  525,  585,  427,  632,  747,  212,  552,  319,  727,  297,  302,  505,  606,  726,  426,  314,  893,  887,  640,  690,  508, 1022,   78, 1039,  872, 1037,  576,  665,  700,  588,  919,  516,  881,  289,  733,  611,  373, 1041,  537,  378,  666,  151,  508],
        [  469,    0,  255,  852,  772,  685,  657,  853,  968,  965,  424,  319,  152,  858,  483,   79,  574,  692,  722,  443,  269,  354,  686,  199,  850,    0,  383,  681,  839,  813,  976,  818,   48,  825,  930,  709,  652,  720,  521,   23,   33,  494,  676,  653,  693,  460,  482,  331, 1033,  301,  361,  512,  904,  716,  787,  615,  315,  240,  684,  388,  471,  949,  851,  601,  935,  557,  783,  481,  426,  450,  944,  619, 1023,  866,  599,  451,  673,  950,  509,  399,  602,  497,  719,  520,   59,  759,  341,  394,  273,  860,  522,  522,  360,  343,  374,  641,  384,  387,  454,  723,  647,  723,  321,  660,  346,  351,  477,  192,  706,  347],
        [  819,    0,  214,  739,  573,  529,  367,  880,  802,  812,  138,   65,  346,  739,  442,  358,  398,  865,  520,  258,  437,  723,  882,  552,  995,  383,    0,  769, 1004,  853, 1034,  929,  428,  824,  866,  433,  374,  597,  731,  364,  352,  344,  559,  829,  451,  836,  101,  172,  792,  670,  132,  869,  673,  840,  678,  605,  608,  146,  720,  676,  189,  930,  978,  419, 1021,  849,  561,  797,  760,  575,  822,  423, 1112,  773,  842,  305,  921,  977,  508,  392,  419,  771,  752,  228,  332,  619,  701,  683,  164,  974,  145,  245,   73,  426,  729,  472,  408,   88,  763,  453,  721,  533,  390,  678,   94,  472,  641,  495,  879,  533],
        [  607,    0,  579,  406,  532,  443,  667,  193,  558,  535,  662,  751,  546,  419,  340,  609,  481,  187,  526,  540,  415,  653,  237,  586,  241,  681,  769,    0,  268,  149,  295,  161,  701,  208,  365,  655,  644,  387,  255,  692,  689,  473,  375,  180,  592,  735,  830,  598,  740,  643,  863,  650,  647,   93,  374,  208,  453,  732,  102,  425,  645,  320,  213,  487,  260,  444,  579,  497,  537,  232,  469,  509,  351,  376,  327,  490,  363,  280,  268,  377,  488,  387,  106,  654,  708,  422,  614,  425,  813,  207,  803,  633,  816,  365,  601,  464,  364,  689,  473,  646,   50,  504,  400,  140,  823,  338,  220,  518,  195,  338],
        [  597,    0,  800,  639,  793,  708,  934,  338,  783,  755,  910,  977,  729,  652,  598,  779,  748,  147,  791,  794,  599,  692,  160,  691,   54,  839, 1004,  268,    0,  312,  295,  147,  845,  401,  551,  923,  911,  648,  319,  854,  855,  734,  640,  186,  859,  736, 1075,  834,  979,  703, 1083,  623,  899,  178,  622,  476,  546,  945,  363,  487,  900,  458,  101,  754,  217,  401,  841,  488,  551,  431,  681,  776,  257,  599,  283,  745,  253,  356,  525,  619,  755,  395,  352,  913,  879,  679,  659,  482, 1022,  132, 1055,  893, 1043,  581,  633,  731,  599,  931,  483,  914,  315,  769,  616,  405, 1046,  539,  374,  652,  134,  502],
        [  752,    0,  682,  331,  507,  438,  688,   45,  472,  444,  734,  846,  671,  344,  412,  739,  514,  297,  516,  607,  545,  802,  350,  731,  264,  813,  853,  149,  312,    0,  182,  165,  837,   90,  244,  662,  665,  366,  401,  822,  818,  528,  371,  305,  596,  883,  902,  686,  671,  791,  959,  794,  598,  190,  323,  250,  600,  838,  137,  574,  707,  175,  219,  511,  184,  582,  556,  641,  684,  367,  370,  529,  269,  288,  460,  556,  482,  137,  347,  470,  512,  531,  102,  706,  835,  389,  763,  573,  919,  194,  865,  684,  908,  482,  749,  475,  465,  769,  618,  649,  169,  492,  513,  176,  918,  464,  366,  660,  299,  478],
        [  849,    0,  860,  457,  659,  603,  859,  161,  572,  541,  915, 1026,  839,  468,  593,  904,  690,  362,  676,  788,  710,  920,  407,  873,  242,  976, 1034,  295,  295,  182,    0,  187,  995,  234,  323,  827,  835,  527,  514,  986,  983,  708,  539,  387,  761,  986, 1083,  867,  780,  918, 1139,  883,  729,  281,  469,  431,  734, 1015,  316,  695,  887,  209,  200,  685,   78,  661,  708,  736,  789,  527,  464,  701,  107,  407,  535,  737,  530,   93,  528,  650,  686,  630,  283,  884, 1002,  541,  883,  693, 1097,  171, 1045,  862, 1088,  654,  864,  646,  643,  950,  721,  812,  332,  652,  687,  357, 1098,  631,  509,  811,  357,  632],
        [  662,    0,  736,  494,  658,  579,  816,  192,  636,  608,  822,  910,  691,  507,  500,  751,  633,  175,  660,  700,  559,  736,  222,  699,  100,  818,  929,  161,  147,  165,  187,    0,  833,  255,  404,  799,  793,  513,  331,  831,  830,  631,  510,  201,  734,  799,  991,  758,  834,  736, 1021,  697,  758,  104,  480,  358,  557,  888,  236,  512,  805,  316,   59,  636,  123,  475,  706,  550,  603,  377,  534,  656,  205,  453,  349,  649,  349,  223,  428,  537,  637,  443,  218,  812,  851,  542,  699,  510,  968,   46,  962,  791,  975,  520,  679,  607,  523,  850,  534,  788,  210,  637,  554,  282,  981,  487,  343,  643,  171,  472],
        [  441,    0,  302,  890,  816,  727,  704,  877, 1008, 1005,  471,  364,  189,  896,  521,  117,  618,  700,  766,  489,  294,  320,  690,  179,  859,   48,  428,  701,  845,  837,  995,  833,    0,  853,  962,  756,  699,  759,  526,   64,   77,  538,  716,  661,  739,  422,  527,  378, 1077,  268,  398,  482,  948,  730,  824,  647,  310,  284,  710,  381,  519,  977,  863,  645,  952,  545,  827,  463,  405,  471,  982,  664, 1038,  901,  596,  495,  668,  973,  542,  437,  645,  490,  745,  567,   97,  799,  311,  387,  309,  873,  567,  569,  402,  375,  346,  684,  420,  434,  439,  769,  669,  766,  355,  688,  386,  377,  491,  194,  713,  364],
        [  812,    0,  668,  243,  429,  370,  626,   77,  382,  354,  698,  823,  678,  255,  387,  748,  461,  377,  444,  570,  559,  850,  430,  763,  354,  825,  824,  208,  401,   90,  234,  255,  853,    0,  160,  594,  602,  294,  460,  831,  826,  487,  306,  381,  528,  938,  864,  662,  581,  835,  937,  856,  513,  270,  241,  224,  641,  823,  146,  623,  666,  126,  309,  455,  259,  651,  478,  703,  740,  392,  281,  469,  334,  199,  532,  520,  561,  157,  331,  456,  456,  594,  115,  659,  841,  311,  810,  624,  904,  283,  821,  636,  883,  485,  800,  413,  457,  738,  677,  579,  209,  420,  512,  166,  895,  476,  408,  686,  381,  504],
        [  963,    0,  741,  155,  373,  354,  605,  213,  250,  219,  732,  876,  779,  163,  458,  852,  474,  537,  406,  609,  672,  993,  590,  892,  500,  930,  866,  365,  551,  244,  323,  404,  962,  160,    0,  559,  582,  276,  614,  933,  926,  523,  308,  540,  497, 1086,  889,  719,  458,  973,  988, 1009,  416,  429,  197,  316,  780,  891,  288,  770,  690,  116,  453,  459,  375,  809,  419,  856,  890,  524,  142,  465,  429,  105,  691,  564,  721,  231,  422,  538,  459,  748,  265,  672,  938,  269,  953,  771,  969,  424,  836,  649,  931,  588,  945,  408,  547,  778,  829,  540,  359,  383,  610,  289,  946,  590,  552,  810,  540,  633],
        [ 1009,    0,  454,  406,  190,  225,   68,  669,  408,  427,  311,  477,  587,  400,  365,  646,  191,  822,  155,  269,  577,  962,  860,  798,  892,  709,  433,  655,  923,  662,  827,  799,  756,  594,  559,    0,   60,  301,  766,  698,  687,  250,  292,  797,   67, 1079,  404,  381,  361,  919,  562, 1064,  246,  747,  368,  448,  773,  536,  564,  814,  255,  658,  857,  176,  846,  951,  154,  941,  934,  586,  464,  151,  927,  455,  886,  278,  954,  745,  424,  406,  175,  867,  582,  208,  681,  293,  928,  819,  588,  840,  335,  197,  504,  497,  943,  193,  437,  364,  905,   24,  610,  179,  484,  519,  527,  543,  660,  712,  834,  626],
        [  966,    0,  398,  433,  225,  235,   24,  675,  452,  468,  252,  418,  534,  428,  335,  591,  166,  803,  180,  216,  532,  913,  840,  748,  883,  652,  374,  644,  911,  665,  835,  793,  699,  602,  582,   60,    0,  314,  736,  641,  630,  209,  297,  777,   90, 1031,  350,  323,  419,  869,  504, 1020,  301,  734,  388,  437,  729,  476,  557,  773,  195,  676,  851,  158,  848,  916,  198,  902,  891,  555,  498,  137,  932,  479,  857,  231,  928,  756,  400,  366,  157,  832,  579,  149,  623,  314,  880,  779,  529,  836,  283,  138,  446,  456,  896,  190,  397,  305,  865,   80,  597,  202,  439,  512,  468,  503,  630,  663,  816,  587],
        [  875,    0,  499,  144,  146,   80,  337,  369,  251,  246,  461,  613,  571,  146,  241,  643,  200,  569,  150,  342,  494,  867,  616,  732,  611,  720,  597,  387,  648,  366,  527,  513,  759,  294,  276,  301,  314,    0,  564,  719,  710,  258,   44,  554,  235,  975,  614,  461,  375,  835,  723,  927,  265,  479,   82,  198,  654,  638,  287,  669,  416,  363,  572,  183,  549,  766,  194,  783,  797,  408,  232,  190,  627,  178,  674,  303,  729,  445,  247,  323,  184,  688,  298,  396,  716,   44,  828,  673,  713,  552,  561,  374,  664,  401,  831,  133,  344,  510,  750,  285,  349,  126,  410,  249,  681,  424,  468,  643,  579,  494],
        [  352,    0,  518,  627,  695,  593,  756,  445,  779,  760,  662,  694,  422,  638,  402,  465,  575,  175,  672,  567,  300,  407,  165,  375,  337,  521,  731,  255,  319,  401,  514,  331,  526,  460,  614,  766,  736,  564,    0,  538,  539,  531,  536,  138,  711,  482,  814,  569,  937,  405,  792,  396,  828,  234,  580,  368,  230,  649,  329,  182,  667,  574,  348,  592,  454,  204,  735,  243,  283,  182,  702,  617,  531,  608,  122,  526,  197,  522,  345,  383,  593,  135,  350,  692,  564,  606,  370,  180,  723,  364,  808,  677,  758,  313,  352,  590,  354,  670,  218,  764,  256,  655,  345,  342,  758,  263,  107,  333,  188,  200],
        [  491,    0,  245,  853,  767,  682,  645,  861,  965,  964,  410,  300,  155,  858,  484,   84,  568,  708,  716,  434,  278,  376,  702,  221,  864,   23,  364,  692,  854,  822,  986,  831,   64,  831,  933,  698,  641,  719,  538,    0,   13,  488,  675,  669,  685,  482,  463,  319, 1026,  323,  339,  535,  897,  728,  787,  619,  334,  220,  692,  407,  458,  955,  864,  595,  947,  578,  776,  502,  448,  460,  944,  613, 1035,  867,  618,  444,  693,  959,  512,  400,  596,  517,  727,  506,   37,  757,  363,  414,  251,  873,  503,  509,  339,  348,  396,  636,  387,  371,  475,  713,  656,  717,  324,  666,  325,  359,  490,  210,  721,  360],
        [  499,    0,  234,  844,  757,  672,  634,  857,  956,  955,  397,  288,  149,  850,  476,   80,  558,  708,  706,  423,  274,  386,  704,  229,  864,   33,  352,  689,  855,  818,  983,  830,   77,  826,  926,  687,  630,  710,  539,   13,    0,  478,  666,  669,  674,  492,  451,  308, 1015,  333,  329,  544,  887,  727,  778,  613,  339,  208,  687,  412,  446,  950,  864,  585,  945,  583,  766,  509,  455,  457,  936,  602, 1033,  860,  621,  434,  696,  955,  505,  392,  585,  521,  722,  495,   28,  748,  372,  419,  241,  871,  491,  498,  328,  342,  405,  626,  380,  359,  481,  701,  653,  707,  317,  661,  314,  355,  489,  214,  722,  359],
        [  760,    0,  251,  402,  279,  202,  227,  549,  488,  492,  212,  356,  356,  403,  137,  423,   80,  613,  228,   86,  329,  716,  645,  556,  712,  494,  344,  473,  734,  528,  708,  631,  538,  487,  523,  250,  209,  258,  531,  488,  478,    0,  218,  584,  212,  833,  377,  204,  539,  674,  467,  815,  411,  558,  338,  280,  524,  381,  402,  565,  180,  588,  685,  107,  706,  708,  290,  693,  685,  349,  489,  127,  795,  432,  653,   47,  725,  643,  209,  157,  108,  623,  431,  182,  479,  287,  681,  571,  455,  675,  337,  161,  409,  248,  694,  150,  189,  256,  657,  255,  424,  230,  235,  357,  425,  295,  425,  468,  627,  378],
        [  839,    0,  456,  185,  162,   69,  320,  379,  294,  290,  424,  574,  527,  188,  198,  600,  166,  553,  152,  303,  452,  827,  597,  690,  605,  676,  559,  375,  640,  371,  539,  510,  716,  306,  308,  292,  297,   44,  536,  675,  666,  218,    0,  534,  226,  937,  581,  420,  408,  795,  684,  891,  293,  467,  120,  175,  616,  596,  278,  634,  382,  387,  568,  153,  555,  736,  206,  750,  761,  374,  275,  165,  637,  214,  648,  262,  706,  461,  209,  280,  154,  657,  293,  365,  672,   85,  789,  637,  672,  550,  530,  343,  626,  359,  793,  108,  302,  472,  716,  279,  333,  130,  367,  236,  642,  384,  437,  601,  563,  455],
        [  463,    0,  621,  585,  695,  599,  798,  347,  737,  714,  743,  798,  544,  598,  447,  593,  612,   40,  682,  635,  414,  536,   64,  513,  200,  653,  829,  180,  186,  305,  387,  201,  661,  381,  540,  797,  777,  554,  138,  669,  669,  584,  534,    0,  737,  599,  905,  661,  915,  539,  902,  499,  817,  117,  550,  360,  368,  762,  278,  316,  740,  479,  211,  623,  323,  281,  740,  350,  403,  255,  648,  647,  396,  556,  156,  588,  184,  410,  378,  453,  624,  243,  286,  758,  693,  592,  500,  313,  839,  229,  890,  740,  863,  404,  479,  610,  429,  759,  334,  791,  207,  662,  439,  308,  866,  359,  191,  468,   54,  317],
        [  968,    0,  440,  346,  136,  159,  110,  603,  364,  379,  320,  488,  564,  341,  313,  626,  142,  760,   92,  252,  540,  927,  800,  768,  827,  693,  451,  592,  859,  596,  761,  734,  739,  528,  497,   67,   90,  235,  711,  685,  674,  212,  226,  737,    0, 1044,  435,  373,  349,  886,  582, 1022,  224,  683,  304,  384,  732,  539,  499,  769,  264,  594,  792,  121,  780,  900,  111,  895,  891,  532,  409,   96,  861,  393,  830,  248,  897,  680,  367,  363,  120,  817,  517,  224,  670,  229,  892,  774,  598,  775,  370,  207,  523,  455,  905,  129,  394,  374,  859,   56,  546,  115,  445,  455,  544,  498,  606,  680,  772,  581],
        [  140,    0,  662, 1072, 1078,  975, 1043,  927, 1216, 1203,  847,  775,  511, 1081,  751,  479,  904,  626, 1039,  818,  504,  119,  587,  290,  775,  460,  836,  735,  736,  883,  986,  799,  422,  938, 1086, 1079, 1031,  975,  482,  482,  492,  833,  937,  599, 1044,    0,  936,  742, 1341,  168,  819,  125, 1218,  710, 1014,  800,  321,  697,  798,  317,  882, 1054,  800,  929,  919,  337, 1105,  251,  199,  575, 1156,  953,  985, 1063,  457,  802,  489, 1003,  729,  684,  930,  357,  824,  926,  517, 1019,  152,  315,  731,  824,  967,  921,  820,  592,  145,  950,  655,  822,  266, 1087,  730, 1030,  599,  800,  806,  556,  535,  370,  633,  482],
        [  918,    0,  304,  752,  567,  540,  337,  925,  797,  811,  170,  164,  443,  751,  494,  458,  416,  940,  516,  296,  526,  823,  960,  652, 1062,  482,  101,  830, 1075,  902, 1083,  991,  527,  864,  889,  404,  350,  614,  814,  463,  451,  377,  581,  905,  435,  936,    0,  246,  762,  770,  182,  968,  649,  906,  695,  653,  704,  244,  772,  770,  201,  963, 1042,  432, 1076,  942,  546,  893,  857,  651,  830,  429, 1166,  791,  929,  347, 1007, 1020,  564,  457,  431,  862,  803,  220,  431,  630,  801,  777,  245, 1036,   72,  242,  139,  504,  829,  484,  477,  146,  858,  426,  782,  532,  470,  728,  162,  552,  720,  593,  954,  619],
        [  701,    0,   81,  604,  472,  405,  326,  715,  690,  695,  106,  161,  231,  606,  276,  276,  276,  696,  418,  127,  286,  624,  715,  452,  824,  331,  172,  598,  834,  686,  867,  758,  378,  662,  719,  381,  323,  461,  569,  319,  308,  204,  420,  661,  373,  742,  246,    0,  720,  575,  275,  754,  593,  669,  540,  441,  475,  178,  552,  536,  143,  773,  807,  302,  851,  704,  473,  663,  635,  407,  693,  314,  943,  632,  684,  159,  763,  813,  340,  221,  302,  622,  585,  190,  301,  491,  597,  543,  252,  803,  245,  191,  222,  259,  619,  351,  237,  101,  627,  396,  550,  425,  225,  511,  233,  307,  475,  378,  711,  375],
        [ 1246,    0,  784,  340,  266,  366,  427,  653,  209,  240,  666,  834,  894,  328,  591,  962,  460,  926,  312,  596,  845, 1229,  975, 1083,  934, 1033,  792,  740,  979,  671,  780,  834, 1077,  581,  458,  361,  419,  375,  937, 1026, 1015,  539,  408,  915,  349, 1341,  762,  720,    0, 1193,  922, 1299,  129,  826,  366,  570, 1020,  887,  639, 1041,  610,  573,  889,  433,  829, 1140,  250, 1157, 1168,  781,  317,  414,  886,  383, 1044,  582, 1095,  688,  615,  665,  432, 1063,  637,  566, 1014,  332, 1191, 1045,  945,  863,  692,  552,  864,  753, 1197,  398,  692,  720, 1123,  340,  708,  316,  753,  608,  886,  785,  843,  993,  934,  860],
        [  180,    0,  495,  942,  929,  828,  880,  835, 1081, 1070,  680,  610,  344,  951,  603,  313,  748,  572,  887,  654,  349,   54,  544,  123,  732,  301,  670,  643,  703,  791,  918,  736,  268,  835,  973,  919,  869,  835,  405,  323,  333,  674,  795,  539,  886,  168,  770,  575, 1193,    0,  661,  216, 1068,  638,  882,  672,  194,  534,  690,  224,  716,  957,  749,  773,  859,  331,  953,  237,  169,  451, 1029,  797,  934,  939,  423,  641,  479,  921,  590,  531,  774,  309,  720,  760,  359,  879,   52,  227,  573,  767,  800,  755,  657,  441,   89,  799,  503,  655,  227,  927,  628,  880,  443,  685,  644,  411,  428,  207,  582,  346],
        [  824,    0,  286,  866,  704,  657,  496,  989,  933,  942,  267,  115,  377,  866,  551,  364,  526,  940,  651,  381,  493,  714,  950,  552, 1080,  361,  132,  863, 1083,  959, 1139, 1021,  398,  937,  988,  562,  504,  723,  792,  339,  329,  467,  684,  902,  582,  819,  182,  275,  922,  661,    0,  871,  803,  927,  804,  715,  637,  144,  824,  709,  320, 1047, 1067,  548, 1120,  884,  692,  821,  774,  654,  950,  553, 1211,  898,  895,  425,  974, 1087,  612,  490,  548,  811,  857,  359,  303,  747,  699,  716,   89, 1066,  249,  376,   60,  504,  731,  600,  500,  215,  789,  583,  817,  663,  469,  785,   43,  545,  712,  514,  955,  592],
        [   55,    0,  677, 1011, 1041,  937, 1034,  837, 1159, 1143,  860,  811,  528, 1021,  717,  513,  881,  522, 1006,  813,  490,  166,  479,  320,  664,  512,  869,  650,  623,  794,  883,  697,  482,  856, 1009, 1064, 1020,  927,  396,  535,  544,  815,  891,  499, 1022,  125,  968,  754, 1299,  216,  871,    0, 1179,  614,  957,  741,  291,  739,  723,  258,  889,  968,  693,  903,  814,  224, 1073,  154,  132,  520, 1091,  928,  875,  997,  349,  790,  372,  908,  684,  660,  904,  263,  745,  929,  571,  971,  172,  255,  783,  718,  990,  921,  863,  568,  141,  919,  629,  843,  181, 1069,  651,  995,  581,  731,  852,  525,  467,  378,  528,  443],
        [ 1126,    0,  655,  273,  140,  243,  313,  588,  194,  222,  543,  712,  766,  262,  467,  833,  331,  831,  184,  468,  719, 1105,  879,  956,  857,  904,  673,  647,  899,  598,  729,  758,  948,  513,  416,  246,  301,  265,  828,  897,  887,  411,  293,  817,  224, 1218,  649,  593,  129, 1068,  803, 1179,    0,  736,  278,  463,  898,  762,  545,  922,  487,  530,  815,  304,  769, 1028,  121, 1040, 1048,  665,  285,  285,  835,  323,  938,  454,  994,  639,  496,  538,  303,  949,  549,  445,  886,  226, 1067,  926,  822,  791,  581,  430,  745,  628, 1075,  270,  566,  597, 1006,  223,  611,  189,  627,  510,  766,  662,  729,  866,  841,  739],
        [  576,    0,  642,  489,  624,  535,  757,  230,  639,  614,  739,  818,  590,  502,  422,  648,  571,  108,  618,  621,  458,  640,  161,  597,  157,  716,  840,   93,  178,  190,  281,  104,  730,  270,  429,  747,  734,  479,  234,  728,  727,  558,  467,  117,  683,  710,  906,  669,  826,  638,  927,  614,  736,    0,  462,  300,  456,  792,  192,  415,  727,  363,  141,  577,  225,  397,  670,  463,  512,  278,  544,  599,  309,  455,  272,  571,  293,  294,  350,  450,  578,  354,  189,  738,  749,  513,  603,  413,  872,  145,  882,  718,  883,  423,  584,  555,  433,  763,  445,  738,  138,  596,  459,  232,  888,  388,  239,  540,  112,  369],
        [  906,    0,  573,   67,  191,  158,  410,  317,  203,  190,  542,  694,  636,   72,  304,  709,  281,  560,  214,  423,  549,  910,  610,  784,  580,  787,  678,  374,  622,  323,  469,  480,  824,  241,  197,  368,  388,   82,  580,  787,  778,  338,  120,  550,  304, 1014,  695,  540,  366,  882,  804,  957,  278,  462,    0,  217,  695,  716,  273,  703,  497,  290,  538,  264,  499,  783,  240,  810,  829,  440,  158,  269,  572,   96,  682,  382,  730,  382,  293,  388,  265,  709,  273,  477,  786,   76,  870,  705,  791,  515,  641,  455,  745,  457,  870,  213,  405,  591,  778,  350,  343,  190,  471,  244,  762,  474,  492,  696,  568,  536],
        [  690,    0,  445,  272,  336,  239,  460,  275,  419,  404,  484,  601,  465,  282,  165,  537,  276,  380,  323,  357,  357,  698,  423,  582,  446,  615,  605,  208,  476,  250,  431,  358,  647,  224,  316,  448,  437,  198,  368,  619,  613,  280,  175,  360,  384,  800,  653,  441,  570,  672,  715,  741,  463,  300,  217,    0,  483,  600,  124,  487,  458,  342,  414,  280,  427,  571,  380,  594,  613,  225,  358,  301,  516,  267,  476,  306,  533,  373,  110,  233,  281,  495,  151,  459,  626,  239,  658,  490,  681,  401,  616,  438,  662,  273,  656,  256,  237,  520,  562,  439,  163,  302,  296,   78,  673,  276,  276,  497,  391,  327],
