{
    "name": "random-71-26543",
    "comment": "size=71 seed=26543",
    "nodes": ["+0", "-0", "+1", "-1", "+2", "-2", "+3", "-3", "+4", "-4", "+5", "-5", "+6", "-6", "+7", "-7", "+8", "-8", "+9", "-9", "+10", "-10", "+11", "-11", "+12", "-12", "+13", "-13", "+14", "-14", "+15", "-15", "+16", "-16", "+17", "-17", "+18", "-18", "+19", "-19", "+20", "-20", "+21", "-21", "+22", "-22", "+23", "-23", "+24", "-24", "+25", "-25", "+26", "-26", "+27", "-27", "+28", "-28", "+29", "-29", "+30", "-30", "+31", "-31", "+32", "-32", "+33", "-33", "+34", "-34", "+35", "-35", "+36", "-36", "+37", "-37", "+38", "-38", "+39", "-39", "+40", "-40", "+41", "-41", "+42", "-42", "+43", "-43", "+44", "-44", "+45", "-45", "+46", "-46", "+47", "-47", "+48", "-48", "+49", "-49", "+50", "-50", "+51", "-51", "+52", "-52", "+53", "-53", "+54", "-54", "+55", "-55", "+56", "-56", "+57", "-57", "+58", "-58", "+59", "-59", "+60", "-60", "+61", "-61", "+62", "-62", "+63", "-63", "+64", "-64", "+65", "-65", "+66", "-66", "+67", "-67", "+68", "-68", "+69", "-69", "+70", "-70", "+71", "-71"],
    "precedence": {
        "+0": "-0",
        "+1": "-1",
        "+2": "-2",
        "+3": "-3",
        "+4": "-4",
        "+5": "-5",
        "+6": "-6",
        "+7": "-7",
        "+8": "-8",
        "+9": "-9",
        "+10": "-10",
        "+11": "-11",
        "+12": "-12",
        "+13": "-13",
        "+14": "-14",
        "+15": "-15",
        "+16": "-16",
        "+17": "-17",
        "+18": "-18",
        "+19": "-19",
        "+20": "-20",
        "+21": "-21",
        "+22": "-22",
        "+23": "-23",
        "+24": "-24",
        "+25": "-25",
        "+26": "-26",
        "+27": "-27",
        "+28": "-28",
        "+29": "-29",
        "+30": "-30",
        "+31": "-31",
        "+32": "-32",
        "+33": "-33",
        "+34": "-34",
        "+35": "-35",
        "+36": "-36",
        "+37": "-37",
        "+38": "-38",
        "+39": "-39",
        "+40": "-40",
        "+41": "-41",
        "+42": "-42",
        "+43": "-43",
        "+44": "-44",
        "+45": "-45",
        "+46": "-46",
        "+47": "-47",
        "+48": "-48",
        "+49": "-49",
        "+50": "-50",
        "+51": "-51",
        "+52": "-52",
        "+53": "-53",
        "+54": "-54",
        "+55": "-55",
        "+56": "-56",
        "+57": "-57",
        "+58": "-58",
        "+59": "-59",
        "+60": "-60",
        "+61": "-61",
        "+62": "-62",
        "+63": "-63",
        "+64": "-64",
        "+65": "-65",
        "+66": "-66",
        "+67": "-67",
        "+68": "-68",
        "+69": "-69",
        "+70": "-70",
        "+71": "-71"
    },
    "edges": [
        [    0,    0,  720,  739,  579,  487,  724,  775,  776,  401,  109,  472,  175,  247,  365,  807,  224,  512,  443,  344,  562,  503,  586,  649,  197,  431,  451,  586,  672,  543,  155,  302,  199,  106,  678,  342,  727,  101,  638,  427,  365,  125,  555,  931,  225,  619,  645,  359,  355,  528,  449,  694,  436,  393,  755,  216,  509,  199,  790,  186,  631,  463,  387,  764,  207,   40,  832,    4,  385,  794,  478,  449,  272,   51,  275,  320,  339,  467,  173,  719,  629,  390,  211,  310,  420,  766,  370,  193,  389,  321,  639,  917,  461,  562,  694,  565,  520,  394,  625,  247,  617,   88,  661,  272,  167,  595,  522,  736,  149,  707,  545,  478,  693,  503,  448,  554,  513,  367,  431,  739,  437,  443,  203,  305,  467,  387,  758,  586,  624,  278,  383,  387,  425,  876,  469,  587,  355,  379,  585,  789,   87,  763,  451,  196],
        [    0,    0,    0,    0,    0,    0,    0,    0,    0,    0,    0,    0,    0,    0,    0,    0,    0,    0,    0,    0,    0,    0,    0,    0,    0,    0,    0,    0,    0,    0,    0,    0,    0,    0,    0,    0,    0,    0,    0,    0,    0,    0,    0,    0,    0,    0,    0,    0,    0,    0,    0,    0,    0,    0,    0,    0,    0,    0,    0,    0,    0,    0,    0,    0,    0,    0,    0,    0,    0,    0,    0,    0,    0,    0,    0,    0,    0,    0,    0,    0,    0,    0,    0,    0,    0,    0,    0,    0,    0,    0,    0,    0,    0,    0,    0,    0,    0,    0,    0,    0,    0,    0,    0,    0,    0,    0,    0,    0,    0,    0,    0,    0,    0,    0,    0,    0,    0,    0,    0,    0,    0,    0,    0,    0,    0,    0,    0,    0,    0,    0,    0,    0,    0,    0,    0,    0,    0,    0,    0,    0,    0,    0,    0,    0],
        [  720,    0,    0,  547,  416, 1135,  499,   89,  185,  470,  743,  330,  723,  489,  441,  923,  942,  997, 1069,  714,  206, 1055,  508,  429,  524,  964, 1047,  185,  984,  380,  577,  894,  768,  778,  550,  589,  906,  765,  795,  367,  545,  828,  831,  972,  820,  303,  134,  434,  437, 1181,  588,  636,  533,  946,  594,  932,  335,  764,  934,  902,  869,  338, 1022,  663,  920,  711,  730,  722,  413,   96,  355,  398,  453,  681,  929,  847,  423,  285,  776,  397,  540, 1091,  930,  413,  949,  121,  619,  912,  865, 1004,  390,  985,  281,  300,  241,  951,  253,  506,  725,  964,  582,  753,  748,  499,  589,  128,  700,  209,  846,   33, 1018, 1120,  389,  942,  370,  269,  694,  865,  603,  467,  386,  506,  871,  512,  529,  461,  944,  262,  459,  512,  600,  616,  318,  188,  282,  990, 1035,  576,  193,  916,  660,  641, 1127,  659],
        [  739,    0,  547,    0,  188,  924,   48,  503,  400,  344,  827,  692,  857,  531,  396,  408,  924,  680,  850,  955,  399,  772,  153,  132,  611,  698,  805,  628,  554,  242,  684,  707,  637,  840,   68,  857,  423,  709,  341,  374,  376,  778,  438,  431,  675,  257,  422,  408,  411,  967,  920,  126,  306,  703,   48,  881,  307,  634,  428,  903,  434,  693,  826,  121,  926,  759,  184,  738,  390,  520,  726,  749,  542,  734,  783,  631,  672,  622,  888,  154,  115,  967,  896,  591,  686,  458,  394,  888,  601,  869,  169,  448,  433,  293,  307,  580,  643,  816,  270,  913,  147,  818,  272,  708,  721,  540,  325,  352,  885,  570,  686,  905,  158,  612,  718,  696,  327,  617,  922,   87,  726,  296,  763,  755,  275,  361,  455,  314,  129,  469,  375,  378,  439,  524,  620,  617,  887,  369,  392,  406,  741,   97,  953,  560],
        [  579,    0,  416,  188,    0,  845,  156,  399,  321,  180,  659,  509,  682,  354,  220,  510,  781,  641,  771,  770,  233,  719,   93,   71,  432,  634,  735,  459,  580,   54,  507,  609,  514,  677,  156,  670,  491,  567,  382,  187,  237,  638,  434,  570,  559,  118,  282,  229,  233,  890,  732,  231,  180,  629,  225,  745,  121,  510,  519,  754,  461,  508,  737,  276,  777,  595,  352,  580,  208,  419,  542,  563,  360,  568,  673,  541,  485,  439,  717,  145,  129,  857,  757,  404,  620,  360,  285,  745,  531,  759,   66,  579,  248,  122,  208,  568,  465,  628,  310,  779,  167,  653,  333,  522,  542,  378,  301,  265,  728,  432,  655,  827,  120,  577,  532,  520,  297,  540,  734,  161,  540,  157,  640,  568,  157,  193,  529,  156,   60,  303,  262,  273,  252,  454,  437,  607,  782,  246,  233,  501,  570,  260,  860,  419],
        [  487,    0, 1135,  924,  845,    0,  935, 1169, 1133,  693,  552,  946,  624,  655,  702,  751,  367,  285,   75,  793,  942,  186,  797,  899,  647,  231,  124, 1038,  517,  836,  633,  243,  369,  516,  858,  822,  661,  399,  644,  779,  619,  363,  521,  882,  316,  935, 1029,  706,  703,   47,  928,  822,  666,  222,  915,  317,  839,  372,  720,  403,  572,  937,  114,  883,  409,  519,  920,  483,  730, 1190,  956,  932,  697,  537,  217,  305,  814,  926,  587,  984,  816,  171,  345,  764,  242, 1146,  560,  363,  324,  174,  910,  853,  855,  893, 1028,  410,  981,  880,  686,  310,  778,  525,  708,  755,  652, 1023,  603, 1082,  471, 1130,  301,   20,  961,  344,  927, 1023,  600,  309,  908,  968,  917,  690,  286,  791,  689,  694,  669,  930,  859,  624,  583,  573,  818, 1256,  927,  394,  141,  601,  962,  733,  573,  895,   75,  477],
        [  724,    0,  499,   48,  156,  935,    0,  456,  353,  325,  808,  652,  835,  508,  372,  452,  916,  699,  860,  926,  355,  789,  145,   92,  586,  712,  818,  584,  586,  208,  661,  712,  634,  824,   85,  825,  461,  700,  373,  343,  365,  770,  463,  478,  674,  212,  375,  383,  387,  978,  884,  163,  297,  714,   95,  875,  271,  631,  470,  892,  465,  653,  834,  167,  915,  742,  231,  724,  363,  473,  686,  710,  515,  716,  785,  637,  638,  582,  868,  107,  120,  969,  889,  560,  699,  411,  393,  880,  612,  871,  126,  495,  395,  252,  260,  605,  601,  781,  300,  908,  163,  801,  306,  677,  696,  495,  343,  304,  872,  522,  707,  916,  110,  632,  679,  653,  343,  627,  887,   43,  688,  283,  761,  723,  267,  341,  495,  270,  102,  450,  372,  377,  404,  478,  580,  642,  891,  363,  347,  449,  721,  144,  960,  551],
        [  775,    0,   89,  503,  399, 1169,  456,    0,  112,  486,  807,  413,  792,  536,  467,  896,  998, 1011, 1100,  794,  227, 1075,  489,  398,  580,  986, 1074,  270,  977,  373,  639,  926,  804,  840,  517,  670,  886,  812,  779,  391,  562,  878,  828,  933,  856,  281,  140,  463,  466, 1215,  673,  604,  539,  971,  550,  984,  342,  800,  909,  959,  859,  420, 1056,  622,  979,  770,  685,  777,  439,   22,  440,  482,  505,  740,  967,  873,  497,  363,  845,  350,  514, 1136,  984,  476,  971,   46,  634,  967,  885, 1046,  361,  949,  320,  296,  200,  955,  336,  589,  707, 1017,  559,  815,  727,  571,  654,  202,  695,  152,  907,  120, 1030, 1153,  348,  953,  453,  356,  690,  887,  688,  420,  468,  512,  914,  588,  530,  481,  923,  256,  432,  547,  613,  628,  358,  106,  360,  994, 1075,  589,  208,  890,  722,  599, 1166,  695],
        [  776,    0,  185,  400,  321, 1133,  353,  112,    0,  441,  822,  474,  817,  530,  437,  800,  997,  954, 1062,  842,  215, 1026,  405,  305,  586,  938, 1032,  345,  899,  307,  652,  892,  777,  852,  421,  720,  797,  799,  695,  362,  516,  868,  754,  830,  827,  207,  141,  436,  440, 1179,  737,  507,  481,  926,  447,  976,  295,  773,  815,  961,  779,  480, 1022,  520,  982,  776,  579,  777,  410,  125,  505,  544,  506,  746,  941,  832,  535,  414,  866,  247,  424, 1117,  980,  496,  923,   67,  582,  964,  835, 1023,  272,  847,  316,  241,  113,  887,  400,  645,  621, 1010,  471,  826,  637,  604,  674,  261,  621,   56,  916,  216,  970, 1116,  249,  892,  513,  432,  617,  840,  749,  315,  527,  454,  894,  629,  467,  440,  833,  204,  344,  524,  560,  574,  352,  134,  411,  927, 1051,  539,  192,  795,  733,  496, 1137,  669],
        [  401,    0,  470,  344,  180,  693,  325,  486,  441,    0,  484,  434,  514,  191,   65,  542,  602,  527,  622,  620,  266,  590,  195,  249,  270,  501,  592,  440,  533,  152,  342,  452,  343,  499,  289,  534,  493,  388,  379,  109,   77,  459,  377,  636,  392,  245,  348,   79,   81,  739,  612,  329,   81,  487,  368,  567,  147,  340,  540,  574,  430,  430,  582,  393,  597,  417,  468,  401,   77,  507,  464,  472,  211,  392,  506,  391,  367,  374,  545,  323,  242,  687,  578,  278,  486,  459,  150,  566,  399,  591,  243,  635,  207,  201,  337,  485,  417,  511,  326,  601,  246,  476,  361,  383,  380,  385,  259,  390,  549,  475,  548,  676,  298,  472,  446,  474,  251,  402,  609,  339,  448,   65,  466,  435,  100,   21,  532,  238,  224,  126,  131,  146,  183,  567,  373,  523,  616,  106,  281,  528,  397,  386,  700,  243],
        [  109,    0,  743,  827,  659,  552,  808,  807,  822,  484,    0,  460,   75,  309,  440,  914,  224,  612,  519,  248,  607,  593,  676,  729,  239,  527,  535,  590,  779,  618,  170,  396,  305,   41,  768,  275,  835,  202,  745,  491,  459,  196,  663, 1037,  325,  684,  685,  432,  428,  589,  378,  791,  529,  488,  847,  246,  575,  305,  898,  179,  739,  450,  463,  861,  190,   74,  930,  112,  456,  825,  458,  422,  320,   94,  353,  423,  331,  470,   66,  794,  720,  428,  228,  332,  518,  804,  472,  206,  494,  379,  715, 1025,  507,  625,  750,  671,  519,  345,  729,  268,  712,   28,  766,  255,  155,  615,  627,  787,  109,  726,  645,  547,  768,  607,  429,  544,  618,  471,  358,  819,  415,  533,  284,  269,  559,  468,  866,  645,  707,  359,  483,  489,  474,  912,  473,  692,  413,  476,  631,  896,   91,  858,  505,  300],
        [  472,    0,  330,  692,  509,  946,  652,  413,  474,  434,  460,    0,  421,  318,  373,  974,  679,  886,  891,  386,  309,  915,  583,  562,  300,  828,  885,  148,  952,  455,  318,  724,  592,  499,  663,  262,  927,  548,  812,  342,  483,  595,  798, 1061,  641,  449,  341,  359,  359,  990,  263,  731,  515,  798,  732,  685,  388,  589,  973,  634,  858,   10,  838,  783,  648,  450,  859,  476,  358,  424,   35,   70,  273,  424,  730,  702,  134,   71,  477,  580,  630,  861,  675,  191,  814,  429,  552,  655,  745,  789,  527, 1063,  261,  401,  458,  882,   78,  177,  758,  713,  653,  476,  792,  206,  312,  215,  691,  465,  568,  303,  914,  934,  560,  848,   41,   85,  682,  735,  276,  638,   57,  496,  661,  198,  530,  415,  965,  389,  568,  387,  542,  557,  264,  516,   73,  917,  822,  519,  325,  961,  394,  768,  919,  497],
        [  175,    0,  723,  857,  682,  624,  835,  792,  817,  514,   75,  421,    0,  328,  463,  971,  285,  684,  593,  173,  605,  668,  708,  752,  251,  601,  609,  560,  846,  637,  176,  469,  374,  110,  801,  209,  894,  273,  800,  505,  498,  271,  725, 1091,  397,  695,  678,  453,  449,  661,  309,  831,  567,  562,  880,  315,  589,  374,  956,  240,  800,  411,  538,  900,  247,  136,  971,  178,  475,  808,  414,  375,  329,  144,  428,  494,  301,  442,   57,  811,  754,  496,  294,  322,  591,  793,  521,  273,  564,  452,  734, 1080,  507,  636,  754,  740,  487,  287,  780,  334,  750,  102,  817,  224,  146,  595,  679,  786,  167,  703,  717,  620,  785,  678,  387,  505,  670,  541,  288,  843,  372,  568,  358,  224,  596,  496,  926,  651,  733,  390,  529,  536,  476,  898,  445,  762,  485,  520,  628,  953,  122,  895,  576,  356],
        [  247,    0,  489,  531,  354,  655,  508,  536,  530,  191,  309,  318,  328,    0,  136,  706,  468,  569,  593,  430,  317,  603,  385,  424,   80,  514,  579,  386,  645,  310,  154,  420,  288,  332,  479,  351,  644,  277,  535,  183,  199,  343,  497,  811,  340,  376,  401,  125,  122,  700,  438,  518,  257,  487,  557,  450,  267,  285,  698,  433,  564,  311,  543,  584,  453,  252,  658,  249,  148,  555,  339,  332,   46,  223,  443,  388,  210,  280,  365,  486,  432,  603,  451,  128,  500,  523,  252,  435,  429,  516,  407,  806,  217,  318,  447,  568,  334,  342,  495,  483,  435,  307,  532,  203,  190,  370,  408,  489,  391,  480,  597,  641,  460,  531,  313,  383,  399,  419,  432,  515,  310,  251,  383,  256,  283,  172,  681,  340,  406,   82,  249,  262,  180,  634,  281,  602,  547,  230,  339,  690,  219,  576,  641,  184],
        [  365,    0,  441,  396,  220,  702,  372,  467,  437,   65,  440,  373,  463,  136,    0,  605,  576,  560,  633,  561,  241,  615,  252,  290,  215,  524,  608,  390,  586,  179,  289,  460,  340,  459,  345,  472,  554,  368,  440,   77,  116,  438,  430,  700,  392,  257,  327,   15,   17,  748,  549,  390,  144,  506,  423,  548,  149,  337,  602,  546,  487,  369,  589,  454,  568,  377,  529,  366,   29,  488,  402,  409,  149,  350,  505,  407,  303,  315,  498,  355,  300,  681,  555,  215,  509,  445,  190,  541,  426,  587,  276,  699,  164,  204,  340,  529,  361,  447,  389,  581,  308,  435,  424,  321,  325,  343,  318,  390,  513,  441,  583,  686,  329,  509,  383,  417,  309,  425,  546,  381,  385,  129,  458,  372,  164,   44,  593,  235,  271,   91,  176,  192,  133,  556,  315,  567,  614,  151,  260,  591,  351,  445,  702,  233],
        [  807,    0,  923,  408,  510,  751,  452,  896,  800,  542,  914,  974,  971,  706,  605,    0,  912,  467,  685, 1116,  739,  566,  418,  499,  774,  533,  631,  958,  243,  552,  832,  617,  627,  909,  380, 1054,   91,  731,  173,  635,  508,  781,  262,  134,  635,  621,  790,  619,  620,  781, 1143,  293,  462,  560,  366,  853,  612,  626,   34,  910,  190,  971,  689,  293,  932,  841,  267,  805,  618,  915, 1005, 1013,  739,  828,  704,  545,  905,  911,  980,  556,  384,  860,  879,  816,  527,  853,  459,  880,  479,  775,  536,  113,  727,  630,  697,  342,  949, 1045,  217,  878,  343,  894,  184,  908,  872,  883,  299,  748,  926,  941,  453,  732,  551,  411,  987, 1006,  308,  505, 1137,  493,  990,  479,  724,  961,  445,  562,   86,  665,  466,  624,  458,  446,  714,  928,  910,  359,  778,  476,  742,   19,  851,  317,  806,  616],
        [  224,    0,  942,  924,  781,  367,  916,  998,  997,  602,  224,  679,  285,  468,  576,  912,    0,  517,  358,  439,  784,  465,  773,  849,  419,  427,  392,  802,  729,  750,  369,  306,  297,  184,  859,  494,  824,  216,  757,  643,  551,  147,  651, 1044,  278,  833,  868,  573,  569,  397,  593,  860,  620,  388,  934,   64,  724,  300,  889,   46,  724,  669,  309,  930,   43,  233,  990,  222,  599, 1017,  679,  645,  495,  262,  226,  369,  547,  682,  236,  925,  810,  217,   34,  531,  424,  989,  534,   37,  440,  202,  844, 1024,  684,  778,  912,  611,  734,  568,  764,   58,  790,  204,  797,  474,  368,  816,  660,  956,  119,  928,  548,  368,  899,  537,  650,  762,  653,  413,  571,  936,  637,  634,  189,  492,  651,  592,  848,  805,  819,  486,  552,  551,  647, 1100,  684,  619,  229,  555,  807,  893,  288,  932,  307,  365],
        [  512,    0,  997,  680,  641,  285,  699, 1011,  954,  527,  612,  886,  684,  569,  560,  467,  517,    0,  221,  855,  792,  101,  574,  682,  597,   90,  166,  941,  236,  647,  616,  220,  319,  589,  617,  842,  377,  412,  370,  631,  452,  426,  250,  598,  288,  747,  874,  569,  567,  316,  948,  566,  474,  130,  663,  454,  670,  320,  436,  532,  291,  878,  235,  620,  549,  551,  649,  508,  587, 1032,  906,  893,  614,  554,  291,  195,  769,  846,  668,  766,  581,  407,  484,  695,   96,  980,  378,  493,  141,  338,  701,  570,  723,  717,  843,  126,  899,  874,  422,  469,  537,  585,  438,  732,  649,  902,  357,  899,  575,  999,   33,  266,  747,   68,  879,  950,  357,  153,  933,  737,  874,  501,  343,  779,  488,  536,  385,  757,  640,  508,  399,  384,  691, 1085,  847,  114,  331,  422,  807,  449,  589,  635,  342,  392],
        [  443,    0, 1069,  850,  771,   75,  860, 1100, 1062,  622,  519,  891,  593,  593,  633,  685,  358,  221,    0,  765,  874,  130,  722,  824,  592,  159,   55,  978,  456,  764,  584,  175,  306,  486,  783,  784,  595,  350,  573,  710,  547,  325,  450,  817,  254,  863,  960,  638,  635,  119,  891,  748,  592,  147,  841,  300,  768,  309,  655,  387,  503,  882,   57,  809,  397,  479,  847,  439,  661, 1121,  904,  881,  636,  493,  169,  232,  761,  868,  561,  909,  741,  196,  330,  706,  168, 1077,  487,  346,  250,  157,  836,  790,  788,  822,  957,  345,  922,  836,  613,  302,  703,  492,  635,  706,  606,  959,  528, 1011,  449, 1065,  242,   56,  887,  276,  874,  967,  526,  234,  872,  893,  866,  617,  241,  745,  615,  623,  605,  859,  785,  558,  510,  499,  752, 1186,  869,  334,  134,  528,  893,  667,  530,  821,  122,  413],
        [  344,    0,  714,  955,  770,  793,  926,  794,  842,  620,  248,  386,  173,  430,  561, 1116,  439,  855,  765,    0,  643,  841,  813,  838,  353,  773,  782,  534, 1008,  720,  287,  642,  541,  280,  906,  125, 1044,  444,  944,  584,  622,  443,  879, 1231,  568,  758,  702,  549,  546,  828,  176,  948,  685,  734,  984,  479,  662,  541, 1104,  396,  953,  378,  709, 1013,  398,  304, 1087,  348,  566,  807,  366,  322,  413,  305,  600,  663,  309,  433,  207,  884,  861,  655,  454,  371,  763,  805,  659,  434,  731,  620,  813, 1223,  557,  700,  799,  906,  463,  213,  915,  493,  865,  275,  952,  252,  246,  593,  819,  821,  325,  689,  888,  789,  860,  846,  346,  460,  810,  710,  152,  926,  330,  681,  531,  214,  713,  601, 1078,  706,  827,  506,  663,  673,  534,  899,  436,  929,  652,  649,  665, 1099,  273, 1005,  741,  508],
        [  562,    0,  206,  399,  233,  942,  355,  227,  215,  266,  607,  309,  605,  317,  241,  739,  784,  792,  874,  643,    0,  853,  322,  268,  371,  763,  849,  230,  782,  187,  438,  700,  578,  637,  383,  526,  712,  590,  600,  165,  341,  657,  627,  802,  630,  144,   87,  236,  240,  988,  561,  463,  328,  746,  443,  765,  133,  574,  746,  747,  669,  312,  829,  503,  768,  561,  576,  564,  213,  248,  343,  373,  292,  531,  742,  648,  335,  239,  653,  273,  361,  912,  767,  285,  748,  208,  415,  751,  662,  821,  231,  811,  101,  111,  157,  746,  249,  462,  532,  798,  398,  611,  559,  398,  460,  146,  498,  182,  701,  213,  813,  926,  255,  737,  341,  300,  492,  663,  569,  335,  353,  302,  689,  430,  326,  258,  751,   85,  286,  321,  395,  410,  137,  320,  237,  785,  850,  371,   24,  729,  518,  484,  940,  469],
        [  503,    0, 1055,  772,  719,  186,  789, 1075, 1026,  590,  593,  915,  668,  603,  615,  566,  465,  101,  130,  841,  853,    0,  658,  765,  618,   91,   79,  984,  331,  720,  626,  202,  327,  565,  707,  842,  477,  403,  470,  689,  514,  399,  348,  697,  284,  821,  937,  622,  619,  215,  950,  661,  546,  117,  757,  403,  736,  329,  535,  487,  392,  907,  160,  718,  501,  541,  748,  499,  642, 1097,  932,  915,  648,  549,  247,  215,  791,  882,  644,  850,  670,  325,  434,  725,  106, 1048,  444,  447,  192,  271,  781,  668,  776,  786,  916,  226,  936,  884,  519,  412,  627,  566,  537,  746,  654,  953,  448,  972,  540, 1055,  115,  168,  829,  166,  904,  985,  447,  190,  933,  825,  897,  572,  311,  790,  563,  596,  484,  825,  723,  551,  466,  453,  742, 1154,  883,  209,  256,  488,  869,  548,  586,  732,  249,  419],
        [  586,    0,  508,  153,   93,  797,  145,  489,  405,  195,  676,  583,  708,  385,  252,  418,  773,  574,  722,  813,  322,  658,    0,  109,  464,  577,  682,  546,  494,  136,  537,  570,  490,  688,   94,  721,  399,  558,  291,  246,  224,  627,  353,  484,  530,  208,  374,  265,  268,  840,  792,  149,  154,  577,  173,  731,  200,  487,  427,  751,  374,  582,  693,  205,  774,  607,  281,  586,  250,  509,  616,  633,  400,  582,  641,  496,  543,  515,  737,  193,   49,  825,  746,  458,  564,  449,  248,  737,  476,  727,  135,  491,  324,  213,  294,  491,  546,  688,  219,  764,   76,  666,  241,  571,  575,  467,  222,  350,  733,  524,  585,  778,  175,  508,  603,  602,  220,  489,  791,  173,  609,  143,  617,  620,  123,  214,  437,  248,   67,  319,  227,  233,  320,  539,  513,  530,  748,  219,  324,  409,  590,  194,  819,  408],
        [  649,    0,  429,  132,   71,  899,   92,  398,  305,  249,  729,  562,  752,  424,  290,  499,  849,  682,  824,  838,  268,  765,  109,    0,  502,  682,  786,  498,  599,  118,  577,  667,  577,  747,  122,  735,  492,  634,  391,  254,  301,  705,  461,  544,  621,  130,  299,  299,  303,  943,  793,  208,  239,  680,  175,  812,  180,  574,  512,  823,  477,  562,  793,  237,  846,  665,  309,  649,  277,  417,  596,  619,  428,  638,  734,  596,  547,  491,  787,   86,  119,  918,  824,  470,  669,  355,  342,  813,  580,  820,   40,  556,  304,  162,  199,  600,  512,  690,  317,  845,  167,  723,  333,  588,  611,  412,  331,  252,  797,  449,  694,  880,   66,  616,  588,  565,  328,  592,  796,   91,  596,  219,  704,  633,  212,  263,  529,  185,   43,  373,  320,  328,  313,  437,  489,  638,  842,  306,  263,  493,  640,  217,  917,  486],
        [  197,    0,  524,  611,  432,  647,  586,  580,  586,  270,  239,  300,  251,   80,  215,  774,  419,  597,  592,  353,  371,  618,  464,  502,    0,  532,  585,  396,  697,  387,   75,  424,  293,  266,  558,  281,  708,  252,  602,  256,  271,  309,  553,  883,  341,  446,  452,  204,  200,  692,  375,  596,  333,  501,  637,  410,  340,  290,  764,  380,  623,  292,  538,  662,  399,  191,  736,  199,  225,  599,  315,  298,   81,  161,  432,  407,  174,  280,  291,  561,  511,  576,  407,  118,  519,  573,  316,  389,  457,  496,  484,  877,  270,  388,  512,  611,  335,  286,  567,  442,  513,  241,  604,  141,  111,  399,  475,  550,  330,  511,  626,  636,  535,  566,  286,  376,  466,  444,  366,  593,  280,  329,  365,  193,  361,  251,  744,  406,  485,  154,  316,  328,  236,  682,  282,  642,  529,  300,  394,  758,  148,  655,  625,  206],
        [  431,    0,  964,  698,  634,  231,  712,  986,  938,  501,  527,  828,  601,  514,  524,  533,  427,   90,  159,  773,  763,   91,  577,  682,  532,    0,  109,  894,  315,  633,  544,  133,  244,  503,  632,  766,  442,  330,  415,  599,  424,  338,  292,  666,  207,  734,  847,  532,  529,  271,  873,  593,  459,   41,  687,  364,  647,  246,  504,  442,  348,  820,  157,  652,  459,  470,  690,  427,  552, 1007,  845,  829,  559,  475,  201,  127,  706,  793,  582,  768,  592,  329,  394,  637,   15,  958,  356,  404,  104,  252,  697,  640,  686,  698,  829,  197,  847,  803,  455,  379,  552,  501,  477,  663,  575,  863,  374,  885,  487,  964,  122,  212,  747,  124,  817,  896,  372,  100,  857,  746,  811,  485,  254,  708,  478,  506,  455,  737,  641,  461,  378,  365,  652, 1066,  794,  197,  249,  400,  780,  514,  511,  665,  276,  331],
        [  451,    0, 1047,  805,  735,  124,  818, 1074, 1032,  592,  535,  885,  609,  579,  608,  631,  392,  166,   55,  782,  849,   79,  682,  786,  585,  109,    0,  964,  401,  730,  584,  161,  294,  504,  739,  793,  541,  354,  521,  684,  516,  339,  398,  763,  245,  830,  935,  614,  611,  162,  900,  701,  557,  107,  795,  331,  739,  296,  600,  417,  450,  876,   84,  761,  429,  488,  797,  447,  636, 1096,  899,  879,  623,  500,  182,  202,  757,  857,  581,  871,  698,  246,  362,  697,  120, 1049,  452,  376,  207,  194,  799,  735,  767,  791,  925,  290,  912,  840,  563,  337,  659,  507,  585,  706,  609,  940,  482,  980,  474, 1045,  187,  104,  849,  222,  870,  958,  480,  195,  882,  852,  862,  582,  252,  747,  578,  595,  550,  829,  745,  537,  475,  463,  731, 1158,  858,  279,  177,  495,  867,  613,  537,  773,  176,  396],
        [  586,    0,  185,  628,  459, 1038,  584,  270,  345,  440,  590,  148,  560,  386,  390,  958,  802,  941,  978,  534,  230,  984,  546,  498,  396,  894,  964,    0,  972,  410,  434,  805,  673,  628,  612,  409,  923,  648,  808,  333,  505,  704,  816, 1028,  724,  372,  227,  378,  380, 1083,  404,  690,  517,  870,  672,  802,  347,  670,  962,  759,  868,  157,  927,  732,  775,  570,  806,  589,  367,  280,  171,  215,  342,  542,  824,  770,  260,  121,  615,  496,  588,  971,  795,  278,  880,  293,  579,  775,  803,  891,  460, 1036,  235,  339,  354,  919,   74,  324,  745,  832,  620,  604,  775,  337,  437,   92,  695,  347,  697,  156,  967, 1025,  480,  895,  189,   87,  688,  797,  419,  561,  204,  494,  760,  340,  524,  425,  962,  314,  515,  435,  565,  581,  259,  372,  119,  956,  924,  540,  237,  947,  515,  714, 1020,  569],
        [  672,    0,  984,  554,  580,  517,  586,  977,  899,  533,  779,  952,  846,  645,  586,  243,  729,  236,  456, 1008,  782,  331,  494,  599,  697,  315,  401,  972,    0,  606,  738,  423,  475,  765,  502,  970,  162,  581,  214,  641,  471,  615,  157,  369,  466,  697,  851,  598,  598,  544, 1070,  429,  458,  349,  524,  666,  650,  475,  210,  736,  122,  946,  468,  464,  755,  710,  470,  669,  607,  998,  978,  975,  687,  704,  507,  366,  855,  899,  842,  675,  482,  641,  695,  770,  313,  939,  400,  701,  293,  566,  628,  339,  739,  685,  787,  119,  946,  982,  287,  686,  434,  756,  283,  837,  776,  914,  284,  844,  767,  994,  216,  498,  662,  194,  954, 1001,  291,  319, 1059,  628,  953,  483,  543,  890,  456,  549,  157,  725,  558,  568,  411,  396,  715, 1032,  899,  123,  563,  436,  791,  227,  735,  484,  577,  504],
        [  543,    0,  380,  242,   54,  836,  208,  373,  307,  152,  618,  455,  637,  310,  179,  552,  750,  647,  764,  720,  187,  720,  136,  118,  387,  633,  730,  410,  606,    0,  462,  597,  494,  637,  209,  618,  527,  538,  416,  137,  219,  609,  455,  619,  541,  101,  247,  186,  191,  882,  679,  281,  175,  624,  279,  718,   68,  490,  559,  721,  490,  455,  727,  329,  744,  556,  405,  544,  163,  394,  489,  509,  312,  528,  656,  532,  432,  386,  675,  177,  179,  838,  727,  353,  619,  338,  278,  715,  530,  741,   98,  626,  194,   81,  196,  584,  413,  575,  346,  751,  211,  613,  372,  471,  495,  332,  323,  253,  691,  394,  664,  819,  151,  586,  479,  468,  318,  537,  681,  207,  486,  149,  618,  516,  160,  160,  566,  120,  114,  266,  256,  269,  198,  439,  384,  623,  766,  236,  191,  543,  528,  313,  847,  394],
        [  155,    0,  577,  684,  507,  633,  661,  639,  652,  342,  170,  318,  176,  154,  289,  832,  369,  616,  584,  287,  438,  626,  537,  577,   75,  544,  584,  434,  738,  462,    0,  426,  301,  202,  631,  232,  762,  235,  659,  330,  337,  278,  601,  945,  343,  520,  515,  278,  275,  676,  335,  666,  402,  510,  710,  369,  414,  299,  820,  327,  673,  309,  529,  733,  344,  136,  806,  158,  300,  657,  325,  299,  154,  108,  418,  422,  185,  314,  218,  635,  584,  544,  361,  164,  532,  635,  373,  342,  481,  472,  558,  937,  338,  461,  582,  645,  367,  259,  629,  398,  584,  177,  666,  123,   41,  450,  534,  618,  269,  561,  647,  623,  610,  593,  295,  400,  524,  464,  322,  667,  285,  400,  347,  165,  430,  324,  797,  478,  559,  222,  377,  387,  305,  742,  316,  673,  506,  363,  461,  815,   84,  727,  603,  236],
        [  302,    0,  894,  707,  609,  243,  712,  926,  892,  452,  396,  724,  469,  420,  460,  617,  306,  220,  175,  642,  700,  202,  570,  667,  424,  133,  161,  805,  423,  597,  426,    0,  133,  370,  640,  641,  527,  201,  474,  536,  379,  206,  358,  750,   84,  695,  787,  464,  461,  289,  748,  618,  430,   93,  705,  243,  597,  136,  591,  315,  427,  715,  131,  684,  333,  340,  732,  298,  488,  947,  738,  719,  463,  348,   88,   79,  597,  697,  450,  751,  595,  262,  272,  536,  125,  904,  325,  278,  139,  167,  675,  728,  613,  651,  788,  306,  751,  684,  497,  264,  562,  369,  526,  547,  453,  784,  400,  841,  356,  890,  253,  227,  728,  233,  710,  797,  395,  112,  731,  742,  702,  453,  123,  590,  455,  452,  547,  688,  629,  383,  348,  339,  577, 1014,  698,  316,  181,  364,  719,  598,  384,  692,  251,  238],
        [  199,    0,  768,  637,  514,  369,  634,  804,  777,  343,  305,  592,  374,  288,  340,  627,  297,  319,  306,  541,  578,  327,  490,  577,  293,  244,  294,  673,  475,  494,  301,  133,    0,  290,  571,  524,  543,  107,  466,  417,  278,  156,  369,  756,   53,  587,  665,  343,  339,  415,  630,  566,  340,  211,  643,  247,  484,    4,  607,  287,  444,  583,  256,  635,  309,  238,  693,  196,  368,  825,  607,  589,  331,  237,  165,  124,  466,  564,  367,  658,  523,  344,  266,  404,  232,  784,  243,  262,  191,  248,  579,  740,  487,  539,  677,  367,  619,  559,  468,  278,  498,  281,  502,  420,  331,  655,  363,  728,  300,  762,  351,  354,  634,  305,  578,  665,  356,  169,  615,  659,  571,  358,  127,  465,  369,  339,  571,  574,  543,  258,  263,  260,  451,  895,  565,  389,  275,  272,  598,  609,  272,  639,  363,  110],
        [  106,    0,  778,  840,  677,  516,  824,  840,  852,  499,   41,  499,  110,  332,  459,  909,  184,  589,  486,  280,  637,  565,  688,  747,  266,  503,  504,  628,  765,  637,  202,  370,  290,    0,  780,  314,  828,  184,  741,  514,  468,  167,  655, 1034,  304,  707,  716,  452,  448,  552,  417,  799,  539,  463,  858,  207,  598,  291,  891,  138,  730,  489,  430,  869,  150,   83,  936,  107,  476,  858,  498,  462,  347,  110,  322,  404,  370,  508,   80,  814,  731,  388,  187,  366,  494,  836,  476,  166,  476,  343,  734, 1020,  536,  649,  777,  654,  557,  385,  730,  228,  721,   26,  766,  294,  192,  650,  626,  816,   70,  761,  621,  511,  788,  588,  469,  583,  618,  452,  396,  837,  455,  545,  254,  310,  570,  485,  858,  671,  723,  375,  488,  492,  502,  944,  510,  673,  376,  483,  660,  891,  120,  867,  467,  300],
        [  678,    0,  550,   68,  156,  858,   85,  517,  421,  289,  768,  663,  801,  479,  345,  380,  859,  617,  783,  906,  383,  707,   94,  122,  558,  632,  739,  612,  502,  209,  631,  640,  571,  780,    0,  812,  381,  645,  289,  333,  313,  713,  378,  423,  608,  250,  420,  357,  361,  900,  880,   88,  243,  636,   80,  815,  276,  568,  395,  839,  381,  663,  759,  121,  862,  699,  197,  677,  341,  536,  697,  716,  493,  675,  716,  564,  632,  594,  830,  179,   50,  899,  831,  548,  620,  474,  328,  823,  534,  802,  161,  435,  402,  273,  318,  520,  620,  777,  216,  847,   81,  758,  224,  662,  668,  528,  260,  369,  823,  570,  624,  839,  172,  549,  686,  675,  261,  550,  881,  127,  693,  235,  697,  711,  211,  307,  416,  302,   98,  412,  309,  311,  404,  550,  592,  558,  820,  305,  381,  375,  684,  105,  886,  496],
        [  342,    0,  589,  857,  670,  822,  825,  670,  720,  534,  275,  262,  209,  351,  472, 1054,  494,  842,  784,  125,  526,  842,  721,  735,  281,  766,  793,  409,  970,  618,  232,  641,  524,  314,  812,    0,  988,  441,  882,  483,  549,  460,  831, 1161,  560,  647,  580,  458,  456,  861,  108,  862,  606,  730,  889,  520,  557,  523, 1044,  448,  902,  253,  728,  925,  456,  306, 1000,  346,  472,  682,  242,  199,  324,  294,  616,  648,  193,  308,  262,  776,  770,  702,  501,  266,  755,  682,  596,  480,  710,  651,  708, 1156,  444,  590,  682,  876,  338,   91,  845,  541,  779,  300,  882,  151,  196,  469,  755,  701,  375,  564,  874,  816,  752,  823,  221,  337,  746,  691,   91,  822,  206,  598,  544,  102,  631,  514, 1023,  593,  728,  431,  596,  608,  426,  775,  311,  904,  685,  579,  547, 1038,  257,  914,  779,  467],
        [  727,    0,  906,  423,  491,  661,  461,  886,  797,  493,  835,  927,  894,  644,  554,   91,  824,  377,  595, 1044,  712,  477,  399,  492,  708,  442,  541,  923,  162,  527,  762,  527,  543,  828,  381,  988,    0,  648,  115,  593,  450,  695,  175,  225,  548,  606,  772,  568,  569,  692, 1081,  299,  413,  469,  386,  765,  582,  542,   65,  824,  101,  923,  598,  319,  845,  763,  314,  725,  570,  906,  956,  961,  680,  751,  614,  456,  848,  867,  900,  559,  374,  769,  791,  759,  436,  845,  393,  793,  389,  685,  527,  202,  689,  607,  689,  252,  908,  985,  182,  789,  327,  815,  160,  845,  802,  854,  238,  743,  842,  920,  365,  642,  551,  320,  936,  965,  247,  415, 1073,  504,  938,  433,  636,  898,  401,  512,   39,  645,  455,  562,  395,  382,  672,  929,  866,  272,  687,  415,  718,   73,  776,  342,  715,  539],
        [  101,    0,  765,  709,  567,  399,  700,  812,  799,  388,  202,  548,  273,  277,  368,  731,  216,  412,  350,  444,  590,  403,  558,  634,  252,  330,  354,  648,  581,  538,  235,  201,  107,  184,  645,  441,  648,    0,  567,  439,  336,   72,  474,  859,  125,  624,  676,  366,  362,  443,  548,  649,  405,  292,  720,  180,  516,  108,  712,  195,  549,  538,  295,  719,  218,  140,  782,   97,  392,  832,  558,  533,  313,  147,  184,  222,  416,  532,  262,  711,  596,  327,  190,  370,  320,  797,  321,  180,  293,  244,  630,  843,  492,  571,  707,  471,  586,  488,  563,  214,  577,  176,  598,  357,  257,  644,  458,  754,  196,  755,  445,  389,  685,  406,  528,  626,  451,  270,  531,  721,  519,  418,  114,  395,  435,  379,  676,  601,  604,  278,  338,  338,  455,  909,  534,  491,  277,  341,  612,  713,  184,  721,  373,  150],
        [  638,    0,  795,  341,  382,  644,  373,  779,  695,  379,  745,  812,  800,  535,  440,  173,  757,  370,  573,  944,  600,  470,  291,  391,  602,  415,  521,  808,  214,  416,  659,  474,  466,  741,  289,  882,  115,  567,    0,  478,  338,  621,  124,  293,  480,  499,  661,  454,  455,  681,  972,  216,  298,  434,  312,  700,  468,  464,  164,  751,   94,  809,  565,  257,  773,  671,  279,  636,  456,  800,  842,  848,  569,  657,  561,  398,  737,  752,  810,  464,  272,  730,  724,  647,  406,  739,  287,  724,  340,  639,  423,  281,  574,  496,  585,  254,  793,  875,   75,  727,  224,  726,   72,  737,  699,  740,  127,  640,  762,  809,  368,  625,  453,  304,  823,  850,  136,  364,  965,  415,  824,  318,  571,  790,  286,  398,  154,  534,  351,  453,  286,  274,  557,  827,  751,  286,  647,  305,  606,  156,  680,  276,  689,  445],
        [  427,    0,  367,  374,  187,  779,  343,  391,  362,  109,  491,  342,  505,  183,   77,  635,  643,  631,  710,  584,  165,  689,  246,  254,  256,  599,  684,  333,  641,  137,  330,  536,  417,  514,  333,  483,  593,  439,  478,    0,  181,  509,  485,  719,  468,  193,  251,   75,   78,  825,  548,  393,  185,  582,  408,  618,   85,  413,  636,  610,  535,  339,  666,  450,  632,  434,  526,  428,   49,  412,  374,  388,  178,  405,  581,  483,  300,  277,  546,  306,  294,  755,  623,  218,  584,  368,  256,  609,  499,  662,  231,  722,   99,  136,  269,  593,  315,  444,  420,  651,  313,  489,  452,  335,  362,  276,  363,  316,  573,  369,  654,  763,  281,  578,  359,  372,  355,  499,  549,  343,  364,  162,  532,  381,  193,   97,  632,  162,  245,  162,  238,  254,   79,  479,  276,  631,  690,  213,  184,  623,  401,  437,  778,  308],
        [  365,    0,  545,  376,  237,  619,  365,  562,  516,   77,  459,  483,  498,  199,  116,  508,  551,  452,  547,  622,  341,  514,  224,  301,  271,  424,  516,  505,  471,  219,  337,  379,  278,  468,  313,  549,  450,  336,  338,  181,    0,  406,  316,  613,  324,  317,  424,  128,  127,  665,  636,  334,   71,  411,  391,  512,  223,  274,  501,  528,  376,  478,  508,  403,  551,  388,  473,  364,  139,  584,  511,  513,  232,  365,  438,  316,  399,  428,  522,  381,  264,  621,  525,  310,  410,  535,   76,  515,  323,  524,  302,  608,  276,  275,  410,  415,  475,  538,  297,  545,  254,  447,  334,  401,  377,  455,  212,  464,  511,  549,  474,  602,  356,  398,  489,  531,  203,  326,  630,  386,  490,   83,  403,  454,  102,   85,  487,  314,  269,  118,   61,   77,  247,  643,  428,  453,  548,   36,  357,  493,  378,  399,  628,  186],
        [  125,    0,  828,  778,  638,  363,  770,  878,  868,  459,  196,  595,  271,  343,  438,  781,  147,  426,  325,  443,  657,  399,  627,  705,  309,  338,  339,  704,  615,  609,  278,  206,  156,  167,  713,  460,  695,   72,  621,  509,  406,    0,  521,  911,  150,  695,  743,  436,  432,  404,  567,  715,  474,  298,  788,  110,  586,  158,  759,  132,  595,  586,  269,  785,  154,  157,  846,  122,  463,  897,  602,  574,  376,  175,  158,  250,  462,  586,  245,  782,  664,  268,  119,  426,  331,  865,  388,  111,  323,  196,  701,  893,  559,  641,  777,  500,  640,  517,  623,  143,  644,  169,  657,  397,  291,  706,  518,  824,  153,  817,  458,  356,  756,  431,  572,  676,  510,  297,  548,  791,  562,  488,   88,  429,  505,  450,  721,  670,  674,  348,  406,  405,  522,  976,  588,  516,  230,  409,  679,  762,  211,  787,  327,  220],
