{
    "name": "random-57-8525",
    "comment": "size=57 seed=8525",
    "nodes": ["+0", "-0", "+1", "-1", "+2", "-2", "+3", "-3", "+4", "-4", "+5", "-5", "+6", "-6", "+7", "-7", "+8", "-8", "+9", "-9", "+10", "-10", "+11", "-11", "+12", "-12", "+13", "-13", "+14", "-14", "+15", "-15", "+16", "-16", "+17", "-17", "+18", "-18", "+19", "-19", "+20", "-20", "+21", "-21", "+22", "-22", "+23", "-23", "+24", "-24", "+25", "-25", "+26", "-26", "+27", "-27", "+28", "-28", "+29", "-29", "+30", "-30", "+31", "-31", "+32", "-32", "+33", "-33", "+34", "-34", "+35", "-35", "+36", "-36", "+37", "-37", "+38", "-38", "+39", "-39", "+40", "-40", "+41", "-41", "+42", "-42", "+43", "-43", "+44", "-44", "+45", "-45", "+46", "-46", "+47", "-47", "+48", "-48", "+49", "-49", "+50", "-50", "+51", "-51", "+52", "-52", "+53", "-53", "+54", "-54", "+55", "-55", "+56", "-56", "+57", "-57"],
    "precedence": {
        "+0": "-0",
        "+1": "-1",
        "+2": "-2",
        "+3": "-3",
        "+4": "-4",
        "+5": "-5",
        "+6": "-6",
        "+7": "-7",
        "+8": "-8",
        "+9": "-9",
        "+10": "-10",
        "+11": "-11",
        "+12": "-12",
        "+13": "-13",
        "+14": "-14",
        "+15": "-15",
        "+16": "-16",
        "+17": "-17",
        "+18": "-18",
        "+19": "-19",
        "+20": "-20",
        "+21": "-21",
        "+22": "-22",
        "+23": "-23",
        "+24": "-24",
        "+25": "-25",
        "+26": "-26",
        "+27": "-27",
        "+28": "-28",
        "+29": "-29",
        "+30": "-30",
        "+31": "-31",
        "+32": "-32",
        "+33": "-33",
        "+34": "-34",
        "+35": "-35",
        "+36": "-36",
        "+37": "-37",
        "+38": "-38",
        "+39": "-39",
        "+40": "-40",
        "+41": "-41",
        "+42": "-42",
        "+43": "-43",
        "+44": "-44",
        "+45": "-45",
        "+46": "-46",
        "+47": "-47",
        "+48": "-48",
        "+49": "-49",
        "+50": "-50",
        "+51": "-51",
        "+52": "-52",
        "+53": "-53",
        "+54": "-54",
        "+55": "-55",
        "+56": "-56",
        "+57": "-57"
    },
    "edges": [
        [    0,    0,  456,  614,  507,  392,  402,  448,  540,  290,  371,  372,  491,  144,  625,  585,  410,  546,   75,  582,  589,  149,  526,  541,  477,  716,  506,  295,  496,  709,  548,  108,  147,  397,  114,  694,  575,  596,  389,  325,  198,  401,  332,  405,  341,  593,  375,  223,  558,  606,  267,  312,  452,  293,   83,  395,  248,  271,  340,   46,  601,  206,  520,  325,  271,  186,  441,  253,   86,  636,  471,  653,  460,  287,  446,  296,  359,  229,  298,  351,  619,  632,  656,  209,  493,  575,  143,  555,  608,  272,  305,  591,  124,  417,  377,  262,  147,  318,  467,  221,  641,  543,  658,  371,  534,  354,  481,  537,  408,  183,  595,  328,  531,  336,  330,  445],
        [    0,    0,    0,    0,    0,    0,    0,    0,    0,    0,    0,    0,    0,    0,    0,    0,    0,    0,    0,    0,    0,    0,    0,    0,    0,    0,    0,    0,    0,    0,    0,    0,    0,    0,    0,    0,    0,    0,    0,    0,    0,    0,    0,    0,    0,    0,    0,    0,    0,    0,    0,    0,    0,    0,    0,    0,    0,    0,    0,    0,    0,    0,    0,    0,    0,    0,    0,    0,    0,    0,    0,    0,    0,    0,    0,    0,    0,    0,    0,    0,    0,    0,    0,    0,    0,    0,    0,    0,    0,    0,    0,    0,    0,    0,    0,    0,    0,    0,    0,    0,    0,    0,    0,    0,    0,    0,    0,    0,    0,    0,    0,    0,    0,    0,    0,    0],
        [  456,    0,    0,  273,  719,  764,  503,  679,  176,  512,  359,  598,   35,  510,  272,  408,  375,  490,  498,  254,  134,  597,  139,  399,   88,  313,  182,  499,  887,  355,  437,  563,  430,  527,  365,  301,  207,  383,  386,  284,  309,  716,  759,  555,  134,  265,  107,  370,  646,  158,  575,  309,  402,  253,  396,  550,  609,  315,  119,  454,  158,  475,  296,  496,  282,  374,   33,  507,  433,  190,  409,  219,  107,  644,  520,  209,  804,  644,  743,  535,  335,  207,  201,  509,  313,  505,  500,  663,  285,  583,  546,  136,  369,  202,  549,  424,  314,  432,  749,  261,  438,  831,  238,  305,  337,  537,  236,  427,  718,  372,  186,  236,  285,  670,  185,  296],
        [  614,    0,  273,    0,  667,  806,  452,  647,   98,  754,  626,  846,  263,  605,   16,  673,  310,  762,  677,  496,  241,  763,  134,  668,  190,  128,  114,  744, 1096,  560,  273,  719,  643,  788,  502,  100,   67,  167,  336,  309,  533,  728,  847,  815,  383,  505,  368,  434,  537,  200,  617,  568,  674,  326,  535,  808,  821,  564,  349,  593,  326,  536,  562,  747,  353,  460,  254,  544,  557,  332,  681,  374,  185,  860,  787,  320,  971,  737,  853,  520,  580,  137,  285,  731,  181,  776,  703,  562,   25,  809,  560,  269,  496,  199,  521,  454,  500,  688,  734,  482,  208,  806,  410,  573,  603,  521,  504,  698,  952,  597,  393,  497,  117,  894,  442,  568],
        [  507,    0,  719,  667,    0,  272,  222,   60,  663,  797,  842,  876,  745,  364,  683, 1027,  366, 1026,  568,  949,  812,  564,  680,  992,  671,  794,  620,  801,  895, 1066,  413,  523,  650,  902,  471,  766,  679,  528,  345,  436,  650,  169,  399,  911,  685,  961,  708,  376,  175,  797,  243,  769,  924,  471,  468,  900,  727,  732,  656,  463,  871,  312,  933,  829,  446,  394,  688,  262,  433,  898,  941,  933,  642,  760,  946,  519,  678,  368,  458,  190, 1015,  773,  882,  714,  487, 1053,  644,  148,  645,  767,  208,  830,  453,  537,  172,  311,  566,  814,  110,  637,  530,  149,  956,  821,  962,  187,  877,  999,  886,  669,  904,  748,  551,  813,  717,  878],
        [  392,    0,  764,  806,  272,    0,  379,  232,  770,  656,  762,  716,  796,  268,  821,  974,  503,  936,  424,  948,  883,  376,  774,  931,  746,  931,  727,  666,  654, 1074,  604,  352,  532,  770,  421,  904,  797,  705,  475,  511,  582,  107,  138,  772,  684,  959,  715,  398,  430,  883,  194,  701,  843,  521,  400,  761,  544,  660,  668,  361,  921,  290,  901,  698,  489,  390,  738,  266,  356,  954,  863,  981,  720,  569,  825,  558,  430,  171,  207,  296,  997,  881,  956,  567,  632,  964,  498,  407,  790,  598,  247,  894,  410,  630,  305,  357,  510,  705,  167,  591,  724,  200,  995,  760,  920,  296,  855,  928,  689,  574,  935,  706,  693,  620,  695,  830],
        [  402,    0,  503,  452,  222,  379,    0,  195,  442,  676,  675,  765,  527,  290,  468,  840,  146,  858,  475,  742,  591,  510,  458,  810,  451,  580,  399,  676,  870,  855,  225,  462,  525,  767,  324,  552,  459,  330,  124,  222,  489,  286,  460,  782,  486,  754,  505,  202,  167,  576,  220,  600,  754,  264,  336,  772,  648,  568,  453,  358,  652,  204,  739,  699,  245,  234,  471,  170,  317,  678,  770,  714,  422,  686,  801,  313,  680,  375,  493,   86,  813,  553,  661,  605,  272,  883,  543,  174,  432,  673,  146,  609,  306,  316,   75,  144,  407,  669,  283,  464,  346,  355,  739,  645,  771,   85,  680,  822,  809,  524,  689,  565,  336,  736,  527,  693],
        [  448,    0,  679,  647,   60,  232,  195,    0,  635,  737,  786,  817,  706,  305,  662,  975,  340,  970,  509,  903,  777,  505,  649,  939,  636,  774,  591,  742,  839, 1022,  406,  464,  591,  843,  415,  747,  653,  518,  316,  397,  594,  126,  352,  852,  637,  915,  662,  326,  198,  766,  183,  714,  868,  428,  411,  841,  667,  676,  610,  404,  832,  255,  883,  771,  401,  342,  648,  205,  375,  861,  886,  894,  607,  701,  887,  475,  625,  312,  407,  144,  966,  746,  849,  655,  466,  997,  585,  175,  626,  708,  152,  794,  398,  503,  132,  262,  510,  757,   91,  583,  525,  160,  916,  767,  911,  142,  828,  945,  827,  611,  863,  695,  530,  754,  667,  826],
        [  540,    0,  176,   98,  663,  770,  442,  635,    0,  661,  529,  752,  170,  548,  100,  580,  298,  666,  598,  409,  171,  688,   39,  573,   92,  176,   44,  650, 1011,  485,  306,  646,  555,  692,  431,  155,   37,  224,  319,  260,  442,  702,  796,  718,  286,  420,  270,  381,  553,  142,  578,  471,  576,  263,  464,  712,  735,  469,  254,  523,  252,  488,  468,  652,  293,  402,  157,  505,  491,  266,  584,  308,   90,  773,  690,  245,  898,  683,  795,  499,  494,  112,  232,  642,  188,  680,  619,  576,  110,  720,  529,  197,  427,  142,  505,  414,  416,  592,  717,  391,  276,  794,  341,  476,  509,  500,  409,  603,  861,  506,  313,  400,  136,  806,  346,  471],
        [  290,    0,  512,  754,  797,  656,  676,  737,  661,    0,  205,   96,  540,  433,  759,  405,  647,  312,  235,  498,  632,  290,  633,  357,  574,  821,  642,   18,  400,  608,  778,  305,  152,  116,  353,  807,  697,  793,  632,  537,  225,  684,  560,  117,  380,  504,  405,  478,  838,  666,  556,  212,  252,  488,  341,  106,  160,  198,  408,  334,  603,  492,  395,   50,  482,  443,  515,  541,  368,  636,  269,  635,  572,  174,  176,  463,  413,  485,  501,  635,  494,  718,  679,   90,  691,  339,  159,  838,  758,  100,  593,  621,  371,  582,  661,  533,  286,  101,  753,  274,  846,  825,  622,  248,  387,  638,  391,  335,  208,  166,  564,  281,  707,  174,  328,  316],
        [  371,    0,  359,  626,  842,  762,  675,  786,  529,  205,    0,  265,  380,  504,  628,  220,  603,  185,  353,  295,  461,  441,  495,  173,  437,  669,  521,  187,  604,  404,  717,  436,  239,  174,  372,  660,  563,  702,  598,  486,  192,  764,  694,  203,  248,  300,  259,  476,  841,  500,  620,   75,   83,  434,  378,  200,  355,  110,  285,  404,  417,  532,  191,  167,  441,  451,  373,  581,  420,  447,  102,  441,  444,  376,  162,  393,  603,  598,  646,  659,  292,  562,  497,  257,  609,  212,  299,  847,  635,  302,  634,  445,  389,  488,  683,  541,  276,  104,  824,  212,  758,  903,  424,   55,  186,  663,  190,  166,  403,  189,  370,  132,  607,  378,  187,  112],
        [  372,    0,  598,  846,  876,  716,  765,  817,  752,   96,  265,    0,  624,  512,  851,  434,  741,  317,  309,  556,  714,  342,  723,  388,  664,  909,  735,  104,  354,  657,  873,  367,  242,  110,  444,  896,  788,  888,  726,  632,  320,  754,  609,   87,  469,  561,  491,  570,  927,  749,  634,  292,  288,  583,  430,   82,  181,  285,  499,  417,  678,  577,  447,  103,  577,  534,  604,  625,  454,  710,  301,  705,  663,  173,  169,  558,  418,  548,  545,  721,  540,  805,  757,  163,  786,  341,  232,  925,  850,  120,  677,  700,  462,  676,  747,  623,  380,  169,  826,  368,  941,  895,  689,  315,  431,  724,  455,  359,  143,  261,  634,  363,  802,  144,  414,  374],
        [  491,    0,   35,  263,  745,  796,  527,  706,  170,  540,  380,  624,    0,  543,  261,  411,  395,  501,  532,  245,  100,  631,  132,  405,   91,  290,  183,  526,  918,  337,  448,  597,  462,  550,  399,  281,  197,  386,  408,  310,  341,  746,  793,  579,  165,  256,  136,  401,  666,  127,  606,  334,  417,  282,  430,  573,  641,  342,  152,  488,  128,  507,  299,  522,  312,  407,   59,  538,  467,  158,  422,  189,  116,  675,  540,  240,  838,  678,  777,  562,  328,  183,  167,  540,  323,  515,  533,  684,  278,  613,  576,  102,  402,  219,  575,  453,  347,  457,  778,  293,  440,  859,  212,  325,  341,  565,  242,  436,  746,  403,  165,  261,  290,  699,  212,  309],
        [  144,    0,  510,  605,  364,  268,  290,  305,  548,  433,  504,  512,  543,    0,  618,  710,  343,  684,  205,  681,  636,  221,  544,  669,  506,  721,  508,  439,  580,  807,  476,  173,  290,  541,  154,  696,  580,  547,  316,  296,  318,  260,  252,  549,  419,  692,  451,  172,  432,  643,  124,  439,  587,  286,  133,  538,  370,  398,  406,  103,  665,   89,  634,  468,  256,  147,  487,  124,   89,  698,  605,  723,  482,  406,  589,  313,  397,  137,  248,  223,  729,  653,  707,  350,  453,  712,  280,  425,  593,  405,  169,  643,  145,  410,  249,  172,  243,  460,  324,  324,  584,  401,  734,  496,  654,  226,  587,  669,  531,  319,  673,  439,  504,  458,  427,  565],
        [  625,    0,  272,   16,  683,  821,  468,  662,  100,  759,  628,  851,  261,  618,    0,  669,  325,  761,  686,  490,  233,  773,  134,  665,  191,  113,  121,  749, 1104,  551,  289,  729,  650,  791,  513,   85,   66,  182,  351,  322,  539,  743,  860,  818,  386,  499,  369,  447,  552,  191,  631,  571,  673,  337,  546,  811,  829,  568,  353,  604,  318,  549,  558,  751,  364,  472,  255,  558,  568,  323,  680,  364,  189,  868,  789,  329,  982,  750,  865,  535,  574,  125,  274,  738,  197,  775,  711,  578,   40,  816,  575,  260,  507,  210,  537,  468,  508,  691,  749,  488,  221,  822,  401,  575,  600,  537,  502,  696,  958,  603,  385,  500,  133,  901,  445,  567],
        [  585,    0,  408,  673, 1027,  974,  840,  975,  580,  405,  220,  434,  411,  710,  669,    0,  742,  140,  572,  196,  452,  661,  542,   49,  495,  674,  589,  387,  787,  244,  832,  655,  458,  325,  567,  674,  606,  789,  744,  628,  393,  966,  911,  351,  359,  192,  348,  652, 1001,  497,  820,  273,  153,  580,  580,  354,  563,  315,  396,  613,  378,  725,  113,  358,  596,  634,  435,  772,  623,  395,  136,  369,  513,  578,  272,  532,  815,  813,  865,  839,  132,  570,  455,  471,  712,  135,  518, 1012,  688,  504,  824,  427,  582,  592,  861,  718,  471,  310, 1021,  393,  845, 1103,  337,  215,   73,  843,  174,   77,  575,  405,  309,  280,  691,  569,  314,  149],
        [  410,    0,  375,  310,  366,  503,  146,  340,  298,  647,  603,  741,  395,  343,  325,  742,    0,  780,  484,  623,  451,  544,  315,  718,  313,  437,  255,  643,  903,  729,  139,  495,  502,  722,  306,  409,  314,  209,   29,  118,  435,  420,  560,  741,  384,  635,  396,  187,  272,  433,  320,  529,  677,  170,  330,  732,  654,  504,  347,  373,  516,  258,  635,  660,  167,  225,  342,  251,  330,  540,  691,  578,  284,  694,  746,  214,  738,  459,  579,  212,  699,  408,  520,  590,  131,  803,  538,  290,  291,  665,  256,  471,  291,  178,  212,  171,  362,  619,  425,  398,  242,  499,  605,  565,  671,  213,  574,  735,  808,  484,  559,  481,  194,  740,  434,  600],
        [  546,    0,  490,  762, 1026,  936,  858,  970,  666,  312,  185,  317,  501,  684,  761,  140,  780,    0,  516,  323,  560,  593,  629,  110,  576,  782,  667,  296,  668,  384,  887,  597,  405,  211,  556,  777,  696,  860,  777,  663,  377,  944,  857,  231,  407,  321,  407,  660, 1024,  604,  802,  259,  105,  611,  561,  236,  470,  295,  446,  582,  494,  716,  216,  263,  621,  635,  512,  765,  601,  516,   90,  495,  589,  477,  149,  568,  722,  768,  803,  844,  270,  674,  575,  392,  773,   29,  451, 1031,  775,  407,  819,  538,  573,  651,  868,  725,  461,  235, 1006,  395,  916, 1084,  467,  216,  179,  847,  263,   72,  454,  366,  430,  300,  763,  459,  350,  195],
        [   75,    0,  498,  677,  568,  424,  475,  509,  598,  235,  353,  309,  532,  205,  686,  572,  484,  516,    0,  594,  632,  102,  581,  526,  529,  773,  566,  243,  425,  719,  622,   84,  114,  348,  183,  752,  634,  667,  463,  396,  209,  449,  342,  352,  374,  604,  407,  298,  629,  652,  326,  306,  430,  360,  155,  341,  174,  266,  381,  118,  634,  276,  520,  275,  340,  260,  487,  322,  160,  669,  449,  683,  514,  212,  401,  358,  306,  254,  294,  421,  622,  684,  696,  148,  564,  545,   77,  625,  672,  202,  372,  630,  195,  481,  447,  337,  186,  283,  519,  245,  713,  591,  684,  364,  529,  424,  488,  516,  334,  171,  621,  337,  599,  262,  352,  441],
        [  582,    0,  254,  496,  949,  948,  742,  903,  409,  498,  295,  556,  245,  681,  490,  196,  623,  323,  594,    0,  263,  694,  372,  213,  335,  483,  427,  480,  898,  127,  690,  674,  491,  456,  527,  485,  431,  630,  631,  521,  387,  919,  912,  485,  268,   13,  242,  579,  893,  308,  772,  301,  279,  480,  550,  484,  641,  335,  294,  598,  184,  672,  113,  461,  503,  571,  286,  713,  594,  199,  273,  174,  359,  666,  419,  431,  879,  803,  879,  760,   85,  382,  260,  538,  566,  325,  562,  908,  514,  593,  759,  237,  538,  454,  778,  641,  442,  398,  963,  363,  683, 1046,  145,  252,  145,  763,  110,  251,  696,  428,  114,  258,  534,  671,  255,  183],
        [  589,    0,  134,  241,  812,  883,  591,  777,  171,  632,  461,  714,  100,  636,  233,  452,  451,  560,  632,  263,    0,  731,  141,  456,  142,  223,  205,  618, 1015,  319,  476,  696,  561,  634,  495,  223,  181,  393,  468,  383,  439,  827,  887,  662,  264,  271,  233,  486,  716,   46,  692,  423,  486,  364,  526,  658,  738,  435,  252,  585,   85,  594,  347,  611,  395,  496,  151,  621,  563,   96,  489,  137,  170,  773,  617,  327,  938,  771,  873,  635,  346,  119,   73,  637,  355,  569,  632,  737,  262,  709,  655,   28,  498,  275,  645,  533,  447,  546,  854,  393,  442,  933,  171,  406,  387,  637,  298,  491,  839,  501,  154,  352,  306,  795,  306,  375],
        [  149,    0,  597,  763,  564,  376,  510,  505,  688,  290,  441,  342,  631,  221,  773,  661,  544,  593,  102,  694,  731,    0,  673,  614,  623,  864,  654,  303,  362,  818,  682,   50,  206,  406,  261,  843,  724,  738,  520,  469,  310,  423,  270,  403,  474,  703,  508,  358,  651,  750,  326,  401,  514,  440,  229,  393,  170,  362,  480,  175,  735,  306,  615,  337,  417,  322,  584,  344,  216,  770,  533,  784,  607,  198,  465,  445,  210,  210,  211,  443,  718,  779,  795,  203,  637,  621,  144,  642,  757,  223,  386,  730,  269,  565,  468,  383,  284,  360,  497,  346,  781,  560,  785,  458,  622,  446,  587,  601,  324,  267,  722,  436,  678,  252,  453,  535],
        [  526,    0,  139,  134,  680,  774,  458,  649,   39,  633,  495,  723,  132,  544,  134,  542,  315,  629,  581,  372,  141,  673,    0,  535,   59,  194,   65,  621,  990,  450,  337,  633,  532,  659,  419,  176,   69,  260,  335,  264,  416,  710,  794,  686,  255,  382,  237,  381,  577,  118,  581,  439,  540,  259,  452,  680,  713,  439,  225,  512,  218,  489,  430,  622,  290,  398,  122,  509,  481,  235,  547,  276,   67,  750,  656,  235,  883,  680,  789,  510,  456,  109,  206,  617,  215,  643,  597,  599,  147,  694,  536,  165,  417,  147,  518,  418,  397,  561,  729,  365,  312,  807,  308,  441,  472,  512,  372,  565,  834,  481,  277,  368,  168,  781,  313,  435],
        [  541,    0,  399,  668,  992,  931,  810,  939,  573,  357,  173,  388,  405,  669,  665,   49,  718,  110,  526,  213,  456,  614,  535,    0,  485,  679,  579,  339,  741,  280,  814,  609,  412,  279,  528,  676,  601,  777,  717,  602,  352,  927,  866,  305,  335,  212,  328,  619,  973,  501,  781,  231,  105,  552,  540,  308,  515,  272,  373,  571,  387,  688,  110,  310,  567,  598,  424,  736,  583,  408,   89,  386,  502,  530,  228,  506,  767,  769,  819,  806,  164,  572,  468,  424,  695,  114,  471,  983,  682,  456,  788,  433,  544,  574,  828,  684,  432,  262,  983,  357,  833, 1064,  357,  174,   70,  809,  164,   39,  530,  360,  322,  246,  679,  522,  285,  118],
        [  477,    0,   88,  190,  671,  746,  451,  636,   92,  574,  437,  664,   91,  506,  191,  495,  313,  576,  529,  335,  142,  623,   59,  485,    0,  250,   95,  562,  934,  425,  358,  584,  476,  601,  373,  234,  126,  297,  329,  242,  359,  687,  757,  628,  196,  346,  179,  349,  582,  138,  553,  381,  485,  226,  406,  622,  656,  380,  167,  466,  204,  457,  383,  563,  257,  362,   65,  482,  438,  228,  493,  265,   30,  694,  598,  194,  833,  642,  748,  494,  418,  156,  214,  560,  234,  591,  542,  602,  200,  637,  514,  159,  373,  137,  505,  394,  344,  502,  713,  308,  352,  792,  293,  384,  424,  496,  323,  514,  776,  423,  252,  309,  200,  723,  255,  381],
        [  716,    0,  313,  128,  794,  931,  580,  774,  176,  821,  669,  909,  290,  721,  113,  674,  437,  782,  773,  483,  223,  864,  194,  679,  250,    0,  214,  809, 1183,  519,  394,  822,  725,  839,  607,   28,  142,  282,  463,  427,  609,  854,  966,  867,  442,  491,  419,  551,  660,  178,  740,  621,  704,  436,  640,  862,  906,  625,  415,  699,  300,  656,  569,  808,  465,  574,  307,  667,  666,  293,  708,  331,  260,  943,  829,  421, 1074,  854,  968,  647,  565,  109,  234,  810,  309,  792,  791,  686,  149,  887,  686,  248,  603,  311,  649,  577,  590,  745,  861,  558,  309,  934,  369,  615,  610,  648,  519,  713, 1025,  673,  371,  549,  244,  973,  497,  594],
        [  506,    0,  182,  114,  620,  727,  399,  591,   44,  642,  521,  735,  183,  508,  121,  589,  255,  667,  566,  427,  205,  654,   65,  579,   95,  214,    0,  632,  983,  512,  273,  611,  529,  679,  395,  190,   72,  203,  276,  218,  420,  658,  755,  705,  275,  438,  264,  340,  514,  181,  535,  460,  574,  223,  428,  698,  708,  454,  240,  487,  282,  446,  477,  636,  252,  361,  156,  462,  453,  299,  583,  340,   79,  747,  682,  210,  864,  642,  755,  455,  511,  156,  270,  618,  151,  683,  591,  536,  116,  696,  485,  229,  390,   99,  461,  371,  388,  578,  673,  369,  257,  750,  372,  470,  518,  456,  417,  606,  839,  484,  338,  391,  107,  781,  336,  473],
        [  295,    0,  499,  744,  801,  666,  676,  742,  650,   18,  187,  104,  526,  439,  749,  387,  643,  296,  243,  480,  618,  303,  621,  339,  562,  809,  632,    0,  418,  590,  773,  316,  153,  105,  353,  795,  686,  786,  629,  532,  217,  691,  572,  111,  368,  486,  392,  477,  839,  652,  562,  197,  235,  483,  342,  100,  177,  184,  396,  339,  587,  495,  377,   35,  477,  443,  503,  544,  371,  620,  252,  618,  561,  192,  162,  456,  430,  495,  514,  637,  476,  705,  664,  101,  684,  323,  168,  839,  747,  118,  597,  606,  371,  573,  663,  533,  281,   84,  760,  265,  839,  833,  605,  230,  369,  640,  374,  317,  223,  160,  548,  267,  699,  192,  314,  298],
        [  496,    0,  887, 1096,  895,  654,  870,  839, 1011,  400,  604,  354,  918,  580, 1104,  787,  903,  668,  425,  898, 1015,  362,  990,  741,  934, 1183,  983,  418,    0, 1005, 1041,  411,  459,  463,  607, 1165, 1048, 1091,  880,  820,  578,  735,  518,  439,  753,  903,  783,  717, 1003, 1044,  673,  608,  640,  784,  578,  435,  278,  585,  772,  531,  996,  667,  793,  439,  765,  680,  883,  701,  574, 1030,  653, 1032,  924,  243,  520,  779,  226,  527,  448,  799,  890, 1087, 1069,  379,  988,  690,  393,  992, 1093,  310,  739, 1007,  619,  903,  823,  744,  596,  501,  809,  628, 1136,  854, 1021,  647,  781,  801,  791,  712,  214,  515,  962,  672, 1023,  227,  710,  716],
        [  709,    0,  355,  560, 1066, 1074,  855, 1022,  485,  608,  404,  657,  337,  807,  551,  244,  729,  384,  719,  127,  319,  818,  450,  280,  425,  519,  512,  590, 1005,    0,  782,  800,  614,  551,  653,  527,  499,  709,  740,  633,  514, 1043, 1039,  579,  392,  117,  363,  700, 1000,  361,  896,  421,  370,  596,  677,  580,  757,  458,  414,  725,  235,  796,  213,  567,  621,  694,  387,  835,  720,  230,  360,  190,  452,  779,  506,  547,  999,  930, 1005,  878,  118,  431,  286,  656,  658,  378,  684, 1017,  581,  706,  880,  292,  664,  555,  895,  761,  569,  507, 1085,  490,  760, 1168,  152,  369,  227,  881,  232,  317,  799,  552,  174,  384,  618,  781,  382,  294],
        [  548,    0,  437,  273,  413,  604,  225,  406,  306,  778,  717,  873,  448,  476,  289,  832,  139,  887,  622,  690,  476,  682,  337,  814,  358,  394,  273,  773, 1041,  782,    0,  633,  636,  847,  443,  367,  307,  116,  162,  242,  560,  509,  678,  868,  481,  702,  486,  326,  267,  447,  436,  644,  785,  292,  468,  859,  791,  623,  442,  511,  554,  389,  722,  788,  297,  363,  406,  373,  468,  571,  798,  612,  332,  831,  866,  326,  872,  584,  704,  309,  771,  401,  537,  725,  125,  907,  675,  293,  249,  801,  365,  501,  428,  241,  299,  304,  493,  743,  497,  519,  121,  560,  644,  674,  760,  309,  660,  835,  945,  613,  609,  589,  172,  877,  538,  699],
        [  108,    0,  563,  719,  523,  352,  462,  464,  646,  305,  436,  367,  597,  173,  729,  655,  495,  597,   84,  674,  696,   50,  633,  609,  584,  822,  611,  316,  411,  800,  633,    0,  197,  420,  217,  800,  681,  690,  471,  422,  287,  389,  260,  421,  444,  684,  478,  310,  604,  713,  283,  388,  512,  395,  184,  410,  205,  348,  446,  128,  705,  258,  602,  349,  371,  274,  548,  296,  168,  740,  531,  756,  567,  238,  477,  402,  253,  182,  211,  396,  704,  739,  762,  216,  590,  625,  149,  596,  712,  251,  340,  697,  224,  520,  421,  333,  251,  363,  462,  319,  732,  529,  758,  447,  612,  399,  569,  599,  364,  253,  695,  417,  632,  291,  427,  524],
        [  147,    0,  430,  643,  650,  532,  525,  591,  555,  152,  239,  242,  462,  290,  650,  458,  502,  405,  114,  491,  561,  206,  532,  412,  476,  725,  529,  153,  459,  614,  636,  197,    0,  252,  203,  707,  592,  661,  486,  396,  122,  547,  456,  262,  298,  500,  329,  328,  687,  587,  413,  196,  316,  351,  190,  252,  181,  157,  314,  188,  551,  342,  410,  180,  340,  293,  425,  392,  219,  586,  336,  594,  467,  219,  299,  333,  390,  364,  407,  485,  513,  628,  619,   92,  557,  433,   73,  687,  642,  170,  445,  555,  220,  457,  510,  382,  148,  173,  613,  170,  712,  689,  591,  253,  417,  488,  383,  403,  314,   65,  529,  237,  581,  253,  262,  330],
        [  397,    0,  527,  788,  902,  770,  767,  843,  692,  116,  174,  110,  550,  541,  791,  325,  722,  211,  348,  456,  634,  406,  659,  279,  601,  839,  679,  105,  463,  551,  847,  420,  252,    0,  444,  828,  727,  848,  711,  607,  287,  795,  675,   30,  406,  459,  423,  566,  932,  672,  664,  221,  182,  556,  438,   29,  265,  229,  440,  440,  590,  593,  345,   73,  555,  533,  538,  643,  470,  620,  193,  611,  604,  268,   64,  523,  514,  600,  616,  734,  434,  732,  670,  205,  749,  236,  273,  933,  795,  201,  696,  618,  463,  633,  759,  625,  364,  105,  863,  329,  903,  937,  593,  228,  325,  737,  359,  250,  251,  243,  541,  292,  757,  249,  347,  276],
        [  114,    0,  365,  502,  471,  421,  324,  415,  431,  353,  372,  444,  399,  154,  513,  567,  306,  556,  183,  527,  495,  261,  419,  528,  373,  607,  395,  353,  607,  653,  443,  217,  203,  444,    0,  584,  465,  484,  287,  213,  180,  401,  397,  459,  266,  539,  299,  126,  488,  507,  254,  301,  454,  180,   34,  449,  349,  262,  256,   93,  516,  161,  485,  375,  158,   91,  345,  210,   70,  551,  472,  573,  354,  389,  481,  186,  470,  283,  379,  292,  577,  527,  565,  288,  381,  583,  233,  490,  496,  361,  263,  500,   19,  304,  317,  181,   97,  350,  455,  175,  530,  537,  583,  355,  507,  295,  436,  532,  503,  203,  521,  290,  418,  434,  274,  419],
        [  694,    0,  301,  100,  766,  904,  552,  747,  155,  807,  660,  896,  281,  696,   85,  674,  409,  777,  752,  485,  223,  843,  176,  676,  234,   28,  190,  795, 1165,  527,  367,  800,  707,  828,  584,    0,  119,  255,  436,  402,  592,  827,  941,  856,  428,  493,  406,  526,  633,  177,  714,  609,  697,  412,  617,  850,  888,  612,  400,  676,  303,  630,  567,  795,  441,  550,  293,  641,  643,  299,  701,  338,  241,  926,  820,  399, 1052,  829,  944,  620,  567,  105,  242,  793,  281,  788,  772,  659,  122,  870,  659,  249,  580,  286,  621,  551,  570,  732,  834,  541,  285,  906,  376,  605,  608,  621,  515,  709, 1010,  656,  374,  537,  217,  956,  484,  587],
        [  575,    0,  207,   67,  679,  797,  459,  653,   37,  697,  563,  788,  197,  580,   66,  606,  314,  696,  634,  431,  181,  724,   69,  601,  126,  142,   72,  686, 1048,  499,  307,  681,  592,  727,  465,  119,    0,  214,  338,  289,  479,  725,  827,  754,  322,  440,  305,  411,  562,  144,  605,  506,  608,  295,  499,  747,  772,  505,  290,  557,  265,  517,  495,  688,  324,  433,  190,  532,  524,  275,  615,  316,  126,  810,  724,  280,  933,  714,  827,  520,  515,   96,  233,  679,  196,  710,  655,  586,   84,  756,  553,  208,  461,  170,  524,  441,  453,  628,  738,  428,  262,  813,  352,  509,  537,  521,  438,  632,  897,  543,  330,  435,  137,  842,  381,  502],
        [  596,    0,  383,  167,  528,  705,  330,  518,  224,  793,  702,  888,  386,  547,  182,  789,  209,  860,  667,  630,  393,  738,  260,  777,  297,  282,  203,  786, 1091,  709,  116,  690,  661,  848,  484,  255,  214,    0,  237,  272,  569,  615,  768,  872,  457,  640,  453,  383,  382,  358,  527,  635,  763,  311,  514,  864,  829,  620,  418,  564,  476,  466,  677,  796,  327,  417,  355,  459,  523,  488,  773,  529,  277,  869,  859,  331,  938,  667,  787,  409,  713,  302,  446,  752,  104,  878,  710,  409,  143,  830,  460,  420,  473,  216,  403,  379,  514,  744,  608,  522,   57,  673,  564,  654,  718,  410,  616,  803,  975,  628,  537,  571,   99,  910,  517,  667],
        [  389,    0,  386,  336,  345,  475,  124,  316,  319,  632,  598,  726,  408,  316,  351,  744,   29,  777,  463,  631,  468,  520,  335,  717,  329,  463,  276,  629,  880,  740,  162,  471,  486,  711,  287,  436,  338,  237,    0,  116,  425,  393,  532,  729,  385,  643,  400,  166,  262,  453,  291,  523,  673,  166,  310,  720,  634,  496,  349,  350,  531,  231,  638,  648,  158,  203,  353,  223,  307,  556,  688,  593,  300,  674,  737,  212,  712,  431,  551,  185,  705,  430,  538,  573,  158,  800,  519,  278,  318,  647,  228,  487,  271,  193,  187,  144,  349,  609,  400,  390,  269,  476,  619,  561,  673,  186,  577,  734,  790,  471,  571,  478,  221,  720,  433,  600],
        [  325,    0,  284,  309,  436,  511,  222,  397,  260,  537,  486,  632,  310,  296,  322,  628,  118,  663,  396,  521,  383,  469,  264,  602,  242,  427,  218,  532,  820,  633,  242,  422,  396,  607,  213,  402,  289,  272,  116,    0,  320,  447,  539,  627,  270,  533,  286,  125,  375,  376,  318,  412,  559,   53,  243,  618,  559,  387,  235,  295,  436,  229,  524,  547,   57,  153,  252,  245,  256,  465,  574,  498,  214,  599,  629,   97,  673,  428,  544,  254,  593,  370,  455,  487,  169,  686,  441,  389,  298,  564,  274,  398,  202,  120,  266,  155,  252,  504,  471,  281,  319,  552,  521,  448,  558,  256,  463,  619,  708,  372,  469,  364,  211,  642,  318,  485],
        [  198,    0,  309,  533,  650,  582,  489,  594,  442,  225,  192,  320,  341,  318,  539,  393,  435,  377,  209,  387,  439,  310,  416,  352,  359,  609,  420,  217,  578,  514,  560,  287,  122,  287,  180,  592,  479,  569,  425,  320,    0,  576,  530,  308,  176,  397,  208,  288,  656,  466,  430,  122,  275,  269,  188,  299,  301,   83,  195,  222,  431,  340,  322,  229,  268,  260,  305,  389,  231,  466,  293,  477,  353,  336,  313,  240,  507,  425,  493,  469,  422,  510,  498,  202,  468,  403,  193,  661,  535,  279,  443,  434,  197,  357,  493,  352,   85,  185,  633,   51,  622,  714,  476,  179,  338,  472,  284,  353,  420,   65,  413,  130,  483,  365,  144,  249],
        [  401,    0,  716,  728,  169,  107,  286,  126,  702,  684,  764,  754,  746,  260,  743,  966,  420,  944,  449,  919,  827,  423,  710,  927,  687,  854,  658,  691,  735, 1043,  509,  389,  547,  795,  401,  827,  725,  615,  393,  447,  576,    0,  231,  800,  652,  931,  681,  347,  324,  823,  148,  697,  846,  465,  388,  790,  592,  656,  631,  362,  873,  248,  885,  722,  435,  349,  688,  210,  345,  904,  865,  934,  660,  621,  846,  508,  515,  216,  292,  209,  975,  813,  900,  597,  550,  972,  526,  301,  710,  640,  174,  841,  387,  563,  212,  295,  496,  719,   76,  575,  630,  142,  952,  753,  907,  208,  834,  928,  746,  579,  895,  691,  613,  674,  671,  819],
        [  332,    0,  759,  847,  399,  138,  460,  352,  796,  560,  694,  609,  793,  252,  860,  911,  560,  857,  342,  912,  887,  270,  794,  866,  757,  966,  755,  572,  518, 1039,  678,  260,  456,  675,  397,  941,  827,  768,  532,  539,  530,  231,    0,  673,  660,  923,  693,  416,  543,  894,  243,  641,  771,  535,  368,  663,  431,  600,  652,  316,  913,  311,  851,  606,  505,  396,  737,  310,  328,  947,  791,  969,  733,  451,  734,  564,  293,  116,   72,  374,  951,  902,  958,  472,  683,  885,  407,  524,  833,  490,  315,  893,  391,  657,  391,  395,  471,  623,  301,  550,  796,  337,  978,  700,  865,  375,  812,  858,  566,  507,  916,  659,  740,  500,  659,  775],
        [  405,    0,  555,  815,  911,  772,  782,  852,  718,  117,  203,   87,  579,  549,  818,  351,  741,  231,  352,  485,  662,  403,  686,  305,  628,  867,  705,  111,  439,  579,  868,  421,  262,   30,  459,  856,  754,  872,  729,  627,  308,  800,  673,    0,  433,  488,  451,  582,  946,  701,  672,  248,  210,  577,  450,   11,  254,  253,  466,  449,  619,  604,  373,   84,  575,  548,  565,  653,  480,  649,  220,  641,  630,  254,   82,  545,  500,  602,  611,  746,  462,  760,  700,  206,  772,  255,  276,  947,  821,  190,  707,  647,  477,  657,  772,  639,  381,  128,  869,  351,  926,  942,  622,  257,  353,  749,  388,  274,  226,  260,  570,  320,  781,  230,  374,  305],
        [  341,    0,  134,  383,  685,  684,  486,  637,  286,  380,  248,  469,  165,  419,  386,  359,  384,  407,  374,  268,  264,  474,  255,  335,  196,  442,  275,  368,  753,  392,  481,  444,  298,  406,  266,  428,  322,  457,  385,  270,  176,  652,  660,  433,    0,  280,   34,  312,  644,  291,  505,  186,  307,  223,  293,  426,  476,  184,   40,  346,  261,  404,  254,  368,  242,  303,  136,  445,  335,  296,  319,  313,  199,  511,  407,  174,  678,  547,  635,  496,  330,  339,  323,  375,  367,  427,  369,  657,  390,  449,  492,  259,  275,  245,  515,  375,  195,  306,  696,  130,  513,  779,  319,  198,  288,  499,  195,  355,  585,  239,  256,  117,  361,  536,   61,  219],
        [  593,    0,  265,  505,  961,  959,  754,  915,  420,  504,  300,  561,  256,  692,  499,  192,  635,  321,  604,   13,  271,  703,  382,  212,  346,  491,  438,  486,  903,  117,  702,  684,  500,  459,  539,  493,  440,  640,  643,  533,  397,  931,  923,  488,  280,    0,  253,  591,  905,  317,  784,  309,  281,  492,  561,  488,  648,  343,  306,  609,  191,  683,  116,  466,  515,  583,  297,  725,  605,  204,  275,  177,  370,  672,  421,  443,  887,  814,  889,  772,   76,  390,  266,  545,  577,  323,  571,  920,  524,  599,  771,  245,  550,  466,  790,  653,  453,  403,  975,  374,  694, 1058,  147,  259,  144,  775,  118,  250,  701,  437,  121,  268,  545,  677,  266,  188],
        [  375,    0,  107,  368,  708,  715,  505,  662,  270,  405,  259,  491,  136,  451,  369,  348,  396,  407,  407,  242,  233,  508,  237,  328,  179,  419,  264,  392,  783,  363,  486,  478,  329,  423,  299,  406,  305,  453,  400,  286,  208,  681,  693,  451,   34,  253,    0,  338,  661,  262,  534,  203,  311,  241,  326,  445,  506,  208,   53,  380,  227,  433,  240,  389,  263,  332,  115,  473,  367,  263,  321,  279,  186,  541,  420,  192,  711,  580,  669,  520,  308,  314,  291,  405,  368,  426,  401,  674,  377,  478,  518,  227,  307,  246,  537,  400,  229,  326,  723,  163,  510,  806,  285,  207,  276,  522,  178,  351,  611,  269,  223,  131,  356,  564,   78,  215],
        [  223,    0,  370,  434,  376,  398,  202,  326,  381,  478,  476,  570,  401,  172,  447,  652,  187,  660,  298,  579,  486,  358,  381,  619,  349,  551,  340,  477,  717,  700,  326,  310,  328,  566,  126,  526,  411,  383,  166,  125,  288,  347,  416,  582,  312,  591,  338,    0,  368,  486,  206,  402,  557,  123,  146,  572,  469,  368,  287,  186,  527,  109,  558,  499,   92,   38,  342,  138,  143,  559,  573,  588,  323,  509,  599,  162,  556,  304,  419,  188,  641,  489,  559,  413,  285,  686,  356,  373,  422,  485,  181,  497,  109,  241,  209,   66,  205,  468,  385,  266,  423,  468,  605,  450,  587,  191,  502,  628,  626,  323,  548,  374,  333,  556,  342,  504],
        [  558,    0,  646,  537,  175,  430,  167,  198,  553,  838,  841,  927,  666,  432,  552, 1001,  272, 1024,  629,  893,  716,  651,  577,  973,  582,  660,  514,  839, 1003, 1000,  267,  604,  687,  932,  488,  633,  562,  382,  262,  375,  656,  324,  543,  946,  644,  905,  661,  368,    0,  694,  332,  766,  920,  422,  498,  936,  800,  734,  610,  513,  785,  354,  898,  863,  406,  399,  613,  310,  474,  808,  936,  846,  553,  836,  967,  471,  800,  484,  592,  210,  967,  657,  783,  765,  367, 1048,  700,   30,  513,  829,  266,  738,  470,  448,  184,  308,  573,  835,  280,  630,  373,  321,  874,  810,  932,  207,  838,  986,  961,  690,  830,  729,  427,  888,  688,  855],
        [  606,    0,  158,  200,  797,  883,  576,  766,  142,  666,  500,  749,  127,  643,  191,  497,  433,  604,  652,  308,   46,  750,  118,  501,  138,  178,  181,  652, 1044,  361,  447,  713,  587,  672,  507,  177,  144,  358,  453,  376,  466,  823,  894,  701,  291,  317,  262,  486,  694,    0,  690,  458,  529,  363,  539,  696,  766,  468,  274,  598,  129,  595,  392,  647,  394,  499,  166,  619,  573,  132,  532,  174,  164,  801,  658,  331,  958,  779,  883,  626,  391,   74,   90,  666,  329,  614,  657,  716,  223,  739,  649,   73,  508,  263,  634,  529,  466,  582,  845,  418,  405,  923,  210,  445,  432,  628,  342,  535,  872,  529,  199,  386,  276,  826,  339,  418],
        [  267,    0,  575,  617,  243,  194,  220,  183,  578,  556,  620,  634,  606,  124,  631,  820,  320,  802,  326,  772,  692,  326,  581,  781,  553,  740,  535,  562,  673,  896,  436,  283,  413,  664,  254,  714,  605,  527,  291,  318,  430,  148,  243,  672,  505,  784,  534,  206,  332,  690,    0,  552,  703,  328,  242,  661,  486,  512,  485,  225,  732,  102,  737,  591,  297,  204,  548,   74,  201,  764,  721,  793,  527,  520,  711,  367,  470,  157,  274,  136,  827,  688,  764,  472,  446,  830,  403,  320,  601,  525,   74,  703,  239,  437,  157,  164,  349,  581,  204,  428,  553,  284,  809,  607,  760,  138,  686,  783,  646,  438,  750,  543,  506,  573,  523,  672],
        [  312,    0,  309,  568,  769,  701,  600,  714,  471,  212,   75,  292,  334,  439,  571,  273,  529,  259,  306,  301,  423,  401,  439,  231,  381,  621,  460,  197,  608,  421,  644,  388,  196,  221,  301,  609,  506,  635,  523,  412,  122,  697,  641,  248,  186,  309,  203,  402,  766,  458,  552,    0,  155,  359,  310,  242,  342,   42,  221,  341,  391,  461,  215,  189,  366,  377,  318,  510,  352,  424,  173,  424,  384,  370,  225,  320,  579,  540,  598,  586,  318,  515,  468,  238,  539,  285,  264,  773,  575,  299,  563,  410,  318,  419,  609,  467,  205,  124,  755,  137,  690,  835,  414,   60,  224,  589,  192,  232,  419,  136,  355,   73,  541,  382,  126,  136],
        [  452,    0,  402,  674,  924,  843,  754,  868,  576,  252,   83,  288,  417,  587,  673,  153,  677,  105,  430,  279,  486,  514,  540,  105,  485,  704,  574,  235,  640,  370,  785,  512,  316,  182,  454,  697,  608,  763,  673,  559,  275,  846,  771,  210,  307,  281,  311,  557,  920,  529,  703,  155,    0,  508,  461,  210,  410,  192,  346,  486,  430,  614,  166,  206,  517,  532,  421,  664,  502,  457,   20,  443,  496,  426,  141,  464,  663,  678,  721,  741,  253,  595,  512,  320,  673,  130,  371,  927,  685,  352,  717,  467,  471,  551,  764,  621,  359,  158,  906,  291,  819,  986,  420,  112,  144,  744,  193,   87,  430,  270,  373,  197,  666,  419,  249,  111],
