{
    "name": "random-48-4343",
    "comment": "size=48 seed=4343",
    "nodes": ["+0", "-0", "+1", "-1", "+2", "-2", "+3", "-3", "+4", "-4", "+5", "-5", "+6", "-6", "+7", "-7", "+8", "-8", "+9", "-9", "+10", "-10", "+11", "-11", "+12", "-12", "+13", "-13", "+14", "-14", "+15", "-15", "+16", "-16", "+17", "-17", "+18", "-18", "+19", "-19", "+20", "-20", "+21", "-21", "+22", "-22", "+23", "-23", "+24", "-24", "+25", "-25", "+26", "-26", "+27", "-27", "+28", "-28", "+29", "-29", "+30", "-30", "+31", "-31", "+32", "-32", "+33", "-33", "+34", "-34", "+35", "-35", "+36", "-36", "+37", "-37", "+38", "-38", "+39", "-39", "+40", "-40", "+41", "-41", "+42", "-42", "+43", "-43", "+44", "-44", "+45", "-45", "+46", "-46", "+47", "-47", "+48", "-48"],
    "precedence": {
        "+0": "-0",
        "+1": "-1",
        "+2": "-2",
        "+3": "-3",
        "+4": "-4",
        "+5": "-5",
        "+6": "-6",
        "+7": "-7",
        "+8": "-8",
        "+9": "-9",
        "+10": "-10",
        "+11": "-11",
        "+12": "-12",
        "+13": "-13",
        "+14": "-14",
        "+15": "-15",
        "+16": "-16",
        "+17": "-17",
        "+18": "-18",
        "+19": "-19",
        "+20": "-20",
        "+21": "-21",
        "+22": "-22",
        "+23": "-23",
        "+24": "-24",
        "+25": "-25",
        "+26": "-26",
        "+27": "-27",
        "+28": "-28",
        "+29": "-29",
        "+30": "-30",
        "+31": "-31",
        "+32": "-32",
        "+33": "-33",
        "+34": "-34",
        "+35": "-35",
        "+36": "-36",
        "+37": "-37",
        "+38": "-38",
        "+39": "-39",
        "+40": "-40",
        "+41": "-41",
        "+42": "-42",
        "+43": "-43",
        "+44": "-44",
        "+45": "-45",
        "+46": "-46",
        "+47": "-47",
        "+48": "-48"
    },
    "edges": [
        [    0,    0,  457,  262,  966,  385,  745,  653,  275,  687,  376,    8,  849,  450,  435,  253,  682, 1139,  406,  521,  739,  294,  307,  619,  660,  769,  663,  682, 1048,  545,  582,  836,  283,  945,  650,  703,  875,  795,  547,  659,  767,   51,  661,  511,  537,  303,  864, 1157,  868,  772,  410,  758,  361,  399,  647,  898,  593,  360,  551,  953,  235,  503,  368,  758,  674,  437,  559,  520,  928,  869,  343,  473,  471,  248,  742,  941,  518,  199,  525, 1057,  786,  635, 1048,  586,  117,  467,  337,  945,  611,  620,  348,  951,  232,  128,  852,  440,  426,  358],
        [    0,    0,    0,    0,    0,    0,    0,    0,    0,    0,    0,    0,    0,    0,    0,    0,    0,    0,    0,    0,    0,    0,    0,    0,    0,    0,    0,    0,    0,    0,    0,    0,    0,    0,    0,    0,    0,    0,    0,    0,    0,    0,    0,    0,    0,    0,    0,    0,    0,    0,    0,    0,    0,    0,    0,    0,    0,    0,    0,    0,    0,    0,    0,    0,    0,    0,    0,    0,    0,    0,    0,    0,    0,    0,    0,    0,    0,    0,    0,    0,    0,    0,    0,    0,    0,    0,    0,    0,    0,    0,    0,    0,    0,    0,    0,    0,    0,    0],
        [  457,    0,    0,  197,  782,  190,  307,  222,  328,  528,  441,  463,  479,  349,  162,  226,  403,  682,   67,  469,  396,  268,  520,  208,  261,  355,  437,  483,  591,   91,  329,  569,  530,  711,  467,  392,  484,  458,  527,  419,  373,  416,  481,  146,  312,  244,  407,  706,  421,  605,  333,  627,  297,   85,  454,  517,  232,  137,  148,  541,  227,  208,  328,  387,  334,  398,  230,  136,  517,  426,  278,  190,  157,  210,  412,  646,  266,  556,  377,  607,  535,  197,  591,  395,  367,  170,  230,  494,  278,  244,  109,  540,  258,  405,  438,  172,  364,  443],
        [  262,    0,  197,    0,  853,  198,  496,  406,  224,  575,  365,  268,  613,  342,  199,   91,  506,  879,  145,  455,  510,  146,  394,  379,  427,  517,  481,  547,  787,  287,  380,  674,  393,  804,  487,  513,  651,  596,  504,  470,  539,  219,  501,  281,  374,  167,  603,  902,  607,  660,  272,  666,  216,  154,  479,  679,  372,  112,  296,  719,   32,  274,  243,  541,  444,  367,  324,  266,  695,  618,  227,  270,  254,   14,  518,  767,  338,  386,  367,  802,  599,  385,  787,  414,  186,  230,  185,  690,  404,  375,   90,  718,  115,  233,  601,  235,  302,  358],
        [  966,    0,  782,  853,    0,  656,  656,  652,  696,  282,  600,  966, 1152,  525,  942,  779,  384,  931,  832,  449, 1117,  994,  718,  624,  581, 1002, 1209,  307,  896,  750, 1105,  240,  753,  114, 1246,  408,  498,  393,  436, 1189,  528,  965, 1259,  637,  484,  701,  830,  854,  943,  196, 1099,  213, 1051,  739, 1232,  470,  563,  888,  897,  565,  876,  987, 1082,  481, 1072,  530,  997,  902,  558,  682,  643,  602,  632,  856, 1140,  249,  525,  872, 1158,  786, 1290,  675,  914, 1175,  856,  952,  673,  755,  512,  980,  806,  564,  778,  839, 1054,  632, 1132,  620],
        [  385,    0,  190,  198,  656,    0,  382,  292,  163,  381,  254,  389,  668,  166,  316,  139,  312,  798,  205,  286,  585,  338,  349,  250,  282,  539,  611,  350,  713,  235,  503,  478,  365,  606,  632,  325,  491,  413,  343,  595,  384,  361,  646,  141,  176,   89,  539,  798,  582,  465,  450,  475,  399,  110,  621,  513,  210,  243,  337,  571,  223,  380,  429,  374,  522,  210,  413,  323,  546,  505,   94,   88,   94,  203,  601,  575,  143,  419,  526,  696,  717,  282,  717,  558,  271,  337,   57,  590,  226,  433,  158,  569,  155,  289,  620,   58,  482,  258],
        [  745,    0,  307,  496,  656,  382,    0,   93,  543,  491,  597,  750,  500,  455,  435,  494,  309,  420,  373,  540,  483,  571,  718,  133,  118,  353,  614,  430,  340,  219,  527,  416,  739,  555,  664,  266,  211,  264,  595,  592,  130,  709,  675,  242,  344,  469,  194,  417,  292,  534,  612,  579,  588,  347,  649,  249,  194,  441,  324,  243,  527,  438,  617,  175,  453,  516,  419,  347,  221,  124,  466,  304,  289,  508,  509,  447,  317,  800,  617,  315,  667,  112,  348,  607,  640,  425,  439,  209,  221,  373,  408,  242,  520,  666,  399,  326,  640,  608],
        [  653,    0,  222,  406,  652,  292,   93,    0,  454,  452,  515,  657,  504,  379,  363,  402,  279,  507,  288,  474,  466,  488,  632,   48,   72,  355,  575,  393,  424,  140,  480,  416,  651,  561,  620,  245,  268,  276,  531,  553,  161,  617,  632,  152,  277,  378,  259,  509,  333,  507,  540,  547,  512,  255,  605,  303,  122,  358,  268,  320,  436,  378,  542,  190,  425,  439,  369,  285,  296,  217,  378,  217,  199,  417,  490,  468,  243,  710,  559,  407,  643,   29,  430,  557,  547,  357,  348,  299,  164,  336,  318,  319,  428,  574,  417,  237,  570,  526],
        [  275,    0,  328,  224,  696,  163,  543,  454,    0,  415,  142,  276,  802,  176,  408,  134,  415,  960,  316,  258,  708,  362,  193,  411,  438,  683,  701,  408,  875,  391,  597,  564,  204,  671,  710,  442,  632,  536,  297,  688,  532,  270,  724,  303,  271,   85,  701,  958,  740,  500,  493,  491,  436,  245,  702,  650,  362,  321,  469,  718,  230,  482,  461,  513,  643,  169,  526,  448,  693,  665,   82,  241,  255,  218,  720,  670,  261,  259,  591,  856,  816,  445,  880,  636,  161,  437,  107,  751,  365,  562,  249,  716,  111,  153,  766,  218,  522,  134],
        [  687,    0,  528,  575,  282,  381,  491,  452,  415,    0,  332,  688,  950,  243,  682,  498,  183,  859,  569,  181,  896,  718,  462,  412,  385,  803,  964,   62,  800,  516,  857,  200,  496,  263,  995,  230,  420,  283,  193,  945,  386,  684, 1008,  389,  218,  419,  683,  811,  779,   87,  830,  100,  779,  473,  982,  412,  338,  620,  659,  512,  596,  735,  809,  338,  844,  253,  754,  658,  494,  563,  361,  340,  372,  577,  917,  305,  263,  610,  898,  721, 1056,  468,  814,  922,  576,  696,  393,  652,  290,  750,  536,  510,  496,  562,  868,  365,  862,  352],
        [  376,    0,  441,  365,  600,  254,  597,  515,  142,  332,    0,  375,  919,  147,  542,  274,  393, 1015,  442,  153,  832,  503,  139,  469,  481,  792,  837,  344,  936,  487,  732,  511,  170,  595,  849,  432,  640,  522,  172,  824,  554,  386,  863,  374,  268,  209,  773,  999,  829,  410,  635,  388,  578,  357,  840,  650,  404,  457,  587,  732,  371,  614,  603,  525,  768,   94,  654,  570,  708,  710,  163,  301,  328,  360,  846,  621,  283,  279,  731,  898,  951,  514,  944,  775,  279,  569,  212,  801,  389,  682,  379,  730,  253,  249,  872,  292,  664,   21],
        [    8,    0,  463,  268,  966,  389,  750,  657,  276,  688,  375,    0,  856,  451,  441,  258,  684, 1144,  412,  520,  746,  302,  304,  624,  664,  776,  670,  683, 1053,  550,  589,  838,  279,  946,  657,  706,  879,  797,  546,  666,  771,   59,  668,  515,  539,  305,  870, 1162,  874,  772,  417,  758,  368,  404,  654,  902,  597,  367,  558,  957,  241,  510,  376,  762,  681,  437,  566,  526,  932,  873,  345,  476,  475,  254,  749,  943,  521,  193,  532, 1062,  793,  640, 1053,  593,  120,  474,  340,  951,  614,  627,  354,  955,  235,  128,  859,  444,  433,  357],
        [  849,    0,  479,  613, 1152,  668,  500,  504,  802,  950,  919,  856,    0,  819,  418,  682,  782,  540,  487,  934,  115,  560,  992,  540,  575,  150,  276,  894,  466,  448,  290,  913,  997, 1054,  332,  748,  696,  763,  993,  260,  630,  799,  335,  577,  752,  719,  370,  629,  253, 1010,  483, 1048,  510,  562,  320,  734,  613,  502,  334,  685,  630,  347,  518,  674,  176,  873,  292,  355,  674,  520,  756,  646,  612,  626,  123,  946,  708,  999,  394,  577,  233,  484,  449,  335,  797,  386,  708,  503,  662,  241,  556,  686,  713,  845,  118,  639,  488,  921],
        [  450,    0,  349,  342,  525,  166,  455,  379,  176,  243,  147,  451,  819,    0,  481,  259,  253,  872,  370,  121,  743,  487,  282,  332,  339,  682,  776,  232,  795,  373,  668,  391,  310,  496,  797,  289,  494,  381,  179,  759,  408,  443,  811,  249,  122,  179,  637,  853,  703,  329,  608,  327,  554,  274,  786,  506,  262,  406,  494,  586,  360,  545,  583,  378,  682,   61,  576,  484,  562,  566,  120,  176,  208,  342,  760,  498,  139,  405,  689,  753,  881,  381,  803,  723,  335,  502,  158,  657,  243,  591,  320,  584,  254,  327,  759,  180,  639,  162],
        [  435,    0,  162,  199,  942,  316,  435,  363,  408,  682,  542,  441,  418,  481,    0,  278,  564,  754,  114,  602,  312,  162,  590,  360,  414,  337,  297,  640,  661,  224,  190,  731,  590,  872,  317,  554,  630,  617,  657,  282,  522,  385,  331,  308,  465,  334,  480,  797,  452,  761,  178,  780,  155,  211,  306,  665,  393,   89,  135,  677,  213,   76,  183,  541,  246,  521,  127,  102,  655,  541,  385,  343,  312,  210,  320,  807,  421,  582,  217,  705,  409,  335,  657,  243,  380,   33,  336,  594,  439,  187,  165,  676,  307,  429,  419,  318,  208,  539],
        [  253,    0,  226,   91,  779,  139,  494,  402,  134,  498,  274,  258,  682,  259,  278,    0,  450,  897,  196,  368,  584,  234,  313,  367,  407,  573,  568,  476,  807,  305,  464,  614,  316,  737,  577,  464,  624,  552,  415,  555,  515,  224,  590,  258,  309,   80,  626,  909,  647,  584,  362,  585,  306,  153,  568,  649,  342,  190,  353,  701,  103,  352,  333,  509,  518,  278,  399,  328,  676,  618,  141,  224,  219,   88,  594,  713,  281,  330,  458,  808,  684,  386,  809,  503,  147,  307,  107,  697,  363,  441,  127,  699,   33,  181,  657,  190,  392,  268],
        [  682,    0,  403,  506,  384,  312,  309,  279,  415,  183,  393,  684,  782,  253,  564,  450,    0,  683,  457,  279,  738,  636,  531,  245,  209,  633,  826,  122,  620,  367,  722,  170,  560,  309,  863,   49,  258,  131,  322,  806,  205,  665,  876,  257,  146,  382,  501,  643,  599,  229,  729,  272,  685,  371,  850,  262,  180,  519,  514,  353,  533,  605,  717,  160,  691,  299,  614,  519,  331,  383,  339,  238,  261,  512,  761,  264,  170,  657,  780,  549,  908,  299,  634,  794,  565,  572,  348,  473,  129,  598,  443,  351,  459,  567,  693,  272,  761,  411],
        [ 1139,    0,  682,  879,  931,  798,  420,  507,  960,  859, 1015, 1144,  540,  872,  754,  897,  683,    0,  738,  946,  609,  913, 1137,  551,  534,  470,  787,  800,   93,  594,  748,  716, 1158,  817,  846,  635,  447,  581,  997,  766,  480, 1097,  852,  658,  756,  883,  277,  109,  322,  876,  904,  930,  902,  744,  832,  467,  612,  797,  620,  367,  908,  719,  925,  524,  627,  932,  673,  653,  378,  308,  884,  723,  706,  892,  631,  682,  734, 1215,  860,  145,  772,  517,  100,  821, 1043,  730,  855,  216,  632,  602,  791,  369,  926, 1075,  431,  743,  924, 1027],
        [  406,    0,   67,  145,  832,  205,  373,  288,  316,  569,  442,  412,  487,  370,  114,  196,  457,  738,    0,  491,  393,  201,  505,  274,  327,  378,  406,  529,  646,  154,  298,  626,  510,  765,  430,  451,  550,  521,  547,  390,  439,  362,  443,  202,  353,  235,  461,  766,  463,  649,  273,  667,  233,   98,  418,  583,  292,   71,  158,  608,  172,  176,  264,  451,  328,  413,  213,  133,  584,  490,  281,  231,  200,  159,  406,  706,  309,  522,  329,  668,  513,  263,  645,  355,  326,  132,  231,  556,  336,  247,   69,  606,  228,  369,  463,  205,  305,  441],
        [  521,    0,  469,  455,  449,  286,  540,  474,  258,  181,  153,  520,  934,  121,  602,  368,  279,  946,  491,    0,  861,  600,  282,  427,  422,  795,  897,  202,  875,  487,  789,  369,  315,  443,  918,  324,  536,  407,   60,  880,  468,  524,  931,  359,  198,  289,  729,  915,  805,  258,  724,  238,  669,  395,  907,  539,  352,  525,  613,  631,  470,  666,  697,  430,  802,   91,  696,  604,  609,  639,  228,  289,  323,  454,  879,  478,  234,  430,  808,  818, 1001,  481,  885,  843,  415,  623,  273,  732,  319,  710,  440,  628,  357,  393,  870,  298,  755,  173],
        [  739,    0,  396,  510, 1117,  585,  483,  466,  708,  896,  832,  746,  115,  743,  312,  584,  738,  609,  393,  861,    0,  448,  896,  494,  537,  150,  180,  843,  526,  382,  176,  882,  899, 1026,  239,  709,  690,  738,  920,  160,  609,  688,  244,  512,  688,  627,  395,  688,  295,  962,  369,  995,  396,  476,  225,  729,  561,  399,  249,  695,  525,  239,  404,  649,   67,  794,  186,  263,  680,  530,  670,  575,  541,  522,   26,  927,  643,  894,  282,  622,  187,  442,  512,  227,  692,  280,  621,  533,  612,  152,  460,  695,  615,  741,  181,  564,  374,  832],
        [  294,    0,  268,  146,  994,  338,  571,  488,  362,  718,  503,  302,  560,  487,  162,  234,  636,  913,  201,  600,  448,    0,  513,  473,  526,  496,  374,  687,  821,  352,  288,  805,  504,  939,  368,  637,  750,  713,  648,  368,  638,  243,  380,  392,  511,  311,  638,  952,  614,  802,  134,  810,   77,  266,  362,  782,  485,  131,  295,  808,  133,  218,  100,  649,  385,  511,  275,  262,  784,  685,  372,  399,  376,  147,  449,  893,  473,  468,  242,  858,  497,  463,  817,  299,  273,  191,  330,  745,  523,  343,  193,  807,  251,  325,  576,  366,  161,  494],
        [  307,    0,  520,  394,  718,  349,  718,  632,  193,  462,  139,  304,  992,  282,  590,  313,  531, 1137,  505,  282,  896,  513,    0,  587,  606,  875,  874,  480, 1055,  582,  774,  648,   35,  724,  877,  569,  775,  660,  283,  863,  686,  334,  889,  484,  402,  277,  885, 1127,  930,  536,  646,  507,  589,  437,  870,  787,  528,  501,  660,  867,  390,  664,  609,  659,  830,  232,  711,  637,  843,  835,  257,  415,  436,  385,  906,  757,  411,  156,  753, 1025,  993,  627, 1061,  804,  247,  620,  296,  925,  518,  751,  437,  865,  283,  199,  958,  398,  671,  121],
        [  619,    0,  208,  379,  624,  250,  133,   48,  411,  412,  469,  624,  540,  332,  360,  367,  245,  551,  274,  427,  494,  473,  587,    0,   55,  392,  592,  355,  469,  138,  493,  393,  607,  537,  634,  216,  277,  262,  485,  571,  166,  586,  646,  111,  231,  338,  306,  549,  379,  471,  536,  508,  503,  226,  620,  310,   77,  344,  280,  341,  410,  384,  534,  182,  449,  392,  382,  293,  316,  255,  334,  173,  157,  391,  517,  454,  196,  668,  564,  447,  667,   57,  476,  568,  512,  358,  307,  341,  123,  357,  294,  339,  392,  536,  457,  194,  567,  480],
        [  660,    0,  261,  427,  581,  282,  118,   72,  438,  385,  481,  664,  575,  339,  414,  407,  209,  534,  327,  422,  537,  526,  606,   55,    0,  426,  642,  325,  457,  192,  544,  346,  628,  490,  685,  174,  226,  210,  478,  620,  113,  629,  698,  150,  226,  371,  308,  522,  395,  437,  590,  478,  557,  273,  671,  257,   78,  396,  331,  294,  458,  437,  588,  128,  495,  399,  433,  345,  269,  230,  359,  198,  190,  438,  561,  402,  200,  697,  618,  420,  713,   96,  466,  620,  550,  412,  338,  320,  104,  405,  343,  293,  430,  571,  485,  225,  621,  494],
        [  769,    0,  355,  517, 1002,  539,  353,  355,  683,  803,  792,  776,  150,  682,  337,  573,  633,  470,  378,  795,  150,  496,  875,  392,  426,    0,  321,  746,  384,  309,  280,  764,  884,  906,  379,  599,  553,  615,  854,  299,  482,  720,  387,  437,  608,  599,  246,  543,  150,  861,  452,  899,  463,  439,  365,  592,  465,  410,  222,  551,  538,  279,  480,  525,  157,  738,  225,  251,  537,  385,  630,  507,  475,  530,  175,  799,  565,  900,  393,  474,  333,  336,  372,  351,  701,  306,  584,  384,  514,  154,  447,  551,  605,  746,   85,  505,  467,  795],
        [  663,    0,  437,  481, 1209,  611,  614,  575,  701,  964,  837,  670,  276,  776,  297,  568,  826,  787,  406,  897,  180,  374,  874,  592,  642,  321,    0,  917,  703,  460,  109,  984,  870, 1128,   60,  805,  825,  851,  953,   23,  731,  613,   67,  577,  748,  629,  560,  863,  470, 1039,  257, 1063,  303,  503,   46,  863,  647,  381,  314,  843,  485,  232,  298,  764,  170,  818,  213,  308,  826,  682,  682,  627,  593,  489,  160, 1043,  702,  841,  144,  793,  124,  548,  690,   79,  644,  275,  632,  698,  697,  242,  461,  843,  595,  696,  360,  606,  248,  833],
        [  682,    0,  483,  547,  307,  350,  430,  393,  408,   62,  344,  683,  894,  232,  640,  476,  122,  800,  529,  202,  843,  687,  480,  355,  325,  746,  917,    0,  740,  464,  811,  168,  512,  264,  950,  169,  363,  227,  229,  898,  325,  674,  963,  341,  178,  399,  622,  753,  718,  122,  794,  154,  745,  435,  937,  358,  283,  583,  609,  456,  571,  690,  776,  278,  792,  256,  706,  610,  437,  502,  345,  298,  329,  551,  864,  278,  221,  622,  857,  662, 1006,  411,  753,  878,  567,  653,  370,  592,  233,  698,  500,  454,  478,  558,  809,  327,  826,  364],
        [ 1048,    0,  591,  787,  896,  713,  340,  424,  875,  800,  936, 1053,  466,  795,  661,  807,  620,   93,  646,  875,  526,  821, 1055,  469,  457,  384,  703,  740,    0,  504,  660,  671, 1074,  783,  762,  572,  401,  528,  928,  682,  416, 1006,  769,  573,  682,  797,  185,  164,  234,  824,  813,  877,  810,  655,  748,  427,  533,  704,  527,  334,  816,  627,  833,  462,  540,  855,  582,  560,  339,  238,  800,  640,  621,  801,  550,  651,  656, 1128,  771,  133,  695,  431,   22,  734,  953,  637,  769,  149,  557,  511,  700,  335,  837,  986,  353,  659,  833,  947],
        [  545,    0,   91,  287,  750,  235,  219,  140,  391,  516,  487,  550,  448,  373,  224,  305,  367,  594,  154,  487,  382,  352,  582,  138,  192,  309,  460,  464,  504,    0,  358,  525,  595,  669,  499,  347,  407,  399,  547,  439,  298,  505,  512,  131,  307,  307,  321,  616,  349,  585,  402,  615,  373,  153,  485,  441,  187,  223,  147,  457,  316,  246,  403,  320,  329,  430,  248,  156,  434,  336,  328,  199,  166,  300,  403,  591,  262,  632,  426,  517,  543,  113,  505,  432,  450,  221,  286,  404,  238,  235,  198,  456,  336,  485,  388,  197,  431,  492],
        [  582,    0,  329,  380, 1105,  503,  527,  480,  597,  857,  732,  589,  290,  668,  190,  464,  722,  748,  298,  789,  176,  288,  774,  493,  544,  280,  109,  811,  660,  358,    0,  882,  772, 1026,  142,  704,  737,  753,  845,   93,  639,  531,  155,  471,  641,  523,  500,  814,  427,  932,  194,  956,  227,  395,  128,  774,  544,  276,  213,  763,  387,  123,  231,  669,  128,  710,  111,  203,  744,  607,  575,  519,  486,  389,  169,  946,  595,  751,  114,  736,  220,  452,  649,   81,  551,  167,  526,  634,  594,  160,  355,  762,  493,  602,  341,  498,  199,  728],
        [  836,    0,  569,  674,  240,  478,  416,  416,  564,  200,  511,  838,  913,  391,  731,  614,  170,  716,  626,  369,  882,  805,  648,  393,  346,  764,  984,  168,  671,  525,  882,    0,  680,  145, 1023,  179,  271,  153,  390,  962,  288,  824, 1036,  424,  305,  543,  591,  651,  704,  172,  898,  230,  855,  541, 1009,  250,  340,  688,  671,  351,  701,  768,  886,  241,  840,  422,  772,  680,  339,  447,  494,  407,  430,  680,  906,  110,  336,  788,  945,  572, 1058,  441,  688,  956,  720,  736,  510,  525,  292,  749,  613,  349,  621,  716,  814,  441,  930,  531],
        [  283,    0,  530,  393,  753,  365,  739,  651,  204,  496,  170,  279,  997,  310,  590,  316,  560, 1158,  510,  315,  899,  504,   35,  607,  628,  884,  870,  512, 1074,  595,  772,  680,    0,  758,  870,  598,  802,  690,  317,  860,  711,  313,  883,  502,  429,  288,  903, 1149,  943,  570,  637,  541,  581,  447,  864,  815,  550,  502,  666,  893,  386,  665,  599,  685,  833,  263,  714,  643,  869,  857,  275,  435,  454,  383,  909,  789,  436,  122,  746, 1048,  990,  645, 1080,  799,  234,  621,  310,  946,  543,  756,  441,  891,  285,  184,  967,  416,  661,  151],
        [  945,    0,  711,  804,  114,  606,  555,  561,  671,  263,  595,  946, 1054,  496,  872,  737,  309,  817,  765,  443, 1026,  939,  724,  537,  490,  906, 1128,  264,  783,  669, 1026,  145,  758,    0, 1168,  323,  388,  292,  446, 1107,  426,  938, 1181,  565,  431,  662,  723,  740,  838,  190, 1037,  233,  992,  678, 1154,  358,  484,  826,  815,  452,  829,  912, 1023,  381,  984,  514,  917,  824,  445,  573,  609,  542,  567,  809, 1050,  136,  467,  873, 1087,  672, 1202,  586,  802, 1099,  831,  879,  631,  643,  435,  894,  748,  450,  740,  821,  953,  574, 1069,  615],
        [  650,    0,  467,  487, 1246,  632,  664,  620,  710,  995,  849,  657,  332,  797,  317,  577,  863,  846,  430,  918,  239,  368,  877,  634,  685,  379,   60,  950,  762,  499,  142, 1023,  870, 1168,    0,  845,  874,  894,  973,   81,  778,  600,   14,  610,  778,  643,  617,  922,  529, 1071,  241, 1093,  293,  527,   16,  912,  685,  395,  354,  896,  488,  260,  282,  809,  227,  836,  253,  345,  878,  736,  698,  656,  623,  495,  218, 1087,  732,  834,  126,  851,  150,  592,  749,   75,  641,  299,  649,  754,  735,  292,  479,  895,  602,  692,  419,  633,  225,  844],
        [  703,    0,  392,  513,  408,  325,  266,  245,  442,  230,  432,  706,  748,  289,  554,  464,   49,  635,  451,  324,  709,  637,  569,  216,  174,  599,  805,  169,  572,  347,  704,  179,  598,  323,  845,    0,  213,   94,  369,  784,  157,  683,  858,  249,  173,  401,  456,  595,  557,  269,  723,  314,  682,  371,  831,  219,  162,  515,  492,  307,  541,  590,  713,  111,  664,  338,  594,  501,  285,  335,  364,  244,  261,  520,  732,  257,  186,  690,  767,  500,  882,  268,  586,  777,  586,  558,  367,  425,  115,  573,  444,  305,  476,  593,  656,  279,  755,  449],
        [  875,    0,  484,  651,  498,  491,  211,  268,  632,  420,  640,  879,  696,  494,  630,  624,  258,  447,  550,  536,  690,  750,  775,  277,  226,  553,  825,  363,  401,  407,  737,  271,  802,  388,  874,  213,    0,  137,  579,  802,  113,  848,  886,  371,  374,  577,  342,  391,  462,  429,  808,  485,  778,  497,  859,   39,  283,  620,  529,   95,  681,  642,  808,  119,  663,  547,  627,  550,   75,  188,  551,  403,  405,  661,  716,  261,  372,  888,  823,  304,  875,  296,  418,  816,  761,  624,  542,  257,  268,  583,  568,   93,  644,  776,  586,  435,  837,  656],
        [  795,    0,  458,  596,  393,  413,  264,  276,  536,  283,  522,  797,  763,  381,  617,  552,  131,  581,  521,  407,  738,  713,  660,  262,  210,  615,  851,  227,  528,  399,  753,  153,  690,  292,  894,   94,  137,    0,  446,  829,  136,  773,  906,  322,  266,  493,  439,  528,  551,  297,  791,  350,  753,  449,  880,  133,  229,  588,  540,  230,  625,  645,  784,   90,  700,  429,  642,  554,  211,  298,  457,  329,  343,  604,  763,  193,  278,  784,  825,  440,  918,  303,  544,  829,  678,  618,  458,  380,  193,  612,  522,  228,  567,  685,  662,  364,  822,  540],
        [  547,    0,  527,  504,  436,  343,  595,  531,  297,  193,  172,  546,  993,  179,  657,  415,  322,  997,  547,   60,  920,  648,  283,  485,  478,  854,  953,  229,  928,  547,  845,  390,  317,  446,  973,  369,  579,  446,    0,  937,  518,  555,  986,  418,  255,  338,  785,  963,  863,  257,  774,  225,  719,  452,  962,  579,  409,  579,  672,  674,  517,  723,  747,  477,  860,  138,  754,  662,  653,  691,  278,  348,  382,  502,  938,  497,  292,  437,  862,  867, 1059,  539,  939,  898,  447,  679,  325,  783,  374,  768,  494,  672,  401,  420,  929,  357,  805,  190],
        [  659,    0,  419,  470, 1189,  595,  592,  553,  688,  945,  824,  666,  260,  759,  282,  555,  806,  766,  390,  880,  160,  368,  863,  571,  620,  299,   23,  898,  682,  439,   93,  962,  860, 1107,   81,  784,  802,  829,  937,    0,  709,  609,   89,  557,  729,  615,  538,  842,  448, 1019,  256, 1044,  299,  486,   66,  841,  626,  368,  293,  820,  475,  215,  296,  742,  147,  802,  193,  288,  803,  659,  667,  608,  575,  479,  141, 1021,  684,  835,  147,  771,  130,  526,  669,   82,  636,  259,  618,  675,  677,  220,  447,  820,  583,  688,  340,  589,  250,  820],
        [  767,    0,  373,  539,  528,  384,  130,  161,  532,  386,  554,  771,  630,  408,  522,  515,  205,  480,  439,  468,  609,  638,  686,  166,  113,  482,  731,  325,  416,  298,  639,  288,  711,  426,  778,  157,  113,  136,  518,  709,    0,  738,  790,  260,  287,  471,  307,  448,  416,  417,  699,  467,  668,  386,  763,  145,  174,  509,  428,  188,  570,  539,  698,   50,  575,  465,  528,  446,  163,  178,  451,  297,  296,  549,  634,  319,  276,  790,  720,  350,  791,  190,  429,  717,  654,  517,  437,  268,  169,  490,  456,  186,  536,  672,  527,  328,  729,  569],
        [   51,    0,  416,  219,  965,  361,  709,  617,  270,  684,  386,   59,  799,  443,  385,  224,  665, 1097,  362,  524,  688,  243,  334,  586,  629,  720,  613,  674, 1006,  505,  531,  824,  313,  938,  600,  683,  848,  773,  555,  609,  738,    0,  611,  480,  521,  283,  822, 1119,  822,  769,  360,  759,  310,  363,  597,  872,  565,  313,  504,  923,  191,  453,  319,  732,  624,  437,  509,  472,  898,  832,  331,  447,  443,  206,  691,  926,  498,  241,  475, 1019,  736,  599, 1005,  536,  109,  417,  317,  907,  586,  571,  307,  921,  207,  140,  803,  414,  377,  369],
        [  661,    0,  481,  501, 1259,  646,  675,  632,  724, 1008,  863,  668,  335,  811,  331,  590,  876,  852,  443,  931,  244,  380,  889,  646,  698,  387,   67,  963,  769,  512,  155, 1036,  883, 1181,   14,  858,  886,  906,  986,   89,  790,  611,    0,  624,  791,  656,  626,  929,  536, 1085,  252, 1107,  305,  541,   27,  924,  698,  409,  367,  906,  501,  273,  293,  821,  236,  850,  265,  358,  889,  746,  712,  669,  636,  508,  223, 1099,  746,  846,  138,  859,  144,  605,  756,   89,  653,  313,  663,  763,  748,  303,  492,  906,  615,  705,  424,  646,  236,  857],
        [  511,    0,  146,  281,  637,  141,  242,  152,  303,  389,  374,  515,  577,  249,  308,  258,  257,  658,  202,  359,  512,  392,  484,  111,  150,  437,  577,  341,  573,  131,  471,  424,  502,  565,  610,  249,  371,  322,  418,  557,  260,  480,  624,    0,  177,  228,  402,  659,  457,  462,  475,  489,  434,  129,  597,  399,   94,  268,  270,  444,  311,  351,  465,  261,  456,  307,  365,  270,  419,  365,  228,   74,   48,  291,  532,  505,  132,  559,  523,  557,  668,  144,  579,  539,  402,  316,  197,  450,  134,  362,  202,  442,  282,  425,  512,   86,  507,  382],
        [  537,    0,  312,  374,  484,  176,  344,  277,  271,  218,  268,  539,  752,  122,  465,  309,  146,  756,  353,  198,  688,  511,  402,  231,  226,  608,  748,  178,  682,  307,  641,  305,  429,  431,  778,  173,  374,  266,  255,  729,  287,  521,  791,  177,    0,  239,  532,  733,  609,  297,  617,  316,  568,  258,  765,  387,  155,  406,  446,  465,  399,  519,  599,  257,  633,  178,  539,  443,  441,  449,  194,  123,  156,  378,  708,  406,   46,  519,  681,  634,  843,  285,  691,  705,  420,  479,  206,  541,  125,  539,  323,  463,  317,  422,  680,  150,  649,  284],
        [  303,    0,  244,  167,  701,   89,  469,  378,   85,  419,  209,  305,  719,  179,  334,   80,  382,  883,  235,  289,  627,  311,  277,  338,  371,  599,  629,  399,  797,  307,  523,  543,  288,  662,  643,  401,  577,  493,  338,  615,  471,  283,  656,  228,  239,    0,  620,  886,  656,  505,  437,  506,  382,  160,  633,  598,  298,  249,  386,  658,  182,  405,  409,  459,  562,  201,  446,  365,  633,  592,   61,  175,  182,  165,  640,  644,  216,  332,  527,  784,  742,  367,  801,  568,  186,  360,   35,  677,  310,  479,  170,  656,   79,  201,  682,  146,  468,  207],
        [  864,    0,  407,  603,  830,  539,  194,  259,  701,  683,  773,  870,  370,  637,  480,  626,  501,  277,  461,  729,  395,  638,  885,  306,  308,  246,  560,  622,  185,  321,  500,  591,  903,  723,  617,  456,  342,  439,  785,  538,  307,  822,  626,  402,  532,  620,    0,  320,  122,  722,  638,  770,  631,  474,  602,  378,  378,  520,  347,  317,  632,  452,  655,  356,  391,  698,  412,  379,  308,  156,  629,  473,  450,  616,  421,  601,  501,  950,  608,  236,  578,  260,  184,  578,  771,  458,  594,  139,  412,  344,  516,  318,  656,  806,  254,  487,  660,  783],
        [ 1157,    0,  706,  902,  854,  798,  417,  509,  958,  811,  999, 1162,  629,  853,  797,  909,  643,  109,  766,  915,  688,  952, 1127,  549,  522,  543,  863,  753,  164,  616,  814,  651, 1149,  740,  922,  595,  391,  528,  963,  842,  448, 1119,  929,  659,  733,  886,  320,    0,  394,  817,  957,  873,  949,  759,  907,  404,  600,  829,  665,  301,  932,  771,  974,  486,  698,  911,  730,  697,  318,  294,  879,  718,  705,  914,  712,  605,  717, 1216,  924,  102,  858,  524,  181,  890, 1055,  776,  855,  212,  611,  661,  813,  304,  936, 1083,  516,  742,  979, 1012],
        [  868,    0,  421,  607,  943,  582,  292,  333,  740,  779,  829,  874,  253,  703,  452,  647,  599,  322,  463,  805,  295,  614,  930,  379,  395,  150,  470,  718,  234,  349,  427,  704,  943,  838,  529,  557,  462,  551,  863,  448,  416,  822,  536,  457,  609,  656,  122,  394,    0,  825,  589,  870,  593,  499,  514,  498,  455,  510,  321,  439,  633,  407,  613,  464,  306,  762,  357,  354,  430,  278,  675,  530,  502,  621,  319,  720,  572,  976,  540,  329,  471,  325,  223,  500,  786,  425,  635,  251,  496,  285,  526,  439,  678,  826,  135,  537,  606,  836],
        [  772,    0,  605,  660,  196,  465,  534,  507,  500,   87,  410,  772, 1010,  329,  761,  584,  229,  876,  649,  258,  962,  802,  536,  471,  437,  861, 1039,  122,  824,  585,  932,  172,  570,  190, 1071,  269,  429,  297,  257, 1019,  417,  769, 1085,  462,  297,  505,  722,  817,  825,    0,  912,   58,  863,  554, 1058,  414,  402,  702,  730,  516,  682,  812,  893,  368,  912,  336,  827,  731,  501,  591,  447,  419,  450,  663,  984,  262,  341,  687,  978,  733, 1127,  527,  839,  999,  661,  774,  479,  676,  351,  819,  618,  514,  582,  645,  922,  446,  944,  431],
        [  410,    0,  333,  272, 1099,  450,  612,  540,  493,  830,  635,  417,  483,  608,  178,  362,  729,  904,  273,  724,  369,  134,  646,  536,  590,  452,  257,  794,  813,  402,  194,  898,  637, 1037,  241,  723,  808,  791,  774,  256,  699,  360,  252,  475,  617,  437,  638,  957,  589,  912,    0,  925,   57,  361,  238,  843,  564,  212,  297,  854,  264,  187,   42,  718,  314,  637,  232,  268,  832,  714,  497,  498,  470,  276,  363,  978,  575,  594,  116,  869,  379,  513,  805,  179,  404,  188,  452,  760,  608,  305,  294,  853,  382,  456,  523,  468,   33,  626],
        [  758,    0,  627,  666,  213,  475,  579,  547,  491,  100,  388,  758, 1048,  327,  780,  585,  272,  930,  667,  238,  995,  810,  507,  508,  478,  899, 1063,  154,  877,  615,  956,  230,  541,  233, 1093,  314,  485,  350,  225, 1044,  467,  759, 1107,  489,  316,  506,  770,  873,  870,   58,  925,    0,  873,  571, 1081,  470,  436,  716,  758,  573,  686,  834,  903,  418,  943,  323,  853,  757,  557,  642,  446,  438,  471,  667, 1016,  317,  362,  660,  995,  788, 1156,  565,  892, 1020,  651,  795,  482,  729,  386,  849,  631,  570,  580,  631,  963,  463,  957,  408],
        [  361,    0,  297,  216, 1051,  399,  588,  512,  436,  779,  578,  368,  510,  554,  155,  306,  685,  902,  233,  669,  396,   77,  589,  503,  557,  463,  303,  745,  810,  373,  227,  855,  581,  992,  293,  682,  778,  753,  719,  299,  668,  310,  305,  434,  568,  382,  631,  949,  593,  863,   57,  873,    0,  315,  289,  812,  525,  167,  285,  829,  207,  186,   32,  683,  336,  582,  239,  254,  806,  696,  442,  451,  425,  219,  394,  938,  527,  541,  167,  858,  426,  485,  804,  226,  349,  174,  398,  748,  567,  311,  246,  827,  326,  401,  539,  420,   86,  569],
        [  399,    0,   85,  154,  739,  110,  347,  255,  245,  473,  357,  404,  562,  274,  211,  153,  371,  744,   98,  395,  476,  266,  437,  226,  273,  439,  503,  435,  655,  153,  395,  541,  447,  678,  527,  371,  497,  449,  452,  486,  386,  363,  541,  129,  258,  160,  474,  759,  499,  554,  361,  571,  315,    0,  515,  526,  222,  149,  230,  566,  185,  272,  346,  389,  414,  320,  303,  214,  541,  470,  195,  137,  111,  165,  492,  628,  215,  479,  425,  658,  607,  236,  657,  453,  299,  229,  147,  547,  258,  326,   74,  564,  183,  333,  522,  109,  393,  359],
        [  647,    0,  454,  479, 1232,  621,  649,  605,  702,  982,  840,  654,  320,  786,  306,  568,  850,  832,  418,  907,  225,  362,  870,  620,  671,  365,   46,  937,  748,  485,  128, 1009,  864, 1154,   16,  831,  859,  880,  962,   66,  763,  597,   27,  597,  765,  633,  602,  907,  514, 1058,  238, 1081,  289,  515,    0,  897,  671,  385,  340,  881,  480,  247,  279,  795,  212,  826,  238,  331,  863,  721,  688,  643,  610,  487,  205, 1072,  720,  829,  122,  836,  147,  578,  735,   66,  635,  287,  639,  739,  721,  277,  468,  880,  594,  687,  405,  621,  224,  835],
        [  898,    0,  517,  679,  470,  513,  249,  303,  650,  412,  650,  902,  734,  506,  665,  649,  262,  467,  583,  539,  729,  782,  787,  310,  257,  592,  863,  358,  427,  441,  774,  250,  815,  358,  912,  219,   39,  133,  579,  841,  145,  872,  924,  399,  387,  598,  378,  404,  498,  414,  843,  470,  812,  526,  897,    0,  309,  653,  566,  103,  710,  679,  842,  141,  701,  557,  665,  587,   90,  223,  570,  426,  431,  689,  754,  228,  389,  904,  860,  323,  914,  331,  445,  854,  784,  660,  563,  286,  289,  622,  598,  101,  667,  796,  623,  459,  872,  667],
        [  593,    0,  232,  372,  563,  210,  194,  122,  362,  338,  404,  597,  613,  262,  393,  342,  180,  612,  292,  352,  561,  485,  528,   77,   78,  465,  647,  283,  533,  187,  544,  340,  550,  484,  685,  162,  283,  229,  409,  626,  174,  565,  698,   94,  155,  298,  378,  600,  455,  402,  564,  436,  525,  222,  671,  309,    0,  359,  334,  361,  402,  428,  556,  169,  512,  323,  434,  341,  336,  308,  282,  123,  123,  382,  583,  415,  124,  621,  605,  498,  728,  133,  542,  616,  480,  397,  264,  398,   51,  419,  295,  359,  362,  498,  533,  154,  595,  416],
        [  360,    0,  137,  112,  888,  243,  441,  358,  321,  620,  457,  367,  502,  406,   89,  190,  519,  797,   71,  525,  399,  131,  501,  344,  396,  410,  381,  583,  704,  223,  276,  688,  502,  826,  395,  515,  620,  588,  579,  368,  509,  313,  409,  268,  406,  249,  520,  829,  510,  702,  212,  716,  167,  149,  385,  653,  359,    0,  192,  678,  130,  164,  198,  521,  333,  442,  213,  160,  654,  557,  303,  286,  259,  124,  408,  772,  363,  497,  284,  733,  496,  333,  702,  320,  296,  120,  255,  620,  401,  265,   86,  676,  219,  344,  494,  257,  244,  453],
        [  551,    0,  148,  296,  897,  337,  324,  268,  469,  659,  587,  558,  334,  494,  135,  353,  514,  620,  158,  613,  249,  295,  660,  280,  331,  222,  314,  609,  527,  147,  213,  671,  666,  815,  354,  492,  529,  540,  672,  293,  428,  504,  367,  270,  446,  386,  347,  665,  321,  730,  297,  758,  285,  230,  340,  566,  334,  192,    0,  565,  319,  116,  310,  456,  189,  545,  102,   34,  544,  419,  424,  329,  294,  309,  266,  733,  400,  679,  294,  574,  398,  240,  522,  290,  480,  112,  376,  464,  385,   97,  226,  564,  385,  525,  306,  316,  322,  588],
        [  953,    0,  541,  719,  565,  571,  243,  320,  718,  512,  732,  957,  685,  586,  677,  701,  353,  367,  608,  631,  695,  808,  867,  341,  294,  551,  843,  456,  334,  457,  763,  351,  893,  452,  896,  307,   95,  230,  674,  820,  188,  923,  906,  444,  465,  658,  317,  301,  439,  516,  854,  573,  829,  566,  881,  103,  361,  678,  565,    0,  750,  679,  858,  208,  676,  640,  657,  589,   26,  166,  637,  484,  482,  730,  721,  318,  460,  976,  857,  222,  881,  346,  353,  843,  841,  667,  624,  203,  354,  605,  634,    3,  722,  859,  570,  515,  882,  748],
        [  235,    0,  227,   32,  876,  223,  527,  436,  230,  596,  371,  241,  630,  360,  213,  103,  533,  908,  172,  470,  525,  133,  390,  410,  458,  538,  485,  571,  816,  316,  387,  701,  386,  829,  488,  541,  681,  625,  517,  475,  570,  191,  501,  311,  399,  182,  632,  932,  633,  682,  264,  686,  207,  185,  480,  710,  402,  130,  319,  750,    0,  287,  232,  571,  459,  381,  340,  288,  726,  649,  243,  298,  283,   22,  531,  795,  365,  370,  365,  833,  605,  416,  815,  415,  168,  245,  204,  720,  433,  394,  120,  749,  119,  217,  622,  263,  293,  363],
        [  503,    0,  208,  274,  987,  380,  438,  378,  482,  735,  614,  510,  347,  545,   76,  352,  605,  719,  176,  666,  239,  218,  664,  384,  437,  279,  232,  690,  627,  246,  123,  768,  665,  912,  260,  590,  642,  645,  723,  215,  539,  453,  273,  351,  519,  405,  452,  771,  407,  812,  187,  834,  186,  272,  247,  679,  428,  164,  116,  679,  287,    0,  207,  564,  173,  589,   57,   93,  659,  533,  455,  397,  364,  285,  245,  837,  473,  656,  182,  684,  338,  350,  620,  189,  454,   46,  405,  575,  478,  126,  236,  679,  382,  504,  358,  375,  209,  611],
        [  368,    0,  328,  243, 1082,  429,  617,  542,  461,  809,  603,  376,  518,  583,  183,  333,  717,  925,  264,  697,  404,  100,  609,  534,  588,  480,  298,  776,  833,  403,  231,  886,  599, 1023,  282,  713,  808,  784,  747,  296,  698,  319,  293,  465,  599,  409,  655,  974,  613,  893,   42,  903,   32,  346,  279,  842,  556,  198,  310,  858,  232,  207,    0,  714,  347,  609,  257,  279,  835,  723,  469,  482,  456,  245,  400,  969,  558,  554,  157,  884,  420,  515,  826,  220,  366,  199,  426,  774,  598,  330,  276,  857,  351,  417,  554,  451,   63,  594],
