{
    "name": "random-51-19660",
    "comment": "size=51 seed=19660",
    "nodes": ["+0", "-0", "+1", "-1", "+2", "-2", "+3", "-3", "+4", "-4", "+5", "-5", "+6", "-6", "+7", "-7", "+8", "-8", "+9", "-9", "+10", "-10", "+11", "-11", "+12", "-12", "+13", "-13", "+14", "-14", "+15", "-15", "+16", "-16", "+17", "-17", "+18", "-18", "+19", "-19", "+20", "-20", "+21", "-21", "+22", "-22", "+23", "-23", "+24", "-24", "+25", "-25", "+26", "-26", "+27", "-27", "+28", "-28", "+29", "-29", "+30", "-30", "+31", "-31", "+32", "-32", "+33", "-33", "+34", "-34", "+35", "-35", "+36", "-36", "+37", "-37", "+38", "-38", "+39", "-39", "+40", "-40", "+41", "-41", "+42", "-42", "+43", "-43", "+44", "-44", "+45", "-45", "+46", "-46", "+47", "-47", "+48", "-48", "+49", "-49", "+50", "-50", "+51", "-51"],
    "precedence": {
        "+0": "-0",
        "+1": "-1",
        "+2": "-2",
        "+3": "-3",
        "+4": "-4",
        "+5": "-5",
        "+6": "-6",
        "+7": "-7",
        "+8": "-8",
        "+9": "-9",
        "+10": "-10",
        "+11": "-11",
        "+12": "-12",
        "+13": "-13",
        "+14": "-14",
        "+15": "-15",
        "+16": "-16",
        "+17": "-17",
        "+18": "-18",
        "+19": "-19",
        "+20": "-20",
        "+21": "-21",
        "+22": "-22",
        "+23": "-23",
        "+24": "-24",
        "+25": "-25",
        "+26": "-26",
        "+27": "-27",
        "+28": "-28",
        "+29": "-29",
        "+30": "-30",
        "+31": "-31",
        "+32": "-32",
        "+33": "-33",
        "+34": "-34",
        "+35": "-35",
        "+36": "-36",
        "+37": "-37",
        "+38": "-38",
        "+39": "-39",
        "+40": "-40",
        "+41": "-41",
        "+42": "-42",
        "+43": "-43",
        "+44": "-44",
        "+45": "-45",
        "+46": "-46",
        "+47": "-47",
        "+48": "-48",
        "+49": "-49",
        "+50": "-50",
        "+51": "-51"
    },
    "edges": [
        [    0,    0,  807,  586,  671,  191,  360,  605,  402,  660,  602,  578,  338,  454,  227,  443,  683,  548,  644,   94,  266,  521,  303,  595,  242,  624,  618,  760,  635,  158,  417,  737,  787,  491,  319,  380,  273,  645,  138,  589,  635,  439,  234,  576,  143,  843,  930,  137,  480,  503,  232,  614,  445,  240,  630,  441,  704,  272,  409,  323,  167,  288,  961,  358,  420,  344,  678,  252,  425,  783,  665,  406,  235,   57,   59,  419,  787,  555,  575,  332,  379,  582,  145,  439,  605,  105,  474,  628,  543,  630,  117,  353,  547,  684,  314,   45,  475,  117,  261,  693,  695,  506,  494,  485],
        [    0,    0,    0,    0,    0,    0,    0,    0,    0,    0,    0,    0,    0,    0,    0,    0,    0,    0,    0,    0,    0,    0,    0,    0,    0,    0,    0,    0,    0,    0,    0,    0,    0,    0,    0,    0,    0,    0,    0,    0,    0,    0,    0,    0,    0,    0,    0,    0,    0,    0,    0,    0,    0,    0,    0,    0,    0,    0,    0,    0,    0,    0,    0,    0,    0,    0,    0,    0,    0,    0,    0,    0,    0,    0,    0,    0,    0,    0,    0,    0,    0,    0,    0,    0,    0,    0,    0,    0,    0,    0,    0,    0,    0,    0,    0,    0,    0,    0,    0,    0,    0,    0,    0,    0],
        [  807,    0,    0,  233,  166,  707,  473,  308,  429,  842,  445,  247,  712,  479,  684,  371,  274,  755,  281,  892,  809,  359,  724,  561,  897,  488,  197,   64,  815,  958,  549,  170,  692,  614,  980,  534,  980,  359,  941,  218,  500,  862,  609,  504,  871,  159,  136,  670,  391,  766,  630,  781,  542,  766,  800,  948,  341,  634,  446, 1119,  964,  537,  168,  512,  498,  852,  137,  727,  498,  777,  432,  413,  777,  768,  797,  513,   74,  692,  776,  543, 1104,  399,  775,  666,  775,  827,  400,  196,  329,  853,  859,  567,  262,  319,  888,  808,  467,  911,  970,  345,  305,  450,  425,  417],
        [  586,    0,  233,    0,   87,  513,  241,  260,  197,  763,  277,  139,  555,  354,  452,  144,  173,  655,  265,  667,  578,  250,  494,  500,  665,  327,   36,  178,  733,  733,  414,  251,  683,  508,  794,  306,  785,  218,  722,   71,  463,  719,  412,  439,  665,  329,  345,  450,  167,  651,  398,  698,  326,  534,  612,  794,  363,  402,  283,  905,  748,  339,  399,  343,  273,  624,  139,  548,  361,  749,  418,  226,  545,  543,  571,  375,  202,  497,  579,  311,  909,  221,  574,  541,  690,  598,  175,   42,  117,  764,  630,  337,   95,  331,  713,  583,  351,  696,  774,  238,  327,  349,  211,  298],
        [  671,    0,  166,   87,    0,  598,  321,  299,  277,  825,  290,  188,  634,  423,  528,  228,  138,  722,  293,  751,  649,  310,  562,  553,  740,  337,   63,  104,  795,  817,  487,  240,  723,  575,  879,  371,  871,  211,  808,  122,  508,  796,  497,  492,  751,  293,  264,  535,  228,  721,  477,  760,  377,  607,  642,  874,  384,  475,  361,  990,  833,  424,  333,  423,  334,  689,  128,  632,  433,  796,  454,  309,  618,  627,  654,  448,  120,  531,  615,  385,  995,  239,  660,  613,  753,  680,  236,   45,  164,  828,  711,  404,  163,  353,  797,  666,  418,  781,  859,  213,  345,  411,  260,  364],
        [  191,    0,  707,  513,  598,    0,  340,  457,  370,  480,  617,  463,  153,  285,  326,  382,  648,  364,  498,  279,  421,  376,  423,  407,  424,  651,  538,  671,  454,  334,  235,  605,  596,  301,  283,  414,  275,  633,  278,  494,  452,  289,  101,  393,  172,  712,  838,  157,  460,  322,  293,  430,  490,  381,  741,  325,  542,  346,  268,  430,  286,  174,  846,  205,  441,  503,  571,   73,  256,  594,  490,  295,  382,  206,  234,  246,  703,  646,  686,  359,  399,  581,   74,  249,  420,  287,  456,  553,  508,  455,  306,  400,  448,  526,  215,  228,  306,  240,  264,  678,  540,  337,  493,  329],
        [  360,    0,  473,  241,  321,  340,    0,  375,   45,  726,  278,  290,  439,  338,  213,  107,  325,  605,  403,  433,  345,  309,  271,  521,  426,  316,  276,  419,  696,  498,  363,  451,  730,  474,  615,  115,  592,  296,  497,  268,  517,  605,  250,  470,  462,  548,  584,  230,  124,  582,  157,  663,  182,  298,  485,  659,  494,  167,  244,  682,  526,  195,  637,  261,  118,  401,  361,  398,  324,  771,  505,  181,  309,  311,  336,  332,  440,  371,  438,   85,  713,  241,  384,  473,  654,  359,  118,  281,  184,  714,  390,  129,  238,  464,  555,  349,  350,  475,  580,  343,  469,  368,  154,  317],
        [  605,    0,  308,  260,  299,  457,  375,    0,  348,  539,  529,  121,  423,  186,  565,  282,  426,  448,   41,  698,  702,   84,  640,  259,  764,  580,  251,  304,  510,  762,  255,  159,  425,  307,  706,  482,  718,  477,  724,  191,  209,  561,  375,  200,  629,  261,  440,  479,  381,  459,  503,  476,  531,  653,  838,  651,  120,  532,  196,  886,  739,  318,  408,  254,  466,  768,  189,  458,  211,  497,  159,  214,  662,  582,  615,  225,  343,  720,  797,  459,  838,  473,  530,  363,  470,  658,  386,  272,  361,  547,  688,  503,  174,   90,  607,  620,  169,  689,  709,  496,   97,  146,  436,  130],
        [  402,    0,  429,  197,  277,  370,   45,  348,    0,  733,  256,  255,  458,  333,  256,   70,  285,  613,  374,  477,  385,  289,  307,  514,  469,  298,  232,  374,  702,  542,  366,  414,  721,  477,  649,  135,  629,  264,  539,  227,  504,  626,  276,  460,  500,  508,  540,  271,   90,  593,  201,  669,  189,  340,  498,  684,  468,  208,  239,  724,  568,  214,  594,  267,  123,  438,  320,  424,  323,  767,  486,  170,  350,  354,  380,  333,  396,  381,  453,  120,  751,  214,  419,  483,  659,  404,   87,  237,  143,  723,  435,  157,  201,  437,  584,  393,  343,  516,  617,  309,  440,  358,  131,  304],
        [  660,    0,  842,  763,  825,  480,  726,  539,  733,    0,  982,  638,  328,  414,  795,  700,  935,  123,  562,  731,  900,  516,  893,  282,  899, 1028,  767,  843,   32,  768,  368,  678,  257,  259,  487,  832,  542,  961,  691,  705,  347,  250,  509,  340,  564,  752,  970,  628,  810,  159,  749,   66,  906,  859, 1194,  320,  517,  801,  500,  755,  678,  537,  908,  467,  843,  982,  727,  411,  415,  184,  420,  571,  860,  685,  709,  403,  881, 1087, 1141,  783,  606,  932,  515,  255,   74,  762,  811,  789,  827,   40,  776,  831,  669,  530,  399,  701,  413,  655,  542,  993,  546,  415,  861,  466],
        [  602,    0,  445,  277,  290,  617,  278,  529,  256,  982,    0,  410,  714,  573,  392,  284,  177,  865,  540,  655,  469,  499,  375,  745,  572,   51,  300,  383,  951,  713,  616,  522,  943,  724,  886,  222,  857,   91,  733,  346,  721,  881,  528,  686,  724,  582,  500,  491,  173,  848,  371,  918,  168,  442,  356,  937,  638,  337,  483,  916,  766,  469,  603,  520,  184,  479,  407,  675,  569,  999,  685,  412,  453,  547,  563,  580,  380,  251,  335,  271,  974,   57,  655,  736,  909,  565,  173,  285,  170,  975,  592,  252,  355,  606,  831,  579,  579,  719,  845,  127,  603,  587,  126,  532],
        [  578,    0,  247,  139,  188,  463,  290,  121,  255,  638,  410,    0,  468,  242,  496,  185,  308,  537,  131,  668,  631,  125,  560,  367,  705,  461,  133,  221,  608,  734,  310,  165,  545,  390,  734,  387,  735,  356,  708,   71,  325,  623,  367,  305,  629,  268,  381,  444,  270,  539,  436,  574,  427,  583,  729,  706,  229,  455,  200,  882,  728,  298,  386,  266,  364,  690,  110,  481,  257,  613,  279,  174,  593,  546,  577,  272,  258,  611,  690,  373,  859,  354,  532,  433,  566,  614,  276,  155,  242,  642,  645,  411,   59,  197,  642,  585,  234,  677,  725,  376,  196,  225,  324,  181],
        [  338,    0,  712,  555,  634,  153,  439,  423,  458,  328,  714,  468,    0,  238,  471,  448,  711,  212,  462,  418,  573,  355,  569,  292,  575,  754,  572,  688,  302,  464,  169,  582,  459,  177,  289,  532,  314,  714,  396,  518,  352,  169,  195,  298,  271,  683,  847,  302,  545,  170,  430,  278,  608,  531,  879,  240,  479,  483,  274,  512,  394,  245,  830,  213,  552,  654,  577,   87,  216,  447,  406,  330,  533,  358,  384,  201,  724,  778,  825,  479,  425,  670,  197,  110,  269,  437,  543,  591,  581,  304,  454,  524,  473,  471,  185,  377,  255,  358,  307,  755,  487,  281,  588,  298],
        [  454,    0,  479,  354,  423,  285,  338,  186,  333,  414,  573,  242,  238,    0,  475,  290,  524,  302,  225,  548,  607,  121,  565,  184,  648,  621,  363,  462,  383,  609,   70,  345,  395,  156,  521,  451,  535,  548,  561,  302,  193,  383,  221,  138,  455,  447,  614,  347,  403,  299,  416,  348,  518,  558,  822,  470,  258,  459,   95,  712,  571,  190,  593,  102,  452,  682,  346,  275,   30,  434,  212,  164,  564,  444,  477,   40,  499,  708,  774,  410,  654,  521,  358,  191,  340,  526,  404,  384,  414,  411,  553,  460,  262,  244,  421,  478,   22,  524,  526,  580,  258,   53,  456,   63],
        [  227,    0,  684,  452,  528,  326,  213,  565,  256,  795,  392,  496,  471,  475,    0,  319,  503,  674,  599,  265,  138,  489,   98,  651,  214,  407,  487,  628,  767,  321,  470,  660,  861,  574,  540,  175,  498,  449,  346,  480,  668,  614,  289,  613,  365,  759,  791,  171,  307,  638,   63,  739,  227,   89,  418,  639,  682,   56,  394,  526,  382,  287,  849,  376,  218,  207,  573,  398,  452,  882,  674,  353,   98,  170,  178,  453,  647,  332,  362,  144,  604,  383,  328,  546,  729,  174,  299,  490,  374,  774,  202,  142,  448,  654,  515,  195,  493,  338,  486,  497,  661,  519,  301,  478],
        [  443,    0,  371,  144,  228,  382,  107,  282,   70,  700,  284,  185,  448,  290,  319,    0,  268,  583,  306,  524,  452,  229,  376,  465,  532,  331,  176,  320,  669,  591,  334,  345,  669,  441,  664,  203,  650,  268,  580,  161,  449,  616,  282,  409,  527,  441,  488,  308,  113,  569,  262,  635,  250,  405,  558,  682,  401,  274,  200,  762,  606,  212,  533,  242,  185,  506,  254,  426,  286,  720,  425,  129,  416,  400,  429,  297,  345,  441,  516,  189,  774,  233,  439,  457,  626,  457,  115,  185,  134,  693,  488,  226,  132,  370,  590,  440,  297,  554,  639,  308,  372,  307,  168,  252],
        [  683,    0,  274,  173,  138,  648,  325,  426,  285,  935,  177,  308,  711,  524,  503,  268,    0,  825,  425,  752,  607,  422,  514,  672,  706,  216,  176,  213,  904,  815,  580,  377,  851,  678,  930,  331,  912,   87,  820,  237,  633,  878,  549,  611,  784,  420,  325,  555,  204,  818,  464,  870,  309,  571,  531,  948,  519,  448,  447, 1005,  850,  479,  428,  501,  288,  632,  265,  693,  528,  920,  584,  383,  583,  633,  656,  541,  205,  427,  511,  362, 1035,  141,  701,  707,  861,  671,  211,  155,  142,  934,  700,  365,  267,  488,  857,  670,  522,  799,  900,   76,  481,  521,  204,  469],
        [  548,    0,  755,  655,  722,  364,  605,  448,  613,  123,  865,  537,  212,  302,  674,  583,  825,    0,  476,  625,  782,  413,  772,  208,  786,  910,  663,  749,   93,  667,  250,  597,  281,  148,  418,  710,  465,  847,  593,  601,  281,  185,  388,  256,  465,  682,  887,  508,  692,   52,  628,   67,  784,  740, 1072,  276,  449,  679,  385,  678,  584,  415,  837,  347,  722,  864,  632,  298,  300,  245,  354,  454,  742,  569,  596,  287,  787,  965, 1019,  661,  548,  815,  405,  133,   57,  649,  692,  684,  712,  111,  665,  709,  562,  456,  318,  588,  305,  555,  463,  881,  473,  313,  743,  359],
        [  644,    0,  281,  265,  293,  498,  403,   41,  374,  562,  540,  131,  462,  225,  599,  306,  425,  476,    0,  737,  736,  124,  671,  281,  800,  590,  250,  285,  534,  802,  294,  124,  431,  339,  746,  508,  758,  481,  765,  195,  223,  597,  415,  224,  669,  222,  411,  518,  399,  490,  537,  501,  553,  687,  857,  687,   99,  564,  236,  927,  779,  357,  371,  294,  489,  799,  173,  498,  251,  508,  162,  249,  696,  620,  653,  264,  322,  740,  818,  488,  878,  483,  571,  398,  495,  696,  404,  271,  372,  573,  726,  530,  188,   67,  646,  659,  208,  729,  749,  497,   67,  183,  453,  170],
        [   94,    0,  892,  667,  751,  279,  433,  698,  477,  731,  655,  668,  418,  548,  265,  524,  752,  625,  737,    0,  254,  614,  317,  685,  194,  671,  700,  843,  709,   67,  509,  828,  873,  579,  337,  435,  279,  707,   89,  675,  727,  498,  328,  668,  177,  934, 1012,  224,  549,  577,  290,  690,  491,  245,  632,  484,  798,  318,  502,  262,  126,  381, 1049,  452,  476,  321,  765,  332,  519,  864,  758,  497,  237,  125,   97,  512,  869,  573,  578,  393,  361,  641,  221,  523,  681,   94,  542,  709,  614,  700,   77,  404,  634,  777,  360,   85,  569,   99,  269,  755,  789,  600,  556,  579],
        [  266,    0,  809,  578,  649,  421,  345,  702,  385,  900,  469,  631,  573,  607,  138,  452,  607,  782,  736,  254,    0,  626,   95,  779,  105,  470,  613,  751,  874,  288,  596,  795,  986,  694,  580,  280,  527,  541,  342,  611,  800,  698,  407,  743,  406,  892,  909,  277,  422,  742,  200,  848,  304,   50,  379,  706,  819,  178,  529,  499,  379,  417,  976,  506,  321,   82,  704,  492,  582, 1001,  809,  490,   43,  224,  208,  582,  768,  329,  326,  267,  615,  474,  401,  658,  838,  169,  414,  614,  489,  875,  178,  246,  582,  791,  580,  223,  625,  350,  517,  587,  798,  652,  404,  613],
        [  521,    0,  359,  250,  310,  376,  309,   84,  289,  516,  499,  125,  355,  121,  489,  229,  422,  413,  124,  614,  626,    0,  568,  251,  684,  548,  252,  342,  485,  679,  190,  232,  444,  266,  632,  421,  641,  459,  641,  190,  223,  504,  291,  191,  547,  337,  494,  396,  337,  415,  427,  451,  477,  576,  785,  590,  194,  459,  113,  804,  656,  234,  478,  172,  410,  693,  226,  381,  140,  504,  198,  136,  584,  498,  532,  155,  379,  668,  741,  392,  762,  443,  449,  310,  443,  576,  341,  274,  331,  519,  605,  438,  156,  168,  535,  537,  111,  606,  631,  486,  177,  101,  393,   58],
        [  303,    0,  724,  494,  562,  423,  271,  640,  307,  893,  375,  560,  569,  565,   98,  376,  514,  772,  671,  317,   95,  568,    0,  744,  198,  378,  530,  665,  865,  362,  565,  720,  954,  669,  621,  191,  574,  447,  404,  533,  757,  709,  386,  703,  445,  815,  820,  267,  334,  736,  151,  837,  210,   74,  328,  730,  759,  109,  480,  573,  441,  380,  891,  468,  230,  131,  625,  495,  543,  978,  758,  432,   85,  250,  247,  546,  679,  257,  273,  188,  673,  380,  419,  643,  827,  224,  326,  529,  400,  871,  243,  158,  507,  730,  605,  264,  582,  404,  563,  493,  735,  607,  312,  562],
        [  595,    0,  561,  500,  553,  407,  521,  259,  514,  282,  745,  367,  292,  184,  651,  465,  672,  208,  281,  685,  779,  251,  744,    0,  810,  793,  499,  563,  254,  740,  184,  397,  212,  116,  569,  634,  602,  709,  679,  436,   74,  366,  376,   62,  558,  476,  689,  509,  577,  236,  594,  222,  701,  731, 1005,  462,  242,  639,  277,  803,  681,  365,  632,  276,  634,  856,  448,  366,  202,  255,  146,  344,  736,  596,  628,  199,  601,  891,  957,  594,  706,  690,  472,  188,  217,  680,  580,  521,  579,  295,  703,  643,  406,  251,  463,  626,  172,  640,  596,  736,  268,  159,  632,  214],
        [  242,    0,  897,  665,  740,  424,  426,  764,  469,  899,  572,  705,  575,  648,  214,  532,  706,  786,  800,  194,  105,  684,  198,  810,    0,  575,  700,  841,  875,  207,  626,  869, 1011,  715,  530,  376,  472,  643,  275,  692,  839,  679,  434,  781,  366,  970, 1002,  303,  516,  742,  271,  852,  406,  135,  464,  674,  877,  265,  580,  411,  311,  460, 1062,  547,  419,  140,  785,  489,  621, 1016,  856,  551,  123,  218,  191,  619,  859,  428,  414,  356,  545,  576,  386,  670,  843,  138,  507,  703,  583,  871,  127,  342,  659,  851,  548,  199,  668,  292,  462,  690,  860,  697,  503,  663],
        [  624,    0,  488,  327,  337,  651,  316,  580,  298, 1028,   51,  461,  754,  621,  407,  331,  216,  910,  590,  671,  470,  548,  378,  793,  575,    0,  350,  426,  997,  726,  661,  570,  992,  771,  916,  246,  884,  130,  751,  396,  770,  920,  565,  735,  750,  628,  535,  519,  219,  891,  393,  964,  181,  448,  317,  973,  688,  354,  529,  932,  786,  509,  643,  564,  212,  472,  455,  712,  615, 1048,  736,  458,  459,  568,  581,  626,  420,  220,  301,  298,  999,  107,  686,  780,  954,  579,  218,  334,  220, 1020,  605,  271,  406,  656,  865,  598,  626,  740,  872,  154,  653,  635,  168,  580],
        [  618,    0,  197,   36,   63,  538,  276,  251,  232,  767,  300,  133,  572,  363,  487,  176,  176,  663,  250,  700,  613,  252,  530,  499,  700,  350,    0,  144,  737,  766,  425,  223,  675,  515,  819,  341,  811,  233,  754,   63,  457,  734,  437,  438,  694,  296,  313,  482,  201,  661,  433,  703,  359,  569,  642,  812,  346,  437,  299,  935,  779,  364,  363,  361,  308,  659,  109,  570,  372,  745,  408,  247,  580,  576,  604,  386,  170,  527,  610,  347,  936,  245,  601,  552,  695,  632,  209,   22,  147,  770,  663,  373,  102,  315,  735,  615,  358,  726,  800,  247,  309,  353,  243,  304],
        [  760,    0,   64,  178,  104,  671,  419,  304,  374,  843,  383,  221,  688,  462,  628,  320,  213,  749,  285,  843,  751,  342,  665,  563,  841,  426,  144,    0,  814,  909,  530,  192,  710,  604,  948,  475,  945,  297,  896,  178,  507,  844,  572,  504,  831,  210,  170,  624,  331,  755,  575,  780,  480,  709,  737,  927,  359,  577,  417, 1076,  920,  499,  229,  482,  437,  792,  117,  697,  477,  790,  444,  377,  720,  719,  748,  492,   39,  629,  713,  486, 1069,  336,  737,  652,  773,  775,  340,  138,  267,  851,  807,  507,  224,  333,  860,  759,  452,  867,  934,  286,  321,  438,  363,  399],
        [  635,    0,  815,  733,  795,  454,  696,  510,  702,   32,  951,  608,  302,  383,  767,  669,  904,   93,  534,  709,  874,  485,  865,  254,  875,  997,  737,  814,    0,  747,  337,  651,  250,  228,  475,  802,  528,  930,  672,  675,  321,  237,  480,  311,  543,  727,  943,  600,  779,  133,  720,   35,  875,  831, 1164,  313,  492,  772,  469,  741,  659,  507,  883,  436,  813,  955,  698,  386,  384,  186,  395,  540,  833,  659,  684,  372,  852, 1057, 1111,  752,  597,  901,  491,  226,   44,  737,  780,  759,  796,   46,  752,  801,  639,  504,  383,  676,  382,  635,  527,  962,  520,  385,  830,  435],
        [  158,    0,  958,  733,  817,  334,  498,  762,  542,  768,  713,  734,  464,  609,  321,  591,  815,  667,  802,   67,  288,  679,  362,  740,  207,  726,  766,  909,  747,    0,  567,  894,  922,  631,  341,  494,  278,  767,   81,  742,  784,  528,  391,  725,  205, 1000, 1078,  291,  613,  618,  352,  730,  547,  288,  665,  502,  861,  376,  567,  212,  110,  446, 1115,  515,  537,  344,  832,  380,  580,  909,  819,  563,  279,  191,  163,  572,  935,  615,  613,  455,  339,  702,  270,  572,  722,  148,  605,  775,  679,  735,  122,  463,  701,  841,  383,  151,  630,  114,  271,  816,  853,  661,  617,  642],
        [  417,    0,  549,  414,  487,  235,  363,  255,  366,  368,  616,  310,  169,   70,  470,  334,  580,  250,  294,  509,  596,  190,  565,  184,  626,  661,  425,  530,  337,  567,    0,  414,  391,  112,  454,  472,  472,  598,  513,  366,  219,  315,  193,  160,  400,  515,  684,  325,  443,  239,  415,  303,  544,  548,  841,  400,  317,  462,  135,  655,  519,  186,  662,  103,  479,  674,  415,  213,   54,  416,  256,  205,  553,  414,  446,   40,  567,  730,  790,  426,  588,  566,  306,  128,  294,  498,  443,  446,  463,  360,  522,  476,  324,  306,  353,  445,   86,  475,  463,  633,  321,  113,  494,  133],
        [  737,    0,  170,  251,  240,  605,  451,  159,  414,  678,  522,  165,  582,  345,  660,  345,  377,  597,  124,  828,  795,  232,  720,  397,  869,  570,  223,  192,  651,  894,  414,    0,  523,  462,  863,  541,  872,  448,  863,  192,  333,  720,  516,  343,  776,  108,  292,  605,  412,  613,  600,  619,  572,  747,  863,  810,  172,  618,  338, 1032,  881,  451,  249,  402,  514,  851,  116,  612,  368,  607,  264,  331,  757,  707,  739,  382,  226,  747,  829,  533,  993,  467,  678,  521,  613,  777,  419,  237,  367,  691,  808,  569,  214,  151,  764,  746,  328,  830,  862,  452,  136,  305,  460,  285],
        [  787,    0,  692,  683,  723,  596,  730,  425,  721,  257,  943,  545,  459,  395,  861,  669,  851,  281,  431,  873,  986,  444,  954,  212, 1011,  992,  675,  710,  250,  922,  391,  523,    0,  297,  698,  845,  744,  899,  855,  615,  222,  465,  581,  262,  728,  570,  805,  713,  780,  331,  804,  239,  909,  939, 1215,  552,  352,  850,  487,  955,  850,  575,  718,  487,  843, 1064,  604,  543,  413,   97,  269,  552,  944,  795,  825,  410,  746, 1100, 1167,  805,  829,  887,  653,  351,  243,  878,  783,  697,  774,  293,  900,  854,  592,  377,  597,  821,  381,  816,  741,  920,  389,  364,  835,  418],
        [  491,    0,  614,  508,  575,  301,  474,  307,  477,  259,  724,  390,  177,  156,  574,  441,  678,  148,  339,  579,  694,  266,  669,  116,  715,  771,  515,  604,  228,  631,  112,  462,  297,    0,  455,  584,  487,  702,  568,  454,  180,  265,  287,  133,  444,  553,  747,  419,  552,  152,  520,  194,  656,  648,  952,  359,  329,  569,  242,  688,  568,  295,  707,  214,  591,  773,  487,  254,  156,  309,  243,  313,  652,  498,  529,  145,  642,  841,  901,  538,  592,  673,  362,   73,  185,  582,  553,  537,  568,  256,  603,  587,  415,  329,  349,  525,  158,  529,  481,  735,  346,  167,  604,  212],
        [  319,    0,  980,  794,  879,  283,  615,  706,  649,  487,  886,  734,  289,  521,  540,  664,  930,  418,  746,  337,  580,  632,  621,  569,  530,  916,  819,  948,  475,  341,  454,  863,  698,  455,    0,  672,   65,  911,  261,  772,  635,  239,  384,  584,  177,  967, 1114,  397,  738,  368,  531,  470,  744,  558,  949,  176,  767,  579,  535,  269,  232,  456, 1109,  469,  705,  654,  843,  253,  496,  657,  693,  573,  553,  373,  376,  482,  982,  872,  894,  618,  137,  855,  232,  383,  463,  412,  733,  835,  789,  448,  409,  651,  726,  759,  107,  360,  540,  239,   71,  957,  775,  567,  766,  578],
        [  380,    0,  534,  306,  371,  414,  115,  482,  135,  832,  222,  387,  532,  451,  175,  203,  331,  710,  508,  435,  280,  421,  191,  634,  376,  246,  341,  475,  802,  494,  472,  541,  845,  584,  672,    0,  639,  274,  511,  351,  631,  694,  338,  584,  505,  631,  630,  275,  144,  684,  149,  770,   77,  242,  372,  739,  602,  119,  358,  695,  544,  296,  702,  370,   44,  318,  440,  479,  437,  884,  618,  295,  253,  325,  341,  444,  489,  258,  324,   55,  754,  208,  443,  578,  760,  347,  136,  340,  210,  818,  376,   35,  330,  571,  625,  357,  464,  497,  627,  323,  574,  482,  127,  431],
        [  273,    0,  980,  785,  871,  275,  592,  718,  629,  542,  857,  735,  314,  535,  498,  650,  912,  465,  758,  279,  527,  641,  574,  602,  472,  884,  811,  945,  528,  278,  472,  872,  744,  487,   65,  639,    0,  888,  200,  768,  664,  292,  374,  611,  135,  977, 1112,  367,  715,  415,  494,  521,  709,  508,  900,  238,  788,  540,  538,  214,  169,  447, 1116,  472,  674,  599,  844,  261,  508,  708,  719,  569,  502,  328,  328,  496,  977,  828,  845,  587,  125,  830,  212,  415,  514,  359,  710,  826,  770,  504,  353,  616,  722,  777,  148,  311,  555,  180,   13,  935,  792,  584,  740,  589],
        [  645,    0,  359,  218,  211,  633,  296,  477,  264,  961,   91,  356,  714,  548,  449,  268,   87,  847,  481,  707,  541,  459,  447,  709,  643,  130,  233,  297,  930,  767,  598,  448,  899,  702,  911,  274,  888,    0,  780,  287,  677,  882,  538,  649,  757,  501,  410,  523,  174,  835,  418,  896,  238,  509,  445,  945,  578,  393,  463,  964,  811,  473,  514,  510,  232,  559,  334,  686,  548,  962,  635,  394,  521,  592,  612,  560,  291,  341,  425,  315, 1008,   68,  680,  723,  887,  621,  179,  215,  136,  957,  650,  307,  307,  547,  847,  627,  550,  762,  876,   49,  541,  553,  152,  499],
        [  138,    0,  941,  722,  808,  278,  497,  724,  539,  691,  733,  708,  396,  561,  346,  580,  820,  593,  765,   89,  342,  641,  404,  679,  275,  751,  754,  896,  672,   81,  513,  863,  855,  568,  261,  511,  200,  780,    0,  723,  728,  449,  350,  670,  129,  970, 1065,  273,  617,  544,  363,  656,  571,  333,  720,  421,  817,  397,  529,  186,   38,  413, 1093,  472,  552,  407,  810,  315,  532,  837,  767,  535,  325,  188,  170,  523,  923,  660,  667,  466,  273,  716,  208,  505,  648,  181,  610,  764,  680,  657,  165,  482,  680,  799,  303,  154,  582,   40,  191,  828,  812,  613,  628,  600],
        [  589,    0,  218,   71,  122,  494,  268,  191,  227,  705,  346,   71,  518,  302,  480,  161,  237,  601,  195,  675,  611,  190,  533,  436,  692,  396,   63,  178,  675,  742,  366,  192,  615,  454,  772,  351,  768,  287,  723,    0,  396,  678,  395,  375,  655,  282,  346,  453,  220,  600,  422,  640,  380,  565,  675,  757,  293,  434,  244,  902,  746,  322,  375,  308,  322,  663,   94,  521,  313,  683,  349,  200,  576,  551,  581,  328,  211,  559,  640,  346,  892,  290,  560,  492,  633,  613,  227,   85,  181,  708,  645,  379,   47,  261,  685,  591,  297,  694,  757,  306,  257,  290,  270,  243],
        [  635,    0,  500,  463,  508,  452,  517,  209,  504,  347,  721,  325,  352,  193,  668,  449,  633,  281,  223,  727,  800,  223,  757,   74,  839,  770,  457,  507,  321,  784,  219,  333,  222,  180,  635,  631,  664,  677,  728,  396,    0,  438,  407,   60,  611,  407,  625,  537,  559,  309,  608,  290,  693,  751, 1001,  533,  171,  649,  278,  861,  732,  383,  563,  294,  626,  874,  395,  419,  218,  288,   75,  337,  757,  630,  663,  220,  545,  885,  954,  595,  771,  665,  521,  253,  285,  713,  562,  479,  553,  363,  739,  644,  371,  184,  528,  663,  175,  690,  658,  700,  200,  151,  615,  201],
        [  439,    0,  862,  719,  796,  289,  605,  561,  626,  250,  881,  623,  169,  383,  614,  616,  878,  185,  597,  498,  698,  504,  709,  366,  679,  920,  734,  844,  237,  528,  315,  720,  465,  265,  239,  694,  292,  882,  449,  678,  438,    0,  357,  397,  324,  815,  997,  444,  713,  138,  580,  232,  770,  662, 1029,   96,  593,  633,  436,  505,  432,  413,  967,  378,  716,  778,  729,  218,  367,  419,  506,  496,  661,  475,  494,  352,  881,  933,  974,  640,  365,  838,  297,  199,  226,  544,  711,  754,  749,  213,  553,  683,  634,  592,  150,  483,  396,  414,  292,  923,  609,  416,  756,  446],
        [  234,    0,  609,  412,  497,  101,  250,  375,  276,  509,  528,  367,  195,  221,  289,  282,  549,  388,  415,  328,  407,  291,  386,  376,  434,  565,  437,  572,  480,  391,  193,  516,  581,  287,  384,  338,  374,  538,  350,  395,  407,  357,    0,  348,  263,  623,  740,  133,  365,  355,  241,  452,  414,  361,  687,  410,  471,  292,  179,  517,  366,   74,  752,  124,  359,  487,  474,  149,  193,  595,  432,  196,  365,  224,  257,  188,  604,  584,  633,  284,  499,  489,  166,  257,  442,  307,  362,  453,  410,  490,  333,  330,  349,  451,  310,  258,  242,  316,  363,  582,  463,  273,  403,  252],
        [  576,    0,  504,  439,  492,  393,  470,  200,  460,  340,  686,  305,  298,  138,  613,  409,  611,  256,  224,  668,  743,  191,  703,   62,  781,  735,  438,  504,  311,  725,  160,  343,  262,  133,  584,  584,  611,  649,  670,  375,   60,  397,  348,    0,  553,  427,  633,  479,  520,  276,  553,  278,  648,  695,  955,  492,  197,  596,  228,  805,  675,  327,  583,  238,  582,  819,  388,  362,  161,  314,  111,  291,  701,  571,  604,  163,  542,  839,  907,  546,  720,  632,  462,  204,  272,  655,  523,  459,  520,  350,  680,  595,  345,  201,  478,  604,  122,  631,  604,  675,  218,  103,  576,  157],
        [  143,    0,  871,  665,  751,  172,  462,  629,  500,  564,  724,  629,  271,  455,  365,  527,  784,  465,  669,  177,  406,  547,  445,  558,  366,  750,  694,  831,  543,  205,  400,  776,  728,  444,  177,  505,  135,  757,  129,  655,  611,  324,  263,  553,    0,  883, 1000,  234,  585,  415,  360,  528,  574,  382,  772,  309,  712,  406,  438,  258,  124,  334, 1014,  376,  541,  482,  736,  192,  426,  708,  655,  458,  377,  196,  200,  415,  862,  696,  717,  453,  252,  697,   99,  380,  519,  239,  580,  707,  643,  530,  240,  481,  610,  697,  184,  185,  476,   92,  123,  804,  711,  506,  608,  501],
        [  843,    0,  159,  329,  293,  712,  548,  261,  508,  752,  582,  268,  683,  447,  759,  441,  420,  682,  222,  934,  892,  337,  815,  476,  970,  628,  296,  210,  727, 1000,  515,  108,  570,  553,  967,  631,  977,  501,  970,  282,  407,  815,  623,  427,  883,    0,  239,  710,  495,  702,  700,  696,  654,  845,  933,  907,  236,  715,  445, 1139,  988,  558,  156,  508,  601,  945,  192,  717,  472,  661,  333,  437,  856,  812,  844,  485,  232,  820,  903,  628, 1098,  531,  784,  616,  692,  882,  503,  305,  442,  770,  913,  660,  312,  227,  867,  852,  429,  937,  968,  495,  210,  404,  539,  389],
        [  930,    0,  136,  345,  264,  838,  584,  440,  540,  970,  500,  381,  847,  614,  791,  488,  325,  887,  411, 1012,  909,  494,  820,  689, 1002,  535,  313,  170,  943, 1078,  684,  292,  805,  747, 1114,  630, 1112,  410, 1065,  346,  625,  997,  740,  633, 1000,  239,    0,  793,  488,  899,  740,  910,  625,  869,  851, 1083,  460,  738,  580, 1246, 1089,  667,  135,  646,  590,  945,  272,  861,  633,  893,  554,  544,  880,  888,  916,  648,  144,  751,  834,  647, 1237,  464,  905,  801,  904,  943,  496,  304,  421,  983,  974,  664,  391,  442, 1023,  927,  602, 1037, 1102,  382,  426,  584,  510,  552],
        [  137,    0,  670,  450,  535,  157,  230,  479,  271,  628,  491,  444,  302,  347,  171,  308,  555,  508,  518,  224,  277,  396,  267,  509,  303,  519,  482,  624,  600,  291,  325,  605,  713,  419,  397,  275,  367,  523,  273,  453,  537,  444,  133,  479,  234,  710,  793,    0,  353,  470,  139,  574,  348,  232,  585,  475,  585,  192,  286,  456,  299,  164,  825,  246,  309,  357,  542,  229,  320,  725,  557,  274,  235,  103,  136,  317,  651,  492,  530,  222,  486,  464,  169,  383,  564,  181,  347,  492,  413,  605,  210,  255,  411,  562,  355,  142,  367,  247,  355,  571,  573,  397,  374,  368],
        [  480,    0,  391,  167,  228,  460,  124,  381,   90,  810,  173,  270,  545,  403,  307,  113,  204,  692,  399,  549,  422,  337,  334,  577,  516,  219,  201,  331,  779,  613,  443,  412,  780,  552,  738,  144,  715,  174,  617,  220,  559,  713,  365,  520,  585,  495,  488,  353,    0,  676,  263,  746,  161,  382,  459,  774,  497,  252,  311,  802,  647,  302,  559,  348,  108,  462,  304,  513,  397,  832,  531,  240,  393,  430,  453,  408,  346,  342,  421,  163,  837,  126,  507,  564,  736,  469,    9,  197,   68,  803,  500,  177,  212,  465,  673,  467,  409,  596,  703,  220,  465,  419,   56,  364],
        [  503,    0,  766,  651,  721,  322,  582,  459,  593,  159,  848,  539,  170,  299,  638,  569,  818,   52,  490,  577,  742,  415,  736,  236,  742,  891,  661,  755,  133,  618,  239,  613,  331,  152,  368,  684,  415,  835,  544,  600,  309,  138,  355,  276,  415,  702,  899,  470,  676,    0,  594,  113,  759,  700, 1041,  232,  472,  646,  373,  627,  534,  389,  856,  328,  699,  823,  638,  253,  291,  296,  380,  441,  702,  526,  551,  277,  793,  936,  987,  633,  499,  800,  359,  113,  105,  604,  675,  682,  700,  136,  620,  680,  560,  476,  267,  543,  305,  506,  412,  871,  493,  317,  724,  359],
        [  232,    0,  630,  398,  477,  293,  157,  503,  201,  749,  371,  436,  430,  416,   63,  262,  464,  628,  537,  290,  200,  427,  151,  594,  271,  393,  433,  575,  720,  352,  415,  600,  804,  520,  531,  149,  494,  418,  363,  422,  608,  580,  241,  553,  360,  700,  740,  139,  263,  594,    0,  692,  215,  151,  450,  613,  619,   54,  333,  548,  396,  229,  794,  318,  189,  269,  515,  363,  394,  828,  612,  291,  160,  177,  194,  396,  596,  354,  396,  104,  607,  353,  307,  497,  682,  207,  255,  438,  330,  730,  237,  122,  389,  592,  494,  210,  433,  348,  482,  466,  599,  458,  267,  416],
        [  614,    0,  781,  698,  760,  430,  663,  476,  669,   66,  918,  574,  278,  348,  739,  635,  870,   67,  501,  690,  848,  451,  837,  222,  852,  964,  703,  780,   35,  730,  303,  619,  239,  194,  470,  770,  521,  896,  656,  640,  290,  232,  452,  278,  528,  696,  910,  574,  746,  113,  692,    0,  843,  805, 1134,  315,  461,  743,  436,  734,  646,  476,  852,  403,  780,  929,  664,  363,  350,  188,  364,  506,  807,  635,  662,  338,  818, 1026, 1081,  721,  596,  867,  471,  195,   10,  715,  746,  724,  761,   74,  731,  770,  604,  472,  374,  654,  348,  619,  519,  928,  488,  351,  797,  401],
        [  445,    0,  542,  326,  377,  490,  182,  531,  189,  906,  168,  427,  608,  518,  227,  250,  309,  784,  553,  491,  304,  477,  210,  701,  406,  181,  359,  480,  875,  547,  544,  572,  909,  656,  744,   77,  709,  238,  571,  380,  693,  770,  414,  648,  574,  654,  625,  348,  161,  759,  215,  843,    0,  274,  309,  814,  650,  174,  424,  752,  606,  370,  709,  442,   67,  323,  464,  555,  506,  952,  674,  358,  286,  389,  402,  513,  489,  192,  266,  131,  822,  172,  516,  652,  834,  400,  153,  353,  215,  892,  426,   94,  369,  618,  700,  418,  529,  560,  697,  284,  620,  546,  118,  493],
        [  240,    0,  766,  534,  607,  381,  298,  653,  340,  859,  442,  583,  531,  558,   89,  405,  571,  740,  687,  245,   50,  576,   74,  731,  135,  448,  569,  709,  831,  288,  548,  747,  939,  648,  558,  242,  508,  509,  333,  565,  751,  662,  361,  695,  382,  845,  869,  232,  382,  700,  151,  805,  274,    0,  392,  675,  769,  133,  480,  500,  370,  368,  932,  458,  284,  126,  658,  453,  534,  955,  759,  441,   13,  191,  182,  534,  726,  329,  338,  223,  603,  442,  367,  614,  795,  153,  373,  571,  449,  835,  170,  207,  534,  742,  549,  198,  576,  334,  497,  556,  749,  603,  368,  563],
        [  630,    0,  800,  612,  642,  741,  485,  838,  498, 1194,  356,  729,  879,  822,  418,  558,  531, 1072,  857,  632,  379,  785,  328, 1005,  464,  317,  642,  737, 1164,  665,  841,  863, 1215,  952,  949,  372,  900,  445,  720,  675, 1001, 1029,  687,  955,  772,  933,  851,  585,  459, 1041,  450, 1134,  309,  392,    0, 1056,  955,  397,  729,  873,  757,  659,  958,  739,  376,  325,  750,  812,  807, 1254,  983,  665,  398,  578,  573,  814,  735,  118,   56,  415,  993,  403,  744,  939, 1124,  543,  454,  630,  496, 1176,  555,  366,  670,  923,  932,  589,  835,  725,  888,  470,  924,  852,  406,  800],
        [  441,    0,  948,  794,  874,  325,  659,  651,  684,  320,  937,  706,  240,  470,  639,  682,  948,  276,  687,  484,  706,  590,  730,  462,  674,  973,  812,  927,  313,  502,  400,  810,  552,  359,  176,  739,  238,  945,  421,  757,  533,   96,  410,  492,  309,  907, 1083,  475,  774,  232,  613,  315,  814,  675, 1056,    0,  687,  666,  514,  444,  397,  473, 1058,  452,  765,  785,  814,  262,  451,  498,  601,  569,  673,  485,  499,  436,  963,  966, 1000,  684,  286,  898,  312,  292,  310,  544,  771,  831,  814,  281,  548,  724,  712,  686,  127,  485,  484,  391,  242,  988,  703,  505,  812,  532],
        [  704,    0,  341,  363,  384,  542,  494,  120,  468,  517,  638,  229,  479,  258,  682,  401,  519,  449,   99,  798,  819,  194,  759,  242,  877,  688,  346,  359,  492,  861,  317,  172,  352,  329,  767,  602,  788,  578,  817,  293,  171,  593,  471,  197,  712,  236,  460,  585,  497,  472,  619,  461,  650,  769,  955,  687,    0,  650,  299,  969,  828,  422,  392,  347,  585,  885,  258,  529,  287,  436,   98,  329,  778,  687,  720,  297,  395,  837,  915,  578,  903,  582,  615,  397,  456,  766,  502,  366,  471,  534,  794,  622,  287,   33,  663,  724,  237,  780,  779,  592,   39,  206,  551,  219],
        [  272,    0,  634,  402,  475,  346,  167,  532,  208,  801,  337,  455,  483,  459,   56,  274,  448,  679,  564,  318,  178,  459,  109,  639,  265,  354,  437,  577,  772,  376,  462,  618,  850,  569,  579,  119,  540,  393,  397,  434,  649,  633,  292,  596,  406,  715,  738,  192,  252,  646,   54,  743,  174,  133,  397,  666,  650,    0,  372,  579,  432,  276,  800,  363,  162,  236,  527,  416,  438,  877,  649,  324,  144,  216,  228,  441,  595,  301,  343,   91,  650,  327,  358,  548,  733,  229,  244,  439,  320,  782,  257,   87,  404,  622,  545,  244,  475,  386,  528,  442,  628,  499,  245,  454],
        [  409,    0,  446,  283,  361,  268,  244,  196,  239,  500,  483,  200,  274,   95,  394,  200,  447,  385,  236,  502,  529,  113,  480,  277,  580,  529,  299,  417,  469,  567,  135,  338,  487,  242,  535,  358,  538,  463,  529,  244,  278,  436,  179,  228,  438,  445,  580,  286,  311,  373,  333,  436,  424,  480,  729,  514,  299,  372,    0,  694,  545,  123,  579,   67,  358,  601,  309,  282,   87,  529,  280,   71,  487,  388,  421,   98,  452,  614,  681,  318,  661,  432,  340,  261,  427,  467,  312,  318,  328,  495,  495,  367,  199,  277,  444,  426,  107,  494,  528,  498,  288,  128,  363,   84],
