{
    "name": "random-18-18637",
    "comment": "size=18 seed=18637",
    "nodes": ["+0", "-0", "+1", "-1", "+2", "-2", "+3", "-3", "+4", "-4", "+5", "-5", "+6", "-6", "+7", "-7", "+8", "-8", "+9", "-9", "+10", "-10", "+11", "-11", "+12", "-12", "+13", "-13", "+14", "-14", "+15", "-15", "+16", "-16", "+17", "-17", "+18", "-18"],
    "precedence": {
        "+0": "-0",
        "+1": "-1",
        "+2": "-2",
        "+3": "-3",
        "+4": "-4",
        "+5": "-5",
        "+6": "-6",
        "+7": "-7",
        "+8": "-8",
        "+9": "-9",
        "+10": "-10",
        "+11": "-11",
        "+12": "-12",
        "+13": "-13",
        "+14": "-14",
        "+15": "-15",
        "+16": "-16",
        "+17": "-17",
        "+18": "-18"
    },
    "edges": [
        [    0,    0,  425,  792,  915,  681, 1162,  640,  566,  529,  315,  794,  473,  999,  458,  474,  916,  469,  792,  694,  136,  823,  290,  677,  653,  624,  106,  857,  855,  890,  798,  228,  751,  390,  520, 1000,   61,  767],
        [    0,    0,  425,  792,  915,  681, 1162,  640,  566,  529,  315,  794,  473,  999,  458,  474,  916,  469,  792,  694,  136,  823,  290,  677,  653,  624,  106,  857,  855,  890,  798,  228,  751,  390,  520, 1000,   61,  767],
        [  425,  425,    0,  414,  586,  400,  744,  280,  445,  194,  197,  511,  332,  575,  145,   90,  492,   80,  380,  305,  377,  404,  277,  278,  230,  303,  320,  505,  430,  507,  386,  376,  450,  124,  177,  578,  483,  527],
        [  792,  792,  414,    0,  201,  657,  412,  498,  432,  504,  481,  725,  408,  346,  510,  334,  324,  342,  391,  447,  696,  359,  691,  415,  247,  560,  689,  106,  279,   99,  394,  643,  664,  528,  492,  427,  840,  299],
        [  915,  915,  586,  201,    0,  857,  456,  699,  439,  699,  602,  925,  468,  478,  698,  498,  487,  508,  584,  647,  802,  548,  861,  616,  446,  760,  819,   95,  457,  171,  588,  733,  864,  706,  685,  579,  957,  223],
        [  681,  681,  400,  657,  857,    0,  794,  159,  840,  207,  584,  117,  731,  583,  266,  464,  497,  455,  323,  217,  703,  375,  395,  244,  413,  104,  603,  763,  471,  717,  324,  736,   73,  327,  224,  513,  739,  877],
        [ 1162, 1162,  744,  412,  456,  794,    0,  671,  838,  739,  867,  804,  819,  211,  780,  688,  299,  693,  474,  594, 1084,  423,  995,  582,  516,  733, 1056,  419,  340,  332,  473, 1043,  762,  826,  734,  300, 1216,  663],
        [  640,  640,  280,  498,  699,  159,  671,    0,  701,  111,  476,  247,  598,  464,  182,  326,  373,  318,  200,   78,  631,  250,  382,   93,  254,   66,  547,  604,  335,  561,  204,  647,  183,  252,  121,  416,  700,  722],
        [  566,  566,  445,  432,  439,  840,  838,  701,    0,  634,  312,  944,  118,  766,  589,  376,  723,  386,  711,  695,  433,  705,  641,  661,  504,  738,  496,  429,  664,  507,  716,  345,  881,  552,  617,  830,  590,  232],
        [  529,  529,  194,  504,  699,  207,  739,  111,  634,    0,  381,  318,  524,  540,   73,  261,  449,  251,  288,  173,  524,  332,  278,  167,  261,  112,  437,  608,  400,  581,  292,  545,  259,  142,   18,  507,  590,  688],
        [  315,  315,  197,  481,  602,  584,  867,  476,  312,  381,    0,  698,  197,  725,  319,  192,  651,  193,  565,  500,  218,  582,  330,  472,  384,  493,  218,  543,  587,  579,  571,  188,  639,  264,  366,  748,  361,  472],
        [  794,  794,  511,  725,  925,  117,  804,  247,  944,  318,  698,    0,  838,  595,  381,  568,  517,  559,  355,  279,  819,  404,  507,  313,  490,  208,  719,  830,  505,  774,  354,  853,   65,  443,  335,  509,  852,  965],
        [  473,  473,  332,  408,  468,  731,  819,  598,  118,  524,  197,  838,    0,  720,  475,  272,  665,  280,  629,  600,  346,  630,  525,  566,  424,  631,  393,  434,  602,  497,  635,  268,  776,  436,  507,  770,  505,  295],
        [  999,  999,  575,  346,  478,  583,  211,  464,  766,  540,  725,  595,  720,    0,  588,  535,   92,  537,  266,  387,  937,  215,  806,  378,  347,  525,  894,  405,  146,  312,  263,  909,  552,  641,  537,  111, 1056,  640],
        [  458,  458,  145,  510,  698,  266,  780,  182,  589,   73,  319,  381,  475,  588,    0,  226,  498,  215,  347,  238,  452,  387,  219,  226,  280,  180,  365,  610,  444,  595,  352,  476,  324,   70,   63,  564,  519,  664],
        [  474,  474,   90,  334,  498,  464,  688,  326,  376,  261,  192,  568,  272,  535,  226,    0,  460,   12,  378,  331,  402,  392,  364,  299,  192,  363,  369,  419,  396,  429,  384,  380,  505,  214,  244,  556,  528,  439],
        [  916,  916,  492,  324,  487,  497,  299,  373,  723,  449,  651,  517,  665,   92,  498,  460,    0,  461,  176,  296,  860,  124,  716,  287,  269,  435,  812,  403,   65,  317,  174,  838,  469,  552,  446,  108,  974,  622],
        [  469,  469,   80,  342,  508,  455,  693,  318,  386,  251,  193,  559,  280,  537,  215,   12,  461,    0,  375,  325,  400,  390,  354,  293,  193,  353,  364,  429,  397,  437,  381,  380,  496,  203,  233,  556,  524,  450],
        [  792,  792,  380,  391,  584,  323,  474,  200,  711,  288,  565,  355,  629,  266,  347,  378,  176,  375,    0,  123,  756,   53,  564,  122,  207,  260,  691,  491,  151,  425,    7,  751,  302,  409,  289,  219,  852,  666],
        [  694,  694,  305,  447,  647,  217,  594,   78,  695,  173,  500,  279,  600,  387,  238,  331,  296,  325,  123,    0,  674,  173,  450,   36,  214,  140,  597,  553,  260,  502,  126,  680,  217,  306,  177,  339,  755,  692],
        [  136,  136,  377,  696,  802,  703, 1084,  631,  433,  524,  218,  819,  346,  937,  452,  402,  860,  400,  756,  674,    0,  780,  342,  651,  592,  630,  113,  751,  797,  793,  762,   92,  769,  383,  511,  952,  159,  641],
        [  823,  823,  404,  359,  548,  375,  423,  250,  705,  332,  582,  404,  630,  215,  387,  392,  124,  390,   53,  173,  780,    0,  605,  167,  208,  311,  721,  456,  102,  384,   52,  769,  352,  446,  331,  179,  883,  644],
        [  290,  290,  277,  691,  861,  395,  995,  382,  641,  278,  330,  507,  525,  806,  219,  364,  716,  354,  564,  450,  342,  605,    0,  442,  484,  352,  231,  781,  661,  783,  568,  404,  467,  170,  275,  782,  346,  778],
        [  677,  677,  278,  415,  616,  244,  582,   93,  661,  167,  472,  313,  566,  378,  226,  299,  287,  293,  122,   36,  651,  167,  442,    0,  179,  158,  578,  521,  244,  473,  127,  654,  250,  291,  168,  341,  737,  656],
        [  653,  653,  230,  247,  446,  413,  516,  254,  504,  261,  384,  490,  424,  347,  280,  192,  269,  193,  207,  214,  592,  208,  484,  179,    0,  314,  548,  353,  205,  321,  213,  571,  427,  315,  250,  365,  710,  479],
        [  624,  624,  303,  560,  760,  104,  733,   66,  738,  112,  493,  208,  631,  525,  180,  363,  435,  353,  260,  140,  630,  311,  352,  158,  314,    0,  537,  666,  399,  626,  263,  655,  147,  247,  128,  470,  684,  774],
        [  106,  106,  320,  689,  819,  603, 1056,  547,  496,  437,  218,  719,  393,  894,  365,  369,  812,  364,  691,  597,  113,  721,  231,  578,  548,  537,    0,  758,  750,  787,  697,  189,  671,  296,  427,  897,  163,  683],
        [  857,  857,  505,  106,   95,  763,  419,  604,  429,  608,  543,  830,  434,  405,  610,  419,  403,  429,  491,  553,  751,  456,  781,  521,  353,  666,  758,    0,  368,   95,  494,  689,  769,  623,  595,  500,  902,  246],
        [  855,  855,  430,  279,  457,  471,  340,  335,  664,  400,  587,  505,  602,  146,  444,  396,   65,  397,  151,  260,  797,  102,  661,  244,  205,  399,  750,  368,    0,  290,  151,  773,  452,  495,  396,  168,  912,  574],
        [  890,  890,  507,   99,  171,  717,  332,  561,  507,  581,  579,  774,  497,  312,  595,  429,  317,  437,  425,  502,  793,  384,  783,  473,  321,  626,  787,   95,  290,    0,  427,  739,  715,  618,  570,  410,  938,  339],
        [  798,  798,  386,  394,  588,  324,  473,  204,  716,  292,  571,  354,  635,  263,  352,  384,  174,  381,    7,  126,  762,   52,  568,  127,  213,  263,  697,  494,  151,  427,    0,  757,  302,  414,  294,  215,  857,  671],
        [  228,  228,  376,  643,  733,  736, 1043,  647,  345,  545,  188,  853,  268,  909,  476,  380,  838,  380,  751,  680,   92,  769,  404,  654,  571,  655,  189,  689,  773,  739,  757,    0,  798,  411,  531,  935,  246,  560],
        [  751,  751,  450,  664,  864,   73,  762,  183,  881,  259,  639,   65,  776,  552,  324,  505,  469,  496,  302,  217,  769,  352,  467,  250,  427,  147,  671,  769,  452,  715,  302,  798,    0,  389,  275,  472,  810,  902],
        [  390,  390,  124,  528,  706,  327,  826,  252,  552,  142,  264,  443,  436,  641,   70,  214,  552,  203,  409,  306,  383,  446,  170,  291,  315,  247,  296,  623,  495,  618,  414,  411,  389,    0,  132,  624,  450,  650],
        [  520,  520,  177,  492,  685,  224,  734,  121,  617,   18,  366,  335,  507,  537,   63,  244,  446,  233,  289,  177,  511,  331,  275,  168,  250,  128,  427,  595,  396,  570,  294,  531,  275,  132,    0,  507,  581,  671],
        [ 1000, 1000,  578,  427,  579,  513,  300,  416,  830,  507,  748,  509,  770,  111,  564,  556,  108,  556,  219,  339,  952,  179,  782,  341,  365,  470,  897,  500,  168,  410,  215,  935,  472,  624,  507,    0, 1059,  726],
        [   61,   61,  483,  840,  957,  739, 1216,  700,  590,  590,  361,  852,  505, 1056,  519,  528,  974,  524,  852,  755,  159,  883,  346,  737,  710,  684,  163,  902,  912,  938,  857,  246,  810,  450,  581, 1059,    0,  800],
        [  767,  767,  527,  299,  223,  877,  663,  722,  232,  688,  472,  965,  295,  640,  664,  439,  622,  450,  666,  692,  641,  644,  778,  656,  479,  774,  683,  246,  574,  339,  671,  560,  902,  650,  671,  726,  800,    0]
    ]
}
