{
    "name": "random-86-22308",
    "comment": "size=86 seed=22308",
    "nodes": ["+0", "-0", "+1", "-1", "+2", "-2", "+3", "-3", "+4", "-4", "+5", "-5", "+6", "-6", "+7", "-7", "+8", "-8", "+9", "-9", "+10", "-10", "+11", "-11", "+12", "-12", "+13", "-13", "+14", "-14", "+15", "-15", "+16", "-16", "+17", "-17", "+18", "-18", "+19", "-19", "+20", "-20", "+21", "-21", "+22", "-22", "+23", "-23", "+24", "-24", "+25", "-25", "+26", "-26", "+27", "-27", "+28", "-28", "+29", "-29", "+30", "-30", "+31", "-31", "+32", "-32", "+33", "-33", "+34", "-34", "+35", "-35", "+36", "-36", "+37", "-37", "+38", "-38", "+39", "-39", "+40", "-40", "+41", "-41", "+42", "-42", "+43", "-43", "+44", "-44", "+45", "-45", "+46", "-46", "+47", "-47", "+48", "-48", "+49", "-49", "+50", "-50", "+51", "-51", "+52", "-52", "+53", "-53", "+54", "-54", "+55", "-55", "+56", "-56", "+57", "-57", "+58", "-58", "+59", "-59", "+60", "-60", "+61", "-61", "+62", "-62", "+63", "-63", "+64", "-64", "+65", "-65", "+66", "-66", "+67", "-67", "+68", "-68", "+69", "-69", "+70", "-70", "+71", "-71", "+72", "-72", "+73", "-73", "+74", "-74", "+75", "-75", "+76", "-76", "+77", "-77", "+78", "-78", "+79", "-79", "+80", "-80", "+81", "-81", "+82", "-82", "+83", "-83", "+84", "-84", "+85", "-85", "+86", "-86"],
    "precedence": {
        "+0": "-0",
        "+1": "-1",
        "+2": "-2",
        "+3": "-3",
        "+4": "-4",
        "+5": "-5",
        "+6": "-6",
        "+7": "-7",
        "+8": "-8",
        "+9": "-9",
        "+10": "-10",
        "+11": "-11",
        "+12": "-12",
        "+13": "-13",
        "+14": "-14",
        "+15": "-15",
        "+16": "-16",
        "+17": "-17",
        "+18": "-18",
        "+19": "-19",
        "+20": "-20",
        "+21": "-21",
        "+22": "-22",
        "+23": "-23",
        "+24": "-24",
        "+25": "-25",
        "+26": "-26",
        "+27": "-27",
        "+28": "-28",
        "+29": "-29",
        "+30": "-30",
        "+31": "-31",
        "+32": "-32",
        "+33": "-33",
        "+34": "-34",
        "+35": "-35",
        "+36": "-36",
        "+37": "-37",
        "+38": "-38",
        "+39": "-39",
        "+40": "-40",
        "+41": "-41",
        "+42": "-42",
        "+43": "-43",
        "+44": "-44",
        "+45": "-45",
        "+46": "-46",
        "+47": "-47",
        "+48": "-48",
        "+49": "-49",
        "+50": "-50",
        "+51": "-51",
        "+52": "-52",
        "+53": "-53",
        "+54": "-54",
        "+55": "-55",
        "+56": "-56",
        "+57": "-57",
        "+58": "-58",
        "+59": "-59",
        "+60": "-60",
        "+61": "-61",
        "+62": "-62",
        "+63": "-63",
        "+64": "-64",
        "+65": "-65",
        "+66": "-66",
        "+67": "-67",
        "+68": "-68",
        "+69": "-69",
        "+70": "-70",
        "+71": "-71",
        "+72": "-72",
        "+73": "-73",
        "+74": "-74",
        "+75": "-75",
        "+76": "-76",
        "+77": "-77",
        "+78": "-78",
        "+79": "-79",
        "+80": "-80",
        "+81": "-81",
        "+82": "-82",
        "+83": "-83",
        "+84": "-84",
        "+85": "-85",
        "+86": "-86"
    },
    "edges": [
        [    0,    0,  439,  324,  463,  383,  546,  618,  572,  566,  461,  500,  202,  446,  566,  318,  509,  300,  489,  123,  479,  328,  430,  623,  506,  492,  186,  583,  514,  434,  490,   66,  321,  285,  402,  406,  522,  479,  330,  604,  656,  360,  444,  303,  757,  641,  115,  377,  266,  232,  532,  407,  335,  343,  670,  155,  407,  529,  318,  655,  374,  583,  475,  381,  407,  240,  410,  699,  452,  384,   71,  479,  623,  150,  141,  299,  175,  352,   78,  242,  320,  403,  254,  380,  200,  193,   66,  126,  702,  424,  392,  107,  279,  494,  286,  552,  628,  186,  598,  564,  205,  358,  123,  481,  232,  374,  467,  381,  540,  450,  338,  202,  326,  500,  470,  698,  397,  397,  225,  260,  425,  403,  400,  402,  277,  184,  140,  471,  529,  194,  212,  644,  303,  117,  338,  389,  347,  532,  483,  762,  691,  488,  418,  525,  668,  490,  255,  439,  143,  164,  623,  513,  160,  570,  308,  384,  335,  363,  542,  705,  280,  394,  475,  294,  552,  114,  317,  157,  303,  379,  567,  386,  391,  362],
        [    0,    0,    0,    0,    0,    0,    0,    0,    0,    0,    0,    0,    0,    0,    0,    0,    0,    0,    0,    0,    0,    0,    0,    0,    0,    0,    0,    0,    0,    0,    0,    0,    0,    0,    0,    0,    0,    0,    0,    0,    0,    0,    0,    0,    0,    0,    0,    0,    0,    0,    0,    0,    0,    0,    0,    0,    0,    0,    0,    0,    0,    0,    0,    0,    0,    0,    0,    0,    0,    0,    0,    0,    0,    0,    0,    0,    0,    0,    0,    0,    0,    0,    0,    0,    0,    0,    0,    0,    0,    0,    0,    0,    0,    0,    0,    0,    0,    0,    0,    0,    0,    0,    0,    0,    0,    0,    0,    0,    0,    0,    0,    0,    0,    0,    0,    0,    0,    0,    0,    0,    0,    0,    0,    0,    0,    0,    0,    0,    0,    0,    0,    0,    0,    0,    0,    0,    0,    0,    0,    0,    0,    0,    0,    0,    0,    0,    0,    0,    0,    0,    0,    0,    0,    0,    0,    0,    0,    0,    0,    0,    0,    0,    0,    0,    0,    0,    0,    0,    0,    0,    0,    0,    0,    0],
        [  439,    0,    0,  675,  206,  800,  830,  315,  347,  438,  877,  728,  372,    8,  325,  437,  355,  318,  593,  365,  882,  318,  420,  503,  607,  884,  494,  236,  192,  854,  227,  499,  472,  717,  792,  825,   84,  331,  513,  216,  441,  211,  687,  225,  466,  301,  325,  718,  550,  590,  141,  725,  178,  479,  476,  459,  821,  533,  686,  473,  229,  250,  478,  721,  372,  678,  408,  365,  831,  719,  410,  137,  326,  569,  342,  388,  611,   99,  377,  482,  372,  401,  641,  642,  425,  256,  379,  513,  416,  314,  718,  450,  537,  856,  507,  831,  384,  577,  225,  136,  582,  193,  558,  810,  254,  810,  746,  695,  352,  476,  568,  601,  516,  283,   48,  386,  731,  306,  229,  226,  358,  302,  815,  424,  526,  619,  328,  385,  911,  259,  579,  277,  639,  413,  483,  779,  297,  575,  606,  448,  454,  750,  704,  919,  401,  456,  356,  705,  554,  310,  315,  450,  321,  148,  747,  143,  543,  332,  138,  491,  247,  598,  460,  186,  326,  537,  619,  479,  178,  771,  407,  563,   50,  327],
        [  324,    0,  675,    0,  761,  472,  769,  721,  640,  569,  247,  764,  305,  679,  876,  638,  827,  390,  797,  446,  227,  408,  419,  598,  813,  218,  482,  725,  801,  238,  789,  270,  636,  210,  541,  480,  754,  537,  637,  875,  688,  663,  710,  463, 1064,  931,  406,  586,  548,  475,  798,   91,  512,  659,  989,  220,  492,  850,   34,  975,  681,  873,  797,  590,  730,  274,  408,  993,  595,  598,  299,  653,  722,  193,  461,  622,  309,  576,  333,  203,  644,  407,  454,  648,  252,  482,  343,  397, 1009,  492,   73,  244,  571,  651,  590,  777,  939,  417,  753,  770,  441,  657,  245,  157,  538,  283,  707,   74,  856,  772,  629,  135,  631,  592,  717,  999,  607,  472,  451,  450,  462,  480,  196,  387,  572,  312,  454,  491,  238,  425,  456,  925,  540,  439,  653,  531,  665,  849,  787, 1064, 1006,  735,  126,  253,  977,  813,  335,  692,  189,  370,  729,  837,  359,  767,  290,  564,  633,  423,  803, 1023,  589,  684,  798,  491,  863,  222,   82,  201,  592,  521,  592,  237,  635,  427],
        [  463,    0,  206,  761,    0,  758,  704,  518,  553,  638,  924,  589,  484,  211,  129,  312,  150,  470,  426,  351,  940,  480,  598,  704,  438,  951,  435,  436,   66,  896,   29,  529,  349,  746,  729,  785,  225,  529,  392,  171,  647,  105,  558,  379,  306,  179,  359,  632,  464,  532,  137,  828,  345,  347,  276,  544,  776,  343,  764,  271,   98,  123,  296,  633,  202,  687,  583,  236,  757,  629,  465,  342,  529,  612,  328,  272,  609,  254,  431,  595,  245,  575,  591,  527,  532,  280,  423,  487,  251,  502,  817,  518,  443,  769,  404,  704,  194,  539,  418,  301,  536,  106,  584,  911,  232,  828,  626,  799,  146,  301,  454,  659,  397,  486,  176,  238,  640,  488,  328,  355,  543,  487,  862,  595,  431,  617,  325,  576,  985,  346,  527,  190,  560,  386,  354,  717,  163,  391,  443,  303,  266,  622,  819,  985,  223,  266,  490,  584,  602,  399,  517,  253,  411,  321,  755,  331,  425,  504,  157,  296,  187,  467,  276,  328,  125,  576,  723,  561,  170,  711,  610,  706,  198,  498],
        [  383,    0,  800,  472,  758,    0,  345, 1000,  951,  931,  379,  399,  566,  807,  820,  475,  734,  673,  531,  435,  432,  701,  783,  981,  541,  468,  323,  965,  821,  352,  777,  348,  446,  264,   87,   27,  879,  854,  415,  923, 1030,  658,  361,  685, 1000,  930,  485,  197,  311,  228,  862,  553,  717,  462,  868,  479,   25,  637,  441,  849,  661,  879,  611,  200,  610,  204,  765,  976,  132,  209,  443,  858, 1006,  339,  459,  499,  218,  723,  460,  550,  529,  759,  167,  324,  542,  545,  449,  287,  950,  799,  535,  443,  338,  189,  379,  355,  867,  225,  978,  932,  223,  665,  304,  580,  554,  235,  318,  545,  773,  583,  363,  369,  407,  880,  822,  963,  210,  772,  604,  643,  793,  779,  357,  752,  349,  209,  472,  836,  515,  575,  231,  947,  223,  389,  453,   85,  601,  607,  510, 1018,  912,  349,  597,  482,  912,  646,  621,  328,  357,  546, 1006,  679,  542,  940,  186,  765,  388,  733,  877,  908,  581,  397,  624,  675,  802,  344,  529,  464,  635,   81,  937,  668,  751,  733],
        [  546,    0,  830,  769,  704,  345,    0, 1104, 1084, 1101,  722,  126,  746,  837,  711,  398,  615,  834,  317,  513,  773,  862,  973, 1161,  316,  807,  374, 1045,  769,  693,  713,  552,  361,  582,  258,  357,  894, 1003,  318,  873, 1176,  633,  147,  807,  853,  842,  595,  183,  298,  317,  836,  857,  821,  359,  698,  693,  338,  440,  743,  679,  623,  806,  448,  179,  508,  501,  953,  868,  222,  172,  617,  932, 1112,  592,  528,  445,  463,  787,  614,  778,  466,  946,  318,  189,  745,  614,  596,  421,  816,  950,  839,  645,  300,  177,  324,   10,  736,  371, 1046,  962,  348,  647,  541,  900,  585,  576,   86,  842,  653,  427,  262,  642,  315, 1006,  833,  844,  162,  923,  709,  759,  961,  928,  693,  947,  310,  458,  547, 1007,  854,  688,  337,  874,  244,  471,  353,  262,  549,  391,  292,  884,  756,   83,  892,  824,  779,  488,  797,  125,  605,  686, 1107,  520,  688,  977,  515,  855,  287,  898,  855,  737,  583,  238,  468,  776,  692,  578,  806,  687,  653,  269, 1095,  917,  786,  896],
        [  618,    0,  315,  721,  518, 1000, 1104,    0,   98,  220,  961, 1015,  451,  310,  627,  729,  668,  344,  899,  598,  947,  320,  319,  261,  914,  937,  740,   87,  490,  946,  535,  657,  761,  842, 1015, 1023,  306,  187,  799,  462,  150,  520,  968,  315,  730,  564,  526,  967,  810,  824,  415,  734,  288,  772,  776,  552, 1024,  847,  745,  775,  541,  529,  790,  970,  683,  834,  323,  619, 1062,  970,  559,  183,   12,  697,  580,  680,  787,  322,  540,  523,  670,  322,  863,  916,  493,  491,  552,  727,  690,  230,  735,  572,  805, 1098,  782, 1107,  678,  794,  118,  241,  807,  502,  710,  811,  522,  940, 1019,  708,  661,  786,  846,  705,  800,  130,  343,  649,  983,  251,  404,  360,  262,  243,  903,  345,  795,  796,  562,  246,  948,  431,  808,  524,  886,  644,  775, 1002,  603,  887,  909,  701,  743, 1029,  694,  970,  684,  770,  402,  981,  678,  454,   10,  764,  459,  221,  896,  250,  825,  299,  399,  784,  536,  885,  774,  333,  631,  676,  644,  573,  466,  992,  179,  521,  342,  296],
        [  572,    0,  347,  640,  553,  951, 1084,   98,    0,  124,  884, 1004,  390,  343,  670,  725,  699,  281,  903,  572,  866,  254,  228,  173,  919,  853,  713,  161,  534,  870,  573,  605,  754,  775,  974,  973,  360,  104,  789,  524,   98,  536,  954,  278,  791,  624,  493,  936,  787,  791,  467,  646,  266,  768,  821,  488,  975,  864,  666,  819,  558,  583,  805,  939,  697,  775,  235,  682, 1023,  941,  509,  212,   93,  635,  557,  678,  735,  324,  495,  447,  671,  235,  824,  898,  425,  473,  509,  689,  748,  156,  649,  514,  785, 1062,  767, 1088,  726,  755,  198,  307,  770,  517,  654,  721,  514,  873,  999,  622,  698,  798,  832,  636,  790,   78,  384,  710,  954,  182,  376,  326,  178,  174,  827,  257,  777,  744,  538,  154,  862,  398,  774,  587,  856,  616,  770,  961,  613,  900,  911,  765,  795, 1012,  604,  886,  738,  790,  337,  963,  615,  411,  108,  788,  413,  289,  834,  243,  813,  226,  454,  833,  537,  875,  790,  310,  672,  617,  561,  507,  471,  951,   83,  430,  362,  224],
        [  566,    0,  438,  569,  638,  931, 1101,  220,  124,    0,  816, 1032,  368,  435,  762,  768,  779,  268,  952,  591,  792,  240,  154,   68,  969,  775,  727,  282,  629,  805,  661,  586,  793,  729,  964,  950,  465,  112,  824,  631,  122,  604,  980,  305,  896,  728,  508,  941,  805,  795,  568,  562,  313,  809,  912,  453,  955,  927,  598,  908,  628,  683,  867,  945,  760,  742,  169,  789, 1016,  947,  497,  311,  213,  599,  581,  723,  713,  392,  491,  394,  721,  174,  819,  920,  390,  507,  508,  690,  850,  155,  567,  489,  808, 1060,  796, 1106,  821,  752,  320,  421,  770,  587,  627,  631,  558,  824, 1018,  540,  783,  856,  859,  590,  823,  157,  480,  815,  960,  180,  404,  353,  141,  177,  762,  186,  801,  722,  561,   96,  779,  418,  776,  695,  864,  631,  810,  951,  674,  958,  957,  873,  891, 1033,  515,  807,  837,  856,  313,  984,  580,  415,  229,  858,  414,  404,  795,  310,  844,  204,  557,  928,  590,  907,  854,  350,  761,  588,  487,  470,  530,  940,   41,  343,  441,  206],
        [  461,    0,  877,  247,  924,  379,  722,  961,  884,  816,    0,  758,  525,  883, 1023,  727,  958,  623,  847,  577,   56,  644,  665,  844,  861,   95,  552,  959,  974,   31,  950,  395,  712,  185,  465,  373,  960,  781,  697, 1060,  934,  820,  711,  684, 1214, 1101,  570,  555,  591,  499,  986,  277,  731,  733, 1114,  426,  391,  929,  219, 1097,  833, 1044,  886,  559,  844,  264,  654, 1159,  510,  568,  471,  878,  963,  314,  599,  727,  341,  781,  505,  439,  754,  652,  452,  658,  476,  650,  507,  469, 1160,  733,  265,  427,  619,  566,  651,  731, 1083,  452,  984,  986,  470,  818,  341,  254,  693,  147,  683,  289,  992,  858,  668,  276,  691,  832,  915, 1158,  573,  711,  649,  661,  706,  719,   63,  633,  626,  338,  600,  737,  140,  619,  486, 1103,  542,  551,  725,  460,  799,  913,  831, 1221, 1143,  714,  331,  104, 1125,  911,  566,  683,  327,  568,  970,  940,  557,  987,  217,  784,  683,  663,  994, 1152,  739,  717,  892,  702, 1008,  349,  329,  404,  762,  453,  838,  480,  833,  666],
        [  500,    0,  728,  764,  589,  399,  126, 1015, 1004, 1032,  758,    0,  692,  736,  588,  292,  492,  770,  191,  442,  804,  797,  914, 1095,  191,  836,  316,  952,  653,  728,  595,  521,  257,  598,  317,  418,  787,  929,  218,  756, 1098,  525,   57,  732,  728,  720,  526,  205,  236,  291,  723,  854,  739,  250,  573,  654,  400,  315,  743,  553,  513,  686,  323,  202,  390,  513,  895,  745,  300,  193,  568,  838, 1024,  577,  452,  341,  458,  695,  559,  741,  358,  886,  316,  121,  699,  531,  540,  383,  691,  879,  836,  605,  227,  270,  237,  123,  611,  349,  949,  859,  325,  540,  524,  907,  494,  612,   85,  835,  529,  304,  174,  631,  216,  926,  727,  720,  190,  853,  632,  683,  895,  857,  720,  891,  233,  456,  472,  941,  883,  615,  310,  753,  226,  406,  245,  316,  439,  266,  167,  759,  630,   57,  882,  857,  654,  363,  740,   75,  586,  622, 1018,  395,  626,  874,  542,  768,  191,  833,  743,  611,  484,  131,  344,  695,  570,  555,  789,  652,  555,  319, 1023,  884,  687,  830],
        [  202,    0,  372,  305,  484,  566,  746,  451,  390,  368,  525,  692,    0,  376,  609,  465,  580,  109,  650,  260,  521,  137,  228,  422,  667,  519,  377,  437,  515,  506,  513,  219,  480,  392,  597,  586,  450,  290,  501,  578,  465,  399,  637,  160,  789,  644,  180,  579,  458,  433,  500,  354,  208,  500,  740,  102,  590,  662,  320,  729,  421,  586,  602,  582,  510,  386,  209,  707,  649,  586,  131,  353,  455,  246,  259,  430,  348,  274,  134,  113,  441,  201,  453,  574,   54,  227,  153,  327,  734,  235,  347,  125,  466,  693,  464,  752,  674,  387,  461,  466,  406,  388,  265,  439,  291,  490,  666,  325,  601,  583,  523,  257,  498,  324,  416,  718,  598,  209,  158,  147,  228,  216,  464,  201,  462,  357,  243,  273,  542,  140,  413,  632,  504,  287,  498,  584,  429,  678,  649,  783,  745,  685,  338,  554,  707,  605,   55,  635,  227,   92,  458,  620,   82,  465,  446,  261,  513,  168,  503,  769,  341,  576,  596,  187,  599,  228,  248,  124,  318,  573,  372,  230,  334,  168],
        [  446,    0,    8,  679,  211,  807,  837,  310,  343,  435,  883,  736,  376,    0,  329,  444,  360,  320,  600,  373,  887,  320,  420,  500,  614,  889,  502,  230,  195,  859,  231,  505,  479,  723,  800,  832,   78,  329,  521,  215,  436,  218,  694,  228,  467,  302,  331,  726,  557,  598,  141,  729,  180,  487,  479,  463,  829,  539,  691,  477,  236,  252,  484,  728,  378,  685,  409,  365,  839,  727,  415,  132,  320,  574,  349,  396,  617,  103,  383,  486,  379,  401,  649,  649,  429,  263,  385,  520,  418,  313,  722,  456,  545,  864,  515,  839,  387,  584,  218,  128,  590,  200,  565,  813,  262,  816,  753,  699,  356,  482,  576,  607,  524,  280,   48,  387,  739,  305,  234,  230,  358,  301,  820,  424,  534,  626,  336,  384,  915,  264,  586,  276,  646,  420,  491,  787,  304,  582,  613,  448,  457,  757,  707,  924,  403,  462,  359,  713,  559,  316,  309,  456,  326,  141,  753,  143,  551,  333,  137,  494,  255,  606,  467,  189,  330,  543,  623,  484,  186,  779,  404,  565,   57,  327],
        [  566,    0,  325,  876,  129,  820,  711,  627,  670,  762, 1023,  588,  609,  329,    0,  349,   97,  599,  405,  447, 1044,  609,  727,  827,  412, 1058,  504,  541,  138,  995,  103,  631,  382,  842,  779,  847,  322,  654,  422,  200,  762,  213,  568,  508,  191,  134,  471,  671,  513,  594,  216,  946,  473,  373,  151,  662,  836,  296,  876,  149,  195,  118,  268,  671,  214,  776,  712,  160,  799,  666,  578,  459,  638,  716,  426,  322,  696,  382,  544,  718,  292,  703,  655,  552,  655,  395,  534,  569,  137,  630,  935,  632,  488,  802,  447,  709,   66,  612,  519,  395,  605,  222,  683, 1028,  339,  917,  640,  917,   60,  285,  483,  766,  428,  608,  287,  143,  675,  616,  454,  483,  670,  614,  963,  723,  476,  703,  428,  703, 1094,  469,  593,  174,  608,  475,  381,  769,  228,  350,  427,  201,  137,  630,  941, 1091,  102,  229,  617,  600,  708,  521,  624,  202,  533,  415,  842,  457,  454,  632,  234,  168,  288,  482,  246,  456,   20,  680,  843,  678,  291,  764,  732,  832,  324,  627],
        [  318,    0,  437,  638,  312,  475,  398,  729,  725,  768,  727,  292,  465,  444,  349,    0,  259,  520,  187,  210,  758,  543,  668,  834,  204,  780,  176,  662,  377,  696,  324,  369,   38,  543,  431,  502,  497,  660,   81,  483,  821,  235,  252,  463,  525,  468,  286,  325,  166,  252,  440,  723,  462,   44,  398,  464,  490,  212,  628,  380,  226,  424,  161,  325,  136,  465,  649,  507,  452,  321,  367,  550,  738,  451,  207,   49,  386,  408,  344,  545,   69,  640,  313,  216,  490,  262,  326,  259,  476,  614,  708,  418,  140,  460,   98,  399,  393,  283,  658,  567,  270,  250,  404,  795,  212,  602,  316,  698,  299,  135,  142,  508,   86,  648,  436,  491,  331,  590,  366,  417,  637,  592,  672,  650,  128,  390,  223,  681,  822,  356,  256,  493,  260,  201,   47,  421,  152,  216,  190,  544,  438,  317,  735,  809,  438,  185,  503,  275,  450,  380,  731,  215,  387,  583,  524,  485,  114,  578,  459,  438,  194,  163,  166,  420,  330,  418,  634,  470,  265,  416,  753,  686,  396,  574],
        [  509,    0,  355,  827,  150,  734,  615,  668,  699,  779,  958,  492,  580,  360,   97,  259,    0,  588,  310,  386,  982,  602,  725,  846,  318,  998,  423,  586,  194,  928,  137,  572,  291,  774,  689,  760,  373,  669,  329,  281,  795,  186,  472,  503,  267,  229,  425,  578,  424,  509,  276,  903,  476,  280,  163,  620,  749,  207,  825,  149,  162,  203,  172,  578,  124,  704,  709,  256,  707,  573,  530,  491,  679,  657,  368,  239,  624,  389,  498,  685,  210,  700,  570,  457,  622,  356,  485,  494,  217,  637,  890,  586,  398,  708,  357,  613,  134,  532,  568,  449,  523,  200,  620,  982,  294,  845,  544,  875,   40,  188,  389,  710,  336,  631,  326,  235,  581,  621,  433,  470,  675,  620,  899,  718,  387,  630,  374,  711, 1036,  442,  510,  266,  518,  407,  288,  679,  163,  259,  331,  286,  186,  534,  902, 1030,  179,  135,  597,  504,  651,  489,  667,  112,  500,  469,  768,  470,  361,  630,  296,  197,  243,  386,  151,  450,   78,  622,  802,  634,  268,  675,  753,  809,  340,  624],
        [  300,    0,  318,  390,  470,  673,  834,  344,  281,  268,  623,  770,  109,  320,  599,  520,  588,    0,  706,  329,  614,   29,  149,  328,  723,  608,  461,  337,  487,  605,  498,  326,  541,  499,  700,  693,  387,  182,  567,  533,  358,  403,  717,   95,  767,  611,  244,  674,  540,  527,  456,  422,  140,  559,  740,  209,  697,  700,  410,  732,  427,  555,  639,  677,  539,  495,  130,  675,  751,  680,  232,  266,  347,  355,  321,  478,  455,  227,  224,  188,  483,  121,  553,  656,  150,  261,  241,  422,  714,  127,  419,  233,  545,  794,  536,  839,  664,  485,  364,  388,  503,  388,  373,  506,  321,  597,  752,  394,  602,  623,  598,  361,  566,  216,  365,  691,  693,  100,  161,  118,  127,  107,  563,  133,  538,  464,  302,  173,  625,  165,  509,  592,  597,  366,  558,  687,  453,  723,  708,  756,  736,  769,  394,  642,  691,  636,   59,  719,  336,  149,  352,  646,  147,  383,  555,  184,  585,   64,  455,  765,  363,  648,  630,  144,  593,  337,  321,  229,  320,  677,  267,  246,  292,   63],
        [  489,    0,  593,  797,  426,  531,  317,  899,  903,  952,  847,  191,  650,  600,  405,  187,  310,  706,    0,  392,  886,  730,  855, 1018,   18,  912,  315,  826,  486,  816,  427,  531,  171,  670,  462,  554,  640,  843,  161,  584, 1000,  383,  190,  648,  537,  539,  472,  340,  258,  349,  562,  885,  643,  150,  382,  641,  538,  124,  782,  362,  366,  510,  138,  339,  226,  585,  835,  558,  461,  331,  545,  717,  909,  605,  392,  230,  514,  581,  525,  724,  233,  827,  399,  208,  672,  448,  506,  401,  501,  798,  869,  594,  231,  445,  208,  313,  422,  399,  818,  715,  378,  401,  554,  951,  394,  709,  260,  862,  345,  126,  180,  663,  166,  827,  582,  531,  334,  774,  551,  602,  822,  777,  799,  836,  227,  515,  409,  867,  957,  543,  362,  575,  314,  375,  153,  456,  297,   79,   25,  569,  439,  242,  903,  939,  464,  177,  689,  227,  609,  566,  900,  206,  573,  732,  632,  661,  167,  764,  583,  421,  367,  135,  159,  603,  387,  576,  803,  645,  434,  456,  936,  867,  558,  760],
        [  123,    0,  365,  446,  351,  435,  513,  598,  572,  591,  577,  442,  260,  373,  447,  210,  386,  329,  392,    0,  598,  355,  475,  654,  409,  613,  142,  548,  406,  549,  375,  186,  221,  397,  430,  461,  445,  491,  242,  502,  663,  246,  389,  295,  638,  529,   85,  370,  216,  230,  435,  526,  311,  242,  547,  256,  457,  416,  441,  532,  257,  473,  359,  372,  285,  337,  455,  585,  472,  373,  159,  436,  605,  272,   25,  182,  260,  294,  135,  336,  200,  446,  277,  329,  281,  113,  117,  149,  583,  439,  512,  212,  217,  503,  208,  517,  507,  212,  555,  498,  219,  247,  237,  602,  124,  478,  429,  499,  418,  336,  270,  325,  240,  494,  388,  582,  386,  412,  197,  246,  453,  417,  517,  453,  210,  268,   38,  499,  651,  175,  217,  536,  289,   49,  239,  417,  224,  425,  390,  645,  569,  443,  533,  645,  548,  371,  302,  394,  266,  181,  602,  393,  186,  508,  405,  350,  257,  391,  448,  582,  164,  320,  357,  266,  432,  236,  431,  264,  203,  408,  583,  477,  316,  389],
        [  479,    0,  882,  227,  940,  432,  773,  947,  866,  792,   56,  804,  521,  887, 1044,  758,  982,  614,  886,  598,    0,  633,  644,  817,  900,   40,  585,  950,  988,   81,  967,  414,  746,  217,  517,  426,  963,  764,  733, 1071,  912,  838,  756,  681, 1235, 1117,  583,  603,  629,  539,  995,  240,  729,  767, 1141,  425,  444,  963,  204, 1124,  852, 1058,  918,  607,  872,  301,  634, 1176,  563,  616,  480,  873,  948,  329,  619,  755,  375,  784,  515,  427,  781,  633,  495,  702,  470,  663,  520,  500, 1180,  718,  230,  433,  657,  619,  687,  782, 1105,  488,  977,  986,  509,  835,  363,  206,  710,  198,  731,  256, 1015,  891,  707,  284,  727,  819,  921, 1176,  622,  698,  653,  662,  688,  706,   87,  613,  662,  373,  618,  717,   84,  625,  525, 1116,  586,  576,  760,  511,  821,  950,  870, 1240, 1167,  762,  293,   53, 1146,  942,  557,  729,  339,  572,  956,  970,  561,  985,  263,  781,  721,  649, 1003, 1177,  758,  757,  924,  703, 1030,  365,  307,  404,  775,  504,  816,  452,  839,  653],
        [  328,    0,  318,  408,  480,  701,  862,  320,  254,  240,  644,  797,  137,  320,  609,  543,  602,   29,  730,  355,  633,    0,  127,  300,  747,  626,  489,  318,  493,  627,  507,  354,  565,  524,  729,  721,  383,  154,  593,  534,  330,  418,  744,  102,  774,  615,  271,  702,  568,  556,  458,  435,  141,  583,  752,  235,  725,  720,  429,  744,  441,  560,  659,  706,  558,  522,  109,  679,  780,  708,  261,  254,  323,  381,  347,  501,  483,  232,  253,  206,  504,  100,  582,  683,  174,  283,  269,  451,  721,   99,  433,  261,  572,  822,  562,  867,  673,  514,  346,  379,  531,  402,  401,  518,  342,  622,  780,  407,  615,  644,  624,  386,  592,  191,  366,  696,  721,   73,  181,  135,   99,   80,  584,  116,  565,  492,  328,  145,  642,  188,  537,  594,  625,  393,  582,  716,  471,  745,  732,  760,  746,  796,  405,  660,  699,  655,   84,  747,  362,  177,  328,  663,  175,  372,  581,  180,  611,   36,  455,  776,  382,  674,  649,  153,  604,  364,  336,  255,  336,  705,  239,  249,  296,   34],
        [  430,    0,  420,  419,  598,  783,  973,  319,  228,  154,  665,  914,  228,  420,  727,  668,  725,  149,  855,  475,  644,  127,    0,  198,  872,  629,  602,  350,  605,  654,  625,  441,  688,  575,  820,  801,  473,  134,  714,  633,  270,  542,  860,  224,  884,  721,  390,  806,  682,  661,  560,  419,  254,  707,  873,  304,  807,  847,  447,  865,  566,  669,  786,  810,  684,  591,   20,  785,  873,  814,  359,  326,  317,  448,  468,  627,  566,  345,  360,  241,  630,   29,  680,  798,  242,  409,  378,  555,  833,  114,  422,  343,  688,  919,  682,  978,  790,  614,  385,  451,  634,  526,  479,  494,  468,  670,  892,  395,  736,  771,  743,  437,  713,  202,  467,  805,  826,  115,  308,  261,   67,  120,  611,   33,  683,  575,  450,   75,  636,  313,  641,  695,  732,  509,  706,  807,  598,  871,  857,  867,  862,  910,  377,  661,  814,  781,  176,  861,  429,  294,  328,  789,  290,  440,  643,  278,  731,   97,  555,  894,  509,  794,  776,  276,  723,  439,  338,  320,  461,  797,  173,  203,  407,  102],
        [  623,    0,  503,  598,  704,  981, 1161,  261,  173,   68,  844, 1095,  422,  500,  827,  834,  846,  328, 1018,  654,  817,  300,  198,    0, 1035,  797,  788,  333,  694,  836,  727,  638,  858,  769, 1017,  999,  527,  179,  888,  692,  129,  671, 1042,  371,  958,  790,  570,  999,  867,  853,  631,  581,  380,  875,  977,  502, 1005,  994,  629,  974,  695,  746,  934, 1003,  827,  788,  216,  850, 1070, 1006,  553,  374,  253,  645,  644,  789,  764,  459,  550,  437,  788,  223,  875,  982,  439,  573,  567,  747,  913,  221,  588,  540,  871, 1115,  860, 1167,  886,  808,  370,  478,  827,  654,  677,  645,  625,  862, 1079,  562,  849,  923,  923,  632,  888,  221,  544,  877, 1018,  245,  469,  418,  202,  242,  793,  230,  864,  772,  625,  155,  797,  482,  834,  756,  923,  692,  875, 1004,  741, 1025, 1023,  934,  956, 1095,  531,  827,  900,  923,  368, 1046,  626,  476,  269,  926,  474,  460,  838,  377,  908,  264,  619,  993,  657,  971,  921,  417,  827,  637,  516,  517,  598,  994,   97,  365,  508,  266],
        [  506,    0,  607,  813,  438,  541,  316,  914,  919,  969,  861,  191,  667,  614,  412,  204,  318,  723,   18,  409,  900,  747,  872, 1035,    0,  927,  332,  841,  497,  830,  438,  547,  189,  684,  470,  563,  653,  860,  178,  594, 1016,  397,  194,  665,  540,  546,  489,  348,  272,  362,  574,  902,  659,  168,  383,  658,  547,  126,  798,  364,  380,  519,  147,  347,  239,  600,  853,  564,  467,  338,  562,  732,  924,  621,  409,  247,  528,  597,  542,  742,  249,  844,  411,  217,  689,  465,  524,  417,  505,  815,  885,  610,  246,  449,  224,  312,  427,  413,  832,  728,  392,  415,  570,  967,  411,  722,  263,  878,  353,  137,  194,  679,  183,  843,  596,  536,  342,  791,  568,  619,  839,  793,  813,  853,  243,  530,  426,  884,  972,  560,  376,  583,  326,  392,  170,  465,  312,   76,   32,  572,  442,  243,  920,  953,  469,  184,  706,  231,  625,  583,  915,  212,  590,  746,  645,  677,  182,  781,  594,  421,  383,  147,  168,  619,  395,  592,  820,  662,  450,  465,  952,  884,  573,  777],
        [  492,    0,  884,  218,  951,  468,  807,  937,  853,  775,   95,  836,  519,  889, 1058,  780,  998,  608,  912,  613,   40,  626,  629,  797,  927,    0,  608,  943,  997,  118,  978,  428,  769,  243,  553,  463,  965,  752,  758, 1077,  896,  849,  787,  679, 1248, 1126,  593,  636,  655,  566, 1001,  217,  727,  791, 1158,  426,  481,  986,  200, 1142,  865, 1068,  940,  640,  890,  329,  620, 1186,  599,  649,  488,  870,  937,  342,  633,  774,  400,  786,  523,  420,  800,  619,  524,  732,  467,  673,  529,  522, 1193,  708,  209,  439,  682,  656,  711,  816, 1119,  514,  970,  985,  535,  846,  380,  173,  722,  234,  764,  236, 1031,  913,  734,  293,  752,  809,  925, 1188,  655,  689,  657,  662,  676,  697,  116,  598,  687,  398,  631,  702,   48,  629,  551, 1124,  616,  593,  783,  547,  837,  975,  898, 1252, 1182,  795,  269,   35, 1160,  963,  552,  761,  350,  576,  945,  990,  564,  983,  295,  779,  746,  640, 1008, 1194,  770,  785,  945,  703, 1044,  378,  294,  406,  785,  539,  801,  434,  842,  644],
        [  186,    0,  494,  482,  435,  323,  374,  740,  713,  727,  552,  316,  377,  502,  504,  176,  423,  461,  315,  142,  585,  489,  602,  788,  332,  608,    0,  688,  498,  521,  455,  218,  162,  369,  301,  350,  570,  629,  155,  601,  803,  336,  260,  435,  688,  609,  221,  229,   81,   99,  543,  571,  453,  184,  571,  341,  342,  379,  468,  553,  339,  557,  335,  231,  302,  290,  582,  656,  337,  232,  253,  576,  747,  290,  161,  184,  211,  432,  244,  428,  214,  574,  156,  197,  384,  251,  225,   87,  637,  576,  554,  292,   94,  364,  108,  379,  555,  110,  694,  629,  102,  344,  240,  636,  241,  427,  292,  548,  461,  307,  153,  348,  150,  636,  510,  646,  244,  550,  338,  387,  587,  554,  498,  577,   93,  215,  179,  633,  651,  315,   92,  625,  148,   97,  176,  288,  280,  370,  305,  704,  607,  309,  590,  636,  600,  360,  426,  259,  294,  313,  744,  390,  315,  640,  349,  491,  153,  524,  559,  610,  262,  209,  341,  407,  486,  261,  492,  341,  321,  281,  721,  571,  446,  522],
        [  583,    0,  236,  725,  436,  965, 1045,   87,  161,  282,  959,  952,  437,  230,  541,  662,  586,  337,  826,  548,  950,  318,  350,  333,  841,  943,  688,    0,  404,  941,  452,  629,  695,  827,  973,  988,  220,  218,  735,  376,  234,  445,  907,  286,  644,  477,  482,  916,  754,  777,  328,  749,  248,  705,  690,  539,  988,  768,  746,  690,  464,  442,  713,  919,  607,  810,  349,  533, 1018,  919,  531,  114,   98,  678,  528,  613,  756,  259,  508,  523,  600,  345,  820,  856,  484,  438,  517,  685,  603,  244,  747,  552,  747, 1050,  722, 1048,  592,  751,   38,  155,  763,  427,  685,  829,  461,  925,  960,  721,  577,  711,  785,  693,  737,  149,  260,  563,  932,  258,  361,  324,  286,  250,  898,  371,  737,  765,  511,  283,  958,  391,  763,  438,  835,  596,  708,  960,  530,  811,  838,  615,  657,  968,  713,  977,  598,  692,  394,  921,  660,  423,   83,  684,  430,  135,  875,  201,  763,  305,  313,  697,  469,  821,  696,  290,  546,  654,  652,  560,  398,  951,  243,  544,  269,  301],
        [  514,    0,  192,  801,   66,  821,  769,  490,  534,  629,  974,  653,  515,  195,  138,  377,  194,  487,  486,  406,  988,  493,  605,  694,  497,  997,  498,  404,    0,  947,   60,  580,  414,  799,  793,  847,  186,  523,  458,  106,  626,  163,  623,  393,  281,  131,  405,  697,  529,  595,   83,  864,  354,  412,  288,  582,  839,  397,  807,  286,  160,   72,  353,  698,  264,  743,  592,  193,  822,  695,  510,  323,  501,  661,  383,  337,  666,  262,  475,  627,  310,  583,  654,  593,  565,  325,  469,  546,  229,  503,  854,  561,  508,  834,  469,  769,  193,  600,  382,  259,  598,  160,  636,  948,  284,  883,  691,  834,  177,  361,  519,  705,  463,  474,  151,  205,  705,  492,  358,  377,  546,  489,  912,  605,  496,  674,  378,  575, 1029,  379,  590,  130,  625,  444,  419,  781,  228,  447,  505,  270,  263,  687,  852, 1031,  210,  321,  513,  649,  650,  434,  487,  303,  446,  280,  811,  330,  491,  513,  103,  300,  244,  532,  332,  344,  143,  626,  758,  600,  213,  775,  598,  728,  199,  507],
        [  434,    0,  854,  238,  896,  352,  693,  946,  870,  805,   31,  728,  506,  859,  995,  696,  928,  605,  816,  549,   81,  627,  654,  836,  830,  118,  521,  941,  947,    0,  922,  368,  681,  155,  437,  346,  936,  766,  666, 1034,  923,  792,  680,  664, 1185, 1074,  544,  526,  560,  468,  960,  278,  710,  703, 1084,  405,  364,  898,  208, 1068,  805, 1016,  855,  529,  814,  233,  641, 1132,  483,  538,  446,  857,  948,  288,  571,  697,  311,  758,  479,  424,  724,  639,  421,  628,  457,  623,  482,  439, 1131,  718,  264,  404,  588,  539,  620,  703, 1054,  421,  965,  965,  440,  791,  313,  264,  665,  118,  654,  286,  963,  827,  637,  254,  660,  817,  891, 1130,  544,  696,  625,  640,  692,  704,   44,  621,  595,  307,  572,  724,  164,  596,  456, 1076,  512,  522,  695,  432,  770,  882,  800, 1193, 1113,  684,  331,  131, 1096,  881,  548,  653,  301,  545,  954,  910,  535,  965,  187,  763,  652,  648,  969, 1122,  711,  686,  862,  680,  979,  323,  320,  384,  735,  424,  826,  474,  809,  651],
        [  490,    0,  227,  789,   29,  777,  713,  535,  573,  661,  950,  595,  513,  231,  103,  324,  137,  498,  427,  375,  967,  507,  625,  727,  438,  978,  455,  452,   60,  922,    0,  555,  361,  771,  746,  804,  237,  553,  404,  161,  667,  130,  566,  406,  277,  155,  386,  647,  480,  551,  140,  856,  371,  357,  252,  572,  796,  338,  792,  247,  120,  102,  293,  648,  206,  711,  610,  210,  772,  644,  493,  362,  546,  639,  353,  287,  633,  280,  458,  623,  259,  601,  611,  539,  560,  307,  450,  509,  222,  528,  845,  546,  458,  783,  419,  712,  166,  560,  432,  312,  556,  133,  610,  939,  258,  852,  635,  827,  126,  302,  466,  686,  409,  508,  193,  211,  654,  514,  356,  383,  568,  512,  889,  621,  446,  640,  351,  601, 1012,  374,  547,  171,  576,  410,  365,  735,  179,  388,  446,  276,  239,  631,  847, 1012,  195,  262,  518,  594,  629,  427,  534,  245,  439,  332,  779,  355,  437,  530,  160,  270,  212,  476,  273,  355,  101,  603,  751,  589,  198,  729,  632,  734,  222,  525],
        [   66,    0,  499,  270,  529,  348,  552,  657,  605,  586,  395,  521,  219,  505,  631,  369,  572,  326,  531,  186,  414,  354,  441,  638,  547,  428,  218,  629,  580,  368,  555,    0,  367,  221,  380,  368,  582,  507,  370,  668,  683,  425,  465,  345,  822,  706,  178,  375,  291,  236,  596,  356,  383,  390,  732,  143,  372,  581,  260,  716,  439,  649,  528,  379,  466,  183,  423,  764,  432,  384,   99,  529,  662,   86,  206,  355,  130,  408,  125,  227,  378,  416,  243,  400,  201,  257,  120,  138,  767,  452,  340,   99,  310,  479,  324,  559,  692,  182,  646,  621,  204,  423,   60,  426,  298,  312,  478,  332,  603,  503,  369,  141,  365,  535,  532,  764,  396,  425,  278,  307,  447,  432,  334,  412,  310,  140,  205,  491,  465,  247,  216,  709,  309,  171,  384,  367,  410,  580,  522,  827,  755,  501,  373,  460,  733,  546,  274,  454,   82,  207,  664,  571,  200,  625,  250,  434,  370,  386,  606,  768,  345,  425,  530,  344,  617,   51,  275,  135,  368,  356,  590,  366,  451,  386],
        [  321,    0,  472,  636,  349,  446,  361,  761,  754,  793,  712,  257,  480,  479,  382,   38,  291,  541,  171,  221,  746,  565,  688,  858,  189,  769,  162,  695,  414,  681,  361,  367,    0,  529,  399,  472,  533,  686,   44,  520,  850,  272,  216,  489,  555,  503,  302,  290,  137,  228,  477,  723,  490,   23,  423,  471,  460,  218,  624,  404,  263,  460,  175,  290,  168,  449,  669,  541,  418,  286,  375,  582,  770,  446,  222,   84,  371,  440,  354,  554,  106,  660,  288,  179,  501,  286,  336,  247,  507,  639,  706,  424,  109,  424,   68,  362,  424,  263,  692,  603,  248,  286,  398,  791,  241,  584,  279,  698,  330,  147,  105,  504,   49,  677,  472,  524,  295,  614,  390,  441,  660,  617,  659,  669,   98,  375,  240,  705,  811,  378,  233,  529,  228,  205,   19,  389,  189,  213,  170,  576,  466,  280,  737,  797,  469,  204,  520,  238,  447,  397,  763,  236,  404,  618,  505,  515,   77,  600,  496,  463,  227,  127,  184,  447,  363,  414,  637,  475,  298,  385,  780,  696,  430,  597],
        [  285,    0,  717,  210,  746,  264,  582,  842,  775,  729,  185,  598,  392,  723,  842,  543,  774,  499,  670,  397,  217,  524,  575,  769,  684,  243,  369,  827,  799,  155,  771,  221,  529,    0,  339,  270,  800,  672,  517,  888,  840,  642,  547,  543, 1032,  924,  399,  404,  413,  323,  816,  290,  586,  551,  930,  290,  284,  747,  178,  913,  654,  867,  703,  408,  660,   86,  560,  981,  391,  416,  308,  735,  845,  151,  419,  543,  159,  624,  340,  335,  570,  556,  284,  490,  351,  477,  339,  285,  978,  620,  271,  276,  440,  448,  470,  590,  900,  272,  848,  834,  293,  641,  163,  320,  515,   99,  530,  282,  809,  675,  491,  140,  510,  714,  751,  978,  424,  595,  491,  512,  602,  603,  130,  543,  446,  156,  422,  640,  289,  460,  309,  928,  375,  368,  543,  330,  616,  733,  655, 1041,  960,  560,  334,  269,  943,  728,  441,  523,  168,  414,  849,  756,  405,  837,   80,  639,  504,  549,  826,  968,  560,  543,  709,  552,  826,  181,  276,  270,  588,  321,  743,  426,  670,  551],
