{
    "name": "random-42-22461",
    "comment": "size=42 seed=22461",
    "nodes": ["+0", "-0", "+1", "-1", "+2", "-2", "+3", "-3", "+4", "-4", "+5", "-5", "+6", "-6", "+7", "-7", "+8", "-8", "+9", "-9", "+10", "-10", "+11", "-11", "+12", "-12", "+13", "-13", "+14", "-14", "+15", "-15", "+16", "-16", "+17", "-17", "+18", "-18", "+19", "-19", "+20", "-20", "+21", "-21", "+22", "-22", "+23", "-23", "+24", "-24", "+25", "-25", "+26", "-26", "+27", "-27", "+28", "-28", "+29", "-29", "+30", "-30", "+31", "-31", "+32", "-32", "+33", "-33", "+34", "-34", "+35", "-35", "+36", "-36", "+37", "-37", "+38", "-38", "+39", "-39", "+40", "-40", "+41", "-41", "+42", "-42"],
    "precedence": {
        "+0": "-0",
        "+1": "-1",
        "+2": "-2",
        "+3": "-3",
        "+4": "-4",
        "+5": "-5",
        "+6": "-6",
        "+7": "-7",
        "+8": "-8",
        "+9": "-9",
        "+10": "-10",
        "+11": "-11",
        "+12": "-12",
        "+13": "-13",
        "+14": "-14",
        "+15": "-15",
        "+16": "-16",
        "+17": "-17",
        "+18": "-18",
        "+19": "-19",
        "+20": "-20",
        "+21": "-21",
        "+22": "-22",
        "+23": "-23",
        "+24": "-24",
        "+25": "-25",
        "+26": "-26",
        "+27": "-27",
        "+28": "-28",
        "+29": "-29",
        "+30": "-30",
        "+31": "-31",
        "+32": "-32",
        "+33": "-33",
        "+34": "-34",
        "+35": "-35",
        "+36": "-36",
        "+37": "-37",
        "+38": "-38",
        "+39": "-39",
        "+40": "-40",
        "+41": "-41",
        "+42": "-42"
    },
    "edges": [
        [    0,    0,  709,  659,  267,  438,  316,  581,  874,  996,  831,  684,  953,  570,  362,  274,  611,  680,  265,  435,  451,  877,   13,  166,  549,  757,  385,  347,  369,  936,  536,  511,  747,  474,  413,  420,  487,  749,  743,  733,  611,  629,  287,  599,   29,  367,  938,  506,  155,  374, 1004,  712,  769,  517,  995,  439,  456,  720,   23,  983,  178,  499, 1020,  446,  474,  807,  535,  339,  472,  669,  761,  538,  560,  460,  557,  165,  761,  526,  852,  865,  503,  421,  611,  820,  902,  106],
        [    0,    0,    0,    0,    0,    0,    0,    0,    0,    0,    0,    0,    0,    0,    0,    0,    0,    0,    0,    0,    0,    0,    0,    0,    0,    0,    0,    0,    0,    0,    0,    0,    0,    0,    0,    0,    0,    0,    0,    0,    0,    0,    0,    0,    0,    0,    0,    0,    0,    0,    0,    0,    0,    0,    0,    0,    0,    0,    0,    0,    0,    0,    0,    0,    0,    0,    0,    0,    0,    0,    0,    0,    0,    0,    0,    0,    0,    0,    0,    0,    0,    0,    0,    0,    0,    0],
        [  709,    0,    0,  533,  580,  574,  547,  144,  368,  574,  490,   86,  466,  266,  611,  670,  130,  360,  728,  554,  579,  438,  701,  610,  292,  224,  358,  526,  347,  231,  358,  286,  323,  540,  389,  702,  303,   58,  424,  519,  567,  102,  554,  255,  682,  413,  556,  322,  639,  669,  346,   28,  242,  617,  533,  317,  469,  222,  714,  482,  745,  261,  391,  370,  812,  504,  348,  399,  380,   97,  337,  322,  536,  582,  505,  673,  181,  545,  282,  306,  356,  305,  216,  364,  193,  608],
        [  659,    0,  533,    0,  394,  850,  746,  429,  357,  373,  213,  594,  382,  282,  320,  427,  568,  821,  478,  231,  862,  955,  660,  689,  267,  743,  373,  313,  437,  705,  735,  645,  262,  846,  300,  337,  639,  590,  167,   86,  944,  556,  731,  283,  637,  646,  308,  678,  710,  346,  861,  510,  762,  190,  395,  602,  209,  338,  647,  413,  559,  600,  916,  675, 1029,  177,  220,  587,  244,  437,  837,  242,  894,  218,  103,  747,  406,  880,  408,  837,  236,  549,  660,  295,  643,  614],
        [  267,    0,  580,  394,    0,  569,  442,  436,  648,  744,  577,  586,  715,  366,  106,   93,  522,  689,  149,  168,  583,  874,  269,  334,  339,  703,  223,   86,  255,  808,  557,  493,  519,  585,  202,  195,  473,  631,  494,  471,  713,  530,  418,  394,  247,  402,  683,  507,  348,  144,  916,  572,  719,  254,  750,  420,  199,  517,  254,  746,  186,  460,  948,  468,  689,  550,  306,  344,  244,  510,  748,  318,  658,  195,  293,  381,  573,  632,  645,  814,  278,  375,  567,  588,  761,  243],
        [  438,    0,  574,  850,  569,    0,  130,  523,  893, 1076,  939,  503,  991,  619,  670,  635,  445,  332,  657,  693,   15,  511,  426,  275,  616,  484,  478,  599,  414,  742,  228,  288,  793,   51,  552,  763,  274,  580,  847,  892,  177,  472,  157,  639,  427,  206, 1036,  253,  283,  712,  737,  593,  486,  792, 1052,  278,  657,  716,  458, 1015,  597,  319,  726,  209,  240,  932,  643,  264,  607,  598,  426,  628,  133,  730,  760,  284,  718,   95,  829,  563,  619,  320,  373,  861,  738,  363],
        [  316,    0,  547,  746,  442,  130,    0,  467,  830, 1000,  854,  489,  925,  537,  545,  506,  421,  390,  528,  574,  144,  585,  304,  151,  530,  510,  377,  478,  317,  743,  255,  274,  719,  160,  447,  636,  252,  566,  761,  795,  297,  447,   29,  561,  302,  136,  955,  250,  165,  585,  768,  561,  517,  673,  982,  231,  545,  653,  335,  950,  469,  288,  768,  188,  291,  843,  549,  173,  505,  550,  480,  537,  245,  610,  651,  177,  667,  211,  775,  605,  522,  254,  376,  791,  728,  235],
        [  581,    0,  144,  429,  436,  523,  467,    0,  370,  559,  440,  173,  469,  147,  468,  526,  140,  398,  584,  415,  532,  527,  574,  501,  167,  318,  216,  382,  213,  373,  341,  252,  279,  499,  245,  561,  257,  199,  356,  434,  561,  128,  467,  150,  553,  332,  526,  290,  529,  526,  487,  137,  337,  485,  531,  246,  332,  194,  584,  492,  604,  211,  528,  316,  750,  443,  221,  300,  242,   89,  409,  196,  519,  445,  382,  566,  201,  518,  310,  420,  222,  213,  236,  342,  329,  484],
        [  874,    0,  368,  357,  648,  893,  830,  370,    0,  208,  183,  453,  101,  308,  616,  715,  475,  726,  774,  527,  901,  791,  870,  837,  327,  585,  495,  565,  533,  429,  703,  617,  130,  869,  462,  668,  625,  404,  191,  289,  921,  450,  826,  280,  847,  698,  202,  656,  864,  661,  599,  340,  601,  531,  166,  615,  457,  178,  870,  122,  832,  578,  664,  686, 1117,  218,  344,  658,  408,  303,  702,  337,  883,  534,  407,  903,  188,  885,   95,  643,  374,  578,  574,   65,  367,  795],
        [  996,    0,  574,  373,  744, 1076, 1000,  559,  208,    0,  167,  659,  118,  464,  686,  792,  675,  931,  847,  594, 1086,  998,  994,  987,  473,  792,  640,  659,  690,  623,  899,  810,  284, 1056,  589,  710,  816,  611,  254,  288, 1118,  652,  994,  440,  971,  875,   67,  849, 1012,  717,  793,  546,  808,  562,   58,  799,  545,  369,  988,  121,  921,  769,  859,  873, 1291,  199,  468,  829,  527,  503,  909,  472, 1078,  587,  461, 1051,  394, 1076,  300,  849,  499,  757,  776,  218,  564,  930],
        [  831,    0,  490,  213,  577,  939,  854,  440,  183,  167,    0,  569,  175,  321,  520,  626,  570,  831,  681,  428,  949,  927,  830,  829,  325,  714,  485,  492,  539,  599,  779,  688,  168,  924,  428,  549,  690,  538,   94,  129,  998,  549,  845,  302,  806,  734,  107,  726,  853,  553,  767,  462,  731,  402,  183,  666,  379,  269,  822,  204,  754,  645,  830,  741, 1145,   40,  310,  683,  366,  403,  824,  318,  954,  423,  295,  892,  318,  949,  264,  788,  340,  620,  671,  140,  535,  768],
        [  684,    0,   86,  594,  586,  503,  489,  173,  453,  659,  569,    0,  552,  315,  632,  679,   74,  274,  734,  585,  507,  364,  674,  569,  337,  150,  365,  543,  338,  258,  280,  219,  401,  465,  410,  727,  238,   78,  498,  588,  484,   57,  500,  311,  657,  359,  639,  251,  597,  690,  331,  113,  169,  657,  619,  264,  503,  301,  691,  567,  739,  202,  363,  305,  742,  581,  393,  356,  413,  167,  256,  367,  455,  616,  554,  629,  266,  466,  368,  248,  395,  265,  135,  447,  239,  579],
        [  953,    0,  466,  382,  715,  991,  925,  469,  101,  118,  175,  552,    0,  395,  671,  774,  575,  825,  832,  580, 1000,  885,  950,  926,  411,  681,  580,  630,  623,  506,  803,  717,  210,  968,  540,  712,  725,  500,  228,  302, 1021,  550,  920,  368,  926,  795,  137,  755,  952,  711,  676,  439,  697,  567,   68,  713,  518,  276,  947,   33,  897,  678,  742,  784, 1213,  214,  419,  753,  482,  404,  799,  416,  983,  581,  452,  991,  288,  984,  187,  734,  450,  675,  674,  136,  447,  878],
        [  570,    0,  266,  282,  366,  619,  537,  147,  308,  464,  321,  315,  395,    0,  368,  447,  286,  541,  507,  297,  629,  674,  565,  531,   29,  464,  187,  293,  228,  472,  467,  376,  186,  604,  166,  449,  375,  324,  230,  292,  684,  275,  530,   30,  542,  414,  419,  412,  557,  423,  609,  247,  482,  353,  448,  347,  212,  154,  567,  424,  549,  332,  657,  422,  828,  316,   83,  365,  129,  173,  556,   59,  638,  321,  240,  596,  208,  630,  284,  562,   97,  300,  380,  260,  417,  487],
        [  362,    0,  611,  320,  106,  670,  545,  468,  616,  686,  520,  632,  671,  368,    0,  108,  574,  766,  162,   93,  684,  944,  366,  440,  339,  760,  273,   91,  323,  833,  641,  569,  491,  684,  223,  101,  552,  666,  445,  402,  808,  577,  522,  392,  345,  495,  622,  588,  453,   58,  955,  599,  777,  155,  699,  500,  163,  510,  346,  703,  240,  532,  993,  555,  795,  488,  293,  434,  240,  530,  817,  312,  754,  104,  225,  485,  572,  729,  629,  870,  271,  451,  632,  553,  781,  348],
        [  274,    0,  670,  427,   93,  635,  506,  526,  715,  792,  626,  679,  774,  447,  108,    0,  615,  778,   61,  199,  649,  965,  280,  381,  419,  795,  315,  155,  348,  898,  643,  582,  587,  656,  287,  146,  562,  723,  549,  509,  788,  622,  480,  474,  261,  483,  729,  595,  389,  101, 1008,  662,  811,  257,  804,  508,  258,  596,  256,  806,  133,  550, 1041,  552,  731,  595,  381,  427,  321,  598,  839,  396,  733,  211,  332,  416,  655,  704,  720,  907,  354,  465,  658,  653,  850,  285],
        [  611,    0,  130,  568,  522,  445,  421,  140,  475,  675,  570,   74,  575,  286,  574,  615,    0,  262,  668,  534,  450,  390,  601,  496,  304,  188,  303,  484,  270,  330,  232,  157,  404,  411,  355,  671,  174,  146,  491,  572,  447,   28,  430,  289,  584,  289,  649,  193,  524,  632,  400,  149,  206,  612,  640,  193,  455,  308,  618,  594,  670,  133,  427,  241,  683,  577,  357,  283,  367,  173,  270,  332,  412,  567,  517,  557,  289,  418,  398,  297,  353,  192,  102,  459,  308,  506],
        [  680,    0,  360,  821,  689,  332,  390,  398,  726,  931,  831,  274,  825,  541,  766,  778,  262,    0,  821,  748,  329,  198,  668,  525,  554,  178,  501,  678,  445,  450,  145,  198,  665,  282,  570,  867,  217,  335,  752,  831,  238,  283,  414,  547,  658,  315,  908,  184,  546,  821,  412,  386,  172,  838,  892,  270,  680,  567,  694,  841,  794,  236,  396,  236,  557,  839,  603,  358,  600,  431,   94,  580,  230,  784,  758,  565,  538,  257,  641,  233,  593,  316,  163,  717,  465,  579],
        [  265,    0,  728,  478,  149,  657,  528,  584,  774,  847,  681,  734,  832,  507,  162,   61,  668,  821,    0,  254,  671, 1010,  273,  393,  480,  846,  371,  215,  399,  956,  683,  627,  647,  682,  347,  170,  606,  780,  606,  562,  816,  677,  500,  534,  258,  519,  782,  637,  397,  138, 1063,  720,  862,  301,  860,  552,  318,  656,  244,  864,   97,  598, 1095,  591,  734,  649,  441,  466,  381,  657,  885,  456,  762,  261,  386,  419,  715,  732,  780,  958,  415,  512,  707,  712,  909,  298],
        [  435,    0,  554,  231,  168,  693,  574,  415,  527,  594,  428,  585,  580,  297,   93,  199,  534,  748,  254,    0,  707,  916,  437,  489,  269,  722,  248,   98,  308,  768,  633,  553,  403,  701,  181,  153,  539,  611,  353,  312,  818,  533,  554,  319,  414,  504,  530,  578,  506,  134,  900,  539,  739,   99,  607,  491,   86,  431,  421,  612,  329,  513,  942,  554,  841,  396,  217,  442,  174,  467,  790,  239,  764,   38,  133,  541,  496,  743,  544,  829,  201,  439,  603,  464,  713,  403],
        [  451,    0,  579,  862,  583,   15,  144,  532,  901, 1086,  949,  507, 1000,  629,  684,  649,  450,  329,  671,  707,    0,  505,  439,  288,  627,  484,  491,  613,  426,  744,  230,  294,  803,   48,  565,  777,  280,  584,  858,  904,  165,  478,  171,  649,  440,  218, 1046,  258,  297,  726,  736,  599,  486,  805, 1061,  287,  670,  725,  471, 1023,  611,  326,  724,  216,  237,  943,  655,  276,  619,  605,  423,  640,  123,  743,  773,  296,  726,   86,  836,  561,  631,  330,  376,  870,  741,  377],
        [  877,    0,  438,  955,  874,  511,  585,  527,  791,  998,  927,  364,  885,  674,  944,  965,  390,  198, 1010,  916,  505,    0,  865,  722,  693,  215,  672,  854,  623,  421,  342,  384,  760,  460,  735, 1044,  406,  391,  860,  951,  373,  399,  609,  672,  856,  512,  988,  377,  743, 1000,  311,  465,  197,  999,  952,  459,  841,  659,  892,  894,  988,  415,  266,  433,  715,  942,  746,  552,  755,  529,  127,  721,  390,  950,  906,  760,  612,  424,  699,  158,  742,  500,  313,  798,  461,  776],
        [   13,    0,  701,  660,  269,  426,  304,  574,  870,  994,  830,  674,  950,  565,  366,  280,  601,  668,  273,  437,  439,  865,    0,  153,  544,  747,  380,  347,  362,  927,  524,  501,  743,  462,  410,  425,  476,  740,  741,  733,  599,  620,  275,  594,   24,  356,  936,  495,  143,  380,  994,  704,  758,  520,  993,  429,  456,  715,   33,  980,  188,  489, 1009,  435,  464,  806,  532,  328,  469,  662,  749,  534,  548,  463,  557,  154,  755,  513,  847,  854,  500,  411,  601,  816,  893,   96],
        [  166,    0,  610,  689,  334,  275,  151,  501,  837,  987,  829,  569,  926,  531,  440,  381,  496,  525,  393,  489,  288,  722,  153,    0,  516,  621,  347,  391,  305,  826,  382,  374,  716,  310,  402,  521,  349,  641,  736,  750,  446,  519,  122,  558,  153,  222,  934,  361,   29,  470,  875,  618,  630,  583,  976,  309,  480,  668,  185,  954,  325,  372,  883,  298,  355,  812,  520,  214,  465,  589,  610,  515,  395,  521,  588,   66,  697,  361,  798,  724,  489,  307,  477,  790,  801,   97],
        [  549,    0,  292,  267,  339,  616,  530,  167,  327,  473,  325,  337,  411,   29,  339,  419,  304,  554,  480,  269,  627,  693,  544,  516,    0,  484,  170,  265,  217,  500,  474,  383,  201,  604,  141,  420,  380,  349,  232,  284,  689,  294,  522,   55,  521,  411,  425,  418,  542,  394,  636,  274,  503,  326,  461,  349,  183,  179,  545,  440,  522,  339,  683,  424,  821,  316,   57,  359,  100,  200,  573,   31,  641,  293,  217,  581,  236,  632,  309,  585,   69,  300,  394,  275,  445,  469],
        [  757,    0,  224,  743,  703,  484,  510,  318,  585,  792,  714,  150,  681,  464,  760,  795,  188,  178,  846,  722,  484,  215,  747,  621,  484,    0,  488,  670,  448,  273,  261,  248,  546,  438,  543,  858,  273,  182,  646,  737,  414,  192,  528,  461,  733,  399,  778,  263,  646,  818,  258,  252,   19,  799,  748,  318,  643,  445,  768,  692,  840,  259,  264,  326,  719,  728,  539,  419,  554,  315,  120,  514,  401,  754,  700,  672,  402,  422,  494,  112,  538,  343,  147,  587,  290,  652],
        [  385,    0,  358,  373,  223,  478,  377,  216,  495,  640,  485,  365,  580,  187,  273,  315,  303,  501,  371,  248,  491,  672,  380,  347,  170,  488,    0,  183,   66,  588,  387,  305,  371,  476,   76,  373,  292,  409,  391,  419,  581,  309,  364,  216,  358,  275,  589,  331,  373,  331,  693,  353,  504,  340,  630,  245,  188,  335,  384,  609,  389,  265,  727,  313,  665,  470,  175,  215,  130,  296,  546,  168,  529,  285,  284,  412,  378,  512,  467,  598,  147,  192,  360,  445,  544,  300],
        [  347,    0,  526,  313,   86,  599,  478,  382,  565,  659,  492,  543,  630,  293,   91,  155,  484,  678,  215,   98,  613,  854,  347,  391,  265,  670,  183,    0,  234,  750,  555,  480,  437,  609,  138,  191,  464,  580,  409,  388,  730,  488,  457,  320,  324,  415,  598,  501,  408,  148,  868,  515,  687,  195,  665,  413,  114,  442,  335,  662,  268,  443,  905,  471,  743,  465,  227,  354,  166,  448,  728,  242,  675,  133,  211,  444,  500,  653,  566,  780,  200,  363,  542,  504,  700,  307],
        [  369,    0,  347,  437,  255,  414,  317,  213,  533,  690,  539,  338,  623,  228,  323,  348,  270,  445,  399,  308,  426,  623,  362,  305,  217,  448,   66,  234,    0,  577,  325,  248,  414,  411,  142,  423,  232,  392,  446,  480,  516,  281,  306,  255,  341,  210,  641,  270,  332,  378,  668,  346,  464,  403,  676,  183,  252,  365,  371,  651,  402,  210,  697,  249,  607,  527,  233,  151,  193,  301,  496,  222,  464,  345,  350,  371,  398,  447,  495,  560,  207,  131,  313,  487,  538,  273],
        [  936,    0,  231,  705,  808,  742,  743,  373,  429,  623,  599,  258,  506,  472,  833,  898,  330,  450,  956,  768,  744,  421,  927,  826,  500,  273,  588,  750,  577,    0,  514,  470,  453,  699,  613,  919,  492,  188,  562,  668,  686,  309,  755,  453,  908,  615,  629,  498,  854,  890,  171,  237,  280,  821,  570,  521,  683,  368,  941,  507,  975,  459,  237,  557,  981,  626,  554,  613,  596,  303,  381,  530,  671,  793,  700,  886,  300,  690,  337,  265,  568,  521,  372,  459,   64,  833],
        [  536,    0,  358,  735,  557,  228,  255,  341,  703,  899,  779,  280,  803,  467,  641,  643,  232,  145,  683,  633,  230,  342,  524,  382,  474,  261,  387,  555,  325,  514,    0,   92,  620,  186,  460,  741,   97,  356,  693,  758,  220,  259,  276,  480,  514,  171,  867,   58,  405,  693,  517,  380,  265,  727,  867,  143,  573,  531,  550,  823,  652,  136,  514,   93,  467,  780,  516,  218,  500,  400,  229,  495,  181,  670,  661,  426,  519,  187,  629,  351,  500,  195,  147,  681,  511,  435],
        [  511,    0,  286,  645,  493,  288,  274,  252,  617,  810,  688,  219,  717,  376,  569,  582,  157,  198,  627,  553,  294,  384,  501,  374,  383,  248,  305,  480,  248,  470,   92,    0,  530,  256,  377,  670,   25,  296,  602,  667,  310,  185,  288,  389,  487,  152,  777,   39,  399,  623,  502,  305,  258,  645,  780,   76,  489,  443,  523,  738,  607,   45,  511,   88,  526,  689,  426,  174,  413,  316,  260,  405,  268,  589,  574,  427,  436,  268,  546,  354,  411,  119,  104,  593,  457,  407],
        [  747,    0,  323,  262,  519,  793,  719,  279,  130,  284,  168,  401,  210,  186,  491,  587,  404,  665,  647,  403,  803,  760,  743,  716,  201,  546,  371,  437,  414,  453,  620,  530,    0,  774,  334,  548,  534,  372,  109,  215,  839,  383,  714,  160,  720,  592,  247,  568,  743,  537,  617,  296,  564,  417,  263,  516,  329,  102,  742,  239,  704,  488,  676,  590, 1009,  183,  215,  547,  279,  236,  657,  209,  797,  413,  291,  782,  158,  795,  148,  624,  245,  474,  505,   74,  390,  669],
        [  474,    0,  540,  846,  585,   51,  160,  499,  869, 1056,  924,  465,  968,  604,  684,  656,  411,  282,  682,  701,   48,  460,  462,  310,  604,  438,  476,  609,  411,  699,  186,  256,  774,    0,  551,  779,  245,  542,  833,  884,  137,  439,  188,  622,  461,  201, 1018,  219,  322,  728,  689,  560,  439,  799, 1030,  258,  658,  693,  494,  990,  627,  291,  677,  184,  283,  919,  635,  262,  603,  570,  376,  618,   87,  738,  759,  326,  690,   52,  801,  514,  613,  304,  333,  840,  697,  393],
        [  413,    0,  389,  300,  202,  552,  447,  245,  462,  589,  428,  410,  540,  166,  223,  287,  355,  570,  347,  181,  565,  735,  410,  402,  141,  543,   76,  138,  142,  613,  460,  377,  334,  551,    0,  318,  365,  444,  336,  351,  657,  356,  432,  195,  387,  350,  534,  404,  426,  281,  732,  378,  560,  268,  584,  320,  113,  319,  408,  570,  383,  335,  771,  389,  732,  410,  122,  290,   63,  312,  610,  125,  605,  216,  209,  465,  372,  588,  449,  651,   91,  267,  423,  407,  564,  341],
        [  420,    0,  702,  337,  195,  763,  636,  561,  668,  710,  549,  727,  712,  449,  101,  146,  671,  867,  170,  153,  777, 1044,  425,  521,  420,  858,  373,  191,  423,  919,  741,  670,  548,  779,  318,    0,  652,  758,  486,  423,  906,  673,  611,  471,  407,  593,  644,  689,  530,   52, 1047,  688,  875,  149,  731,  600,  238,  582,  401,  744,  265,  633, 1087,  655,  873,  513,  370,  533,  324,  617,  918,  391,  851,  136,  262,  559,  648,  825,  692,  968,  352,  552,  732,  604,  865,  426],
        [  487,    0,  303,  639,  473,  274,  252,  257,  625,  816,  690,  238,  725,  375,  552,  562,  174,  217,  606,  539,  280,  406,  476,  349,  380,  273,  292,  464,  232,  492,   97,   25,  534,  245,  365,  652,    0,  316,  602,  664,  310,  201,  265,  389,  463,  128,  781,   40,  375,  606,  526,  321,  283,  632,  787,   54,  477,  450,  499,  747,  584,   47,  536,   68,  510,  689,  420,  150,  404,  326,  282,  400,  264,  576,  565,  403,  447,  261,  557,  378,  404,  102,  129,  599,  477,  382],
        [  749,    0,   58,  590,  631,  580,  566,  199,  404,  611,  538,   78,  500,  324,  666,  723,  146,  335,  780,  611,  584,  391,  740,  641,  349,  182,  409,  580,  392,  188,  356,  296,  372,  542,  444,  758,  316,    0,  475,  573,  555,  123,  575,  313,  721,  434,  598,  328,  669,  724,  290,   81,  198,  675,  567,  338,  526,  271,  754,  512,  793,  278,  334,  383,  819,  554,  405,  428,  437,  154,  299,  380,  529,  639,  563,  702,  222,  541,  314,  253,  413,  335,  210,  407,  162,  645],
        [  743,    0,  424,  167,  494,  847,  761,  356,  191,  254,   94,  498,  228,  230,  445,  549,  491,  752,  606,  353,  858,  860,  741,  736,  232,  646,  391,  409,  446,  562,  693,  602,  109,  833,  336,  486,  602,  475,    0,  108,  911,  472,  751,  213,  717,  642,  199,  638,  761,  484,  725,  397,  664,  344,  257,  576,  295,  205,  734,  260,  674,  558,  784,  651, 1051,   88,  217,  591,  274,  332,  752,  225,  866,  354,  225,  800,  266,  859,  245,  727,  248,  529,  591,  128,  498,  677],
        [  733,    0,  519,   86,  471,  892,  795,  434,  289,  288,  129,  588,  302,  292,  402,  509,  572,  831,  562,  312,  904,  951,  733,  750,  284,  737,  419,  388,  480,  668,  758,  667,  215,  884,  351,  423,  664,  573,  108,    0,  973,  556,  782,  285,  709,  687,  223,  702,  773,  430,  830,  493,  755,  275,  310,  632,  278,  306,  722,  332,  640,  622,  888,  707, 1082,   92,  250,  630,  291,  423,  839,  266,  925,  301,  180,  811,  370,  914,  351,  824,  274,  582,  669,  231,  604,  680],
        [  611,    0,  567,  944,  713,  177,  297,  561,  921, 1118,  998,  484, 1021,  684,  808,  788,  447,  238,  816,  818,  165,  373,  599,  446,  689,  414,  581,  730,  516,  686,  220,  310,  839,  137,  657,  906,  310,  555,  911,  973,    0,  473,  325,  698,  598,  315, 1086,  273,  458,  855,  643,  591,  409,  915, 1086,  343,  768,  750,  631, 1040,  763,  354,  618,  270,  343,  998,  727,  377,  703,  618,  321,  708,   55,  855,  863,  460,  736,   86,  844,  463,  708,  395,  352,  901,  697,  529],
        [  629,    0,  102,  556,  530,  472,  447,  128,  450,  652,  549,   57,  550,  275,  577,  622,   28,  283,  677,  533,  478,  399,  620,  519,  294,  192,  309,  488,  281,  309,  259,  185,  383,  439,  356,  673,  201,  123,  472,  556,  473,    0,  456,  275,  602,  314,  626,  221,  547,  635,  388,  122,  210,  609,  616,  218,  453,  286,  636,  568,  683,  160,  419,  268,  710,  558,  348,  306,  364,  149,  283,  323,  439,  565,  509,  580,  263,  445,  371,  297,  347,  213,  125,  436,  283,  525],
        [  287,    0,  554,  731,  418,  157,   29,  467,  826,  994,  845,  500,  920,  530,  522,  480,  430,  414,  500,  554,  171,  609,  275,  122,  522,  528,  364,  457,  306,  755,  276,  288,  714,  188,  432,  611,  265,  575,  751,  782,  325,  456,    0,  555,  273,  142,  947,  266,  138,  560,  785,  567,  535,  652,  976,  238,  528,  651,  306,  947,  440,  298,  787,  203,  301,  833,  538,  169,  492,  552,  503,  527,  274,  589,  635,  152,  668,  239,  775,  625,  510,  256,  390,  786,  737,  206],
        [  599,    0,  255,  283,  394,  639,  561,  150,  280,  440,  302,  311,  368,   30,  392,  474,  289,  547,  534,  319,  649,  672,  594,  558,   55,  461,  216,  320,  255,  453,  480,  389,  160,  622,  195,  471,  389,  313,  213,  285,  698,  275,  555,    0,  571,  436,  397,  426,  585,  446,  595,  234,  479,  368,  422,  365,  234,  125,  596,  396,  577,  345,  644,  440,  851,  300,  102,  389,  154,  159,  557,   81,  653,  341,  252,  624,  181,  647,  255,  556,  122,  320,  385,  233,  396,  516],
        [   29,    0,  682,  637,  247,  427,  302,  553,  847,  971,  806,  657,  926,  542,  345,  261,  584,  658,  258,  414,  440,  856,   24,  153,  521,  733,  358,  324,  341,  908,  514,  487,  720,  461,  387,  407,  463,  721,  717,  709,  598,  602,  273,  571,    0,  345,  912,  483,  147,  360,  978,  684,  744,  498,  969,  415,  432,  692,   36,  957,  177,  474,  995,  424,  477,  782,  508,  314,  446,  641,  739,  511,  546,  441,  534,  164,  733,  512,  824,  841,  477,  395,  586,  793,  874,   81],
        [  367,    0,  413,  646,  402,  206,  136,  332,  698,  875,  734,  359,  795,  414,  495,  483,  289,  315,  519,  504,  218,  512,  356,  222,  411,  399,  275,  415,  210,  615,  171,  152,  592,  201,  350,  593,  128,  434,  642,  687,  315,  314,  142,  436,  345,    0,  833,  140,  248,  544,  654,  426,  409,  601,  854,   96,  458,  521,  381,  820,  483,  157,  662,   80,  419,  727,  437,   63,  403,  415,  394,  423,  261,  541,  559,  275,  532,  240,  641,  502,  414,  120,  256,  663,  596,  265],
        [  938,    0,  556,  308,  683, 1036,  955,  526,  202,   67,  107,  639,  137,  419,  622,  729,  649,  908,  782,  530, 1046,  988,  936,  934,  425,  778,  589,  598,  641,  629,  867,  777,  247, 1018,  534,  644,  781,  598,  199,  223, 1086,  626,  947,  397,  912,  833,    0,  815,  959,  652,  800,  528,  795,  496,  105,  761,  485,  341,  928,  154,  858,  735,  865,  835, 1246,  134,  415,  784,  472,  478,  892,  421, 1044,  523,  397,  998,  376, 1041,  296,  842,  446,  717,  750,  192,  568,  874],
        [  506,    0,  322,  678,  507,  253,  250,  290,  656,  849,  726,  251,  755,  412,  588,  595,  193,  184,  637,  578,  258,  377,  495,  361,  418,  263,  331,  501,  270,  498,   58,   39,  568,  219,  404,  689,   40,  328,  638,  702,  273,  221,  266,  426,  483,  140,  815,    0,  385,  641,  520,  342,  271,  671,  819,   89,  516,  481,  519,  776,  611,   81,  524,   64,  492,  726,  459,  175,  443,  354,  256,  438,  230,  614,  604,  411,  474,  230,  585,  363,  443,  139,  127,  631,  488,  402],
        [  155,    0,  639,  710,  348,  283,  165,  529,  864, 1012,  853,  597,  952,  557,  453,  389,  524,  546,  397,  506,  297,  743,  143,   29,  542,  646,  373,  408,  332,  854,  405,  399,  743,  322,  426,  530,  375,  669,  761,  773,  458,  547,  138,  585,  147,  248,  959,  385,    0,  481,  901,  647,  655,  599, 1002,  336,  501,  696,  176,  981,  323,  399,  909,  322,  343,  836,  544,  242,  488,  618,  633,  540,  408,  537,  608,   40,  725,  373,  826,  748,  514,  335,  503,  816,  829,  106],
        [  374,    0,  669,  346,  144,  712,  585,  526,  661,  717,  553,  690,  711,  423,   58,  101,  632,  821,  138,  134,  726, 1000,  380,  470,  394,  818,  331,  148,  378,  890,  693,  623,  537,  728,  281,   52,  606,  724,  484,  430,  855,  635,  560,  446,  360,  544,  652,  641,  481,    0, 1013,  656,  835,  164,  734,  553,  214,  562,  356,  743,  229,  587, 1051,  607,  824,  519,  346,  484,  295,  587,  874,  366,  800,  131,  260,  510,  626,  775,  678,  928,  326,  505,  689,  597,  837,  376],
        [ 1004,    0,  346,  861,  916,  737,  768,  487,  599,  793,  767,  331,  676,  609,  955, 1008,  400,  412, 1063,  900,  736,  311,  994,  875,  636,  258,  693,  868,  668,  171,  517,  502,  617,  689,  732, 1047,  526,  290,  725,  830,  643,  388,  785,  595,  978,  654,  800,  520,  901, 1013,    0,  363,  253,  961,  739,  568,  815,  526, 1013,  676, 1069,  506,   68,  583,  967,  793,  692,  668,  726,  437,  323,  667,  641,  927,  846,  928,  460,  667,  507,  181,  701,  584,  398,  628,  233,  899],
        [  712,    0,   28,  510,  572,  593,  561,  137,  340,  546,  462,  113,  439,  247,  599,  662,  149,  386,  720,  539,  599,  465,  704,  618,  274,  252,  353,  515,  346,  237,  380,  305,  296,  560,  378,  688,  321,   81,  397,  493,  591,  122,  567,  234,  684,  426,  528,  342,  647,  656,  363,    0,  269,  599,  506,  331,  454,  195,  716,  455,  741,  277,  411,  387,  830,  478,  329,  408,  365,   75,  365,  305,  559,  566,  485,  682,  153,  566,  256,  331,  339,  315,  240,  337,  192,  612],
        [  769,    0,  242,  762,  719,  486,  517,  337,  601,  808,  731,  169,  697,  482,  777,  811,  206,  172,  862,  739,  486,  197,  758,  630,  503,   19,  504,  687,  464,  280,  265,  258,  564,  439,  560,  875,  283,  198,  664,  755,  409,  210,  535,  479,  744,  409,  795,  271,  655,  835,  253,  269,    0,  817,  764,  330,  661,  463,  780,  708,  854,  272,  254,  335,  720,  746,  557,  431,  572,  333,  107,  532,  399,  772,  718,  681,  419,  422,  510,   98,  557,  357,  159,  604,  300,  664],
        [  517,    0,  617,  190,  254,  792,  673,  485,  531,  562,  402,  657,  567,  353,  155,  257,  612,  838,  301,   99,  805,  999,  520,  583,  326,  799,  340,  195,  403,  821,  727,  645,  417,  799,  268,  149,  632,  675,  344,  275,  915,  609,  652,  368,  498,  601,  496,  671,  599,  164,  961,  599,  817,    0,  584,  585,  159,  465,  501,  599,  389,  603, 1008,  650,  937,  366,  270,  539,  246,  525,  875,  295,  861,   63,  127,  633,  534,  841,  564,  904,  264,  532,  688,  467,  762,  495],
        [  995,    0,  533,  395,  750, 1052,  982,  531,  166,   58,  183,  619,   68,  448,  699,  804,  640,  892,  860,  607, 1061,  952,  993,  976,  461,  748,  630,  665,  676,  570,  867,  780,  263, 1030,  584,  731,  787,  567,  257,  310, 1086,  616,  976,  422,  969,  854,  105,  819, 1002,  734,  739,  506,  764,  584,    0,  774,  551,  338,  988,   64,  930,  741,  806,  846, 1271,  219,  463,  810,  524,  469,  866,  463, 1047,  603,  475, 1041,  354, 1047,  254,  801,  494,  734,  740,  192,  511,  924],
        [  439,    0,  317,  602,  420,  278,  231,  246,  615,  799,  666,  264,  713,  347,  500,  508,  193,  270,  552,  491,  287,  459,  429,  309,  349,  318,  245,  413,  183,  521,  143,   76,  516,  258,  320,  600,   54,  338,  576,  632,  343,  218,  238,  365,  415,   96,  761,   89,  336,  553,  568,  331,  330,  585,  774,    0,  432,  438,  450,  737,  531,   63,  581,   76,  506,  663,  385,  101,  362,  324,  335,  366,  293,  527,  523,  366,  443,  284,  553,  427,  366,   54,  172,  584,  500,  334],
        [  456,    0,  469,  209,  199,  657,  545,  332,  457,  545,  379,  503,  518,  212,  163,  258,  455,  680,  318,   86,  670,  841,  456,  480,  183,  643,  188,  114,  252,  683,  573,  489,  329,  658,  113,  238,  477,  526,  295,  278,  768,  453,  528,  234,  432,  458,  485,  516,  501,  214,  815,  454,  661,  159,  551,  432,    0,  348,  446,  550,  380,  446,  859,  500,  824,  352,  133,  397,   90,  381,  717,  154,  715,  113,  108,  538,  412,  697,  466,  749,  115,  379,  530,  395,  628,  405],
        [  720,    0,  222,  338,  517,  716,  653,  194,  178,  369,  269,  301,  276,  154,  510,  596,  308,  567,  656,  431,  725,  659,  715,  668,  179,  445,  335,  442,  365,  368,  531,  443,  102,  693,  319,  582,  450,  271,  205,  306,  750,  286,  651,  125,  692,  521,  341,  481,  696,  562,  526,  195,  463,  465,  338,  438,  348,    0,  718,  299,  701,  403,  582,  509,  940,  284,  217,  483,  276,  137,  556,  201,  710,  448,  340,  734,   70,  710,  133,  523,  242,  402,  409,  152,  306,  633],
        [   23,    0,  714,  647,  254,  458,  335,  584,  870,  988,  822,  691,  947,  567,  346,  256,  618,  694,  244,  421,  471,  892,   33,  185,  545,  768,  384,  335,  371,  941,  550,  523,  742,  494,  408,  401,  499,  754,  734,  722,  631,  636,  306,  596,   36,  381,  928,  519,  176,  356, 1013,  716,  780,  501,  988,  450,  446,  718,    0,  977,  156,  510, 1030,  460,  496,  797,  529,  350,  466,  670,  774,  533,  579,  445,  545,  187,  761,  545,  850,  876,  497,  430,  622,  814,  906,  117],
        [  983,    0,  482,  413,  746, 1015,  950,  492,  122,  121,  204,  567,   33,  424,  703,  806,  594,  841,  864,  612, 1023,  894,  980,  954,  440,  692,  609,  662,  651,  507,  823,  738,  239,  990,  570,  744,  747,  512,  260,  332, 1040,  568,  947,  396,  957,  820,  154,  776,  981,  743,  676,  455,  708,  599,   64,  737,  550,  299,  977,    0,  929,  700,  743,  807, 1238,  243,  449,  779,  512,  423,  811,  447, 1003,  613,  484, 1020,  306, 1006,  200,  741,  481,  700,  692,  165,  449,  908],
        [  178,    0,  745,  559,  186,  597,  469,  604,  832,  921,  754,  739,  897,  549,  240,  133,  670,  794,   97,  329,  611,  988,  188,  325,  522,  840,  389,  268,  402,  975,  652,  607,  704,  627,  383,  265,  584,  793,  674,  640,  763,  683,  440,  577,  177,  483,  858,  611,  323,  229, 1069,  741,  854,  389,  930,  531,  380,  701,  156,  929,    0,  583, 1095,  559,  651,  724,  492,  437,  429,  684,  865,  503,  710,  344,  462,  340,  755,  678,  829,  951,  463,  497,  696,  772,  932,  234],
        [  499,    0,  261,  600,  460,  319,  288,  211,  578,  769,  645,  202,  678,  332,  532,  550,  133,  236,  598,  513,  326,  415,  489,  372,  339,  259,  265,  443,  210,  459,  136,   45,  488,  291,  335,  633,   47,  278,  558,  622,  354,  160,  298,  345,  474,  157,  735,   81,  399,  587,  506,  277,  272,  603,  741,   63,  446,  403,  510,  700,  583,    0,  521,  111,  554,  645,  381,  162,  369,  280,  289,  360,  310,  549,  530,  429,  400,  308,  511,  369,  367,   87,  114,  552,  440,  394],
        [ 1020,    0,  391,  916,  948,  726,  768,  528,  664,  859,  830,  363,  742,  657,  993, 1041,  427,  396, 1095,  942,  724,  266, 1009,  883,  683,  264,  727,  905,  697,  237,  514,  511,  676,  677,  771, 1087,  536,  334,  784,  888,  618,  419,  787,  644,  995,  662,  865,  524,  909, 1051,   68,  411,  254, 1008,  806,  581,  859,  582, 1030,  743, 1095,  521,    0,  588,  951,  854,  738,  682,  769,  485,  303,  713,  622,  971,  895,  934,  519,  651,  571,  165,  746,  603,  409,  690,  298,  915],
        [  446,    0,  370,  675,  468,  209,  188,  316,  686,  873,  741,  305,  784,  422,  555,  552,  241,  236,  591,  554,  216,  433,  435,  298,  424,  326,  313,  471,  249,  557,   93,   88,  590,  184,  389,  655,   68,  383,  651,  707,  270,  268,  203,  440,  424,   80,  835,   64,  322,  607,  583,  387,  335,  650,  846,   76,  500,  509,  460,  807,  559,  111,  588,    0,  443,  738,  459,  126,  434,  390,  315,  441,  219,  591,  594,  347,  510,  209,  620,  427,  440,  126,  189,  656,  544,  344],
        [  474,    0,  812, 1029,  689,  240,  291,  750, 1117, 1291, 1145,  742, 1213,  828,  795,  731,  683,  557,  734,  841,  237,  715,  464,  355,  821,  719,  665,  743,  607,  981,  467,  526, 1009,  283,  732,  873,  510,  819, 1051, 1082,  343,  710,  301,  851,  477,  419, 1246,  492,  343,  824,  967,  830,  720,  937, 1271,  506,  824,  940,  496, 1238,  651,  554,  951,  443,    0, 1133,  838,  463,  792,  829,  649,  828,  330,  874,  931,  316,  949,  301, 1058,  790,  811,  539,  612, 1080,  977,  449],
        [  807,    0,  504,  177,  550,  932,  843,  443,  218,  199,   40,  581,  214,  316,  488,  595,  577,  839,  649,  396,  943,  942,  806,  812,  316,  728,  470,  465,  527,  626,  780,  689,  183,  919,  410,  513,  689,  554,   88,   92,  998,  558,  833,  300,  782,  727,  134,  726,  836,  519,  793,  478,  746,  366,  219,  663,  352,  284,  797,  243,  724,  645,  854,  738, 1133,    0,  296,  674,  348,  415,  836,  306,  953,  389,  263,  874,  338,  946,  294,  806,  324,  615,  677,  169,  562,  748],
        [  535,    0,  348,  220,  306,  643,  549,  221,  344,  468,  310,  393,  419,   83,  293,  381,  357,  603,  441,  217,  655,  746,  532,  520,   57,  539,  175,  227,  233,  554,  516,  426,  215,  635,  122,  370,  420,  405,  217,  250,  727,  348,  538,  102,  508,  437,  415,  459,  544,  346,  692,  329,  557,  270,  463,  385,  133,  217,  529,  449,  492,  381,  738,  459,  838,  296,    0,  382,   64,  255,  626,   26,  677,  240,  162,  583,  280,  666,  340,  640,   32,  333,  444,  286,  497,  463],
        [  339,    0,  399,  587,  344,  264,  173,  300,  658,  829,  683,  356,  753,  365,  434,  427,  283,  358,  466,  442,  276,  552,  328,  214,  359,  419,  215,  354,  151,  613,  218,  174,  547,  262,  290,  533,  150,  428,  591,  630,  377,  306,  169,  389,  314,   63,  784,  175,  242,  484,  668,  408,  431,  539,  810,  101,  397,  483,  350,  779,  437,  162,  682,  126,  463,  674,  382,    0,  344,  387,  430,  369,  323,  479,  498,  275,  501,  302,  607,  527,  357,   94,  273,  619,  588,  234],
        [  472,    0,  380,  244,  244,  607,  505,  242,  408,  527,  366,  413,  482,  129,  240,  321,  367,  600,  381,  174,  619,  755,  469,  465,  100,  554,  130,  166,  193,  596,  500,  413,  279,  603,   63,  324,  404,  437,  274,  291,  703,  364,  492,  154,  446,  403,  472,  443,  488,  295,  726,  365,  572,  246,  524,  362,   90,  276,  466,  512,  429,  369,  769,  434,  792,  348,   64,  344,    0,  293,  631,   76,  652,  203,  162,  527,  335,  638,  402,  660,   35,  309,  446,  350,  542,  403],
        [  669,    0,   97,  437,  510,  598,  550,   89,  303,  503,  403,  167,  404,  173,  530,  598,  173,  431,  657,  467,  605,  529,  662,  589,  200,  315,  296,  448,  301,  303,  400,  316,  236,  570,  312,  617,  326,  154,  332,  423,  618,  149,  552,  159,  641,  415,  478,  354,  618,  587,  437,   75,  333,  525,  469,  324,  381,  137,  670,  423,  684,  280,  485,  390,  829,  415,  255,  387,  293,    0,  422,  231,  581,  493,  410,  654,  121,  583,  231,  402,  267,  297,  273,  287,  252,  572],
        [  761,    0,  337,  837,  748,  426,  480,  409,  702,  909,  824,  256,  799,  556,  817,  839,  270,   94,  885,  790,  423,  127,  749,  610,  573,  120,  546,  728,  496,  381,  229,  260,  657,  376,  610,  918,  282,  299,  752,  839,  321,  283,  503,  557,  739,  394,  892,  256,  633,  874,  323,  365,  107,  875,  866,  335,  717,  556,  774,  811,  865,  289,  303,  315,  649,  836,  626,  430,  631,  422,    0,  601,  320,  825,  785,  653,  517,  349,  613,  142,  620,  374,  187,  701,  405,  658],
        [  538,    0,  322,  242,  318,  628,  537,  196,  337,  472,  318,  367,  416,   59,  312,  396,  332,  580,  456,  239,  640,  721,  534,  515,   31,  514,  168,  242,  222,  530,  495,  405,  209,  618,  125,  391,  400,  380,  225,  266,  708,  323,  527,   81,  511,  423,  421,  438,  540,  366,  667,  305,  532,  295,  463,  366,  154,  201,  533,  447,  503,  360,  713,  441,  828,  306,   26,  369,   76,  231,  601,    0,  659,  263,  187,  579,  261,  648,  327,  615,   42,  316,  420,  282,  475,  462],
