{
    "name": "random-69-31202",
    "comment": "size=69 seed=31202",
    "nodes": ["+0", "-0", "+1", "-1", "+2", "-2", "+3", "-3", "+4", "-4", "+5", "-5", "+6", "-6", "+7", "-7", "+8", "-8", "+9", "-9", "+10", "-10", "+11", "-11", "+12", "-12", "+13", "-13", "+14", "-14", "+15", "-15", "+16", "-16", "+17", "-17", "+18", "-18", "+19", "-19", "+20", "-20", "+21", "-21", "+22", "-22", "+23", "-23", "+24", "-24", "+25", "-25", "+26", "-26", "+27", "-27", "+28", "-28", "+29", "-29", "+30", "-30", "+31", "-31", "+32", "-32", "+33", "-33", "+34", "-34", "+35", "-35", "+36", "-36", "+37", "-37", "+38", "-38", "+39", "-39", "+40", "-40", "+41", "-41", "+42", "-42", "+43", "-43", "+44", "-44", "+45", "-45", "+46", "-46", "+47", "-47", "+48", "-48", "+49", "-49", "+50", "-50", "+51", "-51", "+52", "-52", "+53", "-53", "+54", "-54", "+55", "-55", "+56", "-56", "+57", "-57", "+58", "-58", "+59", "-59", "+60", "-60", "+61", "-61", "+62", "-62", "+63", "-63", "+64", "-64", "+65", "-65", "+66", "-66", "+67", "-67", "+68", "-68", "+69", "-69"],
    "precedence": {
        "+0": "-0",
        "+1": "-1",
        "+2": "-2",
        "+3": "-3",
        "+4": "-4",
        "+5": "-5",
        "+6": "-6",
        "+7": "-7",
        "+8": "-8",
        "+9": "-9",
        "+10": "-10",
        "+11": "-11",
        "+12": "-12",
        "+13": "-13",
        "+14": "-14",
        "+15": "-15",
        "+16": "-16",
        "+17": "-17",
        "+18": "-18",
        "+19": "-19",
        "+20": "-20",
        "+21": "-21",
        "+22": "-22",
        "+23": "-23",
        "+24": "-24",
        "+25": "-25",
        "+26": "-26",
        "+27": "-27",
        "+28": "-28",
        "+29": "-29",
        "+30": "-30",
        "+31": "-31",
        "+32": "-32",
        "+33": "-33",
        "+34": "-34",
        "+35": "-35",
        "+36": "-36",
        "+37": "-37",
        "+38": "-38",
        "+39": "-39",
        "+40": "-40",
        "+41": "-41",
        "+42": "-42",
        "+43": "-43",
        "+44": "-44",
        "+45": "-45",
        "+46": "-46",
        "+47": "-47",
        "+48": "-48",
        "+49": "-49",
        "+50": "-50",
        "+51": "-51",
        "+52": "-52",
        "+53": "-53",
        "+54": "-54",
        "+55": "-55",
        "+56": "-56",
        "+57": "-57",
        "+58": "-58",
        "+59": "-59",
        "+60": "-60",
        "+61": "-61",
        "+62": "-62",
        "+63": "-63",
        "+64": "-64",
        "+65": "-65",
        "+66": "-66",
        "+67": "-67",
        "+68": "-68",
        "+69": "-69"
    },
    "edges": [
        [    0,    0,  814,  764,  286,  865,  602,  649,  992,  866,  427,  707,  130,  845,  964, 1222,  386, 1334,  657,  794,  699,  947, 1041, 1129, 1015,  893,  978, 1067,  704,  371,  756,  701,  898,  994, 1192,  234, 1005,  869, 1024,  137, 1021, 1256,  651, 1040,  409,  601,  453,  291,  454,  786, 1083,  375,  769,  466, 1036,  764, 1209,  653,  886,  711,  940,  938,  723,  256,  719,  744,  535,  342,  760,  863,  987,  326, 1093,  826,  721,  554,  367, 1250,  905,  812,  798,  909,  545, 1011, 1167,  603,  594,   77,   22,  388,  423,  870,  514,  862,  764, 1146,  538,  825,  933,  721, 1081, 1152,  818,  713,  349,  576,  927, 1079,  555,  333,  578, 1202,  701,  235,  597,  930,  842,  692,  389,  886,  265, 1250,  875, 1034,  638,  919,  378,  677,  284,  863,  634,  524,  459,  560,  902,  569,  944, 1090,  907, 1233],
        [    0,    0,    0,    0,    0,    0,    0,    0,    0,    0,    0,    0,    0,    0,    0,    0,    0,    0,    0,    0,    0,    0,    0,    0,    0,    0,    0,    0,    0,    0,    0,    0,    0,    0,    0,    0,    0,    0,    0,    0,    0,    0,    0,    0,    0,    0,    0,    0,    0,    0,    0,    0,    0,    0,    0,    0,    0,    0,    0,    0,    0,    0,    0,    0,    0,    0,    0,    0,    0,    0,    0,    0,    0,    0,    0,    0,    0,    0,    0,    0,    0,    0,    0,    0,    0,    0,    0,    0,    0,    0,    0,    0,    0,    0,    0,    0,    0,    0,    0,    0,    0,    0,    0,    0,    0,    0,    0,    0,    0,    0,    0,    0,    0,    0,    0,    0,    0,    0,    0,    0,    0,    0,    0,    0,    0,    0,    0,    0,    0,    0,    0,    0,    0,    0,    0,    0,    0,    0,    0,    0],
        [  814,    0,    0,   56,  529,  259,  316,  696,  885,  378,  401,  607,  768,  131,  318,  616,  644,  680,  159,  537,  644,  210,  455,  367,  289,  494,  166,  533,  231,  467,  233,  518,  231,  486,  474,  668,  192,  560,  372,  681,  298,  709,  237,  230,  408,  416,  734,  524,  645,   56,  373,  608,  181,  351,  543,  287,  640,  505,  655,  452,  390,  211,  225,  762,  314,  317,  690,  477,  573,  115,  531,  493,  458,  687,  541,  753,  595,  584,  194,  339,  327,  912,  299,  346,  696,  316,  228,  738,  793,  468,  551,  323,  727,  805,  180,  730,  602,  913,  210,  194,  536,  707,  132,  624,  512,  310,  736,  473,  326,  579,  465,  501,  250,  584,  758,  903,  878,  334,  647,  655,  552,  600,  770,  222,  291,  136,  679,  174,  639,  238,  255,  651,  404,  710,  433,  513,  793,  604,  788,  519],
        [  764,    0,   56,    0,  479,  245,  263,  683,  891,  399,  357,  601,  722,  167,  357,  659,  611,  728,  115,  542,  636,  258,  493,  421,  338,  512,  220,  567,  226,  423,  240,  513,  228,  516,  525,  625,  244,  571,  415,  632,  347,  748,  218,  285,  356,  400,  706,  474,  617,   73,  422,  573,  192,  299,  574,  295,  680,  495,  663,  450,  420,  258,  224,  722,  314,  322,  668,  425,  573,  126,  557,  441,  501,  689,  538,  731,  560,  633,  236,  354,  340,  910,  262,  389,  729,  295,  186,  687,  743,  413,  519,  348,  703,  805,  190,  758,  581,  905,  222,  150,  572,  738,  118,  618,  471,  255,  745,  513,  271,  540,  447,  551,  205,  532,  739,  904,  873,  329,  614,  663,  501,  647,  773,  276,  274,  189,  646,  120,  599,  226,  202,  628,  349,  689,  456,  494,  800,  635,  793,  570],
        [  286,    0,  529,  479,    0,  601,  347,  537,  870,  620,  153,  548,  257,  564,  697,  974,  299, 1079,  372,  597,  556,  668,  789,  851,  739,  671,  693,  827,  434,  119,  488,  509,  627,  755,  922,  200,  720,  668,  759,  154,  746, 1023,  379,  755,  127,  378,  410,   11,  356,  501,  812,  261,  494,  184,  804,  506,  969,  462,  711,  496,  688,  660,  453,  306,  467,  492,  446,   73,  580,  582,  760,   60,  834,  674,  536,  494,  244,  991,  627,  562,  547,  820,  270,  744,  948,  345,  310,  210,  265,  155,  265,  613,  451,  744,  489,  940,  402,  761,  657,  449,  840,  939,  539,  560,  139,  315,  770,  825,  296,  193,  374,  935,  438,   67,  528,  832,  758,  444,  304,  711,   42,  993,  742,  749,  376,  635,  319,  397,  209,  595,  367,  416,  210,  476,  664,  387,  803,  863,  773,  964],
        [  865,    0,  259,  245,  601,    0,  265,  915, 1136,  637,  524,  841,  857,  388,  567,  851,  806,  896,  325,  786,  875,  445,  705,  556,  515,  752,  325,  785,  469,  588,  484,  755,   56,  742,  678,  783,  324,  815,  615,  749,  524,  951,  454,  375,  477,  633,  911,  600,  826,  309,  594,  765,  434,  426,  799,  539,  882,  734,  908,  693,  646,  451,  468,  887,  559,  566,  888,  532,  816,  155,  789,  547,  697,  932,  780,  950,  749,  803,  442,  596,  583, 1153,  465,  587,  949,  524,  386,  790,  844,  479,  720,  581,  918, 1048,  433,  987,  804, 1143,  116,  158,  787,  962,  129,  858,  642,  291,  989,  717,  311,  718,  676,  711,  165,  635,  964, 1147, 1113,  572,  810,  908,  607,  823, 1017,  358,  510,  361,  839,  225,  769,   22,  235,  848,  407,  911,  692,  723, 1044,  858, 1037,  721],
        [  602,    0,  316,  263,  347,  265,    0,  758, 1036,  612,  309,  713,  602,  421,  607,  912,  593,  988,  234,  698,  739,  519,  737,  682,  599,  709,  467,  804,  399,  362,  441,  639,  302,  743,  787,  540,  484,  748,  668,  490,  608,  994,  356,  531,  233,  497,  705,  348,  628,  326,  683,  550,  409,  194,  801,  489,  928,  605,  826,  591,  651,  518,  410,  647,  483,  501,  704,  275,  711,  302,  775,  290,  754,  826,  668,  763,  533,  892,  493,  556,  540, 1025,  304,  644,  958,  396,  246,  527,  581,  215,  518,  573,  726,  928,  405,  977,  630,  994,  347,  141,  811,  962,  248,  730,  416,   38,  902,  762,   52,  493,  527,  813,  103,  373,  786, 1026,  974,  481,  597,  826,  347,  905,  908,  519,  400,  451,  623,  143,  535,  264,   61,  665,  144,  731,  669,  566,  951,  864,  933,  832],
        [  649,    0,  696,  683,  537,  915,  758,    0,  345,  442,  464,  123,  521,  619,  595,  724,  266,  849,  591,  252,   85,  669,  586,  804,  692,  383,  792,  564,  466,  437,  479,  199,  909,  504,  799,  422,  825,  311,  629,  559,  693,  712,  465,  827,  565,  283,  211,  528,  197,  641,  717,  290,  529,  576,  518,  438,  688,  194,  275,  265,  510,  655,  475,  405,  393,  401,  115,  580,  194,  806,  465,  578,  656,  194,  191,  127,  304,  792,  629,  425,  425,  283,  461,  634,  598,  391,  536,  617,  641,  664,  274,  489,  149,  215,  527,  553,  137,  236,  903,  770,  581,  572,  797,  113,  400,  721,  290,  625,  714,  353,  240,  789,  798,  586,   95,  295,  223,  367,  262,  275,  575,  779,  228,  833,  409,  703,  271,  699,  375,  899,  734,  128,  679,   95,  436,  195,  298,  548,  260,  825],
        [  992,    0,  885,  891,  870, 1136, 1036,  345,    0,  525,  773,  329,  863,  772,  661,  632,  611,  746,  829,  350,  315,  776,  578,  846,  762,  411,  925,  513,  668,  761,  654,  397, 1115,  491,  789,  767,  954,  331,  662,  903,  759,  567,  693,  938,  876,  541,  544,  860,  542,  831,  748,  633,  705,  874,  465,  599,  578,  434,  232,  449,  557,  764,  668,  744,  578,  570,  457,  904,  327, 1000,  432,  905,  643,  211,  369,  444,  646,  726,  750,  550,  560,  128,  734,  680,  445,  641,  793,  961,  984,  982,  609,  586,  480,  131,  706,  374,  472,  229, 1092, 1012,  527,  410, 1008,  315,  732, 1002,  152,  605, 1000,  694,  519,  765, 1052,  924,  401,   96,  180,  568,  607,  232,  910,  703,  131,  950,  641,  840,  615,  945,  720, 1116,  999,  472,  984,  432,  483,  491,   93,  453,  103,  797],
        [  866,    0,  378,  399,  620,  637,  612,  442,  525,    0,  470,  322,  770,  254,  156,  357,  542,  470,  379,  205,  363,  253,  176,  363,  255,  118,  401,  209,  216,  507,  172,  245,  607,  139,  365,  650,  430,  195,  190,  735,  255,  406,  268,  417,  551,  270,  579,  610,  503,  330,  276,  526,  210,  517,  194,  126,  349,  269,  294,  190,   77,  240,  203,  703,  154,  129,  495,  610,  259,  489,  164,  620,  235,  350,  252,  546,  524,  390,  225,   60,   76,  577,  367,  193,  349,  276,  379,  803,  849,  655,  464,   61,  541,  471,  213,  366,  419,  606,  577,  541,  221,  351,  509,  336,  518,  586,  374,  215,  593,  542,  306,  362,  591,  686,  530,  562,  560,  177,  542,  294,  658,  386,  427,  427,  248,  315,  572,  486,  602,  616,  559,  467,  622,  500,   58,  336,  433,  256,  437,  396],
        [  427,    0,  401,  357,  153,  524,  309,  464,  773,  470,    0,  444,  368,  419,  545,  823,  287,  927,  243,  469,  461,  521,  638,  703,  590,  529,  559,  679,  282,   68,  336,  389,  539,  607,  770,  270,  588,  536,  607,  291,  596,  875,  228,  619,  104,  246,  397,  144,  320,  365,  661,  245,  344,  116,  658,  354,  819,  344,  591,  363,  537,  512,  301,  369,  317,  342,  398,  144,  462,  472,  616,  152,  682,  567,  417,  456,  228,  838,  479,  412,  396,  741,  119,  592,  805,  194,  174,  354,  407,  211,  211,  461,  418,  654,  339,  802,  330,  698,  557,  366,  691,  798,  438,  458,  118,  271,  657,  674,  260,  194,  256,  783,  374,  218,  481,  748,  685,  296,  291,  591,  189,  841,  643,  615,  225,  494,  318,  302,  247,  514,  302,  360,  216,  426,  517,  283,  697,  718,  672,  812],
        [  707,    0,  607,  601,  548,  841,  713,  123,  329,  322,  444,    0,  586,  517,  476,  605,  325,  729,  521,  130,   42,  557,  463,  684,  574,  260,  688,  444,  377,  435,  380,   90,  828,  381,  676,  475,  720,  193,  508,  601,  575,  599,  387,  718,  547,  218,  306,  538,  260,  551,  596,  333,  432,  545,  398,  333,  571,  110,  180,  157,  389,  544,  383,  483,  294,  297,  208,  577,   72,  720,  345,  578,  533,  127,   72,  242,  343,  670,  520,  311,  313,  315,  410,  513,  489,  324,  476,  665,  697,  654,  295,  372,  252,  216,  431,  452,  170,  307,  816,  704,  460,  467,  718,   18,  411,  678,  224,  502,  675,  385,  190,  667,  739,  605,  217,  314,  273,  273,  322,  180,  588,  658,  199,  726,  332,  598,  341,  635,  424,  823,  681,  197,  656,  201,  314,  163,  256,  433,  228,  702],
        [  130,    0,  768,  722,  257,  857,  602,  521,  863,  770,  368,  586,    0,  780,  880, 1123,  262, 1239,  610,  679,  575,  878,  945, 1057,  940,  786,  927,  964,  627,  303,  677,  587,  883,  892, 1110,  121,  956,  755,  937,  120,  946, 1150,  579,  986,  382,  501,  323,  258,  329,  732, 1003,  257,  697,  437,  931,  678, 1106,  541,  765,  603,  845,  868,  646,  127,  629,  653,  407,  327,  642,  832,  881,  312, 1002,  702,  605,  425,  253, 1158,  834,  719,  707,  780,  480,  927, 1056,  520,  541,  129,  127,  396,  312,  781,  385,  733,  692, 1030,  416,  696,  911,  705,  979, 1039,  792,  591,  267,  570,  803,  984,  552,  228,  471, 1117,  695,  234,  468,  800,  713,  600,  265,  765,  256, 1155,  748,  982,  556,  859,  251,  651,  170,  851,  623,  398,  461,  432,  801,  457,  818,  982,  780, 1149],
        [  845,    0,  131,  167,  564,  388,  421,  619,  772,  254,  419,  517,  780,    0,  190,  493,  616,  567,  210,  430,  557,  107,  327,  288,  184,  371,  175,  403,  168,  479,  140,  428,  355,  356,  374,  670,  207,  443,  249,  709,  193,  582,  204,  219,  456,  355,  691,  557,  603,   97,  266,  584,   94,  404,  413,  185,  514,  425,  540,  360,  260,  101,  152,  753,  226,  221,  632,  526,  473,  237,  402,  540,  335,  582,  447,  693,  575,  472,   73,  223,  214,  810,  302,  224,  566,  276,  257,  771,  825,  537,  522,  196,  673,  703,   98,  600,  544,  821,  323,  317,  406,  577,  262,  534,  514,  407,  622,  346,  420,  570,  405,  396,  372,  626,  691,  799,  782,  253,  618,  540,  594,  484,  664,  221,  242,   88,  651,  280,  633,  366,  362,  595,  482,  648,  307,  452,  680,  473,  679,  419],
        [  964,    0,  318,  357,  697,  567,  607,  595,  661,  156,  545,  476,  880,  190,    0,  305,  672,  390,  383,  359,  518,  128,  139,  209,  103,  253,  280,  220,  264,  594,  210,  398,  527,  188,  231,  761,  304,  339,   64,  829,  101,  392,  319,  280,  606,  393,  721,  689,  640,  286,  128,  650,  211,  561,  240,  203,  324,  416,  436,  337,  105,  119,  245,  827,  253,  231,  643,  672,  414,  412,  245,  685,  148,  501,  406,  696,  646,  297,  125,  177,  184,  725,  429,   48,  384,  362,  411,  895,  945,  699,  586,  110,  688,  619,  217,  427,  562,  759,  485,  506,  221,  399,  446,  491,  617,  590,  512,  157,  601,  655,  437,  239,  562,  762,  683,  707,  711,  284,  673,  436,  732,  305,  573,  293,  326,  210,  704,  467,  717,  545,  548,  612,  653,  650,  181,  474,  571,  295,  580,  270],
        [ 1222,    0,  616,  659,  974,  851,  912,  724,  632,  357,  823,  605, 1123,  493,  305,    0,  885,  125,  686,  478,  639,  409,  186,  330,  337,  350,  534,  163,  551,  862,  497,  559,  805,  234,  215, 1003,  546,  414,  245, 1091,  328,  115,  607,  503,  896,  623,  902,  965,  836,  589,  261,  874,  512,  856,  207,  470,   59,  597,  472,  524,  287,  406,  533, 1048,  508,  483,  808,  959,  533,  698,  260,  970,  159,  560,  551,  846,  874,  102,  424,  414,  428,  737,  713,  271,  198,  630,  709, 1159, 1206,  995,  813,  364,  853,  651,  517,  271,  745,  807,  755,  808,  147,  232,  738,  612,  874,  895,  514,  153,  906,  895,  653,  179,  864, 1040,  819,  709,  751,  533,  884,  472, 1012,   74,  600,  521,  599,  492,  912,  772,  954,  830,  853,  788,  953,  804,  322,  676,  562,  185,  591,  198],
        [  386,    0,  644,  611,  299,  806,  593,  266,  611,  542,  287,  325,  262,  616,  672,  885,    0, 1005,  500,  424,  314,  699,  715,  868,  749,  539,  783,  723,  449,  232,  489,  333,  816,  652,  900,  157,  815,  499,  724,  294,  753,  901,  417,  833,  368,  279,  114,  291,   70,  597,  799,   43,  524,  400,  685,  473,  862,  290,  504,  361,  619,  687,  467,  165,  421,  442,  158,  358,  383,  735,  633,  351,  777,  441,  349,  197,   61,  930,  655,  499,  490,  540,  351,  718,  801,  341,  430,  351,  377,  446,   95,  566,  153,  481,  520,  772,  155,  470,  827,  649,  739,  782,  709,  329,  180,  556,  541,  755,  543,  108,  238,  902,  661,  336,  234,  557,  475,  390,    5,  504,  332,  924,  491,  834,  375,  702,   36,  582,  110,  794,  589,  139,  482,  186,  565,  209,  559,  732,  523,  935],
        [ 1334,    0,  680,  728, 1079,  896,  988,  849,  746,  470,  927,  729, 1239,  567,  390,  125, 1005,    0,  771,  602,  764,  471,  294,  346,  392,  473,  573,  287,  649,  970,  595,  681,  847,  355,  221, 1118,  578,  538,  326, 1202,  383,  187,  705,  530,  994,  738, 1025, 1070,  958,  662,  308,  992,  601,  950,  332,  574,  170,  719,  596,  644,  395,  471,  630, 1168,  617,  592,  932, 1059,  657,  748,  385, 1071,  246,  685,  674,  971,  992,   96,  495,  523,  537,  855,  814,  348,  303,  736,  801, 1269, 1317, 1089,  931,  467,  977,  773,  607,  376,  868,  928,  792,  874,  270,  338,  794,  737,  986,  974,  635,  256,  987, 1011,  771,  186,  930, 1145,  944,  827,  872,  643, 1004,  596, 1116,   87,  722,  548,  703,  548, 1033,  846, 1070,  876,  928,  911, 1042,  929,  441,  796,  680,  308,  711,  182],
        [  657,    0,  159,  115,  372,  325,  234,  591,  829,  379,  243,  521,  610,  210,  383,  686,  500,  771,    0,  482,  554,  315,  507,  494,  393,  479,  321,  571,  170,  310,  208,  438,  323,  510,  583,  511,  349,  525,  446,  524,  402,  763,  137,  383,  254,  310,  597,  367,  510,  131,  474,  461,  177,  199,  568,  257,  698,  413,  609,  381,  419,  310,  178,  608,  258,  273,  566,  324,  504,  236,  542,  340,  531,  621,  465,  629,  447,  676,  281,  324,  308,  835,  150,  424,  725,  201,   72,  581,  637,  328,  408,  340,  598,  733,  173,  744,  480,  820,  328,  184,  579,  729,  213,  539,  357,  211,  688,  535,  220,  426,  352,  604,  224,  429,  640,  832,  792,  263,  503,  609,  397,  686,  705,  377,  190,  268,  534,  116,  485,  309,  182,  526,  273,  589,  436,  398,  741,  631,  728,  628],
        [  794,    0,  537,  542,  597,  786,  698,  252,  350,  205,  469,  130,  679,  430,  359,  478,  424,  602,  482,    0,  168,  453,  335,  565,  459,  131,  593,  316,  319,  479,  305,   93,  766,  252,  549,  562,  624,   76,  384,  676,  459,  480,  347,  616,  569,  223,  426,  587,  367,  482,  473,  423,  357,  554,  272,  251,  447,  141,  128,  109,  265,  439,  318,  588,  229,  221,  331,  611,   59,  652,  218,  616,  405,  152,   76,  370,  428,  541,  419,  210,  217,  381,  404,  392,  378,  305,  453,  742,  780,  678,  371,  261,  376,  273,  357,  353,  275,  403,  745,  664,  332,  360,  659,  140,  468,  666,  206,  373,  666,  462,  224,  538,  706,  660,  346,  369,  357,  220,  422,  128,  638,  529,  235,  626,  298,  505,  447,  598,  511,  767,  657,  313,  666,  327,  188,  225,  260,  311,  252,  574],
        [  699,    0,  644,  636,  556,  875,  739,   85,  315,  363,  461,   42,  575,  557,  518,  639,  314,  764,  554,  168,    0,  599,  502,  726,  616,  298,  728,  480,  414,  446,  419,  130,  864,  419,  717,  468,  761,  227,  549,  598,  617,  629,  421,  760,  565,  247,  282,  546,  247,  589,  637,  328,  471,  567,  433,  373,  604,  142,  197,  197,  430,  585,  420,  467,  333,  337,  183,  589,  110,  757,  380,  590,  573,  128,  114,  209,  339,  708,  561,  353,  354,  286,  437,  555,  516,  355,  505,  661,  690,  669,  296,  414,  224,  193,  470,  475,  163,  269,  853,  736,  496,  492,  753,   29,  418,  704,  228,  541,  699,  385,  213,  706,  769,  611,  180,  289,  239,  311,  311,  197,  596,  694,  187,  767,  365,  639,  327,  666,  418,  858,  709,  180,  675,  171,  354,  179,  250,  464,  218,  741],
        [  947,    0,  210,  258,  668,  445,  519,  669,  776,  253,  521,  557,  878,  107,  128,  409,  699,  471,  315,  453,  599,    0,  263,  183,   81,  365,  153,  346,  254,  579,  211,  471,  403,  316,  270,  765,  179,  448,  170,  811,   90,  507,  299,  164,  562,  427,  765,  661,  679,  194,  165,  671,  181,  510,  368,  236,  437,  478,  547,  405,  226,   14,  235,  843,  287,  273,  698,  631,  503,  291,  371,  646,  253,  602,  486,  756,  663,  375,   45,  247,  245,  830,  403,  143,  510,  364,  362,  874,  928,  643,  607,  193,  741,  723,  186,  554,  612,  854,  359,  403,  346,  527,  330,  573,  611,  508,  625,  272,  522,  662,  476,  294,  459,  730,  749,  815,  810,  318,  701,  547,  699,  390,  679,  175,  328,   84,  733,  376,  726,  424,  459,  663,  587,  710,  294,  520,  684,  422,  690,  315],
        [ 1041,    0,  455,  493,  789,  705,  737,  586,  578,  176,  638,  463,  945,  327,  139,  186,  715,  294,  507,  335,  502,  263,    0,  270,  211,  205,  409,   85,  365,  678,  313,  402,  664,   90,  220,  825,  430,  288,   98,  909,  205,  257,  421,  397,  711,  445,  744,  780,  672,  421,  173,  700,  331,  671,  119,  284,  192,  434,  372,  356,  102,  255,  348,  877,  324,  299,  655,  774,  393,  550,  148,  785,   72,  451,  400,  700,  699,  216,  264,  230,  244,  660,  528,  124,  248,  445,  525,  976, 1024,  810,  638,  178,  701,  561,  336,  297,  584,  712,  621,  642,   83,  266,  584,  474,  692,  717,  436,   41,  727,  717,  479,  205,  697,  855,  679,  638,  659,  350,  715,  372,  827,  211,  511,  413,  413,  346,  744,  600,  777,  683,  679,  630,  770,  656,  154,  507,  493,  163,  511,  240],
        [ 1129,    0,  367,  421,  851,  556,  682,  804,  846,  363,  703,  684, 1057,  288,  209,  330,  868,  346,  494,  565,  726,  183,  270,    0,  120,  450,  233,  347,  431,  760,  383,  606,  505,  355,  126,  943,  234,  537,  186,  993,  116,  443,  480,  185,  744,  590,  924,  843,  841,  367,   99,  842,  361,  691,  388,  395,  377,  623,  630,  545,  302,  192,  412, 1017,  448,  429,  849,  813,  621,  413,  415,  828,  215,  701,  614,  903,  836,  257,  225,  383,  387,  921,  585,  174,  490,  540,  544, 1057, 1110,  821,  778,  317,  894,  818,  367,  552,  766,  962,  449,  555,  338,  517,  463,  699,  791,  676,  700,  252,  692,  839,  637,  162,  610,  913,  891,  901,  912,  479,  869,  630,  881,  282,  770,  203,  503,  233,  901,  541,  902,  536,  622,  817,  763,  857,  381,  677,  758,  423,  773,  166],
        [ 1015,    0,  289,  338,  739,  515,  599,  692,  762,  255,  590,  574,  940,  184,  103,  337,  749,  392,  393,  459,  616,   81,  211,  120,    0,  355,  202,  296,  314,  645,  265,  493,  469,  281,  190,  825,  220,  441,  113,  879,   10,  439,  364,  187,  636,  471,  806,  731,  723,  274,   85,  723,  246,  586,  326,  276,  370,  508,  538,  430,  206,   84,  294,  898,  328,  310,  732,  705,  514,  362,  339,  719,  185,  603,  503,  788,  717,  296,  114,  268,  271,  827,  471,   88,  456,  421,  437,  943,  996,  720,  659,  203,  777,  722,  252,  507,  649,  861,  421,  482,  292,  476,  404,  589,  674,  588,  613,  211,  602,  720,  518,  214,  538,  802,  777,  809,  813,  360,  749,  538,  771,  313,  675,  202,  385,  157,  782,  457,  783,  494,  539,  699,  666,  742,  283,  559,  672,  374,  682,  235],
        [  893,    0,  494,  512,  671,  752,  709,  383,  411,  118,  529,  260,  786,  371,  253,  350,  539,  473,  479,  131,  298,  365,  205,  450,  355,    0,  515,  187,  311,  553,  276,  209,  724,  122,  423,  666,  544,   88,  265,  769,  352,  364,  356,  527,  620,  296,  552,  661,  487,  444,  354,  532,  321,  594,  147,  223,  323,  250,  184,  183,  150,  353,  302,  703,  230,  210,  459,  673,  189,  606,   95,  680,  276,  253,  202,  500,  534,  411,  341,  159,  173,  473,  440,  278,  278,  342,  469,  836,  878,  728,  474,  178,  505,  369,  323,  275,  396,  513,  694,  650,  204,  270,  624,  270,  553,  682,  260,  243,  686,  561,  316,  410,  698,  736,  476,  455,  463,  239,  538,  184,  711,  399,  322,  539,  322,  431,  565,  591,  616,  731,  660,  438,  704,  457,   72,  332,  320,  197,  328,  445],
        [  978,    0,  166,  220,  693,  325,  467,  792,  925,  401,  559,  688,  927,  175,  280,  534,  783,  573,  321,  593,  728,  153,  409,  233,  202,  515,    0,  493,  339,  624,  314,  599,  275,  468,  354,  822,   33,  595,  312,  844,  210,  640,  366,   65,  573,  529,  862,  687,  774,  195,  274,  749,  267,  517,  518,  356,  570,  599,  694,  532,  379,  164,  325,  911,  400,  393,  806,  643,  640,  182,  523,  658,  386,  744,  617,  867,  738,  480,  176,  384,  379,  973,  450,  285,  656,  443,  386,  902,  957,  633,  689,  340,  847,  866,  270,  704,  718,  991,  222,  332,  491,  675,  234,  705,  666,  467,  774,  413,  485,  727,  578,  387,  385,  749,  865,  960,  949,  427,  785,  694,  717,  501,  824,   56,  411,   90,  818,  333,  790,  304,  408,  769,  568,  822,  445,  625,  833,  571,  836,  397],
        [ 1067,    0,  533,  567,  827,  785,  804,  564,  513,  209,  679,  444,  964,  403,  220,  163,  723,  287,  571,  316,  480,  346,   85,  347,  296,  187,  493,    0,  419,  713,  369,  396,  746,   74,  277,  844,  514,  255,  183,  938,  289,  197,  473,  482,  759,  466,  739,  818,  673,  495,  252,  713,  395,  723,   51,  331,  143,  435,  325,  363,  153,  338,  404,  887,  362,  338,  645,  818,  372,  631,  100,  828,  134,  410,  388,  685,  714,  231,  344,  268,  284,  605,  574,  209,  165,  485,  582, 1006, 1051,  862,  654,  233,  691,  511,  399,  212,  583,  665,  704,  716,   17,  182,  663,  452,  721,  782,  379,   96,  790,  737,  494,  253,  770,  894,  659,  580,  610,  384,  722,  325,  866,  215,  460,  498,  456,  428,  750,  670,  795,  764,  748,  625,  826,  643,  165,  514,  433,   79,  455,  286],
        [  704,    0,  231,  226,  434,  469,  399,  466,  668,  216,  282,  377,  627,  168,  264,  551,  449,  649,  170,  319,  414,  254,  365,  431,  314,  311,  339,  419,    0,  333,   55,  289,  453,  352,  490,  513,  371,  357,  326,  568,  320,  615,   57,  386,  347,  191,  524,  426,  436,  176,  380,  419,   75,  307,  408,   91,  554,  275,  444,  225,  268,  242,   20,  590,   91,  104,  469,  411,  348,  343,  378,  423,  404,  464,  313,  530,  411,  558,  210,  158,  142,  685,  166,  310,  565,  111,  164,  633,  685,  446,  356,  189,  509,  580,   71,  579,  381,  683,  440,  347,  428,  566,  343,  394,  361,  372,  524,  399,  378,  409,  241,  502,  391,  499,  532,  679,  649,  104,  451,  444,  469,  563,  548,  387,   75,  255,  484,  284,  473,  450,  350,  431,  408,  486,  271,  289,  578,  472,  569,  531],
        [  371,    0,  467,  423,  119,  588,  362,  437,  761,  507,   68,  435,  303,  479,  594,  862,  232,  970,  310,  479,  446,  579,  678,  760,  645,  553,  624,  713,  333,    0,  386,  392,  604,  640,  822,  203,  653,  549,  655,  235,  651,  907,  281,  683,  137,  260,  345,  109,  274,  430,  713,  190,  400,  169,  688,  397,  855,  345,  594,  378,  577,  569,  353,  302,  355,  380,  359,  144,  463,  539,  643,  144,  727,  561,  419,  414,  172,  884,  536,  449,  435,  719,  178,  641,  831,  235,  240,  301,  352,  228,  169,  504,  373,  638,  394,  822,  301,  668,  624,  430,  726,  821,  504,  448,   55,  325,  655,  715,  312,  132,  256,  833,  435,  184,  442,  728,  660,  330,  237,  594,  160,  885,  632,  679,  269,  557,  261,  367,  181,  578,  362,  324,  252,  388,  549,  273,  690,  746,  662,  863],
        [  756,    0,  233,  240,  488,  484,  441,  479,  654,  172,  336,  380,  677,  140,  210,  497,  489,  595,  208,  305,  419,  211,  313,  383,  265,  276,  314,  369,   55,  386,    0,  291,  462,  305,  437,  561,  347,  332,  272,  620,  270,  564,  111,  355,  400,  219,  557,  479,  470,  178,  328,  461,   53,  359,  362,   56,  502,  285,  424,  223,  217,  199,   36,  635,   87,   85,  494,  465,  341,  347,  335,  477,  350,  454,  312,  554,  454,  504,  167,  118,  103,  680,  220,  257,  519,  157,  214,  686,  737,  498,  397,  137,  536,  574,   53,  537,  406,  686,  442,  374,  378,  522,  356,  397,  411,  416,  506,  345,  423,  456,  268,  448,  423,  553,  552,  672,  648,  114,  490,  424,  523,  509,  538,  359,  121,  226,  523,  316,  519,  464,  388,  457,  459,  509,  229,  314,  562,  425,  556,  478],
        [  701,    0,  518,  513,  509,  755,  639,  199,  397,  245,  389,   90,  587,  428,  398,  559,  333,  681,  438,   93,  130,  471,  402,  606,  493,  209,  599,  396,  289,  392,  291,    0,  741,  327,  607,  469,  631,  169,  434,  583,  494,  569,  303,  631,  491,  146,  344,  499,  279,  462,  520,  330,  343,  481,  355,  244,  532,   49,  203,   68,  317,  457,  294,  497,  205,  208,  254,  528,   74,  631,  303,  532,  469,  187,   29,  302,  335,  615,  433,  227,  227,  398,  338,  437,  470,  245,  397,  650,  688,  599,  278,  290,  300,  295,  341,  446,  187,  396,  727,  621,  412,  452,  631,  107,  378,  605,  270,  441,  603,  369,  136,  601,  659,  571,  286,  395,  361,  185,  331,  203,  550,  605,  270,  638,  248,  510,  357,  553,  418,  736,  603,  230,  593,  257,  248,  132,  314,  400,  295,  636],
        [  898,    0,  231,  228,  627,   56,  302,  909, 1115,  607,  539,  828,  883,  355,  527,  805,  816,  847,  323,  766,  864,  403,  664,  505,  469,  724,  275,  746,  453,  604,  462,  741,    0,  707,  628,  802,  272,  790,  572,  778,  478,  908,  445,  322,  501,  626,  917,  625,  831,  285,  547,  775,  411,  447,  763,  517,  838,  723,  885,  677,  611,  410,  450,  906,  541,  546,  888,  560,  800,  119,  756,  576,  653,  915,  766,  951,  760,  754,  404,  570,  558, 1138,  469,  545,  911,  519,  388,  821,  876,  513,  727,  550,  921, 1032,  410,  950,  802, 1133,   61,  179,  747,  925,  112,  846,  657,  324,  966,  675,  344,  732,  671,  661,  200,  665,  962, 1131, 1101,  557,  819,  885,  636,  775,  999,  305,  501,  319,  849,  237,  785,   43,  264,  848,  441,  911,  661,  718, 1023,  821, 1017,  670],
        [  994,    0,  486,  516,  755,  742,  743,  504,  491,  139,  607,  381,  892,  356,  188,  234,  652,  355,  510,  252,  419,  316,   90,  355,  281,  122,  468,   74,  352,  640,  305,  327,  707,    0,  309,  771,  492,  200,  173,  865,  276,  269,  405,  465,  689,  393,  671,  745,  604,  444,  257,  641,  336,  655,   59,  263,  216,  365,  283,  291,   97,  306,  338,  815,  291,  267,  579,  748,  310,  590,   60,  757,  160,  362,  322,  621,  642,  290,  305,  199,  215,  571,  505,  194,  216,  413,  516,  933,  978,  793,  581,  172,  625,  471,  340,  245,  514,  622,  668,  663,   88,  223,  617,  391,  648,  720,  347,  124,  727,  665,  421,  293,  715,  821,  598,  549,  569,  312,  651,  283,  794,  278,  422,  480,  386,  394,  679,  613,  722,  721,  689,  557,  760,  578,   92,  443,  405,  122,  422,  328],
        [ 1192,    0,  474,  525,  922,  678,  787,  799,  789,  365,  770,  676, 1110,  374,  231,  215,  900,  221,  583,  549,  717,  270,  220,  126,  190,  423,  354,  277,  490,  822,  437,  607,  628,  309,    0,  992,  358,  507,  177, 1057,  182,  329,  543,  310,  823,  622,  943,  913,  865,  464,  111,  880,  428,  774,  325,  434,  268,  634,  591,  554,  291,  274,  470, 1057,  484,  461,  859,  891,  608,  532,  364,  905,  149,  671,  610,  909,  876,  133,  303,  402,  411,  877,  653,  184,  395,  592,  624, 1122, 1174,  909,  816,  335,  905,  780,  434,  463,  783,  931,  573,  665,  264,  425,  580,  688,  847,  777,  652,  187,  791,  885,  664,   38,  721,  986,  890,  854,  878,  514,  901,  591,  955,  159,  730,  328,  556,  338,  932,  645,  948,  658,  726,  831,  856,  863,  363,  698,  707,  344,  728,   46],
        [  234,    0,  668,  625,  200,  783,  540,  422,  767,  650,  270,  475,  121,  670,  761, 1003,  157, 1118,  511,  562,  468,  765,  825,  943,  825,  666,  822,  844,  513,  203,  561,  469,  802,  771,  992,    0,  852,  638,  819,  140,  830, 1030,  467,  879,  309,  381,  244,  196,  226,  629,  886,  142,  584,  357,  811,  559,  986,  422,  653,  484,  725,  754,  532,  107,  510,  534,  312,  271,  527,  741,  761,  259,  882,  595,  489,  343,  135, 1038,  721,  599,  587,  694,  373,  809,  937,  404,  441,  195,  222,  354,  193,  661,  300,  637,  579,  914,  306,  618,  825,  626,  859,  921,  705,  481,  157,  505,  695,  864,  488,  108,  351,  998,  624,  210,  383,  711,  628,  480,  160,  653,  218, 1035,  647,  877,  440,  751,  157,  566,   52,  774,  551,  295,  407,  340,  681,  338,  715,  862,  679, 1031],
        [ 1005,    0,  192,  244,  720,  324,  484,  825,  954,  430,  588,  720,  956,  207,  304,  546,  815,  578,  349,  624,  761,  179,  430,  234,  220,  544,   33,  514,  371,  653,  347,  631,  272,  492,  358,  852,    0,  625,  332,  872,  227,  654,  399,   52,  599,  561,  895,  715,  806,  224,  286,  781,  300,  542,  541,  388,  585,  631,  724,  564,  405,  191,  357,  943,  432,  425,  839,  669,  671,  190,  548,  684,  402,  775,  649,  900,  770,  487,  206,  415,  410, 1003,  480,  306,  675,  475,  415,  929,  984,  656,  721,  369,  879,  896,  303,  725,  751, 1022,  215,  347,  511,  695,  244,  737,  696,  486,  803,  430,  505,  758,  611,  393,  398,  775,  898,  990,  980,  460,  817,  724,  743,  509,  854,   36,  444,  122,  850,  353,  820,  304,  426,  801,  589,  855,  473,  658,  862,  592,  866,  399],
        [  869,    0,  560,  571,  668,  815,  748,  311,  331,  195,  536,  193,  755,  443,  339,  414,  499,  538,  525,   76,  227,  448,  288,  537,  441,   88,  595,  255,  357,  549,  332,  169,  790,  200,  507,  638,  625,    0,  352,  750,  439,  408,  393,  611,  633,  291,  497,  658,  441,  507,  441,  498,  381,  615,  207,  277,  378,  216,  100,  173,  237,  435,  352,  662,  268,  254,  400,  679,  122,  674,  155,  685,  359,  166,  151,  434,  503,  484,  420,  222,  233,  386,  462,  365,  303,  362,  503,  817,  856,  742,  447,  256,  444,  282,  383,  278,  348,  427,  764,  702,  271,  284,  687,  199,  541,  718,  179,  324,  720,  537,  297,  492,  748,  731,  406,  369,  376,  267,  497,  100,  709,  470,  235,  622,  350,  509,  521,  640,  587,  795,  703,  385,  727,  394,  158,  300,  238,  240,  243,  527],
        [ 1024,    0,  372,  415,  759,  615,  668,  629,  662,  190,  607,  508,  937,  249,   64,  245,  724,  326,  446,  384,  549,  170,   98,  186,  113,  265,  312,  183,  326,  655,  272,  434,  572,  173,  177,  819,  332,  352,    0,  889,  107,  338,  382,  299,  670,  446,  767,  751,  688,  345,   90,  704,  275,  625,  214,  261,  269,  458,  445,  378,  120,  165,  307,  881,  309,  286,  684,  736,  441,  460,  233,  748,   87,  517,  439,  735,  700,  234,  180,  225,  234,  735,  491,   28,  344,  422,  475,  956, 1006,  763,  640,  159,  730,  632,  281,  395,  607,  778,  527,  564,  180,  364,  498,  521,  676,  652,  515,  103,  664,  711,  487,  180,  619,  825,  719,  715,  727,  339,  724,  445,  795,  241,  584,  315,  387,  254,  755,  528,  773,  593,  609,  655,  716,  690,  198,  522,  574,  261,  588,  213],
        [  137,    0,  681,  632,  154,  749,  490,  559,  903,  735,  291,  601,  120,  709,  829, 1091,  294, 1202,  524,  676,  598,  811,  909,  993,  879,  769,  844,  938,  568,  235,  620,  583,  778,  865, 1057,  140,  872,  750,  889,    0,  886, 1130,  516,  905,  280,  474,  384,  158,  362,  651,  948,  271,  633,  337,  909,  630, 1080,  536,  776,  587,  808,  802,  587,  216,  586,  611,  451,  219,  647,  735,  862,  203,  960,  724,  606,  482,  260, 1117,  769,  680,  666,  833,  409,  876, 1045,  468,  459,   68,  117,  280,  308,  737,  439,  773,  628, 1027,  436,  758,  809,  600,  952, 1031,  692,  609,  218,  460,  824,  947,  441,  217,  455, 1068,  586,  117,  523,  850,  767,  559,  298,  776,  143, 1117,  781,  900,  503,  784,  296,  550,  184,  745,  516,  431,  347,  479,  773,  452,  847,  964,  812, 1098],
        [ 1021,    0,  298,  347,  746,  524,  608,  693,  759,  255,  596,  575,  946,  193,  101,  328,  753,  383,  402,  459,  617,   90,  205,  116,   10,  352,  210,  289,  320,  651,  270,  494,  478,  276,  182,  830,  227,  439,  107,  886,    0,  431,  371,  193,  644,  475,  809,  738,  726,  283,   76,  728,  253,  594,  320,  280,  361,  510,  536,  432,  204,   92,  300,  903,  332,  314,  735,  713,  514,  371,  335,  727,  177,  601,  504,  790,  722,  287,  122,  270,  273,  825,  478,   83,  449,  427,  445,  950, 1002,  728,  664,  204,  779,  720,  258,  501,  652,  860,  429,  491,  285,  469,  414,  590,  680,  597,  610,  204,  611,  725,  521,  205,  547,  809,  778,  807,  812,  364,  754,  536,  778,  303,  674,  209,  391,  166,  786,  466,  789,  503,  548,  702,  674,  744,  281,  562,  669,  367,  680,  227],
        [ 1256,    0,  709,  748, 1023,  951,  994,  712,  567,  406,  875,  599, 1150,  582,  392,  115,  901,  187,  763,  480,  629,  507,  257,  443,  439,  364,  640,  197,  615,  907,  564,  569,  908,  269,  329, 1030,  654,  408,  338, 1130,  431,    0,  670,  613,  956,  656,  904, 1013,  846,  677,  369,  895,  586,  920,  221,  528,   70,  612,  444,  547,  347,  502,  599, 1065,  559,  534,  806, 1015,  529,  797,  270, 1025,  256,  533,  556,  837,  898,  209,  516,  465,  481,  681,  771,  365,  124,  681,  777, 1197, 1241, 1059,  838,  427,  850,  607,  591,  194,  754,  762,  859,  898,  187,  158,  835,  603,  913,  973,  469,  237,  983,  925,  680,  293,  953, 1089,  806,  652,  705,  580,  900,  444, 1062,  180,  557,  630,  653,  591,  925,  857,  980,  930,  936,  792, 1022,  799,  359,  695,  508,  170,  542,  310],
        [  651,    0,  237,  218,  379,  454,  356,  465,  693,  268,  228,  387,  579,  204,  319,  607,  417,  705,  137,  347,  421,  299,  421,  480,  364,  356,  366,  473,   57,  281,  111,  303,  445,  405,  543,  467,  399,  393,  382,  516,  371,  670,    0,  419,  290,  182,  500,  371,  411,  185,  434,  383,  119,  251,  461,  143,  609,  280,  474,  245,  324,  289,   75,  549,  127,  147,  453,  355,  368,  343,  428,  367,  460,  485,  329,  516,  373,  614,  256,  209,  192,  700,  110,  365,  616,   79,  114,  580,  632,  390,  323,  244,  491,  597,  114,  627,  366,  689,  439,  320,  483,  616,  333,  405,  313,  327,  553,  455,  331,  366,  229,  556,  360,  444,  522,  697,  659,  127,  419,  474,  414,  619,  569,  418,   57,  288,  452,  252,  430,  437,  311,  414,  355,  473,  322,  277,  605,  524,  592,  585],
