{
    "name": "random-23-18179",
    "comment": "size=23 seed=18179",
    "nodes": ["+0", "-0", "+1", "-1", "+2", "-2", "+3", "-3", "+4", "-4", "+5", "-5", "+6", "-6", "+7", "-7", "+8", "-8", "+9", "-9", "+10", "-10", "+11", "-11", "+12", "-12", "+13", "-13", "+14", "-14", "+15", "-15", "+16", "-16", "+17", "-17", "+18", "-18", "+19", "-19", "+20", "-20", "+21", "-21", "+22", "-22", "+23", "-23"],
    "precedence": {
        "+0": "-0",
        "+1": "-1",
        "+2": "-2",
        "+3": "-3",
        "+4": "-4",
        "+5": "-5",
        "+6": "-6",
        "+7": "-7",
        "+8": "-8",
        "+9": "-9",
        "+10": "-10",
        "+11": "-11",
        "+12": "-12",
        "+13": "-13",
        "+14": "-14",
        "+15": "-15",
        "+16": "-16",
        "+17": "-17",
        "+18": "-18",
        "+19": "-19",
        "+20": "-20",
        "+21": "-21",
        "+22": "-22",
        "+23": "-23"
    },
    "edges": [
        [    0,    0,  182,  269,  417,   78,  394,  521,  323,  352,  575,  154,  418,  309,  292,  362,  628,  291,  336,  398,  540,  280,   95,  506,  355,  494,  328,  528,  414,  397,  132,  374,  336,  526,  600,  106,  358,  558,  485,  530,  292,  232,  491,  604,  253,  441,  491,  513],
        [    0,    0,  182,  269,  417,   78,  394,  521,  323,  352,  575,  154,  418,  309,  292,  362,  628,  291,  336,  398,  540,  280,   95,  506,  355,  494,  328,  528,  414,  397,  132,  374,  336,  526,  600,  106,  358,  558,  485,  530,  292,  232,  491,  604,  253,  441,  491,  513],
        [  182,  182,    0,  126,  239,  257,  476,  577,  159,  529,  539,  238,  301,  395,  370,  534,  768,  385,  510,  397,  459,  458,  126,  685,  465,  642,  315,  368,  326,  310,   71,  302,  513,  654,  708,   79,  524,  546,  619,  647,  405,  156,  668,  780,  299,  278,  666,  616],
        [  269,  269,  126,    0,  238,  334,  445,  523,   63,  587,  434,  359,  176,  519,  348,  631,  770,  372,  562,  319,  340,  521,  243,  769,  455,  754,  435,  395,  207,  407,  139,  193,  604,  649,  684,  170,  562,  452,  620,  633,  405,   89,  758,  830,  269,  173,  717,  592],
        [  417,  417,  239,  238,    0,  494,  681,  760,  191,  767,  638,  422,  341,  542,  581,  749,  996,  602,  749,  552,  514,  696,  340,  909,  685,  827,  384,  161,  402,  281,  306,  408,  734,  878,  920,  318,  762,  670,  846,  866,  630,  325,  887, 1018,  503,  218,  905,  827],
        [   78,   78,  257,  334,  494,    0,  361,  495,  391,  274,  589,  189,  468,  318,  269,  304,  562,  260,  260,  404,  573,  203,  168,  436,  310,  454,  378,  605,  454,  463,  201,  410,  273,  466,  549,  179,  284,  562,  424,  476,  249,  282,  426,  526,  251,  506,  413,  466],
        [  394,  394,  476,  445,  681,  361,    0,  138,  502,  373,  347,  544,  444,  679,  108,  567,  348,  104,  337,  200,  424,  355,  475,  610,   79,  750,  721,  833,  383,  771,  409,  341,  521,  224,  240,  420,  290,  287,  211,  195,  120,  357,  631,  524,  180,  566,  435,  148],
        [  521,  521,  577,  523,  760,  495,  138,    0,  572,  498,  284,  673,  475,  813,  230,  702,  376,  236,  462,  216,  401,  488,  596,  733,  210,  886,  844,  917,  406,  882,  516,  375,  655,  267,  219,  532,  410,  212,  278,  221,  257,  440,  757,  613,  282,  612,  540,  160],
        [  323,  323,  159,   63,  191,  391,  502,  572,    0,  648,  456,  396,  171,  551,  407,  684,  831,  432,  624,  362,  345,  581,  284,  826,  515,  800,  447,  351,  221,  398,  191,  220,  658,  709,  741,  219,  625,  482,  681,  692,  466,  149,  813,  892,  327,  120,  779,  649],
        [  352,  352,  529,  587,  767,  274,  373,  498,  648,    0,  704,  418,  686,  469,  350,  230,  367,  319,   37,  526,  742,   72,  439,  238,  294,  412,  603,  877,  651,  715,  467,  603,  185,  323,  434,  450,   92,  653,  280,  359,  274,  516,  260,  253,  395,  756,  140,  386],
        [  575,  575,  539,  434,  638,  589,  347,  284,  456,  704,    0,  721,  299,  882,  358,  865,  658,  387,  668,  187,  150,  670,  614,  939,  421, 1035,  850,  798,  237,  840,  504,  242,  822,  544,  501,  532,  629,   74,  546,  501,  430,  385,  952,  870,  340,  440,  781,  440],
        [  154,  154,  238,  359,  422,  189,  544,  673,  396,  418,  721,    0,  530,  164,  444,  334,  743,  441,  415,  549,  671,  350,  117,  502,  498,  410,  192,  489,  540,  299,  232,  506,  328,  653,  738,  199,  454,  709,  610,  664,  435,  354,  473,  661,  406,  515,  555,  654],
        [  418,  418,  301,  176,  341,  468,  444,  475,  171,  686,  299,  530,    0,  691,  376,  772,  791,  407,  656,  260,  175,  628,  413,  894,  483,  912,  609,  500,   70,  569,  300,  104,  739,  666,  673,  333,  641,  339,  648,  638,  451,  187,  890,  911,  304,  144,  803,  586],
        [  309,  309,  395,  519,  542,  318,  679,  813,  551,  469,  882,  164,  691,    0,  586,  303,  826,  577,  479,  706,  835,  414,  280,  471,  623,  299,  192,  570,  703,  337,  395,  669,  319,  753,  849,  363,  530,  866,  708,  773,  563,  518,  429,  683,  559,  666,  590,  773],
        [  292,  292,  370,  348,  581,  269,  108,  230,  407,  350,  358,  444,  376,  586,    0,  512,  425,   34,  315,  176,  396,  313,  370,  583,  110,  688,  617,  730,  324,  664,  303,  277,  468,  303,  341,  313,  283,  314,  277,  285,   80,  260,  595,  545,   80,  483,  443,  248],
        [  362,  362,  534,  631,  749,  304,  567,  702,  684,  230,  865,  334,  772,  303,  512,    0,  591,  488,  257,  678,  869,  215,  414,  172,  492,  186,  479,  822,  756,  615,  493,  711,   47,  552,  662,  465,  317,  825,  508,  586,  452,  586,  139,  390,  528,  802,  312,  607],
        [  628,  628,  768,  770,  996,  562,  348,  376,  831,  367,  658,  743,  791,  826,  425,  591,    0,  399,  350,  544,  762,  414,  722,  530,  316,  764,  935, 1135,  731, 1023,  698,  688,  549,  125,  171,  696,  297,  587,  150,  159,  367,  683,  574,  309,  505,  907,  300,  220],
        [  291,  291,  385,  372,  602,  260,  104,  236,  432,  319,  387,  441,  407,  577,   34,  488,  399,    0,  283,  208,  429,  285,  374,  553,   84,  667,  618,  748,  357,  673,  316,  310,  443,  278,  324,  323,  250,  340,  250,  264,   47,  284,  567,  512,  108,  512,  410,  232],
        [  336,  336,  510,  562,  749,  260,  337,  462,  624,   37,  668,  415,  656,  479,  315,  257,  350,  283,    0,  490,  707,   67,  426,  274,  258,  441,  604,  864,  619,  710,  447,  571,  212,  296,  405,  432,   60,  616,  252,  329,  238,  489,  296,  270,  362,  729,  157,  353],
        [  398,  398,  397,  319,  552,  404,  200,  216,  362,  526,  187,  549,  260,  706,  176,  678,  544,  208,  490,    0,  227,  487,  449,  758,  259,  848,  694,  711,  193,  706,  347,  159,  636,  421,  415,  371,  457,  161,  411,  387,  254,  245,  769,  712,  154,  396,  615,  332],
        [  540,  540,  459,  340,  514,  573,  424,  401,  345,  742,  150,  671,  175,  835,  396,  869,  762,  429,  707,  227,    0,  695,  557,  968,  485, 1026,  773,  669,  134,  742,  441,  167,  831,  641,  618,  473,  679,  212,  634,  603,  475,  318,  973,  938,  349,  304,  838,  544],
        [  280,  280,  458,  521,  696,  203,  355,  488,  581,   72,  670,  350,  628,  414,  313,  215,  414,  285,   67,  487,  695,    0,  367,  273,  279,  400,  537,  805,  597,  645,  398,  550,  168,  351,  456,  380,  118,  624,  306,  379,  245,  454,  283,  324,  347,  691,  212,  396],
        [   95,   95,  126,  243,  340,  168,  475,  596,  284,  439,  614,  117,  413,  280,  370,  414,  722,  374,  426,  449,  557,  367,    0,  570,  444,  517,  250,  439,  424,  304,  116,  392,  396,  619,  690,   84,  451,  608,  579,  622,  380,  239,  549,  691,  318,  403,  578,  601],
        [  506,  506,  685,  769,  909,  436,  610,  733,  826,  238,  939,  502,  894,  471,  583,  172,  530,  553,  274,  758,  968,  273,  570,    0,  531,  263,  650,  990,  867,  786,  636,  820,  176,  529,  641,  611,  324,  889,  491,  572,  510,  713,   52,  264,  620,  942,  231,  609],
        [  355,  355,  465,  455,  685,  310,   79,  210,  515,  294,  421,  498,  483,  623,  110,  492,  316,   84,  258,  259,  485,  279,  444,  531,    0,  676,  682,  830,  428,  746,  395,  382,  446,  194,  248,  400,  211,  363,  168,  183,   64,  367,  552,  454,  190,  593,  361,  158],
        [  494,  494,  642,  754,  827,  454,  750,  886,  800,  412, 1035,  410,  912,  299,  688,  186,  764,  667,  441,  848, 1026,  400,  517,  263,  676,    0,  490,  868,  905,  635,  617,  862,  232,  734,  845,  585,  501, 1000,  691,  770,  633,  725,  212,  525,  696,  919,  472,  793],
        [  328,  328,  315,  435,  384,  378,  721,  844,  447,  603,  850,  192,  609,  192,  617,  479,  935,  618,  604,  694,  773,  537,  250,  650,  682,  490,    0,  385,  639,  146,  349,  616,  486,  843,  925,  323,  644,  850,  801,  853,  619,  466,  612,  839,  567,  549,  736,  839],
        [  528,  528,  368,  395,  161,  605,  833,  917,  351,  877,  798,  489,  500,  570,  730,  822, 1135,  748,  864,  711,  669,  805,  439,  990,  830,  868,  385,    0,  562,  244,  438,  569,  815, 1021, 1070,  442,  884,  831,  986, 1012,  772,  479,  961, 1129,  653,  368, 1017,  977],
        [  414,  414,  326,  207,  402,  454,  383,  406,  221,  651,  237,  540,   70,  703,  324,  756,  731,  357,  619,  193,  134,  597,  424,  867,  428,  905,  639,  562,    0,  613,  309,   49,  720,  607,  607,  341,  599,  271,  591,  576,  402,  187,  868,  867,  259,  214,  761,  522],
        [  397,  397,  310,  407,  281,  463,  771,  882,  398,  715,  840,  299,  569,  337,  664,  615, 1023,  673,  710,  706,  742,  645,  304,  786,  746,  635,  146,  244,  613,    0,  367,  600,  617,  922,  993,  352,  744,  853,  882,  925,  682,  464,  751,  960,  601,  478,  852,  903],
        [  132,  132,   71,  139,  306,  201,  409,  516,  191,  467,  504,  232,  300,  395,  303,  493,  698,  316,  447,  347,  441,  398,  116,  636,  395,  617,  349,  438,  309,  367,    0,  277,  467,  584,  640,   33,  457,  502,  549,  578,  335,  124,  622,  717,  235,  310,  603,  548],
        [  374,  374,  302,  193,  408,  410,  341,  375,  220,  603,  242,  506,  104,  669,  277,  711,  688,  310,  571,  159,  167,  550,  392,  820,  382,  862,  616,  569,   49,  600,  277,    0,  674,  564,  569,  308,  551,  263,  546,  535,  355,  153,  821,  819,  211,  238,  713,  483],
        [  336,  336,  513,  604,  734,  273,  521,  655,  658,  185,  822,  328,  739,  319,  468,   47,  549,  443,  212,  636,  831,  168,  396,  176,  446,  232,  486,  815,  720,  617,  467,  674,    0,  507,  616,  440,  271,  781,  463,  540,  407,  554,  156,  365,  487,  776,  278,  561],
        [  526,  526,  654,  649,  878,  466,  224,  267,  709,  323,  544,  653,  666,  753,  303,  552,  125,  278,  296,  421,  641,  351,  619,  529,  194,  734,  843, 1021,  607,  922,  584,  564,  507,    0,  113,  585,  236,  475,   46,   50,  250,  561,  564,  357,  383,  784,  306,  108],
        [  600,  600,  708,  684,  920,  549,  240,  219,  741,  434,  501,  738,  673,  849,  341,  662,  171,  324,  405,  415,  618,  456,  690,  641,  248,  845,  925, 1070,  607,  993,  640,  569,  616,  113,    0,  646,  345,  428,  155,   78,  311,  596,  677,  458,  418,  801,  417,   93],
        [  106,  106,   79,  170,  318,  179,  420,  532,  219,  450,  532,  199,  333,  363,  313,  465,  696,  323,  432,  371,  473,  380,   84,  611,  400,  585,  323,  442,  341,  352,   33,  308,  440,  585,  646,    0,  446,  528,  548,  582,  338,  156,  596,  701,  250,  338,  587,  555],
        [  358,  358,  524,  562,  762,  284,  290,  410,  625,   92,  629,  454,  641,  530,  283,  317,  297,  250,   60,  457,  679,  118,  451,  324,  211,  501,  644,  884,  599,  744,  457,  551,  271,  236,  345,  446,    0,  573,  192,  269,  204,  484,  349,  271,  341,  725,  163,  294],
        [  558,  558,  546,  452,  670,  562,  287,  212,  482,  653,   74,  709,  339,  866,  314,  825,  587,  340,  616,  161,  212,  624,  608,  889,  363, 1000,  850,  831,  271,  853,  502,  263,  781,  475,  428,  528,  573,    0,  479,  430,  380,  391,  905,  807,  311,  483,  721,  369],
        [  485,  485,  619,  620,  846,  424,  211,  278,  681,  280,  546,  610,  648,  708,  277,  508,  150,  250,  252,  411,  634,  306,  579,  491,  168,  691,  801,  986,  591,  882,  549,  546,  463,   46,  155,  548,  192,  479,    0,   82,  217,  533,  525,  336,  357,  760,  274,  126],
        [  530,  530,  647,  633,  866,  476,  195,  221,  692,  359,  501,  664,  638,  773,  285,  586,  159,  264,  329,  387,  603,  379,  622,  572,  183,  770,  853, 1012,  576,  925,  578,  535,  540,   50,   78,  582,  269,  430,   82,    0,  244,  545,  606,  407,  365,  760,  353,   62],
        [  292,  292,  405,  405,  630,  249,  120,  257,  466,  274,  430,  435,  451,  563,   80,  452,  367,   47,  238,  254,  475,  245,  380,  510,   64,  633,  619,  772,  402,  682,  335,  355,  407,  250,  311,  338,  204,  380,  217,  244,    0,  318,  525,  466,  148,  551,  364,  222],
        [  232,  232,  156,   89,  325,  282,  357,  440,  149,  516,  385,  354,  187,  518,  260,  586,  683,  284,  489,  245,  318,  454,  239,  713,  367,  725,  466,  479,  187,  464,  124,  153,  554,  561,  596,  156,  484,  391,  533,  545,  318,    0,  707,  754,  180,  241,  642,  504],
        [  491,  491,  668,  758,  887,  426,  631,  757,  813,  260,  952,  473,  890,  429,  595,  139,  574,  567,  296,  769,  973,  283,  549,   52,  552,  212,  612,  961,  868,  751,  622,  821,  156,  564,  677,  596,  349,  905,  525,  606,  525,  707,    0,  315,  626,  931,  275,  640],
        [  604,  604,  780,  830, 1018,  526,  524,  613,  892,  253,  870,  661,  911,  683,  545,  390,  309,  512,  270,  712,  938,  324,  691,  264,  454,  525,  839, 1129,  867,  960,  717,  819,  365,  357,  458,  701,  271,  807,  336,  407,  466,  754,  315,    0,  609,  995,  114,  461],
        [  253,  253,  299,  269,  503,  251,  180,  282,  327,  395,  340,  406,  304,  559,   80,  528,  505,  108,  362,  154,  349,  347,  318,  620,  190,  696,  567,  653,  259,  601,  235,  211,  487,  383,  418,  250,  341,  311,  357,  365,  148,  180,  626,  609,    0,  405,  503,  325],
        [  441,  441,  278,  173,  218,  506,  566,  612,  120,  756,  440,  515,  144,  666,  483,  802,  907,  512,  729,  396,  304,  691,  403,  942,  593,  919,  549,  368,  214,  478,  310,  238,  776,  784,  801,  338,  725,  483,  760,  760,  551,  241,  931,  995,  405,    0,  883,  712],
        [  491,  491,  666,  717,  905,  413,  435,  540,  779,  140,  781,  555,  803,  590,  443,  312,  300,  410,  157,  615,  838,  212,  578,  231,  361,  472,  736, 1017,  761,  852,  603,  713,  278,  306,  417,  587,  163,  721,  274,  353,  364,  642,  275,  114,  503,  883,    0,  398],
        [  513,  513,  616,  592,  827,  466,  148,  160,  649,  386,  440,  654,  586,  773,  248,  607,  220,  232,  353,  332,  544,  396,  601,  609,  158,  793,  839,  977,  522,  903,  548,  483,  561,  108,   93,  555,  294,  369,  126,   62,  222,  504,  640,  461,  325,  712,  398,    0]
    ]
}
