{
    "name": "random-56-16760",
    "comment": "size=56 seed=16760",
    "nodes": ["+0", "-0", "+1", "-1", "+2", "-2", "+3", "-3", "+4", "-4", "+5", "-5", "+6", "-6", "+7", "-7", "+8", "-8", "+9", "-9", "+10", "-10", "+11", "-11", "+12", "-12", "+13", "-13", "+14", "-14", "+15", "-15", "+16", "-16", "+17", "-17", "+18", "-18", "+19", "-19", "+20", "-20", "+21", "-21", "+22", "-22", "+23", "-23", "+24", "-24", "+25", "-25", "+26", "-26", "+27", "-27", "+28", "-28", "+29", "-29", "+30", "-30", "+31", "-31", "+32", "-32", "+33", "-33", "+34", "-34", "+35", "-35", "+36", "-36", "+37", "-37", "+38", "-38", "+39", "-39", "+40", "-40", "+41", "-41", "+42", "-42", "+43", "-43", "+44", "-44", "+45", "-45", "+46", "-46", "+47", "-47", "+48", "-48", "+49", "-49", "+50", "-50", "+51", "-51", "+52", "-52", "+53", "-53", "+54", "-54", "+55", "-55", "+56", "-56"],
    "precedence": {
        "+0": "-0",
        "+1": "-1",
        "+2": "-2",
        "+3": "-3",
        "+4": "-4",
        "+5": "-5",
        "+6": "-6",
        "+7": "-7",
        "+8": "-8",
        "+9": "-9",
        "+10": "-10",
        "+11": "-11",
        "+12": "-12",
        "+13": "-13",
        "+14": "-14",
        "+15": "-15",
        "+16": "-16",
        "+17": "-17",
        "+18": "-18",
        "+19": "-19",
        "+20": "-20",
        "+21": "-21",
        "+22": "-22",
        "+23": "-23",
        "+24": "-24",
        "+25": "-25",
        "+26": "-26",
        "+27": "-27",
        "+28": "-28",
        "+29": "-29",
        "+30": "-30",
        "+31": "-31",
        "+32": "-32",
        "+33": "-33",
        "+34": "-34",
        "+35": "-35",
        "+36": "-36",
        "+37": "-37",
        "+38": "-38",
        "+39": "-39",
        "+40": "-40",
        "+41": "-41",
        "+42": "-42",
        "+43": "-43",
        "+44": "-44",
        "+45": "-45",
        "+46": "-46",
        "+47": "-47",
        "+48": "-48",
        "+49": "-49",
        "+50": "-50",
        "+51": "-51",
        "+52": "-52",
        "+53": "-53",
        "+54": "-54",
        "+55": "-55",
        "+56": "-56"
    },
    "edges": [
        [    0,    0,  752,  305,  340,  190,  482,  616,  414,  512,  240,  251,  244,  566,  454,  766,  423,  691,  580,  329,  320,  550,  328,  243,  343,  166,  654,  228,  371,  591,  573,  448,  828,  698,  137,  199,  314,  141,  462,  975,  623,  499,  463,  256,  217,  196,  602,  830,  697,  688,  724,  663,  583,  760,  257,  492,  741,  258,  725,  619,  627,  744,  766,  711,  258,  735,  272,  512,  548,  529,  599,  582,  343,  668,  435,  320,  797,  273,  432,  537,  682,  595,  762,  351,  224,  408,  598,  786,  331,  319,  437,  132,  804,  599,   72,  528,  173,  309,  362,  163,  218,  397,  515,  314,  147,  490,  541,  305,  143,  400,  125,   77,  147,  452],
        [    0,    0,    0,    0,    0,    0,    0,    0,    0,    0,    0,    0,    0,    0,    0,    0,    0,    0,    0,    0,    0,    0,    0,    0,    0,    0,    0,    0,    0,    0,    0,    0,    0,    0,    0,    0,    0,    0,    0,    0,    0,    0,    0,    0,    0,    0,    0,    0,    0,    0,    0,    0,    0,    0,    0,    0,    0,    0,    0,    0,    0,    0,    0,    0,    0,    0,    0,    0,    0,    0,    0,    0,    0,    0,    0,    0,    0,    0,    0,    0,    0,    0,    0,    0,    0,    0,    0,    0,    0,    0,    0,    0,    0,    0,    0,    0,    0,    0,    0,    0,    0,    0,    0,    0,    0,    0,    0,    0,    0,    0,    0,    0,    0,    0],
        [  752,    0,    0,  533,  458,  862,  574,  330,  737,  400,  658,  977,  516,  529,  493,  658,  345,  532,  676,  876,  502,  554, 1028,  989,  721,  587,  173,  885,  408,  312,  211,  500,  256,  288,  635,  741,  818,  631,  354,  264,  806,  254,  359,  496,  569,  559,  244,  126,  466,  883,  223,  860,  295,   90,  997,  345,  382, 1007,  253,  486,  173,  653,  694,   53,  502,  484,  497,  342,  215,  761,  186,  548,  449,  610,  775,  967,   55,  676,  735,  394,  251,  377,  208,  418,  860,  863,  571,  139, 1075,  779,  341,  634,   97,  461,  764,  323,  717,  449,  660,  780,  609,  683,  582,  594,  882,  750,  373,  645,  626,  358,  669,  809,  832,  462],
        [  305,    0,  533,    0,  314,  483,  202,  538,  582,  211,  399,  469,  128,  594,  474,  808,  195,  696,  327,  588,  338,  261,  632,  539,  205,  210,  395,  520,  132,  300,  418,  146,  546,  407,  274,  213,  288,  272,  187,  714,  416,  314,  387,  170,   95,  212,  477,  639,  393,  496,  591,  469,  485,  572,  497,  210,  439,  520,  440,  317,  467,  789,  822,  506,  125,  710,  102,  435,  377,  331,  437,  616,   90,  713,  616,  613,  586,  144,  594,  494,  563,  294,  617,  272,  333,  346,  310,  527,  625,  252,  327,  264,  560,  588,  357,  441,  195,  229,  499,  426,   93,  199,  579,   74,  451,  645,  487,  121,  266,  266,  308,  381,  323,  451],
        [  340,    0,  458,  314,    0,  409,  498,  277,  322,  407,  201,  589,  195,  281,  161,  496,  231,  391,  630,  422,   48,  539,  574,  553,  500,  188,  420,  430,  237,  430,  254,  419,  611,  518,  205,  428,  546,  200,  311,  711,  729,  219,  124,  149,  261,  158,  267,  511,  603,  809,  388,  782,  244,  443,  597,  342,  598,  594,  526,  553,  306,  477,  509,  409,  193,  417,  213,  173,  243,  644,  281,  303,  254,  400,  361,  509,  493,  421,  327,  205,  344,  472,  427,   60,  521,  627,  584,  533,  635,  524,  117,  208,  532,  286,  328,  189,  393,   86,  234,  326,  317,  509,  267,  382,  444,  365,  206,  419,  198,  121,  229,  377,  464,  140],
        [  190,    0,  862,  483,  409,    0,  669,  658,  320,  682,  224,  315,  395,  549,  462,  719,  564,  673,  770,  162,  371,  736,  167,  175,  530,  299,  792,   39,  523,  751,  662,  629,  976,  856,  236,  383,  487,  240,  618, 1105,  810,  612,  527,  389,  390,  319,  671,  920,  874,  872,  787,  848,  640,  852,  294,  650,  909,  264,  878,  800,  714,  696,  708,  815,  409,  732,  428,  568,  648,  717,  689,  558,  505,  627,  324,  131,  900,  462,  338,  568,  740,  765,  828,  445,  373,  578,  785,  919,  241,  499,  524,  241,  928,  602,  127,  587,  360,  417,  308,   84,  402,  586,  481,  501,   98,  393,  579,  494,  246,  506,  199,  118,  295,  474],
        [  482,    0,  574,  202,  498,  669,    0,  678,  783,  175,  600,  582,  327,  770,  656,  980,  309,  861,  133,  785,  529,   73,  806,  695,  208,  411,  405,  706,  270,  269,  529,   87,  491,  349,  473,  324,  320,  472,  246,  684,  248,  425,  546,  366,  293,  413,  599,  696,  249,  329,  695,  304,  622,  637,  618,  239,  333,  651,  392,  166,  567,  963,  999,  565,  321,  862,  297,  587,  484,  188,  540,  793,  245,  889,  817,  799,  628,  227,  794,  654,  680,  218,  712,  448,  425,  322,  118,  517,  776,  276,  480,  464,  566,  752,  543,  587,  328,  414,  699,  620,  268,  142,  765,  168,  621,  843,  643,  186,  467,  421,  506,  558,  450,  629],
        [  616,    0,  330,  538,  277,  658,  678,    0,  447,  532,  434,  866,  447,  203,  206,  343,  369,  213,  807,  621,  298,  694,  813,  816,  740,  464,  406,  670,  417,  497,  169,  592,  568,  540,  480,  694,  805,  475,  438,  588,  925,  258,  159,  405,  516,  433,   98,  313,  687, 1006,  145,  980,   58,  265,  872,  455,  638,  867,  524,  668,  168,  333,  374,  280,  439,  189,  451,  108,  209,  852,  175,  220,  454,  282,  481,  734,  336,  669,  439,   92,   96,  562,  187,  284,  794,  878,  730,  457,  895,  777,  212,  484,  426,  132,  597,   98,  660,  333,  387,  576,  571,  733,  265,  611,  709,  441,   79,  656,  473,  272,  500,  646,  740,  186],
        [  414,    0,  737,  582,  322,  320,  783,  447,    0,  721,  190,  623,  456,  275,  247,  406,  551,  385,  908,  204,  277,  834,  427,  492,  719,  379,  734,  309,  545,  751,  528,  714,  924,  839,  328,  596,  720,  328,  628, 1000,  986,  530,  381,  420,  498,  371,  502,  754,  920, 1060,  591, 1034,  455,  696,  608,  661,  919,  582,  844,  864,  566,  383,  392,  685,  463,  454,  487,  396,  536,  894,  552,  275,  551,  321,   40,  333,  760,  637,   19,  359,  542,  791,  633,  381,  638,  813,  883,  835,  546,  715,  419,  339,  824,  346,  351,  416,  562,  390,   89,  270,  541,  753,  199,  635,  410,   77,  377,  653,  332,  441,  310,  387,  559,  277],
        [  512,    0,  400,  211,  407,  682,  175,  532,  721,    0,  558,  674,  291,  653,  550,  854,  181,  729,  286,  768,  448,  166,  838,  749,  343,  389,  232,  717,  177,  102,  372,  107,  345,  202,  456,  412,  452,  453,  100,  527,  413,  274,  420,  312,  296,  378,  445,  522,  201,  493,  531,  469,  474,  464,  705,   77,  229,  729,  240,  147,  403,  839,  877,  391,  279,  720,  257,  453,  327,  362,  379,  677,  181,  770,  759,  811,  453,  323,  729,  524,  520,   84,  544,  349,  529,  478,  199,  350,  836,  409,  354,  448,  395,  623,  558,  449,  401,  331,  633,  617,  304,  293,  662,  238,  658,  771,  509,  284,  447,  303,  493,  587,  530,  519],
        [  240,    0,  658,  399,  201,  224,  600,  434,  190,  558,    0,  476,  277,  338,  240,  529,  403,  464,  723,  224,  157,  656,  382,  388,  529,  192,  614,  238,  382,  603,  451,  536,  804,  700,  139,  409,  534,  138,  473,  911,  796,  418,  309,  247,  311,  188,  452,  704,  758,  870,  565,  844,  418,  638,  470,  506,  770,  455,  714,  695,  500,  507,  527,  608,  285,  516,  310,  346,  443,  704,  478,  351,  380,  432,  221,  311,  692,  447,  205,  344,  517,  633,  607,  249,  462,  626,  705,  731,  463,  527,  317,  149,  732,  384,  190,  366,  375,  238,  124,  144,  352,  563,  279,  447,  285,  262,  356,  464,  142,  314,  123,  236,  386,  250],
        [  251,    0,  977,  469,  589,  315,  582,  866,  623,  674,  476,    0,  462,  811,  702, 1004,  635,  936,  635,  474,  571,  654,  333,  188,  383,  408,  858,  341,  575,  768,  813,  584, 1014,  874,  388,  264,  286,  392,  653, 1180,  626,  729,  712,  488,  411,  439,  847, 1066,  827,  667,  970,  648,  831,  995,   42,  678,  895,   89,  908,  744,  867,  981,  999,  941,  476,  983,  481,  761,  783,  544,  838,  825,  538,  907,  634,  392, 1025,  360,  642,  787,  929,  754, 1007,  595,  159,  352,  694,  991,  232,  321,  680,  382, 1018,  848,  286,  777,  275,  550,  590,  354,  379,  453,  754,  439,  218,  699,  792,  401,  393,  638,  373,  242,  148,  702],
        [  244,    0,  516,  128,  195,  395,  327,  447,  456,  291,  277,  462,    0,  476,  355,  691,  180,  585,  454,  479,  213,  380,  556,  487,  305,   99,  411,  429,  130,  356,  358,  260,  587,  462,  165,  250,  359,  162,  223,  732,  542,  268,  289,   47,   70,   90,  404,  605,  489,  620,  524,  593,  400,  535,  481,  255,  515,  493,  485,  422,  411,  671,  703,  479,   15,  606,   35,  340,  324,  454,  381,  497,  111,  594,  491,  522,  564,  227,  467,  390,  490,  372,  557,  165,  358,  435,  429,  542,  574,  333,  238,  158,  563,  478,  275,  350,  218,  116,  373,  327,  125,  317,  455,  190,  385,  518,  386,  224,  156,  185,  203,  311,  319,  335],
        [  566,    0,  529,  594,  281,  549,  770,  203,  275,  653,  338,  811,  476,    0,  122,  216,  474,  127,  903,  471,  269,  802,  685,  720,  780,  449,  580,  551,  501,  645,  342,  687,  757,  708,  436,  697,  819,  433,  554,  789, 1007,  396,  235,  430,  541,  424,  287,  514,  833, 1087,  342, 1061,  236,  468,  807,  579,  801,  792,  699,  799,  360,  196,  230,  477,  474,  185,  493,  212,  369,  924,  358,   24,  527,  120,  302,  596,  538,  700,  263,  143,  296,  702,  382,  324,  776,  904,  844,  651,  788,  800,  300,  444,  624,   77,  525,  225,  661,  365,  243,  476,  596,  790,   76,  663,  621,  250,  163,  699,  434,  353,  442,  572,  708,  143],
        [  454,    0,  493,  474,  161,  462,  656,  206,  247,  550,  240,  702,  355,  122,    0,  337,  369,  240,  788,  415,  147,  692,  612,  628,  658,  329,  510,  471,  389,  554,  287,  574,  695,  628,  320,  576,  698,  317,  450,  757,  889,  311,  148,  309,  419,  303,  255,  507,  737,  969,  348,  942,  209,  450,  702,  479,  716,  690,  626,  696,  321,  317,  349,  440,  353,  282,  374,  151,  301,  805,  309,  143,  412,  240,  284,  530,  514,  578,  243,  115,  299,  605,  391,  209,  658,  782,  736,  599,  702,  679,  203,  328,  582,  147,  420,  171,  540,  246,  181,  383,  474,  670,  113,  543,  524,  259,  132,  578,  317,  247,  330,  469,  592,   34],
        [  766,    0,  658,  808,  496,  719,  980,  343,  406,  854,  529, 1004,  691,  216,  337,    0,  678,  130, 1113,  608,  483, 1008,  832,  893,  995,  662,  748,  713,  711,  833,  509,  896,  906,  882,  643,  909, 1032,  640,  755,  899, 1219,  585,  436,  645,  755,  637,  440,  604, 1023, 1301,  439, 1274,  395,  579,  996,  778,  979,  975,  866,  997,  509,   24,   41,  612,  689,  178,  708,  402,  546, 1138,  517,  194,  739,  100,  416,  737,  651,  915,  389,  330,  408,  894,  468,  537,  982, 1118, 1049,  792,  951, 1014,  503,  652,  754,  232,  718,  408,  873,  579,  415,  656,  810, 1005,  253,  878,  802,  345,  346,  914,  641,  560,  643,  763,  911,  357],
        [  423,    0,  345,  195,  231,  564,  309,  369,  551,  181,  403,  635,  180,  474,  369,  678,    0,  555,  440,  623,  275,  331,  728,  665,  395,  268,  232,  594,   65,  201,  229,  223,  413,  299,  328,  397,  482,  324,   81,  553,  556,  123,  242,  175,  225,  245,  295,  446,  372,  638,  402,  612,  313,  378,  657,  112,  370,  671,  316,  327,  275,  662,  700,  314,  165,  554,  155,  280,  186,  485,  245,  497,  106,  591,  590,  685,  396,  338,  557,  349,  379,  241,  426,  172,  515,  538,  372,  363,  753,  446,  176,  324,  385,  448,  450,  279,  372,  165,  463,  489,  265,  374,  482,  263,  563,  596,  336,  314,  319,  123,  366,  488,  489,  339],
        [  691,    0,  532,  696,  391,  673,  861,  213,  385,  729,  464,  936,  585,  127,  240,  130,  555,    0,  993,  587,  386,  885,  805,  845,  889,  568,  619,  673,  592,  704,  380,  776,  778,  752,  559,  815,  935,  556,  631,  779, 1103,  458,  315,  539,  652,  541,  311,  487,  894, 1184,  318, 1158,  266,  457,  933,  653,  850,  918,  737,  870,  380,  121,  162,  485,  581,   77,  599,  276,  417, 1024,  388,  115,  623,   91,  406,  713,  529,  811,  370,  207,  282,  767,  350,  425,  898, 1018,  925,  665,  912,  914,  382,  567,  629,  109,  651,  281,  779,  470,  366,  601,  708,  894,  193,  768,  747,  343,  220,  807,  556,  440,  567,  698,  831,  252],
        [  580,    0,  676,  327,  630,  770,  133,  807,  908,  286,  723,  635,  454,  903,  788, 1113,  440,  993,    0,  897,  660,  123,  895,  773,  256,  532,  504,  808,  403,  365,  654,  218,  551,  420,  592,  399,  352,  591,  371,  749,  131,  552,  678,  495,  412,  537,  726,  801,  270,  208,  816,  184,  750,  746,  675,  359,  373,  714,  465,  205,  688, 1096, 1131,  674,  450,  993,  426,  718,  609,  119,  663,  926,  377, 1022,  942,  899,  729,  310,  920,  786,  804,  301,  830,  580,  478,  318,  114,  600,  848,  315,  612,  581,  654,  884,  647,  718,  414,  545,  826,  729,  378,  189,  897,  278,  711,  971,  774,  276,  585,  554,  622,  655,  521,  762],
        [  329,    0,  876,  588,  422,  162,  785,  621,  204,  768,  224,  474,  479,  471,  415,  608,  623,  587,  897,    0,  376,  847,  226,  313,  670,  382,  837,  133,  596,  821,  667,  733, 1028,  921,  316,  528,  639,  318,  690, 1132,  950,  641,  520,  458,  494,  391,  658,  913,  967, 1016,  762,  991,  617,  850,  450,  723,  987,  414,  936,  899,  713,  585,  590,  825,  489,  654,  513,  550,  663,  856,  693,  474,  588,  524,  193,  129,  907,  596,  221,  530,  712,  847,  804,  472,  531,  732,  897,  954,  352,  647,  537,  325,  953,  538,  258,  570,  500,  460,  236,  169,  520,  719,  397,  620,  258,  265,  546,  623,  324,  537,  281,  270,  452,  437],
        [  320,    0,  502,  338,   48,  371,  529,  298,  277,  448,  157,  571,  213,  269,  147,  483,  275,  386,  660,  376,    0,  573,  534,  521,  514,  183,  467,  390,  274,  475,  295,  453,  658,  565,  184,  430,  551,  180,  353,  757,  754,  266,  156,  169,  275,  156,  301,  550,  645,  833,  419,  806,  272,  483,  575,  385,  643,  569,  573,  593,  345,  462,  492,  452,  214,  420,  237,  199,  288,  667,  322,  289,  287,  384,  316,  467,  536,  433,  283,  217,  373,  515,  459,  105,  515,  636,  620,  579,  602,  532,  161,  190,  578,  286,  300,  218,  394,  118,  189,  288,  329,  529,  242,  403,  413,  324,  222,  435,  178,  167,  202,  349,  452,  136],
        [  550,    0,  554,  261,  539,  736,   73,  694,  834,  166,  656,  654,  380,  802,  692, 1008,  331,  885,  123,  847,  573,    0,  876,  766,  277,  469,  382,  773,  304,  243,  536,  121,  442,  305,  534,  396,  388,  532,  257,  638,  253,  437,  572,  415,  354,  468,  609,  679,  182,  330,  696,  307,  637,  624,  690,  241,  274,  723,  350,  101,  569,  992, 1029,  551,  373,  881,  348,  610,  492,  218,  544,  825,  286,  920,  870,  867,  607,  299,  845,  679,  686,  181,  709,  484,  496,  382,   50,  482,  848,  345,  505,  524,  534,  778,  610,  607,  400,  455,  749,  685,  334,  208,  803,  237,  691,  892,  666,  258,  526,  450,  568,  627,  522,  663],
        [  328,    0, 1028,  632,  574,  167,  806,  813,  427,  838,  382,  333,  556,  685,  612,  832,  728,  805,  895,  226,  534,  876,    0,  146,  644,  461,  957,  145,  685,  911,  827,  776, 1140, 1017,  401,  497,  578,  405,  779, 1271,  918,  778,  689,  554,  543,  483,  833, 1084, 1024,  971,  947,  949,  799, 1017,  297,  811, 1066,  251, 1040,  947,  878,  810,  816,  981,  570,  870,  588,  728,  814,  827,  854,  691,  663,  747,  418,   98, 1066,  587,  445,  722,  899,  921,  988,  611,  449,  661,  923, 1084,  139,  600,  689,  405, 1094,  746,  281,  748,  482,  583,  443,  249,  546,  707,  613,  640,  185,  490,  735,  624,  410,  672,  365,  252,  383,  628],
        [  243,    0,  989,  539,  553,  175,  695,  816,  492,  749,  388,  188,  487,  720,  628,  893,  665,  845,  773,  313,  521,  766,  146,    0,  517,  403,  897,  185,  614,  832,  801,  676, 1071,  940,  355,  375,  442,  360,  704, 1218,  785,  735,  676,  496,  457,  431,  819, 1059,  926,  834,  939,  813,  793,  990,  152,  734,  978,  109,  967,  845,  854,  870,  882,  945,  501,  902,  515,  720,  780,  696,  827,  731,  586,  801,  494,  211, 1032,  470,  511,  729,  893,  832,  979,  577,  310,  521,  812, 1028,   88,  468,  661,  355, 1045,  771,  227,  738,  367,  540,  482,  246,  448,  584,  654,  533,  109,  564,  739,  509,  364,  633,  325,  181,  252,  636],
        [  343,    0,  721,  205,  500,  530,  208,  740,  719,  343,  529,  383,  305,  780,  658,  995,  395,  889,  256,  670,  514,  277,  644,  517,    0,  346,  566,  568,  334,  445,  621,  238,  684,  540,  391,  148,  113,  391,  368,  870,  281,  517,  587,  351,  240,  364,  681,  834,  457,  347,  794,  322,  689,  768,  421,  379,  537,  458,  581,  373,  669,  975, 1005,  699,  309,  908,  293,  636,  579,  188,  640,  801,  293,  897,  747,  656,  774,   83,  733,  692,  768,  410,  820,  467,  224,  144,  314,  691,  592,   69,  529,  380,  733,  782,  413,  643,  170,  420,  646,  502,  186,   71,  754,  133,  462,  789,  686,   85,  387,  469,  412,  412,  266,  639],
        [  166,    0,  587,  210,  188,  299,  411,  464,  379,  389,  192,  408,   99,  449,  329,  662,  268,  568,  532,  382,  183,  469,  461,  403,  346,    0,  498,  331,  225,  453,  408,  352,  680,  558,   67,  248,  371,   65,  320,  817,  607,  334,  307,   94,  120,   32,  440,  665,  586,  682,  563,  655,  425,  594,  420,  352,  613,  424,  580,  517,  463,  640,  668,  545,  111,  601,  133,  357,  382,  515,  434,  469,  209,  563,  412,  424,  632,  264,  393,  392,  522,  470,  599,  188,  334,  458,  518,  628,  490,  355,  273,   60,  643,  467,  183,  371,  212,  144,  302,  229,  163,  374,  414,  256,  297,  447,  393,  275,   59,  234,  104,  223,  277,  318],
        [  654,    0,  173,  395,  420,  792,  405,  406,  734,  232,  614,  858,  411,  580,  510,  748,  232,  619,  504,  837,  467,  382,  957,  897,  566,  498,    0,  821,  286,  140,  241,  335,  192,  136,  557,  607,  669,  553,  208,  324,  634,  204,  363,  405,  450,  475,  309,  299,  302,  710,  351,  687,  355,  250,  882,  189,  235,  899,  119,  314,  243,  738,  779,  179,  396,  588,  384,  370,  212,  590,  232,  602,  320,  682,  773,  909,  226,  531,  736,  438,  358,  205,  351,  366,  727,  705,  398,  134,  984,  628,  316,  553,  168,  527,  680,  356,  587,  380,  649,  715,  480,  522,  615,  446,  794,  764,  418,  496,  547,  301,  594,  720,  711,  476],
        [  228,    0,  885,  520,  430,   39,  706,  670,  309,  717,  238,  341,  429,  551,  471,  713,  594,  673,  808,  133,  390,  773,  145,  185,  568,  331,  821,    0,  556,  783,  684,  665, 1007,  888,  267,  422,  524,  271,  650, 1131,  848,  637,  545,  420,  426,  350,  689,  940,  910,  910,  803,  886,  655,  872,  317,  683,  943,  283,  909,  836,  734,  690,  700,  838,  442,  735,  462,  583,  671,  755,  711,  559,  539,  622,  309,   94,  923,  500,  327,  580,  755,  799,  844,  469,  408,  615,  822,  946,  239,  537,  546,  273,  954,  608,  164,  603,  399,  444,  308,  107,  440,  624,  481,  539,  127,  380,  592,  532,  276,  531,  229,  156,  331,  485],
        [  371,    0,  408,  132,  237,  523,  270,  417,  545,  177,  382,  575,  130,  501,  389,  711,   65,  592,  403,  596,  274,  304,  685,  614,  334,  225,  286,  556,    0,  228,  288,  187,  458,  333,  290,  334,  418,  287,   95,  609,  512,  183,  277,  139,  165,  208,  350,  510,  377,  594,  461,  567,  363,  442,  597,  128,  391,  613,  356,  320,  336,  693,  729,  378,  116,  597,  100,  321,  246,  436,  306,  524,   43,  620,  583,  648,  459,  275,  553,  386,  435,  252,  487,  181,  452,  476,  348,  419,  702,  383,  212,  284,  444,  483,  404,  323,  309,  156,  458,  452,  201,  317,  500,  202,  514,  597,  375,  251,  281,  152,  328,  440,  428,  361],
        [  591,    0,  312,  300,  430,  751,  269,  497,  751,  102,  603,  768,  356,  645,  554,  833,  201,  704,  365,  821,  475,  243,  911,  832,  445,  453,  140,  783,  228,    0,  329,  208,  247,  108,  518,  508,  553,  514,  133,  426,  494,  250,  412,  366,  375,  436,  403,  437,  191,  571,  471,  548,  441,  385,  797,  101,  169,  819,  141,  181,  349,  820,  860,  313,  342,  685,  323,  435,  289,  453,  330,  668,  248,  756,  790,  876,  365,  422,  756,  507,  469,   69,  478,  371,  626,  579,  261,  249,  919,  510,  351,  511,  297,  603,  630,  426,  494,  366,  663,  680,  392,  394,  665,  337,  736,  792,  489,  384,  508,  313,  555,  663,  622,  520],
        [  573,    0,  211,  418,  254,  662,  529,  169,  528,  372,  451,  813,  358,  342,  287,  509,  229,  380,  654,  667,  295,  536,  827,  801,  621,  408,  241,  684,  288,  329,    0,  443,  416,  373,  446,  604,  701,  442,  284,  473,  776,  106,  149,  326,  422,  377,   75,  259,  518,  857,  174,  832,  115,  190,  827,  296,  470,  831,  360,  503,   55,  499,  539,  159,  346,  356,  349,  137,   45,  710,   28,  363,  329,  441,  567,  762,  241,  559,  526,  200,  152,  395,  202,  224,  715,  763,  569,  314,  885,  668,  140,  447,  296,  286,  574,  120,  573,  265,  450,  579,  472,  602,  384,  489,  692,  545,  179,  538,  438,  176,  476,  621,  674,  254],
        [  448,    0,  500,  146,  419,  629,   87,  592,  714,  107,  536,  584,  260,  687,  574,  896,  223,  776,  218,  733,  453,  121,  776,  676,  238,  352,  335,  665,  187,  208,  443,    0,  447,  303,  418,  320,  348,  416,  161,  633,  334,  339,  461,  294,  241,  349,  514,  619,  251,  416,  611,  390,  535,  558,  617,  158,  312,  645,  343,  172,  482,  879,  915,  486,  253,  776,  228,  501,  399,  269,  455,  710,  166,  806,  750,  759,  554,  226,  724,  569,  594,  174,  629,  366,  433,  372,  169,  456,  760,  305,  394,  409,  501,  667,  502,  501,  315,  335,  628,  572,  231,  187,  685,  146,  592,  771,  557,  185,  410,  337,  453,  524,  443,  547],
        [  828,    0,  256,  546,  611,  976,  491,  568,  924,  345,  804, 1014,  587,  757,  695,  906,  413,  778,  551, 1028,  658,  442, 1140, 1071,  684,  680,  192, 1007,  458,  247,  416,  447,    0,  145,  741,  754,  794,  737,  368,  198,  676,  395,  549,  588,  616,  658,  473,  359,  289,  742,  478,  724,  523,  345, 1042,  339,  184, 1063,  106,  347,  401,  899,  940,  296,  573,  736,  557,  551,  395,  658,  400,  777,  486,  850,  964, 1097,  285,  667,  926,  615,  501,  275,  463,  557,  872,  812,  437,  118, 1159,  751,  506,  736,  171,  696,  861,  534,  740,  569,  839,  901,  637,  627,  798,  582,  972,  952,  594,  628,  731,  492,  778,  898,  868,  662],
        [  698,    0,  288,  407,  518,  856,  349,  540,  839,  202,  700,  874,  462,  708,  628,  882,  299,  752,  420,  921,  565,  305, 1017,  940,  540,  558,  136,  888,  333,  108,  373,  303,  145,    0,  622,  613,  650,  618,  239,  336,  548,  317,  482,  469,  483,  540,  443,  412,  179,  618,  485,  599,  487,  374,  903,  207,  100,  926,   46,  216,  378,  871,  912,  307,  448,  723,  430,  496,  339,  522,  366,  730,  356,  812,  878,  980,  335,  524,  843,  566,  493,  132,  482,  460,  730,  668,  307,  183, 1027,  607,  427,  616,  241,  658,  736,  483,  600,  463,  752,  784,  500,  484,  737,  440,  844,  876,  547,  485,  613,  399,  660,  770,  729,  594],
        [  137,    0,  635,  274,  205,  236,  473,  480,  328,  456,  139,  388,  165,  436,  320,  643,  328,  559,  592,  316,  184,  534,  401,  355,  391,   67,  557,  267,  290,  518,  446,  418,  741,  622,    0,  274,  399,    5,  385,  872,  660,  382,  328,  154,  181,   83,  469,  705,  653,  733,  591,  707,  448,  635,  393,  418,  679,  390,  642,  584,  500,  621,  645,  591,  177,  600,  199,  376,  425,  567,  473,  453,  276,  543,  358,  359,  677,  309,  343,  400,  548,  537,  629,  223,  341,  490,  583,  684,  441,  390,  307,   11,  696,  465,  129,  393,  239,  187,  258,  163,  217,  427,  391,  314,  247,  400,  405,  327,   10,  278,   38,  176,  272,  316],
        [  199,    0,  741,  213,  428,  383,  324,  694,  596,  412,  409,  264,  250,  697,  576,  909,  397,  815,  399,  528,  430,  396,  497,  375,  148,  248,  607,  422,  334,  508,  604,  320,  754,  613,  274,    0,  125,  276,  400,  926,  427,  507,  536,  290,  183,  274,  653,  842,  565,  489,  773,  465,  649,  772,  297,  422,  631,  328,  648,  482,  656,  888,  915,  711,  260,  845,  255,  587,  567,  334,  626,  716,  293,  810,  622,  508,  793,   98,  612,  631,  739,  491,  804,  411,  120,  217,  440,  739,  453,  121,  487,  264,  772,  712,  271,  598,   37,  361,  531,  361,  133,  211,  660,  175,  315,  670,  630,  139,  274,  434,  288,  266,  127,  564],
        [  314,    0,  818,  288,  546,  487,  320,  805,  720,  452,  534,  286,  359,  819,  698, 1032,  482,  935,  352,  639,  551,  388,  578,  442,  113,  371,  669,  524,  418,  553,  701,  348,  794,  650,  399,  125,    0,  401,  466,  978,  344,  600,  648,  402,  290,  395,  756,  926,  568,  394,  873,  372,  757,  859,  327,  481,  650,  368,  690,  485,  752, 1011, 1038,  793,  366,  962,  356,  698,  662,  259,  722,  839,  376,  933,  744,  605,  871,  144,  736,  747,  842,  521,  902,  523,  133,   94,  422,  797,  508,   44,  595,  389,  836,  831,  385,  708,  161,  474,  656,  476,  234,  180,  784,  225,  406,  794,  744,  173,  398,  538,  412,  371,  197,  684],
        [  141,    0,  631,  272,  200,  240,  472,  475,  328,  453,  138,  392,  162,  433,  317,  640,  324,  556,  591,  318,  180,  532,  405,  360,  391,   65,  553,  271,  287,  514,  442,  416,  737,  618,    5,  276,  401,    0,  381,  868,  660,  378,  324,  150,  180,   80,  465,  700,  650,  733,  587,  707,  443,  631,  397,  414,  676,  395,  639,  581,  495,  618,  643,  587,  174,  597,  197,  372,  421,  567,  468,  450,  273,  540,  358,  362,  673,  310,  342,  396,  543,  534,  625,  218,  344,  492,  581,  680,  445,  392,  303,   13,  692,  461,  134,  389,  241,  182,  256,  166,  216,  427,  388,  314,  252,  399,  401,  327,    7,  274,   42,  180,  276,  312],
        [  462,    0,  354,  187,  311,  618,  246,  438,  628,  100,  473,  653,  223,  554,  450,  755,   81,  631,  371,  690,  353,  257,  779,  704,  368,  320,  208,  650,   95,  133,  284,  161,  368,  239,  385,  400,  466,  381,    0,  528,  493,  181,  320,  233,  249,  303,  355,  468,  292,  574,  451,  549,  381,  403,  678,   34,  298,  697,  264,  247,  322,  740,  778,  334,  210,  625,  192,  355,  239,  429,  295,  577,  119,  670,  667,  743,  407,  325,  635,  425,  435,  163,  469,  252,  520,  510,  295,  340,  792,  426,  254,  378,  373,  524,  498,  351,  381,  240,  540,  547,  274,  333,  563,  242,  606,  676,  411,  293,  375,  204,  422,  532,  506,  419],
        [  975,    0,  264,  714,  711, 1105,  684,  588, 1000,  527,  911, 1180,  732,  789,  757,  899,  553,  779,  749, 1132,  757,  638, 1271, 1218,  870,  817,  324, 1131,  609,  426,  473,  633,  198,  336,  872,  926,  978,  868,  528,    0,  874,  495,  621,  723,  773,  791,  507,  297,  486,  939,  462,  921,  557,  324, 1205,  505,  381, 1222,  292,  544,  437,  897,  937,  317,  718,  722,  707,  606,  471,  855,  449,  807,  643,  862, 1039, 1216,  253,  845,  998,  657,  500,  466,  432,  665, 1046, 1002,  635,  191, 1305,  936,  596,  869,  180,  719,  998,  587,  909,  689,  922, 1025,  802,  817,  845,  760, 1114, 1014,  636,  808,  863,  601,  908, 1039, 1033,  725],
        [  623,    0,  806,  416,  729,  810,  248,  925,  986,  413,  796,  626,  542, 1007,  889, 1219,  556, 1103,  131,  950,  754,  253,  918,  785,  281,  607,  634,  848,  512,  494,  776,  334,  676,  548,  660,  427,  344,  660,  493,  874,    0,  672,  789,  586,  489,  618,  847,  931,  391,   82,  941,   56,  868,  875,  668,  483,  495,  711,  593,  333,  813, 1201, 1236,  803,  540, 1108,  518,  832,  731,   94,  787, 1029,  481, 1126, 1017,  935,  859,  355,  999,  897,  927,  431,  957,  683,  476,  279,  242,  729,  852,  318,  723,  649,  784,  994,  693,  833,  451,  644,  907,  781,  445,  234,  994,  354,  740, 1053,  887,  334,  655,  664,  686,  692,  535,  865],
        [  499,    0,  254,  314,  219,  612,  425,  258,  530,  274,  418,  729,  268,  396,  311,  585,  123,  458,  552,  641,  266,  437,  778,  735,  517,  334,  204,  637,  183,  250,  106,  339,  395,  317,  382,  507,  600,  378,  181,  495,  672,    0,  165,  244,  327,  305,  175,  338,  439,  754,  279,  728,  201,  267,  747,  198,  408,  755,  317,  413,  153,  572,  611,  213,  255,  446,  254,  186,   63,  605,  123,  418,  225,  506,  570,  722,  299,  457,  532,  258,  257,  310,  304,  170,  622,  659,  472,  314,  822,  565,  112,  381,  317,  355,  511,  178,  479,  196,  445,  531,  374,  496,  420,  384,  628,  561,  240,  434,  373,  106,  416,  555,  587,  277],
        [  463,    0,  359,  387,  124,  527,  546,  159,  381,  420,  309,  712,  289,  235,  148,  436,  242,  315,  678,  520,  156,  572,  689,  676,  587,  307,  363,  545,  277,  412,  149,  461,  549,  482,  328,  536,  648,  324,  320,  621,  789,  165,    0,  246,  358,  275,  145,  396,  599,  870,  264,  844,  120,  331,  720,  345,  572,  718,  479,  565,  194,  421,  458,  308,  282,  323,  295,   52,  156,  711,  174,  258,  309,  350,  420,  619,  388,  513,  380,  109,  220,  468,  304,  125,  636,  722,  613,  456,  757,  621,   67,  332,  444,  207,  452,   65,  501,  175,  302,  444,  414,  585,  256,  460,  567,  403,  100,  503,  321,  125,  353,  500,  583,  114],
        [  256,    0,  496,  170,  149,  389,  366,  405,  420,  312,  247,  488,   47,  430,  309,  645,  175,  539,  495,  458,  169,  415,  554,  496,  351,   94,  405,  420,  139,  366,  326,  294,  588,  469,  154,  290,  402,  150,  233,  723,  586,  244,  246,    0,  114,   71,  367,  579,  512,  665,  489,  638,  360,  508,  504,  266,  530,  511,  489,  449,  380,  625,  657,  456,   46,  561,   69,  298,  296,  499,  351,  451,  134,  548,  456,  512,  542,  273,  430,  346,  452,  390,  523,  122,  394,  480,  463,  534,  583,  378,  200,  149,  550,  433,  276,  308,  256,   72,  334,  316,  170,  362,  410,  235,  391,  479,  342,  270,  145,  151,  191,  317,  349,  289],
        [  217,    0,  569,   95,  261,  390,  293,  516,  498,  296,  311,  411,   70,  541,  419,  755,  225,  652,  412,  494,  275,  354,  543,  457,  240,  120,  450,  426,  165,  375,  422,  241,  616,  483,  181,  183,  290,  180,  249,  773,  489,  327,  358,  114,    0,  129,  471,  664,  484,  566,  591,  539,  469,  594,  433,  277,  525,  450,  512,  410,  475,  735,  766,  535,   78,  675,   74,  409,  386,  399,  445,  562,  131,  658,  531,  520,  618,  160,  511,  459,  557,  379,  622,  234,  295,  367,  403,  583,  545,  264,  307,  171,  608,  546,  265,  418,  152,  185,  419,  332,   57,  259,  516,  137,  363,  564,  455,  162,  174,  252,  214,  291,  264,  401],
        [  196,    0,  559,  212,  158,  319,  413,  433,  371,  378,  188,  439,   90,  424,  303,  637,  245,  541,  537,  391,  156,  468,  483,  431,  364,   32,  475,  350,  208,  436,  377,  349,  658,  540,   83,  274,  395,   80,  303,  791,  618,  305,  275,   71,  129,    0,  409,  634,  577,  694,  531,  668,  394,  564,  451,  336,  599,  454,  560,  511,  432,  617,  645,  516,  100,  573,  124,  326,  352,  527,  403,  444,  198,  539,  405,  441,  602,  282,  383,  362,  491,  457,  568,  157,  364,  481,  517,  603,  517,  378,  242,   79,  616,  439,  208,  340,  238,  113,  290,  245,  179,  387,  392,  265,  324,  436,  363,  289,   74,  204,  121,  251,  308,  290],
        [  602,    0,  244,  477,  267,  671,  599,   98,  502,  445,  452,  847,  404,  287,  255,  440,  295,  311,  726,  658,  301,  609,  833,  819,  681,  440,  309,  689,  350,  403,   75,  514,  473,  443,  469,  653,  756,  465,  355,  507,  847,  175,  145,  367,  471,  409,    0,  256,  592,  928,  123,  903,   52,  195,  858,  369,  541,  859,  427,  578,   74,  431,  471,  192,  394,  283,  400,  109,  118,  779,   78,  307,  390,  377,  539,  761,  260,  615,  497,  151,   87,  469,  161,  253,  760,  822,  643,  365,  902,  724,  168,  472,  338,  224,  594,   88,  621,  299,  431,  588,  523,  666,  339,  550,  711,  509,  130,  598,  462,  220,  496,  643,  713,  226],
        [  830,    0,  126,  639,  511,  920,  696,  313,  754,  522,  704, 1066,  605,  514,  507,  604,  446,  487,  801,  913,  550,  679, 1084, 1059,  834,  665,  299,  940,  510,  437,  259,  619,  359,  412,  705,  842,  926,  700,  468,  297,  931,  338,  396,  579,  664,  634,  256,    0,  590, 1008,  173,  985,  299,   71, 1082,  463,  503, 1088,  374,  612,  206,  603,  642,  135,  592,  427,  591,  364,  283,  883,  233,  528,  552,  573,  789, 1014,   78,  783,  748,  396,  219,  503,  138,  483,  958,  976,  697,  246, 1144,  889,  399,  706,  188,  439,  833,  343,  815,  522,  685,  837,  709,  800,  577,  704,  951,  753,  377,  755,  696,  431,  735,  880,  924,  480],
        [  697,    0,  466,  393,  603,  874,  249,  687,  920,  201,  758,  827,  489,  833,  737, 1023,  372,  894,  270,  967,  645,  182, 1024,  926,  457,  586,  302,  910,  377,  191,  518,  251,  289,  179,  653,  565,  568,  650,  292,  486,  391,  439,  599,  512,  484,  577,  592,  590,    0,  454,  651,  436,  631,  549,  862,  261,  106,  892,  220,   84,  535, 1010, 1049,  480,  478,  874,  454,  624,  478,  385,  517,  856,  380,  945,  958, 1004,  513,  468,  927,  696,  654,  132,  653,  544,  672,  563,  160,  359, 1010,  525,  536,  645,  418,  793,  748,  616,  563,  530,  832,  813,  481,  390,  850,  394,  842,  968,  679,  427,  644,  492,  690,  773,  690,  705],
        [  688,    0,  883,  496,  809,  872,  329, 1006, 1060,  493,  870,  667,  620, 1087,  969, 1301,  638, 1184,  208, 1016,  833,  330,  971,  834,  347,  682,  710,  910,  594,  571,  857,  416,  742,  618,  733,  489,  394,  733,  574,  939,   82,  754,  870,  665,  566,  694,  928, 1008,  454,    0, 1022,   27,  950,  954,  709,  564,  559,  754,  663,  403,  894, 1282, 1317,  881,  619, 1189,  597,  914,  812,  168,  868, 1110,  563, 1207, 1091,  994,  935,  425, 1074,  979, 1008,  506, 1037,  764,  524,  316,  314,  801,  897,  374,  805,  722,  856, 1076,  759,  914,  516,  724,  983,  848,  519,  308, 1074,  431,  797, 1128,  968,  408,  729,  745,  757,  754,  589,  945],
        [  724,    0,  223,  591,  388,  787,  695,  145,  591,  531,  565,  970,  524,  342,  348,  439,  402,  318,  816,  762,  419,  696,  947,  939,  794,  563,  351,  803,  461,  471,  174,  611,  478,  485,  591,  773,  873,  587,  451,  462,  941,  279,  264,  489,  591,  531,  123,  173,  651, 1022,    0,  997,  148,  141,  981,  459,  584,  980,  458,  651,  129,  436,  476,  184,  514,  263,  520,  220,  216,  879,  157,  356,  502,  401,  626,  871,  212,  731,  584,  234,   50,  539,   43,  375,  882,  936,  725,  362, 1020,  840,  291,  594,  318,  267,  715,  201,  742,  422,  529,  704,  643,  774,  408,  662,  831,  585,  217,  711,  584,  340,  616,  764,  836,  325],
        [  663,    0,  860,  469,  782,  848,  304,  980, 1034,  469,  844,  648,  593, 1061,  942, 1274,  612, 1158,  184,  991,  806,  307,  949,  813,  322,  655,  687,  886,  567,  548,  832,  390,  724,  599,  707,  465,  372,  707,  549,  921,   56,  728,  844,  638,  539,  668,  903,  985,  436,   27,  997,    0,  924,  930,  690,  539,  542,  734,  643,  383,  869, 1256, 1290,  858,  592, 1163,  570,  887,  787,  141,  843, 1083,  536, 1180, 1064,  971,  913,  399, 1047,  952,  983,  484, 1012,  737,  503,  297,  293,  780,  877,  351,  778,  696,  836, 1049,  734,  888,  491,  697,  957,  823,  493,  282, 1047,  404,  774, 1102,  942,  381,  702,  719,  731,  730,  567,  918],
        [  583,    0,  295,  485,  244,  640,  622,   58,  455,  474,  418,  831,  400,  236,  209,  395,  313,  266,  750,  617,  272,  637,  799,  793,  689,  425,  355,  655,  363,  441,  115,  535,  523,  487,  448,  649,  757,  443,  381,  557,  868,  201,  120,  360,  469,  394,   52,  299,  631,  950,  148,  924,    0,  242,  840,  398,  584,  837,  473,  611,  125,  385,  425,  243,  391,  246,  401,   73,  153,  797,  125,  256,  401,  328,  491,  724,  309,  619,  450,  100,  101,  505,  190,  241,  753,  828,  672,  416,  873,  728,  163,  451,  389,  174,  570,   55,  616,  290,  387,  557,  523,  679,  288,  558,  684,  459,   79,  605,  441,  220,  471,  619,  701,  181],
        [  760,    0,   90,  572,  443,  852,  637,  265,  696,  464,  638,  995,  535,  468,  450,  579,  378,  457,  746,  850,  483,  624, 1017,  990,  768,  594,  250,  872,  442,  385,  190,  558,  345,  374,  635,  772,  859,  631,  403,  324,  875,  267,  331,  508,  594,  564,  195,   71,  549,  954,  141,  930,  242,    0, 1011,  401,  470, 1017,  341,  563,  139,  575,  616,   73,  522,  403,  521,  302,  213,  824,  163,  484,  484,  538,  733,  949,   73,  715,  692,  341,  176,  452,  119,  413,  888,  911,  645,  228, 1075,  822,  330,  636,  179,  396,  764,  282,  745,  452,  625,  769,  639,  736,  527,  637,  882,  701,  321,  689,  627,  361,  666,  810,  853,  420],
