{
    "name": "random-23-25751",
    "comment": "size=23 seed=25751",
    "nodes": ["+0", "-0", "+1", "-1", "+2", "-2", "+3", "-3", "+4", "-4", "+5", "-5", "+6", "-6", "+7", "-7", "+8", "-8", "+9", "-9", "+10", "-10", "+11", "-11", "+12", "-12", "+13", "-13", "+14", "-14", "+15", "-15", "+16", "-16", "+17", "-17", "+18", "-18", "+19", "-19", "+20", "-20", "+21", "-21", "+22", "-22", "+23", "-23"],
    "precedence": {
        "+0": "-0",
        "+1": "-1",
        "+2": "-2",
        "+3": "-3",
        "+4": "-4",
        "+5": "-5",
        "+6": "-6",
        "+7": "-7",
        "+8": "-8",
        "+9": "-9",
        "+10": "-10",
        "+11": "-11",
        "+12": "-12",
        "+13": "-13",
        "+14": "-14",
        "+15": "-15",
        "+16": "-16",
        "+17": "-17",
        "+18": "-18",
        "+19": "-19",
        "+20": "-20",
        "+21": "-21",
        "+22": "-22",
        "+23": "-23"
    },
    "edges": [
        [    0,    0,  219,  441,  819,  412,  935,  911,  247,  488,  272,  176,  424,  389,  274,  466,  275,  330,  896,  496,  672,  432,  577,  750,  634,  232,  751,  376,  486,  774,  484,  488,  226,  980,  596,   31,  630,  863,  802,  171,  572,  511,  665,  169,  826,  925,  717,  738],
        [    0,    0,  219,  441,  819,  412,  935,  911,  247,  488,  272,  176,  424,  389,  274,  466,  275,  330,  896,  496,  672,  432,  577,  750,  634,  232,  751,  376,  486,  774,  484,  488,  226,  980,  596,   31,  630,  863,  802,  171,  572,  511,  665,  169,  826,  925,  717,  738],
        [  219,  219,    0,  379,  696,  211,  783,  752,  161,  427,  247,  188,  340,  460,  158,  331,  425,  483,  730,  288,  603,  325,  549,  546,  428,   37,  639,  189,  409,  583,  518,  476,  278,  762,  459,  243,  413,  742,  623,   87,  410,  301,  599,  213,  696,  798,  659,  624],
        [  441,  441,  379,    0, 1045,  312, 1102, 1064,  224,   50,  619,  265,   53,  807,  221,  693,  715,  770, 1034,  369,  979,   94,  927,  777,  436,  414,  997,  277,  785,  851,  883,  852,  624,  824,  218,  436,  515, 1091,  913,  323,  257,  382,  975,  274, 1041, 1141, 1036,  982],
        [  819,  819,  696, 1045,    0,  750,  173,  185,  851, 1088,  554,  880,  996,  610,  837,  366,  766,  787,  210,  736,  227,  966,  363,  436,  797,  660,   77,  775,  342,  338,  522,  428,  630,  801, 1024,  849,  684,   47,  264,  780,  941,  733,  237,  901,   29,  107,  246,   85],
        [  412,  412,  211,  312,  750,    0,  793,  755,  210,  348,  435,  296,  260,  658,  175,  421,  636,  694,  724,   89,  718,  223,  698,  469,  223,  225,  710,   46,  537,  539,  701,  641,  483,  589,  288,  429,  241,  795,  602,  242,  218,  104,  717,  325,  742,  841,  779,  694],
        [  935,  935,  783, 1102,  173,  793,    0,   45,  928, 1140,  684,  970, 1050,  770,  908,  470,  917,  942,   87,  760,  398, 1015,  531,  389,  792,  750,  244,  825,  485,  286,  688,  590,  766,  712, 1046,  965,  675,  163,  206,  869,  960,  754,  408,  994,  148,  130,  418,  246],
        [  911,  911,  752, 1064,  185,  755,   45,    0,  894, 1102,  664,  939, 1013,  763,  874,  446,  904,  932,   43,  720,  404,  977,  532,  345,  749,  719,  248,  788,  472,  243,  686,  586,  749,  670, 1005,  941,  632,  185,  163,  839,  918,  713,  413,  964,  157,  165,  429,  248],
        [  247,  247,  161,  224,  851,  210,  928,  894,    0,  273,  395,   90,  192,  587,   36,  489,  512,  569,  869,  297,  764,  191,  705,  651,  421,  197,  796,  165,  569,  705,  659,  629,  403,  798,  351,  253,  450,  897,  755,  100,  328,  313,  760,  118,  850,  951,  819,  782],
        [  488,  488,  427,   50, 1088,  348, 1140, 1102,  273,    0,  668,  313,   93,  856,  270,  738,  762,  817, 1072,  398, 1026,  126,  976,  808,  452,  462, 1041,  316,  833,  885,  932,  901,  673,  835,  208,  483,  538, 1134,  949,  372,  262,  410, 1022,  320, 1083, 1183, 1083, 1026],
        [  272,  272,  247,  619,  554,  435,  684,  664,  395,  668,    0,  381,  583,  227,  401,  228,  270,  316,  656,  490,  402,  572,  317,  579,  624,  219,  484,  425,  216,  571,  271,  235,   90,  887,  703,  300,  570,  597,  579,  298,  648,  500,  395,  392,  564,  660,  449,  472],
        [  176,  176,  188,  265,  880,  296,  970,  939,   90,  313,  381,    0,  248,  548,  125,  514,  450,  506,  917,  384,  770,  259,  697,  718,  511,  222,  820,  252,  576,  764,  631,  615,  369,  885,  427,  176,  535,  926,  808,  101,  413,  400,  765,   30,  881,  983,  823,  806],
        [  424,  424,  340,   53,  996,  260, 1050, 1013,  192,   93,  583,  248,    0,  779,  183,  646,  697,  753,  983,  317,  935,   44,  888,  725,  389,  373,  949,  226,  743,  798,  850,  815,  594,  779,  196,  423,  464, 1042,  861,  291,  219,  330,  932,  262,  991, 1091,  993,  934],
        [  389,  389,  460,  807,  610,  658,  770,  763,  587,  856,  227,  548,  779,    0,  601,  393,  179,  182,  766,  717,  398,  774,  264,  763,  850,  437,  534,  645,  298,  733,  113,  183,  185, 1097,  917,  407,  793,  644,  720,  488,  868,  726,  389,  549,  629,  709,  418,  528],
        [  274,  274,  158,  221,  837,  175,  908,  874,   36,  270,  401,  125,  183,  601,    0,  478,  535,  592,  848,  262,  759,  173,  707,  622,  386,  193,  785,  130,  565,  679,  669,  633,  416,  763,  326,  284,  415,  884,  732,  116,  298,  278,  755,  154,  835,  936,  815,  770],
        [  466,  466,  331,  693,  366,  421,  470,  446,  489,  738,  228,  514,  646,  393,  478,    0,  490,  530,  433,  436,  298,  621,  302,  371,  540,  295,  308,  435,  135,  348,  370,  276,  317,  715,  708,  496,  452,  412,  352,  414,  633,  438,  297,  536,  368,  469,  359,  294],
        [  275,  275,  425,  715,  766,  636,  917,  904,  512,  762,  270,  450,  697,  179,  535,  490,    0,   58,  902,  710,  566,  701,  437,  848,  849,  415,  690,  611,  432,  837,  291,  350,  182, 1147,  860,  283,  816,  804,  838,  421,  825,  722,  557,  443,  782,  869,  592,  683],
        [  330,  330,  483,  770,  787,  694,  942,  932,  569,  817,  316,  506,  753,  182,  592,  530,   58,    0,  932,  766,  579,  758,  445,  893,  906,  472,  711,  669,  461,  877,  290,  363,  232, 1199,  918,  336,  870,  822,  874,  478,  883,  778,  570,  497,  804,  887,  599,  704],
        [  896,  896,  730, 1034,  210,  724,   87,   43,  869, 1072,  656,  917,  983,  766,  848,  433,  902,  932,    0,  686,  421,  946,  544,  305,  711,  699,  267,  758,  472,  203,  694,  592,  742,  628,  970,  926,  594,  218,  125,  817,  883,  679,  429,  943,  182,  205,  451,  264],
        [  496,  496,  288,  369,  736,   89,  760,  720,  297,  398,  490,  384,  317,  717,  262,  436,  710,  766,  686,    0,  732,  276,  728,  411,  141,  295,  704,  132,  562,  492,  748,  679,  548,  501,  289,  515,  156,  780,  562,  328,  206,   16,  731,  413,  725,  820,  793,  688],
        [  672,  672,  603,  979,  227,  718,  398,  404,  764, 1026,  402,  770,  935,  398,  759,  298,  566,  579,  421,  732,    0,  912,  139,  552,  827,  567,  156,  731,  196,  477,  300,  217,  458,  928, 1005,  700,  728,  253,  426,  676,  930,  733,   10,  786,  251,  316,   62,  158],
        [  432,  432,  325,   94,  966,  223, 1015,  977,  191,  126,  572,  259,   44,  774,  173,  621,  701,  758,  946,  276,  912,    0,  871,  685,  346,  357,  921,  192,  722,  760,  841,  801,  589,  736,  170,  435,  421, 1012,  824,  287,  180,  288,  910,  277,  960, 1060,  971,  906],
        [  577,  577,  549,  927,  363,  698,  531,  532,  705,  976,  317,  697,  888,  264,  707,  302,  437,  445,  544,  728,  139,  871,    0,  627,  839,  515,  288,  702,  168,  566,  162,   91,  353,  995,  983,  602,  753,  390,  529,  611,  915,  732,  129,  709,  385,  454,  156,  286],
        [  750,  750,  546,  777,  436,  469,  389,  345,  651,  808,  579,  718,  725,  763,  622,  371,  848,  893,  305,  411,  552,  685,  627,    0,  411,  523,  445,  510,  484,  104,  732,  631,  668,  377,  682,  778,  296,  469,  186,  627,  594,  401,  557,  747,  414,  485,  606,  432],
        [  634,  634,  428,  436,  797,  223,  792,  749,  421,  452,  624,  511,  389,  850,  386,  540,  849,  906,  711,  141,  827,  346,  839,  411,    0,  435,  777,  262,  672,  508,  875,  799,  685,  391,  283,  651,  117,  838,  587,  464,  199,  128,  828,  539,  782,  870,  887,  761],
        [  232,  232,   37,  414,  660,  225,  750,  719,  197,  462,  219,  222,  373,  437,  193,  295,  415,  472,  699,  295,  567,  357,  515,  523,  435,    0,  603,  209,  373,  555,  489,  444,  258,  755,  485,  258,  410,  706,  593,  121,  432,  307,  563,  245,  661,  763,  623,  588],
        [  751,  751,  639,  997,   77,  710,  244,  248,  796, 1041,  484,  820,  949,  534,  785,  308,  690,  711,  267,  704,  156,  921,  288,  445,  777,  603,    0,  731,  269,  354,  446,  352,  557,  818,  990,  780,  668,  115,  290,  721,  909,  703,  165,  840,   97,  180,  185,   16],
        [  376,  376,  189,  277,  775,   46,  825,  788,  165,  316,  425,  252,  226,  645,  130,  435,  611,  669,  758,  132,  731,  192,  702,  510,  262,  209,  731,    0,  545,  577,  694,  640,  465,  633,  283,  392,  286,  820,  637,  206,  224,  148,  729,  282,  768,  868,  790,  716],
        [  486,  486,  409,  785,  342,  537,  485,  472,  569,  833,  216,  576,  743,  298,  565,  135,  432,  461,  472,  562,  196,  722,  168,  484,  672,  373,  269,  545,    0,  440,  250,  148,  288,  842,  824,  515,  586,  384,  422,  481,  753,  566,  191,  592,  354,  448,  251,  259],
        [  774,  774,  583,  851,  338,  539,  286,  243,  705,  885,  571,  764,  798,  733,  679,  348,  837,  877,  203,  492,  477,  760,  566,  104,  508,  555,  354,  577,  440,    0,  688,  584,  661,  465,  771,  803,  392,  368,   82,  668,  684,  483,  483,  791,  314,  382,  525,  343],
        [  484,  484,  518,  883,  522,  701,  688,  686,  659,  932,  271,  631,  850,  113,  669,  370,  291,  290,  694,  748,  300,  841,  162,  732,  875,  489,  446,  694,  250,  688,    0,  105,  264, 1085,  973,  505,  805,  552,  663,  560,  916,  756,  291,  637,  543,  616,  313,  443],
        [  488,  488,  476,  852,  428,  641,  590,  586,  629,  901,  235,  615,  815,  183,  633,  276,  350,  363,  592,  679,  217,  801,   91,  631,  799,  444,  352,  640,  148,  584,  105,    0,  264,  989,  922,  513,  721,  461,  559,  532,  858,  685,  208,  625,  447,  526,  244,  347],
        [  226,  226,  278,  624,  630,  483,  766,  749,  403,  673,   90,  369,  594,  185,  416,  317,  182,  232,  742,  548,  458,  589,  353,  668,  685,  258,  557,  465,  288,  661,  264,  264,    0,  967,  734,  250,  642,  671,  668,  304,  687,  559,  451,  373,  641,  735,  499,  546],
        [  980,  980,  762,  824,  801,  589,  712,  670,  798,  835,  887,  885,  779, 1097,  763,  715, 1147, 1199,  628,  501,  928,  736,  995,  377,  391,  755,  818,  633,  842,  465, 1085,  989,  967,    0,  644, 1002,  352,  827,  538,  820,  574,  486,  933,  914,  776,  830,  982,  806],
        [  596,  596,  459,  218, 1024,  288, 1046, 1005,  351,  208,  703,  427,  196,  917,  326,  708,  860,  918,  970,  289, 1005,  170,  983,  682,  283,  485,  990,  283,  824,  771,  973,  922,  734,  644,    0,  601,  390, 1069,  845,  440,   88,  294, 1004,  446, 1014, 1109, 1066,  974],
        [   31,   31,  243,  436,  849,  429,  965,  941,  253,  483,  300,  176,  423,  407,  284,  496,  283,  336,  926,  515,  700,  435,  602,  778,  651,  258,  780,  392,  515,  803,  505,  513,  250, 1002,  601,    0,  652,  893,  831,  187,  581,  529,  693,  164,  856,  955,  745,  768],
        [  630,  630,  413,  515,  684,  241,  675,  632,  450,  538,  570,  535,  464,  793,  415,  452,  816,  870,  594,  156,  728,  421,  753,  296,  117,  410,  668,  286,  586,  392,  805,  721,  642,  352,  390,  652,    0,  725,  470,  469,  303,  141,  730,  564,  668,  755,  788,  653],
        [  863,  863,  742, 1091,   47,  795,  163,  185,  897, 1134,  597,  926, 1042,  644,  884,  412,  804,  822,  218,  780,  253, 1012,  390,  469,  838,  706,  115,  820,  384,  368,  552,  461,  671,  827, 1069,  893,  725,    0,  290,  826,  985,  777,  262,  947,   57,   66,  262,  126],
        [  802,  802,  623,  913,  264,  602,  206,  163,  755,  949,  579,  808,  861,  720,  732,  352,  838,  874,  125,  562,  426,  824,  529,  186,  587,  593,  290,  637,  422,   82,  663,  559,  668,  538,  845,  831,  470,  290,    0,  710,  758,  554,  433,  835,  239,  301,  469,  281],
        [  171,  171,   87,  323,  780,  242,  869,  839,  100,  372,  298,  101,  291,  488,  116,  414,  421,  478,  817,  328,  676,  287,  611,  627,  464,  121,  721,  206,  481,  668,  560,  532,  304,  820,  440,  187,  469,  826,  710,    0,  407,  343,  672,  126,  781,  882,  730,  706],
        [  572,  572,  410,  257,  941,  218,  960,  918,  328,  262,  648,  413,  219,  868,  298,  633,  825,  883,  883,  206,  930,  180,  915,  594,  199,  432,  909,  224,  753,  684,  916,  858,  687,  574,   88,  581,  303,  985,  758,  407,    0,  209,  930,  437,  930, 1024,  991,  893],
        [  511,  511,  301,  382,  733,  104,  754,  713,  313,  410,  500,  400,  330,  726,  278,  438,  722,  778,  679,   16,  733,  288,  732,  401,  128,  307,  703,  148,  566,  483,  756,  685,  559,  486,  294,  529,  141,  777,  554,  343,  209,    0,  733,  429,  721,  816,  794,  687],
        [  665,  665,  599,  975,  237,  717,  408,  413,  760, 1022,  395,  765,  932,  389,  755,  297,  557,  570,  429,  731,   10,  910,  129,  557,  828,  563,  165,  729,  191,  483,  291,  208,  451,  933, 1004,  693,  730,  262,  433,  672,  930,  733,    0,  781,  261,  326,   62,  166],
        [  169,  169,  213,  274,  901,  325,  994,  964,  118,  320,  392,   30,  262,  549,  154,  536,  443,  497,  943,  413,  786,  277,  709,  747,  539,  245,  840,  282,  592,  791,  637,  625,  373,  914,  446,  164,  564,  947,  835,  126,  437,  429,  781,    0,  903, 1005,  837,  826],
        [  826,  826,  696, 1041,   29,  742,  148,  157,  850, 1083,  564,  881,  991,  629,  835,  368,  782,  804,  182,  725,  251,  960,  385,  414,  782,  661,   97,  768,  354,  314,  543,  447,  641,  776, 1014,  856,  668,   57,  239,  781,  930,  721,  261,  903,    0,  102,  273,  101],
        [  925,  925,  798, 1141,  107,  841,  130,  165,  951, 1183,  660,  983, 1091,  709,  936,  469,  869,  887,  205,  820,  316, 1060,  454,  485,  870,  763,  180,  868,  448,  382,  616,  526,  735,  830, 1109,  955,  755,   66,  301,  882, 1024,  816,  326, 1005,  102,    0,  320,  189],
        [  717,  717,  659, 1036,  246,  779,  418,  429,  819, 1083,  449,  823,  993,  418,  815,  359,  592,  599,  451,  793,   62,  971,  156,  606,  887,  623,  185,  790,  251,  525,  313,  244,  499,  982, 1066,  745,  788,  262,  469,  730,  991,  794,   62,  837,  273,  320,    0,  191],
        [  738,  738,  624,  982,   85,  694,  246,  248,  782, 1026,  472,  806,  934,  528,  770,  294,  683,  704,  264,  688,  158,  906,  286,  432,  761,  588,   16,  716,  259,  343,  443,  347,  546,  806,  974,  768,  653,  126,  281,  706,  893,  687,  166,  826,  101,  189,  191,    0]
    ]
}
