{
    "name": "random-95-18540",
    "comment": "size=95 seed=18540",
    "nodes": ["+0", "-0", "+1", "-1", "+2", "-2", "+3", "-3", "+4", "-4", "+5", "-5", "+6", "-6", "+7", "-7", "+8", "-8", "+9", "-9", "+10", "-10", "+11", "-11", "+12", "-12", "+13", "-13", "+14", "-14", "+15", "-15", "+16", "-16", "+17", "-17", "+18", "-18", "+19", "-19", "+20", "-20", "+21", "-21", "+22", "-22", "+23", "-23", "+24", "-24", "+25", "-25", "+26", "-26", "+27", "-27", "+28", "-28", "+29", "-29", "+30", "-30", "+31", "-31", "+32", "-32", "+33", "-33", "+34", "-34", "+35", "-35", "+36", "-36", "+37", "-37", "+38", "-38", "+39", "-39", "+40", "-40", "+41", "-41", "+42", "-42", "+43", "-43", "+44", "-44", "+45", "-45", "+46", "-46", "+47", "-47", "+48", "-48", "+49", "-49", "+50", "-50", "+51", "-51", "+52", "-52", "+53", "-53", "+54", "-54", "+55", "-55", "+56", "-56", "+57", "-57", "+58", "-58", "+59", "-59", "+60", "-60", "+61", "-61", "+62", "-62", "+63", "-63", "+64", "-64", "+65", "-65", "+66", "-66", "+67", "-67", "+68", "-68", "+69", "-69", "+70", "-70", "+71", "-71", "+72", "-72", "+73", "-73", "+74", "-74", "+75", "-75", "+76", "-76", "+77", "-77", "+78", "-78", "+79", "-79", "+80", "-80", "+81", "-81", "+82", "-82", "+83", "-83", "+84", "-84", "+85", "-85", "+86", "-86", "+87", "-87", "+88", "-88", "+89", "-89", "+90", "-90", "+91", "-91", "+92", "-92", "+93", "-93", "+94", "-94", "+95", "-95"],
    "precedence": {
        "+0": "-0",
        "+1": "-1",
        "+2": "-2",
        "+3": "-3",
        "+4": "-4",
        "+5": "-5",
        "+6": "-6",
        "+7": "-7",
        "+8": "-8",
        "+9": "-9",
        "+10": "-10",
        "+11": "-11",
        "+12": "-12",
        "+13": "-13",
        "+14": "-14",
        "+15": "-15",
        "+16": "-16",
        "+17": "-17",
        "+18": "-18",
        "+19": "-19",
        "+20": "-20",
        "+21": "-21",
        "+22": "-22",
        "+23": "-23",
        "+24": "-24",
        "+25": "-25",
        "+26": "-26",
        "+27": "-27",
        "+28": "-28",
        "+29": "-29",
        "+30": "-30",
        "+31": "-31",
        "+32": "-32",
        "+33": "-33",
        "+34": "-34",
        "+35": "-35",
        "+36": "-36",
        "+37": "-37",
        "+38": "-38",
        "+39": "-39",
        "+40": "-40",
        "+41": "-41",
        "+42": "-42",
        "+43": "-43",
        "+44": "-44",
        "+45": "-45",
        "+46": "-46",
        "+47": "-47",
        "+48": "-48",
        "+49": "-49",
        "+50": "-50",
        "+51": "-51",
        "+52": "-52",
        "+53": "-53",
        "+54": "-54",
        "+55": "-55",
        "+56": "-56",
        "+57": "-57",
        "+58": "-58",
        "+59": "-59",
        "+60": "-60",
        "+61": "-61",
        "+62": "-62",
        "+63": "-63",
        "+64": "-64",
        "+65": "-65",
        "+66": "-66",
        "+67": "-67",
        "+68": "-68",
        "+69": "-69",
        "+70": "-70",
        "+71": "-71",
        "+72": "-72",
        "+73": "-73",
        "+74": "-74",
        "+75": "-75",
        "+76": "-76",
        "+77": "-77",
        "+78": "-78",
        "+79": "-79",
        "+80": "-80",
        "+81": "-81",
        "+82": "-82",
        "+83": "-83",
        "+84": "-84",
        "+85": "-85",
        "+86": "-86",
        "+87": "-87",
        "+88": "-88",
        "+89": "-89",
        "+90": "-90",
        "+91": "-91",
        "+92": "-92",
        "+93": "-93",
        "+94": "-94",
        "+95": "-95"
    },
    "edges": [
        [    0,    0,  634,  927, 1146,  356,  570,   24,  735,  776,  586,  515,  242,  651,  849,  277,  396,  826,  550,  471,  151,  721,  718,   42,  867,  129,  721,  251,  856,  738,  422,  665,  360,  499,  313,  382,  702,  827,  677,  920,  198,  874,  370,  584,  531,  244,  371,  174,  577,  745,  582,   94,  356,  344,  521, 1019,  915,  900,  804,  195,  526,  670,  698,  940,  522,  576,  697,  864,  864,  689,  506,  176,  563,  574,  291,  602,  368,  720,  689,  869,  712,  846,  979,  234,  654,  642,  932,  413,  713,  155,  441,  358,  354,  544,  786,  799,  779,  851,  568,   69,  600,  773,  174,  766,  193,  917,  510,  588,  486,  738,  423,  443,  191,  522,  405,  848,  369,  722,  766,  479,  575,  394,  130,  267,  411,  167,  524,  540,  802,  474,  919, 1032,  607,  914,  881,  585,  650,  563, 1068,  477,  397,  380,  681,  534, 1024,  765,  789,  764,  902,  530,  759,  858,  709,  559,  457,  979,   48,  249,  822,  731,  986,  153,  545,  334,  980,   31,  416,   60,  278,  888,  758,  702,  279,  781, 1120,  828,  813, 1010, 1088,  308, 1079,  955,  852, 1033,  156,  312,  333,  559,  672,  627,  247,  298],
        [    0,    0,    0,    0,    0,    0,    0,    0,    0,    0,    0,    0,    0,    0,    0,    0,    0,    0,    0,    0,    0,    0,    0,    0,    0,    0,    0,    0,    0,    0,    0,    0,    0,    0,    0,    0,    0,    0,    0,    0,    0,    0,    0,    0,    0,    0,    0,    0,    0,    0,    0,    0,    0,    0,    0,    0,    0,    0,    0,    0,    0,    0,    0,    0,    0,    0,    0,    0,    0,    0,    0,    0,    0,    0,    0,    0,    0,    0,    0,    0,    0,    0,    0,    0,    0,    0,    0,    0,    0,    0,    0,    0,    0,    0,    0,    0,    0,    0,    0,    0,    0,    0,    0,    0,    0,    0,    0,    0,    0,    0,    0,    0,    0,    0,    0,    0,    0,    0,    0,    0,    0,    0,    0,    0,    0,    0,    0,    0,    0,    0,    0,    0,    0,    0,    0,    0,    0,    0,    0,    0,    0,    0,    0,    0,    0,    0,    0,    0,    0,    0,    0,    0,    0,    0,    0,    0,    0,    0,    0,    0,    0,    0,    0,    0,    0,    0,    0,    0,    0,    0,    0,    0,    0,    0,    0,    0,    0,    0,    0,    0,    0,    0,    0,    0,    0,    0,    0,    0,    0,    0,    0,    0],
        [  634,    0,    0,  340,  739,  670,  242,  628,  195,  152,   78,  851,  450,  486,  275,  461,  244,  363,  252,  673,  596,  108,   85,  662,  321,  577,  441,  405,  799,  414,  599,  419,  354,  813,  350,  257,  545,  226,  961,  629,  606,  381,  653,   53,  686,  647,  300,  640,  812,  884,   53,  574,  311,  293,  687,  619,  372,  737,  516,  700,  273,  699,  854,  350,  135,  416,  871,  593,  237,  871,  456,  613,   88,  164,  349,   54,  315,  598,  556,  783,  798,  254,  603,  534,  352,  249,  328,  267,  157,  672,  763,  281,  388,  639,  501,  208,  665,  706,  137,  614,  161,  224,  472,  775,  722,  300,  763,  389,  252,  950,  282,  322,  724,  479,  352,  273,  711,  141, 1005,  655,  613,  448,  517,  415,  258,  557,  690,  819,  673,  216,  289,  547,  240,  396,  596,  108,  916,  678,  652,  185,  572,  604,  777,  169,  587,  161,  628,  154,  715,  386,  674,  257,  572,  802,  443,  459,  616,  437,  234,  879,  449,  707,  354,  656,  527,  649,  383,  640,  505,  279,  324,  884,  416,  229,  707,  551,  189,  630,  716,  337,  755,  408,  415,  583,  711,  667,  505,  675,  126,  129,  475,  410],
        [  927,    0,  340,    0,  475,  854,  567,  927,  429,  198,  417,  998,  777,  506,  408,  795,  569,  207,  581,  808,  917,  233,  282,  949,   90,  843,  404,  679,  756,  359,  751,  426,  586,  959,  617,  579,  535,  349, 1064,  482,  847,  167,  830,  390,  795,  872,  559,  887,  923,  929,  379,  851,  573,  609,  801,  387,   91,  645,  422, 1023,  429,  737,  916,  409,  474,  490,  938,  475,  273,  941,  571,  938,  428,  355,  665,  345,  651,  586,  557,  727,  837,   87,  396,  865,  374,  314,  369,  517,  404,  927,  924,  602,  727,  735,  420,  365,  630,  636,  472,  922,  329,  427,  755,  777, 1044,  321,  894,  459,  452, 1020,  512,  515, 1046,  583,  692,   80,  894,  375, 1079,  785,  690,  628,  826,  673,  517,  813,  803,  948,  626,  556,  164,  261,  343,  135,  466,  346, 1018,  770,  398,  452,  737,  776,  827,  394,  332,  339,  577,  329,  613,  497,  654,   85,  562,  919,  589,  163,  900,  694,  373,  930,  137, 1024,  462,  848,  276,  937,  568,  946,  840,  341,  246,  952,  747,  424,  444,  448,  170,  410,  481,  657,  547,   98,  243,  318, 1028,  868,  704,  769,  257,  301,  719,  652],
        [ 1146,    0,  739,  475,    0,  921,  981, 1155,  883,  640,  813,  981, 1083,  510,  880, 1117,  897,  378,  988,  821, 1194,  646,  716, 1151,  437, 1028,  425,  911,  538,  410,  804,  481,  793,  949,  855,  901,  479,  819,  974,  256,  994,  360,  893,  774,  776,  992,  805, 1037,  871,  786,  754, 1054,  819,  915,  786,  129,  395,  398,  347, 1297,  639,  642,  798,  883,  851,  572,  822,  306,  746,  830,  651, 1222,  814,  650,  961,  715,  992,  492,  500,  499,  708,  528,  167, 1174,  497,  546,  843,  769,  852, 1081,  943,  917, 1074,  719,  365,  831,  478,  428,  873, 1168,  629,  889,  982,  617, 1310,  795,  878,  559,  689,  890,  748,  710, 1311,  643, 1056,  497,  950,  823,  945,  798,  665,  758, 1085,  884,  780,  990,  786,  916,  457,  929,  638,  215,  577,  357,  286,  682,  935,  736,   88,  748,  809,  846,  717,  687,  153,  797,  432,  786,  368,  616,  512,  540,  487,  876,  697,  313, 1105,  899,  843,  795,  340, 1279,  602,  928,  214, 1143,  730, 1185, 1164,  815,  431,  834, 1065,  887,   33,  331,  626,  136,   76,  964,  149,  378,  330,  161, 1283,  955,  832,  737,  616,  633,  900,  850],
        [  356,    0,  670,  854,  921,    0,  733,  378,  838,  769,  662,  195,  501,  416,  939,  551,  515,  689,  719,  125,  491,  714,  746,  333,  773,  241,  519,  322,  526,  553,  118,  469,  318,  165,  345,  502,  443,  895,  345,  670,  162,  743,   28,  637,  186,  114,  378,  183,  224,  389,  622,  283,  372,  470,  175,  807,  808,  601,  579,  550,  433,  339,  342, 1018,  618,  381,  342,  617,  900,  334,  293,  521,  638,  534,  452,  620,  555,  438,  423,  547,  362,  791,  761,  546,  495,  541,  997,  405,  804,  215,  104,  489,  591,  220,  564,  874,  480,  552,  678,  417,  554,  875,  314,  428,  547,  966,  156,  408,  428,  389,  389,  356,  545,  291,  626,  780,   42,  800,  423,  140,  267,  231,  404,  288,  416,  216,  177,  195,  504,  618,  910,  866,  514,  791,  636,  576,  309,  224,  857,  486,  121,   81,  331,  510,  831,  829,  507,  823,  611,  360,  452,  809,  438,  207,  266,  846,  311,  273,  900,  376,  863,  506,  393,   24,  804,  334,  296,  415,  576,  948,  625,  348,  521,  881,  902,  591,  801,  789,  852,  474,  822,  845,  693,  846,  508,   46,  165,  221,  641,  595,  227,  274],
        [  570,    0,  242,  567,  981,  733,    0,  556,  191,  369,  168,  927,  335,  676,  301,  320,  219,  604,   22,  775,  479,  343,  285,  607,  560,  565,  656,  416,  988,  636,  697,  623,  435,  894,  390,  232,  739,  303, 1063,  857,  621,  623,  724,  209,  805,  674,  370,  642,  919, 1025,  232,  544,  371,  265,  803,  860,  610,  947,  738,  567,  443,  858,  989,  392,  150,  592, 1002,  816,  369,  999,  603,  485,  172,  363,  297,  270,  203,  789,  746,  978,  949,  485,  842,  392,  561,  467,  395,  362,  188,  661,  836,  247,  232,  771,  722,  272,  859,  910,  109,  526,  373,  224,  453,  945,  594,  397,  860,  573,  400, 1074,  390,  450,  597,  629,  179,  508,  771,  212, 1124,  764,  760,  552,  441,  446,  346,  560,  806,  912,  872,  116,  470,  789,  448,  637,  822,  314, 1020,  809,  894,  308,  666,  687,  923,  342,  829,  260,  831,  265,  928,  550,  862,  483,  764,  906,  572,  698,  571,  463,  288, 1018,  686,  592,  527,  714,  768,  594,  497,  554,  351,  361,  560, 1013,  296,  232,  949,  773,  400,  869,  955,  275,  991,  644,  655,  825,  594,  715,  580,  806,  365,  356,  509,  461],
        [   24,    0,  628,  927, 1155,  378,  556,    0,  724,  772,  578,  539,  225,  663,  839,  258,  388,  830,  536,  492,  127,  717,  712,   63,  868,  147,  731,  253,  873,  746,  441,  675,  366,  522,  315,  374,  715,  818,  701,  931,  219,  877,  391,  578,  551,  266,  373,  197,  599,  766,  576,  108,  357,  337,  542, 1028,  917,  916,  815,  174,  531,  688,  720,  929,  514,  587,  719,  876,  857,  711,  519,  152,  555,  574,  282,  598,  355,  735,  703,  887,  732,  844,  988,  212,  661,  645,  922,  415,  703,  179,  464,  350,  337,  563,  796,  789,  794,  866,  558,   46,  600,  762,  177,  785,  174,  908,  533,  597,  489,  761,  426,  450,  173,  536,  389,  848,  392,  713,  789,  499,  593,  407,  117,  273,  411,  183,  544,  563,  817,  463,  915, 1037,  611,  917,  892,  583,  673,  582, 1076,  476,  415,  400,  701,  534, 1031,  757,  803,  755,  917,  540,  775,  856,  723,  582,  469,  983,   68,  256,  812,  753,  988,  135,  554,  355,  987,   54,  425,   38,  256,  879,  762,  724,  263,  770, 1129,  839,  809, 1019, 1098,  299, 1091,  957,  857, 1039,  138,  335,  348,  578,  671,  626,  259,  305],
        [  735,    0,  195,  429,  883,  838,  191,  724,    0,  243,  177, 1025,  512,  681,  116,  504,  347,  523,  211,  855,  660,  246,  173,  769,  447,  707,  631,  542,  993,  600,  779,  612,  521,  989,  499,  362,  739,  114, 1145,  806,  751,  526,  824,  208,  873,  799,  460,  779,  996, 1076,  228,  694,  467,  400,  873,  773,  492,  926,  700,  753,  466,  893, 1045,  207,  224,  610, 1061,  775,  188, 1060,  647,  669,  200,  359,  447,  247,  371,  792,  750,  976,  991,  359,  765,  578,  544,  440,  206,  436,   39,  805,  936,  383,  417,  828,  687,   84,  858,  897,  170,  699,  356,   39,  595,  969,  779,  207,  944,  584,  439, 1140,  457,  505,  782,  671,  366,  388,  878,   62, 1193,  839,  805,  627,  607,  562,  423,  695,  876,  999,  866,  261,  302,  677,  434,  527,  776,  302, 1100,  868,  799,  359,  750,  779,  969,  359,  731,   91,  820,  101,  902,  579,  869,  350,  766,  986,  629,  580,  728,  583,   98, 1071,  561,  773,  548,  822,  670,  756,  564,  726,  538,  171,  498, 1074,  473,   47,  851,  734,  262,  789,  871,  428,  921,  518,  576,  723,  776,  829,  675,  865,  305,  321,  626,  567],
        [  776,    0,  152,  198,  640,  769,  369,  772,  243,    0,  224,  937,  600,  505,  258,  612,  394,  287,  383,  751,  746,   57,   85,  802,  204,  709,  429,  537,  801,  391,  683,  426,  466,  898,  478,  406,  553,  194, 1030,  579,  728,  284,  749,  204,  753,  763,  423,  765,  882,  927,  199,  710,  436,  440,  756,  532,  250,  715,  484,  850,  341,  734,  904,  298,  285,  455,  923,  554,  150,  924,  517,  764,  238,  235,  496,  174,  466,  607,  569,  779,  836,  118,  527,  685,  359,  261,  263,  384,  213,  800,  854,  430,  539,  698,  474,  198,  667,  693,  276,  760,  216,  251,  609,  796,  872,  220,  841,  424,  342, 1005,  390,  413,  874,  536,  500,  146,  810,  184, 1062,  731,  663,  539,  663,  540,  379,  684,  758,  897,  670,  365,  146,  435,  273,  284,  552,  200,  984,  737,  556,  306,  661,  697,  820,  263,  489,  158,  621,  147,  688,  441,  683,  114,  581,  875,  518,  339,  755,  563,  215,  924,  322,  856,  405,  759,  428,  789,  474,  786,  656,  218,  276,  936,  567,  250,  608,  517,   38,  549,  630,  485,  683,  279,  340,  480,  860,  773,  607,  735,  130,  174,  596,  529],
        [  586,    0,   78,  417,  813,  662,  168,  578,  177,  224,    0,  849,  386,  529,  280,  393,  190,  437,  175,  679,  535,  185,  146,  617,  398,  543,  497,  373,  842,  473,  603,  468,  345,  813,  326,  205,  590,  246,  970,  693,  581,  457,  648,   44,  699,  627,  284,  611,  822,  907,   68,  534,  292,  243,  699,  692,  450,  790,  576,  636,  302,  728,  875,  365,   66,  451,  890,  653,  280,  889,  478,  550,   25,  205,  296,  103,  247,  642,  599,  830,  825,  331,  674,  466,  403,  305,  351,  259,  143,  640,  759,  228,  316,  657,  560,  220,  710,  756,   60,  560,  212,  213,  433,  810,  660,  332,  768,  427,  269,  967,  281,  332,  662,  503,  277,  351,  702,  142, 1020,  664,  637,  452,  464,  390,  247,  527,  702,  823,  721,  141,  351,  625,  289,  474,  658,  152,  925,  696,  726,  184,  574,  603,  802,  194,  662,  181,  678,  179,  770,  414,  717,  333,  616,  811,  456,  537,  573,  411,  245,  901,  527,  647,  386,  646,  602,  604,  389,  587,  435,  305,  393,  902,  351,  220,  782,  611,  260,  702,  788,  281,  824,  486,  487,  659,  651,  654,  498,  693,  198,  189,  453,  392],
        [  515,    0,  851,  998,  981,  195,  927,  539, 1025,  937,  849,    0,  690,  513, 1123,  739,  709,  814,  914,  190,  661,  883,  922,  484,  912,  419,  623,  517,  502,  664,  255,  583,  505,   40,  538,  696,  517, 1076,  163,  726,  340,  867,  204,  821,  213,  283,  568,  346,  120,  285,  805,  458,  562,  665,  204,  882,  940,  613,  663,  704,  596,  343,  243, 1200,  809,  509,  229,  679, 1074,  219,  428,  689,  826,  705,  647,  799,  750,  491,  493,  533,  308,  943,  834,  727,  625,  692, 1176,  590,  991,  361,   92,  683,  784,  274,  651, 1057,  507,  569,  868,  582,  722, 1061,  505,  399,  695, 1142,  108,  539,  602,  238,  571,  530,  692,  415,  820,  928,  162,  985,  254,  213,  327,  403,  587,  483,  603,  401,  203,   68,  530,  812, 1072,  967,  670,  916,  699,  751,  140,  249,  931,  669,  279,  247,  286,  685,  918, 1011,  550, 1004,  633,  504,  474,  963,  501,  109,  420,  964,  475,  468, 1083,  270,  985,  654,  540,  216,  902,  488,  469,  574,  760, 1127,  757,  227,  712, 1067,  968,  664,  966,  859,  908,  669,  861,  974,  807,  936,  656,  222,  352,  249,  807,  764,  422,  467],
        [  242,    0,  450,  777, 1083,  501,  335,  225,  512,  600,  386,  690,    0,  642,  627,   51,  209,  724,  315,  586,  150,  551,  529,  282,  734,  277,  678,  214,  911,  680,  516,  626,  318,  664,  247,  199,  704,  614,  845,  892,  352,  764,  504,  397,  635,  410,  284,  356,  719,  865,  403,  243,  272,  174,  629,  955,  786,  919,  767,  251,  447,  741,  821,  718,  321,  554,  827,  839,  662,  821,  514,  164,  367,  447,  123,  433,  143,  738,  699,  915,  810,  691,  922,   91,  591,  542,  715,  316,  496,  362,  603,  177,  112,  625,  748,  584,  806,  873,  354,  192,  471,  549,  189,  839,  274,  707,  653,  552,  396,  885,  340,  389,  277,  538,  164,  702,  530,  510,  923,  584,  637,  415,  117,  255,  304,  290,  632,  696,  826,  255,  736,  933,  508,  796,  852,  435,  809,  656,  999,  343,  484,  487,  780,  406,  944,  556,  800,  557,  912,  502,  796,  699,  719,  703,  466,  863,  254,  256,  605,  854,  862,  264,  501,  479,  892,  269,  397,  220,   88,  675,  661,  835,   39,  557, 1054,  798,  638,  953, 1038,  123, 1048,  826,  762,  948,  267,  469,  394,  652,  523,  485,  293,  290],
        [  651,    0,  486,  506,  510,  416,  676,  663,  681,  505,  529,  513,  642,    0,  745,  686,  506,  308,  674,  331,  724,  464,  527,  651,  417,  527,  111,  439,  314,  154,  299,   82,  326,  475,  396,  502,   65,  685,  561,  270,  487,  360,  389,  487,  301,  483,  364,  529,  423,  428,  463,  558,  374,  499,  309,  392,  437,  281,  164,  820,  234,  234,  411,  800,  527,   90,  432,  214,  654,  435,  146,  754,  514,  325,  528,  436,  596,  113,   71,  303,  336,  470,  347,  726,  146,  247,  767,  344,  642,  573,  455,  509,  670,  240,  148,  677,  183,  239,  577,  683,  326,  708,  501,  293,  829,  724,  406,  104,  281,  515,  314,  257,  829,  134,  673,  448,  448,  624,  574,  307,  189,  257,  613,  405,  359,  489,  311,  455,  197,  581,  614,  457,  247,  409,  232,  381,  515,  270,  442,  372,  301,  339,  323,  337,  416,  629,  161,  619,  271,  142,  189,  492,   88,  422,  195,  452,  608,  415,  701,  427,  475,  794,  153,  420,  393,  644,  248,  696,  729,  720,  261,  446,  635,  711,  489,  181,  523,  376,  445,  540,  429,  468,  296,  432,  797,  447,  325,  269,  388,  362,  405,  368],
        [  849,    0,  275,  408,  880,  939,  301,  839,  116,  258,  280, 1123,  627,  745,    0,  618,  459,  544,  322,  947,  775,  284,  219,  884,  449,  819,  681,  651, 1050,  645,  872,  670,  621, 1085,  605,  474,  798,   64, 1236,  837,  860,  535,  923,  302,  960,  906,  562,  889, 1087, 1154,  319,  807,  571,  513,  962,  781,  485,  971,  740,  867,  546,  967, 1127,   92,  335,  682, 1144,  812,  136, 1144,  729,  783,  304,  435,  561,  328,  486,  853,  813, 1031, 1067,  356,  779,  692,  602,  498,   97,  534,  139,  917, 1034,  496,  531,  912,  729,   69,  916,  947,  283,  814,  426,   79,  707, 1037,  893,  116, 1037,  654,  527, 1224,  553,  596,  896,  752,  479,  388,  979,  139, 1279,  930,  885,  721,  722,  669,  523,  805,  964, 1093,  920,  376,  255,  667,  500,  525,  810,  380, 1190,  952,  799,  454,  845,  876, 1047,  443,  732,  117,  873,  126,  945,  657,  929,  341,  826, 1077,  717,  568,  842,  690,   45, 1150,  545,  888,  624,  924,  672,  870,  656,  842,  651,   80,  533, 1157,  588,   71,  848,  774,  260,  800,  878,  542,  935,  504,  596,  720,  891,  932,  774,  949,  358,  386,  732,  671],
        [  277,    0,  461,  795, 1117,  551,  320,  258,  504,  612,  393,  739,   51,  686,  618,    0,  229,  754,  299,  637,  161,  565,  537,  318,  757,  324,  717,  263,  959,  717,  567,  667,  363,  713,  292,  222,  748,  609,  895,  931,  400,  791,  554,  409,  686,  458,  325,  403,  769,  915,  417,  289,  313,  203,  679,  989,  809,  964,  807,  250,  484,  790,  871,  709,  328,  597,  877,  880,  663,  871,  561,  166,  375,  475,  160,  450,  146,  784,  744,  962,  860,  708,  958,   75,  629,  573,  709,  353,  491,  406,  652,  203,   88,  675,  788,  579,  852,  919,  354,  220,  498,  540,  240,  888,  276,  704,  703,  594,  432,  935,  379,  431,  279,  585,  142,  721,  579,  508,  973,  634,  686,  463,  159,  304,  341,  339,  682,  745,  872,  255,  743,  961,  541,  821,  892,  458,  859,  706, 1032,  372,  534,  538,  830,  435,  976,  555,  844,  557,  956,  545,  843,  715,  765,  753,  513,  888,  294,  306,  599,  904,  885,  273,  543,  529,  923,  306,  443,  246,   47,  670,  692,  886,   53,  548, 1088,  838,  649,  988, 1074,  154, 1086,  848,  793,  979,  275,  518,  445,  702,  544,  509,  343,  339],
        [  396,    0,  244,  569,  897,  515,  219,  388,  347,  394,  190,  709,  209,  506,  459,  229,    0,  528,  206,  560,  353,  343,  327,  428,  528,  361,  514,  200,  806,  507,  482,  469,  222,  676,  172,   16,  570,  433,  846,  728,  409,  563,  506,  193,  593,  460,  159,  434,  703,  817,  196,  348,  158,   54,  590,  769,  580,  785,  603,  457,  280,  659,  779,  548,  127,  417,  790,  679,  469,  787,  407,  371,  168,  249,  107,  225,   96,  614,  571,  801,  745,  483,  741,  297,  421,  352,  538,  165,  321,  459,  618,   39,  177,  563,  585,  405,  685,  744,  178,  371,  271,  385,  249,  751,  479,  521,  643,  405,  229,  861,  195,  256,  481,  434,  169,  494,  553,  328,  908,  549,  558,  340,  275,  228,  149,  351,  593,  695,  700,  103,  532,  734,  322,  593,  689,  229,  804,  600,  811,  150,  450,  470,  718,  210,  753,  370,  666,  368,  772,  368,  682,  490,  591,  690,  369,  659,  385,  246,  429,  809,  657,  463,  354,  496,  697,  415,  293,  398,  276,  493,  468,  801,  179,  393,  867,  636,  431,  771,  857,   93,  877,  619,  570,  754,  467,  498,  362,  596,  316,  280,  292,  243],
        [  826,    0,  363,  207,  378,  689,  604,  830,  523,  287,  437,  814,  724,  308,  544,  754,  528,    0,  611,  626,  848,  279,  351,  840,  120,  723,  201,  577,  552,  156,  578,  232,  467,  775,  516,  533,  331,  480,  868,  295,  710,   55,  663,  397,  605,  726,  461,  753,  730,  726,  376,  740,  476,  552,  612,  257,  130,  446,  218,  954,  301,  535,  714,  571,  473,  310,  736,  277,  422,  740,  397,  873,  437,  280,  603,  337,  622,  381,  353,  524,  633,  200,  243,  815,  194,  186,  533,  421,  488,  795,  747,  551,  703,  544,  214,  485,  424,  433,  496,  835,  257,  536,  653,  571,  971,  485,  708,  282,  342,  818,  405,  385,  971,  403,  682,  169,  726,  461,  877,  602,  496,  475,  744,  560,  428,  689,  614,  760,  420,  552,  345,  210,  221,  103,  272,  306,  822,  577,  291,  383,  569,  609,  625,  320,  228,  444,  371,  433,  416,  331,  448,  220,  357,  728,  425,  159,  791,  579,  502,  727,  175,  944,  301,  687,  171,  829,  425,  855,  800,  494,   69,  750,  702,  536,  346,  246,  286,  268,  353,  602,  398,  161,   54,  228,  948,  709,  554,  576,  239,  256,  593,  532],
        [  550,    0,  252,  581,  988,  719,   22,  536,  211,  383,  175,  914,  315,  674,  322,  299,  206,  611,    0,  764,  458,  354,  299,  588,  571,  547,  657,  401,  984,  639,  686,  622,  424,  880,  377,  219,  737,  323, 1051,  860,  604,  631,  711,  215,  795,  658,  360,  624,  908, 1017,  237,  526,  361,  250,  793,  867,  622,  946,  740,  546,  440,  851,  980,  413,  149,  589,  992,  818,  388,  989,  597,  464,  176,  364,  280,  275,  184,  786,  743,  975,  941,  497,  848,  371,  562,  470,  416,  354,  207,  644,  823,  232,  211,  762,  724,  292,  856,  909,  115,  506,  376,  245,  435,  940,  573,  417,  848,  571,  396, 1064,  383,  443,  576,  623,  158,  520,  757,  230, 1113,  753,  752,  542,  421,  432,  338,  543,  796,  900,  869,  104,  487,  799,  449,  647,  824,  317, 1009,  800,  901,  304,  654,  675,  915,  341,  837,  279,  830,  284,  928,  545,  858,  496,  761,  894,  564,  709,  552,  448,  309, 1009,  697,  571,  523,  700,  777,  574,  489,  533,  330,  381,  566, 1003,  276,  253,  956,  775,  415,  875,  962,  258,  996,  656,  661,  833,  573,  701,  568,  797,  373,  360,  494,  448],
        [  471,    0,  673,  808,  821,  125,  775,  492,  855,  751,  679,  190,  586,  331,  947,  637,  560,  626,  764,    0,  597,  698,  741,  452,  722,  348,  440,  385,  402,  479,   79,  396,  342,  151,  390,  548,  344,  898,  291,  566,  274,  680,  103,  648,   62,  234,  407,  302,  144,  281,  630,  390,  404,  522,   52,  713,  752,  482,  488,  665,  411,  216,  236, 1021,  646,  319,  241,  515,  891,  235,  239,  628,  657,  521,  516,  620,  616,  330,  322,  424,  241,  754,  666,  642,  436,  503,  995,  422,  819,  337,  125,  539,  664,  103,  474,  880,  364,  434,  705,  529,  537,  890,  399,  304,  664,  960,   91,  350,  422,  303,  399,  351,  662,  226,  692,  739,  138,  810,  349,   24,  156,  228,  502,  346,  436,  317,   54,  147,  388,  660,  884,  787,  482,  729,  535,  571,  247,  101,  762,  497,  111,  100,  210,  506,  743,  833,  397,  826,  495,  315,  334,  774,  334,  132,  234,  778,  425,  337,  906,  269,  798,  623,  351,  143,  723,  451,  292,  529,  667,  946,  568,  250,  600,  895,  804,  494,  779,  692,  750,  537,  713,  786,  622,  760,  626,  170,  200,   98,  621,  579,  295,  320],
        [  151,    0,  596,  917, 1194,  491,  479,  127,  660,  746,  535,  661,  150,  724,  775,  161,  353,  848,  458,  597,    0,  695,  677,  189,  869,  251,  776,  287,  962,  785,  538,  722,  404,  642,  340,  341,  781,  763,  822,  985,  330,  891,  501,  544,  654,  382,  390,  316,  714,  876,  548,  209,  376,  310,  645, 1065,  920,  990,  864,  107,  556,  781,  830,  866,  469,  640,  831,  931,  811,  823,  584,   32,  514,  576,  253,  576,  292,  807,  772,  971,  834,  832, 1029,   96,  697,  662,  864,  429,  645,  303,  582,  317,  248,  657,  845,  733,  871,  942,  503,   82,  602,  697,  224,  879,  127,  856,  647,  645,  509,  878,  447,  486,  129,  605,  302,  840,  509,  659,  908,  601,  681,  474,  112,  319,  421,  280,  648,  680,  893,  404,  883, 1057,  628,  926,  946,  572,  792,  681, 1112,  472,  509,  500,  803,  535, 1061,  706,  873,  706,  987,  590,  856,  841,  792,  697,  534,  993,  187,  310,  754,  863,  995,  114,  597,  468, 1012,  180,  477,  100,  143,  824,  782,  837,  188,  704, 1166,  892,  783, 1060, 1143,  261, 1144,  960,  882, 1067,  118,  450,  430,  677,  661,  620,  330,  356],
        [  721,    0,  108,  233,  646,  714,  343,  717,  246,   57,  185,  883,  551,  464,  284,  565,  343,  279,  354,  698,  695,    0,   74,  746,  218,  652,  397,  481,  767,  362,  629,  388,  409,  844,  422,  354,  516,  223,  980,  562,  671,  286,  693,  158,  702,  707,  366,  708,  831,  882,  149,  654,  379,  387,  705,  532,  268,  689,  459,  800,  288,  691,  857,  337,  242,  408,  876,  533,  195,  877,  467,  714,  196,  180,  444,  120,  420,  570,  531,  747,  792,  147,  521,  637,  320,  217,  305,  327,  210,  744,  799,  378,  495,  649,  448,  219,  632,  663,  242,  707,  162,  261,  553,  756,  822,  265,  789,  378,  286,  957,  333,  358,  824,  487,  460,  166,  755,  184, 1014,  678,  616,  484,  610,  484,  323,  628,  708,  844,  637,  323,  203,  448,  225,  296,  533,  143,  933,  688,  560,  249,  606,  642,  774,  207,  494,  172,  589,  162,  663,  391,  646,  150,  543,  823,  465,  356,  699,  506,  240,  879,  344,  804,  355,  703,  433,  734,  418,  732,  610,  257,  254,  889,  519,  262,  614,  493,   94,  545,  629,  434,  676,  302,  332,  488,  808,  717,  551,  686,   79,  120,  539,  472],
        [  718,    0,   85,  282,  716,  746,  285,  712,  173,   85,  146,  922,  529,  527,  219,  537,  327,  351,  299,  741,  677,   74,    0,  746,  283,  661,  466,  488,  834,  432,  669,  453,  433,  884,  433,  340,  581,  161, 1027,  635,  688,  357,  727,  135,  750,  728,  382,  722,  878,  938,  137,  658,  393,  376,  752,  603,  331,  759,  531,  779,  333,  749,  911,  281,  210,  465,  929,  605,  156,  929,  516,  693,  163,  221,  432,  127,  392,  635,  595,  815,  850,  201,  594,  611,  384,  280,  255,  346,  138,  756,  836,  364,  461,  699,  519,  151,  699,  733,  194,  697,  210,  189,  556,  819,  803,  221,  832,  436,  321, 1010,  358,  393,  805,  538,  420,  227,  787,  111, 1066,  722,  669,  520,  600,  497,  339,  640,  755,  887,  704,  286,  207,  514,  282,  362,  605,  171,  980,  739,  630,  265,  644,  678,  831,  237,  564,  103,  657,   93,  734,  442,  712,  198,  608,  869,  508,  420,  700,  519,  175,  934,  404,  789,  408,  733,  502,  733,  454,  723,  580,  205,  327,  942,  494,  191,  684,  565,  117,  618,  701,  419,  749,  362,  404,  556,  792,  745,  581,  736,  140,  169,  556,  491],
        [   42,    0,  662,  949, 1151,  333,  607,   63,  769,  802,  617,  484,  282,  651,  884,  318,  428,  840,  588,  452,  189,  746,  746,    0,  886,  125,  727,  270,  843,  746,  409,  671,  373,  469,  332,  413,  700,  860,  646,  921,  181,  889,  350,  613,  513,  220,  391,  151,  550,  721,  610,  100,  376,  375,  503, 1026,  933,  894,  808,  221,  540,  656,  674,  974,  554,  580,  672,  865,  895,  664,  506,  213,  594,  594,  324,  629,  406,  715,  686,  858,  693,  868,  985,  275,  664,  657,  965,  433,  747,  124,  412,  390,  394,  530,  789,  832,  771,  844,  602,  108,  620,  808,  195,  750,  215,  949,  485,  594,  503,  710,  440,  456,  213,  520,  445,  870,  343,  755,  736,  461,  564,  395,  168,  281,  432,  163,  505,  512,  795,  510,  947, 1044,  623,  931,  882,  609,  620,  546, 1075,  500,  385,  365,  662,  555, 1033,  797,  784,  796,  897,  536,  750,  881,  705,  533,  458,  995,   49,  261,  856,  707, 1002,  173,  554,  312,  991,   14,  423,   93,  319,  920,  771,  677,  318,  816, 1127,  830,  839, 1016, 1092,  342, 1080,  973,  863, 1042,  176,  288,  329,  543,  695,  650,  252,  309],
        [  867,    0,  321,   90,  437,  773,  560,  868,  447,  204,  398,  912,  734,  417,  449,  757,  528,  120,  571,  722,  869,  218,  283,  886,    0,  776,  315,  617,  671,  270,  668,  338,  517,  873,  555,  536,  446,  386,  976,  406,  774,   90,  748,  365,  708,  797,  497,  815,  835,  840,  349,  787,  512,  562,  714,  333,   53,  563,  337,  975,  355,  648,  827,  465,  448,  404,  849,  394,  319,  852,  487,  892,  405,  295,  617,  312,  616,  497,  468,  643,  748,   94,  333,  824,  287,  237,  426,  454,  417,  856,  840,  558,  695,  647,  333,  396,  543,  552,  457,  867,  269,  453,  693,  689,  995,  377,  808,  373,  384,  931,  447,  442,  996,  497,  665,   62,  812,  388,  990,  699,  602,  549,  772,  607,  457,  744,  716,  861,  539,  530,  230,  232,  269,   80,  387,  300,  930,  682,  354,  398,  654,  694,  738,  336,  286,  361,  490,  350,  532,  414,  567,  110,  473,  831,  507,  139,  837,  628,  409,  841,  130,  972,  380,  768,  225,  874,  492,  890,  803,  390,  157,  863,  707,  451,  405,  364,  190,  352,  430,  612,  488,   92,  162,  277,  976,  789,  627,  681,  214,  250,  649,  584],
        [  129,    0,  577,  843, 1028,  241,  565,  147,  707,  709,  543,  419,  277,  527,  819,  324,  361,  723,  547,  348,  251,  652,  661,  125,  776,    0,  603,  173,  727,  624,  295,  547,  259,  396,  231,  346,  576,  788,  577,  796,   80,  773,  250,  532,  406,  136,  288,   80,  464,  626,  525,   43,  274,  308,  397,  903,  821,  772,  684,  319,  425,  542,  580,  907,  485,  457,  581,  741,  814,  573,  382,  281,  519,  490,  268,  538,  366,  592,  562,  741,  587,  765,  861,  309,  543,  543,  894,  329,  680,   98,  335,  326,  380,  416,  665,  762,  650,  723,  538,  181,  515,  746,  113,  638,  320,  872,  397,  471,  392,  628,  331,  339,  319,  397,  424,  764,  262,  684,  661,  354,  447,  271,  169,  171,  331,   39,  400,  432,  673,  456,  854,  925,  509,  816,  758,  511,  545,  437,  952,  403,  269,  254,  556,  453,  911,  723,  661,  720,  774,  413,  630,  779,  582,  447,  333,  880,   83,  149,  787,  613,  889,  281,  432,  218,  871,  118,  302,  184,  342,  847,  654,  587,  304,  753, 1003,  706,  745,  892,  968,  290,  956,  861,  744,  921,  284,  201,  205,  433,  595,  548,  131,  193],
        [  721,    0,  441,  404,  425,  519,  656,  731,  631,  429,  497,  623,  678,  111,  681,  717,  514,  201,  657,  440,  776,  397,  466,  727,  315,  603,    0,  491,  372,   45,  403,   57,  373,  586,  438,  514,  132,  619,  669,  215,  573,  251,  492,  454,  412,  576,  395,  616,  533,  526,  430,  629,  407,  519,  420,  301,  330,  296,   90,  877,  236,  334,  514,  727,  509,  148,  536,  165,  578,  540,  232,  806,  487,  294,  558,  396,  609,  184,  154,  350,  433,  378,  259,  766,   96,  193,  692,  365,  593,  659,  564,  525,  688,  350,   71,  615,  238,  267,  551,  745,  286,  653,  560,  377,  889,  646,  516,  134,  288,  618,  339,  292,  890,  229,  682,  352,  553,  570,  677,  416,  300,  334,  666,  462,  378,  566,  421,  566,  241,  574,  524,  349,  209,  300,  176,  346,  623,  381,  350,  368,  400,  440,  424,  318,  315,  568,  193,  558,  274,  192,  257,  399,  159,  532,  274,  342,  681,  476,  637,  527,  365,  857,  180,  521,  286,  718,  306,  761,  763,  647,  164,  550,  665,  655,  401,  122,  442,  290,  368,  565,  370,  359,  185,  329,  861,  546,  410,  380,  327,  313,  475,  427],
        [  251,    0,  405,  679,  911,  322,  416,  253,  542,  537,  373,  517,  214,  439,  651,  263,  200,  577,  401,  385,  287,  481,  488,  270,  617,  173,  491,    0,  698,  501,  311,  436,  119,  485,   63,  186,  498,  617,  661,  699,  210,  624,  316,  360,  429,  260,  121,  238,  525,  659,  352,  174,  106,  151,  424,  783,  665,  711,  578,  387,  279,  528,  617,  737,  318,  355,  624,  645,  641,  619,  304,  316,  349,  325,  132,  366,  235,  529,  491,  703,  599,  599,  745,  290,  414,  392,  723,  163,  513,  269,  426,  170,  280,  414,  559,  592,  596,  664,  374,  259,  351,  580,   77,  625,  400,  700,  461,  359,  236,  688,  173,  201,  401,  327,  308,  600,  358,  515,  731,  380,  424,  201,  176,   42,  162,  154,  427,  509,  616,  301,  683,  785,  358,  665,  660,  341,  621,  446,  830,  233,  278,  288,  569,  286,  782,  552,  593,  549,  706,  304,  584,  612,  512,  510,  255,  730,  222,   50,  617,  648,  736,  370,  311,  301,  736,  258,  191,  279,  301,  676,  510,  634,  220,  587,  884,  605,  574,  776,  858,  154,  858,  705,  606,  789,  374,  301,  187,  442,  426,  380,   96,   76],
        [  856,    0,  799,  756,  538,  526,  988,  873,  993,  801,  842,  502,  911,  314, 1050,  959,  806,  552,  984,  402,  962,  767,  834,  843,  671,  727,  372,  698,    0,  412,  435,  382,  601,  479,  670,  800,  254,  989,  451,  312,  662,  591,  503,  801,  341,  632,  653,  697,  382,  255,  777,  766,  660,  790,  353,  477,  672,  141,  335, 1044,  545,  188,  277, 1098,  839,  396,  299,  292,  949,  309,  402,  993,  828,  639,  809,  749,  890,  201,  244,   39,  196,  744,  434,  986,  450,  554, 1063,  642,  954,  735,  498,  802,  958,  313,  338,  984,  135,  125,  890,  904,  638, 1018,  742,  104, 1047, 1018,  416,  416,  589,  358,  612,  551, 1046,  377,  969,  716,  537,  934,  410,  388,  282,  497,  855,  658,  658,  691,  351,  435,  133,  888,  891,  607,  559,  632,  307,  695,  419,  302,  516,  681,  459,  478,  217,  650,  532,  936,  182,  926,  173,  440,  126,  765,  228,  394,  447,  650,  809,  661, 1006,  266,  680, 1008,  462,  543,  546,  840,  521,  910,  998, 1018,  532,  309,  912, 1021,  535,  310,  813,  447,  463,  824,  396,  690,  515,  554, 1011,  571,  532,  305,  694,  672,  634,  622],
        [  738,    0,  414,  359,  410,  553,  636,  746,  600,  391,  473,  664,  680,  154,  645,  717,  507,  156,  639,  479,  785,  362,  432,  746,  270,  624,   45,  501,  412,    0,  438,   85,  384,  626,  446,  508,  177,  582,  713,  223,  598,  207,  526,  430,  454,  604,  398,  641,  576,  571,  407,  648,  412,  517,  461,  282,  285,  327,  103,  888,  234,  379,  558,  688,  491,  175,  581,  180,  539,  585,  263,  814,  465,  275,  559,  372,  603,  228,  199,  389,  478,  334,  244,  769,   90,  170,  652,  365,  562,  684,  602,  521,  683,  392,   88,  580,  280,  303,  529,  758,  263,  621,  573,  421,  901,  606,  557,  155,  286,  663,  341,  301,  902,  263,  673,  308,  588,  539,  722,  455,  342,  358,  676,  475,  377,  587,  463,  608,  280,  559,  481,  314,  191,  256,  186,  323,  667,  424,  330,  358,  434,  473,  469,  304,  289,  534,  231,  523,  303,  212,  300,  356,  204,  575,  301,  300,  699,  491,  601,  572,  322,  870,  193,  554,  253,  737,  323,  776,  763,  608,  121,  595,  665,  622,  383,  138,  402,  276,  358,  564,  371,  315,  144,  300,  874,  579,  436,  423,  296,  287,  494,  442],
        [  422,    0,  599,  751,  804,  118,  697,  441,  779,  683,  603,  255,  516,  299,  872,  567,  482,  578,  686,   79,  538,  629,  669,  409,  668,  295,  403,  311,  435,  438,    0,  354,  264,  216,  312,  470,  327,  824,  368,  554,  228,  632,   90,  573,  120,  202,  329,  264,  222,  349,  555,  335,  326,  445,  114,  690,  700,  494,  462,  613,  342,  248,  306,  947,  568,  269,  314,  500,  820,  309,  182,  570,  581,  450,  441,  547,  540,  325,  307,  451,  297,  693,  644,  577,  385,  441,  923,  345,  743,  303,  174,  462,  590,  122,  447,  806,  372,  445,  628,  475,  468,  814,  331,  344,  615,  889,  166,  297,  348,  380,  322,  277,  613,  177,  616,  680,  150,  735,  427,   69,  159,  152,  438,  271,  359,  260,  117,  221,  396,  582,  819,  751,  418,  681,  520,  498,  324,  143,  740,  421,   33,   46,  266,  432,  714,  759,  395,  752,  502,  254,  347,  712,  323,  210,  166,  734,  375,  264,  832,  339,  752,  575,  290,  124,  689,  406,  217,  478,  599,  874,  517,  324,  528,  819,  785,  474,  712,  672,  736,  461,  708,  736,  580,  729,  578,  152,  125,  140,  553,  510,  224,  244],
