{
    "name": "random-37-5588",
    "comment": "size=37 seed=5588",
    "nodes": ["+0", "-0", "+1", "-1", "+2", "-2", "+3", "-3", "+4", "-4", "+5", "-5", "+6", "-6", "+7", "-7", "+8", "-8", "+9", "-9", "+10", "-10", "+11", "-11", "+12", "-12", "+13", "-13", "+14", "-14", "+15", "-15", "+16", "-16", "+17", "-17", "+18", "-18", "+19", "-19", "+20", "-20", "+21", "-21", "+22", "-22", "+23", "-23", "+24", "-24", "+25", "-25", "+26", "-26", "+27", "-27", "+28", "-28", "+29", "-29", "+30", "-30", "+31", "-31", "+32", "-32", "+33", "-33", "+34", "-34", "+35", "-35", "+36", "-36", "+37", "-37"],
    "precedence": {
        "+0": "-0",
        "+1": "-1",
        "+2": "-2",
        "+3": "-3",
        "+4": "-4",
        "+5": "-5",
        "+6": "-6",
        "+7": "-7",
        "+8": "-8",
        "+9": "-9",
        "+10": "-10",
        "+11": "-11",
        "+12": "-12",
        "+13": "-13",
        "+14": "-14",
        "+15": "-15",
        "+16": "-16",
        "+17": "-17",
        "+18": "-18",
        "+19": "-19",
        "+20": "-20",
        "+21": "-21",
        "+22": "-22",
        "+23": "-23",
        "+24": "-24",
        "+25": "-25",
        "+26": "-26",
        "+27": "-27",
        "+28": "-28",
        "+29": "-29",
        "+30": "-30",
        "+31": "-31",
        "+32": "-32",
        "+33": "-33",
        "+34": "-34",
        "+35": "-35",
        "+36": "-36",
        "+37": "-37"
    },
    "edges": [
        [    0,    0,  295,  693,  301,  544,  245,  578,  492,  582,  160,  320,  254,  583,  899,  762,  329,  435,  478,  819,  793,  523,  643,  559,  380,  747,  727,  527,  153,  693,  461,  770,  440,  130,  828,  504,  862,  201,  451,  669,  565,  493,  716,  765,  177,  561,  914,  574,  137,  133,  724,  444,  147,  483,  465,  183,  517,  801,  181,  658,  905,  406,  751,  409,  459,  309,  221,  557,  440,  273,  257,  465,  121,  667,  513,  723],
        [    0,    0,  295,  693,  301,  544,  245,  578,  492,  582,  160,  320,  254,  583,  899,  762,  329,  435,  478,  819,  793,  523,  643,  559,  380,  747,  727,  527,  153,  693,  461,  770,  440,  130,  828,  504,  862,  201,  451,  669,  565,  493,  716,  765,  177,  561,  914,  574,  137,  133,  724,  444,  147,  483,  465,  183,  517,  801,  181,  658,  905,  406,  751,  409,  459,  309,  221,  557,  440,  273,  257,  465,  121,  667,  513,  723],
        [  295,  295,    0,  588,  365,  571,  478,  403,  717,  688,  403,  141,  492,  534,  824,  632,  203,  555,  341,  831,  550,  382,  680,  280,  129,  584,  736,  527,  430,  410,  238,  708,  672,  400,  638,  329,  602,  222,  604,  378,  554,  210,  590,  473,  437,  411,  839,  625,  326,  424,  641,  415,  441,  305,  210,  322,  726,  567,  475,  416,  821,  315,  697,  558,  700,  362,  193,  310,  502,   62,  290,  209,  176,  378,  748,  445],
        [  693,  693,  588,    0,  419,  283,  638,  216,  720,  456,  641,  451,  650,  145,  239,   86,  400,  455,  248,  347,  388,  207,  318,  484,  474,  148,  284,  241,  704,  529,  791,  146,  710,  683,  248,  270,  485,  495,  521,  574,  212,  679,   53,  628,  677,  185,  254,  333,  811,  799,   66,  260,  797,  292,  737,  531,  685,  361,  784,  359,  234,  903,  149,  506,  748,  407,  756,  385,  357,  646,  851,  439,  624,  553,  760,  509],
        [  301,  301,  365,  419,    0,  245,  230,  373,  400,  325,  223,  261,  245,  291,  605,  498,  208,  191,  266,  522,  631,  301,  349,  496,  342,  507,  428,  227,  286,  619,  602,  475,  366,  266,  603,  321,  720,  152,  245,  623,  265,  558,  452,  715,  259,  337,  620,  283,  434,  387,  438,  160,  382,  311,  573,  120,  391,  626,  366,  513,  613,  631,  455,  202,  403,   14,  445,  441,  149,  396,  521,  392,  282,  611,  437,  632],
        [  544,  544,  571,  283,  245,    0,  407,  377,  441,  183,  438,  438,  416,  143,  393,  368,  374,  183,  311,  277,  626,  310,  111,  604,  503,  420,  184,   59,  499,  697,  806,  269,  436,  487,  524,  371,  724,  386,  243,  723,   71,  734,  333,  801,  465,  327,  407,   66,  678,  616,  266,  164,  606,  378,  767,  361,  404,  607,  577,  547,  409,  863,  245,  237,  474,  240,  683,  519,  109,  614,  763,  517,  523,  706,  481,  694],
        [  245,  245,  478,  638,  230,  407,    0,  601,  250,  378,   86,  430,   16,  500,  797,  720,  399,  244,  494,  659,  855,  530,  481,  685,  510,  736,  577,  416,  116,  816,  685,  670,  199,  123,  833,  543,  940,  275,  232,  809,  454,  687,  676,  905,   79,  566,  812,  411,  366,  242,  648,  383,  224,  531,  677,  168,  272,  852,  180,  731,  811,  650,  647,  199,  224,  243,  462,  648,  300,  480,  500,  581,  320,  801,  274,  836],
        [  578,  578,  403,  216,  373,  377,  601,    0,  753,  556,  575,  280,  616,  252,  451,  236,  251,  495,  108,  542,  263,   75,  459,  269,  278,  182,  463,  319,  633,  331,  584,  359,  728,  607,  252,   77,  358,  380,  565,  368,  316,  466,  200,  434,  615,   50,  465,  441,  675,  701,  280,  250,  706,  101,  528,  454,  732,  254,  708,  171,  441,  712,  358,  535,  766,  360,  587,  171,  394,  464,  685,  228,  483,  348,  793,  321],
        [  492,  492,  717,  720,  400,  441,  250,  753,    0,  307,  335,  648,  239,  576,  812,  806,  603,  267,  653,  611, 1015,  678,  460,  894,  730,  847,  555,  480,  347, 1018,  933,  700,   53,  364,  950,  712, 1109,  502,  199, 1020,  509,  925,  767, 1114,  317,  709,  825,  407,  603,  457,  706,  506,  433,  706,  921,  396,   54, 1005,  376,  907,  833,  897,  675,  220,   57,  410,  711,  840,  369,  725,  744,  789,  568, 1009,   41, 1030],
        [  582,  582,  688,  456,  325,  183,  378,  556,  307,    0,  440,  571,  380,  324,  509,  538,  509,  148,  481,  306,  808,  487,  157,  768,  646,  599,  249,  239,  490,  870,  925,  405,  321,  489,  701,  543,  906,  476,  149,  891,  252,  872,  508,  973,  453,  507,  521,  124,  717,  617,  427,  323,  600,  547,  894,  410,  259,  789,  557,  726,  532,  951,  381,  180,  354,  327,  762,  689,  191,  720,  828,  674,  598,  875,  343,  870],
        [  160,  160,  403,  641,  223,  438,   86,  575,  335,  440,    0,  372,   97,  511,  820,  719,  351,  297,  467,  704,  819,  508,  525,  628,  449,  724,  617,  436,   64,  761,  603,  690,  284,   50,  816,  511,  900,  218,  301,  749,  476,  612,  674,  846,   42,  546,  835,  454,  285,  180,  659,  382,  169,  495,  597,  122,  357,  820,  144,  691,  830,  564,  669,  262,  306,  235,  377,  601,  330,  400,  416,  525,  238,  742,  358,  784],
        [  320,  320,  141,  451,  261,  438,  430,  280,  648,  571,  372,    0,  445,  394,  685,  500,   65,  449,  204,  693,  473,  248,  548,  257,   83,  461,  599,  392,  416,  390,  369,  568,  607,  387,  527,  204,  543,  156,  506,  380,  417,  302,  457,  476,  412,  280,  701,  496,  400,  451,  502,  279,  462,  180,  329,  263,  646,  483,  480,  338,  683,  454,  557,  462,  640,  254,  309,  238,  381,  196,  407,  154,  211,  372,  682,  414],
        [  254,  254,  492,  650,  245,  416,   16,  616,  239,  380,   97,  445,    0,  512,  807,  733,  414,  249,  508,  665,  870,  544,  487,  700,  526,  749,  584,  427,  119,  832,  698,  680,  188,  130,  847,  559,  956,  291,  233,  824,  465,  701,  689,  920,   83,  581,  822,  418,  372,  244,  659,  396,  224,  546,  690,  183,  263,  867,  177,  747,  821,  660,  657,  203,  211,  258,  473,  664,  310,  493,  509,  596,  333,  816,  262,  851],
        [  583,  583,  534,  145,  291,  143,  500,  252,  576,  324,  511,  394,  512,    0,  317,  231,  333,  310,  216,  307,  488,  198,  208,  504,  441,  277,  218,   96,  574,  581,  758,  188,  565,  556,  381,  268,  586,  395,  377,  615,   73,  666,  192,  685,  545,  203,  332,  201,  709,  677,  149,  140,  673,  281,  711,  409,  542,  467,  654,  421,  323,  844,  171,  362,  604,  281,  679,  411,  213,  586,  769,  432,  532,  596,  616,  572],
        [  899,  899,  824,  239,  605,  393,  797,  451,  812,  509,  820,  685,  807,  317,    0,  229,  631,  573,  484,  251,  561,  445,  354,  715,  713,  320,  263,  384,  882,  742, 1029,  130,  817,  867,  373,  509,  645,  710,  625,  793,  345,  916,  254,  834,  851,  423,   16,  408, 1025,  991,  184,  456,  985,  531,  976,  724,  767,  526,  962,  572,   29, 1139,  152,  627,  853,  595,  985,  616,  498,  881, 1078,  676,  845,  772,  850,  714],
        [  762,  762,  632,   86,  498,  368,  720,  236,  806,  538,  719,  500,  733,  231,  229,    0,  456,  541,  298,  396,  343,  253,  395,  490,  511,   94,  348,  327,  782,  513,  819,  183,  795,  761,  175,  304,  434,  563,  607,  565,  298,  699,   47,  606,  756,  221,  241,  415,  876,  873,  119,  339,  872,  328,  763,  607,  771,  311,  862,  343,  214,  945,  196,  592,  834,  485,  808,  393,  443,  692,  905,  462,  686,  543,  846,  486],
        [  329,  329,  203,  400,  208,  374,  399,  251,  603,  509,  351,   65,  414,  333,  631,  456,    0,  391,  159,  629,  472,  204,  483,  292,  138,  426,  535,  327,  402,  419,  434,  511,  566,  374,  502,  176,  550,  138,  451,  418,  353,  364,  411,  512,  392,  240,  646,  432,  426,  455,  447,  214,  462,  155,  394,  234,  598,  476,  472,  341,  630,  512,  498,  408,  600,  199,  357,  251,  319,  255,  452,  187,  234,  408,  639,  438],
        [  435,  435,  555,  455,  191,  183,  244,  495,  267,  148,  297,  449,  249,  310,  573,  541,  391,    0,  402,  416,  756,  420,  239,  669,  528,  580,  336,  215,  351,  784,  790,  451,  256,  347,  684,  464,  852,  337,   71,  796,  247,  748,  501,  884,  314,  449,  587,  171,  570,  476,  446,  246,  462,  461,  763,  264,  239,  744,  423,  656,  590,  807,  426,   55,  294,  196,  617,  602,  103,  582,  681,  569,  453,  782,  308,  790],
        [  478,  478,  341,  248,  266,  311,  494,  108,  653,  481,  467,  204,  508,  216,  484,  298,  159,  402,    0,  523,  365,   46,  408,  295,  232,  270,  434,  253,  526,  390,  551,  372,  626,  500,  353,   63,  457,  278,  471,  413,  263,  451,  254,  493,  508,   84,  499,  376,  582,  598,  301,  160,  601,   69,  501,  347,  635,  360,  602,  255,  480,  656,  363,  437,  664,  254,  512,  209,  305,  399,  608,  216,  391,  396,  692,  391],
        [  819,  819,  831,  347,  522,  277,  659,  542,  611,  306,  704,  693,  665,  307,  251,  396,  629,  416,  523,    0,  733,  501,  180,  806,  746,  485,   96,  308,  762,  869, 1061,  214,  627,  754,  569,  571,  827,  661,  447,  909,  277,  972,  391,  970,  726,  498,  257,  250,  955,  884,  285,  417,  872,  587, 1016,  636,  561,  703,  837,  701,  279, 1133,  201,  465,  659,  516,  957,  710,  380,  879, 1039,  738,  798,  889,  645,  853],
        [  793,  793,  550,  388,  631,  626,  855,  263, 1015,  808,  819,  473,  870,  488,  561,  343,  472,  756,  365,  733,    0,  338,  692,  289,  427,  250,  671,  570,  873,  225,  646,  522,  990,  845,  196,  312,   99,  609,  827,  288,  559,  507,  342,  291,  860,  308,  570,  688,  865,  923,  448,  511,  932,  325,  585,  698,  994,   38,  944,  136,  540,  815,  532,  797, 1028,  618,  742,  242,  655,  608,  837,  342,  682,  268, 1055,  182],
        [  523,  523,  382,  207,  301,  310,  530,   75,  678,  487,  508,  248,  544,  198,  445,  253,  204,  420,   46,  501,  338,    0,  400,  306,  268,  225,  416,  252,  567,  388,  585,  338,  653,  542,  310,   71,  432,  323,  491,  418,  255,  480,  209,  492,  548,   39,  460,  375,  628,  642,  264,  175,  645,   89,  533,  388,  657,  328,  644,  240,  440,  697,  331,  460,  692,  288,  556,  214,  320,  441,  653,  240,  437,  399,  718,  384],
        [  643,  643,  680,  318,  349,  111,  481,  459,  460,  157,  525,  548,  487,  208,  354,  395,  483,  239,  408,  180,  692,  400,    0,  702,  611,  465,   99,  159,  583,  787,  916,  250,  467,  574,  565,  466,  790,  494,  278,  817,  146,  841,  370,  890,  547,  410,  366,   71,  778,  704,  279,  271,  692,  476,  876,  460,  414,  669,  657,  629,  375,  972,  225,  290,  502,  345,  791,  612,  203,  724,  869,  619,  629,  799,  497,  779],
        [  559,  559,  280,  484,  496,  604,  685,  269,  894,  768,  628,  257,  700,  504,  715,  490,  292,  669,  295,  806,  289,  306,  702,    0,  181,  412,  721,  547,  670,  135,  361,  628,  857,  640,  428,  237,  326,  412,  734,  128,  557,  224,  462,  221,  667,  309,  728,  669,  605,  691,  549,  446,  705,  227,  300,  518,  887,  314,  729,  172,  702,  526,  626,  694,  891,  486,  465,   99,  583,  332,  557,  105,  440,  117,  930,  166],
        [  380,  380,  129,  474,  342,  503,  510,  278,  730,  646,  449,   83,  526,  441,  713,  511,  138,  528,  232,  746,  427,  268,  611,  181,    0,  458,  653,  453,  490,  316,  320,  603,  690,  460,  510,  207,  487,  236,  587,  300,  474,  231,  471,  397,  488,  292,  727,  564,  439,  513,  531,  341,  526,  184,  271,  344,  729,  442,  549,  291,  707,  435,  594,  543,  723,  335,  321,  186,  456,  190,  418,   87,  263,  294,  765,  344],
        [  747,  747,  584,  148,  507,  420,  736,  182,  847,  599,  724,  461,  749,  277,  320,   94,  426,  580,  270,  485,  250,  225,  465,  412,  458,    0,  430,  371,  785,  424,  754,  273,  832,  761,  104,  258,  343,  547,  650,  477,  349,  628,   97,  515,  763,  187,  330,  475,  851,  865,  202,  355,  867,  282,  696,  606,  817,  219,  863,  256,  302,  891,  284,  629,  871,  494,  768,  318,  479,  645,  866,  398,  660,  455,  888,  395],
        [  727,  727,  736,  284,  428,  184,  577,  463,  555,  249,  617,  599,  584,  218,  263,  348,  535,  336,  434,   96,  671,  416,   99,  721,  653,  430,    0,  212,  676,  793,  967,  178,  565,  666,  523,  485,  768,  566,  377,  829,  182,  881,  333,  895,  641,  416,  274,  166,  862,  796,  230,  322,  785,  499,  923,  544,  508,  644,  752,  627,  287, 1038,  157,  388,  599,  422,  862,  627,  289,  784,  945,  649,  703,  809,  592,  779],
        [  527,  527,  527,  241,  227,   59,  416,  319,  480,  239,  436,  392,  427,   96,  384,  327,  327,  215,  253,  308,  570,  252,  159,  547,  453,  371,  212,    0,  499,  639,  760,  255,  470,  484,  475,  314,  667,  356,  281,  665,   40,  683,  288,  743,  467,  269,  399,  124,  659,  610,  236,  114,  602,  321,  719,  346,  447,  552,  578,  489,  396,  826,  233,  267,  508,  219,  650,  461,  120,  573,  735,  462,  494,  648,  520,  635],
        [  153,  153,  430,  704,  286,  499,  116,  633,  347,  490,   64,  416,  119,  574,  882,  782,  402,  351,  526,  762,  873,  567,  583,  670,  490,  785,  676,  499,    0,  804,  613,  753,  294,   30,  876,  567,  952,  266,  346,  788,  538,  635,  736,  885,   38,  605,  898,  513,  257,  127,  722,  445,  111,  550,  613,  180,  377,  875,   81,  743,  893,  555,  731,  311,  309,  298,  374,  650,  391,  418,  398,  569,  257,  783,  364,  830],
        [  693,  693,  410,  529,  619,  697,  816,  331, 1018,  870,  761,  390,  832,  581,  742,  513,  419,  784,  390,  869,  225,  388,  787,  135,  316,  424,  793,  639,  804,    0,  443,  674,  983,  775,  406,  328,  224,  544,  851,   64,  642,  304,  496,  104,  801,  379,  753,  763,  734,  825,  595,  549,  839,  325,  383,  649, 1008,  259,  864,  172,  725,  623,  677,  812, 1018,  608,  587,  183,  691,  457,  675,  237,  573,   45, 1055,   47],
        [  461,  461,  238,  791,  602,  806,  685,  584,  933,  925,  603,  369,  698,  758, 1029,  819,  434,  790,  551, 1061,  646,  585,  916,  361,  320,  754,  967,  760,  613,  443,    0,  922,  884,  587,  785,  521,  666,  454,  836,  386,  785,  141,  783,  456,  631,  606, 1044,  862,  418,  564,  849,  647,  588,  499,   62,  546,  947,  674,  636,  532, 1022,  187,  913,  789,  908,  599,  253,  441,  740,  211,  297,  358,  366,  399,  959,  489],
        [  770,  770,  708,  146,  475,  269,  670,  359,  700,  405,  690,  568,  680,  188,  130,  183,  511,  451,  372,  214,  522,  338,  250,  628,  603,  273,  178,  255,  753,  674,  922,    0,  701,  737,  356,  406,  615,  583,  507,  720,  216,  816,  183,  772,  722,  323,  145,  293,  897,  861,   80,  327,  855,  426,  871,  594,  658,  491,  833,  503,  141, 1022,   26,  505,  738,  465,  863,  529,  371,  764,  955,  576,  719,  699,  739,  653],
        [  440,  440,  672,  710,  366,  436,  199,  728,   53,  321,  284,  607,  188,  565,  817,  795,  566,  256,  626,  627,  990,  653,  467,  857,  690,  832,  565,  470,  294,  983,  884,  701,    0,  312,  934,  684, 1082,  459,  194,  983,  502,  880,  756, 1077,  265,  686,  830,  410,  550,  405,  701,  484,  381,  676,  874,  352,   95,  981,  324,  878,  836,  845,  676,  204,   39,  378,  660,  807,  354,  677,  691,  752,  519,  973,   76,  997],
        [  130,  130,  400,  683,  266,  487,  123,  607,  364,  489,   50,  387,  130,  556,  867,  761,  374,  347,  500,  754,  845,  542,  574,  640,  460,  761,  666,  484,   30,  775,  587,  737,  312,    0,  852,  540,  924,  237,  348,  759,  523,  607,  715,  855,   48,  580,  882,  504,  244,  130,  704,  424,  120,  523,  586,  156,  392,  848,  103,  714,  877,  534,  716,  310,  330,  277,  351,  621,  379,  390,  380,  540,  228,  754,  384,  800],
        [  828,  828,  638,  248,  603,  524,  833,  252,  950,  701,  816,  527,  847,  381,  373,  175,  502,  684,  353,  569,  196,  310,  565,  428,  510,  104,  523,  475,  876,  406,  785,  356,  934,  852,    0,  327,  273,  630,  753,  466,  453,  651,  196,  484,  856,  272,  380,  578,  925,  950,  293,  455,  954,  349,  724,  697,  920,  159,  954,  257,  349,  935,  371,  732,  973,  590,  828,  345,  582,  700,  926,  439,  733,  444,  991,  369],
        [  504,  504,  329,  270,  321,  371,  543,   77,  712,  543,  511,  204,  559,  268,  509,  304,  176,  464,   63,  571,  312,   71,  466,  237,  207,  258,  485,  314,  567,  328,  521,  406,  684,  540,  327,    0,  400,  308,  533,  352,  321,  411,  264,  431,  552,   86,  523,  437,  599,  629,  330,  223,  635,   25,  467,  389,  696,  310,  640,  195,  502,  641,  400,  498,  721,  308,  511,  148,  367,  390,  609,  171,  407,  335,  751,  328],
        [  862,  862,  602,  485,  720,  724,  940,  358, 1109,  906,  900,  543,  956,  586,  645,  434,  550,  852,  457,  827,   99,  432,  790,  326,  487,  343,  768,  667,  952,  224,  666,  615, 1082,  924,  273,  400,    0,  687,  923,  284,  657,  526,  437,  255,  942,  404,  653,  786,  925,  994,  543,  607, 1005,  411,  605,  781, 1089,  124, 1020,  210,  622,  843,  626,  891, 1120,  708,  790,  306,  751,  657,  883,  401,  748,  268, 1148,  177],
        [  201,  201,  222,  495,  152,  386,  275,  380,  502,  476,  218,  156,  291,  395,  710,  563,  138,  337,  278,  661,  609,  323,  494,  412,  236,  547,  566,  356,  266,  544,  454,  583,  459,  237,  630,  308,  687,    0,  383,  534,  390,  426,  516,  631,  258,  361,  725,  431,  317,  322,  531,  257,  327,  289,  431,  109,  507,  613,  335,  478,  714,  480,  566,  337,  490,  153,  297,  385,  299,  246,  380,  308,  139,  527,  535,  567],
        [  451,  451,  604,  521,  245,  243,  232,  565,  199,  149,  301,  506,  233,  377,  625,  607,  451,   71,  471,  447,  827,  491,  278,  734,  587,  650,  377,  281,  346,  851,  836,  507,  194,  348,  753,  533,  923,  383,    0,  861,  311,  802,  569,  950,  309,  519,  638,  217,  584,  473,  509,  316,  455,  530,  813,  296,  168,  814,  410,  726,  643,  839,  482,   47,  231,  253,  648,  669,  174,  626,  705,  633,  487,  848,  239,  858],
        [  669,  669,  378,  574,  623,  723,  809,  368, 1020,  891,  749,  380,  824,  615,  793,  565,  418,  796,  413,  909,  288,  418,  817,  128,  300,  477,  829,  665,  788,   64,  386,  720,  983,  759,  466,  352,  284,  534,  861,    0,  672,  249,  544,   97,  788,  413,  805,  788,  700,  799,  640,  569,  816,  345,  327,  642, 1014,  322,  844,  222,  777,  569,  721,  820, 1017,  613,  547,  205,  708,  420,  631,  232,  548,   22, 1056,  110],
        [  565,  565,  554,  212,  265,   71,  454,  316,  509,  252,  476,  417,  465,   73,  345,  298,  353,  247,  263,  277,  559,  255,  146,  557,  474,  349,  182,   40,  538,  642,  785,  216,  502,  523,  453,  321,  657,  390,  311,  672,    0,  703,  262,  746,  506,  267,  360,  129,  696,  649,  201,  141,  642,  331,  742,  385,  474,  539,  618,  487,  357,  857,  194,  300,  540,  257,  684,  467,  157,  602,  769,  476,  529,  654,  549,  636],
        [  493,  493,  210,  679,  558,  734,  687,  466,  925,  872,  612,  302,  701,  666,  916,  699,  364,  748,  451,  972,  507,  480,  841,  224,  231,  628,  881,  683,  635,  304,  141,  816,  880,  607,  651,  411,  526,  426,  802,  249,  703,    0,  665,  325,  645,  495,  930,  794,  488,  614,  741,  571,  634,  391,   80,  530,  932,  535,  674,  396,  907,  321,  810,  757,  909,  553,  323,  311,  682,  221,  395,  241,  379,  260,  956,  349],
        [  716,  716,  590,   53,  452,  333,  676,  200,  767,  508,  674,  457,  689,  192,  254,   47,  411,  501,  254,  391,  342,  209,  370,  462,  471,   97,  333,  288,  736,  496,  783,  183,  756,  715,  196,  264,  437,  516,  569,  544,  262,  665,    0,  592,  711,  180,  267,  384,  830,  826,  107,  294,  826,  288,  727,  561,  734,  313,  816,  324,  242,  904,  191,  552,  794,  440,  765,  363,  402,  650,  861,  427,  641,  522,  808,  472],
        [  765,  765,  473,  628,  715,  801,  905,  434, 1114,  973,  846,  476,  920,  685,  834,  606,  512,  884,  493,  970,  291,  492,  890,  221,  397,  515,  895,  743,  885,  104,  456,  772, 1077,  855,  484,  431,  255,  631,  950,   97,  746,  325,  592,    0,  885,  482,  845,  866,  792,  895,  693,  651,  912,  427,  400,  738, 1106,  328,  940,  270,  816,  642,  777,  911, 1112,  705,  636,  285,  793,  513,  716,  326,  645,  105, 1150,  121],
        [  177,  177,  437,  677,  259,  465,   79,  615,  317,  453,   42,  412,   83,  545,  851,  756,  392,  314,  508,  726,  860,  548,  547,  667,  488,  763,  641,  467,   38,  801,  631,  722,  265,   48,  856,  552,  942,  258,  309,  788,  506,  645,  711,  885,    0,  586,  866,  477,  290,  165,  693,  418,  148,  536,  627,  163,  345,  861,  112,  732,  862,  581,  700,  274,  283,  272,  397,  642,  357,  431,  428,  565,  269,  782,  337,  824],
        [  561,  561,  411,  185,  337,  327,  566,   50,  709,  507,  546,  280,  581,  203,  423,  221,  240,  449,   84,  498,  308,   39,  410,  309,  292,  187,  416,  269,  605,  379,  606,  323,  686,  580,  272,   86,  404,  361,  519,  413,  267,  495,  180,  482,  586,    0,  438,  391,  665,  680,  246,  204,  683,  109,  553,  426,  687,  296,  682,  221,  416,  725,  319,  490,  724,  324,  589,  212,  347,  471,  686,  255,  474,  394,  749,  370],
        [  914,  914,  839,  254,  620,  407,  812,  465,  825,  521,  835,  701,  822,  332,   16,  241,  646,  587,  499,  257,  570,  460,  366,  728,  727,  330,  274,  399,  898,  753, 1044,  145,  830,  882,  380,  523,  653,  725,  638,  805,  360,  930,  267,  845,  866,  438,    0,  421, 1041, 1006,  200,  471, 1000,  546,  990,  739,  779,  535,  977,  584,   32, 1154,  167,  641,  866,  610, 1001,  630,  512,  897, 1094,  690,  860,  783,  862,  725],
        [  574,  574,  625,  333,  283,   66,  411,  441,  407,  124,  454,  496,  418,  201,  408,  415,  432,  171,  376,  250,  688,  375,   71,  669,  564,  475,  166,  124,  513,  763,  862,  293,  410,  504,  578,  437,  786,  431,  217,  788,  129,  794,  384,  866,  477,  391,  421,    0,  710,  634,  306,  226,  622,  443,  825,  392,  366,  668,  587,  612,  427,  910,  268,  223,  446,  280,  727,  584,  135,  666,  804,  581,  564,  771,  446,  759],
        [  137,  137,  326,  811,  434,  678,  366,  675,  603,  717,  285,  400,  372,  709, 1025,  876,  426,  570,  582,  955,  865,  628,  778,  605,  439,  851,  862,  659,  257,  734,  418,  897,  550,  244,  925,  599,  925,  317,  584,  700,  696,  488,  830,  792,  290,  665, 1041,  710,    0,  160,  847,  570,  186,  576,  440,  319,  634,  878,  243,  729, 1030,  313,  879,  542,  563,  441,  168,  624,  576,  280,  149,  525,  192,  702,  618,  771],
        [  133,  133,  424,  799,  387,  616,  242,  701,  457,  617,  180,  451,  244,  677,  991,  873,  455,  476,  598,  884,  923,  642,  704,  691,  513,  865,  796,  610,  127,  825,  564,  861,  405,  130,  950,  629,  994,  322,  473,  799,  649,  614,  826,  895,  165,  680, 1006,  634,  160,    0,  824,  542,   27,  609,  577,  269,  494,  930,   85,  789, 1000,  472,  840,  437,  413,  397,  313,  689,  508,  394,  309,  598,  252,  798,  468,  856],
        [  724,  724,  641,   66,  438,  266,  648,  280,  706,  427,  659,  502,  659,  149,  184,  119,  447,  446,  301,  285,  448,  264,  279,  549,  531,  202,  230,  236,  722,  595,  849,   80,  701,  704,  293,  330,  543,  531,  509,  640,  201,  741,  107,  693,  693,  246,  200,  306,  847,  824,    0,  282,  820,  351,  797,  555,  668,  419,  802,  424,  184,  955,   85,  500,  739,  427,  802,  450,  355,  698,  896,  500,  664,  619,  746,  574],
        [  444,  444,  415,  260,  160,  164,  383,  250,  506,  323,  382,  279,  396,  140,  456,  339,  214,  246,  160,  417,  511,  175,  271,  446,  341,  355,  322,  114,  445,  549,  647,  327,  484,  424,  455,  223,  607,  257,  316,  569,  141,  571,  294,  651,  418,  204,  471,  226,  570,  542,  282,    0,  539,  225,  606,  273,  483,  500,  525,  412,  462,  717,  309,  286,  523,  148,  546,  367,  146,  462,  634,  356,  395,  553,  546,  551],
        [  147,  147,  441,  797,  382,  606,  224,  706,  433,  600,  169,  462,  224,  673,  985,  872,  462,  462,  601,  872,  932,  645,  692,  705,  526,  867,  785,  602,  111,  839,  588,  855,  381,  120,  954,  635, 1005,  327,  455,  816,  642,  634,  826,  912,  148,  683, 1000,  622,  186,   27,  820,  539,    0,  616,  599,  267,  471,  938,   59,  798,  995,  498,  834,  421,  388,  393,  337,  699,  498,  414,  334,  610,  268,  813,  443,  869],
        [  483,  483,  305,  292,  311,  378,  531,  101,  706,  547,  495,  180,  546,  281,  531,  328,  155,  461,   69,  587,  325,   89,  476,  227,  184,  282,  499,  321,  550,  325,  499,  426,  676,  523,  349,   25,  411,  289,  530,  345,  331,  391,  288,  427,  536,  109,  546,  443,  576,  609,  351,  225,  616,    0,  446,  374,  691,  326,  623,  203,  524,  617,  420,  493,  713,  299,  487,  143,  367,  365,  585,  152,  385,  329,  745,  329],
        [  465,  465,  210,  737,  573,  767,  677,  528,  921,  894,  597,  329,  690,  711,  976,  763,  394,  763,  501, 1016,  585,  533,  876,  300,  271,  696,  923,  719,  613,  383,   62,  871,  874,  586,  724,  467,  605,  431,  813,  327,  742,   80,  727,  400,  627,  553,  990,  825,  440,  577,  797,  606,  599,  446,    0,  528,  932,  612,  643,  471,  968,  243,  863,  767,  900,  569,  272,  381,  706,  198,  332,  301,  359,  339,  950,  428],
        [  183,  183,  322,  531,  120,  361,  168,  454,  396,  410,  122,  263,  183,  409,  724,  607,  234,  264,  347,  636,  698,  388,  460,  518,  344,  606,  544,  346,  180,  649,  546,  594,  352,  156,  697,  389,  781,  109,  296,  642,  385,  530,  561,  738,  163,  426,  739,  392,  319,  269,  555,  273,  267,  374,  528,    0,  404,  699,  258,  571,  732,  544,  574,  250,  382,  130,  354,  484,  258,  336,  419,  413,  191,  634,  428,  670],
        [  517,  517,  726,  685,  391,  404,  272,  732,   54,  259,  357,  646,  263,  542,  767,  771,  598,  239,  635,  561,  994,  657,  414,  887,  729,  817,  508,  447,  377, 1008,  947,  658,   95,  392,  920,  696, 1089,  507,  168, 1014,  474,  932,  734, 1106,  345,  687,  779,  366,  634,  494,  668,  483,  471,  691,  932,  404,    0,  982,  414,  890,  789,  921,  633,  199,  110,  401,  732,  828,  342,  738,  771,  783,  584, 1002,   85, 1018],
        [  801,  801,  567,  361,  626,  607,  852,  254, 1005,  789,  820,  483,  867,  467,  526,  311,  476,  744,  360,  703,   38,  328,  669,  314,  442,  219,  644,  552,  875,  259,  674,  491,  981,  848,  159,  310,  124,  613,  814,  322,  539,  535,  313,  328,  861,  296,  535,  668,  878,  930,  419,  500,  938,  326,  612,  699,  982,    0,  947,  152,  505,  839,  502,  786, 1020,  613,  759,  258,  641,  626,  855,  359,  693,  302, 1045,  218],
        [  181,  181,  475,  784,  366,  577,  180,  708,  376,  557,  144,  480,  177,  654,  962,  862,  472,  423,  602,  837,  944,  644,  657,  729,  549,  863,  752,  578,   81,  864,  636,  833,  324,  103,  954,  640, 1020,  335,  410,  844,  618,  674,  816,  940,  112,  682,  977,  587,  243,   85,  802,  525,   59,  623,  643,  258,  414,  947,    0,  812,  973,  554,  811,  379,  329,  378,  387,  716,  469,  454,  391,  631,  299,  840,  385,  891],
        [  658,  658,  416,  359,  513,  547,  731,  171,  907,  726,  691,  338,  747,  421,  572,  343,  341,  656,  255,  701,  136,  240,  629,  172,  291,  256,  627,  489,  743,  172,  532,  503,  878,  714,  257,  195,  210,  478,  726,  222,  487,  396,  324,  270,  732,  221,  584,  612,  729,  789,  424,  412,  798,  203,  471,  571,  890,  152,  812,    0,  556,  691,  507,  692,  915,  501,  608,  107,  558,  474,  704,  208,  547,  200,  946,  153],
        [  905,  905,  821,  234,  613,  409,  811,  441,  833,  532,  830,  683,  821,  323,   29,  214,  630,  590,  480,  279,  540,  440,  375,  702,  707,  302,  287,  396,  893,  725, 1022,  141,  836,  877,  349,  502,  622,  714,  643,  777,  357,  907,  242,  816,  862,  416,   32,  427, 1030, 1000,  184,  462,  995,  524,  968,  732,  789,  505,  973,  556,    0, 1136,  165,  644,  873,  603,  986,  604,  512,  879, 1079,  668,  848,  756,  871,  696],
        [  406,  406,  315,  903,  631,  863,  650,  712,  897,  951,  564,  454,  660,  844, 1139,  945,  512,  807,  656, 1133,  815,  697,  972,  526,  435,  891, 1038,  826,  555,  623,  187, 1022,  845,  534,  935,  641,  843,  480,  839,  569,  857,  321,  904,  642,  581,  725, 1154,  910,  313,  472,  955,  717,  498,  617,  243,  544,  921,  839,  554,  691, 1136,    0, 1010,  793,  863,  632,  192,  592,  779,  259,  165,  497,  354,  580,  917,  668],
        [  751,  751,  697,  149,  455,  245,  647,  358,  675,  381,  669,  557,  657,  171,  152,  196,  498,  426,  363,  201,  532,  331,  225,  626,  594,  284,  157,  233,  731,  677,  913,   26,  676,  716,  371,  400,  626,  566,  482,  721,  194,  810,  191,  777,  700,  319,  167,  268,  879,  840,   85,  309,  834,  420,  863,  574,  633,  502,  811,  507,  165, 1010,    0,  481,  713,  445,  848,  528,  347,  751,  939,  571,  702,  700,  714,  658],
        [  409,  409,  558,  506,  202,  237,  199,  535,  220,  180,  262,  462,  203,  362,  627,  592,  408,   55,  437,  465,  797,  460,  290,  694,  543,  629,  388,  267,  311,  812,  789,  505,  204,  310,  732,  498,  891,  337,   47,  820,  300,  757,  552,  911,  274,  490,  641,  223,  542,  437,  500,  286,  421,  493,  767,  250,  199,  786,  379,  692,  644,  793,  481,    0,  243,  210,  602,  631,  151,  580,  661,  591,  441,  808,  261,  821],
        [  459,  459,  700,  748,  403,  474,  224,  766,   57,  354,  306,  640,  211,  604,  853,  834,  600,  294,  664,  659, 1028,  692,  502,  891,  723,  871,  599,  508,  309, 1018,  908,  738,   39,  330,  973,  721, 1120,  490,  231, 1017,  540,  909,  794, 1112,  283,  724,  866,  446,  563,  413,  739,  523,  388,  713,  900,  382,  110, 1020,  329,  915,  873,  863,  713,  243,    0,  415,  679,  843,  393,  703,  706,  786,  543, 1007,   56, 1033],
        [  309,  309,  362,  407,   14,  240,  243,  360,  410,  327,  235,  254,  258,  281,  595,  485,  199,  196,  254,  516,  618,  288,  345,  486,  335,  494,  422,  219,  298,  608,  599,  465,  378,  277,  590,  308,  708,  153,  253,  613,  257,  553,  440,  705,  272,  324,  610,  280,  441,  397,  427,  148,  393,  299,  569,  130,  401,  613,  378,  501,  603,  632,  445,  210,  415,    0,  448,  430,  147,  394,  525,  383,  285,  601,  448,  620],
        [  221,  221,  193,  756,  445,  683,  462,  587,  711,  762,  377,  309,  473,  679,  985,  808,  357,  617,  512,  957,  742,  556,  791,  465,  321,  768,  862,  650,  374,  587,  253,  863,  660,  351,  828,  511,  790,  297,  648,  547,  684,  323,  765,  636,  397,  589, 1001,  727,  168,  313,  802,  546,  337,  487,  272,  354,  732,  759,  387,  608,  986,  192,  848,  602,  679,  448,    0,  502,  594,  135,   99,  401,  165,  551,  733,  627],
        [  557,  557,  310,  385,  441,  519,  648,  171,  840,  689,  601,  238,  664,  411,  616,  393,  251,  602,  209,  710,  242,  214,  612,   99,  186,  318,  627,  461,  650,  183,  441,  529,  807,  621,  345,  148,  306,  385,  669,  205,  467,  311,  363,  285,  642,  212,  630,  584,  624,  689,  450,  367,  699,  143,  381,  484,  828,  258,  716,  107,  604,  592,  528,  631,  843,  430,  502,    0,  509,  369,  599,  102,  443,  187,  878,  191],
        [  440,  440,  502,  357,  149,  109,  300,  394,  369,  191,  330,  381,  310,  213,  498,  443,  319,  103,  305,  380,  655,  320,  203,  583,  456,  479,  289,  120,  391,  691,  740,  371,  354,  379,  582,  367,  751,  299,  174,  708,  157,  682,  402,  793,  357,  347,  512,  135,  576,  508,  355,  146,  498,  367,  706,  258,  342,  641,  469,  558,  512,  779,  347,  151,  393,  147,  594,  509,    0,  538,  669,  486,  430,  692,  410,  695],
        [  273,  273,   62,  646,  396,  614,  480,  464,  725,  720,  400,  196,  493,  586,  881,  692,  255,  582,  399,  879,  608,  441,  724,  332,  190,  645,  784,  573,  418,  457,  211,  764,  677,  390,  700,  390,  657,  246,  626,  420,  602,  221,  650,  513,  431,  471,  897,  666,  280,  394,  698,  462,  414,  365,  198,  336,  738,  626,  454,  474,  879,  259,  751,  580,  703,  394,  135,  369,  538,    0,  230,  268,  163,  423,  753,  495],
        [  257,  257,  290,  851,  521,  763,  500,  685,  744,  828,  416,  407,  509,  769, 1078,  905,  452,  681,  608, 1039,  837,  653,  869,  557,  418,  866,  945,  735,  398,  675,  297,  955,  691,  380,  926,  609,  883,  380,  705,  631,  769,  395,  861,  716,  428,  686, 1094,  804,  149,  309,  896,  634,  334,  585,  332,  419,  771,  855,  391,  704, 1079,  165,  939,  661,  706,  525,   99,  599,  669,  230,    0,  498,  242,  637,  761,  716],
        [  465,  465,  209,  439,  392,  517,  581,  228,  789,  674,  525,  154,  596,  432,  676,  462,  187,  569,  216,  738,  342,  240,  619,  105,   87,  398,  649,  462,  569,  237,  358,  576,  752,  540,  439,  171,  401,  308,  633,  232,  476,  241,  427,  326,  565,  255,  690,  581,  525,  598,  500,  356,  610,  152,  301,  413,  783,  359,  631,  208,  668,  497,  571,  591,  786,  383,  401,  102,  486,  268,  498,    0,  349,  222,  825,  261],
        [  121,  121,  176,  624,  282,  523,  320,  483,  568,  598,  238,  211,  333,  532,  845,  686,  234,  453,  391,  798,  682,  437,  629,  440,  263,  660,  703,  494,  257,  573,  366,  719,  519,  228,  733,  407,  748,  139,  487,  548,  529,  379,  641,  645,  269,  474,  860,  564,  192,  252,  664,  395,  268,  385,  359,  191,  584,  693,  299,  547,  848,  354,  702,  441,  543,  285,  165,  443,  430,  163,  242,  349,    0,  546,  594,  605],
        [  667,  667,  378,  553,  611,  706,  801,  348, 1009,  875,  742,  372,  816,  596,  772,  543,  408,  782,  396,  889,  268,  399,  799,  117,  294,  455,  809,  648,  783,   45,  399,  699,  973,  754,  444,  335,  268,  527,  848,   22,  654,  260,  522,  105,  782,  394,  783,  771,  702,  798,  619,  553,  813,  329,  339,  634, 1002,  302,  840,  200,  756,  580,  700,  808, 1007,  601,  551,  187,  692,  423,  637,  222,  546,    0, 1046,   92],
        [  513,  513,  748,  760,  437,  481,  274,  793,   41,  343,  358,  682,  262,  616,  850,  846,  639,  308,  692,  645, 1055,  718,  497,  930,  765,  888,  592,  520,  364, 1055,  959,  739,   76,  384,  991,  751, 1148,  535,  239, 1056,  549,  956,  808, 1150,  337,  749,  862,  446,  618,  468,  746,  546,  443,  745,  950,  428,   85, 1045,  385,  946,  871,  917,  714,  261,   56,  448,  733,  878,  410,  753,  761,  825,  594, 1046,    0, 1068],
        [  723,  723,  445,  509,  632,  694,  836,  321, 1030,  870,  784,  414,  851,  572,  714,  486,  438,  790,  391,  853,  182,  384,  779,  166,  344,  395,  779,  635,  830,   47,  489,  653,  997,  800,  369,  328,  177,  567,  858,  110,  636,  349,  472,  121,  824,  370,  725,  759,  771,  856,  574,  551,  869,  329,  428,  670, 1018,  218,  891,  153,  696,  668,  658,  821, 1033,  620,  627,  191,  695,  495,  716,  261,  605,   92, 1068,    0]
    ]
}
