{
    "name": "random-55-16335",
    "comment": "size=55 seed=16335",
    "nodes": ["+0", "-0", "+1", "-1", "+2", "-2", "+3", "-3", "+4", "-4", "+5", "-5", "+6", "-6", "+7", "-7", "+8", "-8", "+9", "-9", "+10", "-10", "+11", "-11", "+12", "-12", "+13", "-13", "+14", "-14", "+15", "-15", "+16", "-16", "+17", "-17", "+18", "-18", "+19", "-19", "+20", "-20", "+21", "-21", "+22", "-22", "+23", "-23", "+24", "-24", "+25", "-25", "+26", "-26", "+27", "-27", "+28", "-28", "+29", "-29", "+30", "-30", "+31", "-31", "+32", "-32", "+33", "-33", "+34", "-34", "+35", "-35", "+36", "-36", "+37", "-37", "+38", "-38", "+39", "-39", "+40", "-40", "+41", "-41", "+42", "-42", "+43", "-43", "+44", "-44", "+45", "-45", "+46", "-46", "+47", "-47", "+48", "-48", "+49", "-49", "+50", "-50", "+51", "-51", "+52", "-52", "+53", "-53", "+54", "-54", "+55", "-55"],
    "precedence": {
        "+0": "-0",
        "+1": "-1",
        "+2": "-2",
        "+3": "-3",
        "+4": "-4",
        "+5": "-5",
        "+6": "-6",
        "+7": "-7",
        "+8": "-8",
        "+9": "-9",
        "+10": "-10",
        "+11": "-11",
        "+12": "-12",
        "+13": "-13",
        "+14": "-14",
        "+15": "-15",
        "+16": "-16",
        "+17": "-17",
        "+18": "-18",
        "+19": "-19",
        "+20": "-20",
        "+21": "-21",
        "+22": "-22",
        "+23": "-23",
        "+24": "-24",
        "+25": "-25",
        "+26": "-26",
        "+27": "-27",
        "+28": "-28",
        "+29": "-29",
        "+30": "-30",
        "+31": "-31",
        "+32": "-32",
        "+33": "-33",
        "+34": "-34",
        "+35": "-35",
        "+36": "-36",
        "+37": "-37",
        "+38": "-38",
        "+39": "-39",
        "+40": "-40",
        "+41": "-41",
        "+42": "-42",
        "+43": "-43",
        "+44": "-44",
        "+45": "-45",
        "+46": "-46",
        "+47": "-47",
        "+48": "-48",
        "+49": "-49",
        "+50": "-50",
        "+51": "-51",
        "+52": "-52",
        "+53": "-53",
        "+54": "-54",
        "+55": "-55"
    },
    "edges": [
        [    0,    0,  212,  113,  596,  587,  560,  470,  348,  527,  282,  173,  453,  139,  836,  279,  803,  212,  676,  274,  247,  147,  255,   71,  152,  553,  464,  339,  488,  610,  515,  441,  551,  472,  196,  446,   94,  127,  506,  452,  731,  396,  446,  623,  428,  449,  861,  218,  703,  391,  458,  500,  242,  486,  349,  603,  130,  348,  378,  289,  344,  632,  308,  474,  571,  760,  396,  220,  239,  199,  379,  618,  103,  607,  538,  348,   65,  549,  233,  281,  222,  364,  256,  472,  648,  524,  622,  670,  355,  166,   94,  347,  600,  507,  373,  345,  303,  642,  445,  537,   96,  331,  298,  441,  326,  234,  676,  521,  450,  535,  179,  496],
        [    0,    0,    0,    0,    0,    0,    0,    0,    0,    0,    0,    0,    0,    0,    0,    0,    0,    0,    0,    0,    0,    0,    0,    0,    0,    0,    0,    0,    0,    0,    0,    0,    0,    0,    0,    0,    0,    0,    0,    0,    0,    0,    0,    0,    0,    0,    0,    0,    0,    0,    0,    0,    0,    0,    0,    0,    0,    0,    0,    0,    0,    0,    0,    0,    0,    0,    0,    0,    0,    0,    0,    0,    0,    0,    0,    0,    0,    0,    0,    0,    0,    0,    0,    0,    0,    0,    0,    0,    0,    0,    0,    0,    0,    0,    0,    0,    0,    0,    0,    0,    0,    0,    0,    0,    0,    0,    0,    0,    0,    0,    0,    0],
        [  212,    0,    0,  100,  422,  399,  392,  506,  168,  327,  284,   46,  558,   77,  712,  274,  640,  120,  556,   68,   65,  171,  290,  252,  347,  602,  269,  538,  538,  622,  336,  415,  344,  573,  219,  352,  146,  124,  384,  241,  570,  250,  240,  412,  262,  273,  710,  349,  588,  244,  408,  376,  450,  345,  548,  411,  331,  551,  220,  487,  464,  579,  518,  485,  449,  605,  577,  238,  450,   57,  201,  535,  214,  611,  544,  373,  263,  377,  410,  454,  234,  538,  189,  357,  682,  621,  529,  468,  193,   95,  236,  315,  429,  458,  380,  280,  263,  438,  595,  356,  291,  523,  507,  296,  117,  167,  511,  391,  278,  339,  348,  485],
        [  113,    0,  100,    0,  497,  488,  462,  484,  250,  418,  269,   66,  506,   37,  771,  262,  718,  139,  612,  162,  138,  127,  247,  155,  250,  576,  356,  441,  511,  614,  413,  421,  440,  523,  173,  379,   71,   61,  439,  340,  646,  304,  338,  511,  330,  355,  783,  270,  642,  309,  426,  432,  351,  399,  450,  502,  236,  456,  290,  390,  404,  602,  419,  475,  504,  679,  485,  211,  351,  100,  276,  572,  130,  606,  538,  339,  164,  458,  318,  372,  196,  448,  190,  407,  664,  574,  571,  560,  257,   76,  145,  320,  502,  476,  369,  300,  256,  535,  524,  442,  197,  428,  408,  361,  214,  178,  590,  439,  358,  432,  257,  486],
        [  596,    0,  422,  497,    0,  500,   44,  903,  450,  148,  687,  466,  977,  491,  903,  676,  745,  527,  782,  357,  363,  593,  468,  600,  679,  999,  167,  843,  939,  997,   87,  784,  191,  990,  456,  250,  561,  470,  652,  265,  700,  207,  364,  273,  169,  487,  837,  600,  818,  535,  759,  646,  794,  146,  852,  488,  726,  941,  505,  799,  885,  898,  867,  870,  699,  743,  839,  653,  824,  473,  222,  824,  535,  980,  920,  467,  621,  544,  700,  868,  441,  792,  364,  647, 1068, 1037,  805,  174,  242,  431,  563,  696,   17,  800,  774,  646,  369,  428, 1016,  505,  690,  814,  853,  561,  322,  568,  647,  156,  497,  439,  644,  854],
        [  587,    0,  399,  488,  500,    0,  505,  579,  239,  354,  443,  423,  721,  454,  404,  434,  262,  382,  294,  370,  412,  469,  673,  642,  736,  661,  370,  925,  620,  613,  445,  432,  310,  726,  608,  620,  497,  522,  224,  263,  205,  490,  180,  256,  453,  142,  349,  747,  329,  219,  387,  222,  827,  544,  935,   26,  676,  878,  218,  875,  677,  458,  888,  527,  237,  247,  973,  459,  804,  391,  415,  369,  612,  589,  551,  739,  648,   77,  806,  740,  617,  935,  548,  245,  695,  755,  343,  393,  446,  491,  632,  399,  516,  405,  474,  348,  613,  118,  819,   57,  637,  915,  879,  189,  333,  380,  148,  590,  144,   70,  744,  487],
        [  560,    0,  392,  462,   44,  505,    0,  881,  434,  152,  663,  435,  949,  459,  907,  652,  756,  501,  781,  329,  331,  563,  425,  560,  639,  977,  151,  801,  916,  979,   66,  766,  201,  963,  414,  208,  528,  433,  645,  258,  707,  167,  358,  293,  133,  479,  847,  557,  818,  522,  743,  638,  754,  103,  810,  495,  689,  903,  492,  757,  855,  887,  826,  850,  694,  750,  796,  626,  785,  445,  191,  817,  495,  963,  902,  424,  582,  544,  658,  833,  399,  749,  323,  637, 1049, 1010,  799,  208,  206,  394,  524,  676,   41,  786,  752,  627,  326,  442,  984,  505,  653,  771,  813,  552,  298,  544,  653,  118,  490,  442,  603,  837],
        [  470,    0,  506,  484,  903,  579,  881,    0,  461,  774,  222,  472,  172,  464,  558,  233,  642,  386,  435,  558,  569,  357,  717,  534,  575,   97,  737,  697,   42,  145,  818,  147,  764,  168,  648,  854,  418,  542,  361,  655,  581,  754,  575,  776,  759,  473,  649,  682,  438,  396,  194,  361,  584,  848,  704,  605,  428,  498,  418,  661,  209,  260,  603,   58,  383,  584,  787,  275,  509,  449,  697,  314,  569,  149,   92,  812,  517,  504,  660,  344,  674,  774,  672,  335,  181,  182,  339,  888,  696,  556,  563,  209,  913,  196,  129,  262,  739,  691,  306,  527,  419,  712,  603,  399,  583,  341,  557,  895,  465,  578,  628,  111],
        [  348,    0,  168,  250,  450,  239,  434,  461,    0,  315,  263,  185,  562,  216,  551,  252,  473,  149,  399,  162,  200,  239,  456,  403,  497,  556,  284,  687,  500,  548,  369,  335,  304,  573,  386,  468,  259,  289,  233,  194,  402,  343,  124,  331,  329,  106,  543,  514,  433,   94,  310,  226,  589,  426,  696,  255,  443,  654,   64,  636,  492,  460,  651,  424,  294,  438,  735,  254,  570,  152,  270,  399,  376,  530,  472,  533,  409,  210,  568,  527,  399,  698,  343,  215,  620,  613,  387,  430,  286,  263,  395,  253,  462,  353,  335,  200,  415,  302,  635,  192,  404,  676,  642,  138,  153,  162,  344,  475,  110,  188,  507,  405],
        [  527,    0,  327,  418,  148,  354,  152,  774,  315,    0,  567,  372,  863,  403,  757,  555,  605,  415,  634,  260,  281,  492,  464,  547,  637,  870,   68,  816,  813,  860,   97,  649,   54,  876,  430,  309,  473,  408,  506,  122,  556,  202,  218,  156,  150,  341,  696,  584,  671,  394,  620,  500,  750,  210,  826,  344,  653,  874,  366,  768,  780,  753,  821,  738,  551,  599,  829,  541,  765,  369,  162,  678,  489,  842,  785,  493,  565,  397,  675,  781,  423,  783,  339,  503,  934,  919,  658,  144,  198,  366,  517,  566,  164,  659,  647,  515,  373,  293,  916,  357,  615,  792,  809,  417,  213,  451,  502,  249,  352,  292,  614,  718],
        [  282,    0,  284,  269,  687,  443,  663,  222,  263,  567,    0,  251,  300,  246,  580,   12,  592,  165,  425,  338,  348,  146,  512,  352,  417,  318,  523,  578,  255,  346,  602,  159,  564,  311,  440,  632,  210,  329,  276,  451,  520,  532,  386,  592,  539,  310,  630,  500,  445,  227,  179,  271,  464,  627,  587,  467,  295,  456,  239,  534,  236,  351,  507,  206,  330,  539,  655,   63,  412,  227,  477,  345,  372,  338,  269,  606,  341,  378,  504,  305,  464,  631,  454,  239,  400,  353,  354,  691,  475,  337,  372,   71,  697,  226,  100,  100,  523,  539,  380,  387,  268,  583,  503,  256,  366,  120,  477,  673,  305,  420,  458,  218],
        [  173,    0,   46,   66,  466,  423,  435,  472,  185,  372,  251,    0,  517,   35,  715,  241,  655,   95,  557,  113,  104,  129,  291,  221,  316,  567,  314,  506,  503,  594,  380,  391,  389,  532,  217,  382,  101,  109,  383,  283,  583,  288,  274,  453,  304,  290,  721,  332,  587,  249,  389,  376,  414,  384,  516,  437,  288,  508,  228,  456,  421,  563,  481,  455,  449,  617,  551,  201,  409,   38,  245,  525,  192,  583,  516,  379,  229,  393,  384,  409,  236,  513,  207,  353,  650,  581,  521,  513,  234,   96,  210,  289,  472,  439,  349,  260,  280,  470,  551,  376,  248,  493,  470,  301,  161,  141,  526,  428,  293,  366,  322,  459],
        [  453,    0,  558,  506,  977,  721,  949,  172,  562,  863,  300,  517,    0,  498,  729,  311,  809,  450,  605,  621,  621,  389,  707,  505,  517,  171,  816,  597,  143,  277,  890,  304,  863,   20,  648,  884,  436,  557,  515,  750,  746,  804,  685,  891,  819,  600,  820,  641,  609,  517,  353,  514,  493,  899,  603,  746,  368,  364,  534,  571,  112,  430,  494,  228,  546,  752,  694,  324,  409,  505,  759,  486,  556,  294,  256,  799,  483,  649,  595,  233,  674,  690,  694,  484,  260,   72,  510,  990,  750,  582,  541,  325,  985,  364,  247,  378,  751,  826,  138,  666,  376,  620,  497,  533,  657,  413,  717,  942,  593,  709,  577,  282],
        [  139,    0,   77,   37,  491,  454,  459,  464,  216,  403,  246,   35,  498,    0,  736,  237,  682,  105,  577,  144,  128,  111,  278,  188,  283,  558,  343,  473,  493,  591,  405,  394,  421,  514,  203,  391,   71,   91,  403,  317,  610,  307,  308,  487,  326,  319,  747,  306,  606,  273,  396,  396,  380,  402,  483,  469,  254,  475,  254,  423,  399,  571,  447,  452,  469,  643,  520,  191,  375,   64,  269,  538,  166,  582,  514,  368,  195,  422,  353,  380,  225,  484,  208,  372,  644,  564,  537,  544,  255,   92,  181,  292,  497,  446,  345,  268,  278,  504,  526,  407,  215,  461,  436,  325,  193,  146,  554,  445,  322,  399,  292,  459],
        [  836,    0,  712,  771,  903,  404,  907,  558,  551,  757,  580,  715,  729,  736,    0,  578,  200,  635,  160,  713,  751,  690, 1002,  904,  984,  589,  767, 1156,  589,  490,  846,  453,  713,  723,  930, 1004,  745,  823,  333,  658,  211,  874,  562,  650,  844,  457,  133, 1039,  136,  469,  412,  340, 1043,  938, 1165,  417,  874, 1021,  494, 1110,  747,  304, 1087,  504,  268,  171, 1227,  633,  991,  677,  797,  249,  899,  465,  478, 1083,  900,  368, 1068,  862,  946, 1199,  894,  366,  563,  725,  230,  787,  822,  806,  910,  510,  919,  379,  535,  495,  966,  492,  862,  405,  845, 1158, 1082,  417,  693,  604,  258,  986,  449,  466, 1014,  450],
        [  279,    0,  274,  262,  676,  434,  652,  233,  252,  555,   12,  241,  311,  237,  578,    0,  586,  154,  422,  327,  337,  140,  505,  349,  416,  329,  512,  579,  266,  354,  591,  164,  552,  322,  433,  623,  204,  322,  270,  440,  514,  522,  374,  581,  528,  300,  626,  496,  443,  217,  180,  265,  466,  616,  588,  457,  296,  462,  228,  534,  246,  354,  510,  215,  326,  534,  655,   60,  415,  217,  466,  345,  366,  345,  277,  599,  339,  369,  503,  312,  457,  630,  445,  233,  410,  364,  353,  679,  464,  329,  367,   71,  686,  229,  109,   93,  515,  529,  390,  378,  269,  583,  505,  247,  355,  109,  470,  663,  295,  409,  455,  225],
        [  803,    0,  640,  718,  745,  262,  756,  642,  473,  605,  592,  655,  809,  682,  200,  586,    0,  592,  214,  622,  664,  667,  924,  866,  955,  697,  629, 1139,  680,  615,  700,  508,  556,  808,  856,  882,  710,  761,  317,  524,   73,  752,  441,  479,  714,  367,   94,  986,  225,  413,  460,  321, 1032,  803, 1149,  265,  869, 1047,  428, 1090,  799,  424, 1086,  585,  268,   59, 1198,  630,  994,  619,  677,  339,  846,  588,  579,  995,  867,  264, 1032,  894,  868, 1164,  803,  354,  695,  822,  310,  612,  707,  734,  863,  527,  762,  447,  579,  494,  871,  319,  931,  289,  834, 1134, 1079,  363,  590,  574,  129,  848,  363,  332,  973,  533],
        [  212,    0,  120,  139,  527,  382,  501,  386,  149,  415,  165,   95,  450,  105,  635,  154,  592,    0,  475,  174,  184,   91,  381,  275,  364,  483,  366,  549,  420,  503,  441,  298,  420,  464,  307,  471,  119,  195,  302,  308,  519,  368,  266,  466,  375,  241,  652,  405,  504,  180,  295,  295,  446,  463,  559,  400,  295,  505,  168,  500,  365,  469,  506,  365,  367,  549,  607,  127,  423,   64,  313,  434,  265,  492,  425,  471,  275,  338,  442,  383,  328,  573,  301,  269,  562,  510,  433,  547,  310,  189,  277,  196,  536,  345,  261,  166,  374,  451,  504,  330,  256,  543,  498,  230,  207,   48,  465,  509,  241,  336,  384,  366],
        [  676,    0,  556,  612,  782,  294,  781,  435,  399,  634,  425,  557,  605,  577,  160,  422,  214,  475,    0,  561,  598,  531,  845,  744,  825,  485,  636,  998,  471,  402,  718,  311,  596,  602,  772,  860,  585,  665,  174,  526,  168,  731,  427,  550,  706,  312,  216,  880,   37,  312,  266,  181,  886,  802, 1007,  314,  717,  873,  339,  952,  608,  212,  931,  378,  108,  156, 1068,  475,  836,  519,  655,  126,  740,  375,  368,  928,  740,  239,  908,  715,  789, 1039,  740,  206,  483,  612,   98,  687,  677,  648,  750,  355,  798,  243,  390,  336,  813,  402,  732,  279,  687,  999,  926,  262,  546,  444,  176,  851,  303,  345,  854,  325],
        [  274,    0,   68,  162,  357,  370,  329,  558,  162,  260,  338,  113,  621,  144,  713,  327,  622,  174,  561,    0,   43,  237,  304,  306,  401,  655,  201,  590,  592,  668,  270,  457,  278,  635,  239,  314,  214,  169,  393,  179,  554,  199,  197,  350,  202,  259,  698,  384,  595,  252,  443,  386,  508,  291,  599,  378,  396,  617,  223,  540,  529,  607,  578,  533,  456,  592,  621,  298,  513,  117,  140,  554,  259,  654,  590,  375,  320,  360,  456,  522,  248,  580,  183,  372,  731,  682,  545,  401,  140,  130,  284,  359,  365,  491,  431,  317,  254,  392,  662,  334,  357,  572,  566,  299,   53,  218,  495,  339,  266,  304,  393,  527],
        [  247,    0,   65,  138,  363,  412,  331,  569,  200,  281,  348,  104,  621,  128,  751,  337,  664,  184,  598,   43,    0,  232,  262,  272,  366,  666,  218,  553,  602,  685,  278,  476,  306,  636,  197,  290,  198,  132,  428,  214,  595,  186,  240,  384,  200,  300,  739,  343,  631,  287,  467,  421,  475,  281,  562,  420,  373,  593,  259,  503,  525,  635,  546,  548,  492,  633,  582,  302,  485,  121,  142,  586,  221,  673,  607,  334,  288,  402,  418,  506,  206,  540,  143,  405,  746,  684,  578,  424,  130,   92,  247,  377,  370,  516,  444,  339,  216,  434,  653,  375,  334,  534,  534,  336,   89,  231,  536,  327,  306,  347,  355,  546],
        [  147,    0,  171,  127,  593,  469,  563,  357,  239,  492,  146,  129,  389,  111,  690,  140,  667,   91,  531,  237,  232,    0,  367,  217,  295,  450,  437,  474,  384,  488,  506,  303,  502,  405,  295,  502,   65,  186,  363,  391,  594,  415,  355,  553,  432,  327,  720,  360,  556,  258,  314,  356,  366,  511,  483,  488,  208,  415,  252,  425,  293,  490,  422,  349,  426,  621,  539,   85,  336,  123,  372,  472,  228,  482,  413,  461,  210,  420,  378,  295,  319,  509,  316,  327,  538,  454,  475,  628,  362,  200,  230,  204,  600,  364,  244,  198,  382,  540,  426,  415,  170,  471,  415,  305,  279,   93,  542,  554,  326,  425,  326,  363],
        [  255,    0,  290,  247,  468,  673,  425,  717,  456,  464,  512,  291,  707,  278, 1002,  505,  924,  381,  845,  304,  262,  367,    0,  207,  246,  805,  399,  381,  739,  853,  407,  666,  508,  726,   75,  244,  302,  187,  672,  449,  856,  270,  497,  605,  321,  559,  998,  136,  877,  534,  672,  665,  353,  326,  389,  680,  356,  531,  510,  340,  597,  848,  422,  715,  738,  892,  372,  451,  408,  328,  306,  815,  152,  848,  779,   95,  231,  662,  239,  518,   57,  325,  132,  644,  897,  778,  812,  597,  269,  197,  168,  565,  464,  723,  610,  546,  100,  685,  688,  636,  336,  349,  408,  586,  342,  424,  797,  342,  565,  606,  193,  729],
        [   71,    0,  252,  155,  600,  642,  560,  534,  403,  547,  352,  221,  505,  188,  904,  349,  866,  275,  744,  306,  272,  217,  207,    0,   96,  615,  481,  286,  551,  676,  522,  511,  577,  524,  163,  424,  160,  141,  573,  484,  793,  394,  491,  655,  433,  506,  926,  149,  771,  454,  528,  567,  204,  478,  296,  657,  150,  345,  439,  236,  394,  702,  275,  541,  638,  824,  333,  290,  225,  252,  391,  688,   67,  674,  605,  296,   25,  608,  167,  311,  187,  299,  242,  539,  711,  576,  691,  690,  362,  182,   42,  417,  601,  577,  441,  414,  274,  689,  481,  594,  130,  273,  263,  505,  358,  301,  738,  508,  509,  586,  110,  565],
        [  152,    0,  347,  250,  679,  736,  639,  575,  497,  637,  417,  316,  517,  283,  984,  416,  955,  364,  825,  401,  366,  295,  246,   96,    0,  647,  570,  191,  585,  719,  605,  573,  668,  537,  227,  484,  246,  234,  657,  579,  882,  472,  587,  749,  515,  599, 1013,  133,  850,  543,  596,  650,  115,  550,  201,  751,  151,  287,  529,  141,  407,  766,  188,  590,  721,  912,  245,  357,  163,  346,  478,  760,  149,  720,  653,  318,   89,  700,   88,  298,  246,  215,  317,  621,  744,  588,  766,  779,  447,  275,  120,  486,  679,  643,  498,  491,  332,  784,  467,  687,  157,  180,  175,  593,  453,  385,  828,  575,  601,  681,   63,  621],
        [  553,    0,  602,  576,  999,  661,  977,   97,  556,  870,  318,  567,  171,  558,  589,  329,  697,  483,  485,  655,  666,  450,  805,  615,  647,    0,  833,  752,   66,  109,  915,  232,  859,  157,  737,  948,  509,  634,  439,  750,  642,  850,  668,  868,  856,  563,  693,  761,  482,  488,  274,  440,  642,  945,  759,  687,  497,  531,  511,  721,  253,  286,  653,  137,  451,  639,  846,  368,  562,  545,  793,  360,  655,  130,  119,  899,  597,  585,  730,  389,  763,  837,  765,  417,   98,  141,  388,  982,  793,  649,  646,  304, 1010,  262,  225,  356,  831,  775,  306,  611,  494,  771,  655,  486,  680,  437,  624,  991,  554,  666,  703,  175],
        [  464,    0,  269,  356,  167,  370,  151,  737,  284,   68,  523,  314,  816,  343,  767,  512,  629,  366,  636,  201,  218,  437,  399,  481,  570,  833,    0,  749,  774,  831,   86,  618,  111,  829,  362,  261,  414,  342,  495,  111,  574,  143,  210,  212,   93,  330,  718,  517,  672,  371,  594,  488,  683,  174,  758,  364,  591,  810,  341,  701,  728,  736,  755,  704,  545,  617,  762,  492,  700,  315,   95,  666,  422,  814,  754,  431,  499,  401,  607,  722,  356,  716,  272,  486,  902,  874,  649,  210,  131,  301,  450,  530,  178,  635,  609,  480,  309,  329,  862,  363,  552,  725,  742,  401,  160,  405,  517,  220,  340,  303,  547,  689],
        [  339,    0,  538,  441,  843,  925,  801,  697,  687,  816,  578,  506,  597,  473, 1156,  579, 1139,  549,  998,  590,  553,  474,  381,  286,  191,  752,  749,    0,  697,  839,  775,  725,  851,  617,  391,  623,  431,  422,  834,  766, 1066,  639,  777,  936,  686,  788, 1193,  245, 1021,  728,  755,  828,  115,  705,   10,  941,  284,  262,  716,   51,  500,  917,  109,  724,  896, 1094,  100,  524,  190,  536,  655,  922,  332,  845,  783,  420,  278,  887,  144,  366,  403,  113,  484,  798,  849,  663,  932,  957,  622,  462,  306,  649,  841,  798,  644,  662,  479,  975,  507,  876,  312,   40,  102,  777,  641,  566, 1013,  722,  789,  871,  203,  762],
        [  488,    0,  538,  511,  939,  620,  916,   42,  500,  813,  255,  503,  143,  493,  589,  266,  680,  420,  471,  592,  602,  384,  739,  551,  585,   66,  774,  697,    0,  145,  854,  189,  804,  135,  672,  883,  443,  568,  403,  693,  620,  787,  615,  817,  793,  515,  684,  697,  472,  436,  236,  403,  586,  882,  704,  646,  436,  487,  458,  664,  201,  288,  600,   97,  423,  622,  790,  303,  508,  481,  731,  348,  589,  156,  113,  833,  533,  545,  669,  338,  697,  779,  700,  377,  161,  143,  375,  928,  729,  583,  581,  247,  949,  234,  166,  301,  765,  732,  280,  569,  431,  715,  601,  440,  619,  374,  597,  928,  506,  620,  640,  148],
        [  610,    0,  622,  614,  997,  613,  979,  145,  548,  860,  346,  594,  277,  591,  490,  354,  615,  503,  402,  668,  685,  488,  853,  676,  719,  109,  831,  839,  145,    0,  915,  214,  843,  264,  782,  973,  552,  674,  390,  739,  565,  866,  649,  838,  865,  534,  601,  824,  393,  468,  241,  392,  727,  958,  847,  639,  572,  631,  495,  805,  345,  192,  744,  140,  387,  557,  931,  404,  651,  566,  803,  277,  708,   27,   79,  948,  660,  537,  805,  482,  807,  918,  798,  376,   84,  249,  307,  961,  807,  682,  702,  309, 1009,  210,  246,  353,  868,  730,  413,  568,  563,  856,  745,  455,  685,  455,  555, 1006,  524,  628,  771,  143],
        [  515,    0,  336,  413,   87,  445,   66,  818,  369,   97,  602,  380,  890,  405,  846,  591,  700,  441,  718,  270,  278,  506,  407,  522,  605,  915,   86,  775,  854,  915,    0,  701,  150,  904,  385,  220,  476,  389,  580,  193,  649,  138,  293,  250,   90,  415,  790,  535,  754,  456,  678,  573,  720,  117,  784,  437,  644,  861,  426,  729,  799,  822,  792,  787,  629,  692,  777,  567,  746,  386,  137,  751,  458,  898,  838,  420,  542,  482,  632,  783,  374,  731,  292,  572,  985,  950,  734,  195,  161,  349,  487,  612,   96,  720,  690,  563,  309,  390,  930,  442,  607,  748,  779,  486,  236,  483,  593,  153,  425,  380,  574,  772],
        [  441,    0,  415,  421,  784,  432,  766,  147,  335,  649,  159,  391,  304,  394,  453,  164,  508,  298,  311,  457,  476,  303,  666,  511,  573,  232,  618,  725,  189,  214,  701,    0,  633,  304,  593,  766,  367,  481,  215,  527,  443,  655,  441,  637,  652,  332,  526,  659,  322,  259,   50,  215,  610,  746,  734,  458,  442,  569,  284,  683,  297,  194,  645,   96,  243,  451,  806,  222,  548,  360,  590,  206,  530,  198,  137,  759,  499,  357,  660,  410,  616,  785,  598,  188,  286,  327,  223,  754,  596,  484,  530,  103,  795,   76,   83,  140,  669,  545,  424,  381,  420,  733,  642,  255,  472,  251,  414,  794,  323,  434,  616,   72],
        [  551,    0,  344,  440,  191,  310,  201,  764,  304,   54,  564,  389,  863,  421,  713,  552,  556,  420,  596,  278,  306,  502,  508,  577,  668,  859,  111,  851,  804,  843,  150,  633,    0,  874,  469,  362,  489,  437,  477,  113,  509,  252,  194,  103,  200,  314,  648,  623,  632,  376,  602,  472,  780,  264,  861,  298,  674,  895,  349,  803,  784,  725,  851,  725,  518,  553,  868,  543,  790,  381,  203,  647,  521,  823,  769,  541,  593,  359,  711,  794,  464,  823,  380,  477,  918,  916,  626,  128,  240,  395,  548,  557,  207,  638,  638,  503,  420,  242,  923,  319,  635,  828,  839,  393,  228,  452,  457,  303,  325,  252,  650,  702],
        [  472,    0,  573,  523,  990,  726,  963,  168,  573,  876,  311,  532,   20,  514,  723,  322,  808,  464,  602,  635,  636,  405,  726,  524,  537,  157,  829,  617,  135,  264,  904,  304,  874,    0,  666,  901,  452,  574,  517,  761,  746,  820,  694,  901,  834,  607,  816,  661,  605,  525,  353,  516,  513,  915,  622,  751,  388,  382,  542,  591,  131,  422,  513,  224,  546,  750,  714,  338,  428,  519,  773,  481,  575,  282,  248,  818,  503,  653,  615,  252,  692,  709,  711,  488,  243,   53,  507, 1001,  765,  598,  560,  332,  999,  362,  252,  386,  769,  833,  150,  672,  395,  640,  517,  539,  670,  425,  718,  958,  600,  716,  597,  278],
        [  196,    0,  219,  173,  456,  608,  414,  648,  386,  430,  440,  217,  648,  203,  930,  433,  856,  307,  772,  239,  197,  295,   75,  163,  227,  737,  362,  391,  672,  782,  385,  593,  469,  666,    0,  262,  231,  113,  599,  397,  787,  249,  436,  560,  296,  490,  928,  155,  803,  461,  598,  591,  341,  324,  400,  617,  310,  504,  438,  345,  539,  774,  413,  644,  664,  823,  400,  379,  382,  254,  268,  741,   98,  776,  707,  167,  187,  593,  248,  470,   27,  355,   94,  570,  829,  718,  738,  568,  233,  125,  122,  492,  455,  648,  538,  471,  112,  628,  638,  570,  285,  364,  400,  513,  283,  349,  728,  349,  495,  543,  190,  657],
        [  446,    0,  352,  379,  250,  620,  208,  854,  468,  309,  632,  382,  884,  391, 1004,  623,  882,  471,  860,  314,  290,  502,  244,  424,  484,  948,  261,  623,  883,  973,  220,  766,  362,  901,  262,    0,  449,  329,  700,  358,  822,  131,  445,  464,  169,  548,  967,  379,  895,  561,  756,  693,  595,  107,  631,  618,  569,  765,  531,  584,  780,  920,  665,  836,  759,  864,  604,  581,  642,  408,  208,  866,  358,  962,  895,  221,  448,  637,  483,  727,  239,  557,  192,  682, 1032,  952,  854,  410,  184,  304,  383,  666,  242,  804,  730,  628,  153,  589,  891,  602,  540,  590,  651,  604,  316,  518,  764,  102,  558,  551,  436,  836],
        [   94,    0,  146,   71,  561,  497,  528,  418,  259,  473,  210,  101,  436,   71,  745,  204,  710,  119,  585,  214,  198,   65,  302,  160,  246,  509,  414,  431,  443,  552,  476,  367,  489,  452,  231,  449,    0,  125,  414,  383,  637,  373,  364,  552,  396,  357,  768,  299,  613,  298,  378,  408,  330,  468,  441,  514,  190,  408,  286,  382,  333,  554,  393,  413,  479,  667,  489,  149,  314,  116,  339,  532,  164,  546,  477,  397,  158,  456,  325,  309,  256,  457,  260,  380,  599,  503,  535,  613,  323,  146,  168,  268,  567,  428,  308,  258,  323,  557,  456,  446,  150,  425,  383,  348,  262,  142,  583,  509,  358,  447,  269,  428],
        [  127,    0,  124,   61,  470,  522,  433,  542,  289,  408,  329,  109,  557,   91,  823,  322,  761,  195,  665,  169,  132,  186,  187,  141,  234,  634,  342,  422,  568,  674,  389,  481,  437,  574,  113,  329,  125,    0,  491,  345,  690,  269,  361,  516,  302,  394,  829,  226,  695,  357,  485,  484,  344,  360,  431,  534,  256,  472,  336,  372,  451,  661,  415,  534,  557,  724,  455,  270,  359,  146,  254,  629,   92,  666,  598,  279,  157,  498,  289,  405,  136,  415,  137,  461,  723,  625,  627,  551,  229,   43,  116,  380,  473,  536,  428,  359,  198,  558,  565,  479,  222,  404,  403,  409,  220,  237,  632,  397,  399,  462,  226,  546],
        [  506,    0,  384,  439,  652,  224,  645,  361,  233,  506,  276,  383,  515,  403,  333,  270,  317,  302,  174,  393,  428,  363,  672,  573,  657,  439,  495,  834,  403,  390,  580,  215,  477,  517,  599,  700,  414,  491,    0,  388,  246,  574,  289,  456,  554,  166,  360,  707,  205,  142,  168,    8,  724,  652,  844,  250,  558,  731,  170,  787,  490,  249,  774,  307,   66,  265,  901,  316,  681,  345,  499,  172,  567,  366,  328,  756,  571,  148,  739,  579,  616,  870,  569,   38,  472,  541,  156,  586,  517,  475,  578,  212,  666,  181,  273,  178,  643,  341,  627,  180,  525,  833,  768,   96,  384,  273,  206,  701,  155,  242,  683,  264],
        [  452,    0,  241,  340,  265,  263,  258,  655,  194,  122,  451,  283,  750,  317,  658,  440,  524,  308,  526,  179,  214,  391,  449,  484,  579,  750,  111,  766,  693,  739,  193,  527,  113,  761,  397,  358,  383,  345,  388,    0,  467,  230,  101,  172,  191,  223,  611,  550,  562,  273,  498,  382,  686,  282,  776,  260,  571,  791,  244,  716,  672,  633,  756,  617,  437,  509,  792,  431,  690,  272,  158,  560,  434,  720,  664,  499,  498,  291,  630,  685,  398,  749,  318,  383,  813,  803,  542,  241,  192,  305,  460,  447,  279,  538,  528,  394,  372,  240,  811,  253,  531,  746,  745,  297,  127,  339,  409,  329,  233,  195,  567,  597],
        [  731,    0,  570,  646,  700,  205,  707,  581,  402,  556,  520,  583,  746,  610,  211,  514,   73,  519,  168,  554,  595,  594,  856,  793,  882,  642,  574, 1066,  620,  565,  649,  443,  509,  746,  787,  822,  637,  690,  246,  467,    0,  692,  379,  441,  657,  298,  146,  914,  189,  340,  394,  250,  959,  748, 1076,  213,  796,  976,  356, 1017,  732,  379, 1013,  524,  201,   44, 1126,  558,  921,  547,  616,  289,  775,  539,  524,  928,  794,  194,  960,  824,  799, 1091,  736,  282,  647,  762,  259,  577,  645,  664,  791,  457,  716,  386,  512,  422,  805,  282,  865,  223,  761, 1061, 1006,  290,  525,  501,   60,  794,  292,  273,  901,  473],
        [  396,    0,  250,  304,  207,  490,  167,  754,  343,  202,  532,  288,  804,  307,  874,  522,  752,  368,  731,  199,  186,  415,  270,  394,  472,  850,  143,  639,  787,  866,  138,  655,  252,  820,  249,  131,  373,  269,  574,  230,  692,    0,  315,  354,   53,  419,  837,  398,  766,  436,  640,  567,  587,   96,  648,  489,  525,  737,  406,  594,  705,  800,  660,  731,  632,  734,  640,  487,  619,  306,   77,  741,  328,  852,  788,  291,  415,  507,  495,  673,  237,  594,  157,  557,  929,  868,  729,  329,   60,  233,  357,  557,  208,  687,  628,  515,  174,  465,  828,  472,  490,  611,  647,  478,  191,  414,  633,  141,  429,  421,  439,  726],
        [  446,    0,  240,  338,  364,  180,  358,  575,  124,  218,  386,  274,  685,  308,  562,  374,  441,  266,  427,  197,  240,  355,  497,  491,  587,  668,  210,  777,  615,  649,  293,  441,  194,  694,  436,  445,  364,  361,  289,  101,  379,  315,    0,  207,  283,  123,  524,  581,  463,  183,  408,  283,  687,  377,  787,  184,  553,  769,  158,  727,  616,  535,  753,  534,  336,  420,  815,  377,  678,  250,  238,  461,  452,  629,  576,  560,  501,  194,  649,  648,  443,  775,  370,  285,  725,  733,  442,  314,  267,  325,  475,  369,  378,  444,  452,  315,  434,  198,  759,  158,  513,  762,  743,  200,  155,  285,  320,  426,  134,  111,  586,  509],
        [  623,    0,  412,  511,  273,  256,  293,  776,  331,  156,  592,  453,  891,  487,  650,  581,  479,  466,  550,  350,  384,  553,  605,  655,  749,  868,  212,  936,  817,  838,  250,  637,  103,  901,  560,  464,  552,  516,  456,  172,  441,  354,  207,    0,  303,  306,  572,  715,  584,  381,  600,  452,  858,  365,  945,  237,  740,  960,  360,  886,  822,  702,  928,  732,  485,  483,  959,  582,  861,  438,  299,  618,  604,  817,  769,  642,  670,  320,  798,  848,  558,  915,  475,  464,  918,  938,  593,  138,  337,  475,  631,  573,  290,  630,  655,  518,  519,  161,  964,  281,  700,  915,  916,  385,  298,  490,  393,  401,  315,  215,  736,  702],
        [  428,    0,  262,  330,  169,  453,  133,  759,  329,  150,  539,  304,  819,  326,  844,  528,  714,  375,  706,  202,  200,  432,  321,  433,  515,  856,   93,  686,  793,  865,   90,  652,  200,  834,  296,  169,  396,  302,  554,  191,  657,   53,  283,  303,    0,  395,  802,  446,  742,  421,  634,  547,  630,   98,  695,  450,  557,  773,  390,  640,  724,  788,  702,  732,  610,  699,  690,  498,  657,  316,   63,  724,  369,  850,  787,  343,  453,  476,  543,  701,  285,  644,  203,  541,  931,  882,  710,  277,   74,  263,  398,  557,  173,  679,  631,  512,  226,  420,  851,  440,  522,  659,  689,  458,  181,  419,  599,  147,  405,  385,  484,  723],
        [  449,    0,  273,  355,  487,  142,  479,  473,  106,  341,  310,  290,  600,  319,  457,  300,  367,  241,  312,  259,  300,  327,  559,  506,  599,  563,  330,  788,  515,  534,  415,  332,  314,  607,  490,  548,  357,  394,  166,  223,  298,  419,  123,  306,  395,    0,  440,  620,  348,   84,  295,  160,  687,  492,  797,  162,  534,  737,   77,  738,  546,  413,  747,  427,  216,  334,  839,  321,  662,  256,  343,  338,  482,  513,  464,  633,  511,  104,  672,  601,  502,  802,  442,  164,  613,  641,  320,  428,  366,  368,  500,  276,  501,  327,  357,  222,  513,  229,  689,   89,  496,  778,  738,   80,  236,  239,  239,  541,   11,  110,  611,  397],
        [  861,    0,  710,  783,  837,  349,  847,  649,  543,  696,  630,  721,  820,  747,  133,  626,   94,  652,  216,  698,  739,  720,  998,  926, 1013,  693,  718, 1193,  684,  601,  790,  526,  648,  816,  928,  967,  768,  829,  360,  611,  146,  837,  524,  572,  802,  440,    0, 1052,  213,  475,  480,  365, 1083,  891, 1202,  354,  917, 1083,  494, 1145,  823,  410, 1133,  593,  301,  106, 1257,  675, 1039,  685,  761,  336,  912,  575,  577, 1072,  926,  338, 1093,  927,  942, 1224,  880,  396,  678,  824,  310,  705,  791,  805,  926,  562,  854,  458,  604,  536,  950,  412,  948,  369,  884, 1190, 1127,  423,  670,  629,  205,  937,  434,  417, 1035,  539],
        [  218,    0,  349,  270,  600,  747,  557,  682,  514,  584,  500,  332,  641,  306, 1039,  496,  986,  405,  880,  384,  343,  360,  136,  149,  133,  761,  517,  245,  697,  824,  535,  659,  623,  661,  155,  379,  299,  226,  707,  550,  914,  398,  581,  715,  446,  620, 1052,    0,  908,  578,  674,  700,  226,  461,  254,  758,  274,  413,  559,  205,  530,  849,  291,  690,  772,  948,  246,  437,  292,  368,  423,  831,  141,  822,  754,  190,  165,  723,  104,  429,  162,  201,  246,  674,  857,  712,  833,  722,  387,  257,  131,  563,  597,  723,  590,  556,  234,  776,  599,  704,  268,  214,  278,  630,  431,  439,  857,  477,  624,  685,   71,  714],
        [  703,    0,  588,  642,  818,  329,  818,  438,  433,  671,  445,  587,  609,  606,  136,  443,  225,  504,   37,  595,  631,  556,  877,  771,  850,  482,  672, 1021,  472,  393,  754,  322,  632,  605,  803,  895,  613,  695,  205,  562,  189,  766,  463,  584,  742,  348,  213,  908,    0,  345,  279,  212,  908,  838, 1030,  348,  739,  888,  372,  975,  618,  201,  952,  382,  140,  170, 1093,  498,  856,  550,  690,  124,  769,  366,  365,  960,  766,  275,  934,  730,  821, 1065,  773,  235,  472,  612,  100,  722,  712,  680,  778,  375,  834,  250,  403,  360,  847,  436,  739,  315,  710, 1023,  947,  296,  580,  471,  206,  887,  338,  381,  881,  328],
        [  391,    0,  244,  309,  535,  219,  522,  396,   94,  394,  227,  249,  517,  273,  469,  217,  413,  180,  312,  252,  287,  258,  534,  454,  543,  488,  371,  728,  436,  468,  456,  259,  376,  525,  461,  561,  298,  357,  142,  273,  340,  436,  183,  381,  421,   84,  475,  578,  345,    0,  227,  135,  623,  518,  738,  242,  465,  661,   31,  679,  463,  368,  680,  352,  206,  371,  786,  241,  592,  211,  363,  306,  438,  448,  394,  616,  455,  163,  620,  521,  478,  752,  428,  122,  543,  560,  294,  496,  379,  337,  452,  194,  548,  266,  276,  140,  502,  312,  606,  163,  428,  722,  672,   53,  246,  167,  286,  568,   78,  193,  562,  327],
        [  458,    0,  408,  426,  759,  387,  743,  194,  310,  620,  179,  389,  353,  396,  412,  180,  460,  295,  266,  443,  467,  314,  672,  528,  596,  274,  594,  755,  236,  241,  678,   50,  602,  353,  598,  756,  378,  485,  168,  498,  394,  640,  408,  600,  634,  295,  480,  674,  279,  227,    0,  168,  640,  729,  763,  413,  471,  609,  255,  711,  343,  177,  679,  141,  194,  403,  833,  239,  582,  356,  573,  169,  541,  222,  170,  763,  518,  311,  682,  451,  620,  809,  594,  143,  319,  375,  182,  721,  581,  484,  544,  111,  771,   51,  124,  130,  668,  501,  472,  338,  446,  760,  675,  216,  454,  250,  365,  778,  285,  393,  635,  103],
        [  500,    0,  376,  432,  646,  222,  638,  361,  226,  500,  271,  376,  514,  396,  340,  265,  321,  295,  181,  386,  421,  356,  665,  567,  650,  440,  488,  828,  403,  392,  573,  215,  472,  516,  591,  693,  408,  484,    8,  382,  250,  567,  283,  452,  547,  160,  365,  700,  212,  135,  168,    0,  719,  645,  838,  248,  552,  727,  163,  781,  487,  254,  769,  308,   73,  270,  894,  311,  676,  338,  492,  179,  560,  369,  329,  749,  564,  146,  732,  575,  609,  863,  562,   33,  474,  541,  163,  581,  510,  468,  571,  209,  660,  184,  271,  173,  636,  338,  625,  176,  519,  827,  763,   90,  377,  266,  209,  694,  149,  239,  676,  266],
        [  242,    0,  450,  351,  794,  827,  754,  584,  589,  750,  464,  414,  493,  380, 1043,  466, 1032,  446,  886,  508,  475,  366,  353,  204,  115,  642,  683,  115,  586,  727,  720,  610,  780,  513,  341,  595,  330,  344,  724,  686,  959,  587,  687,  858,  630,  687, 1083,  226,  908,  623,  640,  719,    0,  664,  124,  843,  170,  194,  614,   79,  391,  802,   73,  609,  785,  985,  204,  411,   87,  440,  592,  808,  262,  733,  670,  415,  189,  784,  132,  261,  359,  197,  432,  688,  740,  561,  818,  892,  561,  386,  234,  535,  794,  684,  529,  550,  444,  883,  415,  775,  200,  130,   60,  671,  560,  459,  907,  688,  687,  776,  160,  647],
        [  486,    0,  345,  399,  146,  544,  103,  848,  426,  210,  627,  384,  899,  402,  938,  616,  803,  463,  802,  291,  281,  511,  326,  478,  550,  945,  174,  705,  882,  958,  117,  746,  264,  915,  324,  107,  468,  360,  652,  282,  748,   96,  377,  365,   98,  492,  891,  461,  838,  518,  729,  645,  664,    0,  714,  538,  614,  822,  488,  663,  800,  885,  736,  824,  707,  790,  696,  583,  702,  401,  157,  822,  411,  944,  880,  321,  500,  571,  563,  765,  306,  649,  236,  638, 1022,  964,  807,  304,  153,  326,  439,  650,  140,  775,  721,  606,  227,  500,  922,  533,  581,  674,  723,  556,  276,  508,  690,   50,  502,  476,  510,  817],
        [  349,    0,  548,  450,  852,  935,  810,  704,  696,  826,  587,  516,  603,  483, 1165,  588, 1149,  559, 1007,  599,  562,  483,  389,  296,  201,  759,  758,   10,  704,  847,  784,  734,  861,  622,  400,  631,  441,  431,  844,  776, 1076,  648,  787,  945,  695,  797, 1202,  254, 1030,  738,  763,  838,  124,  714,    0,  951,  293,  265,  726,   61,  507,  925,  113,  731,  906, 1103,   96,  533,  197,  545,  665,  931,  342,  853,  791,  426,  288,  897,  153,  372,  412,  113,  493,  808,  855,  668,  941,  966,  631,  471,  316,  658,  850,  807,  653,  671,  487,  985,  511,  886,  321,   44,  107,  787,  651,  575, 1023,  730,  799,  881,  212,  770],
