{
    "name": "random-62-16954",
    "comment": "size=62 seed=16954",
    "nodes": ["+0", "-0", "+1", "-1", "+2", "-2", "+3", "-3", "+4", "-4", "+5", "-5", "+6", "-6", "+7", "-7", "+8", "-8", "+9", "-9", "+10", "-10", "+11", "-11", "+12", "-12", "+13", "-13", "+14", "-14", "+15", "-15", "+16", "-16", "+17", "-17", "+18", "-18", "+19", "-19", "+20", "-20", "+21", "-21", "+22", "-22", "+23", "-23", "+24", "-24", "+25", "-25", "+26", "-26", "+27", "-27", "+28", "-28", "+29", "-29", "+30", "-30", "+31", "-31", "+32", "-32", "+33", "-33", "+34", "-34", "+35", "-35", "+36", "-36", "+37", "-37", "+38", "-38", "+39", "-39", "+40", "-40", "+41", "-41", "+42", "-42", "+43", "-43", "+44", "-44", "+45", "-45", "+46", "-46", "+47", "-47", "+48", "-48", "+49", "-49", "+50", "-50", "+51", "-51", "+52", "-52", "+53", "-53", "+54", "-54", "+55", "-55", "+56", "-56", "+57", "-57", "+58", "-58", "+59", "-59", "+60", "-60", "+61", "-61", "+62", "-62"],
    "precedence": {
        "+0": "-0",
        "+1": "-1",
        "+2": "-2",
        "+3": "-3",
        "+4": "-4",
        "+5": "-5",
        "+6": "-6",
        "+7": "-7",
        "+8": "-8",
        "+9": "-9",
        "+10": "-10",
        "+11": "-11",
        "+12": "-12",
        "+13": "-13",
        "+14": "-14",
        "+15": "-15",
        "+16": "-16",
        "+17": "-17",
        "+18": "-18",
        "+19": "-19",
        "+20": "-20",
        "+21": "-21",
        "+22": "-22",
        "+23": "-23",
        "+24": "-24",
        "+25": "-25",
        "+26": "-26",
        "+27": "-27",
        "+28": "-28",
        "+29": "-29",
        "+30": "-30",
        "+31": "-31",
        "+32": "-32",
        "+33": "-33",
        "+34": "-34",
        "+35": "-35",
        "+36": "-36",
        "+37": "-37",
        "+38": "-38",
        "+39": "-39",
        "+40": "-40",
        "+41": "-41",
        "+42": "-42",
        "+43": "-43",
        "+44": "-44",
        "+45": "-45",
        "+46": "-46",
        "+47": "-47",
        "+48": "-48",
        "+49": "-49",
        "+50": "-50",
        "+51": "-51",
        "+52": "-52",
        "+53": "-53",
        "+54": "-54",
        "+55": "-55",
        "+56": "-56",
        "+57": "-57",
        "+58": "-58",
        "+59": "-59",
        "+60": "-60",
        "+61": "-61",
        "+62": "-62"
    },
    "edges": [
        [    0,    0,  373,  718,  737,  328,  485,  467,  617,   64,  602, 1078,  906,  197,   68,  559,  217,  244,  719,  552,  375,  763,  323,  521,  675,  711,  535,  844,  206,  151,  208,  372,  105,  596,  543,  346,  660,  758,  786,  202,  179, 1026,  519,  152,  420,  290,  646,   74,  829,  581,  789,  730,  385,  357,  877,  406,  277,  844,  516,  231,  532,  553,  507,  466,  882,  804,  473,  299,  677,  634,  610,  743,  736,  763,  734,  710,  285,  378,  235,  500,  608,  482,  108,  816,  504,  601,  345,  735, 1057,  901,  107,  364,  458,  785,  817,  699,  559,  345,  670,  437,  171,  701,  321,  383,  892,   50,  456,  522,  172,  476,  876,  911,  632,  525,  258,   94,  880,  481,  837,  534,  576,  422,  111,  707,  480,  224],
        [    0,    0,    0,    0,    0,    0,    0,    0,    0,    0,    0,    0,    0,    0,    0,    0,    0,    0,    0,    0,    0,    0,    0,    0,    0,    0,    0,    0,    0,    0,    0,    0,    0,    0,    0,    0,    0,    0,    0,    0,    0,    0,    0,    0,    0,    0,    0,    0,    0,    0,    0,    0,    0,    0,    0,    0,    0,    0,    0,    0,    0,    0,    0,    0,    0,    0,    0,    0,    0,    0,    0,    0,    0,    0,    0,    0,    0,    0,    0,    0,    0,    0,    0,    0,    0,    0,    0,    0,    0,    0,    0,    0,    0,    0,    0,    0,    0,    0,    0,    0,    0,    0,    0,    0,    0,    0,    0,    0,    0,    0,    0,    0,    0,    0,    0,    0,    0,    0,    0,    0,    0,    0,    0,    0,    0,    0],
        [  373,    0,    0,  571,  819,  143,  133,  103,  485,  346,  625,  928,  629,  362,  328,  377,  521,  346,  889,  464,  590,  765,  207,  372,  892,  338,  303,  514,  344,  308,  343,  104,  272,  733,  492,  218,  810,  747,  784,  206,  198,  820,  264,  496,   68,  430,  592,  334,  582,  637,  742,  813,  383,  454,  547,  293,  252,  606,  289,  390,  276,  204,  358,  649,  510,  478,  537,  366,  735,  268,  290,  386,  365,  511,  591,  578,  270,  281,  534,  539,  236,  196,  380,  447,  139,  673,  413,  368,  889,  700,  300,   23,  442,  448,  467,  672,  362,  291,  705,  655,  309,  367,  212,  190,  613,  332,  189,  613,  299,  717,  516,  655,  264,  331,  119,  445,  596,  266,  611,  306,  253,  178,  263,  598,  606,  299],
        [  718,    0,  571,    0,  458,  705,  648,  523,  101,  744,  292,  367,  325,  536,  651,  195,  673,  855,  635,  172,  570,  310,  425,  210,  712,  634,  274,  435,  834,  567,  517,  675,  682,  498,  204,  401,  556,  282,  315,  549,  647,  318,  316,  722,  619,  480,  166,  645,  223,  345,  232,  455,  342,  421,  452,  322,  448,  213,  286,  517,  308,  463,  225,  539,  722,  411,  356,  431,  379,  525,  382,  506,  677,  215,   20,   27,  436,  349,  672,  321,  617,  386,  631,  611,  621,  378,  405,  712,  340,  199,  730,  592,  283,  438,  497,  223,  210,  376,  332,  594,  786,  412,  769,  760,  323,  714,  385,  395,  777,  653,  577,  284,  538,  240,  574,  714,  326,  306,  186,  270,  397,  747,  660,   71,  447,  495],
        [  737,    0,  819,  458,    0,  908,  939,  825,  447,  792,  204,  600,  780,  553,  690,  540,  567,  960,  202,  404,  389,  169,  613,  506,  309, 1017,  619,  885,  927,  621,  553,  907,  766,  161,  354,  602,  151,  195,  180,  677,  778,  683,  655,  647,  884,  453,  302,  679,  679,  183,  267,    8,  438,  395,  905,  534,  582,  667,  617,  514,  655,  814,  513,  298, 1140,  855,  288,  480,   89,  901,  768,  923, 1061,  669,  451,  431,  563,  540,  554,  281,  966,  703,  630, 1031,  926,  148,  426, 1088,  621,  609,  808,  833,  379,  875,  934,  236,  562,  530,  133,  354,  881,  829,  952,  976,  779,  763,  684,  220,  876,  372, 1016,  732,  911,  568,  753,  677,  783,  612,  636,  613,  765,  986,  747,  388,  258,  571],
        [  328,    0,  143,  705,  908,    0,  182,  234,  614,  280,  724, 1065,  770,  393,  308,  511,  519,  219,  952,  583,  627,  873,  305,  500,  938,  425,  442,  646,  228,  325,  381,   59,  225,  803,  604,  324,  878,  858,  893,  238,  162,  961,  405,  473,  135,  481,  708,  317,  724,  727,  861,  901,  474,  521,  679,  406,  326,  748,  426,  429,  417,  338,  485,  701,  592,  612,  620,  433,  828,  383,  429,  506,  440,  653,  724,  710,  345,  387,  535,  630,  319,  338,  375,  550,  212,  760,  485,  430, 1028,  841,  229,  121,  542,  579,  591,  785,  498,  385,  804,  694,  206,  501,   70,   69,  754,  279,  328,  692,  198,  750,  630,  797,  376,  466,  155,  416,  737,  400,  753,  445,  393,   97,  227,  726,  674,  347],
        [  485,    0,  133,  648,  939,  182,    0,  126,  572,  448,  740,  987,  641,  493,  449,  459,  649,  398, 1018,  565,  722,  871,  333,  466, 1023,  244,  375,  493,  409,  437,  475,  124,  381,  860,  600,  340,  938,  851,  889,  336,  307,  860,  332,  618,   69,  562,  694,  455,  615,  757,  840,  932,  506,  583,  523,  406,  383,  641,  365,  522,  340,  205,  453,  780,  411,  462,  661,  496,  853,  218,  304,  339,  260,  546,  667,  659,  400,  399,  663,  660,  139,  263,  506,  371,   37,  794,  542,  253,  943,  748,  397,  130,  560,  424,  426,  776,  440,  415,  820,  787,  386,  355,  238,  179,  624,  440,  271,  738,  377,  849,  456,  679,  207,  415,  245,  565,  606,  352,  653,  379,  273,  138,  376,  685,  734,  431],
        [  467,    0,  103,  523,  825,  234,  126,    0,  447,  445,  624,  866,  540,  426,  417,  334,  595,  446,  917,  443,  641,  750,  238,  342,  932,  251,  250,  414,  446,  383,  405,  183,  370,  758,  481,  238,  835,  730,  767,  284,  297,  745,  207,  580,  108,  479,  571,  421,  502,  645,  716,  819,  401,  488,  447,  292,  297,  527,  240,  449,  215,  104,  330,  689,  420,  379,  554,  407,  738,  168,  197,  283,  284,  431,  543,  534,  312,  290,  608,  550,  159,  138,  461,  349,  103,  683,  446,  295,  823,  630,  400,  121,  447,  347,  365,  654,  315,  313,  703,  704,  411,  268,  303,  265,  523,  429,  147,  632,  402,  769,  415,  571,  165,  290,  209,  533,  505,  228,  536,  254,  162,  238,  358,  560,  635,  357],
        [  617,    0,  485,  101,  447,  614,  572,  447,    0,  644,  254,  467,  375,  437,  550,  115,  580,  756,  603,   81,  491,  325,  327,  114,  667,  590,  201,  443,  735,  467,  418,  588,  582,  454,  127,  303,  520,  300,  337,  449,  549,  414,  244,  625,  537,  387,  147,  544,  273,  301,  272,  442,  245,  331,  465,  222,  348,  274,  208,  420,  239,  401,  130,  471,  698,  411,  284,  334,  360,  476,  335,  480,  633,  239,  118,   98,  336,  249,  580,  252,  558,  310,  532,  588,  549,  339,  311,  666,  441,  292,  630,  505,  193,  429,  488,  227,  135,  275,  315,  521,  686,  385,  677,  672,  368,  613,  303,  337,  678,  584,  570,  348,  488,  158,  478,  615,  366,  222,  253,  196,  341,  662,  560,  114,  381,  395],
        [   64,    0,  346,  744,  792,  280,  448,  445,  644,    0,  649, 1108,  912,  244,  104,  576,  281,  181,  780,  583,  436,  810,  333,  541,  738,  681,  542,  836,  143,  186,  250,  329,   77,  655,  579,  357,  720,  803,  833,  205,  149, 1046,  522,  214,  384,  341,  684,  114,  840,  631,  830,  785,  421,  406,  870,  426,  297,  857,  523,  280,  535,  536,  526,  527,  852,  797,  522,  340,  729,  612,  602,  725,  703,  772,  761,  739,  308,  398,  298,  546,  576,  477,  164,  792,  470,  653,  389,  699, 1084,  921,   52,  333,  496,  774,  803,  742,  573,  369,  719,  499,  108,  691,  265,  330,  897,   32,  453,  575,  109,  540,  858,  921,  608,  539,  239,  156,  884,  489,  852,  542,  567,  372,   94,  739,  535,  255],
        [  602,    0,  625,  292,  204,  724,  740,  624,  254,  649,    0,  546,  615,  406,  545,  338,  477,  803,  350,  201,  327,  162,  422,  302,  421,  814,  415,  696,  773,  466,  399,  717,  610,  207,  151,  407,  268,  158,  185,  503,  608,  575,  451,  547,  688,  314,  127,  535,  512,   55,  203,  199,  251,  245,  719,  335,  401,  504,  413,  371,  452,  610,  309,  268,  939,  664,  131,  313,  116,  697,  566,  722,  857,  489,  292,  267,  382,  344,  470,  103,  762,  500,  497,  830,  726,   87,  261,  884,  547,  475,  655,  640,  183,  681,  739,  116,  360,  340,   81,  329,  725,  630,  773,  791,  611,  618,  481,  120,  719,  379,  821,  575,  707,  364,  570,  561,  612,  408,  477,  409,  562,  796,  588,  229,  180,  405],
        [ 1078,    0,  928,  367,  600, 1065,  987,  866,  467, 1108,  546,    0,  437,  889, 1012,  556, 1006, 1221,  801,  527,  870,  439,  792,  576,  907,  915,  625,  628, 1201,  928,  873, 1031, 1048,  719,  540,  768,  745,  420,  422,  915, 1014,  184,  665, 1065,  969,  819,  448, 1005,  398,  595,  351,  601,  695,  753,  625,  688,  813,  369,  640,  865,  654,  787,  592,  811,  950,  626,  660,  783,  565,  825,  693,  763,  954,  455,  349,  370,  801,  715, 1001,  623,  928,  735,  986,  848,  957,  610,  748,  994,   60,  248, 1096,  949,  626,  668,  716,  431,  568,  740,  529,  873, 1152,  683, 1131, 1117,  449, 1078,  739,  665, 1144,  919,  777,  372,  839,  601,  940, 1065,  466,  665,  347,  622,  718, 1099, 1025,  372,  725,  856],
        [  906,    0,  629,  325,  780,  770,  641,  540,  375,  912,  615,  437,    0,  761,  840,  365,  926,  969,  960,  453,  860,  623,  584,  413, 1035,  506,  372,  196,  960,  767,  738,  722,  838,  821,  501,  561,  880,  595,  624,  709,  781,  262,  391,  955,  647,  738,  490,  838,  104,  666,  533,  777,  592,  693,  189,  513,  635,  114,  391,  755,  378,  440,  423,  846,  517,  203,  659,  670,  704,  440,  343,  349,  540,  148,  330,  352,  632,  540,  929,  627,  546,  444,  845,  419,  606,  702,  664,  582,  378,  211,  882,  651,  559,  247,  287,  545,  357,  579,  656,  895,  918,  291,  840,  804,   18,  886,  464,  710,  908,  958,  342,   66,  454,  387,  690,  931,   37,  426,  145,  373,  379,  773,  819,  394,  756,  701],
        [  197,    0,  362,  536,  553,  393,  493,  426,  437,  244,  406,  889,  761,    0,  140,  399,  177,  408,  565,  366,  235,  568,  206,  355,  546,  676,  399,  734,  375,   71,   25,  413,  215,  425,  351,  221,  496,  562,  591,  160,  239,  850,  397,  195,  426,  100,  451,  130,  674,  389,  592,  546,  195,  162,  766,  249,  141,  685,  382,   40,  408,  483,  342,  311,  841,  694,  278,  106,  486,  576,  511,  666,  710,  614,  551,  526,  136,  223,  186,  304,  584,  383,   97,  756,  499,  411,  148,  720,  871,  727,  256,  364,  265,  683,  726,  503,  404,  183,  476,  302,  328,  603,  420,  461,  749,  213,  354,  334,  324,  360,  797,  756,  579,  375,  254,  178,  739,  349,  673,  396,  482,  485,  197,  518,  300,   72],
        [   68,    0,  328,  651,  690,  308,  449,  417,  550,  104,  545, 1012,  840,  140,    0,  491,  212,  274,  687,  486,  345,  706,  257,  453,  653,  665,  469,  782,  238,   85,  147,  344,   91,  556,  479,  280,  624,  700,  729,  141,  148,  958,  454,  170,  381,  238,  582,   12,  762,  528,  727,  683,  320,  302,  816,  339,  209,  777,  450,  177,  467,  497,  439,  432,  836,  742,  418,  237,  625,  582,  549,  687,  693,  697,  667,  644,  217,  310,  229,  442,  564,  420,   72,  765,  464,  550,  285,  695,  990,  833,  122,  323,  395,  724,  759,  639,  491,  277,  615,  410,  195,  641,  316,  370,  826,   74,  393,  472,  192,  457,  821,  844,  580,  458,  211,  117,  814,  415,  769,  467,  516,  404,   81,  641,  434,  157],
        [  559,    0,  377,  195,  540,  511,  459,  334,  115,  576,  338,  556,  365,  399,  491,    0,  562,  670,  677,  137,  507,  433,  245,   50,  727,  482,   87,  379,  652,  412,  377,  481,  507,  521,  189,  220,  593,  409,  447,  373,  464,  472,  130,  593,  426,  375,  252,  487,  276,  376,  386,  534,  230,  335,  407,  154,  283,  288,   95,  391,  125,  288,   59,  509,  601,  343,  327,  306,  451,  367,  229,  385,  526,  217,  214,  202,  276,  182,  565,  303,  445,  196,  487,  493,  435,  416,  302,  556,  522,  347,  555,  398,  212,  351,  408,  335,   23,  218,  409,  550,  604,  293,  576,  566,  353,  547,  191,  394,  596,  616,  489,  357,  378,   46,  385,  573,  346,  112,  278,   82,  231,  553,  486,  227,  426,  343],
        [  217,    0,  521,  673,  567,  519,  649,  595,  580,  281,  477, 1006,  926,  177,  212,  562,    0,  460,  515,  502,  180,  631,  383,  514,  461,  846,  571,  909,  422,  214,  201,  552,  301,  413,  473,  398,  467,  633,  654,  315,  358,  990,  572,   82,  580,  194,  558,  203,  834,  442,  679,  560,  338,  255,  941,  419,  318,  842,  555,  173,  583,  658,  504,  275, 1013,  869,  350,  256,  523,  750,  688,  842,  878,  778,  685,  658,  312,  394,   18,  386,  751,  560,  145,  931,  659,  449,  270,  886,  996,  871,  320,  519,  391,  859,  903,  589,  570,  354,  529,  232,  388,  779,  527,  581,  914,  262,  531,  372,  388,  263,  973,  915,  752,  543,  405,  129,  906,  522,  827,  568,  659,  615,  293,  642,  317,  248],
        [  244,    0,  346,  855,  960,  219,  398,  446,  756,  181,  803, 1221,  969,  408,  274,  670,  460,    0,  959,  707,  615,  963,  430,  646,  918,  642,  616,  859,   39,  341,  409,  278,  195,  829,  714,  454,  897,  953,  986,  311,  208, 1138,  586,  389,  353,  508,  821,  285,  912,  793,  972,  953,  561,  567,  892,  535,  418,  933,  598,  447,  599,  549,  630,  704,  806,  823,  681,  491,  892,  602,  634,  724,  654,  841,  873,  854,  434,  509,  478,  702,  537,  526,  341,  768,  430,  818,  544,  640, 1190, 1014,  153,  326,  637,  792,  808,  887,  661,  491,  878,  679,   80,  712,  164,  231,  953,  204,  509,  741,   85,  720,  849,  989,  594,  627,  286,  333,  937,  567,  933,  617,  597,  281,  216,  861,  706,  399],
        [  719,    0,  889,  635,  202,  952, 1018,  917,  603,  780,  350,  801,  960,  565,  687,  677,  515,  959,    0,  543,  345,  369,  686,  636,  118, 1135,  746, 1045,  922,  636,  573,  963,  774,  161,  490,  681,   85,  393,  381,  714,  804,  882,  776,  597,  957,  472,  471,  676,  857,  304,  466,  201,  517,  437, 1068,  630,  639,  848,  740,  527,  779,  926,  638,  256, 1273, 1012,  366,  525,  259, 1019,  898, 1060, 1176,  838,  632,  609,  620,  628,  499,  379, 1069,  812,  618, 1167, 1012,  264,  477, 1199,  822,  801,  808,  899,  482, 1026, 1084,  421,  698,  606,  306,  284,  881,  970,  984, 1021,  957,  755,  788,  290,  879,  263, 1165,  916, 1028,  696,  803,  641,  959,  727,  819,  740,  888, 1040,  758,  567,  284,  605],
        [  552,    0,  464,  172,  404,  583,  565,  443,   81,  583,  201,  527,  453,  366,  486,  137,  502,  707,  543,    0,  411,  308,  283,  105,  599,  615,  217,  505,  683,  402,  348,  564,  525,  389,   54,  261,  459,  287,  325,  397,  500,  489,  255,  550,  522,  309,  130,  479,  352,  241,  280,  398,  171,  252,  530,  178,  291,  354,  217,  345,  254,  415,  115,  394,  738,  470,  207,  260,  315,  499,  365,  521,  659,  312,  186,  161,  277,  200,  501,  177,  571,  311,  462,  630,  546,  281,  233,  688,  506,  369,  574,  482,  113,  483,  541,  212,  159,  218,  273,  443,  634,  429,  642,  645,  445,  552,  296,  266,  627,  506,  623,  428,  510,  166,  438,  543,  442,  218,  333,  211,  363,  641,  503,  157,  306,  329],
        [  375,    0,  590,  570,  389,  627,  722,  641,  491,  436,  327,  870,  860,  235,  345,  507,  180,  615,  345,  411,    0,  468,  405,  457,  312,  883,  543,  881,  578,  303,  250,  647,  434,  234,  368,  410,  289,  474,  491,  394,  471,  881,  557,  261,  656,  163,  429,  334,  761,  282,  529,  383,  282,  175,  911,  394,  345,  764,  531,  202,  566,  679,  452,   95, 1041,  843,  217,  238,  352,  775,  683,  847,  921,  716,  578,  551,  330,  378,  166,  253,  800,  568,  275,  946,  724,  281,  213,  936,  868,  768,  465,  595,  302,  843,  893,  442,  521,  343,  365,   68,  538,  770,  651,  695,  852,  411,  540,  210,  536,  128,  970,  838,  780,  503,  487,  299,  847,  505,  743,  539,  662,  720,  419,  525,  150,  292],
        [  763,    0,  765,  310,  169,  873,  871,  750,  325,  810,  162,  439,  623,  568,  706,  433,  631,  963,  369,  308,  468,    0,  569,  411,  471,  914,  519,  745,  933,  627,  560,  861,  770,  283,  273,  551,  307,   29,   24,  659,  765,  514,  559,  704,  825,  474,  182,  697,  525,  190,   98,  169,  406,  407,  761,  473,  555,  510,  522,  533,  557,  720,  422,  392, 1020,  718,  291,  474,  128,  799,  659,  802,  957,  524,  300,  284,  537,  487,  622,  264,  876,  618,  658,  910,  853,  188,  422,  989,  456,  443,  816,  782,  332,  743,  803,   99,  455,  489,  104,  455,  885,  707,  926,  938,  624,  779,  604,  260,  879,  491,  883,  571,  811,  470,  721,  721,  630,  525,  478,  513,  663,  940,  748,  240,  319,  564],
        [  323,    0,  207,  425,  613,  305,  333,  238,  327,  333,  422,  792,  584,  206,  257,  245,  383,  430,  686,  283,  405,  569,    0,  216,  696,  479,  212,  534,  410,  188,  182,  295,  263,  528,  300,   25,  605,  553,  589,  129,  223,  716,  199,  389,  273,  243,  406,  255,  509,  431,  558,  607,  176,  252,  567,  106,   66,  525,  194,  220,  212,  279,  201,  453,  640,  494,  330,  170,  530,  374,  306,  460,  516,  441,  443,  424,   76,   84,  392,  333,  396,  178,  271,  552,  327,  467,  210,  531,  762,  592,  310,  220,  240,  480,  521,  481,  241,   84,  502,  467,  362,  399,  361,  370,  570,  305,  149,  406,  353,  532,  591,  590,  378,  206,  156,  355,  558,  159,  519,  211,  277,  374,  242,  434,  402,  135],
        [  521,    0,  372,  210,  506,  500,  466,  342,  114,  541,  302,  576,  413,  355,  453,   50,  514,  646,  636,  105,  457,  411,  216,    0,  682,  512,  113,  428,  626,  372,  333,  475,  476,  477,  152,  192,  551,  389,  427,  342,  438,  506,  150,  548,  426,  326,  230,  448,  321,  336,  375,  500,  181,  285,  456,  116,  246,  331,  113,  345,  150,  311,   16,  461,  639,  391,  280,  259,  417,  396,  265,  425,  555,  265,  228,  211,  237,  144,  517,  259,  466,  207,  445,  532,  445,  377,  253,  584,  546,  381,  524,  392,  164,  397,  453,  314,   66,  177,  377,  501,  577,  335,  563,  558,  402,  512,  196,  350,  569,  567,  534,  402,  406,   62,  365,  530,  395,  115,  319,  108,  260,  550,  454,  227,  379,  301],
        [  675,    0,  892,  712,  309,  938, 1023,  932,  667,  738,  421,  907, 1035,  546,  653,  727,  461,  918,  118,  599,  312,  471,  696,  682,    0, 1162,  787, 1103,  880,  614,  559,  956,  743,  215,  546,  695,  165,  493,  485,  703,  783,  977,  812,  539,  959,  463,  547,  643,  932,  369,  565,  307,  539,  444, 1128,  657,  641,  925,  779,  510,  817,  954,  682,  244, 1309, 1068,  402,  528,  351, 1049,  937, 1102, 1203,  905,  712,  687,  625,  649,  444,  424, 1089,  839,  582, 1207, 1022,  335,  487, 1222,  926,  889,  772,  899,  520, 1078, 1134,  509,  747,  621,  394,  245,  843, 1016,  962, 1006, 1030,  716,  813,  334,  842,  199, 1215,  996, 1056,  739,  795,  589, 1031,  761,  897,  782,  923, 1030,  729,  648,  306,  597],
        [  711,    0,  338,  634, 1017,  425,  244,  251,  590,  681,  814,  915,  506,  676,  665,  482,  846,  642, 1135,  615,  883,  914,  479,  512, 1162,    0,  400,  319,  652,  634,  654,  367,  609,  974,  664,  474, 1051,  889,  926,  534,  535,  758,  364,  830,  299,  721,  733,  669,  518,  845,  857, 1012,  624,  722,  342,  507,  542,  547,  401,  696,  363,  210,  505,  923,  172,  304,  769,  646,  929,  117,  255,  158,   44,  463,  651,  653,  555,  514,  858,  757,  107,  324,  712,  135,  215,  885,  679,   81,  862,  668,  633,  348,  654,  259,  232,  815,  460,  544,  888,  944,  628,  233,  480,  417,  489,  669,  350,  845,  619, 1009,  232,  559,  108,  451,  455,  781,  470,  409,  569,  405,  253,  371,  601,  690,  859,  606],
        [  535,    0,  303,  274,  619,  442,  375,  250,  201,  542,  415,  625,  372,  399,  469,   87,  571,  616,  746,  217,  543,  519,  212,  113,  787,  400,    0,  341,  602,  397,  375,  407,  470,  587,  265,  189,  661,  495,  533,  338,  417,  523,   44,  591,  347,  396,  337,  466,  300,  449,  473,  613,  262,  369,  372,  154,  266,  319,   19,  399,   39,  202,  108,  559,  527,  302,  386,  321,  530,  283,  153,  315,  443,  231,  293,  285,  265,  178,  577,  368,  359,  113,  477,  422,  350,  489,  331,  472,  586,  401,  515,  325,  268,  300,  352,  420,   67,  218,  489,  593,  557,  230,  510,  492,  358,  516,  115,  458,  548,  660,  431,  380,  294,   52,  331,  563,  346,   54,  318,    6,  147,  476,  450,  313,  482,  334],
        [  844,    0,  514,  435,  885,  646,  493,  414,  443,  836,  696,  628,  196,  734,  782,  379,  909,  859, 1045,  505,  881,  745,  534,  428, 1103,  319,  341,    0,  857,  721,  709,  592,  760,  893,  558,  515,  961,  717,  750,  643,  693,  457,  338,  922,  514,  736,  583,  782,  244,  742,  665,  881,  599,  707,   34,  495,  595,  271,  356,  738,  326,  311,  431,  888,  322,   41,  705,  661,  801,  277,  234,  165,  350,  222,  447,  461,  598,  517,  916,  679,  377,  363,  804,  223,  456,  781,  670,  392,  571,  390,  798,  534,  591,   69,   92,  654,  362,  557,  754,  927,  820,  148,  714,  667,  182,  815,  390,  770,  810,  994,  152,  258,  289,  379,  600,  887,  164,  387,  300,  345,  270,  629,  744,  505,  804,  665],
        [  206,    0,  344,  834,  927,  228,  409,  446,  735,  143,  773, 1201,  960,  375,  238,  652,  422,   39,  922,  683,  578,  933,  410,  626,  880,  652,  602,  857,    0,  309,  377,  286,  164,  794,  688,  434,  861,  924,  956,  287,  188, 1122,  574,  351,  359,  474,  794,  249,  900,  761,  945,  920,  533,  535,  891,  513,  393,  920,  584,  413,  587,  547,  610,  668,  819,  821,  650,  460,  860,  605,  629,  726,  667,  830,  852,  832,  408,  487,  440,  671,  546,  517,  305,  776,  439,  785,  513,  654, 1171,  998,  119,  325,  609,  791,  810,  859,  645,  466,  847,  641,   50,  710,  180,  250,  944,  168,  498,  708,   57,  682,  854,  978,  599,  610,  273,  295,  929,  552,  919,  603,  592,  299,  185,  838,  672,  370],
        [  151,    0,  308,  567,  621,  325,  437,  383,  467,  186,  466,  928,  767,   71,   85,  412,  214,  341,  636,  402,  303,  627,  188,  372,  614,  634,  397,  721,  309,    0,   69,  349,  146,  496,  395,  209,  567,  619,  650,  102,  169,  876,  387,  204,  369,  170,  499,   78,  685,  453,  645,  614,  236,  227,  754,  259,  132,  699,  378,  110,  399,  450,  358,  381,  802,  681,  342,  155,  552,  541,  491,  638,  665,  621,  583,  560,  137,  231,  227,  364,  537,  361,   84,  723,  446,  477,  205,  672,  906,  752,  190,  307,  311,  666,  705,  557,  414,  196,  539,  370,  261,  584,  350,  392,  753,  155,  333,  401,  256,  425,  771,  767,  541,  381,  194,  167,  742,  344,  690,  395,  460,  418,  127,  557,  370,   73],
        [  208,    0,  343,  517,  553,  381,  475,  405,  418,  250,  399,  873,  738,   25,  147,  377,  201,  409,  573,  348,  250,  560,  182,  333,  559,  654,  375,  709,  377,   69,    0,  398,  215,  430,  336,  197,  502,  553,  583,  145,  231,  831,  372,  218,  408,  103,  438,  138,  652,  384,  581,  546,  178,  159,  742,  226,  117,  663,  358,   49,  384,  459,  320,  321,  818,  670,  274,   91,  484,  553,  487,  642,  688,  591,  532,  508,  112,  199,  210,  297,  563,  359,  114,  733,  479,  409,  139,  699,  854,  707,  258,  347,  250,  659,  702,  492,  382,  160,  471,  317,  329,  579,  411,  449,  726,  220,  330,  333,  325,  376,  773,  733,  556,  352,  238,  198,  716,  325,  651,  372,  458,  472,  195,  502,  303,   48],
        [  372,    0,  104,  675,  907,   59,  124,  183,  588,  329,  717, 1031,  722,  413,  344,  481,  552,  278,  963,  564,  647,  861,  295,  475,  956,  367,  407,  592,  286,  349,  398,    0,  268,  811,  590,  311,  887,  844,  881,  254,  198,  920,  367,  513,   78,  495,  691,  352,  680,  725,  843,  900,  469,  528,  624,  390,  328,  705,  392,  446,  378,  285,  460,  715,  534,  558,  621,  439,  825,  326,  379,  449,  383,  609,  694,  682,  347,  375,  568,  627,  261,  298,  408,  491,  153,  759,  490,  374,  991,  802,  278,   83,  534,  524,  534,  770,  466,  378,  797,  714,  263,  447,  123,   86,  705,  325,  293,  695,  254,  772,  572,  751,  318,  435,  162,  457,  688,  369,  711,  410,  344,   80,  267,  701,  682,  360],
        [  105,    0,  272,  682,  766,  225,  381,  370,  582,   77,  610, 1048,  838,  215,   91,  507,  301,  195,  774,  525,  434,  770,  263,  476,  743,  609,  470,  760,  164,  146,  215,  268,    0,  639,  526,  288,  708,  761,  792,  135,   75,  979,  448,  249,  316,  314,  633,  101,  769,  598,  782,  759,  370,  373,  794,  361,  235,  786,  451,  254,  461,  461,  461,  518,  781,  721,  487,  297,  698,  537,  526,  650,  634,  700,  699,  678,  249,  334,  318,  508,  505,  402,  162,  718,  401,  623,  349,  632, 1021,  854,   49,  262,  446,  698,  727,  696,  503,  308,  684,  499,  116,  615,  227,  283,  824,   60,  378,  547,  111,  547,  783,  849,  534,  469,  163,  192,  810,  417,  782,  469,  491,  320,   23,  681,  514,  206],
        [  596,    0,  733,  498,  161,  803,  860,  758,  454,  655,  207,  719,  821,  425,  556,  521,  413,  829,  161,  389,  234,  283,  528,  477,  215,  974,  587,  893,  794,  496,  430,  811,  639,    0,  335,  522,   78,  299,  302,  566,  661,  772,  616,  494,  800,  327,  333,  545,  717,  155,  368,  155,  357,  283,  917,  470,  484,  711,  580,  386,  619,  765,  479,  140, 1113,  859,  206,  372,  155,  859,  739,  901, 1016,  692,  498,  473,  465,  468,  399,  220,  909,  651,  491, 1008,  853,  121,  322, 1039,  730,  679,  677,  744,  321,  871,  928,  302,  541,  447,  191,  194,  750,  812,  840,  872,  816,  627,  627,  129,  747,  214, 1009,  782,  867,  537,  651,  529,  817,  566,  684,  581,  728,  888,  621,  435,  129,  457],
        [  543,    0,  492,  204,  354,  604,  600,  481,  127,  579,  151,  540,  501,  351,  479,  189,  473,  714,  490,   54,  368,  273,  300,  152,  546,  664,  265,  558,  688,  395,  336,  590,  526,  335,    0,  281,  405,  255,  292,  403,  509,  519,  301,  527,  553,  282,  108,  471,  400,  187,  260,  349,  159,  219,  583,  201,  297,  399,  264,  326,  302,  461,  159,  345,  789,  524,  158,  245,  266,  547,  416,  574,  707,  363,  214,  187,  280,  218,  471,  126,  615,  352,  447,  682,  584,  227,  209,  735,  525,  403,  575,  510,   86,  537,  594,  181,  211,  226,  226,  396,  638,  482,  660,  668,  495,  548,  336,  213,  632,  458,  676,  473,  558,  214,  455,  525,  492,  260,  377,  259,  412,  668,  504,  170,  255,  324],
        [  346,    0,  218,  401,  602,  324,  340,  238,  303,  357,  407,  768,  561,  221,  280,  220,  398,  454,  681,  261,  410,  551,   25,  192,  695,  474,  189,  515,  434,  209,  197,  311,  288,  522,  281,    0,  599,  535,  571,  154,  247,  692,  179,  408,  283,  248,  386,  277,  484,  419,  538,  595,  167,  251,  548,   84,   81,  501,  171,  231,  191,  270,  176,  453,  632,  475,  321,  173,  517,  366,  290,  447,  512,  418,  419,  400,   87,   65,  406,  322,  394,  164,  290,  541,  332,  456,  209,  529,  737,  567,  335,  233,  225,  463,  506,  462,  216,   76,  488,  470,  386,  382,  381,  388,  547,  330,  135,  398,  378,  536,  577,  565,  371,  182,  178,  375,  535,  136,  495,  188,  262,  390,  267,  411,  398,  151],
        [  660,    0,  810,  556,  151,  878,  938,  835,  520,  720,  268,  745,  880,  496,  624,  593,  467,  897,   85,  459,  289,  307,  605,  551,  165, 1051,  661,  961,  861,  567,  502,  887,  708,   78,  405,  599,    0,  328,  323,  641,  733,  814,  691,  549,  877,  400,  391,  613,  778,  220,  401,  148,  434,  359,  985,  547,  561,  769,  655,  457,  694,  842,  554,  195, 1188,  928,  283,  448,  187,  935,  813,  975, 1092,  756,  554,  530,  542,  545,  451,  295,  986,  728,  557, 1082,  931,  181,  398, 1116,  762,  728,  745,  821,  397,  942,  999,  347,  614,  524,  231,  237,  818,  885,  913,  947,  877,  694,  704,  206,  815,  236, 1081,  839,  943,  611,  727,  588,  878,  642,  741,  655,  804,  964,  691,  490,  205,  531],
        [  758,    0,  747,  282,  195,  858,  851,  730,  300,  803,  158,  420,  595,  562,  700,  409,  633,  953,  393,  287,  474,   29,  553,  389,  493,  889,  495,  717,  924,  619,  553,  844,  761,  299,  255,  535,  328,    0,   38,  647,  753,  489,  536,  704,  807,  471,  159,  690,  497,  193,   73,  194,  394,  402,  733,  455,  542,  481,  499,  528,  533,  696,  401,  402,  994,  691,  288,  465,  145,  774,  634,  776,  933,  496,  271,  256,  524,  471,  624,  259,  853,  596,  653,  883,  833,  197,  415,  964,  434,  416,  807,  764,  319,  716,  775,   76,  431,  475,  113,  465,  875,  681,  912,  922,  595,  772,  583,  264,  869,  504,  856,  543,  786,  447,  707,  719,  601,  504,  450,  490,  639,  923,  739,  213,  324,  555],
        [  786,    0,  784,  315,  180,  893,  889,  767,  337,  833,  185,  422,  624,  591,  729,  447,  654,  986,  381,  325,  491,   24,  589,  427,  485,  926,  533,  750,  956,  650,  583,  881,  792,  302,  292,  571,  323,   38,    0,  681,  787,  505,  574,  727,  844,  498,  197,  720,  527,  213,   93,  181,  428,  430,  766,  492,  576,  510,  537,  556,  571,  734,  439,  414, 1030,  725,  315,  496,  148,  812,  672,  812,  970,  529,  304,  290,  558,  507,  645,  288,  891,  634,  681,  919,  870,  211,  445, 1002,  442,  439,  839,  801,  354,  751,  810,  114,  469,  510,  127,  477,  907,  717,  947,  958,  625,  802,  621,  283,  902,  512,  891,  570,  824,  485,  742,  744,  631,  541,  479,  528,  677,  959,  771,  247,  342,  587],
        [  202,    0,  206,  549,  677,  238,  336,  284,  449,  205,  503,  915,  709,  160,  141,  373,  315,  311,  714,  397,  394,  659,  129,  342,  703,  534,  338,  643,  287,  102,  145,  254,  135,  566,  403,  154,  641,  647,  681,    0,  106,  845,  319,  297,  268,  243,  510,  142,  636,  499,  662,  670,  254,  285,  676,  228,  107,  653,  319,  193,  332,  358,  327,  464,  703,  603,  390,  198,  600,  445,  410,  548,  565,  568,  566,  546,  124,  201,  329,  404,  437,  281,  178,  628,  345,  530,  252,  571,  888,  720,  182,  206,  328,  584,  619,  579,  369,  180,  580,  461,  238,  501,  276,  307,  694,  178,  254,  458,  231,  519,  681,  717,  445,  335,   94,  252,  681,  284,  648,  337,  376,  327,  114,  551,  437,  110],
        [  179,    0,  198,  647,  778,  162,  307,  297,  549,  149,  608, 1014,  781,  239,  148,  464,  358,  208,  804,  500,  471,  765,  223,  438,  783,  535,  417,  693,  188,  169,  231,  198,   75,  661,  509,  247,  733,  753,  787,  106,    0,  935,  391,  316,  241,  334,  616,  156,  716,  603,  768,  771,  360,  384,  727,  327,  213,  735,  399,  277,  404,  390,  423,  549,  706,  655,  492,  299,  704,  464,  460,  578,  559,  646,  665,  646,  230,  302,  374,  508,  430,  339,  214,  644,  326,  632,  353,  557,  984,  810,  106,  187,  434,  630,  656,  685,  458,  284,  685,  538,  141,  547,  181,  226,  765,  135,  318,  559,  132,  591,  710,  795,  460,  423,   94,  260,  751,  366,  733,  418,  424,  258,   70,  654,  533,  208],
        [ 1026,    0,  820,  318,  683,  961,  860,  745,  414, 1046,  575,  184,  262,  850,  958,  472,  990, 1138,  882,  489,  881,  514,  716,  506,  977,  758,  523,  457, 1122,  876,  831,  920,  979,  772,  519,  692,  814,  489,  505,  845,  935,    0,  557, 1038,  851,  798,  455,  953,  247,  628,  417,  683,  658,  737,  450,  621,  751,  220,  540,  833,  545,  656,  521,  839,  778,  459,  665,  747,  627,  678,  557,  602,  795,  315,  306,  333,  742,  650,  989,  628,  784,  624,  944,  679,  827,  654,  722,  836,  124,  126, 1026,  842,  600,  503,  547,  471,  478,  681,  584,  897, 1075,  531, 1030, 1006,  276, 1017,  634,  690, 1066,  952,  603,  201,  693,  512,  852, 1028,  294,  571,  209,  521,  588,  982,  958,  356,  747,  804],
        [  519,    0,  264,  316,  655,  405,  332,  207,  244,  522,  451,  665,  391,  397,  454,  130,  572,  586,  776,  255,  557,  559,  199,  150,  812,  364,   44,  338,  574,  387,  372,  367,  448,  616,  301,  179,  691,  536,  574,  319,  391,  557,    0,  586,  305,  404,  378,  453,  327,  482,  515,  649,  279,  385,  370,  164,  259,  348,   38,  401,   14,  161,  142,  579,  498,  298,  412,  328,  566,  247,  127,  292,  406,  257,  336,  328,  261,  182,  579,  397,  318,   71,  469,  396,  307,  522,  345,  434,  625,  437,  491,  286,  295,  290,  337,  461,  110,  221,  526,  610,  529,  213,  473,  453,  376,  496,   78,  487,  520,  677,  413,  405,  257,   90,  302,  554,  363,   53,  350,   48,  113,  435,  428,  356,  506,  329],
        [  152,    0,  496,  722,  647,  473,  618,  580,  625,  214,  547, 1065,  955,  195,  170,  593,   82,  389,  597,  550,  261,  704,  389,  548,  539,  830,  591,  922,  351,  204,  218,  513,  249,  494,  527,  408,  549,  704,  727,  297,  316, 1038,  586,    0,  551,  246,  618,  163,  868,  515,  747,  640,  381,  313,  955,  443,  328,  879,  573,  206,  598,  653,  536,  356, 1000,  882,  418,  293,  600,  742,  694,  841,  860,  808,  735,  709,  327,  416,   98,  451,  731,  564,  121,  924,  633,  525,  319,  863, 1051,  916,  259,  491,  442,  868,  908,  656,  599,  377,  603,  314,  321,  786,  472,  532,  943,  201,  535,  447,  323,  342,  974,  950,  742,  569,  378,   59,  933,  540,  866,  588,  663,  569,  247,  697,  394,  258],
        [  420,    0,   68,  619,  884,  135,   69,  108,  537,  384,  688,  969,  647,  426,  381,  426,  580,  353,  957,  522,  656,  825,  273,  426,  959,  299,  347,  514,  359,  369,  408,   78,  316,  800,  553,  283,  877,  807,  844,  268,  241,  851,  305,  551,    0,  497,  651,  388,  609,  702,  799,  878,  449,  521,  546,  355,  319,  635,  334,  455,  315,  209,  413,  716,  469,  480,  603,  433,  800,  249,  305,  371,  319,  539,  639,  628,  337,  345,  595,  605,  193,  235,  438,  418,   86,  738,  480,  316,  927,  735,  335,   62,  507,  446,  457,  732,  409,  357,  769,  721,  331,  370,  200,  157,  630,  375,  235,  679,  322,  782,  496,  679,  241,  381,  176,  497,  612,  315,  643,  351,  270,  131,  310,  651,  673,  365],
        [  290,    0,  430,  480,  453,  481,  562,  479,  387,  341,  314,  819,  738,  100,  238,  375,  194,  508,  472,  309,  163,  474,  243,  326,  463,  721,  396,  736,  474,  170,  103,  495,  314,  327,  282,  248,  400,  471,  498,  243,  334,  798,  404,  246,  497,    0,  373,  228,  644,  292,  507,  446,  146,   69,  767,  242,  182,  651,  381,   62,  414,  518,  317,  221,  880,  697,  184,   77,  388,  614,  528,  690,  758,  590,  492,  466,  168,  223,  194,  213,  637,  409,  184,  787,  562,  312,   77,  773,  807,  677,  356,  437,  198,  693,  741,  416,  385,  185,  380,  227,  428,  617,  514,  550,  727,  312,  380,  234,  424,  290,  816,  724,  619,  361,  333,  250,  720,  352,  635,  392,  504,  570,  296,  452,  201,  135],
        [  646,    0,  592,  166,  302,  708,  694,  571,  147,  684,  127,  448,  490,  451,  582,  252,  558,  821,  471,  130,  429,  182,  406,  230,  547,  733,  337,  583,  794,  499,  438,  691,  633,  333,  108,  386,  391,  159,  197,  510,  616,  455,  378,  618,  651,  373,    0,  574,  387,  180,  153,  298,  264,  306,  603,  303,  404,  379,  340,  423,  375,  538,  242,  384,  844,  553,  214,  347,  219,  618,  479,  626,  776,  369,  165,  140,  387,  322,  553,  177,  695,  437,  547,  734,  674,  213,  305,  808,  441,  351,  681,  610,  188,  574,  633,   84,  274,  333,  172,  443,  745,  532,  766,  772,  487,  653,  425,  237,  738,  498,  715,  449,  629,  288,  561,  622,  489,  345,  351,  331,  482,  769,  611,  103,  293,  429],
        [   74,    0,  334,  645,  679,  317,  455,  421,  544,  114,  535, 1005,  838,  130,   12,  487,  203,  285,  676,  479,  334,  697,  255,  448,  643,  669,  466,  782,  249,   78,  138,  352,  101,  545,  471,  277,  613,  690,  720,  142,  156,  953,  453,  163,  388,  228,  574,    0,  759,  518,  719,  672,  312,  292,  816,  334,  205,  773,  448,  167,  466,  499,  434,  421,  840,  742,  408,  228,  615,  585,  550,  689,  698,  694,  660,  637,  212,  306,  220,  433,  569,  420,   61,  768,  470,  539,  276,  701,  983,  828,  133,  328,  386,  725,  760,  630,  487,  272,  605,  400,  206,  642,  326,  379,  824,   84,  393,  461,  203,  447,  823,  840,  584,  454,  216,  112,  812,  413,  765,  465,  517,  413,   91,  634,  423,  150],
        [  829,    0,  582,  223,  679,  724,  615,  502,  273,  840,  512,  398,  104,  674,  762,  276,  834,  912,  857,  352,  761,  525,  509,  321,  932,  518,  300,  244,  900,  685,  652,  680,  769,  717,  400,  484,  778,  497,  527,  636,  716,  247,  327,  868,  609,  644,  387,  759,    0,  563,  437,  677,  498,  596,  250,  428,  555,   30,  318,  665,  314,  410,  333,  744,  561,  233,  557,  579,  602,  433,  311,  366,  557,   72,  228,  249,  550,  456,  837,  525,  538,  389,  762,  454,  581,  598,  569,  597,  344,  152,  814,  604,  461,  273,  325,  444,  272,  493,  554,  794,  855,  287,  794,  765,  100,  813,  404,  607,  846,  857,  395,   82,  447,  305,  628,  848,  105,  352,   56,  300,  343,  739,  748,  292,  654,  617],
