{
    "name": "random-13-5744",
    "comment": "size=13 seed=5744",
    "nodes": ["+0", "-0", "+1", "-1", "+2", "-2", "+3", "-3", "+4", "-4", "+5", "-5", "+6", "-6", "+7", "-7", "+8", "-8", "+9", "-9", "+10", "-10", "+11", "-11", "+12", "-12", "+13", "-13"],
    "precedence": {
        "+0": "-0",
        "+1": "-1",
        "+2": "-2",
        "+3": "-3",
        "+4": "-4",
        "+5": "-5",
        "+6": "-6",
        "+7": "-7",
        "+8": "-8",
        "+9": "-9",
        "+10": "-10",
        "+11": "-11",
        "+12": "-12",
        "+13": "-13"
    },
    "edges": [
        [    0,    0,  749,  410,  515,  259,  810,  771,  335,  283,  555,  604,  480,  375,   14,  320,  503,  503,  639,  502,  443,  363,  461,  483,  611,  391,  196,  764],
        [    0,    0,  749,  410,  515,  259,  810,  771,  335,  283,  555,  604,  480,  375,   14,  320,  503,  503,  639,  502,  443,  363,  461,  483,  611,  391,  196,  764],
        [  749,  749,    0,  493,  735,  878,  819,  600,  820,  469, 1207,  614,  270,  614,  754, 1047,  985,  270,  752,  333,  864,  407,  773,  300,  142,  666,  806,  145],
        [  410,  410,  493,    0,  741,  646,  975,  836,  334,  227,  963,  733,  304,  122,  422,  726,  858,  236,  832,  162,  371,  339,  727,  391,  364,  615,  570,  582],
        [  515,  515,  735,  741,    0,  373,  300,  349,  835,  515,  591,  175,  550,  785,  506,  589,  297,  643,  128,  714,  939,  424,   82,  461,  655,  132,  365,  651],
        [  259,  259,  878,  646,  373,    0,  667,  702,  583,  463,  334,  520,  619,  629,  246,  220,  252,  675,  498,  703,  691,  473,  296,  580,  754,  296,   78,  851],
        [  810,  810,  819,  975,  300,  667,    0,  234, 1118,  757,  827,  243,  722, 1040,  802,  877,  523,  822,  173,  908, 1219,  637,  372,  621,  788,  419,  664,  696],
        [  771,  771,  600,  836,  349,  702,  234,    0, 1039,  639,  938,  183,  551,  921,  766,  922,  639,  649,  263,  741, 1130,  505,  429,  452,  590,  409,  673,  469],
        [  335,  335,  820,  334,  835,  583, 1118, 1039,    0,  415,  826,  893,  590,  218,  347,  554,  833,  552,  952,  493,  109,  548,  789,  648,  683,  705,  528,  890],
        [  283,  283,  469,  227,  515,  463,  757,  639,  415,    0,  794,  517,  203,  285,  290,  594,  648,  222,  608,  241,  497,  136,  503,  236,  329,  390,  385,  501],
        [  555,  555, 1207,  963,  591,  334,  827,  938,  826,  794,    0,  764,  952,  926,  543,  275,  306, 1009,  688, 1033,  925,  805,  513,  907, 1086,  575,  411, 1170],
        [  604,  604,  614,  733,  175,  520,  243,  183,  893,  517,  764,    0,  484,  801,  598,  740,  471,  583,  139,  668,  990,  394,  252,  384,  562,  229,  493,  511],
        [  480,  480,  270,  304,  550,  619,  722,  551,  590,  203,  952,  484,    0,  412,  485,  779,  757,  100,  607,  190,  655,  149,  567,  102,  135,  451,  545,  303],
        [  375,  375,  614,  122,  785,  629, 1040,  921,  218,  285,  926,  801,  412,    0,  388,  673,  860,  354,  887,  283,  250,  416,  759,  489,  484,  655,  558,  699],
        [   14,   14,  754,  422,  506,  246,  802,  766,  347,  290,  543,  598,  485,  388,    0,  311,  490,  510,  630,  511,  455,  365,  451,  486,  616,  384,  183,  767],
        [  320,  320, 1047,  726,  589,  220,  877,  922,  554,  594,  275,  740,  779,  673,  311,    0,  400,  816,  712,  821,  651,  643,  510,  760,  914,  515,  261, 1040],
        [  503,  503,  985,  858,  297,  252,  523,  639,  833,  648,  306,  471,  757,  860,  490,  400,    0,  834,  384,  883,  941,  611,  227,  689,  882,  320,  308,  923],
        [  503,  503,  270,  236,  643,  675,  822,  649,  552,  222, 1009,  583,  100,  354,  510,  816,  834,    0,  705,   95,  603,  226,  654,  202,  132,  537,  599,  346],
        [  639,  639,  752,  832,  128,  498,  173,  263,  952,  608,  688,  139,  607,  887,  630,  712,  384,  705,    0,  784, 1055,  500,  202,  510,  694,  249,  492,  649],
        [  502,  502,  333,  162,  714,  703,  908,  741,  493,  241, 1033,  668,  190,  283,  511,  821,  883,   95,  784,    0,  532,  291,  717,  291,  209,  600,  625,  430],
        [  443,  443,  864,  371,  939,  691, 1219, 1130,  109,  497,  925,  990,  655,  250,  455,  651,  941,  603, 1055,  532,    0,  632,  895,  722,  733,  809,  636,  948],
        [  363,  363,  407,  339,  424,  473,  637,  505,  548,  136,  805,  394,  149,  416,  365,  643,  611,  226,  500,  291,  632,    0,  430,  121,  282,  312,  400,  403],
        [  461,  461,  773,  727,   82,  296,  372,  429,  789,  503,  513,  252,  567,  759,  451,  510,  227,  654,  202,  717,  895,  430,    0,  487,  682,  118,  296,  702],
        [  483,  483,  300,  391,  461,  580,  621,  452,  648,  236,  907,  384,  102,  489,  486,  760,  689,  202,  510,  291,  722,  121,  487,    0,  196,  374,  511,  283],
        [  611,  611,  142,  364,  655,  754,  788,  590,  683,  329, 1086,  562,  135,  484,  616,  914,  882,  132,  694,  209,  733,  282,  682,  196,    0,  569,  680,  221],
        [  391,  391,  666,  615,  132,  296,  419,  409,  705,  390,  575,  229,  451,  655,  384,  515,  320,  537,  249,  600,  809,  312,  118,  374,  569,    0,  265,  605],
        [  196,  196,  806,  570,  365,   78,  664,  673,  528,  385,  411,  493,  545,  558,  183,  261,  308,  599,  492,  625,  636,  400,  296,  511,  680,  265,    0,  786],
        [  764,  764,  145,  582,  651,  851,  696,  469,  890,  501, 1170,  511,  303,  699,  767, 1040,  923,  346,  649,  430,  948,  403,  702,  283,  221,  605,  786,    0]
    ]
}
