{
    "name": "random-68-5761",
    "comment": "size=68 seed=5761",
    "nodes": ["+0", "-0", "+1", "-1", "+2", "-2", "+3", "-3", "+4", "-4", "+5", "-5", "+6", "-6", "+7", "-7", "+8", "-8", "+9", "-9", "+10", "-10", "+11", "-11", "+12", "-12", "+13", "-13", "+14", "-14", "+15", "-15", "+16", "-16", "+17", "-17", "+18", "-18", "+19", "-19", "+20", "-20", "+21", "-21", "+22", "-22", "+23", "-23", "+24", "-24", "+25", "-25", "+26", "-26", "+27", "-27", "+28", "-28", "+29", "-29", "+30", "-30", "+31", "-31", "+32", "-32", "+33", "-33", "+34", "-34", "+35", "-35", "+36", "-36", "+37", "-37", "+38", "-38", "+39", "-39", "+40", "-40", "+41", "-41", "+42", "-42", "+43", "-43", "+44", "-44", "+45", "-45", "+46", "-46", "+47", "-47", "+48", "-48", "+49", "-49", "+50", "-50", "+51", "-51", "+52", "-52", "+53", "-53", "+54", "-54", "+55", "-55", "+56", "-56", "+57", "-57", "+58", "-58", "+59", "-59", "+60", "-60", "+61", "-61", "+62", "-62", "+63", "-63", "+64", "-64", "+65", "-65", "+66", "-66", "+67", "-67", "+68", "-68"],
    "precedence": {
        "+0": "-0",
        "+1": "-1",
        "+2": "-2",
        "+3": "-3",
        "+4": "-4",
        "+5": "-5",
        "+6": "-6",
        "+7": "-7",
        "+8": "-8",
        "+9": "-9",
        "+10": "-10",
        "+11": "-11",
        "+12": "-12",
        "+13": "-13",
        "+14": "-14",
        "+15": "-15",
        "+16": "-16",
        "+17": "-17",
        "+18": "-18",
        "+19": "-19",
        "+20": "-20",
        "+21": "-21",
        "+22": "-22",
        "+23": "-23",
        "+24": "-24",
        "+25": "-25",
        "+26": "-26",
        "+27": "-27",
        "+28": "-28",
        "+29": "-29",
        "+30": "-30",
        "+31": "-31",
        "+32": "-32",
        "+33": "-33",
        "+34": "-34",
        "+35": "-35",
        "+36": "-36",
        "+37": "-37",
        "+38": "-38",
        "+39": "-39",
        "+40": "-40",
        "+41": "-41",
        "+42": "-42",
        "+43": "-43",
        "+44": "-44",
        "+45": "-45",
        "+46": "-46",
        "+47": "-47",
        "+48": "-48",
        "+49": "-49",
        "+50": "-50",
        "+51": "-51",
        "+52": "-52",
        "+53": "-53",
        "+54": "-54",
        "+55": "-55",
        "+56": "-56",
        "+57": "-57",
        "+58": "-58",
        "+59": "-59",
        "+60": "-60",
        "+61": "-61",
        "+62": "-62",
        "+63": "-63",
        "+64": "-64",
        "+65": "-65",
        "+66": "-66",
        "+67": "-67",
        "+68": "-68"
    },
    "edges": [
        [    0,    0,  587,  612,  831,  491,  511,  360,  585,  542,  761,  215,  652,  405,  638,  829,  191,  174,  375,  800,  348,  486,  796,  825,  596,  221,  534,  649,  393, 1102,  801,  485,  314,  521,  762,  704,  798,  143,  169,  352,  901,  804,  744,  855,  315,  416,   69,  216,  494,  800,  712,  571,  558,  541,  335,  504,  419,  568,  949,  826,  752,  376, 1052,  549,  266,  226,  189,  685,  190,  683,  819,  270,  560,  455,  415,  155,  447,  657,  284,  689,  208,  271,  874,  911,  211,  396,  682,  535,  748,  380,  448,  846,    6,  335,  637,  653,  167,  797,  710,  686,  698,  771,  717,  664,  689,  400,  565,  146,  804,  709,  865,  302,  702,  637,  617,  363,  381,  546,  803,  542,  327,  298,  277,  949,  811,  479,  384,  319,  660,  368,  480,  776,  397, 1087,  335,  601,  614,  502],
        [    0,    0,    0,    0,    0,    0,    0,    0,    0,    0,    0,    0,    0,    0,    0,    0,    0,    0,    0,    0,    0,    0,    0,    0,    0,    0,    0,    0,    0,    0,    0,    0,    0,    0,    0,    0,    0,    0,    0,    0,    0,    0,    0,    0,    0,    0,    0,    0,    0,    0,    0,    0,    0,    0,    0,    0,    0,    0,    0,    0,    0,    0,    0,    0,    0,    0,    0,    0,    0,    0,    0,    0,    0,    0,    0,    0,    0,    0,    0,    0,    0,    0,    0,    0,    0,    0,    0,    0,    0,    0,    0,    0,    0,    0,    0,    0,    0,    0,    0,    0,    0,    0,    0,    0,    0,    0,    0,    0,    0,    0,    0,    0,    0,    0,    0,    0,    0,    0,    0,    0,    0,    0,    0,    0,    0,    0,    0,    0,    0,    0,    0,    0,    0,    0,    0,    0,    0,    0],
        [  587,    0,    0,  619,  606,  813,  160,  768,  491,  772,  464,  473,  643,  185,  890,  989,  437,  760,  389,  889,  275,  791,  890,  636,  111,  783,   72,  684,  550,  910,  986,  797,  303,  842,  978,  959,  538,  631,  451,  251,  927,  718,  746, 1025,  745,  181,  546,  785,  561,  758, 1090,  795,  939,  187,  336,  125,  449,  921,  738, 1002, 1127,  228,  873,  173,  668,  568,  773,  101,  416,  391,  771,  408,   86,  437,  882,  684,  760,  609,  383, 1026,  624,  856,  581,  660,  405,  827,  630,  814,  935,  610,  756, 1073,  582,  761,  337,  564,  474,  505,  323,  972,  702,  570,  665,   88,  118,  603,  916,  539,  966,  404,  570,  830,  431,  968,  998,  907,  601,  159,  728,  659,  289,  387,  859,  872,  506,  301,  782,  314,   84,  378,  970, 1103,  706,  907,  433,  363, 1032,  877],
        [  612,    0,  619,    0,  291,  355,  461,  433,  135,  250,  327,  406,   41,  577,  336,  375,  654,  716,  297,  271,  442,  330,  271,  261,  525,  636,  636,   65,  221,  499,  378,  339,  635,  367,  383,  388,  304,  510,  477,  612,  326,  195,  144,  411,  452,  509,  642,  653,  119,  190,  584,  256,  480,  434,  380,  661,  223,  442,  369,  391,  611,  614,  448,  449,  418,  394,  748,  694,  486,  314,  209,  383,  534,  207,  543,  555,  330,   62,  389,  500,  441,  794,  373,  363,  465,  475,   79,  315,  332,  256,  323,  472,  608,  450,  330,  101,  670,  334,  413,  420,   95,  239,  108,  695,  623,  230,  436,  467,  354,  327,  368,  601,  292,  453,  518,  670,  251,  462,  193,  115,  634,  370,  738,  339,  353,  322,  425,  423,  621,  311,  625,  554,  319,  482,  302,  279,  580,  439],
        [  831,    0,  606,  291,    0,  645,  482,  718,  249,  537,  146,  616,  268,  651,  606,  570,  816,  963,  461,  442,  557,  621,  447,   49,  496,  901,  653,  317,  474,  309,  591,  630,  750,  655,  617,  644,   71,  758,  671,  710,  410,  187,  290,  603,  732,  579,  843,  916,  377,  249,  858,  539,  767,  438,  523,  695,  414,  728,  136,  593,  881,  702,  268,  447,  687,  639,  993,  643,  666,  217,  249,  567,  527,  377,  832,  810,  620,  230,  560,  771,  697, 1050,   92,   80,  642,  764,  220,  602,  562,  527,  613,  689,  826,  733,  273,  201,  842,  113,  294,  685,  284,   61,  215,  655,  554,  502,  722,  693,  557,  203,   93,  879,  177,  730,  801,  952,  520,  462,  203,  406,  743,  542, 1003,  294,  123,  394,  712,  559,  569,  470,  915,  812,  605,  303,  497,  269,  866,  729],
        [  491,    0,  813,  355,  645,    0,  663,  147,  446,  115,  668,  386,  379,  693,  153,  358,  630,  508,  425,  374,  553,   26,  368,  612,  751,  391,  800,  336,  267,  807,  323,   18,  685,   32,  277,  214,  657,  350,  452,  690,  493,  513,  407,  378,  191,  648,  551,  411,  302,  475,  277,  128,  134,  658,  484,  801,  375,  109,  708,  349,  315,  704,  757,  673,  227,  299,  541,  908,  484,  633,  491,  426,  741,  401,  210,  359,   55,  416,  448,  219,  287,  553,  727,  714,  476,  153,  427,   59,  277,  203,   59,  356,  490,  174,  625,  452,  626,  682,  718,  195,  382,  593,  442,  900,  861,  213,  103,  379,  335,  652,  722,  315,  623,  161,  187,  362,  212,  681,  504,  241,  691,  438,  477,  603,  701,  534,  123,  515,  847,  436,  278,  304,  113,  786,  381,  570,  236,   85],
        [  511,    0,  160,  461,  482,  663,    0,  631,  335,  615,  351,  353,  486,  178,  732,  829,  405,  681,  239,  731,  164,  640,  731,  504,   94,  681,  180,  525,  397,  790,  826,  646,  297,  690,  818,  800,  419,  522,  352,  247,  773,  572,  591,  865,  613,  115,  486,  687,  402,  607,  939,  638,  792,   46,  204,  216,  293,  771,  617,  842,  975,  233,  748,   44,  538,  440,  699,  247,  323,  268,  622,  283,   80,  278,  749,  579,  611,  454,  258,  872,  502,  778,  475,  546,  305,  690,  477,  660,  775,  460,  606,  913,  505,  627,  210,  412,  439,  394,  236,  815,  546,  438,  512,  242,  204,  450,  765,  430,  807,  288,  465,  714,  306,  815,  848,  794,  451,   36,  581,  499,  286,  256,  768,  729,  400,  141,  643,  199,  186,  230,  839,  947,  559,  784,  289,  220,  887,  731],
        [  360,    0,  768,  433,  718,  147,  631,    0,  490,  239,  713,  305,  466,  624,  299,  504,  517,  362,  397,  511,  496,  152,  506,  692,  724,  245,  743,  434,  268,  917,  470,  147,  594,  172,  423,  357,  716,  218,  356,  607,  627,  614,  518,  524,   47,  593,  424,  265,  345,  585,  359,  261,  202,  637,  434,  735,  372,  209,  800,  495,  399,  625,  866,  651,  110,  207,  394,  868,  393,  663,  602,  362,  706,  407,  123,  218,  123,  494,  387,  330,  169,  409,  791,  793,  390,   59,  511,  202,  422,  201,  128,  498,  359,   28,  642,  518,  508,  735,  734,  332,  484,  661,  534,  856,  834,  223,  206,  270,  481,  685,  785,  178,  661,  278,  262,  239,  210,  656,  607,  322,  602,  382,  336,  723,  753,  521,   26,  456,  815,  404,  214,  417,  114,  897,  344,  589,  275,  143],
        [  585,    0,  491,  135,  249,  446,  335,  490,    0,  357,  225,  370,  153,  470,  457,  509,  589,  715,  223,  401,  347,  421,  402,  240,  393,  656,  514,  198,  231,  524,  512,  430,  545,  465,  515,  516,  230,  510,  430,  514,  439,  251,  256,  545,  498,  399,  601,  670,  148,  277,  698,  369,  578,  305,  297,  543,  167,  545,  365,  525,  728,  512,  475,  319,  446,  391,  744,  562,  429,  190,  293,  326,  406,  132,  610,  563,  409,  120,  323,  618,  450,  802,  307,  329,  405,  541,  143,  418,  466,  292,  403,  606,  580,  501,  197,   82,  610,  245,  284,  543,  212,  188,  180,  564,  489,  267,  539,  446,  488,  207,  299,  640,  177,  567,  624,  716,  283,  333,  257,  217,  541,  305,  758,  411,  264,  203,  488,  338,  488,  234,  697,  679,  381,  511,  251,  145,  680,  529],
        [  542,    0,  772,  250,  537,  115,  615,  239,  357,    0,  572,  395,  270,  674,  120,  287,  655,  588,  387,  274,  530,   95,  269,  502,  698,  480,  768,  224,  228,  693,  262,  103,  687,  119,  230,  191,  554,  407,  468,  683,  389,  400,  293,  315,  276,  620,  594,  499,  224,  361,  342,   30,  231,  603,  458,  777,  323,  192,  595,  286,  373,  694,  643,  619,  285,  326,  622,  862,  494,  547,  377,  416,  694,  340,  322,  430,  117,  310,  435,  264,  336,  644,  622,  604,  481,  261,  318,   66,  208,  186,  112,  322,  540,  265,  547,  350,  657,  583,  638,  201,  269,  488,  330,  857,  806,  181,  186,  412,  262,  563,  618,  416,  531,  211,  269,  470,  191,  629,  390,  141,  691,  421,  574,  490,  602,  478,  221,  496,  796,  400,  392,  334,  149,  672,  354,  492,  330,  195],
        [  761,    0,  464,  327,  146,  668,  351,  713,  225,  572,    0,  551,  321,  526,  662,  667,  717,  908,  387,  543,  452,  643,  546,  185,  354,  863,  515,  375,  449,  446,  681,  652,  635,  685,  697,  712,   76,  710,  594,  590,  534,  305,  383,  702,  718,  457,  762,  876,  372,  361,  910,  581,  799,  306,  433,  559,  362,  763,  275,  688,  938,  580,  410,  313,  661,  594,  935,  498,  582,   86,  367,  491,  388,  323,  833,  765,  633,  276,  479,  826,  657, 1000,  125,  197,  558,  765,  280,  636,  644,  513,  626,  779,  755,  723,  144,  227,  746,   43,  148,  746,  360,  131,  295,  510,  408,  490,  757,  633,  650,   64,  115,  857,   59,  779,  841,  934,  505,  327,  319,  432,  627,  463,  964,  435,   52,  291,  712,  462,  423,  393,  921,  879,  605,  443,  434,  162,  900,  751],
        [  215,    0,  473,  406,  616,  386,  353,  305,  370,  395,  551,    0,  447,  320,  508,  674,  264,  359,  165,  622,  199,  370,  619,  610,  446,  333,  441,  450,  196,  889,  653,  373,  300,  418,  624,  579,  585,  173,   76,  306,  712,  595,  545,  704,  276,  293,  236,  341,  289,  596,  652,  424,  494,  371,  151,  432,  204,  487,  735,  676,  692,  322,  839,  382,  199,   98,  384,  574,  100,  477,  615,   72,  420,  240,  411,  230,  332,  447,   95,  604,  152,  452,  661,  696,   90,  361,  472,  410,  598,  211,  330,  716,  211,  293,  435,  439,  272,  586,  517,  575,  496,  556,  509,  559,  552,  222,  482,   84,  648,  502,  652,  362,  492,  547,  555,  441,  206,  384,  595,  354,  306,  101,  426,  744,  601,  282,  322,  160,  529,  161,  498,  689,  274,  875,  120,  394,  578,  431],
        [  652,    0,  643,   41,  268,  379,  486,  466,  153,  270,  321,  447,    0,  609,  344,  360,  693,  755,  334,  248,  477,  355,  250,  233,  546,  673,  664,   55,  261,  461,  368,  364,  671,  388,  379,  392,  290,  550,  517,  647,  292,  155,  109,  396,  487,  540,  682,  690,  159,  150,  596,  272,  500,  457,  416,  690,  260,  460,  335,  378,  621,  648,  410,  471,  456,  434,  787,  715,  526,  319,  169,  422,  558,  242,  573,  594,  358,   46,  427,  510,  480,  832,  353,  336,  504,  506,   49,  335,  326,  294,  352,  464,  648,  484,  341,   97,  710,  323,  420,  427,   61,  220,   70,  717,  640,  269,  455,  507,  341,  329,  350,  636,  293,  466,  534,  704,  289,  485,  153,  144,  669,  408,  775,  298,  342,  350,  456,  459,  641,  348,  652,  559,  352,  443,  342,  294,  599,  462],
        [  405,    0,  185,  577,  651,  693,  178,  624,  470,  674,  526,  320,  609,    0,  793,  924,  255,  577,  293,  841,  145,  674,  840,  668,  226,  608,  130,  639,  447,  958,  913,  678,  126,  724,  895,  864,  592,  462,  282,   73,  901,  718,  717,  958,  595,   73,  362,  608,  490,  746,  966,  700,  810,  224,  216,  112,  368,  798,  786,  932, 1005,   56,  915,  221,  518,  418,  589,  280,  245,  442,  762,  268,  182,  373,  729,  512,  638,  586,  245,  911,  467,  673,  651,  719,  239,  681,  611,  705,  859,  495,  635,  990,  400,  613,  383,  551,  291,  569,  413,  869,  669,  602,  649,  260,  295,  494,  793,  373,  899,  463,  640,  663,  478,  853,  870,  738,  488,  209,  725,  584,  114,  256,  679,  878,  576,  269,  641,  179,  263,  280,  814,  993,  581,  950,  320,  383,  896,  747],
        [  638,    0,  890,  336,  606,  153,  732,  299,  457,  120,  662,  508,  344,  793,    0,  208,  764,  660,  506,  248,  649,  153,  242,  565,  814,  542,  887,  292,  347,  713,  172,  155,  803,  129,  126,   72,  633,  497,  579,  801,  367,  444,  331,  226,  343,  740,  694,  562,  336,  394,  253,   95,  194,  719,  578,  897,  441,  151,  641,  197,  277,  812,  666,  735,  373,  431,  693,  979,  608,  646,  406,  533,  811,  456,  343,  510,  192,  388,  553,  166,  431,  703,  695,  665,  595,  298,  390,  104,  128,  302,  190,  210,  636,  326,  652,  435,  763,  666,  741,   86,  323,  563,  392,  974,  921,  299,  147,  516,  187,  660,  692,  462,  626,  127,  206,  500,  308,  745,  432,  244,  808,  539,  626,  499,  685,  594,  275,  615,  912,  519,  389,  222,  243,  691,  473,  598,  276,  194],
        [  829,    0,  989,  375,  570,  358,  829,  504,  509,  287,  667,  674,  360,  924,  208,    0,  936,  864,  631,  128,  780,  354,  123,  522,  898,  748, 1000,  311,  488,  584,   43,  358,  956,  336,   98,  170,  618,  692,  748,  944,  211,  384,  285,   37,  547,  862,  881,  768,  435,  323,  376,  258,  386,  806,  711, 1018,  556,  346,  560,   26,  380,  952,  545,  821,  568,  611,  897, 1067,  772,  677,  326,  684,  905,  557,  547,  711,  390,  403,  699,  297,  622,  910,  661,  608,  756,  505,  391,  303,   82,  464,  387,  124,  826,  531,  701,  454,  941,  658,  778,  218,  310,  545,  372, 1067,  997,  453,  344,  697,   26,  684,  662,  670,  648,  295,  376,  706,  468,  834,  369,  340,  958,  683,  833,  370,  675,  689,  481,  752,  995,  645,  586,  290,  434,  561,  612,  653,  445,  398],
        [  191,    0,  437,  654,  816,  630,  405,  517,  589,  655,  717,  264,  693,  255,  764,  936,    0,  347,  367,  884,  266,  619,  881,  821,  474,  412,  375,  704,  457, 1111,  915,  620,  139,  662,  883,  834,  770,  307,  189,  188,  970,  832,  797,  966,  476,  293,  128,  406,  541,  842,  876,  684,  718,  445,  294,  336,  435,  721,  946,  938,  916,  211, 1063,  448,  411,  334,  352,  528,  170,  633,  861,  272,  433,  461,  593,  337,  579,  686,  268,  842,  350,  437,  839,  892,  190,  563,  712,  663,  860,  472,  578,  973,  188,  497,  578,  667,   37,  758,  633,  824,  748,  759,  750,  505,  550,  485,  717,  252,  911,  658,  829,  490,  661,  786,  779,  553,  469,  441,  835,  615,  153,  287,  460,  988,  769,  427,  540,  258,  518,  355,  664,  929,  523, 1099,  352,  557,  786,  658],
        [  174,    0,  760,  716,  963,  508,  681,  362,  715,  588,  908,  359,  755,  577,  660,  864,  347,    0,  523,  860,  517,  511,  856,  951,  767,  127,  706,  741,  499, 1215,  831,  507,  480,  532,  784,  717,  939,  207,  332,  522,  971,  910,  835,  885,  318,  589,  222,  108,  602,  896,  670,  614,  533,  709,  496,  674,  552,  555, 1073,  856,  708,  546, 1164,  718,  310,  326,   34,  857,  358,  835,  915,  424,  732,  591,  362,  164,  476,  769,  442,  669,  276,   98, 1015, 1043,  377,  374,  792,  562,  783,  464,  480,  856,  179,  334,  793,  774,  316,  942,  871,  688,  792,  903,  824,  836,  862,  488,  554,  276,  841,  860, 1007,  224,  850,  625,  584,  251,  468,  716,  907,  627,  493,  453,  118, 1043,  958,  637,  386,  486,  833,  519,  398,  752,  441, 1198,  475,  752,  562,  489],
        [  375,    0,  389,  297,  461,  425,  239,  397,  223,  387,  387,  165,  334,  293,  506,  631,  367,  523,    0,  552,  150,  403,  551,  460,  330,  489,  382,  355,  162,  746,  620,  409,  339,  454,  604,  577,  424,  330,  211,  318,  622,  467,  441,  665,  384,  235,  383,  499,  198,  480,  702,  412,  553,  240,   84,  392,   77,  534,  585,  639,  739,  323,  698,  255,  312,  224,  548,  483,  207,  313,  498,  107,  317,   95,  518,  387,  373,  321,  101,  638,  289,  616,  499,  539,  183,  456,  347,  426,  566,  222,  368,  699,  370,  396,  273,  301,  388,  423,  358,  586,  392,  401,  386,  475,  440,  214,  528,  248,  606,  338,  490,  502,  329,  580,  611,  582,  213,  261,  470,  291,  338,   82,  586,  624,  437,  128,  407,  127,  424,   15,  609,  716,  321,  734,   56,  230,  649,  492],
        [  800,    0,  889,  271,  442,  374,  731,  511,  401,  274,  543,  622,  248,  841,  248,  128,  884,  860,  552,    0,  701,  362,    7,  395,  793,  753,  906,  206,  427,  476,  154,  368,  887,  362,  193,  247,  491,  671,  697,  869,  121,  257,  161,  161,  549,  775,  844,  772,  354,  196,  470,  251,  442,  704,  634,  929,  475,  398,  436,  152,  482,  874,  433,  718,  553,  575,  893,  962,  715,  559,  199,  620,  804,  469,  580,  700,  389,  288,  631,  384,  599,  918,  534,  481,  697,  526,  273,  315,  143,  421,  384,  249,  796,  537,  587,  338,  893,  532,  660,  296,  192,  419,  249,  964,  888,  404,  394,  659,  118,  564,  535,  687,  527,  365,  448,  735,  422,  732,  241,  270,  887,  614,  846,  259,  549,  592,  491,  677,  888,  566,  635,  398,  419,  453,  542,  541,  518,  435],
        [  348,    0,  275,  442,  557,  553,  164,  496,  347,  530,  452,  199,  477,  145,  649,  780,  266,  517,  150,  701,    0,  533,  700,  567,  254,  520,  249,  502,  303,  858,  769,  538,  199,  583,  751,  720,  507,  363,  189,  171,  767,  597,  585,  815,  471,   98,  328,  524,  348,  618,  828,  556,  674,  194,   72,  250,  226,  660,  689,  789,  866,  173,  812,  202,  394,  293,  536,  375,  159,  368,  635,  135,  224,  236,  608,  418,  499,  458,  110,  770,  351,  615,  575,  631,  142,  554,  483,  563,  715,  353,  495,  846,  342,  488,  313,  428,  296,  493,  372,  726,  536,  502,  522,  361,  356,  351,  654,  270,  756,  392,  565,  559,  396,  712,  733,  637,  345,  199,  603,  441,  195,  116,  605,  757,  504,  164,  511,   40,  331,  136,  696,  851,  442,  848,  176,  293,  764,  611],
        [  486,    0,  791,  330,  621,   26,  640,  152,  421,   95,  643,  370,  355,  674,  153,  354,  619,  511,  403,  362,  533,    0,  356,  588,  728,  396,  779,  314,  243,  787,  322,   10,  670,   51,  278,  219,  632,  345,  438,  672,  480,  492,  387,  376,  193,  628,  543,  416,  277,  454,  300,  112,  160,  634,  463,  781,  351,  133,  685,  347,  337,  686,  737,  649,  221,  286,  544,  885,  469,  608,  471,  407,  718,  377,  227,  358,   40,  392,  429,  238,  279,  560,  702,  691,  460,  167,  403,   51,  272,  182,   41,  361,  484,  179,  600,  427,  616,  657,  693,  206,  360,  568,  419,  878,  838,  190,  126,  368,  331,  627,  697,  326,  597,  180,  211,  376,  190,  658,  483,  216,  675,  418,  486,  585,  676,  510,  131,  496,  824,  413,  299,  321,   97,  766,  360,  545,  261,  110],
        [  796,    0,  890,  271,  447,  368,  731,  506,  402,  269,  546,  619,  250,  840,  242,  123,  881,  856,  551,    7,  700,  356,    0,  399,  794,  748,  906,  207,  425,  482,  149,  363,  885,  356,  187,  240,  495,  667,  694,  868,  127,  261,  164,  157,  544,  775,  841,  768,  353,  200,  464,  245,  436,  704,  633,  929,  474,  392,  441,  147,  476,  873,  439,  719,  549,  571,  889,  963,  713,  561,  205,  618,  805,  469,  575,  696,  384,  290,  630,  378,  595,  913,  539,  486,  695,  521,  275,  310,  136,  418,  379,  244,  793,  532,  589,  340,  890,  536,  663,  289,  194,  423,  252,  965,  889,  401,  388,  656,  113,  567,  539,  681,  530,  359,  441,  730,  419,  733,  246,  268,  886,  612,  841,  266,  553,  592,  486,  676,  890,  565,  629,  392,  415,  460,  541,  543,  512,  430],
        [  825,    0,  636,  261,   49,  612,  504,  692,  240,  502,  185,  610,  233,  668,  565,  522,  821,  951,  460,  395,  567,  588,  399,    0,  526,  883,  679,  279,  456,  292,  545,  597,  762,  620,  571,  601,  113,  745,  669,  724,  362,  139,  244,  555,  709,  596,  841,  899,  357,  201,  817,  501,  731,  462,  528,  719,  407,  691,  126,  546,  839,  718,  247,  472,  668,  626,  981,  678,  667,  246,  201,  565,  555,  371,  803,  795,  590,  199,  560,  729,  681, 1035,  140,  103,  643,  736,  185,  567,  516,  506,  583,  642,  820,  708,  300,  179,  845,  157,  331,  642,  242,   67,  175,  689,  590,  480,  685,  685,  510,  235,  141,  857,  206,  690,  763,  928,  499,  487,  155,  375,  756,  542,  986,  251,  169,  406,  685,  565,  603,  470,  884,  768,  578,  283,  491,  287,  828,  695],
        [  596,    0,  111,  525,  496,  751,   94,  724,  393,  698,  354,  446,  546,  226,  814,  898,  474,  767,  330,  793,  254,  728,  794,  526,    0,  773,  165,  589,  485,  800,  898,  734,  352,  778,  894,  880,  428,  615,  442,  299,  825,  612,  646,  934,  707,  183,  566,  778,  479,  654, 1027,  719,  881,   95,  297,  215,  378,  860,  628,  913, 1062,  279,  762,   80,  631,  534,  785,  170,  411,  281,  666,  376,   44,  359,  842,  671,  700,  509,  351,  958,  595,  865,  472,  550,  395,  783,  529,  746,  848,  550,  695,  987,  590,  721,  228,  462,  509,  395,  215,  898,  604,  461,  562,  172,  111,  538,  853,  522,  876,  294,  461,  808,  321,  901,  937,  887,  540,   70,  623,  576,  339,  350,  858,  764,  396,  220,  735,  290,   99,  322,  933, 1031,  650,  796,  381,  258,  978,  821],
        [  221,    0,  783,  636,  901,  391,  681,  245,  656,  480,  863,  333,  673,  608,  542,  748,  412,  127,  489,  753,  520,  396,  748,  883,  773,    0,  737,  652,  428, 1133,  713,  392,  530,  413,  665,  596,  884,  161,  334,  564,  868,  828,  743,  767,  205,  604,  287,   20,  528,  807,  544,  504,  407,  703,  483,  713,  502,  431, 1001,  739,  582,  587, 1082,  714,  218,  270,  157,  883,  368,  797,  826,  404,  743,  541,  236,  104,  365,  692,  427,  543,  207,  165,  961,  980,  381,  250,  714,  447,  667,  381,  369,  734,  224,  218,  761,  705,  387,  893,  846,  565,  704,  841,  743,  865,  875,  406,  430,  253,  726,  822,  953,   99,  806,  500,  458,  143,  386,  714,  823,  537,  543,  433,  103,  951,  910,  613,  268,  483,  849,  488,  277,  626,  338, 1115,  436,  715,  436,  365],
        [  534,    0,   72,  636,  653,  800,  180,  743,  514,  768,  515,  441,  664,  130,  887, 1000,  375,  706,  382,  906,  249,  779,  906,  679,  165,  737,    0,  701,  542,  959,  994,  784,  238,  830,  982,  957,  587,  590,  409,  188,  953,  751,  769, 1035,  716,  152,  488,  738,  566,  787, 1075,  793,  922,  219,  317,   54,  449,  907,  787, 1011, 1113,  164,  920,  208,  639,  538,  717,  154,  373,  437,  802,  382,  127,  443,  852,  641,  746,  633,  357, 1016,  591,  801,  635,  711,  365,  800,  656,  806,  941,  598,  742, 1077,  529,  733,  380,  591,  411,  556,  379,  967,  724,  612,  692,  132,  190,  593,  901,  500,  976,  453,  624,  791,  476,  958,  981,  866,  590,  193,  761,  664,  224,  364,  809,  908,  559,  315,  759,  288,  155,  369,  938, 1095,  690,  955,  420,  398, 1012,  859],
        [  649,    0,  684,   65,  317,  336,  525,  434,  198,  224,  375,  450,   55,  639,  292,  311,  704,  741,  355,  206,  502,  314,  207,  279,  589,  652,  701,    0,  257,  484,  317,  323,  693,  343,  325,  338,  342,  537,  522,  671,  268,  181,   96,  347,  459,  572,  683,  669,  163,  156,  543,  223,  453,  499,  438,  725,  279,  412,  372,  328,  568,  674,  433,  514,  435,  425,  773,  759,  535,  372,  175,  434,  599,  267,  536,  578,  321,  100,  442,  457,  466,  813,  404,  381,  515,  470,   99,  289,  273,  277,  314,  412,  644,  454,  391,  150,  718,  376,  472,  373,   52,  272,  106,  760,  687,  254,  406,  503,  290,  382,  402,  608,  346,  414,  485,  672,  274,  527,  174,  115,  692,  423,  752,  304,  395,  387,  422,  481,  685,  369,  612,  505,  322,  465,  354,  342,  550,  418],
        [  393,    0,  550,  221,  474,  267,  397,  268,  231,  228,  449,  196,  261,  447,  347,  488,  457,  499,  162,  427,  303,  243,  425,  456,  485,  428,  542,  257,    0,  717,  472,  250,  469,  294,  450,  418,  461,  292,  271,  459,  516,  414,  352,  521,  269,  394,  427,  443,  104,  407,  543,  254,  398,  392,  231,  550,  110,  375,  576,  493,  579,  469,  666,  407,  215,  174,  529,  643,  289,  396,  426,  196,  476,  142,  390,  340,  217,  271,  212,  477,  225,  580,  537,  553,  271,  323,  294,  265,  417,   69,  211,  545,  389,  275,  375,  278,  467,  474,  468,  425,  305,  414,  328,  636,  595,   54,  369,  248,  463,  418,  530,  410,  395,  419,  453,  486,   60,  415,  413,  159,  471,  197,  530,  557,  492,  269,  271,  270,  581,  174,  480,  554,  171,  701,  128,  322,  497,  339],
        [ 1102,    0,  910,  499,  309,  807,  790,  917,  524,  693,  446,  889,  461,  958,  713,  584, 1111, 1215,  746,  476,  858,  787,  482,  292,  800, 1133,  959,  484,  717,    0,  621,  795, 1054,  805,  667,  722,  373, 1008,  952, 1015,  374,  306,  401,  605,  942,  886, 1123, 1150,  614,  333,  946,  681,  903,  746,  817, 1002,  687,  859,  174,  610,  957, 1008,   51,  754,  916,  891, 1246,  939,  953,  524,  317,  849,  833,  655, 1013, 1054,  800,  447,  847,  859,  940, 1292,  335,  251,  929,  950,  423,  752,  618,  754,  794,  704, 1097,  938,  581,  450, 1133,  406,  590,  770,  433,  357,  392,  953,  848,  729,  854,  958,  584,  507,  345, 1091,  485,  836,  918, 1155,  749,  769,  311,  598, 1048,  828, 1235,  217,  407,  697,  904,  856,  866,  757, 1083,  870,  805,   24,  773,  576,  988,  883],
        [  801,    0,  986,  378,  591,  323,  826,  470,  512,  262,  681,  653,  368,  913,  172,   43,  915,  831,  620,  154,  769,  322,  149,  545,  898,  713,  994,  317,  472,  621,    0,  325,  940,  300,   56,  129,  636,  663,  727,  931,  249,  408,  303,   55,  513,  853,  855,  733,  428,  347,  334,  233,  345,  805,  699, 1010,  547,  305,  590,   26,  340,  939,  580,  820,  539,  587,  863, 1067,  752,  687,  353,  667,  903,  551,  508,  680,  358,  412,  684,  255,  594,  874,  683,  634,  737,  468,  403,  271,   56,  443,  356,   99,  799,  497,  707,  464,  918,  675,  787,  175,  322,  563,  388, 1066,  999,  434,  303,  673,   38,  695,  684,  633,  659,  253,  334,  667,  448,  833,  393,  331,  943,  668,  796,  405,  693,  685,  446,  740,  996,  634,  545,  250,  405,  598,  598,  657,  402,  359],
        [  485,    0,  797,  339,  630,   18,  646,  147,  430,  103,  652,  373,  364,  678,  155,  358,  620,  507,  409,  368,  538,   10,  363,  597,  734,  392,  784,  323,  250,  795,  325,    0,  673,   46,  280,  220,  641,  344,  441,  676,  486,  500,  395,  379,  189,  633,  543,  411,  285,  463,  293,  119,  151,  641,  468,  786,  358,  126,  694,  350,  330,  690,  746,  656,  220,  288,  540,  892,  472,  616,  479,  411,  725,  384,  219,  356,   42,  401,  434,  234,  279,  555,  711,  700,  463,  160,  412,   56,  276,  187,   44,  362,  483,  174,  608,  436,  617,  666,  701,  205,  369,  577,  428,  884,  844,  197,  120,  369,  335,  635,  706,  319,  606,  175,  204,  369,  196,  665,  491,  225,  678,  423,  480,  593,  685,  517,  125,  501,  831,  420,  290,  317,  100,  775,  365,  553,  253,  101],
        [  314,    0,  303,  635,  750,  685,  297,  594,  545,  687,  635,  300,  671,  126,  803,  956,  139,  480,  339,  887,  199,  670,  885,  762,  352,  530,  238,  693,  469, 1054,  940,  673,    0,  717,  915,  875,  695,  403,  238,   54,  960,  796,  779,  989,  558,  182,  259,  527,  533,  815,  948,  716,  790,  341,  256,  198,  414,  785,  884,  961,  988,   76, 1008,  341,  484,  391,  487,  391,  203,  550,  832,  273,  308,  430,  685,  444,  632,  655,  257,  903,  426,  572,  760,  822,  210,  646,  681,  708,  885,  502,  629, 1009,  310,  577,  492,  627,  175,  677,  532,  873,  729,  697,  719,  367,  418,  508,  780,  325,  931,  573,  749,  599,  582,  846,  851,  668,  497,  330,  801,  620,   15,  274,  590,  955,  686,  357,  614,  213,  385,  325,  764,  989,  573, 1045,  346,  482,  868,  727],
        [  521,    0,  842,  367,  655,   32,  690,  172,  465,  119,  685,  418,  388,  724,  129,  336,  662,  532,  454,  362,  583,   51,  356,  620,  778,  413,  830,  343,  294,  805,  300,   46,  717,    0,  252,  186,  670,  379,  484,  721,  482,  517,  408,  355,  217,  678,  582,  433,  323,  475,  249,  125,  115,  685,  514,  832,  402,   83,  713,  326,  286,  735,  756,  700,  257,  330,  565,  936,  516,  653,  490,  457,  769,  426,  219,  387,   86,  427,  479,  188,  317,  574,  739,  723,  507,  169,  436,   55,  256,  232,   89,  327,  520,  199,  647,  465,  658,  697,  740,  165,  386,  605,  448,  929,  888,  241,   77,  411,  315,  671,  735,  334,  641,  130,  162,  375,  241,  709,  507,  254,  723,  469,  497,  598,  716,  561,  147,  546,  875,  464,  278,  272,  144,  784,  411,  592,  216,   78],
        [  762,    0,  978,  383,  617,  277,  818,  423,  515,  230,  697,  624,  379,  895,  126,   98,  883,  784,  604,  193,  751,  278,  187,  571,  894,  665,  982,  325,  450,  667,   56,  280,  915,  252,    0,   74,  656,  622,  697,  909,  298,  437,  328,  105,  467,  838,  818,  685,  417,  378,  283,  201,  291,  800,  680,  995,  533,  251,  625,   79,  291,  918,  624,  815,  498,  552,  817, 1062,  724,  696,  386,  643,  896,  541,  456,  636,  316,  424,  661,  201,  555,  824,  708,  664,  710,  417,  418,  228,   55,  415,  315,   96,  760,  451,  712,  474,  884,  694,  795,  120,  339,  584,  407, 1060,  997,  408,  250,  637,   86,  706,  708,  582,  671,  198,  278,  614,  420,  827,  423,  320,  919,  646,  746,  450,  712,  678,  399,  719,  992,  617,  490,  206,  367,  644,  577,  660,  347,  307],
        [  704,    0,  959,  388,  644,  214,  800,  357,  516,  191,  712,  579,  392,  864,   72,  170,  834,  717,  577,  247,  720,  219,  240,  601,  880,  596,  957,  338,  418,  722,  129,  220,  875,  186,   74,    0,  678,  563,  650,  872,  360,  473,  360,  179,  402,  810,  762,  616,  401,  418,  225,  165,  217,  786,  649,  967,  510,  178,  667,  153,  241,  883,  678,  801,  439,  501,  749, 1046,  679,  702,  428,  605,  879,  523,  383,  572,  258,  437,  625,  138,  498,  754,  735,  698,  667,  347,  435,  172,  106,  373,  258,  142,  702,  385,  712,  485,  833,  713,  799,   50,  362,  606,  431, 1042,  986,  371,  176,  585,  155,  715,  734,  512,  680,  126,  208,  542,  380,  812,  459,  307,  879,  611,  675,  505,  732,  662,  332,  686,  979,  589,  416,  168,  312,  699,  544,  658,  277,  236],
        [  798,    0,  538,  304,   71,  657,  419,  716,  230,  554,   76,  585,  290,  592,  633,  618,  770,  939,  424,  491,  507,  632,  495,  113,  428,  884,  587,  342,  461,  373,  636,  641,  695,  670,  656,  678,    0,  736,  635,  653,  471,  243,  333,  652,  726,  521,  805,  898,  372,  302,  885,  559,  783,  375,  480,  630,  387,  746,  201,  640,  910,  644,  335,  382,  675,  618,  966,  573,  626,  152,  306,  530,  460,  348,  834,  789,  626,  246,  520,  799,  678, 1028,   77,  128,  602,  765,  244,  619,  602,  520,  619,  734,  793,  729,  210,  206,  797,   44,  223,  715,  318,   73,  250,  585,  484,  495,  740,  665,  603,  135,   70,  870,  115,  755,  821,  945,  512,  397,  258,  417,  688,  504,  986,  363,   59,  343,  713,  512,  499,  432,  919,  846,  605,  369,  465,  214,  884,  741],
        [  143,    0,  631,  510,  758,  350,  522,  218,  510,  407,  710,  173,  550,  462,  497,  692,  307,  207,  330,  671,  363,  345,  667,  745,  615,  161,  590,  537,  292, 1008,  663,  344,  403,  379,  622,  563,  736,    0,  182,  428,  778,  704,  632,  717,  174,  451,  206,  169,  395,  693,  574,  435,  418,  543,  322,  571,  350,  426,  866,  688,  614,  449,  957,  554,  125,  120,  238,  732,  218,  641,  711,  244,  586,  389,  286,   58,  306,  562,  267,  547,   73,  292,  813,  838,  227,  259,  585,  394,  611,  261,  308,  705,  142,  194,  603,  567,  294,  742,  687,  543,  588,  697,  618,  715,  718,  284,  423,   94,  668,  666,  804,  201,  652,  495,  478,  277,  264,  554,  702,  426,  413,  273,  256,  841,  758,  453,  243,  325,  693,  329,  362,  634,  259,  992,  278,  558,  480,  361],
        [  169,    0,  451,  477,  671,  452,  352,  356,  430,  468,  594,   76,  517,  282,  579,  748,  189,  332,  211,  697,  189,  438,  694,  669,  442,  334,  409,  522,  271,  952,  727,  441,  238,  484,  697,  650,  635,  182,    0,  253,  786,  662,  617,  779,  322,  271,  172,  337,  360,  666,  711,  497,  553,  378,  167,  392,  266,  549,  794,  750,  751,  273,  902,  388,  247,  155,  353,  551,   38,  515,  685,  105,  410,  298,  452,  234,  399,  514,  116,  669,  191,  429,  709,  750,   48,  409,  540,  480,  672,  285,  398,  788,  163,  341,  468,  502,  197,  631,  542,  644,  568,  611,  577,  534,  542,  297,  545,   92,  723,  541,  700,  382,  535,  611,  614,  458,  281,  386,  663,  429,  246,  132,  417,  814,  645,  311,  377,  155,  515,  203,  535,  755,  342,  938,  180,  433,  631,  490],
        [  352,    0,  251,  612,  710,  690,  247,  607,  514,  683,  590,  306,  647,   73,  801,  944,  188,  522,  318,  869,  171,  672,  868,  724,  299,  564,  188,  671,  459, 1015,  931,  676,   54,  721,  909,  872,  653,  428,  253,    0,  937,  765,  755,  978,  574,  134,  303,  563,  515,  788,  958,  710,  800,  292,  235,  152,  394,  792,  844,  951,  997,   25,  971,  291,  499,  402,  531,  341,  216,  505,  804,  268,  255,  406,  705,  473,  636,  627,  249,  909,  444,  616,  715,  780,  218,  662,  652,  708,  876,  500,  633, 1003,  348,  593,  447,  596,  224,  633,  483,  873,  706,  658,  691,  319,  365,  503,  787,  345,  920,  528,  705,  627,  539,  850,  861,  699,  493,  280,  771,  606,   41,  263,  629,  925,  641,  320,  627,  193,  332,  304,  787,  993,  577, 1007,  333,  441,  882,  737],
        [  901,    0,  927,  326,  410,  493,  773,  627,  439,  389,  534,  712,  292,  901,  367,  211,  970,  971,  622,  121,  767,  480,  127,  362,  825,  868,  953,  268,  516,  374,  249,  486,  960,  482,  298,  360,  471,  778,  786,  937,    0,  229,  184,  232,  664,  832,  941,  887,  430,  175,  580,  368,  561,  741,  705,  981,  546,  517,  368,  237,  587,  939,  336,  755,  662,  675, 1004,  991,  801,  567,  167,  701,  842,  532,  700,  810,  505,  320,  709,  496,  705, 1032,  497,  430,  781,  645,  297,  434,  254,  521,  500,  330,  897,  653,  605,  364,  982,  514,  666,  409,  232,  403,  263,  996,  911,  501,  514,  758,  213,  567,  501,  804,  531,  482,  564,  854,  521,  769,  215,  360,  959,  691,  962,  162,  528,  640,  609,  748,  916,  636,  755,  499,  531,  351,  621,  567,  635,  556],
        [  804,    0,  718,  195,  187,  513,  572,  614,  251,  400,  305,  595,  155,  718,  444,  384,  832,  910,  467,  257,  597,  492,  261,  139,  612,  828,  751,  181,  414,  306,  408,  500,  796,  517,  437,  473,  243,  704,  662,  765,  229,    0,  115,  416,  638,  647,  830,  845,  312,   62,  694,  393,  622,  534,  545,  785,  399,  580,  198,  408,  713,  762,  255,  547,  610,  588,  942,  774,  668,  343,   63,  563,  634,  372,  716,  749,  501,  149,  565,  606,  635,  987,  278,  227,  645,  650,  123,  462,  383,  448,  494,  505,  800,  634,  386,  169,  851,  286,  440,  517,  132,  175,   87,  781,  690,  423,  575,  659,  373,  341,  280,  787,  306,  571,  647,  853,  444,  562,   16,  293,  792,  546,  929,  161,  301,  450,  602,  586,  698,  479,  790,  638,  501,  288,  484,  356,  716,  594],
        [  744,    0,  746,  144,  290,  407,  591,  518,  256,  293,  383,  545,  109,  717,  331,  285,  797,  835,  441,  161,  585,  387,  164,  244,  646,  743,  769,   96,  352,  401,  303,  395,  779,  408,  328,  360,  333,  632,  617,  755,  184,  115,    0,  320,  546,  648,  778,  761,  257,   68,  580,  284,  511,  559,  524,  797,  366,  468,  311,  307,  599,  756,  351,  573,  528,  521,  867,  813,  628,  400,   85,  526,  661,  350,  613,  672,  400,  137,  532,  492,  560,  905,  381,  339,  607,  550,  117,  354,  273,  372,  394,  401,  740,  540,  432,  184,  812,  374,  502,  403,   50,  261,   90,  817,  736,  349,  463,  599,  270,  405,  381,  694,  368,  457,  534,  756,  369,  588,  102,  208,  777,  513,  843,  209,  391,  456,  504,  567,  738,  455,  684,  525,  409,  380,  445,  390,  603,  485],
        [  855,    0, 1025,  411,  603,  378,  865,  524,  545,  315,  702,  704,  396,  958,  226,   37,  966,  885,  665,  161,  815,  376,  157,  555,  934,  767, 1035,  347,  521,  605,   55,  379,  989,  355,  105,  179,  652,  717,  779,  978,  232,  416,  320,    0,  568,  897,  908,  787,  471,  355,  370,  286,  395,  842,  745, 1054,  591,  356,  589,   30,  370,  986,  567,  857,  593,  640,  918, 1104,  803,  713,  358,  716,  942,  593,  561,  734,  413,  439,  732,  295,  648,  928,  694,  639,  787,  521,  427,  325,  108,  495,  411,  100,  853,  552,  737,  491,  970,  693,  814,  223,  346,  579,  407, 1104, 1033,  484,  354,  726,   60,  720,  695,  686,  684,  300,  379,  719,  498,  870,  401,  375,  991,  716,  850,  392,  709,  725,  500,  786, 1031,  679,  594,  277,  459,  582,  645,  689,  446,  412],
