{
    "name": "random-81-7791",
    "comment": "size=81 seed=7791",
    "nodes": ["+0", "-0", "+1", "-1", "+2", "-2", "+3", "-3", "+4", "-4", "+5", "-5", "+6", "-6", "+7", "-7", "+8", "-8", "+9", "-9", "+10", "-10", "+11", "-11", "+12", "-12", "+13", "-13", "+14", "-14", "+15", "-15", "+16", "-16", "+17", "-17", "+18", "-18", "+19", "-19", "+20", "-20", "+21", "-21", "+22", "-22", "+23", "-23", "+24", "-24", "+25", "-25", "+26", "-26", "+27", "-27", "+28", "-28", "+29", "-29", "+30", "-30", "+31", "-31", "+32", "-32", "+33", "-33", "+34", "-34", "+35", "-35", "+36", "-36", "+37", "-37", "+38", "-38", "+39", "-39", "+40", "-40", "+41", "-41", "+42", "-42", "+43", "-43", "+44", "-44", "+45", "-45", "+46", "-46", "+47", "-47", "+48", "-48", "+49", "-49", "+50", "-50", "+51", "-51", "+52", "-52", "+53", "-53", "+54", "-54", "+55", "-55", "+56", "-56", "+57", "-57", "+58", "-58", "+59", "-59", "+60", "-60", "+61", "-61", "+62", "-62", "+63", "-63", "+64", "-64", "+65", "-65", "+66", "-66", "+67", "-67", "+68", "-68", "+69", "-69", "+70", "-70", "+71", "-71", "+72", "-72", "+73", "-73", "+74", "-74", "+75", "-75", "+76", "-76", "+77", "-77", "+78", "-78", "+79", "-79", "+80", "-80", "+81", "-81"],
    "precedence": {
        "+0": "-0",
        "+1": "-1",
        "+2": "-2",
        "+3": "-3",
        "+4": "-4",
        "+5": "-5",
        "+6": "-6",
        "+7": "-7",
        "+8": "-8",
        "+9": "-9",
        "+10": "-10",
        "+11": "-11",
        "+12": "-12",
        "+13": "-13",
        "+14": "-14",
        "+15": "-15",
        "+16": "-16",
        "+17": "-17",
        "+18": "-18",
        "+19": "-19",
        "+20": "-20",
        "+21": "-21",
        "+22": "-22",
        "+23": "-23",
        "+24": "-24",
        "+25": "-25",
        "+26": "-26",
        "+27": "-27",
        "+28": "-28",
        "+29": "-29",
        "+30": "-30",
        "+31": "-31",
        "+32": "-32",
        "+33": "-33",
        "+34": "-34",
        "+35": "-35",
        "+36": "-36",
        "+37": "-37",
        "+38": "-38",
        "+39": "-39",
        "+40": "-40",
        "+41": "-41",
        "+42": "-42",
        "+43": "-43",
        "+44": "-44",
        "+45": "-45",
        "+46": "-46",
        "+47": "-47",
        "+48": "-48",
        "+49": "-49",
        "+50": "-50",
        "+51": "-51",
        "+52": "-52",
        "+53": "-53",
        "+54": "-54",
        "+55": "-55",
        "+56": "-56",
        "+57": "-57",
        "+58": "-58",
        "+59": "-59",
        "+60": "-60",
        "+61": "-61",
        "+62": "-62",
        "+63": "-63",
        "+64": "-64",
        "+65": "-65",
        "+66": "-66",
        "+67": "-67",
        "+68": "-68",
        "+69": "-69",
        "+70": "-70",
        "+71": "-71",
        "+72": "-72",
        "+73": "-73",
        "+74": "-74",
        "+75": "-75",
        "+76": "-76",
        "+77": "-77",
        "+78": "-78",
        "+79": "-79",
        "+80": "-80",
        "+81": "-81"
    },
    "edges": [
        [    0,    0,  481,  186,  181,  342,  297,  242,  200,  560,  356,  351,  701,  450,  408,  143,  189,  487,  723,  417,  430,  133,  408,  444,  192,  507,  450,   98,  632,  219,  444,  395,  550,  568,  596,  519,  312,  498,  402,  302,  469,  622,  311,  185,  283,  436,  570,  119,  431,  360,  651,  330,  667,  419,  413,  250,  469,  354,  154,  182,  333,  637,  366,  696,  526,  525,  252,  132,  731,  474,  285,  618,  424,  651,  178,  611,  195,  483,  596,  409,  319,  590,  401,  538,  680,  210,  301,  488,  566,  285,  449,  422,  158,  295,  101,  609,  411,  516,  382,  332,  281,  451,  168,  574,   23,  165,  582,  480,  368,  312,  414,  476,  518,  131,  434,  339,  651,  451,  377,  354,  776,  598,  331,  227,  577,  472,  683,  266,  420,  247,  632,  747,  563,  546,  386,  313,  316,  403,  622,  451,  529,  261,  429,  676,  417,  143,  344,  355,  410,  573,  520,  274,  249,  667,  544,  523,  525,   36,  493,  155,  181,  162,  459,  646],
        [    0,    0,    0,    0,    0,    0,    0,    0,    0,    0,    0,    0,    0,    0,    0,    0,    0,    0,    0,    0,    0,    0,    0,    0,    0,    0,    0,    0,    0,    0,    0,    0,    0,    0,    0,    0,    0,    0,    0,    0,    0,    0,    0,    0,    0,    0,    0,    0,    0,    0,    0,    0,    0,    0,    0,    0,    0,    0,    0,    0,    0,    0,    0,    0,    0,    0,    0,    0,    0,    0,    0,    0,    0,    0,    0,    0,    0,    0,    0,    0,    0,    0,    0,    0,    0,    0,    0,    0,    0,    0,    0,    0,    0,    0,    0,    0,    0,    0,    0,    0,    0,    0,    0,    0,    0,    0,    0,    0,    0,    0,    0,    0,    0,    0,    0,    0,    0,    0,    0,    0,    0,    0,    0,    0,    0,    0,    0,    0,    0,    0,    0,    0,    0,    0,    0,    0,    0,    0,    0,    0,    0,    0,    0,    0,    0,    0,    0,    0,    0,    0,    0,    0,    0,    0,    0,    0,    0,    0,    0,    0,    0,    0,    0,    0],
        [  481,    0,    0,  505,  539,  748,  184,  335,  628,  691,  218,  209,  360,  527,   75,  598,  441,  385,  400,   85,  908,  611,  477,  849,  671,  873,  504,  439,  664,  522,  540,  582,  177,  930,  688,  232,  589,  535,  637,  440,  874,  560,  346,  357,  416,  563,  940,  362,  824,  563,  418,  252,  336,  732,  891,  591,  934,  397,  529,  652,  638,  592,  842,  986, 1005,  966,  731,  470,  867,  907,  700,  572,  894,  728,  391,  552,  598,  959, 1076,  147,  213,  866,  867,  107,  704,  341,  581,  389,  257,  202,  304,  444,  625,  767,  445,  865,  215,  590,  626,  578,  240,  775,  330,  639,  495,  324,  902,  958,  450,  603,  379,  951,  815,  415,  876,  811, 1131,   52,  176,  453,  979,  596,  464,  610,  640,  946,  801,  220,  817,  234, 1112,  938,  581,  721,  341,  298,  788,   93,  708,  562,  957,  391,  628,  331,  365,  617,  150,  359,  305, 1039,  866,  545,  271,  938, 1013,  239,  721,  502,  813,  605,  301,  572,   27,  461],
        [  186,    0,  505,    0,  366,  244,  337,  176,  365,  375,  313,  448,  624,  623,  445,  302,   65,  365,  636,  466,  501,  250,  576,  345,  286,  378,  285,  108,  455,   35,  620,  578,  512,  438,  413,  456,  497,  668,  218,  472,  370,  464,  210,  149,  449,  257,  445,  214,  321,  543,  541,  278,  590,  257,  479,  434,  451,  221,   51,  312,  162,  475,  385,  536,  549,  465,  311,   60,  546,  405,  199,  457,  422,  468,  338,  454,  105,  556,  644,  486,  298,  423,  388,  527,  502,  164,  119,  363,  499,  352,  355,  273,  298,  401,  101,  436,  512,  339,  199,  517,  266,  296,  192,  395,  171,  208,  430,  499,  536,  134,  289,  552,  354,  298,  378,  438,  685,  493,  350,  198,  597,  430,  169,  107,  398,  552,  498,  295,  314,  295,  660,  566,  394,  361,  278,  443,  328,  453,  439,  273,  453,  144,  244,  604,  297,  275,  405,  240,  316,  554,  379,   89,  358,  500,  532,  458,  341,  216,  338,  313,  243,   94,  479,  521],
        [  181,    0,  539,  366,    0,  480,  375,  397,  105,  740,  480,  354,  823,  307,  465,  120,  366,  645,  851,  460,  415,  188,  279,  573,  230,  651,  626,  275,  811,  399,  296,  228,  653,  710,  776,  641,  134,  359,  580,  187,  595,  792,  471,  342,  184,  616,  707,  231,  567,  193,  795,  464,  790,  585,  406,   72,  534,  522,  330,  177,  506,  810,  417,  854,  548,  618,  297,  312,  910,  579,  426,  790,  482,  831,  148,  781,  356,  458,  586,  425,  436,  756,  473,  621,  858,  364,  479,  646,  688,  340,  594,  592,  156,  268,  278,  777,  396,  695,  561,  158,  402,  612,  302,  753,  196,  288,  737,  512,  248,  488,  576,  447,  682,  131,  534,  308,  650,  497,  489,  529,  949,  774,  508,  391,  756,  439,  863,  361,  554,  332,  640,  921,  740,  725,  543,  278,  384,  449,  802,  630,  635,  430,  609,  796,  576,  169,  389,  516,  557,  630,  670,  454,  269,  831,  597,  646,  703,  150,  653,  118,  281,  326,  524,  800],
        [  342,    0,  748,  244,  480,    0,  576,  418,  423,  413,  554,  673,  840,  780,  687,  369,  308,  561,  846,  706,  383,  296,  743,  105,  280,  171,  433,  323,  537,  231,  772,  707,  748,  230,  467,  686,  607,  831,  250,  639,  130,  602,  439,  391,  623,  366,  230,  428,   90,  673,  736,  518,  808,  160,  359,  530,  241,  428,  224,  336,  166,  600,  231,  383,  365,  225,  246,  283,  525,  164,   57,  588,  233,  514,  520,  593,  157,  429,  475,  720,  541,  305,  195,  768,  575,  408,  207,  559,  725,  586,  574,  451,  342,  356,  316,  334,  736,  440,  237,  635,  509,  162,  427,  476,  320,  440,  264,  318,  706,  190,  492,  431,  232,  473,  145,  373,  500,  735,  592,  382,  512,  544,  353,  139,  479,  436,  503,  535,   78,  532,  470,  495,  509,  366,  495,  650,  191,  692,  488,  384,  210,  376,  294,  823,  504,  321,  642,  457,  539,  332,  194,  231,  576,  371,  317,  686,  334,  353,  194,  378,  473,  188,  722,  702],
        [  297,    0,  184,  337,  375,  576,    0,  187,  455,  593,  144,  147,  456,  449,  114,  419,  277,  350,  488,  131,  726,  429,  394,  679,  489,  713,  416,  259,  601,  359,  456,  470,  279,  772,  604,  279,  449,  473,  502,  324,  704,  528,  230,  189,  296,  456,  780,  179,  657,  444,  457,  155,  425,  581,  709,  435,  752,  294,  354,  471,  484,  555,  658,  849,  821,  789,  548,  294,  777,  732,  525,  534,  712,  652,  234,  518,  422,  778,  893,  157,  103,  730,  685,  249,  647,  180,  429,  353,  324,   50,  275,  360,  444,  586,  266,  735,  203,  505,  488,  446,   98,  623,  151,  561,  312,  142,  755,  774,  358,  450,  308,  770,  671,  245,  699,  630,  948,  160,  131,  340,  869,  542,  341,  438,  563,  765,  714,   43,  649,   51,  929,  831,  517,  610,  265,  202,  605,  117,  627,  460,  783,  250,  503,  428,  299,  435,   74,  263,  251,  858,  711,  392,  128,  806,  831,  286,  604,  320,  663,  428,  117,  395,  162,  479],
        [  242,    0,  335,  176,  397,  418,  187,    0,  440,  416,  138,  324,  467,  576,  283,  385,  111,  249,  486,  309,  648,  362,  524,  517,  414,  539,  253,  153,  444,  189,  579,  564,  339,  596,  433,  290,  510,  612,  316,  430,  541,  401,   75,   58,  403,  277,  606,  170,  491,  532,  409,  104,  433,  400,  627,  468,  624,  133,  211,  419,  304,  423,  548,  664,  714,  641,  457,  159,  600,  581,  374,  402,  592,  485,  301,  390,  277,  702,  802,  344,  124,  545,  559,  351,  492,   34,  247,  250,  336,  219,  208,  206,  397,  526,  155,  549,  385,  337,  302,  519,   97,  443,  100,  396,  243,  119,  572,  665,  483,  269,  180,  697,  487,  282,  554,  568,  848,  330,  175,  164,  685,  395,  158,  283,  399,  695,  539,  146,  485,  162,  825,  648,  365,  427,  147,  351,  492,  296,  458,  284,  628,   65,  317,  444,  180,  379,  260,  120,  168,  728,  532,  211,  260,  620,  704,  293,  419,  276,  482,  396,  146,  258,  309,  406],
        [  200,    0,  628,  365,  105,  423,  455,  440,    0,  734,  543,  453,  890,  396,  554,   64,  384,  686,  914,  552,  310,  131,  375,  506,  148,  592,  644,  297,  820,  395,  383,  301,  728,  648,  776,  707,  195,  449,  565,  289,  526,  818,  510,  383,  288,  621,  643,  291,  506,  270,  847,  522,  856,  548,  301,  117,  441,  553,  320,   90,  482,  833,  323,  805,  446,  533,  208,  322,  894,  499,  373,  814,  388,  830,  244,  807,  325,  353,  482,  522,  502,  716,  383,  703,  866,  407,  465,  687,  754,  427,  645,  619,   82,  164,  298,  741,  498,  703,  545,  227,  465,  569,  356,  759,  204,  347,  686,  411,  348,  470,  613,  343,  641,  214,  454,  203,  545,  589,  558,  550,  917,  791,  525,  360,  762,  335,  853,  434,  492,  409,  536,  893,  756,  711,  585,  381,  297,  540,  802,  637,  554,  459,  599,  864,  616,  105,  480,  554,  607,  533,  616,  448,  362,  788,  500,  712,  686,  165,  608,   52,  350,  301,  612,  845],
        [  560,    0,  691,  375,  740,  413,  593,  416,  734,    0,  478,  736,  591,  979,  665,  671,  383,  331,  578,  697,  791,  610,  929,  441,  629,  380,  188,  472,  135,  343,  979,  947,  594,  403,   56,  512,  871, 1019,  176,  829,  452,  247,  364,  445,  803,  139,  423,  558,  409,  913,  451,  450,  568,  260,  767,  809,  643,  302,  416,  669,  268,  229,  642,  349,  773,  584,  627,  430,  185,  531,  423,  228,  644,  102,  693,  243,  417,  839,  886,  746,  501,  248,  606,  652,  164,  437,  270,  327,  529,  632,  399,  248,  661,  734,  467,  226,  796,  106,  194,  889,  496,  280,  503,   89,  546,  523,  326,  729,  888,  269,  313,  840,  251,  660,  537,  762,  905,  707,  518,  254,  290,  174,  259,  385,   90,  845,  126,  557,  416,  576,  873,  248,  154,   62,  350,  765,  597,  686,   75,  134,  545,  354,  136,  587,  328,  637,  665,  337,  388,  716,  345,  288,  674,  293,  710,  508,   90,  591,  284,  683,  556,  436,  666,  396],
        [  356,    0,  218,  313,  480,  554,  144,  138,  543,  478,    0,  286,  347,  592,  187,  495,  249,  207,  372,  221,  777,  484,  537,  651,  540,  665,  293,  281,  468,  323,  598,  606,  202,  719,  480,  164,  574,  617,  420,  461,  675,  386,  129,  183,  433,  347,  731,  253,  623,  578,  321,   37,  314,  520,  757,  547,  762,  180,  349,  537,  428,  414,  684,  769,  850,  778,  588,  295,  658,  717,  511,  393,  729,  525,  354,  376,  415,  831,  935,  276,   46,  649,  697,  215,  512,  159,  371,  209,  212,  193,  131,  233,  513,  649,  284,  647,  335,  382,  411,  575,   79,  563,  189,  434,  362,  197,  687,  801,  500,  393,  173,  825,  599,  352,  691,  692,  983,  229,   43,  236,  764,  405,  247,  420,  436,  822,  593,  131,  618,  162,  960,  724,  384,  505,  132,  346,  628,  211,  502,  347,  763,  182,  410,  322,  162,  498,  203,  143,  108,  866,  654,  336,  266,  720,  842,  169,  504,  386,  600,  505,  199,  396,  192,  337],
        [  351,    0,  209,  448,  354,  673,  147,  324,  453,  736,  286,    0,  554,  327,  147,  435,  396,  492,  591,  125,  752,  468,  274,  777,  527,  823,  562,  351,  747,  475,  338,  374,  367,  884,  749,  394,  384,  342,  634,  233,  802,  672,  375,  311,  210,  598,  890,  246,  759,  355,  581,  300,  526,  702,  739,  396,  819,  439,  452,  495,  605,  700,  713,  977,  867,  872,  594,  395,  920,  818,  618,  678,  773,  797,  209,  662,  516,  800,  924,   72,  248,  860,  751,  310,  793,  309,  553,  495,  432,  106,  414,  506,  468,  606,  359,  867,   65,  650,  619,  371,  243,  742,  258,  707,  371,  241,  876,  824,  244,  572,  454,  791,  796,  246,  781,  649,  984,  159,  263,  483, 1008,  687,  481,  539,  709,  784,  858,  180,  749,  163,  969,  971,  663,  750,  411,   90,  665,  119,  773,  604,  873,  387,  640,  525,  445,  466,   86,  409,  394,  923,  826,  516,  102,  936,  893,  401,  742,  360,  784,  441,  205,  485,  204,  611],
        [  701,    0,  360,  624,  823,  840,  456,  467,  890,  591,  347,  554,    0,  880,  408,  841,  565,  285,   43,  435, 1114,  827,  827,  921,  880,  906,  437,  619,  498,  621,  891,  920,  188,  949,  559,  183,  905,  891,  634,  774,  942,  363,  415,  521,  747,  516,  966,  599,  890,  896,  145,  371,   34,  755, 1093,  887, 1069,  413,  668,  882,  684,  393, 1007,  937, 1172, 1062,  923,  623,  723, 1001,  809,  382, 1044,  575,  688,  362,  727, 1169, 1265,  504,  388,  827, 1009,  255,  518,  495,  634,  288,  136,  501,  269,  398,  858,  992,  622,  811,  572,  489,  635,  902,  425,  794,  535,  508,  706,  543,  892, 1122,  796,  654,  348, 1163,  803,  693,  984, 1034, 1308,  410,  334,  460,  863,  431,  488,  721,  508, 1161,  658,  464,  889,  493, 1283,  821,  439,  644,  348,  638,  951,  437,  568,  504, 1038,  481,  603,   30,  336,  842,  475,  386,  308, 1169,  883,  610,  581,  882, 1149,  179,  660,  733,  820,  852,  543,  715,  355,  207],
        [  450,    0,  527,  623,  307,  780,  449,  576,  396,  979,  592,  327,  880,    0,  473,  426,  599,  794,  917,  447,  688,  494,   55,  876,  535,  950,  829,  516, 1020,  657,   20,  114,  693, 1010, 1004,  718,  211,   54,  839,  151,  899,  967,  645,  537,  177,  843, 1009,  422,  869,  133,  902,  595,  852,  868,  684,  282,  836,  708,  601,  480,  780,  992,  718, 1144,  834,  924,  600,  563, 1160,  885,  725,  970,  783, 1057,  287,  956,  643,  720,  851,  380,  547, 1039,  777,  632, 1068,  549,  741,  796,  758,  399,  722,  781,  461,  552,  523, 1056,  315,  911,  821,  178,  528,  900,  480,  971,  470,  460, 1030,  803,   94,  755,  742,  708,  967,  326,  840,  583,  917,  476,  578,  737, 1220,  969,  724,  676,  973,  698, 1105,  464,  856,  435,  914, 1188,  940,  977,  700,  248,  688,  444, 1030,  854,  941,  631,  859,  851,  736,  475,  409,  687,  695,  927,  966,  710,  327, 1116,  894,  725,  960,  431,  942,  422,  430,  610,  527,  927],
        [  408,    0,   75,  445,  465,  687,  114,  283,  554,  665,  187,  147,  408,  473,    0,  524,  384,  380,  445,   35,  835,  539,  420,  789,  599,  819,  480,  373,  652,  466,  484,  518,  221,  877,  667,  254,  519,  485,  594,  374,  814,  560,  307,  297,  349,  531,  886,  290,  766,  498,  444,  216,  380,  682,  818,  518,  866,  365,  466,  578,  586,  590,  771,  944,  933,  902,  660,  406,  845,  844,  637,  569,  825,  711,  318,  551,  534,  886, 1003,  102,  167,  824,  798,  165,  695,  284,  530,  384,  290,  128,  298,  420,  551,  693,  379,  826,  171,  569,  582,  510,  186,  725,  264,  621,  424,  255,  854,  887,  390,  551,  359,  878,  769,  341,  812,  737, 1059,   48,  150,  418,  949,  587,  425,  549,  623,  872,  780,  153,  758,  163, 1040,  909,  568,  689,  318,  234,  718,   31,  689,  533,  895,  343,  589,  379,  347,  544,   77,  328,  289,  972,  814,  493,  198,  898,  944,  262,  687,  429,  764,  531,  230,  507,   60,  479],
        [  143,    0,  598,  302,  120,  369,  419,  385,   64,  671,  495,  435,  841,  426,  524,    0,  323,  629,  865,  525,  317,   73,  399,  457,  110,  539,  582,  238,  756,  331,  415,  342,  685,  597,  712,  659,  239,  479,  502,  303,  479,  757,  454,  328,  297,  558,  594,  246,  454,  308,  793,  471,  808,  488,  304,  161,  416,  493,  256,   62,  419,  771,  299,  749,  439,  498,  178,  260,  831,  459,  317,  752,  364,  767,  229,  746,  263,  366,  489,  503,  456,  657,  353,  666,  803,  353,  402,  629,  706,  396,  592,  558,   37,  171,  238,  681,  487,  640,  482,  268,  418,  511,  306,  696,  144,  300,  631,  399,  367,  407,  555,  357,  583,  190,  415,  215,  550,  562,  513,  488,  856,  729,  463,  298,  699,  351,  790,  394,  441,  370,  536,  832,  693,  648,  529,  373,  264,  512,  738,  574,  515,  400,  536,  816,  559,   50,  452,  496,  552,  513,  562,  384,  339,  730,  481,  663,  623,  110,  551,   12,  308,  238,  579,  788],
        [  189,    0,  441,   65,  366,  308,  277,  111,  384,  383,  249,  396,  565,  599,  384,  323,    0,  316,  580,  406,  553,  283,  550,  408,  327,  437,  262,   92,  445,   83,  598,  566,  448,  495,  414,  395,  494,  641,  245,  448,  433,  435,  151,   89,  423,  252,  504,  179,  383,  531,  490,  213,  532,  307,  531,  437,  515,  175,  104,  343,  209,  450,  443,  581,  608,  530,  361,   65,  562,  470,  263,  431,  484,  468,  312,  424,  167,  607,  700,  430,  233,  465,  450,  462,  492,  101,  157,  316,  438,  297,  298,  237,  325,  442,   89,  475,  460,  329,  228,  509,  202,  348,  139,  388,  181,  158,  481,  559,  509,  176,  241,  603,  400,  278,  443,  482,  744,  432,  286,  167,  627,  410,  143,  172,  390,  602,  508,  235,  377,  239,  720,  593,  375,  379,  223,  401,  387,  392,  440,  265,  518,   86,  261,  544,  247,  304,  348,  186,  258,  618,  434,  120,  313,  542,  595,  397,  363,  223,  389,  335,  194,  151,  416,  475],
        [  487,    0,  385,  365,  645,  561,  350,  249,  686,  331,  207,  492,  285,  794,  380,  629,  316,    0,  286,  415,  866,  597,  740,  639,  643,  622,  156,  392,  280,  354,  800,  799,  265,  666,  314,  182,  754,  822,  350,  658,  659,  181,  177,  306,  629,  234,  682,  416,  607,  769,  177,  199,  256,  470,  843,  715,  796,  144,  414,  657,  402,  211,  745,  666,  906,  781,  675,  380,  493,  720,  536,  190,  775,  348,  539,  172,  464,  920, 1005,  477,  248,  551,  739,  328,  319,  282,  354,    5,  200,  398,   83,  113,  637,  758,  392,  539,  539,  225,  350,  760,  267,  510,  345,  263,  486,  361,  611,  856,  701,  373,   77,  916,  522,  526,  706,  798, 1043,  414,  233,  180,  618,  211,  210,  452,  264,  916,  426,  330,  607,  359, 1016,  576,  200,  376,  103,  550,  689,  407,  331,  224,  755,  232,  320,  274,   71,  617,  408,  133,  100,  892,  599,  334,  467,  612,  875,  178,  387,  522,  537,  641,  378,  458,  364,  160],
        [  723,    0,  400,  636,  851,  846,  488,  486,  914,  578,  372,  591,   43,  917,  445,  865,  580,  286,    0,  473, 1131,  847,  864,  924,  899,  904,  433,  639,  478,  631,  928,  954,  225,  946,  542,  211,  937,  929,  633,  808,  945,  343,  429,  541,  780,  512,  963,  625,  892,  930,  127,  394,   66,  754, 1110,  916, 1078,  421,  682,  903,  687,  372, 1020,  926, 1184, 1067,  940,  639,  702, 1006,  818,  362, 1055,  555,  718,  342,  739, 1186, 1279,  542,  415,  818, 1019,  295,  495,  516,  639,  289,  165,  534,  283,  399,  880, 1012,  641,  800,  611,  479,  634,  934,  451,  793,  559,  493,  727,  568,  885, 1134,  832,  658,  355, 1181,  798,  722,  991, 1054, 1320,  449,  363,  465,  844,  413,  494,  731,  493, 1179,  638,  493,  892,  523, 1295,  802,  425,  632,  359,  673,  964,  474,  550,  498, 1041,  494,  599,   69,  343,  863,  510,  397,  322, 1176,  880,  617,  614,  870, 1158,  205,  650,  755,  817,  875,  570,  729,  394,  186],
        [  417,    0,   85,  466,  460,  706,  131,  309,  552,  697,  221,  125,  435,  447,   35,  525,  406,  415,  473,    0,  839,  545,  395,  810,  605,  842,  513,  388,  686,  488,  459,  498,  248,  901,  701,  287,  505,  457,  622,  356,  834,  595,  338,  319,  332,  563,  909,  300,  787,  479,  476,  248,  408,  708,  823,  509,  879,  396,  484,  581,  611,  625,  781,  972,  942,  919,  668,  424,  878,  862,  655,  604,  837,  745,  312,  586,  552,  889, 1009,   70,  198,  852,  811,  186,  729,  307,  555,  418,  321,  132,  333,  454,  554,  695,  395,  855,  139,  602,  610,  494,  213,  750,  281,  655,  433,  270,  881,  896,  367,  577,  393,  881,  796,  339,  828,  739, 1065,   38,  185,  449,  980,  622,  455,  569,  656,  875,  813,  173,  779,  177, 1048,  941,  602,  721,  352,  214,  729,   15,  723,  565,  913,  371,  619,  406,  381,  548,   74,  361,  323,  984,  839,  518,  191,  926,  957,  294,  717,  434,  790,  532,  241,  524,   81,  513],
        [  430,    0,  908,  501,  415,  383,  726,  648,  310,  791,  777,  752, 1114,  688,  835,  317,  553,  866, 1131,  839,    0,  298,  676,  403,  239,  501,  772,  497,  908,  515,  672,  580,  976,  538,  844,  937,  478,  740,  619,  597,  410,  951,  703,  596,  598,  721,  524,  548,  423,  556, 1041,  747, 1080,  542,   25,  411,  225,  722,  453,  259,  528,  956,  154,  720,  154,  340,  192,  493,  906,  342,  369,  941,  184,  892,  545,  941,  407,   55,  173,  819,  745,  671,  211,  968,  949,  621,  546,  864,  983,  708,  849,  771,  286,  148,  494,  705,  803,  801,  603,  511,  706,  540,  594,  846,  419,  594,  609,  141,  653,  537,  790,   52,  605,  507,  305,  108,  236,  875,  803,  695,  878,  903,  665,  427,  849,   54,  885,  695,  410,  676,  227,  867,  867,  747,  775,  687,  195,  826,  866,  739,  381,  639,  663, 1092,  798,  292,  765,  738,  809,  272,  539,  550,  655,  725,  241,  940,  716,  407,  564,  312,  610,  408,  888, 1022],
        [  133,    0,  611,  250,  188,  296,  429,  362,  131,  610,  484,  468,  827,  494,  539,   73,  283,  597,  847,  545,  298,    0,  463,  386,   61,  467,  534,  209,  702,  277,  484,  413,  681,  525,  654,  647,  311,  546,  438,  364,  407,  713,  425,  306,  354,  504,  521,  250,  382,  379,  767,  457,  793,  417,  281,  234,  360,  457,  202,   62,  353,  724,  247,  677,  400,  434,  127,  219,  766,  392,  245,  707,  310,  708,  271,  702,  196,  351,  465,  531,  449,  586,  294,  670,  748,  332,  341,  597,  693,  413,  568,  517,   51,  166,  208,  610,  524,  587,  419,  340,  411,  439,  298,  641,  122,  296,  558,  356,  429,  343,  522,  344,  511,  226,  348,  208,  521,  580,  508,  444,  786,  679,  417,  231,  644,  340,  726,  398,  368,  379,  504,  762,  643,  584,  500,  415,  205,  531,  679,  521,  448,  366,  474,  803,  527,   27,  471,  465,  528,  461,  489,  327,  368,  658,  429,  650,  558,  111,  478,   82,  313,  175,  591,  757],
        [  408,    0,  477,  576,  279,  743,  394,  524,  375,  929,  537,  274,  827,   55,  420,  399,  550,  740,  864,  395,  676,  463,    0,  841,  508,  912,  776,  469,  968,  610,   65,  129,  640,  972,  953,  664,  204,   92,  792,  106,  864,  913,  592,  485,  128,  792,  972,  372,  832,  133,  848,  541,  799,  825,  671,  266,  813,  655,  557,  455,  735,  938,  695, 1102,  819,  896,  575,  517, 1110,  854,  687,  917,  760, 1006,  240,  902,  602,  712,  842,  330,  493,  995,  751,  581, 1015,  497,  694,  742,  704,  345,  667,  728,  434,  536,  476, 1011,  266,  859,  773,  173,  474,  858,  428,  919,  429,  408,  989,  785,   42,  709,  688,  700,  924,  281,  810,  570,  908,  425,  523,  685, 1173,  916,  673,  634,  921,  690, 1054,  410,  820,  381,  903, 1140,  887,  928,  646,  194,  662,  392,  978,  802,  911,  579,  810,  798,  682,  446,  355,  634,  641,  906,  927,  662,  273, 1072,  873,  671,  912,  392,  900,  396,  378,  569,  475,  872],
        [  444,    0,  849,  345,  573,  105,  679,  517,  506,  441,  651,  777,  921,  876,  789,  457,  408,  639,  924,  810,  403,  386,  841,    0,  358,   99,  499,  427,  573,  329,  867,  798,  841,  146,  497,  775,  696,  928,  302,  738,   26,  656,  531,  493,  723,  426,  138,  532,   34,  764,  809,  614,  891,  185,  380,  618,  209,  513,  328,  416,  238,  649,  252,  321,  343,  147,  310,  387,  518,   91,  160,  640,  226,  537,  621,  648,  262,  440,  457,  824,  640,  272,  193,  865,  605,  508,  289,  636,  813,  690,  660,  526,  427,  413,  420,  307,  841,  489,  295,  725,  610,  162,  531,  516,  422,  544,  207,  304,  804,  269,  574,  445,  213,  575,  104,  420,  468,  837,  690,  462,  476,  592,  435,  242,  519,  453,  510,  638,   33,  636,  435,  468,  559,  385,  582,  754,  234,  795,  514,  442,  117,  470,  343,  907,  587,  408,  746,  545,  627,  276,  137,  319,  680,  323,  270,  775,  354,  452,  171,  464,  577,  293,  823,  771],
        [  192,    0,  671,  286,  230,  280,  489,  414,  148,  629,  540,  527,  880,  535,  599,  110,  327,  643,  899,  605,  239,   61,  508,  358,    0,  446,  569,  261,  729,  308,  523,  446,  738,  502,  676,  701,  341,  588,  454,  412,  378,  749,  473,  360,  404,  532,  496,  310,  360,  414,  815,  511,  846,  417,  221,  263,  307,  501,  236,   59,  365,  758,  192,  663,  340,  389,   70,  263,  775,  352,  235,  741,  256,  729,  328,  739,  213,  293,  405,  591,  506,  580,  244,  729,  774,  385,  362,  642,  748,  474,  618,  557,   75,  116,  259,  607,  583,  615,  436,  372,  468,  434,  356,  667,  180,  355,  544,  297,  476,  361,  567,  286,  506,  284,  307,  156,  461,  641,  565,  483,  785,  711,  454,  244,  670,  283,  740,  457,  346,  438,  444,  763,  675,  597,  548,  472,  155,  592,  700,  549,  408,  412,  493,  857,  573,   65,  532,  512,  578,  406,  473,  353,  427,  649,  374,  705,  570,  171,  470,  113,  372,  200,  651,  802],
        [  507,    0,  873,  378,  651,  171,  713,  539,  592,  380,  665,  823,  906,  950,  819,  539,  437,  622,  904,  842,  501,  467,  912,   99,  446,    0,  472,  474,  515,  354,  942,  878,  845,   62,  436,  774,  778, 1000,  272,  807,   93,  612,  539,  524,  790,  394,   68,  582,   87,  843,  784,  628,  877,  152,  478,  700,  300,  510,  373,  503,  237,  601,  351,  223,  432,  213,  404,  429,  432,  172,  226,  595,  322,  469,  684,  606,  315,  537,  546,  864,  661,  180,  290,  877,  541,  536,  294,  618,  807,  730,  655,  509,  511,  509,  466,  215,  888,  446,  272,  806,  635,  112,  569,  463,  485,  584,  109,  397,  874,  272,  564,  542,  133,  638,  198,  517,  550,  867,  706,  454,  380,  544,  431,  287,  465,  550,  432,  671,  102,  673,  517,  374,  514,  321,  579,  809,  331,  828,  449,  409,  169,  484,  307,  894,  579,  491,  783,  545,  625,  349,   42,  329,  730,  225,  350,  773,  291,  521,   97,  547,  620,  348,  847,  740],
        [  450,    0,  504,  285,  626,  433,  416,  253,  644,  188,  293,  562,  437,  829,  480,  582,  262,  156,  433,  513,  772,  534,  776,  499,  569,  472,    0,  353,  192,  262,  831,  812,  412,  514,  189,  331,  749,  864,  201,  682,  518,  181,  189,  296,  655,   80,  531,  415,  466,  779,  313,  267,  410,  323,  748,  697,  673,  124,  335,  596,  268,  190,  638,  511,  791,  645,  587,  323,  366,  585,  418,  173,  659,  236,  550,  170,  367,  825,  897,  565,  320,  396,  621,  466,  240,  281,  231,  152,  354,  458,  214,   60,  581,  683,  350,  385,  618,   90,  205,  762,  319,  360,  350,  146,  441,  370,  456,  743,  736,  245,  126,  823,  367,  525,  576,  719,  928,  521,  332,   97,  477,  149,  120,  346,  148,  825,  301,  384,  468,  407,  899,  436,  115,  224,  163,  601,  585,  503,  212,   68,  615,  201,  167,  428,  140,  558,  486,  154,  201,  764,  447,  223,  510,  458,  749,  328,  233,  484,  384,  594,  399,  372,  479,  272],
        [   98,    0,  439,  108,  275,  323,  259,  153,  297,  472,  281,  351,  619,  516,  373,  238,   92,  392,  639,  388,  497,  209,  469,  427,  261,  474,  353,    0,  537,  141,  514,  477,  481,  534,  504,  440,  402,  561,  323,  365,  452,  524,  218,   99,  342,  343,  539,  109,  408,  442,  559,  251,  585,  363,  477,  345,  495,  257,  101,  267,  269,  539,  408,  642,  573,  531,  308,   49,  648,  474,  270,  520,  457,  559,  230,  513,  167,  551,  655,  398,  251,  530,  428,  480,  584,  124,  226,  392,  487,  264,  360,  324,  246,  374,    8,  544,  415,  421,  305,  418,  214,  400,  110,  479,   94,  119,  534,  525,  429,  241,  318,  546,  461,  192,  440,  416,  705,  419,  309,  257,  704,  501,  234,  188,  482,  543,  596,  220,  398,  212,  683,  672,  466,  463,  293,  338,  353,  374,  530,  357,  527,  163,  345,  596,  322,  227,  321,  259,  320,  601,  479,  194,  257,  607,  575,  444,  445,  134,  442,  249,  151,  137,  415,  552],
        [  632,    0,  664,  455,  811,  537,  601,  444,  820,  135,  468,  747,  498, 1020,  652,  756,  445,  280,  478,  686,  908,  702,  968,  573,  729,  515,  192,  537,    0,  426, 1022, 1003,  539,  537,   81,  457,  937, 1055,  290,  873,  586,  136,  378,  487,  846,  199,  558,  605,  541,  969,  354,  448,  481,  390,  884,  881,  772,  314,  502,  763,  381,  108,  763,  467,  901,  718,  735,  501,  225,  664,  541,  116,  770,   78,  741,  137,  517,  959, 1012,  744,  501,  377,  732,  606,   49,  472,  369,  276,  463,  645,  360,  243,  751,  839,  533,  351,  801,  117,  305,  951,  506,  414,  542,   63,  621,  562,  458,  855,  927,  373,  295,  959,  385,  715,  667,  870, 1034,  689,  502,  286,  366,   71,  304,  489,   60,  962,  161,  571,  547,  595, 1003,  325,   85,  196,  338,  790,  715,  677,   77,  183,  679,  392,  246,  500,  306,  728,  668,  340,  364,  849,  479,  377,  700,  411,  841,  451,  225,  666,  419,  768,  590,  531,  641,  293],
        [  219,    0,  522,   35,  399,  231,  359,  189,  395,  343,  323,  475,  621,  657,  466,  331,   83,  354,  631,  488,  515,  277,  610,  329,  308,  354,  262,  141,  426,    0,  654,  612,  519,  413,  382,  459,  531,  701,  184,  506,  353,  442,  211,  171,  483,  228,  421,  246,  303,  577,  531,  287,  588,  227,  492,  467,  450,  212,   76,  338,  131,  451,  391,  505,  553,  455,  327,   94,  512,  395,  192,  434,  424,  437,  371,  432,  110,  569,  652,  511,  312,  390,  389,  538,  473,  183,   85,  353,  500,  378,  352,  256,  325,  422,  135,  403,  540,  311,  165,  551,  283,  267,  218,  365,  204,  235,  401,  504,  569,  101,  280,  566,  323,  332,  370,  457,  690,  514,  362,  180,  563,  404,  150,  101,  368,  567,  465,  317,  297,  320,  664,  532,  368,  327,  273,  474,  336,  474,  408,  245,  440,  146,  210,  602,  289,  302,  429,  235,  314,  551,  353,   56,  388,  468,  530,  460,  307,  249,  309,  343,  272,  110,  496,  508],
        [  444,    0,  540,  620,  296,  772,  456,  579,  383,  979,  598,  338,  891,   20,  484,  415,  598,  800,  928,  459,  672,  484,   65,  867,  523,  942,  831,  514, 1022,  654,    0,   96,  704, 1002, 1005,  727,  195,   68,  837,  151,  890,  972,  648,  538,  177,  844, 1001,  422,  861,  117,  911,  601,  863,  863,  669,  268,  823,  711,  596,  468,  776,  996,  705, 1139,  819,  912,  588,  561, 1159,  874,  717,  975,  770, 1058,  286,  961,  637,  704,  834,  393,  554, 1034,  764,  645, 1070,  551,  738,  802,  768,  407,  729,  784,  450,  537,  520, 1052,  329,  913,  818,  162,  534,  894,  482,  972,  465,  461, 1024,  788,   99,  752,  746,  692,  962,  323,  829,  568,  901,  489,  586,  738, 1217,  973,  725,  670,  975,  681, 1104,  470,  848,  441,  898, 1185,  943,  975,  705,  257,  677,  456, 1031,  854,  930,  632,  857,  862,  741,  465,  419,  691,  701,  913,  959,  707,  333, 1111,  880,  734,  958,  425,  936,  411,  433,  604,  539,  934],
        [  395,    0,  582,  578,  228,  707,  470,  564,  301,  947,  606,  374,  920,  114,  518,  342,  566,  799,  954,  498,  580,  413,  129,  798,  446,  878,  812,  477, 1003,  612,   96,    0,  735,  937,  978,  748,  107,  163,  796,  147,  820,  964,  637,  517,  175,  816,  934,  398,  794,   36,  925,  602,  889,  810,  579,  185,  740,  697,  549,  389,  728,  986,  622, 1081,  729,  833,  509,  521, 1123,  798,  653,  965,  687, 1032,  263,  953,  581,  610,  741,  438,  560,  981,  683,  682, 1051,  534,  695,  801,  791,  422,  734,  770,  374,  449,  482, 1002,  380,  890,  777,   75,  535,  839,  464,  949,  414,  445,  964,  700,  137,  707,  739,  599,  908,  289,  753,  478,  808,  531,  600,  717, 1171,  958,  701,  616,  952,  588, 1072,  476,  781,  445,  805, 1142,  926,  938,  700,  285,  597,  492, 1004,  828,  854,  612,  821,  891,  736,  391,  446,  681,  702,  827,  898,  667,  343, 1057,  794,  755,  919,  370,  880,  336,  423,  550,  576,  942],
        [  550,    0,  177,  512,  653,  748,  279,  339,  728,  594,  202,  367,  188,  693,  221,  685,  448,  265,  225,  248,  976,  681,  640,  841,  738,  845,  412,  481,  539,  519,  704,  735,    0,  896,  579,   83,  726,  705,  584,  589,  865,  419,  311,  384,  563,  485,  910,  439,  812,  712,  248,  236,  161,  696,  957,  714,  962,  337,  549,  731,  610,  452,  886,  921, 1051,  973,  789,  496,  757,  912,  709,  434,  930,  610,  512,  413,  615, 1030, 1136,  317,  232,  803,  897,   78,  573,  360,  555,  269,   87,  320,  200,  357,  706,  845,  485,  795,  386,  489,  579,  720,  271,  738,  383,  527,  559,  387,  853, 1002,  610,  576,  292, 1024,  763,  523,  888,  888, 1184,  225,  174,  394,  882,  468,  415,  617,  528, 1020,  689,  294,  809,  321, 1162,  841,  462,  636,  268,  452,  829,  250,  595,  478,  956,  373,  563,  159,  277,  693,  289,  301,  222, 1066,  830,  523,  400,  868, 1043,   88,  643,  579,  771,  695,  379,  597,  169,  298],
        [  568,    0,  930,  438,  710,  230,  772,  596,  648,  403,  719,  884,  949, 1010,  877,  597,  495,  666,  946,  901,  538,  525,  972,  146,  502,   62,  514,  534,  537,  413, 1002,  937,  896,    0,  457,  823,  836, 1061,  317,  868,  131,  643,  593,  583,  851,  435,   22,  643,  143,  902,  824,  683,  921,  201,  517,  758,  326,  560,  434,  559,  293,  629,  392,  183,  455,  225,  456,  489,  428,  198,  286,  625,  356,  484,  745,  637,  376,  571,  567,  923,  718,  174,  328,  931,  559,  594,  350,  662,  855,  789,  703,  554,  568,  558,  527,  210,  948,  478,  319,  864,  692,  159,  629,  489,  546,  645,   89,  424,  934,  328,  612,  577,  154,  699,  233,  563,  564,  925,  761,  504,  356,  572,  482,  348,  491,  586,  438,  730,  157,  733,  531,  356,  545,  342,  629,  870,  379,  887,  467,  448,  178,  540,  347,  939,  626,  548,  842,  596,  675,  358,   67,  386,  791,  199,  365,  822,  315,  581,  130,  605,  680,  409,  904,  777],
        [  596,    0,  688,  413,  776,  467,  604,  433,  776,   56,  480,  749,  559, 1004,  667,  712,  414,  314,  542,  701,  844,  654,  953,  497,  676,  436,  189,  504,   81,  382, 1005,  978,  579,  457,    0,  496,  906, 1042,  225,  855,  508,  204,  375,  468,  829,  162,  477,  584,  465,  944,  416,  455,  539,  316,  819,  846,  699,  310,  457,  714,  318,  182,  696,  391,  828,  640,  676,  465,  180,  587,  475,  185,  699,   55,  721,  202,  463,  893,  941,  753,  508,  297,  661,  640,  108,  458,  315,  310,  508,  645,  388,  247,  704,  783,  500,  271,  806,  100,  243,  922,  506,  336,  525,   52,  583,  546,  378,  784,  912,  316,  310,  893,  305,  690,  593,  811,  960,  708,  518,  270,  307,  131,  280,  433,   52,  897,  114,  570,  472,  591,  929,  265,  121,  115,  350,  783,  649,  690,   26,  151,  601,  375,  184,  558,  323,  680,  674,  342,  383,  772,  399,  329,  692,  334,  766,  491,  145,  628,  339,  724,  577,  480,  664,  358],
        [  519,    0,  232,  456,  641,  686,  279,  290,  707,  512,  164,  394,  183,  718,  254,  659,  395,  182,  211,  287,  937,  647,  664,  775,  701,  774,  331,  440,  457,  459,  727,  748,   83,  823,  496,    0,  727,  735,  508,  601,  798,  340,  249,  342,  574,  405,  837,  416,  745,  722,  190,  191,  150,  623,  917,  706,  907,  265,  498,  700,  541,  372,  837,  841, 1002,  911,  747,  448,  674,  849,  650,  354,  878,  528,  508,  333,  560,  991, 1092,  356,  206,  724,  844,  152,  492,  317,  487,  186,   48,  326,  121,  277,  676,  812,  443,  715,  424,  406,  504,  725,  242,  665,  353,  444,  525,  361,  777,  953,  630,  508,  213,  986,  687,  511,  828,  854, 1137,  272,  153,  320,  800,  386,  343,  559,  445,  983,  606,  282,  743,  313, 1113,  758,  379,  554,  195,  471,  780,  284,  512,  398,  891,  314,  486,  158,  198,  661,  309,  231,  150, 1009,  756,  457,  406,  788,  987,    8,  563,  550,  696,  669,  360,  545,  216,  230],
        [  312,    0,  589,  497,  134,  607,  449,  510,  195,  871,  574,  384,  905,  211,  519,  239,  494,  754,  937,  505,  478,  311,  204,  696,  341,  778,  749,  402,  937,  531,  195,  107,  726,  836,  906,  727,    0,  263,  713,  158,  717,  910,  584,  458,  176,  745,  832,  341,  693,   79,  894,  564,  873,  717,  475,   79,  634,  640,  463,  284,  639,  930,  515,  985,  625,  727,  402,  442, 1043,  693,  554,  910,  580,  960,  220,  899,  488,  511,  641,  455,  528,  888,  577,  682,  985,  478,  611,  755,  772,  406,  696,  712,  270,  344,  406,  910,  408,  822,  693,   34,  498,  744,  411,  881,  328,  394,  867,  595,  191,  621,  689,  499,  814,  229,  648,  374,  708,  541,  575,  653, 1082,  897,  634,  524,  883,  488,  995,  446,  679,  415,  704, 1055,  864,  857,  653,  296,  491,  496,  932,  758,  748,  550,  741,  877,  688,  288,  443,  629,  662,  721,  799,  586,  326,  963,  688,  733,  836,  283,  784,  232,  379,  459,  579,  905],
