{
    "name": "random-13-2068",
    "comment": "size=13 seed=2068",
    "nodes": ["+0", "-0", "+1", "-1", "+2", "-2", "+3", "-3", "+4", "-4", "+5", "-5", "+6", "-6", "+7", "-7", "+8", "-8", "+9", "-9", "+10", "-10", "+11", "-11", "+12", "-12", "+13", "-13"],
    "precedence": {
        "+0": "-0",
        "+1": "-1",
        "+2": "-2",
        "+3": "-3",
        "+4": "-4",
        "+5": "-5",
        "+6": "-6",
        "+7": "-7",
        "+8": "-8",
        "+9": "-9",
        "+10": "-10",
        "+11": "-11",
        "+12": "-12",
        "+13": "-13"
    },
    "edges": [
        [    0,    0,  897,  644,  894,  607,   45,  221,   87,  644,  663,  718,  409,  792,  869,  457,  761,  779,  928,  640,  322,  907,  528,  375,  272,  331,  481,  562],
        [    0,    0,  897,  644,  894,  607,   45,  221,   87,  644,  663,  718,  409,  792,  869,  457,  761,  779,  928,  640,  322,  907,  528,  375,  272,  331,  481,  562],
        [  897,  897,    0, 1125,  541,  294,  868,  690,  817,  341,  956, 1079,  910,  142, 1008,  447, 1026,  637,  622,  368,  597,  891,  700,  858,  632,  828,  773,  886],
        [  644,  644, 1125,    0,  769,  875,  679,  748,  622,  785,  212,  134,  265,  985,  372,  849,  232,  596,  742,  758,  641,  511,  426,  321,  753,  371,  356,  242],
        [  894,  894,  541,  769,    0,  492,  890,  780,  811,  343,  561,  674,  661,  429,  523,  636,  591,  173,   82,  323,  595,  376,  414,  635,  730,  639,  497,  545],
        [  607,  607,  294,  875,  492,    0,  581,  409,  526,  154,  732,  851,  639,  188,  833,  180,  817,  505,  566,  181,  304,  754,  464,  584,  350,  548,  521,  646],
        [   45,   45,  868,  679,  890,  581,    0,  184,   82,  627,  688,  748,  437,  767,  891,  425,  787,  782,  928,  625,  307,  922,  537,  400,  238,  353,  496,  585],
        [  221,  221,  690,  748,  780,  409,  184,    0,  162,  480,  704,  788,  485,  597,  885,  244,  805,  701,  830,  484,  189,  883,  493,  433,   59,  381,  481,  597],
        [   87,   87,  817,  622,  811,  526,   82,  162,    0,  558,  615,  682,  371,  709,  815,  383,  715,  701,  847,  554,  237,  842,  456,  328,  204,  279,  417,  511],
        [  644,  644,  341,  785,  343,  154,  627,  480,  558,    0,  620,  742,  575,  201,  696,  297,  696,  354,  414,   30,  322,  607,  360,  525,  424,  501,  432,  546],
        [  663,  663,  956,  212,  561,  732,  688,  704,  615,  620,    0,  124,  259,  815,  214,  745,  102,  388,  531,  591,  555,  315,  269,  289,  692,  336,  231,  108],
        [  718,  718, 1079,  134,  674,  851,  748,  788,  682,  742,  124,    0,  312,  937,  240,  853,  101,  504,  638,  713,  655,  384,  387,  357,  783,  409,  338,  208],
        [  409,  409,  910,  265,  661,  639,  437,  485,  371,  575,  259,  312,    0,  773,  470,  592,  353,  501,  663,  553,  381,  540,  252,   58,  489,  107,  166,  168],
        [  792,  792,  142,  985,  429,  188,  767,  597,  709,  201,  815,  937,  773,    0,  872,  364,  886,  506,  511,  227,  480,  762,  559,  722,  538,  694,  633,  745],
        [  869,  869, 1008,  372,  523,  833,  891,  885,  815,  696,  214,  240,  470,  872,    0,  885,  141,  376,  466,  667,  719,  166,  404,  495,  865,  538,  405,  308],
        [  457,  457,  447,  849,  636,  180,  425,  244,  383,  297,  745,  853,  592,  364,  885,    0,  840,  608,  701,  313,  212,  837,  485,  534,  187,  488,  516,  645],
        [  761,  761, 1026,  232,  591,  817,  787,  805,  715,  696,  102,  101,  353,  886,  141,  840,    0,  425,  549,  666,  654,  284,  358,  388,  792,  436,  330,  209],
        [  779,  779,  637,  596,  173,  505,  782,  701,  701,  354,  388,  504,  501,  506,  376,  608,  425,    0,  162,  325,  512,  257,  264,  481,  660,  493,  341,  375],
        [  928,  928,  622,  742,   82,  566,  928,  830,  847,  414,  531,  638,  663,  511,  466,  701,  549,  162,    0,  392,  643,  311,  424,  643,  783,  653,  503,  531],
        [  640,  640,  368,  758,  323,  181,  625,  484,  554,   30,  591,  713,  553,  227,  667,  313,  666,  325,  392,    0,  319,  577,  333,  504,  429,  482,  407,  519],
        [  322,  322,  597,  641,  595,  304,  307,  189,  237,  322,  555,  655,  381,  480,  719,  212,  654,  512,  643,  319,    0,  701,  317,  323,  152,  277,  325,  451],
        [  907,  907,  891,  511,  376,  754,  922,  883,  842,  607,  315,  384,  540,  762,  166,  837,  284,  257,  311,  577,  701,    0,  392,  548,  853,  582,  427,  374],
        [  528,  528,  700,  426,  414,  464,  537,  493,  456,  360,  269,  387,  252,  559,  404,  485,  358,  264,  424,  333,  317,  392,    0,  221,  466,  229,   87,  187],
        [  375,  375,  858,  321,  635,  584,  400,  433,  328,  525,  289,  357,   58,  722,  495,  534,  388,  481,  643,  504,  323,  548,  221,    0,  434,   52,  141,  187],
        [  272,  272,  632,  753,  730,  350,  238,   59,  204,  424,  692,  783,  489,  538,  865,  187,  792,  660,  783,  429,  152,  853,  466,  434,    0,  382,  465,  586],
        [  331,  331,  828,  371,  639,  548,  353,  381,  279,  501,  336,  409,  107,  694,  538,  488,  436,  493,  653,  482,  277,  582,  229,   52,  382,    0,  160,  232],
        [  481,  481,  773,  356,  497,  521,  496,  481,  417,  432,  231,  338,  166,  633,  405,  516,  330,  341,  503,  407,  325,  427,   87,  141,  465,  160,    0,  130],
        [  562,  562,  886,  242,  545,  646,  585,  597,  511,  546,  108,  208,  168,  745,  308,  645,  209,  375,  531,  519,  451,  374,  187,  187,  586,  232,  130,    0]
    ]
}
