{
    "name": "random-58-28939",
    "comment": "size=58 seed=28939",
    "nodes": ["+0", "-0", "+1", "-1", "+2", "-2", "+3", "-3", "+4", "-4", "+5", "-5", "+6", "-6", "+7", "-7", "+8", "-8", "+9", "-9", "+10", "-10", "+11", "-11", "+12", "-12", "+13", "-13", "+14", "-14", "+15", "-15", "+16", "-16", "+17", "-17", "+18", "-18", "+19", "-19", "+20", "-20", "+21", "-21", "+22", "-22", "+23", "-23", "+24", "-24", "+25", "-25", "+26", "-26", "+27", "-27", "+28", "-28", "+29", "-29", "+30", "-30", "+31", "-31", "+32", "-32", "+33", "-33", "+34", "-34", "+35", "-35", "+36", "-36", "+37", "-37", "+38", "-38", "+39", "-39", "+40", "-40", "+41", "-41", "+42", "-42", "+43", "-43", "+44", "-44", "+45", "-45", "+46", "-46", "+47", "-47", "+48", "-48", "+49", "-49", "+50", "-50", "+51", "-51", "+52", "-52", "+53", "-53", "+54", "-54", "+55", "-55", "+56", "-56", "+57", "-57", "+58", "-58"],
    "precedence": {
        "+0": "-0",
        "+1": "-1",
        "+2": "-2",
        "+3": "-3",
        "+4": "-4",
        "+5": "-5",
        "+6": "-6",
        "+7": "-7",
        "+8": "-8",
        "+9": "-9",
        "+10": "-10",
        "+11": "-11",
        "+12": "-12",
        "+13": "-13",
        "+14": "-14",
        "+15": "-15",
        "+16": "-16",
        "+17": "-17",
        "+18": "-18",
        "+19": "-19",
        "+20": "-20",
        "+21": "-21",
        "+22": "-22",
        "+23": "-23",
        "+24": "-24",
        "+25": "-25",
        "+26": "-26",
        "+27": "-27",
        "+28": "-28",
        "+29": "-29",
        "+30": "-30",
        "+31": "-31",
        "+32": "-32",
        "+33": "-33",
        "+34": "-34",
        "+35": "-35",
        "+36": "-36",
        "+37": "-37",
        "+38": "-38",
        "+39": "-39",
        "+40": "-40",
        "+41": "-41",
        "+42": "-42",
        "+43": "-43",
        "+44": "-44",
        "+45": "-45",
        "+46": "-46",
        "+47": "-47",
        "+48": "-48",
        "+49": "-49",
        "+50": "-50",
        "+51": "-51",
        "+52": "-52",
        "+53": "-53",
        "+54": "-54",
        "+55": "-55",
        "+56": "-56",
        "+57": "-57",
        "+58": "-58"
    },
    "edges": [
        [    0,    0,  435,  562,  344,  550,  223,  254,  945,  480,  674,  790,  303,  716,  142,  734,   61,  164,  417,  649,  202,  463,  595,  832,  109,  567,  380,  908,  747,  324,  647,  454,  318,  417,   79,  402,  630,  341,  478,  827,  418,  136,  318,  552,  709,  254,  198,  236,  378,  638,  542,  655,  513,  120,  591,  691,  289,  564,  653,  251,  659,  715,  837,  171,  613,  461,  302,  403,  213,  815,  645,  792,  744,  277,  981,  319,  580,  495,  309,  327,  833,  560,  533,  812,  649,  658,  544,  772,  340,  738,  150,  636,  320,  649,  763,  704,  760,  750,  444,  565,  544,  521,  328,  435,  259,  580,  516,  447,  363,  569,  577,  454,  505,  680,  468,  410,  536,  604],
        [    0,    0,    0,    0,    0,    0,    0,    0,    0,    0,    0,    0,    0,    0,    0,    0,    0,    0,    0,    0,    0,    0,    0,    0,    0,    0,    0,    0,    0,    0,    0,    0,    0,    0,    0,    0,    0,    0,    0,    0,    0,    0,    0,    0,    0,    0,    0,    0,    0,    0,    0,    0,    0,    0,    0,    0,    0,    0,    0,    0,    0,    0,    0,    0,    0,    0,    0,    0,    0,    0,    0,    0,    0,    0,    0,    0,    0,    0,    0,    0,    0,    0,    0,    0,    0,    0,    0,    0,    0,    0,    0,    0,    0,    0,    0,    0,    0,    0,    0,    0,    0,    0,    0,    0,    0,    0,    0,    0,    0,    0,    0,    0,    0,    0,    0,    0,    0,    0],
        [  435,    0,    0,  249,  502,  908,  436,  422,  991,  396,  412,  951,  676,  864,  320,  783,  495,  407,  735,  826,  239,  287,  986,  971,  328,  948,  516,  952,  921,  358,  363,  439,  532,  818,  513,   97,  935,  698,  818,  904,  582,  306,  472,  558,  864,  485,  577,  262,  781,  666,  336,  973,  884,  458,  870,  789,  703,  442,  745,  239,  953,  705,  953,  447,  236,  494,  137,  564,  555,  960,  283,  874,  611,  209, 1065,  322,  874,  533,  263,  442,  965,  167,  193,  991,  939,  270,  617,  930,  163,  556,  330,  475,  337, 1028,  550,  447,  846,  449,  849,  209,  387,  400,  597,  106,  257,  816,  883,  414,  428,  722,  813,  431,  909, 1091,  344,  830,  921,  641],
        [  562,    0,  249,    0,  727,  906,  454,  636,  804,  248,  164,  822,  712,  736,  422,  615,  610,  597,  724,  718,  371,  147, 1007,  829,  460,  962,  453,  767,  802,  320,  115,  316,  747,  861,  631,  192,  893,  720,  811,  737,  513,  430,  696,  406,  740,  488,  743,  329,  829,  504,  130,  937,  895,  627,  818,  645,  771,  249,  603,  451,  901,  518,  801,  635,   93,  377,  300,  498,  595,  823,   95,  713,  383,  427,  890,  556,  831,  407,  267,  670,  819,  119,   57,  868,  886,  133,  488,  800,  226,  317,  511,  253,  305, 1034,  304,  198,  688,  207,  894,   58,  192,  225,  584,  159,  474,  743,  891,  292,  362,  617,  740,  306,  948, 1129,  199,  895,  941,  488],
        [  344,    0,  502,  727,    0,  858,  553,  102, 1276,  749,  877, 1133,  624, 1058,  411, 1062,  374,  185,  752,  992,  396,  688,  872, 1174,  353,  856,  709, 1238, 1091,  612,  836,  747,   60,  699,  372,  536,  959,  666,  801, 1162,  755,  377,   32,  861, 1052,  593,  260,  479,  663,  957,  764,  978,  815,  230,  928, 1027,  571,  827,  987,  277,  990, 1028, 1178,  174,  736,  770,  431,  739,  554, 1158,  781, 1127, 1014,  300, 1319,  183,  914,  809,  553,   61, 1175,  667,  678, 1156,  981,  771,  870, 1115,  519,  986,  252,  888,  600,  935,  997,  912, 1095,  934,  717,  702,  789,  780,  672,  569,  253,  923,  820,  732,  671,  910,  920,  743,  774,  923,  718,  662,  823,  924],
        [  550,    0,  908,  906,  858,    0,  474,  788,  736,  685,  926,  477,  248,  461,  602,  610,  499,  703,  182,  389,  684,  760,  129,  534,  622,   80,  461,  715,  434,  588,  931,  615,  813,  175,  494,  833,  149,  214,   95,  619,  412,  628,  841,  604,  447,  428,  611,  646,  203,  598,  810,  139,   50,  637,  191,  524,  290,  742,  519,  790,  185,  678,  570,  694,  990,  565,  777,  421,  359,  514,  999,  592,  835,  811,  711,  868,  159,  559,  665,  859,  546,  966,  908,  463,  187, 1035,  520,  473,  756,  885,  699,  809,  606,  131,  932,  941,  571, 1015,  175,  940,  767,  728,  322,  855,  803,  275,   42,  633,  546,  411,  274,  624,  156,  262,  718,  244,   87,  577],
        [  223,    0,  436,  454,  553,  474,    0,  455,  725,  293,  521,  590,  259,  511,  162,  512,  231,  369,  300,  450,  231,  320,  562,  627,  210,  520,  158,  688,  551,  142,  508,  249,  535,  408,  249,  360,  503,  271,  383,  609,  203,  197,  525,  333,  505,   52,  412,  175,  376,  415,  389,  539,  454,  341,  444,  474,  321,  374,  435,  368,  524,  494,  626,  387,  530,  244,  311,  186,  142,  611,  547,  574,  541,  378,  767,  478,  444,  274,  195,  524,  626,  498,  446,  619,  511,  576,  322,  571,  283,  549,  314,  449,  152,  598,  581,  546,  542,  606,  441,  479,  370,  338,  164,  382,  389,  405,  452,  249,  152,  360,  402,  251,  497,  678,  299,  443,  496,  382],
        [  254,    0,  422,  636,  102,  788,  455,    0, 1176,  648,  783, 1039,  547,  963,  310,  961,  293,   90,  669,  898,  295,  590,  814, 1079,  252,  793,  610, 1138,  997,  510,  743,  645,  112,  637,  295,  446,  879,  587,  724, 1063,  658,  276,   71,  759,  957,  496,  223,  377,  600,  856,  667,  902,  747,  152,  844,  928,  507,  726,  888,  187,  910,  926, 1080,   96,  652,  669,  338,  641,  466, 1062,  695, 1028,  914,  214, 1221,  129,  832,  707,  452,   73, 1079,  585,  590, 1063,  900,  690,  770, 1021,  423,  887,  150,  788,  498,  875,  900,  817,  996,  842,  659,  615,  690,  679,  581,  480,  166,  833,  751,  630,  569,  813,  830,  642,  718,  877,  618,  609,  761,  823],
        [  945,    0,  991,  804, 1276,  736,  725, 1176,    0,  595,  691,  269,  779,  278,  869,  217,  939, 1092,  656,  355,  907,  706,  859,  215,  925,  814,  567,   40,  306,  681,  734,  560, 1259,  853,  952,  895,  602,  743,  688,  125,  528,  904, 1246,  438,  291,  691, 1119,  822,  854,  330,  677,  638,  771, 1063,  546,  257,  883,  559,  292, 1055,  574,  288,  170, 1111,  889,  519,  933,  543,  769,  232,  862,  159,  451, 1053,  104, 1176,  578,  477,  766, 1242,  200,  920,  849,  303,  565,  913,  407,  267,  849,  537, 1029,  556,  698,  827,  582,  675,  189,  744,  873,  862,  617,  595,  644,  888, 1080,  470,  760,  583,  613,  390,  472,  568,  883,  983,  648,  930,  821,  360],
        [  480,    0,  396,  248,  749,  685,  293,  648,  595,    0,  243,  579,  526,  492,  353,  389,  509,  580,  506,  471,  354,  115,  797,  590,  410,  749,  225,  556,  556,  159,  247,   72,  750,  671,  529,  300,  655,  523,  592,  511,  277,  380,  717,  166,  495,  306,  677,  272,  645,  273,  129,  700,  682,  581,  578,  405,  605,   85,  362,  491,  661,  311,  566,  611,  341,  131,  350,  266,  426,  582,  334,  483,  268,  481,  671,  614,  594,  159,  197,  703,  581,  348,  276,  624,  645,  379,  242,  557,  260,  260,  500,  158,  161,  815,  290,  262,  456,  332,  704,  299,   84,   47,  375,  294,  517,  499,  677,   53,  151,  369,  496,   63,  752,  925,   55,  719,  733,  250],
        [  674,    0,  412,  164,  877,  926,  521,  783,  691,  243,    0,  756,  766,  674,  534,  525,  714,  734,  748,  674,  501,  211, 1040,  752,  581,  992,  467,  655,  744,  379,   53,  312,  892,  912,  735,  346,  887,  764,  833,  643,  515,  550,  846,  353,  681,  542,  865,  440,  885,  429,  134,  933,  924,  754,  808,  574,  840,  190,  537,  601,  889,  417,  717,  771,  219,  363,  446,  506,  660,  749,  180,  624,  245,  580,  785,  712,  827,  378,  365,  822,  740,  273,  220,  805,  873,  230,  445,  734,  361,  166,  648,  144,  372, 1056,  143,   36,  604,   89,  945,  213,  160,  199,  618,  317,  626,  723,  919,  295,  392,  581,  721,  303,  994, 1168,  222,  957,  975,  422],
        [  790,    0,  951,  822, 1133,  477,  590, 1039,  269,  579,  756,    0,  566,   88,  750,  245,  769,  950,  430,  142,  808,  692,  595,   58,  799,  552,  450,  258,   47,  600,  787,  519, 1106,  611,  778,  856,  337,  525,  443,  174,  391,  786, 1107,  417,   88,  545,  939,  731,  619,  328,  694,  370,  516,  907,  289,  182,  664,  580,  221,  954,  307,  357,  100,  961,  915,  460,  861,  409,  588,   39,  900,  165,  558,  959,  235, 1067,  321,  423,  696, 1110,   71,  926,  854,   51,  298,  949,  338,   23,  793,  637,  903,  612,  621,  560,  689,  752,  167,  830,  628,  876,  633,  598,  464,  859,  976,  233,  505,  545,  528,  235,  235,  529,  629,  717,  632,  690,  563,  337],
        [  303,    0,  676,  712,  624,  248,  259,  547,  779,  526,  766,  566,    0,  512,  362,  599,  255,  460,  139,  434,  444,  574,  310,  617,  377,  274,  316,  749,  520,  395,  760,  465,  583,  150,  253,  610,  336,   44,  178,  655,  300,  385,  603,  501,  501,  226,  391,  418,  120,  541,  638,  356,  214,  397,  313,  528,  105,  599,  504,  544,  368,  628,  637,  454,  788,  432,  542,  298,  122,  598,  805,  622,  736,  565,  788,  622,  295,  444,  452,  619,  623,  755,  704,  574,  360,  835,  444,  553,  534,  765,  452,  673,  408,  355,  805,  787,  593,  853,  183,  737,  608,  572,  164,  636,  556,  334,  215,  475,  375,  393,  332,  471,  238,  421,  545,  194,  246,  511],
        [  716,    0,  864,  736, 1058,  461,  511,  963,  278,  492,  674,   88,  512,    0,  669,  183,  699,  874,  382,   79,  724,  605,  586,  117,  720,  539,  366,  255,   71,  514,  703,  431, 1034,  576,  709,  768,  335,  474,  411,  159,  309,  705, 1031,  331,   15,  467,  874,  646,  579,  247,  608,  375,  494,  835,  271,  104,  614,  496,  138,  871,  312,  288,  126,  887,  829,  373,  775,  327,  521,  101,  815,  133,  487,  875,  276,  986,  303,  336,  609, 1033,  117,  839,  767,  133,  300,  863,  251,   66,  706,  563,  824,  531,  534,  560,  615,  673,  118,  750,  596,  789,  547,  512,  394,  772,  894,  193,  484,  457,  441,  152,  194,  441,  606,  714,  545,  654,  546,  253],
        [  142,    0,  320,  422,  411,  602,  162,  310,  869,  353,  534,  750,  362,  669,    0,  653,  190,  232,  441,  611,   83,  324,  671,  784,   59,  635,  307,  831,  711,  204,  507,  340,  403,  500,  211,  270,  652,  388,  517,  758,  361,   37,  380,  450,  664,  211,  332,   95,  462,  547,  404,  685,  573,  229,  598,  625,  384,  436,  583,  207,  675,  617,  782,  259,  475,  360,  183,  343,  243,  770,  506,  724,  620,  219,  918,  317,  595,  398,  170,  374,  783,  426,  394,  780,  663,  521,  462,  730,  202,  607,  161,  505,  195,  716,  628,  565,  692,  609,  530,  427,  410,  391,  317,  301,  228,  565,  574,  328,  260,  518,  562,  337,  591,  772,  334,  511,  607,  514],
        [  734,    0,  783,  615, 1062,  610,  512,  961,  217,  389,  525,  245,  599,  183,  653,    0,  732,  878,  491,  229,  691,  503,  738,  230,  710,  689,  355,  178,  250,  465,  562,  347, 1047,  695,  747,  687,  501,  568,  543,  123,  323,  689, 1032,  226,  195,  482,  914,  606,  688,  117,  485,  545,  634,  852,  428,   88,  702,  366,   96,  839,  484,  113,  192,  898,  704,  303,  719,  335,  570,  230,  683,  100,  314,  837,  282,  960,  458,  262,  551, 1027,  217,  727,  654,  296,  471,  734,  192,  227,  637,  395,  814,  382,  482,  721,  446,  518,   81,  593,  720,  671,  423,  395,  449,  682,  864,  337,  625,  371,  397,  210,  337,  355,  741,  870,  443,  768,  689,  145],
        [   61,    0,  495,  610,  374,  499,  231,  293,  939,  509,  714,  769,  255,  699,  190,  732,    0,  205,  378,  629,  259,  503,  538,  814,  167,  511,  382,  903,  725,  351,  691,  475,  340,  359,   22,  457,  587,  295,  432,  818,  411,  191,  352,  564,  691,  251,  183,  282,  321,  642,  581,  610,  460,  145,  554,  683,  230,  593,  647,  311,  618,  723,  822,  202,  665,  474,  360,  398,  182,  796,  695,  783,  767,  337,  969,  372,  541,  505,  350,  365,  816,  614,  584,  788,  608,  711,  546,  752,  392,  768,  208,  666,  351,  594,  795,  743,  752,  793,  385,  617,  577,  551,  306,  489,  318,  551,  463,  471,  380,  556,  548,  476,  447,  620,  502,  350,  480,  609],
        [  164,    0,  407,  597,  185,  703,  369,   90, 1092,  580,  734,  950,  460,  874,  232,  878,  205,    0,  580,  809,  235,  533,  734,  990,  174,  712,  525, 1055,  908,  435,  699,  571,  172,  557,  209,  411,  791,  500,  637,  977,  571,  201,  157,  681,  868,  408,  179,  310,  519,  775,  612,  814,  663,   73,  754,  843,  426,  661,  803,  172,  821,  848,  993,   40,  625,  590,  300,  554,  377,  974,  665,  943,  847,  203, 1135,  178,  743,  628,  387,  163,  991,  561,  555,  974,  811,  666,  687,  932,  375,  827,   87,  726,  425,  794,  843,  768,  911,  800,  580,  584,  629,  615,  491,  446,  162,  743,  667,  558,  490,  725,  740,  568,  640,  805,  554,  534,  680,  742],
        [  417,    0,  735,  724,  752,  182,  300,  669,  656,  506,  748,  430,  139,  382,  441,  491,  378,  580,    0,  304,  520,  579,  292,  483,  470,  244,  281,  627,  384,  407,  751,  437,  714,  205,  380,  657,  214,   96,   88,  532,  239,  471,  729,  439,  370,  251,  528,  474,  200,  452,  630,  244,  177,  522,  177,  413,  235,  567,  396,  640,  242,  538,  506,  579,  809,  390,  608,  245,  207,  464,  818,  500,  675,  657,  656,  731,  163,  389,  486,  742,  490,  786,  727,  436,  232,  854,  364,  418,  580,  718,  558,  636,  425,  311,  762,  764,  473,  837,  232,  759,  589,  549,  142,  677,  656,  198,  171,  454,  365,  282,  195,  445,  262,  424,  538,  278,  229,  427],
        [  649,    0,  826,  718,  992,  389,  450,  898,  355,  471,  674,  142,  434,   79,  611,  229,  629,  809,  304,    0,  671,  581,  516,  186,  659,  468,  316,  330,  101,  470,  698,  405,  965,  498,  638,  732,  272,  395,  334,  233,  253,  646,  965,  322,   67,  404,  800,  596,  500,  260,  594,  316,  420,  766,  202,  142,  536,  488,  154,  815,  255,  320,  204,  819,  811,  344,  729,  272,  448,  168,  802,  205,  509,  822,  354,  927,  233,  312,  567,  969,  191,  815,  744,  170,  242,  849,  232,  124,  665,  579,  762,  534,  491,  494,  630,  676,  183,  755,  519,  769,  536,  498,  323,  738,  837,  117,  410,  431,  399,  105,  118,  415,  531,  646,  522,  576,  472,  255],
        [  202,    0,  239,  371,  396,  684,  231,  295,  907,  354,  501,  808,  444,  724,   83,  691,  259,  235,  520,  671,    0,  298,  753,  839,   94,  718,  358,  868,  771,  227,  467,  357,  400,  582,  279,  200,  730,  471,  598,  801,  418,   68,  364,  476,  721,  282,  372,   86,  545,  579,  377,  764,  656,  257,  673,  671,  465,  432,  628,  149,  752,  642,  832,  271,  413,  390,  103,  400,  326,  825,  448,  768,  619,  152,  963,  270,  672,  430,  157,  350,  836,  358,  336,  840,  739,  458,  503,  787,  145,  594,  151,  494,  211,  799,  609,  534,  736,  569,  613,  367,  396,  384,  392,  234,  174,  634,  656,  340,  295,  574,  631,  353,  673,  854,  323,  592,  690,  548],
        [  463,    0,  287,  147,  688,  760,  320,  590,  706,  115,  211,  692,  574,  605,  324,  503,  503,  533,  579,  581,  298,    0,  864,  704,  374,  819,  306,  667,  669,  180,  191,  176,  697,  723,  524,  194,  747,  579,  666,  625,  367,  343,  656,  281,  608,  349,  655,  231,  693,  387,   81,  791,  751,  548,  672,  520,  640,  157,  476,  417,  756,  419,  681,  568,  236,  237,  265,  352,  461,  696,  240,  597,  336,  402,  784,  536,  684,  271,  155,  637,  696,  235,  164,  737,  741,  279,  355,  670,  173,  299,  448,  203,  168,  890,  311,  242,  570,  291,  756,  190,  106,  114,  440,  183,  443,  599,  747,  150,  216,  478,  596,  166,  809,  988,   61,  762,  799,  365],
        [  595,    0,  986, 1007,  872,  129,  562,  814,  859,  797, 1040,  595,  310,  586,  671,  738,  538,  734,  292,  516,  753,  864,    0,  653,  681,   51,  573,  839,  555,  688, 1041,  729,  821,  179,  528,  919,  260,  291,  210,  744,  530,  692,  858,  726,  572,  521,  614,  727,  217,  725,  919,  233,  116,  664,  315,  651,  310,  859,  648,  844,  292,  806,  692,  719, 1088,  682,  852,  537,  432,  633, 1101,  718,  960,  867,  828,  907,  283,  679,  756,  881,  665, 1059, 1005,  577,  298, 1134,  645,  594,  842, 1007,  744,  928,  704,   70, 1053, 1056,  698, 1128,  156, 1038,  880,  841,  425,  943,  853,  402,  123,  745,  653,  539,  402,  737,   99,  135,  827,  213,   67,  704],
        [  832,    0,  971,  829, 1174,  534,  627, 1079,  215,  590,  752,   58,  617,  117,  784,  230,  814,  990,  483,  186,  839,  704,  653,    0,  836,  610,  481,  208,  102,  625,  786,  534, 1149,  667,  823,  875,  394,  577,  499,  135,  424,  821, 1147,  425,  123,  583,  986,  759,  674,  327,  700,  427,  573,  950,  347,  185,  717,  583,  229,  986,  364,  342,   50, 1002,  921,  478,  887,  442,  634,   20,  903,  136,  542,  990,  178, 1101,  378,  439,  720, 1149,   17,  936,  863,   89,  356,  953,  354,   65,  815,  624,  940,  608,  645,  617,  675,  746,  149,  822,  684,  884,  638,  605,  508,  876, 1009,  287,  563,  560,  553,  267,  289,  543,  686,  774,  643,  746,  621,  342],
        [  109,    0,  328,  460,  353,  622,  210,  252,  925,  410,  581,  799,  377,  720,   59,  710,  167,  174,  470,  659,   94,  374,  681,  836,    0,  648,  361,  887,  760,  262,  551,  398,  345,  506,  187,  294,  683,  408,  542,  813,  412,   32,  323,  508,  715,  256,  284,  144,  468,  604,  454,  713,  590,  175,  634,  679,  383,  492,  638,  171,  709,  675,  834,  202,  506,  418,  193,  394,  266,  820,  540,  778,  677,  189,  972,  270,  628,  456,  221,  318,  835,  452,  428,  828,  697,  551,  519,  780,  235,  661,  105,  559,  253,  731,  681,  614,  747,  654,  535,  459,  463,  446,  356,  327,  187,  607,  591,  385,  318,  569,  604,  395,  596,  775,  388,  509,  619,  571],
        [  567,    0,  948,  962,  856,   80,  520,  793,  814,  749,  992,  552,  274,  539,  635,  689,  511,  712,  244,  468,  718,  819,   51,  610,  648,    0,  525,  793,  511,  643,  994,  681,  807,  157,  504,  878,  219,  251,  161,  697,  481,  658,  841,  676,  525,  478,  601,  688,  194,  675,  872,  197,   69,  642,  269,  603,  287,  810,  598,  814,  253,  756,  647,  698, 1044,  633,  815,  488,  394,  590, 1056,  671,  910,  836,  786,  882,  237,  629,  714,  862,  622, 1017,  962,  536,  258, 1090,  595,  550,  801,  957,  716,  879,  660,   83, 1003, 1008,  650, 1080,  142,  994,  832,  793,  379,  902,  824,  354,   74,  697,  606,  489,  353,  689,  100,  185,  780,  209,   33,  654],
        [  380,    0,  516,  453,  709,  461,  158,  610,  567,  225,  467,  450,  316,  366,  307,  355,  382,  525,  281,  316,  358,  306,  573,  481,  361,  525,    0,  530,  415,  159,  471,  157,  693,  454,  398,  425,  441,  305,  367,  453,   67,  343,  680,  193,  363,  131,  564,  281,  432,  261,  350,  485,  457,  498,  368,  319,  407,  289,  278,  505,  452,  343,  476,  544,  541,  117,  414,   49,  240,  467,  545,  419,  422,  510,  612,  622,  379,  133,  254,  678,  479,  529,  464,  485,  437,  585,  165,  430,  354,  450,  466,  361,  180,  591,  491,  485,  387,  556,  486,  493,  308,  269,  155,  436,  529,  302,  452,  173,   94,  216,  299,  165,  531,  702,  260,  509,  508,  227],
        [  908,    0,  952,  767, 1238,  715,  688, 1138,   40,  556,  655,  258,  749,  255,  831,  178,  903, 1055,  627,  330,  868,  667,  839,  208,  887,  793,  530,    0,  290,  642,  698,  521, 1222,  826,  916,  856,  584,  714,  664,   97,  492,  866, 1209,  399,  268,  655, 1084,  783,  826,  291,  639,  622,  748, 1027,  525,  223,  853,  520,  256, 1016,  558,  250,  159, 1074,  852,  480,  894,  506,  734,  222,  825,  128,  418, 1014,  132, 1138,  557,  439,  727, 1204,  192,  882,  811,  296,  548,  877,  369,  252,  810,  504,  991,  520,  659,  810,  549,  641,  156,  711,  848,  824,  579,  556,  610,  849, 1041,  446,  738,  544,  574,  357,  447,  529,  860,  965,  609,  903,  800,  321],
        [  747,    0,  921,  802, 1091,  434,  551,  997,  306,  556,  744,   47,  520,   71,  711,  250,  725,  908,  384,  101,  771,  669,  555,  102,  760,  511,  415,  290,    0,  568,  772,  494, 1063,  566,  734,  827,  297,  479,  397,  200,  353,  747, 1064,  399,   63,  505,  895,  695,  573,  317,  675,  333,  472,  864,  245,  175,  618,  564,  207,  916,  269,  357,  138,  918,  895,  434,  828,  372,  544,   82,  882,  184,  557,  922,  279, 1028,  277,  399,  664, 1069,  112,  903,  831,   71,  260,  930,  315,   40,  762,  633,  863,  601,  588,  522,  685,  742,  177,  820,  583,  854,  615,  579,  420,  832,  938,  187,  462,  520,  496,  200,  189,  504,  585,  678,  609,  644,  521,  322],
        [  324,    0,  358,  320,  612,  588,  142,  510,  681,  159,  379,  600,  395,  514,  204,  465,  351,  435,  407,  470,  227,  180,  688,  625,  262,  643,  159,  642,  568,    0,  367,  136,  606,  544,  371,  267,  590,  400,  495,  577,  224,  236,  581,  251,  512,  170,  521,  142,  513,  353,  247,  632,  575,  428,  520,  451,  463,  242,  407,  375,  604,  417,  614,  463,  402,  163,  262,  207,  283,  613,  414,  545,  421,  373,  740,  496,  528,  204,   97,  571,  621,  381,  320,  638,  590,  448,  279,  579,  196,  418,  361,  316,   22,  716,  446,  405,  514,  464,  577,  352,  230,  202,  266,  280,  400,  460,  572,  125,   73,  368,  457,  134,  630,  810,  158,  583,  622,  321],
        [  647,    0,  363,  115,  836,  931,  508,  743,  734,  247,   53,  787,  760,  703,  507,  562,  691,  699,  751,  698,  467,  191, 1041,  786,  551,  994,  471,  698,  772,  367,    0,  319,  854,  907,  712,  302,  900,  761,  838,  682,  524,  520,  805,  377,  709,  534,  835,  412,  879,  460,  123,  946,  926,  723,  822,  605,  829,  210,  567,  560,  904,  456,  753,  736,  167,  375,  406,  512,  650,  782,  130,  661,  293,  537,  827,  668,  839,  394,  341,  780,  774,  221,  170,  835,  889,  181,  467,  765,  325,  217,  613,  181,  357, 1062,  196,   86,  640,  103,  941,  161,  168,  208,  617,  271,  584,  740,  922,  299,  390,  602,  738,  309,  991, 1168,  216,  949,  976,  451],
        [  454,    0,  439,  316,  747,  615,  249,  645,  560,   72,  312,  519,  465,  431,  340,  347,  475,  571,  437,  405,  357,  176,  729,  534,  398,  681,  157,  521,  494,  136,  319,    0,  742,  608,  494,  343,  584,  459,  522,  466,  206,  371,  716,  123,  433,  252,  651,  272,  583,  231,  201,  629,  613,  562,  506,  351,  550,  134,  307,  502,  589,  286,  514,  598,  409,   62,  373,  195,  372,  525,  405,  436,  293,  496,  628,  625,  522,   96,  207,  705,  527,  410,  339,  562,  574,  448,  181,  497,  290,  304,  495,  209,  147,  745,  341,  328,  407,  400,  640,  365,  153,  113,  310,  343,  528,  428,  608,   27,   98,  302,  425,   11,  686,  858,  118,  659,  665,  204],
        [  318,    0,  532,  747,   60,  813,  535,  112, 1259,  750,  892, 1106,  583, 1034,  403, 1047,  340,  172,  714,  965,  400,  697,  821, 1149,  345,  807,  693, 1222, 1063,  606,  854,  742,    0,  651,  335,  557,  918,  626,  759, 1143,  735,  372,   70,  852, 1026,  571,  207,  479,  615,  945,  775,  936,  768,  200,  891, 1008,  524,  830,  969,  298,  951, 1019, 1155,  149,  762,  761,  448,  719,  521, 1132,  806, 1108, 1017,  325, 1299,  223,  876,  798,  555,  108, 1150,  695,  701, 1127,  942,  800,  856, 1089,  532,  994,  251,  894,  596,  886, 1008,  927, 1076,  953,  667,  726,  795,  783,  643,  591,  277,  891,  774,  729,  661,  887,  888,  739,  723,  869,  722,  610,  774,  912],
        [  417,    0,  818,  861,  699,  175,  408,  637,  853,  671,  912,  611,  150,  576,  500,  695,  359,  557,  205,  498,  582,  723,  179,  667,  506,  157,  454,  826,  566,  544,  907,  608,  651,    0,  350,  756,  312,  150,  169,  730,  427,  519,  684,  631,  563,  375,  445,  564,   39,  654,  785,  312,  125,  487,  326,  615,  132,  741,  600,  667,  349,  740,  696,  542,  937,  570,  682,  429,  269,  647,  954,  699,  867,  690,  844,  729,  298,  576,  601,  706,  676,  902,  853,  607,  347,  984,  563,  603,  680,  903,  566,  814,  557,  238,  945,  933,  674, 1000,   34,  886,  754,  716,  299,  783,  675,  384,  134,  619,  521,  486,  382,  614,   92,  274,  693,   79,  125,  628],
        [   79,    0,  513,  631,  372,  494,  249,  295,  952,  529,  735,  778,  253,  709,  211,  747,   22,  209,  380,  638,  279,  524,  528,  823,  187,  504,  398,  916,  734,  371,  712,  494,  335,  350,    0,  477,  587,  294,  430,  831,  425,  211,  351,  581,  701,  267,  168,  303,  312,  658,  602,  608,  454,  144,  557,  696,  219,  613,  661,  325,  619,  740,  833,  202,  686,  492,  379,  412,  190,  805,  716,  796,  787,  352,  980,  380,  542,  522,  371,  366,  826,  635,  605,  796,  610,  732,  561,  761,  413,  788,  220,  686,  371,  586,  816,  764,  764,  814,  375,  637,  598,  572,  316,  510,  330,  558,  458,  491,  399,  567,  555,  496,  436,  608,  522,  337,  472,  624],
        [  402,    0,   97,  192,  536,  833,  360,  446,  895,  300,  346,  856,  610,  768,  270,  687,  457,  411,  657,  732,  200,  194,  919,  875,  294,  878,  425,  856,  827,  267,  302,  343,  557,  756,  477,    0,  852,  628,  742,  808,  491,  267,  505,  462,  769,  406,  567,  193,  721,  570,  252,  891,  813,  448,  785,  693,  648,  351,  649,  260,  868,  610,  857,  450,  216,  398,  112,  473,  489,  865,  254,  778,  525,  236,  969,  366,  790,  437,  174,  479,  868,  159,  145,  896,  853,  259,  521,  834,   78,  477,  327,  390,  246,  957,  477,  381,  749,  398,  788,  173,  297,  307,  517,   36,  283,  726,  811,  318,  335,  628,  723,  334,  847, 1029,  249,  776,  853,  545],
        [  630,    0,  935,  893,  959,  149,  503,  879,  602,  655,  887,  337,  336,  335,  652,  501,  587,  791,  214,  272,  730,  747,  260,  394,  683,  219,  441,  584,  297,  590,  900,  584,  918,  312,  587,  852,    0,  293,  161,  491,  381,  683,  938,  543,  320,  453,  723,  676,  333,  513,  784,   47,  195,  730,   80,  413,  407,  698,  419,  853,   38,  585,  434,  788,  982,  526,  814,  395,  421,  375,  984,  467,  761,  869,  569,  944,   63,  510,  678,  952,  407,  969,  905,  318,   40, 1025,  453,  336,  776,  821,  772,  758,  610,  226,  871,  897,  451,  974,  318,  934,  733,  693,  340,  868,  869,  173,  185,  605,  534,  324,  175,  593,  305,  382,  697,  387,  234,  499],
        [  341,    0,  698,  720,  666,  214,  271,  587,  743,  523,  764,  525,   44,  474,  388,  568,  295,  500,   96,  395,  471,  579,  291,  577,  408,  251,  305,  714,  479,  400,  761,  459,  626,  150,  294,  628,  293,    0,  138,  619,  281,  414,  645,  484,  462,  232,  435,  438,  129,  516,  639,  315,  186,  438,  269,  495,  141,  592,  473,  577,  325,  603,  598,  495,  799,  421,  566,  281,  146,  558,  813,  586,  721,  597,  749,  659,  251,  429,  465,  660,  584,  769,  715,  532,  317,  845,  421,  512,  552,  754,  488,  665,  415,  330,  796,  784,  558,  853,  182,  748,  606,  568,  150,  652,  591,  293,  186,  471,  373,  360,  290,  466,  231,  410,  546,  209,  226,  487],
        [  478,    0,  818,  811,  801,   95,  383,  724,  688,  592,  833,  443,  178,  411,  517,  543,  432,  637,   88,  334,  598,  666,  210,  499,  542,  161,  367,  664,  397,  495,  838,  522,  759,  169,  430,  742,  161,  138,    0,  567,  321,  545,  781,  516,  398,  336,  563,  556,  181,  519,  716,  178,   96,  574,  158,  459,  248,  650,  449,  712,  195,  602,  529,  632,  896,  473,  689,  329,  277,  479,  905,  538,  750,  730,  676,  796,  132,  469,  572,  796,  508,  873,  814,  439,  190,  941,  436,  435,  665,  797,  624,  719,  512,  224,  843,  849,  514,  922,  186,  846,  674,  635,  229,  763,  726,  219,   89,  540,  452,  337,  217,  531,  199,  344,  625,  248,  152,  496],
        [  827,    0,  904,  737, 1162,  619,  609, 1063,  125,  511,  643,  174,  655,  159,  758,  123,  818,  977,  532,  233,  801,  625,  744,  135,  813,  697,  453,   97,  200,  577,  682,  466, 1143,  730,  831,  808,  491,  619,  567,    0,  409,  794, 1133,  346,  173,  573,  998,  717,  730,  239,  608,  530,  652,  946,  429,  136,  759,  488,  175,  950,  466,  227,   87,  994,  827,  418,  835,  425,  646,  144,  804,   36,  420,  949,  163, 1069,  461,  377,  667, 1130,  119,  849,  777,  219,  455,  855,  299,  165,  755,  505,  918,  502,  596,  716,  554,  633,   67,  708,  752,  794,  546,  518,  521,  804,  974,  349,  642,  491,  507,  266,  351,  475,  763,  871,  565,  807,  704,  263],
        [  418,    0,  582,  513,  755,  412,  203,  658,  528,  277,  515,  391,  300,  309,  361,  323,  411,  571,  239,  253,  418,  367,  530,  424,  412,  481,   67,  492,  353,  224,  524,  206,  735,  427,  425,  491,  381,  281,  321,  409,    0,  397,  727,  204,  304,  164,  592,  343,  409,  245,  405,  425,  414,  537,  305,  274,  400,  330,  237,  564,  389,  331,  423,  586,  603,  153,  478,   19,  249,  409,  604,  374,  441,  569,  565,  677,  318,  151,  320,  727,  423,  593,  527,  423,  374,  645,  146,  370,  420,  480,  517,  398,  246,  542,  524,  529,  343,  603,  458,  556,  358,  318,  138,  502,  586,  237,  408,  226,  158,  158,  234,  215,  497,  662,  317,  489,  468,  213],
        [  136,    0,  306,  430,  377,  628,  197,  276,  904,  380,  550,  786,  385,  705,   37,  689,  191,  201,  471,  646,   68,  343,  692,  821,   32,  658,  343,  866,  747,  236,  520,  371,  372,  519,  211,  267,  683,  414,  545,  794,  397,    0,  346,  484,  700,  246,  315,  113,  481,  581,  423,  715,  598,  206,  631,  661,  399,  462,  619,  173,  707,  651,  818,  231,  478,  394,  170,  379,  270,  806,  511,  759,  648,  187,  954,  282,  627,  432,  191,  339,  819,  425,  398,  815,  695,  523,  498,  766,  206,  631,  127,  529,  225,  740,  650,  582,  728,  623,  549,  430,  433,  416,  350,  300,  193,  599,  598,  358,  294,  554,  596,  368,  610,  790,  357,  526,  629,  549],
        [  318,    0,  472,  696,   32,  841,  525,   71, 1246,  717,  846, 1107,  603, 1031,  380, 1032,  352,  157,  729,  965,  364,  656,  858, 1147,  323,  841,  680, 1209, 1064,  581,  805,  716,   70,  684,  351,  505,  938,  645,  781, 1133,  727,  346,    0,  830, 1025,  565,  250,  447,  647,  927,  733,  958,  798,  208,  905,  998,  555,  795,  958,  245,  969,  997, 1149,  150,  706,  740,  400,  710,  529, 1130,  751, 1098,  982,  270, 1291,  157,  892,  778,  521,   39, 1147,  638,  648, 1130,  960,  742,  840, 1088,  487,  955,  221,  856,  569,  921,  965,  880, 1066,  903,  703,  672,  757,  748,  646,  538,  222,  898,  802,  701,  640,  882,  895,  712,  761,  913,  686,  650,  808,  894],
        [  552,    0,  558,  406,  861,  604,  333,  759,  438,  166,  353,  417,  501,  331,  450,  226,  564,  681,  439,  322,  476,  281,  726,  425,  508,  676,  193,  399,  399,  251,  377,  123,  852,  631,  581,  462,  543,  484,  516,  346,  204,  484,  830,    0,  336,  319,  744,  390,  613,  109,  278,  590,  611,  666,  463,  240,  597,  167,  198,  623,  541,  168,  400,  706,  498,   92,  496,  204,  432,  418,  484,  317,  237,  618,  508,  745,  485,   61,  329,  821,  416,  511,  439,  464,  526,  533,   93,  395,  412,  282,  610,  216,  265,  731,  330,  358,  290,  436,  662,  460,  217,  182,  338,  458,  648,  374,  604,  146,  192,  228,  372,  130,  700,  860,  220,  692,  666,   85],
        [  709,    0,  864,  740, 1052,  447,  505,  957,  291,  495,  681,   88,  501,   15,  664,  195,  691,  868,  370,   67,  721,  608,  572,  123,  715,  525,  363,  268,   63,  512,  709,  433, 1026,  563,  701,  769,  320,  462,  398,  173,  304,  700, 1025,  336,    0,  461,  865,  643,  566,  255,  613,  361,  480,  827,  257,  115,  603,  501,  145,  867,  298,  299,  137,  880,  833,  374,  774,  323,  512,  106,  820,  148,  497,  872,  287,  981,  289,  338,  608, 1027,  125,  842,  770,  130,  286,  868,  254,   67,  705,  572,  819,  538,  533,  546,  624,  680,  132,  758,  583,  792,  552,  516,  386,  773,  890,  180,  470,  459,  440,  148,  181,  443,  592,  700,  548,  641,  532,  259],
        [  254,    0,  485,  488,  593,  428,   52,  496,  691,  306,  542,  545,  226,  467,  211,  482,  251,  408,  251,  404,  282,  349,  521,  583,  256,  478,  131,  655,  505,  170,  534,  252,  571,  375,  267,  406,  453,  232,  336,  573,  164,  246,  565,  319,  461,    0,  434,  225,  345,  391,  413,  489,  411,  373,  393,  438,  300,  383,  400,  418,  473,  474,  585,  423,  568,  235,  362,  149,  121,  567,  582,  538,  539,  428,  728,  525,  393,  259,  237,  566,  583,  540,  484,  572,  460,  614,  295,  526,  329,  555,  359,  459,  184,  554,  591,  565,  506,  629,  408,  517,  386,  352,  113,  427,  438,  355,  408,  257,  156,  318,  352,  256,  461,  641,  321,  416,  455,  358],
        [  198,    0,  577,  743,  260,  611,  412,  223, 1119,  677,  865,  939,  391,  874,  332,  914,  183,  179,  528,  800,  372,  655,  614,  986,  284,  601,  564, 1084,  895,  521,  835,  651,  207,  445,  168,  567,  723,  435,  563,  998,  592,  315,  250,  744,  865,  434,    0,  425,  410,  824,  735,  737,  565,  120,  703,  863,  322,  761,  828,  348,  757,  905,  998,  143,  782,  654,  458,  579,  354,  968,  819,  963,  941,  379, 1146,  345,  685,  686,  501,  279,  990,  723,  707,  955,  750,  826,  728,  924,  517,  935,  248,  833,  517,  679,  959,  896,  931,  938,  461,  738,  740,  718,  480,  602,  340,  715,  571,  644,  558,  734,  712,  651,  516,  664,  664,  403,  569,  791],
        [  236,    0,  262,  329,  479,  646,  175,  377,  822,  272,  440,  731,  418,  646,   95,  606,  282,  310,  474,  596,   86,  231,  727,  759,  144,  688,  281,  783,  695,  142,  412,  272,  479,  564,  303,  193,  676,  438,  556,  717,  343,  113,  447,  390,  643,  225,  425,    0,  528,  494,  311,  713,  623,  318,  615,  589,  457,  352,  545,  234,  696,  556,  751,  342,  388,  304,  139,  325,  296,  746,  415,  684,  539,  233,  880,  356,  617,  345,   78,  434,  756,  343,  305,  765,  682,  434,  419,  710,  118,  519,  229,  418,  126,  767,  538,  471,  653,  515,  596,  338,  321,  305,  337,  221,  259,  568,  622,  255,  211,  496,  565,  267,  654,  837,  246,  585,  662,  462],
        [  378,    0,  781,  829,  663,  203,  376,  600,  854,  645,  885,  619,  120,  579,  462,  688,  321,  519,  200,  500,  545,  693,  217,  674,  468,  194,  432,  826,  573,  513,  879,  583,  615,   39,  312,  721,  333,  129,  181,  730,  409,  481,  647,  613,  566,  345,  410,  528,    0,  642,  757,  337,  155,  449,  339,  612,   94,  717,  593,  628,  370,  729,  701,  504,  904,  548,  645,  410,  236,  654,  923,  699,  849,  652,  850,  691,  312,  557,  568,  668,  682,  868,  820,  618,  366,  951,  549,  609,  645,  881,  528,  791,  526,  276,  922,  906,  672,  973,   68,  853,  727,  691,  277,  748,  637,  389,  162,  594,  494,  480,  387,  590,  129,  310,  664,   81,  162,  614],
        [  638,    0,  666,  504,  957,  598,  415,  856,  330,  273,  429,  328,  541,  247,  547,  117,  642,  775,  452,  260,  579,  387,  725,  327,  604,  675,  261,  291,  317,  353,  460,  231,  945,  654,  658,  570,  513,  516,  519,  239,  245,  581,  927,  109,  255,  391,  824,  494,  642,    0,  374,  559,  614,  754,  434,  146,  642,  256,  111,  727,  504,   88,  298,  797,  595,  190,  603,  253,  492,  322,  577,  211,  251,  724,  399,  849,  461,  150,  436,  920,  317,  614,  541,  377,  489,  627,   99,  306,  520,  321,  707,  285,  369,  720,  372,  426,  185,  504,  683,  560,  312,  282,  381,  566,  752,  340,  606,  255,  288,  190,  339,  239,  713,  859,  327,  723,  670,   34],
        [  542,    0,  336,  130,  764,  810,  389,  667,  677,  129,  134,  694,  638,  608,  404,  485,  581,  612,  630,  594,  377,   81,  919,  700,  454,  872,  350,  639,  675,  247,  123,  201,  775,  785,  602,  252,  784,  639,  716,  608,  405,  423,  733,  278,  613,  413,  735,  311,  757,  374,    0,  829,  804,  628,  706,  516,  709,  120,  474,  491,  789,  390,  671,  647,  222,  259,  337,  392,  529,  694,  208,  583,  275,  474,  762,  608,  722,  284,  235,  712,  690,  244,  172,  741,  774,  256,  363,  672,  246,  226,  527,  139,  239,  940,  233,  162,  559,  218,  818,  187,   63,   97,  495,  232,  517,  627,  800,  179,  267,  494,  624,  191,  869, 1045,   93,  828,  854,  359],
        [  655,    0,  973,  937,  978,  139,  539,  902,  638,  700,  933,  370,  356,  375,  685,  545,  610,  814,  244,  316,  764,  791,  233,  427,  713,  197,  485,  622,  333,  632,  946,  629,  936,  312,  608,  891,   47,  315,  178,  530,  425,  715,  958,  590,  361,  489,  737,  713,  337,  559,  829,    0,  189,  752,  127,  457,  418,  744,  464,  884,   64,  630,  469,  809, 1026,  572,  850,  439,  449,  408, 1029,  508,  808,  901,  600,  972,  107,  556,  718,  974,  440, 1011,  947,  347,   75, 1069,  499,  371,  815,  868,  799,  804,  651,  191,  918,  943,  492, 1020,  313,  977,  779,  739,  377,  909,  899,  220,  179,  650,  577,  371,  221,  638,  291,  348,  741,  383,  218,  546],
