{
    "name": "random-56-2648",
    "comment": "size=56 seed=2648",
    "nodes": ["+0", "-0", "+1", "-1", "+2", "-2", "+3", "-3", "+4", "-4", "+5", "-5", "+6", "-6", "+7", "-7", "+8", "-8", "+9", "-9", "+10", "-10", "+11", "-11", "+12", "-12", "+13", "-13", "+14", "-14", "+15", "-15", "+16", "-16", "+17", "-17", "+18", "-18", "+19", "-19", "+20", "-20", "+21", "-21", "+22", "-22", "+23", "-23", "+24", "-24", "+25", "-25", "+26", "-26", "+27", "-27", "+28", "-28", "+29", "-29", "+30", "-30", "+31", "-31", "+32", "-32", "+33", "-33", "+34", "-34", "+35", "-35", "+36", "-36", "+37", "-37", "+38", "-38", "+39", "-39", "+40", "-40", "+41", "-41", "+42", "-42", "+43", "-43", "+44", "-44", "+45", "-45", "+46", "-46", "+47", "-47", "+48", "-48", "+49", "-49", "+50", "-50", "+51", "-51", "+52", "-52", "+53", "-53", "+54", "-54", "+55", "-55", "+56", "-56"],
    "precedence": {
        "+0": "-0",
        "+1": "-1",
        "+2": "-2",
        "+3": "-3",
        "+4": "-4",
        "+5": "-5",
        "+6": "-6",
        "+7": "-7",
        "+8": "-8",
        "+9": "-9",
        "+10": "-10",
        "+11": "-11",
        "+12": "-12",
        "+13": "-13",
        "+14": "-14",
        "+15": "-15",
        "+16": "-16",
        "+17": "-17",
        "+18": "-18",
        "+19": "-19",
        "+20": "-20",
        "+21": "-21",
        "+22": "-22",
        "+23": "-23",
        "+24": "-24",
        "+25": "-25",
        "+26": "-26",
        "+27": "-27",
        "+28": "-28",
        "+29": "-29",
        "+30": "-30",
        "+31": "-31",
        "+32": "-32",
        "+33": "-33",
        "+34": "-34",
        "+35": "-35",
        "+36": "-36",
        "+37": "-37",
        "+38": "-38",
        "+39": "-39",
        "+40": "-40",
        "+41": "-41",
        "+42": "-42",
        "+43": "-43",
        "+44": "-44",
        "+45": "-45",
        "+46": "-46",
        "+47": "-47",
        "+48": "-48",
        "+49": "-49",
        "+50": "-50",
        "+51": "-51",
        "+52": "-52",
        "+53": "-53",
        "+54": "-54",
        "+55": "-55",
        "+56": "-56"
    },
    "edges": [
        [    0,    0,  722,  659,  165,  531,  540,  879,  802,  601,  532,  179,  380,   11,  518,  537,  187,  748,  277,  500,  617,  415,  807,  499,  387,  496,  187,  743, 1067,  930,  900,  696,  895,  341,  562,  505,  720,  523, 1074,  892,  850,  519,  720,  967,  671,  850,  762,  352, 1075,  428,  535,  251,  505,  902,  951,  969,  579,  953,  609,  977,  825,  599,  980,  453,  702,  906,  775,  508,  577,  567,  232,  151, 1130,  995,  423,  687,  834,  613,  434,  464,  687,  856,  404,  950,  485,  100,  744,  814,  146,  495,  932,  559,  149,  771,  709,  854,  963,  591,  554,  418,  197,  656,  917,  450,   76,  802,  151,  848,  211,  688,  721,  543,  119,  517],
        [    0,    0,    0,    0,    0,    0,    0,    0,    0,    0,    0,    0,    0,    0,    0,    0,    0,    0,    0,    0,    0,    0,    0,    0,    0,    0,    0,    0,    0,    0,    0,    0,    0,    0,    0,    0,    0,    0,    0,    0,    0,    0,    0,    0,    0,    0,    0,    0,    0,    0,    0,    0,    0,    0,    0,    0,    0,    0,    0,    0,    0,    0,    0,    0,    0,    0,    0,    0,    0,    0,    0,    0,    0,    0,    0,    0,    0,    0,    0,    0,    0,    0,    0,    0,    0,    0,    0,    0,    0,    0,    0,    0,    0,    0,    0,    0,    0,    0,    0,    0,    0,    0,    0,    0,    0,    0,    0,    0,    0,    0,    0,    0,    0,    0],
        [  722,    0,    0,  369,  686,  351,  308,  209,  272,  253,  380,  609,  666,  723,  399,  220,  635,  589,  487,  300,  114,  584,  197,  593,  628,  518,  542,  279,  367,  260,  197,  173,  336,  590,  230,  462,  343,  339,  359,  486,  135,  479,  256,  346,  296,  429,  427,  403,  354,  410,  245,  579,  576,  339,  438,  339,  609,  300,  354,  259,  187,  219,  359,  357,  656,  191,  372,  461,  598,  428,  537,  575,  410,  288,  364,  112,  607,  115,  612,  529,  630,  236,  351,  274,  281,  789,   23,   99,  800,  631,  608,  521,  684,  177,   21,  318,  242,  540,  246,  572,  666,   84,  318,  488,  715,  127,  740,  143,  622,   51,  532,  186,  605,  643],
        [  659,    0,  369,    0,  544,  132,  143,  569,  199,  534,  127,  488,  414,  655,  142,  438,  496,  885,  384,  195,  378,  744,  264,  791,  376,  725,  541,  623,  525,  381,  539,  200,  272,  372,  192,  679,   72,  145,  654,  237,  471,  179,  596,  364,   76,  781,  110,  501,  607,  231,  473,  423,  268,  707,  300,  702,  838,  659,   52,  498,  295,  172,  373,  538,  923,  514,  713,  176,  258,  111,  427,  557,  636,  481,  250,  258,  258,  372,  337,  251,  265,  604,  479,  402,  234,  682,  383,  387,  668,  325,  307,  190,  699,  541,  378,  683,  535,  194,  183,  312,  708,  393,  312,  234,  614,  493,  599,  382,  672,  390,  165,  378,  550,  328],
        [  165,    0,  686,  544,    0,  427,  447,  869,  711,  625,  421,   79,  217,  156,  403,  539,   53,  838,  200,  419,  596,  527,  732,  609,  228,  589,  238,  769, 1004,  860,  878,  623,  801,  191,  490,  583,  612,  424, 1045,  770,  820,  385,  743,  882,  572,  897,  641,  386, 1033,  324,  548,  123,  353,  922,  844,  974,  688,  951,  499,  928,  755,  523,  894,  494,  809,  876,  819,  378,  424,  442,  150,  210, 1082,  938,  340,  628,  690,  590,  277,  321,  533,  858,  428,  881,  417,  142,  709,  769,  125,  337,  795,  417,  294,  772,  677,  876,  927,  446,  478,  268,  337,  635,  830,  318,   91,  786,   57,  796,  333,  662,  581,  526,  152,  357],
        [  531,    0,  351,  132,  427,    0,   45,  559,  286,  456,   30,  365,  333,  528,   48,  352,  376,  795,  255,   81,  321,  624,  320,  676,  294,  614,  409,  566,  595,  448,  543,  220,  374,  272,  125,  572,  190,   18,  684,  368,  476,  129,  537,  458,  145,  724,  241,  379,  652,  105,  384,  305,  225,  675,  422,  688,  729,  651,   81,  542,  347,  134,  469,  430,  822,  527,  650,  110,  252,   92,  300,  426,  691,  538,  119,  253,  366,  314,  268,  181,  310,  580,  365,  470,  123,  561,  371,  401,  551,  281,  433,  176,  568,  505,  353,  643,  562,  201,  109,  232,  577,  347,  405,  145,  490,  476,  483,  413,  541,  356,  255,  296,  421,  292],
        [  540,    0,  308,  143,  447,   45,    0,  516,  265,  416,   74,  381,  370,  537,   92,  314,  396,  759,  264,   52,  278,  602,  289,  650,  331,  586,  406,  524,  564,  418,  500,  184,  357,  304,   81,  542,  188,   32,  644,  373,  433,  173,  495,  435,  132,  681,  251,  358,  615,  126,  347,  326,  268,  631,  414,  644,  700,  607,   95,  505,  315,   93,  447,  400,  790,  485,  608,  154,  296,  133,  312,  425,  656,  504,  118,  212,  392,  270,  308,  222,  350,  536,  338,  439,   92,  577,  328,  361,  571,  324,  450,  219,  566,  461,  310,  599,  522,  244,   65,  270,  571,  303,  383,  184,  505,  432,  504,  375,  533,  312,  286,  256,  426,  336],
        [  879,    0,  209,  569,  869,  559,  516,    0,  434,  304,  588,  790,  869,  883,  607,  344,  819,  536,  673,  505,  274,  650,  346,  631,  832,  560,  693,  219,  352,  329,   64,  369,  465,  790,  437,  507,  533,  547,  216,  646,  109,  687,  218,  432,  495,  309,  612,  534,  259,  614,  349,  769,  784,  167,  567,  133,  620,   92,  560,  228,  320,  427,  443,  453,  628,  104,  287,  669,  805,  636,  720,  729,  323,  283,  564,  315,  792,  280,  818,  736,  833,   70,  479,  329,  482,  957,  190,  194,  975,  839,  774,  728,  814,  119,  208,  175,  157,  747,  454,  777,  786,  236,  429,  694,  885,   86,  920,  223,  743,  213,  728,  343,  768,  851],
        [  802,    0,  272,  199,  711,  286,  265,  434,    0,  506,  298,  645,  606,  800,  319,  436,  660,  854,  528,  302,  340,  792,   89,  820,  568,  747,  654,  551,  327,  185,  389,  130,   95,  554,  247,  694,  132,  288,  473,  216,  326,  374,  528,  173,  143,  698,  190,  566,  417,  388,  470,  589,  466,  592,  179,  563,  851,  517,  226,  312,  118,  208,  184,  565,  914,  356,  643,  367,  454,  306,  576,  678,  441,  287,  379,  184,  363,  336,  532,  444,  442,  484,  527,  205,  322,  841,  276,  241,  835,  523,  342,  388,  813,  444,  289,  580,  361,  390,  251,  503,  810,  334,  119,  420,  769,  374,  767,  218,  769,  314,  321,  378,  686,  527],
        [  601,    0,  253,  534,  625,  456,  416,  304,  506,    0,  485,  549,  686,  606,  496,  107,  581,  354,  450,  377,  167,  351,  444,  346,  655,  271,  416,  145,  600,  511,  346,  382,  582,  601,  345,  215,  537,  438,  518,  709,  324,  572,  119,  598,  477,  284,  622,  251,  547,  457,   82,  549,  653,  302,  681,  371,  356,  362,  499,  479,  438,  363,  612,  154,  408,  368,  205,  551,  700,  547,  488,  452,  610,  521,  397,  323,  792,  172,  658,  595,  765,  264,  200,  522,  338,  689,  263,  341,  715,  698,  820,  626,  519,  186,  233,  254,  432,  655,  358,  615,  487,  175,  569,  550,  620,  249,  669,  389,  444,  203,  695,  160,  501,  716],
        [  532,    0,  380,  127,  421,   30,   74,  588,  298,  485,    0,  362,  313,  528,   22,  380,  371,  822,  259,  109,  350,  644,  339,  698,  274,  637,  420,  596,  613,  466,  570,  243,  383,  257,  154,  597,  192,   47,  709,  362,  502,  100,  567,  470,  155,  753,  233,  400,  674,  105,  412,  299,  197,  704,  424,  717,  753,  679,   79,  564,  367,  162,  480,  455,  847,  553,  679,   83,  223,   65,  300,  434,  712,  558,  133,  279,  345,  343,  245,  157,  281,  609,  388,  488,  150,  557,  399,  427,  545,  254,  419,  146,  577,  534,  382,  672,  586,  172,  138,  211,  588,  376,  417,  124,  488,  505,  476,  436,  554,  385,  233,  325,  425,  265],
        [  179,    0,  609,  488,   79,  365,  381,  790,  645,  549,  362,    0,  223,  173,  346,  461,   35,  776,  124,  348,  518,  477,  662,  557,  220,  530,  180,  693,  932,  789,  800,  551,  736,  167,  417,  519,  553,  359,  968,  719,  743,  342,  666,  815,  508,  823,  589,  314,  957,  260,  471,   73,  329,  844,  785,  896,  634,  873,  440,  853,  683,  452,  827,  422,  753,  799,  745,  331,  402,  392,   73,  160, 1007,  864,  269,  554,  655,  512,  263,  286,  511,  780,  354,  809,  343,  197,  632,  693,  195,  325,  755,  381,  275,  694,  600,  799,  850,  413,  407,  242,  310,  556,  763,  273,  126,  708,  132,  721,  296,  584,  543,  448,  109,  347],
        [  380,    0,  666,  414,  217,  333,  370,  869,  606,  686,  313,  223,    0,  372,  291,  584,  200,  963,  249,  367,  603,  689,  651,  766,   39,  729,  393,  822,  925,  778,  862,  552,  685,   86,  439,  709,  485,  339, 1013,  611,  797,  235,  793,  776,  464,  969,  489,  490,  984,  256,  605,  167,  163,  958,  705,  990,  839,  958,  380,  874,  679,  461,  785,  589,  954,  850,  890,  240,  223,  303,  232,  379, 1023,  870,  306,  579,  498,  596,   81,  163,  329,  875,  514,  800,  387,  348,  687,  729,  312,  128,  611,  242,  497,  793,  663,  918,  890,  262,  423,  103,  532,  638,  723,  189,  308,  784,  252,  744,  518,  657,  399,  549,  331,  145],
        [   11,    0,  723,  655,  156,  528,  537,  883,  800,  606,  528,  173,  372,    0,  514,  540,  180,  756,  274,  498,  620,  424,  806,  508,  379,  505,  191,  748, 1068,  930,  903,  695,  893,  334,  561,  513,  717,  520, 1077,  888,  852,  514,  725,  966,  668,  857,  758,  356, 1077,  425,  540,  245,  498,  908,  949,  973,  588,  957,  606,  978,  824,  598,  979,  458,  711,  908,  782,  503,  570,  562,  229,  155, 1131,  996,  421,  687,  828,  616,  426,  458,  680,  860,  409,  950,  484,   91,  746,  815,  136,  488,  927,  553,  159,  775,  711,  859,  965,  584,  553,  411,  207,  658,  915,  445,   66,  805,  141,  849,  220,  690,  715,  545,  119,  509],
        [  518,    0,  399,  142,  403,   48,   92,  607,  319,  496,   22,  346,  291,  514,    0,  391,  354,  830,  247,  120,  366,  644,  360,  700,  252,  641,  412,  610,  635,  488,  590,  264,  403,  237,  172,  601,  210,   62,  730,  375,  523,   82,  581,  490,  176,  767,  245,  400,  696,   93,  422,  282,  177,  721,  441,  735,  756,  698,   97,  585,  389,  182,  501,  461,  853,  574,  693,   63,  207,   61,  286,  424,  733,  580,  130,  300,  348,  359,  223,  135,  272,  627,  392,  509,  159,  540,  419,  448,  527,  233,  426,  131,  568,  552,  401,  688,  607,  160,  156,  189,  580,  393,  437,  103,  472,  524,  458,  458,  547,  403,  233,  337,  413,  245],
        [  537,    0,  220,  438,  539,  352,  314,  344,  436,  107,  380,  461,  584,  540,  391,    0,  493,  447,  354,  272,  109,  368,  387,  386,  552,  312,  350,  239,  586,  476,  369,  307,  520,  499,  247,  259,  449,  334,  545,  628,  328,  467,  211,  552,  386,  387,  532,  193,  559,  351,   36,  454,  547,  384,  614,  437,  416,  418,  400,  474,  388,  270,  566,  138,  488,  381,  310,  445,  594,  444,  396,  386,  619,  507,  291,  255,  696,  110,  554,  489,  661,  322,  138,  491,  232,  617,  238,  318,  638,  592,  732,  521,  476,  236,  202,  340,  443,  550,  258,  510,  453,  139,  515,  444,  545,  270,  587,  363,  409,  173,  596,   62,  427,  611],
        [  187,    0,  635,  496,   53,  376,  396,  819,  660,  581,  371,   35,  200,  180,  354,  493,    0,  809,  149,  367,  546,  508,  680,  589,  202,  563,  212,  725,  952,  808,  827,  570,  750,  155,  437,  553,  563,  373,  994,  724,  769,  341,  698,  830,  521,  857,  594,  348,  981,  272,  504,   73,  319,  876,  795,  926,  666,  902,  449,  876,  703,  471,  842,  456,  786,  825,  778,  333,  391,  395,   99,  190, 1030,  885,  288,  576,  651,  540,  248,  281,  501,  810,  387,  829,  365,  187,  658,  717,  176,  310,  754,  377,  297,  724,  626,  831,  875,  407,  426,  232,  335,  584,  778,  273,  124,  736,  109,  744,  324,  612,  541,  477,  136,  331],
        [  748,    0,  589,  885,  838,  795,  759,  536,  854,  354,  822,  776,  963,  756,  830,  447,  809,    0,  715,  714,  520,  340,  785,  261,  939,  253,  601,  327,  886,  830,  598,  734,  924,  880,  694,  257,  890,  777,  731, 1061,  611,  900,  340,  926,  829,  257,  975,  473,  791,  774,  413,  804,  969,  410, 1026,  510,  189,  536,  847,  759,  774,  715,  939,  379,  108,  634,  250,  878, 1025,  886,  737,  631,  854,  811,  714,  673, 1142,  525,  956,  908, 1102,  468,  455,  837,  673,  847,  592,  659,  889, 1005, 1173,  957,  613,  446,  569,  375,  693,  988,  704,  915,  565,  521,  905,  865,  798,  531,  866,  706,  540,  542, 1042,  508,  689, 1026],
        [  277,    0,  487,  384,  200,  255,  264,  673,  528,  450,  259,  124,  249,  274,  247,  354,  149,  715,    0,  227,  399,  454,  540,  526,  226,  483,  176,  591,  808,  666,  679,  429,  620,  165,  295,  461,  445,  247,  845,  620,  621,  266,  563,  696,  395,  731,  491,  242,  834,  155,  369,  101,  288,  737,  675,  783,  596,  757,  334,  729,  560,  330,  708,  342,  709,  677,  652,  249,  358,  301,   52,  182,  883,  740,  149,  430,  582,  393,  250,  231,  461,  666,  267,  687,  220,  317,  510,  569,  318,  307,  670,  316,  324,  581,  478,  693,  727,  350,  284,  213,  343,  437,  644,  201,  243,  589,  255,  597,  315,  464,  466,  333,  167,  329],
        [  500,    0,  300,  195,  419,   81,   52,  505,  302,  377,  109,  348,  367,  498,  120,  272,  367,  714,  227,    0,  251,  550,  314,  599,  329,  535,  358,  492,  586,  442,  496,  204,  396,  293,   74,  493,  237,   63,  648,  424,  431,  198,  463,  469,  179,  649,  303,  306,  625,  112,  304,  300,  287,  609,  459,  630,  650,  595,  146,  517,  337,  105,  481,  351,  742,  485,  574,  177,  325,  172,  277,  379,  670,  522,   80,  217,  442,  244,  314,  234,  389,  518,  287,  463,   42,  543,  321,  365,  541,  339,  502,  250,  518,  440,  298,  574,  526,  279,   61,  273,  521,  281,  418,  191,  470,  420,  475,  385,  483,  295,  334,  218,  384,  354],
        [  617,    0,  114,  378,  596,  321,  278,  274,  340,  167,  350,  518,  603,  620,  366,  109,  546,  520,  399,  251,    0,  476,  283,  490,  567,  415,  435,  248,  480,  368,  285,  216,  419,  522,  199,  361,  374,  305,  457,  543,  234,  447,  220,  445,  315,  406,  459,  290,  462,  352,  137,  496,  537,  359,  516,  388,  514,  359,  349,  371,  282,  208,  459,  246,  574,  289,  336,  426,  572,  409,  447,  469,  520,  401,  297,  157,  632,    8,  560,  484,  624,  273,  238,  383,  220,  689,  133,  212,  705,  589,  655,  496,  572,  191,   96,  323,  347,  521,  214,  517,  553,   40,  411,  440,  616,  191,  648,  255,  509,   72,  542,   76,  503,  604],
        [  415,    0,  584,  744,  527,  624,  602,  650,  792,  351,  644,  477,  689,  424,  644,  368,  508,  340,  454,  550,  476,    0,  752,   85,  674,  105,  298,  450,  946,  843,  696,  663,  881,  613,  566,  148,  776,  607,  866,  964,  673,  695,  439,  918,  713,  500,  851,  245,  898,  563,  340,  523,  738,  603,  970,  692,  165,  695,  696,  827,  755,  600,  932,  231,  287,  719,  440,  675,  805,  705,  458,  319,  961,  866,  514,  618,  989,  477,  703,  679,  901,  601,  269,  857,  511,  514,  600,  680,  559,  760, 1051,  751,  275,  533,  565,  553,  783,  785,  569,  666,  226,  501,  880,  641,  472,  600,  545,  726,  205,  535,  876,  418,  376,  783],
        [  807,    0,  197,  264,  732,  320,  289,  346,   89,  444,  339,  662,  651,  806,  360,  387,  680,  785,  540,  314,  283,  752,    0,  772,  612,  698,  646,  473,  276,  129,  300,  111,  139,  591,  246,  643,  207,  317,  393,  302,  238,  427,  452,  169,  194,  617,  275,  539,  344,  415,  419,  613,  523,  505,  241,  475,  796,  428,  278,  235,   32,  210,  183,  522,  850,  268,  565,  416,  520,  361,  590,  674,  375,  221,  393,  136,  451,  280,  582,  493,  520,  398,  495,  150,  323,  856,  197,  153,  855,  581,  429,  450,  802,  363,  216,  495,  277,  457,  256,  549,  794,  269,  129,  463,  782,  289,  789,  130,  751,  244,  403,  335,  689,  587],
        [  499,    0,  593,  791,  609,  676,  650,  631,  820,  346,  698,  557,  766,  508,  700,  386,  589,  261,  526,  599,  490,   85,  772,    0,  748,   76,  378,  420,  945,  852,  682,  690,  905,  688,  606,  132,  817,  659,  845, 1002,  667,  756,  414,  934,  753,  446,  894,  301,  885,  624,  354,  600,  806,  563,  998,  658,   81,  666,  744,  823,  771,  637,  948,  257,  203,  708,  394,  735,  871,  760,  534,  401,  949,  866,  572,  640, 1041,  492,  775,  745,  963,  575,  313,  865,  559,  598,  605,  685,  643,  831, 1096,  813,  358,  516,  572,  515,  773,  847,  611,  737,  308,  510,  900,  706,  556,  590,  629,  732,  289,  542,  930,  442,  458,  853],
        [  387,    0,  628,  376,  228,  294,  331,  832,  568,  655,  274,  220,   39,  379,  252,  552,  202,  939,  226,  329,  567,  674,  612,  748,    0,  709,  380,  790,  887,  740,  824,  513,  647,   61,  401,  686,  448,  300,  974,  577,  759,  198,  761,  738,  426,  938,  454,  467,  945,  218,  574,  155,  133,  923,  669,  954,  820,  921,  342,  835,  640,  422,  748,  563,  934,  812,  859,  202,  200,  265,  217,  370,  984,  831,  271,  541,  472,  561,   52,  126,  308,  840,  488,  761,  350,  364,  650,  690,  333,  110,  583,  209,  495,  758,  625,  884,  852,  232,  385,   65,  528,  602,  685,  150,  317,  747,  269,  705,  510,  620,  370,  515,  326,  131],
        [  496,    0,  518,  725,  589,  614,  586,  560,  747,  271,  637,  530,  729,  505,  641,  312,  563,  253,  483,  535,  415,  105,  698,   76,  709,    0,  352,  353,  871,  777,  609,  618,  831,  648,  537,   56,  748,  596,  775,  933,  593,  701,  345,  859,  684,  396,  827,  248,  813,  569,  279,  565,  756,  502,  925,  593,  117,  599,  679,  749,  696,  568,  873,  188,  226,  635,  337,  679,  819,  700,  498,  380,  877,  791,  514,  567,  977,  418,  731,  695,  907,  507,  250,  790,  494,  595,  530,  610,  637,  785, 1029,  758,  365,  444,  497,  453,  699,  791,  544,  692,  318,  435,  825,  655,  546,  517,  615,  657,  290,  467,  868,  369,  439,  807],
        [  187,    0,  542,  541,  238,  409,  406,  693,  654,  416,  420,  180,  393,  191,  412,  350,  212,  601,  176,  358,  435,  298,  646,  378,  380,  352,    0,  559,  896,  764,  716,  537,  748,  321,  408,  347,  593,  397,  890,  776,  668,  440,  535,  812,  536,  674,  649,  166,  895,  320,  349,  227,  462,  717,  816,  782,  455,  767,  489,  800,  661,  446,  825,  271,  575,  723,  597,  423,  533,  469,  165,   37,  951,  822,  292,  519,  754,  431,  414,  406,  637,  670,  218,  783,  333,  273,  564,  637,  304,  475,  837,  492,  161,  584,  528,  669,  781,  526,  403,  382,  169,  473,  764,  377,  208,  617,  269,  673,  139,  506,  639,  360,   90,  497],
        [  743,    0,  279,  623,  769,  566,  524,  219,  551,  145,  596,  693,  822,  748,  610,  239,  725,  327,  591,  492,  248,  450,  473,  420,  790,  353,  559,    0,  561,  505,  277,  444,  610,  738,  446,  303,  612,  550,  429,  765,  285,  690,   30,  604,  557,  159,  697,  393,  477,  584,  223,  691,  777,  162,  713,  244,  403,  247,  597,  435,  458,  454,  617,  291,  412,  310,   93,  669,  816,  656,  631,  595,  541,  486,  525,  380,  874,  255,  790,  720,  871,  157,  344,  511,  457,  831,  277,  337,  859,  825,  885,  741,  652,  120,  262,  112,  372,  767,  461,  746,  616,  232,  586,  675,  764,  205,  814,  382,  575,  241,  788,  278,  644,  842],
        [ 1067,    0,  367,  525, 1004,  595,  564,  352,  327,  600,  613,  932,  925, 1068,  635,  586,  952,  886,  808,  586,  480,  946,  276,  945,  887,  871,  896,  561,    0,  147,  289,  382,  277,  866,  515,  815,  458,  592,  230,  459,  281,  697,  553,  186,  463,  659,  500,  767,  145,  689,  609,  886,  791,  508,  338,  430,  949,  386,  548,  127,  250,  482,  186,  721,  973,  252,  638,  688,  780,  630,  859,  927,  131,   80,  664,  381,  647,  481,  854,  766,  760,  422,  716,  126,  589, 1123,  349,  269, 1126,  849,  580,  714, 1045,  444,  385,  525,  197,  717,  526,  823, 1029,  448,  227,  737, 1049,  361, 1060,  226,  985,  414,  635,  550,  949,  853],
        [  930,    0,  260,  381,  860,  448,  418,  329,  185,  511,  466,  789,  778,  930,  488,  476,  808,  830,  666,  442,  368,  843,  129,  852,  740,  777,  764,  505,  147,    0,  269,  238,  159,  720,  372,  721,  316,  446,  303,  351,  227,  551,  490,  104,  317,  630,  367,  645,  237,  543,  504,  741,  646,  496,  248,  441,  867,  393,  402,  141,  106,  338,  115,  613,  906,  230,  592,  542,  638,  485,  717,  793,  257,  105,  521,  246,  529,  367,  708,  619,  625,  393,  597,   22,  448,  982,  248,  172,  983,  704,  479,  570,  917,  386,  280,  498,  207,  574,  383,  676,  905,  343,  112,  590,  908,  302,  917,  125,  862,  311,  502,  432,  812,  708],
        [  900,    0,  197,  539,  878,  543,  500,   64,  389,  346,  570,  800,  862,  903,  590,  369,  827,  598,  679,  496,  285,  696,  300,  682,  824,  609,  716,  277,  289,  269,    0,  340,  411,  786,  425,  555,  496,  532,  176,  596,   69,  669,  273,  372,  464,  373,  572,  562,  204,  607,  380,  773,  767,  229,  511,  177,  675,  129,  534,  164,  272,  409,  382,  489,  688,   40,  350,  652,  782,  614,  728,  751,  268,  219,  561,  292,  750,  289,  807,  722,  803,  134,  507,  267,  478,  974,  175,  153,  988,  823,  725,  706,  844,  166,  202,  238,   95,  722,  441,  767,  819,  246,  373,  682,  900,  100,  931,  172,  775,  216,  693,  358,  786,  834],
        [  696,    0,  173,  200,  623,  220,  184,  369,  130,  382,  243,  551,  552,  695,  264,  307,  570,  734,  429,  204,  216,  663,  111,  690,  513,  618,  537,  444,  382,  238,  340,    0,  220,  488,  135,  565,  170,  214,  467,  328,  272,  338,  418,  275,  126,  598,  255,  439,  432,  308,  341,  504,  436,  511,  308,  502,  722,  459,  196,  322,  133,  100,  288,  435,  789,  317,  536,  324,  445,  278,  480,  564,  472,  320,  283,   64,  434,  211,  487,  399,  465,  406,  398,  259,  212,  745,  185,  189,  745,  494,  443,  370,  694,  349,  185,  490,  345,  384,  145,  451,  688,  216,  228,  364,  671,  294,  679,  194,  646,  204,  361,  249,  578,  502],
        [  895,    0,  336,  272,  801,  374,  357,  465,   95,  582,  383,  736,  685,  893,  403,  520,  750,  924,  620,  396,  419,  881,  139,  905,  647,  831,  748,  610,  277,  159,  411,  220,    0,  639,  341,  778,  200,  378,  461,  193,  357,  450,  590,   97,  230,  750,  226,  658,  393,  478,  553,  678,  537,  630,  104,  587,  932,  539,  308,  299,  153,  303,  104,  652,  989,  374,  702,  446,  515,  382,  668,  772,  403,  260,  472,  265,  373,  416,  608,  522,  485,  524,  618,  173,  416,  933,  334,  280,  925,  593,  321,  456,  907,  497,  355,  625,  363,  453,  346,  583,  904,  407,   51,  502,  861,  419,  857,  244,  863,  383,  360,  465,  779,  594],
        [  341,    0,  590,  372,  191,  272,  304,  790,  554,  601,  257,  167,   86,  334,  237,  499,  155,  880,  165,  293,  522,  613,  591,  688,   61,  648,  321,  738,  866,  720,  786,  488,  639,    0,  367,  626,  442,  275,  941,  587,  722,  201,  709,  726,  412,  884,  460,  407,  916,  182,  520,   98,  164,  875,  670,  909,  759,  879,  331,  807,  618,  393,  737,  505,  873,  777,  805,  197,  237,  263,  156,  312,  959,  808,  227,  509,  500,  515,   97,  132,  347,  795,  429,  741,  309,  332,  612,  658,  307,  159,  606,  227,  440,  711,  586,  834,  819,  256,  352,   78,  471,  558,  673,  138,  276,  705,  239,  676,  452,  578,  392,  466,  271,  181],
        [  562,    0,  230,  192,  490,  125,   81,  437,  247,  345,  154,  417,  439,  561,  172,  247,  437,  694,  295,   74,  199,  566,  246,  606,  401,  537,  408,  446,  515,  372,  425,  135,  341,  367,    0,  490,  212,  111,  575,  399,  359,  253,  417,  407,  148,  604,  290,  328,  551,  185,  281,  372,  347,  551,  415,  565,  649,  528,  155,  443,  266,   39,  420,  350,  732,  412,  532,  234,  376,  211,  345,  433,  596,  449,  151,  143,  450,  192,  383,  299,  425,  456,  297,  393,   77,  610,  251,  291,  611,  402,  492,  299,  566,  381,  231,  519,  453,  323,   17,  343,  564,  223,  358,  258,  536,  354,  546,  311,  524,  232,  350,  187,  444,  415],
        [  505,    0,  462,  679,  583,  572,  542,  507,  694,  215,  597,  519,  709,  513,  601,  259,  553,  257,  461,  493,  361,  148,  643,  132,  686,   56,  347,  303,  815,  721,  555,  565,  778,  626,  490,    0,  699,  554,  722,  883,  538,  665,  293,  804,  635,  362,  779,  220,  758,  534,  225,  548,  725,  456,  872,  545,  160,  549,  635,  693,  641,  519,  818,  142,  254,  580,  296,  643,  785,  660,  481,  378,  822,  735,  477,  513,  933,  363,  705,  664,  870,  455,  211,  734,  451,  603,  474,  554,  642,  757,  981,  722,  384,  390,  442,  407,  644,  755,  497,  665,  340,  380,  771,  622,  548,  461,  614,  601,  306,  411,  826,  317,  436,  779],
        [  720,    0,  343,   72,  612,  190,  188,  533,  132,  537,  192,  553,  485,  717,  210,  449,  563,  890,  445,  237,  374,  776,  207,  817,  448,  748,  593,  612,  458,  316,  496,  170,  200,  442,  212,  699,    0,  199,  599,  189,  430,  251,  585,  293,   64,  767,   86,  536,  547,  293,  484,  490,  338,  680,  233,  665,  859,  621,  114,  440,  238,  181,  302,  561,  936,  469,  703,  248,  323,  183,  489,  612,  572,  419,  303,  234,  264,  368,  409,  323,  313,  574,  508,  337,  270,  748,  354,  344,  736,  395,  284,  259,  753,  519,  355,  660,  483,  259,  207,  384,  758,  381,  241,  305,  679,  462,  667,  332,  719,  372,  198,  388,  609,  397],
        [  523,    0,  339,  145,  424,   18,   32,  547,  288,  438,   47,  359,  339,  520,   62,  334,  373,  777,  247,   63,  305,  607,  317,  659,  300,  596,  397,  550,  592,  446,  532,  214,  378,  275,  111,  554,  199,    0,  676,  380,  465,  143,  521,  459,  150,  707,  254,  363,  645,  101,  366,  302,  237,  660,  429,  675,  712,  638,   93,  535,  343,  124,  471,  413,  804,  517,  633,  124,  268,  110,  293,  415,  686,  534,  106,  243,  382,  298,  277,  191,  327,  566,  347,  467,  105,  556,  359,  392,  548,  292,  448,  192,  556,  490,  340,  627,  553,  218,   95,  239,  564,  332,  406,  152,  484,  463,  480,  406,  528,  342,  272,  279,  411,  305],
        [ 1074,    0,  359,  654, 1045,  684,  644,  216,  473,  518,  709,  968, 1013, 1077,  730,  545,  994,  731,  845,  648,  457,  866,  393,  845,  974,  775,  890,  429,  230,  303,  176,  467,  461,  941,  575,  722,  599,  676,    0,  653,  226,  805,  432,  388,  581,  483,  662,  737,   86,  760,  556,  937,  903,  324,  544,  230,  831,  196,  661,  164,  361,  552,  394,  664,  829,  170,  484,  791,  909,  744,  896,  925,  134,  204,  719,  434,  829,  462,  952,  864,  912,  272,  683,  289,  636, 1146,  336,  284, 1158,  961,  781,  835, 1020,  333,  369,  357,  123,  846,  590,  914,  995,  419,  412,  828, 1072,  276, 1099,  274,  951,  387,  794,  532,  959,  969],
        [  892,    0,  486,  237,  770,  368,  373,  646,  216,  709,  362,  719,  611,  888,  375,  628,  724, 1061,  620,  424,  543,  964,  302, 1002,  577,  933,  776,  765,  459,  351,  596,  328,  193,  587,  399,  883,  189,  380,  653,    0,  537,  387,  741,  274,  252,  914,  130,  724,  583,  466,  663,  651,  450,  807,  127,  772, 1042,  725,  288,  491,  326,  366,  274,  746, 1114,  561,  857,  393,  405,  329,  661,  793,  588,  451,  485,  389,  193,  538,  531,  457,  342,  699,  696,  365,  458,  910,  491,  454,  892,  498,  130,  369,  935,  660,  503,  796,  554,  352,  395,  517,  943,  542,  241,  453,  844,  590,  823,  425,  905,  526,  224,  567,  786,  491],
        [  850,    0,  135,  471,  820,  476,  433,  109,  326,  324,  502,  743,  797,  852,  523,  328,  769,  611,  621,  431,  234,  673,  238,  667,  759,  593,  668,  285,  281,  227,   69,  272,  357,  722,  359,  538,  430,  465,  226,  537,    0,  601,  273,  330,  396,  403,  507,  519,  231,  542,  345,  713,  699,  273,  459,  238,  669,  192,  466,  157,  212,  342,  341,  456,  694,   57,  368,  585,  714,  546,  671,  702,  292,  203,  498,  224,  686,  238,  740,  655,  735,  168,  466,  230,  415,  921,  112,   87,  933,  756,  666,  638,  803,  165,  144,  272,  115,  654,  375,  701,  781,  196,  323,  616,  846,   81,  874,  114,  737,  163,  626,  309,  735,  766],
        [  519,    0,  479,  179,  385,  129,  173,  687,  374,  572,  100,  342,  235,  514,   82,  467,  341,  900,  266,  198,  447,  695,  427,  756,  198,  701,  440,  690,  697,  551,  669,  338,  450,  201,  253,  665,  251,  143,  805,  387,  601,    0,  661,  542,  234,  846,  260,  456,  767,  133,  497,  271,   99,  802,  472,  816,  817,  778,  150,  656,  456,  261,  551,  526,  918,  651,  771,   22,  128,   68,  294,  447,  801,  647,  188,  378,  318,  439,  159,   73,  207,  708,  454,  572,  235,  526,  498,  524,  506,  157,  414,   57,  589,  633,  481,  769,  682,   91,  237,  134,  608,  474,  489,   70,  464,  604,  437,  531,  578,  484,  203,  415,  425,  166],
        [  720,    0,  256,  596,  743,  537,  495,  218,  528,  119,  567,  666,  793,  725,  581,  211,  698,  340,  563,  463,  220,  439,  452,  414,  761,  345,  535,   30,  553,  490,  273,  418,  590,  709,  417,  293,  585,  521,  432,  741,  273,  661,    0,  587,  530,  187,  671,  369,  475,  555,  195,  663,  748,  183,  693,  258,  403,  257,  568,  426,  438,  426,  600,  269,  421,  304,  118,  640,  787,  627,  604,  571,  539,  476,  496,  355,  847,  227,  760,  691,  842,  162,  319,  497,  427,  807,  256,  320,  834,  796,  860,  712,  632,  109,  239,  135,  367,  738,  432,  717,  598,  205,  567,  646,  739,  193,  788,  366,  557,  216,  760,  249,  619,  813],
        [  967,    0,  346,  364,  882,  458,  435,  432,  173,  598,  470,  815,  776,  966,  490,  552,  830,  926,  696,  469,  445,  918,  169,  934,  738,  859,  812,  604,  186,  104,  372,  275,   97,  726,  407,  804,  293,  459,  388,  274,  330,  542,  587,    0,  315,  732,  322,  707,  313,  559,  582,  760,  631,  599,  156,  543,  954,  495,  397,  234,  164,  369,   15,  688, 1000,  333,  692,  537,  611,  474,  745,  839,  315,  185,  548,  304,  462,  443,  701,  614,  581,  496,  663,  107,  483, 1011,  338,  267, 1006,  688,  397,  551,  969,  486,  366,  601,  306,  549,  414,  673,  962,  426,   54,  591,  938,  402,  938,  222,  919,  396,  456,  502,  850,  689],
        [  671,    0,  296,   76,  572,  145,  132,  495,  143,  477,  155,  508,  464,  668,  176,  386,  521,  829,  395,  179,  315,  713,  194,  753,  426,  684,  536,  557,  463,  317,  464,  126,  230,  412,  148,  635,   64,  150,  581,  252,  396,  234,  530,  315,    0,  713,  146,  473,  537,  249,  421,  450,  330,  634,  282,  627,  795,  584,   85,  427,  225,  117,  326,  497,  873,  439,  648,  226,  328,  168,  442,  557,  569,  414,  249,  185,  318,  309,  392,  303,  340,  530,  445,  338,  209,  704,  310,  312,  696,  388,  347,  256,  696,  470,  306,  611,  461,  265,  144,  361,  699,  326,  262,  277,  633,  419,  628,  309,  660,  320,  237,  325,  558,  393],
        [  850,    0,  429,  781,  897,  724,  681,  309,  698,  284,  753,  823,  969,  857,  767,  387,  857,  257,  731,  649,  406,  500,  617,  446,  938,  396,  674,  159,  659,  630,  373,  598,  750,  884,  604,  362,  767,  707,  483,  914,  403,  846,  187,  732,  713,    0,  852,  513,  549,  737,  365,  830,  932,  159,  854,  257,  401,  287,  754,  536,  598,  612,  744,  405,  362,  412,   80,  825,  973,  814,  767,  709,  611,  591,  677,  534, 1030,  413,  941,  874, 1029,  240,  470,  632,  612,  944,  423,  471,  977,  978, 1037,  898,  742,  255,  414,  135,  463,  924,  618,  897,  700,  389,  721,  829,  882,  332,  938,  512,  663,  395,  946,  432,  762,  996],
        [  762,    0,  427,  110,  641,  241,  251,  612,  190,  622,  233,  589,  489,  758,  245,  532,  594,  975,  491,  303,  459,  851,  275,  894,  454,  827,  649,  697,  500,  367,  572,  255,  226,  460,  290,  779,   86,  254,  662,  130,  507,  260,  671,  322,  146,  852,    0,  608,  604,  337,  567,  522,  331,  762,  218,  744,  939,  698,  161,  500,  305,  263,  327,  640, 1019,  542,  789,  264,  297,  199,  531,  665,  622,  472,  359,  318,  181,  453,  409,  331,  260,  656,  584,  386,  340,  780,  437,  420,  763,  383,  203,  249,  808,  603,  440,  744,  550,  238,  284,  392,  817,  467,  274,  324,  714,  544,  694,  404,  781,  457,  136,  471,  657,  380],
        [  352,    0,  403,  501,  386,  379,  358,  534,  566,  251,  400,  314,  490,  356,  400,  193,  348,  473,  242,  306,  290,  245,  539,  301,  467,  248,  166,  393,  767,  645,  562,  439,  658,  407,  328,  220,  536,  363,  737,  724,  519,  456,  369,  707,  473,  513,  608,    0,  749,  324,  186,  333,  509,  552,  740,  618,  363,  604,  452,  661,  547,  364,  721,  109,  471,  573,  435,  435,  572,  461,  266,  202,  808,  689,  271,  404,  744,  288,  486,  448,  662,  506,   55,  662,  268,  439,  423,  500,  467,  539,  808,  512,  284,  422,  386,  503,  634,  546,  330,  446,  264,  326,  664,  407,  372,  462,  425,  542,  219,  360,  632,  217,  252,  560],
        [ 1075,    0,  354,  607, 1033,  652,  615,  259,  417,  547,  674,  957,  984, 1077,  696,  559,  981,  791,  834,  625,  462,  898,  344,  885,  945,  813,  895,  477,  145,  237,  204,  432,  393,  916,  551,  758,  547,  645,   86,  583,  231,  767,  475,  313,  537,  549,  604,  749,    0,  735,  575,  921,  864,  392,  469,  304,  878,  264,  620,  111,  313,  524,  317,  686,  885,  181,  542,  755,  864,  703,  884,  929,   65,  134,  699,  409,  765,  465,  919,  830,  859,  324,  696,  221,  618, 1141,  332,  265, 1150,  922,  709,  793, 1033,  370,  368,  419,  117,  801,  565,  883, 1011,  425,  343,  796, 1067,  299, 1088,  241,  967,  391,  738,  537,  959,  929],
        [  428,    0,  410,  231,  324,  105,  126,  614,  388,  457,  105,  260,  256,  425,   93,  351,  272,  774,  155,  112,  352,  563,  415,  624,  218,  569,  320,  584,  689,  543,  607,  308,  478,  182,  185,  534,  293,  101,  760,  466,  542,  133,  555,  559,  249,  737,  337,  324,  735,    0,  378,  202,  198,  710,  526,  737,  685,  704,  181,  626,  440,  211,  571,  397,  787,  596,  660,  112,  252,  150,  196,  332,  778,  628,   61,  327,  436,  345,  208,  138,  339,  623,  323,  565,  133,  456,  432,  476,  448,  242,  519,  189,  475,  543,  408,  673,  637,  223,  170,  165,  489,  385,  507,   93,  386,  529,  380,  494,  456,  402,  321,  307,  321,  260],
        [  535,    0,  245,  473,  548,  384,  347,  349,  470,   82,  412,  471,  605,  540,  422,   36,  504,  413,  369,  304,  137,  340,  419,  354,  574,  279,  349,  223,  609,  504,  380,  341,  553,  520,  281,  225,  484,  366,  556,  663,  345,  497,  195,  582,  421,  365,  567,  186,  575,  378,    0,  469,  575,  374,  648,  434,  382,  419,  434,  494,  418,  305,  596,  113,  453,  395,  286,  475,  624,  476,  409,  385,  636,  530,  318,  288,  730,  139,  578,  516,  693,  321,  132,  518,  264,  619,  261,  342,  643,  619,  767,  552,  466,  237,  226,  328,  458,  581,  292,  535,  439,  162,  547,  471,  549,  281,  594,  388,  395,  196,  630,   97,  430,  637],
        [  251,    0,  579,  423,  123,  305,  326,  769,  589,  549,  299,   73,  167,  245,  282,  454,   73,  804,  101,  300,  496,  523,  613,  600,  155,  565,  227,  691,  886,  741,  773,  504,  678,   98,  372,  548,  490,  302,  937,  651,  713,  271,  663,  760,  450,  830,  522,  333,  921,  202,  469,    0,  257,  837,  722,  881,  674,  855,  377,  814,  636,  405,  772,  437,  790,  769,  751,  261,  330,  323,   68,  215,  968,  821,  223,  513,  583,  490,  194,  213,  439,  765,  364,  762,  303,  259,  602,  657,  247,  257,  684,  309,  343,  680,  571,  793,  817,  340,  360,  170,  374,  534,  708,  202,  194,  685,  179,  681,  356,  559,  471,  431,  173,  279],
        [  505,    0,  576,  268,  353,  225,  268,  784,  466,  653,  197,  329,  163,  498,  177,  547,  319,  969,  288,  287,  537,  738,  523,  806,  133,  756,  462,  777,  791,  646,  767,  436,  537,  164,  347,  725,  338,  237,  903,  450,  699,   99,  748,  631,  330,  932,  331,  509,  864,  198,  575,  257,    0,  895,  548,  912,  872,  875,  246,  754,  553,  358,  639,  591,  978,  749,  855,  115,   74,  162,  301,  460,  898,  743,  259,  476,  339,  530,   83,   62,  183,  802,  516,  667,  321,  493,  596,  622,  464,   59,  450,   83,  596,  726,  577,  860,  781,   99,  331,   87,  623,  567,  579,  105,  440,  700,  399,  629,  599,  578,  237,  500,  427,   68],
        [  902,    0,  339,  707,  922,  675,  631,  167,  592,  302,  704,  844,  958,  908,  721,  384,  876,  410,  737,  609,  359,  603,  505,  563,  923,  502,  717,  162,  508,  496,  229,  511,  630,  875,  551,  456,  680,  660,  324,  807,  273,  802,  183,  599,  634,  159,  762,  552,  392,  710,  374,  837,  895,    0,  732,  100,  533,  129,  689,  388,  482,  549,  610,  452,  512,  269,  173,  782,  926,  759,  780,  754,  453,  444,  654,  450,  943,  366,  917,  842,  967,  108,  501,  495,  578,  990,  326,  353, 1016,  947,  933,  849,  813,  170,  330,   51,  313,  871,  566,  875,  777,  329,  595,  798,  921,  219,  968,  387,  736,  321,  870,  410,  801,  962],
