{
    "name": "random-72-19699",
    "comment": "size=72 seed=19699",
    "nodes": ["+0", "-0", "+1", "-1", "+2", "-2", "+3", "-3", "+4", "-4", "+5", "-5", "+6", "-6", "+7", "-7", "+8", "-8", "+9", "-9", "+10", "-10", "+11", "-11", "+12", "-12", "+13", "-13", "+14", "-14", "+15", "-15", "+16", "-16", "+17", "-17", "+18", "-18", "+19", "-19", "+20", "-20", "+21", "-21", "+22", "-22", "+23", "-23", "+24", "-24", "+25", "-25", "+26", "-26", "+27", "-27", "+28", "-28", "+29", "-29", "+30", "-30", "+31", "-31", "+32", "-32", "+33", "-33", "+34", "-34", "+35", "-35", "+36", "-36", "+37", "-37", "+38", "-38", "+39", "-39", "+40", "-40", "+41", "-41", "+42", "-42", "+43", "-43", "+44", "-44", "+45", "-45", "+46", "-46", "+47", "-47", "+48", "-48", "+49", "-49", "+50", "-50", "+51", "-51", "+52", "-52", "+53", "-53", "+54", "-54", "+55", "-55", "+56", "-56", "+57", "-57", "+58", "-58", "+59", "-59", "+60", "-60", "+61", "-61", "+62", "-62", "+63", "-63", "+64", "-64", "+65", "-65", "+66", "-66", "+67", "-67", "+68", "-68", "+69", "-69", "+70", "-70", "+71", "-71", "+72", "-72"],
    "precedence": {
        "+0": "-0",
        "+1": "-1",
        "+2": "-2",
        "+3": "-3",
        "+4": "-4",
        "+5": "-5",
        "+6": "-6",
        "+7": "-7",
        "+8": "-8",
        "+9": "-9",
        "+10": "-10",
        "+11": "-11",
        "+12": "-12",
        "+13": "-13",
        "+14": "-14",
        "+15": "-15",
        "+16": "-16",
        "+17": "-17",
        "+18": "-18",
        "+19": "-19",
        "+20": "-20",
        "+21": "-21",
        "+22": "-22",
        "+23": "-23",
        "+24": "-24",
        "+25": "-25",
        "+26": "-26",
        "+27": "-27",
        "+28": "-28",
        "+29": "-29",
        "+30": "-30",
        "+31": "-31",
        "+32": "-32",
        "+33": "-33",
        "+34": "-34",
        "+35": "-35",
        "+36": "-36",
        "+37": "-37",
        "+38": "-38",
        "+39": "-39",
        "+40": "-40",
        "+41": "-41",
        "+42": "-42",
        "+43": "-43",
        "+44": "-44",
        "+45": "-45",
        "+46": "-46",
        "+47": "-47",
        "+48": "-48",
        "+49": "-49",
        "+50": "-50",
        "+51": "-51",
        "+52": "-52",
        "+53": "-53",
        "+54": "-54",
        "+55": "-55",
        "+56": "-56",
        "+57": "-57",
        "+58": "-58",
        "+59": "-59",
        "+60": "-60",
        "+61": "-61",
        "+62": "-62",
        "+63": "-63",
        "+64": "-64",
        "+65": "-65",
        "+66": "-66",
        "+67": "-67",
        "+68": "-68",
        "+69": "-69",
        "+70": "-70",
        "+71": "-71",
        "+72": "-72"
    },
    "edges": [
        [    0,    0,  364,  638,  867,  207,  106,  544,  245,  347,  793,  148,  319,  531,  784,  792,  806,  601,  361, 1081,  830,  639,  394,  453,  868,  554,  955,  325,  390,  700,   52,  930,  447,  719,  791,  871,  504,  134,  160,  469,  781,  840,  675,  572,  189,  717,  635, 1099,  726,  769,  268,  678,  630,  397, 1042,  706, 1034,  522,  303,  460,  228,  257,  848,  574,  869,  608,  688,  843,  666,  796,  683,  912,  148,  297,  566,  776,  786,  372,  204,  494,  242,  521,  244,  447,  481,  174,  340,  715,  737,  674,  442,  318,  688,  229,  621,  465,  604,  691,  522,  395,  442,  783,  253,  811,  753,  539,  639,   86,  577,  534,  570,  891,  753,  550,  543,  708,   69,  558,  925,  446,  722,  380,  249,  899, 1016,  801,  455,  374,  662,  291,  722,  714,  255,  535,  468,  361,  456,  450,  824,  152,  673, 1032,  470,  908,  370,  939],
        [    0,    0,    0,    0,    0,    0,    0,    0,    0,    0,    0,    0,    0,    0,    0,    0,    0,    0,    0,    0,    0,    0,    0,    0,    0,    0,    0,    0,    0,    0,    0,    0,    0,    0,    0,    0,    0,    0,    0,    0,    0,    0,    0,    0,    0,    0,    0,    0,    0,    0,    0,    0,    0,    0,    0,    0,    0,    0,    0,    0,    0,    0,    0,    0,    0,    0,    0,    0,    0,    0,    0,    0,    0,    0,    0,    0,    0,    0,    0,    0,    0,    0,    0,    0,    0,    0,    0,    0,    0,    0,    0,    0,    0,    0,    0,    0,    0,    0,    0,    0,    0,    0,    0,    0,    0,    0,    0,    0,    0,    0,    0,    0,    0,    0,    0,    0,    0,    0,    0,    0,    0,    0,    0,    0,    0,    0,    0,    0,    0,    0,    0,    0,    0,    0,    0,    0,    0,    0,    0,    0,    0,    0,    0,    0,    0,    0],
        [  364,    0,    0,  661,  629,  421,  317,  250,  338,  519,  430,  367,  397,  304,  454,  460,  452,  239,  239,  768,  602,  314,  284,  283,  566,  204,  602,  432,  135,  383,  316,  666,  321,  623,  443,  551,  198,  265,  233,  272,  467,  524,  378,  253,  418,  464,  327,  793,  432,  472,  102,  318,  311,  376,  755,  354,  730,  173,  466,  238,  171,  461,  517,  248,  509,  668,  467,  497,  306,  451,  369,  596,  263,  232,  581,  414,  590,  538,  439,  574,  131,  329,  139,  342,  464,  398,   83,  352,  379,  655,   89,  366,  379,  176,  291,  104,  247,  374,  186,  121,  285,  420,  342,  612,  466,  176,  453,  316,  213,  171,  637,  535,  391,  334,  480,  429,  373,  547,  619,  442,  378,  249,  222,  554,  695,  520,  289,  332,  375,  223,  526,  484,  470,  206,  106,  104,  289,  286,  484,  395,  351,  746,  497,  659,  176,  631],
        [  638,    0,  661,    0,  537,  841,  714,  905,  842,  321,  877,  491,  923,  447, 1058,  721, 1004,  800,  858,  854,  498,  632,  906,  402, 1191,  819,  913,  313,  790,  636,  611,  628,  955,  218, 1015, 1160,  571,  548,  693,  427,  662,  701, 1021,  599,  824, 1120,  591,  847, 1074, 1108,  607,  775,  614,  289,  757,  930,  794,  658,  934,  895,  706,  400,  748,  885,  901,   67,  435, 1064,  764,  768,  621, 1204,  532,  443,   81,  850,  418,  301,  840,  153,  592,  399,  685,  327,  197,  807,  724,  873,  798,   80,  650,  336, 1015,  713,  918,  727,  831,  631,  628,  778,  927,  899,  396,  434,  587,  751,  368,  693,  754,  747,   90, 1063,  907,  993,  201,  552,  705,  117, 1238,  222,  970,  875,  477,  832,  831, 1164,  394,  926,  555,  805,  397,  457,  408,  615,  686,  753,  935,  396, 1067,  787,  635,  747,  176,  583,  488, 1247],
        [  867,    0,  629,  537,    0, 1013,  883,  774,  954,  724,  528,  761, 1021,  343,  799,  317,  700,  586,  865,  320,   43,  358,  908,  415,  939,  651,  457,  644,  749,  301,  818,   92,  936,  322,  728,  886,  434,  735,  815,  402,  252,  247,  835,  393, 1003,  955,  323,  311,  872,  889,  660,  488,  349,  512,  222,  675,  260,  493, 1079,  832,  779,  752,  305,  722,  501,  598,  180,  760,  484,  375,  303,  923,  720,  571,  515,  504,  120,  719, 1024,  610,  670,  347,  745,  432,  482,  982,  712,  587,  467,  463,  554,  596,  814,  785,  728,  614,  624,  305,  464,  731,  897,  566,  648,  104,  193,  579,  236,  871,  551,  578,  602,  721,  603,  902,  408,  211,  914,  473,  967,  506,  719,  873,  620,  381,  311,  952,  413,  960,  264,  851,  161,  155,  764,  440,  568,  727,  895,  418,  781,  971,  328,  211,  536,   48,  511,  971],
        [  207,    0,  421,  841, 1013,    0,  135,  507,  112,  553,  831,  352,  144,  670,  748,  880,  799,  628,  287, 1186,  978,  732,  296,  605,  802,  562, 1017,  529,  376,  800,  231, 1064,  338,  904,  776,  820,  605,  303,  199,  613,  884,  942,  621,  668,   20,  628,  740, 1210,  664,  706,  358,  729,  728,  585, 1165,  702, 1146,  593,   97,  399,  251,  462,  938,  556,  916,  813,  836,  823,  719,  871,  785,  856,  321,  458,  767,  820,  945,  577,   24,  699,  344,  672,  284,  619,  675,   35,  359,  737,  791,  873,  510,  512,  641,  246,  599,  499,  618,  791,  605,  390,  351,  812,  449,  971,  873,  575,  798,  153,  618,  571,  775,  885,  771,  463,  730,  831,  138,  755,  859,  640,  706,  301,  409,  974, 1114,  723,  609,  245,  779,  235,  880,  859,  460,  623,  522,  365,  366,  604,  797,   55,  769, 1155,  670, 1049,  502,  873],
        [  106,    0,  317,  714,  883,  135,    0,  460,  141,  441,  743,  235,  218,  541,  703,  769,  736,  544,  262, 1070,  848,  618,  292,  473,  779,  487,  918,  405,  311,  684,  107,  937,  344,  771,  718,  786,  487,  170,   86,  483,  767,  826,  587,  552,  122,  620,  621, 1091,  636,  680,  238,  634,  612,  452, 1042,  637, 1027,  487,  221,  367,  155,  352,  826,  498,  824,  691,  706,  769,  623,  766,  668,  826,  188,  324,  639,  729,  813,  466,  143,  577,  220,  540,  181,  485,  543,  101,  273,  657,  695,  743,  404,  382,  602,  152,  544,  409,  541,  674,  494,  319,  342,  729,  320,  838,  750,  485,  665,   23,  526,  481,  653,  822,  693,  452,  597,  707,   65,  625,  836,  509,  648,  281,  275,  869, 1000,  707,  476,  269,  657,  194,  748,  729,  352,  510,  422,  288,  357,  471,  747,   88,  654, 1032,  542,  921,  373,  849],
        [  544,    0,  250,  905,  774,  507,  460,    0,  397,  763,  377,  592,  409,  504,  245,  515,  298,  199,  222,  818,  757,  417,  228,  511,  328,  125,  581,  679,  155,  480,  508,  784,  218,  842,  271,  327,  369,  483,  385,  492,  553,  597,  134,  387,  513,  216,  452,  852,  188,  230,  334,  318,  425,  624,  840,  208,  797,  288,  504,  113,  317,  698,  566,   65,  466,  915,  642,  317,  315,  479,  474,  369,  488,  481,  826,  377,  767,  783,  529,  823,  360,  541,  306,  580,  709,  499,  216,  271,  372,  892,  260,  614,  144,  316,   98,  182,  167,  474,  322,  154,  182,  345,  587,  785,  586,  196,  650,  471,  226,  196,  885,  382,  294,  132,  716,  564,  525,  789,  385,  689,  202,  211,  468,  566,  738,  273,  518,  296,  513,  275,  709,  651,  706,  344,  229,  189,  171,  516,  291,  507,  450,  833,  745,  791,  418,  397],
        [  245,    0,  338,  842,  954,  112,  141,  397,    0,  581,  731,  373,   81,  613,  638,  795,  691,  527,  176, 1105,  922,  652,  186,  559,  692,  458,  921,  538,  272,  720,  246,  998,  230,  879,  667,  709,  532,  295,  153,  562,  805,  862,  510,  590,  121,  519,  664, 1131,  553,  595,  295,  634,  649,  569, 1092,  595, 1068,  508,  129,  288,  175,  492,  853,  448,  817,  823,  781,  713,  625,  781,  707,  745,  311,  426,  765,  721,  897,  605,  135,  710,  290,  622,  210,  586,  663,  112,  267,  634,  696,  865,  426,  507,  530,  169,  490,  405,  515,  712,  523,  288,  241,  709,  448,  921,  801,  478,  751,  163,  521,  475,  786,  776,  667,  353,  710,  762,  187,  747,  749,  630,  597,  190,  380,  883, 1031,  613,  564,  141,  709,  130,  831,  802,  493,  544,  432,  267,  256,  559,  687,  128,  689, 1082,  668,  987,  449,  763],
        [  347,    0,  519,  321,  724,  553,  441,  763,  581,    0,  872,  208,  659,  469,  969,  784,  950,  729,  647, 1008,  682,  648,  691,  383, 1084,  717,  976,   99,  619,  685,  336,  807,  744,  471,  949, 1069,  534,  303,  449,  413,  744,  798,  895,  591,  534,  970,  622, 1013,  949,  989,  430,  754,  633,  227,  936,  858,  952,  600,  649,  716,  488,   91,  829,  767,  925,  276,  563, 1003,  741,  812,  667, 1113,  291,  297,  268,  848,  614,   25,  548,  168,  405,  431,  479,  320,  244,  520,  551,  830,  799,  379,  552,  171,  897,  493,  809,  614,  749,  677,  581,  613,  727,  880,  178,  638,  687,  668,  494,  419,  689,  663,  239, 1026,  869,  817,  320,  641,  415,  284, 1138,  218,  889,  667,  297,  902,  962, 1035,  379,  691,  615,  582,  564,  592,   95,  579,  589,  581,  738,  376,  995,  499,  669,  925,  197,  771,  391, 1149],
        [  793,    0,  430,  877,  528,  831,  743,  377,  731,  872,    0,  773,  764,  434,  287,  211,  176,  204,  572,  464,  529,  245,  593,  503,  420,  276,  205,  774,  459,  254,  744,  499,  592,  730,  209,  363,  339,  683,  658,  472,  277,  290,  366,  287,  832,  482,  286,  502,  386,  390,  526,  120,  263,  662,  513,  188,  456,  281,  853,  482,  590,  841,  239,  312,   90,  913,  476,  234,  133,  154,  264,  397,  677,  584,  813,   28,  575,  883,  851,  857,  553,  482,  562,  579,  711,  813,  474,  107,   79,  832,  352,  702,  338,  594,  289,  335,  220,  256,  293,  444,  554,   43,  709,  584,  346,  258,  525,  744,  218,  263,  895,  198,   94,  500,  679,  356,  801,  766,  442,  709,  224,  568,  604,  204,  384,  450,  509,  660,  332,  601,  541,  468,  853,  293,  325,  466,  545,  510,  258,  814,  246,  509,  766,  524,  484,  445],
        [  148,    0,  367,  491,  761,  352,  235,  592,  373,  208,  773,    0,  452,  442,  817,  734,  818,  600,  449, 1002,  721,  583,  490,  355,  919,  570,  912,  178,  439,  636,  128,  831,  544,  582,  810,  912,  451,  109,  245,  377,  710,  769,  725,  517,  335,  787,  569, 1016,  779,  821,  266,  654,  571,  264,  951,  720,  951,  493,  448,  529,  292,  121,  786,  607,  840,  461,  584,  863,  641,  748,  618,  955,  105,  207,  420,  752,  669,  232,  351,  347,  238,  421,  291,  330,  341,  319,  376,  710,  707,  529,  425,  180,  732,  296,  652,  470,  612,  627,  484,  438,  530,  771,  117,  695,  671,  536,  527,  212,  567,  531,  423,  899,  749,  627,  408,  625,  216,  415,  975,  306,  744,  469,  172,  847,  944,  861,  355,  486,  584,  382,  608,  611,  124,  490,  458,  404,  542,  350,  850,  298,  612,  940,  325,  804,  302,  987],
        [  319,    0,  397,  923, 1021,  144,  218,  409,   81,  659,  764,  452,    0,  683,  641,  846,  707,  563,  193, 1158,  990,  707,  182,  634,  679,  489,  961,  619,  309,  777,  324, 1061,  211,  957,  679,  703,  593,  375,  233,  635,  861,  916,  508,  649,  161,  498,  723, 1185,  545,  586,  366,  675,  706,  649, 1150,  615, 1123,  560,   97,  296,  245,  570,  903,  467,  852,  904,  851,  722,  667,  828,  764,  736,  392,  505,  845,  757,  968,  684,  165,  791,  364,  695,  278,  664,  743,  162,  319,  663,  737,  945,  482,  588,  531,  238,  506,  450,  545,  768,  580,  326,  235,  739,  528,  993,  862,  519,  824,  241,  563,  516,  866,  790,  693,  340,  789,  825,  256,  827,  735,  710,  611,  200,  459,  927, 1082,  596,  638,  118,  771,  175,  903,  871,  570,  601,  483,  313,  249,  634,  693,  183,  745, 1141,  748, 1052,  522,  749],
        [  531,    0,  304,  447,  343,  670,  541,  504,  613,  469,  434,  442,  683,    0,  619,  316,  558,  362,  542,  561,  310,  191,  587,   90,  756,  397,  509,  373,  436,  217,  481,  399,  623,  340,  570,  719,  137,  398,  472,   65,  277,  334,  602,  153,  661,  713,  157,  575,  650,  680,  319,  329,  174,  244,  513,  489,  510,  225,  737,  532,  439,  465,  360,  469,  470,  480,  168,  619,  318,  347,  199,  763,  384,  239,  380,  408,  287,  475,  682,  426,  327,   48,  406,  153,  278,  639,  386,  427,  356,  412,  248,  306,  590,  446,  493,  323,  397,  209,  191,  419,  587,  454,  340,  311,  230,  323,  151,  529,  317,  320,  461,  616,  461,  617,  247,  183,  574,  334,  800,  279,  530,  553,  284,  434,  505,  739,   92,  633,  148,  518,  223,  190,  478,  174,  276,  407,  589,   96,  624,  629,  204,  502,  334,  381,  168,  807],
        [  784,    0,  454, 1058,  799,  748,  703,  245,  638,  969,  287,  817,  641,  619,    0,  490,  118,  259,  462,  744,  794,  465,  460,  657,  142,  253,  468,  878,  395,  504,  744,  781,  434,  951,   80,  102,  488,  711,  627,  631,  550,  573,  137,  470,  756,  218,  508,  784,  122,  109,  552,  316,  479,  798,  799,  132,  741,  400,  737,  350,  556,  914,  524,  211,  355, 1080,  714,   91,  322,  436,  507,  147,  712,  675,  984,  304,  828,  986,  771, 1002,  580,  664,  542,  734,  870,  742,  447,  213,  334, 1029,  422,  808,  111,  556,  165,  355,  228,  502,  431,  389,  407,  245,  793,  841,  609,  310,  745,  713,  304,  315, 1055,  172,  199,  310,  859,  606,  768,  942,  181,  857,   89,  449,  674,  487,  666,  165,  664,  524,  567,  519,  782,  713,  923,  446,  384,  423,  393,  664,   56,  751,  483,  795,  916,  802,  591,  190],
        [  792,    0,  460,  721,  317,  880,  769,  515,  795,  784,  211,  734,  846,  316,  490,    0,  385,  316,  664,  313,  321,  153,  697,  402,  628,  393,  196,  687,  542,  100,  740,  291,  711,  549,  416,  572,  289,  665,  687,  373,   69,   85,  545,  221,  877,  666,  166,  342,  576,  587,  533,  199,  164,  559,  326,  374,  284,  288,  923,  599,  630,  774,   58,  454,  192,  767,  293,  445,  200,   59,  118,  608,  655,  528,  668,  189,  375,  790,  898,  732,  554,  357,  597,  467,  583,  856,  530,  283,  159,  666,  371,  619,  521,  635,  448,  398,  350,  109,  276,  524,  671,  251,  645,  380,  146,  336,  354,  764,  296,  338,  756,  405,  292,  646,  534,  170,  818,  621,  653,  590,  416,  666,  563,  119,  236,  649,  406,  759,  173,  672,  350,  278,  787,  260,  364,  534,  665,  409,  467,  852,  122,  320,  641,  314,  433,  656],
        [  806,    0,  452, 1004,  700,  799,  736,  298,  691,  950,  176,  818,  707,  558,  118,  385,    0,  222,  518,  628,  699,  385,  525,  610,  245,  253,  350,  855,  428,  413,  762,  675,  510,  878,   39,  188,  437,  716,  654,  581,  449,  465,  231,  405,  804,  331,  429,  668,  233,  226,  554,  234,  402,  760,  686,  101,  626,  356,  801,  411,  583,  905,  414,  244,  238, 1032,  631,   63,  243,  329,  419,  224,  715,  654,  934,  197,  739,  965,  822,  963,  582,  605,  563,  688,  824,  788,  467,  131,  235,  968,  400,  783,  201,  585,  202,  348,  206,  413,  382,  418,  477,  135,  777,  750,  514,  284,  671,  743,  262,  289, 1010,   86,  101,  395,  803,  517,  799,  889,  268,  815,   97,  508,  661,  372,  550,  282,  616,  592,  483,  565,  699,  627,  915,  391,  363,  449,  464,  617,   83,  794,  397,  682,  874,  699,  561,  271],
        [  601,    0,  239,  800,  586,  628,  544,  199,  527,  729,  204,  600,  563,  362,  259,  316,  222,    0,  371,  621,  573,  230,  396,  400,  395,   79,  399,  634,  256,  287,  554,  589,  402,  698,  222,  360,  229,  501,  459,  373,  356,  398,  252,  218,  629,  371,  270,  654,  295,  321,  340,  121,  241,  544,  642,  133,  598,  142,  650,  290,  390,  684,  367,  139,  291,  823,  472,  275,  116,  281,  284,  405,  499,  432,  726,  195,  593,  744,  648,  747,  368,  407,  363,  477,  613,  610,  272,  114,  178,  772,  178,  562,  235,  393,  144,  137,   39,  282,  173,  240,  363,  186,  556,  609,  395,   64,  495,  546,   46,   69,  798,  300,  153,  331,  601,  379,  604,  684,  439,  602,  171,  368,  440,  373,  542,  382,  407,  462,  331,  398,  541,  476,  694,  189,  143,  263,  355,  406,  272,  612,  259,  635,  660,  599,  341,  448],
        [  361,    0,  239,  858,  865,  287,  262,  222,  176,  647,  572,  449,  193,  542,  462,  664,  518,  371,    0,  976,  839,  533,   49,  512,  522,  296,  769,  581,  122,  602,  338,  896,   99,  850,  492,  535,  432,  345,  208,  505,  684,  737,  336,  480,  295,  358,  554, 1005,  381,  424,  254,  486,  534,  570,  976,  424,  945,  384,  285,  113,  160,  567,  720,  276,  660,  852,  705,  538,  478,  641,  591,  572,  356,  417,  778,  565,  828,  670,  310,  746,  266,  564,  175,  559,  665,  282,  157,  470,  547,  865,  313,  531,  355,  155,  317,  266,  353,  593,  408,  141,   83,  546,  484,  851,  695,  331,  690,  278,  374,  329,  817,  602,  501,  190,  695,  661,  325,  750,  579,  636,  423,   20,  382,  739,  898,  447,  518,   97,  607,   70,  764,  722,  572,  431,  306,  139,   96,  514,  511,  293,  569,  968,  685,  893,  399,  593],
        [ 1081,    0,  768,  854,  320, 1186, 1070,  818, 1105, 1008,  464, 1002, 1158,  561,  744,  313,  628,  621,  976,    0,  357,  454, 1008,  650,  867,  699,  285,  919,  854,  387, 1029,  230, 1021,  642,  665,  805,  583,  950,  990,  626,  303,  245,  829,  519, 1181,  945,  449,   42,  849,  851,  833,  501,  459,  784,  117,  651,   61,  598, 1233,  908,  937, 1019,  257,  755,  390,  914,  447,  676,  506,  340,  403,  831,  937,  798,  826,  453,  438, 1008, 1202,  915,  851,  587,  903,  694,  775, 1160,  840,  562,  448,  782,  680,  860,  801,  942,  742,  710,  652,  396,  582,  836,  981,  505,  900,  424,  332,  647,  518, 1063,  606,  649,  914,  610,  557,  948,  708,  378, 1114,  782,  877,  794,  687,  977,  839,  260,   81,  909,  651, 1071,  421,  984,  462,  419, 1032,  563,  675,  845,  975,  655,  707, 1154,  418,  123,  833,  277,  712,  876],
        [  830,    0,  602,  498,   43,  978,  848,  757,  922,  682,  529,  721,  990,  310,  794,  321,  699,  573,  839,  357,    0,  343,  882,  378,  935,  635,  474,  603,  725,  292,  781,  131,  912,  285,  725,  884,  408,  698,  782,  366,  254,  259,  823,  372,  969,  943,  306,  350,  862,  882,  627,  480,  333,  471,  263,  668,  297,  472, 1046,  810,  747,  710,  316,  706,  510,  558,  143,  760,  475,  379,  291,  922,  682,  534,  474,  505,   81,  677,  990,  569,  636,  310,  713,  392,  439,  947,  684,  582,  464,  425,  529,  555,  803,  754,  716,  592,  611,  295,  442,  706,  873,  566,  608,   70,  186,  562,  195,  835,  535,  561,  561,  725,  600,  883,  366,  194,  878,  432,  965,  464,  712,  848,  582,  397,  342,  944,  376,  933,  245,  822,  119,  120,  723,  418,  545,  701,  872,  381,  779,  936,  316,  252,  494,   90,  477,  969],
        [  639,    0,  314,  632,  358,  732,  618,  417,  652,  648,  245,  583,  707,  191,  465,  153,  385,  230,  533,  454,  343,    0,  570,  268,  606,  294,  331,  551,  412,   70,  587,  370,  591,  494,  405,  561,  136,  513,  537,  237,  154,  211,  481,   68,  728,  601,   44,  479,  522,  544,  381,  153,   18,  429,  445,  334,  417,  149,  780,  483,  483,  631,  209,  364,  280,  669,  250,  448,  144,  166,   59,  602,  503,  380,  568,  219,  366,  656,  749,  617,  402,  238,  449,  341,  469,  707,  389,  257,  167,  589,  227,  480,  462,  488,  373,  269,  269,   61,  129,  393,  551,  269,  500,  381,  169,  223,  286,  613,  194,  223,  651,  434,  285,  546,  434,  149,  666,  522,  643,  470,  379,  537,  412,  264,  383,  606,  273,  629,  103,  533,  318,  249,  643,  109,  227,  397,  548,  275,  459,  702,   38,  436,  525,  374,  282,  649],
        [  394,    0,  284,  906,  908,  296,  292,  228,  186,  691,  593,  490,  182,  587,  460,  697,  525,  396,   49, 1008,  882,  570,    0,  559,  507,  319,  793,  627,  159,  639,  375,  936,   54,  898,  497,  525,  474,  389,  247,  552,  720,  772,  328,  519,  307,  334,  593, 1038,  369,  411,  302,  513,  572,  618, 1013,  435,  979,  422,  278,  115,  205,  610,  752,  288,  682,  900,  750,  540,  507,  671,  628,  561,  400,  465,  826,  589,  873,  714,  319,  793,  314,  610,  222,  607,  713,  296,  202,  489,  573,  913,  354,  578,  350,  200,  325,  302,  374,  631,  448,  178,   56,  565,  530,  895,  734,  362,  736,  310,  404,  360,  865,  608,  517,  168,  743,  702,  353,  798,  563,  684,  429,   35,  430,  767,  930,  427,  565,   68,  647,  109,  809,  765,  614,  470,  344,  182,   71,  561,  511,  310,  606, 1005,  733,  934,  446,  577],
        [  453,    0,  283,  402,  415,  605,  473,  511,  559,  383,  503,  355,  634,   90,  657,  402,  610,  400,  512,  650,  378,  268,  559,    0,  790,  419,  594,  286,  418,  303,  404,  479,  600,  341,  618,  759,  173,  320,  412,   31,  367,  424,  622,  216,  594,  726,  240,  662,  674,  708,  269,  391,  252,  161,  597,  531,  598,  258,  679,  520,  389,  375,  449,  486,  547,  424,  236,  669,  378,  430,  285,  804,  305,  157,  327,  477,  341,  390,  615,  356,  270,   69,  358,   78,  215,  573,  359,  481,  426,  381,  252,  218,  614,  396,  518,  330,  431,  295,  229,  403,  566,  517,  251,  366,  319,  350,  193,  459,  355,  346,  401,  675,  517,  613,  206,  272,  500,  285,  837,  208,  570,  525,  205,  520,  594,  764,    8,  597,  238,  477,  275,  262,  388,  219,  287,  384,  570,    8,  669,  561,  287,  586,  266,  456,  114,  846],
        [  868,    0,  566, 1191,  939,  802,  779,  328,  692, 1084,  420,  919,  679,  756,  142,  628,  245,  395,  522,  867,  935,  606,  507,  790,    0,  376,  585,  997,  483,  645,  834,  918,  469, 1091,  212,   64,  623,  811,  709,  765,  689,  709,  195,  610,  813,  188,  649,  907,  143,  100,  659,  457,  621,  925,  929,  272,  869,  535,  775,  413,  642, 1023,  658,  318,  479, 1211,  855,  192,  464,  572,  649,   65,  815,  794, 1116,  440,  969, 1103,  825, 1128,  685,  801,  633,  866, 1001,  801,  544,  354,  473, 1166,  548,  928,  188,  641,  278,  475,  361,  643,  567,  482,  451,  379,  907,  982,  750,  441,  885,  791,  440,  445, 1184,  263,  337,  341,  994,  747,  843, 1075,   58,  986,  229,  505,  788,  615,  790,   89,  797,  563,  708,  586,  924,  854, 1031,  583,  510,  517,  436,  796,  163,  814,  625,  925, 1044,  940,  716,   71],
        [  554,    0,  204,  819,  651,  562,  487,  125,  458,  717,  276,  570,  489,  397,  253,  393,  253,   79,  296,  699,  635,  294,  319,  419,  376,    0,  475,  626,  186,  356,  509,  660,  324,  737,  241,  353,  261,  466,  404,  396,  429,  474,  205,  268,  564,  317,  330,  732,  256,  289,  304,  199,  303,  550,  717,  153,  676,  174,  578,  211,  333,  663,  445,   73,  365,  837,  525,  294,  194,  359,  350,  398,  466,  422,  743,  270,  649,  734,  583,  753,  333,  438,  311,  493,  627,  547,  215,  176,  257,  798,  172,  556,  196,  335,   99,  103,   57,  350,  208,  173,  284,  252,  540,  666,  462,   76,  539,  492,  102,   78,  809,  338,  210,  256,  624,  442,  549,  703,  426,  611,  175,  292,  421,  451,  620,  346,  426,  386,  391,  328,  593,  532,  673,  229,  135,  200,  277,  425,  281,  551,  326,  710,  669,  667,  341,  436],
        [  955,    0,  602,  913,  457, 1017,  918,  581,  921,  976,  205,  912,  961,  509,  468,  196,  350,  399,  769,  285,  474,  331,  793,  594,  585,  475,    0,  879,  653,  293,  904,  397,  795,  731,  388,  522,  461,  834,  834,  564,  251,  220,  565,  395, 1016,  676,  355,  326,  578,  575,  689,  288,  345,  752,  363,  390,  296,  434, 1046,  684,  770,  961,  166,  516,  118,  960,  480,  394,  298,  165,  310,  547,  826,  710,  862,  206,  542,  982, 1036,  927,  713,  551,  739,  661,  778,  996,  658,  311,  226,  855,  516,  809,  536,  774,  493,  518,  421,  300,  433,  636,  757,  241,  830,  541,  328,  444,  545,  917,  400,  447,  950,  326,  294,  704,  728,  361,  973,  815,  593,  785,  421,  767,  740,   82,  212,  631,  598,  860,  368,  793,  530,  461,  974,  423,  497,  655,  748,  601,  426,  995,  308,  362,  836,  435,  611,  592],
        [  325,    0,  432,  313,  644,  529,  405,  679,  538,   99,  774,  178,  619,  373,  878,  687,  855,  634,  581,  919,  603,  551,  627,  286,  997,  626,  879,    0,  540,  588,  300,  724,  679,  420,  855,  978,  436,  246,  395,  316,  649,  704,  809,  493,  512,  889,  525,  926,  863,  903,  349,  657,  535,  136,  851,  765,  864,  504,  623,  641,  423,  110,  733,  679,  827,  286,  478,  909,  644,  715,  570, 1023,  231,  204,  243,  750,  539,  110,  528,  173,  326,  337,  409,  227,  179,  495,  472,  734,  701,  354,  458,   73,  810,  428,  720,  524,  656,  580,  484,  533,  658,  782,   98,  564,  594,  574,  411,  383,  594,  569,  249,  930,  772,  742,  253,  548,  393,  242, 1049,  146,  797,  600,  212,  805,  871,  951,  282,  636,  520,  521,  485,  506,  122,  482,  496,  502,  668,  279,  902,  475,  572,  841,  151,  691,  295, 1060],
        [  390,    0,  135,  790,  749,  376,  311,  155,  272,  619,  459,  439,  309,  436,  395,  542,  428,  256,  122,  854,  725,  412,  159,  418,  483,  186,  653,  540,    0,  481,  353,  777,  189,  758,  408,  482,  317,  331,  232,  406,  563,  616,  289,  360,  379,  351,  434,  883,  341,  384,  192,  367,  413,  502,  855,  329,  823,  263,  394,  105,  162,  549,  598,  188,  546,  793,  594,  459,  359,  521,  470,  524,  336,  352,  710,  451,  719,  639,  397,  693,  215,  463,  151,  475,  593,  362,   69,  362,  428,  787,  196,  480,  299,  162,  234,  145,  243,  472,  289,   19,  152,  437,  445,  740,  575,  211,  586,  319,  255,  208,  760,  514,  395,  205,  613,  543,  375,  677,  539,  569,  338,  126,  329,  619,  777,  422,  424,  218,  488,  143,  655,  609,  556,  311,  185,   39,  154,  421,  437,  367,  448,  847,  622,  775,  310,  552],
        [  700,    0,  383,  636,  301,  800,  684,  480,  720,  685,  254,  636,  777,  217,  504,  100,  413,  287,  602,  387,  292,   70,  639,  303,  645,  356,  293,  588,  481,    0,  648,  305,  659,  478,  437,  595,  198,  572,  604,  273,   85,  143,  534,  132,  795,  655,   67,  411,  572,  590,  447,  189,   73,  460,  375,  376,  348,  218,  849,  550,  551,  675,  150,  424,  266,  678,  223,  476,  184,  134,   19,  635,  561,  430,  578,  227,  327,  691,  816,  637,  466,  259,  517,  369,  488,  774,  458,  291,  180,  585,  296,  519,  513,  556,  429,  337,  325,   10,  198,  462,  619,  286,  546,  338,  109,  288,  274,  677,  255,  288,  664,  451,  313,  610,  443,  104,  730,  531,  677,  493,  421,  606,  467,  218,  317,  652,  307,  698,   82,  602,  288,  215,  687,  178,  297,  467,  616,  310,  491,  768,   33,  367,  546,  313,  336,  682],
        [   52,    0,  316,  611,  818,  231,  107,  508,  246,  336,  744,  128,  324,  481,  744,  740,  762,  554,  338, 1029,  781,  587,  375,  404,  834,  509,  904,  300,  353,  648,    0,  879,  429,  679,  748,  834,  452,   84,  131,  418,  729,  788,  640,  520,  215,  688,  583, 1047,  692,  735,  218,  628,  578,  358,  991,  662,  983,  471,  324,  429,  193,  247,  796,  534,  819,  585,  639,  801,  616,  745,  631,  876,  100,  248,  536,  726,  739,  360,  233,  471,  192,  472,  203,  402,  445,  197,  299,  667,  687,  642,  393,  282,  651,  194,  580,  418,  559,  639,  471,  356,  420,  735,  218,  764,  702,  491,  592,   85,  528,  487,  547,  846,  706,  523,  504,  657,  102,  525,  891,  411,  680,  357,  199,  847,  964,  769,  406,  363,  610,  268,  674,  664,  248,  483,  419,  322,  433,  401,  783,  178,  621,  981,  439,  858,  318,  904],
        [  930,    0,  666,  628,   92, 1064,  937,  784,  998,  807,  499,  831, 1061,  399,  781,  291,  675,  589,  896,  230,  131,  370,  936,  479,  918,  660,  397,  724,  777,  305,  879,    0,  960,  413,  706,  862,  469,  797,  865,  462,  236,  210,  831,  417, 1056,  952,  344,  220,  864,  877,  708,  481,  366,  590,  132,  663,  170,  515, 1125,  853,  823,  830,  263,  727,  459,  689,  249,  733,  479,  346,  312,  896,  782,  635,  605,  478,  211,  803, 1077,  698,  720,  411,  789,  506,  566, 1034,  746,  572,  448,  554,  585,  672,  808,  830,  728,  637,  626,  311,  489,  758,  920,  540,  721,  195,  203,  592,  314,  927,  559,  592,  692,  685,  582,  914,  494,  237,  973,  562,  941,  589,  705,  903,  682,  329,  228,  939,  478,  992,  291,  888,  245,  221,  843,  466,  593,  759,  917,  483,  757, 1025,  335,  121,  622,   48,  565,  943],
        [  447,    0,  321,  955,  936,  338,  344,  218,  230,  744,  592,  544,  211,  623,  434,  711,  510,  402,   99, 1021,  912,  591,   54,  600,  469,  324,  795,  679,  189,  659,  429,  960,    0,  940,  479,  492,  505,  442,  300,  591,  739,  789,  299,  545,  350,  291,  617, 1052,  335,  375,  349,  522,  595,  666, 1031,  425,  994,  445,  307,  113,  258,  663,  765,  282,  681,  950,  783,  518,  516,  682,  650,  525,  454,  513,  874,  590,  907,  767,  361,  844,  363,  649,  272,  652,  761,  341,  242,  487,  580,  960,  383,  629,  324,  252,  314,  324,  376,  652,  473,  207,   41,  562,  582,  928,  758,  376,  773,  363,  416,  374,  915,  590,  512,  129,  788,  728,  404,  846,  525,  733,  414,   80,  480,  774,  942,  386,  606,   95,  674,  163,  844,  797,  667,  496,  369,  218,   48,  603,  487,  357,  627, 1023,  782,  960,  489,  539],
        [  719,    0,  623,  218,  322,  904,  771,  842,  879,  471,  730,  582,  957,  340,  951,  549,  878,  698,  850,  642,  285,  494,  898,  341, 1091,  737,  731,  420,  758,  478,  679,  413,  940,    0,  896, 1050,  477,  602,  727,  353,  483,  513,  941,  482,  890, 1052,  450,  632,  990, 1019,  602,  645,  477,  322,  542,  820,  582,  564,  989,  859,  718,  528,  565,  809,  738,  283,  257,  941,  636,  601,  467, 1093,  584,  453,  217,  703,  205,  459,  910,  323,  597,  302,  690,  295,  243,  871,  699,  749,  654,  142,  583,  403,  929,  725,  833,  660,  735,  475,  531,  743,  907,  759,  467,  219,  405,  663,  208,  752,  654,  660,  294,  925,  778,  951,  176,  380,  780,  189, 1132,  278,  863,  865,  500,  650,  625, 1078,  335,  933,  399,  812,  201,  272,  539,  512,  614,  725,  911,  338,  951,  854,  486,  532,  276,  368,  452, 1139],
        [  791,    0,  443, 1015,  728,  776,  718,  271,  667,  949,  209,  810,  679,  570,   80,  416,   39,  222,  492,  665,  725,  405,  497,  618,  212,  241,  388,  855,  408,  437,  748,  706,  479,  896,    0,  159,  445,  707,  638,  590,  477,  497,  195,  419,  782,  293,  448,  704,  194,  188,  545,  253,  420,  765,  721,   91,  662,  361,  774,  383,  567,  900,  447,  222,  275, 1041,  653,   54,  261,  361,  442,  199,  706,  652,  943,  228,  763,  965,  799,  968,  573,  617,  547,  695,  832,  766,  451,  148,  262,  982,  398,  784,  165,  568,  177,  340,  200,  436,  389,  400,  447,  167,  774,  774,  540,  282,  689,  726,  265,  287, 1018,  112,  126,  362,  815,  540,  782,  900,  241,  822,   71,  482,  657,  408,  586,  244,  625,  564,  505,  542,  721,  650,  910,  401,  360,  432,  435,  624,   55,  773,  419,  717,  880,  729,  563,  246],
        [  871,    0,  551, 1160,  886,  820,  786,  327,  709, 1069,  363,  912,  703,  719,  102,  572,  188,  360,  535,  805,  884,  561,  525,  759,   64,  353,  522,  978,  482,  595,  834,  862,  492, 1050,  159,    0,  589,  804,  712,  733,  635,  652,  200,  570,  829,  228,  605,  845,  158,  119,  648,  410,  576,  899,  869,  231,  808,  502,  799,  423,  643, 1012,  601,  305,  418, 1182,  810,  131,  418,  516,  600,   46,  807,  775, 1086,  384,  921, 1086,  843, 1103,  675,  765,  631,  836,  972,  816,  538,  306,  420, 1130,  523,  909,  184,  643,  261,  455,  330,  594,  533,  479,  471,  322,  892,  933,  698,  412,  843,  797,  406,  416, 1157,  199,  284,  364,  961,  699,  850, 1044,   82,  959,  190,  520,  772,  554,  729,  139,  766,  585,  662,  596,  878,  807, 1020,  547,  485,  513,  456,  766,  106,  827,  577,  866, 1018,  886,  692,   89],
        [  504,    0,  198,  571,  434,  605,  487,  369,  532,  534,  339,  451,  593,  137,  488,  289,  437,  229,  432,  583,  408,  136,  474,  173,  623,  261,  461,  436,  317,  198,  452,  469,  505,  477,  445,  589,    0,  378,  408,  145,  281,  340,  465,   68,  599,  576,  135,  605,  514,  545,  250,  222,  127,  327,  561,  360,  541,   89,  659,  406,  358,  507,  344,  332,  395,  597,  280,  496,  209,  298,  182,  634,  368,  251,  499,  315,  405,  545,  621,  528,  269,  179,  324,  251,  388,  578,  279,  308,  266,  543,  122,  363,  454,  365,  357,  191,  263,  188,   57,  299,  466,  349,  375,  425,  270,  187,  282,  480,  184,  183,  574,  503,  345,  486,  372,  232,  533,  455,  668,  380,  400,  440,  279,  398,  515,  603,  180,  527,  178,  420,  344,  293,  519,   47,  143,  294,  466,  180,  497,  572,  169,  552,  438,  462,  151,  677],
        [  134,    0,  265,  548,  735,  303,  170,  483,  295,  303,  683,  109,  375,  398,  711,  665,  716,  501,  345,  950,  698,  513,  389,  320,  811,  466,  834,  246,  331,  572,   84,  797,  442,  602,  707,  804,  378,    0,  150,  336,  651,  710,  617,  445,  289,  679,  506,  967,  670,  713,  163,  566,  503,  282,  910,  618,  902,  406,  391,  421,  187,  223,  720,  501,  755,  529,  556,  760,  553,  673,  554,  848,   18,  165,  471,  664,  656,  326,  308,  417,  134,  389,  183,  320,  373,  269,  268,  614,  622,  574,  331,  214,  625,  191,  546,  369,  511,  562,  402,  330,  426,  678,  154,  681,  621,  438,  509,  151,  472,  433,  492,  799,  653,  520,  428,  576,  183,  456,  867,  339,  640,  365,  116,  775,  886,  753,  322,  391,  530,  280,  591,  581,  228,  412,  362,  295,  437,  317,  745,  253,  545,  899,  374,  775,  238,  879],
        [  160,    0,  233,  693,  815,  199,   86,  385,  153,  449,  658,  245,  233,  472,  627,  687,  654,  459,  208,  990,  782,  537,  247,  412,  709,  404,  834,  395,  232,  604,  131,  865,  300,  727,  638,  712,  408,  150,    0,  418,  687,  746,  516,  472,  192,  559,  542, 1013,  566,  610,  159,  549,  532,  417,  966,  554,  949,  403,  267,  301,   72,  365,  745,  418,  739,  677,  640,  689,  538,  682,  588,  753,  165,  274,  615,  644,  752,  473,  213,  566,  146,  477,   96,  435,  511,  171,  189,  572,  610,  713,  320,  358,  529,   71,  465,  324,  457,  594,  412,  239,  290,  644,  301,  776,  674,  400,  605,   89,  441,  396,  641,  740,  609,  393,  557,  632,  146,  596,  766,  479,  568,  227,  227,  785,  920,  642,  416,  243,  581,  139,  686,  662,  369,  429,  337,  207,  303,  411,  668,  165,  573,  957,  518,  851,  306,  779],
        [  469,    0,  272,  427,  402,  613,  483,  492,  562,  413,  472,  377,  635,   65,  631,  373,  581,  373,  505,  626,  366,  237,  552,   31,  765,  396,  564,  316,  406,  273,  418,  462,  591,  353,  590,  733,  145,  336,  418,    0,  339,  397,  600,  186,  603,  706,  210,  639,  651,  684,  269,  361,  221,  192,  577,  504,  575,  232,  684,  507,  390,  403,  420,  465,  517,  452,  223,  640,  348,  400,  255,  778,  321,  175,  354,  447,  335,  420,  624,  386,  274,   61,  358,  108,  243,  582,  351,  452,  395,  403,  233,  247,  591,  397,  495,  311,  405,  265,  202,  390,  556,  487,  277,  360,  294,  326,  190,  470,  328,  322,  429,  646,  488,  598,  229,  248,  513,  311,  811,  238,  544,  518,  221,  490,  569,  741,   37,  592,  210,  474,  269,  248,  416,  190,  266,  374,  560,   39,  642,  570,  257,  566,  295,  441,  113,  820],
        [  781,    0,  467,  662,  252,  884,  767,  553,  805,  744,  277,  710,  861,  277,  550,   69,  449,  356,  684,  303,  254,  154,  720,  367,  689,  429,  251,  649,  563,   85,  729,  236,  739,  483,  477,  635,  281,  651,  687,  339,    0,   60,  596,  216,  879,  717,  147,  327,  629,  643,  530,  246,  157,  517,  293,  429,  264,  301,  933,  629,  635,  741,   88,  495,  260,  710,  229,  509,  244,  126,  100,  672,  639,  504,  612,  253,  306,  748,  900,  681,  549,  314,  601,  425,  533,  858,  542,  339,  216,  604,  380,  583,  573,  641,  494,  419,  392,   94,  282,  544,  699,  315,  615,  312,   79,  365,  294,  760,  329,  366,  701,  472,  352,  684,  479,  111,  812,  565,  716,  543,  472,  688,  543,  170,  236,  705,  369,  780,  130,  686,  284,  212,  754,  262,  380,  550,  695,  373,  530,  852,  117,  285,  592,  253,  414,  719],
        [  840,    0,  524,  701,  247,  942,  826,  597,  862,  798,  290,  769,  916,  334,  573,   85,  465,  398,  737,  245,  259,  211,  772,  424,  709,  474,  220,  704,  616,  143,  788,  210,  789,  513,  497,  652,  340,  710,  746,  397,   60,    0,  630,  275,  937,  750,  206,  270,  660,  671,  589,  282,  215,  571,  244,  458,  208,  356,  990,  678,  693,  798,   58,  536,  255,  752,  266,  524,  283,  137,  159,  687,  699,  563,  655,  270,  323,  802,  958,  729,  608,  368,  659,  479,  582,  916,  598,  367,  243,  639,  436,  640,  605,  698,  532,  472,  433,  152,  339,  597,  749,  331,  673,  323,  116,  414,  335,  819,  375,  415,  744,  478,  374,  728,  525,  159,  871,  608,  732,  594,  500,  741,  602,  140,  176,  732,  426,  834,  187,  742,  312,  245,  811,  319,  434,  605,  744,  430,  547,  910,  174,  237,  641,  237,  473,  734],
