{
    "name": "random-86-16703",
    "comment": "size=86 seed=16703",
    "nodes": ["+0", "-0", "+1", "-1", "+2", "-2", "+3", "-3", "+4", "-4", "+5", "-5", "+6", "-6", "+7", "-7", "+8", "-8", "+9", "-9", "+10", "-10", "+11", "-11", "+12", "-12", "+13", "-13", "+14", "-14", "+15", "-15", "+16", "-16", "+17", "-17", "+18", "-18", "+19", "-19", "+20", "-20", "+21", "-21", "+22", "-22", "+23", "-23", "+24", "-24", "+25", "-25", "+26", "-26", "+27", "-27", "+28", "-28", "+29", "-29", "+30", "-30", "+31", "-31", "+32", "-32", "+33", "-33", "+34", "-34", "+35", "-35", "+36", "-36", "+37", "-37", "+38", "-38", "+39", "-39", "+40", "-40", "+41", "-41", "+42", "-42", "+43", "-43", "+44", "-44", "+45", "-45", "+46", "-46", "+47", "-47", "+48", "-48", "+49", "-49", "+50", "-50", "+51", "-51", "+52", "-52", "+53", "-53", "+54", "-54", "+55", "-55", "+56", "-56", "+57", "-57", "+58", "-58", "+59", "-59", "+60", "-60", "+61", "-61", "+62", "-62", "+63", "-63", "+64", "-64", "+65", "-65", "+66", "-66", "+67", "-67", "+68", "-68", "+69", "-69", "+70", "-70", "+71", "-71", "+72", "-72", "+73", "-73", "+74", "-74", "+75", "-75", "+76", "-76", "+77", "-77", "+78", "-78", "+79", "-79", "+80", "-80", "+81", "-81", "+82", "-82", "+83", "-83", "+84", "-84", "+85", "-85", "+86", "-86"],
    "precedence": {
        "+0": "-0",
        "+1": "-1",
        "+2": "-2",
        "+3": "-3",
        "+4": "-4",
        "+5": "-5",
        "+6": "-6",
        "+7": "-7",
        "+8": "-8",
        "+9": "-9",
        "+10": "-10",
        "+11": "-11",
        "+12": "-12",
        "+13": "-13",
        "+14": "-14",
        "+15": "-15",
        "+16": "-16",
        "+17": "-17",
        "+18": "-18",
        "+19": "-19",
        "+20": "-20",
        "+21": "-21",
        "+22": "-22",
        "+23": "-23",
        "+24": "-24",
        "+25": "-25",
        "+26": "-26",
        "+27": "-27",
        "+28": "-28",
        "+29": "-29",
        "+30": "-30",
        "+31": "-31",
        "+32": "-32",
        "+33": "-33",
        "+34": "-34",
        "+35": "-35",
        "+36": "-36",
        "+37": "-37",
        "+38": "-38",
        "+39": "-39",
        "+40": "-40",
        "+41": "-41",
        "+42": "-42",
        "+43": "-43",
        "+44": "-44",
        "+45": "-45",
        "+46": "-46",
        "+47": "-47",
        "+48": "-48",
        "+49": "-49",
        "+50": "-50",
        "+51": "-51",
        "+52": "-52",
        "+53": "-53",
        "+54": "-54",
        "+55": "-55",
        "+56": "-56",
        "+57": "-57",
        "+58": "-58",
        "+59": "-59",
        "+60": "-60",
        "+61": "-61",
        "+62": "-62",
        "+63": "-63",
        "+64": "-64",
        "+65": "-65",
        "+66": "-66",
        "+67": "-67",
        "+68": "-68",
        "+69": "-69",
        "+70": "-70",
        "+71": "-71",
        "+72": "-72",
        "+73": "-73",
        "+74": "-74",
        "+75": "-75",
        "+76": "-76",
        "+77": "-77",
        "+78": "-78",
        "+79": "-79",
        "+80": "-80",
        "+81": "-81",
        "+82": "-82",
        "+83": "-83",
        "+84": "-84",
        "+85": "-85",
        "+86": "-86"
    },
    "edges": [
        [    0,    0,  647,  381,  338,  321,  413,  417,  321,  447,  542,  618,  315,  576,  105,  322,  363,  457,  289,  426,   99,  886,  312,  353,  401,  659,  373,  511,  427,  128,  350,  550,  347,  596,  154,  327,  454,  172,  336,  390,  558,  475,  446,  501,  424,  281,  431,  543,  456,  457,  423,  429,  491,  360,  240,  745,  254,  503,  331,  131,  685,  565,  515,  545,  463,  763,  573,  730,  358,  353,  656,  547,  492,  588,  710,  256,  598,  215,  343,  240,  221,  468,  329,  250,  217,   37,  516,  695,  456,  438,  498,  457,  386,  604,  167,  442,  297,  328,  514,  608,  579,   28,  122,  431,  796,  580,  433,  313,  338,  628,  363,  679,  438,  574,  564,  605,  520,  498,  812,  491,  298,  336,  814,  317,  204,  230,  607,  225,  276,  341,  155,  443,  400,  205,  406,  297,  850,  335,  446,  221,  293,  365,  254,  444,  463,  303,  307,  177,  495,  354,  214,  576,  493,  140,  157,  340,  213,  547,  347,  334,  624,  258,  728,  631,   41,  358,  314,  394,  338,  377,  344,  217,  321,  452],
        [    0,    0,    0,    0,    0,    0,    0,    0,    0,    0,    0,    0,    0,    0,    0,    0,    0,    0,    0,    0,    0,    0,    0,    0,    0,    0,    0,    0,    0,    0,    0,    0,    0,    0,    0,    0,    0,    0,    0,    0,    0,    0,    0,    0,    0,    0,    0,    0,    0,    0,    0,    0,    0,    0,    0,    0,    0,    0,    0,    0,    0,    0,    0,    0,    0,    0,    0,    0,    0,    0,    0,    0,    0,    0,    0,    0,    0,    0,    0,    0,    0,    0,    0,    0,    0,    0,    0,    0,    0,    0,    0,    0,    0,    0,    0,    0,    0,    0,    0,    0,    0,    0,    0,    0,    0,    0,    0,    0,    0,    0,    0,    0,    0,    0,    0,    0,    0,    0,    0,    0,    0,    0,    0,    0,    0,    0,    0,    0,    0,    0,    0,    0,    0,    0,    0,    0,    0,    0,    0,    0,    0,    0,    0,    0,    0,    0,    0,    0,    0,    0,    0,    0,    0,    0,    0,    0,    0,    0,    0,    0,    0,    0,    0,    0,    0,    0,    0,    0,    0,    0,    0,    0,    0,    0],
        [  647,    0,    0,  803,  843,  517,  625,  466,  940,  654,  314,  232,  538,  764,  605,  325,  664,  573,  855,  539,  622,  243,  503,  370,  981,   27,  320,  182,  225,  772,  882,  526,  975,  500,  595,  385, 1092,  475,  873,  259,  775,  220,  754,  833,  252,  741,  221,  653,  210,  223,  774,  223,  323,  926,  506,  172,  514,  474,  590,  617,  356,  563,  537,  605,  188,  139,  757,  159,  734,  714,  277,  261,  177,  757,  292,  856,  731,  788,  986,  436,  473,  258,  517,  871,  457,  641,  332,  672,  357,  846,  316,  834,  561,  213,  650,  235,  378,  447,  134,  146,  243,  631,  616,  585,  163,  681, 1054,  635,  982,  519,  289,  504,  248,  710,  382,  692,  698, 1140,  167, 1131,  549,  569,  173,  730,  448,  422,   60,  658,  383,  423,  664,  258,  432,  512,  386,  545,  215,  319,  260,  746,  361,  333,  901,  454,  637,  828,  574,  795,  383,  999,  824,  312,  181,  743,  504,  681,  859,  788,  938,  430,  261,  514,  848,  727,  637,  722,  401,  965,  491, 1021,  710,  447,  539,  450],
        [  381,    0,  803,    0,  688,  680,  789,  362,  575,  824,  834,  659,  266,  269,  481,  534,  743,  823,  614,  788,  478, 1002,  668,  656,  256,  803,  648,  742,  595,  357,  144,  411,  348,  473,  530,  422,  455,  449,  148,  604,  240,  585,  122,  133,  554,  653,  598,  310,  597,  581,  801,  595,  787,  206,  312,  824,  298,  846,  217,  510,  653,  922,  372,  912,  663,  873,  952,  813,  736,   92,  668,  587,  628,  288,  716,  558,  316,  207,  424,  548,  363,  550,  688,  524,  391,  417,  815,  470,  764,   58,  791,   80,  263,  855,  225,  570,  445,  357,  683,  831,  621,  405,  282,  800,  909,  330,  377,  169,  505,  493,  594,  556,  687,  951,  877,  979,  898,  515,  941,  498,  665,  239,  936,  694,  429,  446,  789,  178,  458,  669,  230,  546,  384,  324,  426,  259,  956,  579,  545,  166,  550,  648,  420,  784,  838,  650,  230,  280,  471,  507,  262,  865,  623,  269,  381,  720,  397,  217,  252,  374,  891,  297,  409, 1007,  421,  738,  407,  234,  690,  525,  724,  407,  266,  791],
        [  338,    0,  843,  688,    0,  339,  300,  743,  209,  306,  614,  890,  651,  910,  287,  558,  226,  379,   91,  379,  275, 1083,  348,  476,  600,  863,  524,  669,  660,  333,  608,  881,  483,  923,  268,  627,  522,  432,  594,  598,  890,  734,  773,  818,  682,  103,  664,  881,  701,  711,  178,  664,  572,  586,  568,  981,  585,  486,  669,  259,  981,  488,  849,  440,  661,  977,  368,  966,  152,  680,  936,  827,  732,  923,  989,  152,  934,  486,  413,  419,  535,  742,  342,  199,  519,  309,  584, 1032,  528,  741,  580,  767,  723,  717,  500,  697,  583,  648,  726,  751,  855,  327,  459,  348, 1005,  918,  557,  650,  324,  955,  567, 1001,  597,  401,  595,  449,  349,  530, 1007,  534,  302,  674, 1015,  127,  484,  503,  790,  557,  550,  426,  484,  712,  721,  531,  716,  633, 1058,  537,  716,  523,  501,  511,  331,  454,  336,   39,  645,  415,  806,  342,  444,  643,  736,  420,  463,  194,  325,  877,  548,  651,  712,  589, 1062,  458,  309,  166,  618,  605,  368,  352,  167,  512,  657,  463],
        [  321,    0,  517,  680,  339,    0,  138,  560,  486,  176,  278,  608,  515,  817,  219,  289,  151,  145,  375,  109,  230,  752,   18,  150,  719,  539,  203,  337,  369,  424,  669,  698,  647,  722,  173,  413,  735,  247,  655,  299,  808,  455,  715,  784,  409,  238,  372,  749,  413,  430,  261,  373,  234,  679,  422,  669,  444,  187,  556,  201,  720,  245,  677,  233,  347,  654,  310,  653,  217,  628,  661,  560,  437,  824,  707,  399,  821,  535,  615,  162,  368,  476,    9,  431,  339,  289,  248,  868,  190,  738,  242,  749,  586,  379,  455,  419,  359,  466,  413,  414,  580,  293,  399,  127,  679,  788,  733,  564,  567,  754,  270,  784,  270,  289,  272,  306,  247,  766,  676,  763,   38,  549,  686,  217,  290,  292,  461,  505,  323,   94,  452,  445,  526,  391,  501,  503,  731,  246,  450,  533,  226,  190,  517,  134,  177,  333,  528,  493,  582,  587,  531,  309,  443,  460,  314,  164,  484,  804,  664,  460,  375,  447,  959,  339,  283,  205,  412,  712,   30,  606,  194,  324,  520,  143],
        [  413,    0,  625,  789,  300,  138,    0,  696,  489,   39,  344,  738,  645,  945,  310,  425,   76,   80,  366,   92,  315,  850,  155,  276,  793,  649,  328,  444,  500,  493,  759,  835,  703,  859,  260,  550,  775,  377,  745,  429,  934,  587,  835,  901,  544,  220,  503,  881,  545,  563,  160,  504,  312,  761,  552,  786,  573,  193,  684,  283,  854,  190,  813,  148,  470,  764,  175,  771,  150,  746,  792,  694,  565,  952,  837,  408,  952,  624,  656,  298,  500,  611,  133,  449,  472,  378,  316, 1004,  273,  847,  321,  862,  718,  457,  566,  552,  496,  601,  534,  505,  712,  387,  510,   50,  785,  921,  788,  687,  589,  891,  402,  921,  387,  163,  308,  192,  113,  797,  776,  797,  132,  679,  788,  177,  423,  427,  567,  619,  459,  219,  559,  580,  662,  519,  638,  632,  834,  381,  585,  633,  363,  315,  560,  180,   51,  310,  656,  571,  720,  609,  608,  368,  572,  548,  441,  110,  535,  928,  737,  596,  440,  577, 1089,  219,  372,  136,  548,  790,  151,  624,  134,  457,  651,  186],
        [  417,    0,  466,  362,  743,  560,  696,    0,  730,  735,  590,  298,  120,  308,  459,  295,  684,  695,  704,  654,  470,  645,  543,  460,  587,  460,  427,  457,  297,  498,  474,  141,  629,  181,  490,  151,  751,  328,  470,  339,  314,  251,  292,  370,  240,  664,  297,  208,  278,  256,  779,  294,  555,  530,  178,  464,  164,  667,  151,  490,  303,  761,  117,  773,  371,  516,  870,  454,  715,  270,  308,  228,  300,  305,  358,  672,  289,  429,  675,  399,  211,  209,  567,  660,  232,  439,  582,  309,  551,  394,  556,  377,  101,  571,  303,  250,  204,   98,  366,  530,  260,  421,  310,  685,  552,  245,  689,  203,  716,  212,  346,  263,  429,  847,  652,  857,  806,  808,  588,  795,  566,  129,  581,  686,  277,  270,  466,  273,  239,  501,  323,  217,   40,  214,   85,  138,  598,  349,  213,  370,  346,  433,  620,  610,  736,  711,  151,  472,  110,  726,  485,  615,  293,  424,  282,  677,  581,  325,  560,  101,  617,  160,  423,  892,  438,  710,  150,  567,  554,  749,  694,  244,  116,  614],
        [  321,    0,  940,  575,  209,  486,  489,  730,    0,  502,  762,  936,  619,  827,  336,  624,  414,  564,  125,  555,  319, 1183,  490,  594,  427,  956,  633,  781,  731,  238,  464,  856,  298,  907,  349,  648,  317,  476,  452,  682,  802,  790,  679,  707,  737,  269,  735,  823,  766,  770,  386,  734,  714,  428,  555, 1055,  567,  659,  620,  324, 1006,  678,  819,  635,  753, 1065,  576, 1040,  350,  593,  976,  866,  800,  843, 1030,   88,  862,  370,  217,  505,  542,  786,  492,   72,  537,  312,  732,  985,  672,  619,  722,  651,  683,  852,  440,  754,  616,  646,  811,  873,  898,  327,  421,  532, 1097,  857,  361,  587,  119,  937,  652,  992,  706,  606,  757,  653,  553,  322, 1107,  327,  449,  632, 1112,  313,  518,  543,  893,  489,  591,  557,  420,  759,  718,  523,  726,  600, 1151,  621,  763,  423,  580,  622,  161,  616,  531,  184,  602,  298,  815,  136,  313,  794,  802,  327,  477,  379,  178,  784,  382,  654,  856,  571,  976,  664,  315,  361,  635,  437,  514,  144,  358,  536,  625,  625],
        [  447,    0,  654,  824,  306,  176,   39,  735,  502,    0,  365,  773,  683,  983,  344,  463,   94,   90,  378,  115,  348,  876,  193,  311,  821,  679,  363,  473,  535,  522,  791,  873,  728,  897,  295,  588,  796,  415,  777,  465,  972,  623,  872,  937,  580,  236,  539,  920,  580,  599,  148,  539,  337,  791,  590,  817,  612,  206,  722,  316,  890,  183,  851,  134,  503,  792,  136,  802,  155,  782,  827,  730,  600,  991,  872,  425,  990,  656,  678,  337,  538,  648,  170,  468,  510,  411,  338, 1043,  299,  882,  345,  898,  756,  479,  602,  589,  534,  639,  567,  530,  748,  421,  546,   70,  812,  959,  811,  724,  607,  929,  438,  959,  419,  128,  323,  162,   76,  815,  802,  816,  170,  717,  815,  190,  462,  465,  596,  655,  498,  255,  595,  616,  701,  557,  676,  670,  861,  417,  622,  667,  401,  350,  583,  203,   30,  321,  694,  601,  758,  626,  638,  386,  607,  580,  479,  127,  559,  966,  766,  634,  458,  615, 1128,  186,  406,  142,  587,  819,  188,  640,  145,  495,  689,  209],
        [  542,    0,  314,  834,  614,  278,  344,  590,  762,  365,    0,  494,  602,  893,  458,  309,  401,  277,  653,  253,  473,  515,  273,  190,  936,  340,  186,  157,  301,  664,  863,  703,  888,  703,  425,  449,  988,  395,  851,  252,  893,  379,  830,  908,  361,  514,  302,  798,  335,  360,  502,  305,   51,  889,  527,  485,  545,  166,  654,  454,  623,  250,  697,  295,  233,  446,  450,  471,  478,  760,  548,  479,  335,  892,  580,  674,  878,  739,  871,  304,  473,  419,  274,  703,  444,  520,   31,  873,   91,  887,   44,  889,  657,  116,  625,  358,  406,  521,  275,  174,  482,  517,  574,  297,  461,  835,  974,  682,  835,  730,  250,  738,  162,  401,   72,  379,  395, 1025,  444, 1021,  316,  639,  459,  489,  406,  388,  256,  659,  383,  209,  630,  394,  551,  511,  509,  598,  506,  258,  400,  719,  284,  188,  774,  166,  342,  610,  629,  717,  560,  854,  753,   34,  344,  673,  458,  427,  737,  897,  884,  507,   98,  547, 1012,  414,  514,  464,  458,  925,  250,  874,  456,  427,  605,  158],
        [  618,    0,  232,  659,  890,  608,  738,  298,  936,  773,  494,    0,  403,  563,  614,  333,  756,  705,  878,  666,  629,  352,  591,  463,  875,  214,  411,  337,  240,  729,  765,  313,  899,  277,  622,  295, 1020,  465,  759,  310,  578,  157,  584,  659,  208,  793,  236,  449,  195,  181,  865,  236,  483,  817,  410,  169,  409,  631,  445,  636,  131,  727,  334,  759,  276,  229,  895,  160,  813,  567,   56,   76,  174,  552,  101,  862,  523,  699,  930,  475,  403,  151,  611,  865,  402,  625,  501,  444,  502,  691,  479,  672,  398,  420,  561,  194,  321,  325,  220,  357,   41,  610,  546,  708,  263,  472,  968,  496,  951,  292,  338,  272,  363,  856,  565,  849,  831, 1075,  304, 1063,  631,  423,  293,  797,  420,  396,  266,  549,  347,  520,  579,  179,  277,  432,  242,  416,  304,  364,  175,  646,  394,  424,  859,  592,  763,  866,  438,  727,  192,  965,  748,  503,  166,  675,  461,  763,  817,  596,  841,  311,  471,  407,  629,  885,  622,  803,  310,  855,  589,  988,  789,  401,  401,  591],
        [  315,    0,  538,  266,  651,  515,  645,  120,  619,  683,  602,  403,    0,  305,  375,  294,  621,  657,  603,  617,  382,  739,  499,  444,  473,  538,  422,  490,  336,  384,  362,  238,  509,  289,  413,  162,  631,  268,  357,  357,  298,  320,  230,  310,  290,  580,  338,  239,  333,  317,  707,  335,  560,  416,   93,  564,   72,  649,   55,  407,  422,  738,  201,  740,  408,  609,  819,  553,  641,  176,  421,  329,  363,  310,  473,  566,  307,  309,  555,  358,  147,  285,  522,  551,  177,  342,  588,  382,  546,  309,  563,  300,   75,  606,  184,  306,  197,   92,  421,  575,  363,  325,  200,  641,  645,  279,  571,   97,  598,  319,  353,  375,  445,  803,  655,  820,  757,  688,  677,  675,  513,   38,  672,  608,  226,  230,  526,  154,  221,  473,  205,  281,  127,  128,  163,   20,  694,  346,  279,  250,  328,  425,  503,  589,  689,  616,   37,  353,  226,  609,  365,  630,  358,  306,  207,  609,  464,  299,  442,  109,  646,   69,  445,  852,  342,  638,  149,  453,  515,  631,  622,  193,    7,  594],
        [  576,    0,  764,  269,  910,  817,  945,  308,  827,  983,  893,  563,  305,    0,  658,  588,  915,  961,  847,  921,  662,  912,  802,  745,  516,  755,  720,  764,  604,  595,  411,  252,  616,  303,  702,  444,  721,  571,  416,  642,   32,  555,  150,  161,  548,  856,  605,  114,  585,  563,  993,  602,  854,  471,  396,  728,  374,  952,  262,  691,  505, 1041,  230, 1044,  678,  791, 1118,  721,  927,  235,  550,  508,  606,   21,  585,  797,   58,  459,  692,  662,  451,  512,  825,  769,  481,  610,  882,  223,  844,  249,  856,  212,  238,  879,  411,  557,  491,  374,  672,  837,  534,  594,  456,  944,  825,  100,  640,  265,  768,  306,  644,  365,  732, 1105,  950, 1123, 1058,  780,  866,  763,  814,  269,  856,  890,  530,  534,  770,  354,  520,  777,  426,  523,  347,  427,  393,  315,  863,  642,  520,  404,  629,  724,  679,  892,  991,  873,  290,  530,  382,  772,  519,  919,  598,  503,  505,  900,  651,   59,  519,  386,  924,  371,  153, 1155,  612,  926,  436,  494,  819,  790,  910,  497,  300,  897],
        [  105,    0,  605,  481,  287,  219,  310,  459,  336,  344,  458,  614,  375,  658,    0,  290,  264,  353,  265,  323,   18,  847,  212,  274,  501,  620,  304,  451,  397,  209,  454,  599,  434,  638,   50,  342,  531,  150,  440,  347,  643,  462,  536,  597,  409,  206,  402,  612,  434,  440,  335,  400,  408,  462,  287,  722,  306,  403,  403,   33,  698,  461,  568,  441,  418,  730,  473,  707,  269,  444,  658,  548,  468,  669,  711,  254,  674,  318,  413,  172,  250,  464,  227,  267,  233,   71,  430,  756,  369,  538,  415,  555,  450,  532,  260,  425,  299,  363,  476,  545,  577,   78,  207,  326,  761,  651,  521,  394,  385,  671,  317,  715,  375,  471,  472,  501,  418,  568,  772,  563,  194,  403,  777,  233,  199,  220,  559,  315,  268,  251,  252,  435,  435,  250,  429,  359,  815,  286,  439,  324,  244,  295,  317,  346,  360,  258,  376,  275,  520,  404,  313,  492,  470,  243,  178,  244,  280,  634,  446,  365,  546,  310,  808,  528,   65,  268,  332,  494,  238,  425,  252,  226,  382,  354],
        [  322,    0,  325,  534,  558,  289,  425,  295,  624,  463,  309,  333,  294,  588,  290,    0,  431,  410,  552,  369,  307,  564,  271,  167,  672,  337,  133,  211,  107,  448,  584,  424,  654,  439,  292,  146,  769,  151,  573,   74,  586,  177,  522,  601,  127,  460,  112,  499,  145,  154,  538,  111,  268,  620,  223,  432,  239,  373,  347,  309,  436,  468,  409,  483,  145,  443,  594,  417,  482,  455,  383,  277,  178,  589,  433,  544,  578,  475,  662,  143,  173,  191,  293,  554,  147,  319,  295,  596,  258,  586,  270,  584,  350,  322,  343,  140,   98,  215,  192,  306,  301,  307,  301,  405,  475,  537,  735,  376,  659,  471,   61,  497,  154,  564,  363,  570,  529,  816,  490,  807,  306,  331,  493,  465,  126,  100,  288,  365,   76,  214,  354,  159,  256,  213,  222,  291,  529,   55,  165,  441,   63,  139,  576,  317,  459,  535,  321,  474,  297,  675,  505,  337,  181,  423,  184,  434,  534,  590,  626,  203,  358,  241,  715,  605,  314,  473,  152,  658,  276,  698,  459,  133,  297,  320],
        [  363,    0,  664,  743,  226,  151,   76,  684,  414,   94,  401,  756,  621,  915,  264,  431,    0,  153,  290,  155,  265,  896,  166,  300,  730,  687,  353,  483,  517,  431,  703,  824,  635,  853,  216,  543,  703,  357,  689,  448,  902,  602,  798,  860,  555,  145,  521,  859,  562,  578,  111,  521,  364,  700,  528,  818,  549,  262,  656,  233,  866,  265,  799,  222,  498,  802,  210,  803,   78,  707,  809,  706,  586,  924,  856,  334,  926,  568,  585,  294,  480,  621,  149,  376,  454,  327,  371,  990,  322,  800,  373,  818,  695,  511,  523,  566,  490,  586,  563,  554,  727,  338,  469,  122,  826,  899,  718,  653,  515,  886,  419,  920,  419,  216,  373,  255,  161,  723,  821,  724,  126,  653,  832,  102,  407,  415,  607,  578,  453,  244,  515,  589,  652,  493,  633,  606,  877,  393,  595,  583,  368,  340,  490,  237,  119,  235,  628,  511,  719,  535,  548,  428,  592,  492,  415,   35,  466,  895,  674,  583,  498,  553, 1063,  276,  322,   64,  539,  728,  174,  550,   60,  440,  627,  245],
        [  457,    0,  573,  823,  379,  145,   80,  695,  564,   90,  277,  705,  657,  961,  353,  410,  153,    0,  442,   42,  361,  790,  160,  248,  848,  598,  297,  393,  471,  549,  806,  830,  765,  849,  304,  545,  843,  391,  792,  401,  952,  559,  860,  929,  520,  295,  474,  889,  515,  536,  235,  475,  252,  812,  565,  738,  587,  117,  700,  330,  826,  116,  812,   89,  431,  710,  190,  723,  229,  773,  760,  667,  532,  966,  802,  481,  962,  671,  723,  301,  511,  588,  137,  521,  481,  423,  250, 1002,  216,  881,  259,  894,  727,  392,  599,  527,  492,  603,  493,  445,  682,  430,  542,   32,  729,  928,  850,  709,  661,  881,  378,  906,  345,  155,  234,  163,  127,  867,  717,  866,  160,  692,  730,  255,  432,  431,  514,  649,  456,  197,  595,  557,  659,  535,  630,  646,  777,  361,  563,  674,  352,  285,  626,  120,   66,  387,  672,  623,  707,  681,  661,  297,  540,  595,  459,  187,  598,  948,  792,  596,  370,  590, 1101,  197,  417,  215,  546,  843,  143,  697,  212,  465,  662,  124],
        [  289,    0,  855,  614,   91,  375,  366,  704,  125,  378,  653,  878,  603,  847,  265,  552,  290,  442,    0,  435,  250, 1098,  381,  497,  512,  873,  540,  688,  658,  257,  525,  838,  392,  884,  262,  601,  433,  414,  511,  602,  825,  725,  705,  745,  673,  147,  662,  826,  696,  703,  264,  661,  607,  500,  527,  983,  543,  541,  616,  244,  960,  555,  804,  511,  670,  986,  454,  967,  225,  614,  922,  812,  729,  861,  975,   63,  875,  409,  323,  421,  502,  728,  380,  109,  490,  267,  623,  982,  564,  665,  616,  693,  673,  749,  440,  689,  562,  613,  731,  776,  841,  284,  406,  410, 1015,  862,  466,  591,  236,  916,  571,  965,  613,  482,  643,  529,  429,  444, 1021,  447,  338,  623, 1028,  189,  461,  484,  805,  495,  532,  453,  423,  699,  686,  491,  686,  585, 1069,  540,  703,  451,  501,  528,  242,  501,  407,   60,  593,  336,  777,  255,  363,  684,  732,  348,  431,  256,  238,  810,  460,  618,  749,  547,  999,  541,  268,  237,  590,  517,  404,  266,  234,  486,  610,  510],
        [  426,    0,  539,  788,  379,  109,   92,  654,  555,  115,  253,  666,  617,  921,  323,  369,  155,   42,  435,    0,  332,  761,  122,  207,  821,  564,  256,  359,  431,  524,  775,  789,  743,  808,  275,  504,  825,  352,  761,  361,  912,  519,  822,  891,  479,  289,  434,  848,  475,  495,  251,  435,  222,  784,  526,  703,  547,  107,  661,  302,  786,  139,  770,  125,  393,  677,  229,  688,  233,  736,  720,  627,  493,  926,  763,  470,  922,  640,  705,  260,  471,  547,  101,  508,  441,  393,  225,  961,  184,  846,  230,  858,  687,  366,  564,  486,  450,  562,  456,  416,  642,  399,  507,   46,  697,  888,  829,  670,  647,  839,  337,  864,  307,  196,  219,  204,  166,  851,  687,  850,  129,  653,  700,  253,  392,  390,  481,  613,  415,  156,  561,  516,  618,  496,  589,  606,  746,  319,  522,  641,  310,  245,  607,   89,   99,  384,  632,  595,  665,  667,  633,  277,  500,  565,  420,  186,  577,  909,  766,  555,  348,  550, 1060,  238,  388,  219,  505,  816,  103,  684,  214,  424,  622,   95],
        [   99,    0,  622,  478,  275,  230,  315,  470,  319,  348,  473,  629,  382,  662,   18,  307,  265,  361,  250,  332,    0,  864,  224,  290,  490,  637,  321,  468,  414,  196,  446,  608,  420,  649,   58,  355,  516,  164,  432,  364,  646,  477,  537,  596,  425,  198,  418,  618,  450,  456,  332,  417,  423,  452,  296,  739,  314,  415,  408,   33,  712,  471,  577,  449,  435,  747,  475,  723,  266,  445,  673,  563,  484,  672,  726,  238,  679,  311,  398,  189,  261,  479,  238,  250,  245,   63,  445,  764,  385,  535,  431,  553,  456,  549,  260,  441,  313,  374,  493,  562,  592,   74,  208,  334,  778,  657,  507,  398,  369,  681,  334,  726,  392,  475,  487,  506,  422,  552,  789,  548,  203,  409,  793,  228,  213,  234,  576,  316,  283,  266,  250,  450,  446,  259,  442,  366,  832,  303,  454,  319,  261,  311,  302,  358,  365,  245,  381,  264,  533,  387,  302,  507,  487,  235,  189,  244,  264,  636,  435,  376,  562,  318,  812,  533,   58,  265,  345,  484,  250,  408,  250,  239,  389,  367],
        [  886,    0,  243, 1002, 1083,  752,  850,  645, 1183,  876,  515,  352,  739,  912,  847,  564,  896,  790, 1098,  761,  864,    0,  740,  608, 1201,  228,  560,  416,  460, 1010, 1097,  661, 1205,  617,  837,  601, 1324,  715, 1089,  501,  929,  429,  934, 1010,  474,  980,  456,  799,  435,  441, 1004,  458,  539, 1144,  724,  185,  729,  681,  786,  860,  423,  758,  684,  807,  430,  131,  965,  193,  968,  911,  364,  418,  399,  901,  339, 1099,  870, 1013, 1222,  679,  699,  456,  751, 1114,  687,  882,  540,  770,  578, 1038,  531, 1021,  745,  401,  874,  455,  605,  652,  373,  346,  386,  871,  846,  806,   95,  819, 1282,  835, 1222,  624,  531,  586,  487,  914,  573,  888,  910, 1375,   77, 1365,  786,  764,   72,  968,  685,  658,  294,  874,  616,  660,  889,  468,  619,  736,  577,  749,   50,  562,  467,  966,  604,  573, 1139,  673,  855, 1069,  775, 1027,  543, 1239, 1054,  501,  400,  975,  739,  915, 1097,  948, 1162,  636,  434,  728,  965,  921,  877,  956,  618, 1183,  725, 1262,  945,  679,  738,  667],
        [  312,    0,  503,  668,  348,   18,  155,  543,  490,  193,  273,  591,  499,  802,  212,  271,  166,  160,  381,  122,  224,  740,    0,  135,  712,  525,  188,  324,  352,  419,  659,  681,  642,  704,  168,  395,  733,  232,  646,  282,  793,  438,  701,  770,  392,  246,  356,  732,  397,  413,  277,  356,  227,  671,  407,  654,  428,  192,  541,  197,  703,  256,  660,  246,  332,  641,  327,  638,  231,  615,  644,  543,  420,  808,  691,  402,  805,  526,  613,  145,  352,  459,   24,  433,  323,  282,  243,  851,  184,  725,  235,  737,  570,  370,  443,  402,  342,  449,  398,  403,  563,  285,  387,  143,  666,  772,  729,  550,  568,  736,  253,  766,  256,  305,  271,  322,  264,  765,  664,  762,   47,  534,  673,  229,  274,  275,  448,  492,  305,   81,  441,  427,  508,  376,  483,  487,  717,  229,  433,  523,  209,  175,  515,  136,  194,  341,  513,  486,  565,  588,  524,  305,  427,  452,  299,  179,  482,  789,  657,  443,  369,  431,  943,  354,  276,  219,  394,  705,   27,  607,  207,  307,  504,  145],
        [  353,    0,  370,  656,  476,  150,  276,  460,  594,  311,  190,  463,  444,  745,  274,  167,  300,  248,  497,  207,  290,  608,  135,    0,  747,  391,   54,  193,  226,  476,  677,  591,  699,  605,  247,  310,  802,  210,  664,  155,  741,  314,  665,  741,  273,  373,  229,  662,  270,  290,  411,  230,  139,  700,  359,  519,  379,  208,  493,  275,  581,  301,  576,  316,  198,  506,  435,  503,  366,  588,  517,  421,  290,  748,  562,  508,  740,  551,  686,  115,  303,  341,  152,  531,  272,  332,  165,  763,  110,  711,  146,  716,  508,  260,  441,  280,  258,  375,  263,  280,  438,  329,  388,  247,  532,  701,  786,  514,  657,  636,  130,  659,  122,  402,  222,  404,  371,  841,  532,  836,  181,  481,  541,  361,  228,  216,  315,  479,  226,   58,  445,  310,  422,  337,  389,  437,  584,  115,  315,  533,  117,   41,  591,  150,  302,  464,  466,  527,  461,  676,  564,  223,  297,  484,  275,  314,  553,  742,  695,  365,  272,  382,  877,  440,  326,  354,  314,  737,  128,  697,  342,  255,  448,  154],
        [  401,    0,  981,  256,  600,  719,  793,  587,  427,  821,  936,  875,  473,  516,  501,  672,  730,  848,  512,  821,  490, 1201,  712,  747,    0,  986,  758,  881,  759,  301,  116,  659,  134,  721,  547,  600,  209,  544,  118,  746,  486,  773,  376,  361,  731,  605,  762,  565,  772,  763,  753,  760,  886,   58,  478, 1033,  472,  903,  437,  519,  889,  960,  619,  934,  815, 1071,  932, 1020,  697,  332,  893,  800,  807,  536,  944,  449,  567,  199,  222,  632,  509,  746,  727,  404,  528,  431,  911,  725,  854,  268,  892,  305,  496,  985,  332,  749,  604,  552,  851,  977,  835,  428,  372,  819, 1107,  585,  126,  385,  324,  743,  727,  806,  814,  945,  963,  983,  890,  267, 1134,  250,  693,  458, 1131,  653,  549,  573,  955,  328,  603,  741,  320,  734,  599,  470,  634,  459, 1158,  704,  734,  236,  666,  753,  272,  844,  843,  564,  438,  227,  696,  317,  189,  970,  805,  264,  491,  700,  276,  460,   56,  567, 1011,  474,  644, 1005,  437,  703,  584,   23,  738,  328,  692,  540,  476,  852],
        [  659,    0,   27,  803,  863,  539,  649,  460,  956,  679,  340,  214,  538,  755,  620,  337,  687,  598,  873,  564,  637,  228,  525,  391,  986,    0,  340,  206,  234,  783,  886,  514,  983,  485,  612,  388, 1101,  488,  877,  274,  766,  219,  750,  829,  255,  760,  230,  643,  214,  225,  797,  232,  349,  930,  510,  145,  517,  500,  588,  634,  335,  589,  527,  631,  204,  116,  782,  132,  756,  713,  256,  248,  179,  747,  268,  873,  721,  794,  997,  453,  479,  255,  539,  886,  464,  655,  358,  656,  382,  844,  342,  831,  557,  240,  656,  238,  384,  447,  146,  173,  228,  643,  624,  609,  143,  670, 1061,  634,  995,  503,  304,  485,  270,  736,  408,  718,  723, 1150,  153, 1141,  571,  567,  157,  751,  459,  432,   85,  661,  391,  445,  670,  258,  428,  517,  382,  545,  196,  335,  259,  750,  377,  353,  913,  479,  662,  847,  573,  803,  374, 1012,  832,  338,  183,  752,  514,  703,  871,  781,  944,  430,  287,  516,  835,  753,  650,  744,  404,  969,  513, 1034,  732,  456,  537,  475],
        [  373,    0,  320,  648,  524,  203,  328,  427,  633,  363,  186,  411,  422,  720,  304,  133,  353,  297,  540,  256,  321,  560,  188,   54,  758,  340,    0,  149,  175,  499,  681,  552,  719,  563,  284,  278,  826,  214,  669,  105,  717,  263,  648,  725,  225,  421,  178,  632,  219,  240,  464,  179,  140,  709,  343,  466,  362,  243,  474,  310,  530,  340,  540,  360,  145,  456,  485,  451,  418,  576,  465,  371,  238,  721,  510,  547,  710,  560,  712,  134,  289,  293,  205,  567,  259,  356,  167,  725,  125,  703,  144,  704,  482,  232,  441,  231,  229,  347,  210,  242,  387,  350,  391,  297,  482,  670,  804,  499,  689,  593,   84,  613,   74,  450,  233,  449,  421,  867,  484,  861,  232,  459,  492,  412,  221,  203,  267,  474,  202,  111,  447,  262,  388,  326,  351,  417,  535,   78,  268,  536,   99,   14,  618,  191,  353,  509,  447,  543,  418,  708,  578,  218,  245,  497,  273,  366,  579,  720,  707,  335,  254,  364,  847,  485,  350,  406,  284,  746,  181,  729,  394,  242,  426,  193],
        [  511,    0,  182,  742,  669,  337,  444,  457,  781,  473,  157,  337,  490,  764,  451,  211,  483,  393,  688,  359,  468,  416,  324,  193,  881,  206,  149,    0,  161,  638,  794,  559,  854,  553,  433,  330,  965,  343,  783,  138,  768,  227,  719,  799,  219,  566,  161,  663,  187,  211,  592,  163,  149,  829,  430,  345,  445,  302,  544,  458,  467,  395,  557,  433,   87,  321,  579,  331,  554,  660,  392,  324,  181,  762,  425,  696,  744,  682,  853,  279,  383,  269,  336,  715,  358,  498,  165,  725,  177,  792,  144,  788,  535,  116,  553,  212,  298,  402,  119,   98,  326,  491,  509,  404,  343,  698,  937,  580,  835,  579,  155,  584,   76,  535,  228,  521,  519, 1008,  340, 1001,  371,  526,  350,  552,  333,  309,  125,  576,  286,  244,  563,  248,  418,  423,  373,  491,  394,  179,  253,  651,  220,  161,  761,  274,  457,  656,  522,  675,  412,  854,  708,  170,  190,  626,  390,  501,  721,  776,  833,  386,  160,  445,  875,  557,  493,  541,  342,  867,  310,  875,  530,  344,  492,  271],
        [  427,    0,  225,  595,  660,  369,  500,  297,  731,  535,  301,  240,  336,  604,  397,  107,  517,  471,  658,  431,  414,  460,  352,  226,  759,  234,  175,  161,    0,  550,  663,  402,  750,  403,  397,  175,  867,  257,  653,   71,  608,   89,  564,  644,   60,  561,    5,  503,   45,   65,  626,    5,  274,  704,  288,  326,  299,  409,  390,  415,  356,  507,  398,  532,   75,  337,  660,  310,  575,  510,  293,  197,   72,  601,  340,  651,  584,  564,  763,  242,  250,  122,  372,  661,  232,  425,  298,  572,  281,  643,  273,  636,  376,  276,  427,   59,  156,  246,   93,  240,  213,  413,  392,  471,  370,  538,  829,  429,  764,  431,   99,  445,  144,  624,  368,  621,  596,  916,  387,  907,  392,  371,  388,  561,  225,  198,  197,  439,  159,  281,  440,   94,  257,  290,  212,  339,  424,  126,  100,  524,  160,  186,  680,  363,  527,  639,  369,  570,  259,  780,  599,  323,   77,  519,  280,  525,  638,  616,  715,  230,  321,  299,  715,  658,  420,  565,  189,  743,  350,  803,  551,  223,  338,  363],
        [  128,    0,  772,  357,  333,  424,  493,  498,  238,  522,  664,  729,  384,  595,  209,  448,  431,  549,  257,  524,  196, 1010,  419,  476,  301,  783,  499,  638,  550,    0,  280,  620,  225,  672,  252,  435,  328,  299,  266,  516,  572,  593,  451,  489,  543,  313,  555,  585,  577,  576,  464,  553,  613,  271,  329,  864,  338,  610,  383,  223,  785,  662,  582,  635,  589,  885,  635,  849,  403,  361,  763,  656,  613,  610,  818,  203,  627,  154,  216,  365,  327,  581,  432,  175,  330,  145,  636,  747,  576,  409,  620,  436,  446,  730,  203,  561,  413,  420,  639,  735,  689,  149,  190,  520,  919,  620,  312,  349,  222,  702,  490,  758,  565,  646,  681,  683,  591,  371,  936,  364,  396,  395,  938,  359,  326,  352,  734,  251,  396,  459,  183,  559,  490,  300,  504,  365,  972,  462,  561,  195,  420,  491,  131,  554,  543,  295,  365,   84,  589,  236,  119,  697,  614,   92,  273,  402,   89,  555,  245,  430,  748,  341,  746,  706,  151,  408,  420,  298,  445,  259,  396,  334,  389,  562],
        [  350,    0,  882,  144,  608,  669,  759,  474,  464,  791,  863,  765,  362,  411,  454,  584,  703,  806,  525,  775,  446, 1097,  659,  677,  116,  886,  681,  794,  663,  280,    0,  544,  207,  606,  503,  499,  311,  468,   15,  657,  381,  670,  266,  262,  631,  592,  667,  452,  673,  662,  743,  664,  814,   62,  377,  925,  369,  848,  324,  478,  775,  913,  504,  894,  724,  967,  911,  913,  681,  217,  781,  691,  707,  430,  832,  464,  459,  136,  290,  563,  415,  641,  677,  424,  437,  383,  841,  614,  785,  168,  820,  205,  382,  903,  242,  649,  508,  445,  755,  889,  725,  377,  290,  779, 1003,  474,  234,  272,  379,  628,  641,  691,  731,  917,  897,  951,  863,  371, 1031,  355,  647,  346, 1028,  638,  464,  487,  860,  225,  511,  678,  234,  631,  489,  374,  525,  350, 1052,  620,  631,  145,  585,  677,  304,  787,  809,  570,  327,  196,  584,  378,  164,  896,  704,  212,  408,  676,  291,  357,  109,  461,  932,  370,  546,  976,  389,  686,  482,   94,  684,  394,  673,  451,  365,  795],
        [  550,    0,  526,  411,  881,  698,  835,  141,  856,  873,  703,  313,  238,  252,  599,  424,  824,  830,  838,  789,  608,  661,  681,  591,  659,  514,  552,  559,  402,  620,  544,    0,  722,   63,  630,  286,  842,  469,  543,  457,  271,  335,  307,  370,  343,  804,  402,  139,  373,  348,  919,  399,  673,  604,  314,  477,  297,  795,  242,  630,  258,  891,   41,  906,  474,  541, 1008,  470,  856,  328,  298,  266,  384,  240,  335,  802,  210,  528,  779,  537,  351,  291,  704,  788,  373,  574,  699,  173,  674,  426,  673,  398,  177,  668,  418,  348,  340,  239,  453,  617,  288,  557,  437,  821,  575,  159,  772,  287,  830,   86,  469,  148,  544,  983,  768,  991,  944,  901,  617,  886,  706,  227,  606,  826,  418,  410,  540,  377,  376,  635,  439,  311,  173,  350,  202,  257,  612,  477,  306,  467,  480,  560,  735,  740,  874,  848,  256,  582,  148,  839,  588,  724,  376,  538,  422,  817,  698,  292,  641,  241,  716,  293,  323, 1026,  574,  851,  287,  638,  691,  861,  835,  385,  232,  743],
        [  347,    0,  975,  348,  483,  647,  703,  629,  298,  728,  888,  899,  509,  616,  434,  654,  635,  765,  392,  743,  420, 1205,  642,  699,  134,  983,  719,  854,  750,  225,  207,  722,    0,  782,  475,  610,  123,  511,  201,  726,  587,  779,  468,  469,  733,  501,  754,  647,  771,  766,  645,  752,  837,  152,  489, 1047,  490,  833,  485,  446,  931,  880,  682,  849,  798, 1078,  829, 1034,  593,  404,  924,  823,  807,  635,  978,  331,  662,  201,   90,  587,  507,  759,  654,  284,  519,  369,  861,  811,  801,  375,  844,  412,  549,  950,  338,  751,  601,  574,  842,  951,  858,  371,  360,  735, 1113,  672,   87,  437,  191,  808,  702,  869,  782,  848,  905,  889,  792,  180, 1135,  167,  616,  504, 1134,  549,  528,  555,  941,  356,  592,  684,  320,  742,  633,  471,  660,  492, 1165,  675,  743,  260,  635,  712,  152,  777,  752,  448,  479,  181,  734,  184,  153,  921,  806,  232,  471,  603,  169,  563,  101,  588,  970,  492,  753,  908,  375,  601,  593,  147,  669,  195,  591,  528,  513,  786],
        [  596,    0,  500,  473,  923,  722,  859,  181,  907,  897,  703,  277,  289,  303,  638,  439,  853,  849,  884,  808,  649,  617,  704,  605,  721,  485,  563,  553,  403,  672,  606,   63,  782,    0,  666,  311,  902,  502,  605,  463,  324,  326,  368,  429,  344,  842,  402,  192,  368,  344,  952,  400,  677,  666,  358,  434,  343,  805,  299,  668,  203,  902,  102,  921,  471,  502, 1030,  429,  889,  390,  253,  242,  374,  289,  284,  851,  255,  587,  837,  562,  389,  285,  727,  838,  408,  619,  701,  174,  681,  487,  676,  459,  235,  658,  472,  346,  364,  275,  441,  603,  258,  601,  487,  842,  534,  205,  834,  346,  886,   33,  479,   88,  546, 1003,  770, 1008,  966,  961,  578,  946,  732,  283,  565,  862,  450,  439,  521,  434,  401,  653,  493,  310,  204,  394,  221,  308,  567,  491,  304,  526,  498,  572,  790,  753,  896,  891,  311,  639,  146,  896,  646,  722,  365,  593,  461,  849,  752,  347,  703,  274,  707,  339,  352, 1044,  618,  883,  315,  700,  712,  917,  868,  418,  284,  755],
