{
    "name": "random-83-3615",
    "comment": "size=83 seed=3615",
    "nodes": ["+0", "-0", "+1", "-1", "+2", "-2", "+3", "-3", "+4", "-4", "+5", "-5", "+6", "-6", "+7", "-7", "+8", "-8", "+9", "-9", "+10", "-10", "+11", "-11", "+12", "-12", "+13", "-13", "+14", "-14", "+15", "-15", "+16", "-16", "+17", "-17", "+18", "-18", "+19", "-19", "+20", "-20", "+21", "-21", "+22", "-22", "+23", "-23", "+24", "-24", "+25", "-25", "+26", "-26", "+27", "-27", "+28", "-28", "+29", "-29", "+30", "-30", "+31", "-31", "+32", "-32", "+33", "-33", "+34", "-34", "+35", "-35", "+36", "-36", "+37", "-37", "+38", "-38", "+39", "-39", "+40", "-40", "+41", "-41", "+42", "-42", "+43", "-43", "+44", "-44", "+45", "-45", "+46", "-46", "+47", "-47", "+48", "-48", "+49", "-49", "+50", "-50", "+51", "-51", "+52", "-52", "+53", "-53", "+54", "-54", "+55", "-55", "+56", "-56", "+57", "-57", "+58", "-58", "+59", "-59", "+60", "-60", "+61", "-61", "+62", "-62", "+63", "-63", "+64", "-64", "+65", "-65", "+66", "-66", "+67", "-67", "+68", "-68", "+69", "-69", "+70", "-70", "+71", "-71", "+72", "-72", "+73", "-73", "+74", "-74", "+75", "-75", "+76", "-76", "+77", "-77", "+78", "-78", "+79", "-79", "+80", "-80", "+81", "-81", "+82", "-82", "+83", "-83"],
    "precedence": {
        "+0": "-0",
        "+1": "-1",
        "+2": "-2",
        "+3": "-3",
        "+4": "-4",
        "+5": "-5",
        "+6": "-6",
        "+7": "-7",
        "+8": "-8",
        "+9": "-9",
        "+10": "-10",
        "+11": "-11",
        "+12": "-12",
        "+13": "-13",
        "+14": "-14",
        "+15": "-15",
        "+16": "-16",
        "+17": "-17",
        "+18": "-18",
        "+19": "-19",
        "+20": "-20",
        "+21": "-21",
        "+22": "-22",
        "+23": "-23",
        "+24": "-24",
        "+25": "-25",
        "+26": "-26",
        "+27": "-27",
        "+28": "-28",
        "+29": "-29",
        "+30": "-30",
        "+31": "-31",
        "+32": "-32",
        "+33": "-33",
        "+34": "-34",
        "+35": "-35",
        "+36": "-36",
        "+37": "-37",
        "+38": "-38",
        "+39": "-39",
        "+40": "-40",
        "+41": "-41",
        "+42": "-42",
        "+43": "-43",
        "+44": "-44",
        "+45": "-45",
        "+46": "-46",
        "+47": "-47",
        "+48": "-48",
        "+49": "-49",
        "+50": "-50",
        "+51": "-51",
        "+52": "-52",
        "+53": "-53",
        "+54": "-54",
        "+55": "-55",
        "+56": "-56",
        "+57": "-57",
        "+58": "-58",
        "+59": "-59",
        "+60": "-60",
        "+61": "-61",
        "+62": "-62",
        "+63": "-63",
        "+64": "-64",
        "+65": "-65",
        "+66": "-66",
        "+67": "-67",
        "+68": "-68",
        "+69": "-69",
        "+70": "-70",
        "+71": "-71",
        "+72": "-72",
        "+73": "-73",
        "+74": "-74",
        "+75": "-75",
        "+76": "-76",
        "+77": "-77",
        "+78": "-78",
        "+79": "-79",
        "+80": "-80",
        "+81": "-81",
        "+82": "-82",
        "+83": "-83"
    },
    "edges": [
        [    0,    0,  351,  636,  344,  936,  394,  247,  187,  659,  783,  292,  578,  736,  299,  415,  327,  226,  272,  236,  630,  429,  322,  193,  644,  147,  799,  424,  947,  791,  702,   50,  155,  479,  316,  542,  591,  679,  278,  816,  603,  781,  889,  990,  835,  670,  579,  307,  979,  666,  409,  343,  368,  695,  897,  184,  596,  466,  296,  250,  388,  699,  147,  822,  308,  406,  438,  592, 1009,  433,  521,  138,  588,  401,  313,  506,  804,  274,  460,  727,  803,  395,  578,  662,  215,  548,  496,  124,  962,  743,  369,  446,  410,  306,   55,  440,  272,  712,  884,  161,  546,  499,  836,  745,  602,  454,  561,  174,  440,  130,  516,  820,  226,  101,  254,  821,  512,  386,  550,  338,  558,  287,  401,  490,  825,  599,  667,  649,  414,  203,  240,  604,  888,  781,  770,  682,  123,  534,  914,  149,  497,  100,  557,  289,  378,  288,  393,  534,   20,  580,  693,  812,  636,  319,  303,  119,  448,  638,  466,  744,  354,  416,  123,  446,  810,  602,  817,  100],
        [    0,    0,    0,    0,    0,    0,    0,    0,    0,    0,    0,    0,    0,    0,    0,    0,    0,    0,    0,    0,    0,    0,    0,    0,    0,    0,    0,    0,    0,    0,    0,    0,    0,    0,    0,    0,    0,    0,    0,    0,    0,    0,    0,    0,    0,    0,    0,    0,    0,    0,    0,    0,    0,    0,    0,    0,    0,    0,    0,    0,    0,    0,    0,    0,    0,    0,    0,    0,    0,    0,    0,    0,    0,    0,    0,    0,    0,    0,    0,    0,    0,    0,    0,    0,    0,    0,    0,    0,    0,    0,    0,    0,    0,    0,    0,    0,    0,    0,    0,    0,    0,    0,    0,    0,    0,    0,    0,    0,    0,    0,    0,    0,    0,    0,    0,    0,    0,    0,    0,    0,    0,    0,    0,    0,    0,    0,    0,    0,    0,    0,    0,    0,    0,    0,    0,    0,    0,    0,    0,    0,    0,    0,    0,    0,    0,    0,    0,    0,    0,    0,    0,    0,    0,    0,    0,    0,    0,    0,    0,    0,    0,    0,    0,    0,    0,    0,    0,    0],
        [  351,    0,    0,  288,  218,  589,  192,  593,  364,  387,  620,  215,  568,  558,   80,  451,   82,  568,  492,  377,  538,  439,  196,  504,  532,  229,  449,  462,  598,  479,  417,  302,  207,  156,  227,  355,  605,  663,  180,  477,  478,  497,  540,  645,  486,  382,  393,   63,  641,  375,  183,  400,  308,  351,  549,  429,  246,  136,  575,  383,  310,  392,  406,  591,  277,  428,  376,  314,  667,  459,  572,  414,  282,  167,  268,  300,  628,  377,  156,  387,  460,  243,  284,  408,  543,  291,  391,  311,  617,  414,  176,  117,  272,  601,  399,  516,  555,  375,  535,  424,  475,  151,  487,  517,  454,  342,  220,  522,   91,  239,  214,  483,  449,  272,  104,  588,  397,  470,  304,   14,  452,   88,  282,  176,  478,  301,  322,  353,  495,  227,  540,  546,  569,  592,  419,  644,  418,  443,  563,  494,  219,  254,  301,  612,  294,   72,  513,  506,  344,  266,  354,  461,  530,  632,  451,  446,  255,  423,  428,  540,  324,  204,  362,  273,  484,  348,  470,  429],
        [  636,    0,  288,    0,  391,  338,  377,  872,  640,  364,  569,  463,  741,  505,  341,  610,  340,  845,  730,  645,  661,  648,  430,  773,  556,  515,  163,  619,  336,  345,  261,  587,  494,  176,  462,  373,  785,  817,  406,  265,  589,  414,  253,  396,  224,  332,  392,  342,  416,  325,  354,  587,  465,   72,  289,  710,   56,  219,  828,  611,  512,  300,  669,  467,  471,  585,  498,  321,  425,  671,  777,  699,  169,  295,  505,  408,  561,  636,  207,  197,  177,  431,  195,  309,  816,  260,  545,  596,  371,  164,  381,  197,  393,  858,  681,  741,  810,  206,  276,  686,  551,  159,  227,  512,  467,  509,  152,  808,  198,  526,  256,  280,  695,  550,  390,  462,  543,  652,  280,  301,  586,  353,  412,  180,  191,  278,   43,  208,  725,  504,  803,  692,  399,  520,  147,  785,  704,  515,  283,  781,  295,  538,  265,  881,  443,  349,  756,  679,  631,  234,  178,  188,  559,  896,  711,  723,  337,  463,  547,  462,  492,  370,  647,  427,  312,  281,  183,  716],
        [  344,    0,  218,  391,    0,  727,  402,  534,  456,  599,  456,  385,  755,  403,  151,  238,  282,  502,  345,  489,  744,  612,  382,  415,  339,  306,  543,  249,  726,  670,  369,  309,  278,  217,  406,  200,  786,  855,   75,  637,  689,  702,  623,  785,  614,  589,  239,  248,  798,  582,  397,  200,   91,  426,  679,  497,  376,  340,  449,  224,  499,  590,  311,  478,   81,  214,  160,  528,  813,  628,  739,  463,  278,   96,  439,  516,  473,  506,  184,  552,  523,  446,  260,  321,  464,  213,  594,  381,  759,  443,  382,  208,   73,  483,  368,  670,  434,  548,  666,  324,  265,  324,  617,  733,  275,  543,  400,  508,  248,  302,  425,  648,  316,  245,  236,  477,  603,  269,  211,  214,  658,  152,   73,  212,  555,  508,  405,  325,  646,  348,  435,  745,  751,  445,  537,  841,  456,  237,  668,  489,  435,  261,  220,  518,   76,  175,  650,  695,  349,  467,  522,  578,  334,  526,  570,  385,  105,  640,  211,  403,  111,  417,  422,  483,  662,  262,  546,  443],
        [  936,    0,  589,  338,  727,    0,  589, 1180,  893,  398,  837,  700,  852,  779,  658,  947,  612, 1156, 1063,  882,  731,  813,  662, 1092,  863,  798,  214,  956,   40,  249,  521,  886,  783,  511,  689,  695,  899,  896,  736,  134,  665,  338,  198,   59,  116,  361,  705,  629,  103,  358,  566,  924,  802,  322,   53,  968,  355,  471, 1156,  944,  698,  306,  991,  696,  807,  922,  833,  419,   90,  837,  920,  970,  489,  632,  724,  545,  819,  860,  544,  214,  278,  627,  515,  593, 1132,  584,  676,  868,   35,  372,  606,  526,  730, 1184,  985,  912, 1137,  234,   65, 1009,  876,  439,  112,  485,  777,  663,  375, 1100,  508,  813,  441,  140, 1025,  861,  682,  691,  665,  989,  602,  603,  686,  669,  749,  517,  237,  385,  333,  497,  904,  767, 1126,  781,  198,  780,  194,  853,  980,  840,  124, 1070,  474,  841,  587, 1200,  780,  659,  948,  801,  926,  378,  246,  157,  868, 1219,  930, 1035,  673,  509,  880,  727,  830,  572,  918,  595,  187,  589,  244, 1001],
        [  394,    0,  192,  377,  402,  589,    0,  636,  307,  265,  808,  114,  386,  745,  252,  622,  120,  619,  612,  294,  347,  273,   77,  581,  724,  248,  514,  633,  610,  406,  577,  349,  247,  320,  100,  546,  426,  476,  348,  458,  287,  388,  603,  636,  510,  279,  583,  156,  611,  276,   25,  563,  488,  448,  562,  382,  322,  159,  673,  522,  137,  314,  501,  766,  448,  601,  561,  200,  649,  296,  405,  390,  441,  359,  137,  123,  814,  274,  333,  376,  550,   57,  450,  583,  608,  472,  200,  297,  609,  534,   27,  284,  462,  690,  448,  364,  650,  355,  550,  519,  664,  222,  507,  361,  645,  153,  239,  536,  231,  266,  149,  458,  564,  357,  187,  763,  206,  632,  487,  192,  260,  253,  470,  344,  554,  215,  419,  512,  348,  196,  624,  356,  505,  778,  465,  454,  404,  634,  603,  505,  116,  322,  482,  681,  478,  230,  381,  323,  379,  211,  346,  501,  722,  710,  346,  510,  447,  257,  612,  723,  500,   22,  341,   82,  435,  526,  548,  434],
        [  247,    0,  593,  872,  534, 1180,  636,    0,  370,  900,  913,  527,  745,  880,  531,  495,  573,   35,  267,  413,  826,  611,  561,  129,  761,  391, 1035,  499, 1190, 1036,  902,  296,  401,  707,  550,  712,  745,  838,  483, 1062,  813, 1023, 1123, 1234, 1078,  913,  744,  552, 1224,  910,  652,  439,  521,  927, 1141,  316,  836,  712,  191,  345,  607,  944,  225,  987,  471,  499,  569,  835, 1254,  606,  666,  277,  803,  611,  537,  742,  941,  455,  683,  972, 1033,  629,  789,  850,   81,  746,  710,  344, 1206,  965,  611,  678,  585,  166,  195,  586,  178,  957, 1127,  215,  657,  742, 1079,  976,  745,  674,  806,  123,  679,  375,  762, 1066,  255,  323,  499,  987,  726,  443,  743,  579,  765,  520,  570,  714, 1058,  844,  900,  857,  564,  441,  142,  789, 1134,  926, 1010,  852,  256,  658, 1153,  151,  742,  340,  753,   97,  538,  525,  525,  716,  259,  826,  939, 1052,  751,  137,  446,  152,  635,  870,  576,  901,  497,  657,  311,  680, 1056,  794, 1049,  213],
        [  187,    0,  364,  640,  456,  893,  307,  370,    0,  558,  911,  194,  394,  858,  350,  584,  301,  364,  459,   49,  459,  249,  232,  365,  785,  152,  795,  594,  912,  709,  771,  179,  181,  517,  208,  652,  405,  494,  381,  763,  444,  679,  886,  942,  807,  579,  692,  303,  918,  577,  329,  512,  507,  708,  863,   75,  591,  433,  473,  427,  243,  619,  333,  922,  447,  572,  583,  501,  956,  249,  334,   94,  641,  479,  182,  391,  928,   90,  510,  679,  816,  282,  639,  748,  371,  627,  341,   79,  914,  777,  288,  479,  528,  476,  228,  253,  449,  660,  851,  347,  695,  485,  806,  614,  730,  308,  528,  253,  450,  154,  453,  764,  413,  242,  264,  920,  357,  563,  635,  352,  395,  340,  524,  535,  829,  521,  678,  710,  228,  138,  413,  427,  808,  899,  754,  500,  115,  677,  896,  222,  422,  208,  638,  441,  510,  328,  210,  355,  168,  517,  648,  793,  779,  478,  121,  291,  548,  510,  620,  855,  501,  326,   67,  329,  741,  685,  822,  159],
        [  659,    0,  387,  364,  599,  398,  265,  900,  558,    0,  916,  375,  455,  850,  465,  835,  354,  884,  864,  534,  339,  426,  340,  844,  871,  512,  421,  846,  429,  162,  622,  613,  509,  430,  354,  681,  502,  504,  566,  268,  270,  123,  491,  430,  363,   39,  711,  387,  385,   45,  251,  786,  689,  421,  391,  632,  319,  260,  933,  764,  328,   94,  760,  828,  663,  812,  750,   73,  433,  449,  525,  648,  508,  524,  377,  170,  912,  504,  459,  224,  485,  277,  529,  660,  872,  579,  283,  559,  406,  519,  291,  412,  640,  952,  713,  523,  910,  200,  382,  778,  836,  291,  357,  150,  783,  280,  231,  798,  358,  530,  175,  259,  817,  616,  433,  824,  271,  857,  598,  395,  290,  471,  654,  451,  468,   96,  400,  564,  518,  460,  887,  386,  258,  872,  359,  464,  663,  802,  459,  767,  172,  583,  587,  946,  673,  451,  566,  404,  644,  142,  214,  377,  871,  974,  564,  774,  604,  116,  803,  814,  708,  243,  601,  231,  214,  619,  467,  696],
        [  783,    0,  620,  569,  456,  837,  808,  913,  911,  916,    0,  824, 1187,   66,  584,  425,  700,  879,  657,  944, 1151, 1053,  812,  785,  156,  761,  626,  423,  814,  913,  320,  756,  733,  499,  841,  267, 1223, 1282,  530,  816, 1087,  981,  653,  888,  733,  890,  228,  672,  936,  882,  794,  475,  415,  540,  785,  949,  601,  685,  762,  571,  928,  865,  699,  164,  475,  416,  350,  858,  923, 1071, 1184,  912,  409,  456,  879,  899,   35,  960,  479,  763,  559,  861,  387,  261,  834,  343, 1008,  835,  871,  467,  794,  529,  384,  800,  791, 1120,  760,  774,  776,  704,  259,  633,  740, 1065,  182,  960,  685,  926,  586,  757,  764,  833,  659,  688,  678,  169, 1013,  483,  325,  623, 1066,  590,  388,  475,  601,  822,  545,  362, 1096,  800,  781, 1164,  957,   60,  665, 1262,  901,  256,  726,  914,  792,  711,  333,  862,  406,  610, 1103, 1125,  791,  774,  747,  689,  166,  851, 1025,  786,  372,  996,  338,  111,  431,  816,  874,  886,  874,  297,  594,  881],
        [  292,    0,  215,  463,  385,  700,  114,  527,  194,  375,  824,    0,  370,  764,  241,  579,  135,  513,  531,  186,  373,  230,   38,  483,  722,  151,  610,  590,  719,  519,  630,  251,  160,  368,   27,  558,  402,  471,  318,  570,  330,  497,  701,  748,  616,  391,  597,  155,  724,  388,  135,  514,  462,  533,  671,  269,  410,  247,  581,  456,  118,  428,  413,  804,  412,  561,  539,  312,  762,  247,  361,  277,  494,  369,   55,  215,  835,  174,  370,  486,  639,  103,  498,  622,  506,  504,  225,  185,  721,  610,   94,  328,  453,  594,  346,  302,  557,  466,  658,  431,  648,  305,  614,  453,  650,  176,  338,  424,  286,  169,  259,  570,  482,  274,  150,  802,  238,  579,  516,  208,  290,  236,  457,  389,  647,  329,  503,  565,  280,   89,  528,  365,  618,  801,  566,  458,  291,  622,  707,  393,  229,  235,  515,  579,  456,  216,  301,  311,  275,  323,  455,  604,  718,  610,  249,  410,  453,  347,  586,  750,  467,  135,  228,  155,  549,  562,  641,  322],
        [  578,    0,  568,  741,  755,  852,  386,  745,  394,  455, 1187,  370,    0, 1126,  609,  940,  488,  746,  849,  345,  138,  151,  376,  757, 1091,  485,  849,  951,  883,  609,  961,  559,  506,  705,  350,  922,   48,  103,  687,  722,  190,  535,  930,  882,  810,  492,  960,  517,  831,  496,  404,  871,  830,  811,  844,  431,  686,  535,  866,  800,  259,  548,  723, 1151,  778,  923,  908,  448,  881,  146,  101,  475,  825,  732,  317,  335, 1196,  305,  717,  667,  901,  330,  835,  968,  760,  855,  197,  457,  859,  904,  395,  669,  823,  867,  622,  163,  842,  643,  835,  738, 1018,  598,  805,  403, 1017,  236,  590,  622,  616,  498,  485,  713,  801,  608,  519, 1148,  200,  931,  870,  565,  166,  605,  827,  729,  895,  491,  783,  895,  183,  423,  805,   80,  694, 1160,  791,  108,  498,  992,  908,  596,  446,  568,  866,  826,  825,  584,  229,   64,  559,  521,  648,  817, 1087,  865,  300,  684,  819,  345,  954, 1106,  834,  383,  460,  318,  667,  911,  891,  545],
        [  736,    0,  558,  505,  403,  779,  745,  880,  858,  850,   66,  764, 1126,    0,  526,  400,  638,  846,  630,  889, 1088,  993,  751,  751,  144,  707,  567,  400,  758,  849,  260,  707,  678,  434,  780,  208, 1162, 1220,  477,  755, 1023,  916,  599,  832,  674,  825,  168,  611,  877,  817,  731,  444,  370,  477,  727,  898,  536,  620,  737,  536,  867,  800,  662,  137,  429,  389,  312,  793,  866, 1011, 1125,  863,  344,  396,  819,  835,   72,  904,  415,  700,  502,  799,  322,  197,  801,  278,  945,  783,  814,  408,  732,  465,  331,  775,  749, 1062,  733,  710,  717,  668,  236,  568,  681, 1000,  136,  897,  619,  885,  522,  704,  699,  771,  628,  640,  620,  140,  950,  460,  261,  561, 1003,  532,  337,  410,  545,  757,  482,  299, 1038,  744,  752, 1101,  894,   47,  604, 1199,  854,  225,  671,  872,  727,  661,  268,  834,  359,  551, 1047, 1063,  744,  709,  683,  630,  154,  826,  970,  748,  313,  931,  310,   56,  389,  752,  823,  822,  811,  232,  537,  835],
        [  299,    0,   80,  341,  151,  658,  252,  531,  350,  465,  584,  241,  609,  526,    0,  375,  132,  504,  414,  373,  594,  470,  234,  435,  482,  201,  504,  386,  665,  558,  423,  251,  174,  181,  260,  318,  642,  708,  102,  550,  538,  577,  593,  715,  551,  461,  358,   97,  715,  455,  248,  321,  237,  397,  615,  406,  307,  215,  500,  304,  351,  472,  334,  576,  201,  353,  310,  393,  738,  487,  600,  384,  297,  133,  295,  368,  597,  382,  166,  461,  505,  295,  291,  399,  477,  278,  444,  285,  687,  446,  231,  148,  215,  527,  341,  537,  481,  451,  602,  351,  415,  223,  553,  593,  410,  393,  296,  472,  151,  206,  293,  558,  372,  209,   95,  574,  452,  392,  287,   71,  507,   12,  221,  194,  528,  380,  370,  363,  513,  222,  468,  595,  647,  564,  481,  692,  383,  386,  623,  446,  296,  200,  289,  543,  226,   26,  524,  548,  295,  345,  428,  523,  479,  561,  452,  382,  213,  496,  361,  515,  250,  267,  334,  333,  561,  337,  520,  386],
        [  415,    0,  451,  610,  238,  947,  622,  495,  584,  835,  425,  579,  940,  400,  375,    0,  503,  461,  233,  627,  951,  790,  587,  367,  270,  457,  749,   12,  941,  907,  507,  406,  435,  444,  604,  286,  964, 1042,  275,  867,  902,  940,  819, 1005,  832,  826,  303,  467, 1024,  820,  621,   72,  150,  632,  896,  597,  604,  577,  338,  167,  697,  828,  296,  524,  175,   25,  121,  763, 1035,  801,  906,  552,  467,  325,  627,  742,  455,  656,  410,  784,  714,  658,  442,  434,  414,  376,  801,  506,  980,  622,  599,  443,  218,  376,  405,  829,  336,  782,  884,  296,  167,  561,  836,  967,  274,  751,  636,  525,  486,  446,  661,  879,  241,  343,  440,  525,  812,   61,  362,  444,  867,  372,  199,  433,  752,  745,  616,  488,  803,  518,  358,  943,  986,  446,  754, 1035,  536,  177,  874,  520,  669,  379,  377,  438,  170,  395,  793,  885,  429,  705,  755,  793,  260,  427,  705,  382,  275,  870,   94,  432,  128,  639,  529,  701,  896,  398,  743,  504],
        [  327,    0,   82,  340,  282,  612,  120,  573,  301,  354,  700,  135,  488,  638,  132,  503,    0,  551,  510,  308,  463,  358,  115,  499,  608,  187,  495,  515,  626,  469,  495,  278,  173,  233,  146,  435,  524,  584,  229,  490,  407,  472,  587,  665,  517,  357,  473,   37,  652,  352,  118,  446,  368,  408,  576,  371,  290,  141,  582,  412,  229,  378,  409,  672,  329,  482,  441,  282,  683,  377,  491,  364,  359,  245,  187,  239,  709,  303,  236,  401,  516,  165,  363,  489,  533,  372,  314,  261,  637,  480,  100,  193,  344,  603,  379,  436,  560,  385,  563,  428,  545,  185,  516,  470,  532,  264,  238,  489,  153,  201,  193,  494,  464,  267,   80,  669,  322,  516,  385,   78,  377,  133,  351,  254,  529,  280,  378,  431,  415,  165,  539,  468,  565,  674,  457,  565,  372,  515,  601,  459,  183,  238,  383,  605,  358,  110,  436,  426,  316,  255,  368,  498,  605,  630,  378,  434,  333,  370,  492,  621,  380,  136,  311,  201,  485,  429,  522,  390],
        [  226,    0,  568,  845,  502, 1156,  619,   35,  364,  884,  879,  513,  746,  846,  504,  461,  551,    0,  233,  409,  822,  609,  545,   95,  727,  373, 1007,  465, 1165, 1017,  870,  274,  380,  678,  536,  678,  749,  841,  453, 1039,  806, 1006, 1095, 1211, 1053,  896,  710,  529, 1202,  892,  634,  405,  487,  898, 1116,  315,  810,  689,  163,  311,  597,  925,  192,  953,  438,  465,  535,  817, 1231,  606,  670,  274,  772,  580,  526,  727,  907,  451,  654,  949, 1004,  615,  758,  817,   47,  714,  702,  331, 1183,  935,  594,  650,  552,  143,  173,  590,  148,  935, 1102,  182,  623,  718, 1054,  963,  711,  664,  783,  129,  653,  356,  741, 1044,  221,  296,  476,  953,  718,  409,  711,  554,  758,  493,  537,  684, 1030,  825,  872,  825,  567,  425,  111,  787, 1114,  892,  984,  853,  251,  624, 1127,  152,  723,  316,  721,   82,  505,  499,  529,  714,  240,  805,  916, 1026,  717,  122,  448,  123,  603,  857,  542,  867,  463,  641,  302,  666, 1035,  762, 1021,  206],
        [  272,    0,  492,  730,  345, 1063,  612,  267,  459,  864,  657,  531,  849,  630,  414,  233,  510,  233,    0,  508,  893,  699,  553,  144,  502,  383,  886,  236, 1065,  970,  695,  292,  372,  555,  557,  485,  863,  950,  327,  961,  859,  981,  967, 1120,  951,  865,  511,  478, 1126,  860,  619,  189,  298,  770, 1017,  446,  708,  627,  110,  121,  642,  882,  127,  747,  267,  242,  325,  792, 1146,  704,  793,  397,  621,  439,  566,  733,  687,  545,  525,  873,  868,  629,  601,  632,  187,  546,  752,  392, 1093,  786,  585,  538,  373,  148,  236,  711,  104,  864, 1003,  112,  399,  635,  954,  973,  498,  705,  709,  321,  560,  366,  698,  970,   50,  258,  432,  747,  766,  178,  538,  480,  816,  405,  355,  554,  900,  786,  748,  661,  686,  449,  127,  871, 1060,  675,  876,  953,  376,  405, 1011,  325,  692,  297,  550,  206,  319,  421,  663,  803,  291,  755,  840,  918,  492,  197,  572,  187,  432,  868,  321,  657,  270,  633,  394,  680,  974,  583,  891,  334],
        [  236,    0,  377,  645,  489,  882,  294,  413,   49,  534,  944,  186,  345,  889,  373,  627,  308,  409,  508,    0,  414,  201,  222,  413,  822,  183,  795,  637,  903,  689,  790,  225,  212,  532,  194,  682,  356,  445,  414,  751,  402,  654,  886,  929,  801,  557,  722,  314,  902,  556,  317,  556,  545,  714,  855,  103,  593,  432,  522,  473,  211,  600,  382,  948,  486,  614,  622,  481,  941,  201,  286,  136,  657,  504,  160,  365,  960,   42,  528,  669,  821,  261,  657,  771,  418,  651,  302,  122,  902,  787,  278,  493,  561,  524,  277,  206,  498,  649,  843,  396,  734,  487,  799,  580,  763,  273,  524,  293,  459,  189,  442,  750,  461,  285,  283,  946,  318,  609,  659,  366,  354,  364,  559,  551,  831,  505,  684,  728,  180,  152,  461,  380,  788,  930,  751,  451,  158,  715,  892,  264,  409,  249,  661,  487,  546,  350,  167,  307,  217,  505,  639,  789,  816,  525,   82,  340,  578,  478,  660,  884,  540,  312,  115,  304,  725,  709,  825,  204],
        [  630,    0,  538,  661,  744,  731,  347,  826,  459,  339, 1151,  373,  138, 1088,  594,  951,  463,  822,  893,  414,    0,  217,  365,  819, 1070,  513,  752,  962,  765,  485,  899,  602,  528,  656,  348,  891,  180,  165,  684,  605,   73,  405,  827,  758,  701,  378,  928,  497,  703,  383,  358,  886,  827,  728,  729,  512,  607,  474,  925,  827,  256,  433,  769, 1097,  781,  932,  902,  348,  755,  227,  234,  549,  767,  705,  330,  258, 1156,  372,  673,  560,  809,  299,  781,  916,  829,  811,  151,  507,  736,  825,  364,  623,  807,  932,  680,  277,  901,  536,  721,  786, 1008,  533,  695,  268,  991,  202,  510,  705,  567,  529,  408,  595,  844,  640,  514, 1094,  142,  951,  828,  538,   87,  593,  814,  680,  798,  392,  703,  834,  288,  447,  867,   59,  565, 1118,  690,  127,  572,  978,  797,  676,  372,  599,  822,  900,  818,  570,  341,  122,  611,  430,  545,  713, 1067,  936,  391,  744,  793,  224,  952, 1062,  835,  337,  523,  267,  545,  863,  795,  617],
        [  429,    0,  439,  648,  612,  813,  273,  611,  249,  426, 1053,  230,  151,  993,  470,  790,  358,  609,  699,  201,  217,    0,  244,  612,  950,  334,  775,  801,  841,  588,  846,  409,  356,  585,  213,  787,  176,  254,  543,  680,  221,  531,  862,  852,  754,  458,  826,  383,  811,  459,  296,  721,  684,  719,  797,  296,  592,  431,  721,  649,  137,  510,  573, 1028,  631,  774,  762,  395,  857,   24,  134,  335,  709,  598,  175,  269, 1064,  160,  593,  612,  818,  217,  717,  845,  619,  729,  146,  307,  826,  807,  276,  547,  681,  724,  475,   99,  697,  588,  786,  589,  873,  495,  750,  426,  879,  151,  503,  490,  498,  348,  401,  675,  651,  457,  378, 1026,  160,  781,  742,  434,  173,  465,  684,  608,  818,  432,  690,  781,   93,  273,  661,  179,  682, 1029,  721,  254,  358,  848,  851,  461,  362,  417,  740,  688,  681,  445,  144,  107,  410,  451,  587,  753,  945,  725,  175,  539,  682,  338,  807,  978,  687,  278,  315,  227,  636,  786,  813,  404],
        [  322,    0,  196,  430,  382,  662,   77,  561,  232,  340,  812,   38,  376,  751,  234,  587,  115,  545,  553,  222,  365,  244,    0,  511,  716,  178,  575,  598,  682,  482,  606,  279,  182,  344,   33,  546,  411,  474,  319,  532,  317,  463,  666,  711,  579,  355,  585,  141,  687,  352,   98,  523,  463,  501,  633,  307,  377,  213,  607,  472,  118,  391,  437,  786,  416,  567,  539,  276,  724,  263,  377,  314,  470,  357,   77,  185,  822,  207,  350,  449,  606,   77,  475,  603,  536,  486,  215,  221,  683,  581,   57,  306,  448,  622,  377,  323,  584,  429,  621,  456,  646,  272,  577,  425,  642,  165,  303,  460,  260,  196,  221,  533,  504,  296,  149,  783,  226,  590,  499,  191,  280,  231,  454,  367,  613,  292,  471,  541,  304,  121,  556,  363,  581,  787,  530,  459,  327,  619,  670,  428,  192,  258,  497,  610,  455,  209,  329,  315,  306,  285,  418,  567,  712,  640,  282,  439,  443,  319,  588,  735,  470,   98,  264,  128,  511,  543,  607,  358],
        [  193,    0,  504,  773,  415, 1092,  581,  129,  365,  844,  785,  483,  757,  751,  435,  367,  499,   95,  144,  413,  819,  612,  511,    0,  632,  334,  934,  372, 1099,  968,  782,  233,  335,  602,  507,  586,  765,  856,  372,  980,  795,  965, 1020, 1148,  986,  852,  617,  473, 1144,  847,  593,  310,  395,  823, 1050,  333,  741,  632,  110,  216,  580,  877,  106,  860,  348,  370,  441,  775, 1170,  613,  690,  286,  689,  498,  505,  696,  812,  454,  576,  890,  926,  585,  674,  727,   51,  627,  688,  313, 1120,  853,  555,  577,  462,  113,  140,  608,   87,  877, 1036,   92,  528,  654,  987,  935,  617,  646,  723,  181,  585,  316,  692,  986,  126,  234,  421,  860,  704,  316,  623,  491,  749,  424,  446,  606,  954,  777,  797,  740,  584,  395,   49,  790, 1063,  798,  915,  863,  263,  529, 1056,  190,  678,  262,  634,  109,  413,  433,  553,  719,  211,  754,  857,  957,  623,  131,  466,   75,  515,  829,  447,  773,  370,  602,  299,  637,  982,  673,  945,  217],
        [  644,    0,  532,  556,  339,  863,  724,  761,  785,  871,  156,  722, 1091,  144,  482,  270,  608,  727,  502,  822, 1070,  950,  716,  632,    0,  639,  649,  268,  846,  896,  349,  621,  612,  442,  741,  190, 1123, 1189,  411,  818, 1010,  952,  696,  918,  751,  851,  165,  576,  955,  843,  714,  323,  280,  546,  810,  816,  575,  622,  607,  421,  833,  835,  551,  279,  340,  263,  206,  807,  951,  966, 1077,  777,  388,  366,  776,  827,  187,  842,  414,  752,  593,  773,  362,  273,  681,  299,  922,  708,  897,  496,  707,  464,  269,  645,  647, 1008,  605,  757,  799,  554,  105,  580,  757, 1018,   90,  872,  643,  779,  520,  633,  706,  834,  506,  553,  573,  282,  929,  328,  279,  533,  984,  486,  266,  420,  636,  776,  542,  366,  984,  686,  627, 1076,  954,  185,  676, 1173,  765,  110,  764,  769,  728,  580,  292,  707,  276,  508,  985, 1030,  654,  729,  729,  707,   11,  696,  903,  638,  278,  937,  186,  190,  290,  735,  743,  804,  867,  277,  627,  741],
        [  147,    0,  229,  515,  306,  798,  248,  391,  152,  512,  761,  151,  485,  707,  201,  457,  187,  373,  383,  183,  513,  334,  178,  334,  639,    0,  675,  468,  812,  645,  623,  102,   29,  376,  177,  501,  508,  587,  232,  675,  477,  635,  766,  851,  702,  523,  541,  174,  837,  520,  262,  388,  363,  579,  763,  205,  470,  328,  430,  318,  260,  553,  262,  771,  306,  442,  441,  445,  869,  344,  449,  186,  496,  328,  184,  362,  778,  204,  365,  587,  688,  253,  492,  597,  360,  477,  370,   85,  823,  640,  222,  339,  378,  445,  201,  374,  407,  571,  749,  280,  553,  368,  702,  602,  580,  323,  424,  302,  319,   19,  371,  679,  334,  128,  126,  769,  384,  447,  484,  216,  434,  191,  376,  392,  706,  453,  550,  564,  349,   67,  379,  496,  743,  748,  641,  583,  190,  533,  785,  273,  351,   87,  487,  434,  364,  182,  347,  433,  133,  436,  554,  682,  634,  463,  265,  263,  397,  496,  482,  703,  361,  270,  135,  304,  666,  535,  698,  204],
        [  799,    0,  449,  163,  543,  214,  514, 1035,  795,  421,  626,  610,  849,  567,  504,  749,  495, 1007,  886,  795,  752,  775,  575,  934,  649,  675,    0,  757,  198,  335,  308,  749,  655,  334,  606,  486,  896,  914,  565,  209,  680,  424,   92,  269,  109,  383,  494,  501,  311,  377,  490,  733,  610,  118,  161,  866,  205,  364,  986,  766,  644,  334,  830,  490,  623,  725,  632,  405,  303,  799,  898,  858,  284,  448,  648,  516,  609,  782,  363,  200,   75,  564,  309,  379,  978,  378,  656,  754,  249,  160,  523,  358,  534, 1017,  843,  871,  969,  222,  151,  847,  666,  310,  116,  554,  565,  629,  276,  970,  359,  686,  374,  227,  853,  712,  551,  486,  651,  795,  395,  463,  687,  515,  554,  333,   48,  361,  139,  284,  858,  659,  963,  791,  347,  569,   64,  878,  864,  631,  126,  943,  414,  700,  379, 1042,  587,  511,  894,  791,  792,  329,  208,   66,  655, 1056,  856,  885,  475,  535,  676,  516,  638,  503,  805,  549,  280,  377,   47,  877],
        [  424,    0,  462,  619,  249,  956,  633,  499,  594,  846,  423,  590,  951,  400,  386,   12,  515,  465,  236,  637,  962,  801,  598,  372,  268,  468,  757,    0,  950,  917,  512,  416,  445,  454,  615,  292,  975, 1053,  286,  876,  913,  951,  826, 1014,  840,  837,  307,  478, 1034,  830,  632,   82,  160,  640,  905,  606,  614,  588,  340,  176,  708,  839,  303,  525,  186,   35,  127,  774, 1043,  812,  916,  561,  474,  335,  638,  753,  453,  667,  420,  794,  722,  669,  450,  439,  419,  383,  812,  516,  989,  629,  610,  453,  227,  378,  413,  839,  338,  792,  892,  302,  165,  572,  845,  978,  276,  762,  647,  532,  496,  456,  672,  889,  246,  353,  451,  526,  823,   61,  369,  455,  878,  383,  208,  443,  759,  756,  625,  494,  813,  528,  362,  954,  996,  445,  763, 1046,  545,  178,  882,  527,  680,  390,  384,  441,  180,  406,  803,  896,  438,  716,  765,  801,  258,  429,  714,  389,  283,  882,   96,  433,  139,  650,  539,  712,  906,  404,  750,  513],
        [  947,    0,  598,  336,  726,   40,  610, 1190,  912,  429,  814,  719,  883,  758,  665,  941,  626, 1165, 1065,  903,  765,  841,  682, 1099,  846,  812,  198,  950,    0,  284,  502,  897,  796,  511,  709,  683,  931,  930,  739,  163,  698,  375,  167,   75,  114,  392,  691,  641,  136,  389,  586,  921,  799,  311,   50,  986,  359,  485, 1160,  946,  722,  337,  997,  670,  806,  917,  826,  446,  110,  865,  950,  986,  479,  631,  746,  572,  795,  882,  543,  235,  256,  650,  505,  575, 1140,  574,  705,  884,   63,  353,  626,  528,  725, 1189,  996,  940, 1142,  256,   64, 1015,  864,  449,  113,  522,  762,  690,  389, 1113,  514,  826,  462,  171, 1028,  870,  694,  665,  695,  985,  592,  612,  718,  676,  744,  515,  214,  410,  326,  481,  931,  784, 1132,  814,  237,  756,  190,  888,  996,  828,   92, 1084,  496,  851,  576, 1208,  777,  667,  974,  832,  938,  400,  265,  149,  852, 1225,  953, 1044,  667,  542,  872,  705,  827,  593,  934,  620,  222,  575,  222, 1015],
        [  791,    0,  479,  345,  670,  249,  406, 1036,  709,  162,  913,  519,  609,  849,  558,  907,  469, 1017,  970,  689,  485,  588,  482,  968,  896,  645,  335,  917,  284,    0,  599,  743,  638,  470,  502,  709,  656,  648,  654,  136,  421,   94,  383,  274,  247,  133,  731,  497,  224,  134,  387,  867,  758,  379,  255,  784,  322,  344, 1049,  861,  487,   93,  877,  801,  743,  883,  808,  208,  273,  611,  684,  795,  511,  583,  530,  328,  903,  660,  503,  151,  409,  428,  536,  653, 1001,  598,  444,  702,  251,  470,  428,  465,  697, 1072,  844,  685, 1028,  140,  250,  895,  879,  347,  240,  238,  806,  441,  271,  940,  423,  662,  277,  121,  926,  735,  548,  796,  432,  937,  618,  491,  446,  566,  714,  487,  380,  193,  369,  551,  680,  599, 1008,  536,  100,  862,  275,  606,  809,  843,  334,  909,  295,  707,  604, 1074,  739,  550,  728,  562,  778,  216,  168,  276,  898, 1099,  724,  902,  651,  265,  861,  805,  780,  385,  746,  387,   64,  625,  382,  839],
        [  702,    0,  417,  261,  369,  521,  577,  902,  771,  622,  320,  630,  961,  260,  423,  507,  495,  870,  695,  790,  899,  846,  606,  782,  349,  623,  308,  512,  502,  599,    0,  661,  596,  263,  639,  221, 1002, 1047,  427,  498,  829,  673,  347,  575,  415,  592,  211,  479,  618,  585,  558,  515,  398,  222,  468,  828,  304,  428,  804,  578,  711,  560,  679,  206,  436,  485,  387,  574,  609,  868,  980,  804,  137,  303,  681,  641,  306,  793,  263,  449,  246,  634,  133,   79,  832,  157,  768,  707,  556,  150,  572,  302,  324,  840,  732,  929,  793,  462,  459,  691,  387,  366,  422,  771,  272,  726,  398,  872,  349,  627,  493,  515,  675,  603,  508,  202,  769,  562,  160,  426,  818,  433,  341,  241,  289,  533,  231,   66,  909,  639,  798,  922,  638,  266,  346, 1019,  801,  354,  417,  851,  527,  609,  149,  883,  376,  443,  930,  898,  704,  487,  436,  371,  356,  886,  867,  754,  268,  716,  419,  210,  426,  578,  755,  644,  557,  112,  281,  798],
        [   50,    0,  302,  587,  309,  886,  349,  296,  179,  613,  756,  251,  559,  707,  251,  406,  278,  274,  292,  225,  602,  409,  279,  233,  621,  102,  749,  416,  897,  743,  661,    0,  106,  432,  276,  508,  576,  661,  239,  766,  571,  736,  840,  940,  786,  623,  547,  258,  929,  619,  363,  335,  343,  647,  848,  196,  547,  417,  331,  249,  354,  651,  168,  787,  282,  395,  416,  545,  960,  415,  510,  157,  543,  359,  278,  464,  776,  259,  415,  677,  755,  353,  534,  623,  260,  507,  463,  104,  912,  697,  323,  399,  378,  344,  102,  430,  307,  662,  834,  185,  527,  450,  786,  703,  574,  419,  512,  221,  391,   84,  467,  771,  244,   69,  205,  786,  478,  384,  510,  288,  526,  240,  370,  444,  776,  551,  619,  606,  404,  163,  278,  579,  840,  751,  721,  662,  147,  512,  865,  196,  450,   53,  516,  333,  350,  240,  389,  512,   44,  531,  644,  762,  614,  362,  300,  161,  411,  597,  448,  712,  332,  371,  124,  405,  761,  562,  768,  138],
        [  155,    0,  207,  494,  278,  783,  247,  401,  181,  509,  733,  160,  506,  678,  174,  435,  173,  380,  372,  212,  528,  356,  182,  335,  612,   29,  655,  445,  796,  638,  596,  106,    0,  351,  186,  472,  530,  609,  203,  662,  489,  631,  746,  837,  685,  518,  512,  156,  825,  514,  259,  366,  336,  557,  746,  233,  451,  313,  427,  300,  273,  546,  256,  742,  279,  419,  414,  441,  856,  367,  474,  211,  470,  300,  199,  365,  749,  231,  339,  573,  666,  258,  465,  569,  364,  449,  383,  112,  809,  615,  221,  314,  350,  444,  207,  400,  404,  558,  733,  274,  527,  350,  685,  605,  552,  335,  409,  318,  297,   33,  362,  666,  324,  115,  104,  741,  396,  427,  456,  194,  447,  163,  348,  366,  684,  446,  528,  537,  375,   84,  378,  514,  734,  720,  623,  603,  213,  506,  767,  289,  345,   76,  459,  438,  337,  156,  374,  452,  144,  426,  540,  664,  606,  465,  293,  266,  368,  500,  456,  675,  335,  269,  161,  309,  656,  507,  676,  223],
        [  479,    0,  156,  176,  217,  511,  320,  707,  517,  430,  499,  368,  705,  434,  181,  444,  233,  678,  555,  532,  656,  585,  344,  602,  442,  376,  334,  454,  511,  470,  263,  432,  351,    0,  377,  252,  745,  795,  232,  424,  590,  516,  419,  569,  398,  411,  283,  219,  583,  403,  303,  415,  296,  221,  464,  580,  161,  186,  653,  435,  452,  400,  498,  446,  296,  419,  339,  366,  597,  606,  719,  561,  127,  121,  419,  401,  501,  533,   34,  341,  327,  376,  132,  263,  647,  157,  517,  460,  543,  266,  312,   40,  229,  684,  519,  667,  636,  340,  450,  514,  412,  139,  401,  576,  354,  471,  205,  652,   90,  383,  267,  435,  520,  387,  254,  443,  520,  482,  175,  167,  572,  193,  247,   25,  353,  335,  196,  198,  647,  382,  630,  673,  544,  463,  322,  771,  562,  376,  457,  627,  293,  380,  167,  710,  275,  196,  668,  642,  476,  288,  312,  364,  442,  723,  607,  556,  181,  500,  391,  407,  322,  324,  510,  393,  454,  208,  344,  566],
        [  316,    0,  227,  462,  406,  689,  100,  550,  208,  354,  841,   27,  350,  780,  260,  604,  146,  536,  557,  194,  348,  213,   33,  507,  741,  177,  606,  615,  709,  502,  639,  276,  186,  377,    0,  575,  383,  449,  340,  558,  305,  477,  697,  736,  608,  372,  614,  170,  710,  370,  123,  538,  484,  533,  661,  283,  409,  245,  606,  482,   95,  411,  438,  817,  435,  585,  561,  294,  749,  232,  346,  294,  502,  385,   44,  192,  851,  176,  382,  475,  638,   80,  508,  634,  530,  517,  200,  207,  708,  613,   85,  338,  473,  619,  370,  291,  582,  455,  649,  457,  670,  304,  606,  429,  669,  150,  333,  444,  293,  194,  248,  557,  508,  300,  171,  814,  212,  604,  530,  221,  265,  256,  478,  399,  645,  313,  503,  574,  271,  113,  553,  341,  601,  817,  560,  436,  310,  643,  700,  413,  216,  261,  528,  603,  478,  234,  296,  290,  299,  311,  445,  597,  738,  635,  250,  434,  471,  323,  609,  765,  490,  119,  247,  131,  534,  574,  639,  343],
        [  542,    0,  355,  373,  200,  695,  546,  712,  652,  681,  267,  558,  922,  208,  318,  286,  435,  678,  485,  682,  891,  787,  546,  586,  190,  501,  486,  292,  683,  709,  221,  508,  472,  252,  575,    0,  957, 1018,  273,  638,  828,  763,  546,  752,  581,  661,   40,  406,  783,  653,  533,  299,  192,  374,  643,  696,  388,  434,  594,  373,  663,  646,  488,  281,  243,  265,  167,  617,  784,  805,  918,  662,  208,  190,  612,  643,  279,  696,  225,  567,  441,  597,  181,  150,  636,  114,  745,  578,  730,  345,  531,  275,  132,  631,  560,  854,  585,  572,  631,  497,  181,  391,  586,  828,  103,  696,  454,  700,  333,  499,  518,  653,  470,  443,  412,  280,  751,  343,   94,  358,  805,  325,  144,  230,  481,  586,  366,  209,  831,  536,  596,  901,  771,  248,  504,  998,  655,  145,  608,  683,  541,  460,  109,  680,  174,  344,  840,  860,  548,  539,  544,  539,  191,  680,  763,  570,  106,  749,  200,  204,  218,  555,  621,  625,  683,  115,  472,  641],
