{
    "name": "random-64-15929",
    "comment": "size=64 seed=15929",
    "nodes": ["+0", "-0", "+1", "-1", "+2", "-2", "+3", "-3", "+4", "-4", "+5", "-5", "+6", "-6", "+7", "-7", "+8", "-8", "+9", "-9", "+10", "-10", "+11", "-11", "+12", "-12", "+13", "-13", "+14", "-14", "+15", "-15", "+16", "-16", "+17", "-17", "+18", "-18", "+19", "-19", "+20", "-20", "+21", "-21", "+22", "-22", "+23", "-23", "+24", "-24", "+25", "-25", "+26", "-26", "+27", "-27", "+28", "-28", "+29", "-29", "+30", "-30", "+31", "-31", "+32", "-32", "+33", "-33", "+34", "-34", "+35", "-35", "+36", "-36", "+37", "-37", "+38", "-38", "+39", "-39", "+40", "-40", "+41", "-41", "+42", "-42", "+43", "-43", "+44", "-44", "+45", "-45", "+46", "-46", "+47", "-47", "+48", "-48", "+49", "-49", "+50", "-50", "+51", "-51", "+52", "-52", "+53", "-53", "+54", "-54", "+55", "-55", "+56", "-56", "+57", "-57", "+58", "-58", "+59", "-59", "+60", "-60", "+61", "-61", "+62", "-62", "+63", "-63", "+64", "-64"],
    "precedence": {
        "+0": "-0",
        "+1": "-1",
        "+2": "-2",
        "+3": "-3",
        "+4": "-4",
        "+5": "-5",
        "+6": "-6",
        "+7": "-7",
        "+8": "-8",
        "+9": "-9",
        "+10": "-10",
        "+11": "-11",
        "+12": "-12",
        "+13": "-13",
        "+14": "-14",
        "+15": "-15",
        "+16": "-16",
        "+17": "-17",
        "+18": "-18",
        "+19": "-19",
        "+20": "-20",
        "+21": "-21",
        "+22": "-22",
        "+23": "-23",
        "+24": "-24",
        "+25": "-25",
        "+26": "-26",
        "+27": "-27",
        "+28": "-28",
        "+29": "-29",
        "+30": "-30",
        "+31": "-31",
        "+32": "-32",
        "+33": "-33",
        "+34": "-34",
        "+35": "-35",
        "+36": "-36",
        "+37": "-37",
        "+38": "-38",
        "+39": "-39",
        "+40": "-40",
        "+41": "-41",
        "+42": "-42",
        "+43": "-43",
        "+44": "-44",
        "+45": "-45",
        "+46": "-46",
        "+47": "-47",
        "+48": "-48",
        "+49": "-49",
        "+50": "-50",
        "+51": "-51",
        "+52": "-52",
        "+53": "-53",
        "+54": "-54",
        "+55": "-55",
        "+56": "-56",
        "+57": "-57",
        "+58": "-58",
        "+59": "-59",
        "+60": "-60",
        "+61": "-61",
        "+62": "-62",
        "+63": "-63",
        "+64": "-64"
    },
    "edges": [
        [    0,    0,  311,  217,  765,  272,  762,  487,  652,  917,  454,  773,  459,  749,  662,  735,  518,  427,  492,  357,  824,  747,  444,  915,  640,  743,  474,  558,  589,  703,  494,  611,  175, 1020,  678,  849,  512,  528,  705,  752,  218,  591,  454,  818,  653,  303,  706,  704,  479,  668,  702,  583,  355,  683,  536,  916,  556,  692,  332,  142,  992,  287,  873,  722,  698,  652,  504,   32,  220,  379,  272,  288,  691,  822,  611, 1011,  613,  575,  198,  597,  199,  492,  844,  492,  230,  338,  531,  746,  516,  630,  276,  860,  147,  696,  676,  818,  159,  704,  340,  890,  537,  699,  518,  814,  190,  327,  505,   68,  100,  401,  920,  577,  683,  705,  353,  141,  120,  245,  326,  586,  907,  623,  243,  104,  208,  498,  230,  683,  695,  944],
        [    0,    0,    0,    0,    0,    0,    0,    0,    0,    0,    0,    0,    0,    0,    0,    0,    0,    0,    0,    0,    0,    0,    0,    0,    0,    0,    0,    0,    0,    0,    0,    0,    0,    0,    0,    0,    0,    0,    0,    0,    0,    0,    0,    0,    0,    0,    0,    0,    0,    0,    0,    0,    0,    0,    0,    0,    0,    0,    0,    0,    0,    0,    0,    0,    0,    0,    0,    0,    0,    0,    0,    0,    0,    0,    0,    0,    0,    0,    0,    0,    0,    0,    0,    0,    0,    0,    0,    0,    0,    0,    0,    0,    0,    0,    0,    0,    0,    0,    0,    0,    0,    0,    0,    0,    0,    0,    0,    0,    0,    0,    0,    0,    0,    0,    0,    0,    0,    0,    0,    0,    0,    0,    0,    0,    0,    0,    0,    0,    0,    0],
        [  311,    0,    0,  251,  620,  361,  458,  209,  341,  607,  430,  471,  461,  543,  558,  480,  462,  128,  275,  282,  525,  458,  477,  613,  330,  517,  190,  250,  328,  421,  187,  523,  425,  715,  454,  566,  310,  345,  394,  529,  317,  289,  260,  510,  448,  172,  507,  440,  286,  542,  398,  416,  121,  417,  316,  616,  506,  381,  424,  444,  685,  302,  579,  425,  429,  342,  269,  311,  400,  441,  557,   97,  380,  690,  472,  706,  407,  397,  327,  379,  394,  493,  536,  223,  345,  253,  221,  436,  233,  456,  289,  558,  168,  600,  418,  518,  204,  398,  214,  586,  241,  411,  370,  506,  442,  201,  249,  289,  398,  402,  612,  283,  633,  441,  250,  183,  235,  316,  427,  305,  596,  475,  148,  208,  303,  279,  378,  382,  479,  636],
        [  217,    0,  251,    0,  549,  112,  626,  459,  543,  821,  246,  706,  261,  542,  764,  548,  641,  375,  304,  455,  674,  586,  259,  767,  554,  542,  334,  440,  415,  538,  382,  721,  217,  940,  478,  812,  314,  577,  606,  550,  385,  527,  492,  730,  449,  126,  499,  690,  519,  452,  567,  645,  357,  667,  559,  765,  683,  584,  178,  283,  907,  423,  818,  573,  522,  563,  515,  192,  421,  206,  354,  299,  591,  606,  395,  930,  410,  366,   85,  623,  403,  641,  714,  473,  406,  428,  424,  629,  368,  688,   63,  789,  197,  804,  668,  670,  266,  572,  407,  814,  401,  539,  589,  685,  231,  391,  336,  255,  245,  544,  832,  434,  815,  691,  436,  130,  103,  402,  180,  429,  796,  698,  105,  175,  370,  521,  132,  543,  724,  812],
        [  765,    0,  620,  549,    0,  531,  553,  735,  603,  797,  344,  796,  365,  165, 1159,  315, 1079,  660,  351,  901,  531,  448,  408,  593,  664,  222,  479,  546,  368,  415,  547, 1132,  718,  928,  234,  939,  314,  928,  656,  213,  901,  699,  855,  759,  204,  489,  162,  901,  874,  100,  533,  999,  730,  881,  877,  578, 1123,  623,  511,  811,  891,  911,  904,  487,  364,  662,  829,  740,  957,  463,  829,  716,  647,   73,  156,  917,  234,  225,  592,  926,  942, 1112,  623,  757,  926,  873,  568,  615,  457, 1028,  493,  844,  704, 1201,  898,  534,  773,  545,  833,  847,  490,  438,  969,  609,  724,  820,  403,  797,  782, 1020,  824,  474, 1247,  904,  870,  652,  647,  910,  523,  429,  735, 1061,  552,  704,  885,  851,  595,  507, 1007,  679],
        [  272,    0,  361,  112,  531,    0,  704,  568,  635,  912,  194,  806,  191,  558,  870,  593,  742,  483,  359,  559,  744,  651,  173,  836,  652,  569,  420,  531,  476,  601,  477,  826,  188, 1035,  510,  917,  358,  687,  699,  575,  470,  630,  602,  825,  473,  215,  515,  799,  629,  432,  647,  755,  468,  776,  670,  833,  784,  675,   69,  282, 1001,  519,  921,  645,  577,  660,  626,  241,  491,  109,  308,  409,  685,  579,  388, 1024,  440,  385,   74,  734,  469,  736,  794,  583,  488,  533,  519,  715,  449,  798,   84,  888,  297,  909,  778,  741,  362,  653,  514,  912,  486,  607,  697,  765,  195,  499,  406,  327,  258,  640,  925,  515,  915,  800,  542,  230,  186,  491,   69,  502,  882,  807,  213,  265,  457,  632,   65,  621,  835,  889],
        [  762,    0,  458,  626,  553,  704,    0,  384,  141,  247,  637,  266,  678,  392,  780,  241,  767,  376,  356,  649,   81,  107,  719,  157,  201,  335,  295,  208,  244,  141,  271,  775,  840,  380,  325,  406,  373,  561,  145,  345,  756,  271,  527,  210,  365,  501,  393,  422,  531,  546,   61,  614,  481,  409,  495,  163,  803,  122,  740,  884,  343,  713,  359,   70,  192,  191,  464,  756,  846,  725,  977,  522,  145,  617,  497,  369,  359,  413,  710,  514,  843,  836,   91,  400,  782,  630,  240,   76,  258,  622,  621,  295,  624,  818,  433,   72,  658,   60,  586,  295,  228,  121,  619,   64,  854,  582,  298,  745,  839,  772,  273,  192,  895,  425,  615,  624,  664,  746,  750,  203,  193,  670,  538,  660,  743,  492,  751,   83,  557,  187],
        [  487,    0,  209,  459,  735,  568,  384,    0,  243,  453,  617,  292,  651,  619,  431,  510,  389,   90,  392,  269,  463,  433,  674,  534,  194,  577,  258,  214,  380,  416,  190,  414,  625,  541,  526,  364,  430,  199,  266,  590,  403,  125,  145,  351,  538,  369,  593,  231,  154,  676,  335,  266,  135,  208,  142,  544,  428,  271,  631,  628,  515,  344,  386,  384,  447,  207,   96,  496,  497,  644,  750,  200,  257,  808,  607,  533,  503,  517,  534,  194,  501,  454,  437,   23,  426,  254,  181,  332,  281,  293,  494,  378,  343,  473,  210,  455,  341,  330,  212,  411,  255,  396,  249,  410,  641,  213,  333,  445,  583,  390,  449,  286,  534,  233,  237,  380,  436,  386,  634,  328,  461,  328,  356,  390,  393,  121,  586,  335,  285,  528],
        [  652,    0,  341,  543,  603,  635,  141,  243,    0,  278,  606,  200,  647,  455,  645,  317,  627,  243,  325,  510,  221,  207,  683,  293,   69,  403,  217,  104,  242,  208,  163,  638,  749,  401,  370,  340,  354,  423,   66,  415,  623,  133,  386,  193,  400,  422,  443,  310,  391,  573,   99,  479,  346,  293,  357,  302,  663,   42,  682,  781,  367,  576,  315,  154,  254,   63,  324,  650,  715,  676,  885,  393,   52,  672,  512,  391,  379,  419,  628,  381,  715,  695,  201,  259,  649,  491,  123,   97,  197,  490,  551,  266,  508,  685,  314,  213,  534,   91,  447,  284,  155,  184,  479,  172,  764,  444,  256,  627,  736,  632,  291,  143,  758,  313,  476,  518,  565,  612,  689,  182,  257,  536,  446,  548,  611,  352,  674,  110,  435,  299],
        [  917,    0,  607,  821,  797,  912,  247,  453,  278,    0,  871,  175,  912,  633,  738,  483,  774,  492,  586,  711,  272,  350,  950,  248,  278,  576,  493,  382,  483,  387,  440,  750, 1024,  134,  571,  245,  609,  565,  216,  586,  855,  332,  567,  102,  612,  699,  638,  351,  560,  793,  285,  593,  583,  352,  504,  268,  800,  238,  957, 1051,   96,  793,  176,  316,  438,  266,  495,  918,  949,  949, 1159,  641,  231,  858,  743,  122,  605,  657,  906,  491,  953,  857,  177,  459,  878,  700,  398,  204,  468,  581,  828,  118,  771,  769,  377,  267,  785,  275,  662,   89,  428,  367,  623,  189, 1040,  664,  521,  885, 1005,  818,   33,  406,  861,  353,  681,  789,  838,  838,  965,  432,   71,  633,  723,  814,  845,  519,  951,  314,  486,  170],
        [  454,    0,  430,  246,  344,  194,  637,  617,  606,  871,    0,  799,   42,  399,  982,  471,  871,  528,  285,  684,  658,  561,   85,  746,  642,  423,  399,  510,  393,  511,  472,  944,  378, 1001,  374,  927,  264,  774,  672,  426,  630,  642,  690,  798,  330,  258,  358,  835,  715,  245,  588,  846,  550,  812,  742,  738,  914,  642,  168,  475,  965,  663,  916,  570,  474,  648,  694,  425,  666,  123,  486,  508,  658,  387,  215,  990,  308,  247,  262,  803,  646,  880,  726,  635,  651,  655,  511,  668,  410,  885,  183,  872,  437, 1024,  820,  657,  508,  597,  626,  889,  453,  524,  798,  701,  383,  611,  352,  500,  451,  783,  889,  467, 1045,  837,  659,  373,  347,  647,  180,  439,  827,  904,  301,  420,  615,  707,  256,  560,  900,  813],
        [  773,    0,  471,  706,  796,  806,  266,  292,  200,  175,  799,    0,  839,  642,  571,  496,  599,  347,  521,  540,  330,  368,  872,  354,  158,  587,  401,  289,  441,  387,  333,  580,  896,  250,  563,  144,  551,  390,  140,  599,  691,  183,  395,   85,  596,  592,  635,  184,  386,  771,  266,  420,  426,  181,  329,  371,  626,  174,  859,  911,  224,  625,  118,  318,  437,  152,  322,  778,  784,  859, 1027,  489,  151,  864,  711,  242,  577,  618,  788,  318,  790,  683,  252,  294,  713,  531,  291,  191,  390,  412,  724,   87,  626,  604,  206,  322,  631,  254,  495,  120,  348,  362,  448,  240,  912,  499,  451,  734,  866,  644,  163,  342,  693,  186,  512,  654,  706,  671,  866,  381,  210,  464,  603,  672,  682,  346,  837,  290,  324,  306],
        [  459,    0,  461,  261,  365,  191,  678,  651,  647,  912,   42,  839,    0,  432, 1009,  510,  894,  562,  326,  707,  699,  601,   48,  786,  682,  459,  438,  550,  435,  552,  511,  969,  369, 1042,  412,  966,  305,  805,  712,  461,  644,  680,  720,  838,  368,  289,  392,  872,  746,  268,  630,  876,  580,  849,  774,  778,  937,  683,  151,  468, 1006,  682,  956,  611,  515,  688,  726,  429,  675,  101,  468,  535,  699,  402,  246, 1031,  347,  285,  263,  836,  655,  900,  767,  670,  665,  679,  550,  709,  451,  916,  198,  912,  455, 1050,  856,  698,  526,  638,  652,  930,  493,  564,  826,  742,  372,  636,  393,  509,  447,  802,  930,  508, 1069,  874,  684,  390,  359,  662,  163,  480,  869,  933,  326,  434,  630,  739,  249,  601,  934,  854],
        [  749,    0,  543,  542,  165,  558,  392,  619,  455,  633,  399,  642,  432,    0, 1050,  151,  987,  554,  271,  819,  366,  286,  479,  429,  520,   58,  373,  414,  240,  257,  430, 1028,  740,  764,   94,  786,  243,  817,  504,   49,  849,  564,  750,  600,   98,  450,   44,  762,  767,  194,  378,  885,  639,  743,  760,  415, 1029,  471,  558,  822,  727,  844,  747,  328,  206,  517,  715,  728,  917,  519,  866,  639,  496,  226,  187,  753,  140,  177,  604,  804,  905, 1030,  459,  641,  875,  791,  442,  457,  341,  909,  498,  685,  659, 1092,  762,  370,  722,  389,  749,  687,  365,  281,  863,  445,  750,  738,  300,  767,  786,  943,  661,  340, 1146,  764,  785,  619,  629,  853,  570,  295,  571,  947,  513,  671,  833,  739,  621,  354,  877,  515],
        [  662,    0,  558,  764, 1159,  870,  780,  431,  645,  738,  982,  571, 1009, 1050,    0,  939,  152,  499,  809,  313,  859,  850, 1018,  909,  580, 1008,  682,  643,  811,  840,  620,   54,  836,  757,  956,  517,  847,  233,  638, 1021,  453,  513,  305,  655,  966,  726, 1022,  388,  285, 1091,  744,  168,  438,  391,  293,  924,  131,  658,  939,  785,  751,  376,  583,  798,  876,  590,  336,  687,  509,  970,  919,  475,  636, 1230, 1020,  754,  929,  936,  810,  266,  530,  223,  805,  410,  454,  338,  611,  712,  710,  161,  819,  624,  575,   43,  365,  850,  517,  736,  359,  658,  686,  819,  191,  784,  851,  374,  758,  595,  753,  277,  717,  716,  124,  386,  329,  641,  690,  424,  938,  759,  780,  111,  684,  613,  459,  311,  858,  751,  254,  874],
        [  735,    0,  480,  548,  315,  593,  241,  510,  317,  483,  471,  496,  510,  151,  939,    0,  892,  459,  246,  738,  218,  135,  556,  291,  384,   94,  292,  297,  153,  111,  329,  923,  762,  614,  102,  639,  237,  707,  359,  105,  797,  436,  650,  450,  148,  435,  158,  626,  663,  322,  231,  772,  556,  609,  647,  279,  933,  327,  610,  830,  577,  778,  597,  179,   65,  379,  604,  720,  875,  581,  895,  570,  352,  377,  287,  603,  163,  225,  623,  683,  866,  946,  309,  531,  824,  713,  329,  308,  251,  791,  520,  535,  623,  981,  629,  221,  677,  242,  668,  536,  260,  135,  758,  295,  774,  660,  236,  740,  790,  865,  510,  225, 1043,  629,  703,  597,  619,  796,  621,  186,  421,  833,  492,  644,  782,  630,  652,  210,  748,  372],
        [  518,    0,  462,  641, 1079,  742,  767,  389,  627,  774,  871,  599,  894,  987,  152,  892,    0,  435,  730,  187,  847,  821,  898,  910,  568,  951,  615,  600,  752,  803,  564,   98,  693,  816,  894,  581,  766,  212,  635,  963,  306,  497,  245,  681,  897,  620,  955,  431,  237, 1004,  722,  187,  350,  425,  277,  922,   45,  648,  811,  637,  804,  232,  639,  772,  831,  580,  303,  546,  358,  846,  771,  370,  629, 1150,  933,  812,  857,  855,  678,  284,  379,   91,  808,  370,  304,  216,  565,  707,  648,  217,  699,  667,  446,  180,  401,  838,  383,  716,  249,  703,  633,  784,  153,  784,  707,  263,  688,  451,  607,  126,  758,  668,  175,  429,  214,  513,  558,  277,  809,  707,  805,  174,  570,  480,  313,  275,  725,  724,  323,  889],
        [  427,    0,  128,  375,  660,  483,  376,   90,  243,  492,  528,  347,  562,  554,  499,  459,  435,    0,  312,  283,  451,  403,  585,  531,  216,  517,  184,  177,  318,  376,  131,  475,  551,  594,  461,  439,  350,  269,  285,  530,  382,  165,  197,  392,  468,  280,  525,  317,  215,  596,  320,  340,  107,  294,  222,  538,  476,  279,  544,  564,  565,  339,  453,  360,  400,  228,  173,  431,  473,  555,  681,  152,  273,  732,  526,  585,  431,  438,  453,  279,  473,  487,  443,  109,  407,  260,  141,  338,  215,  372,  407,  434,  281,  542,  298,  443,  295,  317,  215,  464,  200,  360,  310,  414,  568,  209,  259,  394,  519,  410,  494,  237,  593,  318,  248,  308,  361,  371,  548,  274,  488,  402,  271,  326,  369,  192,  504,  312,  374,  540],
        [  492,    0,  275,  304,  351,  359,  356,  392,  325,  586,  285,  521,  326,  271,  809,  246,  730,  312,    0,  555,  388,  293,  365,  479,  368,  254,  137,  235,  118,  243,  212,  781,  519,  717,  189,  656,   38,  580,  390,  264,  578,  381,  505,  514,  175,  191,  233,  583,  525,  285,  305,  652,  381,  561,  532,  475,  774,  359,  388,  585,  680,  574,  638,  292,  220,  371,  483,  476,  648,  370,  654,  372,  376,  422,  215,  706,  133,  127,  381,  585,  637,  767,  446,  414,  605,  527,  244,  383,  133,  683,  280,  591,  391,  852,  574,  385,  452,  314,  486,  606,  175,  250,  619,  420,  531,  474,   71,  503,  544,  677,  605,  184,  896,  585,  523,  357,  375,  582,  398,  155,  545,  713,  251,  406,  562,  504,  413,  277,  672,  538],
        [  357,    0,  282,  455,  901,  559,  649,  269,  510,  711,  684,  540,  707,  819,  313,  738,  187,  283,  555,    0,  727,  685,  712,  802,  463,  788,  450,  459,  591,  659,  412,  267,  529,  782,  728,  568,  590,  190,  535,  800,  175,  393,  146,  611,  726,  434,  785,  410,  161,  822,  597,  231,  183,  395,  225,  811,  231,  539,  628,  489,  761,   93,  611,  641,  680,  476,  218,  380,  261,  661,  624,  187,  526,  971,  753,  775,  686,  678,  498,  272,  273,  212,  706,  258,  189,   30,  424,  600,  488,  278,  513,  621,  263,  350,  379,  719,  206,  593,   71,  656,  480,  643,  165,  678,  544,   82,  520,  292,  452,  127,  703,  519,  362,  409,   36,  330,  378,  148,  627,  553,  726,  267,  383,  301,  173,  197,  546,  592,  359,  797],
        [  824,    0,  525,  674,  531,  744,   81,  463,  221,  272,  658,  330,  699,  366,  859,  218,  847,  451,  388,  727,    0,   98,  742,   93,  281,  309,  351,  278,  271,  148,  339,  855,  890,  399,  315,  465,  398,  641,  222,  318,  829,  351,  607,  263,  360,  550,  376,  496,  611,  538,  132,  694,  557,  484,  575,   93,  883,  202,  776,  941,  363,  789,  411,  103,  188,  270,  544,  816,  918,  755, 1028,  595,  224,  590,  498,  389,  362,  421,  757,  593,  915,  916,   96,  480,  855,  707,  312,  149,  311,  700,  663,  345,  690,  897,  509,    9,  727,  135,  663,  338,  287,  138,  699,   93,  904,  659,  340,  811,  897,  851,  302,  247,  975,  499,  693,  684,  721,  820,  785,  246,  206,  749,  593,  723,  816,  572,  795,  143,  633,  157],
        [  747,    0,  458,  586,  448,  651,  107,  433,  207,  350,  561,  368,  601,  286,  850,  135,  821,  403,  293,  685,   98,    0,  645,  187,  275,  228,  274,  226,  176,   51,  279,  840,  803,  481,  223,  510,  301,  623,  236,  239,  771,  338,  577,  317,  266,  463,  289,  512,  586,  447,  110,  683,  507,  496,  559,  182,  860,  206,  680,  858,  444,  738,  465,   54,   92,  267,  522,  737,  856,  659,  940,  537,  232,  511,  403,  470,  266,  324,  668,  587,  851,  884,  178,  452,  798,  663,  262,  177,  231,  696,  571,  402,  618,  890,  519,   98,  662,  120,  618,  402,  217,   49,  678,  162,  816,  611,  250,  739,  815,  811,  377,  175,  961,  514,  650,  606,  639,  765,  690,  161,  290,  741,  510,  648,  757,  550,  704,   99,  641,  254],
        [  444,    0,  477,  259,  408,  173,  719,  674,  683,  950,   85,  872,   48,  479, 1018,  556,  898,  585,  365,  712,  742,  645,    0,  830,  715,  506,  471,  584,  476,  595,  542,  977,  338, 1080,  459,  997,  347,  819,  748,  508,  638,  709,  734,  875,  414,  307,  439,  897,  760,  313,  670,  890,  595,  874,  792,  823,  941,  720,  120,  440, 1044,  681,  989,  653,  559,  721,  745,  413,  662,   68,  430,  546,  734,  442,  293, 1069,  393,  332,  246,  855,  641,  899,  809,  691,  657,  684,  582,  747,  486,  931,  200,  947,  455, 1058,  881,  741,  524,  678,  660,  966,  528,  607,  838,  783,  340,  644,  430,  498,  423,  802,  968,  546, 1073,  899,  691,  388,  352,  658,  130,  520,  909,  946,  337,  430,  624,  756,  223,  641,  954,  897],
        [  915,    0,  613,  767,  593,  836,  157,  534,  293,  248,  746,  354,  786,  429,  909,  291,  910,  531,  479,  802,   93,  187,  830,    0,  344,  375,  442,  364,  362,  237,  426,  910,  983,  360,  392,  474,  488,  701,  276,  381,  912,  415,  674,  275,  437,  643,  445,  533,  676,  611,  215,  748,  637,  524,  635,   20,  944,  264,  867, 1032,  327,  867,  412,  196,  272,  331,  608,  907, 1002,  846, 1120,  678,  282,  646,  577,  350,  445,  505,  850,  645,  999,  983,  105,  549,  938,  783,  396,  204,  403,  750,  755,  346,  779,  946,  550,   98,  814,  216,  739,  329,  378,  230,  759,  127,  997,  736,  432,  900,  988,  923,  281,  339, 1028,  535,  768,  775,  813,  901,  877,  338,  178,  800,  685,  813,  899,  636,  888,  232,  673,   90],
        [  640,    0,  330,  554,  664,  652,  201,  194,   69,  278,  642,  158,  682,  520,  580,  384,  568,  216,  368,  463,  281,  275,  715,  344,    0,  469,  245,  134,  299,  276,  176,  574,  750,  388,  433,  288,  400,  360,   73,  481,  589,   72,  331,  180,  460,  437,  506,  242,  333,  629,  167,  414,  312,  225,  295,  355,  603,   81,  703,  774,  356,  535,  275,  222,  321,   14,  265,  641,  682,  702,  885,  367,   64,  734,  566,  378,  436,  472,  637,  315,  684,  640,  244,  207,  614,  446,  134,  140,  236,  423,  569,  237,  494,  619,  246,  272,  510,  158,  405,  261,  194,  252,  418,  218,  766,  404,  298,  608,  728,  582,  283,  194,  694,  245,  430,  512,  562,  575,  710,  237,  274,  470,  452,  537,  578,  293,  685,  179,  367,  335],
        [  743,    0,  517,  542,  222,  569,  335,  577,  403,  576,  423,  587,  459,   58, 1008,   94,  951,  517,  254,  788,  309,  228,  506,  375,  469,    0,  338,  368,  200,  201,  390,  989,  747,  707,   66,  731,  232,  775,  449,   13,  828,  516,  712,  543,   96,  441,   74,  711,  728,  240,  322,  843,  607,  692,  717,  361,  993,  416,  576,  824,  670,  818,  690,  271,  151,  465,  673,  724,  901,  540,  876,  611,  441,  283,  220,  696,  132,  184,  609,  758,  890,  998,  402,  599,  855,  761,  398,  401,  303,  865,  504,  629,  644, 1050,  712,  313,  704,  334,  718,  630,  323,  226,  823,  388,  758,  708,  269,  756,  786,  913,  604,  294, 1108,  713,  754,  609,  624,  831,  588,  250,  514,  904,  502,  659,  813,  698,  631,  299,  828,  459],
        [  474,    0,  190,  334,  479,  420,  295,  258,  217,  493,  399,  401,  438,  373,  682,  292,  615,  184,  137,  450,  351,  274,  471,  442,  245,  338,    0,  114,  142,  233,   76,  658,  546,  618,  280,  529,  174,  450,  282,  351,  507,  247,  380,  409,  285,  209,  342,  448,  398,  420,  235,  521,  269,  425,  399,  443,  657,  256,  466,  591,  583,  486,  519,  248,  240,  251,  351,  466,  589,  461,  683,  279,  268,  551,  351,  607,  248,  260,  418,  450,  582,  660,  382,  280,  534,  424,  113,  296,   44,  550,  336,  478,  345,  725,  438,  345,  392,  239,  380,  498,   68,  226,  493,  352,  561,  370,   77,  466,  547,  576,  507,  104,  775,  450,  416,  334,  371,  505,  473,  116,  463,  583,  244,  375,  492,  373,  461,  212,  536,  481],
        [  558,    0,  250,  440,  546,  531,  208,  214,  104,  382,  510,  289,  550,  414,  643,  297,  600,  177,  235,  459,  278,  226,  584,  364,  134,  368,  114,    0,  179,  203,   64,  627,  647,  504,  322,  422,  267,  411,  168,  381,  551,  154,  356,  295,  342,  318,  393,  357,  368,  502,  149,  476,  282,  337,  351,  368,  640,  145,  579,  683,  470,  514,  407,  184,  233,  138,  308,  554,  640,  574,  784,  317,  154,  617,  437,  494,  313,  343,  525,  390,  637,  659,  287,  235,  578,  437,   36,  191,  103,  497,  448,  364,  418,  685,  353,  271,  451,  149,  392,  384,   61,  185,  463,  257,  663,  386,  165,  538,  638,  585,  394,   75,  748,  360,  424,  421,  465,  543,  586,  120,  357,  537,  344,  455,  538,  334,  570,  137,  464,  387],
        [  589,    0,  328,  415,  368,  476,  244,  380,  242,  483,  393,  441,  435,  240,  811,  153,  752,  318,  118,  591,  271,  176,  476,  362,  299,  200,  142,  179,    0,  126,  191,  790,  631,  615,  146,  582,  130,  578,  303,  212,  644,  332,  513,  420,  164,  294,  216,  534,  529,  331,  199,  646,  409,  514,  521,  357,  794,  270,  505,  691,  578,  627,  555,  177,  110,  299,  476,  576,  723,  486,  767,  419,  291,  439,  271,  604,  138,  179,  495,  566,  714,  801,  333,  402,  671,  565,  204,  281,  104,  670,  396,  501,  472,  853,  531,  268,  525,  208,  521,  512,  126,  133,  625,  308,  644,  511,   85,  590,  649,  717,  504,  106,  909,  537,  557,  449,  476,  644,  515,   62,  436,  708,  347,  495,  629,  500,  529,  169,  642,  422],
        [  703,    0,  421,  538,  415,  601,  141,  416,  208,  387,  511,  387,  552,  257,  840,  111,  803,  376,  243,  659,  148,   51,  595,  237,  276,  201,  233,  203,  126,    0,  248,  827,  755,  520,  184,  530,  251,  610,  249,  213,  736,  331,  558,  344,  225,  416,  254,  517,  569,  406,  121,  673,  479,  500,  548,  232,  842,  217,  630,  811,  483,  707,  490,   73,   52,  270,  508,  692,  820,  609,  891,  503,  242,  481,  358,  509,  220,  277,  619,  581,  814,  861,  222,  436,  763,  635,  238,  201,  190,  689,  522,  430,  577,  881,  521,  146,  624,  133,  590,  433,  182,   25,  663,  202,  768,  583,  203,  698,  769,  786,  413,  141,  948,  520,  624,  562,  594,  731,  640,  118,  331,  732,  465,  606,  722,  535,  654,  100,  641,  303],
        [  494,    0,  187,  382,  547,  477,  271,  190,  163,  440,  472,  333,  511,  430,  620,  329,  564,  131,  212,  412,  339,  279,  542,  426,  176,  390,   76,   64,  191,  248,    0,  599,  586,  559,  336,  456,  249,  387,  224,  402,  493,  172,  323,  349,  348,  262,  403,  372,  338,  493,  211,  456,  231,  349,  332,  430,  605,  204,  527,  620,  526,  460,  449,  241,  269,  184,  286,  490,  580,  527,  722,  259,  210,  619,  425,  549,  314,  333,  466,  380,  577,  617,  351,  212,  520,  388,   43,  254,   91,  482,  394,  413,  354,  662,  362,  332,  389,  212,  343,  435,   69,  234,  434,  320,  602,  336,  147,  475,  575,  539,  450,  108,  719,  374,  377,  358,  403,  487,  534,  144,  419,  518,  284,  391,  480,  310,  513,  196,  463,  451],
        [  611,    0,  523,  721, 1132,  826,  775,  414,  638,  750,  944,  580,  969, 1028,   54,  923,   98,  475,  781,  267,  855,  840,  977,  910,  574,  989,  658,  627,  790,  827,  599,    0,  786,  778,  935,  539,  819,  217,  636, 1001,  401,  506,  279,  664,  942,  689,  999,  401,  262, 1061,  736,  163,  405,  400,  281,  924,   79,  654,  894,  733,  770,  325,  602,  789,  860,  585,  320,  638,  456,  926,  867,  437,  632, 1203,  990,  775,  904,  908,  764,  266,  477,  171,  806,  392,  401,  293,  594,  709,  688,  171,  777,  638,  529,   85,  374,  846,  470,  729,  318,  674,  667,  806,  166,  784,  801,  333,  733,  544,  702,  224,  732,  699,  121,  399,  286,  596,  644,  372,  893,  740,  789,  119,  644,  566,  408,  293,  812,  741,  274,  880],
        [  175,    0,  425,  217,  718,  188,  840,  625,  749, 1024,  378,  896,  369,  740,  836,  762,  693,  551,  519,  529,  890,  803,  338,  983,  750,  747,  546,  647,  631,  755,  586,  786,    0, 1138,  686,  988,  526,  693,  808,  754,  391,  713,  614,  930,  652,  341,  697,  851,  641,  619,  780,  751,  500,  829,  694,  982,  730,  790,  219,  103, 1106,  462, 1003,  788,  738,  761,  657,  150,  377,  271,  138,  433,  794,  764,  575, 1128,  616,  566,  139,  757,  353,  665,  927,  633,  400,  508,  627,  838,  582,  798,  244,  982,  290,  870,  825,  886,  326,  785,  505, 1009,  613,  756,  687,  897,   17,  491,  553,  243,  100,  575, 1032,  648,  856,  852,  523,  245,  190,  419,  208,  645, 1004,  795,  304,  242,  382,  655,  124,  757,  857, 1026],
        [ 1020,    0,  715,  940,  928, 1035,  380,  541,  401,  134, 1001,  250, 1042,  764,  757,  614,  816,  594,  717,  782,  399,  481, 1080,  360,  388,  707,  618,  504,  615,  520,  559,  778, 1138,    0,  703,  240,  740,  617,  337,  716,  938,  430,  636,  210,  745,  821,  769,  386,  624,  926,  417,  630,  675,  395,  562,  379,  837,  362, 1083, 1157,   38,  869,  178,  449,  570,  378,  564, 1024, 1031, 1076, 1271,  738,  351,  988,  876,   12,  738,  790, 1024,  535, 1037,  904,  306,  542,  959,  775,  517,  335,  596,  609,  951,  164,  874,  783,  417,  395,  881,  407,  741,  131,  555,  500,  671,  320, 1154,  746,  650,  983, 1112,  877,  112,  535,  879,  388,  756,  898,  949,  918, 1090,  563,  194,  660,  839,  919,  930,  585, 1071,  446,  505,  273],
        [  678,    0,  454,  478,  234,  510,  325,  526,  370,  571,  374,  563,  412,   94,  956,  102,  894,  461,  189,  728,  315,  223,  459,  392,  433,   66,  280,  322,  146,  184,  336,  935,  686,  703,    0,  706,  167,  723,  423,   76,  764,  474,  657,  527,   47,  376,   73,  673,  674,  224,  301,  792,  547,  654,  667,  380,  936,  389,  521,  761,  666,  756,  671,  257,  134,  431,  621,  659,  836,  488,  816,  549,  414,  303,  186,  692,   71,  129,  547,  711,  825,  939,  401,  548,  791,  701,  349,  383,  247,  816,  442,  612,  579,  998,  672,  317,  639,  312,  658,  617,  272,  207,  770,  384,  697,  647,  208,  690,  723,  852,  597,  248, 1053,  676,  694,  544,  559,  767,  532,  203,  513,  853,  437,  594,  749,  646,  571,  274,  785,  470],
        [  849,    0,  566,  812,  939,  917,  406,  364,  340,  245,  927,  144,  966,  786,  517,  639,  581,  439,  656,  568,  465,  510,  997,  474,  288,  731,  529,  422,  582,  530,  456,  539,  988,  240,  706,    0,  688,  390,  284,  742,  734,  289,  424,  203,  738,  706,  778,  159,  407,  912,  409,  394,  495,  174,  343,  492,  599,  317,  974,  990,  235,  659,   70,  461,  580,  286,  357,  859,  825,  979, 1114,  562,  293, 1008,  851,  238,  718,  758,  891,  306,  835,  670,  378,  358,  753,  566,  417,  333,  524,  371,  837,  130,  706,  544,  190,  457,  698,  398,  538,  156,  482,  506,  441,  372, 1004,  546,  586,  803,  946,  652,  217,  480,  640,  160,  546,  743,  798,  711,  980,  521,  305,  421,  708,  754,  728,  373,  942,  433,  266,  409],
        [  512,    0,  310,  314,  314,  358,  373,  430,  354,  609,  264,  551,  305,  243,  847,  237,  766,  350,   38,  590,  398,  301,  347,  488,  400,  232,  174,  267,  130,  251,  249,  819,  526,  740,  167,  688,    0,  618,  418,  241,  607,  416,  542,  541,  146,  210,  203,  619,  563,  247,  326,  689,  417,  597,  570,  482,  810,  386,  381,  597,  704,  607,  668,  307,  221,  403,  521,  493,  675,  358,  659,  406,  405,  385,  178,  729,  104,   90,  387,  623,  663,  802,  463,  451,  634,  562,  279,  406,  166,  720,  284,  619,  417,  889,  610,  396,  481,  335,  521,  633,  207,  262,  657,  437,  537,  509,  104,  526,  558,  711,  629,  211,  933,  621,  558,  379,  393,  613,  391,  178,  564,  751,  272,  429,  592,  542,  416,  297,  710,  551],
        [  528,    0,  345,  577,  928,  687,  561,  199,  423,  565,  774,  390,  805,  817,  233,  707,  212,  269,  580,  190,  641,  623,  819,  701,  360,  775,  450,  411,  578,  610,  387,  217,  693,  617,  723,  390,  618,    0,  426,  788,  364,  291,   86,  470,  734,  517,  790,  232,   59,  864,  520,   73,  225,  222,   66,  713,  244,  441,  754,  666,  601,  283,  441,  573,  644,  372,  104,  547,  450,  778,  800,  278,  421, 1000,  793,  611,  697,  707,  637,   85,  463,  293,  598,  177,  378,  198,  379,  498,  477,  112,  625,  462,  407,  276,  201,  632,  370,  513,  189,  498,  453,  590,   60,  574,  709,  203,  526,  468,  627,  263,  551,  484,  338,  231,  179,  466,  521,  337,  755,  526,  594,  134,  484,  453,  362,   78,  688,  525,  170,  678],
        [  705,    0,  394,  606,  656,  699,  145,  266,   66,  216,  672,  140,  712,  504,  638,  359,  635,  285,  390,  535,  222,  236,  748,  276,   73,  449,  282,  168,  303,  249,  224,  636,  808,  337,  423,  284,  418,  426,    0,  461,  661,  143,  402,  128,  456,  485,  495,  278,  402,  631,  129,  474,  384,  264,  360,  288,  669,   34,  747,  836,  302,  608,  253,  184,  299,   60,  334,  705,  754,  741,  944,  437,   15,  725,  573,  326,  437,  481,  690,  373,  755,  709,  174,  278,  686,  519,  182,   74,  263,  479,  615,  201,  560,  676,  289,  213,  580,  118,  477,  218,  221,  225,  484,  149,  824,  476,  321,  676,  791,  653,  227,  207,  755,  281,  502,  574,  622,  647,  754,  244,  204,  528,  507,  602,  650,  362,  736,  151,  412,  263],
        [  752,    0,  529,  550,  213,  575,  345,  590,  415,  586,  426,  599,  461,   49, 1021,  105,  963,  530,  264,  800,  318,  239,  508,  381,  481,   13,  351,  381,  212,  213,  402, 1001,  754,  716,   76,  742,  241,  788,  461,    0,  839,  528,  725,  554,  102,  450,   72,  723,  740,  237,  334,  855,  619,  705,  730,  367, 1006,  428,  580,  832,  679,  830,  701,  283,  163,  477,  685,  733,  911,  544,  882,  623,  453,  273,  220,  705,  140,  190,  616,  771,  900, 1011,  411,  612,  866,  773,  411,  412,  316,  877,  511,  639,  654, 1063,  724,  322,  715,  345,  730,  640,  335,  237,  836,  398,  764,  720,  281,  766,  794,  925,  614,  307, 1121,  726,  766,  619,  633,  842,  592,  263,  523,  917,  512,  669,  824,  710,  637,  311,  841,  466],
        [  218,    0,  317,  385,  901,  470,  756,  403,  623,  855,  630,  691,  644,  849,  453,  797,  306,  382,  578,  175,  829,  771,  638,  912,  589,  828,  507,  551,  644,  736,  493,  401,  391,  938,  764,  734,  607,  364,  661,  839,    0,  525,  310,  753,  752,  413,  810,  577,  330,  811,  698,  403,  278,  561,  394,  918,  340,  659,  536,  332,  914,   84,  772,  733,  746,  603,  378,  248,   94,  578,  466,  235,  650,  966,  746,  930,  710,  687,  399,  445,  101,  275,  824,  398,   28,  170,  517,  719,  550,  449,  448,  775,  199,  485,  547,  821,  129,  697,  197,  809,  555,  725,  336,  795,  405,  192,  563,  151,  302,  184,  851,  597,  466,  577,  189,  258,  287,   30,  532,  621,  861,  432,  351,  211,   16,  362,  440,  687,  533,  921],
        [  591,    0,  289,  527,  699,  630,  271,  125,  133,  332,  642,  183,  680,  564,  513,  436,  497,  165,  381,  393,  351,  338,  709,  415,   72,  516,  247,  154,  332,  331,  172,  506,  713,  430,  474,  289,  416,  291,  143,  528,  525,    0,  260,  231,  496,  417,  545,  204,  262,  655,  231,  346,  251,  183,  225,  426,  532,  152,  686,  728,  401,  468,  293,  285,  372,   85,  194,  595,  619,  690,  844,  310,  135,  771,  589,  421,  467,  495,  608,  251,  622,  568,  316,  136,  550,  378,  137,  212,  251,  359,  549,  270,  445,  553,  200,  343,  454,  224,  337,  300,  212,  309,  348,  289,  729,  337,  312,  555,  683,  511,  332,  227,  626,  207,  361,  471,  523,  510,  691,  272,  337,  404,  423,  490,  515,  222,  657,  239,  313,  405],
        [  454,    0,  260,  492,  855,  602,  527,  145,  386,  567,  690,  395,  720,  750,  305,  650,  245,  197,  505,  146,  607,  577,  734,  674,  331,  712,  380,  356,  513,  558,  323,  279,  614,  636,  657,  424,  542,   86,  402,  725,  310,  260,    0,  468,  664,  432,  721,  267,   28,  787,  480,  156,  140,  251,   85,  685,  284,  411,  669,  594,  616,  235,  466,  529,  588,  344,   73,  470,  402,  693,  725,  194,  394,  926,  716,  629,  626,  631,  553,  144,  411,  310,  575,  127,  329,  142,  322,  471,  410,  197,  540,  475,  327,  348,  237,  598,  295,  474,  118,  511,  391,  540,  115,  549,  631,  129,  455,  397,  553,  253,  558,  425,  397,  267,  122,  383,  438,  287,  671,  465,  586,  215,  399,  373,  305,   52,  604,  480,  243,  662],
        [  818,    0,  510,  730,  759,  825,  210,  351,  193,  102,  798,   85,  838,  600,  655,  450,  681,  392,  514,  611,  263,  317,  875,  275,  180,  543,  409,  295,  420,  344,  349,  664,  930,  210,  527,  203,  541,  470,  128,  554,  753,  231,  468,    0,  564,  611,  598,  269,  461,  744,  228,  503,  481,  265,  407,  292,  709,  156,  874,  953,  177,  692,  150,  273,  396,  169,  396,  820,  847,  868, 1064,  541,  142,  825,  688,  200,  551,  598,  815,  400,  851,  762,  176,  357,  777,  599,  307,  144,  389,  496,  742,   86,  672,  689,  291,  255,  684,  217,  561,   93,  347,  321,  529,  171,  946,  563,  446,  785,  908,  719,  103,  331,  777,  271,  581,  692,  742,  736,  881,  364,  126,  548,  630,  716,  744,  421,  861,  256,  408,  221],
        [  653,    0,  448,  449,  204,  473,  365,  538,  400,  612,  330,  596,  368,   98,  966,  148,  897,  468,  175,  726,  360,  266,  414,  437,  460,   96,  285,  342,  164,  225,  348,  942,  652,  745,   47,  738,  146,  734,  456,  102,  752,  496,  664,  564,    0,  353,   59,  697,  682,  182,  337,  804,  548,  677,  680,  426,  940,  422,  480,  730,  707,  748,  706,  296,  175,  459,  633,  634,  820,  446,  781,  544,  445,  276,  140,  733,   43,   89,  515,  727,  808,  938,  444,  560,  778,  698,  366,  421,  258,  830,  409,  648,  562, 1008,  695,  361,  626,  348,  656,  655,  288,  246,  778,  426,  662,  645,  210,  670,  694,  849,  637,  270, 1059,  700,  693,  523,  534,  756,  492,  225,  555,  865,  416,  574,  736,  656,  535,  310,  805,  516],
        [  303,    0,  172,  126,  489,  215,  501,  369,  422,  699,  258,  592,  289,  450,  726,  435,  620,  280,  191,  434,  550,  463,  307,  643,  437,  441,  209,  318,  294,  416,  262,  689,  341,  821,  376,  706,  210,  517,  485,  450,  413,  417,  432,  611,  353,    0,  408,  595,  458,  400,  442,  588,  293,  572,  486,  641,  664,  462,  269,  397,  787,  428,  707,  448,  403,  446,  439,  286,  472,  276,  478,  252,  471,  554,  334,  810,  312,  279,  210,  549,  458,  638,  589,  386,  438,  405,  305,  505,  243,  628,  133,  674,  216,  767,  577,  546,  284,  447,  372,  697,  276,  416,  540,  560,  355,  357,  213,  318,  356,  542,  711,  309,  793,  597,  407,  170,  185,  423,  275,  305,  672,  646,   64,  222,  397,  451,  253,  418,  648,  687],
        [  706,    0,  507,  499,  162,  515,  393,  593,  443,  638,  358,  635,  392,   44, 1022,  158,  955,  525,  233,  785,  376,  289,  439,  445,  506,   74,  342,  393,  216,  254,  403,  999,  697,  769,   73,  778,  203,  790,  495,   72,  810,  545,  721,  598,   59,  408,    0,  746,  739,  167,  372,  859,  607,  726,  735,  432,  998,  462,  516,  779,  732,  807,  742,  326,  202,  504,  689,  686,  877,  477,  823,  603,  486,  230,  149,  758,  101,  134,  561,  780,  864,  996,  465,  615,  836,  757,  419,  454,  313,  884,  455,  683,  619, 1065,  744,  378,  683,  383,  715,  686,  341,  277,  835,  450,  706,  704,  267,  726,  743,  908,  665,  319, 1117,  748,  751,  578,  587,  814,  528,  274,  577,  921,  472,  629,  794,  712,  578,  346,  856,  528],
