{
    "name": "random-16-30621",
    "comment": "size=16 seed=30621",
    "nodes": ["+0", "-0", "+1", "-1", "+2", "-2", "+3", "-3", "+4", "-4", "+5", "-5", "+6", "-6", "+7", "-7", "+8", "-8", "+9", "-9", "+10", "-10", "+11", "-11", "+12", "-12", "+13", "-13", "+14", "-14", "+15", "-15", "+16", "-16"],
    "precedence": {
        "+0": "-0",
        "+1": "-1",
        "+2": "-2",
        "+3": "-3",
        "+4": "-4",
        "+5": "-5",
        "+6": "-6",
        "+7": "-7",
        "+8": "-8",
        "+9": "-9",
        "+10": "-10",
        "+11": "-11",
        "+12": "-12",
        "+13": "-13",
        "+14": "-14",
        "+15": "-15",
        "+16": "-16"
    },
    "edges": [
        [    0,    0,  294,  112,  555,  856,  413,  820,  658,  725,  416,  585,  851,  708,  173,  762,  757,  598,  570,  884,  682,  509,  399,  823,  688,  661,  448,  725,  683,  508,  879,  412,  758,  230],
        [    0,    0,  294,  112,  555,  856,  413,  820,  658,  725,  416,  585,  851,  708,  173,  762,  757,  598,  570,  884,  682,  509,  399,  823,  688,  661,  448,  725,  683,  508,  879,  412,  758,  230],
        [  294,  294,    0,  396,  570,  712,  279,  808,  602,  852,  593,  627, 1042,  608,  264,  764,  705,  411,  388,  802,  631,  322,  626,  953,  413,  581,  490,  488,  659,  662,  853,  492,  916,  515],
        [  112,  112,  396,    0,  631,  958,  522,  895,  749,  756,  440,  652,  847,  805,  271,  835,  844,  707,  679,  975,  770,  619,  392,  850,  797,  755,  524,  836,  765,  536,  957,  478,  774,  177],
        [  555,  555,  570,  631,    0,  433,  324,  266,  163,  349,  317,   71,  610,  262,  391,  209,  228,  390,  375,  369,  169,  381,  435,  438,  652,  202,  108,  555,  140,  285,  326,  161,  447,  568],
        [  856,  856,  712,  958,  433,    0,  453,  375,  271,  726,  746,  480, 1000,  174,  687,  398,  257,  306,  326,  195,  273,  391,  861,  786,  504,  234,  506,  342,  329,  718,  358,  570,  834,  951],
        [  413,  413,  279,  522,  324,  453,    0,  537,  325,  653,  476,  391,  887,  332,  259,  499,  428,  188,  160,  525,  354,  108,  557,  750,  369,  302,  277,  339,  388,  509,  578,  311,  737,  557],
        [  820,  820,  808,  895,  266,  375,  537,    0,  219,  387,  535,  249,  654,  276,  655,   64,  137,  517,  515,  204,  190,  552,  652,  426,  782,  259,  373,  644,  150,  466,   66,  419,  493,  820],
        [  658,  658,  602,  749,  163,  271,  325,  219,    0,  474,  479,  211,  746,  103,  487,  196,  104,  304,  300,  227,   30,  334,  596,  548,  573,   52,  247,  447,   84,  447,  254,  310,  580,  710],
        [  725,  725,  852,  756,  349,  726,  653,  387,  474,    0,  316,  280,  275,  574,  611,  339,  471,  739,  724,  586,  462,  725,  393,  102,  999,  524,  378,  903,  400,  220,  443,  362,  109,  618],
        [  416,  416,  593,  440,  317,  746,  476,  535,  479,  316,    0,  293,  450,  573,  332,  471,  539,  626,  602,  680,  486,  575,  120,  411,  844,  512,  246,  796,  449,   97,  600,  184,  343,  309],
        [  585,  585,  627,  652,   71,  480,  391,  249,  211,  280,  293,    0,  544,  313,  429,  186,  250,  460,  445,  389,  208,  451,  412,  368,  722,  257,  143,  624,  161,  243,  314,  175,  380,  571],
        [  851,  851, 1042,  847,  610, 1000,  887,  654,  746,  275,  450,  544,    0,  847,  782,  611,  746,  996,  978,  856,  735,  971,  456,  235, 1247,  795,  612, 1164,  674,  384,  705,  577,  167,  678],
        [  708,  708,  608,  805,  262,  174,  332,  276,  103,  574,  573,  313,  847,    0,  537,  274,  140,  251,  256,  195,  113,  306,  688,  645,  510,   61,  333,  369,  176,  547,  290,  397,  681,  785],
        [  173,  173,  264,  271,  391,  687,  259,  655,  487,  611,  332,  429,  782,  537,    0,  599,  586,  446,  418,  712,  511,  363,  365,  712,  584,  489,  288,  591,  515,  407,  712,  264,  663,  303],
        [  762,  762,  764,  835,  209,  398,  499,   64,  196,  339,  471,  186,  611,  274,  599,    0,  143,  500,  495,  247,  170,  525,  588,  389,  769,  243,  314,  639,  115,  404,  130,  358,  447,  756],
        [  757,  757,  705,  844,  228,  257,  428,  137,  104,  471,  539,  250,  746,  140,  586,  143,    0,  384,  386,  141,   77,  427,  658,  529,  648,  131,  329,  508,   91,  492,  156,  387,  579,  794],
        [  598,  598,  411,  707,  390,  306,  188,  517,  304,  739,  626,  460,  996,  251,  446,  500,  384,    0,   29,  434,  331,   93,  721,  826,  270,  259,  394,  171,  386,  639,  539,  446,  836,  742],
        [  570,  570,  388,  679,  375,  326,  160,  515,  300,  724,  602,  445,  978,  256,  418,  495,  386,   29,    0,  444,  328,   67,  696,  812,  279,  257,  373,  194,  381,  618,  541,  423,  819,  715],
        [  884,  884,  802,  975,  369,  195,  525,  204,  227,  586,  680,  389,  856,  195,  712,  247,  141,  434,  444,    0,  207,  499,  799,  630,  674,  228,  467,  517,  231,  629,  170,  527,  693,  933],
        [  682,  682,  631,  770,  169,  273,  354,  190,   30,  462,  486,  208,  735,  113,  511,  170,   77,  331,  328,  207,    0,  363,  604,  532,  599,   74,  262,  470,   63,  448,  225,  323,  568,  727],
        [  509,  509,  322,  619,  381,  391,  108,  552,  334,  725,  575,  451,  971,  306,  363,  525,  427,   93,   67,  499,  363,    0,  661,  818,  277,  297,  359,  231,  410,  600,  583,  403,  816,  663],
        [  399,  399,  626,  392,  435,  861,  557,  652,  596,  393,  120,  412,  456,  688,  365,  588,  658,  721,  696,  799,  604,  661,    0,  476,  921,  628,  357,  888,  568,  194,  717,  293,  389,  232],
        [  823,  823,  953,  850,  438,  786,  750,  426,  548,  102,  411,  368,  235,  645,  712,  389,  529,  826,  812,  630,  532,  818,  476,    0, 1090,  599,  476,  986,  469,  317,  473,  462,  107,  705],
        [  688,  688,  413,  797,  652,  504,  369,  782,  573,  999,  844,  722, 1247,  510,  584,  769,  648,  270,  279,  674,  599,  277,  921, 1090,    0,  526,  635,  165,  656,  875,  799,  677, 1092,  883],
        [  661,  661,  581,  755,  202,  234,  302,  259,   52,  524,  512,  257,  795,   61,  489,  243,  131,  259,  257,  228,   74,  297,  628,  599,  526,    0,  273,  397,  134,  487,  286,  337,  629,  729],
        [  448,  448,  490,  524,  108,  506,  277,  373,  247,  378,  246,  143,  612,  333,  288,  314,  329,  394,  373,  467,  262,  359,  357,  476,  635,  273,    0,  564,  245,  246,  433,   65,  460,  466],
        [  725,  725,  488,  836,  555,  342,  339,  644,  447,  903,  796,  624, 1164,  369,  591,  639,  508,  171,  194,  517,  470,  231,  888,  986,  165,  397,  564,    0,  531,  809,  653,  616, 1002,  892],
        [  683,  683,  659,  765,  140,  329,  388,  150,   84,  400,  449,  161,  674,  176,  515,  115,   91,  386,  381,  231,   63,  410,  568,  469,  656,  134,  245,  531,    0,  403,  199,  301,  508,  708],
        [  508,  508,  662,  536,  285,  718,  509,  466,  447,  220,   97,  243,  384,  547,  407,  404,  492,  639,  618,  629,  448,  600,  194,  317,  875,  487,  246,  809,  403,    0,  532,  199,  257,  404],
        [  879,  879,  853,  957,  326,  358,  578,   66,  254,  443,  600,  314,  705,  290,  712,  130,  156,  539,  541,  170,  225,  583,  717,  473,  799,  286,  433,  653,  199,  532,    0,  482,  547,  884],
        [  412,  412,  492,  478,  161,  570,  311,  419,  310,  362,  184,  175,  577,  397,  264,  358,  387,  446,  423,  527,  323,  403,  293,  462,  677,  337,   65,  616,  301,  199,  482,    0,  433,  408],
        [  758,  758,  916,  774,  447,  834,  737,  493,  580,  109,  343,  380,  167,  681,  663,  447,  579,  836,  819,  693,  568,  816,  389,  107, 1092,  629,  460, 1002,  508,  257,  547,  433,    0,  620],
        [  230,  230,  515,  177,  568,  951,  557,  820,  710,  618,  309,  571,  678,  785,  303,  756,  794,  742,  715,  933,  727,  663,  232,  705,  883,  729,  466,  892,  708,  404,  884,  408,  620,    0]
    ]
}
