{
    "name": "random-6-7076",
    "comment": "size=6 seed=7076",
    "nodes": ["+0", "-0", "+1", "-1", "+2", "-2", "+3", "-3", "+4", "-4", "+5", "-5", "+6", "-6"],
    "precedence": {
        "+0": "-0",
        "+1": "-1",
        "+2": "-2",
        "+3": "-3",
        "+4": "-4",
        "+5": "-5",
        "+6": "-6"
    },
    "edges": [
        [    0,    0,  322,  210,  340,  635,  365,  128,  266,  215,  480,  722,  932,  688],
        [    0,    0,  322,  210,  340,  635,  365,  128,  266,  215,  480,  722,  932,  688],
        [  322,  322,    0,  492,  565,  347,  562,  367,  113,  520,  765,  746,  936,  838],
        [  210,  210,  492,    0,  153,  751,  196,  127,  404,   61,  276,  619,  827,  513],
        [  340,  340,  565,  153,    0,  763,   53,  221,  460,  200,  238,  489,  691,  360],
        [  635,  635,  347,  751,  763,    0,  738,  629,  370,  795,  996,  711,  846,  917],
        [  365,  365,  562,  196,   53,  738,    0,  239,  453,  247,  277,  436,  639,  325],
        [  128,  128,  367,  127,  221,  629,  239,    0,  277,  167,  399,  602,  813,  561],
        [  266,  266,  113,  404,  460,  370,  453,  277,    0,  439,  670,  644,  839,  726],
        [  215,  215,  520,   61,  200,  795,  247,  167,  439,    0,  268,  677,  883,  555],
        [  480,  480,  765,  276,  238,  996,  277,  399,  670,  268,    0,  662,  841,  430],
        [  722,  722,  746,  619,  489,  711,  436,  602,  644,  677,  662,    0,  211,  306],
        [  932,  932,  936,  827,  691,  846,  639,  813,  839,  883,  841,  211,    0,  434],
        [  688,  688,  838,  513,  360,  917,  325,  561,  726,  555,  430,  306,  434,    0]
    ]
}
