{
    "name": "random-80-8758",
    "comment": "size=80 seed=8758",
    "nodes": ["+0", "-0", "+1", "-1", "+2", "-2", "+3", "-3", "+4", "-4", "+5", "-5", "+6", "-6", "+7", "-7", "+8", "-8", "+9", "-9", "+10", "-10", "+11", "-11", "+12", "-12", "+13", "-13", "+14", "-14", "+15", "-15", "+16", "-16", "+17", "-17", "+18", "-18", "+19", "-19", "+20", "-20", "+21", "-21", "+22", "-22", "+23", "-23", "+24", "-24", "+25", "-25", "+26", "-26", "+27", "-27", "+28", "-28", "+29", "-29", "+30", "-30", "+31", "-31", "+32", "-32", "+33", "-33", "+34", "-34", "+35", "-35", "+36", "-36", "+37", "-37", "+38", "-38", "+39", "-39", "+40", "-40", "+41", "-41", "+42", "-42", "+43", "-43", "+44", "-44", "+45", "-45", "+46", "-46", "+47", "-47", "+48", "-48", "+49", "-49", "+50", "-50", "+51", "-51", "+52", "-52", "+53", "-53", "+54", "-54", "+55", "-55", "+56", "-56", "+57", "-57", "+58", "-58", "+59", "-59", "+60", "-60", "+61", "-61", "+62", "-62", "+63", "-63", "+64", "-64", "+65", "-65", "+66", "-66", "+67", "-67", "+68", "-68", "+69", "-69", "+70", "-70", "+71", "-71", "+72", "-72", "+73", "-73", "+74", "-74", "+75", "-75", "+76", "-76", "+77", "-77", "+78", "-78", "+79", "-79", "+80", "-80"],
    "precedence": {
        "+0": "-0",
        "+1": "-1",
        "+2": "-2",
        "+3": "-3",
        "+4": "-4",
        "+5": "-5",
        "+6": "-6",
        "+7": "-7",
        "+8": "-8",
        "+9": "-9",
        "+10": "-10",
        "+11": "-11",
        "+12": "-12",
        "+13": "-13",
        "+14": "-14",
        "+15": "-15",
        "+16": "-16",
        "+17": "-17",
        "+18": "-18",
        "+19": "-19",
        "+20": "-20",
        "+21": "-21",
        "+22": "-22",
        "+23": "-23",
        "+24": "-24",
        "+25": "-25",
        "+26": "-26",
        "+27": "-27",
        "+28": "-28",
        "+29": "-29",
        "+30": "-30",
        "+31": "-31",
        "+32": "-32",
        "+33": "-33",
        "+34": "-34",
        "+35": "-35",
        "+36": "-36",
        "+37": "-37",
        "+38": "-38",
        "+39": "-39",
        "+40": "-40",
        "+41": "-41",
        "+42": "-42",
        "+43": "-43",
        "+44": "-44",
        "+45": "-45",
        "+46": "-46",
        "+47": "-47",
        "+48": "-48",
        "+49": "-49",
        "+50": "-50",
        "+51": "-51",
        "+52": "-52",
        "+53": "-53",
        "+54": "-54",
        "+55": "-55",
        "+56": "-56",
        "+57": "-57",
        "+58": "-58",
        "+59": "-59",
        "+60": "-60",
        "+61": "-61",
        "+62": "-62",
        "+63": "-63",
        "+64": "-64",
        "+65": "-65",
        "+66": "-66",
        "+67": "-67",
        "+68": "-68",
        "+69": "-69",
        "+70": "-70",
        "+71": "-71",
        "+72": "-72",
        "+73": "-73",
        "+74": "-74",
        "+75": "-75",
        "+76": "-76",
        "+77": "-77",
        "+78": "-78",
        "+79": "-79",
        "+80": "-80"
    },
    "edges": [
        [    0,    0,  480,  301,  327,  506,   46,  569,  308,   36,  584,  532,  747,  501,  365,   66,  638,  295,  185,  217,  573,  676,  278,  579,  785,  637,  200,  352,  123,  415,   40,  656,  375,  667,  502,  319,  516,  539,  519,  506,  302,  633,  788,  550,  534,  693,  233,  563,  306,  330,  148,  740,  291,  546,  371,  541,  476,  562,  388,  536,  764,  446,  685,  511,  492,  575,  232,  373,  410,  527,  190,  401,  214,  597,  453,  697,  392,   64,  231,  242,  482,  406,  281,  509,  309,  197,  732,  395,  623,  620,  470,  316,  187,  314,  463,  563,  611,  551,  680,  187,  314,  146,  762,  333,  525,  187,  315,  562,  380,  331,  325,  376,  242,  226,  638,  371,  248,  193,  229,  601,  150,  505,  190,  603,  363,  375,  694,  742,  583,  147,  717,  743,  661,  213,  390,  355,  331,  311,  583,  569,  528,  421,  666,  445,  420,  635,  499,  123,  746,  112,  301,  541,  536,  504,  175,  335,  217,  735,  414,  177,  503,  431],
        [    0,    0,    0,    0,    0,    0,    0,    0,    0,    0,    0,    0,    0,    0,    0,    0,    0,    0,    0,    0,    0,    0,    0,    0,    0,    0,    0,    0,    0,    0,    0,    0,    0,    0,    0,    0,    0,    0,    0,    0,    0,    0,    0,    0,    0,    0,    0,    0,    0,    0,    0,    0,    0,    0,    0,    0,    0,    0,    0,    0,    0,    0,    0,    0,    0,    0,    0,    0,    0,    0,    0,    0,    0,    0,    0,    0,    0,    0,    0,    0,    0,    0,    0,    0,    0,    0,    0,    0,    0,    0,    0,    0,    0,    0,    0,    0,    0,    0,    0,    0,    0,    0,    0,    0,    0,    0,    0,    0,    0,    0,    0,    0,    0,    0,    0,    0,    0,    0,    0,    0,    0,    0,    0,    0,    0,    0,    0,    0,    0,    0,    0,    0,    0,    0,    0,    0,    0,    0,    0,    0,    0,    0,    0,    0,    0,    0,    0,    0,    0,    0,    0,    0,    0,    0,    0,    0,    0,    0,    0,    0,    0,    0],
        [  480,    0,    0,  775,  799,  210,  437,  337,  687,  480,  944,  796,  482,  708,  249,  496,  396,  604,  664,  333,  173,  793,  686,  952,  678,  665,  659,  808,  386,  477,  499,  748,  340,  711,   45,  794,   43,  497,  145,  876,  467,  223,  588,  307,   56,  370,  629,  718,  176,  597,  363,  708,  496,   68,  827,  767,  657,  263,  822,  687,  620,  286,  341,  689,   20,  794,  711,  184,  181,   75,  458,  848,  675,  169,  385,  777,  749,  468,  655,  721,  756,  879,  428,  584,  779,  381,  694,  551,  928,  862,  359,  237,  652,  168,  456,  299,  957,  458,  865,  296,  722,  338,  536,  665,  122,  639,  711,  851,  102,  209,  258,  580,  620,  549,  578,  147,  705,  454,  693,  347,  591,  845,  627,  575,  839,  820,  368,  596,  123,  562,  966,  581,  952,  690,  837,  781,  811,  526,  109,   95,  798,   95,  312,  143,  401,  851,  882,  602, 1045,  591,  486,  620,  112,  776,  310,  805,  677,  675,  154,  329,  184,  295],
        [  301,    0,  775,    0,  160,  766,  341,  854,  363,  296,  550,  609, 1026,  631,  658,  311,  919,  435,  136,  506,  873,  822,  313,  529, 1018,  835,  212,   96,  393,  649,  277,  819,  650,  853,  793,   20,  808,  782,  794,  482,  532,  933, 1049,  838,  830,  985,  221,  709,  600,  484,  443,  950,  422,  839,  109,  647,  630,  813,  307,  692, 1011,  733,  980,  657,  785,  676,  103,  645,  709,  816,  431,  281,  203,  898,  719,  860,  429,  309,  281,   82,  566,  192,  460,  712,  167,  474,  944,  591,  641,  692,  744,  582,  127,  613,  709,  803,  587,  807,  783,  487,  193,  438, 1031,  428,  826,  150,  343,  609,  674,  630,  581,  552,  245,  400,  871,  654,  210,  436,  189,  887,  264,  517,  174,  830,  151,  274,  986,  992,  870,  234,  765,  997,  684,   91,  140,  169,   61,  510,  881,  866,  602,  721,  961,  720,  680,  724,  460,  184,  744,  190,  522,  735,  836,  583,  476,   44,  204,  955,  714,  453,  770,  716],
        [  327,    0,  799,  160,    0,  830,  373,  812,  240,  340,  391,  468,  972,  506,  636,  304,  871,  334,  152,  489,  868,  695,  194,  369,  926,  729,  145,  252,  444,  573,  322,  698,  606,  741,  825,  159,  837,  704,  846,  325,  464,  925,  978,  802,  851,  950,  352,  586,  628,  382,  441,  846,  535,  866,  262,  512,  515,  885,  149,  574,  929,  698,  950,  536,  812,  539,  114,  700,  699,  851,  385,  122,  129,  898,  663,  738,  288,  364,  184,  120,  429,   80,  559,  614,   23,  448,  842,  498,  485,  547,  693,  641,  228,  632,  638,  881,  429,  738,  642,  504,  348,  473,  967,  308,  827,  260,  212,  460,  701,  624,  646,  452,  377,  323,  783,  698,  107,  390,  109,  846,  216,  364,  290,  740,   48,  115,  951,  912,  907,  331,  612,  920,  528,  161,  293,  329,  112,  427,  898,  884,  459,  730,  936,  772,  620,  581,  302,  212,  585,  229,  450,  631,  841,  443,  490,  194,  127,  858,  710,  502,  829,  680],
        [  506,    0,  210,  766,  830,    0,  461,  545,  776,  491, 1050,  932,  690,  857,  421,  546,  605,  714,  681,  444,  377,  968,  762, 1053,  884,  853,  704,  774,  386,  644,  509,  927,  511,  898,  173,  785,  192,  688,   76,  977,  604,  419,  797,  514,  236,  576,  577,  881,  251,  720,  441,  906,  396,  212,  791,  913,  810,   66,  887,  849,  828,  480,  544,  844,  196,  944,  726,  136,  369,  161,  559,  904,  719,  364,  571,  959,  850,  468,  722,  731,  887,  907,  332,  758,  813,  488,  893,  702, 1056, 1008,  552,  190,  640,  273,  637,   92, 1070,  655, 1026,  361,  663,  365,  745,  771,  330,  617,  794,  982,  214,  362,  186,  721,  561,  648,  776,  159,  752,  556,  734,  556,  645,  957,  597,  768,  862,  878,  573,  803,  178,  533, 1113,  789, 1085,  693,  793,  726,  813,  657,  275,  266,  932,  282,  515,   85,  578, 1004,  977,  619, 1177,  604,  620,  796,  317,  909,  377,  786,  721,  876,  342,  329,   27,  485],
        [   46,    0,  437,  341,  373,  461,    0,  543,  342,   48,  620,  556,  722,  518,  335,   96,  613,  318,  229,  193,  535,  687,  316,  616,  775,  637,  244,  386,   81,  410,   66,  663,  355,  670,  458,  360,  472,  529,  473,  543,  302,  596,  770,  522,  491,  663,  247,  575,  262,  348,  123,  737,  270,  502,  405,  561,  488,  518,  431,  547,  751,  420,  653,  524,  448,  595,  276,  328,  376,  482,  194,  445,  258,  558,  436,  704,  425,   56,  270,  286,  506,  451,  251,  510,  354,  183,  727,  400,  654,  643,  450,  271,  222,  272,  453,  519,  646,  536,  698,  147,  334,  101,  741,  361,  486,  217,  352,  590,  336,  297,  281,  387,  252,  246,  629,  326,  292,  196,  273,  574,  190,  538,  215,  597,  408,  418,  664,  728,  538,  161,  743,  727,  691,  254,  421,  381,  374,  320,  541,  526,  553,  380,  633,  400,  406,  655,  537,  167,  777,  155,  304,  544,  496,  528,  137,  373,  261,  728,  378,  132,  458,  406],
        [  569,    0,  337,  854,  812,  545,  543,    0,  616,  589,  805,  611,  182,  507,  210,  544,   73,  510,  720,  353,  202,  522,  640,  824,  342,  371,  671,  918,  542,  279,  604,  471,  206,  417,  379,  870,  366,  211,  481,  756,  355,  213,  259,   32,  330,  141,  787,  483,  381,  476,  422,  384,  729,  362,  937,  563,  454,  600,  772,  456,  283,  123,  152,  474,  354,  581,  762,  479,  201,  403,  429,  811,  686,  237,  160,  489,  643,  595,  631,  779,  587,  887,  670,  339,  789,  380,  371,  376,  748,  651,  123,  502,  754,  347,  219,  635,  805,  156,  619,  415,  876,  483,  214,  564,  226,  755,  648,  673,  356,  264,  531,  424,  788,  493,  261,  433,  705,  424,  706,   34,  603,  706,  757,  272,  859,  784,  144,  259,  428,  703,  745,  245,  759,  764,  957,  922,  866,  407,  324,  322,  617,  271,  151,  470,  203,  626,  772,  671,  848,  669,  373,  365,  245,  602,  417,  893,  687,  347,  220,  509,  520,  138],
        [  308,    0,  687,  363,  240,  776,  342,  616,    0,  339,  279,  252,  761,  270,  474,  247,  667,  108,  256,  354,  713,  460,   51,  278,  691,  491,  164,  457,  422,  353,  331,  461,  420,  501,  722,  371,  729,  479,  770,  203,  262,  764,  752,  612,  731,  757,  469,  349,  537,  150,  337,  607,  592,  753,  472,  284,  275,  838,  157,  335,  698,  516,  764,  298,  704,  315,  266,  640,  547,  752,  230,  198,  167,  747,  459,  501,   86,  370,   93,  286,  206,  297,  588,  378,  220,  306,  604,  268,  320,  340,  494,  595,  351,  527,  420,  846,  305,  520,  423,  416,  508,  419,  748,   69,  682,  378,   33,  266,  600,  485,  611,  219,  489,  139,  551,  623,  154,  234,  176,  650,  165,  199,  403,  507,  285,  173,  759,  683,  807,  406,  426,  692,  360,  305,  502,  514,  338,  210,  770,  757,  246,  602,  754,  702,  415,  366,  201,  268,  440,  284,  244,  392,  700,  224,  400,  406,  165,  620,  565,  464,  767,  497],
        [   36,    0,  480,  296,  340,  491,   48,  589,  339,    0,  614,  566,  769,  536,  383,  101,  659,  330,  192,  238,  582,  711,  307,  607,  815,  670,  222,  338,  105,  446,   20,  690,  399,  701,  499,  315,  514,  569,  509,  536,  334,  643,  814,  569,  535,  711,  204,  598,  305,  365,  168,  772,  257,  544,  358,  576,  511,  546,  412,  571,  792,  466,  701,  546,  490,  610,  237,  361,  423,  523,  223,  421,  234,  605,  479,  731,  424,   31,  259,  245,  516,  416,  250,  542,  323,  224,  763,  429,  656,  654,  494,  301,  176,  317,  492,  543,  642,  578,  715,  194,  289,  142,  786,  366,  533,  169,  345,  596,  379,  344,  307,  411,  211,  261,  668,  363,  268,  226,  247,  620,  178,  537,  168,  634,  373,  396,  711,  770,  578,  118,  752,  770,  695,  212,  374,  334,  333,  345,  585,  570,  562,  426,  680,  435,  447,  669,  528,  129,  778,  115,  335,  575,  542,  538,  184,  327,  237,  766,  425,  164,  490,  453],
        [  584,    0,  944,  550,  391, 1050,  620,  805,  279,  614,    0,  212,  913,  313,  711,  525,  839,  341,  491,  616,  941,  440,  308,   34,  763,  550,  410,  642,  700,  527,  604,  469,  637,  536,  982,  549,  987,  620, 1039,   78,  483,  985,  868,  810,  983,  941,  715,  375,  806,  350,  610,  655,  862, 1008,  651,  272,  360, 1113,  244,  385,  794,  729,  956,  353,  962,  276,  479,  915,  786, 1013,  494,  273,  404,  978,  648,  496,  201,  645,  356,  494,  221,  392,  863,  488,  385,  569,  657,  430,  122,  235,  686,  872,  587,  793,  587, 1123,   39,  673,  340,  690,  731,  697,  880,  281,  920,  619,  270,  156,  865,  736,  889,  385,  737,  404,  654,  895,  375,  497,  402,  835,  437,  101,  648,  611,  414,  277,  944,  787, 1066,  666,  251,  803,  159,  527,  682,  718,  501,  423, 1016, 1005,  203,  853,  954,  974,  608,  280,   92,  524,  196,  542,  464,  480,  939,  210,  674,  584,  401,  685,  809,  742, 1040,  711],
        [  532,    0,  796,  609,  468,  932,  556,  611,  252,  566,  212,    0,  707,  106,  550,  466,  638,  239,  508,  489,  766,  244,  301,  239,  553,  339,  415,  704,  629,  340,  562,  265,  466,  328,  837,  615,  838,  416,  908,  198,  331,  804,  657,  620,  828,  743,  718,  164,  682,  216,  506,  447,  822,  856,  718,   62,  157,  997,  334,  174,  583,  551,  762,  144,  814,   76,  515,  802,  625,  868,  384,  378,  418,  804,  460,  297,  181,  595,  344,  535,   50,  502,  806,  282,  452,  447,  448,  249,  138,   89,  498,  770,  602,  662,  393, 1013,  201,  470,  175,  582,  760,  608,  671,  203,  752,  629,  268,   62,  730,  588,  792,  216,  737,  310,  443,  773,  402,  385,  426,  640,  407,  134,  653,  401,  506,  366,  746,  576,  918,  649,  188,  592,  157,  556,  748,  765,  576,  276,  854,  844,   10,  702,  761,  850,  424,  115,  225,  516,  250,  531,  314,  270,  773,   29,  567,  650,  416,  475,  650,  657,  918,  534],
        [  747,    0,  482, 1026,  972,  690,  722,  182,  761,  769,  913,  707,    0,  602,  391,  718,  110,  654,  891,  531,  316,  557,  792,  936,  268,  401,  836, 1093,  724,  409,  783,  507,  376,  438,  518, 1042,  500,  295,  620,  875,  509,  289,  126,  207,  458,  123,  967,  555,  556,  614,  601,  359,  908,  488, 1113,  651,  554,  738,  917,  536,  199,  303,  160,  564,  495,  660,  931,  643,  377,  536,  597,  959,  850,  337,  310,  510,  774,  776,  789,  949,  693, 1045,  848,  426,  950,  555,  346,  501,  838,  727,  283,  674,  930,  523,  343,  777,  907,  245,  670,  596, 1056,  664,   70,  703,  361,  933,  794,  768,  522,  444,  702,  552,  969,  650,  277,  598,  866,  592,  870,  154,  770,  819,  936,  312, 1020,  933,  126,  183,  546,  883,  807,  160,  840,  937, 1134, 1101, 1035,  553,  434,  438,  714,  435,  186,  623,  352,  693,  895,  845,  921,  844,  524,  439,  374,  704,  598, 1066,  851,  314,  391,  689,  664,  317],
        [  501,    0,  708,  631,  506,  857,  518,  507,  270,  536,  313,  106,  602,    0,  460,  436,  533,  212,  515,  419,  667,  191,  319,  339,  459,  246,  425,  724,  584,  241,  536,  194,  373,  244,  751,  640,  750,  310,  827,  287,  254,  703,  555,  517,  737,  637,  708,   81,  608,  172,  448,  359,  788,  766,  740,   59,   54,  922,  389,   77,  484,  452,  657,   40,  727,   87,  532,  731,  533,  782,  331,  435,  431,  705,  359,  232,  225,  564,  352,  552,   99,  553,  764,  177,  487,  383,  359,  158,  242,  155,  397,  706,  603,  585,  289,  941,  306,  365,  181,  519,  762,  555,  567,  204,  657,  626,  295,  168,  649,  504,  729,  140,  725,  277,  341,  699,  423,  331,  443,  535,  398,  225,  647,  299,  549,  418,  641,  475,  830,  633,  259,  491,  254,  566,  769,  776,  607,  208,  760,  751,  113,  614,  657,  774,  325,  147,  311,  511,  345,  523,  240,  167,  678,  104,  506,  674,  430,  382,  559,  604,  841,  436],
        [  365,    0,  249,  658,  636,  421,  335,  210,  474,  383,  711,  550,  391,  460,    0,  348,  281,  378,  527,  152,  239,  550,  486,  723,  496,  433,  491,  716,  334,  229,  398,  507,   92,  478,  293,  675,  291,  273,  377,  648,  228,  293,  454,  187,  278,  329,  578,  470,  198,  361,  217,  497,  526,  307,  735,  519,  408,  484,  623,  439,  454,   90,  323,  440,  269,  546,  572,  317,   76,  324,  255,  657,  507,  273,  155,  539,  523,  387,  466,  587,  512,  714,  471,  339,  613,  189,  484,  303,  684,  614,  145,  322,  551,  165,  217,  511,  720,  251,  616,  206,  668,  275,  417,  439,  210,  550,  503,  607,  207,   67,  351,  335,  579,  337,  369,  275,  531,  250,  527,  240,  421,  611,  550,  354,  681,  629,  330,  430,  371,  495,  718,  423,  706,  567,  754,  716,  677,  288,  306,  296,  552,  155,  305,  337,  158,  602,  658,  474,  799,  469,  247,  377,  229,  532,  208,  695,  509,  473,  100,  303,  400,   82],
        [   66,    0,  496,  311,  304,  546,   96,  544,  247,  101,  525,  466,  718,  436,  348,    0,  610,  229,  180,  197,  571,  613,  221,  521,  738,  581,  164,  376,  176,  365,  101,  595,  342,  609,  523,  328,  535,  493,  551,  448,  248,  630,  750,  528,  548,  674,  286,  499,  327,  265,  139,  687,  357,  563,  396,  476,  412,  605,  342,  473,  721,  423,  670,  447,  510,  509,  225,  411,  403,  550,  136,  360,  179,  598,  416,  636,  330,  130,  178,  240,  416,  384,  344,  452,  283,  164,  678,  335,  560,  554,  437,  359,  215,  329,  417,  609,  551,  510,  615,  202,  359,  182,  727,  268,  527,  224,  257,  497,  399,  326,  371,  313,  298,  160,  589,  402,  211,  140,  197,  577,  100,  443,  235,  553,  345,  333,  675,  700,  606,  203,  652,  702,  597,  221,  417,  393,  330,  250,  595,  581,  462,  427,  652,  479,  379,  569,  442,  128,  682,  127,  245,  483,  540,  438,  187,  350,  182,  683,  411,  222,  541,  406],
        [  638,    0,  396,  919,  871,  605,  613,   73,  667,  659,  839,  638,  110,  533,  281,  610,    0,  560,  784,  422,  243,  521,  694,  860,  295,  366,  732,  985,  614,  320,  674,  470,  269,  409,  435,  936,  420,  225,  538,  795,  410,  236,  193,  100,  381,  107,  858,  498,  452,  523,  492,  357,  801,  412, 1005,  586,  482,  657,  823,  475,  231,  194,  134,  497,  411,  601,  826,  546,  271,  456,  492,  864,  747,  273,  210,  483,  687,  666,  689,  844,  619,  945,  742,  358,  848,  447,  343,  415,  774,  670,  178,  572,  822,  418,  255,  694,  836,  169,  626,  486,  947,  555,  145,  612,  278,  824,  699,  700,  423,  336,  600,  465,  860,  550,  245,  500,  764,  486,  767,   50,  665,  742,  826,  267,  918,  838,  111,  208,  476,  773,  758,  190,  781,  830, 1025,  992,  930,  457,  366,  367,  645,  337,  147,  532,  253,  641,  812,  738,  866,  736,  426,  379,  295,  632,  489,  959,  748,  316,  289,  581,  579,  207],
        [  295,    0,  604,  435,  334,  714,  318,  510,  108,  330,  341,  239,  654,  212,  378,  229,  560,    0,  310,  275,  615,  399,  141,  349,  594,  402,  223,  524,  391,  246,  328,  389,  317,  419,  641,  446,  646,  374,  699,  273,  158,  664,  648,  507,  645,  650,  497,  283,  466,   50,  276,  517,  585,  669,  541,  247,  199,  777,  264,  262,  596,  413,  659,  230,  621,  281,  333,  580,  453,  672,  155,  305,  233,  650,  352,  430,  146,  359,  156,  353,  189,  398,  568,  282,  312,  228,  512,  165,  346,  326,  387,  542,  393,  452,  313,  790,  358,  413,  387,  355,  552,  374,  642,   62,  588,  415,  140,  276,  524,  397,  561,  120,  513,   73,  450,  556,  234,  158,  249,  543,  188,  245,  435,  407,  380,  280,  653,  580,  726,  422,  426,  589,  379,  361,  569,  569,  420,  103,  680,  668,  236,  514,  650,  635,  308,  340,  281,  300,  469,  311,  139,  302,  606,  212,  339,  478,  232,  526,  473,  422,  702,  394],
        [  185,    0,  664,  136,  152,  681,  229,  720,  256,  192,  491,  508,  891,  515,  527,  180,  784,  310,    0,  376,  749,  705,  208,  476,  885,  707,   93,  217,  296,  514,  173,  698,  516,  727,  686,  152,  700,  647,  700,  415,  397,  808,  914,  705,  717,  852,  224,  590,  490,  358,  317,  820,  390,  730,  235,  538,  508,  734,  257,  571,  876,  600,  848,  537,  676,  569,   48,  552,  582,  711,  295,  252,   92,  775,  584,  739,  334,  214,  165,   61,  461,  226,  409,  582,  139,  341,  813,  460,  562,  595,  609,  492,   98,  497,  574,  730,  525,  671,  677,  370,  253,  330,  895,  313,  704,  129,  244,  518,  564,  504,  496,  424,  247,  268,  737,  553,  117,  300,   89,  753,  130,  437,  158,  697,  182,  232,  853,  857,  766,  185,  678,  861,  604,   52,  262,  261,  151,  378,  766,  752,  501,  601,  831,  626,  544,  622,  399,   63,  676,   78,  388,  606,  716,  480,  356,  178,   94,  823,  589,  355,  681,  583],
        [  217,    0,  333,  506,  489,  444,  193,  353,  354,  238,  616,  489,  531,  419,  152,  197,  422,  275,  376,    0,  379,  555,  355,  622,  591,  476,  345,  566,  213,  244,  252,  522,  164,  514,  369,  524,  375,  347,  425,  546,  166,  437,  578,  334,  378,  479,  440,  455,  194,  276,   71,  564,  424,  400,  586,  473,  375,  509,  492,  423,  562,  230,  474,  411,  350,  505,  421,  314,  210,  399,  125,  521,  361,  409,  245,  560,  418,  248,  328,  436,  443,  569,  380,  356,  468,   49,  553,  270,  612,  566,  258,  288,  402,  178,  273,  525,  632,  347,  595,  106,  526,  162,  548,  335,  340,  403,  379,  538,  250,  137,  312,  280,  444,  216,  448,  286,  387,  121,  381,  385,  274,  519,  405,  420,  533,  493,  481,  539,  453,  354,  671,  536,  641,  416,  605,  570,  526,  214,  419,  406,  489,  250,  456,  363,  219,  566,  550,  323,  734,  318,  179,  393,  355,  466,   97,  544,  363,  550,  222,  206,  430,  215],
        [  573,    0,  173,  873,  868,  377,  535,  202,  713,  582,  941,  766,  316,  667,  239,  571,  243,  615,  749,  379,    0,  712,  724,  955,  537,  567,  724,  920,  505,  427,  600,  663,  304,  614,  204,  892,  186,  401,  305,  882,  461,   62,  430,  176,  143,  199,  757,  658,  299,  594,  433,  586,  650,  173,  939,  726,  614,  423,  862,  629,  474,  216,  168,  640,  183,  748,  795,  350,  170,  220,  493,  895,  740,   39,  311,  685,  759,  578,  703,  809,  734,  947,  583,  515,  846,  422,  572,  518,  903,  819,  275,  395,  757,  274,  384,  462,  948,  350,  800,  389,  851,  449,  375,  675,   56,  750,  741,  826,  240,  245,  420,  558,  752,  576,  461,  308,  765,  488,  759,  199,  653,  841,  743,  469,  912,  867,  197,  450,  233,  681,  918,  433,  920,  784,  954,  905,  899,  520,  124,  124,  770,  163,  140,  315,  343,  799,  893,  691, 1012,  683,  480,  546,   62,  751,  399,  907,  741,  548,  160,  455,  350,  233],
        [  676,    0,  793,  822,  695,  968,  687,  522,  460,  711,  440,  244,  557,  191,  550,  613,  521,  399,  705,  555,  712,    0,  510,  471,  344,  158,  615,  915,  745,  325,  713,   52,  458,  120,  838,  831,  833,  312,  926,  440,  395,  733,  475,  541,  810,  627,  892,  116,  728,  353,  599,  229,  955,  842,  931,  188,  202, 1032,  571,  141,  391,  511,  655,  169,  812,  169,  723,  853,  613,  868,  494,  616,  622,  750,  411,   59,  409,  737,  543,  743,  270,  738,  924,  211,  676,  529,  236,  290,  330,  207,  441,  839,  791,  699,  338, 1057,  417,  366,  119,  660,  950,  708,  505,  395,  717,  813,  485,  286,  755,  607,  865,  301,  908,  457,  282,  816,  614,  492,  634,  541,  586,  377,  832,  255,  736,  602,  631,  392,  909,  814,  259,  413,  315,  756,  960,  966,  797,  368,  822,  816,  253,  701,  664,  884,  393,  163,  468,  698,  380,  709,  387,  174,  738,  262,  650,  865,  620,  268,  640,  755,  948,  500],
        [  278,    0,  686,  313,  194,  762,  316,  640,   51,  307,  308,  301,  792,  319,  486,  221,  694,  141,  208,  355,  724,  510,    0,  301,  733,  536,  116,  407,  397,  386,  297,  510,  439,  549,  719,  321,  727,  515,  761,  230,  286,  778,  789,  634,  733,  780,  424,  398,  529,  189,  329,  652,  556,  753,  422,  335,  323,  823,  138,  383,  737,  534,  785,  347,  702,  365,  216,  626,  556,  748,  233,  173,  117,  757,  485,  550,  128,  338,   49,  236,  256,  257,  556,  420,  173,  308,  648,  306,  361,  388,  519,  577,  303,  523,  452,  829,  337,  552,  473,  406,  460,  400,  781,  117,  690,  331,   40,  312,  596,  490,  591,  259,  445,  150,  591,  612,  104,  238,  126,  674,  130,  237,  358,  548,  241,  145,  782,  721,  804,  365,  472,  730,  402,  255,  452,  464,  289,  240,  774,  761,  295,  604,  774,  691,  442,  415,  222,  224,  479,  241,  269,  437,  707,  274,  390,  355,  115,  664,  572,  443,  755,  516],
        [  579,    0,  952,  529,  369, 1053,  616,  824,  278,  607,   34,  239,  936,  339,  723,  521,  860,  349,  476,  622,  955,  471,  301,    0,  791,  578,  398,  620,  697,  546,  597,  500,  651,  565,  989,  527,  995,  642, 1044,   77,  496, 1000,  894,  827,  993,  961,  699,  403,  810,  362,  613,  684,  852, 1017,  628,  301,  383, 1115,  224,  412,  821,  745,  975,  378,  970,  306,  461,  917,  798, 1020,  499,  249,  391,  992,  666,  528,  205,  638,  348,  475,  244,  365,  856,  512,  364,  574,  687,  448,  155,  268,  704,  872,  572,  798,  607, 1123,   69,  695,  373,  692,  712,  696,  905,  288,  932,  604,  264,  187,  871,  745,  888,  402,  723,  408,  680,  898,  361,  502,  388,  855,  430,  119,  633,  637,  389,  256,  964,  813, 1074,  654,  284,  829,  191,  510,  659,  697,  478,  436, 1027, 1015,  231,  863,  972,  977,  625,  313,   80,  512,  222,  530,  476,  505,  951,  235,  676,  561,  388,  713,  819,  740, 1043,  726],
        [  785,    0,  678, 1018,  926,  884,  775,  342,  691,  815,  763,  553,  268,  459,  496,  738,  295,  594,  885,  591,  537,  344,  733,  791,    0,  214,  809, 1100,  804,  374,  825,  301,  433,  230,  720, 1031,  707,  247,  822,  745,  491,  530,  152,  372,  670,  377, 1017,  389,  693,  544,  658,  116, 1011,  703, 1119,  491,  428,  940,  835,  383,   70,  415,  413,  420,  694,  489,  917,  805,  522,  744,  602,  880,  821,  567,  350,  288,  674,  831,  747,  937,  557,  988,  961,  313,  905,  593,  109,  430,  665,  543,  352,  817,  948,  658,  323,  974,  747,  248,  462,  684, 1096,  750,  200,  623,  567,  960,  722,  608,  685,  562,  846,  474, 1026,  619,  149,  760,  826,  598,  839,  339,  756,  682,  971,  188,  973,  859,  381,   89,  768,  931,  602,  110,  656,  936, 1144, 1128, 1011,  509,  660,  660,  561,  605,  434,  805,  372,  502,  770,  854,  723,  859,  499,  301,  585,  560,  681, 1061,  821,   79,  547,  787,  859,  417],
        [  637,    0,  665,  835,  729,  853,  637,  371,  491,  670,  550,  339,  401,  246,  433,  581,  366,  402,  707,  476,  567,  158,  536,  578,  214,    0,  624,  923,  682,  233,  676,  107,  347,   47,  710,  847,  702,  169,  804,  531,  336,  583,  327,  393,  676,  471,  866,  176,  625,  352,  532,  117,  895,  708,  940,  278,  219,  915,  628,  170,  247,  379,  500,  207,  684,  277,  733,  748,  487,  739,  448,  674,  634,  604,  282,  119,  465,  691,  557,  754,  344,  786,  855,  129,  709,  462,  115,  248,  456,  337,  307,  744,  781,  594,  217,  943,  535,  217,  270,  580,  935,  636,  351,  422,  578,  797,  520,  395,  640,  496,  772,  284,  877,  441,  125,  707,  635,  445,  650,  388,  579,  469,  812,  100,  775,  654,  475,  244,  776,  782,  408,  263,  451,  758,  968,  961,  821,  334,  682,  677,  348,  576,  510,  769,  277,  299,  556,  685,  526,  693,  336,  101,  599,  346,  572,  879,  633,  137,  515,  681,  831,  371],
        [  200,    0,  659,  212,  145,  704,  244,  671,  164,  222,  410,  415,  836,  425,  491,  164,  732,  223,   93,  345,  724,  615,  116,  398,  809,  624,    0,  302,  322,  444,  207,  610,  465,  642,  686,  224,  697,  577,  713,  333,  331,  781,  849,  660,  710,  808,  310,  501,  490,  273,  298,  739,  455,  726,  318,  446,  420,  762,  191,  482,  805,  556,  808,  448,  673,  477,  110,  571,  554,  713,  242,  201,   17,  753,  526,  651,  243,  250,   73,  130,  369,  224,  464,  501,  123,  303,  733,  381,  474,  503,  555,  515,  188,  491,  507,  762,  442,  607,  585,  365,  345,  341,  834,  222,  683,  217,  153,  427,  562,  480,  524,  341,  332,  193,  663,  564,   48,  248,   36,  705,   71,  349,  243,  622,  190,  175,  809,  787,  769,  256,  587,  793,  515,  142,  347,  352,  203,  302,  755,  741,  409,  587,  793,  641,  484,  529,  320,  115,  589,  133,  318,  523,  697,  388,  350,  255,   19,  745,  566,  376,  701,  538],
        [  352,    0,  808,   96,  252,  774,  386,  918,  457,  338,  642,  704, 1093,  724,  716,  376,  985,  524,  217,  566,  920,  915,  407,  620, 1100,  923,  302,    0,  422,  729,  321,  911,  718,  942,  821,   94,  838,  861,  810,  576,  611,  981, 1124,  900,  864, 1044,  200,  801,  635,  573,  499, 1036,  402,  869,   20,  741,  721,  815,  400,  784, 1090,  795, 1037,  749,  816,  771,  193,  662,  761,  841,  505,  371,  294,  942,  791,  952,  524,  343,  373,  172,  661,  269,  451,  798,  261,  539, 1030,  677,  735,  788,  813,  598,  165,  652,  787,  800,  680,  882,  878,  531,  134,  474, 1103,  521,  870,  171,  437,  704,  707,  682,  592,  640,  220,  484,  952,  677,  304,  510,  282,  950,  346,  612,  182,  913,  234,  366, 1045, 1070,  894,  247,  860, 1073,  778,  165,   46,   87,  143,  594,  915,  901,  697,  762, 1017,  737,  753,  819,  553,  250,  837,  250,  603,  822,  878,  677,  522,   59,  295, 1040,  763,  480,  781,  780],
        [  123,    0,  386,  393,  444,  386,   81,  542,  422,  105,  700,  629,  724,  584,  334,  176,  614,  391,  296,  213,  505,  745,  397,  697,  804,  682,  322,  422,    0,  451,  123,  718,  373,  718,  401,  412,  417,  559,  405,  623,  353,  566,  783,  519,  442,  652,  253,  636,  213,  417,  151,  775,  213,  449,  441,  630,  550,  441,  510,  607,  773,  422,  638,  587,  395,  664,  341,  257,  359,  423,  254,  523,  336,  524,  456,  758,  504,   85,  351,  348,  579,  521,  181,  558,  428,  221,  765,  456,  731,  715,  464,  197,  268,  233,  485,  440,  726,  559,  765,  128,  346,   60,  749,  437,  453,  253,  433,  665,  286,  283,  203,  449,  250,  319,  661,  262,  370,  255,  350,  571,  270,  617,  242,  632,  477,  497,  652,  749,  478,  178,  816,  746,  767,  312,  452,  401,  434,  380,  494,  479,  626,  344,  615,  331,  432,  725,  618,  234,  854,  219,  359,  594,  460,  602,  127,  420,  338,  763,  355,   61,  386,  412],
        [  415,    0,  477,  649,  573,  644,  410,  279,  353,  446,  527,  340,  409,  241,  229,  365,  320,  246,  514,  244,  427,  325,  386,  546,  374,  233,  444,  729,  451,    0,  455,  286,  138,  271,  521,  663,  518,  134,  605,  478,  118,  464,  406,  283,  501,  417,  647,  242,  404,  205,  301,  327,  664,  531,  747,  300,  187,  709,  508,  211,  363,  212,  430,  215,  496,  323,  549,  529,  297,  552,  229,  551,  457,  465,  122,  321,  368,  465,  389,  568,  312,  642,  623,  116,  550,  231,  318,   98,  478,  394,  160,  518,  575,  375,   67,  733,  529,  167,  388,  348,  723,  404,  396,  294,  417,  587,  385,  401,  431,  283,  545,  147,  657,  252,  225,  491,  468,  225,  476,  310,  386,  428,  599,  189,  620,  525,  420,  344,  597,  561,  495,  350,  494,  564,  772,  755,  647,  146,  521,  513,  345,  382,  427,  560,   84,  377,  495,  481,  585,  486,  127,  154,  438,  328,  340,  691,  458,  320,  325,  449,  625,  196],
        [   40,    0,  499,  277,  322,  509,   66,  604,  331,   20,  604,  562,  783,  536,  398,  101,  674,  328,  173,  252,  600,  713,  297,  597,  825,  676,  207,  321,  123,  455,    0,  694,  412,  706,  518,  296,  533,  578,  527,  526,  341,  661,  826,  584,  554,  727,  193,  599,  324,  365,  183,  780,  262,  563,  340,  574,  512,  563,  398,  573,  803,  481,  718,  547,  509,  608,  219,  380,  441,  542,  229,  406,  219,  623,  491,  735,  416,   44,  249,  226,  512,  398,  260,  548,  306,  235,  771,  433,  649,  651,  508,  319,  157,  336,  502,  560,  633,  589,  714,  212,  275,  161,  799,  362,  551,  153,  335,  590,  398,  362,  325,  413,  203,  260,  677,  382,  254,  232,  231,  636,  168,  529,  153,  643,  354,  381,  727,  781,  597,  107,  747,  781,  688,  193,  357,  319,  314,  349,  604,  589,  558,  445,  697,  453,  458,  667,  517,  111,  771,   96,  340,  580,  561,  534,  202,  309,  222,  774,  443,  182,  508,  467],
        [  656,    0,  748,  819,  698,  927,  663,  471,  461,  690,  469,  265,  507,  194,  507,  595,  470,  389,  698,  522,  663,   52,  510,  500,  301,  107,  610,  911,  718,  286,  694,    0,  417,   73,  793,  829,  787,  263,  883,  462,  366,  683,  428,  491,  764,  576,  877,  113,  690,  341,  570,  188,  930,  796,  927,  205,  190,  991,  582,  128,  345,  465,  604,  163,  767,  194,  718,  815,  568,  823,  470,  627,  617,  701,  365,   42,  418,  715,  539,  739,  283,  746,  896,  170,  679,  500,  193,  264,  366,  243,  394,  803,  780,  660,  293, 1016,  450,  316,  165,  628,  938,  678,  456,  393,  669,  800,  487,  314,  713,  566,  830,  282,  891,  442,  231,  776,  612,  468,  631,  490,  575,  399,  819,  204,  742,  611,  580,  345,  863,  796,  305,  365,  355,  749,  956,  957,  798,  345,  774,  768,  274,  656,  613,  843,  350,  202,  489,  686,  425,  696,  360,  132,  690,  279,  618,  862,  616,  223,  596,  725,  907,  454],
        [  375,    0,  340,  650,  606,  511,  355,  206,  420,  399,  637,  466,  376,  373,   92,  342,  269,  317,  516,  164,  304,  458,  439,  651,  433,  347,  465,  718,  373,  138,  412,  417,    0,  390,  384,  667,  381,  195,  469,  579,  160,  350,  415,  196,  365,  344,  602,  379,  279,  291,  233,  419,  579,  395,  737,  431,  320,  575,  574,  348,  400,   97,  347,  350,  359,  457,  557,  402,  161,  415,  224,  611,  481,  341,   83,  449,  458,  411,  427,  575,  431,  682,  529,  248,  584,  180,  407,  217,  602,  526,   96,  399,  555,  247,  130,  600,  644,  186,  525,  252,  687,  318,  387,  375,  287,  560,  450,  525,  297,  151,  428,  255,  607,  290,  295,  362,  500,  218,  500,  240,  397,  537,  565,  274,  653,  584,  346,  376,  460,  516,  629,  373,  622,  561,  759,  729,  661,  218,  389,  379,  469,  245,  336,  427,   70,  513,  591,  469,  715,  468,  179,  285,  307,  450,  249,  690,  482,  399,  188,  355,  491,   78],
        [  667,    0,  711,  853,  741,  898,  670,  417,  501,  701,  536,  328,  438,  244,  478,  609,  409,  419,  727,  514,  614,  120,  549,  565,  230,   47,  642,  942,  718,  271,  706,   73,  390,    0,  756,  864,  749,  216,  850,  524,  368,  629,  356,  439,  722,  514,  894,  167,  668,  369,  568,  120,  931,  754,  959,  267,  226,  961,  632,  170,  273,  426,  543,  208,  730,  260,  751,  792,  533,  785,  478,  678,  651,  650,  328,   74,  468,  723,  573,  772,  339,  793,  893,  160,  720,  497,  123,  274,  435,  314,  353,  786,  804,  637,  261,  988,  518,  264,  237,  619,  960,  674,  385,  433,  624,  822,  530,  380,  685,  540,  813,  304,  906,  464,  166,  751,  649,  475,  666,  433,  600,  460,  839,  145,  785,  660,  518,  273,  822,  811,  377,  294,  426,  779,  987,  983,  836,  359,  729,  724,  337,  622,  554,  814,  321,  273,  550,  709,  497,  718,  367,  126,  645,  338,  610,  896,  650,  152,  561,  719,  876,  417],
        [  502,    0,   45,  793,  825,  173,  458,  379,  722,  499,  982,  837,  518,  751,  293,  523,  435,  641,  686,  369,  204,  838,  719,  989,  720,  710,  686,  821,  401,  521,  518,  793,  384,  756,    0,  812,   22,  542,  104,  913,  508,  248,  626,  348,   65,  403,  637,  762,  197,  636,  393,  752,  492,   52,  839,  809,  700,  223,  853,  731,  661,  331,  371,  732,   26,  837,  733,  175,  226,   32,  493,  878,  702,  193,  429,  822,  785,  484,  686,  743,  797,  904,  424,  629,  805,  417,  738,  593,  969,  905,  404,  235,  669,  197,  501,  260,  996,  502,  909,  322,  730,  358,  574,  702,  158,  653,  745,  892,  125,  250,  252,  622,  626,  585,  622,  147,  733,  489,  720,  386,  619,  884,  640,  619,  863,  850,  400,  637,   85,  574, 1009,  622,  993,  710,  848,  789,  831,  566,  113,  101,  839,  139,  342,  119,  445,  894,  918,  624, 1086,  612,  526,  665,  144,  817,  337,  821,  704,  719,  198,  342,  147,  340],
        [  319,    0,  794,   20,  159,  785,  360,  870,  371,  315,  549,  615, 1042,  640,  675,  328,  936,  446,  152,  524,  892,  831,  321,  527, 1031,  847,  224,   94,  412,  663,  296,  829,  667,  864,  812,    0,  827,  796,  813,  483,  547,  952, 1064,  855,  849, 1002,  236,  718,  619,  496,  461,  962,  438,  858,  104,  654,  640,  831,  307,  702, 1025,  750,  997,  666,  804,  683,  115,  664,  727,  835,  447,  279,  214,  916,  735,  869,  434,  328,  292,   95,  573,  182,  478,  724,  168,  491,  956,  604,  642,  697,  760,  601,  146,  632,  724,  821,  587,  822,  789,  506,  203,  456, 1047,  437,  844,  168,  349,  613,  693,  649,  599,  564,  260,  413,  884,  673,  218,  452,  198,  904,  278,  520,  192,  843,  144,  273, 1003, 1006,  889,  253,  768, 1011,  685,  109,  135,  173,   52,  523,  899,  885,  607,  739,  979,  739,  695,  729,  460,  202,  744,  209,  537,  746,  855,  589,  494,   36,  214,  968,  733,  472,  788,  733],
        [  516,    0,   43,  808,  837,  192,  472,  366,  729,  514,  987,  838,  500,  750,  291,  535,  420,  646,  700,  375,  186,  833,  727,  995,  707,  702,  697,  838,  417,  518,  533,  787,  381,  749,   22,  827,    0,  534,  120,  919,  510,  228,  611,  335,   45,  384,  655,  760,  211,  639,  403,  741,  512,   32,  857,  809,  699,  239,  862,  728,  648,  324,  352,  730,   26,  836,  747,  196,  221,   38,  500,  888,  713,  173,  423,  815,  791,  500,  695,  757,  798,  917,  444,  624,  817,  423,  727,  593,  970,  904,  396,  255,  684,  207,  495,  277, 1000,  493,  906,  333,  748,  372,  558,  707,  142,  670,  753,  894,  137,  252,  273,  623,  645,  591,  612,  166,  744,  496,  731,  372,  630,  888,  657,  611,  876,  860,  382,  623,   81,  591, 1008,  608,  994,  725,  866,  808,  845,  569,   92,   79,  840,  137,  324,  140,  441,  893,  924,  638, 1088,  626,  528,  660,  127,  819,  348,  837,  715,  708,  194,  359,  165,  334],
