{
    "name": "random-73-20550",
    "comment": "size=73 seed=20550",
    "nodes": ["+0", "-0", "+1", "-1", "+2", "-2", "+3", "-3", "+4", "-4", "+5", "-5", "+6", "-6", "+7", "-7", "+8", "-8", "+9", "-9", "+10", "-10", "+11", "-11", "+12", "-12", "+13", "-13", "+14", "-14", "+15", "-15", "+16", "-16", "+17", "-17", "+18", "-18", "+19", "-19", "+20", "-20", "+21", "-21", "+22", "-22", "+23", "-23", "+24", "-24", "+25", "-25", "+26", "-26", "+27", "-27", "+28", "-28", "+29", "-29", "+30", "-30", "+31", "-31", "+32", "-32", "+33", "-33", "+34", "-34", "+35", "-35", "+36", "-36", "+37", "-37", "+38", "-38", "+39", "-39", "+40", "-40", "+41", "-41", "+42", "-42", "+43", "-43", "+44", "-44", "+45", "-45", "+46", "-46", "+47", "-47", "+48", "-48", "+49", "-49", "+50", "-50", "+51", "-51", "+52", "-52", "+53", "-53", "+54", "-54", "+55", "-55", "+56", "-56", "+57", "-57", "+58", "-58", "+59", "-59", "+60", "-60", "+61", "-61", "+62", "-62", "+63", "-63", "+64", "-64", "+65", "-65", "+66", "-66", "+67", "-67", "+68", "-68", "+69", "-69", "+70", "-70", "+71", "-71", "+72", "-72", "+73", "-73"],
    "precedence": {
        "+0": "-0",
        "+1": "-1",
        "+2": "-2",
        "+3": "-3",
        "+4": "-4",
        "+5": "-5",
        "+6": "-6",
        "+7": "-7",
        "+8": "-8",
        "+9": "-9",
        "+10": "-10",
        "+11": "-11",
        "+12": "-12",
        "+13": "-13",
        "+14": "-14",
        "+15": "-15",
        "+16": "-16",
        "+17": "-17",
        "+18": "-18",
        "+19": "-19",
        "+20": "-20",
        "+21": "-21",
        "+22": "-22",
        "+23": "-23",
        "+24": "-24",
        "+25": "-25",
        "+26": "-26",
        "+27": "-27",
        "+28": "-28",
        "+29": "-29",
        "+30": "-30",
        "+31": "-31",
        "+32": "-32",
        "+33": "-33",
        "+34": "-34",
        "+35": "-35",
        "+36": "-36",
        "+37": "-37",
        "+38": "-38",
        "+39": "-39",
        "+40": "-40",
        "+41": "-41",
        "+42": "-42",
        "+43": "-43",
        "+44": "-44",
        "+45": "-45",
        "+46": "-46",
        "+47": "-47",
        "+48": "-48",
        "+49": "-49",
        "+50": "-50",
        "+51": "-51",
        "+52": "-52",
        "+53": "-53",
        "+54": "-54",
        "+55": "-55",
        "+56": "-56",
        "+57": "-57",
        "+58": "-58",
        "+59": "-59",
        "+60": "-60",
        "+61": "-61",
        "+62": "-62",
        "+63": "-63",
        "+64": "-64",
        "+65": "-65",
        "+66": "-66",
        "+67": "-67",
        "+68": "-68",
        "+69": "-69",
        "+70": "-70",
        "+71": "-71",
        "+72": "-72",
        "+73": "-73"
    },
    "edges": [
        [    0,    0,  952,  668,  679,  601,  751,  410,  747,  586, 1093,  809,  345,  710,  798,  241,  528,  131,  961,  692,  193,  811,  684,  702,   83,  484,  718,  605,  721,  681,  884,  368,  412,  289,  937,   71,  916,  711,  250,  773,  722,  887,  291,  621,  583,  347,  122,  826, 1080,  539,  893,  789,  872,  138, 1006,  805,  551,  755,  674,  535,  872,  725,  759,  758,  550,  789,  908,  895,  776,  530,  411,  785,  678,  211,  931,  670,  795,  505,   99,  760,  376,  872,  362,  215,  974,  288,  706,  452,  797,  553,  148,  622,   47,  406,  907,  476,  612,  799,  883,  937,  142,  355,  759,  661,  960,  444,  275,  194,  486,  128,  698,  775,   71,  590,  930,  334,  742,  687,  683,  468, 1045,  615,  654,  706,  434,  439,  602,  474,  747,  848,  393,  689,  856,  858,  764,  748,  489,  676,  267,   96,  388,  607,  809,  832,  425,  160,  799, 1005],
        [    0,    0,    0,    0,    0,    0,    0,    0,    0,    0,    0,    0,    0,    0,    0,    0,    0,    0,    0,    0,    0,    0,    0,    0,    0,    0,    0,    0,    0,    0,    0,    0,    0,    0,    0,    0,    0,    0,    0,    0,    0,    0,    0,    0,    0,    0,    0,    0,    0,    0,    0,    0,    0,    0,    0,    0,    0,    0,    0,    0,    0,    0,    0,    0,    0,    0,    0,    0,    0,    0,    0,    0,    0,    0,    0,    0,    0,    0,    0,    0,    0,    0,    0,    0,    0,    0,    0,    0,    0,    0,    0,    0,    0,    0,    0,    0,    0,    0,    0,    0,    0,    0,    0,    0,    0,    0,    0,    0,    0,    0,    0,    0,    0,    0,    0,    0,    0,    0,    0,    0,    0,    0,    0,    0,    0,    0,    0,    0,    0,    0,    0,    0,    0,    0,    0,    0,    0,    0,    0,    0,    0,    0,    0,    0,    0,    0,    0,    0],
        [  952,    0,    0,  500,  727,  502,  285,  755,  283,  499,  142,  170,  878,  264,  157,  878,  746, 1035,  386,  272,  900,  164,  571,  252, 1035,  546,  451,  643,  510,  809,  249,  832,  564,  842,  347,  988,   96,  365,  850,  716,  720,  328,  854,  403,  823,  890,  971,  363,  144,  427,  326,  316,  158, 1087,  308,  624,  436,  636,  856,  775,  655,  273,  491,  378,  412,  174,  427,  329,  214,  512,  871,  851,  377,  838,   34,  326,  234,  512,  862,  836,  668,  120,  636,  738,  117,  664,  311,  517,  372,  406, 1051,  392,  996,  729,  192,  549,  432,  415,  107,  239, 1091,  665,  493,  440,  101,  513,  788,  764,  552, 1039,  255,  281,  985,  718,  100,  826,  392,  770,  290,  542,  233,  396,  514,  297,  659,  573,  478,  686,  332,  698,  851,  338,  349,  674,  530,  382,  755,  317,  693,  932,  757,  730,  362,  125,  582,  923,  632,  198],
        [  668,    0,  500,    0,  230,  612,  533,  314,  526,   92,  611,  474,  788,  273,  380,  729,  261,  789,  775,  288,  531,  344,  739,  369,  741,  546,   62,  146,   59,  923,  626,  761,  473,  724,  733,  729,  536,  574,  465,  906,  232,  256,  448,  151,  879,  800,  744,  670,  564,  259,  263,  601,  349,  798,  744,  194,  462,  836,  953,  813,  917,  242,   93,  629,  269,  349,  772,  693,  294,  153,  819, 1009,  553,  478,  468,  476,  267,  188,  614,  985,  293,  382,  535,  495,  594,  440,  202,  442,  162,  389,  807,  502,  699,  298,  345,  540,  543,  692,  509,  656,  804,  314,  727,  602,  442,  403,  412,  542,  557,  788,  338,  220,  666,  800,  420,  405,  628,  898,  261,  218,  710,  498,   17,  223,  243,  239,   87,  233,  576,  269,  793,  518,  219,  923,  108,  127,  768,  221,  500,  698,  705,  820,  657,  394,  253,  566,  859,  667],
        [  679,    0,  727,  230,    0,  799,  753,  270,  746,  272,  830,  702,  889,  502,  610,  810,  153,  810, 1000,  514,  502,  573,  929,  592,  736,  713,  277,  116,  220, 1087,  853,  874,  623,  819,  958,  749,  765,  785,  435, 1091,   45,  446,  400,  367, 1027,  899,  781,  889,  778,  448,  452,  820,  573,  791,  973,  172,  651, 1027, 1110,  961, 1118,  472,  248,  842,  462,  579,  993,  917,  523,  309,  933, 1181,  760,  469,  694,  688,  495,  340,  657, 1156,  337,  608,  668,  566,  823,  537,  432,  605,  366,  582,  827,  703,  698,  276,  560,  705,  739,  905,  739,  885,  798,  369,  932,  802,  661,  563,  405,  614,  723,  806,  562,  447,  654,  962,  642,  353,  839, 1066,  487,  350,  940,  698,  220,  452,  273,  349,  285,  216,  793,  179,  907,  731,  411, 1121,  216,  347,  911,  448,  598,  737,  831,  983,  874,  623,  358,  540, 1055,  896],
        [  601,    0,  502,  612,  799,    0,  220,  648,  221,  536,  626,  334,  403,  406,  399,  436,  718,  635,  364,  377,  651,  448,  131,  312,  676,  122,  611,  684,  662,  331,  324,  353,  220,  387,  346,  607,  424,  145,  636,  295,  820,  655,  665,  464,  325,  413,  567,  234,  645,  356,  658,  220,  523,  715,  426,  804,  151,  228,  372,  273,  326,  447,  676,  170,  344,  416,  307,  309,  452,  491,  380,  404,  126,  599,  499,  187,  499,  460,  503,  382,  528,  492,  243,  422,  463,  373,  465,  210,  615,  223,  647,  127,  647,  620,  580,  132,   80,  199,  399,  377,  715,  502,  164,   72,  566,  249,  588,  416,  118,  642,  337,  520,  659,  222,  541,  665,  152,  298,  395,  455,  491,  127,  612,  447,  570,  466,  530,  628,  185,  880,  365,  165,  646,  325,  709,  580,  255,  426,  352,  541,  281,  237,  219,  429,  461,  654,  258,  459],
        [  751,    0,  285,  533,  753,  220,    0,  676,    7,  483,  406,  121,  613,  270,  211,  630,  712,  811,  253,  248,  750,  266,  291,  166,  832,  288,  511,  644,  570,  527,  135,  564,  340,  587,  216,  773,  204,   81,  717,  446,  762,  494,  735,  386,  539,  624,  743,  138,  427,  324,  496,   69,  335,  878,  263,  711,  201,  366,  573,  492,  411,  311,  572,  110,  307,  238,  241,  172,  290,  460,  597,  577,   95,  691,  286,   85,  339,  440,  654,  560,  563,  297,  400,  545,  246,  478,  343,  301,  482,  219,  825,  132,  797,  647,  393,  294,  158,  167,  180,  187,  880,  547,  227,  155,  358,  317,  659,  557,  292,  816,  198,  374,  798,  434,  336,  721,  118,  489,  275,  453,  295,  139,  539,  321,  583,  477,  468,  631,   54,  790,  580,   65,  495,  425,  610,  460,  475,  314,  485,  710,  490,  446,  125,  233,  479,  764,  371,  257],
        [  410,    0,  755,  314,  270,  648,  676,    0,  670,  266,  884,  669,  644,  492,  606,  556,  119,  540,  928,  490,  237,  591,  773,  546,  469,  539,  375,  207,  354,  887,  800,  636,  438,  573,  891,  480,  760,  681,  168,  920,  313,  568,  140,  353,  814,  653,  514,  799,  848,  356,  574,  738,  625,  524,  930,  406,  516,  868,  902,  749,  973,  483,  395,  739,  373,  583,  901,  847,  543,  243,  695,  988,  650,  199,  725,  596,  537,  247,  393,  962,  121,  645,  460,  318,  823,  311,  448,  438,  472,  465,  558,  585,  430,   30,  637,  529,  607,  799,  728,  844,  531,  148,  802,  673,  721,  400,  137,  364,  548,  537,  524,  499,  387,  766,  695,   94,  731,  874,  468,  226,  926,  579,  298,  460,   97,  200,  288,   82,  701,  441,  669,  633,  532,  970,  387,  430,  697,  439,  366,  471,  605,  788,  782,  633,  198,  274,  903,  881],
        [  747,    0,  283,  526,  746,  221,    7,  670,    0,  476,  406,  118,  612,  264,  207,  628,  706,  808,  260,  242,  745,  262,  294,  160,  828,  286,  505,  637,  564,  530,  139,  563,  337,  585,  222,  770,  204,   83,  712,  450,  756,  489,  729,  380,  540,  623,  740,  144,  426,  317,  491,   75,  330,  875,  268,  705,  197,  370,  575,  493,  417,  305,  566,  115,  301,  233,  247,  178,  285,  453,  597,  580,   96,  685,  284,   80,  333,  434,  650,  563,  557,  293,  397,  541,  247,  473,  337,  297,  476,  213,  822,  129,  793,  641,  388,  291,  157,  172,  179,  191,  877,  541,  232,  157,  355,  313,  654,  554,  290,  813,  192,  368,  794,  435,  333,  715,  122,  491,  268,  447,  298,  136,  533,  315,  577,  471,  462,  624,   58,  784,  579,   63,  490,  430,  603,  454,  475,  308,  481,  707,  489,  448,  131,  229,  473,  759,  375,  259],
        [  586,    0,  499,   92,  272,  536,  483,  266,  476,    0,  623,  442,  697,  246,  361,  638,  248,  704,  732,  253,  462,  336,  666,  326,  661,  463,  133,  162,  150,  840,  588,  671,  385,  633,  691,  645,  518,  514,  399,  830,  287,  311,  388,  102,  792,  709,  657,  618,  584,  181,  318,  550,  361,  719,  713,  278,  386,  763,  869,  726,  849,  227,  182,  571,  194,  333,  722,  649,  286,   62,  729,  929,  490,  406,  468,  417,  274,   97,  527,  905,  217,  385,  445,  406,  580,  350,  189,  356,  217,  315,  723,  434,  620,  244,  372,  456,  472,  634,  489,  624,  725,  233,  662,  534,  458,  316,  342,  453,  473,  704,  297,  234,  589,  716,  432,  350,  568,  816,  226,  128,  691,  429,   84,  204,  179,  150,   22,  190,  522,  350,  702,  459,  277,  854,  199,  170,  680,  190,  409,  611,  615,  737,  604,  382,  164,  495,  788,  647],
        [ 1093,    0,  142,  611,  830,  626,  406,  884,  406,  623,    0,  302, 1012,  399,  297, 1016,  865, 1176,  438,  410, 1038,  296,  680,  393, 1176,  680,  556,  756,  610,  917,  334,  965,  704,  979,  406, 1129,  203,  484,  987,  812,  817,  399,  988,  531,  941, 1024, 1111,  455,   69,  565,  395,  422,  263, 1229,  340,  709,  573,  734,  965,  897,  733,  402,  586,  485,  552,  311,  494,  402,  342,  642, 1001,  948,  501,  976,  164,  459,  350,  645, 1003,  936,  802,  240,  775,  879,  174,  806,  437,  656,  466,  547, 1192,  524, 1137,  859,  272,  684,  560,  510,  229,  302, 1232,  801,  593,  560,  170,  653,  925,  905,  686, 1180,  396,  393, 1126,  835,  192,  958,  501,  877,  426,  676,  238,  528,  626,  425,  790,  709,  601,  812,  446,  776,  983,  465,  429,  756,  622,  486,  881,  448,  834, 1072,  890,  846,  459,  263,  718, 1062,  722,  226],
        [  809,    0,  170,  474,  702,  334,  121,  669,  118,  442,  302,    0,  711,  201,  106,  716,  686,  883,  307,  190,  780,  160,  411,  124,  892,  379,  440,  601,  502,  648,  154,  664,  408,  678,  264,  839,  107,  201,  738,  565,  705,  390,  749,  340,  656,  723,  817,  231,  313,  316,  390,  169,  220,  942,  272,  636,  273,  485,  693,  607,  522,  234,  496,  225,  300,  138,  320,  229,  196,  434,  702,  697,  210,  718,  167,  158,  242,  424,  715,  680,  567,  179,  477,  596,  166,  524,  273,  362,  393,  257,  898,  223,  854,  641,  277,  383,  262,  274,   75,  183,  944,  557,  344,  274,  237,  365,  677,  617,  385,  887,  147,  284,  848,  552,  216,  728,  236,  609,  217,  445,  257,  228,  483,  251,  573,  474,  424,  612,  172,  715,  683,  169,  396,  537,  535,  380,  586,  255,  544,  780,  590,  565,  225,  118,  480,  799,  487,  213],
        [  345,    0,  878,  788,  889,  403,  613,  644,  612,  697, 1012,  711,    0,  702,  746,  105,  756,  300,  752,  675,  501,  781,  427,  644,  384,  333,  818,  787,  847,  349,  726,   51,  340,   71,  741,  306,  812,  545,  532,  463,  925,  937,  574,  680,  246,   13,  245,  632, 1021,  563,  942,  622,  855,  398,  824,  967,  445,  468,  334,  213,  581,  734,  876,  570,  564,  751,  685,  707,  765,  636,   67,  449,  520,  483,  868,  553,  802,  601,  282,  426,  553,  837,  266,  327,  858,  356,  733,  386,  866,  493,  304,  489,  377,  626,  905,  330,  455,  588,  784,  779,  395,  521,  523,  474,  921,  412,  520,  280,  327,  309,  657,  802,  416,  284,  893,  603,  552,  363,  680,  572,  893,  484,  781,  722,  617,  558,  704,  675,  585, 1029,   54,  550,  915,  561,  895,  819,  182,  693,  294,  251,  123,  296,  618,  781,  546,  481,  513,  861],
        [  710,    0,  264,  273,  502,  406,  270,  492,  264,  246,  399,  201,  702,    0,  116,  678,  493,  806,  503,   29,  641,  104,  520,  106,  793,  388,  243,  402,  304,  736,  353,  662,  364,  652,  461,  754,  273,  325,  589,  687,  505,  250,  591,  145,  717,  714,  746,  406,  374,  172,  254,  337,  163,  848,  472,  443,  276,  610,  775,  657,  674,   43,  303,  374,  161,   91,  506,  422,   67,  250,  712,  806,  313,  579,  236,  233,  101,  249,  627,  785,  405,  164,  439,  499,  334,  426,   74,  316,  216,  213,  824,  280,  752,  466,  205,  386,  327,  435,  243,  383,  852,  403,  484,  373,  250,  296,  527,  533,  398,  809,   74,  115,  736,  621,  221,  562,  377,  703,   28,  279,  445,  279,  283,   52,  396,  311,  227,  427,  319,  522,  688,  272,  241,  684,  341,  190,  622,   57,  466,  704,  592,  639,  394,  141,  320,  666,  625,  401],
        [  798,    0,  157,  380,  610,  399,  211,  606,  207,  361,  297,  106,  746,  116,    0,  736,  608,  884,  411,  118,  744,   56,  494,  103,  881,  417,  342,  515,  403,  725,  258,  702,  419,  704,  368,  836,  158,  285,  695,  655,  610,  286,  700,  260,  722,  758,  821,  335,  285,  271,  287,  269,  126,  934,  367,  535,  302,  575,  768,  668,  621,  139,  394,  320,  256,   33,  426,  334,   92,  365,  746,  783,  284,  682,  134,  213,  136,  361,  709,  765,  514,   95,  494,  583,  219,  510,  179,  371,  288,  260,  901,  276,  841,  580,  184,  417,  321,  374,  130,  279,  937,  510,  438,  349,  176,  362,  634,  612,  424,  888,  100,  180,  829,  621,  148,  674,  328,  689,  139,  389,  332,  278,  391,  160,  510,  420,  341,  542,  265,  613,  724,  240,  291,  635,  434,  279,  640,  172,  541,  781,  628,  636,  326,   36,  428,  767,  582,  288],
        [  241,    0,  878,  729,  810,  436,  630,  556,  628,  638, 1016,  716,  105,  678,  736,    0,  671,  212,  798,  652,  399,  765,  487,  633,  286,  342,  765,  712,  787,  445,  753,  130,  318,   55,  782,  208,  821,  571,  433,  548,  848,  899,  477,  635,  344,  109,  150,  670, 1018,  524,  905,  650,  836,  306,  861,  900,  444,  542,  435,  302,  658,  705,  820,  605,  528,  737,  735,  744,  743,  577,  170,  547,  542,  385,  864,  561,  775,  543,  180,  523,  474,  824,  243,  245,  872,  289,  698,  366,  822,  477,  221,  500,  275,  541,  882,  337,  474,  632,  791,  806,  304,  443,  576,  505,  910,  382,  427,  196,  339,  220,  641,  769,  312,  365,  881,  508,  587,  455,  653,  511,  919,  494,  720,  691,  539,  493,  648,  594,  610,  958,  152,  565,  874,  641,  835,  774,  260,  660,  230,  148,  170,  380,  654,  772,  479,  377,  587,  884],
        [  528,    0,  746,  261,  153,  718,  712,  119,  706,  248,  865,  686,  756,  493,  608,  671,    0,  659,  965,  498,  350,  583,  847,  566,  584,  618,  322,  121,  285,  981,  828,  745,  521,  685,  926,  598,  766,  730,  283, 1001,  197,  514,  248,  349,  913,  765,  633,  843,  822,  390,  520,  778,  602,  639,  955,  303,  577,  944,  999,  847, 1043,  474,  323,  789,  407,  581,  947,  883,  533,  254,  804, 1079,  701,  317,  714,  638,  517,  273,  511, 1054,  209,  630,  554,  430,  827,  412,  435,  512,  421,  516,  676,  639,  546,  131,  604,  609,  668,  851,  736,  867,  646,  241,  864,  734,  697,  471,  255,  477,  628,  655,  540,  473,  502,  858,  674,  201,  783,  965,  472,  267,  938,  633,  245,  452,  152,  253,  269,   91,  745,  328,  778,  679,  477, 1043,  305,  387,  796,  437,  471,  589,  709,  879,  827,  629,  258,  388,  976,  893],
        [  131,    0, 1035,  789,  810,  635,  811,  540,  808,  704, 1176,  883,  300,  806,  884,  212,  659,    0,  999,  785,  321,  903,  697,  784,  105,  528,  836,  733,  844,  648,  940,  337,  476,  267,  980,   62,  989,  760,  380,  758,  852,  999,  421,  731,  546,  298,   69,  867, 1168,  638, 1005,  840,  969,   99, 1055,  933,  614,  754,  632,  510,  870,  825,  881,  800,  646,  879,  939,  940,  873,  647,  364,  748,  729,  342, 1017,  734,  896,  619,  181,  725,  501,  964,  412,  310, 1045,  381,  810,  521,  912,  630,   19,  679,  125,  536, 1007,  521,  661,  833,  957,  994,   96,  477,  783,  701, 1052,  523,  405,  274,  528,   10,  785,  881,  176,  576, 1022,  465,  784,  662,  780,  582, 1105,  673,  776,  807,  561,  555,  719,  602,  799,  977,  353,  747,  969,  852,  888,  862,  471,  777,  343,  104,  381,  590,  851,  920,  541,  285,  799, 1067],
        [  961,    0,  386,  775, 1000,  364,  253,  928,  260,  732,  438,  307,  752,  503,  411,  798,  965,  999,    0,  487,  986,  463,  334,  408, 1037,  477,  745,  893,  806,  541,  154,  702,  558,  747,   44,  970,  295,  257,  959,  410, 1006,  687,  980,  633,  597,  762,  930,  137,  491,  577,  687,  191,  510, 1078,  105,  943,  430,  343,  590,  575,  308,  539,  802,  205,  560,  443,   74,   83,  502,  712,  716,  544,  291,  929,  408,  333,  547,  693,  862,  537,  813,  465,  600,  768,  278,  707,  576,  528,  699,  465, 1011,  354, 1007,  899,  561,  486,  352,  166,  302,  148, 1078,  795,  232,  300,  486,  553,  903,  771,  475, 1005,  438,  590, 1015,  499,  477,  969,  219,  500,  514,  705,  210,  362,  783,  555,  835,  729,  716,  884,  229, 1021,  707,  297,  698,  333,  841,  687,  581,  554,  702,  904,  635,  501,  154,  415,  730,  996,  317,  212],
        [  692,    0,  272,  288,  514,  377,  248,  490,  242,  253,  410,  190,  675,   29,  118,  652,  498,  785,  487,    0,  629,  120,  493,   83,  774,  360,  263,  411,  323,  707,  339,  635,  337,  626,  445,  734,  271,  300,  579,  660,  519,  279,  583,  151,  688,  687,  724,  385,  389,  156,  283,  316,  185,  829,  461,  463,  247,  583,  746,  628,  649,   70,  324,  351,  144,  100,  486,  405,   91,  249,  684,  778,  286,  566,  246,  206,  129,  244,  607,  757,  397,  181,  413,  479,  334,  406,   96,  290,  242,  185,  802,  252,  734,  463,  231,  358,  299,  412,  240,  373,  833,  393,  459,  346,  268,  271,  517,  512,  369,  788,   51,  143,  719,  593,  239,  556,  353,  675,   28,  271,  441,  251,  296,   75,  393,  302,  234,  427,  296,  542,  660,  246,  269,  659,  362,  214,  593,   68,  444,  682,  564,  610,  373,  148,  311,  653,  599,  396],
        [  193,    0,  900,  531,  502,  651,  750,  237,  745,  462, 1038,  780,  501,  641,  744,  399,  350,  321,  986,  629,    0,  744,  757,  661,  237,  529,  588,  442,  579,  807,  884,  510,  434,  435,  956,  263,  883,  730,   69,  875,  546,  773,  103,  524,  717,  507,  311,  850, 1013,  474,  780,  801,  794,  290, 1013,  642,  557,  842,  810,  660,  957,  645,  619,  784,  489,  728,  944,  912,  702,  418,  563,  912,  696,   63,  874,  666,  710,  403,  220,  887,  248,  804,  415,  232,  945,  281,  617,  459,  679,  534,  337,  633,  201,  241,  818,  519,  638,  835,  849,  934,  297,  240,  814,  697,  888,  435,  121,  253,  535,  316,  649,  680,  154,  700,  859,  150,  771,  805,  613,  368, 1032,  626,  516,  623,  289,  335,  482,  312,  760,  676,  540,  695,  739,  947,  616,  632,  609,  596,  302,  275,  507,  719,  833,  776,  324,   38,  883,  989],
        [  811,    0,  164,  344,  573,  448,  266,  591,  262,  336,  296,  160,  781,  104,   56,  765,  583,  903,  463,  120,  744,    0,  547,  141,  894,  455,  299,  483,  360,  776,  309,  738,  448,  736,  420,  853,  194,  338,  692,  709,  569,  230,  693,  239,  769,  793,  842,  390,  271,  274,  231,  325,   77,  948,  413,  487,  340,  630,  818,  713,  676,  110,  348,  375,  262,   32,  480,  387,   51,  349,  784,  836,  336,  682,  134,  262,   85,  350,  726,  817,  507,   62,  523,  598,  251,  525,  148,  400,  238,  289,  920,  322,  853,  565,  133,  455,  369,  430,  171,  327,  952,  507,  493,  401,  149,  386,  630,  630,  464,  906,  125,  132,  838,  669,  120,  664,  383,  740,  132,  381,  368,  323,  356,  133,  496,  414,  315,  522,  320,  565,  762,  292,  236,  691,  388,  233,  684,  154,  561,  800,  666,  684,  382,   52,  423,  769,  637,  325],
        [  684,    0,  571,  739,  929,  131,  291,  773,  294,  666,  680,  411,  427,  520,  494,  487,  847,  697,  334,  493,  757,  547,    0,  420,  752,  237,  736,  814,  789,  239,  352,  377,  338,  433,  331,  679,  483,  212,  750,  168,  950,  765,  781,  591,  269,  435,  630,  235,  710,  485,  768,  259,  620,  784,  419,  931,  280,   98,  286,  242,  202,  562,  801,  196,  473,  517,  263,  306,  560,  621,  385,  289,  212,  709,  575,  290,  608,  590,  588,  271,  653,  584,  343,  526,  509,  486,  585,  336,  734,  352,  706,  243,  728,  746,  678,  246,  198,  182,  465,  397,  784,  626,  102,  148,  648,  377,  705,  512,  229,  704,  448,  634,  748,  167,  626,  785,  181,  199,  513,  584,  505,  246,  741,  565,  697,  595,  658,  757,  241, 1008,  378,  256,  760,  198,  835,  701,  250,  547,  456,  612,  318,  172,  227,  521,  590,  757,  130,  484],
        [  702,    0,  252,  369,  592,  312,  166,  546,  160,  326,  393,  124,  644,  106,  103,  633,  566,  784,  408,   83,  661,  141,  420,    0,  784,  316,  345,  487,  405,  642,  263,  600,  317,  601,  366,  737,  223,  220,  616,  585,  599,  346,  626,  226,  631,  656,  720,  303,  386,  193,  349,  233,  217,  837,  390,  546,  200,  508,  683,  574,  569,  148,  407,  269,  176,  110,  404,  325,  142,  313,  645,  708,  210,  598,  233,  130,  189,  300,  611,  687,  443,  194,  391,  487,  285,  414,  178,  268,  321,  157,  801,  185,  746,  517,  271,  316,  232,  330,  189,  302,  840,  434,  379,  272,  278,  262,  555,  513,  324,  788,   33,  216,  736,  532,  250,  604,  272,  607,  109,  321,  381,  185,  376,  156,  449,  350,  309,  490,  214,  625,  623,  168,  341,  579,  444,  296,  544,  149,  442,  681,  527,  548,  290,  139,  356,  681,  520,  337],
        [   83,    0, 1035,  741,  736,  676,  832,  469,  828,  661, 1176,  892,  384,  793,  881,  286,  584,  105, 1037,  774,  237,  894,  752,  784,    0,  561,  793,  669,  793,  730,  964,  415,  492,  339, 1014,   79,  998,  790,  302,  830,  780,  966,  339,  701,  629,  384,  140,  903, 1162,  621,  972,  868,  954,   58, 1085,  870,  631,  818,  718,  587,  935,  807,  832,  835,  632,  871,  982,  973,  858,  607,  450,  832,  757,  271, 1014,  752,  877,  584,  178,  808,  449,  955,  439,  298, 1057,  371,  787,  534,  875,  635,  115,  702,   42,  468,  988,  553,  691,  874,  965, 1018,   64,  429,  831,  738, 1042,  527,  338,  276,  562,   97,  781,  856,   84,  647, 1013,  385,  819,  740,  765,  547, 1126,  695,  727,  787,  503,  517,  678,  538,  827,  909,  436,  769,  934,  920,  834,  826,  543,  757,  349,  142,  446,  663,  886,  915,  503,  199,  863, 1086],
        [  484,    0,  546,  546,  713,  122,  288,  539,  286,  463,  680,  379,  333,  388,  417,  342,  618,  528,  477,  360,  529,  455,  237,  316,  561,    0,  557,  598,  601,  378,  413,  287,  102,  300,  454,  496,  482,  232,  516,  383,  738,  635,  546,  408,  337,  345,  460,  342,  688,  289,  639,  312,  531,  603,  527,  739,  116,  330,  408,  273,  438,  425,  621,  275,  282,  425,  425,  413,  447,  410,  330,  469,  202,  478,  536,  222,  488,  376,  386,  444,  419,  509,  123,  300,  531,  252,  434,  109,  580,  178,  542,  159,  530,  512,  584,   11,  134,  315,  453,  467,  604,  392,  286,  177,  591,  151,  470,  296,   11,  534,  333,  498,  540,  254,  564,  549,  259,  355,  371,  363,  579,  153,  544,  419,  467,  368,  460,  528,  271,  812,  308,  224,  620,  433,  649,  538,  235,  393,  231,  431,  213,  275,  325,  451,  362,  532,  366,  543],
        [  718,    0,  451,   62,  277,  611,  511,  375,  505,  133,  556,  440,  818,  243,  342,  765,  322,  836,  745,  263,  588,  299,  736,  345,  793,  557,    0,  204,   62,  931,  594,  788,  493,  756,  702,  777,  493,  559,  523,  904,  271,  194,  507,  149,  893,  830,  789,  648,  507,  269,  201,  578,  296,  850,  708,  201,  464,  831,  963,  828,  906,  207,   66,  612,  275,  309,  748,  665,  251,  191,  845, 1013,  541,  533,  418,  462,  219,  223,  659,  990,  346,  332,  559,  536,  549,  478,  170,  457,  100,  390,  855,  495,  751,  358,  287,  551,  539,  674,  469,  620,  856,  364,  716,  594,  387,  420,  468,  582,  568,  836,  313,  171,  720,  809,  366,  465,  613,  903,  237,  257,  667,  492,   78,  191,  300,  282,  119,  294,  558,  280,  819,  504,  158,  914,  100,   70,  785,  198,  535,  743,  728,  829,  635,  351,  296,  622,  851,  624],
        [  605,    0,  643,  146,  116,  684,  644,  207,  637,  162,  756,  601,  787,  402,  515,  712,  121,  733,  893,  411,  442,  483,  814,  487,  669,  598,  204,    0,  164,  973,  749,  768,  510,  718,  852,  672,  672,  673,  373,  976,  142,  394,  346,  262,  915,  797,  698,  779,  709,  334,  400,  711,  494,  725,  872,  201,  536,  912,  997,  849, 1003,  377,  202,  730,  349,  485,  883,  811,  432,  194,  828, 1066,  647,  398,  610,  577,  410,  225,  570, 1041,  240,  524,  557,  468,  731,  432,  337,  490,  303,  468,  751,  590,  629,  202,  490,  590,  625,  793,  644,  783,  732,  270,  818,  688,  587,  448,  331,  517,  609,  731,  458,  364,  589,  849,  565,  299,  727,  952,  385,  236,  846,  584,  131,  356,  176,  237,  178,  132,  682,  247,  801,  619,  357, 1006,  186,  272,  800,  346,  494,  653,  722,  870,  764,  532,  247,  479,  940,  802],
        [  721,    0,  510,   59,  220,  662,  570,  354,  564,  150,  610,  502,  847,  304,  403,  787,  285,  844,  806,  323,  579,  360,  789,  405,  793,  601,   62,  164,    0,  977,  655,  819,  530,  782,  764,  784,  554,  616,  512,  955,  211,  233,  491,  198,  935,  858,  800,  707,  559,  312,  239,  638,  354,  851,  769,  144,  513,  884, 1008,  869,  962,  268,   41,  670,  321,  371,  808,  725,  313,  211,  877, 1061,  597,  528,  477,  519,  279,  246,  670, 1038,  345,  391,  593,  552,  609,  498,  230,  498,  146,  439,  862,  549,  752,  341,  340,  595,  591,  732,  530,  681,  857,  368,  772,  649,  441,  459,  461,  599,  611,  843,  373,  231,  717,  854,  422,  447,  670,  950,  296,  276,  728,  545,   68,  252,  292,  296,  144,  273,  616,  222,  851,  561,  196,  969,   50,  129,  824,  257,  558,  754,  763,  874,  695,  412,  310,  614,  906,  685],
        [  681,    0,  809,  923, 1087,  331,  527,  887,  530,  840,  917,  648,  349,  736,  725,  445,  981,  648,  541,  707,  807,  776,  239,  642,  730,  378,  931,  973,  977,    0,  587,  315,  464,  393,  549,  651,  721,  447,  820,  145, 1114,  985,  858,  782,  103,  351,  592,  467,  949,  666,  989,  497,  850,  746,  638, 1116,  469,  198,   50,  148,  276,  777,  996,  434,  657,  745,  468,  532,  783,  787,  285,  105,  442,  773,  812,  515,  830,  753,  601,   80,  774,  817,  428,  589,  745,  577,  794,  485,  943,  542,  652,  458,  718,  863,  908,  385,  410,  412,  703,  628,  743,  743,  328,  377,  884,  527,  790,  557,  368,  657,  668,  850,  751,  125,  861,  875,  419,   42,  725,  738,  732,  458,  921,  776,  829,  739,  838,  891,  478, 1190,  296,  486,  976,  250, 1025,  906,  199,  754,  527,  591,  302,  104,  461,  753,  731,  795,  230,  715],
        [  884,    0,  249,  626,  853,  324,  135,  800,  139,  588,  334,  154,  726,  353,  258,  753,  828,  940,  154,  339,  884,  309,  352,  263,  964,  413,  594,  749,  655,  587,    0,  676,  473,  707,  111,  904,  154,  183,  849,  478,  857,  534,  865,  488,  619,  737,  872,  122,  374,  445,  535,  105,  358, 1010,  131,  790,  335,  401,  635,  581,  407,  388,  650,  162,  428,  290,  179,   82,  349,  574,  703,  615,  212,  824,  266,  219,  393,  559,  787,  603,  690,  314,  529,  679,  161,  612,  426,  435,  545,  351,  954,  263,  930,  771,  412,  420,  280,  177,  154,   54, 1012,  676,  260,  253,  345,  451,  791,  690,  415,  945,  292,  437,  932,  514,  332,  850,  179,  546,  366,  575,  167,  270,  634,  404,  705,  601,  571,  750,  143,  868,  689,  196,  545,  428,  689,  534,  573,  406,  618,  840,  604,  522,  127,  262,  605,  898,  390,  136],
        [  368,    0,  832,  761,  874,  353,  564,  636,  563,  671,  965,  664,   51,  662,  702,  130,  745,  337,  702,  635,  510,  738,  377,  600,  415,  287,  788,  768,  819,  315,  676,    0,  303,   79,  691,  337,  764,  496,  535,  421,  908,  900,  577,  648,  216,   61,  278,  581,  974,  529,  905,  572,  813,  433,  774,  944,  401,  422,  307,  173,  536,  695,  848,  520,  528,  708,  636,  657,  724,  610,   60,  418,  471,  487,  822,  506,  762,  575,  294,  394,  539,  794,  231,  318,  810,  337,  696,  348,  832,  451,  344,  441,  403,  617,  864,  285,  407,  538,  736,  729,  431,  506,  473,  424,  877,  376,  518,  275,  280,  346,  614,  765,  438,  240,  849,  602,  502,  326,  641,  548,  843,  437,  754,  684,  602,  536,  676,  661,  536, 1008,   34,  502,  879,  517,  869,  786,  136,  656,  276,  277,   75,  253,  567,  737,  524,  493,  467,  811],
        [  412,    0,  564,  473,  623,  220,  340,  438,  337,  385,  704,  408,  340,  364,  419,  318,  521,  476,  558,  337,  434,  448,  338,  317,  492,  102,  493,  510,  530,  464,  473,  303,    0,  289,  530,  434,  514,  303,  417,  483,  651,  598,  445,  348,  408,  352,  409,  421,  702,  228,  603,  379,  520,  539,  596,  663,  140,  432,  488,  342,  540,  394,  555,  354,  226,  420,  512,  488,  428,  328,  356,  560,  270,  380,  549,  261,  463,  293,  314,  535,  319,  507,   76,  210,  570,  154,  394,   49,  531,  160,  491,  211,  458,  411,  568,   93,  207,  402,  483,  526,  541,  290,  383,  264,  593,   74,  369,  218,  111,  480,  324,  463,  461,  340,  564,  447,  340,  445,  341,  275,  634,  204,  469,  383,  369,  275,  387,  430,  338,  733,  331,  278,  577,  535,  579,  485,  295,  354,  146,  373,  237,  361,  404,  455,  267,  440,  468,  595],
        [  289,    0,  842,  724,  819,  387,  587,  573,  585,  633,  979,  678,   71,  652,  704,   55,  685,  267,  747,  626,  435,  736,  433,  601,  339,  300,  756,  718,  782,  393,  707,   79,  289,    0,  732,  261,  781,  525,  463,  493,  856,  881,  505,  621,  294,   80,  204,  621,  983,  506,  886,  603,  808,  361,  812,  900,  407,  487,  386,  249,  603,  681,  813,  556,  508,  707,  684,  695,  717,  571,  129,  497,  497,  414,  830,  521,  751,  537,  217,  472,  483,  793,  213,  256,  831,  288,  678,  337,  808,  447,  275,  458,  325,  556,  856,  296,  430,  581,  752,  760,  359,  451,  524,  457,  879,  358,  450,  209,  296,  275,  611,  748,  360,  310,  850,  533,  539,  402,  629,  507,  874,  453,  715,  669,  547,  491,  640,  605,  565,  961,  106,  523,  858,  586,  831,  760,  206,  639,  226,  199,  115,  325,  605,  739,  478,  416,  532,  840],
        [  937,    0,  347,  733,  958,  346,  216,  891,  222,  691,  406,  264,  741,  461,  368,  782,  926,  980,   44,  445,  956,  420,  331,  366, 1014,  454,  702,  852,  764,  549,  111,  691,  530,  732,    0,  949,  254,  228,  927,  424,  964,  644,  946,  592,  598,  751,  911,  113,  456,  538,  644,  156,  467, 1056,   89,  900,  399,  353,  599,  572,  331,  496,  759,  180,  521,  400,   90,   45,  459,  672,  709,  560,  262,  897,  367,  297,  504,  654,  838,  551,  777,  422,  576,  740,  241,  678,  534,  498,  656,  431,  992,  324,  983,  862,  519,  462,  325,  154,  260,  109, 1057,  760,  230,  279,  446,  522,  870,  746,  454,  986,  396,  547,  990,  498,  436,  934,  197,  508,  472,  668,  187,  331,  741,  512,  798,  692,  675,  845,  196,  978,  698,  263,  655,  355,  798,  644,  574,  512,  675,  884,  622,  501,  129,  372,  694,  966,  331,  181],
        [   71,    0,  988,  729,  749,  607,  773,  480,  770,  645, 1129,  839,  306,  754,  836,  208,  598,   62,  970,  734,  263,  853,  679,  737,   79,  496,  777,  672,  784,  651,  904,  337,  434,  261,  949,    0,  946,  727,  321,  753,  791,  942,  362,  674,  551,  306,   63,  837, 1120,  585,  948,  806,  917,  108, 1022,  872,  574,  742,  640,  509,  860,  772,  821,  770,  594,  829,  914,  909,  821,  588,  373,  753,  695,  282,  969,  695,  843,  561,  128,  730,  440,  914,  375,  256, 1003,  329,  755,  479,  854,  584,   80,  642,   77,  475,  954,  488,  627,  806,  914,  958,  109,  416,  760,  671, 1002,  477,  344,  225,  496,   60,  737,  826,  126,  569,  972,  405,  753,  662,  728,  524, 1067,  635,  716,  754,  500,  497,  660,  541,  764,  916,  357,  709,  911,  843,  827,  804,  466,  723,  296,   67,  369,  585,  820,  871,  483,  229,  787, 1028],
        [  916,    0,   96,  536,  765,  424,  204,  760,  204,  518,  203,  107,  812,  273,  158,  821,  766,  989,  295,  271,  883,  194,  483,  223,  998,  482,  493,  672,  554,  721,  154,  764,  514,  781,  254,  946,    0,  281,  838,  623,  763,  400,  847,  417,  740,  824,  923,  268,  229,  413,  399,  225,  222, 1048,  226,  679,  379,  544,  768,  695,  560,  296,  541,  288,  397,  188,  332,  234,  243,  520,  799,  759,  299,  820,  114,  261,  277,  513,  822,  744,  662,  177,  582,  702,   63,  630,  336,  469,  427,  363, 1005,  324,  961,  732,  269,  486,  359,  321,   34,  148, 1051,  655,  401,  358,  192,  472,  777,  724,  487,  994,  238,  325,  954,  634,  183,  823,  303,  681,  295,  538,  175,  329,  547,  317,  663,  568,  498,  698,  245,  756,  781,  263,  416,  579,  581,  427,  678,  329,  651,  887,  690,  645,  268,  143,  575,  902,  538,  132],
        [  711,    0,  365,  574,  785,  145,   81,  681,   83,  514,  484,  201,  545,  325,  285,  571,  730,  760,  257,  300,  730,  338,  212,  220,  790,  232,  559,  673,  616,  447,  183,  496,  303,  525,  228,  727,  281,    0,  703,  371,  798,  562,  725,  424,  459,  556,  692,  122,  507,  341,  564,   80,  410,  833,  296,  759,  173,  292,  493,  414,  349,  367,  622,   60,  326,  309,  222,  185,  356,  482,  525,  500,   34,  672,  366,   98,  405,  458,  613,  482,  563,  373,  352,  513,  319,  451,  396,  271,  541,  216,  774,   98,  757,  652,  467,  240,  100,  122,  260,  236,  835,  544,  159,   77,  437,  297,  648,  519,  234,  766,  252,  436,  763,  354,  415,  716,   55,  409,  325,  464,  350,  105,  578,  375,  591,  484,  501,  644,   41,  837,  509,   56,  560,  360,  658,  514,  399,  362,  448,  662,  423,  366,  104,  310,  484,  739,  301,  316],
        [  250,    0,  850,  465,  435,  636,  717,  168,  712,  399,  987,  738,  532,  589,  695,  433,  283,  380,  959,  579,   69,  692,  750,  616,  302,  516,  523,  373,  512,  820,  849,  535,  417,  463,  927,  321,  838,  703,    0,  877,  479,  710,   44,  466,  734,  538,  363,  824,  959,  426,  716,  771,  738,  356,  979,  573,  531,  838,  826,  674,  951,  590,  552,  759,  442,  677,  921,  882,  648,  357,  591,  924,  670,   49,  824,  633,  653,  345,  256,  898,  188,  750,  410,  232,  901,  265,  560,  436,  615,  499,  397,  606,  264,  173,  760,  506,  615,  813,  805,  898,  364,  186,  799,  677,  833,  407,   62,  265,  523,  376,  602,  621,  220,  707,  805,   85,  747,  814,  562,  312,  993,  598,  450,  567,  223,  279,  419,  243,  731,  608,  566,  664,  675,  943,  548,  568,  622,  541,  299,  323,  522,  727,  807,  726,  269,  106,  878,  949],
        [  773,    0,  716,  906, 1091,  295,  446,  920,  450,  830,  812,  565,  463,  687,  655,  548, 1001,  758,  410,  660,  875,  709,  168,  585,  830,  383,  904,  976,  955,  145,  478,  421,  483,  493,  424,  753,  623,  371,  877,    0, 1113,  930,  912,  758,  233,  468,  697,  358,  850,  650,  933,  402,  779,  853,  511, 1098,  445,   81,  191,  250,  131,  729,  969,  341,  638,  679,  338,  414,  724,  783,  404,  138,  376,  833,  724,  456,  773,  751,  684,  127,  801,  742,  469,  646,  639,  619,  752,  490,  901,  517,  764,  410,  813,  893,  837,  392,  366,  303,  610,  514,  851,  772,  223,  314,  800,  531,  839,  623,  374,  766,  615,  800,  841,  184,  780,  921,  329,  110,  681,  743,  610,  413,  906,  732,  850,  750,  824,  910,  393, 1174,  409,  419,  926,  106, 1002,  869,  288,  714,  579,  689,  386,  169,  355,  679,  744,  868,   94,  598],
        [  722,    0,  720,  232,   45,  820,  762,  313,  756,  287,  817,  705,  925,  505,  610,  848,  197,  852, 1006,  519,  546,  569,  950,  599,  780,  738,  271,  142,  211, 1114,  857,  908,  651,  856,  964,  791,  763,  798,  479, 1113,    0,  427,  444,  376, 1057,  935,  823,  899,  762,  466,  432,  830,  564,  835,  975,  135,  671, 1048, 1138,  990, 1135,  472,  232,  855,  479,  578, 1002,  924,  521,  330,  968, 1206,  775,  512,  687,  701,  489,  363,  698, 1181,  375,  601,  699,  603,  819,  571,  433,  630,  352,  600,  870,  720,  742,  317,  546,  730,  757,  918,  738,  887,  842,  406,  948,  820,  649,  588,  448,  652,  749,  849,  569,  441,  698,  989,  631,  397,  853, 1092,  492,  377,  937,  715,  224,  454,  310,  379,  297,  255,  804,  134,  941,  743,  392, 1139,  196,  339,  941,  452,  633,  778,  863, 1010,  885,  621,  389,  584, 1074,  894],
