{
    "name": "random-29-27293",
    "comment": "size=29 seed=27293",
    "nodes": ["+0", "-0", "+1", "-1", "+2", "-2", "+3", "-3", "+4", "-4", "+5", "-5", "+6", "-6", "+7", "-7", "+8", "-8", "+9", "-9", "+10", "-10", "+11", "-11", "+12", "-12", "+13", "-13", "+14", "-14", "+15", "-15", "+16", "-16", "+17", "-17", "+18", "-18", "+19", "-19", "+20", "-20", "+21", "-21", "+22", "-22", "+23", "-23", "+24", "-24", "+25", "-25", "+26", "-26", "+27", "-27", "+28", "-28", "+29", "-29"],
    "precedence": {
        "+0": "-0",
        "+1": "-1",
        "+2": "-2",
        "+3": "-3",
        "+4": "-4",
        "+5": "-5",
        "+6": "-6",
        "+7": "-7",
        "+8": "-8",
        "+9": "-9",
        "+10": "-10",
        "+11": "-11",
        "+12": "-12",
        "+13": "-13",
        "+14": "-14",
        "+15": "-15",
        "+16": "-16",
        "+17": "-17",
        "+18": "-18",
        "+19": "-19",
        "+20": "-20",
        "+21": "-21",
        "+22": "-22",
        "+23": "-23",
        "+24": "-24",
        "+25": "-25",
        "+26": "-26",
        "+27": "-27",
        "+28": "-28",
        "+29": "-29"
    },
    "edges": [
        [    0,    0,  342,  442,  668,  249,  395,  528,  565,  463,  418,  433,  663,  320,  380,  276,  174,  511,  817,  166,  743,  268,  352,  282,  647,  250,  398,  577,  349,  738,  498,  650,  232,  493,  554,  397,  403,  346,  247,  268,  434,  533,  170,  216,  712,  166,  256,  169,  222,  440,  484,  610,  553,  512,  498,  250,  504,  506,  308,  279],
        [    0,    0,  342,  442,  668,  249,  395,  528,  565,  463,  418,  433,  663,  320,  380,  276,  174,  511,  817,  166,  743,  268,  352,  282,  647,  250,  398,  577,  349,  738,  498,  650,  232,  493,  554,  397,  403,  346,  247,  268,  434,  533,  170,  216,  712,  166,  256,  169,  222,  440,  484,  610,  553,  512,  498,  250,  504,  506,  308,  279],
        [  342,  342,    0,  452,  546,  397,  735,  489,  785,  803,  755,  763,  656,  616,  656,  605,  468,  763,  995,  490,  735,  365,  691,   66,  618,  591,   88,  866,  500, 1014,  372,  949,  224,  349,  837,   80,  524,   95,   98,  266,  111,  441,  441,  510,  713,  478,  596,  178,  533,  778,  414,  441,  884,  676,  240,  501,  515,  384,  611,  225],
        [  442,  442,  452,    0,  266,  209,  715,   96,  431,  767,  752,  795,  226,  438,  424,  661,  380,  457,  574,  441,  308,  175,  619,  454,  206,  569,  539,  600,  186,  701,  181,  690,  564,  203,  565,  423,  151,  537,  402,  209,  552,  148,  346,  648,  280,  593,  568,  384,  641,  767,  107,  275,  726,  285,  354,  691,   68,  177,  449,  598],
        [  668,  668,  546,  266,    0,  465,  977,  173,  655, 1031, 1013, 1053,  225,  704,  686,  913,  638,  700,  722,  698,  266,  422,  883,  577,  175,  828,  617,  847,  451,  927,  182,  936,  726,  200,  813,  482,  407,  640,  542,  402,  614,  136,  603,  882,  265,  829,  828,  560,  882, 1029,  186,  120,  988,  504,  336,  914,  243,  171,  715,  747],
        [  249,  249,  397,  209,  465,    0,  514,  303,  389,  571,  549,  589,  420,  268,  283,  453,  174,  371,  611,  234,  498,   51,  425,  368,  409,  364,  481,  489,  113,  625,  326,  577,  423,  334,  457,  406,  158,  456,  312,  148,  507,  332,  139,  444,  466,  388,  364,  256,  435,  566,  282,  441,  563,  292,  420,  492,  264,  330,  273,  465],
        [  395,  395,  735,  715,  977,  514,    0,  810,  558,   70,   41,  104,  893,  305,  362,  150,  341,  468,  810,  285,  959,  560,  109,  673,  897,  155,  783,  420,  543,  569,  835,  440,  577,  838,  421,  791,  599,  727,  641,  617,  820,  846,  377,  276,  926,  276,  153,  563,  237,   53,  795,  951,  253,  611,  880,  338,  757,  840,  287,  618],
        [  528,  528,  489,   96,  173,  303,  810,    0,  495,  863,  847,  890,  168,  532,  514,  755,  475,  533,  602,  536,  248,  266,  714,  502,  132,  665,  572,  679,  278,  768,  147,  769,  628,  175,  645,  445,  235,  579,  455,  277,  579,   81,  441,  738,  225,  683,  664,  451,  733,  862,   77,  206,  816,  345,  342,  777,   76,  138,  543,  658],
        [  565,  565,  785,  431,  655,  389,  558,  495,    0,  575,  597,  661,  470,  284,  212,  604,  394,   92,  265,  429,  505,  423,  452,  755,  502,  485,  870,  217,  290,  274,  611,  296,  784,  632,  188,  789,  289,  842,  699,  527,  895,  570,  395,  672,  475,  624,  478,  637,  641,  600,  536,  699,  421,  152,  769,  741,  420,  607,  304,  830],
        [  463,  463,  803,  767, 1031,  571,   70,  863,  575,    0,   65,  118,  937,  344,  393,  216,  399,  484,  819,  346, 1001,  618,  150,  742,  944,  220,  852,  415,  591,  552,  895,  421,  645,  899,  421,  859,  646,  796,  710,  680,  889,  902,  436,  341,  967,  344,  217,  631,  302,   45,  852, 1010,  222,  644,  946,  400,  807,  899,  328,  686],
        [  418,  418,  755,  752, 1013,  549,   41,  847,  597,   65,    0,   67,  932,  345,  402,  158,  376,  507,  848,  318,  999,  595,  149,  692,  936,  187,  801,  454,  581,  599,  869,  470,  589,  871,  457,  814,  638,  743,  664,  649,  838,  881,  411,  280,  965,  287,  186,  586,  242,   24,  831,  985,  277,  652,  908,  336,  795,  874,  327,  629],
        [  433,  433,  763,  795, 1053,  589,  104,  890,  661,  118,   67,    0,  982,  403,  463,  159,  416,  572,  914,  356, 1051,  633,  211,  699,  984,  226,  801,  520,  630,  665,  903,  534,  583,  903,  523,  826,  688,  742,  675,  678,  839,  920,  450,  266, 1017,  286,  228,  600,  234,   75,  869, 1018,  338,  710,  930,  311,  841,  909,  384,  619],
        [  663,  663,  656,  226,  225,  420,  893,  168,  470,  937,  932,  982,    0,  594,  556,  862,  577,  533,  500,  638,   83,  396,  789,  668,   52,  759,  739,  679,  353,  735,  305,  764,  788,  333,  647,  612,  294,  746,  619,  433,  746,  231,  547,  863,   58,  807,  756,  608,  852,  944,  244,  321,  851,  329,  500,  910,  161,  294,  609,  820],
        [  320,  320,  616,  438,  704,  268,  305,  532,  284,  344,  345,  403,  594,    0,   73,  322,  152,  208,  548,  160,  657,  319,  198,  569,  603,  203,  689,  259,  254,  418,  588,  336,  551,  598,  235,  646,  305,  647,  519,  408,  721,  581,  175,  390,  624,  344,  197,  442,  358,  354,  533,  700,  296,  308,  685,  461,  470,  590,   21,  598],
        [  380,  380,  656,  424,  686,  283,  362,  514,  212,  393,  402,  463,  556,   73,    0,  393,  207,  137,  476,  227,  614,  331,  254,  614,  571,  274,  734,  211,  239,  362,  587,  297,  610,  600,  182,  679,  280,  696,  562,  429,  764,  571,  222,  462,  581,  416,  267,  488,  430,  409,  525,  695,  303,  252,  702,  533,  447,  588,   92,  657],
        [  276,  276,  605,  661,  913,  453,  150,  755,  604,  216,  158,  159,  862,  322,  393,    0,  286,  521,  866,  224,  935,  492,  185,  541,  858,  120,  646,  512,  511,  672,  755,  552,  432,  754,  504,  667,  571,  588,  516,  527,  683,  778,  317,  127,  902,  131,  127,  441,   87,  181,  727,  870,  387,  621,  773,  192,  713,  762,  302,  472],
        [  174,  174,  468,  380,  638,  174,  341,  475,  394,  399,  376,  416,  577,  152,  207,  286,    0,  338,  652,   62,  651,  220,  257,  418,  573,  191,  539,  409,  228,  567,  496,  487,  403,  500,  384,  503,  287,  496,  370,  286,  572,  506,   37,  303,  618,  248,  190,  292,  284,  392,  456,  611,  423,  362,  560,  365,  429,  500,  144,  450],
        [  511,  511,  763,  457,  700,  371,  468,  533,   92,  484,  507,  572,  533,  208,  137,  521,  338,    0,  347,  363,  576,  413,  363,  727,  559,  403,  845,  148,  290,  256,  633,  237,  738,  651,  115,  776,  307,  811,  672,  517,  873,  602,  346,  597,  545,  552,  396,  604,  565,  509,  563,  731,  334,  205,  775,  669,  459,  632,  227,  785],
        [  817,  817,  995,  574,  722,  611,  810,  602,  265,  819,  848,  914,  500,  548,  476,  866,  652,  347,    0,  691,  491,  633,  707,  975,  548,  748, 1082,  413,  500,  350,  743,  452, 1027,  769,  400,  983,  472, 1063,  919,  730, 1103,  682,  648,  936,  474,  887,  741,  867,  905,  848,  665,  801,  633,  321,  928, 1005,  534,  736,  568, 1072],
        [  166,  166,  490,  441,  698,  234,  285,  536,  429,  346,  318,  356,  638,  160,  227,  224,   62,  363,  691,    0,  712,  278,  210,  436,  635,  132,  556,  414,  288,  576,  551,  484,  396,  554,  392,  533,  348,  508,  393,  335,  590,  565,   95,  251,  679,  198,  132,  313,  227,  336,  514,  667,  395,  413,  604,  316,  491,  557,  145,  444],
        [  743,  743,  735,  308,  266,  498,  959,  248,  505, 1001,  999, 1051,   83,  657,  614,  935,  651,  576,  491,  712,    0,  477,  854,  748,  119,  830,  817,  719,  425,  758,  377,  800,  870,  404,  688,  689,  365,  826,  700,  515,  823,  303,  623,  941,   34,  885,  827,  690,  929, 1010,  322,  376,  902,  374,  569,  990,  242,  365,  674,  902],
        [  268,  268,  365,  175,  422,   51,  560,  266,  423,  618,  595,  633,  396,  319,  331,  492,  220,  413,  633,  278,  477,    0,  473,  343,  380,  409,  451,  535,  136,  668,  277,  625,  417,  284,  503,  366,  166,  431,  286,  105,  474,  288,  184,  473,  446,  418,  409,  241,  467,  612,  237,  392,  614,  313,  371,  516,  237,  281,  323,  456],
        [  352,  352,  691,  619,  883,  425,  109,  714,  452,  150,  149,  211,  789,  198,  254,  185,  257,  363,  707,  210,  854,  473,    0,  633,  796,  107,  749,  331,  442,  489,  750,  368,  562,  756,  327,  740,  497,  697,  595,  542,  785,  755,  293,  299,  820,  277,  100,  514,  258,  157,  705,  865,  213,  503,  813,  370,  658,  754,  181,  606],
        [  282,  282,   66,  454,  577,  368,  673,  502,  755,  742,  692,  699,  668,  569,  614,  541,  418,  727,  975,  436,  748,  343,  633,    0,  632,  531,  121,  823,  477,  974,  398,  904,  165,  378,  795,  140,  507,   89,   57,  253,  155,  463,  395,  445,  724,  414,  537,  127,  468,  715,  431,  480,  830,  655,  292,  437,  519,  410,  562,  174],
        [  647,  647,  618,  206,  175,  409,  897,  132,  502,  944,  936,  984,   52,  603,  571,  858,  573,  559,  548,  635,  119,  380,  796,  632,    0,  759,  699,  707,  355,  771,  259,  793,  759,  286,  674,  570,  299,  709,  586,  405,  705,  184,  542,  852,  103,  796,  757,  580,  843,  949,  204,  270,  870,  356,  452,  896,  146,  247,  618,  789],
        [  250,  250,  591,  569,  828,  364,  155,  665,  485,  220,  187,  226,  759,  203,  274,  120,  191,  403,  748,  132,  830,  409,  107,  531,  759,    0,  646,  406,  407,  569,  682,  457,  456,  685,  394,  643,  465,  592,  496,  463,  682,  696,  226,  207,  796,  176,    9,  416,  169,  205,  645,  798,  318,  504,  727,  280,  616,  688,  183,  500],
        [  398,  398,   88,  539,  617,  481,  783,  572,  870,  852,  801,  801,  739,  689,  734,  646,  539,  845, 1082,  556,  817,  451,  749,  121,  699,  646,    0,  943,  587, 1094,  448, 1025,  229,  423,  915,  135,  611,   62,  173,  353,   38,  520,  516,  540,  796,  516,  652,  247,  569,  824,  496,  506,  949,  763,  293,  520,  601,  460,  683,  211],
        [  577,  577,  866,  600,  847,  489,  420,  679,  217,  415,  454,  520,  679,  259,  211,  512,  409,  148,  413,  414,  719,  535,  331,  823,  707,  406,  943,    0,  424,  165,  774,   92,  808,  790,   35,  889,  449,  904,  772,  636,  974,  746,  429,  612,  689,  576,  398,  697,  574,  450,  705,  874,  220,  352,  905,  685,  605,  773,  270,  856],
        [  349,  349,  500,  186,  451,  113,  543,  278,  290,  591,  581,  630,  353,  254,  239,  511,  228,  290,  500,  288,  425,  136,  442,  477,  355,  407,  587,  424,    0,  544,  351,  515,  535,  367,  391,  500,   60,  565,  420,  239,  610,  332,  202,  525,  391,  470,  404,  368,  509,  594,  287,  457,  540,  180,  487,  581,  217,  351,  267,  578],
        [  738,  738, 1014,  701,  927,  625,  569,  768,  274,  552,  599,  665,  735,  418,  362,  672,  567,  256,  350,  576,  758,  668,  489,  974,  771,  569, 1094,  165,  544,    0,  881,  133,  968,  900,  184, 1030,  555, 1057,  921,  771, 1123,  843,  583,  775,  732,  740,  561,  849,  737,  591,  807,  972,  336,  425, 1030,  848,  693,  878,  431, 1016],
        [  498,  498,  372,  181,  182,  326,  835,  147,  611,  895,  869,  903,  305,  588,  587,  755,  496,  633,  743,  551,  377,  277,  750,  398,  259,  682,  448,  774,  351,  881,    0,  865,  545,   29,  740,  316,  327,  466,  361,  231,  450,   75,  459,  713,  361,  662,  683,  380,  717,  887,   78,  116,  882,  465,  197,  741,  209,   13,  595,  567],
        [  650,  650,  949,  690,  936,  577,  440,  769,  296,  421,  470,  534,  764,  336,  297,  552,  487,  237,  452,  484,  800,  625,  368,  904,  793,  457, 1025,   92,  515,  133,  865,    0,  880,  881,  126,  975,  540,  983,  854,  724, 1056,  837,  509,  662,  770,  631,  448,  778,  622,  461,  796,  965,  204,  437,  994,  734,  695,  864,  344,  927],
        [  232,  232,  224,  564,  726,  423,  577,  628,  784,  645,  589,  583,  788,  551,  610,  432,  403,  738, 1027,  396,  870,  417,  562,  165,  759,  456,  229,  808,  535,  968,  545,  880,    0,  528,  785,  303,  578,  168,  186,  356,  266,  603,  392,  318,  842,  303,  463,  181,  350,  612,  564,  636,  771,  712,  456,  292,  631,  556,  539,   48],
        [  493,  493,  349,  203,  200,  334,  838,  175,  632,  899,  871,  903,  333,  598,  600,  754,  500,  651,  769,  554,  404,  284,  756,  378,  286,  685,  423,  790,  367,  900,   29,  881,  528,    0,  756,  290,  346,  443,  343,  227,  424,  102,  464,  708,  388,  658,  686,  368,  713,  889,  104,  118,  893,  487,  169,  732,  235,   39,  605,  548],
        [  554,  554,  837,  565,  813,  457,  421,  645,  188,  421,  457,  523,  647,  235,  182,  504,  384,  115,  400,  392,  688,  503,  327,  795,  674,  394,  915,   35,  391,  184,  740,  126,  785,  756,    0,  858,  415,  876,  743,  604,  946,  712,  402,  599,  657,  561,  386,  669,  562,  453,  671,  840,  239,  319,  872,  672,  571,  739,  247,  832],
        [  397,  397,   80,  423,  482,  406,  791,  445,  789,  859,  814,  826,  612,  646,  679,  667,  503,  776,  983,  533,  689,  366,  740,  140,  570,  643,  135,  889,  500, 1030,  316,  975,  303,  290,  858,    0,  515,  167,  152,  262,  135,  388,  473,  579,  669,  543,  647,  228,  599,  836,  369,  373,  925,  669,  164,  575,  481,  328,  643,  304],
        [  403,  403,  524,  151,  407,  158,  599,  235,  289,  646,  638,  688,  294,  305,  280,  571,  287,  307,  472,  348,  365,  166,  497,  507,  299,  465,  611,  449,   60,  555,  327,  540,  578,  346,  415,  515,    0,  594,  450,  258,  632,  297,  261,  584,  332,  528,  462,  406,  568,  651,  257,  425,  582,  155,  481,  639,  167,  325,  319,  619],
        [  346,  346,   95,  537,  640,  456,  727,  579,  842,  796,  743,  742,  746,  647,  696,  588,  496,  811, 1063,  508,  826,  431,  697,   89,  709,  592,   62,  904,  565, 1057,  466,  983,  168,  443,  876,  167,  594,    0,  145,  340,   99,  534,  475,  480,  803,  458,  599,  208,  509,  766,  506,  535,  899,  743,  330,  459,  601,  478,  640,  151],
        [  247,  247,   98,  402,  542,  312,  641,  455,  699,  710,  664,  675,  619,  519,  562,  516,  370,  672,  919,  393,  700,  286,  595,   57,  586,  496,  173,  772,  420,  921,  361,  854,  186,  343,  743,  152,  450,  145,    0,  198,  203,  422,  345,  429,  675,  393,  501,   81,  449,  686,  386,  451,  787,  599,  281,  430,  468,  372,  514,  207],
        [  268,  268,  266,  209,  402,  148,  617,  277,  527,  680,  649,  678,  433,  408,  429,  527,  286,  517,  730,  335,  515,  105,  542,  253,  405,  463,  353,  636,  239,  771,  231,  724,  356,  227,  604,  262,  258,  340,  198,    0,  374,  268,  250,  483,  488,  432,  465,  176,  486,  668,  222,  344,  700,  411,  278,  513,  276,  239,  410,  389],
        [  434,  434,  111,  552,  614,  507,  820,  579,  895,  889,  838,  839,  746,  721,  764,  683,  572,  873, 1103,  590,  823,  474,  785,  155,  705,  682,   38,  974,  610, 1123,  450, 1056,  266,  424,  946,  135,  632,   99,  203,  374,    0,  523,  547,  577,  803,  554,  688,  280,  606,  861,  503,  501,  984,  785,  284,  557,  613,  462,  715,  246],
        [  533,  533,  441,  148,  136,  332,  846,   81,  570,  902,  881,  920,  231,  581,  571,  778,  506,  602,  682,  565,  303,  288,  755,  463,  184,  696,  520,  746,  332,  843,   75,  837,  603,  102,  712,  388,  297,  534,  422,  268,  523,    0,  470,  747,  286,  694,  696,  432,  746,  898,   51,  130,  871,  420,  270,  780,  153,   64,  591,  628],
        [  170,  170,  441,  346,  603,  139,  377,  441,  395,  436,  411,  450,  547,  175,  222,  317,   37,  346,  648,   95,  623,  184,  293,  395,  542,  226,  516,  429,  202,  583,  459,  509,  392,  464,  402,  473,  261,  475,  345,  250,  547,  470,    0,  324,  590,  268,  226,  269,  308,  428,  420,  575,  455,  349,  525,  381,  397,  464,  170,  439],
        [  216,  216,  510,  648,  882,  444,  276,  738,  672,  341,  280,  266,  863,  390,  462,  127,  303,  597,  936,  251,  941,  473,  299,  445,  852,  207,  540,  612,  525,  775,  713,  662,  318,  708,  599,  579,  584,  480,  429,  483,  577,  747,  324,    0,  909,   56,  215,  363,   42,  303,  698,  825,  508,  662,  701,   73,  707,  722,  371,  353],
        [  712,  712,  713,  280,  265,  466,  926,  225,  475,  967,  965, 1017,   58,  624,  581,  902,  618,  545,  474,  679,   34,  446,  820,  724,  103,  796,  796,  689,  391,  732,  361,  770,  842,  388,  657,  669,  332,  803,  675,  488,  803,  286,  590,  909,    0,  853,  793,  663,  896,  976,  301,  370,  870,  342,  555,  958,  213,  349,  640,  875],
        [  166,  166,  478,  593,  829,  388,  276,  683,  624,  344,  287,  286,  807,  344,  416,  131,  248,  552,  887,  198,  885,  418,  277,  414,  796,  176,  516,  576,  470,  740,  662,  631,  303,  658,  561,  543,  528,  458,  393,  432,  554,  694,  268,   56,  853,    0,  184,  322,   57,  310,  645,  775,  489,  609,  658,  119,  651,  670,  326,  343],
        [  256,  256,  596,  568,  828,  364,  153,  664,  478,  217,  186,  228,  756,  197,  267,  127,  190,  396,  741,  132,  827,  409,  100,  537,  757,    9,  652,  398,  404,  561,  683,  448,  463,  686,  386,  647,  462,  599,  501,  465,  688,  696,  226,  215,  793,  184,    0,  421,  177,  204,  645,  799,  310,  499,  730,  288,  614,  688,  177,  508],
        [  169,  169,  178,  384,  560,  256,  563,  451,  637,  631,  586,  600,  608,  442,  488,  441,  292,  604,  867,  313,  690,  241,  514,  127,  580,  416,  247,  697,  368,  849,  380,  778,  181,  368,  669,  228,  406,  208,   81,  176,  280,  432,  269,  363,  663,  322,  421,    0,  378,  608,  390,  482,  707,  547,  339,  373,  451,  391,  436,  217],
        [  222,  222,  533,  641,  882,  435,  237,  733,  641,  302,  242,  234,  852,  358,  430,   87,  284,  565,  905,  227,  929,  467,  258,  468,  843,  169,  569,  574,  509,  737,  717,  622,  350,  713,  562,  599,  568,  509,  449,  486,  606,  746,  308,   42,  896,   57,  177,  378,    0,  266,  697,  830,  467,  639,  715,  113,  698,  725,  339,  388],
        [  440,  440,  778,  767, 1029,  566,   53,  862,  600,   45,   24,   75,  944,  354,  409,  181,  392,  509,  848,  336, 1010,  612,  157,  715,  949,  205,  824,  450,  594,  591,  887,  461,  612,  889,  453,  836,  651,  766,  686,  668,  861,  898,  428,  303,  976,  310,  204,  608,  266,    0,  847, 1002,  264,  659,  929,  359,  809,  892,  337,  652],
        [  484,  484,  414,  107,  186,  282,  795,   77,  536,  852,  831,  869,  244,  533,  525,  727,  456,  563,  665,  514,  322,  237,  705,  431,  204,  645,  496,  705,  287,  807,   78,  796,  564,  104,  671,  369,  257,  506,  386,  222,  503,   51,  420,  698,  301,  645,  645,  390,  697,  847,    0,  170,  825,  389,  269,  732,  131,   73,  542,  591],
        [  610,  610,  441,  275,  120,  441,  951,  206,  699, 1010,  985, 1018,  321,  700,  695,  870,  611,  731,  801,  667,  376,  392,  865,  480,  270,  798,  506,  874,  457,  972,  116,  965,  636,  118,  840,  373,  425,  535,  451,  344,  501,  130,  575,  825,  370,  775,  799,  482,  830, 1002,  170,    0,  993,  549,  219,  849,  281,  111,  708,  653],
        [  553,  553,  884,  726,  988,  563,  253,  816,  421,  222,  277,  338,  851,  296,  303,  387,  423,  334,  633,  395,  902,  614,  213,  830,  870,  318,  949,  220,  540,  336,  882,  204,  771,  893,  239,  925,  582,  899,  787,  700,  984,  871,  455,  508,  870,  489,  310,  707,  467,  264,  825,  993,    0,  529,  977,  577,  749,  884,  292,  817],
        [  512,  512,  676,  285,  504,  292,  611,  345,  152,  644,  652,  710,  329,  308,  252,  621,  362,  205,  321,  413,  374,  313,  503,  655,  356,  504,  763,  352,  180,  425,  465,  437,  712,  487,  319,  669,  155,  743,  599,  411,  785,  420,  349,  662,  342,  609,  499,  547,  639,  659,  389,  549,  529,    0,  632,  726,  269,  460,  327,  755],
        [  498,  498,  240,  354,  336,  420,  880,  342,  769,  946,  908,  930,  500,  685,  702,  773,  560,  775,  928,  604,  569,  371,  813,  292,  452,  727,  293,  905,  487, 1030,  197,  994,  456,  169,  872,  164,  481,  330,  281,  278,  284,  270,  525,  701,  555,  658,  730,  339,  715,  929,  269,  219,  977,  632,    0,  709,  398,  207,  687,  463],
        [  250,  250,  501,  691,  914,  492,  338,  777,  741,  400,  336,  311,  910,  461,  533,  192,  365,  669, 1005,  316,  990,  516,  370,  437,  896,  280,  520,  685,  581,  848,  741,  734,  292,  732,  672,  575,  639,  459,  430,  513,  557,  780,  381,   73,  958,  119,  288,  373,  113,  359,  732,  849,  577,  726,  709,    0,  752,  750,  442,  320],
        [  504,  504,  515,   68,  243,  264,  757,   76,  420,  807,  795,  841,  161,  470,  447,  713,  429,  459,  534,  491,  242,  237,  658,  519,  146,  616,  601,  605,  217,  693,  209,  695,  631,  235,  571,  481,  167,  601,  468,  276,  613,  153,  397,  707,  213,  651,  614,  451,  698,  809,  131,  281,  749,  269,  398,  752,    0,  202,  483,  664],
        [  506,  506,  384,  177,  171,  330,  840,  138,  607,  899,  874,  909,  294,  590,  588,  762,  500,  632,  736,  557,  365,  281,  754,  410,  247,  688,  460,  773,  351,  878,   13,  864,  556,   39,  739,  328,  325,  478,  372,  239,  462,   64,  464,  722,  349,  670,  688,  391,  725,  892,   73,  111,  884,  460,  207,  750,  202,    0,  598,  578],
        [  308,  308,  611,  449,  715,  273,  287,  543,  304,  328,  327,  384,  609,   21,   92,  302,  144,  227,  568,  145,  674,  323,  181,  562,  618,  183,  683,  270,  267,  431,  595,  344,  539,  605,  247,  643,  319,  640,  514,  410,  715,  591,  170,  371,  640,  326,  177,  436,  339,  337,  542,  708,  292,  327,  687,  442,  483,  598,    0,  586],
        [  279,  279,  225,  598,  747,  465,  618,  658,  830,  686,  629,  619,  820,  598,  657,  472,  450,  785, 1072,  444,  902,  456,  606,  174,  789,  500,  211,  856,  578, 1016,  567,  927,   48,  548,  832,  304,  619,  151,  207,  389,  246,  628,  439,  353,  875,  343,  508,  217,  388,  652,  591,  653,  817,  755,  463,  320,  664,  578,  586,    0]
    ]
}
