{
    "name": "random-89-15621",
    "comment": "size=89 seed=15621",
    "nodes": ["+0", "-0", "+1", "-1", "+2", "-2", "+3", "-3", "+4", "-4", "+5", "-5", "+6", "-6", "+7", "-7", "+8", "-8", "+9", "-9", "+10", "-10", "+11", "-11", "+12", "-12", "+13", "-13", "+14", "-14", "+15", "-15", "+16", "-16", "+17", "-17", "+18", "-18", "+19", "-19", "+20", "-20", "+21", "-21", "+22", "-22", "+23", "-23", "+24", "-24", "+25", "-25", "+26", "-26", "+27", "-27", "+28", "-28", "+29", "-29", "+30", "-30", "+31", "-31", "+32", "-32", "+33", "-33", "+34", "-34", "+35", "-35", "+36", "-36", "+37", "-37", "+38", "-38", "+39", "-39", "+40", "-40", "+41", "-41", "+42", "-42", "+43", "-43", "+44", "-44", "+45", "-45", "+46", "-46", "+47", "-47", "+48", "-48", "+49", "-49", "+50", "-50", "+51", "-51", "+52", "-52", "+53", "-53", "+54", "-54", "+55", "-55", "+56", "-56", "+57", "-57", "+58", "-58", "+59", "-59", "+60", "-60", "+61", "-61", "+62", "-62", "+63", "-63", "+64", "-64", "+65", "-65", "+66", "-66", "+67", "-67", "+68", "-68", "+69", "-69", "+70", "-70", "+71", "-71", "+72", "-72", "+73", "-73", "+74", "-74", "+75", "-75", "+76", "-76", "+77", "-77", "+78", "-78", "+79", "-79", "+80", "-80", "+81", "-81", "+82", "-82", "+83", "-83", "+84", "-84", "+85", "-85", "+86", "-86", "+87", "-87", "+88", "-88", "+89", "-89"],
    "precedence": {
        "+0": "-0",
        "+1": "-1",
        "+2": "-2",
        "+3": "-3",
        "+4": "-4",
        "+5": "-5",
        "+6": "-6",
        "+7": "-7",
        "+8": "-8",
        "+9": "-9",
        "+10": "-10",
        "+11": "-11",
        "+12": "-12",
        "+13": "-13",
        "+14": "-14",
        "+15": "-15",
        "+16": "-16",
        "+17": "-17",
        "+18": "-18",
        "+19": "-19",
        "+20": "-20",
        "+21": "-21",
        "+22": "-22",
        "+23": "-23",
        "+24": "-24",
        "+25": "-25",
        "+26": "-26",
        "+27": "-27",
        "+28": "-28",
        "+29": "-29",
        "+30": "-30",
        "+31": "-31",
        "+32": "-32",
        "+33": "-33",
        "+34": "-34",
        "+35": "-35",
        "+36": "-36",
        "+37": "-37",
        "+38": "-38",
        "+39": "-39",
        "+40": "-40",
        "+41": "-41",
        "+42": "-42",
        "+43": "-43",
        "+44": "-44",
        "+45": "-45",
        "+46": "-46",
        "+47": "-47",
        "+48": "-48",
        "+49": "-49",
        "+50": "-50",
        "+51": "-51",
        "+52": "-52",
        "+53": "-53",
        "+54": "-54",
        "+55": "-55",
        "+56": "-56",
        "+57": "-57",
        "+58": "-58",
        "+59": "-59",
        "+60": "-60",
        "+61": "-61",
        "+62": "-62",
        "+63": "-63",
        "+64": "-64",
        "+65": "-65",
        "+66": "-66",
        "+67": "-67",
        "+68": "-68",
        "+69": "-69",
        "+70": "-70",
        "+71": "-71",
        "+72": "-72",
        "+73": "-73",
        "+74": "-74",
        "+75": "-75",
        "+76": "-76",
        "+77": "-77",
        "+78": "-78",
        "+79": "-79",
        "+80": "-80",
        "+81": "-81",
        "+82": "-82",
        "+83": "-83",
        "+84": "-84",
        "+85": "-85",
        "+86": "-86",
        "+87": "-87",
        "+88": "-88",
        "+89": "-89"
    },
    "edges": [
        [    0,    0,  522,  816,  938,  657,  326,  809,  992,  620,  253,  804,  326,  565,  456,  754,  814,  698,  494, 1061,  584,  575,  650,  313,  603,  595,  887,  759,  369,  290,  472,  430,  747,  123,  883,  875,  108,  205,  754,  774,  169,  770,  354,  560,   41,  305,   54,  324,  785,   79,  910,  500,  651,  273,  311,  141,  655,  780,  778,  256,  235,  462,  503,  494,  903,  708,  877,  348,  230,  364,  508,  802,  509,  247,  223,  245,  599, 1020,  669,  640,  826,  335,  314,  634,  617,  791,  345,  812,  822,   70,   37,  362,  464,  216,  123,  737,  787,  946,  233,  800,  570,  267,  564,  717,  500,  287,  556,  474,  145,  473,  413,  602,  212,  282,  672,  868,  699,  846,  799,  796,  649, 1016,  746,  238,  944,  182,  185,  841,  250,  327,  243,  674,  503,  408,  641,  150,  587,  735,  385,  860,  344,  476,  549,  605,  619,  180,  803,  757,  624,  125,   47,  778,  589,  381, 1008,  151,  104,  213,  225,  229,  622,  300,  247,  534,  599,  817,  539,   27,  408,  884,  624,  803,  991,  489,  762,  563,  274,  426,  450,  685],
        [    0,    0,    0,    0,    0,    0,    0,    0,    0,    0,    0,    0,    0,    0,    0,    0,    0,    0,    0,    0,    0,    0,    0,    0,    0,    0,    0,    0,    0,    0,    0,    0,    0,    0,    0,    0,    0,    0,    0,    0,    0,    0,    0,    0,    0,    0,    0,    0,    0,    0,    0,    0,    0,    0,    0,    0,    0,    0,    0,    0,    0,    0,    0,    0,    0,    0,    0,    0,    0,    0,    0,    0,    0,    0,    0,    0,    0,    0,    0,    0,    0,    0,    0,    0,    0,    0,    0,    0,    0,    0,    0,    0,    0,    0,    0,    0,    0,    0,    0,    0,    0,    0,    0,    0,    0,    0,    0,    0,    0,    0,    0,    0,    0,    0,    0,    0,    0,    0,    0,    0,    0,    0,    0,    0,    0,    0,    0,    0,    0,    0,    0,    0,    0,    0,    0,    0,    0,    0,    0,    0,    0,    0,    0,    0,    0,    0,    0,    0,    0,    0,    0,    0,    0,    0,    0,    0,    0,    0,    0,    0,    0,    0,    0,    0,    0,    0,    0,    0,    0,    0,    0,    0,    0,    0,    0,    0,    0,    0,    0,    0],
        [  522,    0,    0,  782,  676,  546,  598,  494,  731,  697,  771, 1079,  782,  192,  431,  918,  734,  968,  121,  811,  186,  786,  488,  805,   95,  129,  541,  721,  402,  581,  578,  800,  722,  402,  571,  676,  628,  340,  994,  700,  401,  615,  409,  754,  534,  363,  559,  214,  759,  532,  657,  281,  442,  560,  706,  531,  510,  432,  955,  762,  753,  103,   21,  777,  763, 1000,  579,  524,  304,  802,  157,  617,  530,  385,  301,  278,  580,  798,  201,  452,  655,  500,  208,  145,  955,  458,  337,  875,  861,  456,  537,  789,  795,  319,  462,  974,  704,  807,  734,  939,  325,  272,  406,  938,  410,  793,  310,   76,  662,  285,  581,  369,  314,  242,  382,  642,  695,  664,  898,  669,  956,  733,  359,  755,  780,  624,  441,  869,  560,  541,  700,  423,  825,  651,  382,  630,  454,  832,  197, 1031,  820,  651,  488,  748,  563,  381, 1051,  489,  714,  620,  568,  993,  198,  508,  745,  376,  498,  314,  692,  407,  133,  259,  432,  400,  852,  834,  737,  503,  480,  601,  135,  838,  696,   33, 1037,  691,  785,  707,  805,  953],
        [  816,    0,  782,    0,  366,  237,  520,  440,  382,  216,  978,  551,  746,  603,  397,  316,   76,  490,  661,  398,  620,  374,  301,  826,  759,  907,  494,   63,  477,  551,  346,  608,   70,  797,  437,  256,  878,  689,  456,   88,  874,  210,  486,  355,  856,  554,  867,  689,   32,  890,  345,  503,  355,  559,  642,  944,  277,  494,  349, 1018,  972,  843,  769,  480,  170,  536,  412,  469,  814,  718,  625,  242,  314,  597,  778,  771,  228,  337,  967,  339,  214,  482,  753,  724,  592,  470,  537,  161,  124,  813,  853,  697,  549,  816,  887,  443,   92,  190, 1009,  289,  461,  689,  376,  406,  387,  860,  474,  824,  915,  505,  412,  421,  788,  736,  445,  298,  117,  230,  217,  155,  543,  425,  557,  977,  221,  711,  926,  116,  584,  495,  731,  393,  538,  457,  423,  958,  328,  201,  874,  378,  796,  372,  309,  283,  227,  678,  495,  380,  224,  784,  836,  419,  609,  436,  391,  742,  896,  792,  747,  605,  899,  655,  577,  385,  437,   85,  366,  792,  414,  390,  902,  110,  435,  778,  528,  288, 1018,  487,  584,  482],
        [  938,    0,  676,  366,    0,  308,  729,  185,   57,  507, 1157,  911,  987,  488,  489,  676,  293,  838,  578,  137,  490,  688,  291, 1056,  613,  777,  177,  355,  572,  748,  556,  885,  373,  872,  120,  113, 1028,  754,  814,  304,  930,  205,  588,  659,  974,  634,  992,  690,  375,  998,   30,  465,  289,  746,  877, 1036,  292,  252,  711, 1181, 1145,  768,  672,  772,  211,  884,  102,  645,  842,  972,  539,  161,  477,  691,  812,  796,  406,  130,  813,  299,  165,  643,  748,  561,  920,  224,  596,  527,  489,  908,  972,  951,  835,  850,  966,  799,  290,  227, 1164,  654,  392,  720,  375,  760,  440, 1077,  409,  742, 1069,  486,  623,  350,  826,  749,  302,   83,  401,  143,  583,  228,  880,   80,  333, 1150,  182,  899,  984,  478,  767,  679,  945,  276,  836,  700,  317, 1087,  355,  557,  835,  744, 1039,  625,  407,  595,  368,  764,  857,  195,  526,  954,  973,  780,  478,  602,   73,  816,  987,  829,  954,  710,  756,  680,  697,  405,  762,  451,  661,  912,  558,   77,  758,  476,   71,  688,  885,  571, 1191,  750,  867,  828],
        [  657,    0,  546,  237,  308,    0,  422,  271,  354,  235,  859,  670,  679,  367,  202,  451,  191,  578,  426,  413,  384,  407,   70,  749,  523,  671,  348,  178,  289,  443,  249,  581,  182,  612,  309,  223,  738,  495,  571,  155,  681,  115,  303,  374,  695,  362,  710,  470,  216,  723,  278,  269,  128,  441,  569,  770,   46,  303,  490,  889,  849,  611,  534,  476,  252,  623,  289,  341,  608,  665,  389,  152,  170,  415,  573,  562,  106,  367,  731,  107,  170,  341,  534,  490,  638,  286,  334,  353,  329,  638,  692,  644,  535,  612,  705,  553,  161,  297,  874,  451,  225,  480,  141,  513,  170,  772,  237,  590,  778,  274,  315,  186,  585,  523,  224,  227,  169,  192,  391,  145,  606,  387,  348,  854,  289,  596,  735,  333,  463,  374,  639,  174,  541,  394,  195,  805,   94,  338,  649,  549,  731,  323,  108,  321,   65,  494,  623,  198,  256,  656,  686,  550,  374,  298,  369,  554,  720,  589,  649,  430,  663,  443,  410,  156,  485,  298,  371,  631,  257,  281,  666,  308,  373,  544,  636,  284,  895,  446,  565,  566],
        [  326,    0,  598,  520,  729,  422,    0,  652,  775,  309,  459,  512,  259,  529,  265,  430,  535,  400,  507,  832,  554,  252,  447,  328,  643,  714,  736,  470,  222,   37,  182,  207,  455,  360,  711,  641,  366,  302,  446,  497,  442,  533,  208,  235,  366,  236,  369,  396,  489,  404,  700,  410,  475,   56,  151,  466,  440,  651,  456,  499,  452,  593,  578,  193,  638,  422,  697,   94,  431,  252,  496,  573,  253,  220,  399,  407,  333,  781,  792,  455,  586,  111,  438,  646,  360,  649,  268,  492,  505,  350,  360,  232,  198,  425,  428,  428,  513,  677,  492,  475,  452,  352,  394,  402,  323,  352,  446,  590,  400,  385,  112,  460,  401,  404,  538,  649,  406,  609,  475,  540,  370,  808,  652,  458,  685,  191,  483,  526,   77,   64,  219,  515,  230,   84,  499,  453,  390,  412,  563,  539,  311,  155,  325,  281,  366,  266,  500,  584,  309,  267,  333,  463,  552,  135,  790,  321,  423,  405,  232,  204,  727,  347,  172,  364,  290,  506,  214,  307,  183,  695,  730,  489,  793,  574,  469,  244,  499,  118,  208,  386],
        [  809,    0,  494,  440,  185,  271,  652,    0,  238,  505, 1043,  938,  910,  310,  390,  713,  367,  848,  402,  319,  310,  676,  216,  971,  429,  593,   84,  402,  460,  664,  500,  834,  415,  729,   80,  222,  907,  613,  839,  355,  778,  231,  477,  643,  841,  508,  861,  532,  434,  860,  171,  313,  178,  656,  802,  892,  233,   70,  751, 1061, 1029,  589,  492,  739,  334,  893,   86,  560,  684,  903,  366,  200,  416,  566,  657,  639,  375,  312,  629,  199,  235,  552,  585,  377,  907,   41,  466,  590,  558,  770,  840,  883,  794,  694,  820,  821,  348,  367, 1041,  704,  240,  569,  261,  781,  333,  985,  255,  562,  947,  338,  558,  208,  672,  591,  139,  175,  423,  228,  638,  286,  876,  240,  151, 1034,  328,  799,  831,  554,  673,  594,  855,  140,  804,  643,  168,  955,  265,  594,  661,  801,  961,  583,  334,  592,  334,  630,  889,   74,  526,  844,  848,  814,  298,  518,  252,  675,  845,  675,  861,  587,  572,  529,  582,  293,  755,  521,  640,  783,  470,  108,  574,  540,  204,  509,  905,  553, 1073,  701,  822,  836],
        [  992,    0,  731,  382,   57,  354,  775,  238,    0,  540, 1208,  931, 1032,  544,  541,  696,  312,  863,  634,   81,  545,  720,  343, 1102,  666,  830,  219,  379,  625,  796,  599,  925,  397,  928,  168,  141, 1081,  810,  835,  329,  986,  245,  641,  692, 1028,  688, 1045,  747,  394, 1052,   83,  521,  344,  794,  922, 1091,  342,  305,  730, 1234, 1196,  824,  728,  809,  216,  910,  154,  693,  898, 1015,  596,  203,  523,  745,  868,  852,  448,   90,  864,  353,  198,  692,  805,  614,  951,  277,  651,  541,  502,  963, 1026,  994,  874,  907, 1021,  821,  314,  219, 1217,  670,  449,  776,  429,  783,  493, 1125,  465,  798, 1121,  542,  668,  406,  882,  806,  359,  128,  430,  174,  598,  257,  909,   44,  385, 1201,  175,  948, 1040,  489,  815,  727,  992,  333,  873,  742,  374, 1141,  407,  578,  891,  757, 1084,  666,  456,  626,  411,  818,  876,  252,  558, 1005, 1026,  800,  534,  650,   16,  871, 1042,  885, 1002,  763,  809,  736,  750,  459,  793,  464,  696,  966,  607,  130,  810,  491,   68,  744,  907,  607, 1242,  791,  906,  854],
        [  620,    0,  697,  216,  507,  235,  309,  505,  540,    0,  766,  436,  530,  548,  267,  229,  249,  344,  578,  579,  570,  181,  299,  610,  700,  825,  580,  178,  323,  342,  153,  397,  159,  620,  536,  400,  672,  523,  338,  218,  700,  305,  326,  153,  660,  395,  668,  555,  186,  696,  480,  424,  353,  353,  427,  754,  277,  537,  268,  808,  760,  736,  680,  273,  359,  389,  514,  274,  656,  503,  549,  349,  167,  426,  619,  617,  138,  521,  895,  330,  344,  292,  616,  678,  414,  521,  392,  199,  203,  627,  656,  482,  341,  655,  704,  320,  235,  392,  800,  244,  414,  539,  321,  279,  290,  644,  420,  721,  708,  414,  207,  390,  627,  592,  447,  426,  114,  367,  206,  284,  376,  580,  575,  766,  411,  500,  750,  222,  378,  294,  517,  402,  335,  242,  413,  757,  281,  138,  744,  338,  581,  157,  220,   89,  175,  503,  391,  433,   22,  575,  635,  320,  562,  250,  553,  568,  707,  631,  533,  427,  825,  513,  396,  311,  256,  198,  158,  597,  244,  501,  828,  184,  577,  685,  401,   73,  806,  272,  375,  332],
        [  253,    0,  771,  978, 1157,  859,  459, 1043, 1208,  766,    0,  816,  286,  815,  668,  839,  992,  729,  746, 1272,  835,  664,  866,  214,  854,  835, 1124,  928,  587,  429,  637,  447,  913,  370, 1114, 1081,  145,  455,  795,  953,  386,  973,  570,  662,  238,  536,  212,  577,  947,  246, 1127,  741,  876,  424,  354,  274,  866, 1021,  852,   60,   20,  703,  752,  559, 1091,  722, 1105,  522,  471,  332,  759, 1010,  696,  479,  470,  493,  783, 1225,  905,  862, 1028,  519,  564,  886,  613, 1028,  579,  937,  956,  316,  234,  345,  502,  456,  323,  783,  968, 1132,   79,  891,  808,  519,  788,  775,  719,  164,  795,  718,  110,  714,  568,  835,  458,  533,  909, 1081,  864, 1051,  910,  990,  662, 1235,  992,   21, 1137,  269,  370,  977,  400,  491,  256,  905,  538,  526,  876,  163,  802,  855,  618,  928,  262,  609,  753,  724,  811,  426,  834,  986,  763,  203,  207,  831,  840,  563, 1223,  403,  286,  458,  236,  456,  863,  551,  463,  757,  658,  960,  643,  275,  603, 1109,  865,  941, 1214,  738,  780,  697,   43,  513,  474,  720],
        [  804,    0, 1079,  551,  911,  670,  512,  938,  931,  436,  816,    0,  532,  961,  661,  236,  620,  114,  971,  947,  985,  295,  734,  604, 1103, 1204, 1010,  557,  678,  543,  508,  381,  539,  866,  960,  799,  797,  814,   99,  608,  946,  722,  672,  329,  838,  726,  833,  896,  538,  877,  886,  832,  788,  566,  497,  942,  713,  972,  203,  874,  821, 1093, 1060,  321,  720,   97,  937,  562,  943,  486,  949,  765,  574,  726,  911,  918,  573,  886, 1279,  765,  749,  588,  945, 1091,  204,  956,  745,  397,  436,  846,  832,  475,  341,  936,  921,  117,  622,  733,  882,  267,  838,  859,  748,  158,  702,  653,  841, 1085,  816,  816,  500,  820,  913,  912,  882,  835,  519,  769,  338,  685,  158,  974, 1010,  827,  769,  626,  980,  454,  580,  554,  585,  837,  301,  440,  846,  891,  713,  355, 1072,  209,  557,  429,  645,  355,  611,  778,   59,  866,  415,  700,  793,  132,  979,  573,  940,  832,  907,  916,  608,  714, 1211,  847,  680,  732,  229,  471,  344,  792,  600,  920, 1214,  443,  981, 1060,   44,  406,  858,  395,  357,  128],
        [  326,    0,  782,  746,  987,  679,  259,  910, 1032,  530,  286,  532,    0,  757,  521,  563,  774,  444,  715, 1085,  781,  398,  706,   83,  845,  880,  994,  705,  463,  247,  433,  164,  687,  430,  970,  895,  281,  444,  511,  739,  493,  787,  447,  403,  349,  449,  334,  568,  716,  384,  957,  649,  733,  258,  110,  444,  699,  906,  573,  342,  289,  748,  761,  287,  881,  438,  956,  350,  534,   47,  714,  829,  510,  406,  513,  531,  585, 1032,  957,  713,  839,  360,  587,  860,  330,  906,  490,  678,  702,  388,  342,   60,  223,  521,  448,  499,  755,  918,  351,  617,  701,  512,  650,  493,  578,  127,  692,  753,  292,  622,  365,  714,  508,  550,  792,  906,  640,  862,  644,  790,  377, 1065,  899,  295,  931,  161,  509,  724,  245,  317,   86,  772,  256,  294,  754,  371,  648,  596,  688,  647,   53,  377,  584,  471,  621,  402,  549,  843,  523,  202,  297,  548,  781,  393, 1046,  425,  422,  510,  102,  383,  901,  525,  367,  620,  379,  713,  387,  327,  440,  954,  903,  691, 1051,  753,  495,  458,  328,  260,  192,  435],
        [  565,    0,  192,  603,  488,  367,  529,  310,  544,  548,  815,  961,  757,    0,  301,  776,  550,  853,   94,  624,   25,  668,  304,  798,  157,  308,  367,  545,  309,  524,  455,  736,  548,  462,  389,  485,  671,  361,  869,  519,  494,  426,  322,  633,  589,  309,  613,  249,  583,  600,  468,  129,  255,  507,  663,  618,  328,  255,  815,  820,  799,  280,  186,  684,  574,  891,  395,  441,  395,  766,   61,  427,  390,  355,  375,  354,  419,  608,  364,  267,  465,  420,  290,  131,  865,  277,  268,  711,  692,  512,  591,  749,  716,  407,  545,  849,  522,  617,  796,  790,  143,  300,  235,  811,  261,  798,  132,  254,  710,  149,  479,  183,  390,  305,  191,  451,  527,  473,  740,  482,  855,  550,  195,  802,  589,  614,  544,  698,  515,  467,  684,  232,  740,  561,  192,  699,  281,  678,  352,  885,  802,  539,  330,  613,  395,  391,  926,  298,  568,  634,  609,  861,   25,  411,  559,  417,  575,  392,  682,  380,  297,  266,  391,  238,  741,  663,  620,  541,  371,  415,  300,  670,  513,  201,  921,  558,  838,  621,  733,  839],
        [  456,    0,  431,  397,  489,  202,  265,  390,  541,  267,  668,  661,  521,  301,    0,  487,  375,  553,  315,  607,  325,  368,  199,  581,  443,  560,  474,  335,   88,  274,  155,  460,  328,  412,  454,  419,  541,  298,  571,  335,  484,  315,  102,  333,  494,  163,  510,  296,  368,  522,  460,  172,  214,  266,  414,  569,  200,  387,  525,  693,  656,  470,  414,  389,  452,  590,  442,  172,  418,  516,  289,  347,  100,  214,  382,  375,  170,  565,  631,  197,  370,  162,  359,  430,  569,  385,  141,  455,  447,  437,  492,  497,  430,  421,  505,  551,  346,  497,  677,  509,  194,  293,  130,  513,   58,  596,  191,  455,  581,  155,  186,  196,  393,  341,  274,  415,  289,  391,  471,  344,  556,  568,  391,  661,  490,  413,  537,  460,  284,  205,  466,  252,  449,  273,  235,  605,  135,  404,  485,  601,  572,  239,   96,  318,  174,  294,  628,  325,  284,  465,  488,  566,  319,  130,  556,  355,  519,  397,  473,  228,  561,  260,  210,  100,  441,  428,  320,  430,   83,  444,  564,  425,  547,  418,  621,  262,  702,  333,  452,  539],
        [  754,    0,  918,  316,  676,  451,  430,  713,  696,  229,  839,  236,  563,  776,  487,    0,  385,  186,  802,  713,  798,  181,  519,  646,  926, 1046,  781,  323,  528,  466,  346,  401,  306,  784,  730,  564,  779,  705,  141,  374,  867,  491,  527,  196,  793,  592,  795,  760,  302,  832,  652,  651,  575,  485,  486,  895,  496,  752,   40,  890,  838,  949,  901,  280,  486,  229,  706,  441,  840,  523,  774,  533,  390,  609,  805,  806,  364,  651, 1117,  553,  515,  465,  817,  906,  310,  734,  598,  167,  205,  778,  788,  505,  341,  837,  857,  130,  388,  500,  890,   55,  642,  735,  549,   99,  516,  690,  648,  937,  808,  639,  369,  617,  810,  789,  671,  602,  290,  535,  110,  451,  253,  739,  797,  844,  535,  597,  910,  225,  506,  446,  584,  623,  311,  347,  638,  872,  508,  121,  947,  116,  604,  293,  448,  173,  398,  677,  181,  643,  209,  677,  757,  105,  790,  434,  705,  739,  852,  814,  606,  604, 1048,  714,  570,  539,  186,  238,  217,  736,  446,  688, 1051,  210,  746,  904,  214,  229,  881,  334,  373,  181],
        [  814,    0,  734,   76,  293,  191,  535,  367,  312,  249,  992,  620,  774,  550,  375,  385,    0,  553,  615,  337,  565,  422,  247,  852,  704,  857,  420,   73,  460,  564,  356,  646,   92,  785,  362,  182,  884,  672,  523,   41,  858,  139,  471,  398,  854,  536,  866,  659,   83,  886,  271,  459,  297,  569,  667,  937,  225,  423,  419, 1028,  984,  801,  722,  521,  111,  599,  337,  474,  791,  750,  577,  168,  306,  584,  756,  747,  216,  277,  914,  284,  139,  483,  723,  666,  648,  398,  514,  235,  199,  805,  851,  728,  589,  795,  877,  509,   31,  144, 1018,  361,  410,  664,  332,  471,  356,  883,  424,  781,  922,  465,  425,  367,  767,  709,  382,  223,  136,  155,  290,   82,  602,  355,  489,  990,  163,  724,  912,  191,  593,  502,  752,  331,  582,  481,  365,  960,  285,  266,  839,  452,  825,  397,  281,  328,  201,  665,  565,  310,  262,  793,  838,  489,  554,  436,  322,  728,  888,  771,  766,  595,  847,  629,  570,  346,  490,  160,  406,  789,  407,  315,  850,  184,  362,  733,  595,  321, 1031,  518,  624,  544],
        [  698,    0,  968,  490,  838,  578,  400,  848,  863,  344,  729,  114,  444,  853,  553,  186,  553,    0,  860,  887,  877,  186,  640,  521,  993, 1092,  923,  485,  566,  431,  399,  284,  467,  755,  877,  727,  698,  701,   70,  535,  836,  642,  560,  221,  733,  613,  729,  783,  472,  772,  812,  725,  692,  454,  395,  837,  619,  878,  170,  785,  732,  980,  948,  209,  659,   47,  854,  449,  831,  398,  839,  686,  469,  612,  798,  805,  477,  826, 1167,  668,  674,  474,  831,  982,  136,  864,  632,  350,  388,  737,  727,  385,  237,  824,  813,   65,  550,  678,  791,  234,  734,  745,  645,   87,  596,  569,  736,  972,  719,  707,  387,  719,  800,  799,  783,  759,  439,  696,  295,  610,   76,  905,  911,  738,  710,  522,  872,  409,  469,  440,  488,  741,  197,  326,  747,  792,  613,  290,  959,  219,  475,  318,  544,  258,  517,  665,  107,  776,  323,  598,  689,  115,  872,  460,  874,  720,  801,  804,  510,  600, 1100,  734,  567,  628,  116,  418,  234,  685,  489,  840, 1102,  390,  908,  948,   71,  303,  771,  283,  258,   15],
        [  494,    0,  121,  661,  578,  426,  507,  402,  634,  578,  746,  971,  715,   94,  315,  802,  615,  860,    0,  714,  102,  677,  369,  748,  136,  249,  460,  601,  297,  495,  465,  713,  601,  384,  481,  567,  601,  293,  883,  580,  408,  499,  306,  643,  514,  273,  538,  170,  639,  521,  556,  160,  327,  475,  629,  535,  391,  348,  840,  746,  728,  194,  108,  677,  649,  894,  486,  426,  308,  729,   40,  505,  413,  309,  291,  269,  459,  695,  317,  335,  542,  402,  202,  147,  857,  369,  239,  755,  740,  435,  516,  714,  701,  321,  462,  863,  585,  693,  720,  821,  207,  227,  286,  826,  290,  743,  192,  170,  638,  165,  476,  253,  306,  221,  277,  536,  574,  553,  778,  552,  853,  641,  287,  731,  669,  564,  456,  748,  479,  447,  637,  313,  729,  551,  271,  621,  334,  713,  259,  914,  757,  543,  368,  633,  442,  328,  940,  385,  596,  574,  539,  880,  112,  403,  649,  343,  494,  307,  633,  333,  248,  198,  351,  280,  746,  713,  628,  471,  371,  505,  250,  718,  605,  119,  929,  577,  766,  609,  714,  846],
        [ 1061,    0,  811,  398,  137,  413,  832,  319,   81,  579, 1272,  947, 1085,  624,  607,  713,  337,  887,  714,    0,  626,  756,  412, 1158,  747,  910,  294,  408,  693,  854,  653,  970,  427, 1001,  247,  192, 1148,  883,  853,  361, 1061,  300,  708,  730, 1098,  759, 1115,  824,  416, 1123,  159,  598,  418,  854,  976, 1164,  408,  385,  744, 1300, 1261,  904,  809,  850,  229,  934,  234,  753,  975, 1066,  676,  262,  581,  815,  944,  929,  500,   62,  944,  425,  247,  754,  883,  694,  984,  357,  723,  551,  512, 1035, 1096, 1045,  917,  983, 1095,  841,  345,  216, 1284,  682,  526,  852,  501,  804,  562, 1183,  543,  878, 1188,  618,  722,  483,  958,  883,  438,  195,  465,  224,  610,  298,  938,   92,  465, 1266,  178, 1009, 1115,  496,  876,  786, 1050,  411,  913,  793,  452, 1210,  475,  598,  971,  763, 1137,  713,  519,  662,  466,  890,  890,  331,  594, 1069, 1094,  815,  614,  711,   68,  944, 1115,  961, 1061,  833,  889,  812,  817,  530,  826,  476,  736, 1035,  669,  211,  891,  504,  132,  824,  926,  648, 1307,  838,  950,  879],
        [  584,    0,  186,  620,  490,  384,  554,  310,  545,  570,  835,  985,  781,   25,  325,  798,  565,  877,  102,  626,    0,  692,  320,  821,  140,  297,  362,  562,  334,  548,  479,  761,  566,  480,  388,  493,  691,  381,  892,  534,  508,  438,  347,  657,  608,  333,  632,  266,  600,  617,  471,  153,  268,  531,  687,  634,  344,  251,  837,  839,  819,  280,  183,  708,  584,  915,  395,  465,  409,  790,   77,  436,  413,  378,  390,  368,  440,  613,  349,  282,  475,  445,  303,  109,  889,  274,  292,  730,  711,  530,  609,  773,  741,  421,  561,  873,  537,  627,  814,  811,  161,  318,  254,  834,  284,  820,  152,  253,  729,  174,  504,  199,  405,  320,  197,  457,  546,  482,  761,  495,  879,  549,  185,  822,  598,  637,  558,  716,  539,  491,  707,  242,  765,  586,  203,  717,  300,  699,  356,  907,  826,  563,  351,  635,  415,  412,  949,  304,  590,  655,  629,  884,   12,  435,  560,  435,  592,  407,  705,  403,  284,  285,  415,  260,  765,  681,  644,  561,  396,  416,  286,  689,  512,  199,  945,  582,  858,  646,  758,  863],
        [  575,    0,  786,  374,  688,  407,  252,  676,  720,  181,  664,  295,  398,  668,  368,  181,  422,  186,  677,  756,  692,    0,  463,  480,  808,  912,  755,  350,  385,  288,  213,  243,  331,  610,  712,  580,  600,  540,  209,  395,  693,  485,  380,   36,  614,  438,  615,  609,  349,  652,  660,  539,  513,  308,  311,  715,  445,  701,  204,  714,  663,  804,  767,  113,  533,  225,  691,  277,  673,  362,  654,  530,  284,  446,  639,  643,  302,  697,  986,  489,  525,  303,  661,  797,  234,  688,  453,  282,  309,  601,  608,  342,  182,  668,  680,  190,  412,  561,  713,  230,  549,  577,  462,  157,  411,  522,  551,  795,  629,  522,  209,  535,  643,  631,  602,  606,  291,  548,  247,  464,  201,  760,  730,  669,  585,  417,  735,  331,  328,  276,  409,  561,  164,  170,  565,  692,  431,  200,  791,  287,  443,  136,  361,   95,  343,  508,  266,  603,  163,  497,  577,  216,  686,  282,  733,  568,  674,  647,  429,  438,  918,  561,  403,  443,   79,  325,   49,  557,  306,  679,  921,  300,  758,  768,  254,  124,  707,  154,  217,  172],
        [  650,    0,  488,  301,  291,   70,  447,  216,  343,  299,  866,  734,  706,  304,  199,  519,  247,  640,  369,  412,  320,  463,    0,  772,  459,  611,  298,  245,  282,  463,  286,  621,  250,  593,  266,  228,  738,  475,  636,  215,  657,  136,  298,  429,  687,  348,  704,  433,  283,  713,  262,  218,   58,  458,  597,  754,   25,  239,  558,  891,  854,  559,  477,  523,  286,  683,  250,  359,  577,  696,  332,  156,  202,  404,  544,  531,  163,  373,  668,   39,  187,  354,  496,  423,  692,  226,  313,  422,  398,  625,  685,  675,  579,  584,  687,  618,  218,  332,  874,  520,  164,  451,   96,  577,  151,  790,  178,  537,  778,  228,  347,  121,  557,  489,  154,  218,  239,  204,  461,  184,  663,  370,  279,  859,  314,  609,  712,  401,  478,  393,  658,  105,  588,  430,  126,  799,   64,  406,  604,  618,  758,  367,  123,  382,  124,  480,  689,  144,  320,  663,  684,  616,  309,  315,  359,  536,  705,  561,  667,  422,  601,  412,  407,  121,  542,  366,  425,  624,  270,  249,  604,  377,  350,  488,  699,  340,  900,  486,  607,  627],
        [  313,    0,  805,  826, 1056,  749,  328,  971, 1102,  610,  214,  604,   83,  798,  581,  646,  852,  521,  748, 1158,  821,  480,  772,    0,  874,  894, 1055,  783,  517,  309,  506,  245,  766,  429, 1034,  968,  243,  465,  589,  816,  481,  859,  500,  485,  327,  491,  308,  592,  796,  357, 1026,  698,  795,  316,  185,  412,  766,  963,  655,  273,  221,  761,  784,  369,  958,  512, 1020,  414,  536,  124,  751,  900,  580,  443,  521,  540,  658, 1106,  970,  776,  912,  420,  602,  894,  401,  964,  535,  761,  784,  381,  321,  141,  305,  523,  429,  578,  832,  995,  285,  699,  754,  534,  710,  574,  638,   50,  744,  768,  243,  670,  436,  770,  513,  567,  848,  976,  718,  935,  727,  864,  452, 1135,  951,  227, 1007,  185,  488,  807,  299,  380,  117,  832,  337,  371,  811,  324,  712,  678,  692,  727,   48,  456,  651,  553,  693,  425,  624,  906,  603,  192,  276,  627,  822,  457, 1117,  435,  399,  515,  116,  419,  917,  553,  409,  679,  461,  795,  469,  320,  503, 1020,  920,  773, 1119,  774,  569,  538,  254,  341,  273,  513],
        [  603,    0,   95,  759,  613,  523,  643,  429,  666,  700,  854, 1103,  845,  157,  443,  926,  704,  993,  136,  747,  140,  808,  459,  874,    0,  165,  466,  701,  432,  630,  596,  849,  704,  486,  502,  626,  710,  412, 1013,  674,  491,  577,  442,  774,  618,  409,  643,  284,  739,  619,  597,  276,  408,  610,  762,  621,  483,  363,  965,  848,  836,  195,  108,  812,  721, 1028,  513,  561,  393,  861,  155,  573,  538,  441,  386,  363,  574,  739,  210,  422,  612,  538,  292,   56,  993,  390,  375,  867,  848,  539,  621,  847,  837,  407,  551,  994,  676,  763,  821,  942,  299,  343,  390,  956,  411,  866,  288,  169,  745,  289,  610,  339,  399,  322,  333,  587,  683,  618,  895,  634,  988,  664,  285,  839,  732,  691,  533,  854,  613,  583,  765,  380,  865,  687,  342,  718,  437,  832,  290, 1037,  886,  676,  483,  760,  551,  451, 1070,  435,  719,  694,  649, 1008,  151,  538,  680,  454,  586,  400,  760,  464,  146,  322,  485,  392,  879,  819,  760,  583,  504,  537,  148,  826,  626,  125, 1061,  705,  871,  745,  850,  979],
        [  595,    0,  129,  907,  777,  671,  714,  593,  830,  825,  835, 1204,  880,  308,  560, 1046,  857, 1092,  249,  910,  297,  912,  611,  894,  165,    0,  627,  848,  527,  695,  705,  913,  849,  473,  665,  788,  697,  437, 1120,  824,  451,  734,  532,  879,  600,  482,  625,  320,  885,  590,  761,  409,  563,  673,  813,  575,  633,  526, 1083,  818,  816,  134,  146,  898,  881, 1122,  677,  646,  366,  904,  283,  733,  659,  497,  375,  355,  708,  903,   78,  574,  772,  621,  294,  218, 1073,  554,  460, 1003,  988,  526,  604,  893,  912,  381,  514, 1100,  828,  923,  788, 1068,  448,  372,  532, 1065,  539,  877,  434,  128,  727,  413,  705,  490,  385,  330,  493,  750,  822,  779, 1026,  790, 1077,  828,  448,  817,  894,  720,  479,  997,  670,  660,  796,  539,  943,  772,  499,  683,  580,  961,  219, 1160,  914,  777,  617,  875,  691,  479, 1177,  597,  843,  705,  641, 1120,  309,  632,  843,  460,  551,  383,  786,  516,   36,  369,  544,  528,  976,  962,  863,  581,  606,  701,   36,  966,  789,  144, 1161,  819,  843,  826,  919, 1077],
        [  887,    0,  541,  494,  177,  348,  736,   84,  219,  580, 1124, 1010,  994,  367,  474,  781,  420,  923,  460,  294,  362,  755,  298, 1055,  466,  627,    0,  464,  542,  748,  583,  917,  479,  803,   61,  253,  986,  689,  911,  415,  848,  292,  559,  722,  918,  588,  939,  601,  493,  936,  177,  388,  262,  739,  886,  965,  313,  113,  819, 1140, 1110,  639,  541,  820,  367,  968,   86,  644,  753,  987,  426,  254,  498,  646,  728,  709,  454,  305,  655,  283,  282,  635,  651,  411,  986,   97,  545,  650,  616,  846,  918,  967,  876,  764,  893,  894,  405,  392, 1119,  769,  318,  642,  345,  853,  417, 1068,  332,  612, 1027,  415,  642,  289,  743,  660,  216,  205,  492,  269,  701,  340,  954,  205,  182, 1114,  349,  882,  901,  610,  757,  678,  939,  223,  885,  726,  248, 1032,  348,  662,  718,  865, 1045,  664,  417,  668,  413,  708,  959,  155,  601,  925,  927,  884,  351,  601,  229,  750,  919,  745,  945,  668,  603,  603,  663,  376,  833,  578,  719,  861,  554,  113,  605,  599,  165,  559,  978,  632, 1153,  783,  904,  911],
        [  759,    0,  721,   63,  355,  178,  470,  402,  379,  178,  928,  557,  705,  545,  335,  323,   73,  485,  601,  408,  562,  350,  245,  783,  701,  848,  464,    0,  415,  500,  293,  574,   20,  737,  410,  243,  824,  628,  460,   52,  813,  173,  425,  326,  799,  493,  810,  627,   39,  832,  330,  442,  301,  507,  599,  886,  220,  451,  359,  967,  921,  782,  708,  449,  184,  532,  385,  414,  752,  679,  565,  212,  254,  537,  716,  709,  166,  348,  908,  283,  192,  425,  690,  667,  577,  429,  475,  188,  158,  754,  796,  658,  517,  754,  828,  445,   66,  215,  957,  306,  403,  627,  316,  406,  325,  815,  415,  762,  862,  443,  361,  364,  726,  674,  393,  279,   66,  213,  238,  128,  532,  420,  510,  927,  235,  660,  866,  158,  532,  441,  685,  341,  510,  413,  369,  903,  268,  203,  812,  401,  756,  328,  246,  256,  164,  618,  504,  338,  190,  732,  781,  427,  552,  379,  389,  681,  837,  730,  700,  545,  840,  593,  518,  324,  419,  123,  334,  735,  354,  366,  843,  139,  425,  718,  531,  250,  968,  448,  552,  476],
        [  369,    0,  402,  477,  572,  289,  222,  460,  625,  323,  587,  678,  463,  309,   88,  528,  460,  566,  297,  693,  334,  385,  282,  517,  432,  527,  542,  415,    0,  220,  183,  427,  407,  325,  528,  506,  457,  213,  594,  419,  399,  402,   18,  353,  407,   78,  423,  234,  447,  435,  543,  190,  290,  206,  362,  481,  286,  447,  564,  610,  575,  422,  383,  381,  539,  599,  518,  132,  339,  466,  281,  433,  166,  126,  303,  298,  250,  651,  602,  275,  458,  112,  293,  430,  561,  450,   71,  519,  516,  349,  405,  448,  408,  341,  418,  574,  431,  584,  593,  557,  238,  218,  202,  539,  133,  527,  230,  412,  497,  164,  180,  255,  313,  270,  332,  499,  365,  478,  528,  432,  557,  650,  437,  579,  578,  340,  452,  530,  220,  159,  400,  321,  434,  255,  296,  518,  218,  459,  423,  643,  512,  250,  183,  356,  260,  206,  651,  400,  336,  386,  402,  596,  332,  107,  640,  269,  432,  317,  404,  141,  534,  190,  126,  170,  451,  500,  336,  343,   82,  523,  537,  495,  628,  383,  636,  300,  620,  315,  425,  552],
        [  290,    0,  581,  551,  748,  443,   37,  664,  796,  342,  429,  543,  247,  524,  274,  466,  564,  431,  495,  854,  548,  288,  463,  309,  630,  695,  748,  500,  220,    0,  209,  220,  485,  326,  725,  663,  331,  275,  479,  525,  408,  555,  205,  271,  330,  222,  333,  375,  520,  368,  719,  409,  487,   24,  143,  430,  458,  659,  491,  467,  421,  571,  561,  223,  664,  451,  712,  105,  401,  246,  487,  594,  274,  198,  370,  379,  358,  805,  772,  468,  609,  114,  414,  637,  383,  659,  259,  527,  540,  314,  325,  228,  219,  394,  393,  461,  541,  705,  459,  511,  456,  328,  404,  436,  332,  330,  448,  569,  366,  383,  140,  467,  371,  379,  545,  669,  436,  631,  511,  565,  397,  828,  655,  427,  712,  161,  448,  560,   41,   71,  197,  526,  254,  119,  507,  418,  403,  448,  537,  574,  298,  190,  342,  317,  389,  237,  532,  597,  343,  234,  298,  497,  547,  148,  811,  290,  387,  375,  207,  180,  709,  327,  151,  373,  322,  540,  250,  271,  195,  711,  712,  523,  811,  556,  499,  279,  468,  148,  225,  417],
        [  472,    0,  578,  346,  556,  249,  182,  500,  599,  153,  637,  508,  433,  455,  155,  346,  356,  399,  465,  653,  479,  213,  286,  506,  596,  705,  583,  293,  183,  209,    0,  335,  279,  468,  551,  463,  532,  372,  418,  317,  548,  355,  182,  179,  513,  249,  522,  415,  315,  547,  526,  326,  325,  215,  323,  604,  274,  513,  382,  674,  629,  604,  559,  243,  456,  436,  533,  124,  506,  417,  442,  397,   85,  275,  470,  469,  153,  601,  778,  303,  407,  140,  473,  584,  420,  505,  253,  351,  355,  476,  509,  396,  294,  505,  552,  398,  332,  496,  664,  376,  341,  393,  259,  362,  201,  532,  341,  592,  569,  309,   71,  333,  477,  447,  405,  474,  230,  430,  351,  359,  403,  634,  530,  635,  504,  369,  598,  372,  239,  149,  400,  372,  307,  146,  367,  613,  239,  283,  603,  461,  485,   87,  167,  174,  188,  351,  476,  429,  161,  439,  491,  416,  474,   98,  614,  416,  557,  481,  413,  276,  709,  370,  244,  237,  287,  347,  166,  449,  101,  528,  712,  335,  622,  561,  467,  118,  676,  201,  322,  385],
        [  430,    0,  800,  608,  885,  581,  207,  834,  925,  397,  447,  381,  164,  736,  460,  401,  646,  284,  713,  970,  761,  243,  621,  245,  849,  913,  917,  574,  427,  220,  335,    0,  556,  509,  885,  785,  417,  484,  350,  614,  584,  680,  414,  255,  462,  441,  455,  593,  580,  501,  855,  615,  658,  241,  120,  565,  609,  842,  410,  502,  449,  787,  780,  131,  756,  285,  868,  297,  600,  122,  703,  724,  419,  416,  572,  585,  479,  914,  991,  636,  728,  316,  627,  853,  188,  836,  475,  524,  551,  480,  456,  105,   62,  590,  551,  337,  630,  789,  507,  455,  652,  543,  584,  330,  516,  291,  647,  786,  437,  590,  278,  654,  570,  591,  731,  802,  511,  752,  486,  673,  224,  962,  850,  455,  807,  249,  612,  574,  244,  270,  205,  702,   92,  191,  692,  511,  571,  443,  745,  484,  204,  260,  500,  326,  518,  444,  391,  763,  386,  321,  415,  385,  758,  332,  938,  486,  533,  574,  227,  397,  928,  545,  370,  557,  217,  566,  243,  422,  378,  862,  931,  542,  952,  775,  341,  325,  489,  136,   29,  275],
        [  747,    0,  722,   70,  373,  182,  455,  415,  397,  159,  913,  539,  687,  548,  328,  306,   92,  467,  601,  427,  566,  331,  250,  766,  704,  849,  479,   20,  407,  485,  279,  556,    0,  728,  425,  261,  811,  619,  442,   70,  804,  187,  416,  307,  787,  484,  798,  622,   41,  821,  348,  442,  307,  492,  582,  874,  226,  463,  343,  952,  906,  780,  709,  430,  203,  513,  401,  401,  745,  661,  566,  228,  244,  527,  709,  702,  159,  367,  911,  288,  210,  413,  685,  672,  557,  441,  468,  177,  149,  743,  784,  640,  499,  747,  817,  426,   84,  234,  942,  291,  406,  620,  317,  388,  322,  798,  417,  761,  848,  442,  346,  368,  719,  668,  401,  296,   49,  230,  224,  146,  513,  439,  519,  912,  255,  645,  856,  152,  517,  427,  669,  349,  491,  396,  375,  890,  269,  186,  808,  387,  738,  311,  242,  237,  161,  608,  486,  349,  171,  717,  768,  410,  556,  367,  408,  672,  826,  723,  684,  535,  842,  587,  507,  323,  399,  116,  315,  723,  344,  382,  845,  128,  443,  717,  513,  232,  953,  430,  533,  457],
