{
    "name": "random-61-27432",
    "comment": "size=61 seed=27432",
    "nodes": ["+0", "-0", "+1", "-1", "+2", "-2", "+3", "-3", "+4", "-4", "+5", "-5", "+6", "-6", "+7", "-7", "+8", "-8", "+9", "-9", "+10", "-10", "+11", "-11", "+12", "-12", "+13", "-13", "+14", "-14", "+15", "-15", "+16", "-16", "+17", "-17", "+18", "-18", "+19", "-19", "+20", "-20", "+21", "-21", "+22", "-22", "+23", "-23", "+24", "-24", "+25", "-25", "+26", "-26", "+27", "-27", "+28", "-28", "+29", "-29", "+30", "-30", "+31", "-31", "+32", "-32", "+33", "-33", "+34", "-34", "+35", "-35", "+36", "-36", "+37", "-37", "+38", "-38", "+39", "-39", "+40", "-40", "+41", "-41", "+42", "-42", "+43", "-43", "+44", "-44", "+45", "-45", "+46", "-46", "+47", "-47", "+48", "-48", "+49", "-49", "+50", "-50", "+51", "-51", "+52", "-52", "+53", "-53", "+54", "-54", "+55", "-55", "+56", "-56", "+57", "-57", "+58", "-58", "+59", "-59", "+60", "-60", "+61", "-61"],
    "precedence": {
        "+0": "-0",
        "+1": "-1",
        "+2": "-2",
        "+3": "-3",
        "+4": "-4",
        "+5": "-5",
        "+6": "-6",
        "+7": "-7",
        "+8": "-8",
        "+9": "-9",
        "+10": "-10",
        "+11": "-11",
        "+12": "-12",
        "+13": "-13",
        "+14": "-14",
        "+15": "-15",
        "+16": "-16",
        "+17": "-17",
        "+18": "-18",
        "+19": "-19",
        "+20": "-20",
        "+21": "-21",
        "+22": "-22",
        "+23": "-23",
        "+24": "-24",
        "+25": "-25",
        "+26": "-26",
        "+27": "-27",
        "+28": "-28",
        "+29": "-29",
        "+30": "-30",
        "+31": "-31",
        "+32": "-32",
        "+33": "-33",
        "+34": "-34",
        "+35": "-35",
        "+36": "-36",
        "+37": "-37",
        "+38": "-38",
        "+39": "-39",
        "+40": "-40",
        "+41": "-41",
        "+42": "-42",
        "+43": "-43",
        "+44": "-44",
        "+45": "-45",
        "+46": "-46",
        "+47": "-47",
        "+48": "-48",
        "+49": "-49",
        "+50": "-50",
        "+51": "-51",
        "+52": "-52",
        "+53": "-53",
        "+54": "-54",
        "+55": "-55",
        "+56": "-56",
        "+57": "-57",
        "+58": "-58",
        "+59": "-59",
        "+60": "-60",
        "+61": "-61"
    },
    "edges": [
        [    0,    0,  447,  714,   88,  633,  744,  323,  430,  343,  173,  368,  183,  591,  484,  170,  783,  680,  632,  195,  524,   63,  339,  313,  880,   35,  774,  681,  757,  546,  331,  389,  576,  473,  482,  462,  510,  693,  230,  208,  384,  730,  122,  688,  597,  336,  434,  141,   44,  495,  332,  419,  240,  306,  383,  784,  853,  181,  519,  488,  315,  760,  304,  225,  447,  621,  494,  482,  461,  127,  349,  441,  416,  226,  819,  743,  751,  688,  484,  568,  785,  507,  547,  388,  599,  183,  441,  103,  730,  530,  343,  282,  245,  551,  653,  329,  266,  749,  629,  489,  898,  854,  518,  636,  368,  269,  200,  788,  183,  504,  414,  547,  129,  159,  113,  482,  658,  164,  279,  676,  256,  586,  987,  658],
        [    0,    0,    0,    0,    0,    0,    0,    0,    0,    0,    0,    0,    0,    0,    0,    0,    0,    0,    0,    0,    0,    0,    0,    0,    0,    0,    0,    0,    0,    0,    0,    0,    0,    0,    0,    0,    0,    0,    0,    0,    0,    0,    0,    0,    0,    0,    0,    0,    0,    0,    0,    0,    0,    0,    0,    0,    0,    0,    0,    0,    0,    0,    0,    0,    0,    0,    0,    0,    0,    0,    0,    0,    0,    0,    0,    0,    0,    0,    0,    0,    0,    0,    0,    0,    0,    0,    0,    0,    0,    0,    0,    0,    0,    0,    0,    0,    0,    0,    0,    0,    0,    0,    0,    0,    0,    0,    0,    0,    0,    0,    0,    0,    0,    0,    0,    0,    0,    0,    0,    0,    0,    0,    0,    0],
        [  447,    0,    0,  271,  416,  245,  364,  448,  536,  225,  450,  231,  397,  624,  108,  314,  336,  314,  414,  608,  193,  400,  303,  553,  445,  474,  412,  237,  382,  417,  596,  212,  476,  474,  574,  412,  522,  248,  533,  439,  113,  307,  490,  258,  694,  270,  471,  469,  405,  326,  416,  501,  578,  338,  236,  398,  507,  377,  345,  243,  223,  331,  351,  643,  521,  332,  342,  570,  561,  573,  441,  516,  459,  254,  467,  333,  308,  252,   48,  192,  464,  402,  103,  296,  441,  358,  433,  345,  393,  166,  435,  170,  206,  399,  442,  172,  616,  414,  192,  176,  498,  419,  331,  499,  103,  457,  550,  359,  332,  389,  150,  447,  541,  440,  406,  657,  311,  444,  319,  317,  232,  175,  597,  301],
        [  714,    0,  271,    0,  674,  265,  213,  694,  764,  430,  691,  420,  663,  738,  287,  583,  103,  319,  522,  878,  330,  669,  495,  809,  181,  739,  269,   34,  339,  498,  853,  392,  637,  679,  727,  543,  649,   99,  798,  672,  366,   99,  760,  171,  827,  468,  625,  738,  673,  500,  609,  666,  815,  541,  414,  223,  355,  644,  430,  414,  444,  196,  599,  913,  679,  416,  518,  722,  720,  839,  680,  675,  681,  523,  318,  142,   38,   50,  245,  203,  461,  581,  169,  519,  580,  625,  578,  613,  398,  294,  676,  440,  475,  555,  450,  404,  853,  307,   90,  283,  278,  155,  415,  543,  350,  674,  793,  114,  600,  567,  334,  535,  798,  708,  660,  830,  344,  712,  573,  332,  499,  225,  377,  326],
        [   88,    0,  416,  674,    0,  625,  683,  388,  500,  275,   93,  298,  245,  505,  471,  197,  750,  679,  659,  277,  523,  118,  259,  394,  832,   86,  709,  641,  755,  462,  415,  321,  621,  529,  397,  377,  423,  663,  315,  123,  373,  679,  208,  668,  515,  261,  346,  223,   91,  523,  245,  333,  192,  223,  313,  723,  783,  236,  440,  501,  249,  741,  351,  305,  361,  634,  524,  396,  376,  176,  410,  355,  475,  237,  750,  688,  710,  643,  458,  512,  797,  547,  510,  418,  635,  232,  354,  109,  737,  523,  404,  264,  228,  585,  572,  274,  225,  679,  586,  429,  837,  806,  439,  551,  325,  183,  154,  738,  221,  542,  356,  462,  126,  234,   26,  406,  660,  239,  318,  676,  265,  570,  924,  659],
        [  633,    0,  245,  265,  625,    0,  463,  501,  544,  470,  676,  476,  520,  863,  156,  469,  245,   72,  257,  754,  116,  575,  548,  625,  425,  664,  520,  250,  137,  643,  670,  455,  382,  445,  818,  651,  763,  170,  640,  671,  252,  358,  636,  106,  937,  514,  715,  606,  589,  261,  660,  745,  803,  582,  479,  482,  612,  505,  569,  189,  466,  151,  418,  788,  766,  151,  279,  814,  805,  758,  480,  760,  461,  409,  573,  400,  288,  292,  198,  360,  228,  336,  222,  318,  319,  489,  675,  533,  157,  104,  477,  362,  397,  301,  640,  414,  840,  547,  261,  392,  542,  403,  554,  715,  345,  696,  771,  378,  471,  324,  390,  676,  745,  569,  620,  901,   83,  571,  408,   79,  379,   74,  640,   67],
        [  744,    0,  364,  213,  683,  463,    0,  810,  898,  409,  672,  388,  745,  596,  432,  652,  300,  524,  712,  929,  499,  714,  448,  911,  211,  761,   58,  217,  550,  362,  953,  363,  811,  830,  615,  436,  525,  308,  881,  642,  476,  115,  819,  380,  693,  432,  525,  805,  710,  665,  543,  570,  782,  496,  375,   41,  151,  725,  313,  576,  434,  408,  714,  963,  575,  609,  682,  610,  614,  858,  804,  573,  820,  601,  112,   74,  212,  174,  366,  182,  671,  745,  283,  656,  761,  706,  476,  654,  606,  461,  798,  508,  536,  729,  276,  417,  817,   98,  207,  256,  156,  196,  301,  377,  392,  625,  769,  140,  677,  731,  331,  397,  798,  782,  663,  727,  545,  787,  680,  536,  585,  407,  244,  528],
        [  323,    0,  448,  694,  388,  501,  810,    0,  115,  504,  479,  530,  144,  867,  408,  218,  723,  517,  380,  316,  389,  271,  547,  126,  874,  354,  857,  663,  586,  751,  170,  535,  277,  158,  769,  692,  772,  631,  168,  504,  337,  750,  234,  593,  893,  526,  696,  199,  299,  263,  597,  697,  563,  539,  545,  845,  950,  153,  698,  313,  476,  651,   97,  343,  725,  416,  252,  768,  749,  399,   32,  719,   98,  234,  910,  779,  729,  689,  455,  633,  566,  230,  540,  184,  322,  162,  686,  293,  532,  417,   30,  319,  307,  284,  827,  450,  588,  852,  630,  586,  944,  848,  690,  846,  436,  562,  523,  797,  184,  234,  518,  766,  446,  167,  405,  792,  484,  164,  132,  507,  237,  491, 1044,  493],
        [  430,    0,  536,  764,  500,  544,  898,  115,    0,  614,  592,  639,  256,  981,  479,  332,  780,  546,  369,  387,  442,  382,  660,  158,  943,  459,  948,  735,  606,  862,  184,  643,  236,  114,  884,  806,  886,  691,  238,  618,  424,  829,  329,  644, 1007,  638,  811,  297,  410,  286,  712,  812,  669,  654,  655,  932, 1042,  267,  807,  359,  587,  695,  196,  408,  840,  433,  270,  882,  863,  492,  104,  834,   84,  345, 1002,  861,  797,  765,  536,  726,  563,  224,  621,  246,  298,  277,  801,  407,  543,  475,  111,  424,  416,  276,  934,  558,  692,  947,  709,  685, 1025,  918,  798,  957,  538,  676,  629,  872,  298,  233,  621,  878,  549,  272,  518,  905,  511,  267,  236,  534,  343,  549, 1126,  523],
        [  343,    0,  225,  430,  275,  470,  409,  504,  614,    0,  268,   27,  393,  413,  324,  297,  520,  538,  608,  534,  404,  324,   79,  571,  570,  356,  434,  399,  606,  249,  606,   47,  633,  590,  352,  207,  310,  446,  517,  244,  265,  416,  434,  473,  475,   45,  250,  430,  313,  493,  193,  277,  388,  117,   44,  449,  510,  374,  196,  429,   30,  544,  421,  566,  299,  542,  504,  348,  338,  451,  511,  294,  555,  270,  477,  420,  463,  391,  273,  245,  685,  553,  286,  421,  617,  357,  218,  265,  615,  385,  504,  197,  199,  569,  329,   66,  425,  407,  341,  159,  564,  545,  190,  344,  128,  246,  369,  476,  329,  542,   97,  267,  390,  416,  254,  432,  532,  422,  380,  541,  273,  400,  649,  523],
        [  173,    0,  450,  691,   93,  676,  672,  479,  592,  268,    0,  285,  336,  420,  521,  282,  776,  735,  735,  346,  582,  210,  227,  485,  838,  159,  691,  659,  810,  408,  504,  312,  706,  618,  310,  316,  345,  694,  403,   39,  428,  684,  294,  707,  424,  240,  271,  312,  183,  600,  175,  250,  128,  181,  297,  712,  757,  328,  400,  569,  249,  780,  438,  369,  277,  702,  603,  310,  288,  220,  501,  272,  565,  312,  727,  687,  726,  656,  496,  513,  862,  631,  536,  498,  716,  322,  288,  194,  799,  576,  495,  319,  287,  666,  526,  289,  166,  655,  602,  426,  827,  813,  402,  492,  351,   98,  102,  743,  309,  624,  361,  402,  137,  325,   75,  314,  720,  331,  404,  734,  338,  616,  907,  716],
        [  368,    0,  231,  420,  298,  476,  388,  530,  639,   27,  285,    0,  420,  398,  334,  323,  513,  545,  624,  560,  416,  351,   77,  597,  555,  380,  412,  390,  612,  224,  633,   29,  654,  613,  343,  188,  295,  442,  544,  259,  281,  401,  461,  473,  464,   49,  240,  456,  339,  512,  193,  270,  402,  122,   17,  429,  486,  401,  170,  445,   57,  543,  446,  591,  291,  554,  524,  339,  330,  474,  536,  285,  579,  296,  453,  402,  453,  380,  278,  230,  694,  574,  284,  443,  635,  384,  204,  291,  624,  394,  529,  220,  224,  588,  302,   86,  439,  382,  332,  143,  543,  531,  163,  319,  140,  254,  385,  461,  356,  563,   91,  244,  410,  443,  276,  429,  541,  449,  405,  548,  298,  405,  627,  532],
        [  183,    0,  397,  663,  245,  520,  745,  144,  256,  393,  336,  420,    0,  731,  392,   97,  711,  554,  467,  235,  404,  128,  424,  178,  841,  215,  786,  630,  628,  633,  215,  431,  396,  290,  630,  567,  639,  618,  137,  362,  299,  703,  122,  595,  753,  407,  562,   89,  156,  333,  461,  559,  422,  410,  436,  782,  874,   20,  588,  348,  363,  662,  130,  269,  588,  475,  328,  629,  610,  276,  167,  582,  234,  145,  836,  725,  700,  648,  418,  563,  636,  332,  498,  228,  425,   40,  557,  154,  589,  421,  161,  237,  211,  379,  721,  349,  448,  772,  588,  501,  889,  814,  582,  729,  354,  421,  382,  756,   68,  330,  427,  644,  310,   50,  263,  649,  526,   52,  118,  547,  165,  489,  986,  530],
        [  591,    0,  624,  738,  505,  863,  596,  867,  981,  413,  420,  398,  731,    0,  729,  650,  840,  934, 1021,  763,  813,  616,  342,  895,  806,  579,  578,  717,  996,  241,  919,  413, 1039,  981,  115,  213,  104,  793,  819,  384,  677,  675,  712,  841,  100,  373,  172,  726,  591,  904,  270,  173,  430,  333,  390,  626,  593,  717,  309,  841,  429,  903,  801,  782,  145,  952,  914,  114,  135,  626,  882,  151,  937,  650,  583,  652,  760,  689,  668,  539, 1087,  959,  651,  824, 1028,  705,  196,  578, 1016,  789,  875,  599,  589,  979,  327,  478,  444,  523,  664,  477,  720,  789,  324,  230,  538,  323,  451,  725,  684,  949,  475,  204,  536,  732,  481,  195,  934,  738,  761,  939,  663,  790,  761,  923],
        [  484,    0,  108,  287,  471,  156,  432,  408,  479,  324,  521,  334,  392,  729,    0,  328,  321,  218,  309,  621,   86,  429,  401,  525,  467,  515,  485,  257,  292,  524,  569,  316,  384,  401,  675,  517,  627,  227,  522,  515,  101,  352,  501,  206,  797,  368,  573,  475,  440,  235,  511,  600,  647,  432,  340,  461,  581,  375,  452,  147,  317,  277,  314,  655,  622,  225,  252,  671,  661,  610,  394,  617,  397,  265,  540,  386,  322,  287,   73,  280,  361,  314,  150,  233,  342,  357,  536,  383,  292,   61,  389,  208,  244,  304,  545,  264,  685,  496,  232,  280,  548,  441,  438,  605,  196,  542,  616,  394,  336,  301,  256,  554,  593,  440,  466,  752,  210,  443,  292,  220,  237,  102,  649,  202],
        [  170,    0,  314,  583,  197,  469,  652,  218,  332,  297,  282,  323,   97,  650,  328,    0,  640,  513,  466,  296,  358,  108,  332,  275,  758,  204,  692,  550,  590,  539,  311,  334,  425,  340,  555,  477,  555,  547,  230,  299,  228,  616,  178,  533,  680,  313,  479,  157,  128,  329,  381,  481,  387,  322,  340,  691,  779,   78,  492,  318,  267,  603,  158,  331,  510,  452,  330,  553,  535,  290,  232,  503,  290,   63,  741,  636,  620,  565,  341,  471,  615,  351,  416,  223,  439,   61,  469,   89,  561,  367,  225,  147,  117,  390,  625,  252,  419,  677,  504,  406,  799,  731,  486,  635,  261,  354,  349,  671,   35,  345,  331,  552,  295,  130,  207,  587,  489,  135,  123,  508,   92,  428,  895,  491],
        [  783,    0,  336,  103,  750,  245,  300,  723,  780,  520,  776,  513,  711,  840,  321,  640,    0,  278,  495,  936,  339,  733,  589,  843,  187,  810,  353,  126,  276,  601,  888,  486,  625,  685,  827,  644,  751,   94,  842,  759,  413,  187,  816,  139,  929,  560,  725,  792,  740,  502,  704,  765,  902,  634,  509,  301,  429,  693,  532,  422,  531,  124,  631,  970,  779,  390,  520,  823,  820,  909,  705,  775,  696,  578,  396,  226,   90,  153,  300,  304,  400,  579,  241,  541,  562,  675,  678,  680,  345,  307,  702,  502,  539,  546,  551,  488,  940,  397,  183,  381,  324,  169,  517,  645,  427,  765,  877,  172,  652,  566,  424,  637,  875,  758,  738,  929,  310,  762,  612,  292,  551,  233,  415,  292],
        [  680,    0,  314,  319,  679,   72,  524,  517,  546,  538,  735,  545,  554,  934,  218,  513,  278,    0,  220,  789,  157,  620,  616,  642,  464,  713,  581,  308,   77,  714,  686,  524,  359,  440,  887,  722,  833,  220,  666,  732,  308,  415,  673,  149, 1007,  582,  784,  642,  637,  261,  727,  814,  861,  649,  549,  539,  671,  540,  641,  208,  533,  163,  442,  822,  835,  120,  277,  883,  874,  803,  493,  830,  465,  455,  633,  457,  337,  351,  267,  429,  157,  327,  293,  338,  291,  526,  745,  583,   86,  160,  491,  418,  452,  284,  710,  480,  898,  611,  326,  464,  591,  444,  625,  786,  412,  760,  828,  428,  512,  316,  461,  748,  797,  603,  676,  968,   37,  605,  438,   15,  425,  145,  687,   25],
        [  632,    0,  414,  522,  659,  257,  712,  380,  369,  608,  735,  624,  467, 1021,  309,  466,  495,  220,    0,  688,  225,  570,  681,  498,  680,  666,  769,  504,  257,  829,  537,  612,  148,  256,  952,  812,  918,  427,  546,  744,  344,  612,  587,  360, 1079,  649,  856,  551,  593,  138,  779,  876,  850,  701,  633,  734,  862,  461,  758,  180,  593,  383,  338,  718,  901,  107,  140,  949,  936,  741,  350,  895,  300,  424,  823,  653,  545,  544,  381,  582,  194,  151,  444,  245,   77,  453,  825,  552,  184,  259,  351,  433,  456,   97,  853,  543,  884,  789,  506,  588,  799,  659,  744,  913,  485,  786,  813,  635,  450,  146,  558,  857,  760,  513,  665, 1014,  186,  512,  355,  206,  398,  306,  897,  204],
        [  195,    0,  608,  878,  277,  754,  929,  316,  387,  534,  346,  560,  235,  763,  621,  296,  936,  789,  688,    0,  639,  216,  533,  232, 1051,  192,  962,  845,  863,  739,  222,  580,  593,  471,  650,  653,  691,  843,  152,  385,  523,  905,  120,  826,  754,  530,  616,  148,  222,  560,  518,  596,  356,  499,  576,  969, 1043,  250,  713,  582,  506,  894,  355,   35,  622,  707,  552,  650,  629,  145,  348,  617,  412,  358, 1008,  922,  915,  857,  637,  750,  866,  543,  710,  459,  636,  265,  629,  276,  822,  654,  345,  439,  405,  595,  847,  514,  364,  939,  797,  675, 1081, 1024,  712,  828,  543,  443,  324,  961,  285,  545,  599,  738,  233,  186,  303,  627,  760,  184,  351,  781,  385,  720, 1173,  765],
        [  524,    0,  193,  330,  523,  116,  499,  389,  442,  404,  582,  416,  404,  813,   86,  358,  339,  157,  225,  639,    0,  464,  481,  513,  505,  556,  555,  305,  234,  610,  557,  400,  313,  351,  755,  601,  710,  250,  524,  581,  154,  409,  522,  205,  878,  448,  654,  491,  480,  171,  588,  680,  707,  509,  423,  525,  650,  389,  538,   85,  395,  263,  303,  673,  703,  139,  189,  751,  740,  647,  370,  697,  359,  298,  610,  447,  361,  341,  157,  359,  285,  251,  223,  206,  264,  374,  619,  426,  218,   38,  366,  263,  296,  231,  629,  342,  743,  571,  294,  365,  603,  481,  523,  691,  277,  612,  673,  443,  358,  238,  341,  640,  640,  454,  521,  829,  138,  456,  292,  154,  268,  108,  704,  136],
        [   63,    0,  400,  669,  118,  575,  714,  271,  382,  324,  210,  351,  128,  616,  429,  108,  733,  620,  570,  216,  464,    0,  334,  280,  839,   97,  748,  636,  697,  546,  305,  368,  515,  416,  511,  469,  529,  642,  207,  239,  328,  692,  111,  633,  631,  326,  452,  113,   28,  432,  350,  444,  296,  310,  367,  754,  830,  122,  511,  426,  295,  705,  244,  249,  472,  559,  431,  510,  490,  184,  295,  466,  361,  167,  794,  707,  706,  646,  434,  535,  723,  446,  501,  325,  537,  122,  453,   61,  668,  472,  288,  232,  195,  488,  646,  299,  324,  726,  586,  460,  866,  813,  508,  639,  329,  299,  256,  749,  120,  442,  384,  551,  191,  117,  139,  523,  597,  123,  217,  616,  197,  530,  958,  598],
        [  339,    0,  303,  495,  259,  548,  448,  547,  660,   79,  227,   77,  424,  342,  401,  332,  589,  616,  681,  533,  481,  334,    0,  600,  625,  345,  465,  466,  684,  212,  632,  104,  699,  646,  274,  146,  239,  519,  537,  195,  339,  471,  444,  549,  398,   34,  175,  446,  318,  563,  117,  199,  335,   49,   82,  488,  531,  406,  182,  502,   89,  619,  471,  562,  222,  618,  573,  271,  260,  431,  557,  216,  607,  318,  501,  469,  527,  454,  351,  301,  762,  619,  360,  484,  686,  391,  148,  280,  693,  462,  550,  259,  252,  638,  315,  140,  371,  429,  407,  215,  602,  601,  181,  307,  206,  182,  322,  531,  366,  608,  168,  221,  359,  439,  235,  354,  610,  445,  430,  619,  327,  478,  681,  602],
        [  313,    0,  553,  809,  394,  625,  911,  126,  158,  571,  485,  597,  178,  895,  525,  275,  843,  642,  498,  232,  513,  280,  600,    0,  989,  335,  955,  777,  711,  810,   45,  608,  381,  254,  790,  741,  808,  750,   90,  516,  445,  859,  196,  715,  908,  584,  731,  173,  305,  388,  629,  723,  542,  583,  614,  947, 1045,  197,  766,  438,  541,  775,  212,  251,  752,  541,  375,  790,  769,  349,  152,  745,  201,  314, 1006,  885,  844,  800,  566,  731,  687,  347,  650,  308,  435,  215,  729,  323,  656,  539,  153,  406,  385,  402,  899,  526,  560,  945,  741,  674, 1050,  962,  760,  906,  525,  577,  504,  909,  243,  352,  602,  820,  417,  164,  417,  795,  609,  159,  236,  632,  327,  612, 1149,  619],
        [  880,    0,  445,  181,  832,  425,  211,  874,  943,  570,  838,  555,  841,  806,  467,  758,  187,  464,  680, 1051,  505,  839,  625,  989,    0,  902,  242,  212,  461,  570, 1033,  527,  805,  855,  819,  637,  732,  258,  976,  813,  545,  155,  934,  321,  902,  602,  725,  914,  840,  674,  730,  770,  956,  673,  545,  187,  287,  821,  515,  589,  590,  309,  779, 1085,  777,  574,  692,  814,  817, 1002,  860,  774,  860,  699,  266,  160,  146,  194,  424,  326,  584,  754,  343,  699,  744,  803,  676,  781,  532,  470,  856,  613,  647,  724,  487,  558,  993,  298,  255,  413,  153,   27,  502,  587,  513,  806,  938,   95,  776,  740,  479,  606,  954,  884,  815,  930,  495,  888,  753,  478,  676,  398,  232,  477],
        [   35,    0,  474,  739,   86,  664,  761,  354,  459,  356,  159,  380,  215,  579,  515,  204,  810,  713,  666,  192,  556,   97,  345,  335,  902,    0,  790,  705,  789,  548,  350,  403,  609,  505,  468,  461,  502,  720,  250,  196,  415,  751,  140,  717,  580,  345,  426,  165,   77,  529,  327,  409,  211,  309,  395,  802,  866,  214,  526,  521,  329,  789,  338,  219,  436,  655,  528,  468,  447,  100,  380,  430,  448,  259,  832,  763,  776,  711,  512,  587,  819,  541,  572,  422,  632,  216,  438,  133,  763,  561,  374,  311,  273,  584,  658,  348,  235,  762,  653,  506,  916,  876,  525,  636,  391,  256,  171,  810,  217,  537,  432,  547,   96,  188,  112,  461,  690,  192,  313,  708,  289,  616, 1004,  691],
        [  774,    0,  412,  269,  709,  520,   58,  857,  948,  434,  691,  412,  786,  578,  485,  692,  353,  581,  769,  962,  555,  748,  465,  955,  242,  790,    0,  274,  607,  353,  996,  388,  866,  882,  607,  434,  515,  365,  921,  659,  525,  171,  854,  437,  676,  452,  523,  843,  741,  719,  552,  569,  795,  512,  397,   56,   96,  766,  313,  630,  461,  464,  761,  995,  570,  666,  736,  602,  608,  884,  852,  569,  870,  642,   56,  128,  265,  231,  418,  225,  728,  799,  336,  707,  817,  747,  475,  687,  663,  517,  846,  550,  576,  785,  252,  450,  830,   57,  264,  288,  146,  232,  304,  353,  432,  637,  785,  187,  718,  785,  365,  386,  821,  821,  687,  721,  603,  826,  726,  593,  628,  464,  217,  585],
        [  681,    0,  237,   34,  641,  250,  217,  663,  735,  399,  659,  390,  630,  717,  257,  550,  126,  308,  504,  845,  305,  636,  466,  777,  212,  705,  274,    0,  335,  478,  821,  362,  615,  652,  702,  519,  626,   93,  765,  640,  334,  109,  727,  164,  805,  438,  600,  705,  639,  475,  580,  640,  784,  511,  385,  233,  364,  611,  408,  388,  412,  201,  568,  879,  653,  399,  494,  697,  695,  805,  650,  649,  653,  490,  326,  151,   71,   43,  213,  179,  455,  556,  135,  490,  559,  592,  553,  579,  390,  268,  646,  406,  442,  533,  438,  372,  821,  307,   59,  256,  299,  186,  393,  528,  316,  643,  761,  138,  567,  543,  303,  515,  765,  674,  627,  803,  331,  679,  542,  320,  466,  202,  399,  313],
        [  757,    0,  382,  339,  755,  137,  550,  586,  606,  606,  810,  612,  628,  996,  292,  590,  276,   77,  257,  863,  234,  697,  684,  711,  461,  789,  607,  335,    0,  771,  754,  590,  403,  497,  954,  784,  896,  243,  738,  806,  383,  437,  749,  173, 1071,  651,  850,  716,  713,  325,  797,  881,  937,  719,  615,  561,  692,  615,  697,  282,  603,  153,  514,  896,  901,  174,  339,  950,  941,  880,  560,  896,  527,  531,  656,  480,  349,  378,  334,  478,  125,  384,  347,  410,  333,  602,  809,  659,   78,  235,  559,  494,  528,  336,  758,  551,  973,  642,  364,  521,  599,  444,  682,  838,  482,  833,  904,  440,  588,  374,  525,  805,  874,  678,  752, 1038,  104,  679,  512,   83,  501,  208,  690,  100],
        [  546,    0,  417,  498,  462,  643,  362,  751,  862,  249,  408,  224,  633,  241,  524,  539,  601,  714,  829,  739,  610,  546,  212,  810,  570,  548,  353,  478,  771,    0,  843,  225,  872,  836,  255,   96,  163,  558,  749,  370,  494,  435,  655,  610,  334,  227,  177,  657,  528,  727,  238,  223,  484,  240,  210,  395,  388,  616,   74,  653,  276,  669,  669,  766,  220,  748,  740,  250,  256,  626,  759,  220,  802,  518,  369,  414,  519,  449,  456,  302,  870,  793,  424,  664,  848,  600,  134,  492,  799,  581,  752,  443,  447,  802,  124,  308,  513,  301,  427,  251,  498,  552,   90,   96,  350,  328,  485,  486,  573,  781,  272,   37,  545,  650,  437,  368,  719,  657,  628,  721,  521,  570,  554,  706],
        [  331,    0,  596,  853,  415,  670,  953,  170,  184,  606,  504,  633,  215,  919,  569,  311,  888,  686,  537,  222,  557,  305,  632,   45, 1033,  350,  996,  821,  754,  843,    0,  644,  415,  289,  812,  771,  833,  795,  101,  537,  489,  902,  210,  760,  927,  617,  756,  194,  329,  430,  654,  747,  552,  612,  649,  990, 1085,  234,  801,  482,  576,  820,  257,  235,  775,  583,  417,  811,  791,  351,  194,  769,  238,  354, 1047,  928,  889,  844,  610,  772,  728,  387,  694,  353,  472,  252,  757,  353,  698,  583,  196,  447,  424,  441,  934,  563,  567,  985,  784,  714, 1093, 1006,  795,  938,  565,  598,  514,  952,  281,  392,  641,  851,  425,  193,  439,  811,  653,  187,  280,  676,  368,  657, 1192,  662],
        [  389,    0,  212,  392,  321,  455,  363,  535,  643,   47,  312,   29,  431,  413,  316,  334,  486,  524,  612,  580,  400,  368,  104,  608,  527,  403,  388,  362,  590,  225,  644,    0,  648,  612,  364,  202,  311,  416,  558,  287,  271,  373,  478,  449,  483,   77,  260,  472,  358,  504,  220,  293,  430,  150,   25,  403,  464,  411,  165,  433,   75,  518,  449,  612,  312,  539,  516,  360,  352,  497,  540,  307,  581,  302,  430,  375,  425,  352,  258,  202,  675,  568,  258,  439,  626,  394,  221,  308,  604,  377,  533,  221,  229,  579,  293,   86,  467,  360,  304,  115,  518,  503,  155,  318,  128,  283,  412,  433,  366,  557,   66,  249,  436,  457,  301,  453,  522,  462,  408,  529,  301,  383,  603,  512],
        [  576,    0,  476,  637,  621,  382,  811,  277,  236,  633,  706,  654,  396, 1039,  384,  425,  625,  359,  148,  593,  313,  515,  699,  381,  805,  609,  866,  615,  403,  872,  415,  648,    0,  127,  958,  839,  938,  548,  444,  721,  380,  720,  506,  487, 1086,  669,  869,  470,  542,  151,  781,  882,  809,  709,  666,  837,  961,  396,  806,  237,  613,  520,  272,  619,  909,  240,  135,  956,  940,  669,  246,  903,  183,  400,  921,  759,  665,  653,  455,  662,  337,   81,  531,  217,   71,  394,  846,  513,  331,  351,  250,  441,  452,   83,  915,  569,  839,  879,  606,  650,  913,  783,  793,  962,  523,  772,  770,  751,  400,   92,  604,  896,  704,  434,  632, 1005,  323,  432,  303,  345,  381,  413, 1014,  339],
        [  473,    0,  474,  679,  529,  445,  830,  158,  114,  590,  618,  613,  290,  981,  401,  340,  685,  440,  256,  471,  351,  416,  646,  254,  855,  505,  882,  652,  497,  836,  289,  612,  127,    0,  891,  791,  882,  600,  320,  638,  365,  752,  391,  547, 1017,  620,  809,  356,  444,  185,  715,  816,  711,  648,  627,  861,  977,  294,  776,  266,  565,  593,  183,  495,  844,  324,  167,  889,  872,  556,  128,  838,   60,  331,  937,  786,  711,  686,  465,  665,  450,  113,  548,  179,  186,  297,  792,  425,  431,  386,  133,  394,  395,  163,  896,  529,  738,  887,  632,  637,  948,  831,  765,  930,  496,  693,  671,  790,  310,  124,  580,  857,  599,  322,  543,  926,  404,  319,  222,  427,  320,  458, 1049,  417],
        [  482,    0,  574,  727,  397,  818,  615,  769,  884,  352,  310,  343,  630,  115,  675,  555,  827,  887,  952,  650,  755,  511,  274,  790,  819,  468,  607,  702,  954,  255,  812,  364,  958,  891,    0,  185,   95,  769,  711,  275,  611,  677,  603,  809,  128,  307,  105,  619,  485,  829,  178,   77,  316,  252,  339,  649,  638,  617,  305,  774,  361,  876,  709,  669,   53,  892,  838,    6,   22,  512,  786,   58,  844,  562,  622,  661,  753,  680,  621,  524, 1035,  879,  617,  742,  952,  607,  150,  477,  966,  735,  779,  522,  507,  903,  368,  413,  331,  555,  646,  450,  752,  800,  319,  285,  479,  214,  336,  731,  587,  869,  429,  223,  421,  628,  374,  115,  883,  633,  670,  891,  578,  747,  805,  874],
        [  462,    0,  412,  543,  377,  651,  436,  692,  806,  207,  316,  188,  567,  213,  517,  477,  644,  722,  812,  653,  601,  469,  146,  741,  637,  461,  434,  519,  784,   96,  771,  202,  839,  791,  185,    0,  112,  589,  675,  278,  469,  493,  576,  633,  290,  172,   90,  582,  449,  699,  144,  135,  388,  160,  179,  472,  478,  550,  124,  633,  228,  697,  617,  679,  140,  740,  710,  180,  181,  535,  703,  138,  753,  464,  456,  478,  569,  495,  456,  340,  874,  759,  442,  626,  823,  536,   42,  419,  803,  577,  696,  401,  396,  775,  220,  272,  418,  386,  463,  270,  579,  617,  136,  176,  327,  233,  390,  548,  511,  748,  262,   86,  452,  579,  351,  293,  722,  585,  575,  727,  472,  579,  642,  711],
        [  510,    0,  522,  649,  423,  763,  525,  772,  886,  310,  345,  295,  639,  104,  627,  555,  751,  833,  918,  691,  710,  529,  239,  808,  732,  502,  515,  626,  896,  163,  833,  311,  938,  882,   95,  112,    0,  699,  734,  307,  574,  593,  629,  744,  179,  270,   78,  641,  505,  801,  180,   99,  381,  234,  287,  558,  543,  624,  221,  738,  327,  808,  703,  713,   79,  849,  811,   90,  102,  560,  786,   82,  839,  551,  528,  574,  673,  601,  567,  448,  985,  857,  553,  722,  925,  611,   93,  486,  914,  687,  779,  497,  488,  876,  273,  375,  403,  462,  572,  380,  660,  713,  236,  191,  435,  249,  394,  646,  588,  847,  373,  130,  472,  644,  398,  209,  832,  650,  662,  838,  563,  690,  711,  821],
        [  693,    0,  248,   99,  663,  170,  308,  631,  691,  446,  694,  442,  618,  793,  227,  547,   94,  220,  427,  843,  250,  642,  519,  750,  258,  720,  365,   93,  243,  558,  795,  416,  548,  600,  769,  589,  699,    0,  749,  679,  320,  196,  723,   73,  878,  488,  666,  698,  650,  417,  635,  703,  821,  562,  440,  321,  452,  600,  486,  334,  454,  112,  539,  878,  719,  321,  436,  765,  760,  819,  614,  715,  608,  485,  416,  239,  119,  136,  209,  256,  364,  497,  161,  450,  488,  582,  620,  590,  300,  217,  610,  411,  449,  467,  526,  407,  859,  400,  132,  320,  373,  235,  470,  614,  344,  690,  795,  209,  559,  484,  352,  594,  788,  665,  653,  866,  247,  668,  518,  234,  458,  143,  471,  229],
        [  230,    0,  533,  798,  315,  640,  881,  168,  238,  517,  403,  544,  137,  819,  522,  230,  842,  666,  546,  152,  524,  207,  537,   90,  976,  250,  921,  765,  738,  749,  101,  558,  444,  320,  711,  675,  734,  749,    0,  436,  433,  839,  110,  722,  827,  525,  657,   94,  229,  423,  555,  647,  454,  516,  560,  918, 1008,  157,  710,  458,  487,  786,  224,  176,  675,  574,  414,  711,  690,  260,  199,  669,  262,  281,  970,  862,  834,  784,  553,  699,  729,  398,  634,  329,  490,  176,  659,  258,  690,  546,  197,  373,  346,  451,  844,  479,  472,  906,  724,  635, 1025,  949,  705,  843,  489,  498,  416,  892,  204,  400,  560,  756,  328,  102,  339,  711,  635,   96,  233,  657,  301,  616, 1122,  642],
        [  208,    0,  439,  672,  123,  671,  642,  504,  618,  244,   39,  259,  362,  384,  515,  299,  759,  732,  744,  385,  581,  239,  195,  516,  813,  196,  659,  640,  806,  370,  537,  287,  721,  638,  275,  278,  307,  679,  436,    0,  427,  659,  329,  696,  393,  212,  232,  345,  212,  610,  136,  213,  144,  148,  269,  682,  723,  352,  364,  574,  229,  769,  457,  408,  241,  705,  614,  275,  254,  259,  525,  235,  587,  324,  695,  660,  706,  634,  485,  488,  863,  645,  520,  511,  728,  344,  249,  214,  798,  573,  518,  319,  290,  678,  489,  272,  182,  622,  582,  401,  797,  789,  368,  453,  338,   62,  127,  719,  329,  638,  339,  363,  175,  355,  101,  289,  718,  361,  421,  731,  347,  608,  875,  713],
        [  384,    0,  113,  366,  373,  252,  476,  337,  424,  265,  428,  281,  299,  677,  101,  228,  413,  308,  344,  523,  154,  328,  339,  445,  545,  415,  525,  334,  383,  494,  489,  271,  380,  365,  611,  469,  574,  320,  433,  427,    0,  415,  404,  306,  736,  306,  513,  379,  340,  234,  440,  534,  554,  361,  292,  510,  619,  281,  426,  164,  250,  377,  240,  558,  559,  284,  247,  608,  595,  510,  329,  553,  347,  166,  579,  443,  402,  356,  122,  303,  437,  302,  205,  186,  355,  263,  482,  283,  372,  150,  323,  111,  146,  309,  537,  200,  591,  525,  296,  274,  608,  519,  414,  583,  144,  459,  521,  464,  239,  290,  224,  519,  494,  345,  370,  679,  292,  349,  210,  306,  138,  202,  708,  288],
        [  730,    0,  307,   99,  679,  358,  115,  750,  829,  416,  684,  401,  703,  675,  352,  616,  187,  415,  612,  905,  409,  692,  471,  859,  155,  751,  171,  109,  437,  435,  902,  373,  720,  752,  677,  493,  593,  196,  839,  659,  415,    0,  790,  268,  768,  449,  580,  772,  692,  578,  579,  623,  802,  519,  392,  125,  257,  683,  373,  490,  436,  293,  654,  940,  632,  507,  596,  672,  673,  850,  740,  629,  748,  559,  220,   43,   98,   68,  296,  172,  559,  659,  210,  584,  666,  664,  531,  633,  495,  371,  735,  470,  502,  638,  371,  406,  839,  212,  121,  259,  197,  130,  359,  468,  364,  653,  784,   60,  637,  645,  325,  472,  801,  744,  662,  785,  439,  749,  624,  427,  539,  309,  298,  421],
        [  122,    0,  490,  760,  208,  636,  819,  234,  329,  434,  294,  461,  122,  712,  501,  178,  816,  673,  587,  120,  522,  111,  444,  196,  934,  140,  854,  727,  749,  655,  210,  478,  506,  391,  603,  576,  629,  723,  110,  329,  404,  790,    0,  707,  718,  436,  553,   36,  128,  454,  451,  540,  347,  418,  477,  858,  938,  134,  622,  469,  405,  775,  249,  155,  568,  596,  448,  603,  582,  166,  264,  562,  332,  239,  902,  808,  797,  740,  518,  638,  757,  447,  592,  349,  541,  148,  558,  170,  710,  536,  259,  322,  288,  497,  756,  406,  366,  834,  680,  567,  969,  907,  618,  748,  429,  390,  308,  845,  166,  447,  490,  659,  222,   75,  232,  601,  646,   75,  239,  666,  266,  601, 1062,  650],
        [  688,    0,  258,  171,  668,  106,  380,  593,  644,  473,  707,  473,  595,  841,  206,  533,  139,  149,  360,  826,  205,  633,  549,  715,  321,  717,  437,  164,  173,  610,  760,  449,  487,  547,  809,  633,  744,   73,  722,  696,  306,  268,  707,    0,  922,  517,  705,  679,  644,  363,  665,  740,  835,  589,  473,  393,  525,  578,  537,  286,  477,   74,  505,  860,  758,  254,  381,  805,  799,  814,  574,  753,  561,  471,  488,  311,  189,  206,  212,  311,  292,  441,  192,  410,  424,  561,  662,  585,  228,  177,  570,  407,  445,  407,  588,  427,  873,  470,  193,  364,  443,  299,  521,  671,  359,  713,  806,  280,  541,  428,  383,  645,  792,  644,  659,  901,  177,  646,  489,  162,  442,  106,  540,  158],
        [  597,    0,  694,  827,  515,  937,  693,  893, 1007,  475,  424,  464,  753,  100,  797,  680,  929, 1007, 1079,  754,  878,  631,  398,  908,  902,  580,  676,  805, 1071,  334,  927,  483, 1086, 1017,  128,  290,  179,  878,  827,  393,  736,  768,  718,  922,    0,  431,  225,  736,  605,  956,  305,  204,  404,  379,  459,  724,  692,  741,  398,  899,  486,  986,  836,  770,  178, 1016,  965,  130,  146,  612,  911,  184,  970,  689,  682,  747,  850,  779,  740,  626, 1157, 1006,  730,  869, 1079,  731,  263,  601, 1087,  858,  904,  649,  634, 1030,  426,  538,  410,  621,  750,  559,  819,  885,  413,  329,  602,  333,  432,  819,  712,  997,  547,  298,  522,  747,  493,  137, 1004,  753,  796, 1011,  705,  865,  860,  994],
        [  336,    0,  270,  468,  261,  514,  432,  526,  638,   45,  240,   49,  407,  373,  368,  313,  560,  582,  649,  530,  448,  326,   34,  584,  602,  345,  452,  438,  651,  227,  617,   77,  669,  620,  307,  172,  270,  488,  525,  212,  306,  449,  436,  517,  431,    0,  207,  435,  311,  532,  148,  232,  355,   74,   58,  472,  523,  389,  186,  470,   57,  588,  447,  560,  255,  585,  542,  304,  293,  436,  535,  249,  582,  294,  492,  449,  501,  428,  317,  278,  729,  589,  329,  455,  655,  373,  178,  269,  659,  429,  528,  230,  226,  607,  321,  107,  391,  420,  380,  190,  587,  578,  183,  323,  172,  207,  339,  508,  347,  579,  137,  241,  369,  426,  238,  387,  577,  432,  405,  585,  301,  445,  669,  568],
        [  434,    0,  471,  625,  346,  715,  525,  696,  811,  250,  271,  240,  562,  172,  573,  479,  725,  784,  856,  616,  654,  452,  175,  731,  725,  426,  523,  600,  850,  177,  756,  260,  869,  809,  105,   90,   78,  666,  657,  232,  513,  580,  553,  705,  225,  207,    0,  564,  428,  736,  103,   46,  319,  161,  236,  561,  564,  547,  213,  676,  263,  772,  629,  639,   54,  792,  745,  100,   95,  488,  711,   50,  765,  478,  544,  566,  652,  579,  517,  423,  933,  789,  513,  653,  859,  535,   50,  410,  863,  634,  704,  430,  418,  810,  300,  314,  344,  474,  543,  347,  668,  705,  225,  237,  377,  176,  327,  636,  513,  779,  325,  155,  400,  567,  321,  206,  781,  573,  589,  788,  491,  643,  729,  771],
        [  141,    0,  469,  738,  223,  606,  805,  199,  297,  430,  312,  456,   89,  726,  475,  157,  792,  642,  551,  148,  491,  113,  446,  173,  914,  165,  843,  705,  716,  657,  194,  472,  470,  356,  619,  582,  641,  698,   94,  345,  379,  772,   36,  679,  736,  435,  564,    0,  136,  419,  461,  554,  374,  423,  473,  844,  928,  102,  620,  436,  400,  747,  214,  182,  582,  562,  413,  619,  598,  201,  229,  576,  297,  216,  891,  792,  776,  721,  495,  624,  723,  412,  571,  315,  505,  118,  566,  167,  677,  507,  224,  303,  271,  461,  755,  396,  396,  825,  660,  555,  954,  887,  616,  751,  414,  406,  335,  827,  140,  411,  479,  664,  252,   40,  246,  623,  614,   40,  206,  634,  241,  574, 1048,  618],
        [   44,    0,  405,  673,   91,  589,  710,  299,  410,  313,  183,  339,  156,  591,  440,  128,  740,  637,  593,  222,  480,   28,  318,  305,  840,   77,  741,  639,  713,  528,  329,  358,  542,  444,  485,  449,  505,  650,  229,  212,  340,  692,  128,  644,  605,  311,  428,  136,    0,  455,  326,  419,  269,  291,  355,  749,  822,  150,  496,  445,  284,  716,  270,  254,  447,  579,  455,  485,  465,  171,  323,  441,  388,  182,  787,  706,  710,  648,  441,  532,  743,  471,  505,  348,  562,  148,  431,   61,  687,  486,  316,  239,  202,  513,  631,  293,  298,  718,  588,  455,  862,  814,  494,  621,  328,  273,  229,  749,  144,  467,  379,  532,  168,  143,  112,  496,  614,  149,  242,  632,  212,  542,  953,  615],
