{
    "name": "random-52-4639",
    "comment": "size=52 seed=4639",
    "nodes": ["+0", "-0", "+1", "-1", "+2", "-2", "+3", "-3", "+4", "-4", "+5", "-5", "+6", "-6", "+7", "-7", "+8", "-8", "+9", "-9", "+10", "-10", "+11", "-11", "+12", "-12", "+13", "-13", "+14", "-14", "+15", "-15", "+16", "-16", "+17", "-17", "+18", "-18", "+19", "-19", "+20", "-20", "+21", "-21", "+22", "-22", "+23", "-23", "+24", "-24", "+25", "-25", "+26", "-26", "+27", "-27", "+28", "-28", "+29", "-29", "+30", "-30", "+31", "-31", "+32", "-32", "+33", "-33", "+34", "-34", "+35", "-35", "+36", "-36", "+37", "-37", "+38", "-38", "+39", "-39", "+40", "-40", "+41", "-41", "+42", "-42", "+43", "-43", "+44", "-44", "+45", "-45", "+46", "-46", "+47", "-47", "+48", "-48", "+49", "-49", "+50", "-50", "+51", "-51", "+52", "-52"],
    "precedence": {
        "+0": "-0",
        "+1": "-1",
        "+2": "-2",
        "+3": "-3",
        "+4": "-4",
        "+5": "-5",
        "+6": "-6",
        "+7": "-7",
        "+8": "-8",
        "+9": "-9",
        "+10": "-10",
        "+11": "-11",
        "+12": "-12",
        "+13": "-13",
        "+14": "-14",
        "+15": "-15",
        "+16": "-16",
        "+17": "-17",
        "+18": "-18",
        "+19": "-19",
        "+20": "-20",
        "+21": "-21",
        "+22": "-22",
        "+23": "-23",
        "+24": "-24",
        "+25": "-25",
        "+26": "-26",
        "+27": "-27",
        "+28": "-28",
        "+29": "-29",
        "+30": "-30",
        "+31": "-31",
        "+32": "-32",
        "+33": "-33",
        "+34": "-34",
        "+35": "-35",
        "+36": "-36",
        "+37": "-37",
        "+38": "-38",
        "+39": "-39",
        "+40": "-40",
        "+41": "-41",
        "+42": "-42",
        "+43": "-43",
        "+44": "-44",
        "+45": "-45",
        "+46": "-46",
        "+47": "-47",
        "+48": "-48",
        "+49": "-49",
        "+50": "-50",
        "+51": "-51",
        "+52": "-52"
    },
    "edges": [
        [    0,    0,  366,  224,  614,  644,  216,  528,  306,  285,  665,  486,  569,  154,  524,  397,  194,  318,  402,  168,  230,  459,  426,  522,  224,  443,  180,  334,  313,  579,  199,  428,  382,  580,  510,  747,  383,  621,  573,  304,  726,  176,  234,  448,   53,  237,  458,  461,  660,  222,  286,  429,  459,  389,  450,  574,  299,  219,  556,  399,  587,  562,  531,  250,  716,  561,  523,  136,  315,  394,  507,  576,  344,  366,  296,  172,  334,  481,  441,  322,  480,  659,  372,  206,  655,  778,  404,  594,  207,  261,  482,  541,  152,  331,  478,  399,  205,  500,  360,  389,  609,  673,  493,  407,   96,  392],
        [    0,    0,    0,    0,    0,    0,    0,    0,    0,    0,    0,    0,    0,    0,    0,    0,    0,    0,    0,    0,    0,    0,    0,    0,    0,    0,    0,    0,    0,    0,    0,    0,    0,    0,    0,    0,    0,    0,    0,    0,    0,    0,    0,    0,    0,    0,    0,    0,    0,    0,    0,    0,    0,    0,    0,    0,    0,    0,    0,    0,    0,    0,    0,    0,    0,    0,    0,    0,    0,    0,    0,    0,    0,    0,    0,    0,    0,    0,    0,    0,    0,    0,    0,    0,    0,    0,    0,    0,    0,    0,    0,    0,    0,    0,    0,    0,    0,    0,    0,    0,    0,    0,    0,    0,    0,    0],
        [  366,    0,    0,  538,  705,  808,  384,  701,  320,  419,  544,  773,  834,  216,  191,  596,  291,  680,  500,  533,  291,  151,  172,  882,  493,   91,  304,  669,   79,  799,  492,  430,  688,  946,  812,  918,  594,  626,  524,  345,  531,  235,  447,  117,  419,  220,  155,  748,  427,  286,  297,  246,  552,  733,  807,  806,  542,  265,  238,  761,  467,  398,  635,  247,  790,  700,  811,  232,  362,  467,  541,  939,  125,  727,  657,  302,  697,  802,  353,  571,  496,  681,  295,  563,  910,  930,  169,  893,  477,  567,  342,  270,  217,  664,  808,  154,  285,  463,   96,  346,  447,  806,  537,  352,  343,  737],
        [  224,    0,  538,    0,  471,  458,  426,  348,  529,  226,  644,  263,  348,  355,  653,  224,  417,  199,  306,  157,  284,  584,  633,  469,   74,  625,  402,  381,  505,  371,   52,  390,  160,  473,  289,  551,  204,  531,  526,  306,  742,  394,  425,  639,  198,  457,  581,  238,  710,  445,  509,  647,  347,  403,  413,  362,  457,  442,  672,  263,  580,  587,  394,  472,  572,  396,  300,  332,  305,  603,  421,  497,  548,  328,  179,  395,  298,  267,  664,  469,  415,  552,  409,  249,  434,  589,  613,  372,   79,   39,  513,  632,  332,  128,  271,  606,  428,  719,  558,  397,  623,  500,  406,  415,  197,  206],
        [  614,    0,  705,  471,    0,  161,  824,  159,  880,  336,  371,  407,  372,  653,  690,  250,  773,  639,  222,  625,  448,  640,  867,  905,  416,  788,  766,  851,  727,  262,  451,  278,  440,  864,  458,  247,  271,  158,  260,  371,  509,  717,  847,  821,  622,  770,  633,  401,  558,  795,  854,  921,  163,  870,  864,  289,  903,  781,  674,  670,  368,  438,   84,  799,  103,   94,  421,  633,  353,  998,  170,  912,  791,  786,  627,  757,  760,  509,  990,  921,  217,  128,  414,  718,  388,  240,  856,  486,  427,  447,  422,  596,  610,  511,  539,  842,  780, 1077,  780,  363,  434,  117,  171,  361,  525,  569],
        [  644,    0,  808,  458,  161,    0,  860,  117,  936,  400,  531,  306,  243,  717,  820,  248,  824,  588,  309,  613,  527,  764,  959,  837,  424,  895,  813,  825,  816,  132,  455,  402,  374,  775,  348,  111,  263,  318,  415,  463,  669,  776,  871,  925,  639,  835,  758,  309,  712,  848,  911, 1003,  262,  831,  807,  159,  913,  838,  810,  601,  522,  588,  187,  860,  193,  111,  308,  695,  446, 1038,  308,  832,  878,  738,  581,  805,  717,  410, 1057,  926,  352,  284,  531,  703,  238,  135,  945,  356,  439,  424,  561,  735,  677,  456,  441,  933,  832, 1134,  872,  483,  588,   69,  304,  486,  568,  496],
        [  216,    0,  384,  426,  824,  860,    0,  744,  133,  491,  826,  685,  773,  213,  573,  612,   93,  451,  608,  311,  405,  522,  347,  559,  438,  424,   84,  324,  307,  792,  411,  614,  576,  657,  701,  962,  598,  817,  753,  488,  860,  159,   65,  410,  229,  166,  523,  660,  774,  101,  130,  308,  666,  393,  486,  785,  159,  120,  617,  526,  745,  702,  741,  146,  926,  775,  720,  221,  502,  179,  705,  628,  293,  425,  434,   89,  402,  661,  267,  189,  673,  859,  526,  275,  859,  994,  324,  783,  422,  465,  625,  630,  252,  511,  652,  327,   99,  297,  324,  557,  752,  888,  693,  573,  300,  554],
        [  528,    0,  701,  348,  159,  117,  744,    0,  819,  287,  491,  249,  222,  602,  728,  132,  707,  496,  209,  504,  416,  669,  848,  756,  310,  790,  697,  722,  706,  124,  341,  316,  288,  708,  300,  224,  148,  293,  364,  358,  624,  660,  756,  818,  524,  719,  663,  243,  650,  732,  795,  889,  174,  734,  719,  146,  800,  722,  723,  519,  465,  520,  126,  744,  242,   65,  265,  579,  341,  921,  243,  758,  766,  645,  486,  688,  621,  351,  941,  814,  278,  280,  435,  596,  258,  251,  833,  334,  324,  317,  482,  652,  562,  364,  381,  821,  716, 1017,  762,  390,  529,  153,  233,  396,  451,  416],
        [  306,    0,  320,  529,  880,  936,  133,  819,    0,  546,  825,  791,  875,  229,  509,  691,  114,  578,  660,  433,  438,  470,  235,  690,  527,  335,  127,  454,  244,  882,  505,  642,  685,  789,  813, 1042,  679,  850,  771,  521,  838,  164,  187,  313,  336,  120,  473,  766,  740,   88,   28,  181,  719,  522,  617,  879,  269,  100,  557,  654,  744,  689,  799,   88,  979,  843,  827,  248,  537,  148,  743,  759,  205,  557,  560,  135,  534,  777,  139,  296,  706,  897,  533,  405,  961, 1069,  214,  895,  509,  567,  619,  587,  273,  626,  771,  221,  104,  198,  238,  572,  740,  956,  733,  586,  369,  676],
        [  285,    0,  419,  226,  336,  400,  491,  287,  546,    0,  421,  377,  422,  321,  479,  177,  438,  424,  118,  344,  130,  413,  561,  692,  152,  509,  431,  571,  419,  380,  180,  166,  319,  697,  424,  510,  178,  339,  309,   94,  516,  383,  518,  535,  304,  439,  408,  354,  490,  460,  520,  603,  176,  607,  632,  388,  583,  447,  487,  487,  355,  363,  253,  466,  437,  300,  413,  300,   86,  663,  224,  722,  479,  545,  403,  422,  514,  434,  661,  603,  203,  374,  199,  430,  495,  530,  546,  498,  149,  229,  293,  432,  279,  336,  450,  535,  445,  744,  476,  176,  398,  413,  210,  193,  193,  416],
        [  665,    0,  544,  644,  371,  531,  826,  491,  825,  421,    0,  714,  710,  615,  435,  495,  745,  842,  352,  761,  435,  416,  714, 1112,  571,  600,  747,  983,  601,  613,  601,  255,  700, 1110,  767,  613,  512,  215,  130,  364,  139,  676,  872,  638,  699,  706,  410,  698,  211,  756,  797,  789,  340, 1024, 1053,  636,  955,  737,  399,  900,   82,  149,  366,  738,  392,  440,  739,  606,  357,  968,  255, 1140,  663,  965,  823,  740,  934,  801,  891,  980,  239,  260,  301,  842,  746,  595,  712,  818,  570,  641,  207,  318,  575,  741,  825,  697,  746,  997,  639,  276,  106,  484,  269,  258,  573,  817],
        [  486,    0,  773,  263,  407,  306,  685,  249,  791,  377,  714,    0,   96,  611,  855,  225,  680,  309,  374,  386,  490,  788,  887,  536,  284,  863,  665,  560,  752,  177,  295,  492,  110,  470,   54,  361,  212,  534,  584,  471,  839,  654,  676,  882,  458,  718,  783,   26,  841,  707,  772,  906,  374,  552,  513,  154,  691,  704,  863,  303,  672,  709,  364,  734,  483,  314,   38,  588,  460,  859,  459,  526,  802,  454,  309,  657,  438,  105,  927,  698,  480,  527,  573,  463,  179,  410,  868,  122,  301,  225,  652,  806,  583,  188,  136,  859,  691,  980,  808,  540,  731,  371,  446,  553,  448,  200],
        [  569,    0,  834,  348,  372,  243,  773,  222,  875,  422,  710,   96,    0,  686,  899,  251,  762,  403,  393,  479,  544,  834,  957,  620,  356,  924,  748,  655,  819,  113,  373,  511,  202,  543,  116,  278,  246,  515,  582,  513,  841,  733,  767,  946,  545,  796,  829,  116,  857,  790,  855,  982,  379,  646,  602,   86,  785,  786,  902,  392,  679,  726,  347,  814,  432,  282,   75,  662,  500,  948,  458,  605,  872,  546,  404,  740,  532,  182, 1009,  792,  487,  498,  609,  557,   87,  329,  939,  115,  374,  309,  677,  839,  654,  283,  213,  929,  773, 1066,  876,  571,  741,  312,  446,  581,  522,  291],
        [  154,    0,  216,  355,  653,  717,  213,  602,  229,  321,  615,  611,  686,    0,  388,  477,  132,  472,  432,  321,  209,  328,  279,  666,  330,  289,  132,  458,  159,  676,  317,  415,  513,  732,  643,  825,  469,  623,  548,  293,  648,   66,  266,  295,  206,  119,  329,  586,  565,  147,  202,  297,  491,  520,  592,  676,  357,  131,  427,  553,  534,  489,  572,  146,  751,  620,  649,   24,  309,  360,  515,  723,  194,  511,  449,  126,  481,  621,  341,  385,  478,  669,  315,  347,  769,  849,  258,  726,  312,  390,  413,  427,   44,  474,  622,  251,  135,  424,  208,  350,  539,  733,  505,  366,  164,  541],
        [  524,    0,  191,  653,  690,  820,  573,  728,  509,  479,  435,  855,  899,  388,    0,  649,  480,  821,  520,  684,  373,   69,  321, 1045,  594,  194,  491,  845,  269,  841,  603,  419,  786, 1096,  900,  926,  654,  575,  460,  387,  382,  420,  635,  230,  576,  411,   73,  831,  267,  476,  486,  405,  560,  906,  973,  854,  730,  455,   51,  900,  373,  290,  635,  438,  758,  710,  891,  398,  400,  654,  520, 1097,  306,  889,  798,  488,  857,  903,  522,  759,  474,  632,  294,  728,  966,  928,  328,  976,  580,  674,  271,  118,  374,  780,  914,  314,  475,  634,  274,  339,  329,  802,  521,  335,  475,  858],
        [  397,    0,  596,  224,  250,  248,  612,  132,  691,  177,  495,  225,  251,  477,  649,    0,  578,  393,  150,  380,  305,  584,  733,  662,  179,  686,  567,  603,  591,  204,  211,  267,  210,  634,  277,  352,   22,  335,  366,  263,  616,  533,  625,  711,  393,  594,  579,  206,  617,  603,  667,  769,  157,  621,  617,  211,  670,  594,  652,  431,  449,  485,  177,  618,  349,  174,  256,  454,  250,  790,  243,  675,  649,  537,  379,  558,  511,  307,  815,  685,  258,  344,  358,  472,  319,  382,  717,  340,  193,  198,  430,  589,  439,  269,  332,  706,  587,  888,  648,  321,  507,  281,  228,  332,  322,  335],
        [  194,    0,  291,  417,  773,  824,   93,  707,  114,  438,  745,  680,  762,  132,  480,  578,    0,  482,  553,  332,  337,  429,  272,  626,  413,  336,   19,  397,  215,  768,  391,  545,  574,  713,  703,  930,  566,  751,  679,  420,  773,   70,  156,  326,  227,   77,  431,  654,  684,   28,   93,  251,  612,  465,  551,  765,  251,   35,  524,  561,  664,  616,  691,   69,  873,  732,  716,  145,  436,  230,  642,  691,  208,  482,  462,   24,  455,  670,  248,  280,  606,  797,  446,  321,  848,  957,  249,  786,  396,  455,  542,  539,  174,  519,  665,  249,   13,  311,  237,  481,  667,  846,  631,  497,  256,  573],
        [  318,    0,  680,  199,  639,  588,  451,  496,  578,  424,  842,  309,  403,  472,  821,  393,  482,    0,  500,  153,  466,  753,  739,  273,  272,  760,  464,  253,  631,  473,  245,  588,  216,  280,  299,  662,  371,  720,  723,  501,  939,  487,  421,  766,  268,  544,  751,  294,  903,  509,  567,  731,  535,  245,  225,  454,  410,  514,  847,   82,  778,  783,  569,  548,  734,  554,  332,  452,  501,  605,  614,  299,  660,  150,   24,  459,  130,  240,  716,  409,  611,  734,  601,  183,  483,  708,  717,  368,  276,  205,  708,  814,  464,  133,  220,  713,  494,  743,  678,  593,  820,  644,  599,  611,  347,  120],
        [  402,    0,  500,  306,  222,  309,  608,  209,  660,  118,  352,  374,  393,  432,  520,  150,  553,  500,    0,  444,  228,  461,  655,  772,  236,  587,  546,  674,  513,  323,  270,  118,  349,  761,  427,  419,  164,  229,  226,  156,  468,  496,  635,  616,  417,  549,  455,  355,  468,  574,  633,  704,   60,  704,  718,  338,  698,  561,  517,  552,  301,  336,  142,  577,  321,  201,  405,  412,  138,  779,  116,  794,  576,  633,  482,  538,  603,  454,  769,  718,  114,  259,  227,  534,  451,  432,  642,  488,  241,  296,  284,  449,  389,  391,  476,  629,  559,  856,  568,  183,  358,  309,  101,  191,  310,  466],
        [  168,    0,  533,  157,  625,  613,  311,  504,  433,  344,  761,  386,  479,  321,  684,  380,  332,  153,  444,    0,  349,  617,  587,  368,  212,  610,  314,  230,  480,  519,  177,  509,  277,  414,  395,  704,  360,  673,  652,  402,  843,  334,  293,  615,  116,  392,  615,  364,  792,  359,  419,  580,  492,  264,  300,  507,  308,  363,  713,  234,  690,  681,  546,  397,  727,  553,  418,  303,  406,  478,  560,  415,  508,  212,  132,  308,  180,  351,  571,  317,  546,  699,  492,   93,  564,  743,  565,  475,  205,  189,  602,  689,  317,  203,  341,  561,  344,  607,  526,  494,  723,  657,  545,  513,  214,  244],
        [  230,    0,  291,  284,  448,  527,  405,  416,  438,  130,  435,  490,  544,  209,  373,  305,  337,  466,  228,  349,    0,  304,  433,  716,  222,  382,  333,  556,  290,  508,  233,  210,  414,  745,  532,  637,  304,  415,  350,   84,  499,  274,  444,  406,  268,  324,  300,  465,  444,  355,  411,  477,  286,  604,  649,  515,  522,  340,  390,  540,  357,  336,  369,  354,  544,  424,  527,  192,  100,  566,  306,  757,  351,  561,  443,  325,  528,  531,  543,  546,  270,  461,  145,  419,  620,  655,  418,  611,  209,  303,  256,  350,  166,  410,  542,  406,  342,  632,  347,  159,  381,  535,  296,  177,  141,  488],
        [  459,    0,  151,  584,  640,  764,  522,  669,  470,  413,  416,  788,  834,  328,   69,  584,  429,  753,  461,  617,  304,    0,  307,  980,  525,  186,  439,  784,  227,  780,  534,  364,  718, 1029,  833,  871,  589,  534,  422,  322,  385,  366,  583,  224,  511,  364,    7,  764,  277,  428,  446,  388,  503,  843,  908,  792,  677,  407,   99,  831,  346,  268,  580,  393,  713,  654,  824,  336,  335,  617,  470, 1031,  275,  823,  730,  436,  791,  835,  501,  706,  423,  591,  234,  664,  903,  875,  309,  909,  512,  606,  231,  120,  311,  711,  846,  295,  425,  611,  245,  282,  313,  750,  469,  280,  407,  789],
        [  426,    0,  172,  633,  867,  959,  347,  848,  235,  561,  714,  887,  957,  279,  321,  733,  272,  739,  655,  587,  433,  307,    0,  898,  604,  128,  290,  667,  143,  936,  594,  596,  791,  982,  920, 1069,  728,  796,  695,  499,  691,  253,  409,   93,  473,  199,  312,  861,  581,  251,  223,   85,  710,  735,  823,  940,  499,  238,  371,  820,  638,  567,  793,  205,  956,  854,  925,  302,  517,  361,  707,  963,   86,  753,  718,  293,  725,  899,  205,  527,  662,  850,  463,  590, 1038, 1086,   24, 1003,  586,  667,  514,  424,  305,  752,  900,   28,  261,  315,   87,  513,  615,  963,  701,  521,  440,  816],
        [  522,    0,  882,  469,  905,  837,  559,  756,  690,  692, 1112,  536,  620,  666, 1045,  662,  626,  273,  772,  368,  716,  980,  898,    0,  541,  949,  608,  238,  818,  712,  512,  857,  468,  136,  505,  896,  640,  992,  994,  762, 1204,  657,  504,  946,  470,  700,  979,  529, 1159,  647,  689,  866,  807,  170,   75,  689,  441,  660, 1077,  237, 1045, 1044,  839,  693,  997,  817,  546,  652,  764,  657,  886,   75,  830,  157,  291,  606,  190,  439,  815,  423,  883, 1005,  857,  319,  685,  945,  874,  545,  543,  477,  967, 1056,  672,  395,  408,  875,  637,  804,  855,  855, 1084,  898,  871,  873,  582,  342],
        [  224,    0,  493,   74,  416,  424,  438,  310,  527,  152,  571,  284,  356,  330,  594,  179,  413,  272,  236,  212,  222,  525,  604,  541,    0,  582,  401,  441,  469,  356,   36,  316,  196,  546,  320,  525,  162,  464,  454,  235,  668,  378,  447,  600,  215,  441,  521,  258,  638,  440,  505,  626,  281,  469,  484,  352,  492,  434,  610,  336,  506,  514,  336,  461,  519,  350,  322,  307,  232,  617,  352,  570,  519,  398,  252,  392,  368,  311,  657,  508,  344,  488,  339,  304,  440,  558,  585,  402,   18,   82,  441,  565,  300,  191,  321,  576,  423,  722,  525,  325,  550,  459,  337,  342,  167,  270],
        [  443,    0,   91,  625,  788,  895,  424,  790,  335,  509,  600,  863,  924,  289,  194,  686,  336,  760,  587,  610,  382,  186,  128,  949,  582,    0,  352,  729,  131,  889,  580,  512,  776, 1020,  902, 1005,  685,  701,  594,  433,  568,  293,  488,   39,  495,  260,  191,  837,  456,  324,  316,  212,  638,  795,  874,  896,  583,  305,  244,  841,  527,  451,  720,  279,  871,  787,  901,  308,  450,  474,  622, 1009,  133,  797,  737,  351,  767,  890,  331,  612,  576,  757,  376,  632, 1001, 1016,  136,  983,  566,  655,  407,  299,  298,  750,  895,  124,  328,  442,  101,  426,  498,  891,  619,  431,  429,  821],
        [  180,    0,  304,  402,  766,  813,   84,  697,  127,  431,  747,  665,  748,  132,  491,  567,   19,  464,  546,  314,  333,  439,  290,  608,  401,  352,    0,  380,  228,  756,  378,  542,  559,  695,  687,  919,  555,  748,  678,  417,  778,   75,  144,  342,  211,   94,  441,  640,  691,   45,  108,  269,  605,  448,  534,  752,  239,   53,  535,  543,  666,  620,  683,   87,  866,  723,  701,  143,  432,  234,  638,  673,  225,  464,  444,    9,  437,  653,  263,  268,  603,  792,  447,  303,  834,  947,  267,  770,  383,  440,  545,  547,  173,  503,  648,  267,   31,  322,  253,  481,  671,  837,  626,  496,  246,  556],
        [  334,    0,  669,  381,  851,  825,  324,  722,  454,  571,  983,  560,  655,  458,  845,  603,  397,  253,  674,  230,  556,  784,  667,  238,  441,  729,  380,    0,  600,  718,  406,  733,  461,  349,  551,  907,  582,  902,  878,  620, 1055,  437,  267,  722,  289,  473,  783,  543,  993,  416,  454,  631,  721,   69,  167,  701,  207,  431,  882,  290,  908,  891,  774,  463,  951,  775,  584,  448,  626,  423,  789,  309,  604,  135,  252,  379,  132,  491,  578,  193,  774,  928,  700,  141,  735,  950,  644,  618,  434,  407,  811,  873,  473,  376,  469,  646,  407,  570,  631,  710,  936,  874,  774,  729,  415,  370],
        [  313,    0,   79,  505,  727,  816,  307,  706,  244,  419,  601,  752,  819,  159,  269,  591,  215,  631,  513,  480,  290,  227,  143,  818,  469,  131,  228,  600,    0,  795,  462,  459,  660,  889,  787,  927,  587,  663,  568,  358,  600,  164,  370,  136,  365,  142,  230,  726,  499,  208,  219,  197,  568,  666,  744,  799,  465,  187,  316,  712,  522,  458,  652,  169,  817,  712,  790,  179,  376,  391,  569,  878,   66,  666,  608,  227,  636,  771,  291,  494,  526,  716,  330,  501,  899,  943,  130,  870,  452,  537,  395,  344,  174,  628,  774,  117,  208,  397,   57,  378,  509,  821,  563,  388,  309,  697],
        [  579,    0,  799,  371,  262,  132,  792,  124,  882,  380,  613,  177,  113,  676,  841,  204,  768,  473,  323,  519,  508,  780,  936,  712,  356,  889,  756,  718,  795,    0,  381,  435,  258,  645,  217,  190,  209,  410,  488,  461,  747,  729,  794,  914,  564,  791,  774,  184,  773,  794,  859,  970,  295,  718,  686,   28,  825,  787,  839,  477,  589,  643,  248,  813,  320,  176,  176,  652,  446,  970,  366,  703,  852,  621,  469,  747,  603,  279, 1010,  836,  401,  389,  548,  606,  134,  236,  920,  227,  373,  334,  602,  771,  639,  343,  311,  909,  778, 1077,  852,  505,  653,  200,  357,  513,  516,  372],
        [  199,    0,  492,   52,  451,  455,  411,  341,  505,  180,  601,  295,  373,  317,  603,  211,  391,  245,  270,  177,  233,  534,  594,  512,   36,  580,  378,  406,  462,  381,    0,  346,  198,  522,  326,  554,  194,  498,  485,  257,  695,  361,  417,  595,  185,  424,  530,  269,  660,  418,  483,  612,  316,  435,  453,  376,  459,  414,  622,  313,  534,  538,  371,  442,  553,  384,  332,  294,  256,  589,  386,  543,  509,  366,  224,  370,  336,  310,  637,  475,  376,  523,  359,  269,  458,  588,  574,  409,   31,   76,  464,  581,  290,  178,  317,  566,  402,  698,  517,  348,  576,  492,  371,  366,  155,  256],
        [  428,    0,  430,  390,  278,  402,  614,  316,  642,  166,  255,  492,  511,  415,  419,  267,  545,  588,  118,  509,  210,  364,  596,  857,  316,  512,  542,  733,  459,  435,  346,    0,  459,  858,  544,  508,  280,  209,  146,  127,  358,  480,  651,  545,  456,  525,  358,  472,  350,  562,  614,  656,  143,  772,  798,  452,  726,  545,  410,  648,  192,  218,  217,  556,  361,  292,  522,  400,  114,  774,  112,  886,  524,  711,  568,  534,  679,  567,  736,  749,   67,  258,  137,  593,  566,  512,  587,  606,  315,  388,  167,  337,  371,  491,  589,  573,  549,  832,  510,   86,  243,  386,  108,   85,  333,  569],
        [  382,    0,  688,  160,  440,  374,  576,  288,  685,  319,  700,  110,  202,  513,  786,  210,  574,  216,  349,  277,  414,  718,  791,  468,  196,  776,  559,  461,  660,  258,  198,  459,    0,  426,  130,  448,  190,  543,  572,  411,  815,  553,  567,  793,  351,  616,  714,   87,  803,  602,  666,  806,  366,  460,  434,  241,  583,  600,  799,  232,  648,  673,  380,  631,  530,  350,  144,  490,  404,  750,  451,  472,  706,  365,  211,  551,  345,  117,  822,  590,  462,  548,  517,  356,  288,  493,  771,  213,  212,  124,  608,  749,  488,   85,  132,  763,  586,  872,  715,  492,  701,  432,  436,  507,  352,  129],
        [  580,    0,  946,  473,  864,  775,  657,  708,  789,  697, 1110,  470,  543,  732, 1096,  634,  713,  280,  761,  414,  745, 1029,  982,  136,  546, 1020,  695,  349,  889,  645,  522,  858,  426,    0,  430,  820,  613,  968,  986,  778, 1213,  734,  608, 1021,  527,  783, 1027,  469, 1181,  736,  785,  960,  787,  288,  187,  620,  555,  747, 1123,  211, 1050, 1059,  806,  781,  948,  772,  471,  715,  777,  772,  870,   75,  909,  233,  302,  691,  258,  366,  920,  541,  874,  974,  879,  393,  597,  871,  959,  453,  551,  470,  985, 1093,  731,  370,  334,  958,  724,  919,  931,  870, 1095,  840,  855,  887,  622,  299],
        [  510,    0,  812,  289,  458,  348,  701,  300,  813,  424,  767,   54,  116,  643,  900,  277,  703,  299,  427,  395,  532,  833,  920,  505,  320,  902,  687,  551,  787,  217,  326,  544,  130,  430,    0,  393,  264,  587,  638,  518,  892,  682,  687,  919,  478,  745,  829,   72,  893,  731,  795,  935,  428,  537,  489,  191,  696,  729,  910,  279,  725,  761,  416,  760,  530,  364,   42,  619,  508,  872,  512,  490,  834,  437,  303,  680,  424,   67,  950,  700,  533,  579,  621,  465,  186,  443,  900,   84,  337,  253,  703,  854,  616,  193,   98,  892,  714,  998,  842,  590,  784,  415,  499,  603,  481,  182],
        [  747,    0,  918,  551,  247,  111,  962,  224, 1042,  510,  613,  361,  278,  825,  926,  352,  930,  662,  419,  704,  637,  871, 1069,  896,  525, 1005,  919,  907,  927,  190,  554,  508,  448,  820,  393,    0,  365,  399,  506,  573,  751,  884,  971, 1035,  739,  943,  865,  371,  804,  955, 1018, 1112,  370,  907,  873,  209, 1007,  945,  914,  663,  614,  684,  291,  968,  235,  219,  352,  803,  556, 1141,  409,  882,  988,  810,  658,  910,  792,  459, 1165, 1019,  454,  355,  639,  792,  236,   53, 1055,  376,  541,  516,  663,  837,  786,  532,  490, 1043,  939, 1240,  983,  590,  680,  131,  406,  592,  674,  559],
        [  383,    0,  594,  204,  271,  263,  598,  148,  679,  178,  512,  212,  246,  469,  654,   22,  566,  371,  164,  360,  304,  589,  728,  640,  162,  685,  555,  582,  587,  209,  194,  280,  190,  613,  264,  365,    0,  356,  384,  268,  632,  524,  609,  709,  377,  585,  584,  192,  630,  592,  656,  762,  176,  600,  595,  213,  653,  583,  658,  410,  465,  498,  199,  608,  370,  193,  244,  445,  255,  776,  262,  653,  644,  516,  357,  547,  490,  290,  805,  667,  274,  365,  365,  452,  317,  397,  712,  329,  177,  177,  441,  597,  431,  247,  314,  701,  575,  877,  644,  330,  522,  299,  247,  342,  311,  315],
        [  621,    0,  626,  531,  158,  318,  817,  293,  850,  339,  215,  534,  515,  623,  575,  335,  751,  720,  229,  673,  415,  534,  796,  992,  464,  701,  748,  902,  663,  410,  498,  209,  543,  968,  587,  399,  356,    0,  118,  331,  353,  688,  851,  737,  642,  733,  528,  523,  410,  769,  822,  860,  186,  932,  941,  435,  920,  753,  552,  764,  222,  300,  171,  764,  188,  235,  554,  607,  316,  981,  116, 1008,  728,  858,  703,  740,  829,  631,  944,  941,  145,   58,  333,  763,  540,  383,  788,  626,  469,  516,  305,  470,  579,  601,  658,  774,  756, 1040,  712,  285,  287,  270,  130,  276,  527,  670],
        [  573,    0,  524,  526,  260,  415,  753,  364,  771,  309,  130,  584,  582,  548,  460,  366,  679,  723,  226,  652,  350,  422,  695,  994,  454,  594,  678,  878,  568,  488,  485,  146,  572,  986,  638,  506,  384,  118,    0,  270,  260,  613,  793,  631,  602,  652,  415,  569,  299,  695,  743,  763,  211,  915,  937,  510,  870,  677,  435,  777,  109,  183,  241,  684,  305,  317,  610,  536,  258,  908,  126, 1019,  632,  851,  704,  671,  820,  672,  854,  893,  113,  174,  240,  737,  621,  495,  689,  689,  454,  520,  191,  353,  506,  617,  697,  675,  683,  955,  613,  199,  175,  376,  139,  185,  478,  691],
        [  304,    0,  345,  306,  371,  463,  488,  358,  521,   94,  364,  471,  513,  293,  387,  263,  420,  501,  156,  402,   84,  322,  499,  762,  235,  433,  417,  620,  358,  461,  257,  127,  411,  778,  518,  573,  268,  331,  270,    0,  443,  358,  525,  462,  336,  406,  317,  447,  404,  439,  493,  551,  211,  663,  698,  472,  601,  423,  393,  569,  289,  283,  295,  436,  465,  356,  506,  276,   18,  650,  223,  798,  422,  610,  479,  409,  578,  527,  622,  624,  186,  377,  106,  480,  582,  587,  487,  591,  227,  316,  208,  338,  249,  424,  543,  474,  425,  714,  413,   94,  323,  464,  214,  112,  211,  504],
        [  726,    0,  531,  742,  509,  669,  860,  624,  838,  516,  139,  839,  841,  648,  382,  616,  773,  939,  468,  843,  499,  385,  691, 1204,  668,  568,  778, 1055,  600,  747,  695,  358,  815, 1213,  892,  751,  632,  353,  260,  443,    0,  704,  913,  606,  767,  722,  381,  821,  117,  779,  811,  773,  466, 1102, 1140,  770, 1001,  759,  337, 1003,  168,  164,  500,  754,  529,  576,  866,  644,  440,  985,  384, 1237,  655, 1052,  918,  772, 1020,  921,  884, 1028,  359,  398,  355,  917,  881,  732,  694,  946,  664,  744,  244,  269,  613,  848,  944,  679,  772,  994,  627,  349,  120,  622,  396,  331,  640,  926],
        [  176,    0,  235,  394,  717,  776,  159,  660,  164,  383,  676,  654,  733,   66,  420,  533,   70,  487,  496,  334,  274,  366,  253,  657,  378,  293,   75,  437,  164,  729,  361,  480,  553,  734,  682,  884,  524,  688,  613,  358,  704,    0,  217,  289,  221,   64,  367,  629,  616,   82,  138,  254,  555,  503,  582,  728,  312,   66,  462,  567,  595,  547,  635,   85,  815,  681,  692,   84,  374,  295,  580,  719,  176,  507,  465,   70,  478,  655,  282,  341,  543,  734,  378,  342,  817,  909,  231,  765,  360,  430,  473,  473,  110,  506,  653,  227,   71,  361,  198,  414,  598,  794,  570,  429,  214,  566],
        [  234,    0,  447,  425,  847,  871,   65,  756,  187,  518,  872,  676,  767,  266,  635,  625,  156,  421,  635,  293,  444,  583,  409,  504,  447,  488,  144,  267,  370,  794,  417,  651,  567,  608,  687,  971,  609,  851,  793,  525,  913,  217,    0,  475,  233,  230,  584,  652,  830,  165,  190,  366,  692,  336,  432,  786,   96,  184,  678,  491,  792,  753,  764,  210,  950,  792,  709,  270,  538,  186,  737,  574,  358,  377,  406,  148,  356,  642,  313,  125,  707,  890,  572,  239,  853, 1005,  387,  767,  432,  463,  675,  689,  301,  495,  630,  390,  162,  323,  388,  600,  803,  904,  724,  617,  326,  530],
        [  448,    0,  117,  639,  821,  925,  410,  818,  313,  535,  638,  882,  946,  295,  230,  711,  326,  766,  616,  615,  406,  224,   93,  946,  600,   39,  342,  722,  136,  914,  595,  545,  793, 1021,  919, 1035,  709,  737,  631,  462,  606,  289,  475,    0,  499,  249,  230,  856,  494,  311,  296,  177,  669,  789,  871,  920,  568,  293,  280,  847,  565,  490,  751,  265,  905,  817,  920,  315,  479,  448,  656, 1008,  118,  796,  743,  343,  767,  905,  297,  596,  610,  792,  409,  631, 1024, 1047,  105, 1001,  583,  670,  444,  338,  309,  763,  909,   94,  317,  408,   91,  460,  536,  922,  652,  465,  443,  832],
        [   53,    0,  419,  198,  622,  639,  229,  524,  336,  304,  699,  458,  545,  206,  576,  393,  227,  268,  417,  116,  268,  511,  473,  470,  215,  495,  211,  289,  365,  564,  185,  456,  351,  527,  478,  739,  377,  642,  602,  336,  767,  221,  233,  499,    0,  280,  509,  433,  706,  255,  318,  470,  472,  340,  398,  557,  283,  256,  608,  349,  623,  603,  539,  289,  724,  562,  493,  188,  345,  406,  527,  523,  393,  313,  246,  204,  282,  443,  473,  302,  504,  676,  412,  156,  631,  772,  451,  560,  200,  236,  523,  591,  205,  292,  438,  446,  239,  523,  411,  425,  649,  673,  513,  443,  128,  348],
        [  237,    0,  220,  457,  770,  835,  166,  719,  120,  439,  706,  718,  796,  119,  411,  594,   77,  544,  549,  392,  324,  364,  199,  700,  441,  260,   94,  473,  142,  791,  424,  525,  616,  783,  745,  943,  585,  733,  652,  406,  722,   64,  230,  249,  280,    0,  366,  692,  628,   66,   92,  192,  608,  541,  626,  790,  325,   46,  456,  624,  625,  571,  690,   33,  868,  738,  755,  141,  422,  264,  628,  765,  132,  554,  523,   95,  526,  717,  223,  354,  589,  781,  413,  391,  880,  967,  176,  828,  423,  493,  500,  478,  161,  567,  715,  175,   69,  309,  160,  454,  622,  851,  619,  467,  276,  627],
        [  458,    0,  155,  581,  633,  758,  523,  663,  473,  408,  410,  783,  829,  329,   73,  579,  431,  751,  455,  615,  300,    7,  312,  979,  521,  191,  441,  783,  230,  774,  530,  358,  714, 1027,  829,  865,  584,  528,  415,  317,  381,  367,  584,  230,  509,  366,    0,  759,  273,  430,  448,  392,  497,  843,  907,  786,  678,  409,  100,  829,  340,  262,  574,  396,  706,  648,  820,  336,  330,  620,  464, 1029,  279,  822,  728,  437,  790,  830,  505,  707,  417,  585,  228,  662,  897,  869,  314,  905,  508,  602,  225,  116,  310,  708,  842,  299,  427,  615,  249,  276,  307,  743,  463,  274,  405,  786],
        [  461,    0,  748,  238,  401,  309,  660,  243,  766,  354,  698,   26,  116,  586,  831,  206,  654,  294,  355,  364,  465,  764,  861,  529,  258,  837,  640,  543,  726,  184,  269,  472,   87,  469,   72,  371,  192,  523,  569,  447,  821,  629,  652,  856,  433,  692,  759,    0,  821,  682,  747,  880,  359,  538,  502,  163,  670,  679,  840,  294,  655,  690,  353,  709,  481,  308,   64,  562,  437,  835,  444,  523,  776,  440,  292,  632,  423,  109,  902,  677,  463,  518,  550,  442,  201,  419,  842,  147,  275,  200,  631,  783,  557,  168,  139,  833,  665,  955,  782,  519,  712,  372,  430,  532,  422,  189],
        [  660,    0,  427,  710,  558,  712,  774,  650,  740,  490,  211,  841,  857,  565,  267,  617,  684,  903,  468,  792,  444,  277,  581, 1159,  638,  456,  691,  993,  499,  773,  660,  350,  803, 1181,  893,  804,  630,  410,  299,  404,  117,  616,  830,  494,  706,  628,  273,  821,    0,  688,  714,  663,  480, 1045, 1092,  793,  922,  667,  221,  972,  191,  133,  531,  659,  595,  610,  872,  564,  406,  888,  409, 1199,  551, 1004,  881,  686,  972,  915,  777,  949,  373,  462,  303,  860,  906,  792,  585,  955,  631,  718,  197,  158,  534,  825,  934,  571,  682,  888,  521,  314,  125,  674,  417,  298,  582,  905],
        [  222,    0,  286,  445,  795,  848,  101,  732,   88,  460,  756,  707,  790,  147,  476,  603,   28,  509,  574,  359,  355,  428,  251,  647,  440,  324,   45,  416,  208,  794,  418,  562,  602,  736,  731,  955,  592,  769,  695,  439,  779,   82,  165,  311,  255,   66,  430,  682,  688,    0,   65,  225,  633,  484,  573,  792,  260,   22,  521,  587,  675,  625,  713,   47,  894,  756,  744,  163,  455,  214,  661,  713,  193,  505,  489,   52,  479,  698,  220,  289,  624,  815,  459,  345,  875,  982,  228,  814,  422,  483,  552,  540,  191,  547,  693,  230,   17,  286,  223,  496,  676,  869,  651,  511,  281,  600],
        [  286,    0,  297,  509,  854,  911,  130,  795,   28,  520,  797,  772,  855,  202,  486,  667,   93,  567,  633,  419,  411,  446,  223,  689,  505,  316,  108,  454,  219,  859,  483,  614,  666,  785,  795, 1018,  656,  822,  743,  493,  811,  138,  190,  296,  318,   92,  448,  747,  714,   65,    0,  178,  692,  523,  615,  856,  277,   74,  534,  644,  716,  661,  773,   60,  953,  817,  808,  221,  510,  174,  716,  757,  185,  552,  547,  115,  528,  761,  156,  305,  678,  870,  505,  398,  940, 1044,  201,  878,  487,  547,  591,  562,  246,  610,  755,  206,   82,  224,  218,  545,  712,  931,  706,  559,  345,  662],
        [  429,    0,  246,  647,  921, 1003,  308,  889,  181,  603,  789,  906,  982,  297,  405,  769,  251,  731,  704,  580,  477,  388,   85,  866,  626,  212,  269,  631,  197,  970,  612,  656,  806,  960,  935, 1112,  762,  860,  763,  551,  773,  254,  366,  177,  470,  192,  392,  880,  663,  225,  178,    0,  761,  700,  792,  971,  449,  218,  455,  811,  712,  643,  844,  184, 1013,  901,  944,  320,  568,  288,  765,  934,  132,  728,  711,  274,  703,  908,  121,  475,  722,  912,  527,  570, 1065, 1132,   79, 1018,  608,  683,  586,  506,  331,  759,  906,   94,  239,  231,  151,  575,  692, 1012,  758,  584,  460,  818],
        [  459,    0,  552,  347,  163,  262,  666,  174,  719,  176,  340,  374,  379,  491,  560,  157,  612,  535,   60,  492,  286,  503,  710,  807,  281,  638,  605,  721,  568,  295,  316,  143,  366,  787,  428,  370,  176,  186,  211,  211,  466,  555,  692,  669,  472,  608,  497,  359,  480,  633,  692,  761,    0,  748,  756,  314,  753,  620,  552,  581,  301,  349,   84,  637,  262,  152,  401,  472,  193,  838,   86,  825,  632,  673,  518,  597,  644,  463,  828,  773,  108,  208,  270,  583,  428,  379,  697,  481,  288,  331,  309,  480,  448,  418,  488,  684,  618,  915,  623,  222,  363,  255,   72,  225,  367,  489],
        [  389,    0,  733,  403,  870,  831,  393,  734,  522,  607, 1024,  552,  646,  520,  906,  621,  465,  245,  704,  264,  604,  843,  735,  170,  469,  795,  448,   69,  666,  718,  435,  772,  460,  288,  537,  907,  600,  932,  915,  663, 1102,  503,  336,  789,  340,  541,  843,  538, 1045,  484,  523,  700,  748,    0,  102,  699,  272,  499,  942,  263,  952,  939,  795,  531,  969,  790,  573,  509,  668,  488,  820,  242,  671,  101,  251,  446,  116,  474,  645,  255,  808,  954,  748,  186,  723,  952,  712,  597,  464,  424,  860,  930,  533,  376,  449,  713,  475,  635,  698,  755,  983,  884,  805,  774,  464,  356],
        [  450,    0,  807,  413,  864,  807,  486,  719,  617,  632, 1053,  513,  602,  592,  973,  617,  551,  225,  718,  300,  649,  908,  823,   75,  484,  874,  534,  167,  744,  686,  453,  798,  434,  187,  489,  873,  595,  941,  937,  698, 1140,  582,  432,  871,  398,  626,  907,  502, 1092,  573,  615,  792,  756,  102,    0,  664,  372,  586, 1005,  211,  984,  979,  794,  618,  958,  778,  527,  578,  701,  589,  834,  143,  755,   89,  239,  531,  121,  423,  743,  356,  827,  958,  791,  246,  673,  921,  800,  539,  484,  426,  902,  986,  599,  355,  394,  800,  562,  736,  780,  792, 1021,  865,  818,  810,  513,  314],
        [  574,    0,  806,  362,  289,  159,  785,  146,  879,  388,  636,  154,   86,  676,  854,  211,  765,  454,  338,  507,  515,  792,  940,  689,  352,  896,  752,  701,  799,   28,  376,  452,  241,  620,  191,  209,  213,  435,  510,  472,  770,  728,  786,  920,  557,  790,  786,  163,  793,  792,  856,  971,  314,  699,  664,    0,  814,  785,  854,  455,  610,  662,  271,  812,  347,  201,  150,  653,  457,  963,  388,  678,  855,  602,  451,  744,  584,  255, 1009,  824,  421,  415,  561,  592,  114,  257,  923,  200,  370,  324,  619,  786,  641,  325,  286,  912,  775, 1073,  856,  520,  674,  227,  378,  528,  515,  351],
        [  299,    0,  542,  457,  903,  913,  159,  800,  269,  583,  955,  691,  785,  357,  730,  670,  251,  410,  698,  308,  522,  677,  499,  441,  492,  583,  239,  207,  465,  825,  459,  726,  583,  555,  696, 1007,  653,  920,  870,  601, 1001,  312,   96,  568,  283,  325,  678,  670,  922,  260,  277,  449,  753,  272,  372,  814,    0,  279,  773,  469,  875,  840,  821,  304, 1006,  842,  722,  358,  613,  217,  805,  514,  451,  333,  399,  242,  320,  644,  379,   30,  779,  956,  656,  231,  870, 1045,  477,  771,  479,  493,  761,  782,  389,  505,  628,  481,  257,  364,  482,  680,  889,  951,  792,  698,  394,  526],
        [  219,    0,  265,  442,  781,  838,  120,  722,  100,  447,  737,  704,  786,  131,  455,  594,   35,  514,  561,  363,  340,  407,  238,  660,  434,  305,   53,  431,  187,  787,  414,  545,  600,  747,  729,  945,  583,  753,  677,  423,  759,   66,  184,  293,  256,   46,  409,  679,  667,   22,   74,  218,  620,  499,  586,  785,  279,    0,  500,  594,  656,  605,  700,   35,  880,  744,  741,  149,  439,  232,  645,  726,  175,  516,  494,   57,  489,  698,  224,  308,  608,  800,  440,  355,  871,  971,  215,  812,  416,  479,  532,  519,  175,  547,  694,  215,   24,  297,  205,  478,  656,  858,  635,  493,  272,  603],
