{
    "name": "random-38-8406",
    "comment": "size=38 seed=8406",
    "nodes": ["+0", "-0", "+1", "-1", "+2", "-2", "+3", "-3", "+4", "-4", "+5", "-5", "+6", "-6", "+7", "-7", "+8", "-8", "+9", "-9", "+10", "-10", "+11", "-11", "+12", "-12", "+13", "-13", "+14", "-14", "+15", "-15", "+16", "-16", "+17", "-17", "+18", "-18", "+19", "-19", "+20", "-20", "+21", "-21", "+22", "-22", "+23", "-23", "+24", "-24", "+25", "-25", "+26", "-26", "+27", "-27", "+28", "-28", "+29", "-29", "+30", "-30", "+31", "-31", "+32", "-32", "+33", "-33", "+34", "-34", "+35", "-35", "+36", "-36", "+37", "-37", "+38", "-38"],
    "precedence": {
        "+0": "-0",
        "+1": "-1",
        "+2": "-2",
        "+3": "-3",
        "+4": "-4",
        "+5": "-5",
        "+6": "-6",
        "+7": "-7",
        "+8": "-8",
        "+9": "-9",
        "+10": "-10",
        "+11": "-11",
        "+12": "-12",
        "+13": "-13",
        "+14": "-14",
        "+15": "-15",
        "+16": "-16",
        "+17": "-17",
        "+18": "-18",
        "+19": "-19",
        "+20": "-20",
        "+21": "-21",
        "+22": "-22",
        "+23": "-23",
        "+24": "-24",
        "+25": "-25",
        "+26": "-26",
        "+27": "-27",
        "+28": "-28",
        "+29": "-29",
        "+30": "-30",
        "+31": "-31",
        "+32": "-32",
        "+33": "-33",
        "+34": "-34",
        "+35": "-35",
        "+36": "-36",
        "+37": "-37",
        "+38": "-38"
    },
    "edges": [
        [    0,    0,  859,  629,  349,  285,  322,  747,  731,  419,  329,  591,  266,  986,  505,  169,  739,  800,  758,  243,  235,  455,  707,  696,  620,  292,  545,  685,  811,  214,  431,   84,  816,  573,  165,  233,  596,  698,  200,  946,  748,  325,  915,  368,  387,  591,  819, 1032,  667,  629,  383,  201,  359,  830,  606,  203,  819,  384,   90,  164,  808,  420,  217,  673,  671,  854,  640,  752,  646,  448,  280,  477,  490,  560,  935,  351,  249,  453],
        [    0,    0,  859,  629,  349,  285,  322,  747,  731,  419,  329,  591,  266,  986,  505,  169,  739,  800,  758,  243,  235,  455,  707,  696,  620,  292,  545,  685,  811,  214,  431,   84,  816,  573,  165,  233,  596,  698,  200,  946,  748,  325,  915,  368,  387,  591,  819, 1032,  667,  629,  383,  201,  359,  830,  606,  203,  819,  384,   90,  164,  808,  420,  217,  673,  671,  854,  640,  752,  646,  448,  280,  477,  490,  560,  935,  351,  249,  453],
        [  859,  859,    0,  267,  580,  766,  549,  202,  477,  457,  605,  412,  924,  252,  367,  952,  282,  558,  104,  617,  703,  500,  643,  346,  565,  716,  500,  624,  448,  821,  484,  852,  322,  319,  695,  835,  693,  416,  737,  212,  556,  736,  226,  967,  534,  407,   69,  300,  403,  390,  485,  783,  584,  534,  901,  957,  490,  624,  897,  810,  107,  876, 1062,  291,  718,  111,  449,  240,  484,  411,  632,  402,  447,  383,  313,  631,  756,  412],
        [  629,  629,  267,    0,  319,  502,  308,  119,  290,  211,  446,  162,  749,  359,  127,  702,  359,  620,  198,  399,  447,  389,  650,  385,  545,  558,  444,  625,  538,  641,  222,  609,  443,   58,  466,  575,  649,  220,  483,  318,  596,  470,  290,  813,  387,  156,  261,  408,  190,  382,  299,  598,  435,  615,  647,  761,  575,  495,  683,  556,  187,  750,  842,  313,  699,  321,  221,  136,  483,  213,  377,  258,  345,  319,  329,  366,  495,  181],
        [  349,  349,  580,  319,    0,  188,  101,  426,  384,  136,  345,  244,  547,  657,  218,  388,  567,  746,  494,  197,  132,  392,  712,  554,  601,  419,  492,  685,  706,  446,   98,  307,  656,  263,  211,  256,  651,  349,  170,  621,  703,  165,  586,  636,  338,  245,  560,  700,  318,  510,  243,  405,  358,  759,  432,  524,  730,  425,  423,  242,  505,  622,  565,  499,  721,  611,  291,  422,  580,  232,   70,  311,  387,  424,  594,   65,  177,  189],
        [  285,  285,  766,  502,  188,    0,  254,  603,  498,  321,  448,  399,  540,  824,  405,  241,  745,  898,  681,  288,  101,  532,  843,  725,  737,  482,  635,  818,  872,  460,  282,  209,  834,  448,  238,   84,  761,  484,  105,  791,  852,   47,  753,  640,  467,  402,  747,  863,  462,  674,  395,  429,  470,  916,  333,  487,  892,  527,  374,  124,  687,  663,  473,  677,  836,  798,  422,  593,  731,  408,  154,  479,  540,  590,  749,  137,   41,  373],
        [  322,  322,  549,  308,  101,  254,    0,  425,  446,   98,  246,  286,  478,  664,  186,  404,  493,  652,  454,  112,  166,  293,  612,  472,  502,  329,  394,  586,  619,  372,  123,  304,  580,  251,  160,  303,  550,  399,  194,  625,  608,  245,  594,  560,  237,  285,  518,  711,  364,  422,  146,  329,  258,  667,  531,  470,  641,  325,  381,  263,  490,  533,  537,  424,  621,  563,  348,  431,  485,  157,  101,  226,  292,  337,  617,  161,  230,  138],
        [  747,  747,  202,  119,  426,  603,  425,    0,  278,  328,  558,  220,  866,  240,  246,  813,  391,  670,  183,  517,  557,  489,  720,  434,  622,  672,  530,  697,  574,  758,  330,  724,  462,  175,  584,  680,  736,  215,  594,  200,  653,  567,  172,  928,  497,  215,  227,  289,  202,  449,  414,  716,  546,  656,  704,  879,  614,  603,  801,  667,   98,  859,  960,  363,  779,  290,  248,   44,  552,  328,  489,  363,  441,  401,  218,  466,  601,  300],
        [  731,  731,  477,  290,  384,  498,  446,  278,    0,  376,  666,  170,  923,  392,  350,  738,  646,  910,  455,  558,  501,  647,  933,  675,  825,  766,  719,  908,  827,  818,  324,  679,  726,  296,  592,  582,  919,   71,  539,  377,  885,  453,  333, 1006,  625,  174,  505,  414,  104,  670,  521,  775,  666,  904,  473,  907,  864,  733,  807,  602,  371,  970,  945,  603,  975,  568,   99,  238,  769,  447,  453,  519,  612,  601,  289,  385,  515,  389],
        [  419,  419,  457,  211,  136,  321,   98,  328,  376,    0,  290,  209,  560,  567,   90,  496,  433,  627,  365,  197,  248,  295,  609,  423,  497,  391,  386,  582,  578,  452,   72,  400,  522,  154,  257,  383,  566,  321,  281,  527,  588,  300,  497,  636,  257,  206,  430,  614,  285,  385,  151,  409,  293,  636,  551,  561,  605,  361,  476,  353,  393,  594,  633,  366,  632,  479,  278,  335,  464,  104,  177,  189,  276,  300,  523,  198,  305,   53],
        [  329,  329,  605,  446,  345,  448,  246,  558,  666,  290,    0,  497,  320,  790,  330,  483,  427,  476,  501,  162,  347,  130,  400,  375,  301,  115,  217,  376,  483,  219,  352,  372,  495,  402,  220,  458,  315,  607,  350,  746,  426,  458,  726,  371,   72,  494,  551,  841,  571,  306,  149,  184,   31,  504,  762,  360,  491,   82,  327,  389,  586,  308,  488,  365,  389,  571,  568,  581,  318,  234,  316,  205,  174,  248,  773,  398,  411,  282],
        [  591,  591,  412,  162,  244,  399,  286,  220,  170,  209,  497,    0,  763,  426,  184,  625,  516,  763,  357,  397,  373,  480,  774,  533,  665,  599,  556,  748,  690,  656,  165,  550,  602,  143,  440,  480,  753,  113,  412,  395,  733,  359,  355,  842,  456,    7,  418,  464,   78,  518,  351,  613,  496,  762,  490,  755,  724,  563,  660,  482,  315,  802,  807,  463,  811,  480,   74,  200,  614,  278,  313,  354,  447,  444,  353,  266,  404,  220],
        [  266,  266,  924,  749,  547,  540,  478,  866,  923,  560,  320,  763,    0, 1102,  625,  415,  729,  691,  820,  366,  467,  435,  567,  668,  515,  210,  485,  553,  739,  109,  600,  350,  784,  699,  338,  497,  439,  875,  442, 1059,  639,  574, 1036,  103,  391,  761,  869, 1153,  841,  598,  453,  151,  342,  730,  868,   95,  732,  316,  183,  424,  902,  185,  251,  674,  505,  887,  825,  883,  572,  538,  486,  523,  486,  559, 1076,  571,  501,  572],
        [  986,  986,  252,  359,  657,  824,  664,  240,  392,  567,  790,  426, 1102,    0,  486, 1044,  531,  809,  325,  757,  788,  707,  889,  591,  805,  904,  728,  869,  699,  995,  563,  959,  573,  414,  823,  904,  929,  362,  826,   45,  806,  784,   72, 1160,  724,  422,  318,   53,  373,  628,  650,  953,  775,  785,  863, 1119,  741,  827, 1041,  899,  210, 1084, 1200,  530,  961,  359,  419,  235,  726,  565,  722,  588,  655,  603,  112,  689,  826,  539],
        [  505,  505,  367,  127,  218,  405,  186,  246,  350,   90,  330,  184,  625,  486,    0,  586,  368,  590,  277,  272,  337,  297,  592,  370,  482,  440,  373,  566,  528,  517,  130,  489,  458,   75,  340,  470,  569,  286,  370,  445,  557,  380,  417,  693,  279,  179,  343,  535,  250,  344,  181,  474,  324,  594,  606,  634,  559,  389,  556,  443,  305,  637,  716,  305,  628,  393,  258,  260,  435,   99,  266,  170,  264,  265,  451,  275,  392,   54],
        [  169,  169,  952,  702,  388,  241,  404,  813,  738,  496,  483,  625,  415, 1044,  586,    0,  871,  958,  857,  363,  256,  602,  871,  834,  780,  459,  698,  849,  961,  380,  483,  113,  952,  644,  280,  159,  763,  719,  219, 1008,  907,  287,  973,  515,  532,  627,  921, 1086,  694,  771,  505,  369,  512,  986,  503,  333,  971,  545,  234,  146,  887,  582,  258,  802,  839,  964,  658,  810,  800,  553,  325,  601,  630,  696,  978,  360,  224,  541],
        [  739,  739,  282,  359,  567,  745,  493,  391,  646,  433,  427,  516,  729,  531,  368,  871,    0,  283,  217,  508,  657,  298,  361,   70,  292,  521,  253,  343,  183,  639,  493,  760,   91,  375,  592,  794,  422,  576,  681,  489,  275,  730,  495,  750,  358,  509,  214,  580,  548,  134,  367,  608,  398,  266,  973,  783,  223,  414,  752,  745,  340,  642,  914,   70,  440,  191,  580,  434,  208,  338,  592,  272,  254,  180,  575,  630,  722,  380],
        [  800,  800,  558,  620,  746,  898,  652,  670,  910,  627,  476,  763,  691,  809,  590,  958,  283,    0,  500,  618,  799,  367,  142,  237,  182,  520,  265,  145,  116,  634,  697,  847,  242,  621,  691,  925,  266,  840,  811,  769,   53,  896,  776,  672,  436,  757,  492,  857,  809,  247,  506,  619,  447,   45, 1176,  770,   77,  417,  780,  860,  622,  544,  923,  310,  233,  455,  833,  712,  168,  523,  748,  439,  361,  329,  857,  809,  866,  582],
        [  758,  758,  104,  198,  494,  681,  454,  183,  455,  365,  501,  357,  820,  325,  277,  857,  217,  500,    0,  515,  612,  399,  568,  271,  481,  613,  407,  547,  398,  718,  401,  755,  281,  240,  595,  746,  605,  388,  644,  281,  490,  654,  281,  865,  431,  351,   67,  376,  367,  304,  382,  679,  480,  482,  844,  853,  438,  523,  795,  716,  124,  776,  959,  206,  637,  124,  407,  226,  403,  310,  541,  298,  346,  284,  359,  548,  668,  317],
        [  243,  243,  617,  399,  197,  288,  112,  517,  558,  197,  162,  397,  366,  757,  272,  363,  508,  618,  515,    0,  187,  252,  556,  473,  452,  223,  354,  531,  605,  260,  235,  253,  590,  344,   85,  307,  476,  509,  194,  716,  570,  297,  688,  448,  183,  395,  576,  806,  475,  412,  143,  218,  183,  640,  602,  365,  620,  242,  286,  245,  570,  426,  448,  440,  550,  612,  460,  529,  453,  206,  156,  239,  271,  334,  718,  242,  252,  218],
        [  235,  235,  703,  447,  132,  101,  166,  557,  501,  248,  347,  373,  467,  788,  337,  256,  657,  799,  612,  187,    0,  433,  743,  633,  637,  387,  536,  717,  777,  378,  227,  180,  744,  390,  144,  138,  662,  473,   40,  752,  752,  115,  717,  565,  367,  375,  677,  831,  445,  579,  299,  343,  370,  819,  424,  427,  795,  427,  318,  111,  633,  576,  445,  588,  736,  725,  413,  554,  633,  323,   71,  388,  443,  496,  725,  117,   67,  297],
        [  455,  455,  500,  389,  392,  532,  293,  489,  647,  295,  130,  480,  435,  707,  297,  602,  298,  367,  399,  252,  433,    0,  320,  245,  209,  226,  103,  294,  359,  342,  366,  490,  365,  358,  328,  558,  274,  582,  445,  662,  320,  533,  649,  468,   71,  475,  441,  759,  546,  176,  150,  310,  101,  389,  824,  485,  371,  125,  457,  495,  498,  379,  617,  240,  337,  454,  554,  519,  202,  203,  385,  131,   54,  124,  706,  453,  500,  264],
        [  707,  707,  643,  650,  712,  843,  612,  720,  933,  609,  400,  774,  567,  889,  592,  871,  361,  142,  568,  556,  743,  320,    0,  298,  112,  417,  223,   27,  240,  522,  680,  763,  350,  638,  620,  858,  130,  864,  748,  847,  104,  848,  848,  538,  378,  769,  574,  940,  830,  272,  469,  514,  375,  187, 1143,  651,  211,  327,  675,  788,  690,  410,  807,  363,   92,  550,  847,  759,  169,  509,  701,  425,  334,  333,  923,  772,  808,  571],
        [  696,  696,  346,  385,  554,  725,  472,  434,  675,  423,  375,  533,  668,  591,  370,  834,   70,  237,  271,  473,  633,  245,  298,    0,  223,  463,  188,  279,  158,  582,  489,  722,  121,  390,  555,  768,  354,  604,  654,  549,  220,  714,  551,  685,  310,  527,  277,  642,  574,   71,  336,  553,  346,  230,  972,  726,  191,  354,  702,  714,  394,  575,  862,   73,  373,  260,  601,  475,  140,  322,  572,  247,  207,  140,  628,  618,  699,  373],
        [  620,  620,  565,  545,  601,  737,  502,  622,  825,  497,  301,  665,  515,  805,  482,  780,  292,  182,  481,  452,  637,  209,  112,  223,    0,  338,  111,   86,  230,  453,  569,  670,  307,  529,  520,  756,  131,  757,  645,  762,  130,  740,  759,  506,  271,  659,  497,  857,  722,  178,  358,  437,  273,  218, 1033,  591,  219,  236,  599,  689,  601,  383,  742,  276,  157,  483,  738,  660,   84,  397,  592,  314,  222,  226,  831,  662,  703,  459],
        [  292,  292,  716,  558,  419,  482,  329,  672,  766,  391,  115,  599,  210,  904,  440,  459,  521,  520,  613,  223,  387,  226,  417,  463,  338,    0,  285,  396,  549,  120,  445,  356,  581,  513,  245,  473,  305,  710,  378,  860,  467,  502,  840,  257,  183,  596,  660,  955,  674,  393,  260,  100,  133,  554,  811,  264,  549,  111,  261,  398,  700,  205,  408,  465,  380,  677,  667,  694,  380,  346,  375,  318,  276,  349,  886,  463,  443,  389],
        [  545,  545,  500,  444,  492,  635,  394,  530,  719,  386,  217,  556,  485,  728,  373,  698,  253,  265,  407,  354,  536,  103,  223,  188,  111,  285,    0,  197,  268,  405,  458,  586,  300,  424,  427,  660,  207,  651,  547,  684,  217,  635,  676,  498,  171,  551,  435,  780,  616,  120,  249,  380,  187,  289,  924,  548,  274,  174,  537,  596,  520,  389,  691,  213,  257,  433,  630,  565,  102,  287,  487,  204,  111,  129,  743,  554,  602,  348],
        [  685,  685,  624,  625,  685,  818,  586,  697,  908,  582,  376,  748,  553,  869,  566,  849,  343,  145,  547,  531,  717,  294,   27,  279,   86,  396,  197,    0,  233,  504,  654,  741,  337,  612,  596,  834,  121,  839,  724,  826,  100,  822,  826,  528,  353,  743,  555,  920,  805,  248,  443,  495,  350,  189, 1117,  635,  207,  305,  656,  764,  668,  400,  791,  341,  100,  533,  822,  735,  146,  483,  675,  399,  308,  307,  901,  746,  783,  544],
        [  811,  811,  448,  538,  706,  872,  619,  574,  827,  578,  483,  690,  739,  699,  528,  961,  183,  116,  398,  605,  777,  359,  240,  158,  230,  549,  268,  233,    0,  668,  645,  848,  127,  547,  685,  908,  345,  756,  794,  659,  136,  864,  669,  734,  429,  684,  382,  746,  728,  198,  478,  647,  453,   87, 1128,  810,   42,  440,  804,  850,  518,  612,  956,  228,  331,  342,  757,  617,  170,  476,  719,  396,  336,  283,  752,  770,  843,  529],
        [  214,  214,  821,  641,  446,  460,  372,  758,  818,  452,  219,  656,  109,  995,  517,  380,  639,  634,  718,  260,  378,  342,  522,  582,  453,  120,  405,  504,  668,    0,  494,  292,  701,  591,  241,  430,  402,  769,  358,  952,  581,  490,  929,  191,  291,  655,  768, 1045,  734,  512,  346,   43,  244,  670,  792,  145,  667,  231,  157,  354,  796,  209,  290,  581,  474,  789,  720,  775,  499,  431,  388,  420,  390,  464,  967,  475,  420,  463],
        [  431,  431,  484,  222,   98,  282,  123,  330,  324,   72,  352,  165,  600,  563,  130,  483,  493,  697,  401,  235,  227,  366,  680,  489,  569,  445,  458,  654,  645,  494,    0,  397,  583,  167,  277,  353,  636,  276,  265,  526,  659,  253,  492,  682,  325,  164,  467,  607,  243,  454,  219,  452,  357,  706,  483,  590,  673,  426,  497,  338,  408,  650,  647,  428,  702,  520,  226,  328,  535,  175,  160,  260,  347,  369,  506,  148,  274,  117],
        [   84,   84,  852,  609,  307,  209,  304,  724,  679,  400,  372,  550,  350,  959,  489,  113,  760,  847,  755,  253,  180,  490,  763,  722,  670,  356,  586,  741,  848,  292,  397,    0,  841,  552,  169,  150,  659,  652,  141,  921,  796,  252,  888,  452,  420,  551,  818, 1003,  623,  659,  395,  274,  401,  875,  523,  284,  859,  437,  172,   86,  792,  500,  269,  692,  735,  858,  592,  724,  688,  448,  239,  491,  518,  584,  901,  295,  177,  441],
        [  816,  816,  322,  443,  656,  834,  580,  462,  726,  522,  495,  602,  784,  573,  458,  952,   91,  242,  281,  590,  744,  365,  350,  121,  307,  581,  300,  337,  127,  701,  583,  841,    0,  462,  673,  880,  435,  656,  767,  534,  251,  819,  546,  795,  430,  595,  259,  620,  630,  190,  451,  673,  466,  213, 1063,  845,  169,  471,  822,  829,  398,  680,  982,  158,  437,  216,  664,  505,  227,  426,  680,  358,  327,  257,  630,  719,  809,  470],
        [  573,  573,  319,   58,  263,  448,  251,  175,  296,  154,  402,  143,  699,  414,   75,  644,  375,  621,  240,  344,  390,  358,  638,  390,  529,  513,  424,  612,  547,  591,  167,  552,  462,    0,  410,  519,  626,  228,  426,  374,  592,  418,  345,  766,  348,  137,  306,  462,  193,  377,  253,  548,  395,  619,  610,  708,  581,  457,  627,  500,  243,  708,  786,  320,  680,  363,  213,  186,  475,  168,  321,  228,  319,  305,  377,  313,  440,  128],
        [  165,  165,  695,  466,  211,  238,  160,  584,  592,  257,  220,  440,  338,  823,  340,  280,  592,  691,  595,   85,  144,  328,  620,  555,  520,  245,  427,  596,  685,  241,  277,  169,  673,  410,    0,  239,  529,  551,  135,  783,  642,  259,  753,  430,  258,  440,  656,  870,  518,  493,  227,  203,  247,  716,  567,  316,  698,  296,  221,  170,  643,  433,  377,  524,  604,  694,  496,  591,  529,  285,  148,  323,  352,  417,  777,  235,  199,  289],
        [  233,  233,  835,  575,  256,   84,  303,  680,  582,  383,  458,  480,  497,  904,  470,  159,  794,  925,  746,  307,  138,  558,  858,  768,  756,  473,  660,  834,  908,  430,  353,  150,  880,  519,  239,    0,  766,  568,  115,  870,  876,  130,  833,  600,  489,  483,  812,  944,  544,  712,  433,  405,  484,  946,  374,  434,  925,  534,  321,   77,  761,  638,  401,  725,  842,  861,  506,  672,  759,  460,  207,  523,  573,  630,  831,  215,   80,  433],
        [  596,  596,  693,  649,  651,  761,  550,  736,  919,  566,  315,  753,  439,  929,  569,  763,  422,  266,  605,  476,  662,  274,  130,  354,  131,  305,  207,  121,  345,  402,  636,  659,  435,  626,  529,  766,    0,  852,  662,  885,  219,  772,  880,  409,  315,  748,  626,  981,  816,  304,  418,  399,  295,  309, 1075,  526,  324,  235,  557,  693,  722,  281,  683,  402,   76,  613,  826,  771,  215,  476,  629,  400,  307,  335,  948,  708,  724,  537],
        [  698,  698,  416,  220,  349,  484,  399,  215,   71,  321,  607,  113,  875,  362,  286,  719,  576,  840,  388,  509,  473,  582,  864,  604,  757,  710,  651,  839,  756,  769,  276,  652,  656,  228,  551,  568,  852,    0,  512,  341,  814,  441,  298,  955,  563,  115,  440,  392,   37,  600,  460,  726,  605,  834,  506,  866,  793,  672,  769,  579,  311,  913,  913,  532,  907,  503,   62,  178,  700,  383,  418,  453,  545,  532,  271,  360,  495,  327],
        [  200,  200,  737,  483,  170,  105,  194,  594,  539,  281,  350,  412,  442,  826,  370,  219,  681,  811,  644,  194,   40,  445,  748,  654,  645,  378,  547,  724,  794,  358,  265,  141,  767,  426,  135,  115,  662,  512,    0,  790,  763,  133,  755,  541,  377,  414,  709,  870,  484,  597,  318,  325,  374,  833,  437,  396,  811,  428,  285,   74,  669,  559,  407,  612,  737,  755,  452,  592,  646,  349,  106,  410,  459,  515,  764,  155,   65,  328],
        [  946,  946,  212,  318,  621,  791,  625,  200,  377,  527,  746,  395, 1059,   45,  445, 1008,  489,  769,  281,  716,  752,  662,  847,  549,  762,  860,  684,  826,  659,  952,  526,  921,  534,  374,  783,  870,  885,  341,  790,    0,  764,  752,   44, 1116,  680,  391,  278,   98,  347,  584,  607,  910,  731,  745,  845, 1076,  701,  782, 1000,  863,  165, 1039, 1160,  487,  917,  321,  394,  199,  683,  522,  685,  544,  611,  558,  119,  656,  792,  498],
        [  748,  748,  556,  596,  703,  852,  608,  653,  885,  588,  426,  733,  639,  806,  557,  907,  275,   53,  490,  570,  752,  320,  104,  220,  130,  467,  217,  100,  136,  581,  659,  796,  251,  592,  642,  876,  219,  814,  763,  764,    0,  851,  769,  622,  387,  727,  488,  855,  782,  215,  462,  567,  397,   92, 1134,  718,  108,  365,  728,  811,  613,  496,  870,  291,  196,  458,  804,  694,  125,  485,  703,  399,  317,  293,  848,  766,  819,  544],
        [  325,  325,  736,  470,  165,   47,  245,  567,  453,  300,  458,  359,  574,  784,  380,  287,  730,  896,  654,  297,  115,  533,  848,  714,  740,  502,  635,  822,  864,  490,  253,  252,  819,  418,  259,  130,  772,  441,  133,  752,  851,    0,  714,  673,  470,  362,  720,  822,  419,  666,  390,  456,  478,  912,  309,  525,  886,  538,  413,  167,  653,  690,  518,  662,  846,  773,  379,  555,  729,  394,  149,  469,  536,  581,  707,  106,   76,  353],
        [  915,  915,  226,  290,  586,  753,  594,  172,  333,  497,  726,  355, 1036,   72,  417,  973,  495,  776,  281,  688,  717,  649,  848,  551,  759,  840,  676,  826,  669,  929,  492,  888,  546,  345,  753,  833,  880,  298,  755,   44,  769,  714,    0, 1096,  662,  352,  287,  118,  305,  581,  584,  887,  712,  755,  801, 1051,  711,  766,  972,  828,  159, 1023, 1130,  486,  915,  337,  352,  164,  682,  499,  651,  527,  598,  549,   89,  618,  755,  471],
        [  368,  368,  967,  813,  636,  640,  560,  928, 1006,  636,  371,  842,  103, 1160,  693,  515,  750,  672,  865,  448,  565,  468,  538,  685,  506,  257,  498,  528,  734,  191,  682,  452,  795,  766,  430,  600,  409,  955,  541, 1116,  622,  673, 1096,    0,  437,  840,  909, 1211,  919,  616,  515,  232,  387,  714,  970,  186,  722,  344,  284,  526,  955,  130,  327,  701,  465,  920,  907,  949,  573,  601,  578,  573,  521,  590, 1141,  665,  601,  641],
        [  387,  387,  534,  387,  338,  467,  237,  497,  625,  257,   72,  456,  391,  724,  279,  532,  358,  436,  431,  183,  367,   71,  378,  310,  271,  183,  171,  353,  429,  291,  325,  420,  430,  348,  258,  489,  315,  563,  377,  680,  387,  470,  662,  437,    0,  452,  479,  776,  527,  243,  106,  255,   51,  459,  766,  431,  441,  110,  394,  426,  519,  363,  556,  295,  384,  499,  529,  522,  271,  181,  323,  137,  105,  179,  713,  396,  433,  237],
        [  591,  591,  407,  156,  245,  402,  285,  215,  174,  206,  494,    7,  761,  422,  179,  627,  509,  757,  351,  395,  375,  475,  769,  527,  659,  596,  551,  743,  684,  655,  164,  551,  595,  137,  440,  483,  748,  115,  414,  391,  727,  362,  352,  840,  452,    0,  412,  461,   80,  513,  348,  612,  493,  756,  496,  754,  718,  560,  660,  484,  310,  799,  808,  457,  806,  474,   79,  195,  609,  274,  314,  349,  442,  438,  351,  269,  406,  216],
        [  819,  819,   69,  261,  560,  747,  518,  227,  505,  430,  551,  418,  869,  318,  343,  921,  214,  492,   67,  576,  677,  441,  574,  277,  497,  660,  435,  555,  382,  768,  467,  818,  259,  306,  656,  812,  626,  440,  709,  278,  488,  720,  287,  909,  479,  412,    0,  367,  422,  323,  439,  731,  528,  468,  907,  906,  424,  565,  852,  781,  145,  814, 1017,  224,  650,   64,  464,  270,  416,  372,  607,  351,  388,  320,  372,  614,  734,  382],
        [ 1032, 1032,  300,  408,  700,  863,  711,  289,  414,  614,  841,  464, 1153,   53,  535, 1086,  580,  857,  376,  806,  831,  759,  940,  642,  857,  955,  780,  920,  746, 1045,  607, 1003,  620,  462,  870,  944,  981,  392,  870,   98,  855,  822,  118, 1211,  776,  461,  367,    0,  406,  679,  701, 1004,  827,  832,  886, 1168,  788,  879, 1089,  941,  262, 1136, 1247,  581, 1012,  405,  451,  280,  777,  615,  766,  640,  708,  655,  126,  730,  867,  588],
        [  667,  667,  403,  190,  318,  462,  364,  202,  104,  285,  571,   78,  841,  373,  250,  694,  548,  809,  367,  475,  445,  546,  830,  574,  722,  674,  616,  805,  728,  734,  243,  623,  630,  193,  518,  544,  816,   37,  484,  347,  782,  419,  305,  919,  527,   80,  422,  406,    0,  567,  424,  691,  569,  804,  506,  832,  764,  635,  737,  552,  299,  877,  882,  502,  872,  485,   49,  169,  667,  347,  388,  417,  510,  498,  289,  334,  470,  291],
        [  629,  629,  390,  382,  510,  674,  422,  449,  670,  385,  306,  518,  598,  628,  344,  771,  134,  247,  304,  412,  579,  176,  272,   71,  178,  393,  120,  248,  198,  512,  454,  659,  190,  377,  493,  712,  304,  600,  597,  584,  215,  666,  581,  616,  243,  513,  323,  679,  567,    0,  280,  483,  276,  252,  935,  656,  221,  283,  633,  655,  423,  509,  792,   99,  335,  316,  589,  488,  104,  281,  521,  199,  142,   86,  654,  574,  646,  337],
        [  383,  383,  485,  299,  243,  395,  146,  414,  521,  151,  149,  351,  453,  650,  181,  505,  367,  506,  382,  143,  299,  150,  469,  336,  358,  260,  249,  443,  478,  346,  219,  395,  451,  253,  227,  433,  418,  460,  318,  607,  462,  390,  584,  515,  106,  348,  439,  701,  424,  280,    0,  305,  146,  522,  675,  475,  497,  213,  413,  379,  452,  457,  578,  298,  485,  472,  424,  435,  339,   87,  243,   97,  146,  198,  627,  305,  366,  134],
        [  201,  201,  783,  598,  405,  429,  329,  716,  775,  409,  184,  613,  151,  953,  474,  369,  608,  619,  679,  218,  343,  310,  514,  553,  437,  100,  380,  495,  647,   43,  452,  274,  673,  548,  203,  405,  399,  726,  325,  910,  567,  456,  887,  232,  255,  612,  731, 1004,  691,  483,  305,    0,  211,  653,  761,  177,  647,  208,  162,  328,  755,  235,  311,  548,  473,  754,  677,  733,  478,  389,  349,  381,  357,  431,  925,  437,  389,  421],
        [  359,  359,  584,  435,  358,  470,  258,  546,  666,  293,   31,  496,  342,  775,  324,  512,  398,  447,  480,  183,  370,  101,  375,  346,  273,  133,  187,  350,  453,  244,  357,  401,  466,  395,  247,  484,  295,  605,  374,  731,  397,  478,  712,  387,   51,  493,  528,  827,  569,  276,  146,  211,    0,  475,  781,  386,  461,   69,  357,  416,  569,  315,  517,  338,  369,  547,  568,  570,  289,  227,  334,  187,  147,  221,  762,  413,  434,  279],
        [  830,  830,  534,  615,  759,  916,  667,  656,  904,  636,  504,  762,  730,  785,  594,  986,  266,   45,  482,  640,  819,  389,  187,  230,  218,  554,  289,  189,   87,  670,  706,  875,  213,  619,  716,  946,  309,  834,  833,  745,   92,  912,  755,  714,  459,  756,  468,  832,  804,  252,  522,  653,  475,    0, 1186,  808,   45,  449,  814,  884,  603,  587,  959,  302,  278,  428,  831,  699,  188,  532,  765,  449,  377,  337,  838,  823,  885,  589],
        [  606,  606,  901,  647,  432,  333,  531,  704,  473,  551,  762,  490,  868,  863,  606,  503,  973, 1176,  844,  602,  424,  824, 1143,  972, 1033,  811,  924, 1117, 1128,  792,  483,  523, 1063,  610,  567,  374, 1075,  506,  437,  845, 1134,  309,  801,  970,  766,  496,  907,  886,  506,  935,  675,  761,  781, 1186,    0,  807, 1155,  843,  694,  444,  801,  996,  761,  910, 1148,  967,  459,  674, 1011,  655,  447,  738,  818,  850,  761,  371,  373,  600],
        [  203,  203,  957,  761,  524,  487,  470,  879,  907,  561,  360,  755,   95, 1119,  634,  333,  783,  770,  853,  365,  427,  485,  651,  726,  591,  264,  548,  635,  810,  145,  590,  284,  845,  708,  316,  434,  526,  866,  396, 1076,  718,  525, 1051,  186,  431,  754,  906, 1168,  832,  656,  475,  177,  386,  808,  807,    0,  807,  375,  114,  366,  925,  279,  158,  724,  593,  930,  812,  893,  641,  556,  458,  556,  533,  607, 1083,  539,  450,  581],
        [  819,  819,  490,  575,  730,  892,  641,  614,  864,  605,  491,  724,  732,  741,  559,  971,  223,   77,  438,  620,  795,  371,  211,  191,  219,  549,  274,  207,   42,  667,  673,  859,  169,  581,  698,  925,  324,  793,  811,  701,  108,  886,  711,  722,  441,  718,  424,  788,  764,  221,  497,  647,  461,   45, 1155,  807,    0,  441,  807,  865,  560,  597,  956,  263,  302,  384,  792,  656,  173,  502,  739,  420,  353,  307,  794,  794,  862,  557],
        [  384,  384,  624,  495,  425,  527,  325,  603,  733,  361,   82,  563,  316,  827,  389,  545,  414,  417,  523,  242,  427,  125,  327,  354,  236,  111,  174,  305,  440,  231,  426,  437,  471,  457,  296,  534,  235,  672,  428,  782,  365,  538,  766,  344,  110,  560,  565,  879,  635,  283,  213,  208,   69,  449,  843,  375,  441,    0,  366,  462,  619,  258,  517,  360,  310,  577,  636,  629,  271,  291,  397,  241,  178,  247,  820,  478,  490,  345],
        [   90,   90,  897,  683,  423,  374,  381,  801,  807,  476,  327,  660,  183, 1041,  556,  234,  752,  780,  795,  286,  318,  457,  675,  702,  599,  261,  537,  656,  804,  157,  497,  172,  822,  627,  221,  321,  557,  769,  285, 1000,  728,  413,  972,  284,  394,  660,  852, 1089,  737,  633,  413,  162,  357,  814,  694,  114,  807,  366,    0,  253,  855,  350,  165,  688,  630,  882,  713,  811,  636,  488,  355,  503,  499,  572,  998,  432,  337,  503],
        [  164,  164,  810,  556,  242,  124,  263,  667,  602,  353,  389,  482,  424,  899,  443,  146,  745,  860,  716,  245,  111,  495,  788,  714,  689,  398,  596,  764,  850,  354,  338,   86,  829,  500,  170,   77,  693,  579,   74,  863,  811,  167,  828,  526,  426,  484,  781,  941,  552,  655,  379,  328,  416,  884,  444,  366,  865,  462,  253,    0,  742,  562,  352,  676,  769,  826,  518,  664,  696,  418,  180,  473,  515,  575,  834,  219,   92,  399],
        [  808,  808,  107,  187,  505,  687,  490,   98,  371,  393,  586,  315,  902,  210,  305,  887,  340,  622,  124,  570,  633,  498,  690,  394,  601,  700,  520,  668,  518,  796,  408,  792,  398,  243,  643,  761,  722,  311,  669,  165,  613,  653,  159,  955,  519,  310,  145,  262,  299,  423,  452,  755,  569,  603,  801,  925,  560,  619,  855,  742,    0,  876, 1018,  328,  757,  205,  345,  134,  524,  369,  563,  383,  446,  393,  236,  550,  681,  355],
        [  420,  420,  876,  750,  622,  663,  533,  859,  970,  594,  308,  802,  185, 1084,  637,  582,  642,  544,  776,  426,  576,  379,  410,  575,  383,  205,  389,  400,  612,  209,  650,  500,  680,  708,  433,  638,  281,  913,  559, 1039,  496,  690, 1023,  130,  363,  799,  814, 1136,  877,  509,  457,  235,  315,  587,  996,  279,  597,  258,  350,  562,  876,    0,  434,  599,  336,  819,  871,  885,  455,  540,  573,  498,  431,  495, 1076,  661,  623,  589],
        [  217,  217, 1062,  842,  565,  473,  537,  960,  945,  633,  488,  807,  251, 1200,  716,  258,  914,  923,  959,  448,  445,  617,  807,  862,  742,  408,  691,  791,  956,  290,  647,  269,  982,  786,  377,  401,  683,  913,  407, 1160,  870,  518, 1130,  327,  556,  808, 1017, 1247,  882,  792,  578,  311,  517,  959,  761,  158,  956,  517,  165,  352, 1018,  434,    0,  851,  751, 1047,  854,  967,  787,  652,  495,  668,  661,  735, 1151,  561,  444,  664],
        [  673,  673,  291,  313,  499,  677,  424,  363,  603,  366,  365,  463,  674,  530,  305,  802,   70,  310,  206,  440,  588,  240,  363,   73,  276,  465,  213,  341,  228,  581,  428,  692,  158,  320,  524,  725,  402,  532,  612,  487,  291,  662,  486,  701,  295,  457,  224,  581,  502,   99,  298,  548,  338,  302,  910,  724,  263,  360,  688,  676,  328,  599,  851,    0,  431,  221,  530,  404,  197,  269,  524,  203,  192,  117,  561,  563,  653,  314],
        [  671,  671,  718,  699,  721,  836,  621,  779,  975,  632,  389,  811,  505,  961,  628,  839,  440,  233,  637,  550,  736,  337,   92,  373,  157,  380,  257,  100,  331,  474,  702,  735,  437,  680,  604,  842,   76,  907,  737,  917,  196,  846,  915,  465,  384,  806,  650, 1012,  872,  335,  485,  473,  369,  278, 1148,  593,  302,  310,  630,  769,  757,  336,  751,  431,    0,  630,  885,  816,  235,  537,  702,  458,  365,  381,  987,  779,  799,  599],
        [  854,  854,  111,  321,  611,  798,  563,  290,  568,  479,  571,  480,  887,  359,  393,  964,  191,  455,  124,  612,  725,  454,  550,  260,  483,  677,  433,  533,  342,  789,  520,  858,  216,  363,  694,  861,  613,  503,  755,  321,  458,  773,  337,  920,  499,  474,   64,  405,  485,  316,  472,  754,  547,  428,  967,  930,  384,  577,  882,  826,  205,  819, 1047,  221,  630,    0,  527,  332,  399,  411,  654,  379,  402,  330,  424,  667,  783,  429],
        [  640,  640,  449,  221,  291,  422,  348,  248,   99,  278,  568,   74,  825,  419,  258,  658,  580,  833,  407,  460,  413,  554,  847,  601,  738,  667,  630,  822,  757,  720,  226,  592,  664,  213,  496,  506,  826,   62,  452,  394,  804,  379,  352,  907,  529,   79,  464,  451,   49,  589,  424,  677,  568,  831,  459,  812,  792,  636,  713,  518,  345,  871,  854,  530,  885,  527,    0,  216,  686,  352,  360,  428,  521,  516,  332,  299,  434,  293],
        [  752,  752,  240,  136,  422,  593,  431,   44,  238,  335,  581,  200,  883,  235,  260,  810,  434,  712,  226,  529,  554,  519,  759,  475,  660,  694,  565,  735,  617,  775,  328,  724,  505,  186,  591,  672,  771,  178,  592,  199,  694,  555,  164,  949,  522,  195,  270,  280,  169,  488,  435,  733,  570,  699,  674,  893,  656,  629,  811,  664,  134,  885,  967,  404,  816,  332,  216,    0,  591,  348,  487,  390,  472,  437,  193,  457,  593,  313],
        [  646,  646,  484,  483,  580,  731,  485,  552,  769,  464,  318,  614,  572,  726,  435,  800,  208,  168,  403,  453,  633,  202,  169,  140,   84,  380,  102,  146,  170,  499,  535,  688,  227,  475,  529,  759,  215,  700,  646,  683,  125,  729,  682,  573,  271,  609,  416,  777,  667,  104,  339,  478,  289,  188, 1011,  641,  173,  271,  636,  696,  524,  455,  787,  197,  235,  399,  686,  591,    0,  361,  581,  276,  194,  171,  756,  643,  699,  421],
        [  448,  448,  411,  213,  232,  408,  157,  328,  447,  104,  234,  278,  538,  565,   99,  553,  338,  523,  310,  206,  323,  203,  509,  322,  397,  346,  287,  483,  476,  431,  175,  448,  426,  168,  285,  460,  476,  383,  349,  522,  485,  394,  499,  601,  181,  274,  372,  615,  347,  281,   87,  389,  227,  532,  655,  556,  502,  291,  488,  418,  369,  540,  652,  269,  537,  411,  352,  348,  361,    0,  256,   86,  176,  196,  541,  296,  386,   63],
        [  280,  280,  632,  377,   70,  154,  101,  489,  453,  177,  316,  313,  486,  722,  266,  325,  592,  748,  541,  156,   71,  385,  701,  572,  592,  375,  487,  675,  719,  388,  160,  239,  680,  321,  148,  207,  629,  418,  106,  685,  703,  149,  651,  578,  323,  314,  607,  766,  388,  521,  243,  349,  334,  765,  447,  458,  739,  397,  355,  180,  563,  573,  495,  524,  702,  654,  360,  487,  581,  256,    0,  326,  389,  436,  662,   89,  131,  227],
        [  477,  477,  402,  258,  311,  479,  226,  363,  519,  189,  205,  354,  523,  588,  170,  601,  272,  439,  298,  239,  388,  131,  425,  247,  314,  318,  204,  399,  396,  420,  260,  491,  358,  228,  323,  523,  400,  453,  410,  544,  399,  469,  527,  573,  137,  349,  351,  640,  417,  199,   97,  381,  187,  449,  738,  556,  420,  241,  503,  473,  383,  498,  668,  203,  458,  379,  428,  390,  276,   86,  326,    0,   94,  113,  580,  375,  453,  146],
        [  490,  490,  447,  345,  387,  540,  292,  441,  612,  276,  174,  447,  486,  655,  264,  630,  254,  361,  346,  271,  443,   54,  334,  207,  222,  276,  111,  308,  336,  390,  347,  518,  327,  319,  352,  573,  307,  545,  459,  611,  317,  536,  598,  521,  105,  442,  388,  708,  510,  142,  146,  357,  147,  377,  818,  533,  353,  178,  499,  515,  446,  431,  661,  192,  365,  402,  521,  472,  194,  176,  389,   94,    0,   75,  658,  450,  510,  238],
        [  560,  560,  383,  319,  424,  590,  337,  401,  601,  300,  248,  444,  559,  603,  265,  696,  180,  329,  284,  334,  496,  124,  333,  140,  226,  349,  129,  307,  283,  464,  369,  584,  257,  305,  417,  630,  335,  532,  515,  558,  293,  581,  549,  590,  179,  438,  320,  655,  498,   86,  198,  431,  221,  337,  850,  607,  307,  247,  572,  575,  393,  495,  735,  117,  381,  330,  516,  437,  171,  196,  436,  113,   75,    0,  615,  488,  562,  253],
        [  935,  935,  313,  329,  594,  749,  617,  218,  289,  523,  773,  353, 1076,  112,  451,  978,  575,  857,  359,  718,  725,  706,  923,  628,  831,  886,  743,  901,  752,  967,  506,  901,  630,  377,  777,  831,  948,  271,  764,  119,  848,  707,   89, 1141,  713,  351,  372,  126,  289,  654,  627,  925,  762,  838,  761, 1083,  794,  820,  998,  834,  236, 1076, 1151,  561,  987,  424,  332,  193,  756,  541,  662,  580,  658,  615,    0,  619,  756,  505],
        [  351,  351,  631,  366,   65,  137,  161,  466,  385,  198,  398,  266,  571,  689,  275,  360,  630,  809,  548,  242,  117,  453,  772,  618,  662,  463,  554,  746,  770,  475,  148,  295,  719,  313,  235,  215,  708,  360,  155,  656,  766,  106,  618,  665,  396,  269,  614,  730,  334,  574,  305,  437,  413,  823,  371,  539,  794,  478,  432,  219,  550,  661,  561,  563,  779,  667,  299,  457,  643,  296,   89,  375,  450,  488,  619,    0,  138,  251],
        [  249,  249,  756,  495,  177,   41,  230,  601,  515,  305,  411,  404,  501,  826,  392,  224,  722,  866,  668,  252,   67,  500,  808,  699,  703,  443,  602,  783,  843,  420,  274,  177,  809,  440,  199,   80,  724,  495,   65,  792,  819,   76,  755,  601,  433,  406,  734,  867,  470,  646,  366,  389,  434,  885,  373,  450,  862,  490,  337,   92,  681,  623,  444,  653,  799,  783,  434,  593,  699,  386,  131,  453,  510,  562,  756,  138,    0,  355],
        [  453,  453,  412,  181,  189,  373,  138,  300,  389,   53,  282,  220,  572,  539,   54,  541,  380,  582,  317,  218,  297,  264,  571,  373,  459,  389,  348,  544,  529,  463,  117,  441,  470,  128,  289,  433,  537,  327,  328,  498,  544,  353,  471,  641,  237,  216,  382,  588,  291,  337,  134,  421,  279,  589,  600,  581,  557,  345,  503,  399,  355,  589,  664,  314,  599,  429,  293,  313,  421,   63,  227,  146,  238,  253,  505,  251,  355,    0]
    ]
}
