{
    "name": "random-38-16487",
    "comment": "size=38 seed=16487",
    "nodes": ["+0", "-0", "+1", "-1", "+2", "-2", "+3", "-3", "+4", "-4", "+5", "-5", "+6", "-6", "+7", "-7", "+8", "-8", "+9", "-9", "+10", "-10", "+11", "-11", "+12", "-12", "+13", "-13", "+14", "-14", "+15", "-15", "+16", "-16", "+17", "-17", "+18", "-18", "+19", "-19", "+20", "-20", "+21", "-21", "+22", "-22", "+23", "-23", "+24", "-24", "+25", "-25", "+26", "-26", "+27", "-27", "+28", "-28", "+29", "-29", "+30", "-30", "+31", "-31", "+32", "-32", "+33", "-33", "+34", "-34", "+35", "-35", "+36", "-36", "+37", "-37", "+38", "-38"],
    "precedence": {
        "+0": "-0",
        "+1": "-1",
        "+2": "-2",
        "+3": "-3",
        "+4": "-4",
        "+5": "-5",
        "+6": "-6",
        "+7": "-7",
        "+8": "-8",
        "+9": "-9",
        "+10": "-10",
        "+11": "-11",
        "+12": "-12",
        "+13": "-13",
        "+14": "-14",
        "+15": "-15",
        "+16": "-16",
        "+17": "-17",
        "+18": "-18",
        "+19": "-19",
        "+20": "-20",
        "+21": "-21",
        "+22": "-22",
        "+23": "-23",
        "+24": "-24",
        "+25": "-25",
        "+26": "-26",
        "+27": "-27",
        "+28": "-28",
        "+29": "-29",
        "+30": "-30",
        "+31": "-31",
        "+32": "-32",
        "+33": "-33",
        "+34": "-34",
        "+35": "-35",
        "+36": "-36",
        "+37": "-37",
        "+38": "-38"
    },
    "edges": [
        [    0,    0,  326,  535,  924, 1050,  741,  669,  197,  645,  474,  909,  321,  602,  365,  510,  911,  243,  562,  737,  341,  326,  773,  906,  572,  381,  549,  135,  795,  767,  601,  461, 1029,  424,  719,  302,  743,  229,  822,  956,  889,  449,  640,  890,  500,  480,  739,  418,  673,  625,  909,  806,  589,  198,  581,  686,  608,  499,  989,  807,  299,  650,  812,  575,  572,  667,  768,  702,  886,  899,  699,  225,  467, 1066,  465,  979,  488,  930],
        [    0,    0,  326,  535,  924, 1050,  741,  669,  197,  645,  474,  909,  321,  602,  365,  510,  911,  243,  562,  737,  341,  326,  773,  906,  572,  381,  549,  135,  795,  767,  601,  461, 1029,  424,  719,  302,  743,  229,  822,  956,  889,  449,  640,  890,  500,  480,  739,  418,  673,  625,  909,  806,  589,  198,  581,  686,  608,  499,  989,  807,  299,  650,  812,  575,  572,  667,  768,  702,  886,  899,  699,  225,  467, 1066,  465,  979,  488,  930],
        [  326,  326,    0,  210,  614,  726,  416,  444,  130,  400,  531,  606,  502,  366,  387,  454,  593,  204,  257,  604,   79,  529,  532,  581,  361,  301,  261,  247,  496,  472,  338,  388,  705,  102,  394,  222,  479,  322,  497,  631,  572,  176,  441,  565,  227,  211,  473,  503,  348,  319,  706,  503,  433,  282,  284,  378,  412,  192,  666,  529,  242,  519,  488,  270,  260,  370,  449,  383,  561,  727,  507,  423,  228,  740,  552,  664,  368,  654],
        [  535,  535,  210,    0,  427,  518,  208,  383,  339,  331,  654,  427,  677,  317,  521,  534,  396,  379,  127,  600,  218,  709,  437,  373,  338,  408,  171,  447,  328,  317,  257,  474,  497,  116,  185,  368,  364,  500,  287,  421,  378,  182,  408,  357,  192,  190,  355,  643,  140,  166,  631,  333,  445,  468,  166,  207,  393,  111,  460,  389,  390,  529,  279,  141,  109,  223,  251,  192,  351,  676,  468,  611,  237,  531,  687,  469,  424,  507],
        [  924,  924,  614,  427,    0,  214,  302,  703,  739,  357, 1074,  495, 1103,  393,  945,  687,   68,  711,  496,  940,  641, 1134,  697,  180,  705,  829,  546,  860,  489,  174,  600,  657,  331,  538,  268,  670,  617,  813,  245,  233,   64,  600,  750,  281,  432,  598,  608, 1067,  303,  475,  876,  124,  528,  797,  344,  450,  455,  523,  342,  585,  687,  890,  210,  350,  472,  498,  179,  236,  243,  950,  792, 1033,  645,  288, 1109,   67,  827,  639],
        [ 1050, 1050,  726,  518,  214,    0,  326,  679,  856,  555, 1112,  387, 1179,  586,  999,  884,  173,  862,  539,  906,  732, 1213,  641,  146,  711,  880,  581,  964,  431,  369,  605,  848,  155,  634,  333,  830,  571,  974,  240,  118,  198,  661,  734,  206,  590,  648,  563, 1117,  379,  496,  792,  317,  729,  952,  497,  448,  656,  587,  191,  517,  849,  875,  240,  494,  519,  494,  290,  355,  186,  876,  760, 1122,  690,   84, 1153,  156,  851,  530],
        [  741,  741,  416,  208,  302,  326,    0,  402,  545,  407,  794,  269,  854,  415,  676,  689,  247,  581,  215,  639,  411,  888,  404,  183,  408,  557,  260,  646,  212,  285,  301,  636,  290,  318,   63,  564,  322,  701,   86,  219,  240,  336,  449,  150,  345,  323,  312,  795,   87,  179,  592,  265,  565,  671,  267,  149,  498,  262,  254,  304,  585,  590,   98,  250,  194,  197,  143,  144,  147,  659,  491,  798,  367,  327,  834,  320,  538,  390],
        [  669,  669,  444,  383,  703,  679,  402,    0,  513,  713,  479,  342,  617,  700,  413,  884,  645,  645,  257,  238,  375,  655,  107,  560,   98,  316,  215,  536,  253,  661,  126,  820,  568,  376,  445,  666,  119,  756,  466,  562,  640,  270,   59,  474,  568,  236,  124,  505,  424,  241,  263,  655,  821,  712,  547,  254,  774,  290,  518,  193,  686,  197,  495,  522,  278,  206,  538,  510,  500,  295,   91,  604,  219,  641,  527,  716,  228,  289],
        [  197,  197,  130,  339,  739,  856,  545,  513,    0,  493,  473,  720,  401,  454,  332,  461,  721,  163,  371,  631,  152,  423,  611,  711,  420,  284,  363,  129,  608,  590,  426,  398,  833,  228,  523,  212,  570,  250,  626,  760,  700,  265,  496,  693,  330,  299,  565,  433,  478,  433,  768,  625,  484,  205,  401,  494,  482,  306,  793,  628,  224,  542,  617,  391,  378,  480,  577,  511,  690,  774,  560,  313,  297,  869,  484,  791,  378,  753],
        [  645,  645,  400,  331,  357,  555,  407,  713,  493,    0,  929,  675,  893,   44,  786,  331,  383,  406,  456,  930,  464,  916,  759,  450,  667,  691,  502,  622,  607,  188,  588,  302,  623,  382,  345,  353,  680,  485,  431,  519,  357,  492,  739,  509,  175,  510,  671,  902,  330,  483,  954,  240,  175,  481,  167,  503,  102,  435,  610,  689,  364,  856,  391,  192,  436,  535,  302,  265,  479, 1004,  799,  806,  554,  612,  952,  423,  734,  791],
        [  474,  474,  531,  654, 1074, 1112,  794,  479,  473,  929,    0,  817,  209,  896,  145,  931, 1032,  630,  582,  381,  466,  240,  571,  975,  412,  247,  535,  376,  717,  969,  511,  870, 1027,  559,  810,  684,  596,  681,  876,  997, 1019,  475,  422,  911,  755,  477,  599,   63,  771,  618,  608,  986,  952,  639,  793,  666,  940,  552,  977,  670,  694,  326,  891,  774,  605,  622,  895,  842,  927,  558,  441,  270,  430, 1091,   50, 1107,  264,  761],
        [  909,  909,  606,  427,  495,  387,  269,  342,  720,  675,  817,    0,  935,  682,  734,  948,  427,  798,  351,  541,  569,  973,  272,  317,  409,  622,  360,  790,  114,  540,  326,  892,  247,  506,  330,  794,  223,  920,  265,  283,  436,  461,  400,  214,  600,  432,  219,  838,  349,  288,  406,  508,  832,  884,  531,  228,  765,  416,  200,  152,  816,  530,  308,  511,  347,  242,  392,  411,  253,  491,  405,  904,  454,  328,  864,  479,  557,  146],
        [  321,  321,  502,  677, 1103, 1179,  854,  617,  401,  893,  209,  935,    0,  855,  205,  823, 1072,  531,  641,  574,  462,   39,  720, 1035,  531,  313,  604,  275,  826,  972,  611,  768, 1117,  565,  854,  591,  725,  547,  939, 1069, 1054,  518,  567,  988,  725,  534,  725,  149,  811,  691,  792, 1000,  878,  513,  785,  748,  881,  593, 1069,  799,  595,  506,  944,  770,  660,  712,  928,  867,  997,  752,  603,   98,  496, 1172,  176, 1146,  390,  905],
        [  602,  602,  366,  317,  393,  586,  415,  700,  454,   44,  896,  682,  855,    0,  753,  299,  415,  363,  443,  911,  433,  877,  751,  474,  649,  661,  486,  582,  609,  221,  574,  265,  646,  356,  354,  310,  674,  442,  447,  543,  389,  468,  722,  526,  145,  489,  665,  868,  334,  474,  946,  272,  153,  437,  159,  500,   84,  417,  630,  687,  321,  835,  409,  183,  424,  529,  322,  278,  498,  993,  784,  767,  531,  639,  918,  459,  709,  793],
        [  365,  365,  387,  521,  945,  999,  676,  413,  332,  786,  145,  734,  205,  753,    0,  792,  907,  492,  461,  394,  324,  243,  516,  858,  328,  119,  418,  248,  627,  832,  413,  730,  926,  420,  685,  544,  522,  553,  760,  886,  892,  346,  363,  802,  612,  353,  522,  123,  644,  505,  598,  852,  809,  509,  653,  558,  796,  423,  877,  596,  555,  315,  770,  634,  483,  518,  766,  711,  814,  568,  402,  207,  310,  985,  168,  982,  186,  701],
        [  510,  510,  454,  534,  687,  884,  689,  884,  461,  331,  931,  948,  823,  299,  792,    0,  713,  301,  649, 1058,  532,  833,  959,  771,  810,  737,  678,  560,  859,  518,  766,   66,  940,  508,  633,  249,  892,  286,  734,  839,  687,  619,  889,  815,  349,  650,  884,  886,  603,  698, 1145,  570,  164,  313,  423,  740,  233,  600,  921,  923,  237,  972,  701,  440,  638,  756,  616,  565,  790, 1175,  956,  726,  677,  937,  937,  753,  818, 1040],
        [  911,  911,  593,  396,   68,  173,  247,  645,  721,  383, 1032,  427, 1072,  415,  907,  713,    0,  708,  451,  882,  613, 1104,  635,  112,  654,  790,  500,  838,  425,  197,  547,  678,  269,  510,  223,  672,  555,  815,  183,  168,   27,  562,  695,  214,  431,  556,  546, 1028,  263,  425,  811,  145,  557,  797,  339,  394,  484,  485,  277,  521,  690,  836,  151,  340,  428,  442,  146,  210,  175,  886,  734, 1006,  603,  236, 1069,   75,  780,  572],
        [  243,  243,  204,  379,  711,  862,  581,  645,  163,  406,  630,  798,  531,  363,  492,  301,  708,    0,  454,  785,  271,  546,  735,  723,  557,  445,  464,  262,  692,  545,  542,  241,  868,  296,  544,   61,  682,  122,  653,  781,  684,  379,  636,  729,  279,  414,  676,  586,  501,  515,  906,  589,  350,   91,  369,  571,  366,  392,  834,  731,   65,  697,  633,  369,  454,  569,  573,  508,  717,  920,  702,  436,  427,  890,  637,  770,  536,  856],
        [  562,  562,  257,  127,  496,  539,  215,  257,  371,  456,  582,  351,  641,  443,  461,  649,  451,  454,    0,  480,  222,  676,  313,  397,  222,  343,   52,  451,  240,  419,  132,  587,  481,  159,  230,  458,  243,  575,  300,  428,  439,  125,  285,  348,  316,  109,  235,  581,  194,   64,  506,  423,  570,  537,  290,  124,  519,   66,  437,  280,  480,  414,  310,  265,   25,  115,  318,  274,  356,  550,  344,  590,  153,  532,  620,  526,  331,  403],
        [  737,  737,  604,  600,  940,  906,  639,  238,  631,  930,  381,  541,  574,  911,  394, 1058,  882,  785,  480,    0,  526,  610,  270,  793,  263,  358,  431,  604,  476,  894,  352,  992,  784,  565,  681,  820,  336,  880,  702,  790,  877,  449,  195,  703,  772,  424,  343,  432,  659,  475,  231,  891, 1019,  834,  766,  491,  980,  495,  734,  394,  838,   89,  732,  741,  503,  443,  774,  744,  732,  178,  149,  600,  387,  861,  429,  952,  255,  439],
        [  341,  341,   79,  218,  641,  732,  411,  375,  152,  464,  466,  569,  462,  433,  324,  532,  613,  271,  222,  526,    0,  493,  468,  586,  287,  229,  212,  235,  457,  513,  278,  467,  694,  104,  400,  297,  421,  382,  496,  629,  594,  115,  367,  557,  290,  149,  416,  444,  355,  284,  635,  538,  509,  340,  331,  346,  484,  158,  652,  478,  316,  440,  493,  313,  232,  329,  468,  406,  558,  652,  433,  394,  156,  737,  492,  686,  290,  603],
        [  326,  326,  529,  709, 1134, 1213,  888,  655,  423,  916,  240,  973,   39,  877,  243,  833, 1104,  546,  676,  610,  493,    0,  758, 1069,  569,  351,  640,  296,  863, 1000,  648,  780, 1153,  596,  887,  606,  763,  554,  973, 1104, 1086,  553,  605, 1024,  750,  569,  764,  181,  843,  727,  829, 1029,  894,  522,  812,  785,  901,  627, 1106,  837,  609,  543,  977,  798,  695,  748,  960,  899, 1032,  787,  641,  112,  532, 1207,  203, 1178,  428,  944],
        [  773,  773,  532,  437,  697,  641,  404,  107,  611,  759,  571,  272,  720,  751,  516,  959,  635,  735,  313,  270,  468,  758,    0,  538,  203,  422,  282,  640,  213,  681,  196,  895,  515,  454,  456,  751,   83,  849,  453,  527,  634,  357,  154,  442,  628,  322,   92,  603,  446,  277,  196,  668,  882,  807,  593,  265,  829,  360,  465,  125,  772,  262,  488,  569,  329,  226,  546,  531,  474,  256,  136,  710,  314,  592,  620,  700,  331,  190],
        [  906,  906,  581,  373,  180,  146,  183,  560,  711,  450,  975,  317, 1035,  474,  858,  771,  112,  723,  397,  793,  586, 1069,  538,    0,  581,  739,  441,  819,  325,  273,  474,  729,  174,  488,  188,  695,  461,  838,   99,   69,  125,  517,  613,  103,  457,  505,  452,  977,  234,  358,  707,  227,  625,  813,  366,  316,  551,  442,  171,  420,  715,  754,   94,  359,  376,  364,  158,  218,   66,  786,  645,  977,  549,  170, 1015,  165,  716,  462],
        [  572,  572,  361,  338,  705,  711,  408,   98,  420,  667,  412,  409,  531,  649,  328,  810,  654,  557,  222,  263,  287,  569,  203,  581,    0,  223,  171,  439,  306,  640,  108,  744,  616,  306,  439,  583,  195,  665,  483,  594,  645,  192,   80,  506,  510,  163,  195,  430,  410,  230,  350,  642,  759,  621,  504,  265,  718,  233,  566,  269,  602,  193,  505,  479,  246,  218,  531,  493,  527,  366,  147,  512,  134,  683,  457,  727,  149,  378],
        [  381,  381,  301,  408,  829,  880,  557,  316,  284,  691,  247,  622,  313,  661,  119,  737,  790,  445,  343,  358,  229,  351,  422,  739,  223,    0,  300,  247,  513,  723,  298,  672,  808,  315,  568,  489,  416,  528,  641,  767,  775,  230,  274,  683,  517,  235,  416,  239,  528,  386,  533,  740,  733,  483,  549,  440,  712,  307,  760,  489,  504,  271,  652,  529,  365,  401,  651,  597,  696,  519,  325,  289,  191,  867,  280,  865,  108,  601],
        [  549,  549,  261,  171,  546,  581,  260,  215,  363,  502,  535,  360,  604,  486,  418,  678,  500,  464,   52,  431,  212,  640,  282,  441,  171,  300,    0,  431,  247,  470,   90,  614,  513,  174,  279,  474,  220,  583,  343,  468,  488,  101,  238,  385,  354,   74,  213,  537,  245,   88,  470,  475,  607,  543,  336,  146,  560,   78,  467,  269,  495,  363,  356,  312,   76,  119,  369,  326,  397,  509,  298,  558,  110,  569,  574,  575,  281,  394],
        [  135,  135,  247,  447,  860,  964,  646,  536,  129,  622,  376,  790,  275,  582,  248,  560,  838,  262,  451,  604,  235,  296,  640,  819,  439,  247,  431,    0,  677,  716,  475,  502,  928,  331,  632,  320,  615,  306,  729,  863,  818,  331,  505,  791,  458,  359,  612,  327,  586,  512,  774,  748,  604,  264,  527,  573,  607,  391,  886,  681,  326,  517,  725,  515,  464,  550,  693,  629,  792,  765,  564,  185,  341,  972,  378,  909,  354,  803],
        [  795,  795,  496,  328,  489,  431,  212,  253,  608,  607,  717,  114,  826,  609,  627,  859,  425,  692,  240,  476,  457,  863,  213,  325,  306,  513,  247,  677,    0,  496,  216,  801,  316,  397,  272,  691,  141,  813,  244,  315,  427,  348,  311,  230,  511,  318,  133,  735,  278,  178,  387,  475,  754,  776,  452,  123,  691,  305,  266,   97,  713,  449,  283,  430,  239,  129,  353,  353,  261,  462,  330,  792,  341,  389,  763,  489,  454,  185],
        [  767,  767,  472,  317,  174,  369,  285,  661,  590,  188,  969,  540,  972,  221,  832,  518,  197,  545,  419,  894,  513, 1000,  681,  273,  640,  723,  470,  716,  496,    0,  542,  485,  447,  413,  227,  501,  599,  643,  278,  341,  171,  498,  699,  348,  269,  505,  589,  954,  237,  420,  873,   53,  361,  630,  190,  417,  288,  425,  441,  589,  517,  832,  235,  203,  395,  460,  148,  151,  313,  936,  751,  895,  553,  428,  999,  239,  740,  671],
        [  601,  601,  338,  257,  600,  605,  301,  126,  426,  588,  511,  326,  611,  574,  413,  766,  547,  542,  132,  352,  278,  648,  196,  474,  108,  298,   90,  475,  216,  542,    0,  702,  516,  259,  335,  556,  144,  658,  376,  489,  539,  164,  157,  401,  443,  130,  140,  524,  309,  126,  381,  541,  697,  616,  421,  159,  648,  167,  467,  207,  577,  292,  398,  397,  153,  112,  428,  394,  421,  420,  213,  578,  135,  581,  555,  620,  248,  330],
        [  461,  461,  388,  474,  657,  848,  636,  820,  398,  302,  870,  892,  768,  265,  730,   66,  678,  241,  587,  992,  467,  780,  895,  729,  744,  672,  614,  502,  801,  485,  702,    0,  896,  444,  582,  186,  829,  244,  686,  796,  652,  553,  824,  767,  293,  585,  821,  826,  550,  637, 1081,  537,  156,  264,  373,  680,  213,  536,  874,  862,  177,  907,  654,  387,  576,  694,  572,  518,  744, 1109,  890,  671,  612,  897,  877,  723,  752,  980],
        [ 1029, 1029,  705,  497,  331,  155,  290,  568,  833,  623, 1027,  247, 1117,  646,  926,  940,  269,  868,  481,  784,  694, 1153,  515,  174,  616,  808,  513,  928,  316,  447,  516,  896,    0,  605,  325,  846,  453,  986,  216,  106,  290,  606,  626,  140,  615,  585,  447, 1039,  367,  426,  650,  400,  797,  958,  526,  369,  724,  539,   51,  391,  867,  763,  242,  516,  466,  408,  325,  379,  154,  737,  642, 1070,  621,   82, 1071,  289,  763,  384],
        [  424,  424,  102,  116,  538,  634,  318,  376,  228,  382,  559,  506,  565,  356,  420,  508,  510,  296,  159,  565,  104,  596,  454,  488,  306,  315,  174,  331,  397,  413,  259,  444,  605,    0,  301,  301,  393,  417,  400,  534,  491,  116,  385,  466,  212,  144,  386,  541,  255,  220,  638,  436,  455,  379,  235,  278,  418,   98,  566,  437,  323,  484,  395,  215,  160,  274,  365,  303,  464,  668,  450,  496,  179,  643,  588,  583,  353,  561],
        [  719,  719,  394,  185,  268,  333,   63,  445,  523,  345,  810,  330,  854,  354,  685,  633,  223,  544,  230,  681,  400,  887,  456,  188,  439,  568,  279,  632,  272,  227,  335,  582,  325,  301,    0,  521,  374,  662,  110,  240,  210,  340,  488,  189,  294,  334,  365,  806,   46,  209,  647,  212,  506,  634,  210,  194,  437,  263,  296,  363,  542,  626,   94,  196,  206,  240,   94,   82,  173,  712,  535,  792,  380,  349,  847,  298,  560,  452],
        [  302,  302,  222,  368,  670,  830,  564,  666,  212,  353,  684,  794,  591,  310,  544,  249,  672,   61,  458,  820,  297,  606,  751,  695,  583,  489,  474,  320,  691,  501,  556,  186,  846,  301,  521,    0,  694,  144,  631,  756,  647,  397,  663,  709,  242,  431,  687,  641,  481,  516,  928,  547,  290,  130,  334,  569,  307,  399,  816,  737,   22,  733,  608,  337,  454,  572,  542,  478,  694,  948,  729,  496,  450,  864,  692,  731,  574,  861],
        [  743,  743,  479,  364,  617,  571,  322,  119,  570,  680,  596,  223,  725,  674,  522,  892,  555,  682,  243,  336,  421,  763,   83,  461,  195,  416,  220,  615,  141,  599,  144,  829,  453,  393,  374,  694,    0,  800,  373,  455,  554,  308,  178,  368,  555,  273,   10,  620,  365,  200,  276,  585,  808,  759,  516,  183,  753,  297,  403,   75,  715,  311,  408,  491,  256,  146,  464,  449,  398,  338,  190,  704,  276,  528,  643,  622,  340,  189],
        [  229,  229,  322,  500,  813,  974,  701,  756,  250,  485,  681,  920,  547,  442,  553,  286,  815,  122,  575,  880,  382,  554,  849,  838,  665,  528,  583,  306,  813,  643,  658,  244,  986,  417,  662,  144,  800,    0,  771,  898,  791,  494,  743,  848,  385,  529,  794,  629,  620,  637, 1015,  689,  388,   46,  478,  693,  424,  512,  954,  851,  126,  791,  750,  480,  575,  690,  685,  621,  834, 1024,  808,  450,  538, 1006,  679,  874,  626,  976],
        [  822,  822,  497,  287,  245,  240,   86,  466,  626,  431,  876,  265,  939,  447,  760,  734,  183,  653,  300,  702,  496,  973,  453,   99,  483,  641,  343,  729,  244,  278,  376,  686,  216,  400,  110,  631,  373,  771,    0,  135,  183,  421,  517,   82,  401,  408,  364,  879,  153,  259,  631,  244,  599,  743,  314,  218,  528,  347,  188,  340,  651,  659,   44,  302,  279,  267,  133,  170,   65,  705,  553,  883,  451,  244,  916,  250,  617,  403],
        [  956,  956,  631,  421,  233,  118,  219,  562,  760,  519,  997,  283, 1069,  543,  886,  839,  168,  781,  428,  790,  629, 1104,  527,   69,  594,  767,  468,  863,  315,  341,  489,  796,  106,  534,  240,  756,  455,  898,  135,    0,  186,  552,  617,   89,  520,  536,  447, 1003,  284,  382,  685,  295,  693,  872,  430,  332,  619,  479,  110,  405,  776,  758,  149,  421,  409,  377,  224,  282,   73,  767,  643, 1015,  577,  110, 1039,  201,  735,  429],
        [  889,  889,  572,  378,   64,  198,  240,  640,  700,  357, 1019,  436, 1054,  389,  892,  687,   27,  684,  439,  877,  594, 1086,  634,  125,  645,  775,  488,  818,  427,  171,  539,  652,  290,  491,  210,  647,  554,  791,  183,  186,    0,  547,  689,  223,  406,  542,  545, 1013,  248,  415,  813,  119,  532,  772,  315,  388,  458,  469,  294,  523,  665,  829,  147,  317,  415,  436,  127,  190,  184,  887,  729,  987,  589,  260, 1055,   92,  769,  579],
        [  449,  449,  176,  182,  600,  661,  336,  270,  265,  492,  475,  461,  518,  468,  346,  619,  562,  379,  125,  449,  115,  553,  357,  517,  192,  230,  101,  331,  348,  498,  164,  553,  606,  116,  340,  397,  308,  494,  421,  552,  547,    0,  272,  473,  326,   35,  302,  467,  299,  183,  532,  513,  570,  452,  336,  244,  533,   78,  561,  364,  418,  369,  427,  313,  143,  220,  422,  368,  480,  557,  338,  465,   63,  656,  509,  637,  246,  489],
        [  640,  640,  441,  408,  750,  734,  449,   59,  496,  739,  422,  400,  567,  722,  363,  889,  695,  636,  285,  195,  367,  605,  154,  613,   80,  274,  238,  505,  311,  699,  157,  824,  626,  385,  488,  663,  178,  743,  517,  617,  689,  272,    0,  529,  586,  242,  182,  451,  464,  281,  273,  697,  836,  699,  573,  302,  793,  306,  576,  251,  682,  142,  545,  549,  308,  253,  581,  550,  554,  286,   67,  559,  213,  699,  470,  766,  178,  342],
        [  890,  890,  565,  357,  281,  206,  150,  474,  693,  509,  911,  214,  988,  526,  802,  815,  214,  729,  348,  703,  557, 1024,  442,  103,  506,  683,  385,  791,  230,  348,  401,  767,  140,  466,  189,  709,  368,  848,   82,   89,  223,  473,  529,    0,  481,  455,  361,  918,  229,  298,  607,  309,  679,  819,  395,  246,  607,  403,  108,  321,  730,  670,  118,  383,  331,  290,  208,  251,   39,  686,  556,  937,  494,  184,  953,  267,  648,  359],
        [  500,  500,  227,  192,  432,  590,  345,  568,  330,  175,  755,  600,  725,  145,  612,  349,  431,  279,  316,  772,  290,  750,  628,  457,  510,  517,  354,  458,  511,  269,  443,  293,  615,  212,  294,  242,  555,  385,  401,  520,  406,  326,  586,  481,    0,  349,  547,  729,  259,  357,  821,  310,  255,  367,   93,  394,  208,  280,  589,  579,  260,  694,  374,  100,  300,  414,  302,  239,  462,  862,  649,  641,  389,  626,  778,  492,  565,  694],
        [  480,  480,  211,  190,  598,  648,  323,  236,  299,  510,  477,  432,  534,  489,  353,  650,  556,  414,  109,  424,  149,  569,  322,  505,  163,  235,   74,  359,  318,  505,  130,  585,  585,  144,  334,  431,  273,  529,  408,  536,  542,   35,  242,  455,  349,    0,  268,  474,  295,  160,  499,  516,  597,  487,  351,  219,  556,   80,  539,  330,  452,  347,  417,  327,  130,  191,  419,  369,  464,  525,  307,  486,   48,  639,  513,  631,  235,  455],
        [  739,  739,  473,  355,  608,  563,  312,  124,  565,  671,  599,  219,  725,  665,  522,  884,  546,  676,  235,  343,  416,  764,   92,  452,  195,  416,  213,  612,  133,  589,  140,  821,  447,  386,  365,  687,   10,  794,  364,  447,  545,  302,  182,  361,  547,  268,    0,  622,  355,  191,  286,  576,  799,  753,  506,  173,  744,  289,  397,   74,  708,  317,  399,  482,  247,  137,  454,  439,  390,  348,  197,  703,  272,  521,  646,  613,  341,  192],
        [  418,  418,  503,  643, 1067, 1117,  795,  505,  433,  902,   63,  838,  149,  868,  123,  886, 1028,  586,  581,  432,  444,  181,  603,  977,  430,  239,  537,  327,  735,  954,  524,  826, 1039,  541,  806,  641,  620,  629,  879, 1003, 1013,  467,  451,  918,  729,  474,  622,    0,  766,  622,  655,  974,  916,  589,  774,  674,  907,  545,  990,  695,  650,  370,  890,  755,  603,  632,  888,  833,  932,  609,  477,  208,  429, 1101,   52, 1103,  282,  792],
        [  673,  673,  348,  140,  303,  379,   87,  424,  478,  330,  771,  349,  811,  334,  644,  603,  263,  501,  194,  659,  355,  843,  446,  234,  410,  528,  245,  586,  278,  237,  309,  550,  367,  255,   46,  481,  365,  620,  153,  284,  248,  299,  464,  229,  259,  295,  355,  766,    0,  185,  640,  233,  483,  591,  182,  183,  417,  222,  336,  363,  502,  600,  140,  164,  170,  224,  125,   86,  217,  700,  515,  748,  342,  394,  807,  338,  525,  461],
        [  625,  625,  319,  166,  475,  496,  179,  241,  433,  483,  618,  288,  691,  474,  505,  698,  425,  515,   64,  475,  284,  727,  277,  358,  230,  386,   88,  512,  178,  420,  126,  637,  426,  220,  209,  516,  200,  637,  259,  382,  415,  183,  281,  298,  357,  160,  191,  622,  185,    0,  472,  417,  609,  599,  317,   62,  553,  128,  380,  225,  538,  418,  277,  293,   63,   58,  302,  270,  311,  525,  331,  645,  197,  482,  658,  498,  359,  346],
        [  909,  909,  706,  631,  876,  792,  592,  263,  768,  954,  608,  406,  792,  946,  598, 1145,  811,  906,  506,  231,  635,  829,  196,  707,  350,  533,  470,  774,  387,  873,  381, 1081,  650,  638,  647,  928,  276, 1015,  631,  685,  813,  532,  273,  607,  821,  499,  286,  655,  640,  472,    0,  857, 1075,  970,  789,  458, 1023,  547,  605,  291,  948,  287,  670,  764,  522,  421,  734,  724,  642,   91,  211,  804,  480,  732,  657,  872,  427,  269],
        [  806,  806,  503,  333,  124,  317,  265,  655,  625,  240,  986,  508, 1000,  272,  852,  570,  145,  589,  423,  891,  538, 1029,  668,  227,  642,  740,  475,  748,  475,   53,  541,  537,  400,  436,  212,  547,  585,  689,  244,  295,  119,  513,  697,  309,  310,  516,  576,  974,  233,  417,  857,    0,  413,  675,  225,  406,  339,  438,  397,  569,  563,  832,  201,  235,  399,  451,  123,  149,  272,  923,  745,  925,  564,  378, 1019,  188,  750,  644],
        [  589,  589,  433,  445,  528,  729,  565,  821,  484,  175,  952,  832,  878,  153,  809,  164,  557,  350,  570, 1019,  509,  894,  882,  625,  759,  733,  607,  604,  754,  361,  697,  156,  797,  455,  506,  290,  808,  388,  599,  693,  532,  570,  836,  679,  255,  597,  799,  916,  483,  609, 1075,  413,    0,  399,  303,  641,   74,  532,  782,  828,  291,  938,  562,  324,  554,  665,  474,  430,  651, 1115,  901,  784,  633,  787,  967,  594,  797,  938],
        [  198,  198,  282,  468,  797,  952,  671,  712,  205,  481,  639,  884,  513,  437,  509,  313,  797,   91,  537,  834,  340,  522,  807,  813,  621,  483,  543,  264,  776,  630,  616,  264,  958,  379,  634,  130,  759,   46,  743,  872,  772,  452,  699,  819,  367,  487,  753,  589,  591,  599,  970,  675,  399,    0,  458,  656,  428,  473,  925,  811,  117,  746,  724,  458,  538,  651,  663,  598,  807,  979,  764,  415,  494,  981,  639,  858,  581,  936],
        [  581,  581,  284,  166,  344,  497,  267,  547,  401,  167,  793,  531,  785,  159,  653,  423,  339,  369,  290,  766,  331,  812,  593,  366,  504,  549,  336,  527,  452,  190,  421,  373,  526,  235,  210,  334,  516,  478,  314,  430,  315,  336,  573,  395,   93,  351,  506,  774,  182,  317,  789,  225,  303,  458,    0,  341,  240,  273,  502,  529,  353,  694,  284,   25,  270,  370,  210,  149,  373,  838,  633,  706,  396,  535,  821,  402,  581,  636],
        [  686,  686,  378,  207,  450,  448,  149,  254,  494,  503,  666,  228,  748,  500,  558,  740,  394,  571,  124,  491,  346,  785,  265,  316,  265,  440,  146,  573,  123,  417,  159,  680,  369,  278,  194,  569,  183,  693,  218,  332,  388,  244,  302,  246,  394,  219,  173,  674,  183,   62,  458,  406,  641,  656,  341,    0,  581,  189,  322,  188,  591,  443,  244,  318,  119,   49,  286,  267,  263,  519,  343,  704,  253,  428,  708,  465,  404,  301],
        [  608,  608,  412,  393,  455,  656,  498,  774,  482,  102,  940,  765,  881,   84,  796,  233,  484,  366,  519,  980,  484,  901,  829,  551,  718,  712,  560,  607,  691,  288,  648,  213,  724,  418,  437,  307,  753,  424,  528,  619,  458,  533,  793,  607,  208,  556,  744,  907,  417,  553, 1023,  339,   74,  428,  240,  581,    0,  487,  710,  768,  313,  901,  490,  263,  501,  608,  401,  360,  578, 1067,  856,  790,  596,  713,  958,  521,  768,  875],
        [  499,  499,  192,  111,  523,  587,  262,  290,  306,  435,  552,  416,  593,  417,  423,  600,  485,  392,   66,  495,  158,  627,  360,  442,  233,  307,   78,  391,  305,  425,  167,  536,  539,   98,  263,  399,  297,  512,  347,  479,  469,   78,  306,  403,  280,   80,  289,  545,  222,  128,  547,  438,  532,  473,  273,  189,  487,    0,  496,  340,  420,  422,  351,  249,   74,  179,  344,  292,  407,  584,  369,  536,  128,  585,  586,  559,  315,  465],
        [  989,  989,  666,  460,  342,  191,  254,  518,  793,  610,  977,  200, 1069,  630,  877,  921,  277,  834,  437,  734,  652, 1106,  465,  171,  566,  760,  467,  886,  266,  441,  467,  874,   51,  566,  296,  816,  403,  954,  188,  110,  294,  561,  576,  108,  589,  539,  397,  990,  336,  380,  605,  397,  782,  925,  502,  322,  710,  496,    0,  341,  837,  713,  221,  490,  422,  360,  309,  357,  132,  691,  592, 1024,  574,  128, 1021,  308,  713,  340],
        [  807,  807,  529,  389,  585,  517,  304,  193,  628,  689,  670,  152,  799,  687,  596,  923,  521,  731,  280,  394,  478,  837,  125,  420,  269,  489,  269,  681,   97,  589,  207,  862,  391,  437,  363,  737,   75,  851,  340,  405,  523,  364,  251,  321,  579,  330,   74,  695,  363,  225,  291,  569,  828,  811,  529,  188,  768,  340,  341,    0,  759,  378,  379,  506,  287,  168,  446,  442,  355,  367,  254,  776,  341,  468,  718,  584,  415,  126],
        [  299,  299,  242,  390,  687,  849,  585,  686,  224,  364,  694,  816,  595,  321,  555,  237,  690,   65,  480,  838,  316,  609,  772,  715,  602,  504,  495,  326,  713,  517,  577,  177,  867,  323,  542,   22,  715,  126,  651,  776,  665,  418,  682,  730,  260,  452,  708,  650,  502,  538,  948,  563,  291,  117,  353,  591,  313,  420,  837,  759,    0,  750,  628,  356,  476,  594,  561,  497,  714,  967,  748,  499,  470,  884,  701,  748,  591,  883],
        [  650,  650,  519,  529,  890,  875,  590,  197,  542,  856,  326,  530,  506,  835,  315,  972,  836,  697,  414,   89,  440,  543,  262,  754,  193,  271,  363,  517,  449,  832,  292,  907,  763,  484,  626,  733,  311,  791,  659,  758,  829,  369,  142,  670,  694,  347,  317,  370,  600,  418,  287,  832,  938,  746,  694,  443,  901,  422,  713,  378,  750,    0,  686,  670,  438,  394,  720,  684,  696,  254,  126,  522,  306,  837,  376,  908,  166,  448],
        [  812,  812,  488,  279,  210,  240,   98,  495,  617,  391,  891,  308,  944,  409,  770,  701,  151,  633,  310,  732,  493,  977,  488,   94,  505,  652,  356,  725,  283,  235,  398,  654,  242,  395,   94,  608,  408,  750,   44,  149,  147,  427,  545,  118,  374,  417,  399,  890,  140,  277,  670,  201,  562,  724,  284,  244,  490,  351,  221,  379,  628,  686,    0,  275,  288,  292,   91,  137,   90,  742,  584,  884,  462,  258,  929,  223,  635,  446],
        [  575,  575,  270,  141,  350,  494,  250,  522,  391,  192,  774,  511,  770,  183,  634,  440,  340,  369,  265,  741,  313,  798,  569,  359,  479,  529,  312,  515,  430,  203,  397,  387,  516,  215,  196,  337,  491,  480,  302,  421,  317,  313,  549,  383,  100,  327,  482,  755,  164,  293,  764,  235,  324,  458,   25,  318,  263,  249,  490,  506,  356,  670,  275,    0,  245,  346,  205,  141,  363,  813,  608,  693,  373,  528,  802,  406,  558,  614],
        [  572,  572,  260,  109,  472,  519,  194,  278,  378,  436,  605,  347,  660,  424,  483,  638,  428,  454,   25,  503,  232,  695,  329,  376,  246,  365,   76,  464,  239,  395,  153,  576,  466,  160,  206,  454,  256,  575,  279,  409,  415,  143,  308,  331,  300,  130,  247,  603,  170,   63,  522,  399,  554,  538,  270,  119,  501,   74,  422,  287,  476,  438,  288,  245,    0,  120,  294,  250,  337,  569,  365,  607,  175,  514,  643,  503,  355,  408],
        [  667,  667,  370,  223,  498,  494,  197,  206,  480,  535,  622,  242,  712,  529,  518,  756,  442,  569,  115,  443,  329,  748,  226,  364,  218,  401,  119,  550,  129,  460,  112,  694,  408,  274,  240,  572,  146,  690,  267,  377,  436,  220,  253,  290,  414,  191,  137,  632,  224,   58,  421,  451,  665,  651,  370,   49,  608,  179,  360,  168,  594,  394,  292,  346,  120,    0,  333,  309,  310,  478,  296,  672,  219,  470,  665,  514,  359,  290],
        [  768,  768,  449,  251,  179,  290,  143,  538,  577,  302,  895,  392,  928,  322,  766,  616,  146,  573,  318,  774,  468,  960,  546,  158,  531,  651,  369,  693,  353,  148,  428,  572,  325,  365,   94,  542,  464,  685,  133,  224,  127,  422,  581,  208,  302,  419,  454,  888,  125,  302,  734,  123,  474,  663,  210,  286,  401,  344,  309,  446,  561,  720,   91,  205,  294,  333,    0,   67,  178,  801,  628,  861,  466,  327,  930,  219,  649,  525],
        [  702,  702,  383,  192,  236,  355,  144,  510,  511,  265,  842,  411,  867,  278,  711,  565,  210,  508,  274,  744,  406,  899,  531,  218,  493,  597,  326,  629,  353,  151,  394,  518,  379,  303,   82,  478,  449,  621,  170,  282,  190,  368,  550,  251,  239,  369,  439,  833,   86,  270,  724,  149,  430,  598,  149,  267,  360,  292,  357,  442,  497,  684,  137,  141,  250,  309,   67,    0,  227,  786,  600,  799,  417,  388,  876,  281,  602,  533],
        [  886,  886,  561,  351,  243,  186,  147,  500,  690,  479,  927,  253,  997,  498,  814,  790,  175,  717,  356,  732,  558, 1032,  474,   66,  527,  696,  397,  792,  261,  313,  421,  744,  154,  464,  173,  694,  398,  834,   65,   73,  184,  480,  554,   39,  462,  464,  390,  932,  217,  311,  642,  272,  651,  807,  373,  263,  578,  407,  132,  355,  714,  696,   90,  363,  337,  310,  178,  227,    0,  721,  584,  943,  505,  180,  968,  230,  666,  398],
        [  899,  899,  727,  676,  950,  876,  659,  295,  774, 1004,  558,  491,  752,  993,  568, 1175,  886,  920,  550,  178,  652,  787,  256,  786,  366,  519,  509,  765,  462,  936,  420, 1109,  737,  668,  712,  948,  338, 1024,  705,  767,  887,  557,  286,  686,  862,  525,  348,  609,  700,  525,   91,  923, 1115,  979,  838,  519, 1067,  584,  691,  367,  967,  254,  742,  813,  569,  478,  801,  786,  721,    0,  220,  775,  499,  818,  605,  950,  412,  358],
        [  699,  699,  507,  468,  792,  760,  491,   91,  560,  799,  441,  405,  603,  784,  402,  956,  734,  702,  344,  149,  433,  641,  136,  645,  147,  325,  298,  564,  330,  751,  213,  890,  642,  450,  535,  729,  190,  808,  553,  643,  729,  338,   67,  556,  649,  307,  197,  477,  515,  331,  211,  745,  901,  764,  633,  343,  856,  369,  592,  254,  748,  126,  584,  608,  365,  296,  628,  600,  584,  220,    0,  605,  280,  717,  490,  803,  222,  323],
        [  225,  225,  423,  611, 1033, 1122,  798,  604,  313,  806,  270,  904,   98,  767,  207,  726, 1006,  436,  590,  600,  394,  112,  710,  977,  512,  289,  558,  185,  792,  895,  578,  671, 1070,  496,  792,  496,  704,  450,  883, 1015,  987,  465,  559,  937,  641,  486,  703,  208,  748,  645,  804,  925,  784,  415,  706,  704,  790,  536, 1024,  776,  499,  522,  884,  693,  607,  672,  861,  799,  943,  775,  605,    0,  453, 1121,  250, 1079,  384,  889],
        [  467,  467,  228,  237,  645,  690,  367,  219,  297,  554,  430,  454,  496,  531,  310,  677,  603,  427,  153,  387,  156,  532,  314,  549,  134,  191,  110,  341,  341,  553,  135,  612,  621,  179,  380,  450,  276,  538,  451,  577,  589,   63,  213,  494,  389,   48,  272,  429,  342,  197,  480,  564,  633,  494,  396,  253,  596,  128,  574,  341,  470,  306,  462,  373,  175,  219,  466,  417,  505,  499,  280,  453,    0,  678,  468,  677,  188,  463],
        [ 1066, 1066,  740,  531,  288,   84,  327,  641,  869,  612, 1091,  328, 1172,  639,  985,  937,  236,  890,  532,  861,  737, 1207,  592,  170,  683,  867,  569,  972,  389,  428,  581,  897,   82,  643,  349,  864,  528, 1006,  244,  110,  260,  656,  699,  184,  626,  639,  521, 1101,  394,  482,  732,  378,  787,  981,  535,  428,  713,  585,  128,  468,  884,  837,  258,  528,  514,  470,  327,  388,  180,  818,  717, 1121,  678,    0, 1134,  235,  828,  465],
        [  465,  465,  552,  687, 1109, 1153,  834,  527,  484,  952,   50,  864,  176,  918,  168,  937, 1069,  637,  620,  429,  492,  203,  620, 1015,  457,  280,  574,  378,  763,  999,  555,  877, 1071,  588,  847,  692,  643,  679,  916, 1039, 1055,  509,  470,  953,  778,  513,  646,   52,  807,  658,  657, 1019,  967,  639,  821,  708,  958,  586, 1021,  718,  701,  376,  929,  802,  643,  665,  930,  876,  968,  605,  490,  250,  468, 1134,    0, 1144,  309,  810],
        [  979,  979,  664,  469,   67,  156,  320,  716,  791,  423, 1107,  479, 1146,  459,  982,  753,   75,  770,  526,  952,  686, 1178,  700,  165,  727,  865,  575,  909,  489,  239,  620,  723,  289,  583,  298,  731,  622,  874,  250,  201,   92,  637,  766,  267,  492,  631,  613, 1103,  338,  498,  872,  188,  594,  858,  402,  465,  521,  559,  308,  584,  748,  908,  223,  406,  503,  514,  219,  281,  230,  950,  803, 1079,  677,  235, 1144,    0,  855,  625],
        [  488,  488,  368,  424,  827,  851,  538,  228,  378,  734,  264,  557,  390,  709,  186,  818,  780,  536,  331,  255,  290,  428,  331,  716,  149,  108,  281,  354,  454,  740,  248,  752,  763,  353,  560,  574,  340,  626,  617,  735,  769,  246,  178,  648,  565,  235,  341,  282,  525,  359,  427,  750,  797,  581,  581,  404,  768,  315,  713,  415,  591,  166,  635,  558,  355,  359,  649,  602,  666,  412,  222,  384,  188,  828,  309,  855,    0,  517],
        [  930,  930,  654,  507,  639,  530,  390,  289,  753,  791,  761,  146,  905,  793,  701, 1040,  572,  856,  403,  439,  603,  944,  190,  462,  378,  601,  394,  803,  185,  671,  330,  980,  384,  561,  452,  861,  189,  976,  403,  429,  579,  489,  342,  359,  694,  455,  192,  792,  461,  346,  269,  644,  938,  936,  636,  301,  875,  465,  340,  126,  883,  448,  446,  614,  408,  290,  525,  533,  398,  358,  323,  889,  463,  465,  810,  625,  517,    0]
    ]
}
