{
    "name": "random-70-19332",
    "comment": "size=70 seed=19332",
    "nodes": ["+0", "-0", "+1", "-1", "+2", "-2", "+3", "-3", "+4", "-4", "+5", "-5", "+6", "-6", "+7", "-7", "+8", "-8", "+9", "-9", "+10", "-10", "+11", "-11", "+12", "-12", "+13", "-13", "+14", "-14", "+15", "-15", "+16", "-16", "+17", "-17", "+18", "-18", "+19", "-19", "+20", "-20", "+21", "-21", "+22", "-22", "+23", "-23", "+24", "-24", "+25", "-25", "+26", "-26", "+27", "-27", "+28", "-28", "+29", "-29", "+30", "-30", "+31", "-31", "+32", "-32", "+33", "-33", "+34", "-34", "+35", "-35", "+36", "-36", "+37", "-37", "+38", "-38", "+39", "-39", "+40", "-40", "+41", "-41", "+42", "-42", "+43", "-43", "+44", "-44", "+45", "-45", "+46", "-46", "+47", "-47", "+48", "-48", "+49", "-49", "+50", "-50", "+51", "-51", "+52", "-52", "+53", "-53", "+54", "-54", "+55", "-55", "+56", "-56", "+57", "-57", "+58", "-58", "+59", "-59", "+60", "-60", "+61", "-61", "+62", "-62", "+63", "-63", "+64", "-64", "+65", "-65", "+66", "-66", "+67", "-67", "+68", "-68", "+69", "-69", "+70", "-70"],
    "precedence": {
        "+0": "-0",
        "+1": "-1",
        "+2": "-2",
        "+3": "-3",
        "+4": "-4",
        "+5": "-5",
        "+6": "-6",
        "+7": "-7",
        "+8": "-8",
        "+9": "-9",
        "+10": "-10",
        "+11": "-11",
        "+12": "-12",
        "+13": "-13",
        "+14": "-14",
        "+15": "-15",
        "+16": "-16",
        "+17": "-17",
        "+18": "-18",
        "+19": "-19",
        "+20": "-20",
        "+21": "-21",
        "+22": "-22",
        "+23": "-23",
        "+24": "-24",
        "+25": "-25",
        "+26": "-26",
        "+27": "-27",
        "+28": "-28",
        "+29": "-29",
        "+30": "-30",
        "+31": "-31",
        "+32": "-32",
        "+33": "-33",
        "+34": "-34",
        "+35": "-35",
        "+36": "-36",
        "+37": "-37",
        "+38": "-38",
        "+39": "-39",
        "+40": "-40",
        "+41": "-41",
        "+42": "-42",
        "+43": "-43",
        "+44": "-44",
        "+45": "-45",
        "+46": "-46",
        "+47": "-47",
        "+48": "-48",
        "+49": "-49",
        "+50": "-50",
        "+51": "-51",
        "+52": "-52",
        "+53": "-53",
        "+54": "-54",
        "+55": "-55",
        "+56": "-56",
        "+57": "-57",
        "+58": "-58",
        "+59": "-59",
        "+60": "-60",
        "+61": "-61",
        "+62": "-62",
        "+63": "-63",
        "+64": "-64",
        "+65": "-65",
        "+66": "-66",
        "+67": "-67",
        "+68": "-68",
        "+69": "-69",
        "+70": "-70"
    },
    "edges": [
        [    0,    0, 1006,  447,  927,  744,  247,  654,  901,  954,  770,  537,  857,  884,  879,  910,  672,  176, 1192, 1067,  306,  705, 1110,  435,  753,  310,  886,  669,  851,  664,   86,  720,  224,  532,  602,  972, 1030,  845,  676,  319,  830,  591,  582,  766, 1052,  190,  722,  543,  550,  990,  306,  948,  691, 1065,  594,  239,  592,  950, 1222,  582,  761,  617,  948,  240, 1022,  382, 1169,  917,  879,  766,  661,  809,  388, 1187,  650,  814,  500, 1097,  627,  957, 1229,  532,  793,  895, 1119,  832,  785,  233,  689,  485, 1110,  438,  386, 1081,  986,  969,   51,  799,  449,  802,  319,  674,  229,  748,  214, 1088,  647,  632,  805,  241,  566,  594,  693,  989, 1213,  900, 1179,  570,  492,  845,  816,  725,  990,  656,  899,  988,  871, 1018,  463,  693,  704,  495,  949,  850,  911,  794, 1040,  841,  505, 1182,  558,  922],
        [    0,    0,    0,    0,    0,    0,    0,    0,    0,    0,    0,    0,    0,    0,    0,    0,    0,    0,    0,    0,    0,    0,    0,    0,    0,    0,    0,    0,    0,    0,    0,    0,    0,    0,    0,    0,    0,    0,    0,    0,    0,    0,    0,    0,    0,    0,    0,    0,    0,    0,    0,    0,    0,    0,    0,    0,    0,    0,    0,    0,    0,    0,    0,    0,    0,    0,    0,    0,    0,    0,    0,    0,    0,    0,    0,    0,    0,    0,    0,    0,    0,    0,    0,    0,    0,    0,    0,    0,    0,    0,    0,    0,    0,    0,    0,    0,    0,    0,    0,    0,    0,    0,    0,    0,    0,    0,    0,    0,    0,    0,    0,    0,    0,    0,    0,    0,    0,    0,    0,    0,    0,    0,    0,    0,    0,    0,    0,    0,    0,    0,    0,    0,    0,    0,    0,    0,    0,    0,    0,    0,    0,    0],
        [ 1006,    0,    0,  737,  611,  565,  835,  517,  107,   61,  337,  477,  215,  402,  436,  135,  469,  867,  189,  400,  846,  587,  274,  638,  260,  697,  146,  438,  512,  607,  979,  726,  886,  483,  584,  342,  229,  288,  458,  787,  334,  579,  558,  452,  341,  866,  467,  680,  496,  263,  803,  562,  662,  266,  460,  774,  584,  421,  220,  511,  452,  634,   58,  769,  163,  637,  267,  108,  418,  375,  349,  741,  619,  255,  468,  749,  657,  231,  414,  160,  260,  474,  215,  219,  261,  328,  482,  804,  320,  672,  294,  666,  631,  330,  315,  356,  977,  512,  747,  208,  779,  581,  817,  342,  801,  115,  360,  385,  241,  863,  582,  545,  570,   33,  223,  107,  310,  615,  541,  166,  368,  476,  265,  714,  740,  342,  300,  219,  601,  697,  352,  682,  599,  314,  540,  609,  360,  435,  568,  176,  552,  560],
        [  447,    0,  737,    0,  484,  766,  481,  251,  651,  677,  420,  413,  537,  483,  821,  611,  630,  274,  921,  665,  152,  742,  747,  485,  487,  298,  667,  308,  423,  226,  484,  278,  230,  304,  182,  857,  855,  492,  298,  129,  460,  622,  188,  721,  665,  258,  685,   99,  483,  625,  511,  511,  245,  898,  282,  272,  628,  874,  953,  227,  358,  177,  688,  290,  819,  227,  819,  631,  810,  673,  471,  367,  307,  846,  602,  372,   83,  747,  328,  759,  901,  356,  565,  724,  761,  464,  369,  420,  445,  583,  740,   91,  370,  699,  856,  860,  454,  374,  606,  573,  130,  710,  228,  406,  275,  783,  426,  475,  498,  507,  164,  598,  721,  733,  904,  641,  815,  628,  439,  613,  436,  321,  837,  212,  454,  599,  741,  667,  161,  796,  572,  601,  957,  484,  899,  834,  920,  784,  179,  900,  186,  917],
        [  927,    0,  611,  484,    0,  971,  905,  303,  591,  563,  345,  649,  423,  212,  934,  490,  825,  752,  735,  289,  635,  968,  441,  813,  502,  702,  645,  348,  120,  264,  953,  248,  714,  533,  332,  898,  823,  344,  320,  609,  301,  881,  365,  879,  329,  737,  863,  386,  726,  362,  913,   59,  244,  865,  433,  719,  888,  955,  762,  395,  236,  310,  594,  731,  762,  604,  519,  524,  917,  800,  598,  192,  660,  558,  803,  196,  427,  468,  442,  728,  624,  587,  582,  741,  462,  306,  192,  846,  522,  903,  423,  494,  719,  363,  880,  908,  928,  159,  956,  586,  608,  944,  700,  361,  733,  579,  549,  635,  438,  935,  374,  845,  945,  629,  659,  572,  488,  905,  719,  597,  274,  253,  838,  295,  142,  288,  803,  417,  494, 1060,  703,  921, 1103,  312, 1038, 1038,  939,  911,  459,  703,  398, 1059],
        [  744,    0,  565,  766,  971,    0,  500,  709,  484,  554,  631,  360,  598,  787,  177,  577,  149,  698,  687,  891,  775,   42,  816,  321,  480,  517,  426,  636,  852,  803,  676,  939,  759,  486,  733,  307,  427,  658,  666,  720,  688,  158,  687,  114,  841,  708,  111,  782,  284,  750,  443,  947,  869,  438,  567,  598,  155,  245,  707,  629,  737,  793,  523,  579,  463,  545,  828,  554,  188,  195,  374, 1002,  469,  819,  174, 1010,  724,  779,  542,  420,  821,  425,  421,  350,  810,  684,  782,  514,  450,  260,  831,  677,  419,  847,  336,  296,  696,  817,  311,  422,  710,   70,  675,  612,  621,  680,  425,  340,  558,  514,  698,  171,   52,  533,  773,  500,  867,  174,  328,  438,  707,  729,  369,  889, 1051,  807,  272,  733,  613,  138,  272,  253,  208,  687,  169,   70,  361,  151,  615,  698,  655,  179],
        [  247,    0,  835,  481,  905,  500,    0,  604,  728,  790,  665,  360,  724,  808,  645,  761,  443,  264, 1013,  978,  397,  460,  987,  209,  602,  204,  701,  587,  806,  651,  176,  748,  340,  409,  575,  747,  821,  733,  605,  369,  732,  351,  541,  533,  951,  281,  489,  556,  345,  876,   60,  911,  698,  851,  498,  211,  351,  716, 1041,  515,  697,  613,  777,  192,  822,  302, 1035,  760,  646,  545,  488,  835,  255, 1046,  424,  841,  497,  966,  516,  759, 1078,  383,  620,  691,  992,  733,  732,   62,  537,  241,  991,  427,  214,  974,  765,  742,  198,  755,  203,  628,  362,  431,  276,  642,  215,  930,  491,  450,  670,   32,  533,  360,  450,  813, 1053,  731, 1054,  328,  295,  669,  728,  667,  775,  683,  915,  892,  654,  892,  412,  448,  501,  249,  704,  747,  668,  548,  814,  607,  447, 1008,  508,  679],
        [  654,    0,  517,  251,  303,  709,  604,    0,  448,  457,  183,  362,  305,  236,  709,  384,  561,  481,  692,  420,  394,  698,  497,  514,  299,  402,  480,   87,  204,  101,  668,  239,  461,  238,   72,  709,  674,  248,   61,  350,  212,  598,   72,  632,  416,  469,  607,  170,  441,  376,  611,  307,  167,  718,  143,  430,  605,  747,  723,   93,  110,  118,  475,  439,  627,  304,  570,  410,  694,  563,  345,  293,  358,  598,  536,  302,  170,  498,  169,  574,  655,  296,  387,  558,  512,  217,  132,  547,  284,  607,  490,  218,  417,  449,  700,  716,  647,  152,  656,  394,  346,  671,  426,  176,  447,  546,  292,  372,  279,  635,   92,  564,  675,  520,  662,  433,  565,  618,  425,  424,  186,   73,  669,  206,  347,  350,  598,  420,  197,  781,  458,  625,  869,  236,  804,  778,  764,  679,  159,  668,   99,  825],
        [  901,    0,  107,  651,  591,  484,  728,  448,    0,   72,  276,  370,  170,  380,  378,  108,  375,  765,  292,  427,  752,  501,  333,  532,  165,  592,   63,  363,  481,  543,  872,  672,  787,  383,  510,  312,  235,  249,  387,  692,  295,  480,  479,  371,  371,  764,  380,  603,  390,  282,  696,  549,  604,  279,  370,  670,  487,  380,  322,  427,  401,  564,   50,  664,  181,  535,  347,   77,  360,  290,  242,  698,  514,  344,  370,  706,  573,  296,  324,  138,  360,  370,  109,  160,  327,  289,  437,  697,  219,  570,  349,  575,  524,  371,  291,  324,  871,  471,  644,  101,  683,  492,  716,  275,  697,  211,  256,  278,  172,  757,  502,  445,  483,   89,  328,   20,  384,  516,  434,   60,  327,  418,  248,  651,  710,  352,  237,  255,  508,  611,  250,  580,  548,  280,  486,  534,  349,  369,  477,  282,  468,  506],
        [  954,    0,   61,  677,  563,  554,  790,  457,   72,    0,  277,  430,  156,  352,  441,   77,  446,  812,  247,  372,  787,  571,  265,  598,  204,  645,  129,  377,  460,  547,  929,  668,  828,  428,  524,  362,  264,  231,  397,  729,  278,  551,  497,  441,  314,  810,  451,  620,  456,  229,  760,  516,  603,  305,  400,  720,  557,  435,  278,  451,  395,  574,   36,  715,  200,  581,  276,   48,  422,  360,  302,  685,  567,  273,  441,  694,  596,  226,  355,  178,  292,  422,  171,  220,  258,  272,  425,  756,  265,  639,  283,  606,  582,  309,  337,  375,  926,  456,  712,  164,  721,  563,  761,  282,  746,  143,  307,  341,  181,  819,  521,  515,  553,   68,  264,   61,  314,  587,  497,  128,  312,  417,  290,  655,  689,  304,  300,  193,  542,  682,  321,  650,  608,  259,  547,  602,  389,  434,  508,  231,  492,  568],
        [  770,    0,  337,  420,  345,  631,  665,  183,  276,  277,    0,  341,  123,  161,  590,  203,  487,  607,  510,  314,  549,  630,  342,  522,  158,  479,  318,  113,  226,  271,  766,  396,  605,  257,  252,  564,  509,   76,  125,  496,   68,  555,  233,  535,  287,  600,  521,  350,  407,  221,  656,  317,  329,  554,  177,  533,  563,  615,  541,  200,  127,  298,  297,  536,  457,  390,  407,  230,  573,  455,  260,  424,  412,  431,  467,  433,  337,  334,  150,  410,  483,  291,  241,  407,  353,   68,  167,  616,  183,  598,  340,  364,  455,  313,  550,  573,  753,  202,  662,  246,  490,  608,  552,   24,  556,  365,  217,  302,  105,  697,  257,  518,  608,  341,  485,  260,  412,  583,  417,  265,   77,  142,  514,  379,  446,  227,  463,  254,  314,  728,  360,  615,  759,   83,  694,  696,  612,  566,  273,  487,  237,  715],
        [  537,    0,  477,  413,  649,  360,  360,  362,  370,  430,  341,    0,  373,  499,  411,  402,  219,  421,  659,  649,  452,  343,  635,  184,  245,  233,  350,  302,  534,  450,  503,  583,  462,  128,  376,  466,  500,  397,  330,  392,  408,  237,  330,  309,  613,  425,  273,  422,   80,  531,  335,  637,  514,  538,  220,  318,  244,  469,  689,  275,  415,  436,  419,  308,  487,  211,  678,  400,  402,  267,  129,  651,  158,  688,  191,  659,  365,  611,  209,  421,  718,   67,  262,  363,  638,  407,  458,  327,  182,  259,  642,  323,  155,  632,  473,  467,  504,  491,  322,  270,  382,  313,  380,  318,  346,  571,  136,   96,  319,  390,  340,  204,  320,  457,  694,  372,  701,  257,   77,  313,  414,  398,  466,  531,  708,  560,  354,  540,  256,  419,  177,  276,  545,  418,  486,  429,  533,  374,  256,  652,  298,  505],
        [  857,    0,  215,  537,  423,  598,  724,  305,  170,  156,  123,  373,    0,  213,  525,   81,  465,  702,  388,  296,  658,  605,  263,  555,  132,  554,  223,  230,  312,  393,  844,  513,  708,  327,  374,  477,  403,   80,  247,  603,  126,  553,  352,  492,  250,  697,  488,  471,  423,  161,  705,  382,  448,  447,  272,  619,  560,  538,  419,  312,  239,  421,  180,  618,  346,  476,  314,  110,  507,  408,  260,  532,  480,  331,  451,  540,  454,  243,  232,  307,  375,  342,  178,  320,  268,  120,  271,  682,  191,  617,  269,  474,  511,  263,  458,  488,  835,  304,  687,  178,  596,  589,  648,  132,  644,  247,  237,  305,   55,  755,  376,  515,  584,  222,  370,  151,  331,  585,  448,  179,  159,  261,  416,  500,  541,  210,  388,  168,  417,  711,  331,  631,  697,  111,  632,  657,  517,  508,  378,  365,  352,  653],
        [  884,    0,  402,  483,  212,  787,  808,  236,  380,  352,  161,  499,  213,    0,  732,  279,  645,  713,  540,  185,  629,  788,  281,  678,  308,  612,  435,  222,  114,  275,  892,  355,  697,  403,  301,  689,  611,  136,  209,  585,  100,  716,  307,  688,  185,  703,  677,  392,  567,  172,  804,  170,  307,  654,  310,  654,  723,  749,  569,  304,  126,  320,  383,  661,  550,  517,  359,  312,  715,  606,  420,  349,  553,  393,  626,  356,  405,  294,  297,  517,  456,  446,  380,  532,  299,  103,  119,  755,  342,  757,  269,  453,  602,  220,  670,  700,  875,  132,  819,  383,  581,  767,  658,  183,  674,  383,  378,  462,  235,  839,  327,  678,  766,  418,  479,  361,  344,  743,  574,  390,   85,  164,  628,  367,  339,  120,  598,  227,  422,  888,  516,  774,  903,  104,  838,  850,  728,  712,  381,  510,  328,  860],
        [  879,    0,  436,  821,  934,  177,  645,  709,  378,  441,  590,  411,  525,  732,    0,  483,  211,  807,  530,  804,  860,  216,  704,  445,  433,  617,  316,  626,  815,  808,  819,  947,  859,  519,  748,  133,  261,  597,  657,  800,  635,  295,  704,  114,  749,  815,  158,  815,  355,  659,  591,  900,  875,  266,  578,  703,  296,   73,  546,  644,  711,  810,  406,  687,  308,  619,  703,  454,   19,  149,  366,  997,  554,  688,  237, 1006,  764,  664,  542,  278,  680,  465,  353,  221,  695,  631,  754,  647,  427,  410,  722,  730,  519,  748,  163,  120,  835,  790,  473,  350,  790,  232,  775,  577,  729,  548,  419,  350,  498,  663,  721,  286,  213,  404,  627,  397,  746,  323,  412,  348,  661,  712,  203,  906, 1032,  726,  141,  632,  661,  309,  255,  408,  172,  628,  108,  189,  185,   40,  652,  545,  678,  129],
        [  910,    0,  135,  611,  490,  577,  761,  384,  108,   77,  203,  402,   81,  279,  483,    0,  456,  762,  311,  321,  727,  590,  245,  579,  160,  603,  169,  307,  385,  473,  891,  592,  773,  380,  452,  419,  333,  155,  325,  670,  202,  554,  428,  467,  267,  758,  470,  549,  440,  177,  737,  445,  528,  376,  339,  673,  560,  487,  343,  385,  319,  500,  105,  671,  272,  532,  278,   34,  465,  383,  278,  609,  527,  286,  446,  618,  529,  214,  296,  241,  320,  383,  163,  268,  244,  196,  349,  723,  225,  631,  258,  544,  550,  270,  398,  432,  885,  380,  703,  160,  662,  578,  709,  210,  700,  180,  271,  322,  114,  791,  452,  516,  570,  144,  305,   88,  305,  588,  475,  141,  236,  341,  353,  580,  614,  245,  343,  157,  483,  699,  324,  643,  654,  184,  591,  632,  453,  472,  447,  290,  425,  612],
        [  672,    0,  469,  630,  825,  149,  443,  561,  375,  446,  487,  219,  465,  645,  211,  456,    0,  597,  619,  760,  655,  144,  700,  238,  341,  407,  324,  488,  706,  655,  615,  792,  651,  341,  586,  305,  389,  519,  518,  597,  546,  113,  540,   99,  712,  605,   57,  639,  150,  622,  393,  802,  722,  414,  420,  493,  118,  279,  643,  482,  590,  647,  419,  477,  405,  418,  721,  437,  208,  109,  228,  854,  347,  718,   29,  862,  583,  666,  394,  348,  729,  282,  294,  275,  696,  543,  635,  439,  305,  223,  713,  540,  309,  722,  323,  300,  628,  670,  295,  297,  587,  125,  566,  468,  519,  582,  277,  192,  421,  464,  553,   87,  122,  440,  689,  387,  756,  149,  204,  321,  563,  582,  338,  744,  903,  673,  219,  612,  474,  247,  134,  228,  327,  547,  270,  217,  371,  172,  473,  623,  510,  288],
        [  176,    0,  867,  274,  752,  698,  264,  481,  765,  812,  607,  421,  702,  713,  807,  762,  597,    0, 1056,  897,  146,  663,  948,  377,  609,  192,  759,  502,  676,  489,  212,  550,   77,  385,  427,  882,  921,  682,  506,  145,  664,  540,  409,  695,  885,   19,  652,  369,  456,  827,  314,  772,  517,  959,  433,  105,  543,  873, 1086,  413,  589,  442,  811,  121,  904,  231, 1011,  772,  802,  676,  534,  639,  264, 1031,  571,  644,  325,  938,  470,  839, 1077,  399,  661,  784,  958,  667,  611,  213,  548,  456,  946,  264,  289,  915,  891,  881,  182,  625,  446,  670,  145,  631,   56,  586,   79,  940,  510,  513,  652,  279,  391,  532,  647,  854, 1066,  762, 1018,  530,  397,  713,  648,  552,  887,  484,  728,  820,  772,  858,  295,  680,  597,  470,  905,  685,  857,  757,  949,  768,  337, 1042,  386,  872],
        [ 1192,    0,  189,  921,  735,  687, 1013,  692,  292,  247,  510,  659,  388,  540,  530,  311,  619, 1056,    0,  476, 1034,  716,  317,  812,  449,  883,  313,  617,  653,  776, 1162,  886, 1074,  672,  761,  407,  272,  450,  634,  975,  494,  732,  738,  579,  421, 1054,  604,  859,  670,  374,  978,  681,  826,  283,  646,  961,  737,  491,   32,  695,  615,  807,  245,  956,  225,  825,  262,  291,  514,  515,  533,  888,  805,  226,  624,  896,  840,  278,  601,  273,  182,  661,  399,  346,  296,  488,  638,  985,  508,  835,  339,  852,  813,  396,  375,  422, 1162,  663,  909,  391,  967,  718, 1005,  520,  988,  158,  547,  566,  423, 1041,  763,  701,  703,  204,  120,  294,  311,  768,  719,  348,  527,  643,  329,  881,  874,  449,  416,  319,  789,  824,  518,  842,  668,  471,  620,  717,  392,  542,  754,   35,  735,  636],
        [ 1067,    0,  400,  665,  289,  891,  978,  420,  427,  372,  314,  649,  296,  185,  804,  321,  760,  897,  476,    0,  813,  900,  162,  832,  423,  788,  489,  400,  259,  451, 1072,  505,  881,  570,  484,  733,  628,  253,  391,  770,  247,  846,  491,  783,   60,  887,  782,  573,  709,  145,  969,  231,  470,  665,  483,  835,  853,  805,  499,  485,  311,  498,  408,  840,  562,  696,  235,  351,  786,  699,  550,  473,  724,  275,  746,  479,  588,  199,  463,  549,  341,  604,  471,  587,  184,  247,  298,  928,  475,  903,  141,  637,  769,   82,  708,  746, 1056,  300,  970,  470,  765,  884,  842,  338,  856,  330,  518,  595,  342, 1010,  511,  808,  879,  427,  383,  408,  201,  877,  726,  460,  253,  348,  660,  531,  431,   90,  664,  182,  604, 1006,  626,  918,  975,  233,  912,  949,  758,  792,  563,  442,  511,  933],
        [  306,    0,  846,  152,  635,  775,  397,  394,  752,  787,  549,  452,  658,  629,  860,  727,  655,  146, 1034,  813,    0,  745,  885,  464,  588,  262,  757,  437,  574,  377,  356,  417,   83,  375,  329,  917,  935,  623,  433,   62,  596,  621,  325,  752,  809,  127,  712,  251,  507,  763,  440,  663,  394,  976,  389,  196,  625,  921, 1065,  349,  503,  328,  793,  217,  908,  242,  954,  743,  853,  719,  542,  505,  309,  979,  628,  509,  225,  881,  433,  844, 1030,  410,  655,  799,  898,  600,  518,  340,  535,  555,  880,  186,  357,  841,  921,  918,  322,  524,  560,  664,   72,  712,  121,  532,  184,  904,  506,  533,  614,  416,  303,  605,  726,  838, 1028,  744,  954,  617,  452,  706,  575,  466,  909,  353,  596,  743,  803,  801,  245,  779,  627,  572,  977,  620,  924,  839,  983,  822,  281, 1016,  313,  941],
        [  705,    0,  587,  742,  968,   42,  460,  698,  501,  571,  630,  343,  605,  788,  216,  590,  144,  663,  716,  900,  745,    0,  832,  287,  484,  485,  444,  628,  849,  790,  636,  925,  726,  470,  718,  344,  460,  662,  658,  691,  689,  125,  672,  138,  851,  675,  122,  763,  265,  760,  403,  945,  855,  473,  556,  564,  121,  285,  737,  616,  732,  778,  542,  546,  493,  519,  847,  569,  225,  213,  371,  990,  442,  840,  165,  998,  704,  796,  533,  446,  845,  409,  431,  375,  827,  686,  777,  476,  448,  220,  846,  654,  389,  858,  372,  333,  657,  812,  270,  433,  681,   33,  643,  611,  587,  701,  419,  333,  563,  473,  682,  144,   24,  556,  799,  516,  884,  136,  304,  452,  707,  722,  403,  873, 1042,  814,  300,  746,  592,  111,  275,  212,  246,  690,  210,   95,  400,  187,  597,  726,  640,  219],
        [ 1110,    0,  274,  747,  441,  816,  987,  497,  333,  265,  342,  635,  263,  281,  704,  245,  700,  948,  317,  162,  885,  832,    0,  816,  391,  812,  393,  450,  385,  553, 1102,  633,  944,  585,  567,  615,  498,  266,  452,  835,  289,  798,  561,  704,  113,  941,  711,  663,  681,  123,  968,  383,  587,  530,  517,  872,  805,  694,  338,  539,  394,  595,  299,  873,  431,  729,   80,  264,  686,  621,  517,  615,  740,  118,  691,  621,  665,   44,  484,  433,  184,  604,  408,  484,   22,  285,  398,  943,  453,  873,   23,  701,  773,   82,  587,  629, 1091,  412,  944,  404,  829,  821,  893,  362,  896,  181,  499,  562,  318, 1017,  584,  761,  813,  304,  221,  317,   71,  832,  710,  380,  311,  430,  537,  647,  583,  164,  565,   95,  655,  942,  568,  886,  870,  266,  810,  867,  630,  699,  614,  282,  573,  830],
        [  435,    0,  638,  485,  813,  321,  209,  514,  532,  598,  522,  184,  555,  678,  445,  579,  238,  377,  812,  832,  464,  287,  816,    0,  426,  203,  499,  470,  702,  588,  378,  710,  441,  281,  510,  541,  612,  580,  495,  414,  589,  164,  466,  332,  797,  388,  288,  527,  143,  714,  167,  807,  647,  642,  381,  279,  167,  515,  839,  422,  585,  562,  582,  259,  615,  259,  857,  573,  444,  337,  301,  787,  179,  863,  217,  795,  465,  791,  382,  552,  889,  233,  428,  484,  819,  589,  626,  202,  365,   99,  824,  404,  116,  815,  558,  537,  391,  656,  143,  434,  404,  254,  357,  498,  301,  740,  319,  259,  501,  233,  468,  161,  271,  615,  859,  538,  881,  155,  107,  473,  594,  562,  566,  650,  855,  743,  446,  721,  356,  316,  295,  118,  529,  600,  484,  381,  608,  406,  375,  809,  431,  497],
        [  753,    0,  260,  487,  502,  480,  602,  299,  165,  204,  158,  245,  132,  308,  433,  160,  341,  609,  449,  423,  588,  484,  391,  426,    0,  445,  184,  212,  383,  398,  732,  533,  626,  225,  355,  414,  377,  179,  240,  528,  208,  423,  320,  381,  380,  606,  370,  443,  292,  292,  580,  472,  463,  421,  206,  517,  430,  460,  480,  266,  280,  413,  206,  514,  335,  378,  434,  164,  416,  299,  129,  573,  368,  445,  324,  581,  410,  366,  160,  278,  479,  224,   89,  260,  393,  205,  322,  563,   66,  486,  399,  410,  390,  395,  403,  422,  727,  358,  556,   95,  520,  465,  558,  145,  544,  336,  111,  174,   82,  632,  342,  385,  462,  250,  461,  157,  456,  455,  320,  128,  230,  285,  371,  504,  601,  335,  308,  296,  344,  586,  209,  500,  602,  207,  536,  543,  466,  409,  313,  434,  307,  558],
        [  310,    0,  697,  298,  702,  517,  204,  402,  592,  645,  479,  233,  554,  612,  617,  603,  407,  192,  883,  788,  262,  485,  812,  203,  445,    0,  579,  390,  605,  449,  291,  552,  245,  228,  373,  690,  733,  551,  406,  212,  543,  361,  338,  505,  765,  199,  463,  360,  265,  696,  219,  708,  498,  770,  305,   87,  365,  682,  914,  314,  497,  413,  639,   75,  719,   99,  868,  608,  612,  485,  353,  636,   79,  883,  381,  643,  299,  796,  330,  654,  922,  223,  485,  596,  820,  545,  531,  145,  381,  295,  814,  230,   99,  791,  700,  689,  283,  553,  310,  493,  203,  452,  160,  456,  115,  780,  338,  328,  501,  234,  330,  348,  467,  680,  905,  591,  881,  356,  206,  537,  536,  466,  697,  487,  715,  704,  582,  719,  209,  518,  408,  313,  722,  561,  671,  580,  758,  578,  244,  873,  305,  687],
        [  886,    0,  146,  667,  645,  426,  701,  480,   63,  129,  318,  350,  223,  435,  316,  169,  324,  759,  313,  489,  757,  444,  393,  499,  184,  579,    0,  393,  532,  578,  852,  710,  787,  383,  538,  254,  195,  301,  420,  696,  345,  433,  503,  313,  433,  760,  324,  626,  357,  344,  665,  604,  641,  239,  387,  660,  439,  319,  341,  448,  445,  595,   98,  653,  153,  531,  403,  139,  298,  232,  226,  742,  501,  396,  322,  750,  592,  355,  341,   95,  406,  360,  103,  100,  386,  340,  483,  674,  224,  528,  410,  586,  504,  432,  236,  266,  853,  517,  602,   94,  687,  437,  712,  313,  688,  259,  253,  255,  214,  728,  525,  399,  427,  118,  367,   81,  442,  469,  407,   56,  375,  457,  196,  685,  759,  413,  175,  316,  517,  555,  208,  537,  486,  333,  424,  474,  296,  307,  490,  310,  489,  444],
        [  669,    0,  438,  308,  348,  636,  587,   87,  363,  377,  113,  302,  230,  222,  626,  307,  488,  502,  617,  400,  437,  628,  450,  470,  212,  390,  393,    0,  233,  187,  672,  324,  495,  189,  148,  622,  587,  187,   32,  385,  163,  535,  122,  553,  384,  493,  531,  243,  379,  328,  585,  338,  253,  632,   91,  435,  542,  662,  649,   90,  115,  202,  393,  440,  541,  296,  518,  330,  611,  481,  266,  372,  333,  543,  463,  381,  225,  445,   95,  488,  595,  240,  300,  471,  462,  166,  157,  533,  200,  557,  447,  252,  385,  414,  613,  630,  656,  189,  613,  307,  379,  602,  446,   99,  456,  476,  213,  297,  197,  618,  146,  500,  605,  438,  597,  350,  520,  558,  372,  338,  148,   96,  583,  293,  416,  320,  513,  365,  207,  716,  378,  574,  788,  185,  724,  704,  677,  597,  166,  595,  125,  745],
        [  851,    0,  512,  423,  120,  852,  806,  204,  481,  460,  226,  534,  312,  114,  815,  385,  706,  676,  653,  259,  574,  849,  385,  702,  383,  605,  532,  233,    0,  200,  869,  250,  649,  421,  250,  784,  715,  233,  208,  539,  187,  764,  272,  760,  279,  664,  744,  326,  609,  284,  811,  106,  212,  758,  322,  632,  771,  839,  682,  292,  119,  249,  489,  642,  656,  507,  464,  418,  799,  681,  479,  236,  557,  500,  684,  243,  354,  403,  326,  619,  564,  473,  465,  626,  404,  193,   77,  749,  403,  789,  370,  414,  613,  315,  767,  794,  848,   53,  845,  469,  536,  825,  623,  241,  649,  496,  430,  516,  322,  837,  287,  727,  826,  527,  590,  463,  443,  788,  605,  483,  157,  142,  727,  272,  230,  222,  687,  339,  400,  942,  584,  807,  985,  202,  919,  918,  828,  792,  362,  623,  302,  941],
        [  664,    0,  607,  226,  264,  803,  651,  101,  543,  547,  271,  450,  393,  275,  808,  473,  655,  489,  776,  451,  377,  790,  553,  588,  398,  449,  578,  187,  200,    0,  690,  139,  454,  322,   79,  809,  772,  326,  159,  347,  284,  685,  122,  730,  459,  475,  703,  127,  529,  437,  666,  286,   68,  817,  236,  459,  692,  847,  806,  175,  164,   50,  568,  472,  723,  353,  630,  500,  794,  662,  444,  202,  419,  662,  629,  210,  164,  561,  268,  672,  722,  383,  487,  658,  570,  290,  157,  591,  385,  683,  543,  232,  482,  494,  800,  816,  665,  153,  727,  493,  345,  761,  437,  269,  471,  625,  391,  468,  373,  680,  121,  653,  767,  612,  736,  528,  618,  702,  506,  523,  253,  133,  769,  108,  269,  395,  699,  486,  242,  868,  557,  702,  967,  308,  903,  872,  864,  778,  214,  750,  157,  924],
        [   86,    0,  979,  484,  953,  676,  176,  668,  872,  929,  766,  503,  844,  892,  819,  891,  615,  212, 1162, 1072,  356,  636, 1102,  378,  732,  291,  852,  672,  869,  690,    0,  761,  277,  518,  622,  919,  985,  840,  683,  356,  829,  527,  598,  707, 1052,  230,  663,  575,  505,  985,  234,  969,  724, 1018,  591,  239,  527,  891, 1192,  589,  771,  646,  921,  232,  982,  377, 1158,  895,  820,  714,  630,  850,  365, 1173,  595,  855,  527, 1086,  619,  917, 1211,  509,  764,  853, 1110,  831,  800,  180,  667,  417, 1104,  459,  349, 1079,  935,  914,   39,  817,  374,  772,  354,  607,  257,  744,  221, 1067,  623,  598,  790,  165,  584,  534,  626,  960, 1191,  873, 1171,  504,  449,  815,  819,  737,  942,  695,  937,  989,  822, 1009,  472,  617,  661,  424,  879,  848,  844,  722,  986,  781,  513, 1154,  570,  854],
        [  720,    0,  726,  278,  248,  939,  748,  239,  672,  668,  396,  583,  513,  355,  947,  592,  792,  550,  886,  505,  417,  925,  633,  710,  533,  552,  710,  324,  250,  139,  761,    0,  499,  455,  207,  946,  903,  440,  294,  406,  394,  817,  253,  868,  528,  533,  841,  193,  662,  527,  771,  294,   72,  948,  374,  544,  824,  985,  916,  310,  274,  149,  692,  560,  852,  462,  712,  622,  933,  800,  582,   90,  535,  748,  766,   95,  253,  649,  406,  803,  811,  516,  622,  793,  653,  400,  249,  687,  523,  807,  619,  323,  600,  564,  936,  953,  731,  225,  845,  628,  408,  896,  505,  397,  550,  731,  529,  606,  500,  776,  245,  786,  902,  734,  833,  655,  693,  832,  636,  655,  360,  254,  903,   67,  179,  470,  836,  580,  355,  999,  695,  826, 1105,  416, 1042, 1008,  999,  917,  336,  858,  286, 1062],
        [  224,    0,  886,  230,  714,  759,  340,  461,  787,  828,  605,  462,  708,  697,  859,  773,  651,   77, 1074,  881,   83,  726,  944,  441,  626,  245,  787,  495,  649,  454,  277,  499,    0,  405,  400,  927,  957,  680,  495,  112,  657,  602,  390,  749,  873,   59,  706,  329,  506,  822,  389,  740,  474,  996,  436,  163,  606,  924, 1106,  406,  571,  405,  831,  182,  935,  257, 1011,  786,  854,  724,  565,  588,  308, 1034,  624,  592,  296,  938,  478,  870, 1083,  430,  686,  820,  956,  660,  589,  288,  569,  524,  941,  245,  343,  905,  934,  927,  242,  598,  519,  695,  117,  694,   85,  586,  141,  952,  535,  550,  661,  355,  370,  591,  709,  875, 1076,  782, 1014,  594,  448,  738,  638,  534,  926,  435,  678,  808,  815,  858,  293,  749,  639,  540,  965,  679,  915,  821,  994,  820,  332, 1059,  373,  931],
        [  532,    0,  483,  304,  533,  486,  409,  238,  383,  428,  257,  128,  327,  403,  519,  380,  341,  385,  672,  570,  375,  470,  585,  281,  225,  228,  383,  189,  421,  322,  518,  455,  405,    0,  249,  553,  561,  326,  214,  314,  324,  364,  203,  425,  543,  383,  393,  299,  207,  470,  401,  526,  387,  602,  100,  294,  371,  571,  703,  148,  304,  308,  427,  293,  533,  154,  641,  388,  508,  371,  170,  524,  156,  657,  314,  532,  245,  569,  108,  470,  698,   61,  282,  426,  593,  324,  345,  360,  165,  371,  588,  216,  200,  567,  554,  557,  509,  375,  424,  290,  305,  441,  334,  234,  321,  558,  131,  171,  274,  440,  213,  331,  447,  471,  684,  378,  654,  381,  188,  334,  322,  281,  538,  404,  583,  484,  438,  492,  145,  546,  268,  389,  664,  339,  603,  555,  617,  484,  133,  658,  170,  622],
        [  602,    0,  584,  182,  332,  733,  575,   72,  510,  524,  252,  376,  374,  301,  748,  452,  586,  427,  761,  484,  329,  718,  567,  510,  355,  373,  538,  148,  250,   79,  622,  207,  400,  249,    0,  758,  731,  319,  128,  290,  283,  611,   47,  664,  483,  414,  636,   99,  455,  446,  589,  347,  139,  776,  171,  388,  618,  791,  793,  105,  176,   62,  540,  400,  687,  276,  640,  477,  735,  600,  383,  278,  341,  669,  560,  286,  105,  569,  209,  632,  726,  309,  442,  611,  582,  288,  189,  516,  331,  606,  560,  164,  404,  517,  751,  764,  599,  199,  649,  449,  287,  689,  373,  243,  402,  616,  330,  403,  344,  605,   43,  579,  695,  585,  733,  497,  635,  627,  430,  482,  256,  139,  724,  159,  347,  418,  645,  491,  165,  793,  494,  624,  903,  307,  840,  802,  816,  716,  136,  738,   80,  860],
        [  972,    0,  342,  857,  898,  307,  747,  709,  312,  362,  564,  466,  477,  689,  133,  419,  305,  882,  407,  733,  917,  344,  615,  541,  414,  690,  254,  622,  784,  809,  919,  946,  927,  553,  758,    0,  136,  554,  652,  856,  597,  406,  717,  222,  675,  887,  262,  836,  427,  589,  697,  858,  875,  134,  592,  777,  409,   84,  421,  658,  690,  818,  326,  764,  193,  676,  602,  387,  120,  207,  386,  985,  620,  583,  324,  994,  791,  573,  550,  184,  567,  508,  325,  158,  603,  592,  730,  741,  428,  522,  635,  769,  596,  668,   33,   16,  930,  766,  589,  320,  846,  357,  844,  556,  804,  447,  434,  385,  463,  768,  737,  389,  339,  312,  511,  332,  648,  438,  487,  301,  627,  698,   81,  913, 1009,  663,  116,  554,  697,  441,  291,  523,  264,  586,  213,  321,   68,  158,  681,  426,  696,  230],
        [ 1030,    0,  229,  855,  823,  427,  821,  674,  235,  264,  509,  500,  403,  611,  261,  333,  389,  921,  272,  628,  935,  460,  498,  612,  377,  733,  195,  587,  715,  772,  985,  903,  957,  561,  731,  136,    0,  483,  614,  873,  529,  500,  696,  327,  569,  924,  360,  819,  482,  489,  776,  777,  834,   45,  577,  818,  503,  220,  286,  640,  635,  789,  230,  807,   67,  700,  476,  300,  246,  281,  394,  932,  657,  454,  401,  940,  782,  454,  531,  100,  434,  527,  292,  138,  483,  523,  671,  806,  411,  612,  519,  771,  646,  558,  104,  151,  992,  705,  684,  284,  864,  467,  878,  506,  846,  322,  432,  408,  404,  845,  717,  475,  451,  202,  377,  253,  524,  535,  539,  250,  561,  650,   59,  879,  944,  566,  171,  447,  700,  564,  327,  616,  398,  513,  349,  450,  133,  278,  677,  291,  680,  365],
        [  845,    0,  288,  492,  344,  658,  733,  248,  249,  231,   76,  397,   80,  136,  597,  155,  519,  682,  450,  253,  623,  662,  266,  580,  179,  551,  301,  187,  233,  326,  840,  440,  680,  326,  319,  554,  483,    0,  195,  571,   48,  598,  304,  556,  218,  675,  547,  417,  458,  146,  721,  305,  378,  526,  251,  607,  605,  614,  481,  275,  167,  360,  258,  610,  425,  464,  331,  187,  579,  473,  300,  455,  482,  356,  502,  463,  409,  259,  221,  386,  409,  354,  245,  397,  277,   42,  195,  686,  224,  651,  266,  439,  521,  242,  537,  565,  827,  226,  718,  247,  565,  643,  627,   97,  631,  300,  266,  345,  101,  765,  328,  560,  640,  298,  415,  230,  336,  628,  474,  254,   81,  194,  495,  432,  462,  163,  462,  178,  389,  764,  387,  667,  768,   32,  703,  720,  596,  578,  349,  424,  311,  725],
        [  676,    0,  458,  298,  320,  666,  605,   61,  387,  397,  125,  330,  247,  209,  657,  325,  518,  506,  634,  391,  433,  658,  452,  495,  240,  406,  420,   32,  208,  159,  683,  294,  495,  214,  128,  652,  614,  195,    0,  384,  164,  564,  110,  585,  379,  497,  562,  226,  408,  330,  605,  313,  223,  659,  114,  445,  572,  692,  666,   95,   93,  178,  415,  452,  566,  310,  522,  350,  642,  512,  297,  341,  352,  549,  494,  350,  215,  450,  125,  514,  603,  267,  329,  499,  466,  168,  131,  550,  231,  583,  447,  251,  407,  411,  642,  659,  666,  162,  638,  335,  379,  632,  451,  116,  465,  490,  244,  327,  219,  636,  134,  529,  635,  460,  608,  373,  521,  587,  399,  364,  144,   68,  611,  266,  385,  314,  543,  370,  214,  745,  409,  601,  819,  188,  755,  735,  706,  628,  172,  611,  122,  776],
        [  319,    0,  787,  129,  609,  720,  369,  350,  692,  729,  496,  392,  603,  585,  800,  670,  597,  145,  975,  770,   62,  691,  835,  414,  528,  212,  696,  385,  539,  347,  356,  406,  112,  314,  290,  856,  873,  571,  384,    0,  547,  567,  279,  693,  763,  130,  653,  224,  448,  713,  406,  632,  372,  915,  332,  159,  571,  861, 1007,  297,  460,  299,  733,  180,  847,  182,  902,  685,  793,  658,  481,  495,  251,  926,  569,  500,  186,  829,  375,  783,  976,  349,  595,  738,  847,  550,  478,  309,  475,  507,  831,  134,  303,  794,  860,  857,  326,  488,  518,  603,   11,  658,  101,  478,  155,  848,  445,  472,  557,  391,  259,  549,  671,  778,  972,  685,  904,  566,  395,  646,  527,  422,  847,  340,  583,  697,  742,  749,  188,  729,  566,  524,  921,  570,  866,  785,  922,  762,  225,  958,  263,  883],
        [  830,    0,  334,  460,  301,  688,  732,  212,  295,  278,   68,  408,  126,  100,  635,  202,  546,  664,  494,  247,  596,  689,  289,  589,  208,  543,  345,  163,  187,  284,  829,  394,  657,  324,  283,  597,  529,   48,  164,  547,    0,  619,  273,  588,  224,  656,  577,  381,  473,  167,  723,  265,  333,  573,  239,  594,  626,  655,  524,  252,  122,  319,  305,  598,  471,  453,  359,  234,  618,  507,  322,  408,  478,  387,  527,  416,  378,  288,  216,  432,  444,  359,  283,  440,  302,    7,  148,  682,  244,  665,  285,  413,  522,  252,  581,  608,  815,  179,  729,  286,  541,  669,  608,   92,  616,  342,  282,  365,  137,  763,  297,  581,  667,  345,  453,  276,  358,  647,  484,  297,   34,  152,  540,  388,  416,  161,  503,  209,  369,  789,  416,  681,  806,   25,  741,  751,  641,  614,  328,  467,  284,  762],
        [  591,    0,  579,  622,  881,  158,  351,  598,  480,  551,  555,  237,  553,  716,  295,  554,  113,  540,  732,  846,  621,  125,  798,  164,  423,  361,  433,  535,  764,  685,  527,  817,  602,  364,  611,  406,  500,  598,  564,  567,  619,    0,  565,  186,  802,  551,  144,  648,  158,  713,  297,  864,  750,  523,  456,  440,    8,  367,  756,  511,  645,  669,  527,  422,  518,  397,  825,  538,  298,  221,  298,  887,  319,  824,  111,  895,  588,  766,  440,  461,  838,  303,  391,  387,  796,  617,  689,  359,  376,  116,  810,  535,  265,  814,  428,  399,  544,  723,  185,  395,  557,   92,  518,  534,  464,  690,  339,  255,  504,  369,  573,   39,  108,  550,  799,  491,  857,   37,  185,  424,  632,  631,  447,  763,  944,  758,  329,  708,  476,  183,  232,  117,  366,  624,  322,  220,  470,  258,  485,  736,  532,  335],
        [  582,    0,  558,  188,  365,  687,  541,   72,  479,  497,  233,  330,  352,  307,  704,  428,  540,  409,  738,  491,  325,  672,  561,  466,  320,  338,  503,  122,  272,  122,  598,  253,  390,  203,   47,  717,  696,  304,  110,  279,  273,  565,    0,  619,  484,  398,  590,  125,  409,  439,  551,  374,  185,  740,  127,  360,  572,  748,  770,   60,  181,  107,  511,  370,  654,  240,  632,  450,  691,  556,  339,  323,  300,  659,  514,  331,  105,  560,  168,  597,  713,  263,  405,  572,  575,  278,  204,  482,  291,  561,  556,  147,  363,  517,  712,  723,  577,  220,  606,  412,  275,  643,  354,  220,  377,  597,  287,  358,  317,  571,   25,  533,  649,  556,  717,  466,  630,  581,  385,  447,  251,  144,  685,  204,  389,  419,  604,  480,  130,  748,  450,  580,  858,  297,  795,  756,  776,  672,   95,  716,   36,  815],
