{
    "name": "random-64-14112",
    "comment": "size=64 seed=14112",
    "nodes": ["+0", "-0", "+1", "-1", "+2", "-2", "+3", "-3", "+4", "-4", "+5", "-5", "+6", "-6", "+7", "-7", "+8", "-8", "+9", "-9", "+10", "-10", "+11", "-11", "+12", "-12", "+13", "-13", "+14", "-14", "+15", "-15", "+16", "-16", "+17", "-17", "+18", "-18", "+19", "-19", "+20", "-20", "+21", "-21", "+22", "-22", "+23", "-23", "+24", "-24", "+25", "-25", "+26", "-26", "+27", "-27", "+28", "-28", "+29", "-29", "+30", "-30", "+31", "-31", "+32", "-32", "+33", "-33", "+34", "-34", "+35", "-35", "+36", "-36", "+37", "-37", "+38", "-38", "+39", "-39", "+40", "-40", "+41", "-41", "+42", "-42", "+43", "-43", "+44", "-44", "+45", "-45", "+46", "-46", "+47", "-47", "+48", "-48", "+49", "-49", "+50", "-50", "+51", "-51", "+52", "-52", "+53", "-53", "+54", "-54", "+55", "-55", "+56", "-56", "+57", "-57", "+58", "-58", "+59", "-59", "+60", "-60", "+61", "-61", "+62", "-62", "+63", "-63", "+64", "-64"],
    "precedence": {
        "+0": "-0",
        "+1": "-1",
        "+2": "-2",
        "+3": "-3",
        "+4": "-4",
        "+5": "-5",
        "+6": "-6",
        "+7": "-7",
        "+8": "-8",
        "+9": "-9",
        "+10": "-10",
        "+11": "-11",
        "+12": "-12",
        "+13": "-13",
        "+14": "-14",
        "+15": "-15",
        "+16": "-16",
        "+17": "-17",
        "+18": "-18",
        "+19": "-19",
        "+20": "-20",
        "+21": "-21",
        "+22": "-22",
        "+23": "-23",
        "+24": "-24",
        "+25": "-25",
        "+26": "-26",
        "+27": "-27",
        "+28": "-28",
        "+29": "-29",
        "+30": "-30",
        "+31": "-31",
        "+32": "-32",
        "+33": "-33",
        "+34": "-34",
        "+35": "-35",
        "+36": "-36",
        "+37": "-37",
        "+38": "-38",
        "+39": "-39",
        "+40": "-40",
        "+41": "-41",
        "+42": "-42",
        "+43": "-43",
        "+44": "-44",
        "+45": "-45",
        "+46": "-46",
        "+47": "-47",
        "+48": "-48",
        "+49": "-49",
        "+50": "-50",
        "+51": "-51",
        "+52": "-52",
        "+53": "-53",
        "+54": "-54",
        "+55": "-55",
        "+56": "-56",
        "+57": "-57",
        "+58": "-58",
        "+59": "-59",
        "+60": "-60",
        "+61": "-61",
        "+62": "-62",
        "+63": "-63",
        "+64": "-64"
    },
    "edges": [
        [    0,    0,  905,  584,  448,  915,  560,  326,  876,  563,  799,  461,  617,  785,  417,  345,  120,  938,  743,  634,  731,  616,  468,  442,  769,  691,  231,  213,  379,  544,  557,  888,  903,  734,  587,  434,  337,  696,  251,  839,  961,  501,  963,  907,  609,  389,  775,  498,  755,  366,  319,  838,  791, 1016,  234,  147,  839,  680,  384,  610,  851,  479,  358,  309,  503,  865,  692,  298,  339,  895,  206,  397,  553,  833,  853,  316,  440,  623,  200,  553,  852,  591,  475, 1075,  660,  928,  316,  755,  612,  397,  285,  610,  485,  778,  262,  804,  553,  469,  364,  203,  882,  723,  338,  250,  854,  861,  690,  524,  672,  950,  357,  617,  490,  795,  714,  588,  500,  734,  522,  579,  373,  824,  709,  276,  156,  637,  895,  756,  100,  378],
        [    0,    0,    0,    0,    0,    0,    0,    0,    0,    0,    0,    0,    0,    0,    0,    0,    0,    0,    0,    0,    0,    0,    0,    0,    0,    0,    0,    0,    0,    0,    0,    0,    0,    0,    0,    0,    0,    0,    0,    0,    0,    0,    0,    0,    0,    0,    0,    0,    0,    0,    0,    0,    0,    0,    0,    0,    0,    0,    0,    0,    0,    0,    0,    0,    0,    0,    0,    0,    0,    0,    0,    0,    0,    0,    0,    0,    0,    0,    0,    0,    0,    0,    0,    0,    0,    0,    0,    0,    0,    0,    0,    0,    0,    0,    0,    0,    0,    0,    0,    0,    0,    0,    0,    0,    0,    0,    0,    0,    0,    0,    0,    0,    0,    0,    0,    0,    0,    0,    0,    0,    0,    0,    0,    0,    0,    0,    0,    0,    0,    0],
        [  905,    0,    0, 1248,  460,  361,  455, 1112,  880,  919,  447,  444, 1001,  952,  648,  700,  955,  336,  907,  580,  891, 1030, 1001, 1166,  136,  226, 1052,  820,  526,  440,  376,   81,  522,  988,  606,  502,  595,  562,  824,  945,  621,  405,  847,   69,  318,  603, 1007,  694,  912,  644,  780,  248,  135,  833,  676,  763,   72,  532,  737,  462,  359,  486,  818,  858,  619,   49,  955,  912,  574,  100,  829,  728,  362,   73,  481,  597,  477,  283,  864, 1036,  204,  486, 1149,  982,  623,  703,  781,  237,  296, 1102,  739, 1132, 1092,  829,  779,  566, 1248,  462, 1010,  702,  184,  950,  660,  770,  961,  637,  234,  487,  249,  103,  645,  400,  654,  860,  327, 1270,  407,  906,  422,  345,  568,  488,  905, 1055,  925,  388,  772,  838,  923, 1134],
        [  584,    0, 1248,    0,  836, 1079,  796,  269,  701,  381,  927,  873,  337,  546,  600,  556,  465, 1116,  542,  722,  544,  305,  251,  146, 1126, 1026,  362,  795,  804,  809,  878, 1198,  974,  461,  678,  765,  693,  773,  459,  610,  971,  909,  823, 1220,  935,  654,  488,  568,  549,  613,  478, 1073, 1177,  895,  734,  626, 1200,  786,  512,  803, 1022,  766,  941,  404,  637, 1225,  449,  360,  814, 1195,  478,  971,  904, 1189,  951,  719,  804, 1011,  450,  250, 1108,  777,  114,  865,  705,  883,  478, 1027,  975,  189,  855,  184,  156,  639,  500,  854,   47,  938,  256,  692, 1143,  484,  887,  825,  615,  859, 1016,  762, 1080, 1249,  904,  855,  603,  632,  947,   30,  916,  534,  989,  912,  877,  922,  511,  310,  440,  871,  801,  611,  489,  213],
        [  448,    0,  460,  836,    0,  509,  202,  664,  717,  579,  436,   44,  664,  710,  269,  286,  497,  524,  659,  371,  642,  684,  607,  734,  324,  243,  598,  406,   76,  167,  125,  440,  555,  708,  353,   88,  146,  409,  385,  734,  641,   74,  751,  459,  166,  196,  740,  365,  669,  232,  360,  407,  356,  778,  229,  304,  397,  377,  343,  264,  450,  133,  463,  434,  300,  423,  665,  481,  147,  448,  380,  400,  107,  389,  497,  138,   41,  184,  415,  665,  414,  264,  728,  890,  419,  655,  359,  318,  165,  670,  349,  758,  686,  628,  340,  497,  827,  146,  584,  248,  441,  677,  289,  367,  752,  575,  243,  191,  247,  503,  285,  229,  324,  658,  302,  854,   82,  653,  178,  137,  187,  476,  639,  606,  470,  245,  669,  621,  464,  693],
        [  915,    0,  361, 1079,  509,    0,  356, 1019,  561,  707,  153,  525,  776,  666,  534,  607,  920,   39,  630,  358,  616,  809,  831, 1035,  361,  331,  987,  913,  582,  373,  385,  281,  170,  722,  405,  487,  580,  308,  743,  642,  264,  503,  504,  293,  356,  532,  730,  520,  631,  564,  676,  134,  426,  481,  729,  772,  381,  295,  611,  312,   65,  437,  967,  748,  464,  384,  699,  803,  655,  261,  767,  894,  412,  367,  149,  611,  497,  434,  799,  838,  167,  335, 1000,  632,  378,  356,  679,  218,  398,  975,  857,  928,  929,  534,  703,  254, 1092,  605,  881,  736,  178,  683,  792,  875,  655,  303,  317,  393,  464,  281,  784,  299,  494,  562,  208, 1106,  514,  632,  594,  380,  687,  170,  639,  970,  873,  279,  438,  551,  894, 1024],
        [  560,    0,  455,  796,  202,  356,    0,  686,  529,  470,  249,  238,  553,  548,  200,  264,  568,  381,  498,  179,  481,  580,  547,  723,  342,  242,  643,  578,  260,   37,  122,  402,  363,  563,  177,  144,  227,  208,  399,  561,  444,  241,  553,  424,  161,  179,  590,  242,  506,  215,  341,  295,  404,  578,  387,  417,  413,  176,  288,   63,  292,   86,  656,  419,  166,  436,  524,  474,  335,  400,  418,  599,  165,  401,  308,  264,  172,  270,  451,  582,  322,   64,  700,  693,  229,  453,  343,  234,  220,  660,  536,  678,  640,  448,  356,  296,  798,  341,  566,  387,  356,  528,  485,  547,  578,  373,  228,   39,  340,  455,  483,   64,  200,  480,  165,  819,  254,  494,  360,  152,  387,  283,  485,  632,  524,   83,  470,  446,  540,  700],
        [  326,    0, 1112,  269,  664, 1019,  686,    0,  783,  425,  876,  693,  436,  649,  489,  422,  210, 1051,  624,  674,  619,  418,  272,  124,  980,  887,   96,  538,  615,  687,  737, 1075,  952,  575,  623,  611,  521,  735,  290,  713,  978,  733,  895, 1097,  795,  514,  612,  507,  635,  475,  346,  980, 1020,  961,  512,  400, 1055,  735,  408,  713,  956,  631,  682,  272,  556, 1081,  543,  216,  606, 1077,  285,  721,  752, 1046,  915,  531,  640,  848,  250,  343, 1007,  688,  175,  973,  676,  912,  344,  916,  821,  107,  607,  355,  225,  697,  335,  835,  232,  737,  160,  470, 1041,  581,  650,  574,  724,  865,  880,  648,  910, 1133,  668,  749,  527,  702,  849,  268,  736,  614,  791,  768,  659,  885,  587,   60,  205,  768,  849,  670,  239,   57],
        [  876,    0,  880,  701,  717,  561,  529,  783,    0,  358,  436,  758,  369,  158,  499,  550,  809,  598,  163,  351,  165,  398,  515,  731,  816,  730,  806,  997,  751,  565,  649,  804,  397,  242,  365,  635,  659,  335,  626,  101,  337,  768,  124,  822,  676,  567,  225,  394,  154,  561,  557,  636,  887,  196,  821,  783,  870,  370,  496,  479,  533,  584, 1114,  578,  430,  885,  254,  611,  817,  789,  670, 1082,  693,  855,  414,  710,  679,  790,  682,  465,  681,  467,  673,  200,  301,  229,  561,  654,  739,  692,  991,  519,  593,   99,  615,  316,  733,  862,  624,  798,  709,  217,  964,  987,  107,  259,  713,  529,  856,  826,  968,  543,  420,   82,  568,  730,  780,  172,  887,  675,  882,  399,  198,  761,  750,  541,  133,  120,  800,  756],
        [  563,    0,  919,  381,  579,  707,  470,  425,  358,    0,  554,  622,   86,  231,  310,  311,  475,  744,  200,  355,  194,  111,  159,  380,  811,  711,  454,  725,  578,  493,  576,  858,  593,  172,  318,  493,  462,  400,  319,  292,  592,  649,  472,  880,  626,  385,  212,  229,  211,  355,  272,  717,  872,  541,  583,  509,  882,  416,  246,  458,  653,  470,  862,  255,  305,  904,  130,  272,  620,  852,  363,  854,  612,  869,  574,  506,  540,  724,  363,  133,  756,  433,  327,  549,  330,  508,  275,  686,  679,  336,  746,  222,  246,  276,  328,  474,  403,  713,  267,  548,  790,  165,  744,  731,  304,  479,  697,  444,  796,  903,  754,  520,  272,  278,  599,  410,  659,  190,  755,  610,  690,  545,  163,  406,  419,  532,  434,  248,  474,  400],
        [  799,    0,  447,  927,  436,  153,  249,  876,  436,  554,    0,  463,  624,  524,  399,  473,  792,  191,  485,  207,  471,  656,  680,  887,  399,  332,  850,  826,  502,  276,  320,  369,  120,  575,  256,  392,  473,  155,  607,  507,  215,  452,  404,  387,  314,  411,  586,  372,  487,  438,  538,  201,  470,  400,  636,  661,  443,  144,  470,  191,  103,  334,  898,  606,  322,  455,  550,  661,  578,  354,  636,  835,  359,  428,   62,  512,  413,  419,  666,  685,  246,  209,  850,  543,  225,  266,  540,  232,  372,  827,  781,  775,  777,  394,  570,  120,  941,  557,  734,  635,  274,  536,  725,  794,  522,  193,  314,  280,  470,  391,  720,  208,  350,  424,  163,  954,  464,  486,  560,  329,  623,   47,  491,  829,  742,  192,  327,  408,  768,  878],
        [  461,    0,  444,  873,   44,  525,  238,  693,  758,  622,  463,    0,  706,  753,  312,  325,  518,  537,  702,  411,  685,  726,  646,  767,  308,  238,  623,  398,   83,  202,  144,  432,  582,  751,  394,  131,  180,  446,  418,  777,  672,   41,  789,  450,  173,  238,  784,  408,  711,  272,  397,  416,  333,  815,  233,  320,  378,  413,  384,  299,  469,  174,  442,  470,  343,  405,  708,  515,  138,  442,  410,  373,  114,  373,  524,  162,   84,  163,  444,  705,  418,  300,  763,  929,  459,  690,  397,  324,  155,  703,  333,  798,  724,  670,  374,  530,  862,  105,  619,  258,  444,  720,  267,  355,  794,  609,  241,  230,  218,  495,  260,  257,  367,  700,  321,  890,   44,  696,  135,  146,  163,  504,  682,  634,  495,  272,  707,  663,  485,  724],
        [  617,    0, 1001,  337,  664,  776,  553,  436,  369,   86,  624,  706,    0,  219,  395,  392,  520,  814,  207,  430,  208,   34,  167,  367,  895,  794,  481,  791,  661,  577,  661,  939,  652,  140,  397,  578,  544,  470,  383,  285,  640,  734,  490,  960,  711,  469,  177,  314,  216,  438,  345,  794,  956,  561,  658,  577,  965,  490,  328,  539,  724,  555,  931,  315,  389,  987,  116,  320,  701,  932,  425,  928,  697,  952,  638,  587,  624,  809,  420,   98,  834,  515,  307,  546,  400,  548,  348,  767,  764,  335,  818,  160,  227,  303,  399,  535,  366,  796,  287,  621,  868,  153,  820,  800,  293,  530,  781,  528,  881,  981,  831,  602,  356,  296,  679,  366,  744,  198,  839,  695,  771,  610,  175,  427,  467,  613,  465,  275,  524,  400],
        [  785,    0,  952,  546,  710,  666,  548,  649,  158,  231,  524,  753,  219,    0,  458,  490,  703,  705,   51,  379,   68,  246,  378,  586,  869,  775,  684,  931,  730,  580,  668,  880,  515,   85,  372,  623,  623,  390,  535,   66,  475,  771,  281,  900,  706,  534,   70,  352,   43,  516,  476,  719,  937,  353,  770,  713,  931,  421,  428,  510,  627,  582, 1060,  477,  410,  949,  106,  500,  786,  869,  580, 1040,  710,  917,  518,  673,  670,  817,  586,  317,  762,  492,  526,  327,  333,  371,  479,  717,  767,  552,  940,  363,  446,  133,  535,  413,  580,  854,  494,  741,  793,   69,  925,  930,   75,  378,  758,  536,  887,  911,  932,  578,  389,  108,  627,  575,  783,   58,  887,  699,  855,  497,   78,  634,  646,  582,  277,  117,  700,  617],
        [  417,    0,  648,  600,  269,  534,  200,  489,  499,  310,  399,  312,  395,  458,    0,   76,  395,  564,  408,  219,  392,  416,  356,  523,  527,  427,  454,  502,  274,  209,  280,  601,  492,  445,  171,  184,  165,  281,  210,  493,  545,  340,  565,  622,  336,   78,  480,  108,  419,   62,  144,  493,  580,  612,  322,  296,  601,  268,   89,  225,  470,  168,  616,  220,   87,  625,  401,  275,  328,  600,  238,  586,  311,  589,  447,  216,  230,  422,  267,  402,  521,  200,  502,  691,  245,  514,  146,  433,  380,  460,  492,  498,  445,  402,  172,  389,  600,  405,  366,  300,  556,  417,  469,  489,  511,  445,  416,  164,  493,  654,  475,  263,   81,  428,  362,  622,  349,  401,  446,  315,  397,  417,  383,  438,  344,  281,  491,  388,  372,  500],
        [  345,    0,  700,  556,  286,  607,  264,  422,  550,  311,  473,  325,  392,  490,   76,    0,  320,  636,  442,  292,  427,  409,  322,  467,  573,  475,  381,  448,  270,  266,  325,  657,  567,  465,  243,  210,  153,  354,  137,  533,  618,  359,  625,  679,  383,   99,  502,  158,  454,   58,   80,  559,  622,  675,  281,  234,  648,  343,   66,  296,  542,  214,  571,  159,  160,  673,  419,  213,  310,  658,  163,  551,  349,  637,  522,  195,  250,  455,  193,  381,  586,  272,  452,  746,  315,  583,   81,  495,  419,  402,  450,  473,  403,  452,   97,  463,  551,  407,  310,  252,  620,  441,  438,  441,  549,  516,  467,  226,  525,  714,  446,  328,  146,  474,  428,  576,  367,  434,  453,  359,  380,  492,  413,  369,  269,  347,  554,  434,  297,  438],
        [  120,    0,  955,  465,  497,  920,  568,  210,  809,  475,  792,  518,  520,  703,  395,  320,    0,  947,  666,  609,  656,  515,  362,  323,  820,  734,  118,  331,  436,  559,  590,  929,  886,  645,  558,  462,  364,  672,  194,  761,  933,  559,  905,  949,  646,  389,  685,  455,  678,  357,  268,  858,  851,  964,  313,  204,  893,  662,  339,  609,  856,  496,  477,  231,  477,  919,  605,  204,  413,  934,  158,  512,  595,  886,  841,  359,  480,  679,  133,  448,  878,  587,  356, 1007,  625,  887,  265,  782,  660,  278,  398,  498,  370,  713,  224,  779,  434,  546,  251,  274,  911,  639,  442,  365,  775,  827,  730,  530,  735,  990,  461,  629,  457,  727,  730,  469,  560,  656,  600,  617,  460,  811,  630,  157,   59,  649,  844,  689,   34,  260],
        [  938,    0,  336, 1116,  524,   39,  381, 1051,  598,  744,  191,  537,  814,  705,  564,  636,  947,    0,  669,  394,  655,  847,  867, 1069,  350,  331, 1017,  929,  598,  395,  400,  258,  206,  760,  440,  508,  602,  345,  772,  681,  296,  512,  539,  268,  366,  559,  769,  555,  670,  592,  707,  129,  412,  513,  746,  794,  363,  331,  643,  341,   96,  459,  977,  780,  496,  363,  738,  835,  669,  237,  795,  902,  423,  349,  187,  631,  514,  435,  827,  875,  153,  365, 1036,  666,  415,  391,  709,  220,  403, 1009,  870,  966,  964,  573,  732,  293, 1128,  612,  915,  755,  157,  722,  803,  889,  694,  341,  318,  418,  460,  251,  794,  321,  527,  601,  226, 1142,  523,  670,  597,  392,  698,  209,  677, 1001,  902,  301,  474,  589,  920, 1057],
        [  743,    0,  907,  542,  659,  630,  498,  624,  163,  200,  485,  702,  207,   51,  408,  442,  666,  669,    0,  331,   18,  238,  354,  569,  821,  726,  653,  885,  679,  530,  618,  836,  484,   96,  322,  572,  573,  346,  493,   96,  453,  720,  283,  856,  656,  484,  102,  301,   13,  467,  431,  677,  889,  354,  722,  667,  884,  376,  381,  462,  588,  531, 1012,  437,  359,  903,   93,  464,  736,  825,  538,  991,  660,  870,  483,  623,  619,  767,  545,  303,  720,  443,  511,  350,  286,  353,  435,  672,  717,  531,  891,  361,  430,  105,  491,  377,  572,  803,  466,  693,  751,   61,  875,  882,  111,  350,  710,  485,  837,  869,  882,  529,  338,   91,  581,  571,  732,   10,  836,  649,  805,  460,   37,  605,  608,  534,  264,   82,  661,  596],
        [  634,    0,  580,  722,  371,  358,  179,  674,  351,  355,  207,  411,  430,  379,  219,  292,  609,  394,  331,    0,  315,  462,  473,  680,  490,  396,  655,  702,  415,  215,  299,  513,  280,  408,   52,  295,  343,   64,  418,  386,  327,  418,  381,  534,  330,  259,  429,  167,  338,  271,  345,  364,  558,  414,  514,  509,  554,   64,  274,  133,  300,  240,  801,  407,  133,  573,  375,  460,  487,  505,  451,  755,  344,  540,  242,  392,  335,  443,  478,  483,  404,  118,  643,  519,   51,  303,  348,  344,  393,  621,  677,  576,  571,  271,  386,  171,  734,  515,  529,  501,  438,  371,  638,  681,  403,  229,  379,  181,  512,  553,  638,  200,  153,  303,  254,  748,  431,  329,  537,  327,  547,  211,  326,  629,  555,  203,  300,  272,  588,  673],
        [  731,    0,  891,  544,  642,  616,  481,  619,  165,  194,  471,  685,  208,   68,  392,  427,  656,  655,   18,  315,    0,  239,  350,  567,  804,  710,  645,  871,  662,  513,  601,  821,  473,  107,  305,  556,  557,  330,  481,  108,  444,  703,  284,  841,  639,  467,  117,  285,   27,  451,  418,  661,  872,  354,  707,  653,  868,  360,  366,  445,  573,  514,  998,  426,  342,  886,   97,  455,  720,  810,  526,  975,  643,  854,  470,  607,  602,  750,  534,  302,  704,  426,  510,  357,  270,  346,  421,  655,  700,  527,  876,  364,  429,   98,  477,  364,  573,  786,  460,  678,  736,   69,  860,  868,  124,  340,  694,  468,  820,  854,  866,  512,  322,   89,  565,  573,  715,   16,  819,  632,  788,  447,   34,  598,  598,  517,  259,   72,  650,  591],
        [  616,    0, 1030,  305,  684,  809,  580,  418,  398,  111,  656,  726,   34,  246,  416,  409,  515,  847,  238,  462,  239,    0,  155,  342,  922,  822,  468,  795,  678,  603,  686,  968,  686,  164,  427,  600,  561,  503,  388,  312,  673,  755,  520,  990,  737,  489,  198,  340,  246,  456,  356,  825,  983,  591,  668,  584,  993,  522,  345,  569,  756,  579,  937,  319,  415, 1015,  145,  318,  716,  962,  429,  937,  721,  980,  671,  603,  645,  833,  421,   76,  865,  544,  281,  572,  433,  581,  359,  796,  789,  315,  826,  126,  203,  335,  408,  569,  336,  814,  275,  631,  899,  182,  831,  807,  319,  563,  808,  554,  905, 1012,  842,  631,  382,  327,  709,  334,  765,  229,  858,  720,  785,  643,  206,  414,  463,  642,  497,  308,  521,  379],
        [  468,    0, 1001,  251,  607,  831,  547,  272,  515,  159,  680,  646,  167,  378,  356,  322,  362,  867,  354,  473,  350,  155,    0,  223,  881,  781,  315,  657,  586,  562,  635,  948,  733,  304,  428,  529,  470,  527,  260,  442,  742,  680,  630,  970,  691,  416,  342,  317,  365,  377,  251,  823,  935,  699,  549,  453,  955,  537,  269,  552,  772,  523,  801,  192,  387,  979,  272,  174,  611,  945,  295,  810,  664,  944,  707,  504,  571,  774,  281,   86,  857,  526,  174,  702,  459,  663,  253,  777,  734,  178,  696,  158,   98,  434,  290,  614,  262,  723,  121,  508,  892,  310,  711,  674,  452,  628,  770,  515,  844,  998,  724,  606,  352,  436,  696,  276,  688,  344,  771,  670,  678,  677,  318,  261,  313,  621,  592,  406,  371,  242],
        [  442,    0, 1166,  146,  734, 1035,  723,  124,  731,  380,  887,  767,  367,  586,  523,  467,  323, 1069,  569,  680,  567,  342,  223,    0, 1038,  941,  216,  653,  693,  730,  791, 1122,  949,  506,  632,  670,  589,  738,  350,  651,  962,  805,  849, 1144,  849,  564,  539,  516,  579,  523,  387, 1012, 1084,  919,  608,  496, 1113,  744,  436,  741,  974,  680,  799,  308,  576, 1138,  481,  255,  694, 1122,  359,  833,  811, 1103,  919,  607,  704,  914,  328,  269, 1043,  714,   65,  912,  673,  885,  386,  956,  882,   65,  717,  254,  140,  655,  394,  830,  112,  822,  158,  565, 1078,  519,  755,  686,  659,  849,  933,  687,  980, 1177,  772,  786,  543,  654,  882,  147,  810,  560,  875,  824,  753,  889,  534,  167,  304,  803,  813,  627,  349,   68],
        [  769,    0,  136, 1126,  324,  361,  342,  980,  816,  811,  399,  308,  895,  869,  527,  573,  820,  350,  821,  490,  804,  922,  881, 1038,    0,  101,  918,  689,  390,  321,  248,  138,  497,  895,  507,  370,  461,  484,  693,  870,  599,  269,  800,  152,  191,  475,  918,  583,  827,  516,  653,  228,   72,  798,  540,  627,   75,  451,  614,  362,  335,  361,  696,  731,  507,  101,  859,  783,  439,  155,  696,  609,  229,   66,  446,  461,  343,  148,  731,  922,  197,  384, 1024,  940,  537,  664,  653,  167,  161,  974,  610, 1018,  971,  753,  648,  512, 1123,  333,  883,  566,  201,  859,  533,  640,  886,  590,  114,  370,  128,  200,  519,  295,  541,  785,  249, 1147,  272,  819,  297,  215,  437,  444,  814,  923,  791,  288,  720,  758,  788, 1004],
        [  691,    0,  226, 1026,  243,  331,  242,  887,  730,  711,  332,  238,  794,  775,  427,  475,  734,  331,  726,  396,  710,  822,  781,  941,  101,    0,  828,  633,  315,  221,  151,  197,  441,  798,  409,  276,  371,  396,  598,  779,  542,  203,  724,  217,   92,  377,  823,  482,  733,  418,  555,  203,  164,  729,  469,  546,  175,  362,  514,  265,  290,  262,  659,  633,  407,  199,  762,  687,  374,  206,  604,  578,  139,  163,  386,  378,  255,  105,  639,  821,  191,  286,  925,  866,  444,  595,  556,  114,   84,  877,  561,  918,  871,  663,  553,  437, 1024,  289,  785,  490,  211,  762,  488,  587,  796,  518,   18,  269,  139,  260,  476,  198,  441,  695,  171, 1047,  210,  724,  268,  119,  386,  378,  718,  830,  701,  193,  643,  666,  702,  909],
        [  231,    0, 1052,  362,  598,  987,  643,   96,  806,  454,  850,  623,  481,  684,  454,  381,  118, 1017,  653,  655,  645,  468,  315,  216,  918,  828,    0,  443,  542,  639,  681, 1021,  935,  616,  604,  553,  458,  718,  245,  746,  971,  663,  912, 1042,  738,  466,  655,  492,  665,  429,  313,  937,  953,  976,  428,  317,  992,  713,  382,  677,  923,  580,  587,  250,  529, 1019,  580,  202,  526, 1024,  227,  627,  691,  984,  894,  461,  576,  781,  193,  396,  961,  653,  260, 1002,  664,  913,  310,  867,  758,  184,  514,  426,  293,  715,  287,  822,  327,  658,  195,  387,  994,  617,  560,  480,  758,  860,  823,  604,  841, 1080,  578,  706,  504,  724,  807,  362,  666,  643,  712,  710,  575,  864,  616,   58,  128,  725,  859,  689,  149,  150],
        [  213,    0,  820,  795,  406,  913,  578,  538,  997,  725,  826,  398,  791,  931,  502,  448,  331,  929,  885,  702,  871,  795,  657,  653,  689,  633,  443,    0,  332,  551,  530,  821,  940,  893,  663,  435,  361,  757,  409,  978, 1015,  431, 1066,  838,  569,  445,  933,  604,  897,  441,  457,  812,  692, 1111,  192,  219,  750,  733,  505,  638,  853,  492,  147,  477,  582,  775,  849,  484,  262,  834,  367,  190,  510,  748,  885,  316,  418,  543,  377,  740,  816,  626,  684, 1192,  739, 1004,  454,  721,  550,  607,   93,  807,  687,  899,  399,  861,  764,  358,  564,  203,  841,  876,  170,   55,  994,  929,  638,  549,  572,  885,  189,  622,  582,  921,  706,  799,  424,  877,  403,  541,  253,  860,  854,  487,  358,  641,  991,  881,  307,  590],
        [  379,    0,  526,  804,   76,  582,  260,  615,  751,  578,  502,   83,  661,  730,  274,  270,  436,  598,  679,  415,  662,  678,  586,  693,  390,  315,  542,  332,    0,  228,  199,  511,  620,  719,  389,  121,  118,  459,  346,  760,  703,  124,  796,  530,  241,  197,  754,  379,  689,  224,  335,  482,  415,  828,  155,  238,  461,  430,  334,  322,  522,  179,  397,  403,  325,  487,  675,  445,   76,  520,  334,  342,  182,  455,  563,   86,   90,  245,  368,  650,  489,  317,  693,  932,  461,  709,  334,  393,  234,  630,  279,  741,  658,  659,  305,  554,  791,  138,  549,  177,  516,  691,  226,  294,  777,  630,  317,  240,  300,  574,  225,  295,  341,  688,  375,  820,  124,  672,  186,  212,  132,  540,  656,  556,  415,  313,  715,  649,  403,  648],
        [  544,    0,  440,  809,  167,  373,   37,  687,  565,  493,  276,  202,  577,  580,  209,  266,  559,  395,  530,  215,  513,  603,  562,  730,  321,  221,  639,  551,  228,    0,   89,  393,  393,  593,  209,  117,  208,  244,  398,  595,  476,  205,  589,  414,  134,  174,  620,  264,  538,  213,  345,  300,  380,  613,  361,  400,  394,  212,  298,   97,  309,   65,  625,  424,  189,  418,  553,  479,  304,  393,  413,  566,  131,  382,  336,  240,  139,  238,  447,  601,  322,  100,  710,  730,  265,  489,  347,  229,  190,  666,  506,  697,  653,  483,  354,  330,  809,  305,  573,  365,  356,  558,  453,  518,  612,  408,  209,   49,  310,  448,  450,   75,  222,  514,  172,  831,  218,  526,  324,  121,  353,  312,  516,  632,  517,   95,  506,  480,  530,  703],
        [  557,    0,  376,  878,  125,  385,  122,  737,  649,  576,  320,  144,  661,  668,  280,  325,  590,  400,  618,  299,  601,  686,  635,  791,  248,  151,  681,  530,  199,   89,    0,  340,  440,  680,  297,  129,  226,  321,  449,  682,  531,  133,  666,  362,   59,  228,  708,  348,  626,  269,  405,  286,  301,  686,  350,  411,  323,  287,  367,  172,  327,  113,  585,  484,  274,  348,  641,  537,  271,  345,  456,  517,   45,  313,  381,  242,  118,  150,  491,  680,  296,  182,  776,  808,  350,  557,  406,  198,  103,  727,  473,  776,  724,  569,  403,  396,  876,  238,  635,  363,  326,  646,  410,  491,  699,  476,  144,  135,  222,  401,  403,  118,  305,  601,  178,  899,  146,  614,  247,   35,  306,  363,  604,  680,  555,  130,  583,  567,  559,  759],
        [  888,    0,   81, 1198,  440,  281,  402, 1075,  804,  858,  369,  432,  939,  880,  601,  657,  929,  258,  836,  513,  821,  968,  948, 1122,  138,  197, 1021,  821,  511,  393,  340,    0,  442,  919,  542,  469,  565,  491,  786,  871,  541,  395,  768,   22,  284,  562,  937,  637,  841,  602,  737,  169,  174,  754,  664,  743,  113,  462,  689,  401,  280,  445,  833,  815,  563,  108,  888,  870,  567,   23,  795,  746,  336,  103,  402,  574,  451,  279,  830,  979,  125,  427, 1102,  903,  553,  623,  738,  173,  277, 1058,  745, 1074, 1042,  755,  741,  489, 1200,  468,  965,  687,  104,  881,  668,  773,  886,  558,  199,  437,  265,   64,  655,  343,  598,  787,  261, 1220,  400,  836,  434,  313,  571,  409,  835, 1019,  895,  329,  694,  765,  898, 1094],
        [  903,    0,  522,  974,  555,  170,  363,  952,  397,  593,  120,  582,  652,  515,  492,  567,  886,  206,  484,  280,  473,  686,  733,  949,  497,  441,  935,  940,  620,  393,  440,  442,    0,  579,  332,  507,  584,  218,  697,  484,  103,  571,  334,  456,  432,  515,  582,  445,  484,  538,  624,  278,  567,  313,  750,  768,  531,  225,  554,  303,  164,  449, 1016,  686,  410,  539,  563,  739,  696,  423,  729,  954,  478,  516,   59,  626,  531,  533,  757,  726,  319,  316,  907,  464,  278,  186,  627,  334,  488,  893,  898,  810,  830,  383,  663,  120,  992,  676,  802,  747,  339,  542,  843,  910,  496,  140,  424,  392,  580,  449,  839,  327,  432,  408,  277, 1001,  583,  488,  678,  448,  741,   81,  499,  909,  834,  311,  270,  403,  864,  948],
        [  734,    0,  988,  461,  708,  722,  563,  575,  242,  172,  575,  751,  140,   85,  445,  465,  645,  760,   96,  408,  107,  164,  304,  506,  895,  798,  616,  893,  719,  593,  680,  919,  579,    0,  390,  621,  607,  431,  489,  150,  548,  773,  365,  940,  723,  522,   41,  344,   98,  499,  437,  763,  962,  437,  743,  676,  961,  458,  400,  534,  678,  586, 1027,  426,  412,  981,   46,  442,  770,  909,  534, 1014,  721,  947,  576,  655,  668,  830,  535,  237,  805,  513,  444,  408,  366,  447,  440,  752,  782,  475,  910,  278,  366,  200,  495,  470,  496,  849,  423,  710,  837,   39,  902,  896,  155,  445,  783,  546,  902,  954,  910,  601,  385,  183,  661,  491,  784,   92,  886,  713,  839,  552,   85,  564,  590,  608,  356,  177,  645,  540],
        [  587,    0,  606,  678,  353,  405,  177,  623,  365,  318,  256,  394,  397,  372,  171,  243,  558,  440,  322,   52,  305,  427,  428,  632,  507,  409,  604,  663,  389,  209,  297,  542,  332,  390,    0,  271,  307,  115,  367,  387,  376,  406,  410,  564,  336,  219,  415,  117,  330,  227,  294,  401,  573,  449,  476,  465,  574,  113,  223,  146,  345,  220,  766,  355,   85,  595,  353,  409,  458,  535,  401,  725,  340,  561,  293,  357,  315,  446,  427,  443,  439,  124,  596,  544,   77,  344,  297,  371,  396,  572,  643,  537,  526,  277,  336,  221,  689,  498,  479,  461,  473,  354,  607,  644,  404,  274,  394,  168,  516,  585,  609,  212,  102,  307,  282,  704,  419,  318,  525,  328,  521,  262,  310,  578,  504,  220,  331,  272,  538,  623],
        [  434,    0,  502,  765,   88,  487,  144,  611,  635,  493,  392,  131,  578,  623,  184,  210,  462,  508,  572,  295,  556,  600,  529,  670,  370,  276,  553,  435,  121,  117,  129,  469,  507,  621,  271,    0,   99,  339,  324,  649,  586,  156,  676,  490,  186,  114,  653,  277,  582,  153,  288,  404,  414,  708,  245,  288,  445,  311,  262,  206,  425,   60,  514,  365,  214,  471,  578,  415,  194,  473,  328,  462,  142,  435,  451,  124,   48,  246,  363,  583,  420,  198,  660,  813,  341,  589,  288,  322,  212,  606,  393,  677,  612,  545,  278,  436,  759,  231,  517,  249,  451,  590,  346,  403,  667,  510,  271,  120,  316,  529,  345,  190,  236,  574,  283,  784,  166,  567,  266,  158,  252,  426,  552,  554,  427,  210,  595,  536,  432,  635],
        [  337,    0,  595,  693,  146,  580,  227,  521,  659,  462,  473,  180,  544,  623,  165,  153,  364,  602,  573,  343,  557,  561,  470,  589,  461,  371,  458,  361,  118,  208,  226,  565,  584,  607,  307,   99,    0,  397,  240,  658,  655,  217,  715,  586,  282,   92,  643,  273,  584,  109,  219,  501,  499,  755,  171,  193,  535,  373,  217,  283,  516,  144,  460,  290,  231,  561,  562,  336,  164,  570,  237,  423,  233,  527,  530,   52,  119,  327,  272,  533,  518,  268,  584,  847,  382,  645,  218,  421,  301,  525,  336,  624,  545,  564,  195,  501,  683,  255,  440,  163,  549,  580,  306,  339,  675,  569,  367,  194,  392,  626,  311,  282,  240,  590,  378,  710,  223,  566,  302,  253,  233,  504,  548,  463,  331,  302,  637,  551,  334,  549],
        [  696,    0,  562,  773,  409,  308,  208,  735,  335,  400,  155,  446,  470,  390,  281,  354,  672,  345,  346,   64,  330,  503,  527,  738,  484,  396,  718,  757,  459,  244,  321,  491,  218,  431,  115,  339,  397,    0,  481,  386,  265,  448,  346,  511,  343,  316,  447,  228,  351,  332,  408,  332,  555,  370,  567,  568,  543,   35,  337,  150,  254,  281,  850,  469,  195,  560,  402,  522,  533,  480,  514,  800,  366,  529,  182,  444,  375,  457,  541,  531,  375,  146,  699,  487,   71,  250,  411,  328,  406,  680,  728,  621,  625,  269,  448,  109,  788,  549,  588,  557,  407,  392,  684,  734,  402,  173,  379,  221,  521,  524,  684,  210,  216,  301,  238,  800,  461,  346,  566,  345,  590,  151,  347,  691,  618,  207,  263,  276,  651,  733],
        [  251,    0,  824,  459,  385,  743,  399,  290,  626,  319,  607,  418,  383,  535,  210,  137,  194,  772,  493,  418,  481,  388,  260,  350,  693,  598,  245,  409,  346,  398,  449,  786,  697,  489,  367,  324,  240,  481,    0,  588,  740,  456,  716,  808,  507,  225,  529,  262,  505,  186,   75,  694,  736,  773,  290,  196,  768,  473,  146,  432,  678,  342,  549,   70,  288,  794,  445,  100,  358,  788,   46,  552,  465,  759,  653,  261,  356,  565,   62,  339,  720,  408,  348,  825,  433,  694,   72,  627,  535,  286,  439,  417,  317,  528,   46,  588,  446,  479,  203,  249,  753,  475,  451,  419,  603,  634,  591,  361,  631,  844,  465,  463,  266,  545,  564,  474,  461,  484,  531,  480,  423,  623,  459,  234,  138,  482,  653,  506,  178,  312],
        [  839,    0,  945,  610,  734,  642,  561,  713,  101,  292,  507,  777,  285,   66,  493,  533,  761,  681,   96,  386,  108,  312,  442,  651,  870,  779,  746,  978,  760,  595,  682,  871,  484,  150,  387,  649,  658,  386,  588,    0,  433,  792,  222,  890,  716,  567,  126,  386,   84,  553,  525,  706,  940,  293,  811,  760,  929,  419,  473,  518,  608,  604, 1103,  533,  436,  945,  171,  559,  820,  858,  633, 1078,  726,  914,  494,  708,  695,  828,  641,  383,  750,  502,  591,  262,  337,  326,  529,  713,  778,  617,  981,  427,  512,  117,  585,  391,  645,  879,  557,  784,  780,  133,  962,  973,   18,  345,  762,  554,  897,  898,  968,  585,  420,   85,  624,  639,  804,  106,  909,  711,  888,  475,  132,  697,  704,  587,  230,  115,  757,  682],
        [  961,    0,  621,  971,  641,  264,  444,  978,  337,  592,  215,  672,  640,  475,  545,  618,  933,  296,  453,  327,  444,  673,  742,  962,  599,  542,  971, 1015,  703,  476,  531,  541,  103,  548,  376,  586,  655,  265,  740,  433,    0,  663,  252,  555,  528,  579,  544,  480,  450,  596,  666,  379,  669,  219,  824,  832,  633,  284,  595,  381,  267,  527, 1099,  721,  459,  640,  540,  771,  778,  522,  776, 1041,  571,  619,  157,  700,  614,  632,  801,  722,  420,  390,  915,  371,  308,  110,  669,  436,  586,  909,  979,  799,  836,  348,  711,  157,  994,  769,  823,  818,  438,  513,  928,  988,  442,  114,  525,  468,  681,  544,  925,  415,  476,  368,  376, 1000,  676,  458,  773,  542,  828,  170,  474,  939,  878,  402,  205,  373,  913,  968],
        [  501,    0,  405,  909,   74,  503,  241,  733,  768,  649,  452,   41,  734,  771,  340,  359,  559,  512,  720,  418,  703,  755,  680,  805,  269,  203,  663,  431,  124,  205,  133,  395,  571,  773,  406,  156,  217,  448,  456,  792,  663,    0,  793,  412,  148,  268,  804,  431,  729,  304,  433,  389,  292,  815,  272,  361,  338,  415,  415,  299,  449,  189,  465,  506,  363,  365,  731,  553,  173,  406,  450,  391,   94,  333,  513,  203,  110,  122,  484,  737,  388,  304,  801,  934,  468,  688,  432,  296,  120,  742,  361,  830,  759,  683,  412,  527,  900,  106,  656,  298,  411,  741,  291,  385,  809,  607,  208,  240,  178,  458,  282,  250,  389,  713,  302,  927,   14,  715,  119,  125,  187,  495,  702,  674,  536,  262,  710,  677,  526,  763],
        [  963,    0,  847,  823,  751,  504,  553,  895,  124,  472,  404,  789,  490,  281,  565,  625,  905,  539,  283,  381,  284,  520,  630,  849,  800,  724,  912, 1066,  796,  589,  666,  768,  334,  365,  410,  676,  715,  346,  716,  222,  252,  793,    0,  784,  684,  626,  347,  468,  275,  626,  645,  600,  872,   73,  883,  859,  846,  380,  579,  495,  489,  620, 1175,  675,  487,  858,  375,  714,  866,  751,  759, 1134,  711,  831,  367,  766,  716,  797,  775,  585,  644,  490,  793,  143,  336,  149,  648,  634,  747,  808, 1051,  641,  712,  198,  701,  288,  855,  893,  735,  865,  667,  340, 1016, 1051,  224,  211,  706,  561,  857,  780, 1018,  552,  485,  196,  555,  853,  806,  292,  911,  688,  927,  360,  317,  869,  847,  546,   84,  225,  894,  871],
        [  907,    0,   69, 1220,  459,  293,  424, 1097,  822,  880,  387,  450,  960,  900,  622,  679,  949,  268,  856,  534,  841,  990,  970, 1144,  152,  217, 1042,  838,  530,  414,  362,   22,  456,  940,  564,  490,  586,  511,  808,  890,  555,  412,  784,    0,  304,  584,  957,  658,  861,  624,  759,  186,  179,  768,  683,  763,  116,  482,  711,  423,  296,  467,  847,  837,  585,  105,  909,  892,  585,   34,  816,  759,  356,  108,  418,  594,  471,  296,  851, 1000,  142,  448, 1124,  918,  574,  639,  760,  195,  296, 1080,  761, 1096, 1064,  775,  763,  507, 1222,  483,  987,  706,  118,  902,  684,  789,  905,  575,  220,  459,  278,   49,  670,  365,  620,  806,  282, 1242,  417,  856,  448,  333,  587,  426,  856, 1041,  916,  351,  710,  785,  918, 1116],
        [  609,    0,  318,  935,  166,  356,  161,  795,  676,  626,  314,  173,  711,  706,  336,  383,  646,  366,  656,  330,  639,  737,  691,  849,  191,   92,  738,  569,  241,  134,   59,  284,  432,  723,  336,  186,  282,  343,  507,  716,  528,  148,  684,  304,    0,  285,  750,  398,  664,  326,  463,  244,  247,  697,  395,  463,  266,  308,  424,  199,  302,  170,  612,  541,  322,  290,  685,  595,  308,  289,  513,  538,   60,  255,  374,  294,  169,  115,  548,  734,  249,  215,  834,  826,  380,  565,  464,  153,   64,  785,  505,  830,  780,  601,  461,  404,  933,  251,  693,  412,  276,  688,  438,  527,  733,  485,   86,  183,  182,  345,  429,  134,  355,  633,  157,  956,  159,  653,  247,   30,  333,  359,  645,  738,  612,  138,  601,  601,  615,  817],
        [  389,    0,  603,  654,  196,  532,  179,  514,  567,  385,  411,  238,  469,  534,   78,   99,  389,  559,  484,  259,  467,  489,  416,  564,  475,  377,  466,  445,  197,  174,  228,  562,  515,  522,  219,  114,   92,  316,  225,  567,  579,  268,  626,  584,  285,    0,  557,  183,  494,   42,  178,  472,  524,  667,  258,  254,  550,  296,  148,  223,  468,  117,  550,  257,  140,  575,  478,  310,  253,  564,  240,  515,  251,  540,  465,  143,  158,  359,  274,  470,  496,  203,  550,  756,  295,  561,  179,  402,  321,  500,  426,  564,  500,  472,  181,  423,  649,  329,  408,  243,  529,  494,  397,  426,  585,  487,  369,  141,  429,  619,  402,  242,  149,  499,  342,  674,  277,  477,  370,  261,  322,  436,  459,  459,  345,  261,  548,  459,  362,  533],
        [  775,    0, 1007,  488,  740,  730,  590,  612,  225,  212,  586,  784,  177,   70,  480,  502,  685,  769,  102,  429,  117,  198,  342,  539,  918,  823,  655,  933,  754,  620,  708,  937,  582,   41,  415,  653,  643,  447,  529,  126,  544,  804,  347,  957,  750,  557,    0,  377,  100,  535,  476,  778,  986,  419,  781,  715,  983,  476,  438,  558,  689,  616, 1067,  466,  442, 1002,   85,  482,  806,  926,  574, 1052,  750,  969,  583,  691,  700,  858,  575,  272,  821,  538,  477,  378,  385,  440,  480,  771,  809,  511,  948,  305,  400,  200,  535,  477,  524,  882,  462,  749,  853,   64,  939,  936,  128,  446,  807,  575,  929,  970,  947,  625,  417,  177,  681,  517,  816,  102,  918,  740,  875,  561,  105,  602,  630,  631,  346,  181,  686,  576],
