{
    "name": "random-30-5802",
    "comment": "size=30 seed=5802",
    "nodes": ["+0", "-0", "+1", "-1", "+2", "-2", "+3", "-3", "+4", "-4", "+5", "-5", "+6", "-6", "+7", "-7", "+8", "-8", "+9", "-9", "+10", "-10", "+11", "-11", "+12", "-12", "+13", "-13", "+14", "-14", "+15", "-15", "+16", "-16", "+17", "-17", "+18", "-18", "+19", "-19", "+20", "-20", "+21", "-21", "+22", "-22", "+23", "-23", "+24", "-24", "+25", "-25", "+26", "-26", "+27", "-27", "+28", "-28", "+29", "-29", "+30", "-30"],
    "precedence": {
        "+0": "-0",
        "+1": "-1",
        "+2": "-2",
        "+3": "-3",
        "+4": "-4",
        "+5": "-5",
        "+6": "-6",
        "+7": "-7",
        "+8": "-8",
        "+9": "-9",
        "+10": "-10",
        "+11": "-11",
        "+12": "-12",
        "+13": "-13",
        "+14": "-14",
        "+15": "-15",
        "+16": "-16",
        "+17": "-17",
        "+18": "-18",
        "+19": "-19",
        "+20": "-20",
        "+21": "-21",
        "+22": "-22",
        "+23": "-23",
        "+24": "-24",
        "+25": "-25",
        "+26": "-26",
        "+27": "-27",
        "+28": "-28",
        "+29": "-29",
        "+30": "-30"
    },
    "edges": [
        [    0,    0,  875,  250,  924,  887,  308,  252,  641,  670, 1142,  710,  858,  389,  638,  862,  698, 1031,  622,  681,  170,  750,  117,  895,  195,  915,  399,  957,  704,  107,  497,  692, 1080,  935, 1055,  324,  721,  824,  397,  731,  124,  968,  701,  769,  699,  909,  755,  532,  902,  484,  415,  427,  654,  782,  857,  610,  630,  773,  786,  708,  338,  662],
        [    0,    0,  875,  250,  924,  887,  308,  252,  641,  670, 1142,  710,  858,  389,  638,  862,  698, 1031,  622,  681,  170,  750,  117,  895,  195,  915,  399,  957,  704,  107,  497,  692, 1080,  935, 1055,  324,  721,  824,  397,  731,  124,  968,  701,  769,  699,  909,  755,  532,  902,  484,  415,  427,  654,  782,  857,  610,  630,  773,  786,  708,  338,  662],
        [  875,  875,    0,  704,  743,  823,  611, 1018,  303,  232,  437,  171,   69,  487,  794,   37,  263,  329,  316,  229,  727,  373,  760,  877, 1010,  570,  504,  793,  403,  916,  406,  492,  351,  593,  637,  562,  496,  601,  480,  647,  780,  236,  303,  113,  641, 1063,  302,  443,  185,  399,  881,  524,  623,  892,  993,  905,  915,  103,  265,  196,  597,  634],
        [  250,  250,  704,    0,  677,  650,   95,  315,  538,  478,  912,  534,  703,  246,  413,  699,  590,  807,  412,  486,  240,  685,  168,  664,  314,  666,  334,  713,  465,  234,  299,  445,  857,  685,  806,  159,  473,  575,  251,  483,  254,  754,  479,  592,  451,  712,  529,  302,  693,  362,  261,  398,  405,  564,  651,  420,  440,  606,  565,  571,  336,  414],
        [  924,  924,  743,  677,    0,  116,  654,  868,  856,  603,  555,  664,  798,  711,  330,  770,  868,  536,  537,  593,  894, 1013,  842,  172,  913,  187,  835,   52,  376,  876,  599,  308,  571,  173,  239,  693,  286,  151,  708,  196,  922,  574,  479,  680,  228,  388,  453,  497,  578,  759,  593,  907,  274,  278,  336,  442,  434,  717,  481,  790,  904,  264],
        [  887,  887,  823,  650,  116,    0,  642,  803,  902,  659,  668,  725,  873,  723,  260,  847,  920,  641,  584,  651,  879, 1065,  817,   59,  854,  293,  850,  102,  433,  828,  624,  352,  679,  283,  354,  691,  337,  223,  721,  203,  901,  672,  540,  749,  228,  274,  524,  520,  668,  787,  524,  924,  272,  170,  220,  353,  341,  786,  558,  847,  910,  259],
        [  308,  308,  611,   95,  654,  642,    0,  408,  449,  386,  836,  440,  609,  157,  428,  606,  499,  727,  325,  395,  241,  601,  201,  664,  403,  617,  262,  695,  397,  316,  207,  392,  777,  639,  757,   75,  421,  536,  162,  459,  272,  670,  397,  499,  428,  740,  450,  225,  607,  274,  331,  332,  380,  580,  675,  462,  481,  512,  483,  478,  287,  392],
        [  252,  252, 1018,  315,  868,  803,  408,    0,  833,  792, 1204,  848, 1016,  547,  545, 1013,  887, 1106,  724,  800,  402,  963,  315,  795,   72,  911,  602,  891,  753,  147,  614,  712, 1157,  926, 1046,  463,  737,  806,  554,  694,  367, 1061,  785,  907,  665,  753,  830,  607, 1003,  660,  280,  647,  628,  663,  714,  470,  487,  920,  870,  878,  563,  632],
        [  641,  641,  303,  538,  856,  902,  449,  833,    0,  260,  714,  219,  255,  293,  783,  274,   58,  596,  320,  272,  476,  166,  534,  946,  806,  722,  243,  907,  481,  706,  303,  552,  630,  748,  829,  380,  572,  706,  288,  701,  529,  504,  383,  245,  682, 1091,  425,  398,  436,  177,  774,  237,  647,  916, 1021,  863,  878,  220,  417,  109,  321,  660],
        [  670,  670,  232,  478,  603,  659,  386,  792,  260,    0,  506,   73,  250,  285,  583,  236,  265,  387,   89,   15,  538,  411,  553,  708,  789,  463,  346,  654,  228,  698,  180,  308,  431,  489,  572,  347,  323,  453,  278,  465,  589,  309,  125,  122,  451,  873,  167,  213,  239,  235,  650,  394,  423,  698,  802,  685,  697,  147,  166,  188,  441,  436],
        [ 1142, 1142,  437,  912,  555,  668,  836, 1204,  714,  506,    0,  506,  504,  779,  782,  473,  686,  120,  525,  492, 1031,  809, 1029,  726, 1220,  380,  852,  591,  451, 1145,  653,  500,   87,  387,  340,  823,  480,  480,  772,  587, 1079,  210,  442,  469,  604,  941,  388,  612,  279,  741,  981,  896,  618,  807,  885,  912,  913,  496,  359,  606,  946,  622],
        [  710,  710,  171,  534,  664,  725,  440,  848,  219,   73,  506,    0,  180,  321,  655,  169,  212,  387,  161,   77,  568,  356,  594,  775,  840,  514,  358,  715,  293,  747,  236,  376,  426,  539,  613,  393,  389,  514,  314,  533,  621,  300,  186,   60,  521,  943,  216,  283,  228,  247,  717,  394,  494,  768,  873,  757,  769,   77,  201,  129,  453,  507],
        [  858,  858,   69,  703,  798,  873,  609, 1016,  255,  250,  504,  180,    0,  475,  828,   33,  208,  397,  338,  250,  704,  308,  744,  926, 1003,  629,  475,  849,  447,  906,  410,  534,  418,  653,  702,  555,  542,  654,  468,  692,  757,  304,  342,  132,  683, 1106,  350,  462,  252,  376,  896,  486,  661,  933, 1036,  934,  945,  103,  318,  156,  564,  673],
        [  389,  389,  487,  246,  711,  723,  157,  547,  293,  285,  779,  321,  475,    0,  545,  476,  345,  663,  255,  297,  255,  444,  273,  755,  529,  633,  128,  757,  384,  432,  132,  414,  710,  658,  766,   87,  442,  575,    8,  524,  305,  591,  342,  380,  497,  861,  399,  219,  522,  117,  487,  203,  452,  692,  793,  601,  618,  385,  422,  332,  196,  465],
        [  638,  638,  794,  413,  330,  260,  428,  545,  783,  583,  782,  655,  828,  545,    0,  808,  815,  717,  495,  580,  651,  949,  578,  259,  595,  421,  671,  347,  398,  572,  482,  313,  765,  427,  538,  491,  321,  310,  545,  196,  666,  714,  491,  696,  179,  316,  503,  388,  684,  635,  266,  745,  177,  153,  249,  130,  132,  728,  547,  757,  713,  169],
        [  862,  862,   37,  699,  770,  847,  606, 1013,  274,  236,  473,  169,   33,  476,  808,    0,  231,  365,  323,  235,  711,  337,  747,  900, 1002,  599,  485,  821,  423,  907,  403,  511,  387,  623,  670,  554,  517,  626,  469,  667,  764,  272,  319,  115,  660, 1083,  324,  448,  220,  382,  885,  501,  640,  911, 1013,  917,  927,   94,  290,  170,  576,  651],
        [  698,  698,  263,  590,  868,  920,  499,  887,   58,  265,  686,  212,  208,  345,  815,  231,    0,  571,  337,  276,  534,  146,  590,  967,  862,  724,  300,  919,  492,  762,  339,  569,  601,  750,  824,  431,  586,  717,  339,  722,  586,  478,  390,  224,  705, 1119,  426,  428,  412,  229,  820,  293,  671,  944, 1049,  901,  915,  193,  412,   85,  378,  685],
        [ 1031, 1031,  329,  807,  536,  641,  727, 1106,  596,  387,  120,  387,  397,  663,  717,  365,  571,    0,  411,  373,  916,  697,  917,  699, 1118,  350,  733,  578,  356, 1040,  538,  417,   52,  364,  356,  710,  402,  433,  656,  528,  964,   95,  331,  351,  539,  911,  279,  505,  161,  621,  895,  777,  546,  762,  849,  846,  849,  379,  245,  490,  827,  551],
        [  622,  622,  316,  412,  537,  584,  325,  724,  320,   89,  525,  161,  338,  255,  495,  323,  337,  411,    0,   88,  506,  481,  507,  630,  726,  414,  346,  588,  164,  640,  128,  233,  459,  440,  536,  300,  252,  387,  249,  385,  554,  347,   89,  208,  369,  788,  145,  128,  283,  245,  566,  405,  339,  613,  718,  597,  609,  236,  167,  268,  436,  352],
        [  681,  681,  229,  486,  593,  651,  395,  800,  272,   15,  492,   77,  250,  297,  580,  235,  276,  373,   88,    0,  550,  422,  564,  700,  797,  451,  360,  644,  219,  708,  188,  301,  418,  477,  558,  358,  315,  443,  290,  458,  601,  296,  115,  120,  445,  867,  154,  215,  226,  250,  653,  408,  418,  692,  797,  684,  695,  148,  152,  198,  455,  431],
        [  170,  170,  727,  240,  894,  879,  241,  402,  476,  538, 1031,  568,  704,  255,  651,  711,  534,  916,  506,  550,    0,  581,   94,  898,  356,  852,  234,  935,  617,  257,  380,  626,  963,  874,  990,  217,  655,  775,  261,  699,   54,  845,  592,  626,  668,  951,  648,  442,  776,  329,  482,  258,  621,  803,  891,  657,  677,  625,  673,  551,  169,  632],
        [  750,  750,  373,  685, 1013, 1065,  601,  963,  166,  411,  809,  356,  308,  444,  949,  337,  146,  697,  481,  422,  581,    0,  653, 1110,  929,  870,  362, 1065,  638,  828,  468,  713,  723,  895,  967,  528,  731,  863,  440,  865,  630,  603,  536,  362,  847, 1257,  571,  564,  542,  330,  930,  323,  812, 1082, 1187, 1027, 1043,  326,  556,  228,  413,  825],
        [  117,  117,  760,  168,  842,  817,  201,  315,  534,  553, 1029,  594,  744,  273,  578,  747,  590,  917,  507,  564,   94,  653,    0,  831,  277,  817,  294,  879,  597,  176,  381,  592,  966,  838,  957,  208,  621,  732,  280,  646,   88,  853,  587,  653,  615,  870,  642,  422,  786,  371,  393,  334,  568,  728,  812,  574,  593,  657,  672,  595,  249,  578],
        [  895,  895,  877,  664,  172,   59,  664,  795,  946,  708,  726,  775,  926,  755,  259,  900,  967,  699,  630,  700,  898, 1110,  831,    0,  849,  351,  883,  148,  483,  830,  662,  400,  738,  341,  408,  718,  387,  279,  754,  246,  917,  730,  590,  800,  266,  217,  577,  559,  725,  825,  516,  957,  306,  139,  167,  333,  319,  837,  612,  895,  939,  293],
        [  195,  195, 1010,  314,  913,  854,  403,   72,  806,  789, 1220,  840, 1003,  529,  595, 1002,  862, 1118,  726,  797,  356,  929,  277,  849,    0,  943,  570,  938,  770,  102,  610,  736, 1169,  959, 1080,  449,  763,  841,  536,  733,  316, 1068,  792,  899,  702,  818,  841,  614, 1007,  638,  334,  609,  663,  720,  776,  529,  547,  909,  878,  860,  522,  668],
        [  915,  915,  570,  666,  187,  293,  617,  911,  722,  463,  380,  514,  629,  633,  421,  599,  724,  350,  414,  451,  852,  870,  817,  351,  943,    0,  747,  233,  254,  888,  507,  227,  387,   26,  141,  637,  197,  111,  629,  228,  889,  388,  339,  520,  253,  564,  299,  417,  397,  655,  654,  813,  284,  428,  506,  549,  547,  557,  318,  642,  828,  282],
        [  399,  399,  504,  334,  835,  850,  262,  602,  243,  346,  852,  358,  475,  128,  671,  485,  300,  733,  346,  360,  234,  362,  294,  883,  570,  747,    0,  882,  494,  469,  241,  533,  776,  772,  876,  188,  560,  695,  130,  651,  287,  652,  433,  411,  624,  987,  489,  339,  581,  112,  590,   75,  579,  819,  919,  720,  738,  404,  503,  320,   96,  593],
        [  957,  957,  793,  713,   52,  102,  695,  891,  907,  654,  591,  715,  849,  757,  347,  821,  919,  578,  588,  644,  935, 1065,  879,  148,  938,  233,  882,    0,  427,  906,  647,  358,  612,  216,  263,  736,  336,  202,  755,  237,  961,  621,  530,  731,  268,  360,  504,  544,  627,  808,  613,  954,  315,  272,  315,  450,  440,  769,  532,  841,  950,  304],
        [  704,  704,  403,  465,  376,  433,  397,  753,  481,  228,  451,  293,  447,  384,  398,  423,  492,  356,  164,  219,  617,  638,  597,  483,  770,  254,  494,  427,    0,  698,  255,   89,  407,  280,  383,  401,   97,  226,  379,  245,  659,  328,  108,  318,  238,  660,  106,  176,  289,  401,  542,  559,  223,  489,  591,  518,  525,  354,  149,  416,  577,  233],
        [  107,  107,  916,  234,  876,  828,  316,  147,  706,  698, 1145,  747,  906,  432,  572,  907,  762, 1040,  640,  708,  257,  828,  176,  830,  102,  888,  469,  906,  698,    0,  520,  673, 1090,  906, 1027,  354,  700,  790,  439,  688,  221,  985,  711,  806,  657,  825,  761,  535,  922,  539,  329,  508,  614,  709,  777,  528,  547,  815,  797,  762,  422,  621],
        [  497,  497,  406,  299,  599,  624,  207,  614,  303,  180,  653,  236,  410,  132,  482,  403,  339,  538,  128,  188,  380,  468,  381,  662,  610,  507,  241,  647,  255,  520,    0,  294,  587,  532,  638,  173,  320,  456,  126,  422,  427,  472,  212,  294,  398,  792,  269,  105,  406,  163,  491,  310,  357,  618,  723,  562,  576,  310,  295,  295,  323,  371],
        [  692,  692,  492,  445,  308,  352,  392,  712,  552,  308,  500,  376,  534,  414,  313,  511,  569,  417,  233,  301,  626,  713,  592,  400,  736,  227,  533,  358,   89,  673,  294,    0,  467,  249,  366,  412,   30,  163,  410,  158,  662,  403,  194,  405,  150,  572,  193,  196,  371,  452,  481,  603,  137,  401,  503,  437,  443,  440,  235,  496,  609,  146],
        [ 1080, 1080,  351,  857,  571,  679,  777, 1157,  630,  431,   87,  426,  418,  710,  765,  387,  601,   52,  459,  418,  963,  723,  966,  738, 1169,  387,  776,  612,  407, 1090,  587,  467,    0,  399,  378,  758,  451,  476,  703,  574, 1012,  127,  381,  386,  586,  950,  329,  556,  198,  664,  946,  818,  594,  806,  890,  894,  896,  411,  295,  522,  871,  600],
        [  935,  935,  593,  685,  173,  283,  639,  926,  748,  489,  387,  539,  653,  658,  427,  623,  750,  364,  440,  477,  874,  895,  838,  341,  959,   26,  772,  216,  280,  906,  532,  249,  399,    0,  122,  660,  220,  121,  653,  238,  911,  407,  365,  544,  264,  555,  325,  441,  419,  681,  666,  838,  298,  425,  499,  554,  551,  582,  343,  668,  852,  295],
        [ 1055, 1055,  637,  806,  239,  354,  757, 1046,  829,  572,  340,  613,  702,  766,  538,  670,  824,  356,  536,  558,  990,  967,  957,  408, 1080,  141,  876,  263,  383, 1027,  638,  366,  378,  122,    0,  775,  337,  241,  762,  355, 1028,  423,  454,  608,  383,  622,  405,  552,  454,  780,  784,  940,  419,  514,  574,  661,  656,  645,  413,  740,  960,  415],
        [  324,  324,  562,  159,  693,  691,   75,  463,  380,  347,  823,  393,  555,   87,  491,  554,  431,  710,  300,  358,  217,  528,  208,  718,  449,  637,  188,  736,  401,  354,  173,  412,  758,  660,  775,    0,  441,  566,   93,  500,  260,  645,  381,  453,  470,  805,  436,  225,  579,  203,  406,  260,  423,  642,  740,  533,  551,  461,  465,  416,  223,  436],
        [  721,  721,  496,  473,  286,  337,  421,  737,  572,  323,  480,  389,  542,  442,  321,  517,  586,  402,  252,  315,  655,  731,  621,  387,  763,  197,  560,  336,   97,  700,  320,   30,  451,  220,  337,  441,    0,  138,  438,  151,  692,  394,  204,  414,  149,  567,  195,  224,  366,  477,  501,  629,  145,  397,  498,  447,  451,  451,  235,  511,  637,  153],
        [  824,  824,  601,  575,  151,  223,  536,  806,  706,  453,  480,  514,  654,  575,  310,  626,  717,  433,  387,  443,  775,  863,  732,  279,  841,  111,  695,  202,  226,  790,  456,  163,  476,  121,  241,  566,  138,    0,  571,  117,  808,  453,  329,  532,  143,  482,  305,  357,  446,  615,  545,  766,  179,  331,  418,  439,  437,  570,  337,  640,  769,  175],
        [  397,  397,  480,  251,  708,  721,  162,  554,  288,  278,  772,  314,  468,    8,  545,  469,  339,  656,  249,  290,  261,  440,  280,  754,  536,  629,  130,  755,  379,  439,  126,  410,  703,  653,  762,   93,  438,  571,    0,  522,  312,  584,  336,  373,  495,  861,  393,  215,  515,  112,  491,  204,  450,  692,  793,  602,  620,  378,  415,  325,  200,  464],
        [  731,  731,  647,  483,  196,  203,  459,  694,  701,  465,  587,  533,  692,  524,  196,  667,  722,  528,  385,  458,  699,  865,  646,  246,  733,  228,  651,  237,  245,  688,  422,  158,  574,  238,  355,  500,  151,  117,  522,    0,  727,  534,  351,  563,   33,  416,  346,  318,  513,  585,  430,  724,   79,  247,  347,  326,  326,  598,  386,  651,  715,   69],
        [  124,  124,  780,  254,  922,  901,  272,  367,  529,  589, 1079,  621,  757,  305,  666,  764,  586,  964,  554,  601,   54,  630,   88,  917,  316,  889,  287,  961,  659,  221,  427,  662, 1012,  911, 1028,  260,  692,  808,  312,  727,    0,  895,  638,  678,  695,  958,  694,  483,  826,  382,  478,  307,  648,  816,  900,  661,  681,  678,  721,  604,  217,  659],
        [  968,  968,  236,  754,  574,  672,  670, 1061,  504,  309,  210,  300,  304,  591,  714,  272,  478,   95,  347,  296,  845,  603,  853,  730, 1068,  388,  652,  621,  328,  985,  472,  403,  127,  407,  423,  645,  394,  453,  584,  534,  895,    0,  276,  260,  539,  935,  233,  455,   72,  540,  868,  692,  538,  777,  870,  839,  844,  286,  192,  397,  747,  546],
        [  701,  701,  303,  479,  479,  540,  397,  785,  383,  125,  442,  186,  342,  342,  491,  319,  390,  331,   89,  115,  592,  536,  587,  590,  792,  339,  433,  530,  108,  711,  212,  194,  381,  365,  454,  381,  204,  329,  336,  351,  638,  276,    0,  212,  342,  765,   57,  179,  220,  330,  603,  492,  321,  592,  695,  605,  614,  248,   87,  311,  524,  333],
        [  769,  769,  113,  592,  680,  749,  499,  907,  245,  122,  469,   60,  132,  380,  696,  115,  224,  351,  208,  120,  626,  362,  653,  800,  899,  520,  411,  731,  318,  806,  294,  405,  386,  544,  608,  453,  414,  532,  373,  563,  678,  260,  212,    0,  553,  976,  228,  333,  191,  301,  771,  441,  530,  803,  906,  803,  813,   39,  202,  141,  505,  542],
        [  699,  699,  641,  451,  228,  228,  428,  665,  682,  451,  604,  521,  683,  497,  179,  660,  705,  539,  369,  445,  668,  847,  615,  266,  702,  253,  624,  268,  238,  657,  398,  150,  586,  264,  383,  470,  149,  143,  495,   33,  695,  539,  342,  553,    0,  424,  342,  294,  515,  561,  402,  698,   48,  251,  354,  309,  311,  588,  383,  636,  686,   37],
        [  909,  909, 1063,  712,  388,  274,  740,  753, 1091,  873,  941,  943, 1106,  861,  316, 1083, 1119,  911,  788,  867,  951, 1257,  870,  217,  818,  564,  987,  360,  660,  825,  792,  572,  950,  555,  622,  805,  567,  482,  861,  416,  958,  935,  765,  976,  424,    0,  761,  694,  923,  949,  497, 1061,  450,  176,   71,  300,  280, 1011,  800, 1055, 1026,  437],
        [  755,  755,  302,  529,  453,  524,  450,  830,  425,  167,  388,  216,  350,  399,  503,  324,  426,  279,  145,  154,  648,  571,  642,  577,  841,  299,  489,  504,  106,  761,  269,  193,  329,  325,  405,  436,  195,  305,  393,  346,  694,  233,   57,  228,  342,  761,    0,  227,  186,  385,  636,  546,  328,  592,  692,  623,  630,  265,   45,  344,  580,  338],
        [  532,  532,  443,  302,  497,  520,  225,  607,  398,  213,  612,  283,  462,  219,  388,  448,  428,  505,  128,  215,  442,  564,  422,  559,  614,  417,  339,  544,  176,  535,  105,  196,  556,  441,  552,  225,  224,  357,  215,  318,  483,  455,  179,  333,  294,  694,  227,    0,  397,  267,  439,  411,  253,  519,  624,  479,  492,  359,  264,  372,  414,  267],
        [  902,  902,  185,  693,  578,  668,  607, 1003,  436,  239,  279,  228,  252,  522,  684,  220,  412,  161,  283,  226,  776,  542,  786,  725, 1007,  397,  581,  627,  289,  922,  406,  371,  198,  419,  454,  579,  366,  446,  515,  513,  826,   72,  220,  191,  515,  923,  186,  397,    0,  469,  820,  621,  507,  760,  856,  806,  812,  220,  142,  330,  676,  516],
        [  484,  484,  399,  362,  759,  787,  274,  660,  177,  235,  741,  247,  376,  117,  635,  382,  229,  621,  245,  250,  329,  330,  371,  825,  638,  655,  112,  808,  401,  539,  163,  452,  664,  681,  780,  203,  477,  615,  112,  585,  382,  540,  330,  301,  561,  949,  385,  267,  469,    0,  601,  162,  519,  776,  880,  703,  719,  297,  395,  225,  208,  533],
        [  415,  415,  881,  261,  593,  524,  331,  280,  774,  650,  981,  717,  896,  487,  266,  885,  820,  895,  566,  653,  482,  930,  393,  516,  334,  654,  590,  613,  542,  329,  491,  481,  946,  666,  784,  406,  501,  545,  491,  430,  478,  868,  603,  771,  402,  497,  636,  439,  820,  601,    0,  657,  373,  387,  449,  200,  219,  793,  680,  785,  596,  373],
        [  427,  427,  524,  398,  907,  924,  332,  647,  237,  394,  896,  394,  486,  203,  745,  501,  293,  777,  405,  408,  258,  323,  334,  957,  609,  813,   75,  954,  559,  508,  310,  603,  818,  838,  940,  260,  629,  766,  204,  724,  307,  692,  492,  441,  698, 1061,  546,  411,  621,  162,  657,    0,  653,  894,  994,  793,  811,  428,  556,  331,   91,  667],
        [  654,  654,  623,  405,  274,  272,  380,  628,  647,  423,  618,  494,  661,  452,  177,  640,  671,  546,  339,  418,  621,  812,  568,  306,  663,  284,  579,  315,  223,  614,  357,  137,  594,  298,  419,  423,  145,  179,  450,   79,  648,  538,  321,  530,   48,  450,  328,  253,  507,  519,  373,  653,    0,  275,  380,  302,  307,  564,  371,  605,  640,   14],
        [  782,  782,  892,  564,  278,  170,  580,  663,  916,  698,  807,  768,  933,  692,  153,  911,  944,  762,  613,  692,  803, 1082,  728,  139,  720,  428,  819,  272,  489,  709,  618,  401,  806,  425,  514,  642,  397,  331,  692,  247,  816,  777,  592,  803,  251,  176,  592,  519,  760,  776,  387,  894,  275,    0,  106,  196,  181,  837,  632,  880,  864,  262],
        [  857,  857,  993,  651,  336,  220,  675,  714, 1021,  802,  885,  873, 1036,  793,  249, 1013, 1049,  849,  718,  797,  891, 1187,  812,  167,  776,  506,  919,  315,  591,  777,  723,  503,  890,  499,  574,  740,  498,  418,  793,  347,  900,  870,  695,  906,  354,   71,  692,  624,  856,  880,  449,  994,  380,  106,    0,  250,  231,  941,  732,  985,  961,  367],
        [  610,  610,  905,  420,  442,  353,  462,  470,  863,  685,  912,  757,  934,  601,  130,  917,  901,  846,  597,  684,  657, 1027,  574,  333,  529,  549,  720,  450,  518,  528,  562,  437,  894,  554,  661,  533,  447,  439,  602,  326,  661,  839,  605,  803,  309,  300,  623,  479,  806,  703,  200,  793,  302,  196,  250,    0,   20,  832,  666,  850,  747,  295],
        [  630,  630,  915,  440,  434,  341,  481,  487,  878,  697,  913,  769,  945,  618,  132,  927,  915,  849,  609,  695,  677, 1043,  593,  319,  547,  547,  738,  440,  525,  547,  576,  443,  896,  551,  656,  551,  451,  437,  620,  326,  681,  844,  614,  813,  311,  280,  630,  492,  812,  719,  219,  811,  307,  181,  231,   20,    0,  843,  674,  863,  765,  299],
        [  773,  773,  103,  606,  717,  786,  512,  920,  220,  147,  496,   77,  103,  385,  728,   94,  193,  379,  236,  148,  625,  326,  657,  837,  909,  557,  404,  769,  354,  815,  310,  440,  411,  582,  645,  461,  451,  570,  378,  598,  678,  286,  248,   39,  588, 1011,  265,  359,  220,  297,  793,  428,  564,  837,  941,  832,  843,    0,  240,  112,  497,  576],
        [  786,  786,  265,  565,  481,  558,  483,  870,  417,  166,  359,  201,  318,  422,  547,  290,  412,  245,  167,  152,  673,  556,  672,  612,  878,  318,  503,  532,  149,  797,  295,  235,  295,  343,  413,  465,  235,  337,  415,  386,  721,  192,   87,  202,  383,  800,   45,  264,  142,  395,  680,  556,  371,  632,  732,  666,  674,  240,    0,  328,  596,  381],
        [  708,  708,  196,  571,  790,  847,  478,  878,  109,  188,  606,  129,  156,  332,  757,  170,   85,  490,  268,  198,  551,  228,  595,  895,  860,  642,  320,  841,  416,  762,  295,  496,  522,  668,  740,  416,  511,  640,  325,  651,  604,  397,  311,  141,  636, 1055,  344,  372,  330,  225,  785,  331,  605,  880,  985,  850,  863,  112,  328,    0,  408,  618],
        [  338,  338,  597,  336,  904,  910,  287,  563,  321,  441,  946,  453,  564,  196,  713,  576,  378,  827,  436,  455,  169,  413,  249,  939,  522,  828,   96,  950,  577,  422,  323,  609,  871,  852,  960,  223,  637,  769,  200,  715,  217,  747,  524,  505,  686, 1026,  580,  414,  676,  208,  596,   91,  640,  864,  961,  747,  765,  497,  596,  408,    0,  653],
        [  662,  662,  634,  414,  264,  259,  392,  632,  660,  436,  622,  507,  673,  465,  169,  651,  685,  551,  352,  431,  632,  825,  578,  293,  668,  282,  593,  304,  233,  621,  371,  146,  600,  295,  415,  436,  153,  175,  464,   69,  659,  546,  333,  542,   37,  437,  338,  267,  516,  533,  373,  667,   14,  262,  367,  295,  299,  576,  381,  618,  653,    0]
    ]
}
