{
    "name": "random-22-347",
    "comment": "size=22 seed=347",
    "nodes": ["+0", "-0", "+1", "-1", "+2", "-2", "+3", "-3", "+4", "-4", "+5", "-5", "+6", "-6", "+7", "-7", "+8", "-8", "+9", "-9", "+10", "-10", "+11", "-11", "+12", "-12", "+13", "-13", "+14", "-14", "+15", "-15", "+16", "-16", "+17", "-17", "+18", "-18", "+19", "-19", "+20", "-20", "+21", "-21", "+22", "-22"],
    "precedence": {
        "+0": "-0",
        "+1": "-1",
        "+2": "-2",
        "+3": "-3",
        "+4": "-4",
        "+5": "-5",
        "+6": "-6",
        "+7": "-7",
        "+8": "-8",
        "+9": "-9",
        "+10": "-10",
        "+11": "-11",
        "+12": "-12",
        "+13": "-13",
        "+14": "-14",
        "+15": "-15",
        "+16": "-16",
        "+17": "-17",
        "+18": "-18",
        "+19": "-19",
        "+20": "-20",
        "+21": "-21",
        "+22": "-22"
    },
    "edges": [
        [    0,    0,  853,  511,  234,  786,  397,  828,  508,  446, 1014,  144, 1011,  271,  991,  979,  759,  259,  100,  967,  532,  736,   69,  500,  483,  865,  622,  557,  591,  473,  590,  674,  648,  521,  918,  452,  239,  726, 1152,  647,  543,  574,  706,  656,  627,  486],
        [    0,    0,  853,  511,  234,  786,  397,  828,  508,  446, 1014,  144, 1011,  271,  991,  979,  759,  259,  100,  967,  532,  736,   69,  500,  483,  865,  622,  557,  591,  473,  590,  674,  648,  521,  918,  452,  239,  726, 1152,  647,  543,  574,  706,  656,  627,  486],
        [  853,  853,    0,  343,  630,   73,  487,  742,  353,  443,  371,  951,  164,  716,  895,  198,  576,  660,  928,  595,  664,  141,  786,  357,  697,  572,  758,  715,  337,  567,  640,  702,  506,  379,  370,  537,  620,  576,  308,  466,  451,  635,  241,  223,  730,  783],
        [  511,  511,  343,    0,  289,  276,  167,  644,   71,  139,  559,  610,  503,  396,  825,  479,  493,  341,  587,  631,  440,  230,  444,   27,  447,  555,  558,  494,  194,  339,  470,  539,  371,  130,  487,  272,  278,  473,  642,  339,  267,  457,  237,  174,  538,  526],
        [  234,  234,  630,  289,    0,  561,  165,  659,  303,  213,  783,  321,  791,  163,  835,  747,  560,  210,  299,  757,  371,  508,  173,  274,  340,  659,  485,  413,  412,  383,  527,  513,  439,  288,  689,  243,   18,  529,  923,  432,  403,  511,  473,  451,  479,  382],
        [  786,  786,   73,  276,  561,    0,  416,  690,  293,  371,  371,  881,  235,  644,  849,  226,  523,  601,  860,  563,  596,   71,  719,  288,  627,  530,  693,  647,  298,  526,  612,  640,  444,  307,  349,  466,  551,  520,  368,  403,  414,  605,  178,  180,  666,  713],
        [  397,  397,  487,  167,  165,  416,    0,  555,  214,   49,  619,  472,  650,  233,  737,  588,  430,  315,  456,  611,  303,  356,  337,  143,  297,  519,  425,  356,  343,  411,  557,  425,  304,  124,  526,  134,  162,  402,  769,  287,  382,  542,  310,  340,  410,  369],
        [  828,  828,  742,  644,  659,  690,  555,    0,  713,  538,  534,  809,  863,  557,  183,  675,  167,  858,  825,  270,  297,  626,  796,  620,  346,  203,  225,  276,  831,  961, 1103,  155,  274,  515,  440,  427,  668,  176,  859,  310,  909, 1089,  516,  761,  209,  370],
        [  508,  508,  353,   71,  303,  293,  214,  713,    0,  197,  609,  620,  506,  431,  894,  511,  563,  309,  592,  697,  502,  263,  440,   95,  506,  624,  622,  557,  131,  274,  401,  606,  441,  199,  544,  332,  289,  543,  660,  409,  197,  388,  292,  149,  603,  581],
        [  446,  446,  443,  139,  213,  371,   49,  538,  197,    0,  572,  520,  606,  274,  721,  539,  404,  349,  504,  576,  306,  309,  384,  113,  310,  486,  427,  360,  327,  423,  566,  417,  277,   76,  481,  136,  209,  378,  722,  255,  380,  552,  262,  309,  409,  387],
        [ 1014, 1014,  371,  559,  783,  371,  619,  534,  609,  572,    0, 1069,  408,  794,  634,  198,  406,  896, 1062,  293,  618,  359,  955,  554,  671,  332,  656,  649,  656,  874,  976,  574,  427,  498,  110,  582,  780,  427,  338,  404,  770,  967,  324,  540,  627,  748],
        [  144,  144,  951,  610,  321,  881,  472,  809,  620,  520, 1069,    0, 1112,  280,  957, 1058,  768,  399,   47,  982,  523,  825,  199,  595,  467,  879,  589,  534,  715,  614,  733,  656,  672,  593,  967,  488,  333,  734, 1240,  680,  677,  717,  779,  768,  601,  444],
        [ 1011, 1011,  164,  503,  791,  235,  650,  863,  506,  606,  408, 1112,    0,  879, 1001,  211,  702,  807, 1089,  678,  817,  301,  943,  518,  853,  677,  903,  866,  464,  689,  736,  842,  648,  542,  448,  698,  781,  707,  191,  609,  570,  734,  391,  364,  875,  939],
        [  271,  271,  716,  396,  163,  644,  233,  557,  431,  274,  794,  280,  879,    0,  723,  798,  494,  364,  282,  707,  262,  581,  243,  374,  214,  604,  356,  288,  553,  545,  690,  404,  393,  340,  690,  212,  180,  461,  988,  401,  559,  673,  518,  569,  358,  232],
        [  991,  991,  895,  825,  835,  849,  737,  183,  894,  721,  634,  957, 1001,  723,    0,  801,  337, 1037,  979,  342,  467,  790,  965,  801,  510,  326,  371,  435, 1010, 1143, 1285,  324,  454,  696,  559,  608,  846,  353,  971,  488, 1090, 1271,  682,  935,  365,  514],
        [  979,  979,  198,  479,  747,  226,  588,  675,  511,  539,  198, 1058,  211,  798,  801,    0,  522,  817, 1043,  470,  680,  250,  914,  484,  725,  480,  748,  723,  523,  752,  834,  677,  495,  465,  243,  595,  740,  533,  199,  460,  639,  828,  281,  405,  719,  809],
        [  759,  759,  576,  493,  560,  523,  430,  167,  563,  404,  406,  768,  702,  494,  337,  522,    0,  743,  775,  216,  251,  460,  716,  471,  310,  113,  255,  264,  675,  821,  960,  170,  128,  367,  302,  318,  566,   34,  713,  155,  759,  946,  350,  599,  226,  369],
        [  259,  259,  660,  341,  210,  601,  315,  858,  309,  349,  896,  399,  807,  364, 1037,  817,  743,    0,  357,  924,  577,  568,  201,  343,  549,  833,  693,  621,  356,  215,  343,  716,  617,  411,  816,  432,  196,  714,  967,  601,  289,  327,  573,  443,  687,  590],
        [  100,  100,  928,  587,  299,  860,  456,  825,  592,  504, 1062,   47, 1089,  282,  979, 1043,  775,  357,    0,  988,  535,  806,  161,  573,  481,  885,  609,  550,  682,  572,  689,  671,  674,  579,  962,  485,  309,  742, 1222,  679,  639,  673,  765,  740,  618,  465],
        [  967,  967,  595,  631,  757,  563,  611,  270,  697,  576,  293,  982,  678,  707,  342,  470,  216,  924,  988,    0,  467,  517,  920,  614,  525,  105,  454,  475,  788,  969, 1096,  367,  320,  521,  231,  518,  761,  250,  631,  327,  889, 1085,  425,  690,  428,  581],
        [  532,  532,  664,  440,  371,  596,  303,  297,  502,  306,  618,  523,  817,  262,  467,  680,  251,  577,  535,  467,    0,  526,  500,  413,   59,  363,  122,   55,  632,  711,  858,  144,  192,  321,  509,  172,  383,  219,  878,  222,  683,  842,  427,  597,  110,  131],
        [  736,  736,  141,  230,  508,   71,  356,  626,  263,  309,  359,  825,  301,  581,  790,  250,  460,  568,  806,  517,  526,    0,  670,  237,  557,  475,  623,  577,  298,  517,  618,  572,  375,  242,  317,  397,  499,  454,  416,  335,  412,  609,  111,  184,  596,  643],
        [   69,   69,  786,  444,  173,  719,  337,  796,  440,  384,  955,  199,  943,  243,  965,  914,  716,  201,  161,  920,  500,  670,    0,  434,  456,  820,  598,  530,  524,  416,  540,  644,  601,  459,  861,  403,  176,  683, 1085,  597,  479,  523,  643,  588,  600,  470],
        [  500,  500,  357,   27,  274,  288,  143,  620,   95,  113,  554,  595,  518,  374,  801,  484,  471,  343,  573,  614,  413,  237,  434,    0,  421,  536,  531,  468,  220,  356,  490,  513,  348,  105,  478,  245,  264,  450,  652,  317,  290,  477,  231,  198,  512,  499],
        [  483,  483,  697,  447,  340,  627,  297,  346,  506,  310,  671,  467,  853,  214,  510,  725,  310,  549,  481,  525,   59,  557,  456,  421,    0,  422,  146,   75,  636,  696,  843,  192,  244,  338,  562,  176,  353,  277,  923,  270,  678,  827,  463,  612,  145,   87],
        [  865,  865,  572,  555,  659,  530,  519,  203,  624,  486,  332,  879,  677,  604,  326,  480,  113,  833,  885,  105,  363,  475,  820,  536,  422,    0,  357,  374,  725,  892, 1024,  270,  220,  438,  241,  418,  664,  146,  659,  233,  819, 1012,  372,  635,  330,  479],
        [  622,  622,  758,  558,  485,  693,  425,  225,  622,  427,  656,  589,  903,  356,  371,  748,  255,  693,  609,  454,  122,  623,  598,  531,  146,  357,    0,   73,  751,  832,  979,   88,  257,  435,  549,  293,  497,  230,  945,  295,  805,  964,  517,  710,   30,  147],
        [  557,  557,  715,  494,  413,  647,  356,  276,  557,  360,  649,  534,  866,  288,  435,  723,  264,  621,  550,  475,   55,  577,  530,  468,   75,  374,   73,    0,  686,  761,  908,  123,  229,  376,  540,  226,  425,  233,  921,  263,  736,  893,  476,  651,   71,  106],
        [  591,  591,  337,  194,  412,  298,  343,  831,  131,  327,  656,  715,  464,  553, 1010,  523,  675,  356,  682,  788,  632,  298,  524,  220,  636,  725,  751,  686,    0,  231,  320,  731,  558,  321,  609,  462,  396,  658,  639,  523,  117,  312,  366,  119,  731,  711],
        [  473,  473,  567,  339,  383,  526,  411,  961,  274,  423,  874,  614,  689,  545, 1143,  752,  821,  215,  572,  969,  711,  517,  416,  356,  696,  892,  832,  761,  231,    0,  148,  836,  695,  456,  815,  544,  366,  798,  868,  668,  120,  132,  564,  347,  819,  753],
        [  590,  590,  640,  470,  527,  612,  557, 1103,  401,  566,  976,  733,  736,  690, 1285,  834,  960,  343,  689, 1096,  858,  618,  540,  490,  843, 1024,  979,  908,  320,  148,    0,  981,  835,  593,  928,  690,  511,  937,  924,  806,  209,   17,  680,  436,  966,  901],
        [  674,  674,  702,  539,  513,  640,  425,  155,  606,  417,  574,  656,  842,  404,  324,  677,  170,  716,  671,  367,  144,  572,  644,  513,  192,  270,   88,  123,  731,  836,  981,    0,  197,  411,  468,  293,  523,  148,  872,  238,  796,  966,  463,  677,   62,  222],
        [  648,  648,  506,  371,  439,  444,  304,  274,  441,  277,  427,  672,  648,  393,  454,  495,  128,  617,  674,  320,  192,  375,  601,  348,  244,  220,  257,  229,  558,  695,  835,  197,    0,  243,  318,  199,  444,  103,  693,   41,  637,  821,  266,  491,  228,  323],
        [  521,  521,  379,  130,  288,  307,  124,  515,  199,   76,  498,  593,  542,  340,  696,  465,  367,  411,  579,  521,  321,  242,  459,  105,  338,  438,  435,  376,  321,  456,  593,  411,  243,    0,  409,  165,  284,  346,  650,  213,  394,  579,  187,  276,  414,  421],
        [  918,  918,  370,  487,  689,  349,  526,  440,  544,  481,  110,  967,  448,  690,  559,  243,  302,  816,  962,  231,  509,  317,  861,  478,  562,  241,  549,  540,  609,  815,  928,  468,  318,  409,    0,  479,  687,  321,  419,  296,  719,  918,  252,  499,  519,  639],
        [  452,  452,  537,  272,  243,  466,  134,  427,  332,  136,  582,  488,  698,  212,  608,  595,  318,  432,  485,  518,  172,  397,  403,  245,  176,  418,  293,  226,  462,  544,  690,  293,  199,  165,  479,    0,  249,  287,  789,  196,  512,  675,  318,  436,  277,  258],
        [  239,  239,  620,  278,   18,  551,  162,  668,  289,  209,  780,  333,  781,  180,  846,  740,  566,  196,  309,  761,  383,  499,  176,  264,  353,  664,  497,  425,  396,  366,  511,  523,  444,  284,  687,  249,    0,  535,  915,  435,  386,  494,  468,  437,  492,  397],
        [  726,  726,  576,  473,  529,  520,  402,  176,  543,  378,  427,  734,  707,  461,  353,  533,   34,  714,  742,  250,  219,  454,  683,  450,  277,  146,  230,  233,  658,  798,  937,  148,  103,  346,  321,  287,  535,    0,  726,  135,  739,  924,  344,  586,  201,  338],
        [ 1152, 1152,  308,  642,  923,  368,  769,  859,  660,  722,  338, 1240,  191,  988,  971,  199,  713,  967, 1222,  631,  878,  416, 1085,  652,  923,  659,  945,  921,  639,  868,  924,  872,  693,  650,  419,  789,  915,  726,    0,  658,  750,  921,  472,  530,  915, 1007],
        [  647,  647,  466,  339,  432,  403,  287,  310,  409,  255,  404,  680,  609,  401,  488,  460,  155,  601,  679,  327,  222,  335,  597,  317,  270,  233,  295,  263,  523,  668,  806,  238,   41,  213,  296,  196,  435,  135,  658,    0,  605,  792,  226,  453,  266,  352],
        [  543,  543,  451,  267,  403,  414,  382,  909,  197,  380,  770,  677,  570,  559, 1090,  639,  759,  289,  639,  889,  683,  412,  479,  290,  678,  819,  805,  736,  117,  120,  209,  796,  637,  394,  719,  512,  386,  739,  750,  605,    0,  199,  471,  235,  788,  745],
        [  574,  574,  635,  457,  511,  605,  542, 1089,  388,  552,  967,  717,  734,  673, 1271,  828,  946,  327,  673, 1085,  842,  609,  523,  477,  827, 1012,  964,  893,  312,  132,   17,  966,  821,  579,  918,  675,  494,  924,  921,  792,  199,    0,  670,  428,  951,  884],
        [  706,  706,  241,  237,  473,  178,  310,  516,  292,  262,  324,  779,  391,  518,  682,  281,  350,  573,  765,  425,  427,  111,  643,  231,  463,  372,  517,  476,  366,  564,  680,  463,  266,  187,  252,  318,  468,  344,  472,  226,  471,  670,    0,  266,  490,  549],
        [  656,  656,  223,  174,  451,  180,  340,  761,  149,  309,  540,  768,  364,  569,  935,  405,  599,  443,  740,  690,  597,  184,  588,  198,  612,  635,  710,  651,  119,  347,  436,  677,  491,  276,  499,  436,  437,  586,  530,  453,  235,  428,  266,    0,  687,  693],
        [  627,  627,  730,  538,  479,  666,  410,  209,  603,  409,  627,  601,  875,  358,  365,  719,  226,  687,  618,  428,  110,  596,  600,  512,  145,  330,   30,   71,  731,  819,  966,   62,  228,  414,  519,  277,  492,  201,  915,  266,  788,  951,  490,  687,    0,  162],
        [  486,  486,  783,  526,  382,  713,  369,  370,  581,  387,  748,  444,  939,  232,  514,  809,  369,  590,  465,  581,  131,  643,  470,  499,   87,  479,  147,  106,  711,  753,  901,  222,  323,  421,  639,  258,  397,  338, 1007,  352,  745,  884,  549,  693,  162,    0]
    ]
}
