{
    "name": "random-52-23758",
    "comment": "size=52 seed=23758",
    "nodes": ["+0", "-0", "+1", "-1", "+2", "-2", "+3", "-3", "+4", "-4", "+5", "-5", "+6", "-6", "+7", "-7", "+8", "-8", "+9", "-9", "+10", "-10", "+11", "-11", "+12", "-12", "+13", "-13", "+14", "-14", "+15", "-15", "+16", "-16", "+17", "-17", "+18", "-18", "+19", "-19", "+20", "-20", "+21", "-21", "+22", "-22", "+23", "-23", "+24", "-24", "+25", "-25", "+26", "-26", "+27", "-27", "+28", "-28", "+29", "-29", "+30", "-30", "+31", "-31", "+32", "-32", "+33", "-33", "+34", "-34", "+35", "-35", "+36", "-36", "+37", "-37", "+38", "-38", "+39", "-39", "+40", "-40", "+41", "-41", "+42", "-42", "+43", "-43", "+44", "-44", "+45", "-45", "+46", "-46", "+47", "-47", "+48", "-48", "+49", "-49", "+50", "-50", "+51", "-51", "+52", "-52"],
    "precedence": {
        "+0": "-0",
        "+1": "-1",
        "+2": "-2",
        "+3": "-3",
        "+4": "-4",
        "+5": "-5",
        "+6": "-6",
        "+7": "-7",
        "+8": "-8",
        "+9": "-9",
        "+10": "-10",
        "+11": "-11",
        "+12": "-12",
        "+13": "-13",
        "+14": "-14",
        "+15": "-15",
        "+16": "-16",
        "+17": "-17",
        "+18": "-18",
        "+19": "-19",
        "+20": "-20",
        "+21": "-21",
        "+22": "-22",
        "+23": "-23",
        "+24": "-24",
        "+25": "-25",
        "+26": "-26",
        "+27": "-27",
        "+28": "-28",
        "+29": "-29",
        "+30": "-30",
        "+31": "-31",
        "+32": "-32",
        "+33": "-33",
        "+34": "-34",
        "+35": "-35",
        "+36": "-36",
        "+37": "-37",
        "+38": "-38",
        "+39": "-39",
        "+40": "-40",
        "+41": "-41",
        "+42": "-42",
        "+43": "-43",
        "+44": "-44",
        "+45": "-45",
        "+46": "-46",
        "+47": "-47",
        "+48": "-48",
        "+49": "-49",
        "+50": "-50",
        "+51": "-51",
        "+52": "-52"
    },
    "edges": [
        [    0,    0,  416,  168,  811,  778,  269,  507,  258,  652,  219,  804,  810,  408,  818,  653,  923,  404,  517,  968,  414,  541,  363,  585,  671,  720,  140,  607,  342,  797,  247,  726,  869,  165,  332,  800,  390, 1005, 1072,  577,  391,  483,  766,  210,  206, 1032,  866,  567,  268,  375,   98,   73,  815,  889,  450,  490,  224,  237,  567,   32,  212,  698,  491,  633,  714,  161,   43,  286,  124,  558,  617,  651,  351,  338,  505,  704,  203,  642,  206,  773,  713,  561,  381,  363,  254,  868,  391,   99,  805,  847,  405,  577,  703,  658,   73,  372,  385,  469,  433,  400,  218,  785,  122,  941,  880,   81],
        [    0,    0,    0,    0,    0,    0,    0,    0,    0,    0,    0,    0,    0,    0,    0,    0,    0,    0,    0,    0,    0,    0,    0,    0,    0,    0,    0,    0,    0,    0,    0,    0,    0,    0,    0,    0,    0,    0,    0,    0,    0,    0,    0,    0,    0,    0,    0,    0,    0,    0,    0,    0,    0,    0,    0,    0,    0,    0,    0,    0,    0,    0,    0,    0,    0,    0,    0,    0,    0,    0,    0,    0,    0,    0,    0,    0,    0,    0,    0,    0,    0,    0,    0,    0,    0,    0,    0,    0,    0,    0,    0,    0,    0,    0,    0,    0,    0,    0,    0,    0,    0,    0,    0,    0,    0,    0],
        [  416,    0,    0,  308,  617,  423,  168,  409,  537,  665,  215,  488,  415,  165,  693,  251,  853,   40,  230,  762,  122,  693,  710,  171,  723,  313,  523,  665,  195,  509,  415,  827,  594,  569,  219,  409,   86,  831,  925,  300,  241,  356,  676,  356,  233,  873,  601,  681,  298,  371,  397,  467,  860,  642,   40,  224,  517,  298,  591,  445,  347,  579,  257,  662,  537,  515,  374,  342,  534,  152,  202,  625,  595,  668,  462,  631,  307,  586,  344,  772,  366,  848,  658,  584,  524,  703,   33,  491,  748,  754,   73,  825,  875,  709,  446,  613,  676,  297,  541,  104,  228,  471,  523,  737,  627,  437],
        [  168,    0,  308,    0,  645,  621,  218,  344,  235,  520,   95,  640,  667,  365,  660,  518,  777,  311,  357,  803,  269,  456,  403,  475,  551,  587,  307,  486,  320,  631,  348,  627,  702,  280,  322,  654,  256,  843,  914,  413,  225,  317,  613,  289,  191,  872,  699,  467,  103,  218,  224,  240,  698,  721,  347,  330,  212,   71,  434,  185,  286,  538,  327,  505,  548,  324,  137,  344,  255,  459,  499,  508,  308,  362,  351,  552,  252,  492,   63,  641,  555,  555,  363,  305,  223,  706,  293,  203,  660,  695,  274,  546,  635,  538,  234,  328,  378,  302,  320,  333,  204,  621,  236,  776,  713,  146],
        [  811,    0,  617,  645,    0,  359,  724,  306,  696,  354,  637,  260,  497,  782,  137,  518,  307,  656,  388,  158,  506,  563,  849,  625,  425,  541,  950,  423,  799,  199,  960,  537,  171,  872,  819,  476,  550,  215,  310,  319,  441,  329,  191,  895,  758,  257,  150,  506,  543,  443,  864,  883,  470,  124,  631,  396,  710,  575,  373,  822,  888,  154,  368,  378,   98,  968,  781,  918,  867,  664,  599,  294,  664,  803,  331,  218,  846,  253,  608,  360,  351,  828,  726,  635,  685,   94,  643,  813,  266,  215,  552,  757,  666,  421,  879,  665,  750,  357,  495,  720,  763,  257,  841,  131,  130,  764],
        [  778,    0,  423,  621,  359,    0,  582,  418,  780,  627,  561,  107,  138,  570,  490,  210,  665,  459,  264,  445,  368,  779,  960,  341,  704,  202,  907,  673,  616,  164,  835,  824,  234,  897,  640,  117,  401,  534,  640,  220,  405,  388,  522,  774,  640,  584,  252,  736,  543,  510,  791,  843,  792,  304,  415,  292,  778,  566,  599,  801,  765,  437,  304,  641,  343,  909,  738,  765,  875,  390,  302,  565,  791,  913,  483,  516,  723,  512,  617,  682,   66, 1017,  862,  767,  767,  449,  456,  822,  605,  568,  391,  964,  930,  694,  828,  801,  886,  354,  653,  515,  638,  104,  855,  426,  286,  765],
        [  269,    0,  168,  218,  724,  582,    0,  464,  449,  692,  135,  636,  582,  150,  776,  418,  919,  144,  353,  877,  228,  665,  603,  327,  737,  479,  361,  673,  105,  647,  254,  825,  730,  431,  112,  575,  187,  936, 1022,  425,  291,  417,  745,  192,   68,  973,  734,  668,  266,  376,  233,  310,  882,  769,  194,  336,  421,  248,  609,  300,  184,  655,  357,  682,  634,  349,  229,  195,  392,  294,  363,  666,  525,  567,  497,  691,  142,  636,  275,  809,  521,  770,  578,  522,  438,  802,  137,  357,  806,  826,  193,  763,  846,  723,  286,  545,  591,  372,  521,  132,   61,  618,  386,  851,  756,  310],
        [  507,    0,  409,  344,  306,  418,  464,    0,  403,  262,  353,  383,  525,  560,  319,  446,  456,  443,  229,  462,  289,  364,  570,  496,  328,  502,  646,  280,  556,  349,  677,  444,  398,  568,  571,  505,  326,  499,  572,  215,  176,   54,  282,  613,  483,  529,  389,  327,  243,  137,  567,  579,  456,  399,  439,  213,  412,  274,  201,  517,  607,  196,  174,  264,  210,  666,  480,  648,  562,  515,  490,  217,  389,  523,   69,  228,  567,  178,  303,  364,  364,  602,  458,  363,  391,  362,  425,  507,  345,  364,  337,  547,  527,  315,  577,  396,  483,  116,  238,  502,  490,  366,  536,  436,  394,  459],
        [  258,    0,  537,  235,  696,  780,  449,  403,    0,  448,  330,  772,  854,  598,  663,  722,  731,  545,  525,  844,  474,  293,  183,  698,  446,  790,  353,  387,  547,  746,  505,  481,  800,  202,  545,  838,  474,  860,  908,  561,  382,  407,  598,  463,  409,  877,  791,  329,  254,  277,  355,  305,  583,  799,  577,  497,   35,  243,  371,  242,  463,  555,  478,  424,  604,  391,  269,  534,  220,  688,  717,  466,   94,  136,  366,  536,  443,  475,  194,  562,  717,  322,  131,  110,   14,  730,  526,  183,  616,  672,  492,  324,  446,  435,  322,  114,  143,  428,  223,  568,  423,  753,  193,  819,  795,  178],
        [  652,    0,  665,  520,  354,  627,  692,  262,  448,    0,  564,  559,  753,  806,  258,  699,  284,  696,  488,  461,  547,  223,  554,  756,   77,  750,  778,   76,  792,  506,  867,  198,  515,  649,  803,  731,  580,  447,  473,  460,  425,  315,  184,  808,  695,  451,  496,  163,  433,  316,  734,  718,  196,  477,  697,  473,  474,  459,   87,  650,  804,  207,  434,   28,  302,  809,  639,  858,  660,  776,  750,   64,  381,  515,  204,  137,  769,  116,  461,  122,  587,  487,  426,  352,  442,  341,  677,  613,  173,  238,  593,  410,  315,   69,  725,  373,  447,  377,  227,  751,  705,  548,  632,  442,  483,  582],
        [  219,    0,  215,   95,  637,  561,  135,  353,  330,  564,    0,  594,  593,  276,  671,  438,  804,  217,  304,  793,  196,  531,  497,  384,  606,  506,  347,  542,  239,  593,  326,  692,  670,  359,  245,  582,  173,  843,  923,  369,  196,  313,  633,  261,  132,  877,  670,  534,  133,  249,  237,  283,  752,  699,  254,  279,  307,  114,  480,  244,  255,  548,  287,  553,  542,  352,  178,  298,  328,  366,  410,  543,  398,  457,  377,  576,  214,  518,  144,  684,  496,  648,  456,  393,  317,  706,  199,  281,  689,  715,  190,  636,  713,  592,  268,  418,  472,  281,  387,  240,  141,  575,  313,  767,  688,  225],
        [  804,    0,  488,  640,  260,  107,  636,  383,  772,  559,  594,    0,  242,  645,  395,  305,  567,  527,  291,  338,  411,  731,  947,  432,  636,  307,  939,  612,  683,   61,  889,  755,  128,  909,  707,  222,  450,  427,  534,  227,  416,  366,  434,  826,  689,  478,  145,  683,  552,  496,  829,  873,  711,  198,  487,  315,  774,  579,  543,  824,  818,  358,  314,  576,  262,  945,  766,  826,  891,  479,  397,  496,  770,  899,  442,  438,  775,  444,  626,  600,  131,  981,  840,  744,  759,  347,  520,  837,  516,  473,  444,  921,  869,  627,  861,  778,  864,  349,  619,  587,  689,   20,  869,  320,  179,  781],
        [  810,    0,  415,  667,  497,  138,  582,  525,  854,  753,  593,  242,    0,  534,  627,  165,  802,  444,  330,  576,  399,  888, 1036,  284,  828,  115,  931,  793,  592,  300,  826,  949,  364,  946,  617,   22,  421,  667,  773,  313,  472,  487,  657,  770,  647,  717,  384,  850,  605,  596,  807,  870,  923,  436,  394,  358,  846,  623,  717,  837,  761,  570,  382,  765,  478,  926,  769,  748,  919,  334,  241,  692,  877,  989,  593,  648,  721,  639,  675,  814,  166, 1114,  948,  856,  840,  586,  447,  869,  740,  706,  407, 1066, 1047,  818,  852,  890,  971,  441,  754,  489,  642,  241,  902,  559,  418,  812],
        [  408,    0,  165,  365,  782,  570,  150,  560,  598,  806,  276,  645,  534,    0,  854,  374, 1011,  126,  394,  927,  280,  803,  752,  253,  858,  422,  477,  797,   73,  669,  310,  954,  755,  573,   94,  533,  238,  995, 1089,  465,  385,  508,  834,  268,  203, 1037,  763,  801,  399,  497,  352,  437, 1000,  805,  158,  387,  571,  386,  727,  440,  259,  738,  419,  800,  700,  456,  371,  223,  531,  206,  295,  773,  672,  716,  605,  786,  232,  737,  419,  919,  518,  919,  727,  668,  587,  867,  140,  501,  903,  913,  232,  910,  986,  844,  411,  692,  741,  453,  655,   62,  190,  628,  528,  901,  790,  457],
        [  818,    0,  693,  660,  137,  490,  776,  319,  663,  258,  671,  395,  627,  854,    0,  631,  177,  731,  469,  203,  574,  479,  796,  727,  319,  662,  955,  333,  862,  334,  996,  420,  306,  854,  879,  606,  617,  197,  255,  410,  485,  360,   75,  932,  800,  216,  284,  420,  559,  445,  884,  889,  339,  249,  713,  470,  683,  591,  304,  825,  926,  124,  436,  285,  164,  979,  794,  965,  856,  761,  706,  210,  614,  754,  314,  131,  885,  189,  613,  233,  474,  744,  669,  585,  655,   85,  715,  804,  132,   79,  623,  668,  556,  317,  890,  611,  692,  406,  446,  794,  807,  391,  828,  186,  260,  761],
        [  653,    0,  251,  518,  518,  210,  418,  446,  722,  699,  438,  305,  165,  374,  631,    0,  807,  279,  221,  633,  251,  798,  903,  132,  770,   69,  770,  725,  429,  349,  661,  888,  430,  795,  453,  161,  265,  716,  821,  240,  347,  398,  642,  605,  483,  765,  445,  769,  469,  484,  645,  711,  885,  495,  229,  244,  710,  483,  647,  681,  596,  546,  278,  705,  469,  763,  611,  584,  765,  182,   93,  644,  757,  858,  514,  618,  557,  593,  535,  781,  177, 1003,  827,  739,  708,  611,  282,  717,  725,  706,  249,  964,  970,  758,  691,  772,  848,  342,  654,  325,  478,  294,  750,  611,  478,  661],
        [  923,    0,  853,  777,  307,  665,  919,  456,  731,  284,  804,  567,  802, 1011,  177,  807,    0,  889,  636,  303,  732,  488,  833,  899,  306,  839, 1054,  351, 1011,  506, 1123,  363,  467,  931, 1027,  781,  773,  238,  213,  581,  631,  505,  177, 1061,  936,  215,  444,  430,  681,  562,  999,  991,  245,  400,  876,  634,  756,  711,  362,  924, 1055,  274,  597,  309,  339, 1082,  905, 1101,  941,  931,  880,  273,  663,  795,  429,  229, 1016,  287,  723,  184,  650,  734,  704,  636,  725,  225,  872,  892,  119,  102,  781,  652,  504,  313,  996,  655,  725,  558,  509,  951,  944,  564,  912,  300,  415,  857],
        [  404,    0,   40,  311,  656,  459,  144,  443,  545,  696,  217,  527,  444,  126,  731,  279,  889,    0,  269,  802,  158,  715,  713,  184,  753,  338,  505,  693,  158,  548,  383,  854,  633,  562,  182,  438,  118,  870,  964,  340,  271,  390,  713,  327,  212,  912,  640,  706,  315,  396,  377,  452,  891,  681,   51,  262,  522,  310,  621,  435,  318,  616,  295,  692,  575,  493,  363,  308,  525,  154,  219,  658,  607,  673,  493,  667,  280,  620,  354,  805,  403,  859,  669,  598,  532,  742,   21,  485,  784,  791,  109,  841,  898,  739,  429,  626,  685,  333,  564,   64,  205,  510,  516,  777,  667,  433],
        [  517,    0,  230,  357,  388,  264,  353,  229,  525,  488,  304,  291,  330,  394,  469,  221,  636,  269,    0,  534,  126,  578,  707,  271,  556,  282,  650,  508,  416,  296,  603,  672,  377,  634,  438,  313,  169,  602,  696,   73,  144,  179,  461,  539,  401,  644,  381,  549,  280,  269,  539,  584,  679,  418,  246,   29,  519,  303,  429,  539,  531,  363,   58,  491,  309,  655,  478,  547,  611,  297,  262,  437,  548,  660,  295,  425,  488,  390,  354,  580,  199,  789,  619,  528,  511,  474,  256,  558,  539,  535,  167,  746,  750,  544,  571,  561,  641,  121,  435,  333,  402,  272,  591,  508,  404,  502],
        [  968,    0,  762,  803,  158,  445,  877,  462,  844,  461,  793,  338,  576,  927,  203,  633,  303,  802,  534,    0,  656,  681,  988,  751,  521,  643, 1107,  535,  949,  286, 1116,  618,  213, 1025,  970,  557,  699,   93,  198,  463,  598,  487,  278, 1051,  914,  144,  193,  622,  701,  598, 1022, 1040,  524,  141,  773,  545,  860,  733,  500,  979, 1044,  290,  520,  487,  255, 1125,  939, 1072, 1022,  793,  720,  409,  804,  944,  480,  329, 1002,  380,  764,  427,  457,  947,  863,  775,  834,  121,  790,  968,  322,  251,  700,  870,  756,  520, 1036,  803,  886,  513,  634,  866,  918,  344,  995,   27,  159,  920],
        [  414,    0,  122,  269,  506,  368,  228,  289,  474,  547,  196,  411,  399,  280,  574,  251,  732,  158,  126,  656,    0,  591,  655,  234,  607,  319,  541,  550,  294,  420,  480,  714,  502,  548,  315,  387,   44,  720,  811,  198,  126,  235,  555,  416,  278,  760,  506,  573,  222,  266,  424,  478,  742,  543,  151,  111,  461,  233,  475,  439,  408,  459,  140,  544,  421,  542,  373,  422,  520,  239,  246,  505,  517,  610,  344,  510,  364,  465,  285,  652,  304,  768,  585,  502,  460,  589,  141,  470,  627,  634,   49,  737,  771,  593,  462,  534,  605,  176,  440,  220,  279,  393,  503,  630,  529,  413],
        [  541,    0,  693,  456,  563,  779,  665,  364,  293,  223,  531,  731,  888,  803,  479,  798,  488,  715,  578,  681,  591,    0,  349,  823,  182,  859,  645,  148,  769,  686,  782,  189,  711,  488,  775,  868,  611,  669,  690,  577,  467,  404,  405,  731,  646,  672,  695,   61,  405,  326,  635,  595,  299,  684,  731,  556,  326,  419,  193,  529,  730,  410,  521,  196,  493,  683,  541,  795,  511,  829,  827,  273,  204,  316,  296,  353,  702,  311,  395,  306,  727,  267,  224,  183,  293,  561,  694,  475,  388,  458,  628,  195,  183,  176,  609,  188,  242,  457,  152,  758,  659,  716,  484,  661,  686,  462],
        [  363,    0,  710,  403,  849,  960,  603,  570,  183,  554,  497,  947, 1036,  752,  796,  903,  833,  713,  707,  988,  655,  349,    0,  875,  529,  971,  398,  483,  693,  918,  597,  522,  966,  222,  687, 1020,  651,  993, 1027,  740,  564,  581,  726,  571,  552, 1003,  955,  404,  435,  453,  454,  378,  643,  958,  749,  679,  195,  422,  493,  335,  573,  700,  659,  528,  761,  442,  390,  648,  264,  861,  896,  589,  186,   48,  524,  666,  565,  610,  371,  652,  898,  218,  129,  215,  197,  870,  695,  265,  726,  790,  670,  265,  438,  521,  403,  186,  108,  607,  355,  730,  566,  929,  249,  965,  956,  297],
        [  585,    0,  171,  475,  625,  341,  327,  496,  698,  756,  384,  432,  284,  253,  727,  132,  899,  184,  271,  751,  234,  823,  875,    0,  823,  170,  688,  771,  315,  471,  555,  936,  555,  739,  340,  285,  226,  831,  933,  319,  357,  443,  728,  503,  395,  878,  568,  802,  450,  498,  560,  635,  949,  616,  136,  283,  681,  456,  693,  615,  494,  629,  323,  759,  563,  676,  543,  471,  704,   51,   43,  707,  748,  832,  559,  695,  458,  661,  505,  851,  302, 1001,  815,  735,  685,  717,  195,  661,  807,  797,  207,  971, 1001,  810,  612,  765,  834,  381,  672,  214,  387,  419,  693,  728,  599,  608],
        [  671,    0,  723,  551,  425,  704,  737,  328,  446,   77,  606,  636,  828,  858,  319,  770,  306,  753,  556,  521,  607,  182,  529,  823,    0,  823,  789,   66,  839,  583,  896,  121,  589,  648,  849,  807,  638,  498,  510,  532,  483,  381,  245,  840,  733,  496,  570,  126,  473,  362,  758,  732,  147,  548,  756,  541,  476,  496,  133,  665,  836,  282,  502,   66,  377,  823,  661,  894,  664,  840,  818,  141,  368,  494,  265,  208,  803,  193,  490,  124,  663,  435,  402,  342,  443,  403,  733,  621,  212,  284,  652,  355,  242,   15,  742,  357,  421,  442,  238,  805,  745,  624,  636,  504,  555,  596],
        [  720,    0,  313,  587,  541,  202,  479,  502,  790,  750,  506,  307,  115,  422,  662,   69,  839,  338,  282,  643,  319,  859,  971,  170,  823,    0,  834,  780,  482,  358,  718,  942,  434,  863,  507,  118,  333,  731,  836,  291,  413,  456,  680,  664,  545,  780,  452,  827,  537,  549,  709,  776,  932,  503,  288,  307,  778,  551,  702,  748,  655,  586,  339,  758,  503,  827,  678,  638,  833,  220,  128,  692,  823,  925,  571,  661,  617,  641,  603,  825,  191, 1069,  894,  805,  776,  634,  343,  785,  763,  739,  316, 1028, 1028,  811,  756,  838,  915,  402,  716,  379,  539,  300,  818,  623,  485,  729],
        [  140,    0,  523,  307,  950,  907,  361,  646,  353,  778,  347,  939,  931,  477,  955,  770, 1054,  505,  650, 1107,  541,  645,  398,  688,  789,  834,    0,  727,  405,  934,  220,  833, 1007,  177,  388,  921,  512, 1143, 1208,  712,  528,  622,  901,  222,  293, 1169, 1005,  678,  408,  512,  129,   68,  931, 1028,  553,  624,  319,  376,  694,  131,  229,  835,  628,  757,  853,   45,  174,  296,  140,  654,  723,  782,  444,  388,  641,  838,  246,  776,  344,  898,  843,  613,  455,  462,  352, 1006,  495,  170,  936,  981,  525,  645,  792,  777,   80,  463,  452,  608,  554,  486,  302,  920,  163, 1081, 1019,  197],
        [  607,    0,  665,  486,  423,  673,  673,  280,  387,   76,  542,  612,  793,  797,  333,  725,  351,  693,  508,  535,  550,  148,  483,  771,   66,  780,  727,    0,  775,  563,  831,  165,  578,  589,  785,  772,  580,  522,  546,  490,  425,  330,  258,  775,  669,  526,  560,   88,  409,  300,  693,  669,  212,  545,  699,  490,  416,  432,   79,  602,  771,  272,  452,   49,  362,  760,  597,  829,  604,  786,  768,  129,  314,  445,  213,  208,  738,  174,  425,  176,  628,  412,  354,  286,  383,  414,  673,  559,  245,  312,  594,  337,  258,   52,  679,  304,  375,  390,  174,  745,  680,  600,  575,  515,  549,  533],
        [  342,    0,  195,  320,  799,  616,  105,  556,  547,  792,  239,  683,  592,   73,  862,  429, 1011,  158,  416,  949,  294,  769,  693,  315,  839,  482,  405,  775,    0,  703,  241,  929,  787,  507,   25,  589,  250, 1013, 1103,  488,  381,  507,  835,  196,  141, 1053,  793,  772,  369,  477,  281,  367,  983,  833,  202,  404,  518,  352,  710,  373,  187,  742,  432,  783,  713,  383,  307,  157,  464,  272,  357,  763,  626,  660,  594,  784,  160,  731,  378,  908,  560,  868,  677,  624,  536,  881,  164,  437,  900,  916,  249,  864,  950,  824,  340,  646,  689,  457,  625,  104,  127,  666,  463,  923,  819,  397],
        [  797,    0,  509,  631,  199,  164,  647,  349,  746,  506,  593,   61,  300,  669,  334,  349,  506,  548,  296,  286,  420,  686,  918,  471,  583,  358,  934,  563,  703,    0,  899,  701,   86,  893,  725,  280,  461,  373,  479,  226,  407,  340,  375,  835,  696,  423,   97,  636,  538,  470,  829,  867,  653,  147,  512,  316,  751,  566,  496,  815,  827,  303,  307,  525,  206,  944,  761,  840,  878,  516,  438,  443,  738,  870,  404,  382,  783,  392,  611,  542,  172,  941,  806,  711,  733,  287,  539,  823,  456,  413,  457,  878,  819,  575,  857,  744,  831,  332,  581,  610,  697,   61,  854,  266,  129,  768],
        [  247,    0,  415,  348,  960,  835,  254,  677,  505,  867,  326,  889,  826,  310,  996,  661, 1123,  383,  603, 1116,  480,  782,  597,  555,  896,  718,  220,  831,  241,  899,    0,  963,  980,  379,  217,  821,  439, 1168, 1248,  675,  520,  638,  954,   66,  204, 1202,  982,  802,  442,  562,  150,  220, 1043, 1016,  433,  584,  470,  412,  781,  269,   73,  873,  601,  852,  866,  182,  241,   91,  335,  512,  595,  855,  597,  578,  694,  896,  116,  836,  408,  989,  774,  804,  627,  607,  499, 1032,  382,  337, 1006, 1037,  446,  823,  948,  883,  195,  618,  631,  604,  661,  342,  202,  871,  349, 1090, 1003,  327],
        [  726,    0,  827,  627,  537,  824,  825,  444,  481,  198,  692,  755,  949,  954,  420,  888,  363,  854,  672,  618,  714,  189,  522,  936,  121,  942,  833,  165,  929,  701,  963,    0,  704,  677,  937,  928,  743,  581,  575,  651,  589,  495,  350,  910,  815,  571,  684,  161,  560,  459,  819,  782,  128,  659,  862,  655,  514,  580,  243,  716,  907,  399,  617,  185,  495,  870,  723,  970,  700,  951,  933,  260,  392,  496,  378,  323,  878,  313,  565,  192,  783,  382,  405,  372,  481,  503,  834,  663,  296,  370,  757,  299,  142,  132,  795,  376,  420,  555,  307,  904,  827,  744,  673,  603,  667,  647],
        [  869,    0,  594,  702,  171,  234,  730,  398,  800,  515,  670,  128,  364,  755,  306,  430,  467,  633,  377,  213,  502,  711,  966,  555,  589,  434, 1007,  578,  787,   86,  980,  704,    0,  957,  810,  345,  544,  304,  410,  306,  479,  399,  361,  916,  777,  355,   23,  658,  606,  528,  906,  940,  641,   74,  597,  396,  808,  635,  519,  886,  908,  308,  383,  536,  218, 1018,  834,  924,  944,  600,  521,  452,  783,  919,  444,  382,  864,  405,  677,  531,  254,  972,  850,  755,  788,  242,  624,  889,  436,  382,  541,  905,  829,  583,  931,  788,  875,  400,  621,  695,  778,  137,  920,  197,   56,  836],
        [  165,    0,  569,  280,  872,  897,  431,  568,  202,  649,  359,  909,  946,  573,  854,  795,  931,  562,  634, 1025,  548,  488,  222,  739,  648,  863,  177,  589,  507,  893,  379,  677,  957,    0,  496,  933,  531, 1049, 1103,  685,  495,  559,  792,  359,  370, 1069,  950,  529,  358,  432,  242,  160,  783,  965,  606,  606,  175,  332,  570,  134,  363,  741,  598,  625,  777,  221,  203,  437,   45,  716,  768,  663,  285,  212,  546,  729,  363,  667,  284,  763,  832,  436,  283,  308,  207,  916,  547,   79,  815,  868,  548,  470,  623,  637,  186,  302,  278,  562,  422,  563,  383,  890,   47, 1000,  959,  135],
        [  332,    0,  219,  322,  819,  640,  112,  571,  545,  803,  245,  707,  617,   94,  879,  453, 1027,  182,  438,  970,  315,  775,  687,  340,  849,  507,  388,  785,   25,  725,  217,  937,  810,  496,    0,  614,  271, 1033, 1122,  510,  397,  523,  851,  175,  137, 1072,  816,  779,  378,  488,  265,  352,  994,  855,  227,  425,  515,  358,  721,  363,  166,  759,  452,  794,  732,  364,  298,  132,  453,  296,  381,  776,  626,  655,  608,  799,  142,  746,  381,  921,  584,  866,  675,  625,  535,  900,  187,  428,  915,  933,  271,  865,  955,  835,  325,  647,  686,  474,  632,  129,  123,  690,  453,  944,  841,  390],
        [  800,    0,  409,  654,  476,  117,  575,  505,  838,  731,  582,  222,   22,  533,  606,  161,  781,  438,  313,  557,  387,  868, 1020,  285,  807,  118,  921,  772,  589,  280,  821,  928,  345,  933,  614,    0,  411,  647,  754,  293,  456,  467,  635,  764,  639,  698,  364,  830,  590,  578,  799,  860,  902,  417,  390,  341,  831,  609,  696,  826,  755,  548,  364,  744,  457,  918,  758,  744,  906,  335,  242,  670,  860,  973,  573,  627,  715,  618,  661,  793,  145, 1096,  931,  838,  824,  566,  441,  856,  719,  684,  397, 1047, 1027,  797,  843,  872,  953,  423,  735,  486,  635,  220,  889,  540,  399,  799],
        [  390,    0,   86,  256,  550,  401,  187,  326,  474,  580,  173,  450,  421,  238,  617,  265,  773,  118,  169,  699,   44,  611,  651,  226,  638,  333,  512,  580,  250,  461,  439,  743,  544,  531,  271,  411,    0,  763,  854,  241,  156,  273,  596,  376,  240,  804,  549,  598,  226,  288,  391,  450,  775,  586,  120,  155,  457,  231,  506,  417,  368,  501,  183,  577,  465,  510,  348,  380,  501,  221,  245,  541,  524,  608,  377,  550,  325,  503,  281,  688,  339,  777,  590,  511,  460,  632,  100,  453,  667,  675,   19,  750,  793,  624,  433,  541,  609,  216,  460,  178,  239,  432,  486,  673,  572,  397],
        [ 1005,    0,  831,  843,  215,  534,  936,  499,  860,  447,  843,  427,  667,  995,  197,  716,  238,  870,  602,   93,  720,  669,  993,  831,  498,  731, 1143,  522, 1013,  373, 1168,  581,  304, 1049, 1033,  647,  763,    0,  107,  532,  650,  532,  268, 1104,  968,   52,  284,  609,  741,  631, 1065, 1077,  476,  231,  845,  610,  879,  773,  500, 1014, 1097,  310,  582,  474,  303, 1165,  979, 1129, 1049,  872,  802,  405,  811,  950,  505,  328, 1055,  386,  800,  390,  542,  931,  865,  782,  851,  138,  857,  996,  288,  215,  766,  852,  723,  499, 1076,  808,  888,  566,  643,  934,  974,  432, 1022,  108,  249,  952],
        [ 1072,    0,  925,  914,  310,  640, 1022,  572,  908,  473,  923,  534,  773, 1089,  255,  821,  213,  964,  696,  198,  811,  690, 1027,  933,  510,  836, 1208,  546, 1103,  479, 1248,  575,  410, 1103, 1122,  754,  854,  107,    0,  629,  733,  610,  311, 1184, 1050,   56,  390,  630,  813,  699, 1138, 1143,  457,  338,  941,  702,  930,  845,  539, 1078, 1177,  377,  672,  500,  391, 1233, 1048, 1213, 1107,  973,  905,  443,  850,  987,  568,  374, 1136,  436,  867,  391,  647,  943,  898,  821,  900,  223,  950, 1055,  302,  238,  858,  862,  716,  514, 1144,  844,  920,  651,  686, 1028, 1056,  538, 1079,  215,  356, 1014],
        [  577,    0,  300,  413,  319,  220,  425,  215,  561,  460,  369,  227,  313,  465,  410,  240,  581,  340,   73,  463,  198,  577,  740,  319,  532,  291,  712,  490,  488,  226,  675,  651,  306,  685,  510,  293,  241,  532,  629,    0,  191,  175,  410,  610,  471,  576,  309,  541,  328,  290,  605,  646,  645,  346,  313,   91,  559,  354,  412,  597,  602,  312,   88,  467,  247,  720,  540,  620,  666,  352,  302,  404,  573,  693,  283,  380,  559,  354,  402,  542,  159,  804,  644,  549,  547,  408,  328,  612,  491,  479,  240,  755,  740,  520,  635,  583,  667,  134,  442,  404,  473,  208,  644,  437,  332,  556],
        [  391,    0,  241,  225,  441,  405,  291,  176,  382,  425,  196,  416,  472,  385,  485,  347,  631,  271,  144,  598,  126,  467,  564,  357,  483,  413,  528,  425,  381,  407,  520,  589,  479,  495,  397,  456,  156,  650,  733,  191,    0,  127,  455,  455,  319,  685,  478,  448,  138,  142,  429,  461,  620,  504,  274,  115,  376,  164,  351,  409,  448,  364,  104,  422,  347,  540,  355,  481,  476,  365,  363,  388,  410,  518,  222,  404,  406,  353,  212,  535,  340,  657,  481,  392,  369,  514,  252,  422,  520,  536,  169,  620,  646,  469,  452,  425,  502,   85,  316,  328,  324,  397,  454,  571,  494,  366],
        [  483,    0,  356,  317,  329,  388,  417,   54,  407,  315,  313,  366,  487,  508,  360,  398,  505,  390,  179,  487,  235,  404,  581,  443,  381,  456,  622,  330,  507,  340,  638,  495,  399,  559,  523,  467,  273,  532,  610,  175,  127,    0,  329,  574,  441,  564,  392,  372,  215,  131,  536,  555,  509,  409,  385,  161,  411,  247,  252,  496,  568,  238,  122,  316,  233,  640,  453,  605,  548,  461,  439,  271,  406,  533,  118,  279,  526,  230,  283,  418,  330,  631,  477,  381,  394,  394,  372,  493,  395,  410,  283,  580,  572,  368,  551,  415,  500,   62,  268,  450,  447,  348,  523,  460,  402,  441],
        [  766,    0,  676,  613,  191,  522,  745,  282,  598,  184,  633,  434,  657,  834,   75,  642,  177,  713,  461,  278,  555,  405,  726,  728,  245,  680,  901,  258,  835,  375,  954,  350,  361,  792,  851,  635,  596,  268,  311,  410,  455,  329,    0,  891,  763,  279,  340,  345,  514,  396,  836,  836,  280,  311,  700,  458,  620,  545,  233,  770,  886,   99,  421,  210,  180,  926,  744,  929,  797,  758,  711,  137,  545,  684,  263,   64,  846,  126,  562,  170,  497,  670,  598,  516,  590,  158,  695,  745,   84,   83,  604,  593,  484,  243,  838,  541,  620,  381,  378,  774,  771,  427,  768,  260,  320,  705],
        [  210,    0,  356,  289,  895,  774,  192,  613,  463,  808,  261,  826,  770,  268,  932,  605, 1061,  327,  539, 1051,  416,  731,  571,  503,  840,  664,  222,  775,  196,  835,   66,  910,  916,  359,  175,  764,  376, 1104, 1184,  610,  455,  574,  891,    0,  139, 1138,  918,  749,  380,  500,  118,  202,  986,  951,  377,  520,  429,  351,  722,  236,   10,  809,  536,  793,  802,  193,  195,   79,  314,  463,  543,  794,  553,  547,  632,  833,   52,  774,  350,  930,  713,  770,  588,  561,  456,  967,  324,  306,  944,  974,  384,  784,  902,  826,  174,  574,  594,  539,  606,  291,  138,  808,  323, 1025,  939,  287],
        [  206,    0,  233,  191,  758,  640,   68,  483,  409,  695,  132,  689,  647,  203,  800,  483,  936,  212,  401,  914,  278,  646,  552,  395,  733,  545,  293,  669,  141,  696,  204,  815,  777,  370,  137,  639,  240,  968, 1050,  471,  319,  441,  763,  139,    0, 1003,  779,  655,  262,  380,  165,  243,  880,  812,  261,  381,  379,  238,  610,  238,  132,  678,  397,  682,  666,  282,  168,  166,  329,  362,  431,  674,  491,  519,  508,  707,   88,  650,  252,  815,  578,  730,  539,  491,  399,  832,  203,  298,  820,  846,  249,  729,  825,  719,  219,  511,  550,  402,  508,  197,   14,  670,  326,  887,  800,  256],
        [ 1032,    0,  873,  872,  257,  584,  973,  529,  877,  451,  877,  478,  717, 1037,  216,  765,  215,  912,  644,  144,  760,  672, 1003,  878,  496,  780, 1169,  526, 1053,  423, 1202,  571,  355, 1069, 1072,  698,  804,   52,   56,  576,  685,  564,  279, 1138, 1003,    0,  334,  612,  771,  658, 1095, 1104,  459,  282,  888,  651,  897,  802,  511, 1039, 1131,  335,  621,  479,  340, 1192, 1007, 1166, 1071,  918,  850,  415,  823,  961,  529,  342, 1089,  403,  827,  382,  591,  930,  874,  794,  868,  172,  898, 1019,  285,  214,  807,  850,  712,  498, 1103,  819,  897,  602,  657,  976, 1009,  482, 1044,  159,  300,  976],
        [  866,    0,  601,  699,  150,  252,  734,  389,  791,  496,  670,  145,  384,  763,  284,  445,  444,  640,  381,  193,  506,  695,  955,  568,  570,  452, 1005,  560,  793,   97,  982,  684,   23,  950,  816,  364,  549,  284,  390,  309,  478,  392,  340,  918,  779,  334,    0,  641,  601,  520,  905,  937,  619,   53,  606,  399,  799,  632,  502,  882,  910,  290,  384,  518,  202, 1017,  832,  928,  939,  613,  535,  434,  772,  908,  432,  362,  867,  387,  672,  510,  268,  957,  838,  743,  779,  220,  631,  884,  414,  359,  546,  889,  810,  564,  929,  775,  862,  397,  607,  703,  781,  153,  914,  176,   35,  831],
        [  567,    0,  681,  467,  506,  736,  668,  327,  329,  163,  534,  683,  850,  801,  420,  769,  430,  706,  549,  622,  573,   61,  404,  802,  126,  827,  678,   88,  772,  636,  802,  161,  658,  529,  779,  830,  598,  609,  630,  541,  448,  372,  345,  749,  655,  612,  641,    0,  404,  311,  659,  625,  254,  628,  718,  528,  361,  421,  141,  558,  747,  354,  492,  136,  440,  714,  563,  810,  549,  812,  803,  214,  246,  369,  258,  294,  717,  255,  404,  249,  687,  325,  277,  222,  327,  501,  685,  509,  329,  398,  613,  251,  201,  118,  637,  233,  296,  428,  148,  752,  667,  669,  521,  602,  631,  489],
        [  268,    0,  298,  103,  543,  543,  266,  243,  254,  433,  133,  552,  605,  399,  559,  469,  681,  315,  280,  701,  222,  405,  435,  450,  473,  537,  408,  409,  369,  538,  442,  560,  606,  358,  378,  590,  226,  741,  813,  328,  138,  215,  514,  380,  262,  771,  601,  404,    0,  120,  325,  340,  619,  622,  338,  252,  243,   32,  348,  282,  375,  437,  241,  421,  447,  425,  239,  426,  341,  445,  466,  415,  299,  389,  253,  454,  338,  395,   75,  553,  478,  551,  365,  286,  240,  604,  294,  286,  564,  596,  244,  527,  588,  459,  336,  316,  385,  206,  257,  354,  273,  533,  318,  674,  614,  231],
        [  375,    0,  371,  218,  443,  510,  376,  137,  277,  316,  249,  496,  596,  497,  445,  484,  562,  396,  269,  598,  266,  326,  453,  498,  362,  549,  512,  300,  477,  470,  562,  459,  528,  432,  488,  578,  288,  631,  699,  290,  142,  131,  396,  500,  380,  658,  520,  311,  120,    0,  441,  446,  506,  534,  407,  242,  281,  150,  233,  383,  495,  323,  215,  306,  346,  535,  350,  545,  425,  504,  504,  295,  283,  405,  134,  336,  457,  275,  169,  435,  449,  521,  354,  261,  264,  495,  376,  371,  444,  478,  304,  480,  506,  348,  446,  295,  377,  157,  175,  446,  390,  478,  399,  572,  528,  322],
        [   98,    0,  397,  224,  864,  791,  233,  567,  355,  734,  237,  829,  807,  352,  884,  645,  999,  377,  539, 1022,  424,  635,  454,  560,  758,  709,  129,  693,  281,  829,  150,  819,  906,  242,  265,  799,  391, 1065, 1138,  605,  429,  536,  836,  118,  165, 1095,  905,  659,  325,  441,    0,   88,  904,  933,  426,  515,  321,  294,  649,  121,  121,  762,  523,  717,  768,  120,   97,  196,  198,  526,  596,  728,  448,  432,  574,  776,  125,  714,  277,  856,  727,  656,  478,  459,  350,  928,  368,  190,  881,  918,  404,  674,  800,  745,   61,  469,  482,  512,  520,  358,  174,  810,  206,  995,  922,  178],
        [   73,    0,  467,  240,  883,  843,  310,  579,  305,  718,  283,  873,  870,  437,  889,  711,  991,  452,  584, 1040,  478,  595,  378,  635,  732,  776,   68,  669,  367,  867,  220,  782,  940,  160,  352,  860,  450, 1077, 1143,  646,  461,  555,  836,  202,  243, 1104,  937,  625,  340,  446,   88,    0,  876,  961,  500,  558,  270,  309,  633,   68,  206,  769,  561,  698,  786,   92,  107,  280,  115,  604,  668,  719,  398,  361,  576,  774,  213,  711,  277,  838,  778,  587,  417,  413,  303,  940,  440,  124,  873,  917,  464,  611,  749,  720,   29,  418,  418,  541,  495,  439,  253,  854,  130, 1013,  952,  137],
        [  815,    0,  860,  698,  470,  792,  882,  456,  583,  196,  752,  711,  923, 1000,  339,  885,  245,  891,  679,  524,  742,  299,  643,  949,  147,  932,  931,  212,  983,  653, 1043,  128,  641,  783,  994,  902,  775,  476,  457,  645,  620,  509,  280,  986,  880,  459,  619,  254,  619,  506,  904,  876,    0,  587,  892,  666,  614,  643,  274,  808,  983,  355,  627,  201,  450,  966,  807, 1041,  803,  970,  940,  243,  499,  614,  399,  276,  950,  292,  637,  111,  759,  510,  521,  476,  581,  419,  871,  762,  208,  275,  788,  427,  263,  161,  887,  485,  538,  571,  384,  946,  891,  702,  775,  514,  597,  739],
        [  889,    0,  642,  721,  124,  304,  769,  399,  799,  477,  699,  198,  436,  805,  249,  495,  400,  681,  418,  141,  543,  684,  958,  616,  548,  503, 1028,  545,  833,  147, 1016,  659,   74,  965,  855,  417,  586,  231,  338,  346,  504,  409,  311,  951,  812,  282,   53,  628,  622,  534,  933,  961,  587,    0,  649,  434,  809,  653,  492,  904,  943,  275,  415,  500,  198, 1042,  856,  964,  956,  660,  584,  417,  774,  912,  436,  341,  900,  374,  691,  479,  319,  948,  838,  745,  787,  177,  671,  902,  380,  321,  584,  878,  789,  544,  954,  776,  863,  422,  607,  745,  815,  204,  931,  124,   19,  850],
        [  450,    0,   40,  347,  631,  415,  194,  439,  577,  697,  254,  487,  394,  158,  713,  229,  876,   51,  246,  773,  151,  731,  749,  136,  756,  288,  553,  699,  202,  512,  433,  862,  597,  606,  227,  390,  120,  845,  941,  313,  274,  385,  700,  377,  261,  888,  606,  718,  338,  407,  426,  500,  892,  649,    0,  244,  557,  338,  624,  480,  368,  602,  280,  694,  554,  543,  408,  355,  570,  112,  170,  655,  635,  708,  494,  658,  330,  614,  384,  802,  361,  887,  698,  624,  564,  719,   60,  528,  774,  777,  105,  865,  913,  742,  477,  653,  716,  325,  579,  101,  254,  471,  560,  748,  633,  475],
        [  490,    0,  224,  330,  396,  292,  336,  213,  497,  473,  279,  315,  358,  387,  470,  244,  634,  262,   29,  545,  111,  556,  679,  283,  541,  307,  624,  490,  404,  316,  584,  655,  396,  606,  425,  341,  155,  610,  702,   91,  115,  161,  458,  520,  381,  651,  399,  528,  252,  242,  515,  558,  666,  434,  244,    0,  491,  275,  412,  512,  512,  360,   40,  476,  313,  631,  452,  531,  584,  306,  278,  425,  521,  632,  278,  418,  468,  380,  325,  570,  227,  763,  592,  501,  483,  480,  248,  531,  534,  534,  157,  721,  729,  528,  546,  534,  614,  100,  410,  326,  383,  296,  563,  519,  421,  474],
        [  224,    0,  517,  212,  710,  778,  421,  412,   35,  474,  307,  774,  846,  571,  683,  710,  756,  522,  519,  860,  461,  326,  195,  681,  476,  778,  319,  416,  518,  751,  470,  514,  808,  175,  515,  831,  457,  879,  930,  559,  376,  411,  620,  429,  379,  897,  799,  361,  243,  281,  321,  270,  614,  809,  557,  491,    0,  228,  395,  207,  429,  572,  474,  451,  616,  357,  235,  501,  189,  668,  701,  489,  129,  152,  380,  557,  410,  495,  177,  590,  714,  352,  162,  144,   34,  747,  504,  150,  641,  695,  476,  357,  481,  464,  287,  149,  172,  427,  248,  543,  393,  755,  161,  835,  805,  143],
        [  237,    0,  298,   71,  575,  566,  248,  274,  243,  459,  114,  579,  623,  386,  591,  483,  711,  310,  303,  733,  233,  419,  422,  456,  496,  551,  376,  432,  352,  566,  412,  580,  635,  332,  358,  609,  231,  773,  845,  354,  164,  247,  545,  351,  238,  802,  632,  421,   32,  150,  294,  309,  643,  653,  338,  275,  228,    0,  374,  251,  347,  468,  267,  446,  478,  393,  207,  400,  313,  447,  475,  444,  298,  378,  283,  485,  310,  425,   53,  580,  501,  550,  361,  288,  230,  636,  290,  259,  594,  627,  249,  531,  601,  482,  304,  316,  379,  236,  274,  345,  249,  560,  291,  706,  645,  203],
