{
    "name": "random-57-21245",
    "comment": "size=57 seed=21245",
    "nodes": ["+0", "-0", "+1", "-1", "+2", "-2", "+3", "-3", "+4", "-4", "+5", "-5", "+6", "-6", "+7", "-7", "+8", "-8", "+9", "-9", "+10", "-10", "+11", "-11", "+12", "-12", "+13", "-13", "+14", "-14", "+15", "-15", "+16", "-16", "+17", "-17", "+18", "-18", "+19", "-19", "+20", "-20", "+21", "-21", "+22", "-22", "+23", "-23", "+24", "-24", "+25", "-25", "+26", "-26", "+27", "-27", "+28", "-28", "+29", "-29", "+30", "-30", "+31", "-31", "+32", "-32", "+33", "-33", "+34", "-34", "+35", "-35", "+36", "-36", "+37", "-37", "+38", "-38", "+39", "-39", "+40", "-40", "+41", "-41", "+42", "-42", "+43", "-43", "+44", "-44", "+45", "-45", "+46", "-46", "+47", "-47", "+48", "-48", "+49", "-49", "+50", "-50", "+51", "-51", "+52", "-52", "+53", "-53", "+54", "-54", "+55", "-55", "+56", "-56", "+57", "-57"],
    "precedence": {
        "+0": "-0",
        "+1": "-1",
        "+2": "-2",
        "+3": "-3",
        "+4": "-4",
        "+5": "-5",
        "+6": "-6",
        "+7": "-7",
        "+8": "-8",
        "+9": "-9",
        "+10": "-10",
        "+11": "-11",
        "+12": "-12",
        "+13": "-13",
        "+14": "-14",
        "+15": "-15",
        "+16": "-16",
        "+17": "-17",
        "+18": "-18",
        "+19": "-19",
        "+20": "-20",
        "+21": "-21",
        "+22": "-22",
        "+23": "-23",
        "+24": "-24",
        "+25": "-25",
        "+26": "-26",
        "+27": "-27",
        "+28": "-28",
        "+29": "-29",
        "+30": "-30",
        "+31": "-31",
        "+32": "-32",
        "+33": "-33",
        "+34": "-34",
        "+35": "-35",
        "+36": "-36",
        "+37": "-37",
        "+38": "-38",
        "+39": "-39",
        "+40": "-40",
        "+41": "-41",
        "+42": "-42",
        "+43": "-43",
        "+44": "-44",
        "+45": "-45",
        "+46": "-46",
        "+47": "-47",
        "+48": "-48",
        "+49": "-49",
        "+50": "-50",
        "+51": "-51",
        "+52": "-52",
        "+53": "-53",
        "+54": "-54",
        "+55": "-55",
        "+56": "-56",
        "+57": "-57"
    },
    "edges": [
        [    0,    0,  631,  300,  442,  494,  675,  356,  546,  284,  477,  284,  221,  701,  343,  317,  304,  272,  789,  531,  285,  267,  271,  646,  302,  300,  572,  327,  521,  331,  618,  522,  251,  498,  222,  191,  385,  233,  775,  472,  716,  782,  512,  361,  306,  211,  675,  708,  194,  244,  561,  717,  657,  324,  540,   56,  432,  683,  694,  761,  704,  430,  293,  678,  715,  107,  513,  803,  456,  251,  156,  607,  687,  799,  618,  754,  794,  507,  669,  296,  398,  656,  215,  805,  821,  538,  859,  279,  325,  326,  393,  813,  272,   74,  653,  615,  192,  470,  438,  547,   86,  566,  186,  387,  272,  402,  377,  678,  622,  204,  401,  447,  295,  671,  446,  775],
        [    0,    0,    0,    0,    0,    0,    0,    0,    0,    0,    0,    0,    0,    0,    0,    0,    0,    0,    0,    0,    0,    0,    0,    0,    0,    0,    0,    0,    0,    0,    0,    0,    0,    0,    0,    0,    0,    0,    0,    0,    0,    0,    0,    0,    0,    0,    0,    0,    0,    0,    0,    0,    0,    0,    0,    0,    0,    0,    0,    0,    0,    0,    0,    0,    0,    0,    0,    0,    0,    0,    0,    0,    0,    0,    0,    0,    0,    0,    0,    0,    0,    0,    0,    0,    0,    0,    0,    0,    0,    0,    0,    0,    0,    0,    0,    0,    0,    0,    0,    0,    0,    0,    0,    0,    0,    0,    0,    0,    0,    0,    0,    0,    0,    0,    0,    0],
        [  631,    0,    0,  902,  279,  677,   76,  380,  311,  914,  918,  407,  729,  781,  289,  443,  372,  571,  425,  880,  453,  565,  605,  823,  475,  534,  507,  674,  930,  386,  204,  301,  382,  281,  416,  812,  257,  485,  494,  891,  381,  283,  737,  972,  657,  794,  248,  361,  563,  722,  197,  423,  100,  930,  940,  625,  531,  430,  927,  308,   90,  718,  883,  314,  419,  672,  119,  364,  688,  736,  655,  576,  442,  274,  788,  151,  514,  197,  808,  342,  624,  605,  792,  339,  499,  232,  453,  439,  532,  759,  389,  575,  399,  703,  123,  129,  487,  209,  725,  877,  549,   70,  498,  987,  392,  365,  968,  110,  867,  664,  540,  488,  922,  379,  554,  283],
        [  300,    0,  902,    0,  667,  743,  934,  655,  742,  137,  603,  506,  200,  948,  617,  500,  538,  546, 1088,  703,  476,  387,  533,  869,  471,  431,  860,  562,  657,  542,  913,  724,  536,  710,  514,  117,  645,  529, 1071,  616,  895, 1078,  743,   73,  547,  110,  890, 1007,  353,  442,  856,  881,  941,   30,  678,  284,  714,  981,  888, 1058,  982,  657,  330,  976,  880,  231,  785, 1101,  697,  214,  398,  887,  841, 1093,  849, 1036, 1090,  799,  902,  585,  656,  934,  114, 1103, 1118,  761, 1158,  483,  450,  514,  581, 1105,  508,  231,  940,  903,  491,  714,  664,  725,  382,  841,  406,   88,  513,  701,   80,  929,  824,  262,  681,  576,  106,  846,  723, 1071],
        [  442,    0,  279,  667,    0,  692,  283,  372,  122,  708,  844,  164,  478,  853,  172,  174,  138,  507,  645,  845,  192,  299,  535,  858,  206,  263,  604,  614,  871,  125,  407,   95,  245,   62,  285,  595,  116,  401,  687,  825,  291,  541,  741,  739,  592,  558,  234,  564,  315,  613,  362,  307,  358,  696,  886,  416,  553,  602,  946,  550,  368,  692,  729,  517,  303,  447,  198,  606,  682,  478,  524,  670,  293,  540,  823,  429,  709,  314,  857,  242,  609,  712,  554,  590,  709,   98,  691,  185,  257,  674,  111,  759,  170,  504,  372,  351,  374,   72,  701,  850,  378,  246,  268,  747,  171,  391,  725,  270,  876,  412,  545,  215,  708,  254,  578,  538],
        [  494,    0,  677,  743,  692,    0,  751,  324,  811,  651,  319,  617,  714,  208,  520,  685,  608,  228,  523,  227,  661,  712,  224,  169,  693,  725,  229,  182,  302,  657,  519,  785,  465,  750,  435,  629,  578,  317,  453,  283,  969,  628,   62,  780,  197,  687,  867,  478,  644,  306,  492,  993,  628,  757,  303,  545,  148,  397,  257,  580,  695,  103,  481,  483,  989,  600,  597,  589,   50,  744,  351,  201,  984,  659,  135,  711,  462,  480,  179,  452,   98,  232,  694,  612,  508,  754,  594,  642,  747,  252,  724,  443,  592,  533,  607,  574,  363,  662,  102,  214,  454,  616,  586,  818,  582,  320,  820,  778,  191,  691,  148,  827,  680,  940,  124,  619],
        [  675,    0,   76,  934,  283,  751,    0,  448,  285,  956,  985,  430,  753,  856,  334,  456,  397,  636,  487,  950,  471,  580,  670,  898,  488,  545,  582,  741,  998,  402,  276,  282,  430,  269,  467,  850,  292,  546,  561,  958,  324,  332,  810, 1005,  723,  825,  191,  428,  588,  783,  272,  369,  162,  963, 1009,  663,  604,  501, 1002,  364,  122,  789,  937,  382,  364,  706,  172,  418,  760,  757,  711,  651,  393,  317,  863,  176,  581,  271,  883,  395,  695,  680,  822,  391,  562,  213,  507,  459,  540,  823,  392,  643,  426,  745,  188,  201,  543,  222,  796,  948,  596,  137,  528, 1017,  421,  436,  997,   39,  940,  687,  612,  478,  961,  329,  627,  334],
        [  356,    0,  380,  655,  372,  324,  448,    0,  489,  620,  539,  330,  543,  483,  202,  400,  310,  195,  434,  505,  383,  465,  229,  488,  417,  463,  257,  294,  551,  359,  285,  464,  178,  429,  168,  543,  257,  133,  425,  511,  646,  442,  378,  715,  279,  562,  545,  353,  414,  356,  234,  670,  361,  679,  562,  381,  181,  332,  580,  414,  423,  344,  535,  325,  666,  442,  283,  451,  322,  564,  308,  314,  662,  464,  452,  457,  445,  195,  486,  144,  252,  361,  565,  457,  468,  431,  504,  362,  480,  382,  420,  473,  304,  425,  347,  308,  165,  339,  351,  504,  275,  313,  340,  742,  292,   48,  732,  470,  513,  495,  177,  532,  638,  617,  207,  435],
        [  546,    0,  311,  742,  122,  811,  285,  489,    0,  798,  963,  263,  545,  967,  292,  244,  246,  628,  719,  966,  271,  357,  656,  976,  271,  315,  711,  735,  991,  215,  481,   27,  366,   61,  405,  683,  233,  522,  772,  945,  174,  592,  861,  814,  713,  635,  155,  643,  394,  730,  444,  186,  406,  771, 1007,  513,  670,  692, 1066,  611,  396,  813,  837,  595,  182,  535,  273,  668,  802,  539,  640,  779,  174,  585,  941,  456,  793,  405,  974,  363,  730,  820,  629,  647,  788,   82,  756,  271,  300,  794,  162,  848,  276,  603,  426,  414,  494,  157,  821,  971,  489,  305,  363,  817,  280,  505,  792,  257,  996,  481,  664,  204,  795,  134,  696,  592],
        [  284,    0,  914,  137,  708,  651,  956,  620,  798,    0,  476,  545,  290,  850,  626,  556,  572,  478, 1047,  582,  528,  459,  459,  762,  531,  503,  796,  471,  531,  588,  895,  777,  534,  759,  505,  117,  665,  488, 1018,  492,  961, 1058,  642,  138,  460,  189,  940,  969,  407,  346,  839,  954,  940,  133,  551,  295,  645,  931,  771, 1032,  988,  557,  200,  944,  952,  264,  796, 1071,  603,  314,  328,  813,  917, 1077,  745, 1037, 1035,  786,  798,  579,  572,  858,  198, 1076, 1068,  805, 1119,  529,  525,  408,  638, 1043,  540,  212,  935,  897,  459,  745,  563,  606,  368,  850,  441,  179,  542,  665,  192,  957,  710,  338,  611,  655,   35,  914,  651, 1051],
        [  477,    0,  918,  603,  844,  319,  985,  539,  963,  476,    0,  718,  663,  453,  687,  771,  724,  350,  839,  128,  740,  743,  317,  341,  764,  773,  544,  245,   56,  765,  797,  937,  600,  906,  560,  512,  746,  450,  772,   37, 1135,  928,  272,  613,  262,  594, 1058,  786,  670,  240,  758, 1147,  892,  606,   76,  532,  422,  712,  312,  884,  957,  227,  276,  785, 1144,  563,  816,  899,  278,  695,  335,  520, 1126,  957,  339,  985,  781,  729,  385,  613,  313,  548,  604,  919,  826,  928,  910,  727,  798,  170,  835,  760,  697,  471,  876,  838,  470,  840,  224,  153,  493,  850,  643,  654,  691,  559,  667, 1004,  266,  670,  399,  911,  510, 1096,  407,  919],
        [  284,    0,  407,  506,  164,  617,  430,  330,  263,  545,  718,    0,  324,  802,  159,   71,   35,  405,  699,  737,   57,  165,  428,  785,   90,  146,  585,  506,  751,   49,  476,  239,  156,  216,  183,  432,  155,  303,  720,  703,  434,  631,  659,  578,  483,  397,  396,  614,  158,  480,  421,  438,  465,  536,  768,  253,  496,  628,  862,  628,  493,  596,  575,  571,  435,  284,  299,  680,  597,  329,  386,  644,  412,  638,  752,  551,  742,  363,  793,  188,  525,  691,  394,  671,  753,  261,  756,   37,  156,  550,  118,  782,   26,  343,  471,  440,  263,  209,  605,  746,  230,  355,  105,  588,   38,  366,  568,  424,  790,  258,  479,  210,  545,  390,  519,  627],
        [  221,    0,  729,  200,  478,  714,  753,  543,  545,  290,  663,  324,    0,  922,  457,  307,  358,  492,  969,  736,  286,  188,  491,  864,  276,  232,  780,  545,  713,  354,  770,  528,  391,  517,  382,  182,  473,  438,  967,  666,  696,  932,  731,  271,  525,  102,  696,  884,  167,  449,  712,  682,  780,  229,  733,  173,  647,  874,  907,  920,  813,  648,  421,  848,  681,  115,  617,  968,  676,   32,  371,  820,  642,  944,  838,  870,  988,  654,  888,  441,  618,  869,   94,  965, 1009,  570, 1034,  295,  251,  531,  386, 1013,  331,  196,  783,  748,  391,  532,  656,  754,  277,  674,  235,  272,  338,  589,  248,  745,  836,   67,  617,  377,  274,  647,  663,  927],
        [  701,    0,  781,  948,  853,  208,  856,  483,  967,  850,  453,  802,  922,    0,  685,  872,  788,  432,  505,  328,  850,  910,  431,  118,  883,  920,  274,  387,  413,  837,  591,  943,  647,  908,  622,  835,  738,  511,  413,  418, 1114,  654,  208,  982,  404,  895,  999,  493,  844,  507,  584, 1143,  710,  961,  405,  751,  307,  400,  210,  601,  776,  293,  669,  518, 1139,  808,  724,  590,  252,  951,  558,  206, 1140,  687,  114,  775,  412,  592,   72,  624,  304,  188,  901,  619,  461,  902,  563,  830,  940,  443,  901,  367,  776,  741,  686,  660,  559,  812,  287,  304,  658,  729,  783, 1020,  765,  463, 1024,  888,  201,  897,  325, 1010,  880, 1090,  283,  645],
        [  343,    0,  289,  617,  172,  520,  334,  202,  292,  626,  687,  159,  457,  685,    0,  223,  129,  342,  540,  678,  216,  321,  372,  686,  248,  305,  445,  450,  710,  171,  320,  266,   98,  231,  136,  524,   60,  238,  563,  665,  456,  479,  570,  687,  429,  511,  372,  455,  296,  465,  263,  476,  325,  645,  724,  337,  382,  472,  775,  472,  365,  523,  606,  413,  472,  387,  171,  524,  511,  469,  385,  509,  464,  488,  651,  419,  585,  205,  687,   74,  438,  553,  510,  516,  595,  243,  598,  196,  314,  518,  224,  627,  139,  415,  327,  292,  221,  154,  531,  682,  263,  225,  223,  704,  128,  227,  687,  341,  705,  395,  373,  340,  634,  423,  407,  474],
        [  317,    0,  443,  500,  174,  685,  456,  400,  244,  556,  771,   71,  307,  872,  223,    0,   95,  470,  761,  797,   32,  125,  490,  853,   33,   92,  655,  567,  807,   59,  533,  224,  226,  210,  252,  441,  207,  370,  786,  759,  407,  684,  725,  573,  544,  393,  391,  677,  150,  531,  480,  403,  511,  530,  824,  277,  566,  695,  928,  684,  532,  660,  609,  633,  401,  293,  344,  738,  664,  306,  437,  714,  372,  688,  820,  592,  808,  423,  862,  258,  592,  761,  387,  727,  817,  264,  816,   45,   94,  605,   83,  849,   97,  366,  520,  492,  327,  236,  669,  807,  278,  398,  132,  578,  108,  436,  555,  443,  855,  241,  548,  144,  552,  360,  589,  680],
        [  304,    0,  372,  538,  138,  608,  397,  310,  246,  572,  724,   35,  358,  788,  129,   95,    0,  402,  668,  737,   89,  199,  426,  776,  120,  178,  564,  505,  755,   50,  443,  221,  143,  195,  176,  461,  121,  297,  692,  708,  419,  597,  651,  609,  482,  429,  371,  583,  192,  488,  388,  426,  430,  567,  771,  279,  482,  600,  856,  595,  458,  592,  593,  540,  423,  313,  264,  648,  590,  364,  396,  624,  403,  603,  742,  517,  713,  331,  782,  167,  518,  670,  426,  638,  723,  235,  724,   70,  186,  555,  117,  755,   33,  367,  437,  406,  261,  177,  601,  745,  244,  320,  133,  621,   35,  343,  600,  392,  784,  292,  466,  223,  573,  376,  506,  593],
        [  272,    0,  571,  546,  507,  228,  636,  195,  628,  478,  350,  405,  492,  432,  342,  470,  402,    0,  578,  338,  443,  485,   35,  390,  473,  501,  318,  109,  369,  449,  473,  602,  264,  569,  227,  430,  402,  107,  542,  326,  796,  622,  258,  594,   89,  476,  712,  507,  417,  167,  426,  813,  555,  565,  383,  320,  169,  458,  458,  586,  617,  191,  357,  490,  810,  378,  467,  616,  198,  520,  151,  342,  797,  647,  359,  651,  558,  389,  407,  268,  130,  389,  481,  627,  593,  585,  652,  425,  524,  188,  519,  565,  381,  322,  541,  502,  143,  495,  200,  344,  227,  503,  362,  628,  372,  225,  625,  655,  386,  465,  135,  614,  503,  761,  178,  614],
        [  789,    0,  425, 1088,  645,  523,  487,  434,  719, 1047,  839,  699,  969,  505,  540,  761,  668,  578,    0,  747,  756,  859,  606,  596,  788,  844,  295,  633,  824,  706,  240,  702,  581,  674,  588,  976,  558,  562,   97,  803,  806,  177,  579, 1148,  631,  996,  673,   86,  824,  740,  285,  848,  327, 1112,  825,  813,  431,  127,  705,  129,  371,  613,  933,  129,  844,  874,  450,   92,  561,  988,  723,  331,  865,  208,  570,  339,  109,  339,  561,  532,  536,  323,  998,  125,   77,  638,   74,  736,  853,  730,  741,  174,  678,  858,  303,  306,  598,  577,  615,  732,  708,  415,  748, 1175,  667,  387, 1166,  526,  669,  915,  462,  856, 1067,  803,  438,  171],
        [  531,    0,  880,  703,  845,  227,  950,  505,  966,  582,  128,  737,  736,  328,  678,  797,  737,  338,  747,    0,  768,  789,  312,  214,  796,  813,  455,  232,   86,  783,  737,  940,  602,  906,  564,  602,  738,  444,  673,   97, 1134,  853,  169,  720,  255,  679, 1045,  704,  716,  289,  704, 1151,  841,  709,   81,  587,  357,  622,  190,  806,  908,  162,  385,  709, 1148,  629,  787,  815,  198,  768,  378,  420, 1135,  884,  215,  929,  680,  685,  259,  605,  256,  441,  688,  838,  727,  921,  817,  753,  838,  206,  853,  653,  714,  541,  822,  786,  477,  830,  155,   26,  528,  814,  677,  761,  706,  516,  771,  974,  139,  733,  341,  941,  616, 1098,  337,  844],
        [  285,    0,  453,  476,  192,  661,  471,  383,  271,  528,  740,   57,  286,  850,  216,   32,   89,  443,  756,  768,    0,  113,  462,  828,   34,   89,  639,  539,  777,   69,  532,  251,  206,  234,  228,  413,  208,  344,  777,  728,  437,  685,  699,  549,  516,  368,  415,  671,  125,  501,  477,  434,  516,  506,  794,  246,  544,  685,  901,  683,  541,  633,  578,  628,  432,  264,  349,  736,  638,  287,  406,  696,  403,  691,  795,  600,  799,  420,  838,  242,  566,  743,  363,  726,  810,  286,  813,   22,   99,  575,  111,  838,   80,  336,  524,  494,  301,  249,  642,  778,  248,  405,  100,  555,   92,  420,  533,  460,  828,  220,  525,  173,  525,  390,  567,  681],
        [  267,    0,  565,  387,  299,  712,  580,  465,  357,  459,  743,  165,  188,  910,  321,  125,  199,  485,  859,  789,  113,    0,  498,  875,   93,   45,  720,  569,  785,  180,  640,  341,  289,  332,  300,  343,  320,  399,  875,  737,  509,  796,  743,  458,  546,  282,  509,  774,   74,  506,  584,  497,  629,  416,  804,  215,  610,  782,  938,  792,  653,  669,  545,  733,  496,  205,  462,  844,  682,  183,  413,  772,  459,  802,  844,  713,  896,  526,  890,  333,  614,  821,  276,  835,  910,  387,  918,  130,   67,  587,  200,  932,  183,  295,  636,  605,  351,  360,  677,  802,  264,  517,  129,  460,  194,  506,  435,  568,  865,  126,  587,  197,  450,  460,  631,  791],
        [  271,    0,  605,  533,  535,  224,  670,  229,  656,  459,  317,  428,  491,  431,  372,  490,  426,   35,  606,  312,  462,  498,    0,  380,  492,  516,  339,   80,  338,  472,  506,  630,  291,  597,  253,  417,  432,  135,  566,  294,  825,  654,  246,  578,   58,  468,  743,  536,  428,  136,  459,  841,  589,  551,  352,  322,  187,  484,  441,  617,  651,  172,  328,  521,  838,  377,  500,  646,  187,  521,  136,  356,  824,  680,  350,  685,  581,  423,  400,  298,  128,  403,  474,  658,  618,  615,  680,  445,  539,  154,  542,  586,  404,  314,  575,  536,  166,  525,  181,  319,  236,  537,  377,  613,  395,  259,  612,  688,  368,  469,  153,  634,  484,  789,  193,  645],
        [  646,    0,  823,  869,  858,  169,  898,  488,  976,  762,  341,  785,  864,  118,  686,  853,  776,  390,  596,  214,  828,  875,  380,    0,  860,  890,  331,  320,  299,  825,  647,  951,  633,  916,  603,  760,  743,  484,  510,  307, 1132,  731,  135,  898,  340,  826, 1025,  572,  806,  429,  630, 1157,  764,  880,  289,  698,  307,  482,  110,  680,  830,  218,  574,  590, 1153,  751,  753,  676,  194,  895,  495,  273, 1149,  764,   36,  838,  512,  628,   47,  619,  262,  274,  834,  703,  561,  917,  659,  809,  913,  356,  892,  473,  760,  676,  740,  710,  529,  826,  210,  189,  615,  765,  751,  937,  750,  478,  943,  927,   84,  847,  314,  995,  794, 1104,  282,  723],
        [  302,    0,  475,  471,  206,  693,  488,  417,  271,  531,  764,   90,  276,  883,  248,   33,  120,  473,  788,  796,   34,   93,  492,  860,    0,   60,  673,  568,  802,   90,  561,  253,  240,  241,  262,  416,  236,  376,  810,  753,  431,  714,  730,  543,  544,  364,  420,  703,  125,  525,  507,  424,  542,  501,  820,  258,  577,  718,  931,  713,  564,  663,  593,  659,  423,  269,  375,  766,  669,  274,  430,  730,  390,  718,  827,  623,  832,  450,  870,  276,  598,  777,  359,  756,  842,  295,  844,   56,   66,  601,  110,  872,  114,  347,  550,  522,  332,  268,  672,  806,  272,  430,  121,  548,  126,  454,  524,  476,  858,  211,  558,  148,  526,  383,  600,  709],
        [  300,    0,  534,  431,  263,  725,  545,  463,  315,  503,  773,  146,  232,  920,  305,   92,  178,  501,  844,  813,   89,   45,  516,  890,   60,    0,  719,  590,  814,  149,  620,  299,  286,  292,  302,  387,  295,  410,  864,  765,  465,  773,  759,  502,  566,  326,  467,  759,  107,  535,  565,  453,  602,  460,  832,  250,  617,  772,  957,  772,  623,  688,  583,  717,  452,  246,  434,  825,  698,  225,  440,  775,  415,  778,  859,  683,  886,  508,  904,  326,  629,  823,  320,  814,  898,  347,  901,  109,   26,  614,  159,  924,  167,  333,  610,  581,  363,  326,  697,  826,  286,  489,  140,  503,  179,  503,  478,  531,  884,  170,  595,  154,  494,  416,  639,  769],
        [  572,    0,  507,  860,  604,  229,  582,  257,  711,  796,  544,  585,  780,  274,  445,  655,  564,  318,  295,  455,  639,  720,  339,  331,  673,  719,    0,  349,  530,  611,  319,  688,  434,  654,  421,  744,  491,  343,  234,  508,  849,  405,  288,  911,  351,  782,  730,  250,  665,  466,  310,  881,  438,  881,  532,  610,  152,  169,  440,  355,  504,  319,  658,  261,  877,  672,  456,  361,  267,  805,  469,   70,  881,  437,  299,  508,  247,  322,  308,  398,  247,  109,  786,  384,  288,  641,  367,  618,  736,  443,  668,  248,  560,  631,  414,  387,  390,  555,  320,  442,  504,  457,  593,  944,  548,  221,  939,  615,  392,  739,  186,  783,  820,  828,  151,  396],
        [  327,    0,  674,  562,  614,  182,  741,  294,  735,  471,  245,  506,  545,  387,  450,  567,  505,  109,  633,  232,  539,  569,   80,  320,  568,  590,  349,    0,  261,  551,  560,  709,  370,  676,  332,  449,  510,  214,  582,  219,  904,  700,  187,  600,   24,  510,  820,  570,  497,  126,  517,  920,  650,  576,  274,  381,  203,  508,  370,  659,  714,  103,  312,  561,  917,  432,  572,  682,  136,  576,  176,  351,  903,  727,  294,  744,  596,  486,  346,  376,  105,  393,  517,  698,  636,  693,  707,  523,  613,   97,  621,  591,  483,  357,  634,  596,  245,  603,  112,  241,  305,  606,  451,  637,  474,  317,  639,  760,  298,  529,  173,  711,  500,  868,  198,  691],
        [  521,    0,  930,  657,  871,  302,  998,  551,  991,  531,   56,  751,  713,  413,  710,  807,  755,  369,  824,   86,  777,  785,  338,  299,  802,  814,  530,  261,    0,  798,  799,  965,  626,  933,  587,  565,  770,  473,  753,   49, 1162,  923,  248,  668,  281,  646, 1080,  777,  712,  280,  762, 1176,  898,  660,   21,  576,  419,  698,  260,  877,  964,  220,  331,  779, 1173,  611,  832,  889,  266,  745,  374,  500, 1157,  953,  301,  989,  760,  738,  344,  636,  312,  523,  655,  910,  807,  952,  895,  763,  839,  202,  868,  736,  730,  519,  880,  843,  498,  863,  216,  110,  531,  863,  681,  709,  723,  567,  722, 1019,  220,  717,  399,  949,  565, 1124,  402,  914],
        [  331,    0,  386,  542,  125,  657,  402,  359,  215,  588,  765,   49,  354,  837,  171,   59,   50,  449,  706,  783,   69,  180,  472,  825,   90,  149,  611,  551,  798,    0,  476,  192,  192,  172,  224,  474,  149,  345,  733,  751,  386,  626,  700,  614,  528,  433,  353,  621,  190,  528,  423,  389,  453,  572,  815,  299,  531,  642,  904,  627,  475,  639,  623,  577,  387,  325,  286,  681,  638,  356,  435,  672,  363,  630,  791,  534,  755,  367,  831,  215,  566,  718,  429,  669,  763,  220,  760,   60,  151,  597,   71,  798,   69,  388,  462,  434,  307,  181,  648,  791,  279,  341,  149,  622,   77,  391,  600,  392,  832,  288,  515,  174,  586,  341,  555,  622],
        [  618,    0,  204,  913,  407,  519,  276,  285,  481,  895,  797,  476,  770,  591,  320,  533,  443,  473,  240,  737,  532,  640,  506,  647,  561,  620,  319,  560,  799,  476,    0,  464,  381,  435,  400,  809,  327,  416,  295,  765,  579,  165,  580,  978,  548,  812,  449,  163,  614,  638,   59,  619,  120,  940,  805,  630,  381,  227,  755,  152,  185,  579,  820,  115,  615,  687,  211,  205,  540,  785,  592,  386,  632,  182,  614,  193,  316,  117,  626,  331,  487,  409,  813,  196,  308,  400,  285,  512,  626,  654,  506,  374,  458,  691,   95,   76,  438,  338,  585,  729,  534,  178,  539, 1001,  447,  248,  988,  312,  701,  711,  400,  620,  910,  571,  401,  158],
        [  522,    0,  301,  724,   95,  785,  282,  464,   27,  777,  937,  239,  528,  943,  266,  224,  221,  602,  702,  940,  251,  341,  630,  951,  253,  299,  688,  709,  965,  192,  464,    0,  339,   35,  379,  663,  208,  496,  753,  919,  199,  580,  835,  796,  687,  616,  169,  626,  374,  704,  426,  212,  394,  753,  980,  490,  645,  672, 1040,  597,  388,  787,  812,  578,  209,  514,  255,  654,  776,  523,  615,  756,  199,  574,  915,  448,  775,  384,  949,  337,  704,  797,  611,  634,  771,   70,  741,  249,  286,  768,  143,  828,  252,  580,  412,  399,  468,  135,  795,  945,  464,  290,  340,  800,  255,  480,  776,  256,  970,  463,  638,  199,  775,  160,  670,  579],
        [  251,    0,  382,  536,  245,  465,  430,  178,  366,  534,  600,  156,  391,  647,   98,  226,  143,  264,  581,  602,  206,  289,  291,  633,  240,  286,  434,  370,  626,  192,  381,  339,    0,  307,   41,  437,  151,  158,  588,  580,  536,  545,  509,  603,  348,  432,  463,  496,  245,  372,  323,  551,  408,  563,  642,  252,  340,  495,  714,  530,  454,  453,  509,  458,  547,  307,  264,  578,  448,  408,  289,  490,  533,  559,  599,  505,  609,  266,  639,   51,  376,  538,  432,  575,  626,  330,  645,  186,  302,  430,  259,  643,  130,  324,  406,  368,  130,  245,  461,  608,  168,  316,  168,  623,  119,  218,  608,  438,  642,  335,  324,  364,  544,  499,  364,  539],
        [  498,    0,  281,  710,   62,  750,  269,  429,   61,  759,  906,  216,  517,  908,  231,  210,  195,  569,  674,  906,  234,  332,  597,  916,  241,  292,  654,  676,  933,  172,  435,   35,  307,    0,  347,  645,  173,  463,  722,  887,  230,  556,  801,  782,  654,  602,  182,  596,  358,  674,  395,  245,  370,  739,  948,  469,  610,  640, 1006,  571,  369,  753,  787,  548,  242,  496,  225,  628,  742,  514,  585,  721,  234,  552,  881,  430,  744,  352,  914,  303,  669,  762,  597,  609,  741,   58,  714,  231,  281,  736,  133,  797,  226,  558,  387,  372,  436,  101,  761,  911,  437,  263,  319,  788,  228,  445,  764,  248,  936,  451,  603,  210,  757,  193,  635,  555],
        [  222,    0,  416,  514,  285,  435,  467,  168,  405,  505,  560,  183,  382,  622,  136,  252,  176,  227,  588,  564,  228,  300,  253,  603,  262,  302,  421,  332,  587,  224,  400,  379,   41,  347,    0,  411,  191,  122,  589,  541,  576,  564,  477,  580,  310,  414,  503,  504,  247,  332,  342,  590,  436,  541,  602,  231,  317,  495,  681,  546,  485,  417,  471,  469,  586,  290,  298,  591,  415,  401,  249,  474,  571,  579,  569,  533,  609,  286,  611,   75,  343,  522,  415,  590,  629,  370,  654,  209,  321,  390,  293,  639,  158,  296,  431,  393,   90,  285,  426,  571,  138,  349,  173,  602,  148,  212,  589,  475,  609,  330,  297,  393,  516,  538,  339,  557],
        [  191,    0,  812,  117,  595,  629,  850,  543,  683,  117,  512,  432,  182,  835,  524,  441,  461,  430,  976,  602,  413,  343,  417,  760,  416,  387,  744,  449,  565,  474,  809,  663,  437,  645,  411,    0,  559,  416,  957,  521,  846,  973,  631,  172,  433,   88,  826,  896,  291,  331,  751,  838,  844,  137,  585,  188,  597,  867,  785,  951,  889,  545,  250,  867,  836,  150,  694,  993,  584,  209,  282,  771,  801,  990,  738,  940,  975,  696,  791,  484,  540,  818,   98,  995, 1004,  692, 1047,  415,  409,  407,  523,  989,  429,  119,  841,  804,  379,  635,  552,  623,  276,  749,  328,  200,  432,  590,  196,  849,  718,  224,  564,  540,  113,  798,  607,  966],
        [  385,    0,  257,  645,  116,  578,  292,  257,  233,  665,  746,  155,  473,  738,   60,  207,  121,  402,  558,  738,  208,  320,  432,  743,  236,  295,  491,  510,  770,  149,  327,  208,  151,  173,  191,  559,    0,  298,  590,  725,  396,  478,  629,  716,  489,  537,  314,  475,  308,  522,  275,  416,  310,  674,  784,  372,  438,  502,  833,  478,  341,  583,  657,  430,  413,  416,  145,  532,  570,  482,  439,  557,  406,  484,  708,  398,  612,  220,  742,  134,  498,  600,  535,  520,  618,  184,  611,  191,  300,  577,  186,  658,  143,  454,  316,  287,  278,   95,  591,  742,  309,  201,  241,  730,  136,  277,  712,  294,  764,  409,  431,  303,  670,  363,  463,  474],
        [  233,    0,  485,  529,  401,  317,  546,  133,  522,  488,  450,  303,  438,  511,  238,  370,  297,  107,  562,  444,  344,  399,  135,  484,  376,  410,  343,  214,  473,  345,  416,  496,  158,  463,  122,  416,  298,    0,  543,  428,  691,  575,  356,  587,  192,  443,  609,  482,  336,  238,  363,  707,  481,  552,  487,  267,  214,  452,  560,  546,  540,  295,  407,  457,  704,  329,  374,  583,  295,  463,  177,  384,  691,  596,  451,  579,  562,  317,  495,  164,  223,  433,  447,  590,  589,  480,  633,  326,  431,  282,  414,  581,  278,  298,  471,  431,   50,  391,  304,  450,  162,  416,  272,  615,  269,  177,  608,  561,  487,  399,  189,  513,  507,  655,  234,  567],
        [  775,    0,  494, 1071,  687,  453,  561,  425,  772, 1018,  772,  720,  967,  413,  563,  786,  692,  542,   97,  673,  777,  875,  566,  510,  810,  864,  234,  582,  753,  733,  295,  753,  588,  722,  589,  957,  590,  543,    0,  736,  873,  270,  506, 1127,  583,  984,  741,  134,  832,  697,  328,  913,  399, 1093,  752,  804,  382,   94,  617,  219,  450,  549,  890,  181,  909,  866,  499,  188,  496,  989,  691,  254,  926,  302,  486,  426,   23,  374,  472,  542,  481,  238,  987,  222,   55,  692,  150,  756,  876,  676,  776,   83,  698,  840,  373,  368,  584,  623,  550,  656,  698,  472,  756, 1157,  686,  379, 1150,  599,  586,  918,  415,  893, 1041,  866,  384,  263],
        [  472,    0,  891,  616,  825,  283,  958,  511,  945,  492,   37,  703,  666,  418,  665,  759,  708,  326,  803,   97,  728,  737,  294,  307,  753,  765,  508,  219,   49,  751,  765,  919,  580,  887,  541,  521,  725,  428,  736,    0, 1116,  894,  235,  630,  238,  601, 1036,  752,  663,  231,  727, 1130,  862,  621,   68,  528,  389,  676,  285,  850,  928,  192,  293,  751, 1126,  563,  790,  864,  242,  698,  325,  484, 1110,  924,  304,  954,  744,  700,  351,  591,  280,  511,  610,  884,  790,  907,  875,  715,  790,  154,  820,  724,  682,  471,  845,  808,  451,  819,  189,  123,  482,  823,  633,  671,  675,  530,  683,  978,  235,  669,  366,  900,  526, 1078,  373,  885],
        [  716,    0,  381,  895,  291,  969,  324,  646,  174,  961, 1135,  434,  696, 1114,  456,  407,  419,  796,  806, 1134,  437,  509,  825, 1132,  431,  465,  849,  904, 1162,  386,  579,  199,  536,  230,  576,  846,  396,  691,  873, 1116,    0,  655, 1022,  966,  883,  790,  134,  740,  555,  903,  556,   48,  480,  924, 1177,  681,  825,  803, 1226,  686,  446,  978, 1008,  693,   45,  699,  393,  741,  964,  685,  813,  918,   88,  640, 1097,  496,  894,  530, 1127,  529,  892,  955,  784,  714,  880,  216,  830,  440,  446,  965,  326,  953,  449,  771,  504,  506,  665,  307,  987, 1138,  662,  405,  532,  965,  453,  655,  938,  286, 1157,  634,  822,  325,  955,   50,  851,  657],
        [  782,    0,  283, 1078,  541,  628,  332,  442,  592, 1058,  928,  631,  932,  654,  479,  684,  597,  622,  177,  853,  685,  796,  654,  731,  714,  773,  405,  700,  923,  626,  165,  580,  545,  556,  564,  973,  478,  575,  270,  894,  655,    0,  688, 1143,  691,  976,  522,  161,  775,  788,  223,  700,  187, 1104,  927,  794,  506,  254,  841,   54,  210,  704,  975,  145,  696,  851,  344,   91,  658,  946,  750,  459,  722,   34,  701,  168,  284,  280,  702,  495,  616,  466,  977,   60,  252,  512,  178,  667,  777,  796,  647,  350,  615,  855,  170,  193,  600,  469,  708,  842,  698,  296,  700, 1165,  605,  401, 1152,  370,  796,  873,  531,  756, 1073,  659,  522,   10],
        [  512,    0,  737,  743,  741,   62,  810,  378,  861,  642,  272,  659,  731,  208,  570,  725,  651,  258,  579,  169,  699,  743,  246,  135,  730,  759,  288,  187,  248,  700,  580,  835,  509,  801,  477,  631,  629,  356,  506,  235, 1022,  688,    0,  775,  207,  695,  922,  537,  673,  301,  553, 1045,  689,  755,  247,  564,  207,  454,  206,  640,  756,   87,  462,  544, 1041,  617,  655,  648,   62,  761,  362,  253, 1034,  720,  108,  773,  513,  540,  160,  500,  134,  277,  703,  671,  560,  807,  649,  681,  781,  235,  768,  490,  634,  543,  668,  635,  399,  715,   80,  155,  481,  675,  619,  814,  624,  378,  818,  837,  136,  712,  202,  868,  673,  991,  183,  679],
        [  361,    0,  972,   73,  739,  780, 1005,  715,  814,  138,  613,  578,  271,  982,  687,  573,  609,  594, 1148,  720,  549,  458,  578,  898,  543,  502,  911,  600,  668,  614,  978,  796,  603,  782,  580,  172,  716,  587, 1127,  630,  966, 1143,  775,    0,  586,  182,  963, 1067,  425,  476,  921,  951, 1009,   43,  688,  351,  762, 1037,  908, 1122, 1051,  690,  338, 1038,  950,  301,  855, 1164,  733,  283,  444,  934,  911, 1159,  879, 1105, 1145,  865,  932,  651,  697,  980,  186, 1166, 1175,  833, 1218,  555,  521,  542,  653, 1157,  580,  290, 1008,  971,  551,  786,  696,  743,  446,  911,  478,   42,  584,  761,   62, 1001,  847,  334,  729,  646,  105,  917,  770, 1136],
        [  306,    0,  657,  547,  592,  197,  723,  279,  713,  460,  262,  483,  525,  404,  429,  544,  482,   89,  631,  255,  516,  546,   58,  340,  544,  566,  351,   24,  281,  528,  548,  687,  348,  654,  310,  433,  489,  192,  583,  238,  883,  691,  207,  586,    0,  492,  800,  565,  474,  117,  505,  898,  636,  562,  295,  359,  202,  506,  393,  652,  700,  125,  308,  554,  895,  411,  554,  677,  153,  555,  156,  357,  881,  718,  314,  731,  597,  471,  365,  355,  113,  400,  499,  691,  636,  672,  705,  499,  590,  106,  598,  595,  460,  339,  621,  582,  222,  582,  134,  264,  282,  589,  428,  623,  451,  304,  624,  742,  320,  508,  170,  688,  488,  846,  200,  683],
        [  211,    0,  794,  110,  558,  687,  825,  562,  635,  189,  594,  397,  102,  895,  511,  393,  429,  476,  996,  679,  368,  282,  468,  826,  364,  326,  782,  510,  646,  433,  812,  616,  432,  602,  414,   88,  537,  443,  984,  601,  790,  976,  695,  182,  492,    0,  782,  913,  244,  400,  754,  779,  835,  139,  667,  184,  640,  892,  858,  959,  875,  610,  337,  880,  777,  126,  678, 1004,  644,  126,  337,  815,  740,  991,  802,  929, 1003,  697,  855,  482,  595,  863,   10, 1004, 1030,  652, 1064,  374,  347,  479,  474, 1023,  399,  155,  835,  799,  401,  605,  617,  699,  288,  734,  297,  194,  404,  609,  177,  820,  790,  157,  608,  475,  172,  742,  652,  970],
        [  675,    0,  248,  890,  234,  867,  191,  545,  155,  940, 1058,  396,  696,  999,  372,  391,  371,  712,  673, 1045,  415,  509,  743, 1025,  420,  467,  730,  820, 1080,  353,  449,  169,  463,  182,  503,  826,  314,  609,  741, 1036,  134,  522,  922,  963,  800,  782,    0,  608,  539,  834,  430,  179,  346,  920, 1094,  648,  720,  674, 1123,  552,  313,  886,  960,  561,  175,  677,  275,  607,  866,  691,  750,  799,  205,  507,  990,  364,  762,  409, 1016,  445,  796,  834,  777,  580,  747,  137,  696,  412,  454,  890,  310,  822,  403,  737,  371,  374,  591,  219,  894, 1046,  609,  277,  500,  967,  404,  548,  943,  153, 1057,  631,  720,  356,  938,  142,  745,  523],
        [  708,    0,  361, 1007,  564,  478,  428,  353,  643,  969,  786,  614,  884,  493,  455,  677,  583,  507,   86,  704,  671,  774,  536,  572,  703,  759,  250,  570,  777,  621,  163,  626,  496,  596,  504,  896,  475,  482,  134,  752,  740,  161,  537, 1067,  565,  913,  608,    0,  739,  671,  203,  780,  266, 1031,  779,  730,  369,   93,  682,  109,  319,  560,  863,   49,  776,  790,  372,  113,  511,  903,  647,  300,  794,  195,  543,  299,  154,  255,  542,  447,  478,  305,  915,  135,  146,  562,  152,  651,  768,  667,  659,  216,  593,  777,  240,  235,  517,  498,  563,  691,  626,  341,  662, 1094,  582,  306, 1084,  466,  639,  830,  398,  774,  988,  733,  380,  153],
        [  194,    0,  563,  353,  315,  644,  588,  414,  394,  407,  670,  158,  167,  844,  296,  150,  192,  417,  824,  716,  125,   74,  428,  806,  125,  107,  665,  497,  712,  190,  614,  374,  245,  358,  247,  291,  308,  336,  832,  663,  555,  775,  673,  425,  474,  244,  539,  739,    0,  433,  557,  548,  617,  382,  731,  143,  549,  739,  866,  766,  648,  598,  477,  700,  546,  145,  452,  816,  613,  174,  340,  715,  513,  784,  775,  706,  853,  499,  823,  293,  546,  763,  239,  810,  870,  409,  886,  131,  132,  513,  233,  885,  166,  227,  621,  587,  287,  366,  606,  729,  193,  509,   77,  433,  174,  458,  411,  580,  794,  101,  524,  259,  402,  507,  569,  769],
        [  244,    0,  722,  442,  613,  306,  783,  356,  730,  346,  240,  480,  449,  507,  465,  531,  488,  167,  740,  289,  501,  506,  136,  429,  525,  535,  466,  126,  280,  528,  638,  704,  372,  674,  332,  331,  522,  238,  697,  231,  903,  788,  301,  476,  117,  400,  834,  671,  433,    0,  589,  913,  714,  454,  298,  299,  316,  617,  460,  753,  775,  215,  194,  656,  910,  340,  611,  781,  258,  480,   95,  474,  889,  813,  407,  812,  712,  549,  460,  394,  229,  517,  408,  793,  749,  701,  814,  488,  560,   84,  597,  711,  460,  254,  702,  663,  245,  616,  222,  306,  254,  653,  404,  514,  454,  390,  518,  797,  391,  444,  282,  672,  375,  862,  316,  780],
        [  561,    0,  197,  856,  362,  492,  272,  234,  444,  839,  758,  421,  712,  584,  263,  480,  388,  426,  285,  704,  477,  584,  459,  630,  507,  565,  310,  517,  762,  423,   59,  426,  323,  395,  342,  751,  275,  363,  328,  727,  556,  223,  553,  921,  505,  754,  430,  203,  557,  589,    0,  593,  137,  882,  770,  572,  349,  249,  736,  209,  204,  545,  768,  156,  589,  629,  172,  261,  508,  727,  540,  380,  602,  239,  596,  227,  350,   59,  613,  273,  451,  409,  755,  254,  348,  365,  337,  457,  572,  610,  457,  404,  402,  634,  118,   82,  382,  296,  551,  698,  476,  153,  482,  943,  391,  202,  930,  305,  679,  654,  364,  572,  854,  544,  371,  216],
        [  717,    0,  423,  881,  307,  993,  369,  670,  186,  954, 1147,  438,  682, 1143,  476,  403,  426,  813,  848, 1151,  434,  497,  841, 1157,  424,  453,  881,  920, 1176,  389,  619,  212,  551,  245,  590,  838,  416,  707,  913, 1130,   48,  700, 1045,  951,  898,  779,  179,  780,  548,  913,  593,    0,  522,  910, 1191,  679,  850,  841, 1249,  729,  491,  998, 1010,  733,    5,  693,  427,  784,  986,  670,  821,  950,   48,  685, 1122,  542,  934,  564, 1153,  548,  914,  988,  772,  758,  921,  242,  874,  439,  432,  978,  325,  993,  455,  769,  546,  546,  679,  332, 1006, 1156,  667,  443,  532,  949,  460,  682,  922,  331, 1180,  622,  846,  307,  946,   54,  876,  701],
        [  657,    0,  100,  941,  358,  628,  162,  361,  406,  940,  892,  465,  780,  710,  325,  511,  430,  555,  327,  841,  516,  629,  589,  764,  542,  602,  438,  650,  898,  453,  120,  394,  408,  370,  436,  844,  310,  481,  399,  862,  480,  187,  689, 1009,  636,  835,  346,  266,  617,  714,  137,  522,    0,  969,  907,  659,  486,  341,  871,  209,   68,  681,  887,  221,  518,  711,  168,  265,  645,  790,  657,  505,  541,  182,  730,   99,  419,  167,  744,  361,  588,  529,  835,  241,  401,  325,  354,  500,  603,  741,  467,  481,  452,  730,   27,   56,  493,  287,  687,  835,  573,  114,  546, 1028,  444,  334, 1011,  201,  814,  717,  501,  572,  951,  478,  508,  186],
