{
    "name": "random-25-2927",
    "comment": "size=25 seed=2927",
    "nodes": ["+0", "-0", "+1", "-1", "+2", "-2", "+3", "-3", "+4", "-4", "+5", "-5", "+6", "-6", "+7", "-7", "+8", "-8", "+9", "-9", "+10", "-10", "+11", "-11", "+12", "-12", "+13", "-13", "+14", "-14", "+15", "-15", "+16", "-16", "+17", "-17", "+18", "-18", "+19", "-19", "+20", "-20", "+21", "-21", "+22", "-22", "+23", "-23", "+24", "-24", "+25", "-25"],
    "precedence": {
        "+0": "-0",
        "+1": "-1",
        "+2": "-2",
        "+3": "-3",
        "+4": "-4",
        "+5": "-5",
        "+6": "-6",
        "+7": "-7",
        "+8": "-8",
        "+9": "-9",
        "+10": "-10",
        "+11": "-11",
        "+12": "-12",
        "+13": "-13",
        "+14": "-14",
        "+15": "-15",
        "+16": "-16",
        "+17": "-17",
        "+18": "-18",
        "+19": "-19",
        "+20": "-20",
        "+21": "-21",
        "+22": "-22",
        "+23": "-23",
        "+24": "-24",
        "+25": "-25"
    },
    "edges": [
        [    0,    0,  750,  695,  298,  884,  511,  306,  378,  870,  967,  375,  515,  746,  182,  277,  815,  154,  850,  460,  547,  825,  427,  762,  444,  737,  588,  606,  883,  579,  676,  254,  557,  578,  493,  645,  875,  432,  571,  383,  923,  233,  300,  640,  854,  425,  585,  706,  378,  360,  259,  887],
        [    0,    0,  750,  695,  298,  884,  511,  306,  378,  870,  967,  375,  515,  746,  182,  277,  815,  154,  850,  460,  547,  825,  427,  762,  444,  737,  588,  606,  883,  579,  676,  254,  557,  578,  493,  645,  875,  432,  571,  383,  923,  233,  300,  640,  854,  425,  585,  706,  378,  360,  259,  887],
        [  750,  750,    0,  331,  637,  681,  543,  558,  486,  324,  475,  695,  328,  409,  930,  838,  332,  641,  782,  361,  779,  905,  388,  337,  663,  375,  863,  213,  188,  539,  426,  549,  779,  734,  736,  106, 1034,  495,  369,  762,  558,  669,  950,  902,  166,  482,  790,  739,  775,  404,  719,  644],
        [  695,  695,  331,    0,  464,  357,  279,  643,  326,  186,  275,  480,  511,   87,  849,  667,  123,  547,  452,  242,  503,  581,  272,   67,  420,   58,  584,  447,  296,  246,  100,  443,  500,  445,  475,  303,  713,  645,  127,  543,  276,  522,  793,  612,  276,  628,  504,  419,  558,  464,  552,  326],
        [  298,  298,  637,  464,    0,  591,  225,  455,  154,  649,  718,   98,  537,  492,  407,  208,  586,  156,  552,  279,  272,  540,  249,  529,  149,  493,  335,  576,  715,  292,  416,  129,  280,  288,  213,  540,  609,  547,  339,  147,  650,   69,  331,  388,  688,  533,  307,  410,  155,  371,   89,  598],
        [  884,  884,  681,  357,  591,    0,  374,  933,  527,  409,  327,  542,  852,  274,  992,  739,  365,  731,  151,  522,  440,  325,  537,  345,  462,  307,  486,  800,  591,  307,  282,  646,  431,  373,  458,  660,  459,  965,  398,  578,  181,  659,  859,  482,  582,  947,  415,  248,  592,  768,  658,   47],
        [  511,  511,  543,  279,  225,  374,    0,  585,  164,  460,  504,  208,  569,  283,  631,  407,  393,  358,  365,  220,  237,  411,  216,  336,  142,  291,  321,  562,  566,   68,  206,  275,  237,  195,  200,  468,  520,  641,  178,  267,  426,  293,  534,  360,  542,  624,  249,  247,  283,  441,  304,  376],
        [  306,  306,  558,  643,  455,  933,  585,    0,  421,  779,  909,  553,  251,  718,  471,  547,  741,  323,  949,  417,  724,  978,  397,  701,  591,  698,  789,  366,  729,  640,  669,  334,  731,  729,  664,  463, 1061,  127,  547,  593,  912,  421,  600,  842,  701,  123,  757,  826,  595,  180,  475,  921],
        [  378,  378,  486,  326,  154,  527,  164,  421,    0,  508,  593,  213,  430,  369,  524,  361,  448,  225,  528,  126,  341,  565,   99,  392,  204,  363,  420,  447,  563,  223,  299,  125,  345,  324,  285,  392,  661,  483,  199,  279,  547,  200,  481,  469,  535,  466,  366,  407,  291,  285,  241,  523],
        [  870,  870,  324,  186,  649,  409,  460,  779,  508,    0,  152,  663,  601,  190, 1030,  853,   67,  726,  541,  411,  671,  697,  443,  124,  601,  171,  748,  508,  186,  416,  259,  621,  666,  608,  650,  356,  835,  756,  311,  726,  252,  706,  978,  770,  184,  740,  666,  554,  741,  600,  737,  365],
        [  967,  967,  475,  275,  718,  327,  504,  909,  593,  152,    0,  712,  747,  226, 1115,  911,  169,  817,  474,  516,  681,  645,  546,  211,  640,  230,  748,  658,  323,  447,  302,  714,  674,  613,  672,  505,  781,  897,  396,  768,  147,  780, 1037,  760,  327,  880,  668,  527,  784,  730,  803,  280],
        [  375,  375,  695,  480,   98,  542,  208,  553,  213,  663,  712,    0,  626,  490,  453,  202,  598,  246,  484,  336,  177,  451,  311,  540,   80,  498,  237,  657,  752,  267,  414,  225,  186,  205,  120,  604,  514,  644,  363,   68,  626,  146,  328,  290,  726,  629,  214,  336,   81,  464,  121,  557],
        [  515,  515,  328,  511,  537,  852,  569,  251,  430,  601,  747,  626,    0,  597,  694,  695,  581,  462,  907,  353,  770,  980,  354,  555,  633,  569,  849,  119,  511,  604,  571,  412,  774,  752,  714,  250, 1087,  168,  458,  683,  786,  534,  779,  898,  486,  157,  795,  813,  691,  172,  593,  829],
        [  746,  746,  409,   87,  492,  274,  283,  718,  369,  190,  226,  490,  597,    0,  890,  687,  126,  594,  379,  307,  482,  520,  334,   80,  422,   34,  558,  533,  344,  232,   77,  492,  477,  418,  464,  389,  656,  727,  179,  549,  195,  555,  814,  580,  329,  710,  477,  368,  565,  542,  578,  240],
        [  182,  182,  930,  849,  407,  992,  631,  471,  524, 1030, 1115,  453,  694,  890,    0,  279,  971,  305,  934,  623,  601,  876,  589,  916,  531,  886,  619,  788, 1057,  698,  817,  409,  611,  649,  558,  824,  898,  597,  723,  433, 1056,  340,  219,  665, 1028,  593,  639,  785,  422,  542,  335, 1002],
        [  277,  277,  838,  667,  208,  739,  407,  547,  361,  853,  911,  202,  695,  687,  279,    0,  789,  235,  665,  484,  326,  598,  453,  731,  281,  692,  341,  755,  923,  469,  611,  296,  336,  379,  288,  738,  623,  662,  544,  163,  828,  171,  127,  388,  895,  651,  363,  517,  150,  524,  121,  756],
        [  815,  815,  332,  123,  586,  365,  393,  741,  448,   67,  169,  598,  581,  126,  971,  789,    0,  669,  489,  357,  605,  640,  389,   59,  535,  105,  682,  496,  228,  350,  192,  564,  600,  542,  583,  344,  777,  728,  250,  660,  227,  644,  915,  705,  218,  712,  601,  492,  675,  562,  674,  323],
        [  154,  154,  641,  547,  156,  731,  358,  323,  225,  726,  817,  246,  462,  594,  305,  235,  669,    0,  705,  319,  423,  695,  285,  614,  304,  587,  478,  531,  756,  426,  523,  105,  432,  444,  365,  537,  759,  431,  422,  275,  769,  103,  320,  531,  727,  419,  459,  564,  275,  292,  153,  734],
        [  850,  850,  782,  452,  552,  151,  365,  949,  528,  541,  474,  484,  907,  379,  934,  665,  489,  705,    0,  558,  345,  175,  566,  457,  408,  411,  370,  873,  716,  311,  358,  634,  335,  287,  378,  744,  309,  999,  452,  504,  330,  618,  776,  355,  704,  981,  312,  149,  516,  798,  604,  197],
        [  460,  460,  361,  242,  279,  522,  220,  417,  126,  411,  516,  336,  353,  307,  623,  484,  357,  319,  558,    0,  441,  628,   34,  307,  313,  291,  524,  344,  443,  252,  253,  215,  443,  410,  390,  269,  740,  445,  131,  402,  499,  319,  602,  569,  415,  427,  460,  461,  415,  247,  364,  507],
        [  547,  547,  779,  503,  272,  440,  237,  724,  341,  671,  681,  177,  770,  482,  601,  326,  605,  423,  345,  441,    0,  279,  427,  550,  138,  501,   85,  782,  797,  258,  413,  392,   11,   70,   60,  702,  338,  808,  415,  170,  567,  322,  432,  129,  774,  793,   39,  199,  180,  619,  289,  467],
        [  825,  825,  905,  581,  540,  325,  411,  978,  565,  697,  645,  451,  980,  520,  876,  598,  640,  695,  175,  628,  279,    0,  627,  600,  392,  550,  263,  965,  863,  381,  481,  647,  269,  252,  332,  852,  138, 1047,  548,  448,  502,  597,  692,  228,  848, 1030,  241,  170,  457,  848,  567,  370],
        [  427,  427,  388,  272,  249,  537,  216,  397,   99,  443,  546,  311,  354,  334,  589,  453,  389,  285,  566,   34,  427,  627,    0,  338,  295,  319,  509,  356,  476,  256,  276,  182,  429,  401,  374,  293,  734,  434,  156,  377,  524,  287,  570,  555,  447,  416,  448,  461,  389,  234,  333,  525],
        [  762,  762,  337,   67,  529,  345,  336,  701,  392,  124,  211,  540,  555,   80,  916,  731,   59,  614,  457,  307,  550,  600,  338,    0,  477,   52,  628,  480,  264,  294,  137,  510,  546,  489,  527,  330,  736,  696,  194,  602,  233,  587,  857,  654,  249,  679,  548,  447,  617,  522,  616,  307],
        [  444,  444,  663,  420,  149,  462,  142,  591,  204,  601,  640,   80,  633,  422,  531,  281,  535,  304,  408,  313,  138,  392,  295,  477,    0,  432,  216,  649,  703,  194,  346,  258,  144,  141,   81,  579,  470,  671,  312,  128,  549,  212,  405,  265,  678,  655,  168,  263,  144,  481,  198,  477],
        [  737,  737,  375,   58,  493,  307,  291,  698,  363,  171,  230,  498,  569,   34,  886,  692,  105,  587,  411,  291,  501,  550,  319,   52,  432,    0,  578,  502,  315,  246,   88,  484,  496,  438,  479,  357,  685,  702,  167,  558,  219,  554,  818,  603,  298,  685,  497,  395,  574,  520,  579,  273],
        [  588,  588,  863,  584,  335,  486,  321,  789,  420,  748,  748,  237,  849,  558,  619,  341,  682,  478,  370,  524,   85,  263,  509,  628,  216,  578,    0,  864,  878,  339,  492,  460,   86,  140,  136,  786,  287,  879,  498,  207,  627,  375,  429,   54,  856,  864,   82,  238,  211,  693,  333,  518],
        [  606,  606,  213,  447,  576,  800,  562,  366,  447,  508,  658,  657,  119,  533,  788,  755,  496,  531,  873,  344,  782,  965,  356,  480,  649,  502,  864,    0,  399,  584,  521,  461,  785,  753,  729,  154, 1081,  286,  422,  719,  713,  587,  851,  910,  376,  275,  803,  795,  729,  247,  644,  772],
        [  883,  883,  188,  296,  715,  591,  566,  729,  563,  186,  323,  752,  511,  344, 1057,  923,  228,  756,  716,  443,  797,  863,  476,  264,  703,  315,  878,  399,    0,  540,  393,  655,  794,  740,  765,  267,  999,  677,  392,  819,  437,  761, 1043,  908,   30,  663,  799,  709,  833,  561,  803,  548],
        [  579,  579,  539,  246,  292,  307,   68,  640,  223,  416,  447,  267,  604,  232,  698,  469,  350,  426,  311,  252,  258,  381,  256,  294,  194,  246,  339,  584,  540,    0,  158,  339,  255,  201,  234,  476,  501,  688,  172,  321,  361,  360,  595,  369,  518,  671,  260,  212,  337,  488,  369,  309],
        [  676,  676,  426,  100,  416,  282,  206,  669,  299,  259,  302,  414,  571,   77,  817,  611,  192,  523,  358,  253,  413,  481,  276,  137,  346,   88,  492,  521,  393,  158,    0,  423,  409,  352,  391,  387,  614,  689,  122,  473,  251,  480,  737,  518,  374,  671,  411,  320,  489,  496,  501,  259],
        [  254,  254,  549,  443,  129,  646,  275,  334,  125,  621,  714,  225,  412,  492,  409,  296,  564,  105,  634,  215,  392,  647,  182,  510,  258,  484,  460,  461,  655,  339,  423,    0,  398,  396,  332,  447,  727,  420,  318,  275,  671,  126,  401,  512,  626,  405,  424,  501,  281,  244,  183,  644],
        [  557,  557,  779,  500,  280,  431,  237,  731,  345,  666,  674,  186,  774,  477,  611,  336,  600,  432,  335,  443,   11,  269,  429,  546,  144,  496,   86,  785,  794,  255,  409,  398,    0,   62,   68,  702,  330,  814,  413,  180,  559,  331,  443,  126,  771,  798,   29,  189,  190,  624,  298,  459],
        [  578,  578,  734,  445,  288,  373,  195,  729,  324,  608,  613,  205,  752,  418,  649,  379,  542,  444,  287,  410,   70,  252,  401,  489,  141,  438,  140,  753,  740,  201,  352,  396,   62,    0,   92,  662,  338,  804,  366,  217,  498,  348,  492,  169,  718,  787,   60,  138,  230,  608,  324,  399],
        [  493,  493,  736,  475,  213,  458,  200,  664,  285,  650,  672,  120,  714,  464,  558,  288,  583,  365,  378,  390,   60,  332,  374,  527,   81,  479,  136,  729,  765,  234,  391,  332,   68,   92,    0,  655,  397,  749,  377,  126,  568,  265,  403,  185,  741,  733,   95,  229,  139,  560,  236,  479],
        [  645,  645,  106,  303,  540,  660,  468,  463,  392,  356,  505,  604,  250,  389,  824,  738,  344,  537,  744,  269,  702,  852,  293,  330,  579,  357,  786,  154,  267,  476,  387,  447,  702,  662,  655,    0,  976,  413,  305,  670,  562,  568,  848,  827,  240,  399,  716,  683,  682,  301,  619,  628],
        [  875,  875, 1034,  713,  609,  459,  520, 1061,  661,  835,  781,  514, 1087,  656,  898,  623,  777,  759,  309,  740,  338,  138,  734,  736,  470,  685,  287, 1081,  999,  501,  614,  727,  330,  338,  397,  976,    0, 1140,  671,  492,  638,  657,  697,  236,  983, 1124,  304,  296,  497,  945,  618,  505],
        [  432,  432,  495,  645,  547,  965,  641,  127,  483,  756,  897,  644,  168,  727,  597,  662,  728,  431,  999,  445,  808, 1047,  434,  696,  671,  702,  879,  286,  677,  688,  689,  420,  814,  804,  749,  413, 1140,    0,  568,  691,  920,  524,  723,  931,  651,   18,  838,  887,  695,  201,  580,  947],
        [  571,  571,  369,  127,  339,  398,  178,  547,  199,  311,  396,  363,  458,  179,  723,  544,  250,  422,  452,  131,  415,  548,  156,  194,  312,  167,  498,  422,  392,  172,  122,  318,  413,  366,  377,  305,  671,  568,    0,  428,  369,  395,  669,  535,  367,  551,  423,  379,  443,  374,  428,  379],
        [  383,  383,  762,  543,  147,  578,  267,  593,  279,  726,  768,   68,  683,  549,  433,  163,  660,  275,  504,  402,  170,  448,  377,  602,  128,  558,  207,  719,  819,  321,  473,  275,  180,  217,  126,  670,  492,  691,  428,    0,  675,  173,  282,  259,  793,  677,  208,  355,   16,  518,  126,  597],
        [  923,  923,  558,  276,  650,  181,  426,  912,  547,  252,  147,  626,  786,  195, 1056,  828,  227,  769,  330,  499,  567,  502,  524,  233,  549,  219,  627,  713,  437,  361,  251,  671,  559,  498,  568,  562,  638,  920,  369,  675,    0,  716,  953,  634,  434,  903,  549,  396,  691,  736,  729,  134],
        [  233,  233,  669,  522,   69,  659,  293,  421,  200,  706,  780,  146,  534,  555,  340,  171,  644,  103,  618,  319,  322,  597,  287,  587,  212,  554,  375,  587,  761,  360,  480,  126,  331,  348,  265,  568,  657,  524,  395,  173,  716,    0,  284,  429,  733,  510,  359,  474,  174,  364,   59,  666],
        [  300,  300,  950,  793,  331,  859,  534,  600,  481,  978, 1037,  328,  779,  814,  219,  127,  915,  320,  776,  602,  432,  692,  570,  857,  405,  818,  429,  851, 1043,  595,  737,  401,  443,  492,  403,  848,  697,  723,  669,  282,  953,  284,    0,  470, 1015,  714,  467,  629,  267,  610,  242,  878],
        [  640,  640,  902,  612,  388,  482,  360,  842,  469,  770,  760,  290,  898,  580,  665,  388,  705,  531,  355,  569,  129,  228,  555,  654,  265,  603,   54,  910,  908,  369,  518,  512,  126,  169,  185,  827,  236,  931,  535,  259,  634,  429,  470,    0,  887,  916,  112,  238,  263,  744,  385,  518],
        [  854,  854,  166,  276,  688,  582,  542,  701,  535,  184,  327,  726,  486,  329, 1028,  895,  218,  727,  704,  415,  774,  848,  447,  249,  678,  298,  856,  376,   30,  518,  374,  626,  771,  718,  741,  240,  983,  651,  367,  793,  434,  733, 1015,  887,    0,  637,  777,  692,  807,  533,  775,  540],
        [  425,  425,  482,  628,  533,  947,  624,  123,  466,  740,  880,  629,  157,  710,  593,  651,  712,  419,  981,  427,  793, 1030,  416,  679,  655,  685,  864,  275,  663,  671,  671,  405,  798,  787,  733,  399, 1124,   18,  551,  677,  903,  510,  714,  916,  637,    0,  823,  870,  681,  184,  567,  929],
        [  585,  585,  790,  504,  307,  415,  249,  757,  366,  666,  668,  214,  795,  477,  639,  363,  601,  459,  312,  460,   39,  241,  448,  548,  168,  497,   82,  803,  799,  260,  411,  424,   29,   60,   95,  716,  304,  838,  423,  208,  549,  359,  467,  112,  777,  823,    0,  169,  217,  647,  326,  444],
        [  706,  706,  739,  419,  410,  248,  247,  826,  407,  554,  527,  336,  813,  368,  785,  517,  492,  564,  149,  461,  199,  170,  461,  447,  263,  395,  238,  795,  709,  212,  320,  501,  189,  138,  229,  683,  296,  887,  379,  355,  396,  474,  629,  238,  692,  870,  169,    0,  368,  687,  456,  281],
        [  378,  378,  775,  558,  155,  592,  283,  595,  291,  741,  784,   81,  691,  565,  422,  150,  675,  275,  516,  415,  180,  457,  389,  617,  144,  574,  211,  729,  833,  337,  489,  281,  190,  230,  139,  682,  497,  695,  443,   16,  691,  174,  267,  263,  807,  681,  217,  368,    0,  525,  124,  612],
        [  360,  360,  404,  464,  371,  768,  441,  180,  285,  600,  730,  464,  172,  542,  542,  524,  562,  292,  798,  247,  619,  848,  234,  522,  481,  520,  693,  247,  561,  488,  496,  244,  624,  608,  560,  301,  945,  201,  374,  518,  736,  364,  610,  744,  533,  184,  647,  687,  525,    0,  422,  752],
        [  259,  259,  719,  552,   89,  658,  304,  475,  241,  737,  803,  121,  593,  578,  335,  121,  674,  153,  604,  364,  289,  567,  333,  616,  198,  579,  333,  644,  803,  369,  501,  183,  298,  324,  236,  619,  618,  580,  428,  126,  729,   59,  242,  385,  775,  567,  326,  456,  124,  422,    0,  669],
        [  887,  887,  644,  326,  598,   47,  376,  921,  523,  365,  280,  557,  829,  240, 1002,  756,  323,  734,  197,  507,  467,  370,  525,  307,  477,  273,  518,  772,  548,  309,  259,  644,  459,  399,  479,  628,  505,  947,  379,  597,  134,  666,  878,  518,  540,  929,  444,  281,  612,  752,  669,    0]
    ]
}
