{
    "name": "random-87-716",
    "comment": "size=87 seed=716",
    "nodes": ["+0", "-0", "+1", "-1", "+2", "-2", "+3", "-3", "+4", "-4", "+5", "-5", "+6", "-6", "+7", "-7", "+8", "-8", "+9", "-9", "+10", "-10", "+11", "-11", "+12", "-12", "+13", "-13", "+14", "-14", "+15", "-15", "+16", "-16", "+17", "-17", "+18", "-18", "+19", "-19", "+20", "-20", "+21", "-21", "+22", "-22", "+23", "-23", "+24", "-24", "+25", "-25", "+26", "-26", "+27", "-27", "+28", "-28", "+29", "-29", "+30", "-30", "+31", "-31", "+32", "-32", "+33", "-33", "+34", "-34", "+35", "-35", "+36", "-36", "+37", "-37", "+38", "-38", "+39", "-39", "+40", "-40", "+41", "-41", "+42", "-42", "+43", "-43", "+44", "-44", "+45", "-45", "+46", "-46", "+47", "-47", "+48", "-48", "+49", "-49", "+50", "-50", "+51", "-51", "+52", "-52", "+53", "-53", "+54", "-54", "+55", "-55", "+56", "-56", "+57", "-57", "+58", "-58", "+59", "-59", "+60", "-60", "+61", "-61", "+62", "-62", "+63", "-63", "+64", "-64", "+65", "-65", "+66", "-66", "+67", "-67", "+68", "-68", "+69", "-69", "+70", "-70", "+71", "-71", "+72", "-72", "+73", "-73", "+74", "-74", "+75", "-75", "+76", "-76", "+77", "-77", "+78", "-78", "+79", "-79", "+80", "-80", "+81", "-81", "+82", "-82", "+83", "-83", "+84", "-84", "+85", "-85", "+86", "-86", "+87", "-87"],
    "precedence": {
        "+0": "-0",
        "+1": "-1",
        "+2": "-2",
        "+3": "-3",
        "+4": "-4",
        "+5": "-5",
        "+6": "-6",
        "+7": "-7",
        "+8": "-8",
        "+9": "-9",
        "+10": "-10",
        "+11": "-11",
        "+12": "-12",
        "+13": "-13",
        "+14": "-14",
        "+15": "-15",
        "+16": "-16",
        "+17": "-17",
        "+18": "-18",
        "+19": "-19",
        "+20": "-20",
        "+21": "-21",
        "+22": "-22",
        "+23": "-23",
        "+24": "-24",
        "+25": "-25",
        "+26": "-26",
        "+27": "-27",
        "+28": "-28",
        "+29": "-29",
        "+30": "-30",
        "+31": "-31",
        "+32": "-32",
        "+33": "-33",
        "+34": "-34",
        "+35": "-35",
        "+36": "-36",
        "+37": "-37",
        "+38": "-38",
        "+39": "-39",
        "+40": "-40",
        "+41": "-41",
        "+42": "-42",
        "+43": "-43",
        "+44": "-44",
        "+45": "-45",
        "+46": "-46",
        "+47": "-47",
        "+48": "-48",
        "+49": "-49",
        "+50": "-50",
        "+51": "-51",
        "+52": "-52",
        "+53": "-53",
        "+54": "-54",
        "+55": "-55",
        "+56": "-56",
        "+57": "-57",
        "+58": "-58",
        "+59": "-59",
        "+60": "-60",
        "+61": "-61",
        "+62": "-62",
        "+63": "-63",
        "+64": "-64",
        "+65": "-65",
        "+66": "-66",
        "+67": "-67",
        "+68": "-68",
        "+69": "-69",
        "+70": "-70",
        "+71": "-71",
        "+72": "-72",
        "+73": "-73",
        "+74": "-74",
        "+75": "-75",
        "+76": "-76",
        "+77": "-77",
        "+78": "-78",
        "+79": "-79",
        "+80": "-80",
        "+81": "-81",
        "+82": "-82",
        "+83": "-83",
        "+84": "-84",
        "+85": "-85",
        "+86": "-86",
        "+87": "-87"
    },
    "edges": [
        [    0,    0,  564,  709,  512,  367,  163,  848,  357,  724,  685,  557,  459,  215,  820,  650,  412,  335,  349,  504,  349,  385,  315,  140,  292,  680,  395,  889,  530,  287,  502,  513,  135,  330,  245,   71,  393,  818,  362,  134,  558,  570,  428,  602,  648,  613,  748,  361,  333,  643,  546,  839,  264,  468,  657,  383,  396,  545,  163,  493,  847,  841,  291,  380,  458,  416,  580,  261,  427,  245,  407,  253,  350,  321,  413,  794,  418,  270,  226,  797,  333,  572,  626,  797,  522,  471,  118,  178,  292,  343,  124,  680,  641,  376,  632,  852,  213,  501,  472,  885,   89,  194,  391,  708,  739,  672,  181,  430,  270,  621,  425,  673,  734,  359,  703,  359,  193,  683,  125,  160,  246,  892,  319,  526,  384,  613,   93,  215,  256,  357,  288,  726,  560,  377,  656,  504,  414,  436,  685,  472,  450,  860,  559,  322,  622,  463,  430,  920,  357,  757,  198,  816,  599,  711,  527,  499,  486,  455,  283,  719,  283,  493,  598,  296,  267,  797,  715,  694,  779,  679,  696,  615,  434,  686,  630,  321],
        [    0,    0,    0,    0,    0,    0,    0,    0,    0,    0,    0,    0,    0,    0,    0,    0,    0,    0,    0,    0,    0,    0,    0,    0,    0,    0,    0,    0,    0,    0,    0,    0,    0,    0,    0,    0,    0,    0,    0,    0,    0,    0,    0,    0,    0,    0,    0,    0,    0,    0,    0,    0,    0,    0,    0,    0,    0,    0,    0,    0,    0,    0,    0,    0,    0,    0,    0,    0,    0,    0,    0,    0,    0,    0,    0,    0,    0,    0,    0,    0,    0,    0,    0,    0,    0,    0,    0,    0,    0,    0,    0,    0,    0,    0,    0,    0,    0,    0,    0,    0,    0,    0,    0,    0,    0,    0,    0,    0,    0,    0,    0,    0,    0,    0,    0,    0,    0,    0,    0,    0,    0,    0,    0,    0,    0,    0,    0,    0,    0,    0,    0,    0,    0,    0,    0,    0,    0,    0,    0,    0,    0,    0,    0,    0,    0,    0,    0,    0,    0,    0,    0,    0,    0,    0,    0,    0,    0,    0,    0,    0,    0,    0,    0,    0,    0,    0,    0,    0,    0,    0,    0,    0,    0,    0,    0,    0],
        [  564,    0,    0,  653,   57,  816,  644,  291,  219,  215,  545,  331,  728,  729,  803,  120,  231,  888,  220,  492,  525,  517,  388,  482,  374,  587,  922,  366,  292,  565,  532,  156,  588,  250,  484,  508,  675,  837,  754,  442,  115,  447,  351,  385,   84,  476,  781,  379,  419,  126,  331,  398,  561,  450,  115,  583,  686,   95,  724,   99,  863,  705,  437,  399,  472,  255,  166,  305,  271,  352,  374,  793,  222,  522,  329,  820,  422,  350,  360,  701,  232,  342,  194,  233,   50,  286,  668,  632,  332,  786,  688,  503,  799,  780,  663,  313,  369,  101,   99,  807,  534,  565,  223,  392,  260,  164,  557,  186,  754,  733,  293,  116,  180,  579,  752,  487,  413,  131,  621,  671,  319,  331,  282,   41,  190,   71,  547,  451,  566,  790,  844,  543,  325,  301,  510,  587,  812,  733,  736,  119,  158,  349,  188,  804,  157,  606,  152,  875,  517,  206,  406,  252,  224,  385,  210,  371,  823,  892,  287,  255,  794,  603,  795,  270,  442,  402,  603,  163,  740,  132,  384,   52,  875,  334,  143,  270],
        [  709,    0,  653,    0,  655,  618,  870,  731,  671,  578,  122,  322,  385,  678,  151,  604,  763,  839,  582, 1028,  363,  974,  832,  764,  799,   69,  794,  657,  893,  936,  208,  499,  601,  683,  465,  646,  403,  188,  530,  612,  541,  209,  352,  272,  689,  178,  147,  858,  871,  775,  323,  497,  917,  261,  753,  346,  411,  732,  773,  693,  212,  144,  427,  888,  989,  790,  808,  608,  814,  722,  351,  750,  658,  935,  379,  175,  930,  504,  705,   90,  610,  312,  844,  752,  615,  856,  716,  882,  754,  600,  780,  170,  270,  550,  109,  674,  700,  705,  658,  181,  621,  867,  502,  330,  535,  811,  853,  729,  645,  204,  832,  658,  670,  369,  141,  937,  548,  649,  637,  868,  628,  775,  720,  653,  571,  621,  620,  501,  470,  588,  823,  159,  329,  802,  149,  214,  551,  417,  138,  561,  718,  619,  468,  659,  808, 1075,  681,  233,  955,  668,  739,  760,  864,  342,  443,  940,  481,  633,  658,  514,  698, 1091,  313,  637,  839,  426,   71,  800,   89,  761,  328,  668,  631,  380,  552,  532],
        [  512,    0,   57,  655,    0,  775,  588,  347,  163,  265,  553,  337,  700,  682,  806,  172,  179,  838,  172,  448,  496,  465,  333,  426,  318,  591,  875,  420,  259,  510,  519,  158,  541,  194,  446,  457,  644,  837,  716,  392,  137,  447,  334,  394,  138,  480,  777,  326,  366,  150,  334,  443,  506,  436,  152,  555,  655,   78,  672,   50,  863,  718,  402,  348,  425,  205,  154,  254,  223,  296,  354,  744,  166,  468,  310,  818,  374,  309,  304,  709,  181,  349,  193,  288,   46,  243,  617,  576,  276,  745,  635,  514,  783,  742,  656,  369,  313,   58,   43,  816,  485,  508,  192,  417,  307,  187,  501,  133,  709,  720,  245,  172,  236,  549,  746,  434,  367,  187,  573,  615,  267,  387,  225,   16,  146,  123,  499,  409,  528,  750,  793,  557,  331,  248,  518,  571,  775,  703,  730,   98,  106,  402,  204,  760,  162,  556,   96,  882,  464,  263,  350,  307,  210,  411,  216,  331,  792,  853,  232,  299,  747,  556,  776,  217,  387,  440,  610,  197,  744,  172,  408,  107,  835,  361,  184,  228],
        [  367,    0,  816,  618,  775,    0,  481, 1060,  655,  907,  660,  649,  238,  164,  667,  863,  736,  243,  605,  870,  335,  751,  674,  504,  646,  626,  177, 1059,  870,  647,  459,  705,  256,  638,  334,  369,  219,  641,   90,  412,  763,  591,  527,  663,  895,  619,  581,  719,  696,  923,  639,  955,  623,  489,  926,  305,  210,  832,  282,  775,  666,  761,  389,  741,  824,  748,  886,  539,  764,  582,  496,  190,  643,  686,  533,  619,  781,  467,  560,  703,  605,  658,  934, 1031,  767,  812,  269,  508,  633,   31,  324,  680,  420,   69,  512, 1040,  546,  787,  744,  757,  325,  552,  597,  783,  901,  958,  540,  738,  101,  444,  767,  902,  953,  291,  541,  725,  413,  907,  245,  454,  538, 1108,  644,  785,  630,  841,  311,  366,  254,   32,  248,  713,  656,  719,  647,  419,   82,  204,  527,  701,  750, 1022,  729,   64,  919,  825,  720,  763,  723,  969,  549, 1048,  918,  791,  688,  855,  179,   89,  586,  877,  121,  856,  363,  587,  631,  893,  659,  971,  652,  946,  773,  862,   68,  790,  825,  548],
        [  163,    0,  644,  870,  588,  481,    0,  934,  425,  828,  841,  698,  611,  318,  982,  745,  448,  363,  449,  440,  511,  306,  304,  162,  297,  839,  453,  993,  531,  185,  663,  626,  289,  394,  405,  225,  548,  980,  498,  272,  663,  724,  574,  747,  724,  767,  909,  344,  302,  697,  687,  963,  165,  625,  718,  544,  549,  602,  208,  557, 1009, 1000,  447,  351,  398,  440,  618,  362,  443,  293,  557,  319,  423,  240,  557,  955,  377,  407,  284,  957,  424,  714,  659,  873,  609,  476,  214,   30,  322,  463,  160,  833,  799,  506,  794,  949,  277,  562,  546, 1046,  251,  103,  510,  847,  851,  720,  102,  479,  381,  782,  433,  758,  822,  521,  865,  293,  338,  771,  267,   38,  341,  974,  367,  603,  484,  702,  254,  372,  417,  480,  316,  880,  700,  392,  811,  666,  543,  587,  846,  572,  504,  967,  677,  425,  665,  357,  495, 1082,  278,  847,  238,  893,  621,  848,  650,  475,  625,  565,  360,  834,  373,  391,  753,  380,  240,  928,  873,  748,  941,  741,  835,  694,  544,  819,  734,  439],
        [  848,    0,  291,  731,  347, 1060,  934,    0,  510,  162,  610,  452,  927,  995,  870,  201,  510, 1162,  499,  736,  738,  789,  672,  773,  661,  664, 1185,  131,  523,  850,  689,  356,  854,  541,  729,  788,  887,  916,  987,  721,  300,  562,  543,  476,  214,  569,  876,  655,  699,  279,  458,  277,  848,  617,  245,  788,  898,  351, 1004,  383,  936,  726,  672,  672,  728,  530,  378,  588,  541,  643,  572, 1064,  512,  803,  531,  904,  686,  608,  650,  746,  517,  451,  367,   83,  327,  540,  946,  923,  622, 1030,  971,  561,  946, 1014,  782,   74,  659,  381,  390,  839,  808,  855,  472,  404,  197,  283,  848,  469, 1012,  873,  561,  177,  114,  791,  859,  762,  680,  165,  890,  961,  605,   49,  572,  332,  465,  236,  820,  706,  807, 1031, 1120,  582,  443,  580,  585,  748, 1041,  941,  849,  378,  441,  149,  334, 1058,  334,  868,  442,  913,  793,   93,  697,   68,  418,  392,  375,  613, 1032, 1127,  577,  219, 1056,  860,  958,  558,  729,  332,  665,  247,  808,  227,  404,  241, 1112,  352,  236,  536],
        [  357,    0,  219,  671,  163,  655,  425,  510,    0,  414,  589,  384,  622,  542,  816,  326,   98,  689,   89,  361,  425,  337,  192,  264,  169,  614,  735,  576,  240,  359,  497,  239,  406,   32,  346,  309,  560,  838,  608,  250,  257,  469,  320,  444,  300,  510,  772,  202,  230,  287,  377,  574,  351,  420,  301,  485,  569,  189,  518,  137,  866,  761,  321,  230,  326,  123,  232,  116,  146,  133,  327,  599,   14,  325,  293,  816,  267,  213,  142,  740,   65,  399,  281,  450,  188,  192,  468,  413,  122,  625,  479,  560,  742,  631,  645,  528,  151,  145,  121,  845,  344,  347,  171,  505,  447,  317,  340,   85,  578,  689,  162,  334,  398,  473,  734,  302,  243,  348,  433,  452,  119,  550,   70,  179,  105,  280,  358,  300,  424,  633,  643,  607,  381,  134,  553,  537,  667,  619,  716,  168,   97,  554,  296,  631,  269,  436,   74,  903,  329,  424,  188,  469,  265,  502,  285,  270,  701,  738,   75,  434,  611,  444,  722,   68,  235,  556,  640,  338,  758,  323,  494,  270,  719,  459,  323,  147],
        [  724,    0,  215,  578,  265,  907,  828,  162,  414,    0,  457,  290,  766,  853,  720,   95,  443, 1024,  380,  705,  581,  730,  597,  667,  579,  510, 1040,  166,  500,  771,  527,  213,  714,  445,  580,  659,  728,  764,  831,  592,  167,  401,  385,  316,  176,  411,  721,  591,  630,  275,  296,  192,  764,  455,  240,  629,  739,  303,  873,  312,  786,  588,  521,  612,  686,  469,  359,  469,  485,  544,  415,  924,  412,  732,  376,  752,  636,  469,  547,  600,  404,  290,  369,  176,  229,  499,  813,  820,  534,  878,  845,  409,  784,  858,  622,  134,  553,  316,  304,  699,  674,  759,  335,  257,   57,  299,  750,  398,  865,  712,  507,  124,  100,  633,  702,  699,  545,  107,  752,  850,  489,  210,  482,  250,  345,  145,  685,  562,  656,  878,  984,  435,  281,  513,  430,  586,  884,  781,  690,  256,  370,  140,  179,  909,  329,  820,  358,  772,  728,   91,  595,  183,  413,  246,  220,  583,  872,  971,  470,   69,  911,  818,  796,  448,  647,  216,  514,  272,  657,  235,  255,  182,  957,  200,   95,  404],
        [  685,    0,  545,  122,  553,  660,  841,  610,  589,  457,    0,  217,  441,  692,  265,  488,  676,  862,  502,  950,  359,  908,  763,  719,  731,   56,  830,  537,  800,  884,  205,  395,  593,  606,  444,  618,  441,  308,  570,  573,  431,  124,  282,  160,  575,   80,  268,  785,  802,  664,  220,  380,  867,  217,  640,  363,  451,  629,  773,  594,  330,  173,  395,  814,  913,  705,  705,  543,  728,  658,  291,  767,  577,  875,  307,  296,  854,  449,  644,  157,  532,  205,  738,  632,  511,  767,  712,  849,  684,  638,  771,   49,  370,  594,  196,  553,  640,  606,  561,  263,  600,  824,  419,  208,  414,  700,  811,  639,  668,  297,  747,  541,  551,  382,  256,  871,  507,  532,  633,  844,  565,  653,  645,  549,  486,  508,  602,  470,  471,  628,  839,   55,  222,  722,   37,  242,  602,  470,  249,  462,  625,  498,  358,  692,  701, 1010,  590,  330,  892,  547,  682,  639,  762,  220,  338,  853,  547,  689,  588,  393,  722, 1023,  402,  565,  778,  308,   59,  686,  202,  647,  207,  556,  684,  259,  436,  461],
        [  557,    0,  331,  322,  337,  649,  698,  452,  384,  290,  217,    0,  483,  628,  472,  292,  466,  804,  302,  743,  315,  715,  568,  556,  538,  256,  800,  419,  585,  708,  238,  179,  501,  404,  349,  487,  452,  507,  566,  429,  220,  119,  135,   61,  370,  145,  454,  584,  607,  454,   12,  307,  694,  170,  433,  353,  463,  413,  679,  378,  533,  384,  288,  613,  709,  495,  489,  360,  518,  472,  162,  704,  374,  690,  145,  491,  651,  292,  462,  373,  333,   16,  524,  453,  295,  555,  616,  700,  490,  621,  664,  180,  497,  593,  343,  412,  461,  390,  345,  480,  484,  661,  217,  151,  265,  490,  649,  427,  625,  426,  538,  345,  369,  362,  428,  678,  365,  339,  543,  710,  383,  499,  446,  333,  280,  302,  490,  352,  409,  618,  772,  225,    9,  517,  181,  297,  614,  501,  414,  247,  411,  381,  147,  662,  487,  816,  377,  545,  702,  373,  506,  464,  546,  155,  122,  642,  591,  703,  396,  241,  676,  826,  508,  371,  593,  251,  274,  480,  409,  442,  139,  347,  692,  142,  240,  274],
        [  459,    0,  728,  385,  700,  238,  611,  927,  622,  766,  441,  483,    0,  336,  431,  743,  717,  472,  549,  917,  204,  820,  707,  570,  674,  401,  414,  901,  860,  739,  256,  589,  325,  616,  281,  423,   68,  408,  154,  429,  647,  397,  388,  480,  797,  416,  346,  748,  739,  848,  474,  775,  717,  313,  842,  145,   64,  769,  453,  715,  434,  526,  304,  775,  871,  737,  836,  514,  757,  598,  360,  396,  609,  762,  404,  385,  819,  410,  575,  468,  561,  487,  882,  914,  678,  806,  411,  632,  646,  224,  478,  469,  196,  170,  277,  893,  563,  727,  679,  520,  380,  650,  508,  594,  747,  886,  636,  704,  286,  207,  767,  790,  831,  152,  305,  787,  394,  790,  345,  595,  523,  975,  637,  706,  562,  734,  370,  331,  217,  210,  466,  495,  491,  723,  435,  204,  167,   35,  290,  609,  708,  862,  596,  287,  858,  910,  672,  529,  794,  841,  584,  928,  880,  604,  555,  869,  110,  250,  570,  722,  334,  936,  144,  561,  684,  708,  432,  890,  415,  858,  586,  766,  247,  615,  697,  485],
        [  215,    0,  729,  678,  682,  164,  318,  995,  542,  853,  692,  628,  336,    0,  756,  795,  613,  177,  510,  718,  335,  595,  529,  354,  505,  670,  194, 1014,  738,  486,  488,  642,  142,  521,  281,  236,  287,  740,  195,  293,  696,  599,  495,  656,  811,  636,  674,  575,  548,  824,  617,  932,  463,  490,  832,  334,  284,  728,  123,  673,  767,  820,  342,  594,  672,  620,  773,  431,  634,  450,  467,   77,  533,  528,  493,  716,  633,  387,  428,  767,  503,  640,  821,  955,  682,  680,  107,  345,  499,  147,  161,  701,  532,  196,  581,  986,  415,  683,  646,  837,  199,  391,  523,  774,  856,  856,  380,  623,   64,  536,  634,  827,  884,  312,  630,  570,  317,  834,  110,  291,  424, 1041,  519,  694,  540,  765,  185,  291,  224,  165,  148,  742,  633,  586,  671,  465,  230,  305,  613,  621,  639,  980,  676,  109,  811,  664,  613,  856,  566,  903,  409,  973,  799,  780,  638,  713,  320,  248,  470,  834,   70,  696,  478,  476,  481,  878,  705,  874,  729,  853,  763,  778,  227,  768,  764,  462],
        [  820,    0,  803,  151,  806,  667,  982,  870,  816,  720,  265,  472,  431,  756,    0,  752,  909,  902,  727, 1171,  472, 1110,  971,  890,  937,  218,  842,  786, 1042, 1064,  333,  650,  701,  827,  580,  762,  469,   55,  584,  736,  691,  359,  497,  421,  838,  328,   87,  999, 1009,  925,  473,  621, 1044,  399,  903,  440,  474,  883,  862,  843,   67,  174,  552, 1029, 1130,  937,  959,  747,  961,  859,  492,  822,  803, 1067,  524,   62, 1072,  639,  841,  130,  754,  463,  995,  896,  766, 1003,  810,  996,  894,  655,  876,  312,  257,  599,  189,  809,  834,  856,  808,   98,  731,  990,  649,  467,  675,  961,  975,  877,  713,  224,  977,  806,  815,  464,  127, 1073,  675,  797,  734,  975,  766,  912,  863,  803,  719,  771,  728,  622,  569,  640,  894,  289,  479,  946,  297,  317,  591,  465,  143,  711,  867,  749,  618,  717,  959, 1210,  830,  102, 1090,  811,  871,  902, 1015,  479,  594, 1086,  505,  661,  799,  655,  763, 1228,  314,  779,  973,  552,  207,  949,   64,  910,  467,  818,  664,  521,  700,  675],
        [  650,    0,  120,  604,  172,  863,  745,  201,  326,   95,  488,  292,  743,  795,  752,    0,  349,  962,  302,  610,  548,  636,  504,  583,  487,  536,  985,  251,  407,  680,  520,  159,  654,  357,  530,  589,  699,  792,  792,  521,  101,  410,  356,  333,   94,  429,  742,  497,  537,  194,  295,  282,  674,  442,  162,  601,  710,  210,  805,  217,  815,  635,  475,  518,  591,  374,  269,  392,  391,  458,  384,  863,  325,  639,  341,  777,  542,  408,  462,  639,  323,  297,  285,  171,  138,  404,  746,  736,  444,  833,  773,  442,  785,  819,  634,  204,  469,  221,  211,  743,  608,  672,  272,  307,  143,  224,  664,  304,  812,  715,  412,   54,   91,  602,  718,  605,  480,   48,  690,  770,  410,  247,  392,  157,  267,   50,  620,  506,  610,  835,  920,  475,  284,  419,  456,  578,  848,  754,  705,  179,  276,  231,  151,  859,  244,  725,  265,  814,  635,  109,  510,  187,  325,  298,  189,  489,  846,  933,  386,  143,  856,  723,  790,  366,  556,  294,  546,  203,  689,  164,  301,   90,  917,  247,   53,  336],
        [  412,    0,  231,  763,  179,  736,  448,  510,   98,  443,  676,  466,  717,  613,  909,  349,    0,  747,  184,  281,  521,  287,  162,  296,  155,  704,  803,  595,  144,  341,  593,  304,  483,  102,  438,  377,  653,  932,  694,  325,  304,  558,  414,  526,  298,  598,  867,  148,  190,  252,  460,  619,  340,  515,  277,  580,  662,  161,  573,  132,  961,  848,  417,  170,  252,   30,  172,  205,   53,  169,  422,  663,  111,  294,  386,  911,  198,  308,  187,  829,  162,  480,  216,  440,  219,   95,  528,  430,  127,  707,  529,  644,  839,  717,  740,  541,  200,  131,  143,  935,  416,  356,  261,  574,  484,  273,  352,   46,  654,  786,   73,  342,  405,  568,  830,  256,  331,  359,  504,  480,  201,  544,   95,  193,  192,  300,  431,  391,  515,  716,  700,  691,  462,   71,  640,  634,  754,  712,  812,  229,   74,  579,  359,  707,  218,  379,   94,  995,  287,  433,  220,  460,  187,  569,  357,  178,  793,  821,  151,  476,  682,  380,  819,  157,  222,  611,  729,  302,  850,  299,  563,  274,  801,  523,  361,  244],
        [  335,    0,  888,  839,  838,  243,  363, 1162,  689, 1024,  862,  804,  472,  177,  902,  962,  747,    0,  669,  801,  508,  668,  638,  462,  619,  836,  106, 1186,  860,  548,  657,  812,  311,  664,  456,  381,  438,  880,  319,  446,  864,  773,  671,  832,  971,  809,  817,  682,  647,  975,  793, 1108,  527,  665,  986,  500,  431,  877,  175,  824,  905,  982,  518,  696,  757,  750,  915,  585,  760,  579,  643,  101,  681,  602,  668,  857,  729,  556,  561,  927,  657,  816,  961, 1118,  843,  802,  222,  392,  625,  249,  224,  874,  661,  306,  737, 1156,  548,  832,  800,  989,  355,  460,  691,  950, 1029, 1005,  454,  764,  195,  679,  756,  991, 1049,  480,  776,  652,  482,  999,  273,  326,  573, 1207,  654,  851,  701,  929,  342,  464,  399,  266,   49,  913,  809,  709,  843,  629,  324,  438,  760,  785,  784, 1153,  848,  186,  956,  718,  762, 1001,  640, 1070,  531, 1137,  933,  956,  810,  820,  421,  289,  615, 1007,  142,  752,  604,  625,  580, 1054,  871, 1025,  882, 1008,  939,  938,  274,  944,  933,  626],
        [  349,    0,  220,  582,  172,  605,  449,  499,   89,  380,  502,  302,  549,  510,  727,  302,  184,  669,    0,  448,  347,  414,  267,  289,  238,  526,  703,  546,  324,  416,  409,  180,  369,  104,  280,  290,  489,  749,  549,  223,  214,  381,  231,  361,  303,  423,  683,  284,  306,  319,  294,  520,  405,  331,  324,  407,  498,  228,  506,  172,  778,  675,  246,  313,  411,  211,  289,   90,  234,  178,  239,  573,   77,  392,  204,  728,  353,  142,  175,  652,   32,  317,  337,  450,  175,  279,  449,  443,  189,  575,  473,  475,  658,  575,  557,  505,  178,  184,  140,  757,  315,  387,   85,  431,  403,  354,  377,  160,  537,  603,  251,  324,  385,  398,  646,  377,  195,  335,  401,  471,  109,  543,  144,  184,   36,  264,  328,  240,  362,  580,  625,  522,  300,  221,  466,  451,  609,  548,  628,  125,  160,  519,  235,  588,  316,  515,  124,  815,  402,  408,  223,  469,  332,  430,  215,  359,  634,  685,   99,  387,  576,  525,  641,   75,  296,  493,  553,  367,  669,  344,  420,  270,  666,  390,  286,   65],
        [  504,    0,  492, 1028,  448,  870,  440,  736,  361,  705,  950,  743,  917,  718, 1171,  610,  281,  801,  448,    0,  742,  135,  211,  366,  244,  974,  883,  841,  214,  258,  843,  584,  622,  346,  640,  508,  849, 1188,  854,  488,  581,  829,  676,  804,  539,  870, 1120,  174,  179,  458,  737,  889,  277,  772,  493,  797,  856,  402,  634,  399, 1217, 1122,  640,  145,   47,  251,  359,  427,  230,  323,  679,  742,  373,  200,  649, 1166,  100,  538,  344, 1099,  419,  758,  374,  657,  492,  206,  614,  412,  280,  845,  583,  920, 1067,  872,  993,  782,  355,  392,  419, 1204,  554,  341,  531,  854,  751,  458,  348,  324,  774, 1024,  209,  590,  647,  780, 1080,  150,  527,  608,  626,  478,  410,  760,  308,  461,  465,  561,  567,  590,  701,  858,  753,  967,  740,  228,  914,  876,  911,  904, 1062,  509,  347,  832,  639,  825,  404,  149,  374, 1261,  163,  674,  334,  675,  322,  850,  637,  124,  971,  958,  373,  746,  784,  129, 1038,  392,  240,  887, 1000,  494, 1114,  510,  844,  524,  937,  802,  631,  496],
        [  349,    0,  525,  363,  496,  335,  511,  738,  425,  581,  359,  315,  204,  335,  472,  548,  521,  508,  347,  742,    0,  660,  532,  423,  499,  343,  490,  727,  664,  599,  159,  391,  239,  422,  110,  291,  151,  474,  253,  270,  450,  266,  197,  331,  596,  301,  403,  569,  568,  645,  304,  621,  578,  158,  639,   61,  162,  566,  416,  511,  503,  500,  105,  598,  697,  543,  633,  322,  564,  419,  167,  411,  411,  609,  208,  450,  642,  213,  398,  452,  362,  323,  679,  719,  475,  613,  356,  525,  464,  308,  418,  367,  326,  280,  284,  712,  388,  524,  476,  537,  260,  520,  305,  451,  570,  682,  506,  505,  319,  287,  576,  593,  638,   55,  359,  624,  217,  595,  277,  506,  335,  787,  447,  502,  359,  535,  258,  157,  113,  304,  483,  408,  321,  534,  337,  156,  304,  209,  340,  407,  506,  690,  405,  351,  654,  756,  470,  572,  636,  650,  418,  734,  678,  458,  364,  681,  300,  392,  379,  545,  372,  778,  300,  367,  521,  560,  378,  688,  430,  656,  440,  564,  379,  455,  505,  283],
        [  385,    0,  517,  974,  465,  751,  306,  789,  337,  730,  908,  715,  820,  595, 1110,  636,  287,  668,  414,  135,  660,    0,  148,  253,  178,  925,  753,  881,  287,  124,  778,  576,  511,  313,  553,  400,  752, 1122,  743,  394,  586,  785,  628,  774,  579,  828, 1053,  140,  108,  516,  707,  904,  142,  714,  547,  711,  757,  440,  504,  419, 1152, 1080,  563,  118,   98,  263,  419,  367,  249,  252,  624,  614,  346,   68,  602, 1099,  107,  472,  269, 1051,  382,  730,  446,  714,  504,  253,  489,  278,  226,  727,  453,  885,  983,  759,  927,  825,  276,  417,  428, 1153,  446,  209,  498,  841,  770,  525,  218,  333,  653,  946,  228,  627,  688,  692, 1011,   38,  443,  644,  510,  344,  346,  819,  271,  480,  439,  587,  458,  504,  604,  742,  620,  933,  713,  218,  873,  804,  798,  803,  992,  503,  361,  865,  632,  703,  467,  102,  376, 1204,   30,  716,  242,  733,  397,  839,  622,  205,  864,  839,  321,  761,  659,  119,  949,  345,  139,  891,  955,  559, 1057,  567,  830,  559,  818,  796,  646,  448],
        [  315,    0,  388,  832,  333,  674,  304,  672,  192,  597,  763,  568,  707,  529,  971,  504,  162,  638,  267,  211,  532,  148,    0,  178,   34,  781,  708,  753,  227,  179,  640,  431,  420,  166,  430,  306,  640,  985,  651,  279,  446,  640,  483,  627,  459,  683,  916,   46,   40,  411,  559,  764,  179,  573,  437,  587,  646,  323,  464,  291, 1015,  935,  432,   69,  166,  145,  322,  225,  143,  114,  482,  565,  200,  136,  457,  963,  112,  333,  135,  907,  235,  583,  360,  601,  369,  173,  431,  283,   79,  647,  414,  738,  858,  670,  790,  700,  145,  291,  294, 1010,  351,  205,  351,  695,  634,  428,  204,  204,  581,  816,  130,  502,  565,  570,  876,  111,  317,  518,  430,  340,  205,  706,  124,  349,  292,  456,  365,  380,  492,  659,  589,  786,  566,   94,  728,  670,  708,  695,  857,  359,  232,  734,  488,  634,  371,  249,  240, 1063,  137,  593,  127,  621,  319,  693,  476,  185,  764,  762,  176,  622,  598,  261,  828,  199,   66,  748,  810,  459,  916,  459,  684,  434,  741,  650,  509,  302],
        [  140,    0,  482,  764,  426,  504,  162,  773,  264,  667,  719,  556,  570,  354,  890,  583,  296,  462,  289,  366,  423,  253,  178,    0,  158,  725,  531,  832,  399,  176,  559,  468,  258,  233,  314,  148,  502,  895,  491,  155,  502,  597,  441,  608,  563,  641,  825,  223,  194,  541,  545,  807,  155,  508,  560,  470,  507,  444,  287,  397,  925,  885,  338,  241,  320,  293,  467,  205,  301,  133,  428,  388,  261,  193,  420,  872,  279,  271,  123,  848,  263,  571,  511,  713,  447,  341,  254,  154,  169,  479,  239,  704,  739,  508,  702,  787,  115,  403,  384,  944,  193,  107,  356,  700,  692,  566,   94,  322,  409,  709,  295,  596,  660,  449,  782,  223,  216,  609,  260,  189,  182,  813,  209,  441,  324,  540,  205,  269,  355,  493,  414,  753,  556,  249,  686,  575,  546,  552,  763,  411,  346,  806,  521,  461,  512,  340,  335,  988,  226,  685,   78,  732,  477,  701,  496,  362,  612,  592,  198,  675,  422,  367,  702,  219,  128,  776,  757,  592,  842,  582,  688,  533,  571,  668,  573,  287],
        [  292,    0,  374,  799,  318,  646,  297,  661,  169,  579,  731,  538,  674,  505,  937,  487,  155,  619,  238,  244,  499,  178,   34,  158,    0,  749,  686,  737,  242,  193,  607,  406,  392,  140,  397,  278,  607,  952,  621,  247,  424,  608,  451,  597,  447,  651,  883,   74,   73,  406,  530,  742,  188,  539,  431,  554,  614,  315,  444,  278,  981,  903,  398,  101,  199,  144,  322,  192,  147,   80,  449,  544,  174,  157,  425,  929,  145,  299,  101,  875,  206,  554,  363,  593,  350,  184,  409,  278,   49,  619,  396,  707,  824,  640,  756,  686,  112,  280,  277,  978,  323,  202,  321,  667,  614,  426,  199,  192,  555,  782,  139,  488,  552,  536,  842,  141,  283,  504,  403,  331,  172,  696,   99,  333,  265,  440,  337,  347,  459,  631,  571,  755,  536,   95,  696,  636,  678,  662,  823,  336,  220,  717,  463,  608,  370,  280,  223, 1030,  164,  579,   98,  612,  325,  666,  449,  210,  733,  734,  144,  601,  573,  293,  795,  168,   69,  723,  778,  456,  883,  453,  656,  421,  713,  624,  490,  270],
        [  680,    0,  587,   69,  591,  626,  839,  664,  614,  510,   56,  256,  401,  670,  218,  536,  704,  836,  526,  974,  343,  925,  781,  725,  749,    0,  800,  593,  833,  894,  184,  434,  580,  628,  437,  615,  408,  257,  537,  575,  474,  147,  299,  204,  621,  111,  213,  806,  821,  708,  257,  436,  876,  217,  685,  337,  417,  667,  757,  630,  280,  161,  393,  835,  935,  733,  743,  558,  756,  674,  302,  744,  602,  889,  325,  243,  877,  459,  658,  127,  555,  246,  779,  684,  550,  797,  698,  849,  703,  606,  760,  104,  316,  559,  143,  608,  653,  642,  596,  231,  593,  829,  444,  264,  468,  744,  815,  670,  642,  244,  774,  590,  602,  359,  200,  888,  510,  581,  619,  840,  580,  708,  667,  588,  513,  554,  594,  468,  454,  595,  817,  104,  262,  747,   81,  209,  565,  432,  193,  498,  657,  554,  401,  662,  743, 1027,  621,  292,  908,  600,  694,  692,  800,  276,  377,  882,  504,  650,  607,  446,  696, 1041,  351,  585,  792,  364,   36,  732,  155,  693,  262,  600,  646,  312,  484,  480],
        [  395,    0,  922,  794,  875,  177,  453, 1185,  735, 1040,  830,  800,  414,  194,  842,  985,  803,  106,  703,  883,  490,  753,  708,  531,  686,  800,    0, 1198,  924,  636,  627,  830,  335,  713,  461,  427,  392,  815,  264,  487,  885,  754,  670,  820, 1004,  785,  756,  753,  722, 1018,  789, 1106,  614,  648, 1026,  470,  384,  922,  250,  866,  839,  937,  521,  770,  838,  809,  966,  625,  821,  637,  641,  143,  726,  686,  672,  793,  805,  578,  617,  879,  696,  810, 1013, 1147,  875,  866,  278,  482,  686,  194,  301,  848,  593,  245,  688, 1173,  604,  876,  840,  933,  392,  544,  714,  940, 1039, 1050,  536,  815,  176,  620,  819, 1018, 1074,  453,  717,  734,  510, 1025,  304,  417,  617, 1232,  709,  887,  733,  957,  378,  479,  391,  206,  142,  883,  805,  771,  816,  591,  252,  380,  703,  813,  832, 1163,  861,  140, 1004,  809,  806,  938,  724, 1093,  593, 1165,  989,  947,  822,  892,  344,  198,  662, 1016,  129,  843,  535,  669,  654, 1048,  833, 1067,  828, 1047,  929,  971,  187,  941,  952,  654],
        [  889,    0,  366,  657,  420, 1059,  993,  131,  576,  166,  537,  419,  901, 1014,  786,  251,  595, 1186,  546,  841,  727,  881,  753,  832,  737,  593, 1198,    0,  630,  929,  651,  378,  876,  607,  737,  824,  870,  836,  980,  757,  332,  514,  533,  427,  304,  512,  804,  743,  784,  388,  428,  169,  924,  588,  352,  770,  881,  443, 1038,  463,  853,  632,  677,  763,  828,  619,  484,  635,  633,  707,  563, 1086,  575,  887,  528,  827,  782,  632,  711,  659,  569,  414,  481,  208,  389,  639,  977,  984,  694, 1030, 1010,  490,  893, 1007,  723,   63,  718,  465,  461,  746,  838,  922,  500,  331,  159,  399,  914,  551, 1022,  819,  654,  255,  195,  777,  793,  851,  709,  238,  914, 1016,  654,  150,  642,  405,  511,  298,  849,  723,  810, 1029, 1147,  501,  411,  665,  518,  709, 1030,  919,  784,  422,  522,   40,  338, 1065,  445,  966,  515,  820,  881,  168,  759,  198,  531,  319,  377,  718, 1010, 1119,  634,  183, 1070,  960,  913,  613,  806,  235,  588,  365,  727,  338,  334,  323, 1106,  292,  261,  569],
        [  530,    0,  292,  893,  259,  870,  531,  523,  240,  500,  800,  585,  860,  738, 1042,  407,  144,  860,  324,  214,  664,  287,  227,  399,  242,  833,  924,  630,    0,  383,  731,  411,  615,  244,  580,  505,  796, 1067,  833,  459,  395,  686,  549,  645,  329,  723, 1004,  188,  232,  245,  581,  688,  391,  652,  280,  724,  804,  198,  685,  212, 1095,  969,  560,  187,  209,  125,  147,  347,  106,  290,  560,  782,  254,  324,  522, 1047,  181,  452,  312,  955,  304,  599,  163,  444,  304,   59,  647,  508,  240,  841,  637,  764,  981,  855,  878,  570,  325,  202,  241, 1062,  547,  430,  395,  675,  549,  245,  430,  166,  784,  927,  105,  381,  435,  711,  968,  271,  472,  399,  633,  567,  341,  547,  228,  268,  326,  359,  561,  532,  656,  851,  811,  809,  580,  153,  764,  775,  892,  854,  950,  339,  176,  622,  461,  837,  190,  351,  213, 1124,  301,  463,  332,  462,  112,  669,  468,   91,  934,  956,  292,  547,  808,  339,  962,  299,  291,  694,  855,  281,  982,  297,  666,  318,  936,  620,  434,  386],
        [  287,    0,  565,  936,  510,  647,  185,  850,  359,  771,  884,  708,  739,  486, 1064,  680,  341,  548,  416,  258,  599,  124,  179,  176,  193,  894,  636,  929,  383,    0,  733,  592,  419,  329,  489,  318,  673, 1070,  648,  330,  615,  761,  603,  764,  637,  806, 1000,  203,  157,  588,  698,  931,   24,  678,  616,  645,  676,  502,  388,  469, 1100, 1053,  512,  197,  219,  323,  497,  348,  317,  239,  594,  498,  363,   62,  580, 1047,  210,  436,  246, 1018,  386,  723,  532,  780,  542,  337,  379,  156,  238,  625,  337,  866,  913,  661,  877,  878,  248,  470,  469, 1116,  360,   96,  495,  845,  805,  604,  107,  382,  547,  884,  301,  679,  743,  623,  957,  118,  389,  695,  411,  222,  325,  885,  290,  525,  447,  632,  370,  444,  527,  640,  501,  915,  707,  272,  851,  750,  699,  720,  938,  525,  410,  909,  649,  595,  546,  179,  415, 1162,   97,  770,  203,  800,  487,  845,  631,  313,  773,  733,  317,  792,  547,  210,  875,  342,  125,  909,  926,  636, 1015,  637,  834,  612,  712,  806,  681,  434],
        [  502,    0,  532,  208,  519,  459,  663,  689,  497,  527,  205,  238,  256,  488,  333,  520,  593,  657,  409,  843,  159,  778,  640,  559,  607,  184,  627,  651,  731,  733,    0,  380,  397,  503,  258,  439,  243,  345,  370,  406,  433,  141,  186,  225,  588,  162,  277,  671,  679,  658,  231,  519,  713,   83,  644,  158,  253,  595,  574,  548,  375,  341,  222,  701,  802,  619,  669,  417,  642,  528,  172,  563,  483,  735,  212,  323,  744,  308,  510,  295,  433,  239,  712,  687,  487,  687,  515,  674,  565,  436,  577,  222,  268,  395,  150,  648,  503,  561,  511,  386,  414,  661,  339,  339,  501,  696,  647,  566,  464,  202,  657,  571,  602,  178,  239,  742,  344,  568,  435,  661,  436,  736,  537,  521,  407,  521,  413,  294,  270,  427,  635,  257,  246,  622,  189,   60,  407,  280,  220,  422,  560,  612,  370,  488,  680,  878,  522,  429,  758,  608,  539,  699,  722,  349,  333,  766,  366,  496,  471,  476,  518,  897,  271,  453,  641,  452,  219,  693,  283,  657,  330,  561,  488,  361,  470,  351],
        [  513,    0,  156,  499,  158,  705,  626,  356,  239,  213,  395,  179,  589,  642,  650,  159,  304,  812,  180,  584,  391,  576,  431,  468,  406,  434,  830,  378,  411,  592,  380,    0,  502,  267,  373,  447,  542,  683,  634,  380,   59,  292,  203,  237,  211,  323,  626,  438,  469,  281,  177,  341,  583,  298,  265,  445,  553,  234,  661,  201,  709,  561,  317,  465,  555,  333,  310,  264,  355,  356,  230,  712,  233,  563,  185,  665,  498,  256,  354,  552,  209,  191,  346,  329,  116,  387,  600,  621,  358,  675,  633,  356,  647,  661,  508,  345,  357,  213,  171,  658,  461,  566,  123,  270,  227,  318,  556,  261,  656,  580,  376,  202,  249,  445,  597,  541,  332,  204,  540,  646,  286,  404,  308,  154,  147,  145,  472,  352,  452,  676,  772,  399,  173,  364,  360,  435,  690,  599,  581,   76,  241,  347,   57,  702,  310,  674,  211,  724,  568,  265,  402,  345,  367,  266,   58,  475,  690,  774,  278,  209,  702,  679,  646,  254,  470,  317,  452,  314,  587,  278,  260,  182,  759,  221,  122,  193],
        [  135,    0,  588,  601,  541,  256,  289,  854,  406,  714,  593,  501,  325,  142,  701,  654,  483,  311,  369,  622,  239,  511,  420,  258,  392,  580,  335,  876,  615,  419,  397,  502,    0,  387,  155,  115,  260,  695,  234,  158,  555,  489,  367,  536,  670,  529,  625,  465,  445,  685,  490,  801,  396,  381,  692,  261,  262,  590,  181,  534,  724,  738,  215,  488,  575,  493,  638,  293,  509,  327,  341,  211,  396,  449,  361,  671,  529,  247,  304,  690,  363,  514,  686,  814,  540,  557,  120,  309,  378,  228,  180,  596,  510,  251,  515,  846,  291,  544,  506,  772,   70,  327,  382,  651,  719,  718,  314,  488,  172,  495,  512,  685,  742,  237,  581,  481,  176,  693,   42,  277,  288,  900,  390,  553,  398,  624,   56,  154,  132,  240,  273,  640,  506,  464,  569,  389,  289,  302,  562,  479,  503,  842,  538,  225,  674,  594,  475,  802,  483,  762,  295,  832,  667,  656,  500,  600,  355,  343,  335,  697,  207,  622,  465,  339,  382,  751,  616,  734,  664,  713,  639,  636,  323,  640,  623,  320],
        [  330,    0,  250,  683,  194,  638,  394,  541,   32,  445,  606,  404,  616,  521,  827,  357,  102,  664,  104,  346,  422,  313,  166,  233,  140,  628,  713,  607,  244,  329,  503,  267,  387,    0,  337,  286,  553,  846,  594,  229,  287,  484,  332,  464,  331,  526,  780,  181,  205,  314,  397,  603,  321,  429,  330,  481,  561,  216,  492,  166,  875,  778,  318,  210,  308,  121,  253,  104,  143,  102,  336,  575,   35,  297,  304,  825,  249,  210,  111,  754,   74,  420,  301,  480,  219,  191,  443,  382,   92,  608,  451,  578,  743,  617,  653,  559,  122,  173,  152,  859,  322,  316,  188,  529,  477,  342,  308,  102,  559,  692,  156,  365,  429,  468,  741,  277,  230,  379,  411,  422,  101,  581,   42,  210,  126,  311,  337,  290,  414,  617,  617,  626,  402,  120,  570,  541,  654,  611,  723,  197,  120,  585,  323,  612,  293,  413,  103,  916,  303,  455,  157,  500,  281,  527,  310,  263,  692,  722,   52,  464,  589,  422,  721,   56,  205,  583,  656,  365,  770,  352,  518,  301,  703,  485,  354,  153],
