{
    "name": "random-87-22580",
    "comment": "size=87 seed=22580",
    "nodes": ["+0", "-0", "+1", "-1", "+2", "-2", "+3", "-3", "+4", "-4", "+5", "-5", "+6", "-6", "+7", "-7", "+8", "-8", "+9", "-9", "+10", "-10", "+11", "-11", "+12", "-12", "+13", "-13", "+14", "-14", "+15", "-15", "+16", "-16", "+17", "-17", "+18", "-18", "+19", "-19", "+20", "-20", "+21", "-21", "+22", "-22", "+23", "-23", "+24", "-24", "+25", "-25", "+26", "-26", "+27", "-27", "+28", "-28", "+29", "-29", "+30", "-30", "+31", "-31", "+32", "-32", "+33", "-33", "+34", "-34", "+35", "-35", "+36", "-36", "+37", "-37", "+38", "-38", "+39", "-39", "+40", "-40", "+41", "-41", "+42", "-42", "+43", "-43", "+44", "-44", "+45", "-45", "+46", "-46", "+47", "-47", "+48", "-48", "+49", "-49", "+50", "-50", "+51", "-51", "+52", "-52", "+53", "-53", "+54", "-54", "+55", "-55", "+56", "-56", "+57", "-57", "+58", "-58", "+59", "-59", "+60", "-60", "+61", "-61", "+62", "-62", "+63", "-63", "+64", "-64", "+65", "-65", "+66", "-66", "+67", "-67", "+68", "-68", "+69", "-69", "+70", "-70", "+71", "-71", "+72", "-72", "+73", "-73", "+74", "-74", "+75", "-75", "+76", "-76", "+77", "-77", "+78", "-78", "+79", "-79", "+80", "-80", "+81", "-81", "+82", "-82", "+83", "-83", "+84", "-84", "+85", "-85", "+86", "-86", "+87", "-87"],
    "precedence": {
        "+0": "-0",
        "+1": "-1",
        "+2": "-2",
        "+3": "-3",
        "+4": "-4",
        "+5": "-5",
        "+6": "-6",
        "+7": "-7",
        "+8": "-8",
        "+9": "-9",
        "+10": "-10",
        "+11": "-11",
        "+12": "-12",
        "+13": "-13",
        "+14": "-14",
        "+15": "-15",
        "+16": "-16",
        "+17": "-17",
        "+18": "-18",
        "+19": "-19",
        "+20": "-20",
        "+21": "-21",
        "+22": "-22",
        "+23": "-23",
        "+24": "-24",
        "+25": "-25",
        "+26": "-26",
        "+27": "-27",
        "+28": "-28",
        "+29": "-29",
        "+30": "-30",
        "+31": "-31",
        "+32": "-32",
        "+33": "-33",
        "+34": "-34",
        "+35": "-35",
        "+36": "-36",
        "+37": "-37",
        "+38": "-38",
        "+39": "-39",
        "+40": "-40",
        "+41": "-41",
        "+42": "-42",
        "+43": "-43",
        "+44": "-44",
        "+45": "-45",
        "+46": "-46",
        "+47": "-47",
        "+48": "-48",
        "+49": "-49",
        "+50": "-50",
        "+51": "-51",
        "+52": "-52",
        "+53": "-53",
        "+54": "-54",
        "+55": "-55",
        "+56": "-56",
        "+57": "-57",
        "+58": "-58",
        "+59": "-59",
        "+60": "-60",
        "+61": "-61",
        "+62": "-62",
        "+63": "-63",
        "+64": "-64",
        "+65": "-65",
        "+66": "-66",
        "+67": "-67",
        "+68": "-68",
        "+69": "-69",
        "+70": "-70",
        "+71": "-71",
        "+72": "-72",
        "+73": "-73",
        "+74": "-74",
        "+75": "-75",
        "+76": "-76",
        "+77": "-77",
        "+78": "-78",
        "+79": "-79",
        "+80": "-80",
        "+81": "-81",
        "+82": "-82",
        "+83": "-83",
        "+84": "-84",
        "+85": "-85",
        "+86": "-86",
        "+87": "-87"
    },
    "edges": [
        [    0,    0,  600,  878,  807,  781,  653,  516,   71,  203,  172,  923,  714,  577,  174,  631,  784,  854,  524, 1129, 1132,  887,  509,  847,  934,  934,  540, 1155,  598,  545,  465,  377,  659,  816,  384,  527,  629, 1184,  674, 1213,  971,  191,  401, 1049, 1008,  544,  508,  804,  533,  776,  171,  525,  311,  345,  508,  568,  851,  822,  574,  301,  820,  254,  148,  233,  158,  205,  594,  923,  294,  464,  775,  602, 1184,  667, 1155,  544,  846,  688,  520,  971,  681,  470, 1073, 1103,  313,  710,  128,  995,   44,  823,  178,  287,  248,  415,  911, 1027,  906,  754,  168,  693,  118,  398,  458,  704,  758,  447, 1068,  398, 1119,  188,  366,  785,  292,  947,  717,  248,  632,  562,  702,  729,  453,  816,  743,  701,  685,   97,  712,  598,  508,  724,  432,  485,  697,  586,  840,  118,  818,  788, 1072,  247,  820,  626,  338,  759,  408,  673,  180,  923,  231,  288,  590,  644,  744,  921,  376,  891,  324,  677,  838,  528,  142,  462,  174,  733,  866,  908,  750,  831,  394,  954,  800,   75,  935,  887,   27,  586],
        [    0,    0,    0,    0,    0,    0,    0,    0,    0,    0,    0,    0,    0,    0,    0,    0,    0,    0,    0,    0,    0,    0,    0,    0,    0,    0,    0,    0,    0,    0,    0,    0,    0,    0,    0,    0,    0,    0,    0,    0,    0,    0,    0,    0,    0,    0,    0,    0,    0,    0,    0,    0,    0,    0,    0,    0,    0,    0,    0,    0,    0,    0,    0,    0,    0,    0,    0,    0,    0,    0,    0,    0,    0,    0,    0,    0,    0,    0,    0,    0,    0,    0,    0,    0,    0,    0,    0,    0,    0,    0,    0,    0,    0,    0,    0,    0,    0,    0,    0,    0,    0,    0,    0,    0,    0,    0,    0,    0,    0,    0,    0,    0,    0,    0,    0,    0,    0,    0,    0,    0,    0,    0,    0,    0,    0,    0,    0,    0,    0,    0,    0,    0,    0,    0,    0,    0,    0,    0,    0,    0,    0,    0,    0,    0,    0,    0,    0,    0,    0,    0,    0,    0,    0,    0,    0,    0,    0,    0,    0,    0,    0,    0,    0,    0,    0,    0,    0,    0,    0,    0,    0,    0,    0,    0,    0,    0],
        [  600,    0,    0,  996,  708,  362,  299,  387,  624,  627,  520,  767,  955,  807,  629,  909,  213,  770,  888,  953,  962,  617,  714,  690,  560,  542,  412,  930,  356,  862,  367,  509,  255,  455,  225,  463,   32, 1006,  242, 1010,  590,  444,  213,  904,  918,  309,  557,  707,  185,  686,  544,  627,  323,  510,  806,  881,  994,  581,  114,  659,  402,  608,  620,  730,  506,  400,  281,  682,  342,  698,  746,  149, 1002,  670,  968,  858,  976,  252,  338,  964,  305,  527,  813,  833,  287,  532,  570,  901,  608,  914,  548,  455,  354,  187,  784,  894,  915,  162,  570,  622,  502,  243,  562,  784,  959,  204,  856,  596,  955,  665,  237,  356,  392,  820,  387,  482,  978,  828,  260,  776,  200, 1078, 1092,  193,  325,  583,  423,   78,  491,  185,  214,  328,  787,  381,  925,  633, 1113, 1059,  942,  372,  231,  912,  442,  847,  192,  169,  624,  377,  662,  474,  816,  124,  509,  803,  430,  606,  776,  544,  307,  597,  546,  653,  705,  288, 1004,  929, 1011,  772,  533,  988,  639,  537,  770,  506,  576,  536],
        [  878,    0,  996,    0,  361,  783,  737,  609,  947,  677, 1009,  420,  218,  306, 1050,  297,  998,  323,  438,  498,  490,  582,  371,  428,  731,  759,  584,  580,  651,  380,  638,  559,  788,  707,  862,  535, 1000,  528,  814,  577,  750,  965,  972,  422,  330,  688,  454,  359,  811,  363,  719,  395,  788,  582,  390,  364,   42,  550,  885,  579,  783,  624, 1024,  694,  985,  910,  728,  541,  781,  414,  280,  860,  534,  327,  526,  378,   34,  814,  658,  203,  750,  494,  598,  622,  890,  509,  754,  335,  921,   83,  711,  665,  863,  897,  377,  397,  172, 1035,  714,  390,  930,  808,  474,  213,  154,  819,  526,  497,  477,  704,  879,  797,  720,  376,  687,  680,  383,  332,  819,  221,  820,  239,  387,  894,  732,  782,  641,  926,  512,  934,  817,  672,  212,  622,   77,  995,  301,  251,  410,  950, 1057,  308,  636,  149,  927,  891,  700, 1001,  654,  651,  293,  912,  564,  362,  620,  603,  613,  476,  944,  416,  748,  425,  749,  818,   32,  153,  234,  295,  532,  139,  447,  908,  432,  736,  887,  460],
        [  807,    0,  708,  361,    0,  435,  418,  357,  875,  639,  887,  123,  462,  406,  960,  485,  665,   63,  583,  323,  326,  225,  382,   76,  373,  399,  326,  359,  354,  518,  406,  430,  468,  351,  638,  304,  705,  378,  492,  408,  393,  821,  747,  243,  220,  409,  299,    4,  532,   31,  637,  301,  598,  463,  486,  519,  381,  190,  595,  564,  429,  578,  936,  708,  862,  756,  428,  198,  600,  419,   90,  561,  378,  157,  350,  514,  358,  488,  394,  261,  423,  337,  309,  340,  692,  177,  683,  204,  847,  284,  631,  528,  692,  662,  105,  222,  223,  711,  645,  115,  813,  580,  352,  225,  421,  571,  275,  426,  313,  685,  661,  449,  555,  141,  349,  562,  595,  451,  490,  185,  570,  553,  660,  569,  403,  715,  303,  632,  308,  607,  575,  422,  237,  332,  285,  918,  612,  551,  270,  781,  723,  497,  481,  250,  695,  574,  659,  647,  638,  523,  402,  603,  217,  116,  448,  246,  662,  168,  597,  286,  665,  387,  742,  482,  383,  241,  511,   71,  414,  298,   88,  808,  138,  376,  805,  228],
        [  781,    0,  362,  783,  435,    0,  129,  303,  831,  708,  773,  452,  821,  704,  876,  807,  240,  491,  844,  612,  623,  275,  627,  390,  199,  182,  298,  577,  208,  795,  338,  498,  131,  101,  437,  350,  344,  662,  129,  660,  230,  693,  509,  578,  613,  243,  453,  436,  269,  424,  652,  516,  475,  521,  744,  807,  796,  260,  277,  688,   43,  662,  859,  811,  752,  629,  188,  343,  490,  636,  505,  232,  657,  475,  623,  790,  773,  116,  275,  691,  101,  450,  457,  475,  518,  276,  696,  595,  807,  702,  652,  523,  561,  432,  480,  574,  658,  299,  675,  398,  724,  398,  492,  597,  801,  356,  510,  565,  618,  758,  464,   14,  494,  511,  104,  565,  903,  739,  105,  571,  351,  935, 1000,  174,  100,  721,  146,  292,  389,  200,  369,  306,  605,  235,  707,  858,  985,  924,  618,  626,  294,  815,  478,  648,  461,  194,  717,  222,  730,  533,  706,  239,  220,  501,  443,  259,  816,  314,  162,  481,  670,  585,  813,   75,  801,  676,  877,  506,  507,  732,  350,  743,  451,  144,  765,  374],
        [  653,    0,  299,  737,  418,  129,    0,  187,  703,  582,  650,  468,  743,  613,  751,  718,  263,  479,  740,  655,  665,  323,  530,  393,  301,  293,  190,  637,   98,  696,  213,  378,   52,  181,  319,  246,  291,  709,   77,  716,  336,  571,  403,  606,  622,  115,  354,  417,  156,  399,  524,  423,  348,  399,  642,  710,  743,  283,  192,  567,  168,  538,  733,  686,  629,  505,   59,  386,  362,  532,  469,  150,  706,  413,  671,  691,  722,   79,  151,  678,   30,  343,  523,  547,  399,  242,  567,  604,  679,  654,  524,  395,  436,  321,  488,  596,  634,  298,  547,  348,  598,  275,  385,  535,  732,  237,  560,  452,  657,  631,  347,  135,  365,  523,   92,  437,  808,  645,   87,  518,  232,  862,  911,  157,   35,  592,  124,  222,  285,  197,  249,  178,  541,  129,  662,  731,  907,  848,  644,  506,  323,  725,  352,  594,  353,  157,  590,  317,  605,  406,  618,  187,  211,  507,  319,  314,  696,  264,  237,  387,  541,  481,  686,  101,  751,  650,  800,  485,  391,  709,  344,  615,  472,  248,  637,  292],
        [  516,    0,  387,  609,  357,  303,  187,    0,  576,  411,  556,  450,  579,  439,  644,  543,  432,  418,  556,  658,  664,  375,  351,  368,  422,  426,   32,  665,   96,  514,   54,  195,  224,  309,  281,   76,  394,  714,  250,  733,  459,  483,  390,  589,  577,   87,  179,  355,  203,  330,  366,  250,  250,  219,  460,  530,  607,  312,  278,  385,  334,  361,  622,  511,  531,  415,  145,  418,  256,  349,  374,  260,  712,  287,  679,  509,  589,  258,   51,  596,  214,  159,  569,  598,  338,  209,  412,  561,  550,  529,  364,  235,  347,  307,  453,  572,  542,  450,  385,  252,  490,  223,  201,  397,  577,  218,  579,  266,  653,  461,  304,  312,  229,  491,  215,  277,  628,  467,  269,  391,  218,  700,  735,  321,  207,  441,  200,  320,  108,  360,  220,   66,  400,   74,  540,  612,  741,  683,  621,  433,  489,  549,  185,  461,  339,  308,  422,  503,  430,  241,  445,  316,  231,  469,  147,  377,  513,  193,  422,  216,  388,  298,  518,  287,  617,  554,  635,  410,  205,  612,  315,  495,  459,  380,  506,  152],
        [   71,    0,  624,  947,  875,  831,  703,  576,    0,  271,  141,  991,  781,  645,  108,  697,  817,  923,  585, 1197, 1200,  949,  579,  913,  990,  989,  602, 1221,  654,  609,  524,  445,  707,  871,  419,  591,  654, 1252,  719, 1280, 1027,  189,  417, 1117, 1077,  598,  577,  872,  576,  844,  240,  595,  357,  413,  574,  632,  920,  885,  610,  369,  871,  324,   83,  289,  137,  225,  645,  987,  342,  534,  844,  641, 1252,  736, 1223,  608,  915,  733,  577, 1041,  731,  538, 1137, 1167,  341,  774,  198, 1064,   28,  893,  247,  352,  281,  445,  979, 1095,  977,  782,  238,  761,  122,  439,  527,  774,  825,  487, 1135,  468, 1187,  251,  397,  834,  349, 1015,  772,  314,  692,  629,  747,  799,  493,  880,  802,  740,  737,  167,  770,  630,  574,  761,  472,  541,  768,  645,  910,   49,  880,  851, 1141,  256,  850,  691,  402,  829,  433,  711,  248,  962,  297,  354,  658,  680,  806,  989,  440,  952,  382,  742,  877,  597,  211,  532,  228,  780,  934,  979,  815,  900,  463, 1024,  865,   91, 1003,  942,   72,  653],
        [  203,    0,  627,  677,  639,  708,  582,  411,  271,    0,  355,  760,  513,  375,  377,  431,  772,  680,  334,  961,  962,  755,  310,  689,  829,  835,  426,  996,  504,  347,  371,  228,  604,  718,  405,  394,  651, 1014,  625, 1047,  865,  337,  470,  877,  827,  467,  344,  636,  503,  610,   88,  344,  304,  197,  307,  370,  650,  689,  565,   98,  742,   62,  350,  107,  334,  308,  527,  780,  285,  264,  595,  579, 1015,  490,  988,  345,  644,  636,  433,  779,  611,  313,  926,  957,  366,  573,   90,  816,  247,  625,   81,  190,  304,  445,  743,  853,  715,  760,   63,  530,  279,  388,  289,  511,  555,  434,  910,  215,  949,   51,  399,  715,  240,  776,  625,  151,  442,  360,  650,  539,  440,  617,  558,  672,  609,  111,  608,  599,  365,  704,  421,  404,  503,  484,  641,  320,  624,  590,  897,  358,  819,  427,  230,  562,  454,  649,   24,  886,   39,  177,  388,  632,  619,  750,  266,  763,  158,  533,  800,  354,  100,  269,  109,  677,  664,  715,  551,  654,  234,  758,  647,  247,  774,  789,  215,  434],
        [  172,    0,  520, 1009,  887,  773,  650,  556,  141,  355,    0,  995,  863,  718,  110,  784,  724,  940,  686, 1204, 1209,  928,  640,  915,  948,  943,  585, 1218,  619,  701,  502,  469,  644,  827,  339,  588,  551, 1260,  652, 1283,  984,   81,  308, 1129, 1099,  557,  599,  884,  507,  857,  292,  633,  310,  440,  659,  724,  987,  867,  526,  448,  815,  393,  102,  402,   26,  146,  594,  974,  301,  598,  870,  563, 1259,  763, 1228,  699,  979,  666,  544, 1080,  676,  557, 1124, 1153,  257,  763,  266, 1085,  143,  948,  301,  363,  215,  355,  990, 1109, 1017,  681,  303,  772,   80,  376,  557,  820,  901,  418, 1132,  514, 1197,  352,  313,  774,  334, 1027,  729,  336,  794,  710,  680,  839,  424,  971,  908,  659,  685,  245,  735,  539,  580,  674,  404,  507,  816,  616,  964,  125,  978,  943, 1157,  152,  750,  780,  407,  880,  335,  630,  334,  877,  389,  371,  731,  593,  785, 1002,  440,  928,  491,  739,  796,  627,  266,  585,  345,  714, 1001, 1021,  904,  922,  492, 1071,  864,  109, 1006,  897,  148,  660],
        [  923,    0,  767,  420,  123,  452,  468,  450,  991,  760,  995,    0,  559,  522, 1073,  593,  690,  108,  699,  209,  214,  189,  503,   82,  334,  364,  419,  237,  425,  633,  502,  547,  515,  354,  726,  408,  759,  265,  535,  290,  344,  927,  832,  141,  163,  487,  418,  126,  602,  152,  754,  423,  698,  580,  605,  632,  449,  193,  657,  687,  434,  699, 1049,  831,  970,  860,  492,  130,  702,  542,  196,  618,  264,  279,  233,  629,  426,  528,  479,  262,  466,  454,  194,  224,  788,  246,  801,  145,  963,  356,  749,  641,  794,  746,   43,  128,  254,  745,  764,  232,  923,  670,  472,  333,  510,  654,  152,  548,  203,  806,  752,  464,  662,   61,  385,  677,  703,  566,  527,  291,  652,  637,  757,  608,  446,  833,  345,  689,  418,  642,  660,  511,  345,  410,  351, 1032,  698,  639,  177,  882,  745,  605,  592,  341,  780,  617,  780,  643,  760,  638,  516,  653,  258,   61,  557,  209,  785,  259,  608,  407,  783,  510,  864,  511,  448,  275,  604,  143,  532,  319,  136,  920,   16,  356,  920,  339],
        [  714,    0,  955,  218,  462,  821,  743,  579,  781,  513,  863,  559,    0,  154,  887,   88, 1004,  451,  227,  686,  680,  682,  248,  537,  821,  844,  562,  759,  648,  177,  590,  462,  791,  766,  784,  505,  967,  723,  818,  770,  847,  832,  886,  602,  516,  665,  401,  459,  776,  450,  573,  330,  694,  474,  207,  158,  178,  633,  852,  416,  832,  471,  861,  507,  841,  786,  717,  659,  683,  278,  373,  838,  728,  352,  714,  177,  187,  821,  628,  404,  763,  429,  751,  779,  792,  555,  599,  516,  757,  224,  564,  554,  751,  823,  520,  576,  355, 1027,  561,  434,  785,  736,  394,  240,   65,  759,  692,  381,  666,  530,  794,  834,  618,  532,  718,  556,  166,  154,  830,  278,  763,  123,  199,  894,  748,  623,  676,  894,  471,  934,  754,  630,  229,  616,  237,  829,  165,  105,  599,  831, 1063,   97,  540,  218,  848,  884,  535, 1042,  484,  537,  144,  894,  618,  511,  537,  701,  419,  510,  973,  363,  598,  312,  566,  838,  191,  341,   57,  417,  434,  350,  535,  757,  574,  812,  728,  452],
        [  577,    0,  807,  306,  406,  704,  613,  439,  645,  375,  718,  522,  154,    0,  751,  105,  869,  417,  178,  686,  683,  607,   95,  479,  733,  752,  426,  745,  516,  112,  444,  309,  658,  661,  630,  369,  820,  731,  685,  773,  762,  683,  732,  599,  526,  526,  262,  404,  631,  386,  427,  191,  540,  320,   92,  114,  276,  549,  707,  277,  720,  327,  724,  390,  695,  635,  582,  598,  529,  125,  326,  696,  735,  263,  715,  108,  273,  690,  488,  442,  636,  283,  714,  744,  638,  454,  456,  520,  621,  266,  418,  401,  598,  671,  489,  572,  381,  888,  417,  344,  640,  584,  246,  194,  184,  609,  669,  227,  668,  400,  640,  715,  464,  511,  600,  404,  202,   45,  699,  235,  612,  275,  298,  759,  623,  483,  562,  749,  332,  799,  603,  485,  183,  485,  283,  694,  306,  253,  606,  679,  927,  112,  386,  218,  695,  747,  398,  922,  350,  383,   14,  753,  517,  486,  384,  623,  312,  406,  848,  227,  453,  159,  444,  711,  290,  375,  206,  383,  281,  405,  462,  614,  537,  715,  588,  330],
        [  174,    0,  629, 1050,  960,  876,  751,  644,  108,  377,  110, 1073,  887,  751,    0,  804,  833, 1011,  692, 1281, 1285, 1018,  681,  994, 1046, 1042,  672, 1301,  713,  717,  590,  534,  748,  925,  446,  668,  660, 1337,  757, 1362, 1083,  188,  417, 1203, 1168,  654,  666,  958,  612,  930,  336,  690,  406,  502,  681,  739, 1025,  955,  633,  474,  917,  427,   27,  396,  126,  248,  694, 1060,  394,  637,  936,  670, 1336,  828, 1306,  716, 1018,  771,  637, 1138,  778,  625, 1211, 1240,  363,  848,  298, 1154,  131,  994,  344,  433,  316,  463, 1065, 1182, 1074,  790,  338,  846,  155,  478,  619,  873,  931,  523, 1214,  565, 1272,  359,  420,  877,  417, 1101,  827,  400,  800,  736,  785,  896,  528,  987,  909,  767,  785,  269,  830,  647,  655,  782,  508,  600,  867,  708, 1011,   62,  987,  959, 1229,  261,  859,  799,  481,  929,  444,  738,  354,  986,  404,  438,  764,  701,  874, 1076,  517, 1019,  489,  820,  904,  689,  307,  632,  335,  818, 1039, 1077,  923,  990,  554, 1123,  945,  153, 1085,  996,  165,  735],
        [  631,    0,  909,  297,  485,  807,  718,  543,  697,  431,  784,  593,   88,  105,  804,    0,  974,  486,  142,  739,  734,  696,  196,  560,  828,  848,  531,  806,  621,   90,  547,  405,  763,  761,  726,  474,  922,  779,  790,  825,  856,  756,  824,  653,  572,  630,  366,  483,  734,  469,  496,  296,  632,  413,  126,   70,  259,  641,  810,  336,  822,  393,  778,  421,  762,  713,  686,  681,  619,  215,  399,  800,  784,  354,  767,   90,  265,  795,  592,  470,  740,  387,  786,  816,  727,  552,  518,  569,  674,  286,  487,  489,  682,  767,  557,  626,  414,  992,  482,  437,  706,  682,  348,  262,  146,  709,  734,  319,  719,  446,  734,  819,  555,  574,  703,  487,  110,   83,  804,  303,  712,  189,  194,  863,  727,  542,  664,  852,  436,  903,  702,  589,  250,  589,  302,  745,  208,  163,  654,  759, 1032,   13,  481,  262,  789,  851,  453, 1026,  400,  471,  101,  857,  615,  551,  482,  713,  331,  505,  952,  332,  520,  257,  480,  815,  273,  404,  121,  451,  378,  421,  550,  676,  608,  813,  646,  433],
        [  784,    0,  213,  998,  665,  240,  263,  432,  817,  772,  724,  690, 1004,  869,  833,  974,    0,  723,  983,  849,  860,  514,  782,  626,  415,  389,  444,  808,  357,  944,  438,  605,  214,  340,  400,  501,  183,  898,  187,  892,  436,  646,  420,  817,  851,  346,  608,  664,  270,  650,  697,  679,  482,  617,  890,  961, 1005,  498,  212,  782,  265,  741,  822,  879,  708,  595,  288,  582,  501,  778,  725,  194,  892,  676,  858,  940,  984,  185,  385,  924,  248,  590,  687,  702,  477,  493,  733,  833,  798,  915,  700,  586,  538,  374,  718,  813,  886,   71,  724,  608,  698,  393,  632,  798,  994,  344,  746,  688,  856,  817,  421,  228,  534,  749,  316,  622, 1059,  899,  179,  779,  338, 1123, 1166,  112,  266,  750,  362,  188,  538,   72,  358,  396,  804,  389,  922,  832, 1168, 1108,  857,  573,   60,  980,  556,  856,  389,  128,  774,  166,  803,  602,  875,  142,  448,  738,  532,  497,  908,  523,  111,  644,  707,  728,  864,  183, 1012,  903, 1061,  734,  624,  961,  582,  728,  690,  366,  762,  554],
        [  854,    0,  770,  323,   63,  491,  479,  418,  923,  680,  940,  108,  451,  417, 1011,  486,  723,    0,  594,  282,  283,  261,  406,  108,  411,  439,  386,  331,  416,  528,  465,  479,  529,  403,  698,  361,  767,  334,  552,  369,  427,  877,  807,  197,  161,  472,  347,   64,  594,   89,  684,  338,  656,  511,  502,  526,  349,  237,  657,  600,  482,  619,  986,  743,  915,  811,  490,  219,  657,  447,   92,  623,  336,  191,  310,  524,  325,  548,  455,  201,  483,  386,  301,  331,  751,  239,  729,  146,  895,  253,  677,  580,  749,  723,   72,  174,  171,  771,  690,  170,  866,  641,  397,  226,  403,  633,  252,  466,  269,  724,  721,  504,  610,   98,  407,  612,  595,  461,  549,  184,  632,  532,  650,  630,  464,  761,  363,  694,  362,  667,  636,  483,  238,  394,  251,  967,  593,  533,  219,  838,  780,  498,  534,  234,  756,  635,  701,  698,  676,  574,  411,  665,  276,   72,  502,  282,  691,  230,  652,  328,  713,  420,  781,  540,  349,  190,  497,   36,  460,  244,  142,  858,  123,  421,  853,  283],
        [  524,    0,  888,  438,  583,  844,  740,  556,  585,  334,  686,  699,  227,  178,  692,  142,  983,  594,    0,  861,  857,  776,  222,  655,  896,  913,  551,  922,  644,   67,  546,  383,  780,  814,  686,  497,  906,  905,  806,  948,  927,  670,  774,  774,  698,  640,  392,  580,  726,  562,  412,  333,  586,  379,  103,   75,  400,  716,  800,  252,  866,  312,  667,  299,  666,  636,  700,  772,  570,  209,  504,  798,  909,  435,  890,   71,  405,  813,  600,  604,  766,  398,  891,  921,  671,  614,  424,  693,  564,  422,  403,  441,  618,  728,  666,  747,  546,  991,  393,  513,  612,  650,  356,  371,  288,  685,  846,  297,  843,  337,  689,  855,  508,  688,  743,  427,  109,  134,  824,  412,  689,  301,  224,  873,  756,  442,  709,  841,  457,  912,  675,  588,  359,  614,  438,  632,  295,  272,  779,  685, 1039,  131,  447,  387,  746,  857,  354, 1056,  298,  422,  185,  855,  676,  663,  460,  792,  206,  566,  977,  367,  431,  260,  360,  841,  414,  537,  244,  560,  361,  559,  634,  578,  714,  873,  542,  478],
        [ 1129,    0,  953,  498,  323,  612,  655,  658, 1197,  961, 1204,  209,  686,  686, 1281,  739,  849,  282,  861,    0,   14,  339,  686,  290,  447,  477,  626,   91,  625,  794,  710,  753,  698,  512,  931,  617,  942,   57,  714,   88,  440, 1136, 1035,   88,  171,  688,  622,  326,  799,  354,  960,  619,  906,  785,  775,  789,  537,  374,  847,  882,  585,  900, 1257, 1025, 1179, 1068,  686,  272,  911,  728,  372,  805,   56,  472,   29,  791,  517,  705,  684,  297,  648,  660,  180,  184,  994,  451, 1006,  171, 1170,  463,  954,  849, 1002,  949,  219,  114,  334,  910,  968,  437, 1132,  875,  675,  493,  627,  856,  105,  747,   23, 1005,  956,  623,  871,  185,  566,  884,  844,  728,  701,  452,  854,  736,  877,  780,  629, 1038,  532,  876,  627,  810,  863,  717,  504,  613,  452, 1240,  798,  745,   89, 1090,  899,  751,  801,  478,  982,  795,  981,  770,  957,  845,  677,  834,  452,  212,  766,  354,  971,  467,  754,  607,  988,  702, 1062,  680,  530,  350,  720,  312,  736,  364,  343, 1128,  199,  488, 1127,  546],
        [ 1132,    0,  962,  490,  326,  623,  665,  664, 1200,  962, 1209,  214,  680,  683, 1285,  734,  860,  283,  857,   14,    0,  350,  685,  296,  460,  490,  632,  103,  633,  791,  716,  755,  708,  523,  938,  621,  952,   52,  724,   91,  453, 1141, 1042,   86,  164,  696,  625,  329,  807,  356,  962,  620,  912,  788,  772,  785,  529,  383,  856,  883,  596,  901, 1261, 1025, 1184, 1074,  695,  282,  916,  727,  371,  815,   54,  473,   36,  787,  510,  715,  691,  289,  658,  663,  194,  198, 1001,  457, 1008,  166, 1173,  457,  956,  853, 1008,  956,  221,  112,  327,  922,  971,  440, 1136,  882,  677,  490,  621,  864,  117,  748,   15, 1006,  963,  634,  876,  186,  576,  887,  839,  725,  712,  450,  862,  728,  870,  791,  638, 1040,  541,  886,  631,  821,  870,  724,  501,  621,  445, 1243,  790,  738,   82, 1096,  911,  746,  804,  473,  990,  805,  983,  782,  958,  848,  674,  844,  460,  213,  770,  365,  971,  473,  766,  609,  991,  702, 1063,  691,  522,  343,  713,  311,  739,  355,  349, 1132,  205,  500, 1130,  550],
        [  887,    0,  617,  582,  225,  275,  323,  375,  949,  755,  928,  189,  682,  607, 1018,  696,  514,  261,  776,  339,  350,    0,  560,  154,  151,  179,  348,  314,  314,  714,  428,  528,  363,  175,  622,  364,  605,  391,  377,  394,  169,  853,  718,  304,  349,  378,  422,  227,  474,  233,  728,  457,  619,  560,  675,  720,  605,   67,  514,  701,  251,  697,  997,  842,  904,  785,  362,   69,  628,  588,  314,  471,  386,  344,  352,  710,  581,  368,  385,  447,  313,  445,  202,  228,  694,  183,  776,  332,  922,  508,  724,  601,  716,  633,  225,  302,  429,  573,  744,  264,  864,  570,  476,  443,  644,  542,  239,  559,  344,  805,  649,  287,  603,  249,  232,  642,  804,  649,  363,  405,  540,  777,  878,  442,  294,  806,  205,  541,  391,  472,  552,  422,  454,  313,  508,  986,  835,  774,  345,  798,  566,  707,  550,  474,  666,  457,  771,  455,  764,  603,  604,  497,  144,  246,  512,   22,  816,  226,  424,  428,  753,  544,  864,  342,  606,  449,  733,  288,  523,  500,  147,  870,  184,  168,  879,  326],
        [  509,    0,  714,  371,  382,  627,  530,  351,  579,  310,  640,  503,  248,   95,  681,  196,  782,  406,  222,  686,  685,  560,    0,  448,  675,  692,  341,  736,  433,  168,  352,  215,  572,  593,  536,  284,  727,  735,  599,  773,  707,  599,  639,  599,  536,  437,  177,  379,  538,  357,  349,  112,  447,  228,  119,  181,  348,  498,  615,  216,  647,  255,  655,  348,  616,  548,  494,  561,  436,   47,  315,  605,  738,  227,  714,  163,  339,  605,  398,  474,  553,  193,  689,  720,  545,  393,  384,  528,  553,  315,  341,  309,  508,  576,  476,  573,  409,  797,  344,  298,  561,  490,  153,  206,  270,  514,  654,  135,  670,  344,  546,  638,  371,  504,  525,  316,  279,  117,  615,  240,  518,  370,  385,  671,  542,  413,  489,  656,  245,  710,  508,  394,  197,  401,  332,  627,  401,  348,  612,  591,  839,  200,  292,  253,  600,  658,  333,  842,  293,  293,  105,  662,  455,  477,  289,  574,  286,  345,  766,  147,  377,   64,  395,  629,  361,  408,  301,  375,  187,  448,  422,  538,  518,  652,  517,  257],
        [  847,    0,  690,  428,   76,  390,  393,  368,  913,  689,  915,   82,  537,  479,  994,  560,  626,  108,  655,  290,  296,  154,  448,    0,  304,  332,  337,  309,  345,  590,  420,  471,  442,  298,  644,  327,  684,  346,  463,  369,  322,  846,  751,  222,  230,  406,  346,   79,  523,   94,  679,  359,  617,  504,  556,  592,  452,  132,  579,  620,  378,  629,  970,  764,  890,  779,  413,  122,  621,  483,  165,  541,  345,  222,  313,  586,  428,  457,  397,  303,  394,  379,  242,  274,  706,  165,  726,  212,  886,  355,  674,  563,  713,  665,   95,  208,  278,  677,  690,  160,  844,  588,  400,  301,  495,  572,  222,  479,  285,  736,  670,  403,  582,  130,  314,  599,  669,  523,  457,  261,  571,  628,  735,  538,  374,  758,  272,  613,  340,  573,  578,  429,  312,  329,  354,  954,  687,  626,  257,  800,  682,  571,  514,  324,  698,  546,  708,  593,  691,  560,  475,  579,  184,  115,  478,  175,  724,  178,  550,  339,  707,  447,  795,  444,  453,  298,  587,  134,  458,  351,   54,  842,   92,  313,  842,  261],
        [  934,    0,  560,  731,  373,  199,  301,  422,  990,  829,  948,  334,  821,  733, 1046,  828,  415,  411,  896,  447,  460,  151,  675,  304,    0,   31,  403,  397,  337,  837,  470,  603,  322,  122,  619,  437,  541,  492,  325,  481,   38,  869,  700,  433,  491,  393,  518,  374,  455,  376,  787,  566,  640,  632,  793,  845,  753,  189,  473,  788,  160,  775, 1027,  924,  925,  803,  355,  205,  653,  697,  460,  428,  486,  474,  453,  833,  730,  313,  414,  595,  279,  532,  276,  289,  699,  282,  834,  474,  965,  656,  785,  656,  733,  620,  373,  436,  579,  481,  806,  391,  892,  574,  569,  582,  787,  537,  343,  651,  458,  879,  647,  205,  643,  393,  220,  699,  933,  774,  303,  547,  533,  921, 1014,  370,  266,  862,  223,  490,  472,  390,  549,  450,  593,  350,  656, 1022,  978,  916,  473,  806,  460,  838,  607,  619,  651,  392,  842,  323,  843,  662,  732,  436,  222,  393,  569,  129,  911,  331,  312,  534,  809,  649,  937,  273,  755,  599,  874,  437,  604,  649,  289,  905,  328,   55,  921,  424],
        [  934,    0,  542,  759,  399,  182,  293,  426,  989,  835,  943,  364,  844,  752, 1042,  848,  389,  439,  913,  477,  490,  179,  692,  332,   31,    0,  409,  425,  338,  855,  472,  611,  309,  119,  611,  447,  522,  521,  311,  509,   49,  863,  689,  464,  521,  391,  532,  401,  445,  401,  791,  582,  637,  639,  810,  863,  780,  213,  459,  798,  141,  782, 1024,  932,  920,  798,  349,  236,  650,  712,  485,  413,  515,  495,  482,  851,  756,  298,  415,  625,  269,  543,  305,  316,  691,  299,  837,  505,  964,  683,  789,  659,  728,  610,  403,  467,  608,  457,  811,  412,  889,  568,  581,  606,  811,  529,  373,  662,  488,  885,  639,  187,  643,  423,  218,  702,  953,  793,  287,  571,  524,  945, 1036,  350,  259,  865,  227,  473,  482,  369,  542,  450,  616,  353,  683, 1020, 1002,  940,  504,  799,  433,  858,  611,  644,  640,  374,  847,  293,  851,  666,  752,  419,  237,  423,  573,  158,  922,  348,  285,  549,  812,  664,  943,  255,  782,  628,  897,  464,  614,  678,  315,  903,  358,   47,  921,  438],
        [  540,    0,  412,  584,  326,  298,  190,   32,  602,  426,  585,  419,  562,  426,  672,  531,  444,  386,  551,  626,  632,  348,  341,  337,  403,  409,    0,  634,   94,  506,   84,  204,  233,  294,  312,   58,  417,  682,  259,  702,  440,  513,  422,  557,  546,  106,  165,  324,  228,  298,  386,  235,  281,  231,  453,  521,  583,  284,  301,  393,  326,  374,  649,  524,  560,  445,  156,  390,  287,  343,  344,  280,  681,  259,  648,  502,  564,  265,   75,  566,  215,  154,  540,  569,  370,  179,  433,  529,  575,  503,  383,  256,  377,  338,  421,  540,  512,  466,  404,  221,  518,  255,  196,  373,  557,  248,  549,  267,  621,  476,  336,  308,  256,  459,  204,  298,  619,  457,  275,  365,  249,  683,  723,  333,  205,  463,  183,  343,   96,  373,  251,   97,  377,   64,  513,  638,  725,  666,  590,  464,  502,  537,  205,  436,  371,  323,  439,  505,  443,  260,  432,  335,  205,  437,  167,  351,  520,  161,  427,  201,  409,  292,  534,  290,  592,  525,  619,  379,  210,  582,  284,  522,  428,  364,  531,  125],
        [ 1155,    0,  930,  580,  359,  577,  637,  665, 1221,  996, 1218,  237,  759,  745, 1301,  806,  808,  331,  922,   91,  103,  314,  736,  309,  397,  425,  634,    0,  620,  855,  718,  780,  675,  478,  929,  633,  916,  106,  689,   85,  384, 1147, 1029,  159,  250,  684,  653,  362,  787,  388,  987,  659,  914,  813,  832,  852,  617,  362,  828,  923,  546,  935, 1277, 1067, 1193, 1079,  674,  253,  920,  776,  423,  785,   98,  514,   74,  852,  596,  678,  685,  381,  626,  688,  122,  112,  997,  456, 1035,  246, 1194,  538,  982,  871, 1011,  943,  260,  184,  411,  873,  998,  467, 1149,  874,  707,  552,  702,  851,   87,  784,  113, 1042,  955,  587,  886,  235,  546,  908,  913,  789,  673,  511,  849,  815,  952,  749,  607, 1066,  517,  854,  648,  776,  860,  720,  564,  613,  528, 1262,  878,  823,  174, 1097,  855,  818,  821,  545,  976,  766, 1015,  716,  996,  868,  738,  808,  444,  260,  784,  324, 1019,  481,  708,  643, 1015,  745, 1100,  648,  611,  429,  795,  364,  767,  448,  357, 1149,  223,  443, 1151,  570],
        [  598,    0,  356,  651,  354,  208,   98,   96,  654,  504,  619,  425,  648,  516,  713,  621,  357,  416,  644,  625,  633,  314,  433,  345,  337,  338,   94,  620,    0,  599,  136,  290,  144,  219,  310,  149,  355,  680,  171,  694,  374,  542,  411,  565,  568,   65,  257,  352,  180,  331,  455,  325,  309,  314,  546,  613,  655,  258,  243,  480,  239,  456,  693,  606,  595,  475,   77,  367,  320,  436,  392,  212,  678,  325,  644,  594,  635,  175,   78,  609,  122,  247,  515,  541,  381,  181,  500,  551,  628,  569,  453,  324,  405,  325,  437,  552,  560,  386,  476,  268,  559,  256,  289,  445,  638,  232,  537,  359,  623,  555,  337,  217,  306,  474,  122,  366,  711,  548,  184,  431,  230,  767,  814,  248,  113,  528,  117,  281,  188,  288,  240,  114,  450,   32,  578,  687,  811,  752,  601,  485,  416,  628,  276,  505,  358,  242,  515,  412,  525,  332,  521,  261,  176,  455,  240,  311,  608,  189,  334,  290,  475,  385,  611,  197,  663,  575,  704,  416,  300,  634,  291,  569,  431,  291,  585,  198],
        [  545,    0,  862,  380,  518,  795,  696,  514,  609,  347,  701,  633,  177,  112,  717,   90,  944,  528,   67,  794,  791,  714,  168,  590,  837,  855,  506,  855,  599,    0,  509,  353,  737,  759,  667,  450,  878,  838,  764,  881,  868,  677,  761,  707,  631,  599,  343,  515,  693,  497,  416,  279,  570,  355,   56,   24,  343,  655,  768,  255,  814,  313,  691,  331,  680,  638,  658,  708,  556,  167,  438,  763,  842,  372,  823,    5,  346,  770,  560,  539,  720,  355,  825,  855,  661,  556,  436,  626,  587,  358,  407,  425,  612,  709,  599,  680,  480,  956,  401,  451,  625,  627,  313,  304,  233,  659,  779,  266,  776,  359,  673,  806,  492,  622,  692,  417,  117,   68,  781,  345,  663,  271,  232,  834,  709,  457,  656,  810,  411,  873,  650,  551,  292,  568,  374,  657,  279,  243,  713,  685, 1001,   83,  424,  320,  729,  819,  368, 1009,  314,  407,  118,  820,  619,  596,  432,  730,  242,  508,  932,  315,  439,  217,  391,  795,  358,  472,  206,  493,  329,  496,  571,  593,  648,  817,  560,  424],
        [  465,    0,  367,  638,  406,  338,  213,   54,  524,  371,  502,  502,  590,  444,  590,  547,  438,  465,  546,  710,  716,  428,  352,  420,  470,  472,   84,  718,  136,  509,    0,  169,  242,  354,  235,  108,  378,  766,  266,  786,  507,  429,  346,  640,  625,  100,  191,  404,  187,  377,  319,  261,  197,  187,  454,  526,  633,  366,  264,  355,  372,  325,  569,  474,  477,  361,  162,  472,  203,  343,  415,  255,  765,  322,  732,  505,  616,  276,   63,  638,  242,  161,  623,  651,  287,  263,  365,  609,  498,  559,  318,  188,  294,  265,  503,  623,  582,  448,  340,  297,  436,  178,  199,  425,  593,  181,  633,  250,  705,  421,  257,  345,  176,  541,  257,  231,  625,  468,  288,  424,  183,  712,  735,  329,  239,  393,  248,  306,  127,  367,  180,   43,  427,  121,  571,  559,  749,  693,  672,  381,  494,  552,  142,  490,  296,  312,  381,  526,  393,  197,  451,  312,  284,  518,  106,  430,  484,  244,  442,  231,  340,  294,  477,  311,  643,  593,  645,  456,  186,  650,  368,  442,  511,  426,  454,  190],
        [  377,    0,  509,  559,  430,  498,  378,  195,  445,  228,  469,  547,  462,  309,  534,  405,  605,  479,  383,  753,  755,  528,  215,  471,  603,  611,  204,  780,  290,  353,  169,    0,  410,  497,  322,  167,  525,  807,  435,  836,  639,  414,  425,  672,  635,  268,  133,  427,  344,  400,  208,  167,  234,   34,  298,  373,  544,  462,  418,  191,  528,  172,  508,  321,  444,  354,  330,  556,  225,  191,  403,  417,  808,  295,  778,  349,  531,  444,  229,  612,  406,   93,  703,  734,  334,  346,  255,  621,  418,  489,  203,  109,  304,  362,  535,  650,  549,  609,  219,  316,  392,  277,   89,  357,  480,  306,  693,   88,  743,  278,  333,  506,  162,  570,  407,  135,  470,  323,  456,  372,  310,  584,  584,  496,  401,  287,  386,  458,  138,  533,  298,  210,  354,  266,  504,  489,  612,  562,  697,  392,  659,  407,   79,  420,  386,  478,  244,  693,  241,   98,  319,  474,  392,  544,   79,  536,  319,  307,  611,  158,  236,  151,  337,  478,  556,  554,  515,  457,   29,  606,  426,  381,  559,  566,  375,  211],
        [  659,    0,  255,  788,  468,  131,   52,  224,  707,  604,  644,  515,  791,  658,  748,  763,  214,  529,  780,  698,  708,  363,  572,  442,  322,  309,  233,  675,  144,  737,  242,  410,    0,  206,  306,  290,  245,  751,   28,  756,  355,  564,  380,  651,  671,  143,  397,  468,  138,  450,  540,  467,  350,  428,  683,  752,  794,  327,  155,  596,  173,  563,  731,  709,  623,  500,   81,  427,  367,  573,  520,  110,  747,  464,  713,  733,  773,   34,  182,  728,   50,  383,  560,  581,  388,  292,  582,  653,  683,  705,  541,  415,  433,  302,  536,  642,  685,  247,  564,  400,  597,  270,  425,  585,  781,  226,  601,  488,  700,  652,  334,  131,  378,  571,  132,  456,  850,  689,   47,  568,  221,  910,  955,  106,   70,  606,  171,  179,  328,  146,  240,  203,  591,  175,  713,  732,  954,  895,  690,  496,  273,  769,  376,  644,  332,  106,  610,  284,  630,  428,  663,  138,  259,  556,  345,  352,  725,  315,  201,  432,  556,  522,  705,   75,  801,  701,  847,  536,  425,  760,  393,  617,  518,  267,  642,  341],
        [  816,    0,  455,  707,  351,  101,  181,  309,  871,  718,  827,  354,  766,  661,  925,  761,  340,  403,  814,  512,  523,  175,  593,  298,  122,  119,  294,  478,  219,  759,  354,  497,  206,    0,  499,  334,  439,  562,  215,  561,  158,  748,  582,  478,  517,  273,  426,  352,  336,  345,  672,  482,  520,  524,  712,  769,  723,  167,  360,  685,   81,  667,  906,  817,  804,  682,  234,  243,  533,  609,  428,  315,  557,  415,  523,  755,  700,  203,  296,  601,  160,  433,  359,  379,  578,  211,  719,  499,  845,  627,  671,  541,  612,  501,  385,  475,  572,  399,  693,  333,  771,  453,  473,  533,  740,  417,  410,  552,  517,  769,  527,  113,  524,  414,  100,  584,  862,  700,  196,  503,  412,  874,  952,  272,  146,  747,  112,  381,  371,  300,  429,  331,  542,  235,  630,  902,  927,  866,  518,  685,  393,  770,  493,  579,  532,  289,  730,  296,  736,  549,  662,  332,  148,  406,  455,  158,  810,  257,  254,  448,  694,  560,  826,  171,  727,  591,  821,  421,  501,  646,  264,  785,  353,   72,  802,  337],
