{
    "name": "random-32-14582",
    "comment": "size=32 seed=14582",
    "nodes": ["+0", "-0", "+1", "-1", "+2", "-2", "+3", "-3", "+4", "-4", "+5", "-5", "+6", "-6", "+7", "-7", "+8", "-8", "+9", "-9", "+10", "-10", "+11", "-11", "+12", "-12", "+13", "-13", "+14", "-14", "+15", "-15", "+16", "-16", "+17", "-17", "+18", "-18", "+19", "-19", "+20", "-20", "+21", "-21", "+22", "-22", "+23", "-23", "+24", "-24", "+25", "-25", "+26", "-26", "+27", "-27", "+28", "-28", "+29", "-29", "+30", "-30", "+31", "-31", "+32", "-32"],
    "precedence": {
        "+0": "-0",
        "+1": "-1",
        "+2": "-2",
        "+3": "-3",
        "+4": "-4",
        "+5": "-5",
        "+6": "-6",
        "+7": "-7",
        "+8": "-8",
        "+9": "-9",
        "+10": "-10",
        "+11": "-11",
        "+12": "-12",
        "+13": "-13",
        "+14": "-14",
        "+15": "-15",
        "+16": "-16",
        "+17": "-17",
        "+18": "-18",
        "+19": "-19",
        "+20": "-20",
        "+21": "-21",
        "+22": "-22",
        "+23": "-23",
        "+24": "-24",
        "+25": "-25",
        "+26": "-26",
        "+27": "-27",
        "+28": "-28",
        "+29": "-29",
        "+30": "-30",
        "+31": "-31",
        "+32": "-32"
    },
    "edges": [
        [    0,    0,  945,  636,  298,  696,  617,  702,  186, 1099,  913,  651,  973,  452, 1040,  499,  387,  517,  472,  872,  576,  814,  564,  346,  246, 1112,  776,  718,  582,  741,  694,  879,  876,  651,  714,  878,  682,  977,  595,  617,  320,  626,  963,  197,  915,  890,  804, 1077,  546,  529,  506,  477,  385,  574,  681, 1118,  451,  410,  756,  343,  475,  870,  244,  771,  769,  349],
        [    0,    0,  945,  636,  298,  696,  617,  702,  186, 1099,  913,  651,  973,  452, 1040,  499,  387,  517,  472,  872,  576,  814,  564,  346,  246, 1112,  776,  718,  582,  741,  694,  879,  876,  651,  714,  878,  682,  977,  595,  617,  320,  626,  963,  197,  915,  890,  804, 1077,  546,  529,  506,  477,  385,  574,  681, 1118,  451,  410,  756,  343,  475,  870,  244,  771,  769,  349],
        [  945,  945,    0,  481,  661,  650,  394,  245,  840,  227,  378,  474,  133,  849,  159,  914,  808,  808,  890,  252,  460,  194,  528,  744,  837,  304,  564,  465,  410,  237,  331,  540,  430,  411,  452,  326,  389,  407,  592,  875, 1108,  373,  513,  757,  315,  253,  222,  203,  403,  877,  793,  621,  692,  807,  730,  289,  792,  626,  442,  982,  508,  526, 1009,  177,  195,  891],
        [  636,  636,  481,    0,  352,  775,  122,  346,  472,  703,  711,  593,  583,  382,  633,  864,  360,  793,  832,  592,  505,  487,   75,  325,  659,  764,  180,   83,  441,  252,  153,  258,  240,  529,  626,  260,   93,  769,  659,  899,  688,  146,  332,  508,  668,  300,  263,  678,  252,  853,  317,  596,  272,  825,  827,  756,  327,  228,  120,  543,  441,  246,  602,  383,  419,  449],
        [  298,  298,  661,  352,    0,  596,  320,  425,  185,  836,  703,  474,  707,  341,  772,  562,  265,  518,  529,  632,  378,  555,  285,  176,  321,  863,  512,  434,  354,  446,  396,  606,  588,  445,  532,  582,  386,  769,  474,  631,  467,  328,  683,  160,  689,  593,  507,  813,  259,  565,  349,  366,  169,  564,  617,  865,  304,  147,  470,  375,  269,  595,  363,  494,  500,  306],
        [  696,  696,  650,  775,  596,    0,  660,  495,  735,  653,  353,  194,  576,  936,  630,  344,  860,  241,  337,  419,  271,  458,  752,  771,  462,  609,  950,  831,  337,  628,  682,  998,  918,  266,  199,  844,  730,  392,  124,  250,  997,  642, 1028,  533,  398,  798,  697,  643,  524,  292,  932,  235,  753,  204,   83,  628,  893,  702,  842,  952,  349,  982,  900,  523,  481,  896],
        [  617,  617,  394,  122,  320,  660,    0,  228,  476,  607,  591,  475,  482,  455,  537,  776,  415,  697,  745,  476,  389,  372,  140,  356,  595,  661,  290,  172,  324,  157,   79,  347,  292,  409,  505,  265,   80,  650,  547,  799,  725,   26,  399,  461,  550,  274,  198,  582,  141,  760,  403,  495,  303,  724,  715,  654,  398,  240,  190,  592,  338,  332,  630,  271,  304,  500],
        [  702,  702,  245,  346,  425,  495,  228,    0,  608,  414,  365,  302,  284,  661,  348,  701,  607,  602,  674,  249,  249,  148,  363,  532,  596,  451,  494,  373,  186,  135,  210,  519,  429,  230,  312,  349,  271,  423,  405,  685,  885,  203,  537,  512,  323,  305,  202,  389,  171,  670,  619,  402,  485,  612,  565,  449,  605,  417,  373,  770,  269,  503,  783,   70,   81,  683],
        [  186,  186,  840,  472,  185,  735,  476,  608,    0, 1020,  881,  640,  891,  274,  955,  618,  203,  606,  587,  815,  549,  739,  398,  162,  351, 1047,  598,  551,  533,  617,  554,  703,  710,  620,  701,  724,  530,  947,  618,  716,  284,  489,  791,  208,  870,  747,  672,  996,  439,  636,  321,  501,  206,  659,  740, 1049,  267,  245,  591,  219,  439,  695,  181,  676,  684,  185],
        [ 1099, 1099,  227,  703,  836,  653,  607,  414, 1020,    0,  309,  522,  130, 1060,   70,  969, 1013,  859,  951,  249,  550,  286,  744,  942,  952,   95,  791,  691,  523,  453,  551,  762,  651,  481,  476,  547,  611,  298,  637,  900, 1298,  583,  725,  904,  256,  473,  448,   26,  584,  924, 1009,  704,  894,  842,  735,   72, 1004,  826,  668, 1181,  631,  748, 1196,  348,  337, 1093],
        [  913,  913,  378,  711,  703,  353,  591,  365,  881,  309,    0,  268,  264,  998,  300,  685,  935,  576,  672,  133,  339,  234,  723,  850,  721,  257,  853,  734,  349,  481,  571,  864,  762,  264,  207,  665,  634,   66,  364,  602, 1165,  567,  861,  720,   64,  600,  522,  303,  501,  636,  967,  458,  812,  550,  433,  277,  945,  747,  728, 1076,  446,  848, 1061,  341,  298,  999],
        [  651,  651,  474,  593,  474,  194,  475,  302,  640,  522,  268,    0,  422,  799,  484,  450,  728,  341,  431,  273,   99,  282,  579,  639,  454,  501,  764,  644,  153,  435,  491,  807,  726,   73,   64,  650,  542,  329,  120,  402,  919,  455,  835,  461,  286,  605,  503,  506,  344,  408,  784,  191,  612,  334,  265,  515,  752,  553,  653,  847,  206,  792,  817,  333,  293,  779],
        [  973,  973,  133,  583,  707,  576,  482,  284,  891,  130,  264,  422,    0,  934,   68,  871,  885,  762,  851,  158,  436,  161,  621,  813,  833,  182,  685,  579,  402,  332,  431,  669,  560,  371,  385,  456,  493,  282,  540,  815, 1168,  458,  645,  778,  201,  383,  338,  106,  455,  829,  885,  594,  765,  752,  658,  173,  877,  697,  560, 1052,  509,  654, 1066,  219,  207,  964],
        [  452,  452,  849,  382,  341,  936,  455,  661,  274, 1060,  998,  799,  934,    0,  991,  877,   79,  850,  845,  903,  701,  807,  322,  166,  614, 1109,  428,  437,  662,  612,  520,  535,  581,  758,  853,  633,  470, 1063,  813,  963,  342,  478,  632,  455,  971,  680,  639, 1035,  500,  889,   79,  707,  189,  899,  958, 1105,   57,  252,  476,  187,  597,  533,  286,  717,  742,  113],
        [ 1040, 1040,  159,  633,  772,  630,  537,  348,  955,   70,  300,  484,   68,  991,    0,  933,  945,  824,  914,  213,  502,  229,  674,  874,  900,  148,  723,  622,  469,  383,  481,  697,  587,  436,  443,  482,  541,  305,  601,  872, 1232,  514,  665,  846,  240,  409,  379,   45,  518,  890,  939,  659,  825,  811,  712,  131,  934,  758,  600, 1114,  576,  683, 1130,  281,  273, 1025],
        [  499,  499,  914,  864,  562,  344,  776,  701,  618,  969,  685,  450,  871,  877,  933,    0,  800,  111,   34,  722,  457,  726,  815,  722,  268,  937, 1042,  939,  516,  813,  828, 1118, 1066,  506,  494, 1018,  855,  732,  333,  136,  818,  768, 1175,  423,  721,  993,  888,  955,  641,   54,  903,  299,  728,  142,  280,  954,  852,  705,  964,  825,  448, 1105,  739,  753,  723,  801],
        [  387,  387,  808,  360,  265,  860,  415,  607,  203, 1013,  935,  728,  885,   79,  945,  800,    0,  771,  767,  845,  630,  752,  292,   90,  538, 1058,  439,  425,  594,  571,  485,  547,  579,  690,  783,  618,  441, 1000,  737,  884,  332,  436,  642,  377,  911,  658,  607,  988,  442,  811,  120,  630,  124,  821,  881, 1055,   66,  191,  466,  183,  524,  542,  257,  667,  688,   90],
        [  517,  517,  808,  793,  518,  241,  697,  602,  606,  859,  576,  341,  762,  850,  824,  111,  771,    0,   98,  612,  355,  619,  750,  688,  272,  827,  972,  864,  417,  719,  743, 1042,  983,  399,  384,  929,  775,  623,  223,  114,  834,  686, 1093,  400,  611,  900,  794,  845,  558,   69,  866,  205,  687,   58,  187,  844,  819,  654,  886,  821,  361, 1028,  747,  651,  619,  785],
        [  472,  472,  890,  832,  529,  337,  745,  674,  587,  951,  672,  431,  851,  845,  914,   34,  767,   98,    0,  703,  432,  704,  782,  689,  237,  922, 1010,  907,  489,  784,  798, 1086, 1035,  483,  477,  988,  824,  720,  314,  151,  791,  737, 1143,  391,  705,  964,  859,  936,  610,   62,  870,  272,  696,  140,  279,  938,  820,  672,  932,  795,  418, 1073,  711,  727,  698,  770],
        [  872,  872,  252,  592,  632,  419,  476,  249,  815,  249,  133,  273,  158,  903,  213,  722,  845,  612,  703,    0,  307,  107,  612,  764,  708,  241,  727,  610,  291,  354,  447,  733,  630,  234,  230,  533,  511,  180,  390,  659, 1098,  451,  728,  676,   78,  467,  391,  234,  404,  677,  865,  456,  722,  598,  501,  249,  848,  654,  601,  997,  398,  717,  995,  214,  174,  915],
        [  576,  576,  460,  505,  378,  271,  389,  249,  549,  550,  339,   99,  436,  701,  502,  457,  630,  355,  432,  307,    0,  279,  485,  542,  402,  546,  679,  560,   68,  373,  415,  729,  655,   76,  154,  588,  461,  403,  162,  437,  831,  371,  765,  382,  341,  551,  446,  531,  253,  423,  686,  162,  513,  364,  329,  556,  653,  455,  573,  753,  111,  714,  728,  297,  267,  683],
        [  814,  814,  194,  487,  555,  458,  372,  148,  739,  286,  234,  282,  161,  807,  229,  726,  752,  619,  704,  107,  279,    0,  509,  675,  673,  310,  621,  504,  241,  248,  341,  630,  529,  221,  260,  434,  405,  286,  400,  683, 1020,  347,  630,  619,  184,  372,  289,  264,  312,  687,  766,  440,  630,  615,  537,  311,  752,  562,  496,  911,  348,  614,  917,  108,   69,  826],
        [  564,  564,  528,   75,  285,  752,  140,  363,  398,  744,  723,  579,  621,  322,  674,  815,  292,  750,  782,  612,  485,  509,    0,  252,  598,  800,  231,  155,  427,  293,  199,  322,  313,  520,  618,  333,  150,  784,  633,  858,  617,  164,  401,  443,  685,  367,  318,  719,  236,  807,  265,  559,  198,  785,  798,  793,  266,  154,  194,  474,  409,  311,  529,  410,  441,  381],
        [  346,  346,  744,  325,  176,  771,  356,  532,  162,  942,  850,  639,  813,  166,  874,  722,   90,  688,  689,  764,  542,  675,  252,    0,  464,  982,  438,  400,  507,  510,  431,  544,  558,  602,  695,  584,  396,  916,  648,  801,  370,  375,  634,  300,  828,  615,  553,  918,  363,  730,  182,  542,   55,  736,  793,  981,  132,  118,  441,  240,  435,  537,  278,  595,  612,  152],
        [  246,  246,  837,  659,  321,  462,  595,  596,  351,  952,  721,  454,  833,  614,  900,  268,  538,  272,  237,  708,  402,  673,  598,  464,    0,  946,  829,  740,  433,  676,  662,  917,  884,  475,  515,  857,  672,  781,  374,  375,  563,  594,  986,  166,  736,  849,  749,  932,  480,  290,  645,  264,  479,  329,  439,  957,  593,  468,  771,  559,  330,  905,  478,  661,  645,  535],
        [ 1112, 1112,  304,  764,  863,  609,  661,  451, 1047,   95,  257,  501,  182, 1109,  148,  937, 1058,  827,  922,  241,  546,  310,  800,  982,  946,    0,  865,  760,  530,  513,  612,  843,  733,  472,  447,  629,  674,  229,  610,  858, 1329,  636,  812,  916,  217,  555,  519,  111,  620,  889, 1063,  690,  936,  805,  689,   27, 1053,  868,  741, 1220,  638,  829, 1225,  392,  371, 1134],
        [  776,  776,  564,  180,  512,  950,  290,  494,  598,  791,  853,  764,  685,  428,  723, 1042,  439,  972, 1010,  727,  679,  621,  231,  438,  829,  865,    0,  122,  614,  374,  285,  109,  171,  697,  792,  258,  225,  906,  836, 1078,  765,  310,  205,  671,  804,  327,  348,  766,  428, 1032,  350,  776,  392, 1004, 1004,  852,  385,  372,  127,  611,  620,  105,  695,  514,  556,  524],
        [  718,  718,  465,   83,  434,  831,  172,  373,  551,  691,  734,  644,  579,  437,  622,  939,  425,  864,  907,  610,  560,  504,  155,  400,  740,  760,  122,    0,  495,  257,  164,  180,  160,  577,  671,  197,  104,  788,  719,  968,  756,  190,  249,  590,  687,  251,  243,  666,  312,  926,  365,  664,  348,  893,  887,  749,  385,  309,   42,  607,  508,  167,  674,  397,  438,  515],
        [  582,  582,  410,  441,  354,  337,  324,  186,  533,  523,  349,  153,  402,  662,  469,  516,  594,  417,  489,  291,   68,  241,  427,  507,  433,  530,  614,  495,    0,  306,  348,  662,  587,   98,  195,  520,  394,  415,  230,  503,  817,  306,  697,  386,  339,  485,  380,  502,  192,  485,  640,  217,  474,  429,  397,  537,  611,  412,  506,  728,  109,  647,  713,  240,  216,  653],
        [  741,  741,  237,  252,  446,  628,  157,  135,  617,  453,  481,  435,  332,  612,  383,  813,  571,  719,  784,  354,  373,  248,  293,  510,  676,  513,  374,  257,  306,    0,  100,  388,  295,  363,  446,  216,  163,  533,  533,  809,  877,  136,  403,  565,  431,  181,   76,  428,  200,  786,  557,  515,  457,  735,  696,  504,  555,  392,  248,  747,  368,  372,  780,  141,  184,  655],
        [  694,  694,  331,  153,  396,  682,   79,  210,  554,  551,  571,  491,  431,  520,  481,  828,  485,  743,  798,  447,  415,  341,  199,  431,  662,  612,  285,  164,  348,  100,    0,  317,  242,  421,  513,  196,   64,  626,  576,  840,  801,   70,  352,  533,  524,  197,  122,  525,  188,  808,  462,  538,  377,  765,  744,  603,  464,  317,  164,  665,  383,  301,  707,  235,  275,  572],
        [  879,  879,  540,  258,  606,  998,  347,  519,  703,  762,  864,  807,  669,  535,  697, 1118,  547, 1042, 1086,  733,  729,  630,  322,  544,  917,  843,  109,  180,  662,  388,  317,    0,  111,  737,  828,  215,  270,  911,  890, 1145,  873,  360,   99,  764,  810,  289,  342,  739,  487, 1104,  457,  841,  497, 1070, 1058,  827,  493,  471,  157,  719,  684,   16,  803,  525,  570,  632],
        [  876,  876,  430,  240,  588,  918,  292,  429,  710,  651,  762,  726,  560,  581,  587, 1066,  579,  983, 1035,  630,  655,  529,  313,  558,  884,  733,  171,  160,  587,  295,  242,  111,    0,  654,  740,  105,  213,  807,  816, 1081,  910,  299,  111,  740,  706,  179,  240,  628,  426, 1048,  506,  779,  507, 1006,  983,  717,  533,  467,  120,  758,  623,   98,  830,  426,  472,  667],
        [  651,  651,  411,  529,  445,  266,  409,  230,  620,  481,  264,   73,  371,  758,  436,  506,  690,  399,  483,  234,   76,  221,  520,  602,  475,  472,  697,  577,   98,  363,  421,  737,  654,    0,   99,  578,  474,  329,  184,  468,  902,  389,  764,  457,  265,  533,  431,  463,  284,  467,  737,  224,  570,  398,  337,  483,  708,  508,  584,  820,  182,  722,  799,  262,  225,  747],
        [  714,  714,  452,  626,  532,  199,  505,  312,  701,  476,  207,   64,  385,  853,  443,  494,  783,  384,  477,  230,  154,  260,  618,  695,  515,  447,  792,  671,  195,  446,  513,  828,  740,   99,    0,  659,  567,  267,  163,  431,  981,  484,  848,  525,  230,  608,  510,  462,  382,  449,  834,  252,  664,  369,  278,  463,  804,  604,  676,  906,  264,  812,  879,  329,  286,  836],
        [  878,  878,  326,  260,  582,  844,  265,  349,  724,  547,  665,  650,  456,  633,  482, 1018,  618,  929,  988,  533,  588,  434,  333,  584,  857,  629,  258,  197,  520,  216,  196,  215,  105,  578,  659,    0,  197,  708,  748, 1022,  948,  263,  197,  725,  608,   74,  149,  524,  382,  995,  562,  724,  530,  947,  912,  613,  581,  480,  159,  801,  571,  201,  861,  336,  381,  708],
        [  682,  682,  389,   93,  386,  730,   80,  271,  530,  611,  634,  542,  493,  470,  541,  855,  441,  775,  824,  511,  461,  405,  150,  396,  672,  674,  225,  104,  394,  163,   64,  270,  213,  474,  567,  197,    0,  689,  620,  876,  764,   91,  320,  533,  587,  220,  171,  586,  218,  838,  408,  573,  341,  801,  788,  665,  414,  287,  114,  623,  416,  256,  674,  299,  338,  530],
        [  977,  977,  407,  769,  769,  392,  650,  423,  947,  298,   66,  329,  282, 1063,  305,  732, 1000,  623,  720,  180,  403,  286,  784,  916,  781,  229,  906,  788,  415,  533,  626,  911,  807,  329,  267,  708,  689,    0,  418,  640, 1230,  625,  903,  784,  103,  640,  569,  297,  564,  681, 1030,  517,  877,  594,  470,  252, 1009,  811,  781, 1142,  511,  896, 1127,  393,  352, 1064],
        [  595,  595,  592,  659,  474,  124,  547,  405,  618,  637,  364,  120,  540,  813,  601,  333,  737,  223,  314,  390,  162,  400,  633,  648,  374,  610,  836,  719,  230,  533,  576,  890,  816,  184,  163,  748,  620,  418,    0,  285,  887,  531,  927,  421,  393,  709,  605,  623,  409,  289,  808,  120,  629,  216,  169,  625,  770,  579,  733,  834,  227,  875,  788,  444,  408,  776],
        [  617,  617,  875,  899,  631,  250,  799,  685,  716,  900,  602,  402,  815,  963,  872,  136,  884,  114,  151,  659,  437,  683,  858,  801,  375,  858, 1078,  968,  503,  809,  840, 1145, 1081,  468,  431, 1022,  876,  640,  285,    0,  936,  786, 1191,  512,  646,  988,  882,  888,  659,   90,  979,  304,  800,   75,  171,  877,  932,  767,  988,  930,  461, 1130,  852,  728,  692,  897],
        [  320,  320, 1108,  688,  467,  997,  725,  885,  284, 1298, 1165,  919, 1168,  342, 1232,  818,  332,  834,  791, 1098,  831, 1020,  617,  370,  563, 1329,  765,  756,  817,  877,  801,  873,  910,  902,  981,  948,  764, 1230,  887,  936,    0,  743,  970,  466, 1154,  984,  922, 1273,  714,  849,  420,  767,  424,  891,  991, 1330,  381,  486,  797,  156,  721,  870,  104,  951,  962,  243],
        [  626,  626,  373,  146,  328,  642,   26,  203,  489,  583,  567,  455,  458,  478,  514,  768,  436,  686,  737,  451,  371,  347,  164,  375,  594,  636,  310,  190,  306,  136,   70,  360,  299,  389,  484,  263,   91,  625,  531,  786,  743,    0,  408,  464,  526,  266,  183,  558,  128,  750,  427,  483,  322,  711,  699,  630,  421,  258,  204,  612,  326,  346,  647,  247,  279,  520],
        [  963,  963,  513,  332,  683, 1028,  399,  537,  791,  725,  861,  835,  645,  632,  665, 1175,  642, 1093, 1143,  728,  765,  630,  401,  634,  986,  812,  205,  249,  697,  403,  352,   99,  111,  764,  848,  197,  320,  903,  927, 1191,  970,  408,    0,  839,  803,  264,  343,  704,  535, 1157,  555,  889,  585, 1116, 1093,  794,  589,  554,  216,  816,  732,  100,  897,  530,  576,  728],
        [  197,  197,  757,  508,  160,  533,  461,  512,  208,  904,  720,  461,  778,  455,  846,  423,  377,  400,  391,  676,  382,  619,  443,  300,  166,  916,  671,  590,  386,  565,  533,  764,  740,  457,  525,  725,  533,  784,  421,  512,  466,  464,  839,    0,  720,  727,  634,  882,  367,  435,  481,  302,  313,  453,  534,  922,  430,  305,  624,  425,  279,  753,  368,  581,  576,  385],
        [  915,  915,  315,  668,  689,  398,  550,  323,  870,  256,   64,  286,  201,  971,  240,  721,  911,  611,  705,   78,  341,  184,  685,  828,  736,  217,  804,  687,  339,  431,  524,  810,  706,  265,  230,  608,  587,  103,  393,  646, 1154,  526,  803,  720,    0,  541,  468,  247,  471,  674,  936,  476,  788,  591,  480,  234,  917,  721,  678, 1059,  442,  794, 1050,  291,  250,  978],
        [  890,  890,  253,  300,  593,  798,  274,  305,  747,  473,  600,  605,  383,  680,  409,  993,  658,  900,  964,  467,  551,  372,  367,  615,  849,  555,  327,  251,  485,  181,  197,  289,  179,  533,  608,   74,  220,  640,  709,  988,  984,  266,  264,  727,  541,    0,  106,  450,  369,  967,  613,  696,  561,  914,  869,  539,  626,  505,  217,  841,  548,  275,  893,  280,  325,  747],
        [  804,  804,  222,  263,  507,  697,  198,  202,  672,  448,  522,  503,  338,  639,  379,  888,  607,  794,  859,  391,  446,  289,  318,  553,  749,  519,  348,  243,  380,   76,  122,  342,  240,  431,  510,  149,  171,  569,  605,  882,  922,  183,  343,  634,  468,  106,    0,  423,  270,  861,  578,  590,  499,  808,  767,  507,  583,  437,  223,  786,  443,  327,  828,  188,  233,  693],
        [ 1077, 1077,  203,  678,  813,  643,  582,  389,  996,   26,  303,  506,  106, 1035,   45,  955,  988,  845,  936,  234,  531,  264,  719,  918,  932,  111,  766,  666,  502,  428,  525,  739,  628,  463,  462,  524,  586,  297,  623,  888, 1273,  558,  704,  882,  247,  450,  423,    0,  560,  910,  984,  686,  869,  829,  725,   91,  979,  801,  644, 1157,  610,  725, 1172,  324,  313, 1068],
        [  546,  546,  403,  252,  259,  524,  141,  171,  439,  584,  501,  344,  455,  500,  518,  641,  442,  558,  610,  404,  253,  312,  236,  363,  480,  620,  428,  312,  192,  200,  188,  487,  426,  284,  382,  382,  218,  564,  409,  659,  714,  128,  535,  367,  471,  369,  270,  560,    0,  622,  467,  355,  319,  584,  577,  619,  446,  251,  330,  600,  199,  472,  612,  238,  250,  515],
        [  529,  529,  877,  853,  565,  292,  760,  670,  636,  924,  636,  408,  829,  889,  890,   54,  811,   69,   62,  677,  423,  687,  807,  730,  290,  889, 1032,  926,  485,  786,  808, 1104, 1048,  467,  449,  995,  838,  681,  289,   90,  849,  750, 1157,  435,  674,  967,  861,  910,  622,    0,  910,  272,  733,   89,  226,  907,  861,  705,  949,  848,  426, 1090,  767,  719,  687,  818],
        [  506,  506,  793,  317,  349,  932,  403,  619,  321, 1009,  967,  784,  885,   79,  939,  903,  120,  866,  870,  865,  686,  766,  265,  182,  645, 1063,  350,  365,  640,  557,  462,  457,  506,  737,  834,  562,  408, 1030,  808,  979,  420,  427,  555,  481,  936,  613,  578,  984,  467,  910,    0,  709,  182,  913,  961, 1057,   55,  232,  404,  265,  587,  455,  361,  671,  699,  185],
        [  477,  477,  621,  596,  366,  235,  495,  402,  501,  704,  458,  191,  594,  707,  659,  299,  630,  205,  272,  456,  162,  440,  559,  542,  264,  690,  776,  664,  217,  515,  538,  841,  779,  224,  252,  724,  573,  517,  120,  304,  767,  483,  889,  302,  476,  696,  590,  686,  355,  272,  709,    0,  528,  229,  252,  702,  668,  484,  684,  718,  157,  827,  668,  456,  428,  663],
        [  385,  385,  692,  272,  169,  753,  303,  485,  206,  894,  812,  612,  765,  189,  825,  728,  124,  687,  696,  722,  513,  630,  198,   55,  479,  936,  392,  348,  474,  457,  377,  497,  507,  570,  664,  530,  341,  877,  629,  800,  424,  322,  585,  313,  788,  561,  499,  869,  319,  733,  182,  528,    0,  733,  780,  933,  142,   68,  388,  291,  410,  489,  333,  546,  566,  200],
        [  574,  574,  807,  825,  564,  204,  724,  612,  659,  842,  550,  334,  752,  899,  811,  142,  821,   58,  140,  598,  364,  615,  785,  736,  329,  805, 1004,  893,  429,  735,  765, 1070, 1006,  398,  369,  947,  801,  594,  216,   75,  891,  711, 1116,  453,  591,  914,  808,  829,  584,   89,  913,  229,  733,    0,  139,  823,  866,  697,  913,  876,  386, 1056,  803,  656,  621,  838],
        [  681,  681,  730,  827,  617,   83,  715,  565,  740,  735,  433,  265,  658,  958,  712,  280,  881,  187,  279,  501,  329,  537,  798,  793,  439,  689, 1004,  887,  397,  696,  744, 1058,  983,  337,  278,  912,  788,  470,  169,  171,  991,  699, 1093,  534,  480,  869,  767,  725,  577,  226,  961,  252,  780,  139,    0,  709,  919,  735,  901,  958,  390, 1043,  898,  597,  557,  910],
        [ 1118, 1118,  289,  756,  865,  628,  654,  449, 1049,   72,  277,  515,  173, 1105,  131,  954, 1055,  844,  938,  249,  556,  311,  793,  981,  957,   27,  852,  749,  537,  504,  603,  827,  717,  483,  463,  613,  665,  252,  625,  877, 1330,  630,  794,  922,  234,  539,  507,   91,  619,  907, 1057,  702,  933,  823,  709,    0, 1049,  866,  728, 1219,  645,  813, 1227,  388,  369, 1132],
        [  451,  451,  792,  327,  304,  893,  398,  605,  267, 1004,  945,  752,  877,   57,  934,  852,   66,  819,  820,  848,  653,  752,  266,  132,  593, 1053,  385,  385,  611,  555,  464,  493,  533,  708,  804,  581,  414, 1009,  770,  932,  381,  421,  589,  430,  917,  626,  583,  979,  446,  861,   55,  668,  142,  866,  919, 1049,    0,  200,  425,  227,  551,  489,  314,  661,  686,  141],
        [  410,  410,  626,  228,  147,  702,  240,  417,  245,  826,  747,  553,  697,  252,  758,  705,  191,  654,  672,  654,  455,  562,  154,  118,  468,  868,  372,  309,  412,  392,  317,  471,  467,  508,  604,  480,  287,  811,  579,  767,  486,  258,  554,  305,  721,  505,  437,  801,  251,  705,  232,  484,   68,  697,  735,  866,  200,    0,  348,  357,  356,  461,  391,  479,  498,  267],
        [  756,  756,  442,  120,  470,  842,  190,  373,  591,  668,  728,  653,  560,  476,  600,  964,  466,  886,  932,  601,  573,  496,  194,  441,  771,  741,  127,   42,  506,  248,  164,  157,  120,  584,  676,  159,  114,  781,  733,  988,  797,  204,  216,  624,  678,  217,  223,  644,  330,  949,  404,  684,  388,  913,  901,  728,  425,  348,    0,  648,  528,  143,  715,  389,  431,  556],
        [  343,  343,  982,  543,  375,  952,  592,  770,  219, 1181, 1076,  847, 1052,  187, 1114,  825,  183,  821,  795,  997,  753,  911,  474,  240,  559, 1220,  611,  607,  728,  747,  665,  719,  758,  820,  906,  801,  623, 1142,  834,  930,  156,  612,  816,  425, 1059,  841,  786, 1157,  600,  848,  265,  718,  291,  876,  958, 1219,  227,  357,  648,    0,  643,  716,  118,  834,  850,   94],
        [  475,  475,  508,  441,  269,  349,  338,  269,  439,  631,  446,  206,  509,  597,  576,  448,  524,  361,  418,  398,  111,  348,  409,  435,  330,  638,  620,  508,  109,  368,  383,  684,  623,  182,  264,  571,  416,  511,  227,  461,  721,  326,  732,  279,  442,  548,  443,  610,  199,  426,  587,  157,  410,  386,  390,  645,  551,  356,  528,  643,    0,  670,  618,  333,  316,  574],
        [  870,  870,  526,  246,  595,  982,  332,  503,  695,  748,  848,  792,  654,  533,  683, 1105,  542, 1028, 1073,  717,  714,  614,  311,  537,  905,  829,  105,  167,  647,  372,  301,   16,   98,  722,  812,  201,  256,  896,  875, 1130,  870,  346,  100,  753,  794,  275,  327,  725,  472, 1090,  455,  827,  489, 1056, 1043,  813,  489,  461,  143,  716,  670,    0,  798,  509,  554,  628],
        [  244,  244, 1009,  602,  363,  900,  630,  783,  181, 1196, 1061,  817, 1066,  286, 1130,  739,  257,  747,  711,  995,  728,  917,  529,  278,  478, 1225,  695,  674,  713,  780,  707,  803,  830,  799,  879,  861,  674, 1127,  788,  852,  104,  647,  897,  368, 1050,  893,  828, 1172,  612,  767,  361,  668,  333,  803,  898, 1227,  314,  391,  715,  118,  618,  798,    0,  850,  860,  176],
        [  771,  771,  177,  383,  494,  523,  271,   70,  676,  348,  341,  333,  219,  717,  281,  753,  667,  651,  727,  214,  297,  108,  410,  595,  661,  392,  514,  397,  240,  141,  235,  525,  426,  262,  329,  336,  299,  393,  444,  728,  951,  247,  530,  581,  291,  280,  188,  324,  238,  719,  671,  456,  546,  656,  597,  388,  661,  479,  389,  834,  333,  509,  850,    0,   46,  745],
        [  769,  769,  195,  419,  500,  481,  304,   81,  684,  337,  298,  293,  207,  742,  273,  723,  688,  619,  698,  174,  267,   69,  441,  612,  645,  371,  556,  438,  216,  184,  275,  570,  472,  225,  286,  381,  338,  352,  408,  692,  962,  279,  576,  576,  250,  325,  233,  313,  250,  687,  699,  428,  566,  621,  557,  369,  686,  498,  431,  850,  316,  554,  860,   46,    0,  763],
        [  349,  349,  891,  449,  306,  896,  500,  683,  185, 1093,  999,  779,  964,  113, 1025,  801,   90,  785,  770,  915,  683,  826,  381,  152,  535, 1134,  524,  515,  653,  655,  572,  632,  667,  747,  836,  708,  530, 1064,  776,  897,  243,  520,  728,  385,  978,  747,  693, 1068,  515,  818,  185,  663,  200,  838,  910, 1132,  141,  267,  556,   94,  574,  628,  176,  745,  763,    0]
    ]
}
