{
    "name": "random-89-22464",
    "comment": "size=89 seed=22464",
    "nodes": ["+0", "-0", "+1", "-1", "+2", "-2", "+3", "-3", "+4", "-4", "+5", "-5", "+6", "-6", "+7", "-7", "+8", "-8", "+9", "-9", "+10", "-10", "+11", "-11", "+12", "-12", "+13", "-13", "+14", "-14", "+15", "-15", "+16", "-16", "+17", "-17", "+18", "-18", "+19", "-19", "+20", "-20", "+21", "-21", "+22", "-22", "+23", "-23", "+24", "-24", "+25", "-25", "+26", "-26", "+27", "-27", "+28", "-28", "+29", "-29", "+30", "-30", "+31", "-31", "+32", "-32", "+33", "-33", "+34", "-34", "+35", "-35", "+36", "-36", "+37", "-37", "+38", "-38", "+39", "-39", "+40", "-40", "+41", "-41", "+42", "-42", "+43", "-43", "+44", "-44", "+45", "-45", "+46", "-46", "+47", "-47", "+48", "-48", "+49", "-49", "+50", "-50", "+51", "-51", "+52", "-52", "+53", "-53", "+54", "-54", "+55", "-55", "+56", "-56", "+57", "-57", "+58", "-58", "+59", "-59", "+60", "-60", "+61", "-61", "+62", "-62", "+63", "-63", "+64", "-64", "+65", "-65", "+66", "-66", "+67", "-67", "+68", "-68", "+69", "-69", "+70", "-70", "+71", "-71", "+72", "-72", "+73", "-73", "+74", "-74", "+75", "-75", "+76", "-76", "+77", "-77", "+78", "-78", "+79", "-79", "+80", "-80", "+81", "-81", "+82", "-82", "+83", "-83", "+84", "-84", "+85", "-85", "+86", "-86", "+87", "-87", "+88", "-88", "+89", "-89"],
    "precedence": {
        "+0": "-0",
        "+1": "-1",
        "+2": "-2",
        "+3": "-3",
        "+4": "-4",
        "+5": "-5",
        "+6": "-6",
        "+7": "-7",
        "+8": "-8",
        "+9": "-9",
        "+10": "-10",
        "+11": "-11",
        "+12": "-12",
        "+13": "-13",
        "+14": "-14",
        "+15": "-15",
        "+16": "-16",
        "+17": "-17",
        "+18": "-18",
        "+19": "-19",
        "+20": "-20",
        "+21": "-21",
        "+22": "-22",
        "+23": "-23",
        "+24": "-24",
        "+25": "-25",
        "+26": "-26",
        "+27": "-27",
        "+28": "-28",
        "+29": "-29",
        "+30": "-30",
        "+31": "-31",
        "+32": "-32",
        "+33": "-33",
        "+34": "-34",
        "+35": "-35",
        "+36": "-36",
        "+37": "-37",
        "+38": "-38",
        "+39": "-39",
        "+40": "-40",
        "+41": "-41",
        "+42": "-42",
        "+43": "-43",
        "+44": "-44",
        "+45": "-45",
        "+46": "-46",
        "+47": "-47",
        "+48": "-48",
        "+49": "-49",
        "+50": "-50",
        "+51": "-51",
        "+52": "-52",
        "+53": "-53",
        "+54": "-54",
        "+55": "-55",
        "+56": "-56",
        "+57": "-57",
        "+58": "-58",
        "+59": "-59",
        "+60": "-60",
        "+61": "-61",
        "+62": "-62",
        "+63": "-63",
        "+64": "-64",
        "+65": "-65",
        "+66": "-66",
        "+67": "-67",
        "+68": "-68",
        "+69": "-69",
        "+70": "-70",
        "+71": "-71",
        "+72": "-72",
        "+73": "-73",
        "+74": "-74",
        "+75": "-75",
        "+76": "-76",
        "+77": "-77",
        "+78": "-78",
        "+79": "-79",
        "+80": "-80",
        "+81": "-81",
        "+82": "-82",
        "+83": "-83",
        "+84": "-84",
        "+85": "-85",
        "+86": "-86",
        "+87": "-87",
        "+88": "-88",
        "+89": "-89"
    },
    "edges": [
        [    0,    0,  227,  434,  366,  459,  134,  458,  683,  603,  449,  666,  353,  443,  249,   66,  125,  261,  292,  476,   83,  452,  541,  453,  197,  265,  659,  355,  539,  268,  356,  437,  454,  443,  339,   79,  354,  460,  728,  409,  474,  321,  468,  348,  148,  309,  280,  467,  224,  370,  475,  667,  688,  531,  749,  484,  123,  105,  398,  227,  532,  469,  537,   63,  426,  483,  765,  544,  210,   35,  491,   68,  673,  185,   55,  461,  630,  462,  475,  371,  369,  486,  368,  538,  381,  540,  327,  480,  264,  717,  426,  545,  387,  420,  246,  735,  515,  692,    6,  377,  247,  431,  295,  351,  191,  505,  276,  501,  156,  215,  457,  614,  551,  711,  319,  370,  535,  287,  460,  693,  441,  503,  410,  667,  683,  504,  662,  408,  688,  476,  553,  362,  364,  687,  685,  103,  434,  343,  428,  676,  689,  385,  771,  503,  547,  282,  290,  292,  266,  527,  288,  364,  523,  288,  765,  400,  544,  366,  491,  352,  526,  524,  505,  628,  200,  374,  293,  285,  313,  661,  494,  600,  627,  450,  668,  318,  329,  302,  373,  315],
        [    0,    0,    0,    0,    0,    0,    0,    0,    0,    0,    0,    0,    0,    0,    0,    0,    0,    0,    0,    0,    0,    0,    0,    0,    0,    0,    0,    0,    0,    0,    0,    0,    0,    0,    0,    0,    0,    0,    0,    0,    0,    0,    0,    0,    0,    0,    0,    0,    0,    0,    0,    0,    0,    0,    0,    0,    0,    0,    0,    0,    0,    0,    0,    0,    0,    0,    0,    0,    0,    0,    0,    0,    0,    0,    0,    0,    0,    0,    0,    0,    0,    0,    0,    0,    0,    0,    0,    0,    0,    0,    0,    0,    0,    0,    0,    0,    0,    0,    0,    0,    0,    0,    0,    0,    0,    0,    0,    0,    0,    0,    0,    0,    0,    0,    0,    0,    0,    0,    0,    0,    0,    0,    0,    0,    0,    0,    0,    0,    0,    0,    0,    0,    0,    0,    0,    0,    0,    0,    0,    0,    0,    0,    0,    0,    0,    0,    0,    0,    0,    0,    0,    0,    0,    0,    0,    0,    0,    0,    0,    0,    0,    0,    0,    0,    0,    0,    0,    0,    0,    0,    0,    0,    0,    0,    0,    0,    0,    0,    0,    0],
        [  227,    0,    0,  383,  563,  686,  224,  589,  784,  565,  229,  642,  503,  660,  337,  290,  290,  486,  518,  409,  264,  596,  515,  562,  312,  299,  847,  542,  626,  415,  548,  536,  419,  575,  227,  243,  528,  328,  919,  567,  661,  459,  671,  526,  267,  199,  507,  279,  392,  501,  682,  706,  766,  741,  737,  507,  174,  125,  598,  378,  493,  470,  483,  214,  209,  625,  738,  764,   63,  194,  420,  239,  859,   43,  256,  491,  695,  246,  658,  323,  329,  464,  376,  732,  188,  494,  171,  309,  448,  655,  204,  737,  613,  195,   69,  862,  741,  801,  230,  592,  406,  461,   84,  319,  262,  674,   95,  471,  163,  278,  420,  764,  461,  878,   98,  597,  730,  263,  642,  619,  596,  712,  247,  721,  626,  478,  661,  197,  616,  295,  749,  522,  337,  776,  749,  190,  233,  142,  652,  655,  872,  273,  701,  305,  544,  465,  514,  472,  223,  682,  428,  454,  728,  446,  948,  621,  739,  510,  667,  575,  750,  627,  476,  761,  387,  548,  209,  476,  433,  659,  592,  693,  558,  410,  870,  199,  360,  527,  419,  471],
        [  434,    0,  383,    0,  521,  770,  304,  397,  498,  183,  520,  260,  786,  821,  246,  448,  557,  574,  646,   47,  516,  425,  135,  342,  619,  651,  717,  483,  349,  701,  495,  308,   43,  388,  164,  506,  784,  158,  785,  435,  565,  342,  618,  453,  566,  581,  621,  619,  658,  346,  640,  355,  452,  922,  356,  173,  315,  410,  810,  660,  111,  121,  106,  478,  363,  443,  356,  906,  439,  413,   63,  495,  723,  378,  489,  175,  372,  541,  552,   65,   66,   90,  110,  638,  287,  113,  235,  244,  693,  285,  495,  959,  685,  470,  450,  606,  803,  523,  440,  766,  680,  159,  337,   84,  591,  531,  474,   92,  287,  613,   42,  563,  130,  695,  360,  684,  945,  148,  538,  260,  446,  894,  613,  384,  252,  100,  284,  519,  255,  640,  963,  412,   73,  474,  419,  490,  313,  496,  781,  273,  726,  134,  338,  626,  175,  430,  592,  426,  176,  509,  335,  257,  668,  722,  792,  651,  645,  374,  916,  719,  864,  373,   97,  531,  631,  455,  175,  710,  742,  282,  340,  409,  193,   32,  780,  581,  151,  609,  174,  380],
        [  366,    0,  563,  521,    0,  285,  347,  219,  433,  608,  792,  631,  546,  399,  291,  304,  426,  184,  256,  566,  402,  187,  547,  264,  501,  600,  294,   41,  354,  504,   27,  280,  510,  213,  544,  417,  502,  640,  363,  133,  112,  181,  110,   71,  473,  674,  228,  828,  450,  195,  125,  528,  476,  500,  676,  437,  393,  460,  454,  478,  560,  463,  587,  420,  720,  206,  714,  448,  566,  390,  581,  409,  308,  523,  381,  413,  457,  809,  119,  488,  477,  509,  412,  172,  651,  576,  578,  701,  436,  729,  767,  577,  210,  755,  601,  434,  298,  426,  368,  376,  474,  400,  603,  460,  527,  168,  633,  528,  414,  547,  514,  293,  647,  358,  633,  225,  558,  434,  106,  730,  156,  478,  774,  501,  695,  525,  592,  759,  723,  839,  570,  123,  459,  456,  499,  465,  704,  697,  335,  635,  325,  568,  786,  861,  515,  104,  173,  102,  451,  211,  188,  277,  166,  497,  401,  149,  179,  165,  581,  313,  387,  316,  529,  331,  411,   83,  496,  429,  564,  593,  308,  384,  671,  514,  307,  684,  372,  182,  355,  142],
        [  459,    0,  686,  770,  285,    0,  519,  503,  700,  881,  903,  912,  419,  157,  525,  399,  437,  208,  172,  817,  440,  469,  819,  549,  483,  586,  428,  323,  638,  426,  310,  564,  768,  497,  750,  462,  356,  862,  468,  417,  338,  451,  263,  352,  484,  721,  179,  902,  391,  476,  242,  813,  753,  236,  960,  714,  549,  563,  260,  424,  827,  733,  850,  483,  881,  484,  997,  166,  663,  493,  833,  461,  443,  644,  438,  689,  740,  915,  356,  725,  716,  775,  665,  333,  827,  842,  762,  906,  342, 1005,  882,  332,   86,  877,  698,  673,   64,  688,  457,  182,  403,  672,  751,  697,  533,  416,  724,  794,  580,  543,  772,  531,  900,  538,  776,   92,  311,  654,  353, 1000,  436,  222,  834,  784,  969,  792,  876,  860,  993,  906,  319,  405,  701,  729,  779,  522,  882,  793,   89,  916,  467,  785, 1062,  943,  792,  348,  184,  354,  657,  468,  445,  550,  271,  401,  524,  138,  333,  447,  370,  142,  102,  599,  795,  584,  363,  368,  699,  317,  477,  877,  593,  664,  938,  769,  368,  734,  621,  168,  620,  412],
        [  134,    0,  224,  304,  347,  519,    0,  371,  582,  470,  450,  533,  484,  537,  130,  147,  259,  311,  369,  347,  217,  375,  408,  353,  328,  383,  625,  322,  429,  401,  329,  331,  322,  357,  233,  210,  481,  351,  696,  344,  439,  238,  456,  304,  277,  378,  348,  500,  355,  282,  469,  543,  577,  634,  617,  354,   51,  154,  512,  360,  399,  336,  406,  186,  377,  405,  632,  631,  243,  121,  363,  199,  636,  188,  188,  332,  513,  468,  436,  242,  239,  353,  235,  512,  313,  407,  245,  387,  390,  584,  424,  661,  437,  410,  274,  649,  566,  595,  140,  476,  379,  301,  257,  220,  312,  450,  307,  368,   68,  336,  325,  543,  425,  655,  287,  428,  648,  158,  419,  562,  373,  605,  458,  547,  550,  371,  531,  420,  557,  514,  666,  298,  233,  580,  568,  212,  368,  364,  508,  543,  649,  274,  639,  528,  414,  245,  336,  251,  146,  460,  206,  251,  512,  420,  725,  427,  519,  288,  614,  438,  600,  422,  371,  545,  328,  325,  183,  408,  446,  530,  389,  494,  496,  318,  652,  384,  198,  352,  245,  248],
        [  458,    0,  589,  397,  219,  503,  371,    0,  234,  427,  803,  434,  726,  616,  253,  414,  557,  380,  460,  433,  522,   37,  375,   60,  637,  720,  322,  185,  136,  668,  197,   92,  370,   15,  482,  529,  692,  544,  389,   87,  196,  138,  268,  163,  596,  747,  431,  867,  613,   90,  294,  311,  263,  718,  466,  260,  421,  521,  661,  635,  397,  302,  430,  520,  690,   47,  508,  666,  614,  467,  446,  519,  327,  556,  495,  242,  238,  823,  178,  389,  376,  352,  296,  258,  611,  414,  538,  622,  614,  543,  776,  791,  428,  758,  644,  279,  509,  237,  462,  587,  638,  243,  599,  365,  645,  140,  676,  370,  426,  668,  374,  180,  504,  306,  630,  443,  772,  371,  170,  552,   70,  695,  829,  282,  510,  364,  387,  781,  545,  883,  786,  115,  356,  248,  281,  559,  658,  730,  553,  435,  330,  488,  597,  891,  330,  207,  379,  195,  405,  113,  171,  150,  304,  669,  398,  365,  264,   93,  787,  525,  604,   97,  369,  174,  574,  139,  447,  614,  726,  388,   94,  169,  501,  378,  392,  754,  274,  391,  226,  148],
        [  683,    0,  784,  498,  433,  700,  582,  234,    0,  435,  981,  397,  959,  830,  454,  645,  788,  608,  685,  518,  752,  254,  411,  231,  868,  948,  376,  407,  160,  901,  417,  251,  459,  247,  631,  757,  923,  655,  416,  310,  363,  365,  440,  389,  825,  959,  657, 1059,  846,  315,  465,  210,   81,  928,  376,  325,  629,  736,  885,  868,  443,  377,  479,  745,  845,  229,  428,  866,  819,  688,  524,  747,  372,  758,  724,  325,  141, 1002,  345,  519,  507,  420,  431,  390,  765,  458,  698,  741,  847,  515,  954, 1009,  636,  933,  846,  121,  692,   32,  688,  808,  871,  348,  778,  504,  873,  285,  877,  431,  626,  896,  461,  189,  563,  285,  807,  655,  989,  536,  347,  543,  280,  907, 1030,  161,  492,  422,  332,  966,  536, 1077, 1002,  347,  489,   42,  129,  782,  802,  924,  762,  391,  359,  620,  556, 1078,  354,  440,  603,  428,  575,  232,  397,  332,  452,  902,  391,  567,  393,  326, 1012,  745,  798,  161,  427,  126,  808,  362,  609,  846,  959,  336,  194,   93,  516,  469,  472,  964,  432,  614,  371,  381],
        [  603,    0,  565,  183,  608,  881,  470,  427,  435,    0,  686,   82,  953,  955,  381,  607,  728,  702,  780,  160,  686,  463,   65,  368,  793,  831,  737,  567,  325,  871,  581,  340,  151,  424,  342,  678,  945,  290,  798,  494,  620,  431,  686,  537,  741,  763,  752,  790,  824,  414,  711,  241,  367, 1058,  179,  171,  490,  589,  958,  830,   73,  150,   85,  651,  520,  470,  174, 1030,  621,  586,  153,  667,  740,  561,  657,  195,  294,  707,  603,  246,  243,  118,  239,  685,  450,   71,  411,  373,  854,  124,  662, 1106,  797,  637,  632,  554,  904,  465,  609,  906,  848,  210,  515,  258,  769,  566,  655,  103,  464,  792,  149,  557,  151,  686,  535,  802, 1090,  323,  593,  125,  492, 1031,  791,  285,   89,  100,  129,  691,  118,  813, 1107,  486,  242,  400,  323,  668,  465,  674,  906,   96,  737,  303,  181,  794,   98,  535,  715,  527,  356,  529,  437,  333,  728,  888,  791,  751,  691,  444, 1072,  853,  980,  364,   99,  508,  795,  529,  357,  868,  914,  125,  343,  364,   82,  158,  816,  762,  282,  731,  264,  471],
        [  449,    0,  229,  520,  792,  903,  450,  803,  981,  686,    0,  767,  651,  858,  551,  513,  479,  709,  732,  528,  466,  814,  652,  770,  470,  408, 1074,  770,  822,  571,  776,  741,  562,  790,  360,  444,  692,  400, 1146,  790,  889,  680,  900,  753,  442,  235,  725,  117,  567,  718,  911,  872,  952,  928,  865,  677,  401,  344,  780,  543,  623,  631,  601,  420,  171,  843,  853,  963,  241,  417,  533,  444, 1086,  271,  466,  667,  876,   22,  885,  475,  485,  609,  553,  960,  236,  618,  289,  332,  627,  746,   28,  906,  834,   50,  206, 1069,  961, 1001,  450,  790,  573,  640,  205,  483,  411,  898,  181,  611,  385,  416,  562,  982,  550, 1100,  175,  816,  902,  446,  869,  703,  817,  901,  162,  896,  724,  619,  801,   50,  702,  141,  921,  746,  501,  967,  927,  384,  229,  115,  860,  781, 1098,  388,  780,  109,  694,  693,  738,  699,  407,  902,  650,  660,  956,  606, 1174,  847,  967,  730,  825,  782,  959,  829,  616,  973,  573,  774,  373,  657,  568,  799,  793,  889,  653,  552, 1099,  224,  550,  750,  610,  696],
        [  666,    0,  642,  260,  631,  912,  533,  434,  397,   82,  767,    0, 1013,  996,  433,  665,  791,  742,  822,  241,  749,  471,  129,  377,  860,  902,  728,  591,  314,  933,  605,  354,  225,  433,  422,  743, 1001,  372,  784,  509,  629,  462,  700,  562,  808,  840,  794,  872,  884,  437,  725,  190,  323, 1099,   98,  201,  557,  660, 1007,  892,  150,  199,  167,  717,  602,  472,  100, 1066,  698,  652,  235,  732,  729,  636,  720,  227,  259,  788,  611,  321,  317,  184,  299,  689,  532,  151,  491,  453,  911,  119,  744, 1153,  829,  718,  710,  517,  929,  428,  672,  950,  908,  250,  595,  330,  838,  568,  734,  173,  534,  861,  223,  540,  229,  665,  616,  837, 1136,  394,  603,  148,  502, 1073,  871,  238,   97,  167,   66,  772,  142,  894, 1153,  509,  313,  359,  275,  736,  546,  754,  943,   14,  723,  384,  166,  875,  125,  568,  753,  560,  429,  525,  474,  365,  737,  948,  772,  778,  695,  467, 1124,  895, 1012,  356,  168,  487,  853,  550,  434,  923,  979,   62,  343,  340,  141,  233,  812,  840,  339,  769,  309,  501],
        [  353,    0,  503,  786,  546,  419,  484,  726,  959,  953,  651, 1013,    0,  288,  582,  349,  232,  363,  302,  828,  272,  706,  890,  743,  191,  247,  803,  561,  839,   89,  554,  739,  806,  714,  681,  285,   65,  801,  857,  651,  650,  606,  602,  572,  238,  421,  324,  603,  129,  654,  593,  990,  983,  311, 1090,  822,  473,  402,  175,  129,  882,  814,  889,  315,  707,  733, 1111,  380,  449,  375,  843,  294,  818,  473,  298,  797,  939,  654,  661,  723,  721,  835,  715,  685,  688,  891,  653,  804,  112, 1068,  639,  261,  407,  646,  472,  978,  481,  959,  347,  239,  106,  769,  586,  703,  246,  713,  483,  851,  504,  236,  809,  837,  902,  893,  598,  379,  262,  639,  650, 1045,  683,  290,  527,  980, 1034,  854, 1002,  602, 1040,  598,  279,  612,  716,  973,  991,  319,  735,  540,  335, 1022,  840,  729, 1123,  648,  890,  519,  378,  531,  617,  754,  579,  680,  639,   65,  909,  470,  688,  637,  175,  282,  412,  813,  855,  872,  161,  601,  638,  118,   87, 1002,  790,  890,  979,  802,  767,  434,  674,  374,  709,  582],
        [  443,    0,  660,  821,  399,  157,  537,  616,  830,  955,  858,  996,  288,    0,  579,  395,  379,  254,  176,  867,  397,  586,  890,  654,  401,  495,  583,  431,  749,  320,  419,  663,  826,  608,  769,  419,  224,  888,  624,  530,  475,  537,  406,  455,  418,  652,  203,  838,  301,  572,  387,  920,  875,  104, 1055,  795,  554,  537,  115,  331,  894,  806,  911,  446,  865,  605, 1087,  106,  624,  476,  883,  421,  598,  620,  405,  769,  852,  866,  491,  767,  761,  841,  724,  481,  823,  907,  767,  918,  242, 1078,  840,  182,  196,  840,  656,  815,  209,  821,  439,   69,  304,  748,  734,  741,  458,  551,  678,  860,  587,  462,  830,  671,  949,  690,  756,  175,  161,  688,  486, 1067,  555,   80,  765,  896, 1042,  859,  967,  811, 1061,  838,  172,  508,  749,  855,  896,  477,  876,  744,   72, 1002,  622,  810, 1135,  881,  872,  431,  244,  441,  683,  601,  522,  632,  423,  289,  680,  267,  483,  545,  214,  102,  124,  713,  862,  720,  287,  478,  719,  212,  361,  968,  701,  783, 1002,  826,  524,  665,  679,  229,  691,  500],
        [  249,    0,  337,  246,  291,  525,  130,  253,  454,  381,  551,  433,  582,  579,    0,  234,  370,  329,  403,  293,  328,  264,  317,  227,  445,  509,  537,  256,  300,  506,  267,  203,  248,  239,  255,  327,  568,  350,  609,  245,  360,  133,  397,  231,  396,  506,  377,  615,  455,  167,  415,  419,  448,  681,  509,  240,  175,  283,  578,  466,  316,  235,  333,  308,  448,  292,  530,  661,  366,  245,  309,  316,  547,  306,  299,  216,  385,  571,  352,  202,  192,  265,  146,  436,  373,  329,  298,  411,  479,  503,  525,  725,  439,  507,  395,  526,  560,  468,  254,  527,  480,  187,  348,  174,  436,  353,  427,  283,  175,  460,  252,  431,  376,  551,  379,  439,  710,  143,  336,  489,  269,  654,  580,  420,  467,  283,  421,  528,  483,  631,  727,  205,  176,  451,  440,  339,  423,  478,  536,  442,  556,  278,  559,  639,  310,  192,  347,  191,  165,  352,  109,  123,  451,  519,  630,  409,  443,  181,  692,  477,  618,  294,  286,  425,  422,  242,  211,  491,  556,  420,  260,  365,  424,  248,  580,  511,  101,  363,  128,  159],
        [   66,    0,  290,  448,  304,  399,  147,  414,  645,  607,  513,  665,  349,  395,  234,    0,  145,  197,  235,  492,  108,  405,  544,  417,  224,  308,  598,  296,  508,  273,  296,  405,  463,  401,  375,  117,  338,  495,  666,  358,  414,  280,  404,  292,  183,  371,  221,  532,  221,  330,  410,  647,  656,  489,  742,  474,  159,  170,  365,  234,  538,  466,  548,  116,  483,  435,  763,  494,  275,   97,  508,  108,  611,  247,   82,  449,  603,  527,  416,  388,  384,  489,  369,  476,  432,  548,  372,  523,  248,  725,  490,  514,  324,  483,  311,  689,  453,  651,   66,  333,  246,  421,  352,  365,  233,  450,  341,  506,  192,  256,  466,  563,  571,  654,  378,  309,  501,  305,  401,  705,  391,  461,  474,  642,  690,  508,  654,  474,  700,  541,  520,  312,  376,  652,  657,  161,  487,  408,  374,  674,  629,  418,  780,  569,  542,  226,  226,  237,  292,  475,  249,  338,  458,  285,  705,  334,  482,  322,  469,  300,  470,  489,  509,  580,  189,  320,  325,  263,  325,  654,  461,  566,  639,  460,  604,  381,  326,  238,  361,  268],
        [  125,    0,  290,  557,  426,  437,  259,  557,  788,  728,  479,  791,  232,  379,  370,  145,    0,  274,  268,  598,   43,  546,  666,  561,   80,  174,  716,  425,  651,  145,  424,  549,  578,  544,  451,   54,  243,  571,  781,  497,  538,  424,  515,  426,   50,  285,  270,  466,  107,  474,  515,  787,  800,  453,  873,  607,  243,  175,  309,  104,  656,  593,  661,   85,  498,  576,  890,  485,  247,  144,  613,   63,  730,  254,   72,  584,  746,  488,  543,  494,  492,  611,  493,  593,  468,  664,  426,  579,  159,  840,  461,  448,  382,  462,  278,  829,  499,  794,  119,  311,  127,  554,  370,  474,  104,  582,  299,  625,  273,  122,  581,  700,  671,  783,  387,  359,  441,  410,  529,  816,  530,  426,  397,  784,  807,  629,  786,  433,  811,  470,  460,  452,  488,  796,  800,  100,  518,  365,  384,  801,  749,  498,  894,  508,  671,  363,  301,  374,  386,  612,  393,  480,  565,  168,  824,  416,  598,  465,  383,  307,  482,  633,  629,  721,   98,  455,  407,  186,  188,  785,  605,  710,  750,  574,  708,  297,  454,  308,  496,  410],
        [  261,    0,  486,  574,  184,  208,  311,  380,  608,  702,  709,  742,  363,  254,  329,  197,  274,    0,   82,  621,  263,  355,  638,  410,  340,  444,  452,  202,  507,  326,  194,  415,  576,  370,  543,  282,  319,  656,  514,  299,  288,  286,  249,  219,  324,  550,   53,  721,  275,  324,  245,  673,  643,  358,  803,  542,  342,  366,  281,  305,  642,  553,  661,  297,  676,  379,  834,  333,  470,  293,  637,  278,  467,  444,  252,  516,  610,  723,  299,  524,  517,  589,  474,  330,  620,  655,  554,  698,  254,  825,  686,  417,  128,  680,  505,  617,  258,  604,  260,  212,  296,  495,  547,  497,  378,  351,  534,  608,  373,  394,  580,  476,  704,  534,  573,  117,  399,  450,  288,  815,  328,  331,  658,  654,  790,  607,  715,  668,  809,  728,  415,  267,  503,  627,  658,  340,  675,  602,  207,  749,  488,  579,  882,  760,  619,  181,   29,  192,  451,  393,  269,  379,  294,  316,  560,  144,  335,  300,  407,  153,  292,  474,  610,  512,  236,  246,  492,  246,  386,  716,  458,  548,  751,  577,  436,  561,  429,   42,  438,  251],
        [  292,    0,  518,  646,  256,  172,  369,  460,  685,  780,  732,  822,  302,  176,  403,  235,  268,   82,    0,  693,  269,  434,  716,  492,  320,  424,  501,  279,  588,  282,  269,  497,  651,  451,  601,  291,  251,  718,  557,  377,  353,  367,  301,  299,  316,  552,   30,  732,  237,  406,  291,  755,  723,  279,  884,  622,  391,  394,  201,  270,  718,  631,  736,  313,  717,  457,  915,  264,  492,  326,  709,  290,  516,  476,  267,  596,  692,  744,  366,  594,  587,  666,  549,  383,  667,  731,  606,  754,  201,  903,  711,  335,  118,  707,  527,  689,  232,  681,  289,  130,  254,  574,  586,  567,  367,  421,  553,  685,  424,  379,  655,  546,  775,  593,  610,   92,  317,  516,  356,  892,  406,  252,  664,  735,  867,  684,  796,  689,  885,  736,  333,  348,  574,  706,  739,  351,  721,  622,  140,  829,  539,  641,  960,  772,  698,  263,   83,  274,  513,  466,  350,  460,  338,  264,  608,  170,  387,  382,  328,   74,  235,  555,  687,  586,  203,  325,  551,  186,  339,  797,  539,  629,  827,  651,  470,  564,  504,   75,  517,  333],
        [  476,    0,  409,   47,  566,  817,  347,  433,  518,  160,  528,  241,  828,  867,  293,  492,  598,  621,  693,    0,  557,  464,  126,  377,  658,  686,  755,  527,  374,  743,  540,  343,   64,  425,  184,  546,  827,  143,  822,  477,  607,  386,  661,  498,  605,  606,  667,  632,  700,  388,  683,  360,  466,  968,  338,  195,  356,  446,  855,  701,   95,  143,   76,  517,  365,  480,  332,  953,  467,  454,   17,  536,  760,  408,  530,  202,  387,  549,  593,  105,  109,   98,  155,  679,  293,   90,  252,  230,  737,  249,  504, 1004,  731,  479,  476,  629,  849,  545,  482,  812,  722,  192,  356,  128,  627,  570,  498,   91,  326,  649,   61,  595,   83,  728,  376,  731,  990,  190,  580,  220,  486,  940,  632,  394,  218,  100,  274,  532,  215,  654, 1008,  455,  119,  491,  430,  528,  312,  515,  827,  254,  762,  144,  299,  636,  177,  476,  639,  472,  214,  545,  380,  299,  710,  763,  826,  697,  686,  416,  960,  766,  910,  402,   95,  560,  674,  498,  205,  754,  782,  272,  371,  432,  154,   56,  820,  605,  197,  655,  216,  424],
        [   83,    0,  264,  516,  402,  440,  217,  522,  752,  686,  466,  749,  272,  397,  328,  108,   43,  263,  269,  557,    0,  513,  624,  523,  118,  201,  694,  398,  613,  186,  397,  511,  537,  508,  413,   23,  279,  533,  761,  465,  513,  387,  496,  397,   75,  288,  266,  463,  145,  438,  498,  746,  762,  477,  831,  566,  202,  144,  336,  145,  614,  551,  619,   51,  472,  543,  848,  502,  228,  104,  572,   26,  708,  226,   30,  542,  706,  476,  517,  452,  451,  569,  451,  571,  437,  622,  391,  544,  192,  799,  446,  479,  378,  445,  261,  796,  500,  758,   77,  329,  166,  512,  342,  433,  127,  554,  286,  583,  233,  148,  540,  669,  631,  757,  361,  357,  470,  368,  502,  775,  498,  449,  398,  744,  765,  587,  744,  421,  770,  469,  489,  419,  447,  758,  761,   83,  488,  354,  394,  759,  727,  460,  853,  504,  629,  332,  291,  343,  345,  581,  356,  440,  547,  208,  802,  406,  577,  430,  418,  317,  493,  595,  587,  688,  128,  425,  368,  216,  230,  743,  567,  672,  708,  532,  692,  299,  412,  299,  454,  376],
        [  452,    0,  596,  425,  187,  469,  375,   37,  254,  463,  814,  471,  706,  586,  264,  405,  546,  355,  434,  464,  513,    0,  410,   95,  626,  712,  293,  156,  171,  652,  167,  125,  401,   40,  502,  521,  670,  570,  361,   57,  159,  138,  231,  137,  587,  748,  405,  874,  597,   97,  257,  346,  290,  687,  502,  295,  426,  522,  634,  619,  430,  335,  463,  514,  707,   31,  544,  633,  618,  464,  476,  511,  299,  562,  486,  275,  271,  834,  141,  414,  401,  385,  322,  223,  629,  447,  556,  646,  595,  579,  788,  762,  396,  770,  649,  284,  473,  253,  456,  559,  622,  275,  611,  389,  638,  107,  681,  403,  434,  660,  405,  169,  536,  288,  642,  412,  743,  390,  133,  587,   34,  664,  833,  315,  546,  397,  423,  790,  580,  889,  756,   96,  381,  272,  312,  554,  677,  737,  521,  472,  304,  511,  633,  900,  366,  189,  352,  177,  421,   90,  171,  173,  267,  651,  374,  332,  229,   88,  761,  496,  570,  131,  402,  176,  558,  110,  465,  593,  710,  425,  130,  197,  536,  408,  359,  755,  296,  364,  253,  138],
        [  541,    0,  515,  135,  547,  819,  408,  375,  411,   65,  652,  129,  890,  890,  317,  544,  666,  638,  716,  126,  624,  410,    0,  316,  733,  774,  691,  507,  285,  809,  521,  286,   97,  371,  298,  617,  881,  268,  753,  437,  565,  369,  629,  477,  681,  713,  688,  752,  761,  354,  653,  237,  352,  994,  222,  115,  430,  532,  894,  768,   34,   86,   69,  591,  491,  419,  227,  967,  570,  525,  126,  606,  694,  508,  596,  137,  274,  673,  549,  193,  189,   56,  176,  632,  417,   48,  369,  354,  791,  188,  627, 1041,  734,  602,  583,  528,  843,  440,  547,  841,  785,  148,  471,  202,  710,  514,  608,   45,  406,  734,   96,  516,  153,  647,  494,  739, 1026,  266,  538,  183,  438,  967,  748,  274,  152,   39,  150,  653,  176,  774, 1043,  427,  185,  381,  312,  609,  438,  631,  842,  141,  693,  265,  245,  759,   58,  472,  651,  465,  301,  481,  374,  271,  673,  826,  751,  689,  639,  385, 1008,  789,  917,  320,   40,  472,  732,  470,  307,  805,  853,  148,  296,  333,  126,  106,  766,  714,  218,  667,  200,  409],
        [  453,    0,  562,  342,  264,  549,  353,   60,  231,  368,  770,  377,  743,  654,  227,  417,  561,  410,  492,  377,  523,   95,  316,    0,  640,  717,  379,  226,   97,  680,  240,   35,  314,   57,  438,  528,  713,  492,  445,  134,  253,  138,  323,  200,  596,  731,  462,  839,  625,   90,  349,  267,  242,  757,  414,  201,  401,  506,  690,  644,  338,  243,  371,  515,  649,  105,  454,  710,  592,  457,  389,  517,  384,  533,  494,  183,  201,  790,  236,  339,  326,  293,  245,  317,  569,  355,  497,  572,  632,  484,  743,  825,  471,  724,  621,  301,  559,  242,  457,  620,  650,  186,  565,  317,  643,  199,  653,  311,  401,  666,  317,  224,  446,  355,  596,  484,  807,  330,  227,  492,  126,  733,  806,  244,  452,  305,  332,  751,  485,  856,  821,  147,  306,  236,  250,  551,  614,  703,  593,  379,  386,  440,  539,  862,  271,  230,  412,  219,  366,  169,  169,  110,  362,  684,  451,  412,  324,  111,  815,  559,  650,   73,  310,  204,  587,  181,  406,  635,  736,  334,   48,  150,  442,  321,  451,  736,  228,  426,  176,  163],
        [  197,    0,  312,  619,  501,  483,  328,  637,  868,  793,  470,  860,  191,  401,  445,  224,   80,  340,  320,  658,  118,  626,  733,  640,    0,  105,  788,  502,  730,  105,  500,  628,  643,  623,  500,  119,  223,  617,  852,  576,  613,  503,  586,  504,   53,  252,  327,  438,  101,  554,  585,  863,  879,  460,  944,  680,  305,  217,  312,   74,  721,  664,  724,  143,  516,  655,  959,  506,  258,  208,  672,  130,  803,  283,  147,  657,  824,  476,  619,  555,  554,  678,  562,  665,  498,  728,  466,  615,  160,  903,  456,  437,  437,  461,  282,  909,  546,  873,  191,  335,  104,  627,  395,  537,   60,  660,  296,  692,  332,   62,  646,  778,  728,  859,  407,  412,  433,  472,  605,  877,  609,  434,  365,  861,  870,  695,  858,  421,  872,  438,  451,  531,  552,  875,  878,  133,  544,  357,  419,  870,  822,  548,  956,  482,  742,  441,  366,  453,  445,  691,  472,  557,  634,  138,  897,  479,  670,  544,  360,  345,  514,  712,  696,  800,  120,  533,  460,  191,  126,  857,  684,  789,  811,  638,  776,  265,  525,  370,  569,  490],
        [  265,    0,  299,  651,  600,  586,  383,  720,  948,  831,  408,  902,  247,  495,  509,  308,  174,  444,  424,  686,  201,  712,  774,  717,  105,    0,  889,  598,  803,  178,  596,  702,  680,  706,  514,  192,  296,  624,  954,  665,  711,  584,  687,  597,  127,  175,  432,  357,  197,  634,  687,  925,  952,  545,  991,  735,  348,  243,  397,  165,  759,  712,  756,  203,  486,  743, 1001,  598,  238,  265,  699,  202,  903,  283,  227,  713,  893,  410,  716,  587,  589,  719,  609,  766,  484,  763,  467,  607,  253,  934,  398,  507,  542,  409,  250,  996,  649,  956,  261,  431,  192,  683,  380,  574,   75,  754,  252,  731,  369,   53,  683,  870,  748,  956,  383,  516,  506,  509,  701,  903,  698,  520,  281,  928,  902,  736,  908,  359,  899,  352,  524,  619,  590,  951,  948,  171,  523,  301,  519,  914,  923,  562,  984,  402,  790,  533,  470,  544,  476,  782,  552,  627,  736,  213,  997,  583,  771,  628,  421,  446,  612,  789,  736,  888,  223,  626,  482,  283,  162,  906,  759,  865,  839,  674,  879,  188,  577,  474,  627,  575],
        [  659,    0,  847,  717,  294,  428,  625,  322,  376,  737, 1074,  728,  803,  583,  537,  598,  716,  452,  501,  755,  694,  293,  691,  379,  788,  889,    0,  308,  415,  777,  304,  412,  691,  330,  788,  710,  749,  861,   72,  294,  187,  405,  204,  321,  764,  968,  481, 1117,  726,  380,  210,  564,  452,  661,  734,  577,  674,  751,  673,  757,  715,  622,  748,  714,  984,  275,  783,  579,  855,  682,  767,  702,   16,  808,  675,  561,  482, 1092,  190,  705,  692,  672,  614,  124,  909,  732,  835,  935,  700,  844, 1048,  760,  401, 1033,  890,  295,  392,  351,  661,  590,  747,  564,  877,  679,  818,  188,  922,  689,  690,  837,  695,  193,  825,  120,  908,  429,  738,  674,  206,  859,  275,  649, 1066,  519,  814,  682,  670, 1044,  852, 1129,  746,  333,  672,  416,  496,  758,  959,  985,  512,  726,   40,  800,  894, 1149,  641,  384,  431,  376,  701,  211,  430,  464,  165,  763,  109,  334,  119,  359,  793,  531,  507,  374,  688,  254,  688,  301,  746,  686,  836,  673,  396,  394,  815,  699,   98,  977,  586,  432,  545,  382],
        [  355,    0,  542,  483,   41,  323,  322,  185,  407,  567,  770,  591,  561,  431,  256,  296,  425,  202,  279,  527,  398,  156,  507,  226,  502,  598,  308,    0,  319,  513,   14,  241,  470,  177,  510,  411,  520,  604,  378,  100,  121,  142,  141,   31,  471,  663,  251,  810,  459,  155,  160,  492,  446,  533,  637,  397,  369,  444,  479,  485,  520,  423,  547,  411,  692,  178,  675,  484,  548,  375,  542,  402,  320,  502,  375,  373,  422,  787,  121,  451,  440,  469,  373,  191,  621,  536,  547,  666,  450,  689,  744,  607,  245,  731,  583,  418,  338,  403,  357,  404,  483,  360,  577,  422,  524,  158,  615,  488,  389,  545,  474,  280,  607,  359,  608,  259,  588,  399,  106,  689,  127,  510,  759,  466,  655,  484,  553,  738,  682,  822,  601,   83,  421,  428,  466,  455,  673,  678,  368,  595,  336,  533,  746,  842,  474,   77,  197,   72,  418,  194,  151,  237,  196,  509,  412,  187,  198,  125,  606,  341,  424,  282,  488,  312,  419,   47,  464,  445,  573,  554,  272,  352,  630,  474,  332,  672,  333,  208,  316,  103],
        [  539,    0,  626,  349,  354,  638,  429,  136,  160,  325,  822,  314,  839,  749,  300,  508,  651,  507,  588,  374,  613,  171,  285,   97,  730,  803,  415,  319,    0,  774,  332,  103,  312,  142,  473,  616,  810,  506,  474,  222,  325,  233,  400,  294,  685,  804,  559,  900,  719,  186,  426,  175,  150,  851,  334,  181,  475,  583,  787,  738,  313,  232,  349,  601,  687,  164,  379,  801,  662,  541,  383,  605,  417,  601,  584,  174,  104,  842,  306,  363,  351,  280,  273,  379,  607,  330,  539,  591,  728,  429,  795,  921,  563,  774,  688,  258,  644,  180,  544,  716,  745,  193,  618,  347,  729,  257,  719,  294,  470,  753,  315,  232,  431,  363,  648,  577,  903,  376,  301,  446,  205,  828,  872,  148,  400,  286,  260,  807,  439,  918,  917,  242,  332,  151,  153,  635,  646,  765,  687,  313,  413,  465,  480,  919,  231,  327,  508,  316,  416,  212,  261,  179,  431,  779,  467,  501,  384,  207,  912,  655,  739,   43,  291,  188,  682,  272,  450,  731,  829,  262,   50,   68,  404,  322,  499,  809,  272,  522,  212,  260],
        [  268,    0,  415,  701,  504,  426,  401,  668,  901,  871,  571,  933,   89,  320,  506,  273,  145,  326,  282,  743,  186,  652,  809,  680,  105,  178,  777,  513,  774,    0,  508,  672,  722,  655,  593,  198,  121,  712,  836,  598,  613,  542,  574,  521,  149,  347,  298,  532,   56,  591,  568,  919,  921,  367, 1013,  745,  387,  313,  220,   42,  800,  734,  805,  228,  620,  680, 1031,  422,  362,  289,  757,  207,  792,  384,  214,  721,  872,  576,  622,  638,  636,  754,  634,  655,  600,  808,  564,  715,   85,  985,  558,  335,  397,  564,  386,  929,  490,  904,  263,  259,   31,  692,  498,  619,  162,  669,  399,  769,  418,  156,  725,  792,  816,  859,  510,  370,  332,  554,  609,  961,  630,  342,  456,  912,  950,  772,  925,  522,  956,  529,  350,  557,  632,  913,  925,  230,  647,  459,  352,  942,  813,  641, 1038,  576,  811,  464,  346,  476,  531,  706,  513,  609,  616,   36,  885,  451,  660,  577,  256,  285,  440,  751,  772,  822,   95,  550,  551,  111,   60,  925,  726,  828,  894,  718,  751,  360,  594,  346,  633,  521],
        [  356,    0,  548,  495,   27,  310,  329,  197,  417,  581,  776,  605,  554,  419,  267,  296,  424,  194,  269,  540,  397,  167,  521,  240,  500,  596,  304,   14,  332,  508,    0,  255,  484,  190,  521,  411,  512,  615,  374,  112,  118,  155,  131,   44,  470,  665,  241,  815,  454,  169,  149,  505,  457,  521,  651,  411,  376,  448,  469,  481,  533,  437,  560,  412,  700,  189,  689,  471,  553,  378,  555,  403,  317,  508,  375,  386,  434,  793,  121,  463,  452,  482,  386,  185,  630,  549,  557,  677,  443,  703,  750,  596,  232,  737,  587,  424,  324,  412,  358,  393,  478,  374,  585,  435,  523,  162,  620,  501,  396,  544,  488,  285,  621,  360,  615,  246,  576,  410,  106,  703,  137,  498,  763,  479,  669,  498,  567,  743,  696,  826,  589,   97,  433,  438,  478,  456,  683,  683,  356,  609,  333,  544,  760,  847,  488,   84,  187,   80,  428,  201,  163,  250,  186,  503,  409,  174,  192,  139,  596,  330,  411,  294,  502,  319,  415,   60,  474,  438,  568,  568,  285,  364,  644,  487,  324,  674,  346,  198,  329,  116],
        [  437,    0,  536,  308,  280,  564,  331,   92,  251,  340,  741,  354,  739,  663,  203,  405,  549,  415,  497,  343,  511,  125,  286,   35,  628,  702,  412,  241,  103,  672,  255,    0,  280,   86,  405,  514,  711,  458,  479,  156,  280,  134,  348,  213,  583,  708,  468,  813,  618,   92,  373,  259,  252,  766,  396,  171,  378,  485,  694,  636,  306,  211,  339,  499,  617,  138,  434,  723,  568,  440,  355,  503,  418,  508,  482,  151,  201,  761,  264,  305,  292,  261,  211,  347,  537,  323,  466,  538,  628,  458,  714,  832,  484,  694,  596,  329,  577,  265,  442,  626,  644,  152,  536,  283,  628,  231,  628,  279,  376,  652,  284,  258,  413,  389,  566,  495,  814,  299,  254,  464,  153,  742,  781,  242,  425,  273,  313,  722,  457,  830,  829,  159,  272,  250,  253,  534,  581,  676,  604,  356,  420,  406,  513,  834,  243,  234,  420,  224,  336,  202,  160,   82,  389,  678,  485,  428,  354,  119,  818,  566,  665,   92,  278,  236,  581,  198,  375,  633,  728,  314,   58,  164,  412,  288,  483,  714,  196,  434,  142,  165],
        [  454,    0,  419,   43,  510,  768,  322,  370,  459,  151,  562,  225,  806,  826,  248,  463,  578,  576,  651,   64,  537,  401,   97,  314,  643,  680,  691,  470,  312,  722,  484,  280,    0,  362,  205,  528,  800,  197,  758,  416,  546,  329,  602,  441,  591,  617,  625,  660,  677,  327,  625,  313,  411,  928,  318,  134,  339,  438,  821,  681,   79,   82,   86,  501,  406,  417,  322,  908,  474,  436,   76,  517,  697,  412,  509,  139,  331,  583,  532,   97,   93,   48,  103,  618,  329,   86,  276,  284,  710,  263,  537,  969,  682,  512,  487,  568,  797,  485,  460,  773,  700,  128,  377,  107,  618,  507,  512,   53,  313,  641,    5,  532,  138,  664,  400,  683,  955,  172,  519,  244,  424,  901,  653,  342,  229,   60,  244,  561,  238,  681,  972,  396,   91,  434,  377,  517,  356,  536,  783,  237,  699,  176,  318,  668,  132,  423,  593,  418,  205,  482,  326,  238,  650,  741,  763,  644,  625,  356,  930,  724,  863,  339,   58,  497,  649,  440,  211,  725,  765,  242,  308,  371,  178,   11,  758,  617,  148,  609,  156,  368],
