{
    "name": "random-58-25305",
    "comment": "size=58 seed=25305",
    "nodes": ["+0", "-0", "+1", "-1", "+2", "-2", "+3", "-3", "+4", "-4", "+5", "-5", "+6", "-6", "+7", "-7", "+8", "-8", "+9", "-9", "+10", "-10", "+11", "-11", "+12", "-12", "+13", "-13", "+14", "-14", "+15", "-15", "+16", "-16", "+17", "-17", "+18", "-18", "+19", "-19", "+20", "-20", "+21", "-21", "+22", "-22", "+23", "-23", "+24", "-24", "+25", "-25", "+26", "-26", "+27", "-27", "+28", "-28", "+29", "-29", "+30", "-30", "+31", "-31", "+32", "-32", "+33", "-33", "+34", "-34", "+35", "-35", "+36", "-36", "+37", "-37", "+38", "-38", "+39", "-39", "+40", "-40", "+41", "-41", "+42", "-42", "+43", "-43", "+44", "-44", "+45", "-45", "+46", "-46", "+47", "-47", "+48", "-48", "+49", "-49", "+50", "-50", "+51", "-51", "+52", "-52", "+53", "-53", "+54", "-54", "+55", "-55", "+56", "-56", "+57", "-57", "+58", "-58"],
    "precedence": {
        "+0": "-0",
        "+1": "-1",
        "+2": "-2",
        "+3": "-3",
        "+4": "-4",
        "+5": "-5",
        "+6": "-6",
        "+7": "-7",
        "+8": "-8",
        "+9": "-9",
        "+10": "-10",
        "+11": "-11",
        "+12": "-12",
        "+13": "-13",
        "+14": "-14",
        "+15": "-15",
        "+16": "-16",
        "+17": "-17",
        "+18": "-18",
        "+19": "-19",
        "+20": "-20",
        "+21": "-21",
        "+22": "-22",
        "+23": "-23",
        "+24": "-24",
        "+25": "-25",
        "+26": "-26",
        "+27": "-27",
        "+28": "-28",
        "+29": "-29",
        "+30": "-30",
        "+31": "-31",
        "+32": "-32",
        "+33": "-33",
        "+34": "-34",
        "+35": "-35",
        "+36": "-36",
        "+37": "-37",
        "+38": "-38",
        "+39": "-39",
        "+40": "-40",
        "+41": "-41",
        "+42": "-42",
        "+43": "-43",
        "+44": "-44",
        "+45": "-45",
        "+46": "-46",
        "+47": "-47",
        "+48": "-48",
        "+49": "-49",
        "+50": "-50",
        "+51": "-51",
        "+52": "-52",
        "+53": "-53",
        "+54": "-54",
        "+55": "-55",
        "+56": "-56",
        "+57": "-57",
        "+58": "-58"
    },
    "edges": [
        [    0,    0,  343,  862,  343,  582,  605,  720,  607,  195,  449,  291,  624,  514,  505,  942,  453,  108,  315,  193,  424,  689,  485,  544,  992,  649,  568,  734,  726,  519,  207,  648,  180,  162,  617,  451,  424,  656,  364, 1073,  414,  408,   54,  322,  650,  147,  241,  586,  164,  452,  627,  895,  612,  560,  574,  443,  786,  947,  166,  202,  797,  552,  459,  378,  378,  278,  717,  145,  556,  450,  825,  784,  706,  647,  500,  279,  670,  168,  745,  581,  633,  463,   92,  542,   27,  624,  780,  648,  692,  282,  510,  736,  828,  714,  125,  312,  843,  185,  937,  264,  571,  649,  189,  873,  941,  860,  232,  378,  814,  741,  704,  101,  727,  508,  748,  409,  412,  733],
        [    0,    0,    0,    0,    0,    0,    0,    0,    0,    0,    0,    0,    0,    0,    0,    0,    0,    0,    0,    0,    0,    0,    0,    0,    0,    0,    0,    0,    0,    0,    0,    0,    0,    0,    0,    0,    0,    0,    0,    0,    0,    0,    0,    0,    0,    0,    0,    0,    0,    0,    0,    0,    0,    0,    0,    0,    0,    0,    0,    0,    0,    0,    0,    0,    0,    0,    0,    0,    0,    0,    0,    0,    0,    0,    0,    0,    0,    0,    0,    0,    0,    0,    0,    0,    0,    0,    0,    0,    0,    0,    0,    0,    0,    0,    0,    0,    0,    0,    0,    0,    0,    0,    0,    0,    0,    0,    0,    0,    0,    0,    0,    0,    0,    0,    0,    0,    0,    0],
        [  343,    0,    0,  549,  277,  351,  289,  574,  382,  438,  405,  348,  510,  353,  171,  602,  193,  442,  287,  317,   97,  405,  193,  235,  670,  609,  241,  425,  436,  490,  361,  638,  164,  357,  332,  220,  195,  377,  161,  750,  209,  169,  395,  310,  513,  405,  207,  294,  333,  319,  537,  554,  293,  414,  232,  105,  599,  606,  440,  200,  466,  412,  129,  318,  198,  250,  518,  201,  395,  376,  504,  443,  593,  438,  342,  276,  335,  508,  521,  318,  551,  262,  423,  288,  316,  341,  518,  597,  686,  171,  322,  451,  583,  512,  399,  120,  623,  475,  597,  190,  233,  618,  513,  576,  617,  571,  167,  258,  591,  472,  538,  443,  421,  208,  439,  167,  211,  694],
        [  862,    0,  549,    0,  791,  332,  495,  920,  327,  985,  600,  698,  911,  446,  465,  387,  605,  968,  620,  866,  453,  193,  558,  520,  573, 1049,  467,  128,  593,  963,  910, 1093,  689,  905,  578,  645,  447,  225,  504,  612,  668,  627,  907,  633,  888,  951,  637,  559,  881,  775,  952,  358,  484,  817,  384,  484,  389,  365,  896,  748,  127,  468,  499,  820,  500,  629,  352,  719,  437,  563,   61,  235,  969,  340,  766,  645,  401, 1009,  293,  300,  968,  689,  951,  338,  838,  586,  195, 1031, 1138,  588,  726,  156,  243,  346,  869,  551,  318,  933,  391,  611,  416, 1062,  993,  628,  531,  105,  715,  535,  302,  659,  420,  956,  539,  543,  115,  456,  672, 1118],
        [  343,    0,  277,  791,    0,  627,  366,  379,  659,  291,  641,  531,  288,  621,  331,  726,  202,  388,  501,  171,  365,  672,  252,  309,  722,  348,  357,  675,  435,  221,  194,  368,  274,  227,  337,  172,  469,  646,  424,  803,  135,  167,  389,  521,  310,  290,  399,  319,  206,  112,  299,  686,  376,  218,  415,  308,  875,  740,  503,  160,  687,  679,  293,   45,  459,  455,  795,  291,  665,  621,  737,  628,  373,  714,  162,  475,  463,  490,  797,  592,  308,  154,  369,  565,  324,  340,  789,  341,  417,  393,  182,  715,  856,  789,  459,  367,  899,  527,  719,  399,  392,  354,  527,  578,  679,  830,  155,  507,  867,  431,  812,  420,  454,  274,  688,  441,  131,  436],
        [  582,    0,  351,  332,  627,    0,  488,  884,   32,  740,  270,  373,  839,  116,  383,  608,  501,  688,  300,  642,  269,  140,  472,  471,  757,  952,  435,  224,  639,  838,  685,  984,  432,  666,  568,  539,  168,  111,  227,  820,  543,  498,  619,  309,  832,  698,  343,  534,  647,  659,  871,  563,  482,  739,  350,  352,  251,  597,  583,  527,  337,  151,  386,  668,  205,  318,  170,  454,  118,  232,  322,  403,  915,   90,  672,  330,  448,  709,  173,   62,  886,  587,  674,   66,  561,  579,  200,  938, 1032,  302,  642,  178,  248,  163,  563,  287,  275,  619,  608,  319,  383,  961,  685,  739,  704,  293,  503,  216,  243,  697,  203,  666,  597,  471,  233,  192,  546, 1034],
        [  605,    0,  289,  495,  366,  488,    0,  428,  516,  637,  653,  631,  417,  551,  127,  361,  168,  690,  561,  506,  273,  452,  124,   63,  387,  558,   57,  411,  158,  486,  542,  605,  441,  560,   87,  194,  407,  442,  410,  468,  232,  212,  659,  584,  393,  621,  494,   65,  535,  308,  459,  320,   12,  326,  140,  192,  721,  374,  724,  415,  372,  610,  161,  379,  441,  531,  644,  477,  582,  618,  435,  286,  475,  572,  285,  558,  105,  773,  619,  430,  475,  224,  670,  426,  579,   96,  569,  539,  648,  452,  243,  481,  643,  637,  681,  395,  706,  758,  354,  474,  105,  572,  788,  289,  337,  566,  379,  509,  676,  211,  689,  703,  133,  100,  421,  385,  236,  624],
        [  720,    0,  574,  920,  379,  884,  428,    0,  915,  625,  977,  893,  103,  918,  504,  684,  388,  751,  848,  536,  624,  873,  413,  421,  581,  206,  468,  838,  346,  251,  542,  262,  639,  585,  343,  356,  759,  859,  734,  645,  367,  406,  764,  870,   70,  643,  752,  367,  570,  277,  126,  664,  438,  167,  559,  535, 1131,  707,  881,  535,  794,  979,  500,  342,  771,  805, 1051,  662,  957,  950,  860,  696,   66,  973,  238,  829,  520,  857, 1033,  833,  134,  312,  734,  819,  702,  335,  993,  186,  283,  732,  252,  906, 1066, 1043,  837,  690, 1126,  904,  675,  745,  524,  222,  899,  413,  562,  993,  522,  832, 1095,  288, 1086,  789,  399,  415,  849,  731,  366,  230],
        [  607,    0,  382,  327,  659,   32,  516,  915,    0,  768,  274,  388,  870,  121,  413,  622,  533,  713,  318,  671,  301,  140,  503,  501,  776,  983,  463,  229,  666,  870,  714, 1016,  461,  695,  597,  571,  198,  116,  255,  837,  575,  530,  643,  325,  863,  725,  367,  563,  676,  691,  903,  578,  510,  771,  377,  383,  219,  609,  602,  558,  345,  144,  417,  699,  232,  340,  138,  481,  111,  238,  324,  418,  946,   59,  703,  349,  472,  731,  143,   87,  917,  619,  699,   98,  587,  607,  179,  970, 1064,  328,  673,  172,  221,  132,  583,  317,  245,  637,  622,  344,  411,  993,  704,  762,  723,  279,  533,  237,  213,  724,  174,  689,  623,  501,  236,  223,  577, 1065],
        [  195,    0,  438,  985,  291,  740,  637,  625,  768,    0,  639,  485,  523,  688,  567,  995,  470,  149,  501,  132,  533,  829,  514,  576, 1008,  509,  614,  859,  724,  390,   98,  495,  309,   82,  622,  451,  574,  797,  514, 1089,  411,  426,  203,  511,  559,   49,  412,  599,  107,  396,  514,  951,  646,  487,  648,  520,  961, 1005,  338,  241,  902,  732,  521,  305,  537,  459,  888,  288,  731,  637,  940,  867,  597,  814,  445,  465,  723,  252,  910,  727,  515,  443,  141,  691,  202,  626,  932,  513,  535,  442,  471,  876,  987,  884,  307,  455, 1010,  343,  989,  430,  635,  506,  307,  868,  963,  999,  277,  552,  980,  721,  883,  199,  739,  538,  873,  553,  407,  586],
        [  449,    0,  405,  600,  641,  270,  653,  977,  274,  639,    0,  163,  907,  155,  528,  856,  596,  540,  145,  582,  382,  410,  588,  614,  985,  988,  597,  493,  810,  860,  617, 1007,  375,  583,  717,  624,  248,  380,  249, 1055,  610,  572,  465,  130,  914,  591,  247,  679,  572,  712,  929,  809,  651,  814,  535,  470,  368,  848,  381,  495,  602,  144,  507,  685,  215,  191,  319,  373,  169,   40,  592,  653,  991,  277,  742,  177,  649,  524,  368,  315,  941,  665,  532,  286,  438,  727,  442,  980, 1055,  249,  725,  445,  460,  319,  378,  287,  446,  410,  855,  242,  559,  994,  483,  934,  930,  548,  488,  148,  424,  857,  282,  503,  781,  598,  502,  269,  611, 1075],
        [  291,    0,  348,  698,  531,  373,  631,  893,  388,  485,  163,    0,  813,  272,  505,  893,  535,  379,   81,  444,  366,  507,  540,  581,  996,  876,  578,  578,  782,  745,  475,  888,  258,  436,  679,  554,  270,  474,  234, 1072,  532,  501,  303,   65,  826,  436,  144,  641,  428,  619,  829,  844,  632,  727,  537,  439,  523,  890,  223,  375,  673,  289,  472,  576,  217,  100,  466,  244,  304,  175,  678,  701,  898,  409,  656,   74,  653,  363,  507,  399,  839,  589,  371,  361,  283,  688,  566,  870,  936,  180,  648,  549,  598,  465,  216,  236,  595,  255,  890,  158,  553,  880,  326,  919,  942,  665,  377,  165,  570,  820,  438,  341,  763,  556,  590,  277,  532,  963],
        [  624,    0,  510,  911,  288,  839,  417,  103,  870,  523,  907,  813,    0,  861,  469,  716,  338,  651,  773,  437,  572,  843,  372,  395,  636,  147,  447,  818,  373,  151,  441,  201,  556,  485,  338,  300,  702,  826,  671,  706,  302,  345,  667,  795,   47,  541,  674,  352,  470,  196,   44,  690,  428,  100,  535,  488, 1088,  737,  787,  447,  789,  921,  455,  247,  707,  729, 1008,  576,  902,  883,  851,  699,   86,  928,  169,  752,  517,  757,  996,  791,   61,  253,  634,  773,  608,  332,  964,  127,  237,  660,  198,  880, 1037, 1000,  743,  622, 1092,  809,  707,  670,  501,  162,  801,  469,  611,  976,  437,  765, 1061,  327, 1038,  690,  420,  380,  830,  674,  300,  208],
        [  514,    0,  353,  446,  621,  116,  551,  918,  121,  688,  155,  272,  861,    0,  433,  713,  530,  617,  208,  605,  296,  256,  510,  523,  853,  961,  495,  339,  707,  840,  646,  988,  389,  620,  625,  564,  160,  226,  198,  920,  560,  517,  544,  212,  860,  643,  277,  588,  604,  672,  889,  667,  547,  763,  420,  386,  273,  704,  491,  499,  450,   62,  423,  665,  164,  238,  203,  402,   45,  117,  438,  509,  942,  139,  692,  242,  529,  624,  238,  165,  903,  610,  605,  142,  497,  635,  296,  949, 1036,  249,  668,  291,  327,  200,  475,  257,  331,  524,  713,  259,  450,  969,  594,  819,  799,  399,  481,  138,  303,  760,  197,  589,  671,  514,  348,  188,  562, 1046],
        [  505,    0,  171,  465,  331,  383,  127,  504,  413,  567,  528,  505,  469,  433,    0,  438,  142,  598,  434,  437,  147,  375,   98,   91,  500,  596,   73,  357,  283,  501,  478,  637,  331,  487,  192,  182,  284,  358,  284,  579,  204,  164,  558,  457,  456,  544,  371,  155,  462,  312,  506,  391,  127,  370,   85,   68,  627,  445,  610,  331,  356,  493,   48,  357,  315,  406,  547,  368,  467,  493,  409,  303,  540,  471,  310,  432,  166,  672,  530,  329,  521,  228,  578,  318,  479,  203,  496,  580,  683,  327,  273,  412,  568,  540,  569,  270,  625,  645,  432,  350,   68,  608,  682,  414,  447,  515,  294,  383,  594,  331,  586,  605,  258,   90,  370,  260,  208,  672],
        [  942,    0,  602,  387,  726,  608,  361,  684,  622,  995,  856,  893,  716,  713,  438,    0,  528, 1035,  813,  864,  539,  493,  482,  421,  191,  862,  382,  406,  344,  820,  901,  916,  766,  917,  402,  555,  627,  508,  660,  227,  593,  571,  995,  834,  678,  976,  780,  411,  891,  658,  760,   49,  351,  645,  372,  499,  757,   27, 1036,  765,  290,  758,  485,  736,  678,  799,  702,  803,  725,  817,  343,  205,  745,  660,  626,  824,  274, 1109,  651,  551,  776,  579, 1016,  573,  915,  404,  562,  842,  951,  730,  584,  488,  623,  695,  998,  675,  699, 1073,    9,  755,  371,  878, 1115,  296,  159,  490,  728,  739,  679,  396,  767, 1042,  298,  458,  404,  617,  596,  910],
        [  453,    0,  193,  605,  202,  501,  168,  388,  533,  470,  596,  535,  338,  530,  142,  528,    0,  531,  478,  339,  236,  512,   51,  109,  545,  458,  156,  498,  273,  359,  375,  497,  306,  394,  164,   41,  371,  492,  350,  626,   68,   47,  507,  501,  332,  456,  391,  134,  369,  171,  372,  487,  178,  238,  222,  150,  751,  541,  587,  255,  494,  591,  119,  221,  385,  439,  670,  340,  569,  567,  549,  428,  415,  591,  172,  465,  261,  619,  659,  454,  387,   88,  511,  436,  429,  171,  633,  443,  543,  361,  141,  551,  704,  663,  543,  312,  757,  619,  522,  378,  195,  469,  641,  420,  497,  656,  222,  449,  725,  294,  701,  549,  276,   73,  511,  344,   72,  537],
        [  108,    0,  442,  968,  388,  688,  690,  751,  713,  149,  540,  379,  651,  617,  598, 1035,  531,    0,  414,  218,  527,  796,  567,  628, 1074,  652,  657,  840,  800,  528,  211,  642,  283,  166,  693,  522,  531,  763,  471, 1155,  483,  484,   76,  419,  683,  113,  346,  664,  183,  499,  647,  989,  697,  601,  670,  539,  887, 1042,  197,  276,  901,  652,  551,  415,  485,  380,  820,  250,  657,  546,  930,  884,  729,  751,  549,  378,  762,  107,  850,  688,  650,  526,   20,  649,  131,  698,  886,  654,  682,  389,  566,  843,  934,  817,  174,  419,  947,  196, 1030,  370,  665,  649,  159,  947, 1025,  967,  311,  481,  918,  808,  804,   51,  806,  591,  854,  516,  480,  731],
        [  315,    0,  287,  620,  501,  300,  561,  848,  318,  501,  145,   81,  773,  208,  434,  813,  478,  414,    0,  438,  292,  430,  478,  514,  920,  849,  507,  499,  715,  719,  474,  865,  232,  441,  614,  501,  189,  397,  156,  995,  482,  448,  340,   24,  783,  453,  103,  576,  429,  578,  793,  765,  561,  683,  461,  370,  474,  810,  285,  352,  592,  238,  404,  546,  136,   47,  409,  229,  245,  137,  598,  620,  858,  346,  611,   37,  577,  417,  445,  321,  804,  539,  403,  282,  301,  624,  497,  841,  914,  118,  599,  473,  534,  407,  268,  169,  538,  320,  811,  104,  479,  854,  387,  848,  865,  592,  347,   86,  510,  755,  391,  383,  692,  491,  511,  197,  483,  936],
        [  193,    0,  317,  866,  171,  642,  506,  536,  671,  132,  582,  444,  437,  605,  437,  864,  339,  218,  438,    0,  414,  718,  383,  445,  880,  457,  483,  742,  597,  327,   44,  458,  217,   57,  494,  321,  474,  688,  417,  961,  282,  295,  231,  453,  467,  121,  339,  469,   35,  282,  437,  820,  515,  383,  519,  392,  875,  874,  358,  119,  778,  655,  392,  197,  445,  393,  799,  210,  649,  573,  819,  738,  518,  721,  332,  405,  592,  323,  814,  622,  442,  317,  200,  587,  182,  498,  826,  456,  503,  357,  352,  764,  886,  794,  316,  356,  916,  375,  857,  351,  505,  457,  364,  742,  833,  886,  152,  473,  884,  599,  801,  254,  610,  407,  756,  450,  278,  542],
        [  424,    0,   97,  453,  365,  269,  273,  624,  301,  533,  382,  366,  572,  296,  147,  539,  236,  527,  292,  414,    0,  310,  215,  234,  630,  683,  217,  328,  429,  570,  458,  715,  245,  452,  337,  272,  140,  283,  138,  707,  274,  229,  474,  315,  568,  499,  242,  299,  429,  390,  603,  490,  272,  473,  173,   91,  520,  540,  499,  296,  375,  357,  129,  403,  169,  268,  439,  279,  334,  348,  409,  364,  650,  359,  404,  294,  287,  584,  435,  229,  617,  320,  509,  204,  398,  347,  425,  669,  764,  193,  376,  355,  492,  432,  462,  137,  535,  536,  535,  218,  187,  692,  582,  558,  576,  474,  263,  237,  503,  476,  466,  523,  403,  220,  342,  115,  277,  765],
        [  689,    0,  405,  193,  672,  140,  452,  873,  140,  829,  410,  507,  843,  256,  375,  493,  512,  796,  430,  718,  310,    0,  472,  454,  657,  969,  406,   90,  587,  867,  762, 1008,  523,  750,  538,  552,  266,   34,  326,  713,  566,  521,  730,  442,  829,  790,  456,  509,  729,  681,  880,  451,  444,  744,  315,  369,  281,  478,  709,  600,  208,  283,  395,  707,  316,  441,  215,  550,  251,  372,  184,  293,  913,  169,  683,  457,  385,  828,  173,  111,  896,  600,  780,  151,  666,  547,  121,  954, 1055,  409,  648,   48,  194,  207,  685,  379,  255,  746,  494,  430,  351,  981,  808,  665,  607,  172,  570,  345,  225,  650,  276,  779,  539,  464,   96,  281,  569, 1047],
        [  485,    0,  193,  558,  252,  472,  124,  413,  503,  514,  588,  540,  372,  510,   98,  482,   51,  567,  478,  383,  215,  472,    0,   62,  508,  499,  106,  454,  248,  405,  420,  540,  328,  437,  141,   88,  354,  454,  340,  589,  118,   89,  539,  501,  361,  498,  399,  105,  412,  218,  409,  439,  132,  273,  174,  124,  719,  493,  611,  292,  445,  571,   88,  271,  375,  442,  639,  363,  547,  556,  501,  378,  445,  561,  212,  469,  212,  652,  625,  421,  424,  132,  547,  406,  459,  150,  593,  482,  586,  363,  176,  510,  665,  632,  567,  310,  720,  644,  475,  383,  145,  511,  670,  393,  458,  612,  257,  441,  689,  280,  674,  582,  243,   25,  466,  327,  122,  575],
        [  544,    0,  235,  520,  309,  471,   63,  421,  501,  576,  614,  581,  395,  523,   91,  421,  109,  628,  514,  445,  234,  454,   62,    0,  449,  529,   54,  424,  202,  446,  482,  574,  381,  498,  104,  140,  372,  439,  368,  530,  175,  151,  597,  537,  377,  560,  442,   66,  473,  262,  434,  378,   71,  298,  141,  146,  713,  432,  665,  353,  402,  583,  110,  326,  400,  482,  634,  418,  557,  581,  462,  327,  460,  559,  247,  508,  154,  711,  614,  417,  450,  175,  608,  407,  518,  114,  574,  512,  618,  402,  206,  487,  647,  627,  622,  347,  706,  698,  414,  423,  107,  542,  727,  342,  398,  582,  317,  468,  675,  244,  674,  642,  188,   38,  436,  348,  179,  601],
        [  992,    0,  670,  573,  722,  757,  387,  581,  776, 1008,  985,  996,  636,  853,  500,  191,  545, 1074,  920,  880,  630,  657,  508,  449,    0,  778,  430,  576,  290,  764,  912,  834,  827,  935,  387,  559,  742,  667,  764,   82,  599,  590, 1046,  942,  593,  998,  868,  412,  911,  632,  679,  216,  382,  588,  459,  567,  932,  216, 1108,  798,  467,  904,  542,  720,  788,  898,  871,  863,  871,  946,  525,  366,  645,  820,  590,  924,  343, 1159,  824,  697,  693,  568, 1054,  712,  966,  383,  740,  757,  862,  821,  553,  660,  804,  863, 1067,  765,  879, 1143,  185,  846,  444,  794, 1175,  169,   55,  676,  764,  854,  857,  314,  932, 1089,  270,  485,  577,  727,  602,  810],
        [  649,    0,  609, 1049,  348,  952,  558,  206,  983,  509,  988,  876,  147,  961,  596,  862,  458,  652,  849,  457,  683,  969,  499,  529,  778,    0,  582,  951,  519,  133,  447,   57,  620,  494,  482,  418,  804,  949,  766,  845,  409,  454,  684,  868,  186,  539,  746,  493,  486,  293,  103,  836,  569,  233,  668,  605, 1202,  884,  814,  502,  928, 1020,  576,  304,  801,  803, 1121,  633, 1003,  968,  990,  841,  144, 1041,  287,  822,  660,  758, 1114,  908,   87,  370,  638,  886,  638,  476, 1090,   22,   91,  741,  325, 1008, 1161, 1114,  773,  711, 1213,  830,  854,  747,  635,   17,  809,  610,  754, 1109,  503,  853, 1181,  471, 1146,  697,  566,  510,  963,  776,  406,   88],
        [  568,    0,  241,  467,  357,  435,   57,  468,  463,  614,  597,  578,  447,  495,   73,  382,  156,  657,  507,  483,  217,  406,  106,   54,  430,  582,    0,  373,  214,  500,  522,  627,  398,  535,  135,  190,  351,  394,  355,  510,  223,  193,  621,  530,  427,  595,  443,  103,  510,  315,  486,  338,   55,  351,   92,  140,  672,  392,  679,  384,  348,  554,  113,  376,  385,  478,  594,  435,  526,  562,  408,  275,  510,  520,  301,  505,  109,  735,  570,  378,  503,  228,  637,  372,  541,  145,  526,  565,  671,  399,  260,  438,  599,  586,  637,  343,  660,  714,  376,  423,   56,  596,  748,  342,  378,  530,  348,  454,  630,  266,  637,  667,  186,   84,  384,  329,  227,  653],
        [  734,    0,  425,  128,  675,  224,  411,  838,  229,  859,  493,  578,  818,  339,  357,  406,  498,  840,  499,  742,  328,   90,  454,  424,  576,  951,  373,    0,  532,  857,  785,  993,  561,  779,  497,  539,  321,  114,  377,  629,  558,  515,  779,  513,  799,  824,  511,  472,  756,  669,  857,  366,  401,  721,  284,  367,  357,  390,  771,  624,  119,  371,  386,  707,  374,  504,  297,  592,  338,  454,  101,  211,  882,  258,  665,  522,  330,  881,  248,  181,  873,  585,  823,  217,  710,  506,  170,  934, 1038,  461,  627,   85,  242,  290,  743,  423,  313,  808,  407,  484,  318,  963,  867,  596,  527,  159,  591,  413,  288,  597,  361,  828,  481,  441,   15,  329,  562, 1024],
        [  726,    0,  436,  593,  435,  639,  158,  346,  666,  724,  810,  782,  373,  707,  283,  344,  273,  800,  715,  597,  429,  587,  248,  202,  290,  519,  214,  532,    0,  484,  627,  573,  575,  653,  109,  279,  564,  582,  566,  369,  318,  318,  779,  738,  335,  717,  643,  144,  630,  343,  416,  320,  161,  307,  290,  346,  864,  366,  858,  526,  466,  766,  311,  431,  598,  683,  790,  610,  737,  775,  534,  361,  405,  721,  302,  710,  203,  891,  758,  579,  432,  281,  780,  579,  701,  103,  699,  498,  608,  603,  264,  610,  772,  782,  814,  548,  840,  890,  335,  625,  258,  534,  913,  148,  251,  678,  494,  666,  812,   66,  838,  820,   55,  230,  540,  542,  321,  568],
        [  519,    0,  490,  963,  221,  838,  486,  251,  870,  390,  860,  745,  151,  840,  501,  820,  359,  528,  719,  327,  570,  867,  405,  446,  764,  133,  500,  857,  484,    0,  319,  149,  490,  366,  422,  319,  684,  845,  643,  838,  302,  346,  555,  739,  196,  415,  617,  423,  357,  189,  129,  788,  497,  177,  579,  499, 1088,  839,  684,  371,  847,  897,  474,  176,  678,  673, 1007,  501,  882,  841,  905,  770,  211,  926,  201,  692,  590,  634, 1004,  798,  127,  274,  513,  773,  507,  419,  987,  130,  197,  613,  244,  908, 1057, 1000,  642,  586, 1105,  701,  812,  618,  548,  136,  683,  599,  732, 1015,  373,  727, 1073,  450, 1028,  571,  524,  421,  870,  656,  298,  219],
        [  207,    0,  361,  910,  194,  685,  542,  542,  714,   98,  617,  475,  441,  646,  478,  901,  375,  211,  474,   44,  458,  762,  420,  482,  912,  447,  522,  785,  627,  319,    0,  442,  257,   48,  525,  354,  517,  732,  460,  992,  314,  331,  238,  488,  474,  102,  377,  503,   47,  301,  437,  858,  551,  396,  560,  435,  916,  912,  370,  163,  821,  694,  433,  212,  487,  429,  841,  247,  689,  610,  862,  780,  519,  763,  351,  441,  630,  317,  856,  665,  440,  346,  195,  631,  202,  529,  870,  447,  486,  397,  375,  808,  929,  836,  331,  398,  958,  384,  895,  390,  545,  446,  364,  770,  866,  930,  196,  513,  927,  625,  842,  253,  642,  444,  799,  494,  311,  529],
        [  648,    0,  638, 1093,  368,  984,  605,  262, 1016,  495, 1007,  888,  201,  988,  637,  916,  497,  642,  865,  458,  715, 1008,  540,  574,  834,   57,  627,  993,  573,  149,  442,    0,  635,  489,  532,  457,  832,  987,  791,  902,  444,  489,  679,  884,  242,  530,  763,  541,  484,  328,  157,  889,  617,  281,  711,  641, 1234,  937,  812,  515,  975, 1046,  614,  324,  826,  819, 1153,  645, 1030,  989, 1035,  890,  199, 1073,  328,  838,  708,  746, 1149,  943,  142,  409,  630,  919,  639,  527, 1128,   78,   49,  761,  368, 1047, 1199, 1147,  772,  734, 1249,  825,  908,  765,  679,   41,  800,  666,  810, 1151,  520,  875, 1217,  527, 1175,  689,  620,  553, 1005,  804,  441,   93],
        [  180,    0,  164,  689,  274,  432,  441,  639,  461,  309,  375,  258,  556,  389,  331,  766,  306,  283,  232,  217,  245,  523,  328,  381,  827,  620,  398,  561,  575,  490,  257,  635,    0,  234,  467,  316,  265,  491,  206,  907,  287,  265,  231,  250,  571,  268,  129,  432,  216,  363,  571,  718,  446,  473,  396,  267,  660,  770,  284,  120,  619,  439,  287,  318,  231,  185,  585,   38,  433,  361,  649,  605,  641,  508,  403,  203,  497,  344,  603,  420,  581,  343,  265,  383,  154,  474,  624,  613,  683,  141,  399,  570,  679,  580,  241,  147,  704,  318,  761,  136,  396,  625,  351,  720,  775,  694,  120,  257,  673,  600,  585,  280,  568,  348,  575,  245,  286,  707],
        [  162,    0,  357,  905,  227,  666,  560,  585,  695,   82,  583,  436,  485,  620,  487,  917,  394,  166,  441,   57,  452,  750,  437,  498,  935,  494,  535,  779,  653,  366,   48,  489,  234,    0,  550,  377,  499,  720,  440, 1017,  337,  349,  191,  454,  517,   64,  347,  525,   26,  337,  482,  872,  569,  436,  567,  438,  893,  926,  323,  159,  821,  667,  440,  250,  465,  397,  818,  219,  664,  578,  860,  786,  564,  742,  387,  407,  644,  272,  837,  651,  486,  374,  150,  615,  158,  554,  855,  494,  532,  372,  408,  797,  912,  814,  285,  379,  938,  337,  910,  363,  554,  493,  318,  799,  889,  920,  195,  485,  907,  656,  816,  206,  666,  461,  793,  477,  334,  576],
        [  617,    0,  332,  578,  337,  568,   87,  343,  597,  622,  717,  679,  338,  625,  192,  402,  164,  693,  614,  494,  337,  538,  141,  104,  387,  482,  135,  497,  109,  422,  525,  532,  467,  550,    0,  173,  475,  527,  470,  468,  213,  210,  671,  638,  311,  613,  538,   39,  525,  258,  381,  368,   96,  252,  225,  248,  806,  420,  749,  418,  454,  685,  212,  340,  503,  581,  728,  501,  658,  684,  518,  361,  391,  654,  224,  607,  180,  783,  704,  512,  397,  184,  673,  505,  592,   11,  655,  462,  572,  501,  183,  567,  729,  720,  705,  447,  792,  782,  394,  522,  189,  496,  805,  256,  342,  651,  386,  571,  762,  141,  771,  712,  118,  124,  507,  451,  216,  544],
        [  451,    0,  220,  645,  172,  539,  194,  356,  571,  451,  624,  554,  300,  564,  182,  555,   41,  522,  501,  321,  272,  552,   88,  140,  559,  418,  190,  539,  279,  319,  354,  457,  316,  377,  173,    0,  405,  532,  379,  640,   40,   54,  504,  524,  297,  441,  411,  149,  353,  131,  333,  514,  205,  201,  261,  189,  789,  568,  592,  250,  532,  625,  158,  187,  416,  461,  708,  347,  603,  596,  588,  464,  379,  629,  133,  486,  293,  614,  698,  493,  348,   49,  502,  473,  427,  177,  673,  403,  503,  384,  105,  591,  744,  701,  547,  338,  796,  622,  547,  400,  232,  429,  639,  425,  513,  697,  219,  478,  764,  291,  738,  543,  289,  107,  551,  377,   44,  497],
        [  424,    0,  195,  447,  469,  168,  407,  759,  198,  574,  248,  270,  702,  160,  284,  627,  371,  531,  189,  474,  140,  266,  354,  372,  742,  804,  351,  321,  564,  684,  517,  832,  265,  499,  475,  405,    0,  233,   61,  815,  401,  357,  464,  208,  701,  532,  191,  437,  479,  513,  730,  578,  405,  604,  288,  231,  408,  622,  451,  360,  406,  220,  268,  511,   55,  186,  329,  289,  200,  212,  418,  431,  782,  250,  533,  206,  403,  563,  340,  158,  744,  451,  515,  119,  401,  485,  359,  792,  881,  143,  509,  313,  414,  324,  422,  120,  442,  488,  624,  165,  312,  812,  547,  687,  688,  437,  337,  113,  411,  614,  344,  513,  533,  359,  334,   29,  403,  888],
        [  656,    0,  377,  225,  646,  111,  442,  859,  116,  797,  380,  474,  826,  226,  358,  508,  492,  763,  397,  688,  283,   34,  454,  439,  667,  949,  394,  114,  582,  845,  732,  987,  491,  720,  527,  532,  233,    0,  293,  726,  544,  499,  697,  409,  813,  758,  422,  497,  698,  659,  862,  465,  434,  727,  303,  346,  282,  495,  676,  570,  229,  258,  374,  683,  282,  408,  210,  518,  225,  342,  212,  305,  897,  154,  664,  423,  382,  794,  177,   77,  877,  580,  747,  117,  633,  537,  143,  934, 1034,  375,  629,   81,  213,  202,  651,  347,  268,  712,  509,  396,  339,  961,  775,  666,  616,  205,  541,  311,  237,  644,  267,  745,  536,  447,  123,  248,  547, 1028],
        [  364,    0,  161,  504,  424,  227,  410,  734,  255,  514,  249,  234,  671,  198,  284,  660,  350,  471,  156,  417,  138,  326,  340,  368,  764,  766,  355,  377,  566,  643,  460,  791,  206,  440,  470,  379,   61,  293,    0,  839,  370,  329,  405,  178,  673,  472,  135,  432,  421,  479,  697,  612,  410,  575,  306,  223,  460,  658,  398,  306,  456,  255,  259,  468,   37,  140,  382,  229,  241,  218,  472,  471,  753,  304,  503,  164,  422,  505,  397,  218,  710,  423,  455,  179,  341,  480,  420,  755,  840,   84,  483,  373,  473,  377,  367,   62,  499,  435,  657,  108,  324,  773,  491,  696,  710,  497,  285,  102,  468,  611,  391,  454,  541,  350,  390,   49,  371,  851],
        [ 1073,    0,  750,  612,  803,  820,  468,  645,  837, 1089, 1055, 1072,  706,  920,  579,  227,  626, 1155,  995,  961,  707,  713,  589,  530,   82,  845,  510,  629,  369,  838,  992,  902,  907, 1017,  468,  640,  815,  726,  839,    0,  680,  672, 1127, 1017,  662, 1080,  946,  493,  992,  711,  748,  263,  462,  663,  535,  646,  982,  248, 1188,  880,  515,  969,  622,  800,  862,  974,  925,  944,  936, 1016,  569,  421,  710,  879,  668, 1000,  420, 1240,  875,  761,  762,  649, 1135,  779, 1047,  464,  788,  824,  927,  899,  632,  711,  849,  918, 1147,  842,  925, 1223,  224,  923,  522,  861, 1256,  239,  133,  716,  845,  927,  905,  389,  988, 1171,  351,  566,  628,  801,  683,  873],
        [  414,    0,  209,  668,  135,  543,  232,  367,  575,  411,  610,  532,  302,  560,  204,  593,   68,  483,  482,  282,  274,  566,  118,  175,  599,  409,  223,  558,  318,  302,  314,  444,  287,  337,  213,   40,  401,  544,  370,  680,    0,   46,  466,  505,  305,  401,  389,  189,  313,  116,  330,  552,  242,  205,  287,  198,  794,  606,  558,  212,  559,  620,  173,  155,  406,  440,  713,  316,  600,  584,  613,  495,  384,  633,  134,  465,  328,  576,  706,  500,  344,   58,  463,  478,  391,  217,  686,  395,  491,  366,  117,  607,  756,  706,  513,  323,  806,  588,  586,  380,  261,  419,  603,  464,  553,  716,  184,  466,  774,  328,  739,  505,  329,  140,  571,  372,    4,  491],
        [  408,    0,  169,  627,  167,  498,  212,  406,  530,  426,  572,  501,  345,  517,  164,  571,   47,  484,  448,  295,  229,  521,   89,  151,  590,  454,  193,  515,  318,  346,  331,  489,  265,  349,  210,   54,  357,  499,  329,  672,   46,    0,  461,  471,  345,  411,  358,  180,  324,  162,  375,  528,  221,  247,  248,  153,  749,  582,  544,  209,  520,  577,  130,  193,  365,  408,  668,  298,  557,  545,  573,  462,  426,  588,  176,  433,  301,  573,  661,  454,  389,   94,  465,  433,  383,  216,  641,  440,  537,  331,  154,  562,  711,  661,  499,  285,  760,  575,  564,  347,  225,  464,  596,  466,  542,  672,  176,  426,  728,  337,  694,  503,  322,  113,  528,  329,   49,  536],
        [   54,    0,  395,  907,  389,  619,  659,  764,  643,  203,  465,  303,  667,  544,  558,  995,  507,   76,  340,  231,  474,  730,  539,  597, 1046,  684,  621,  779,  779,  555,  238,  679,  231,  191,  671,  504,  464,  697,  405, 1127,  466,  461,    0,  343,  695,  157,  277,  639,  199,  500,  668,  948,  665,  607,  626,  496,  813, 1000,  136,  255,  845,  577,  512,  423,  416,  306,  747,  195,  584,  471,  871,  835,  748,  679,  549,  304,  724,  115,  778,  621,  673,  515,   70,  582,   80,  677,  817,  684,  722,  322,  561,  777,  863,  744,  105,  357,  874,  147,  990,  302,  624,  683,  138,  926,  995,  900,  286,  409,  846,  794,  730,   50,  780,  562,  792,  452,  464,  766],
        [  322,    0,  310,  633,  521,  309,  584,  870,  325,  511,  130,   65,  795,  212,  457,  834,  501,  419,   24,  453,  315,  442,  501,  537,  942,  868,  530,  513,  738,  739,  488,  884,  250,  454,  638,  524,  208,  409,  178, 1017,  505,  471,  343,    0,  805,  463,  123,  599,  443,  600,  814,  785,  584,  705,  483,  393,  472,  830,  280,  370,  609,  236,  427,  565,  157,   67,  410,  245,  246,  128,  613,  639,  880,  350,  633,   48,  599,  415,  449,  334,  825,  561,  409,  296,  310,  647,  504,  861,  933,  141,  621,  484,  538,  408,  266,  192,  539,  313,  831,  126,  501,  874,  382,  871,  887,  601,  366,  101,  512,  779,  388,  385,  715,  514,  525,  217,  505,  956],
        [  650,    0,  513,  888,  310,  832,  393,   70,  863,  559,  914,  826,   47,  860,  456,  678,  332,  683,  783,  467,  568,  829,  361,  377,  593,  186,  427,  799,  335,  196,  474,  242,  571,  517,  311,  297,  701,  813,  673,  662,  305,  345,  695,  805,    0,  575,  686,  329,  501,  209,   86,  654,  404,  100,  517,  481, 1080,  700,  812,  467,  764,  921,  447,  273,  710,  740, 1000,  594,  900,  888,  828,  671,   85,  921,  173,  763,  490,  789,  985,  782,  101,  251,  666,  766,  633,  304,  949,  165,  273,  668,  193,  864, 1022,  992,  768,  627, 1080,  835,  670,  680,  482,  202,  830,  425,  569,  956,  454,  770, 1049,  286, 1032,  721,  384,  366,  810,  673,  303,  236],
        [  147,    0,  405,  951,  290,  698,  621,  643,  725,   49,  591,  436,  541,  643,  544,  976,  456,  113,  453,  121,  499,  790,  498,  560,  998,  539,  595,  824,  717,  415,  102,  530,  268,   64,  613,  441,  532,  758,  472, 1080,  401,  411,  157,  463,  575,    0,  366,  587,   88,  400,  536,  932,  630,  497,  622,  492,  916,  985,  293,  214,  871,  685,  497,  312,  494,  411,  844,  245,  685,  589,  907,  841,  618,  769,  450,  417,  703,  219,  866,  687,  538,  438,  101,  650,  154,  617,  891,  542,  570,  398,  471,  837,  945,  840,  260,  414,  966,  300,  970,  385,  611,  537,  271,  862,  952,  961,  250,  506,  936,  719,  837,  160,  729,  522,  838,  512,  397,  619],
        [  241,    0,  207,  637,  399,  343,  494,  752,  367,  412,  247,  144,  674,  277,  371,  780,  391,  346,  103,  339,  242,  456,  399,  442,  868,  746,  443,  511,  643,  617,  377,  763,  129,  347,  538,  411,  191,  422,  135,  946,  389,  358,  277,  123,  686,  366,    0,  501,  333,  479,  693,  731,  497,  586,  414,  304,  550,  780,  264,  249,  589,  320,  334,  443,  141,   57,  479,  130,  319,  234,  606,  598,  759,  407,  515,   78,  527,  372,  505,  346,  704,  446,  332,  307,  221,  547,  541,  739,  811,   52,  505,  502,  588,  475,  233,  106,  604,  301,  776,   27,  425,  751,  357,  782,  814,  625,  244,  140,  574,  678,  471,  325,  626,  415,  524,  183,  389,  834],
        [  586,    0,  294,  559,  319,  534,   65,  367,  563,  599,  679,  641,  352,  588,  155,  411,  134,  664,  576,  469,  299,  509,  105,   66,  412,  493,  103,  472,  144,  423,  503,  541,  432,  525,   39,  149,  437,  497,  432,  493,  189,  180,  639,  599,  329,  587,  501,    0,  500,  250,  394,  373,   77,  261,  194,  210,  773,  426,  715,  389,  437,  648,  174,  326,  465,  543,  695,  467,  621,  646,  500,  350,  411,  621,  223,  569,  168,  752,  673,  478,  410,  169,  644,  470,  561,   49,  628,  474,  583,  463,  180,  540,  701,  687,  671,  408,  763,  747,  403,  484,  158,  507,  772,  289,  365,  628,  355,  533,  732,  180,  737,  681,  143,   87,  483,  413,  192,  559],
        [  164,    0,  333,  881,  206,  647,  535,  570,  676,  107,  572,  428,  470,  604,  462,  891,  369,  183,  429,   35,  429,  729,  412,  473,  911,  486,  510,  756,  630,  357,   47,  484,  216,   26,  525,  353,  479,  698,  421,  992,  313,  324,  199,  443,  501,   88,  333,  500,    0,  317,  470,  847,  544,  418,  542,  413,  875,  901,  328,  135,  796,  651,  415,  232,  447,  384,  800,  204,  647,  565,  836,  761,  551,  723,  367,  395,  618,  288,  818,  630,  474,  351,  166,  594,  157,  530,  834,  486,  528,  355,  386,  775,  892,  796,  288,  360,  919,  345,  885,  347,  529,  486,  331,  775,  864,  898,  171,  470,  888,  633,  800,  220,  641,  436,  770,  457,  310,  570],
        [  452,    0,  319,  775,  112,  659,  308,  277,  691,  396,  712,  619,  196,  672,  312,  658,  171,  499,  578,  282,  390,  681,  218,  262,  632,  293,  315,  669,  343,  189,  301,  328,  363,  337,  258,  131,  513,  659,  479,  711,  116,  162,  500,  600,  209,  400,  479,  250,  317,    0,  219,  622,  319,  111,  391,  314,  909,  675,  610,  261,  661,  731,  287,   92,  515,  534,  828,  386,  713,  688,  718,  588,  281,  748,   50,  557,  411,  601,  822,  616,  232,   87,  480,  594,  433,  257,  801,  280,  376,  464,   80,  721,  871,  822,  565,  428,  921,  635,  651,  475,  361,  303,  637,  480,  593,  827,  246,  571,  890,  330,  854,  531,  371,  234,  682,  485,  114,  376],
        [  627,    0,  537,  952,  299,  871,  459,  126,  903,  514,  929,  829,   44,  889,  506,  760,  372,  647,  793,  437,  603,  880,  409,  434,  679,  103,  486,  857,  416,  129,  437,  157,  571,  482,  381,  333,  730,  862,  697,  748,  330,  375,  668,  814,   86,  536,  693,  394,  470,  219,    0,  734,  470,  137,  574,  521, 1121,  781,  792,  458,  830,  949,  489,  256,  733,  748, 1040,  589,  930,  906,  892,  741,   83,  961,  200,  770,  560,  754, 1030,  825,   17,  285,  631,  806,  613,  375, 1001,   83,  193,  681,  233,  917, 1073, 1033,  749,  646, 1127,  812,  751,  690,  540,  119,  800,  511,  654, 1015,  452,  789, 1096,  370, 1069,  688,  464,  418,  869,  702,  328,  168],
        [  895,    0,  554,  358,  686,  563,  320,  664,  578,  951,  809,  844,  690,  667,  391,   49,  487,  989,  765,  820,  490,  451,  439,  378,  216,  836,  338,  366,  320,  788,  858,  889,  718,  872,  368,  514,  578,  465,  612,  263,  552,  528,  948,  785,  654,  932,  731,  373,  847,  622,  734,    0,  310,  615,  323,  452,  720,   55,  988,  720,  254,  713,  438,  698,  629,  751,  663,  755,  680,  769,  310,  161,  724,  618,  592,  775,  229, 1061,  613,  505,  750,  541,  969,  526,  868,  370,  527,  816,  926,  681,  550,  449,  589,  655,  949,  626,  665, 1024,   47,  706,  325,  852, 1067,  293,  174,  461,  683,  690,  644,  377,  726,  995,  270,  415,  366,  569,  556,  888],
