{
    "name": "random-8-17043",
    "comment": "size=8 seed=17043",
    "nodes": ["+0", "-0", "+1", "-1", "+2", "-2", "+3", "-3", "+4", "-4", "+5", "-5", "+6", "-6", "+7", "-7", "+8", "-8"],
    "precedence": {
        "+0": "-0",
        "+1": "-1",
        "+2": "-2",
        "+3": "-3",
        "+4": "-4",
        "+5": "-5",
        "+6": "-6",
        "+7": "-7",
        "+8": "-8"
    },
    "edges": [
        [    0,    0,  181,  582,  487,  578,  364,  919,  192,  405,   78,  531,  722,  294,  198,  226,  102,  501],
        [    0,    0,  181,  582,  487,  578,  364,  919,  192,  405,   78,  531,  722,  294,  198,  226,  102,  501],
        [  181,  181,    0,  744,  597,  758,  536, 1031,  252,  438,  257,  572,  705,  472,  373,  363,  248,  682],
        [  582,  582,  744,    0,  293,  241,  227,  467,  531,  529,  508,  527,  778,  316,  388,  601,  496,  299],
        [  487,  487,  597,  293,    0,  491,  301,  436,  348,  256,  437,  235,  488,  364,  358,  615,  385,  502],
        [  578,  578,  758,  241,  491,    0,  250,  699,  607,  681,  502,  716,  973,  288,  390,  504,  525,  101],
        [  364,  364,  536,  227,  301,  250,    0,  647,  359,  441,  288,  496,  752,   92,  167,  380,  291,  219],
        [  919,  919, 1031,  467,  436,  699,  647,    0,  781,  639,  863,  536,  677,  735,  766, 1017,  817,  766],
        [  192,  192,  252,  531,  348,  607,  359,  781,    0,  214,  196,  343,  532,  332,  237,  403,  123,  556],
        [  405,  405,  438,  529,  256,  681,  441,  639,  214,    0,  397,  134,  332,  457,  390,  606,  323,  659],
        [   78,   78,  257,  508,  437,  502,  288,  863,  196,  397,    0,  513,  724,  217,  122,  210,   75,  427],
        [  531,  531,  572,  527,  235,  716,  496,  536,  343,  134,  513,    0,  258,  533,  485,  719,  442,  712],
        [  722,  722,  705,  778,  488,  973,  752,  677,  532,  332,  724,  258,    0,  781,  721,  933,  649,  969],
        [  294,  294,  472,  316,  364,  288,   92,  735,  332,  457,  217,  533,  781,    0,  102,  288,  239,  225],
        [  198,  198,  373,  388,  358,  390,  167,  766,  237,  390,  122,  485,  721,  102,    0,  257,  137,  325],
        [  226,  226,  363,  601,  615,  504,  380, 1017,  403,  606,  210,  719,  933,  288,  257,    0,  284,  408],
        [  102,  102,  248,  496,  385,  525,  291,  817,  123,  323,   75,  442,  649,  239,  137,  284,    0,  461],
        [  501,  501,  682,  299,  502,  101,  219,  766,  556,  659,  427,  712,  969,  225,  325,  408,  461,    0]
    ]
}
