{
    "name": "random-15-13060",
    "comment": "size=15 seed=13060",
    "nodes": ["+0", "-0", "+1", "-1", "+2", "-2", "+3", "-3", "+4", "-4", "+5", "-5", "+6", "-6", "+7", "-7", "+8", "-8", "+9", "-9", "+10", "-10", "+11", "-11", "+12", "-12", "+13", "-13", "+14", "-14", "+15", "-15"],
    "precedence": {
        "+0": "-0",
        "+1": "-1",
        "+2": "-2",
        "+3": "-3",
        "+4": "-4",
        "+5": "-5",
        "+6": "-6",
        "+7": "-7",
        "+8": "-8",
        "+9": "-9",
        "+10": "-10",
        "+11": "-11",
        "+12": "-12",
        "+13": "-13",
        "+14": "-14",
        "+15": "-15"
    },
    "edges": [
        [    0,    0,  545,   42,  710,  325,  698,  863,  246,  670,  353,  789,  948,  540,  482,  313,  487, 1063,  856,  412,  379, 1024,  657,  159,  283,  534,  878,  784, 1009,   99,  871,  447],
        [    0,    0,  545,   42,  710,  325,  698,  863,  246,  670,  353,  789,  948,  540,  482,  313,  487, 1063,  856,  412,  379, 1024,  657,  159,  283,  534,  878,  784, 1009,   99,  871,  447],
        [  545,  545,    0,  575,  232,  469,  388,  335,  509,  251,  369,  263,  565,  368,  168,  406,  172,  537,  513,  377,  560,  481,  248,  527,  384,   32,  371,  382,  717,  581,  333,  565],
        [   42,   42,  575,    0,  746,  317,  707,  887,  284,  708,  394,  822,  958,  581,  502,  313,  507, 1097,  864,  415,  417, 1055,  674,  196,  324,  562,  900,  798, 1011,   66,  897,  485],
        [  710,  710,  232,  746,    0,  694,  578,  355,  599,   81,  428,  116,  695,  315,  398,  630,  401,  359,  671,  607,  597,  364,  428,  647,  476,  261,  423,  531,  876,  766,  322,  574],
        [  325,  325,  469,  317,  694,    0,  428,  701,  512,  690,  523,  729,  675,  670,  322,   65,  322,  997,  576,  131,  640,  915,  446,  449,  469,  443,  691,  540,  703,  268,  726,  694],
        [  698,  698,  388,  707,  578,  428,    0,  374,  787,  624,  699,  540,  252,  749,  271,  402,  263,  745,  160,  301,  879,  619,  151,  763,  684,  360,  328,  128,  343,  675,  416,  905],
        [  863,  863,  335,  887,  355,  701,  374,    0,  843,  431,  695,  257,  376,  645,  394,  650,  390,  380,  389,  576,  885,  246,  265,  860,  717,  335,   75,  265,  574,  881,   49,  880],
        [  246,  246,  509,  284,  599,  512,  787,  843,    0,  538,  173,  700, 1022,  346,  525,  475,  532,  955,  943,  554,  136,  951,  700,   90,  128,  513,  879,  841, 1124,  344,  838,  202],
        [  670,  670,  251,  708,   81,  690,  624,  431,  538,    0,  365,  195,  760,  238,  416,  625,  421,  419,  729,  616,  526,  440,  476,  593,  419,  282,  497,  590,  934,  734,  400,  499],
        [  353,  353,  369,  394,  428,  523,  699,  695,  173,  365,    0,  533,  916,  188,  429,  469,  437,  784,  848,  522,  192,  785,  590,  237,   70,  380,  739,  732, 1041,  440,  685,  206],
        [  789,  789,  263,  822,  116,  729,  540,  257,  700,  195,  533,    0,  619,  430,  413,  667,  415,  276,  610,  627,  708,  253,  393,  741,  575,  287,  330,  471,  809,  835,  218,  687],
        [  948,  948,  565,  958,  695,  675,  252,  376, 1022,  760,  916,  619,    0,  931,  497,  652,  490,  740,  102,  551, 1103,  592,  327, 1006,  911,  546,  302,  185,  202,  926,  424, 1120],
        [  540,  540,  368,  581,  315,  670,  749,  645,  346,  238,  188,  430,  931,    0,  490,  610,  497,  646,  880,  639,  300,  677,  615,  421,  258,  391,  703,  749, 1084,  624,  622,  264],
        [  482,  482,  168,  502,  398,  322,  271,  394,  525,  416,  429,  413,  497,  490,    0,  264,    8,  677,  422,  214,  610,  595,  179,  514,  416,  137,  400,  318,  613,  490,  412,  634],
        [  313,  313,  406,  313,  630,   65,  402,  650,  475,  625,  469,  667,  652,  610,  264,    0,  265,  937,  556,  103,  599,  858,  401,  420,  419,  380,  644,  506,  698,  275,  672,  648],
        [  487,  487,  172,  507,  401,  322,  263,  390,  532,  421,  437,  415,  490,  497,    8,  265,    0,  678,  414,  213,  618,  594,  173,  521,  423,  141,  395,  310,  605,  495,  409,  642],
        [ 1063, 1063,  537, 1097,  359,  997,  745,  380,  955,  419,  784,  276,  740,  646,  677,  937,  678,    0,  766,  888,  942,  153,  615, 1005,  834,  559,  445,  644,  941, 1111,  333,  909],
        [  856,  856,  513,  864,  671,  576,  160,  389,  943,  729,  848,  610,  102,  880,  422,  556,  414,  766,    0,  453, 1032,  624,  266,  922,  837,  490,  322,  141,  206,  830,  437, 1053],
        [  412,  412,  377,  415,  607,  131,  301,  576,  554,  616,  522,  627,  551,  639,  214,  103,  213,  888,  453,    0,  670,  797,  317,  508,  481,  347,  562,  410,  597,  378,  603,  713],
        [  379,  379,  560,  417,  597,  640,  879,  885,  136,  526,  192,  708, 1103,  300,  610,  599,  618,  942, 1032,  670,    0,  959,  777,  222,  197,  571,  930,  920, 1220,  478,  872,   72],
        [ 1024, 1024,  481, 1055,  364,  915,  619,  246,  951,  440,  785,  253,  592,  677,  595,  858,  594,  153,  624,  797,  959,    0,  501,  988,  825,  496,  303,  509,  793, 1060,  204,  937],
        [  657,  657,  248,  674,  428,  446,  151,  265,  700,  476,  590,  393,  327,  615,  179,  401,  173,  615,  266,  317,  777,  501,    0,  693,  586,  224,  245,  143,  470,  655,  299,  794],
        [  159,  159,  527,  196,  647,  449,  763,  860,   90,  593,  237,  741, 1006,  421,  514,  420,  521, 1005,  922,  508,  222,  988,  693,    0,  174,  526,  889,  830, 1093,  257,  860,  290],
        [  283,  283,  384,  324,  476,  469,  684,  717,  128,  419,   70,  575,  911,  258,  416,  419,  423,  834,  837,  481,  197,  825,  586,  174,    0,  389,  754,  728, 1025,  370,  711,  233],
        [  534,  534,   32,  562,  261,  443,  360,  335,  513,  282,  380,  287,  546,  391,  137,  380,  141,  559,  490,  347,  571,  496,  224,  526,  389,    0,  366,  362,  693,  565,  338,  580],
        [  878,  878,  371,  900,  423,  691,  328,   75,  879,  497,  739,  330,  302,  703,  400,  644,  395,  445,  322,  562,  930,  303,  245,  889,  754,  366,    0,  209,  501,  889,  122,  930],
        [  784,  784,  382,  798,  531,  540,  128,  265,  841,  590,  732,  471,  185,  749,  318,  506,  310,  644,  141,  410,  920,  509,  143,  830,  728,  362,  209,    0,  345,  773,  311,  936],
        [ 1009, 1009,  717, 1011,  876,  703,  343,  574, 1124,  934, 1041,  809,  202, 1084,  613,  698,  605,  941,  206,  597, 1220,  793,  470, 1093, 1025,  693,  501,  345,    0,  969,  622, 1247],
        [   99,   99,  581,   66,  766,  268,  675,  881,  344,  734,  440,  835,  926,  624,  490,  275,  495, 1111,  830,  378,  478, 1060,  655,  257,  370,  565,  889,  773,  969,    0,  895,  545],
        [  871,  871,  333,  897,  322,  726,  416,   49,  838,  400,  685,  218,  424,  622,  412,  672,  409,  333,  437,  603,  872,  204,  299,  860,  711,  338,  122,  311,  622,  895,    0,  864],
        [  447,  447,  565,  485,  574,  694,  905,  880,  202,  499,  206,  687, 1120,  264,  634,  648,  642,  909, 1053,  713,   72,  937,  794,  290,  233,  580,  930,  936, 1247,  545,  864,    0]
    ]
}
