{
    "name": "random-56-3556",
    "comment": "size=56 seed=3556",
    "nodes": ["+0", "-0", "+1", "-1", "+2", "-2", "+3", "-3", "+4", "-4", "+5", "-5", "+6", "-6", "+7", "-7", "+8", "-8", "+9", "-9", "+10", "-10", "+11", "-11", "+12", "-12", "+13", "-13", "+14", "-14", "+15", "-15", "+16", "-16", "+17", "-17", "+18", "-18", "+19", "-19", "+20", "-20", "+21", "-21", "+22", "-22", "+23", "-23", "+24", "-24", "+25", "-25", "+26", "-26", "+27", "-27", "+28", "-28", "+29", "-29", "+30", "-30", "+31", "-31", "+32", "-32", "+33", "-33", "+34", "-34", "+35", "-35", "+36", "-36", "+37", "-37", "+38", "-38", "+39", "-39", "+40", "-40", "+41", "-41", "+42", "-42", "+43", "-43", "+44", "-44", "+45", "-45", "+46", "-46", "+47", "-47", "+48", "-48", "+49", "-49", "+50", "-50", "+51", "-51", "+52", "-52", "+53", "-53", "+54", "-54", "+55", "-55", "+56", "-56"],
    "precedence": {
        "+0": "-0",
        "+1": "-1",
        "+2": "-2",
        "+3": "-3",
        "+4": "-4",
        "+5": "-5",
        "+6": "-6",
        "+7": "-7",
        "+8": "-8",
        "+9": "-9",
        "+10": "-10",
        "+11": "-11",
        "+12": "-12",
        "+13": "-13",
        "+14": "-14",
        "+15": "-15",
        "+16": "-16",
        "+17": "-17",
        "+18": "-18",
        "+19": "-19",
        "+20": "-20",
        "+21": "-21",
        "+22": "-22",
        "+23": "-23",
        "+24": "-24",
        "+25": "-25",
        "+26": "-26",
        "+27": "-27",
        "+28": "-28",
        "+29": "-29",
        "+30": "-30",
        "+31": "-31",
        "+32": "-32",
        "+33": "-33",
        "+34": "-34",
        "+35": "-35",
        "+36": "-36",
        "+37": "-37",
        "+38": "-38",
        "+39": "-39",
        "+40": "-40",
        "+41": "-41",
        "+42": "-42",
        "+43": "-43",
        "+44": "-44",
        "+45": "-45",
        "+46": "-46",
        "+47": "-47",
        "+48": "-48",
        "+49": "-49",
        "+50": "-50",
        "+51": "-51",
        "+52": "-52",
        "+53": "-53",
        "+54": "-54",
        "+55": "-55",
        "+56": "-56"
    },
    "edges": [
        [    0,    0,  572,  278,   73,  445,  398,  167,  837,  819,  789,  415,  804,  218,   92,  600,  815,  805,  526,  340,  382,  358,  485,  183,  737,  270,  511,  518,  461,  709,  284,  467,  160,  585,  320,  746,  186,  107,  765,  256,  139,  452,  547,  325,  641,  734,  489,  237,  518,  375,  486,  126,  224,  313,  551,  133,  359,  678,  480,  555,  136,  160,  550,  785,  394,  587,  711,  675,  550,  595,  132,  489,  182,   81,  249,  438,  751,  708,  487,  692,  312,  701,  690,  324,  639,  651,  564,  556,  774,  609,  207,  263,  497,  665,  544,  356,  723,  900,  158,  305,  244,  628,  491,  700,  185,  591,  178,  500,  457,  320,  483,  709,  305,  361],
        [    0,    0,    0,    0,    0,    0,    0,    0,    0,    0,    0,    0,    0,    0,    0,    0,    0,    0,    0,    0,    0,    0,    0,    0,    0,    0,    0,    0,    0,    0,    0,    0,    0,    0,    0,    0,    0,    0,    0,    0,    0,    0,    0,    0,    0,    0,    0,    0,    0,    0,    0,    0,    0,    0,    0,    0,    0,    0,    0,    0,    0,    0,    0,    0,    0,    0,    0,    0,    0,    0,    0,    0,    0,    0,    0,    0,    0,    0,    0,    0,    0,    0,    0,    0,    0,    0,    0,    0,    0,    0,    0,    0,    0,    0,    0,    0,    0,    0,    0,    0,    0,    0,    0,    0,    0,    0,    0,    0,    0,    0,    0,    0,    0,    0],
        [  572,    0,    0,  609,  644,  179,  568,  531,  593,  488,  364,  894,  481,  603,  590,   72,  651,  503,  918,  875,  219,  776,  731,  735,  290,  443,  297,  653,  118,  285,  289,  403,  731,  622,  693,  676,  749,  480,  497,  441,  541,  238,  661,  865,  348,  501,  420,  362,  528,  525,  157,  697,  578,  845,  881,  458,  697,  660,  258,  598,  652,  469,  854,  585,  574,  868,  599,  251,   45,  949,  690,  672,  722,  526,  387,  283,  329,  623,  170,  353,  616,  146,  121,  389,  112,  548,  455,  523,  516,  978,  616,  722,  874,   98,  933,  692,  350,  652,  513,  436,  432,  181,  924,  146,  539,  696,  444,  698,  669,  782,  720,  143,  269,  861],
        [  278,    0,  609,    0,  282,  557,  148,  431,  646,  667,  687,  296,  650,   63,  369,  603,  596,  642,  316,  561,  391,  168,  208,  260,  852,  166,  677,  250,  494,  832,  377,  674,  318,  335,   85,  505,  396,  237,  595,  486,  406,  398,  281,  322,  515,  555,  321,  409,  295,  151,  592,  308,  497,  297,  304,  347,   99,  430,  405,  309,  188,  394,  291,  583,  141,  323,  489,  600,  606,  363,  257,  215,  234,  340,  230,  602,  878,  478,  461,  571,   35,  696,  705,  226,  708,  438,  380,  339,  598,  387,   79,  145,  275,  679,  332,   94,  610,  702,  148,  534,  181,  731,  315,  695,  107,  322,  400,  224,  181,  585,  206,  717,  379,  605],
        [   73,    0,  644,  282,    0,  517,  418,  215,  881,  871,  849,  363,  855,  220,  120,  670,  850,  855,  490,  293,  449,  327,  481,  118,  808,  313,  579,  531,  532,  780,  356,  529,   88,  608,  306,  774,  128,  170,  813,  317,  186,  514,  562,  260,  696,  780,  534,  309,  549,  402,  558,   54,  258,  250,  526,  203,  349,  702,  540,  579,  105,  224,  530,  825,  413,  570,  745,  738,  622,  564,   68,  497,  124,  143,  306,  507,  821,  740,  553,  748,  317,  770,  761,  374,  712,  687,  607,  589,  821,  574,  205,  229,  466,  736,  508,  346,  781,  942,  195,  365,  292,  700,  447,  770,  210,  603,  245,  504,  462,  303,  481,  780,  376,  327],
        [  445,    0,  179,  557,  517,    0,  561,  370,  720,  634,  528,  816,  624,  534,  443,  243,  759,  641,  872,  718,  206,  714,  720,  622,  300,  402,  155,  669,  147,  277,  183,  236,  604,  666,  639,  758,  607,  372,  625,  270,  385,  289,  684,  761,  469,  619,  470,  212,  569,  517,   41,  569,  409,  745,  853,  317,  654,  725,  324,  638,  549,  315,  833,  699,  565,  855,  688,  406,  138,  917,  573,  675,  614,  384,  329,  112,  322,  705,  247,  490,  574,  324,  293,  371,  202,  629,  526,  578,  643,  942,  542,  643,  831,  274,  889,  649,  498,  783,  431,  259,  379,  184,  864,  324,  466,  726,  290,  699,  663,  613,  711,  317,  179,  696],
        [  398,    0,  568,  148,  418,  561,    0,  531,  501,  533,  573,  409,  516,  204,  487,  545,  448,  505,  369,  704,  365,  273,  164,  408,  838,  173,  701,  126,  463,  822,  400,  722,  463,  191,  195,  359,  538,  327,  457,  561,  510,  334,  152,  463,  398,  415,  200,  463,  150,   45,  590,  450,  601,  438,  316,  432,  169,  285,  327,  163,  331,  481,  287,  438,   10,  301,  341,  503,  576,  386,  401,  116,  382,  444,  247,  630,  869,  330,  403,  454,  121,  628,  646,  190,  676,  291,  245,  194,  458,  418,  224,  286,  324,  621,  381,  165,  494,  556,  243,  603,  205,  716,  396,  626,  213,  197,  479,  139,  103,  715,  153,  653,  391,  744],
        [  167,    0,  531,  431,  215,  370,  531,    0,  914,  872,  813,  576,  858,  375,   98,  576,  909,  865,  693,  349,  390,  525,  639,  332,  633,  374,  389,  655,  438,  603,  267,  321,  283,  708,  483,  857,  254,  204,  831,  115,   30,  484,  683,  471,  690,  807,  576,  172,  628,  500,  408,  250,   72,  464,  715,  109,  520,  796,  518,  677,  302,   70,  712,  869,  529,  749,  811,  691,  498,  761,  282,  634,  338,   92,  322,  325,  639,  814,  496,  733,  464,  673,  652,  408,  571,  749,  651,  660,  843,  775,  368,  429,  663,  629,  711,  516,  758,  979,  292,  157,  342,  539,  656,  672,  328,  728,   91,  648,  604,  255,  635,  673,  295,  331],
        [  837,    0,  593,  646,  881,  720,  501,  914,    0,  135,  285,  897,  130,  693,  911,  524,  111,  102,  809, 1173,  552,  765,  578,  899,  863,  569,  870,  455,  574,  866,  670,  953,  943,  351,  694,  225, 1008,  737,   97,  886,  904,  450,  432,  964,  252,  108,  349,  772,  352,  496,  721,  924,  984,  938,  722,  806,  660,  286,  412,  362,  814,  847,  681,   68,  509,  663,  179,  350,  632,  785,  882,  505,  874,  850,  598,  829,  905,  207,  475,  241,  621,  527,  573,  515,  688,  212,  275,  308,   78,  819,  713,  786,  768,  564,  814,  658,  252,   66,  686,  909,  594,  770,  858,  526,  675,  425,  832,  523,  535, 1149,  567,  560,  644, 1198],
        [  819,    0,  488,  667,  871,  634,  533,  872,  135,    0,  153,  941,   17,  706,  883,  417,  238,   39,  874, 1159,  490,  805,  640,  906,  745,  560,  778,  518,  490,  751,  615,  869,  942,  421,  727,  335,  999,  714,   85,  829,  867,  391,  500,  988,  183,  129,  348,  717,  390,  517,  629,  918,  939,  963,  794,  767,  700,  379,  355,  423,  818,  803,  754,  174,  542,  742,  269,  238,  530,  860,  883,  564,  883,  819,  572,  745,  788,  302,  398,  145,  648,  405,  452,  497,  575,  274,  289,  349,   95,  895,  726,  811,  830,  446,  881,  697,  138,  176,  679,  846,  579,  660,  915,  404,  675,  504,  786,  586,  589, 1118,  628,  438,  587, 1175],
        [  789,    0,  364,  687,  849,  528,  573,  813,  285,  153,    0,  977,  155,  715,  841,  293,  380,  184,  935, 1126,  424,  842,  705,  903,  602,  553,  661,  589,  395,  610,  548,  762,  927,  506,  759,  461,  973,  683,  209,  753,  813,  338,  578, 1003,  176,  242,  374,  648,  450,  546,  515,  900,  875,  978,  865,  715,  740,  488,  310,  499,  813,  744,  827,  311,  582,  823,  386,  125,  409,  934,  872,  630,  882,  774,  544,  638,  645,  418,  318,  120,  675,  261,  309,  485,  438,  369,  340,  416,  227,  968,  734,  829,  890,  306,  945,  736,   80,  328,  666,  762,  564,  525,  967,  260,  671,  593,  724,  655,  648, 1066,  693,  292,  519, 1132],
        [  415,    0,  894,  296,  363,  816,  409,  576,  897,  941,  977,    0,  924,  291,  482,  895,  826,  912,  172,  511,  676,  136,  331,  250, 1116,  457,  912,  446,  777, 1092,  635,  880,  318,  552,  219,  715,  395,  450,  863,  670,  547,  693,  474,  149,  802,  820,  605,  631,  552,  431,  855,  340,  619,  137,  255,  538,  241,  637,  700,  536,  281,  573,  284,  831,  400,  326,  724,  895,  886,  253,  296,  396,  239,  495,  508,  837, 1137,  704,  754,  859,  303,  990,  996,  520,  986,  686,  653,  595,  862,  248,  279,  174,  178,  970,  185,  244,  898,  945,  387,  719,  464,  998,  104,  989,  357,  496,  589,  384,  364,  607,  340, 1009,  644,  582],
        [  804,    0,  481,  650,  855,  624,  516,  858,  130,   17,  155,  924,    0,  689,  868,  411,  230,   30,  857, 1143,  477,  789,  624,  890,  742,  544,  769,  502,  480,  747,  601,  859,  926,  405,  711,  324,  983,  699,   70,  816,  852,  377,  484,  972,  169,  114,  332,  704,  374,  501,  620,  902,  925,  947,  778,  753,  684,  365,  341,  407,  802,  789,  738,  164,  525,  727,  256,  232,  523,  845,  867,  548,  866,  804,  556,  735,  784,  288,  386,  135,  631,  402,  449,  481,  570,  258,  272,  332,   82,  880,  709,  794,  814,  442,  865,  680,  132,  177,  663,  834,  563,  655,  899,  401,  659,  489,  772,  570,  572, 1103,  612,  435,  574, 1160],
        [  218,    0,  603,   63,  220,  534,  204,  375,  693,  706,  715,  291,  689,    0,  309,  605,  649,  683,  345,  501,  385,  181,  268,  207,  832,  170,  644,  312,  486,  810,  352,  632,  259,  394,  114,  563,  336,  190,  637,  438,  349,  408,  343,  289,  546,  599,  358,  369,  347,  198,  571,  247,  438,  265,  347,  297,  146,  489,  420,  367,  128,  343,  340,  633,  198,  375,  542,  620,  596,  401,  197,  277,  181,  283,  217,  568,  855,  533,  466,  602,   98,  701,  706,  237,  696,  489,  423,  390,  642,  421,   21,  121,  307,  680,  362,  142,  639,  751,  106,  486,  173,  712,  331,  700,   69,  384,  351,  286,  243,  522,  266,  719,  357,  544],
        [   92,    0,  590,  369,  120,  443,  487,   98,  911,  883,  841,  482,  868,  309,    0,  627,  894,  872,  607,  290,  421,  441,  576,  236,  720,  349,  481,  608,  487,  690,  307,  418,  185,  672,  409,  831,  165,  175,  834,  209,   70,  504,  637,  374,  703,  806,  565,  232,  601,  462,  483,  152,  139,  367,  637,  133,  449,  764,  535,  642,  216,  129,  638,  861,  484,  676,  792,  722,  562,  678,  187,  580,  244,   67,  314,  413,  728,  791,  529,  750,  404,  726,  711,  397,  643,  731,  640,  638,  845,  690,  298,  344,  580,  686,  625,  446,  779,  975,  245,  254,  320,  619,  566,  726,  275,  681,  154,  591,  548,  239,  574,  731,  333,  293],
        [  600,    0,   72,  603,  670,  243,  545,  576,  524,  417,  293,  895,  411,  605,  627,    0,  587,  433,  905,  915,  226,  771,  707,  753,  346,  439,  369,  620,  141,  345,  321,  472,  756,  579,  687,  619,  781,  502,  429,  494,  583,  212,  624,  877,  285,  436,  381,  405,  489,  505,  225,  723,  628,  857,  861,  494,  686,  609,  222,  558,  667,  511,  831,  520,  553,  842,  541,  180,  116,  930,  711,  644,  738,  562,  392,  350,  387,  567,  144,  284,  607,  101,  103,  379,  167,  494,  406,  479,  448,  961,  620,  726,  860,   77,  919,  681,  280,  583,  522,  494,  433,  246,  917,  100,  544,  657,  487,  670,  645,  830,  696,  115,  296,  906],
        [  815,    0,  651,  596,  850,  759,  448,  909,  111,  238,  380,  826,  230,  649,  894,  587,    0,  201,  724, 1142,  573,  697,  499,  854,  932,  546,  913,  380,  614,  932,  683,  985,  905,  275,  633,  123,  976,  720,  173,  895,  896,  475,  352,  905,  303,  153,  334,  781,  303,  453,  766,  889,  980,  880,  633,  800,  596,  194,  438,  293,  774,  845,  592,   71,  455,  570,  107,  424,  686,  693,  844,  430,  828,  838,  588,  864,  973,  122,  514,  312,  567,  605,  648,  502,  753,  164,  259,  262,  154,  727,  669,  730,  685,  636,  727,  594,  333,  128,  659,  923,  575,  831,  778,  604,  641,  338,  833,  444,  463, 1132,  489,  639,  659, 1174],
        [  805,    0,  503,  642,  855,  641,  505,  865,  102,   39,  184,  912,   30,  683,  872,  433,  201,    0,  841, 1144,  488,  777,  607,  886,  767,  542,  788,  484,  496,  771,  611,  876,  923,  386,  700,  297,  982,  701,   50,  826,  858,  387,  466,  964,  179,   95,  326,  714,  361,  492,  638,  901,  933,  938,  760,  758,  672,  341,  350,  389,  798,  796,  720,  135,  514,  707,  231,  255,  543,  826,  864,  532,  862,  809,  559,  751,  809,  264,  400,  152,  622,  428,  475,  481,  593,  239,  263,  318,   57,  861,  703,  786,  798,  467,  848,  669,  155,  151,  661,  845,  563,  678,  884,  427,  655,  468,  780,  553,  557, 1107,  596,  461,  583, 1163],
        [  526,    0,  918,  316,  490,  872,  369,  693,  809,  874,  935,  172,  857,  345,  607,  905,  724,  841,    0,  677,  703,  170,  234,  392, 1168,  478,  988,  357,  806, 1147,  692,  974,  466,  459,  234,  605,  548,  531,  791,  773,  664,  695,  378,  317,  761,  747,  566,  712,  488,  405,  908,  481,  745,  302,   98,  633,  223,  531,  693,  452,  392,  675,  137,  741,  361,  171,  630,  871,  919,   83,  429,  310,  374,  604,  546,  912, 1193,  605,  762,  815,  303,  993, 1007,  530, 1020,  604,  597,  527,  787,   84,  342,  264,   46,  982,   18,  228,  856,  849,  450,  822,  496, 1046,   73,  991,  411,  386,  687,  289,  288,  762,  246, 1016,  694,  746],
        [  340,    0,  875,  561,  293,  718,  704,  349, 1173, 1159, 1126,  511, 1143,  501,  290,  915, 1142, 1144,  677,    0,  710,  546,  740,  311,  973,  605,  723,  809,  775,  941,  596,  632,  244,  894,  560, 1062,  167,  446, 1104,  456,  335,  789,  841,  363,  981, 1071,  825,  514,  840,  691,  757,  254,  322,  376,  742,  422,  605,  989,  818,  866,  374,  407,  758, 1118,  698,  801, 1036, 1010,  844,  758,  304,  770,  337,  356,  589,  667,  974, 1030,  817, 1031,  594, 1014,  996,  663,  920,  979,  899,  881, 1112,  757,  482,  462,  669,  972,  692,  604, 1062, 1235,  487,  486,  582,  884,  614, 1013,  501,  880,  432,  773,  733,  152,  743, 1017,  622,   80],
        [  382,    0,  219,  391,  449,  206,  365,  390,  552,  490,  424,  676,  477,  385,  421,  226,  573,  488,  703,  710,    0,  557,  527,  528,  474,  226,  358,  467,  103,  458,  126,  414,  534,  461,  475,  559,  566,  280,  461,  339,  390,  102,  481,  653,  310,  445,  266,  228,  364,  321,  229,  502,  454,  632,  671,  293,  481,  522,  140,  432,  442,  321,  646,  520,  371,  664,  493,  303,  217,  738,  487,  477,  513,  355,  169,  298,  504,  508,  108,  347,  400,  326,  324,  178,  318,  432,  328,  374,  476,  766,  398,  505,  659,  298,  718,  476,  369,  617,  298,  359,  213,  351,  706,  325,  321,  521,  301,  501,  468,  643,  518,  339,   98,  711],
        [  358,    0,  776,  168,  327,  714,  273,  525,  765,  805,  842,  136,  789,  181,  441,  771,  697,  777,  170,  546,  557,    0,  214,  242, 1012,  333,  823,  319,  660,  990,  532,  805,  316,  423,   86,  590,  401,  363,  728,  604,  496,  565,  349,  219,  667,  685,  469,  545,  417,  296,  751,  325,  579,  196,  202,  464,  106,  512,  570,  406,  226,  506,  213,  699,  264,  255,  594,  762,  772,  238,  271,  270,  220,  435,  393,  747, 1035,  576,  629,  724,  169,  864,  873,  393,  873,  553,  517,  461,  728,  251,  175,   98,  140,  847,  188,  109,  763,  815,  286,  653,  345,  891,  151,  862,  249,  376,  518,  261,  235,  613,  220,  884,  537,  608],
        [  485,    0,  731,  208,  481,  720,  164,  639,  578,  640,  705,  331,  624,  268,  576,  707,  499,  607,  234,  740,  527,  214,    0,  429, 1000,  321,  854,  124,  626,  984,  551,  866,  498,  228,  181,  385,  583,  441,  558,  689,  614,  496,  148,  432,  533,  513,  344,  602,  257,  207,  750,  497,  704,  408,  161,  551,  136,  308,  487,  219,  379,  599,  126,  511,  158,  138,  401,  650,  739,  231,  442,   77,  403,  547,  396,  782, 1031,  378,  565,  586,  175,  786,  807,  351,  839,  371,  366,  294,  554,  264,  279,  280,  191,  782,  242,  137,  627,  622,  351,  734,  349,  878,  281,  785,  312,  166,  603,   56,   63,  783,   13,  813,  545,  794],
        [  183,    0,  735,  260,  118,  622,  408,  332,  899,  906,  903,  250,  890,  207,  236,  753,  854,  886,  392,  311,  528,  242,  429,    0,  917,  352,  694,  504,  619,  890,  451,  646,   75,  594,  249,  765,  160,  256,  841,  435,  303,  578,  536,  143,  740,  803,  560,  418,  552,  404,  662,   91,  370,  133,  443,  315,  295,  689,  598,  569,   91,  340,  454,  839,  401,  496,  748,  800,  717,  470,   52,  462,   27,  260,  368,  620,  932,  737,  626,  795,  291,  853,  849,  419,  811,  695,  627,  596,  846,  476,  186,  152,  375,  823,  410,  294,  830,  957,  239,  482,  340,  806,  342,  852,  233,  573,  360,  464,  425,  372,  432,  866,  468,  368],
        [  737,    0,  290,  852,  808,  300,  838,  633,  863,  745,  602, 1116,  742,  832,  720,  346,  932,  767, 1168,  973,  474, 1012, 1000,  917,    0,  692,  251,  934,  377,   33,  482,  358,  893,  909,  935,  964,  884,  671,  769,  520,  655,  521,  944, 1058,  630,  780,  707,  500,  814,  794,  262,  858,  652, 1042, 1142,  606,  947,  949,  545,  885,  848,  592, 1119,  863,  843, 1138,  886,  514,  267, 1208,  867,  948,  911,  669,  623,  309,   44,  911,  456,  624,  866,  342,  294,  650,  180,  837,  744,  812,  789, 1235,  841,  943, 1125,  300, 1184,  942,  612,  917,  730,  488,  672,  123, 1162,  343,  764,  981,  568,  973,  941,  846,  991,  311,  476,  936],
        [  270,    0,  443,  166,  313,  402,  173,  374,  569,  560,  553,  457,  544,  170,  349,  439,  546,  542,  478,  605,  226,  333,  321,  352,  692,    0,  534,  296,  328,  673,  231,  550,  382,  336,  251,  485,  441,  175,  500,  391,  357,  239,  320,  455,  389,  467,  221,  290,  255,  134,  435,  359,  445,  431,  452,  268,  257,  423,  252,  304,  262,  317,  432,  516,  175,  455,  444,  453,  441,  517,  324,  288,  330,  295,   76,  461,  719,  444,  298,  444,  176,  534,  541,   69,  543,  383,  295,  290,  508,  544,  187,  290,  435,  515,  494,  252,  479,  631,  119,  432,   34,  569,  481,  533,  119,  365,  312,  308,  268,  586,  313,  553,  225,  630],
        [  511,    0,  297,  677,  579,  155,  701,  389,  870,  778,  661,  912,  769,  644,  481,  369,  913,  788,  988,  723,  358,  823,  854,  694,  251,  534,    0,  814,  300,  219,  304,  119,  660,  817,  755,  912,  643,  464,  775,  275,  413,  444,  831,  836,  619,  771,  623,  281,  720,  657,  150,  625,  402,  823,  979,  379,  775,  878,  479,  788,  634,  357,  962,  852,  704,  988,  842,  544,  253, 1039,  642,  816,  691,  437,  458,   76,  251,  860,  400,  636,  698,  428,  387,  513,  259,  784,  680,  731,  793, 1062,  648,  743,  949,  375, 1005,  771,  640,  933,  539,  239,  507,  187,  971,  428,  577,  873,  335,  839,  800,  596,  846,  411,  311,  685],
        [  518,    0,  653,  250,  531,  669,  126,  655,  455,  518,  589,  446,  502,  312,  608,  620,  380,  484,  357,  809,  467,  319,  124,  504,  934,  296,  814,    0,  558,  921,  518,  843,  566,  106,  263,  272,  646,  451,  435,  685,  634,  416,   32,  533,  420,  390,  243,  586,  142,  163,  695,  558,  725,  507,  278,  556,  221,  193,  399,   96,  437,  606,  239,  388,  127,  235,  279,  544,  668,  346,  506,   51,  477,  568,  369,  745,  967,  258,  484,  471,  216,  692,  717,  302,  764,  248,  250,  174,  431,  381,  329,  364,  315,  694,  364,  221,  511,  500,  366,  727,  329,  813,  404,  690,  334,   74,  604,   69,   85,  832,  112,  720,  505,  855],
        [  461,    0,  118,  494,  532,  147,  463,  438,  574,  490,  395,  777,  480,  486,  487,  141,  614,  496,  806,  775,  103,  660,  626,  619,  377,  328,  300,  558,    0,  363,  180,  381,  618,  540,  578,  618,  641,  366,  479,  363,  444,  152,  569,  748,  323,  472,  339,  267,  443,  419,  154,  585,  493,  728,  772,  354,  583,  590,  183,  514,  535,  372,  747,  553,  469,  763,  546,  271,  114,  839,  576,  572,  606,  421,  270,  256,  410,  565,  101,  346,  503,  241,  231,  279,  215,  489,  388,  446,  496,  868,  499,  605,  762,  205,  821,  578,  357,  637,  395,  369,  315,  256,  809,  240,  422,  607,  348,  597,  566,  692,  616,  249,  157,  767],
        [  709,    0,  285,  832,  780,  277,  822,  603,  866,  751,  610, 1092,  747,  810,  690,  345,  932,  771, 1147,  941,  458,  990,  984,  890,   33,  673,  219,  921,  363,    0,  459,  325,  864,  900,  914,  960,  854,  645,  772,  489,  624,  511,  931, 1031,  629,  781,  697,  473,  804,  778,  240,  829,  620, 1016, 1124,  578,  927,  942,  536,  874,  822,  563, 1101,  864,  827, 1121,  883,  517,  258, 1189,  840,  933,  885,  640,  602,  279,   47,  907,  447,  626,  847,  350,  302,  634,  179,  832,  737,  803,  792, 1216,  818,  919, 1105,  306, 1163,  922,  617,  922,  707,  456,  652,  108, 1140,  351,  742,  969,  539,  958,  925,  814,  974,  321,  454,  903],
        [  284,    0,  289,  377,  356,  183,  400,  267,  670,  615,  548,  635,  601,  352,  307,  321,  683,  611,  692,  596,  126,  532,  551,  451,  482,  231,  304,  518,  180,  459,    0,  327,  442,  534,  458,  655,  461,  196,  582,  216,  268,  225,  537,  586,  433,  563,  359,  103,  441,  357,  221,  409,  329,  568,  677,  175,  475,  608,  262,  504,  372,  198,  659,  634,  403,  684,  595,  425,  267,  739,  404,  515,  440,  242,  155,  231,  504,  606,  230,  472,  397,  421,  408,  218,  361,  533,  429,  461,  596,  763,  359,  461,  651,  383,  708,  470,  495,  736,  249,  241,  204,  364,  682,  420,  284,  581,  177,  537,  498,  521,  544,  427,   29,  591],
        [  467,    0,  403,  674,  529,  236,  722,  321,  953,  869,  762,  880,  859,  632,  418,  472,  985,  876,  974,  632,  414,  805,  866,  646,  358,  550,  119,  843,  381,  325,  327,    0,  602,  860,  746,  972,  572,  444,  858,  212,  348,  510,  863,  788,  702,  850,  676,  266,  765,  681,  247,  569,  315,  778,  977,  343,  772,  930,  547,  830,  599,  308,  965,  928,  724,  994,  906,  641,  358, 1033,  595,  837,  648,  388,  475,  125,  350,  921,  478,  725,  700,  540,  501,  544,  377,  846,  741,  782,  875, 1052,  633,  718,  938,  487,  992,  768,  734, 1017,  529,  165,  520,  305,  949,  540,  569,  907,  291,  858,  817,  496,  860,  525,  343,  586],
        [  160,    0,  731,  318,   88,  604,  463,  283,  943,  942,  927,  318,  926,  259,  185,  756,  905,  923,  466,  244,  534,  316,  498,   75,  893,  382,  660,  566,  618,  864,  442,  602,    0,  651,  318,  821,   86,  255,  880,  392,  255,  595,  597,  193,  770,  845,  599,  394,  603,  453,  644,   36,  311,  190,  517,  288,  363,  747,  619,  625,  132,  304,  527,  885,  456,  569,  799,  819,  709,  544,   62,  526,   97,  224,  385,  589,  904,  791,  636,  823,  351,  856,  848,  447,  799,  744,  670,  645,  887,  549,  240,  224,  449,  822,  483,  362,  857, 1003,  264,  438,  365,  786,  413,  855,  269,  636,  326,  530,  490,  298,  500,  866,  463,  296],
        [  585,    0,  622,  335,  608,  666,  191,  708,  351,  421,  506,  552,  405,  394,  672,  579,  275,  386,  459,  894,  461,  423,  228,  594,  909,  336,  817,  106,  540,  900,  534,  860,  651,    0,  362,  172,  728,  506,  337,  722,  690,  390,   82,  633,  345,  292,  203,  616,   98,  211,  686,  640,  779,  608,  375,  604,  323,   96,  365,   32,  521,  652,  335,  284,  196,  323,  174,  477,  643,  441,  590,  156,  568,  625,  399,  753,  945,  153,  454,  392,  303,  639,  669,  319,  734,  148,  180,  102,  331,  476,  412,  461,  418,  649,  465,  321,  430,  395,  428,  761,  368,  792,  508,  638,  401,   88,  647,  172,  189,  904,  217,  670,  517,  934],
        [  320,    0,  693,   85,  306,  639,  195,  483,  694,  727,  759,  219,  711,  114,  409,  687,  633,  700,  234,  560,  475,   86,  181,  249,  935,  251,  755,  263,  578,  914,  458,  746,  318,  362,    0,  532,  403,  303,  652,  551,  456,  480,  294,  273,  585,  610,  387,  482,  343,  213,  675,  318,  544,  247,  234,  410,   46,  454,  485,  340,  202,  455,  230,  629,  186,  268,  528,  678,  691,  287,  263,  217,  223,  391,  314,  680,  960,  512,  544,  641,   85,  779,  789,  309,  792,  483,  439,  387,  653,  308,  116,  103,  195,  763,  251,   45,  680,  746,  218,  599,  265,  814,  231,  778,  179,  328,  464,  216,  180,  605,  183,  800,  461,  613],
        [  746,    0,  676,  505,  774,  758,  359,  857,  225,  335,  461,  715,  324,  563,  831,  619,  123,  297,  605, 1062,  559,  590,  385,  765,  964,  485,  912,  272,  618,  960,  655,  972,  821,  172,  532,    0,  896,  660,  257,  858,  841,  469,  242,  803,  342,  220,  297,  746,  230,  373,  771,  808,  929,  778,  513,  750,  492,   79,  436,  197,  690,  797,  472,  165,  365,  449,   80,  476,  706,  572,  760,  321,  738,  779,  538,  856, 1003,   54,  521,  369,  474,  655,  694,  453,  784,  129,  233,  198,  242,  606,  582,  632,  568,  678,  608,  491,  399,  250,  588,  891,  516,  855,  662,  654,  565,  221,  788,  332,  356, 1065,  376,  688,  634, 1100],
        [  186,    0,  749,  396,  128,  607,  538,  254, 1008,  999,  973,  395,  983,  336,  165,  781,  976,  982,  548,  167,  566,  401,  583,  160,  884,  441,  643,  646,  641,  854,  461,  572,   86,  728,  403,  896,    0,  291,  941,  369,  231,  637,  677,  258,  823,  907,  661,  396,  674,  525,  647,   89,  263,  261,  602,  292,  448,  823,  664,  701,  209,  294,  613,  952,  533,  655,  870,  860,  722,  628,  141,  608,  183,  224,  431,  577,  892,  864,  672,  874,  430,  881,  868,  502,  807,  813,  734,  715,  949,  631,  318,  309,  533,  843,  565,  446,  906, 1070,  323,  410,  420,  784,  493,  880,  336,  717,  319,  613,  572,  214,  584,  888,  485,  211],
        [  107,    0,  480,  237,  170,  372,  327,  204,  737,  714,  683,  450,  699,  190,  175,  502,  720,  701,  531,  446,  280,  363,  441,  256,  671,  175,  464,  451,  366,  645,  196,  444,  255,  506,  303,  660,  291,    0,  662,  250,  184,  346,  479,  391,  536,  632,  391,  184,  430,  296,  412,  223,  275,  374,  536,  110,  333,  595,  373,  475,  178,  158,  527,  687,  325,  560,  618,  569,  462,  590,  211,  431,  245,  120,  143,  388,  689,  619,  383,  586,  268,  602,  596,  223,  556,  558,  466,  465,  672,  609,  190,  279,  495,  570,  548,  328,  617,  801,   91,  297,  146,  555,  509,  602,  130,  524,  163,  446,  402,  413,  437,  613,  213,  462],
        [  765,    0,  497,  595,  813,  625,  457,  831,   97,   85,  209,  863,   70,  637,  834,  429,  173,   50,  791, 1104,  461,  728,  558,  841,  769,  500,  775,  435,  479,  772,  582,  858,  880,  337,  652,  257,  941,  662,    0,  798,  824,  359,  417,  917,  156,   46,  282,  684,  312,  445,  626,  858,  900,  891,  711,  724,  623,  296,  322,  340,  754,  763,  671,  104,  466,  659,  187,  257,  536,  777,  820,  482,  817,  772,  521,  734,  811,  220,  381,  146,  574,  436,  481,  441,  593,  190,  216,  269,   20,  812,  658,  739,  749,  471,  798,  620,  162,  159,  619,  819,  522,  675,  835,  435,  612,  420,  748,  503,  508, 1071,  546,  470,  555, 1124],
        [  256,    0,  441,  486,  317,  270,  561,  115,  886,  829,  753,  670,  816,  438,  209,  494,  895,  826,  773,  456,  339,  604,  689,  435,  520,  391,  275,  685,  363,  489,  216,  212,  392,  722,  551,  858,  369,  250,  798,    0,  140,  440,  710,  576,  648,  779,  565,  115,  634,  524,  306,  358,  140,  567,  784,  141,  582,  804,  477,  691,  390,   99,  776,  848,  561,  809,  803,  629,  404,  836,  384,  671,  437,  177,  324,  212,  525,  811,  437,  685,  516,  586,  560,  407,  469,  740,  638,  661,  812,  853,  435,  512,  740,  539,  791,  577,  705,  951,  340,   50,  358,  429,  743,  586,  379,  755,   87,  689,  646,  344,  684,  583,  243,  428],
        [  139,    0,  541,  406,  186,  385,  510,   30,  904,  867,  813,  547,  852,  349,   70,  583,  896,  858,  664,  335,  390,  496,  614,  303,  655,  357,  413,  634,  444,  624,  268,  348,  255,  690,  456,  841,  231,  184,  824,  140,    0,  480,  662,  443,  685,  798,  563,  180,  612,  480,  424,  222,   92,  435,  688,  100,  493,  779,  514,  659,  273,   73,  686,  858,  508,  722,  797,  692,  509,  733,  253,  611,  309,   68,  309,  346,  662,  799,  497,  730,  440,  681,  662,  395,  586,  735,  639,  645,  835,  747,  341,  400,  635,  638,  682,  490,  755,  969,  269,  184,  325,  557,  627,  680,  305,  707,   97,  625,  581,  254,  611,  683,  296,  324],
        [  452,    0,  238,  398,  514,  289,  334,  484,  450,  391,  338,  693,  377,  408,  504,  212,  475,  387,  695,  789,  102,  565,  496,  578,  521,  239,  444,  416,  152,  511,  225,  510,  595,  390,  480,  469,  637,  346,  359,  440,  480,    0,  424,  691,  209,  344,  188,  328,  294,  293,  303,  566,  550,  668,  649,  381,  476,  439,   38,  364,  488,  414,  620,  419,  341,  632,  399,  224,  254,  719,  542,  435,  559,  438,  211,  391,  557,  417,   70,  250,  398,  300,  314,  173,  349,  341,  238,  295,  374,  749,  425,  528,  649,  289,  708,  471,  276,  515,  340,  460,  241,  403,  708,  298,  353,  460,  396,  461,  434,  733,  485,  322,  197,  796],
        [  547,    0,  661,  281,  562,  684,  152,  683,  432,  500,  578,  474,  484,  343,  637,  624,  352,  466,  378,  841,  481,  349,  148,  536,  944,  320,  831,   32,  569,  931,  537,  863,  597,   82,  294,  242,  677,  479,  417,  710,  662,  424,    0,  563,  412,  372,  244,  609,  139,  187,  709,  589,  753,  538,  295,  583,  252,  164,  404,   80,  468,  632,  255,  364,  155,  245,  254,  539,  677,  361,  537,   79,  509,  596,  391,  763,  978,  231,  491,  462,  247,  692,  719,  320,  772,  228,  242,  164,  411,  396,  360,  396,  337,  697,  384,  252,  501,  475,  394,  751,  353,  824,  428,  691,  363,   46,  630,   92,  115,  862,  137,  722,  524,  886],
        [  325,    0,  865,  322,  260,  761,  463,  471,  964,  988, 1003,  149,  972,  289,  374,  877,  905,  964,  317,  363,  653,  219,  432,  143, 1058,  455,  836,  533,  748, 1031,  586,  788,  193,  633,  273,  803,  258,  391,  917,  576,  443,  691,  563,    0,  833,  876,  642,  559,  612,  472,  801,  223,  503,   26,  392,  457,  312,  725,  706,  613,  214,  483,  415,  900,  455,  459,  800,  907,  850,  400,  194,  485,  147,  402,  487,  763, 1073,  784,  744,  889,  344,  977,  976,  523,  946,  753,  702,  657,  919,  395,  270,  179,  316,  950,  332,  313,  927, 1017,  356,  624,  451,  945,  252,  976,  338,  593,  503,  479,  448,  465,  439,  991,  601,  435],
        [  641,    0,  348,  515,  696,  469,  398,  690,  252,  183,  176,  802,  169,  546,  703,  285,  303,  179,  761,  981,  310,  667,  533,  740,  630,  389,  619,  420,  323,  629,  433,  702,  770,  345,  585,  342,  823,  536,  156,  648,  685,  209,  412,  833,    0,  154,  199,  536,  278,  372,  471,  745,  757,  808,  693,  585,  565,  347,  173,  334,  650,  621,  656,  237,  407,  654,  263,  136,  385,  763,  712,  459,  718,  638,  393,  578,  671,  291,  225,   57,  501,  313,  353,  323,  451,  225,  170,  249,  174,  797,  565,  658,  716,  337,  771,  561,   97,  315,  506,  667,  405,  528,  792,  312,  507,  432,  604,  483,  474,  936,  521,  346,  406,  995],
        [  734,    0,  501,  555,  780,  619,  415,  807,  108,  129,  242,  820,  114,  599,  806,  436,  153,   95,  747, 1071,  445,  685,  513,  803,  780,  467,  771,  390,  472,  781,  563,  850,  845,  292,  610,  220,  907,  632,   46,  779,  798,  344,  372,  876,  154,    0,  247,  665,  269,  405,  622,  824,  877,  851,  666,  699,  580,  253,  306,  295,  717,  740,  626,   84,  424,  614,  146,  272,  538,  732,  784,  438,  779,  744,  492,  727,  822,  179,  373,  160,  533,  453,  496,  410,  602,  145,  177,  225,   43,  767,  619,  698,  704,  484,  754,  577,  184,  173,  585,  803,  491,  681,  790,  452,  576,  375,  725,  458,  463, 1043,  502,  487,  537, 1094],
        [  489,    0,  420,  321,  534,  470,  200,  576,  349,  348,  374,  605,  332,  358,  565,  381,  334,  326,  566,  825,  266,  469,  344,  560,  707,  221,  623,  243,  339,  697,  359,  676,  599,  203,  387,  297,  661,  391,  282,  565,  563,  188,  244,  642,  199,  247,    0,  452,  108,  174,  487,  578,  647,  617,  504,  467,  367,  256,  163,  179,  472,  511,  469,  297,  209,  473,  238,  307,  441,  574,  539,  273,  536,  506,  255,  563,  743,  248,  252,  255,  305,  450,  476,  169,  532,  176,   76,  109,  288,  607,  378,  465,  521,  453,  577,  363,  295,  411,  339,  597,  246,  590,  595,  448,  330,  277,  500,  299,  283,  803,  332,  478,  337,  850],
        [  237,    0,  362,  409,  309,  212,  463,  172,  772,  717,  648,  631,  704,  369,  232,  405,  781,  714,  712,  514,  228,  545,  602,  418,  500,  290,  281,  586,  267,  473,  103,  266,  394,  616,  482,  746,  396,  184,  684,  115,  180,  328,  609,  559,  536,  665,  452,    0,  525,  423,  252,  359,  229,  545,  712,  106,  507,  694,  364,  585,  353,  108,  699,  734,  464,  729,  690,  525,  331,  768,  368,  576,  413,  173,  219,  206,  515,  699,  330,  575,  434,  502,  482,  298,  412,  628,  524,  550,  698,  789,  371,  462,  675,  459,  730,  502,  597,  837,  264,  146,  258,  392,  692,  501,  304,  653,   83,  596,  554,  426,  595,  504,  131,  502],
        [  518,    0,  528,  295,  549,  569,  150,  628,  352,  390,  450,  552,  374,  347,  601,  489,  303,  361,  488,  840,  364,  417,  257,  552,  814,  255,  720,  142,  443,  804,  441,  765,  603,   98,  343,  230,  674,  430,  312,  634,  612,  294,  139,  612,  278,  269,  108,  525,    0,  150,  589,  587,  700,  587,  416,  521,  312,  170,  271,   71,  471,  569,  378,  289,  158,  377,  197,  402,  548,  485,  541,  181,  527,  549,  312,  657,  850,  191,  359,  331,  270,  554,  582,  228,  640,  143,  110,   45,  311,  519,  367,  435,  444,  560,  497,  309,  371,  407,  360,  671,  287,  696,  526,  553,  340,  169,  562,  206,  201,  837,  244,  584,  422,  874],
        [  375,    0,  525,  151,  402,  517,   45,  500,  496,  517,  546,  431,  501,  198,  462,  505,  453,  492,  405,  691,  321,  296,  207,  404,  794,  134,  657,  163,  419,  778,  357,  681,  453,  211,  213,  373,  525,  296,  445,  524,  480,  293,  187,  472,  372,  405,  174,  423,  150,    0,  546,  438,  571,  447,  357,  398,  195,  303,  288,  181,  322,  446,  329,  435,   50,  344,  346,  470,  533,  426,  392,  159,  378,  415,  206,  587,  825,  339,  362,  428,  131,  589,  606,  146,  632,  292,  230,  192,  448,  457,  218,  294,  360,  581,  418,  191,  468,  554,  217,  565,  166,  672,  427,  587,  193,  232,  444,  183,  147,  694,  197,  613,  347,  727],
        [  486,    0,  157,  592,  558,   41,  590,  408,  721,  629,  515,  855,  620,  571,  483,  225,  766,  638,  908,  757,  229,  751,  750,  662,  262,  435,  150,  695,  154,  240,  221,  247,  644,  686,  675,  771,  647,  412,  626,  306,  424,  303,  709,  801,  471,  622,  487,  252,  589,  546,    0,  609,  445,  785,  887,  358,  688,  741,  336,  659,  589,  355,  865,  704,  595,  886,  699,  397,  113,  951,  614,  703,  654,  425,  363,  127,  286,  718,  253,  487,  608,  298,  264,  400,  164,  642,  540,  596,  644,  977,  579,  682,  866,  246,  924,  683,  492,  784,  469,  291,  413,  144,  901,  298,  503,  749,  330,  727,  692,  649,  741,  288,  215,  733],
        [  126,    0,  697,  308,   54,  569,  450,  250,  924,  918,  900,  340,  902,  247,  152,  723,  889,  901,  481,  254,  502,  325,  497,   91,  858,  359,  625,  558,  585,  829,  409,  569,   36,  640,  318,  808,   89,  223,  858,  358,  222,  566,  589,  223,  745,  824,  578,  359,  587,  438,  609,    0,  282,  217,  526,  253,  363,  735,  590,  612,  121,  269,  535,  867,  444,  576,  783,  790,  675,  558,   56,  520,  108,  189,  357,  554,  869,  776,  606,  797,  342,  824,  815,  422,  764,  727,  649,  628,  865,  565,  230,  230,  461,  789,  498,  361,  831,  984,  240,  404,  340,  750,  432,  823,  249,  629,  291,  526,  484,  289,  498,  833,  429,  298],
        [  224,    0,  578,  497,  258,  409,  601,   72,  984,  939,  875,  619,  925,  438,  139,  628,  980,  933,  745,  322,  454,  579,  704,  370,  652,  445,  402,  725,  493,  620,  329,  315,  311,  779,  544,  929,  263,  275,  900,  140,   92,  550,  753,  503,  757,  877,  647,  229,  700,  571,  445,  282,    0,  499,  774,  181,  582,  867,  585,  748,  354,  138,  773,  940,  599,  811,  882,  752,  542,  816,  323,  702,  380,  159,  394,  347,  653,  886,  558,  799,  530,  722,  698,  480,  608,  820,  722,  732,  913,  829,  430,  482,  718,  676,  763,  578,  822, 1049,  360,  164,  413,  566,  704,  722,  396,  797,  154,  716,  672,  205,  702,  721,  357,  289],
        [  313,    0,  845,  297,  250,  745,  438,  464,  938,  963,  978,  137,  947,  265,  367,  857,  880,  938,  302,  376,  632,  196,  408,  133, 1042,  431,  823,  507,  728, 1016,  568,  778,  190,  608,  247,  778,  261,  374,  891,  567,  435,  668,  538,   26,  808,  851,  617,  545,  587,  447,  785,  217,  499,    0,  373,  444,  286,  700,  683,  587,  196,  472,  395,  874,  429,  438,  774,  884,  831,  384,  184,  460,  133,  391,  465,  749, 1059,  759,  723,  865,  318,  955,  956,  499,  928,  728,  676,  631,  894,  382,  246,  153,  297,  929,  317,  288,  902,  992,  335,  614,  429,  928,  239,  954,  316,  568,  491,  454,  423,  472,  414,  971,  582,  446],
