{
    "name": "random-12-24505",
    "comment": "size=12 seed=24505",
    "nodes": ["+0", "-0", "+1", "-1", "+2", "-2", "+3", "-3", "+4", "-4", "+5", "-5", "+6", "-6", "+7", "-7", "+8", "-8", "+9", "-9", "+10", "-10", "+11", "-11", "+12", "-12"],
    "precedence": {
        "+0": "-0",
        "+1": "-1",
        "+2": "-2",
        "+3": "-3",
        "+4": "-4",
        "+5": "-5",
        "+6": "-6",
        "+7": "-7",
        "+8": "-8",
        "+9": "-9",
        "+10": "-10",
        "+11": "-11",
        "+12": "-12"
    },
    "edges": [
        [    0,    0,  537,  179,  491,  249,  391,  592,   59,  468,  615,  222,  459,  461,   51,  396,  191,  570,  370,  571,  498,  430,  456,  383,  268,   25],
        [    0,    0,  537,  179,  491,  249,  391,  592,   59,  468,  615,  222,  459,  461,   51,  396,  191,  570,  370,  571,  498,  430,  456,  383,  268,   25],
        [  537,  537,    0,  461,  101,  295,  182, 1097,  593,  916,  790,  676,  217,  700,  542,  306,  661,  641,  547,  461,  337,  355,  874,  920,  654,  560],
        [  179,  179,  461,    0,  448,  239,  368,  639,  201,  457,  470,  217,  461,  326,  224,  435,  370,  400,  499,  394,  333,  486,  421,  508,  440,  186],
        [  491,  491,  101,  448,    0,  242,  103, 1070,  548,  904,  827,  656,  117,  721,  487,  209,  592,  689,  452,  527,  400,  256,  868,  869,  574,  515],
        [  249,  249,  295,  239,  242,    0,  144,  832,  307,  679,  687,  426,  226,  555,  248,  199,  368,  583,  334,  491,  377,  254,  651,  629,  378,  273],
        [  391,  391,  182,  368,  103,  144,    0,  976,  450,  819,  783,  567,  101,  664,  386,  143,  489,  658,  370,  522,  396,  201,  787,  768,  475,  416],
        [  592,  592, 1097,  639, 1070,  832,  976,    0,  534,  233,  661,  422, 1050,  569,  614,  986,  604,  763,  895,  914,  920, 1014,  298,  314,  704,  567],
        [   59,   59,  593,  201,  548,  307,  450,  534,    0,  417,  600,  179,  518,  444,   89,  454,  188,  571,  410,  593,  530,  486,  410,  330,  282,   35],
        [  468,  468,  916,  457,  904,  679,  819,  233,  417,    0,  435,  255,  904,  337,  506,  857,  552,  530,  822,  687,  703,  896,   66,  368,  659,  446],
        [  615,  615,  790,  470,  827,  687,  783,  661,  600,  435,    0,  449,  883,  156,  665,  884,  786,  167,  967,  381,  470,  941,  371,  751,  879,  608],
        [  222,  222,  676,  217,  656,  426,  567,  422,  179,  255,  449,    0,  651,  296,  265,  604,  351,  459,  589,  542,  518,  644,  235,  336,  454,  203],
        [  459,  459,  217,  461,  117,  226,  101, 1050,  518,  904,  883,  651,    0,  763,  444,  102,  525,  757,  347,  616,  488,  141,  876,  823,  490,  484],
        [  461,  461,  700,  326,  721,  555,  664,  569,  444,  337,  156,  296,  763,    0,  511,  753,  631,  194,  818,  365,  414,  807,  272,  611,  724,  453],
        [   51,   51,  542,  224,  487,  248,  386,  614,   89,  506,  665,  265,  444,  511,    0,  373,  149,  619,  324,  612,  532,  401,  498,  383,  218,   63],
        [  396,  396,  306,  435,  209,  199,  143,  986,  454,  857,  884,  604,  102,  753,  373,    0,  436,  773,  246,  656,  532,   61,  835,  742,  393,  421],
        [  191,  191,  661,  370,  592,  368,  489,  604,  188,  552,  786,  351,  525,  631,  149,  436,    0,  756,  293,  760,  680,  445,  561,  318,  108,  188],
        [  570,  570,  641,  400,  689,  583,  658,  763,  571,  530,  167,  459,  757,  194,  619,  773,  756,    0,  891,  215,  311,  832,  465,  790,  837,  570],
        [  370,  370,  547,  499,  452,  334,  370,  895,  410,  822,  967,  589,  347,  818,  324,  246,  293,  891,    0,  823,  711,  216,  819,  607,  203,  387],
        [  571,  571,  461,  394,  527,  491,  522,  914,  593,  687,  381,  542,  616,  365,  612,  656,  760,  215,  823,    0,  128,  716,  626,  875,  818,  580],
        [  498,  498,  337,  333,  400,  377,  396,  920,  530,  703,  470,  518,  488,  414,  532,  532,  680,  311,  711,  128,    0,  592,  648,  837,  726,  511],
        [  430,  430,  355,  486,  256,  254,  201, 1014,  486,  896,  941,  644,  141,  807,  401,   61,  445,  832,  216,  716,  592,    0,  877,  758,  388,  453],
        [  456,  456,  874,  421,  868,  651,  787,  298,  410,   66,  371,  235,  876,  272,  498,  835,  561,  465,  819,  626,  648,  877,    0,  411,  668,  436],
        [  383,  383,  920,  508,  869,  629,  768,  314,  330,  368,  751,  336,  823,  611,  383,  742,  318,  790,  607,  875,  837,  758,  411,    0,  407,  361],
        [  268,  268,  654,  440,  574,  378,  475,  704,  282,  659,  879,  454,  490,  724,  218,  393,  108,  837,  203,  818,  726,  388,  668,  407,    0,  272],
        [   25,   25,  560,  186,  515,  273,  416,  567,   35,  446,  608,  203,  484,  453,   63,  421,  188,  570,  387,  580,  511,  453,  436,  361,  272,    0]
    ]
}
