{
    "name": "random-58-289",
    "comment": "size=58 seed=289",
    "nodes": ["+0", "-0", "+1", "-1", "+2", "-2", "+3", "-3", "+4", "-4", "+5", "-5", "+6", "-6", "+7", "-7", "+8", "-8", "+9", "-9", "+10", "-10", "+11", "-11", "+12", "-12", "+13", "-13", "+14", "-14", "+15", "-15", "+16", "-16", "+17", "-17", "+18", "-18", "+19", "-19", "+20", "-20", "+21", "-21", "+22", "-22", "+23", "-23", "+24", "-24", "+25", "-25", "+26", "-26", "+27", "-27", "+28", "-28", "+29", "-29", "+30", "-30", "+31", "-31", "+32", "-32", "+33", "-33", "+34", "-34", "+35", "-35", "+36", "-36", "+37", "-37", "+38", "-38", "+39", "-39", "+40", "-40", "+41", "-41", "+42", "-42", "+43", "-43", "+44", "-44", "+45", "-45", "+46", "-46", "+47", "-47", "+48", "-48", "+49", "-49", "+50", "-50", "+51", "-51", "+52", "-52", "+53", "-53", "+54", "-54", "+55", "-55", "+56", "-56", "+57", "-57", "+58", "-58"],
    "precedence": {
        "+0": "-0",
        "+1": "-1",
        "+2": "-2",
        "+3": "-3",
        "+4": "-4",
        "+5": "-5",
        "+6": "-6",
        "+7": "-7",
        "+8": "-8",
        "+9": "-9",
        "+10": "-10",
        "+11": "-11",
        "+12": "-12",
        "+13": "-13",
        "+14": "-14",
        "+15": "-15",
        "+16": "-16",
        "+17": "-17",
        "+18": "-18",
        "+19": "-19",
        "+20": "-20",
        "+21": "-21",
        "+22": "-22",
        "+23": "-23",
        "+24": "-24",
        "+25": "-25",
        "+26": "-26",
        "+27": "-27",
        "+28": "-28",
        "+29": "-29",
        "+30": "-30",
        "+31": "-31",
        "+32": "-32",
        "+33": "-33",
        "+34": "-34",
        "+35": "-35",
        "+36": "-36",
        "+37": "-37",
        "+38": "-38",
        "+39": "-39",
        "+40": "-40",
        "+41": "-41",
        "+42": "-42",
        "+43": "-43",
        "+44": "-44",
        "+45": "-45",
        "+46": "-46",
        "+47": "-47",
        "+48": "-48",
        "+49": "-49",
        "+50": "-50",
        "+51": "-51",
        "+52": "-52",
        "+53": "-53",
        "+54": "-54",
        "+55": "-55",
        "+56": "-56",
        "+57": "-57",
        "+58": "-58"
    },
    "edges": [
        [    0,    0,  730,  805,  731,  810,  688,  316,  410,  418,  791,  915,  754,  656,  257,  650,  437,  749,  363,   78,  405,  398,  460,  105,  468,  562,  512,  260,  306,  735,  636,   51,  298,  289,  328,  797,  783,  791,  801,  423,  627,  310,  458,  164,  249,  796,  442,  351,  737,  808,  585,  221,  347,  715,  306,  422,  568,  553,  472,  349,  495,  447,  479,  181,  270,  610,  656,  757,  514,  383,  365,  545,  592,  421,  133,  273,   88,  461,  372,  514,  446,  459,  688,  777,  611,  529,  201,  780,  604,  817,  732,  726,  570,  333,  600,  410,  452,  370,  639,  747,  572,  260,  758,  421,  510,  193,  447,  769,  614,  249,  224,  372,  312,  224,  614,  190,  384,  287],
        [    0,    0,    0,    0,    0,    0,    0,    0,    0,    0,    0,    0,    0,    0,    0,    0,    0,    0,    0,    0,    0,    0,    0,    0,    0,    0,    0,    0,    0,    0,    0,    0,    0,    0,    0,    0,    0,    0,    0,    0,    0,    0,    0,    0,    0,    0,    0,    0,    0,    0,    0,    0,    0,    0,    0,    0,    0,    0,    0,    0,    0,    0,    0,    0,    0,    0,    0,    0,    0,    0,    0,    0,    0,    0,    0,    0,    0,    0,    0,    0,    0,    0,    0,    0,    0,    0,    0,    0,    0,    0,    0,    0,    0,    0,    0,    0,    0,    0,    0,    0,    0,    0,    0,    0,    0,    0,    0,    0,    0,    0,    0,    0,    0,    0,    0,    0,    0,    0],
        [  730,    0,    0,   87,  655,  300,  548,  530,  483,  332,  186,  186,  587,  142,  939,  483,  350,  743, 1027,  710,  783,  791,  282,  834,  266,  485,  218,  471,  936,  173,  189,  679,  715,  965,  951,  234,  105,  369,   92,  326,  180,  609,  611,  676,  855,  312,  728,  463,  692,  130,  279,  941,  669,  105,  883,  910,  552,  727,  504,  782,  462,  540,  746,  560,  987,  174,  443,   80,  270,  385,  367,  549,  517,  704,  645,  937,  816,  517, 1007,  540,  304,  891,  200,  509,  650,  406,  768,  336,  143,   92,  281,  143,  697,  646,  326,  579,  313,  606,  430,  119,  287,  839,   49,  669,  228,  583,  524,  207,  734,  552,  914,  358,  447,  770,  667,  595,  401,  729],
        [  805,    0,   87,    0,  731,  349,  624,  615,  570,  416,  231,  116,  659,  225, 1020,  561,  404,  820, 1110,  789,  870,  835,  349,  908,  347,  504,  296,  545, 1020,  154,  272,  754,  767, 1047, 1035,  281,   54,  427,  107,  391,  211,  660,  697,  740,  915,  366,  815,  518,  769,   63,  304, 1012,  716,  111,  968,  997,  635,  751,  536,  869,  493,  627,  833,  631, 1065,  215,  520,  132,  357,  469,  446,  633,  531,  743,  714, 1019,  892,  603, 1091,  625,  388,  978,  200,  575,  664,  433,  829,  395,  229,   21,  346,  209,  782,  732,  343,  666,  372,  693,  508,   97,  372,  898,   99,  707,  297,  665,  560,  261,  751,  635,  994,  434,  512,  854,  750,  660,  486,  782],
        [  731,    0,  655,  731,    0,  428,  108,  430,  351,  502,  525,  767,   90,  517,  757,  175,  732,   93,  783,  658,  423, 1057,  650,  804,  554,  959,  587,  627,  694,  807,  471,  707,  946,  764,  693,  482,  760,  343,  639,  670,  742,  880,  275,  820,  973,  403,  344,  776,   40,  785,  803,  921,  950,  739,  620,  546,  173, 1119,  914,  473,  896,  290,  323,  692,  848,  718,  214,  601,  457,  475,  561,  195, 1001, 1022,  764,  734,  779,  284,  736,  226,  504,  489,  806,  190, 1104,  874,  905,  367,  552,  724,  393,  523,  198,  405,  856,  321,  698,  362,  227,  766,  390,  978,  633, 1000,  639,  551,  913,  487, 1159,  498,  755,  593,  704,  574,  134,  763,  450,  946],
        [  810,    0,  300,  349,  428,    0,  331,  521,  436,  405,  119,  352,  343,  214,  956,  287,  560,  520, 1023,  763,  703,  992,  469,  911,  391,  749,  381,  585,  926,  472,  201,  766,  897,  976,  935,   68,  393,   88,  243,  511,  456,  799,  507,  816,  998,   26,  630,  656,  467,  410,  548, 1030,  868,  403,  859,  843,  397,  973,  744,  726,  709,  453,  634,  679, 1027,  440,  247,  223,  306,  430,  473,  407,  787,  920,  770,  945,  888,  427,  989,  415,  383,  804,  495,  247,  915,  663,  913,   62,  284,  335,   79,  163,  542,  598,  602,  503,  518,  547,  247,  417,  239,  990,  258,  889,  426,  625,  757,   93,  992,  574,  939,  487,  610,  764,  491,  736,  427,  906],
        [  688,    0,  548,  624,  108,  331,    0,  375,  286,  411,  421,  663,   68,  409,  750,   70,  639,  197,  791,  620,  435,  988,  554,  771,  456,  865,  486,  552,  697,  700,  364,  658,  878,  762,  700,  380,  653,  249,  533,  577,  638,  805,  254,  759,  922,  306,  356,  692,  145,  677,  702,  891,  876,  632,  623,  570,  125, 1035,  825,  476,  804,  243,  345,  626,  837,  614,  106,  494,  356,  391,  474,  147,  906,  945,  704,  730,  746,  228,  747,  177,  409,  519,  700,  118, 1014,  778,  849,  269,  446,  617,  289,  417,  230,  382,  755,  286,  603,  332,  121,  658,  286,  924,  526,  921,  539,  499,  825,  383, 1073,  444,  743,  506,  622,  558,  170,  695,  369,  880],
        [  316,    0,  530,  615,  430,  521,  375,    0,   95,  206,  530,  708,  442,  415,  437,  335,  388,  466,  511,  253,  270,  630,  343,  405,  282,  604,  337,  219,  416,  604,  380,  283,  519,  458,  428,  523,  613,  488,  576,  336,  503,  462,  179,  390,  548,  504,  242,  386,  443,  641,  514,  527,  530,  557,  357,  385,  260,  714,  537,  257,  532,  141,  274,  266,  506,  478,  342,  529,  265,  150,  212,  237,  644,  605,  334,  427,  381,  149,  484,  205,  231,  375,  575,  462,  722,  531,  476,  482,  387,  621,  443,  476,  308,  126,  554,  122,  371,  110,  326,  592,  292,  550,  542,  587,  367,  125,  526,  500,  762,   69,  419,  245,  311,  249,  331,  336,  130,  518],
        [  410,    0,  483,  570,  351,  436,  286,   95,    0,  193,  457,  653,  353,  356,  522,  241,  412,  398,  588,  348,  300,  707,  347,  500,  266,  637,  317,  278,  492,  582,  316,  375,  596,  541,  502,  444,  576,  397,  518,  353,  488,  530,  143,  475,  638,  417,  248,  434,  369,  604,  518,  621,  600,  527,  427,  431,  179,  773,  580,  305,  568,   77,  271,  342,  596,  463,  247,  470,  215,  146,  230,  157,  678,  672,  419,  509,  475,   69,  556,  127,  210,  408,  560,  368,  769,  557,  563,  393,  343,  573,  359,  409,  263,  169,  563,   98,  386,  124,  232,  561,  218,  639,  488,  651,  358,  218,  574,  424,  817,  162,  506,  265,  360,  329,  270,  413,  118,  597],
        [  418,    0,  332,  416,  502,  405,  411,  206,  193,    0,  374,  515,  475,  239,  610,  347,  231,  567,  696,  386,  473,  604,  156,  522,   77,  458,  131,  181,  605,  399,  218,  370,  501,  635,  620,  383,  409,  405,  390,  169,  300,  412,  336,  412,  594,  395,  434,  285,  528,  437,  325,  637,  484,  352,  554,  591,  341,  627,  414,  462,  394,  268,  460,  275,  663,  275,  329,  345,   99,   56,   72,  326,  500,  547,  366,  606,  502,  253,  676,  301,   29,  580,  372,  450,  604,  374,  508,  386,  193,  423,  330,  308,  453,  330,  372,  288,  199,  301,  309,  386,  174,  586,  351,  519,  166,  254,  415,  353,  663,  220,  585,   97,  221,  439,  449,  333,   80,  508],
        [  791,    0,  186,  231,  525,  119,  421,  530,  457,  374,    0,  243,  445,  142,  964,  366,  485,  617, 1040,  754,  746,  927,  399,  895,  338,  656,  313,  547,  945,  358,  156,  743,  839,  987,  956,   51,  275,  199,  125,  443,  354,  736,  554,  773,  956,  137,  679,  590,  564,  292,  450, 1010,  803,  290,  882,  883,  462,  888,  661,  760,  622,  492,  688,  642, 1027,  341,  323,  108,  279,  412,  434,  467,  691,  848,  733,  956,  874,  465, 1011,  468,  347,  851,  385,  354,  822,  571,  870,  168,  209,  217,  133,   71,  612,  625,  502,  539,  444,  577,  318,  301,  240,  946,  142,  815,  350,  617,  677,   39,  902,  572,  944,  439,  554,  779,  568,  692,  416,  850],
        [  915,    0,  186,  116,  767,  352,  663,  708,  653,  515,  243,    0,  687,  298, 1124,  605,  520,  859, 1211,  895,  952,  950,  462, 1019,  451,  611,  403,  655, 1118,  256,  340,  864,  883, 1149, 1133,  289,  159,  437,  138,  505,  326,  776,  771,  855, 1031,  374,  892,  634,  806,  149,  417, 1124,  832,  226, 1064, 1084,  693,  860,  649,  956,  605,  703,  906,  743, 1172,  331,  563,  184,  444,  566,  553,  695,  636,  857,  827, 1121, 1001,  677, 1189,  691,  487, 1059,  307,  595,  769,  545,  944,  408,  323,  100,  375,  255,  843,  819,  452,  745,  487,  777,  555,  206,  442, 1014,  167,  821,  409,  767,  674,  281,  857,  734, 1099,  543,  626,  952,  804,  775,  580,  898],
        [  754,    0,  587,  659,   90,  343,   68,  442,  353,  475,  445,  687,    0,  452,  807,  129,  701,  180,  843,  685,  484, 1055,  614,  835,  517,  926,  543,  619,  750,  746,  409,  724,  946,  817,  752,  400,  691,  256,  563,  640,  689,  872,  313,  827,  989,  319,  404,  757,  128,  715,  758,  955,  943,  676,  676,  614,  188, 1101,  888,  529,  866,  308,  389,  693,  896,  666,  156,  528,  415,  457,  540,  211,  967, 1012,  772,  786,  810,  294,  798,  241,  472,  560,  749,  100, 1077,  838,  916,  283,  495,  650,  315,  450,  267,  442,  811,  349,  664,  394,  174,  701,  340,  992,  561,  988,  596,  566,  890,  408, 1137,  511,  801,  570,  688,  618,  202,  763,  436,  948],
        [  656,    0,  142,  225,  517,  214,  409,  415,  356,  239,  142,  298,  452,    0,  842,  343,  350,  603,  924,  624,  655,  789,  261,  760,  197,  537,  174,  408,  830,  294,   48,  607,  698,  866,  843,  166,  246,  259,  162,  305,  252,  597,  476,  633,  816,  217,  596,  452,  553,  272,  339,  874,  665,  225,  772,  787,  411,  760,  532,  660,  496,  407,  612,  502,  899,  233,  304,  115,  152,  283,  295,  408,  575,  712,  593,  836,  740,  382,  898,  401,  211,  762,  302,  381,  702,  450,  729,  229,   72,  223,  166,   72,  557,  523,  393,  448,  308,  480,  290,  250,  148,  805,  134,  680,  214,  489,  546,  133,  779,  449,  820,  299,  413,  663,  526,  551,  292,  709],
        [  257,    0,  939, 1020,  757,  956,  750,  437,  522,  610,  964, 1124,  807,  842,    0,  734,  683,  743,  107,  238,  343,  613,  690,  199,  674,  819,  725,  489,   88,  970,  812,  301,  530,   32,  105,  959, 1006,  916,  999,  659,  862,  563,  496,  413,  412,  938,  415,  605,  749, 1033,  832,  241,  589,  941,  148,  271,  626,  791,  729,  287,  752,  522,  443,  429,   97,  842,  754,  952,  691,  561,  575,  605,  849,  658,  389,   32,  193,  545,  126,  580,  638,  331,  927,  858,  860,  784,  412,  913,  802, 1030,  879,  907,  564,  372,  851,  472,  691,  424,  742,  975,  728,  436,  960,  664,  734,  357,  703,  936,  854,  394,   35,  592,  559,  195,  624,  447,  551,  515],
        [  650,    0,  483,  561,  175,  287,   70,  335,  241,  347,  366,  605,  129,  343,  734,    0,  572,  261,  783,  585,  438,  932,  486,  737,  389,  797,  417,  495,  687,  633,  297,  616,  824,  748,  692,  329,  587,  213,  473,  511,  569,  747,  245,  710,  877,  262,  360,  629,  211,  612,  633,  858,  818,  565,  615,  576,  117,  973,  760,  471,  737,  214,  356,  573,  816,  545,   43,  432,  288,  331,  412,  134,  839,  886,  655,  716,  712,  194,  742,  154,  343,  530,  631,  128,  948,  710,  801,  227,  377,  554,  234,  355,  256,  362,  686,  262,  536,  310,   53,  591,  217,  878,  463,  861,  470,  458,  761,  327, 1009,  402,  723,  442,  561,  539,  205,  642,  311,  827],
        [  437,    0,  350,  404,  732,  560,  639,  388,  412,  231,  485,  520,  701,  350,  683,  572,    0,  797,  784,  446,  651,  445,   93,  534,  187,  228,  180,  201,  707,  304,  361,  388,  366,  712,  726,  515,  369,  588,  438,   62,  201,  260,  550,  342,  513,  559,  630,  115,  758,  391,  150,  625,  322,  299,  674,  746,  570,  416,  191,  624,  166,  488,  661,  257,  706,  190,  549,  407,  291,  267,  183,  555,  270,  364,  324,  690,  522,  477,  779,  529,  230,  750,  254,  665,  377,  146,  427,  562,  279,  420,  498,  415,  674,  509,  174,  497,   42,  497,  530,  327,  373,  495,  392,  331,  136,  362,  199,  482,  443,  364,  652,  148,  125,  558,  677,  266,  294,  380],
        [  749,    0,  743,  820,   93,  520,  197,  466,  398,  567,  617,  859,  180,  603,  743,  261,  797,    0,  757,  673,  401, 1095,  719,  812,  624, 1025,  662,  675,  672,  891,  557,  730,  984,  746,  669,  574,  848,  435,  730,  736,  822,  925,  293,  853,  995,  496,  329,  831,   54,  873,  878,  925,  994,  824,  599,  510,  227, 1171,  974,  457,  959,  329,  301,  731,  837,  798,  302,  691,  532,  534,  620,  244, 1067, 1068,  796,  717,  788,  330,  707,  273,  572,  449,  887,  280, 1164,  941,  932,  459,  634,  814,  485,  613,  182,  416,  929,  348,  765,  381,  314,  852,  472, 1003,  722, 1048,  712,  580,  970,  579, 1215,  530,  744,  654,  757,  570,  136,  801,  508,  983],
        [  363,    0, 1027, 1110,  783, 1023,  791,  511,  588,  696, 1040, 1211,  843,  924,  107,  783,  784,  757,    0,  339,  361,  713,  787,  302,  764,  925,  817,  588,   97, 1067,  890,  406,  634,   76,   92, 1031, 1099,  976, 1083,  758,  959,  669,  539,  519,  506, 1003,  440,  710,  771, 1126,  933,  322,  694, 1035,  168,  253,  670,  895,  835,  315,  857,  576,  461,  532,  154,  938,  807, 1036,  772,  645,  667,  651,  955,  762,  495,   94,  298,  601,   54,  629,  724,  317, 1026,  904,  966,  889,  514,  976,  888, 1118,  946,  986,  586,  427,  953,  525,  791,  479,  797, 1069,  801,  532, 1045,  769,  829,  446,  809, 1010,  958,  477,  141,  686,  662,  262,  650,  552,  633,  618],
        [   78,    0,  710,  789,  658,  763,  620,  253,  348,  386,  754,  895,  685,  624,  238,  585,  446,  673,  339,    0,  329,  470,  453,  153,  445,  598,  494,  252,  266,  733,  599,   84,  366,  267,  286,  756,  772,  737,  775,  422,  625,  362,  384,  227,  326,  748,  364,  376,  663,  799,  595,  274,  408,  706,  250,  356,  498,  614,  511,  274,  527,  378,  401,  196,  278,  605,  594,  730,  476,  343,  343,  475,  631,  484,  183,  245,  128,  394,  336,  444,  414,  388,  690,  713,  663,  554,  277,  729,  577,  799,  685,  692,  494,  257,  616,  338,  454,  296,  579,  739,  526,  338,  734,  481,  499,  139,  488,  729,  673,  191,  209,  357,  324,  153,  539,  230,  340,  357],
        [  405,    0,  783,  870,  423,  703,  435,  270,  300,  473,  746,  952,  484,  655,  343,  438,  651,  401,  361,  329,    0,  796,  612,  440,  550,  854,  603,  462,  273,  871,  613,  407,  689,  346,  272,  725,  873,  644,  816,  602,  771,  666,  197,  549,  649,  681,   81,  628,  411,  901,  782,  542,  722,  821,  199,  140,  321,  924,  779,   61,  782,  255,  101,  468,  438,  747,  468,  768,  513,  418,  481,  305,  893,  800,  498,  317,  417,  281,  315,  290,  496,  109,  843,  551,  954,  789,  605,  650,  641,  872,  633,  704,  226,  145,  820,  208,  638,  177,  462,  855,  513,  663,  787,  790,  636,  306,  763,  711,  979,  289,  347,  512,  557,  189,  289,  528,  394,  682],
        [  398,    0,  791,  835, 1057,  992,  988,  630,  707,  604,  927,  950, 1055,  789,  613,  932,  445, 1095,  713,  470,  796,    0,  529,  415,  602,  377,  616,  437,  684,  706,  792,  390,  112,  641,  705,  954,  793, 1006,  881,  485,  625,  194,  805,  249,  216,  987,  821,  338, 1072,  809,  536,  411,  125,  725,  699,  819,  885,  204,  309,  743,  353,  769,  859,  366,  571,  622,  923,  851,  695,  604,  533,  863,  378,  103,  304,  638,  426,  773,  738,  831,  619,  857,  652, 1047,  310,  414,  204,  984,  719,  854,  923,  857,  930,  699,  512,  749,  485,  721,  904,  747,  776,  187,  836,  137,  579,  520,  280,  921,  266,  566,  580,  511,  385,  621,  960,  295,  623,  116],
        [  460,    0,  282,  349,  650,  469,  554,  343,  347,  156,  399,  462,  614,  261,  690,  486,   93,  719,  787,  453,  612,  529,    0,  563,   98,  312,   89,  203,  703,  281,  269,  409,  442,  718,  720,  426,  324,  496,  365,   46,  173,  338,  489,  395,  574,  467,  581,  192,  679,  349,  172,  664,  405,  255,  662,  718,  494,  509,  283,  592,  255,  422,  609,  284,  726,  152,  461,  329,  201,  203,  132,  480,  353,  453,  366,  693,  547,  408,  775,  456,  148,  715,  241,  574,  467,  225,  487,  470,  190,  362,  406,  329,  608,  468,  217,  439,   52,  446,  443,  288,  282,  559,  319,  420,   54,  346,  292,  393,  535,  334,  661,  104,  166,  545,  604,  314,  230,  454],
        [  105,    0,  834,  908,  804,  911,  771,  405,  500,  522,  895, 1019,  835,  760,  199,  737,  534,  812,  302,  153,  440,  415,  563,    0,  572,  639,  617,  364,  271,  835,  739,  155,  332,  229,  292,  900,  886,  888,  905,  525,  728,  374,  530,  224,  222,  896,  492,  441,  806,  911,  681,  122,  394,  817,  296,  424,  648,  593,  548,  381,  575,  529,  527,  281,  180,  711,  747,  862,  617,  485,  470,  625,  665,  460,  215,  223,   26,  545,  324,  595,  550,  472,  787,  865,  667,  615,  213,  878,  708,  921,  832,  830,  631,  400,  692,  487,  552,  443,  731,  849,  673,  244,  863,  468,  613,  288,  520,  872,  657,  342,  166,  476,  410,  252,  681,  275,  485,  317],
        [  468,    0,  266,  347,  554,  391,  456,  282,  266,   77,  338,  451,  517,  197,  674,  389,  187,  624,  764,  445,  550,  602,   98,  572,    0,  409,   55,  213,  675,  322,  192,  418,  507,  701,  691,  357,  336,  408,  334,  128,  224,  409,  408,  436,  619,  386,  510,  268,  583,  364,  256,  683,  479,  277,  626,  667,  401,  600,  378,  538,  352,  339,  535,  307,  722,  199,  364,  291,  105,  133,  103,  388,  451,  534,  397,  673,  554,  322,  746,  366,   57,  656,  296,  478,  564,  322,  532,  384,  137,  356,  322,  269,  522,  406,  306,  362,  149,  377,  345,  311,  187,  608,  291,  504,   92,  319,  384,  325,  629,  292,  649,  102,  220,  510,  513,  354,  156,  516],
        [  562,    0,  485,  504,  959,  749,  865,  604,  637,  458,  656,  611,  926,  537,  819,  797,  228, 1025,  925,  598,  854,  377,  312,  639,  409,    0,  389,  393,  862,  356,  560,  521,  356,  850,  882,  695,  454,  791,  575,  290,  306,  271,  773,  416,  533,  753,  843,  228,  986,  464,  207,  697,  286,  395,  844,  933,  798,  249,   91,  820,   73,  713,  877,  405,  818,  315,  772,  559,  512,  494,  408,  782,   43,  275,  430,  834,  635,  703,  930,  756,  456,  947,  305,  883,  167,   89,  465,  763,  469,  524,  698,  591,  899,  718,  162,  718,  262,  713,  754,  408,  592,  507,  533,  241,  336,  551,  121,  662,  250,  567,  786,  373,  298,  734,  904,  373,  521,  375],
        [  512,    0,  218,  296,  587,  381,  486,  337,  317,  131,  313,  403,  543,  174,  725,  417,  180,  662,  817,  494,  603,  616,   89,  617,   55,  389,    0,  254,  728,  269,  181,  462,  526,  752,  744,  339,  283,  409,  292,  132,  172,  424,  458,  468,  649,  379,  562,  279,  618,  311,  217,  724,  492,  222,  680,  721,  441,  595,  369,  593,  337,  388,  587,  345,  770,  147,  388,  252,  131,  187,  151,  430,  429,  541,  433,  725,  599,  369,  799,  410,  109,  710,  244,  496,  549,  300,  562,  383,  105,  306,  319,  243,  568,  460,  269,  414,  138,  430,  370,  257,  205,  637,  248,  509,   54,  371,  379,  306,  620,  345,  699,  141,  243,  564,  556,  386,  210,  537],
        [  260,    0,  471,  545,  627,  585,  552,  219,  278,  181,  547,  655,  619,  408,  489,  495,  201,  675,  588,  252,  462,  437,  203,  364,  213,  393,  254,    0,  508,  482,  395,  209,  330,  518,  526,  561,  524,  584,  545,  170,  373,  254,  397,  231,  413,  575,  453,  169,  646,  550,  347,  471,  325,  457,  474,  548,  455,  498,  320,  430,  320,  347,  488,   95,  524,  354,  487,  503,  279,  169,  114,  434,  432,  396,  187,  494,  347,  346,  580,  404,  204,  557,  438,  611,  504,  329,  328,  566,  349,  557,  510,  479,  525,  327,  374,  340,  203,  326,  468,  490,  353,  406,  501,  374,  250,  163,  308,  530,  544,  175,  460,  113,   95,  358,  543,  154,  186,  334],
        [  306,    0,  936, 1020,  694,  926,  697,  416,  492,  605,  945, 1118,  750,  830,   88,  687,  707,  672,   97,  266,  273,  684,  703,  271,  675,  862,  728,  508,    0,  983,  795,  342,  595,   78,   22,  935, 1010,  879,  989,  676,  875,  616,  444,  469,  490,  906,  350,  641,  683, 1038,  854,  327,  650,  948,   74,  185,  575,  854,  774,  222,  792,  480,  373,  461,  181,  854,  711,  942,  678,  553,  580,  555,  894,  721,  437,   57,  259,  504,   73,  533,  633,  247,  943,  809,  916,  819,  481,  879,  796, 1028,  850,  891,  498,  330,  878,  429,  710,  383,  701,  982,  706,  513,  953,  725,  743,  359,  750,  914,  917,  385,  112,  601,  587,  167,  560,  491,  539,  581],
        [  735,    0,  173,  154,  807,  472,  700,  604,  582,  399,  358,  256,  746,  294,  970,  633,  304,  891, 1067,  733,  871,  706,  281,  835,  322,  356,  269,  482,  983,    0,  338,  684,  650,  999, 1000,  407,  101,  540,  247,  313,  109,  544,  721,  645,  810,  485,  829,  413,  843,  108,  172,  928,  592,   71,  940,  988,  685,  605,  400,  860,  355,  650,  852,  555, 1003,  130,  595,  251,  376,  455,  405,  678,  381,  610,  628,  974,  821,  629, 1055,  663,  376,  978,   55,  673,  514,  295,  726,  507,  258,  175,  450,  314,  823,  728,  198,  679,  284,  698,  581,   60,  421,  790,  217,  574,  241,  625,  427,  380,  602,  607,  941,  382,  425,  823,  801,  570,  478,  666],
        [  636,    0,  189,  272,  471,  201,  364,  380,  316,  218,  156,  340,  409,   48,  812,  297,  361,  557,  890,  599,  613,  792,  269,  739,  192,  560,  181,  395,  795,  338,    0,  588,  698,  835,  808,  167,  293,  232,  204,  310,  287,  599,  431,  623,  806,  198,  552,  456,  507,  319,  368,  855,  668,  269,  736,  746,  364,  775,  548,  620,  514,  363,  567,  490,  872,  266,  258,  157,  123,  256,  281,  362,  599,  720,  581,  805,  718,  338,  864,  354,  192,  720,  342,  341,  724,  472,  720,  204,   94,  270,  139,   96,  510,  484,  422,  406,  319,  439,  244,  295,  102,  797,  179,  688,  228,  462,  559,  136,  798,  419,  790,  290,  411,  629,  479,  542,  262,  707],
        [   51,    0,  679,  754,  707,  766,  658,  283,  375,  370,  743,  864,  724,  607,  301,  616,  388,  730,  406,   84,  407,  390,  409,  155,  418,  521,  462,  209,  342,  684,  588,    0,  284,  332,  363,  751,  732,  749,  751,  373,  577,  279,  437,  144,  267,  752,  435,  305,  715,  758,  536,  268,  324,  664,  332,  440,  540,  530,  433,  354,  452,  419,  472,  131,  319,  559,  620,  708,  467,  337,  316,  517,  553,  400,   99,  313,  138,  431,  410,  485,  397,  471,  638,  742,  580,  484,  204,  737,  554,  766,  688,  678,  555,  318,  552,  386,  401,  350,  603,  696,  527,  273,  708,  397,  459,  159,  409,  722,  590,  215,  268,  321,  263,  237,  594,  150,  340,  276],
        [  298,    0,  715,  767,  946,  897,  878,  519,  596,  501,  839,  883,  946,  698,  530,  824,  366,  984,  634,  366,  689,  112,  442,  332,  507,  356,  526,  330,  595,  650,  698,  284,    0,  560,  617,  862,  729,  906,  803,  397,  559,  107,  693,  141,  179,  890,  711,  253,  961,  748,  478,  357,   72,  659,  603,  719,  774,  261,  272,  637,  312,  658,  749,  255,  503,  552,  816,  770,  596,  498,  430,  752,  370,  128,  194,  553,  339,  662,  654,  720,  519,  754,  595,  940,  341,  369,  124,  885,  630,  784,  825,  768,  818,  588,  464,  637,  403,  609,  797,  684,  675,  152,  757,  140,  494,  408,  240,  829,  325,  455,  497,  411,  288,  518,  848,  184,  515,   20],
        [  289,    0,  965, 1047,  764,  976,  762,  458,  541,  635,  987, 1149,  817,  866,   32,  748,  712,  746,   76,  267,  346,  641,  718,  229,  701,  850,  752,  518,   78,  999,  835,  332,  560,    0,   90,  980, 1034,  934, 1023,  688,  890,  594,  508,  444,  438,  957,  421,  636,  755, 1061,  861,  262,  620,  969,  148,  262,  639,  821,  760,  292,  783,  537,  446,  459,  105,  870,  769,  977,  715,  585,  602,  618,  880,  688,  420,   32,  223,  560,   99,  594,  663,  324,  956,  871,  891,  815,  441,  932,  827, 1056,  898,  930,  570,  387,  881,  487,  720,  439,  758, 1003,  749,  463,  985,  695,  762,  383,  734,  958,  885,  418,   66,  619,  589,  212,  631,  478,  575,  545],
        [  328,    0,  951, 1035,  693,  935,  700,  428,  502,  620,  956, 1133,  752,  843,  105,  692,  726,  669,   92,  286,  272,  705,  720,  292,  691,  882,  744,  526,   22, 1000,  808,  363,  617,   90,    0,  945, 1026,  887, 1003,  695,  892,  637,  449,  490,  511,  915,  350,  661,  682, 1054,  873,  346,  671,  964,   78,  174,  579,  876,  795,  224,  813,  487,  372,  481,  194,  871,  717,  956,  691,  567,  597,  560,  915,  743,  458,   74,  280,  512,   57,  538,  648,  237,  961,  813,  938,  839,  502,  888,  810, 1042,  859,  903,  497,  338,  898,  436,  728,  390,  707,  999,  717,  534,  967,  746,  760,  376,  771,  925,  938,  400,  131,  618,  606,  181,  560,  512,  553,  603],
        [  797,    0,  234,  281,  482,   68,  380,  523,  444,  383,   51,  289,  400,  166,  959,  329,  515,  574, 1031,  756,  725,  954,  426,  900,  357,  695,  339,  561,  935,  407,  167,  751,  862,  980,  945,    0,  326,  150,  176,  470,  397,  762,  531,  790,  973,   87,  656,  617,  521,  343,  491, 1017,  830,  338,  870,  864,  431,  923,  695,  743,  658,  472,  662,  656, 1025,  382,  287,  157,  285,  415,  447,  438,  731,  878,  747,  949,  878,  445, 1000,  442,  358,  829,  431,  307,  861,  610,  886,  120,  237,  268,   97,  104,  580,  611,  544,  521,  473,  561,  284,  351,  232,  963,  192,  845,  380,  617,  710,   34,  940,  570,  940,  457,  576,  770,  533,  709,  417,  872],
        [  783,    0,  105,   54,  760,  393,  653,  613,  576,  409,  275,  159,  691,  246, 1006,  587,  369,  848, 1099,  772,  873,  793,  324,  886,  336,  454,  283,  524, 1010,  101,  293,  732,  729, 1034, 1026,  326,    0,  467,  155,  363,  171,  622,  708,  709,  882,  408,  823,  483,  797,   29,  259,  986,  675,   71,  962,  997,  654,  702,  491,  869,  446,  637,  842,  607, 1047,  180,  547,  171,  362,  464,  432,  651,  480,  699,  686, 1007,  870,  614, 1082,  640,  383,  981,  150,  611,  613,  387,  796,  435,  234,   74,  383,  244,  799,  733,  294,  672,  341,  697,  535,   47,  389,  863,  136,  663,  274,  653,  516,  302,  701,  628,  979,  416,  483,  846,  770,  631,  484,  744],
        [  791,    0,  369,  427,  343,   88,  249,  488,  397,  405,  199,  437,  256,  259,  916,  213,  588,  435,  976,  737,  644, 1006,  496,  888,  408,  791,  409,  584,  879,  540,  232,  749,  906,  934,  887,  150,  467,    0,  323,  534,  510,  813,  447,  814,  993,   64,  568,  675,  382,  487,  597, 1009,  884,  469,  810,  783,  328, 1004,  777,  671,  745,  401,  567,  675,  992,  492,  177,  297,  311,  419,  476,  341,  830,  941,  765,  902,  864,  375,  939,  354,  387,  740,  556,  160,  955,  703,  910,   33,  324,  415,   94,  227,  468,  550,  651,  452,  547,  497,  182,  487,  232,  988,  332,  911,  459,  600,  787,  166, 1028,  547,  902,  495,  621,  722,  413,  737,  411,  913],
        [  801,    0,   92,  107,  639,  243,  533,  576,  518,  390,  125,  138,  563,  162,  999,  473,  438,  730, 1083,  775,  816,  881,  365,  905,  334,  575,  292,  545,  989,  247,  204,  751,  803, 1023, 1003,  176,  155,  323,    0,  410,  270,  697,  633,  757,  938,  261,  755,  551,  677,  169,  369, 1015,  758,  186,  932,  948,  557,  817,  595,  822,  553,  566,  769,  636, 1052,  265,  431,   48,  312,  439,  436,  558,  606,  794,  724,  994,  887,  540, 1059,  554,  362,  923,  283,  475,  740,  497,  851,  291,  198,   92,  248,  119,  706,  685,  415,  608,  400,  641,  422,  188,  305,  923,   46,  759,  311,  643,  615,  158,  824,  606,  975,  432,  530,  822,  669,  676,  451,  816],
        [  423,    0,  326,  391,  670,  511,  577,  336,  353,  169,  443,  505,  640,  305,  659,  511,   62,  736,  758,  422,  602,  485,   46,  525,  128,  290,  132,  170,  676,  313,  310,  373,  397,  688,  695,  470,  363,  534,  410,    0,  204,  293,  493,  351,  529,  508,  577,  148,  697,  387,  182,  623,  360,  293,  639,  703,  509,  472,  250,  579,  227,  429,  607,  245,  691,  187,  489,  375,  232,  208,  126,  494,  332,  410,  324,  664,  510,  417,  749,  468,  168,  704,  268,  605,  438,  206,  442,  509,  235,  405,  446,  373,  615,  459,  219,  440,   37,  443,  470,  325,  315,  514,  364,  379,   99,  323,  256,  437,  502,  318,  630,   92,  122,  522,  616,  270,  235,  409],
        [  627,    0,  180,  211,  742,  456,  638,  503,  488,  300,  354,  326,  689,  252,  862,  569,  201,  822,  959,  625,  771,  625,  173,  728,  224,  306,  172,  373,  875,  109,  287,  577,  559,  890,  892,  397,  171,  510,  270,  204,    0,  452,  629,  542,  712,  463,  733,  313,  776,  191,   99,  823,  506,  101,  833,  885,  607,  548,  328,  757,  285,  559,  758,  448,  895,   26,  535,  254,  293,  354,  299,  597,  339,  533,  522,  865,  714,  540,  947,  579,  280,  877,   73,  627,  472,  228,  627,  479,  196,  229,  417,  294,  738,  627,  148,  585,  177,  600,  518,  127,  352,  693,  228,  497,  137,  518,  351,  365,  555,  502,  833,  275,  319,  716,  723,  466,  379,  574],
        [  310,    0,  609,  660,  880,  799,  805,  462,  530,  412,  736,  776,  872,  597,  563,  747,  260,  925,  669,  362,  666,  194,  338,  374,  409,  271,  424,  254,  616,  544,  599,  279,  107,  594,  637,  762,  622,  813,  697,  293,  452,    0,  641,  151,  271,  794,  676,  147,  898,  641,  373,  426,   73,  552,  611,  717,  708,  259,  182,  620,  217,  597,  713,  202,  552,  446,  735,  665,  502,  416,  341,  687,  294,  143,  181,  581,  373,  598,  680,  656,  427,  743,  490,  858,  302,  269,  196,  791,  528,  678,  730,  666,  769,  550,  362,  584,  298,  562,  716,  578,  583,  248,  651,  126,  390,  367,  151,  729,  314,  404,  529,  318,  193,  512,  792,  139,  437,  123],
        [  458,    0,  611,  697,  275,  507,  254,  179,  143,  336,  554,  771,  313,  476,  496,  245,  550,  293,  539,  384,  197,  805,  489,  530,  408,  773,  458,  397,  444,  721,  431,  437,  693,  508,  449,  531,  708,  447,  633,  493,  629,  641,    0,  560,  703,  484,  125,  562,  279,  735,  660,  647,  708,  663,  372,  336,  132,  893,  711,  227,  703,   72,  137,  443,  583,  604,  273,  587,  347,  287,  368,  112,  814,  783,  504,  476,  505,   94,  498,   93,  352,  298,  701,  365,  898,  696,  639,  453,  474,  698,  438,  518,  129,  132,  705,   58,  527,   89,  265,  696,  329,  710,  609,  766,  500,  287,  703,  518,  941,  239,  489,  403,  487,  305,  158,  512,  260,  691],
        [  164,    0,  676,  740,  820,  816,  759,  390,  475,  412,  773,  855,  827,  633,  413,  710,  342,  853,  519,  227,  549,  249,  395,  224,  436,  416,  468,  231,  469,  645,  623,  144,  141,  444,  490,  790,  709,  814,  757,  351,  542,  151,  560,    0,  184,  806,  572,  234,  833,  732,  480,  289,  183,  639,  469,  582,  649,  389,  326,  497,  355,  531,  610,  140,  403,  530,  706,  719,  510,  396,  344,  627,  442,  258,   57,  431,  222,  537,  532,  595,  434,  615,  593,  831,  449,  399,   97,  797,  569,  755,  741,  704,  683,  451,  483,  506,  369,  475,  688,  668,  583,  175,  712,  257,  448,  274,  297,  758,  450,  324,  379,  334,  229,  380,  717,   82,  408,  134],
        [  249,    0,  855,  915,  973,  998,  922,  548,  638,  594,  956, 1031,  989,  816,  412,  877,  513,  995,  506,  326,  649,  216,  574,  222,  619,  533,  649,  413,  490,  810,  806,  267,  179,  438,  511,  973,  882,  993,  938,  529,  712,  271,  703,  184,    0,  988,  690,  399,  981,  903,  640,  196,  249,  811,  517,  645,  806,  415,  448,  591,  486,  685,  727,  320,  360,  702,  878,  900,  692,  574,  527,  783,  547,  291,  229,  439,  240,  696,  536,  751,  617,  691,  757, 1002,  510,  540,   88,  977,  752,  931,  922,  887,  818,  581,  633,  653,  544,  615,  860,  839,  764,   30,  893,  312,  627,  424,  416,  942,  478,  479,  381,  518,  409,  462,  860,  265,  585,  159],
        [  796,    0,  312,  366,  403,   26,  306,  504,  417,  395,  137,  374,  319,  217,  938,  262,  559,  496, 1003,  748,  681,  987,  467,  896,  386,  753,  379,  575,  906,  485,  198,  752,  890,  957,  915,   87,  408,   64,  261,  508,  463,  794,  484,  806,  988,    0,  607,  652,  443,  427,  554, 1016,  864,  415,  839,  820,  373,  973,  745,  704,  711,  431,  610,  669, 1010,  446,  222,  238,  297,  417,  464,  383,  791,  917,  760,  925,  873,  406,  968,  392,  374,  781,  505,  223,  918,  666,  903,   37,  285,  353,   66,  172,  518,  578,  607,  482,  517,  526,  223,  430,  226,  981,  273,  886,  426,  609,  757,  107,  994,  558,  921,  480,  603,  745,  466,  727,  413,  899],
        [  442,    0,  728,  815,  344,  630,  356,  242,  248,  434,  679,  892,  404,  596,  415,  360,  630,  329,  440,  364,   81,  821,  581,  492,  510,  843,  562,  453,  350,  829,  552,  435,  711,  421,  350,  656,  823,  568,  755,  577,  733,  676,  125,  572,  690,  607,    0,  622,  335,  851,  752,  600,  737,  775,  276,  217,  243,  934,  773,  129,  771,  190,   38,  475,  509,  708,  392,  708,  461,  380,  452,  228,  883,  815,  518,  390,  468,  216,  394,  215,  454,  174,  805,  471,  954,  772,  638,  575,  589,  817,  562,  641,  150,  128,  794,  151,  612,  135,  386,  808,  451,  702,  729,  802,  599,  310,  760,  643,  986,  279,  416,  486,  547,  244,  211,  540,  355,  706],
        [  351,    0,  463,  518,  776,  656,  692,  386,  434,  285,  590,  634,  757,  452,  605,  629,  115,  831,  710,  376,  628,  338,  192,  441,  268,  228,  279,  169,  641,  413,  456,  305,  253,  636,  661,  617,  483,  675,  551,  148,  313,  147,  562,  234,  399,  652,  622,    0,  799,  504,  247,  521,  214,  413,  619,  705,  607,  344,  152,  592,  156,  508,  656,  180,  618,  304,  613,  518,  367,  302,  218,  588,  266,  266,  226,  617,  432,  503,  711,  559,  294,  719,  360,  734,  337,  179,  315,  652,  382,  535,  590,  520,  690,  495,  252,  505,  151,  494,  593,  440,  450,  381,  505,  237,  243,  324,  141,  584,  384,  343,  573,  188,   76,  507,  703,  166,  326,  266],
        [  737,    0,  692,  769,   40,  467,  145,  443,  369,  528,  564,  806,  128,  553,  749,  211,  758,   54,  771,  663,  411, 1072,  679,  806,  583,  986,  618,  646,  683,  843,  507,  715,  961,  755,  682,  521,  797,  382,  677,  697,  776,  898,  279,  833,  981,  443,  335,  799,    0,  822,  834,  922,  968,  775,  609,  529,  192, 1140,  939,  464,  922,  304,  310,  707,  842,  751,  250,  639,  488,  498,  585,  212, 1028, 1041,  777,  725,  781,  301,  722,  243,  532,  470,  840,  228, 1129,  902,  915,  406,  586,  762,  432,  561,  186,  407,  886,  329,  726,  367,  263,  802,  424,  988,  671, 1020,  669,  561,  936,  526, 1182,  510,  749,  618,  725,  570,  127,  778,  473,  961],
        [  808,    0,  130,   63,  785,  410,  677,  641,  604,  437,  292,  149,  715,  272, 1033,  612,  391,  873, 1126,  799,  901,  809,  349,  911,  364,  464,  311,  550, 1038,  108,  319,  758,  748, 1061, 1054,  343,   29,  487,  169,  387,  191,  641,  735,  732,  903,  427,  851,  504,  822,    0,  274, 1010,  693,   95,  989, 1025,  681,  712,  505,  897,  460,  665,  870,  631, 1073,  202,  572,  191,  390,  492,  459,  678,  488,  714,  710, 1034,  895,  642, 1110,  667,  411, 1009,  160,  633,  621,  400,  818,  455,  262,   80,  404,  266,  826,  761,  305,  700,  364,  725,  560,   64,  416,  884,  156,  678,  300,  680,  531,  321,  709,  655, 1006,  442,  507,  874,  797,  654,  512,  764],
        [  585,    0,  279,  304,  803,  548,  702,  514,  518,  325,  450,  417,  758,  339,  832,  633,  150,  878,  933,  595,  782,  536,  172,  681,  256,  207,  217,  347,  854,  172,  368,  536,  478,  861,  873,  491,  259,  597,  369,  182,   99,  373,  660,  480,  640,  554,  752,  247,  834,  274,    0,  767,  421,  194,  820,  885,  656,  450,  233,  760,  189,  592,  781,  406,  855,  110,  602,  352,  347,  374,  302,  644,  241,  441,  469,  839,  670,  577,  926,  622,  312,  885,  118,  703,  373,  130,  558,  567,  275,  324,  503,  388,  777,  638,   55,  610,  147,  618,  585,  212,  418,  620,  327,  405,  166,  504,  258,  459,  456,  500,  801,  270,  274,  703,  769,  410,  401,  495],
        [  221,    0,  941, 1012,  921, 1030,  891,  527,  621,  637, 1010, 1124,  955,  874,  241,  858,  625,  925,  322,  274,  542,  411,  664,  122,  683,  697,  724,  471,  327,  928,  855,  268,  357,  262,  346, 1017,  986, 1009, 1015,  623,  823,  426,  647,  289,  196, 1016,  600,  521,  922, 1010,  767,    0,  426,  916,  373,  502,  768,  608,  607,  482,  640,  649,  634,  381,  170,  808,  868,  973,  733,  603,  581,  745,  718,  480,  301,  272,  146,  666,  360,  715,  664,  558,  878,  986,  697,  687,  235,  999,  819, 1025,  952,  945,  744,  516,  771,  607,  647,  562,  852,  947,  792,  225,  972,  496,  716,  409,  577,  989,  672,  463,  217,  584,  504,  357,  796,  359,  604,  338],
