{
    "name": "random-44-22322",
    "comment": "size=44 seed=22322",
    "nodes": ["+0", "-0", "+1", "-1", "+2", "-2", "+3", "-3", "+4", "-4", "+5", "-5", "+6", "-6", "+7", "-7", "+8", "-8", "+9", "-9", "+10", "-10", "+11", "-11", "+12", "-12", "+13", "-13", "+14", "-14", "+15", "-15", "+16", "-16", "+17", "-17", "+18", "-18", "+19", "-19", "+20", "-20", "+21", "-21", "+22", "-22", "+23", "-23", "+24", "-24", "+25", "-25", "+26", "-26", "+27", "-27", "+28", "-28", "+29", "-29", "+30", "-30", "+31", "-31", "+32", "-32", "+33", "-33", "+34", "-34", "+35", "-35", "+36", "-36", "+37", "-37", "+38", "-38", "+39", "-39", "+40", "-40", "+41", "-41", "+42", "-42", "+43", "-43", "+44", "-44"],
    "precedence": {
        "+0": "-0",
        "+1": "-1",
        "+2": "-2",
        "+3": "-3",
        "+4": "-4",
        "+5": "-5",
        "+6": "-6",
        "+7": "-7",
        "+8": "-8",
        "+9": "-9",
        "+10": "-10",
        "+11": "-11",
        "+12": "-12",
        "+13": "-13",
        "+14": "-14",
        "+15": "-15",
        "+16": "-16",
        "+17": "-17",
        "+18": "-18",
        "+19": "-19",
        "+20": "-20",
        "+21": "-21",
        "+22": "-22",
        "+23": "-23",
        "+24": "-24",
        "+25": "-25",
        "+26": "-26",
        "+27": "-27",
        "+28": "-28",
        "+29": "-29",
        "+30": "-30",
        "+31": "-31",
        "+32": "-32",
        "+33": "-33",
        "+34": "-34",
        "+35": "-35",
        "+36": "-36",
        "+37": "-37",
        "+38": "-38",
        "+39": "-39",
        "+40": "-40",
        "+41": "-41",
        "+42": "-42",
        "+43": "-43",
        "+44": "-44"
    },
    "edges": [
        [    0,    0,  530,  144,  316,  544,  102,  135,  554,  429,  754,  880,  188,  697,  505,  661,  245,  401,  565,  868,  210,  353,  131,  547,  678,  287,  640,   78,  539,  102,  242,  179,  853,  585,  734,  775,  123,  124,  345,  812,  387,  456,  455,  887,  601,  522,  555,  363,  519,  213,   21,  311,  598,  494,  416,   55,  566,  370,  441,  823,  360,  341,  222,  568,  280,  504,  485,  919,  366,   62,  175,  159,  666,  530,  849,  511,  337,  574,  596,  256,  476,  664,  911,  493,  653,  563,  852,  253,   94,  469],
        [    0,    0,    0,    0,    0,    0,    0,    0,    0,    0,    0,    0,    0,    0,    0,    0,    0,    0,    0,    0,    0,    0,    0,    0,    0,    0,    0,    0,    0,    0,    0,    0,    0,    0,    0,    0,    0,    0,    0,    0,    0,    0,    0,    0,    0,    0,    0,    0,    0,    0,    0,    0,    0,    0,    0,    0,    0,    0,    0,    0,    0,    0,    0,    0,    0,    0,    0,    0,    0,    0,    0,    0,    0,    0,    0,    0,    0,    0,    0,    0,    0,    0,    0,    0,    0,    0,    0,    0,    0,    0],
        [  530,    0,    0,  483,  576,  120,  533,  643,  645,  127,  269,  700,  530,  233,   31,  196,  416,  345,  906,  646,  575,  643,  566,  351,  230,  606,  282,  496,  550,  460,  299,  486,  331,  501,  309,  317,  440,  421,  413,  537,  505,  243,  837,  366,  340,  845,  372,  487,  443,  661,  531,  252,  160,  385,  351,  511,  731,  493,  259,  505,  382,  242,  309,  300,  671,  253,  691,  573,  170,  500,  362,  444,  544,   81,  665,  232,  389,  730,  415,  389,   77,  548,  647,  105,  631,  371,  385,  290,  547,  231],
        [  144,    0,  483,    0,  442,  467,   63,  271,  666,  365,  671,  952,  315,  611,  464,  646,  111,  275,  708,  930,  346,  486,  271,  593,  669,  421,  534,  198,  634,   61,  249,  293,  787,  662,  735,  767,   63,   92,  207,  859,  244,  351,  598,  818,  636,  664,  605,  463,  591,  356,  163,  322,  586,  362,  289,  185,  691,  227,  332,  859,  228,  256,  206,  453,  204,  528,  613,  951,  315,   83,  139,   40,  741,  506,  919,  529,  410,  698,  651,  329,  417,  740,  964,  422,  748,  612,  843,  195,  234,  489],
        [  316,    0,  576,  442,    0,  649,  416,  278,  247,  536,  843,  623,  129,  799,  546,  615,  512,  629,  332,  632,  115,   67,  196,  387,  614,   57,  794,  245,  265,  383,  324,  152,  896,  343,  639,  695,  392,  370,  605,  609,  673,  633,  265,  932,  452,  273,  382,  120,  300,  198,  296,  333,  556,  725,  645,  263,  251,  655,  627,  642,  607,  510,  355,  750,  593,  405,  171,  738,  470,  365,  374,  437,  420,  532,  598,  425,  195,  259,  404,  193,  562,  415,  688,  598,  366,  391,  767,  423,  226,  392],
        [  544,    0,  120,  467,  649,    0,  524,  669,  747,  119,  211,  820,  583,  157,  140,  301,  379,  267,  981,  765,  629,  716,  605,  467,  338,  671,  165,  527,  656,  458,  340,  539,  321,  614,  417,  414,  436,  424,  348,  655,  431,  153,  902,  352,  459,  921,  488,  574,  553,  705,  550,  316,  276,  284,  268,  537,  827,  423,  174,  620,  314,  211,  333,  183,  634,  368,  779,  685,  188,  502,  369,  427,  661,  201,  785,  348,  474,  827,  532,  457,   89,  665,  765,   53,  743,  488,  474,  291,  580,  342],
        [  102,    0,  533,   63,  416,  524,    0,  216,  650,  418,  730,  959,  288,  671,  512,  686,  173,  338,  663,  942,  312,  454,  232,  610,  708,  389,  596,  172,  628,   76,  275,  273,  842,  666,  770,  806,   94,  117,  268,  876,  295,  413,  550,  875,  658,  621,  620,  454,  597,  308,  123,  349,  625,  424,  351,  153,  666,  279,  394,  881,  290,  313,  239,  516,  189,  553,  586,  975,  364,   56,  175,   98,  746,  548,  927,  557,  413,  674,  665,  331,  469,  744,  980,  477,  742,  628,  882,  243,  196,  516],
        [  135,    0,  643,  271,  278,  669,  216,    0,  524,  552,  879,  891,  175,  824,  616,  753,  377,  536,  456,  891,  165,  290,   99,  597,  766,  231,  773,  147,  536,  237,  345,  198,  971,  601,  813,  860,  258,  257,  476,  851,  510,  589,  340, 1006,  657,  421,  600,  366,  544,  104,  123,  405,  690,  628,  551,  133,  511,  494,  574,  872,  494,  471,  338,  702,  347,  574,  428,  969,  485,  194,  303,  292,  681,  632,  864,  586,  376,  521,  635,  308,  596,  677,  941,  618,  642,  609,  937,  381,  100,  545],
        [  554,    0,  645,  666,  247,  747,  650,  524,    0,  653,  907,  409,  369,  878,  617,  606,  717,  804,  371,  437,  361,  246,  442,  332,  590,  295,  908,  479,  107,  605,  485,  378,  923,  200,  583,  645,  609,  583,  800,  453,  880,  777,  383,  956,  386,  316,  316,  207,  218,  437,  535,  457,  563,  895,  819,  500,  104,  861,  777,  504,  794,  667,  530,  887,  833,  407,  134,  590,  598,  597,  570,  653,  244,  577,  391,  431,  292,   98,  305,  353,  660,  236,  503,  703,  141,  322,  702,  596,  469,  417],
        [  429,    0,  127,  365,  536,  119,  418,  552,  653,    0,  328,  776,  466,  275,  118,  316,  291,  227,  867,  729,  511,  602,  487,  405,  348,  556,  260,  409,  570,  349,  223,  421,  426,  541,  425,  439,  327,  312,  289,  628,  382,  141,  785,  460,  413,  808,  425,  469,  475,  586,  434,  206,  270,  284,  235,  420,  727,  369,  152,  605,  258,  116,  215,  236,  547,  307,  674,  681,   70,  391,  255,  325,  598,  180,  741,  292,  370,  728,  473,  344,   53,  601,  740,   67,  666,  427,  510,  178,  462,  273],
        [  754,    0,  269,  671,  843,  211,  730,  879,  907,  328,    0,  898,  787,   62,  299,  348,  576,  438, 1174,  832,  833,  909,  814,  594,  382,  870,  187,  736,  808,  667,  546,  743,  147,  747,  446,  414,  644,  634,  526,  715,  594,  329, 1101,  167,  565, 1113,  614,  756,  698,  912,  760,  513,  362,  414,  433,  747,  996,  590,  351,  665,  491,  418,  542,  277,  824,  504,  958,  704,  396,  711,  579,  633,  777,  331,  865,  481,  657,  995,  650,  653,  288,  782,  814,  262,  878,  612,  445,  501,  789,  491],
        [  880,    0,  700,  952,  623,  820,  959,  891,  409,  776,  898,    0,  718,  895,  683,  551,  963,  988,  763,   77,  728,  643,  797,  378,  517,  678,  978,  803,  358,  895,  714,  707,  847,  295,  457,  505,  890,  861, 1019,  189, 1112,  917,  790,  872,  365,  715,  360,  527,  363,  820,  864,  651,  550, 1058,  999,  827,  490, 1095,  926,  251, 1000,  845,  763,  997, 1147,  471,  542,  279,  752,  904,  824,  926,  214,  620,   36,  485,  546,  479,  311,  628,  754,  217,  137,  796,  268,  356,  519,  812,  814,  508],
        [  188,    0,  530,  315,  129,  583,  288,  175,  369,  466,  787,  718,    0,  738,  501,  609,  392,  522,  417,  717,   46,  173,   79,  427,  616,  109,  714,  118,  366,  258,  244,   45,  860,  426,  656,  707,  269,  249,  489,  677,  551,  542,  323,  895,  488,  365,  428,  192,  369,  138,  168,  280,  547,  619,  538,  135,  379,  533,  532,  699,  495,  417,  262,  660,  466,  415,  299,  797,  396,  238,  264,  314,  507,  502,  690,  430,  206,  387,  462,  151,  500,  503,  766,  531,  476,  437,  782,  325,  101,  390],
        [  697,    0,  233,  611,  799,  157,  671,  824,  878,  275,   62,  895,  738,    0,  262,  346,  515,  376, 1131,  832,  784,  866,  761,  573,  381,  824,  134,  683,  781,  609,  496,  694,  203,  726,  452,  428,  586,  576,  465,  716,  534,  268, 1055,  226,  550, 1071,  594,  717,  673,  861,  704,  467,  349,  355,  372,  692,  963,  529,  290,  670,  430,  360,  489,  219,  763,  480,  922,  716,  344,  653,  523,  573,  761,  303,  861,  457,  618,  963,  633,  608,  240,  766,  819,  209,  857,  592,  467,  445,  736,  462],
        [  505,    0,   31,  464,  546,  140,  512,  616,  617,  118,  299,  683,  501,  262,    0,  198,  402,  343,  876,  631,  545,  612,  538,  328,  231,  576,  304,  469,  523,  439,  271,  457,  360,  476,  308,  322,  419,  399,  406,  525,  500,  246,  807,  395,  321,  815,  349,  457,  417,  632,  506,  222,  154,  390,  350,  485,  702,  487,  261,  495,  376,  230,  284,  314,  655,  229,  661,  568,  150,  477,  340,  425,  522,   67,  649,  209,  359,  701,  393,  359,   76,  526,  636,  114,  606,  349,  393,  270,  520,  205],
        [  661,    0,  196,  646,  615,  301,  686,  753,  606,  316,  348,  551,  609,  346,  198,    0,  595,  540,  925,  486,  648,  677,  664,  274,   38,  657,  443,  610,  500,  611,  420,  569,  322,  422,  116,  124,  594,  570,  604,  371,  697,  438,  878,  354,  229,  863,  292,  503,  388,  747,  658,  352,   64,  579,  546,  630,  704,  685,  455,  327,  574,  426,  449,  483,  843,  212,  686,  384,  338,  645,  512,  607,  438,  142,  518,  191,  421,  701,  317,  458,  271,  444,  475,  300,  549,  287,  198,  453,  654,  224],
        [  245,    0,  416,  111,  512,  379,  173,  377,  717,  291,  576,  963,  392,  515,  402,  595,    0,  165,  800,  933,  429,  564,  363,  590,  623,  500,  429,  281,  669,  144,  250,  361,  699,  682,  695,  719,  127,  144,  101,  850,  164,  249,  694,  729,  624,  752,  605,  510,  610,  455,  261,  312,  540,  253,  178,  274,  755,  145,  229,  842,  118,  176,  201,  345,  257,  512,  681,  929,  257,  184,  148,   86,  757,  453,  929,  508,  439,  761,  654,  365,  343,  757,  959,  339,  782,  611,  793,  155,  326,  472],
        [  401,    0,  345,  275,  629,  267,  338,  536,  804,  227,  438,  988,  522,  376,  343,  540,  165,    0,  939,  946,  564,  688,  508,  611,  573,  629,  273,  423,  739,  300,  320,  484,  573,  730,  651,  661,  279,  285,   89,  850,  165,  115,  838,  600,  629,  887,  629,  601,  659,  605,  416,  355,  496,   97,   16,  421,  858,  157,   93,  829,   55,  144,  278,  184,  391,  518,  791,  907,  236,  343,  259,  246,  797,  406,  953,  507,  513,  862,  679,  455,  269,  798,  962,  245,  845,  633,  729,  210,  473,  480],
        [  565,    0,  906,  708,  332,  981,  663,  456,  371,  867, 1174,  763,  417, 1131,  876,  925,  800,  939,    0,  802,  376,  266,  439,  668,  919,  315, 1123,  520,  466,  658,  650,  458, 1221,  564,  928,  989,  674,  659,  900,  824,  951,  957,  118, 1256,  730,   63,  657,  426,  558,  356,  546,  665,  871, 1035,  954,  527,  275,  934,  948,  874,  908,  832,  676, 1074,  800,  714,  250,  961,  800,  626,  680,  717,  615,  857,  751,  736,  520,  286,  659,  524,  893,  607,  869,  930,  505,  665, 1053,  741,  476,  708],
        [  868,    0,  646,  930,  632,  765,  942,  891,  437,  729,  832,   77,  717,  832,  631,  486,  933,  946,  802,    0,  731,  659,  795,  343,  451,  687,  921,  793,  370,  875,  687,  701,  775,  291,  388,  433,  868,  839,  983,  118, 1077,  870,  819,  800,  318,  751,  328,  527,  351,  828,  854,  621,  491, 1013,  957,  817,  527, 1061,  881,  177,  962,  806,  735,  944, 1129,  429,  570,  204,  711,  887,  799,  902,  212,  566,   60,  440,  532,  517,  280,  614,  704,  217,   70,  744,  299,  322,  444,  780,  809,  468],
        [  210,    0,  575,  346,  115,  629,  312,  165,  361,  511,  833,  728,   46,  784,  545,  648,  429,  564,  376,  731,    0,  143,   83,  455,  654,   77,  759,  149,  372,  290,  289,   90,  904,  441,  691,  743,  303,  286,  527,  698,  585,  586,  279,  939,  518,  325,  455,  205,  388,  104,  190,  324,  587,  660,  579,  162,  360,  567,  576,  724,  534,  461,  306,  704,  482,  450,  277,  821,  442,  265,  305,  348,  520,  545,  701,  466,  238,  368,  485,  192,  545,  516,  784,  576,  478,  464,  818,  368,  117,  428],
        [  353,    0,  643,  486,   67,  716,  454,  290,  246,  602,  909,  643,  173,  866,  612,  677,  564,  688,  266,  659,  143,    0,  225,  439,  675,   66,  859,  289,  289,  430,  388,  205,  962,  378,  696,  753,  441,  421,  660,  647,  723,  696,  202,  997,  505,  207,  433,  176,  344,  194,  332,  400,  619,  785,  704,  303,  222,  705,  689,  685,  664,  573,  417,  814,  623,  466,  139,  780,  535,  407,  431,  486,  449,  597,  620,  487,  260,  232,  449,  259,  628,  443,  718,  664,  378,  442,  823,  484,  259,  455],
        [  131,    0,  566,  271,  196,  605,  232,   99,  442,  487,  814,  797,   79,  761,  538,  664,  363,  508,  439,  795,   83,  225,    0,  499,  674,  160,  723,   86,  444,  220,  269,  101,  897,  505,  719,  767,  236,  224,  463,  753,  514,  544,  332,  932,  559,  393,  502,  270,  446,  101,  111,  321,  601,  604,  524,   89,  442,  496,  532,  773,  474,  421,  273,  661,  399,  479,  360,  871,  418,  189,  256,  279,  586,  548,  768,  492,  278,  451,  537,  212,  527,  582,  844,  553,  553,  511,  843,  327,   38,  451],
        [  547,    0,  351,  593,  387,  467,  610,  597,  332,  405,  594,  378,  427,  573,  328,  274,  590,  611,  668,  343,  455,  439,  499,    0,  259,  438,  631,  477,  226,  540,  346,  399,  594,  154,  261,  321,  531,  502,  642,  267,  736,  545,  637,  626,   66,  607,   22,  267,  116,  558,  536,  278,  236,  684,  623,  500,  433,  719,  553,  277,  623,  468,  394,  634,  794,  100,  422,  374,  375,  557,  458,  563,  195,  272,  343,  120,  221,  428,   69,  295,  390,  199,  372,  434,  285,   23,  387,  438,  503,  133],
        [  678,    0,  230,  669,  614,  338,  708,  766,  590,  348,  382,  517,  616,  381,  231,   38,  623,  573,  919,  451,  654,  675,  674,  259,    0,  659,  480,  625,  484,  633,  438,  578,  346,  402,   80,   98,  616,  591,  636,  335,  730,  472,  876,  377,  208,  857,  275,  500,  374,  754,  674,  368,   84,  615,  579,  645,  691,  716,  489,  290,  606,  456,  470,  519,  868,  209,  676,  347,  366,  665,  534,  631,  412,  171,  484,  190,  423,  686,  296,  466,  305,  419,  439,  335,  527,  269,  175,  478,  666,  227],
        [  287,    0,  606,  421,   57,  671,  389,  231,  295,  556,  870,  678,  109,  824,  576,  657,  500,  629,  315,  687,   77,   66,  160,  438,  659,    0,  810,  224,  320,  365,  337,  145,  931,  399,  687,  743,  376,  357,  597,  665,  658,  642,  232,  966,  503,  259,  435,  174,  356,  144,  267,  358,  598,  725,  644,  238,  284,  641,  634,  697,  602,  518,  362,  760,  558,  451,  201,  794,  487,  341,  370,  421,  476,  567,  653,  470,  237,  293,  458,  217,  585,  470,  744,  619,  419,  444,  815,  427,  194,  434],
        [  640,    0,  282,  534,  794,  165,  596,  773,  908,  260,  187,  978,  714,  134,  304,  443,  429,  273, 1123,  921,  759,  859,  723,  631,  480,  810,    0,  640,  819,  544,  473,  670,  334,  778,  556,  541,  521,  517,  361,  808,  418,  185, 1037,  354,  620, 1065,  652,  728,  717,  824,  650,  465,  430,  231,  265,  645,  984,  416,  203,  769,  328,  303,  453,   95,  663,  532,  933,  825,  325,  589,  471,  499,  825,  362,  944,  512,  629,  986,  696,  602,  249,  829,  916,  205,  907,  652,  589,  396,  694,  506],
        [   78,    0,  496,  198,  245,  527,  172,  147,  479,  409,  736,  803,  118,  683,  469,  610,  281,  423,  520,  793,  149,  289,   86,  477,  625,  224,  640,    0,  462,  142,  199,  102,  825,  509,  676,  720,  155,  140,  380,  739,  436,  460,  416,  860,  532,  472,  483,  286,  443,  185,   62,  260,  547,  519,  439,   24,  496,  419,  447,  753,  390,  337,  194,  576,  356,  440,  416,  850,  341,  120,  170,  199,  590,  486,  773,  450,  263,  504,  524,  183,  451,  587,  837,  475,  575,  491,  797,  244,   54,  408],
        [  539,    0,  550,  634,  265,  656,  628,  536,  107,  570,  808,  358,  366,  781,  523,  500,  669,  739,  466,  370,  372,  289,  444,  226,  484,  320,  819,  462,    0,  574,  426,  362,  818,   99,  477,  538,  574,  546,  745,  365,  830,  701,  460,  851,  280,  408,  209,  177,  112,  462,  522,  385,  458,  825,  753,  485,  210,  812,  703,  410,  735,  597,  473,  805,  816,  305,  218,  501,  521,  573,  523,  615,  161,  479,  334,  329,  231,  204,  199,  306,  571,  155,  430,  615,  115,  215,  597,  536,  464,  320],
        [  102,    0,  460,   61,  383,  458,   76,  237,  605,  349,  667,  895,  258,  609,  439,  611,  144,  300,  658,  875,  290,  430,  220,  540,  633,  365,  544,  142,  574,    0,  201,  233,  775,  604,  695,  730,   23,   42,  245,  806,  295,  359,  551,  807,  586,  612,  551,  403,  534,  311,  118,  275,  550,  393,  315,  132,  632,  278,  343,  809,  259,  250,  164,  468,  254,  480,  554,  903,  291,   46,  100,   59,  683,  474,  863,  483,  352,  639,  597,  270,  399,  682,  911,  410,  688,  558,  807,  171,  183,  442],
        [  242,    0,  299,  249,  324,  340,  275,  345,  485,  223,  546,  714,  244,  496,  271,  420,  250,  320,  650,  687,  289,  388,  269,  346,  438,  337,  473,  199,  426,  201,    0,  199,  628,  433,  497,  536,  188,  161,  320,  611,  407,  310,  564,  663,  388,  593,  360,  282,  361,  367,  239,   74,  358,  412,  335,  215,  540,  389,  304,  611,  311,  188,   50,  427,  452,  280,  476,  703,  153,  228,  112,  217,  508,  290,  681,  282,  196,  544,  408,  138,  259,  507,  718,  288,  536,  366,  613,  111,  249,  242],
        [  179,    0,  486,  293,  152,  539,  273,  198,  378,  421,  743,  707,   45,  694,  457,  569,  361,  484,  458,  701,   90,  205,  101,  399,  578,  145,  670,  102,  362,  233,  199,    0,  816,  413,  620,  669,  241,  219,  455,  655,  522,  500,  367,  851,  459,  404,  403,  185,  351,  179,  161,  236,  507,  581,  500,  124,  399,  504,  491,  674,  459,  375,  219,  617,  457,  380,  322,  772,  352,  220,  226,  286,  495,  460,  678,  393,  178,  406,  439,  113,  455,  492,  748,  486,  474,  411,  746,  283,  108,  353],
        [  853,    0,  331,  787,  896,  321,  842,  971,  923,  426,  147,  847,  860,  203,  360,  322,  699,  573, 1221,  775,  904,  962,  897,  594,  346,  931,  334,  825,  818,  775,  628,  816,    0,  744,  391,  343,  753,  738,  659,  659,  733,  460, 1160,   36,  551, 1160,  612,  797,  706,  992,  857,  581,  360,  557,  569,  839, 1019,  727,  482,  601,  624,  531,  634,  421,  953,  518,  992,  621,  488,  817,  681,  747,  758,  365,  816,  495,  703, 1016,  639,  716,  378,  764,  747,  366,  871,  608,  350,  604,  877,  516],
        [  585,    0,  501,  662,  343,  614,  666,  601,  200,  541,  747,  295,  426,  726,  476,  422,  682,  730,  564,  291,  441,  378,  505,  154,  402,  399,  778,  509,   99,  604,  433,  413,  744,    0,  387,  449,  600,  572,  749,  271,  838,  678,  556,  776,  195,  506,  134,  236,   73,  538,  570,  379,  389,  811,  743,  532,  304,  821,  683,  313,  734,  587,  482,  775,  854,  248,  316,  405,  501,  610,  539,  639,   82,  424,  265,  270,  253,  297,  108,  335,  534,   79,  345,  578,  131,  137,  503,  538,  520,  273],
        [  734,    0,  309,  735,  639,  417,  770,  813,  583,  425,  446,  457,  656,  452,  308,  116,  695,  651,  928,  388,  691,  696,  719,  261,   80,  687,  556,  676,  477,  695,  497,  620,  391,  387,    0,   62,  680,  654,  712,  271,  806,  551,  895,  418,  199,  867,  273,  521,  373,  793,  728,  425,  157,  694,  658,  697,  686,  793,  568,  219,  683,  531,  532,  598,  936,  241,  681,  269,  439,  725,  599,  698,  381,  246,  426,  228,  454,  681,  280,  508,  383,  388,  368,  414,  503,  265,  129,  547,  714,  269],
        [  775,    0,  317,  767,  695,  414,  806,  860,  645,  439,  414,  505,  707,  428,  322,  124,  719,  661,  989,  433,  743,  753,  767,  321,   98,  743,  541,  720,  538,  730,  536,  669,  343,  449,   62,    0,  714,  689,  727,  316,  820,  557,  953,  368,  260,  927,  334,  578,  434,  844,  770,  464,  181,  696,  667,  740,  748,  808,  575,  258,  697,  550,  567,  592,  966,  294,  742,  290,  462,  762,  632,  729,  441,  266,  475,  277,  508,  742,  342,  557,  393,  449,  406,  419,  564,  326,   78,  575,  761,  317],
        [  123,    0,  440,   63,  392,  436,   94,  258,  609,  327,  644,  890,  269,  586,  419,  594,  127,  279,  674,  868,  303,  441,  236,  531,  616,  376,  521,  155,  574,   23,  188,  241,  753,  600,  680,  714,    0,   30,  227,  797,  283,  336,  568,  785,  575,  626,  543,  405,  529,  330,  138,  262,  533,  373,  294,  148,  639,  265,  320,  798,  239,  227,  148,  446,  264,  468,  562,  891,  271,   69,   82,   46,  679,  455,  857,  470,  349,  646,  589,  268,  377,  678,  903,  388,  688,  550,  790,  150,  200,  430],
        [  124,    0,  421,   92,  370,  424,  117,  257,  583,  312,  634,  861,  249,  576,  399,  570,  144,  285,  659,  839,  286,  421,  224,  502,  591,  357,  517,  140,  546,   42,  161,  219,  738,  572,  654,  689,   30,    0,  241,  768,  304,  333,  556,  771,  547,  610,  514,  378,  500,  321,  134,  234,  509,  381,  301,  137,  615,  286,  318,  770,  250,  218,  123,  446,  292,  440,  540,  863,  253,   80,   60,   70,  650,  433,  828,  442,  320,  622,  560,  240,  361,  649,  874,  375,  660,  521,  766,  134,  189,  402],
        [  345,    0,  413,  207,  605,  348,  268,  476,  800,  289,  526, 1019,  489,  465,  406,  604,  101,   89,  900,  983,  527,  660,  463,  642,  636,  597,  361,  380,  745,  245,  320,  455,  659,  749,  712,  727,  227,  241,    0,  892,   96,  200,  794,  687,  668,  851,  659,  594,  676,  555,  362,  371,  556,  159,   97,  374,  845,   82,  177,  877,   36,  183,  272,  270,  303,  555,  773,  960,  278,  284,  234,  187,  820,  466,  984,  547,  515,  850,  709,  448,  337,  820, 1004,  320,  856,  664,  797,  211,  426,  516],
        [  812,    0,  537,  859,  609,  655,  876,  851,  453,  628,  715,  189,  677,  716,  525,  371,  850,  850,  824,  118,  698,  647,  753,  267,  335,  665,  808,  739,  365,  806,  611,  655,  659,  271,  271,  316,  797,  768,  892,    0,  988,  767,  825,  683,  226,  768,  257,  495,  311,  798,  799,  541,  380,  911,  860,  763,  553,  972,  779,   66,  870,  712,  657,  836, 1060,  339,  580,  138,  616,  823,  723,  827,  210,  459,  161,  346,  478,  544,  217,  557,  599,  217,  112,  638,  328,  250,  332,  696,  762,  378],
        [  387,    0,  505,  244,  673,  431,  295,  510,  880,  382,  594, 1112,  551,  534,  500,  697,  164,  165,  951, 1077,  585,  723,  514,  736,  730,  658,  418,  436,  830,  295,  407,  522,  733,  838,  806,  820,  283,  304,   96,  988,    0,  279,  841,  759,  763,  906,  752,  673,  766,  599,  406,  462,  650,  190,  165,  426,  918,   19,  258,  973,  124,  278,  358,  324,  266,  650,  843, 1056,  374,  326,  310,  238,  911,  560, 1077,  642,  600,  924,  802,  528,  428,  911, 1099,  408,  942,  757,  889,  301,  476,  611],
        [  456,    0,  243,  351,  633,  153,  413,  589,  777,  141,  329,  917,  542,  268,  246,  438,  249,  115,  957,  870,  586,  696,  544,  545,  472,  642,  185,  460,  701,  359,  310,  500,  460,  678,  551,  557,  336,  333,  200,  767,  279,    0,  865,  489,  553,  901,  565,  583,  610,  644,  467,  321,  400,  145,  115,  464,  843,  271,   23,  741,  164,  125,  281,  118,  496,  448,  784,  814,  181,  405,  290,  315,  737,  312,  882,  433,  488,  846,  613,  445,  171,  740,  879,  138,  800,  567,  621,  219,  513,  413],
        [  455,    0,  837,  598,  265,  902,  550,  340,  383,  785, 1101,  790,  323, 1055,  807,  878,  694,  838,  118,  819,  279,  202,  332,  637,  876,  232, 1037,  416,  460,  551,  564,  367, 1160,  556,  895,  953,  568,  556,  794,  825,  841,  865,    0, 1195,  701,  103,  629,  376,  535,  243,  436,  589,  820,  935,  854,  421,  306,  825,  855,  868,  805,  740,  585,  982,  683,  667,  250,  961,  716,  516,  582,  610,  619,  796,  773,  688,  460,  318,  640,  448,  816,  612,  884,  850,  523,  637, 1022,  647,  369,  656],
        [  887,    0,  366,  818,  932,  352,  875, 1006,  956,  460,  167,  872,  895,  226,  395,  354,  729,  600, 1256,  800,  939,  997,  932,  626,  377,  966,  354,  860,  851,  807,  663,  851,   36,  776,  418,  368,  785,  771,  687,  683,  759,  489, 1195,    0,  582, 1194,  645,  832,  739, 1027,  891,  616,  394,  580,  596,  873, 1052,  754,  511,  624,  652,  563,  669,  444,  982,  552, 1026,  641,  522,  850,  714,  779,  788,  400,  842,  529,  738, 1049,  670,  751,  412,  795,  769,  398,  902,  640,  369,  637,  911,  551],
        [  601,    0,  340,  636,  452,  459,  658,  657,  386,  413,  565,  365,  488,  550,  321,  229,  624,  629,  730,  318,  518,  505,  559,   66,  208,  503,  620,  532,  280,  586,  388,  459,  551,  195,  199,  260,  575,  547,  668,  226,  763,  553,  701,  582,    0,  669,   74,  332,  174,  621,  590,  316,  203,  696,  640,  556,  489,  747,  564,  224,  646,  489,  433,  634,  839,  113,  483,  319,  394,  606,  499,  604,  212,  259,  329,  123,  283,  483,   89,  352,  390,  218,  336,  432,  321,   66,  323,  470,  562,  153],
        [  522,    0,  845,  664,  273,  921,  621,  421,  316,  808, 1113,  715,  365, 1071,  815,  863,  752,  887,   63,  751,  325,  207,  393,  607,  857,  259, 1065,  472,  408,  612,  593,  404, 1160,  506,  867,  927,  626,  610,  851,  768,  906,  901,  103, 1194,  669,    0,  595,  364,  497,  318,  502,  605,  809,  983,  902,  481,  225,  889,  893,  817,  858,  777,  621, 1018,  767,  651,  190,  905,  741,  581,  628,  670,  559,  796,  701,  674,  458,  237,  599,  465,  834,  551,  817,  870,  453,  603,  992,  686,  430,  646],
        [  555,    0,  372,  605,  382,  488,  620,  600,  316,  425,  614,  360,  428,  594,  349,  292,  605,  629,  657,  328,  455,  433,  502,   22,  275,  435,  652,  483,  209,  551,  360,  403,  612,  134,  273,  334,  543,  514,  659,  257,  752,  565,  629,  645,   74,  595,    0,  262,  101,  558,  543,  293,  256,  703,  641,  507,  417,  735,  572,  272,  640,  486,  408,  655,  805,  121,  409,  370,  394,  567,  471,  575,  174,  293,  326,  141,  225,  412,   50,  301,  411,  178,  360,  455,  264,   10,  397,  453,  508,  152],
        [  363,    0,  487,  463,  120,  574,  454,  366,  207,  469,  756,  527,  192,  717,  457,  503,  510,  601,  426,  527,  205,  176,  270,  267,  500,  174,  728,  286,  177,  403,  282,  185,  797,  236,  521,  578,  405,  378,  594,  495,  673,  583,  376,  832,  332,  364,  262,    0,  184,  304,  346,  265,  447,  693,  616,  309,  261,  655,  581,  525,  589,  467,  325,  697,  640,  292,  206,  622,  408,  399,  363,  448,  316,  433,  499,  313,  100,  264,  285,  147,  485,  312,  579,  526,  290,  271,  649,  392,  289,  284],
        [  519,    0,  443,  591,  300,  553,  597,  544,  218,  475,  698,  363,  369,  673,  417,  388,  610,  659,  558,  351,  388,  344,  446,  116,  374,  356,  717,  443,  112,  534,  361,  351,  706,   73,  373,  434,  529,  500,  676,  311,  766,  610,  535,  739,  174,  497,  101,  184,    0,  488,  505,  307,  347,  741,  673,  467,  317,  748,  614,  342,  662,  516,  410,  710,  785,  195,  310,  439,  432,  541,  467,  567,  150,  370,  331,  218,  184,  313,  106,  266,  471,  149,  398,  515,  192,  108,  496,  466,  459,  213],
        [  213,    0,  661,  356,  198,  705,  308,  104,  437,  586,  912,  820,  138,  861,  632,  747,  455,  605,  356,  828,  104,  194,  101,  558,  754,  144,  824,  185,  462,  311,  367,  179,  992,  538,  793,  844,  330,  321,  555,  798,  599,  644,  243, 1027,  621,  318,  558,  304,  488,    0,  195,  412,  684,  701,  621,  185,  414,  582,  632,  826,  568,  521,  373,  761,  451,  552,  331,  923,  517,  274,  355,  370,  616,  638,  795,  567,  341,  424,  587,  289,  625,  611,  882,  652,  563,  567,  919,  428,  133,  528],
        [   21,    0,  531,  163,  296,  550,  123,  123,  535,  434,  760,  864,  168,  704,  506,  658,  261,  416,  546,  854,  190,  332,  111,  536,  674,  267,  650,   62,  522,  118,  239,  161,  857,  570,  728,  770,  138,  134,  362,  799,  406,  467,  436,  891,  590,  502,  543,  346,  505,  195,    0,  307,  595,  510,  431,   38,  546,  389,  452,  812,  376,  349,  223,  580,  299,  496,  465,  908,  369,   81,  182,  175,  651,  529,  834,  504,  323,  554,  584,  243,  480,  648,  898,  499,  635,  551,  847,  260,   74,  462],
        [  311,    0,  252,  322,  333,  316,  349,  405,  457,  206,  513,  651,  280,  467,  222,  352,  312,  355,  665,  621,  324,  400,  321,  278,  368,  358,  465,  260,  385,  275,   74,  236,  581,  379,  425,  464,  262,  234,  371,  541,  462,  321,  589,  616,  316,  605,  293,  265,  307,  412,  307,    0,  288,  441,  368,  279,  524,  445,  320,  538,  356,  213,  117,  432,  525,  207,  469,  630,  143,  302,  184,  288,  450,  228,  617,  208,  168,  527,  342,  142,  229,  450,  649,  266,  491,  299,  542,  161,  306,  168],
        [  598,    0,  160,  586,  556,  276,  625,  690,  563,  270,  362,  550,  547,  349,  154,   64,  540,  496,  871,  491,  587,  619,  601,  236,   84,  598,  430,  547,  458,  550,  358,  507,  360,  389,  157,  181,  533,  509,  556,  380,  650,  400,  820,  394,  203,  809,  256,  447,  347,  684,  595,  288,    0,  544,  503,  567,  659,  637,  415,  345,  527,  375,  387,  458,  785,  160,  635,  414,  284,  583,  452,  548,  415,   91,  516,  136,  362,  656,  288,  396,  230,  420,  489,  265,  518,  252,  258,  395,  591,  165],
        [  494,    0,  385,  362,  725,  284,  424,  628,  895,  284,  414, 1058,  619,  355,  390,  579,  253,   97, 1035, 1013,  660,  785,  604,  684,  615,  725,  231,  519,  825,  393,  412,  581,  557,  811,  694,  696,  373,  381,  159,  911,  190,  145,  935,  580,  696,  983,  703,  693,  741,  701,  510,  441,  544,    0,   81,  517,  952,  191,  133,  885,  135,  229,  372,  138,  449,  588,  886,  958,  311,  435,  356,  337,  874,  456, 1023,  574,  604,  956,  752,  549,  315,  876, 1023,  281,  929,  706,  758,  304,  569,  552],
        [  416,    0,  351,  289,  645,  268,  351,  551,  819,  235,  433,  999,  538,  372,  350,  546,  178,   16,  954,  957,  579,  704,  524,  623,  579,  644,  265,  439,  753,  315,  335,  500,  569,  743,  658,  667,  294,  301,   97,  860,  165,  115,  854,  596,  640,  902,  641,  616,  673,  621,  431,  368,  503,   81,    0,  437,  873,  158,   94,  838,   65,  157,  293,  174,  399,  529,  807,  915,  248,  358,  275,  260,  809,  414,  964,  517,  528,  878,  691,  471,  275,  811,  971,  249,  859,  645,  733,  225,  489,  492],
        [   55,    0,  511,  185,  263,  537,  153,  133,  500,  420,  747,  827,  135,  692,  485,  630,  274,  421,  527,  817,  162,  303,   89,  500,  645,  238,  645,   24,  485,  132,  215,  124,  839,  532,  697,  740,  148,  137,  374,  763,  426,  464,  421,  873,  556,  481,  507,  309,  467,  185,   38,  279,  567,  517,  437,    0,  514,  408,  450,  776,  385,  343,  206,  579,  334,  463,  433,  873,  353,  104,  175,  190,  614,  504,  797,  472,  286,  522,  547,  207,  464,  611,  861,  485,  598,  515,  818,  251,   53,  430],
        [  566,    0,  731,  691,  251,  827,  666,  511,  104,  727,  996,  490,  379,  963,  702,  704,  755,  858,  275,  527,  360,  222,  442,  433,  691,  284,  984,  496,  210,  632,  540,  399, 1019,  304,  686,  748,  639,  615,  845,  553,  918,  843,  306, 1052,  489,  225,  417,  261,  317,  414,  546,  524,  659,  952,  873,  514,    0,  899,  841,  606,  843,  727,  581,  956,  841,  501,   84,  690,  667,  616,  612,  684,  344,  667,  477,  525,  357,   13,  408,  403,  739,  336,  595,  780,  230,  424,  806,  649,  475,  508],
        [  370,    0,  493,  227,  655,  423,  279,  494,  861,  369,  590, 1095,  533,  529,  487,  685,  145,  157,  934, 1061,  567,  705,  496,  719,  716,  641,  416,  419,  812,  278,  389,  504,  727,  821,  793,  808,  265,  286,   82,  972,   19,  271,  825,  754,  747,  889,  735,  655,  748,  582,  389,  445,  637,  191,  158,  408,  899,    0,  249,  958,  112,  264,  340,  322,  260,  634,  825, 1041,  359,  309,  292,  220,  893,  547, 1060,  626,  582,  906,  785,  510,  416,  894, 1083,  398,  924,  740,  878,  284,  459,  595],
        [  441,    0,  259,  332,  627,  174,  394,  574,  777,  152,  351,  926,  532,  290,  261,  455,  229,   93,  948,  881,  576,  689,  532,  553,  489,  634,  203,  447,  703,  343,  304,  491,  482,  683,  568,  575,  320,  318,  177,  779,  258,   23,  855,  511,  564,  893,  572,  581,  614,  632,  452,  320,  415,  133,   94,  450,  841,  249,    0,  754,  142,  117,  273,  129,  474,  456,  780,  829,  183,  388,  277,  297,  744,  327,  891,  442,  487,  844,  621,  441,  186,  746,  891,  156,  804,  575,  640,  208,  500,  421],
        [  823,    0,  505,  859,  642,  620,  881,  872,  504,  605,  665,  251,  699,  670,  495,  327,  842,  829,  874,  177,  724,  685,  773,  277,  290,  697,  769,  753,  410,  809,  611,  674,  601,  313,  219,  258,  798,  770,  877,   66,  973,  741,  868,  624,  224,  817,  272,  525,  342,  826,  812,  538,  345,  885,  838,  776,  606,  958,  754,    0,  853,  695,  655,  802, 1062,  332,  627,   98,  600,  830,  722,  826,  262,  429,  225,  334,  496,  597,  240,  571,  571,  270,  150,  608,  385,  263,  268,  688,  779,  371],
        [  360,    0,  382,  228,  607,  314,  290,  494,  794,  258,  491, 1000,  495,  430,  376,  574,  118,   55,  908,  962,  534,  664,  474,  623,  606,  602,  328,  390,  735,  259,  311,  459,  624,  734,  683,  697,  239,  250,   36,  870,  124,  164,  805,  652,  646,  858,  640,  589,  662,  568,  376,  356,  527,  135,   65,  385,  843,  112,  142,  853,    0,  158,  265,  238,  336,  534,  773,  934,  254,  300,  234,  202,  803,  437,  965,  524,  507,  848,  690,  442,  305,  804,  981,  287,  844,  644,  766,  200,  438,  495],
        [  341,    0,  242,  256,  510,  211,  313,  471,  667,  116,  418,  845,  417,  360,  230,  426,  176,  144,  832,  806,  461,  573,  421,  468,  456,  518,  303,  337,  597,  250,  188,  375,  531,  587,  531,  550,  227,  218,  183,  712,  278,  125,  740,  563,  489,  777,  486,  467,  516,  521,  349,  213,  375,  229,  157,  343,  727,  264,  117,  695,  158,    0,  157,  243,  432,  377,  664,  778,   96,  294,  169,  217,  653,  285,  810,  367,  376,  730,  536,  326,  168,  654,  824,  167,  702,  490,  622,   94,  391,  339],
        [  222,    0,  309,  206,  355,  333,  239,  338,  530,  215,  542,  763,  262,  489,  284,  449,  201,  278,  676,  735,  306,  417,  273,  394,  470,  362,  453,  194,  473,  164,   50,  219,  634,  482,  532,  567,  148,  123,  272,  657,  358,  281,  585,  669,  433,  621,  408,  325,  410,  373,  223,  117,  387,  372,  293,  206,  581,  340,  273,  655,  265,  157,    0,  399,  409,  323,  514,  746,  148,  197,   68,  172,  557,  313,  729,  324,  244,  585,  456,  179,  258,  557,  765,  281,  585,  414,  644,   68,  248,  285],
        [  568,    0,  300,  453,  750,  183,  516,  702,  887,  236,  277,  997,  660,  219,  314,  483,  345,  184, 1074,  944,  704,  814,  661,  634,  519,  760,   95,  576,  805,  468,  427,  617,  421,  775,  598,  592,  446,  446,  270,  836,  324,  118,  982,  444,  634, 1018,  655,  697,  710,  761,  580,  432,  458,  138,  174,  579,  956,  322,  129,  802,  238,  243,  399,    0,  572,  535,  899,  866,  290,  514,  406,  420,  829,  379,  962,  517,  600,  958,  702,  561,  245,  832,  946,  202,  901,  656,  647,  336,  629,  504],
        [  280,    0,  671,  204,  593,  634,  189,  347,  833,  547,  824, 1147,  466,  763,  655,  843,  257,  391,  800, 1129,  482,  623,  399,  794,  868,  558,  663,  356,  816,  254,  452,  457,  953,  854,  936,  966,  264,  292,  303, 1060,  266,  496,  683,  982,  839,  767,  805,  640,  785,  451,  299,  525,  785,  449,  399,  334,  841,  260,  474, 1062,  336,  432,  409,  572,    0,  731,  759, 1154,  507,  244,  342,  239,  934,  702, 1115,  732,  602,  850,  851,  519,  599,  932, 1165,  596,  929,  812, 1041,  391,  367,  692],
        [  504,    0,  253,  528,  405,  368,  553,  574,  407,  307,  504,  471,  415,  480,  229,  212,  512,  518,  714,  429,  450,  466,  479,  100,  209,  451,  532,  440,  305,  480,  280,  380,  518,  248,  241,  294,  468,  440,  555,  339,  650,  448,  667,  552,  113,  651,  121,  292,  195,  552,  496,  207,  160,  588,  529,  463,  501,  634,  456,  332,  534,  377,  323,  535,  731,    0,  476,  424,  282,  504,  390,  495,  294,  177,  436,   24,  215,  498,  167,  268,  291,  298,  449,  335,  379,  121,  368,  358,  476,   40],
        [  485,    0,  691,  613,  171,  779,  586,  428,  134,  674,  958,  542,  299,  922,  661,  686,  681,  791,  250,  570,  277,  139,  360,  422,  676,  201,  933,  416,  218,  554,  476,  322,  992,  316,  681,  742,  562,  540,  773,  580,  843,  784,  250, 1026,  483,  190,  409,  206,  310,  331,  465,  469,  635,  886,  807,  433,   84,  825,  780,  627,  773,  664,  514,  899,  759,  476,    0,  717,  611,  536,  540,  607,  372,  632,  524,  499,  306,   94,  410,  339,  691,  365,  635,  731,  274,  417,  805,  582,  393,  476],
        [  919,    0,  573,  951,  738,  685,  975,  969,  590,  681,  704,  279,  797,  716,  568,  384,  929,  907,  961,  204,  821,  780,  871,  374,  347,  794,  825,  850,  501,  903,  703,  772,  621,  405,  269,  290,  891,  863,  960,  138, 1056,  814,  961,  641,  319,  905,  370,  622,  439,  923,  908,  630,  414,  958,  915,  873,  690, 1041,  829,   98,  934,  778,  746,  866, 1154,  424,  717,    0,  682,  924,  813,  917,  347,  503,  263,  424,  594,  681,  337,  668,  644,  355,  146,  678,  464,  361,  273,  776,  877,  462],
        [  366,    0,  170,  315,  470,  188,  364,  485,  598,   70,  396,  752,  396,  344,  150,  338,  257,  236,  800,  711,  442,  535,  418,  375,  366,  487,  325,  341,  521,  291,  153,  352,  488,  501,  439,  462,  271,  253,  278,  616,  374,  181,  716,  522,  394,  741,  394,  408,  432,  517,  369,  143,  284,  311,  248,  353,  667,  359,  183,  600,  254,   96,  148,  290,  507,  282,  611,  682,    0,  332,  194,  275,  564,  197,  717,  272,  310,  669,  444,  278,  111,  566,  728,  136,  621,  398,  536,  122,  394,  245],
