{
    "name": "random-12-6910",
    "comment": "size=12 seed=6910",
    "nodes": ["+0", "-0", "+1", "-1", "+2", "-2", "+3", "-3", "+4", "-4", "+5", "-5", "+6", "-6", "+7", "-7", "+8", "-8", "+9", "-9", "+10", "-10", "+11", "-11", "+12", "-12"],
    "precedence": {
        "+0": "-0",
        "+1": "-1",
        "+2": "-2",
        "+3": "-3",
        "+4": "-4",
        "+5": "-5",
        "+6": "-6",
        "+7": "-7",
        "+8": "-8",
        "+9": "-9",
        "+10": "-10",
        "+11": "-11",
        "+12": "-12"
    },
    "edges": [
        [    0,    0,  592,  589,  774,  136,  143,  599,   63,  554,  779,  262,  291,  731,  289,  520,  611,  528,  546,  140,  188,  212,  173,  840,  228,  371],
        [    0,    0,  592,  589,  774,  136,  143,  599,   63,  554,  779,  262,  291,  731,  289,  520,  611,  528,  546,  140,  188,  212,  173,  840,  228,  371],
        [  592,  592,    0,   94,  289,  577,  549,  285,  574,  201,  189,  336,  323,  502,  774,   74,  300,  237,  290,  699,  592,  721,  668,  294,  456,  321],
        [  589,  589,   94,    0,  376,  553,  569,  374,  562,  288,  226,  327,  303,  593,  800,  126,  208,  319,  203,  708,  560,  741,  687,  256,  423,  374],
        [  774,  774,  289,  376,    0,  800,  684,  203,  776,  220,  241,  558,  562,  316,  872,  317,  581,  252,  577,  847,  828,  841,  793,  445,  700,  414],
        [  136,  136,  577,  553,  800,    0,  264,  647,   74,  586,  764,  246,  255,  808,  421,  512,  531,  569,  467,  264,   54,  343,  308,  791,  137,  428],
        [  143,  143,  549,  569,  684,  264,    0,  495,  194,  467,  730,  265,  306,  602,  234,  475,  639,  433,  576,  164,  317,  173,  120,  823,  307,  271],
        [  599,  599,  285,  374,  203,  647,  495,    0,  612,   91,  361,  421,  439,  221,  671,  262,  573,   83,  547,  657,  683,  644,  598,  546,  570,  229],
        [   63,   63,  574,  562,  776,   74,  194,  612,    0,  558,  762,  239,  260,  759,  351,  505,  566,  536,  501,  198,  127,  274,  236,  808,  175,  386],
        [  554,  554,  201,  288,  220,  586,  467,   91,  558,    0,  311,  350,  363,  311,  664,  172,  483,   44,  457,  629,  618,  627,  578,  478,  498,  197],
        [  779,  779,  189,  226,  241,  764,  730,  361,  762,  311,    0,  524,  510,  541,  949,  260,  395,  354,  414,  884,  777,  901,  848,  205,  639,  483],
        [  262,  262,  336,  327,  558,  246,  265,  421,  239,  350,  524,    0,   45,  608,  496,  268,  375,  339,  313,  386,  271,  429,  376,  579,  149,  231],
        [  291,  291,  323,  303,  562,  255,  306,  439,  260,  363,  510,   45,    0,  634,  537,  260,  333,  357,  270,  420,  271,  468,  415,  550,  139,  264],
        [  731,  731,  502,  593,  316,  808,  602,  221,  759,  311,  541,  608,  634,    0,  718,  482,  793,  293,  767,  753,  851,  715,  680,  740,  754,  383],
        [  289,  289,  774,  800,  872,  421,  234,  671,  351,  664,  949,  496,  537,  718,    0,  701,  869,  625,  806,  161,  470,   78,  123, 1054,  511,  471],
        [  520,  520,   74,  126,  317,  512,  475,  262,  505,  172,  260,  268,  260,  482,  701,    0,  312,  198,  286,  626,  531,  648,  594,  361,  396,  254],
        [  611,  611,  300,  208,  581,  531,  639,  573,  566,  483,  395,  375,  333,  793,  869,  312,    0,  508,   66,  747,  518,  800,  748,  305,  396,  518],
        [  528,  528,  237,  319,  252,  569,  433,   83,  536,   44,  354,  339,  357,  293,  625,  198,  508,    0,  477,  596,  603,  591,  542,  519,  488,  163],
        [  546,  546,  290,  203,  577,  467,  576,  547,  501,  457,  414,  313,  270,  767,  806,  286,   66,  477,    0,  682,  455,  736,  684,  352,  331,  470],
        [  140,  140,  699,  708,  847,  264,  164,  657,  198,  629,  884,  386,  420,  753,  161,  626,  747,  596,  682,    0,  311,   87,   81,  962,  368,  434],
        [  188,  188,  592,  560,  828,   54,  317,  683,  127,  618,  777,  271,  271,  851,  470,  531,  518,  603,  455,  311,    0,  393,  359,  790,  138,  469],
        [  212,  212,  721,  741,  841,  343,  173,  644,  274,  627,  901,  429,  468,  715,   78,  648,  800,  591,  736,   87,  393,    0,   54,  996,  435,  431],
        [  173,  173,  668,  687,  793,  308,  120,  598,  236,  578,  848,  376,  415,  680,  123,  594,  748,  542,  684,   81,  359,   54,    0,  942,  390,  381],
        [  840,  840,  294,  256,  445,  791,  823,  546,  808,  478,  205,  579,  550,  740, 1054,  361,  305,  519,  352,  962,  790,  996,  942,    0,  656,  614],
        [  228,  228,  456,  423,  700,  137,  307,  570,  175,  498,  639,  149,  139,  754,  511,  396,  396,  488,  331,  368,  138,  435,  390,  656,    0,  373],
        [  371,  371,  321,  374,  414,  428,  271,  229,  386,  197,  483,  231,  264,  383,  471,  254,  518,  163,  470,  434,  469,  431,  381,  614,  373,    0]
    ]
}
