{
    "name": "random-78-18868",
    "comment": "size=78 seed=18868",
    "nodes": ["+0", "-0", "+1", "-1", "+2", "-2", "+3", "-3", "+4", "-4", "+5", "-5", "+6", "-6", "+7", "-7", "+8", "-8", "+9", "-9", "+10", "-10", "+11", "-11", "+12", "-12", "+13", "-13", "+14", "-14", "+15", "-15", "+16", "-16", "+17", "-17", "+18", "-18", "+19", "-19", "+20", "-20", "+21", "-21", "+22", "-22", "+23", "-23", "+24", "-24", "+25", "-25", "+26", "-26", "+27", "-27", "+28", "-28", "+29", "-29", "+30", "-30", "+31", "-31", "+32", "-32", "+33", "-33", "+34", "-34", "+35", "-35", "+36", "-36", "+37", "-37", "+38", "-38", "+39", "-39", "+40", "-40", "+41", "-41", "+42", "-42", "+43", "-43", "+44", "-44", "+45", "-45", "+46", "-46", "+47", "-47", "+48", "-48", "+49", "-49", "+50", "-50", "+51", "-51", "+52", "-52", "+53", "-53", "+54", "-54", "+55", "-55", "+56", "-56", "+57", "-57", "+58", "-58", "+59", "-59", "+60", "-60", "+61", "-61", "+62", "-62", "+63", "-63", "+64", "-64", "+65", "-65", "+66", "-66", "+67", "-67", "+68", "-68", "+69", "-69", "+70", "-70", "+71", "-71", "+72", "-72", "+73", "-73", "+74", "-74", "+75", "-75", "+76", "-76", "+77", "-77", "+78", "-78"],
    "precedence": {
        "+0": "-0",
        "+1": "-1",
        "+2": "-2",
        "+3": "-3",
        "+4": "-4",
        "+5": "-5",
        "+6": "-6",
        "+7": "-7",
        "+8": "-8",
        "+9": "-9",
        "+10": "-10",
        "+11": "-11",
        "+12": "-12",
        "+13": "-13",
        "+14": "-14",
        "+15": "-15",
        "+16": "-16",
        "+17": "-17",
        "+18": "-18",
        "+19": "-19",
        "+20": "-20",
        "+21": "-21",
        "+22": "-22",
        "+23": "-23",
        "+24": "-24",
        "+25": "-25",
        "+26": "-26",
        "+27": "-27",
        "+28": "-28",
        "+29": "-29",
        "+30": "-30",
        "+31": "-31",
        "+32": "-32",
        "+33": "-33",
        "+34": "-34",
        "+35": "-35",
        "+36": "-36",
        "+37": "-37",
        "+38": "-38",
        "+39": "-39",
        "+40": "-40",
        "+41": "-41",
        "+42": "-42",
        "+43": "-43",
        "+44": "-44",
        "+45": "-45",
        "+46": "-46",
        "+47": "-47",
        "+48": "-48",
        "+49": "-49",
        "+50": "-50",
        "+51": "-51",
        "+52": "-52",
        "+53": "-53",
        "+54": "-54",
        "+55": "-55",
        "+56": "-56",
        "+57": "-57",
        "+58": "-58",
        "+59": "-59",
        "+60": "-60",
        "+61": "-61",
        "+62": "-62",
        "+63": "-63",
        "+64": "-64",
        "+65": "-65",
        "+66": "-66",
        "+67": "-67",
        "+68": "-68",
        "+69": "-69",
        "+70": "-70",
        "+71": "-71",
        "+72": "-72",
        "+73": "-73",
        "+74": "-74",
        "+75": "-75",
        "+76": "-76",
        "+77": "-77",
        "+78": "-78"
    },
    "edges": [
        [    0,    0,  599,  622,  445,  503,  325,  444,  401,  627,  124,  873,  609,  320,  511,  679,  427,  359,  305,  495,  747,  761,  518,  674,  459,  716,  952,  833,  519,   75,  669,  536,  573,  799,  234,  227,  592,  423,  579,  547,  511,   74,  742,  766,  557,  478,  995,  486,  926,  560,  252,  862,  160,  469,  289,  764,  632,  268,  708,   86,  911,  134,  482,  362,  529,  394,  606,  255,  556,  187,  443,  826,  966,  424,  489,  950,  580,  344,   81,  903,  606,  164,  104,  651,  866,  476,  502,  592,  187,  694,  571,  461,  220,  264,  113,   54,  739,  914,  422,  322,   49,  747,  880,  147,   94, 1008,  588,  649,  413,  349,  407,  295,  563,  237,  552,  467,  837,  693,  422,  814,  517,  629,  754,  358,  583,  494,  581,  358,  949,  261,  826,  447,  579,  399,  259,  437,  939,   98,  349,  782,  341,  634,  749,  872,  376,  426, 1028,  397,  513,  933,  904,  705,  387,  734,  708,  604,  802,  901],
        [    0,    0,    0,    0,    0,    0,    0,    0,    0,    0,    0,    0,    0,    0,    0,    0,    0,    0,    0,    0,    0,    0,    0,    0,    0,    0,    0,    0,    0,    0,    0,    0,    0,    0,    0,    0,    0,    0,    0,    0,    0,    0,    0,    0,    0,    0,    0,    0,    0,    0,    0,    0,    0,    0,    0,    0,    0,    0,    0,    0,    0,    0,    0,    0,    0,    0,    0,    0,    0,    0,    0,    0,    0,    0,    0,    0,    0,    0,    0,    0,    0,    0,    0,    0,    0,    0,    0,    0,    0,    0,    0,    0,    0,    0,    0,    0,    0,    0,    0,    0,    0,    0,    0,    0,    0,    0,    0,    0,    0,    0,    0,    0,    0,    0,    0,    0,    0,    0,    0,    0,    0,    0,    0,    0,    0,    0,    0,    0,    0,    0,    0,    0,    0,    0,    0,    0,    0,    0,    0,    0,    0,    0,    0,    0,    0,    0,    0,    0,    0,    0,    0,    0,    0,    0,    0,    0,    0,    0],
        [  599,    0,    0,  294,  447,  396,  343,  158,  679,  127,  528,  382,  133,  349,  742,  395,  593,  240,  777,  637,  160,  351,  611,   76,  141,  363,  573,  283,  298,  623,  113,  531,  235,  258,  632,  387,  286,  773,  288,  256,  287,  651,  146,  170,  540,  700,  440,  236,  586,  214,  654,  368,  511,  206,  316,  238,  504,  448,  404,  678,  365,  695,  352,  418,  641,  655,  313,  600,  127,  566,  228,  229,  414,  366,  759,  505,   56,  566,  657,  324,  205,  442,  514,   76,  415,  376,  554,   19,  471,  121,  314,  644,  380,  449,  648,  629,  193,  317,  386,  346,  638,  150,  476,  524,  577,  487,  119,  428,  618,  293,  620,  555,  481,  435,   86,  411,  299,  189,  178,  332,  275,  399,  170,  583,  177,  153,  463,  633,  364,  522,  545,  447,  315,  642,  359,  360,  402,  624,  328,  246,  507,  221,  160,  343,  395,  219,  472,  249,  656,  425,  614,  344,  414,  538,  305,   94,  207,  504],
        [  622,    0,  294,    0,  256,  643,  298,  285,  851,  420,  608,  660,  425,  302,  937,  682,  407,  344,  679,  849,  404,  141,  385,  309,  313,  655,  344,  282,  557,  611,  399,  290,   70,  249,  542,  401,   31,  616,  564,  526,  112,  692,  328,  389,  785,  503,  674,  483,  334,  491,  557,  646,  608,  442,  362,  214,  223,  596,  119,  680,  337,  667,  594,  610,  862,  491,   30,  499,  404,  503,  198,  379,  654,  586,  568,  329,  239,  421,  699,  376,   90,  465,  519,  253,  246,  615,  782,  310,  578,  394,  587,  844,  448,  596,  711,  669,  469,  449,  604,  301,  644,  370,  261,  615,  559,  743,  407,  137,  441,  283,  806,  436,  224,  391,  358,  644,  271,  479,  330,  211,  106,  677,  417,  431,  119,  201,  724,  799,  568,  667,  265,  256,  590,  821,  372,  585,  655,  600,  274,  519,  686,   82,  401,  608,  594,  226,  703,  442,  438,  327,  342,  637,  617,  245,  598,  202,  417,  285],
        [  445,    0,  447,  256,    0,  666,  184,  338,  770,  555,  479,  827,  550,  183,  872,  767,  156,  333,  430,  808,  596,  383,  166,  497,  376,  763,  529,  535,  608,  410,  559,  111,  254,  500,  303,  277,  233,  361,  640,  598,  174,  519,  540,  593,  790,  259,  879,  535,  494,  577,  314,  813,  493,  494,  288,  464,  188,  528,  294,  481,  592,  451,  620,  581,  831,  235,  228,  258,  509,  283,  226,  608,  855,  589,  322,  555,  395,  168,  526,  627,  302,  323,  346,  445,  486,  634,  765,  456,  477,  567,  653,  791,  351,  526,  552,  498,  640,  687,  602,  184,  452,  572,  474,  494,  362,  933,  527,  218,  187,  219,  743,  193,  118,  217,  471,  652,  525,  628,  366,  465,  187,  743,  608,  176,  305,  296,  757,  718,  787,  583,  388,    2,  659,  749,  262,  593,  847,  394,  175,  692,  630,  316,  595,  790,  574,  247,  911,  456,  209,  578,  463,  746,  596,  289,  719,  382,  627,  490],
        [  503,    0,  396,  643,  666,    0,  486,  361,  338,  312,  381,  436,  292,  489,  367,  186,  760,  335,  790,  254,  451,  735,  820,  447,  331,  241,  961,  673,  101,  566,  370,  775,  573,  652,  673,  428,  623,  864,  143,  150,  578,  510,  506,  486,  145,  855,  593,  164,  966,  194,  697,  429,  346,  202,  385,  634,  802,  237,  761,  584,  752,  636,   49,  143,  251,  781,  650,  664,  272,  599,  473,  573,  565,   85,  895,  900,  431,  694,  513,  692,  566,  431,  484,  471,  809,   33,  163,  378,  316,  399,  116,  273,  357,  240,  476,  497,  392,  643,   81,  487,  552,  478,  865,  361,  546,  571,  291,  755,  768,  447,  270,  657,  753,  511,  311,   41,  692,  331,  319,  728,  573,  131,  450,  714,  532,  442,   93,  308,  599,  271,  907,  667,  123,  298,  425,   76,  527,  582,  491,  407,  202,  591,  456,  465,  128,  443,  622,  213,  846,  820,  983,  237,  118,  869,  263,  476,  510,  893],
        [  325,    0,  343,  298,  184,  486,    0,  196,  596,  424,  321,  700,  414,    7,  695,  601,  283,  159,  437,  626,  502,  437,  335,  410,  231,  606,  632,  524,  436,  319,  444,  295,  250,  489,  291,  109,  267,  436,  475,  433,  186,  395,  469,  509,  607,  385,  780,  367,  611,  419,  313,  686,  328,  328,  105,  453,  350,  348,  389,  386,  598,  382,  442,  397,  649,  326,  282,  258,  365,  231,  130,  549,  753,  407,  437,  626,  304,  233,  402,  604,  288,  170,  222,  370,  541,  454,  582,  345,  305,  460,  484,  611,  174,  346,  416,  372,  524,  636,  419,    5,  349,  488,  556,  332,  268,  819,  390,  340,  298,   52,  564,  215,  288,  102,  336,  470,  524,  499,  209,  493,  192,  572,  512,  253,  269,  200,  578,  544,  706,  408,  518,  185,  491,  573,   85,  412,  737,  312,   24,  576,  449,  314,  502,  674,  390,  127,  813,  280,  364,  612,  597,  590,  413,  441,  570,  312,  545,  579],
        [  444,    0,  158,  285,  338,  361,  196,    0,  578,  228,  383,  504,  219,  203,  658,  432,  469,   88,  624,  565,  314,  395,  504,  232,   38,  425,  619,  402,  284,  465,  250,  439,  215,  371,  479,  230,  263,  632,  307,  265,  219,  500,  299,  328,  502,  574,  587,  208,  616,  240,  502,  491,  371,  166,  159,  340,  447,  329,  403,  522,  484,  538,  313,  329,  578,  520,  290,  450,  173,  412,  118,  383,  559,  302,  629,  577,  138,  428,  506,  463,  219,  285,  357,  208,  484,  333,  497,  155,  334,  268,  323,  563,  228,  330,  501,  477,  330,  471,  319,  200,  482,  308,  527,  383,  419,  623,  195,  394,  489,  145,  528,  411,  405,  282,  141,  360,  411,  303,   45,  413,  213,  415,  323,  447,  186,   85,  447,  529,  520,  404,  549,  339,  328,  546,  202,  301,  542,  466,  187,  380,  409,  247,  315,  479,  311,   93,  620,  157,  542,  525,  626,  408,  333,  509,  382,  168,  364,  554],
        [  401,    0,  679,  851,  770,  338,  596,  578,    0,  627,  304,  770,  606,  595,  111,  506,  802,  507,  697,  136,  770,  972,  885,  744,  565,  570, 1192,  960,  425,  474,  685,  877,  784,  933,  632,  493,  824,  823,  478,  475,  756,  358,  811,  803,  273,  869,  930,  455, 1183,  514,  651,  764,  281,  475,  500,  908,  945,  255,  962,  448, 1042,  517,  360,  261,  170,  785,  847,  647,  571,  575,  654,  886,  902,  322,  887, 1155,  694,  720,  355,  997,  796,  451,  455,  752, 1062,  337,  208,  663,  294,  715,  453,   93,  422,  256,  306,  361,  721,  963,  303,  594,  436,  791, 1103,  284,  487,  903,  598,  929,  795,  584,   69,  673,  882,  559,  597,  302,  975,  661,  535,  990,  756,  449,  771,  738,  763,  661,  355,   53,  934,  189, 1102,  771,  460,   41,  512,  332,  863,  498,  613,  741,  172,  825,  775,  802,  284,  625,  959,  434,  892, 1096, 1182,  570,  268, 1034,  599,  736,  831, 1130],
        [  627,    0,  127,  420,  555,  312,  424,  228,  627,    0,  535,  276,   22,  430,  675,  274,  694,  287,  844,  564,  143,  471,  721,  145,  195,  237,  689,  368,  211,  664,   59,  646,  360,  352,  701,  441,  412,  860,  181,  162,  405,  668,  197,  177,  449,  800,  370,  174,  706,  118,  725,  263,  512,  168,  370,  341,  627,  427,  530,  711,  445,  738,  274,  373,  562,  748,  439,  674,   71,  631,  330,  262,  342,  306,  856,  612,  182,  656,  673,  381,  331,  485,  557,  185,  525,  299,  474,  110,  471,   89,  210,  578,  412,  429,  655,  648,  113,  337,  325,  427,  671,  167,  591,  526,  623,  397,   39,  554,  715,  373,  563,  638,  600,  504,   88,  336,  390,   75,  223,  441,  395,  285,  145,  675,  303,  261,  362,  587,  328,  497,  671,  556,  208,  588,  418,  296,  320,  669,  414,  157,  462,  347,  148,  254,  348,  312,  404,  235,  763,  519,  738,  219,  361,  664,  179,  220,  204,  620],
        [  124,    0,  528,  608,  479,  381,  321,  383,  304,  535,    0,  767,  516,  318,  414,  560,  498,  296,  426,  382,  665,  743,  583,  603,  389,  600,  949,  784,  405,  194,  583,  581,  549,  752,  336,  212,  579,  531,  466,  437,  501,  137,  673,  688,  434,  566,  898,  381,  930,  456,  357,  756,   36,  371,  248,  720,  661,  145,  708,  204,  865,  258,  363,  239,  413,  482,  597,  345,  465,  273,  414,  756,  869,  305,  587,  932,  519,  416,  140,  845,  575,  156,  151,  588,  843,  356,  380,  518,   68,  610,  456,  351,  163,  141,  121,  119,  647,  843,  301,  318,  173,  671,  868,   24,  191,  903,  497,  660,  491,  326,  297,  369,  595,  263,  468,  344,  792,  597,  352,  782,  504,  509,  671,  434,  547,  448,  458,  256,  862,  141,  838,  480,  464,  294,  238,  317,  839,  214,  342,  686,  219,  604,  668,  772,  255,  391,  930,  301,  588,  899,  918,  591,  264,  757,  597,  550,  723,  892],
        [  873,    0,  382,  660,  827,  436,  700,  504,  770,  276,  767,    0,  286,  706,  780,  271,  969,  557, 1112,  667,  260,  670,  992,  351,  470,  203,  858,  500,  369,  919,  269,  913,  611,  504,  972,  708,  659, 1135,  307,  331,  668,  903,  347,  286,  520, 1075,  169,  388,  890,  313,  996,   14,  738,  407,  639,  512,  879,  636,  755,  958,  549,  994,  426,  556,  650, 1023,  684,  947,  337,  900,  604,  345,  145,  481, 1131,  759,  437,  932,  907,  456,  572,  746,  816,  407,  688,  444,  574,  372,  699,  267,  326,  696,  669,  639,  880,  885,  192,  357,  492,  703,  920,  300,  766,  753,  883,  138,  310,  796,  991,  648,  702,  913,  861,  776,  364,  474,  527,  202,  495,  607,  657,  325,  248,  951,  550,  531,  425,  743,  231,  692,  882,  827,  318,  730,  688,  467,  102,  928,  690,  141,  633,  580,  265,   72,  533,  587,  193,  478, 1036,  641,  937,  201,  536,  899,  175,  463,  273,  792],
        [  609,    0,  133,  425,  550,  292,  414,  219,  606,   22,  516,  286,    0,  420,  654,  263,  686,  272,  830,  544,  164,  481,  716,  161,  184,  231,  701,  385,  191,  647,   80,  643,  363,  368,  688,  426,  415,  849,  164,  143,  404,  649,  215,  198,  430,  792,  387,  153,  717,   98,  712,  273,  492,  147,  356,  356,  628,  406,  536,  693,  463,  722,  254,  352,  543,  738,  442,  662,   54,  617,  325,  283,  359,  285,  847,  626,  186,  646,  654,  401,  337,  469,  540,  197,  538,  279,  455,  115,  451,  110,  193,  558,  395,  409,  635,  629,  131,  358,  304,  417,  653,  188,  603,  506,  607,  411,   24,  557,  707,  363,  542,  627,  599,  491,   80,  315,  406,   88,  210,  454,  394,  271,  166,  666,  307,  258,  345,  566,  348,  476,  678,  551,  192,  567,  404,  275,  335,  653,  405,  174,  441,  354,  170,  268,  327,  306,  421,  215,  757,  535,  747,  213,  340,  668,  176,  227,  225,  632],
        [  320,    0,  349,  302,  183,  489,    7,  203,  595,  430,  318,  706,  420,    0,  694,  605,  278,  164,  431,  627,  508,  442,  332,  416,  237,  611,  636,  530,  440,  313,  450,  293,  256,  495,  285,  106,  272,  430,  480,  437,  191,  391,  476,  516,  609,  381,  786,  371,  614,  424,  306,  692,  326,  333,  106,  459,  351,  348,  393,  381,  604,  375,  445,  398,  649,  320,  287,  251,  371,  224,  137,  556,  759,  409,  431,  631,  310,  228,  397,  610,  294,  166,  217,  377,  546,  457,  583,  351,  303,  466,  489,  611,  173,  346,  412,  368,  531,  643,  422,    3,  343,  495,  561,  330,  262,  825,  396,  343,  293,   58,  564,  209,  288,   96,  343,  472,  530,  505,  214,  498,  197,  576,  519,  248,  275,  206,  581,  543,  712,  407,  521,  184,  495,  572,   83,  415,  744,  306,   30,  582,  449,  320,  508,  681,  392,  134,  819,  283,  360,  618,  600,  595,  414,  442,  575,  319,  552,  583],
        [  511,    0,  742,  937,  872,  367,  695,  658,  111,  675,  414,  780,  654,  694,    0,  510,  910,  594,  806,  115,  816, 1053,  992,  802,  640,  578, 1276, 1024,  465,  585,  733,  980,  869,  999,  743,  596,  912,  934,  510,  515,  847,  467,  866,  851,  262,  979,  946,  510, 1270,  558,  762,  776,  389,  536,  596,  977, 1044,  348, 1051,  557, 1105,  626,  401,  330,  132,  895,  936,  757,  626,  685,  743,  937,  919,  376,  998, 1231,  764,  829,  464, 1053,  877,  557,  565,  816, 1139,  376,  209,  725,  398,  763,  481,   98,  522,  350,  415,  471,  758, 1009,  357,  694,  547,  842, 1184,  393,  597,  908,  650, 1023,  904,  679,  132,  782,  982,  665,  658,  340, 1040,  698,  614, 1063,  846,  457,  816,  847,  843,  742,  356,  158,  963,  290, 1194,  874,  487,  124,  612,  384,  878,  608,  711,  772,  252,  905,  822,  820,  351,  713,  972,  506, 1000, 1165, 1273,  582,  330, 1131,  617,  808,  876, 1211],
        [  679,    0,  395,  682,  767,  186,  601,  432,  506,  274,  560,  271,  263,  605,  510,    0,  883,  442,  955,  397,  378,  744,  930,  416,  395,   71,  962,  632,  170,  738,  318,  870,  616,  620,  828,  569,  669, 1012,  127,  170,  645,  693,  456,  415,  249,  984,  438,  234,  979,  195,  853,  268,  526,  274,  512,  613,  874,  417,  796,  762,  703,  810,  198,  326,  379,  917,  696,  814,  278,  753,  550,  501,  412,  256, 1031,  883,  445,  827,  695,  626,  595,  586,  647,  458,  797,  206,  304,  377,  493,  341,  118,  427,  508,  421,  661,  678,  300,  552,  261,  603,  728,  416,  864,  541,  712,  399,  276,  810,  897,  554,  438,  796,  836,  649,  324,  226,  656,  248,  401,  712,  636,   57,  372,  847,  564,  497,  155,  484,  472,  457,  939,  768,  111,  467,  558,  243,  371,  751,  600,  291,  387,  614,  384,  317,  307,  524,  464,  326,  964,  783, 1009,   79,  302,  923,  125,  488,  427,  893],
        [  427,    0,  593,  407,  156,  760,  283,  469,  802,  694,  498,  969,  686,  278,  910,  883,    0,  442,  311,  864,  746,  526,   93,  647,  506,  887,  642,  688,  717,  371,  704,  153,  409,  654,  220,  337,  386,  210,  758,  715,  329,  497,  694,  745,  871,  107, 1030,  649,  597,  700,  219,  955,  522,  610,  376,  618,  274,  585,  425,  435,  743,  386,  718,  654,  891,   89,  378,  182,  641,  241,  366,  762, 1005,  678,  167,  685,  544,   84,  503,  781,  457,  358,  349,  597,  625,  728,  836,  601,  517,  714,  766,  839,  413,  582,  540,  480,  785,  842,  688,  281,  417,  724,  602,  519,  334, 1080,  663,  341,   36,  331,  788,  133,  215,  255,  607,  739,  678,  768,  488,  613,  341,  853,  758,   71,  459,  441,  852,  753,  940,  625,  486,  156,  773,  789,  335,  685,  995,  349,  285,  837,  686,  471,  745,  936,  653,  382, 1061,  560,   91,  722,  552,  871,  674,  374,  849,  534,  779,  613],
        [  359,    0,  240,  344,  333,  335,  159,   88,  507,  287,  296,  557,  272,  164,  594,  442,  442,    0,  558,  509,  391,  466,  491,  315,  101,  448,  685,  488,  278,  385,  319,  441,  277,  457,  416,  155,  318,  584,  316,  274,  257,  413,  384,  408,  466,  544,  655,  208,  677,  263,  440,  544,  286,  170,   84,  425,  472,  254,  458,  439,  569,  458,  289,  271,  526,  480,  342,  392,  220,  345,  150,  468,  627,  262,  593,  652,  225,  388,  419,  550,  291,  204,  276,  295,  561,  303,  450,  235,  249,  341,  326,  501,  141,  254,  414,  391,  395,  556,  277,  161,  399,  389,  597,  297,  341,  683,  249,  435,  456,  115,  462,  362,  420,  221,  202,  324,  497,  360,   66,  493,  254,  414,  400,  408,  260,  157,  426,  457,  596,  327,  601,  334,  332,  477,  132,  265,  606,  387,  160,  443,  342,  320,  393,  540,  257,  120,  688,  124,  523,  607,  680,  433,  281,  547,  416,  255,  445,  623],
        [  305,    0,  777,  679,  430,  790,  437,  624,  697,  844,  426, 1112,  830,  431,  806,  955,  311,  558,    0,  799,  936,  812,  393,  846,  652,  981,  949,  944,  787,  232,  873,  463,  658,  909,  146,  405,  652,  163,  842,  805,  578,  340,  906,  945,  859,  286, 1210,  738,  906,  807,  126, 1100,  460,  710,  475,  872,  583,  562,  722,  250, 1010,  181,  762,  654,  832,  227,  653,  184,  777,  214,  564,  985, 1182,  708,  259,  983,  741,  263,  343, 1031,  703,  372,  309,  807,  915,  761,  805,  778,  480,  891,  840,  763,  451,  559,  392,  337,  951, 1071,  710,  433,  262,  924,  902,  449,  245, 1240,  807,  642,  277,  485,  709,  243,  520,  343,  758,  758,  940,  917,  621,  889,  589,  910,  946,  258,  693,  636,  874,  658, 1141,  565,  796,  431,  848,  699,  426,  719, 1162,  212,  455, 1000,  644,  724,  937, 1097,  664,  564, 1243,  642,  357, 1005,  862,  968,  679,  684,  961,  747,  982,  916],
        [  495,    0,  637,  849,  808,  254,  626,  565,  136,  564,  382,  667,  544,  627,  115,  397,  864,  509,  799,    0,  704,  958,  940,  695,  544,  465, 1183,  918,  354,  569,  622,  918,  779,  895,  717,  535,  825,  912,  396,  403,  765,  465,  757,  739,  150,  941,  832,  403, 1181,  447,  738,  662,  351,  432,  524,  874,  972,  282,  965,  555,  999,  621,  291,  239,   36,  859,  850,  724,  518,  652,  659,  826,  804,  272,  967, 1133,  663,  785,  464,  944,  783,  506,  528,  712, 1041,  266,   95,  620,  348,  652,  368,   43,  459,  284,  416,  464,  645,  897,  253,  626,  537,  731, 1089,  359,  572,  795,  540,  943,  862,  604,   91,  740,  913,  611,  552,  229,  936,  585,  521,  963,  763,  343,  703,  804,  749,  650,  243,  149,  849,  243, 1109,  810,  373,  110,  547,  278,  764,  591,  640,  657,  179,  810,  710,  706,  255,  629,  859,  410,  954, 1062, 1188,  467,  233, 1054,  503,  707,  764, 1117],
        [  747,    0,  160,  404,  596,  451,  502,  314,  770,  143,  665,  260,  164,  508,  816,  378,  746,  391,  936,  704,    0,  411,  756,  100,  291,  323,  609,  259,  351,  776,   86,  671,  361,  254,  791,  543,  406,  931,  313,  301,  428,  794,   89,   38,  583,  852,  284,  317,  637,  259,  813,  247,  644,  306,  471,  257,  626,  566,  496,  828,  326,  849,  416,  515,  701,  812,  429,  759,  206,  725,  385,  125,  259,  449,  913,  518,  204,  723,  799,  249,  319,  595,  667,  155,  439,  440,  613,  159,  603,   57,  342,  720,  528,  568,  785,  772,   83,  194,  467,  505,  788,   42,  514,  658,  731,  342,  175,  540,  772,  452,  706,  713,  615,  594,  197,  477,  285,  131,  326,  356,  415,  404,   13,  740,  301,  309,  492,  730,  206,  636,  623,  597,  339,  731,  516,  439,  254,  778,  486,  122,  605,  323,    7,  205,  490,  377,  316,  368,  804,  410,  680,  307,  504,  640,  259,  217,   61,  541],
        [  761,    0,  351,  141,  383,  735,  437,  395,  972,  471,  743,  670,  481,  442, 1053,  744,  526,  466,  812,  958,  411,    0,  488,  335,  415,  705,  226,  204,  642,  751,  434,  390,  194,  182,  678,  539,  171,  736,  637,  604,  252,  831,  324,  385,  880,  614,  648,  572,  236,  564,  692,  657,  741,  535,  495,  161,  291,  719,  117,  820,  230,  807,  688,  723,  968,  613,  162,  635,  475,  642,  329,  344,  633,  689,  679,  190,  307,  551,  838,  296,  177,  603,  658,  287,  106,  711,  884,  370,  708,  420,  663,  957,  581,  719,  848,  808,  489,  391,  708,  440,  784,  371,  132,  749,  699,  730,  470,  198,  561,  419,  923,  570,  321,  531,  431,  743,  182,  515,  439,   95,  245,  749,  423,  559,  210,  312,  809,  922,  532,  792,  213,  383,  664,  940,  509,  686,  644,  740,  413,  532,  803,  148,  406,  608,  704,  354,  673,  549,  542,  196,  270,  688,  726,  257,  644,  261,  402,  160],
        [  518,    0,  611,  385,  166,  820,  335,  504,  885,  721,  583,  992,  716,  332,  992,  930,   93,  491,  393,  940,  756,  488,    0,  656,  541,  927,  575,  666,  768,  463,  723,   98,  402,  633,  312,  407,  369,  269,  803,  761,  329,  588,  695,  750,  937,  131, 1038,  697,  527,  741,  310,  978,  604,  656,  436,  599,  210,  659,  377,  528,  712,  479,  776,  723,  966,  166,  355,  274,  674,  332,  391,  757, 1015,  740,  194,  630,  558,  175,  594,  761,  450,  436,  435,  603,  579,  788,  907,  620,  596,  730,  815,  918,  484,  657,  631,  571,  803,  831,  752,  334,  509,  729,  546,  602,  425, 1096,  693,  292,  119,  377,  867,  223,  167,  330,  637,  802,  652,  793,  530,  579,  342,  904,  769,  163,  459,  461,  912,  835,  941,  704,  416,  166,  821,  870,  400,  746, 1009,  441,  331,  856,  762,  458,  754,  953,  719,  412, 1069,  613,   55,  681,  476,  911,  741,  302,  885,  540,  783,  554],
        [  674,    0,   76,  309,  497,  447,  410,  232,  744,  145,  603,  351,  161,  416,  802,  416,  647,  315,  846,  695,  100,  335,  656,    0,  216,  373,  547,  226,  347,  697,  100,  571,  262,  208,  700,  461,  309,  835,  324,  300,  328,  727,   71,  100,  588,  753,  383,  293,  568,  256,  722,  337,  586,  270,  391,  197,  529,  520,  408,  753,  305,  769,  405,  484,  696,  714,  333,  666,  177,  636,  288,  154,  359,  427,  814,  468,  107,  626,  732,  254,  222,  517,  588,   57,  381,  430,  609,   86,  546,   88,  353,  705,  456,  521,  723,  704,  161,  241,  446,  413,  713,   79,  450,  599,  650,  441,  157,  446,  674,  362,  684,  619,  516,  505,  148,  467,  247,  181,  253,  297,  316,  430,  113,  643,  202,  213,  505,  700,  297,  594,  541,  497,  352,  707,  432,  419,  354,  697,  393,  210,  574,  229,   99,  302,  460,  283,  415,  320,  704,  375,  604,  355,  478,  550,  310,  117,  136,  478],
        [  459,    0,  141,  313,  376,  331,  231,   38,  565,  195,  389,  470,  184,  237,  640,  395,  506,  101,  652,  544,  291,  415,  541,  216,    0,  387,  640,  403,  249,  485,  221,  476,  243,  374,  509,  253,  293,  666,  270,  228,  254,  511,  286,  308,  473,  611,  558,  174,  640,  202,  532,  456,  374,  132,  181,  346,  482,  321,  431,  539,  486,  558,  282,  310,  554,  555,  320,  481,  136,  439,  156,  369,  530,  276,  665,  592,  134,  463,  516,  458,  241,  304,  377,  201,  500,  303,  471,  134,  335,  242,  287,  543,  240,  322,  509,  488,  299,  457,  294,  234,  499,  289,  546,  386,  441,  591,  160,  427,  525,  179,  512,  444,  442,  311,  107,  332,  415,  269,   38,  425,  247,  378,  299,  483,  206,  112,  414,  516,  496,  396,  578,  377,  291,  531,  227,  273,  511,  488,  222,  349,  394,  267,  293,  447,  290,  130,  591,  134,  580,  533,  654,  370,  312,  541,  345,  173,  344,  574],
        [  716,    0,  363,  655,  763,  241,  606,  425,  570,  237,  600,  203,  231,  611,  578,   71,  887,  448,  981,  465,  323,  705,  927,  373,  387,    0,  919,  580,  197,  771,  273,  862,  592,  571,  849,  586,  645, 1028,  139,  178,  629,  735,  405,  359,  318,  990,  369,  246,  939,  187,  874,  198,  568,  280,  524,  567,  856,  461,  766,  800,  648,  844,  241,  373,  449,  928,  672,  831,  258,  775,  541,  443,  342,  299, 1040,  835,  416,  836,  738,  567,  567,  610,  675,  419,  752,  255,  372,  345,  533,  292,  145,  494,  531,  464,  706,  719,  241,  489,  308,  608,  764,  362,  822,  583,  741,  333,  249,  786,  903,  557,  502,  809,  823,  663,  302,  281,  605,  196,  400,  667,  619,  123,  315,  856,  537,  481,  223,  546,  403,  508,  907,  763,  137,  531,  572,  286,  301,  783,  602,  226,  442,  583,  329,  247,  352,  517,  395,  341,  964,  731,  973,   19,  350,  898,   64,  456,  367,  850],
        [  952,    0,  573,  344,  529,  961,  632,  619, 1192,  689,  949,  858,  701,  636, 1276,  962,  642,  685,  949, 1183,  609,  226,  575,  547,  640,  919,    0,  359,  867,  930,  647,  490,  409,  356,  831,  739,  372,  843,  860,  828,  448, 1024,  521,  577, 1106,  705,  805,  798,   62,  787,  840,  846,  951,  760,  705,  354,  369,  938,  244, 1001,  328,  977,  914,  947, 1194,  730,  352,  786,  699,  809,  541,  515,  796,  915,  766,  116,  532,  689, 1031,  423,  400,  802,  848,  505,  171,  937, 1110,  592,  921,  629,  886, 1181,  790,  938, 1047, 1002,  691,  532,  933,  635,  968,  567,   98,  957,  880,  896,  691,  312,  677,  624, 1145,  721,  429,  716,  655,  969,  332,  725,  663,  254,  445,  970,  619,  692,  434,  534, 1034, 1141,  684, 1010,  162,  528,  887, 1161,  711,  911,  815,  916,  609,  728, 1025,  373,  603,  792,  928,  569,  824,  773,  626,  239,  135,  902,  951,  276,  856,  486,  586,   69],
        [  833,    0,  283,  282,  535,  673,  524,  402,  960,  368,  784,  500,  385,  530, 1024,  632,  688,  488,  944,  918,  259,  204,  666,  226,  403,  580,  359,    0,  572,  839,  316,  569,  288,   36,  802,  607,  303,  894,  549,  526,  369,  895,  176,  224,  814,  785,  453,  516,  396,  482,  820,  488,  773,  488,  546,   73,  485,  723,  317,  904,   83,  905,  630,  700,  921,  769,  312,  762,  402,  751,  395,  157,  441,  648,  850,  260,  270,  694,  901,   96,  242,  670,  736,  208,  190,  655,  833,  299,  735,  292,  578,  926,  625,  724,  901,  871,  342,  188,  667,  528,  865,  219,  270,  784,  789,  540,  383,  390,  720,  488,  902,  703,  502,  625,  367,  691,   28,  386,  438,  117,  357,  651,  268,  706,  255,  340,  730,  914,  334,  798,  408,  534,  576,  924,  576,  641,  458,  834,  502,  374,  788,  221,  253,  433,  677,  408,  476,  528,  719,  152,  450,  564,  696,  461,  516,  234,  229,  295],
        [  519,    0,  298,  557,  608,  101,  436,  284,  425,  211,  405,  369,  191,  440,  465,  170,  717,  278,  787,  354,  351,  642,  768,  347,  249,  197,  867,  572,    0,  574,  269,  715,  488,  552,  659,  399,  539,  843,   63,   51,  502,  541,  406,  386,  243,  817,  516,   76,  875,   94,  683,  360,  374,  118,  344,  535,  730,  269,  675,  604,  651,  648,   66,  188,  352,  749,  567,  644,  172,  584,  401,  473,  487,  113,  863,  802,  336,  659,  544,  591,  477,  417,  480,  372,  712,   90,  264,  279,  337,  299,   54,  369,  339,  272,  514,  524,  297,  544,  127,  438,  568,  378,  770,  389,  546,  506,  190,  675,  730,  392,  359,  627,  686,  480,  213,  126,  592,  237,  246,  630,  495,  136,  351,  679,  443,  360,  168,  390,  510,  324,  821,  609,   62,  385,  390,  100,  452,  586,  438,  318,  271,  500,  357,  386,  165,  372,  547,  158,  800,  720,  895,  187,  170,  790,  195,  381,  411,  799],
        [   75,    0,  623,  611,  410,  566,  319,  465,  474,  664,  194,  919,  647,  313,  585,  738,  371,  385,  232,  569,  776,  751,  463,  697,  485,  771,  930,  839,  574,    0,  702,  492,  568,  805,  165,  238,  581,  350,  633,  598,  499,  130,  763,  792,  628,  412, 1034,  534,  900,  607,  181,  908,  229,  513,  307,  769,  595,  334,  687,   72,  915,   75,  542,  427,  602,  328,  591,  192,  594,  133,  445,  846, 1005,  485,  419,  937,  598,  289,  135,  915,  606,  181,  109,  668,  856,  538,  574,  618,  252,  725,  627,  535,  253,  330,  179,  118,  775,  935,  485,  315,   46,  772,  863,  217,   52, 1052,  625,  622,  353,  352,  481,  242,  526,  220,  584,  532,  841,  733,  450,  811,  507,  690,  784,  301,  586,  504,  647,  433,  980,  334,  796,  412,  635,  473,  267,  497,  980,   25,  342,  820,  413,  632,  777,  913,  439,  433, 1067,  442,  453,  930,  873,  759,  452,  699,  758,  617,  828,  883],
        [  669,    0,  113,  399,  559,  370,  444,  250,  685,   59,  583,  269,   80,  450,  733,  318,  704,  319,  873,  622,   86,  434,  723,  100,  221,  273,  647,  316,  269,  702,    0,  644,  344,  303,  728,  473,  394,  879,  236,  220,  400,  714,  141,  118,  505,  810,  338,  231,  668,  176,  752,  256,  561,  221,  401,  295,  614,  481,  503,  752,  390,  776,  332,  430,  620,  763,  420,  699,  121,  660,  338,  204,  310,  364,  868,  565,  168,  672,  719,  324,  310,  522,  594,  150,  480,  357,  532,  104,  520,   31,  266,  637,  451,  483,  703,  693,   82,  279,  383,  447,  712,  109,  550,  575,  659,  377,   90,  535,  727,  393,  621,  658,  593,  530,  118,  394,  339,   82,  254,  395,  388,  336,   90,  690,  285,  264,  417,  645,  281,  551,  639,  560,  263,  646,  448,  354,  294,  706,  431,  134,  519,  322,   91,  233,  405,  325,  371,  284,  768,  467,  704,  255,  419,  642,  210,  198,  147,  578],
        [  536,    0,  531,  290,  111,  775,  295,  439,  877,  646,  581,  913,  643,  293,  980,  870,  153,  441,  463,  918,  671,  390,   98,  571,  476,  862,  490,  569,  715,  492,  644,    0,  312,  537,  359,  385,  275,  356,  744,  701,  245,  609,  606,  662,  901,  225,  951,  641,  444,  678,  363,  899,  598,  599,  399,  503,  122,  638,  281,  561,  615,  520,  729,  691,  942,  241,  260,  316,  605,  359,  322,  665,  928,  699,  290,  537,  476,  213,  615,  664,  359,  427,  442,  517,  483,  743,  876,  542,  584,  648,  758,  900,  461,  636,  646,  590,  722,  737,  712,  295,  536,  642,  453,  598,  447, 1012,  621,  196,  188,  328,  852,  254,   70,  319,  565,  762,  555,  717,  470,  482,  257,  849,  683,  210,  370,  386,  866,  825,  851,  691,  334,  110,  764,  857,  372,  703,  924,  472,  285,  775,  740,  365,  668,  870,  684,  347,  981,  564,  152,  584,  400,  845,  707,  222,  816,  455,  694,  463],
        [  573,    0,  235,   70,  254,  573,  250,  215,  784,  360,  549,  611,  363,  256,  869,  616,  409,  277,  658,  779,  361,  194,  402,  262,  243,  592,  409,  288,  488,  568,  344,  312,    0,  253,  516,  348,   53,  611,  497,  459,   82,  641,  294,  351,  715,  510,  639,  414,  402,  424,  534,  597,  548,  373,  302,  216,  270,  530,  188,  636,  355,  629,  525,  541,  793,  486,   81,  475,  338,  469,  136,  356,  617,  516,  574,  383,  179,  408,  647,  377,   49,  412,  471,  207,  295,  545,  712,  250,  515,  344,  519,  775,  388,  530,  656,  618,  419,  434,  534,  254,  598,  331,  322,  556,  516,  702,  344,  195,  439,  227,  738,  415,  254,  349,  293,  574,  283,  423,  260,  243,   70,  610,  374,  421,   61,  132,  655,  733,  540,  602,  335,  253,  522,  753,  318,  515,  615,  560,  227,  470,  618,   67,  358,  563,  525,  161,  669,  372,  453,  363,  412,  574,  547,  307,  538,  148,  382,  347],
        [  799,    0,  258,  249,  500,  652,  489,  371,  933,  352,  752,  504,  368,  495,  999,  620,  654,  457,  909,  895,  254,  182,  633,  208,  374,  571,  356,   36,  552,  805,  303,  537,  253,    0,  767,  573,  269,  860,  532,  507,  334,  861,  168,  222,  794,  752,  468,  493,  388,  463,  785,  491,  742,  464,  512,   38,  456,  694,  291,  870,  113,  870,  608,  674,  899,  735,  279,  726,  381,  716,  361,  165,  454,  624,  816,  264,  241,  659,  868,  128,  207,  636,  702,  184,  185,  633,  812,  276,  704,  280,  560,  902,  592,  695,  868,  838,  337,  211,  644,  493,  831,  213,  263,  753,  754,  552,  364,  361,  686,  454,  876,  667,  470,  590,  344,  669,   42,  376,  408,  105,  322,  637,  265,  672,  220,  307,  712,  887,  351,  769,  391,  500,  559,  898,  542,  618,  468,  800,  467,  373,  762,  186,  248,  438,  652,  374,  492,  501,  687,  168,  438,  554,  671,  437,  508,  203,  232,  289],
        [  234,    0,  632,  542,  303,  673,  291,  479,  632,  701,  336,  972,  688,  285,  743,  828,  220,  416,  146,  717,  791,  678,  312,  700,  509,  849,  831,  802,  659,  165,  728,  359,  516,  767,    0,  266,  514,  197,  711,  672,  437,  294,  760,  800,  756,  248, 1066,  604,  793,  671,   25,  959,  367,  574,  334,  730,  474,  457,  596,  221,  870,  167,  640,  543,  748,  165,  518,   45,  636,   75,  419,  839, 1038,  589,  256,  855,  595,  147,  299,  887,  561,  243,  193,  661,  783,  642,  709,  632,  377,  747,  712,  686,  321,  454,  343,  282,  807,  926,  593,  287,  210,  779,  776,  359,  146, 1098,  665,  520,  196,  339,  632,  111,  407,  198,  615,  643,  798,  775,  479,  752,  448,  787,  801,  152,  549,  490,  760,  587,  996,  475,  684,  304,  719,  626,  285,  599, 1019,  141,  310,  857,  549,  583,  791,  954,  550,  418, 1099,  508,  294,  869,  756,  835,  567,  578,  825,  602,  836,  792],
        [  227,    0,  387,  401,  277,  428,  109,  230,  493,  441,  212,  708,  426,  106,  596,  569,  337,  155,  405,  535,  543,  539,  407,  461,  253,  586,  739,  607,  399,  238,  473,  385,  348,  573,  266,    0,  372,  444,  449,  408,  292,  294,  526,  557,  535,  428,  809,  341,  719,  406,  290,  696,  221,  309,   72,  538,  454,  254,  497,  299,  684,  309,  389,  318,  560,  354,  388,  246,  374,  192,  216,  609,  781,  345,  468,  729,  361,  267,  300,  679,  380,   65,  130,  431,  642,  396,  501,  384,  200,  494,  451,  516,   78,  252,  310,  270,  550,  698,  353,  107,  259,  537,  661,  224,  190,  836,  403,  449,  342,  122,  467,  230,  389,   84,  357,  405,  610,  513,  220,  588,  296,  531,  551,  287,  356,  268,  519,  442,  748,  307,  626,  278,  459,  473,   32,  353,  760,  237,  131,  598,  357,  408,  544,  694,  317,  200,  842,  245,  425,  707,  706,  572,  338,  547,  561,  381,  593,  684],
        [  592,    0,  286,   31,  233,  623,  267,  263,  824,  412,  579,  659,  415,  272,  912,  669,  386,  318,  652,  825,  406,  171,  369,  309,  293,  645,  372,  303,  539,  581,  394,  275,   53,  269,  514,  372,    0,  593,  549,  511,   82,  662,  334,  393,  764,  484,  680,  464,  360,  476,  530,  645,  579,  423,  333,  233,  221,  569,  141,  650,  361,  637,  574,  586,  839,  467,   28,  471,  391,  474,  171,  390,  659,  564,  549,  359,  231,  395,  669,  396,   88,  435,  489,  253,  276,  595,  759,  302,  549,  392,  571,  819,  419,  569,  681,  639,  467,  463,  582,  271,  614,  374,  290,  586,  529,  747,  396,  143,  418,  253,  780,  409,  213,  361,  346,  623,  293,  474,  307,  238,   76,  662,  419,  406,  110,  181,  705,  773,  577,  640,  286,  232,  574,  795,  342,  563,  659,  571,  244,  518,  660,   90,  403,  610,  570,  199,  710,  419,  421,  355,  364,  626,  593,  255,  590,  197,  423,  314],
        [  423,    0,  773,  616,  361,  864,  436,  632,  823,  860,  531, 1135,  849,  430,  934, 1012,  210,  584,  163,  912,  931,  736,  269,  835,  666, 1028,  843,  894,  843,  350,  879,  356,  611,  860,  197,  444,  593,    0,  892,  851,  530,  474,  887,  934,  952,  143, 1213,  783,  795,  845,  175, 1122,  563,  750,  505,  824,  476,  653,  634,  389,  952,  322,  829,  738,  944,  126,  587,  200,  800,  268,  547,  960, 1186,  780,   99,  892,  728,  209,  478,  986,  659,  434,  390,  788,  834,  833,  905,  778,  573,  893,  895,  881,  509,  650,  525,  466,  960, 1042,  786,  433,  390,  912,  809,  554,  341, 1255,  826,  549,  176,  488,  827,  223,  422,  365,  772,  836,  885,  935,  641,  822,  542,  974,  942,  193,  657,  623,  953,  780, 1131,  671,  684,  361,  903,  820,  457,  790, 1172,  326,  448, 1011,  745,  675,  930, 1110,  743,  556, 1245,  688,  222,  932,  743, 1013,  761,  570,  999,  725,  969,  819],
