{
    "name": "random-54-6823",
    "comment": "size=54 seed=6823",
    "nodes": ["+0", "-0", "+1", "-1", "+2", "-2", "+3", "-3", "+4", "-4", "+5", "-5", "+6", "-6", "+7", "-7", "+8", "-8", "+9", "-9", "+10", "-10", "+11", "-11", "+12", "-12", "+13", "-13", "+14", "-14", "+15", "-15", "+16", "-16", "+17", "-17", "+18", "-18", "+19", "-19", "+20", "-20", "+21", "-21", "+22", "-22", "+23", "-23", "+24", "-24", "+25", "-25", "+26", "-26", "+27", "-27", "+28", "-28", "+29", "-29", "+30", "-30", "+31", "-31", "+32", "-32", "+33", "-33", "+34", "-34", "+35", "-35", "+36", "-36", "+37", "-37", "+38", "-38", "+39", "-39", "+40", "-40", "+41", "-41", "+42", "-42", "+43", "-43", "+44", "-44", "+45", "-45", "+46", "-46", "+47", "-47", "+48", "-48", "+49", "-49", "+50", "-50", "+51", "-51", "+52", "-52", "+53", "-53", "+54", "-54"],
    "precedence": {
        "+0": "-0",
        "+1": "-1",
        "+2": "-2",
        "+3": "-3",
        "+4": "-4",
        "+5": "-5",
        "+6": "-6",
        "+7": "-7",
        "+8": "-8",
        "+9": "-9",
        "+10": "-10",
        "+11": "-11",
        "+12": "-12",
        "+13": "-13",
        "+14": "-14",
        "+15": "-15",
        "+16": "-16",
        "+17": "-17",
        "+18": "-18",
        "+19": "-19",
        "+20": "-20",
        "+21": "-21",
        "+22": "-22",
        "+23": "-23",
        "+24": "-24",
        "+25": "-25",
        "+26": "-26",
        "+27": "-27",
        "+28": "-28",
        "+29": "-29",
        "+30": "-30",
        "+31": "-31",
        "+32": "-32",
        "+33": "-33",
        "+34": "-34",
        "+35": "-35",
        "+36": "-36",
        "+37": "-37",
        "+38": "-38",
        "+39": "-39",
        "+40": "-40",
        "+41": "-41",
        "+42": "-42",
        "+43": "-43",
        "+44": "-44",
        "+45": "-45",
        "+46": "-46",
        "+47": "-47",
        "+48": "-48",
        "+49": "-49",
        "+50": "-50",
        "+51": "-51",
        "+52": "-52",
        "+53": "-53",
        "+54": "-54"
    },
    "edges": [
        [    0,    0,  498,  561,  271,  418,  100,  648,  425,  612,  641,  868,  673,  649,  248,  229,  210,  338,  473,  210,  600,  684,  313,  561,  149,  547,  237,  857,  698,  791,  872,  320,  122,  666,  152,   60,  670,  587,   85,  451,  453,  663,  505,  382,  445,  470,  717,  450,  529,  848,  619,  235,  584,  929,  163,  403,  520,  434,  476,  800,  680,  863,  616,  698,  451,  112,  402,  267,  515,  454,  620,  512,  146,  303,  709,  491,  351,  502,  738,  759,  121,  646,  573,  783,  156,  910,  353,  443,  866,  688,  454,  319,  756,  613,  829,  427,  800,  640,  825,  775,  937,  579,  580,  594,  294,  798,  542,  434,  309,  443],
        [    0,    0,    0,    0,    0,    0,    0,    0,    0,    0,    0,    0,    0,    0,    0,    0,    0,    0,    0,    0,    0,    0,    0,    0,    0,    0,    0,    0,    0,    0,    0,    0,    0,    0,    0,    0,    0,    0,    0,    0,    0,    0,    0,    0,    0,    0,    0,    0,    0,    0,    0,    0,    0,    0,    0,    0,    0,    0,    0,    0,    0,    0,    0,    0,    0,    0,    0,    0,    0,    0,    0,    0,    0,    0,    0,    0,    0,    0,    0,    0,    0,    0,    0,    0,    0,    0,    0,    0,    0,    0,    0,    0,    0,    0,    0,    0,    0,    0,    0,    0,    0,    0,    0,    0,    0,    0,    0,    0,    0,    0],
        [  498,    0,    0,  563,  319,  412,  597,  303,  564,  329,  169,  889,  205,  445,  458,  540,  325,  579,  827,  658,  678,  195,  306,  335,  360,  552,  311,  740,  814,  313,  832,  453,  379,  634,  617,  541,  628,  666,  581,  291,  725,  577,  291,  397,  791,  229,  808,  552,   40,  392,  887,  268,  572,  856,  643,  857,  680,  654,  319,  348,  425,  816,  657,  355,  562,  443,  241,  558,  812,  217,  235,  458,  360,  770,  511,  611,  578,  101,  296,  358,  440,  148, 1023,  448,  643,  887,  146,  645,  393,  277,  153,  786,  845,  602,  406,  680,  844,  468,  351,  839,  951,  607,  374,  155,  297,  813,  488,  444,  197,  624],
        [  561,    0,  563,    0,  348,  173,  627,  394,  165,  322,  557,  340,  563,  234,  314,  364,  601,  277,  468,  523,  125,  614,  687,  269,  558,   16,  617,  301,  258,  646,  316,  794,  501,  105,  537,  619,  110,  117,  587,  273,  326,  123,  284,  206,  439,  738,  247,  128,  600,  635,  415,  473,   24,  369,  704,  632,  191,  249,  246,  598,  296,  306,   95,  401,  133,  451,  703,  337,  394,  719,  437,  106,  553,  604,  245,  134,  261,  652,  549,  498,  628,  632,  742,  425,  690,  361,  514,  228,  683,  482,  667,  614,  282,   53,  564,  290,  285,  198,  655,  277,  408,   47,  240,  500,  346,  263,   81,  865,  467,  203],
        [  271,    0,  319,  348,    0,  179,  365,  383,  276,  342,  415,  685,  442,  382,  140,  224,  253,  265,  509,  363,  431,  468,  341,  291,  216,  334,  270,  620,  557,  559,  662,  447,  171,  448,  336,  330,  449,  417,  334,  180,  414,  424,  235,  143,  473,  420,  563,  279,  357,  601,  582,  126,  367,  709,  434,  553,  396,  350,  206,  553,  410,  651,  428,  430,  286,  170,  372,  240,  499,  401,  365,  269,  211,  475,  446,  337,  266,  373,  490,  498,  297,  448,  713,  513,  426,  709,  205,  344,  627,  433,  362,  490,  603,  400,  570,  369,  625,  378,  587,  610,  754,  381,  310,  360,   26,  609,  303,  518,  144,  328],
        [  418,    0,  412,  173,  179,    0,  498,  327,  163,  263,  443,  512,  458,  246,  187,  266,  431,  227,  476,  434,  271,  501,  515,  199,  393,  158,  447,  445,  405,  560,  484,  625,  340,  270,  430,  478,  270,  258,  460,  135,  347,  249,  175,   38,  442,  570,  404,  142,  451,  573,  490,  302,  190,  531,  573,  588,  271,  266,  126,  530,  292,  472,  259,  358,  153,  306,  533,  255,  433,  551,  344,   94,  387,  534,  298,  200,  218,  493,  471,  447,  468,  504,  727,  418,  561,  532,  346,  251,  613,  405,  502,  547,  442,  223,  520,  301,  455,  229,  578,  443,  580,  210,  196,  383,  174,  435,  127,  693,  296,  226],
        [  100,    0,  597,  627,  365,  498,    0,  745,  478,  706,  740,  916,  773,  736,  316,  271,  296,  378,  457,  180,  650,  783,  387,  653,  241,  613,  320,  927,  734,  891,  929,  360,  222,  731,  124,   63,  736,  637,   42,  544,  468,  735,  599,  463,  434,  551,  758,  508,  626,  948,  621,  335,  650,  990,   77,  344,  559,  467,  567,  900,  770,  922,  672,  794,  507,  197,  482,  306,  516,  537,  719,  589,  240,  243,  793,  541,  393,  595,  838,  857,  185,  744,  508,  877,   64,  963,  451,  479,  966,  786,  543,  257,  795,  678,  927,  450,  845,  724,  924,  818,  984,  639,  669,  694,  388,  849,  617,  480,  409,  484],
        [  648,    0,  303,  394,  383,  327,  745,    0,  482,   72,  198,  660,  189,  185,  484,  573,  550,  554,  803,  734,  518,  246,  576,  132,  552,  389,  549,  467,  646,  254,  582,  721,  534,  421,  714,  705,  411,  510,  716,  214,  670,  348,  159,  342,  768,  531,  627,  452,  323,  248,  797,  434,  390,  590,  811,  906,  568,  588,  205,  208,  140,  564,  481,   55,  463,  552,  534,  571,  753,  518,   72,  303,  549,  842,  236,  498,  544,  402,  155,  121,  642,  287, 1051,  150,  804,  639,  370,  570,  293,   90,  454,  856,  657,  411,  195,  625,  632,  221,  262,  638,  714,  438,  154,  162,  358,  591,  315,  736,  371,  544],
        [  425,    0,  564,  165,  276,  163,  478,  482,    0,  414,  605,  444,  620,  363,  184,  208,  510,  113,  326,  360,  176,  663,  610,  351,  455,  154,  531,  462,  287,  721,  452,  695,  391,  260,  379,  479,  268,  162,  437,  298,  189,  286,  336,  169,  293,  695,  299,   39,  603,  730,  328,  398,  188,  513,  555,  470,  120,  106,  288,  688,  420,  445,  194,  505,   33,  323,  648,  177,  272,  676,  505,  190,  450,  440,  393,   67,   96,  636,  630,  599,  510,  665,  590,  552,  539,  486,  475,   89,  772,  563,  635,  449,  338,  209,  670,  145,  376,  334,  738,  353,  513,  165,  337,  545,  286,  373,  197,  782,  417,   64],
        [  612,    0,  329,  322,  342,  263,  706,   72,  414,    0,  255,  597,  251,  124,  429,  517,  535,  490,  736,  681,  447,  307,  575,   64,  529,  317,  538,  417,  575,  325,  524,  716,  503,  354,  666,  670,  344,  439,  675,  164,  602,  281,  108,  281,  702,  551,  557,  382,  355,  318,  726,  411,  319,  538,  775,  847,  497,  519,  147,  279,   97,  507,  410,   95,  393,  510,  545,  512,  684,  536,  125,  232,  525,  787,  185,  427,  480,  429,  227,  186,  618,  340,  989,  171,  767,  580,  367,  501,  364,  161,  473,  801,  588,  340,  258,  557,  566,  156,  333,  571,  653,  367,   82,  207,  319,  526,  244,  743,  356,  475],
        [  641,    0,  169,  557,  415,  443,  740,  198,  605,  255,    0,  850,   37,  378,  547,  636,  486,  649,  904,  776,  681,   59,  474,  292,  512,  549,  475,  665,  814,  152,  777,  621,  519,  604,  743,  688,  595,  671,  720,  308,  785,  534,  277,  441,  868,  382,  801,  583,  166,  224,  932,  406,  559,  788,  793,  967,  709,  707,  322,  180,  337,  760,  650,  236,  594,  568,  405,  645,  872,  373,  130,  455,  511,  888,  433,  638,  644,  247,  131,  206,  597,   89, 1127,  317,  792,  834,  298,  693,  229,  133,  312,  904,  834,  585,  243,  739,  817,  410,  187,  820,  907,  603,  327,   61,  390,  779,  477,  607,  332,  668],
        [  868,    0,  889,  340,  685,  512,  916,  660,  444,  597,  850,    0,  847,  475,  626,  646,  936,  539,  599,  774,  269,  903, 1025,  564,  889,  354,  954,  247,  204,  904,  108, 1128,  827,  255,  806,  921,  261,  282,  875,  602,  488,  317,  599,  544,  588, 1075,  169,  422,  923,  863,  443,  811,  325,  167,  991,  810,  361,  456,  572,  839,  526,  124,  259,  644,  419,  765, 1042,  611,  501, 1057,  721,  438,  883,  822,  433,  378,  523,  982,  805,  731,  951,  934,  859,  619,  975,   80,  853,  441,  918,  746, 1003,  826,  143,  292,  779,  484,   73,  441,  900,  105,   70,  305,  527,  800,  684,   78,  405, 1203,  806,  433],
        [  673,    0,  205,  563,  442,  458,  773,  189,  620,  251,   37,  847,    0,  372,  571,  660,  521,  669,  924,  804,  687,   58,  510,  295,  546,  556,  511,  654,  819,  119,  770,  657,  551,  604,  772,  721,  594,  678,  752,  324,  803,  532,  288,  459,  888,  416,  804,  596,  201,  188,  946,  439,  563,  778,  827,  993,  721,  723,  334,  144,  327,  753,  655,  219,  608,  598,  441,  669,  889,  408,  128,  463,  545,  916,  424,  649,  664,  281,   97,  177,  632,  111, 1151,  294,  825,  827,  333,  708,  195,  112,  347,  931,  836,  587,  209,  756,  817,  406,  153,  821,  901,  609,  328,   83,  416,  777,  482,  642,  365,  683],
        [  649,    0,  445,  234,  382,  246,  736,  185,  363,  124,  378,  475,  372,    0,  432,  511,  609,  459,  687,  680,  352,  429,  664,  115,  590,  234,  616,  296,  472,  433,  400,  798,  552,  240,  675,  708,  229,  347,  700,  212,  546,  164,  173,  277,  655,  660,  449,  327,  473,  408,  649,  478,  224,  415,  809,  825,  423,  465,  180,  376,   62,  383,  310,  176,  337,  540,  647,  498,  622,  644,  248,  175,  586,  778,   70,  358,  446,  545,  334,  271,  676,  463,  953,  192,  799,  457,  460,  445,  459,  272,  583,  790,  477,  238,  333,  506,  449,   38,  435,  456,  530,  274,   79,  331,  365,  407,  169,  838,  436,  418],
        [  248,    0,  458,  314,  140,  187,  316,  484,  184,  429,  547,  626,  571,  432,    0,   91,  333,  132,  370,  252,  359,  602,  437,  369,  274,  300,  356,  612,  468,  685,  625,  513,  208,  419,  244,  305,  423,  345,  277,  271,  281,  420,  325,  156,  334,  544,  483,  205,  497,  718,  452,  237,  337,  682,  393,  426,  294,  227,  283,  671,  475,  616,  371,  523,  207,  140,  489,  100,  364,  524,  480,  275,  268,  359,  484,  251,  138,  510,  609,  604,  326,  586,  580,  595,  379,  664,  339,  227,  750,  547,  493,  373,  522,  366,  677,  239,  559,  416,  710,  537,  695,  332,  375,  490,  162,  553,  302,  604,  278,  217],
        [  229,    0,  540,  364,  224,  266,  271,  573,  208,  517,  636,  646,  660,  511,   91,    0,  369,  110,  296,  169,  380,  690,  478,  455,  303,  350,  395,  664,  470,  775,  659,  531,  236,  465,  174,  277,  472,  366,  230,  360,  234,  479,  414,  239,  261,  602,  491,  240,  577,  808,  406,  298,  387,  721,  347,  336,  292,  206,  370,  761,  557,  653,  402,  611,  238,  149,  543,   38,  308,  584,  570,  345,  298,  271,  559,  270,  124,  583,  699,  693,  333,  671,  492,  680,  332,  693,  412,  214,  840,  637,  559,  285,  529,  412,  766,  201,  576,  491,  800,  550,  714,  371,  459,  578,  248,  578,  368,  633,  351,  216],
        [  210,    0,  325,  601,  253,  431,  296,  550,  510,  535,  486,  936,  521,  609,  333,  369,    0,  460,  654,  413,  677,  519,  111,  501,   69,  586,   28,  868,  796,  635,  915,  195,  133,  701,  358,  234,  701,  662,  294,  397,  601,  674,  440,  396,  621,  260,  806,  521,  347,  707,  774,  133,  619,  961,  327,  611,  625,  558,  430,  660,  621,  903,  678,  604,  526,  223,  192,  403,  677,  244,  503,  520,   74,  512,  677,  575,  468,  304,  602,  643,  119,  470,  781,  697,  331,  962,  190,  559,  714,  564,  249,  528,  846,  653,  705,  564,  874,  613,  672,  857, 1005,  632,  531,  452,  260,  860,  554,  273,  180,  549],
        [  338,    0,  579,  277,  265,  227,  378,  554,  113,  490,  649,  539,  669,  459,  132,  110,  460,    0,  256,  249,  274,  706,  566,  426,  398,  265,  484,  574,  361,  778,  557,  632,  330,  372,  271,  386,  380,  261,  337,  350,  150,  397,  398,  214,  220,  675,  382,  150,  618,  798,  320,  368,  300,  621,  453,  367,  183,  100,  350,  754,  512,  551,  300,  584,  145,  248,  620,   73,  235,  656,  565,  285,  392,  329,  496,  167,   17,  638,  694,  673,  437,  697,  500,  641,  437,  588,  468,  105,  836,  628,  624,  339,  420,  321,  747,  107,  468,  433,  799,  442,  607,  276,  421,  590,  283,  472,  300,  729,  406,  107],
        [  473,    0,  827,  468,  509,  476,  457,  803,  326,  736,  904,  599,  924,  687,  370,  296,  654,  256,    0,  278,  397,  961,  764,  673,  586,  462,  681,  723,  395, 1033,  659,  792,  523,  534,  335,  497,  546,  391,  424,  604,  143,  586,  650,  468,   37,  896,  433,  361,  866, 1049,  186,  593,  487,  730,  512,  217,  287,  223,  602, 1006,  745,  660,  441,  829,  351,  433,  835,  271,   98,  878,  818,  515,  581,  260,  711,  335,  262,  877,  947,  921,  592,  951,  277,  877,  494,  669,  706,  243, 1089,  880,  854,  257,  457,  494,  994,  182,  529,  656, 1053,  495,  655,  444,  662,  845,  531,  557,  519,  905,  644,  270],
        [  210,    0,  658,  523,  363,  434,  180,  734,  360,  681,  776,  774,  804,  680,  252,  169,  413,  249,  278,    0,  517,  826,  519,  621,  346,  511,  440,  822,  581,  921,  802,  525,  294,  620,   60,  223,  628,  505,  148,  521,  301,  642,  576,  406,  255,  670,  609,  396,  693,  962,  445,  394,  546,  868,  239,  202,  414,  318,  534,  915,  725,  797,  547,  775,  392,  216,  603,  188,  340,  653,  724,  513,  342,  113,  727,  413,  265,  682,  852,  853,  330,  799,  372,  846,  221,  829,  518,  334,  990,  792,  644,  129,  644,  569,  926,  293,  702,  660,  949,  672,  839,  524,  626,  722,  389,  712,  535,  641,  462,  347],
        [  600,    0,  678,  125,  431,  271,  650,  518,  176,  447,  681,  269,  687,  352,  359,  380,  677,  274,  397,  517,    0,  738,  771,  394,  626,  132,  696,  328,  136,  771,  285,  865,  562,  143,  544,  653,  156,   15,  609,  389,  260,  208,  406,  297,  374,  840,  134,  157,  716,  757,  307,  557,  129,  352,  726,  587,  113,  204,  366,  722,  414,  282,   48,  523,  153,  498,  799,  345,  309,  820,  562,  227,  620,  579,  350,  110,  258,  763,  673,  620,  684,  754,  673,  540,  710,  314,  616,  185,  806,  607,  772,  586,  173,  117,  684,  240,  201,  315,  778,  181,  338,   80,  365,  623,  434,  199,  206,  947,  563,  171],
        [  684,    0,  195,  614,  468,  501,  783,  246,  663,  307,   59,  903,   58,  429,  602,  690,  519,  706,  961,  826,  738,    0,  496,  348,  551,  606,  506,  712,  871,  121,  827,  640,  563,  659,  791,  730,  649,  728,  765,  366,  843,  588,  335,  499,  925,  386,  857,  641,  180,  209,  991,  450,  615,  835,  833, 1020,  768,  765,  380,  173,  385,  810,  707,  277,  652,  616,  419,  701,  930,  380,  182,  513,  550,  939,  481,  696,  701,  254,  142,  228,  633,   66, 1180,  349,  833,  884,  335,  751,  201,  169,  323,  954,  890,  641,  249,  797,  872,  462,  161,  875,  958,  660,  382,  119,  443,  833,  534,  616,  376,  726],
        [  313,    0,  306,  687,  341,  515,  387,  576,  610,  575,  474, 1025,  510,  664,  437,  478,  111,  566,  764,  519,  771,  496,    0,  552,  179,  672,   84,  938,  895,  616,  997,  148,  243,  783,  463,  325,  782,  757,  392,  457,  709,  749,  492,  482,  732,  168,  903,  617,  316,  697,  882,  215,  704, 1038,  405,  715,  727,  664,  491,  653,  667,  984,  769,  630,  623,  333,  100,  512,  786,  157,  519,  598,  184,  615,  734,  673,  574,  252,  600,  654,  203,  439,  885,  726,  412, 1045,  209,  663,  696,  573,  185,  631,  942,  737,  709,  672,  966,  673,  655,  950, 1093,  721,  585,  453,  341,  948,  633,  179,  230,  652],
        [  561,    0,  335,  269,  291,  199,  653,  132,  351,   64,  292,  564,  295,  115,  369,  455,  501,  426,  673,  621,  394,  348,  552,    0,  488,  263,  507,  407,  525,  380,  500,  688,  456,  314,  608,  620,  305,  385,  621,  112,  539,  248,   62,  218,  638,  547,  510,  320,  366,  380,  666,  373,  269,  522,  724,  784,  438,  456,   88,  339,  121,  483,  360,  159,  331,  457,  532,  450,  622,  530,  169,  173,  484,  726,  184,  367,  416,  433,  284,  249,  576,  371,  925,  227,  715,  556,  346,  439,  424,  217,  469,  739,  543,  294,  322,  494,  527,  134,  391,  529,  624,  315,   39,  237,  270,  491,  189,  725,  326,  412],
        [  149,    0,  360,  558,  216,  393,  241,  552,  455,  529,  512,  889,  546,  590,  274,  303,   69,  398,  586,  346,  626,  551,  179,  488,    0,  543,   96,  835,  741,  663,  874,  240,   68,  660,  292,  182,  662,  611,  233,  379,  536,  640,  428,  356,  554,  325,  754,  470,  387,  728,  709,  118,  578,  923,  284,  545,  567,  496,  410,  681,  609,  863,  631,  605,  474,  156,  258,  338,  610,  308,  512,  485,    6,  448,  656,  521,  407,  355,  620,  653,   91,  507,  716,  696,  284,  918,  216,  499,  741,  577,  306,  464,  793,  611,  719,  501,  825,  590,  699,  806,  958,  586,  514,  472,  229,  814,  519,  332,  186,  491],
        [  547,    0,  552,   16,  334,  158,  613,  389,  154,  317,  549,  354,  556,  234,  300,  350,  586,  265,  462,  511,  132,  606,  672,  263,  543,    0,  603,  315,  267,  641,  331,  779,  486,  120,  523,  604,  124,  123,  573,  261,  320,  133,  275,  191,  433,  725,  257,  116,  589,  632,  415,  458,   38,  384,  690,  623,  189,  242,  236,  595,  296,  321,  106,  399,  122,  437,  689,  324,  391,  706,  431,   96,  538,  593,  249,  128,  250,  640,  544,  495,  613,  623,  735,  426,  676,  376,  501,  221,  680,  477,  654,  603,  294,   68,  562,  283,  299,  199,  650,  290,  422,   56,  236,  491,  331,  277,   75,  850,  453,  195],
        [  237,    0,  311,  617,  270,  447,  320,  549,  531,  538,  475,  954,  511,  616,  356,  395,   28,  484,  681,  440,  696,  506,   84,  507,   96,  603,    0,  880,  817,  623,  931,  183,  159,  716,  385,  258,  716,  682,  319,  405,  626,  687,  446,  412,  648,  234,  827,  541,  331,  697,  799,  146,  636,  975,  348,  638,  647,  582,  439,  651,  626,  918,  696,  603,  547,  249,  165,  428,  702,  218,  499,  534,  101,  539,  685,  596,  492,  284,  594,  639,  140,  455,  808,  698,  353,  978,  184,  582,  703,  559,  226,  555,  866,  669,  699,  589,  893,  622,  661,  876, 1023,  650,  538,  444,  274,  878,  569,  251,  182,  572],
        [  857,    0,  740,  301,  620,  445,  927,  467,  462,  417,  665,  247,  654,  296,  612,  664,  868,  574,  723,  822,  328,  712,  938,  407,  835,  315,  880,    0,  367,  691,  142, 1062,  784,  202,  837,  915,  194,  335,  887,  483,  587,  196,  458,  482,  701,  951,  328,  426,  769,  637,  610,  735,  278,  125, 1004,  912,  439,  525,  449,  620,  328,  125,  286,  438,  430,  746,  932,  637,  633,  934,  536,  352,  830,  897,  233,  414,  557,  839,  595,  514,  913,  753,  999,  393,  990,  194,  742,  505,  694,  545,  874,  905,  331,  253,  552,  563,  265,  274,  681,  293,  276,  299,  368,  623,  609,  215,  318, 1116,  708,  485],
        [  698,    0,  814,  258,  557,  405,  734,  646,  287,  575,  814,  204,  819,  472,  468,  470,  796,  361,  395,  581,  136,  871,  895,  525,  741,  267,  817,  367,    0,  899,  271,  980,  676,  237,  618,  746,  250,  148,  693,  525,  287,  314,  541,  428,  384,  971,   40,  279,  851,  879,  249,  682,  257,  343,  807,  606,  178,  268,  501,  846,  532,  276,  165,  646,  272,  603,  928,  433,  298,  952,  693,  362,  735,  621,  457,  222,  347,  897,  800,  742,  792,  889,  659,  652,  790,  275,  748,  257,  930,  735,  905,  625,   64,  236,  803,  289,  135,  434,  904,  100,  264,  212,  494,  757,  563,  168,  338, 1068,  693,  256],
        [  791,    0,  313,  646,  559,  560,  891,  254,  721,  325,  152,  904,  119,  433,  685,  775,  635,  778, 1033,  921,  771,  121,  616,  380,  663,  641,  623,  691,  899,    0,  818,  761,  670,  673,  890,  840,  662,  763,  870,  429,  907,  597,  386,  565,  997,  504,  880,  695,  300,   97, 1043,  557,  643,  815,  945, 1109,  816,  826,  434,   78,  379,  800,  734,  261,  706,  716,  539,  782,  992,  499,  217,  552,  663, 1033,  472,  744,  771,  374,  100,  178,  748,  183, 1265,  303,  943,  875,  448,  810,   80,  165,  443, 1048,  909,  664,  163,  861,  881,  470,   41,  889,  953,  691,  406,  200,  533,  838,  567,  735,  483,  784],
        [  872,    0,  832,  316,  662,  484,  929,  582,  452,  524,  777,  108,  770,  400,  625,  659,  915,  557,  659,  802,  285,  827,  997,  500,  874,  331,  931,  142,  271,  818,    0, 1109,  816,  215,  827,  927,  216,  297,  888,  555,  535,  257,  542,  520,  643, 1031,  231,  423,  864,  771,  520,  785,  297,   73, 1006,  862,  393,  488,  522,  750,  444,   18,  258,  560,  423,  764, 1004,  627,  563, 1013,  647,  399,  868,  862,  348,  391,  541,  929,  720,  642,  943,  863,  928,  526,  990,   58,  812,  470,  827,  665,  956,  868,  221,  264,  686,  521,  145,  370,  811,  179,  137,  293,  461,  730,  657,  104,  365, 1176,  771,  456],
        [  320,    0,  453,  794,  447,  625,  360,  721,  695,  716,  621, 1128,  657,  798,  513,  531,  195,  632,  792,  525,  865,  640,  148,  688,  240,  779,  183, 1062,  980,  761, 1109,    0,  305,  895,  465,  305,  895,  851,  380,  588,  763,  869,  627,  590,  764,  281,  993,  709,  461,  843,  933,  327,  813, 1156,  348,  703,  806,  731,  621,  800,  805, 1097,  869,  775,  714,  384,  227,  568,  831,  277,  665,  714,  246,  602,  867,  761,  642,  391,  747,  801,  201,  581,  867,  870,  361, 1155,  352,  735,  840,  720,  322,  616, 1033,  846,  856,  731, 1064,  804,  800, 1045, 1197,  824,  719,  600,  454, 1052,  749,  122,  363,  729],
        [  122,    0,  379,  501,  171,  340,  222,  534,  391,  503,  519,  827,  551,  552,  208,  236,  133,  330,  523,  294,  562,  563,  243,  456,   68,  486,  159,  784,  676,  670,  816,  305,    0,  604,  245,  173,  606,  548,  203,  346,  469,  589,  398,  303,  490,  379,  689,  407,  411,  728,  642,  114,  521,  868,  279,  496,  501,  429,  374,  680,  577,  806,  569,  585,  411,   91,  315,  271,  544,  362,  502,  433,   62,  401,  616,  457,  340,  391,  618,  642,  129,  526,  666,  673,  275,  859,  234,  432,  745,  569,  350,  417,  729,  553,  710,  433,  762,  548,  703,  742,  897,  526,  479,  473,  188,  753,  467,  400,  188,  424],
        [  666,    0,  634,  105,  448,  270,  731,  421,  260,  354,  604,  255,  604,  240,  419,  465,  701,  372,  534,  620,  143,  659,  783,  314,  660,  120,  716,  202,  237,  673,  215,  895,  604,    0,  637,  723,   14,  145,  690,  348,  394,   78,  345,  306,  509,  823,  211,  226,  669,  646,  447,  571,   84,  265,  808,  714,  248,  327,  317,  616,  299,  203,   96,  415,  229,  556,  793,  436,  450,  805,  477,  187,  655,  696,  220,  213,  356,  728,  573,  509,  732,  685,  811,  415,  793,  263,  602,  306,  699,  510,  750,  704,  237,   53,  568,  366,  214,  203,  675,  218,  319,   98,  278,  551,  443,  179,  152,  962,  558,  285],
        [  152,    0,  617,  537,  336,  430,  124,  714,  379,  666,  743,  806,  772,  675,  244,  174,  358,  271,  335,   60,  544,  791,  463,  608,  292,  523,  385,  837,  618,  890,  827,  465,  245,  637,    0,  163,  644,  531,   90,  503,  346,  652,  559,  399,  311,  617,  644,  412,  651,  936,  497,  351,  560,  891,  191,  254,  446,  352,  520,  888,  717,  821,  570,  758,  409,  176,  549,  202,  392,  600,  700,  515,  289,  157,  727,  437,  287,  635,  825,  832,  271,  761,  424,  834,  173,  858,  474,  366,  961,  768,  594,  173,  680,  585,  904,  331,  734,  659,  920,  706,  873,  543,  617,  691,  362,  742,  540,  582,  421,  374],
        [   60,    0,  541,  619,  330,  478,   63,  705,  479,  670,  688,  921,  721,  708,  305,  277,  234,  386,  497,  223,  653,  730,  325,  620,  182,  604,  258,  915,  746,  840,  927,  305,  173,  723,  163,    0,  728,  640,   76,  509,  492,  721,  563,  441,  471,  489,  767,  505,  569,  899,  653,  283,  641,  986,  107,  401,  569,  481,  535,  852,  739,  919,  671,  754,  506,  172,  420,  314,  548,  475,  674,  571,  182,  299,  769,  544,  401,  535,  790,  814,  123,  688,  567,  841,  104,  964,  396,  490,  916,  741,  482,  314,  805,  670,  883,  469,  852,  700,  874,  827,  990,  635,  639,  644,  352,  851,  601,  424,  357,  492],
        [  670,    0,  628,  110,  449,  270,  736,  411,  268,  344,  595,  261,  594,  229,  423,  472,  701,  380,  546,  628,  156,  649,  782,  305,  662,  124,  716,  194,  250,  662,  216,  895,  606,   14,  644,  728,    0,  158,  696,  344,  406,   66,  339,  306,  521,  819,  224,  233,  663,  634,  461,  571,   87,  262,  813,  725,  260,  337,  312,  604,  287,  203,  108,  404,  237,  560,  790,  444,  462,  801,  467,  184,  656,  705,  207,  223,  364,  722,  562,  498,  734,  676,  823,  403,  799,  266,  599,  316,  687,  500,  746,  713,  249,   60,  556,  377,  223,  192,  663,  228,  324,  107,  269,  542,  443,  186,  150,  960,  556,  295],
        [  587,    0,  666,  117,  417,  258,  637,  510,  162,  439,  671,  282,  678,  347,  345,  366,  662,  261,  391,  505,   15,  728,  757,  385,  611,  123,  682,  335,  148,  763,  297,  851,  548,  145,  531,  640,  158,    0,  596,  377,  253,  207,  395,  283,  368,  826,  147,  142,  704,  750,  308,  543,  123,  363,  713,  578,  105,  194,  355,  715,  409,  293,   50,  517,  138,  484,  785,  332,  306,  807,  553,  216,  606,  569,  347,   97,  246,  750,  665,  613,  670,  743,  668,  536,  697,  327,  602,  175,  799,  598,  759,  576,  187,  114,  679,  231,  215,  310,  771,  195,  351,   73,  357,  613,  420,  212,  197,  933,  549,  159],
        [   85,    0,  581,  587,  334,  460,   42,  716,  437,  675,  720,  875,  752,  700,  277,  230,  294,  337,  424,  148,  609,  765,  392,  621,  233,  573,  319,  887,  693,  870,  888,  380,  203,  690,   90,   76,  696,  596,    0,  512,  429,  696,  567,  426,  400,  552,  717,  467,  612,  924,  585,  316,  610,  949,  118,  327,  518,  426,  533,  876,  736,  881,  631,  763,  466,  165,  484,  264,  480,  537,  693,  551,  231,  226,  757,  500,  352,  587,  814,  830,  192,  728,  495,  845,  103,  922,  436,  438,  944,  760,  539,  241,  754,  637,  900,  410,  804,  688,  903,  777,  943,  599,  635,  672,  358,  808,  579,  499,  390,  443],
        [  451,    0,  291,  273,  180,  135,  544,  214,  298,  164,  308,  602,  324,  212,  271,  360,  397,  350,  604,  521,  389,  366,  457,  112,  379,  261,  405,  483,  525,  429,  555,  588,  346,  348,  503,  509,  344,  377,  512,    0,  480,  300,   56,  137,  568,  477,  518,  276,  328,  451,  625,  266,  282,  588,  613,  694,  404,  400,   35,  406,  232,  540,  367,  255,  287,  347,  452,  360,  566,  459,  216,  168,  375,  629,  280,  332,  343,  381,  345,  333,  467,  371,  843,  334,  605,  608,  260,  385,  487,  280,  403,  643,  554,  313,  407,  433,  555,  217,  450,  549,  667,  317,  135,  248,  159,  526,  199,  634,  228,  361],
        [  453,    0,  725,  326,  414,  347,  468,  670,  189,  602,  785,  488,  803,  546,  281,  234,  601,  150,  143,  301,  260,  843,  709,  539,  536,  320,  626,  587,  287,  907,  535,  763,  469,  394,  346,  492,  406,  253,  429,  480,    0,  444,  521,  345,  116,  824,  320,  222,  765,  918,  173,  516,  344,  605,  536,  329,  148,   83,  473,  876,  605,  534,  303,  694,  211,  382,  767,  198,   88,  804,  691,  376,  530,  334,  569,  192,  148,  786,  818,  787,  564,  839,  418,  737,  518,  552,  617,  102,  959,  750,  773,  338,  351,  353,  859,   47,  416,  515,  924,  384,  550,  303,  525,  725,  431,  436,  378,  867,  556,  129],
        [  663,    0,  577,  123,  424,  249,  735,  348,  286,  281,  534,  317,  532,  164,  420,  479,  674,  397,  586,  642,  208,  588,  749,  248,  640,  133,  687,  196,  314,  597,  257,  869,  589,   78,  652,  721,   66,  207,  696,  300,  444,    0,  287,  286,  558,  775,  288,  248,  610,  569,  515,  542,  101,  290,  812,  754,  302,  369,  266,  539,  222,  241,  162,  339,  255,  551,  750,  455,  507,  758,  406,  156,  635,  726,  144,  254,  382,  673,  498,  433,  717,  617,  861,  339,  799,  311,  558,  348,  622,  436,  700,  735,  314,   94,  491,  411,  286,  128,  599,  292,  377,  143,  210,  483,  415,  245,  123,  927,  520,  324],
        [  505,    0,  291,  284,  235,  175,  599,  159,  336,  108,  277,  599,  288,  173,  325,  414,  440,  398,  650,  576,  406,  335,  492,   62,  428,  275,  446,  458,  541,  386,  542,  627,  398,  345,  559,  563,  339,  395,  567,   56,  521,  287,    0,  184,  615,  494,  530,  310,  324,  401,  660,  312,  288,  570,  668,  747,  434,  440,   49,  357,  182,  527,  378,  199,  321,  403,  476,  413,  607,  477,  170,  180,  424,  684,  242,  362,  389,  387,  297,  280,  516,  349,  894,  279,  660,  597,  288,  424,  440,  231,  417,  698,  564,  317,  353,  475,  557,  186,  404,  555,  661,  330,   94,  218,  212,  524,  204,  666,  265,  399],
        [  382,    0,  397,  206,  143,   38,  463,  342,  169,  281,  441,  544,  459,  277,  156,  239,  396,  214,  468,  406,  297,  499,  482,  218,  356,  191,  412,  482,  428,  565,  520,  590,  303,  306,  399,  441,  306,  283,  426,  137,  345,  286,  184,    0,  432,  544,  430,  156,  436,  585,  496,  268,  224,  568,  537,  567,  284,  266,  137,  540,  320,  508,  289,  376,  166,  270,  504,  232,  431,  524,  351,  132,  351,  509,  332,  215,  207,  473,  480,  462,  431,  498,  710,  442,  526,  566,  320,  253,  622,  414,  478,  522,  469,  257,  535,  298,  485,  263,  586,  472,  612,  240,  221,  381,  141,  467,  164,  660,  267,  230],
        [  445,    0,  791,  439,  473,  442,  434,  768,  293,  702,  868,  588,  888,  655,  334,  261,  621,  220,   37,  255,  374,  925,  732,  638,  554,  433,  648,  701,  384,  997,  643,  764,  490,  509,  311,  471,  521,  368,  400,  568,  116,  558,  615,  432,    0,  862,  420,  329,  830, 1014,  194,  558,  459,  714,  493,  223,  263,  192,  566,  971,  713,  643,  417,  795,  319,  400,  801,  236,   95,  843,  783,  482,  549,  252,  681,  306,  226,  842,  911,  887,  563,  914,  303,  844,  474,  656,  670,  213, 1053,  845,  819,  251,  447,  468,  959,  151,  517,  625, 1017,  483,  646,  418,  628,  809,  494,  542,  488,  875,  609,  239],
        [  470,    0,  229,  738,  420,  570,  551,  531,  695,  551,  382, 1075,  416,  660,  544,  602,  260,  675,  896,  670,  840,  386,  168,  547,  325,  725,  234,  951,  971,  504, 1031,  281,  379,  823,  617,  489,  819,  826,  552,  477,  824,  775,  494,  544,  862,    0,  973,  694,  218,  595,  995,  308,  751, 1063,  572,  870,  815,  767,  510,  556,  648, 1016,  828,  583,  703,  467,   70,  632,  906,   20,  464,  638,  329,  772,  729,  754,  680,  136,  512,  582,  368,  322, 1040,  677,  579, 1084,  225,  763,  582,  503,   79,  788, 1011,  784,  624,  782, 1023,  678,  544, 1013, 1141,  778,  585,  381,  410,  998,  672,  232,  279,  747],
        [  717,    0,  808,  247,  563,  404,  758,  627,  299,  557,  801,  169,  804,  449,  483,  491,  806,  382,  433,  609,  134,  857,  903,  510,  754,  257,  827,  328,   40,  880,  231,  993,  689,  211,  644,  767,  224,  147,  717,  518,  320,  288,  530,  430,  420,  973,    0,  286,  845,  856,  289,  689,  243,  303,  832,  642,  199,  293,  492,  825,  509,  236,  152,  625,  281,  619,  932,  454,  336,  954,  677,  352,  748,  654,  430,  233,  367,  894,  781,  719,  808,  877,  698,  625,  815,  237,  749,  280,  908,  716,  905,  658,   40,  217,  779,  317,   97,  412,  884,   64,  231,  201,  477,  745,  567,  128,  326, 1078,  696,  276],
        [  450,    0,  552,  128,  279,  142,  508,  452,   39,  382,  583,  422,  596,  327,  205,  240,  521,  150,  361,  396,  157,  641,  617,  320,  470,  116,  541,  426,  279,  695,  423,  709,  407,  226,  412,  505,  233,  142,  467,  276,  222,  248,  310,  156,  329,  694,  286,    0,  591,  699,  350,  403,  150,  483,  585,  509,  129,  139,  263,  658,  385,  415,  167,  473,   12,  344,  650,  211,  302,  675,  479,  155,  464,  478,  355,   60,  134,  628,  602,  567,  529,  646,  628,  516,  570,  460,  472,  120,  743,  535,  631,  487,  326,  173,  638,  179,  356,  297,  710,  337,  491,  132,  304,  523,  285,  349,  160,  792,  416,   93],
        [  529,    0,   40,  600,  357,  451,  626,  323,  603,  355,  166,  923,  201,  473,  497,  577,  347,  618,  866,  693,  716,  180,  316,  366,  387,  589,  331,  769,  851,  300,  864,  461,  411,  669,  651,  569,  663,  704,  612,  328,  765,  610,  324,  436,  830,  218,  845,  591,    0,  385,  927,  301,  608,  887,  669,  893,  719,  694,  355,  343,  450,  848,  694,  372,  601,  478,  241,  596,  852,  208,  252,  495,  388,  805,  539,  650,  617,   83,  296,  365,  464,  125, 1059,  463,  670,  920,  178,  684,  380,  286,  147,  821,  882,  638,  408,  719,  879,  498,  340,  875,  985,  644,  404,  166,  336,  848,  524,  442,  232,  663],
        [  848,    0,  392,  635,  601,  573,  948,  248,  730,  318,  224,  863,  188,  408,  718,  808,  707,  798, 1049,  962,  757,  209,  697,  380,  728,  632,  697,  637,  879,   97,  771,  843,  728,  646,  936,  899,  634,  750,  924,  451,  918,  569,  401,  585, 1014,  595,  856,  699,  385,    0, 1043,  617,  628,  761, 1006, 1143,  814,  835,  449,   48,  348,  753,  717,  234,  711,  765,  625,  810, 1001,  588,  238,  550,  727, 1073,  433,  744,  790,  462,  111,  138,  815,  274, 1293,  246, 1002,  827,  517,  818,   57,  172,  530, 1088,  882,  645,   86,  873,  847,  446,   61,  859,  907,  678,  399,  257,  575,  802,  559,  824,  544,  791],
        [  619,    0,  887,  415,  582,  490,  621,  797,  328,  726,  932,  443,  946,  649,  452,  406,  774,  320,  186,  445,  307,  991,  882,  666,  709,  415,  799,  610,  249, 1043,  520,  933,  642,  447,  497,  653,  461,  308,  585,  625,  173,  515,  660,  496,  194,  995,  289,  350,  927, 1043,    0,  688,  427,  592,  684,  399,  229,  234,  613, 1004,  710,  525,  354,  812,  339,  554,  940,  371,  106,  976,  828,  494,  703,  444,  654,  300,  317,  953,  950,  908,  733,  992,  419,  840,  665,  519,  786,  243, 1089,  882,  943,  442,  303,  422,  976,  214,  379,  613, 1057,  344,  492,  378,  645,  872,  597,  416,  486, 1038,  725,  266],
        [  235,    0,  268,  473,  126,  302,  335,  434,  398,  411,  406,  811,  439,  478,  237,  298,  133,  368,  593,  394,  557,  450,  215,  373,  118,  458,  146,  735,  682,  557,  785,  327,  114,  571,  351,  283,  571,  543,  316,  266,  516,  542,  312,  268,  558,  308,  689,  403,  301,  617,  688,    0,  491,  830,  389,  595,  517,  461,  298,  569,  493,  773,  554,  487,  410,  179,  253,  325,  599,  289,  396,  389,  116,  505,  546,  460,  373,  291,  508,  537,  209,  413,  763,  578,  387,  833,  124,  458,  633,  461,  262,  521,  728,  524,  603,  475,  751,  481,  591,  736,  879,  507,  401,  361,  129,  734,  423,  393,   75,  445],
        [  584,    0,  572,   24,  367,  190,  650,  390,  188,  319,  559,  325,  563,  224,  337,  387,  619,  300,  487,  546,  129,  615,  704,  269,  578,   38,  636,  278,  257,  643,  297,  813,  521,   84,  560,  641,   87,  123,  610,  282,  344,  101,  288,  224,  459,  751,  243,  150,  608,  628,  427,  491,    0,  348,  727,  653,  206,  269,  253,  593,  286,  285,   92,  395,  156,  473,  718,  360,  411,  732,  437,  114,  572,  627,  229,  153,  284,  662,  545,  491,  649,  635,  761,  414,  713,  343,  528,  248,  678,  479,  680,  636,  277,   34,  556,  310,  274,  187,  650,  268,  392,   51,  238,  503,  363,  248,   85,  882,  482,  223],
        [  929,    0,  856,  369,  709,  531,  990,  590,  513,  538,  788,  167,  778,  415,  682,  721,  961,  621,  730,  868,  352,  835, 1038,  522,  923,  384,  975,  125,  343,  815,   73, 1156,  868,  265,  891,  986,  262,  363,  949,  588,  605,  290,  570,  568,  714, 1063,  303,  483,  887,  761,  592,  830,  348,    0, 1067,  933,  462,  556,  555,  744,  451,   72,  322,  562,  484,  820, 1040,  690,  635, 1045,  659,  442,  918,  931,  355,  455,  605,  955,  720,  638,  996,  875, 1000,  517, 1052,   91,  848,  537,  817,  670,  987,  937,  291,  316,  675,  590,  215,  389,  805,  249,  169,  352,  483,  745,  702,  176,  407, 1217,  810,  522],
        [  163,    0,  643,  704,  434,  573,   77,  811,  555,  775,  793,  991,  827,  809,  393,  347,  327,  453,  512,  239,  726,  833,  405,  724,  284,  690,  348, 1004,  807,  945, 1006,  348,  279,  808,  191,  107,  813,  713,  118,  613,  536,  812,  668,  537,  493,  572,  832,  585,  669, 1006,  684,  389,  727, 1067,    0,  373,  633,  540,  637,  958,  841,  999,  748,  860,  584,  270,  503,  381,  579,  559,  781,  665,  284,  276,  867,  617,  469,  631,  896,  920,  209,  790,  528,  946,   19, 1039,  499,  552, 1021,  847,  574,  288,  868,  755,  989,  521,  920,  798,  979,  893, 1059,  716,  741,  750,  456,  925,  693,  469,  463,  559],
        [  403,    0,  857,  632,  553,  588,  344,  906,  470,  847,  967,  810,  993,  825,  426,  336,  611,  367,  217,  202,  587, 1020,  715,  784,  545,  623,  638,  912,  606, 1109,  862,  703,  496,  714,  254,  401,  725,  578,  327,  694,  329,  754,  747,  567,  223,  870,  642,  509,  893, 1143,  399,  595,  653,  933,  373,    0,  474,  388,  702, 1097,  877,  862,  627,  942,  501,  417,  802,  336,  313,  853,  905,  651,  542,  102,  862,  503,  380,  884, 1034, 1026,  519,  996,  171, 1005,  355,  877,  718,  409, 1175,  972,  846,   88,  669,  668, 1100,  349,  739,  799, 1135,  705,  868,  619,  783,  911,  578,  763,  665,  823,  661,  431],
