{
    "name": "random-33-4857",
    "comment": "size=33 seed=4857",
    "nodes": ["+0", "-0", "+1", "-1", "+2", "-2", "+3", "-3", "+4", "-4", "+5", "-5", "+6", "-6", "+7", "-7", "+8", "-8", "+9", "-9", "+10", "-10", "+11", "-11", "+12", "-12", "+13", "-13", "+14", "-14", "+15", "-15", "+16", "-16", "+17", "-17", "+18", "-18", "+19", "-19", "+20", "-20", "+21", "-21", "+22", "-22", "+23", "-23", "+24", "-24", "+25", "-25", "+26", "-26", "+27", "-27", "+28", "-28", "+29", "-29", "+30", "-30", "+31", "-31", "+32", "-32", "+33", "-33"],
    "precedence": {
        "+0": "-0",
        "+1": "-1",
        "+2": "-2",
        "+3": "-3",
        "+4": "-4",
        "+5": "-5",
        "+6": "-6",
        "+7": "-7",
        "+8": "-8",
        "+9": "-9",
        "+10": "-10",
        "+11": "-11",
        "+12": "-12",
        "+13": "-13",
        "+14": "-14",
        "+15": "-15",
        "+16": "-16",
        "+17": "-17",
        "+18": "-18",
        "+19": "-19",
        "+20": "-20",
        "+21": "-21",
        "+22": "-22",
        "+23": "-23",
        "+24": "-24",
        "+25": "-25",
        "+26": "-26",
        "+27": "-27",
        "+28": "-28",
        "+29": "-29",
        "+30": "-30",
        "+31": "-31",
        "+32": "-32",
        "+33": "-33"
    },
    "edges": [
        [    0,    0,  462,  334,  277,  242,  524,  493,  218,  500,  654,  433,  363,  395,  593,  308,  606,  636,  390,  459,  412,  125,  537,  595,  351,  541,  592,  669,  213,  543,  117,  278,  624,  437,  490,  550,  409,  379,  621,   58,  426,  404,  378,  434,  371,  307,  308,  534,  377,  547,  299,  321,  196,  288,  476,  285,  750,  448,  331,  252,  310,  790,  309,  219,  545,  600,  517,  331],
        [    0,    0,  462,  334,  277,  242,  524,  493,  218,  500,  654,  433,  363,  395,  593,  308,  606,  636,  390,  459,  412,  125,  537,  595,  351,  541,  592,  669,  213,  543,  117,  278,  624,  437,  490,  550,  409,  379,  621,   58,  426,  404,  378,  434,  371,  307,  308,  534,  377,  547,  299,  321,  196,  288,  476,  285,  750,  448,  331,  252,  310,  790,  309,  219,  545,  600,  517,  331],
        [  462,  462,    0,  475,  634,  359,  984,  648,  648,  516,  256,  414,  592,   68,  321,  522,  440,  196,  214,  477,  749,  349,  415,  516,  737,  567,  131,  221,  402,  351,  376,  244,  558,  650,  613,  417,  864,  270,  213,  451,  426,   94,  462,  895,  785,  492,  221,  724,  765,  147,  418,  312,  656,  382,  773,  746,  317,  461,  254,  647,  619,  335,  186,  547,  442,  461,  750,  272],
        [  334,  334,  475,    0,  608,  504,  727,  810,  528,  775,  529,  685,  688,  421,  393,   70,  335,  561,  275,  731,  305,  363,  264,  842,  672,  209,  575,  599,  501,  733,  387,  241,  879,  763,  799,  278,  550,  573,  516,  276,  131,  482,   56,  621,  404,   41,  475,  256,  359,  615,  582,  164,  451,  556,  306,  503,  643,  716,  522,  287,  643,  719,  298,  180,  777,  822,  276,  205],
        [  277,  277,  634,  608,    0,  284,  446,  293,  127,  393,  869,  386,  164,  577,  841,  576,  873,  828,  634,  372,  615,  312,  807,  514,  105,  816,  758,  855,  236,  550,  279,  524,  526,  216,  313,  819,  441,  430,  830,  333,  701,  550,  654,  404,  509,  579,  421,  787,  544,  664,  262,  587,  239,  286,  693,  297,  949,  370,  409,  447,   68,  966,  536,  469,  497,  555,  758,  589],
        [  242,  242,  359,  504,  284,    0,  690,  326,  333,  273,  606,  193,  240,  309,  612,  505,  677,  554,  413,  229,  651,  145,  622,  356,  389,  690,  478,  578,   50,  309,  132,  322,  387,  306,  305,  631,  620,  157,  565,  280,  549,  270,  531,  620,  610,  492,  140,  742,  618,  381,   81,  411,  387,   53,  709,  478,  676,  215,  126,  493,  261,  685,  307,  446,  304,  359,  737,  395],
        [  524,  524,  984,  727,  446,  690,    0,  715,  358,  838, 1171,  828,  604,  918, 1085,  662, 1058, 1158,  897,  817,  527,  637,  986,  960,  370,  908, 1115, 1192,  642,  986,  615,  790,  970,  635,  745, 1001,  191,  846, 1140,  546,  855,  919,  782,  106,  366,  686,  806,  763,  427, 1056,  695,  803,  329,  710,  605,  242, 1271,  815,  811,  442,  509, 1314,  829,  547,  942, 1000,  705,  827],
        [  493,  493,  648,  810,  293,  326,  715,    0,  418,  178,  903,  250,  137,  614,  931,  796, 1003,  836,  738,  193,  886,  451,  947,  288,  346, 1006,  744,  852,  313,  405,  424,  647,  280,   80,   45,  957,  732,  380,  861,  548,  870,  554,  844,  689,  795,  790,  438, 1026,  825,  611,  247,  735,  526,  282,  958,  589,  954,  205,  396,  716,  226,  940,  632,  710,  310,  354, 1009,  720],
        [  218,  218,  648,  528,  127,  333,  358,  418,    0,  502,  862,  477,  285,  585,  810,  485,  821,  834,  605,  475,  496,  301,  752,  620,  147,  736,  778,  865,  284,  629,  273,  493,  636,  342,  435,  765,  320,  489,  827,  266,  635,  575,  579,  296,  383,  495,  454,  681,  420,  705,  340,  538,  114,  353,  576,  173,  953,  470,  455,  330,  193,  983,  518,  371,  593,  651,  646,  548],
        [  500,  500,  516,  775,  393,  273,  838,  178,  502,    0,  769,  104,  237,  496,  823,  777,  913,  694,  646,   46,  912,  418,  866,  123,  475,  955,  595,  705,  288,  230,  401,  575,  134,  233,  134,  874,  821,  250,  726,  545,  810,  426,  800,  795,  849,  764,  333, 1014,  867,  454,  202,  670,  594,  221,  975,  673,  807,   62,  284,  747,  330,  782,  545,  714,  132,  179, 1008,  646],
        [  654,  654,  256,  529,  869,  606, 1171,  903,  862,  769,    0,  669,  843,  297,  173,  594,  315,   95,  279,  732,  834,  564,  336,  757,  968,  522,  195,  115,  645,  584,  595,  382,  799,  903,  869,  329, 1025,  526,   44,  625,  424,  350,  491, 1073,  912,  562,  472,  732,  877,  340,  671,  387,  846,  635,  831,  929,  114,  716,  509,  778,  861,  203,  346,  665,  684,  693,  778,  354],
        [  433,  433,  414,  685,  386,  193,  828,  250,  477,  104,  669,    0,  255,  393,  719,  692,  810,  595,  544,   64,  843,  336,  764,  163,  481,  859,  499,  608,  222,  170,  324,  476,  196,  280,  209,  772,  788,  146,  626,  472,  713,  323,  706,  773,  796,  677,  231,  930,  808,  362,  142,  572,  555,  145,  902,  641,  710,   48,  181,  684,  332,  692,  444,  639,  118,  176,  928,  547],
        [  363,  363,  592,  688,  164,  240,  604,  137,  285,  237,  843,  255,    0,  547,  849,  669,  906,  787,  647,  224,  750,  339,  846,  360,  238,  889,  703,  808,  210,  425,  309,  548,  367,   76,  150,  857,  603,  344,  802,  419,  759,  500,  726,  567,  659,  666,  372,  896,  688,  586,  175,  629,  391,  210,  823,  458,  908,  226,  341,  580,   97,  908,  542,  579,  354,  409,  876,  619],
        [  395,  395,   68,  421,  577,  309,  918,  614,  585,  496,  297,  393,  547,    0,  327,  463,  429,  252,  178,  454,  687,  285,  395,  511,  679,  531,  198,  280,  349,  358,  313,  184,  553,  608,  582,  399,  797,  247,  256,  383,  386,   78,  413,  828,  719,  435,  177,  673,  700,  195,  375,  261,  589,  339,  713,  679,  372,  438,  219,  581,  566,  399,  125,  482,  438,  464,  696,  222],
        [  593,  593,  321,  393,  841,  612, 1085,  931,  810,  823,  173,  719,  849,  327,    0,  462,  144,  250,  208,  781,  695,  530,  166,  834,  933,  352,  326,  281,  640,  672,  564,  319,  877,  917,  903,  158,  924,  574,  186,  552,  272,  401,  347,  983,  793,  430,  496,  570,  751,  449,  687,  282,  772,  651,  682,  846,  279,  764,  542,  665,  847,  374,  309,  551,  761,  781,  620,  263],
        [  308,  308,  522,   70,  576,  505,  662,  796,  485,  777,  594,  692,  669,  463,  462,    0,  403,  622,  332,  733,  240,  360,  332,  853,  632,  255,  629,  660,  495,  755,  380,  280,  888,  744,  789,  347,  483,  591,  579,  251,  199,  518,  123,  557,  335,   33,  495,  238,  290,  657,  579,  217,  400,  557,  252,  444,  707,  719,  539,  221,  616,  781,  339,  121,  791,  838,  242,  257],
        [  606,  606,  440,  335,  873,  677, 1058, 1003,  821,  913,  315,  810,  906,  429,  144,  403,    0,  393,  268,  869,  617,  571,   73,  939,  956,  229,  464,  424,  698,  785,  604,  359,  981,  978,  979,   58,  884,  668,  329,  556,  205,  507,  281,  954,  736,  375,  580,  457,  687,  578,  756,  286,  765,  722,  590,  828,  415,  853,  630,  621,  890,  513,  372,  512,  866,  893,  514,  288],
        [  636,  636,  196,  561,  828,  554, 1158,  836,  834,  694,   95,  595,  787,  252,  250,  622,  393,    0,  292,  658,  861,  533,  402,  673,  930,  584,  104,   39,  597,  498,  563,  378,  714,  843,  800,  398, 1024,  457,   65,  614,  471,  288,  531, 1064,  924,  589,  416,  783,  895,  253,  612,  406,  830,  577,  867,  917,  122,  643,  447,  787,  814,  162,  331,  678,  601,  607,  823,  368],
        [  390,  390,  214,  275,  634,  413,  897,  738,  605,  646,  279,  544,  647,  178,  208,  332,  268,  292,    0,  602,  570,  323,  222,  678,  726,  354,  302,  330,  438,  533,  356,  113,  719,  717,  713,  229,  747,  403,  255,  354,  212,  254,  253,  797,  636,  300,  313,  514,  604,  361,  491,  115,  575,  456,  580,  655,  387,  585,  363,  500,  641,  453,  106,  389,  605,  637,  546,   77],
        [  459,  459,  477,  731,  372,  229,  817,  193,  475,   46,  732,   64,  224,  454,  781,  733,  869,  658,  602,    0,  871,  374,  822,  146,  459,  910,  561,  671,  247,  214,  358,  530,  167,  234,  150,  829,  791,  209,  689,  504,  765,  386,  754,  769,  813,  720,  289,  971,  829,  423,  161,  624,  562,  177,  933,  643,  773,   17,  240,  708,  312,  752,  500,  672,  131,  186,  965,  601],
        [  412,  412,  749,  305,  615,  651,  527,  886,  496,  912,  834,  843,  750,  687,  695,  240,  617,  861,  570,  871,    0,  514,  552, 1006,  633,  418,  863,  899,  625,  938,  520,  506, 1035,  819,  890,  565,  336,  770,  818,  372,  425,  733,  349,  428,  162,  273,  682,  238,  101,  877,  711,  455,  383,  699,   84,  374,  947,  860,  718,  170,  673, 1021,  564,  213,  953, 1006,  180,  494],
        [  125,  125,  349,  363,  312,  145,  637,  451,  301,  418,  564,  336,  339,  285,  530,  360,  571,  533,  323,  374,  514,    0,  509,  498,  407,  556,  480,  564,  140,  427,   34,  215,  531,  413,  438,  520,  532,  260,  527,  144,  420,  283,  394,  552,  492,  348,  184,  597,  491,  424,  220,  290,  311,  197,  568,  403,  652,  360,  210,  364,  320,  683,  225,  305,  441,  493,  592,  284],
        [  537,  537,  415,  264,  807,  622,  986,  947,  752,  866,  336,  764,  846,  395,  166,  332,   73,  402,  222,  822,  552,  509,    0,  900,  887,  187,  460,  437,  639,  752,  541,  301,  941,  919,  926,   15,  813,  625,  341,  486,  134,  473,  210,  882,  667,  304,  534,  406,  619,  559,  702,  221,  693,  668,  529,  756,  444,  805,  584,  550,  826,  538,  322,  440,  827,  858,  459,  228],
        [  595,  595,  516,  842,  514,  356,  960,  288,  620,  123,  757,  163,  360,  511,  834,  853,  939,  673,  678,  146, 1006,  498,  900,    0,  597, 1008,  570,  677,  383,  176,  487,  624,   43,  351,  244,  906,  936,  277,  714,  635,  861,  435,  860,  914,  955,  836,  374, 1090,  969,  422,  299,  720,  707,  308, 1064,  789,  777,  153,  325,  846,  452,  738,  584,  802,   74,   78, 1089,  692],
        [  351,  351,  737,  672,  105,  389,  370,  346,  147,  475,  968,  481,  238,  679,  933,  632,  956,  930,  726,  459,  633,  407,  887,  597,    0,  880,  862,  957,  341,  648,  375,  614,  604,  266,  376,  900,  404,  534,  930,  404,  775,  654,  722,  348,  506,  640,  526,  826,  550,  769,  364,  670,  251,  389,  715,  277, 1051,  460,  513,  472,  149, 1070,  631,  517,  588,  644,  790,  676],
        [  541,  541,  567,  209,  816,  690,  908, 1006,  736,  955,  522,  859,  889,  531,  352,  255,  229,  584,  354,  910,  418,  556,  187, 1008,  880,    0,  632,  620,  695,  878,  583,  385, 1047,  964,  992,  195,  722,  732,  525,  484,  148,  605,  164,  802,  558,  242,  634,  230,  502,  713,  770,  289,  654,  741,  375,  697,  630,  894,  684,  467,  849,  724,  428,  376,  938,  977,  290,  319],
        [  592,  592,  131,  575,  758,  478, 1115,  744,  778,  595,  195,  499,  703,  198,  326,  629,  464,  104,  302,  561,  863,  480,  460,  570,  862,  632,    0,  110,  524,  395,  506,  361,  611,  755,  706,  458,  993,  365,  156,  579,  504,  209,  553, 1025,  909,  597,  339,  813,  886,  149,  529,  413,  786,  494,  879,  876,  212,  546,  362,  770,  738,  208,  306,  667,  499,  504,  847,  372],
        [  669,  669,  221,  599,  855,  578, 1192,  852,  865,  705,  115,  608,  808,  280,  281,  660,  424,   39,  330,  671,  899,  564,  437,  677,  957,  620,  110,    0,  622,  502,  592,  414,  718,  862,  815,  431, 1060,  473,   96,  649,  508,  309,  568, 1099,  962,  627,  439,  820,  932,  256,  633,  444,  863,  598,  905,  951,  102,  656,  467,  824,  838,  125,  366,  715,  607,  609,  861,  406],
        [  213,  213,  402,  501,  236,   50,  642,  313,  284,  288,  645,  222,  210,  349,  640,  495,  698,  597,  438,  247,  625,  140,  639,  383,  341,  695,  524,  622,    0,  353,  116,  339,  411,  281,  298,  649,  576,  205,  605,  258,  558,  315,  533,  573,  575,  485,  186,  731,  587,  430,   87,  423,  342,   78,  687,  432,  718,  235,  175,  463,  217,  731,  333,  426,  337,  394,  722,  412],
        [  543,  543,  351,  733,  550,  309,  986,  405,  629,  230,  584,  170,  425,  358,  672,  755,  785,  498,  533,  214,  938,  427,  752,  176,  648,  878,  395,  502,  353,    0,  427,  498,  217,  446,  361,  756,  928,  168,  542,  570,  730,  280,  741,  923,  914,  733,  261,  987,  917,  247,  291,  593,  694,  278,  986,  784,  602,  205,  220,  791,  500,  564,  450,  726,  109,  111,  996,  559],
        [  117,  117,  376,  387,  279,  132,  615,  424,  273,  401,  595,  324,  309,  313,  564,  380,  604,  563,  356,  358,  520,   34,  541,  487,  375,  583,  506,  592,  116,  427,    0,  248,  518,  383,  412,  552,  518,  263,  558,  149,  450,  305,  420,  532,  487,  370,  197,  616,  491,  443,  200,  322,  291,  182,  578,  384,  682,  344,  215,  365,  287,  710,  258,  315,  434,  487,  608,  317],
        [  278,  278,  244,  241,  524,  322,  790,  647,  493,  575,  382,  476,  548,  184,  319,  280,  359,  378,  113,  530,  506,  215,  301,  624,  614,  385,  361,  414,  339,  498,  248,    0,  663,  619,  626,  310,  647,  348,  353,  244,  238,  241,  244,  692,  550,  252,  250,  497,  525,  377,  402,   97,  466,  370,  530,  548,  484,  513,  300,  411,  534,  539,   60,  306,  554,  594,  516,   74],
        [  624,  624,  558,  879,  526,  387,  970,  280,  636,  134,  799,  196,  367,  553,  877,  888,  981,  714,  719,  167, 1035,  531,  941,   43,  604, 1047,  611,  718,  411,  217,  518,  663,    0,  350,  239,  947,  954,  317,  756,  666,  900,  477,  898,  928,  980,  872,  414, 1125,  995,  463,  326,  759,  727,  337, 1096,  807,  818,  177,  364,  873,  461,  777,  625,  833,  117,  114, 1123,  731],
        [  437,  437,  650,  763,  216,  306,  635,   80,  342,  233,  903,  280,   76,  608,  917,  744,  978,  843,  717,  234,  819,  413,  919,  351,  266,  964,  755,  862,  281,  446,  383,  619,  350,    0,  112,  929,  654,  391,  861,  494,  833,  556,  801,  609,  722,  741,  432,  970,  754,  631,  234,  702,  453,  270,  894,  512,  962,  242,  396,  649,  150,  957,  611,  652,  361,  411,  949,  692],
        [  490,  490,  613,  799,  313,  305,  745,   45,  435,  134,  869,  209,  150,  582,  903,  789,  979,  800,  713,  150,  890,  438,  926,  244,  376,  992,  706,  815,  298,  361,  412,  626,  239,  112,    0,  935,  753,  344,  826,  543,  853,  520,  831,  714,  807,  781,  408, 1022,  833,  571,  225,  716,  540,  258,  961,  608,  917,  163,  364,  721,  245,  900,  607,  708,  265,  310, 1007,  699],
        [  550,  550,  417,  278,  819,  631, 1001,  957,  765,  874,  329,  772,  857,  399,  158,  347,   58,  398,  229,  829,  565,  520,   15,  906,  900,  195,  458,  431,  649,  756,  552,  310,  947,  929,  935,    0,  827,  632,  336,  500,  148,  477,  224,  896,  681,  318,  541,  417,  633,  560,  711,  232,  707,  677,  542,  770,  436,  812,  591,  564,  837,  530,  330,  454,  833,  862,  471,  238],
        [  409,  409,  864,  550,  441,  620,  191,  732,  320,  821, 1025,  788,  603,  797,  924,  483,  884, 1024,  747,  791,  336,  532,  813,  936,  404,  722,  993, 1060,  576,  928,  518,  647,  954,  654,  753,  827,    0,  773,  999,  414,  680,  812,  605,   95,  175,  510,  714,  572,  236,  955,  647,  645,  234,  652,  415,  148, 1131,  785,  730,  263,  508, 1184,  694,  375,  905,  963,  515,  673],
        [  379,  379,  270,  573,  430,  157,  846,  380,  489,  250,  526,  146,  344,  247,  574,  591,  668,  457,  403,  209,  770,  260,  625,  277,  534,  732,  365,  473,  205,  168,  263,  348,  317,  391,  344,  632,  773,    0,  483,  403,  584,  178,  587,  776,  749,  571,   99,  826,  750,  243,  174,  444,  540,  146,  819,  632,  575,  192,   53,  624,  394,  566,  308,  558,  207,  249,  831,  415],
        [  621,  621,  213,  516,  830,  565, 1140,  861,  827,  726,   44,  626,  802,  256,  186,  579,  329,   65,  255,  689,  818,  527,  341,  714,  930,  525,  156,   96,  605,  542,  558,  353,  756,  861,  826,  336,  999,  483,    0,  594,  418,  307,  481, 1044,  891,  546,  430,  729,  858,  300,  629,  367,  814,  593,  820,  899,  133,  673,  466,  755,  821,  205,  312,  643,  642,  652,  771,  332],
        [   58,   58,  451,  276,  333,  280,  546,  548,  266,  545,  625,  472,  419,  383,  552,  251,  556,  614,  354,  504,  372,  144,  486,  635,  404,  484,  579,  649,  258,  570,  149,  244,  666,  494,  543,  500,  414,  403,  594,    0,  372,  403,  322,  451,  352,  250,  323,  480,  348,  549,  344,  275,  222,  329,  430,  305,  726,  491,  353,  221,  368,  772,  284,  169,  582,  635,  466,  289],
        [  426,  426,  426,  131,  701,  549,  855,  870,  635,  810,  424,  713,  759,  386,  272,  199,  205,  471,  212,  765,  425,  420,  134,  861,  775,  148,  504,  508,  558,  730,  450,  238,  900,  833,  853,  148,  680,  584,  418,  372,    0,  458,   78,  750,  534,  171,  487,  313,  487,  572,  630,  142,  568,  600,  411,  627,  537,  749,  537,  417,  727,  622,  280,  308,  791,  829,  354,  171],
        [  404,  404,   94,  482,  550,  270,  919,  554,  575,  426,  350,  323,  500,   78,  401,  518,  507,  288,  254,  386,  733,  283,  473,  435,  654,  605,  209,  309,  315,  280,  305,  241,  477,  556,  520,  477,  812,  178,  307,  403,  458,    0,  480,  835,  750,  492,  131,  737,  736,  147,  325,  328,  594,  290,  765,  686,  408,  369,  160,  613,  530,  417,  185,  523,  361,  387,  756,  291],
        [  378,  378,  462,   56,  654,  531,  782,  844,  579,  800,  491,  706,  726,  413,  347,  123,  281,  531,  253,  754,  349,  394,  210,  860,  722,  164,  553,  568,  533,  741,  420,  244,  898,  801,  831,  224,  605,  587,  481,  322,   78,  480,    0,  677,  457,   96,  488,  262,  410,  606,  610,  153,  504,  583,  340,  558,  605,  739,  537,  342,  686,  686,  296,  236,  793,  834,  295,  192],
        [  434,  434,  895,  621,  404,  620,  106,  689,  296,  795, 1073,  773,  567,  828,  983,  557,  954, 1064,  797,  769,  428,  552,  882,  914,  348,  802, 1025, 1099,  573,  923,  532,  692,  928,  609,  714,  896,   95,  776, 1044,  451,  750,  835,  677,    0,  267,  581,  727,  662,  328,  975,  635,  702,  242,  645,  508,  150, 1175,  765,  737,  337,  470, 1222,  734,  442,  889,  947,  607,  726],
        [  371,  371,  785,  404,  509,  610,  366,  795,  383,  849,  912,  796,  659,  719,  793,  335,  736,  924,  636,  813,  162,  492,  667,  955,  506,  558,  909,  962,  575,  914,  487,  550,  980,  722,  807,  681,  175,  749,  891,  352,  534,  750,  457,  267,    0,  365,  673,  398,   62,  896,  656,  526,  270,  652,  242,  233, 1022,  804,  701,  139,  572, 1086,  604,  248,  911,  967,  341,  560],
        [  307,  307,  492,   41,  579,  492,  686,  790,  495,  764,  562,  677,  666,  435,  430,   33,  375,  589,  300,  720,  273,  348,  304,  836,  640,  242,  597,  627,  485,  733,  370,  252,  872,  741,  781,  318,  510,  571,  546,  250,  171,  492,   96,  581,  365,    0,  474,  255,  322,  629,  568,  186,  414,  544,  282,  464,  675,  705,  519,  247,  617,  749,  311,  141,  773,  819,  265,  226],
        [  308,  308,  221,  475,  421,  140,  806,  438,  454,  333,  472,  231,  372,  177,  496,  495,  580,  416,  313,  289,  682,  184,  534,  374,  526,  634,  339,  439,  186,  261,  197,  250,  414,  432,  408,  541,  714,   99,  430,  323,  487,  131,  488,  727,  673,  474,    0,  728,  669,  251,  199,  346,  487,  163,  727,  580,  537,  273,   51,  543,  400,  546,  213,  469,  305,  347,  736,  318],
        [  534,  534,  724,  256,  787,  742,  763, 1026,  681, 1014,  732,  930,  896,  673,  570,  238,  457,  783,  514,  971,  238,  597,  406, 1090,  826,  230,  813,  820,  731,  987,  616,  497, 1125,  970, 1022,  417,  572,  826,  729,  480,  313,  737,  262,  662,  398,  255,  728,    0,  337,  867,  815,  413,  577,  794,  169,  591,  844,  956,  774,  358,  834,  932,  553,  319, 1027, 1073,   67,  453],
        [  377,  377,  765,  359,  544,  618,  427,  825,  420,  867,  877,  808,  688,  700,  751,  290,  687,  895,  604,  829,  101,  491,  619,  969,  550,  502,  886,  932,  587,  917,  491,  525,  995,  754,  833,  633,  236,  750,  858,  348,  487,  736,  410,  328,   62,  322,  669,  337,    0,  883,  670,  492,  306,  663,  182,  282,  989,  819,  700,  127,  605, 1056,  581,  219,  921,  976,  280,  527],
        [  547,  547,  147,  615,  664,  381, 1056,  611,  705,  454,  340,  362,  586,  195,  449,  657,  578,  253,  361,  423,  877,  424,  559,  422,  769,  713,  149,  256,  430,  247,  443,  377,  463,  631,  571,  560,  955,  243,  300,  549,  572,  147,  606,  975,  896,  629,  251,  867,  883,    0,  416,  454,  733,  385,  906,  826,  357,  409,  256,  760,  634,  330,  318,  668,  352,  355,  890,  414],
        [  299,  299,  418,  582,  262,   81,  695,  247,  340,  202,  671,  142,  175,  375,  687,  579,  756,  612,  491,  161,  711,  220,  702,  299,  364,  770,  529,  633,   87,  291,  200,  402,  326,  234,  225,  711,  647,  174,  629,  344,  630,  325,  610,  635,  656,  568,  199,  815,  670,  416,    0,  492,  414,   37,  773,  500,  733,  149,  167,  548,  221,  734,  385,  513,  259,  317,  807,  475],
        [  321,  321,  312,  164,  587,  411,  803,  735,  538,  670,  387,  572,  629,  261,  282,  217,  286,  406,  115,  624,  455,  290,  221,  720,  670,  289,  413,  444,  423,  593,  322,   97,  759,  702,  716,  232,  645,  444,  367,  275,  142,  328,  153,  702,  526,  186,  346,  413,  492,  454,  492,    0,  492,  461,  467,  564,  498,  608,  396,  392,  606,  567,  144,  279,  650,  689,  439,   42],
        [  196,  196,  656,  451,  239,  387,  329,  526,  114,  594,  846,  555,  391,  589,  772,  400,  765,  830,  575,  562,  383,  311,  693,  707,  251,  654,  786,  863,  342,  694,  291,  466,  727,  453,  540,  707,  234,  540,  814,  222,  568,  594,  504,  242,  270,  414,  487,  577,  306,  733,  414,  492,    0,  418,  464,   93,  944,  555,  499,  222,  303,  985,  502,  280,  672,  730,  539,  509],
        [  288,  288,  382,  556,  286,   53,  710,  282,  353,  221,  635,  145,  210,  339,  651,  557,  722,  577,  456,  177,  699,  197,  668,  308,  389,  741,  494,  598,   78,  278,  182,  370,  337,  270,  258,  677,  652,  146,  593,  329,  600,  290,  583,  645,  652,  544,  163,  794,  663,  385,   37,  461,  418,    0,  759,  507,  698,  163,  132,  539,  250,  700,  351,  496,  260,  316,  789,  443],
        [  476,  476,  773,  306,  693,  709,  605,  958,  576,  975,  831,  902,  823,  713,  682,  252,  590,  867,  580,  933,   84,  568,  529, 1064,  715,  375,  879,  905,  687,  986,  578,  530, 1096,  894,  961,  542,  415,  819,  820,  430,  411,  765,  340,  508,  242,  282,  727,  169,  182,  906,  773,  467,  464,  759,    0,  457,  945,  921,  767,  247,  749, 1024,  589,  263, 1009, 1060,  105,  508],
        [  285,  285,  746,  503,  297,  478,  242,  589,  173,  673,  929,  641,  458,  679,  846,  444,  828,  917,  655,  643,  374,  403,  756,  789,  277,  697,  876,  951,  432,  784,  384,  548,  807,  512,  608,  770,  148,  632,  899,  305,  627,  686,  558,  150,  233,  464,  580,  591,  282,  826,  500,  564,   93,  507,  457,    0, 1029,  637,  592,  237,  364, 1074,  588,  324,  758,  816,  545,  586],
        [  750,  750,  317,  643,  949,  676, 1271,  954,  953,  807,  114,  710,  908,  372,  279,  707,  415,  122,  387,  773,  947,  652,  444,  777, 1051,  630,  212,  102,  718,  602,  682,  484,  818,  962,  917,  436, 1131,  575,  133,  726,  537,  408,  605, 1175, 1022,  675,  537,  844,  989,  357,  733,  498,  944,  698,  945, 1029,    0,  758,  567,  887,  935,  102,  442,  775,  708,  708,  891,  463],
        [  448,  448,  461,  716,  370,  215,  815,  205,  470,   62,  716,   48,  226,  438,  764,  719,  853,  643,  585,   17,  860,  360,  805,  153,  460,  894,  546,  656,  235,  205,  344,  513,  177,  242,  163,  812,  785,  192,  673,  491,  749,  369,  739,  765,  804,  705,  273,  956,  819,  409,  149,  608,  555,  163,  921,  637,  758,    0,  223,  697,  311,  738,  484,  659,  129,  186,  951,  585],
        [  331,  331,  254,  522,  409,  126,  811,  396,  455,  284,  509,  181,  341,  219,  542,  539,  630,  447,  363,  240,  718,  210,  584,  325,  513,  684,  362,  467,  175,  220,  215,  300,  364,  396,  364,  591,  730,   53,  466,  353,  537,  160,  537,  737,  701,  519,   51,  774,  700,  256,  167,  396,  499,  132,  767,  592,  567,  223,    0,  574,  380,  568,  263,  506,  256,  300,  779,  369],
        [  252,  252,  647,  287,  447,  493,  442,  716,  330,  747,  778,  684,  580,  581,  665,  221,  621,  787,  500,  708,  170,  364,  550,  846,  472,  467,  770,  824,  463,  791,  365,  411,  873,  649,  721,  564,  263,  624,  755,  221,  417,  613,  342,  337,  139,  247,  543,  358,  127,  760,  548,  392,  222,  539,  247,  237,  887,  697,  574,    0,  503,  948,  465,  114,  797,  851,  318,  424],
        [  310,  310,  619,  643,   68,  261,  509,  226,  193,  330,  861,  332,   97,  566,  847,  616,  890,  814,  641,  312,  673,  320,  826,  452,  149,  849,  738,  838,  217,  500,  287,  534,  461,  150,  245,  837,  508,  394,  821,  368,  727,  530,  686,  470,  572,  617,  400,  834,  605,  634,  221,  606,  303,  250,  749,  364,  935,  311,  380,  503,    0,  945,  539,  516,  440,  496,  809,  603],
        [  790,  790,  335,  719,  966,  685, 1314,  940,  983,  782,  203,  692,  908,  399,  374,  781,  513,  162,  453,  752, 1021,  683,  538,  738, 1070,  724,  208,  125,  731,  564,  710,  539,  777,  957,  900,  530, 1184,  566,  205,  772,  622,  417,  686, 1222, 1086,  749,  546,  932, 1056,  330,  734,  567,  985,  700, 1024, 1074,  102,  738,  568,  948,  945,    0,  490,  839,  673,  665,  976,  529],
        [  309,  309,  186,  298,  536,  307,  829,  632,  518,  545,  346,  444,  542,  125,  309,  339,  372,  331,  106,  500,  564,  225,  322,  584,  631,  428,  306,  366,  333,  450,  258,   60,  625,  611,  607,  330,  694,  308,  312,  284,  280,  185,  296,  734,  604,  311,  213,  553,  581,  318,  385,  144,  502,  351,  589,  588,  442,  484,  263,  465,  539,  490,    0,  362,  513,  549,  574,  110],
        [  219,  219,  547,  180,  469,  446,  547,  710,  371,  714,  665,  639,  579,  482,  551,  121,  512,  678,  389,  672,  213,  305,  440,  802,  517,  376,  667,  715,  426,  726,  315,  306,  833,  652,  708,  454,  375,  558,  643,  169,  308,  523,  236,  442,  248,  141,  469,  319,  219,  668,  513,  279,  280,  496,  263,  324,  775,  659,  506,  114,  516,  839,  362,    0,  746,  798,  299,  312],
        [  545,  545,  442,  777,  497,  304,  942,  310,  593,  132,  684,  118,  354,  438,  761,  791,  866,  601,  605,  131,  953,  441,  827,   74,  588,  938,  499,  607,  337,  109,  434,  554,  117,  361,  265,  833,  905,  207,  642,  582,  791,  361,  793,  889,  911,  773,  305, 1027,  921,  352,  259,  650,  672,  260, 1009,  758,  708,  129,  256,  797,  440,  673,  513,  746,    0,   59, 1029,  621],
        [  600,  600,  461,  822,  555,  359, 1000,  354,  651,  179,  693,  176,  409,  464,  781,  838,  893,  607,  637,  186, 1006,  493,  858,   78,  644,  977,  504,  609,  394,  111,  487,  594,  114,  411,  310,  862,  963,  249,  652,  635,  829,  387,  834,  947,  967,  819,  347, 1073,  976,  355,  317,  689,  730,  316, 1060,  816,  708,  186,  300,  851,  496,  665,  549,  798,   59,    0, 1078,  658],
        [  517,  517,  750,  276,  758,  737,  705, 1009,  646, 1008,  778,  928,  876,  696,  620,  242,  514,  823,  546,  965,  180,  592,  459, 1089,  790,  290,  847,  861,  722,  996,  608,  516, 1123,  949, 1007,  471,  515,  831,  771,  466,  354,  756,  295,  607,  341,  265,  736,   67,  280,  890,  807,  439,  539,  789,  105,  545,  891,  951,  779,  318,  809,  976,  574,  299, 1029, 1078,    0,  480],
        [  331,  331,  272,  205,  589,  395,  827,  720,  548,  646,  354,  547,  619,  222,  263,  257,  288,  368,   77,  601,  494,  284,  228,  692,  676,  319,  372,  406,  412,  559,  317,   74,  731,  692,  699,  238,  673,  415,  332,  289,  171,  291,  192,  726,  560,  226,  318,  453,  527,  414,  475,   42,  509,  443,  508,  586,  463,  585,  369,  424,  603,  529,  110,  312,  621,  658,  480,    0]
    ]
}
