{
    "name": "random-63-28282",
    "comment": "size=63 seed=28282",
    "nodes": ["+0", "-0", "+1", "-1", "+2", "-2", "+3", "-3", "+4", "-4", "+5", "-5", "+6", "-6", "+7", "-7", "+8", "-8", "+9", "-9", "+10", "-10", "+11", "-11", "+12", "-12", "+13", "-13", "+14", "-14", "+15", "-15", "+16", "-16", "+17", "-17", "+18", "-18", "+19", "-19", "+20", "-20", "+21", "-21", "+22", "-22", "+23", "-23", "+24", "-24", "+25", "-25", "+26", "-26", "+27", "-27", "+28", "-28", "+29", "-29", "+30", "-30", "+31", "-31", "+32", "-32", "+33", "-33", "+34", "-34", "+35", "-35", "+36", "-36", "+37", "-37", "+38", "-38", "+39", "-39", "+40", "-40", "+41", "-41", "+42", "-42", "+43", "-43", "+44", "-44", "+45", "-45", "+46", "-46", "+47", "-47", "+48", "-48", "+49", "-49", "+50", "-50", "+51", "-51", "+52", "-52", "+53", "-53", "+54", "-54", "+55", "-55", "+56", "-56", "+57", "-57", "+58", "-58", "+59", "-59", "+60", "-60", "+61", "-61", "+62", "-62", "+63", "-63"],
    "precedence": {
        "+0": "-0",
        "+1": "-1",
        "+2": "-2",
        "+3": "-3",
        "+4": "-4",
        "+5": "-5",
        "+6": "-6",
        "+7": "-7",
        "+8": "-8",
        "+9": "-9",
        "+10": "-10",
        "+11": "-11",
        "+12": "-12",
        "+13": "-13",
        "+14": "-14",
        "+15": "-15",
        "+16": "-16",
        "+17": "-17",
        "+18": "-18",
        "+19": "-19",
        "+20": "-20",
        "+21": "-21",
        "+22": "-22",
        "+23": "-23",
        "+24": "-24",
        "+25": "-25",
        "+26": "-26",
        "+27": "-27",
        "+28": "-28",
        "+29": "-29",
        "+30": "-30",
        "+31": "-31",
        "+32": "-32",
        "+33": "-33",
        "+34": "-34",
        "+35": "-35",
        "+36": "-36",
        "+37": "-37",
        "+38": "-38",
        "+39": "-39",
        "+40": "-40",
        "+41": "-41",
        "+42": "-42",
        "+43": "-43",
        "+44": "-44",
        "+45": "-45",
        "+46": "-46",
        "+47": "-47",
        "+48": "-48",
        "+49": "-49",
        "+50": "-50",
        "+51": "-51",
        "+52": "-52",
        "+53": "-53",
        "+54": "-54",
        "+55": "-55",
        "+56": "-56",
        "+57": "-57",
        "+58": "-58",
        "+59": "-59",
        "+60": "-60",
        "+61": "-61",
        "+62": "-62",
        "+63": "-63"
    },
    "edges": [
        [    0,    0,  353,  567,  308,  314,  348,  649,  210,  394,  652,  388,  135,  426,  603,  295,  423,  249,  381,  535,  341,  415,  445,  472,  531,  157,  350,  293,  599,  609,  467,  427,  715,  477,  538,  263,  454,  176,  442,  365,  593,  194,  445,  338,  738,  628,  499,  425,  359,  477,  204,  319,  694,  280,  161,  330,  397,  360,  354,  526,  260,  415,  121,  427,  168,  238,  220,  370,  385,  556,   34,  529,  297,  676,  421,  160,  447,  585,  569,  560,  465,  295,  353,  449,  564,  385,  295,  437,  490,  389,  403,  194,  493,  413,  308,  373,  461,  405,  353,  159,  563,  496,  306,  307,  418,  222,  171,  557,  583,  167,  537,  377,  358,  408,  380,  417,  535,  438,  651,  448,  548,  319,  456,  556,  108,   83,  256,  425],
        [    0,    0,    0,    0,    0,    0,    0,    0,    0,    0,    0,    0,    0,    0,    0,    0,    0,    0,    0,    0,    0,    0,    0,    0,    0,    0,    0,    0,    0,    0,    0,    0,    0,    0,    0,    0,    0,    0,    0,    0,    0,    0,    0,    0,    0,    0,    0,    0,    0,    0,    0,    0,    0,    0,    0,    0,    0,    0,    0,    0,    0,    0,    0,    0,    0,    0,    0,    0,    0,    0,    0,    0,    0,    0,    0,    0,    0,    0,    0,    0,    0,    0,    0,    0,    0,    0,    0,    0,    0,    0,    0,    0,    0,    0,    0,    0,    0,    0,    0,    0,    0,    0,    0,    0,    0,    0,    0,    0,    0,    0,    0,    0,    0,    0,    0,    0,    0,    0,    0,    0,    0,    0,    0,    0,    0,    0,    0,    0],
        [  353,    0,    0,  364,  369,  427,  399,  895,  504,  529,  775,  368,  350,  356,  825,  637,  726,  118,   97,  786,  247,  554,  764,  406,  871,  300,  685,   60,  404,  648,  805,   81,  484,  524,  884,  424,  743,  435,  493,  548,  416,  485,  381,  634,  944,  895,  476,  747,  422,  180,  521,  297,  895,  408,  411,  508,  472,  105,   42,  863,  484,  762,  243,  726,  373,  290,  318,  315,   35,  809,  324,  878,  623, 1019,  610,  392,  426,  757,  730,  722,  469,  318,  700,  177,  780,  592,  646,  733,  763,  647,   90,  395,  844,  489,  143,  673,  800,  141,  509,  476,  901,  411,  499,  428,  770,  536,  182,  397,  607,  430,  289,   79,  421,  754,  449,  769,  464,  367,  778,  622,  900,  480,  284,  692,  351,  272,  604,  319],
        [  567,    0,  364,    0,  715,  765,  324,  830,  771,  448,  597,  729,  471,  192,  742,  853,  989,  445,  453,  747,  228,  464,  823,  769,  963,  423,  788,  389,   41,  420,  898,  318,  149,  354, 1077,  436,  761,  717,  849,  507,   60,  752,  194,  903,  823,  856,  259,  814,  773,  203,  770,  269,  776,  402,  509,  482,  363,  467,  324, 1082,  788,  884,  454,  760,  671,  346,  646,  677,  346,  768,  534, 1061,  720, 1221,  548,  490,  789,  634,  602,  596,  830,  667,  831,  190,  700,  556,  803,  762,  755,  650,  433,  699,  984,  371,  280,  939, 1016,  493,  840,  725,  983,  169,  817,  764,  942,  638,  441,   68,  376,  528,   89,  436,  771,  877,  800,  921,  199,  188,  603,  540, 1054,  453,  641,  547,  492,  516,  752,  162],
        [  308,    0,  369,  715,    0,   65,  610,  952,  265,  688,  952,   94,  426,  641,  910,  435,  436,  271,  315,  839,  529,  711,  721,  179,  771,  419,  614,  329,  754,  884,  716,  443,  847,  749,  662,  556,  748,  204,  144,  669,  760,  253,  665,  352, 1046,  927,  744,  699,   60,  548,  306,  542, 1002,  564,  466,  631,  673,  290,  401,  611,  182,  647,  327,  718,  154,  479,   92,  112,  399,  859,  314,  670,  577,  771,  727,  461,  142,  891,  873,  865,  158,   52,  590,  540,  872,  692,  520,  729,  789,  694,  346,  143,  693,  690,  440,  387,  561,  302,  149,  283,  806,  710,  164,   71,  594,  518,  296,  733,  852,  474,  651,  326,   59,  641,   87,  618,  759,  653,  951,  753,  724,  616,  239,  856,  403,  273,  503,  621],
        [  314,    0,  427,  765,   65,    0,  637,  944,  226,  704,  965,  142,  441,  678,  908,  392,  377,  322,  378,  832,  570,  726,  700,  219,  738,  441,  591,  383,  803,  909,  687,  503,  900,  774,  611,  571,  735,  176,  131,  678,  807,  217,  703,  296, 1044,  915,  776,  677,   60,  605,  269,  576, 1002,  583,  474,  642,  696,  352,  457,  556,  131,  615,  355,  703,  147,  508,  122,  173,  457,  851,  326,  620,  561,  715,  734,  472,  171,  897,  882,  873,  169,  115,  561,  594,  871,  697,  490,  715,  779,  690,  409,  125,  653,  713,  487,  330,  509,  366,   85,  255,  773,  749,  102,   10,  551,  510,  335,  779,  879,  479,  705,  388,   60,  609,   71,  580,  797,  692,  964,  761,  679,  630,  300,  869,  416,  295,  479,  662],
        [  348,    0,  399,  324,  610,  637,    0,  531,  554,  142,  377,  663,  216,  133,  449,  585,  748,  391,  487,  436,  166,  164,  501,  733,  642,  197,  473,  373,  338,  274,  578,  420,  460,  140,  785,  122,  438,  523,  754,  188,  318,  539,  136,  672,  555,  546,  154,  492,  668,  375,  538,  104,  506,   88,  224,  159,   74,  484,  365,  804,  607,  572,  284,  437,  503,  133,  521,  625,  410,  458,  324,  765,  407,  929,  238,  210,  729,  364,  335,  327,  760,  577,  523,  337,  405,  237,  507,  439,  436,  327,  488,  532,  674,   91,  258,  703,  739,  530,  692,  498,  661,  182,  650,  633,  645,  333,  323,  280,  242,  238,  350,  472,  668,  565,  694,  616,  204,  138,  380,  239,  746,  129,  653,  294,  243,  343,  456,  167],
        [  649,    0,  895,  830,  952,  944,  531,    0,  748,  391,  313, 1036,  565,  649,   92,  645,  816,  843,  968,  115,  693,  371,  292, 1120,  387,  604,  390,  853,  831,  475,  373,  936,  940,  480,  677,  472,  217,  772, 1075,  351,  804,  747,  640,  793,  141,   64,  578,  311,  997,  904,  708,  628,  133,  491,  508,  390,  473,  955,  870,  745,  846,  439,  688,  252,  801,  608,  867, 1018,  915,   94,  653,  643,  393,  783,  294,  521, 1093,  214,  244,  248, 1107,  944,  452,  866,  131,  305,  507,  240,  167,  262,  978,  820,  506,  463,  767,  801,  705, 1005,  955,  700,  374,  663,  898,  936,  567,  435,  753,  771,  503,  493,  875,  956,  997,  438, 1014,  513,  647,  649,  303,  294,  569,  420, 1092,  301,  576,  709,  490,  691],
        [  210,    0,  504,  771,  265,  226,  554,  748,    0,  578,  821,  358,  338,  636,  725,  170,  224,  387,  497,  640,  547,  595,  485,  441,  514,  367,  376,  447,  804,  804,  464,  585,  918,  677,  405,  456,  533,   74,  346,  534,  800,   20,  655,  133,  861,  712,  706,  463,  285,  658,   45,  528,  823,  479,  344,  506,  596,  471,  519,  367,  102,  390,  318,  499,  141,  448,  224,  371,  539,  658,  241,  409,  356,  527,  580,  351,  395,  736,  727,  719,  393,  290,  339,  635,  693,  540,  268,  512,  582,  509,  526,  132,  429,  610,  500,  171,  309,  504,  211,   58,  549,  706,  153,  216,  329,  326,  343,  765,  782,  339,  733,  500,  286,  385,  293,  355,  745,  648,  818,  612,  459,  503,  491,  726,  311,  257,  264,  634],
        [  394,    0,  529,  448,  688,  704,  142,  391,  578,    0,  265,  754,  264,  261,  308,  567,  743,  503,  613,  300,  306,   25,  399,  830,  546,  275,  398,  496,  455,  233,  487,  558,  572,  132,  733,  133,  322,  564,  829,   70,  431,  566,  255,  679,  417,  410,  217,  396,  744,  516,  552,  243,  368,  130,  237,   75,   86,  606,  498,  765,  649,  498,  370,  328,  561,  243,  597,  721,  544,  321,  379,  708,  340,  873,  100,  234,  818,  229,  202,  194,  844,  663,  459,  478,  264,  112,  462,  327,  309,  213,  617,  587,  600,   81,  391,  705,  704,  654,  746,  520,  560,  287,  697,  698,  592,  290,  423,  395,  222,  239,  486,  599,  743,  492,  767,  554,  286,  262,  265,   98,  675,   75,  766,  171,  288,  416,  415,  302],
        [  652,    0,  775,  597,  952,  965,  377,  313,  821,  265,    0, 1018,  527,  448,  230,  778,  958,  763,  864,  302,  534,  241,  502, 1094,  639,  539,  555,  749,  586,  186,  599,  790,  678,  260,  891,  397,  404,  817, 1091,  289,  556,  812,  430,  908,  243,  367,  341,  511, 1006,  725,  789,  479,  205,  393,  492,  323,  304,  860,  740,  942,  901,  640,  634,  431,  820,  501,  861,  985,  784,  309,  640,  861,  518, 1019,  241,  494, 1082,  116,  105,  110, 1108,  927,  624,  689,  213,  282,  651,  423,  359,  344,  865,  846,  732,  287,  633,  928,  888,  907, 1002,  764,  638,  433,  951,  958,  758,  504,  686,  531,  225,  490,  662,  849, 1006,  636, 1029,  710,  399,  443,   10,  210,  805,  337, 1026,   97,  550,  680,  614,  494],
        [  388,    0,  368,  729,   94,  142,  663, 1036,  358,  754, 1018,    0,  495,  677,  990,  527,  518,  292,  294,  921,  563,  777,  811,   87,  864,  480,  705,  342,  768,  937,  808,  433,  851,  803,  752,  622,  835,  297,  130,  740,  778,  346,  703,  438, 1124, 1012,  787,  789,   92,  547,  399,  585, 1080,  626,  540,  701,  730,  273,  405,  698,  271,  740,  385,  805,  245,  531,  169,   55,  393,  942,  388,  760,  666,  857,  799,  533,   66,  964,  944,  936,  103,   93,  683,  545,  950,  767,  613,  817,  874,  776,  323,  235,  786,  748,  465,  472,  650,  269,  213,  376,  898,  744,  244,  151,  686,  604,  342,  754,  902,  550,  657,  309,   91,  734,  108,  711,  795,  690, 1018,  824,  816,  683,  167,  924,  475,  340,  595,  652],
        [  135,    0,  350,  471,  426,  441,  216,  565,  338,  264,  527,  495,    0,  308,  506,  385,  537,  280,  409,  451,  246,  286,  416,  574,  531,   56,  345,  299,  498,  474,  465,  409,  619,  343,  607,  131,  395,  310,  566,  245,  487,  323,  325,  458,  637,  555,  369,  399,  480,  425,  323,  206,  590,  146,   61,  207,  262,  394,  336,  612,  394,  432,  124,  376,  299,  126,  335,  467,  377,  474,  116,  592,  279,  750,  306,   44,  558,  469,  450,  441,  582,  403,  373,  391,  464,  275,  335,  384,  419,  306,  423,  326,  526,  278,  254,  490,  546,  444,  486,  283,  559,  376,  440,  435,  473,  191,  189,  450,  449,   81,  459,  399,  480,  425,  504,  457,  411,  320,  526,  329,  592,  191,  529,  431,   28,  156,  286,  317],
        [  426,    0,  356,  192,  641,  678,  133,  649,  636,  261,  448,  677,  308,    0,  563,  692,  843,  387,  451,  560,  116,  279,  633,  736,  773,  270,  602,  350,  206,  298,  709,  352,  329,  189,  904,  249,  570,  593,  783,  316,  188,  618,   26,  762,  655,  670,  122,  624,  700,  277,  627,  108,  607,  214,  335,  290,  177,  455,  316,  916,  672,  700,  331,  569,  560,  189,  558,  632,  356,  581,  395,  886,  535, 1048,  361,  317,  742,  464,  432,  425,  778,  600,  649,  242,  519,  365,  626,  570,  565,  458,  444,  589,  801,  187,  220,  795,  851,  495,  744,  584,  793,   72,  709,  676,  766,  456,  345,  150,  254,  352,  227,  434,  699,  693,  726,  740,  119,   14,  453,  356,  872,  261,  633,  382,  333,  395,  575,   46],
        [  603,    0,  825,  742,  910,  908,  449,   92,  725,  308,  230,  990,  506,  563,    0,  640,  817,  780,  901,   96,  613,  287,  309, 1073,  429,  540,  390,  785,  742,  385,  400,  861,  850,  391,  704,  402,  217,  741, 1038,  277,  714,  721,  553,  784,  137,  138,  488,  324,  958,  823,  686,  549,  100,  417,  453,  317,  388,  890,  798,  766,  818,  457,  628,  251,  762,  535,  822,  968,  843,   91,  603,  672,  377,  821,  216,  464, 1049,  125,  153,  157, 1067,  897,  457,  785,   45,  235,  503,  239,  163,  219,  909,  784,  537,  376,  693,  796,  719,  940,  926,  673,  422,  575,  870,  900,  583,  402,  692,  682,  412,  441,  789,  889,  958,  455,  977,  531,  557,  562,  220,  210,  605,  346, 1035,  210,  521,  656,  478,  606],
        [  295,    0,  637,  853,  435,  392,  585,  645,  170,  567,  778,  527,  385,  692,  640,    0,  181,  524,  645,  548,  625,  579,  360,  609,  357,  431,  256,  578,  881,  799,  316,  715, 1001,  686,  248,  469,  430,  238,  505,  510,  871,  184,  707,  150,  771,  599,  737,  339,  451,  772,  132,  590,  739,  500,  362,  493,  608,  621,  644,  232,  263,  239,  416,  394,  302,  509,  389,  540,  671,  561,  328,  246,  265,  382,  541,  377,  563,  679,  676,  669,  557,  458,  200,  744,  616,  500,  139,  407,  483,  439,  673,  300,  261,  619,  603,  157,  166,  659,  362,  168,  392,  757,  307,  383,  160,  280,  460,  834,  787,  349,  830,  646,  452,  235,  457,  191,  788,  703,  773,  574,  290,  501,  659,  689,  362,  369,  166,  701],
        [  423,    0,  726,  989,  436,  377,  748,  816,  224,  743,  958,  518,  537,  843,  817,  181,    0,  609,  711,  723,  763,  756,  526,  588,  488,  575,  428,  669, 1021,  974,  464,  807, 1137,  857,  259,  637,  604,  291,  453,  687, 1015,  244,  861,   93,  946,  766,  901,  506,  429,  882,  219,  738,  916,  665,  525,  668,  778,  685,  742,  188,  259,  387,  537,  568,  355,  656,  428,  548,  760,  735,  455,  280,  445,  341,  721,  538,  534,  859,  856,  850,  514,  476,  365,  859,  795,  680,  315,  580,  657,  619,  741,  338,  368,  790,  722,   54,  160,  713,  313,  265,  521,  912,  275,  369,  270,  458,  566,  979,  960,  515,  955,  716,  430,  386,  423,  320,  946,  855,  953,  754,  360,  673,  675,  869,  511,  479,  346,  846],
        [  249,    0,  118,  445,  271,  322,  391,  843,  387,  503,  763,  292,  280,  387,  780,  524,  609,    0,  134,  730,  272,  528,  681,  350,  778,  240,  594,   63,  484,  660,  713,  198,  578,  528,  772,  382,  672,  318,  406,  508,  491,  368,  413,  517,  906,  834,  501,  662,  328,  286,  405,  301,  859,  375,  339,  467,  462,  116,  138,  747,  369,  663,  158,  650,  256,  263,  207,  245,  152,  753,  225,  767,  535,  904,  570,  323,  356,  728,  704,  695,  394,  223,  601,  273,  736,  546,  543,  659,  698,  586,  155,  279,  741,  480,  174,  555,  685,  165,  401,  361,  809,  453,  387,  323,  662,  451,   91,  465,  622,  357,  383,  129,  327,  656,  355,  665,  505,  400,  764,  588,  794,  442,  263,  673,  273,  166,  504,  361],
        [  381,    0,   97,  453,  315,  378,  487,  968,  497,  613,  864,  294,  409,  451,  901,  645,  711,  134,    0,  856,  341,  637,  814,  320,  911,  364,  727,  117,  493,  742,  846,  142,  564,  616,  893,  500,  803,  424,  423,  626,  507,  477,  476,  619, 1024,  962,  572,  795,  362,  259,  521,  387,  975,  488,  469,  585,  560,   27,  137,  862,  458,  795,  290,  782,  358,  370,  286,  240,  108,  879,  358,  890,  669, 1021,  688,  452,  347,  840,  814,  806,  391,  263,  733,  264,  857,  666,  674,  791,  827,  713,   32,  374,  871,  578,  235,  658,  802,   45,  462,  478,  942,  507,  462,  381,  789,  584,  223,  490,  701,  487,  374,   18,  360,  788,  387,  794,  560,  462,  867,  703,  921,  558,  189,  778,  404,  299,  636,  415],
        [  535,    0,  786,  747,  839,  832,  436,  115,  640,  300,  302,  921,  451,  560,   96,  548,  723,  730,  856,    0,  593,  283,  214, 1006,  340,  492,  296,  742,  752,  431,  307,  830,  866,  407,  610,  364,  122,  661,  962,  250,  726,  638,  554,  694,  224,  112,  504,  229,  884,  805,  601,  528,  193,  387,  394,  286,  384,  843,  763,  671,  736,  362,  574,  156,  688,  501,  753,  903,  808,   23,  538,  578,  288,  729,  200,  408,  979,  187,  207,  206,  994,  829,  363,  767,   91,  201,  410,  144,   68,  147,  867,  708,  443,  377,  661,  704,  624,  893,  845,  591,  336,  583,  789,  824,  488,  323,  640,  691,  450,  379,  784,  845,  884,  360,  901,  436,  574,  561,  294,  209,  513,  317,  978,  256,  463,  595,  388,  600],
        [  341,    0,  247,  228,  529,  570,  166,  693,  547,  306,  534,  563,  246,  116,  613,  625,  763,  272,  341,  593,    0,  329,  626,  621,  758,  195,  576,  236,  259,  402,  691,  257,  377,  279,  852,  239,  579,  498,  670,  343,  253,  529,  141,  678,  720,  704,  233,  614,  588,  213,  544,   65,  672,  210,  289,  308,  235,  342,  209,  854,  573,  669,  232,  571,  458,  122,  448,  517,  252,  615,  308,  837,  508,  995,  399,  268,  627,  529,  500,  492,  664,  486,  613,  175,  568,  392,  580,  575,  585,  471,  336,  487,  766,  251,  106,  713,  789,  385,  638,  499,  781,  182,  607,  567,  718,  422,  235,  218,  361,  309,  217,  324,  587,  662,  615,  700,  233,  128,  538,  403,  834,  277,  520,  456,  265,  296,  530,   93],
        [  415,    0,  554,  464,  711,  726,  164,  371,  595,   25,  241,  777,  286,  279,  287,  579,  756,  528,  637,  283,  329,    0,  395,  854,  542,  299,  401,  521,  469,  221,  485,  582,  585,  135,  738,  156,  314,  584,  851,   73,  444,  584,  271,  695,  393,  392,  226,  393,  766,  538,  568,  266,  344,  154,  256,   90,  103,  630,  523,  773,  668,  499,  394,  323,  582,  268,  620,  745,  568,  304,  401,  713,  345,  877,   86,  255,  841,  204,  177,  169,  867,  686,  464,  500,  242,  106,  470,  321,  297,  208,  641,  609,  601,   94,  416,  719,  713,  679,  766,  538,  555,  301,  717,  720,  598,  300,  448,  409,  216,  257,  505,  623,  766,  494,  789,  558,  296,  279,  241,   78,  676,   97,  790,  147,  310,  439,  424,  321],
        [  445,    0,  764,  823,  721,  700,  501,  292,  485,  399,  502,  811,  416,  633,  309,  360,  526,  681,  814,  214,  626,  395,    0,  897,  148,  469,  110,  710,  838,  595,   98,  824,  959,  529,  397,  390,   98,  524,  827,  330,  817,  488,  635,  510,  427,  241,  615,   23,  757,  830,  442,  567,  403,  423,  356,  346,  477,  796,  751,  458,  587,  149,  525,   74,  567,  511,  645,  804,  792,  220,  461,  365,  149,  518,  317,  376,  861,  388,  398,  395,  868,  724,  162,  793,  300,  289,  225,   81,  148,  188,  832,  580,  232,  478,  665,  514,  414,  844,  696,  446,  162,  676,  638,  691,  277,  230,  592,  779,  602,  336,  839,  807,  757,  148,  770,  223,  683,  638,  494,  344,  304,  373,  899,  435,  414,  522,  222,  664],
        [  472,    0,  406,  769,  179,  219,  733, 1120,  441,  830, 1094,   87,  574,  736, 1073,  609,  588,  350,  320, 1006,  621,  854,  897,    0,  949,  555,  792,  391,  809, 1006,  894,  461,  883,  872,  828,  699,  921,  382,  153,  819,  821,  430,  762,  513, 1207, 1098,  850,  875,  162,  578,  483,  649, 1162,  701,  622,  780,  802,  304,  446,  771,  349,  825,  461,  891,  331,  601,  255,  109,  426, 1027,  471,  838,  753,  928,  880,  614,   57, 1043, 1023, 1015,   95,  177,  769,  582, 1033,  848,  699,  902,  960,  860,  345,  321,  869,  820,  519,  544,  726,  286,  276,  462,  984,  800,  317,  228,  769,  689,  411,  801,  969,  633,  693,  337,  161,  819,  166,  795,  853,  749, 1094,  903,  897,  761,  149, 1000,  555,  420,  681,  708],
        [  531,    0,  871,  963,  771,  738,  642,  387,  514,  546,  639,  864,  531,  773,  429,  357,  488,  778,  911,  340,  758,  542,  148,  949,    0,  587,  187,  814,  979,  741,   67,  937, 1101,  677,  297,  527,  240,  568,  858,  477,  959,  522,  778,  499,  528,  326,  762,  151,  797,  954,  470,  701,  514,  561,  475,  490,  623,  890,  863,  373,  614,  124,  629,  221,  622,  639,  707,  865,  901,  338,  554,  263,  253,  396,  465,  497,  907,  523,  538,  535,  906,  783,  183,  919,  430,  437,  251,  226,  280,  336,  932,  629,  128,  624,  785,  492,  347,  935,  717,  488,   36,  820,  661,  729,  219,  341,  692,  921,  749,  455,  972,  906,  798,  130,  806,  171,  829,  780,  631,  491,  183,  516,  972,  578,  524,  613,  278,  802],
        [  157,    0,  300,  423,  419,  441,  197,  604,  367,  275,  539,  480,   56,  270,  540,  431,  575,  240,  364,  492,  195,  299,  469,  555,  587,    0,  401,  251,  451,  468,  520,  356,  571,  333,  658,  146,  444,  329,  561,  270,  442,  350,  289,  493,  668,  599,  344,  453,  476,  370,  358,  163,  620,  147,  114,  229,  255,  352,  283,  660,  411,  488,   95,  427,  306,   82,  328,  447,  325,  515,  129,  644,  335,  801,  332,   94,  544,  493,  470,  462,  572,  390,  429,  336,  497,  306,  389,  434,  465,  350,  377,  335,  581,  273,  199,  527,  594,  401,  495,  315,  614,  339,  454,  437,  526,  246,  153,  405,  438,  134,  406,  354,  475,  481,  500,  512,  379,  282,  539,  352,  646,  207,  497,  446,   71,  147,  340,  273],
        [  350,    0,  685,  788,  614,  591,  473,  390,  376,  398,  555,  705,  345,  602,  390,  256,  428,  594,  727,  296,  576,  401,  110,  792,  187,  401,    0,  629,  807,  617,  120,  751,  930,  530,  341,  353,  176,  416,  718,  330,  789,  379,  609,  405,  518,  345,  605,   88,  649,  769,  332,  522,  488,  388,  290,  332,  466,  707,  676,  388,  477,  100,  443,  140,  461,  456,  542,  701,  715,  307,  371,  314,   68,  477,  337,  312,  754,  446,  450,  445,  760,  619,   70,  734,  372,  301,  118,  153,  230,  213,  748,  473,  203,  470,  599,  412,  335,  754,  586,  337,  216,  654,  528,  582,  205,  156,  508,  750,  616,  270,  792,  722,  649,   94,  661,  159,  669,  609,  549,  369,  277,  353,  800,  475,  338,  431,  113,  627],
        [  293,    0,   60,  389,  329,  383,  373,  853,  447,  496,  749,  342,  299,  350,  785,  578,  669,   63,  117,  742,  236,  521,  710,  391,  814,  251,  629,    0,  428,  634,  749,  139,  518,  505,  825,  384,  693,  379,  461,  509,  437,  427,  376,  577,  907,  849,  468,  692,  385,  223,  463,  276,  859,  371,  359,  469,  446,  111,   75,  803,  431,  704,  187,  674,  318,  254,  269,  291,   94,  765,  265,  819,  568,  959,  572,  341,  403,  724,  698,  690,  444,  280,  642,  211,  741,  551,  587,  682,  715,  601,  126,  341,  785,  464,  131,  616,  741,  158,  463,  417,  844,  411,  449,  384,  710,  481,  124,  413,  594,  378,  323,  104,  384,  696,  412,  710,  464,  362,  752,  586,  841,  442,  285,  663,  297,  212,  545,  318],
        [  599,    0,  404,   41,  754,  803,  338,  831,  804,  455,  586,  768,  498,  206,  742,  881, 1021,  484,  493,  752,  259,  469,  838,  809,  979,  451,  807,  428,    0,  406,  915,  358,  124,  352, 1103,  454,  772,  752,  888,  517,   31,  786,  203,  935,  817,  859,  255,  830,  812,  242,  802,  294,  771,  419,  533,  494,  370,  507,  365, 1110,  824,  904,  488,  773,  707,  373,  683,  717,  386,  772,  566, 1086,  740, 1246,  554,  514,  829,  631,  599,  593,  870,  706,  852,  230,  700,  564,  827,  774,  764,  661,  473,  735, 1005,  376,  318,  971, 1044,  533,  878,  757,  998,  169,  853,  802,  966,  659,  477,   61,  363,  552,  126,  476,  810,  897,  839,  943,  189,  200,  593,  544, 1076,  466,  681,  543,  520,  550,  776,  183],
        [  609,    0,  648,  420,  884,  909,  274,  475,  804,  233,  186,  937,  474,  298,  385,  799,  974,  660,  742,  431,  402,  221,  595, 1006,  741,  468,  617,  634,  406,    0,  690,  649,  493,  136,  956,  349,  503,  783, 1027,  293,  375,  791,  275,  910,  426,  520,  178,  597,  942,  568,  780,  359,  385,  329,  461,  307,  213,  743,  610,  993,  868,  713,  557,  521,  771,  407,  794,  898,  651,  445,  588,  930,  564, 1093,  281,  454, 1002,  261,  232,  230, 1034,  851,  682,  535,  353,  316,  691,  516,  471,  411,  737,  799,  813,  197,  507,  936,  933,  786,  959,  747,  748,  265,  914,  904,  816,  521,  596,  353,   45,  466,  492,  726,  941,  708,  967,  775,  223,  289,  194,  252,  888,  303,  918,  177,  501,  614,  645,  341],
        [  467,    0,  805,  898,  716,  687,  578,  373,  464,  487,  599,  808,  465,  709,  400,  316,  464,  713,  846,  307,  691,  485,   98,  894,   67,  520,  120,  749,  915,  690,    0,  871, 1037,  619,  306,  462,  195,  514,  809,  418,  895,  470,  714,  463,  511,  315,  701,   93,  745,  887,  420,  635,  492,  496,  409,  428,  562,  825,  796,  373,  565,   78,  563,  171,  565,  572,  649,  808,  835,  310,  489,  273,  186,  422,  410,  430,  854,  484,  496,  492,  855,  726,  126,  852,  395,  380,  197,  178,  243,  280,  867,  574,  137,  564,  718,  461,  336,  872,  671,  434,   97,  757,  613,  677,  200,  274,  627,  857,  695,  388,  906,  841,  746,   82,  755,  146,  767,  716,  591,  439,  207,  453,  912,  532,  458,  548,  217,  737],
        [  427,    0,   81,  318,  443,  503,  420,  936,  585,  558,  790,  433,  409,  352,  861,  715,  807,  198,  142,  830,  257,  582,  824,  461,  937,  356,  751,  139,  358,  649,  871,    0,  423,  533,  962,  466,  796,  516,  561,  586,  375,  565,  375,  715,  974,  940,  473,  808,  494,  119,  601,  317,  925,  446,  469,  547,  492,  161,   75,  942,  565,  831,  313,  781,  454,  330,  397,  379,   47,  853,  397,  955,  687, 1097,  645,  449,  488,  784,  755,  747,  532,  392,  769,  131,  816,  631,  718,  788,  812,  696,  118,  476,  916,  508,  169,  753,  879,  178,  586,  555,  966,  396,  578,  505,  845,  598,  257,  362,  606,  489,  235,  125,  493,  823,  520,  842,  449,  361,  794,  654,  974,  517,  326,  713,  413,  348,  674,  310],
        [  715,    0,  484,  149,  847,  900,  460,  940,  918,  572,  678,  851,  619,  329,  850, 1001, 1137,  578,  564,  866,  377,  585,  959,  883, 1101,  571,  930,  518,  124,  493, 1037,  423,    0,  461, 1225,  577,  892,  862,  976,  636,  143,  899,  324, 1050,  915,  971,  363,  951,  903,  306,  918,  416,  871,  542,  656,  615,  488,  582,  448, 1230,  930, 1027,  601,  894,  814,  494,  782,  798,  460,  885,  682, 1208,  862, 1368,  670,  636,  908,  734,  702,  697,  952,  797,  975,  308,  810,  683,  949,  894,  881,  781,  540,  841, 1128,  492,  422, 1086, 1164,  600,  978,  872, 1120,  286,  957,  900, 1088,  782,  583,  181,  454,  674,  196,  547,  902, 1020,  930, 1066,  294,  322,  686,  658, 1199,  587,  747,  645,  640,  661,  898,  306],
        [  477,    0,  524,  354,  749,  774,  140,  480,  677,  132,  260,  803,  343,  189,  391,  686,  857,  528,  616,  407,  279,  135,  529,  872,  677,  333,  530,  505,  352,  136,  619,  533,  461,    0,  862,  222,  448,  652,  892,  202,  324,  663,  173,  788,  471,  511,   98,  527,  807,  466,  656,  230,  424,  199,  335,  200,   82,  615,  487,  892,  737,  629,  422,  457,  638,  272,  659,  764,  530,  426,  455,  838,  470, 1003,  218,  326,  868,  281,  249,  243,  899,  716,  590,  430,  350,  240,  589,  455,  429,  342,  614,  666,  732,   68,  382,  816,  829,  660,  826,  620,  689,  186,  782,  769,  721,  414,  461,  292,  107,  343,  409,  600,  806,  623,  832,  685,  168,  185,  264,  200,  806,  187,  787,  195,  370,  480,  540,  235],
        [  538,    0,  884, 1077,  662,  611,  785,  677,  405,  733,  891,  752,  607,  904,  704,  248,  259,  772,  893,  610,  852,  738,  397,  828,  297,  658,  341,  825, 1103,  956,  306,  962, 1225,  862,    0,  664,  493,  477,  703,  666, 1090,  422,  916,  317,  816,  617,  930,  384,  667, 1013,  374,  810,  797,  698,  571,  663,  792,  868,  890,   85,  482,  252,  657,  462,  544,  732,  629,  772,  918,  614,  570,   34,  394,  144,  678,  590,  777,  779,  787,  782,  762,  692,  275,  983,  696,  641,  279,  472,  544,  553,  920,  537,  171,  799,  842,  290,  104,  905,  559,  415,  321,  965,  513,  602,  142,  454,  706, 1051,  954,  553, 1063,  893,  668,  255,  666,  183,  988,  914,  885,  710,  122,  679,  895,  815,  588,  615,  330,  920],
        [  263,    0,  424,  436,  556,  571,  122,  472,  456,  133,  397,  622,  131,  249,  402,  469,  637,  382,  500,  364,  239,  156,  390,  699,  527,  146,  353,  384,  454,  349,  462,  466,  577,  222,  664,    0,  340,  436,  696,  127,  436,  443,  256,  566,  525,  474,  269,  380,  611,  449,  434,  177,  477,   35,  113,   86,  142,  490,  399,  684,  521,  452,  240,  333,  429,  137,  464,  591,  444,  387,  246,  643,  287,  807,  189,  106,  685,  348,  325,  317,  711,  530,  402,  411,  357,  168,  385,  337,  349,  234,  508,  456,  553,  155,  298,  595,  619,  539,  615,  399,  548,  303,  568,  565,  523,  211,  297,  398,  327,  122,  449,  488,  610,  445,  634,  495,  325,  256,  397,  207,  625,   62,  642,  302,  156,  284,  335,  275],
        [  454,    0,  743,  761,  748,  735,  438,  217,  533,  322,  404,  835,  395,  570,  217,  430,  604,  672,  803,  122,  579,  314,   98,  921,  240,  444,  176,  693,  772,  503,  195,  796,  892,  448,  493,  340,    0,  561,  865,  256,  749,  533,  569,  577,  343,  180,  539,  109,  789,  788,  492,  516,  314,  370,  334,  280,  404,  787,  725,  551,  632,  242,  514,   36,  595,  472,  666,  822,  768,  132,  463,  461,  178,  616,  231,  352,  890,  290,  301,  298,  901,  744,  242,  751,  204,  210,  291,   24,   54,  112,  818,  612,  329,  402,  631,  586,  504,  836,  741,  487,  245,  606,  684,  726,  368,  233,  581,  712,  513,  316,  785,  794,  790,  240,  805,  316,  608,  574,  397,  255,  401,  310,  907,  339,  400,  523,  274,  605],
        [  176,    0,  435,  717,  204,  176,  523,  772,   74,  564,  817,  297,  310,  593,  741,  238,  291,  318,  424,  661,  498,  584,  524,  382,  568,  329,  416,  379,  752,  783,  514,  516,  862,  652,  477,  436,  561,    0,  304,  528,  749,   56,  614,  199,  877,  741,  673,  502,  233,  594,  106,  486,  837,  455,  328,  496,  572,  398,  452,  440,   86,  444,  266,  529,   68,  407,  153,  304,  470,  680,  201,  480,  386,  600,  579,  331,  340,  740,  727,  719,  344,  221,  388,  573,  706,  541,  318,  541,  606,  522,  453,   63,  492,  587,  441,  238,  382,  431,  187,   81,  603,  664,  135,  167,  394,  340,  281,  715,  758,  328,  674,  428,  233,  438,  246,  416,  706,  605,  815,  609,  527,  489,  422,  721,  283,  202,  304,  587],
        [  442,    0,  493,  849,  144,  131,  754, 1075,  346,  829, 1091,  130,  566,  783, 1038,  505,  453,  406,  423,  962,  670,  851,  827,  153,  858,  561,  718,  461,  888, 1027,  809,  561,  976,  892,  703,  696,  865,  304,    0,  806,  896,  340,  808,  387, 1175, 1044,  887,  804,   86,  672,  390,  685, 1132,  706,  602,  769,  816,  401,  528,  639,  244,  735,  470,  833,  277,  623,  234,  184,  519,  982,  452,  717,  690,  793,  862,  599,   98, 1026, 1010, 1002,   63,  185,  684,  668, 1002,  826,  613,  845,  909,  821,  452,  255,  765,  833,  579,  414,  600,  399,  145,  381,  893,  852,  199,  139,  661,  640,  440,  870,  995,  608,  781,  437,   87,  730,   63,  695,  902,  796, 1090,  889,  783,  756,  287,  996,  542,  415,  605,  762],
        [  365,    0,  548,  507,  669,  678,  188,  351,  534,   70,  289,  740,  245,  316,  277,  510,  687,  508,  626,  250,  343,   73,  330,  819,  477,  270,  330,  509,  517,  293,  418,  586,  636,  202,  666,  127,  256,  528,  806,    0,  493,  524,  314,  629,  399,  361,  285,  327,  722,  556,  505,  279,  351,  141,  204,   42,  149,  616,  521,  701,  612,  429,  363,  261,  532,  259,  578,  712,  567,  272,  355,  641,  273,  805,   63,  208,  802,  225,  205,  197,  825,  648,  392,  518,  232,   50,  398,  260,  249,  146,  633,  558,  531,  148,  417,  652,  641,  665,  713,  477,  491,  350,  662,  671,  526,  230,  422,  456,  288,  201,  537,  613,  721,  423,  744,  487,  353,  320,  287,   85,  606,   69,  767,  193,  266,  400,  353,  354],
        [  593,    0,  416,   60,  760,  807,  318,  804,  800,  431,  556,  778,  487,  188,  714,  871, 1015,  491,  507,  726,  253,  444,  817,  821,  959,  442,  789,  437,   31,  375,  895,  375,  143,  324, 1090,  436,  749,  749,  896,  493,    0,  781,  182,  930,  787,  833,  226,  809,  818,  261,  796,  282,  742,  401,  520,  472,  346,  520,  376, 1098,  823,  887,  484,  751,  707,  363,  687,  727,  400,  746,  560, 1072,  722, 1233,  529,  501,  839,  602,  570,  564,  880,  713,  836,  245,  673,  541,  812,  752,  739,  638,  489,  735,  988,  351,  321,  965, 1033,  548,  880,  751,  977,  144,  854,  806,  952,  643,  478,   39,  332,  537,  149,  490,  817,  880,  845,  927,  160,  180,  563,  518, 1060,  444,  696,  514,  510,  547,  761,  171],
        [  194,    0,  485,  752,  253,  217,  539,  747,   20,  566,  812,  346,  323,  618,  721,  184,  244,  368,  477,  638,  529,  584,  488,  430,  522,  350,  379,  427,  786,  791,  470,  565,  899,  663,  422,  443,  533,   56,  340,  524,  781,    0,  639,  153,  857,  712,  691,  466,  276,  638,   54,  511,  818,  465,  331,  496,  582,  452,  499,  385,  100,  398,  299,  499,  123,  431,  208,  356,  519,  655,  223,  425,  356,  545,  572,  338,  386,  729,  719,  711,  385,  275,  345,  616,  689,  532,  274,  511,  580,  504,  506,  117,  441,  597,  481,  191,  327,  485,  209,   48,  557,  689,  152,  208,  342,  321,  323,  747,  769,  328,  714,  480,  276,  393,  285,  366,  728,  631,  809,  603,  473,  492,  476,  717,  296,  238,  267,  616],
        [  445,    0,  381,  194,  665,  703,  136,  640,  655,  255,  430,  703,  325,   26,  553,  707,  861,  413,  476,  554,  141,  271,  635,  762,  778,  289,  609,  376,  203,  275,  714,  375,  324,  173,  916,  256,  569,  614,  808,  314,  182,  639,    0,  781,  642,  663,   98,  628,  724,  296,  645,  129,  594,  222,  348,  291,  170,  480,  341,  930,  694,  707,  354,  570,  583,  208,  582,  657,  380,  575,  416,  897,  542, 1060,  355,  331,  767,  450,  419,  412,  803,  625,  658,  262,  510,  362,  638,  571,  562,  458,  468,  612,  809,  178,  245,  814,  865,  520,  767,  603,  796,   51,  732,  700,  777,  466,  369,  144,  231,  364,  238,  459,  724,  701,  751,  750,   95,   15,  435,  348,  881,  263,  659,  367,  350,  418,  587,   67],
        [  338,    0,  634,  903,  352,  296,  672,  793,  133,  679,  908,  438,  458,  762,  784,  150,   93,  517,  619,  694,  678,  695,  510,  513,  499,  493,  405,  577,  935,  910,  463,  715, 1050,  788,  317,  566,  577,  199,  387,  629,  930,  153,  781,    0,  917,  749,  826,  488,  352,  791,  136,  656,  883,  593,  454,  606,  708,  593,  650,  260,  172,  385,  450,  542,  263,  574,  337,  464,  668,  708,  370,  331,  407,  419,  667,  464,  460,  814,  808,  802,  445,  389,  349,  768,  758,  626,  287,  554,  630,  577,  649,  246,  391,  721,  633,   39,  214,  623,  243,  179,  534,  831,  196,  288,  286,  404,  475,  895,  892,  446,  866,  624,  353,  382,  349,  329,  868,  774,  904,  700,  400,  608,  590,  816,  432,  390,  307,  763],
        [  738,    0,  944,  823, 1046, 1044,  555,  141,  861,  417,  243, 1124,  637,  655,  137,  771,  946,  906, 1024,  224,  720,  393,  427, 1207,  528,  668,  518,  907,  817,  426,  511,  974,  915,  471,  816,  525,  343,  877, 1175,  399,  787,  857,  642,  917,    0,  204,  564,  445, 1094,  926,  822,  658,   49,  536,  585,  440,  487, 1014,  914,  883,  955,  575,  758,  378,  898,  655,  957, 1101,  959,  211,  737,  783,  511,  923,  337,  595, 1184,  193,  224,  231, 1203, 1032,  583,  889,  174,  363,  633,  366,  289,  355, 1030,  920,  646,  473,  807,  928,  841, 1064, 1063,  810,  514,  655, 1007, 1036,  703,  538,  820,  759,  463,  575,  879, 1011, 1094,  574, 1113,  649,  628,  653,  234,  322,  709,  466, 1164,  276,  653,  789,  611,  700],
        [  628,    0,  895,  856,  927,  915,  546,   64,  712,  410,  367, 1012,  555,  670,  138,  599,  766,  834,  962,  112,  704,  392,  241, 1098,  326,  599,  345,  849,  859,  520,  315,  940,  971,  511,  617,  474,  180,  741, 1044,  361,  833,  712,  663,  749,  204,    0,  609,  262,  969,  916,  670,  639,  197,  497,  496,  397,  494,  948,  872,  687,  811,  384,  677,  213,  774,  611,  844,  997,  917,   90,  635,  584,  357,  721,  310,  512, 1068,  261,  288,  290, 1080,  921,  403,  878,  167,  313,  462,  201,  139,  249,  974,  791,  446,  486,  772,  754,  649,  998,  921,  666,  311,  691,  863,  906,  512,  409,  744,  799,  544,  480,  894,  952,  969,  384,  985,  458,  678,  671,  358,  316,  508,  428, 1078,  344,  564,  693,  450,  710],
        [  499,    0,  476,  259,  744,  776,  154,  578,  706,  217,  341,  787,  369,  122,  488,  737,  901,  501,  572,  504,  233,  226,  615,  850,  762,  344,  605,  468,  255,  178,  701,  473,  363,   98,  930,  269,  539,  673,  887,  285,  226,  691,   98,  826,  564,  609,    0,  611,  803,  391,  691,  203,  518,  238,  377,  274,  141,  574,  437,  952,  755,  705,  422,  545,  649,  270,  657,  744,  477,  523,  473,  908,  542, 1072,  311,  363,  852,  377,  345,  339,  887,  706,  661,  358,  447,  329,  652,  544,  523,  430,  565,  678,  808,  138,  339,  857,  888,  616,  836,  651,  776,   93,  797,  773,  788,  476,  448,  196,  134,  389,  321,  555,  802,  699,  829,  756,   71,  112,  347,  296,  882,  253,  752,  289,  396,  485,  602,  164],
        [  425,    0,  747,  814,  699,  677,  492,  311,  463,  396,  511,  789,  399,  624,  324,  339,  506,  662,  795,  229,  614,  393,   23,  875,  151,  453,   88,  692,  830,  597,   93,  808,  951,  527,  384,  380,  109,  502,  804,  327,  809,  466,  628,  488,  445,  262,  611,    0,  734,  816,  419,  555,  419,  413,  340,  339,  472,  777,  734,  442,  564,  134,  507,   80,  545,  498,  624,  782,  775,  236,  441,  353,  128,  509,  318,  361,  839,  397,  407,  403,  845,  702,  142,  779,  312,  288,  202,   89,  162,  187,  814,  558,  222,  473,  649,  493,  397,  824,  673,  423,  169,  669,  615,  668,  260,  212,  573,  771,  602,  320,  827,  788,  734,  132,  747,  208,  678,  630,  504,  346,  296,  365,  878,  441,  397,  502,  199,  654],
