{
    "name": "random-7-21089",
    "comment": "size=7 seed=21089",
    "nodes": ["+0", "-0", "+1", "-1", "+2", "-2", "+3", "-3", "+4", "-4", "+5", "-5", "+6", "-6", "+7", "-7"],
    "precedence": {
        "+0": "-0",
        "+1": "-1",
        "+2": "-2",
        "+3": "-3",
        "+4": "-4",
        "+5": "-5",
        "+6": "-6",
        "+7": "-7"
    },
    "edges": [
        [    0,    0,  387,  385,  303,  293,  315,  422,  779,  466,  164,  503,  197,  592,  410,  657],
        [    0,    0,  387,  385,  303,  293,  315,  422,  779,  466,  164,  503,  197,  592,  410,  657],
        [  387,  387,    0,  694,  166,  169,   75,  770,  616,  837,  534,  405,  566,  751,  660,  616],
        [  385,  385,  694,    0,  668,  659,  638,  120,  787,  233,  240,  555,  215,  324,  118,  584],
        [  303,  303,  166,  668,    0,   11,  113,  721,  761,  769,  466,  522,  500,  795,  662,  726],
        [  293,  293,  169,  659,   11,    0,  113,  711,  760,  759,  456,  519,  490,  788,  653,  723],
        [  315,  315,   75,  638,  113,  113,    0,  708,  649,  771,  466,  415,  499,  722,  613,  622],
        [  422,  422,  770,  120,  721,  711,  708,    0,  906,  114,  260,  669,  227,  430,  236,  703],
        [  779,  779,  616,  787,  761,  760,  649,  906,    0, 1016,  818,  276,  832,  570,  677,  225],
        [  466,  466,  837,  233,  769,  759,  771,  114, 1016,    0,  306,  773,  273,  540,  350,  816],
        [  164,  164,  534,  240,  466,  456,  466,  260,  818,  306,    0,  548,   34,  507,  299,  658],
        [  503,  503,  405,  555,  522,  519,  415,  669,  276,  773,  548,    0,  565,  435,  460,  211],
        [  197,  197,  566,  215,  500,  490,  499,  227,  832,  273,   34,  565,    0,  496,  284,  665],
        [  592,  592,  751,  324,  795,  788,  722,  430,  570,  540,  507,  435,  496,    0,  216,  346],
        [  410,  410,  660,  118,  662,  653,  613,  236,  677,  350,  299,  460,  284,  216,    0,  469],
        [  657,  657,  616,  584,  726,  723,  622,  703,  225,  816,  658,  211,  665,  346,  469,    0]
    ]
}
