{
    "name": "random-71-26000",
    "comment": "size=71 seed=26000",
    "nodes": ["+0", "-0", "+1", "-1", "+2", "-2", "+3", "-3", "+4", "-4", "+5", "-5", "+6", "-6", "+7", "-7", "+8", "-8", "+9", "-9", "+10", "-10", "+11", "-11", "+12", "-12", "+13", "-13", "+14", "-14", "+15", "-15", "+16", "-16", "+17", "-17", "+18", "-18", "+19", "-19", "+20", "-20", "+21", "-21", "+22", "-22", "+23", "-23", "+24", "-24", "+25", "-25", "+26", "-26", "+27", "-27", "+28", "-28", "+29", "-29", "+30", "-30", "+31", "-31", "+32", "-32", "+33", "-33", "+34", "-34", "+35", "-35", "+36", "-36", "+37", "-37", "+38", "-38", "+39", "-39", "+40", "-40", "+41", "-41", "+42", "-42", "+43", "-43", "+44", "-44", "+45", "-45", "+46", "-46", "+47", "-47", "+48", "-48", "+49", "-49", "+50", "-50", "+51", "-51", "+52", "-52", "+53", "-53", "+54", "-54", "+55", "-55", "+56", "-56", "+57", "-57", "+58", "-58", "+59", "-59", "+60", "-60", "+61", "-61", "+62", "-62", "+63", "-63", "+64", "-64", "+65", "-65", "+66", "-66", "+67", "-67", "+68", "-68", "+69", "-69", "+70", "-70", "+71", "-71"],
    "precedence": {
        "+0": "-0",
        "+1": "-1",
        "+2": "-2",
        "+3": "-3",
        "+4": "-4",
        "+5": "-5",
        "+6": "-6",
        "+7": "-7",
        "+8": "-8",
        "+9": "-9",
        "+10": "-10",
        "+11": "-11",
        "+12": "-12",
        "+13": "-13",
        "+14": "-14",
        "+15": "-15",
        "+16": "-16",
        "+17": "-17",
        "+18": "-18",
        "+19": "-19",
        "+20": "-20",
        "+21": "-21",
        "+22": "-22",
        "+23": "-23",
        "+24": "-24",
        "+25": "-25",
        "+26": "-26",
        "+27": "-27",
        "+28": "-28",
        "+29": "-29",
        "+30": "-30",
        "+31": "-31",
        "+32": "-32",
        "+33": "-33",
        "+34": "-34",
        "+35": "-35",
        "+36": "-36",
        "+37": "-37",
        "+38": "-38",
        "+39": "-39",
        "+40": "-40",
        "+41": "-41",
        "+42": "-42",
        "+43": "-43",
        "+44": "-44",
        "+45": "-45",
        "+46": "-46",
        "+47": "-47",
        "+48": "-48",
        "+49": "-49",
        "+50": "-50",
        "+51": "-51",
        "+52": "-52",
        "+53": "-53",
        "+54": "-54",
        "+55": "-55",
        "+56": "-56",
        "+57": "-57",
        "+58": "-58",
        "+59": "-59",
        "+60": "-60",
        "+61": "-61",
        "+62": "-62",
        "+63": "-63",
        "+64": "-64",
        "+65": "-65",
        "+66": "-66",
        "+67": "-67",
        "+68": "-68",
        "+69": "-69",
        "+70": "-70",
        "+71": "-71"
    },
    "edges": [
        [    0,    0,  749,  852,  449,  764,  572,  776,  585, 1026,  872,  689,  808,  555,  999,  950,  602,  821,  822,  414,  362,  868,  476,  987, 1089,  654,  247,  771,  259,  635,  826,  343,  364,  446,  343,  610,   24,  971,  335,   95,  784,  710,  623,  840, 1145,  660,  494, 1127,  622,  870,  665,  940,  647,  738,  936,  337, 1197, 1078,  465,  991, 1192,  766,  491,  938,  562,  730,  733, 1156,  551, 1056,  823,  505,  728,  647, 1022,  610,  888, 1223,  788,  648,  481,  659,  553,  635,  809, 1032,  846,  998,  424,  622,  712,  351,  739,  228,  563, 1101,  632,  975,  839, 1308,  344,  936, 1146,  710,  306,  883,  803,  801,  996,  857, 1076,  620,  724,  744,  421,  883,  420,  742, 1004,  881,  579, 1067,  851,  959,  385,  327, 1027,  381,  637,  833,  222, 1033,  993,  682,  883,  956,  261,  687, 1178, 1043,  219,  913, 1101,   92],
        [    0,    0,    0,    0,    0,    0,    0,    0,    0,    0,    0,    0,    0,    0,    0,    0,    0,    0,    0,    0,    0,    0,    0,    0,    0,    0,    0,    0,    0,    0,    0,    0,    0,    0,    0,    0,    0,    0,    0,    0,    0,    0,    0,    0,    0,    0,    0,    0,    0,    0,    0,    0,    0,    0,    0,    0,    0,    0,    0,    0,    0,    0,    0,    0,    0,    0,    0,    0,    0,    0,    0,    0,    0,    0,    0,    0,    0,    0,    0,    0,    0,    0,    0,    0,    0,    0,    0,    0,    0,    0,    0,    0,    0,    0,    0,    0,    0,    0,    0,    0,    0,    0,    0,    0,    0,    0,    0,    0,    0,    0,    0,    0,    0,    0,    0,    0,    0,    0,    0,    0,    0,    0,    0,    0,    0,    0,    0,    0,    0,    0,    0,    0,    0,    0,    0,    0,    0,    0,    0,    0,    0,    0,    0,    0],
        [  749,    0,    0,  361,  338,  731,  737,  360,  338,  323,  124,  171,  440,  388,  305,  421,  347,  385,  315,  519,  470,  132,  545,  709,  393,  383,  635,  408,  497,  383,  159,  513,  391,  452,  445,  144,  760,  507,  419,  655,  264,   79,  666,  479,  406,  165,  515,  503,  362,  328,  348,  505,  408,  127,  805,  414,  526,  438,  428,  257,  489,  250,  340,  633,  261,  186,  170,  542,  496,  501,  405,  397,   70,  259,  542,  524,  150,  535,  814,  218,  336,  338,  264,  340,  662,  342,  504,  784,  461,  188,  721,  456,  167,  528,  591,  560,  118,  408,   90,  617,  460,  349,  547,  119,  456,  764,  332,  755,  352,  242,  354,  176,   73,  574,  422,  363,  361,  139,  470,  433,  221,  351,  131,  541,  550,  502,  371,  369,  743,  215,  531,  311,  861,  643,  420,  520,  542,  333,  510,  683,  554,  185,  407,  701],
        [  852,    0,  361,    0,  417,  465,  566,   83,  268,  290,  382,  232,  800,  703,  262,   99,  252,   53,  675,  471,  493,  313,  446,  356,  317,  212,  647,  766,  659,  230,  218,  520,  578,  418,  512,  368,  853,  153,  595,  770,  103,  302,  465,  141,  445,  506,  413,  284,  697,   52,  694,  145,  230,  488,  482,  577,  374,  252,  711,  507,  404,  610,  365,  282,  566,  191,  203,  308,  360,  205,   71,  694,  299,  217,  197,  339,  434,  412,  550,  558,  377,  683,  563,  678,  364,  273,  167,  439,  439,  287,  478,  502,  203,  634,  428,  253,  398,  128,  362,  491,  509,  112,  295,  262,  558,  451,   50,  475,  197,  591,  354,  495,  298,  300,  432,   35,  596,  499,  154,   73,  316,  335,  454,  181,  509,  529,  227,  541,  540,  158,  644,  329,  530,  408,   59,  160,  738,  167,  356,  322,  634,  473,  321,  775],
        [  449,    0,  338,  417,    0,  528,  453,  349,  165,  580,  457,  241,  606,  401,  552,  514,  187,  395,  543,  199,  133,  436,  250,  641,  641,  252,  298,  564,  244,  235,  381,  177,  180,  142,  113,  197,  454,  552,  188,  361,  338,  279,  416,  441,  706,  328,  231,  681,  432,  427,  455,  528,  258,  382,  662,  167,  748,  631,  363,  594,  744,  469,   62,  575,  295,  281,  285,  712,  247,  620,  403,  368,  297,  202,  602,  304,  487,  774,  595,  352,   47,  444,  285,  426,  510,  584,  456,  685,  141,  177,  496,  119,  292,  224,  330,  670,  239,  534,  422,  859,  124,  490,  704,  269,  145,  610,  367,  562,  547,  525,  633,  288,  292,  420,   96,  444,  230,  392,  570,  459,  133,  622,  462,  554,  224,  165,  578,  142,  481,  384,  232,  590,  724,  428,  457,  544,  328,  261,  730,  667,  234,  520,  653,  384],
        [  764,    0,  731,  465,  528,    0,  215,  407,  410,  754,  803,  561, 1115,  928,  726,  513,  395,  413, 1023,  384,  477,  743,  311,  290,  775,  349,  518, 1074,  710,  351,  644,  463,  693,  402,  534,  647,  752,  450,  690,  722,  506,  653,  142,  333,  908,  812,  313,  692,  955,  516,  972,  414,  325,  835,  175,  666,  799,  688,  888,  944,  849,  949,  474,  289,  813,  554,  570,  696,  282,  577,  394,  895,  663,  474,  484,  227,  852,  844,   87,  851,  488,  960,  805,  946,  115,  735,  313,  257,  416,  559,   55,  506,  576,  630,  215,  583,  696,  560,  774,  909,  512,  571,  673,  613,  589,  127,  453,   38,  656,  970,  817,  781,  659,  167,  454,  493,  755,  847,  533,  420,  548,  798,  855,  401,  397,  491,  683,  659,  149,  595,  644,  793,  230,  101,  436,  418,  801,  401,  784,  385,  599,  893,  777,  673],
        [  572,    0,  737,  566,  453,  215,    0,  490,  400,  845,  833,  577, 1058,  840,  815,  640,  395,  515,  990,  261,  356,  785,  203,  494,  881,  382,  336, 1016,  571,  373,  694,  325,  583,  311,  414,  621,  558,  602,  572,  545,  570,  660,  107,  464,  998,  775,  227,  832,  880,  611,  906,  564,  356,  817,  388,  550,  933,  813,  783,  979,  969,  916,  416,  476,  747,  586,  601,  844,  242,  724,  501,  800,  674,  487,  645,  232,  876,  974,  218,  803,  426,  895,  736,  876,  304,  833,  452,  471,  314,  550,  161,  385,  608,  480,  149,  744,  669,  683,  799, 1048,  389,  677,  824,  627,  461,  341,  536,  247,  761,  959,  909,  736,  670,  294,  360,  599,  656,  827,  674,  545,  523,  891,  867,  563,  254,  354,  792,  556,   69,  658,  494,  876,  437,  180,  557,  573,  657,  443,  916,  581,  441,  916,  886,  483],
        [  776,    0,  360,   83,  349,  407,  490,    0,  193,  357,  406,  204,  789,  668,  327,  177,  174,   47,  672,  389,  416,  342,  364,  352,  392,  130,  567,  753,  593,  148,  242,  441,  518,  338,  438,  333,  776,  204,  533,  696,  103,  289,  391,  122,  512,  486,  331,  366,  669,  122,  671,  182,  148,  481,  451,  513,  456,  333,  666,  542,  482,  604,  294,  277,  533,  174,  190,  389,  278,  281,   57,  653,  292,  160,  253,  260,  457,  493,  493,  536,  307,  660,  528,  652,  317,  344,  146,  425,  359,  244,  414,  426,  193,  561,  349,  325,  371,  210,  380,  573,  433,  190,  375,  246,  486,  413,   48,  423,  273,  599,  421,  469,  289,  240,  356,  117,  545,  493,  229,  110,  264,  403,  469,  212,  427,  451,  304,  481,  468,  189,  572,  392,  505,  341,  109,  199,  675,   90,  438,  342,  559,  497,  398,  697],
        [  585,    0,  338,  268,  165,  410,  400,  193,    0,  486,  434,  178,  705,  535,  456,  366,   23,  239,  614,  218,  226,  390,  220,  481,  537,   88,  385,  665,  406,   74,  306,  255,  342,  156,  246,  238,  585,  393,  353,  504,  212,  261,  329,  277,  630,  402,  186,  547,  553,  290,  566,  366,  100,  429,  520,  331,  626,  504,  513,  580,  637,  540,  105,  413,  410,  195,  207,  574,  159,  472,  243,  510,  274,   91,  444,  190,  477,  658,  488,  442,  119,  554,  403,  541,  367,  483,  292,  531,  175,  154,  391,  234,  214,  369,  254,  518,  286,  393,  400,  742,  241,  358,  563,  227,  295,  471,  220,  440,  429,  568,  546,  371,  270,  275,  165,  300,  383,  440,  420,  300,  138,  531,  468,  391,  256,  262,  461,  304,  406,  285,  380,  507,  581,  315,  301,  383,  492,  103,  608,  503,  367,  516,  547,  507],
        [ 1026,    0,  323,  290,  580,  754,  845,  357,  486,    0,  243,  339,  707,  708,   31,  260,  479,  342,  564,  704,  694,  194,  698,  605,   70,  468,  862,  685,  791,  481,  201,  731,  690,  640,  691,  431, 1033,  355,  715,  935,  280,  327,  748,  425,  156,  484,  664,  214,  674,  240,  653,  377,  492,  424,  756,  704,  206,  151,  751,  293,  170,  524,  550,  539,  583,  302,  296,  252,  620,  273,  360,  719,  310,  400,  361,  614,  278,  213,  839,  534,  556,  645,  586,  651,  651,   32,  448,  696,  657,  405,  767,  692,  289,  799,  701,  323,  428,  217,  253,  295,  698,  186,  267,  318,  721,  732,  310,  764,  109,  458,   65,  498,  314,  589,  634,  261,  674,  431,  275,  340,  448,   47,  323,  409,  741,  731,   97,  661,  825,  202,  805,   47,  797,  696,  324,  384,  849,  408,  192,  536,  814,  302,   85,  963],
        [  872,    0,  124,  382,  457,  803,  833,  406,  434,  243,    0,  257,  467,  477,  235,  414,  438,  419,  326,  630,  588,   70,  650,  738,  310,  462,  755,  444,  619,  466,  166,  631,  513,  562,  566,  266,  883,  510,  541,  778,  303,  181,  754,  517,  293,  256,  618,  448,  437,  337,  413,  517,  488,  186,  855,  536,  447,  381,  530,  146,  397,  282,  453,  663,  364,  252,  236,  487,  591,  474,  440,  495,  164,  347,  536,  611,   52,  447,  888,  301,  451,  405,  368,  413,  722,  269,  543,  820,  573,  295,  799,  576,  230,  651,  685,  531,  240,  389,   36,  524,  580,  333,  497,  208,  579,  819,  368,  823,  306,  225,  257,  280,  169,  639,  538,  373,  478,  192,  454,  453,  333,  259,   83,  554,  663,  621,  316,  492,  832,  225,  654,  217,  907,  722,  437,  530,  660,  405,  433,  695,  677,   92,  325,  824],
        [  689,    0,  171,  232,  241,  561,  577,  204,  178,  339,  257,    0,  587,  472,  312,  316,  182,  239,  474,  382,  358,  214,  395,  555,  401,  213,  528,  550,  462,  214,  142,  398,  368,  315,  353,  136,  694,  384,  390,  598,  131,   93,  500,  325,  470,  283,  363,  456,  468,  219,  468,  372,  238,  283,  639,  375,  513,  400,  481,  403,  504,  404,  215,  480,  335,   47,   45,  490,  335,  416,  257,  463,  102,   91,  428,  357,  301,  536,  644,  333,  218,  457,  331,  450,  494,  344,  348,  625,  330,   68,  551,  354,   51,  462,  429,  471,  169,  322,  223,  621,  359,  269,  487,   52,  383,  596,  190,  585,  313,  411,  393,  266,   98,  404,  301,  248,  373,  295,  372,  297,  110,  382,  297,  407,  418,  395,  342,  335,  578,  147,  468,  351,  696,  474,  288,  389,  531,  163,  495,  543,  475,  341,  413,  624],
        [  808,    0,  440,  800,  606, 1115, 1058,  789,  705,  707,  467,  587,    0,  255,  701,  859,  723,  820,  145,  801,  714,  529,  856, 1141,  771,  778,  829,   43,  576,  771,  595,  753,  504,  748,  661,  472,  828,  947,  527,  727,  701,  502, 1017,  910,  712,  307,  836,  915,  192,  768,  156,  944,  798,  313, 1218,  542,  908,  848,  344,  453,  846,  192,  649, 1065,  312,  617,  602,  954,  842,  933,  839,  305,  502,  656,  981,  890,  429,  901, 1190,  264,  637,  166,  323,  188, 1068,  735,  934, 1210,  745,  564, 1091,  687,  600,  662,  933,  992,  426,  843,  467,  969,  685,  784,  964,  544,  631, 1171,  768, 1145,  771,  253,  709,  335,  503,  975,  699,  803,  427,  302,  906,  871,  568,  716,  385,  980,  817,  729,  782,  518, 1086,  653,  654,  675, 1277, 1017,  859,  960,  548,  742,  895, 1121,  706,  412,  786,  809],
        [  555,    0,  388,  703,  401,  928,  840,  668,  535,  708,  477,  472,  255,    0,  692,  783,  555,  707,  283,  579,  486,  515,  643, 1007,  778,  619,  583,  217,  323,  607,  540,  522,  263,  537,  429,  337,  575,  855,  281,  473,  601,  414,  814,  784,  766,  225,  628,  889,   69,  685,  114,  843,  634,  292, 1054,  299,  913,  825,   92,  537,  871,  248,  455,  935,  137,  514,  503,  927,  647,  876,  723,   51,  423,  513,  898,  702,  463,  919,  995,  176,  440,  110,  141,   88,  901,  729,  805, 1064,  529,  424,  897,  457,  505,  413,  729,  934,  308,  781,  458,  999,  455,  723,  931,  447,  391, 1003,  661,  961,  738,  351,  732,  216,  422,  808,  484,  717,  186,  288,  837,  767,  410,  732,  414,  876,  590,  495,  759,  285,  876,  586,  404,  690, 1115,  828,  759,  860,  295,  600,  897, 1009,  457,  468,  793,  555],
        [  999,    0,  305,  262,  552,  726,  815,  327,  456,   31,  235,  312,  701,  692,    0,  238,  449,  313,  559,  674,  665,  180,  668,  583,   92,  438,  833,  678,  765,  451,  175,  702,  665,  610,  663,  407, 1005,  334,  690,  908,  249,  303,  718,  398,  185,  468,  634,  214,  661,  211,  641,  355,  462,  411,  731,  678,  222,  149,  732,  300,  194,  515,  521,  516,  565,  273,  267,  253,  589,  260,  332,  702,  288,  370,  343,  584,  274,  233,  811,  519,  527,  633,  567,  637,  624,   38,  422,  673,  627,  377,  738,  663,  261,  772,  670,  313,  407,  197,  241,  317,  669,  161,  266,  293,  694,  706,  280,  736,   90,  455,   94,  480,  291,  560,  605,  234,  652,  420,  258,  314,  421,   77,  316,  387,  711,  702,   86,  635,  795,  172,  778,   69,  774,  667,  297,  363,  826,  378,  206,  517,  786,  301,  105,  935],
        [  950,    0,  421,   99,  514,  513,  640,  177,  366,  260,  414,  316,  859,  783,  238,    0,  349,  136,  727,  566,  591,  345,  536,  346,  266,  306,  743,  828,  756,  325,  264,  617,  673,  514,  610,  451,  951,   99,  691,  868,  187,  372,  535,  182,  408,  576,  504,  194,  771,   99,  764,  117,  322,  547,  497,  672,  293,  176,  797,  521,  337,  667,  463,  279,  646,  272,  281,  213,  449,  107,  143,  778,  366,  313,  123,  421,  465,  336,  596,  629,  475,  753,  644,  751,  404,  235,  201,  436,  535,  376,  535,  600,  279,  732,  508,  157,  476,   48,  402,  409,  607,   84,  199,  337,  656,  476,  148,  518,  153,  635,  319,  570,  366,  357,  530,   71,  687,  558,   57,   96,  409,  299,  493,  150,  603,  627,  175,  636,  606,  206,  742,  306,  537,  472,   83,  125,  834,  264,  277,  285,  732,  500,  266,  872],
        [  602,    0,  347,  252,  187,  395,  395,  174,   23,  479,  438,  182,  723,  555,  449,  349,    0,  220,  629,  227,  242,  392,  222,  459,  528,   66,  398,  683,  427,   52,  304,  270,  364,  168,  266,  253,  603,  373,  375,  523,  202,  269,  320,  255,  625,  418,  188,  532,  572,  276,  584,  346,   79,  442,  501,  353,  614,  491,  535,  584,  627,  555,  126,  391,  430,  194,  208,  558,  154,  455,  223,  531,  281,   92,  424,  178,  482,  647,  474,  459,  141,  573,  422,  560,  348,  474,  270,  510,  189,  166,  378,  252,  215,  389,  248,  499,  301,  378,  405,  730,  259,  345,  546,  233,  316,  452,  204,  423,  418,  580,  540,  388,  277,  255,  182,  284,  405,  454,  402,  281,  155,  525,  476,  370,  265,  278,  450,  326,  397,  279,  400,  502,  562,  301,  282,  362,  513,   86,  596,  481,  385,  522,  537,  524],
        [  821,    0,  385,   53,  395,  413,  515,   47,  239,  342,  419,  239,  820,  707,  313,  136,  220,    0,  699,  431,  461,  352,  401,  325,  369,  171,  609,  785,  639,  190,  254,  485,  564,  381,  484,  372,  821,  158,  579,  742,  122,  319,  413,   98,  497,  520,  369,  328,  706,  103,  706,  138,  187,  509,  438,  559,  422,  300,  708,  549,  455,  632,  340,  249,  571,  204,  219,  348,  314,  238,   22,  695,  319,  204,  207,  290,  471,  462,  499,  571,  353,  695,  567,  689,  315,  325,  124,  403,  403,  284,  426,  471,  220,  607,  378,  280,  407,  173,  396,  539,  479,  163,  334,  276,  533,  405,   53,  425,  249,  621,  406,  505,  317,  248,  401,   85,  589,  521,  185,   64,  308,  387,  487,  170,  468,  496,  278,  526,  487,  196,  618,  380,  489,  356,   63,  155,  721,  136,  405,  305,  604,  510,  373,  741],
        [  822,    0,  315,  675,  543, 1023,  990,  672,  614,  564,  326,  474,  145,  283,  559,  727,  629,  699,    0,  741,  664,  390,  789, 1023,  628,  678,  800,  130,  571,  674,  463,  707,  482,  682,  617,  377,  840,  818,  509,  734,  578,  384,  938,  793,  569,  217,  764,  773,  215,  639,  171,  818,  700,  192, 1113,  518,  764,  707,  371,  312,  702,   75,  575,  947,  271,  499,  483,  812,  762,  796,  719,  327,  381,  553,  849,  803,  286,  757, 1102,  194,  565,  173,  282,  196,  966,  592,  818, 1097,  683,  464, 1005,  640,  480,  646,  856,  854,  328,  707,  329,  826,  640,  649,  823,  428,  599, 1069,  647, 1051,  631,  109,  565,  255,  383,  874,  638,  674,  410,  180,  772,  747,  478,  572,  243,  854,  764,  685,  641,  485, 1010,  523,  641,  531, 1170,  929,  733,  833,  566,  636,  752,  996,  685,  268,  643,  807],
        [  414,    0,  519,  471,  199,  384,  261,  389,  218,  704,  630,  382,  801,  579,  674,  566,  227,  431,  741,    0,   97,  596,   73,  575,  755,  260,  181,  758,  327,  242,  519,   80,  324,   68,  156,  386,  409,  569,  316,  353,  429,  449,  250,  432,  846,  527,   81,  755,  620,  501,  647,  536,  246,  578,  544,  293,  840,  717,  524,  773,  854,  668,  180,  525,  489,  408,  419,  778,  137,  668,  428,  540,  466,  305,  620,  197,  666,  873,  434,  550,  184,  636,  478,  617,  405,  700,  436,  594,   60,  335,  341,  127,  426,  247,  170,  706,  432,  599,  594,  956,  132,  570,  764,  425,  208,  490,  426,  421,  645,  721,  763,  487,  461,  333,  104,  505,  396,  588,  615,  484,  299,  749,  648,  551,   39,  107,  677,  296,  301,  503,  262,  724,  605,  289,  490,  551,  417,  308,  821,  630,  220,  703,  764,  326],
        [  362,    0,  470,  493,  133,  477,  356,  416,  226,  694,  588,  358,  714,  486,  665,  591,  242,  461,  664,   97,    0,  563,  168,  648,  751,  294,  170,  672,  234,  274,  500,   44,  228,   89,   60,  329,  361,  610,  219,  286,  433,  409,  346,  481,  828,  454,  166,  772,  530,  514,  559,  580,  287,  513,  633,  196,  848,  727,  428,  727,  853,  592,  145,  592,  404,  393,  400,  799,  211,  696,  462,  445,  427,  298,  661,  275,  619,  878,  531,  471,  141,  548,  393,  528,  488,  695,  489,  675,   69,  300,  436,   30,  407,  163,  264,  740,  371,  618,  553,  963,   35,  582,  788,  393,  112,  579,  445,  514,  649,  654,  750,  412,  421,  409,   62,  525,  302,  521,  644,  520,  258,  738,  595,  600,  105,   37,  680,  202,  397,  494,  176,  709,  694,  380,  522,  596,  325,  328,  830,  693,  147,  653,  762,  282],
        [  868,    0,  132,  313,  436,  743,  785,  342,  390,  194,   70,  214,  529,  515,  180,  345,  392,  352,  390,  596,  563,    0,  609,  669,  264,  408,  733,  503,  620,  415,  100,  605,  516,  528,  548,  259,  877,  440,  543,  774,  239,  159,  701,  450,  279,  290,  576,  388,  482,  268,  462,  447,  434,  232,  789,  535,  399,  322,  559,  201,  359,  340,  423,  595,  391,  199,  185,  427,  545,  407,  374,  527,  140,  301,  466,  559,  122,  405,  829,  340,  424,  453,  394,  458,  658,  216,  475,  752,  541,  264,  742,  554,  178,  643,  637,  465,  245,  320,   63,  486,  559,  263,  436,  171,  567,  754,  302,  762,  242,  293,  223,  306,  145,  578,  509,  303,  491,  241,  386,  384,  306,  220,  150,  484,  630,  598,  255,  491,  780,  157,  647,  180,  841,  666,  368,  460,  671,  349,  384,  625,  664,  160,  279,  813],
        [  476,    0,  545,  446,  250,  311,  203,  364,  220,  698,  650,  395,  856,  643,  668,  536,  222,  401,  789,   73,  168,  609,    0,  512,  744,  236,  234,  814,  400,  220,  525,  153,  392,  109,  227,  422,  469,  528,  385,  421,  419,  472,  178,  388,  846,  573,   34,  728,  680,  481,  704,  493,  216,  618,  473,  362,  819,  696,  592,  795,  840,  714,  215,  465,  545,  414,  426,  749,   88,  635,  395,  605,  487,  310,  578,  136,  690,  855,  363,  600,  225,  693,  535,  675,  336,  692,  387,  525,  114,  358,  268,  198,  434,  319,   97,  668,  470,  573,  615,  936,  203,  551,  733,  443,  280,  419,  405,  348,  630,  761,  760,  534,  482,  269,  159,  480,  461,  628,  582,  449,  327,  744,  676,  505,   92,  180,  662,  362,  234,  500,  334,  723,  533,  217,  457,  507,  490,  292,  801,  572,  291,  728,  752,  386],
        [  987,    0,  709,  356,  641,  290,  494,  352,  481,  605,  738,  555, 1141, 1007,  583,  346,  459,  325, 1023,  575,  648,  669,  512,    0,  601,  394,  744, 1104,  870,  408,  574,  652,  820,  560,  694,  680,  980,  251,  828,  927,  446,  641,  397,  231,  748,  837,  495,  476, 1015,  402, 1020,  229,  384,  832,  177,  805,  582,  494,  993,  859,  651,  955,  580,   76,  875,  526,  541,  467,  440,  361,  304,  987,  642,  496,  259,  379,  789,  630,  344,  886,  595, 1009,  869, 1000,  192,  579,  207,   92,  580,  587,  338,  671,  543,  810,  431,  345,  721,  388,  718,  680,  678,  426,  441,  598,  750,  185,  377,  270,  497,  945,  662,  818,  640,  243,  603,  368,  864,  844,  336,  285,  598,  642,  809,  197,  602,  674,  515,  783,  434,  514,  824,  651,  200,  323,  301,  221,  960,  409,  571,  104,  791,  828,  599,  897],
        [ 1089,    0,  393,  317,  641,  775,  881,  392,  537,   70,  310,  401,  771,  778,   92,  266,  528,  369,  628,  755,  751,  264,  744,  601,    0,  511,  918,  751,  857,  525,  266,  787,  756,  692,  751,  498, 1095,  352,  781,  998,  327,  395,  781,  443,  148,  553,  710,  166,  744,  270,  721,  379,  534,  493,  761,  769,  138,  114,  820,  344,  104,  590,  608,  541,  653,  361,  356,  201,  663,  250,  385,  789,  378,  455,  347,  651,  343,  143,  859,  603,  614,  714,  655,  720,  667,   57,  464,  693,  711,  467,  792,  750,  350,  862,  739,  292,  497,  219,  322,  226,  756,  206,  221,  384,  783,  741,  345,  781,  121,  521,   75,  568,  382,  613,  691,  285,  743,  500,  266,  356,  510,   60,  389,  407,  792,  788,   93,  727,  856,  258,  868,   97,  798,  724,  340,  383,  917,  453,  125,  523,  875,  362,   16, 1023],
        [  654,    0,  383,  212,  252,  349,  382,  130,   88,  468,  462,  213,  778,  619,  438,  306,   66,  171,  678,  260,  294,  408,  236,  394,  511,    0,  438,  739,  490,   20,  313,  315,  430,  211,  324,  307,  653,  317,  440,  578,  190,  305,  294,  192,  619,  472,  203,  496,  633,  246,  643,  287,   27,  488,  442,  418,  584,  461,  600,  606,  606,  605,  191,  325,  491,  211,  227,  518,  153,  409,  170,  596,  315,  126,  368,  152,  509,  620,  432,  515,  206,  632,  484,  620,  290,  459,  205,  446,  233,  215,  339,  307,  233,  447,  235,  449,  353,  340,  430,  701,  315,  316,  504,  265,  376,  394,  170,  374,  395,  622,  531,  444,  311,  198,  236,  246,  471,  500,  356,  228,  213,  514,  508,  309,  297,  328,  427,  392,  373,  277,  459,  497,  502,  262,  232,  303,  578,   62,  566,  416,  439,  549,  518,  572],
        [  247,    0,  635,  647,  298,  518,  336,  567,  385,  862,  755,  528,  829,  583,  833,  743,  398,  609,  800,  181,  170,  733,  234,  744,  918,  438,    0,  788,  270,  419,  669,  132,  325,  230,  192,  492,  237,  750,  303,  210,  596,  577,  377,  612,  997,  600,  256,  930,  638,  673,  674,  717,  425,  666,  690,  288, 1011,  889,  507,  891, 1019,  731,  314,  698,  531,  561,  569,  954,  314,  846,  607,  535,  595,  464,  800,  369,  784, 1042,  547,  607,  310,  664,  520,  642,  563,  862,  615,  752,  210,  469,  467,  180,  576,  173,  317,  886,  530,  774,  720, 1126,  176,  742,  941,  563,  202,  637,  601,  555,  813,  804,  919,  557,  590,  502,  228,  680,  403,  673,  793,  664,  427,  906,  757,  731,  146,  135,  845,  316,  397,  661,  185,  878,  747,  436,  669,  731,  341,  482,  992,  805,  128,  816,  928,  156],
        [  771,    0,  408,  766,  564, 1074, 1016,  753,  665,  685,  444,  550,   43,  217,  678,  828,  683,  785,  130,  758,  672,  503,  814, 1104,  751,  739,  788,    0,  536,  732,  565,  711,  463,  706,  619,  433,  791,  914,  486,  689,  666,  466,  976,  874,  698,  269,  794,  890,  152,  735,  115,  911,  759,  281, 1179,  501,  888,  824,  307,  441,  828,  164,  607, 1029,  270,  581,  567,  929,  801,  904,  804,  267,  468,  618,  950,  849,  409,  882, 1149,  224,  595,  124,  281,  146, 1028,  712,  898, 1173,  703,  525, 1050,  645,  565,  622,  891,  963,  387,  813,  440,  953,  643,  754,  938,  509,  589, 1132,  733, 1104,  744,  238,  690,  295,  469,  936,  657,  770,  385,  270,  876,  837,  528,  696,  363,  947,  775,  687,  757,  476, 1044,  622,  614,  655, 1239,  976,  825,  926,  511,  704,  875, 1087,  665,  394,  766,  770],
        [  259,    0,  497,  659,  244,  710,  571,  593,  406,  791,  619,  462,  576,  323,  765,  756,  427,  639,  571,  327,  234,  620,  400,  870,  857,  490,  270,  536,    0,  473,  591,  251,  106,  316,  180,  363,  274,  796,   78,  166,  575,  467,  577,  682,  899,  401,  399,  916,  384,  665,  424,  771,  492,  479,  865,   88,  974,  861,  241,  733,  959,  511,  302,  809,  306,  507,  507,  948,  441,  861,  646,  274,  484,  443,  846,  505,  632,  995,  760,  391,  288,  417,  296,  393,  719,  800,  695,  903,  299,  395,  667,  206,  512,   97,  496,  912,  380,  773,  587, 1080,  200,  725,  942,  473,  123,  811,  610,  747,  775,  600,  836,  361,  480,  636,  269,  686,  163,  483,  812,  702,  355,  828,  593,  797,  321,  222,  804,  131,  621,  608,   85,  792,  926,  613,  701,  788,   92,  505,  956,  904,  142,  656,  870,  237],
        [  635,    0,  383,  230,  235,  351,  373,  148,   74,  481,  466,  214,  771,  607,  451,  325,   52,  190,  674,  242,  274,  415,  220,  408,  525,   20,  419,  732,  473,    0,  322,  296,  414,  192,  305,  300,  634,  336,  423,  559,  202,  305,  288,  211,  632,  466,  186,  514,  623,  262,  635,  307,   28,  485,  450,  401,  601,  478,  587,  612,  621,  600,  174,  341,  481,  216,  232,  537,  139,  428,  189,  583,  316,  125,  387,  145,  513,  637,  432,  508,  189,  623,  474,  611,  298,  473,  222,  458,  214,  210,  338,  288,  238,  428,  225,  468,  348,  358,  434,  718,  296,  332,  523,  266,  357,  401,  187,  377,  411,  620,  544,  437,  312,  205,  217,  264,  456,  497,  375,  247,  204,  528,  510,  328,  279,  308,  442,  376,  366,  287,  440,  509,  511,  260,  251,  322,  560,   74,  583,  433,  420,  553,  533,  553],
        [  826,    0,  159,  218,  381,  644,  694,  242,  306,  201,  166,  142,  595,  540,  175,  264,  304,  254,  463,  519,  500,  100,  525,  574,  266,  313,  669,  565,  591,  322,    0,  538,  491,  453,  493,  234,  832,  355,  516,  734,  140,  133,  607,  352,  329,  322,  491,  351,  519,  177,  507,  358,  340,  284,  690,  504,  389,  288,  570,  301,  369,  404,  356,  499,  407,  112,  101,  388,  456,  342,  275,  543,  119,  216,  387,  465,  217,  406,  730,  375,  359,  497,  407,  497,  559,  210,  377,  655,  469,  205,  644,  495,   94,  599,  546,  401,  240,  249,  144,  491,  500,  190,  391,  118,  521,  654,  203,  663,  199,  375,  253,  324,  122,  479,  441,  213,  481,  295,  312,  290,  248,  242,  236,  394,  556,  536,  223,  461,  685,   61,  605,  210,  742,  568,  275,  372,  652,  253,  371,  536,  614,  257,  280,  764],
        [  343,    0,  513,  520,  177,  463,  325,  441,  255,  731,  631,  398,  753,  522,  702,  617,  270,  485,  707,   80,   44,  605,  153,  652,  787,  315,  132,  711,  251,  296,  538,    0,  261,  104,   94,  373,  340,  630,  248,  276,  465,  451,  327,  497,  867,  497,  160,  801,  568,  544,  598,  599,  305,  556,  624,  226,  881,  759,  460,  770,  888,  635,  184,  599,  444,  431,  438,  827,  212,  722,  485,  479,  469,  333,  681,  274,  663,  912,  511,  513,  182,  588,  433,  567,  484,  731,  503,  673,   83,  341,  418,   68,  446,  167,  249,  764,  415,  647,  595,  996,   68,  613,  815,  434,  137,  570,  473,  500,  682,  698,  788,  455,  464,  410,   98,  553,  336,  565,  669,  542,  300,  775,  639,  617,   72,   29,  714,  238,  372,  530,  182,  747,  684,  369,  546,  614,  340,  354,  862,  702,  140,  697,  797,  259],
        [  364,    0,  391,  578,  180,  693,  583,  518,  342,  690,  513,  368,  504,  263,  665,  673,  364,  564,  482,  324,  228,  516,  392,  820,  756,  430,  325,  463,  106,  414,  491,  261,    0,  292,  170,  260,  377,  721,   30,  270,  488,  364,  569,  618,  794,  299,  383,  824,  314,  579,  349,  699,  437,  376,  836,   38,  877,  767,  201,  628,  859,  417,  241,  754,  212,  414,  412,  857,  413,  776,  574,  219,  381,  362,  770,  474,  526,  896,  753,  294,  226,  340,  201,  317,  685,  701,  633,  863,  280,  302,  656,  198,  417,  165,  484,  829,  274,  686,  481,  981,  195,  635,  853,  374,  129,  783,  529,  728,  680,  501,  733,  258,  377,  596,  239,  602,   78,  380,  729,  627,  265,  726,  488,  727,  331,  234,  708,   39,  624,  513,  160,  689,  897,  593,  624,  716,  163,  433,  859,  844,  205,  550,  770,  331],
        [  446,    0,  452,  418,  142,  402,  311,  338,  156,  640,  562,  315,  748,  537,  610,  514,  168,  381,  682,   68,   89,  528,  109,  560,  692,  211,  230,  706,  316,  192,  453,  104,  292,    0,  137,  321,  443,  527,  289,  374,  368,  382,  279,  395,  781,  467,   92,  700,  572,  444,  596,  496,  202,  515,  550,  265,  782,  659,  489,  706,  793,  608,  113,  503,  437,  343,  353,  725,  126,  618,  381,  500,  398,  240,  578,  189,  599,  814,  462,  493,  120,  585,  427,  567,  403,  637,  402,  588,   22,  268,  364,  112,  360,  251,  194,  660,  368,  545,  527,  897,  119,  513,  712,  358,  194,  497,  371,  437,  585,  658,  699,  427,  393,  321,   54,  450,  357,  525,  566,  438,  232,  685,  581,  514,  103,  119,  617,  259,  341,  438,  265,  659,  612,  302,  442,  511,  407,  252,  763,  604,  235,  636,  702,  362],
        [  343,    0,  445,  512,  113,  534,  414,  438,  246,  691,  566,  353,  661,  429,  663,  610,  266,  484,  617,  156,   60,  548,  227,  694,  751,  324,  192,  619,  180,  305,  493,   94,  170,  137,    0,  302,  346,  638,  160,  258,  442,  390,  404,  515,  819,  411,  222,  785,  475,  528,  505,  610,  322,  475,  686,  137,  856,  737,  370,  700,  854,  546,  149,  634,  352,  391,  396,  814,  262,  716,  488,  387,  409,  305,  689,  326,  593,  883,  589,  424,  140,  495,  341,  474,  539,  695,  525,  724,  120,  289,  493,   30,  403,  124,  321,  763,  338,  634,  531,  968,   26,  594,  804,  381,   57,  633,  463,  570,  655,  614,  745,  368,  404,  457,   92,  542,  244,  483,  665,  546,  245,  734,  565,  632,  162,   69,  686,  145,  456,  494,  136,  702,  748,  436,  547,  626,  271,  349,  837,  732,  125,  625,  763,  272],
        [  610,    0,  144,  368,  197,  647,  621,  333,  238,  431,  266,  136,  472,  337,  407,  451,  253,  372,  377,  386,  329,  259,  422,  680,  498,  307,  492,  433,  363,  300,  234,  373,  260,  321,  302,    0,  620,  519,  286,  516,  266,  105,  562,  452,  536,  166,  395,  578,  336,  353,  341,  507,  327,  197,  747,  277,  622,  518,  347,  399,  600,  303,  208,  606,  200,  180,  171,  614,  386,  548,  388,  328,  122,  187,  563,  426,  292,  639,  725,  209,  202,  329,  196,  320,  596,  443,  474,  744,  327,   94,  628,  314,  174,  387,  481,  604,   50,  453,  232,  724,  317,  398,  613,  121,  313,  700,  325,  676,  429,  339,  474,  139,  118,  504,  286,  383,  248,  207,  506,  431,  101,  467,  266,  541,  415,  360,  455,  233,  636,  265,  390,  430,  807,  552,  423,  524,  419,  274,  605,  675,  411,  325,  512,  558],
        [   24,    0,  760,  853,  454,  752,  558,  776,  585, 1033,  883,  694,  828,  575, 1005,  951,  603,  821,  840,  409,  361,  877,  469,  980, 1095,  653,  237,  791,  274,  634,  832,  340,  377,  443,  346,  620,    0,  969,  348,  108,  787,  719,  611,  837, 1153,  675,  488, 1129,  641,  872,  684,  938,  644,  752,  925,  349, 1201, 1082,  485, 1003, 1198,  783,  494,  932,  579,  735,  739, 1158,  545, 1057,  822,  525,  737,  650, 1020,  603,  900, 1228,  774,  664,  485,  678,  568,  654,  800, 1038,  842,  988,  421,  629,  700,  353,  745,  235,  553, 1101,  644,  977,  849, 1313,  346,  938, 1147,  717,  312,  872,  805,  789, 1000,  873, 1084,  634,  733,  737,  422,  884,  436,  756, 1004,  880,  585, 1074,  864,  956,  379,  326, 1031,  392,  623,  838,  230, 1040,  981,  672,  883,  954,  281,  688, 1183, 1038,  222,  926, 1106,   83],
        [  971,    0,  507,  153,  552,  450,  602,  204,  393,  355,  510,  384,  947,  855,  334,   99,  373,  158,  818,  569,  610,  440,  528,  251,  352,  317,  750,  914,  796,  336,  355,  630,  721,  527,  638,  519,  969,    0,  736,  894,  255,  452,  496,  143,  497,  657,  499,  243,  849,  180,  844,   38,  326,  634,  411,  716,  351,  248,  861,  620,  409,  756,  496,  190,  719,  343,  355,  247,  441,  127,  150,  846,  448,  360,   51,  401,  561,  397,  529,  709,  509,  834,  715,  830,  336,  328,  150,  342,  549,  437,  479,  623,  354,  761,  484,  143,  550,  138,  496,  460,  631,  182,  224,  413,  688,  396,  197,  449,  247,  729,  411,  647,  448,  309,  552,  144,  744,  645,   88,   94,  463,  391,  588,   56,  605,  644,  264,  684,  560,  295,  773,  401,  447,  426,   99,   34,  879,  292,  336,  186,  756,  598,  350,  888],
        [  335,    0,  419,  595,  188,  690,  572,  533,  353,  715,  541,  390,  527,  281,  690,  691,  375,  579,  509,  316,  219,  543,  385,  828,  781,  440,  303,  486,   78,  423,  516,  248,   30,  289,  160,  286,  348,  736,    0,  240,  507,  390,  563,  629,  821,  328,  379,  845,  336,  598,  372,  713,  445,  405,  837,   24,  901,  789,  213,  657,  884,  445,  250,  762,  239,  436,  434,  878,  412,  795,  588,  235,  407,  379,  786,  475,  555,  921,  747,  322,  235,  363,  228,  340,  687,  725,  644,  867,  275,  323,  651,  189,  439,  138,  479,  847,  302,  705,  509, 1006,  185,  656,  873,  398,  113,  783,  546,  726,  702,  529,  759,  287,  403,  600,  237,  620,  101,  409,  747,  643,  285,  752,  517,  741,  319,  220,  731,   56,  616,  535,  133,  715,  898,  591,  640,  730,  144,  447,  883,  855,  180,  579,  795,  302],
        [   95,    0,  655,  770,  361,  722,  545,  696,  504,  935,  778,  598,  727,  473,  908,  868,  523,  742,  734,  353,  286,  774,  421,  927,  998,  578,  210,  689,  166,  559,  734,  276,  270,  374,  258,  516,  108,  894,  240,    0,  697,  617,  581,  767, 1051,  567,  433, 1041,  539,  785,  581,  865,  573,  644,  890,  242, 1108,  991,  384,  896, 1101,  676,  406,  874,  471,  640,  643, 1071,  488,  974,  745,  423,  635,  561,  945,  549,  794, 1133,  755,  556,  395,  574,  461,  550,  756,  941,  775,  945,  352,  531,  672,  271,  649,  138,  513, 1021,  538,  891,  744, 1218,  264,  849, 1062,  617,  216,  837,  721,  759,  907,  765,  984,  526,  630,  685,  343,  800,  328,  649,  923,  802,  488,  975,  757,  885,  330,  255,  938,  286,  606,  743,  130,  940,  949,  634,  804,  881,  183,  606, 1090,  977,  139,  819, 1010,   90],
        [  784,    0,  264,  103,  338,  506,  570,  103,  212,  280,  303,  131,  701,  601,  249,  187,  202,  122,  578,  429,  433,  239,  419,  446,  327,  190,  596,  666,  575,  202,  140,  465,  488,  368,  442,  266,  787,  255,  507,  697,    0,  200,  478,  218,  430,  404,  385,  344,  594,   92,  591,  246,  215,  389,  553,  490,  416,  296,  611,  440,  426,  512,  294,  370,  464,   88,  101,  375,  341,  289,  142,  593,  199,  137,  298,  339,  354,  447,  592,  456,  303,  581,  461,  576,  420,  273,  243,  523,  387,  190,  509,  436,  101,  560,  424,  344,  295,  198,  278,  531,  442,  152,  368,  159,  482,  516,   69,  524,  218,  500,  342,  392,  198,  340,  371,  118,  500,  401,  244,  172,  223,  326,  367,  282,  467,  469,  249,  452,  556,   90,  569,  307,  606,  434,  161,  262,  650,  129,  398,  421,  566,  395,  336,  711],
        [  710,    0,   79,  302,  279,  653,  660,  289,  261,  327,  181,   93,  502,  414,  303,  372,  269,  319,  384,  449,  409,  159,  472,  641,  395,  305,  577,  466,  467,  305,  133,  451,  364,  382,  390,  105,  719,  452,  390,  617,  200,    0,  588,  410,  435,  205,  441,  482,  399,  276,  393,  446,  330,  193,  731,  380,  520,  419,  438,  325,  496,  315,  272,  565,  278,  116,  101,  519,  419,  463,  338,  413,   19,  181,  491,  446,  219,  536,  736,  258,  271,  383,  277,  379,  586,  340,  435,  713,  393,  115,  642,  398,   99,  485,  514,  521,  109,  368,  146,  620,  402,  310,  520,   44,  409,  688,  267,  678,  331,  318,  370,  199,   14,  497,  357,  309,  349,  205,  425,  371,  152,  363,  208,  481,  482,  443,  355,  336,  665,  173,  489,  326,  788,  565,  360,  462,  523,  256,  503,  621,  506,  257,  408,  655],
