{
    "name": "random-51-1004",
    "comment": "size=51 seed=1004",
    "nodes": ["+0", "-0", "+1", "-1", "+2", "-2", "+3", "-3", "+4", "-4", "+5", "-5", "+6", "-6", "+7", "-7", "+8", "-8", "+9", "-9", "+10", "-10", "+11", "-11", "+12", "-12", "+13", "-13", "+14", "-14", "+15", "-15", "+16", "-16", "+17", "-17", "+18", "-18", "+19", "-19", "+20", "-20", "+21", "-21", "+22", "-22", "+23", "-23", "+24", "-24", "+25", "-25", "+26", "-26", "+27", "-27", "+28", "-28", "+29", "-29", "+30", "-30", "+31", "-31", "+32", "-32", "+33", "-33", "+34", "-34", "+35", "-35", "+36", "-36", "+37", "-37", "+38", "-38", "+39", "-39", "+40", "-40", "+41", "-41", "+42", "-42", "+43", "-43", "+44", "-44", "+45", "-45", "+46", "-46", "+47", "-47", "+48", "-48", "+49", "-49", "+50", "-50", "+51", "-51"],
    "precedence": {
        "+0": "-0",
        "+1": "-1",
        "+2": "-2",
        "+3": "-3",
        "+4": "-4",
        "+5": "-5",
        "+6": "-6",
        "+7": "-7",
        "+8": "-8",
        "+9": "-9",
        "+10": "-10",
        "+11": "-11",
        "+12": "-12",
        "+13": "-13",
        "+14": "-14",
        "+15": "-15",
        "+16": "-16",
        "+17": "-17",
        "+18": "-18",
        "+19": "-19",
        "+20": "-20",
        "+21": "-21",
        "+22": "-22",
        "+23": "-23",
        "+24": "-24",
        "+25": "-25",
        "+26": "-26",
        "+27": "-27",
        "+28": "-28",
        "+29": "-29",
        "+30": "-30",
        "+31": "-31",
        "+32": "-32",
        "+33": "-33",
        "+34": "-34",
        "+35": "-35",
        "+36": "-36",
        "+37": "-37",
        "+38": "-38",
        "+39": "-39",
        "+40": "-40",
        "+41": "-41",
        "+42": "-42",
        "+43": "-43",
        "+44": "-44",
        "+45": "-45",
        "+46": "-46",
        "+47": "-47",
        "+48": "-48",
        "+49": "-49",
        "+50": "-50",
        "+51": "-51"
    },
    "edges": [
        [    0,    0,  198,  624,  416,  438,  446,  451,  681,  844,  321,  350,  720,  650,  255,  511,  663,  144,  172,  342,  240,  466,  607,  541,  557,  257,  730,  614,  586,  264,  361,  565,  631,  178,  468,  292,  475,  695,  327,  171,  583,  673,  416,   60,  824,  299,  274,  385,  528,  249,  450,  123,  691,  737,  501,  928,  311,  654,  264,  747,  297,  217,  655,  469,  846,  760,  273,  452,  644,  516,  281,  709,  713,  535,  583,  216,  692,  550,  761,  876,  254,  856,  658,  742,  378,  215,  835,  214,  702,  869,  483,  626,  653,  516,  156,  405,  520,  370,  397,  170,  866,  213,   39,  313],
        [    0,    0,    0,    0,    0,    0,    0,    0,    0,    0,    0,    0,    0,    0,    0,    0,    0,    0,    0,    0,    0,    0,    0,    0,    0,    0,    0,    0,    0,    0,    0,    0,    0,    0,    0,    0,    0,    0,    0,    0,    0,    0,    0,    0,    0,    0,    0,    0,    0,    0,    0,    0,    0,    0,    0,    0,    0,    0,    0,    0,    0,    0,    0,    0,    0,    0,    0,    0,    0,    0,    0,    0,    0,    0,    0,    0,    0,    0,    0,    0,    0,    0,    0,    0,    0,    0,    0,    0,    0,    0,    0,    0,    0,    0,    0,    0,    0,    0,    0,    0,    0,    0,    0,    0],
        [  198,    0,    0,  747,  596,  478,  270,  440,  656,  751,  509,  246,  719,  710,  265,  458,  716,  298,  198,  341,  400,  331,  581,  656,  362,  387,  653,  740,  697,  431,  222,  381,  516,  366,  605,  469,  577,  770,  478,  227,  591,  794,  572,  216,  720,  487,   90,  578,  447,  415,  255,  128,  753,  670,  323,  828,  116,  655,  428,  765,  110,  251,  568,  601,  755,  720,  469,  502,  511,  671,  471,  709,  820,  662,  736,  346,  798,  604,  781,  767,  408,  763,  759,  750,  185,   76,  752,  272,  649,  783,  297,  535,  741,  515,  305,  553,  355,  554,  206,  221,  763,  385,  236,  116],
        [  624,    0,  747,    0,  333,  348,  836,  464,  530,  819,  649,  653,  468,  249,  507,  564,  274,  701,  794,  475,  389,  744,  511,   94, 1064,  369,  706,   17,   69,  720,  718, 1112,  764,  627,  161,  377,  179,  204,  304,  520,  406,   50,  238,  569,  843,  416,  762,  434,  636,  717,  908,  741,  250,  677,  878,  900,  811,  441,  729,  421,  853,  504,  698,  157,  817,  608,  492,  317,  824,  172,  435,  462,  110,   90,  148,  767,   96,  271,  419,  892,  746,  828,   95,  449,  912,  805,  784,  478,  622,  817, 1030,  696,  144,  431,  712,  231,  849,  694,  856,  527,  871,  688,  604,  824],
        [  416,    0,  596,  333,    0,  441,  783,  542,  714,  975,  325,  621,  694,  512,  452,  647,  536,  435,  564,  482,  206,  741,  663,  302,  955,  253,  851,  317,  342,  414,  669,  975,  837,  341,  202,  128,  308,  505,  163,  408,  579,  374,  119,  382,  980,  121,  648,  102,  704,  414,  823,  537,  534,  836,  836, 1062,  695,  642,  424,  676,  704,  424,  809,  217,  974,  803,  184,  425,  880,  164,  143,  684,  442,  262,  216,  485,  427,  463,  680, 1034,  446,  986,  413,  691,  780,  629,  949,  393,  784,  985,  891,  793,  443,  557,  442,  152,  831,  365,  767,  414, 1016,  394,  382,  702],
        [  438,    0,  478,  348,  441,    0,  500,  119,  283,  535,  633,  319,  292,  234,  214,  225,  239,  567,  597,  146,  307,  399,  224,  260,  744,  240,  412,  350,  281,  648,  386,  804,  427,  538,  286,  370,  181,  300,  286,  275,  156,  383,  332,  379,  543,  426,  463,  509,  294,  637,  582,  523,  277,  396,  537,  623,  509,  228,  653,  310,  571,  235,  377,  270,  535,  371,  482,   32,  483,  381,  431,  280,  381,  295,  422,  642,  360,  128,  323,  596,  656,  546,  318,  308,  611,  549,  509,  227,  344,  545,  726,  367,  284,  117,  579,  296,  504,  690,  535,  279,  578,  600,  439,  524],
        [  446,    0,  270,  836,  783,  500,    0,  405,  552,  547,  766,  184,  642,  716,  343,  356,  712,  565,  463,  361,  578,  134,  488,  743,  259,  537,  478,  834,  773,  697,  120,  340,  305,  622,  727,  660,  658,  791,  635,  376,  546,  877,  725,  438,  504,  694,  180,  792,  304,  681,  103,  397,  758,  508,   56,  610,  166,  588,  695,  707,  247,  363,  390,  717,  552,  588,  697,  531,  275,  812,  682,  633,  880,  766,  870,  615,  859,  618,  725,  543,  677,  558,  817,  681,  209,  316,  559,  395,  507,  584,  283,  357,  783,  473,  573,  696,   91,  814,   92,  370,  544,  650,  481,  178],
        [  451,    0,  440,  464,  542,  119,  405,    0,  231,  438,  694,  235,  281,  312,  197,  108,  308,  591,  590,  110,  381,  291,  157,  378,  658,  313,  315,  466,  396,  690,  300,  727,  309,  582,  402,  455,  299,  388,  381,  280,  154,  497,  440,  398,  439,  509,  404,  599,  176,  677,  496,  511,  353,  307,  436,  527,  445,  216,  693,  327,  517,  234,  267,  387,  439,  311,  555,  148,  364,  497,  510,  270,  487,  414,  540,  665,  467,  216,  344,  493,  691,  450,  426,  311,  544,  514,  418,  242,  263,  454,  654,  254,  385,   76,  603,  404,  396,  751,  454,  281,  477,  639,  462,  461],
        [  681,    0,  656,  530,  714,  283,  552,  231,    0,  291,  912,  422,  102,  294,  427,  204,  273,  821,  818,  340,  588,  419,   76,  471,  810,  520,  186,  539,  465,  916,  477,  891,  315,  807,  536,  652,  419,  368,  566,  511,  136,  545,  600,  628,  320,  708,  605,  789,  249,  904,  653,  738,  316,  151,  563,  371,  638,   91,  920,  179,  719,  464,  215,  519,  288,   90,  764,  292,  383,  626,  713,   99,  504,  517,  649,  895,  490,  268,  196,  366,  920,  299,  456,  145,  730,  731,  255,  471,   98,  288,  828,  234,  402,  172,  833,  565,  508,  969,  624,  512,  343,  866,  692,  655],
        [  844,    0,  751,  819,  975,  535,  547,  438,  291,    0, 1123,  509,  371,  583,  600,  344,  561,  987,  942,  527,  818,  431,  317,  756,  770,  751,  125,  828,  754, 1102,  533,  864,  243,  999,  812,  893,  696,  656,  817,  686,  417,  835,  866,  802,   58,  947,  675, 1037,  316, 1088,  643,  863,  603,  144,  529,   89,  689,  381, 1104,  444,  777,  641,  189,  795,    6,  225,  991,  554,  280,  905,  948,  374,  792,  801,  933, 1056,  779,  553,  457,   80, 1097,   13,  746,  407,  755,  820,   43,  660,  199,   40,  823,  219,  692,  419,  998,  830,  467, 1179,  637,  684,   56, 1050,  865,  705],
        [  321,    0,  509,  649,  325,  633,  766,  694,  912, 1123,    0,  658,  922,  783,  525,  780,  803,  225,  374,  597,  328,  779,  845,  599,  852,  394, 1002,  634,  644,  120,  678,  840,  930,  144,  498,  287,  573,  797,  379,  443,  789,  693,  413,  338, 1111,  237,  592,  229,  813,  130,  764,  396,  814, 1000,  821, 1210,  625,  860,  130,  925,  592,  484,  937,  509, 1124,  999,  163,  632,  952,  486,  222,  911,  757,  568,  540,  227,  740,  706,  934, 1165,  159, 1135,  719,  932,  676,  501, 1107,  464,  957, 1143,  764,  912,  739,  740,  223,  429,  840,   58,  714,  446, 1153,  138,  286,  624],
        [  350,    0,  246,  653,  621,  319,  184,  235,  422,  509,  658,    0,  498,  542,  170,  219,  540,  489,  434,  178,  419,  124,  350,  560,  427,  370,  407,  651,  590,  614,   68,  493,  283,  521,  547,  503,  475,  614,  465,  226,  385,  694,  551,  321,  482,  544,  184,  643,  201,  598,  264,  354,  584,  425,  227,  589,  217,  438,  614,  555,  298,  199,  323,  537,  512,  480,  561,  350,  295,  635,  536,  489,  698,  584,  691,  554,  677,  440,  572,  532,  602,  521,  636,  534,  313,  319,  507,  229,  405,  539,  420,  291,  603,  308,  500,  521,  211,  712,  220,  221,  525,  562,  378,  234],
        [  720,    0,  719,  468,  694,  292,  642,  281,  102,  371,  922,  498,    0,  221,  473,  287,  197,  854,  868,  387,  594,  510,  154,  423,  900,  529,  281,  480,  409,  939,  558,  979,  416,  829,  502,  649,  388,  288,  558,  551,  138,  476,  575,  664,  408,  704,  677,  776,  342,  928,  741,  790,  234,  241,  657,  443,  714,   67,  944,   78,  792,  506,  317,  485,  368,  148,  767,  290,  485,  586,  713,   12,  426,  471,  599,  930,  415,  232,   95,  450,  947,  378,  386,   43,  810,  794,  332,  506,  194,  361,  913,  335,  331,  208,  867,  542,  603,  978,  708,  553,  426,  891,  726,  731],
        [  650,    0,  710,  249,  512,  234,  716,  312,  294,  583,  783,  542,  221,    0,  446,  385,   26,  766,  817,  378,  465,  600,  293,  217,  968,  412,  477,  261,  193,  824,  609, 1033,  569,  717,  311,  497,  212,   81,  405,  499,  192,  255,  394,  591,  613,  550,  695,  605,  457,  816,  805,  747,   44,  444,  746,  660,  741,  204,  831,  175,  804,  464,  486,  295,  580,  365,  621,  209,  635,  382,  563,  215,  211,  264,  386,  840,  197,  107,  175,  659,  840,  591,  165,  201,  843,  780,  545,  450,  390,  577,  957,  492,  111,  249,  778,  366,  704,  836,  761,  504,  636,  781,  644,  756],
        [  255,    0,  265,  507,  452,  214,  343,  197,  427,  600,  525,  170,  473,  446,    0,  260,  452,  397,  395,   88,  253,  289,  353,  413,  558,  201,  482,  503,  449,  504,  224,  608,  410,  399,  386,  337,  329,  507,  296,   87,  339,  551,  383,  205,  587,  381,  259,  480,  289,  490,  404,  318,  489,  485,  392,  687,  307,  407,  506,  510,  361,   42,  413,  377,  602,  506,  407,  238,  441,  470,  375,  462,  567,  430,  529,  470,  545,  340,  525,  641,  502,  612,  505,  500,  409,  336,  588,   65,  449,  623,  527,  388,  482,  266,  409,  354,  380,  581,  351,   86,  629,  452,  270,  321],
        [  511,    0,  458,  564,  647,  225,  356,  108,  204,  344,  780,  219,  287,  385,  260,    0,  375,  654,  631,  184,  478,  227,  134,  481,  615,  412,  223,  567,  496,  763,  274,  693,  203,  659,  509,  556,  405,  464,  486,  346,  198,  594,  547,  464,  337,  608,  402,  701,   74,  750,  455,  550,  423,  226,  375,  431,  435,  233,  766,  352,  517,  301,  163,  494,  345,  263,  649,  253,  261,  604,  607,  278,  577,  519,  646,  726,  558,  303,  369,  392,  761,  356,  518,  326,  527,  532,  328,  317,  194,  364,  627,  146,  472,  138,  666,  512,  326,  836,  422,  346,  377,  712,  528,  452],
        [  663,    0,  716,  274,  536,  239,  712,  308,  273,  561,  803,  540,  197,   26,  452,  375,    0,  781,  828,  380,  483,  594,  277,  242,  966,  428,  457,  286,  219,  842,  607, 1032,  555,  735,  335,  518,  233,   97,  426,  508,  179,  279,  417,  603,  592,  571,  698,  628,  446,  834,  803,  757,   48,  423,  741,  637,  742,  183,  849,  149,  807,  471,  470,  319,  558,  341,  642,  216,  622,  407,  584,  192,  232,  290,  411,  855,  219,  114,  149,  638,  857,  569,  190,  175,  844,  787,  523,  460,  369,  554,  957,  477,  135,  242,  793,  389,  697,  857,  760,  513,  615,  799,  658,  758],
        [  144,    0,  298,  701,  435,  567,  565,  591,  821,  987,  225,  489,  854,  766,  397,  654,  781,    0,  151,  482,  315,  601,  747,  628,  629,  356,  874,  689,  675,  134,  493,  616,  771,  101,  541,  333,  574,  801,  398,  311,  716,  750,  472,  193,  966,  315,  386,  372,  671,  118,  550,  175,  804,  880,  619, 1070,  412,  788,  131,  876,  371,  358,  798,  546,  989,  901,  257,  577,  781,  568,  293,  843,  800,  612,  632,   76,  780,  670,  889, 1018,  114,  999,  750,  874,  454,  279,  978,  351,  845, 1013,  540,  769,  753,  653,   13,  472,  646,  262,  502,  311, 1009,   90,  130,  409],
        [  172,    0,  198,  794,  564,  597,  463,  590,  818,  942,  374,  434,  868,  817,  395,  631,  828,  151,    0,  482,  408,  528,  742,  712,  487,  428,  839,  784,  758,  270,  418,  468,  711,  249,  637,  448,  646,  864,  494,  322,  733,  844,  580,  230,  914,  443,  287,  513,  631,  255,  428,   81,  858,  852,  514, 1021,  300,  802,  264,  903,  239,  365,  756,  639,  945,  890,  396,  613,  709,  680,  422,  857,  884,  705,  746,  166,  863,  714,  917,  962,  238,  954,  829,  894,  319,  151,  940,  370,  825,  972,  394,  724,  823,  661,  151,  572,  551,  406,  388,  319,  957,  237,  192,  291],
        [  342,    0,  341,  475,  482,  146,  361,  110,  340,  527,  597,  178,  387,  378,   88,  184,  380,  482,  482,    0,  299,  276,  266,  383,  599,  235,  406,  474,  412,  585,  244,  658,  357,  478,  378,  380,  298,  445,  320,  172,  253,  516,  395,  290,  519,  429,  318,  525,  227,  572,  439,  404,  421,  405,  403,  614,  364,  321,  588,  426,  428,  125,  344,  366,  528,  419,  467,  175,  399,  469,  428,  376,  521,  408,  522,  556,  500,  273,  442,  573,  585,  539,  459,  414,  466,  414,  511,  136,  365,  547,  581,  322,  428,  180,  494,  362,  377,  654,  390,  172,  559,  534,  354,  379],
        [  240,    0,  400,  389,  206,  307,  578,  381,  588,  818,  328,  419,  594,  465,  253,  478,  483,  315,  408,  299,    0,  541,  525,  313,  753,   68,  695,  378,  360,  359,  464,  780,  654,  254,  230,   85,  263,  492,   87,  202,  462,  439,  177,  193,  815,  131,  445,  228,  525,  352,  618,  362,  501,  687,  631,  906,  493,  533,  367,  599,  509,  221,  640,  233,  819,  676,  176,  304,  691,  277,  130,  583,  485,  300,  344,  385,  465,  381,  608,  869,  377,  830,  435,  604,  582,  442,  798,  190,  640,  834,  696,  620,  441,  418,  326,  165,  627,  384,  563,  209,  854,  318,  216,  500],
        [  466,    0,  331,  744,  741,  399,  134,  291,  419,  431,  779,  124,  510,  600,  289,  227,  594,  601,  528,  276,  541,    0,  357,  654,  391,  489,  350,  745,  679,  729,  111,  474,  189,  640,  653,  625,  570,  678,  583,  350,  421,  781,  665,  442,  394,  667,  248,  766,  171,  714,  236,  452,  641,  377,  149,  502,  259,  459,  728,  577,  347,  322,  262,  641,  435,  455,  685,  430,  182,  744,  659,  502,  777,  682,  797,  662,  756,  507,  595,  439,  715,  442,  715,  550,  331,  395,  438,  351,  374,  465,  416,  228,  676,  353,  611,  633,  106,  832,  215,  345,  436,  679,  496,  275],
        [  607,    0,  581,  511,  663,  224,  488,  157,   76,  317,  845,  350,  154,  293,  353,  134,  277,  747,  742,  266,  525,  357,    0,  441,  747,  457,  197,  518,  443,  845,  407,  826,  280,  737,  495,  593,  380,  372,  510,  437,  106,  532,  552,  554,  334,  648,  532,  732,  189,  833,  588,  663,  324,  175,  504,  403,  566,  107,  849,  223,  646,  390,  194,  478,  316,  155,  700,  240,  348,  588,  652,  146,  500,  486,  618,  822,  484,  241,  241,  385,  848,  327,  447,  194,  660,  656,  288,  398,  121,  323,  761,  201,  395,  108,  759,  516,  451,  902,  556,  438,  365,  795,  619,  583],
        [  541,    0,  656,   94,  302,  260,  743,  378,  471,  756,  599,  560,  423,  217,  413,  481,  242,  628,  712,  383,  313,  654,  441,    0,  971,  284,  638,   92,   47,  659,  624, 1019,  683,  560,  103,  317,   86,  203,  233,  429,  339,  139,  190,  485,  775,  362,  669,  400,  552,  654,  815,  655,  234,  613,  785,  839,  718,  385,  668,  389,  762,  411,  622,   90,  754,  554,  438,  230,  741,  165,  379,  415,  173,   49,  179,  697,  152,  203,  391,  826,  682,  765,  123,  411,  819,  715,  723,  386,  558,  757,  937,  618,  142,  353,  639,  170,  758,  648,  763,  435,  805,  623,  523,  731],
        [  557,    0,  362, 1064,  955,  744,  259,  658,  810,  770,  852,  427,  900,  968,  558,  615,  966,  629,  487,  599,  753,  391,  747,  971,    0,  730,  720, 1061, 1006,  756,  360,   97,  540,  714,  939,  827,  887, 1040,  825,  561,  803, 1108,  919,  576,  719,  848,  311,  939,  561,  740,  163,  458, 1010,  754,  251,  819,  262,  847,  750,  966,  262,  566,  636,  932,  775,  841,  829,  774,  491, 1015,  832,  892, 1119,  987, 1078,  652, 1098,  866,  983,  748,  725,  779, 1057,  940,  179,  352,  789,  594,  760,  808,  104,  604, 1027,  729,  632,  896,  311,  889,  210,  554,  755,  718,  595,  254],
        [  257,    0,  387,  369,  253,  240,  537,  313,  520,  751,  394,  370,  529,  412,  201,  412,  428,  356,  428,  235,   68,  489,  457,  284,  730,    0,  628,  361,  330,  416,  420,  764,  592,  308,  219,  145,  220,  446,   98,  169,  396,  418,  191,  201,  749,  196,  420,  290,  461,  407,  586,  372,  450,  620,  589,  839,  469,  467,  422,  537,  496,  174,  574,  217,  752,  608,  244,  240,  631,  286,  197,  518,  456,  281,  350,  429,  435,  322,  547,  803,  430,  763,  401,  541,  563,  439,  730,  143,  573,  767,  680,  555,  400,  350,  367,  167,  580,  450,  531,  176,  788,  371,  242,  478],
        [  730,    0,  653,  706,  851,  412,  478,  315,  186,  125, 1002,  407,  281,  477,  482,  223,  457,  874,  839,  406,  695,  350,  197,  638,  720,  628,    0,  714,  639,  985,  441,  810,  182,  881,  690,  769,  576,  553,  693,  568,  301,  724,  743,  686,  138,  823,  583,  913,  208,  972,  579,  758,  502,   43,  471,  213,  604,  275,  988,  358,  691,  523,   89,  674,  125,  150,  868,  431,  241,  784,  824,  280,  687,  683,  815,  945,  673,  437,  373,  188,  982,  136,  638,  321,  680,  725,  106,  540,   89,  141,  760,  123,  585,  296,  885,  707,  409, 1059,  564,  567,  168,  934,  749,  620],
        [  614,    0,  740,   17,  317,  350,  834,  466,  539,  828,  634,  651,  480,  261,  503,  567,  286,  689,  784,  474,  378,  745,  518,   92, 1061,  361,  714,    0,   75,  707,  716, 1107,  768,  614,  149,  364,  177,  218,  293,  514,  414,   62,  224,  560,  851,  401,  757,  419,  639,  703,  905,  732,  263,  685,  877,  909,  807,  451,  716,  434,  847,  498,  704,  146,  826,  618,  477,  319,  828,  156,  421,  473,  125,   80,  133,  754,  112,  278,  432,  900,  733,  837,  110,  461,  907,  797,  793,  472,  630,  827, 1024,  701,  158,  436,  700,  218,  849,  679,  853,  520,  879,  675,  593,  819],
        [  586,    0,  697,   69,  342,  281,  773,  396,  465,  754,  644,  590,  409,  193,  449,  496,  219,  675,  758,  412,  360,  679,  443,   47, 1006,  330,  639,   75,    0,  706,  656, 1056,  696,  607,  146,  363,  121,  166,  280,  470,  339,  104,  233,  530,  776,  407,  707,  441,  568,  701,  848,  700,  203,  611,  814,  836,  756,  377,  714,  368,  801,  450,  630,  136,  752,  545,  483,  250,  756,  194,  425,  401,  127,   80,  193,  743,  106,  203,  367,  826,  729,  763,   77,  393,  857,  757,  719,  426,  556,  753,  975,  628,  103,  363,  686,  216,  783,  693,  797,  476,  805,  670,  569,  769],
        [  264,    0,  431,  720,  414,  648,  697,  690,  916, 1102,  120,  614,  939,  824,  504,  763,  842,  134,  270,  585,  359,  729,  845,  659,  756,  416,  985,  707,  706,    0,  622,  737,  894,  110,  563,  344,  620,  848,  429,  418,  802,  767,  483,  301, 1085,  307,  519,  328,  787,   17,  682,  308,  859,  988,  752, 1187,  545,  874,   11,  952,  501,  463,  914,  572, 1104, 1000,  233,  652,  908,  567,  287,  927,  825,  635,  627,  111,  807,  737,  963, 1137,   40, 1114,  782,  954,  584,  410, 1090,  449,  950, 1126,  663,  886,  795,  745,  127,  492,  777,  138,  635,  419, 1127,   52,  238,  542],
        [  361,    0,  222,  718,  669,  386,  120,  300,  477,  533,  678,   68,  558,  609,  224,  274,  607,  493,  418,  244,  464,  111,  407,  624,  360,  420,  441,  716,  656,  622,    0,  427,  295,  537,  607,  548,  539,  682,  518,  264,  449,  759,  606,  342,  500,  584,  143,  684,  242,  607,  197,  342,  651,  464,  169,  608,  164,  499,  621,  617,  250,  247,  354,  598,  537,  528,  594,  416,  292,  693,  575,  548,  765,  646,  751,  553,  743,  508,  634,  546,  607,  545,  702,  595,  253,  288,  536,  278,  451,  566,  357,  320,  670,  373,  503,  577,  166,  730,  154,  259,  542,  572,  393,  182],
        [  565,    0,  381, 1112,  975,  804,  340,  727,  891,  864,  840,  493,  979, 1033,  608,  693, 1032,  616,  468,  658,  780,  474,  826, 1019,   97,  764,  810, 1107, 1056,  737,  427,    0,  631,  708,  978,  848,  936, 1103,  857,  597,  875, 1157,  951,  594,  814,  863,  350,  950,  644,  722,  239,  454, 1076,  843,  340,  914,  301,  923,  730, 1042,  272,  609,  725,  973,  869,  927,  836,  833,  585, 1049,  845,  970, 1174, 1031, 1113,  629, 1152,  929, 1059,  843,  703,  873, 1111, 1018,  201,  351,  882,  636,  846,  902,   85,  692, 1085,  800,  618,  930,  402,  873,  274,  591,  850,  704,  602,  288],
        [  631,    0,  516,  764,  837,  427,  305,  309,  315,  243,  930,  283,  416,  569,  410,  203,  555,  771,  711,  357,  654,  189,  280,  683,  540,  592,  182,  768,  696,  894,  295,  631,    0,  797,  710,  736,  606,  649,  675,  488,  377,  792,  743,  596,  205,  785,  436,  882,  135,  879,  404,  633,  603,  219,  292,  313,  447,  385,  894,  493,  535,  449,  104,  695,  248,  317,  816,  455,   69,  805,  781,  412,  770,  721,  848,  837,  752,  499,  510,  252,  884,  255,  713,  459,  513,  582,  255,  474,  237,  279,  585,   82,  665,  334,  782,  708,  230,  985,  395,  485,  248,  842,  657,  463],
        [  178,    0,  366,  627,  341,  538,  622,  582,  807,  999,  144,  521,  829,  717,  399,  659,  735,  101,  249,  478,  254,  640,  737,  560,  714,  308,  881,  614,  607,  110,  537,  708,  797,    0,  467,  251,  516,  745,  328,  314,  693,  675,  392,  202,  984,  223,  448,  273,  686,  100,  621,  257,  753,  883,  678, 1085,  482,  765,  115,  843,  453,  358,  812,  474, 1001,  892,  159,  543,  816,  483,  202,  818,  729,  539,  546,  145,  710,  629,  854, 1037,  124, 1011,  683,  844,  537,  363,  986,  343,  843, 1022,  629,  785,  692,  636,  105,  396,  697,  193,  570,  316, 1026,   65,  144,  481],
        [  468,    0,  605,  161,  202,  286,  727,  402,  536,  812,  498,  547,  502,  311,  386,  509,  335,  541,  637,  378,  230,  653,  495,  103,  939,  219,  690,  149,  146,  563,  607,  978,  710,  467,    0,  219,  117,  305,  145,  382,  400,  210,   87,  415,  825,  262,  630,  298,  576,  559,  789,  587,  333,  669,  774,  898,  680,  456,  572,  478,  713,  374,  662,   18,  811,  623,  338,  261,  763,   96,  280,  493,  263,   73,  145,  607,  244,  272,  482,  877,  587,  822,  222,  496,  778,  657,  782,  345,  615,  817,  895,  653,  245,  396,  551,   71,  754,  547,  735,  388,  858,  529,  446,  691],
        [  292,    0,  469,  377,  128,  370,  660,  455,  652,  893,  287,  503,  649,  497,  337,  556,  518,  333,  448,  380,   85,  625,  593,  317,  827,  145,  769,  364,  363,  344,  548,  848,  736,  251,  219,    0,  287,  511,   93,  285,  522,  425,  142,  255,  892,   56,  521,  146,  606,  340,  696,  415,  528,  760,  714,  982,  568,  590,  353,  645,  577,  305,  718,  228,  894,  741,  124,  362,  774,  236,   66,  638,  481,  291,  301,  393,  463,  425,  653,  947,  369,  905,  439,  654,  653,  504,  871,  275,  711,  908,  764,  699,  454,  485,  342,  148,  711,  339,  641,  291,  931,  312,  261,  574],
        [  475,    0,  577,  179,  308,  181,  658,  299,  419,  696,  573,  475,  388,  212,  329,  405,  233,  574,  646,  298,  263,  570,  380,   86,  887,  220,  576,  177,  121,  620,  539,  936,  606,  516,  117,  287,    0,  230,  195,  351,  284,  222,  189,  417,  711,  339,  586,  397,  474,  613,  730,  585,  242,  554,  700,  782,  636,  340,  627,  369,  681,  329,  552,  100,  695,  506,  411,  153,  663,  209,  352,  378,  244,  115,  243,  645,  222,  156,  374,  763,  639,  706,  185,  384,  737,  639,  666,  306,  499,  701,  854,  545,  180,  283,  585,  158,  673,  626,  679,  357,  743,  580,  461,  649],
        [  695,    0,  770,  204,  505,  300,  791,  388,  368,  656,  797,  614,  288,   81,  507,  464,   97,  801,  864,  445,  492,  678,  372,  203, 1040,  446,  553,  218,  166,  848,  682, 1103,  649,  745,  305,  511,  230,    0,  421,  553,  273,  196,  392,  635,  688,  560,  761,  603,  536,  842,  878,  797,   54,  518,  823,  730,  808,  279,  856,  228,  867,  521,  565,  291,  653,  434,  634,  272,  715,  359,  576,  283,  139,  245,  350,  873,  131,  175,  222,  733,  868,  663,  110,  260,  910,  838,  617,  504,  465,  647, 1025,  572,   63,  328,  813,  369,  782,  848,  833,  558,  710,  809,  685,  823],
        [  327,    0,  478,  304,  163,  286,  635,  381,  566,  817,  379,  465,  558,  405,  296,  486,  426,  398,  494,  320,   87,  583,  510,  233,  825,   98,  693,  293,  280,  429,  518,  857,  675,  328,  145,   93,  195,  421,    0,  266,  434,  354,   95,  277,  819,  148,  515,  223,  542,  423,  684,  448,  437,  680,  686,  905,  564,  501,  437,  552,  587,  272,  647,  149,  817,  655,  217,  275,  718,  194,  159,  547,  403,  215,  260,  465,  383,  333,  560,  874,  450,  828,  356,  562,  657,  524,  793,  241,  630,  829,  773,  631,  367,  403,  408,   79,  676,  432,  629,  273,  857,  391,  303,  573],
        [  171,    0,  227,  520,  408,  275,  376,  280,  511,  686,  443,  226,  551,  499,   87,  346,  508,  311,  322,  172,  202,  350,  437,  429,  561,  169,  568,  514,  470,  418,  264,  597,  488,  314,  382,  285,  351,  553,  266,    0,  414,  567,  360,  119,  671,  321,  251,  420,  372,  404,  418,  249,  541,  572,  430,  771,  300,  484,  420,  582,  334,   47,  498,  376,  687,  590,  335,  293,  514,  454,  312,  539,  594,  437,  518,  385,  572,  395,  596,  724,  415,  698,  534,  574,  397,  289,  674,   49,  535,  709,  514,  471,  519,  345,  324,  335,  429,  498,  363,    7,  713,  366,  183,  311],
        [  583,    0,  591,  406,  579,  156,  546,  154,  136,  417,  789,  385,  138,  192,  339,  198,  179,  716,  733,  253,  462,  421,  106,  339,  803,  396,  301,  414,  339,  802,  449,  875,  377,  693,  400,  522,  284,  273,  434,  414,    0,  427,  464,  526,  438,  577,  557,  655,  268,  791,  641,  656,  227,  274,  570,  501,  597,   73,  807,  174,  670,  369,  297,  383,  415,  225,  637,  160,  443,  491,  584,  127,  396,  385,  517,  792,  380,  137,  191,  488,  809,  426,  342,  162,  696,  665,  384,  369,  219,  419,  804,  301,  291,   78,  729,  429,  523,  845,  602,  416,  466,  754,  588,  614],
        [  673,    0,  794,   50,  374,  383,  877,  497,  545,  835,  693,  694,  476,  255,  551,  594,  279,  750,  844,  516,  439,  781,  532,  139, 1108,  418,  724,   62,  104,  767,  759, 1157,  792,  675,  210,  425,  222,  196,  354,  567,  427,    0,  285,  618,  861,  462,  807,  476,  667,  764,  951,  790,  247,  693,  917,  913,  857,  454,  777,  422,  900,  549,  721,  206,  832,  619,  538,  352,  854,  212,  482,  470,   74,  139,  176,  816,   70,  295,  417,  909,  794,  843,   90,  452,  958,  853,  798,  524,  639,  830, 1075,  722,  145,  459,  761,  279,  886,  738,  900,  574,  887,  736,  653,  869],
        [  416,    0,  572,  238,  119,  332,  725,  440,  600,  866,  413,  551,  575,  394,  383,  547,  417,  472,  580,  395,  177,  665,  552,  190,  919,  191,  743,  224,  233,  483,  606,  951,  743,  392,   87,  142,  189,  392,   95,  360,  464,  285,    0,  369,  874,  178,  609,  212,  609,  480,  776,  538,  418,  725,  775,  953,  658,  525,  492,  557,  681,  362,  706,  101,  865,  688,  254,  313,  791,  101,  197,  566,  345,  156,  167,  534,  328,  344,  562,  928,  509,  877,  308,  573,  752,  618,  839,  332,  673,  874,  867,  693,  331,  447,  482,   36,  761,  460,  721,  366,  909,  452,  389,  668],
        [   60,    0,  216,  569,  382,  379,  438,  398,  628,  802,  338,  321,  664,  591,  205,  464,  603,  193,  230,  290,  193,  442,  554,  485,  576,  201,  686,  560,  530,  301,  342,  594,  596,  202,  415,  255,  417,  635,  277,  119,  526,  618,  369,    0,  785,  272,  278,  365,  487,  287,  456,  172,  632,  690,  494,  887,  321,  597,  303,  689,  322,  166,  613,  415,  804,  708,  261,  393,  615,  469,  256,  652,  656,  481,  536,  268,  635,  491,  702,  837,  297,  814,  600,  685,  400,  250,  791,  158,  653,  826,  510,  586,  594,  461,  206,  355,  506,  392,  402,  119,  827,  249,   65,  325],
        [  824,    0,  720,  843,  980,  543,  504,  439,  320,   58, 1111,  482,  408,  613,  587,  337,  592,  966,  914,  519,  815,  394,  334,  775,  719,  749,  138,  851,  776, 1085,  500,  814,  205,  984,  825,  892,  711,  688,  819,  671,  438,  861,  874,  785,    0,  944,  640, 1037,  299, 1070,  597,  835,  635,  170,  482,  109,  652,  410, 1086,  483,  739,  628,  176,  808,   64,  265,  985,  564,  232,  919,  944,  409,  823,  819,  951, 1034,  809,  574,  497,   55, 1078,   64,  774,  446,  713,  787,   96,  648,  224,   97,  776,  200,  721,  430,  978,  838,  421, 1168,  595,  669,   43, 1033,  847,  667],
        [  299,    0,  487,  416,  121,  426,  694,  509,  708,  947,  237,  544,  704,  550,  381,  608,  571,  315,  443,  429,  131,  667,  648,  362,  848,  196,  823,  401,  407,  307,  584,  863,  785,  223,  262,   56,  339,  560,  148,  321,  577,  462,  178,  272,  944,    0,  546,  100,  656,  305,  723,  419,  580,  814,  748, 1035,  591,  646,  316,  700,  592,  346,  770,  272,  947,  797,   77,  418,  820,  262,   22,  693,  522,  333,  323,  368,  505,  480,  707,  999,  335,  958,  483,  709,  671,  514,  925,  317,  766,  962,  780,  750,  502,  540,  322,  193,  749,  288,  668,  326,  983,  280,  264,  596],
        [  274,    0,   90,  762,  648,  463,  180,  404,  605,  675,  592,  184,  677,  695,  259,  402,  698,  386,  287,  318,  445,  248,  532,  669,  311,  420,  583,  757,  707,  519,  143,  350,  436,  448,  630,  521,  586,  761,  515,  251,  557,  807,  609,  278,  640,  546,    0,  641,  380,  502,  179,  218,  739,  604,  234,  749,   50,  615,  516,  730,  115,  259,  496,  624,  679,  663,  538,  490,  426,  705,  532,  667,  825,  682,  768,  436,  803,  590,  747,  686,  497,  687,  763,  711,  151,  147,  678,  286,  587,  708,  269,  462,  739,  480,  394,  586,  265,  638,  125,  244,  683,  472,  311,   63],
        [  385,    0,  578,  434,  102,  509,  792,  599,  789, 1037,  229,  643,  776,  605,  480,  701,  628,  372,  513,  525,  228,  766,  732,  400,  939,  290,  913,  419,  441,  328,  684,  950,  882,  273,  298,  146,  397,  603,  223,  420,  655,  476,  212,  365, 1037,  100,  641,    0,  751,  331,  819,  500,  630,  901,  847, 1125,  685,  721,  339,  764,  681,  445,  863,  313, 1037,  878,  117,  497,  919,  265,  111,  766,  543,  362,  314,  412,  528,  547,  770, 1091,  364, 1048,  514,  778,  762,  599, 1014,  416,  852, 1050,  867,  844,  542,  625,  377,  240,  849,  266,  764,  426, 1075,  316,  348,  690],
        [  528,    0,  447,  636,  704,  294,  304,  176,  249,  316,  813,  201,  342,  457,  289,   74,  446,  671,  631,  227,  525,  171,  189,  552,  561,  461,  208,  639,  568,  787,  242,  644,  135,  686,  576,  606,  474,  536,  542,  372,  268,  667,  609,  487,  299,  656,  380,  751,    0,  773,  406,  551,  494,  225,  316,  401,  406,  294,  789,  412,  491,  330,  128,  561,  319,  289,  691,  323,  190,  671,  654,  334,  650,  588,  715,  741,  631,  376,  429,  352,  781,  329,  591,  383,  490,  519,  310,  351,  210,  343,  583,  100,  545,  211,  682,  574,  262,  869,  379,  370,  341,  735,  550,  422],
        [  249,    0,  415,  717,  414,  637,  681,  677,  904, 1088,  130,  598,  928,  816,  490,  750,  834,  118,  255,  572,  352,  714,  833,  654,  740,  407,  972,  703,  701,   17,  607,  722,  879,  100,  559,  340,  613,  842,  423,  404,  791,  764,  480,  287, 1070,  305,  502,  331,  773,    0,  666,  291,  852,  975,  736, 1173,  529,  863,   17,  942,  485,  450,  899,  567, 1090,  988,  232,  642,  892,  566,  284,  917,  821,  631,  626,   98,  803,  728,  953, 1123,   33, 1100,  777,  943,  568,  394, 1077,  436,  937, 1112,  648,  871,  789,  733,  111,  488,  761,  152,  619,  405, 1112,   39,  224,  525],
        [  450,    0,  255,  908,  823,  582,  103,  496,  653,  643,  764,  264,  741,  805,  404,  455,  803,  550,  428,  439,  618,  236,  588,  815,  163,  586,  579,  905,  848,  682,  197,  239,  404,  621,  789,  696,  730,  878,  684,  418,  641,  951,  776,  456,  597,  723,  179,  819,  406,  666,    0,  375,  848,  609,  117,  702,  139,  686,  678,  805,  192,  416,  492,  780,  648,  691,  716,  612,  366,  869,  709,  733,  960,  833,  930,  590,  938,  704,  823,  634,  657,  654,  897,  780,  128,  278,  658,  446,  609,  680,  182,  458,  866,  566,  556,  750,  177,  808,   56,  412,  636,  638,  487,  141],
        [  123,    0,  128,  741,  537,  523,  397,  511,  738,  863,  396,  354,  790,  747,  318,  550,  757,  175,   81,  404,  362,  452,  663,  655,  458,  372,  758,  732,  700,  308,  342,  454,  633,  257,  587,  415,  585,  797,  448,  249,  656,  790,  538,  172,  835,  419,  218,  500,  551,  291,  375,    0,  789,  771,  450,  942,  239,  724,  303,  826,  197,  289,  676,  587,  866,  810,  384,  541,  634,  638,  400,  779,  826,  652,  705,  218,  804,  643,  841,  884,  283,  875,  769,  817,  281,  107,  860,  297,  744,  892,  374,  644,  760,  583,  181,  526,  483,  436,  329,  245,  878,  265,  155,  235],
        [  691,    0,  753,  250,  534,  277,  758,  353,  316,  603,  814,  584,  234,   44,  489,  423,   48,  804,  858,  421,  501,  641,  324,  234, 1010,  450,  502,  263,  203,  859,  651, 1076,  603,  753,  333,  528,  242,   54,  437,  541,  227,  247,  418,  632,  635,  580,  739,  630,  494,  852,  848,  789,    0,  466,  787,  677,  784,  228,  867,  175,  847,  506,  516,  318,  600,  381,  652,  252,  670,  396,  594,  230,  193,  279,  393,  878,  183,  150,  171,  680,  876,  610,  159,  207,  886,  823,  564,  493,  413,  594, 1000,  525,  106,  289,  816,  392,  744,  867,  804,  546,  657,  817,  684,  799],
        [  737,    0,  670,  677,  836,  396,  508,  307,  151,  144, 1000,  425,  241,  444,  485,  226,  423,  880,  852,  405,  687,  377,  175,  613,  754,  620,   43,  685,  611,  988,  464,  843,  219,  883,  669,  760,  554,  518,  680,  572,  274,  693,  725,  690,  170,  814,  604,  901,  225,  975,  609,  771,  466,    0,  504,  229,  627,  241,  991,  318,  714,  526,  119,  653,  142,  108,  862,  413,  281,  762,  816,  241,  654,  658,  790,  952,  640,  410,  333,  216,  986,  154,  606,  281,  707,  743,  114,  540,   56,  150,  791,  152,  552,  279,  892,  690,  443, 1057,  592,  571,  194,  937,  754,  644],
        [  501,    0,  323,  878,  836,  537,   56,  436,  563,  529,  821,  227,  657,  746,  392,  375,  741,  619,  514,  403,  631,  149,  504,  785,  251,  589,  471,  877,  814,  752,  169,  340,  292,  678,  774,  714,  700,  823,  686,  430,  570,  917,  775,  494,  482,  748,  234,  847,  316,  736,  117,  450,  787,  504,    0,  586,  215,  607,  749,  725,  290,  415,  386,  764,  534,  592,  752,  568,  251,  860,  737,  649,  917,  810,  918,  668,  896,  651,  743,  517,  731,  539,  855,  697,  241,  365,  545,  446,  510,  567,  295,  354,  818,  500,  627,  745,   63,  870,  131,  424,  520,  705,  537,  225],
        [  928,    0,  828,  900, 1062,  623,  610,  527,  371,   89, 1210,  589,  443,  660,  687,  431,  637, 1070, 1021,  614,  906,  502,  403,  839,  819,  839,  213,  909,  836, 1187,  608,  914,  313, 1085,  898,  982,  782,  730,  905,  771,  501,  913,  953,  887,  109, 1035,  749, 1125,  401, 1173,  702,  942,  677,  229,  586,    0,  760,  460, 1189,  512,  847,  728,  274,  881,   88,  297, 1079,  641,  337,  990, 1036,  447,  868,  885, 1017, 1139,  856,  637,  523,   72, 1181,   77,  824,  476,  819,  895,  117,  747,  283,   84,  880,  302,  770,  506, 1082,  917,  526, 1266,  702,  770,   67, 1135,  950,  775],
        [  311,    0,  116,  811,  695,  509,  166,  445,  638,  689,  625,  217,  714,  741,  307,  435,  742,  412,  300,  364,  493,  259,  566,  718,  262,  469,  604,  807,  756,  545,  164,  301,  447,  482,  680,  568,  636,  808,  564,  300,  597,  857,  658,  321,  652,  591,   50,  685,  406,  529,  139,  239,  784,  627,  215,  760,    0,  653,  542,  769,   88,  309,  516,  674,  693,  692,  579,  537,  430,  754,  576,  705,  874,  731,  818,  456,  852,  636,  786,  695,  522,  701,  812,  750,  103,  151,  696,  336,  615,  724,  220,  482,  787,  520,  419,  635,  256,  670,   91,  294,  693,  500,  349,   18],
        [  654,    0,  655,  441,  642,  228,  588,  216,   91,  381,  860,  438,   67,  204,  407,  233,  183,  788,  802,  321,  533,  459,  107,  385,  847,  467,  275,  451,  377,  874,  499,  923,  385,  765,  456,  590,  340,  279,  501,  484,   73,  454,  525,  597,  410,  646,  615,  721,  294,  863,  686,  724,  228,  241,  607,  460,  653,    0,  879,  119,  730,  439,  292,  439,  378,  169,  706,  229,  453,  543,  653,   56,  414,  432,  563,  864,  400,  185,  137,  456,  882,  389,  366,   97,  750,  729,  344,  440,  187,  377,  855,  304,  312,  142,  801,  491,  556,  916,  651,  486,  433,  826,  660,  670],
        [  264,    0,  428,  729,  424,  653,  695,  693,  920, 1104,  130,  614,  944,  831,  506,  766,  849,  131,  264,  588,  367,  728,  849,  668,  750,  422,  988,  716,  714,   11,  621,  730,  894,  115,  572,  353,  627,  856,  437,  420,  807,  777,  492,  303, 1086,  316,  516,  339,  789,   17,  678,  303,  867,  991,  749, 1189,  542,  879,    0,  958,  496,  466,  915,  580, 1106, 1004,  242,  658,  907,  577,  296,  933,  834,  644,  637,  103,  816,  744,  969, 1138,   30, 1116,  790,  959,  579,  405, 1093,  453,  953, 1128,  657,  887,  803,  749,  123,  501,  776,  146,  632,  421, 1128,   55,  240,  538],
