{
    "name": "random-90-24707",
    "comment": "size=90 seed=24707",
    "nodes": ["+0", "-0", "+1", "-1", "+2", "-2", "+3", "-3", "+4", "-4", "+5", "-5", "+6", "-6", "+7", "-7", "+8", "-8", "+9", "-9", "+10", "-10", "+11", "-11", "+12", "-12", "+13", "-13", "+14", "-14", "+15", "-15", "+16", "-16", "+17", "-17", "+18", "-18", "+19", "-19", "+20", "-20", "+21", "-21", "+22", "-22", "+23", "-23", "+24", "-24", "+25", "-25", "+26", "-26", "+27", "-27", "+28", "-28", "+29", "-29", "+30", "-30", "+31", "-31", "+32", "-32", "+33", "-33", "+34", "-34", "+35", "-35", "+36", "-36", "+37", "-37", "+38", "-38", "+39", "-39", "+40", "-40", "+41", "-41", "+42", "-42", "+43", "-43", "+44", "-44", "+45", "-45", "+46", "-46", "+47", "-47", "+48", "-48", "+49", "-49", "+50", "-50", "+51", "-51", "+52", "-52", "+53", "-53", "+54", "-54", "+55", "-55", "+56", "-56", "+57", "-57", "+58", "-58", "+59", "-59", "+60", "-60", "+61", "-61", "+62", "-62", "+63", "-63", "+64", "-64", "+65", "-65", "+66", "-66", "+67", "-67", "+68", "-68", "+69", "-69", "+70", "-70", "+71", "-71", "+72", "-72", "+73", "-73", "+74", "-74", "+75", "-75", "+76", "-76", "+77", "-77", "+78", "-78", "+79", "-79", "+80", "-80", "+81", "-81", "+82", "-82", "+83", "-83", "+84", "-84", "+85", "-85", "+86", "-86", "+87", "-87", "+88", "-88", "+89", "-89", "+90", "-90"],
    "precedence": {
        "+0": "-0",
        "+1": "-1",
        "+2": "-2",
        "+3": "-3",
        "+4": "-4",
        "+5": "-5",
        "+6": "-6",
        "+7": "-7",
        "+8": "-8",
        "+9": "-9",
        "+10": "-10",
        "+11": "-11",
        "+12": "-12",
        "+13": "-13",
        "+14": "-14",
        "+15": "-15",
        "+16": "-16",
        "+17": "-17",
        "+18": "-18",
        "+19": "-19",
        "+20": "-20",
        "+21": "-21",
        "+22": "-22",
        "+23": "-23",
        "+24": "-24",
        "+25": "-25",
        "+26": "-26",
        "+27": "-27",
        "+28": "-28",
        "+29": "-29",
        "+30": "-30",
        "+31": "-31",
        "+32": "-32",
        "+33": "-33",
        "+34": "-34",
        "+35": "-35",
        "+36": "-36",
        "+37": "-37",
        "+38": "-38",
        "+39": "-39",
        "+40": "-40",
        "+41": "-41",
        "+42": "-42",
        "+43": "-43",
        "+44": "-44",
        "+45": "-45",
        "+46": "-46",
        "+47": "-47",
        "+48": "-48",
        "+49": "-49",
        "+50": "-50",
        "+51": "-51",
        "+52": "-52",
        "+53": "-53",
        "+54": "-54",
        "+55": "-55",
        "+56": "-56",
        "+57": "-57",
        "+58": "-58",
        "+59": "-59",
        "+60": "-60",
        "+61": "-61",
        "+62": "-62",
        "+63": "-63",
        "+64": "-64",
        "+65": "-65",
        "+66": "-66",
        "+67": "-67",
        "+68": "-68",
        "+69": "-69",
        "+70": "-70",
        "+71": "-71",
        "+72": "-72",
        "+73": "-73",
        "+74": "-74",
        "+75": "-75",
        "+76": "-76",
        "+77": "-77",
        "+78": "-78",
        "+79": "-79",
        "+80": "-80",
        "+81": "-81",
        "+82": "-82",
        "+83": "-83",
        "+84": "-84",
        "+85": "-85",
        "+86": "-86",
        "+87": "-87",
        "+88": "-88",
        "+89": "-89",
        "+90": "-90"
    },
    "edges": [
        [    0,    0,  564,  721,  943,  314,  874,  647,  475,  544,  897,  281,  195,  631,  881,  710,  538,  958,  734,  316,  923,  237,  721,  760,  546,  321,  474,  623,  564,  589,  953,  826, 1000,  443,  525,  258,  327,  771,  568,  769,  395,  729,  542,  938,  848,  476,  300,  796,  638,  294,  280,  595,  543,  283,  696,  425,  745,  443,  498,  308,  431,  573,  109,   59,  578,  103,  561,  496,  924,  449,  859,  793,  529,  661,  367,  805,  608,  497,  914,  341,  173,  420,  722, 1013,  413,  495,  715,  712,  334,  526,  223,  547,  621,  278,  108,  247,  802,  286,  824,  107,  328,  247,  492,  223,  550,  292,  514,  612,  446,  828,  873,  294,  446,  752,  761,  957,  311,  480,  633,  914,  330,  511,  670,  195,  473,  472,  835,  746,  823,  305,  868,  423,  885,  838,  740,  111,  155,  873,   71,  457,  180,  386,  618,  912,  418,  304,  960,  543,  921,  274,  238,  747,  768,  400,  134,  759,  680,  519,  519,  629,  731,  501,  849,  573,  922,  894,  901,  242,  913,   44,  518,  651,  329,  830,  792,  496,  560,  399,  124,  753,  620,  582],
        [    0,    0,    0,    0,    0,    0,    0,    0,    0,    0,    0,    0,    0,    0,    0,    0,    0,    0,    0,    0,    0,    0,    0,    0,    0,    0,    0,    0,    0,    0,    0,    0,    0,    0,    0,    0,    0,    0,    0,    0,    0,    0,    0,    0,    0,    0,    0,    0,    0,    0,    0,    0,    0,    0,    0,    0,    0,    0,    0,    0,    0,    0,    0,    0,    0,    0,    0,    0,    0,    0,    0,    0,    0,    0,    0,    0,    0,    0,    0,    0,    0,    0,    0,    0,    0,    0,    0,    0,    0,    0,    0,    0,    0,    0,    0,    0,    0,    0,    0,    0,    0,    0,    0,    0,    0,    0,    0,    0,    0,    0,    0,    0,    0,    0,    0,    0,    0,    0,    0,    0,    0,    0,    0,    0,    0,    0,    0,    0,    0,    0,    0,    0,    0,    0,    0,    0,    0,    0,    0,    0,    0,    0,    0,    0,    0,    0,    0,    0,    0,    0,    0,    0,    0,    0,    0,    0,    0,    0,    0,    0,    0,    0,    0,    0,    0,    0,    0,    0,    0,    0,    0,    0,    0,    0,    0,    0,    0,    0,    0,    0,    0,    0],
        [  564,    0,    0,  855, 1085,  707, 1030,  801,  622,  824,  495,  722,  754,   79,  465,  925,  812,  729,  685,  513,  503,  371,  343,  854,  359,  423,  305,  582,  733,  199,  742,  369,  599,  683,  117,  324,  264,  764,   77,  896,  813,  299,  720, 1078,  732,  545,  351,  950,  207,  481,  294,  712,  218,  319,  896,  733,  677,  542,  673,  602,  341,   77,  660,  616,  795,  622,   92,  154, 1013,  353,  761, 1020,  319,  161,  639, 1032,   94,   82,  614,  318,  400,  905,  803,  652,  236,  817,  580,  412,  759,  661,  341,  404,  911,  494,  637,  764,  835,  758, 1018,  493,  240,  595,  544,  775,  865,  468,   50,  112,  631,  889,  676,  350,  210,  265,  587,  670,  377,  249,  563, 1004,  699,  940,  399,  755,  699,  635,  393,  778,  921,  433,  435,  966,  459,  434,  845,  455,  462,  697,  620,  146,  567,  512,  629,  972,  903,  268, 1116,  207,  961,  817,  754,  576,  939,  171,  684,  361,  695,  286,  861,  321,  907,   63,  479,  559,  688,  995,  887,  324,  654,  556,   52,  354,  881,  949, 1014,  139,  817,  930,  686,  981,  403,  589],
        [  721,    0,  855,    0,  238,  444,  176,   75,  265,  232,  735,  502,  726,  861,  750,  126,  227,  531,  257,  433,  771,  833,  664,   61,  510,  492, 1017,  296,  159,  691,  506,  785,  780,  279,  922,  802,  831,  197,  792,   48,  443,  726,  181,  231,  351,  319,  890,   95,  724,  468,  787,  148,  650,  634,   98,  320,  281,  334,  227,  414,  519,  795,  689,  705,  158,  643,  927,  927,  203,  504,  331,  193,  545,  799,  356,  203,  809,  859,  606,  907,  765,  562,   79,  731,  914,  296,  373,  573,  466,  214,  730,  463,  231,  474,  652,  615,  149,  537,  169,  641,  722,  475,  316,  700,  275,  478,  833,  795,  282,  131,  461,  883,  650,  804,  417,  605,  540,  607,  324,  193,  418,  460,  546,  732,  250,  261,  768,  145,  104,  494,  767,  727,  764,  718,   42,  733,  611,  434,  687,  878,  542,  385,  237,  200,  562,  790,  265,  660,  217,  679,  613,  415,   90,  741,  687,  692,  191, 1039,  316,  596,   71,  821,  678,  302,  523,  173,  248,  748,  551,  678,  810,  580,  735,  110,  184,  717,  202,  677,  727,  167,  502,  271],
        [  943,    0, 1085,  238,    0,  646,   70,  307,  501,  411,  903,  699,  921, 1085,  923,  241,  413,  638,  433,  668,  937, 1068,  864,  232,  732,  730, 1255,  510,  391,  912,  609,  975,  926,  502, 1156, 1039, 1069,  351, 1019,  192,  616,  929,  411,    9,  475,  556, 1127,  149,  940,  704, 1024,  385,  875,  871,  248,  523,  452,  571,  461,  639,  753, 1022,  898,  920,  365,  857, 1160, 1163,  107,  737,  444,  189,  770, 1017,  579,  183, 1033, 1093,  748, 1145,  999,  712,  283,  862, 1152,  471,  558,  769,  654,  451,  966,  686,  359,  708,  864,  803,  273,  725,  135,  870,  959,  697,  552,  890,  429,  714, 1065, 1018,  516,  214,  593, 1120,  884, 1009,  588,  730,  777,  837,  534,  110,  623,  588,  748,  927,  473,  496,  954,  319,  168,  731,  945,  876,  939,  897,  241,  963,  843,  560,  902, 1114,  765,  622,  458,  164,  712, 1027,   36,  886,  195,  859,  804,  590,  175,  978,  892,  887,  395, 1276,  471,  808,  213, 1054,  849,  527,  645,  103,  295,  985,  683,  900, 1042,  787,  905,  136,  183,  948,  388,  830,  933,  215,  712,  497],
        [  314,    0,  707,  444,  646,    0,  577,  373,  261,  237,  864,   61,  282,  752,  861,  407,  234,  817,  541,  213,  897,  502,  714,  494,  508,  297,  733,  460,  300,  637,  803,  841,  951,  180,  718,  496,  552,  549,  677,  488,  107,  748,  279,  642,  666,  316,  569,  504,  687,  235,  498,  351,  584,  392,  398,  125,  560,  285,  253,  119,  420,  682,  253,  280,  289,  217,  742,  703,  643,  425,  666,  484,  514,  740,  128,  496,  711,  668,  819,  601,  426,  215,  467,  938,  647,  183,  574,  664,   56,  295,  428,  481,  309,  217,  221,  175,  556,  103,  520,  276,  485,  113,  334,  258,  237,  246,  665,  706,  221,  567,  730,  562,  517,  802,  629,  847,  334,  515,  483,  634,   29,  235,  620,  288,  206,  249,  838,  510,  548,  282,  859,  341,  870,  818,  472,  371,  275,  718,  261,  654,  162,  258,  426,  643,  213,  514,  660,  589,  658,  246,  172,  617,  474,  542,  247,  753,  467,  770,  206,  616,  438,  651,  807,  414,  789,  611,  662,  451,  795,  276,  655,  623,  312,  546,  484,  590,  258,  290,  287,  446,  560,  406],
        [  874,    0, 1030,  176,   70,  577,    0,  242,  436,  342,  872,  630,  852, 1033,  891,  173,  344,  624,  395,  602,  907, 1001,  822,  182,  680,  665, 1191,  460,  324,  861,  596,  937,  902,  434, 1097,  973, 1005,  316,  965,  134,  548,  885,  345,   65,  453,  494, 1061,   83,  891,  638,  959,  323,  822,  807,  179,  454,  415,  508,  394,  570,  694,  968,  829,  851,  296,  788, 1103, 1103,  117,  679,  424,  134,  716,  967,  510,  131,  981, 1035,  725, 1079,  932,  648,  231,  843, 1089,  403,  519,  728,  586,  387,  901,  633,  294,  641,  795,  735,  241,  657,   75,  802,  897,  628,  492,  822,  362,  648, 1008,  966,  449,  183,  571, 1054,  826,  965,  554,  712,  713,  781,  486,  114,  554,  526,  705,  858,  404,  431,  917,  277,  128,  666,  911,  812,  906,  862,  186,  896,  775,  539,  833, 1054,  697,  558,  406,  164,  648,  963,   90,  832,  197,  792,  735,  554,  106,  917,  823,  847,  347, 1214,  405,  761,  144,  996,  817,  473,  627,   94,  287,  919,  662,  831,  985,  742,  839,   89,  126,  892,  319,  766,  864,  152,  665,  443],
        [  647,    0,  801,   75,  307,  373,  242,    0,  195,  175,  721,  432,  654,  811,  733,  134,  168,  548,  259,  362,  757,  761,  634,  122,  464,  424,  951,  266,   85,  645,  525,  759,  776,  205,  862,  732,  763,  219,  740,  122,  379,  692,  106,  301,  370,  258,  820,  159,  681,  397,  718,   89,  601,  566,  102,  250,  283,  268,  154,  340,  461,  744,  616,  631,   93,  569,  870,  865,  278,  448,  355,  224,  497,  755,  281,  236,  760,  800,  607,  838,  693,  503,  106,  733,  848,  236,  360,  547,  397,  146,  660,  418,  199,  402,  578,  545,  196,  467,  218,  568,  656,  401,  258,  630,  225,  407,  775,  746,  209,  195,  471,  813,  593,  769,  410,  612,  472,  553,  296,  267,  346,  411,  516,  660,  175,  190,  744,  168,  178,  425,  746,  667,  747,  698,  100,  659,  538,  447,  613,  816,  468,  317,  205,  271,  503,  722,  332,  611,  286,  611,  543,  405,  141,  679,  614,  665,  179,  973,  263,  559,  107,  764,  662,  260,  534,  247,  302,  678,  558,  604,  754,  545,  669,  183,  216,  662,  144,  616,  654,  188,  466,  230],
        [  475,    0,  622,  265,  501,  261,  436,  195,    0,  215,  640,  319,  523,  642,  643,  306,  202,  558,  282,  171,  675,  569,  514,  291,  318,  230,  756,  203,  115,  488,  543,  644,  716,   97,  674,  538,  569,  301,  568,  312,  320,  564,   99,  495,  407,   87,  626,  354,  531,  205,  524,  123,  439,  372,  279,  177,  300,   81,   52,  178,  283,  572,  465,  469,  173,  413,  685,  675,  461,  274,  409,  402,  342,  598,  135,  414,  593,  614,  570,  644,  502,  453,  249,  693,  654,  234,  318,  444,  307,   53,  466,  277,  295,  212,  425,  431,  327,  364,  408,  386,  463,  240,   98,  507,  267,  214,  593,  582,   40,  355,  471,  619,  413,  632,  374,  594,  278,  381,  228,  451,  233,  409,  404,  528,   94,   17,  636,  272,  359,  231,  648,  598,  654,  602,  273,  473,  351,  458,  454,  625,  300,  122,  166,  442,  452,  527,  526,  447,  448,  504,  426,  363,  335,  490,  469,  551,  213,  780,  280,  425,  298,  580,  581,  162,  531,  433,  427,  484,  540,  432,  574,  421,  571,  373,  396,  486,  201,  546,  506,  361,  346,  148],
        [  544,    0,  824,  232,  411,  237,  342,  175,  215,    0,  842,  289,  511,  850,  848,  171,   14,  708,  415,  323,  877,  703,  727,  290,  532,  407,  918,  384,  146,  701,  688,  856,  909,  142,  863,  685,  729,  390,  775,  269,  213,  777,  141,  407,  535,  301,  767,  274,  745,  359,  679,  207,  651,  542,  166,  120,  439,  291,  167,  258,  490,  779,  490,  515,   85,  452,  879,  858,  419,  483,  524,  250,  556,  811,  202,  262,  802,  805,  750,  793,  629,  331,  281,  876,  821,   65,  495,  652,  244,  201,  612,  491,   89,  354,  457,  394,  370,  316,  284,  486,  638,  306,  312,  481,   57,  372,  790,  792,  196,  363,  627,  760,  616,  846,  550,  763,  457,  590,  414,  410,  216,  238,  614,  517,  126,  200,  846,  341,  331,  401,  856,  496,  860,  809,  268,  583,  469,  606,  497,  807,  373,  312,  328,  427,  330,  688,  423,  659,  447,  454,  394,  542,  242,  678,  482,  762,  332,  948,   89,  639,  208,  777,  782,  358,  690,  386,  475,  634,  708,  503,  773,  633,  506,  322,  249,  690,   32,  445,  523,  210,  557,  334],
        [  897,    0,  495,  735,  903,  864,  872,  721,  640,  842,    0,  909, 1046,  431,   35,  851,  829,  320,  481,  661,   36,  795,  179,  699,  364,  601,  798,  461,  701,  334,  345,  138,  108,  736,  611,  741,  706,  557,  427,  755,  949,  198,  702,  894,  433,  560,  803,  814,  298,  655,  707,  646,  365,  619,  819,  814,  459,  586,  680,  748,  473,  425,  957,  930,  772,  904,  581,  648,  802,  459,  466,  928,  371,  335,  744,  937,  402,  566,  179,  782,  785, 1076,  659,  160,  717,  872,  363,  201,  919,  642,  715,  384,  905,  676,  920, 1000,  632,  956,  897,  794,  613,  783,  545, 1049,  898,  648,  521,  384,  673,  691,  322,  799,  465,  240,  320,  227,  592,  419,  430,  796,  842, 1048,  245, 1050,  732,  656,  109,  600,  745,  618,   70, 1198,   49,   63,  704,  813,  747,  355,  925,  628,  799,  607,  521,  747, 1075,  687,  938,  369,  722, 1070,  991,  321,  822,  557,  974,  145,  547,  780,  917,  268,  805,  523,   60,  485,  290,  800,  622,  710,  246,  868,  496,  249, 1142,  784,  919,  445,  819, 1150,  995,  900,  305,  509],
        [  281,    0,  722,  502,  699,   61,  630,  432,  319,  289,  909,    0,  224,  772,  904,  459,  287,  873,  600,  250,  942,  487,  754,  553,  549,  327,  723,  516,  360,  668,  860,  879,  999,  240,  723,  487,  547,  609,  698,  546,  115,  785,  339,  695,  725,  369,  554,  559,  719,  265,  494,  411,  615,  404,  453,  183,  618,  337,  313,  162,  455,  703,  206,  239,  346,  179,  751,  705,  700,  462,  726,  532,  552,  767,  185,  544,  734,  678,  872,  590,  412,  184,  527,  989,  642,  230,  629,  709,   54,  354,  424,  526,  354,  246,  179,  115,  616,   47,  571,  263,  493,  134,  387,  199,  281,  276,  678,  730,  280,  626,  786,  548,  541,  834,  684,  901,  358,  545,  538,  691,   89,  238,  665,  230,  266,  307,  878,  570,  606,  311,  901,  290,  913,  861,  531,  352,  272,  775,  221,  657,  159,  304,  484,  701,  182,  512,  711,  619,  717,  186,  112,  672,  528,  554,  196,  793,  526,  763,  245,  656,  493,  664,  853,  469,  845,  668,  722,  447,  849,  247,  671,  665,  253,  603,  533,  612,  312,  241,  236,  495,  606,  463],
        [  195,    0,  754,  726,  921,  282,  852,  654,  523,  511, 1046,  224,    0,  818, 1034,  681,  510, 1060,  803,  403, 1075,  428,  876,  775,  684,  447,  661,  706,  580,  758, 1050,  990, 1144,  457,  720,  453,  521,  821,  752,  770,  312,  892,  559,  917,  925,  554,  488,  783,  809,  398,  474,  627,  708,  455,  676,  406,  819,  519,  527,  347,  573,  757,   95,  139,  570,  143,  755,  690,  924,  587,  930,  749,  675,  839,  391,  760,  791,  690, 1038,  530,  367,  276,  747, 1147,  606,  450,  813,  851,  267,  565,  414,  673,  570,  377,  126,  120,  835,  197,  791,  267,  515,  290,  572,   41,  496,  403,  705,  794,  486,  848,  973,  483,  617,  925,  864, 1075,  455,  641,  723,  915,  309,  396,  808,    7,  485,  514,  995,  786,  829,  429, 1025,  234, 1040,  990,  753,  305,  308,  966,  134,  651,  251,  472,  685,  925,  275,  498,  932,  710,  939,   97,  118,  851,  751,  586,   73,  915,  735,  708,  457,  779,  716,  691,  994,  657, 1028,  892,  940,  434, 1026,  199,  706,  797,  136,  827,  751,  675,  535,  219,   72,  713,  752,  657],
        [  631,    0,   79,  861, 1085,  752, 1033,  811,  642,  850,  431,  772,  818,    0,  399,  939,  838,  685,  672,  550,  436,  447,  293,  854,  354,  460,  377,  577,  749,  176,  700,  301,  532,  711,  187,  399,  340,  753,   77,  899,  857,  241,  738, 1077,  705,  561,  428,  955,  164,  521,  367,  722,  211,  373,  909,  767,  661,  563,  694,  643,  361,   72,  725,  682,  814,  684,  153,  228, 1008,  369,  736, 1033,  317,   98,  674, 1045,   52,  160,  563,  396,  472,  955,  803,  590,  314,  849,  560,  374,  805,  676,  410,  400,  935,  536,  699,  821,  827,  810, 1027,  554,  304,  642,  557,  838,  895,  508,  124,   69,  655,  883,  639,  427,  239,  195,  559,  619,  419,  261,  555,  999,  741,  982,  369,  820,  724,  656,  326,  772,  919,  472,  368, 1025,  392,  373,  847,  524,  520,  663,  685,  224,  620,  540,  628,  964,  953,  342, 1117,  201,  950,  877,  811,  550,  947,  233,  748,  305,  691,  353,  894,  293,  917,  135,  421,  560,  645,  992,  870,  394,  608,  620,  114,  323,  944,  950, 1026,  164,  841,  987,  752,  995,  383,  590],
        [  881,    0,  465,  750,  923,  861,  891,  733,  643,  848,   35,  904, 1034,  399,    0,  863,  835,  352,  498,  655,   43,  772,  161,  716,  356,  591,  768,  470,  708,  310,  376,  104,  135,  738,  581,  718,  681,  575,  398,  772,  947,  171,  708,  915,  457,  561,  778,  831,  272,  646,  685,  656,  345,  602,  831,  815,  476,  585,  685,  744,  462,  396,  945,  916,  780,  892,  550,  618,  824,  450,  490,  943,  360,  305,  742,  952,  372,  537,  210,  756,  765, 1074,  674,  194,  689,  876,  377,  200,  916,  647,  695,  380,  913,  668,  909,  992,  652,  950,  914,  780,  591,  776,  546, 1039,  903,  639,  493,  354,  675,  711,  348,  775,  445,  207,  337,  260,  580,  402,  439,  817,  839, 1050,  242, 1038,  736,  659,   75,  617,  764,  609,   35, 1191,   17,   44,  720,  795,  733,  381,  911,  600,  790,  603,  530,  769, 1072,  663,  958,  348,  745, 1062,  983,  338,  837,  534,  963,  124,  560,  750,  921,  255,  819,  495,   74,  491,  320,  821,  646,  689,  276,  854,  468,  240, 1134,  802,  933,  421,  826, 1144,  982,  914,  302,  515],
        [  710,    0,  925,  126,  241,  407,  173,  134,  306,  171,  851,  459,  681,  939,  863,    0,  174,  656,  378,  457,  887,  853,  767,  182,  596,  531, 1056,  399,  192,  776,  631,  892,  901,  278,  980,  829,  867,  322,  867,  136,  377,  826,  207,  237,  476,  380,  915,  114,  813,  494,  819,  220,  730,  672,   33,  286,  403,  385,  257,  412,  584,  871,  660,  683,  140,  620,  990,  980,  261,  572,  456,   96,  627,  885,  352,  109,  888,  919,  728,  937,  781,  480,  203,  853,  955,  231,  488,  680,  414,  265,  756,  550,  127,  494,  626,  563,  271,  485,  115,  644,  766,  466,  383,  650,  192,  506,  897,  876,  307,  240,  586,  908,  716,  902,  536,  729,  581,  680,  429,  253,  385,  365,  649,  687,  251,  296,  876,  270,  192,  529,  878,  646,  877,  829,  166,  740,  622,  558,  665,  930,  535,  425,  338,  282,  480,  825,  253,  740,  308,  621,  564,  532,   80,  795,  653,  798,  305, 1082,  235,  691,   61,  885,  792,  393,  648,  228,  362,  776,  675,  668,  877,  678,  668,  169,   91,  787,  150,  598,  694,   57,  599,  363],
        [  538,    0,  812,  227,  413,  234,  344,  168,  202,   14,  829,  287,  510,  838,  835,  174,    0,  697,  404,  312,  865,  694,  713,  285,  519,  396,  908,  372,  134,  688,  677,  843,  897,  130,  852,  676,  720,  381,  762,  266,  216,  764,  128,  408,  525,  288,  758,  273,  732,  349,  669,  196,  638,  531,  166,  114,  428,  278,  153,  249,  477,  767,  487,  511,   76,  448,  867,  847,  417,  471,  514,  255,  543,  798,  192,  268,  789,  794,  738,  784,  620,  337,  273,  864,  811,   69,  483,  639,  244,  188,  603,  478,  100,  344,  453,  395,  363,  316,  287,  478,  627,  298,  299,  481,   70,  361,  778,  779,  183,  358,  616,  751,  603,  833,  538,  752,  445,  578,  402,  408,  212,  247,  601,  516,  114,  187,  833,  332,  328,  390,  843,  501,  847,  796,  262,  575,  461,  595,  492,  796,  366,  300,  316,  424,  336,  678,  426,  646,  443,  456,  394,  529,  242,  666,  480,  749,  322,  938,   99,  625,  207,  765,  769,  345,  679,  384,  468,  625,  697,  497,  761,  620,  509,  320,  254,  678,   27,  450,  521,  215,  544,  321],
        [  958,    0,  729,  531,  638,  817,  624,  548,  558,  708,  320,  873, 1060,  685,  352,  656,  697,    0,  293,  659,  346,  934,  393,  479,  438,  638, 1008,  358,  565,  533,   30,  441,  303,  649,  839,  883,  870,  335,  652,  533,  873,  451,  576,  630,  181,  508,  963,  586,  524,  670,  853,  503,  533,  720,  627,  727,  270,  542,  577,  719,  545,  653,  986,  974,  626,  930,  820,  867,  532,  524,  203,  712,  471,  589,  689,  718,  642,  782,  142,  955,  899, 1007,  455,  229,  911,  757,  248,  318,  864,  533,  834,  421,  746,  690,  945,  982,  394,  919,  668,  852,  756,  772,  490, 1051,  764,  669,  739,  622,  597,  444,   88,  957,  611,  523,  198,  100,  655,  551,  338,  528,  790,  942,  340, 1065,  633,  571,  412,  387,  503,  653,  384, 1155,  367,  348,  492,  905,  805,  103,  963,  834,  813,  589,  395,  475, 1006,  839,  673,  542,  445, 1056,  976,  212,  604,  725,  997,  388,  376, 1003,  795,  415,  600,  735,  290,  406,   42,  539,  344,  839,   79,  920,  711,  381, 1125,  542,  702,  630,  679, 1104, 1027,  695,  364,  411],
        [  734,    0,  685,  257,  433,  541,  395,  259,  282,  415,  481,  600,  803,  672,  498,  378,  404,  293,    0,  419,  516,  770,  432,  219,  327,  430,  906,  119,  272,  497,  274,  543,  523,  365,  773,  727,  735,   84,  613,  275,  586,  497,  284,  425,  126,  259,  815,  334,  518,  441,  703,  210,  468,  550,  347,  441,   25,  292,  291,  456,  388,  615,  739,  737,  333,  685,  769,  789,  343,  368,  128,  449,  368,  594,  416,  458,  620,  710,  351,  820,  717,  719,  179,  476,  802,  465,  125,  336,  583,  248,  663,  285,  456,  457,  698,  713,  161,  644,  417,  633,  617,  515,  243,  788,  471,  444,  675,  603,  321,  221,  213,  808,  503,  578,  162,  354,  464,  447,  126,  334,  513,  649,  318,  808,  346,  293,  523,  120,  269,  441,  517,  873,  513,  468,  224,  705,  590,  191,  723,  745,  568,  349,  119,  294,  718,  697,  467,  479,  279,  785,  707,  161,  342,  612,  746,  454,   83,  916,  503,  384,  328,  666,  425,  165,  277,  333,  203,  675,  299,  692,  649,  359,  852,  306,  440,  554,  386,  821,  780,  424,  290,  153],
        [  316,    0,  513,  433,  668,  213,  602,  362,  171,  323,  661,  250,  403,  550,  655,  457,  312,  659,  419,    0,  693,  400,  504,  462,  300,   91,  600,  311,  278,  426,  650,  630,  754,  184,  543,  373,  411,  457,  474,  481,  312,  537,  258,  662,  535,  161,  460,  519,  476,   38,  362,  293,  372,  220,  435,  222,  431,  128,  208,   96,  208,  479,  328,  320,  318,  272,  561,  536,  631,  213,  545,  551,  303,  530,  127,  564,  506,  486,  637,  481,  332,  426,  419,  749,  501,  307,  412,  462,  269,  223,  300,  279,  411,   42,  287,  340,  493,  296,  566,  219,  316,  122,  177,  398,  358,   50,  475,  500,  153,  525,  572,  453,  312,  589,  462,  672,  137,  304,  325,  621,  197,  434,  418,  408,  208,  173,  629,  435,  529,   81,  651,  537,  663,  612,  444,  303,  181,  568,  307,  485,  155,   72,  303,  612,  425,  370,  691,  378,  616,  412,  332,  449,  498,  358,  338,  544,  365,  628,  350,  406,  460,  461,  606,  261,  626,  603,  588,  320,  623,  274,  461,  416,  484,  542,  547,  387,  323,  489,  369,  510,  359,  267],
        [  923,    0,  503,  771,  937,  897,  907,  757,  675,  877,   36,  942, 1075,  436,   43,  887,  865,  346,  516,  693,    0,  814,  203,  734,  395,  631,  807,  497,  736,  352,  372,  137,   97,  771,  619,  760,  722,  592,  438,  791,  982,  212,  737,  928,  466,  595,  819,  849,  313,  685,  726,  682,  387,  643,  855,  849,  494,  620,  715,  781,  502,  436,  985,  958,  808,  932,  588,  657,  836,  489,  499,  964,  400,  343,  778,  973,  410,  577,  206,  797,  807, 1110,  694,  165,  729,  907,  399,  234,  952,  677,  737,  417,  941,  707,  949, 1031,  667,  988,  933,  821,  633,  814,  579, 1079,  933,  678,  532,  393,  708,  726,  353,  816,  487,  243,  355,  250,  620,  444,  466,  830,  875, 1083,  277, 1078,  767,  691,  111,  635,  780,  648,   68, 1229,   45,   85,  739,  837,  774,  386,  952,  640,  829,  640,  556,  780, 1108,  705,  972,  390,  755, 1101, 1022,  357,  857,  575, 1003,  166,  583,  788,  953,  296,  841,  535,   96,  520,  318,  834,  655,  731,  274,  895,  508,  279, 1173,  819,  954,  463,  855, 1182, 1023,  936,  338,  544],
        [  237,    0,  371,  833, 1068,  502, 1001,  761,  569,  703,  795,  487,  428,  447,  772,  853,  694,  934,  770,  400,  814,    0,  617,  857,  497,  348,  239,  651,  678,  463,  936,  696,  902,  575,  306,   54,  108,  827,  400,  880,  600,  605,  657, 1062,  864,  532,   68,  919,  504,  365,   88,  690,  432,  220,  832,  586,  774,  507,  608,  446,  394,  404,  345,  294,  714,  328,  345,  271, 1028,  415,  883,  945,  465,  502,  504,  957,  438,  294,  857,  105,   77,  647,  811,  934,  179,  668,  713,  640,  538,  620,  107,  517,  789,  361,  338,  479,  877,  505,  964,  227,  184,  402,  542,  459,  724,  355,  323,  448,  553,  916,  857,   61,  335,  605,  747,  908,  308,  390,  650, 1017,  508,  725,  605,  427,  603,  572,  712,  817,  925,  342,  751,  659,  772,  733,  840,  136,  235,  866,  306,  240,  341,  451,  668, 1004,  645,  111, 1091,  427, 1005,  511,  469,  733,  897,  240,  370,  651,  738,  284,  702,  543,  860,  313,  759,  606,  894, 1001,  962,   97,  873,  251,  336,  573,  563,  941,  942,  353,  711,  635,  356,  903,  571,  626],
        [  721,    0,  343,  664,  864,  714,  822,  634,  514,  727,  179,  754,  876,  293,  161,  767,  713,  393,  432,  504,  203,  617,    0,  641,  207,  435,  637,  370,  595,  160,  409,  131,  286,  606,  457,  564,  531,  515,  268,  694,  805,   67,  592,  856,  434,  429,  628,  753,  136,  492,  530,  550,  187,  441,  735,  680,  415,  449,  561,  596,  304,  267,  785,  756,  667,  733,  433,  490,  773,  294,  466,  853,  203,  197,  601,  864,  252,  405,  272,  610,  607,  928,  594,  320,  550,  747,  308,   97,  769,  528,  536,  239,  800,  513,  750,  837,  593,  799,  833,  619,  435,  623,  416,  882,  780,  484,  360,  233,  543,  652,  352,  624,  286,  148,  290,  328,  421,  242,  341,  765,  694,  914,  119,  879,  608,  530,  125,  547,  698,  452,  150, 1039,  165,  118,  640,  635,  573,  379,  752,  464,  633,  458,  430,  723,  926,  510,  898,  191,  704,  906,  828,  283,  753,  382,  804,   40,  477,  625,  794,   99,  730,  360,  144,  377,  353,  764,  613,  532,  315,  693,  333,   94,  978,  734,  845,  271,  708,  992,  822,  821,  171,  406],
        [  760,    0,  854,   61,  232,  494,  182,  122,  291,  290,  699,  553,  775,  854,  716,  182,  285,  479,  219,  462,  734,  857,  641,    0,  501,  512, 1032,  279,  198,  681,  453,  758,  738,  322,  927,  823,  848,  147,  787,   57,  499,  704,  220,  224,  299,  331,  912,  116,  710,  495,  806,  169,  643,  652,  157,  371,  241,  351,  262,  453,  523,  790,  734,  747,  212,  686,  930,  935,  171,  507,  277,  236,  538,  786,  396,  243,  802,  863,  562,  927,  792,  620,   51,  684,  928,  353,  340,  547,  518,  239,  753,  454,  292,  503,  696,  666,   90,  589,  199,  675,  736,  515,  325,  751,  335,  504,  834,  786,  315,   74,  413,  906,  653,  784,  380,  556,  557,  606,  305,  161,  467,  521,  523,  781,  293,  291,  739,  100,   70,  516,  734,  785,  731,  686,   23,  763,  642,  384,  730,  886,  581,  407,  226,  153,  620,  807,  264,  654,  165,  732,  664,  379,  127,  750,  733,  666,  166, 1051,  376,  580,  123,  824,  643,  295,  473,  146,  188,  770,  504,  716,  811,  560,  789,   97,  226,  716,  259,  734,  772,  217,  484,  266],
        [  546,    0,  359,  510,  732,  508,  680,  464,  318,  532,  364,  549,  684,  354,  356,  596,  519,  438,  327,  300,  395,  497,  207,  501,    0,  238,  591,  224,  411,  182,  440,  335,  461,  404,  447,  446,  437,  405,  289,  547,  599,  248,  404,  724,  388,  231,  527,  603,  218,  291,  416,  376,  144,  286,  565,  476,  321,  246,  367,  390,  116,  291,  597,  574,  481,  543,  442,  465,  656,   99,  414,  688,   41,  291,  395,  700,  302,  384,  371,  522,  465,  722,  450,  468,  489,  547,  233,  168,  563,  340,  398,   47,  611,  312,  560,  637,  476,  595,  677,  441,  321,  420,  222,  686,  584,  284,  348,  286,  342,  531,  363,  521,  183,  314,  255,  417,  236,  124,  205,  647,  487,  709,  125,  688,  409,  333,  332,  420,  566,  256,  352,  836,  364,  313,  494,  477,  393,  375,  567,  423,  436,  252,  275,  614,  720,  404,  764,  154,  603,  707,  628,  242,  597,  298,  614,  246,  339,  596,  594,  110,  568,  340,  311,  208,  398,  639,  530,  402,  379,  514,  322,  117,  779,  597,  680,  228,  517,  789,  636,  652,   76,  239],
        [  321,    0,  423,  492,  730,  297,  665,  424,  230,  407,  601,  327,  447,  460,  591,  531,  396,  638,  430,   91,  631,  348,  435,  512,  238,    0,  527,  314,  344,  342,  633,  556,  698,  266,  456,  312,  340,  482,  384,  539,  400,  461,  326,  723,  536,  184,  401,  582,  393,   63,  296,  346,  288,  143,  506,  311,  438,  161,  276,  184,  131,  389,  361,  341,  393,  306,  473,  452,  683,  142,  551,  626,  232,  443,  217,  639,  417,  399,  598,  416,  289,  508,  465,  702,  425,  395,  396,  405,  352,  279,  242,  230,  496,   82,  323,  403,  529,  370,  636,  215,  235,  194,  195,  449,  445,   52,  385,  411,  224,  569,  554,  394,  222,  508,  441,  638,   50,  219,  319,  672,  283,  523,  362,  451,  287,  237,  558,  470,  581,   18,  584,  606,  598,  547,  496,  277,  168,  555,  332,  402,  199,  108,  322,  657,  506,  298,  755,  293,  658,  472,  394,  427,  564,  271,  376,  475,  392,  552,  439,  337,  528,  372,  548,  265,  602,  657,  616,  258,  593,  284,  371,  352,  544,  599,  622,  297,  405,  561,  401,  585,  307,  281],
        [  474,    0,  305, 1017, 1255,  733, 1191,  951,  756,  918,  798,  723,  661,  377,  768, 1056,  908, 1008,  906,  600,  807,  239,  637, 1032,  591,  527,    0,  790,  870,  481, 1017,  674,  903,  782,  191,  238,  189,  975,  372, 1063,  834,  601,  852, 1248,  979,  701,  174, 1109,  503,  563,  240,  870,  475,  385, 1032,  806,  904,  684,  802,  663,  519,  374,  581,  531,  917,  567,  227,  151, 1202,  539, 1004, 1150,  552,  465,  717, 1163,  397,  233,  905,  135,  313,  886,  983,  953,  105,  890,  823,  692,  773,  805,  308,  626, 1006,  565,  577,  718, 1036,  743, 1163,  461,  297,  628,  707,  694,  945,  551,  278,  415,  749, 1082,  944,  180,  408,  569,  843,  960,  479,  468,  780, 1191,  737,  960,  669,  660,  807,  764,  697,  976, 1101,  528,  739,  894,  763,  737, 1018,  375,  459,  960,  544,  175,  572,  635,  822, 1170,  884,  231, 1281,  467, 1166,  747,  708,  831, 1091,  295,  606,  660,  893,   51,  927,  594, 1054,  278,  778,  753,  967, 1178, 1107,  285,  937,  490,  304,  627,  796, 1123, 1146,  378,  922,  872,  590, 1109,  654,  778],
        [  623,    0,  582,  296,  510,  460,  460,  266,  203,  384,  461,  516,  706,  577,  470,  399,  372,  358,  119,  311,  497,  651,  370,  279,  224,  314,  790,    0,  241,  403,  345,  494,  526,  297,  664,  608,  618,  186,  512,  329,  522,  430,  244,  502,  225,  153,  696,  387,  432,  329,  584,  186,  368,  432,  367,  377,  125,  188,  231,  362,  271,  515,  637,  631,  312,  582,  662,  677,  432,  252,  238,  484,  263,  507,  332,  495,  525,  600,  371,  702,  599,  655,  230,  495,  686,  421,  116,  282,  508,  188,  545,  179,  445,  347,  596,  625,  253,  562,  465,  521,  500,  417,  135,  696,  441,  332,  567,  509,  242,  308,  270,  690,  391,  509,  172,  392,  346,  338,   31,  423,  433,  604,  251,  712,  286,  217,  478,  197,  343,  325,  482,  799,  483,  433,  275,  590,  477,  261,  618,  632,  464,  240,   62,  391,  654,  579,  542,  378,  382,  699,  619,  162,  385,  498,  646,  400,  115,  802,  464,  302,  361,  558,  401,   51,  330,  416,  318,  556,  338,  582,  542,  284,  768,  375,  476,  447,  360,  748,  678,  452,  206,   55],
        [  564,    0,  733,  159,  391,  300,  324,   85,  115,  146,  701,  360,  580,  749,  708,  192,  134,  565,  272,  278,  736,  678,  595,  198,  411,  344,  870,  241,    0,  589,  545,  723,  765,  124,  788,  649,  683,  258,  676,  207,  322,  650,   22,  385,  395,  189,  737,  242,  628,  314,  636,   63,  542,  486,  165,  182,  295,  193,   70,  257,  392,  680,  536,  549,   73,  488,  798,  790,  361,  381,  387,  288,  440,  699,  199,  301,  699,  727,  605,  756,  609,  453,  168,  731,  769,  193,  350,  515,  331,   73,  577,  367,  206,  318,  498,  474,  257,  399,  293,  483,  577,  318,  193,  557,  203,  324,  705,  686,  125,  270,  482,  730,  524,  723,  404,  618,  393,  489,  271,  351,  272,  378,  479,  586,   96,  107,  711,  214,  260,  344,  718,  612,  721,  670,  177,  575,  453,  462,  532,  740,  385,  236,  183,  351,  452,  641,  414,  551,  362,  543,  471,  396,  221,  604,  535,  629,  190,  895,  231,  513,  184,  693,  641,  220,  546,  331,  363,  596,  563,  520,  685,  503,  604,  268,  282,  596,  120,  560,  575,  249,  425,  193],
        [  589,    0,  199,  691,  912,  637,  861,  645,  488,  701,  334,  668,  758,  176,  310,  776,  688,  533,  497,  426,  352,  463,  160,  681,  182,  342,  481,  403,  589,    0,  544,  239,  441,  566,  307,  409,  372,  578,  123,  728,  737,  144,  579,  904,  534,  403,  470,  785,   52,  404,  375,  557,   54,  307,  745,  631,  487,  411,  539,  521,  220,  124,  665,  630,  657,  616,  290,  336,  833,  221,  564,  869,  149,  111,  541,  880,  124,  251,  424,  451,  459,  849,  631,  480,  391,  708,  386,  215,  693,  516,  389,  229,  783,  423,  633,  737,  652,  710,  859,  493,  283,  535,  396,  769,  750,  393,  207,  107,  507,  708,  477,  466,  143,  169,  389,  480,  313,  123,  381,  824,  622,  857,  200,  761,  576,  502,  252,  598,  746,  358,  289,  941,  310,  271,  676,  494,  450,  498,  628,  307,  529,  399,  456,  789,  847,  354,  945,   49,  775,  801,  727,  379,  779,  224,  685,  190,  518,  472,  754,  123,  749,  204,  303,  390,  491,  818,  695,  382,  459,  566,  179,  155,  871,  777,  861,  112,  688,  899,  699,  832,  209,  420],
        [  953,    0,  742,  506,  609,  803,  596,  525,  543,  688,  345,  860, 1050,  700,  376,  631,  677,   30,  274,  650,  372,  936,  409,  453,  440,  633, 1017,  345,  545,  544,    0,  463,  331,  633,  850,  886,  875,  311,  665,  507,  857,  469,  557,  602,  157,  497,  966,  560,  538,  663,  856,  483,  542,  721,  603,  711,  251,  531,  561,  707,  545,  665,  978,  967,  605,  922,  833,  878,  503,  524,  177,  686,  475,  605,  676,  692,  656,  792,  167,  960,  899,  990,  430,  258,  919,  738,  240,  330,  849,  516,  835,  421,  723,  682,  937,  970,  367,  906,  641,  847,  760,  761,  479, 1040,  743,  663,  749,  636,  583,  417,   80,  961,  616,  543,  193,  128,  652,  557,  327,  500,  776,  922,  348, 1055,  616,  556,  435,  363,  475,  648,  408, 1140,  392,  370,  467,  903,  801,   86,  956,  843,  805,  580,  379,  446,  989,  843,  644,  551,  416, 1043,  964,  207,  578,  731,  988,  406,  356, 1013,  776,  425,  575,  745,  312,  394,   58,  510,  315,  840,  101,  914,  721,  391, 1112,  515,  676,  639,  658, 1088, 1019,  669,  368,  398],
        [  826,    0,  369,  785,  975,  841,  937,  759,  644,  856,  138,  879,  990,  301,  104,  892,  843,  441,  543,  630,  137,  696,  131,  758,  335,  556,  674,  494,  723,  239,  463,    0,  233,  736,  485,  643,  600,  625,  309,  812,  934,   98,  720,  967,  524,  559,  696,  871,  193,  615,  609,  676,  284,  544,  860,  810,  524,  579,  690,  722,  426,  305,  898,  866,  795,  847,  453,  523,  880,  418,  557,  976,  327,  209,  730,  986,  278,  445,  302,  671,  697, 1055,  712,  297,  599,  877,  419,  213,  896,  657,  627,  369,  928,  636,  864,  959,  702,  924,  953,  728,  520,  747,  546,  999,  910,  606,  402,  262,  673,  762,  424,  693,  381,  107,  389,  355,  537,  349,  464,  873,  821, 1043,  245,  993,  738,  660,   30,  661,  811,  573,   70, 1162,   94,   94,  759,  733,  684,  455,  862,  509,  752,  586,  555,  828, 1053,  587, 1010,  284,  806, 1026,  949,  386,  874,  457,  917,   95,  596,  653,  924,  226,  852,  406,  152,  505,  406,  874,  710,  619,  363,  802,  378,  224, 1097,  849,  967,  345,  837, 1116,  933,  945,  300,  532],
        [ 1000,    0,  599,  780,  926,  951,  902,  776,  716,  909,  108,  999, 1144,  532,  135,  901,  897,  303,  523,  754,   97,  902,  286,  738,  461,  698,  903,  526,  765,  441,  331,  233,    0,  813,  715,  849,  813,  591,  533,  794, 1031,  305,  769,  918,  452,  641,  911,  852,  406,  750,  815,  707,  472,  724,  869,  892,  499,  669,  752,  837,  573,  530, 1057, 1032,  835, 1003,  684,  752,  822,  558,  483,  971,  472,  439,  828,  980,  506,  672,  179,  890,  892, 1161,  702,   84,  823,  945,  417,  294, 1005,  712,  821,  475,  967,  771, 1020, 1093,  663, 1045,  936,  896,  720,  875,  624, 1146,  966,  743,  627,  488,  752,  720,  334,  907,  571,  339,  366,  204,  693,  525,  496,  817,  928, 1125,  337, 1148,  806,  732,  207,  639,  776,  716,  165, 1288,  141,  171,  746,  919,  849,  367, 1025,  734,  896,  695,  582,  765, 1159,  794,  961,  476,  737, 1165, 1085,  372,  863,  665, 1074,  252,  597,  884,  989,  372,  851,  629,  151,  557,  285,  824,  635,  817,  244,  970,  602,  349, 1237,  816,  962,  553,  884, 1239, 1095,  947,  395,  577],
