{
    "name": "random-25-5066",
    "comment": "size=25 seed=5066",
    "nodes": ["+0", "-0", "+1", "-1", "+2", "-2", "+3", "-3", "+4", "-4", "+5", "-5", "+6", "-6", "+7", "-7", "+8", "-8", "+9", "-9", "+10", "-10", "+11", "-11", "+12", "-12", "+13", "-13", "+14", "-14", "+15", "-15", "+16", "-16", "+17", "-17", "+18", "-18", "+19", "-19", "+20", "-20", "+21", "-21", "+22", "-22", "+23", "-23", "+24", "-24", "+25", "-25"],
    "precedence": {
        "+0": "-0",
        "+1": "-1",
        "+2": "-2",
        "+3": "-3",
        "+4": "-4",
        "+5": "-5",
        "+6": "-6",
        "+7": "-7",
        "+8": "-8",
        "+9": "-9",
        "+10": "-10",
        "+11": "-11",
        "+12": "-12",
        "+13": "-13",
        "+14": "-14",
        "+15": "-15",
        "+16": "-16",
        "+17": "-17",
        "+18": "-18",
        "+19": "-19",
        "+20": "-20",
        "+21": "-21",
        "+22": "-22",
        "+23": "-23",
        "+24": "-24",
        "+25": "-25"
    },
    "edges": [
        [    0,    0,  523,  760,  434,  321,   20,  303,  521,  726,  292,  717,  687,  420,  568,  196,  694,  195,  509,  297,  341,  725,  794,  270,  164,  533,  501,  482,  875,  642,  377,  505,  106,  428,  610,  633,  375,  454,  665,  449,  489,  664,  359,   55,  258,   98,  874,  498,  837,  345,  423,  204],
        [    0,    0,  523,  760,  434,  321,   20,  303,  521,  726,  292,  717,  687,  420,  568,  196,  694,  195,  509,  297,  341,  725,  794,  270,  164,  533,  501,  482,  875,  642,  377,  505,  106,  428,  610,  633,  375,  454,  665,  449,  489,  664,  359,   55,  258,   98,  874,  498,  837,  345,  423,  204],
        [  523,  523,    0,  507,  257,  292,  539,  349,  100,  338,  567,  379,  339,  110,  557,  690,  178,  332,  293,  536,  401,  251,  381,  606,  545,   72,  254,  540,  450,  225,  808,  597,  619,  691,  184,  275,  764,  804,  290,  301,   90,  549,  224,  531,  775,  511,  459,  593,  398,  431,  430,  674],
        [  760,  760,  507,    0,  742,  452,  764,  775,  411,  215,  957,  873,  180,  493,  296,  955,  574,  655,  794,  936,  842,  692,  842,  634,  660,  578,  295,  371,  890,  300,  822, 1062,  863,  594,  679,  235,  750,  732,  231,  789,  591,  176,  446,  730,  995,  684,  905,  407,  836,  871,  355,  963],
        [  434,  434,  257,  742,    0,  385,  454,  148,  339,  592,  352,  283,  586,  251,  718,  545,  351,  261,   81,  318,  167,  328,  364,  625,  532,  206,  457,  672,  445,  479,  794,  341,  501,  755,  211,  521,  772,  835,  540,   47,  169,  747,  339,  468,  647,  472,  442,  717,  412,  194,  564,  515],
        [  321,  321,  292,  452,  385,    0,  329,  355,  241,  407,  510,  625,  367,  188,  339,  515,  466,  209,  460,  493,  425,  540,  657,  318,  276,  340,  181,  287,  732,  333,  526,  647,  427,  402,  452,  315,  476,  513,  347,  427,  314,  393,   68,  303,  573,  266,  738,  333,  683,  449,  180,  518],
        [   20,   20,  539,  764,  454,  329,    0,  323,  534,  735,  307,  737,  695,  435,  565,  192,  711,  212,  529,  313,  360,  743,  813,  257,  153,  550,  509,  478,  894,  653,  358,  522,   99,  416,  629,  642,  358,  438,  675,  469,  507,  664,  370,   43,  246,   91,  894,  492,  856,  364,  424,  204],
        [  303,  303,  349,  775,  148,  355,  323,    0,  403,  657,  220,  421,  640,  295,  692,  398,  480,  168,  212,  189,   70,  472,  510,  526,  425,  319,  480,  630,  590,  549,  675,  293,  358,  670,  353,  575,  662,  732,  600,  150,  275,  745,  334,  344,  500,  358,  586,  667,  559,   97,  531,  368],
        [  521,  521,  100,  411,  339,  241,  534,  403,    0,  257,  614,  478,  248,  113,  465,  702,  238,  345,  385,  586,  464,  334,  472,  558,  512,  171,  158,  456,  538,  146,  766,  672,  623,  625,  282,  183,  715,  746,  202,  385,  181,  450,  177,  519,  778,  490,  548,  510,  484,  494,  350,  692],
        [  726,  726,  338,  215,  592,  407,  735,  657,  257,    0,  863,  678,   57,  363,  428,  918,  366,  576,  629,  837,  719,  485,  635,  678,  670,  402,  228,  470,  680,  113,  884,  928,  831,  687,  488,   93,  820,  824,   61,  637,  426,  345,  370,  710,  979,  671,  695,  519,  626,  749,  402,  916],
        [  292,  292,  567,  957,  352,  510,  307,  220,  614,  863,    0,  585,  839,  502,  822,  260,  697,  303,  392,   35,  186,  679,  691,  561,  455,  538,  666,  745,  767,  758,  646,  228,  275,  720,  562,  776,  658,  741,  803,  333,  494,  898,  511,  347,  366,  385,  760,  771,  745,  162,  665,  217],
        [  717,  717,  379,  873,  283,  625,  737,  421,  478,  678,  585,    0,  696,  448,  930,  813,  322,  541,  210,  551,  411,  214,  120,  899,  811,  309,  632,  902,  185,  575, 1075,  465,  779, 1018,  197,  639, 1050, 1109,  645,  272,  317,  927,  565,  751,  918,  753,  176,  952,  177,  427,  791,  779],
        [  687,  687,  339,  180,  586,  367,  695,  640,  248,   57,  839,  696,    0,  347,  372,  881,  394,  547,  630,  815,  704,  512,  662,  627,  623,  407,  187,  414,  711,  121,  832,  918,  793,  632,  502,   67,  766,  770,   51,  632,  426,  293,  337,  668,  938,  628,  725,  463,  656,  734,  348,  881],
        [  420,  420,  110,  493,  251,  188,  435,  295,  113,  363,  502,  448,  347,    0,  485,  596,  288,  236,  312,  475,  358,  354,  471,  497,  435,  153,  206,  455,  546,  256,  699,  572,  520,  589,  267,  281,  655,  698,  306,  298,  132,  499,  121,  425,  676,  403,  552,  505,  496,  387,  343,  584],
        [  568,  568,  557,  296,  718,  339,  565,  692,  465,  428,  822,  930,  372,  485,    0,  750,  694,  535,  790,  811,  761,  798,  936,  372,  429,  624,  308,   92, 1002,  443,  538,  981,  657,  302,  740,  377,  464,  439,  399,  762,  614,  128,  380,  524,  765,  475, 1012,  114,  949,  784,  162,  768],
        [  196,  196,  690,  955,  545,  515,  192,  398,  702,  918,  260,  813,  881,  596,  750,    0,  851,  360,  606,  285,  403,  863,  907,  409,  323,  687,  695,  660,  986,  830,  423,  484,   94,  561,  744,  826,  454,  542,  858,  543,  641,  853,  549,  228,  108,  277,  982,  668,  956,  392,  614,   45],
        [  694,  694,  178,  574,  351,  466,  711,  480,  238,  366,  697,  322,  394,  288,  694,  851,    0,  501,  346,  664,  516,  119,  269,  782,  723,  165,  388,  692,  319,  276,  986,  676,  786,  860,  160,  347,  940,  978,  344,  383,  211,  659,  398,  706,  942,  688,  332,  746,  264,  544,  587,  831],
        [  195,  195,  332,  655,  261,  209,  212,  168,  345,  576,  303,  541,  547,  236,  535,  360,  501,    0,  340,  285,  232,  532,  608,  367,  272,  339,  367,  467,  689,  479,  535,  448,  287,  505,  418,  485,  512,  576,  515,  287,  295,  600,  212,  215,  443,  213,  689,  502,  649,  252,  374,  348],
        [  509,  509,  293,  794,   81,  460,  529,  212,  385,  629,  392,  210,  630,  312,  790,  606,  346,  340,    0,  357,  209,  296,  303,  705,  612,  229,  516,  747,  381,  517,  873,  331,  570,  834,  189,  566,  852,  915,  582,   63,  205,  811,  411,  545,  710,  551,  377,  792,  355,  230,  637,  574],
        [  297,  297,  536,  936,  318,  493,  313,  189,  586,  837,   35,  551,  815,  475,  811,  285,  664,  285,  357,    0,  152,  645,  657,  564,  457,  506,  644,  736,  733,  731,  659,  212,  292,  721,  528,  751,  668,  749,  778,  299,  462,  883,  491,  351,  392,  386,  726,  764,  711,  128,  652,  244],
        [  341,  341,  401,  842,  167,  425,  360,   70,  464,  719,  186,  411,  704,  358,  761,  403,  516,  232,  209,  152,    0,  494,  511,  581,  477,  363,  547,  697,  589,  609,  717,  223,  380,  729,  377,  638,  710,  784,  663,  149,  320,  814,  403,  387,  510,  408,  583,  734,  563,   31,  600,  368],
        [  725,  725,  251,  692,  328,  540,  743,  472,  334,  485,  679,  214,  512,  354,  798,  863,  119,  532,  296,  645,  494,    0,  151,  848,  778,  204,  490,  788,  206,  393, 1045,  620,  809,  941,  120,  462, 1006, 1051,  462,  348,  241,  771,  473,  745,  961,  734,  217,  841,  152,  519,  679,  838],
        [  794,  794,  381,  842,  364,  657,  813,  510,  472,  635,  691,  120,  662,  471,  936,  907,  269,  608,  303,  657,  511,  151,    0,  951,  871,  319,  630,  920,   82,  543, 1138,  583,  865, 1057,  205,  611, 1106, 1158,  612,  365,  344,  917,  592,  822, 1010,  819,   83,  972,   58,  530,  809,  875],
        [  270,  270,  606,  634,  625,  318,  257,  526,  558,  678,  561,  899,  627,  497,  372,  409,  782,  367,  705,  564,  581,  848,  951,    0,  108,  645,  461,  281, 1030,  631,  210,  768,  325,  160,  749,  593,  159,  210,  625,  654,  612,  493,  385,  215,  402,  179, 1033,  273,  984,  593,  285,  438],
        [  164,  164,  545,  660,  532,  276,  153,  425,  512,  670,  455,  811,  623,  435,  429,  323,  723,  272,  612,  457,  477,  778,  871,  108,    0,  575,  444,  339,  951,  606,  268,  661,  233,  265,  673,  580,  240,  308,  613,  558,  538,  539,  336,  111,  339,   72,  953,  346,  907,  488,  307,  346],
        [  533,  533,   72,  578,  206,  340,  550,  319,  171,  402,  538,  309,  407,  153,  624,  687,  165,  339,  229,  506,  363,  204,  319,  645,  575,    0,  323,  602,  393,  291,  842,  545,  623,  742,  117,  345,  803,  848,  358,  246,   47,  620,  274,  548,  778,  534,  400,  654,  343,  392,  491,  666],
        [  501,  501,  254,  295,  457,  181,  509,  480,  158,  228,  666,  632,  187,  206,  308,  695,  388,  367,  516,  644,  547,  490,  630,  461,  444,  323,    0,  307,  695,  171,  670,  768,  607,  498,  438,  137,  611,  628,  170,  503,  322,  298,  156,  483,  753,  443,  705,  361,  641,  576,  209,  695],
        [  482,  482,  540,  371,  672,  287,  478,  630,  456,  470,  745,  902,  414,  455,   92,  660,  692,  467,  747,  736,  697,  788,  920,  281,  339,  602,  307,    0,  990,  463,  453,  914,  569,  225,  719,  404,  380,  365,  431,  713,  586,  215,  339,  436,  674,  388,  998,   55,  937,  719,  112,  680],
        [  875,  875,  450,  890,  445,  732,  894,  590,  538,  680,  767,  185,  711,  546, 1002,  986,  319,  689,  381,  733,  589,  206,   82, 1030,  951,  393,  695,  990,    0,  595, 1218,  648,  946, 1133,  282,  665, 1186, 1236,  662,  444,  420,  976,  666,  903, 1090,  900,   20, 1043,   55,  607,  880,  954],
        [  642,  642,  225,  300,  479,  333,  653,  549,  146,  113,  758,  575,  121,  256,  443,  830,  276,  479,  517,  731,  609,  393,  543,  631,  606,  291,  171,  463,  595,    0,  840,  816,  747,  665,  382,   72,  781,  797,   70,  524,  314,  389,  284,  632,  899,  598,  608,  517,  540,  639,  375,  824],
        [  377,  377,  808,  822,  794,  526,  358,  675,  766,  884,  646, 1075,  832,  699,  538,  423,  986,  535,  873,  659,  717, 1045, 1138,  210,  268,  842,  670,  453, 1218,  840,    0,  871,  373,  243,  940,  801,   75,  142,  833,  816,  805,  665,  591,  332,  363,  323, 1220,  426, 1175,  722,  485,  465],
        [  505,  505,  597, 1062,  341,  647,  522,  293,  672,  928,  228,  465,  918,  572,  981,  484,  676,  448,  331,  212,  223,  620,  583,  768,  661,  545,  768,  914,  648,  816,  871,    0,  502,  924,  519,  852,  878,  959,  874,  299,  509, 1037,  625,  558,  587,  590,  636,  948,  640,  198,  820,  439],
        [  106,  106,  619,  863,  501,  427,   99,  358,  623,  831,  275,  779,  793,  520,  657,   94,  786,  287,  570,  292,  380,  809,  865,  325,  233,  623,  607,  569,  946,  747,  373,  502,    0,  481,  691,  739,  392,  477,  771,  508,  578,  760,  464,  135,  156,  184,  943,  579,  912,  375,  521,  114],
        [  428,  428,  691,  594,  755,  402,  416,  670,  625,  687,  720, 1018,  632,  589,  302,  561,  860,  505,  834,  721,  729,  941, 1057,  160,  265,  742,  498,  225, 1133,  665,  243,  924,  481,    0,  853,  614,  169,  140,  643,  788,  714,  429,  469,  374,  540,  335, 1139,  189, 1084,  743,  291,  593],
        [  610,  610,  184,  679,  211,  452,  629,  353,  282,  488,  562,  197,  502,  267,  740,  744,  160,  418,  189,  528,  377,  120,  205,  749,  673,  117,  438,  719,  282,  382,  940,  519,  691,  853,    0,  444,  906,  955,  452,  234,  139,  732,  388,  633,  842,  625,  286,  770,  235,  403,  608,  719],
        [  633,  633,  275,  235,  521,  315,  642,  575,  183,   93,  776,  639,   67,  281,  377,  826,  347,  485,  566,  751,  638,  462,  611,  593,  580,  345,  137,  404,  665,   72,  801,  852,  739,  614,  444,    0,  738,  749,   34,  567,  361,  318,  278,  617,  887,  579,  678,  456,  610,  668,  324,  824],
        [  375,  375,  764,  750,  772,  476,  358,  662,  715,  820,  658, 1050,  766,  655,  464,  454,  940,  512,  852,  668,  710, 1006, 1106,  159,  240,  803,  611,  380, 1186,  781,   75,  878,  392,  169,  906,  738,    0,   88,  770,  797,  768,  591,  543,  325,  409,  305, 1189,  352, 1140,  718,  419,  493],
        [  454,  454,  804,  732,  835,  513,  438,  732,  746,  824,  741, 1109,  770,  698,  439,  542,  978,  576,  915,  749,  784, 1051, 1158,  210,  308,  848,  628,  365, 1236,  797,  142,  959,  477,  140,  955,  749,   88,    0,  779,  863,  817,  566,  581,  402,  495,  377, 1241,  326, 1189,  793,  425,  580],
        [  665,  665,  290,  231,  540,  347,  675,  600,  202,   61,  803,  645,   51,  306,  399,  858,  344,  515,  582,  778,  663,  462,  612,  625,  613,  358,  170,  431,  662,   70,  833,  874,  771,  643,  452,   34,  770,  779,    0,  586,  378,  331,  309,  650,  919,  612,  676,  482,  607,  693,  354,  855],
        [  449,  449,  301,  789,   47,  427,  469,  150,  385,  637,  333,  272,  632,  298,  762,  543,  383,  287,   63,  299,  149,  348,  365,  654,  558,  246,  503,  713,  444,  524,  816,  299,  508,  788,  234,  567,  797,  863,  586,    0,  213,  792,  383,  486,  648,  495,  439,  757,  416,  172,  606,  511],
        [  489,  489,   90,  591,  169,  314,  507,  275,  181,  426,  494,  317,  426,  132,  614,  641,  211,  295,  205,  462,  320,  241,  344,  612,  538,   47,  322,  586,  420,  314,  805,  509,  578,  714,  139,  361,  768,  817,  378,  213,    0,  619,  251,  506,  733,  494,  425,  636,  373,  350,  475,  620],
        [  664,  664,  549,  176,  747,  393,  664,  745,  450,  345,  898,  927,  293,  499,  128,  853,  659,  600,  811,  883,  814,  771,  917,  493,  539,  620,  298,  215,  976,  389,  665, 1037,  760,  429,  732,  318,  591,  566,  331,  792,  619,    0,  414,  625,  877,  577,  988,  241,  921,  840,  241,  867],
        [  359,  359,  224,  446,  339,   68,  370,  334,  177,  370,  511,  565,  337,  121,  380,  549,  398,  212,  411,  491,  403,  473,  592,  385,  336,  274,  156,  339,  666,  284,  591,  625,  464,  469,  388,  278,  543,  581,  309,  383,  251,  414,    0,  350,  615,  317,  673,  388,  616,  430,  229,  546],
        [   55,   55,  531,  730,  468,  303,   43,  344,  519,  710,  347,  751,  668,  425,  524,  228,  706,  215,  545,  351,  387,  745,  822,  215,  111,  548,  483,  436,  903,  632,  332,  558,  135,  374,  633,  617,  325,  402,  650,  486,  506,  625,  350,    0,  270,   49,  903,  450,  864,  394,  386,  245],
        [  258,  258,  775,  995,  647,  573,  246,  500,  778,  979,  366,  918,  938,  676,  765,  108,  942,  443,  710,  392,  510,  961, 1010,  402,  339,  778,  753,  674, 1090,  899,  363,  587,  156,  540,  842,  887,  409,  495,  919,  648,  733,  877,  615,  270,    0,  313, 1086,  673, 1058,  500,  644,  150],
        [   98,   98,  511,  684,  472,  266,   91,  358,  490,  671,  385,  753,  628,  403,  475,  277,  688,  213,  551,  386,  408,  734,  819,  179,   72,  534,  443,  388,  900,  598,  323,  590,  184,  335,  625,  579,  305,  377,  612,  495,  494,  577,  317,   49,  313,    0,  901,  402,  858,  417,  338,  293],
        [  874,  874,  459,  905,  442,  738,  894,  586,  548,  695,  760,  176,  725,  552, 1012,  982,  332,  689,  377,  726,  583,  217,   83, 1033,  953,  400,  705,  998,   20,  608, 1220,  636,  943, 1139,  286,  678, 1189, 1241,  676,  439,  425,  988,  673,  903, 1086,  901,    0, 1051,   70,  600,  888,  950],
        [  498,  498,  593,  407,  717,  333,  492,  667,  510,  519,  771,  952,  463,  505,  114,  668,  746,  502,  792,  764,  734,  841,  972,  273,  346,  654,  361,   55, 1043,  517,  426,  948,  579,  189,  770,  456,  352,  326,  482,  757,  636,  241,  388,  450,  673,  402, 1051,    0,  990,  754,  163,  692],
        [  837,  837,  398,  836,  412,  683,  856,  559,  484,  626,  745,  177,  656,  496,  949,  956,  264,  649,  355,  711,  563,  152,   58,  984,  907,  343,  641,  937,   55,  540, 1175,  640,  912, 1084,  235,  610, 1140, 1189,  607,  416,  373,  921,  616,  864, 1058,  858,   70,  990,    0,  583,  828,  926],
        [  345,  345,  431,  871,  194,  449,  364,   97,  494,  749,  162,  427,  734,  387,  784,  392,  544,  252,  230,  128,   31,  519,  530,  593,  488,  392,  576,  719,  607,  639,  722,  198,  375,  743,  403,  668,  718,  793,  693,  172,  350,  840,  430,  394,  500,  417,  600,  754,  583,    0,  623,  355],
        [  423,  423,  430,  355,  564,  180,  424,  531,  350,  402,  665,  791,  348,  343,  162,  614,  587,  374,  637,  652,  600,  679,  809,  285,  307,  491,  209,  112,  880,  375,  485,  820,  521,  291,  608,  324,  419,  425,  354,  606,  475,  241,  229,  386,  644,  338,  888,  163,  828,  623,    0,  627],
        [  204,  204,  674,  963,  515,  518,  204,  368,  692,  916,  217,  779,  881,  584,  768,   45,  831,  348,  574,  244,  368,  838,  875,  438,  346,  666,  695,  680,  954,  824,  465,  439,  114,  593,  719,  824,  493,  580,  855,  511,  620,  867,  546,  245,  150,  293,  950,  692,  926,  355,  627,    0]
    ]
}
