{
    "name": "random-91-5994",
    "comment": "size=91 seed=5994",
    "nodes": ["+0", "-0", "+1", "-1", "+2", "-2", "+3", "-3", "+4", "-4", "+5", "-5", "+6", "-6", "+7", "-7", "+8", "-8", "+9", "-9", "+10", "-10", "+11", "-11", "+12", "-12", "+13", "-13", "+14", "-14", "+15", "-15", "+16", "-16", "+17", "-17", "+18", "-18", "+19", "-19", "+20", "-20", "+21", "-21", "+22", "-22", "+23", "-23", "+24", "-24", "+25", "-25", "+26", "-26", "+27", "-27", "+28", "-28", "+29", "-29", "+30", "-30", "+31", "-31", "+32", "-32", "+33", "-33", "+34", "-34", "+35", "-35", "+36", "-36", "+37", "-37", "+38", "-38", "+39", "-39", "+40", "-40", "+41", "-41", "+42", "-42", "+43", "-43", "+44", "-44", "+45", "-45", "+46", "-46", "+47", "-47", "+48", "-48", "+49", "-49", "+50", "-50", "+51", "-51", "+52", "-52", "+53", "-53", "+54", "-54", "+55", "-55", "+56", "-56", "+57", "-57", "+58", "-58", "+59", "-59", "+60", "-60", "+61", "-61", "+62", "-62", "+63", "-63", "+64", "-64", "+65", "-65", "+66", "-66", "+67", "-67", "+68", "-68", "+69", "-69", "+70", "-70", "+71", "-71", "+72", "-72", "+73", "-73", "+74", "-74", "+75", "-75", "+76", "-76", "+77", "-77", "+78", "-78", "+79", "-79", "+80", "-80", "+81", "-81", "+82", "-82", "+83", "-83", "+84", "-84", "+85", "-85", "+86", "-86", "+87", "-87", "+88", "-88", "+89", "-89", "+90", "-90", "+91", "-91"],
    "precedence": {
        "+0": "-0",
        "+1": "-1",
        "+2": "-2",
        "+3": "-3",
        "+4": "-4",
        "+5": "-5",
        "+6": "-6",
        "+7": "-7",
        "+8": "-8",
        "+9": "-9",
        "+10": "-10",
        "+11": "-11",
        "+12": "-12",
        "+13": "-13",
        "+14": "-14",
        "+15": "-15",
        "+16": "-16",
        "+17": "-17",
        "+18": "-18",
        "+19": "-19",
        "+20": "-20",
        "+21": "-21",
        "+22": "-22",
        "+23": "-23",
        "+24": "-24",
        "+25": "-25",
        "+26": "-26",
        "+27": "-27",
        "+28": "-28",
        "+29": "-29",
        "+30": "-30",
        "+31": "-31",
        "+32": "-32",
        "+33": "-33",
        "+34": "-34",
        "+35": "-35",
        "+36": "-36",
        "+37": "-37",
        "+38": "-38",
        "+39": "-39",
        "+40": "-40",
        "+41": "-41",
        "+42": "-42",
        "+43": "-43",
        "+44": "-44",
        "+45": "-45",
        "+46": "-46",
        "+47": "-47",
        "+48": "-48",
        "+49": "-49",
        "+50": "-50",
        "+51": "-51",
        "+52": "-52",
        "+53": "-53",
        "+54": "-54",
        "+55": "-55",
        "+56": "-56",
        "+57": "-57",
        "+58": "-58",
        "+59": "-59",
        "+60": "-60",
        "+61": "-61",
        "+62": "-62",
        "+63": "-63",
        "+64": "-64",
        "+65": "-65",
        "+66": "-66",
        "+67": "-67",
        "+68": "-68",
        "+69": "-69",
        "+70": "-70",
        "+71": "-71",
        "+72": "-72",
        "+73": "-73",
        "+74": "-74",
        "+75": "-75",
        "+76": "-76",
        "+77": "-77",
        "+78": "-78",
        "+79": "-79",
        "+80": "-80",
        "+81": "-81",
        "+82": "-82",
        "+83": "-83",
        "+84": "-84",
        "+85": "-85",
        "+86": "-86",
        "+87": "-87",
        "+88": "-88",
        "+89": "-89",
        "+90": "-90",
        "+91": "-91"
    },
    "edges": [
        [    0,    0,  425,  966,  557,  458,  844,  149,  675,  143,  351,  682,  736,  755,  375,  259,   44,  435,  685,  224,  494,  345,  707,  614,  558,  521,  622,  353,  535,  167,  515,  741,  338,  440,  569,  411,  368,  455,  385,  451,  407,  635,  753,  695,  716,  334,  218,  357,  484,   94,  552,  647,  460,  391,  803,  490,  746,  135,  812,  454,  743,  355,  357,  445,  558,  811,  630,  438,  145,   76,  403,  550,  674,  489,  248,  704,  789,  436,  473,  817,  328,  614,  753,  857,  367,  316,  521,  943,  692,   88,   68,  607, 1027,  656,  259,  236,  699,  193,  428,  368,  669,  305,  834,  577,  424,  572,  759,   82,  333,  403,  430,  674,  669,  666,  701,  692,  182,  129,  228,  845,  705,  820,  608,  784,  468,  879,  167,  305,  429,  226,  228,  601,  670,  757,  771,  529,  310,  832,  723,  730,  521,  251,  674,  781,  326,  273,  872,  492,  451,  539,  598,  663,  776,  718,  250,  475,  486,  312,  252,  535,  469,  796,  808,  622,  763, 1010,  192,  672,  272,  607,  369,  530,  442,  481,  179,  128,  538,  126,  348,  686,  185,  326,  933,  458],
        [    0,    0,    0,    0,    0,    0,    0,    0,    0,    0,    0,    0,    0,    0,    0,    0,    0,    0,    0,    0,    0,    0,    0,    0,    0,    0,    0,    0,    0,    0,    0,    0,    0,    0,    0,    0,    0,    0,    0,    0,    0,    0,    0,    0,    0,    0,    0,    0,    0,    0,    0,    0,    0,    0,    0,    0,    0,    0,    0,    0,    0,    0,    0,    0,    0,    0,    0,    0,    0,    0,    0,    0,    0,    0,    0,    0,    0,    0,    0,    0,    0,    0,    0,    0,    0,    0,    0,    0,    0,    0,    0,    0,    0,    0,    0,    0,    0,    0,    0,    0,    0,    0,    0,    0,    0,    0,    0,    0,    0,    0,    0,    0,    0,    0,    0,    0,    0,    0,    0,    0,    0,    0,    0,    0,    0,    0,    0,    0,    0,    0,    0,    0,    0,    0,    0,    0,    0,    0,    0,    0,    0,    0,    0,    0,    0,    0,    0,    0,    0,    0,    0,    0,    0,    0,    0,    0,    0,    0,    0,    0,    0,    0,    0,    0,    0,    0,    0,    0,    0,    0,    0,    0,    0,    0,    0,    0,    0,    0,    0,    0,    0,    0,    0,    0],
        [  425,    0,    0,  563,  254,  396,  541,  571,  442,  396,  460,  371,  363,  430,  466,  169,  382,   56,  293,  352,  295,  283,  420,  639,  458,  252,  319,  569,  464,  318,   90,  445,  267,  465,  145,  217,  430,   38,  181,   71,   36,  215,  411,  271,  304,  553,  223,  427,   66,  502,  129,  537,  377,   35,  595,  324,  371,  479,  456,  539,  320,  124,  361,   72,  488,  387,  318,   60,  558,  380,  569,  574,  395,  467,  182,  365,  415,  322,  469,  404,  287,  210,  458,  432,  325,  470,  225,  526,  322,  341,  370,  445,  621,  411,  174,  542,  324,  233,    8,  495,  689,  301,  423,  629,  109,  160,  445,  463,  387,   33,  217,  545,  316,  435,  312,  292,  334,  337,  270,  496,  282,  479,  268,  424,  496,  622,  342,  171,    5,  546,  258,  198,  266,  531,  368,  125,  377,  419,  359,  484,  392,  282,  699,  515,  574,  346,  495,  172,  377,  222,  315,  388,  497,  312,  313,  398,   71,  126,  334,  135,   69,  477,  473,  367,  530,  605,  497,  338,  330,  224,  306,  233,  338,  127,  599,  299,  287,  387,  172,  445,  599,  124,  547,  233],
        [  966,    0,  563,    0,  436,  893,  733, 1114,  786,  891, 1004,  657,  243,  651,  823,  712,  923,  584,  282,  913,  755,  821,  375,  840,  912,  681,  656,  966,  934,  880,  487,  705,  808,  770,  426,  729,  789,  548,  710,  519,  593,  419,  611,  354,  261,  959,  749,  795,  526, 1052,  439,  645,  654,  592,  899,  792,  529, 1039,  594,  849,  275,  611,  896,  524,  951,  248,  381,  533, 1107,  905,  931,  809,  397,  726,  721,  607,  539,  822,  745,  166,  831,  356,  350,  251,  855,  871,  650,   94,  541,  889,  920,  857,   62,  758,  734, 1004,  274,  784,  564, 1039,  860,  850,  145,  863,  543,  404,  674, 1017,  772,  575,  564,  623,  577,  468,  494,  463,  822,  852,  757,  218,  354,  632,  375,  223, 1007,  851,  905,  663,  559, 1015,  821,  485,  457,  841,  197,  518,  925,  152,  262,  439,  606,  748,  872,  780, 1133,  901,  135,  479,  875,  441,  680,  714,  753,  437,  872,  661,  529,  689,  892,  436,  553,  295,  644,  445,  831,   45,  972,  332,  886,  524,  676,  459,  634,  590, 1145,  840,  484,  890,  719,  779, 1148,  686,   84,  714],
        [  557,    0,  254,  436,    0,  648,  733,  702,  673,  463,  696,  578,  194,  621,  395,  328,  516,  306,  178,  568,  545,  529,  170,  476,  711,  493,  538,  534,  717,  514,  250,  651,  512,  353,  230,  470,  359,  270,  433,  183,  288,  323,  590,  328,  243,  526,  346,  364,  273,  649,  220,  322,  236,  261,  823,  576,  525,  653,  618,  436,  314,  218,  606,  183,  741,  380,   75,  195,  701,  488,  506,  425,  143,  323,  333,  554,  564,  575,  337,  324,  531,  168,  212,  432,  573,  437,  463,  443,  492,  492,  524,  692,  497,  641,  374,  569,  165,  400,  260,  731,  515,  539,  332,  483,  163,  179,  640,  620,  338,  241,  131,  321,  504,  186,  461,  427,  395,  433,  334,  289,  342,  650,   63,  231,  745,  831,  540,  256,  251,  580,  471,  360,  401,  758,  260,  320,  613,  337,  176,  231,  209,  319,  526,  729,  789,  575,  323,   84,  629,   33,  543,  611,  706,  430,  538,  249,  280,  348,  559,  157,  299,  245,  650,  116,  755,  481,  538,  116,  560,  406,  240,   28,  208,  364,  734,  439,   63,  465,  419,  674,  741,  356,  387,  484],
        [  458,    0,  396,  893,  648,    0,  442,  536,  253,  546,  170,  325,  739,  390,  736,  390,  436,  347,  661,  235,  142,  139,  815,  959,  100,  216,  282,  777,   83,  297,  431,  351,  155,  770,  486,  180,  709,  386,  216,  466,  361,  475,  409,  542,  645,  757,  428,  702,  394,  464,  480,  904,  719,  389,  353,  107,  448,  391,  469,  822,  619,  464,  102,  466,  108,  661,  713,  454,  504,  480,  808,  890,  790,  794,  395,  371,  477,   75,  788,  729,  149,  577,  852,  685,   99,  704,  245,  829,  404,  395,  395,  160,  943,  248,  327,  684,  702,  363,  390,  192, 1014,  162,  750,  935,  492,  528,  383,  423,  663,  409,  585,  918,  365,  827,  440,  457,  525,  481,  501,  877,  544,  459,  661,  802,  115,  443,  292,  467,  399,  677,  262,  409,  451,  317,  717,  380,  154,  742,  740,  878,  755,  533, 1023,  361,  328,  186,  859,  566,   20,  617,  251,  277,  365,  488,  212,  741,  389,  321,  206,  518,  365,  868,  442,  759,  326,  928,  635,  730,  187,  376,  625,  626,  684,  311,  546,  408,  675,  526,  234,  267,  531,  305,  900,  181],
        [  844,    0,  541,  733,  733,  442,    0,  953,  190,  884,  611,  172,  704,  113, 1003,  661,  809,  491,  633,  643,  352,  505,  853, 1176,  375,  328,  231, 1092,  411,  679,  493,  104,  509, 1005,  503,  435,  968,  505,  466,  590,  526,  415,  144,  439,  575, 1074,  718,  964,  486,  877,  513, 1051,  913,  564,  193,  364,  220,  814,  140, 1079,  504,  663,  527,  595,  409,  494,  763,  588,  924,  837, 1102, 1113,  843, 1005,  673,  180,  197,  424, 1009,  603,  523,  580,  872,  482,  498,  998,  337,  643,  241,  762,  776,  294,  760,  196,  617, 1035,  681,  683,  533,  631, 1224,  550,  622, 1168,  642,  555,   96,  833,  924,  572,  750, 1052,  230,  909,  279,  316,  837,  815,  785,  827,  429,  101,  706,  761,  526,  119,  686,  701,  540, 1033,  617,  373,  338,  161,  634,  426,  581,  609,  719,  936,  918,  806, 1235,   90,  769,  598,  769,  675,  436,  704,  249,  182,   78,  326,  604,  934,  479,  575,  610,  577,  473,  858,   91,  841,  148,  751,  985,  751,  591,  329,  847,  725,  874,  418,  968,  750,  788,  868,  505,  176,  957,  555,  780,  387],
        [  149,    0,  571, 1114,  702,  536,  953,    0,  774,  257,  393,  799,  884,  872,  471,  406,  192,  576,  833,  310,  601,  448,  848,  699,  632,  640,  740,  405,  603,  282,  659,  851,  446,  544,  715,  529,  473,  599,  510,  599,  551,  778,  874,  839,  864,  388,  366,  462,  627,   77,  698,  763,  585,  537,  888,  590,  876,  145,  935,  539,  890,  503,  436,  593,  623,  957,  774,  586,   36,  214,  466,  641,  815,  599,  395,  826,  917,  532,  580,  965,  430,  762,  894, 1002,  458,  403,  644, 1091,  822,  230,  202,  693, 1175,  759,  401,  271,  847,  338,  573,  398,  751,  403,  982,  657,  572,  719,  874,  121,  448,  550,  573,  792,  795,  801,  834,  829,  315,  270,  370,  990,  849,  939,  755,  931,  514,  974,  270,  452,  575,  255,  350,  740,  808,  849,  919,  669,  383,  980,  870,  866,  648,  390,  755,  883,  305,  358, 1019,  640,  534,  686,  714,  772,  881,  856,  349,  598,  629,  453,  343,  683,  611,  939,  926,  762,  857, 1158,  248,  817,  363,  741,  501,  675,  573,  616,   33,  275,  679,  248,  477,  786,   49,  465, 1080,  575],
        [  675,    0,  442,  786,  673,  253,  190,  774,    0,  732,  422,  130,  696,  164,  880,  525,  644,  386,  618,  464,  184,  331,  818, 1076,  189,  192,  140,  952,  224,  508,  424,  111,  337,  894,  456,  280,  847,  413,  318,  504,  417,  395,  197,  445,  576,  933,  578,  842,  402,  699,  460,  977,  816,  456,  154,  186,  266,  632,  247,  961,  522,  553,  342,  508,  225,  538,  720,  498,  744,  678,  970, 1009,  802,  903,  535,  182,  276,  243,  904,  633,  348,  547,  846,  545,  316,  865,  217,  705,  245,  598,  608,  107,  824,   32,  472,  881,  665,  531,  434,  442, 1127,  373,  654, 1061,  550,  508,  148,  656,  801,  469,  658,  983,  210,  858,  292,  324,  693,  663,  650,  831,  440,  225,  662,  759,  338,  205,  512,  581,  442,  877,  452,  333,  334,   91,  645,  354,  397,  643,  705,  896,  834,  676, 1137,  110,  579,  417,  790,  602,  248,  642,  131,   73,  113,  349,  429,  838,  395,  438,  432,  519,  380,  845,  207,  788,   93,  812,  831,  720,  412,  284,  737,  659,  777,  316,  787,  594,  719,  715,  356,   14,  775,  418,  815,  236],
        [  143,    0,  396,  891,  463,  546,  884,  257,  732,    0,  469,  714,  653,  784,  233,  233,  130,  423,  613,  326,  549,  416,  598,  473,  645,  557,  655,  232,  627,  253,  483,  781,  404,  298,  528,  454,  226,  432,  419,  400,  390,  610,  776,  661,  655,  212,  176,  215,  461,  229,  510,  510,  328,  362,  872,  553,  754,  276,  830,  314,  697,  294,  450,  393,  652,  767,  531,  389,  268,   76,  271,  408,  565,  349,  220,  726,  798,  508,  332,  755,  402,  553,  644,  817,  448,  176,  548,  881,  701,  156,  169,  681,  952,  709,  267,  152,  619,  202,  401,  492,  528,  384,  769,  436,  359,  518,  793,  224,  194,  367,  332,  538,  685,  546,  700,  685,   69,   69,  137,  748,  673,  844,  520,  693,  578,  936,  266,  238,  399,  152,  288,  591,  660,  819,  701,  516,  413,  769,  637,  610,  391,  144,  534,  832,  466,  370,  785,  413,  536,  452,  636,  707,  822,  707,  336,  342,  465,  313,  347,  478,  455,  691,  835,  510,  824,  936,  103,  577,  364,  607,  246,  437,  316,  485,  290,  141,  432,   21,  380,  742,  303,  332,  848,  500],
        [  351,    0,  460, 1004,  696,  170,  611,  393,  422,  469,    0,  489,  821,  557,  688,  387,  343,  425,  749,  150,  292,  183,  866,  924,  251,  359,  441,  698,  219,  225,  520,  520,  197,  736,  581,  278,  668,  464,  294,  524,  425,  594,  573,  663,  746,  678,  403,  659,  481,  329,  570,  904,  711,  441,  510,  263,  604,  251,  634,  773,  736,  486,  110,  522,  235,  787,  767,  510,  358,  395,  740,  855,  837,  771,  387,  532,  637,  208,  761,  839,  174,  664,  907,  818,  152,  642,  381,  950,  556,  314,  301,  325, 1058,  418,  328,  586,  783,  332,  456,   36,  980,  159,  860,  893,  534,  613,  551,  294,  624,  462,  605,  924,  519,  860,  587,  597,  469,  415,  468,  955,  667,  627,  723,  883,  122,  608,  206,  470,  464,  576,  234,  534,  586,  482,  816,  487,   84,  853,  818,  918,  758,  501,  987,  530,  159,  124,  951,  613,  178,  667,  410,  445,  535,  628,  164,  732,  478,  349,  144,  593,  453,  933,  610,  798,  492, 1043,  541,  794,  138,  510,  612,  671,  680,  416,  397,  348,  709,  449,  290,  436,  379,  342,  999,  305],
        [  682,    0,  371,  657,  578,  325,  172,  799,  130,  714,  489,    0,  579,   74,  831,  489,  646,  320,  503,  493,  204,  354,  712, 1009,  292,  162,   61,  920,  324,  520,  332,   75,  354,  836,  352,  272,  797,  337,  300,  424,  355,  278,   85,  321,  455,  902,  547,  793,  319,  723,  359,  892,  746,  394,  255,  227,  139,  665,  146,  908,  397,  493,  391,  429,  332,  410,  617,  421,  773,  671,  930,  945,  699,  837,  501,   54,  157,  285,  840,  507,  372,  438,  737,  416,  356,  827,  167,  576,  117,  598,  614,  218,  695,  105,  447,  866,  551,  514,  364,  515, 1058,  399,  528, 1000,  475,  405,   79,  679,  752,  402,  584,  896,   84,  760,  164,  198,  666,  646,  613,  711,  315,  142,  560,  640,  429,  254,  530,  530,  371,  865,  455,  222,  210,  191,  522,  263,  443,  516,  590,  793,  755,  635, 1069,  151,  648,  451,  666,  515,  313,  548,   86,   60,  129,  221,  452,  767,  312,  404,  460,  422,  304,  731,  128,  691,  185,  684,  816,  612,  442,  174,  677,  568,  707,  247,  817,  582,  630,  699,  338,  122,  807,  384,  689,  225],
        [  736,    0,  363,  243,  194,  739,  704,  884,  696,  653,  821,  579,    0,  600,  583,  489,  694,  398,   80,  712,  613,  642,  174,  624,  780,  546,  556,  725,  795,  668,  308,  644,  626,  533,  254,  562,  548,  359,  533,  305,  397,  302,  563,  265,  130,  717,  520,  554,  346,  825,  259,  439,  416,  386,  834,  648,  484,  820,  571,  614,  207,  383,  720,  308,  816,  250,  143,  319,  879,  672,  692,  585,  183,  494,  498,  540,  512,  664,  511,  156,  648,  162,  177,  295,  681,  629,  513,  259,  470,  664,  696,  743,  304,  665,  522,  762,   39,  563,  366,  857,  653,  663,  156,  641,  316,  211,  622,  793,  531,  366,  323,  425,  496,  261,  427,  391,  584,  617,  520,  139,  275,  608,  133,   65,  847,  816,  694,  432,  359,  773,  615,  364,  372,  770,   92,  363,  739,  165,   24,  258,  374,  509,  664,  724,  934,  708,  137,  244,  719,  201,  572,  626,  698,  379,  675,  425,  351,  483,  696,  229,  376,  154,  614,  218,  763,  287,  731,   96,  692,  412,  433,  217,  394,  429,  915,  613,  244,  653,  532,  693,  920,  485,  197,  560],
        [  755,    0,  430,  651,  621,  390,  113,  872,  164,  784,  557,   74,  600,    0,  894,  557,  718,  382,  527,  566,  275,  426,  744, 1064,  346,  234,  133,  987,  380,  593,  381,   58,  427,  895,  392,  345,  859,  394,  372,  478,  418,  306,   41,  336,  472,  970,  615,  856,  374,  796,  401,  939,  801,  455,  249,  297,  123,  737,   84,  969,  405,  553,  461,  483,  384,  406,  653,  476,  845,  742,  995, 1001,  733,  893,  570,   68,  118,  355,  897,  510,  444,  470,  765,  402,  427,  892,  237,  565,  132,  671,  687,  267,  684,  150,  518,  936,  575,  585,  423,  581, 1112,  472,  530, 1057,  530,  443,   24,  752,  815,  462,  638,  940,  118,  798,  173,  210,  734,  716,  680,  727,  327,   70,  596,  659,  489,  216,  603,  594,  430,  935,  528,  261,  230,  193,  535,  314,  514,  518,  614,  827,  806,  700, 1123,  130,  716,  523,  674,  563,  380,  592,  159,  114,  103,  225,  524,  822,  367,  473,  533,  465,  362,  754,   55,  730,  182,  673,  887,  642,  515,  217,  736,  612,  762,  310,  890,  654,  675,  769,  409,  152,  880,  453,  691,  298],
        [  375,    0,  466,  823,  395,  736, 1003,  471,  880,  233,  688,  831,  583,  894,    0,  358,  360,  513,  571,  539,  703,  598,  472,  240,  829,  690,  775,  145,  818,  464,  533,  904,  583,   77,  555,  606,   38,  503,  564,  432,  477,  653,  876,  685,  632,  141,  310,   39,  527,  458,  538,  303,  172,  439, 1029,  718,  834,  509,  921,   86,  694,  342,  649,  426,  844,  764,  442,  429,  489,  306,  113,  175,  442,  136,  348,  829,  877,  683,  115,  718,  588,  540,  513,  817,  638,   72,  672,  837,  787,  376,  396,  850,  883,  852,  416,  230,  558,  373,  473,  714,  296,  577,  726,  206,  378,  524,  907,  456,   80,  433,  290,  334,  781,  395,  772,  747,  219,  274,  236,  640,  699,  944,  457,  604,  788, 1075,  482,  302,  467,  246,  476,  657,  720,  970,  655,  588,  622,  731,  562,  455,  230,  206,  302,  968,  698,  577,  698,  387,  722,  401,  764,  839,  953,  761,  539,  170,  533,  442,  553,  485,  534,  569,  938,  387,  972,  867,  229,  491,  567,  689,  169,  378,  189,  585,  502,  341,  340,  252,  529,  886,  519,  462,  763,  646],
        [  259,    0,  169,  712,  328,  390,  661,  406,  525,  233,  387,  489,  489,  557,  358,    0,  215,  191,  431,  247,  346,  252,  493,  571,  478,  338,  431,  432,  470,  187,  259,  559,  235,  382,  311,  249,  327,  202,  207,  194,  158,  383,  546,  440,  458,  414,   59,  321,  232,  341,  293,  522,  332,  134,  673,  361,  521,  331,  598,  441,  485,  110,  316,  188,  496,  554,  402,  180,  397,  212,  446,  502,  463,  405,   14,  497,  565,  330,  399,  560,  245,  357,  538,  600,  295,  341,  324,  685,  469,  178,  209,  494,  772,  498,   64,  383,  451,   75,  173,  420,  626,  243,  577,  550,  174,  313,  567,  306,  280,  145,  221,  540,  454,  477,  467,  453,  178,  170,  126,  609,  451,  615,  369,  543,  461,  723,  213,   84,  173,  385,  154,  359,  428,  614,  515,  284,  306,  575,  479,  537,  374,  152,  635,  617,  463,  264,  626,  251,  374,  304,  415,  489,  604,  475,  224,  354,  235,   87,  244,  277,  223,  572,  606,  418,  617,  755,  336,  437,  250,  374,  237,  300,  298,  253,  436,  132,  328,  222,  172,  532,  438,  107,  684,  289],
        [   44,    0,  382,  923,  516,  436,  809,  192,  644,  130,  343,  646,  694,  718,  360,  215,    0,  392,  642,  206,  462,  316,  669,  600,  536,  485,  586,  356,  515,  140,  471,  706,  308,  420,  525,  375,  349,  411,  347,  408,  364,  592,  715,  651,  672,  336,  175,  338,  440,  133,  508,  621,  431,  347,  776,  460,  706,  155,  773,  442,  700,  312,  336,  402,  538,  768,  589,  394,  186,   55,  399,  534,  636,  467,  204,  666,  749,  408,  452,  774,  300,  570,  715,  813,  342,  306,  483,  899,  652,   48,   42,  581,  983,  624,  217,  249,  657,  150,  384,  364,  655,  278,  790,  565,  381,  528,  723,  109,  311,  359,  391,  647,  630,  631,  660,  651,  154,   97,  191,  804,  662,  783,  566,  743,  456,  849,  146,  263,  386,  242,  193,  559,  628,  727,  727,  486,  293,  789,  681,  695,  490,  217,  661,  749,  339,  253,  830,  450,  428,  498,  563,  629,  743,  676,  225,  447,  442,  270,  231,  491,  426,  757,  771,  585,  733,  967,  201,  631,  250,  565,  337,  489,  411,  439,  222,   84,  499,  110,  310,  655,  227,  284,  890,  423],
        [  435,    0,   56,  584,  306,  347,  491,  576,  386,  423,  425,  320,  398,  382,  513,  191,  392,    0,  324,  331,  241,  244,  469,  693,  405,  196,  266,  609,  412,  309,   97,  394,  229,  516,  158,  168,  477,   40,  136,  124,   36,  202,  365,  266,  324,  592,  248,  474,   58,  504,  146,  593,  431,   74,  539,  271,  333,  473,  414,  588,  326,  173,  322,  126,  436,  388,  367,  115,  560,  398,  614,  627,  446,  520,  204,  318,  377,  273,  522,  420,  251,  239,  506,  430,  284,  512,  170,  539,  281,  348,  374,  390,  640,  356,  176,  572,  360,  242,   49,  461,  743,  269,  440,  681,  165,  189,  395,  463,  434,   84,  273,  601,  271,  489,  277,  263,  365,  360,  305,  535,  275,  434,  315,  461,  451,  569,  331,  213,   58,  575,  244,  169,  239,  476,  393,   95,  344,  435,  397,  537,  448,  322,  753,  462,  550,  318,  526,  226,  328,  274,  260,  334,  445,  286,  290,  453,   56,  123,  309,  173,   35,  521,  427,  420,  475,  624,  525,  383,  303,  185,  358,  286,  392,   74,  602,  312,  342,  412,  137,  390,  600,  112,  575,  179],
        [  685,    0,  293,  282,  178,  661,  633,  833,  618,  613,  749,  503,   80,  527,  571,  431,  642,  324,    0,  644,  534,  568,  225,  643,  701,  467,  478,  708,  716,  605,  232,  569,  553,  530,  176,  485,  535,  286,  458,  241,  326,  225,  491,  196,   72,  699,  468,  539,  270,  771,  182,  470,  412,  318,  758,  570,  414,  761,  503,  612,  152,  330,  645,  245,  738,  210,  157,  255,  826,  624,  683,  597,  223,  498,  441,  466,  445,  587,  513,  148,  575,   85,  240,  260,  606,  610,  434,  271,  396,  609,  640,  664,  343,  587,  458,  733,   49,  505,  295,  784,  677,  591,  158,  654,  261,  136,  549,  737,  511,  300,  292,  460,  420,  299,  355,  318,  544,  571,  477,  218,  207,  539,  118,  144,  770,  743,  630,  382,  289,  742,  549,  286,  298,  693,   89,  284,  667,  162,   88,  311,  380,  471,  688,  649,  866,  638,  203,  201,  642,  172,  493,  548,  624,  309,  606,  425,  275,  416,  626,  160,  300,  228,  544,  242,  687,  326,  698,  126,  622,  334,  411,  194,  385,  351,  863,  559,  238,  611,  459,  615,  867,  416,  256,  482],
        [  224,    0,  352,  913,  568,  235,  643,  310,  464,  326,  150,  493,  712,  566,  539,  247,  206,  331,  644,    0,  293,  140,  737,  775,  334,  338,  436,  557,  311,   76,  427,  543,  141,  587,  488,  231,  519,  366,  224,  408,  320,  524,  572,  591,  653,  537,  256,  510,  389,  236,  475,  758,  564,  327,  583,  280,  583,  172,  633,  625,  656,  352,  133,  404,  334,  716,  642,  393,  282,  254,  596,  706,  707,  623,  245,  525,  622,  222,  612,  751,  122,  561,  780,  753,  149,  496,  348,  870,  530,  170,  164,  388,  970,  450,  195,  454,  673,  186,  350,  179,  831,   95,  771,  745,  408,  512,  566,  193,  475,  346,  467,  778,  499,  723,  550,  552,  321,  269,  319,  840,  599,  635,  602,  770,  253,  666,   61,  329,  356,  446,   98,  473,  535,  541,  720,  411,   88,  766,  706,  783,  613,  352,  838,  573,  223,   50,  846,  488,  230,  542,  408,  464,  571,  582,   45,  584,  387,  229,   34,  485,  364,  810,  620,  664,  548,  954,  406,  673,   53,  462,  465,  542,  534,  346,  326,  199,  574,  306,  201,  476,  315,  229,  899,  274],
        [  494,    0,  295,  755,  545,  142,  352,  601,  184,  549,  292,  204,  613,  275,  703,  346,  462,  241,  534,  293,    0,  154,  705,  909,  168,   75,  151,  770,  183,  328,  310,  251,  157,  724,  359,   98,  672,  276,  140,  364,  264,  337,  286,  402,  511,  751,  397,  667,  277,  525,  356,  828,  655,  300,  327,   37,  313,  464,  347,  786,  480,  390,  189,  366,  204,  520,  603,  355,  574,  494,  790,  841,  684,  738,  356,  242,  346,   84,  736,  591,  172,  453,  740,  544,  152,  685,  105,  689,  266,  415,  426,  153,  803,  163,  291,  697,  577,  348,  288,  320,  962,  199,  613,  892,  402,  406,  274,  482,  626,  317,  505,  838,  229,  729,  300,  315,  511,  480,  471,  752,  403,  345,  549,  677,  257,  389,  334,  410,  297,  694,  269,  270,  309,  272,  584,  250,  240,  604,  617,  776,  680,  498,  972,  288,  448,  249,  728,  466,  125,  513,  120,  172,  282,  346,  253,  677,  270,  262,  260,  403,  248,  750,  330,  660,  276,  789,  647,  614,  241,  235,  569,  526,  617,  187,  618,  410,  582,  531,  176,  194,  607,  243,  766,   63],
        [  345,    0,  283,  821,  529,  139,  505,  448,  331,  416,  183,  354,  642,  426,  598,  252,  316,  244,  568,  140,  154,    0,  698,  821,  232,  200,  297,  645,  220,  178,  338,  404,   18,  631,  398,  100,  571,  283,  111,  350,  247,  413,  433,  482,  563,  625,  289,  564,  299,  372,  388,  769,  583,  269,  460,  145,  448,  311,  494,  684,  553,  332,   79,  349,  246,  606,  597,  337,  421,  354,  673,  752,  671,  656,  257,  386,  485,   93,  650,  656,   18,  483,  738,  639,   45,  568,  214,  768,  396,  272,  278,  267,  875,  313,  189,  559,  603,  226,  278,  218,  876,   46,  677,  797,  369,  432,  427,  329,  524,  290,  454,  785,  363,  702,  420,  426,  390,  349,  363,  777,  487,  495,  550,  704,  218,  534,  182,  331,  286,  554,  129,  355,  412,  412,  634,  305,  107,  670,  640,  757,  620,  394,  884,  438,  323,  100,  770,  446,  125,  499,  269,  325,  434,  456,  100,  604,  295,  188,  107,  415,  270,  759,  481,  637,  418,  860,  509,  620,   89,  336,  488,  505,  548,  234,  465,  276,  550,  397,  112,  342,  454,  176,  817,  137],
        [  707,    0,  420,  375,  170,  815,  853,  848,  818,  598,  866,  712,  174,  744,  472,  493,  669,  469,  225,  737,  705,  698,    0,  466,  872,  648,  680,  616,  881,  680,  399,  782,  681,  409,  363,  636,  443,  432,  600,  350,  455,  439,  710,  419,  293,  613,  505,  451,  430,  801,  359,  273,  302,  429,  964,  738,  636,  813,  726,  484,  374,  385,  775,  350,  905,  423,  103,  362,  851,  635,  573,  436,   34,  359,  498,  680,  668,  741,  380,  329,  700,  275,   46,  468,  741,  530,  616,  417,  613,  650,  682,  848,  429,  786,  543,  680,  180,  564,  426,  901,  489,  709,  325,  489,  332,  310,  765,  776,  438,  409,  280,  255,  633,   94,  574,  538,  535,  580,  480,  170,  431,  762,  158,  156,  914,  959,  706,  418,  417,  693,  640,  490,  516,  899,  265,  467,  782,  336,  152,   86,  244,  459,  500,  861,  956,  745,  241,  253,  796,  200,  689,  752,  837,  532,  707,  303,  436,  517,  728,  304,  458,   98,  765,   89,  894,  415,  658,  102,  730,  539,  355,  196,  294,  520,  881,  597,  171,  604,  588,  818,  890,  525,  302,  646],
        [  614,    0,  639,  840,  476,  959, 1176,  699, 1076,  473,  924, 1009,  624, 1064,  240,  571,  600,  693,  643,  775,  909,  821,  466,    0, 1048,  884,  958,  308, 1040,  699,  685, 1083,  805,  191,  689,  814,  256,  673,  771,  587,  660,  788, 1040,  802,  713,  320,  533,  266,  691,  694,  675,  199,  264,  621, 1228,  929,  985,  748, 1077,  162,  788,  523,  878,  582, 1066,  852,  488,  589,  721,  546,  243,   70,  446,  173,  565,  997, 1026,  901,  174,  778,  812,  643,  493,  903,  862,  301,  861,  879,  945,  615,  636, 1060,  894, 1046,  634,  436,  613,  601,  647,  951,   56,  805,  779,   48,  535,  645, 1081,  695,  301,  609,  427,  226,  948,  373,  921,  890,  456,  513,  461,  629,  816, 1105,  528,  621, 1020, 1261,  719,  500,  639,  454,  705,  810,  863, 1166,  712,  751,  855,  788,  601,  408,  268,  429,   64, 1154,  938,  810,  706,  509,  944,  496,  952, 1027, 1136,  897,  771,  243,  698,  649,  787,  612,  706,  550, 1102,  407, 1166,  880,  452,  530,  799,  849,  341,  472,  302,  766,  729,  577,  413,  491,  739, 1081,  748,  668,  766,  848],
        [  558,    0,  458,  912,  711,  100,  375,  632,  189,  645,  251,  292,  780,  346,  829,  478,  536,  405,  701,  334,  168,  232,  872, 1048,    0,  236,  266,  875,   36,  397,  478,  298,  246,  859,  527,  245,  801,  442,  286,  528,  425,  497,  373,  559,  675,  855,  520,  794,  444,  561,  524,  982,  802,  458,  260,  135,  428,  487,  429,  914,  639,  541,  202,  530,   41,  671,  770,  518,  599,  579,  905,  979,  850,  881,  484,  344,  448,  148,  876,  750,  244,  620,  907,  688,  197,  800,  269,  841,  392,  495,  495,   82,  958,  196,  415,  784,  745,  458,  451,  264, 1102,  261,  772, 1026,  562,  574,  334,  521,  754,  477,  661,  995,  352,  893,  434,  458,  621,  579,  594,  919,  559,  412,  716,  844,  152,  358,  391,  551,  461,  777,  359,  430,  457,  233,  748,  418,  251,  763,  785,  941,  834,  624, 1111,  288,  402,  285,  892,  630,  110,  679,  237,  235,  298,  487,  311,  824,  438,  402,  306,  570,  416,  918,  394,  824,  244,  944,  734,  782,  287,  389,  711,  690,  766,  355,  640,  506,  744,  625,  313,  203,  624,  385,  928,  227],
        [  521,    0,  252,  681,  493,  216,  328,  640,  192,  557,  359,  162,  546,  234,  690,  338,  485,  196,  467,  338,   75,  200,  648,  884,  236,    0,  102,  769,  254,  360,  249,  224,  198,  703,  294,  112,  657,  226,  140,  317,  226,  264,  236,  328,  440,  751,  394,  652,  220,  563,  292,  788,  624,  264,  345,  111,  249,  508,  296,  770,  407,  361,  252,  320,  273,  446,  547,  310,  614,  511,  783,  817,  628,  712,  349,  188,  285,  153,  712,  518,  217,  388,  680,  469,  212,  679,   34,  615,  198,  438,  453,  201,  729,  163,  291,  708,  512,  356,  244,  389,  935,  245,  540,  870,  360,  342,  239,  519,  611,  278,  468,  796,  164,  678,  229,  242,  512,  488,  464,  685,  329,  301,  491,  610,  331,  386,  370,  390,  253,  706,  294,  197,  235,  283,  513,  185,  299,  530,  552,  721,  644,  488,  945,  279,  512,  299,  657,  418,  199,  461,   79,  151,  267,  273,  295,  646,  214,  252,  306,  344,  195,  686,  288,  608,  283,  715,  658,  554,  289,  160,  545,  476,  586,  130,  659,  423,  535,  541,  178,  198,  650,  231,  694,   65],
        [  622,    0,  319,  656,  538,  282,  231,  740,  140,  655,  441,   61,  556,  133,  775,  431,  586,  266,  478,  436,  151,  297,  680,  958,  266,  102,    0,  861,  294,  461,  289,  129,  297,  782,  317,  213,  741,  287,  239,  376,  301,  256,  136,  309,  438,  844,  488,  737,  272,  664,  322,  848,  696,  339,  286,  179,  167,  607,  198,  853,  387,  438,  339,  381,  306,  411,  582,  372,  714,  610,  873,  893,  664,  786,  442,   92,  196,  234,  788,  500,  315,  408,  707,  425,  302,  769,  107,  580,  126,  538,  554,  202,  699,  109,  388,  806,  526,  454,  312,  469, 1007,  342,  521,  947,  425,  370,  139,  620,  696,  349,  534,  852,   87,  722,  169,  195,  606,  586,  555,  692,  305,  200,  525,  619,  392,  303,  471,  474,  319,  805,  395,  193,  200,  221,  508,  219,  390,  510,  566,  759,  708,  577, 1018,  196,  598,  396,  653,  470,  268,  507,   32,   73,  179,  224,  394,  717,  265,  345,  404,  382,  253,  705,  187,  652,  217,  686,  756,  581,  386,  145,  623,  525,  657,  193,  759,  522,  587,  639,  277,  138,  750,  325,  681,  166],
        [  353,    0,  569,  966,  534,  777, 1092,  405,  952,  232,  698,  920,  725,  987,  145,  432,  356,  609,  708,  557,  770,  645,  616,  308,  875,  769,  861,    0,  858,  485,  645,  990,  632,  212,  676,  673,  177,  606,  634,  547,  573,  770,  973,  808,  766,   20,  376,  171,  633,  415,  658,  428,  316,  538, 1096,  778,  939,  482, 1022,  161,  825,  447,  681,  540,  883,  896,  585,  541,  431,  304,   66,  262,  586,  270,  420,  925,  983,  735,  247,  856,  631,  671,  657,  948,  679,  102,  755,  977,  889,  387,  397,  908, 1026,  927,  481,  135,  699,  423,  575,  719,  355,  615,  865,  262,  496,  650,  998,  427,  199,  537,  420,  461,  879,  538,  880,  858,  259,  296,  307,  784,  822, 1042,  597,  748,  809, 1153,  497,  398,  571,  152,  517,  766,  832, 1041,  794,  693,  644,  869,  704,  596,  373,  288,  357, 1047,  675,  601,  842,  518,  766,  537,  846,  920, 1035,  875,  568,  314,  638,  518,  578,  609,  635,  713, 1034,  531, 1044, 1010,  165,  634,  595,  792,  299,  516,  332,  678,  432,  370,  482,  252,  596,  960,  453,  538,  907,  717],
        [  535,    0,  464,  934,  717,   83,  411,  603,  224,  627,  219,  324,  795,  380,  818,  470,  515,  412,  716,  311,  183,  220,  881, 1040,   36,  254,  294,  858,    0,  377,  489,  333,  236,  851,  541,  248,  791,  450,  287,  534,  430,  517,  405,  581,  693,  838,  509,  784,  455,  534,  537,  981,  798,  461,  292,  147,  458,  459,  462,  903,  660,  540,  179,  535,   26,  695,  779,  523,  570,  560,  890,  971,  857,  874,  476,  375,  480,  145,  869,  771,  231,  634,  917,  714,  181,  786,  286,  865,  420,  475,  474,  118,  981,  230,  407,  763,  759,  445,  457,  230, 1095,  244,  793, 1017,  565,  586,  368,  495,  744,  480,  661,  995,  380,  898,  461,  483,  607,  563,  583,  933,  581,  446,  726,  859,  116,  392,  370,  546,  466,  756,  344,  450,  481,  268,  766,  432,  226,  784,  798,  948,  832,  614, 1104,  324,  367,  263,  910,  635,   97,  685,  264,  268,  334,  513,  292,  820,  449,  398,  284,  581,  426,  929,  428,  830,  279,  967,  714,  793,  266,  411,  705,  696,  762,  367,  610,  489,  747,  607,  310,  238,  594,  382,  947,  237],
        [  167,    0,  318,  880,  514,  297,  679,  282,  508,  253,  225,  520,  668,  593,  464,  187,  140,  309,  605,   76,  328,  178,  680,  699,  397,  360,  461,  485,  377,    0,  401,  576,  171,  511,  461,  249,  444,  339,  229,  365,  291,  510,  594,  575,  621,  465,  186,  434,  365,  206,  446,  686,  492,  288,  637,  323,  595,  164,  654,  549,  634,  296,  198,  361,  401,  697,  588,  351,  259,  184,  522,  631,  649,  548,  182,  545,  635,  269,  537,  722,  161,  525,  724,  738,  202,  421,  363,  844,  540,   99,  101,  442,  939,  490,  147,  388,  630,  118,  318,  253,  755,  139,  740,  669,  357,  477,  596,  162,  399,  306,  405,  708,  514,  660,  555,  551,  245,  193,  245,  793,  583,  660,  552,  724,  327,  712,   26,  265,  322,  381,   69,  465,  532,  590,  685,  398,  161,  737,  660,  721,  543,  278,  762,  614,  277,  117,  804,  436,  288,  489,  435,  498,  609,  580,   86,  512,  365,  192,   94,  446,  344,  757,  647,  603,  596,  923,  338,  622,  112,  462,  393,  486,  464,  339,  303,  123,  514,  233,  196,  519,  298,  199,  860,  296],
        [  515,    0,   90,  487,  250,  431,  493,  659,  424,  483,  520,  332,  308,  381,  533,  259,  471,   97,  232,  427,  310,  338,  399,  685,  478,  249,  289,  645,  489,  401,    0,  406,  324,  523,   62,  254,  496,   63,  228,  102,  111,  128,  355,  181,  227,  630,  311,  495,   40,  590,   51,  561,  423,  125,  574,  344,  303,  564,  393,  600,  233,  199,  415,  108,  512,  299,  299,  105,  646,  470,  641,  624,  380,  515,  271,  314,  346,  356,  521,  324,  346,  147,  432,  343,  376,  545,  217,  444,  260,  430,  458,  449,  544,  392,  261,  627,  271,  322,   87,  556,  732,  365,  344,  680,  156,   98,  399,  550,  456,  117,  260,  564,  264,  434,  240,  215,  419,  425,  354,  446,  192,  420,  242,  372,  539,  586,  424,  252,   86,  631,  338,  126,  188,  509,  297,   71,  440,  339,  310,  474,  426,  363,  743,  482,  646,  414,  433,  183,  412,  218,  294,  362,  461,  231,  386,  443,   44,  210,  406,   96,   69,  441,  417,  364,  506,  528,  582,  306,  399,  165,  367,  237,  384,  124,  687,  389,  298,  475,  233,  425,  687,  203,  480,  253],
        [  741,    0,  445,  705,  651,  351,  104,  851,  111,  781,  520,   75,  644,   58,  904,  559,  706,  394,  569,  543,  251,  404,  782, 1083,  298,  224,  129,  990,  333,  576,  406,    0,  407,  909,  424,  331,  869,  411,  363,  498,  428,  345,   96,  381,  518,  972,  615,  866,  394,  775,  432,  966,  820,  467,  196,  266,  176,  714,  138,  981,  454,  566,  430,  503,  335,  459,  688,  496,  824,  734, 1001, 1019,  769,  911,  570,  104,  175,  325,  914,  561,  422,  507,  805,  457,  399,  897,  235,  620,  174,  659,  673,  217,  739,  104,  514,  932,  617,  579,  438,  543, 1132,  449,  581, 1074,  549,  476,   38,  732,  825,  476,  658,  969,  150,  832,  219,  255,  734,  712,  683,  773,  374,  115,  631,  704,  445,  181,  583,  602,  445,  930,  514,  293,  272,  137,  582,  337,  484,  569,  656,  864,  829,  706, 1143,   81,  679,  498,  724,  589,  343,  621,  145,   80,   56,  274,  503,  841,  387,  473,  510,  495,  378,  796,   97,  763,  127,  728,  882,  681,  491,  246,  750,  641,  782,  320,  868,  646,  703,  765,  402,   98,  857,  452,  742,  284],
