{
    "name": "random-10-22886",
    "comment": "size=10 seed=22886",
    "nodes": ["+0", "-0", "+1", "-1", "+2", "-2", "+3", "-3", "+4", "-4", "+5", "-5", "+6", "-6", "+7", "-7", "+8", "-8", "+9", "-9", "+10", "-10"],
    "precedence": {
        "+0": "-0",
        "+1": "-1",
        "+2": "-2",
        "+3": "-3",
        "+4": "-4",
        "+5": "-5",
        "+6": "-6",
        "+7": "-7",
        "+8": "-8",
        "+9": "-9",
        "+10": "-10"
    },
    "edges": [
        [    0,    0, 1051,  811,  517,  782,  957,  614,  464,  945,  692,  466,  322,  914,  593,  992, 1078,  947,  666,  696,  850,  635],
        [    0,    0, 1051,  811,  517,  782,  957,  614,  464,  945,  692,  466,  322,  914,  593,  992, 1078,  947,  666,  696,  850,  635],
        [ 1051, 1051,    0,  762,  720,  575,  468,  576,  907,  309,  738,  603,  856,  340,  523,  701,   46,  681,  633,  723,  491,  653],
        [  811,  811,  762,    0,  307,  191,  335,  862,  375,  923, 1070,  690,  880,  922,  397,  205,  807,  170,  966, 1063,  995,  958],
        [  517,  517,  720,  307,    0,  273,  463,  614,  188,  774,  809,  421,  578,  762,  205,  476,  760,  430,  715,  803,  792,  701],
        [  782,  782,  575,  191,  273,    0,  198,  708,  424,  735,  920,  557,  781,  737,  253,  240,  620,  195,  810,  911,  818,  806],
        [  957,  957,  468,  335,  463,  198,    0,  769,  622,  699,  979,  660,  909,  711,  379,  234,  512,  217,  865,  968,  824,  868],
        [  614,  614,  576,  862,  614,  708,  769,    0,  745,  358,  213,  203,  325,  322,  466,  940,  583,  899,  104,  203,  237,  100],
        [  464,  464,  907,  375,  188,  424,  622,  745,    0,  948,  920,  543,  628,  932,  389,  576,  948,  535,  839,  917,  945,  820],
        [  945,  945,  309,  923,  774,  735,  699,  358,  948,    0,  462,  482,  681,   40,  573,  922,  293,  891,  376,  448,  192,  404],
        [  692,  692,  738, 1070,  809,  920,  979,  213,  920,  462,    0,  388,  371,  423,  675, 1153,  735, 1111,  115,   15,  277,  114],
        [  466,  466,  603,  690,  421,  557,  660,  203,  543,  482,  388,    0,  265,  454,  305,  796,  625,  751,  298,  383,  420,  281],
        [  322,  322,  856,  880,  578,  781,  909,  325,  628,  681,  371,  265,    0,  645,  535, 1018,  873,  972,  355,  376,  554,  323],
        [  914,  914,  340,  922,  762,  737,  711,  322,  932,   40,  423,  454,  645,    0,  563,  930,  326,  898,  337,  409,  156,  364],
        [  593,  593,  523,  397,  205,  253,  379,  466,  389,  573,  675,  305,  535,  563,    0,  492,  562,  447,  569,  667,  610,  562],
        [  992,  992,  701,  205,  476,  240,  234,  940,  576,  922, 1153,  796, 1018,  930,  492,    0,  746,   47, 1041, 1143, 1029, 1040],
        [ 1078, 1078,   46,  807,  760,  620,  512,  583,  948,  293,  735,  625,  873,  326,  562,  746,    0,  726,  635,  721,  480,  656],
        [  947,  947,  681,  170,  430,  195,  217,  899,  535,  891, 1111,  751,  972,  898,  447,   47,  726,    0, 1000, 1101,  993,  998],
        [  666,  666,  633,  966,  715,  810,  865,  104,  839,  376,  115,  298,  355,  337,  569, 1041,  635, 1000,    0,  103,  210,   33],
        [  696,  696,  723, 1063,  803,  911,  968,  203,  917,  448,   15,  383,  376,  409,  667, 1143,  721, 1101,  103,    0,  262,  105],
        [  850,  850,  491,  995,  792,  818,  824,  237,  945,  192,  277,  420,  554,  156,  610, 1029,  480,  993,  210,  262,    0,  241],
        [  635,  635,  653,  958,  701,  806,  868,  100,  820,  404,  114,  281,  323,  364,  562, 1040,  656,  998,   33,  105,  241,    0]
    ]
}
