{
    "name": "random-41-7974",
    "comment": "size=41 seed=7974",
    "nodes": ["+0", "-0", "+1", "-1", "+2", "-2", "+3", "-3", "+4", "-4", "+5", "-5", "+6", "-6", "+7", "-7", "+8", "-8", "+9", "-9", "+10", "-10", "+11", "-11", "+12", "-12", "+13", "-13", "+14", "-14", "+15", "-15", "+16", "-16", "+17", "-17", "+18", "-18", "+19", "-19", "+20", "-20", "+21", "-21", "+22", "-22", "+23", "-23", "+24", "-24", "+25", "-25", "+26", "-26", "+27", "-27", "+28", "-28", "+29", "-29", "+30", "-30", "+31", "-31", "+32", "-32", "+33", "-33", "+34", "-34", "+35", "-35", "+36", "-36", "+37", "-37", "+38", "-38", "+39", "-39", "+40", "-40", "+41", "-41"],
    "precedence": {
        "+0": "-0",
        "+1": "-1",
        "+2": "-2",
        "+3": "-3",
        "+4": "-4",
        "+5": "-5",
        "+6": "-6",
        "+7": "-7",
        "+8": "-8",
        "+9": "-9",
        "+10": "-10",
        "+11": "-11",
        "+12": "-12",
        "+13": "-13",
        "+14": "-14",
        "+15": "-15",
        "+16": "-16",
        "+17": "-17",
        "+18": "-18",
        "+19": "-19",
        "+20": "-20",
        "+21": "-21",
        "+22": "-22",
        "+23": "-23",
        "+24": "-24",
        "+25": "-25",
        "+26": "-26",
        "+27": "-27",
        "+28": "-28",
        "+29": "-29",
        "+30": "-30",
        "+31": "-31",
        "+32": "-32",
        "+33": "-33",
        "+34": "-34",
        "+35": "-35",
        "+36": "-36",
        "+37": "-37",
        "+38": "-38",
        "+39": "-39",
        "+40": "-40",
        "+41": "-41"
    },
    "edges": [
        [    0,    0,  563,  536,  833,   21,  540,  719,  399,  352,  292,  427,  252,  222,  801,  584,  148,  691,  406,  580, 1009,  796,  499,  795,  492,  509,  895,  646,  152,  494,  520,  777,  510,  662,  695,  488,  291,  771, 1005,  360,  304,  161,  396,  425,  379,  481,  551,  234, 1050,  492,  326,  805,  868,  876,  495,  604,  579,  212,  678,  565,  278,  715,  427,  779,  909,  951,  778,  921,  302,  284,  513,   60,  641,  315,  860,  811,  949,  624,  102, 1054,  525,  668,  605,  497],
        [    0,    0,  563,  536,  833,   21,  540,  719,  399,  352,  292,  427,  252,  222,  801,  584,  148,  691,  406,  580, 1009,  796,  499,  795,  492,  509,  895,  646,  152,  494,  520,  777,  510,  662,  695,  488,  291,  771, 1005,  360,  304,  161,  396,  425,  379,  481,  551,  234, 1050,  492,  326,  805,  868,  876,  495,  604,  579,  212,  678,  565,  278,  715,  427,  779,  909,  951,  778,  921,  302,  284,  513,   60,  641,  315,  860,  811,  949,  624,  102, 1054,  525,  668,  605,  497],
        [  563,  563,    0,  142,  655,  543,  192,  445,  337,  682,  299,  141,  320,  629,  322,  281,  467,  661,  892,   33,  552,  442,  907,  470,  109,  347,  855,  342,  661,  267,  123,  913,  141,  426,  691,  192,  309,  233,  558,  535,  738,  402,  277,  666,  657,   89,  420,  683,  627,  540,  237,  903,  557,  660,  608,   91,  513,  660,  676,  549,  707,  351,  137,  592,  523,  582,  453,  540,  309,  418,  399,  612,  143,  665,  476,  628,  623,  743,  646,  579,   41,  223,  679,  286],
        [  536,  536,  142,    0,  787,  518,   51,  582,  419,  726,  329,  138,  285,  650,  457,  411,  474,  775,  906,  123,  685,  583,  945,  610,  215,  458,  977,  477,  658,  379,  245, 1009,   26,  557,  802,  302,  343,  353,  692,  598,  762,  386,  356,  729,  712,  172,  534,  699,  764,  631,  241, 1006,  698,  797,  693,   95,  624,  674,  786,  654,  729,  492,  155,  724,  664,  723,  594,  681,  349,  467,  507,  592,  283,  704,  617,  760,  764,  835,  630,  708,  122,  364,  777,  397],
        [  833,  833,  655,  787,    0,  817,  837,  214,  461,  617,  613,  692,  752,  694,  469,  377,  687,  203,  873,  684,  460,  273,  775,  232,  576,  362,  245,  313,  802,  427,  544,  456,  777,  231,  231,  495,  601,  585,  442,  494,  739,  736,  500,  522,  563,  622,  295,  743,  417,  357,  671,  410,  192,   60,  394,  741,  255,  737,  237,  280,  726,  327,  670,   64,  310,  292,  239,  305,  586,  551,  334,  839,  539,  639,  306,   28,  227,  383,  841,  516,  666,  458,  330,  411],
        [   21,   21,  543,  518,  817,    0,  523,  701,  380,  349,  271,  407,  234,  221,  781,  564,  131,  678,  417,  560,  988,  777,  504,  776,  472,  490,  883,  626,  161,  474,  500,  770,  492,  643,  683,  467,  271,  750,  985,  348,  309,  141,  376,  419,  374,  461,  534,  238, 1030,  478,  306,  797,  849,  859,  484,  584,  563,  215,  665,  551,  281,  695,  407,  763,  889,  932,  759,  902,  282,  267,  496,   75,  620,  312,  840,  795,  930,  615,  116, 1034,  505,  648,  595,  477],
        [  540,  540,  192,   51,  837,  523,    0,  631,  458,  753,  357,  173,  294,  670,  504,  460,  492,  819,  921,  171,  731,  633,  967,  660,  262,  503, 1023,  527,  670,  425,  293, 1049,   62,  606,  846,  348,  372,  397,  739,  631,  781,  397,  396,  761,  741,  218,  580,  716,  812,  671,  266, 1047,  748,  846,  731,  135,  668,  691,  830,  697,  749,  542,  192,  773,  713,  772,  644,  730,  380,  497,  552,  598,  333,  728,  667,  809,  814,  875,  638,  752,  171,  414,  817,  443],
        [  719,  719,  445,  582,  214,  701,  631,    0,  322,  594,  458,  498,  588,  633,  274,  177,  572,  299,  857,  473,  351,  108,  795,   85,  376,  211,  441,  105,  726,  248,  341,  588,  573,   61,  336,  303,  450,  379,  340,  438,  706,  595,  340,  518,  544,  421,  181,  689,  356,  328,  497,  557,  150,  216,  395,  530,  221,  676,  330,  271,  685,  118,  476,  155,  211,  239,   73,  218,  435,  440,  213,  739,  325,  604,  173,  188,  230,  459,  751,  408,  460,  245,  389,  237],
        [  399,  399,  337,  419,  461,  380,  458,  322,    0,  363,  153,  287,  294,  349,  439,  197,  253,  379,  604,  368,  623,  399,  589,  397,  228,  111,  592,  250,  423,  113,  225,  591,  399,  265,  400,  157,  141,  454,  617,  204,  445,  278,   63,  332,  330,  257,  167,  408,  656,  214,  226,  591,  471,  495,  276,  421,  231,  390,  383,  247,  418,  324,  267,  402,  512,  553,  380,  524,  125,  129,  128,  422,  325,  355,  465,  436,  551,  417,  439,  673,  320,  314,  360,  108],
        [  352,  352,  682,  726,  617,  349,  753,  594,  363,    0,  398,  589,  482,  132,  788,  541,  281,  430,  264,  710,  940,  697,  228,  678,  577,  429,  600,  570,  236,  471,  583,  434,  702,  536,  418,  518,  384,  816,  930,  166,  123,  388,  412,  100,   54,  594,  418,  148,  949,  271,  488,  469,  724,  673,  224,  757,  384,  156,  404,  344,  117,  648,  576,  583,  804,  827,  666,  811,  380,  264,  396,  319,  688,   38,  765,  604,  797,  302,  297,  995,  656,  671,  312,  461],
        [  292,  292,  299,  329,  613,  271,  357,  458,  153,  398,    0,  192,  142,  331,  510,  302,  171,  526,  594,  323,  720,  519,  618,  525,  209,  254,  740,  370,  366,  214,  232,  713,  304,  406,  545,  196,   17,  485,  718,  277,  442,  142,  119,  405,  384,  210,  319,  385,  767,  344,   94,  720,  605,  644,  391,  364,  382,  362,  527,  392,  410,  433,  179,  552,  630,  677,  507,  644,   30,  141,  280,  332,  353,  377,  580,  587,  685,  539,  360,  764,  267,  377,  490,  222],
        [  427,  427,  141,  138,  692,  407,  173,  498,  287,  589,  192,    0,  179,  518,  440,  322,  345,  655,  777,  154,  670,  522,  809,  542,  126,  342,  863,  394,  536,  268,  165,  878,  115,  463,  680,  197,  206,  370,  673,  460,  629,  268,  225,  591,  574,   86,  419,  569,  737,  500,  108,  877,  630,  709,  559,  180,  504,  544,  664,  529,  597,  428,   23,  628,  618,  674,  524,  634,  211,  329,  388,  479,  258,  568,  568,  665,  703,  703,  515,  703,  101,  321,  647,  285],
        [  252,  252,  320,  285,  752,  234,  294,  588,  294,  482,  142,  179,    0,  384,  596,  422,  206,  667,  629,  333,  819,  639,  685,  650,  271,  391,  881,  494,  377,  341,  306,  840,  259,  540,  684,  300,  156,  542,  819,  394,  494,  105,  253,  512,  482,  247,  459,  427,  876,  480,   99,  851,  733,  782,  520,  353,  523,  402,  666,  533,  462,  547,  184,  691,  745,  796,  632,  760,  171,  259,  421,  308,  420,  453,  695,  727,  812,  667,  346,  857,  280,  467,  624,  352],
        [  222,  222,  629,  650,  694,  221,  670,  633,  349,  132,  331,  518,  384,    0,  787,  544,  179,  523,  264,  654,  963,  728,  302,  716,  532,  440,  710,  587,  113,  461,  546,  563,  625,  573,  519,  490,  320,  794,  956,  202,  112,  282,  381,  216,  167,  540,  452,   59,  985,  338,  411,  595,  773,  746,  315,  694,  445,   44,  502,  415,   80,  665,  508,  651,  840,  871,  701,  849,  321,  225,  422,  188,  661,   94,  796,  677,  851,  421,  169, 1015,  598,  661,  418,  456],
        [  801,  801,  322,  457,  469,  781,  504,  274,  439,  788,  510,  440,  596,  787,    0,  247,  670,  571, 1040,  335,  231,  197, 1008,  237,  326,  360,  709,  231,  856,  326,  290,  859,  461,  303,  608,  314,  511,  132,  237,  623,  882,  647,  414,  732,  746,  357,  389,  846,  308,  552,  498,  829,  305,  447,  627,  374,  466,  828,  600,  517,  855,  163,  426,  419,  226,  286,  230,  243,  501,  565,  399,  839,  183,  787,  191,  446,  346,  718,  863,  263,  356,  133,  648,  332],
        [  584,  584,  281,  411,  377,  564,  460,  177,  197,  541,  302,  322,  422,  544,  247,    0,  443,  390,  794,  311,  428,  219,  762,  229,  201,  115,  576,   74,  620,   90,  167,  662,  401,  147,  424,  128,  298,  292,  423,  376,  636,  443,  188,  489,  500,  246,  162,  602,  467,  317,  327,  644,  314,  389,  393,  370,  253,  585,  411,  299,  609,  132,  300,  313,  328,  376,  211,  342,  285,  325,  160,  614,  189,  540,  279,  350,  391,  503,  633,  476,  290,  137,  434,   90],
        [  148,  148,  467,  474,  687,  131,  492,  572,  253,  281,  171,  345,  206,  179,  670,  443,    0,  554,  432,  489,  870,  652,  479,  649,  380,  363,  762,  502,  196,  354,  401,  672,  449,  514,  561,  358,  165,  655,  866,  232,  290,  107,  258,  326,  289,  379,  404,  225,  907,  354,  238,  693,  721,  729,  369,  524,  434,  200,  544,  424,  258,  573,  338,  633,  765,  805,  633,  777,  172,  137,  366,  171,  522,  250,  717,  665,  801,  508,  193,  917,  433,  538,  479,  355],
        [  691,  691,  661,  775,  203,  678,  819,  299,  379,  430,  526,  655,  667,  523,  571,  390,  554,    0,  677,  693,  627,  399,  574,  363,  562,  318,  215,  356,  635,  397,  539,  289,  758,  271,   38,  474,  512,  663,  611,  333,  553,  625,  435,  331,  376,  603,  242,  565,  601,  201,  604,  260,  364,  262,  210,  751,  152,  564,   36,  135,  543,  409,  633,  194,  474,  473,  360,  474,  497,  427,  268,  687,  578,  456,  454,  198,  419,  182,  682,  684,  660,  512,  128,  378],
        [  406,  406,  892,  906,  873,  417,  921,  857,  604,  264,  594,  777,  629,  264, 1040,  794,  432,  677,    0,  916, 1201,  959,  156,  942,  795,  684,  819,  828,  257,  716,  809,  597,  880,  799,  660,  751,  583, 1055, 1192,  424,  159,  525,  642,  352,  316,  803,  680,  209, 1212,  534,  669,  647,  987,  930,  481,  955,  647,  233,  648,  605,  188,  907,  768,  843, 1068, 1091,  929, 1075,  584,  485,  656,  348,  923,  256, 1027,  861, 1060,  521,  307, 1255,  860,  917,  552,  709],
        [  580,  580,   33,  123,  684,  560,  171,  473,  368,  710,  323,  154,  333,  654,  335,  311,  489,  693,  916,    0,  564,  466,  935,  495,  141,  379,  886,  371,  683,  300,  155,  945,  128,  456,  723,  224,  334,  236,  570,  565,  764,  420,  308,  696,  687,  116,  452,  708,  642,  572,  256,  936,  582,  688,  640,   59,  545,  685,  709,  582,  733,  376,  154,  621,  542,  602,  479,  560,  335,  447,  432,  631,  162,  693,  496,  657,  646,  775,  666,  588,   57,  245,  712,  318],
        [ 1009, 1009,  552,  685,  460,  988,  731,  351,  623,  940,  720,  670,  819,  963,  231,  428,  870,  627, 1201,  564,    0,  245, 1145,  271,  552,  524,  699,  377, 1045,  517,  514,  908,  691,  406,  663,  526,  719,  340,   20,  778, 1046,  861,  613,  867,  892,  585,  522, 1021,   97,  678,  721,  867,  270,  414,  746,  599,  572, 1006,  661,  621, 1023,  300,  654,  438,  153,  174,  279,  156,  707,  751,  546, 1040,  414,  946,  179,  448,  250,  801, 1060,   58,  587,  353,  733,  517],
        [  796,  796,  442,  583,  273,  777,  633,  108,  399,  697,  519,  522,  639,  728,  197,  219,  652,  399,  959,  466,  245,    0,  901,   41,  397,  292,  516,  151,  816,  306,  358,  687,  580,  162,  436,  341,  515,  320,  234,  537,  806,  660,  404,  623,  648,  439,  280,  785,  258,  434,  543,  652,  118,  251,  502,  517,  328,  771,  431,  378,  784,   95,  502,  228,  114,  158,   39,  126,  501,  524,  307,  821,  305,  705,   69,  252,  182,  564,  837,  301,  465,  221,  496,  300],
        [  499,  499,  907,  945,  775,  504,  967,  795,  589,  228,  618,  809,  685,  302, 1008,  762,  479,  574,  156,  935, 1145,  901,    0,  877,  803,  649,  690,  784,  349,  696,  810,  451,  920,  739,  551,  745,  605, 1042, 1133,  389,  197,  583,  639,  279,  263,  819,  627,  267, 1144,  467,  705,  504,  911,  834,  401,  980,  575,  291,  541,  528,  227,  861,  797,  754, 1003, 1018,  867, 1008,  602,  489,  610,  447,  914,  243,  967,  767,  978,  402,  410, 1201,  881,  894,  446,  685],
        [  795,  795,  470,  610,  232,  776,  660,   85,  397,  678,  525,  542,  650,  716,  237,  229,  649,  363,  942,  495,  271,   41,  877,    0,  417,  287,  475,  157,  808,  312,  379,  650,  605,  144,  400,  354,  519,  359,  258,  522,  790,  665,  408,  601,  628,  461,  265,  772,  271,  412,  555,  614,   89,  212,  478,  548,  303,  760,  396,  352,  769,  119,  522,  188,  126,  157,   19,  134,  505,  519,  295,  818,  336,  688,   93,  211,  163,  532,  832,  328,  491,  252,  464,  304],
        [  492,  492,  109,  215,  576,  472,  262,  376,  228,  577,  209,  126,  271,  532,  326,  201,  380,  562,  795,  141,  552,  397,  803,  417,    0,  245,  762,  272,  575,  166,   40,  807,  202,  346,  591,   88,  216,  279,  554,  427,  640,  333,  169,  558,  551,   46,  321,  588,  615,  432,  174,  799,  505,  590,  500,  196,  412,  566,  575,  445,  609,  302,  107,  513,  493,  549,  399,  509,  212,  315,  297,  537,  151,  562,  443,  549,  578,  636,  567,  588,   99,  200,  573,  184],
        [  509,  509,  347,  458,  362,  490,  503,  211,  111,  429,  254,  342,  391,  440,  360,  115,  363,  318,  684,  379,  524,  292,  649,  287,  245,    0,  522,  147,  525,   80,  225,  569,  442,  155,  346,  158,  244,  403,  517,  263,  527,  387,  139,  375,  387,  286,   78,  499,  550,  208,  310,  557,  360,  391,  282,  437,  167,  483,  331,  204,  502,  225,  320,  300,  405,  444,  271,  417,  229,  233,   54,  531,  289,  429,  359,  336,  440,  403,  545,  576,  344,  250,  336,   61],
        [  895,  895,  855,  977,  245,  883, 1023,  441,  592,  600,  740,  863,  881,  710,  709,  576,  762,  215,  819,  886,  699,  516,  690,  475,  762,  522,    0,  526,  823,  599,  736,  272,  962,  437,  202,  675,  726,  820,  681,  535,  718,  837,  646,  501,  550,  805,  445,  744,  646,  410,  817,  215,  435,  286,  401,  945,  362,  747,  219,  349,  716,  559,  841,  290,  553,  527,  480,  546,  711,  639,  476,  885,  756,  631,  551,  265,  455,  301,  875,  754,  859,  681,  293,  580],
        [  646,  646,  342,  477,  313,  626,  527,  105,  250,  570,  370,  394,  494,  587,  231,   74,  502,  356,  828,  371,  377,  151,  784,  157,  272,  147,  526,    0,  670,  156,  236,  638,  469,   90,  392,  201,  364,  307,  370,  405,  672,  510,  253,  506,  524,  317,  159,  645,  406,  323,  400,  615,  241,  320,  397,  428,  237,  630,  381,  287,  648,   79,  373,  251,  263,  308,  139,  276,  351,  377,  174,  672,  230,  573,  215,  286,  319,  490,  689,  429,  356,  158,  420,  150],
        [  152,  152,  661,  658,  802,  161,  670,  726,  423,  236,  366,  536,  377,  113,  856,  620,  196,  635,  257,  683, 1045,  816,  349,  808,  575,  525,  823,  670,    0,  533,  595,  668,  633,  666,  631,  548,  359,  848, 1040,  308,  158,  273,  443,  327,  277,  574,  547,   93, 1074,  446,  429,  704,  870,  851,  427,  715,  549,   80,  615,  523,  137,  746,  530,  756,  929,  964,  792,  939,  365,  295,  514,   99,  715,  199,  883,  783,  949,  533,   65, 1095,  626,  726,  530,  530],
        [  494,  494,  267,  379,  427,  474,  425,  248,  113,  471,  214,  268,  341,  461,  326,   90,  354,  397,  716,  300,  517,  306,  696,  312,  166,   80,  599,  156,  533,    0,  146,  647,  364,  203,  426,   78,  209,  346,  513,  308,  558,  355,   99,  430,  434,  207,  156,  520,  557,  278,  250,  636,  394,  449,  351,  358,  247,  502,  411,  282,  530,  222,  245,  363,  417,  463,  294,  431,  196,  240,  133,  524,  222,  466,  368,  400,  473,  479,  544,  565,  264,  201,  413,   19],
        [  520,  520,  123,  245,  544,  500,  293,  341,  225,  583,  232,  165,  306,  546,  290,  167,  401,  539,  809,  155,  514,  358,  810,  379,   40,  225,  736,  236,  595,  146,    0,  791,  234,  313,  569,   71,  237,  254,  516,  428,  652,  362,  171,  557,  553,   82,  298,  603,  576,  420,  208,  781,  467,  555,  491,  213,  391,  582,  554,  427,  622,  264,  146,  480,  454,  510,  361,  470,  231,  325,  277,  563,  121,  571,  404,  517,  539,  623,  591,  552,  124,  162,  558,  164],
        [  777,  777,  913, 1009,  456,  770, 1049,  588,  591,  434,  713,  878,  840,  563,  859,  662,  672,  289,  597,  945,  908,  687,  451,  650,  807,  569,  272,  638,  668,  647,  791,    0,  989,  557,  252,  722,  697,  945,  891,  448,  533,  768,  654,  352,  399,  843,  502,  579,  872,  378,  803,   59,  640,  511,  322, 1002,  409,  589,  260,  366,  540,  697,  858,  471,  755,  746,  649,  753,  685,  582,  516,  750,  850,  471,  739,  463,  682,  175,  730,  965,  905,  792,  234,  628],
        [  510,  510,  141,   26,  777,  492,   62,  573,  399,  702,  304,  115,  259,  625,  461,  401,  449,  758,  880,  128,  691,  580,  920,  605,  202,  442,  962,  469,  633,  364,  234,  989,    0,  547,  785,  288,  319,  362,  697,  575,  736,  360,  336,  706,  688,  158,  519,  673,  768,  611,  216,  987,  693,  788,  673,  111,  607,  649,  769,  636,  704,  487,  133,  714,  663,  722,  588,  680,  326,  443,  491,  566,  284,  679,  616,  750,  761,  815,  605,  715,  115,  362,  757,  382],
        [  662,  662,  426,  557,  231,  643,  606,   61,  265,  536,  406,  463,  540,  573,  303,  147,  514,  271,  799,  456,  406,  162,  739,  144,  346,  155,  437,   90,  666,  203,  313,  557,  547,    0,  307,  266,  398,  393,  396,  378,  647,  541,  289,  461,  487,  391,  121,  629,  415,  272,  452,  530,  207,  247,  342,  514,  170,  616,  298,  221,  625,  141,  441,  167,  270,  299,  131,  278,  383,  381,  153,  681,  320,  545,  230,  204,  287,  417,  692,  463,  436,  247,  347,  189],
        [  695,  695,  691,  802,  231,  683,  846,  336,  400,  418,  545,  680,  684,  519,  608,  424,  561,   38,  660,  723,  663,  436,  551,  400,  591,  346,  202,  392,  631,  426,  569,  252,  785,  307,    0,  503,  530,  698,  647,  336,  540,  637,  458,  319,  366,  631,  271,  558,  636,  209,  625,  224,  399,  291,  205,  781,  179,  558,   18,  153,  533,  446,  659,  228,  510,  507,  398,  510,  515,  439,  295,  688,  611,  446,  490,  230,  451,  153,  680,  720,  689,  548,  109,  407],
        [  488,  488,  192,  302,  495,  467,  348,  303,  157,  518,  196,  197,  300,  490,  314,  128,  358,  474,  751,  224,  526,  341,  745,  354,   88,  158,  675,  201,  548,   78,   71,  722,  288,  266,  503,    0,  197,  304,  525,  360,  593,  336,  109,  488,  486,  131,  233,  548,  578,  350,  203,  713,  441,  512,  420,  281,  324,  528,  488,  359,  564,  248,  175,  431,  445,  497,  336,  461,  188,  266,  209,  525,  172,  508,  395,  468,  517,  552,  550,  568,  186,  182,  488,   97],
        [  291,  291,  309,  343,  601,  271,  372,  450,  141,  384,   17,  206,  156,  320,  511,  298,  165,  512,  583,  334,  719,  515,  605,  519,  216,  244,  726,  364,  359,  209,  237,  697,  319,  398,  530,  197,    0,  490,  716,  261,  430,  146,  112,  389,  369,  221,  307,  375,  764,  329,  110,  704,  598,  634,  375,  376,  368,  352,  512,  378,  399,  429,  193,  541,  625,  672,  501,  639,   16,  125,  268,  329,  358,  363,  576,  576,  678,  523,  355,  763,  279,  378,  475,  216],
        [  771,  771,  233,  353,  585,  750,  397,  379,  454,  816,  485,  370,  542,  794,  132,  292,  655,  663, 1055,  236,  340,  320, 1042,  359,  279,  403,  820,  307,  848,  346,  254,  945,  362,  393,  698,  304,  490,    0,  350,  653,  897,  611,  413,  774,  780,  295,  452,  852,  427,  609,  450,  922,  433,  570,  684,  263,  540,  831,  688,  588,  867,  262,  360,  532,  358,  417,  349,  375,  484,  570,  451,  815,  134,  809,  322,  561,  478,  793,  844,  357,  273,  156,  723,  358],
        [ 1005, 1005,  558,  692,  442,  985,  739,  340,  617,  930,  718,  673,  819,  956,  237,  423,  866,  611, 1192,  570,   20,  234, 1133,  258,  554,  517,  681,  370, 1040,  513,  516,  891,  697,  396,  647,  525,  716,  350,    0,  769, 1038,  859,  610,  856,  881,  588,  512, 1014,   81,  667,  721,  850,  252,  396,  734,  607,  560,  999,  645,  609, 1015,  294,  657,  421,  137,  155,  267,  139,  704,  745,  538, 1036,  418,  937,  167,  431,  230,  786, 1055,   74,  592,  355,  719,  512],
        [  360,  360,  535,  598,  494,  348,  631,  438,  204,  166,  277,  460,  394,  202,  623,  376,  232,  333,  424,  565,  778,  537,  389,  522,  427,  263,  535,  405,  308,  308,  428,  448,  575,  378,  336,  360,  261,  653,  769,    0,  269,  322,  259,  132,  127,  450,  258,  255,  792,  138,  370,  464,  574,  544,  138,  615,  243,  246,  318,  215,  248,  484,  444,  450,  647,  674,  508,  655,  252,  138,  233,  354,  527,  168,  606,  476,  651,  278,  351,  832,  514,  506,  248,  296],
        [  304,  304,  738,  762,  739,  309,  781,  706,  445,  123,  442,  629,  494,  112,  882,  636,  290,  553,  159,  764, 1046,  806,  197,  790,  640,  527,  718,  672,  158,  558,  652,  533,  736,  647,  540,  593,  430,  897, 1038,  269,    0,  390,  484,  222,  177,  650,  527,   71, 1061,  390,  522,  574,  840,  794,  346,  805,  502,   95,  526,  464,   33,  750,  619,  704,  916,  942,  777,  924,  430,  328,  501,  256,  765,  103,  874,  725,  915,  418,  222, 1100,  708,  759,  433,  550],
        [  161,  161,  402,  386,  736,  141,  397,  595,  278,  388,  142,  268,  105,  282,  647,  443,  107,  625,  525,  420,  861,  660,  583,  665,  333,  387,  837,  510,  273,  355,  362,  768,  360,  541,  637,  336,  146,  611,  859,  322,  390,    0,  258,  429,  393,  320,  443,  323,  909,  429,  166,  785,  743,  772,  456,  447,  491,  298,  619,  491,  359,  574,  266,  677,  771,  818,  647,  785,  160,  199,  404,  211,  482,  357,  721,  712,  824,  600,  247,  904,  364,  515,  565,  362],
        [  396,  396,  277,  356,  500,  376,  396,  340,   63,  412,  119,  225,  253,  381,  414,  188,  258,  435,  642,  308,  613,  404,  639,  408,  169,  139,  646,  253,  443,   99,  171,  654,  336,  289,  458,  109,  112,  413,  610,  259,  484,  258,    0,  390,  383,  195,  209,  440,  655,  276,  173,  653,  487,  529,  339,  360,  285,  420,  441,  306,  455,  320,  205,  439,  515,  561,  390,  528,   98,  158,  173,  428,  281,  400,  466,  475,  567,  480,  450,  660,  259,  283,  422,  105],
        [  425,  425,  666,  729,  522,  419,  761,  518,  332,  100,  405,  591,  512,  216,  732,  489,  326,  331,  352,  696,  867,  623,  279,  601,  558,  375,  501,  506,  327,  430,  557,  352,  706,  461,  319,  488,  389,  774,  856,  132,  222,  429,  390,    0,   50,  582,  349,  244,  870,  190,  498,  381,  639,  579,  130,  747,  300,  249,  305,  256,  216,  584,  575,  492,  727,  745,  590,  733,  381,  265,  334,  401,  651,  131,  690,  510,  711,  206,  384,  923,  645,  623,  212,  417],
        [  379,  379,  657,  712,  563,  374,  741,  544,  330,   54,  384,  574,  482,  167,  746,  500,  289,  376,  316,  687,  892,  648,  263,  628,  551,  387,  550,  524,  277,  434,  553,  399,  688,  487,  366,  486,  369,  780,  881,  127,  177,  393,  383,   50,    0,  572,  370,  195,  898,  219,  476,  429,  672,  619,  170,  736,  332,  199,  351,  291,  168,  602,  559,  529,  754,  776,  616,  761,  363,  245,  350,  353,  654,   82,  716,  550,  745,  256,  335,  947,  635,  632,  260,  423],
        [  481,  481,   89,  172,  622,  461,  218,  421,  257,  594,  210,   86,  247,  540,  357,  246,  379,  603,  803,  116,  585,  439,  819,  461,   46,  286,  805,  317,  574,  207,   82,  843,  158,  391,  631,  131,  221,  295,  588,  450,  650,  320,  195,  582,  572,    0,  363,  595,  652,  466,  156,  837,  549,  635,  532,  166,  453,  572,  616,  484,  619,  345,   69,  558,  533,  590,  443,  550,  220,  331,  337,  529,  176,  577,  484,  594,  621,  671,  562,  619,   64,  236,  610,  226],
        [  551,  551,  420,  534,  295,  534,  580,  181,  167,  418,  319,  419,  459,  452,  389,  162,  404,  242,  680,  452,  522,  280,  627,  265,  321,   78,  445,  159,  547,  156,  298,  502,  519,  121,  271,  233,  307,  452,  512,  258,  527,  443,  209,  349,  370,  363,    0,  508,  535,  164,  382,  487,  323,  330,  239,  511,   94,  496,  257,  137,  505,  235,  397,  235,  389,  419,  251,  398,  292,  268,   40,  566,  349,  425,  348,  270,  403,  342,  576,  577,  419,  297,  273,  137],
        [  234,  234,  683,  699,  743,  238,  716,  689,  408,  148,  385,  569,  427,   59,  846,  602,  225,  565,  209,  708, 1021,  785,  267,  772,  588,  499,  744,  645,   93,  520,  603,  579,  673,  629,  558,  548,  375,  852, 1014,  255,   71,  323,  440,  244,  195,  595,  508,    0, 1042,  387,  461,  616,  828,  795,  356,  746,  496,   26,  542,  464,   45,  723,  560,  702,  896,  927,  758,  906,  377,  283,  478,  188,  719,  114,  853,  726,  905,  449,  157, 1074,  652,  720,  454,  515],
        [ 1050, 1050,  627,  764,  417, 1030,  812,  356,  656,  949,  767,  737,  876,  985,  308,  467,  907,  601, 1212,  642,   97,  258, 1144,  271,  615,  550,  646,  406, 1074,  557,  576,  872,  768,  415,  636,  578,  764,  427,   81,  792, 1061,  909,  655,  870,  898,  652,  535, 1042,    0,  681,  778,  827,  239,  365,  744,  681,  570, 1029,  636,  617, 1040,  336,  720,  408,  146,  129,  285,  138,  751,  782,  564, 1077,  486,  959,  192,  410,  192,  781, 1094,  126,  660,  416,  717,  553],
        [  492,  492,  540,  631,  357,  478,  671,  328,  214,  271,  344,  500,  480,  338,  552,  317,  354,  201,  534,  572,  678,  434,  467,  412,  432,  208,  410,  323,  446,  278,  420,  378,  611,  272,  209,  350,  329,  609,  667,  138,  390,  429,  276,  190,  219,  466,  164,  387,  681,    0,  431,  379,  453,  409,   76,  628,  113,  380,  191,   78,  373,  399,  480,  316,  537,  558,  401,  544,  315,  230,  158,  490,  496,  287,  501,  340,  527,  205,  488,  734,  529,  454,  148,  262],
        [  326,  326,  237,  241,  671,  306,  266,  497,  226,  488,   94,  108,   99,  411,  498,  327,  238,  604,  669,  256,  721,  543,  705,  555,  174,  310,  817,  400,  429,  250,  208,  803,  216,  452,  625,  203,  110,  450,  721,  370,  522,  166,  173,  498,  476,  156,  382,  461,  778,  431,    0,  808,  640,  697,  482,  287,  456,  437,  608,  472,  490,  451,  102,  609,  648,  699,  537,  663,  120,  234,  346,  376,  324,  464,  597,  645,  718,  628,  410,  759,  200,  368,  578,  264],
        [  805,  805,  903, 1006,  410,  797, 1047,  557,  591,  469,  720,  877,  851,  595,  829,  644,  693,  260,  647,  936,  867,  652,  504,  614,  799,  557,  215,  615,  704,  636,  781,   59,  987,  530,  224,  713,  704,  922,  850,  464,  574,  785,  653,  381,  429,  837,  487,  616,  827,  379,  808,    0,  598,  464,  331,  993,  393,  625,  234,  355,  579,  668,  857,  431,  715,  702,  614,  711,  691,  594,  504,  782,  832,  505,  701,  420,  636,  186,  763,  924,  898,  770,  231,  618],
        [  868,  868,  557,  698,  192,  849,  748,  150,  471,  724,  605,  630,  733,  773,  305,  314,  721,  364,  987,  582,  270,  118,  911,   89,  505,  360,  435,  241,  870,  394,  467,  640,  693,  207,  399,  441,  598,  433,  252,  574,  840,  743,  487,  639,  672,  549,  323,  828,  239,  453,  640,  598,    0,  152,  511,  634,  340,  817,  399,  384,  821,  207,  609,  171,  119,  110,  106,  114,  584,  587,  359,  887,  422,  737,  121,  179,   81,  543,  898,  326,  579,  338,  479,  384],
        [  876,  876,  660,  797,   60,  859,  846,  216,  495,  673,  644,  709,  782,  746,  447,  389,  729,  262,  930,  688,  414,  251,  834,  212,  590,  391,  286,  320,  851,  449,  555,  511,  788,  247,  291,  512,  634,  570,  396,  544,  794,  772,  529,  579,  619,  635,  330,  795,  365,  409,  697,  464,  152,    0,  450,  744,  303,  789,  296,  332,  780,  320,  687,   97,  268,  243,  223,  261,  618,  593,  369,  885,  537,  693,  272,   70,  173,  442,  889,  469,  676,  454,  389,  434],
        [  495,  495,  608,  693,  394,  484,  731,  395,  276,  224,  391,  559,  520,  315,  627,  393,  369,  210,  481,  640,  746,  502,  401,  478,  500,  282,  401,  397,  427,  351,  491,  322,  673,  342,  205,  420,  375,  684,  734,  138,  346,  456,  339,  130,  170,  532,  239,  356,  744,   76,  482,  331,  511,  450,    0,  695,  175,  354,  189,  128,  335,  472,  540,  362,  602,  619,  468,  607,  363,  263,  233,  485,  570,  247,  568,  381,  582,  148,  476,  803,  595,  529,  111,  335],
        [  604,  604,   91,   95,  741,  584,  135,  530,  421,  757,  364,  180,  353,  694,  374,  370,  524,  751,  955,   59,  599,  517,  980,  548,  196,  437,  945,  428,  715,  358,  213, 1002,  111,  514,  781,  281,  376,  263,  607,  615,  805,  447,  360,  747,  736,  166,  511,  746,  681,  628,  287,  993,  634,  744,  695,    0,  603,  722,  767,  639,  773,  430,  187,  679,  589,  649,  532,  606,  378,  493,  490,  657,  212,  738,  544,  714,  695,  832,  694,  619,  102,  297,  769,  376],
        [  579,  579,  513,  624,  255,  563,  668,  221,  231,  384,  382,  504,  523,  445,  466,  253,  434,  152,  647,  545,  572,  328,  575,  303,  412,  167,  362,  237,  549,  247,  391,  409,  607,  170,  179,  324,  368,  540,  560,  243,  502,  491,  285,  300,  332,  453,   94,  496,  570,  113,  456,  393,  340,  303,  175,  603,    0,  488,  164,   51,  485,  306,  482,  207,  428,  446,  293,  433,  353,  300,  117,  584,  441,  399,  394,  235,  414,  254,  587,  629,  510,  385,  184,  228],
        [  212,  212,  660,  674,  737,  215,  691,  676,  390,  156,  362,  544,  402,   44,  828,  585,  200,  564,  233,  685, 1006,  771,  291,  760,  566,  483,  747,  630,   80,  502,  582,  589,  649,  616,  558,  528,  352,  831,  999,  246,   95,  298,  420,  249,  199,  572,  496,   26, 1029,  380,  437,  625,  817,  789,  354,  722,  488,    0,  542,  458,   66,  707,  536,  695,  883,  914,  745,  893,  354,  264,  465,  170,  698,  120,  839,  720,  895,  455,  142, 1058,  628,  700,  455,  497],
        [  678,  678,  676,  786,  237,  665,  830,  330,  383,  404,  527,  664,  666,  502,  600,  411,  544,   36,  648,  709,  661,  431,  541,  396,  575,  331,  219,  381,  615,  411,  554,  260,  769,  298,   18,  488,  512,  688,  645,  318,  526,  619,  441,  305,  351,  616,  257,  542,  636,  191,  608,  234,  399,  296,  189,  767,  164,  542,    0,  136,  519,  438,  642,  229,  509,  508,  393,  508,  498,  421,  280,  671,  599,  431,  487,  233,  454,  147,  664,  719,  674,  536,   97,  392],
        [  565,  565,  549,  654,  280,  551,  697,  271,  247,  344,  392,  529,  533,  415,  517,  299,  424,  135,  605,  582,  621,  378,  528,  352,  445,  204,  349,  287,  523,  282,  427,  366,  636,  221,  153,  359,  378,  588,  609,  215,  464,  491,  306,  256,  291,  484,  137,  464,  617,   78,  472,  355,  384,  332,  128,  639,   51,  458,  136,    0,  449,  357,  508,  240,  476,  491,  343,  481,  363,  294,  151,  566,  485,  362,  443,  263,  455,  206,  565,  678,  544,  433,  136,  264],
        [  278,  278,  707,  729,  726,  281,  749,  685,  418,  117,  410,  597,  462,   80,  855,  609,  258,  543,  188,  733, 1023,  784,  227,  769,  609,  502,  716,  648,  137,  530,  622,  540,  704,  625,  533,  564,  399,  867, 1015,  248,   33,  359,  455,  216,  168,  619,  505,   45, 1040,  373,  490,  579,  821,  780,  335,  773,  485,   66,  519,  449,    0,  726,  587,  688,  894,  922,  755,  903,  399,  298,  478,  232,  735,   89,  852,  711,  897,  418,  201, 1076,  677,  731,  427,  523],
        [  715,  715,  351,  492,  327,  695,  542,  118,  324,  648,  433,  428,  547,  665,  163,  132,  573,  409,  907,  376,  300,   95,  861,  119,  302,  225,  559,   79,  746,  222,  264,  697,  487,  141,  446,  248,  429,  262,  294,  484,  750,  574,  320,  584,  602,  345,  235,  723,  336,  399,  451,  668,  207,  320,  472,  430,  306,  707,  438,  357,  726,    0,  408,  271,  198,  250,  103,  213,  416,  452,  253,  744,  219,  651,  148,  302,  276,  557,  762,  351,  373,  135,  486,  219],
        [  427,  427,  137,  155,  670,  407,  192,  476,  267,  576,  179,   23,  184,  508,  426,  300,  338,  633,  768,  154,  654,  502,  797,  522,  107,  320,  841,  373,  530,  245,  146,  858,  133,  441,  659,  175,  193,  360,  657,  444,  619,  266,  205,  575,  559,   69,  397,  560,  720,  480,  102,  857,  609,  687,  540,  187,  482,  536,  642,  508,  587,  408,    0,  606,  599,  655,  504,  615,  197,  314,  366,  477,  244,  555,  549,  643,  683,  683,  512,  688,   99,  304,  626,  263],
        [  779,  779,  592,  724,   64,  763,  773,  155,  402,  583,  552,  628,  691,  651,  419,  313,  633,  194,  843,  621,  438,  228,  754,  188,  513,  300,  290,  251,  756,  363,  480,  471,  714,  167,  228,  431,  541,  532,  421,  450,  704,  677,  439,  492,  529,  558,  235,  702,  408,  316,  609,  431,  171,   97,  362,  679,  207,  695,  229,  240,  688,  271,  606,    0,  285,  280,  192,  283,  526,  497,  274,  789,  478,  601,  272,   37,  227,  374,  793,  495,  603,  399,  314,  347],
        [  909,  909,  523,  664,  310,  889,  713,  211,  512,  804,  630,  618,  745,  840,  226,  328,  765,  474, 1068,  542,  153,  114, 1003,  126,  493,  405,  553,  263,  929,  417,  454,  755,  663,  270,  510,  445,  625,  358,  137,  647,  916,  771,  515,  727,  754,  533,  389,  896,  146,  537,  648,  715,  119,  268,  602,  589,  428,  883,  509,  476,  894,  198,  599,  285,    0,   61,  139,   18,  612,  637,  418,  934,  381,  814,   51,  296,  125,  649,  950,  211,  551,  302,  583,  412],
        [  951,  951,  582,  723,  292,  932,  772,  239,  553,  827,  677,  674,  796,  871,  286,  376,  805,  473, 1091,  602,  174,  158, 1018,  157,  549,  444,  527,  308,  964,  463,  510,  746,  722,  299,  507,  497,  672,  417,  155,  674,  942,  818,  561,  745,  776,  590,  419,  927,  129,  558,  699,  702,  110,  243,  619,  649,  446,  914,  508,  491,  922,  250,  655,  280,   61,    0,  173,   43,  658,  675,  451,  974,  440,  839,  107,  283,   78,  652,  988,  227,  609,  360,  589,  457],
        [  778,  778,  453,  594,  239,  759,  644,   73,  380,  666,  507,  524,  632,  701,  230,  211,  633,  360,  929,  479,  279,   39,  867,   19,  399,  271,  480,  139,  792,  294,  361,  649,  588,  131,  398,  336,  501,  349,  267,  508,  777,  647,  390,  590,  616,  443,  251,  758,  285,  401,  537,  614,  106,  223,  468,  532,  293,  745,  393,  343,  755,  103,  504,  192,  139,  173,    0,  148,  487,  503,  280,  801,  321,  675,  101,  217,  181,  527,  815,  336,  474,  237,  458,  286],
        [  921,  921,  540,  681,  305,  902,  730,  218,  524,  811,  644,  634,  760,  849,  243,  342,  777,  474, 1075,  560,  156,  126, 1008,  134,  509,  417,  546,  276,  939,  431,  470,  753,  680,  278,  510,  461,  639,  375,  139,  655,  924,  785,  528,  733,  761,  550,  398,  906,  138,  544,  663,  711,  114,  261,  607,  606,  433,  893,  508,  481,  903,  213,  615,  283,   18,   43,  148,    0,  626,  649,  428,  946,  398,  821,   67,  292,  111,  651,  961,  213,  568,  319,  585,  425],
        [  302,  302,  309,  349,  586,  282,  380,  435,  125,  380,   30,  211,  171,  321,  501,  285,  172,  497,  584,  335,  707,  501,  602,  505,  212,  229,  711,  351,  365,  196,  231,  685,  326,  383,  515,  188,   16,  484,  704,  252,  430,  160,   98,  381,  363,  220,  292,  377,  751,  315,  120,  691,  584,  618,  363,  378,  353,  354,  498,  363,  399,  416,  197,  526,  612,  658,  487,  626,    0,  118,  253,  338,  351,  360,  563,  561,  664,  510,  363,  752,  280,  369,  461,  202],
        [  284,  284,  418,  467,  551,  267,  497,  440,  129,  264,  141,  329,  259,  225,  565,  325,  137,  427,  485,  447,  751,  524,  489,  519,  315,  233,  639,  377,  295,  240,  325,  582,  443,  381,  439,  266,  125,  570,  745,  138,  328,  199,  158,  265,  245,  331,  268,  283,  782,  230,  234,  594,  587,  593,  263,  493,  300,  264,  421,  294,  298,  452,  314,  497,  637,  675,  503,  649,  118,    0,  231,  300,  438,  248,  591,  529,  668,  409,  313,  801,  393,  437,  369,  236],
        [  513,  513,  399,  507,  334,  496,  552,  213,  128,  396,  280,  388,  421,  422,  399,  160,  366,  268,  656,  432,  546,  307,  610,  295,  297,   54,  476,  174,  514,  133,  277,  516,  491,  153,  295,  209,  268,  451,  538,  233,  501,  404,  173,  334,  350,  337,   40,  478,  564,  158,  346,  504,  359,  369,  233,  490,  117,  465,  280,  151,  478,  253,  366,  274,  418,  451,  280,  428,  253,  231,    0,  530,  340,  400,  375,  309,  439,  350,  540,  600,  395,  297,  283,  114],
        [   60,   60,  612,  592,  839,   75,  598,  739,  422,  319,  332,  479,  308,  188,  839,  614,  171,  687,  348,  631, 1040,  821,  447,  818,  537,  531,  885,  672,   99,  524,  563,  750,  566,  681,  688,  525,  329,  815, 1036,  354,  256,  211,  428,  401,  353,  529,  566,  188, 1077,  490,  376,  782,  887,  885,  485,  657,  584,  170,  671,  566,  232,  744,  477,  789,  934,  974,  801,  946,  338,  300,  530,    0,  684,  282,  887,  818,  967,  604,   43, 1087,  575,  706,  593,  525],
        [  641,  641,  143,  283,  539,  620,  333,  325,  325,  688,  353,  258,  420,  661,  183,  189,  522,  578,  923,  162,  414,  305,  914,  336,  151,  289,  756,  230,  715,  222,  121,  850,  284,  320,  611,  172,  358,  134,  418,  527,  765,  482,  281,  651,  654,  176,  349,  719,  486,  496,  324,  832,  422,  537,  570,  212,  441,  698,  599,  485,  735,  219,  244,  478,  381,  440,  321,  398,  351,  438,  340,  684,    0,  679,  334,  512,  484,  689,  712,  445,  175,   85,  620,  237],
        [  315,  315,  665,  704,  639,  312,  728,  604,  355,   38,  377,  568,  453,   94,  787,  540,  250,  456,  256,  693,  946,  705,  243,  688,  562,  429,  631,  573,  199,  466,  571,  471,  679,  545,  446,  508,  363,  809,  937,  168,  103,  357,  400,  131,   82,  577,  425,  114,  959,  287,  464,  505,  737,  693,  247,  738,  399,  120,  431,  362,   89,  651,  555,  601,  814,  839,  675,  821,  360,  248,  400,  282,  679,    0,  773,  624,  812,  336,  259, 1000,  639,  667,  341,  457],
