{
    "name": "random-83-30023",
    "comment": "size=83 seed=30023",
    "nodes": ["+0", "-0", "+1", "-1", "+2", "-2", "+3", "-3", "+4", "-4", "+5", "-5", "+6", "-6", "+7", "-7", "+8", "-8", "+9", "-9", "+10", "-10", "+11", "-11", "+12", "-12", "+13", "-13", "+14", "-14", "+15", "-15", "+16", "-16", "+17", "-17", "+18", "-18", "+19", "-19", "+20", "-20", "+21", "-21", "+22", "-22", "+23", "-23", "+24", "-24", "+25", "-25", "+26", "-26", "+27", "-27", "+28", "-28", "+29", "-29", "+30", "-30", "+31", "-31", "+32", "-32", "+33", "-33", "+34", "-34", "+35", "-35", "+36", "-36", "+37", "-37", "+38", "-38", "+39", "-39", "+40", "-40", "+41", "-41", "+42", "-42", "+43", "-43", "+44", "-44", "+45", "-45", "+46", "-46", "+47", "-47", "+48", "-48", "+49", "-49", "+50", "-50", "+51", "-51", "+52", "-52", "+53", "-53", "+54", "-54", "+55", "-55", "+56", "-56", "+57", "-57", "+58", "-58", "+59", "-59", "+60", "-60", "+61", "-61", "+62", "-62", "+63", "-63", "+64", "-64", "+65", "-65", "+66", "-66", "+67", "-67", "+68", "-68", "+69", "-69", "+70", "-70", "+71", "-71", "+72", "-72", "+73", "-73", "+74", "-74", "+75", "-75", "+76", "-76", "+77", "-77", "+78", "-78", "+79", "-79", "+80", "-80", "+81", "-81", "+82", "-82", "+83", "-83"],
    "precedence": {
        "+0": "-0",
        "+1": "-1",
        "+2": "-2",
        "+3": "-3",
        "+4": "-4",
        "+5": "-5",
        "+6": "-6",
        "+7": "-7",
        "+8": "-8",
        "+9": "-9",
        "+10": "-10",
        "+11": "-11",
        "+12": "-12",
        "+13": "-13",
        "+14": "-14",
        "+15": "-15",
        "+16": "-16",
        "+17": "-17",
        "+18": "-18",
        "+19": "-19",
        "+20": "-20",
        "+21": "-21",
        "+22": "-22",
        "+23": "-23",
        "+24": "-24",
        "+25": "-25",
        "+26": "-26",
        "+27": "-27",
        "+28": "-28",
        "+29": "-29",
        "+30": "-30",
        "+31": "-31",
        "+32": "-32",
        "+33": "-33",
        "+34": "-34",
        "+35": "-35",
        "+36": "-36",
        "+37": "-37",
        "+38": "-38",
        "+39": "-39",
        "+40": "-40",
        "+41": "-41",
        "+42": "-42",
        "+43": "-43",
        "+44": "-44",
        "+45": "-45",
        "+46": "-46",
        "+47": "-47",
        "+48": "-48",
        "+49": "-49",
        "+50": "-50",
        "+51": "-51",
        "+52": "-52",
        "+53": "-53",
        "+54": "-54",
        "+55": "-55",
        "+56": "-56",
        "+57": "-57",
        "+58": "-58",
        "+59": "-59",
        "+60": "-60",
        "+61": "-61",
        "+62": "-62",
        "+63": "-63",
        "+64": "-64",
        "+65": "-65",
        "+66": "-66",
        "+67": "-67",
        "+68": "-68",
        "+69": "-69",
        "+70": "-70",
        "+71": "-71",
        "+72": "-72",
        "+73": "-73",
        "+74": "-74",
        "+75": "-75",
        "+76": "-76",
        "+77": "-77",
        "+78": "-78",
        "+79": "-79",
        "+80": "-80",
        "+81": "-81",
        "+82": "-82",
        "+83": "-83"
    },
    "edges": [
        [    0,    0,  210,  389,  587,  431,  804,  494,  607,  549,  689,  654,  173,  421,  177,  163,  748,  704,  516,  457,  488,  230,  440,  708,  515,  567,  828,  325,  249,  567,  701,  456,  138,  446,  726,  412,  326,  600,  535,  507,  295,   80,  540,  494,  132,  717,  709,  476,  255,  505,  254,   81,  438,  503,  300,  329,  229,   42,  314,  255,  555,  149,   52,  296,  530,  506,  444,  145,  525,  273,  291,  828,  722,  593,  489,  439,  447,  720,  402,  294,  432,    9,  349,  567,  350,  357,  462,  493,  344,  541,  474,  663,  304,  713,  598,  391,  340,  166,  240,  327,  145,  272,  181,  259,  226,  242,  105,  673,  260,  461,  324,  450,   62,  505,  247,  342,  132,  555,  767,  170,  380,  230,  787,  701,  225,  196,  686,  266,  423,  273,  261,  629,  694,  664,  665,  652,  463,  252,  528,  189,  709,  216,  830,  503,  400,  303,  476,  392,  698,  365,  418,  518,  737,  359,  402,  416,  362,  569,  442,  159,  684,  270,  315,  304,  321,  158,  363,  146],
        [    0,    0,    0,    0,    0,    0,    0,    0,    0,    0,    0,    0,    0,    0,    0,    0,    0,    0,    0,    0,    0,    0,    0,    0,    0,    0,    0,    0,    0,    0,    0,    0,    0,    0,    0,    0,    0,    0,    0,    0,    0,    0,    0,    0,    0,    0,    0,    0,    0,    0,    0,    0,    0,    0,    0,    0,    0,    0,    0,    0,    0,    0,    0,    0,    0,    0,    0,    0,    0,    0,    0,    0,    0,    0,    0,    0,    0,    0,    0,    0,    0,    0,    0,    0,    0,    0,    0,    0,    0,    0,    0,    0,    0,    0,    0,    0,    0,    0,    0,    0,    0,    0,    0,    0,    0,    0,    0,    0,    0,    0,    0,    0,    0,    0,    0,    0,    0,    0,    0,    0,    0,    0,    0,    0,    0,    0,    0,    0,    0,    0,    0,    0,    0,    0,    0,    0,    0,    0,    0,    0,    0,    0,    0,    0,    0,    0,    0,    0,    0,    0,    0,    0,    0,    0,    0,    0,    0,    0,    0,    0,    0,    0,    0,    0,    0,    0,    0,    0],
        [  210,    0,    0,  362,  457,  419,  601,  410,  551,  341,  508,  611,  140,  288,  302,  197,  667,  507,  607,  503,  542,  372,  255,  596,  344,  461,  628,  439,  364,  595,  625,  502,   85,  535,  538,  511,  404,  753,  678,  631,  132,  203,  350,  288,  338,  511,  518,  363,  461,  549,  150,  131,  394,  307,   91,  145,  428,  193,  455,   68,  606,  335,  171,  254,  426,  603,  353,  334,  649,  482,  310,  743,  641,  424,  296,  420,  251,  521,  252,  307,  482,  201,  429,  369,  232,  552,  564,  365,  255,  696,  298,  550,  442,  508,  749,  204,  142,  339,  418,  120,  293,  448,  389,  181,  433,   78,  248,  494,   82,  532,  244,  530,  271,  593,   45,  134,  296,  372,  621,  379,  193,  261,  688,  607,   40,  390,  494,  208,  217,  227,  108,  617,  604,  479,  456,  566,  599,  393,  351,  226,  513,   46,  741,  655,  400,  120,  267,  503,  507,  559,  402,  494,  620,  484,  589,  507,  484,  360,  469,  282,  477,   95,  441,  102,  355,  172,  515,   97],
        [  389,    0,  362,    0,  807,  769,  661,  771,  912,  551,  804,  971,  472,  201,  564,  228, 1027,  763,  903,  829,  864,  295,  327,  949,  669,  819,  668,  263,  247,  932,  986,  828,  322,  270,  817,  799,  190,  979,  919,  895,  269,  454,  646,  444,  481,  723,  792,  180,  577,  877,  214,  351,  752,  395,  392,  301,  449,  417,  702,  423,  931,  528,  346,  606,  784,  893,  126,  522,  913,  562,  642, 1102, 1002,  743,  594,   59,  548,  769,  602,  103,  805,  387,  199,  443,  177,  700,  850,  718,  616,  918,  316,  904,  309,  725,  977,  528,  338,  346,  616,  372,  533,  394,  465,  538,  549,  438,  491,  792,  304,  843,  128,  834,  412,  310,  394,  423,  325,  382,  954,  469,  315,  583, 1044,  965,  327,  560,  767,  562,  489,  579,  469,  970,  964,  768,  602,  926,  849,  641,  347,  201,  545,  317, 1100,  884,  745,  467,  487,  288,  515,  709,   43,  849,  970,  748,  756,  802,  751,  548,  136,  545,  688,  295,  286,  345,  682,  239,  746,  418],
        [  587,    0,  457,  807,    0,  302,  670,  143,  226,  393,  221,  285,  415,  669,  521,  650,  250,  317,  576,  436,  467,  805,  557,  145,  164,   74,  709,  887,  809,  433,  226,  434,  528,  990,  274,  544,  859,  820,  741,  663,  540,  521,  232,  471,  667,  407,  281,  748,  760,  447,  595,  543,  237,  543,  416,  516,  807,  548,  598,  391,  491,  617,  580,  310,   88,  589,  761,  624,  676,  804,  373,  310,  231,  139,  255,  865,  286,  340,  206,  763,  436,  581,  884,  564,  644,  787,  578,   96,  246,  785,  603,  103,  880,  397,  812,  283,  482,  752,  650,  441,  549,  859,  746,  328,  742,  383,  535,  207,  504,  495,  681,  515,  637, 1049,  418,  389,  713,  625,  183,  730,  525,  404,  244,  177,  485,  667,  275,  326,  348,  325,  354,  358,  184,  232,  498,  165,  672,  570,  630,  680,  658,  498,  305,  744,  326,  342,  396,  953,  680,  789,  849,  282,  164,  582,  789,  528,  575,  425,  924,  516,  400,  512,  884,  465,  388,  625,  654,  452],
        [  431,    0,  419,  769,  302,    0,  876,  160,  191,  570,  509,  227,  297,  702,  291,  558,  344,  586,  280,  138,  174,  658,  634,  352,  371,  238,  912,  755,  679,  184,  295,  137,  447,  875,  562,  243,  752,  519,  440,  361,  546,  351,  443,  599,  456,  657,  562,  779,  517,  163,  566,  428,   68,  655,  440,  545,  606,  390,  315,  377,  218,  391,  450,  166,  215,  290,  771,  400,  375,  568,  141,  423,  318,  406,  428,  826,  425,  610,  288,  693,  135,  428,  777,  701,  650,  513,  277,  254,  190,  483,  683,  318,  731,  648,  511,  376,  524,  587,  392,  482,  329,  679,  538,  240,  507,  353,  339,  493,  496,  196,  661,  214,  458,  935,  403,  444,  560,  737,  467,  521,  580,  201,  400,  319,  458,  427,  548,  212,  462,  193,  328,  203,  306,  508,  699,  265,  370,  304,  727,  590,  829,  465,  427,  443,   35,  360,  533,  822,  838,  513,  806,   88,  386,  289,  504,  226,  281,  603,  854,  297,  639,  509,  744,  488,  122,  539,  364,  352],
        [  804,    0,  601,  661,  670,  876,    0,  757,  889,  307,  490,  952,  714,  466,  892,  712,  908,  384, 1138, 1005, 1045,  887,  376,  784,  523,  735,   39,  901,  853, 1054,  893, 1004,  667,  930,  455, 1061,  834, 1330, 1251, 1190,  517,  802,  447,  314,  935,  284,  432,  486, 1058, 1038,  582,  723,  816,  305,  516,  479,  998,  793, 1039,  582, 1094,  935,  757,  752,  723, 1141,  538,  935, 1208, 1073,  838,  948,  894,  533,  450,  691,  453,  367,  589,  709,  992,  796,  850,  241,  520, 1152, 1112,  648,  695, 1278,  360,  758,  933,  294, 1324,  508,  465,  892, 1017,  481,  890,  986,  973,  691, 1029,  606,  846,  494,  544, 1053,  580, 1062,  862,  968,  575,  484,  850,  282,  690,  966,  429,  815,  875,  836,  580,  990,  423,  719,  428,  738,  610, 1012,  847,  460,  178,  834, 1171,  980,  317,  718,  117,  589,  940, 1234,  878,  560,  356,  942,  151, 1159,  691,  907,  781, 1056, 1188, 1052, 1054,  274,  789,  873,  277,  536,  918,  501,  880,  694, 1101,  691],
        [  494,    0,  410,  771,  143,  160,  757,    0,  150,  458,  353,  214,  329,  665,  399,  586,  260,  438,  436,  295,  328,  721,  572,  219,  235,   84,  794,  810,  732,  306,  216,  294,  465,  922,  406,  402,  793,  678,  599,  521,  518,  420,  311,  511,  555,  516,  409,  745,  637,  310,  558,  466,   95,  576,  397,  505,  700,  453,  461,  350,  358,  499,  498,  200,   56,  448,  748,  506,  534,  685,  243,  338,  234,  254,  310,  830,  322,  461,  194,  712,  294,  489,  819,  611,  626,  653,  436,  110,  159,  643,  621,  176,  796,  507,  670,  291,  476,  660,  521,  432,  431,  762,  636,  245,  622,  333,  425,  337,  474,  354,  651,  373,  537,  982,  379,  384,  625,  660,  314,  620,  527,  285,  293,  207,  445,  545,  397,  231,  374,  222,  303,  256,  201,  355,  580,  160,  529,  437,  658,  618,  726,  455,  339,  602,  184,  313,  438,  878,  741,  655,  812,  154,  251,  442,  652,  385,  434,  491,  876,  397,  502,  485,  805,  448,  252,  563,  515,  376],
        [  607,    0,  551,  912,  226,  191,  889,  150,    0,  597,  444,   66,  454,  813,  480,  717,  155,  543,  401,  278,  295,  836,  721,  196,  367,  156,  927,  930,  852,  231,  106,  277,  599, 1047,  497,  404,  920,  654,  581,  500,  665,  529,  443,  657,  645,  632,  506,  893,  707,  268,  701,  591,  169,  724,  545,  653,  794,  565,  497,  494,  296,  581,  619,  316,  167,  418,  894,  589,  509,  758,  325,  233,  130,  364,  451,  971,  468,  566,  342,  847,  289,  603,  945,  757,  772,  697,  422,  246,  297,  631,  770,  179,  910,  622,  645,  439,  624,  769,  581,  581,  517,  864,  727,  377,  697,  476,  523,  431,  619,  335,  794,  360,  640, 1106,  523,  533,  738,  808,  333,  710,  676,  381,  217,  145,  587,  618,  500,  356,  522,  343,  446,  134,  129,  457,  713,   97,  525,  492,  806,  749,  866,  597,  237,  595,  225,  460,  583,  997,  883,  697,  952,  112,  228,  464,  683,  386,  455,  630, 1011,  484,  623,  630,  921,  596,  312,  695,  540,  505],
        [  549,    0,  341,  551,  393,  570,  307,  458,  597,    0,  278,  661,  428,  362,  605,  504,  641,  215,  832,  699,  738,  689,  229,  525,  232,  447,  342,  733,  668,  749,  618,  697,  421,  799,  276,  758,  679, 1031,  951,  887,  312,  529,  162,  111,  676,  179,  249,  427,  797,  732,  387,  471,  510,  179,  250,  269,  767,  529,  745,  302,  787,  663,  510,  448,  430,  836,  460,  664,  905,  821,  535,  695,  623,  267,  148,  601,  146,  219,  283,  555,  686,  541,  700,  179,  375,  877,  808,  352,  389,  981,  259,  491,  751,  179, 1025,  204,  238,  672,  737,  230,  609,  777,  729,  392,  770,  322,  569,  273,  314,  747,  432,  756,  611,  849,  304,  208,  628,  249,  468,  719,  239,  518,  623,  568,  334,  720,  227,  418,  132,  435,  319,  714,  576,  240,  133,  555,  872,  690,  265,  522,  269,  346,  688,  937,  571,  268,   76,  788,  288,  883,  591,  604,  531,  758,  906,  748,  755,   34,  686,  588,  144,  311,  743,  259,  576,  481,  808,  417],
        [  689,    0,  508,  804,  221,  509,  490,  353,  444,  278,    0,  499,  526,  628,  673,  703,  427,  108,  788,  646,  680,  880,  499,  301,  177,  295,  528,  944,  870,  653,  421,  645,  592, 1029,   54,  744,  901, 1025,  945,  868,  541,  640,  161,  386,  795,  208,   64,  699,  903,  663,  611,  626,  441,  456,  434,  504,  918,  656,  778,  445,  709,  759,  667,  466,  302,  799,  727,  763,  883,  941,  546,  461,  417,  108,  216,  857,  263,  129,  296,  787,  643,  682,  925,  453,  628,  952,  784,  258,  393,  985,  534,  284,  950,  198, 1017,  306,  468,  842,  809,  439,  693,  952,  865,  451,  881,  451,  667,   18,  522,  705,  678,  722,  747, 1084,  464,  393,  799,  526,  202,  851,  491,  560,  387,  358,  522,  814,   68,  462,  317,  470,  429,  577,  371,   39,  335,  368,  871,  739,  543,  728,  507,  535,  452,  943,  527,  393,  323, 1006,  536,  955,  846,  501,  294,  772,  964,  729,  766,  300,  934,  663,  215,  525,  948,  469,  573,  677,  839,  544],
        [  654,    0,  611,  971,  285,  227,  952,  214,   66,  661,  499,    0,  507,  876,  516,  771,  148,  600,  392,  284,  293,  883,  785,  228,  431,  217,  990,  978,  901,  212,  110,  283,  654, 1097,  551,  411,  971,  643,  575,  494,  726,  575,  506,  722,  682,  691,  562,  955,  735,  264,  760,  644,  221,  789,  607,  715,  831,  613,  516,  555,  279,  616,  670,  369,  232,  411,  956,  625,  501,  788,  366,  215,  131,  424,  515, 1029,  533,  623,  407,  903,  300,  651,  996,  822,  834,  715,  421,  311,  357,  626,  834,  223,  956,  681,  634,  504,  688,  813,  607,  644,  555,  905,  764,  434,  728,  536,  566,  487,  680,  336,  854,  362,  684, 1156,  584,  597,  785,  873,  370,  747,  740,  425,  220,  168,  647,  649,  558,  412,  587,  396,  507,   95,  151,  514,  776,  135,  525,  519,  871,  803,  930,  656,  223,  593,  260,  523,  648, 1045,  948,  714, 1010,  140,  256,  477,  695,  393,  469,  695, 1066,  523,  684,  691,  969,  658,  347,  750,  553,  560],
        [  173,    0,  140,  472,  415,  297,  714,  329,  454,  428,  526,  507,    0,  425,  178,  264,  587,  552,  467,  367,  405,  394,  390,  538,  350,  397,  744,  482,  404,  464,  541,  366,  151,  595,  566,  372,  467,  622,  545,  494,  270,  115,  385,  403,  270,  580,  552,  498,  382,  414,  275,  138,  287,  435,  202,  283,  397,  135,  326,  133,  470,  240,  170,  139,  360,  464,  484,  243,  512,  416,  175,  666,  560,  426,  338,  529,  303,  571,  233,  397,  345,  166,  492,  494,  366,  451,  426,  321,  174,  567,  435,  493,  469,  575,  617,  241,  275,  337,  309,  242,  182,  444,  340,   87,  358,  109,  146,  509,  221,  393,  368,  391,  226,  655,  146,  231,  300,  506,  594,  326,  329,  122,  620,  535,  177,  297,  530,   99,  297,  112,  111,  499,  530,  504,  556,  488,  465,  267,  487,  297,  637,  180,  667,  524,  273,  161,  363,  549,  634,  457,  509,  379,  567,  350,  479,  368,  349,  454,  560,  161,  550,  234,  477,  234,  218,  244,  388,   55],
        [  421,    0,  288,  201,  669,  702,  466,  665,  813,  362,  628,  876,  425,    0,  569,  281,  907,  576,  891,  790,  829,  433,  133,  814,  516,  696,  478,  436,  394,  880,  871,  789,  299,  468,  635,  792,  368, 1016,  946,  906,  157,  457,  478,  252,  543,  528,  609,   81,  660,  836,  168,  352,  668,  196,  269,  161,  565,  430,  721,  326,  893,  569,  369,  538,  665,  886,   99,  565,  925,  660,  597,  976,  883,  583,  431,  243,  389,  579,  477,  245,  769,  415,  384,  243,   71,  773,  846,  590,  524,  957,  115,  771,  472,  530, 1013,  387,  190,  455,  660,  233,  549,  535,  557,  463,  629,  350,  502,  619,  207,  818,  119,  815,  467,  510,  300,  284,  419,  185,  797,  555,  145,  547,  912,  839,  249,  615,  585,  492,  326,  512,  375,  894,  841,  591,  402,  808,  869,  657,  150,  276,  352,  246,  972,  917,  685,  353,  306,  476,  326,  781,  237,  771,  830,  757,  821,  790,  758,  354,  336,  548,  493,  194,  454,  218,  642,  272,  776,  376],
        [  177,    0,  302,  564,  521,  291,  892,  399,  480,  605,  673,  516,  178,  569,    0,  337,  631,  714,  340,  286,  315,  384,  557,  617,  499,  480,  921,  485,  414,  400,  582,  286,  270,  609,  718,  236,  496,  451,  379,  339,  424,  114,  547,  580,  166,  751,  707,  634,  240,  334,  404,  221,  320,  608,  377,  445,  315,  148,  154,  311,  381,  102,  219,  213,  446,  330,  608,  110,  357,  286,  158,  711,  605,  567,  505,  615,  474,  734,  380,  470,  261,  179,  519,  668,  502,  281,  286,  435,  284,  395,  599,  575,  453,  745,  448,  412,  444,  308,  138,  416,   40,  391,  248,  226,  224,  287,   74,  656,  378,  286,  486,  273,  180,  667,  319,  408,  290,  674,  703,  231,  495,  117,  681,  596,  334,  147,  687,  211,  473,  204,  287,  476,  586,  656,  733,  543,  301,   91,  652,  365,  812,  331,  714,  353,  257,  338,  540,  549,  807,  286,  594,  377,  649,  189,  303,  239,  191,  631,  618,   21,  722,  390,  470,  403,  170,  327,  213,  206],
        [  163,    0,  197,  228,  650,  558,  712,  586,  717,  504,  703,  771,  264,  281,  337,    0,  846,  692,  676,  606,  639,  186,  336,  785,  541,  647,  731,  243,  169,  712,  801,  605,  123,  340,  729,  572,  210,  759,  696,  669,  199,  227,  543,  422,  269,  682,  708,  325,  381,  654,  131,  130,  550,  409,  271,  242,  289,  190,  476,  264,  707,  307,  119,  402,  610,  666,  287,  301,  687,  380,  425,  924,  819,  620,  488,  279,  441,  704,  447,  137,  581,  160,  235,  471,  211,  497,  622,  556,  428,  699,  359,  739,  250,  681,  757,  399,  268,  181,  397,  277,  306,  277,  277,  343,  351,  269,  264,  688,  191,  617,  170,  607,  194,  399,  241,  314,  141,  442,  818,  275,  287,  364,  873,  790,  182,  345,  683,  361,  397,  375,  297,  760,  786,  671,  599,  746,  625,  415,  410,   33,  607,  168,  924,  663,  531,  317,  429,  306,  589,  506,  258,  642,  811,  521,  549,  575,  524,  515,  297,  318,  647,  194,  246,  247,  462,   26,  523,  212],
        [  748,    0,  667, 1027,  250,  344,  908,  260,  155,  641,  427,  148,  587,  907,  631,  846,    0,  535,  539,  426,  438,  977,  802,  127,  414,  212,  947, 1068,  990,  359,   49,  425,  725, 1182,  473,  553, 1053,  790,  722,  641,  768,  672,  480,  720,  795,  632,  490,  987,  860,  410,  814,  725,  314,  791,  644,  750,  943,  707,  651,  605,  426,  732,  756,  453,  244,  558,  996,  741,  648,  911,  474,   80,   27,  379,  504, 1086,  533,  555,  431,  971,  440,  744, 1078,  814,  876,  851,  567,  317,  418,  773,  848,  152, 1052,  622,  782,  521,  718,  912,  735,  675,  667, 1011,  877,  504,  850,  590,  670,  419,  727,  481,  905,  506,  786, 1241,  634,  624,  880,  874,  258,  860,  765,  527,   75,   74,  701,  771,  492,  489,  594,  478,  560,  240,   67,  451,  740,  102,  670,  646,  878,  878,  905,  712,   84,  739,  378,  563,  645, 1135,  928,  850, 1069,  266,  141,  616,  835,  535,  607,  673, 1135,  634,  633,  737, 1061,  695,  465,  823,  692,  635],
        [  704,    0,  507,  763,  317,  586,  384,  438,  543,  215,  108,  600,  552,  576,  714,  692,  535,    0,  866,  724,  760,  874,  443,  408,  222,  389,  422,  929,  859,  742,  526,  723,  591, 1004,   74,  813,  880, 1094, 1013,  940,  512,  665,  168,  325,  819,  101,   49,  640,  934,  745,  586,  633,  519,  390,  422,  472,  931,  675,  833,  451,  795,  791,  674,  517,  391,  875,  674,  794,  955,  966,  603,  568,  523,  184,  216,  814,  258,   24,  337,  760,  718,  696,  903,  375,  586,  994,  856,  333,  445, 1051,  471,  389,  941,   91, 1087,  314,  437,  846,  851,  417,  728,  955,  883,  488,  909,  462,  697,  117,  503,  781,  641,  796,  764, 1056,  464,  378,  802,  450,  307,  871,  449,  607,  495,  465,  512,  848,   43,  505,  295,  516,  446,  675,  477,   86,  238,  472,  937,  787,  472,  714,  409,  526,  559, 1008,  600,  402,  277,  988,  441,  999,  804,  589,  402,  832, 1012,  799,  827,  227,  897,  701,  113,  503,  936,  448,  635,  667,  895,  559],
        [  516,    0,  607,  903,  576,  280, 1138,  436,  401,  832,  788,  392,  467,  891,  340,  676,  539,  866,    0,  142,  110,  704,  853,  595,  648,  507, 1172,  805,  741,  182,  497,  144,  598,  930,  841,  105,  827,  254,  184,  104,  737,  450,  718,  843,  464,  933,  841,  961,  454,  134,  732,  556,  348,  889,  658,  749,  593,  487,  225,  588,  117,  398,  558,  388,  490,   22,  940,  407,  110,  507,  306,  603,  520,  686,  697,  954,  687,  889,  554,  809,  149,  518,  848,  943,  828,  383,   61,  534,  444,  235,  900,  570,  765,  925,  245,  631,  737,  626,  336,  700,  372,  683,  530,  455,  461,  561,  413,  772,  687,   86,  820,   78,  509,  985,  607,  675,  617,  965,  725,  515,  793,  346,  610,  545,  644,  396,  828,  426,  713,  406,  546,  304,  529,  787,  964,  496,  146,  273,  950,  704, 1079,  645,  612,  206,  267,  590,  785,  865, 1083,  378,  933,  302,  627,  171,  344,  102,  164,  864,  954,  359,  913,  701,  787,  698,  261,  665,  220,  515],
        [  457,    0,  503,  829,  436,  138, 1005,  295,  278,  699,  646,  284,  367,  790,  286,  606,  426,  724,  142,    0,   41,  670,  739,  465,  508,  367, 1040,  771,  699,  115,  381,    2,  511,  895,  699,  128,  781,  386,  309,  229,  634,  381,  579,  718,  442,  793,  699,  865,  469,   49,  641,  478,  206,  768,  543,  641,  586,  420,  239,  474,  104,  372,  489,  264,  349,  153,  850,  382,  241,  524,  194,  498,  404,  544,  560,  883,  553,  747,  418,  742,   26,  456,  804,  819,  732,  434,  147,  392,  311,  357,  787,  436,  738,  785,  378,  499,  625,  594,  340,  585,  325,  670,  519,  337,  467,  448,  354,  630,  584,   61,  733,   83,  466,  953,  497,  554,  575,  847,  591,  502,  681,  248,  493,  421,  542,  391,  686,  306,  584,  286,  428,  213,  406,  645,  830,  369,  248,  256,  835,  636,  952,  546,  505,  319,  129,  469,  656,  835,  958,  432,  862,  169,  499,  195,  412,  110,  186,  731,  897,  301,  774,  597,  756,  586,  150,  591,  270,  420],
        [  488,    0,  542,  864,  467,  174, 1045,  328,  295,  738,  680,  293,  405,  829,  315,  639,  438,  760,  110,   41,    0,  697,  779,  487,  545,  397, 1080,  798,  728,   99,  395,   42,  548,  923,  733,  125,  810,  361,  287,  205,  673,  414,  617,  758,  465,  831,  734,  903,  483,   30,  678,  513,  242,  809,  583,  680,  606,  453,  248,  514,   68,  395,  522,  304,  381,  125,  887,  404,  215,  537,  233,  507,  418,  579,  599,  917,  593,  783,  457,  776,   61,  488,  833,  859,  770,  438,  129,  427,  351,  336,  827,  461,  763,  822,  352,  539,  664,  620,  355,  625,  353,  692,  540,  377,  483,  488,  384,  664,  623,   45,  770,   71,  494,  980,  536,  594,  604,  888,  616,  523,  721,  285,  508,  439,  581,  409,  721,  346,  624,  326,  468,  213,  423,  680,  869,  389,  233,  274,  875,  670,  992,  584,  515,  302,  168,  509,  696,  861,  998,  435,  897,  192,  520,  200,  410,  108,  191,  771,  929,  330,  812,  636,  782,  626,  188,  626,  270,  457],
        [  230,    0,  372,  295,  805,  658,  887,  721,  836,  689,  880,  883,  394,  433,  384,  186,  977,  874,  704,  670,  697,    0,  513,  932,  712,  791,  903,  102,   50,  784,  930,  670,  288,  227,  909,  602,  135,  724,  676,  671,  382,  308,  722,  605,  241,  867,  889,  453,  303,  718,  310,  263,  667,  587,  453,  425,  158,  271,  483,  435,  763,  307,  226,  524,  754,  690,  404,  298,  687,  276,  518, 1057,  950,  792,  667,  319,  621,  888,  609,  200,  645,  234,  151,  648,  370,  427,  645,  710,  568,  665,  528,  886,   75,  866,  724,  575,  453,   79,  378,  461,  345,  103,  192,  481,  278,  434,  321,  865,  376,  665,  314,  649,  205,  284,  416,  496,   98,  610,  980,  202,  468,  458, 1013,  928,  363,  316,  864,  491,  580,  500,  459,  854,  922,  850,  782,  880,  617,  433,  576,  171,  777,  349, 1058,  636,  626,  489,  614,  165,  756,  436,  301,  746,  960,  535,  486,  610,  541,  700,  275,  371,  832,  379,   87,  432,  545,  209,  511,  354],
        [  440,    0,  255,  327,  557,  634,  376,  572,  721,  229,  499,  785,  390,  133,  557,  336,  802,  443,  853,  739,  779,  513,    0,  701,  398,  592,  396,  537,  482,  817,  769,  738,  303,  585,  503,  761,  474, 1007,  933,  884,  145,  453,  353,  119,  570,  397,  477,  201,  693,  781,  206,  361,  591,   75,  197,  113,  623,  436,  710,  266,  839,  580,  390,  477,  565,  851,  231,  579,  902,  703,  549,  867,  779,  460,  310,  373,  272,  447,  379,  348,  720,  432,  493,  136,  157,  795,  815,  486,  447,  951,   50,  660,  564,  400, 1003,  283,  116,  516,  668,  154,  546,  611,  602,  403,  663,  293,  499,  490,  182,  775,  218,  776,  495,  632,  247,  192,  475,  118,  673,  596,   63,  508,  800,  732,  224,  633,  453,  433,  209,  454,  311,  815,  735,  461,  280,  705,  854,  648,   97,  343,  273,  229,  862,  909,  622,  275,  177,  585,  259,  802,  366,  694,  715,  738,  836,  756,  738,  222,  462,  537,  362,  171,  551,  157,  594,  319,  770,  352],
        [  708,    0,  596,  949,  145,  352,  784,  219,  196,  525,  301,  228,  538,  814,  617,  785,  127,  408,  595,  465,  487,  932,  701,    0,  304,  142,  822, 1017,  939,  426,  128,  464,  663, 1125,  347,  587,  994,  847,  773,  691,  684,  636,  364,  611,  774,  506,  364,  892,  854,  461,  736,  672,  301,  683,  559,  660,  918,  667,  666,  530,  491,  717,  707,  416,  179,  611,  906,  725,  701,  902,  460,  170,  119,  259,  395, 1007,  429,  429,  347,  902,  473,  702, 1019,  701,  789,  863,  611,  232,  365,  821,  745,   47, 1007,  496,  838,  428,  626,  874,  735,  586,  649,  977,  854,  452,  840,  520,  643,  293,  646,  524,  824,  548,  753, 1184,  558,  533,  837,  764,  142,  838,  670,  504,  100,   63,  625,  762,  366,  443,  492,  437,  490,  321,   79,  326,  618,  100,  712,  649,  771,  816,  785,  638,  164,  784,  384,  483,  536, 1084,  809,  864,  991,  296,   35,  640,  856,  570,  632,  555, 1064,  616,  508,  655, 1013,  608,  463,  761,  715,  580],
        [  515,    0,  344,  669,  164,  371,  523,  235,  367,  232,  177,  431,  350,  516,  499,  541,  414,  222,  648,  508,  545,  712,  398,  304,    0,  216,  561,  783,  707,  538,  388,  506,  425,  875,  219,  592,  745,  872,  792,  719,  400,  464,   77,  308,  619,  286,  209,  593,  728,  533,  463,  454,  305,  379,  281,  370,  743,  481,  612,  278,  585,  583,  495,  297,  201,  656,  611,  587,  735,  765,  381,  473,  394,   80,   92,  726,  127,  245,  120,  638,  500,  508,  770,  401,  499,  779,  636,  126,  224,  829,  442,  266,  784,  278,  865,  144,  334,  671,  636,  298,  518,  780,  689,  276,  705,  280,  491,  160,  371,  563,  541,  577,  572,  932,  300,  246,  629,  461,  286,  676,  372,  389,  404,  341,  363,  638,  190,  289,  190,  298,  256,  489,  347,  157,  346,  325,  715,  569,  467,  568,  500,  377,  467,  786,  381,  225,  232,  846,  519,  783,  711,  387,  317,  611,  794,  578,  605,  265,  793,  488,  269,  377,  784,  324,  413,  515,  674,  370],
        [  567,    0,  461,  819,   74,  238,  735,   84,  156,  447,  295,  217,  397,  696,  480,  647,  212,  389,  507,  367,  397,  791,  592,  142,  216,    0,  773,  877,  799,  360,  177,  366,  525,  986,  348,  480,  855,  753,  675,  595,  558,  495,  290,  517,  634,  477,  355,  776,  719,  376,  605,  532,  176,  586,  433,  538,  778,  526,  544,  397,  418,  580,  566,  276,   38,  520,  784,  587,  608,  766,  326,  283,  188,  209,  304,  878,  327,  413,  220,  767,  369,  561,  881,  614,  665,  736,  512,  107,  224,  720,  639,   97,  866,  467,  745,  311,  507,  732,  604,  464,  512,  836,  715,  311,  704,  384,  504,  280,  517,  427,  695,  448,  612, 1045,  425,  413,  696,  669,  231,  699,  554,  366,  227,  146,  493,  627,  347,  302,  386,  296,  354,  286,  146,  304,  560,  114,  608,  520,  671,  678,  716,  504,  281,  680,  265,  353,  441,  944,  735,  738,  861,  210,  172,  523,  735,  463,  516,  481,  930,  478,  468,  527,  873,  484,  335,  623,  597,  440],
        [  828,    0,  628,  668,  709,  912,   39,  794,  927,  342,  528,  990,  744,  478,  921,  731,  947,  422, 1172, 1040, 1080,  903,  396,  822,  561,  773,    0,  914,  868, 1090,  932, 1039,  691,  937,  493, 1094,  845, 1362, 1283, 1223,  539,  830,  485,  342,  959,  322,  470,  492, 1083, 1074,  601,  748,  852,  327,  545,  501, 1018,  819, 1069,  611, 1129,  962,  781,  786,  761, 1175,  544,  961, 1240, 1096,  871,  987,  932,  571,  487,  696,  488,  405,  625,  722, 1026,  820,  860,  263,  535, 1179, 1145,  686,  730, 1309,  375,  797,  948,  332, 1356,  542,  489,  911, 1044,  509,  918, 1003,  996,  724, 1053,  636,  874,  533,  569, 1088,  593, 1096,  886,  974,  603,  514,  870,  295,  728,  989,  451,  847,  914,  875,  605, 1017,  461,  752,  461,  771,  641, 1049,  885,  498,  215,  872, 1203, 1010,  329,  736,  126,  613,  978, 1266,  913,  591,  389,  952,  154, 1186,  697,  944,  820, 1088, 1215, 1085, 1085,  309,  795,  903,  315,  559,  931,  527,  914,  714, 1132,  719],
        [  325,    0,  439,  263,  887,  755,  901,  810,  930,  733,  944,  978,  482,  436,  485,  243, 1068,  929,  805,  771,  798,  102,  537, 1017,  783,  877,  914,    0,   79,  884, 1022,  770,  360,  126,  969,  703,   74,  816,  771,  770,  422,  404,  784,  640,  342,  912,  948,  438,  392,  818,  347,  346,  761,  611,  511,  465,  240,  366,  583,  506,  864,  408,  313,  616,  840,  791,  385,  399,  785,  358,  615, 1147, 1041,  862,  729,  268,  682,  941,  686,  192,  746,  328,   72,  668,  383,  514,  746,  792,  655,  758,  543,  971,   55,  912,  817,  641,  496,  180,  477,  513,  446,  157,  286,  567,  371,  508,  421,  930,  427,  766,  323,  750,  305,  183,  483,  554,  197,  620, 1057,  298,  501,  555, 1102, 1017,  423,  415,  923,  580,  635,  591,  535,  953, 1011,  912,  814,  970,  715,  534,  585,  217,  788,  409, 1148,  731,  724,  559,  660,   68,  762,  523,  254,  843, 1045,  636,  575,  711,  642,  740,  200,  471,  876,  427,   27,  482,  644,  268,  609,  438],
        [  249,    0,  364,  247,  809,  679,  853,  732,  852,  668,  870,  901,  404,  394,  414,  169,  990,  859,  741,  699,  728,   50,  482,  939,  707,  799,  868,   79,    0,  812,  943,  699,  283,  198,  897,  637,   90,  770,  719,  711,  358,  328,  711,  580,  280,  847,  876,  409,  350,  747,  284,  267,  683,  556,  439,  401,  208,  290,  521,  429,  794,  344,  235,  538,  761,  727,  359,  335,  728,  325,  539, 1069,  963,  787,  656,  270,  610,  871,  608,  155,  674,  252,  108,  616,  334,  474,  682,  713,  576,  710,  494,  893,   84,  846,  769,  567,  430,  120,  419,  443,  376,  147,  238,  489,  325,  431,  347,  856,  358,  697,  276,  682,  235,  257,  408,  482,  125,  574,  980,  247,  441,  478, 1023,  938,  350,  358,  852,  502,  565,  513,  458,  877,  933,  839,  755,  892,  659,  468,  540,  147,  742,  336, 1070,  680,  648,  483,  594,  146,  719,  483,  252,  766,  966,  573,  533,  645,  578,  676,  228,  399,  811,  358,   78,  413,  569,  194,  553,  359],
        [  567,    0,  595,  932,  433,  184, 1054,  306,  231,  749,  653,  212,  464,  880,  400,  712,  359,  742,  182,  115,   99,  784,  817,  426,  538,  360, 1090,  884,  812,    0,  319,  115,  612, 1008,  706,  224,  892,  432,  365,  285,  724,  490,  613,  783,  556,  821,  711,  957,  580,   71,  737,  583,  239,  839,  622,  725,  701,  530,  347,  557,   68,  487,  598,  344,  353,  202,  945,  496,  291,  635,  291,  422,  341,  559,  604,  988,  605,  766,  468,  849,  140,  566,  916,  884,  826,  536,  220,  414,  374,  417,  866,  407,  852,  812,  423,  558,  706,  708,  452,  664,  439,  784,  633,  419,  580,  532,  465,  638,  674,  143,  831,  169,  580, 1066,  582,  627,  688,  920,  562,  617,  762,  349,  431,  372,  634,  505,  701,  389,  645,  369,  509,  122,  355,  659,  876,  327,  322,  369,  911,  743, 1011,  639,  431,  386,  196,  543,  715,  948, 1021,  533,  967,  153,  457,  299,  507,  207,  290,  782, 1006,  413,  806,  687,  870,  669,  251,  696,  369,  518],
        [  701,    0,  625,  986,  226,  295,  893,  216,  106,  618,  421,  110,  541,  871,  582,  801,   49,  526,  497,  381,  395,  930,  769,  128,  388,  177,  932, 1022,  943,  319,    0,  380,  681, 1136,  469,  508, 1007,  750,  679,  598,  730,  624,  457,  692,  746,  622,  484,  951,  812,  367,  773,  679,  265,  762,  606,  712,  895,  659,  603,  564,  387,  684,  709,  406,  206,  515,  958,  692,  606,  863,  425,  129,   24,  361,  477, 1045,  503,  548,  395,  927,  394,  697, 1033,  788,  837,  803,  523,  283,  374,  730,  816,  138, 1004,  612,  741,  487,  681,  865,  686,  638,  619,  963,  828,  459,  801,  548,  622,  410,  687,  436,  865,  461,  738, 1196,  593,  588,  833,  845,  269,  811,  730,  479,  114,   66,  659,  722,  483,  443,  562,  431,  518,  204,   50,  441,  722,   64,  626,  598,  848,  833,  884,  670,  133,  696,  330,  524,  616, 1089,  905,  802, 1027,  218,  152,  569,  788,  489,  560,  650, 1091,  585,  620,  697, 1015,  657,  416,  779,  645,  590],
        [  456,    0,  502,  828,  434,  137, 1004,  294,  277,  697,  645,  283,  366,  789,  286,  605,  425,  723,  144,    2,   42,  670,  738,  464,  506,  366, 1039,  770,  699,  115,  380,    0,  510,  895,  698,  129,  780,  388,  311,  230,  633,  380,  578,  717,  442,  792,  698,  864,  469,   50,  640,  477,  205,  767,  541,  639,  586,  420,  239,  473,  105,  372,  489,  262,  348,  155,  849,  381,  242,  524,  193,  497,  403,  543,  559,  882,  552,  746,  416,  741,   25,  455,  803,  817,  731,  435,  148,  390,  310,  358,  786,  435,  738,  784,  379,  498,  623,  593,  341,  584,  325,  670,  519,  335,  467,  447,  353,  628,  583,   62,  732,   84,  466,  952,  495,  552,  575,  846,  589,  502,  680,  247,  492,  420,  541,  391,  685,  305,  583,  284,  427,  213,  405,  644,  828,  368,  249,  256,  833,  635,  950,  545,  504,  320,  127,  467,  654,  834,  957,  433,  862,  168,  498,  196,  413,  110,  187,  730,  896,  300,  773,  596,  755,  585,  149,  590,  270,  419],
        [  138,    0,   85,  322,  528,  447,  667,  465,  599,  421,  592,  654,  151,  299,  270,  123,  725,  591,  598,  511,  548,  288,  303,  663,  425,  525,  691,  360,  283,  612,  681,  510,    0,  462,  622,  497,  332,  718,  647,  608,  160,  158,  435,  358,  269,  594,  603,  365,  392,  559,  135,   58,  434,  366,  173,  192,  346,  135,  422,  148,  614,  279,   92,  287,  488,  592,  342,  276,  627,  408,  322,  802,  698,  505,  381,  379,  336,  606,  326,  249,  488,  130,  357,  429,  232,  492,  550,  434,  307,  660,  339,  617,  360,  591,  714,  287,  203,  255,  367,  193,  251,  364,  311,  222,  363,  148,  204,  577,  123,  531,  223,  525,  196,  521,  129,  217,  211,  419,  698,  302,  243,  264,  751,  668,   89,  330,  579,  243,  301,  259,  176,  649,  664,  563,  531,  624,  571,  359,  393,  154,  572,   79,  802,  619,  423,  201,  346,  426,  561,  500,  359,  529,  689,  459,  534,  497,  460,  438,  413,  250,  560,  133,  361,  169,  363,   99,  478,   96],
        [  446,    0,  535,  270,  990,  875,  930,  922, 1047,  799, 1029, 1097,  595,  468,  609,  340, 1182, 1004,  930,  895,  923,  227,  585, 1125,  875,  986,  937,  126,  198, 1008, 1136,  895,  462,    0, 1050,  828,  131,  935,  892,  893,  492,  525,  869,  698,  466,  976, 1027,  447,  511,  943,  420,  457,  878,  657,  597,  533,  357,  486,  708,  602,  989,  533,  428,  731,  949,  916,  394,  524,  909,  472,  736, 1260, 1155,  954,  814,  247,  767, 1013,  786,  245,  870,  448,  106,  709,  429,  630,  871,  896,  765,  877,  581, 1079,  169,  977,  936,  732,  567,  305,  601,  591,  571,  267,  408,  678,  491,  608,  544, 1016,  508,  891,  369,  875,  429,   60,  577,  637,  320,  651, 1156,  421,  561,  675, 1212, 1128,  513,  539, 1002,  694,  715,  706,  637, 1074, 1123,  996,  864, 1082,  838,  659,  616,  310,  814,  499, 1260,  851,  845,  654,  729,   72,  784,  639,  242,  962, 1151,  761,  691,  837,  767,  800,  151,  595,  940,  505,  145,  561,  766,  365,  733,  547],
        [  726,    0,  538,  817,  274,  562,  455,  406,  497,  276,   54,  551,  566,  635,  718,  729,  473,   74,  841,  699,  733,  909,  503,  347,  219,  348,  493,  969,  897,  706,  469,  698,  622, 1050,    0,  796,  924, 1076,  996,  920,  559,  680,  188,  387,  835,  172,   28,  702,  945,  716,  631,  659,  494,  454,  459,  520,  954,  694,  827,  477,  762,  801,  700,  513,  355,  851,  733,  805,  935,  981,  595,  502,  464,  158,  242,  869,  288,   89,  339,  806,  695,  718,  947,  444,  640,  998,  836,  310,  440, 1036,  534,  333,  978,  163, 1069,  337,  484,  875,  854,  460,  736,  984,  903,  494,  922,  485,  708,   70,  544,  757,  693,  775,  785, 1104,  494,  416,  831,  519,  236,  890,  502,  606,  429,  406,  548,  857,   50,  507,  336,  516,  465,  630,  420,   63,  312,  419,  922,  786,  539,  753,  483,  562,  492,  994,  579,  425,  331, 1030,  514, 1001,  858,  554,  337,  822, 1011,  781,  816,  293,  949,  707,  187,  546,  975,  490,  623,  704,  888,  580],
        [  412,    0,  511,  799,  544,  243, 1061,  402,  404,  758,  744,  411,  372,  792,  236,  572,  553,  813,  105,  128,  125,  602,  761,  587,  592,  480, 1094,  703,  637,  224,  508,  129,  497,  828,  796,    0,  724,  282,  201,  130,  640,  347,  657,  760,  363,  873,  793,  861,  364,  155,  632,  453,  308,  801,  569,  655,  497,  383,  129,  498,  177,  295,  454,  311,  457,   95,  839,  304,  147,  419,  224,  625,  531,  639,  630,  850,  614,  835,  487,  705,  116,  414,  745,  857,  728,  313,   54,  487,  375,  242,  807,  556,  664,  865,  274,  555,  645,  524,  240,  610,  268,  585,  432,  372,  368,  471,  309,  727,  591,   81,  718,   56,  405,  884,  515,  589,  514,  875,  708,  417,  700,  254,  620,  546,  547,  298,  777,  343,  634,  324,  459,  336,  531,  739,  891,  494,  128,  170,  858,  600,  996,  548,  632,  201,  219,  506,  706,  763,  998,  310,  829,  294,  621,   77,  286,   19,   69,  789,  850,  255,  850,  604,  685,  605,  183,  562,  145,  417],
