{
    "name": "random-45-8059",
    "comment": "size=45 seed=8059",
    "nodes": ["+0", "-0", "+1", "-1", "+2", "-2", "+3", "-3", "+4", "-4", "+5", "-5", "+6", "-6", "+7", "-7", "+8", "-8", "+9", "-9", "+10", "-10", "+11", "-11", "+12", "-12", "+13", "-13", "+14", "-14", "+15", "-15", "+16", "-16", "+17", "-17", "+18", "-18", "+19", "-19", "+20", "-20", "+21", "-21", "+22", "-22", "+23", "-23", "+24", "-24", "+25", "-25", "+26", "-26", "+27", "-27", "+28", "-28", "+29", "-29", "+30", "-30", "+31", "-31", "+32", "-32", "+33", "-33", "+34", "-34", "+35", "-35", "+36", "-36", "+37", "-37", "+38", "-38", "+39", "-39", "+40", "-40", "+41", "-41", "+42", "-42", "+43", "-43", "+44", "-44", "+45", "-45"],
    "precedence": {
        "+0": "-0",
        "+1": "-1",
        "+2": "-2",
        "+3": "-3",
        "+4": "-4",
        "+5": "-5",
        "+6": "-6",
        "+7": "-7",
        "+8": "-8",
        "+9": "-9",
        "+10": "-10",
        "+11": "-11",
        "+12": "-12",
        "+13": "-13",
        "+14": "-14",
        "+15": "-15",
        "+16": "-16",
        "+17": "-17",
        "+18": "-18",
        "+19": "-19",
        "+20": "-20",
        "+21": "-21",
        "+22": "-22",
        "+23": "-23",
        "+24": "-24",
        "+25": "-25",
        "+26": "-26",
        "+27": "-27",
        "+28": "-28",
        "+29": "-29",
        "+30": "-30",
        "+31": "-31",
        "+32": "-32",
        "+33": "-33",
        "+34": "-34",
        "+35": "-35",
        "+36": "-36",
        "+37": "-37",
        "+38": "-38",
        "+39": "-39",
        "+40": "-40",
        "+41": "-41",
        "+42": "-42",
        "+43": "-43",
        "+44": "-44",
        "+45": "-45"
    },
    "edges": [
        [    0,    0,  341,  314,  296,  840,  279,  835,  298,  924,  467,  928,  467,  550,  690,  283,  332,  857,  603,  442,  192,   95,  483,  393,  484,  798,  567,  646,  887,  342,  725,  280,  698,  769,  152,  561,  621,  388,   98,  374,  796,  929,  621,  403,  460,  473,  983,  121,  505,  266,  581,  849,  979,  641,  545,  656,  720,  277,  298,  802,  552,  128,  602,  254,  789,  706,  698,  671,  505,  525,  304,  471,  489,  277,  145,  412,  297,  658,  510,  179,  946,  647,  436,  445,  373,  308,  274,  835,  582,  845,  412,  828],
        [    0,    0,    0,    0,    0,    0,    0,    0,    0,    0,    0,    0,    0,    0,    0,    0,    0,    0,    0,    0,    0,    0,    0,    0,    0,    0,    0,    0,    0,    0,    0,    0,    0,    0,    0,    0,    0,    0,    0,    0,    0,    0,    0,    0,    0,    0,    0,    0,    0,    0,    0,    0,    0,    0,    0,    0,    0,    0,    0,    0,    0,    0,    0,    0,    0,    0,    0,    0,    0,    0,    0,    0,    0,    0,    0,    0,    0,    0,    0,    0,    0,    0,    0,    0,    0,    0,    0,    0,    0,    0,    0,    0],
        [  341,    0,    0,  585,  494,  823,  437,  536,  159,  988,  277,  696,  211,  398,  535,  125,  524,  860,  418,  106,  228,  433,  632,  183,  711,  706,  233,  460,  616,  449,  836,  620,  815,  650,  368,  717,  636,  725,  260,  241,  751,  979,  489,  362,  494,  291,  729,  412,  190,  606,  251,  631,  729,  767,  581,  645,  619,  524,  421,  502,  214,  224,  533,  363,  756,  754,  503,  683,  438,  727,   45,  251,  411,  614,  410,   89,  604,  658,  393,  277,  727,  450,  374,  127,  500,  206,  179,  812,  307,  750,  529,  617],
        [  314,    0,  585,    0,  135,  690,  195,  962,  596,  697,  567,  969,  757,  588,  694,  572,  139,  687,  655,  666,  361,  249,  253,  689,  181,  722,  773,  687,  975,  250,  481,  268,  452,  724,  218,  303,  484,  264,  405,  479,  679,  712,  621,  415,  365,  564, 1045,  195,  693,  277,  835,  886, 1035,  396,  411,  534,  666,   68,  233,  935,  795,  373,  550,  260,  661,  519,  736,  524,  486,  235,  562,  591,  487,  206,  183,  671,   88,  525,  533,  312,  973,  697,  447,  648,  231,  441,  577,  692,  718,  764,  255,  860],
        [  296,    0,  494,  135,    0,  590,   65,  832,  536,  637,  438,  835,  683,  453,  560,  505,   37,  596,  520,  562,  267,  271,  188,  623,  218,  600,  660,  553,  841,  117,  432,  364,  404,  596,  153,  266,  374,  389,  368,  354,  567,  645,  487,  281,  238,  434,  910,  183,  578,  368,  738,  752,  900,  347,  297,  421,  539,   73,  101,  805,  694,  306,  421,  139,  552,  433,  601,  419,  353,  242,  478,  465,  353,  310,  153,  582,  210,  415,  398,  219,  840,  563,  313,  539,  108,  325,  522,  589,  591,  644,  140,  726],
        [  840,    0,  823,  690,  590,    0,  573,  747,  952,  248,  564,  562, 1027,  450,  374,  912,  564,   57,  472,  812,  694,  848,  442, 1005,  584,  194,  823,  454,  667,  502,  311,  950,  325,  266,  692,  428,  220,  949,  870,  582,   90,  216,  370,  473,  380,  549,  652,  756,  751,  955,  972,  505,  634,  352,  298,  187,  249,  654,  545,  743,  920,  776,  292,  586,   72,  182,  455,  172,  385,  527,  841,  601,  412,  891,  723,  891,  777,  183,  435,  676,  533,  474,  453,  765,  485,  631,  955,   19,  654,  191,  450,  483],
        [  279,    0,  437,  195,   65,  573,    0,  768,  491,  646,  374,  780,  632,  394,  508,  458,   88,  585,  461,  501,  213,  276,  213,  575,  276,  564,  597,  495,  781,   73,  451,  399,  424,  553,  128,  297,  354,  438,  337,  289,  541,  650,  434,  221,  203,  370,  853,  184,  514,  399,  678,  696,  843,  368,  276,  395,  497,  129,   40,  741,  634,  264,  378,   76,  529,  429,  544,  402,  300,  292,  425,  400,  298,  350,  151,  525,  262,  393,  340,  168,  786,  504,  254,  476,   94,  262,  480,  571,  527,  609,  133,  671],
        [  835,    0,  536,  962,  832,  747,  768,    0,  683,  989,  396,  268,  617,  399,  383,  656,  843,  803,  336,  437,  654,  914,  861,  656, 1005,  556,  325,  325,  127,  727,  946, 1099,  940,  482,  784,  924,  692, 1179,  779,  489,  658,  961,  422,  556,  662,  399,  242,  856,  347, 1089,  453,  268,  253,  919,  697,  658,  504,  895,  732,   34,  424,  708,  531,  705,  681,  804,  302,  711,  522,  987,  580,  377,  506, 1073,  838,  523, 1019,  682,  453,  689,  314,  306,  529,  410,  766,  542,  709,  730,  255,  575,  769,  280],
        [  298,    0,  159,  596,  536,  952,  491,  683,    0, 1097,  428,  853,  171,  547,  688,   40,  571,  984,  573,  247,  284,  390,  701,   96,  749,  850,  364,  615,  770,  524,  926,  561,  902,  798,  388,  786,  752,  678,  200,  375,  886, 1091,  636,  481,  599,  441,  884,  404,  341,  543,  315,  789,  885,  850,  689,  769,  764,  546,  487,  649,  302,  230,  669,  427,  888,  864,  660,  801,  569,  777,  122,  406,  543,  570,  414,  166,  592,  779,  534,  325,  885,  607,  499,  280,  571,  322,   31,  942,  463,  896,  606,  775],
        [  924,    0,  988,  697,  637,  248,  646,  989, 1097,    0,  758,  809, 1198,  657,  609, 1059,  603,  192,  693,  998,  818,  907,  453, 1163,  543,  441, 1029,  682,  913,  588,  218,  963,  246,  511,  773,  395,  355,  931,  977,  751,  334,   40,  590,  626,  499,  742,  899,  819,  952,  974, 1170,  752,  881,  302,  409,  359,  485,  684,  631,  982, 1117,  892,  493,  686,  309,  234,  691,  312,  564,  480,  997,  796,  592,  900,  788, 1066,  780,  339,  628,  788,  780,  703,  618,  954,  552,  785, 1094,  266,  870,  438,  513,  730],
        [  467,    0,  277,  567,  438,  564,  374,  396,  428,  758,    0,  462,  469,  123,  260,  389,  452,  607,  148,  249,  276,  534,  497,  458,  625,  432,  276,  192,  425,  339,  644,  713,  628,  374,  393,  572,  406,  786,  436,   97,  486,  742,  213,  176,  308,   16,  517,  467,  195,  706,  413,  386,  512,  592,  374,  400,  346,  500,  339,  368,  360,  347,  273,  309,  495,  531,  240,  447,  196,  617,  307,   39,  168,  682,  446,  332,  623,  419,  131,  303,  484,  187,  160,  202,  384,  160,  441,  551,  155,  475,  395,  367],
        [  928,    0,  696,  969,  835,  562,  780,  268,  853,  809,  462,    0,  829,  389,  280,  820,  835,  618,  328,  617,  736,  989,  805,  851,  963,  372,  537,  288,  144,  720,  820, 1159,  821,  312,  836,  847,  582, 1216,  896,  554,  480,  775,  351,  561,  617,  456,   91,  914,  521, 1154,  687,   84,   74,  816,  616,  535,  358,  906,  740,  286,  647,  809,  441,  734,  507,  668,  237,  582,  484,  929,  736,  466,  483, 1120,  888,  712, 1041,  558,  441,  757,   47,  283,  527,  576,  745,  620,  874,  544,  391,  372,  734,  110],
        [  467,    0,  211,  757,  683, 1027,  632,  617,  171, 1198,  469,  829,    0,  590,  717,  186,  716, 1066,  597,  226,  419,  560,  835,   78,  900,  899,  296,  635,  723,  653, 1045,  731, 1023,  837,  542,  920,  845,  848,  370,  449,  952, 1188,  680,  572,  704,  484,  842,  568,  315,  713,  181,  777,  847,  974,  791,  852,  813,  702,  621,  585,  195,  384,  736,  562,  959,  964,  670,  892,  644,  922,  209,  436,  616,  740,  575,  137,  759,  867,  593,  465,  866,  621,  582,  274,  702,  415,  198, 1015,  446,  941,  733,  768],
        [  550,    0,  398,  588,  453,  450,  394,  399,  547,  657,  123,  389,  590,    0,  145,  508,  458,  496,   68,  368,  360,  604,  463,  580,  609,  309,  375,  102,  390,  340,  567,  771,  556,  252,  448,  526,  317,  829,  534,  185,  368,  637,   91,  174,  264,  108,  459,  526,  302,  766,  523,  307,  450,  529,  304,  299,  223,  522,  355,  379,  471,  440,  164,  346,  379,  439,  153,  349,  123,  589,  427,  155,  108,  731,  499,  454,  655,  320,   56,  374,  402,  110,  141,  320,  374,  252,  559,  436,  215,  353,  373,  283],
        [  690,    0,  535,  694,  560,  374,  508,  383,  688,  609,  260,  280,  717,  145,    0,  649,  557,  428,  120,  491,  503,  739,  526,  714,  683,  197,  469,   87,  328,  444,  569,  898,  565,  126,  579,  573,  318,  946,  678,  329,  285,  582,   74,  297,  337,  247,  363,  657,  411,  895,  626,  198,  350,  552,  340,  279,  126,  632,  468,  374,  576,  584,  164,  471,  305,  423,   83,  331,  208,  652,  566,  285,  212,  854,  628,  583,  769,  303,  181,  512,  281,  105,  262,  443,  467,  396,  701,  357,  294,  233,  455,  171],
        [  283,    0,  125,  572,  505,  912,  458,  656,   40, 1059,  389,  820,  186,  508,  649,    0,  540,  945,  535,  220,  249,  376,  668,  119,  720,  811,  342,  578,  740,  489,  890,  553,  866,  759,  360,  753,  713,  668,  187,  335,  846, 1053,  597,  441,  561,  402,  853,  382,  312,  537,  310,  754,  853,  815,  651,  729,  724,  519,  453,  622,  291,  202,  629,  393,  848,  826,  623,  762,  530,  747,   85,  369,  504,  558,  390,  149,  573,  740,  495,  291,  850,  570,  460,  249,  537,  282,   55,  903,  431,  856,  571,  739],
        [  332,    0,  524,  139,   37,  564,   88,  843,  571,  603,  452,  835,  716,  458,  557,  540,    0,  568,  525,  589,  299,  304,  153,  658,  188,  585,  684,  555,  847,  118,  397,  387,  369,  585,  189,  229,  352,  401,  404,  372,  546,  612,  485,  288,  227,  446,  912,  219,  600,  392,  766,  751,  901,  311,  276,  401,  528,   90,  116,  817,  721,  341,  412,  164,  530,  403,  603,  395,  351,  207,  510,  481,  354,  329,  189,  612,  222,  393,  402,  251,  837,  567,  318,  563,   93,  349,  557,  565,  606,  627,  118,  725],
        [  857,    0,  860,  687,  596,   57,  585,  803,  984,  192,  607,  618, 1066,  496,  428,  945,  568,    0,  522,  855,  720,  859,  436, 1041,  569,  251,  870,  506,  723,  517,  276,  951,  294,  322,  708,  411,  239,  943,  893,  619,  145,  159,  419,  504,  400,  592,  708,  768,  797,  958, 1018,  561,  690,  328,  313,  216,  303,  656,  560,  798,  965,  801,  335,  605,  124,  169,  509,  188,  423,  510,  876,  645,  450,  891,  735,  931,  775,  206,  478,  699,  589,  527,  488,  808,  494,  664,  987,   75,  704,  247,  457,  540],
        [  603,    0,  418,  655,  520,  472,  461,  336,  573,  693,  148,  328,  597,   68,  120,  535,  525,  522,    0,  371,  412,  662,  528,  596,  676,  311,  355,   44,  322,  408,  620,  833,  610,  243,  510,  589,  366,  894,  580,  231,  386,  670,  104,  241,  329,  138,  394,  587,  293,  828,  510,  247,  386,  587,  363,  341,  230,  589,  422,  317,  459,  489,  206,  410,  401,  485,   95,  393,  187,  654,  451,  168,  175,  795,  561,  463,  721,  363,  124,  430,  344,   45,  208,  323,  441,  299,  588,  457,  183,  350,  439,  225],
        [  442,    0,  106,  666,  562,  812,  501,  437,  247,  998,  249,  617,  226,  368,  491,  220,  589,  855,  371,    0,  306,  533,  680,  236,  776,  676,  128,  409,  525,  500,  865,  722,  846,  613,  451,  763,  645,  823,  365,  253,  734,  985,  457,  381,  520,  265,  641,  504,   97,  708,  181,  559,  643,  803,  600,  645,  590,  602,  479,  403,  133,  321,  521,  426,  743,  767,  445,  688,  436,  785,  150,  214,  408,  711,  498,   97,  693,  661,  378,  354,  651,  396,  382,   49,  551,  245,  272,  800,  227,  717,  574,  548],
        [  192,    0,  228,  361,  267,  694,  213,  654,  284,  818,  276,  736,  419,  360,  503,  249,  299,  720,  412,  306,    0,  261,  419,  364,  485,  626,  419,  455,  698,  241,  643,  445,  619,  589,  146,  505,  483,  532,  182,  183,  639,  815,  436,  229,  323,  281,  793,  207,  343,  436,  476,  658,  788,  566,  414,  508,  544,  298,  205,  623,  435,   85,  432,  145,  636,  587,  507,  533,  331,  504,  212,  282,  311,  422,  195,  315,  390,  515,  324,   50,  755,  455,  259,  292,  288,  117,  278,  687,  400,  673,  322,  637],
        [   95,    0,  433,  249,  271,  848,  276,  914,  390,  907,  534,  989,  560,  604,  739,  376,  304,  859,  662,  533,  261,    0,  456,  485,  429,  827,  657,  703,  958,  347,  699,  189,  671,  806,  163,  527,  629,  294,  191,  439,  814,  915,  667,  444,  474,  538, 1050,   93,  591,  177,  675,  909, 1044,  613,  551,  669,  754,  231,  305,  882,  646,  214,  634,  276,  803,  700,  755,  677,  543,  477,  397,  542,  531,  183,  126,  506,  214,  668,  559,  233, 1005,  706,  479,  533,  366,  377,  364,  846,  660,  873,  404,  886],
        [  483,    0,  632,  253,  188,  442,  213,  861,  701,  453,  497,  805,  835,  463,  526,  668,  153,  436,  528,  680,  419,  456,    0,  783,  161,  503,  757,  548,  842,  183,  244,  520,  217,  521,  335,   86,  252,  509,  549,  437,  442,  464,  461,  322,  200,  487,  889,  371,  672,  528,  861,  723,  876,  159,  193,  306,  464,  232,  215,  840,  812,  477,  365,  275,  421,  267,  588,  284,  341,  127,  626,  531,  356,  458,  341,  719,  340,  291,  409,  377,  799,  563,  340,  647,  133,  436,  692,  446,  649,  540,  106,  696],
        [  393,    0,  183,  689,  623, 1005,  575,  656,   96, 1163,  458,  851,   78,  580,  714,  119,  658, 1041,  596,  236,  364,  485,  783,    0,  838,  888,  332,  636,  755,  603, 1001,  654,  978,  831,  478,  868,  813,  772,  295,  423,  933, 1155,  670,  539,  666,  472,  872,  498,  331,  636,  245,  794,  875,  927,  755,  825,  802,  637,  568,  623,  247,  320,  716,  508,  938,  929,  676,  861,  620,  864,  166,  430,  593,  665,  507,  140,  687,  838,  576,  408,  886,  625,  554,  279,  651,  380,  122,  994,  462,  932,  684,  782],
        [  484,    0,  711,  181,  218,  584,  276, 1005,  749,  543,  625,  963,  900,  609,  683,  720,  188,  569,  676,  776,  485,  429,  161,  838,    0,  662,  868,  699,  995,  287,  326,  431,  299,  681,  361,  159,  410,  389,  569,  552,  595,  563,  616,  453,  350,  617, 1046,  363,  784,  445,  954,  881, 1033,  248,  353,  464,  625,  208,  299,  982,  909,  519,  524,  351,  572,  403,  742,  437,  491,   64,  696,  656,  502,  368,  343,  799,  250,  447,  554,  436,  958,  714,  477,  749,  242,  534,  733,  591,  780,  697,  237,  854],
        [  798,    0,  706,  722,  600,  194,  564,  556,  850,  441,  432,  372,  899,  309,  197,  811,  585,  251,  311,  676,  626,  827,  503,  888,  662,    0,  664,  283,  473,  492,  458,  961,  463,   76,  665,  521,  252,  985,  807,  477,  109,  409,  220,  398,  363,  417,  463,  738,  602,  962,  820,  312,  445,  470,  315,  199,   87,  672,  528,  553,  769,  710,  196,  552,  136,  307,  272,  233,  296,  615,  732,  463,  316,  909,  706,  763,  806,  217,  317,  621,  347,  302,  368,  627,  494,  537,  859,  176,  490,   48,  468,  290],
        [  567,    0,  233,  773,  660,  823,  597,  325,  364, 1029,  276,  537,  296,  375,  469,  342,  684,  870,  355,  128,  419,  657,  757,  332,  868,  664,    0,  383,  428,  584,  919,  846,  903,  594,  564,  836,  681,  944,  493,  320,  738, 1011,  454,  440,  579,  290,  547,  622,   86,  833,  159,  491,  552,  865,  649,  671,  584,  707,  570,  292,  113,  444,  538,  522,  752,  806,  407,  719,  471,  870,  277,  237,  444,  833,  613,  201,  808,  691,  402,  465,  576,  366,  432,  127,  633,  336,  392,  808,  176,  701,  652,  486],
        [  646,    0,  460,  687,  553,  454,  495,  325,  615,  682,  192,  288,  635,  102,   87,  578,  555,  506,   44,  409,  455,  703,  548,  636,  699,  283,  383,    0,  296,  439,  623,  872,  616,  212,  549,  605,  368,  930,  624,  274,  366,  658,   98,  275,  350,  181,  358,  626,  327,  867,  540,  206,  349,  596,  374,  338,  207,  623,  455,  310,  490,  532,  207,  447,  384,  483,   52,  390,  209,  675,  494,  210,  202,  833,  600,  502,  756,  361,  155,  472,  302,   21,  241,  361,  469,  342,  631,  438,  208,  319,  464,  183],
        [  887,    0,  616,  975,  841,  667,  781,  127,  770,  913,  425,  144,  723,  390,  328,  740,  847,  723,  322,  525,  698,  958,  842,  755,  995,  473,  428,  296,    0,  729,  895, 1138,  892,  403,  816,  897,  645, 1208,  842,  521,  580,  882,  384,  561,  646,  423,  121,  891,  430, 1130,  568,  164,  128,  879,  664,  605,  437,  909,  742,  150,  534,  762,  489,  725,  605,  747,  256,  656,  505,  969,  659,  417,  495, 1105,  869,  617, 1039,  629,  446,  727,  190,  282,  529,  491,  763,  582,  794,  648,  313,  484,  759,  184],
        [  342,    0,  449,  250,  117,  502,   73,  727,  524,  588,  339,  720,  653,  340,  444,  489,  118,  517,  408,  500,  241,  347,  183,  603,  287,  492,  584,  439,  729,    0,  404,  470,  379,  483,  192,  269,  283,  504,  389,  266,  469,  590,  371,  171,  130,  332,  795,  255,  499,  471,  680,  636,  785,  326,  205,  323,  427,  189,   44,  701,  633,  306,  308,   99,  457,  365,  487,  332,  237,  287,  444,  370,  238,  420,  222,  536,  326,  322,  285,  203,  724,  450,  201,  469,   51,  255,  517,  500,  494,  536,   82,  610],
        [  725,    0,  836,  481,  432,  311,  451,  946,  926,  218,  644,  820, 1045,  567,  569,  890,  397,  276,  620,  865,  643,  699,  244, 1001,  326,  458,  919,  623,  895,  404,    0,  747,   29,  509,  576,  178,  255,  714,  787,  613,  360,  238,  526,  485,  346,  630,  910,  615,  836,  757, 1044,  748,  894,   87,  270,  291,  463,  472,  443,  932,  993,  709,  417,  502,  332,  152,  648,  240,  453,  263,  838,  682,  478,  683,  585,  920,  564,  267,  525,  606,  801,  643,  488,  825,  360,  632,  920,  324,  779,  477,  323,  723],
        [  280,    0,  620,  268,  364,  950,  399, 1099,  561,  963,  713, 1159,  731,  771,  898,  553,  387,  951,  833,  722,  445,  189,  520,  654,  431,  961,  846,  872, 1138,  470,  747,    0,  718,  951,  324,  569,  737,  124,  368,  617,  931,  979,  825,  602,  599,  715, 1224,  247,  780,   21,  859, 1077, 1217,  662,  661,  785,  896,  297,  436, 1067,  831,  403,  776,  428,  916,  784,  923,  781,  694,  492,  583,  725,  686,   64,  272,  690,  184,  778,  721,  412, 1171,  877,  637,  722,  472,  559,  533,  951,  845, 1006,  503, 1053],
        [  698,    0,  815,  452,  404,  325,  424,  940,  902,  246,  628,  821, 1023,  556,  565,  866,  369,  294,  610,  846,  619,  671,  217,  978,  299,  463,  903,  616,  892,  379,   29,  718,    0,  511,  549,  150,  249,  686,  761,  594,  368,  265,  519,  467,  327,  615,  911,  587,  819,  729, 1026,  748,  895,   58,  255,  289,  463,  444,  418,  925,  975,  684,  410,  477,  340,  157,  642,  239,  439,  236,  816,  667,  464,  655,  557,  899,  535,  265,  512,  581,  803,  635,  471,  807,  334,  611,  895,  337,  766,  484,  298,  722],
        [  769,    0,  650,  724,  596,  266,  553,  482,  798,  511,  374,  312,  837,  252,  126,  759,  585,  322,  243,  613,  589,  806,  521,  831,  681,   76,  594,  212,  403,  483,  509,  951,  511,    0,  644,  551,  280,  984,  770,  429,  178,  481,  162,  366,  359,  360,  402,  719,  535,  951,  751,  245,  386,  510,  329,  229,   58,  668,  515,  479,  701,  673,  176,  531,  203,  357,  198,  273,  265,  640,  678,  403,  281,  902,  688,  702,  805,  251,  270,  591,  293,  230,  333,  564,  493,  493,  809,  248,  419,  108,  472,  221],
        [  152,    0,  368,  218,  153,  692,  128,  784,  388,  773,  393,  836,  542,  448,  579,  360,  189,  708,  510,  451,  146,  163,  335,  478,  361,  665,  564,  549,  816,  192,  576,  324,  549,  644,    0,  416,  473,  395,  215,  297,  654,  777,  507,  283,  315,  393,  901,   78,  487,  319,  618,  755,  894,  493,  396,  511,  591,  160,  148,  754,  578,  159,  471,  113,  645,  555,  601,  522,  380,  393,  345,  408,  369,  290,   54,  453,  244,  511,  400,  100,  849,  554,  318,  437,  222,  244,  372,  689,  532,  711,  260,  731],
        [  561,    0,  717,  303,  266,  428,  297,  924,  786,  395,  572,  847,  920,  526,  573,  753,  229,  411,  589,  763,  505,  527,   86,  868,  159,  521,  836,  605,  897,  269,  178,  569,  150,  551,  416,    0,  272,  541,  631,  518,  445,  412,  513,  398,  267,  560,  934,  446,  751,  580,  944,  768,  920,   94,  234,  325,  496,  298,  301,  904,  895,  561,  410,  361,  421,  246,  641,  290,  404,  100,  712,  608,  422,  506,  417,  804,  386,  305,  474,  462,  838,  622,  413,  729,  218,  520,  776,  435,  721,  553,  190,  741],
        [  621,    0,  636,  484,  374,  220,  354,  692,  752,  355,  406,  582,  845,  317,  318,  713,  352,  239,  366,  645,  483,  629,  252,  813,  410,  252,  681,  368,  645,  283,  255,  737,  249,  280,  473,  272,    0,  747,  655,  397,  195,  343,  271,  275,  162,  392,  670,  537,  601,  741,  817,  505,  655,  236,   79,   54,  226,  441,  325,  678,  765,  563,  162,  368,  179,  125,  394,   51,  211,  364,  648,  445,  239,  681,  504,  713,  571,   41,  280,  461,  569,  388,  264,  600,  268,  434,  752,  218,  531,  288,  235,  479],
        [  388,    0,  725,  264,  389,  949,  438, 1179,  678,  931,  786, 1216,  848,  829,  946,  668,  401,  943,  894,  823,  532,  294,  509,  772,  389,  985,  944,  930, 1208,  504,  714,  124,  686,  984,  395,  541,  747,    0,  481,  691,  942,  951,  872,  656,  626,  786, 1287,  326,  874,  145,  969, 1133, 1278,  634,  674,  798,  927,  316,  478, 1149,  938,  503,  810,  484,  924,  774,  980,  786,  738,  452,  690,  803,  735,  112,  342,  799,  180,  788,  776,  492, 1224,  937,  690,  818,  493,  639,  651,  953,  927, 1027,  518, 1108],
        [   98,    0,  260,  405,  368,  870,  337,  779,  200,  977,  436,  896,  370,  534,  678,  187,  404,  893,  580,  365,  182,  191,  549,  295,  569,  807,  493,  624,  842,  389,  787,  368,  761,  770,  215,  631,  655,  481,    0,  351,  818,  978,  614,  410,  494,  444,  945,  211,  438,  352,  491,  822,  942,  705,  582,  684,  725,  362,  347,  745,  465,   98,  613,  293,  814,  752,  674,  706,  512,  605,  219,  431,  492,  372,  227,  323,  394,  689,  502,  195,  919,  622,  440,  376,  428,  283,  176,  864,  531,  854,  466,  802],
        [  374,    0,  241,  479,  354,  582,  289,  489,  375,  751,   97,  554,  449,  185,  329,  335,  372,  619,  231,  253,  183,  439,  437,  423,  552,  477,  320,  274,  521,  266,  613,  617,  594,  429,  297,  518,  397,  691,  351,    0,  512,  740,  269,  128,  268,  100,  612,  371,  235,  610,  432,  476,  606,  552,  348,  404,  391,  411,  257,  460,  381,  258,  295,  219,  516,  518,  326,  443,  198,  551,  259,  113,  170,  586,  350,  316,  530,  418,  161,  207,  573,  274,  134,  214,  314,   68,  383,  572,  240,  523,  332,  455],
        [  796,    0,  751,  679,  567,   90,  541,  658,  886,  334,  486,  480,  952,  368,  285,  846,  546,  145,  386,  734,  639,  814,  442,  933,  595,  109,  738,  366,  580,  469,  360,  931,  368,  178,  654,  445,  195,  942,  818,  512,    0,  303,  285,  412,  340,  470,  570,  722,  669,  934,  890,  419,  553,  382,  270,  147,  160,  635,  509,  653,  838,  722,  218,  544,   29,  212,  365,  158,  317,  543,  771,  521,  343,  875,  689,  816,  765,  154,  359,  626,  454,  386,  388,  686,  460,  565,  891,   73,  568,  118,  428,  397],
        [  929,    0,  979,  712,  645,  216,  650,  961, 1091,   40,  742,  775, 1188,  637,  582, 1053,  612,  159,  670,  985,  815,  915,  464, 1155,  563,  409, 1011,  658,  882,  590,  238,  979,  265,  481,  777,  412,  343,  951,  978,  740,  303,    0,  567,  617,  494,  726,  865,  827,  935,  989, 1154,  720,  846,  319,  403,  342,  458,  695,  633,  955, 1101,  891,  473,  686,  280,  229,  664,  297,  549,  500,  990,  780,  577,  916,  795, 1055,  797,  324,  612,  787,  745,  679,  607,  940,  556,  776, 1090,  234,  850,  403,  517,  698],
        [  621,    0,  489,  621,  487,  370,  434,  422,  636,  590,  213,  351,  680,   91,   74,  597,  485,  419,  104,  457,  436,  667,  461,  670,  616,  220,  454,   98,  384,  371,  526,  825,  519,  162,  507,  513,  271,  872,  614,  269,  285,  567,    0,  224,  268,  198,  431,  584,  386,  822,  606,  268,  419,  500,  281,  241,  134,  559,  395,  407,  554,  518,  110,  398,  299,  386,  129,  293,  135,  587,  516,  244,  139,  781,  555,  544,  695,  264,  112,  442,  353,  118,  189,  409,  395,  334,  647,  355,  285,  263,  385,  241],
        [  403,    0,  362,  415,  281,  473,  221,  556,  481,  626,  176,  561,  572,  174,  297,  441,  288,  504,  241,  381,  229,  444,  322,  539,  453,  398,  440,  275,  561,  171,  485,  602,  467,  366,  283,  398,  275,  656,  410,  128,  412,  617,  224,    0,  141,  166,  632,  361,  355,  599,  559,  478,  624,  426,  221,  289,  317,  349,  182,  531,  508,  314,  203,  175,  411,  393,  325,  323,  103,  442,  374,  210,   87,  560,  332,  441,  482,  300,  121,  225,  571,  284,   35,  340,  212,  161,  483,  464,  329,  445,  220,  454],
        [  460,    0,  494,  365,  238,  380,  203,  662,  599,  499,  308,  617,  704,  264,  337,  561,  227,  400,  329,  520,  323,  474,  200,  666,  350,  363,  579,  350,  646,  130,  346,  599,  327,  359,  315,  267,  162,  626,  494,  268,  340,  494,  268,  141,    0,  296,  698,  382,  494,  600,  699,  534,  686,  286,   91,  197,  302,  311,  169,  641,  648,  402,  186,  207,  331,  266,  393,  213,  142,  326,  501,  345,  157,  547,  349,  577,  447,  198,  210,  299,  616,  365,  148,  480,  135,  289,  597,  376,  455,  407,  118,  508],
        [  473,    0,  291,  564,  434,  549,  370,  399,  441,  742,   16,  456,  484,  108,  247,  402,  446,  592,  138,  265,  281,  538,  487,  472,  617,  417,  290,  181,  423,  332,  630,  715,  615,  360,  393,  560,  392,  786,  444,  100,  470,  726,  198,  166,  296,    0,  513,  469,  210,  708,  428,  379,  507,  580,  361,  385,  330,  496,  334,  372,  376,  354,  257,  306,  479,  516,  231,  431,  181,  608,  320,   54,  154,  682,  446,  348,  621,  404,  115,  305,  476,  178,  148,  217,  376,  165,  454,  536,  163,  461,  385,  359],
        [  983,    0,  729, 1045,  910,  652,  853,  242,  884,  899,  517,   91,  842,  459,  363,  853,  912,  708,  394,  641,  793, 1050,  889,  872, 1046,  463,  547,  358,  121,  795,  910, 1224,  911,  402,  901,  934,  670, 1287,  945,  612,  570,  865,  431,  632,  698,  513,    0,  978,  545, 1218,  688,  167,   19,  905,  702,  624,  448,  980,  813,  269,  654,  861,  526,  803,  598,  759,  309,  672,  562, 1014,  771,  515,  558, 1188,  954,  734, 1114,  647,  513,  817,  122,  350,  599,  605,  824,  676,  907,  634,  423,  462,  815,  193],
        [  121,    0,  412,  195,  183,  756,  184,  856,  404,  819,  467,  914,  568,  526,  657,  382,  219,  768,  587,  504,  207,   93,  371,  498,  363,  738,  622,  626,  891,  255,  615,  247,  587,  719,   78,  446,  537,  326,  211,  371,  722,  827,  584,  361,  382,  469,  978,    0,  549,  241,  661,  832,  971,  529,  459,  577,  666,  157,  213,  825,  626,  190,  546,  188,  711,  609,  678,  585,  457,  405,  383,  480,  446,  217,   34,  493,  194,  576,  478,  167,  927,  631,  395,  496,  275,  315,  383,  754,  603,  784,  313,  809],
        [  505,    0,  190,  693,  578,  751,  514,  347,  341,  952,  195,  521,  315,  302,  411,  312,  600,  797,  293,   97,  343,  591,  672,  331,  784,  602,   86,  327,  430,  499,  836,  780,  819,  535,  487,  751,  601,  874,  438,  235,  669,  935,  386,  355,  494,  210,  545,  549,    0,  768,  221,  464,  547,  780,  566,  594,  519,  626,  486,  313,  169,  378,  463,  440,  681,  725,  358,  641,  390,  785,  234,  156,  363,  763,  538,  192,  731,  613,  324,  388,  556,  311,  349,   64,  548,  253,  365,  738,  132,  642,  566,  454],
        [  266,    0,  606,  277,  368,  955,  399, 1089,  543,  974,  706, 1154,  713,  766,  895,  537,  392,  958,  828,  708,  436,  177,  528,  636,  445,  962,  833,  867, 1130,  471,  757,   21,  729,  951,  319,  580,  741,  145,  352,  610,  934,  989,  822,  599,  600,  708, 1218,  241,  768,    0,  843, 1073, 1212,  672,  664,  788,  896,  302,  436, 1058,  816,  390,  776,  425,  920,  791,  919,  786,  692,  504,  568,  716,  684,   78,  268,  674,  196,  782,  718,  404, 1167,  872,  634,  709,  475,  550,  515,  956,  835, 1007,  507, 1049],
        [  581,    0,  251,  835,  738,  972,  678,  453,  315, 1170,  413,  687,  181,  523,  626,  310,  766, 1018,  510,  181,  476,  675,  861,  245,  954,  820,  159,  540,  568,  680, 1044,  859, 1026,  751,  618,  944,  817,  969,  491,  432,  890, 1154,  606,  559,  699,  428,  688,  661,  221,  843,    0,  647,  695,  983,  777,  813,  738,  773,  658,  423,   53,  472,  684,  603,  901,  941,  565,  859,  607,  965,  280,  375,  579,  857,  660,  170,  854,  831,  543,  525,  728,  523,  558,  219,  731,  426,  345,  958,  334,  858,  755,  642],
        [  849,    0,  631,  886,  752,  505,  696,  268,  789,  752,  386,   84,  777,  307,  198,  754,  751,  561,  247,  559,  658,  909,  723,  794,  881,  312,  491,  206,  164,  636,  748, 1077,  748,  245,  755,  768,  505, 1133,  822,  476,  419,  720,  268,  478,  534,  379,  167,  832,  464, 1073,  647,    0,  153,  740,  536,  460,  285,  823,  657,  276,  603,  732,  360,  652,  445,  597,  155,  509,  401,  848,  670,  394,  399, 1038,  806,  655,  958,  484,  358,  677,   98,  203,  444,  516,  662,  543,  808,  487,  333,  320,  651,   27],
        [  979,    0,  729, 1035,  900,  634,  843,  253,  885,  881,  512,   74,  847,  450,  350,  853,  901,  690,  386,  643,  788, 1044,  876,  875, 1033,  445,  552,  349,  128,  785,  894, 1217,  895,  386,  894,  920,  655, 1278,  942,  606,  553,  846,  419,  624,  686,  507,   19,  971,  547, 1212,  695,  153,    0,  890,  688,  608,  432,  971,  804,  278,  660,  857,  512,  795,  580,  742,  299,  656,  551, 1001,  771,  511,  548, 1180,  946,  737, 1105,  632,  504,  811,  103,  342,  590,  606,  813,  671,  907,  616,  423,  444,  803,  180],
        [  641,    0,  767,  396,  347,  352,  368,  919,  850,  302,  592,  816,  974,  529,  552,  815,  311,  328,  587,  803,  566,  613,  159,  927,  248,  470,  865,  596,  879,  326,   87,  662,   58,  510,  493,   94,  236,  634,  705,  552,  382,  319,  500,  426,  286,  580,  905,  529,  780,  672,  983,  740,  890,    0,  225,  283,  459,  386,  364,  903,  933,  629,  392,  423,  356,  172,  626,  238,  409,  186,  766,  630,  431,  599,  499,  853,  479,  260,  482,  527,  802,  614,  433,  765,  280,  564,  842,  361,  735,  496,  245,  714],
        [  545,    0,  581,  411,  297,  298,  276,  697,  689,  409,  374,  616,  791,  304,  340,  651,  276,  313,  363,  600,  414,  551,  193,  755,  353,  315,  649,  374,  664,  205,  270,  661,  255,  329,  396,  234,   79,  674,  582,  348,  270,  403,  281,  221,   91,  361,  702,  459,  566,  664,  777,  536,  688,  225,    0,  125,  272,  365,  248,  679,  725,  492,  177,  293,  256,  176,  409,  127,  185,  315,  589,  413,  209,  605,  426,  661,  496,  118,  258,  389,  608,  392,  219,  558,  190,  377,  687,  296,  512,  355,  158,  509],
        [  656,    0,  645,  534,  421,  187,  395,  658,  769,  359,  400,  535,  852,  299,  279,  729,  401,  216,  341,  645,  508,  669,  306,  825,  464,  199,  671,  338,  605,  323,  291,  785,  289,  229,  511,  325,   54,  798,  684,  404,  147,  342,  241,  289,  197,  385,  624,  577,  594,  788,  813,  460,  608,  283,  125,    0,  177,  490,  365,  646,  760,  590,  136,  402,  135,  146,  358,   53,  209,  417,  660,  439,  238,  729,  544,  718,  621,   25,  271,  490,  520,  358,  272,  599,  314,  448,  771,  181,  514,  235,  283,  434],
        [  720,    0,  619,  666,  539,  249,  497,  504,  764,  485,  346,  358,  813,  223,  126,  724,  528,  303,  230,  590,  544,  754,  464,  802,  625,   87,  584,  207,  437,  427,  463,  896,  463,   58,  591,  496,  226,  927,  725,  391,  160,  458,  134,  317,  302,  330,  448,  666,  519,  896,  738,  285,  432,  459,  272,  177,    0,  612,  460,  497,  686,  628,  121,  478,  180,  313,  207,  225,  215,  584,  645,  378,  234,  846,  635,  677,  748,  200,  231,  542,  343,  227,  286,  542,  436,  452,  773,  232,  411,  133,  414,  260],
        [  277,    0,  524,   68,   73,  654,  129,  895,  546,  684,  500,  906,  702,  522,  632,  519,   90,  656,  589,  602,  298,  231,  232,  637,  208,  672,  707,  623,  909,  189,  472,  297,  444,  668,  160,  298,  441,  316,  362,  411,  635,  695,  559,  349,  311,  496,  980,  157,  626,  302,  773,  823,  971,  386,  365,  490,  612,    0,  168,  867,  732,  318,  494,  192,  620,  491,  672,  485,  425,  249,  503,  523,  424,  240,  135,  611,  137,  482,  468,  249,  912,  632,  382,  582,  178,  374,  528,  654,  650,  715,  208,  797],
        [  298,    0,  421,  233,  101,  545,   40,  732,  487,  631,  339,  740,  621,  355,  468,  453,  116,  560,  422,  479,  205,  305,  215,  568,  299,  528,  570,  455,  742,   44,  443,  436,  418,  515,  148,  301,  325,  478,  347,  257,  509,  633,  395,  182,  169,  334,  813,  213,  486,  436,  658,  657,  804,  364,  248,  365,  460,  168,    0,  705,  612,  266,  340,   60,  499,  409,  505,  375,  261,  308,  413,  366,  258,  388,  181,  509,  302,  364,  301,  164,  747,  465,  215,  451,   85,  236,  479,  542,  492,  573,  121,  631],
        [  802,    0,  502,  935,  805,  743,  741,   34,  649,  982,  368,  286,  585,  379,  374,  622,  817,  798,  317,  403,  623,  882,  840,  623,  982,  553,  292,  310,  150,  701,  932, 1067,  925,  479,  754,  904,  678, 1149,  745,  460,  653,  955,  407,  531,  641,  372,  269,  825,  313, 1058,  423,  276,  278,  903,  679,  646,  497,  867,  705,    0,  392,  675,  516,  677,  675,  792,  292,  699,  501,  965,  546,  347,  484, 1042,  807,  489,  990,  670,  432,  659,  331,  290,  505,  376,  742,  511,  675,  725,  223,  575,  746,  286],
        [  552,    0,  214,  795,  694,  920,  634,  424,  302, 1117,  360,  647,  195,  471,  576,  291,  721,  965,  459,  133,  435,  646,  812,  247,  909,  769,  113,  490,  534,  633,  993,  831,  975,  701,  578,  895,  765,  938,  465,  381,  838, 1101,  554,  508,  648,  376,  654,  626,  169,  816,   53,  603,  660,  933,  725,  760,  686,  732,  612,  392,    0,  438,  631,  558,  849,  889,  517,  806,  554,  918,  249,  322,  526,  827,  623,  144,  818,  778,  490,  484,  687,  473,  506,  168,  683,  378,  333,  906,  285,  807,  707,  598],
        [  128,    0,  224,  373,  306,  776,  264,  708,  230,  892,  347,  809,  384,  440,  584,  202,  341,  801,  489,  321,   85,  214,  477,  320,  519,  710,  444,  532,  762,  306,  709,  403,  684,  673,  159,  561,  563,  503,   98,  258,  722,  891,  518,  314,  402,  354,  861,  190,  378,  390,  472,  732,  857,  629,  492,  590,  628,  318,  266,  675,  438,    0,  516,  208,  719,  663,  583,  613,  415,  548,  194,  347,  395,  391,  192,  304,  383,  596,  406,  105,  830,  531,  343,  319,  350,  190,  217,  769,  455,  757,  386,  712],
        [  602,    0,  533,  550,  421,  292,  378,  531,  669,  493,  273,  441,  736,  164,  164,  629,  412,  335,  206,  521,  432,  634,  365,  716,  524,  196,  538,  207,  489,  308,  417,  776,  410,  176,  471,  410,  162,  810,  613,  295,  218,  473,  110,  203,  186,  257,  526,  546,  463,  776,  684,  360,  512,  392,  177,  136,  121,  494,  340,  516,  631,  516,    0,  358,  224,  280,  235,  188,  102,  489,  554,  310,  126,  726,  514,  600,  631,  158,  144,  426,  435,  226,  175,  474,  320,  350,  675,  280,  378,  243,  302,  333],
        [  254,    0,  363,  260,  139,  586,   76,  705,  427,  686,  309,  734,  562,  346,  471,  393,  164,  605,  410,  426,  145,  276,  275,  508,  351,  552,  522,  447,  725,   99,  502,  428,  477,  531,  113,  361,  368,  484,  293,  219,  544,  686,  398,  175,  207,  306,  803,  188,  440,  425,  603,  652,  795,  423,  293,  402,  478,  192,   60,  677,  558,  208,  358,    0,  536,  460,  498,  418,  269,  364,  353,  332,  260,  386,  158,  451,  315,  404,  295,  105,  745,  454,  210,  401,  144,  187,  419,  582,  459,  598,  180,  627],
        [  789,    0,  756,  661,  552,   72,  529,  681,  888,  309,  495,  507,  959,  379,  305,  848,  530,  124,  401,  743,  636,  803,  421,  938,  572,  136,  752,  384,  605,  457,  332,  916,  340,  203,  645,  421,  179,  924,  814,  516,   29,  280,  299,  411,  331,  479,  598,  711,  681,  920,  901,  445,  580,  356,  256,  135,  180,  620,  499,  675,  849,  719,  224,  536,    0,  185,  386,  138,  319,  519,  775,  531,  346,  859,  678,  823,  748,  138,  366,  621,  482,  404,  389,  696,  446,  567,  893,   57,  583,  146,  413,  422],
        [  706,    0,  754,  519,  433,  182,  429,  804,  864,  234,  531,  668,  964,  439,  423,  826,  403,  169,  485,  767,  587,  700,  267,  929,  403,  307,  806,  483,  747,  365,  152,  784,  157,  357,  555,  246,  125,  774,  752,  518,  212,  229,  386,  393,  266,  516,  759,  609,  725,  791,  941,  597,  742,  172,  176,  146,  313,  491,  409,  792,  889,  663,  280,  460,  185,    0,  503,   94,  336,  345,  764,  570,  363,  723,  577,  833,  607,  123,  404,  560,  649,  503,  386,  724,  336,  551,  862,  191,  654,  328,  297,  572],
        [  698,    0,  503,  736,  601,  455,  544,  302,  660,  691,  240,  237,  670,  153,   83,  623,  603,  509,   95,  445,  507,  755,  588,  676,  742,  272,  407,   52,  256,  487,  648,  923,  642,  198,  601,  641,  394,  980,  674,  326,  365,  664,  129,  325,  393,  231,  309,  678,  358,  919,  565,  155,  299,  626,  409,  358,  207,  672,  505,  292,  517,  583,  235,  498,  386,  503,    0,  410,  254,  715,  539,  255,  249,  884,  652,  540,  806,  382,  205,  524,  250,   54,  291,  399,  515,  393,  676,  438,  232,  303,  508,  131],
