{
    "name": "random-45-6312",
    "comment": "size=45 seed=6312",
    "nodes": ["+0", "-0", "+1", "-1", "+2", "-2", "+3", "-3", "+4", "-4", "+5", "-5", "+6", "-6", "+7", "-7", "+8", "-8", "+9", "-9", "+10", "-10", "+11", "-11", "+12", "-12", "+13", "-13", "+14", "-14", "+15", "-15", "+16", "-16", "+17", "-17", "+18", "-18", "+19", "-19", "+20", "-20", "+21", "-21", "+22", "-22", "+23", "-23", "+24", "-24", "+25", "-25", "+26", "-26", "+27", "-27", "+28", "-28", "+29", "-29", "+30", "-30", "+31", "-31", "+32", "-32", "+33", "-33", "+34", "-34", "+35", "-35", "+36", "-36", "+37", "-37", "+38", "-38", "+39", "-39", "+40", "-40", "+41", "-41", "+42", "-42", "+43", "-43", "+44", "-44", "+45", "-45"],
    "precedence": {
        "+0": "-0",
        "+1": "-1",
        "+2": "-2",
        "+3": "-3",
        "+4": "-4",
        "+5": "-5",
        "+6": "-6",
        "+7": "-7",
        "+8": "-8",
        "+9": "-9",
        "+10": "-10",
        "+11": "-11",
        "+12": "-12",
        "+13": "-13",
        "+14": "-14",
        "+15": "-15",
        "+16": "-16",
        "+17": "-17",
        "+18": "-18",
        "+19": "-19",
        "+20": "-20",
        "+21": "-21",
        "+22": "-22",
        "+23": "-23",
        "+24": "-24",
        "+25": "-25",
        "+26": "-26",
        "+27": "-27",
        "+28": "-28",
        "+29": "-29",
        "+30": "-30",
        "+31": "-31",
        "+32": "-32",
        "+33": "-33",
        "+34": "-34",
        "+35": "-35",
        "+36": "-36",
        "+37": "-37",
        "+38": "-38",
        "+39": "-39",
        "+40": "-40",
        "+41": "-41",
        "+42": "-42",
        "+43": "-43",
        "+44": "-44",
        "+45": "-45"
    },
    "edges": [
        [    0,    0,  166,  751,  512,  253,  654,  674,  535,  461,  105,  491,  706,  192,  583,  537,  503,  122,  196,  523,  756,  358,  569,  606,  755,  923,  494,  189,  577,  132,  129,  735,  780,  541,  438,  335,  808,  188,  669,  667,  496,  628,  372,  870,  357,  143,  353,  436,  346,  659,  605,  452,  725,  392,  398,  430,  536,  455,  804,  726,  151,  135,  250,  778,  185,  295,  558,  276,  593,  642,  227,  524,  476,  421,  818,  207,  630,  375,  631,  706,  461,  222,  547,  146,  670,  481,  531,  659,  543,  531,  515,  519],
        [    0,    0,    0,    0,    0,    0,    0,    0,    0,    0,    0,    0,    0,    0,    0,    0,    0,    0,    0,    0,    0,    0,    0,    0,    0,    0,    0,    0,    0,    0,    0,    0,    0,    0,    0,    0,    0,    0,    0,    0,    0,    0,    0,    0,    0,    0,    0,    0,    0,    0,    0,    0,    0,    0,    0,    0,    0,    0,    0,    0,    0,    0,    0,    0,    0,    0,    0,    0,    0,    0,    0,    0,    0,    0,    0,    0,    0,    0,    0,    0,    0,    0,    0,    0,    0,    0,    0,    0,    0,    0,    0,    0],
        [  166,    0,    0,  898,  677,  418,  654,  697,  692,  626,  268,  644,  861,  349,  748,  701,  650,  242,   32,  610,  920,  470,  603,  771,  920, 1065,  615,  333,  716,  147,   63,  862,  944,  662,  497,  492,  957,  100,  826,  830,  661,  731,  450, 1014,  522,   31,  517,  531,  456,  787,  752,  612,  883,  442,  563,  545,  545,  604,  957,  848,  271,  290,  259,  935,  339,  241,  719,  249,  748,  740,  331,  673,  492,  533,  968,  192,  783,  372,  770,  863,  603,   83,  681,   99,  835,  534,  685,  775,  697,  696,  555,  672],
        [  751,    0,  898,    0,  374,  536,  784,  711,  235,  390,  649,  620,  645,  560,  358,  456,  670,  657,  923,  448,  468,  462,  645,  357,  399,  181,  816,  567,  193,  767,  877,  184,  304,  296,  569,  606,   60,  855,  600,  484,  374,  345,  542,  125,  468,  885,  435,  457,  809,  193,  147,  323,  146,  609,  438,  396,  725,  645,   92,  222,  630,  617,  732,  646,  566,  834,  537,  992,  600,  373,  803,  655,  695,  413,   75,  933,  134,  743,  763,  134,  296,  968,  236,  821,  348,  581,  230,  272,  216,  447,  623,  624],
        [  512,    0,  677,  374,    0,  260,  861,  821,  170,   54,  411,  246,  330,  342,   71,   95,  298,  472,  708,  539,  264,  418,  720,   94,  247,  549,  442,  381,  325,  588,  636,  484,  272,  410,  587,  254,  414,  675,  279,  200,   19,  528,  520,  493,  156,  655,  169,  482,  453,  430,  287,  138,  271,  593,  115,  408,  761,  271,  377,  505,  456,  397,  618,  367,  359,  716,  180,  692,  248,  559,  477,  285,  708,  420,  411,  646,  248,  691,  402,  263,  279,  728,  342,  632,  158,  622,  191,  494,  199,   85,  675,  254],
        [  253,    0,  418,  536,  260,    0,  715,  702,  305,  208,  152,  297,  493,  100,  331,  293,  329,  225,  448,  461,  510,  289,  592,  354,  504,  716,  397,  153,  391,  336,  378,  566,  528,  404,  445,  155,  590,  420,  449,  425,  244,  518,  367,  660,  105,  395,  106,  378,  314,  493,  398,  216,  486,  428,  146,  329,  601,  278,  575,  569,  218,  144,  391,  557,  120,  479,  331,  459,  380,  542,  273,  340,  541,  330,  595,  404,  405,  488,  468,  469,  281,  470,  376,  377,  418,  489,  306,  521,  320,  286,  539,  323],
        [  654,    0,  654,  784,  861,  715,    0,   95,  738,  819,  645, 1007, 1177,  625,  913,  943, 1043,  552,  653,  345, 1110,  447,  145,  932, 1067,  864, 1099,  572,  622,  537,  693,  628, 1020,  503,  277,  869,  832,  554, 1128, 1060,  844,  443,  351,  839,  775,  671,  727,  380,  976,  592,  689,  724,  876,  288,  794,  456,  119,  992,  876,  591,  536,  616,  409, 1225,  606,  418, 1012,  895, 1073,  420,  872, 1051,  181,  442,  854,  829,  757,  285, 1181,  851,  594,  729,  580,  563,  976,  239,  715,  519,  717,  933,  186, 1031],
        [  674,    0,  697,  711,  821,  702,   95,    0,  686,  783,  652,  986, 1145,  618,  869,  908, 1025,  564,  699,  288, 1062,  420,  111,  887, 1015,  780, 1094,  568,  559,  568,  730,  547,  960,  441,  258,  857,  756,  599, 1094, 1019,  805,  367,  336,  757,  750,  711,  700,  341,  981,  518,  626,  683,  811,  288,  765,  413,  156,  975,  803,  509,  544,  618,  442, 1188,  601,  470,  981,  930, 1045,  340,  884, 1031,  206,  402,  778,  861,  695,  327, 1163,  786,  547,  775,  519,  602,  927,  214,  663,  441,  664,  897,  166, 1009],
        [  535,    0,  692,  235,  170,  305,  738,  686,    0,  166,  431,  409,  492,  344,  192,  264,  460,  458,  720,  399,  376,  321,  594,  206,  330,  416,  595,  363,  157,  575,  664,  317,  293,  254,  475,  374,  287,  665,  441,  344,  162,  366,  421,  359,  233,  675,  202,  361,  576,  261,  120,   89,  193,  496,  205,  285,  649,  427,  271,  336,  434,  403,  569,  518,  354,  672,  348,  763,  416,  399,  569,  450,  604,  300,  291,  707,  102,  614,  571,  171,  145,  756,  180,  626,  241,  503,   25,  326,   30,  254,  555,  419],
        [  461,    0,  626,  390,   54,  208,  819,  783,  166,    0,  359,  245,  362,  289,  124,  125,  296,  419,  656,  505,  315,  374,  681,  147,  300,  568,  430,  329,  313,  535,  585,  481,  321,  386,  544,  221,  435,  622,  312,  246,   36,  505,  475,  512,  106,  603,  116,  443,  423,  421,  285,  108,  302,  547,   64,  371,  717,  262,  404,  498,  403,  344,  567,  407,  306,  664,  202,  647,  269,  536,  437,  288,  663,  382,  434,  599,  258,  642,  413,  290,  250,  677,  323,  580,  211,  581,  183,  478,  194,  115,  634,  258],
        [  105,    0,  268,  649,  411,  152,  645,  652,  431,  359,    0,  419,  628,   90,  482,  443,  439,   98,  297,  461,  661,  287,  542,  505,  656,  824,  461,  103,  480,  190,  233,  644,  677,  456,  400,  262,  707,  269,  588,  574,  395,  552,  326,  770,  257,  248,  249,  372,  331,  568,  505,  347,  621,  365,  298,  352,  527,  388,  701,  638,  110,   41,  270,  697,   88,  344,  473,  356,  514,  570,  236,  456,  465,  346,  715,  291,  527,  385,  574,  601,  364,  326,  453,  226,  569,  445,  427,  576,  440,  437,  487,  447],
        [  491,    0,  644,  620,  246,  297, 1007,  986,  409,  245,  419,    0,  218,  396,  272,  170,   52,  510,  675,  723,  333,  567,  878,  281,  370,  791,  203,  449,  558,  606,  588,  725,  451,  622,  733,  158,  657,  677,  188,  237,  250,  743,  656,  736,  237,  615,  289,  649,  269,  666,  528,  349,  505,  721,  232,  586,  895,   47,  614,  743,  509,  428,  682,  294,  416,  762,  112,  569,  108,  773,  349,   46,  836,  593,  651,  545,  494,  784,  178,  502,  484,  669,  566,  635,  328,  775,  427,  721,  438,  176,  826,   29],
        [  706,    0,  861,  645,  330,  493, 1177, 1145,  492,  362,  628,  218,    0,  593,  303,  238,  222,  715,  891,  866,  214,  731, 1041,  295,  280,  791,  344,  644,  648,  817,  805,  792,  388,  739,  901,  372,  665,  892,   51,  162,  344,  856,  829,  742,  409,  832,  452,  804,  465,  748,  600,  466,  505,  899,  385,  733, 1071,  260,  609,  818,  711,  633,  883,   80,  613,  969,  167,  776,  115,  888,  561,  194, 1015,  743,  652,  757,  545,  978,  178,  513,  608,  885,  669,  849,  299,  940,  515,  817,  520,  249,  992,  190],
        [  192,    0,  349,  560,  342,  100,  625,  618,  344,  289,   90,  396,  593,    0,  412,  387,  425,  131,  378,  399,  600,  222,  508,  435,  588,  735,  477,   54,  392,  247,  320,  558,  600,  374,  361,  247,  618,  334,  549,  519,  324,  477,  283,  681,  195,  332,  174,  311,  370,  482,  416,  263,  535,  337,  232,  278,  509,  374,  613,  554,  119,   60,  292,  656,   21,  382,  430,  442,  480,  498,  296,  437,  448,  275,  627,  378,  438,  389,  564,  515,  276,  413,  367,  293,  498,  406,  339,  495,  352,  379,  453,  422],
        [  583,    0,  748,  358,   71,  331,  913,  869,  192,  124,  482,  272,  303,  412,    0,  103,  321,  542,  778,  583,  200,  476,  771,   24,  177,  522,  474,  451,  347,  659,  706,  490,  205,  445,  642,  312,  389,  745,  254,  153,   89,  558,  578,  468,  226,  725,  239,  534,  504,  445,  297,  191,  234,  652,  185,  458,  817,  305,  343,  516,  526,  468,  686,  327,  429,  785,  180,  756,  243,  590,  539,  302,  766,  472,  382,  712,  244,  755,  406,  233,  323,  798,  371,  703,   88,  676,  216,  515,  220,   96,  728,  271],
        [  537,    0,  701,  456,   95,  293,  943,  908,  264,  125,  443,  170,  238,  387,  103,    0,  219,  516,  732,  628,  220,  498,  805,  113,  230,  624,  372,  433,  420,  628,  654,  577,  291,  504,  668,  231,  490,  711,  187,  133,  107,  622,  597,  569,  192,  676,  226,  567,  411,  525,  379,  229,  336,  669,  159,  495,  840,  204,  445,  599,  505,  436,  675,  283,  406,  768,   85,  681,  153,  654,  460,  201,  785,  506,  483,  643,  336,  758,  310,  334,  371,  743,  437,  668,  166,  705,  286,  588,  293,   11,  758,  170],
        [  503,    0,  650,  670,  298,  329, 1043, 1025,  460,  296,  439,   52,  222,  425,  321,  219,    0,  534,  680,  767,  366,  607,  917,  329,  409,  841,  157,  479,  608,  624,  592,  776,  494,  670,  771,  180,  707,  691,  202,  272,  301,  791,  694,  786,  280,  620,  333,  691,  246,  716,  579,  398,  555,  756,  279,  629,  930,   52,  664,  793,  535,  453,  706,  301,  445,  783,  153,  555,  128,  820,  341,   29,  870,  635,  701,  537,  545,  813,  139,  552,  532,  669,  615,  649,  373,  813,  478,  770,  488,  226,  864,   53],
        [  122,    0,  242,  657,  472,  225,  552,  564,  458,  419,   98,  510,  715,  131,  542,  516,  534,    0,  267,  401,  730,  239,  456,  565,  718,  824,  558,   96,  475,  119,  230,  624,  726,  426,  319,  355,  716,  208,  673,  649,  454,  508,  251,  772,  325,  232,  304,  314,  426,  549,  511,  383,  650,  278,  363,  313,  434,  482,  719,  613,   31,   83,  174,  781,  114,  255,  556,  398,  601,  522,  322,  549,  372,  303,  728,  328,  545,  288,  670,  628,  362,  316,  441,  168,  627,  363,  449,  543,  461,  509,  402,  538],
        [  196,    0,   32,  923,  708,  448,  653,  699,  720,  656,  297,  675,  891,  378,  778,  732,  680,  267,    0,  625,  951,  490,  609,  801,  951, 1089,  642,  359,  740,  165,   90,  883,  974,  683,  508,  523,  982,  101,  857,  861,  691,  749,  464, 1038,  553,   60,  546,  548,  484,  809,  777,  640,  911,  452,  594,  565,  546,  635,  984,  868,  295,  319,  267,  966,  366,  236,  750,  262,  779,  756,  359,  703,  495,  553,  994,  209,  809,  373,  799,  890,  628,   76,  705,  113,  866,  544,  712,  794,  725,  727,  562,  702],
        [  523,    0,  610,  448,  539,  461,  345,  288,  399,  505,  461,  723,  866,  399,  583,  628,  767,  401,  625,    0,  775,  178,  201,  600,  727,  555,  856,  361,  277,  463,  619,  316,  676,  158,  139,  611,  500,  532,  815,  734,  523,  137,  161,  520,  487,  612,  435,   90,  767,  262,  344,  401,  531,  194,  494,  138,  278,  719,  537,  285,  372,  422,  370,  905,  387,  454,  705,  798,  771,  135,  693,  768,  253,  133,  521,  728,  412,  328,  900,  506,  261,  692,  235,  513,  639,  136,  375,  205,  376,  618,  176,  744],
        [  756,    0,  920,  468,  264,  510, 1110, 1062,  376,  315,  661,  333,  214,  600,  200,  220,  366,  730,  951,  775,    0,  675,  967,  179,   72,  594,  517,  642,  520,  844,  873,  634,  181,  629,  840,  444,  476,  929,  188,   98,  282,  734,  777,  549,  406,  895,  430,  730,  601,  605,  460,  390,  322,  852,  368,  655, 1015,  379,  415,  666,  716,  652,  881,  186,  618,  978,  225,  890,  242,  766,  668,  339,  965,  668,  460,  857,  394,  954,  381,  336,  516,  961,  552,  886,  137,  873,  400,  682,  401,  225,  925,  316],
        [  358,    0,  470,  462,  418,  289,  447,  420,  321,  374,  287,  567,  731,  222,  476,  498,  607,  239,  490,  178,  675,    0,  312,  496,  640,  612,  685,  184,  270,  326,  467,  395,  613,  194,  171,  442,  520,  408,  682,  617,  400,  270,  103,  565,  331,  465,  282,   90,  590,  321,  323,  285,  496,  178,  348,   76,  343,  557,  538,  379,  208,  247,  271,  780,  210,  372,  566,  632,  628,  286,  516,  612,  291,   64,  536,  564,  377,  295,  743,  472,  182,  549,  228,  380,  547,  210,  302,  306,  309,  487,  262,  590],
        [  569,    0,  603,  645,  720,  592,  145,  111,  594,  681,  542,  878, 1041,  508,  771,  805,  917,  456,  609,  201,  967,  312,    0,  790,  923,  735,  984,  457,  478,  469,  632,  496,  875,  359,  147,  747,  694,  508,  991,  919,  704,  309,  225,  706,  643,  615,  594,  239,  871,  454,  545,  583,  732,  179,  659,  313,   99,  866,  735,  460,  435,  508,  345, 1086,  490,  388,  876,  830,  939,  289,  776,  923,  119,  301,  716,  761,  613,  242, 1054,  707,  451,  683,  436,  506,  833,  104,  571,  385,  573,  795,   56,  901],
        [  606,    0,  771,  357,   94,  354,  932,  887,  206,  147,  505,  281,  295,  435,   24,  113,  329,  565,  801,  600,  179,  496,  790,    0,  154,  518,  484,  474,  358,  682,  729,  497,  186,  460,  662,  330,  386,  768,  247,  140,  112,  571,  599,  464,  249,  748,  262,  553,  520,  454,  306,  212,  228,  673,  208,  477,  837,  317,  337,  523,  549,  491,  709,  314,  452,  807,  184,  776,  244,  603,  558,  310,  786,  491,  377,  733,  250,  777,  407,  229,  340,  820,  385,  726,   65,  695,  230,  526,  233,  108,  747,  279],
        [  755,    0,  920,  399,  247,  504, 1067, 1015,  330,  300,  656,  370,  280,  588,  177,  230,  409,  718,  951,  727,   72,  640,  923,  154,    0,  522,  564,  627,  464,  834,  876,  569,  110,  577,  802,  460,  406,  921,  248,  139,  265,  678,  742,  477,  399,  897,  415,  689,  632,  544,  402,  358,  253,  817,  359,  613,  977,  414,  344,  602,  702,  643,  861,  258,  605,  960,  259,  910,  290,  710,  688,  382,  929,  628,  389,  872,  334,  926,  440,  269,  473,  967,  499,  878,   94,  832,  353,  622,  351,  232,  883,  356],
        [  923,    0, 1065,  181,  549,  716,  864,  780,  416,  568,  824,  791,  791,  735,  522,  624,  841,  824, 1089,  555,  594,  612,  735,  518,  522,    0,  990,  736,  350,  930, 1048,  241,  415,  426,  689,  786,  135, 1016,  750,  631,  550,  428,  678,   57,  648, 1054,  616,  588,  990,  299,  320,  504,  291,  737,  618,  539,  826,  819,  184,  275,  795,  790,  881,  779,  739,  979,  701, 1171,  760,  446,  984,  824,  807,  555,  142, 1110,  315,  874,  924,  290,  463, 1138,  386,  984,  495,  691,  410,  353,  397,  616,  725,  793],
        [  494,    0,  615,  816,  442,  397, 1099, 1094,  595,  430,  461,  203,  344,  477,  474,  372,  157,  558,  642,  856,  517,  685,  984,  484,  564,  990,    0,  528,  734,  624,  553,  907,  651,  780,  837,  247,  856,  675,  341,  426,  442,  899,  759,  934,  386,  584,  437,  774,  160,  843,  713,  523,  706,  813,  398,  721,  982,  171,  815,  921,  568,  486,  728,  421,  495,  788,  309,  465,  276,  927,  284,  182,  920,  724,  851,  465,  686,  845,  184,  702,  645,  614,  734,  637,  529,  882,  610,  889,  622,  378,  929,  209],
        [  189,    0,  333,  567,  381,  153,  572,  568,  363,  329,  103,  449,  644,   54,  451,  433,  479,   96,  359,  361,  642,  184,  457,  474,  627,  736,  528,    0,  389,  214,  312,  547,  631,  355,  312,  301,  625,  304,  599,  565,  363,  450,  235,  684,  242,  319,  214,  272,  416,  471,  420,  288,  555,  285,  276,  249,  456,  427,  625,  539,   76,   63,  242,  706,   35,  336,  480,  456,  532,  468,  333,  491,  394,  243,  636,  389,  451,  336,  618,  533,  274,  403,  358,  264,  536,  357,  354,  474,  366,  425,  403,  475],
        [  577,    0,  716,  193,  325,  391,  622,  559,  157,  313,  480,  558,  648,  392,  347,  420,  608,  475,  740,  277,  520,  270,  478,  358,  464,  350,  734,  389,    0,  581,  701,  177,  402,  120,  385,  498,  251,  668,  598,  498,  316,  215,  351,  299,  353,  706,  307,  270,  693,  110,   68,  212,  254,  420,  337,  205,  549,  570,  273,  188,  446,  444,  540,  672,  394,  641,  504,  833,  572,  247,  663,  600,  513,  222,  267,  770,  136,  553,  724,  229,  117,  790,   46,  635,  383,  402,  135,  170,  128,  409,  448,  570],
        [  132,    0,  147,  767,  588,  336,  537,  568,  575,  535,  190,  606,  817,  247,  659,  628,  624,  119,  165,  463,  844,  326,  469,  682,  834,  930,  624,  214,  581,    0,  164,  720,  844,  519,  354,  449,  826,   90,  777,  761,  570,  585,  303,  880,  439,  150,  421,  384,  477,  646,  622,  501,  767,  300,  478,  402,  422,  573,  832,  704,  141,  193,  129,  886,  231,  164,  662,  362,  703,  593,  358,  642,  364,  389,  839,  294,  659,  253,  755,  745,  472,  229,  544,   55,  745,  392,  565,  630,  576,  622,  418,  634],
        [  129,    0,   63,  877,  636,  378,  693,  730,  664,  585,  233,  588,  805,  320,  706,  654,  592,  230,   90,  619,  873,  467,  632,  729,  876, 1048,  553,  312,  701,  164,    0,  854,  905,  656,  516,  438,  935,  149,  772,  781,  620,  734,  461,  996,  481,   32,  480,  536,  395,  778,  731,  580,  853,  463,  522,  542,  580,  548,  932,  842,  261,  262,  289,  880,  313,  289,  667,  203,  694,  746,  270,  616,  525,  531,  945,  138,  758,  408,  710,  834,  586,   94,  669,  130,  793,  555,  659,  772,  671,  649,  581,  616],
        [  735,    0,  862,  184,  484,  566,  628,  547,  317,  481,  644,  725,  792,  558,  490,  577,  776,  624,  883,  316,  634,  395,  496,  497,  569,  241,  907,  547,  177,  720,  854,    0,  482,  202,  451,  674,  215,  801,  743,  633,  478,  188,  447,  212,  529,  855,  484,  356,  870,   77,  198,  385,  320,  501,  511,  319,  585,  742,  272,   40,  594,  606,  656,  804,  557,  751,  661,  999,  728,  209,  837,  766,  567,  333,  239,  934,  247,  638,  886,  302,  287,  939,  192,  773,  504,  451,  299,  112,  288,  567,  485,  736],
        [  780,    0,  944,  304,  272,  528, 1020,  960,  293,  321,  677,  451,  388,  600,  205,  291,  494,  726,  974,  676,  181,  613,  875,  186,  110,  415,  651,  631,  402,  844,  905,  482,    0,  520,  765,  515,  303,  933,  353,  237,  286,  609,  713,  372,  426,  923,  428,  649,  702,  467,  335,  346,  162,  788,  385,  574,  938,  491,  239,  517,  706,  658,  855,  366,  614,  956,  342,  961,  385,  641,  743,  470,  894,  590,  285,  916,  266,  906,  542,  183,  436,  998,  442,  892,  126,  791,  313,  547,  307,  289,  840,  442],
        [  541,    0,  662,  296,  410,  404,  503,  441,  254,  386,  456,  622,  739,  374,  445,  504,  670,  426,  683,  158,  629,  194,  359,  460,  577,  426,  780,  355,  120,  519,  656,  202,  520,    0,  273,  535,  351,  600,  688,  597,  397,  121,  253,  383,  396,  656,  344,  163,  716,  130,  187,  278,  373,  315,  391,  118,  432,  627,  384,  187,  396,  416,  457,  771,  370,  554,  586,  810,  653,  152,  666,  667,  400,  132,  371,  743,  255,  451,  796,  348,  138,  740,   79,  573,  492,  286,  230,  121,  229,  493,  331,  639],
        [  438,    0,  497,  569,  587,  445,  277,  258,  475,  544,  400,  733,  901,  361,  642,  668,  771,  319,  508,  139,  840,  171,  147,  662,  802,  689,  837,  312,  385,  354,  516,  451,  765,  273,    0,  600,  624,  411,  852,  786,  569,  275,   78,  651,  499,  504,  451,  117,  726,  392,  449,  452,  633,   59,  517,  191,  175,  720,  655,  423,  295,  365,  244,  950,  344,  319,  735,  707,  797,  271,  635,  777,  130,  175,  643,  637,  512,  189,  908,  608,  331,  579,  340,  399,  710,   46,  454,  342,  458,  657,   94,  756],
        [  335,    0,  492,  606,  254,  155,  869,  857,  374,  221,  262,  158,  372,  247,  312,  231,  180,  355,  523,  611,  444,  442,  747,  330,  460,  786,  247,  301,  498,  449,  438,  674,  515,  535,  600,    0,  653,  521,  335,  349,  246,  654,  522,  729,  146,  464,  194,  529,  204,  606,  487,  292,  521,  581,  169,  475,  754,  128,  624,  684,  356,  273,  527,  444,  267,  606,  229,  450,  258,  681,  229,  195,  694,  479,  653,  413,  473,  634,  318,  510,  402,  523,  494,  478,  392,  644,  385,  647,  398,  230,  693,  186],
        [  808,    0,  957,   60,  414,  590,  832,  756,  287,  435,  707,  657,  665,  618,  389,  490,  707,  716,  982,  500,  476,  520,  694,  386,  406,  135,  856,  625,  251,  826,  935,  215,  303,  351,  624,  653,    0,  915,  622,  504,  416,  390,  599,   80,  518,  944,  488,  513,  857,  240,  205,  376,  161,  665,  486,  454,  777,  685,   65,  255,  688,  674,  791,  659,  624,  892,  568, 1047,  629,  416,  855,  690,  749,  471,   24,  989,  186,  800,  792,  157,  355, 1027,  294,  880,  367,  634,  284,  315,  271,  482,  675,  659],
        [  188,    0,  100,  855,  675,  420,  554,  599,  665,  622,  269,  677,  892,  334,  745,  711,  691,  208,  101,  532,  929,  408,  508,  768,  921, 1016,  675,  304,  668,   90,  149,  801,  933,  600,  411,  521,  915,    0,  853,  843,  657,  659,  371,  966,  524,  121,  508,  458,  521,  729,  710,  591,  856,  354,  563,  483,  446,  642,  921,  784,  231,  278,  167,  963,  319,  142,  740,  347,  778,  664,  397,  711,  395,  469,  928,  286,  749,  273,  818,  834,  560,  176,  630,   44,  832,  445,  655,  708,  666,  705,  462,  706],
        [  669,    0,  826,  600,  279,  449, 1128, 1094,  441,  312,  588,  188,   51,  549,  254,  187,  202,  673,  857,  815,  188,  682,  991,  247,  248,  750,  341,  599,  598,  777,  772,  743,  353,  688,  852,  335,  622,  853,    0,  120,  293,  805,  780,  699,  362,  798,  404,  754,  447,  698,  550,  415,  462,  850,  336,  682, 1023,  233,  567,  769,  667,  591,  840,  110,  569,  927,  120,  754,   80,  837,  536,  174,  966,  693,  610,  732,  496,  932,  194,  468,  557,  855,  619,  810,  256,  890,  464,  767,  470,  198,  943,  162],
        [  667,    0,  830,  484,  200,  425, 1060, 1019,  344,  246,  574,  237,  162,  519,  153,  133,  272,  649,  861,  734,   98,  617,  919,  140,  139,  631,  426,  565,  498,  761,  781,  633,  237,  597,  786,  349,  504,  843,  120,    0,  217,  710,  719,  580,  324,  804,  355,  681,  504,  593,  445,  337,  343,  792,  289,  607,  960,  282,  448,  661,  637,  569,  806,  175,  538,  900,  127,  793,  152,  742,  571,  245,  907,  619,  491,  761,  387,  886,  305,  351,  473,  869,  524,  800,  137,  822,  368,  666,  372,  140,  874,  221],
        [  496,    0,  661,  374,   19,  244,  844,  805,  162,   36,  395,  250,  344,  324,   89,  107,  301,  454,  691,  523,  282,  400,  704,  112,  265,  550,  442,  363,  316,  570,  620,  478,  286,  397,  569,  246,  416,  657,  293,  217,    0,  515,  502,  494,  140,  639,  150,  466,  447,  422,  280,  123,  276,  575,   99,  392,  743,  272,  381,  497,  438,  380,  600,  383,  341,  698,  190,  679,  258,  547,  466,  289,  690,  404,  414,  632,  245,  673,  410,  267,  265,  712,  331,  615,  175,  605,  182,  483,  191,   97,  658,  259],
        [  628,    0,  731,  345,  528,  518,  443,  367,  366,  505,  552,  743,  856,  477,  558,  622,  791,  508,  749,  137,  734,  270,  309,  571,  678,  428,  899,  450,  215,  585,  734,  188,  609,  121,  275,  654,  390,  659,  805,  710,  515,    0,  289,  398,  516,  730,  464,  202,  831,  152,  277,  398,  453,  330,  512,  201,  399,  748,  436,  153,  478,  512,  501,  884,  470,  588,  704,  902,  772,   33,  773,  787,  383,  208,  412,  833,  346,  464,  916,  430,  259,  812,  187,  637,  597,  268,  342,   77,  338,  611,  299,  760],
        [  372,    0,  450,  542,  520,  367,  351,  336,  421,  475,  326,  656,  829,  283,  578,  597,  694,  251,  464,  161,  777,  103,  225,  599,  742,  678,  759,  235,  351,  303,  461,  447,  713,  253,   78,  522,  599,  371,  780,  719,  502,  289,    0,  635,  424,  452,  377,   92,  650,  381,  411,  388,  591,   76,  445,  148,  243,  643,  624,  424,  225,  289,  213,  880,  267,  304,  663,  645,  723,  294,  561,  701,  189,  130,  617,  575,  470,  202,  832,  566,  279,  531,  307,  352,  649,  123,  401,  345,  407,  587,  172,  681],
        [  870,    0, 1014,  125,  493,  660,  839,  757,  359,  512,  770,  736,  742,  681,  468,  569,  786,  772, 1038,  520,  549,  565,  706,  464,  477,   57,  934,  684,  299,  880,  996,  212,  372,  383,  651,  729,   80,  966,  699,  580,  494,  398,  635,    0,  592, 1002,  559,  546,  933,  259,  266,  448,  239,  697,  561,  494,  794,  763,  134,  249,  744,  736,  835,  733,  685,  934,  647, 1115,  707,  420,  928,  769,  772,  510,   90, 1056,  258,  833,  871,  236,  411, 1086,  338,  933,  444,  656,  354,  322,  341,  561,  693,  738],
        [  357,    0,  522,  468,  156,  105,  775,  750,  233,  106,  257,  237,  409,  195,  226,  192,  280,  325,  553,  487,  406,  331,  643,  249,  399,  648,  386,  242,  353,  439,  481,  529,  426,  396,  499,  146,  518,  524,  362,  324,  140,  516,  424,  592,    0,  499,   53,  412,  345,  461,  343,  148,  398,  492,   42,  349,  666,  234,  494,  539,  314,  247,  483,  467,  214,  576,  243,  545,  300,  544,  340,  283,  608,  356,  520,  495,  334,  571,  414,  384,  259,  573,  350,  481,  314,  540,  242,  504,  255,  184,  592,  259],
        [  143,    0,   31,  885,  655,  395,  671,  711,  675,  603,  248,  615,  832,  332,  725,  676,  620,  232,   60,  612,  895,  465,  615,  748,  897, 1054,  584,  319,  706,  150,   32,  855,  923,  656,  504,  464,  944,  121,  798,  804,  639,  730,  452, 1002,  499,    0,  496,  530,  426,  780,  739,  594,  866,  449,  541,  540,  560,  575,  942,  842,  262,  273,  270,  907,  322,  263,  692,  227,  720,  740,  301,  644,  506,  529,  954,  166,  768,  387,  740,  846,  592,   85,  672,  110,  813,  542,  669,  771,  682,  671,  565,  643],
        [  353,    0,  517,  435,  169,  106,  727,  700,  202,  116,  249,  289,  452,  174,  239,  226,  333,  304,  546,  435,  430,  282,  594,  262,  415,  616,  437,  214,  307,  421,  480,  484,  428,  344,  451,  194,  488,  508,  404,  355,  150,  464,  377,  559,   53,  496,    0,  361,  387,  414,  303,  113,  380,  447,   68,  297,  620,  287,  470,  492,  288,  231,  453,  506,  191,  549,  286,  563,  346,  492,  369,  334,  563,  304,  492,  509,  303,  533,  466,  363,  209,  573,  301,  466,  325,  491,  206,  454,  220,  217,  544,  310],
        [  436,    0,  531,  457,  482,  378,  380,  341,  361,  443,  372,  649,  804,  311,  534,  567,  691,  314,  548,   90,  730,   90,  239,  553,  689,  588,  774,  272,  270,  384,  536,  356,  649,  163,  117,  529,  513,  458,  754,  681,  466,  202,   92,  546,  412,  530,  361,    0,  680,  290,  333,  345,  517,  152,  425,   77,  289,  642,  541,  333,  285,  333,  303,  848,  298,  396,  640,  711,  704,  210,  604,  694,  247,   63,  532,  642,  396,  288,  826,  492,  217,  612,  225,  436,  598,  143,  339,  253,  343,  557,  195,  671],
        [  346,    0,  456,  809,  453,  314,  976,  981,  576,  423,  331,  269,  465,  370,  504,  411,  246,  426,  484,  767,  601,  590,  871,  520,  632,  990,  160,  416,  693,  477,  395,  870,  702,  716,  726,  204,  857,  521,  447,  504,  447,  831,  650,  933,  345,  426,  387,  680,    0,  799,  687,  492,  723,  695,  372,  639,  858,  222,  826,  877,  441,  363,  589,  544,  385,  640,  377,  315,  371,  855,  126,  274,  796,  638,  857,  308,  676,  711,  331,  713,  590,  455,  684,  485,  577,  772,  586,  833,  599,  413,  816,  289],
        [  659,    0,  787,  193,  430,  493,  592,  518,  261,  421,  568,  666,  748,  482,  445,  525,  716,  549,  809,  262,  605,  321,  454,  454,  544,  299,  843,  471,  110,  646,  778,   77,  467,  130,  392,  606,  240,  729,  698,  593,  422,  152,  381,  259,  461,  780,  414,  290,  799,    0,  149,  321,  307,  439,  446,  247,  538,  679,  285,   79,  519,  530,  586,  766,  481,  683,  609,  923,  677,  181,  763,  708,  514,  261,  262,  858,  211,  576,  831,  285,  213,  864,  118,  700,  470,  398,  241,   82,  232,  514,  436,  678],
        [  605,    0,  752,  147,  287,  398,  689,  626,  120,  285,  505,  528,  600,  416,  297,  379,  579,  511,  777,  344,  460,  323,  545,  306,  402,  320,  713,  420,   68,  622,  731,  198,  335,  187,  449,  487,  205,  710,  550,  445,  280,  277,  411,  266,  343,  739,  303,  333,  687,  149,    0,  196,  188,  482,  320,  264,  615,  546,  216,  220,  483,  471,  592,  618,  420,  694,  464,  851,  531,  309,  669,  569,  578,  281,  218,  791,   70,  612,  688,  162,  151,  822,  111,  675,  324,  468,  103,  223,   92,  369,  515,  538],
        [  452,    0,  612,  323,  138,  216,  724,  683,   89,  108,  347,  349,  466,  263,  191,  229,  398,  383,  640,  401,  390,  285,  583,  212,  358,  504,  523,  288,  212,  501,  580,  385,  346,  278,  452,  292,  376,  591,  415,  337,  123,  398,  388,  448,  148,  594,  113,  345,  492,  321,  196,    0,  274,  462,  126,  271,  626,  359,  359,  399,  362,  322,  510,  505,  274,  611,  308,  674,  376,  429,  481,  392,  575,  283,  380,  619,  191,  569,  519,  255,  143,  673,  218,  551,  264,  486,   95,  373,  108,  218,  539,  363],
        [  725,    0,  883,  146,  271,  486,  876,  811,  193,  302,  621,  505,  505,  535,  234,  336,  555,  650,  911,  531,  322,  496,  732,  228,  253,  291,  706,  555,  254,  767,  853,  320,  162,  373,  633,  521,  161,  856,  462,  343,  276,  453,  591,  239,  398,  866,  380,  517,  723,  307,  188,  274,    0,  663,  361,  445,  801,  536,  110,  356,  626,  594,  756,  502,  545,  859,  411,  941,  470,  484,  737,  536,  763,  462,  150,  889,  122,  790,  633,   26,  315,  946,  298,  818,  207,  654,  203,  388,  193,  329,  702,  505],
        [  392,    0,  442,  609,  593,  428,  288,  288,  496,  547,  365,  721,  899,  337,  652,  669,  756,  278,  452,  194,  852,  178,  179,  673,  817,  737,  813,  285,  420,  300,  463,  501,  788,  315,   59,  581,  665,  354,  850,  792,  575,  330,   76,  697,  492,  449,  447,  152,  695,  439,  482,  462,  663,    0,  515,  219,  174,  705,  692,  474,  256,  332,  187,  951,  318,  261,  733,  657,  792,  327,  597,  765,  117,  202,  684,  587,  542,  137,  895,  638,  353,  524,  375,  343,  724,   93,  476,  393,  482,  659,  124,  746],
        [  398,    0,  563,  438,  115,  146,  794,  765,  205,   64,  298,  232,  385,  232,  185,  159,  279,  363,  594,  494,  368,  348,  659,  208,  359,  618,  398,  276,  337,  478,  522,  511,  385,  391,  517,  169,  486,  563,  336,  289,   99,  512,  445,  561,   42,  541,   68,  425,  372,  446,  320,  126,  361,  515,    0,  357,  687,  237,  460,  524,  350,  286,  517,  438,  250,  612,  219,  584,  281,  542,  376,  277,  631,  366,  487,  536,  304,  600,  407,  348,  254,  614,  339,  520,  272,  557,  217,  494,  229,  150,  610,  251],
        [  430,    0,  545,  396,  408,  329,  456,  413,  285,  371,  352,  586,  733,  278,  458,  495,  629,  313,  565,  138,  655,   76,  313,  477,  613,  539,  721,  249,  205,  402,  542,  319,  574,  118,  191,  475,  454,  483,  682,  607,  392,  201,  148,  494,  349,  540,  297,   77,  639,  247,  264,  271,  445,  219,  357,    0,  365,  582,  477,  303,  282,  312,  342,  775,  270,  441,  570,  703,  635,  220,  574,  631,  320,   18,  471,  635,  324,  349,  763,  420,  141,  624,  161,  455,  522,  219,  263,  231,  268,  485,  271,  606],
        [  536,    0,  545,  725,  761,  601,  119,  156,  649,  717,  527,  895, 1071,  509,  817,  840,  930,  434,  546,  278, 1015,  343,   99,  837,  977,  826,  982,  456,  549,  422,  580,  585,  938,  432,  175,  754,  777,  446, 1023,  960,  743,  399,  243,  794,  666,  560,  620,  289,  858,  538,  615,  626,  801,  174,  687,  365,    0,  878,  814,  551,  418,  498,  294, 1122,  490,  315,  905,  782,  965,  382,  754,  939,   62,  349,  798,  714,  680,  174, 1068,  776,  505,  622,  505,  451,  885,  148,  627,  473,  631,  830,  102,  920],
        [  455,    0,  604,  645,  271,  278,  992,  975,  427,  262,  388,   47,  260,  374,  305,  204,   52,  482,  635,  719,  379,  557,  866,  317,  414,  819,  171,  427,  570,  573,  548,  742,  491,  627,  720,  128,  685,  642,  233,  282,  272,  748,  643,  763,  234,  575,  287,  642,  222,  679,  546,  359,  536,  705,  237,  582,  878,    0,  645,  757,  484,  401,  655,  337,  394,  732,  156,  523,  154,  777,  304,   70,  818,  588,  680,  500,  516,  761,  191,  531,  489,  626,  575,  600,  367,  763,  444,  730,  455,  209,  814,   71],
        [  804,    0,  957,   92,  377,  575,  876,  803,  271,  404,  701,  614,  609,  613,  343,  445,  664,  719,  984,  537,  415,  538,  735,  337,  344,  184,  815,  625,  273,  832,  932,  272,  239,  384,  655,  624,   65,  921,  567,  448,  381,  436,  624,  134,  494,  942,  470,  541,  826,  285,  216,  359,  110,  692,  460,  477,  814,  645,    0,  311,  692,  671,  807,  599,  620,  909,  520, 1033,  578,  464,  834,  645,  783,  494,   46,  977,  175,  825,  742,  115,  364, 1024,  318,  885,  312,  669,  274,  364,  261,  438,  712,  614],
        [  726,    0,  848,  222,  505,  569,  591,  509,  336,  498,  638,  743,  818,  554,  516,  599,  793,  613,  868,  285,  666,  379,  460,  523,  602,  275,  921,  539,  188,  704,  842,   40,  517,  187,  423,  684,  255,  784,  769,  661,  497,  153,  424,  249,  539,  842,  492,  333,  877,   79,  220,  399,  356,  474,  524,  303,  551,  757,  311,    0,  582,  600,  635,  833,  551,  728,  683,  993,  751,  172,  839,  785,  535,  316,  278,  927,  275,  611,  906,  336,  289,  926,  194,  758,  534,  420,  316,   81,  307,  588,  451,  755],
        [  151,    0,  271,  630,  456,  218,  536,  544,  434,  403,  110,  509,  711,  119,  526,  505,  535,   31,  295,  372,  716,  208,  435,  549,  702,  795,  568,   76,  446,  141,  261,  594,  706,  396,  295,  356,  688,  231,  667,  637,  438,  478,  225,  744,  314,  262,  288,  285,  441,  519,  483,  362,  626,  256,  350,  282,  418,  484,  692,  582,    0,   84,  174,  775,  100,  263,  549,  427,  597,  492,  342,  550,  356,  272,  700,  358,  519,  280,  673,  604,  334,  346,  412,  193,  611,  340,  424,  512,  436,  498,  380,  536],
        [  135,    0,  290,  617,  397,  144,  616,  618,  403,  344,   41,  428,  633,   60,  468,  436,  453,   83,  319,  422,  652,  247,  508,  491,  643,  790,  486,   63,  444,  193,  262,  606,  658,  416,  365,  273,  674,  278,  591,  569,  380,  512,  289,  736,  247,  273,  231,  333,  363,  530,  471,  322,  594,  332,  286,  312,  498,  401,  671,  600,   84,    0,  254,  699,   51,  337,  474,  394,  519,  530,  273,  468,  436,  306,  684,  329,  496,  363,  590,  574,  328,  354,  416,  236,  554,  410,  397,  536,  410,  430,  453,  456],
        [  250,    0,  259,  732,  618,  391,  409,  442,  569,  567,  270,  682,  883,  292,  686,  675,  706,  174,  267,  370,  881,  271,  345,  709,  861,  881,  728,  242,  540,  129,  289,  656,  855,  457,  244,  527,  791,  167,  840,  806,  600,  501,  213,  835,  483,  270,  453,  303,  589,  586,  592,  510,  756,  187,  517,  342,  294,  655,  807,  635,  174,  254,    0,  947,  272,  103,  721,  489,  770,  504,  475,  722,  237,  326,  807,  421,  640,  126,  843,  732,  444,  340,  499,  162,  769,  278,  554,  556,  564,  666,  296,  709],
        [  778,    0,  935,  646,  367,  557, 1225, 1188,  518,  407,  697,  294,   80,  656,  327,  283,  301,  781,  966,  905,  186,  780, 1086,  314,  258,  779,  421,  706,  672,  886,  880,  804,  366,  771,  950,  444,  659,  963,  110,  175,  383,  884,  880,  733,  467,  907,  506,  848,  544,  766,  618,  505,  502,  951,  438,  775, 1122,  337,  599,  833,  775,  699,  947,    0,  676, 1036,  226,  855,  187,  916,  639,  273, 1067,  787,  644,  836,  558, 1037,  249,  513,  645,  962,  698,  920,  301,  987,  542,  839,  546,  293, 1040,  267],
        [  185,    0,  339,  566,  359,  120,  606,  601,  354,  306,   88,  416,  613,   21,  429,  406,  445,  114,  366,  387,  618,  210,  490,  452,  605,  739,  495,   35,  394,  231,  313,  557,  614,  370,  344,  267,  624,  319,  569,  538,  341,  470,  267,  685,  214,  322,  191,  298,  385,  481,  420,  274,  545,  318,  250,  270,  490,  394,  620,  551,  100,   51,  272,  676,    0,  363,  450,  443,  500,  489,  307,  458,  428,  265,  633,  378,  446,  369,  584,  525,  277,  404,  366,  278,  514,  389,  347,  490,  360,  398,  436,  442],
        [  295,    0,  241,  834,  716,  479,  418,  470,  672,  664,  344,  762,  969,  382,  785,  768,  783,  255,  236,  454,  978,  372,  388,  807,  960,  979,  788,  336,  641,  164,  289,  751,  956,  554,  319,  606,  892,  142,  927,  900,  698,  588,  304,  934,  576,  263,  549,  396,  640,  683,  694,  611,  859,  261,  612,  441,  315,  732,  909,  728,  263,  337,  103, 1036,  363,    0,  810,  489,  855,  588,  520,  800,  270,  425,  908,  427,  743,  147,  916,  835,  547,  312,  599,  164,  868,  343,  657,  648,  667,  760,  348,  790],
        [  558,    0,  719,  537,  180,  331, 1012,  981,  348,  202,  473,  112,  167,  430,  180,   85,  153,  556,  750,  705,  225,  566,  876,  184,  259,  701,  309,  480,  504,  662,  667,  661,  342,  586,  735,  229,  568,  740,  120,  127,  190,  704,  663,  647,  243,  692,  286,  640,  377,  609,  464,  308,  411,  733,  219,  570,  905,  156,  520,  683,  549,  474,  721,  226,  450,  810,    0,  668,   69,  736,  446,  129,  849,  580,  560,  638,  419,  813,  227,  411,  451,  752,  520,  697,  221,  775,  370,  672,  378,   95,  827,  100],
