{
    "name": "random-66-15388",
    "comment": "size=66 seed=15388",
    "nodes": ["+0", "-0", "+1", "-1", "+2", "-2", "+3", "-3", "+4", "-4", "+5", "-5", "+6", "-6", "+7", "-7", "+8", "-8", "+9", "-9", "+10", "-10", "+11", "-11", "+12", "-12", "+13", "-13", "+14", "-14", "+15", "-15", "+16", "-16", "+17", "-17", "+18", "-18", "+19", "-19", "+20", "-20", "+21", "-21", "+22", "-22", "+23", "-23", "+24", "-24", "+25", "-25", "+26", "-26", "+27", "-27", "+28", "-28", "+29", "-29", "+30", "-30", "+31", "-31", "+32", "-32", "+33", "-33", "+34", "-34", "+35", "-35", "+36", "-36", "+37", "-37", "+38", "-38", "+39", "-39", "+40", "-40", "+41", "-41", "+42", "-42", "+43", "-43", "+44", "-44", "+45", "-45", "+46", "-46", "+47", "-47", "+48", "-48", "+49", "-49", "+50", "-50", "+51", "-51", "+52", "-52", "+53", "-53", "+54", "-54", "+55", "-55", "+56", "-56", "+57", "-57", "+58", "-58", "+59", "-59", "+60", "-60", "+61", "-61", "+62", "-62", "+63", "-63", "+64", "-64", "+65", "-65", "+66", "-66"],
    "precedence": {
        "+0": "-0",
        "+1": "-1",
        "+2": "-2",
        "+3": "-3",
        "+4": "-4",
        "+5": "-5",
        "+6": "-6",
        "+7": "-7",
        "+8": "-8",
        "+9": "-9",
        "+10": "-10",
        "+11": "-11",
        "+12": "-12",
        "+13": "-13",
        "+14": "-14",
        "+15": "-15",
        "+16": "-16",
        "+17": "-17",
        "+18": "-18",
        "+19": "-19",
        "+20": "-20",
        "+21": "-21",
        "+22": "-22",
        "+23": "-23",
        "+24": "-24",
        "+25": "-25",
        "+26": "-26",
        "+27": "-27",
        "+28": "-28",
        "+29": "-29",
        "+30": "-30",
        "+31": "-31",
        "+32": "-32",
        "+33": "-33",
        "+34": "-34",
        "+35": "-35",
        "+36": "-36",
        "+37": "-37",
        "+38": "-38",
        "+39": "-39",
        "+40": "-40",
        "+41": "-41",
        "+42": "-42",
        "+43": "-43",
        "+44": "-44",
        "+45": "-45",
        "+46": "-46",
        "+47": "-47",
        "+48": "-48",
        "+49": "-49",
        "+50": "-50",
        "+51": "-51",
        "+52": "-52",
        "+53": "-53",
        "+54": "-54",
        "+55": "-55",
        "+56": "-56",
        "+57": "-57",
        "+58": "-58",
        "+59": "-59",
        "+60": "-60",
        "+61": "-61",
        "+62": "-62",
        "+63": "-63",
        "+64": "-64",
        "+65": "-65",
        "+66": "-66"
    },
    "edges": [
        [    0,    0,  941,  176,  224,  667,  697,  384,  464,  566,  121,  764,  229, 1035,  416,  519,  208,  296,  352, 1038, 1063,  774,  640,  633,  896,  584,  942,  619,  556,   78, 1024,  166,   89,  496,  548,  129,  504,  857,  809,  923,  326,  637,  567, 1144,  668,  512,  398,  759,  673,  681, 1036, 1098,  817,  281,  181,  630,  100,  510,  662,  476,  459,  714,   76,  529,  615,  512,  393,  476,  496,  704,  799,  996,  818,  786,  761,  635,  504,  540,  210,  949,  604,  946,  921,  937,  659,  478,  283,  192,  998,  771,  947,  866,  500,  743,  716,  704,  681,  775,  748,  770,  545,  798,  472,  356,  919,  418,  276,  469,  702,  848,  706,  486, 1124,  723,  834,  796,  483,  771,  512,  947, 1182,  689,  356,  199,  203,  536,  536,   81,  869,  825,   75,  797,  210,  782],
        [    0,    0,    0,    0,    0,    0,    0,    0,    0,    0,    0,    0,    0,    0,    0,    0,    0,    0,    0,    0,    0,    0,    0,    0,    0,    0,    0,    0,    0,    0,    0,    0,    0,    0,    0,    0,    0,    0,    0,    0,    0,    0,    0,    0,    0,    0,    0,    0,    0,    0,    0,    0,    0,    0,    0,    0,    0,    0,    0,    0,    0,    0,    0,    0,    0,    0,    0,    0,    0,    0,    0,    0,    0,    0,    0,    0,    0,    0,    0,    0,    0,    0,    0,    0,    0,    0,    0,    0,    0,    0,    0,    0,    0,    0,    0,    0,    0,    0,    0,    0,    0,    0,    0,    0,    0,    0,    0,    0,    0,    0,    0,    0,    0,    0,    0,    0,    0,    0,    0,    0,    0,    0,    0,    0,    0,    0,    0,    0,    0,    0,    0,    0,    0,    0],
        [  941,    0,    0,  821,  863,  599,  384,  694,  515,  468,  873,  404,  773,  179,  645,  423,  836,  658,  595,  172,  221,  463,  734,  473,  299,  530,  412,  332,  759, 1004,  169,  778,  974,  712,  502,  835,  559,  464,  204,  422,  713,  556,  625,  204,  602,  443,  631,  197,  555,  547,  303,  159,  740,  714,  794,  724,  856,  434,  614,  511,  701,  315, 1011,  457,  780,  543,  564,  771,  553,  324,  581,  300,  493,  181,  469,  309,  479,  668,  785,  189,  623,  271,  523,   20,  358,  732,  790,  790,  328,  240,  107,   76,  460,  357,  667,  280,  542,  729,  729,  248,  581,  281,  471,  696,  578,  712,  670,  706,  706,  691,  478,  661,  185,  638,  303,  180,  691,  607,  430,   28,  246,  513,  683,  862,  844,  666,  561,  860,  598,  261,  902,  233,  864,  415],
        [  176,    0,  821,    0,  320,  492,  641,  403,  405,  407,   61,  717,   56,  895,  416,  407,  288,  167,  278,  899,  919,  604,  676,  596,  827,  414,  776,  490,  385,  205,  885,   99,  258,  321,  384,  190,  481,  687,  718,  876,  345,  625,  392, 1021,  493,  380,  230,  630,  661,  507,  882,  974,  842,  287,  218,  456,   84,  390,  486,  325,  488,  564,  248,  464,  445,  346,  327,  529,  468,  554,  790,  840,  790,  684,  728,  513,  441,  560,  251,  859,  428,  792,  893,  815,  589,  518,  110,   33,  840,  629,  812,  748,  421,  585,  731,  616,  666,  600,  573,  626,  536,  723,  356,  182,  903,  448,  217,  294,  527,  860,  537,  310, 1006,  547,  766,  662,  508,  595,  397,  823, 1054,  666,  364,   62,  288,  360,  518,  127,  694,  675,  203,  652,   74,  737],
        [  224,    0,  863,  320,    0,  747,  552,  198,  349,  590,  296,  605,  348,  988,  243,  464,   38,  328,  288,  988, 1022,  813,  424,  471,  753,  638,  961,  577,  686,  295,  977,  235,  175,  612,  584,  131,  342,  894,  697,  756,  156,  452,  655, 1064,  749,  491,  468,  707,  486,  745, 1020, 1021,  602,  151,  115,  746,  247,  469,  746,  494,  255,  703,  242,  411,  748,  561,  305,  257,  339,  694,  604,  983,  638,  690,  587,  580,  386,  337,   97,  829,  691,  931,  737,  863,  533,  266,  423,  312,  992,  743,  893,  788,  403,  751,  509,  595,  496,  883,  858,  745,  365,  666,  431,  454,  727,  216,  232,  582,  809,  639,  750,  583, 1035,  812,  693,  749,  279,  849,  463,  874, 1108,  510,  189,  372,   34,  636,  364,  203,  939,  809,  149,  770,  385,  619],
        [  667,    0,  599,  492,  747,    0,  686,  706,  560,  211,  551,  763,  439,  570,  683,  418,  709,  420,  501,  580,  575,  165,  927,  710,  781,  126,  336,  372,  190,  690,  565,  530,  744,  193,  192,  638,  673,  230,  631,  885,  674,  787,  101,  750,    4,  343,  281,  428,  813,   53,  492,  705, 1040,  628,  633,  130,  570,  389,   16,  281,  775,  290,  739,  568,  188,  195,  523,  845,  658,  284,  920,  451,  869,  571,  811,  408,  564,  808,  652,  738,   66,  420,  954,  582,  615,  815,  393,  477,  437,  361,  529,  552,  517,  243,  928,  577,  809,  165,  150,  353,  734,  689,  401,  312,  990,  752,  525,  211,  113, 1025,  123,  183,  758,   70,  738,  425,  784,  105,  406,  584,  759,  792,  668,  488,  713,  140,  705,  605,  203,  348,  679,  366,  481,  785],
        [  697,    0,  384,  641,  552,  686,    0,  358,  238,  480,  674,   82,  612,  554,  310,  288,  535,  486,  364,  549,  596,  630,  350,   94,  203,  569,  683,  317,  770,  772,  543,  561,  700,  697,  507,  572,  211,  679,  182,  236,  397,  172,  653,  560,  690,  361,  547,  337,  174,  648,  647,  526,  385,  423,  522,  775,  638,  318,  697,  447,  339,  441,  754,  177,  816,  528,  315,  400,  213,  441,  241,  626,  183,  213,  126,  283,  200,  291,  500,  287,  672,  580,  275,  394,   72,  362,  662,  609,  649,  417,  461,  327,  224,  513,  293,  131,  162,  849,  836,  425,  210,  121,  329,  598,  305,  360,  432,  676,  796,  353,  601,  640,  522,  750,  142,  376,  323,  749,  301,  406,  612,  135,  364,  698,  543,  674,  197,  624,  791,  490,  638,  438,  705,  105],
        [  384,    0,  694,  403,  198,  706,  358,    0,  190,  514,  408,  408,  404,  835,   50,  339,  189,  318,  205,  834,  872,  733,  274,  275,  559,  584,  857,  448,  697,  461,  824,  304,  361,  617,  520,  257,  147,  807,  514,  559,   60,  258,  629,  890,  709,  390,  452,  561,  293,  690,  887,  850,  442,  117,  207,  739,  360,  354,  709,  427,   86,  589,  424,  239,  756,  511,  188,  143,  147,  582,  416,  854,  443,  516,  390,  441,  218,  160,  175,  641,  661,  802,  543,  697,  347,  120,  477,  379,  868,  612,  738,  622,  250,  648,  336,  418,  302,  860,  838,  616,  168,  475,  325,  466,  537,   49,  206,  588,  790,  467,  677,  573,  858,  775,  499,  605,  106,  800,  343,  709,  937,  314,   42,  464,  196,  624,  167,  328,  877,  685,  313,  639,  476,  422],
        [  464,    0,  515,  405,  349,  560,  238,  190,    0,  355,  436,  312,  380,  648,  147,  157,  324,  258,  128,  648,  685,  561,  367,  195,  433,  435,  673,  262,  594,  537,  637,  324,  476,  514,  369,  341,  114,  631,  353,  472,  199,  245,  499,  716,  564,  222,  350,  372,  278,  536,  698,  673,  493,  203,  294,  619,  401,  179,  566,  283,  230,  404,  524,   66,  647,  372,   79,  306,   98,  398,  403,  666,  389,  342,  326,  252,   41,  249,  278,  490,  527,  613,  492,  516,  196,  270,  437,  374,  679,  423,  552,  441,   61,  467,  378,  249,  279,  722,  703,  427,  176,  335,  160,  388,  506,  222,  195,  489,  657,  492,  511,  462,  687,  629,  371,  416,  233,  646,  164,  528,  760,  272,  171,  464,  332,  507,  148,  388,  713,  497,  409,  451,  472,  333],
        [  566,    0,  468,  407,  590,  211,  480,  514,  355,    0,  466,  558,  352,  501,  486,  208,  553,  276,  316,  507,  521,  225,  720,  500,  593,   89,  379,  174,  308,  610,  492,  406,  627,  249,   35,  501,  466,  305,  447,  689,  491,  577,  179,  651,  214,  134,  182,  273,  603,  182,  476,  604,  830,  454,  483,  298,  468,  180,  219,   96,  577,  166,  641,  358,  344,   76,  328,  650,  451,  156,  711,  434,  663,  392,  604,  211,  356,  603,  494,  571,  193,  387,  751,  455,  409,  618,  343,  381,  434,  240,  430,  405,  309,  179,  718,  378,  599,  375,  359,  235,  526,  495,  196,  244,  785,  558,  358,  239,  317,  815,  164,  195,  647,  278,  545,  289,  584,  291,  197,  461,  675,  582,  480,  430,  559,  210,  498,  491,  363,  272,  556,  259,  428,  581],
        [  121,    0,  873,   61,  296,  551,  674,  408,  436,  466,    0,  748,  117,  952,  428,  455,  268,  216,  312,  956,  977,  665,  679,  622,  865,  475,  837,  544,  436,  144,  942,  114,  207,  376,  445,  169,  502,  748,  762,  907,  349,  644,  451, 1075,  552,  434,  290,  684,  680,  567,  941, 1028,  850,  293,  208,  510,   50,  440,  545,  383,  491,  623,  189,  498,  495,  406,  359,  525,  491,  612,  809,  900,  815,  731,  754,  565,  474,  567,  242,  904,  487,  852,  919,  867,  626,  518,  163,   87,  900,  686,  868,  799,  460,  645,  742,  658,  686,  655,  628,  684,  553,  762,  405,  242,  924,  450,  243,  350,  582,  872,  598,  368, 1058,  605,  803,  717,  513,  654,  446,  876, 1108,  689,  372,   82,  267,  417,  537,   94,  753,  734,  162,  710,   94,  767],
        [  764,    0,  404,  717,  605,  763,   82,  408,  312,  558,  748,    0,  690,  580,  363,  369,  592,  564,  439,  574,  623,  698,  342,  135,  160,  647,  738,  392,  851,  840,  570,  634,  761,  778,  586,  637,  265,  742,  204,  160,  454,  178,  733,  560,  766,  442,  629,  393,  164,  723,  686,  530,  339,  486,  586,  855,  710,  399,  773,  528,  374,  508,  818,  255,  896,  608,  390,  425,  271,  509,  183,  670,  109,  252,   66,  357,  277,  311,  562,  271,  751,  626,  194,  417,  151,  390,  742,  685,  694,  476,  493,  358,  304,  580,  264,  193,  149,  925,  913,  484,  246,  124,  410,  679,  228,  401,  505,  757,  873,  297,  673,  721,  517,  826,  113,  428,  355,  821,  382,  429,  614,  122,  420,  775,  600,  755,  242,  693,  859,  546,  702,  495,  783,   23],
        [  229,    0,  773,   56,  348,  439,  612,  404,  380,  352,  117,  690,    0,  842,  411,  365,  313,  128,  254,  847,  866,  549,  675,  574,  793,  359,  721,  442,  343,  260,  833,  114,  307,  274,  329,  221,  466,  632,  678,  848,  349,  610,  339,  972,  440,  331,  174,  580,  645,  453,  827,  925,  836,  290,  238,  410,  132,  345,  434,  272,  489,  511,  302,  436,  404,  290,  303,  537,  452,  500,  775,  786,  768,  642,  705,  467,  414,  556,  268,  819,  376,  738,  871,  766,  556,  522,   76,   40,  785,  576,  761,  701,  389,  530,  724,  578,  649,  553,  526,  574,  523,  688,  313,  128,  883,  451,  205,  246,  479,  850,  482,  258,  958,  496,  732,  611,  508,  543,  354,  774, 1004,  647,  364,   91,  315,  310,  503,  170,  641,  621,  246,  600,   96,  711],
        [ 1035,    0,  179,  895,  988,  570,  554,  835,  648,  501,  952,  580,  842,    0,  788,  527,  958,  740,  706,   13,   43,  411,  903,  639,  476,  539,  297,  418,  752, 1090,   12,  869, 1079,  722,  531,  941,  710,  381,  378,  598,  845,  724,  624,  191,  573,  523,  681,  281,  727,  519,  143,  155,  918,  837,  906,  700,  942,  529,  586,  570,  854,  336, 1108,  598,  758,  575,  683,  926,  702,  346,  759,  159,  671,  342,  645,  409,  617,  829,  903,  360,  611,  160,  699,  164,  517,  887,  843,  865,  187,  267,   97,  228,  589,  342,  841,  437,  714,  670,  676,  269,  740,  457,  568,  744,  755,  859,  777,  723,  665,  869,  450,  679,  216,  592,  481,  241,  846,  547,  531,  152,  190,  686,  818,  926,  965,  669,  717,  955,  510,  234, 1006,  244,  926,  592],
        [  416,    0,  645,  416,  243,  683,  310,   50,  147,  486,  428,  363,  411,  788,    0,  301,  230,  313,  188,  787,  826,  700,  268,  229,  511,  559,  818,  408,  687,  493,  777,  319,  401,  606,  494,  288,   99,  773,  465,  516,   93,  222,  610,  841,  686,  358,  439,  516,  257,  664,  843,  801,  427,  138,  236,  724,  383,  319,  687,  402,   93,  550,  461,  191,  745,  489,  160,  165,   98,  543,  385,  811,  404,  467,  349,  398,  172,  146,  207,  592,  642,  759,  506,  649,  298,  133,  481,  390,  826,  569,  692,  574,  207,  611,  316,  369,  266,  840,  819,  574,  130,  426,  292,  460,  504,   76,  207,  578,  771,  445,  647,  560,  809,  752,  452,  560,  105,  774,  306,  661,  889,  274,   60,  478,  238,  609,  123,  355,  848,  643,  348,  597,  489,  378],
        [  519,    0,  423,  407,  464,  418,  288,  339,  157,  208,  455,  369,  365,  527,  301,    0,  433,  241,  180,  529,  560,  405,  516,  294,  440,  294,  519,  114,  484,  583,  516,  357,  555,  409,  228,  417,  263,  475,  315,  515,  333,  370,  371,  626,  421,   77,  265,  246,  396,  388,  557,  580,  623,  314,  380,  493,  434,   31,  426,  159,  387,  251,  590,  151,  531,  243,  162,  462,  249,  244,  508,  522,  468,  278,  406,  119,  150,  402,  377,  455,  394,  470,  562,  419,  219,  427,  398,  375,  533,  280,  434,  347,  103,  311,  510,  218,  393,  582,  566,  282,  321,  335,   52,  321,  590,  376,  251,  389,  522,  610,  357,  353,  606,  486,  382,  287,  390,  496,   14,  428,  664,  377,  311,  455,  440,  389,  292,  438,  559,  350,  483,  308,  459,  392],
        [  208,    0,  836,  288,   38,  709,  535,  189,  324,  553,  268,  592,  313,  958,  230,  433,    0,  290,  255,  959,  991,  777,  433,  458,  737,  601,  925,  545,  650,  282,  946,  200,  173,  575,  547,  100,  327,  858,  675,  746,  139,  446,  617, 1038,  712,  457,  430,  677,  481,  708,  987,  995,  610,  123,   78,  709,  219,  436,  708,  457,  256,  669,  237,  387,  712,  524,  275,  269,  323,  660,  602,  950,  631,  665,  578,  549,  363,  338,   60,  809,  654,  898,  732,  836,  512,  272,  388,  278,  958,  710,  863,  761,  376,  716,  513,  572,  490,  846,  821,  712,  356,  647,  398,  418,  724,  215,  196,  546,  772,  644,  713,  546, 1010,  774,  676,  718,  280,  812,  431,  847, 1081,  502,  173,  342,    8,  599,  353,  176,  901,  776,  133,  738,  355,  607],
        [  296,    0,  658,  167,  328,  420,  486,  318,  258,  276,  216,  564,  128,  740,  313,  241,  290,    0,  136,  744,  768,  495,  580,  452,  665,  313,  654,  329,  381,  351,  730,  132,  352,  301,  264,  227,  352,  577,  552,  722,  273,  495,  329,  859,  422,  219,  142,  469,  530,  419,  741,  812,  732,  219,  215,  429,  202,  224,  419,  183,  400,  418,  371,  310,  441,  236,  182,  459,  338,  408,  658,  701,  645,  518,  583,  349,  289,  458,  233,  694,  365,  651,  748,  652,  429,  438,  180,  134,  704,  476,  655,  583,  263,  451,  617,  451,  532,  560,  536,  475,  413,  561,  190,  148,  763,  367,  114,  272,  487,  740,  429,  262,  842,  485,  605,  503,  416,  522,  231,  661,  893,  528,  277,  217,  295,  316,  390,  218,  613,  530,  280,  502,  223,  586],
        [  352,    0,  595,  278,  288,  501,  364,  205,  128,  316,  312,  439,  254,  706,  188,  180,  255,  136,    0,  708,  739,  539,  452,  321,  554,  380,  677,  291,  499,  421,  695,  201,  379,  419,  318,  240,  217,  617,  458,  598,  176,  360,  424,  799,  504,  204,  252,  425,  395,  487,  732,  754,  598,  142,  201,  537,  279,  181,  504,  225,  279,  416,  419,  187,  557,  307,   50,  346,  203,  407,  524,  696,  515,  435,  452,  298,  164,  328,  198,  599,  457,  643,  618,  593,  315,  319,  314,  247,  705,  456,  613,  520,  150,  466,  483,  353,  398,  655,  634,  457,  278,  452,  143,  277,  631,  252,   77,  391,  586,  605,  479,  372,  776,  570,  492,  466,  292,  597,  177,  603,  839,  395,  167,  337,  262,  422,  255,  273,  677,  522,  308,  483,  345,  460],
        [ 1038,    0,  172,  899,  988,  580,  549,  834,  648,  507,  956,  574,  847,   13,  787,  529,  959,  744,  708,    0,   51,  422,  899,  635,  467,  546,  309,  421,  761, 1094,   16,  872, 1081,  730,  538,  944,  708,  392,  372,  589,  845,  720,  632,  179,  583,  526,  687,  283,  722,  529,  155,  143,  911,  838,  908,  709,  946,  532,  595,  575,  851,  342, 1111,  596,  768,  581,  684,  924,  700,  352,  752,  171,  664,  338,  639,  411,  616,  826,  904,  350,  620,  171,  691,  157,  514,  885,  849,  870,  199,  272,   96,  223,  589,  350,  835,  434,  709,  681,  687,  275,  737,  451,  571,  750,  746,  857,  779,  730,  675,  862,  459,  686,  204,  602,  474,  243,  844,  558,  533,  146,  180,  681,  818,  931,  966,  678,  714,  958,  522,  241, 1008,  249,  931,  586],
        [ 1063,    0,  221,  919, 1022,  575,  596,  872,  685,  521,  977,  623,  866,   43,  826,  560,  991,  768,  739,   51,    0,  413,  945,  680,  518,  552,  283,  449,  760, 1117,   54,  897, 1109,  734,  550,  972,  749,  374,  420,  639,  881,  766,  634,  208,  577,  551,  702,  315,  769,  525,  116,  180,  960,  871,  938,  704,  969,  560,  590,  594,  893,  357, 1136,  636,  763,  593,  717,  966,  741,  367,  801,  141,  714,  384,  688,  442,  654,  870,  936,  401,  619,  156,  741,  206,  558,  927,  863,  890,  168,  292,  137,  270,  625,  355,  883,  478,  756,  665,  673,  294,  780,  499,  599,  764,  797,  897,  808,  736,  665,  912,  457,  693,  240,  592,  523,  273,  886,  544,  563,  195,  196,  728,  855,  948,  998,  680,  757,  983,  500,  250, 1036,  267,  948,  635],
        [  774,    0,  463,  604,  813,  165,  630,  733,  561,  225,  665,  698,  549,  411,  700,  405,  777,  495,  539,  422,  413,    0,  917,  674,  685,  191,  179,  321,  353,  808,  407,  620,  842,  344,  232,  721,  668,   84,  536,  799,  713,  759,  242,  595,  167,  344,  376,  321,  780,  118,  328,  553, 1006,  678,  705,  292,  675,  383,  180,  320,  789,  191,  848,  550,  351,  262,  546,  864,  653,  190,  870,  286,  807,  475,  754,  349,  554,  806,  717,  622,  218,  257,  880,  444,  562,  830,  519,  583,  273,  241,  381,  429,  508,  121,  900,  506,  772,  267,  269,  231,  723,  605,  409,  425,  923,  774,  582,  354,  254,  981,   68,  316,  608,  182,  652,  304,  794,  144,  398,  444,  601,  751,  700,  613,  782,  288,  694,  703,  161,  203,  772,  235,  609,  719],
        [  640,    0,  734,  676,  424,  927,  350,  274,  367,  720,  679,  342,  675,  903,  268,  516,  433,  580,  452,  899,  945,  917,    0,  267,  496,  802, 1006,  601,  949,  715,  892,  577,  598,  869,  735,  520,  255,  981,  530,  436,  332,  180,  864,  901,  930,  587,  702,  668,  181,  901,  991,  870,  179,  390,  473,  981,  630,  542,  933,  649,  189,  744,  666,  368, 1006,  738,  415,  169,  270,  740,  228,  967,  303,  562,  287,  578,  366,  124,  439,  612,  893,  918,  374,  744,  392,  163,  747,  653,  987,  740,  810,  676,  413,  813,  106,  471,  195, 1089, 1070,  747,  195,  459,  526,  727,  343,  229,  474,  842, 1023,  222,  873,  820,  859,  996,  455,  710,  168, 1011,  526,  756,  954,  223,  313,  738,  439,  868,  224,  595, 1074,  816,  566,  765,  749,  341],
        [  633,    0,  473,  596,  471,  710,   94,  275,  195,  500,  622,  135,  574,  639,  229,  294,  458,  452,  321,  635,  680,  674,  267,    0,  286,  587,  746,  354,  772,  709,  627,  509,  627,  694,  522,  505,  131,  730,  273,  291,  319,   90,  664,  653,  713,  370,  536,  403,  106,  676,  724,  617,  334,  353,  454,  787,  583,  325,  718,  449,  247,  491,  685,  151,  822,  536,  272,  307,  138,  488,  215,  701,  195,  297,  133,  325,  166,  198,  429,  379,  688,  652,  298,  482,  126,  269,  631,  565,  721,  478,  544,  412,  205,  562,  227,  205,  100,  874,  858,  486,  118,  214,  324,  579,  312,  271,  381,  671,  815,  316,  637,  640,  615,  776,  229,  445,  231,  782,  307,  494,  704,   84,  286,  656,  466,  679,  109,  563,  833,  554,  569,  502,  664,  150],
        [  896,    0,  299,  827,  753,  781,  203,  559,  433,  593,  865,  160,  793,  476,  511,  440,  737,  665,  554,  467,  518,  685,  496,  286,    0,  678,  686,  420,  899,  970,  466,  754,  902,  833,  625,  772,  412,  713,  151,  124,  599,  338,  771,  418,  785,  501,  702,  365,  321,  735,  599,  396,  460,  625,  722,  888,  832,  467,  794,  588,  531,  500,  955,  369,  936,  656,  508,  585,  415,  503,  302,  592,  211,  212,  210,  383,  394,  471,  702,  126,  783,  556,  224,  316,  240,  549,  835,  795,  619,  446,  401,  279,  406,  565,  408,  223,  306,  935,  928,  456,  402,  106,  489,  760,  280,  556,  626,  817,  894,  404,  675,  777,  373,  837,   63,  387,  513,  821,  453,  326,  473,  280,  565,  881,  745,  801,  394,  821,  840,  504,  839,  458,  888,  157],
        [  584,    0,  530,  414,  638,  126,  569,  584,  435,   89,  475,  647,  359,  539,  559,  294,  601,  313,  380,  546,  552,  191,  802,  587,  678,    0,  365,  260,  230,  618,  531,  434,  654,  185,   67,  537,  548,  274,  530,  776,  555,  663,   97,  703,  129,  219,  186,  343,  690,  108,  490,  656,  916,  512,  527,  211,  485,  265,  132,  157,  651,  216,  658,  444,  260,   78,  399,  723,  532,  207,  799,  448,  751,  473,  692,  297,  440,  683,  542,  648,  106,  406,  839,  516,  498,  692,  331,  393,  442,  293,  479,  474,  393,  198,  803,  465,  686,  289,  272,  286,  609,  581,  276,  236,  873,  629,  411,  185,  229,  903,  124,  141,  703,  195,  631,  351,  660,  217,  282,  520,  721,  670,  547,  424,  606,  136,  580,  515,  301,  306,  585,  306,  420,  669],
        [  942,    0,  412,  776,  961,  336,  683,  857,  673,  379,  837,  738,  721,  297,  818,  519,  925,  654,  677,  309,  283,  179, 1006,  746,  686,  365,    0,  413,  525,  981,  297,  784, 1006,  522,  395,  879,  768,  108,  548,  808,  846,  834,  420,  487,  338,  473,  547,  347,  849,  295,  175,  452, 1068,  818,  858,  457,  843,  504,  350,  473,  902,  269, 1017,  646,  514,  431,  674,  978,  756,  276,  920,  142,  844,  491,  801,  430,  656,  905,  866,  596,  394,  145,  901,  392,  623,  941,  696,  753,  118,  268,  309,  408,  614,  211,  971,  552,  839,  392,  403,  260,  817,  627,  537,  600,  950,  893,  730,  533,  404, 1033,  244,  495,  511,  332,  667,  311,  902,  278,  515,  386,  479,  815,  828,  789,  931,  466,  789,  868,  219,  194,  934,  245,  785,  757],
        [  619,    0,  332,  490,  577,  372,  317,  448,  262,  174,  544,  392,  442,  418,  408,  114,  545,  329,  291,  421,  449,  321,  601,  354,  420,  260,  413,    0,  480,  678,  408,  454,  661,  417,  206,  524,  357,  381,  275,  516,  445,  439,  352,  532,  376,  111,  306,  141,  460,  332,  444,  485,  686,  427,  490,  471,  529,  112,  383,  185,  490,  145,  691,  236,  518,  239,  275,  566,  344,  140,  555,  409,  498,  223,  442,   38,  244,  495,  488,  404,  366,  357,  582,  325,  247,  529,  460,  459,  421,  167,  329,  260,  202,  213,  580,  206,  453,  534,  522,  169,  408,  321,  151,  369,  619,  483,  359,  403,  484,  664,  285,  361,  517,  435,  371,  178,  490,  433,  115,  333,  565,  432,  423,  531,  552,  382,  380,  538,  480,  237,  588,  194,  533,  414],
        [  556,    0,  759,  385,  686,  190,  770,  697,  594,  308,  436,  851,  343,  752,  687,  484,  650,  381,  499,  761,  760,  353,  949,  772,  899,  230,  525,  480,    0,  561,  746,  453,  642,   81,  275,  562,  704,  419,  754,  990,  653,  836,  135,  925,  189,  410,  248,  573,  868,  237,  681,  879, 1086,  598,  573,   82,  469,  453,  176,  325,  776,  444,  622,  621,   62,  245,  535,  839,  689,  436,  987,  639,  951,  699,  889,  517,  610,  826,  599,  877,  141,  606, 1045,  744,  701,  815,  276,  382,  626,  521,  701,  704,  567,  414,  971,  681,  866,  225,  197,  513,  767,  799,  448,  236, 1073,  746,  495,  110,  157, 1083,  303,  133,  928,  207,  849,  580,  791,  266,  470,  748,  939,  854,  656,  361,  652,   99,  741,  511,  365,  522,  587,  531,  351,  874],
        [   78,    0, 1004,  205,  295,  690,  772,  461,  537,  610,  144,  840,  260, 1090,  493,  583,  282,  351,  421, 1094, 1117,  808,  715,  709,  970,  618,  981,  678,  561,    0, 1080,  227,  134,  509,  588,  206,  581,  891,  879,  999,  403,  714,  590, 1207,  691,  569,  434,  819,  750,  709, 1084, 1160,  892,  358,  258,  639,  149,  571,  683,  525,  535,  764,   75,  602,  618,  550,  464,  550,  572,  753,  876, 1043,  895,  854,  837,  696,  577,  617,  287, 1020,  625,  994,  998,  999,  732,  554,  297,  229, 1043,  825, 1005,  929,  571,  788,  793,  774,  758,  784,  757,  824,  622,  870,  533,  384,  996,  494,  346,  484,  713,  924,  741,  507, 1188,  741,  908,  853,  559,  792,  575, 1008, 1242,  766,  433,  204,  277,  554,  613,  150,  893,  875,  150,  850,  212,  858],
        [ 1024,    0,  169,  885,  977,  565,  543,  824,  637,  492,  942,  570,  833,   12,  777,  516,  946,  730,  695,   16,   54,  407,  892,  627,  466,  531,  297,  408,  746, 1080,    0,  859, 1068,  715,  523,  930,  699,  378,  367,  589,  834,  713,  617,  192,  568,  512,  672,  270,  716,  514,  147,  155,  907,  826,  895,  694,  932,  519,  580,  561,  842,  327, 1097,  586,  753,  566,  672,  915,  691,  337,  749,  160,  661,  331,  635,  398,  606,  818,  892,  351,  605,  158,  690,  153,  506,  876,  834,  855,  189,  257,   86,  217,  578,  335,  830,  425,  703,  667,  672,  260,  729,  446,  557,  735,  745,  847,  766,  715,  660,  859,  444,  671,  215,  588,  471,  230,  835,  544,  520,  142,  195,  675,  807,  916,  954,  662,  706,  944,  509,  226,  995,  235,  916,  582],
        [  166,    0,  778,   99,  235,  530,  561,  304,  324,  406,  114,  634,  114,  869,  319,  357,  200,  132,  201,  872,  897,  620,  577,  509,  754,  434,  784,  454,  453,  227,  859,    0,  222,  380,  390,  111,  389,  703,  656,  794,  246,  532,  433,  981,  532,  347,  250,  594,  568,  536,  872,  935,  744,  188,  124,  515,   80,  345,  527,  314,  389,  549,  240,  387,  514,  359,  247,  431,  378,  539,  698,  832,  702,  628,  641,  471,  362,  462,  156,  797,  470,  782,  806,  774,  515,  419,  190,   80,  835,  606,  782,  703,  350,  582,  634,  551,  574,  655,  630,  605,  441,  652,  308,  225,  812,  349,  130,  351,  582,  764,  554,  356,  962,  591,  692,  630,  410,  634,  349,  783, 1018,  576,  266,  161,  201,  409,  425,   87,  729,  661,  152,  632,  172,  654],
        [   89,    0,  974,  258,  175,  744,  700,  361,  476,  627,  207,  761,  307, 1079,  401,  555,  173,  352,  379, 1081, 1109,  842,  598,  627,  902,  654, 1006,  661,  642,  134, 1068,  222,    0,  578,  612,  139,  496,  925,  828,  916,  309,  619,  645, 1177,  745,  559,  469,  800,  653,  754, 1090, 1132,  776,  278,  183,  713,  176,  550,  739,  535,  427,  767,   69,  541,  701,  580,  413,  431,  490,  757,  775, 1051,  803,  811,  750,  673,  516,  509,  201,  965,  682, 1000,  904,  971,  670,  440,  366,  268, 1055,  820,  988,  898,  520,  803,  682,  723,  663,  857,  831,  820,  529,  807,  511,  433,  897,  387,  305,  551,  784,  813,  775,  564, 1153,  802,  840,  839,  451,  848,  550,  982, 1217,  674,  342,  286,  166,  616,  524,  140,  945,  878,   74,  846,  298,  777],
        [  496,    0,  712,  321,  612,  193,  697,  617,  514,  249,  376,  778,  274,  722,  606,  409,  575,  301,  419,  730,  734,  344,  869,  694,  833,  185,  522,  417,   81,  509,  715,  380,  578,    0,  215,  490,  624,  418,  691,  920,  573,  757,  103,  887,  193,  338,  167,  520,  789,  228,  665,  841, 1007,  519,  497,  136,  403,  379,  183,  251,  696,  400,  564,  544,  140,  178,  455,  759,  609,  391,  909,  622,  876,  638,  814,  453,  532,  746,  523,  818,  130,  584,  971,  699,  628,  735,  214,  313,  613,  477,  663,  652,  490,  381,  891,  613,  788,  280,  253,  470,  687,  732,  372,  158,  998,  665,  415,   30,  206, 1004,  284,   57,  887,  235,  781,  532,  710,  289,  396,  703,  905,  777,  576,  305,  578,   56,  661,  443,  390,  489,  519,  491,  297,  801],
        [  548,    0,  502,  384,  584,  192,  507,  520,  369,   35,  445,  586,  329,  531,  494,  228,  547,  264,  318,  538,  550,  232,  735,  522,  625,   67,  395,  206,  275,  588,  523,  390,  612,  215,    0,  490,  481,  314,  480,  719,  493,  597,  148,  684,  196,  153,  157,  307,  624,  171,  501,  637,  850,  453,  475,  269,  449,  198,  199,   94,  586,  197,  623,  378,  313,   44,  335,  658,  466,  187,  734,  459,  689,  425,  629,  243,  373,  616,  488,  604,  167,  413,  779,  489,  436,  627,  315,  360,  457,  272,  462,  439,  326,  203,  737,  409,  620,  355,  338,  267,  542,  526,  209,  216,  811,  565,  354,  205,  294,  838,  167,  161,  680,  261,  576,  323,  594,  281,  216,  494,  707,  605,  484,  404,  552,  177,  514,  474,  360,  301,  542,  290,  402,  608],
        [  129,    0,  835,  190,  131,  638,  572,  257,  341,  501,  169,  637,  221,  941,  288,  417,  100,  227,  240,  944,  972,  721,  520,  505,  772,  537,  879,  524,  562,  206,  930,  111,  139,  490,  490,    0,  376,  803,  692,  795,  199,  509,  542, 1039,  640,  424,  358,  662,  544,  642,  956,  994,  695,  153,   52,  626,  119,  412,  635,  406,  335,  634,  184,  407,  623,  461,  276,  361,  368,  624,  671,  918,  689,  673,  632,  535,  382,  415,   83,  830,  579,  866,  792,  833,  537,  358,  294,  183,  923,  684,  850,  759,  383,  673,  591,  587,  553,  766,  740,  684,  417,  675,  374,  335,  791,  294,  166,  461,  692,  723,  655,  466, 1015,  700,  710,  701,  359,  742,  412,  843, 1079,  560,  228,  242,  100,  519,  407,   77,  835,  744,   69,  711,  255,  655],
        [  504,    0,  559,  481,  342,  673,  211,  147,  114,  466,  502,  265,  466,  710,   99,  263,  327,  352,  217,  708,  749,  668,  255,  131,  412,  548,  768,  357,  704,  581,  699,  389,  496,  624,  481,  376,    0,  734,  372,  421,  189,  145,  612,  751,  676,  333,  459,  447,  181,  647,  776,  712,  384,  224,  324,  731,  460,  289,  679,  396,  144,  501,  554,  122,  759,  485,  173,  218,   16,  496,  310,  747,  315,  379,  257,  339,  114,  139,  298,  495,  640,  696,  419,  564,  205,  179,  530,  452,  764,  509,  613,  489,  161,  568,  268,  280,  185,  835,  816,  514,   64,  329,  272,  492,  423,  154,  264,  598,  770,  388,  620,  573,  717,  742,  353,  491,  138,  757,  272,  576,  800,  188,  155,  542,  335,  619,   39,  437,  822,  585,  439,  536,  552,  281],
        [  857,    0,  464,  687,  894,  230,  679,  807,  631,  305,  748,  742,  632,  381,  773,  475,  858,  577,  617,  392,  374,   84,  981,  730,  713,  274,  108,  381,  419,  891,  378,  703,  925,  418,  314,  803,  734,    0,  566,  831,  790,  817,  318,  570,  231,  418,  459,  353,  836,  192,  275,  531, 1060,  757,  787,  349,  758,  455,  244,  401,  861,  240,  931,  615,  407,  346,  621,  936,  721,  243,  919,  237,  850,  506,  801,  405,  621,  873,  798,  637,  290,  222,  917,  444,  613,  901,  601,  666,  218,  269,  370,  443,  575,  169,  957,  550,  827,  291,  301,  260,  788,  641,  483,  508,  963,  848,  663,  431,  298, 1031,  151,  395,  589,  226,  685,  326,  864,  173,  468,  442,  569,  805,  775,  695,  863,  363,  759,  786,  135,  211,  855,  256,  690,  762],
        [  809,    0,  204,  718,  697,  631,  182,  514,  353,  447,  762,  204,  678,  378,  465,  315,  675,  552,  458,  372,  420,  536,  530,  273,  151,  530,  548,  275,  754,  879,  367,  656,  828,  691,  480,  692,  372,  566,    0,  265,  543,  353,  625,  382,  634,  366,  570,  216,  351,  584,  483,  345,  543,  555,  646,  740,  735,  338,  644,  452,  510,  349,  874,  288,  789,  513,  417,  576,  369,  352,  386,  468,  302,   62,  269,  239,  313,  470,  630,  142,  634,  427,  353,  216,  168,  538,  712,  685,  493,  298,  289,  154,  310,  416,  464,  106,  338,  785,  777,  307,  385,   82,  366,  630,  403,  525,  534,  677,  744,  498,  525,  635,  346,  686,  120,  241,  497,  671,  326,  228,  432,  310,  510,  768,  683,  656,  367,  730,  692,  360,  760,  312,  773,  218],
        [  923,    0,  422,  876,  756,  885,  236,  559,  472,  689,  907,  160,  848,  598,  516,  515,  746,  722,  598,  589,  639,  799,  436,  291,  124,  776,  808,  516,  990,  999,  589,  794,  916,  920,  719,  795,  421,  831,  265,    0,  608,  309,  867,  525,  889,  583,  778,  480,  282,  841,  723,  508,  363,  643,  744,  986,  870,  544,  897,  671,  514,  611,  974,  413, 1031,  746,  550,  554,  428,  614,  216,  716,  134,  326,  170,  479,  435,  442,  719,  241,  881,  680,  104,  440,  297,  523,  898,  844,  743,  563,  525,  402,  460,  679,  337,  311,  269, 1043, 1034,  572,  392,  197,  560,  831,  161,  546,  665,  901,  998,  301,  785,  863,  477,  944,  149,  505,  493,  932,  528,  450,  580,  249,  575,  934,  753,  893,  393,  852,  956,  624,  859,  576,  941,  141],
        [  326,    0,  713,  345,  156,  674,  397,   60,  199,  491,  349,  454,  349,  845,   93,  333,  139,  273,  176,  845,  881,  713,  332,  319,  599,  555,  846,  445,  653,  403,  834,  246,  309,  573,  493,  199,  189,  790,  543,  608,    0,  313,  592,  913,  677,  375,  411,  567,  348,  662,  888,  871,  501,   60,  148,  699,  301,  343,  676,  400,  143,  581,  369,  258,  713,  480,  173,  189,  185,  573,  473,  854,  496,  538,  441,  443,  234,  219,  117,  674,  627,  801,  597,  715,  377,  174,  423,  323,  865,  611,  749,  639,  257,  636,  395,  442,  357,  825,  802,  614,  221,  510,  310,  420,  594,  103,  159,  544,  753,  526,  655,  532,  883,  742,  539,  610,  165,  771,  334,  726,  958,  366,   34,  407,  147,  585,  215,  269,  853,  682,  256,  639,  418,  469],
        [  637,    0,  556,  625,  452,  787,  172,  258,  245,  577,  644,  178,  610,  724,  222,  370,  446,  495,  360,  720,  766,  759,  180,   90,  338,  663,  834,  439,  836,  714,  713,  532,  619,  757,  597,  509,  145,  817,  353,  309,  313,    0,  735,  728,  790,  445,  594,  492,   37,  756,  813,  695,  254,  358,  457,  857,  600,  399,  795,  519,  205,  578,  681,  220,  889,  607,  314,  249,  158,  575,  166,  790,  186,  383,  140,  412,  227,  135,  428,  445,  761,  741,  286,  566,  215,  215,  673,  596,  810,  567,  631,  497,  272,  649,  142,  293,   45,  951,  934,  575,   93,  285,  392,  632,  283,  239,  408,  732,  890,  248,  719,  704,  688,  855,  289,  534,  184,  863,  381,  578,  780,   61,  281,  686,  453,  747,  107,  575,  918,  643,  568,  591,  696,  184],
        [  567,    0,  625,  392,  655,  101,  653,  629,  499,  179,  451,  733,  339,  624,  610,  371,  617,  329,  424,  632,  634,  242,  864,  664,  771,   97,  420,  352,  135,  590,  617,  433,  645,  103,  148,  542,  612,  318,  625,  867,  592,  735,    0,  793,  102,  295,  188,  439,  765,  127,  563,  747,  988,  543,  540,  123,  470,  340,   95,  218,  702,  310,  639,  517,  166,  129,  452,  770,  596,  302,  878,  520,  836,  568,  775,  389,  509,  742,  561,  744,   38,  483,  926,  611,  583,  742,  293,  377,  510,  387,  569,  570,  464,  283,  874,  556,  762,  233,  210,  380,  674,  673,  344,  212,  958,  676,  439,  114,  162,  979,  182,   83,  796,  159,  723,  446,  713,  204,  358,  614,  809,  747,  589,  388,  621,   47,  646,  506,  303,  392,  581,  398,  382,  756],
        [ 1144,    0,  204, 1021, 1064,  750,  560,  890,  716,  651, 1075,  560,  972,  191,  841,  626, 1038,  859,  799,  179,  208,  595,  901,  653,  418,  703,  487,  532,  925, 1207,  192,  981, 1177,  887,  684, 1039,  751,  570,  382,  525,  913,  728,  793,    0,  752,  642,  824,  392,  721,  698,  324,   48,  878,  916,  998,  878, 1058,  637,  765,  706,  891,  489, 1215,  655,  937,  727,  767,  957,  747,  499,  720,  347,  628,  376,  620,  511,  679,  850,  988,  294,  785,  349,  628,  208,  547,  919,  984,  990,  375,  413,  225,  280,  662,  512,  822,  473,  706,  858,  863,  418,  766,  444,  674,  888,  685,  905,  874,  884,  849,  821,  628,  840,   49,  777,  448,  365,  879,  734,  633,  199,   56,  678,  882, 1060, 1046,  837,  748, 1064,  701,  404, 1106,  397, 1061,  564],
        [  668,    0,  602,  493,  749,    4,  690,  709,  564,  214,  552,  766,  440,  573,  686,  421,  712,  422,  504,  583,  577,  167,  930,  713,  785,  129,  338,  376,  189,  691,  568,  532,  745,  193,  196,  640,  676,  231,  634,  889,  677,  790,  102,  752,    0,  346,  283,  431,  817,   56,  494,  708, 1043,  631,  635,  127,  571,  392,   14,  284,  778,  294,  740,  572,  186,  198,  526,  848,  661,  288,  923,  452,  873,  575,  814,  412,  568,  811,  654,  741,   66,  422,  957,  585,  619,  818,  394,  478,  439,  365,  532,  556,  521,  246,  931,  580,  812,  161,  147,  356,  737,  692,  404,  313,  993,  755,  527,  211,  110, 1029,  126,  184,  760,   67,  742,  428,  787,  103,  410,  587,  762,  795,  671,  489,  716,  140,  709,  607,  202,  351,  681,  369,  482,  789],
        [  512,    0,  443,  380,  491,  343,  361,  390,  222,  134,  434,  442,  331,  523,  358,   77,  457,  219,  204,  526,  551,  344,  587,  370,  501,  219,  473,  111,  410,  569,  512,  347,  559,  338,  153,  424,  333,  418,  366,  583,  375,  445,  295,  642,  346,    0,  204,  251,  472,  315,  533,  595,  698,  346,  395,  417,  421,   46,  350,   88,  447,  213,  586,  226,  456,  168,  204,  522,  318,  204,  584,  495,  542,  321,  481,  137,  222,  470,  398,  502,  318,  444,  635,  435,  291,  488,  352,  349,  503,  261,  436,  370,  175,  263,  585,  278,  468,  507,  490,  261,  393,  397,   66,  265,  665,  431,  264,  319,  446,  686,  291,  281,  627,  411,  446,  285,  453,  425,   64,  444,  675,  453,  358,  420,  463,  314,  364,  432,  492,  322,  486,  288,  423,  464],
