{
    "name": "random-53-3672",
    "comment": "size=53 seed=3672",
    "nodes": ["+0", "-0", "+1", "-1", "+2", "-2", "+3", "-3", "+4", "-4", "+5", "-5", "+6", "-6", "+7", "-7", "+8", "-8", "+9", "-9", "+10", "-10", "+11", "-11", "+12", "-12", "+13", "-13", "+14", "-14", "+15", "-15", "+16", "-16", "+17", "-17", "+18", "-18", "+19", "-19", "+20", "-20", "+21", "-21", "+22", "-22", "+23", "-23", "+24", "-24", "+25", "-25", "+26", "-26", "+27", "-27", "+28", "-28", "+29", "-29", "+30", "-30", "+31", "-31", "+32", "-32", "+33", "-33", "+34", "-34", "+35", "-35", "+36", "-36", "+37", "-37", "+38", "-38", "+39", "-39", "+40", "-40", "+41", "-41", "+42", "-42", "+43", "-43", "+44", "-44", "+45", "-45", "+46", "-46", "+47", "-47", "+48", "-48", "+49", "-49", "+50", "-50", "+51", "-51", "+52", "-52", "+53", "-53"],
    "precedence": {
        "+0": "-0",
        "+1": "-1",
        "+2": "-2",
        "+3": "-3",
        "+4": "-4",
        "+5": "-5",
        "+6": "-6",
        "+7": "-7",
        "+8": "-8",
        "+9": "-9",
        "+10": "-10",
        "+11": "-11",
        "+12": "-12",
        "+13": "-13",
        "+14": "-14",
        "+15": "-15",
        "+16": "-16",
        "+17": "-17",
        "+18": "-18",
        "+19": "-19",
        "+20": "-20",
        "+21": "-21",
        "+22": "-22",
        "+23": "-23",
        "+24": "-24",
        "+25": "-25",
        "+26": "-26",
        "+27": "-27",
        "+28": "-28",
        "+29": "-29",
        "+30": "-30",
        "+31": "-31",
        "+32": "-32",
        "+33": "-33",
        "+34": "-34",
        "+35": "-35",
        "+36": "-36",
        "+37": "-37",
        "+38": "-38",
        "+39": "-39",
        "+40": "-40",
        "+41": "-41",
        "+42": "-42",
        "+43": "-43",
        "+44": "-44",
        "+45": "-45",
        "+46": "-46",
        "+47": "-47",
        "+48": "-48",
        "+49": "-49",
        "+50": "-50",
        "+51": "-51",
        "+52": "-52",
        "+53": "-53"
    },
    "edges": [
        [    0,    0,  263,  137,  354,  874,  347,  271,  239,  172,  577,  579,  260,  494,  117,  610,  302,  198,  734,  821,  692,  705,  290,  536,  590,  327,  701,  242,  791,  668,  554,  653,  820,  159,  646,  271,  881,  563,  649,  286,  380,  784,  485,  513,  291,  447,  289,   76,  597,  762,  763,  554,  339,  666,  380,  285,   94,  490,   23,  518,  768,  595,  494,   30,  775,  641,  785,  797,  628,  933,  237,  672,  448,  536,  367,  238,  944,  737,   98,  651,  706,  472,  414,  818,  448,  376,  154,  645,  258,  623,  316,  111,  244,  296,  857,  825,  673,  279,  420,  882,  684, 1042,  304,  204,  486,  678,  193,  705],
        [    0,    0,    0,    0,    0,    0,    0,    0,    0,    0,    0,    0,    0,    0,    0,    0,    0,    0,    0,    0,    0,    0,    0,    0,    0,    0,    0,    0,    0,    0,    0,    0,    0,    0,    0,    0,    0,    0,    0,    0,    0,    0,    0,    0,    0,    0,    0,    0,    0,    0,    0,    0,    0,    0,    0,    0,    0,    0,    0,    0,    0,    0,    0,    0,    0,    0,    0,    0,    0,    0,    0,    0,    0,    0,    0,    0,    0,    0,    0,    0,    0,    0,    0,    0,    0,    0,    0,    0,    0,    0,    0,    0,    0,    0,    0,    0,    0,    0,    0,    0,    0,    0,    0,    0,    0,    0,    0,    0],
        [  263,    0,    0,  174,  407,  611,  226,   25,  207,  317,  357,  320,  347,  236,  153,  512,  494,  336,  515,  560,  624,  443,  145,  408,  348,  564,  520,  375,  534,  417,  297,  448,  567,  130,  385,  512,  619,  518,  559,  302,  385,  602,  426,  300,  213,  185,  435,  190,  408,  601,  508,  323,  282,  465,  299,  358,  325,  230,  269,  341,  507,  487,  435,  234,  535,  395,  569,  587,  400,  689,  385,  424,  261,  283,  425,   86,  691,  488,  166,  395,  488,  391,  221,  557,  411,  270,  416,  581,  358,  364,  283,  325,   69,  391,  595,  580,  505,  328,  255,  621,  425,  787,  281,  398,  263,  493,  222,  494],
        [  137,    0,  174,    0,  435,  767,  344,  192,  265,  145,  526,  488,  194,  383,  111,  631,  321,  166,  685,  712,  730,  596,  155,  540,  521,  394,  678,  349,  703,  545,  440,  613,  738,  145,  551,  345,  776,  609,  675,  344,  278,  648,  521,  466,  303,  344,  268,  105,  461,  627,  679,  424,  213,  629,  251,  370,  228,  382,  130,  494,  658,  466,  374,  113,  646,  567,  738,  662,  572,  862,  216,  597,  313,  455,  451,  116,  862,  660,   86,  566,  657,  497,  376,  707,  334,  383,  282,  684,  352,  509,  354,  158,  128,  238,  752,  698,  657,  352,  283,  772,  594,  957,  185,  331,  356,  652,  241,  570],
        [  354,    0,  407,  435,    0,  896,  243,  391,  200,  525,  481,  593,  609,  594,  326,  326,  643,  551,  599,  860,  368,  755,  531,  310,  541,  625,  504,  137,  759,  780,  652,  506,  766,  306,  659,  569,  897,  238,  349,  105,  712, 1008,  193,  425,  210,  534,  643,  334,  814, 1007,  722,  717,  640,  510,  672,   70,  292,  582,  377,  370,  817,  880,  804,  354,  908,  592,  635,  984,  531,  834,  591,  621,  667,  535,   19,  459,  876,  679,  349,  632,  572,  214,  347,  864,  767,  222,  389,  324,  102,  706,  142,  461,  451,  647,  874,  945,  464,   84,  658,  917,  674,  978,  619,  223,  664,  493,  199,  893],
        [  874,    0,  611,  767,  896,    0,  656,  605,  741,  891,  435,  310,  877,  384,  762,  745, 1060,  901,  412,   60,  856,  171,  636,  656,  360, 1156,  550,  934,  171,  265,  330,  468,  205,  730,  240, 1110,   18,  838,  781,  810,  824,  543,  777,  477,  702,  427,  980,  800,  498,  606,  206,  401,  724,  481,  697,  882,  930,  386,  879,  551,  113,  696,  763,  844,  281,  314,  431,  433,  397,  307,  943,  291,  536,  365,  912,  652,  232,  256,  776,  266,  420,  731,  550,   73,  784,  675, 1026,  839,  901,  262,  758,  924,  640,  911,   23,  249,  582,  848,  578,   36,  224,  266,  758,  984,  456,  532,  785,  424],
        [  347,    0,  226,  344,  243,  656,    0,  203,  115,  479,  261,  351,  537,  361,  248,  291,  641,  503,  406,  618,  399,  513,  370,  197,  307,  673,  355,  289,  527,  543,  415,  317,  540,  204,  418,  615,  658,  294,  337,  155,  601,  796,  202,  198,   61,  301,  606,  282,  607,  806,  492,  494,  504,  328,  524,  228,  349,  347,  365,  176,  575,  709,  660,  328,  672,  360,  452,  760,  314,  627,  552,  391,  472,  293,  260,  305,  657,  453,  278,  395,  377,  165,  107,  622,  634,   44,  464,  355,  251,  466,  103,  450,  290,  581,  635,  706,  327,  195,  474,  676,  436,  759,  497,  357,  450,  334,  169,  672],
        [  271,    0,   25,  192,  391,  605,  203,    0,  191,  336,  336,  309,  370,  235,  157,  487,  512,  355,  494,  555,  600,  439,  169,  383,  330,  578,  497,  366,  522,  420,  297,  426,  554,  127,  376,  526,  613,  495,  534,  286,  409,  618,  403,  278,  192,  181,  456,  196,  424,  619,  495,  333,  307,  443,  323,  344,  327,  228,  279,  317,  503,  509,  458,  242,  540,  379,  548,  598,  381,  673,  405,  408,  279,  269,  409,  110,  678,  473,  174,  382,  467,  367,  197,  553,  435,  246,  422,  557,  346,  363,  263,  340,   93,  413,  588,  585,  481,  314,  276,  616,  414,  775,  306,  394,  275,  470,  211,  506],
        [  239,    0,  207,  265,  200,  741,  115,  191,    0,  386,  371,  432,  455,  406,  156,  375,  539,  412,  520,  698,  467,  587,  336,  297,  407,  562,  468,  194,  625,  594,  466,  432,  643,  121,  501,  504,  745,  345,  416,   96,  538,  808,  258,  306,   55,  346,  513,  183,  614,  807,  591,  520,  455,  442,  483,  156,  234,  395,  259,  290,  650,  685,  617,  223,  719,  461,  567,  787,  424,  737,  459,  492,  468,  377,  219,  264,  763,  555,  186,  487,  491,  238,  207,  699,  584,  138,  349,  420,  165,  526,   89,  346,  254,  498,  721,  760,  438,  124,  459,  758,  526,  864,  439,  250,  465,  448,   54,  696],
        [  172,    0,  317,  145,  525,  891,  479,  336,  386,    0,  670,  626,   93,  509,  233,  760,  177,   27,  829,  834,  851,  721,  257,  675,  664,  267,  820,  412,  840,  653,  561,  758,  877,  276,  686,  228,  902,  725,  802,  449,  227,  694,  642,  610,  432,  478,  128,  205,  523,  658,  817,  522,  227,  774,  272,  456,  255,  511,  150,  636,  780,  471,  355,  172,  740,  709,  883,  729,  716, 1004,   74,  738,  392,  596,  538,  248, 1001,  801,  203,  704,  802,  623,  520,  827,  305,  515,  244,  804,  429,  630,  472,   84,  263,  125,  878,  794,  798,  447,  354,  893,  730, 1093,  184,  364,  454,  795,  349,  641],
        [  577,    0,  357,  526,  481,  435,  261,  336,  371,  670,    0,  184,  703,  298,  463,  320,  845,  690,  160,  411,  440,  333,  473,  223,   84,  901,  192,  549,  282,  418,  319,   99,  286,  419,  224,  846,  433,  405,  362,  412,  722,  738,  343,   66,  319,  267,  791,  503,  580,  770,  245,  441,  611,  119,  612,  483,  599,  283,  591,  118,  381,  740,  735,  552,  541,  121,  213,  668,   54,  367,  740,  146,  494,  144,  495,  437,  399,  199,  489,  176,  132,  298,  166,  420,  727,  263,  711,  415,  509,  331,  355,  665,  420,  746,  412,  557,  198,  451,  517,  462,  216,  501,  622,  617,  433,  163,  424,  598],
        [  579,    0,  320,  488,  593,  310,  351,  309,  432,  626,  184,    0,  634,  146,  464,  498,  802,  640,  279,  268,  620,  165,  386,  393,  105,  882,  367,  625,  215,  234,  144,  268,  252,  428,   70,  831,  314,  570,  542,  503,  619,  558,  496,  195,  394,  151,  732,  504,  411,  594,  192,  271,  508,  288,  497,  575,  628,  135,  587,  281,  225,  587,  604,  550,  359,  112,  330,  484,  183,  385,  688,  129,  354,   59,  610,  378,  375,  183,  482,   81,  264,  449,  247,  272,  606,  374,  729,  592,  593,  148,  453,  644,  363,  673,  290,  379,  379,  541,  386,  327,  106,  469,  531,  676,  280,  339,  476,  416],
        [  260,    0,  347,  194,  609,  877,  537,  370,  455,   93,  703,  634,    0,  504,  299,  824,  190,   73,  860,  819,  922,  709,  249,  733,  685,  310,  865,  501,  844,  627,  550,  795,  885,  338,  688,  285,  889,  799,  868,  527,  138,  627,  712,  646,  496,  483,  103,  279,  469,  586,  825,  490,  169,  812,  210,  540,  347,  509,  239,  682,  765,  392,  271,  256,  701,  727,  914,  672,  745, 1018,   80,  754,  354,  611,  623,  266, 1006,  814,  270,  714,  834,  690,  563,  810,  219,  576,  334,  875,  516,  616,  543,  177,  284,   45,  866,  757,  847,  528,  313,  876,  735, 1095,  127,  457,  426,  838,  425,  589],
        [  494,    0,  236,  383,  594,  384,  361,  235,  406,  509,  298,  146,  504,    0,  388,  579,  681,  520,  420,  329,  702,  214,  257,  468,  236,  773,  489,  595,  342,  188,   62,  394,  386,  362,  187,  727,  394,  629,  626,  494,  477,  453,  544,  280,  385,   61,  605,  424,  283,  477,  327,  147,  367,  414,  353,  561,  560,   17,  498,  361,  276,  446,  458,  465,  314,  257,  472,  402,  314,  525,  565,  275,  208,  157,  613,  268,  505,  326,  398,  224,  402,  498,  279,  325,  461,  397,  648,  668,  570,  130,  455,  540,  256,  542,  370,  354,  494,  528,  240,  390,  236,  591,  393,  628,  137,  461,  439,  319],
        [  117,    0,  153,  111,  326,  762,  248,  157,  156,  233,  463,  464,  299,  388,    0,  528,  394,  258,  621,  712,  623,  595,  222,  443,  474,  439,  596,  252,  676,  568,  449,  542,  704,   46,  532,  383,  770,  500,  571,  233,  388,  721,  414,  399,  200,  337,  360,   41,  528,  709,  647,  465,  316,  556,  350,  262,  172,  383,  129,  412,  659,  562,  479,   90,  682,  525,  673,  720,  513,  818,  306,  556,  376,  420,  342,  155,  828,  621,   31,  535,  593,  392,  302,  709,  442,  283,  265,  576,  248,  517,  245,  205,  154,  342,  745,  729,  571,  242,  356,  773,  569,  927,  293,  254,  399,  572,  130,  627],
        [  610,    0,  512,  631,  326,  745,  291,  487,  375,  760,  320,  498,  824,  579,  528,    0,  911,  785,  358,  728,  124,  652,  655,  112,  404,  921,  224,  453,  580,  729,  617,  279,  566,  487,  544,  863,  740,  117,   49,  334,  891, 1032,  135,  306,  329,  529,  887,  557,  855, 1054,  542,  725,  793,  271,  809,  373,  581,  563,  631,  220,  700,  983,  945,  596,  856,  437,  373,  974,  349,  587,  833,  455,  738,  447,  330,  593,  650,  492,  558,  495,  338,  138,  312,  738,  922,  249,  692,   95,  410,  643,  294,  719,  578,  868,  722,  875,  182,  357,  747,  774,  534,  745,  787,  540,  698,  229,  418,  896],
        [  302,    0,  494,  321,  643, 1060,  641,  512,  539,  177,  845,  802,  190,  681,  394,  911,    0,  162, 1005, 1003,  993,  891,  426,  834,  841,  133,  989,  514, 1016,  815,  731,  931, 1053,  440,  861,  134, 1072,  863,  950,  586,  302,  806,  786,  784,  589,  653,   93,  360,  657,  760,  993,  679,  358,  946,  398,  575,  351,  684,  281,  805,  948,  560,  434,  316,  890,  886, 1058,  859,  892, 1181,  118,  915,  544,  772,  653,  424, 1177,  978,  365,  881,  977,  773,  692,  995,  382,  674,  277,  946,  542,  799,  618,  193,  440,  171, 1048,  946,  965,  574,  502, 1060,  906, 1268,  316,  444,  614,  965,  494,  777],
        [  198,    0,  336,  166,  551,  901,  503,  355,  412,   27,  690,  640,   73,  520,  258,  785,  162,    0,  849,  843,  877,  731,  265,  699,  681,  263,  843,  438,  854,  659,  571,  779,  892,  300,  699,  228,  912,  751,  827,  476,  209,  686,  668,  631,  457,  491,  104,  230,  520,  649,  832,  526,  221,  795,  265,  482,  280,  522,  176,  658,  789,  459,  340,  198,  742,  726,  903,  725,  735, 1020,   51,  755,  394,  612,  564,  263, 1015,  817,  228,  720,  822,  649,  542,  836,  289,  540,  262,  830,  455,  639,  498,  105,  279,  100,  888,  797,  821,  473,  354,  902,  744, 1106,  177,  388,  459,  817,  375,  639],
        [  734,    0,  515,  685,  599,  412,  406,  494,  520,  829,  160,  279,  860,  420,  621,  358, 1005,  849,    0,  411,  455,  374,  625,  300,  187, 1059,  142,  686,  242,  489,  423,   94,  216,  577,  280, 1004,  404,  466,  385,  546,  872,  825,  431,  222,  466,  404,  949,  661,  689,  867,  209,  549,  760,   92,  757,  614,  751,  407,  749,  235,  401,  865,  874,  710,  595,  169,   55,  739,  116,  237,  899,  163,  626,  268,  612,  594,  293,  161,  647,  222,   30,  393,  321,  425,  870,  398,  865,  446,  644,  410,  489,  824,  577,  902,  390,  597,  179,  584,  655,  446,  243,  390,  775,  760,  556,  130,  573,  683],
        [  821,    0,  560,  712,  860,   60,  618,  555,  698,  834,  411,  268,  819,  329,  712,  728, 1003,  843,  411,    0,  842,  117,  579,  634,  332, 1100,  544,  892,  175,  206,  274,  457,  219,  681,  202, 1055,   75,  816,  766,  770,  765,  494,  750,  447,  662,  375,  922,  749,  440,  556,  203,  341,  664,  471,  637,  843,  881,  332,  826,  526,   55,  638,  703,  792,  233,  292,  437,  387,  379,  340,  885,  273,  476,  326,  877,  597,  273,  251,  724,  237,  415,  703,  514,   18,  725,  640,  975,  822,  860,  205,  720,  869,  585,  852,   57,  209,  573,  808,  518,   62,  196,  319,  699,  938,  397,  524,  740,  370],
        [  692,    0,  624,  730,  368,  856,  399,  600,  467,  851,  440,  620,  922,  702,  623,  124,  993,  877,  455,  842,    0,  771,  768,  235,  523,  989,  315,  504,  688,  852,  740,  388,  669,  585,  663,  932,  850,  132,   78,  408,  997, 1155,  210,  429,  429,  651,  977,  647,  977, 1176,  651,  848,  903,  376,  922,  429,  650,  686,  714,  343,  818, 1101, 1058,  683,  978,  553,  460, 1097,  464,  672,  923,  569,  857,  570,  366,  703,  742,  601,  652,  612,  440,  235,  432,  853, 1033,  356,  754,   48,  466,  765,  380,  802,  689,  964,  833,  996,  277,  422,  865,  887,  650,  832,  895,  591,  819,  327,  503, 1019],
        [  705,    0,  443,  596,  755,  171,  513,  439,  587,  721,  333,  165,  709,  214,  595,  652,  891,  731,  374,  117,  771,    0,  466,  551,  249,  986,  492,  780,  182,  132,  160,  397,  234,  565,  109,  940,  182,  731,  694,  663,  663,  463,  659,  356,  553,  259,  812,  632,  367,  515,  190,  248,  560,  414,  536,  734,  765,  216,  709,  440,   65,  563,  614,  676,  222,  222,  411,  370,  312,  376,  774,  215,  375,  223,  773,  481,  330,  221,  608,  162,  369,  612,  411,  114,  630,  538,  858,  747,  750,   94,  615,  754,  470,  744,  158,  228,  514,  700,  416,  178,  131,  400,  592,  824,  294,  468,  627,  325],
        [  290,    0,  145,  155,  531,  636,  370,  169,  336,  257,  473,  386,  249,  257,  222,  655,  426,  265,  625,  579,  768,  466,    0,  551,  444,  523,  650,  473,  596,  399,  306,  569,  637,  228,  440,  481,  647,  661,  703,  429,  250,  501,  569,  424,  352,  236,  349,  240,  309,  487,  577,  272,  141,  588,  155,  474,  376,  261,  284,  476,  524,  350,  290,  263,  493,  483,  679,  508,  510,  771,  309,  508,  159,  368,  549,   73,  758,  568,  213,  467,  600,  534,  358,  571,  267,  414,  436,  725,  466,  375,  419,  301,   83,  288,  623,  546,  638,  449,  135,  637,  487,  847,  150,  472,  203,  622,  335,  416],
        [  536,    0,  408,  540,  310,  656,  197,  383,  297,  675,  223,  393,  733,  468,  443,  112,  834,  699,  300,  634,  235,  551,  551,    0,  304,  857,  195,  417,  498,  622,  507,  209,  492,  400,  443,  799,  654,  182,  160,  283,  790,  921,  132,  199,  246,  417,  802,  475,  744,  942,  460,  614,  690,  208,  704,  339,  521,  452,  556,  113,  603,  873,  838,  519,  750,  343,  329,  864,  261,  536,  748,  366,  627,  340,  320,  491,  589,  411,  473,  398,  275,   97,  201,  643,  818,  161,  636,  201,  374,  536,  231,  642,  475,  777,  634,  771,  155,  315,  638,  684,  439,  688,  687,  500,  586,  184,  347,  785],
        [  590,    0,  348,  521,  541,  360,  307,  330,  407,  664,   84,  105,  685,  236,  474,  404,  841,  681,  187,  332,  523,  249,  444,  304,    0,  907,  262,  595,  220,  337,  247,  164,  237,  433,  141,  854,  360,  485,  446,  462,  688,  662,  419,  118,  360,  218,  779,  515,  512,  698,  185,  372,  577,  184,  572,  535,  624,  222,  602,  194,  299,  681,  688,  563,  458,   54,  240,  588,   79,  344,  731,   85,  441,   82,  557,  420,  358,  150,  497,   96,  167,  372,  202,  340,  685,  319,  733,  498,  558,  251,  407,  669,  404,  727,  338,  473,  275,  501,  469,  385,  137,  459,  593,  656,  372,  235,  457,  521],
        [  327,    0,  564,  394,  625, 1156,  673,  578,  562,  267,  901,  882,  310,  773,  439,  921,  133,  263, 1059, 1100,  989,  986,  523,  857,  907,    0, 1027,  490, 1097,  920,  826,  979, 1130,  483,  944,   59, 1166,  858,  956,  588,  432,  934,  790,  837,  616,  737,  223,  399,  778,  890, 1071,  788,  477,  993,  520,  561,  341,  773,  311,  845, 1046,  690,  565,  350, 1004,  956, 1111,  982,  951, 1251,  232,  986,  656,  846,  632,  507, 1255, 1051,  413,  958, 1031,  785,  740, 1093,  513,  699,  237,  943,  525,  896,  630,  239,  520,  299, 1142, 1059,  999,  569,  616, 1159,  987, 1350,  434,  408,  720, 1005,  511,  898],
        [  701,    0,  520,  678,  504,  550,  355,  497,  468,  820,  192,  367,  865,  489,  596,  224,  989,  843,  142,  544,  315,  492,  650,  195,  262, 1027,    0,  609,  380,  595,  507,   99,  357,  551,  389,  970,  543,  338,  247,  471,  899,  924,  320,  227,  414,  457,  945,  633,  770,  959,  345,  631,  790,   80,  794,  532,  700,  474,  719,  185,  528,  930,  921,  680,  711,  272,  149,  847,  185,  363,  893,  278,  684,  334,  513,  604,  429,  295,  625,  332,  131,  290,  302,  557,  910,  333,  816,  309,  566,  511,  417,  801,  587,  909,  528,  719,   44,  506,  705,  583,  362,  522,  797,  690,  624,   29,  521,  782],
        [  242,    0,  375,  349,  137,  934,  289,  366,  194,  412,  549,  625,  501,  595,  252,  453,  514,  438,  686,  892,  504,  780,  473,  417,  595,  490,  609,    0,  814,  782,  656,  594,  829,  251,  695,  434,  938,  374,  480,  140,  617,  969,  318,  487,  235,  536,  522,  244,  775,  959,  780,  698,  561,  601,  598,   80,  164,  585,  263,  452,  844,  812,  723,  249,  905,  648,  728,  961,  602,  914,  473,  679,  624,  570,  143,  404,  946,  741,  267,  679,  658,  328,  393,  893,  680,  289,  254,  459,   44,  717,  197,  341,  400,  537,  914,  948,  572,  104,  606,  952,  719, 1048,  532,   88,  637,  594,  157,  868],
        [  791,    0,  534,  703,  759,  171,  527,  522,  625,  840,  282,  215,  844,  342,  676,  580, 1016,  854,  242,  175,  688,  182,  596,  498,  220, 1097,  380,  814,    0,  313,  309,  302,   53,  638,  156, 1046,  163,  678,  614,  682,  817,  641,  624,  334,  580,  363,  944,  716,  547,  695,   39,  420,  708,  313,  691,  755,  835,  336,  800,  399,  180,  741,  782,  763,  388,  168,  263,  542,  238,  195,  901,  139,  536,  256,  774,  593,  163,   88,  695,  141,  250,  579,  422,  190,  793,  538,  940,  673,  777,  260,  627,  858,  578,  882,  149,  376,  413,  721,  574,  204,  110,  254,  735,  873,  455,  363,  674,  505],
        [  668,    0,  417,  545,  780,  265,  543,  420,  594,  653,  418,  234,  627,  188,  568,  729,  815,  659,  489,  206,  852,  132,  399,  622,  337,  920,  595,  782,  313,    0,  129,  497,  365,  546,  210,  879,  280,  794,  774,  680,  563,  337,  714,  424,  571,  248,  730,  601,  239,  385,  319,  139,  467,  516,  436,  748,  739,  199,  668,  510,  158,  437,  498,  639,  130,  326,  532,  253,  410,  507,  698,  327,  276,  283,  798,  432,  457,  346,  574,  268,  481,  667,  451,  193,  520,  575,  821,  822,  757,   87,  639,  698,  424,  657,  260,  166,  611,  715,  319,  255,  249,  519,  504,  813,  202,  569,  626,  197],
        [  554,    0,  297,  440,  652,  330,  415,  297,  466,  561,  319,  144,  550,   62,  449,  617,  731,  571,  423,  274,  740,  160,  306,  507,  247,  826,  507,  656,  309,  129,    0,  410,  357,  424,  161,  782,  341,  675,  663,  552,  510,  420,  592,  312,  443,  121,  652,  484,  267,  452,  300,  127,  404,  429,  383,  620,  621,   72,  557,  397,  220,  447,  475,  525,  257,  254,  472,  357,  325,  499,  614,  267,  227,  176,  670,  324,  470,  308,  459,  210,  408,  546,  327,  268,  485,  449,  708,  708,  630,   70,  511,  596,  314,  585,  318,  294,  517,  587,  265,  333,  211,  550,  434,  690,  147,  479,  500,  280],
        [  653,    0,  448,  613,  506,  468,  317,  426,  432,  758,   99,  268,  795,  394,  542,  279,  931,  779,   94,  457,  388,  397,  569,  209,  164,  979,   99,  594,  302,  497,  410,    0,  288,  497,  292,  923,  463,  383,  313,  454,  818,  826,  341,  149,  377,  365,  880,  581,  674,  861,  264,  534,  708,   20,  710,  521,  664,  378,  669,  144,  436,  837,  833,  630,  614,  175,  136,  749,   87,  329,  829,  186,  592,  238,  519,  530,  380,  214,  569,  236,   67,  301,  241,  468,  825,  306,  779,  372,  552,  413,  397,  746,  513,  838,  446,  624,  118,  492,  616,  499,  269,  479,  718,  669,  529,   72,  486,  684],
        [  820,    0,  567,  738,  766,  205,  540,  554,  643,  877,  286,  252,  885,  386,  704,  566, 1053,  892,  216,  219,  669,  234,  637,  492,  237, 1130,  357,  829,   53,  365,  357,  288,    0,  665,  200, 1079,  194,  669,  597,  694,  863,  693,  621,  344,  595,  402,  983,  744,  598,  747,   60,  470,  753,  296,  737,  766,  859,  379,  830,  400,  230,  792,  831,  793,  439,  183,  228,  593,  236,  144,  939,  152,  583,  286,  781,  629,  125,   88,  725,  173,  230,  577,  437,  236,  841,  548,  966,  658,  791,  310,  638,  892,  614,  924,  184,  424,  393,  733,  621,  240,  150,  223,  778,  892,  503,  343,  693,  558],
        [  159,    0,  130,  145,  306,  730,  204,  127,  121,  276,  419,  428,  338,  362,   46,  487,  440,  300,  577,  681,  585,  565,  228,  400,  433,  483,  551,  251,  638,  546,  424,  497,  665,    0,  497,  427,  737,  465,  531,  207,  418,  719,  376,  355,  158,  308,  403,   85,  525,  711,  608,  450,  337,  511,  367,  247,  201,  355,  173,  366,  629,  575,  500,  134,  664,  484,  628,  711,  469,  776,  349,  515,  374,  382,  323,  156,  788,  580,   75,  497,  548,  353,  257,  679,  465,  241,  302,  539,  239,  490,  210,  251,  150,  381,  712,  709,  526,  223,  359,  742,  531,  887,  319,  269,  388,  527,  108,  618],
        [  646,    0,  385,  551,  659,  240,  418,  376,  501,  686,  224,   70,  688,  187,  532,  544,  861,  699,  280,  202,  663,  109,  440,  443,  141,  944,  389,  695,  156,  210,  161,  292,  200,  497,    0,  895,  244,  624,  585,  571,  663,  545,  553,  250,  462,  209,  788,  571,  419,  589,  141,  283,  554,  310,  538,  643,  696,  180,  653,  332,  162,  606,  636,  617,  323,  118,  324,  461,  206,  340,  745,  118,  386,  126,  676,  439,  319,  148,  549,   59,  271,  506,  313,  206,  643,  439,  797,  638,  661,  131,  520,  707,  425,  726,  220,  335,  408,  609,  422,  259,   51,  408,  580,  746,  307,  363,  546,  404],
        [  271,    0,  512,  345,  569, 1110,  615,  526,  504,  228,  846,  831,  285,  727,  383,  863,  134,  228, 1004, 1055,  932,  940,  481,  799,  854,   59,  970,  434, 1046,  879,  782,  923, 1079,  427,  895,    0, 1120,  800,  898,  530,  415,  911,  732,  782,  558,  689,  212,  343,  748,  870, 1020,  749,  448,  936,  492,  504,  283,  726,  255,  788, 1001,  674,  550,  294,  968,  904, 1055,  953,  896, 1198,  207,  934,  620,  794,  576,  460, 1203,  998,  358,  907,  975,  727,  684, 1049,  497,  641,  181,  885,  468,  851,  572,  188,  472,  282, 1096, 1022,  941,  511,  581, 1114,  937, 1299,  404,  353,  681,  948,  453,  867],
        [  881,    0,  619,  776,  897,   18,  658,  613,  745,  902,  433,  314,  889,  394,  770,  740, 1072,  912,  404,   75,  850,  182,  647,  654,  360, 1166,  543,  938,  163,  280,  341,  463,  194,  737,  244, 1120,    0,  835,  775,  812,  838,  560,  775,  477,  705,  435,  992,  808,  514,  623,  199,  415,  737,  475,  710,  885,  937,  395,  887,  550,  126,  712,  778,  852,  298,  312,  421,  450,  394,  292,  955,  288,  549,  369,  914,  661,  216,  250,  784,  266,  413,  729,  552,   89,  799,  676, 1034,  834,  904,  273,  760,  934,  649,  923,   25,  266,  576,  851,  591,   50,  224,  249,  770,  989,  469,  525,  790,  440],
        [  563,    0,  518,  609,  238,  838,  294,  495,  345,  725,  405,  570,  799,  629,  500,  117,  863,  751,  466,  816,  132,  731,  661,  182,  485,  858,  338,  374,  678,  794,  675,  383,  669,  465,  624,  800,  835,    0,  119,  278,  881, 1078,   92,  376,  312,  574,  850,  522,  894, 1093,  640,  772,  791,  377,  814,  298,  519,  614,  586,  292,  784, 1002,  950,  555,  924,  525,  486, 1030,  442,  699,  796,  547,  764,  515,  237,  593,  759,  591,  529,  580,  445,  133,  351,  824,  921,  250,  623,   86,  334,  710,  256,  674,  579,  841,  815,  948,  295,  291,  767,  866,  621,  856,  780,  460,  735,  340,  376,  947],
        [  649,    0,  559,  675,  349,  781,  337,  534,  416,  802,  362,  542,  868,  626,  571,   49,  950,  827,  385,  766,   78,  694,  703,  160,  446,  956,  247,  480,  614,  774,  663,  313,  597,  531,  585,  898,  775,  119,    0,  369,  937, 1079,  167,  352,  373,  576,  928,  598,  903, 1101,  577,  773,  839,  302,  857,  402,  615,  610,  670,  266,  741, 1031,  992,  637,  900,  476,  395, 1020,  387,  608,  874,  493,  786,  492,  351,  640,  675,  526,  600,  535,  368,  179,  360,  776,  969,  294,  724,   63,  439,  688,  333,  758,  625,  911,  758,  918,  206,  389,  795,  811,  573,  768,  833,  568,  746,  256,  457,  942],
        [  286,    0,  302,  344,  105,  810,  155,  286,   96,  449,  412,  503,  527,  494,  233,  334,  586,  476,  546,  770,  408,  663,  429,  283,  462,  588,  471,  140,  682,  680,  552,  454,  694,  207,  571,  530,  812,  278,  369,    0,  621,  903,  203,  351,  111,  433,  573,  248,  709,  903,  646,  613,  544,  461,  573,   73,  247,  481,  308,  312,  725,  779,  707,  278,  807,  515,  588,  880,  464,  775,  519,  545,  563,  446,  124,  357,  809,  606,  260,  549,  518,  200,  261,  773,  672,  150,  359,  361,   99,  608,   58,  396,  348,  568,  789,  846,  435,   40,  554,  829,  590,  912,  524,  219,  559,  455,  104,  789],
        [  380,    0,  385,  278,  712,  824,  601,  409,  538,  227,  722,  619,  138,  477,  388,  891,  302,  209,  872,  765,  997,  663,  250,  790,  688,  432,  899,  617,  817,  563,  510,  818,  863,  418,  663,  415,  838,  881,  937,  621,    0,  506,  791,  673,  570,  473,  210,  379,  370,  459,  804,  425,  112,  837,  128,  646,  471,  486,  361,  723,  713,  260,  135,  368,  616,  723,  926,  564,  757, 1002,  211,  746,  289,  609,  727,  300,  979,  802,  363,  699,  848,  762,  604,  754,   83,  643,  470,  952,  626,  570,  627,  311,  316,  134,  816,  672,  886,  629,  248,  817,  713, 1060,  104,  582,  370,  871,  518,  489],
        [  784,    0,  602,  648, 1008,  543,  796,  618,  808,  694,  738,  558,  627,  453,  721, 1032,  806,  686,  825,  494, 1155,  463,  501,  921,  662,  934,  924,  969,  641,  337,  420,  826,  693,  719,  545,  911,  560, 1078, 1079,  903,  506,    0,  991,  730,  805,  506,  714,  740,  195,   73,  652,  307,  468,  845,  423,  960,  875,  469,  775,  814,  466,  259,  381,  760,  263,  659,  868,  113,  739,  828,  706,  663,  346,  595, 1026,  567,  767,  682,  714,  603,  815,  946,  728,  477,  429,  837,  920, 1120,  957,  416,  877,  766,  570,  636,  549,  299,  935,  930,  367,  516,  586,  807,  511,  973,  347,  896,  822,  142],
        [  485,    0,  426,  521,  193,  777,  202,  403,  258,  642,  343,  496,  712,  544,  414,  135,  786,  668,  431,  750,  210,  659,  569,  132,  419,  790,  320,  318,  624,  714,  592,  341,  621,  376,  553,  732,  775,   92,  167,  203,  791,  991,    0,  304,  222,  487,  767,  438,  804, 1004,  586,  685,  700,  340,  722,  239,  449,  529,  507,  226,  715,  911,  858,  474,  844,  464,  460,  946,  387,  668,  714,  488,  673,  439,  199,  501,  720,  538,  443,  514,  407,   48,  266,  758,  830,  158,  558,  163,  276,  631,  171,  595,  488,  755,  755,  871,  278,  223,  676,  803,  556,  820,  689,  405,  646,  313,  294,  861],
        [  513,    0,  300,  466,  425,  477,  198,  278,  306,  610,   66,  195,  646,  280,  399,  306,  784,  631,  222,  447,  429,  356,  424,  199,  118,  837,  227,  487,  334,  424,  312,  149,  344,  355,  250,  782,  477,  376,  352,  351,  673,  730,  304,    0,  255,  237,  732,  439,  561,  756,  298,  426,  564,  166,  568,  423,  534,  263,  527,   87,  411,  710,  695,  488,  551,  168,  274,  668,  118,  432,  681,  196,  462,  142,  441,  382,  460,  256,  425,  212,  194,  257,  101,  454,  683,  205,  646,  399,  448,  338,  295,  602,  365,  690,  455,  573,  222,  390,  481,  501,  254,  562,  572,  554,  408,  199,  359,  592],
        [  291,    0,  213,  303,  210,  702,   61,  192,   55,  432,  319,  394,  496,  385,  200,  329,  589,  457,  466,  662,  429,  553,  352,  246,  360,  616,  414,  235,  580,  571,  443,  377,  595,  158,  462,  558,  705,  312,  373,  111,  570,  805,  222,  255,    0,  324,  559,  230,  612,  809,  545,  509,  479,  388,  503,  182,  289,  372,  311,  236,  616,  698,  639,  274,  699,  414,  512,  776,  373,  686,  505,  445,  471,  338,  228,  282,  714,  508,  230,  444,  437,  195,  159,  664,  610,   85,  404,  383,  200,  498,   73,  396,  270,  539,  682,  736,  384,  148,  467,  721,  484,  816,  468,  299,  459,  393,  109,  686],
        [  447,    0,  185,  344,  534,  427,  301,  181,  346,  478,  267,  151,  483,   61,  337,  529,  653,  491,  404,  375,  651,  259,  236,  417,  218,  737,  457,  536,  363,  248,  121,  365,  402,  308,  209,  689,  435,  574,  576,  433,  473,  506,  487,  237,  324,    0,  582,  374,  327,  525,  342,  199,  361,  385,  354,  500,  507,   50,  452,  314,  323,  474,  471,  418,  375,  250,  458,  460,  292,  535,  538,  274,  228,  138,  552,  231,  525,  332,  350,  231,  383,  442,  223,  372,  467,  337,  600,  615,  510,  184,  394,  501,  217,  523,  411,  414,  457,  467,  252,  436,  254,  616,  381,  572,  172,  428,  380,  375],
        [  289,    0,  435,  268,  643,  980,  606,  456,  513,  128,  791,  732,  103,  605,  360,  887,   93,  104,  949,  922,  977,  812,  349,  802,  779,  223,  945,  522,  944,  730,  652,  880,  983,  403,  788,  212,  992,  850,  928,  573,  210,  714,  767,  732,  559,  582,    0,  331,  566,  668,  924,  593,  268,  897,  307,  573,  359,  609,  267,  761,  868,  468,  343,  295,  802,  822, 1003,  767,  835, 1115,   54,  850,  457,  707,  654,  359, 1106,  911,  330,  812,  922,  750,  644,  913,  291,  642,  312,  930,  544,  719,  597,  183,  375,   79,  969,  858,  924,  567,  415,  978,  835, 1195,  228,  463,  529,  920,  474,  686],
        [   76,    0,  190,  105,  334,  800,  282,  196,  183,  205,  503,  504,  279,  424,   41,  557,  360,  230,  661,  749,  647,  632,  240,  475,  515,  399,  633,  244,  716,  601,  484,  581,  744,   85,  571,  343,  808,  522,  598,  248,  379,  740,  438,  439,  230,  374,  331,    0,  548,  724,  687,  493,  317,  595,  354,  267,  141,  419,   89,  449,  696,  569,  479,   50,  712,  566,  712,  744,  553,  858,  277,  596,  397,  460,  349,  178,  869,  661,   28,  575,  632,  420,  341,  746,  438,  315,  227,  600,  248,  553,  268,  168,  181,  320,  783,  761,  607,  252,  373,  810,  608,  967,  290,  233,  427,  609,  146,  651],
        [  597,    0,  408,  461,  814,  498,  607,  424,  614,  523,  580,  411,  469,  283,  528,  855,  657,  520,  689,  440,  977,  367,  309,  744,  512,  778,  770,  775,  547,  239,  267,  674,  598,  525,  419,  748,  514,  894,  903,  709,  370,  195,  804,  561,  612,  327,  566,  548,    0,  200,  548,  141,  302,  693,  260,  765,  685,  299,  589,  641,  396,  198,  275,  571,  252,  520,  738,  206,  591,  741,  547,  531,  152,  437,  832,  374,  695,  566,  522,  473,  674,  761,  547,  426,  308,  648,  738,  940,  762,  291,  684,  589,  376,  488,  496,  307,  776,  736,  178,  483,  466,  757,  345,  781,  159,  742,  627,  121],
        [  762,    0,  601,  627, 1007,  606,  806,  619,  807,  658,  770,  594,  586,  477,  709, 1054,  760,  649,  867,  556, 1176,  515,  487,  942,  698,  890,  959,  959,  695,  385,  452,  861,  747,  711,  589,  870,  623, 1093, 1101,  903,  459,   73, 1004,  756,  809,  525,  668,  724,  200,    0,  704,  331,  434,  881,  389,  955,  854,  494,  751,  838,  524,  203,  328,  739,  326,  699,  913,  183,  776,  885,  664,  706,  340,  627, 1025,  556,  827,  730,  698,  646,  855,  961,  746,  539,  378,  847,  891, 1139,  950,  458,  881,  735,  561,  591,  611,  366,  968,  927,  353,  581,  632,  871,  476,  956,  358,  931,  816,  190],
        [  763,    0,  508,  679,  722,  206,  492,  495,  591,  817,  245,  192,  825,  327,  647,  542,  993,  832,  209,  203,  651,  190,  577,  460,  185, 1071,  345,  780,   39,  319,  300,  264,   60,  608,  141, 1020,  199,  640,  577,  646,  804,  652,  586,  298,  545,  342,  924,  687,  548,  704,    0,  416,  694,  276,  678,  719,  804,  319,  772,  361,  200,  739,  775,  735,  405,  132,  235,  556,  200,  200,  879,  102,  526,  227,  738,  570,  184,   51,  667,  114,  215,  541,  387,  218,  783,  502,  910,  636,  742,  258,  591,  833,  555,  864,  183,  398,  377,  685,  563,  238,   91,  280,  719,  840,  446,  327,  641,  515],
        [  554,    0,  323,  424,  717,  401,  494,  333,  520,  522,  441,  271,  490,  147,  465,  725,  679,  526,  549,  341,  848,  248,  272,  614,  372,  788,  631,  698,  420,  139,  127,  534,  470,  450,  283,  749,  415,  772,  773,  613,  425,  307,  685,  426,  509,  199,  593,  493,  141,  331,  416,    0,  328,  554,  298,  675,  633,  164,  551,  508,  290,  324,  367,  526,  222,  381,  598,  268,  451,  614,  563,  393,  138,  297,  735,  317,  576,  431,  466,  335,  534,  640,  422,  330,  385,  533,  705,  813,  678,  161,  581,  573,  313,  519,  394,  275,  638,  644,  180,  393,  332,  647,  366,  717,   69,  603,  543,  178],
        [  339,    0,  282,  213,  640,  724,  504,  307,  455,  227,  611,  508,  169,  367,  316,  793,  358,  221,  760,  664,  903,  560,  141,  690,  577,  477,  790,  561,  708,  467,  404,  708,  753,  337,  554,  448,  737,  791,  839,  544,  112,  468,  700,  564,  479,  361,  268,  317,  302,  434,  694,  328,    0,  727,   46,  578,  433,  375,  324,  617,  611,  257,  164,  320,  534,  611,  814,  506,  645,  892,  246,  635,  191,  498,  657,  200,  871,  690,  296,  588,  737,  668,  498,  654,  131,  548,  458,  858,  562,  466,  542,  301,  215,  192,  714,  590,  779,  557,  149,  719,  603,  954,   44,  540,  268,  762,  443,  421],
        [  666,    0,  465,  629,  510,  481,  328,  443,  442,  774,  119,  288,  812,  414,  556,  271,  946,  795,   92,  471,  376,  414,  588,  208,  184,  993,   80,  601,  313,  516,  429,   20,  296,  511,  310,  936,  475,  377,  302,  461,  837,  845,  340,  166,  388,  385,  897,  595,  693,  881,  276,  554,  727,    0,  729,  527,  676,  398,  682,  153,  452,  857,  853,  643,  632,  193,  127,  768,  106,  328,  845,  201,  612,  258,  522,  548,  383,  225,  584,  253,   69,  302,  255,  483,  844,  315,  790,  363,  559,  431,  405,  761,  531,  856,  458,  641,  103,  498,  635,  512,  285,  481,  737,  678,  549,   54,  496,  703],
        [  380,    0,  299,  251,  672,  697,  524,  323,  483,  272,  612,  497,  210,  353,  350,  809,  398,  265,  757,  637,  922,  536,  155,  704,  572,  520,  794,  598,  691,  436,  383,  710,  737,  367,  538,  492,  710,  814,  857,  573,  128,  423,  722,  568,  503,  354,  307,  354,  260,  389,  678,  298,   46,  729,    0,  611,  474,  362,  367,  626,  585,  216,  136,  361,  496,  603,  811,  463,  643,  877,  289,  625,  162,  491,  689,  222,  853,  678,  332,  576,  734,  688,  509,  626,  116,  568,  503,  879,  598,  443,  568,  346,  235,  230,  688,  553,  786,  589,  120,  690,  588,  933,   89,  581,  242,  766,  474,  380],
        [  285,    0,  358,  370,   70,  882,  228,  344,  156,  456,  483,  575,  540,  561,  262,  373,  575,  482,  614,  843,  429,  734,  474,  339,  535,  561,  532,   80,  755,  748,  620,  521,  766,  247,  643,  504,  885,  298,  402,   73,  646,  960,  239,  423,  182,  500,  573,  267,  765,  955,  719,  675,  578,  527,  611,    0,  225,  549,  308,  380,  797,  821,  741,  285,  874,  588,  654,  942,  535,  845,  522,  617,  616,  518,   83,  402,  881,  678,  284,  622,  586,  248,  334,  845,  703,  220,  326,  383,   38,  678,  128,  392,  395,  579,  862,  914,  494,   35,  604,  902,  663,  983,  554,  167,  619,  517,  140,  850],
        [   94,    0,  325,  228,  292,  930,  349,  327,  234,  255,  599,  628,  347,  560,  172,  581,  351,  280,  751,  881,  650,  765,  376,  521,  624,  341,  700,  164,  835,  739,  621,  664,  859,  201,  696,  283,  937,  519,  615,  247,  471,  875,  449,  534,  289,  507,  359,  141,  685,  854,  804,  633,  433,  676,  474,  225,    0,  553,  111,  524,  829,  689,  588,  115,  852,  677,  799,  883,  651,  963,  311,  708,  535,  580,  302,  318,  982,  773,  168,  694,  722,  446,  433,  879,  541,  368,  116,  603,  191,  688,  291,  178,  321,  379,  912,  900,  668,  228,  508,  942,  730, 1082,  398,  111,  567,  680,  180,  790],
