{
    "name": "random-40-26729",
    "comment": "size=40 seed=26729",
    "nodes": ["+0", "-0", "+1", "-1", "+2", "-2", "+3", "-3", "+4", "-4", "+5", "-5", "+6", "-6", "+7", "-7", "+8", "-8", "+9", "-9", "+10", "-10", "+11", "-11", "+12", "-12", "+13", "-13", "+14", "-14", "+15", "-15", "+16", "-16", "+17", "-17", "+18", "-18", "+19", "-19", "+20", "-20", "+21", "-21", "+22", "-22", "+23", "-23", "+24", "-24", "+25", "-25", "+26", "-26", "+27", "-27", "+28", "-28", "+29", "-29", "+30", "-30", "+31", "-31", "+32", "-32", "+33", "-33", "+34", "-34", "+35", "-35", "+36", "-36", "+37", "-37", "+38", "-38", "+39", "-39", "+40", "-40"],
    "precedence": {
        "+0": "-0",
        "+1": "-1",
        "+2": "-2",
        "+3": "-3",
        "+4": "-4",
        "+5": "-5",
        "+6": "-6",
        "+7": "-7",
        "+8": "-8",
        "+9": "-9",
        "+10": "-10",
        "+11": "-11",
        "+12": "-12",
        "+13": "-13",
        "+14": "-14",
        "+15": "-15",
        "+16": "-16",
        "+17": "-17",
        "+18": "-18",
        "+19": "-19",
        "+20": "-20",
        "+21": "-21",
        "+22": "-22",
        "+23": "-23",
        "+24": "-24",
        "+25": "-25",
        "+26": "-26",
        "+27": "-27",
        "+28": "-28",
        "+29": "-29",
        "+30": "-30",
        "+31": "-31",
        "+32": "-32",
        "+33": "-33",
        "+34": "-34",
        "+35": "-35",
        "+36": "-36",
        "+37": "-37",
        "+38": "-38",
        "+39": "-39",
        "+40": "-40"
    },
    "edges": [
        [    0,    0,  474,   70,  834,  730,  686,  337,  735,  668,  659,  496,  559,  548,  595,  297,  250,  110,  371,  470,  503,  746,  513,  487,  358,  758,  380,  311,  515,  685,  703,  214,  616,  230,  614,  162,  199,  471,  269,  542,  241,  475,  700,  774,  852,  363,  833,  338,  604,  109,  419,  418,  711,  560,  689,  674,  580,  548,  599,  650,  485,  288,  484,  653,  205,  370,  324,  333,  716,  686,  678,  241,  330,  635,  285,  644,  175,  405,  749,  869,  917,  613],
        [    0,    0,  474,   70,  834,  730,  686,  337,  735,  668,  659,  496,  559,  548,  595,  297,  250,  110,  371,  470,  503,  746,  513,  487,  358,  758,  380,  311,  515,  685,  703,  214,  616,  230,  614,  162,  199,  471,  269,  542,  241,  475,  700,  774,  852,  363,  833,  338,  604,  109,  419,  418,  711,  560,  689,  674,  580,  548,  599,  650,  485,  288,  484,  653,  205,  370,  324,  333,  716,  686,  678,  241,  330,  635,  285,  644,  175,  405,  749,  869,  917,  613],
        [  474,  474,    0,  443,  852, 1161,  754,  426,  779,  602,  826,  193, 1004,  385,  206,  447,  251,  396,  545,  511,  349,  909,  588,  699,  650,  952,  669,  213,  388,  490,  701,  642,  496,  703,  921,  435,  648,  505,  461,  525,  379,  879,  278,  812,  958,  744,  800,  746,  374,  574,  488,  109,  525,  151,  242,  720,  758,  878,  139, 1086,  941,  701,  796,  764,  585,  134,  782,  731,  884, 1087,  429,  345,  400,  932,  758,  635,  559,  853,  712,  967,  965,  784],
        [   70,   70,  443,    0,  885,  791,  739,  377,  787,  706,  721,  492,  618,  568,  584,  342,  246,  140,  426,  514,  521,  809,  562,  550,  424,  822,  446,  261,  538,  707,  749,  282,  646,  274,  683,  211,  263,  513,  201,  581,  172,  542,  687,  826,  911,  432,  879,  406,  618,  134,  463,  375,  735,  545,  669,  725,  642,  618,  575,  711,  541,  356,  553,  710,  173,  354,  382,  402,  779,  752,  692,  175,  366,  704,  329,  688,  142,  465,  793,  928,  972,  674],
        [  834,  834,  852,  885,    0,  934,  154,  517,  101,  256,  275,  667,  896,  473,  722,  544,  728,  748,  465,  382,  504,  260,  324,  399,  537,  325,  525,  922,  465,  422,  153,  746,  367,  908,  531,  676,  789,  384, 1068,  336, 1001,  727,  775,   63,  175,  660,   94,  712,  512,  907,  428,  919,  396,  757,  826,  161,  317,  568,  838,  906,  910,  718,  531,  209, 1037,  751,  847,  690,  268,  804,  502,  977,  536,  511,  928,  220, 1008,  841,  150,  169,  117,  295],
        [  730,  730, 1161,  791,  934,    0,  812,  794,  859,  971,  662, 1097,  178, 1022, 1205,  750,  910,  772,  692,  820, 1000,  683,  782,  605,  550,  631,  540, 1036,  982, 1109,  908,  525, 1009,  539,  404,  726,  532,  827,  952,  886,  958,  287, 1311,  883,  812,  423, 1001,  415, 1099,  676,  794, 1133, 1114, 1193, 1323,  839,  642,  379, 1258,   81,  266,  461,  445,  746,  785, 1032,  412,  431,  669,  132, 1153,  965,  814,  423,  495,  898,  781,  328,  969,  831,  930,  652],
        [  686,  686,  754,  739,  154,  812,    0,  381,   55,  213,  159,  581,  758,  397,  654,  402,  600,  604,  315,  253,  417,  194,  184,  248,  384,  259,  372,  798,  378,  392,  107,  592,  309,  754,  412,  529,  635,  257,  927,  232,  864,  586,  724,   92,  204,  510,  194,  561,  455,  755,  293,  809,  378,  679,  767,   43,  175,  436,  762,  776,  766,  565,  390,   66,  887,  641,  696,  539,  184,  685,  467,  842,  402,  397,  775,  140,  858,  693,  162,  214,  234,  161],
        [  337,  337,  426,  377,  517,  794,  381,    0,  422,  331,  412,  309,  665,  247,  415,   52,  224,  238,  121,  138,  214,  499,  198,  274,  247,  535,  261,  422,  207,  370,  375,  346,  288,  486,  501,  177,  377,  137,  552,  205,  485,  509,  518,  461,  573,  376,  503,  400,  320,  430,   90,  452,  391,  411,  536,  359,  339,  466,  486,  728,  627,  369,  383,  368,  541,  295,  493,  378,  472,  699,  386,  462,   27,  509,  527,  312,  510,  537,  416,  587,  613,  367],
        [  735,  735,  779,  787,  101,  859,   55,  422,    0,  208,  200,  600,  810,  411,  666,  447,  638,  650,  365,  290,  435,  216,  226,  302,  438,  282,  427,  834,  396,  387,   92,  646,  313,  808,  457,  577,  688,  293,  972,  255,  907,  638,  729,   40,  189,  564,  143,  616,  461,  806,  334,  839,  368,  695,  776,   64,  227,  486,  778,  826,  819,  619,  442,  116,  937,  671,  750,  593,  212,  731,  465,  884,  442,  441,  829,  148,  908,  747,  131,  194,  192,  209],
        [  668,  668,  602,  706,  256,  971,  213,  331,  208,    0,  359,  413,  887,  219,  467,  374,  510,  567,  338,  203,  254,  406,  199,  368,  463,  470,  462,  693,  216,  181,  116,  641,  111,  797,  588,  507,  680,  201,  869,  127,  794,  714,  524,  229,  395,  608,  200,  651,  258,  759,  254,  676,  166,  501,  572,  171,  341,  594,  582,  924,  876,  639,  528,  263,  871,  510,  773,  627,  394,  851,  258,  767,  341,  579,  830,   78,  840,  792,  111,  399,  372,  343],
        [  659,  659,  826,  721,  275,  662,  159,  412,  200,  359,    0,  671,  623,  508,  758,  413,  634,  598,  309,  319,  515,   89,  243,  174,  313,  127,  295,  830,  480,  532,  264,  521,  439,  679,  259,  519,  564,  326,  919,  335,  866,  457,  840,  221,  202,  408,  341,  462,  575,  709,  339,  863,  523,  775,  877,  195,   80,  294,  857,  632,  643,  478,  265,   97,  848,  701,  598,  442,   60,  533,  601,  850,  437,  242,  690,  281,  823,  580,  320,  222,  298,   48],
        [  496,  496,  193,  492,  667, 1097,  581,  309,  600,  413,  671,    0,  957,  195,  109,  348,  247,  393,  426,  353,  165,  749,  429,  569,  555,  798,  570,  344,  205,  299,  518,  609,  305,  710,  805,  395,  627,  347,  578,  350,  493,  811,  217,  630,  783,  675,  611,  691,  183,  605,  345,  283,  334,  105,  227,  543,  612,  774,  186, 1028,  908,  652,  691,  599,  659,  151,  758,  671,  726, 1007,  244,  459,  287,  811,  761,  453,  629,  817,  524,  791,  781,  633],
        [  559,  559, 1004,  618,  896,  178,  758,  665,  810,  887,  623,  957,    0,  904, 1066,  617,  754,  610,  577,  715,  877,  667,  690,  524,  435,  627,  431,  868,  864, 1005,  842,  363,  907,  362,  384,  573,  363,  720,  775,  787,  782,  175, 1173,  839,  802,  292,  951,  267,  980,  499,  681,  968, 1015, 1049, 1180,  778,  584,  331, 1109,   98,   90,  307,  369,  694,  607,  878,  237,  288,  646,  200, 1040,  791,  681,  410,  317,  820,  603,  154,  904,  822,  914,  602],
        [  548,  548,  385,  568,  473, 1022,  397,  247,  411,  219,  508,  195,  904,    0,  257,  299,  337,  439,  330,  210,   49,  577,  273,  441,  473,  633,  482,  498,   41,  139,  325,  592,  111,  726,  683,  405,  622,  202,  702,  174,  621,  741,  333,  439,  597,  613,  416,  643,   78,  652,  228,  465,  169,  285,  372,  358,  460,  666,  368,  961,  872,  615,  587,  425,  741,  305,  740,  620,  558,  916,  139,  590,  239,  683,  770,  264,  709,  782,  329,  604,  588,  476],
        [  595,  595,  206,  584,  722, 1205,  654,  415,  666,  467,  758,  109, 1066,  257,    0,  456,  345,  495,  530,  445,  244,  831,  517,  668,  662,  884,  676,  402,  280,  318,  579,  716,  356,  813,  907,  502,  734,  437,  647,  427,  562,  919,  109,  693,  853,  784,  656,  800,  211,  703,  443,  313,  352,   56,  122,  614,  703,  878,  120, 1137, 1017,  761,  796,  679,  746,  231,  866,  780,  810, 1114,  245,  528,  394,  911,  865,  519,  717,  926,  575,  859,  838,  723],
        [  297,  297,  447,  342,  544,  750,  402,   52,  447,  374,  413,  348,  617,  299,  456,    0,  224,  204,  106,  174,  265,  501,  221,  261,  209,  531,  226,  418,  259,  422,  408,  294,  338,  435,  474,  135,  325,  175,  526,  248,  463,  464,  561,  486,  586,  330,  538,  351,  371,  385,  123,  462,  442,  448,  575,  384,  336,  433,  519,  683,  577,  319,  351,  381,  501,  314,  441,  330,  473,  660,  438,  443,   65,  485,  475,  347,  471,  486,  453,  601,  635,  367],
        [  250,  250,  251,  246,  728,  910,  600,  224,  638,  510,  634,  247,  754,  337,  345,  224,    0,  153,  329,  349,  289,  721,  418,  484,  411,  754,  431,  198,  313,  475,  579,  393,  429,  471,  687,  184,  402,  346,  366,  397,  287,  629,  451,  676,  796,  495,  701,  496,  378,  358,  308,  242,  506,  312,  443,  575,  558,  638,  359,  835,  694,  450,  558,  591,  416,  127,  536,  481,  693,  838,  451,  258,  200,  701,  524,  513,  386,  605,  611,  809,  830,  588],
        [  110,  110,  396,  140,  748,  772,  604,  238,  650,  567,  598,  393,  610,  439,  495,  204,  153,    0,  294,  374,  393,  686,  425,  430,  321,  706,  343,  275,  406,  576,  610,  248,  510,  319,  595,   80,  252,  374,  324,  442,  269,  498,  602,  690,  782,  370,  739,  361,  495,  217,  324,  362,  603,  465,  596,  588,  519,  536,  512,  694,  545,  312,  463,  578,  307,  279,  386,  349,  657,  710,  569,  255,  227,  613,  371,  548,  276,  458,  653,  798,  837,  551],
        [  371,  371,  545,  426,  465,  692,  315,  121,  365,  338,  309,  426,  577,  330,  530,  106,  329,  294,    0,  142,  309,  397,  150,  156,  144,  426,  153,  523,  290,  430,  342,  304,  334,  462,  381,  217,  343,  147,  618,  220,  561,  411,  630,  405,  488,  287,  473,  322,  407,  443,  104,  566,  442,  530,  651,  305,  231,  349,  605,  631,  552,  304,  266,  285,  572,  413,  437,  299,  369,  590,  464,  543,  147,  389,  493,  292,  543,  464,  396,  504,  547,  262],
        [  470,  470,  511,  514,  382,  820,  253,  138,  290,  203,  319,  353,  715,  210,  445,  174,  349,  374,  142,    0,  204,  399,   78,  232,  281,  446,  285,  545,  173,  291,  237,  441,  193,  594,  474,  309,  478,    8,  689,   80,  621,  545,  534,  328,  453,  426,  366,  464,  286,  557,   52,  558,  302,  457,  565,  226,  260,  458,  539,  764,  693,  445,  380,  254,  674,  391,  578,  440,  375,  711,  334,  596,  155,  475,  629,  175,  644,  606,  280,  465,  482,  280],
        [  503,  503,  349,  521,  504, 1000,  417,  214,  435,  254,  515,  165,  877,   49,  244,  265,  289,  393,  309,  204,    0,  589,  274,  432,  450,  641,  461,  452,   40,  187,  354,  556,  152,  686,  674,  362,  584,  196,  654,  186,  573,  717,  331,  466,  619,  587,  453,  613,  107,  608,  211,  423,  217,  263,  363,  379,  461,  652,  346,  937,  841,  583,  571,  438,  693,  261,  705,  591,  568,  899,  178,  542,  202,  676,  731,  289,  662,  750,  364,  627,  618,  480],
        [  746,  746,  909,  809,  260,  683,  194,  499,  216,  406,   89,  749,  667,  577,  831,  501,  721,  686,  397,  399,  589,    0,  322,  260,  396,   67,  376,  918,  552,  585,  299,  601,  498,  755,  286,  607,  643,  405, 1007,  405,  955,  509,  908,  222,  136,  478,  343,  532,  640,  792,  423,  948,  572,  851,  948,  236,  168,  337,  933,  663,  696,  552,  328,  152,  933,  785,  667,  513,   30,  552,  658,  938,  524,  263,  763,  332,  908,  641,  346,  156,  249,  136],
        [  513,  513,  588,  562,  324,  782,  184,  198,  226,  199,  243,  429,  690,  273,  517,  221,  418,  425,  150,   78,  274,  322,    0,  179,  265,  370,  263,  616,  241,  330,  193,  452,  230,  611,  416,  353,  492,   84,  746,  108,  681,  517,  603,  266,  379,  409,  324,  453,  346,  591,  110,  633,  333,  533,  637,  163,  188,  410,  615,  730,  677,  443,  337,  178,  716,  467,  577,  429,  298,  667,  384,  659,  219,  414,  640,  143,  687,  594,  246,  392,  416,  206],
        [  487,  487,  699,  550,  399,  605,  248,  274,  302,  368,  174,  569,  524,  441,  668,  261,  484,  430,  156,  232,  432,  260,  179,    0,  144,  277,  128,  675,  404,  509,  321,  354,  408,  515,  243,  351,  398,  239,  748,  286,  699,  349,  762,  338,  372,  263,  437,  314,  517,  536,  225,  721,  511,  673,  789,  259,   96,  231,  752,  556,  523,  320,  160,  192,  675,  568,  449,  291,  230,  488,  561,  684,  300,  245,  531,  298,  650,  447,  382,  390,  454,  128],
        [  358,  358,  650,  424,  537,  550,  384,  247,  438,  463,  313,  555,  435,  473,  662,  209,  411,  321,  144,  281,  450,  396,  265,  144,    0,  401,   23,  587,  433,  571,  442,  212,  474,  373,  278,  246,  255,  286,  625,  355,  584,  268,  765,  475,  514,  146,  566,  189,  550,  397,  247,  652,  582,  656,  782,  389,  238,  228,  727,  488,  414,  183,  147,  333,  538,  516,  316,  165,  366,  453,  608,  574,  269,  294,  391,  405,  513,  330,  501,  532,  597,  270],
        [  758,  758,  952,  822,  325,  631,  259,  535,  282,  470,  127,  798,  627,  633,  884,  531,  754,  706,  426,  446,  641,   67,  370,  277,  401,    0,  380,  948,  605,  648,  364,  598,  559,  747,  244,  627,  639,  452, 1022,  460,  975,  477,  965,  289,  182,  464,  409,  517,  698,  795,  464,  986,  635,  901, 1003,  300,  196,  304,  984,  616,  664,  543,  310,  211,  937,  826,  649,  501,   77,  500,  719,  960,  560,  218,  749,  394,  913,  615,  412,  201,  300,  169],
        [  380,  380,  669,  446,  525,  540,  372,  261,  427,  462,  295,  570,  431,  482,  676,  226,  431,  343,  153,  285,  461,  376,  263,  128,   23,  380,    0,  608,  442,  576,  435,  228,  477,  387,  256,  268,  271,  291,  647,  357,  607,  261,  778,  463,  496,  147,  557,  193,  559,  417,  255,  672,  585,  671,  797,  379,  221,  209,  744,  480,  415,  193,  127,  319,  558,  535,  325,  170,  347,  440,  615,  596,  284,  272,  404,  401,  534,  333,  494,  515,  581,  252],
        [  311,  311,  213,  261,  922, 1036,  798,  422,  834,  693,  830,  344,  868,  498,  402,  418,  198,  275,  523,  545,  452,  918,  616,  675,  587,  948,  608,    0,  484,  628,  771,  513,  602,  534,  863,  343,  506,  542,  249,  587,  166,  770,  487,  871,  994,  643,  889,  631,  517,  394,  506,  120,  661,  350,  454,  771,  754,  808,  352,  957,  795,  582,  732,  789,  380,  197,  634,  621,  890,  982,  584,  133,  398,  880,  589,  704,  356,  714,  798, 1007, 1026,  784],
        [  515,  515,  388,  538,  465,  982,  378,  207,  396,  216,  480,  205,  864,   41,  280,  259,  313,  406,  290,  173,   40,  552,  241,  404,  433,  605,  442,  484,    0,  171,  314,  552,  119,  688,  646,  368,  582,  166,  679,  148,  599,  701,  363,  426,  580,  573,  415,  602,  118,  617,  188,  460,  198,  302,  398,  340,  428,  628,  385,  921,  831,  574,  548,  400,  709,  296,  700,  579,  531,  877,  180,  569,  200,  647,  731,  250,  678,  741,  326,  587,  579,  446],
        [  685,  685,  490,  707,  422, 1109,  392,  370,  387,  181,  532,  299, 1005,  139,  318,  422,  475,  576,  430,  291,  187,  585,  330,  509,  571,  648,  576,  628,  171,    0,  295,  714,  101,  855,  744,  537,  746,  285,  839,  223,  757,  836,  356,  404,  573,  716,  345,  751,  116,  788,  327,  581,   36,  363,  409,  350,  503,  739,  438, 1054,  981,  728,  665,  438,  879,  431,  858,  728,  572,  995,   82,  726,  367,  739,  896,  254,  847,  892,  273,  575,  537,  510],
        [  703,  703,  701,  749,  153,  908,  107,  375,   92,  116,  264,  518,  842,  325,  579,  408,  579,  610,  342,  237,  354,  299,  193,  321,  442,  364,  435,  771,  314,  295,    0,  640,  224,  801,  512,  542,  681,  239,  926,  185,  856,  668,  639,  115,  279,  579,  131,  627,  372,  783,  287,  767,  277,  610,  687,   71,  267,  530,  692,  868,  843,  624,  475,  169,  907,  599,  757,  604,  290,  783,  373,  831,  391,  499,  827,   68,  877,  765,   62,  283,  265,  260],
        [  214,  214,  642,  282,  746,  525,  592,  346,  646,  641,  521,  609,  363,  592,  716,  294,  393,  248,  304,  441,  556,  601,  452,  354,  212,  598,  228,  513,  552,  714,  640,    0,  625,  162,  418,  215,   44,  445,  471,  520,  454,  261,  824,  684,  723,  155,  768,  124,  663,  206,  395,  608,  732,  694,  826,  593,  449,  348,  750,  448,  302,   75,  297,  544,  348,  518,  151,  122,  572,  473,  731,  454,  355,  442,  189,  594,  328,  213,  696,  742,  808,  479],
        [  616,  616,  496,  646,  367, 1009,  309,  288,  313,  111,  439,  305,  907,  111,  356,  338,  429,  510,  334,  193,  152,  498,  230,  408,  474,  559,  477,  602,  119,  101,  224,  625,    0,  771,  644,  462,  660,  188,  794,  123,  716,  737,  417,  338,  502,  619,  306,  656,  148,  715,  233,  574,  109,  390,  463,  268,  405,  639,  472,  954,  885,  635,  565,  348,  816,  412,  766,  632,  483,  895,  162,  686,  289,  640,  811,  170,  784,  798,  221,  506,  483,  415],
        [  230,  230,  703,  274,  908,  539,  754,  486,  808,  797,  679,  710,  362,  726,  813,  435,  471,  319,  462,  594,  686,  755,  611,  515,  373,  747,  387,  534,  688,  855,  801,  162,  771,    0,  545,  325,  120,  597,  414,  673,  427,  338,  921,  846,  881,  285,  929,  235,  792,  143,  546,  646,  876,  783,  913,  755,  608,  473,  826,  459,  277,  204,  439,  705,  249,  595,  135,  248,  727,  526,  863,  440,  489,  572,   56,  753,  242,  218,  856,  900,  968,  638],
        [  614,  614,  921,  683,  531,  404,  412,  501,  457,  588,  259,  805,  384,  683,  907,  474,  687,  595,  381,  474,  674,  286,  416,  243,  278,  244,  256,  863,  646,  744,  512,  418,  644,  545,    0,  522,  454,  481,  881,  524,  850,  239, 1003,  479,  420,  265,  599,  311,  758,  623,  465,  928,  742,  909, 1028,  442,  248,   73,  986,  378,  423,  350,  133,  346,  764,  787,  430,  302,  269,  275,  800,  843,  526,   29,  536,  511,  745,  383,  571,  440,  534,  253],
        [  162,  162,  435,  211,  676,  726,  529,  177,  577,  507,  519,  395,  573,  405,  502,  135,  184,   80,  217,  309,  362,  607,  353,  351,  246,  627,  268,  343,  368,  537,  542,  215,  462,  325,  522,    0,  232,  309,  402,  381,  349,  445,  611,  616,  704,  312,  672,  312,  468,  254,  257,  417,  561,  480,  612,  515,  439,  466,  537,  652,  517,  267,  390,  501,  366,  307,  364,  297,  578,  655,  540,  334,  173,  539,  372,  482,  336,  426,  588,  720,  762,  472],
        [  199,  199,  648,  263,  789,  532,  635,  377,  688,  680,  564,  627,  363,  622,  734,  325,  402,  252,  343,  478,  584,  643,  492,  398,  255,  639,  271,  506,  582,  746,  681,   44,  660,  120,  454,  232,    0,  482,  445,  557,  434,  281,  842,  726,  766,  189,  810,  150,  691,  172,  430,  607,  765,  709,  840,  635,  492,  383,  761,  452,  294,  105,  336,  587,  311,  528,  135,  154,  614,  489,  760,  438,  383,  479,  152,  634,  294,  209,  737,  785,  851,  522],
        [  471,  471,  505,  513,  384,  827,  257,  137,  293,  201,  326,  347,  720,  202,  437,  175,  346,  374,  147,    8,  196,  405,   84,  239,  286,  452,  291,  542,  166,  285,  239,  445,  188,  597,  481,  309,  482,    0,  688,   76,  619,  552,  527,  331,  458,  432,  367,  469,  278,  559,   53,  553,  296,  451,  558,  229,  266,  465,  532,  770,  698,  450,  387,  259,  675,  386,  582,  445,  381,  718,  327,  594,  153,  482,  633,  175,  644,  611,  280,  469,  485,  287],
        [  269,  269,  461,  201, 1068,  952,  927,  552,  972,  869,  919,  578,  775,  702,  647,  526,  366,  324,  618,  689,  654, 1007,  746,  748,  625, 1022,  647,  249,  679,  839,  926,  471,  794,  414,  881,  402,  445,  688,    0,  750,   85,  725,  735, 1011, 1106,  625, 1053,  593,  736,  280,  641,  361,  871,  597,  702,  909,  840,  814,  599,  872,  690,  545,  752,  902,  182,  427,  542,  593,  977,  929,  808,  120,  536,  903,  462,  862,  176,  627,  964, 1122, 1160,  872],
        [  542,  542,  525,  581,  336,  886,  232,  205,  255,  127,  335,  350,  787,  174,  427,  248,  397,  442,  220,   80,  186,  405,  108,  286,  355,  460,  357,  587,  148,  223,  185,  520,  123,  673,  524,  381,  557,   76,  750,    0,  677,  616,  506,  290,  435,  501,  305,  540,  242,  633,  129,  585,  229,  449,  544,  196,  291,  516,  532,  832,  769,  523,  442,  253,  746,  417,  656,  516,  385,  773,  277,  651,  217,  521,  708,  117,  715,  682,  215,  444,  444,  304],
        [  241,  241,  379,  172, 1001,  958,  864,  485,  907,  794,  866,  493,  782,  621,  562,  463,  287,  269,  561,  621,  573,  955,  681,  699,  584,  975,  607,  166,  599,  757,  856,  454,  716,  427,  850,  349,  434,  619,   85,  677,    0,  714,  652,  946, 1048,  603,  982,  577,  653,  285,  574,  282,  789,  513,  620,  843,  788,  786,  518,  877,  702,  528,  719,  843,  228,  342,  546,  574,  926,  923,  725,   35,  466,  870,  479,  791,  210,  630,  892, 1063, 1097,  819],
        [  475,  475,  879,  542,  727,  287,  586,  509,  638,  714,  457,  811,  175,  741,  919,  464,  629,  498,  411,  545,  717,  509,  517,  349,  268,  477,  261,  770,  701,  836,  668,  261,  737,  338,  239,  445,  281,  552,  725,  616,  714,    0, 1024,  668,  644,  137,  779,  139,  818,  448,  515,  858,  845,  907, 1037,  604,  412,  174,  973,  221,  188,  189,  197,  522,  580,  749,  208,  150,  486,  213,  875,  715,  528,  268,  316,  646,  567,  146,  730,  664,  752,  432],
        [  700,  700,  278,  687,  775, 1311,  724,  518,  729,  524,  840,  217, 1173,  333,  109,  561,  451,  602,  630,  534,  331,  908,  603,  762,  765,  965,  778,  487,  363,  356,  639,  824,  417,  921, 1003,  611,  842,  527,  735,  506,  652, 1024,    0,  752,  918,  889,  700,  906,  270,  808,  538,  385,  385,  143,   61,  683,  790,  977,  148, 1243, 1124,  868,  895,  756,  845,  333,  974,  887,  889, 1217,  275,  618,  498, 1006,  973,  585,  816, 1033,  626,  922,  891,  808],
        [  774,  774,  812,  826,   63,  883,   92,  461,   40,  229,  221,  630,  839,  439,  693,  486,  676,  690,  405,  328,  466,  222,  266,  338,  475,  289,  463,  871,  426,  404,  115,  684,  338,  846,  479,  616,  726,  331, 1011,  290,  946,  668,  752,    0,  170,  599,  122,  651,  485,  846,  372,  874,  383,  724,  800,  103,  258,  512,  806,  852,  851,  656,  473,  148,  976,  706,  786,  628,  224,  753,  484,  922,  481,  462,  866,  177,  947,  781,  136,  171,  156,  238],
        [  852,  852,  958,  911,  175,  812,  204,  573,  189,  395,  202,  783,  802,  597,  853,  586,  796,  782,  488,  453,  619,  136,  379,  372,  514,  182,  496,  994,  580,  573,  279,  723,  502,  881,  420,  704,  766,  458, 1106,  435, 1048,  644,  918,  170,    0,  608,  268,  662,  649,  907,  488, 1010,  552,  881,  964,  241,  276,  472,  964,  795,  831,  679,  460,  206, 1045,  843,  798,  642,  159,  681,  652, 1028,  596,  395,  891,  335, 1019,  775,  305,   21,  120,  245],
        [  363,  363,  744,  432,  660,  423,  510,  376,  564,  608,  408,  675,  292,  613,  784,  330,  495,  370,  287,  426,  587,  478,  409,  263,  146,  464,  147,  643,  573,  716,  579,  155,  619,  285,  265,  312,  189,  432,  625,  501,  603,  137,  889,  599,  608,    0,  699,   54,  689,  359,  390,  727,  727,  771,  901,  521,  345,  194,  837,  354,  269,   85,  155,  452,  500,  613,  191,   38,  451,  344,  749,  600,  394,  291,  286,  547,  482,  187,  639,  628,  705,  372],
        [  833,  833,  800,  879,   94, 1001,  194,  503,  143,  200,  341,  611,  951,  416,  656,  538,  701,  739,  473,  366,  453,  343,  324,  437,  566,  409,  557,  889,  415,  345,  131,  768,  306,  929,  599,  672,  810,  367, 1053,  305,  982,  779,  700,  122,  268,  699,    0,  749,  445,  914,  416,  874,  317,  694,  753,  179,  368,  628,  774,  968,  958,  748,  583,  258, 1037,  708,  881,  726,  346,  873,  426,  955,  518,  582,  955,  192, 1007,  884,   91,  262,  198,  352],
        [  338,  338,  746,  406,  712,  415,  561,  400,  616,  651,  462,  691,  267,  643,  800,  351,  496,  361,  322,  464,  613,  532,  453,  314,  189,  517,  193,  631,  602,  751,  627,  124,  656,  235,  311,  312,  150,  469,  593,  540,  577,  139,  906,  651,  662,   54,  749,    0,  718,  321,  425,  721,  764,  784,  914,  571,  398,  239,  845,  341,  230,   51,  207,  504,  459,  618,  137,   25,  504,  352,  780,  578,  416,  338,  233,  593,  443,  143,  687,  682,  758,  426],
        [  604,  604,  374,  618,  512, 1099,  455,  320,  461,  258,  575,  183,  980,   78,  211,  371,  378,  495,  407,  286,  107,  640,  346,  517,  550,  698,  559,  517,  118,  116,  372,  663,  148,  792,  758,  468,  691,  278,  736,  242,  653,  818,  270,  485,  649,  689,  445,  718,    0,  711,  305,  466,  151,  251,  315,  413,  532,  743,  330, 1038,  946,  688,  664,  489,  790,  320,  811,  695,  623,  993,   74,  621,  309,  758,  837,  316,  759,  856,  364,  654,  628,  546],
        [  109,  109,  574,  134,  907,  676,  755,  430,  806,  759,  709,  605,  499,  652,  703,  385,  358,  217,  443,  557,  608,  792,  591,  536,  397,  795,  417,  394,  617,  788,  783,  206,  715,  143,  623,  254,  172,  559,  280,  633,  285,  448,  808,  846,  907,  359,  914,  321,  711,    0,  506,  509,  813,  667,  794,  748,  632,  553,  703,  595,  417,  276,  501,  716,  143,  476,  264,  324,  763,  650,  784,  297,  426,  647,  197,  728,  123,  349,  833,  926,  982,  664],
        [  419,  419,  488,  463,  428,  794,  293,   90,  334,  254,  339,  345,  681,  228,  443,  123,  308,  324,  104,   52,  211,  423,  110,  225,  247,  464,  255,  506,  188,  327,  287,  395,  233,  546,  465,  257,  430,   53,  641,  129,  574,  515,  538,  372,  488,  390,  416,  425,  305,  506,    0,  527,  341,  450,  565,  270,  271,  442,  529,  735,  654,  403,  361,  285,  623,  363,  534,  401,  397,  690,  361,  551,  110,  469,  582,  225,  593,  566,  331,  501,  525,  296],
        [  418,  418,  109,  375,  919, 1133,  809,  452,  839,  676,  863,  283,  968,  465,  313,  462,  242,  362,  566,  558,  423,  948,  633,  721,  652,  986,  672,  120,  460,  581,  767,  608,  574,  646,  928,  417,  607,  553,  361,  585,  282,  858,  385,  874, 1010,  727,  874,  721,  466,  509,  527,    0,  616,  259,  345,  777,  790,  878,  242, 1055,  899,  673,  799,  810,  500,  169,  738,  709,  922, 1070,  526,  250,  426,  942,  701,  700,  476,  815,  785, 1021, 1029,  818],
        [  711,  711,  525,  735,  396, 1114,  378,  391,  368,  166,  523,  334, 1015,  169,  352,  442,  506,  603,  442,  302,  217,  572,  333,  511,  582,  635,  585,  661,  198,   36,  277,  732,  109,  876,  742,  561,  765,  296,  871,  229,  789,  845,  385,  383,  552,  727,  317,  764,  151,  813,  341,  616,    0,  397,  439,  336,  499,  741,  472, 1061,  994,  743,  669,  428,  907,  465,  874,  740,  560,  998,  111,  758,  389,  736,  916,  243,  875,  906,  249,  553,  511,  504],
        [  560,  560,  151,  545,  757, 1193,  679,  411,  695,  501,  775,  105, 1049,  285,   56,  448,  312,  465,  530,  457,  263,  851,  533,  673,  656,  901,  671,  350,  302,  363,  610,  694,  390,  783,  909,  480,  709,  451,  597,  449,  513,  907,  143,  724,  881,  771,  694,  784,  251,  667,  450,  259,  397,    0,  132,  641,  716,  877,   84, 1123,  996,  742,  794,  700,  702,  191,  842,  765,  829, 1107,  293,  479,  388,  916,  836,  548,  674,  905,  610,  888,  872,  737],
        [  689,  689,  242,  669,  826, 1323,  767,  536,  776,  572,  877,  227, 1180,  372,  122,  575,  443,  596,  651,  565,  363,  948,  637,  789,  782, 1003,  797,  454,  398,  409,  687,  826,  463,  913, 1028,  612,  840,  558,  702,  544,  620, 1037,   61,  800,  964,  901,  753,  914,  315,  794,  565,  345,  439,  132,    0,  727,  824,  999,  104, 1253, 1128,  874,  917,  796,  821,  319,  974,  895,  928, 1234,  329,  586,  513, 1033,  966,  630,  794, 1037,  677,  969,  942,  843],
        [  674,  674,  720,  725,  161,  839,   43,  359,   64,  171,  195,  543,  778,  358,  614,  384,  575,  588,  305,  226,  379,  236,  163,  259,  389,  300,  379,  771,  340,  350,   71,  593,  268,  755,  442,  515,  635,  229,  909,  196,  843,  604,  683,  103,  241,  521,  179,  571,  413,  748,  270,  777,  336,  641,  727,    0,  198,  461,  724,  800,  781,  571,  409,   99,  876,  609,  703,  547,  225,  714,  425,  820,  379,  429,  778,   99,  847,  706,  130,  249,  256,  190],
        [  580,  580,  758,  642,  317,  642,  175,  339,  227,  341,   80,  612,  584,  460,  703,  336,  558,  519,  231,  260,  461,  168,  188,   96,  238,  196,  221,  754,  428,  503,  267,  449,  405,  608,  248,  439,  492,  266,  840,  291,  788,  412,  790,  258,  276,  345,  368,  398,  532,  632,  271,  790,  499,  716,  824,  198,    0,  264,  797,  603,  594,  410,  216,  111,  771,  631,  535,  377,  139,  517,  565,  771,  365,  239,  622,  264,  745,  525,  328,  295,  362,   33],
        [  548,  548,  878,  618,  568,  379,  436,  466,  486,  594,  294,  774,  331,  666,  878,  433,  638,  536,  349,  458,  652,  337,  410,  231,  228,  304,  209,  808,  628,  739,  530,  348,  639,  473,   73,  466,  383,  465,  814,  516,  786,  174,  977,  512,  472,  194,  628,  239,  743,  553,  442,  878,  741,  877,  999,  461,  264,    0,  950,  341,  361,  279,   83,  370,  694,  744,  358,  230,  316,  258,  790,  781,  490,  100,  464,  520,  676,  315,  591,  493,  583,  277],
        [  599,  599,  139,  575,  838, 1258,  762,  486,  778,  582,  857,  186, 1109,  368,  120,  519,  359,  512,  605,  539,  346,  933,  615,  752,  727,  984,  744,  352,  385,  438,  692,  750,  472,  826,  986,  537,  761,  532,  599,  532,  518,  973,  148,  806,  964,  837,  774,  845,  330,  703,  529,  242,  472,   84,  104,  724,  797,  950,    0, 1186, 1052,  802,  867,  783,  722,  233,  895,  828,  911, 1175,  364,  484,  461,  993,  880,  631,  696,  962,  691,  971,  954,  819],
        [  650,  650, 1086,  711,  906,   81,  776,  728,  826,  924,  632, 1028,   98,  961, 1137,  683,  835,  694,  631,  764,  937,  663,  730,  556,  488,  616,  480,  957,  921, 1054,  868,  448,  954,  459,  378,  652,  452,  770,  872,  832,  877,  221, 1243,  852,  795,  354,  968,  341, 1038,  595,  735, 1055, 1061, 1123, 1253,  800,  603,  341, 1186,    0,  187,  386,  396,  711,  704,  958,  331,  358,  646,  134, 1094,  885,  747,  401,  415,  853,  700,  247,  929,  815,  911,  617],
        [  485,  485,  941,  541,  910,  266,  766,  627,  819,  876,  643,  908,   90,  872, 1017,  577,  694,  545,  552,  693,  841,  696,  677,  523,  414,  664,  415,  795,  831,  981,  843,  302,  885,  277,  423,  517,  294,  698,  690,  769,  702,  188, 1124,  851,  831,  269,  958,  230,  946,  417,  654,  899,  994,  996, 1128,  781,  594,  361, 1052,  187,    0,  259,  380,  704,  520,  820,  161,  254,  673,  283, 1010,  712,  641,  451,  230,  814,  517,   92,  904,  852,  939,  616],
        [  288,  288,  701,  356,  718,  461,  565,  369,  619,  639,  478,  652,  307,  615,  761,  319,  450,  312,  304,  445,  583,  552,  443,  320,  183,  543,  193,  582,  574,  728,  624,   75,  635,  204,  350,  267,  105,  450,  545,  523,  528,  189,  868,  656,  679,   85,  748,   51,  688,  276,  403,  673,  743,  742,  874,  571,  410,  279,  802,  386,  259,    0,  236,  511,  416,  573,  135,   49,  524,  401,  753,  528,  382,  375,  213,  584,  398,  168,  682,  699,  771,  439],
        [  484,  484,  796,  553,  531,  445,  390,  383,  442,  528,  265,  691,  369,  587,  796,  351,  558,  463,  266,  380,  571,  328,  337,  160,  147,  310,  127,  732,  548,  665,  475,  297,  565,  439,  133,  390,  336,  387,  752,  442,  719,  197,  895,  473,  460,  155,  583,  207,  664,  501,  361,  799,  669,  794,  917,  409,  216,   83,  867,  396,  380,  236,    0,  326,  644,  662,  340,  192,  302,  331,  713,  711,  407,  152,  440,  457,  623,  316,  536,  480,  563,  237],
        [  653,  653,  764,  710,  209,  746,   66,  368,  116,  263,   97,  599,  694,  425,  679,  381,  591,  578,  285,  254,  438,  152,  178,  192,  333,  211,  319,  789,  400,  438,  169,  544,  348,  705,  346,  501,  587,  259,  902,  253,  843,  522,  756,  148,  206,  452,  258,  504,  489,  716,  285,  810,  428,  700,  796,   99,  111,  370,  783,  711,  704,  511,  326,    0,  850,  644,  640,  482,  135,  619,  509,  823,  392,  332,  723,  186,  823,  633,  226,  221,  267,   95],
        [  205,  205,  585,  173, 1037,  785,  887,  541,  937,  871,  848,  659,  607,  741,  746,  501,  416,  307,  572,  674,  693,  933,  716,  675,  538,  937,  558,  380,  709,  879,  907,  348,  816,  249,  764,  366,  311,  675,  182,  746,  228,  580,  845,  976, 1045,  500, 1037,  459,  790,  143,  623,  500,  907,  702,  821,  876,  771,  694,  722,  704,  520,  416,  644,  850,    0,  515,  383,  464,  903,  774,  864,  254,  532,  789,  290,  848,   32,  466,  953, 1063, 1116,  803],
        [  370,  370,  134,  354,  751, 1032,  641,  295,  671,  510,  701,  151,  878,  305,  231,  314,  127,  279,  413,  391,  261,  785,  467,  568,  516,  826,  535,  197,  296,  431,  599,  518,  412,  595,  787,  307,  528,  386,  427,  417,  342,  749,  333,  706,  843,  613,  708,  618,  320,  476,  363,  169,  465,  191,  319,  609,  631,  744,  233,  958,  820,  573,  662,  644,  515,    0,  662,  602,  759,  955,  388,  309,  268,  798,  648,  532,  486,  730,  619,  854,  860,  658],
        [  324,  324,  782,  382,  847,  412,  696,  493,  750,  773,  598,  758,  237,  740,  866,  441,  536,  386,  437,  578,  705,  667,  577,  449,  316,  649,  325,  634,  700,  858,  757,  151,  766,  135,  430,  364,  135,  582,  542,  656,  546,  208,  974,  786,  798,  191,  881,  137,  811,  264,  534,  738,  874,  842,  974,  703,  535,  358,  895,  331,  161,  135,  340,  640,  383,  662,    0,  158,  640,  392,  878,  555,  503,  458,  109,  719,  374,   85,  816,  818,  895,  562],
        [  333,  333,  731,  402,  690,  431,  539,  378,  593,  627,  442,  671,  288,  620,  780,  330,  481,  349,  299,  440,  591,  513,  429,  291,  165,  501,  170,  621,  579,  728,  604,  122,  632,  248,  302,  297,  154,  445,  593,  516,  574,  150,  887,  628,  642,   38,  726,   25,  695,  324,  401,  709,  740,  765,  895,  547,  377,  230,  828,  358,  254,   49,  192,  482,  464,  602,  158,    0,  486,  362,  757,  573,  394,  327,  250,  569,  447,  167,  664,  662,  738,  405],
        [  716,  716,  884,  779,  268,  669,  184,  472,  212,  394,   60,  726,  646,  558,  810,  473,  693,  657,  369,  375,  568,   30,  298,  230,  366,   77,  347,  890,  531,  572,  290,  572,  483,  727,  269,  578,  614,  381,  977,  385,  926,  486,  889,  224,  159,  451,  346,  504,  623,  763,  397,  922,  560,  829,  928,  225,  139,  316,  911,  646,  673,  524,  302,  135,  903,  759,  640,  486,    0,  538,  643,  909,  497,  247,  735,  318,  878,  616,  341,  180,  268,  107],
        [  686,  686, 1087,  752,  804,  132,  685,  699,  731,  851,  533, 1007,  200,  916, 1114,  660,  838,  710,  590,  711,  899,  552,  667,  488,  453,  500,  440,  982,  877,  995,  783,  473,  895,  526,  275,  655,  489,  718,  929,  773,  923,  213, 1217,  753,  681,  344,  873,  352,  993,  650,  690, 1070,  998, 1107, 1234,  714,  517,  258, 1175,  134,  283,  401,  331,  619,  774,  955,  392,  362,  538,    0, 1044,  926,  721,  293,  491,  777,  765,  310,  843,  700,  799,  525],
        [  678,  678,  429,  692,  502, 1153,  467,  386,  465,  258,  601,  244, 1040,  139,  245,  438,  451,  569,  464,  334,  178,  658,  384,  561,  608,  719,  615,  584,  180,   82,  373,  731,  162,  863,  800,  540,  760,  327,  808,  277,  725,  875,  275,  484,  652,  749,  426,  780,   74,  784,  361,  526,  111,  293,  329,  425,  565,  790,  364, 1094, 1010,  753,  713,  509,  864,  388,  878,  757,  643, 1044,    0,  692,  377,  798,  908,  327,  833,  920,  354,  654,  618,  576],
        [  241,  241,  345,  175,  977,  965,  842,  462,  884,  767,  850,  459,  791,  590,  528,  443,  258,  255,  543,  596,  542,  938,  659,  684,  574,  960,  596,  133,  569,  726,  831,  454,  686,  440,  843,  334,  438,  594,  120,  651,   35,  715,  618,  922, 1028,  600,  955,  578,  621,  297,  551,  250,  758,  479,  586,  820,  771,  781,  484,  885,  712,  528,  711,  823,  254,  309,  555,  573,  909,  926,  692,    0,  442,  863,  493,  766,  234,  638,  866, 1043, 1074,  803],
        [  330,  330,  400,  366,  536,  814,  402,   27,  442,  341,  437,  287,  681,  239,  394,   65,  200,  227,  147,  155,  202,  524,  219,  300,  269,  560,  284,  398,  200,  367,  391,  355,  289,  489,  526,  173,  383,  153,  536,  217,  466,  528,  498,  481,  596,  394,  518,  416,  309,  426,  110,  426,  389,  388,  513,  379,  365,  490,  461,  747,  641,  382,  407,  392,  532,  268,  503,  394,  497,  721,  377,  442,    0,  535,  532,  327,  501,  550,  430,  610,  634,  393],
        [  635,  635,  932,  704,  511,  423,  397,  509,  441,  579,  242,  811,  410,  683,  911,  485,  701,  613,  389,  475,  676,  263,  414,  245,  294,  218,  272,  880,  647,  739,  499,  442,  640,  572,   29,  539,  479,  482,  903,  521,  870,  268, 1006,  462,  395,  291,  582,  338,  758,  647,  469,  942,  736,  916, 1033,  429,  239,  100,  993,  401,  451,  375,  152,  332,  789,  798,  458,  327,  247,  293,  798,  863,  535,    0,  564,  502,  770,  412,  558,  415,  511,  240],
        [  285,  285,  758,  329,  928,  495,  775,  527,  829,  830,  690,  761,  317,  770,  865,  475,  524,  371,  493,  629,  731,  763,  640,  531,  391,  749,  404,  589,  731,  896,  827,  189,  811,   56,  536,  372,  152,  633,  462,  708,  479,  316,  973,  866,  891,  286,  955,  233,  837,  197,  582,  701,  916,  836,  966,  778,  622,  464,  880,  415,  230,  213,  440,  723,  290,  648,  109,  250,  735,  491,  908,  493,  532,  564,    0,  783,  288,  183,  884,  911,  983,  651],
        [  644,  644,  635,  688,  220,  898,  140,  312,  148,   78,  281,  453,  820,  264,  519,  347,  513,  548,  292,  175,  289,  332,  143,  298,  405,  394,  401,  704,  250,  254,   68,  594,  170,  753,  511,  482,  634,  175,  862,  117,  791,  646,  585,  177,  335,  547,  192,  593,  316,  728,  225,  700,  243,  548,  630,   99,  264,  520,  631,  853,  814,  584,  457,  186,  848,  532,  719,  569,  318,  777,  327,  766,  327,  502,  783,    0,  818,  733,  106,  341,  331,  265],
