{
    "name": "random-23-27879",
    "comment": "size=23 seed=27879",
    "nodes": ["+0", "-0", "+1", "-1", "+2", "-2", "+3", "-3", "+4", "-4", "+5", "-5", "+6", "-6", "+7", "-7", "+8", "-8", "+9", "-9", "+10", "-10", "+11", "-11", "+12", "-12", "+13", "-13", "+14", "-14", "+15", "-15", "+16", "-16", "+17", "-17", "+18", "-18", "+19", "-19", "+20", "-20", "+21", "-21", "+22", "-22", "+23", "-23"],
    "precedence": {
        "+0": "-0",
        "+1": "-1",
        "+2": "-2",
        "+3": "-3",
        "+4": "-4",
        "+5": "-5",
        "+6": "-6",
        "+7": "-7",
        "+8": "-8",
        "+9": "-9",
        "+10": "-10",
        "+11": "-11",
        "+12": "-12",
        "+13": "-13",
        "+14": "-14",
        "+15": "-15",
        "+16": "-16",
        "+17": "-17",
        "+18": "-18",
        "+19": "-19",
        "+20": "-20",
        "+21": "-21",
        "+22": "-22",
        "+23": "-23"
    },
    "edges": [
        [    0,    0,  529,  685,  372,  364,  608,  598,  291,  347,  599,  190,  389,  468,  683,  717,  460,  552,  364,  896,  359,  273,  579,   70,  331,  472,  371,  115,  438,  280,   67,  360,  717,  341,  554,  280,  407,  193,  669,  538,  269,  594,  742,  579,  316,  256,  355,  398],
        [    0,    0,  529,  685,  372,  364,  608,  598,  291,  347,  599,  190,  389,  468,  683,  717,  460,  552,  364,  896,  359,  273,  579,   70,  331,  472,  371,  115,  438,  280,   67,  360,  717,  341,  554,  280,  407,  193,  669,  538,  269,  594,  742,  579,  316,  256,  355,  398],
        [  529,  529,    0,  413,  188,  342,  517,   96,  696,  214,  782,  348,  142,  308,  585,  192,   90,  549,  213,  432,  876,  788,  815,  461,  678,  447,  847,  478,  709,  296,  523,  305,  191,  446,  215,  250,  380,  665,  141,  229,  441,  447,  254,   54,  615,  631,  731,  919],
        [  685,  685,  413,    0,  530,  322,  919,  485,  948,  386,  554,  517,  451,  218,  992,  407,  371,  289,  559,  325, 1031,  857,  617,  627,  958,  830, 1055,  579,  577,  600,  719,  661,  406,  382,  627,  495,  289,  715,  443,  196,  440,  139,  308,  392,  910,  892, 1001, 1065],
        [  372,  372,  188,  530,    0,  329,  404,  232,  510,  176,  761,  219,   80,  355,  482,  377,  168,  575,   30,  615,  702,  642,  778,  307,  490,  301,  663,  351,  652,  110,  353,  132,  376,  409,  198,  116,  383,  536,  315,  335,  375,  518,  439,  242,  429,  444,  543,  746],
        [  364,  364,  342,  322,  329,    0,  726,  437,  637,  155,  445,  213,  266,  109,  806,  477,  253,  250,  350,  572,  711,  548,  474,  309,  656,  609,  735,  257,  370,  346,  403,  434,  476,  107,  504,  237,   58,  407,  461,  209,  131,  237,  451,  366,  616,  586,  694,  745],
        [  608,  608,  517,  919,  404,  726,    0,  479,  525,  578, 1137,  561,  480,  759,   81,  638,  550,  975,  379,  919,  794,  852, 1141,  576,  458,  136,  691,  658, 1004,  391,  550,  295,  638,  793,  313,  492,  783,  800,  566,  725,  743,  920,  744,  555,  400,  475,  507,  839],
        [  598,  598,   96,  485,  232,  437,  479,    0,  734,  303,  877,  425,  214,  400,  539,  167,  184,  642,  250,  442,  934,  863,  910,  530,  706,  433,  893,  558,  803,  340,  583,  322,  167,  540,  166,  321,  475,  746,   94,  314,  533,  534,  266,   94,  641,  668,  761,  978],
        [  291,  291,  696,  948,  510,  637,  525,  734,    0,  574,  876,  431,  565,  731,  579,  886,  655,  841,  487, 1112,  273,  395,  846,  330,   75,  415,  172,  405,  709,  401,  237,  419,  885,  629,  627,  474,  685,  419,  823,  778,  557,  872,  942,  750,  126,   67,   67,  316],
        [  347,  347,  214,  386,  176,  155,  578,  303,  574,    0,  596,  158,  113,  187,  657,  384,  127,  399,  200,  551,  706,  588,  620,  279,  576,  468,  701,  275,  504,  217,  361,  292,  383,  246,  351,  109,  208,  459,  349,  205,  230,  350,  396,  252,  526,  514,  622,  745],
        [  599,  599,  782,  554,  761,  445, 1137,  877,  876,  596,    0,  577,  708,  485, 1217,  887,  695,  269,  777,  879,  801,  568,   76,  593,  927, 1008,  892,  502,  171,  747,  664,  844,  886,  353,  946,  653,  403,  469,  888,  595,  394,  420,  825,  799,  914,  852,  943,  813],
        [  190,  190,  348,  517,  219,  213,  561,  425,  431,  158,  577,    0,  211,  301,  641,  532,  273,  447,  223,  708,  548,  441,  582,  122,  445,  431,  547,  135,  448,  172,  206,  270,  531,  242,  416,  107,  267,  322,  488,  354,  184,  448,  553,  395,  404,  376,  485,  588],
        [  389,  389,  142,  451,   80,  266,  480,  214,  565,  113,  708,  211,    0,  280,  556,  332,   93,  507,  109,  549,  736,  651,  731,  320,  552,  380,  710,  344,  611,  168,  383,  211,  331,  357,  238,  110,  318,  532,  281,  256,  335,  441,  378,  193,  494,  500,  604,  778],
        [  468,  468,  308,  218,  355,  109,  759,  400,  731,  187,  485,  301,  280,    0,  836,  404,  230,  242,  381,  467,  818,  656,  528,  409,  744,  652,  838,  365,  444,  402,  501,  477,  403,  196,  501,  292,  100,  515,  403,  116,  238,  164,  360,  316,  699,  677,  786,  853],
        [  683,  683,  585,  992,  482,  806,   81,  539,  579,  657, 1217,  641,  556,  836,    0,  694,  623, 1055,  458,  975,  851,  922, 1220,  653,  509,  214,  742,  737, 1084,  471,  624,  375,  694,  873,  375,  572,  862,  875,  622,  798,  823,  997,  804,  620,  456,  535,  555,  895],
        [  717,  717,  192,  407,  377,  477,  638,  167,  886,  384,  887,  532,  332,  404,  694,    0,  260,  629,  400,  282, 1067,  970,  932,  648,  863,  600, 1038,  657,  843,  486,  714,  482,    2,  583,  328,  439,  498,  842,   74,  293,  596,  495,  120,  140,  800,  820,  918, 1110],
        [  460,  460,   90,  371,  168,  253,  550,  184,  655,  127,  695,  273,   93,  230,  623,  260,    0,  470,  197,  458,  814,  711,  727,  391,  645,  461,  796,  398,  619,  260,  462,  298,  259,  356,  273,  187,  294,  584,  223,  175,  352,  381,  289,  126,  586,  591,  695,  856],
        [  552,  552,  549,  289,  575,  250,  975,  642,  841,  399,  269,  447,  507,  242, 1055,  629,  470,    0,  598,  612,  852,  644,  328,  515,  873,  858,  907,  437,  300,  595,  606,  684,  628,  214,  738,  487,  193,  509,  639,  340,  285,  152,  560,  556,  842,  799,  904,  876],
        [  364,  364,  213,  559,   30,  350,  379,  250,  487,  200,  777,  223,  109,  381,  458,  400,  197,  598,    0,  642,  687,  636,  791,  302,  465,  273,  643,  353,  663,   91,  340,  103,  399,  426,  195,  126,  405,  534,  336,  364,  388,  544,  465,  267,  403,  421,  519,  731],
        [  896,  896,  432,  325,  615,  572,  919,  442, 1112,  551,  879,  708,  549,  467,  975,  282,  458,  612,  642,    0, 1255, 1116,  940,  829, 1101,  872, 1249,  810,  889,  716,  911,  736,  282,  662,  607,  641,  564,  977,  354,  366,  702,  461,  179,  381, 1042, 1049, 1153, 1294],
        [  359,  359,  876, 1031,  702,  711,  794,  934,  273,  706,  801,  548,  736,  818,  851, 1067,  814,  852,  687, 1255,    0,  235,  751,  427,  345,  678,  137,  454,  633,  596,  354,  645, 1067,  661,  857,  629,  745,  346, 1013,  895,  595,  927, 1100,  928,  396,  321,  310,   46],
        [  273,  273,  788,  857,  642,  548,  852,  863,  395,  588,  568,  441,  651,  656,  922,  970,  711,  644,  636, 1116,  235,    0,  517,  335,  466,  720,  343,  314,  402,  552,  312,  630,  969,  476,  826,  543,  569,  143,  928,  751,  420,  739,  979,  835,  490,  408,  456,  245],
        [  579,  579,  815,  617,  778,  474, 1141,  910,  846,  620,   76,  582,  731,  528, 1220,  932,  727,  328,  791,  940,  751,  517,    0,  581,  901, 1009,  849,  492,  142,  753,  645,  851,  931,  374,  968,  666,  438,  432,  928,  641,  404,  480,  877,  836,  894,  828,  913,  760],
        [   70,   70,  461,  627,  307,  309,  576,  530,  330,  279,  593,  122,  320,  409,  653,  648,  391,  515,  302,  829,  427,  335,  581,    0,  358,  441,  430,   91,  441,  222,   94,  311,  648,  302,  495,  211,  356,  237,  600,  473,  231,  544,  674,  510,  331,  285,  390,  467],
        [  331,  331,  678,  958,  490,  656,  458,  706,   75,  576,  927,  445,  552,  744,  509,  863,  645,  873,  465, 1101,  345,  466,  901,  358,    0,  356,  234,  440,  762,  386,  270,  386,  863,  659,  587,  471,  708,  479,  797,  780,  589,  892,  927,  731,   68,   75,   57,  388],
        [  472,  472,  447,  830,  301,  609,  136,  433,  415,  468, 1008,  431,  380,  652,  214,  600,  461,  858,  273,  872,  678,  720, 1009,  441,  356,    0,  586,  524,  871,  266,  415,  176,  599,  668,  277,  372,  666,  665,  526,  634,  615,  816,  693,  494,  292,  359,  410,  724],
        [  371,  371,  847, 1055,  663,  735,  691,  893,  172,  701,  892,  547,  710,  838,  742, 1038,  796,  907,  643, 1249,  137,  343,  849,  430,  234,  586,    0,  482,  722,  554,  341,  584, 1037,  704,  795,  610,  777,  424,  978,  901,  634,  964, 1084,  900,  295,  234,  188,  169],
        [  115,  115,  478,  579,  351,  257,  658,  558,  405,  275,  502,  135,  344,  365,  737,  657,  398,  437,  353,  810,  454,  314,  492,   91,  440,  524,  482,    0,  352,  286,  171,  381,  656,  226,  547,  241,  296,  189,  617,  446,  155,  482,  666,  522,  418,  366,  468,  489],
        [  438,  438,  709,  577,  652,  370, 1004,  803,  709,  504,  171,  448,  611,  444, 1084,  843,  619,  300,  663,  889,  633,  402,  142,  441,  762,  871,  722,  352,    0,  619,  504,  717,  842,  264,  846,  538,  347,  299,  831,  559,  278,  439,  803,  736,  753,  688,  776,  647],
        [  280,  280,  296,  600,  110,  346,  391,  340,  401,  217,  747,  172,  168,  402,  471,  486,  260,  595,   91,  716,  596,  552,  753,  222,  386,  266,  554,  286,  619,    0,  251,   99,  485,  403,  275,  111,  404,  458,  425,  410,  353,  564,  543,  350,  327,  336,  437,  640],
        [   67,   67,  523,  719,  353,  403,  550,  583,  237,  361,  664,  206,  383,  501,  624,  714,  462,  606,  340,  911,  354,  312,  645,   94,  270,  415,  341,  171,  504,  251,    0,  320,  714,  393,  523,  277,  450,  253,  661,  560,  322,  637,  750,  575,  251,  195,  299,  396],
        [  360,  360,  305,  661,  132,  434,  295,  322,  419,  292,  844,  270,  211,  477,  375,  482,  298,  684,  103,  736,  645,  630,  851,  311,  386,  176,  584,  381,  717,   99,  320,    0,  482,  498,  212,  198,  491,  546,  414,  466,  450,  640,  558,  357,  320,  353,  441,  691],
        [  717,  717,  191,  406,  376,  476,  638,  167,  885,  383,  886,  531,  331,  403,  694,    2,  259,  628,  399,  282, 1067,  969,  931,  648,  863,  599, 1037,  656,  842,  485,  714,  482,    0,  582,  328,  439,  497,  841,   74,  292,  595,  494,  119,  139,  799,  820,  917, 1109],
        [  341,  341,  446,  382,  409,  107,  793,  540,  629,  246,  353,  242,  357,  196,  873,  583,  356,  214,  426,  662,  661,  476,  374,  302,  659,  668,  704,  226,  264,  403,  393,  498,  582,    0,  595,  303,   99,  334,  567,  308,   72,  267,  552,  472,  629,  586,  691,  691],
        [  554,  554,  215,  627,  198,  504,  313,  166,  627,  351,  946,  416,  238,  501,  375,  328,  273,  738,  195,  607,  857,  826,  968,  495,  587,  277,  795,  547,  846,  275,  523,  212,  328,  595,    0,  313,  553,  728,  255,  440,  568,  653,  432,  246,  520,  562,  643,  902],
        [  280,  280,  250,  495,  116,  237,  492,  321,  474,  109,  653,  107,  110,  292,  572,  439,  187,  487,  126,  641,  629,  543,  666,  211,  471,  372,  610,  241,  538,  111,  277,  198,  439,  303,  313,    0,  295,  428,  390,  310,  263,  454,  475,  300,  419,  412,  519,  671],
        [  407,  407,  380,  289,  383,   58,  783,  475,  685,  208,  403,  267,  318,  100,  862,  498,  294,  193,  405,  564,  745,  569,  438,  356,  708,  666,  777,  296,  347,  404,  450,  491,  497,   99,  553,  295,    0,  427,  490,  214,  151,  188,  459,  398,  670,  636,  744,  777],
        [  193,  193,  665,  715,  536,  407,  800,  746,  419,  459,  469,  322,  532,  515,  875,  842,  584,  509,  534,  977,  346,  143,  432,  237,  479,  665,  424,  189,  299,  458,  253,  546,  841,  334,  728,  428,  427,    0,  805,  612,  278,  598,  844,  709,  483,  408,  485,  369],
        [  669,  669,  141,  443,  315,  461,  566,   94,  823,  349,  888,  488,  281,  403,  622,   74,  223,  639,  336,  354, 1013,  928,  928,  600,  797,  526,  978,  617,  831,  425,  661,  414,   74,  567,  255,  390,  490,  805,    0,  300,  572,  515,  184,   98,  733,  757,  852, 1057],
        [  538,  538,  229,  196,  335,  209,  725,  314,  778,  205,  595,  354,  256,  116,  798,  293,  175,  340,  364,  366,  895,  751,  641,  473,  780,  634,  901,  446,  559,  410,  560,  466,  292,  308,  440,  310,  214,  612,  300,    0,  340,  220,  245,  222,  728,  719,  827,  933],
        [  269,  269,  441,  440,  375,  131,  743,  533,  557,  230,  394,  184,  335,  238,  823,  596,  352,  285,  388,  702,  595,  420,  404,  231,  589,  615,  634,  155,  278,  353,  322,  450,  595,   72,  568,  263,  151,  278,  572,  340,    0,  333,  579,  475,  560,  515,  620,  626],
        [  594,  594,  447,  139,  518,  237,  920,  534,  872,  350,  420,  448,  441,  164,  997,  495,  381,  152,  544,  461,  927,  739,  480,  544,  892,  816,  964,  482,  439,  564,  637,  640,  494,  267,  653,  454,  188,  598,  515,  220,  333,    0,  415,  442,  851,  822,  930,  957],
        [  742,  742,  254,  308,  439,  451,  744,  266,  942,  396,  825,  553,  378,  360,  804,  120,  289,  560,  465,  179, 1100,  979,  877,  674,  927,  693, 1084,  666,  803,  543,  750,  558,  119,  552,  432,  475,  459,  844,  184,  245,  579,  415,    0,  202,  867,  877,  980, 1140],
        [  579,  579,   54,  392,  242,  366,  555,   94,  750,  252,  799,  395,  193,  316,  620,  140,  126,  556,  267,  381,  928,  835,  836,  510,  731,  494,  900,  522,  736,  350,  575,  357,  139,  472,  246,  300,  398,  709,   98,  222,  475,  442,  202,    0,  669,  685,  785,  971],
        [  316,  316,  615,  910,  429,  616,  400,  641,  126,  526,  914,  404,  494,  699,  456,  800,  586,  842,  403, 1042,  396,  490,  894,  331,   68,  292,  295,  418,  753,  327,  251,  320,  799,  629,  520,  419,  670,  483,  733,  728,  560,  851,  867,  669,    0,   83,  124,  440],
        [  256,  256,  631,  892,  444,  586,  475,  668,   67,  514,  852,  376,  500,  677,  535,  820,  591,  799,  421, 1049,  321,  408,  828,  285,   75,  359,  234,  366,  688,  336,  195,  353,  820,  586,  562,  412,  636,  408,  757,  719,  515,  822,  877,  685,   83,    0,  109,  366],
        [  355,  355,  731, 1001,  543,  694,  507,  761,   67,  622,  943,  485,  604,  786,  555,  918,  695,  904,  519, 1153,  310,  456,  913,  390,   57,  410,  188,  468,  776,  437,  299,  441,  917,  691,  643,  519,  744,  485,  852,  827,  620,  930,  980,  785,  124,  109,    0,  350],
        [  398,  398,  919, 1065,  746,  745,  839,  978,  316,  745,  813,  588,  778,  853,  895, 1110,  856,  876,  731, 1294,   46,  245,  760,  467,  388,  724,  169,  489,  647,  640,  396,  691, 1109,  691,  902,  671,  777,  369, 1057,  933,  626,  957, 1140,  971,  440,  366,  350,    0]
    ]
}
