{
    "name": "random-18-27942",
    "comment": "size=18 seed=27942",
    "nodes": ["+0", "-0", "+1", "-1", "+2", "-2", "+3", "-3", "+4", "-4", "+5", "-5", "+6", "-6", "+7", "-7", "+8", "-8", "+9", "-9", "+10", "-10", "+11", "-11", "+12", "-12", "+13", "-13", "+14", "-14", "+15", "-15", "+16", "-16", "+17", "-17", "+18", "-18"],
    "precedence": {
        "+0": "-0",
        "+1": "-1",
        "+2": "-2",
        "+3": "-3",
        "+4": "-4",
        "+5": "-5",
        "+6": "-6",
        "+7": "-7",
        "+8": "-8",
        "+9": "-9",
        "+10": "-10",
        "+11": "-11",
        "+12": "-12",
        "+13": "-13",
        "+14": "-14",
        "+15": "-15",
        "+16": "-16",
        "+17": "-17",
        "+18": "-18"
    },
    "edges": [
        [    0,    0,  626,  110,  688,  750,  352,  846,  686,  824,   86,  646,  790,  305,  490,  134,  702,  186,  821,  150,  562, 1035,  824,  681,  418,  147,  747,  486,  391,   76,  745,  676,  250,  644, 1058,   20,  449,  760],
        [    0,    0,  626,  110,  688,  750,  352,  846,  686,  824,   86,  646,  790,  305,  490,  134,  702,  186,  821,  150,  562, 1035,  824,  681,  418,  147,  747,  486,  391,   76,  745,  676,  250,  644, 1058,   20,  449,  760],
        [  626,  626,    0,  538,  812,  364,  510,  653,  267,  357,  649,  927,  837,  781,  403,  539,  289,  687, 1064,  483,  774,  735,  503,   56,  234,  682,  257,  206,  445,  594,  279,  689,  811,  897,  819,  633,  869,  241],
        [  110,  110,  538,    0,  613,  641,  253,  742,  578,  716,  180,  599,  707,  298,  382,  154,  594,  177,  773,   58,  495,  928,  715,  592,  319,  241,  641,  383,  285,  139,  638,  585,  286,  591,  954,  126,  432,  656],
        [  688,  688,  812,  613,    0,  580,  384,  380,  616,  678,  773,  208,  119,  463,  411,  765,  609,  526,  266,  631,  138,  577,  517,  844,  631,  834,  688,  617,  408,  746,  662,  149,  579,  165,  529,  708,  378,  722],
        [  750,  750,  364,  641,  580,    0,  460,  308,  100,  101,  808,  753,  560,  761,  286,  724,   77,  716,  845,  607,  602,  373,  140,  364,  371,  860,  129,  299,  390,  755,   99,  433,  837,  713,  456,  765,  789,  162],
        [  352,  352,  510,  253,  384,  460,    0,  497,  429,  552,  431,  434,  465,  304,  174,  396,  437,  262,  592,  256,  293,  692,  499,  557,  287,  493,  504,  307,   74,  391,  490,  334,  379,  411,  708,  371,  363,  529],
        [  846,  846,  653,  742,  380,  308,  497,    0,  392,  378,  922,  586,  309,  738,  374,  867,  373,  744,  622,  730,  467,  210,  184,  663,  578,  982,  436,  523,  458,  877,  406,  249,  842,  543,  212,  865,  708,  469],
        [  686,  686,  267,  578,  616,  100,  429,  392,    0,  139,  737,  772,  614,  732,  261,  646,   24,  673,  881,  538,  617,  472,  237,  271,  286,  786,   78,  213,  355,  683,   62,  476,  798,  735,  553,  699,  779,  109],
        [  824,  824,  357,  716,  678,  101,  552,  378,  139,    0,  876,  853,  651,  855,  379,  785,  122,  804,  942,  677,  703,  394,  196,  341,  424,  925,  102,  350,  480,  821,   87,  530,  927,  814,  492,  838,  888,  119],
        [   86,   86,  649,  180,  773,  808,  431,  922,  737,  876,    0,  728,  874,  381,  560,  113,  755,  266,  903,  202,  647, 1107,  890,  703,  459,   62,  793,  531,  465,   56,  794,  759,  310,  728, 1134,   66,  526,  804],
        [  646,  646,  927,  599,  208,  753,  434,  586,  772,  853,  728,    0,  312,  361,  531,  750,  769,  462,  176,  635,  156,  784,  710,  968,  717,  785,  848,  723,  487,  715,  825,  343,  470,   44,  734,  664,  232,  881],
        [  790,  790,  837,  707,  119,  560,  465,  309,  614,  651,  874,  312,    0,  580,  451,  856,  603,  636,  314,  719,  255,  487,  472,  863,  680,  936,  679,  654,  474,  843,  651,  150,  695,  272,  425,  810,  497,  714],
        [  305,  305,  781,  298,  463,  761,  304,  738,  732,  855,  381,  361,  580,    0,  477,  428,  740,  124,  533,  350,  326,  946,  784,  832,  548,  432,  807,  589,  378,  380,  794,  511,  116,  371,  936,  320,  146,  832],
        [  490,  490,  403,  382,  411,  286,  174,  374,  261,  379,  560,  531,  451,  477,    0,  496,  267,  433,  662,  361,  376,  549,  336,  439,  231,  617,  338,  206,  106,  511,  322,  302,  552,  498,  584,  508,  518,  367],
        [  134,  134,  539,  154,  765,  724,  396,  867,  646,  785,  113,  750,  856,  428,  496,    0,  666,  305,  924,  141,  649, 1042,  816,  594,  362,  144,  698,  436,  412,   65,  701,  729,  383,  744, 1078,  127,  570,  706],
        [  702,  702,  289,  594,  609,   77,  437,  373,   24,  122,  755,  769,  603,  740,  267,  666,    0,  685,  874,  555,  615,  449,  214,  291,  307,  805,   80,  233,  364,  701,   57,  467,  808,  731,  531,  716,  783,  114],
        [  186,  186,  687,  177,  526,  716,  262,  744,  673,  804,  266,  462,  636,  124,  433,  305,  685,    0,  637,  232,  393,  946,  761,  740,  456,  323,  745,  507,  327,  259,  735,  541,  127,  464,  951,  203,  265,  766],
        [  821,  821, 1064,  773,  266,  845,  592,  622,  881,  942,  903,  176,  314,  533,  662,  924,  874,  637,    0,  806,  299,  798,  776, 1100,  866,  959,  953,  863,  636,  890,  927,  412,  638,  184,  725,  839,  396,  987],
        [  150,  150,  483,   58,  631,  607,  256,  730,  538,  677,  202,  635,  719,  350,  361,  141,  555,  232,  806,    0,  521,  909,  689,  538,  269,  258,  598,  337,  273,  151,  597,  590,  343,  623,  941,  162,  479,  611],
        [  562,  562,  774,  495,  138,  602,  293,  467,  617,  703,  647,  156,  255,  326,  376,  649,  615,  393,  299,  521,    0,  674,  570,  814,  569,  707,  693,  571,  338,  624,  671,  219,  442,  123,  641,  581,  250,  726],
        [ 1035, 1035,  735,  928,  577,  373,  692,  210,  472,  394, 1107,  784,  487,  946,  549, 1042,  449,  946,  798,  909,  674,    0,  240,  729,  719, 1165,  484,  654,  645, 1059,  458,  455, 1048,  741,  114, 1053,  917,  510],
        [  824,  824,  503,  715,  517,  140,  499,  184,  237,  196,  890,  710,  472,  784,  336,  816,  214,  761,  776,  689,  570,  240,    0,  503,  482,  946,  264,  415,  440,  840,  235,  370,  874,  668,  317,  841,  787,  295],
        [  681,  681,   56,  592,  844,  364,  557,  663,  271,  341,  703,  968,  863,  832,  439,  594,  291,  740, 1100,  538,  814,  729,  503,    0,  286,  736,  245,  251,  489,  649,  271,  717,  864,  936,  818,  688,  918,  223],
        [  418,  418,  234,  319,  631,  371,  287,  578,  286,  424,  459,  717,  680,  548,  231,  362,  307,  456,  866,  269,  569,  719,  482,  286,    0,  504,  336,   74,  231,  404,  339,  531,  581,  691,  777,  429,  639,  346],
        [  147,  147,  682,  241,  834,  860,  493,  982,  786,  925,   62,  785,  936,  432,  617,  144,  805,  323,  959,  258,  707, 1165,  946,  736,  504,    0,  840,  577,  524,  107,  842,  821,  352,  786, 1194,  127,  577,  849],
        [  747,  747,  257,  641,  688,  129,  504,  436,   78,  102,  793,  848,  679,  807,  338,  698,   80,  745,  953,  598,  693,  484,  264,  245,  336,  840,    0,  263,  430,  738,   30,  545,  870,  810,  576,  759,  856,   36],
        [  486,  486,  206,  383,  617,  299,  307,  523,  213,  350,  531,  723,  654,  589,  206,  436,  233,  507,  863,  337,  571,  654,  415,  251,   74,  577,  263,    0,  240,  475,  266,  505,  633,  693,  716,  498,  668,  275],
        [  391,  391,  445,  285,  408,  390,   74,  458,  355,  480,  465,  487,  474,  378,  106,  412,  364,  327,  636,  273,  338,  645,  440,  489,  231,  524,  430,  240,    0,  419,  417,  332,  448,  460,  670,  409,  435,  456],
        [   76,   76,  594,  139,  746,  755,  391,  877,  683,  821,   56,  715,  843,  380,  511,   65,  701,  259,  890,  151,  624, 1059,  840,  649,  404,  107,  738,  475,  419,    0,  739,  723,  324,  712, 1089,   65,  524,  749],
        [  745,  745,  279,  638,  662,   99,  490,  406,   62,   87,  794,  825,  651,  794,  322,  701,   57,  735,  927,  597,  671,  458,  235,  271,  339,  842,   30,  266,  417,  739,    0,  518,  860,  786,  548,  758,  838,   65],
        [  676,  676,  689,  585,  149,  433,  334,  249,  476,  530,  759,  343,  150,  511,  302,  729,  467,  541,  412,  590,  219,  455,  370,  717,  531,  821,  545,  505,  332,  723,  518,    0,  622,  300,  428,  696,  464,  580],
        [  250,  250,  811,  286,  579,  837,  379,  842,  798,  927,  310,  470,  695,  116,  552,  383,  808,  127,  638,  343,  442, 1048,  874,  864,  581,  352,  870,  633,  448,  324,  860,  622,    0,  483, 1043,  260,  243,  891],
        [  644,  644,  897,  591,  165,  713,  411,  543,  735,  814,  728,   44,  272,  371,  498,  744,  731,  464,  184,  623,  123,  741,  668,  936,  691,  786,  810,  693,  460,  712,  786,  300,  483,    0,  692,  663,  251,  843],
        [ 1058, 1058,  819,  954,  529,  456,  708,  212,  553,  492, 1134,  734,  425,  936,  584, 1078,  531,  951,  725,  941,  641,  114,  317,  818,  777, 1194,  576,  716,  670, 1089,  548,  428, 1043,  692,    0, 1077,  890,  604],
        [   20,   20,  633,  126,  708,  765,  371,  865,  699,  838,   66,  664,  810,  320,  508,  127,  716,  203,  839,  162,  581, 1053,  841,  688,  429,  127,  759,  498,  409,   65,  758,  696,  260,  663, 1077,    0,  465,  772],
        [  449,  449,  869,  432,  378,  789,  363,  708,  779,  888,  526,  232,  497,  146,  518,  570,  783,  265,  396,  479,  250,  917,  787,  918,  639,  577,  856,  668,  435,  524,  838,  464,  243,  251,  890,  465,    0,  884],
        [  760,  760,  241,  656,  722,  162,  529,  469,  109,  119,  804,  881,  714,  832,  367,  706,  114,  766,  987,  611,  726,  510,  295,  223,  346,  849,   36,  275,  456,  749,   65,  580,  891,  843,  604,  772,  884,    0]
    ]
}
