{
    "name": "random-50-4371",
    "comment": "size=50 seed=4371",
    "nodes": ["+0", "-0", "+1", "-1", "+2", "-2", "+3", "-3", "+4", "-4", "+5", "-5", "+6", "-6", "+7", "-7", "+8", "-8", "+9", "-9", "+10", "-10", "+11", "-11", "+12", "-12", "+13", "-13", "+14", "-14", "+15", "-15", "+16", "-16", "+17", "-17", "+18", "-18", "+19", "-19", "+20", "-20", "+21", "-21", "+22", "-22", "+23", "-23", "+24", "-24", "+25", "-25", "+26", "-26", "+27", "-27", "+28", "-28", "+29", "-29", "+30", "-30", "+31", "-31", "+32", "-32", "+33", "-33", "+34", "-34", "+35", "-35", "+36", "-36", "+37", "-37", "+38", "-38", "+39", "-39", "+40", "-40", "+41", "-41", "+42", "-42", "+43", "-43", "+44", "-44", "+45", "-45", "+46", "-46", "+47", "-47", "+48", "-48", "+49", "-49", "+50", "-50"],
    "precedence": {
        "+0": "-0",
        "+1": "-1",
        "+2": "-2",
        "+3": "-3",
        "+4": "-4",
        "+5": "-5",
        "+6": "-6",
        "+7": "-7",
        "+8": "-8",
        "+9": "-9",
        "+10": "-10",
        "+11": "-11",
        "+12": "-12",
        "+13": "-13",
        "+14": "-14",
        "+15": "-15",
        "+16": "-16",
        "+17": "-17",
        "+18": "-18",
        "+19": "-19",
        "+20": "-20",
        "+21": "-21",
        "+22": "-22",
        "+23": "-23",
        "+24": "-24",
        "+25": "-25",
        "+26": "-26",
        "+27": "-27",
        "+28": "-28",
        "+29": "-29",
        "+30": "-30",
        "+31": "-31",
        "+32": "-32",
        "+33": "-33",
        "+34": "-34",
        "+35": "-35",
        "+36": "-36",
        "+37": "-37",
        "+38": "-38",
        "+39": "-39",
        "+40": "-40",
        "+41": "-41",
        "+42": "-42",
        "+43": "-43",
        "+44": "-44",
        "+45": "-45",
        "+46": "-46",
        "+47": "-47",
        "+48": "-48",
        "+49": "-49",
        "+50": "-50"
    },
    "edges": [
        [    0,    0,  843,  226,  103,  705,  914,  808,  290,  534,  124,  605,  264,  116,  881,  339,  464,  290,  329, 1011,  264,  753,  606,  938,  711,  979,  181,  553,  541,  212,  505, 1046,  596,  421,  868,  826,  778,  650,  821,  401, 1053,  323,  450, 1030,  309,  948,  460,  395,  361,  594,  743,  298,  678,  269,  359,  318,  364,  641, 1017,  162,  320, 1061,  469,  744,  594,  572,  330,  655,  628, 1018,  445,  570,  641,  721,  887,  963,  518,  675,  598,  901,  859,  348,  331, 1007,  168,  696,  744,  319,  268,  808,  609,  534,  877,  451,  984,  628,  923,  470,  132,  662,  802,  289],
        [    0,    0,    0,    0,    0,    0,    0,    0,    0,    0,    0,    0,    0,    0,    0,    0,    0,    0,    0,    0,    0,    0,    0,    0,    0,    0,    0,    0,    0,    0,    0,    0,    0,    0,    0,    0,    0,    0,    0,    0,    0,    0,    0,    0,    0,    0,    0,    0,    0,    0,    0,    0,    0,    0,    0,    0,    0,    0,    0,    0,    0,    0,    0,    0,    0,    0,    0,    0,    0,    0,    0,    0,    0,    0,    0,    0,    0,    0,    0,    0,    0,    0,    0,    0,    0,    0,    0,    0,    0,    0,    0,    0,    0,    0,    0,    0,    0,    0,    0,    0,    0,    0],
        [  843,    0,    0,  898,  762,  215,  241,  396,  643,  614,  863,  243,  914,  897,  355,  505,  606,  984,  710,  295,  662,  238,  452,   96,  132,  143,  673,  837,  387,  641,  341,  808,  527,  993,  126,  144,  747,  720,  558,  489,  233,  692,  469,  187,  758,  418,  734,  707,  565,  636,  117,  863,  174,  639,  532,  729,  946,  230,  774,  723,  531,  223,  600,  169,  751,  798,  623,  189,  250,  239,  618,  299,  204,  299,  544,  390,  471,  256,  409,   61,  133,  951, 1012,  323,  736,  706,  236,  525,  587,  370,  349,  352,  185,  480,  166,  577,  144,  560,  761,  195,  413,  671],
        [  226,    0,  898,    0,  305,  807,  910,  758,  478,  728,  103,  657,   38,  121,  844,  434,  656,   90,  218, 1004,  456,  751,  766,  992,  772, 1040,  262,  365,  534,  288,  566,  909,  515,  195,  892,  916,  628,  502,  725,  410, 1080,  529,  440, 1081,  172,  899,  674,  606,  338,  791,  786,   93,  725,  451,  510,  531,  139,  673,  885,  360,  442, 1120,  659,  837,  435,  397,  283,  715,  726, 1030,  352,  601,  710,  847,  799,  922,  476,  786,  563,  958,  945,  122,  127,  990,  373,  553,  744,  412,  327,  765,  741,  650,  974,  433, 1055,  526, 1003,  651,  172,  705,  746,  231],
        [  103,    0,  762,  305,    0,  612,  853,  767,  188,  434,  206,  530,  341,  211,  834,  260,  363,  380,  346,  949,  162,  694,  504,  856,  631,  894,  144,  589,  492,  166,  429, 1041,  576,  497,  798,  735,  785,  661,  800,  355,  978,  227,  407,  948,  340,  904,  370,  302,  333,  495,  668,  359,  603,  166,  260,  227,  438,  571, 1011,   60,  232,  977,  368,  653,  613,  600,  319,  575,  537,  949,  440,  504,  559,  623,  861,  915,  484,  580,  558,  819,  768,  424,  421,  948,   70,  702,  684,  243,  217,  764,  510,  440,  784,  413,  897,  616,  834,  368,  158,  588,  763,  291],
        [  705,    0,  215,  807,  612,    0,  433,  525,  464,  400,  751,  208,  830,  779,  517,  378,  398,  897,  655,  503,  486,  358,  237,  288,  151,  307,  556,  837,  387,  525,  255,  942,  565,  938,  324,  126,  820,  761,  670,  429,  443,  501,  433,  372,  697,  591,  525,  504,  507,  421,  213,  794,  199,  467,  359,  537,  883,  251,  907,  564,  386,  385,  392,   50,  773,  808,  562,  161,   82,  453,  599,  281,  140,   99,  678,  571,  474,   43,  447,  252,  161,  884,  931,  526,  573,  762,  350,  400,  481,  503,  138,  173,  173,  449,  297,  623,  228,  353,  650,  215,  538,  601],
        [  914,    0,  241,  910,  853,  433,    0,  217,  778,  810,  901,  342,  916,  940,  139,  599,  787,  987,  697,   98,  792,  162,  661,  251,  294,  299,  734,  751,  380,  703,  435,  590,  436,  959,  115,  384,  589,  600,  374,  517,  208,  842,  475,  282,  747,  184,  914,  874,  576,  843,  231,  853,  280,  767,  670,  879,  922,  288,  558,  827,  639,  336,  783,  395,  650,  705,  628,  324,  436,  134,  576,  350,  353,  527,  338,  151,  435,  469,  350,  253,  372,  933, 1007,  101,  845,  570,  171,  612,  647,  193,  552,  519,  422,  479,  344,  467,  362,  741,  807,  284,  237,  680],
        [  808,    0,  396,  758,  767,  525,  217,    0,  740,  838,  770,  353,  757,  809,   95,  540,  798,  826,  540,  284,  747,  170,  716,  443,  376,  496,  632,  549,  279,  604,  409,  419,  249,  776,  289,  525,  373,  388,  165,  413,  424,  814,  361,  491,  587,  142,  915,  863,  449,  884,  320,  689,  329,  721,  644,  848,  747,  292,  385,  756,  588,  545,  795,  502,  443,  500,  490,  373,  493,  348,  408,  315,  401,  624,  154,  166,  292,  550,  211,  432,  524,  760,  841,  257,  777,  355,  176,  546,  551,   27,  609,  544,  576,  358,  537,  264,  537,  754,  686,  318,   20,  540],
        [  290,    0,  643,  478,  188,  464,  778,  740,    0,  250,  386,  438,  513,  396,  789,  204,  179,  559,  454,  872,   27,  631,  321,  733,  517,  763,  242,  702,  465,  235,  346, 1075,  602,  662,  703,  589,  845,  732,  810,  356,  871,   79,  408,  823,  466,  866,  219,  149,  376,  314,  567,  515,  505,   31,  112,  109,  601,  492, 1042,  128,  154,  844,  182,  509,  700,  701,  390,  468,  399,  855,  505,  438,  445,  456,  860,  867,  492,  427,  545,  695,  624,  591,  600,  878,  126,  764,  621,  204,  250,  732,  345,  295,  632,  419,  759,  653,  691,  181,  311,  497,  741,  386],
        [  534,    0,  614,  728,  434,  400,  810,  838,  250,    0,  635,  489,  762,  644,  862,  378,   72,  809,  683,  891,  274,  693,  169,  686,  518,  700,  483,  925,  595,  470,  435, 1221,  764,  910,  711,  511, 1025,  926,  945,  530,  843,  215,  572,  767,  702,  940,  140,  160,  576,   65,  580,  761,  534,  278,  250,  233,  849,  551, 1186,  374,  336,  772,   70,  449,  905,  917,  606,  488,  376,  850,  706,  525,  459,  340,  978,  930,  650,  358,  677,  651,  545,  840,  849,  909,  367,  949,  683,  391,  466,  822,  265,  297,  532,  587,  680,  822,  608,   94,  560,  536,  845,  614],
        [  124,    0,  863,  103,  206,  751,  901,  770,  386,  635,    0,  621,  141,   41,  851,  374,  564,  175,  247,  998,  362,  741,  686,  958,  733, 1003,  196,  445,  522,  227,  524,  964,  539,  298,  871,  866,  689,  561,  759,  387, 1058,  432,  426, 1049,  214,  912,  575,  507,  327,  698,  755,  179,  692,  360,  431,  431,  241,  645,  938,  263,  372, 1085,  567,  785,  499,  469,  281,  676,  670, 1015,  378,  573,  667,  781,  830,  931,  479,  726,  565,  923,  897,  225,  216,  988,  275,  610,  732,  352,  277,  774,  672,  586,  921,  424, 1014,  561,  958,  563,  103,  673,  760,  230],
        [  605,    0,  243,  657,  530,  208,  342,  353,  438,  489,  621,    0,  674,  655,  374,  271,  455,  744,  477,  435,  452,  206,  364,  338,  116,  384,  432,  636,  180,  400,  102,  756,  357,  762,  270,  278,  615,  553,  479,  251,  449,  501,  240,  429,  523,  452,  579,  535,  329,  532,  139,  627,   74,  427,  328,  537,  712,   63,  721,  497,  304,  465,  451,  212,  566,  604,  387,   61,  150,  422,  402,   74,   70,  297,  500,  445,  268,  218,  239,  303,  300,  715,  773,  442,  513,  554,  196,  288,  346,  336,  259,  192,  339,  254,  399,  416,  352,  410,  519,   60,  362,  433],
        [  264,    0,  914,   38,  341,  830,  916,  757,  513,  762,  141,  674,    0,  157,  845,  460,  690,   72,  220, 1009,  491,  759,  797, 1007,  789, 1056,  291,  340,  544,  316,  586,  891,  512,  158,  902,  937,  610,  485,  717,  425, 1090,  565,  451, 1095,  171,  898,  711,  642,  350,  826,  800,   74,  740,  485,  541,  568,  102,  687,  868,  396,  470, 1135,  693,  858,  416,  375,  294,  733,  748, 1038,  350,  616,  729,  873,  791,  922,  481,  811,  567,  974,  965,   85,  101,  994,  410,  537,  752,  438,  352,  766,  768,  676,  995,  443, 1072,  519, 1022,  684,  204,  720,  745,  243],
        [  116,    0,  897,  121,  211,  779,  940,  809,  396,  644,   41,  655,  157,    0,  890,  403,  573,  175,  287, 1036,  372,  779,  704,  992,  766, 1036,  226,  477,  560,  258,  557, 1002,  579,  312,  907,  896,  726,  598,  799,  424, 1094,  436,  465, 1083,  252,  951,  576,  510,  366,  706,  790,  207,  726,  372,  450,  433,  258,  681,  976,  270,  397, 1118,  578,  814,  535,  504,  320,  709,  699, 1052,  418,  609,  699,  806,  870,  970,  519,  753,  604,  956,  927,  240,  215, 1027,  279,  647,  770,  381,  310,  813,  695,  612,  950,  463, 1046,  600,  989,  576,  136,  708,  800,  270],
        [  881,    0,  355,  844,  834,  517,  139,   95,  789,  862,  851,  374,  845,  890,    0,  594,  829,  915,  627,  192,  799,  170,  727,  384,  367,  434,  703,  643,  343,  674,  447,  457,  341,  869,  235,  494,  456,  480,  238,  482,  341,  860,  432,  420,  675,   79,  950,  902,  526,  903,  305,  778,  333,  773,  687,  895,  838,  312,  424,  817,  640,  474,  824,  487,  537,  594,  571,  379,  499,  263,  497,  353,  408,  615,  200,   82,  372,  547,  286,  380,  488,  851,  931,  163,  837,  446,  179,  603,  619,   80,  617,  565,  539,  431,  478,  358,  489,  783,  763,  327,  112,  622],
        [  339,    0,  505,  434,  260,  378,  599,  540,  204,  378,  374,  271,  460,  403,  594,    0,  314,  524,  321,  695,  208,  444,  353,  600,  374,  641,  179,  553,  263,  149,  170,  874,  403,  584,  539,  493,  656,  550,  608,  158,  720,  280,  207,  692,  351,  669,  404,  341,  199,  440,  409,  434,  344,  182,  130,  312,  525,  314,  841,  229,   50,  723,  314,  411,  528,  541,  234,  318,  297,  691,  329,  250,  303,  413,  657,  674,  291,  354,  342,  563,  525,  522,  560,  697,  247,  577,  434,   23,  111,  533,  309,  216,  548,  220,  647,  457,  588,  285,  273,  330,  540,  255],
        [  464,    0,  606,  656,  363,  398,  787,  798,  179,   72,  564,  455,  690,  573,  829,  314,    0,  737,  613,  873,  202,  660,  188,  685,  499,  704,  411,  857,  545,  399,  391, 1171,  708,  838,  694,  517,  967,  864,  896,  469,  838,  151,  514,  769,  632,  907,  128,  114,  511,  137,  559,  689,  508,  206,  185,  175,  777,  517, 1137,  304,  270,  780,    7,  447,  841,  850,  538,  464,  359,  838,  642,  483,  435,  354,  934,  900,  594,  356,  627,  649,  552,  768,  778,  887,  297,  889,  651,  326,  398,  784,  262,  269,  545,  528,  689,  765,  617,   47,  488,  507,  803,  545],
        [  290,    0,  984,   90,  380,  897,  987,  826,  559,  809,  175,  744,   72,  175,  915,  524,  737,    0,  290, 1080,  536,  831,  853, 1078,  859, 1126,  350,  384,  615,  377,  655,  944,  580,  153,  974, 1005,  662,  540,  780,  495, 1161,  606,  522, 1166,  241,  966,  748,  681,  421,  872,  871,  138,  811,  533,  597,  604,  118,  758,  922,  437,  531, 1206,  741,  926,  469,  423,  365,  803,  815, 1109,  419,  686,  798,  937,  856,  991,  552,  876,  638, 1044, 1034,   96,   42, 1065,  449,  593,  824,  501,  417,  835,  830,  739, 1063,  514, 1142,  584, 1092,  735,  259,  790,  813,  314],
        [  329,    0,  710,  218,  346,  655,  697,  540,  454,  683,  247,  477,  220,  287,  627,  321,  613,  290,    0,  790,  440,  542,  673,  802,  591,  852,  218,  250,  330,  219,  401,  720,  298,  286,  689,  751,  449,  322,  514,  229,  875,  525,  242,  887,   50,  681,  672,  602,  150,  747,  595,  157,  538,  424,  436,  542,  236,  481,  693,  376,  351,  930,  615,  676,  268,  255,   94,  538,  575,  821,  134,  412,  539,  714,  586,  704,  263,  643,  348,  770,  775,  242,  311,  775,  397,  368,  536,  301,  218,  548,  619,  521,  811,  231,  872,  315,  828,  593,  200,  517,  528,   69],
        [ 1011,    0,  295, 1004,  949,  503,   98,  284,  872,  891,  998,  435, 1009, 1036,  192,  695,  873, 1080,  790,    0,  886,  259,  736,  274,  375,  309,  831,  830,  476,  800,  529,  606,  520, 1047,  181,  435,  646,  671,  426,  614,  168,  934,  572,  271,  839,  200, 1000,  963,  672,  921,  314,  945,  369,  861,  762,  970, 1012,  382,  577,  923,  734,  322,  867,  460,  726,  782,  723,  411,  516,   90,  666,  446,  439,  592,  375,  158,  528,  542,  442,  288,  416, 1023, 1099,   41,  941,  637,  268,  708,  744,  264,  629,  606,  462,  575,  356,  545,  392,  826,  903,  376,  303,  775],
        [  264,    0,  662,  456,  162,  486,  792,  747,   27,  274,  362,  452,  491,  372,  799,  208,  202,  536,  440,  886,    0,  642,  347,  753,  535,  784,  225,  689,  470,  222,  358, 1074,  600,  642,  719,  611,  840,  725,  812,  356,  889,   86,  408,  843,  450,  874,  233,  162,  370,  336,  583,  495,  521,   26,  130,  109,  581,  505, 1041,  103,  159,  865,  206,  531,  690,  690,  381,  485,  419,  871,  497,  448,  463,  480,  863,  877,  492,  450,  549,  715,  646,  570,  576,  891,  100,  759,  632,  205,  242,  739,  369,  316,  655,  419,  780,  650,  713,  207,  290,  511,  747,  374],
        [  753,    0,  238,  751,  694,  358,  162,  170,  631,  693,  741,  206,  759,  779,  170,  444,  660,  831,  542,  259,  642,    0,  559,  302,  208,  357,  573,  623,  219,  542,  285,  588,  306,  812,  158,  358,  510,  490,  325,  356,  336,  698,  315,  370,  592,  248,  783,  737,  416,  734,  151,  699,  165,  617,  525,  734,  771,  144,  553,  671,  486,  421,  656,  333,  529,  580,  469,  211,  332,  279,  427,  195,  240,  456,  323,  241,  281,  384,  201,  283,  361,  781,  853,  255,  690,  472,   11,  455,  486,  146,  450,  396,  412,  320,  393,  348,  381,  615,  646,  158,  184,  521],
        [  606,    0,  452,  766,  504,  237,  661,  716,  321,  169,  686,  364,  797,  704,  727,  353,  188,  853,  673,  736,  347,  559,    0,  520,  367,  532,  506,  897,  505,  483,  340, 1118,  686,  931,  556,  343,  951,  866,  840,  478,  678,  325,  508,  599,  703,  804,  303,  301,  541,  185,  432,  780,  395,  339,  257,  356,  871,  425, 1083,  446,  329,  604,  181,  284,  858,  880,  584,  349,  229,  689,  663,  416,  320,  172,  864,  790,  576,  196,  583,  486,  377,  866,  892,  757,  446,  880,  550,  373,  460,  697,  110,  183,  364,  524,  512,  745,  440,  153,  595,  402,  725,  607],
        [  938,    0,   96,  992,  856,  288,  251,  443,  733,  686,  958,  338, 1007,  992,  384,  600,  685, 1078,  802,  274,  753,  302,  520,    0,  228,   56,  769,  918,  476,  736,  436,  840,  604, 1084,  155,  183,  808,  792,  607,  583,  161,  779,  561,   92,  850,  435,  812,  789,  658,  702,  208,  956,  268,  731,  623,  816, 1037,  322,  807,  816,  625,  129,  679,  239,  828,  877,  716,  284,  336,  196,  705,  392,  298,  355,  582,  400,  557,  330,  490,   38,  154, 1043, 1106,  309,  829,  774,  303,  620,  683,  417,  425,  439,  194,  571,   95,  649,  119,  639,  857,  288,  462,  765],
        [  711,    0,  132,  772,  631,  151,  294,  376,  517,  518,  733,  116,  789,  766,  367,  374,  499,  859,  591,  375,  535,  208,  367,  228,    0,  271,  542,  739,  281,  510,  210,  794,  444,  876,  195,  174,  688,  641,  525,  366,  354,  572,  352,  319,  638,  442,  627,  593,  444,  550,   65,  742,   61,  512,  406,  609,  826,  124,  759,  592,  400,  352,  494,  128,  663,  704,  501,   58,  143,  342,  510,  181,   73,  249,  530,  425,  369,  180,  323,  191,  190,  830,  888,  392,  606,  636,  201,  393,  457,  353,  258,  234,  234,  365,  284,  500,  238,  452,  631,   83,  390,  548],
        [  979,    0,  143, 1040,  894,  307,  299,  496,  763,  700, 1003,  384, 1056, 1036,  434,  641,  704, 1126,  852,  309,  784,  357,  532,   56,  271,    0,  812,  972,  528,  780,  480,  889,  659, 1135,  208,  190,  862,  847,  660,  632,  172,  806,  611,   69,  900,  482,  829,  811,  708,  711,  258, 1006,  316,  763,  655,  842, 1088,  372,  857,  852,  663,   83,  698,  259,  883,  932,  765,  328,  365,  225,  758,  441,  339,  362,  633,  445,  611,  348,  544,   83,  156, 1093, 1155,  347,  864,  829,  358,  661,  727,  470,  443,  469,  183,  622,   47,  704,  100,  659,  901,  337,  515,  814],
        [  181,    0,  673,  262,  144,  556,  734,  632,  242,  483,  196,  432,  291,  226,  703,  179,  411,  350,  218,  831,  225,  573,  506,  769,  542,  812,    0,  466,  362,   33,  333,  898,  433,  430,  691,  671,  644,  521,  657,  222,  877,  310,  272,  860,  225,  771,  458,  387,  190,  548,  569,  280,  505,  212,  251,  325,  369,  464,  867,  161,  181,  894,  414,  589,  478,  471,  176,  485,  475,  840,  298,  393,  474,  588,  719,  784,  344,  532,  422,  733,  702,  362,  388,  827,  183,  561,  564,  157,   89,  631,  480,  392,  726,  275,  821,  472,  764,  400,   95,  487,  626,  154],
        [  553,    0,  837,  365,  589,  837,  751,  549,  702,  925,  445,  636,  340,  477,  643,  553,  857,  384,  250,  830,  689,  623,  897,  918,  739,  972,  466,    0,  459,  467,  587,  566,  318,  267,  780,  911,  286,  179,  449,  422,  952,  774,  405,  992,  249,  672,  921,  850,  357,  989,  723,  273,  680,  672,  676,  791,  269,  616,  547,  623,  590, 1041,  858,  846,  109,   51,  320,  694,  762,  884,  240,  563,  704,  911,  525,  706,  370,  834,  429,  892,  929,  290,  376,  805,  644,  230,  620,  536,  460,  567,  829,  730,  972,  390, 1002,  286,  971,  834,  434,  658,  531,  316],
        [  541,    0,  387,  534,  492,  387,  380,  279,  465,  595,  522,  180,  544,  560,  343,  263,  545,  615,  330,  476,  470,  219,  505,  476,  281,  528,  362,  459,    0,  332,  165,  627,  184,  609,  360,  452,  448,  376,  353,  140,  547,  541,   96,  558,  379,  413,  653,  595,  198,  649,  271,  486,  222,  445,  375,  574,  564,  160,  593,  478,  312,  603,  542,  390,  387,  425,  252,  237,  320,  496,  231,  107,  249,  471,  396,  424,   89,  391,   83,  445,  471,  571,  639,  468,  498,  381,  211,  267,  277,  274,  412,  323,  514,  101,  552,  244,  516,  505,  428,  200,  278,  303],
        [  212,    0,  641,  288,  166,  525,  703,  604,  235,  470,  227,  400,  316,  258,  674,  149,  399,  377,  219,  800,  222,  542,  483,  736,  510,  780,   33,  467,  332,    0,  301,  880,  412,  449,  659,  640,  631,  511,  635,  193,  844,  308,  244,  827,  233,  743,  454,  383,  169,  534,  536,  298,  472,  205,  231,  327,  389,  431,  849,  172,  155,  862,  401,  558,  471,  468,  163,  453,  444,  807,  285,  360,  442,  560,  695,  755,  319,  502,  394,  700,  670,  383,  414,  796,  195,  548,  533,  126,   57,  602,  453,  363,  695,  248,  789,  454,  732,  384,  125,  455,  599,  152],
        [  505,    0,  341,  566,  429,  255,  435,  409,  346,  435,  524,  102,  586,  557,  447,  170,  391,  655,  401,  529,  358,  285,  340,  436,  210,  480,  333,  587,  165,  301,    0,  787,  347,  685,  370,  352,  612,  531,  510,  174,  550,  414,  183,  527,  444,  525,  507,  456,  252,  487,  240,  544,  175,  333,  241,  450,  632,  148,  753,  397,  206,  562,  388,  276,  532,  562,  308,  153,  177,  521,  348,   95,  144,  324,  544,  523,  239,  248,  246,  400,  380,  634,  686,  534,  414,  542,  275,  187,  248,  396,  251,  158,  412,  198,  491,  406,  438,  348,  422,  160,  413,  350],
        [ 1046,    0,  808,  909, 1041,  942,  590,  419, 1075, 1221,  964,  756,  891, 1002,  457,  874, 1171,  944,  720,  606, 1074,  588, 1118,  840,  794,  889,  898,  566,  627,  880,  787,    0,  474,  832,  691,  942,  282,  407,  278,  719,  773, 1153,  668,  867,  751,  410, 1276, 1214,  713, 1273,  739,  819,  744, 1050,  997, 1182,  833,  699,   36, 1051,  924,  921, 1169,  921,  476,  522,  724,  786,  903,  693,  603,  703,  812, 1040,  266,  450,  584,  964,  544,  836,  940,  853,  940,  566, 1074,  356,  594,  871,  841,  443, 1015,  938,  991,  656,  933,  427,  945, 1131,  914,  730,  405,  758],
        [  596,    0,  527,  515,  576,  565,  436,  249,  602,  764,  539,  357,  512,  579,  341,  403,  708,  580,  298,  520,  600,  306,  686,  604,  444,  659,  433,  318,  184,  412,  347,  474,    0,  529,  463,  617,  266,  198,  225,  246,  635,  680,  196,  675,  343,  387,  806,  743,  244,  821,  417,  442,  384,  576,  529,  708,  498,  322,  442,  580,  452,  725,  707,  564,  225,  275,  267,  409,  502,  569,  164,  286,  426,  652,  292,  414,  114,  573,  122,  580,  631,  512,  593,  499,  603,  198,  303,  398,  369,  261,  595,  504,  678,  183,  690,   60,  666,  672,  467,  363,  235,  312],
        [  421,    0,  993,  195,  497,  938,  959,  776,  662,  910,  298,  762,  158,  312,  869,  584,  838,  153,  286, 1047,  642,  812,  931, 1084,  876, 1135,  430,  267,  609,  449,  685,  832,  529,    0,  964, 1036,  553,  441,  703,  514, 1147,  719,  525, 1167,  242,  910,  866,  796,  435,  974,  877,  152,  823,  634,  679,  723,   62,  764,  814,  550,  602, 1211,  841,  960,  369,  315,  378,  823,  857, 1088,  385,  697,  824,  991,  780,  940,  532,  923,  612, 1053, 1061,   74,  127, 1027,  565,  494,  806,  562,  474,  790,  891,  795, 1096,  514, 1157,  517, 1113,  829,  352,  801,  761,  338],
        [  868,    0,  126,  892,  798,  324,  115,  289,  703,  711,  871,  270,  902,  907,  235,  539,  694,  974,  689,  181,  719,  158,  556,  155,  195,  208,  691,  780,  360,  659,  370,  691,  463,  964,    0,  270,  655,  645,  453,  485,  189,  762,  453,  213,  738,  294,  821,  786,  554,  740,  138,  845,  199,  695,  592,  798,  921,  228,  658,  766,  574,  265,  688,  283,  686,  737,  610,  237,  336,  153,  580,  299,  262,  415,  430,  265,  432,  361,  356,  146,  258,  929,  998,  203,  782,  624,  161,  555,  603,  263,  448,  428,  309,  460,  249,  504,  255,  647,  772,  210,  308,  661],
        [  826,    0,  144,  916,  735,  126,  384,  525,  589,  511,  866,  278,  937,  896,  494,  493,  517, 1005,  751,  435,  611,  358,  343,  183,  174,  190,  671,  911,  452,  640,  352,  942,  617, 1036,  270,    0,  857,  814,  683,  522,  343,  625,  517,  257,  795,  560,  641,  625,  601,  523,  210,  896,  234,  592,  484,  661,  983,  297,  908,  688,  506,  264,  510,   83,  836,  877,  658,  217,  199,  370,  679,  349,  213,  174,  677,  533,  541,  164,  496,  153,   36,  985, 1037,  465,  697,  808,  354,  515,  592,  500,  257,  297,   62,  531,  173,  672,  103,  473,  764,  256,  541,  701],
        [  778,    0,  747,  628,  785,  820,  589,  373,  845, 1025,  689,  615,  610,  726,  456,  656,  967,  662,  449,  646,  840,  510,  951,  808,  688,  862,  644,  286,  448,  631,  612,  282,  266,  553,  655,  857,    0,  129,  221,  498,  795,  923,  454,  862,  475,  457, 1058,  992,  471, 1084,  648,  538,  629,  818,  784,  949,  552,  571,  262,  802,  703,  916,  966,  813,  195,  241,  469,  661,  762,  718,  347,  547,  681,  911,  285,  498,  377,  832,  376,  792,  865,  572,  659,  612,  825,   83,  512,  647,  600,  398,  859,  769,  915,  439,  900,  206,  890,  933,  647,  610,  353,  495],
        [  650,    0,  720,  502,  661,  761,  600,  388,  732,  926,  561,  553,  485,  598,  480,  550,  864,  540,  322,  671,  725,  490,  866,  792,  641,  847,  521,  179,  376,  511,  531,  407,  198,  441,  645,  814,  129,    0,  273,  396,  805,  810,  359,  858,  347,  501,  948,  880,  358,  986,  612,  412,  581,  704,  680,  833,  433,  519,  384,  681,  596,  909,  863,  761,   73,  128,  348,  606,  695,  733,  228,  481,  622,  846,  348,  538,  293,  766,  319,  771,  827,  452,  539,  642,  704,   54,  489,  540,  484,  409,  781,  687,  874,  343,  881,  144,  861,  833,  520,  560,  369,  371],
        [  821,    0,  558,  725,  800,  670,  374,  165,  810,  945,  759,  479,  717,  799,  238,  608,  896,  780,  514,  426,  812,  325,  840,  607,  525,  660,  657,  449,  353,  635,  510,  278,  225,  703,  453,  683,  221,  273,    0,  458,  579,  887,  405,  653,  555,  237, 1005,  945,  467,  996,  474,  644,  472,  787,  726,  918,  685,  423,  243,  801,  658,  707,  894,  653,  341,  399,  491,  512,  627,  500,  382,  425,  537,  767,   77,  277,  321,  690,  270,  595,  685,  702,  787,  391,  823,  228,  329,  607,  589,  191,  737,  661,  736,  395,  701,  200,  700,  856,  691,  457,  146,  535],
        [  401,    0,  489,  410,  355,  429,  517,  413,  356,  530,  387,  251,  425,  424,  482,  158,  469,  495,  229,  614,  356,  356,  478,  583,  366,  632,  222,  422,  140,  193,  174,  719,  246,  514,  485,  522,  498,  396,  458,    0,  673,  434,   54,  671,  273,  551,  562,  498,   79,  590,  376,  376,  316,  331,  286,  463,  462,  263,  686,  347,  207,  711,  468,  448,  382,  402,  137,  311,  350,  628,  185,  192,  311,  493,  513,  563,  137,  419,  204,  549,  548,  465,  524,  607,  368,  420,  347,  153,  139,  411,  408,  309,  583,   64,  649,  299,  602,  437,  290,  295,  409,  183],
        [ 1053,    0,  233, 1080,  978,  443,  208,  424,  871,  843, 1058,  449, 1090, 1094,  341,  720,  838, 1161,  875,  168,  889,  336,  678,  161,  354,  172,  877,  952,  547,  844,  550,  773,  635, 1147,  189,  343,  795,  805,  579,  673,    0,  923,  640,  115,  925,  365,  965,  939,  742,  861,  311, 1032,  376,  866,  760,  960, 1106,  414,  744,  944,  751,  159,  832,  395,  853,  907,  797,  406,  482,   81,  763,  486,  427,  516,  535,  324,  617,  485,  537,  193,  315, 1115, 1185,  208,  958,  777,  342,  737,  789,  400,  579,  583,  350,  648,  214,  670,  270,  792,  959,  391,  444,  849],
        [  323,    0,  692,  529,  227,  501,  842,  814,   79,  215,  432,  501,  565,  436,  860,  280,  151,  606,  525,  934,   86,  698,  325,  779,  572,  806,  310,  774,  541,  308,  414, 1153,  680,  719,  762,  625,  923,  810,  887,  434,  923,    0,  485,  868,  534,  937,  149,   78,  453,  273,  625,  575,  565,  106,  174,   38,  658,  557, 1120,  170,  230,  886,  156,  549,  776,  775,  466,  526,  444,  912,  582,  507,  501,  478,  936,  937,  570,  462,  621,  742,  661,  646,  647,  942,  158,  842,  688,  282,  326,  804,  372,  341,  663,  497,  797,  731,  728,  173,  369,  558,  815,  459],
        [  450,    0,  469,  440,  407,  433,  475,  361,  408,  572,  426,  240,  451,  465,  432,  207,  514,  522,  242,  572,  408,  315,  508,  561,  352,  611,  272,  405,   96,  244,  183,  668,  196,  525,  453,  517,  454,  359,  405,   54,  640,  485,    0,  646,  290,  500,  610,  547,  102,  630,  354,  396,  298,  383,  333,  515,  477,  239,  635,  401,  257,  689,  512,  447,  353,  380,  158,  301,  357,  592,  167,  172,  305,  506,  459,  513,   85,  429,  151,  529,  539,  483,  547,  563,  422,  378,  307,  204,  191,  360,  429,  332,  578,   17,  632,  252,  590,  479,  334,  276,  356,  209],
        [ 1030,    0,  187, 1081,  948,  372,  282,  491,  823,  767, 1049,  429, 1095, 1083,  420,  692,  769, 1166,  887,  271,  843,  370,  599,   92,  319,   69,  860,  992,  558,  827,  527,  867,  675, 1167,  213,  257,  862,  858,  653,  671,  115,  868,  646,    0,  935,  458,  895,  875,  745,  779,  295, 1042,  358,  822,  714,  905, 1121,  409,  837,  908,  717,   55,  763,  323,  898,  949,  802,  376,  426,  183,  785,  480,  390,  430,  619,  418,  637,  413,  565,  130,  224, 1128, 1193,  311,  921,  835,  373,  711,  774,  466,  508,  529,  250,  656,  103,  717,  168,  724,  947,  377,  511,  852],
        [  309,    0,  758,  172,  340,  697,  747,  587,  466,  702,  214,  523,  171,  252,  675,  351,  632,  241,   50,  839,  450,  592,  703,  850,  638,  900,  225,  249,  379,  233,  444,  751,  343,  242,  738,  795,  475,  347,  555,  273,  925,  534,  290,  935,    0,  728,  682,  611,  195,  767,  643,  108,  586,  436,  459,  548,  189,  528,  725,  377,  377,  978,  634,  719,  287,  264,  137,  584,  616,  871,  180,  460,  583,  752,  628,  752,  312,  683,  397,  818,  820,  194,  262,  824,  397,  396,  585,  330,  244,  596,  655,  557,  855,  280,  920,  355,  874,  615,  186,  564,  575,   98],
        [  948,    0,  418,  899,  904,  591,  184,  142,  866,  940,  912,  452,  898,  951,   79,  669,  907,  966,  681,  200,  874,  248,  804,  435,  442,  482,  771,  672,  413,  743,  525,  410,  387,  910,  294,  560,  457,  501,  237,  551,  365,  937,  500,  458,  728,    0, 1028,  980,  590,  980,  379,  828,  410,  848,  764,  972,  883,  390,  380,  890,  716,  511,  903,  558,  564,  622,  632,  456,  576,  285,  548,  431,  485,  689,  177,   43,  434,  622,  351,  436,  551,  898,  979,  162,  910,  461,  257,  677,  689,  141,  694,  643,  602,  497,  527,  394,  546,  861,  827,  405,  153,  682],
        [  460,    0,  734,  674,  370,  525,  914,  915,  219,  140,  575,  579,  711,  576,  950,  404,  128,  748,  672, 1000,  233,  783,  303,  812,  627,  829,  458,  921,  653,  454,  507, 1276,  806,  866,  821,  641, 1058,  948, 1005,  562,  965,  149,  610,  895,  682, 1028,    0,   71,  591,  170,  686,  723,  634,  249,  279,  144,  805,  640, 1242,  316,  356,  904,  134,  574,  918,  920,  609,  590,  487,  966,  721,  601,  562,  474, 1047, 1023,  694,  483,  736,  776,  676,  793,  789, 1014,  301,  978,  773,  411,  467,  903,  388,  395,  666,  624,  812,  860,  740,  175,  517,  632,  919,  605],
        [  395,    0,  707,  606,  302,  504,  874,  863,  149,  160,  507,  535,  642,  510,  902,  341,  114,  681,  602,  963,  162,  737,  301,  789,  593,  811,  387,  850,  595,  383,  456, 1214,  743,  796,  786,  625,  992,  880,  945,  498,  939,   78,  547,  875,  611,  980,   71,    0,  523,  210,  650,  653,  594,  179,  220,   79,  736,  594, 1181,  247,  291,  888,  121,  553,  849,  850,  539,  552,  458,  934,  653,  550,  525,  466,  990,  977,  631,  463,  677,  752,  661,  723,  722,  974,  233,  911,  727,  346,  398,  851,  369,  359,  657,  560,  798,  796,  727,  154,  447,  590,  865,  535],
        [  361,    0,  565,  338,  333,  507,  576,  449,  376,  576,  327,  329,  350,  366,  526,  199,  511,  421,  150,  672,  370,  416,  541,  658,  444,  708,  190,  357,  198,  169,  252,  713,  244,  435,  554,  601,  471,  358,  467,   79,  742,  453,  102,  745,  195,  590,  591,  523,    0,  638,  451,  299,  392,  348,  327,  478,  383,  337,  682,  339,  241,  787,  511,  527,  331,  343,   58,  389,  427,  693,  132,  267,  389,  568,  530,  607,  158,  496,  241,  625,  626,  387,  448,  662,  361,  389,  408,  185,  130,  451,  478,  379,  661,   98,  726,  286,  680,  483,  238,  371,  442,  108],
        [  594,    0,  636,  791,  495,  421,  843,  884,  314,   65,  698,  532,  826,  706,  903,  440,  137,  872,  747,  921,  336,  734,  185,  702,  550,  711,  548,  989,  649,  534,  487, 1273,  821,  974,  740,  523, 1084,  986,  996,  590,  861,  273,  630,  779,  767,  980,  170,  210,  638,    0,  613,  825,  572,  342,  314,  287,  913,  594, 1239,  436,  400,  780,  134,  468,  967,  980,  669,  526,  408,  874,  768,  574,  497,  349, 1027,  969,  708,  381,  731,  669,  555,  904,  912,  940,  427, 1008,  724,  454,  530,  867,  292,  341,  537,  646,  688,  879,  616,  156,  624,  576,  891,  679],
        [  743,    0,  117,  786,  668,  213,  231,  320,  567,  580,  755,  139,  800,  790,  305,  409,  559,  871,  595,  314,  583,  151,  432,  208,   65,  258,  569,  723,  271,  536,  240,  739,  417,  877,  138,  210,  648,  612,  474,  376,  311,  625,  354,  295,  643,  379,  686,  650,  451,  613,    0,  748,   66,  559,  456,  662,  830,  115,  704,  633,  441,  336,  554,  184,  640,  685,  509,  100,  206,  289,  501,  185,  125,  311,  473,  361,  356,  244,  297,  176,  218,  836,  899,  329,  649,  602,  145,  426,  482,  296,  322,  292,  267,  364,  282,  468,  250,  513,  654,   83,  335,  558],
        [  298,    0,  863,   93,  359,  794,  853,  689,  515,  761,  179,  627,   74,  207,  778,  434,  689,  138,  157,  945,  495,  699,  780,  956,  742, 1006,  280,  273,  486,  298,  544,  819,  442,  152,  845,  896,  538,  412,  644,  376, 1032,  575,  396, 1042,  108,  828,  723,  653,  299,  825,  748,    0,  691,  486,  528,  582,   92,  634,  796,  408,  451, 1084,  692,  818,  344,  305,  241,  687,  712,  978,  282,  565,  685,  843,  719,  854,  419,  777,  503,  923,  922,   90,  155,  929,  425,  464,  692,  412,  324,  698,  742,  647,  955,  387, 1024,  447,  977,  679,  206,  669,  676,  195],
        [  678,    0,  174,  725,  603,  199,  280,  329,  505,  534,  692,   74,  740,  726,  333,  344,  508,  811,  538,  369,  521,  165,  395,  268,   61,  316,  505,  680,  222,  472,  175,  744,  384,  823,  199,  234,  629,  581,  472,  316,  376,  565,  298,  358,  586,  410,  634,  594,  392,  572,   66,  691,    0,  496,  395,  602,  774,   64,  709,  569,  376,  396,  503,  184,  603,  645,  450,   47,  167,  351,  452,  127,   76,  296,  482,  397,  310,  221,  263,  234,  250,  779,  839,  381,  584,  576,  157,  361,  418,  308,  285,  240,  295,  310,  335,  440,  294,  462,  590,   23,  341,  498],
        [  269,    0,  639,  451,  166,  467,  767,  721,   31,  278,  360,  427,  485,  372,  773,  182,  206,  533,  424,  861,   26,  617,  339,  731,  512,  763,  212,  672,  445,  205,  333, 1050,  576,  634,  695,  592,  818,  704,  787,  331,  866,  106,  383,  822,  436,  848,  249,  179,  348,  342,  559,  486,  496,    0,  109,  133,  573,  480, 1017,  108,  134,  845,  209,  511,  671,  672,  361,  461,  399,  847,  476,  422,  439,  465,  838,  851,  468,  432,  524,  693,  627,  563,  573,  866,  110,  737,  606,  180,  221,  713,  353,  296,  637,  394,  760,  626,  693,  204,  283,  486,  722,  356],
        [  359,    0,  532,  510,  260,  359,  670,  644,  112,  250,  431,  328,  541,  450,  687,  130,  185,  597,  436,  762,  130,  525,  257,  623,  406,  655,  251,  676,  375,  231,  241,  997,  529,  679,  592,  484,  784,  680,  726,  286,  760,  174,  333,  714,  459,  764,  279,  220,  327,  314,  456,  528,  395,  109,    0,  210,  619,  384,  963,  207,   87,  736,  185,  403,  657,  667,  356,  357,  290,  744,  457,  334,  334,  363,  770,  764,  416,  325,  458,  585,  519,  612,  636,  770,  214,  706,  515,  142,  218,  633,  251,  188,  530,  347,  652,  584,  585,  159,  339,  387,  646,  368],
        [  318,    0,  729,  531,  227,  537,  879,  848,  109,  233,  431,  537,  568,  433,  895,  312,  175,  604,  542,  970,  109,  734,  356,  816,  609,  842,  325,  791,  574,  327,  450, 1182,  708,  723,  798,  661,  949,  833,  918,  463,  960,   38,  515,  905,  548,  972,  144,   79,  478,  287,  662,  582,  602,  133,  210,    0,  663,  594, 1149,  175,  262,  922,  181,  585,  797,  794,  487,  563,  481,  949,  605,  542,  538,  512,  968,  972,  600,  497,  653,  779,  697,  650,  646,  979,  159,  867,  724,  312,  350,  839,  407,  378,  698,  526,  833,  758,  763,  203,  377,  595,  849,  477],
        [  364,    0,  946,  139,  438,  883,  922,  747,  601,  849,  241,  712,  102,  258,  838,  525,  777,  118,  236, 1012,  581,  771,  871, 1037,  826, 1088,  369,  269,  564,  389,  632,  833,  498,   62,  921,  983,  552,  433,  685,  462, 1106,  658,  477, 1121,  189,  883,  805,  736,  383,  913,  830,   92,  774,  573,  619,  663,    0,  716,  813,  489,  543, 1165,  780,  907,  361,  312,  326,  772,  802, 1049,  347,  648,  772,  934,  761,  912,  490,  867,  573, 1005, 1009,   22,  108,  993,  505,  486,  765,  503,  415,  759,  833,  738, 1043,  466, 1108,  493, 1063,  768,  291,  752,  732,  283],
        [  641,    0,  230,  673,  571,  251,  288,  292,  492,  551,  645,   63,  687,  681,  312,  314,  517,  758,  481,  382,  505,  144,  425,  322,  124,  372,  464,  616,  160,  431,  148,  699,  322,  764,  228,  297,  571,  519,  423,  263,  414,  557,  239,  409,  528,  390,  640,  594,  337,  594,  115,  634,   64,  480,  384,  594,  716,    0,  664,  543,  353,  450,  513,  244,  539,  581,  394,   91,  204,  378,  390,   73,  114,  346,  441,  384,  247,  268,  200,  290,  313,  722,  785,  387,  560,  515,  134,  329,  375,  274,  318,  255,  358,  250,  394,  378,  357,  472,  545,   42,  301,  444],
        [ 1017,    0,  774,  885, 1011,  907,  558,  385, 1042, 1186,  938,  721,  868,  976,  424,  841, 1137,  922,  693,  577, 1041,  553, 1083,  807,  759,  857,  867,  547,  593,  849,  753,   36,  442,  814,  658,  908,  262,  384,  243,  686,  744, 1120,  635,  837,  725,  380, 1242, 1181,  682, 1239,  704,  796,  709, 1017,  963, 1149,  813,  664,    0, 1020,  891,  890, 1134,  886,  454,  502,  694,  751,  868,  664,  574,  668,  777, 1005,  232,  421,  550,  929,  510,  803,  906,  832,  920,  537, 1042,  332,  560,  838,  809,  409,  979,  903,  957,  623,  901,  396,  912, 1097,  886,  695,  370,  730],
        [  162,    0,  723,  360,   60,  564,  827,  756,  128,  374,  263,  497,  396,  270,  817,  229,  304,  437,  376,  923,  103,  671,  446,  816,  592,  852,  161,  623,  478,  172,  397, 1051,  580,  550,  766,  688,  802,  681,  801,  347,  944,  170,  401,  908,  377,  890,  316,  247,  339,  436,  633,  408,  569,  108,  207,  175,  489,  543, 1020,    0,  193,  934,  308,  606,  638,  630,  334,  538,  491,  918,  456,  478,  520,  569,  859,  898,  481,  531,  550,  778,  722,  477,  478,  925,   23,  720,  661,  217,  213,  752,  457,  391,  735,  408,  852,  624,  788,  309,  202,  556,  754,  315],
        [  320,    0,  531,  442,  232,  386,  639,  588,  154,  336,  372,  304,  470,  397,  640,   50,  270,  531,  351,  734,  159,  486,  329,  625,  400,  663,  181,  590,  312,  155,  206,  924,  452,  602,  574,  506,  703,  596,  658,  207,  751,  230,  257,  717,  377,  716,  356,  291,  241,  400,  441,  451,  376,  134,   87,  262,  543,  353,  891,  193,    0,  745,  270,  424,  571,  581,  270,  346,  308,  726,  372,  292,  328,  410,  706,  719,  341,  358,  392,  588,  539,  538,  568,  738,  209,  624,  476,   57,  134,  580,  301,  216,  558,  269,  666,  505,  604,  245,  274,  364,  588,  283],
