{
    "name": "random-96-5278",
    "comment": "size=96 seed=5278",
    "nodes": ["+0", "-0", "+1", "-1", "+2", "-2", "+3", "-3", "+4", "-4", "+5", "-5", "+6", "-6", "+7", "-7", "+8", "-8", "+9", "-9", "+10", "-10", "+11", "-11", "+12", "-12", "+13", "-13", "+14", "-14", "+15", "-15", "+16", "-16", "+17", "-17", "+18", "-18", "+19", "-19", "+20", "-20", "+21", "-21", "+22", "-22", "+23", "-23", "+24", "-24", "+25", "-25", "+26", "-26", "+27", "-27", "+28", "-28", "+29", "-29", "+30", "-30", "+31", "-31", "+32", "-32", "+33", "-33", "+34", "-34", "+35", "-35", "+36", "-36", "+37", "-37", "+38", "-38", "+39", "-39", "+40", "-40", "+41", "-41", "+42", "-42", "+43", "-43", "+44", "-44", "+45", "-45", "+46", "-46", "+47", "-47", "+48", "-48", "+49", "-49", "+50", "-50", "+51", "-51", "+52", "-52", "+53", "-53", "+54", "-54", "+55", "-55", "+56", "-56", "+57", "-57", "+58", "-58", "+59", "-59", "+60", "-60", "+61", "-61", "+62", "-62", "+63", "-63", "+64", "-64", "+65", "-65", "+66", "-66", "+67", "-67", "+68", "-68", "+69", "-69", "+70", "-70", "+71", "-71", "+72", "-72", "+73", "-73", "+74", "-74", "+75", "-75", "+76", "-76", "+77", "-77", "+78", "-78", "+79", "-79", "+80", "-80", "+81", "-81", "+82", "-82", "+83", "-83", "+84", "-84", "+85", "-85", "+86", "-86", "+87", "-87", "+88", "-88", "+89", "-89", "+90", "-90", "+91", "-91", "+92", "-92", "+93", "-93", "+94", "-94", "+95", "-95", "+96", "-96"],
    "precedence": {
        "+0": "-0",
        "+1": "-1",
        "+2": "-2",
        "+3": "-3",
        "+4": "-4",
        "+5": "-5",
        "+6": "-6",
        "+7": "-7",
        "+8": "-8",
        "+9": "-9",
        "+10": "-10",
        "+11": "-11",
        "+12": "-12",
        "+13": "-13",
        "+14": "-14",
        "+15": "-15",
        "+16": "-16",
        "+17": "-17",
        "+18": "-18",
        "+19": "-19",
        "+20": "-20",
        "+21": "-21",
        "+22": "-22",
        "+23": "-23",
        "+24": "-24",
        "+25": "-25",
        "+26": "-26",
        "+27": "-27",
        "+28": "-28",
        "+29": "-29",
        "+30": "-30",
        "+31": "-31",
        "+32": "-32",
        "+33": "-33",
        "+34": "-34",
        "+35": "-35",
        "+36": "-36",
        "+37": "-37",
        "+38": "-38",
        "+39": "-39",
        "+40": "-40",
        "+41": "-41",
        "+42": "-42",
        "+43": "-43",
        "+44": "-44",
        "+45": "-45",
        "+46": "-46",
        "+47": "-47",
        "+48": "-48",
        "+49": "-49",
        "+50": "-50",
        "+51": "-51",
        "+52": "-52",
        "+53": "-53",
        "+54": "-54",
        "+55": "-55",
        "+56": "-56",
        "+57": "-57",
        "+58": "-58",
        "+59": "-59",
        "+60": "-60",
        "+61": "-61",
        "+62": "-62",
        "+63": "-63",
        "+64": "-64",
        "+65": "-65",
        "+66": "-66",
        "+67": "-67",
        "+68": "-68",
        "+69": "-69",
        "+70": "-70",
        "+71": "-71",
        "+72": "-72",
        "+73": "-73",
        "+74": "-74",
        "+75": "-75",
        "+76": "-76",
        "+77": "-77",
        "+78": "-78",
        "+79": "-79",
        "+80": "-80",
        "+81": "-81",
        "+82": "-82",
        "+83": "-83",
        "+84": "-84",
        "+85": "-85",
        "+86": "-86",
        "+87": "-87",
        "+88": "-88",
        "+89": "-89",
        "+90": "-90",
        "+91": "-91",
        "+92": "-92",
        "+93": "-93",
        "+94": "-94",
        "+95": "-95",
        "+96": "-96"
    },
    "edges": [
        [    0,    0,  494,  804,  350,  507,  793,  644,  590,  349,  550,  683,  217,  475,  339,  472,  292,  291,  624,  648,  447,  774,  144,  639,  554,  305,  161,  648,  525,  537,  865,  588,  451,  137,  551,  132,  280,  312,  167,  886,  287,  555,  695,  465,  179,  452,  336,  405,  199,  605,  785,  607,  322,  613,  522,  219,  102,  373,  837,  337,  399,  683,  336,  420,  514,   99,  382,  648,  458,  386,  646,  359,  641,  636,  569,  586,  573,  335,  392,  183,  580,  384,  440,  453,  637,  348,  180,  525,  714,  380,  958,  408,  332,  434,  304,  725,  462,  564,  581,  452,   25,  196,  402,  449,  468,  590,  667,  742,   83,  213,  422,  352,  583,  653,   95,  588,  462,  312,  177,  521,  289,  269,  670,  752,  331,  668,  787,  190,  595,  596,  304,  304,  503,  177,  716,  614,  437,  102,  164,  408,  189,  126,  902,  573,  652,  362,  115,  773,  351,  207,  329,  626,  718,  874,  275,  731,  427,  375,  567,  254,  460,  637,  208,  613,  375,  646,  897,  847,  750,  286,  763,  498,  213,  279,  458,  612,  147,  228,  776,  554,  694,  465,  735,   63,  301,  438,  819,  448,  649,  219,  494,  847,  934,  565],
        [    0,    0,    0,    0,    0,    0,    0,    0,    0,    0,    0,    0,    0,    0,    0,    0,    0,    0,    0,    0,    0,    0,    0,    0,    0,    0,    0,    0,    0,    0,    0,    0,    0,    0,    0,    0,    0,    0,    0,    0,    0,    0,    0,    0,    0,    0,    0,    0,    0,    0,    0,    0,    0,    0,    0,    0,    0,    0,    0,    0,    0,    0,    0,    0,    0,    0,    0,    0,    0,    0,    0,    0,    0,    0,    0,    0,    0,    0,    0,    0,    0,    0,    0,    0,    0,    0,    0,    0,    0,    0,    0,    0,    0,    0,    0,    0,    0,    0,    0,    0,    0,    0,    0,    0,    0,    0,    0,    0,    0,    0,    0,    0,    0,    0,    0,    0,    0,    0,    0,    0,    0,    0,    0,    0,    0,    0,    0,    0,    0,    0,    0,    0,    0,    0,    0,    0,    0,    0,    0,    0,    0,    0,    0,    0,    0,    0,    0,    0,    0,    0,    0,    0,    0,    0,    0,    0,    0,    0,    0,    0,    0,    0,    0,    0,    0,    0,    0,    0,    0,    0,    0,    0,    0,    0,    0,    0,    0,    0,    0,    0,    0,    0,    0,    0,    0,    0,    0,    0,    0,    0,    0,    0,    0,    0],
        [  494,    0,    0,  554,  734,  117,  608,  176,  744,  194,  105,  809,  697,  184,  173,   78,  600,  242,  268,  832,  214,  647,  380,  166,  148,  671,  341,  245,  376,  848,  516,  768,  105,  630,  817,  363,  287,  401,  338,  597,  611,  772,  850,  350,  459,  483,  692,  778,  355,  654,  988,  114,  494,  805,  732,  705,  534,  515, 1011,  215,  104,  679,  265,  111,  547,  586,  132,  183,  790,  411,  761,  639,  323,  310,  423,  347,  786,  161,  709,  488,  241,  761,  279,  308,  374,  730,  352,  861,  872,  708,  622,  328,  350,   87,  678,  308,  301,   99,  834,  828,  494,  342,  498,  323,  569,  301,  925,  838,  462,  684,  227,  214,  713,  181,  579,  437,  665,  207,  374,  212,  639,  288,  212,  816,  171,  465,  888,  493,  181,  312,  797,  229,  423,  665,  574,  132,  141,  566,  459,   88,  378,  578,  667,  819,  341,  465,  549,  909,  308,  471,  290,  729,  941,  649,  768,  628,  223,  533,  602,  707,  338,  444,  622,  164,  178,  172,  565,  514,  356,  752,  467,  259,  287,  751,  300,  339,  613,  721,  740,  244,  807,  186,  428,  522,  440,  395,  986,  638,  723,  691,  185, 1026,  654,  292],
        [  804,    0,  554,    0,  804,  441,  103,  443,  554,  510,  640,  551, 1012,  400,  660,  490,  673,  548,  290,  627,  763,  188,  664,  456,  690,  753,  668,  761,  280,  781,  170,  593,  479,  915,  713,  704,  767,  502,  733,   93,  691,  635,  605,  340,  884,  403,  752,  813,  607,  406,  745,  549,  543,  623,  612,  931,  894,  509,  729,  508,  543,  350,  482,  646,  387,  898,  642,  437,  772,  432,  516,  655,  863,  850,  239,  232,  637,  587,  717,  910,  786,  810,  825,  855,  189,  798,  630,  819,  622,  728,  194,  396,  858,  513,  765,  317,  349,  473,  705,  846,  787,  773,  467,  358,  461,  851,  767,  532,  830, 1013,  770,  728,  516,  451,  896,  221,  582,  552,  798,  354,  724,  548,  415,  485,  570,  137,  568,  917,  709,  861, 1051,  712,  312,  966,  160,  606,  459,  905,  876,  568,  616,  800,  114,  691,  214,  484,  772,  619,  825,  631,  799,  491,  736,   96, 1013,  215,  412,  524,  386,  872,  884,  169,  782,  422,  700,  458,  153,  139,  267,  923,   99,  812,  697, 1076,  848,  223,  834,  990,  335,  795,  535,  405,  136,  862,  529,  374,  703,  561,  455, 1019,  388,  744,  131,  844],
        [  350,    0,  734,  804,    0,  694,  749,  834,  357,  544,  819,  444,  393,  630,  625,  682,  145,  493,  745,  375,  762,  695,  374,  835,  837,   65,  423,  942,  561,  201,  923,  334,  652,  317,  241,  423,  607,  362,  484,  896,  129,  283,  432,  517,  527,  404,   52,   56,  383,  453,  477,  840,  280,  343,  268,  238,  424,  300,  539,  524,  631,  542,  485,  699,  421,  352,  660,  836,  123,  403,  426,  149,  959,  952,  579,  649,  299,  584,  102,  527,  888,   34,  770,  787,  695,    6,  392,  179,  444,   87,  991,  483,  676,  652,   57,  860,  548,  769,  275,  104,  329,  530,  341,  521,  347,  911,  343,  510,  433,  414,  741,  664,  374,  846,  360,  593,  249,  528,  518,  658,   98,  447,  848,  541,  568,  676,  543,  533,  880,  919,  335,  612,  505,  354,  664,  865,  623,  394,  512,  652,  359,  225,  870,  273,  735,  337,  236,  507,  688,  264,  662,  422,  407,  840,  301,  647,  568,  283,  442,  141,  799,  648,  143,  796,  676,  842,  937,  896,  863,  168,  805,  820,  513,  440,  790,  686,  217,  320,  631,  866,  462,  619,  792,  391,  321,  459,  528,  258,  460,  416,  646,  547,  929,  887],
        [  507,    0,  117,  441,  694,    0,  492,  143,  655,  162,  215,  713,  720,   79,  240,   51,  552,  220,  160,  744,  323,  531,  373,  142,  261,  630,  346,  352,  267,  784,  418,  683,   58,  641,  745,  376,  357,  339,  371,  489,  566,  692,  757,  250,  511,  393,  647,  731,  333,  553,  899,  166,  431,  720,  654,  703,  565,  442,  917,  178,  124,  571,  210,  207,  451,  603,  210,  146,  733,  330,  665,  581,  438,  425,  311,  231,  705,  187,  654,  541,  357,  717,  386,  416,  258,  689,  339,  802,  779,  655,  523,  241,  436,   86,  639,  229,  200,   79,  758,  780,  501,  392,  419,  225,  483,  417,  848,  737,  493,  711,  331,  300,  622,  154,  599,  324,  590,  195,  422,   96,  597,  257,  165,  712,  182,  348,  787,  547,  290,  428,  806,  297,  320,  683,  458,  212,   73,  592,  508,  138,  355,  568,  554,  743,  229,  392,  537,  812,  397,  435,  375,  633,  856,  535,  773,  514,  135,  462,  503,  688,  445,  328,  597,  108,  267,  149,  464,  412,  267,  736,  356,  372,  322,  778,  408,  223,  604,  731,  628,  360,  709,   86,  318,  546,  380,  303,  891,  562,  623,  718,   73,  932,  546,  408],
        [  793,    0,  608,  103,  749,  492,    0,  518,  471,  532,  701,  458,  992,  438,  693,  537,  627,  561,  357,  539,  808,   87,  658,  531,  750,  703,  670,  829,  280,  706,  272,  510,  522,  894,  635,  706,  792,  482,  742,  177,  645,  556,  512,  338,  891,  361,  699,  753,  602,  325,  649,  619,  505,  537,  537,  898,  887,  465,  630,  526,  581,  258,  490,  690,  328,  882,  680,  513,  705,  409,  427,  601,  926,  913,  229,  264,  556,  616,  657,  916,  846,  752,  867,  897,  235,  743,  626,  746,  527,  669,  282,  395,  886,  555,  715,  405,  361,  537,  624,  782,  774,  787,  424,  361,  402,  909,  680,  435,  828,  996,  812,  763,  434,  528,  882,  209,  515,  571,  809,  399,  677,  552,  495,  386,  596,  147,  468,  923,  773,  919, 1019,  740,  290,  945,   86,  676,  496,  894,  882,  608,  607,  772,  121,  611,  278,  450,  747,  520,  857,  605,  829,  404,  644,   91,  980,  121,  436,  477,  314,  831,  926,  174,  744,  493,  738,  534,  250,  242,  358,  880,  191,  862,  711, 1056,  891,  270,  804,  963,  233,  851,  441,  441,  221,  853,  502,  356,  604,  498,  365, 1002,  430,  645,  189,  900],
        [  644,    0,  176,  443,  834,  143,  518,    0,  767,  303,  219,  815,  855,  206,  346,  172,  692,  361,  166,  857,  378,  576,  514,   15,  267,  770,  484,  321,  358,  915,  366,  798,  194,  779,  871,  512,  462,  475,  499,  465,  706,  814,  863,  361,  630,  509,  787,  870,  475,  651, 1008,  113,  566,  835,  776,  844,  696,  572, 1020,  320,  247,  653,  351,  286,  558,  739,  306,    8,  867,  457,  768,  717,  430,  416,  390,  291,  825,  314,  790,  660,  360,  857,  445,  472,  293,  829,  480,  935,  885,  791,  469,  367,  525,  211,  779,  146,  314,   83,  882,  918,  640,  511,  544,  341,  601,  426,  969,  831,  623,  844,  396,  390,  732,   13,  734,  397,  715,  335,  543,  191,  737,  400,   38,  800,  314,  391,  879,  665,  276,  436,  945,  403,  420,  819,  507,  168,  215,  725,  629,  248,  497,  709,  550,  867,  242,  522,  679,  911,  482,  577,  466,  736,  971,  538,  913,  570,  268,  592,  603,  830,  501,  381,  740,   40,  354,   16,  418,  370,  201,  879,  346,  410,  449,  911,  462,  265,  746,  870,  694,  375,  809,  216,  308,  679,  517,  420,  993,  687,  720,  851,  192, 1035,  521,  425],
        [  590,    0,  744,  554,  357,  655,  471,  767,    0,  564,  846,   95,  718,  577,  713,  670,  307,  543,  625,   90,  862,  396,  519,  774,  882,  343,  561,  986,  414,  244,  708,   40,  640,  625,  169,  584,  755,  366,  646,  642,  318,   90,  112,  408,  755,  263,  321,  335,  486,  148,  244,  820,  292,   72,   90,  577,  688,  249,  272,  545,  657,  220,  489,  761,  211,  641,  730,  766,  267,  334,   69,  244, 1043, 1032,  397,  497,   86,  643,  256,  767,  961,  344,  896,  922,  523,  353,  510,  287,  134,  272,  747,  417,  846,  659,  352,  731,  457,  732,  154,  346,  565,  702,  251,  431,  175, 1005,  217,  158,  662,  733,  851,  776,   40,  780,  645,  399,  129,  576,  706,  578,  334,  500,  766,  184,  620,  460,  199,  774,  921, 1015,  687,  730,  349,  672,  395,  864,  604,  673,  741,  687,  471,  500,  585,  141,  579,  292,  489,  186,  839,  394,  809,   73,  204,  557,  650,  352,  524,  237,  177,  484,  943,  444,  431,  729,  771,  780,  704,  678,  712,  521,  594,  925,  648,  774,  921,  533,  515,  657,  293,  950,  109,  570,  597,  649,  341,  353,  249,  142,  115,  736,  586,  286,  659,  986],
        [  349,    0,  194,  510,  544,  162,  532,  303,  564,    0,  290,  637,  565,  130,  168,  140,  407,   59,  281,  650,  308,  546,  212,  301,  321,  480,  189,  426,  258,  655,  534,  585,  111,  482,  626,  222,  261,  209,  231,  578,  419,  584,  673,  209,  380,  312,  500,  585,  173,  492,  806,  297,  301,  621,  544,  541,  416,  326,  835,   21,   95,  534,   76,  199,  382,  446,  172,  307,  596,  231,  589,  445,  480,  469,  311,  279,  599,   89,  516,  408,  397,  570,  355,  384,  324,  539,  178,  667,  696,  514,  634,  165,  355,  110,  488,  377,  174,  230,  643,  635,  342,  265,  314,  181,  390,  443,  736,  673,  344,  557,  303,  239,  537,  314,  442,  330,  476,   43,  292,  179,  447,   99,  326,  658,   67,  388,  724,  415,  361,  454,  645,  210,  280,  525,  475,  325,   90,  439,  374,  124,  195,  406,  620,  630,  323,  277,  376,  738,  328,  281,  299,  559,  756,  596,  612,  516,   99,  343,  441,  529,  410,  359,  439,  270,  222,  308,  573,  521,  405,  576,  446,  370,  189,  624,  380,  293,  443,  572,  609,  387,  637,  120,  412,  393,  247,  233,  810,  450,  559,  564,  148,  849,  632,  426],
        [  550,    0,  105,  640,  819,  215,  701,  219,  846,  290,    0,  913,  740,  287,  212,  182,  689,  330,  350,  934,  172,  744,  453,  205,   50,  756,  408,  141,  479,  943,  582,  870,  209,  682,  915,  424,  303,  498,  385,  674,  699,  872,  953,  454,  481,  586,  779,  864,  436,  758, 1090,  111,  590,  907,  832,  766,  573,  614, 1115,  310,  195,  783,  363,  130,  651,  634,  169,  226,  881,  513,  864,  732,  225,  212,  525,  445,  886,  236,  801,  510,  147,  847,  236,  260,  467,  814,  429,  953,  975,  798,  687,  432,  339,  188,  762,  364,  405,  168,  932,  915,  554,  375,  599,  427,  672,  211, 1025,  942,  504,  723,  195,  220,  816,  218,  627,  538,  765,  293,  405,  310,  725,  378,  256,  920,  251,  560,  992,  513,   77,  222,  849,  255,  527,  712,  672,   76,  245,  609,  485,  169,  460,  646,  752,  918,  428,  564,  619, 1013,  294,  557,  286,  833, 1042,  736,  823,  728,  326,  632,  706,  779,  288,  542,  699,  225,  186,  208,  633,  585,  418,  821,  548,  194,  337,  788,  250,  433,  680,  773,  842,  158,  911,  289,  509,  568,  535,  499, 1089,  738,  827,  730,  286, 1129,  731,  208],
        [  683,    0,  809,  551,  444,  713,  458,  815,   95,  637,  913,    0,  811,  635,  792,  733,  401,  621,  664,   92,  940,  375,  608,  823,  951,  434,  649, 1053,  458,  304,  714,  110,  704,  719,  230,  673,  840,  447,  735,  634,  412,  163,   54,  464,  847,  327,  411,  417,  572,  166,  199,  878,  380,  110,  178,  669,  782,  334,  205,  618,  727,  202,  562,  835,  263,  735,  806,  814,  344,  406,   49,  338, 1116, 1104,  431,  533,  150,  719,  345,  859, 1033,  428,  977, 1003,  552,  440,  598,  350,   73,  361,  739,  481,  932,  725,  443,  764,  514,  788,  204,  421,  658,  790,  329,  489,  249, 1079,  230,   67,  754,  827,  930,  856,  105,  828,  739,  429,  223,  653,  796,  630,  428,  580,  810,  106,  696,  476,  105,  867,  988, 1090,  777,  812,  397,  766,  392,  925,  668,  767,  833,  758,  559,  594,  563,  196,  610,  372,  584,  101,  923,  485,  893,   80,  187,  538,  741,  338,  587,  324,  213,  575, 1025,  466,  524,  778,  849,  829,  703,  683,  738,  610,  605, 1003,  734,  866, 1002,  567,  609,  750,  248, 1023,   22,  629,  614,  743,  425,  414,  179,  235,  100,  830,  642,  220,  643, 1061],
        [  217,    0,  697, 1012,  393,  720,  992,  855,  718,  565,  740,  811,    0,  692,  531,  684,  414,  508,  841,  756,  610,  965,  360,  849,  735,  381,  376,  819,  733,  592, 1080,  705,  664,  100,  631,  345,  443,  512,  360, 1096,  402,  661,  810,  674,  276,  638,  408,  442,  413,  768,  869,  809,  497,  722,  636,  157,  167,  545,  930,  554,  609,  853,  552,  611,  692,  119,  575,  860,  515,  585,  782,  474,  788,  787,  774,  799,  678,  543,  476,  254,  742,  422,  584,  587,  850,  395,  396,  564,  825,  460, 1172,  619,  456,  645,  373,  941,  676,  774,  664,  474,  229,  366,  581,  660,  633,  736,  735,  875,  237,   28,  582,  526,  722,  864,  123,  793,  591,  526,  336,  738,  384,  486,  883,  895,  542,  876,  914,  255,  773,  740,  134,  486,  705,   48,  912,  809,  653,  132,  267,  613,  400,  228, 1105,  661,  868,  547,  249,  888,  491,  388,  479,  769,  798, 1077,  132,  920,  644,  540,  737,  253,  584,  844,  288,  826,  555,  856, 1111, 1062,  967,  243,  976,  649,  411,   64,  594,  827,  205,   82,  947,  712,  826,  681,  949,  176,  491,  640,  917,  585,  799,   26,  711,  938, 1143,  711],
        [  475,    0,  184,  400,  630,   79,  438,  206,  577,  130,  287,  635,  692,    0,  261,  107,  487,  184,  151,  666,  371,  468,  335,  209,  331,  566,  317,  426,  193,  710,  407,  604,   85,  607,  669,  351,  371,  270,  359,  459,  501,  615,  678,  172,  507,  314,  582,  665,  288,  475,  820,  244,  361,  642,  577,  658,  545,  367,  839,  138,  145,  497,  151,  252,  373,  573,  244,  208,  662,  254,  587,  511,  506,  493,  241,  174,  628,  191,  584,  536,  423,  652,  430,  460,  212,  624,  299,  730,  701,  586,  508,  164,  459,  118,  576,  251,  122,  156,  681,  712,  466,  390,  342,  147,  405,  481,  771,  660,  474,  685,  375,  329,  544,  219,  569,  255,  513,  172,  418,   50,  533,  211,  219,  635,  177,  292,  710,  542,  363,  492,  767,  314,  242,  651,  395,  290,   60,  567,  502,  171,  307,  521,  512,  667,  198,  318,  491,  734,  426,  376,  400,  555,  778,  490,  732,  447,   62,  387,  425,  635,  488,  268,  542,  168,  302,  216,  447,  395,  276,  685,  326,  426,  315,  752,  454,  177,  558,  695,  557,  423,  631,   11,  290,  521,  312,  225,  813,  486,  545,  692,   19,  854,  515,  469],
        [  339,    0,  173,  660,  625,  240,  693,  346,  713,  168,  212,  792,  531,  261,    0,  190,  506,  171,  396,  796,  150,  712,  252,  337,  218,  564,  204,  319,  424,  769,  656,  730,  188,  471,  752,  214,  118,  348,  174,  719,  513,  721,  824,  377,  286,  472,  590,  674,  250,  655,  951,  281,  431,  765,  682,  556,  365,  466,  985,  182,  119,  701,  235,   82,  544,  424,   45,  352,  701,  389,  745,  558,  340,  332,  477,  432,  737,   80,  621,  316,  264,  655,  188,  217,  472,  621,  235,  773,  846,  616,  761,  332,  199,  155,  569,  464,  339,  264,  774,  725,  344,  170,  464,  348,  543,  296,  867,  833,  295,  516,  139,   72,  689,  352,  417,  495,  612,  141,  202,  308,  535,  214,  380,  821,  102,  547,  883,  321,  260,  306,  638,   59,  448,  502,  640,  278,  202,  400,  286,  103,  271,  439,  772,  761,  457,  422,  413,  892,  165,  371,  139,  716,  895,  750,  612,  683,  258,  481,  604,  572,  242,  520,  497,  326,   58,  343,  701,  648,  506,  613,  585,  213,  126,  582,  214,  438,  471,  562,  777,  246,  794,  256,  548,  358,  377,  399,  961,  587,  719,  523,  274,  998,  775,  275],
        [  472,    0,   78,  490,  682,   51,  537,  172,  670,  140,  182,  733,  684,  107,  190,    0,  544,  195,  211,  759,  274,  572,  345,  167,  225,  618,  313,  322,  299,  784,  469,  696,   32,  608,  750,  341,  308,  336,  330,  539,  556,  702,  775,  273,  466,  409,  637,  722,  310,  577,  914,  160,  430,  733,  663,  675,  526,  446,  936,  159,   78,  602,  201,  157,  471,  568,  160,  177,  729,  339,  685,  578,  400,  387,  347,  274,  715,  144,  649,  495,  317,  707,  336,  366,  305,  677,  313,  800,  797,  649,  574,  254,  385,   40,  626,  276,  224,   93,  765,  772,  469,  346,  427,  246,  496,  376,  856,  761,  453,  673,  281,  249,  639,  181,  563,  361,  596,  165,  377,  139,  585,  238,  200,  739,  142,  392,  812,  501,  258,  386,  774,  248,  346,  648,  499,  196,   67,  554,  464,   88,  333,  542,  603,  751,  278,  396,  512,  833,  346,  420,  324,  654,  869,  583,  742,  553,  147,  465,  526,  667,  395,  370,  578,  144,  216,  174,  515,  463,  317,  714,  406,  325,  280,  741,  359,  270,  578,  699,  663,  318,  731,  108,  368,  508,  377,  320,  911,  569,  646,  680,  109,  951,  596,  365],
        [  292,    0,  600,  673,  145,  552,  627,  692,  307,  407,  689,  401,  414,  487,  506,  544,    0,  360,  601,  358,  650,  582,  263,  693,  712,   84,  313,  818,  420,  265,  784,  299,  513,  319,  263,  323,  509,  218,  387,  764,   18,  264,  406,  374,  467,  271,   96,  179,  258,  359,  494,  703,  138,  323,  232,  285,  387,  165,  545,  387,  498,  447,  344,  575,  302,  335,  537,  694,  195,  260,  369,   67,  845,  837,  442,  507,  282,  456,  116,  474,  770,  166,  667,  688,  554,  139,  273,  267,  424,  110,  856,  339,  588,  516,   95,  716,  403,  629,  292,  228,  268,  440,  207,  377,  233,  799,  381,  464,  370,  428,  632,  554,  308,  704,  339,  457,  179,  396,  435,  514,   52,  313,  705,  482,  439,  541,  505,  481,  754,  808,  403,  503,  367,  368,  542,  731,  483,  368,  452,  521,  235,  194,  747,  283,  593,  196,  185,  485,  592,  136,  565,  355,  427,  717,  365,  534,  425,  151,  336,  206,  703,  512,  130,  654,  560,  700,  801,  759,  720,  254,  667,  711,  407,  473,  689,  543,  210,  361,  540,  751,  415,  477,  652,  348,  177,  317,  528,  172,  385,  432,  503,  556,  800,  777],
        [  291,    0,  242,  548,  493,  220,  561,  361,  543,   59,  330,  621,  508,  184,  171,  195,  360,    0,  334,  626,  320,  567,  154,  359,  355,  429,  133,  461,  282,  615,  584,  561,  168,  424,  590,  167,  240,  179,  186,  620,  371,  555,  654,  227,  337,  302,  451,  537,  116,  485,  782,  349,  266,  596,  515,  483,  362,  298,  815,   47,  138,  536,   73,  223,  375,  390,  189,  365,  552,  219,  574,  404,  503,  493,  334,  317,  570,  102,  472,  363,  423,  520,  358,  385,  366,  489,  120,  624,  676,  469,  681,  174,  336,  162,  437,  434,  202,  287,  610,  587,  284,  227,  293,  201,  372,  463,  704,  662,  292,  501,  309,  238,  519,  372,  386,  354,  446,   37,  251,  232,  398,   48,  385,  652,   81,  420,  713,  371,  397,  473,  587,  198,  292,  468,  498,  373,  148,  384,  329,  161,  139,  349,  655,  597,  370,  252,  318,  722,  316,  230,  285,  545,  728,  630,  554,  533,  142,  314,  435,  472,  409,  390,  384,  328,  229,  366,  620,  569,  460,  519,  490,  383,  151,  568,  383,  336,  385,  514,  617,  409,  623,  174,  458,  337,  211,  235,  791,  420,  549,  508,  203,  828,  673,  443],
        [  624,    0,  268,  290,  745,  160,  357,  166,  625,  281,  350,  664,  841,  151,  396,  211,  601,  334,    0,  714,  480,  411,  482,  177,  400,  683,  467,  473,  213,  797,  260,  659,  209,  753,  745,  501,  512,  386,  509,  331,  617,  681,  714,  235,  656,  378,  695,  774,  432,  499,  860,  263,  466,  695,  646,  799,  696,  459,  867,  288,  278,  493,  292,  366,  415,  722,  369,  161,  759,  346,  619,  613,  574,  560,  234,  132,  690,  335,  686,  685,  497,  763,  544,  573,  128,  740,  446,  823,  735,  690,  365,  262,  594,  242,  694,  116,  198,  183,  751,  818,  614,  538,  425,  225,  468,  561,  834,  675,  624,  835,  490,  459,  588,  176,  718,  238,  590,  322,  567,  103,  651,  356,  150,  641,  324,  226,  722,  691,  419,  571,  911,  453,  279,  799,  342,  320,  202,  717,  652,  296,  449,  661,  402,  736,   79,  413,  631,  757,  556,  507,  533,  587,  829,  386,  875,  405,  199,  479,  454,  768,  603,  217,  674,  137,  427,  181,  305,  253,  127,  818,  200,  526,  464,  901,  565,  101,  698,  840,  530,  505,  656,  161,  161,  671,  426,  297,  840,  563,  567,  841,  133,  882,  388,  555],
        [  648,    0,  832,  627,  375,  744,  539,  857,   90,  650,  934,   92,  756,  666,  796,  759,  358,  626,  714,    0,  945,  459,  591,  863,  969,  376,  635, 1074,  502,  217,  787,   67,  729,  668,  145,  656,  831,  448,  719,  713,  365,   96,   58,  498,  819,  352,  350,  341,  562,  226,  157,  909,  368,   36,  127,  608,  744,  330,  193,  631,  744,  282,  575,  846,  300,  690,  814,  856,  265,  422,  113,  291, 1128, 1117,  484,  584,   79,  727,  282,  829, 1046,  355,  977, 1002,  609,  372,  586,  262,   70,  298,  819,  506,  920,  746,  384,  818,  547,  821,  116,  339,  624,  774,  336,  520,  263, 1089,  142,  151,  724,  774,  932,  857,  126,  869,  695,  485,  191,  660,  776,  668,  375,  583,  855,  197,  705,  541,  171,  836, 1008, 1099,  710,  810,  438,  713,  468,  953,  693,  725,  804,  773,  546,  548,  648,  111,  666,  375,  542,  133,  916,  462,  886,  138,  116,  622,  676,  418,  613,  315,  262,  512, 1022,  528,  472,  818,  853,  869,  779,  756,  797,  542,  674, 1008,  725,  809, 1001,  621,  558,  690,  338, 1034,  113,  659,  680,  705,  420,  442,  172,  212,  174,  777,  675,  205,  726, 1069],
        [  447,    0,  214,  763,  762,  323,  808,  378,  862,  308,  172,  940,  610,  371,  150,  274,  650,  320,  480,  945,    0,  837,  390,  366,  142,  703,  340,  210,  553,  914,  730,  879,  287,  569,  899,  341,  170,  497,  285,  810,  656,  870,  973,  512,  338,  618,  730,  813,  395,  800, 1100,  279,  580,  914,  831,  664,  445,  616, 1134,  325,  232,  842,  380,  119,  689,  517,  137,  386,  844,  536,  893,  704,  197,  191,  604,  544,  887,  222,  765,  364,  134,  793,   67,   95,  578,  759,  378,  916,  995,  759,  835,  473,  174,  254,  707,  518,  469,  310,  922,  863,  458,  253,  613,  483,  691,  150, 1015,  980,  384,  590,   28,   99,  838,  379,  509,  621,  761,  288,  279,  411,  675,  363,  416,  966,  245,  662, 1030,  366,  172,  159,  731,  150,  585,  590,  764,  247,  314,  485,  345,  202,  416,  561,  876,  909,  551,  571,  538, 1041,  130,  515,  132,  863, 1044,  856,  709,  813,  386,  631,  748,  695,  124,  638,  628,  374,   92,  370,  779,  728,  568,  731,  678,   64,  249,  651,   87,  543,  590,  656,  914,  107,  942,  369,  639,  449,  527,  541, 1110,  737,  865,  596,  379, 1148,  867,  127],
        [  774,    0,  647,  188,  695,  531,   87,  576,  396,  546,  744,  375,  965,  468,  712,  572,  582,  567,  411,  459,  837,    0,  646,  588,  792,  654,  664,  877,  289,  635,  357,  435,  553,  865,  563,  699,  804,  463,  741,  262,  599,  483,  429,  341,  887,  327,  646,  694,  591,  254,  564,  670,  470,  460,  467,  860,  872,  425,  544,  537,  606,  178,  495,  718,  280,  858,  704,  571,  640,  389,  347,  548,  969,  955,  236,  300,  481,  633,  599,  910,  887,  695,  893,  923,  284,  689,  617,  677,  444,  612,  367,  394,  899,  585,  666,  474,  373,  584,  550,  719,  753,  790,  386,  368,  351,  947,  600,  350,  817,  971,  838,  783,  360,  586,  859,  218,  453,  582,  809,  435,  630,  550,  556,  300,  612,  187,  382,  918,  818,  958,  980,  755,  279,  917,   74,  726,  524,  875,  877,  635,  593,  740,  190,  537,  335,  418,  717,  435,  873,  577,  845,  326,  562,  163,  942,   49,  455,  434,  253,  787,  950,  203,  704,  547,  761,  591,  336,  327,  431,  835,  268,  894,  716, 1028,  917,  315,  770,  929,  147,  889,  357,  469,  293,  836,  476,  343,  518,  439,  286,  976,  463,  559,  268,  936],
        [  144,    0,  380,  664,  374,  373,  658,  514,  519,  212,  453,  608,  360,  335,  252,  345,  263,  154,  482,  591,  390,  646,    0,  511,  467,  314,   50,  570,  385,  528,  721,  526,  320,  272,  521,   66,  247,  187,  129,  744,  268,  505,  629,  325,  249,  334,  341,  424,   57,  504,  739,  492,  229,  557,  467,  330,  231,  277,  783,  199,  279,  574,  193,  328,  403,  242,  289,  518,  456,  259,  566,  322,  586,  579,  431,  443,  523,  221,  378,  268,  515,  405,  404,  425,  493,  370,   37,  528,  650,  371,  815,  268,  331,  309,  318,  585,  319,  438,  547,  474,  132,  184,  295,  307,  371,  539,  639,  661,  172,  356,  370,  292,  504,  524,  239,  451,  400,  180,  188,  380,  286,  126,  538,  662,  210,  529,  709,  276,  510,  548,  433,  241,  370,  318,  584,  508,  302,  243,  236,  294,   55,  198,  764,  536,  508,  251,  169,  704,  331,  133,  302,  541,  678,  736,  400,  605,  284,  285,  460,  328,  441,  497,  246,  481,  303,  518,  754,  704,  609,  372,  620,  450,  144,  422,  426,  468,  234,  360,  664,  493,  616,  324,  591,  199,  190,  304,  762,  380,  557,  363,  354,  795,  793,  516],
        [  639,    0,  166,  456,  835,  142,  531,   15,  774,  301,  205,  823,  849,  209,  337,  167,  693,  359,  177,  863,  366,  588,  511,    0,  253,  771,  480,  307,  366,  919,  380,  804,  191,  775,  876,  507,  452,  477,  493,  479,  707,  819,  870,  367,  621,  515,  788,  871,  473,  659, 1015,   98,  569,  841,  782,  841,  689,  575, 1028,  318,  241,  663,  351,  276,  565,  734,  297,   22,  870,  462,  776,  719,  416,  402,  399,  301,  830,  308,  792,  651,  346,  858,  432,  459,  305,  830,  478,  938,  892,  794,  483,  371,  514,  206,  780,  160,  319,   76,  887,  919,  635,  503,  548,  347,  606,  412,  974,  840,  616,  838,  384,  380,  739,   15,  729,  407,  720,  331,  535,  196,  738,  398,   51,  809,  308,  403,  888,  656,  262,  422,  941,  394,  428,  814,  519,  154,  214,  719,  621,  240,  495,  707,  564,  872,  254,  526,  677,  919,  471,  576,  456,  744,  977,  551,  909,  581,  270,  595,  611,  829,  488,  392,  739,   46,  344,    8,  432,  384,  215,  877,  359,  397,  442,  905,  450,  276,  743,  866,  705,  361,  817,  218,  321,  674,  519,  426, 1001,  692,  728,  845,  195, 1043,  535,  411],
        [  554,    0,  148,  690,  837,  261,  750,  267,  882,  321,   50,  951,  735,  331,  218,  225,  712,  355,  400,  969,  142,  792,  467,  253,    0,  775,  421,  107,  523,  969,  631,  905,  250,  683,  944,  432,  293,  528,  388,  724,  721,  904,  990,  496,  469,  624,  800,  885,  456,  798, 1125,  156,  620,  941,  865,  772,  568,  646, 1152,  341,  227,  826,  396,  139,  690,  634,  179,  274,  905,  548,  903,  758,  177,  164,  570,  492,  919,  257,  825,  497,   97,  867,  201,  223,  515,  834,  446,  978, 1012,  821,  735,  470,  315,  226,  781,  412,  448,  217,  963,  935,  560,  370,  634,  468,  708,  162, 1056,  982,  501,  716,  168,  209,  853,  264,  626,  584,  796,  319,  399,  357,  745,  403,  303,  961,  275,  608, 1033,  500,   43,  172,  849,  251,  569,  710,  719,  111,  286,  606,  474,  197,  479,  656,  801,  949,  477,  597,  630, 1051,  270,  578,  268,  872, 1076,  785,  824,  775,  367,  663,  747,  790,  249,  589,  713,  274,  181,  255,  682,  634,  466,  830,  597,  151,  342,  780,  213,  481,  688,  773,  887,  109,  950,  333,  558,  566,  564,  538, 1127,  770,  867,  723,  332, 1166,  781,  159],
        [  305,    0,  671,  753,   65,  630,  703,  770,  343,  480,  756,  434,  381,  566,  564,  618,   84,  429,  683,  376,  703,  654,  314,  771,  775,    0,  363,  880,  503,  233,  867,  326,  588,  295,  255,  366,  552,  299,  428,  844,   67,  281,  430,  457,  483,  351,   32,  111,  320,  420,  494,  776,  221,  342,  257,  235,  388,  245,  552,  460,  567,  509,  421,  637,  376,  322,  598,  772,  154,  343,  410,  108,  899,  892,  524,  590,  298,  521,   96,  486,  827,   92,  713,  732,  637,   60,  330,  222,  445,   81,  938,  422,  624,  588,   13,  798,  486,  705,  288,  161,  282,  476,  287,  460,  303,  852,  367,  500,  387,  399,  682,  605,  352,  782,  329,  539,  222,  465,  467,  595,   34,  383,  785,  525,  505,  623,  536,  492,  818,  860,  346,  554,  449,  338,  618,  802,  559,  362,  468,  589,  297,  185,  823,  283,  676,  279,  190,  508,  633,  200,  607,  401,  424,  794,  309,  606,  504,  230,  404,  143,  745,  594,  102,  732,  616,  778,  883,  841,  803,  185,  749,  762,  455,  434,  734,  627,  187,  316,  601,  806,  450,  556,  735,  352,  258,  401,  538,  225,  436,  402,  583,  561,  880,  829],
        [  161,    0,  341,  668,  423,  346,  670,  484,  561,  189,  408,  649,  376,  317,  204,  313,  313,  133,  467,  635,  340,  664,   50,  480,  421,  363,    0,  522,  392,  578,  714,  570,  291,  296,  570,   37,  198,  215,   87,  745,  318,  552,  672,  333,  224,  362,  390,  473,   79,  538,  785,  454,  270,  602,  513,  365,  231,  316,  828,  179,  242,  603,  188,  282,  433,  258,  243,  489,  506,  283,  605,  371,  537,  530,  441,  441,  569,  180,  428,  247,  465,  454,  355,  376,  491,  419,   52,  578,  694,  421,  810,  276,  285,  275,  368,  565,  320,  405,  595,  524,  156,  142,  330,  312,  407,  489,  687,  700,  163,  369,  320,  243,  545,  494,  254,  461,  445,  151,  152,  364,  336,  121,  510,  699,  173,  535,  749,  255,  463,  498,  461,  191,  385,  337,  599,  466,  277,  251,  214,  254,   90,  239,  771,  584,  500,  285,  211,  747,  283,  181,  254,  580,  724,  744,  430,  625,  273,  326,  492,  371,  392,  504,  293,  453,  253,  487,  749,  698,  593,  414,  617,  400,   94,  436,  377,  464,  273,  386,  691,  444,  656,  307,  587,  205,  226,  321,  806,  424,  593,  375,  336,  840,  795,  466],
        [  648,    0,  245,  761,  942,  352,  829,  321,  986,  426,  141, 1053,  819,  426,  319,  322,  818,  461,  473, 1074,  210,  877,  570,  307,  107,  880,  522,    0,  618, 1075,  683, 1009,  350,  775, 1050,  531,  377,  634,  483,  785,  826, 1010, 1093,  595,  547,  727,  905,  989,  561,  898, 1230,  212,  726, 1046,  970,  867,  653,  751, 1255,  446,  332,  922,  501,  243,  792,  724,  282,  328, 1011,  653, 1005,  864,  117,  103,  663,  578, 1025,  362,  931,  574,   87,  971,  250,  261,  596,  938,  550, 1083, 1116,  927,  784,  572,  378,  329,  886,  463,  546,  294, 1069, 1040,  657,  459,  738,  567,  812,  136, 1162, 1083,  591,  799,  238,  298,  957,  315,  716,  675,  902,  425,  486,  447,  850,  509,  354, 1060,  381,  692, 1133,  575,   66,  142,  938,  345,  667,  798,  805,  155,  386,  693,  554,  303,  584,  756,  870, 1055,  552,  702,  730, 1153,  336,  683,  342,  974, 1181,  856,  916,  863,  467,  769,  847,  890,  281,  675,  815,  339,  274,  307,  735,  690,  519,  929,  665,  185,  440,  861,  251,  563,  787,  863,  980,  118, 1051,  429,  626,  656,  670,  640, 1230,  875,  967,  806,  424, 1269,  841,  150],
        [  525,    0,  376,  280,  561,  267,  280,  358,  414,  258,  479,  458,  733,  193,  424,  299,  420,  282,  213,  502,  553,  289,  385,  366,  523,  503,  392,  618,    0,  590,  366,  447,  275,  637,  535,  429,  517,  226,  463,  364,  437,  469,  505,   60,  613,  170,  509,  582,  328,  293,  651,  426,  283,  483,  435,  659,  615,  263,  662,  250,  322,  305,  211,  435,  203,  618,  418,  356,  558,  163,  411,  419,  698,  685,   54,   91,  478,  345,  490,  637,  615,  574,  606,  636,  134,  555,  352,  618,  527,  496,  445,  118,  612,  304,  514,  322,   85,  336,  540,  623,  508,  508,  224,   82,  257,  671,  622,  475,  553,  734,  552,  495,  377,  370,  617,   73,  382,  295,  530,  176,  472,  273,  354,  447,  324,  145,  524,  645,  555,  682,  777,  467,   66,  687,  218,  477,  242,  626,  604,  352,  336,  525,  380,  525,  179,  225,  496,  553,  585,  357,  556,  379,  617,  353,  739,  261,  168,  282,  246,  608,  663,  113,  515,  321,  474,  372,  387,  342,  312,  659,  251,  611,  432,  797,  631,  129,  559,  714,  365,  613,  451,  191,  233,  583,  258,  103,  635,  356,  363,  740,  194,  677,  410,  658],
        [  537,    0,  848,  781,  201,  784,  706,  915,  244,  655,  943,  304,  592,  710,  769,  784,  265,  615,  797,  217,  914,  635,  528,  919,  969,  233,  578, 1075,  590,    0,  925,  207,  753,  517,   76,  587,  773,  449,  651,  872,  262,  154,  273,  563,  716,  421,  202,  151,  520,  382,  283,  943,  355,  195,  170,  437,  620,  344,  348,  634,  748,  462,  584,  834,  403,  551,  797,  916,   81,  458,  306,  212, 1108, 1100,  590,  680,  159,  714,  151,  719, 1032,  171,  932,  952,  717,  200,  537,   46,  278,  160,  975,  548,  850,  762,  235,  910,  605,  863,  101,  131,  515,  702,  374,  577,  335, 1063,  144,  367,  620,  614,  896,  818,  276,  927,  558,  598,  209,  651,  695,  727,  251,  567,  922,  409,  695,  671,  386,  725, 1011, 1072,  523,  767,  525,  555,  625,  978,  720,  592,  701,  775,  498,  418,  823,  108,  767,  393,  423,  339,  856,  399,  829,  316,  213,  795,  492,  589,  650,  324,  395,  340,  967,  650,  334,  876,  824,  925,  927,  895,  901,  358,  807,  975,  671,  637,  954,  718,  415,  517,  535, 1014,  325,  702,  803,  584,  409,  501,  341,  235,  358,  616,  724,  354,  894, 1041],
