{
    "name": "random-41-19352",
    "comment": "size=41 seed=19352",
    "nodes": ["+0", "-0", "+1", "-1", "+2", "-2", "+3", "-3", "+4", "-4", "+5", "-5", "+6", "-6", "+7", "-7", "+8", "-8", "+9", "-9", "+10", "-10", "+11", "-11", "+12", "-12", "+13", "-13", "+14", "-14", "+15", "-15", "+16", "-16", "+17", "-17", "+18", "-18", "+19", "-19", "+20", "-20", "+21", "-21", "+22", "-22", "+23", "-23", "+24", "-24", "+25", "-25", "+26", "-26", "+27", "-27", "+28", "-28", "+29", "-29", "+30", "-30", "+31", "-31", "+32", "-32", "+33", "-33", "+34", "-34", "+35", "-35", "+36", "-36", "+37", "-37", "+38", "-38", "+39", "-39", "+40", "-40", "+41", "-41"],
    "precedence": {
        "+0": "-0",
        "+1": "-1",
        "+2": "-2",
        "+3": "-3",
        "+4": "-4",
        "+5": "-5",
        "+6": "-6",
        "+7": "-7",
        "+8": "-8",
        "+9": "-9",
        "+10": "-10",
        "+11": "-11",
        "+12": "-12",
        "+13": "-13",
        "+14": "-14",
        "+15": "-15",
        "+16": "-16",
        "+17": "-17",
        "+18": "-18",
        "+19": "-19",
        "+20": "-20",
        "+21": "-21",
        "+22": "-22",
        "+23": "-23",
        "+24": "-24",
        "+25": "-25",
        "+26": "-26",
        "+27": "-27",
        "+28": "-28",
        "+29": "-29",
        "+30": "-30",
        "+31": "-31",
        "+32": "-32",
        "+33": "-33",
        "+34": "-34",
        "+35": "-35",
        "+36": "-36",
        "+37": "-37",
        "+38": "-38",
        "+39": "-39",
        "+40": "-40",
        "+41": "-41"
    },
    "edges": [
        [    0,    0,  816,  759,  600,  432,  977,  454, 1148,  973,  954,  646, 1020, 1032, 1106,  707,  695,  712,  630,  885,  801,  682,  596,  980,  717,  457,  915,  824,  926,  568, 1016,  485,  904,  797,  577,  138,  243,  907, 1130,  664,  451,  716,  854,  596,  701,  982,  507,  629, 1156,  599,  448,  572,  870,  684,  261,  917,  616,  933,  718,  964,  902,  929,  741,  680,  950,  973,  700,  666,  416,  372,  532,  703,  709, 1050,  144, 1129,  601, 1107,  411,  790,  445,  710,  751,  693],
        [    0,    0,  816,  759,  600,  432,  977,  454, 1148,  973,  954,  646, 1020, 1032, 1106,  707,  695,  712,  630,  885,  801,  682,  596,  980,  717,  457,  915,  824,  926,  568, 1016,  485,  904,  797,  577,  138,  243,  907, 1130,  664,  451,  716,  854,  596,  701,  982,  507,  629, 1156,  599,  448,  572,  870,  684,  261,  917,  616,  933,  718,  964,  902,  929,  741,  680,  950,  973,  700,  666,  416,  372,  532,  703,  709, 1050,  144, 1129,  601, 1107,  411,  790,  445,  710,  751,  693],
        [  816,  816,    0,   73,  745,  439,  650,  378,  454,  492,  516,  385,  626,  317,  384,  221,  369,  623,  799,  332,  105,  143,  472,  186,  799,  395,  647,  744,  850,  573,  368,  728,  179,  282,  305,  720,  614,  887,  363,  429,  607,  388,  850,  675,  741,  173,  458,  242,  476,  331,  386,  245,  895,  139,  598,  382,  211,  427,  765,  925,  149,  471,  236,  229,  442,  233,  203,  341,  641,  473,  343,  292,  121,  275,  699,  542,  771,  591,  507,   81,  507,  114,  282,  277],
        [  759,  759,   73,    0,  673,  403,  601,  313,  461,  456,  475,  389,  585,  323,  396,  152,  382,  556,  727,  295,   70,  115,  400,  259,  729,  326,  592,  679,  788,  501,  357,  655,  178,  317,  285,  657,  567,  823,  391,  360,  534,  404,  784,  603,  672,  224,  385,  227,  479,  321,  343,  189,  829,  111,  533,  346,  177,  476,  696,  863,  159,  430,  174,  232,  407,  244,  210,  272,  569,  407,  317,  306,  108,  304,  647,  527,  699,  566,  436,  122,  435,   49,  222,  287],
        [  600,  600,  745,  673,    0,  687,  462,  475,  818,  553,  515,  871,  527,  759,  815,  528,  901,  192,   56,  566,  660,  690,  274,  926,  118,  433,  391,  242,  329,  172,  696,  116,  702,  922,  732,  473,  645,  308,  878,  329,  197,  930,  255,   71,  109,  838,  308,  735,  811,  785,  628,  585,  273,  687,  409,  564,  668, 1095,  120,  365,  724,  516,  527,  785,  560,  749,  784,  410,  205,  423,  714,  856,  712,  832,  624,  721,   28,  659,  325,  780,  295,  645,  495,  835],
        [  432,  432,  439,  403,  687,    0,  861,  233,  856,  776,  777,  223,  875,  722,  796,  431,  269,  681,  739,  637,  465,  297,  498,  573,  790,  274,  822,  821,  940,  550,  739,  606,  578,  365,  151,  388,  195,  950,  794,  524,  491,  294,  899,  639,  746,  611,  409,  211,  872,  168,   76,  235,  934,  301,  324,  684,  229,  506,  770, 1003,  562,  738,  474,  255,  736,  646,  279,  469,  495,  264,  105,  271,  319,  706,  293,  893,  704,  907,  363,  389,  396,  358,  509,  261],
        [  977,  977,  650,  601,  462,  861,    0,  636,  453,  186,  146,  956,   73,  468,  487,  471,  963,  281,  480,  324,  546,  688,  392,  778,  404,  601,   72,  251,  282,  412,  379,  552,  506,  918,  821,  840,  921,  342,  570,  342,  531,  989,  339,  420,  366,  640,  489,  786,  435,  872,  786,  651,  381,  684,  727,  282,  713, 1075,  371,  350,  541,  186,  435,  814,  230,  509,  798,  395,  572,  657,  829,  893,  696,  568,  946,  308,  482,  221,  580,  721,  541,  608,  386,  872],
        [  454,  454,  378,  313,  475,  233,  636,    0,  703,  571,  565,  397,  655,  581,  656,  257,  427,  449,  530,  452,  349,  262,  266,  556,  569,   44,  592,  589,  709,  324,  574,  413,  451,  463,  258,  345,  303,  720,  676,  295,  288,  456,  671,  419,  521,  534,  179,  269,  713,  310,  162,  140,  707,  263,  221,  492,  215,  633,  546,  773,  449,  529,  295,  324,  537,  520,  330,  252,  307,   97,  240,  387,  291,  597,  360,  707,  496,  705,  160,  372,  182,  266,  316,  367],
        [ 1148, 1148,  454,  461,  818,  856,  453,  703,    0,  282,  326,  839,  388,  139,   77,  446,  822,  631,  856,  272,  394,  575,  601,  473,  806,  693,  501,  677,  733,  686,  134,  865,  283,  722,  745, 1024,  998,  790,  150,  525,  783,  839,  779,  753,  753,  328,  661,  686,   28,  779,  788,  624,  824,  571,  892,  257,  635,  831,  768,  803,  307,  308,  409,  681,  260,  222,  656,  490,  829,  777,  776,  745,  563,  206, 1062,  165,  843,  259,  752,  532,  728,  501,  398,  730],
        [  973,  973,  492,  456,  553,  776,  186,  571,  282,    0,   45,  833,  139,  283,  305,  352,  833,  361,  586,  161,  392,  557,  383,  603,  529,  545,  223,  396,  456,  445,  194,  616,  333,  770,  708,  839,  872,  512,  387,  310,  557,  857,  499,  494,  478,  461,  467,  664,  268,  755,  701,  548,  544,  552,  713,  111,  595,  919,  492,  528,  368,   44,  310,  682,   51,  327,  663,  320,  602,  618,  724,  759,  559,  383,  915,  170,  577,  136,  563,  569,  530,  473,  269,  739],
        [  954,  954,  516,  475,  515,  777,  146,  565,  326,   45,    0,  846,  111,  324,  349,  360,  848,  323,  546,  185,  414,  571,  361,  636,  487,  537,  178,  352,  412,  416,  236,  583,  364,  791,  717,  819,  864,  468,  430,  292,  530,  873,  454,  458,  437,  496,  449,  676,  312,  765,  701,  553,  499,  566,  695,  139,  605,  943,  450,  485,  399,   46,  320,  697,   85,  364,  679,  314,  575,  606,  731,  775,  575,  424,  902,  207,  539,  155,  545,  591,  510,  489,  275,  755],
        [  646,  646,  385,  389,  871,  223,  956,  397,  839,  833,  846,    0,  953,  701,  768,  488,   50,  828,  926,  677,  458,  278,  643,  451,  964,  439,  931,  967, 1086,  717,  744,  804,  559,  178,  143,  611,  404, 1105,  742,  646,  681,   71, 1058,  815,  914,  538,  570,  171,  860,   89,  253,  312, 1097,  283,  541,  728,  244,  288,  939, 1155,  532,  802,  527,  158,  787,  617,  183,  570,  694,  460,  158,  102,  282,  655,  503,  915,  891,  951,  551,  309,  577,  362,  573,  111],
        [ 1020, 1020,  626,  585,  527,  875,   73,  655,  388,  139,  111,  953,    0,  416,  427,  466,  956,  341,  548,  295,  524,  680,  427,  742,  475,  624,  141,  323,  353,  461,  326,  612,  471,  901,  822,  883,  949,  413,  512,  368,  580,  982,  412,  481,  434,  599,  522,  783,  369,  871,  799,  655,  453,  675,  765,  247,  711, 1053,  441,  418,  507,  156,  427,  805,  189,  465,  788,  407,  623,  686,  834,  884,  684,  518,  980,  237,  548,  149,  616,  701,  578,  597,  381,  864],
        [ 1032, 1032,  317,  323,  759,  722,  468,  581,  139,  283,  324,  701,  416,    0,   76,  326,  685,  584,  803,  194,  258,  438,  517,  355,  767,  575,  499,  656,  732,  611,   91,  790,  146,  588,  608,  912,  870,  784,  119,  444,  696,  703,  764,  691,  711,  206,  562,  549,  160,  641,  656,  493,  811,  433,  781,  206,  499,  706,  729,  806,  169,  291,  293,  544,  241,   85,  518,  391,  740,  661,  640,  608,  426,  103,  939,  248,  786,  324,  647,  395,  627,  365,  294,  593],
        [ 1106, 1106,  384,  396,  815,  796,  487,  656,   77,  305,  349,  768,  427,   76,    0,  400,  750,  633,  856,  252,  332,  510,  581,  397,  814,  650,  527,  694,  761,  673,  121,  852,  219,  647,  679,  986,  945,  816,   86,  506,  762,  766,  800,  748,  759,  252,  632,  620,  103,  711,  731,  568,  846,  505,  854,  252,  572,  755,  776,  833,  239,  323,  366,  612,  272,  153,  586,  460,  807,  735,  712,  673,  496,  130, 1014,  225,  841,  313,  719,  460,  697,  439,  364,  659],
        [  707,  707,  221,  152,  528,  431,  471,  257,  446,  352,  360,  488,  466,  326,  400,    0,  493,  404,  581,  207,  133,  219,  255,  399,  579,  250,  452,  528,  638,  357,  319,  522,  206,  455,  357,  588,  554,  671,  427,  209,  407,  519,  633,  458,  521,  321,  260,  318,  457,  406,  358,  198,  677,  214,  457,  254,  245,  621,  545,  713,  215,  317,   43,  344,  308,  272,  329,  121,  447,  336,  374,  423,  229,  353,  617,  463,  554,  478,  332,  271,  319,  143,   86,  402],
        [  695,  695,  369,  382,  901,  269,  963,  427,  822,  833,  848,   50,  956,  685,  750,  493,    0,  849,  956,  675,  450,  277,  665,  416,  991,  469,  942,  987, 1105,  743,  734,  838,  546,  134,  169,  657,  453, 1126,  718,  663,  714,   30, 1080,  843,  939,  513,  597,  180,  844,  118,  292,  330, 1120,  282,  583,  726,  255,  239,  965, 1175,  517,  804,  531,  152,  785,  601,  172,  583,  729,  497,  194,   78,  276,  633,  552,  906,  922,  947,  584,  290,  609,  361,  578,   95],
        [  712,  712,  623,  556,  192,  681,  281,  449,  631,  361,  323,  828,  341,  584,  633,  404,  849,    0,  226,  391,  527,  601,  186,  794,  186,  407,  212,  141,  260,  148,  513,  272,  547,  842,  686,  576,  694,  278,  702,  197,  262,  878,  233,  141,  128,  688,  273,  671,  623,  740,  610,  519,  276,  598,  475,  382,  598, 1014,  149,  327,  573,  326,  390,  714,  372,  584,  707,  285,  298,  436,  679,  791,  619,  664,  700,  529,  216,  468,  342,  673,  302,  539,  348,  770],
        [  630,  630,  799,  727,   56,  739,  480,  530,  856,  586,  546,  926,  548,  803,  856,  581,  956,  226,    0,  610,  713,  745,  327,  979,   94,  488,  409,  243,  313,  227,  737,  150,  752,  977,  787,  508,  690,  282,  922,  380,  249,  985,  231,  124,  115,  889,  364,  790,  848,  840,  681,  641,  241,  743,  454,  605,  724, 1151,  114,  338,  774,  551,  579,  840,  597,  796,  840,  462,  252,  476,  769,  911,  768,  879,  664,  752,   36,  685,  378,  835,  349,  700,  545,  891],
        [  885,  885,  332,  295,  566,  637,  324,  452,  272,  161,  185,  677,  295,  194,  252,  207,  675,  391,  610,    0,  232,  399,  331,  455,  575,  435,  335,  473,  560,  421,  139,  601,  183,  610,  556,  757,  754,  608,  313,  256,  513,  698,  582,  498,  518,  322,  391,  508,  275,  601,  564,  404,  629,  394,  626,   51,  442,  759,  538,  636,  218,  141,  164,  523,  112,  199,  503,  221,  558,  516,  576,  600,  399,  275,  809,  257,  593,  276,  483,  408,  457,  316,  136,  580],
        [  801,  801,  105,   70,  660,  465,  546,  349,  394,  392,  414,  458,  524,  258,  332,  133,  450,  527,  713,  232,    0,  184,  387,  269,  706,  355,  542,  643,  747,  490,  288,  654,  113,  379,  353,  693,  621,  785,  334,  336,  538,  472,  750,  589,  648,  193,  389,  296,  412,  390,  401,  240,  796,  179,  564,  282,  242,  531,  671,  823,  102,  369,  137,  301,  342,  182,  278,  251,  576,  439,  383,  373,  177,  251,  696,  458,  686,  498,  453,  177,  446,  108,  181,  355],
        [  682,  682,  143,  115,  690,  297,  688,  262,  575,  557,  571,  278,  680,  438,  510,  219,  277,  601,  745,  399,  184,    0,  427,  300,  762,  290,  670,  734,  848,  520,  471,  653,  293,  242,  170,  594,  473,  876,  500,  406,  526,  303,  834,  624,  706,  315,  385,  113,  594,  207,  245,  122,  877,    6,  478,  450,   69,  413,  731,  921,  272,  527,  254,  126,  509,  358,  111,  321,  555,  358,  204,  205,   29,  412,  560,  639,  714,  673,  411,  111,  420,   84,  302,  185],
        [  596,  596,  472,  400,  274,  498,  392,  266,  601,  383,  361,  643,  427,  517,  581,  255,  665,  186,  327,  331,  387,  427,    0,  653,  335,  225,  338,  326,  445,  103,  470,  277,  438,  666,  501,  460,  532,  462,  633,   77,  182,  694,  415,  204,  280,  569,   99,  489,  602,  555,  426,  336,  456,  424,  338,  348,  417,  839,  305,  512,  457,  339,  257,  534,  368,  491,  529,  139,  228,  268,  494,  610,  448,  576,  555,  546,  300,  515,  189,  510,  152,  375,  231,  588],
        [  980,  980,  186,  259,  926,  573,  778,  556,  473,  603,  636,  451,  742,  355,  397,  399,  416,  794,  979,  455,  269,  300,  653,    0,  974,  577,  788,  906, 1005,  755,  435,  913,  273,  288,  424,  893,  762, 1047,  338,  604,  792,  423, 1014,  856,  916,  149,  643,  363,  499,  429,  536,  418, 1060,  299,  775,  498,  364,  362,  939, 1081,  238,  593,  405,  324,  553,  283,  298,  519,  827,  652,  469,  350,  272,  267,  853,  603,  953,  674,  692,  191,  692,  298,  446,  345],
        [  717,  717,  799,  729,  118,  790,  404,  569,  806,  529,  487,  964,  475,  767,  814,  579,  991,  186,   94,  575,  706,  762,  335,  974,    0,  527,  334,  157,  219,  248,  694,  233,  732, 1000,  823,  590,  759,  191,  885,  371,  307, 1020,  139,  152,   59,  872,  394,  819,  796,  876,  727,  666,  155,  759,  524,  564,  749, 1173,   38,  248,  757,  498,  570,  866,  547,  769,  863,  459,  321,  528,  808,  940,  782,  849,  741,  690,  117,  617,  428,  843,  394,  708,  531,  919],
        [  457,  457,  395,  326,  433,  274,  601,   44,  693,  545,  537,  439,  624,  575,  650,  250,  469,  407,  488,  435,  355,  290,  225,  577,  527,    0,  555,  547,  667,  281,  562,  374,  451,  500,  300,  340,  328,  678,  675,  260,  248,  498,  628,  377,  478,  544,  136,  307,  702,  352,  204,  169,  664,  289,  210,  472,  249,  671,  503,  730,  452,  503,  285,  361,  514,  519,  365,  226,  270,   87,  283,  426,  317,  598,  375,  687,  454,  681,  124,  397,  141,  282,  299,  406],
        [  915,  915,  647,  592,  391,  822,   72,  592,  501,  223,  178,  931,  141,  499,  527,  452,  942,  212,  409,  335,  542,  670,  338,  788,  334,  555,    0,  184,  234,  348,  413,  482,  517,  905,  792,  778,  870,  290,  608,  298,  467,  969,  280,  350,  294,  656,  437,  763,  486,  845,  747,  622,  324,  666,  668,  300,  688, 1068,  300,  308,  551,  209,  421,  794,  258,  529,  781,  363,  506,  606,  797,  874,  681,  596,  889,  366,  410,  286,  523,  713,  484,  593,  372,  853],
        [  824,  824,  744,  679,  242,  821,  251,  589,  677,  396,  352,  967,  323,  656,  694,  528,  987,  141,  243,  473,  643,  734,  326,  906,  157,  547,  184,    0,  120,  279,  575,  351,  646,  975,  825,  690,  826,  144,  770,  328,  381, 1015,  110,  228,  134,  788,  412,  809,  663,  879,  751,  657,  157,  730,  601,  450,  735, 1145,  129,  188,  675,  372,  508,  849,  422,  672,  841,  414,  410,  573,  819,  927,  750,  746,  826,  548,  254,  469,  476,  799,  437,  668,  462,  906],
        [  926,  926,  850,  788,  329,  940,  282,  709,  733,  456,  412, 1086,  353,  732,  761,  638, 1105,  260,  313,  560,  747,  848,  445, 1005,  219,  667,  234,  120,    0,  396,  646,  444,  739, 1089,  943,  795,  942,   63,  841,  444,  491, 1133,   88,  334,  225,  881,  532,  926,  716,  997,  870,  775,  111,  844,  713,  530,  852, 1258,  210,   77,  771,  442,  615,  966,  492,  758,  957,  528,  517,  691,  938, 1044,  863,  827,  937,  589,  335,  500,  594,  909,  555,  779,  568, 1023],
        [  568,  568,  573,  501,  172,  550,  412,  324,  686,  445,  416,  717,  461,  611,  673,  357,  743,  148,  227,  421,  490,  520,  103,  755,  248,  281,  348,  279,  396,    0,  557,  180,  540,  755,  575,  431,  548,  400,  729,  169,  120,  772,  349,  104,  198,  672,  147,  572,  684,  629,  484,  420,  384,  517,  328,  430,  502,  929,  223,  455,  559,  404,  360,  620,  440,  591,  618,  241,  162,  295,  562,  693,  542,  675,  553,  614,  198,  570,  198,  608,  159,  473,  332,  672],
        [ 1016, 1016,  368,  357,  696,  739,  379,  574,  134,  194,  236,  744,  326,   91,  121,  319,  734,  513,  737,  139,  288,  471,  470,  435,  694,  562,  413,  575,  646,  557,    0,  737,  189,  647,  639,  891,  872,  700,  196,  394,  651,  754,  682,  629,  639,  287,  528,  584,  140,  677,  669,  505,  728,  466,  759,  132,  526,  777,  656,  720,  222,  206,  279,  587,  155,  153,  563,  357,  697,  646,  666,  656,  464,  193,  934,  175,  722,  239,  619,  448,  594,  392,  266,  640],
        [  485,  485,  728,  655,  116,  606,  552,  413,  865,  616,  583,  804,  612,  790,  852,  522,  838,  272,  150,  601,  654,  653,  277,  913,  233,  374,  482,  351,  444,  180,  737,    0,  714,  873,  670,  359,  543,  423,  908,  348,  127,  867,  370,  133,  221,  842,  272,  681,  862,  720,  554,  539,  386,  651,  307,  609,  621, 1045,  235,  480,  730,  576,  530,  734,  615,  767,  738,  413,  112,  345,  646,  800,  678,  852,  515,  786,  118,  734,  254,  751,  235,  621,  507,  780],
        [  904,  904,  179,  178,  702,  578,  506,  451,  283,  333,  364,  559,  471,  146,  219,  206,  546,  547,  752,  183,  113,  293,  438,  273,  732,  451,  517,  646,  739,  540,  189,  714,    0,  458,  462,  791,  731,  784,  226,  374,  606,  566,  755,  632,  673,  143,  462,  404,  302,  497,  513,  351,  802,  288,  660,  226,  354,  593,  695,  815,   36,  321,  186,  401,  283,   71,  377,  301,  648,  537,  494,  469,  281,  148,  804,  364,  729,  418,  538,  259,  524,  220,  209,  453],
        [  797,  797,  282,  317,  922,  365,  918,  463,  722,  770,  791,  178,  901,  588,  647,  455,  134,  842,  977,  610,  379,  242,  666,  288, 1000,  500,  905,  975, 1089,  755,  647,  873,  458,    0,  226,  742,  558, 1117,  607,  648,  747,  136, 1075,  858,  945,  401,  614,  194,  746,  198,  363,  338, 1117,  245,  651,  660,  254,  174,  970, 1162,  426,  746,  485,  140,  720,  504,  138,  562,  769,  547,  268,   94,  227,  524,  657,  822,  945,  873,  622,  203,  639,  313,  534,  106],
        [  577,  577,  305,  285,  732,  151,  821,  258,  745,  708,  717,  143,  822,  608,  679,  357,  169,  686,  787,  556,  353,  170,  501,  424,  823,  300,  792,  825,  943,  575,  639,  670,  462,  226,    0,  517,  345,  962,  667,  505,  546,  198,  915,  674,  772,  474,  429,   64,  763,   55,  137,  172,  954,  175,  427,  606,  115,  385,  797, 1012,  441,  674,  399,  105,  663,  527,  129,  430,  561,  331,   46,  137,  185,  579,  441,  803,  753,  831,  416,  245,  440,  247,  442,  121],
        [  138,  138,  720,  657,  473,  388,  840,  345, 1024,  839,  819,  611,  883,  912,  986,  588,  657,  576,  508,  757,  693,  594,  460,  893,  590,  340,  778,  690,  795,  431,  891,  359,  791,  742,  517,    0,  235,  779, 1015,  529,  314,  682,  726,  463,  571,  879,  374,  560, 1030,  550,  381,  476,  745,  595,  133,  787,  533,  893,  589,  836,  791,  795,  620,  614,  818,  859,  630,  537,  281,  254,  476,  651,  622,  938,  169,  997,  476,  973,  278,  704,  310,  610,  626,  637],
        [  243,  243,  614,  567,  645,  195,  921,  303,  998,  872,  864,  404,  949,  870,  945,  554,  453,  694,  690,  754,  621,  473,  532,  762,  759,  328,  870,  826,  942,  548,  872,  543,  731,  558,  345,  235,    0,  938,  954,  582,  454,  474,  885,  614,  726,  786,  434,  402, 1010,  361,  229,  381,  912,  476,  237,  795,  404,  691,  748,  995,  721,  830,  594,  449,  839,  801,  472,  552,  440,  265,  299,  465,  498,  870,  100, 1009,  656, 1007,  352,  574,  392,  519,  618,  456],
        [  907,  907,  887,  823,  308,  950,  342,  720,  790,  512,  468, 1105,  413,  784,  816,  671, 1126,  278,  282,  608,  785,  876,  462, 1047,  191,  678,  290,  144,   63,  400,  700,  423,  784, 1117,  962,  779,  938,    0,  895,  470,  485, 1155,   54,  325,  213,  926,  542,  949,  774, 1017,  882,  797,   53,  873,  706,  580,  875, 1288,  192,   58,  815,  495,  651,  991,  545,  806,  983,  557,  505,  694,  954, 1068,  893,  878,  927,  649,  308,  561,  595,  942,  558,  811,  605, 1047],
        [ 1130, 1130,  363,  391,  878,  794,  570,  676,  150,  387,  430,  742,  512,  119,   86,  427,  718,  702,  922,  313,  334,  500,  633,  338,  885,  675,  608,  770,  841,  729,  196,  908,  226,  607,  667, 1015,  954,  895,    0,  561,  810,  732,  878,  810,  829,  207,  674,  604,  178,  693,  733,  574,  924,  495,  883,  322,  566,  700,  847,  914,  234,  401,  399,  589,  351,  157,  562,  504,  854,  761,  703,  644,  482,   89, 1029,  309,  905,  398,  756,  434,  738,  438,  407,  631],
        [  664,  664,  429,  360,  329,  524,  342,  295,  525,  310,  292,  646,  368,  444,  506,  209,  663,  197,  380,  256,  336,  406,   77,  604,  371,  260,  298,  328,  444,  169,  394,  348,  374,  648,  505,  529,  582,  470,  561,    0,  259,  691,  428,  258,  312,  510,  158,  483,  525,  558,  450,  334,  472,  403,  404,  271,  409,  819,  336,  515,  395,  267,  200,  523,  293,  423,  514,   89,  305,  319,  504,  601,  424,  507,  613,  472,  356,  444,  254,  477,  220,  343,  166,  580],
        [  451,  451,  607,  534,  197,  491,  531,  288,  783,  557,  530,  681,  580,  696,  762,  407,  714,  262,  249,  513,  538,  526,  182,  792,  307,  248,  467,  381,  491,  120,  651,  127,  606,  747,  546,  314,  454,  485,  810,  259,    0,  743,  432,  161,  273,  728,  150,  555,  783,  597,  434,  412,  459,  525,  222,  529,  494,  919,  295,  541,  620,  514,  421,  608,  547,  664,  611,  308,   46,  227,  524,  674,  552,  749,  446,  724,  214,  685,  131,  627,  108,  498,  404,  654],
        [  716,  716,  388,  404,  930,  294,  989,  456,  839,  857,  873,   71,  982,  703,  766,  519,   30,  878,  985,  698,  472,  303,  694,  423, 1020,  498,  969, 1015, 1133,  772,  754,  867,  566,  136,  198,  682,  474, 1155,  732,  691,  743,    0, 1109,  872,  968,  527,  626,  208,  862,  147,  319,  359, 1149,  307,  610,  749,  282,  218,  993, 1203,  536,  828,  556,  177,  809,  619,  195,  611,  757,  525,  222,   99,  299,  647,  573,  927,  951,  969,  613,  308,  638,  385,  604,  118],
        [  854,  854,  850,  784,  255,  899,  339,  671,  779,  499,  454, 1058,  412,  764,  800,  633, 1080,  233,  231,  582,  750,  834,  415, 1014,  139,  628,  280,  110,   88,  349,  682,  370,  755, 1075,  915,  726,  885,   54,  878,  428,  432, 1109,    0,  271,  159,  897,  492,  903,  765,  969,  832,  751,   47,  830,  652,  559,  830, 1246,  139,  111,  785,  478,  615,  946,  528,  781,  940,  516,  452,  642,  906, 1023,  851,  855,  873,  644,  256,  560,  543,  903,  506,  770,  570, 1002],
        [  596,  596,  675,  603,   71,  639,  420,  419,  753,  494,  458,  815,  481,  691,  748,  458,  843,  141,  124,  498,  589,  624,  204,  856,  152,  377,  350,  228,  334,  104,  629,  133,  632,  858,  674,  463,  614,  325,  810,  258,  161,  872,  271,    0,  113,  767,  246,  673,  748,  727,  576,  522,  300,  621,  382,  499,  605, 1032,  135,  381,  653,  455,  456,  722,  498,  679,  721,  339,  184,  377,  659,  794,  646,  762,  604,  663,   98,  606,  278,  712,  243,  577,  424,  774],
        [  701,  701,  741,  672,  109,  746,  366,  521,  753,  478,  437,  914,  434,  711,  759,  521,  939,  128,  115,  518,  648,  706,  280,  916,   59,  478,  294,  134,  225,  198,  639,  221,  673,  945,  772,  571,  726,  213,  829,  312,  273,  968,  159,  113,    0,  814,  344,  766,  744,  826,  681,  613,  189,  703,  494,  508,  695, 1118,   26,  269,  699,  446,  511,  812,  494,  711,  808,  400,  294,  486,  759,  887,  726,  792,  715,  643,  122,  573,  387,  786,  351,  651,  472,  865],
        [  982,  982,  173,  224,  838,  611,  640,  534,  328,  461,  496,  538,  599,  206,  252,  321,  513,  688,  889,  322,  193,  315,  569,  149,  872,  544,  656,  788,  881,  672,  287,  842,  143,  401,  474,  879,  786,  926,  207,  510,  728,  527,  897,  767,  814,    0,  580,  411,  354,  495,  558,  411,  944,  312,  753,  360,  384,  504,  836,  956,  115,  455,  313,  389,  412,  136,  362,  431,  768,  628,  514,  439,  293,  124,  868,  454,  865,  525,  646,  233,  638,  272,  344,  428],
        [  507,  507,  458,  385,  308,  409,  489,  179,  661,  467,  449,  570,  522,  562,  632,  260,  597,  273,  364,  391,  389,  385,   99,  643,  394,  136,  437,  412,  532,  147,  528,  272,  462,  614,  429,  374,  434,  542,  674,  158,  150,  626,  492,  246,  344,  580,    0,  428,  665,  483,  340,  277,  529,  383,  247,  416,  361,  788,  369,  595,  474,  423,  278,  477,  445,  523,  477,  173,  188,  170,  416,  549,  409,  607,  458,  624,  331,  601,   97,  481,   67,  350,  268,  528],
        [  629,  629,  242,  227,  735,  211,  786,  269,  686,  664,  676,  171,  783,  549,  620,  318,  180,  671,  790,  508,  296,  113,  489,  363,  819,  307,  763,  809,  926,  572,  584,  681,  404,  194,   64,  560,  402,  949,  604,  483,  555,  208,  903,  673,  766,  411,  428,    0,  706,   94,  182,  153,  944,  118,  460,  559,   75,  365,  791,  997,  381,  632,  357,   56,  617,  467,   72,  404,  576,  354,  107,  122,  124,  516,  496,  751,  757,  783,  429,  182,  448,  195,  403,  101],
        [ 1156, 1156,  476,  479,  811,  872,  435,  713,   28,  268,  312,  860,  369,  160,  103,  457,  844,  623,  848,  275,  412,  594,  602,  499,  796,  702,  486,  663,  716,  684,  140,  862,  302,  746,  763, 1030, 1010,  774,  178,  525,  783,  862,  765,  748,  744,  354,  665,  706,    0,  799,  803,  639,  809,  589,  899,  255,  653,  857,  758,  785,  328,  298,  419,  702,  252,  244,  677,  494,  829,  785,  794,  767,  583,  233, 1073,  141,  837,  235,  757,  554,  731,  518,  405,  752],
        [  599,  599,  331,  321,  785,  168,  872,  310,  779,  755,  765,   89,  871,  641,  711,  406,  118,  740,  840,  601,  390,  207,  555,  429,  876,  352,  845,  879,  997,  629,  677,  720,  497,  198,   55,  550,  361, 1017,  693,  558,  597,  147,  969,  727,  826,  495,  483,   94,  799,    0,  176,  225, 1008,  212,  468,  651,  161,  345,  851, 1066,  473,  722,  446,  108,  709,  559,  135,  483,  611,  379,   77,  104,  216,  605,  460,  845,  805,  876,  467,  263,  492,  288,  491,   95],
        [  448,  448,  386,  343,  628,   76,  786,  162,  788,  701,  701,  253,  799,  656,  731,  358,  292,  610,  681,  564,  401,  245,  426,  536,  727,  204,  747,  751,  870,  484,  669,  554,  513,  363,  137,  381,  229,  882,  733,  450,  434,  319,  832,  576,  681,  558,  340,  182,  803,  176,    0,  165,  868,  248,  293,  610,  176,  520,  706,  934,  500,  662,  400,  235,  661,  582,  253,  393,  443,  209,   99,  273,  270,  647,  318,  820,  647,  832,  304,  347,  334,  296,  434,  258],
        [  572,  572,  245,  189,  585,  235,  651,  140,  624,  548,  553,  312,  655,  493,  568,  198,  330,  519,  641,  404,  240,  122,  336,  418,  666,  169,  622,  657,  775,  420,  505,  539,  351,  338,  172,  476,  381,  797,  574,  334,  412,  359,  751,  522,  613,  411,  277,  153,  639,  225,  165,    0,  791,  123,  358,  451,   84,  511,  638,  845,  341,  512,  241,  200,  506,  421,  201,  260,  437,  236,  179,  274,  151,  489,  459,  659,  608,  676,  292,  232,  304,  140,  280,  253],
        [  870,  870,  895,  829,  273,  934,  381,  707,  824,  544,  499, 1097,  453,  811,  846,  677, 1120,  276,  241,  629,  796,  877,  456, 1060,  155,  664,  324,  157,  111,  384,  728,  386,  802, 1117,  954,  745,  912,   53,  924,  472,  459, 1149,   47,  300,  189,  944,  529,  944,  809, 1008,  868,  791,    0,  873,  678,  605,  872, 1289,  165,  100,  831,  523,  660,  988,  574,  828,  982,  560,  475,  675,  944, 1064,  895,  902,  896,  687,  270,  601,  575,  948,  539,  814,  615, 1043],
        [  684,  684,  139,  111,  687,  301,  684,  263,  571,  552,  566,  283,  675,  433,  505,  214,  282,  598,  743,  394,  179,    6,  424,  299,  759,  289,  666,  730,  844,  517,  466,  651,  288,  245,  175,  595,  476,  873,  495,  403,  525,  307,  830,  621,  703,  312,  383,  118,  589,  212,  248,  123,  873,    0,  479,  445,   73,  417,  728,  917,  267,  522,  250,  131,  504,  353,  115,  317,  554,  358,  209,  210,   29,  408,  562,  634,  712,  668,  410,  110,  419,   79,  298,  190],
        [  261,  261,  598,  533,  409,  324,  727,  221,  892,  713,  695,  541,  765,  781,  854,  457,  583,  475,  454,  626,  564,  478,  338,  775,  524,  210,  668,  601,  713,  328,  759,  307,  660,  651,  427,  133,  237,  706,  883,  404,  222,  610,  652,  382,  494,  753,  247,  460,  899,  468,  293,  358,  678,  479,    0,  657,  423,  812,  515,  763,  662,  669,  488,  516,  690,  728,  529,  407,  204,  126,  391,  564,  507,  807,  226,  868,  419,  848,  151,  589,  187,  486,  494,  548],
        [  917,  917,  382,  346,  564,  684,  282,  492,  257,  111,  139,  728,  247,  206,  252,  254,  726,  382,  605,   51,  282,  450,  348,  498,  564,  472,  300,  450,  530,  430,  132,  609,  226,  660,  606,  787,  795,  580,  322,  271,  529,  749,  559,  499,  508,  360,  416,  559,  255,  651,  610,  451,  605,  445,  657,    0,  492,  808,  526,  605,  261,   96,  211,  574,   61,  230,  554,  251,  575,  551,  625,  651,  450,  298,  846,  216,  591,  226,  511,  458,  482,  366,  178,  631],
        [  616,  616,  211,  177,  668,  229,  713,  215,  635,  595,  605,  244,  711,  499,  572,  245,  255,  598,  724,  442,  242,   69,  417,  364,  749,  249,  688,  735,  852,  502,  526,  621,  354,  254,  115,  533,  404,  875,  566,  409,  494,  282,  830,  605,  695,  384,  361,   75,  653,  161,  176,   84,  872,   73,  423,  492,    0,  428,  720,  923,  335,  561,  286,  118,  549,  420,  118,  329,  518,  307,  141,  193,   94,  478,  492,  689,  691,  717,  372,  174,  386,  135,  331,  172],
        [  933,  933,  427,  476, 1095,  506, 1075,  633,  831,  919,  943,  288, 1053,  706,  755,  621,  239, 1014, 1151,  759,  531,  413,  839,  362, 1173,  671, 1068, 1145, 1258,  929,  777, 1045,  593,  174,  385,  893,  691, 1288,  700,  819,  919,  218, 1246, 1032, 1118,  504,  788,  365,  857,  345,  520,  511, 1289,  417,  812,  808,  428,    0, 1143, 1332,  558,  898,  649,  312,  868,  626,  311,  732,  940,  715,  421,  249,  396,  626,  790,  950, 1118, 1011,  793,  356,  811,  479,  698,  267],
        [  718,  718,  765,  696,  120,  770,  371,  546,  768,  492,  450,  939,  441,  729,  776,  545,  965,  149,  114,  538,  671,  731,  305,  939,   38,  503,  300,  129,  210,  223,  656,  235,  695,  970,  797,  589,  748,  192,  847,  336,  295,  993,  139,  135,   26,  836,  369,  791,  758,  851,  706,  638,  165,  728,  515,  526,  720, 1143,    0,  249,  721,  461,  534,  837,  509,  732,  833,  425,  313,  510,  785,  912,  751,  811,  735,  654,  128,  582,  411,  810,  375,  676,  495,  891],
        [  964,  964,  925,  863,  365, 1003,  350,  773,  803,  528,  485, 1155,  418,  806,  833,  713, 1175,  327,  338,  636,  823,  921,  512, 1081,  248,  730,  308,  188,   77,  455,  720,  480,  815, 1162, 1012,  836,  995,   58,  914,  515,  541, 1203,  111,  381,  269,  956,  595,  997,  785, 1066,  934,  845,  100,  917,  763,  605,  923, 1332,  249,    0,  847,  516,  690, 1037,  565,  833, 1029,  601,  562,  749, 1005, 1115,  937,  902,  984,  655,  364,  564,  651,  983,  613,  853,  643, 1094],
        [  902,  902,  149,  159,  724,  562,  541,  449,  307,  368,  399,  532,  507,  169,  239,  215,  517,  573,  774,  218,  102,  272,  457,  238,  757,  452,  551,  675,  771,  559,  222,  730,   36,  426,  441,  791,  721,  815,  234,  395,  620,  536,  785,  653,  699,  115,  474,  381,  328,  473,  500,  341,  831,  267,  662,  261,  335,  558,  721,  847,    0,  356,  201,  375,  318,   87,  350,  319,  660,  538,  475,  440,  258,  149,  797,  397,  751,  453,  545,  229,  534,  205,  230,  425],
        [  929,  929,  471,  430,  516,  738,  186,  529,  308,   44,   46,  802,  156,  291,  323,  317,  804,  326,  551,  141,  369,  527,  339,  593,  498,  503,  209,  372,  442,  404,  206,  576,  321,  746,  674,  795,  830,  495,  401,  267,  514,  828,  478,  455,  446,  455,  423,  632,  298,  722,  662,  512,  523,  522,  669,   96,  561,  898,  461,  516,  356,    0,  276,  652,   51,  324,  634,  278,  560,  575,  689,  730,  530,  388,  872,  211,  541,  179,  519,  546,  486,  444,  233,  711],
        [  741,  741,  236,  174,  527,  474,  435,  295,  409,  310,  320,  527,  427,  293,  366,   43,  531,  390,  579,  164,  137,  254,  257,  405,  570,  285,  421,  508,  615,  360,  279,  530,  186,  485,  399,  620,  594,  651,  399,  200,  421,  556,  615,  456,  511,  313,  278,  357,  419,  446,  400,  241,  660,  250,  488,  211,  286,  649,  534,  690,  201,  276,    0,  380,  266,  247,  364,  119,  463,  370,  416,  459,  262,  330,  655,  420,  554,  436,  357,  295,  340,  174,   50,  439],
        [  680,  680,  229,  232,  785,  255,  814,  324,  681,  682,  697,  158,  805,  544,  612,  344,  152,  714,  840,  523,  301,  126,  534,  324,  866,  361,  794,  849,  966,  620,  587,  734,  401,  140,  105,  614,  449,  991,  589,  523,  608,  177,  946,  722,  812,  389,  477,   56,  702,  108,  235,  200,  988,  131,  516,  574,  118,  312,  837, 1037,  375,  652,  380,    0,  634,  460,   28,  440,  630,  409,  151,   80,  125,  501,  545,  758,  808,  796,  483,  157,  500,  209,  428,   59],
        [  950,  950,  442,  407,  560,  736,  230,  537,  260,   51,   85,  787,  189,  241,  272,  308,  785,  372,  597,  112,  342,  509,  368,  553,  547,  514,  258,  422,  492,  440,  155,  615,  283,  720,  663,  818,  839,  545,  351,  293,  547,  809,  528,  498,  494,  412,  445,  617,  252,  709,  661,  506,  574,  504,  690,   61,  549,  868,  509,  565,  318,   51,  266,  634,    0,  279,  614,  289,  592,  590,  681,  711,  510,  340,  886,  180,  586,  171,  541,  519,  510,  426,  228,  691],
        [  973,  973,  233,  244,  749,  646,  509,  520,  222,  327,  364,  617,  465,   85,  153,  272,  601,  584,  796,  199,  182,  358,  491,  283,  769,  519,  529,  672,  758,  591,  153,  767,   71,  504,  527,  859,  801,  806,  157,  423,  664,  619,  781,  679,  711,  136,  523,  467,  244,  559,  582,  421,  828,  353,  728,  230,  420,  626,  732,  833,   87,  324,  247,  460,  279,    0,  435,  357,  707,  605,  560,  524,  344,   85,  874,  325,  776,  391,  602,  311,  586,  288,  261,  509],
        [  700,  700,  203,  210,  784,  279,  798,  330,  656,  663,  679,  183,  788,  518,  586,  329,  172,  707,  840,  503,  278,  111,  529,  298,  863,  365,  781,  841,  957,  618,  563,  738,  377,  138,  129,  630,  472,  983,  562,  514,  611,  195,  940,  721,  808,  362,  477,   72,  677,  135,  253,  201,  982,  115,  529,  554,  118,  311,  833, 1029,  350,  634,  364,   28,  614,  435,    0,  430,  635,  419,  174,   97,  105,  474,  567,  735,  808,  775,  488,  129,  503,  191,  412,   78],
        [  666,  666,  341,  272,  410,  469,  395,  252,  490,  320,  314,  570,  407,  391,  460,  121,  583,  285,  462,  221,  251,  321,  139,  519,  459,  226,  363,  414,  528,  241,  357,  413,  301,  562,  430,  537,  552,  557,  504,   89,  308,  611,  516,  339,  400,  431,  173,  404,  494,  483,  393,  260,  560,  317,  407,  251,  329,  732,  425,  601,  319,  278,  119,  440,  289,  357,  430,    0,  351,  301,  435,  519,  336,  442,  598,  465,  436,  456,  263,  388,  238,  255,   98,  497],
        [  416,  416,  641,  569,  205,  495,  572,  307,  829,  602,  575,  694,  623,  740,  807,  447,  729,  298,  252,  558,  576,  555,  228,  827,  321,  270,  506,  410,  517,  162,  697,  112,  648,  769,  561,  281,  440,  505,  854,  305,   46,  757,  452,  184,  294,  768,  188,  576,  829,  611,  443,  437,  475,  554,  204,  575,  518,  940,  313,  562,  660,  560,  463,  630,  592,  707,  635,  351,    0,  234,  536,  693,  581,  791,  422,  770,  217,  730,  147,  657,  136,  531,  448,  674],
        [  372,  372,  473,  407,  423,  264,  657,   97,  777,  618,  606,  460,  686,  661,  735,  336,  497,  436,  476,  516,  439,  358,  268,  652,  528,   87,  606,  573,  691,  295,  646,  345,  537,  547,  331,  254,  265,  694,  761,  319,  227,  525,  642,  377,  486,  628,  170,  354,  785,  379,  209,  236,  675,  358,  126,  551,  307,  715,  510,  749,  538,  575,  370,  409,  590,  605,  419,  301,  234,    0,  303,  466,  386,  684,  298,  765,  441,  754,  100,  468,  137,  361,  381,  448],
        [  532,  532,  343,  317,  714,  105,  829,  240,  776,  724,  731,  158,  834,  640,  712,  374,  194,  679,  769,  576,  383,  204,  494,  469,  808,  283,  797,  819,  938,  562,  666,  646,  494,  268,   46,  476,  299,  954,  703,  504,  524,  222,  906,  659,  759,  514,  416,  107,  794,   77,   99,  179,  944,  209,  391,  625,  141,  421,  785, 1005,  475,  689,  416,  151,  681,  560,  174,  435,  536,  303,    0,  176,  223,  615,  396,  827,  734,  850,  393,  288,  420,  276,  457,  163],
        [  703,  703,  292,  306,  856,  271,  893,  387,  745,  759,  775,  102,  884,  608,  673,  423,   78,  791,  911,  600,  373,  205,  610,  350,  940,  426,  874,  927, 1044,  693,  656,  800,  469,   94,  137,  651,  465, 1068,  644,  601,  674,   99, 1023,  794,  887,  439,  549,  122,  767,  104,  273,  274, 1064,  210,  564,  651,  193,  249,  912, 1115,  440,  730,  459,   80,  711,  524,   97,  519,  693,  466,  176,    0,  201,  557,  563,  829,  878,  871,  547,  213,  567,  287,  507,   22],
        [  709,  709,  121,  108,  712,  319,  696,  291,  563,  559,  575,  282,  684,  426,  496,  229,  276,  619,  768,  399,  177,   29,  448,  272,  782,  317,  681,  750,  863,  542,  464,  678,  281,  227,  185,  622,  498,  893,  482,  424,  552,  299,  851,  646,  726,  293,  409,  124,  583,  216,  270,  151,  895,   29,  507,  450,   94,  396,  751,  937,  258,  530,  262,  125,  510,  344,  105,  336,  581,  386,  223,  201,    0,  394,  586,  634,  737,  672,  438,   83,  446,   88,  310,  182],
        [ 1050, 1050,  275,  304,  832,  706,  568,  597,  206,  383,  424,  655,  518,  103,  130,  353,  633,  664,  879,  275,  251,  412,  576,  267,  849,  598,  596,  746,  827,  675,  193,  852,  148,  524,  579,  938,  870,  878,   89,  507,  749,  647,  855,  762,  792,  124,  607,  516,  233,  605,  647,  489,  902,  408,  807,  298,  478,  626,  811,  902,  149,  388,  330,  501,  340,   85,  474,  442,  791,  684,  615,  557,  394,    0,  946,  344,  859,  424,  685,  346,  670,  352,  346,  544],
