{
    "name": "random-26-12160",
    "comment": "size=26 seed=12160",
    "nodes": ["+0", "-0", "+1", "-1", "+2", "-2", "+3", "-3", "+4", "-4", "+5", "-5", "+6", "-6", "+7", "-7", "+8", "-8", "+9", "-9", "+10", "-10", "+11", "-11", "+12", "-12", "+13", "-13", "+14", "-14", "+15", "-15", "+16", "-16", "+17", "-17", "+18", "-18", "+19", "-19", "+20", "-20", "+21", "-21", "+22", "-22", "+23", "-23", "+24", "-24", "+25", "-25", "+26", "-26"],
    "precedence": {
        "+0": "-0",
        "+1": "-1",
        "+2": "-2",
        "+3": "-3",
        "+4": "-4",
        "+5": "-5",
        "+6": "-6",
        "+7": "-7",
        "+8": "-8",
        "+9": "-9",
        "+10": "-10",
        "+11": "-11",
        "+12": "-12",
        "+13": "-13",
        "+14": "-14",
        "+15": "-15",
        "+16": "-16",
        "+17": "-17",
        "+18": "-18",
        "+19": "-19",
        "+20": "-20",
        "+21": "-21",
        "+22": "-22",
        "+23": "-23",
        "+24": "-24",
        "+25": "-25",
        "+26": "-26"
    },
    "edges": [
        [    0,    0,  422,  849,  341,  734,  760,  284,  185,  272,  683,  693,  830,  389,   87,  895,  251,  851,  802,  533,  842,  573,  615,  429,  492,  230,  835,  885,   97,   96,  701,  869,  312,  619,  435,  823,  808,  348,  451,  891,  641,  339,  256,  755,  561,  716,  300,  621,  530,  725,  489,  505,  892,  473],
        [    0,    0,  422,  849,  341,  734,  760,  284,  185,  272,  683,  693,  830,  389,   87,  895,  251,  851,  802,  533,  842,  573,  615,  429,  492,  230,  835,  885,   97,   96,  701,  869,  312,  619,  435,  823,  808,  348,  451,  891,  641,  339,  256,  755,  561,  716,  300,  621,  530,  725,  489,  505,  892,  473],
        [  422,  422,    0,  427,  109,  749,  781,  173,  463,  569,  771,  800,  750,   47,  506,  655,  273,  429,  421,  211,  653,  161,  837,   74,   87,  440,  622,  712,  377,  330,  657,  448,  585,  444,  372,  652,  522,  628,  683,  723,  255,  145,  285,  406,  736,  305,  131,  696,  755,  314,  577,  763,  791,  134],
        [  849,  849,  427,    0,  517,  958,  989,  587,  868,  964, 1031, 1068,  878,  464,  932,  627,  666,   40,  243,  397,  693,  283, 1169,  437,  369,  841,  643,  750,  797,  756,  842,   24,  970,  596,  660,  714,  485, 1010, 1038,  764,  289,  541,  673,  327, 1056,  164,  555,  961, 1098,  184,  879, 1122,  887,  421],
        [  341,  341,  109,  517,    0,  664,  696,  160,  358,  462,  676,  703,  685,  108,  427,  636,  165,  523,  466,  210,  616,  236,  730,  163,  195,  410,  591,  671,  281,  246,  581,  538,  477,  392,  284,  609,  517,  520,  575,  680,  363,  168,  177,  431,  632,  377,  108,  601,  648,  419,  477,  655,  731,  227],
        [  734,  734,  749,  958,  664,    0,   33,  798,  558,  528,  132,  167,  179,  767,  783,  476,  556,  988,  741,  598,  367,  752,  377,  819,  824,  947,  407,  354,  644,  697,  119,  980,  487,  363,  381,  330,  534,  485,  395,  347,  972,  826,  542,  648,  289,  801,  756,  133,  374,  976,  248,  436,  241,  881],
        [  760,  760,  781,  989,  696,   33,    0,  830,  583,  548,  130,  161,  188,  800,  807,  495,  586, 1019,  771,  631,  386,  785,  375,  851,  857,  975,  429,  369,  671,  726,  148, 1011,  506,  394,  413,  350,  560,  501,  407,  361, 1004,  858,  573,  677,  296,  833,  788,  149,  380, 1008,  273,  442,  246,  914],
        [  284,  284,  173,  587,  160,  798,  830,    0,  384,  494,  793,  815,  836,  128,  359,  794,  250,  583,  592,  359,  775,  333,  806,  152,  219,  268,  751,  830,  272,  206,  725,  605,  520,  551,  424,  768,  672,  563,  641,  840,  358,   55,  264,  572,  721,  476,   53,  720,  720,  446,  588,  714,  885,  189],
        [  185,  185,  463,  868,  358,  558,  583,  384,    0,  110,  499,  508,  670,  446,  226,  782,  202,  878,  769,  497,  714,  585,  439,  497,  547,  414,  715,  749,  120,  192,  538,  890,  140,  505,  315,  689,  720,  181,  273,  753,  712,  435,  196,  704,  377,  716,  374,  440,  353,  777,  311,  337,  735,  555],
        [  272,  272,  569,  964,  462,  528,  548,  494,  110,    0,  447,  447,  662,  553,  283,  818,  301,  976,  849,  583,  739,  683,  344,  606,  654,  501,  748,  767,  226,  298,  532,  987,   45,  549,  367,  711,  774,   77,  183,  769,  819,  545,  292,  777,  301,  809,  483,  400,  261,  881,  288,  234,  730,  664],
        [  683,  683,  771, 1031,  676,  132,  130,  793,  499,  447,    0,   40,  310,  783,  720,  597,  544, 1058,  828,  650,  490,  801,  246,  837,  853,  906,  526,  482,  601,  662,  227, 1054,  403,  442,  402,  453,  640,  391,  289,  476, 1010,  828,  530,  736,  171,  870,  757,   76,  253, 1027,  207,  316,  372,  901],
        [  693,  693,  800, 1068,  703,  167,  161,  815,  508,  447,   40,    0,  345,  810,  725,  636,  566, 1094,  867,  685,  529,  835,  217,  865,  883,  918,  566,  519,  613,  677,  267, 1091,  403,  480,  433,  492,  679,  387,  281,  513, 1041,  852,  552,  774,  157,  906,  781,  108,  235, 1061,  228,  297,  405,  929],
        [  830,  830,  750,  878,  685,  179,  188,  836,  670,  662,  310,  345,    0,  778,  891,  321,  615,  912,  644,  566,  215,  715,  554,  823,  814, 1023,  263,  185,  735,  776,  132,  899,  626,  313,  418,  181,  413,  632,  555,  176,  943,  853,  603,  553,  461,  733,  788,  297,  545,  927,  376,  605,   68,  882],
        [  389,  389,   47,  464,  108,  767,  800,  128,  446,  553,  783,  810,  778,    0,  470,  696,  266,  463,  467,  252,  690,  206,  835,   56,  105,  395,  660,  748,  352,  299,  680,  484,  572,  476,  388,  688,  566,  615,  677,  759,  267,   99,  278,  452,  738,  348,   91,  708,  751,  339,  585,  756,  821,  120],
        [   87,   87,  506,  932,  427,  783,  807,  359,  226,  283,  720,  725,  891,  470,    0,  974,  333,  933,  888,  619,  917,  659,  622,  507,  572,  238,  911,  957,  173,  182,  760,  953,  327,  696,  509,  896,  890,  356,  465,  962,  716,  413,  337,  841,  583,  802,  380,  664,  541,  804,  536,  507,  955,  547],
        [  895,  895,  655,  627,  636,  476,  495,  794,  782,  818,  597,  636,  321,  696,  974,    0,  646,  666,  385,  445,  109,  557,  823,  725,  690, 1036,   75,  143,  802,  816,  371,  645,  794,  279,  469,  146,  150,  815,  772,  156,  774,  790,  640,  312,  713,  514,  742,  557,  789,  725,  569,  842,  297,  769],
        [  251,  251,  273,  666,  165,  556,  586,  250,  202,  301,  544,  566,  615,  266,  333,  646,    0,  677,  574,  301,  599,  384,  570,  321,  360,  410,  588,  646,  162,  171,  494,  688,  313,  372,  200,  583,  558,  355,  412,  653,  527,  288,   15,  516,  477,  515,  217,  471,  487,  583,  338,  491,  672,  384],
        [  851,  851,  429,   40,  523,  988, 1019,  583,  878,  976, 1058, 1094,  912,  463,  933,  666,  677,    0,  281,  418,  729,  294, 1190,  432,  364,  832,  680,  787,  803,  758,  873,   34,  983,  626,  682,  749,  522, 1024, 1056,  801,  268,  535,  685,  363, 1078,  189,  554,  987, 1118,  160,  902, 1140,  922,  411],
        [  802,  802,  421,  243,  466,  741,  771,  592,  769,  849,  828,  867,  644,  467,  888,  385,  574,  281,    0,  274,  452,  266,  996,  467,  409,  860,  402,  509,  729,  708,  624,  261,  844,  387,  501,  475,  243,  880,  885,  523,  429,  563,  577,   94,  880,  153,  546,  764,  934,  357,  704,  968,  648,  486],
        [  533,  533,  211,  397,  210,  598,  631,  359,  497,  583,  650,  685,  566,  252,  619,  445,  301,  418,  274,    0,  447,  154,  773,  281,  255,  618,  413,  507,  457,  440,  492,  421,  582,  254,  264,  449,  315,  621,  642,  518,  379,  348,  304,  224,  660,  235,  308,  577,  701,  379,  485,  726,  598,  330],
        [  842,  842,  653,  693,  616,  367,  386,  775,  714,  739,  490,  529,  215,  690,  917,  109,  599,  729,  452,  447,    0,  578,  719,  725,  700, 1002,   52,   62,  747,  770,  264,  712,  711,  229,  408,   38,  211,  729,  678,   75,  804,  778,  591,  367,  611,  562,  723,  452,  690,  769,  476,  744,  200,  776],
        [  573,  573,  161,  283,  236,  752,  785,  333,  585,  683,  801,  835,  715,  206,  659,  557,  384,  294,  266,  154,  578,    0,  909,  202,  145,  600,  538,  639,  516,  479,  646,  305,  691,  404,  406,  586,  412,  732,  768,  652,  229,  299,  392,  270,  800,  145,  291,  727,  833,  227,  627,  852,  744,  225],
        [  615,  615,  837, 1169,  730,  377,  375,  806,  439,  344,  246,  217,  554,  835,  622,  823,  570, 1190,  996,  773,  719,  909,    0,  890,  923,  844,  749,  719,  558,  629,  456, 1192,  304,  620,  509,  683,  841,  269,  167,  715, 1090,  852,  557,  908,  117, 1005,  783,  267,   87, 1129,  293,  119,  617,  953],
        [  429,  429,   74,  437,  163,  819,  851,  152,  497,  606,  837,  865,  823,   56,  507,  725,  321,  432,  467,  281,  725,  202,  890,    0,   69,  408,  693,  784,  399,  342,  728,  455,  626,  517,  440,  725,  589,  669,  732,  795,  216,  105,  334,  464,  793,  337,  131,  761,  807,  297,  639,  811,  864,   65],
        [  492,  492,   87,  369,  195,  824,  857,  219,  547,  654,  853,  883,  814,  105,  572,  690,  360,  364,  409,  255,  700,  145,  923,   69,    0,  475,  664,  760,  456,  403,  728,  387,  670,  503,  451,  703,  549,  713,  769,  772,  168,  173,  372,  414,  822,  273,  193,  777,  842,  235,  661,  850,  850,   81],
        [  230,  230,  440,  841,  410,  947,  975,  268,  414,  501,  906,  918, 1023,  395,  238, 1036,  410,  832,  860,  618, 1002,  600,  844,  408,  475,    0,  985, 1052,  306,  250,  899,  857,  542,  773,  610,  988,  926,  576,  681, 1059,  580,  304,  421,  836,  790,  742,  315,  841,  760,  683,  706,  732, 1081,  422],
        [  835,  835,  622,  643,  591,  407,  429,  751,  715,  748,  526,  566,  263,  660,  911,   75,  588,  680,  402,  413,   52,  538,  749,  693,  664,  985,    0,  108,  740,  758,  299,  662,  722,  217,  403,   83,  160,  743,  698,  122,  762,  751,  581,  318,  639,  515,  699,  484,  715,  724,  495,  768,  251,  741],
        [  885,  885,  712,  750,  671,  354,  369,  830,  749,  767,  482,  519,  185,  748,  957,  143,  646,  787,  509,  507,   62,  639,  719,  784,  760, 1052,  108,    0,  789,  816,  265,  769,  736,  281,  451,   64,  267,  751,  692,   14,  865,  835,  637,  426,  616,  623,  779,  454,  697,  830,  494,  754,  155,  836],
        [   97,   97,  377,  797,  281,  644,  671,  272,  120,  226,  601,  613,  735,  352,  173,  802,  162,  803,  729,  457,  747,  516,  558,  399,  456,  306,  740,  789,    0,   73,  607,  819,  259,  524,  340,  727,  719,  300,  391,  795,  615,  326,  165,  676,  491,  656,  270,  536,  472,  689,  401,  456,  796,  452],
        [   96,   96,  330,  756,  246,  697,  726,  206,  192,  298,  662,  677,  776,  299,  182,  816,  171,  758,  708,  440,  770,  479,  629,  342,  403,  250,  758,  816,   73,    0,  651,  776,  331,  543,  367,  753,  721,  372,  463,  822,  557,  261,  179,  662,  559,  622,  212,  595,  543,  637,  459,  528,  835,  391],
        [  701,  701,  657,  842,  581,  119,  148,  725,  538,  532,  227,  267,  132,  680,  760,  371,  494,  873,  624,  492,  264,  646,  456,  728,  728,  899,  299,  265,  607,  651,    0,  864,  496,  248,  302,  228,  418,  504,  433,  262,  869,  747,  482,  530,  352,  687,  679,  190,  433,  867,  246,  491,  199,  790],
        [  869,  869,  448,   24,  538,  980, 1011,  605,  890,  987, 1054, 1091,  899,  484,  953,  645,  688,   34,  261,  421,  712,  305, 1192,  455,  387,  857,  662,  769,  819,  776,  864,    0,  992,  618,  684,  734,  503, 1033, 1061,  783,  300,  559,  696,  347, 1079,  187,  574,  984, 1121,  192,  903, 1146,  907,  437],
        [  312,  312,  585,  970,  477,  487,  506,  520,  140,   45,  403,  403,  626,  572,  327,  794,  313,  983,  844,  582,  711,  691,  304,  626,  670,  542,  722,  736,  259,  331,  496,  992,    0,  529,  353,  682,  757,   44,  140,  738,  837,  570,  302,  769,  257,  812,  506,  357,  219,  895,  251,  198,  693,  686],
        [  619,  619,  444,  596,  392,  363,  394,  551,  505,  549,  442,  480,  313,  476,  696,  279,  372,  626,  387,  254,  229,  404,  620,  517,  503,  773,  217,  281,  524,  543,  248,  618,  529,    0,  190,  218,  231,  556,  532,  290,  631,  558,  365,  295,  504,  439,  500,  377,  567,  621,  334,  610,  348,  573],
        [  435,  435,  372,  660,  284,  381,  413,  424,  315,  367,  402,  433,  418,  388,  509,  469,  200,  682,  501,  264,  408,  406,  509,  440,  451,  610,  403,  451,  340,  367,  302,  684,  353,  190,    0,  388,  408,  385,  386,  457,  608,  447,  190,  421,  397,  497,  379,  327,  439,  631,  222,  469,  473,  503],
        [  823,  823,  652,  714,  609,  330,  350,  768,  689,  711,  453,  492,  181,  688,  896,  146,  583,  749,  475,  449,   38,  586,  683,  725,  703,  988,   83,   64,  727,  753,  228,  734,  682,  218,  388,    0,  236,  698,  644,   72,  813,  774,  574,  387,  576,  579,  716,  416,  655,  783,  444,  710,  174,  777],
        [  808,  808,  522,  485,  517,  534,  560,  672,  720,  774,  640,  679,  413,  566,  890,  150,  558,  522,  243,  315,  211,  412,  841,  589,  549,  926,  160,  267,  719,  721,  418,  503,  757,  231,  408,  236,    0,  785,  761,  280,  625,  662,  554,  164,  726,  365,  620,  585,  793,  576,  562,  839,  409,  629],
        [  348,  348,  628, 1010,  520,  485,  501,  563,  181,   77,  391,  387,  632,  615,  356,  815,  355, 1024,  880,  621,  729,  732,  269,  669,  713,  576,  743,  751,  300,  372,  504, 1033,   44,  556,  385,  698,  785,    0,  112,  752,  880,  613,  345,  803,  235,  852,  550,  353,  186,  937,  259,  158,  700,  729],
        [  451,  451,  683, 1038,  575,  395,  407,  641,  273,  183,  289,  281,  555,  677,  465,  772,  412, 1056,  885,  642,  678,  768,  167,  732,  769,  681,  698,  692,  391,  463,  433, 1061,  140,  532,  386,  644,  761,  112,    0,  691,  936,  688,  399,  802,  126,  876,  621,  262,   81,  983,  204,   85,  622,  794],
        [  891,  891,  723,  764,  680,  347,  361,  840,  753,  769,  476,  513,  176,  759,  962,  156,  653,  801,  523,  518,   75,  652,  715,  795,  772, 1059,  122,   14,  795,  822,  262,  783,  738,  290,  457,   72,  280,  752,  691,    0,  877,  845,  644,  439,  613,  636,  788,  450,  694,  843,  494,  751,  143,  847],
        [  641,  641,  255,  289,  363,  972, 1004,  358,  712,  819, 1010, 1041,  943,  267,  716,  774,  527,  268,  429,  379,  804,  229, 1090,  216,  168,  580,  762,  865,  615,  557,  869,  300,  837,  631,  608,  813,  625,  880,  936,  877,    0,  304,  539,  469,  987,  277,  346,  935, 1009,  109,  823, 1017,  972,  169],
        [  339,  339,  145,  541,  168,  826,  858,   55,  435,  545,  828,  852,  853,   99,  413,  790,  288,  535,  563,  348,  778,  299,  852,  105,  173,  304,  751,  835,  326,  261,  747,  559,  570,  558,  447,  774,  662,  613,  688,  845,  304,    0,  302,  550,  764,  439,   72,  753,  766,  395,  624,  763,  899,  135],
        [  256,  256,  285,  673,  177,  542,  573,  264,  196,  292,  530,  552,  603,  278,  337,  640,   15,  685,  577,  304,  591,  392,  557,  334,  372,  421,  581,  637,  165,  179,  482,  696,  302,  365,  190,  574,  554,  345,  399,  644,  539,  302,    0,  517,  464,  521,  231,  457,  474,  593,  324,  479,  660,  397],
        [  755,  755,  406,  327,  431,  648,  677,  572,  704,  777,  736,  774,  553,  452,  841,  312,  516,  363,   94,  224,  367,  270,  908,  464,  414,  836,  318,  426,  676,  662,  530,  347,  769,  295,  421,  387,  164,  803,  802,  439,  469,  550,  517,    0,  791,  203,  522,  672,  848,  414,  617,  885,  560,  494],
        [  561,  561,  736, 1056,  632,  289,  296,  721,  377,  301,  171,  157,  461,  738,  583,  713,  477, 1078,  880,  660,  611,  800,  117,  793,  822,  790,  639,  616,  491,  559,  352, 1079,  257,  504,  397,  576,  726,  235,  126,  613,  987,  764,  464,  791,    0,  892,  694,  165,   85, 1022,  177,  147,  527,  857],
        [  716,  716,  305,  164,  377,  801,  833,  476,  716,  809,  870,  906,  733,  348,  802,  514,  515,  189,  153,  235,  562,  145, 1005,  337,  273,  742,  515,  623,  656,  622,  687,  187,  812,  439,  497,  579,  365,  852,  876,  636,  277,  439,  521,  203,  892,    0,  436,  799,  935,  212,  716,  960,  748,  345],
        [  300,  300,  131,  555,  108,  756,  788,   53,  374,  483,  757,  781,  788,   91,  380,  742,  217,  554,  546,  308,  723,  291,  783,  131,  193,  315,  699,  779,  270,  212,  679,  574,  506,  500,  379,  716,  620,  550,  621,  788,  346,   72,  231,  522,  694,  436,    0,  682,  698,  426,  553,  697,  836,  183],
        [  621,  621,  696,  961,  601,  133,  149,  720,  440,  400,   76,  108,  297,  708,  664,  557,  471,  987,  764,  577,  452,  727,  267,  761,  777,  841,  484,  454,  536,  595,  190,  984,  357,  377,  327,  416,  585,  353,  262,  450,  935,  753,  457,  672,  165,  799,  682,    0,  248,  953,  136,  308,  364,  826],
        [  530,  530,  755, 1098,  648,  374,  380,  720,  353,  261,  253,  235,  545,  751,  541,  789,  487, 1118,  934,  701,  690,  833,   87,  807,  842,  760,  715,  697,  472,  543,  433, 1121,  219,  567,  439,  655,  793,  186,   81,  694, 1009,  766,  474,  848,   85,  935,  698,  248,    0, 1051,  233,   63,  611,  870],
        [  725,  725,  314,  184,  419,  976, 1008,  446,  777,  881, 1027, 1061,  927,  339,  804,  725,  583,  160,  357,  379,  769,  227, 1129,  297,  235,  683,  724,  830,  689,  637,  867,  192,  895,  621,  631,  783,  576,  937,  983,  843,  109,  395,  593,  414, 1022,  212,  426,  953, 1051,    0,  852, 1066,  949,  263],
        [  489,  489,  577,  879,  477,  248,  273,  588,  311,  288,  207,  228,  376,  585,  536,  569,  338,  902,  704,  485,  476,  627,  293,  639,  661,  706,  495,  494,  401,  459,  246,  903,  251,  334,  222,  444,  562,  259,  204,  494,  823,  624,  324,  617,  177,  716,  553,  136,  233,  852,    0,  278,  443,  704],
        [  505,  505,  763, 1122,  655,  436,  442,  714,  337,  234,  316,  297,  605,  756,  507,  842,  491, 1140,  968,  726,  744,  852,  119,  811,  850,  732,  768,  754,  456,  528,  491, 1146,  198,  610,  469,  710,  839,  158,   85,  751, 1017,  763,  479,  885,  147,  960,  697,  308,   63, 1066,  278,    0,  672,  873],
        [  892,  892,  791,  887,  731,  241,  246,  885,  735,  730,  372,  405,   68,  821,  955,  297,  672,  922,  648,  598,  200,  744,  617,  864,  850, 1081,  251,  155,  796,  835,  199,  907,  693,  348,  473,  174,  409,  700,  622,  143,  972,  899,  660,  560,  527,  748,  836,  364,  611,  949,  443,  672,    0,  921],
        [  473,  473,  134,  421,  227,  881,  914,  189,  555,  664,  901,  929,  882,  120,  547,  769,  384,  411,  486,  330,  776,  225,  953,   65,   81,  422,  741,  836,  452,  391,  790,  437,  686,  573,  503,  777,  629,  729,  794,  847,  169,  135,  397,  494,  857,  345,  183,  826,  870,  263,  704,  873,  921,    0]
    ]
}
