{
    "name": "random-26-15516",
    "comment": "size=26 seed=15516",
    "nodes": ["+0", "-0", "+1", "-1", "+2", "-2", "+3", "-3", "+4", "-4", "+5", "-5", "+6", "-6", "+7", "-7", "+8", "-8", "+9", "-9", "+10", "-10", "+11", "-11", "+12", "-12", "+13", "-13", "+14", "-14", "+15", "-15", "+16", "-16", "+17", "-17", "+18", "-18", "+19", "-19", "+20", "-20", "+21", "-21", "+22", "-22", "+23", "-23", "+24", "-24", "+25", "-25", "+26", "-26"],
    "precedence": {
        "+0": "-0",
        "+1": "-1",
        "+2": "-2",
        "+3": "-3",
        "+4": "-4",
        "+5": "-5",
        "+6": "-6",
        "+7": "-7",
        "+8": "-8",
        "+9": "-9",
        "+10": "-10",
        "+11": "-11",
        "+12": "-12",
        "+13": "-13",
        "+14": "-14",
        "+15": "-15",
        "+16": "-16",
        "+17": "-17",
        "+18": "-18",
        "+19": "-19",
        "+20": "-20",
        "+21": "-21",
        "+22": "-22",
        "+23": "-23",
        "+24": "-24",
        "+25": "-25",
        "+26": "-26"
    },
    "edges": [
        [    0,    0,  383,  551,  568,  364,  416,  527,  447,  251,  368,  349,  410,  386,  467,  454,  198,  526,  219,  183,  537,  213,  355,  365,  329,  221,  141,  108,  118,  249,  369,  423,  378,  480,  359,  701,  215,  273,  274,  586,  534,  343,  444,  153,  277,  407,  680,   73,  234,  481,  290,   43,  220,  231],
        [    0,    0,  383,  551,  568,  364,  416,  527,  447,  251,  368,  349,  410,  386,  467,  454,  198,  526,  219,  183,  537,  213,  355,  365,  329,  221,  141,  108,  118,  249,  369,  423,  378,  480,  359,  701,  215,  273,  274,  586,  534,  343,  444,  153,  277,  407,  680,   73,  234,  481,  290,   43,  220,  231],
        [  383,  383,    0,  795,  506,  613,  780,  152,  412,  496,   89,  481,  404,  586,  576,  305,  191,  440,  600,  291,  800,  184,  463,  737,  177,  402,  281,  491,  418,  533,  685,  244,  740,  314,  353,  428,  574,  282,  595,  226,  648,  442,  753,  280,  126,  752,  880,  386,  617,  123,  669,  405,  182,  604],
        [  551,  551,  795,    0,  516,  846,  686,  939,  481,  767,  723,  889,  457,  895,  282,  985,  685,  541,  524,  513,   45,  705,  348,  391,  632,  398,  677,  518,  651,  303,  775,  942,  344,  629,  477,  840,  383,  816,  712, 1019,  256,  367,  175,  538,  751,  738,  148,  489,  485,  824,  443,  578,  627,  416],
        [  568,  568,  506,  516,    0,  929,  937,  600,  122,  809,  417,  871,  158,  939,  238,  799,  536,   67,  719,  393,  547,  551,  252,  725,  344,  364,  600,  631,  679,  463,  932,  739,  697,  201,  212,  339,  592,  702,  839,  683,  266,  251,  595,  431,  551,  951,  518,  504,  704,  458,  713,  611,  440,  644],
        [  364,  364,  613,  846,  929,    0,  302,  712,  807,  124,  645,  175,  772,   75,  824,  468,  445,  883,  328,  537,  818,  442,  717,  512,  646,  584,  354,  338,  250,  570,  133,  484,  553,  818,  718, 1014,  463,  342,  138,  733,  886,  706,  694,  501,  489,  233,  989,  434,  370,  734,  428,  322,  525,  433],
        [  416,  416,  780,  686,  937,  302,    0,  911,  825,  338,  780,  459,  785,  377,  765,  729,  590,  909,  219,  589,  648,  597,  690,  298,  744,  576,  501,  320,  365,  489,  170,  728,  346,  887,  745, 1114,  355,  564,  209,  952,  810,  688,  514,  565,  659,   76,  834,  455,  236,  889,  250,  383,  635,  304],
        [  527,  527,  152,  939,  600,  712,  911,    0,  526,  605,  217,  559,  526,  673,  707,  311,  331,  534,  742,  442,  946,  319,  601,  886,  310,  550,  412,  634,  547,  684,  800,  259,  890,  400,  482,  430,  724,  371,  716,   85,  777,  580,  904,  431,  254,  876, 1017,  535,  761,  143,  816,  545,  333,  752],
        [  447,  447,  412,  481,  122,  807,  825,  526,    0,  688,  324,  750,   40,  818,  205,  693,  419,   85,  606,  271,  505,  435,  159,  630,  240,  250,  479,  514,  557,  364,  813,  635,  607,  151,   90,  364,  487,  585,  719,  610,  263,  150,  526,  309,  441,  835,  518,  385,  594,  389,  609,  490,  324,  538],
        [  251,  251,  496,  767,  809,  124,  338,  605,  688,    0,  524,  139,  653,  136,  716,  392,  323,  762,  277,  417,  744,  321,  605,  472,  523,  472,  231,  249,  134,  476,  198,  396,  506,  694,  598,  891,  387,  238,  130,  634,  782,  593,  628,  380,  371,  285,  905,  322,  318,  616,  384,  210,  402,  368],
        [  368,  368,   89,  723,  417,  645,  780,  217,  324,  524,    0,  530,  317,  627,  493,  387,  202,  352,  585,  238,  732,  204,  384,  702,   94,  339,  295,  474,  426,  479,  702,  327,  700,  229,  269,  372,  537,  334,  608,  299,  564,  363,  696,  238,  166,  760,  801,  354,  595,  117,  642,  397,  148,  573],
        [  349,  349,  481,  889,  871,  175,  459,  559,  750,  139,  530,    0,  720,  117,  810,  295,  344,  817,  415,  485,  869,  334,  692,  610,  553,  562,  272,  375,  239,  591,  299,  317,  643,  730,  662,  901,  516,  200,  258,  571,  879,  677,  759,  445,  365,  397, 1024,  420,  455,  603,  521,  315,  437,  502],
        [  410,  410,  404,  457,  158,  772,  785,  526,   40,  653,  317,  720,    0,  784,  188,  676,  394,  125,  566,  238,  478,  411,  123,  591,  229,  210,  449,  475,  522,  325,  775,  619,  568,  173,   60,  396,  447,  560,  681,  610,  253,  112,  492,  277,  422,  796,  503,  347,  554,  392,  569,  453,  300,  498],
        [  386,  386,  586,  895,  939,   75,  377,  673,  818,  136,  627,  117,  784,    0,  852,  410,  432,  889,  386,  547,  870,  426,  740,  575,  639,  607,  348,  379,  269,  609,  208,  433,  615,  814,  728,  999,  513,  307,  201,  687,  917,  727,  749,  509,  466,  307, 1036,  457,  428,  708,  490,  345,  519,  487],
        [  467,  467,  576,  282,  238,  824,  765,  707,  205,  716,  493,  810,  188,  852,    0,  822,  522,  259,  556,  341,  311,  541,  124,  517,  401,  249,  551,  493,  584,  277,  796,  769,  482,  355,  226,  559,  411,  680,  711,  790,   75,  143,  361,  379,  569,  793,  315,  395,  530,  578,  523,  507,  439,  462],
        [  454,  454,  305,  985,  799,  468,  729,  311,  693,  392,  387,  295,  676,  410,  822,    0,  305,  735,  621,  486,  978,  284,  699,  804,  455,  596,  315,  537,  403,  688,  583,   61,  825,  615,  618,  720,  667,  185,  520,  295,  896,  680,  896,  453,  255,  675, 1097,  502,  653,  406,  719,  446,  384,  675],
        [  198,  198,  191,  685,  536,  445,  590,  331,  419,  323,  202,  344,  394,  432,  522,  305,    0,  478,  412,  182,  680,   21,  399,  561,  209,  292,   94,  304,  229,  394,  501,  258,  570,  386,  334,  569,  403,  167,  409,  388,  595,  379,  610,  149,   80,  564,  793,  218,  431,  303,  487,  215,   96,  427],
        [  526,  526,  440,  541,   67,  883,  909,  534,   85,  762,  352,  817,  125,  889,  259,  735,  478,    0,  690,  346,  568,  492,  240,  714,  281,  334,  546,  597,  633,  448,  893,  675,  689,  136,  168,  301,  571,  643,  799,  617,  302,  233,  601,  383,  489,  918,  558,  466,  678,  392,  694,  568,  382,  623],
        [  219,  219,  600,  524,  719,  328,  219,  742,  606,  277,  585,  415,  566,  386,  556,  621,  412,  690,    0,  377,  494,  424,  474,  195,  539,  357,  336,  112,  218,  280,  253,  604,  230,  673,  527,  903,  151,  438,  191,  796,  606,  471,  367,  358,  489,  238,  670,  242,   42,  700,  107,  198,  438,  109],
        [  183,  183,  291,  513,  393,  537,  589,  442,  271,  417,  238,  485,  238,  547,  341,  486,  182,  346,  377,    0,  513,  203,  218,  468,  169,  115,  216,  270,  288,  243,  552,  437,  463,  300,  182,  527,  303,  340,  456,  516,  415,  200,  463,   40,  240,  586,  614,  136,  378,  354,  416,  225,  115,  344],
        [  537,  537,  800,   45,  547,  818,  648,  946,  505,  744,  732,  869,  478,  870,  311,  978,  680,  568,  494,  513,    0,  701,  364,  352,  642,  400,  667,  496,  632,  291,  743,  936,  304,  650,  493,  867,  358,  805,  684, 1025,  292,  382,  135,  536,  749,  702,  187,  478,  454,  835,  409,  561,  628,  387],
        [  213,  213,  184,  705,  551,  442,  597,  319,  435,  321,  204,  334,  411,  426,  541,  284,   21,  492,  424,  203,  701,    0,  418,  577,  220,  313,   97,  318,  234,  414,  503,  237,  587,  397,  352,  574,  421,  151,  412,  374,  615,  399,  630,  170,   65,  569,  814,  237,  445,  299,  502,  227,  112,  443],
        [  355,  355,  463,  348,  252,  717,  690,  601,  159,  605,  384,  692,  123,  740,  124,  699,  399,  240,  474,  218,  364,  418,    0,  476,  291,  134,  430,  395,  472,  212,  701,  647,  450,  290,  130,  519,  341,  558,  611,  683,  197,   22,  370,  256,  447,  709,  418,  284,  455,  479,  462,  396,  317,  393],
        [  365,  365,  737,  391,  725,  512,  298,  886,  630,  472,  702,  610,  591,  575,  517,  804,  561,  714,  195,  468,  352,  577,  476,    0,  636,  400,  501,  268,  403,  267,  412,  780,   48,  733,  569,  970,  166,  619,  375,  948,  547,  481,  217,  464,  640,  356,  537,  352,  156,  819,   89,  361,  559,  135],
        [  329,  329,  177,  632,  344,  646,  744,  310,  240,  523,   94,  553,  229,  639,  401,  455,  209,  281,  539,  169,  642,  220,  291,  636,    0,  256,  293,  429,  409,  399,  685,  396,  630,  178,  177,  375,  471,  368,  590,  392,  472,  270,  613,  181,  208,  733,  708,  298,  543,  196,  583,  364,  121,  512],
        [  221,  221,  402,  398,  364,  584,  576,  550,  250,  472,  339,  562,  210,  607,  249,  596,  292,  334,  357,  115,  400,  313,  134,  400,  256,    0,  306,  268,  338,  145,  572,  549,  386,  334,  174,  571,  244,  440,  481,  627,  319,  123,  358,  144,  354,  587,  501,  151,  346,  451,  366,  263,  229,  293],
        [  141,  141,  281,  677,  600,  354,  501,  412,  479,  231,  295,  272,  449,  348,  551,  315,   94,  546,  336,  216,  667,   97,  430,  501,  293,  306,    0,  236,  137,  376,  408,  283,  517,  467,  391,  660,  355,  139,  316,  460,  624,  413,  581,  177,  159,  472,  798,  190,  361,  395,  422,  142,  173,  369],
        [  108,  108,  491,  518,  631,  338,  320,  634,  514,  249,  474,  375,  475,  379,  493,  537,  304,  597,  112,  270,  496,  318,  395,  268,  429,  268,  236,    0,  144,  232,  306,  513,  288,  568,  430,  796,  142,  353,  219,  691,  552,  389,  384,  248,  382,  322,  657,  136,  127,  588,  187,   95,  326,  138],
        [  118,  118,  418,  651,  679,  250,  365,  547,  557,  134,  426,  239,  522,  269,  584,  403,  229,  633,  218,  288,  632,  234,  472,  403,  409,  338,  137,  144,    0,  353,  277,  387,  428,  575,  468,  783,  284,  221,  183,  591,  650,  459,  526,  252,  295,  336,  785,  189,  251,  531,  317,   78,  290,  280],
        [  249,  249,  533,  303,  463,  570,  489,  684,  364,  476,  479,  591,  325,  609,  277,  688,  394,  448,  280,  243,  291,  414,  212,  267,  399,  145,  376,  232,  353,    0,  526,  648,  246,  471,  305,  708,  135,  514,  446,  757,  327,  215,  221,  257,  466,  517,  433,  187,  254,  592,  252,  278,  354,  187],
        [  369,  369,  685,  775,  932,  133,  170,  800,  813,  198,  702,  299,  775,  208,  796,  583,  501,  893,  253,  552,  743,  503,  701,  412,  685,  572,  408,  306,  277,  526,    0,  592,  457,  847,  726, 1059,  402,  435,   96,  831,  852,  693,  612,  520,  560,  100,  922,  428,  290,  802,  337,  328,  567,  361],
        [  423,  423,  244,  942,  739,  484,  728,  259,  635,  396,  327,  317,  619,  433,  769,   61,  258,  675,  604,  437,  936,  237,  647,  780,  396,  549,  283,  513,  387,  648,  592,    0,  798,  555,  562,  661,  637,  168,  521,  256,  843,  627,  860,  406,  201,  680, 1049,  465,  634,  347,  698,  420,  331,  649],
        [  378,  378,  740,  344,  697,  553,  346,  890,  607,  506,  700,  643,  568,  615,  482,  825,  570,  689,  230,  463,  304,  587,  450,   48,  630,  386,  517,  288,  428,  246,  457,  798,    0,  716,  550,  953,  168,  640,  416,  956,  508,  457,  170,  464,  649,  403,  490,  356,  189,  817,  125,  380,  560,  150],
        [  480,  480,  314,  629,  201,  818,  887,  400,  151,  694,  229,  730,  173,  814,  355,  615,  386,  136,  673,  300,  650,  397,  290,  733,  178,  334,  467,  568,  575,  471,  847,  555,  716,    0,  168,  238,  576,  544,  751,  482,  412,  275,  657,  328,  381,  885,  668,  433,  669,  257,  697,  520,  295,  624],
        [  359,  359,  353,  477,  212,  718,  745,  482,   90,  598,  269,  662,   60,  728,  226,  618,  334,  168,  527,  182,  493,  352,  130,  569,  177,  174,  391,  430,  468,  305,  726,  562,  550,  168,    0,  404,  417,  501,  632,  565,  296,  112,  491,  220,  364,  752,  538,  299,  518,  354,  539,  402,  241,  466],
        [  701,  701,  428,  840,  339, 1014, 1114,  430,  364,  891,  372,  901,  396,  999,  559,  720,  569,  301,  903,  527,  867,  574,  519,  970,  375,  571,  660,  796,  783,  708, 1059,  661,  953,  238,  404,    0,  813,  703,  964,  494,  601,  506,  888,  550,  536, 1106,  855,  662,  902,  315,  933,  738,  493,  860],
        [  215,  215,  574,  383,  592,  463,  355,  724,  487,  387,  537,  516,  447,  513,  411,  667,  403,  571,  151,  303,  358,  421,  341,  166,  471,  244,  355,  142,  284,  135,  402,  637,  168,  576,  417,  813,    0,  484,  331,  789,  458,  342,  243,  299,  482,  385,  527,  189,  121,  654,  123,  223,  395,   53],
        [  273,  273,  282,  816,  702,  342,  564,  371,  585,  238,  334,  200,  560,  307,  680,  185,  167,  643,  438,  340,  805,  151,  558,  619,  368,  440,  139,  353,  221,  514,  435,  168,  640,  544,  501,  703,  484,    0,  358,  396,  754,  539,  716,  302,  168,  519,  935,  327,  470,  404,  535,  262,  262,  490],
        [  274,  274,  595,  712,  839,  138,  209,  716,  719,  130,  608,  258,  681,  201,  711,  520,  409,  799,  191,  456,  684,  412,  611,  375,  590,  481,  316,  219,  183,  446,   96,  521,  416,  751,  632,  964,  331,  358,    0,  751,  769,  603,  558,  424,  471,  161,  857,  335,  233,  711,  291,  232,  472,  298],
        [  586,  586,  226, 1019,  683,  733,  952,   85,  610,  634,  299,  571,  610,  687,  790,  295,  388,  617,  796,  516, 1025,  374,  683,  948,  392,  627,  460,  691,  591,  757,  831,  256,  956,  482,  565,  494,  789,  396,  751,    0,  860,  661,  978,  502,  310,  912, 1099,  601,  817,  226,  875,  599,  404,  814],
        [  534,  534,  648,  256,  266,  886,  810,  777,  263,  782,  564,  879,  253,  917,   75,  896,  595,  302,  606,  415,  292,  615,  197,  547,  472,  319,  624,  552,  650,  327,  852,  843,  508,  412,  296,  601,  458,  754,  769,  860,    0,  217,  369,  452,  643,  843,  257,  462,  578,  645,  563,  573,  513,  508],
        [  343,  343,  442,  367,  251,  706,  688,  580,  150,  593,  363,  677,  112,  727,  143,  680,  379,  233,  471,  200,  382,  399,   22,  481,  270,  123,  413,  389,  459,  215,  693,  627,  457,  275,  112,  506,  342,  539,  603,  661,  217,    0,  383,  238,  427,  705,  439,  273,  454,  458,  463,  385,  297,  394],
        [  444,  444,  753,  175,  595,  694,  514,  904,  526,  628,  696,  759,  492,  749,  361,  896,  610,  601,  367,  463,  135,  630,  370,  217,  613,  358,  581,  384,  526,  221,  612,  860,  170,  657,  491,  888,  243,  716,  558,  978,  369,  383,    0,  477,  685,  568,  321,  396,  326,  808,  276,  461,  574,  263],
        [  153,  153,  280,  538,  431,  501,  565,  431,  309,  380,  238,  445,  277,  509,  379,  453,  149,  383,  358,   40,  536,  170,  256,  464,  181,  144,  177,  248,  252,  257,  520,  406,  464,  328,  220,  550,  299,  302,  424,  502,  452,  238,  477,    0,  213,  559,  644,  118,  363,  355,  406,  193,   99,  336],
        [  277,  277,  126,  751,  551,  489,  659,  254,  441,  371,  166,  365,  422,  466,  569,  255,   80,  489,  489,  240,  749,   65,  447,  640,  208,  354,  159,  382,  295,  466,  560,  201,  649,  381,  364,  536,  482,  168,  471,  310,  643,  427,  685,  213,    0,  629,  853,  296,  509,  246,  566,  291,  131,  506],
        [  407,  407,  752,  738,  951,  233,   76,  876,  835,  285,  760,  397,  796,  307,  793,  675,  564,  918,  238,  586,  702,  569,  709,  356,  733,  587,  472,  322,  336,  517,  100,  680,  403,  885,  752, 1106,  385,  519,  161,  912,  843,  705,  568,  559,  629,    0,  885,  455,  266,  866,  295,  369,  619,  337],
        [  680,  680,  880,  148,  518,  989,  834, 1017,  518,  905,  801, 1024,  503, 1036,  315, 1097,  793,  558,  670,  614,  187,  814,  418,  537,  708,  501,  798,  657,  785,  433,  922, 1049,  490,  668,  538,  855,  527,  935,  857, 1099,  257,  439,  321,  644,  853,  885,    0,  613,  632,  891,  591,  710,  724,  562],
        [   73,   73,  386,  489,  504,  434,  455,  535,  385,  322,  354,  420,  347,  457,  395,  502,  218,  466,  242,  136,  478,  237,  284,  352,  298,  151,  190,  136,  189,  187,  428,  465,  356,  433,  299,  662,  189,  327,  335,  601,  462,  273,  396,  118,  296,  455,  613,    0,  245,  470,  289,  113,  208,  220],
        [  234,  234,  617,  485,  704,  370,  236,  761,  594,  318,  595,  455,  554,  428,  530,  653,  431,  678,   42,  378,  454,  445,  455,  156,  543,  346,  361,  127,  251,  254,  290,  634,  189,  669,  518,  902,  121,  470,  233,  817,  578,  454,  326,  363,  509,  266,  632,  245,    0,  711,   68,  220,  448,   73],
        [  481,  481,  123,  824,  458,  734,  889,  143,  389,  616,  117,  603,  392,  708,  578,  406,  303,  392,  700,  354,  835,  299,  479,  819,  196,  451,  395,  588,  531,  592,  802,  347,  817,  257,  354,  315,  654,  404,  711,  226,  645,  458,  808,  355,  246,  866,  891,  470,  711,    0,  759,  508,  264,  690],
        [  290,  290,  669,  443,  713,  428,  250,  816,  609,  384,  642,  521,  569,  490,  523,  719,  487,  694,  107,  416,  409,  502,  462,   89,  583,  366,  422,  187,  317,  252,  337,  698,  125,  697,  539,  933,  123,  535,  291,  875,  563,  463,  276,  406,  566,  295,  591,  289,   68,  759,    0,  281,  496,   73],
        [   43,   43,  405,  578,  611,  322,  383,  545,  490,  210,  397,  315,  453,  345,  507,  446,  215,  568,  198,  225,  561,  227,  396,  361,  364,  263,  142,   95,   78,  278,  328,  420,  380,  520,  402,  738,  223,  262,  232,  599,  573,  385,  461,  193,  291,  369,  710,  113,  220,  508,  281,    0,  252,  230],
        [  220,  220,  182,  627,  440,  525,  635,  333,  324,  402,  148,  437,  300,  519,  439,  384,   96,  382,  438,  115,  628,  112,  317,  559,  121,  229,  173,  326,  290,  354,  567,  331,  560,  295,  241,  493,  395,  262,  472,  404,  513,  297,  574,   99,  131,  619,  724,  208,  448,  264,  496,  252,    0,  428],
        [  231,  231,  604,  416,  644,  433,  304,  752,  538,  368,  573,  502,  498,  487,  462,  675,  427,  623,  109,  344,  387,  443,  393,  135,  512,  293,  369,  138,  280,  187,  361,  649,  150,  624,  466,  860,   53,  490,  298,  814,  508,  394,  263,  336,  506,  337,  562,  220,   73,  690,   73,  230,  428,    0]
    ]
}
