{
    "name": "random-36-17363",
    "comment": "size=36 seed=17363",
    "nodes": ["+0", "-0", "+1", "-1", "+2", "-2", "+3", "-3", "+4", "-4", "+5", "-5", "+6", "-6", "+7", "-7", "+8", "-8", "+9", "-9", "+10", "-10", "+11", "-11", "+12", "-12", "+13", "-13", "+14", "-14", "+15", "-15", "+16", "-16", "+17", "-17", "+18", "-18", "+19", "-19", "+20", "-20", "+21", "-21", "+22", "-22", "+23", "-23", "+24", "-24", "+25", "-25", "+26", "-26", "+27", "-27", "+28", "-28", "+29", "-29", "+30", "-30", "+31", "-31", "+32", "-32", "+33", "-33", "+34", "-34", "+35", "-35", "+36", "-36"],
    "precedence": {
        "+0": "-0",
        "+1": "-1",
        "+2": "-2",
        "+3": "-3",
        "+4": "-4",
        "+5": "-5",
        "+6": "-6",
        "+7": "-7",
        "+8": "-8",
        "+9": "-9",
        "+10": "-10",
        "+11": "-11",
        "+12": "-12",
        "+13": "-13",
        "+14": "-14",
        "+15": "-15",
        "+16": "-16",
        "+17": "-17",
        "+18": "-18",
        "+19": "-19",
        "+20": "-20",
        "+21": "-21",
        "+22": "-22",
        "+23": "-23",
        "+24": "-24",
        "+25": "-25",
        "+26": "-26",
        "+27": "-27",
        "+28": "-28",
        "+29": "-29",
        "+30": "-30",
        "+31": "-31",
        "+32": "-32",
        "+33": "-33",
        "+34": "-34",
        "+35": "-35",
        "+36": "-36"
    },
    "edges": [
        [    0,    0,  227,  485,  616,   65,  355,  174,  787,  365,  470,  901,  739,  661,  450,  586,  962,  620,  328,  718,  919,  207,  983,  846,   66,  855,  796,  804,  313,  515,  378,  782, 1157,  221,  314,  141,  523,  219,  760,  379,  529,  540,  823,  586,  620,  974,  642,  132,  725,  366,  946,  730,  201,  701,  737,  712,  607,  781,  561,  496,  679,  256,  474,  756,  344,  952,  846,  184,  705,  560,  936,  577,  628,  678],
        [    0,    0,  227,  485,  616,   65,  355,  174,  787,  365,  470,  901,  739,  661,  450,  586,  962,  620,  328,  718,  919,  207,  983,  846,   66,  855,  796,  804,  313,  515,  378,  782, 1157,  221,  314,  141,  523,  219,  760,  379,  529,  540,  823,  586,  620,  974,  642,  132,  725,  366,  946,  730,  201,  701,  737,  712,  607,  781,  561,  496,  679,  256,  474,  756,  344,  952,  846,  184,  705,  560,  936,  577,  628,  678],
        [  227,  227,    0,  323,  584,  286,  472,  360,  636,  148,  309,  729,  672,  517,  534,  467,  778,  472,  467,  708,  885,  296,  780,  726,  221,  772,  655,  702,  485,  304,  487,  556,  962,  411,  113,  232,  412,  418,  678,  201,  489,  489,  809,  382,  568,  773,  431,  169,  742,  439,  847,  611,   50,  603,  643,  727,  411,  784,  338,  271,  459,  477,  271,  588,  311,  764,  777,   75,  574,  434,  876,  396,  666,  484],
        [  485,  485,  323,    0,  373,  549,  506,  525,  315,  340,   15,  417,  404,  196,  501,  168,  479,  151,  532,  503,  633,  392,  515,  410,  438,  479,  333,  398,  592,  423,  506,  458,  678,  564,  213,  388,  138,  583,  392,  122,  295,  280,  586,  163,  333,  504,  226,  359,  569,  430,  540,  299,  371,  310,  349,  552,  153,  585,  385,  329,  485,  673,  431,  273,  243,  470,  497,  314,  257,  132,  598,  101,  534,  210],
        [  616,  616,  584,  373,    0,  665,  384,  540,  392,  669,  375,  536,  147,  320,  301,  241,  625,  325,  433,  132,  306,  420,  731,  340,  551,  271,  367,  266,  512,  783,  366,  814,  830,  548,  510,  476,  238,  573,  192,  440,   95,   99,  226,  517,   55,  714,  570,  499,  200,  307,  377,  268,  622,  196,  204,  183,  487,  214,  755,  694,  858,  670,  781,  436,  283,  632,  244,  530,  293,  264,  324,  424,  199,  503],
        [   65,   65,  286,  549,  665,    0,  374,  176,  850,  417,  535,  965,  792,  723,  476,  647, 1027,  683,  340,  761,  966,  248, 1048,  906,  120,  910,  858,  862,  310,  563,  398,  840, 1222,  215,  377,  192,  584,  205,  815,  443,  581,  593,  866,  650,  673, 1038,  705,  194,  762,  398, 1003,  790,  254,  759,  794,  750,  671,  821,  614,  551,  730,  217,  520,  820,  399, 1016,  899,  247,  767,  622,  987,  642,  662,  742],
        [  355,  355,  472,  506,  384,  374,    0,  204,  709,  612,  496,  850,  530,  595,  108,  498,  932,  572,   51,  436,  646,  177, 1003,  705,  300,  654,  698,  638,  130,  765,   25,  939, 1142,  187,  476,  247,  445,  211,  570,  472,  336,  359,  535,  663,  417,  989,  727,  308,  412,   85,  759,  606,  481,  547,  570,  403,  658,  479,  778,  707,  901,  299,  739,  718,  263,  931,  625,  397,  607,  493,  694,  602,  306,  711],
        [  174,  174,  360,  525,  540,  176,  204,    0,  793,  507,  512,  923,  678,  668,  309,  579,  995,  634,  166,  618,  828,  139, 1040,  822,  143,  802,  792,  767,  139,  663,  228,  896, 1200,   52,  412,  145,  517,   61,  710,  447,  467,  485,  722,  659,  558, 1028,  721,  199,  607,  244,  902,  712,  350,  667,  698,  596,  668,  670,  696,  627,  818,  149,  627,  780,  314,  989,  781,  294,  699,  562,  862,  625,  503,  733],
        [  787,  787,  636,  315,  392,  850,  709,  793,    0,  634,  328,  146,  301,  127,  659,  215,  234,  168,  749,  476,  492,  654,  346,  146,  734,  284,   42,  195,  823,  674,  700,  547,  442,  822,  526,  672,  276,  845,  253,  436,  385,  360,  506,  324,  338,  328,  336,  657,  566,  624,  286,  126,  685,  200,  210,  552,  279,  543,  609,  578,  667,  941,  697,   85,  480,  241,  331,  626,  104,  232,  412,  254,  590,  233],
        [  365,  365,  148,  340,  669,  417,  612,  507,  634,    0,  330,  700,  733,  529,  665,  505,  734,  484,  611,  799,  957,  438,  710,  746,  366,  818,  660,  738,  632,  157,  626,  432,  899,  558,  160,  378,  462,  565,  728,  234,  576,  571,  894,  331,  643,  706,  363,  316,  845,  572,  879,  638,  164,  647,  687,  828,  371,  878,  198,  138,  315,  619,  128,  571,  419,  716,  832,  219,  594,  469,  933,  381,  779,  440],
        [  470,  470,  309,   15,  375,  535,  496,  512,  328,  330,    0,  431,  410,  209,  494,  176,  493,  164,  522,  506,  639,  380,  528,  422,  424,  488,  346,  408,  580,  417,  497,  463,  692,  551,  200,  375,  142,  570,  401,  109,  295,  280,  589,  170,  336,  517,  233,  344,  570,  421,  551,  310,  358,  318,  358,  553,  163,  588,  382,  324,  484,  659,  423,  287,  234,  484,  505,  300,  269,  140,  606,  114,  532,  222],
        [  901,  901,  729,  417,  536,  965,  850,  923,  146,  700,  431,    0,  434,  257,  804,  353,   90,  289,  889,  613,  600,  784,  220,  242,  851,  390,  171,  314,  961,  709,  842,  513,  296,  954,  617,  795,  410,  977,  383,  532,  530,  505,  632,  370,  482,  202,  355,  773,  704,  765,  355,  269,  777,  342,  345,  690,  329,  675,  634,  618,  666, 1071,  740,  145,  612,  103,  443,  729,  249,  363,  508,  333,  733,  262],
        [  739,  739,  672,  404,  147,  792,  530,  678,  301,  733,  410,  434,    0,  276,  447,  239,  524,  301,  579,  180,  230,  552,  646,  210,  675,  125,  266,  131,  658,  827,  513,  798,  719,  690,  583,  601,  272,  716,   53,  500,  213,  200,  209,  516,  121,  628,  557,  614,  271,  452,  230,  179,  715,  113,   92,  259,  478,  243,  784,  731,  873,  813,  833,  366,  396,  536,  108,  629,  223,  273,  204,  421,  318,  471],
        [  661,  661,  517,  196,  320,  723,  595,  668,  127,  529,  209,  257,  276,    0,  555,   98,  337,   46,  633,  428,  499,  530,  420,  218,  607,  313,  139,  223,  705,  589,  588,  522,  547,  699,  408,  546,  153,  721,  244,  317,  288,  263,  483,  251,  266,  404,  285,  530,  512,  511,  354,  118,  565,  163,  195,  497,  208,  505,  533,  491,  610,  817,  605,  125,  356,  337,  345,  501,   69,  107,  441,  161,  515,  196],
        [  450,  450,  534,  501,  301,  476,  108,  309,  659,  665,  494,  804,  447,  555,    0,  459,  889,  540,  156,  335,  544,  253,  973,  636,  390,  569,  643,  564,  230,  813,   84,  953, 1099,  295,  517,  327,  415,  319,  492,  494,  275,  300,  431,  663,  342,  958,  727,  381,  305,   95,  676,  547,  551,  482,  499,  297,  652,  373,  816,  745,  936,  405,  792,  680,  270,  891,  535,  461,  556,  460,  598,  591,  198,  695],
        [  586,  586,  467,  168,  241,  647,  498,  579,  215,  505,  176,  353,  239,   98,  459,    0,  434,   87,  537,  362,  469,  441,  516,  263,  529,  313,  214,  236,  609,  589,  491,  576,  644,  608,  365,  464,   64,  631,  225,  276,  194,  170,  432,  283,  190,  500,  332,  455,  439,  414,  381,  146,  514,  143,  183,  423,  250,  442,  546,  494,  637,  727,  598,  222,  266,  434,  330,  440,  121,   36,  431,  188,  430,  263],
        [  962,  962,  778,  479,  625, 1027,  932,  995,  234,  734,  493,   90,  524,  337,  889,  434,    0,  364,  970,  703,  683,  857,  145,  328,  916,  474,  260,  401, 1040,  725,  925,  492,  211, 1029,  667,  864,  488, 1050,  472,  587,  616,  591,  719,  405,  571,  128,  376,  837,  793,  847,  429,  358,  827,  431,  435,  780,  370,  763,  645,  639,  661, 1144,  760,  216,  688,   27,  528,  786,  336,  441,  588,  386,  822,  297],
        [  620,  620,  472,  151,  325,  683,  572,  634,  168,  484,  164,  289,  301,   46,  540,   87,  364,    0,  608,  442,  528,  496,  434,  262,  568,  350,  183,  262,  677,  548,  567,  499,  572,  667,  363,  509,  127,  689,  275,  272,  280,  257,  504,  217,  273,  419,  257,  490,  522,  489,  397,  158,  521,  191,  227,  506,  177,  520,  495,  450,  576,  783,  563,  148,  325,  361,  378,  458,  111,   80,  476,  123,  516,  179],
        [  328,  328,  467,  532,  433,  340,   51,  166,  749,  611,  522,  889,  579,  633,  156,  537,  970,  608,    0,  486,  696,  174, 1036,  750,  279,  703,  741,  685,   80,  766,   73,  955, 1179,  142,  484,  236,  482,  165,  618,  488,  381,  404,  585,  686,  464, 1022,  750,  299,  460,  129,  808,  649,  471,  593,  617,  452,  685,  528,  784,  713,  907,  250,  737,  755,  291,  968,  674,  393,  648,  529,  744,  631,  353,  740],
        [  718,  718,  708,  503,  132,  761,  436,  618,  476,  799,  506,  613,  180,  428,  335,  362,  703,  442,  486,    0,  211,  514,  821,  388,  652,  272,  444,  309,  564,  915,  414,  938,  899,  617,  639,  578,  367,  642,  233,  571,  223,  230,  106,  643,  173,  804,  694,  609,   91,  375,  375,  351,  743,  279,  268,   79,  611,   83,  886,  825,  988,  734,  912,  534,  400,  714,  224,  650,  388,  389,  267,  549,  158,  620],
        [  919,  919,  885,  633,  306,  966,  646,  828,  492,  957,  639,  600,  230,  499,  544,  469,  683,  528,  696,  211,    0,  718,  820,  359,  854,  211,  451,  297,  773, 1056,  624, 1019,  852,  827,  803,  779,  499,  853,  255,  724,  400,  397,  116,  744,  318,  802,  782,  804,  254,  585,  270,  388,  925,  337,  304,  256,  704,  184, 1014,  961, 1102,  944, 1061,  569,  588,  701,  161,  834,  438,  503,  106,  649,  355,  692],
        [  207,  207,  296,  392,  420,  248,  177,  139,  654,  438,  380,  784,  552,  530,  253,  441,  857,  496,  174,  514,  718,    0,  907,  686,  143,  673,  654,  633,  209,  593,  194,  790, 1063,  173,  312,   75,  379,  194,  579,  327,  339,  354,  619,  534,  431,  894,  598,  132,  518,  163,  771,  574,  305,  532,  564,  505,  540,  575,  612,  541,  735,  288,  564,  642,  176,  852,  657,  221,  560,  423,  743,  493,  422,  602],
        [  983,  983,  780,  515,  731, 1048, 1003, 1040,  346,  710,  528,  220,  646,  420,  973,  516,  145,  434, 1036,  821,  820,  907,    0,  462,  945,  609,  381,  530, 1101,  670,  999,  393,  191, 1078,  675,  901,  560, 1098,  597,  606,  708,  683,  848,  399,  676,   19,  352,  865,  911,  921,  571,  471,  826,  544,  555,  897,  377,  888,  586,  596,  577, 1187,  712,  297,  747,  122,  662,  801,  439,  514,  728,  415,  929,  308],
        [  846,  846,  726,  410,  340,  906,  705,  822,  146,  746,  422,  242,  210,  218,  636,  263,  328,  262,  750,  388,  359,  686,  462,    0,  787,  148,  105,   79,  828,  803,  691,  692,  513,  844,  620,  719,  324,  868,  157,  529,  369,  347,  393,  457,  294,  444,  476,  715,  478,  621,  142,  117,  774,  158,  137,  467,  412,  441,  743,  705,  808,  966,  821,  230,  513,  344,  201,  702,  153,  294,  272,  375,  526,  375],
        [   66,   66,  221,  438,  551,  120,  300,  143,  734,  366,  424,  851,  675,  607,  390,  529,  916,  568,  279,  652,  854,  143,  945,  787,    0,  792,  740,  742,  277,  521,  322,  768, 1115,  194,  287,   75,  466,  199,  697,  340,  464,  476,  758,  552,  556,  935,  610,   80,  660,  304,  884,  671,  208,  640,  675,  647,  568,  716,  558,  490,  679,  260,  485,  707,  280,  907,  782,  160,  649,  504,  871,  534,  565,  638],
        [  855,  855,  772,  479,  271,  910,  654,  802,  284,  818,  488,  390,  125,  313,  569,  313,  474,  350,  703,  272,  211,  673,  609,  148,  792,    0,  243,   93,  783,  895,  637,  822,  652,  814,  675,  719,  361,  840,   97,  588,  335,  319,  253,  563,  244,  591,  593,  729,  358,  576,  107,  195,  817,  171,  131,  349,  520,  310,  844,  798,  921,  937,  908,  364,  512,  491,   56,  735,  246,  349,  131,  472,  425,  497],
        [  796,  796,  655,  333,  367,  858,  698,  792,   42,  660,  346,  171,  266,  139,  643,  214,  260,  183,  741,  444,  451,  654,  381,  105,  740,  243,    0,  155,  816,  707,  688,  588,  464,  819,  545,  677,  277,  843,  217,  454,  369,  344,  468,  358,  314,  362,  373,  665,  534,  614,  246,   99,  703,  172,  176,  520,  312,  508,  644,  610,  705,  940,  728,  126,  479,  271,  290,  639,   94,  236,  371,  282,  563,  271],
        [  804,  804,  702,  398,  266,  862,  638,  767,  195,  738,  408,  314,  131,  223,  564,  236,  401,  262,  685,  309,  297,  633,  530,   79,  742,   93,  155,    0,  764,  809,  624,  730,  591,  785,  601,  672,  291,  810,   78,  512,  305,  285,  319,  472,  223,  512,  501,  674,  400,  556,  146,  105,  748,  103,   70,  388,  429,  364,  755,  711,  830,  908,  823,  273,  464,  416,  137,  671,  155,  271,  224,  383,  447,  404],
        [  313,  313,  485,  592,  512,  310,  130,  139,  823,  632,  580,  961,  658,  705,  230,  609, 1040,  677,   80,  564,  773,  209, 1101,  828,  277,  783,  816,  764,    0,  788,  150,  999, 1249,   96,  518,  254,  552,  110,  698,  536,  460,  482,  661,  740,  544, 1088,  804,  317,  534,  208,  888,  726,  481,  671,  696,  526,  742,  602,  814,  744,  937,  178,  755,  824,  355, 1037,  754,  414,  723,  599,  823,  692,  427,  801],
        [  515,  515,  304,  423,  783,  563,  765,  663,  674,  157,  417,  709,  827,  589,  813,  589,  725,  548,  766,  915, 1056,  593,  670,  803,  521,  895,  707,  809,  788,    0,  778,  328,  860,  714,  297,  534,  558,  720,  813,  346,  695,  686, 1004,  351,  750,  670,  354,  472,  970,  721,  942,  705,  316,  729,  768,  953,  396,  996,   85,   98,  171,  771,   51,  598,  557,  703,  918,  375,  657,  554, 1018,  429,  913,  452],
        [  378,  378,  487,  506,  366,  398,   25,  228,  700,  626,  497,  842,  513,  588,   84,  491,  925,  567,   73,  414,  624,  194,  999,  691,  322,  637,  688,  624,  150,  778,    0,  945, 1135,  212,  487,  266,  440,  235,  555,  479,  323,  347,  513,  665,  401,  984,  729,  325,  388,   79,  743,  595,  498,  534,  556,  380,  659,  456,  789,  718,  911,  322,  753,  711,  264,  925,  606,  413,  597,  487,  674,  602,  282,  709],
        [  782,  782,  556,  458,  814,  840,  939,  896,  547,  432,  463,  513,  798,  522,  953,  576,  492,  499,  955,  938, 1019,  790,  393,  692,  768,  822,  588,  730,  999,  328,  945,    0,  574,  945,  485,  754,  581,  957,  765,  468,  748,  729, 1003,  300,  766,  399,  245,  699, 1014,  873,  831,  632,  588,  685,  716,  997,  328, 1018,  248,  295,  192, 1027,  378,  462,  685,  466,  862,  608,  582,  551,  953,  390,  989,  328],
        [ 1157, 1157,  962,  678,  830, 1222, 1142, 1200,  442,  899,  692,  296,  719,  547, 1099,  644,  211,  572, 1179,  899,  852, 1063,  191,  513, 1115,  652,  464,  591, 1249,  860, 1135,  574,    0, 1235,  854, 1066,  698, 1256,  666,  779,  825,  800,  903,  581,  777,  193,  538, 1035,  989, 1058,  585,  563, 1009,  635,  634,  977,  553,  954,  777,  787,  762, 1349,  903,  425,  896,  212,  707,  978,  545,  651,  751,  581, 1026,  481],
        [  221,  221,  411,  564,  548,  215,  187,   52,  822,  558,  551,  954,  690,  699,  295,  608, 1029,  667,  142,  617,  827,  173, 1078,  844,  194,  814,  819,  785,   96,  714,  212,  945, 1235,    0,  460,  192,  547,   26,  725,  491,  482,  501,  719,  702,  571, 1066,  764,  248,  598,  244,  916,  735,  401,  687,  716,  589,  710,  664,  747,  677,  869,  123,  678,  813,  343, 1024,  791,  344,  726,  592,  868,  664,  492,  773],
        [  314,  314,  113,  213,  510,  377,  476,  412,  526,  160,  200,  617,  583,  408,  517,  365,  667,  363,  484,  639,  803,  312,  675,  620,  287,  675,  545,  601,  518,  297,  487,  485,  854,  460,    0,  269,  315,  472,  583,   92,  417,  413,  736,  276,  487,  666,  329,  214,  685,  426,  745,  506,  162,  505,  545,  668,  301,  719,  303,  231,  425,  545,  282,  476,  262,  654,  685,  130,  467,  331,  785,  284,  620,  374],
        [  141,  141,  232,  388,  476,  192,  247,  145,  672,  378,  375,  795,  601,  546,  327,  464,  864,  509,  236,  578,  779,   75,  901,  719,   75,  719,  677,  672,  254,  534,  266,  754, 1066,  192,  269,    0,  401,  205,  624,  303,  390,  402,  683,  516,  482,  890,  577,   64,  588,  237,  813,  604,  235,  569,  604,  574,  527,  643,  561,  490,  683,  287,  503,  651,  208,  856,  708,  160,  584,  441,  797,  487,  494,  594],
        [  523,  523,  412,  138,  238,  584,  445,  517,  276,  462,  142,  410,  272,  153,  415,   64,  488,  127,  482,  367,  499,  379,  560,  324,  466,  361,  277,  291,  552,  558,  440,  581,  698,  547,  315,  401,    0,  570,  269,  229,  169,  149,  448,  282,  196,  546,  338,  392,  436,  362,  437,  207,  458,  192,  232,  419,  256,  449,  523,  465,  622,  666,  562,  273,  204,  487,  372,  381,  184,   48,  472,  192,  411,  286],
        [  219,  219,  418,  583,  573,  205,  211,   61,  845,  565,  570,  977,  716,  721,  319,  631, 1050,  689,  165,  642,  853,  194, 1098,  868,  199,  840,  843,  810,  110,  720,  235,  957, 1256,   26,  472,  205,  570,    0,  750,  507,  507,  526,  744,  719,  597, 1086,  781,  259,  622,  270,  942,  759,  406,  712,  741,  613,  728,  689,  755,  687,  877,   98,  683,  835,  366, 1045,  816,  353,  749,  615,  893,  683,  516,  792],
        [  760,  760,  678,  392,  192,  815,  570,  710,  253,  728,  401,  383,   53,  244,  492,  225,  472,  275,  618,  233,  255,  579,  597,  157,  697,   97,  217,   78,  698,  813,  555,  765,  666,  725,  583,  624,  269,  750,    0,  497,  243,  226,  253,  491,  155,  579,  528,  633,  323,  490,  192,  136,  722,   85,   50,  311,  451,  292,  766,  717,  850,  847,  823,  323,  417,  485,  106,  639,  184,  261,  206,  397,  370,  438],
        [  379,  379,  201,  122,  440,  443,  472,  447,  436,  234,  109,  532,  500,  317,  494,  276,  587,  272,  488,  571,  724,  327,  606,  529,  340,  588,  454,  512,  536,  346,  479,  468,  779,  491,   92,  303,  229,  507,  497,    0,  350,  342,  663,  214,  411,  596,  274,  261,  625,  409,  655,  415,  250,  417,  457,  608,  229,  652,  329,  262,  445,  589,  341,  389,  226,  575,  600,  200,  376,  241,  701,  201,  570,  300],
        [  529,  529,  489,  295,   95,  581,  336,  467,  385,  576,  295,  530,  213,  288,  275,  194,  616,  280,  381,  223,  400,  339,  708,  369,  464,  335,  369,  305,  460,  695,  323,  748,  825,  482,  417,  390,  169,  507,  243,  350,    0,   26,  321,  449,   93,  692,  506,  408,  277,  252,  435,  273,  527,  212,  237,  260,  424,  303,  671,  607,  777,  605,  690,  411,  190,  620,  319,  436,  282,  207,  408,  361,  242,  452],
        [  540,  540,  489,  280,   99,  593,  359,  485,  360,  571,  280,  505,  200,  263,  300,  170,  591,  257,  404,  230,  397,  354,  683,  347,  476,  319,  344,  285,  482,  686,  347,  729,  800,  501,  413,  402,  149,  526,  226,  342,   26,    0,  324,  430,   82,  667,  487,  417,  290,  275,  418,  249,  529,  189,  216,  273,  405,  311,  659,  597,  763,  624,  683,  386,  198,  594,  307,  439,  257,  185,  398,  341,  263,  430],
        [  823,  823,  809,  586,  226,  866,  535,  722,  506,  894,  589,  632,  209,  483,  431,  432,  719,  504,  585,  106,  116,  619,  848,  393,  758,  253,  468,  319,  661, 1004,  513, 1003,  903,  719,  736,  683,  448,  744,  253,  663,  321,  324,    0,  715,  254,  830,  760,  714,  139,  478,  341,  387,  845,  322,  299,  140,  679,   70,  970,  912, 1067,  834, 1004,  574,  503,  734,  198,  753,  432,  463,  199,  619,  240,  678],
        [  586,  586,  382,  163,  517,  650,  663,  659,  324,  331,  170,  370,  516,  251,  663,  283,  405,  217,  686,  643,  744,  534,  399,  457,  552,  563,  358,  472,  740,  351,  665,  300,  581,  702,  276,  516,  282,  719,  491,  214,  449,  430,  715,    0,  471,  392,   65,  474,  716,  589,  598,  368,  428,  407,  443,  700,   46,  724,  287,  255,  360,  802,  376,  249,  401,  388,  594,  404,  318,  255,  691,   96,  690,  109],
        [  620,  620,  568,  333,   55,  673,  417,  558,  338,  643,  336,  482,  121,  266,  342,  190,  571,  273,  464,  173,  318,  431,  676,  294,  556,  244,  314,  223,  544,  750,  401,  766,  777,  571,  487,  482,  196,  597,  155,  411,   93,   82,  254,  471,    0,  659,  522,  498,  250,  336,  346,  215,  608,  144,  158,  234,  439,  255,  717,  658,  817,  694,  751,  381,  279,  578,  227,  519,  238,  216,  317,  377,  254,  451],
        [  974,  974,  773,  504,  714, 1038,  989, 1028,  328,  706,  517,  202,  628,  404,  958,  500,  128,  419, 1022,  804,  802,  894,   19,  444,  935,  591,  362,  512, 1088,  670,  984,  399,  193, 1066,  666,  890,  546, 1086,  579,  596,  692,  667,  830,  392,  659,    0,  346,  855,  893,  906,  553,  454,  819,  527,  537,  879,  368,  870,  587,  594,  581, 1176,  711,  281,  734,  104,  644,  793,  422,  499,  710,  404,  912,  298],
        [  642,  642,  431,  226,  570,  705,  727,  721,  336,  363,  233,  355,  557,  285,  727,  332,  376,  257,  750,  694,  782,  598,  352,  476,  610,  593,  373,  501,  804,  354,  729,  245,  538,  764,  329,  577,  338,  781,  528,  274,  506,  487,  760,   65,  522,  346,    0,  533,  770,  654,  618,  399,  476,  446,  479,  753,   83,  774,  280,  265,  332,  863,  387,  254,  466,  356,  628,  459,  348,  307,  723,  147,  748,  103],
        [  132,  132,  169,  359,  499,  194,  308,  199,  657,  316,  344,  773,  614,  530,  381,  455,  837,  490,  299,  609,  804,  132,  865,  715,   80,  729,  665,  674,  317,  472,  325,  699, 1035,  248,  214,   64,  392,  259,  633,  261,  408,  417,  714,  474,  498,  855,  533,    0,  627,  289,  818,  599,  174,  571,  608,  612,  489,  678,  500,  430,  622,  332,  440,  628,  219,  827,  722,   98,  574,  429,  814,  454,  538,  558],
        [  725,  725,  742,  569,  200,  762,  412,  607,  566,  845,  570,  704,  271,  512,  305,  439,  793,  522,  460,   91,  254,  518,  911,  478,  660,  358,  534,  400,  534,  970,  388, 1014,  989,  598,  685,  588,  436,  622,  323,  625,  277,  290,  139,  716,  250,  893,  770,  627,    0,  365,  458,  440,  774,  367,  359,   18,  687,   71,  947,  884, 1053,  709,  963,  622,  432,  804,  307,  680,  476,  464,  332,  624,  108,  701],
        [  366,  366,  439,  430,  307,  398,   85,  244,  624,  572,  421,  765,  452,  511,   95,  414,  847,  489,  129,  375,  585,  163,  921,  621,  304,  576,  614,  556,  208,  721,   79,  873, 1058,  244,  426,  237,  362,  270,  490,  409,  252,  275,  478,  589,  336,  906,  654,  289,  365,    0,  681,  521,  457,  464,  488,  353,  582,  427,  726,  655,  847,  364,  699,  634,  189,  847,  550,  367,  522,  409,  624,  525,  264,  632],
        [  946,  946,  847,  540,  377, 1003,  759,  902,  286,  879,  551,  355,  230,  354,  676,  381,  429,  397,  808,  375,  270,  771,  571,  142,  884,  107,  246,  146,  888,  942,  743,  831,  585,  916,  745,  813,  437,  942,  192,  655,  435,  418,  341,  598,  346,  553,  618,  818,  458,  681,    0,  242,  894,  248,  210,  451,  553,  404,  884,  845,  950, 1039,  959,  371,  605,  450,  152,  816,  287,  415,  167,  514,  530,  516],
        [  730,  730,  611,  299,  268,  790,  606,  712,  126,  638,  310,  269,  179,  118,  547,  146,  358,  158,  649,  351,  388,  574,  471,  117,  671,  195,   99,  105,  726,  705,  595,  632,  563,  735,  506,  604,  207,  759,  136,  415,  273,  249,  387,  368,  215,  454,  399,  599,  440,  521,  242,    0,  658,   74,   88,  426,  325,  420,  651,  608,  727,  857,  720,  188,  400,  367,  230,  585,   51,  178,  324,  279,  465,  305],
        [  201,  201,   50,  371,  622,  254,  481,  350,  685,  164,  358,  777,  715,  565,  551,  514,  827,  521,  471,  743,  925,  305,  826,  774,  208,  817,  703,  748,  481,  316,  498,  588, 1009,  401,  162,  235,  458,  406,  722,  250,  527,  529,  845,  428,  608,  819,  476,  174,  774,  457,  894,  658,    0,  649,  689,  759,  458,  818,  361,  298,  479,  455,  278,  637,  344,  812,  821,   95,  623,  481,  919,  445,  693,  531],
        [  701,  701,  603,  310,  196,  759,  547,  667,  200,  647,  318,  342,  113,  163,  482,  143,  431,  191,  593,  279,  337,  532,  544,  158,  640,  171,  172,  103,  671,  729,  534,  685,  635,  687,  505,  569,  192,  712,   85,  417,  212,  189,  322,  407,  144,  527,  446,  571,  367,  464,  248,   74,  649,    0,   41,  353,  368,  349,  682,  633,  766,  810,  739,  257,  362,  440,  190,  570,  111,  179,  290,  313,  392,  359],
        [  737,  737,  643,  349,  204,  794,  570,  698,  210,  687,  358,  345,   92,  195,  499,  183,  435,  227,  617,  268,  304,  564,  555,  137,  675,  131,  176,   70,  696,  768,  556,  716,  634,  716,  545,  604,  232,  741,   50,  457,  237,  216,  299,  443,  158,  537,  479,  608,  359,  488,  210,   88,  689,   41,    0,  345,  402,  334,  719,  671,  802,  839,  779,  276,  396,  446,  152,  609,  135,  218,  251,  349,  394,  388],
        [  712,  712,  727,  552,  183,  750,  403,  596,  552,  828,  553,  690,  259,  497,  297,  423,  780,  506,  452,   79,  256,  505,  897,  467,  647,  349,  520,  388,  526,  953,  380,  997,  977,  589,  668,  574,  419,  613,  311,  608,  260,  273,  140,  700,  234,  879,  753,  612,   18,  353,  451,  426,  759,  353,  345,    0,  670,   77,  930,  867, 1036,  701,  946,  607,  417,  791,  299,  664,  461,  447,  330,  607,  101,  685],
        [  607,  607,  411,  153,  487,  671,  658,  668,  279,  371,  163,  329,  478,  208,  652,  250,  370,  177,  685,  611,  704,  540,  377,  412,  568,  520,  312,  429,  742,  396,  659,  328,  553,  710,  301,  527,  256,  728,  451,  229,  424,  405,  679,   46,  439,  368,   83,  489,  687,  582,  553,  325,  458,  368,  402,  670,    0,  691,  332,  300,  402,  814,  420,  205,  396,  355,  552,  426,  275,  224,  649,   64,  666,   73],
        [  781,  781,  784,  585,  214,  821,  479,  670,  543,  878,  588,  675,  243,  505,  373,  442,  763,  520,  528,   83,  184,  575,  888,  441,  716,  310,  508,  364,  602,  996,  456, 1018,  954,  664,  719,  643,  449,  689,  292,  652,  303,  311,   70,  724,  255,  870,  774,  678,   71,  427,  404,  420,  818,  349,  334,   77,  691,    0,  968,  907, 1070,  777,  993,  605,  475,  777,  256,  724,  460,  470,  267,  630,  177,  698],
        [  561,  561,  338,  385,  755,  614,  778,  696,  609,  198,  382,  634,  784,  533,  816,  546,  645,  495,  784,  886, 1014,  612,  586,  743,  558,  844,  644,  755,  814,   85,  789,  248,  777,  747,  303,  561,  523,  755,  766,  329,  671,  659,  970,  287,  717,  587,  280,  500,  947,  726,  884,  651,  361,  682,  719,  930,  332,  968,    0,   72,  124,  814,  132,  530,  551,  623,  871,  403,  601,  512,  970,  373,  898,  381],
        [  496,  496,  271,  329,  694,  551,  707,  627,  578,  138,  324,  618,  731,  491,  745,  494,  639,  450,  713,  825,  961,  541,  596,  705,  490,  798,  610,  711,  744,   98,  718,  295,  787,  677,  231,  490,  465,  687,  717,  262,  607,  597,  912,  255,  658,  594,  265,  430,  884,  655,  845,  608,  298,  633,  671,  867,  300,  907,   72,    0,  195,  748,  123,  503,  482,  618,  822,  334,  559,  459,  922,  331,  832,  359],
        [  679,  679,  459,  485,  858,  730,  901,  818,  667,  315,  484,  666,  873,  610,  936,  637,  661,  576,  907,  988, 1102,  735,  577,  808,  679,  921,  705,  830,  937,  171,  911,  192,  762,  869,  425,  683,  622,  877,  850,  445,  777,  763, 1067,  360,  817,  581,  332,  622, 1053,  847,  950,  727,  479,  766,  802, 1036,  402, 1070,  124,  195,    0,  934,  220,  584,  669,  636,  953,  526,  676,  605, 1050,  454, 1010,  435],
        [  256,  256,  477,  673,  670,  217,  299,  149,  941,  619,  659, 1071,  813,  817,  405,  727, 1144,  783,  250,  734,  944,  288, 1187,  966,  260,  937,  940,  908,  178,  771,  322, 1027, 1349,  123,  545,  287,  666,   98,  847,  589,  605,  624,  834,  802,  694, 1176,  863,  332,  709,  364, 1039,  857,  455,  810,  839,  701,  814,  777,  814,  748,  934,    0,  730,  929,  462, 1138,  913,  420,  846,  710,  988,  772,  602,  880],
        [  474,  474,  271,  431,  781,  520,  739,  627,  697,  128,  423,  740,  833,  605,  792,  598,  760,  563,  737,  912, 1061,  564,  712,  821,  485,  908,  728,  823,  755,   51,  753,  378,  903,  678,  282,  503,  562,  683,  823,  341,  690,  683, 1004,  376,  751,  711,  387,  440,  963,  699,  959,  720,  278,  739,  779,  946,  420,  993,  132,  123,  220,  730,    0,  624,  542,  739,  928,  344,  673,  562, 1028,  447,  901,  481],
        [  756,  756,  588,  273,  436,  820,  718,  780,   85,  571,  287,  145,  366,  125,  680,  222,  216,  148,  755,  534,  569,  642,  297,  230,  707,  364,  126,  273,  824,  598,  711,  462,  425,  813,  476,  651,  273,  835,  323,  389,  411,  386,  574,  249,  381,  281,  254,  628,  622,  634,  371,  188,  637,  257,  276,  607,  205,  605,  530,  503,  584,  929,  624,    0,  472,  214,  409,  586,  147,  226,  494,  194,  633,  151],
        [  344,  344,  311,  243,  283,  399,  263,  314,  480,  419,  234,  612,  396,  356,  270,  266,  688,  325,  291,  400,  588,  176,  747,  513,  280,  512,  479,  464,  355,  557,  264,  685,  896,  343,  262,  208,  204,  366,  417,  226,  190,  198,  503,  401,  279,  734,  466,  219,  432,  189,  605,  400,  344,  362,  396,  417,  396,  475,  551,  482,  669,  462,  542,  472,    0,  684,  503,  250,  385,  250,  596,  341,  360,  450],
        [  952,  952,  764,  470,  632, 1016,  931,  989,  241,  716,  484,  103,  536,  337,  891,  434,   27,  361,  968,  714,  701,  852,  122,  344,  907,  491,  271,  416, 1037,  703,  925,  466,  212, 1024,  654,  856,  487, 1045,  485,  575,  620,  594,  734,  388,  578,  104,  356,  827,  804,  847,  450,  367,  812,  440,  446,  791,  355,  777,  623,  618,  636, 1138,  739,  214,  684,    0,  545,  774,  341,  439,  607,  375,  830,  282],
        [  846,  846,  777,  497,  244,  899,  625,  781,  331,  832,  505,  443,  108,  345,  535,  330,  528,  378,  674,  224,  161,  657,  662,  201,  782,   56,  290,  137,  754,  918,  606,  862,  707,  791,  685,  708,  372,  816,  106,  600,  319,  307,  198,  594,  227,  644,  628,  722,  307,  550,  152,  230,  821,  190,  152,  299,  552,  256,  871,  822,  953,  913,  928,  409,  503,  545,    0,  736,  281,  366,  101,  501,  380,  535],
        [  184,  184,   75,  314,  530,  247,  397,  294,  626,  219,  300,  729,  629,  501,  461,  440,  786,  458,  393,  650,  834,  221,  801,  702,  160,  735,  639,  671,  414,  375,  413,  608,  978,  344,  130,  160,  381,  353,  639,  200,  436,  439,  753,  404,  519,  793,  459,   98,  680,  367,  816,  585,   95,  570,  609,  664,  426,  724,  403,  334,  526,  420,  344,  586,  250,  774,  736,    0,  554,  409,  832,  400,  599,  497],
        [  705,  705,  574,  257,  293,  767,  607,  699,  104,  594,  269,  249,  223,   69,  556,  121,  336,  111,  648,  388,  438,  560,  439,  153,  649,  246,   94,  155,  723,  657,  597,  582,  545,  726,  467,  584,  184,  749,  184,  376,  282,  257,  432,  318,  238,  422,  348,  574,  476,  522,  287,   51,  623,  111,  135,  461,  275,  460,  601,  559,  676,  846,  673,  147,  385,  341,  281,  554,    0,  146,  375,  229,  491,  255],
        [  560,  560,  434,  132,  264,  622,  493,  562,  232,  469,  140,  363,  273,  107,  460,   36,  441,   80,  529,  389,  503,  423,  514,  294,  504,  349,  236,  271,  599,  554,  487,  551,  651,  592,  331,  441,   48,  615,  261,  241,  207,  185,  463,  255,  216,  499,  307,  429,  464,  409,  415,  178,  481,  179,  218,  447,  224,  470,  512,  459,  605,  710,  562,  226,  250,  439,  366,  409,  146,    0,  466,  161,  447,  246],
        [  936,  936,  876,  598,  324,  987,  694,  862,  412,  933,  606,  508,  204,  441,  598,  431,  588,  476,  744,  267,  106,  743,  728,  272,  871,  131,  371,  224,  823, 1018,  674,  953,  751,  868,  785,  797,  472,  893,  206,  701,  408,  398,  199,  691,  317,  710,  723,  814,  332,  624,  167,  324,  919,  290,  251,  330,  649,  267,  970,  922, 1050,  988, 1028,  494,  596,  607,  101,  832,  375,  466,    0,  599,  423,  627],
        [  577,  577,  396,  101,  424,  642,  602,  625,  254,  381,  114,  333,  421,  161,  591,  188,  386,  123,  631,  549,  649,  493,  415,  375,  534,  472,  282,  383,  692,  429,  602,  390,  581,  664,  284,  487,  192,  683,  397,  201,  361,  341,  619,   96,  377,  404,  147,  454,  624,  525,  514,  279,  445,  313,  349,  607,   64,  630,  373,  331,  454,  772,  447,  194,  341,  375,  501,  400,  229,  161,  599,    0,  603,  110],
        [  628,  628,  666,  534,  199,  662,  306,  503,  590,  779,  532,  733,  318,  515,  198,  430,  822,  516,  353,  158,  355,  422,  929,  526,  565,  425,  563,  447,  427,  913,  282,  989, 1026,  492,  620,  494,  411,  516,  370,  570,  242,  263,  240,  690,  254,  912,  748,  538,  108,  264,  530,  465,  693,  392,  394,  101,  666,  177,  898,  832, 1010,  602,  901,  633,  360,  830,  380,  599,  491,  447,  423,  603,    0,  691],
        [  678,  678,  484,  210,  503,  742,  711,  733,  233,  440,  222,  262,  471,  196,  695,  263,  297,  179,  740,  620,  692,  602,  308,  375,  638,  497,  271,  404,  801,  452,  709,  328,  481,  773,  374,  594,  286,  792,  438,  300,  452,  430,  678,  109,  451,  298,  103,  558,  701,  632,  516,  305,  531,  359,  388,  685,   73,  698,  381,  359,  435,  880,  481,  151,  450,  282,  535,  497,  255,  246,  627,  110,  691,    0]
    ]
}
