{
    "name": "random-33-6738",
    "comment": "size=33 seed=6738",
    "nodes": ["+0", "-0", "+1", "-1", "+2", "-2", "+3", "-3", "+4", "-4", "+5", "-5", "+6", "-6", "+7", "-7", "+8", "-8", "+9", "-9", "+10", "-10", "+11", "-11", "+12", "-12", "+13", "-13", "+14", "-14", "+15", "-15", "+16", "-16", "+17", "-17", "+18", "-18", "+19", "-19", "+20", "-20", "+21", "-21", "+22", "-22", "+23", "-23", "+24", "-24", "+25", "-25", "+26", "-26", "+27", "-27", "+28", "-28", "+29", "-29", "+30", "-30", "+31", "-31", "+32", "-32", "+33", "-33"],
    "precedence": {
        "+0": "-0",
        "+1": "-1",
        "+2": "-2",
        "+3": "-3",
        "+4": "-4",
        "+5": "-5",
        "+6": "-6",
        "+7": "-7",
        "+8": "-8",
        "+9": "-9",
        "+10": "-10",
        "+11": "-11",
        "+12": "-12",
        "+13": "-13",
        "+14": "-14",
        "+15": "-15",
        "+16": "-16",
        "+17": "-17",
        "+18": "-18",
        "+19": "-19",
        "+20": "-20",
        "+21": "-21",
        "+22": "-22",
        "+23": "-23",
        "+24": "-24",
        "+25": "-25",
        "+26": "-26",
        "+27": "-27",
        "+28": "-28",
        "+29": "-29",
        "+30": "-30",
        "+31": "-31",
        "+32": "-32",
        "+33": "-33"
    },
    "edges": [
        [    0,    0,  328,  550,  524,  502,  373,  457,  516,  154,  469,  487,  249,   39,  300,  279,  416,  285,  536,  304,  596,  357,  333,  315,  244,  354,  564,  373,  108,   98,  256,  392,  226,  472,  130,   35,  559,  422,   53,  337,  217,  436,  464,  324,  418,  570,   77,  294,  382,  447,  127,  580,  137,  414,  442,  453,   55,  196,  217,  677,  502,  416,  187,  570,  530,  450,  510,  421],
        [    0,    0,  328,  550,  524,  502,  373,  457,  516,  154,  469,  487,  249,   39,  300,  279,  416,  285,  536,  304,  596,  357,  333,  315,  244,  354,  564,  373,  108,   98,  256,  392,  226,  472,  130,   35,  559,  422,   53,  337,  217,  436,  464,  324,  418,  570,   77,  294,  382,  447,  127,  580,  137,  414,  442,  453,   55,  196,  217,  677,  502,  416,  187,  570,  530,  450,  510,  421],
        [  328,  328,    0,  295,  683,  797,  560,  410,  527,  472,  498,  803,  559,  320,  567,  325,  744,  232,  853,  222,  443,  659,   19,   30,  397,  590,  248,   80,  430,  363,  128,  648,  295,  793,  352,  361,  403,  146,  283,  637,  313,  652,  665,  187,  688,  402,  331,  540,  211,  646,  412,  715,  283,  690,  176,  701,  373,  510,  381,  606,  296,  334,  148,  312,  408,  562,  616,  574],
        [  550,  550,  295,    0,  975,  915,  606,  695,  816,  704,  790,  956,  723,  559,  683,  619,  943,  292, 1004,  267,  211,  800,  278,  325,  683,  673,  159,  338,  627,  617,  421,  919,  585,  957,  506,  575,  649,  379,  498,  886,  602,  703,  700,  477,  954,  641,  516,  642,  487,  682,  581, 1009,  442,  954,  121,  775,  604,  746,  664,  409,  532,  617,  414,   20,  670,  857,  910,  588],
        [  524,  524,  683,  975,    0,  835,  868,  370,  275,  445,  254,  746,  633,  491,  744,  358,  580,  780,  779,  793, 1085,  716,  699,  654,  301,  817,  913,  661,  551,  427,  556,  230,  391,  712,  651,  529,  532,  655,  562,  359,  376,  901,  937,  518,  266,  553,  600,  762,  536,  924,  616,   67,  656,  284,  854,  882,  483,  421,  325, 1194,  587,  426,  570,  993,  477,  132,  110,  925],
        [  502,  502,  797,  915,  835,    0,  330,  930,  955,  439,  905,  120,  255,  531,  236,  754,  279,  631,  134,  655,  843,  146,  795,  793,  675,  247,  992,  858,  396,  543,  753,  609,  708,  155,  446,  468, 1054,  915,  528,  479,  692,  255,  284,  825,  586, 1067,  470,  273,  883,  291,  389,  901,  515,  570,  844,  173,  486,  439,  655,  797, 1003,  905,  677,  932, 1020,  832,  880,  380],
        [  373,  373,  560,  606,  868,  330,    0,  823,  889,  425,  842,  409,  268,  411,  154,  650,  481,  348,  447,  369,  515,  266,  552,  567,  613,   91,  707,  634,  318,  461,  564,  682,  595,  426,  251,  354,  903,  699,  365,  573,  589,   98,  106,  653,  685,  911,  303,  116,  707,   86,  256,  929,  297,  673,  556,  171,  397,  455,  587,  475,  823,  774,  483,  622,  884,  814,  872,   66],
        [  457,  457,  410,  695,  370,  930,  823,    0,  125,  494,  119,  882,  680,  420,  754,  179,  751,  594,  927,  596,  853,  787,  429,  382,  261,  810,  596,  357,  546,  391,  307,  475,  232,  856,  573,  484,  168,  327,  459,  549,  242,  892,  919,  225,  526,  189,  522,  750,  209,  901,  582,  371,  537,  538,  581,  907,  452,  504,  277, 1006,  222,   78,  369,  709,  115,  240,  268,  864],
        [  516,  516,  527,  816,  275,  955,  889,  125,    0,  517,   50,  892,  714,  478,  801,  245,  746,  694,  934,  699,  966,  816,  546,  497,  284,  864,  720,  479,  590,  434,  414,  430,  300,  863,  641,  538,  265,  451,  530,  529,  302,  948,  979,  341,  480,  286,  588,  804,  332,  962,  638,  262,  617,  495,  700,  953,  499,  517,  308, 1111,  342,  202,  466,  831,  211,  163,  166,  935],
        [  154,  154,  472,  704,  445,  439,  425,  494,  517,    0,  468,  390,  199,  152,  301,  321,  283,  433,  437,  454,  741,  299,  479,  455,  237,  373,  714,  506,  113,  122,  380,  265,  282,  367,  240,  132,  628,  547,  207,  187,  263,  457,  493,  426,  280,  643,  203,  318,  481,  479,  183,  508,  278,  273,  595,  446,  102,   44,  217,  803,  596,  476,  326,  723,  589,  408,  462,  485],
        [  469,  469,  498,  790,  254,  905,  842,  119,   50,  468,    0,  843,  664,  431,  752,  202,  699,  655,  886,  661,  934,  767,  517,  469,  235,  816,  702,  456,  541,  386,  381,  390,  256,  815,  595,  490,  278,  434,  485,  483,  257,  900,  931,  314,  440,  299,  542,  756,  313,  914,  590,  253,  572,  454,  673,  904,  451,  468,  259, 1074,  340,  187,  427,  806,  224,  130,  150,  888],
        [  487,  487,  803,  956,  746,  120,  409,  882,  892,  390,  843,    0,  244,  509,  280,  711,  171,  666,   50,  691,  909,  158,  804,  795,  622,  320, 1016,  857,  379,  506,  742,  517,  671,   38,  462,  452, 1018,  908,  523,  388,  653,  351,  385,  804,  489, 1032,  473,  325,  861,  388,  393,  812,  531,  472,  874,  275,  459,  379,  605,  883,  979,  866,  671,  974,  979,  758,  801,  467],
        [  249,  249,  559,  723,  633,  255,  268,  680,  714,  199,  664,  244,    0,  277,  119,  502,  233,  432,  294,  456,  702,  109,  560,  552,  430,  194,  774,  614,  142,  290,  503,  428,  455,  238,  220,  215,  800,  668,  281,  310,  440,  273,  311,  572,  424,  812,  229,  153,  630,  301,  149,  698,  289,  411,  634,  249,  232,  213,  408,  714,  750,  651,  429,  742,  767,  606,  659,  333],
        [   39,   39,  320,  559,  491,  531,  411,  420,  478,  152,  431,  509,  277,    0,  335,  242,  427,  305,  558,  323,  617,  385,  327,  304,  207,  391,  562,  358,  135,   66,  236,  370,  189,  492,  167,   65,  526,  403,   73,  327,  179,  473,  502,  296,  400,  538,  114,  331,  354,  485,  163,  545,  166,  397,  447,  488,   54,  192,  180,  706,  474,  381,  174,  578,  496,  414,  473,  459],
        [  300,  300,  567,  683,  744,  236,  154,  754,  801,  301,  752,  280,  119,  335,    0,  575,  329,  397,  325,  421,  630,  125,  564,  566,  518,   76,  756,  632,  212,  368,  537,  544,  523,  289,  216,  271,  857,  692,  313,  428,  512,  158,  195,  616,  541,  868,  250,   46,  674,  183,  175,  807,  284,  529,  609,  154,  303,  323,  493,  618,  794,  715,  457,  700,  830,  706,  761,  219],
        [  279,  279,  325,  619,  358,  754,  650,  179,  245,  321,  202,  711,  502,  242,  575,    0,  591,  456,  758,  463,  744,  610,  342,  296,  108,  633,  557,  305,  367,  212,  199,  367,   56,  688,  400,  305,  308,  310,  287,  409,   64,  715,  743,  167,  416,  324,  348,  572,  201,  725,  404,  391,  372,  424,  499,  728,  273,  337,  113,  876,  295,  156,  229,  636,  268,  238,  294,  693],
        [  416,  416,  744,  943,  580,  279,  481,  751,  746,  283,  699,  171,  233,  427,  329,  591,    0,  654,  199,  678,  934,  222,  748,  730,  492,  394,  977,  785,  320,  404,  661,  350,  559,  135,  439,  384,  899,  828,  463,  225,  538,  453,  492,  708,  319,  915,  430,  372,  762,  488,  363,  645,  502,  302,  845,  394,  374,  257,  480,  944,  876,  746,  600,  962,  855,  603,  642,  546],
        [  285,  285,  232,  292,  780,  631,  348,  594,  694,  433,  655,  666,  432,  305,  397,  456,  654,    0,  714,   25,  313,  510,  219,  248,  480,  398,  364,  311,  342,  370,  290,  675,  406,  666,  216,  302,  623,  377,  234,  619,  413,  445,  451,  380,  702,  624,  233,  359,  422,  432,  292,  827,  157,  698,  214,  506,  339,  476,  455,  421,  523,  526,  229,  310,  619,  681,  740,  351],
        [  536,  536,  853, 1004,  779,  134,  447,  927,  934,  437,  886,   50,  294,  558,  325,  758,  199,  714,    0,  739,  952,  205,  854,  845,  667,  359, 1066,  906,  429,  554,  792,  549,  718,   72,  511,  501, 1065,  958,  573,  422,  700,  382,  414,  853,  518, 1080,  523,  369,  910,  419,  442,  844,  581,  500,  922,  303,  508,  424,  651,  920, 1028,  913,  721, 1022, 1026,  797,  838,  503],
        [  304,  304,  222,  267,  793,  655,  369,  596,  699,  454,  661,  691,  456,  323,  421,  463,  678,   25,  739,    0,  296,  535,  208,  241,  492,  421,  341,  301,  366,  387,  290,  693,  415,  690,  240,  323,  618,  367,  253,  640,  423,  466,  472,  379,  721,  619,  256,  383,  419,  452,  316,  838,  180,  718,  190,  529,  359,  497,  468,  413,  516,  526,  235,  286,  617,  692,  750,  369],
        [  596,  596,  443,  211, 1085,  843,  515,  853,  966,  741,  934,  909,  702,  617,  630,  744,  934,  313,  952,  296,    0,  754,  425,  472,  784,  597,  370,  507,  642,  682,  553,  987,  700,  918,  508,  611,  834,  560,  546,  927,  711,  603,  589,  628, 1013,  828,  539,  585,  653,  574,  581, 1128,  464, 1009,  284,  683,  650,  784,  761,  199,  719,  777,  517,  212,  847,  978, 1036,  476],
        [  357,  357,  659,  800,  716,  146,  266,  787,  816,  299,  767,  158,  109,  385,  125,  610,  222,  510,  205,  535,  754,    0,  658,  653,  534,  177,  864,  717,  251,  398,  610,  499,  563,  165,  310,  323,  908,  772,  385,  372,  548,  232,  271,  680,  485,  921,  329,  170,  738,  267,  247,  782,  381,  470,  719,  179,  341,  305,  513,  738,  858,  760,  534,  817,  875,  701,  752,  329],
        [  333,  333,   19,  278,  699,  795,  552,  429,  546,  479,  517,  804,  560,  327,  564,  342,  748,  219,  854,  208,  425,  658,    0,   49,  411,  585,  238,   95,  432,  372,  144,  660,  311,  795,  350,  365,  420,  160,  286,  647,  328,  645,  657,  206,  700,  419,  331,  535,  230,  637,  412,  732,  280,  702,  158,  695,  379,  518,  395,  588,  312,  353,  157,  295,  426,  579,  633,  564],
        [  315,  315,   30,  325,  654,  793,  567,  382,  497,  455,  469,  795,  552,  304,  566,  296,  730,  248,  845,  241,  472,  653,   49,    0,  370,  593,  272,   68,  419,  343,   99,  623,  267,  784,  350,  349,  380,  133,  273,  616,  286,  657,  672,  158,  664,  380,  325,  540,  185,  652,  406,  686,  283,  667,  205,  703,  358,  492,  355,  632,  276,  306,  130,  341,  383,  533,  586,  584],
        [  244,  244,  397,  683,  301,  675,  613,  261,  284,  237,  235,  622,  430,  207,  518,  108,  492,  480,  667,  492,  784,  534,  411,  370,    0,  583,  639,  392,  307,  153,  271,  265,  105,  596,  373,  260,  409,  407,  271,  302,   84,  667,  698,  265,  311,  426,  320,  523,  306,  682,  358,  348,  365,  318,  562,  669,  218,  243,   27,  896,  402,  257,  272,  701,  364,  208,  268,  663],
        [  354,  354,  590,  673,  817,  247,   91,  810,  864,  373,  816,  320,  194,  391,   76,  633,  394,  398,  359,  421,  597,  177,  585,  593,  583,    0,  761,  660,  277,  431,  575,  620,  579,  335,  251,  329,  905,  722,  359,  504,  570,   85,  120,  659,  617,  914,  294,   61,  716,  108,  229,  880,  311,  605,  610,  111,  366,  397,  558,  565,  835,  767,  494,  689,  881,  775,  832,  153],
        [  564,  564,  248,  159,  913,  992,  707,  596,  720,  714,  702, 1016,  774,  562,  756,  557,  977,  364, 1066,  341,  370,  864,  238,  272,  639,  761,    0,  253,  657,  609,  369,  894,  536, 1011,  555,  595,  522,  270,  515,  884,  556,  805,  808,  397,  935,  511,  550,  721,  389,  789,  626,  938,  486,  938,  152,  869,  613,  753,  626,  567,  406,  519,  394,  161,  550,  787,  835,  700],
        [  373,  373,   80,  338,  661,  858,  634,  357,  479,  506,  456,  857,  614,  358,  632,  305,  785,  311,  906,  301,  507,  717,   95,   68,  392,  660,  253,    0,  479,  389,  129,  653,  288,  844,  416,  407,  329,   67,  334,  658,  309,  725,  740,  145,  697,  327,  389,  608,  149,  720,  470,  687,  350,  701,  227,  770,  411,  541,  381,  678,  219,  279,  187,  353,  340,  534,  584,  651],
        [  108,  108,  430,  627,  551,  396,  318,  546,  590,  113,  541,  379,  142,  135,  212,  367,  320,  342,  429,  366,  642,  251,  432,  419,  307,  277,  657,  479,    0,  157,  364,  378,  317,  366,  134,   73,  659,  530,  147,  291,  304,  361,  395,  430,  391,  671,  112,  218,  488,  379,   70,  612,  186,  383,  526,  364,   94,  151,  282,  693,  608,  512,  293,  646,  628,  500,  557,  375],
        [   98,   98,  363,  617,  427,  543,  461,  391,  434,  122,  386,  506,  290,   66,  368,  212,  404,  370,  554,  387,  682,  398,  372,  343,  153,  431,  609,  389,  157,    0,  261,  307,  166,  486,  226,  107,  513,  426,  139,  276,  150,  515,  546,  304,  339,  527,  174,  371,  359,  529,  205,  483,  231,  338,  501,  520,   66,  153,  128,  772,  475,  363,  216,  635,  478,  356,  415,  512],
        [  256,  256,  128,  421,  556,  753,  564,  307,  414,  380,  381,  742,  503,  236,  537,  199,  661,  290,  792,  290,  553,  610,  144,   99,  271,  575,  369,  129,  364,  261,    0,  528,  168,  727,  325,  291,  343,  168,  226,  529,  188,  647,  668,   93,  570,  348,  287,  518,  144,  648,  366,  589,  268,  574,  300,  683,  288,  413,  257,  699,  260,  237,   82,  438,  333,  437,  491,  592],
        [  392,  392,  648,  919,  230,  609,  682,  475,  430,  265,  390,  517,  428,  370,  544,  367,  350,  675,  549,  693,  987,  499,  660,  623,  265,  620,  894,  653,  378,  307,  528,    0,  368,  482,  501,  383,  640,  671,  441,  131,  346,  700,  738,  529,   52,  660,  458,  570,  568,  727,  447,  296,  528,   65,  801,  671,  339,  229,  273, 1064,  657,  499,  508,  938,  589,  272,  300,  744],
        [  226,  226,  295,  585,  391,  708,  595,  232,  300,  282,  256,  671,  455,  189,  523,   56,  559,  406,  718,  415,  700,  563,  311,  267,  105,  579,  536,  288,  317,  166,  168,  368,    0,  649,  345,  253,  348,  304,  232,  391,   23,  661,  689,  163,  413,  362,  293,  519,  210,  671,  351,  429,  317,  419,  464,  676,  224,  303,   96,  826,  318,  197,  183,  603,  312,  279,  337,  638],
        [  472,  472,  793,  957,  712,  155,  426,  856,  863,  367,  815,   38,  238,  492,  289,  688,  135,  666,   72,  690,  918,  165,  795,  784,  596,  335, 1011,  844,  366,  486,  727,  482,  649,    0,  457,  438,  995,  894,  511,  354,  630,  374,  410,  786,  453, 1010,  464,  334,  843,  411,  386,  777,  526,  436,  871,  301,  441,  353,  580,  900,  960,  843,  658,  975,  956,  726,  769,  485],
        [  130,  130,  352,  506,  651,  446,  251,  573,  641,  240,  595,  462,  220,  167,  216,  400,  439,  216,  511,  240,  508,  310,  350,  350,  373,  251,  555,  416,  134,  226,  325,  501,  345,  457,    0,  123,  657,  476,  114,  423,  340,  326,  349,  409,  519,  665,   54,  194,  465,  331,   76,  708,   71,  513,  414,  359,  169,  281,  347,  564,  584,  523,  244,  524,  635,  580,  639,  294],
        [   35,   35,  361,  575,  529,  468,  354,  484,  538,  132,  490,  452,  215,   65,  271,  305,  384,  302,  501,  323,  611,  323,  365,  349,  260,  329,  595,  407,   73,  107,  291,  383,  253,  438,  123,    0,  590,  457,   81,  318,  242,  411,  442,  358,  405,  602,   76,  268,  416,  425,  101,  586,  148,  400,  469,  424,   47,  175,  234,  682,  536,  446,  221,  594,  561,  462,  521,  405],
        [  559,  559,  403,  649,  532, 1054,  903,  168,  265,  628,  278, 1018,  800,  526,  857,  308,  899,  623, 1065,  618,  834,  908,  420,  380,  409,  905,  522,  329,  659,  513,  343,  640,  348,  995,  657,  590,    0,  274,  547,  707,  366,  982, 1005,  252,  691,   22,  612,  846,  202,  986,  683,  526,  607,  703,  550, 1009,  568,  645,  419, 1007,  117,  153,  422,  660,   55,  405,  426,  934],
        [  422,  422,  146,  379,  655,  915,  699,  327,  451,  547,  434,  908,  668,  403,  692,  310,  828,  377,  958,  367,  560,  772,  160,  133,  407,  722,  270,   67,  530,  426,  168,  671,  304,  894,  476,  457,  274,    0,  388,  688,  326,  788,  804,  144,  717,  269,  445,  669,  122,  785,  527,  675,  412,  722,  277,  832,  456,  579,  400,  737,  159,  250,  239,  391,  291,  526,  571,  717],
        [   53,   53,  283,  498,  562,  528,  365,  459,  530,  207,  485,  523,  281,   73,  313,  287,  463,  234,  573,  253,  546,  385,  286,  273,  271,  359,  515,  334,  147,  139,  226,  441,  232,  511,  114,   81,  547,  388,    0,  390,  229,  437,  462,  303,  469,  556,   65,  300,  361,  443,  141,  615,   95,  466,  390,  463,  108,  249,  245,  634,  481,  411,  149,  517,  523,  479,  539,  406],
        [  337,  337,  637,  886,  359,  479,  573,  549,  529,  187,  483,  388,  310,  327,  428,  409,  225,  619,  422,  640,  927,  372,  647,  616,  302,  504,  884,  658,  291,  276,  529,  131,  391,  354,  423,  318,  707,  688,  390,    0,  368,  582,  620,  552,  115,  725,  389,  458,  600,  610,  359,  424,  464,  101,  773,  547,  283,  144,  298,  983,  703,  557,  491,  905,  659,  380,  418,  637],
        [  217,  217,  313,  602,  376,  692,  589,  242,  302,  263,  257,  653,  440,  179,  512,   64,  538,  413,  700,  423,  711,  548,  328,  286,   84,  570,  556,  309,  304,  150,  188,  346,   23,  630,  340,  242,  366,  326,  229,  368,    0,  652,  681,  186,  391,  380,  287,  509,  233,  663,  342,  417,  317,  396,  481,  665,  210,  282,   74,  833,  339,  214,  195,  619,  328,  269,  328,  633],
        [  436,  436,  652,  703,  901,  255,   98,  892,  948,  457,  900,  351,  273,  473,  158,  715,  453,  445,  382,  466,  603,  232,  645,  657,  667,   85,  805,  725,  361,  515,  647,  700,  661,  374,  326,  411,  982,  788,  437,  582,  652,    0,   40,  733,  696,  990,  372,  145,  789,   37,  311,  964,  380,  682,  654,   84,  450,  480,  642,  543,  907,  847,  566,  719,  960,  860,  916,  129],
        [  464,  464,  665,  700,  937,  284,  106,  919,  979,  493,  931,  385,  311,  502,  195,  743,  492,  451,  414,  472,  589,  271,  657,  672,  698,  120,  808,  740,  395,  546,  668,  738,  689,  410,  349,  442, 1005,  804,  462,  620,  681,   40,    0,  755,  734, 1013,  398,  177,  810,   20,  342, 1000,  400,  721,  657,  112,  481,  517,  673,  518,  927,  872,  586,  715,  984,  894,  950,  115],
        [  324,  324,  187,  477,  518,  825,  653,  225,  341,  426,  314,  804,  572,  296,  616,  167,  708,  380,  853,  379,  628,  680,  206,  158,  265,  659,  397,  145,  430,  304,   93,  529,  163,  786,  409,  358,  252,  144,  303,  552,  186,  733,  755,    0,  575,  258,  367,  601,   59,  736,  443,  543,  356,  581,  360,  765,  346,  453,  259,  784,  179,  150,  171,  492,  241,  391,  440,  683],
        [  418,  418,  688,  954,  266,  586,  685,  526,  480,  280,  440,  489,  424,  400,  541,  416,  319,  702,  518,  721, 1013,  485,  700,  664,  311,  617,  935,  697,  391,  339,  570,   52,  413,  453,  519,  405,  691,  717,  469,  115,  391,  696,  734,  575,    0,  711,  479,  570,  616,  724,  460,  330,  551,   18,  838,  661,  364,  240,  317, 1082,  706,  549,  546,  973,  640,  320,  345,  748],
        [  570,  570,  402,  641,  553, 1067,  911,  189,  286,  643,  299, 1032,  812,  538,  868,  324,  915,  624, 1080,  619,  828,  921,  419,  380,  426,  914,  511,  327,  671,  527,  348,  660,  362, 1010,  665,  602,   22,  269,  556,  725,  380,  990, 1013,  258,  711,    0,  621,  856,  206,  994,  694,  547,  614,  722,  545, 1019,  581,  661,  436, 1004,  110,  170,  428,  652,   76,  426,  447,  940],
        [   77,   77,  331,  516,  600,  470,  303,  522,  588,  203,  542,  473,  229,  114,  250,  348,  430,  233,  523,  256,  539,  329,  331,  325,  320,  294,  550,  389,  112,  174,  287,  458,  293,  464,   54,   76,  612,  445,   65,  389,  287,  372,  398,  367,  479,  621,    0,  235,  424,  380,   82,  656,   76,  474,  415,  399,  121,  246,  293,  607,  544,  475,  208,  535,  588,  527,  586,  347],
        [  294,  294,  540,  642,  762,  273,  116,  750,  804,  318,  756,  325,  153,  331,   46,  572,  372,  359,  369,  383,  585,  170,  535,  540,  523,   61,  721,  608,  218,  371,  518,  570,  519,  334,  194,  268,  846,  669,  300,  458,  509,  145,  177,  601,  570,  856,  235,    0,  658,  163,  168,  825,  258,  559,  572,  165,  306,  344,  498,  573,  777,  708,  437,  659,  821,  717,  774,  181],
        [  382,  382,  211,  487,  536,  883,  707,  209,  332,  481,  313,  861,  630,  354,  674,  201,  762,  422,  910,  419,  653,  738,  230,  185,  306,  716,  389,  149,  488,  359,  144,  568,  210,  843,  465,  416,  202,  122,  361,  600,  233,  789,  810,   59,  616,  206,  424,  658,    0,  791,  501,  554,  411,  624,  375,  822,  403,  507,  304,  816,  121,  131,  225,  501,  199,  406,  450,  735],
        [  447,  447,  646,  682,  924,  291,   86,  901,  962,  479,  914,  388,  301,  485,  183,  725,  488,  432,  419,  452,  574,  267,  637,  652,  682,  108,  789,  720,  379,  529,  648,  727,  671,  411,  331,  425,  986,  785,  443,  610,  663,   37,   20,  736,  724,  994,  380,  163,  791,    0,  325,  986,  381,  711,  638,  118,  465,  504,  657,  508,  908,  854,  567,  697,  965,  878,  935,   99],
        [  127,  127,  412,  581,  616,  389,  256,  582,  638,  183,  590,  393,  149,  163,  175,  404,  363,  292,  442,  316,  581,  247,  412,  406,  358,  229,  626,  470,   70,  205,  366,  447,  351,  386,   76,  101,  683,  527,  141,  359,  342,  311,  342,  443,  460,  694,   82,  168,  501,  325,    0,  676,  142,  452,  488,  327,  141,  221,  333,  625,  621,  542,  289,  600,  656,  558,  616,  311],
        [  580,  580,  715, 1009,   67,  901,  929,  371,  262,  508,  253,  812,  698,  545,  807,  391,  645,  827,  844,  838, 1128,  782,  732,  686,  348,  880,  938,  687,  612,  483,  589,  296,  429,  777,  708,  586,  526,  675,  615,  424,  417,  964, 1000,  543,  330,  547,  656,  825,  554,  986,  676,    0,  709,  348,  889,  946,  540,  486,  373, 1244,  593,  436,  611, 1026,  472,  153,  106,  986],
        [  137,  137,  283,  442,  656,  515,  297,  537,  617,  278,  572,  531,  289,  166,  284,  372,  502,  157,  581,  180,  464,  381,  280,  283,  365,  311,  486,  350,  186,  231,  268,  528,  317,  526,   71,  148,  607,  412,   95,  464,  317,  380,  400,  356,  551,  614,   76,  258,  411,  381,  142,  709,    0,  547,  346,  421,  189,  320,  338,  541,  528,  481,  187,  461,  590,  573,  632,  329],
        [  414,  414,  690,  954,  284,  570,  673,  538,  495,  273,  454,  472,  411,  397,  529,  424,  302,  698,  500,  718, 1009,  470,  702,  667,  318,  605,  938,  701,  383,  338,  574,   65,  419,  436,  513,  400,  703,  722,  466,  101,  396,  682,  721,  581,   18,  722,  474,  559,  624,  711,  452,  348,  547,    0,  838,  646,  360,  232,  323, 1075,  716,  560,  547,  973,  652,  336,  362,  737],
        [  442,  442,  176,  121,  854,  844,  556,  581,  700,  595,  673,  874,  634,  447,  609,  499,  845,  214,  922,  190,  284,  719,  158,  205,  562,  610,  152,  227,  526,  501,  300,  801,  464,  871,  414,  469,  550,  277,  390,  773,  481,  654,  657,  360,  838,  545,  415,  572,  375,  638,  488,  889,  346,  838,    0,  718,  494,  636,  544,  467,  435,  504,  295,  139,  565,  736,  790,  550],
        [  453,  453,  701,  775,  882,  173,  171,  907,  953,  446,  904,  275,  249,  488,  154,  728,  394,  506,  303,  529,  683,  179,  695,  703,  669,  111,  869,  770,  364,  520,  683,  671,  676,  301,  359,  424, 1009,  832,  463,  547,  665,   84,  112,  765,  661, 1019,  399,  165,  822,  118,  327,  946,  421,  646,  718,    0,  456,  462,  645,  626,  942,  868,  602,  791,  982,  853,  907,  211],
        [   55,   55,  373,  604,  483,  486,  397,  452,  499,  102,  451,  459,  232,   54,  303,  273,  374,  339,  508,  359,  650,  341,  379,  358,  218,  366,  613,  411,   94,   66,  288,  339,  224,  441,  169,   47,  568,  456,  108,  283,  210,  450,  481,  346,  364,  581,  121,  306,  403,  465,  141,  540,  189,  360,  494,  456,    0,  143,  193,  727,  522,  420,  228,  623,  535,  418,  477,  449],
        [  196,  196,  510,  746,  421,  439,  455,  504,  517,   44,  468,  379,  213,  192,  323,  337,  257,  476,  424,  497,  784,  305,  518,  492,  243,  397,  753,  541,  151,  153,  413,  229,  303,  353,  281,  175,  645,  579,  249,  144,  282,  480,  517,  453,  240,  661,  246,  344,  507,  504,  221,  486,  320,  232,  636,  462,  143,    0,  228,  844,  620,  492,  363,  765,  604,  396,  448,  516],
        [  217,  217,  381,  664,  325,  655,  587,  277,  308,  217,  259,  605,  408,  180,  493,  113,  480,  455,  651,  468,  761,  513,  395,  355,   27,  558,  626,  381,  282,  128,  257,  273,   96,  580,  347,  234,  419,  400,  245,  298,   74,  642,  673,  259,  317,  436,  293,  498,  304,  657,  333,  373,  338,  323,  544,  645,  193,  228,    0,  871,  406,  266,  252,  682,  377,  235,  295,  637],
        [  677,  677,  606,  409, 1194,  797,  475, 1006, 1111,  803, 1074,  883,  714,  706,  618,  876,  944,  421,  920,  413,  199,  738,  588,  632,  896,  565,  567,  678,  693,  772,  699, 1064,  826,  900,  564,  682, 1007,  737,  634,  983,  833,  543,  518,  784, 1082, 1004,  607,  573,  816,  508,  625, 1244,  541, 1075,  467,  626,  727,  844,  871,    0,  895,  933,  647,  410, 1014, 1100, 1160,  418],
        [  502,  502,  296,  532,  587, 1003,  823,  222,  342,  596,  340,  979,  750,  474,  794,  295,  876,  523, 1028,  516,  719,  858,  312,  276,  402,  835,  406,  219,  608,  475,  260,  657,  318,  960,  584,  536,  117,  159,  481,  703,  339,  907,  927,  179,  706,  110,  544,  777,  121,  908,  621,  593,  528,  716,  435,  942,  522,  620,  406,  895,    0,  164,  342,  543,  147,  456,  489,  849],
        [  416,  416,  334,  617,  426,  905,  774,   78,  202,  476,  187,  866,  651,  381,  715,  156,  746,  526,  913,  526,  777,  760,  353,  306,  257,  767,  519,  279,  512,  363,  237,  499,  197,  843,  523,  446,  153,  250,  411,  557,  214,  847,  872,  150,  549,  170,  475,  708,  131,  854,  542,  436,  481,  560,  504,  868,  420,  492,  266,  933,  164,    0,  305,  632,  116,  294,  331,  810],
        [  187,  187,  148,  414,  570,  677,  483,  369,  466,  326,  427,  671,  429,  174,  457,  229,  600,  229,  721,  235,  517,  534,  157,  130,  272,  494,  394,  187,  293,  216,   82,  508,  183,  658,  244,  221,  422,  239,  149,  491,  195,  566,  586,  171,  546,  428,  208,  437,  225,  567,  289,  611,  187,  547,  295,  602,  228,  363,  252,  647,  342,  305,    0,  432,  408,  462,  519,  512],
        [  570,  570,  312,   20,  993,  932,  622,  709,  831,  723,  806,  974,  742,  578,  700,  636,  962,  310, 1022,  286,  212,  817,  295,  341,  701,  689,  161,  353,  646,  635,  438,  938,  603,  975,  524,  594,  660,  391,  517,  905,  619,  719,  715,  492,  973,  652,  535,  659,  501,  697,  600, 1026,  461,  973,  139,  791,  623,  765,  682,  410,  543,  632,  432,    0,  682,  873,  927,  602],
        [  530,  530,  408,  670,  477, 1020,  884,  115,  211,  589,  224,  979,  767,  496,  830,  268,  855,  619, 1026,  617,  847,  875,  426,  383,  364,  881,  550,  340,  628,  478,  333,  589,  312,  956,  635,  561,   55,  291,  523,  659,  328,  960,  984,  241,  640,   76,  588,  821,  199,  965,  656,  472,  590,  652,  565,  982,  535,  604,  377, 1014,  147,  116,  408,  682,    0,  351,  371,  918],
        [  450,  450,  562,  857,  132,  832,  814,  240,  163,  408,  130,  758,  606,  414,  706,  238,  603,  681,  797,  692,  978,  701,  579,  533,  208,  775,  787,  534,  500,  356,  437,  272,  279,  726,  580,  462,  405,  526,  479,  380,  269,  860,  894,  391,  320,  426,  527,  717,  406,  878,  558,  153,  573,  336,  736,  853,  418,  396,  235, 1100,  456,  294,  462,  873,  351,    0,   60,  867],
        [  510,  510,  616,  910,  110,  880,  872,  268,  166,  462,  150,  801,  659,  473,  761,  294,  642,  740,  838,  750, 1036,  752,  633,  586,  268,  832,  835,  584,  557,  415,  491,  300,  337,  769,  639,  521,  426,  571,  539,  418,  328,  916,  950,  440,  345,  447,  586,  774,  450,  935,  616,  106,  632,  362,  790,  907,  477,  448,  295, 1160,  489,  331,  519,  927,  371,   60,    0,  926],
        [  421,  421,  574,  588,  925,  380,   66,  864,  935,  485,  888,  467,  333,  459,  219,  693,  546,  351,  503,  369,  476,  329,  564,  584,  663,  153,  700,  651,  375,  512,  592,  744,  638,  485,  294,  405,  934,  717,  406,  637,  633,  129,  115,  683,  748,  940,  347,  181,  735,   99,  311,  986,  329,  737,  550,  211,  449,  516,  637,  418,  849,  810,  512,  602,  918,  867,  926,    0]
    ]
}
