{
    "name": "random-53-11424",
    "comment": "size=53 seed=11424",
    "nodes": ["+0", "-0", "+1", "-1", "+2", "-2", "+3", "-3", "+4", "-4", "+5", "-5", "+6", "-6", "+7", "-7", "+8", "-8", "+9", "-9", "+10", "-10", "+11", "-11", "+12", "-12", "+13", "-13", "+14", "-14", "+15", "-15", "+16", "-16", "+17", "-17", "+18", "-18", "+19", "-19", "+20", "-20", "+21", "-21", "+22", "-22", "+23", "-23", "+24", "-24", "+25", "-25", "+26", "-26", "+27", "-27", "+28", "-28", "+29", "-29", "+30", "-30", "+31", "-31", "+32", "-32", "+33", "-33", "+34", "-34", "+35", "-35", "+36", "-36", "+37", "-37", "+38", "-38", "+39", "-39", "+40", "-40", "+41", "-41", "+42", "-42", "+43", "-43", "+44", "-44", "+45", "-45", "+46", "-46", "+47", "-47", "+48", "-48", "+49", "-49", "+50", "-50", "+51", "-51", "+52", "-52", "+53", "-53"],
    "precedence": {
        "+0": "-0",
        "+1": "-1",
        "+2": "-2",
        "+3": "-3",
        "+4": "-4",
        "+5": "-5",
        "+6": "-6",
        "+7": "-7",
        "+8": "-8",
        "+9": "-9",
        "+10": "-10",
        "+11": "-11",
        "+12": "-12",
        "+13": "-13",
        "+14": "-14",
        "+15": "-15",
        "+16": "-16",
        "+17": "-17",
        "+18": "-18",
        "+19": "-19",
        "+20": "-20",
        "+21": "-21",
        "+22": "-22",
        "+23": "-23",
        "+24": "-24",
        "+25": "-25",
        "+26": "-26",
        "+27": "-27",
        "+28": "-28",
        "+29": "-29",
        "+30": "-30",
        "+31": "-31",
        "+32": "-32",
        "+33": "-33",
        "+34": "-34",
        "+35": "-35",
        "+36": "-36",
        "+37": "-37",
        "+38": "-38",
        "+39": "-39",
        "+40": "-40",
        "+41": "-41",
        "+42": "-42",
        "+43": "-43",
        "+44": "-44",
        "+45": "-45",
        "+46": "-46",
        "+47": "-47",
        "+48": "-48",
        "+49": "-49",
        "+50": "-50",
        "+51": "-51",
        "+52": "-52",
        "+53": "-53"
    },
    "edges": [
        [    0,    0,  789,   50,  500,  487,  159,  825,   74,  140,  778,  467,  609,  458,  345,  808,  328,  297,  339,  885,  783,  625,  506,  877,  985,  602,  780,  991,   34,  811,  151,  662,  177,  217,  437,  367,  439,  596,  605,  891,  707,  558,  686,  194,  287,  488,  218,  429,  506,  830,  670,  728,  795,  607,  749,  795,  196,  790,  323,  200,  628,  691,  720,  802,  879,  551,  714,  751,  795,  292,  601,  489,  716,   57,  715,  678,   82,  732,  597,  215,  390,  336,  119,  368,  184,  619,  152,  554,  717,  311,  305,  355,  321,  586,  588,   88,  380,  824,  636,  726,  404,  461,  985,  569,  399,  297,  212,  976],
        [    0,    0,    0,    0,    0,    0,    0,    0,    0,    0,    0,    0,    0,    0,    0,    0,    0,    0,    0,    0,    0,    0,    0,    0,    0,    0,    0,    0,    0,    0,    0,    0,    0,    0,    0,    0,    0,    0,    0,    0,    0,    0,    0,    0,    0,    0,    0,    0,    0,    0,    0,    0,    0,    0,    0,    0,    0,    0,    0,    0,    0,    0,    0,    0,    0,    0,    0,    0,    0,    0,    0,    0,    0,    0,    0,    0,    0,    0,    0,    0,    0,    0,    0,    0,    0,    0,    0,    0,    0,    0,    0,    0,    0,    0,    0,    0,    0,    0,    0,    0,    0,    0,    0,    0,    0,    0,    0,    0],
        [  789,    0,    0,  762,  419,  638,  812,  169,  853,  749,  801,  432,  184,  604,  457,  683,  461,  645,  525,  132,  536,  204,  690,  211,  204,  387,  561,  267,  758,  684,  845,  340,  612,  605,  642,  746,  356,  626,  570,  318,  179,  252,  424,  604,  538,  587,  572,  422,  532,  197,  545,  188,  755,  231,  107,  275,  962,  733,  823,  595,  672,  634,  413,  808,  169,  679,  504,  413,  584,  533,  807,  307,  254,  775,  104,  300,  756,  765,  352,  732,  430,  637,  698,  630,  972,  186,  637,  542,  320,  661,  821,  434,  765,  261,  302,  727,  476,  145,  468,  445,  675,  487,  306,  429,  501,  725,  582,  306],
        [   50,    0,  762,    0,  457,  506,  123,  790,  120,   93,  729,  425,  585,  410,  312,  759,  303,  248,  339,  853,  789,  591,  457,  860,  955,  599,  732,  957,   30,  762,  198,  620,  153,  175,  388,  319,  409,  547,  617,  851,  672,  526,  686,  184,  247,  501,  197,  421,  514,  813,  679,  712,  746,  572,  717,  756,  206,  741,  281,  168,  647,  642,  675,  753,  845,  572,  667,  707,  746,  252,  554,  459,  704,   19,  684,  669,   34,  683,  591,  167,  353,  287,   74,  385,  214,  588,  130,  564,  709,  332,  264,  329,  275,  551,  549,   41,  338,  791,  640,  727,  354,  415,  948,  569,  354,  326,  180,  938],
        [  500,    0,  419,  457,    0,  647,  455,  372,  573,  404,  455,   33,  313,  186,  194,  397,  258,  256,  432,  460,  753,  216,  276,  599,  568,  529,  318,  533,  467,  399,  616,  165,  350,  284,  223,  334,  189,  243,  669,  401,  264,  187,  618,  383,  215,  607,  336,  396,  575,  564,  692,  484,  432,  189,  332,  308,  625,  416,  420,  314,  754,  296,  223,  471,  433,  715,  243,  254,  339,  212,  402,  190,  520,  462,  317,  523,  437,  409,  496,  360,  140,  235,  383,  564,  664,  241,  371,  616,  567,  555,  422,  246,  361,  159,  123,  416,  122,  382,  615,  659,  258,   69,  510,  536,  108,  602,  306,  498],
        [  487,    0,  638,  506,  647,    0,  626,  766,  501,  574, 1081,  622,  486,  744,  467, 1043,  399,  632,  224,  769,  332,  599,  831,  599,  833,  266,  960,  903,  480, 1045,  415,  745,  415,  503,  750,  755,  465,  864,  141,  895,  677,  547,  294,  358,  509,   52,  386,  260,  107,  556,  214,  478, 1070,  602,  669,  809,  672, 1056,  759,  442,  141,  937,  836, 1100,  795,   72,  884,  858,  983,  508,  960,  488,  426,  524,  628,  370,  530, 1032,  293,  626,  514,  661,  504,  121,  619,  568,  419,  118,  383,  176,  745,  405,  730,  605,  644,  506,  561,  751,  227,  317,  743,  663,  931,  218,  611,  209,  439,  928],
        [  159,    0,  812,  123,  455,  626,    0,  815,  203,   66,  648,  426,  644,  359,  356,  698,  370,  207,  445,  889,  897,  625,  383,  933,  995,  698,  691,  980,  152,  701,  304,  619,  240,  208,  328,  229,  458,  488,  732,  856,  698,  564,  788,  286,  275,  618,  284,  515,  627,  887,  791,  787,  673,  603,  753,  763,  172,  671,  168,  236,  766,  583,  659,  672,  873,  693,  634,  690,  702,  280,  460,  506,  788,  107,  724,  758,   96,  604,  685,  100,  384,  240,  134,  505,  231,  630,  223,  677,  800,  453,  149,  393,  178,  577,  564,  122,  350,  819,  746,  830,  286,  400,  963,  671,  348,  448,  247,  952],
        [  825,    0,  169,  790,  372,  766,  815,    0,  895,  757,  676,  396,  282,  543,  480,  544,  508,  625,  617,  103,  701,  202,  615,  371,  205,  533,  420,  167,  792,  545,  907,  238,  651,  619,  585,  704,  391,  529,  716,  150,  119,  269,  582,  658,  547,  715,  618,  524,  664,  364,  700,  352,  623,  219,   98,  120,  979,  600,  792,  626,  818,  515,  283,  679,   61,  815,  376,  273,  441,  542,  717,  342,  417,  800,  139,  458,  778,  645,  496,  724,  438,  607,  719,  737, 1003,  217,  676,  681,  483,  757,  794,  482,  733,  240,  253,  751,  466,   25,  620,  607,  625,  439,  170,  570,  474,  819,  614,  164],
        [   74,    0,  853,  120,  573,  501,  203,  895,    0,  202,  841,  541,  672,  528,  416,  877,  394,  366,  381,  952,  811,  694,  571,  932, 1051,  644,  852, 1061,  107,  880,  109,  735,  245,  290,  505,  426,  507,  665,  628,  964,  777,  627,  723,  251,  360,  509,  282,  478,  533,  884,  696,  783,  861,  677,  817,  867,  172,  857,  370,  270,  638,  760,  793,  866,  948,  559,  787,  825,  866,  365,  659,  557,  767,  122,  782,  726,  149,  796,  642,  277,  462,  405,  192,  386,  128,  687,  219,  580,  762,  327,  352,  421,  377,  657,  660,  160,  453,  894,  669,  762,  469,  534, 1056,  607,  472,  297,  282, 1047],
        [  140,    0,  749,   93,  404,  574,   66,  757,  202,    0,  640,  374,  580,  330,  293,  676,  305,  169,  385,  829,  837,  565,  369,  868,  934,  635,  658,  923,  120,  679,  290,  569,  177,  145,  304,  227,  395,  464,  675,  804,  640,  503,  725,  226,  213,  564,  221,  452,  569,  822,  733,  722,  659,  543,  692,  710,  222,  655,  193,  171,  714,  560,  615,  664,  815,  643,  597,  646,  671,  218,  462,  443,  723,   83,  663,  693,   59,  594,  621,   76,  323,  206,   73,  454,  264,  568,  163,  620,  736,  405,  176,  328,  183,  518,  509,   72,  293,  761,  685,  768,  267,  354,  909,  609,  298,  408,  182,  898],
        [  778,    0,  801,  729,  455, 1081,  648,  676,  841,  640,    0,  471,  752,  343,  614,  154,  682,  490,  858,  778, 1207,  627,  273, 1007,  872,  983,  266,  776,  753,  155,  926,  462,  705,  611,  349,  419,  641,  218, 1119,  592,  623,  626, 1072,  757,  580, 1046,  715,  843, 1020,  981, 1146,  917,   65,  603,  695,  558,  795,   86,  497,  668, 1199,  169,  393,   26,  728, 1151,  301,  404,  250,  579,  202,  644,  962,  722,  703,  972,  697,   49,  950,  565,  571,  451,  672,  982,  874,  662,  716, 1064, 1015,  957,  514,  679,  470,  578,  526,  695,  521,  697, 1070, 1112,  376,  421,  718,  990,  470,  989,  666,  704],
        [  467,    0,  432,  425,   33,  622,  426,  396,  541,  374,  471,    0,  313,  179,  164,  421,  230,  229,  405,  480,  740,  228,  274,  604,  589,  515,  348,  558,  434,  424,  583,  196,  317,  251,  214,  316,  171,  255,  650,  431,  284,  190,  606,  351,  183,  583,  304,  375,  553,  568,  675,  484,  452,  202,  349,  338,  595,  436,  398,  282,  732,  317,  256,  488,  456,  691,  273,  287,  368,  179,  404,  180,  516,  430,  331,  515,  405,  424,  483,  332,  111,  212,  351,  537,  633,  249,  338,  595,  560,  525,  399,  219,  340,  172,  144,  384,   89,  404,  600,  647,  244,   60,  538,  520,   79,  571,  273,  527],
        [  609,    0,  184,  585,  313,  486,  644,  282,  672,  580,  752,  313,    0,  491,  289,  662,  283,  496,  346,  299,  472,  138,  586,  299,  387,  268,  552,  428,  579,  664,  662,  313,  433,  436,  524,  610,  188,  551,  446,  413,  198,  128,  339,  422,  374,  434,  392,  247,  384,  259,  442,  171,  718,  155,  185,  333,  788,  698,  676,  418,  546,  585,  405,  765,  315,  536,  481,  419,  576,  369,  715,  146,  211,  598,  143,  225,  582,  709,  231,  572,  275,  496,  523,  459,  792,   99,  458,  406,  265,  484,  672,  256,  620,  176,  228,  552,  329,  268,  360,  374,  548,  372,  449,  298,  367,  548,  406,  445],
        [  458,    0,  604,  410,  186,  744,  359,  543,  528,  330,  343,  179,  491,    0,  283,  350,  348,  163,  520,  636,  904,  401,   97,  783,  744,  678,  332,  694,  430,  353,  599,  310,  364,  271,   43,  170,  335,  139,  794,  539,  442,  368,  771,  415,  238,  712,  373,  519,  691,  746,  829,  662,  345,  374,  513,  458,  528,  337,  267,  327,  867,  233,  319,  365,  604,  814,  278,  350,  343,  238,  231,  354,  693,  407,  501,  689,  380,  294,  649,  261,  250,  124,  343,  641,  589,  426,  376,  737,  734,  615,  275,  350,  213,  344,  304,  372,  192,  555,  758,  814,   88,  120,  660,  676,  141,  647,  325,  648],
        [  345,    0,  457,  312,  194,  467,  356,  480,  416,  293,  614,  164,  289,  283,    0,  581,   69,  221,  245,  543,  630,  280,  376,  583,  645,  406,  512,  646,  313,  584,  438,  336,  174,  149,  297,  346,  102,  398,  512,  553,  362,  215,  500,  194,   87,  432,  148,  237,  409,  539,  548,  441,  603,  262,  406,  456,  508,  590,  397,  146,  586,  472,  412,  634,  534,  537,  436,  440,  532,   82,  509,  150,  454,  322,  374,  436,  302,  566,  381,  285,   56,  232,  243,  375,  525,  278,  198,  455,  481,  362,  390,   68,  345,  242,  250,  274,   94,  480,  480,  544,  304,  197,  641,  398,  145,  408,  135,  632],
        [  808,    0,  683,  759,  397, 1043,  698,  544,  877,  676,  154,  421,  662,  350,  581,    0,  648,  512,  825,  644, 1129,  528,  318,  892,  733,  911,  125,  630,  779,    4,  948,  353,  703,  615,  373,  477,  584,  213, 1063,  446,  508,  541,  994,  749,  568, 1003,  704,  792,  970,  871, 1080,  817,   90,  508,  577,  424,  860,   68,  569,  666, 1149,  118,  270,  147,  592, 1111,  183,  272,  104,  566,  309,  574,  869,  756,  591,  885,  729,  150,  876,  605,  531,  473,  693,  955,  929,  566,  719, 1010,  926,  940,  583,  639,  529,  487,  435,  721,  491,  567, 1001, 1032,  413,  386,  571,  925,  446,  980,  661,  557],
        [  328,    0,  461,  303,  258,  399,  370,  508,  394,  305,  682,  230,  283,  348,   69,  648,    0,  268,  177,  560,  574,  306,  440,  564,  658,  353,  576,  672,  297,  651,  400,  389,  151,  167,  360,  396,  117,  466,  448,  595,  391,  239,  448,  151,  129,  365,  113,  177,  343,  518,  487,  418,  672,  293,  425,  498,  506,  658,  436,  137,  519,  540,  470,  702,  558,  469,  500,  498,  597,  126,  573,  166,  421,  316,  389,  396,  301,  634,  332,  313,  119,  286,  243,  308,  511,  296,  176,  390,  440,  297,  427,   27,  388,  278,  296,  270,  162,  504,  422,  492,  363,  265,  674,  341,  213,  347,  125,  666],
        [  297,    0,  645,  248,  256,  632,  207,  625,  366,  169,  490,  229,  496,  163,  221,  512,  268,    0,  415,  707,  841,  447,  218,  794,  814,  621,  490,  787,  268,  515,  439,  416,  225,  131,  142,  129,  311,  300,  705,  653,  511,  394,  716,  281,  140,  609,  248,  443,  599,  752,  751,  657,  501,  422,  572,  563,  378,  495,  180,  192,  765,  395,  452,  513,  684,  704,  430,  484,  503,  143,  334,  350,  673,  245,  550,  656,  218,  442,  598,  108,  222,   40,  184,  520,  431,  459,  231,  648,  701,  485,  177,  282,  126,  394,  372,  210,  170,  632,  689,  759,  117,  196,  765,  608,  151,  508,  194,  753],
        [  339,    0,  525,  339,  432,  224,  445,  617,  381,  385,  858,  405,  346,  520,  245,  825,  177,  415,    0,  645,  453,  426,  609,  562,  729,  265,  749,  771,  319,  827,  338,  547,  211,  288,  527,  541,  260,  642,  294,  727,  511,  364,  348,  160,  286,  194,  173,  107,  187,  515,  348,  416,  848,  421,  523,  634,  534,  835,  557,  231,  351,  717,  634,  878,  657,  295,  672,  659,  770,  285,  738,  295,  391,  357,  483,  347,  354,  809,  262,  423,  295,  442,  313,  134,  508,  402,  223,  237,  382,  141,  544,  187,  521,  417,  448,  325,  338,  607,  302,  389,  523,  442,  786,  231,  388,  203,  225,  780],
        [  885,    0,  132,  853,  460,  769,  889,  103,  952,  829,  778,  480,  299,  636,  543,  644,  560,  707,  645,    0,  659,  265,  712,  297,  109,  518,  520,  136,  853,  645,  954,  338,  708,  688,  678,  793,  446,  630,  701,  225,  197,  328,  552,  708,  617,  717,  672,  545,  663,  300,  674,  315,  725,  287,  138,  221, 1048,  702,  878,  686,  803,  617,  386,  781,   57,  810,  478,  375,  541,  612,  817,  396,  381,  864,  171,  430,  844,  748,  484,  802,  507,  692,  785,  756, 1066,  266,  734,  673,  446,  783,  879,  533,  820,  314,  338,  816,  542,   84,  598,  571,  716,  528,  179,  560,  557,  847,  674,  182],
        [  783,    0,  536,  789,  753,  332,  897,  701,  811,  837, 1207,  740,  472,  904,  630, 1129,  574,  841,  453,  659,    0,  608, 1000,  394,  681,  227, 1022,  788,  767, 1131,  738,  784,  661,  727,  924,  969,  572,  995,  192,  849,  657,  588,  136,  612,  702,  308,  620,  398,  278,  369,  119,  350, 1179,  625,  614,  787,  976, 1161, 1001,  675,  243, 1044,  877, 1222,  703,  309,  950,  889, 1046,  699, 1134,  564,  285,  807,  581,  250,  806, 1161,  258,  870,  655,  859,  764,  430,  935,  570,  675,  232,  218,  489,  990,  563,  958,  643,  694,  777,  714,  679,  153,   98,  933,  796,  837,  234,  764,  536,  667,  839],
        [  625,    0,  204,  591,  216,  599,  625,  202,  694,  565,  627,  228,  138,  401,  280,  528,  306,  447,  426,  265,  608,    0,  489,  389,  371,  403,  416,  368,  592,  530,  705,  177,  450,  424,  439,  544,  189,  435,  575,  302,   87,   68,  476,  457,  352,  550,  417,  344,  504,  358,  576,  291,  588,   28,  128,  212,  784,  568,  622,  425,  673,  458,  269,  637,  255,  656,  346,  282,  440,  347,  611,  141,  341,  602,  104,  361,  580,  586,  365,  539,  242,  436,  522,  553,  804,   39,  475,  531,  399,  566,  622,  280,  564,   58,  104,  553,  279,  200,  494,  511,  472,  284,  369,  428,  300,  626,  414,  361],
        [  506,    0,  690,  457,  276,  831,  383,  615,  571,  369,  273,  274,  586,   97,  376,  318,  440,  218,  609,  712, 1000,  489,    0,  874,  819,  774,  336,  757,  481,  321,  653,  377,  438,  344,   82,  159,  431,  120,  887,  592,  522,  461,  867,  493,  323,  802,  454,  613,  783,  839,  923,  757,  291,  462,  595,  519,  542,  289,  253,  403,  958,  209,  365,  297,  675,  903,  302,  392,  341,  324,  134,  451,  789,  451,  587,  785,  425,  226,  745,  294,  346,  181,  399,  725,  613,  516,  447,  830,  830,  696,  266,  444,  211,  432,  389,  423,  287,  629,  853,  910,  103,  214,  718,  772,  237,  723,  402,  704],
        [  877,    0,  211,  860,  599,  599,  933,  371,  932,  868, 1007,  604,  299,  783,  583,  892,  564,  794,  562,  297,  394,  389,  874,    0,  293,  335,  771,  412,  849,  894,  900,  546,  707,  726,  817,  908,  484,  823,  492,  516,  386,  415,  322,  684,  669,  551,  663,  458,  496,   48,  444,  149,  963,  415,  317,  484, 1065,  941,  974,  700,  587,  839,  623, 1015,  351,  619,  713,  623,  794,  664,  998,  445,  177,  875,  304,  232,  862,  969,  316,  867,  573,  794,  806,  632, 1057,  359,  731,  485,  218,  676,  969,  540,  919,  444,  492,  831,  628,  347,  384,  323,  845,  663,  470,  384,  664,  740,  688,  475],
        [  985,    0,  204,  955,  568,  833,  995,  205, 1051,  934,  872,  589,  387,  744,  645,  733,  658,  814,  729,  109,  681,  371,  819,  293,    0,  572,  610,  132,  953,  734, 1048,  443,  808,  792,  786,  902,  547,  734,  750,  294,  305,  432,  590,  804,  722,  781,  770,  626,  726,  313,  715,  360,  816,  394,  243,  316, 1152,  793,  986,  788,  851,  716,  484,  874,  147,  867,  575,  469,  629,  717,  921,  497,  421,  967,  272,  475,  947,  844,  541,  909,  612,  800,  888,  832, 1167,  368,  834,  729,  482,  864,  988,  631,  928,  421,  447,  919,  649,  190,  644,  602,  824,  637,  200,  618,  665,  929,  776,  210],
        [  602,    0,  387,  599,  529,  266,  698,  533,  644,  635,  983,  515,  268,  678,  406,  911,  353,  621,  265,  518,  227,  403,  774,  335,  572,    0,  809,  653,  581,  913,  592,  573,  459,  513,  699,  749,  346,  770,  184,  674,  465,  372,   95,  417,  481,  216,  415,  184,  161,  291,  174,  214,  957,  415,  438,  599,  798,  940,  786,  467,  286,  822,  667,  999,  551,  296,  735,  683,  833,  478,  908,  340,  161,  617,  399,  105,  611,  937,   38,  659,  429,  637,  564,  302,  772,  365,  476,  158,  126,  352,  776,  340,  741,  429,  479,  581,  488,  514,   92,  139,  709,  570,  689,   50,  538,  413,  457,  688],
        [  780,    0,  561,  732,  318,  960,  691,  420,  852,  658,  266,  348,  552,  332,  512,  125,  576,  490,  749,  520, 1022,  416,  336,  771,  610,  809,    0,  511,  749,  125,  912,  240,  654,  573,  366,  487,  496,  217,  968,  327,  388,  437,  888,  694,  516,  918,  647,  704,  881,  751,  980,  701,  207,  398,  455,  300,  859,  184,  585,  617, 1059,  139,  150,  265,  468, 1026,   77,  149,   25,  513,  373,  479,  755,  732,  471,  776,  705,  246,  772,  592,  458,  453,  661,  882,  919,  454,  673,  918,  814,  873,  596,  563,  536,  380,  331,  692,  429,  443,  900,  925,  411,  328,  453,  827,  392,  918,  610,  439],
        [  991,    0,  267,  957,  533,  903,  980,  167, 1061,  923,  776,  558,  428,  694,  646,  630,  672,  787,  771,  136,  788,  368,  757,  412,  132,  653,  511,    0,  959,  630, 1071,  384,  817,  786,  736,  859,  556,  661,  836,  185,  286,  435,  685,  823,  714,  851,  784,  674,  797,  423,  808,  449,  717,  385,  250,  239, 1145,  694,  950,  792,  938,  628,  401,  775,  115,  945,  487,  381,  528,  709,  847,  507,  514,  966,  290,  564,  944,  753,  619,  888,  605,  767,  886,  886, 1170,  378,  843,  808,  579,  911,  953,  646,  891,  407,  417,  918,  631,  169,  733,  702,  778,  598,   70,  696,  637,  974,  780,   81],
        [   34,    0,  758,   30,  467,  480,  152,  792,  107,  120,  753,  434,  579,  430,  313,  779,  297,  268,  319,  853,  767,  592,  481,  849,  953,  581,  749,  959,    0,  782,  173,  629,  147,  184,  410,  346,  407,  568,  593,  858,  674,  526,  667,  168,  254,  477,  188,  405,  491,  803,  656,  701,  768,  574,  717,  762,  219,  763,  310,  167,  620,  662,  687,  777,  846,  545,  683,  719,  764,  259,  580,  457,  691,   46,  683,  654,   62,  707,  574,  194,  357,  308,   88,  359,  215,  587,  122,  541,  693,  305,  292,  324,  302,  554,  555,   59,  347,  792,  619,  707,  378,  429,  952,  549,  367,  297,  179,  943],
        [  811,    0,  684,  762,  399, 1045,  701,  545,  880,  679,  155,  424,  664,  353,  584,    4,  651,  515,  827,  645, 1131,  530,  321,  894,  734,  913,  125,  630,  782,    0,  951,  355,  706,  618,  376,  480,  586,  216, 1065,  447,  509,  544,  996,  752,  571, 1005,  707,  794,  973,  872, 1082,  819,   90,  510,  578,  425,  863,   69,  572,  669, 1152,  121,  271,  147,  592, 1113,  184,  273,  105,  569,  311,  577,  870,  759,  592,  887,  732,  152,  878,  608,  533,  476,  696,  958,  932,  567,  722, 1013,  928,  942,  586,  642,  532,  489,  438,  724,  494,  568, 1003, 1034,  416,  389,  571,  927,  449,  983,  664,  556],
        [  151,    0,  845,  198,  616,  415,  304,  907,  109,  290,  926,  583,  662,  599,  438,  948,  400,  439,  338,  954,  738,  705,  653,  900, 1048,  592,  912, 1071,  173,  951,    0,  771,  267,  339,  581,  517,  517,  738,  549,  990,  791,  638,  662,  249,  401,  431,  292,  443,  464,  852,  620,  753,  940,  692,  822,  894,  274,  934,  471,  302,  548,  831,  838,  950,  956,  467,  843,  869,  928,  405,  751,  565,  728,  207,  785,  682,  231,  879,  596,  365,  490,  479,  257,  309,  206,  693,  245,  506,  715,  250,  453,  426,  471,  676,  687,  231,  494,  903,  604,  698,  550,  587, 1073,  550,  523,  207,  311, 1065],
        [  662,    0,  340,  620,  165,  745,  619,  238,  735,  569,  462,  196,  313,  310,  336,  353,  389,  416,  547,  338,  784,  177,  377,  546,  443,  573,  240,  384,  629,  355,  771,    0,  504,  446,  353,  476,  287,  294,  738,  238,  162,  204,  650,  530,  376,  699,  484,  485,  657,  521,  746,  464,  418,  159,  236,  149,  789,  397,  569,  471,  833,  294,   95,  470,  298,  807,  171,  114,  264,  371,  480,  258,  517,  626,  242,  537,  600,  425,  536,  522,  282,  391,  546,  680,  828,  215,  527,  690,  575,  681,  574,  370,  511,  145,  101,  579,  283,  255,  665,  686,  395,  221,  353,  594,  272,  735,  461,  341],
        [  177,    0,  612,  153,  350,  415,  240,  651,  245,  177,  705,  317,  433,  364,  174,  703,  151,  225,  211,  708,  661,  450,  438,  707,  808,  459,  654,  817,  147,  706,  267,  504,    0,   95,  358,  342,  263,  500,  504,  726,  533,  383,  549,   58,  139,  397,   46,  276,  397,  661,  559,  559,  708,  433,  573,  629,  358,  699,  348,   38,  552,  588,  572,  727,  704,  486,  583,  603,  672,  142,  558,  313,  554,  168,  538,  521,  157,  656,  446,  214,  224,  259,  106,  299,  360,  443,   26,  448,  563,  261,  334,  178,  315,  415,  422,  126,  229,  650,  509,  592,  341,  327,  814,  433,  263,  285,   45,  805],
        [  217,    0,  605,  175,  284,  503,  208,  619,  290,  145,  611,  251,  436,  271,  149,  615,  167,  131,  288,  688,  727,  424,  344,  726,  792,  513,  573,  786,  184,  618,  339,  446,   95,    0,  263,  253,  251,  408,  581,  677,  501,  360,  607,  151,   73,  481,  118,  331,  474,  682,  631,  582,  616,  403,  551,  581,  361,  608,  274,   61,  637,  498,  505,  634,  676,  574,  504,  536,  590,   78,  464,  299,  587,  182,  520,  562,  159,  563,  495,  147,  182,  164,  101,  389,  386,  425,  105,  524,  606,  354,  264,  188,  233,  380,  375,  134,  164,  621,  574,  650,  247,  248,  775,  495,  185,  380,   64,  765],
        [  437,    0,  642,  388,  223,  750,  328,  585,  505,  304,  349,  214,  524,   43,  297,  373,  360,  142,  527,  678,  924,  439,   82,  817,  786,  699,  366,  736,  410,  376,  581,  353,  358,  263,    0,  128,  359,  161,  807,  581,  483,  403,  793,  412,  242,  720,  372,  534,  703,  780,  845,  694,  359,  412,  553,  500,  494,  354,  226,  322,  877,  257,  361,  372,  645,  821,  317,  392,  376,  242,  213,  383,  722,  384,  540,  715,  357,  301,  671,  232,  271,  104,  325,  644,  558,  462,  368,  750,  760,  614,  235,  365,  173,  382,  344,  352,  211,  597,  776,  836,   47,  156,  703,  694,  163,  642,  321,  690],
        [  367,    0,  746,  319,  334,  755,  229,  704,  426,  227,  419,  316,  610,  170,  346,  477,  396,  129,  541,  793,  969,  544,  159,  908,  902,  749,  487,  859,  346,  480,  517,  476,  342,  253,  128,    0,  430,  273,  833,  708,  597,  498,  843,  400,  268,  734,  370,  572,  725,  868,  879,  776,  445,  517,  664,  625,  383,  445,   99,  313,  890,  367,  489,  444,  764,  826,  443,  520,  495,  271,  235,  465,  795,  310,  647,  781,  286,  376,  726,  153,  339,  116,  275,  640,  457,  562,  343,  775,  826,  601,  109,  409,   53,  487,  456,  291,  282,  714,  818,  887,   83,  266,  828,  736,  246,  617,  317,  816],
        [  439,    0,  356,  409,  189,  465,  458,  391,  507,  395,  641,  171,  188,  335,  102,  584,  117,  311,  260,  446,  572,  189,  431,  484,  547,  346,  496,  556,  407,  586,  517,  287,  263,  251,  359,  430,    0,  426,  481,  480,  275,  122,  438,  268,  186,  422,  228,  209,  387,  442,  505,  347,  620,  176,  310,  384,  608,  604,  490,  241,  566,  485,  375,  658,  442,  530,  420,  399,  519,  182,  565,   51,  366,  421,  276,  356,  402,  594,  315,  384,   92,  315,  343,  394,  621,  181,  288,  427,  401,  396,  485,   92,  436,  163,  189,  373,  151,  388,  430,  480,  376,  225,  557,  350,  197,  451,  229,  549],
        [  596,    0,  626,  547,  243,  864,  488,  529,  665,  464,  218,  255,  551,  139,  398,  213,  466,  300,  642,  630,  995,  435,  120,  823,  734,  770,  217,  661,  568,  216,  738,  294,  500,  408,  161,  273,  426,    0,  902,  488,  451,  423,  860,  549,  369,  829,  505,  626,  803,  793,  930,  720,  210,  410,  525,  424,  652,  200,  369,  462,  981,   96,  261,  237,  588,  934,  187,  285,  223,  368,  188,  432,  760,  544,  524,  765,  517,  170,  737,  393,  354,  261,  482,  768,  719,  468,  513,  847,  809,  746,  382,  462,  324,  382,  332,  509,  304,  547,  855,  901,  203,  204,  616,  775,  254,  781,  459,  602],
        [  605,    0,  570,  617,  669,  141,  732,  716,  628,  675, 1119,  650,  446,  794,  512, 1063,  448,  705,  294,  701,  192,  575,  887,  492,  750,  184,  968,  836,  593, 1065,  549,  738,  504,  581,  807,  833,  481,  902,    0,  856,  643,  535,  172,  450,  571,  120,  467,  277,  108,  453,   74,  391, 1101,  584,  620,  778,  796, 1085,  851,  525,  103,  965,  832, 1137,  735,  131,  893,  851,  992,  569, 1020,  490,  331,  635,  581,  276,  638, 1071,  220,  717,  549,  729,  602,  243,  749,  539,  514,   58,  275,  302,  838,  445,  814,  594,  640,  610,  604,  698,  108,  185,  808,  699,  873,  148,  655,  345,  518,  872],
        [  891,    0,  318,  851,  401,  895,  856,  150,  964,  804,  592,  431,  413,  539,  553,  446,  595,  653,  727,  225,  849,  302,  592,  516,  294,  674,  327,  185,  858,  447,  990,  238,  726,  677,  581,  708,  480,  488,  856,    0,  220,  365,  729,  743,  605,  845,  699,  644,  796,  512,  844,  500,  533,  307,  238,   97, 1025,  510,  803,  695,  956,  447,  228,  591,  168,  948,  308,  203,  344,  600,  672,  437,  565,  858,  276,  605,  834,  570,  637,  759,  503,  628,  778,  855, 1062,  330,  750,  818,  631,  867,  808,  571,  746,  317,  305,  811,  515,  173,  763,  755,  626,  458,  130,  709,  508,  927,  685,  116],
        [  707,    0,  179,  672,  264,  677,  698,  119,  777,  640,  623,  284,  198,  442,  362,  508,  391,  511,  511,  197,  657,   87,  522,  386,  305,  465,  388,  286,  674,  509,  791,  162,  533,  501,  483,  597,  275,  451,  643,  220,    0,  154,  529,  542,  429,  627,  501,  425,  578,  364,  637,  319,  577,  100,   75,  135,  861,  556,  682,  507,  743,  455,  239,  630,  176,  731,  327,  242,  411,  424,  635,  227,  378,  681,   84,  408,  659,  586,  427,  609,  320,  496,  601,  636,  885,  111,  559,  602,  441,  651,  683,  366,  623,  122,  142,  633,  349,  122,  555,  560,  520,  332,  283,  495,  361,  712,  496,  275],
        [  558,    0,  252,  526,  187,  547,  564,  269,  627,  503,  626,  190,  128,  368,  215,  541,  239,  394,  364,  328,  588,   68,  461,  415,  432,  372,  437,  435,  526,  544,  638,  204,  383,  360,  403,  498,  122,  423,  535,  365,  154,    0,  453,  390,  290,  499,  349,  288,  456,  379,  544,  298,  594,   58,  191,  271,  721,  574,  572,  359,  630,  460,  298,  639,  321,  607,  363,  316,  461,  285,  588,   74,  338,  537,  161,  347,  516,  583,  336,  482,  181,  387,  457,  494,  739,   66,  409,  488,  389,  504,  570,  213,  515,   59,  107,  489,  224,  267,  463,  491,  431,  249,  436,  391,  253,  563,  347,  428],
        [  686,    0,  424,  686,  618,  294,  788,  582,  723,  725, 1072,  606,  339,  771,  500,  994,  448,  716,  348,  552,  136,  476,  867,  322,  590,   95,  888,  685,  667,  996,  662,  650,  549,  607,  793,  843,  438,  860,  172,  729,  529,  453,    0,  505,  576,  252,  506,  277,  205,  285,  125,  237, 1044,  492,  492,  661,  882, 1025,  880,  559,  266,  908,  744, 1087,  592,  301,  816,  757,  912,  573, 1001,  429,  172,  704,  456,  125,  700, 1026,  123,  752,  522,  731,  654,  360,  850,  438,  566,  177,  109,  416,  870,  435,  835,  508,  560,  670,  582,  562,   68,   44,  803,  661,  729,  118,  632,  472,  550,  729],
        [  194,    0,  604,  184,  383,  358,  286,  658,  251,  226,  757,  351,  422,  415,  194,  749,  151,  281,  160,  708,  612,  457,  493,  684,  804,  417,  694,  823,  168,  752,  249,  530,   58,  151,  412,  400,  268,  549,  450,  743,  542,  390,  505,    0,  182,  341,   48,  238,  344,  636,  507,  535,  758,  443,  575,  647,  386,  748,  403,   90,  495,  635,  604,  779,  708,  428,  621,  633,  713,  184,  614,  317,  524,  201,  538,  486,  196,  708,  408,  269,  248,  315,  153,  241,  375,  445,   64,  394,  526,  204,  390,  177,  372,  428,  442,  166,  265,  655,  461,  546,  397,  368,  824,  388,  305,  233,   91,  816],
        [  287,    0,  538,  247,  215,  509,  275,  547,  360,  213,  580,  183,  374,  238,   87,  568,  129,  140,  286,  617,  702,  352,  323,  669,  722,  481,  516,  714,  254,  571,  401,  376,  139,   73,  242,  268,  186,  369,  571,  605,  429,  290,  576,  182,    0,  480,  137,  305,  465,  625,  614,  527,  578,  331,  480,  509,  432,  567,  312,  102,  636,  453,  438,  601,  604,  580,  445,  469,  534,    6,  453,  232,  539,  255,  451,  518,  231,  531,  459,  198,  111,  159,  174,  404,  459,  356,  158,  514,  563,  378,  305,  143,  262,  307,  303,  207,   94,  549,  550,  620,  238,  189,  703,  469,  125,  413,   95,  693],
        [  488,    0,  587,  501,  607,   52,  618,  715,  509,  564, 1046,  583,  434,  712,  432, 1003,  365,  609,  194,  717,  308,  550,  802,  551,  781,  216,  918,  851,  477, 1005,  431,  699,  397,  481,  720,  734,  422,  829,  120,  845,  627,  499,  252,  341,  480,    0,  364,  215,   56,  507,  190,  427, 1033,  554,  618,  760,  677, 1018,  744,  422,  157,  899,  790, 1065,  743,  109,  841,  812,  940,  479,  932,  442,  376,  520,  577,  320,  523,  997,  242,  610,  476,  636,  492,  124,  630,  518,  404,   79,  336,  183,  731,  368,  711,  557,  598,  497,  526,  700,  186,  280,  716,  626,  880,  167,  577,  229,  417,  877],
        [  218,    0,  572,  197,  336,  386,  284,  618,  282,  221,  715,  304,  392,  373,  148,  704,  113,  248,  173,  672,  620,  417,  454,  663,  770,  415,  647,  784,  188,  707,  292,  484,   46,  118,  372,  370,  228,  505,  467,  699,  501,  349,  506,   48,  137,  364,    0,  232,  360,  616,  519,  515,  715,  402,  537,  603,  403,  704,  384,   58,  520,  590,  557,  737,  670,  457,  574,  586,  666,  139,  578,  278,  509,  213,  502,  476,  202,  667,  402,  251,  202,  278,  150,  274,  401,  407,   68,  410,  518,  243,  372,  139,  348,  385,  397,  171,  218,  616,  467,  549,  360,  321,  783,  390,  259,  277,   54,  775],
        [  429,    0,  422,  421,  396,  260,  515,  524,  478,  452,  843,  375,  247,  519,  237,  792,  177,  443,  107,  545,  398,  344,  613,  458,  626,  184,  704,  674,  405,  794,  443,  485,  276,  331,  534,  572,  209,  626,  277,  644,  425,  288,  277,  238,  305,  215,  232,    0,  179,  410,  312,  311,  826,  344,  429,  555,  623,  810,  604,  283,  359,  691,  576,  861,  561,  323,  627,  599,  726,  302,  746,  228,  290,  438,  388,  250,  430,  795,  171,  476,  273,  463,  381,  214,  605,  315,  295,  221,  289,  239,  594,  170,  561,  345,  384,  400,  328,  513,  246,  320,  539,  422,  693,  165,  379,  303,  274,  688],
        [  506,    0,  532,  514,  575,  107,  627,  664,  533,  569, 1020,  553,  384,  691,  409,  970,  343,  599,  187,  663,  278,  504,  783,  496,  726,  161,  881,  797,  491,  973,  464,  657,  397,  474,  703,  725,  387,  803,  108,  796,  578,  456,  205,  344,  465,   56,  360,  179,    0,  452,  165,  372, 1004,  509,  567,  712,  699,  989,  743,  417,  180,  870,  750, 1039,  690,  153,  805,  771,  904,  464,  915,  403,  321,  532,  526,  265,  534,  972,  186,  610,  449,  623,  497,  157,  658,  470,  408,   51,  282,  215,  731,  343,  707,  515,  558,  506,  502,  648,  142,  236,  702,  599,  827,  112,  553,  268,  411,  824],
        [  830,    0,  197,  813,  564,  556,  887,  364,  884,  822,  981,  568,  259,  746,  539,  871,  518,  752,  515,  300,  369,  358,  839,   48,  313,  291,  751,  423,  803,  872,  852,  521,  661,  682,  780,  868,  442,  793,  453,  512,  364,  379,  285,  636,  625,  507,  616,  410,  452,    0,  409,  102,  939,  383,  299,  471, 1019,  917,  932,  654,  550,  812,  602,  990,  351,  578,  690,  605,  774,  621,  965,  404,  132,  829,  281,  187,  816,  942,  271,  823,  531,  753,  760,  586, 1010,  326,  684,  443,  179,  630,  927,  494,  877,  412,  461,  785,  587,  339,  346,  291,  806,  627,  477,  340,  625,  694,  642,  481],
        [  670,    0,  545,  679,  692,  214,  791,  700,  696,  733, 1146,  675,  442,  829,  548, 1080,  487,  751,  348,  674,  119,  576,  923,  444,  715,  174,  980,  808,  656, 1082,  620,  746,  559,  631,  845,  879,  505,  930,   74,  844,  637,  544,  125,  507,  614,  190,  519,  312,  165,  409,    0,  360, 1123,  588,  606,  771,  863, 1106,  903,  576,  146,  987,  840, 1162,  712,  197,  906,  856, 1004,  612, 1057,  507,  296,  697,  569,  245,  698, 1099,  212,  770,  580,  772,  660,  312,  819,  539,  571,  117,  233,  372,  891,  481,  864,  602,  650,  670,  637,  680,   82,  124,  849,  727,  850,  156,  689,  417,  569,  850],
        [  728,    0,  188,  712,  484,  478,  787,  352,  783,  722,  917,  484,  171,  662,  441,  817,  418,  657,  416,  315,  350,  291,  757,  149,  360,  214,  701,  449,  701,  819,  753,  464,  559,  582,  694,  776,  347,  720,  391,  500,  319,  298,  237,  535,  527,  427,  515,  311,  372,  102,  360,    0,  879,  314,  267,  442,  917,  858,  836,  553,  492,  748,  552,  928,  356,  509,  635,  559,  725,  523,  886,  312,   66,  727,  238,  117,  715,  875,  186,  724,  438,  661,  659,  495,  909,  255,  582,  371,  133,  536,  830,  394,  782,  340,  391,  684,  495,  329,  286,  258,  717,  543,  492,  261,  535,  600,  542,  493],
        [  795,    0,  755,  746,  432, 1070,  673,  623,  861,  659,   65,  452,  718,  345,  603,   90,  672,  501,  848,  725, 1179,  588,  291,  963,  816,  957,  207,  717,  768,   90,  940,  418,  708,  616,  359,  445,  620,  210, 1101,  533,  577,  594, 1044,  758,  578, 1033,  715,  826, 1004,  939, 1123,  879,    0,  566,  649,  504,  827,   24,  530,  671, 1183,  136,  343,   59,  673, 1139,  251,  350,  190,  577,  247,  618,  927,  741,  659,  940,  714,   77,  923,  585,  557,  462,  684,  976,  902,  625,  721, 1046,  982,  955,  546,  666,  498,  543,  490,  710,  511,  645, 1046, 1083,  392,  407,  658,  968,  462,  990,  668,  644],
        [  607,    0,  231,  572,  189,  602,  603,  219,  677,  543,  603,  202,  155,  374,  262,  508,  293,  422,  421,  287,  625,   28,  462,  415,  394,  415,  398,  385,  574,  510,  692,  159,  433,  403,  412,  517,  176,  410,  584,  307,  100,   58,  492,  443,  331,  554,  402,  344,  509,  383,  588,  314,  566,    0,  151,  214,  763,  546,  597,  408,  681,  435,  253,  614,  273,  660,  327,  268,  422,  326,  584,  130,  362,  582,  130,  379,  561,  562,  378,  516,  221,  410,  502,  551,  786,   60,  459,  539,  419,  561,  597,  267,  539,   31,   78,  534,  255,  219,  507,  528,  445,  257,  382,  438,  274,  620,  396,  373],
        [  749,    0,  107,  717,  332,  669,  753,   98,  817,  692,  695,  349,  185,  513,  406,  577,  425,  572,  523,  138,  614,  128,  595,  317,  243,  438,  455,  250,  717,  578,  822,  236,  573,  551,  553,  664,  310,  525,  620,  238,   75,  191,  492,  575,  480,  618,  537,  429,  567,  299,  606,  267,  649,  151,    0,  176,  911,  626,  746,  550,  722,  529,  307,  702,  135,  718,  398,  307,  478,  475,  709,  260,  330,  728,   42,  368,  707,  660,  401,  667,  370,  560,  648,  642,  930,  130,  598,  585,  396,  663,  747,  399,  688,  179,  210,  680,  406,   84,  526,  519,  589,  400,  265,  474,  424,  726,  538,  260],
        [  795,    0,  275,  756,  308,  809,  763,  120,  867,  710,  558,  338,  333,  458,  456,  424,  498,  563,  634,  221,  787,  212,  519,  484,  316,  599,  300,  239,  762,  425,  894,  149,  629,  581,  500,  625,  384,  424,  778,   97,  135,  271,  661,  647,  509,  760,  603,  555,  712,  471,  771,  442,  504,  214,  176,    0,  932,  481,  718,  599,  878,  400,  169,  561,  170,  864,  260,  155,  321,  505,  611,  342,  505,  763,  207,  539,  739,  529,  562,  668,  407,  539,  682,  763,  967,  242,  654,  737,  570,  774,  723,  475,  660,  221,  208,  715,  419,  144,  690,  691,  544,  369,  204,  630,  415,  833,  588,  192],
        [  196,    0,  962,  206,  625,  672,  172,  979,  172,  222,  795,  595,  788,  528,  508,  860,  506,  378,  534, 1048,  976,  784,  542, 1065, 1152,  798,  859, 1145,  219,  863,  274,  789,  358,  361,  494,  383,  608,  652,  796, 1025,  861,  721,  882,  386,  432,  677,  403,  623,  699, 1019,  863,  917,  827,  763,  911,  932,    0,  828,  299,  370,  810,  747,  830,  820, 1036,  730,  804,  862,  870,  437,  599,  657,  909,  191,  881,  872,  207,  755,  792,  271,  542,  411,  265,  555,   93,  785,  335,  747,  911,  497,  282,  532,  331,  739,  730,  236,  515,  981,  831,  922,  450,  571, 1130,  764,  518,  469,  382, 1120],
