{
    "name": "random-94-19932",
    "comment": "size=94 seed=19932",
    "nodes": ["+0", "-0", "+1", "-1", "+2", "-2", "+3", "-3", "+4", "-4", "+5", "-5", "+6", "-6", "+7", "-7", "+8", "-8", "+9", "-9", "+10", "-10", "+11", "-11", "+12", "-12", "+13", "-13", "+14", "-14", "+15", "-15", "+16", "-16", "+17", "-17", "+18", "-18", "+19", "-19", "+20", "-20", "+21", "-21", "+22", "-22", "+23", "-23", "+24", "-24", "+25", "-25", "+26", "-26", "+27", "-27", "+28", "-28", "+29", "-29", "+30", "-30", "+31", "-31", "+32", "-32", "+33", "-33", "+34", "-34", "+35", "-35", "+36", "-36", "+37", "-37", "+38", "-38", "+39", "-39", "+40", "-40", "+41", "-41", "+42", "-42", "+43", "-43", "+44", "-44", "+45", "-45", "+46", "-46", "+47", "-47", "+48", "-48", "+49", "-49", "+50", "-50", "+51", "-51", "+52", "-52", "+53", "-53", "+54", "-54", "+55", "-55", "+56", "-56", "+57", "-57", "+58", "-58", "+59", "-59", "+60", "-60", "+61", "-61", "+62", "-62", "+63", "-63", "+64", "-64", "+65", "-65", "+66", "-66", "+67", "-67", "+68", "-68", "+69", "-69", "+70", "-70", "+71", "-71", "+72", "-72", "+73", "-73", "+74", "-74", "+75", "-75", "+76", "-76", "+77", "-77", "+78", "-78", "+79", "-79", "+80", "-80", "+81", "-81", "+82", "-82", "+83", "-83", "+84", "-84", "+85", "-85", "+86", "-86", "+87", "-87", "+88", "-88", "+89", "-89", "+90", "-90", "+91", "-91", "+92", "-92", "+93", "-93", "+94", "-94"],
    "precedence": {
        "+0": "-0",
        "+1": "-1",
        "+2": "-2",
        "+3": "-3",
        "+4": "-4",
        "+5": "-5",
        "+6": "-6",
        "+7": "-7",
        "+8": "-8",
        "+9": "-9",
        "+10": "-10",
        "+11": "-11",
        "+12": "-12",
        "+13": "-13",
        "+14": "-14",
        "+15": "-15",
        "+16": "-16",
        "+17": "-17",
        "+18": "-18",
        "+19": "-19",
        "+20": "-20",
        "+21": "-21",
        "+22": "-22",
        "+23": "-23",
        "+24": "-24",
        "+25": "-25",
        "+26": "-26",
        "+27": "-27",
        "+28": "-28",
        "+29": "-29",
        "+30": "-30",
        "+31": "-31",
        "+32": "-32",
        "+33": "-33",
        "+34": "-34",
        "+35": "-35",
        "+36": "-36",
        "+37": "-37",
        "+38": "-38",
        "+39": "-39",
        "+40": "-40",
        "+41": "-41",
        "+42": "-42",
        "+43": "-43",
        "+44": "-44",
        "+45": "-45",
        "+46": "-46",
        "+47": "-47",
        "+48": "-48",
        "+49": "-49",
        "+50": "-50",
        "+51": "-51",
        "+52": "-52",
        "+53": "-53",
        "+54": "-54",
        "+55": "-55",
        "+56": "-56",
        "+57": "-57",
        "+58": "-58",
        "+59": "-59",
        "+60": "-60",
        "+61": "-61",
        "+62": "-62",
        "+63": "-63",
        "+64": "-64",
        "+65": "-65",
        "+66": "-66",
        "+67": "-67",
        "+68": "-68",
        "+69": "-69",
        "+70": "-70",
        "+71": "-71",
        "+72": "-72",
        "+73": "-73",
        "+74": "-74",
        "+75": "-75",
        "+76": "-76",
        "+77": "-77",
        "+78": "-78",
        "+79": "-79",
        "+80": "-80",
        "+81": "-81",
        "+82": "-82",
        "+83": "-83",
        "+84": "-84",
        "+85": "-85",
        "+86": "-86",
        "+87": "-87",
        "+88": "-88",
        "+89": "-89",
        "+90": "-90",
        "+91": "-91",
        "+92": "-92",
        "+93": "-93",
        "+94": "-94"
    },
    "edges": [
        [    0,    0,  730,  792,  393,  127,  810,  718,  738,  486,  593,  683,  502,  503,  481,  346,  784,  660,  502,  325,  186,  782,  209,  290,  290,  828,  858,  657,  554,  399,  750,  469,  154,  778,  568,  800,  379,   93,  576,  821,  570,  833,  398,  663,  544,  936,  141,  941,  494,  415,  217,  222,  921,  370,  305,  715,   78,  152,  352,  558,  264,  328,  883,  411,  442,  704,  535,  316,  512,  417,  839,  705,  449,   71,  479,  689,  355,  187,  550,  270,  400,  633,  464,  524,  462,  264,  783,  392,  681,  530,  741,  846,  849,  722,  228,  980,  681,  677,  892,  862,  724,  535,  718,  519,  685,  215,  612,  567,  460,  638,  493,  958,  151,  200,  564,  827,  359,  142,  360,  533,  969,  156,  711,  558,  765,  498,  372,   77,  124,  640,  588,  606,  189,  802,  948,  598,  179,  686,  675,  857,  243,  770,  609,  893,  916,  815,  196,  273,  627,  626,  855,  654,  567,  690, 1036,  628,  378,  515,  264,  897,  371,  323,  246,  193,  848,  151,  319,  762,  466,  169,  210,  730,  956,  630,  877,  602,  790,  544,  745,  647,  625,  959,  830,  687,  771,  845,  145,  313,  749,  535],
        [    0,    0,    0,    0,    0,    0,    0,    0,    0,    0,    0,    0,    0,    0,    0,    0,    0,    0,    0,    0,    0,    0,    0,    0,    0,    0,    0,    0,    0,    0,    0,    0,    0,    0,    0,    0,    0,    0,    0,    0,    0,    0,    0,    0,    0,    0,    0,    0,    0,    0,    0,    0,    0,    0,    0,    0,    0,    0,    0,    0,    0,    0,    0,    0,    0,    0,    0,    0,    0,    0,    0,    0,    0,    0,    0,    0,    0,    0,    0,    0,    0,    0,    0,    0,    0,    0,    0,    0,    0,    0,    0,    0,    0,    0,    0,    0,    0,    0,    0,    0,    0,    0,    0,    0,    0,    0,    0,    0,    0,    0,    0,    0,    0,    0,    0,    0,    0,    0,    0,    0,    0,    0,    0,    0,    0,    0,    0,    0,    0,    0,    0,    0,    0,    0,    0,    0,    0,    0,    0,    0,    0,    0,    0,    0,    0,    0,    0,    0,    0,    0,    0,    0,    0,    0,    0,    0,    0,    0,    0,    0,    0,    0,    0,    0,    0,    0,    0,    0,    0,    0,    0,    0,    0,    0,    0,    0,    0,    0,    0,    0,    0,    0,    0,    0,    0,    0,    0,    0,    0,    0],
        [  730,    0,    0,  564,  852,  642,  919,  807,  805,  480,  765,  483,  235,  256,  251,  390,  508,  881,  331,  654,  578,  829,  546,  750,  884,  466,  468,  220,  564,  408,  777,  342,  716,  799,  969,  432,  384,  638,  155,  888,  724,  547,  848,  947,  330,  754,  783,  673,  460,  335,  916,  743,  705,  753,  426,  160,  766,  881,  410,  689,  904,  837,  929,  345,  297,  430,  320,  853,  690,  845,  682,  987,  876,  770,  330,  798,  396,  834,  841,  467,  357,  516,  273,  483,  536,  641,  584,  943,  739,  981,  716,  789, 1069,  452,  786,  691,  132,  215,  468,  435,  713,  892,   34,  988,  229,  939,  996,  256,  756,  524,  238,  710,  871,  823,  248,  553,  719,  845,  868,  218,  745,  884,  451,  904, 1081,  441,  358,  658,  648,  266,  235,  264,  718,  628,  775, 1025,  562,  451,  792,  655,  591,  735,  744,  767,  649,  623,  717,  457,  185,  212, 1038,  416,  479,  941,  644,  653,  358,  258,  988,  634,  546,  991,  975,  557, 1042,  605,  863, 1084,  984,  890,  933, 1032,  683,  100, 1077,  655,  717,  592,  127,  908,  191,  523, 1166,  224,  720,  710,  874,  439,  261, 1026],
        [  792,    0,  564,    0,  621,  792,  411,  328,  312,  308,  372,  118,  505,  453,  535,  549,   61,  458,  367,  501,  761,  316,  737,  597,  742,  136,  163,  740,  250,  747,  271,  732,  673,  281,  635,  153,  688,  718,  549,  368,  349,   60,  613,  538,  325,  195,  740,  153,  302,  651,  864,  642,  155,  538,  625,  406,  864,  915,  497,  327,  794,  654,  391,  479,  613,  142,  760,  683,  367,  595,  119,  562,  606,  861,  725,  337,  512,  765,  489,  667,  669,  159,  509,  269,  333,  545,   29,  736,  276,  679,  206,  238,  584,  116,  678,  191,  436,  353,  200,  200,  214,  561,  531,  697,  761,  927,  637,  715,  468,  155,  570,  178,  866,  740,  704,   49,  517,  824,  666,  466,  202,  898,  121,  559,  650,  304,  579,  721,  798,  774,  377,  335,  648,   69,  216,  688,  636,  134,  340,   94,  550,  210,  337,  203,  127,   59,  643,  627,  685,  713,  542,  178,  227,  512,  259,  234,  535,  666,  966,  107,  422,  874,  982,  735,  551,  763,  692,  656,  734,  948,  981,  606,  168,  547,  581,  259,  178,  271,  446,  500,  690,  233,  728,  757,  192,  148,  903,  533,  311,  738],
        [  393,    0,  852,  621,    0,  492,  465,  405,  430,  403,  283,  553,  631,  597,  630,  507,  645,  299,  528,  199,  521,  470,  524,  123,  153,  716,  750,  879,  385,  684,  458,  731,  249,  480,  176,  704,  636,  398,  722,  490,  286,  678,    9,  281,  545,  695,  258,  742,  423,  644,  310,  178,  700,  101,  529,  762,  462,  424,  460,  299,  212,   69,  549,  518,  644,  604,  796,   92,  255,   33,  613,  319,   57,  452,  736,  375,  481,  237,  189,  527,  642,  486,  598,  422,  345,  227,  601,  116,  398,  148,  480,  567,  466,  610,  166,  782,  749,  702,  791,  772,  462,  149,  827,  146,  909,  389,  220,  799,  155,  486,  664,  745,  355,  212,  792,  669,  134,  316,   53,  636,  740,  393,  600,  172,  372,  440,  558,  378,  494,  881,  632,  623,  217,  598,  700,  213,  392,  575,  362,  649,  289,  504,  315,  635,  723,  616,  211,  498,  831,  844,  478,  567,  455,  314,  878,  394,  529,  734,  409,  708,  307,  272,  445,  510,  470,  494,   96,  369,  134,  468,  481,  339,  755,  766,  495,  366,  536,  357,  806,  274,  832,  843,  438,  909,  512,  606,  411,  447,  742,  179],
        [  127,    0,  642,  792,  492,    0,  872,  771,  788,  487,  651,  677,  427,  440,  400,  282,  776,  732,  463,  379,   68,  832,   97,  377,  408,  808,  835,  546,  573,  280,  794,  354,  244,  823,  667,  777,  271,   98,  489,  876,  622,  826,  495,  747,  508,  954,  258,  945,  490,  313,  342,  314,  932,  448,  221,  651,  128,  256,  310,  604,  388,  432,  937,  357,  347,  687,  418,  425,  562,  511,  855,  791,  546,  135,  365,  743,  304,  308,  628,  176,  295,  637,  392,  525,  477,  316,  788,  508,  724,  635,  774,  881,  931,  708,  332,  982,  612,  623,  866,  833,  758,  625,  635,  627,  572,  330,  711,  456,  530,  644,  405,  966,  273,  318,  454,  822,  430,  268,  466,  464,  981,  269,  698,  647,  859,  489,  292,  115,    7,  524,  534,  559,  276,  813,  968,  702,  159,  674,  730,  867,  272,  804,  662,  918,  918,  823,  282,  196,  521,  517,  931,  637,  566,  770, 1022,  660,  312,  409,  378,  899,  390,  449,  351,   86,  926,   38,  430,  856,  579,  253,  297,  820,  959,  544,  956,  637,  818,  570,  675,  726,  518,  934,  928,  575,  801,  866,  252,  269,  700,  647],
        [  810,    0,  919,  411,  465,  872,    0,  116,  115,  478,  222,  444,  777,  724,  796,  737,  468,  167,  623,  494,  873,   96,  861,  527,  617,  546,  573, 1046,  372,  955,  146,  970,  658,  131,  363,  560,  895,  777,  851,   51,  254,  464,  457,  218,  603,  342,  698,  438,  492,  877,  774,  595,  378,  445,  798,  772,  887,  878,  674,  278,  677,  529,   88,  697,  853,  506, 1020,  556,  313,  433,  317,  212,  417,  879,  968,  136,  697,  693,  277,  823,  887,  403,  762,  457,  444,  557,  383,  555,  183,  425,  211,  198,  176,  491,  608,  468,  788,  709,  608,  611,  210,  327,  886,  448, 1072,  852,  338,  994,  351,  395,  836,  419,  812,  665,  983,  453,  452,  771,  517,  754,  394,  850,  487,  309,  272,  509,  786,  766,  876, 1068,  691,  656,  624,  347,  333,  395,  724,  478,  148,  365,  602,  202,  215,  275,  435,  364,  617,  781,  990, 1013,  131,  506,  447,  178,  596,  271,  741,  932,  874,  430,  506,  730,  909,  853,  140,  858,  560,  280,  512,  921,  939,  241,  446,  871,  170,  278,  235,  353,  818,  202,  993,  627,  336, 1070,  220,  291,  865,  691,  695,  479],
        [  718,    0,  807,  328,  405,  771,  116,    0,   26,  362,  129,  340,  662,  609,  680,  624,  379,  143,  508,  396,  767,   67,  754,  445,  554,  460,  490,  930,  257,  842,   66,  856,  569,   79,  345,  469,  782,  677,  736,  106,  150,  385,  396,  221,  489,  313,  616,  390,  376,  762,  705,  511,  335,  364,  686,  663,  796,  799,  560,  169,  613,  462,  167,  582,  738,  403,  905,  491,  210,  373,  257,  238,  366,  788,  853,   31,  583,  618,  222,  712,  773,  293,  646,  342,  330,  459,  300,  508,   69,  402,  123,  170,  267,  391,  529,  425,  677,  600,  528,  526,  114,  288,  775,  423,  957,  781,  334,  878,  269,  286,  721,  380,  736,  590,  868,  374,  365,  693,  457,  639,  364,  772,  387,  276,  323,  393,  671,  668,  775,  953,  578,  544,  535,  272,  312,  390,  620,  374,   45,  304,  500,  130,  110,  247,  380,  291,  528,  671,  875,  898,  232,  399,  332,  189,  545,  156,  626,  816,  808,  371,  396,  676,  839,  746,  237,  755,  497,  329,  479,  841,  862,  280,  400,  757,  271,  162,  168,  238,  710,  187,  878,  556,  400,  955,  146,  238,  786,  579,  592,  460],
        [  738,    0,  805,  312,  430,  788,  115,   26,    0,  368,  151,  332,  665,  612,  685,  633,  365,  167,  511,  415,  783,   45,  769,  467,  579,  446,  474,  933,  261,  851,   44,  863,  590,   54,  371,  456,  791,  695,  738,   93,  169,  368,  421,  244,  490,  288,  638,  367,  381,  770,  729,  533,  311,  387,  697,  658,  816,  821,  570,  185,  637,  486,  151,  589,  745,  395,  911,  515,  228,  398,  235,  259,  391,  808,  861,   56,  593,  641,  247,  724,  781,  289,  651,  345,  339,  477,  284,  533,   72,  427,  106,  144,  276,  381,  552,  402,  674,  595,  512,  511,  100,  314,  772,  449,  960,  805,  359,  883,  292,  281,  725,  356,  758,  613,  872,  357,  386,  715,  482,  641,  339,  795,  377,  302,  341,  398,  680,  687,  792,  956,  577,  542,  556,  253,  287,  415,  636,  366,   68,  283,  516,  109,  129,  221,  359,  272,  549,  683,  877,  901,  238,  393,  333,  211,  523,  159,  635,  822,  832,  350,  410,  701,  862,  761,  245,  771,  521,  348,  504,  862,  885,  300,  377,  757,  278,  168,  147,  245,  705,  212,  880,  537,  417,  957,  126,  215,  808,  590,  584,  486],
        [  486,    0,  480,  308,  403,  487,  478,  362,  368,    0,  291,  198,  303,  251,  319,  272,  300,  407,  154,  226,  461,  405,  439,  333,  484,  350,  383,  573,  108,  488,  356,  496,  377,  384,  494,  328,  428,  411,  383,  461,  249,  348,  397,  469,  152,  470,  448,  460,   21,  403,  580,  361,  446,  303,  343,  366,  557,  615,  211,  216,  526,  410,  515,  221,  377,  226,  543,  434,  210,  387,  372,  510,  413,  554,  493,  344,  231,  482,  361,  378,  416,  151,  285,   39,   60,  254,  302,  510,  297,  513,  315,  418,  605,  242,  402,  498,  362,  304,  420,  394,  303,  416,  451,  523,  601,  636,  517,  517,  281,  157,  360,  480,  571,  459,  507,  342,  272,  531,  433,  285,  495,  600,  230,  426,  603,   40,  315,  414,  492,  593,  246,  227,  358,  327,  486,  550,  329,  204,  335,  381,  246,  343,  276,  441,  434,  337,  353,  336,  518,  540,  582,  180,   82,  466,  552,  212,  269,  455,  678,  414,  123,  613,  688,  436,  584,  459,  444,  606,  534,  646,  681,  554,  474,  412,  618,  201,  348,  126,  413,  430,  521,  483,  688,  599,  336,  386,  603,  240,  340,  564],
        [  593,    0,  765,  372,  283,  651,  222,  129,  151,  291,    0,  342,  591,  542,  606,  529,  411,  117,  445,  273,  652,  195,  641,  317,  430,  491,  524,  862,  203,  744,  176,  767,  442,  199,  263,  490,  686,  556,  674,  229,   42,  432,  275,  186,  437,  414,  488,  472,  309,  672,  579,  383,  424,  236,  585,  635,  670,  671,  467,   77,  488,  337,  290,  498,  654,  404,  821,  366,   95,  252,  338,  223,  251,  662,  766,   98,  490,  490,  118,  606,  680,  279,  570,  283,  244,  336,  347,  392,  116,  309,  200,  284,  317,  400,  401,  510,  640,  570,  564,  554,  183,  191,  734,  328,  890,  654,  268,  801,  141,  275,  645,  469,  608,  462,  791,  421,  237,  565,  335,  576,  462,  644,  392,  187,  317,  328,  580,  545,  655,  879,  530,  503,  408,  333,  418,  316,  504,  373,   84,  379,  381,  222,   36,  353,  456,  353,  401,  566,  807,  828,  300,  384,  290,  177,  618,  143,  537,  737,  682,  443,  291,  555,  711,  632,  299,  637,  373,  321,  373,  712,  734,  268,  484,  702,  333,  124,  256,  174,  683,  145,  810,  605,  402,  889,  232,  328,  658,  479,  581,  369],
        [  683,    0,  483,  118,  553,  677,  444,  340,  332,  198,  342,    0,  394,  340,  422,  432,  103,  446,  251,  408,  644,  351,  620,  510,  660,  164,  199,  640,  168,  631,  299,  618,  572,  319,  597,  153,  572,  606,  446,  409,  309,  151,  545,  523,  211,  306,  641,  271,  189,  536,  770,  548,  270,  461,  507,  330,  754,  812,  379,  279,  707,  576,  447,  362,  499,   64,  650,  604,  308,  530,  215,  555,  547,  751,  612,  339,  395,  671,  450,  549,  553,   68,  395,  160,  233,  445,  123,  667,  275,  632,  236,  308,  607,   60,  587,  307,  351,  269,  239,  220,  235,  519,  450,  647,  664,  829,  607,  609,  406,   70,  459,  296,  766,  647,  598,  146,  436,  725,  593,  358,  318,  796,   51,  521,  648,  189,  462,  610,  683,  672,  273,  233,  550,  161,  325,  652,  522,   34,  337,  206,  443,  253,  310,  298,  243,  164,  545,  509,  585,  612,  570,   69,  117,  506,  355,  202,  417,  556,  870,  224,  317,  791,  883,  619,  576,  647,  613,  653,  675,  843,  877,  600,  285,  451,  610,  218,  235,  197,  375,  483,  589,  295,  731,  660,  238,  238,  800,  416,  252,  689],
        [  502,    0,  235,  505,  631,  427,  777,  662,  665,  303,  591,  394,    0,   55,   34,  157,  463,  707,  155,  433,  367,  699,  336,  523,  652,  460,  477,  271,  406,  258,  647,  228,  482,  673,  763,  423,  208,  409,   91,  756,  550,  513,  628,  763,  186,  698,  549,  647,  287,  160,  683,  511,  659,  536,  206,  228,  545,  654,  177,  517,  671,  610,  807,  114,  116,  367,  257,  625,  505,  628,  608,  805,  661,  548,  221,  645,  162,  601,  647,  252,  182,  397,   39,  321,  348,  413,  515,  715,  595,  767,  597,  689,  907,  393,  554,  676,  187,  214,  497,  461,  588,  690,  219,  772,  299,  708,  794,  219,  553,  405,   66,  678,  640,  589,  208,  514,  501,  612,  643,   45,  706,  654,  386,  704,  897,  269,  135,  428,  433,  292,  139,  179,  485,  554,  718,  817,  330,  372,  637,  597,  359,  622,  578,  690,  619,  556,  485,  233,  216,  238,  884,  328,  336,  764,  673,  507,  125,  163,  757,  601,  333,  757,  747,  344,  886,  389,  634,  899,  762,  666,  709,  848,  659,  139,  920,  500,  615,  427,  249,  726,  219,  565,  981,  298,  610,  631,  646,  205,  297,  809],
        [  503,    0,  256,  453,  597,  440,  724,  609,  612,  251,  542,  340,   55,    0,   83,  160,  412,  657,  101,  399,  385,  645,  354,  494,  629,  413,  433,  323,  353,  302,  593,  280,  466,  619,  722,  377,  247,  410,  133,  702,  500,  463,  593,  715,  131,  645,  536,  596,  235,  204,  672,  488,  607,  500,  223,  213,  553,  654,  159,  466,  653,  581,  752,   94,  162,  315,  311,  597,  457,  592,  554,  758,  623,  555,  273,  593,  150,  586,  602,  271,  224,  342,   60,  268,  300,  386,  462,  687,  541,  729,  542,  635,  856,  341,  532,  626,  179,  184,  455,  420,  534,  647,  235,  735,  350,  704,  752,  274,  510,  351,  120,  626,  635,  572,  263,  463,  465,  604,  612,   39,  654,  652,  334,  661,  850,  217,  156,  427,  447,  345,   99,  134,  466,  501,  665,  777,  327,  320,  584,  544,  337,  567,  527,  636,  569,  503,  465,  244,  267,  290,  832,  276,  281,  716,  629,  454,  129,  217,  752,  550,  294,  740,  745,  360,  834,  403,  607,  852,  729,  670,  712,  801,  609,  170,  869,  448,  560,  375,  243,  678,  270,  524,  934,  348,  556,  577,  645,  194,  265,  773],
        [  481,    0,  251,  535,  630,  400,  796,  680,  685,  319,  606,  422,   34,   83,    0,  141,  494,  720,  178,  434,  339,  720,  308,  519,  643,  492,  510,  259,  425,  225,  669,  198,  469,  695,  768,  456,  175,  388,   99,  776,  564,  544,  628,  773,  212,  727,  535,  677,  305,  127,  667,  502,  689,  537,  180,  259,  521,  632,  172,  532,  660,  606,  828,  114,   83,  397,  230,  619,  517,  629,  636,  817,  662,  524,  191,  663,  153,  587,  656,  225,  149,  422,   36,  340,  362,  409,  544,  711,  614,  769,  620,  714,  922,  423,  545,  707,  216,  247,  530,  494,  611,  696,  238,  773,  288,  689,  800,  198,  560,  430,   41,  708,  621,  577,  188,  545,  503,  595,  639,   78,  736,  634,  416,  711,  907,  288,  110,  409,  407,  274,  172,  211,  475,  583,  747,  820,  313,  402,  654,  626,  353,  645,  594,  717,  650,  585,  475,  209,  206,  224,  900,  358,  359,  777,  706,  527,  110,  138,  738,  632,  338,  745,  726,  316,  901,  363,  628,  909,  760,  643,  686,  859,  690,  152,  936,  519,  640,  444,  277,  738,  208,  598,  991,  287,  634,  658,  625,  193,  329,  809],
        [  346,    0,  390,  549,  507,  282,  737,  624,  633,  272,  529,  432,  157,  160,  141,    0,  521,  637,  191,  316,  231,  672,  201,  390,  507,  541,  566,  373,  378,  219,  625,  240,  330,  653,  656,  508,  159,  253,  239,  726,  490,  573,  505,  681,  237,  730,  395,  701,  266,  146,  527,  367,  700,  419,   77,  372,  394,  498,   64,  461,  521,  475,  782,   77,  138,  427,  298,  486,  435,  509,  634,  725,  544,  396,  240,  601,   41,  448,  559,  121,  152,  409,  119,  305,  294,  281,  551,  579,  562,  650,  587,  689,  843,  451,  408,  735,  336,  341,  593,  559,  574,  589,  375,  651,  403,  552,  692,  294,  458,  417,  164,  727,  483,  438,  286,  571,  386,  456,  510,  188,  748,  498,  441,  607,  812,  256,   54,  272,  288,  376,  252,  279,  337,  584,  748,  706,  173,  421,  590,  634,  221,  615,  525,  708,  673,  591,  338,   88,  327,  338,  828,  379,  337,  690,  758,  481,   33,  228,  600,  654,  241,  605,  590,  205,  827,  246,  495,  812,  632,  512,  554,  765,  715,  292,  862,  466,  618,  389,  400,  648,  327,  662,  893,  403,  607,  651,  490,   60,  419,  685],
        [  784,    0,  508,   61,  645,  776,  468,  379,  365,  300,  411,  103,  463,  412,  494,  521,    0,  504,  334,  508,  740,  372,  715,  609,  758,   82,  114,  689,  263,  711,  325,  691,  674,  337,  672,   94,  653,  707,  501,  425,  383,   52,  637,  583,  289,  247,  744,  184,  291,  614,  871,  650,  201,  556,  598,  348,  855,  914,  473,  358,  806,  672,  451,  448,  574,   98,  716,  700,  393,  620,  178,  610,  634,  852,  683,  386,  486,  773,  525,  641,  633,  163,  470,  263,  335,  548,   87,  760,  323,  713,  260,  298,  640,   72,  687,  215,  381,  298,  154,  147,  266,  596,  475,  730,  709,  931,  678,  668,  494,  162,  528,  216,  868,  748,  657,   52,  533,  827,  687,  422,  245,  898,   81,  596,  699,  288,  547,  712,  782,  724,  330,  288,  652,  129,  269,  726,  622,  102,  387,  148,  545,  266,  377,  262,  157,  118,  647,  602,  635,  663,  598,  143,  220,  560,  252,  269,  504,  622,  972,  139,  420,  890,  985,  714,  606,  745,  710,  705,  762,  945,  980,  654,  197,  496,  638,  291,  236,  289,  388,  544,  639,  199,  779,  705,  248,  208,  902,  511,  252,  771],
        [  660,    0,  881,  458,  299,  732,  167,  143,  167,  407,  117,  446,  707,  657,  720,  637,  504,    0,  561,  356,  741,  196,  734,  371,  451,  585,  616,  977,  318,  850,  209,  876,  507,  219,  206,  588,  792,  635,  790,  199,  159,  517,  291,   81,  553,  455,  540,  532,  426,  782,  608,  440,  478,  291,  689,  750,  735,  717,  576,  193,  511,  364,  253,  611,  765,  510,  932,  390,  204,  267,  398,  109,  250,  726,  876,  124,  600,  530,  113,  706,  788,  388,  684,  399,  359,  418,  431,  389,  183,  265,  260,  310,  207,  503,  448,  568,  756,  685,  656,  649,  247,  161,  851,  288, 1006,  687,  192,  915,  202,  382,  760,  522,  650,  503,  905,  506,  304,  609,  350,  692,  506,  687,  496,  144,  203,  445,  689,  622,  736,  993,  647,  619,  472,  408,  453,  248,  594,  479,  119,  444,  471,  271,  140,  388,  521,  427,  465,  667,  923,  943,  199,  494,  405,   61,  686,  245,  647,  850,  708,  511,  397,  563,  743,  723,  195,  722,  395,  208,  349,  760,  777,  155,  543,  818,  228,  233,  310,  290,  797,   45,  925,  690,  288, 1004,  286,  380,  704,  585,  691,  322],
        [  502,    0,  331,  367,  528,  463,  623,  508,  511,  154,  445,  251,  155,  101,  178,  191,  334,  561,    0,  333,  418,  544,  390,  436,  580,  350,  376,  423,  253,  381,  492,  370,  435,  519,  639,  317,  322,  413,  230,  601,  403,  385,  523,  622,   47,  556,  507,  516,  136,  286,  645,  443,  520,  428,  267,  239,  562,  648,  154,  369,  611,  520,  652,  116,  250,  238,  408,  541,  363,  518,  462,  663,  548,  562,  365,  493,  161,  552,  512,  312,  303,  244,  147,  167,  207,  334,  373,  626,  441,  652,  442,  537,  757,  263,  487,  549,  222,  186,  404,  371,  433,  562,  303,  659,  450,  687,  666,  374,  426,  253,  218,  544,  618,  535,  363,  384,  394,  583,  549,  132,  568,  640,  253,  574,  756,  117,  214,  425,  469,  446,  106,  107,  427,  410,  575,  694,  325,  235,  485,  456,  297,  468,  429,  542,  488,  414,  424,  276,  367,  390,  733,  192,  181,  620,  568,  353,  171,  315,  733,  469,  221,  700,  733,  392,  735,  429,  551,  759,  661,  670,  710,  707,  529,  258,  770,  347,  463,  276,  281,  584,  370,  473,  841,  448,  457,  483,  638,  195,  250,  699],
        [  325,    0,  654,  501,  199,  379,  494,  396,  415,  226,  273,  408,  433,  399,  434,  316,  508,  356,  333,    0,  385,  459,  379,  107,  258,  569,  603,  685,  252,  511,  426,  549,  181,  454,  341,  550,  458,  284,  524,  500,  246,  550,  195,  382,  355,  622,  242,  642,  244,  458,  364,  142,  613,  104,  350,  570,  402,  423,  264,  234,  301,  189,  561,  320,  453,  448,  612,  211,  188,  196,  527,  427,  230,  395,  552,  367,  286,  265,  259,  359,  460,  347,  400,  255,  177,   64,  486,  293,  357,  336,  419,  523,  560,  460,  179,  682,  554,  513,  641,  617,  402,  276,  630,  340,  715,  428,  378,  609,  157,  349,  468,  654,  369,  240,  601,  543,   71,  326,  217,  438,  659,  402,  448,  296,  506,  258,  369,  273,  383,  691,  438,  433,  152,  497,  632,  391,  239,  422,  353,  552,  116,  448,  286,  574,  619,  512,  145,  323,  636,  650,  555,  404,  295,  399,  757,  309,  336,  543,  466,  601,  114,  387,  483,  368,  551,  367,  221,  506,  331,  461,  489,  462,  656,  568,  583,  282,  470,  234,  613,  355,  637,  701,  585,  715,  450,  530,  411,  257,  560,  376],
        [  186,    0,  578,  761,  521,   68,  873,  767,  783,  461,  652,  644,  367,  385,  339,  231,  740,  741,  418,  385,    0,  826,   32,  401,  452,  767,  793,  479,  554,  215,  785,  288,  277,  814,  694,  735,  204,  126,  425,  873,  620,  791,  523,  763,  464,  930,  305,  914,  462,  246,  402,  344,  906,  466,  163,  594,  195,  322,  268,  599,  439,  466,  933,  307,  282,  649,  352,  462,  560,  537,  832,  807,  573,  202,  298,  740,  258,  358,  641,  116,  228,  610,  334,  498,  459,  325,  759,  549,  717,  667,  760,  867,  944,  671,  369,  950,  553,  569,  822,  788,  745,  645,  572,  661,  505,  395,  737,  389,  541,  617,  341,  937,  335,  364,  387,  788,  443,  326,  501,  407,  955,  334,  661,  667,  880,  458,  233,  151,   73,  458,  481,  509,  305,  787,  946,  733,  149,  639,  728,  840,  272,  790,  659,  899,  887,  796,  311,  144,  453,  450,  940,  600,  537,  783,  983,  647,  258,  342,  443,  868,  376,  506,  418,   27,  936,   36,  468,  878,  618,  321,  364,  839,  928,  480,  968,  626,  801,  555,  616,  739,  451,  891,  953,  508,  786,  845,  318,  229,  648,  684],
        [  782,    0,  829,  316,  470,  832,   96,   67,   45,  405,  195,  351,  699,  645,  720,  672,  372,  196,  544,  459,  826,    0,  811,  511,  620,  451,  478,  965,  297,  890,   53,  900,  634,   36,  402,  465,  830,  739,  769,   59,  213,  369,  462,  267,  520,  265,  682,  352,  417,  808,  771,  576,  294,  430,  737,  680,  860,  865,  609,  228,  679,  528,  111,  625,  781,  412,  946,  557,  272,  438,  226,  276,  430,  852,  897,   98,  632,  684,  285,  765,  819,  314,  686,  380,  379,  521,  288,  572,  111,  460,  116,  117,  270,  396,  595,  385,  698,  618,  513,  516,  117,  349,  796,  482,  991,  848,  386,  917,  335,  306,  760,  337,  802,  656,  906,  358,  430,  759,  522,  673,  316,  838,  393,  336,  351,  432,  718,  731,  836,  989,  605,  569,  600,  253,  260,  443,  679,  385,  111,  274,  560,  107,  173,  196,  347,  270,  593,  724,  909,  933,  227,  415,  364,  231,  510,  194,  673,  856,  874,  340,  452,  741,  905,  804,  235,  814,  563,  359,  540,  906,  928,  313,  361,  786,  266,  207,  141,  283,  726,  239,  912,  534,  422,  988,  125,  202,  852,  630,  601,  518],
        [  209,    0,  546,  737,  524,   97,  861,  754,  769,  439,  641,  620,  336,  354,  308,  201,  715,  734,  390,  379,   32,  811,    0,  403,  464,  739,  765,  451,  535,  191,  770,  262,  285,  799,  696,  707,  175,  138,  394,  860,  608,  766,  526,  759,  436,  909,  320,  890,  439,  216,  423,  350,  883,  464,  132,  562,  224,  350,  242,  586,  455,  471,  920,  278,  250,  622,  327,  470,  548,  538,  810,  803,  574,  230,  272,  728,  230,  374,  636,   85,  198,  587,  302,  476,  441,  320,  736,  559,  702,  672,  743,  849,  938,  645,  377,  926,  522,  538,  793,  760,  728,  644,  540,  666,  478,  421,  737,  361,  535,  594,  310,  913,  359,  377,  359,  763,  439,  347,  507,  375,  932,  360,  635,  666,  878,  434,  201,  164,  103,  432,  451,  479,  311,  764,  925,  736,  141,  613,  715,  817,  263,  772,  647,  879,  863,  773,  316,  115,  424,  422,  932,  573,  515,  778,  956,  630,  228,  313,  469,  843,  361,  525,  446,   16,  929,   62,  476,  877,  626,  350,  393,  836,  904,  448,  961,  610,  782,  538,  584,  733,  422,  862,  953,  481,  767,  824,  345,  204,  618,  691],
        [  290,    0,  750,  597,  123,  377,  527,  445,  467,  333,  317,  510,  523,  494,  519,  390,  609,  371,  436,  107,  401,  511,  403,    0,  152,  672,  706,  762,  348,  561,  487,  610,  138,  513,  294,  655,  515,  281,  613,  543,  302,  649,  124,  374,  460,  703,  172,  732,  351,  524,  272,   70,  699,   82,  408,  674,  365,  355,  348,  301,  198,   87,  604,  409,  527,  552,  676,  106,  252,  136,  611,  416,  172,  356,  615,  414,  367,  177,  261,  405,  522,  446,  488,  361,  281,  111,  580,  193,  419,  271,  492,  591,  560,  563,   86,  773,  656,  617,  745,  722,  474,  249,  727,  268,  792,  343,  336,  681,  177,  448,  550,  741,  292,  150,  674,  641,   84,  249,  121,  533,  743,  329,  552,  271,  482,  365,  441,  263,  379,  763,  541,  537,  103,  586,  711,  334,  269,  526,  400,  640,  170,  519,  340,  649,  710,  603,   97,  376,  716,  727,  565,  509,  400,  401,  854,  388,  415,  616,  376,  693,  219,  282,  400,  389,  559,  375,  116,  480,  243,  396,  418,  444,  746,  660,  587,  360,  546,  326,  716,  357,  717,  804,  553,  793,  524,  611,  342,  331,  667,  298],
        [  290,    0,  884,  742,  153,  408,  617,  554,  579,  484,  430,  660,  652,  629,  643,  507,  758,  451,  580,  258,  452,  620,  464,  152,    0,  823,  857,  872,  496,  645,  605,  704,  185,  628,  304,  806,  607,  327,  740,  642,  426,  796,  161,  428,  607,  835,  150,  873,  502,  627,  159,  142,  836,  207,  506,  818,  346,  282,  475,  433,   60,   94,  701,  539,  638,  704,  771,   64,  385,  185,  748,  463,  204,  335,  711,  524,  491,  106,  341,  491,  620,  596,  615,  512,  433,  247,  725,  104,  542,  254,  620,  713,  610,  714,   99,  914,  798,  764,  896,  874,  603,  298,  863,  238,  902,  238,  348,  786,  292,  597,  671,  879,  213,   91,  780,  788,  226,  179,  102,  667,  878,  250,  703,  320,  504,  516,  553,  302,  407,  866,  684,  684,  170,  727,  841,  321,  354,  677,  511,  780,  293,  646,  459,  777,  853,  745,  169,  472,  831,  838,  626,  661,  551,  463, 1001,  525,  535,  725,  257,  836,  368,  133,  293,  449,  617,  420,   58,  499,  178,  327,  334,  477,  887,  790,  640,  497,  676,  472,  859,  424,  830,  954,  558,  903,  653,  744,  270,  451,  816,  248],
        [  828,    0,  466,  136,  716,  808,  546,  460,  446,  350,  491,  164,  460,  413,  492,  541,   82,  585,  350,  569,  767,  451,  739,  672,  823,    0,   35,  661,  331,  715,  405,  686,  727,  416,  751,   38,  660,  746,  483,  503,  462,   90,  709,  664,  304,  295,  798,  208,  338,  617,  929,  708,  244,  625,  616,  308,  895,  963,  499,  435,  869,  740,  525,  465,  574,  125,  704,  767,  468,  693,  245,  691,  708,  894,  677,  467,  510,  831,  604,  662,  637,  230,  473,  316,  393,  603,  164,  830,  404,  790,  340,  370,  719,  110,  748,  227,  347,  269,   75,   66,  347,  674,  434,  806,  680,  986,  758,  652,  568,  231,  522,  244,  921,  807,  641,  100,  599,  881,  756,  416,  280,  949,  121,  675,  781,  331,  559,  753,  814,  700,  321,  281,  707,  202,  317,  805,  659,  147,  469,  206,  594,  345,  457,  324,  184,  188,  702,  626,  610,  639,  677,  174,  275,  641,  218,  349,  520,  611, 1028,  170,  473,  954, 1038,  741,  686,  775,  777,  787,  837,  992, 1028,  735,  217,  469,  716,  369,  313,  359,  341,  625,  615,  133,  860,  675,  327,  275,  952,  539,  206,  848],
        [  858,    0,  468,  163,  750,  835,  573,  490,  474,  383,  524,  199,  477,  433,  510,  566,  114,  616,  376,  603,  793,  478,  765,  706,  857,   35,    0,  669,  366,  734,  434,  702,  759,  443,  785,   59,  680,  775,  495,  528,  495,  111,  743,  696,  330,  307,  831,  211,  370,  636,  962,  742,  255,  659,  641,  312,  925,  995,  526,  469,  903,  774,  548,  490,  593,  157,  717,  802,  502,  727,  266,  722,  743,  923,  693,  498,  536,  864,  637,  687,  657,  265,  493,  349,  427,  636,  191,  865,  435,  824,  369,  392,  747,  144,  781,  225,  353,  279,   41,   41,  376,  708,  436,  840,  686, 1018,  791,  663,  602,  265,  539,  248,  953,  841,  653,  122,  634,  914,  791,  434,  286,  981,  155,  708,  811,  363,  582,  783,  842,  709,  339,  300,  740,  227,  328,  839,  688,  181,  500,  224,  626,  372,  490,  341,  190,  211,  735,  651,  619,  648,  704,  206,  308,  672,  196,  382,  544,  626, 1061,  180,  506,  988, 1070,  767,  713,  802,  811,  817,  871, 1023, 1060,  766,  218,  478,  743,  403,  338,  394,  341,  657,  624,  101,  890,  681,  354,  296,  983,  567,  209,  882],
        [  657,    0,  220,  740,  879,  546, 1046,  930,  933,  573,  862,  640,  271,  323,  259,  373,  689,  977,  423,  685,  479,  965,  451,  762,  872,  661,  669,    0,  675,  269,  913,  193,  690,  938, 1023,  625,  278,  574,  196, 1022,  820,  733,  877, 1031,  445,  934,  746,  865,  557,  248,  866,  735,  889,  789,  368,  358,  673,  800,  422,  787,  879,  847, 1071,  371,  236,  599,  138,  857,  774,  880,  852, 1075,  914,  680,  182,  915,  400,  801,  914,  392,  259,  656,  294,  590,  619,  653,  755,  950,  863, 1021,  859,  946, 1177,  624,  775,  888,  316,  394,  675,  641,  852,  952,  244, 1023,   31,  871, 1056,   91,  817,  664,  220,  900,  807,  796,   94,  737,  755,  791,  882,  292,  932,  811,  620,  968, 1165,  539,  323,  599,  551,   48,  367,  408,  703,  797,  955, 1075,  521,  613,  907,  833,  593,  882,  849,  937,  839,  796,  704,  403,   56,   36, 1154,  572,  601, 1034,  854,  775,  350,  148,  919,  823,  595,  958,  896,  465, 1156,  512,  866, 1167, 1004,  798,  841, 1117,  876,  194, 1191,  770,  871,  697,  339,  995,   53,  734, 1249,   31,  869,  877,  795,  432,  461, 1057],
        [  554,    0,  564,  250,  385,  573,  372,  257,  261,  108,  203,  168,  406,  353,  425,  378,  263,  318,  253,  252,  554,  297,  535,  348,  496,  331,  366,  675,    0,  596,  248,  604,  427,  276,  439,  320,  535,  489,  482,  353,  163,  301,  378,  387,  237,  383,  492,  392,  120,  511,  615,  393,  368,  294,  447,  433,  629,  670,  316,  129,  546,  410,  407,  329,  484,  222,  650,  438,  145,  363,  285,  425,  381,  625,  601,  240,  338,  516,  296,  480,  523,  101,  390,   86,   96,  299,  235,  500,  190,  470,  210,  315,  507,  226,  429,  432,  438,  368,  406,  387,  197,  360,  533,  484,  702,  679,  455,  622,  240,  102,  465,  406,  619,  491,  612,  293,  271,  576,  426,  384,  415,  651,  215,  365,  520,  137,  423,  488,  578,  697,  330,  301,  401,  249,  397,  495,  415,  191,  233,  304,  312,  239,  181,  346,  368,  263,  395,  438,  619,  642,  481,  190,   88,  379,  507,  104,  377,  561,  717,  350,  185,  628,  734,  530,  484,  549,  448,  523,  508,  705,  736,  471,  406,  505,  518,   95,  247,   32,  480,  348,  622,  460,  605,  700,  233,  294,  658,  342,  383,  526],
        [  399,    0,  408,  747,  684,  280,  955,  842,  851,  488,  744,  631,  258,  302,  225,  219,  711,  850,  381,  511,  215,  890,  191,  561,  645,  715,  734,  269,  596,    0,  843,   76,  461,  871,  847,  679,   61,  325,  273,  944,  706,  762,  684,  888,  423,  935,  505,  894,  480,   99,  613,  519,  900,  608,  162,  471,  406,  535,  282,  678,  640,  639, 1000,  273,  142,  614,  138,  642,  650,  692,  841,  933,  729,  414,   89,  819,  259,  560,  765,  157,   79,  618,  242,  519,  512,  462,  753,  734,  780,  831,  803,  904, 1056,  640,  552,  926,  425,  469,  754,  718,  791,  786,  412,  829,  294,  610,  886,  181,  662,  626,  202,  923,  549,  561,  182,  762,  579,  538,  675,  302,  948,  549,  631,  806, 1016,  468,  174,  350,  285,  245,  396,  434,  482,  789,  954,  893,  295,  615,  808,  836,  399,  831,  742,  918,  867,  794,  485,  188,  253,  244, 1043,  571,  548,  900,  930,  698,  220,  151,  657,  848,  454,  713,  631,  206, 1042,  249,  650, 1015,  797,  531,  574,  970,  907,  320, 1076,  684,  832,  607,  479,  857,  250,  822, 1095,  297,  822,  860,  532,  266,  552,  858],
        [  750,    0,  777,  271,  458,  794,  146,   66,   44,  356,  176,  299,  647,  593,  669,  625,  325,  209,  492,  426,  785,   53,  770,  487,  605,  405,  434,  913,  248,  843,    0,  851,  604,   30,  410,  417,  782,  702,  717,  112,  185,  326,  450,  286,  468,  249,  656,  325,  367,  759,  752,  550,  269,  408,  691,  628,  828,  840,  562,  193,  663,  512,  160,  576,  731,  360,  896,  541,  240,  427,  192,  302,  423,  821,  848,   89,  584,  662,  281,  721,  771,  262,  635,  329,  333,  488,  243,  565,   70,  465,   66,  109,  315,  346,  572,  360,  645,  565,  470,  470,   65,  350,  744,  486,  939,  827,  400,  866,  314,  254,  709,  314,  778,  634,  855,  315,  404,  735,  510,  621,  299,  815,  342,  339,  384,  382,  670,  696,  798,  938,  552,  516,  572,  211,  249,  455,  639,  333,  100,  240,  522,   66,  147,  183,  316,  229,  565,  679,  857,  881,  274,  363,  312,  254,  481,  145,  624,  806,  856,  307,  410,  730,  884,  763,  282,  775,  548,  391,  540,  880,  904,  343,  335,  733,  314,  161,  104,  236,  674,  253,  860,  495,  459,  936,   83,  173,  827,  585,  550,  524],
