{
    "name": "random-77-12198",
    "comment": "size=77 seed=12198",
    "nodes": ["+0", "-0", "+1", "-1", "+2", "-2", "+3", "-3", "+4", "-4", "+5", "-5", "+6", "-6", "+7", "-7", "+8", "-8", "+9", "-9", "+10", "-10", "+11", "-11", "+12", "-12", "+13", "-13", "+14", "-14", "+15", "-15", "+16", "-16", "+17", "-17", "+18", "-18", "+19", "-19", "+20", "-20", "+21", "-21", "+22", "-22", "+23", "-23", "+24", "-24", "+25", "-25", "+26", "-26", "+27", "-27", "+28", "-28", "+29", "-29", "+30", "-30", "+31", "-31", "+32", "-32", "+33", "-33", "+34", "-34", "+35", "-35", "+36", "-36", "+37", "-37", "+38", "-38", "+39", "-39", "+40", "-40", "+41", "-41", "+42", "-42", "+43", "-43", "+44", "-44", "+45", "-45", "+46", "-46", "+47", "-47", "+48", "-48", "+49", "-49", "+50", "-50", "+51", "-51", "+52", "-52", "+53", "-53", "+54", "-54", "+55", "-55", "+56", "-56", "+57", "-57", "+58", "-58", "+59", "-59", "+60", "-60", "+61", "-61", "+62", "-62", "+63", "-63", "+64", "-64", "+65", "-65", "+66", "-66", "+67", "-67", "+68", "-68", "+69", "-69", "+70", "-70", "+71", "-71", "+72", "-72", "+73", "-73", "+74", "-74", "+75", "-75", "+76", "-76", "+77", "-77"],
    "precedence": {
        "+0": "-0",
        "+1": "-1",
        "+2": "-2",
        "+3": "-3",
        "+4": "-4",
        "+5": "-5",
        "+6": "-6",
        "+7": "-7",
        "+8": "-8",
        "+9": "-9",
        "+10": "-10",
        "+11": "-11",
        "+12": "-12",
        "+13": "-13",
        "+14": "-14",
        "+15": "-15",
        "+16": "-16",
        "+17": "-17",
        "+18": "-18",
        "+19": "-19",
        "+20": "-20",
        "+21": "-21",
        "+22": "-22",
        "+23": "-23",
        "+24": "-24",
        "+25": "-25",
        "+26": "-26",
        "+27": "-27",
        "+28": "-28",
        "+29": "-29",
        "+30": "-30",
        "+31": "-31",
        "+32": "-32",
        "+33": "-33",
        "+34": "-34",
        "+35": "-35",
        "+36": "-36",
        "+37": "-37",
        "+38": "-38",
        "+39": "-39",
        "+40": "-40",
        "+41": "-41",
        "+42": "-42",
        "+43": "-43",
        "+44": "-44",
        "+45": "-45",
        "+46": "-46",
        "+47": "-47",
        "+48": "-48",
        "+49": "-49",
        "+50": "-50",
        "+51": "-51",
        "+52": "-52",
        "+53": "-53",
        "+54": "-54",
        "+55": "-55",
        "+56": "-56",
        "+57": "-57",
        "+58": "-58",
        "+59": "-59",
        "+60": "-60",
        "+61": "-61",
        "+62": "-62",
        "+63": "-63",
        "+64": "-64",
        "+65": "-65",
        "+66": "-66",
        "+67": "-67",
        "+68": "-68",
        "+69": "-69",
        "+70": "-70",
        "+71": "-71",
        "+72": "-72",
        "+73": "-73",
        "+74": "-74",
        "+75": "-75",
        "+76": "-76",
        "+77": "-77"
    },
    "edges": [
        [    0,    0,  210,  259,  428,  799,  551,  277,  514,  393,  318,  508,  596,  475,  100,  182,  599,  211,  306,   81,  772,  387,  527,  303,  353,  487,   99,  812,  607,  220,  333,  341,  265,  592,  435,  472,  484,  881,  581,   42,  793,  210,  264,  187,  311,  722,  611,  777,  435,  545,  339,  796,  802,  359,  463,  698,  757,  220,  478,  746,  174,  516,  449,  318,  178,  232,  503,  799,  808,  791,  135,  444,   74,  736,  154,  367,  608,  324,  237,  166,  316,  769,  655,   81,  790,  242,  210,  276,  602,  611,  719,  324,  415,  706,  454,  539,  329,  848,  284,  411,  368,  387,  702,  660,  322,  298,  166,  426,  291,  534,  704,  233,  321,  382,  497,  878,  360,  393,  278,  501,  747,  709,  407,   83,  150,  396,  296,  671,  496,  445,  438,   68,  404,  503,  337,  496,  675,  881,  463,  188,  408,  464,  634,  558,  325,  721,  655,  585,  198,  841,  651,  505,  761,  387,  463,  159],
        [    0,    0,    0,    0,    0,    0,    0,    0,    0,    0,    0,    0,    0,    0,    0,    0,    0,    0,    0,    0,    0,    0,    0,    0,    0,    0,    0,    0,    0,    0,    0,    0,    0,    0,    0,    0,    0,    0,    0,    0,    0,    0,    0,    0,    0,    0,    0,    0,    0,    0,    0,    0,    0,    0,    0,    0,    0,    0,    0,    0,    0,    0,    0,    0,    0,    0,    0,    0,    0,    0,    0,    0,    0,    0,    0,    0,    0,    0,    0,    0,    0,    0,    0,    0,    0,    0,    0,    0,    0,    0,    0,    0,    0,    0,    0,    0,    0,    0,    0,    0,    0,    0,    0,    0,    0,    0,    0,    0,    0,    0,    0,    0,    0,    0,    0,    0,    0,    0,    0,    0,    0,    0,    0,    0,    0,    0,    0,    0,    0,    0,    0,    0,    0,    0,    0,    0,    0,    0,    0,    0,    0,    0,    0,    0,    0,    0,    0,    0,    0,    0,    0,    0,    0,    0,    0,    0],
        [  210,    0,    0,  322,  611, 1004,  760,  355,  565,  506,  497,  606,  748,  653,  300,   29,  807,  322,  355,  279,  964,  442,  621,  305,  559,  558,  163, 1018,  810,  232,  139,  402,  354,  671,  306,  361,  489, 1082,  732,  215,  924,  265,  306,  207,  500,  805,  753,  960,  553,  751,  257,  983,  934,  505,  533,  868,  966,  302,  373,  947,  120,  619,  643,  512,  281,  442,  659, 1002,  861,  899,  223,  462,  140,  911,  130,  561,  637,  465,  328,  369,  473,  934,  863,  158,  874,  401,  289,  440,  691,  804,  871,  155,  622,  913,  648,  508,  394, 1052,  486,  570,  490,  589,  765,  838,  357,  489,  270,  252,  478,  722,  773,  147,  303,  227,  657,  947,  534,  438,  321,  453,  850,  839,  231,  202,   68,  602,  176,  852,  626,  373,  618,  259,  612,  699,  530,  703,  849, 1086,  605,   26,  494,  576,  676,  548,  520,  910,  837,  755,  405, 1037,  767,  707,  953,  571,  562,  170],
        [  259,    0,  322,    0,  368,  913,  609,  536,  773,  190,  531,  762,  818,  676,  326,  302,  687,  469,  563,  318,  930,  645,  781,  550,  492,  745,  190,  915,  738,  464,  455,  600,   45,  848,  624,  674,  737, 1006,  806,  218, 1027,  464,  519,  430,  293,  977,  842,  956,  237,  665,  554,  965, 1035,  220,  722,  898,  839,   42,  684,  879,  203,  768,  425,  317,   85,  359,  726,  922, 1066, 1037,  390,  699,  245,  927,  367,  549,  866,  568,  496,  360,  551,  973,  753,  211, 1043,  483,  468,  201,  856,  772,  938,  476,  464,  799,  625,  783,  588,  961,  456,  291,  181,  545,  960,  852,  577,  496,   95,  571,  272,  714,  961,  435,  563,  548,  718, 1135,  286,  651,  533,  738,  996,  945,  550,  180,  312,  433,  486,  856,  314,  670,  638,  217,  460,  666,  329,  531,  872,  982,  699,  320,  665,  714,  893,  808,  326,  888,  839,  789,  300,  985,  896,  646,  920,  338,  717,  154],
        [  428,    0,  611,  368,    0,  612,  289,  622,  824,  245,  461,  754,  701,  538,  397,  584,  385,  551,  667,  410,  680,  720,  774,  697,  320,  778,  449,  603,  477,  628,  747,  682,  324,  849,  862,  895,  846,  710,  694,  405,  914,  598,  643,  600,  118,  953,  742,  734,  235,  403,  760,  728,  919,  162,  762,  721,  514,  354,  900,  601,  515,  753,   72,  119,  349,  272,  625,  630, 1074,  964,  536,  801,  478,  731,  581,  417,  930,  560,  586,  361,  522,  796,  451,  454, 1007,  493,  581,  177,  842,  549,  796,  747,  181,  488,  450,  922,  670,  656,  355,  105,  227,  375,  966,  665,  690,  414,  357,  850,  137,  529,  960,  660,  723,  809,  613, 1112,   83,  735,  652,  898,  937,  847,  830,  410,  567,  153,  724,  657,  215,  858,  510,  363,  189,  465,  102,  205,  692,  664,  637,  596,  698,  697,  937,  923,  115,  657,  640,  637,  255,  713,  832,  420,  674,   42,  719,  462],
        [  799,    0, 1004,  913,  612,    0,  324,  768,  813,  849,  532,  683,  470,  413,  705,  978,  230,  740,  810,  725,  171,  794,  693,  881,  447,  760,  882,   40,  195,  867, 1104,  787,  877,  746, 1112, 1111,  914,   99,  480,  809,  583,  818,  825,  862,  630,  765,  516,  262,  846,  256,  997,  223,  581,  759,  763,  357,  123,  881, 1106,   81,  964,  669,  541,  603,  853,  578,  483,   35,  904,  688,  808,  877,  873,  317,  902,  452,  897,  621,  760,  635,  587,  388,  163,  872,  782,  638,  787,  723,  717,  237,  460, 1075,  455,  126,  369, 1007,  781,   49,  518,  716,  826,  416,  826,  318,  832,  524,  852, 1163,  647,  326,  809,  959,  912, 1106,  474,  879,  669,  815,  823, 1022,  697,  571, 1149,  845,  938,  488, 1015,  290,  821, 1036,  433,  771,  456,  318,  596,  408,  339,   89,  551,  979,  723,  644,  869,  971,  595,  212,  287,  386,  630,  134,  625,  298,  176,  617,  683,  928],
        [  551,    0,  760,  609,  289,  324,    0,  623,  759,  528,  389,  653,  519,  374,  473,  732,  100,  569,  670,  492,  406,  690,  669,  727,  234,  705,  615,  316,  211,  684,  880,  665,  570,  741,  938,  953,  823,  422,  519,  549,  713,  640,  667,  668,  318,  813,  567,  473,  523,  153,  824,  458,  715,  438,  698,  491,  232,  582,  954,  318,  695,  645,  218,  292,  560,  320,  471,  342,  948,  787,  604,  779,  621,  485,  684,  307,  861,  503,  599,  406,  461,  558,  164,  611,  854,  475,  613,  411,  723,  303,  583,  863,  147,  200,  278,  912,  656,  368,  315,  393,  506,  249,  849,  433,  695,  355,  562,  962,  337,  323,  837,  755,  757,  909,  459,  961,  348,  710,  670,  907,  774,  662,  944,  575,  700,  176,  817,  417,  499,  894,  363,  506,  153,  261,  282,   85,  461,  380,  513,  738,  640,  598,  851,  894,  284,  394,  401,  437,  358,  429,  675,  203,  401,  296,  631,  652],
        [  277,    0,  355,  536,  622,  768,  623,    0,  237,  656,  244,  252,  413,  363,  238,  342,  627,   74,   48,  235,  683,  110,  268,  114,  390,  214,  359,  793,  580,  130,  389,   66,  540,  324,  346,  344,  225,  827,  397,  318,  572,   90,   62,  149,  511,  457,  409,  656,  695,  546,  233,  688,  582,  605,  189,  548,  769,  496,  341,  697,  407,  265,  614,  504,  454,  355,  334,  756,  533,  545,  151,  180,  308,  598,  226,  331,  333,  149,   41,  262,  181,  606,  662,  337,  526,  148,   72,  515,  340,  538,  532,  345,  529,  711,  402,  302,   53,  812,  310,  641,  630,  383,  428,  531,   73,  270,  443,  412,  498,  447,  433,  236,  145,  353,  335,  608,  577,  120,   56,  287,  496,  487,  403,  358,  298,  528,  273,  551,  745,  275,  337,  329,  516,  452,  521,  602,  535,  856,  269,  331,  141,  224,  357,  302,  507,  623,  540,  442,  369,  764,  413,  485,  671,  583,  208,  417],
        [  514,    0,  565,  773,  824,  813,  759,  237,    0,  887,  378,  133,  362,  411,  467,  559,  733,  306,  216,  467,  686,  129,  128,  262,  541,   55,  595,  845,  652,  336,  558,  174,  776,  124,  430,  393,  128,  847,  348,  555,  432,  316,  265,  366,  721,  249,  330,  630,  923,  644,  357,  671,  443,  829,   63,  507,  849,  733,  381,  734,  635,  149,  803,  710,  691,  554,  331,  792,  299,  367,  386,  120,  542,  562,  445,  454,  107,  268,  277,  473,  308,  539,  749,  572,  317,  333,  306,  739,  157,  578,  448,  505,  700,  791,  492,  210,  186,  850,  478,  858,  860,  512,  200,  516,  210,  422,  679,  534,  711,  494,  209,  425,  272,  481,  340,  383,  791,  128,  250,  249,  314,  359,  534,  595,  518,  707,  433,  543,  969,  308,  407,  564,  686,  529,  724,  761,  507,  900,  265,  544,  127,  171,  121,  162,  711,  626,  538,  432,  582,  770,  270,  579,  675,  788,  133,  651],
        [  393,    0,  506,  190,  245,  849,  528,  656,  887,    0,  580,  851,  858,  701,  421,  483,  620,  584,  691,  422,  900,  765,  870,  695,  488,  851,  356,  844,  698,  612,  642,  721,  153,  943,  800,  846,  873,  947,  848,  354, 1073,  600,  654,  578,  234, 1063,  891,  943,   48,  622,  720,  944, 1080,   92,  830,  909,  757,  205,  855,  831,  389,  854,  315,  260,  230,  378,  771,  865, 1168, 1103,  526,  831,  406,  928,  529,  569,  988,  649,  616,  425,  621,  985,  687,  373, 1126,  566,  596,  162,  945,  755,  968,  659,  399,  727,  628,  931,  709,  895,  484,  142,   29,  546, 1059,  857,  710,  537,  243,  757,  225,  716, 1058,  604,  713,  729,  760, 1224,  182,  775,  666,  892, 1067,  997,  736,  331,  485,  366,  660,  854,  124,  832,  666,  330,  401,  657,  261,  444,  881,  906,  761,  500,  768,  797, 1007,  948,  266,  869,  836,  811,  327,  942,  963,  623,  892,  233,  809,  337],
        [  318,    0,  497,  531,  461,  532,  389,  244,  378,  580,    0,  294,  288,  158,  221,  474,  384,  208,  290,  237,  469,  301,  313,  355,  164,  327,  415,  554,  340,  336,  580,  278,  515,  389,  583,  586,  434,  599,  276,  345,  499,  287,  297,  333,  373,  494,  314,  464,  606,  302,  467,  486,  507,  504,  316,  380,  526,  489,  584,  465,  491,  292,  431,  355,  448,  205,  196,  523,  614,  523,  283,  390,  386,  419,  381,   87,  484,  115,  230,  171,   73,  453,  419,  398,  552,  107,  256,  420,  382,  312,  409,  548,  323,  468,  163,  524,  269,  578,  107,  514,  551,  142,  506,  344,  314,   47,  441,  632,  370,  226,  499,  431,  387,  575,  188,  655,  444,  321,  296,  522,  489,  419,  619,  390,  430,  331,  485,  356,  635,  518,  122,  324,  309,  215,  367,  383,  358,  619,  182,  471,  255,  236,  482,  506,  355,  414,  341,  268,  254,  545,  384,  243,  458,  430,  261,  474],
        [  508,    0,  606,  762,  754,  683,  653,  252,  133,  851,  294,    0,  231,  290,  439,  594,  618,  301,  257,  445,  554,  180,   20,  325,  450,   85,  600,  716,  529,  377,  627,  210,  758,   96,  531,  503,  251,  716,  216,  547,  330,  342,  303,  400,  661,  216,  202,  499,  882,  528,  439,  540,  341,  783,  100,  376,  725,  720,  492,  604,  655,   18,  724,  645,  677,  491,  203,  662,  322,  294,  398,  228,  552,  431,  478,  355,  217,  203,  284,  426,  234,  412,  628,  578,  282,  285,  321,  694,   96,  450,  323,  578,  612,  667,  378,  339,  216,  719,  400,  802,  822,  412,  213,  383,  263,  341,  667,  625,  655,  369,  209,  480,  345,  568,  213,  375,  732,  194,  290,  372,  245,  249,  620,  591,  549,  623,  503,  411,  919,  417,  292,  546,  598,  410,  658,  665,  375,  769,  143,  583,  113,   58,  199,  294,  646,  494,  407,  301,  530,  638,  166,  464,  543,  722,   46,  660],
        [  596,    0,  748,  818,  701,  470,  519,  413,  362,  858,  288,  231,    0,  163,  503,  729,  456,  428,  438,  517,  327,  386,  235,  515,  382,  314,  694,  505,  346,  541,  801,  399,  802,  279,  739,  719,  480,  491,   17,  627,  216,  495,  474,  553,  636,  306,   51,  269,  879,  371,  636,  310,  223,  776,  325,  146,  531,  777,  711,  389,  765,  214,  652,  613,  736,  481,   94,  444,  445,  270,  526,  452,  658,  201,  621,  290,  434,  284,  428,  459,  281,  194,  447,  675,  338,  356,  466,  697,  248,  251,  125,  757,  529,  478,  255,  569,  399,  500,  375,  774,  829,  326,  359,  156,  454,  325,  728,  821,  638,  197,  343,  647,  541,  762,  101,  444,  705,  405,  465,  599,  256,  147,  813,  672,  683,  551,  685,  185,  897,  636,  194,  610,  518,  259,  621,  557,  145,  552,  145,  722,  308,  211,  401,  524,  611,  268,  184,   89,  535,  410,  163,  317,  316,  678,  247,  754],
        [  475,    0,  653,  676,  538,  413,  374,  363,  411,  701,  158,  290,  163,    0,  377,  631,  329,  349,  402,  394,  322,  381,  305,  476,  220,  357,  572,  442,  241,  476,  729,  375,  655,  372,  708,  702,  503,  466,  157,  500,  378,  426,  423,  478,  475,  440,  205,  307,  720,  239,  596,  333,  383,  617,  356,  225,  438,  636,  696,  338,  649,  280,  491,  452,  596,  327,   98,  398,  575,  429,  435,  465,  544,  262,  534,  132,  506,  214,  362,  322,  188,  299,  339,  555,  485,  254,  395,  541,  351,  178,  268,  692,  368,  380,   98,  596,  370,  455,  222,  612,  672,  164,  476,  186,  423,  182,  590,  771,  478,   88,  464,  576,  506,  712,   85,  591,  544,  402,  418,  610,  407,  309,  759,  545,  586,  390,  626,  199,  736,  625,   39,  477,  357,  121,  459,  402,  201,  502,  148,  627,  311,  242,  488,  564,  449,  263,  185,  114,  384,  402,  305,  176,  310,  516,  279,  630],
        [  100,    0,  300,  326,  397,  705,  473,  238,  467,  421,  221,  439,  503,  377,    0,  273,  511,  165,  278,   21,  673,  346,  458,  300,  260,  431,  195,  719,  511,  232,  410,  303,  319,  528,  478,  504,  461,  785,  489,  125,  706,  201,  248,  207,  281,  654,  522,  678,  458,  452,  369,  697,  714,  367,  410,  600,  668,  284,  507,  650,  273,  445,  402,  280,  241,  156,  410,  703,  751,  712,  142,  417,  172,  638,  212,  268,  568,  243,  199,   70,  228,  673,  564,  179,  720,  158,  187,  277,  534,  512,  626,  391,  346,  615,  355,  530,  290,  753,  187,  405,  394,  291,  643,  562,  299,  199,  231,  490,  265,  435,  643,  285,  326,  440,  403,  814,  343,  357,  258,  502,  671,  622,  473,  170,  234,  333,  348,  572,  507,  462,  339,  110,  334,  405,  298,  426,  578,  787,  376,  275,  349,  389,  586,  538,  285,  622,  556,  488,  144,  743,  571,  409,  662,  357,  395,  254],
        [  182,    0,   29,  302,  584,  978,  732,  342,  559,  483,  474,  594,  729,  631,  273,    0,  780,  305,  346,  253,  940,  434,  610,  301,  533,  549,  137,  992,  784,  224,  164,  392,  332,  662,  323,  375,  488, 1057,  714,  187,  908,  253,  297,  196,  473,  796,  736,  937,  530,  724,  265,  960,  918,  480,  524,  847,  939,  280,  386,  922,  102,  606,  615,  484,  257,  414,  640,  976,  856,  887,  205,  459,  113,  890,  117,  536,  634,  446,  313,  343,  453,  914,  836,  130,  865,  379,  274,  414,  680,  780,  853,  176,  594,  886,  624,  512,  384, 1026,  460,  544,  467,  563,  758,  816,  350,  465,  245,  275,  450,  699,  765,  150,  302,  247,  637,  941,  508,  432,  312,  459,  838,  823,  254,  175,   47,  574,  188,  829,  603,  382,  595,  231,  584,  674,  502,  675,  828, 1060,  588,   19,  483,  562,  671,  549,  492,  886,  815,  734,  377, 1013,  753,  682,  929,  544,  550,  149],
        [  599,    0,  807,  687,  385,  230,  100,  627,  733,  620,  384,  618,  456,  329,  511,  780,    0,  582,  673,  532,  308,  680,  633,  736,  253,  679,  673,  228,  122,  705,  919,  661,  650,  700,  957,  967,  811,  327,  459,  602,  637,  658,  677,  693,  401,  759,  506,  378,  618,   90,  842,  361,  638,  530,  675,  408,  159,  657,  965,  218,  754,  608,  315,  375,  631,  368,  424,  246,  897,  719,  632,  768,  671,  397,  719,  297,  832,  493,  609,  442,  453,  471,   68,  665,  794,  482,  628,  494,  678,  220,  506,  898,  226,  112,  242,  903,  653,  276,  334,  488,  597,  245,  802,  351,  697,  360,  632,  992,  419,  261,  788,  785,  767,  938,  411,  900,  439,  701,  678,  905,  711,  593,  976,  634,  744,  259,  845,  332,  597,  901,  327,  562,  228,  209,  367,  181,  380,  295,  476,  784,  622,  566,  816,  879,  367,  300,  318,  370,  415,  330,  617,  155,  304,  389,  602,  715],
        [  211,    0,  322,  469,  551,  740,  569,   74,  306,  584,  208,  301,  428,  349,  165,  305,  582,    0,  116,  162,  670,  182,  319,  158,  336,  277,  299,  761,  548,  129,  381,  138,  471,  382,  377,  386,  298,  805,  412,  251,  605,   79,   99,  130,  439,  513,  432,  653,  622,  506,  261,  681,  615,  531,  253,  552,  730,  429,  385,  672,  355,  311,  546,  433,  386,  287,  341,  731,  598,  591,  101,  253,  251,  599,  194,  291,  405,  145,   35,  192,  162,  616,  623,  278,  582,  103,   48,  441,  394,  517,  551,  344,  467,  673,  371,  371,  126,  785,  255,  568,  557,  339,  491,  528,  139,  223,  375,  425,  425,  428,  494,  228,  189,  367,  339,  668,  504,  193,  104,  351,  544,  520,  412,  293,  259,  463,  278,  545,  672,  326,  318,  259,  453,  423,  450,  542,  536,  827,  284,  296,  198,  262,  426,  375,  437,  612,  532,  442,  297,  748,  453,  449,  658,  512,  256,  359],
        [  306,    0,  355,  563,  667,  810,  670,   48,  216,  691,  290,  257,  438,  402,  278,  346,  673,  116,    0,  272,  720,   89,  270,   77,  437,  203,  381,  835,  624,  124,  372,   48,  570,  316,  308,  301,  184,  867,  422,  347,  584,  101,   50,  151,  554,  450,  430,  689,  731,  591,  199,  722,  594,  644,  178,  577,  814,  524,  297,  737,  420,  271,  660,  548,  483,  401,  365,  797,  514,  548,  173,  141,  327,  628,  231,  376,  304,  189,   81,  307,  224,  632,  707,  358,  520,  196,   97,  554,  337,  578,  554,  324,  577,  756,  446,  256,   42,  854,  358,  682,  665,  430,  413,  564,   25,  317,  471,  383,  540,  487,  420,  224,  106,  324,  367,  596,  619,   90,   35,  239,  497,  500,  375,  384,  304,  575,  250,  585,  784,  229,  378,  362,  563,  495,  565,  650,  566,  898,  296,  333,  145,  238,  334,  260,  552,  660,  575,  474,  413,  802,  421,  530,  708,  627,  215,  436],
        [   81,    0,  279,  318,  410,  725,  492,  235,  467,  422,  237,  445,  517,  394,   21,  253,  532,  162,  272,    0,  693,  344,  464,  290,  281,  433,  179,  740,  532,  219,  389,  300,  314,  533,  461,  488,  456,  805,  503,  110,  718,  191,  240,  192,  293,  660,  535,  697,  460,  473,  354,  716,  726,  372,  411,  617,  689,  276,  492,  670,  255,  451,  418,  293,  233,  175,  424,  724,  754,  722,  127,  412,  152,  655,  192,  287,  566,  252,  195,   91,  240,  689,  585,  162,  726,  168,  179,  282,  540,  531,  640,  372,  365,  636,  374,  522,  287,  774,  208,  412,  395,  311,  646,  579,  292,  218,  223,  471,  276,  454,  647,  266,  314,  421,  418,  819,  353,  354,  251,  492,  679,  634,  453,  156,  214,  351,  330,  590,  512,  449,  357,  102,  352,  424,  311,  445,  595,  808,  388,  255,  352,  397,  587,  532,  298,  641,  574,  504,  158,  763,  581,  429,  681,  369,  400,  238],
        [  772,    0,  964,  930,  680,  171,  406,  683,  686,  900,  469,  554,  327,  322,  673,  940,  308,  670,  720,  693,    0,  688,  561,  795,  439,  635,  864,  210,  204,  797, 1048,  689,  899,  605, 1027, 1017,  797,  165,  340,  790,  415,  747,  744,  798,  669,  608,  368,   91,  905,  279,  916,   57,  412,  809,  643,  196,  277,  893, 1011,  106,  944,  538,  613,  642,  859,  574,  364,  138,  744,  522,  752,  765,  844,  150,  850,  406,  760,  535,  683,  608,  509,  218,  253,  850,  618,  572,  716,  756,  573,  162,  295, 1013,  504,  248,  319,  889,  686,  186,  491,  779,  875,  391,  674,  171,  740,  476,  856, 1092,  682,  243,  655,  897,  825, 1033,  358,  714,  721,  709,  738,  912,  534,  409, 1081,  831,  897,  537,  947,  144,  895,  938,  352,  758,  501,  270,  640,  482,  185,  238,  436,  939,  613,  524,  727,  847,  636,   62,  149,  256,  632,   85,  472,  284,   13,  676,  562,  917],
        [  387,    0,  442,  645,  720,  794,  690,  110,  129,  765,  301,  180,  386,  381,  346,  434,  680,  182,   89,  344,  688,    0,  190,  148,  461,  116,  466,  822,  616,  211,  450,   46,  650,  230,  356,  335,  134,  842,  369,  428,  509,  188,  138,  240,  611,  363,  369,  647,  803,  593,  261,  684,  520,  711,   91,  529,  811,  606,  326,  717,  508,  196,  706,  603,  564,  449,  324,  777,  427,  466,  258,   90,  414,  583,  319,  385,  223,  188,  151,  362,  229,  577,  706,  444,  432,  230,  178,  621,  252,  558,  493,  400,  612,  752,  442,  224,   58,  835,  388,  745,  738,  442,  325,  524,   87,  338,  552,  446,  600,  468,  332,  307,  166,  389,  330,  507,  679,   22,  123,  230,  414,  428,  441,  467,  392,  614,  325,  548,  852,  252,  365,  439,  598,  487,  619,  680,  522,  882,  253,  420,   78,  175,  248,  208,  605,  627,  540,  435,  470,  771,  345,  530,  676,  682,  144,  522],
        [  527,    0,  621,  781,  774,  693,  669,  268,  128,  870,  313,   20,  235,  305,  458,  610,  633,  319,  270,  464,  561,  190,    0,  337,  469,   86,  618,  727,  542,  392,  639,  223,  777,   76,  537,  507,  251,  723,  222,  566,  321,  358,  317,  415,  681,  197,  203,  503,  902,  543,  449,  544,  332,  803,  105,  379,  737,  739,  497,  613,  672,   26,  743,  665,  696,  511,  215,  671,  302,  279,  415,  231,  570,  434,  494,  374,  205,  223,  301,  446,  254,  412,  641,  596,  264,  305,  338,  714,   76,  461,  322,  589,  631,  680,  394,  337,  229,  728,  419,  822,  842,  429,  193,  390,  275,  360,  686,  633,  675,  382,  189,  493,  356,  577,  226,  356,  752,  203,  303,  372,  229,  242,  630,  609,  565,  642,  515,  417,  939,  422,  308,  565,  617,  425,  678,  683,  380,  779,  158,  598,  127,   78,  184,  290,  665,  501,  414,  309,  550,  644,  156,  479,  549,  741,   64,  677],
        [  303,    0,  305,  550,  697,  881,  727,  114,  262,  695,  355,  325,  515,  476,  300,  301,  736,  158,   77,  290,  795,  148,  337,    0,  493,  262,  362,  906,  693,   87,  303,  119,  563,  375,  232,  232,  190,  940,  498,  342,  654,  100,   60,  121,  581,  507,  505,  766,  737,  657,  123,  799,  665,  656,  238,  654,  881,  514,  229,  810,  387,  340,  698,  579,  476,  440,  441,  869,  556,  613,  170,  158,  307,  705,  192,  441,  333,  262,  128,  343,  294,  708,  773,  340,  576,  255,  118,  569,  399,  651,  630,  253,  624,  823,  515,  237,  117,  926,  412,  701,  670,  492,  461,  640,   63,  377,  463,  307,  565,  561,  471,  163,   32,  248,  444,  644,  642,  138,   60,  202,  561,  572,  300,  373,  264,  618,  179,  661,  795,  169,  451,  366,  610,  565,  596,  699,  643,  970,  373,  286,  216,  312,  371,  259,  583,  735,  651,  551,  442,  877,  491,  597,  783,  656,  287,  411],
        [  353,    0,  559,  492,  320,  447,  234,  390,  541,  488,  164,  450,  382,  220,  260,  533,  253,  336,  437,  281,  439,  461,  469,  493,    0,  490,  435,  460,  257,  454,  667,  434,  464,  544,  708,  721,  594,  532,  375,  362,  597,  409,  434,  441,  258,  638,  422,  465,  504,  193,  594,  474,  603,  401,  479,  422,  409,  455,  721,  398,  518,  446,  278,  234,  421,  136,  306,  449,  765,  645,  379,  549,  426,  443,  466,   99,  647,  277,  366,  191,  235,  498,  304,  425,  690,  242,  381,  331,  533,  281,  484,  645,  162,  355,  141,  682,  424,  496,   83,  393,  460,   59,  659,  370,  462,  124,  418,  740,  263,  229,  650,  532,  524,  685,  293,  796,  324,  480,  436,  675,  618,  528,  723,  400,  494,  176,  593,  370,  516,  661,  190,  326,  149,  175,  240,  220,  394,  528,  322,  535,  418,  393,  643,  668,  230,  397,  352,  325,  194,  499,  514,  158,  429,  296,  421,  484],
        [  487,    0,  558,  745,  778,  760,  705,  214,   55,  851,  327,   85,  314,  357,  431,  549,  679,  277,  203,  433,  635,  116,   86,  262,  490,    0,  572,  792,  597,  326,  564,  157,  746,  114,  453,  422,  167,  796,  299,  527,  404,  299,  252,  353,  677,  248,  286,  582,  886,  589,  369,  623,  415,  790,   26,  460,  794,  705,  411,  680,  619,  102,  755,  665,  662,  509,  277,  739,  322,  352,  364,  145,  521,  514,  433,  401,  157,  219,  251,  432,  259,  496,  694,  550,  317,  290,  285,  700,  138,  524,  407,  513,  649,  736,  437,  256,  166,  797,  429,  816,  823,  458,  216,  465,  203,  372,  650,  552,  669,  440,  220,  423,  278,  496,  286,  395,  748,  125,  238,  288,  300,  327,  549,  569,  506,  657,  439,  492,  929,  336,  352,  533,  635,  474,  679,  709,  458,  847,  210,  535,   83,  116,  159,  213,  666,  575,  487,  381,  540,  719,  239,  525,  624,  743,   78,  630],
        [   99,    0,  163,  190,  449,  882,  615,  359,  595,  356,  415,  600,  694,  572,  195,  137,  673,  299,  381,  179,  864,  466,  618,  362,  435,  572,    0,  892,  692,  276,  301,  421,  210,  680,  445,  491,  550,  966,  679,   74,  890,  281,  335,  241,  339,  812,  709,  872,  402,  626,  366,  890,  899,  346,  548,  795,  831,  158,  500,  833,   83,  609,  483,  353,  126,  306,  601,  884,  892,  886,  209,  513,   55,  832,  178,  460,  684,  421,  321,  256,  415,  867,  732,   23,  880,  340,  289,  278,  693,  702,  817,  308,  473,  782,  546,  593,  410,  930,  373,  408,  337,  475,  787,  757,  393,  393,  114,  410,  317,  628,  791,  249,  374,  376,  595,  966,  371,  470,  349,  548,  841,  806,  389,   41,  130,  449,  304,  766,  472,  481,  534,  111,  464,  594,  370,  552,  772,  960,  561,  151,  496,  557,  713,  620,  361,  814,  750,  682,  259,  930,  747,  591,  853,  409,  554,   61],
        [  812,    0, 1018,  915,  603,   40,  316,  793,  845,  844,  554,  716,  505,  442,  719,  992,  228,  761,  835,  740,  210,  822,  727,  906,  460,  792,  892,    0,  214,  889, 1121,  813,  878,  781, 1135, 1136,  944,  117,  515,  820,  622,  840,  849,  882,  628,  803,  552,  300,  838,  268, 1020,  262,  620,  754,  794,  395,   98,  885, 1132,  118,  974,  703,  532,  602,  858,  587,  515,   73,  941,  727,  826,  906,  885,  355,  919,  472,  931,  647,  783,  649,  612,  427,  163,  883,  820,  659,  809,  722,  752,  268,  498, 1094,  454,  118,  391, 1037,  807,   56,  534,  708,  822,  432,  863,  355,  858,  543,  858, 1184,  646,  355,  845,  979,  937, 1127,  506,  918,  664,  843,  847, 1051,  735,  609, 1169,  854,  953,  486, 1036,  327,  810, 1062,  459,  781,  456,  341,  594,  400,  377,   69,  583,  994,  753,  676,  903, 1003,  594,  250,  323,  421,  638,  169,  662,  315,  215,  611,  715,  937],
        [  607,    0,  810,  738,  477,  195,  211,  580,  652,  698,  340,  529,  346,  241,  511,  784,  122,  548,  624,  532,  204,  616,  542,  693,  257,  597,  692,  214,    0,  675,  909,  604,  705,  604,  922,  924,  742,  275,  351,  618,  517,  626,  636,  669,  468,  651,  396,  263,  702,   76,  807,  253,  518,  606,  597,  287,  197,  703,  920,  143,  774,  517,  410,  441,  672,  390,  328,  193,  790,  603,  613,  702,  680,  276,  708,  258,  745,  436,  569,  442,  400,  350,  102,  681,  682,  445,  595,  557,  580,  101,  386,  881,  301,  140,  178,  835,  597,  243,  325,  575,  672,  222,  700,  231,  647,  330,  670,  970,  482,  160,  685,  765,  724,  913,  317,  787,  518,  637,  634,  845,  598,  477,  956,  656,  744,  333,  822,  211,  691,  852,  252,  582,  298,  129,  438,  281,  259,  281,  388,  785,  550,  482,  724,  805,  434,  185,  197,  258,  446,  249,  508,  103,  197,  472,  520,  741],
        [  220,    0,  232,  464,  628,  867,  684,  130,  336,  612,  336,  377,  541,  476,  232,  224,  705,  129,  124,  219,  797,  211,  392,   87,  454,  326,  276,  889,  675,    0,  260,  171,  478,  439,  255,  273,  276,  934,  524,  258,  701,   50,   75,   35,  511,  573,  538,  777,  655,  631,  141,  806,  711,  577,  301,  672,  855,  428,  276,  800,  303,  391,  634,  511,  390,  382,  459,  859,  633,  670,   93,  241,  221,  721,  110,  418,  415,  266,  115,  285,  288,  733,  748,  254,  643,  230,   82,  491,  460,  645,  661,  219,  570,  798,  499,  321,  163,  913,  372,  625,  588,  463,  535,  651,  127,  348,  377,  297,  493,  556,  542,  106,  102,  239,  459,  717,  568,  208,   89,  281,  620,  616,  285,  287,  183,  561,  151,  670,  715,  231,  446,  285,  557,  551,  529,  649,  658,  955,  396,  210,  265,  353,  450,  345,  516,  738,  658,  564,  376,  876,  541,  575,  785,  587,  335,  326],
        [  333,    0,  139,  455,  747, 1104,  880,  389,  558,  642,  580,  627,  801,  729,  410,  164,  919,  381,  372,  389, 1048,  450,  639,  303,  667,  564,  301, 1121,  909,  260,    0,  418,  490,  675,  201,  262,  457, 1177,  784,  346,  955,  308,  329,  252,  634,  805,  798, 1033,  689,  856,  205, 1061,  965,  643,  540,  931, 1076,  438,  277, 1042,  254,  642,  776,  645,  419,  561,  718, 1099,  839,  915,  298,  442,  271,  979,  203,  654,  609,  524,  374,  478,  542,  993,  971,  293,  874,  476,  338,  578,  701,  892,  921,   54,  747, 1022,  739,  451,  413, 1151,  589,  708,  626,  690,  754,  908,  364,  581,  408,  118,  613,  805,  765,  155,  287,  113,  718,  934,  671,  440,  341,  389,  863,  872,   97,  338,  184,  729,  126,  926,  762,  303,  696,  389,  736,  791,  663,  828,  916, 1189,  656,  152,  516,  609,  655,  501,  652,  991,  913,  822,  530, 1125,  792,  807, 1036,  707,  587,  306],
        [  341,    0,  402,  600,  682,  787,  665,   66,  174,  721,  278,  210,  399,  375,  303,  392,  661,  138,   48,  300,  689,   46,  223,  119,  434,  157,  421,  813,  604,  171,  418,    0,  605,  270,  342,  329,  166,  839,  382,  382,  538,  144,   96,  197,  572,  404,  387,  654,  759,  577,  239,  689,  548,  669,  132,  540,  797,  561,  323,  712,  464,  224,  671,  564,  519,  412,  329,  772,  472,  501,  212,  120,  369,  592,  277,  365,  268,  169,  106,  322,  209,  592,  691,  399,  473,  197,  133,  579,  290,  552,  512,  370,  581,  739,  428,  249,   13,  829,  358,  704,  694,  420,  369,  529,   56,  311,  507,  424,  560,  462,  375,  271,  143,  365,  333,  551,  639,   55,   82,  244,  450,  455,  417,  421,  350,  581,  295,  552,  809,  251,  355,  394,  567,  475,  580,  650,  530,  875,  259,  379,   99,  194,  293,  242,  567,  628,  543,  440,  431,  772,  375,  514,  677,  643,  169,  478],
        [  265,    0,  354,   45,  324,  877,  570,  540,  776,  153,  515,  758,  802,  655,  319,  332,  650,  471,  570,  314,  899,  650,  777,  563,  464,  746,  210,  878,  705,  478,  490,  605,    0,  846,  651,  700,  748,  971,  790,  224, 1013,  474,  528,  444,  253,  973,  828,  929,  200,  631,  576,  936, 1020,  175,  723,  875,  801,   53,  709,  845,  237,  763,  382,  278,   88,  333,  710,  887, 1067, 1028,  399,  708,  263,  903,  387,  526,  872,  560,  500,  345,  541,  951,  716,  229, 1038,  475,  474,  159,  853,  744,  920,  508,  426,  762,  599,  798,  593,  925,  434,  246,  140,  518,  959,  828,  586,  478,  101,  605,  233,  688,  960,  458,  578,  579,  702, 1132,  242,  657,  542,  755,  988,  932,  584,  191,  337,  394,  512,  831,  275,  691,  618,  213,  423,  638,  288,  490,  849,  945,  688,  349,  665,  708,  896,  821,  286,  860,  813,  769,  274,  953,  887,  616,  890,  294,  714,  185],
        [  592,    0,  671,  848,  849,  746,  741,  324,  124,  943,  389,   96,  279,  372,  528,  662,  700,  382,  316,  533,  605,  230,   76,  375,  544,  114,  680,  781,  604,  439,  675,  270,  846,    0,  554,  517,  250,  769,  268,  631,  311,  411,  365,  466,  756,  135,  237,  539,  976,  610,  477,  582,  321,  877,  139,  415,  798,  807,  504,  666,  730,   98,  819,  740,  764,  586,  278,  722,  227,  243,  474,  244,  630,  469,  546,  448,  159,  297,  360,  519,  329,  436,  705,  658,  204,  377,  395,  788,   36,  519,  342,  624,  706,  742,  464,  324,  278,  778,  495,  897,  915,  503,  118,  435,  316,  436,  753,  657,  750,  445,  115,  536,  389,  603,  290,  287,  827,  237,  351,  370,  190,  243,  656,  674,  618,  718,  550,  463, 1013,  432,  379,  634,  692,  492,  753,  756,  421,  830,  229,  648,  185,  153,  123,  269,  741,  547,  462,  361,  624,  687,  153,  547,  594,  817,  135,  739],
        [  435,    0,  306,  624,  862, 1112,  938,  346,  430,  800,  583,  531,  739,  708,  478,  323,  957,  377,  308,  461, 1027,  356,  537,  232,  708,  453,  445, 1135,  922,  255,  201,  342,  651,  554,    0,   63,  309, 1172,  723,  464,  857,  300,  287,  272,  745,  673,  724,  995,  846,  882,  116, 1029,  867,  785,  433,  881, 1106,  598,   78, 1041,  424,  547,  877,  749,  570,  631,  671, 1101,  682,  797,  338,  311,  398,  933,  282,  667,  454,  494,  353,  537,  525,  932,  999,  430,  738,  478,  330,  708,  585,  883,  848,  157,  822, 1049,  744,  274,  344, 1157,  626,  843,  781,  714,  610,  870,  289,  599,  558,  117,  725,  792,  625,  203,  202,   88,  674,  783,  795,  338,  290,  211,  743,  778,  125,  474,  315,  810,  142,  892,  915,  128,  682,  502,  809,  795,  767,  901,  872, 1200,  601,  305,  432,  530,  505,  331,  755,  967,  882,  781,  618, 1109,  691,  824, 1015,  821,  499,  470],
        [  472,    0,  361,  674,  895, 1111,  953,  344,  393,  846,  586,  503,  719,  702,  504,  375,  967,  386,  301,  488, 1017,  335,  507,  232,  721,  422,  491, 1136,  924,  273,  262,  329,  700,  517,   63,    0,  268, 1167,  703,  503,  824,  314,  290,  297,  777,  631,  700,  981,  892,  888,  135, 1016,  834,  827,  404,  863, 1112,  647,   17, 1038,  477,  520,  905,  780,  617,  654,  656, 1097,  631,  758,  363,  277,  442,  917,  321,  672,  405,  490,  358,  558,  524,  910, 1004,  474,  694,  485,  341,  746,  549,  878,  824,  217,  843, 1054,  746,  220,  332, 1154,  639,  881,  826,  723,  564,  856,  279,  607,  604,  176,  759,  788,  580,  243,  200,  150,  661,  734,  831,  315,  291,  158,  705,  748,  186,  517,  363,  834,  189,  880,  959,   86,  679,  539,  830,  795,  798,  921,  856, 1199,  585,  357,  412,  509,  457,  280,  785,  957,  871,  767,  646, 1100,  659,  828, 1005,  853,  475,  520],
        [  484,    0,  489,  737,  846,  914,  823,  225,  128,  873,  434,  251,  480,  503,  461,  488,  811,  298,  184,  456,  797,  134,  251,  190,  594,  167,  550,  944,  742,  276,  457,  166,  748,  250,  309,  268,    0,  956,  464,  525,  559,  275,  220,  310,  735,  365,  452,  748,  914,  723,  252,  787,  570,  827,  155,  625,  938,  700,  255,  836,  576,  268,  836,  728,  660,  577,  435,  895,  383,  491,  349,   46,  495,  680,  382,  518,  152,  320,  263,  486,  362,  662,  834,  528,  430,  361,  278,  737,  283,  677,  572,  404,  744,  879,  571,   94,  177,  953,  521,  865,  848,  575,  303,  629,  164,  471,  648,  419,  722,  589,  317,  342,  186,  369,  442,  480,  802,  115,  208,  122,  437,  487,  420,  559,  453,  745,  335,  655,  967,  184,  491,  544,  730,  614,  745,  813,  623, 1002,  364,  471,  192,  274,  199,   77,  732,  736,  649,  542,  594,  881,  397,  659,  785,  808,  236,  601],
        [  881,    0, 1082, 1006,  710,   99,  422,  827,  847,  947,  599,  716,  491,  466,  785, 1057,  327,  805,  867,  805,  165,  842,  723,  940,  532,  796,  966,  117,  275,  934, 1177,  839,  971,  769, 1172, 1167,  956,    0,  503,  893,  569,  884,  887,  931,  725,  771,  533,  244,  944,  344, 1059,  199,  565,  856,  802,  359,  214,  973, 1161,  136, 1049,  700,  639,  699,  944,  665,  521,   84,  906,  679,  880,  921,  955,  310,  976,  524,  924,  679,  823,  716,  648,  371,  260,  956,  778,  705,  853,  818,  737,  290,  455, 1146,  551,  224,  438, 1048,  835,   62,  598,  814,  924,  495,  838,  335,  888,  597,  942, 1230,  742,  380,  819, 1029,  971, 1172,  514,  870,  766,  863,  882, 1069,  695,  570, 1217,  931, 1016,  584, 1083,  307,  919, 1089,  491,  857,  552,  386,  692,  506,  349,   95,  592, 1057,  768,  683,  891, 1008,  691,  223,  310,  416,  719,   88,  636,  377,  175,  715,  721, 1015],
        [  581,    0,  732,  806,  694,  480,  519,  397,  348,  848,  276,  216,   17,  157,  489,  714,  459,  412,  422,  503,  340,  369,  222,  498,  375,  299,  679,  515,  351,  524,  784,  382,  790,  268,  723,  703,  464,  503,    0,  613,  226,  479,  458,  537,  627,  301,   49,  284,  870,  373,  620,  324,  233,  767,  310,  162,  538,  765,  695,  399,  750,  200,  647,  605,  723,  471,   80,  455,  440,  273,  510,  436,  643,  216,  605,  282,  421,  268,  412,  446,  266,  210,  452,  660,  336,  341,  450,  687,  238,  258,  140,  741,  524,  484,  252,  554,  382,  511,  365,  766,  819,  320,  352,  169,  437,  314,  715,  804,  629,  198,  336,  630,  525,  745,   89,  443,  697,  389,  448,  583,  255,  153,  797,  658,  668,  546,  669,  197,  889,  620,  186,  596,  513,  258,  613,  555,  160,  563,  129,  707,  292,  195,  390,  510,  603,  281,  195,   96,  525,  423,  159,  316,  329,  671,  231,  740],
