{
    "name": "random-42-10510",
    "comment": "size=42 seed=10510",
    "nodes": ["+0", "-0", "+1", "-1", "+2", "-2", "+3", "-3", "+4", "-4", "+5", "-5", "+6", "-6", "+7", "-7", "+8", "-8", "+9", "-9", "+10", "-10", "+11", "-11", "+12", "-12", "+13", "-13", "+14", "-14", "+15", "-15", "+16", "-16", "+17", "-17", "+18", "-18", "+19", "-19", "+20", "-20", "+21", "-21", "+22", "-22", "+23", "-23", "+24", "-24", "+25", "-25", "+26", "-26", "+27", "-27", "+28", "-28", "+29", "-29", "+30", "-30", "+31", "-31", "+32", "-32", "+33", "-33", "+34", "-34", "+35", "-35", "+36", "-36", "+37", "-37", "+38", "-38", "+39", "-39", "+40", "-40", "+41", "-41", "+42", "-42"],
    "precedence": {
        "+0": "-0",
        "+1": "-1",
        "+2": "-2",
        "+3": "-3",
        "+4": "-4",
        "+5": "-5",
        "+6": "-6",
        "+7": "-7",
        "+8": "-8",
        "+9": "-9",
        "+10": "-10",
        "+11": "-11",
        "+12": "-12",
        "+13": "-13",
        "+14": "-14",
        "+15": "-15",
        "+16": "-16",
        "+17": "-17",
        "+18": "-18",
        "+19": "-19",
        "+20": "-20",
        "+21": "-21",
        "+22": "-22",
        "+23": "-23",
        "+24": "-24",
        "+25": "-25",
        "+26": "-26",
        "+27": "-27",
        "+28": "-28",
        "+29": "-29",
        "+30": "-30",
        "+31": "-31",
        "+32": "-32",
        "+33": "-33",
        "+34": "-34",
        "+35": "-35",
        "+36": "-36",
        "+37": "-37",
        "+38": "-38",
        "+39": "-39",
        "+40": "-40",
        "+41": "-41",
        "+42": "-42"
    },
    "edges": [
        [    0,    0,  224,  795,  762,  782,  295,  228,  812,  113,  432,  160,  275,  254,  736,   69,  179,  612,  238,  219,   40,  783,  594,  245,  115,  827,  673,  625,  806,  874,  685,  203,  431,  350,  435,  477,  217,  753,  883,  522,  181,  414,  234,  543,  647,  815,  208,  688,   87,  587,  743,   35,  586,  469,  462,  145,  370,  591,  465,  518,  619,  854,  886,  751,  524,  754,  837,  339,  590,  216,  663,  174,  678,  811,  606,  430,  322,  772,  454,  287,  482,  224,  133,  755,  447,  213],
        [    0,    0,  224,  795,  762,  782,  295,  228,  812,  113,  432,  160,  275,  254,  736,   69,  179,  612,  238,  219,   40,  783,  594,  245,  115,  827,  673,  625,  806,  874,  685,  203,  431,  350,  435,  477,  217,  753,  883,  522,  181,  414,  234,  543,  647,  815,  208,  688,   87,  587,  743,   35,  586,  469,  462,  145,  370,  591,  465,  518,  619,  854,  886,  751,  524,  754,  837,  339,  590,  216,  663,  174,  678,  811,  606,  430,  322,  772,  454,  287,  482,  224,  133,  755,  447,  213],
        [  224,  224,    0,  895,  866,  833,  422,  452,  981,  120,  633,  283,  244,  458,  908,  223,   54,  666,  361,  104,  258,  955,  796,  448,  118,  901,  885,  837, 1020, 1076,  900,  399,  521,  503,  615,  665,  137,  952,  957,  605,  133,  623,   90,  662,  702,  937,   74,  882,  197,  785,  817,  251,  610,  629,  567,  175,  590,  803,  664,  726,  843,  941,  947,  966,  746,  973,  991,  534,  782,  393,  877,  294,  901,  997,  643,  395,  345,  861,  678,  396,  484,  266,  174,  947,  505,  314],
        [  795,  795,  895,    0,   37,  194,  501,  732,  347,  865,  984,  643,  663,  613,  347,  736,  892,  260, 1005,  796,  764,  358,  524,  617,  866,  104,  621,  607,  698,  609,  658,  892,  376,  459,  448,  459,  761,  524,  133,  291,  763,  579,  817,  256,  235,  103,  822,  477,  741,  496,  120,  765,  353, 1126,  335,  729,  841, 1014, 1012,  998,  851,   73,  176,  684,  867,  757,  275,  955,  457,  594,  648,  629,  820,  454,  307,  566,  556,   50,  742,  513,  465,  630,  921,  478,  395,  596],
        [  762,  762,  866,   37,    0,  205,  468,  695,  328,  833,  947,  611,  636,  577,  322,  704,  862,  245,  970,  769,  730,  336,  491,  581,  835,  130,  589,  574,  671,  587,  627,  856,  346,  424,  411,  423,  734,  497,  166,  264,  734,  543,  790,  221,  224,   99,  794,  448,  709,  462,  122,  732,  340, 1089,  304,  699,  805,  978,  976,  962,  816,  110,  205,  655,  832,  727,  261,  918,  423,  559,  617,  597,  787,  431,  295,  546,  529,   59,  706,  482,  447,  601,  888,  452,  369,  565],
        [  782,  782,  833,  194,  205,    0,  499,  774,  532,  829, 1048,  622,  590,  654,  519,  716,  841,  171, 1010,  730,  757,  538,  659,  655,  830,  109,  768,  745,  862,  788,  804,  916,  355,  491,  529,  559,  696,  691,  146,  267,  707,  668,  747,  310,  136,  296,  759,  635,  712,  630,   90,  757,  229, 1172,  339,  685,  910, 1109, 1080, 1080,  969,  173,  118,  840,  966,  908,  466, 1002,  592,  610,  792,  609,  952,  633,  190,  458,  490,  147,  837,  498,  358,  582,  894,  647,  338,  570],
        [  295,  295,  422,  501,  468,  499,    0,  293,  563,  369,  577,  146,  245,  185,  492,  236,  406,  334,  513,  339,  264,  539,  425,  181,  371,  535,  536,  490,  671,  692,  561,  418,  145,   91,  220,  277,  307,  563,  591,  234,  294,  297,  362,  251,  367,  526,  357,  490,  244,  406,  453,  265,  335,  682,  169,  247,  453,  679,  611,  630,  607,  560,  597,  623,  557,  656,  570,  516,  391,  115,  540,  133,  631,  590,  341,  289,  172,  478,  437,   37,  275,  172,  420,  549,  185,  108],
        [  228,  228,  452,  732,  695,  774,  293,    0,  656,  339,  285,  259,  431,  121,  579,  244,  406,  617,  307,  430,  195,  624,  397,  120,  341,  789,  460,  412,  587,  670,  467,  172,  430,  284,  298,  317,  416,  558,  843,  511,  383,  217,  449,  481,  648,  723,  426,  501,  276,  398,  713,  202,  627,  399,  436,  330,  170,  403,  319,  344,  394,  800,  859,  532,  307,  528,  699,  229,  412,  181,  445,  263,  450,  631,  631,  548,  422,  722,  227,  313,  560,  352,  335,  568,  478,  292],
        [  812,  812,  981,  347,  328,  532,  563,  656,    0,  910,  833,  698,  796,  567,   78,  774,  959,  522,  962,  901,  773,   35,  294,  575,  912,  451,  340,  349,  375,  265,  373,  827,  512,  478,  377,  342,  869,  206,  469,  476,  856,  445,  924,  366,  516,  252,  919,  197,  791,  278,  445,  777,  614,  999,  460,  806,  698,  805,  854,  815,  606,  405,  518,  376,  662,  455,   87,  840,  251,  599,  373,  687,  550,  112,  574,  764,  698,  387,  560,  593,  683,  732,  943,  159,  571,  670],
        [  113,  113,  120,  865,  833,  829,  369,  339,  910,    0,  515,  224,  265,  363,  835,  137,   69,  658,  258,  156,  151,  882,  703,  353,    3,  885,  785,  736,  918,  984,  797,  280,  491,  438,  536,  581,  172,  862,  941,  581,  142,  524,  161,  619,  694,  894,  133,  795,  125,  695,  800,  144,  617,  520,  530,  144,  471,  684,  546,  607,  727,  918,  938,  863,  628,  866,  930,  416,  696,  312,  775,  237,  788,  915,  644,  428,  344,  836,  565,  352,  500,  247,   76,  861,  492,  269],
        [  432,  432,  633,  984,  947, 1048,  577,  285,  833,  515,    0,  527,  690,  399,  762,  481,  580,  897,  315,  650,  418,  799,  541,  400,  516, 1052,  541,  507,  630,  757,  528,  235,  712,  559,  537,  532,  648,  678, 1104,  789,  612,  410,  663,  745,  926,  957,  636,  645,  510,  556,  981,  424,  911,  172,  713,  570,  143,  181,   35,  100,  325, 1055, 1125,  579,  212,  535,  896,  100,  585,  465,  513,  534,  411,  775,  914,  823,  699,  981,  275,  597,  843,  618,  468,  706,  762,  568],
        [  160,  160,  283,  643,  611,  622,  146,  259,  698,  224,  527,    0,  174,  204,  625,   95,  263,  452,  394,  214,  139,  672,  524,  194,  226,  669,  623,  575,  759,  801,  642,  327,  273,  221,  334,  386,  187,  675,  726,  364,  164,  363,  237,  396,  487,  671,  226,  604,   99,  510,  585,  138,  428,  599,  308,  111,  427,  660,  561,  598,  635,  699,  727,  708,  561,  727,  712,  447,  503,  121,  620,   14,  677,  715,  447,  297,  176,  617,  461,  130,  331,   94,  278,  667,  287,   53],
        [  275,  275,  244,  663,  636,  590,  245,  431,  796,  265,  690,  174,    0,  372,  729,  214,  259,  425,  505,  141,  277,  774,  668,  364,  266,  662,  775,  728,  911,  936,  798,  473,  298,  336,  464,  521,  108,  808,  716,  373,  126,  522,  158,  448,  460,  714,  170,  734,  189,  650,  578,  272,  367,  743,  349,  133,  599,  831,  725,  767,  808,  705,  705,  862,  735,  888,  792,  604,  636,  285,  776,  173,  846,  832,  400,  163,  108,  626,  633,  210,  242,   85,  340,  793,  269,  157],
        [  254,  254,  458,  613,  577,  654,  185,  121,  567,  363,  399,  204,  372,    0,  490,  236,  422,  499,  404,  409,  214,  536,  341,   10,  365,  669,  428,  380,  564,  622,  444,  281,  314,  164,  193,  227,  387,  500,  723,  392,  359,  165,  431,  362,  529,  610,  415,  434,  263,  333,  593,  220,  515,  520,  316,  303,  269,  494,  432,  446,  438,  681,  739,  511,  376,  525,  601,  349,  337,   89,  422,  201,  475,  558,  516,  462,  337,  602,  263,  212,  459,  288,  382,  501,  367,  217],
        [  736,  736,  908,  347,  322,  519,  492,  579,   78,  835,  762,  625,  729,  490,    0,  699,  885,  485,  885,  830,  696,   48,  227,  498,  837,  450,  291,  292,  352,  270,  327,  750,  453,  406,  301,  265,  798,  177,  477,  426,  784,  369,  853,  312,  484,  264,  847,  143,  717,  208,  430,  701,  573,  926,  401,  734,  625,  742,  784,  748,  550,  413,  523,  342,  598,  419,  137,  765,  178,  524,  323,  614,  501,  120,  536,  707,  633,  380,  490,  523,  631,  662,  867,  131,  515,  599],
        [   69,   69,  223,  736,  704,  716,  236,  244,  774,  137,  481,   95,  214,  236,  699,    0,  189,  545,  306,  186,   64,  746,  574,  226,  140,  764,  663,  615,  798,  855,  678,  260,  368,  302,  400,  447,  174,  731,  820,  459,  139,  400,  205,  487,  581,  761,  185,  663,   32,  564,  680,   59,  518,  531,  402,   90,  402,  631,  515,  562,  637,  793,  821,  745,  550,  754,  793,  392,  563,  176,  656,  109,  689,  781,  539,  363,  253,  711,  466,  225,  413,  156,  185,  728,  380,  146],
        [  179,  179,   54,  892,  862,  841,  406,  406,  959,   69,  580,  263,  259,  422,  885,  189,    0,  672,  308,  126,  215,  932,  762,  412,   67,  905,  848,  799,  982, 1043,  861,  346,  517,  483,  588,  636,  153,  920,  960,  604,  136,  586,  121,  653,  708,  928,   96,  852,  168,  753,  820,  208,  623,  576,  559,  163,  540,  751,  611,  673,  795,  942,  954,  927,  696,  931,  974,  481,  752,  364,  838,  275,  856,  969,  654,  418,  352,  861,  632,  385,  499,  263,  121,  917,  508,  300],
        [  612,  612,  666,  260,  245,  171,  334,  617,  522,  658,  897,  452,  425,  499,  485,  545,  672,    0,  841,  564,  587,  517,  569,  499,  659,  238,  685,  654,  797,  751,  720,  752,  190,  339,  403,  445,  530,  638,  292,  109,  538,  538,  583,  198,   36,  341,  593,  571,  541,  540,  157,  587,   96, 1013,  186,  515,  763,  973,  930,  937,  853,  287,  282,  766,  835,  825,  478,  844,  506,  446,  704,  438,  849,  605,   53,  309,  322,  215,  706,  329,  207,  412,  723,  601,  167,  400],
        [  238,  238,  361, 1005,  970, 1010,  513,  307,  962,  258,  315,  394,  505,  404,  885,  306,  308,  841,    0,  413,  255,  930,  700,  398,  258, 1046,  748,  703,  865,  965,  748,  140,  656,  547,  596,  622,  425,  859, 1102,  746,  392,  523,  418,  749,  876, 1011,  390,  805,  322,  703,  965,  257,  821,  270,  680,  373,  341,  496,  338,  414,  604, 1068, 1110,  810,  490,  788, 1003,  220,  718,  411,  727,  407,  682,  937,  840,  664,  559,  987,  481,  513,  719,  461,  188,  872,  679,  446],
        [  219,  219,  104,  796,  769,  730,  339,  430,  901,  156,  650,  214,  141,  409,  830,  186,  126,  564,  413,    0,  241,  877,  737,  400,  156,  800,  835,  786,  971, 1015,  853,  418,  425,  426,  545,  599,   36,  888,  855,  506,   51,  573,   24,  570,  599,  842,   31,  816,  155,  723,  716,  234,  507,  672,  473,  107,  585,  810,  683,  737,  823,  841,  844,  919,  735,  934,  906,  555,  716,  333,  830,  222,  873,  925,  540,  294,  243,  762,  651,  310,  380,  173,  230,  879,  404,  232],
        [   40,   40,  258,  764,  730,  757,  264,  195,  773,  151,  418,  139,  277,  214,  696,   64,  215,  587,  255,  241,    0,  743,  554,  205,  153,  798,  635,  586,  768,  834,  647,  197,  404,  314,  396,  437,  233,  713,  854,  495,  197,  374,  258,  510,  622,  781,  234,  648,   93,  547,  715,    8,  567,  469,  432,  153,  344,  570,  452,  500,  587,  823,  859,  713,  496,  717,  799,  328,  550,  178,  624,  152,  644,  771,  585,  424,  310,  742,  420,  260,  468,  215,  171,  715,  425,  191],
        [  783,  783,  955,  358,  336,  538,  539,  624,   35,  882,  799,  672,  774,  536,   48,  746,  932,  517,  930,  877,  743,    0,  260,  544,  885,  461,  309,  316,  351,  252,  343,  794,  495,  453,  348,  311,  845,  180,  483,  464,  831,  412,  900,  352,  513,  267,  894,  164,  764,  244,  450,  748,  607,  965,  443,  781,  664,  772,  820,  781,  574,  419,  532,  349,  628,  428,  113,  806,  218,  571,  342,  661,  519,   96,  569,  749,  678,  395,  526,  570,  670,  709,  914,  132,  556,  646],
        [  594,  594,  796,  524,  491,  659,  425,  397,  294,  703,  541,  524,  668,  341,  227,  574,  762,  569,  700,  737,  554,  260,    0,  351,  705,  617,  119,   87,  248,  281,  152,  561,  457,  337,  208,  150,  710,  162,  656,  476,  688,  183,  760,  371,  582,  464,  747,  108,  599,   30,  573,  560,  635,  708,  418,  632,  409,  516,  561,  522,  331,  596,  694,  205,  371,  257,  363,  554,   68,  406,  136,  517,  297,  240,  611,  698,  594,  542,  266,  462,  648,  588,  718,  174,  528,  516],
        [  245,  245,  448,  617,  581,  655,  181,  120,  575,  353,  400,  194,  364,   10,  498,  226,  412,  499,  398,  400,  205,  544,  351,    0,  355,  671,  438,  390,  574,  632,  454,  276,  312,  165,  200,  235,  377,  510,  725,  392,  349,  175,  421,  364,  529,  615,  405,  444,  253,  343,  595,  211,  512,  518,  316,  294,  272,  499,  433,  450,  446,  684,  741,  521,  382,  535,  608,  348,  346,   81,  432,  192,  483,  567,  514,  455,  330,  605,  271,  207,  454,  280,  373,  510,  364,  209],
        [  115,  115,  118,  866,  835,  830,  371,  341,  912,    3,  516,  226,  266,  365,  837,  140,   67,  659,  258,  156,  153,  885,  705,  355,    0,  886,  787,  739,  920,  986,  799,  282,  493,  440,  538,  583,  172,  864,  943,  582,  142,  527,  160,  621,  695,  896,  132,  797,  127,  697,  802,  147,  618,  521,  532,  146,  473,  685,  547,  609,  729,  920,  939,  866,  630,  868,  932,  418,  698,  314,  777,  239,  790,  918,  645,  428,  345,  838,  567,  354,  501,  249,   76,  863,  493,  270],
        [  827,  827,  901,  104,  130,  109,  535,  789,  451,  885, 1052,  669,  662,  669,  450,  764,  905,  238, 1046,  800,  798,  461,  617,  671,  886,    0,  718,  702,  800,  712,  755,  942,  396,  508,  519,  539,  765,  626,   57,  305,  772,  655,  819,  309,  205,  203,  828,  577,  764,  589,   85,  799,  317, 1187,  367,  744,  911, 1095, 1082, 1074,  940,   64,   78,  784,  949,  856,  376, 1016,  550,  638,  745,  655,  914,  557,  273,  544,  557,   76,  822,  540,  442,  642,  946,  580,  397,  619],
        [  673,  673,  885,  621,  589,  768,  536,  460,  340,  785,  541,  623,  775,  428,  291,  663,  848,  685,  748,  835,  635,  309,  119,  438,  787,  718,    0,   49,  137,  220,   38,  609,  575,  449,  323,  265,  810,  145,  753,  594,  784,  264,  857,  488,  696,  550,  842,  149,  690,  146,  680,  641,  753,  713,  536,  729,  427,  477,  555,  501,  270,  691,  794,   88,  344,  142,  421,  576,  180,  503,   34,  617,  211,  251,  728,  814,  706,  643,  276,  572,  766,  693,  792,  185,  646,  620],
        [  625,  625,  837,  607,  574,  745,  490,  412,  349,  736,  507,  575,  728,  380,  292,  615,  799,  654,  703,  786,  586,  316,   87,  390,  739,  702,   49,    0,  185,  263,   72,  564,  536,  405,  280,  224,  761,  171,  739,  560,  736,  215,  808,  457,  668,  542,  793,  153,  642,  116,  659,  593,  719,  678,  499,  680,  387,  458,  523,  474,  259,  678,  778,  134,  318,  174,  426,  536,  154,  454,   51,  569,  214,  272,  696,  771,  662,  626,  237,  527,  726,  646,  743,  203,  607,  573],
        [  806,  806, 1020,  698,  671,  862,  671,  587,  375,  918,  630,  759,  911,  564,  352,  798,  982,  797,  865,  971,  768,  351,  248,  574,  920,  800,  137,  185,    0,  151,  122,  728,  702,  583,  455,  397,  946,  175,  828,  712,  921,  399,  993,  602,  804,  614,  978,  228,  826,  271,  773,  774,  871,  800,  660,  865,  532,  531,  637,  572,  319,  764,  873,   56,  420,  107,  461,  678,  298,  639,  144,  754,  236,  266,  843,  945,  841,  728,  385,  707,  893,  830,  921,  222,  772,  756],
        [  874,  874, 1076,  609,  587,  788,  692,  670,  265,  984,  757,  801,  936,  622,  270,  855, 1043,  751,  965, 1015,  834,  252,  281,  632,  986,  712,  220,  263,  151,    0,  230,  826,  691,  601,  473,  418,  987,  129,  732,  682,  965,  461, 1038,  567,  752,  516, 1026,  203,  880,  292,  699,  840,  835,  928,  643,  911,  646,  674,  768,  709,  462,  669,  782,  187,  553,  256,  348,  795,  301,  685,  246,  794,  382,  156,  801,  945,  853,  646,  495,  727,  879,  860,  997,  153,  759,  789],
        [  685,  685,  900,  658,  627,  804,  561,  467,  373,  797,  528,  642,  798,  444,  327,  678,  861,  720,  748,  853,  647,  343,  152,  454,  799,  755,   38,   72,  122,  230,    0,  610,  606,  476,  351,  295,  829,  173,  790,  628,  802,  281,  875,  523,  732,  586,  859,  185,  706,  181,  717,  654,  787,  699,  568,  747,  420,  453,  539,  482,  243,  728,  831,   67,  325,  106,  455,  568,  216,  522,   23,  637,  178,  280,  763,  842,  732,  681,  270,  598,  797,  715,  800,  216,  677,  642],
        [  203,  203,  399,  892,  856,  916,  418,  172,  827,  280,  235,  327,  473,  281,  750,  260,  346,  752,  140,  418,  197,  794,  561,  276,  282,  942,  609,  564,  728,  826,  610,    0,  563,  435,  468,  488,  419,  720,  997,  650,  383,  385,  430,  638,  785,  890,  403,  667,  286,  565,  863,  202,  745,  274,  579,  346,  214,  406,  266,  328,  480,  958, 1009,  673,  370,  654,  871,  138,  581,  307,  589,  337,  554,  799,  757,  619,  502,  878,  345,  427,  657,  411,  238,  734,  597,  375],
        [  431,  431,  521,  376,  346,  355,  145,  430,  512,  491,  712,  273,  298,  314,  453,  368,  517,  190,  656,  425,  404,  495,  457,  312,  493,  396,  575,  536,  702,  691,  606,  563,    0,  161,  259,  312,  390,  566,  453,   92,  389,  380,  446,  152,  223,  418,  450,  492,  369,  432,  313,  404,  204,  824,   53,  354,  581,  799,  745,  757,  700,  428,  455,  662,  667,  709,  499,  656,  405,  257,  587,  259,  708,  565,  202,  256,  193,  346,  540,  145,  192,  256,  550,  540,   71,  224],
        [  350,  350,  503,  459,  424,  491,   91,  284,  478,  438,  559,  221,  336,  164,  406,  302,  483,  339,  547,  426,  314,  453,  337,  165,  440,  508,  449,  405,  583,  601,  476,  435,  161,    0,  130,  187,  394,  473,  563,  230,  379,  225,  449,  204,  368,  468,  442,  399,  316,  316,  431,  317,  365,  682,  154,  329,  424,  639,  592,  599,  544,  524,  577,  537,  507,  574,  492,  512,  300,  138,  455,  210,  559,  500,  360,  367,  258,  444,  381,  127,  334,  262,  481,  458,  224,  194],
        [  435,  435,  615,  448,  411,  529,  220,  298,  377,  536,  537,  334,  464,  193,  301,  400,  588,  403,  596,  545,  396,  348,  208,  200,  538,  519,  323,  280,  455,  473,  351,  468,  259,  130,    0,   59,  516,  345,  569,  298,  497,  139,  568,  219,  424,  428,  559,  272,  420,  187,  454,  401,  453,  682,  229,  444,  394,  580,  566,  556,  451,  519,  594,  410,  438,  452,  408,  512,  173,  225,  331,  324,  452,  382,  437,  492,  387,  446,  308,  256,  448,  387,  567,  334,  329,  316],
        [  477,  477,  665,  459,  423,  559,  277,  317,  342,  581,  532,  386,  521,  227,  265,  447,  636,  445,  622,  599,  437,  311,  150,  235,  583,  539,  265,  224,  397,  418,  295,  488,  312,  187,   59,    0,  570,  290,  586,  344,  550,  123,  622,  253,  463,  426,  611,  218,  469,  129,  479,  443,  501,  685,  278,  496,  389,  557,  558,  540,  412,  532,  615,  353,  411,  397,  383,  517,  118,  272,  275,  377,  405,  335,  482,  549,  445,  464,  284,  314,  503,  443,  607,  282,  383,  372],
        [  217,  217,  137,  761,  734,  696,  307,  416,  869,  172,  648,  187,  108,  387,  798,  174,  153,  530,  425,   36,  233,  845,  710,  377,  172,  765,  810,  761,  946,  987,  829,  419,  390,  394,  516,  570,    0,  860,  820,  471,   37,  549,   57,  536,  565,  807,   63,  787,  142,  696,  681,  226,  474,  678,  438,   86,  575,  803,  681,  732,  807,  806,  810,  894,  722,  911,  872,  555,  687,  307,  806,  194,  855,  894,  507,  265,  209,  727,  634,  277,  348,  139,  247,  849,  370,  201],
        [  753,  753,  952,  524,  497,  691,  563,  558,  206,  862,  678,  675,  808,  500,  177,  731,  920,  638,  859,  888,  713,  180,  162,  510,  864,  626,  145,  171,  175,  129,  173,  720,  566,  473,  345,  290,  860,    0,  653,  562,  839,  344,  911,  448,  642,  440,  900,   75,  755,  167,  602,  719,  718,  848,  519,  785,  555,  622,  693,  643,  414,  590,  699,  170,  486,  250,  292,  703,  173,  559,  178,  667,  350,  108,  686,  818,  725,  555,  405,  599,  755,  732,  879,   49,  634,  661],
        [  883,  883,  957,  133,  166,  146,  591,  843,  469,  941, 1104,  726,  716,  723,  477,  820,  960,  292, 1102,  855,  854,  483,  656,  725,  943,   57,  753,  739,  828,  732,  790,  997,  453,  563,  569,  586,  820,  653,    0,  362,  827,  704,  874,  362,  258,  218,  883,  609,  820,  628,  141,  855,  367, 1240,  423,  800,  962, 1142, 1133, 1123,  982,   65,   54,  816,  996,  889,  389, 1069,  589,  693,  781,  712,  952,  578,  324,  596,  612,  123,  869,  597,  494,  698, 1003,  607,  453,  676],
        [  522,  522,  605,  291,  264,  267,  234,  511,  476,  581,  789,  364,  373,  392,  426,  459,  604,  109,  746,  506,  495,  464,  476,  392,  582,  305,  594,  560,  712,  682,  628,  650,   92,  230,  298,  344,  471,  562,  362,    0,  473,  432,  527,  115,  138,  345,  532,  491,  459,  448,  222,  495,  160,  908,   77,  442,  654,  864,  822,  828,  749,  339,  364,  677,  727,  732,  448,  738,  416,  344,  610,  350,  748,  544,  139,  296,  266,  258,  598,  236,  208,  341,  641,  530,  107,  314],
        [  181,  181,  133,  763,  734,  707,  294,  383,  856,  142,  612,  164,  126,  359,  784,  139,  136,  538,  392,   51,  197,  831,  688,  349,  142,  772,  784,  736,  921,  965,  802,  383,  389,  379,  497,  550,   37,  839,  827,  473,    0,  522,   73,  531,  574,  805,   64,  767,  108,  674,  687,  191,  488,  643,  435,   56,  540,  767,  645,  696,  775,  810,  819,  868,  689,  883,  863,  519,  667,  283,  780,  173,  824,  877,  518,  288,  217,  730,  603,  266,  365,  134,  218,  830,  375,  186],
        [  414,  414,  623,  579,  543,  668,  297,  217,  445,  524,  410,  363,  522,  165,  369,  400,  586,  538,  523,  573,  374,  412,  183,  175,  527,  655,  264,  215,  399,  461,  281,  385,  380,  225,  139,  123,  549,  344,  704,  432,  522,    0,  595,  358,  561,  548,  579,  284,  427,  181,  592,  381,  581,  565,  358,  467,  267,  442,  436,  420,  321,  652,  731,  346,  299,  366,  496,  399,  196,  242,  258,  358,  335,  415,  569,  585,  467,  582,  169,  332,  558,  439,  537,  352,  447,  366],
        [  234,  234,   90,  817,  790,  747,  362,  449,  924,  161,  663,  237,  158,  431,  853,  205,  121,  583,  418,   24,  258,  900,  760,  421,  160,  819,  857,  808,  993, 1038,  875,  430,  446,  449,  568,  622,   57,  911,  874,  527,   73,  595,    0,  592,  618,  864,   29,  840,  174,  746,  735,  251,  523,  679,  494,  129,  601,  825,  696,  752,  842,  861,  862,  941,  753,  955,  929,  567,  739,  355,  852,  245,  893,  948,  558,  306,  263,  782,  671,  333,  396,  195,  232,  902,  424,  255],
        [  543,  543,  662,  256,  221,  310,  251,  481,  366,  619,  745,  396,  448,  362,  312,  487,  653,  198,  749,  570,  510,  352,  371,  364,  621,  309,  488,  457,  602,  567,  523,  638,  152,  204,  219,  253,  536,  448,  362,  115,  531,  358,  592,    0,  212,  276,  593,  378,  494,  343,  237,  512,  271,  879,  100,  491,  605,  799,  776,  772,  664,  321,  381,  569,  656,  628,  347,  707,  308,  339,  506,  382,  654,  430,  242,  400,  344,  241,  527,  269,  319,  399,  671,  415,  206,  353],
        [  647,  647,  702,  235,  224,  136,  367,  648,  516,  694,  926,  487,  460,  529,  484,  581,  708,   36,  876,  599,  622,  513,  582,  529,  695,  205,  696,  668,  804,  752,  732,  785,  223,  368,  424,  463,  565,  642,  258,  138,  574,  561,  618,  212,    0,  321,  628,  577,  577,  553,  125,  622,  119, 1044,  214,  551,  791,  998,  959,  964,  873,  256,  246,  776,  859,  837,  467,  875,  517,  479,  717,  473,  866,  604,   73,  340,  358,  188,  729,  363,  238,  448,  759,  603,  203,  435],
        [  815,  815,  937,  103,   99,  296,  526,  723,  252,  894,  957,  671,  714,  610,  264,  761,  928,  341, 1011,  842,  781,  267,  464,  615,  896,  203,  550,  542,  614,  516,  586,  890,  418,  468,  428,  426,  807,  440,  218,  345,  805,  548,  864,  276,  321,    0,  866,  402,  770,  438,  218,  783,  436, 1108,  371,  766,  815,  971,  984,  962,  794,  154,  267,  606,  823,  682,  174,  939,  400,  605,  579,  658,  755,  361,  391,  635,  608,  150,  702,  544,  538,  672,  944,  393,  452,  629],
        [  208,  208,   74,  822,  794,  759,  357,  426,  919,  133,  636,  226,  170,  415,  847,  185,   96,  593,  390,   31,  234,  894,  747,  405,  132,  828,  842,  793,  978, 1026,  859,  403,  450,  442,  559,  611,   63,  900,  883,  532,   64,  579,   29,  593,  628,  866,    0,  829,  154,  734,  744,  227,  536,  651,  496,  116,  577,  799,  669,  725,  820,  868,  873,  925,  729,  937,  926,  540,  728,  342,  836,  235,  873,  940,  570,  325,  271,  788,  650,  330,  411,  195,  204,  892,  432,  249],
        [  688,  688,  882,  477,  448,  635,  490,  501,  197,  795,  645,  604,  734,  434,  143,  663,  852,  571,  805,  816,  648,  164,  108,  444,  797,  577,  149,  153,  228,  203,  185,  667,  492,  399,  272,  218,  787,   75,  609,  491,  767,  284,  840,  378,  577,  402,  829,    0,  686,  103,  546,  654,  648,  814,  446,  714,  515,  609,  664,  621,  411,  546,  652,  208,  467,  281,  275,  661,  101,  489,  181,  595,  359,  133,  618,  744,  651,  504,  371,  525,  682,  659,  815,   68,  561,  588],
        [   87,   87,  197,  741,  709,  712,  244,  276,  791,  125,  510,   99,  189,  263,  717,   32,  168,  541,  322,  155,   93,  764,  599,  253,  127,  764,  690,  642,  826,  880,  706,  286,  369,  316,  420,  469,  142,  755,  820,  459,  108,  427,  174,  494,  577,  770,  154,  686,    0,  588,  680,   86,  508,  555,  406,   60,  433,  661,  544,  592,  668,  795,  819,  772,  581,  783,  808,  420,  586,  197,  684,  113,  720,  802,  531,  343,  239,  714,  497,  228,  399,  140,  183,  751,  375,  145],
        [  587,  587,  785,  496,  462,  630,  406,  398,  278,  695,  556,  510,  650,  333,  208,  564,  753,  540,  703,  723,  547,  244,   30,  343,  697,  589,  146,  116,  271,  292,  181,  565,  432,  316,  187,  129,  696,  167,  628,  448,  674,  181,  746,  343,  553,  438,  734,  103,  588,    0,  544,  553,  607,  722,  391,  619,  421,  539,  577,  541,  357,  568,  666,  231,  393,  286,  343,  565,   40,  393,  165,  502,  325,  234,  583,  675,  573,  513,  283,  442,  623,  571,  713,  171,  502,  499],
        [  743,  743,  817,  120,  122,   90,  453,  713,  445,  800,  981,  585,  578,  593,  430,  680,  820,  157,  965,  716,  715,  450,  573,  595,  802,   85,  680,  659,  773,  699,  717,  863,  313,  431,  454,  479,  681,  602,  141,  222,  687,  592,  735,  237,  125,  218,  744,  546,  680,  544,    0,  716,  242, 1112,  286,  660,  841, 1033, 1012, 1008,  887,  131,  147,  752,  889,  820,  382,  941,  505,  557,  704,  572,  867,  545,  197,  465,  473,   70,  760,  457,  363,  558,  862,  558,  313,  535],
        [   35,   35,  251,  765,  732,  757,  265,  202,  777,  144,  424,  138,  272,  220,  701,   59,  208,  587,  257,  234,    8,  748,  560,  211,  147,  799,  641,  593,  774,  840,  654,  202,  404,  317,  401,  443,  226,  719,  855,  495,  191,  381,  251,  512,  622,  783,  227,  654,   86,  553,  716,    0,  565,  473,  433,  146,  351,  577,  458,  507,  595,  825,  859,  720,  503,  724,  803,  334,  555,  182,  631,  151,  651,  776,  584,  420,  307,  743,  428,  260,  466,  212,  167,  720,  424,  190],
        [  586,  586,  610,  353,  340,  229,  335,  627,  614,  617,  911,  428,  367,  515,  573,  518,  623,   96,  821,  507,  567,  607,  635,  512,  618,  317,  753,  719,  871,  835,  787,  745,  204,  365,  453,  501,  474,  718,  367,  160,  488,  581,  523,  271,  119,  436,  536,  648,  508,  607,  242,  565,    0, 1013,  225,  473,  783, 1002,  945,  960,  900,  372,  346,  837,  871,  891,  573,  849,  575,  449,  769,  416,  904,  692,   46,  230,  274,  306,  744,  319,  130,  371,  687,  683,  150,  376],
        [  469,  469,  629, 1126, 1089, 1172,  682,  399,  999,  520,  172,  599,  743,  520,  926,  531,  576, 1013,  270,  672,  469,  965,  708,  518,  521, 1187,  713,  678,  800,  928,  699,  274,  824,  682,  682,  685,  678,  848, 1240,  908,  643,  565,  679,  879, 1044, 1108,  651,  814,  555,  722, 1112,  473, 1013,    0,  833,  613,  301,  308,  164,  238,  489, 1196, 1258,  749,  381,  703, 1058,  172,  749,  568,  684,  610,  576,  944, 1022,  892,  775, 1119,  444,  694,  929,  683,  456,  875,  864,  648],
        [  462,  462,  567,  335,  304,  339,  169,  436,  460,  530,  713,  308,  349,  316,  401,  402,  559,  186,  680,  473,  432,  443,  418,  316,  532,  367,  536,  499,  660,  643,  568,  579,   53,  154,  229,  278,  438,  519,  423,   77,  435,  358,  494,  100,  214,  371,  496,  446,  406,  391,  286,  433,  225,  833,    0,  397,  578,  788,  745,  752,  677,  392,  431,  622,  652,  672,  446,  664,  362,  273,  550,  294,  680,  515,  211,  307,  244,  310,  524,  179,  237,  302,  586,  491,  116,  262],
        [  145,  145,  175,  729,  699,  685,  247,  330,  806,  144,  570,  111,  133,  303,  734,   90,  163,  515,  373,  107,  153,  781,  632,  294,  146,  744,  729,  680,  865,  911,  747,  346,  354,  329,  444,  496,   86,  785,  800,  442,   56,  467,  129,  491,  551,  766,  116,  714,   60,  619,  660,  146,  473,  613,  397,    0,  491,  720,  604,  651,  721,  780,  796,  813,  637,  828,  816,  479,  613,  228,  724,  120,  769,  825,  500,  292,  200,  699,  549,  223,  357,  104,  215,  777,  349,  139],
        [  370,  370,  590,  841,  805,  910,  453,  170,  698,  471,  143,  427,  599,  269,  625,  402,  540,  763,  341,  585,  344,  664,  409,  272,  473,  911,  427,  387,  532,  646,  420,  214,  581,  424,  394,  389,  575,  555,  962,  654,  540,  267,  601,  605,  791,  815,  577,  515,  433,  421,  841,  351,  783,  301,  578,  491,    0,  234,  172,  178,  267,  913,  985,  478,  159,  450,  757,  150,  448,  345,  401,  432,  342,  647,  782,  716,  590,  839,  152,  477,  725,  520,  444,  578,  635,  461],
        [  591,  591,  803, 1014,  978, 1109,  679,  403,  805,  684,  181,  660,  831,  494,  742,  631,  751,  973,  496,  810,  570,  772,  516,  499,  685, 1095,  477,  458,  531,  674,  453,  406,  799,  639,  580,  557,  803,  622, 1142,  864,  767,  442,  825,  799,  998,  971,  799,  609,  661,  539, 1033,  577, 1002,  308,  788,  720,  234,    0,  161,   82,  213, 1087, 1171,  488,  148,  427,  878,  279,  575,  575,  445,  665,  296,  727,  998,  949,  822, 1021,  274,  705,  953,  753,  643,  659,  857,  694],
        [  465,  465,  664, 1012,  976, 1080,  611,  319,  854,  546,   35,  561,  725,  432,  784,  515,  611,  930,  338,  683,  452,  820,  561,  433,  547, 1082,  555,  523,  637,  768,  539,  266,  745,  592,  566,  558,  681,  693, 1133,  822,  645,  436,  696,  776,  959,  984,  669,  664,  544,  577, 1012,  458,  945,  164,  745,  604,  172,  161,    0,   81,  326, 1084, 1156,  587,  218,  540,  918,  130,  607,  499,  525,  569,  413,  792,  947,  858,  733, 1011,  295,  631,  877,  653,  497,  723,  796,  603],
        [  518,  518,  726,  998,  962, 1080,  630,  344,  815,  607,  100,  598,  767,  446,  748,  562,  673,  937,  414,  737,  500,  781,  522,  450,  609, 1074,  501,  474,  572,  709,  482,  328,  757,  599,  556,  540,  732,  643, 1123,  828,  696,  420,  752,  772,  964,  962,  725,  621,  592,  541, 1008,  507,  960,  238,  752,  651,  178,   82,   81,    0,  256, 1071, 1149,  525,  158,  472,  884,  198,  574,  522,  470,  604,  343,  746,  958,  891,  765, 1001,  261,  654,  902,  691,  564,  677,  812,  635],
        [  619,  619,  843,  851,  816,  969,  607,  394,  606,  727,  325,  635,  808,  438,  550,  637,  795,  853,  604,  823,  587,  574,  331,  446,  729,  940,  270,  259,  319,  462,  243,  480,  700,  544,  451,  412,  807,  414,  982,  749,  775,  321,  842,  664,  873,  794,  820,  411,  668,  357,  887,  595,  900,  489,  677,  721,  267,  213,  326,  256,    0,  923, 1017,  275,  116,  217,  684,  393,  396,  526,  237,  635,   88,  521,  887,  895,  772,  864,  175,  640,  876,  724,  707,  455,  767,  654],
        [  854,  854,  941,   73,  110,  173,  560,  800,  405,  918, 1055,  699,  705,  681,  413,  793,  942,  287, 1068,  841,  823,  419,  596,  684,  920,   64,  691,  678,  764,  669,  728,  958,  428,  524,  519,  532,  806,  590,   65,  339,  810,  652,  861,  321,  256,  154,  868,  546,  795,  568,  131,  825,  372, 1196,  392,  780,  913, 1087, 1084, 1071,  923,    0,  115,  752,  940,  827,  326, 1024,  529,  657,  719,  685,  891,  514,  327,  595,  599,   82,  815,  569,  493,  679,  977,  543,  437,  651],
        [  886,  886,  947,  176,  205,  118,  597,  859,  518,  938, 1125,  727,  705,  739,  523,  821,  954,  282, 1110,  844,  859,  532,  694,  741,  939,   78,  794,  778,  873,  782,  831, 1009,  455,  577,  594,  615,  810,  699,   54,  364,  819,  731,  862,  381,  246,  267,  873,  652,  819,  666,  147,  859,  346, 1258,  431,  796,  985, 1171, 1156, 1149, 1017,  115,    0,  859, 1026,  932,  441, 1087,  627,  703,  821,  713,  990,  627,  306,  576,  603,  153,  898,  599,  475,  693, 1002,  653,  447,  676],
        [  751,  751,  966,  684,  655,  840,  623,  532,  376,  863,  579,  708,  862,  511,  342,  745,  927,  766,  810,  919,  713,  349,  205,  521,  866,  784,   88,  134,   56,  187,   67,  673,  662,  537,  410,  353,  894,  170,  816,  677,  868,  346,  941,  569,  776,  606,  925,  208,  772,  231,  752,  720,  837,  749,  622,  813,  478,  488,  587,  525,  275,  752,  859,    0,  370,   80,  462,  625,  262,  587,   90,  702,  197,  273,  810,  901,  794,  711,  330,  660,  853,  780,  866,  218,  732,  706],
        [  524,  524,  746,  867,  832,  966,  557,  307,  662,  628,  212,  561,  735,  376,  598,  550,  696,  835,  490,  735,  496,  628,  371,  382,  630,  949,  344,  318,  420,  553,  325,  370,  667,  507,  438,  411,  722,  486,  996,  727,  689,  299,  753,  656,  859,  823,  729,  467,  581,  393,  889,  503,  871,  381,  652,  637,  159,  148,  218,  158,  116,  940, 1026,  370,    0,  324,  734,  278,  428,  462,  313,  563,  200,  590,  863,  837,  712,  875,  130,  587,  831,  653,  602,  521,  729,  587],
        [  754,  754,  973,  757,  727,  908,  656,  528,  455,  866,  535,  727,  888,  525,  419,  754,  931,  825,  788,  934,  717,  428,  257,  535,  868,  856,  142,  174,  107,  256,  106,  654,  709,  574,  452,  397,  911,  250,  889,  732,  883,  366,  955,  628,  837,  682,  937,  281,  783,  286,  820,  724,  891,  703,  672,  828,  450,  427,  540,  472,  217,  827,  932,   80,  324,    0,  541,  592,  321,  607,  123,  723,  132,  353,  868,  940,  828,  782,  311,  692,  899,  805,  861,  297,  779,  731],
        [  837,  837,  991,  275,  261,  466,  570,  699,   87,  930,  896,  712,  792,  601,  137,  793,  974,  478, 1003,  906,  799,  113,  363,  608,  932,  376,  421,  426,  461,  348,  455,  871,  499,  492,  408,  383,  872,  292,  389,  448,  863,  496,  929,  347,  467,  174,  926,  275,  808,  343,  382,  803,  573, 1058,  446,  816,  757,  878,  918,  884,  684,  326,  441,  462,  734,  541,    0,  895,  311,  622,  454,  699,  632,  197,  530,  743,  689,  319,  625,  597,  655,  734,  969,  244,  550,  678],
        [  339,  339,  534,  955,  918, 1002,  516,  229,  840,  416,  100,  447,  604,  349,  765,  392,  481,  844,  220,  555,  328,  806,  554,  348,  418, 1016,  576,  536,  678,  795,  568,  138,  656,  512,  512,  517,  555,  703, 1069,  738,  519,  399,  567,  707,  875,  939,  540,  661,  420,  565,  941,  334,  849,  172,  664,  479,  150,  279,  130,  198,  393, 1024, 1087,  625,  278,  592,  895,    0,  589,  402,  550,  456,  476,  794,  856,  744,  622,  947,  301,  531,  772,  536,  369,  726,  700,  492],
        [  590,  590,  782,  457,  423,  592,  391,  412,  251,  696,  585,  503,  636,  337,  178,  563,  752,  506,  718,  716,  550,  218,   68,  346,  698,  550,  180,  154,  298,  301,  216,  581,  405,  300,  173,  118,  687,  173,  589,  416,  667,  196,  739,  308,  517,  400,  728,  101,  586,   40,  505,  555,  575,  749,  362,  613,  448,  575,  607,  574,  396,  529,  627,  262,  428,  321,  311,  589,    0,  389,  201,  495,  364,  222,  549,  653,  555,  474,  314,  427,  597,  559,  718,  166,  475,  489],
        [  216,  216,  393,  594,  559,  610,  115,  181,  599,  312,  465,  121,  285,   89,  524,  176,  364,  446,  411,  333,  178,  571,  406,   81,  314,  638,  503,  454,  639,  685,  522,  307,  257,  138,  225,  272,  307,  559,  693,  344,  283,  242,  355,  339,  479,  605,  342,  489,  197,  393,  557,  182,  449,  568,  273,  228,  345,  575,  499,  522,  526,  657,  703,  587,  462,  607,  622,  402,  389,    0,  499,  116,  562,  606,  455,  376,  250,  576,  352,  133,  380,  200,  348,  554,  299,  129],
        [  663,  663,  877,  648,  617,  792,  540,  445,  373,  775,  513,  620,  776,  422,  323,  656,  838,  704,  727,  830,  624,  342,  136,  432,  777,  745,   34,   51,  144,  246,   23,  589,  587,  455,  331,  275,  806,  178,  781,  610,  780,  258,  852,  506,  717,  579,  836,  181,  684,  165,  704,  631,  769,  684,  550,  724,  401,  445,  525,  470,  237,  719,  821,   90,  313,  123,  454,  550,  201,  499,    0,  615,  179,  285,  746,  821,  711,  670,  251,  576,  777,  693,  778,  218,  657,  620],
        [  174,  174,  294,  629,  597,  609,  133,  263,  687,  237,  534,   14,  173,  201,  614,  109,  275,  438,  407,  222,  152,  661,  517,  192,  239,  655,  617,  569,  754,  794,  637,  337,  259,  210,  324,  377,  194,  667,  712,  350,  173,  358,  245,  382,  473,  658,  235,  595,  113,  502,  572,  151,  416,  610,  294,  120,  432,  665,  569,  604,  635,  685,  713,  702,  563,  723,  699,  456,  495,  116,  615,    0,  675,  705,  434,  289,  167,  603,  461,  117,  320,   90,  292,  658,  274,   40],
