{
    "name": "random-13-22097",
    "comment": "size=13 seed=22097",
    "nodes": ["+0", "-0", "+1", "-1", "+2", "-2", "+3", "-3", "+4", "-4", "+5", "-5", "+6", "-6", "+7", "-7", "+8", "-8", "+9", "-9", "+10", "-10", "+11", "-11", "+12", "-12", "+13", "-13"],
    "precedence": {
        "+0": "-0",
        "+1": "-1",
        "+2": "-2",
        "+3": "-3",
        "+4": "-4",
        "+5": "-5",
        "+6": "-6",
        "+7": "-7",
        "+8": "-8",
        "+9": "-9",
        "+10": "-10",
        "+11": "-11",
        "+12": "-12",
        "+13": "-13"
    },
    "edges": [
        [    0,    0,  893,  845,  723,  648,  572,  756,  497,  291,  967,  602,  498,  802,  656,  681,  451,  636,  548,  927,  828,  644,  964,  744,  804, 1039,  288,  984],
        [    0,    0,  893,  845,  723,  648,  572,  756,  497,  291,  967,  602,  498,  802,  656,  681,  451,  636,  548,  927,  828,  644,  964,  744,  804, 1039,  288,  984],
        [  893,  893,    0,  194,  671,  749,  609,  141,  526,  835,   95,  359,  462,  317,  709,  738,  646,  632,  346,  588,  255,  444,  109,  476,  491,  160,  627,  185],
        [  845,  845,  194,    0,  488,  577,  452,  168,  584,  727,  282,  430,  359,  470,  813,  562,  700,  462,  330,  395,   63,  548,  299,  610,  639,  328,  560,  379],
        [  723,  723,  671,  488,    0,  120,  163,  572,  784,  465,  764,  710,  360,  858, 1052,   88,  859,   93,  534,  249,  428,  840,  779,  941,  991,  816,  494,  852],
        [  648,  648,  749,  577,  120,    0,  158,  636,  784,  372,  843,  733,  372,  901, 1049,   39,  844,  117,  559,  368,  520,  859,  856,  965, 1019,  900,  454,  924],
        [  572,  572,  609,  452,  163,  158,    0,  488,  634,  338,  704,  577,  215,  744,  900,  167,  702,   70,  402,  360,  401,  703,  715,  809,  862,  765,  331,  779],
        [  756,  756,  141,  168,  572,  636,  488,    0,  428,  695,  229,  267,  324,  312,  646,  630,  546,  520,  209,  537,  210,  380,  235,  443,  475,  298,  487,  291],
        [  497,  497,  526,  584,  784,  784,  634,  428,    0,  614,  566,  168,  425,  323,  268,  799,  121,  698,  278,  869,  605,  149,  555,  249,  310,  632,  373,  545],
        [  291,  291,  835,  727,  465,  372,  338,  695,  614,    0,  923,  648,  375,  852,  843,  408,  623,  389,  519,  695,  691,  739,  927,  850,  911,  993,  249,  971],
        [  967,  967,   95,  282,  764,  843,  704,  229,  566,  923,    0,  401,  552,  307,  718,  832,  684,  727,  422,  669,  344,  463,   23,  472,  476,   73,  708,  107],
        [  602,  602,  359,  430,  710,  733,  577,  267,  168,  648,  401,    0,  363,  207,  386,  741,  288,  633,  176,  752,  459,  133,  392,  233,  286,  470,  401,  392],
        [  498,  498,  462,  359,  360,  372,  215,  324,  425,  375,  552,  363,    0,  539,  693,  381,  505,  276,  190,  474,  333,  488,  558,  594,  648,  621,  212,  609],
        [  802,  802,  317,  470,  858,  901,  744,  312,  323,  852,  307,  207,  539,    0,  416,  903,  424,  792,  351,  848,  519,  183,  288,  166,  175,  357,  606,  247],
        [  656,  656,  709,  813, 1052, 1049,  900,  646,  268,  843,  718,  386,  693,  416,    0, 1065,  220,  966,  538, 1129,  844,  268,  701,  254,  278,  772,  619,  661],
        [  681,  681,  738,  562,   88,   39,  167,  630,  799,  408,  832,  741,  381,  903, 1065,    0,  864,  112,  566,  333,  503,  869,  846,  973, 1026,  887,  479,  916],
        [  451,  451,  646,  700,  859,  844,  702,  546,  121,  623,  684,  288,  505,  424,  220,  864,    0,  770,  384,  965,  717,  242,  672,  315,  370,  749,  404,  657],
        [  636,  636,  632,  462,   93,  117,   70,  520,  698,  389,  727,  633,  276,  792,  966,  112,  770,    0,  457,  307,  406,  761,  739,  865,  917,  784,  401,  808],
        [  548,  548,  346,  330,  534,  559,  402,  209,  278,  519,  422,  176,  190,  351,  538,  566,  384,  457,    0,  592,  337,  307,  422,  408,  461,  494,  289,  455],
        [  927,  927,  588,  395,  249,  368,  360,  537,  869,  695,  669,  752,  474,  848, 1129,  333,  965,  307,  592,    0,  336,  883,  689,  967, 1006,  704,  663,  771],
        [  828,  828,  255,   63,  428,  520,  401,  210,  605,  691,  344,  459,  333,  519,  844,  503,  717,  406,  337,  336,    0,  582,  361,  652,  685,  390,  541,  440],
        [  644,  644,  444,  548,  840,  859,  703,  380,  149,  739,  463,  133,  488,  183,  268,  869,  242,  761,  307,  883,  582,    0,  448,  113,  173,  523,  491,  422],
        [  964,  964,  109,  299,  779,  856,  715,  235,  555,  927,   23,  392,  558,  288,  701,  846,  672,  739,  422,  689,  361,  448,    0,  454,  456,   79,  709,   85],
        [  744,  744,  476,  610,  941,  965,  809,  443,  249,  850,  472,  233,  594,  166,  254,  973,  315,  865,  408,  967,  652,  113,  454,    0,   62,  522,  603,  408],
        [  804,  804,  491,  639,  991, 1019,  862,  475,  310,  911,  476,  286,  648,  175,  278, 1026,  370,  917,  461, 1006,  685,  173,  456,   62,    0,  518,  664,  401],
        [ 1039, 1039,  160,  328,  816,  900,  765,  298,  632,  993,   73,  470,  621,  357,  772,  887,  749,  784,  494,  704,  390,  523,   79,  522,  518,    0,  780,  120],
        [  288,  288,  627,  560,  494,  454,  331,  487,  373,  249,  708,  401,  212,  606,  619,  479,  404,  401,  289,  663,  541,  491,  709,  603,  664,  780,    0,  743],
        [  984,  984,  185,  379,  852,  924,  779,  291,  545,  971,  107,  392,  609,  247,  661,  916,  657,  808,  455,  771,  440,  422,   85,  408,  401,  120,  743,    0]
    ]
}
