{
    "name": "random-47-2887",
    "comment": "size=47 seed=2887",
    "nodes": ["+0", "-0", "+1", "-1", "+2", "-2", "+3", "-3", "+4", "-4", "+5", "-5", "+6", "-6", "+7", "-7", "+8", "-8", "+9", "-9", "+10", "-10", "+11", "-11", "+12", "-12", "+13", "-13", "+14", "-14", "+15", "-15", "+16", "-16", "+17", "-17", "+18", "-18", "+19", "-19", "+20", "-20", "+21", "-21", "+22", "-22", "+23", "-23", "+24", "-24", "+25", "-25", "+26", "-26", "+27", "-27", "+28", "-28", "+29", "-29", "+30", "-30", "+31", "-31", "+32", "-32", "+33", "-33", "+34", "-34", "+35", "-35", "+36", "-36", "+37", "-37", "+38", "-38", "+39", "-39", "+40", "-40", "+41", "-41", "+42", "-42", "+43", "-43", "+44", "-44", "+45", "-45", "+46", "-46", "+47", "-47"],
    "precedence": {
        "+0": "-0",
        "+1": "-1",
        "+2": "-2",
        "+3": "-3",
        "+4": "-4",
        "+5": "-5",
        "+6": "-6",
        "+7": "-7",
        "+8": "-8",
        "+9": "-9",
        "+10": "-10",
        "+11": "-11",
        "+12": "-12",
        "+13": "-13",
        "+14": "-14",
        "+15": "-15",
        "+16": "-16",
        "+17": "-17",
        "+18": "-18",
        "+19": "-19",
        "+20": "-20",
        "+21": "-21",
        "+22": "-22",
        "+23": "-23",
        "+24": "-24",
        "+25": "-25",
        "+26": "-26",
        "+27": "-27",
        "+28": "-28",
        "+29": "-29",
        "+30": "-30",
        "+31": "-31",
        "+32": "-32",
        "+33": "-33",
        "+34": "-34",
        "+35": "-35",
        "+36": "-36",
        "+37": "-37",
        "+38": "-38",
        "+39": "-39",
        "+40": "-40",
        "+41": "-41",
        "+42": "-42",
        "+43": "-43",
        "+44": "-44",
        "+45": "-45",
        "+46": "-46",
        "+47": "-47"
    },
    "edges": [
        [    0,    0,  291,  711,  394,  773,  458,  249,  262,  313,  691,  291,  178,  454,  419,  398,  640,  242,  181,  472,  618,  241,   64,  375,  570,  175,  764,  625,  273,  504,  715,  279,  340,  630,  803,  399,  526,  639,  426,  532,  513,  149,  675,  562,  387,  694,  596,  813,  294,  326,  469,  638,  358,  264,  725,  278,  211,  545,  123,  481,  704,  382,  372,  265,  222,  796,  589,  723,  329,  364,  321,  733,  713,  753,  599,  503,  548,  200,  631, 1015,  551,  327,  428,  319,  714,  130,  175,  317,  275,  465,  525,  447,  730,  733,  355,  347],
        [    0,    0,    0,    0,    0,    0,    0,    0,    0,    0,    0,    0,    0,    0,    0,    0,    0,    0,    0,    0,    0,    0,    0,    0,    0,    0,    0,    0,    0,    0,    0,    0,    0,    0,    0,    0,    0,    0,    0,    0,    0,    0,    0,    0,    0,    0,    0,    0,    0,    0,    0,    0,    0,    0,    0,    0,    0,    0,    0,    0,    0,    0,    0,    0,    0,    0,    0,    0,    0,    0,    0,    0,    0,    0,    0,    0,    0,    0,    0,    0,    0,    0,    0,    0,    0,    0,    0,    0,    0,    0,    0,    0,    0,    0,    0,    0],
        [  291,    0,    0,  643,  138,  786,  176,  539,   33,  417,  724,  169,  147,  576,  503,  141,  490,  463,  422,  326,  448,  157,  233,  107,  282,  172,  678,  381,  252,  443,  807,  117,  630,  353,  782,  491,  657,  364,  218,  243,  675,  439,  628,  590,  562,  541,  380,  652,   16,  617,  184,  801,  641,  419,  852,   70,  452,  272,  326,  191,  769,  144,  619,   35,  368,  645,  307,  619,  394,  590,  458,  657,  625,  825,  312,  213,  428,  490,  752,  878,  367,  560,  176,  142,  769,  393,  454,  173,  446,  647,  265,  310,  820,  646,  526,  637],
        [  711,    0,  643,    0,  752,  231,  724,  874,  632,  440,  243,  807,  589,  422,  369,  543,  220,  610,  890,  324,  275,  779,  710,  574,  742,  571,   64,  463,  448,  211,  407,  756,  937,  593,  168,  386,  446,  855,  449,  713,  518,  792,   55,  231,  527,  214,  389,  253,  628,  897,  718,  566,  989,  513,  509,  578,  918,  558,  610,  687,  332,  520,  702,  624,  522,  219,  790,   87,  401,  639,  471,   26,   49,  372,  648,  669,  224,  826,  448,  341,  334,  649,  522,  503,  310,  835,  856,  814,  529,  555,  518,  337,  408,   47,  517,  926],
        [  394,    0,  138,  752,    0,  912,   85,  630,  168,  555,  853,  149,  280,  713,  640,  212,  576,  592,  486,  429,  527,  178,  331,  180,  197,  306,  781,  413,  389,  563,  943,  125,  720,  339,  900,  628,  795,  246,  306,  169,  813,  537,  743,  720,  698,  622,  437,  723,  148,  714,   99,  938,  720,  555,  990,  204,  513,  281,  452,  132,  903,  233,  746,  172,  503,  722,  203,  718,  531,  720,  595,  764,  729,  959,  275,  166,  531,  586,  889,  954,  446,  689,  239,  264,  901,  471,  536,  130,  581,  783,  294,  417,  955,  750,  662,  730],
        [  773,    0,  786,  231,  912,    0,  899,  875,  768,  463,   89,  936,  696,  364,  360,  714,  443,  603,  937,  503,  494,  900,  790,  739,  936,  673,  266,  681,  550,  352,  214,  888,  920,  806,   96,  381,  343, 1050,  626,  902,  412,  813,  200,  211,  475,  444,  604,  475,  772,  875,  896,  410,  981,  525,  318,  717,  961,  759,  655,  870,  144,  687,  644,  760,  555,  441,  983,  316,  446,  584,  470,  244,  280,  162,  854,  857,  417,  836,  293,  488,  540,  608,  701,  649,  118,  880,  884,  949,  529,  466,  717,  506,  209,  271,  482,  904],
        [  458,    0,  176,  724,   85,  899,    0,  701,  208,  580,  847,  233,  322,  734,  656,  186,  534,  638,  564,  402,  481,  259,  397,  163,  116,  345,  747,  347,  405,  548,  950,  204,  791,  261,  879,  646,  815,  189,  277,   85,  839,  604,  721,  718,  730,  576,  382,  670,  179,  782,   15,  963,  796,  590, 1004,  226,  592,  212,  501,   52,  904,  213,  795,  209,  540,  672,  132,  681,  549,  764,  624,  733,  696,  960,  193,   86,  501,  654,  904,  901,  403,  735,  203,  267,  900,  546,  610,  214,  617,  815,  234,  395,  961,  717,  695,  801],
        [  249,    0,  539,  874,  630,  875,  701,    0,  510,  434,  787,  505,  423,  514,  522,  646,  848,  273,  182,  691,  836,  460,  307,  624,  815,  415,  933,  867,  482,  684,  758,  508,   92,  879,  928,  502,  561,  875,  666,  777,  517,  103,  828,  680,  410,  901,  830, 1018,  543,   89,  712,  618,  119,  362,  732,  527,  176,  793,  283,  727,  772,  628,  286,  513,  353,  996,  830,  904,  474,  322,  411,  898,  887,  809,  848,  750,  751,   53,  658, 1201,  777,  286,  675,  560,  789,  166,  101,  532,  351,  455,  771,  666,  773,  904,  395,  101],
        [  262,    0,   33,  632,  168,  768,  208,  510,    0,  389,  703,  176,  115,  547,  477,  154,  488,  431,  399,  321,  449,  154,  205,  123,  314,  140,  670,  396,  227,  429,  782,  124,  601,  376,  767,  464,  629,  396,  220,  274,  646,  410,  614,  568,  531,  540,  388,  653,   34,  587,  216,  771,  614,  388,  825,   55,  430,  293,  294,  222,  746,  151,  587,    9,  337,  644,  339,  612,  367,  558,  428,  647,  616,  802,  339,  242,  421,  461,  725,  877,  369,  528,  189,  131,  747,  368,  427,  184,  415,  616,  282,  302,  795,  637,  495,  608],
        [  313,    0,  417,  440,  555,  463,  580,  434,  389,    0,  379,  526,  283,  160,  107,  423,  451,  172,  475,  332,  456,  481,  339,  428,  662,  256,  501,  556,  178,  264,  411,  488,  498,  626,  502,   88,  241,  764,  380,  622,  260,  358,  394,  255,  162,  499,  494,  609,  408,  458,  583,  384,  549,   73,  440,  356,  500,  545,  193,  573,  393,  394,  297,  384,   93,  583,  700,  477,   52,  241,   52,  465,  456,  444,  633,  578,  352,  388,  341,  773,  424,  234,  433,  321,  402,  418,  426,  545,   94,  242,  507,  311,  426,  472,  129,  488],
        [  691,    0,  724,  243,  853,   89,  847,  787,  703,  379,    0,  868,  624,  276,  275,  663,  432,  516,  853,  461,  477,  829,  711,  685,  893,  600,  294,  658,  480,  306,  164,  821,  832,  777,  164,  295,  257, 1006,  579,  857,  328,  727,  197,  136,  387,  444,  581,  495,  710,  787,  845,  341,  893,  440,  267,  655,  876,  723,  571,  821,   89,  635,  556,  696,  472,  461,  939,  329,  366,  496,  383,  263,  291,  134,  819,  812,  387,  748,  220,  545,  511,  519,  653,  589,   68,  795,  797,  882,  442,  381,  680,  460,  165,  289,  394,  816],
        [  291,    0,  169,  807,  149,  936,  233,  505,  176,  526,  868,    0,  247,  685,  624,  303,  659,  520,  347,  494,  616,   51,  230,  267,  345,  273,  845,  535,  388,  602,  934,   53,  592,  479,  940,  609,  765,  380,  386,  317,  770,  420,  788,  732,  647,  709,  543,  820,  185,  592,  247,  897,  586,  507,  965,  230,  372,  411,  380,  277,  904,  311,  662,  184,  455,  813,  346,  787,  515,  647,  556,  822,  791,  959,  420,  309,  595,  465,  866, 1046,  535,  611,  337,  306,  907,  341,  407,   27,  528,  731,  414,  477,  947,  812,  612,  605],
        [  178,    0,  147,  589,  280,  696,  322,  423,  115,  283,  624,  247,    0,  443,  379,  224,  482,  317,  346,  310,  453,  206,  140,  206,  423,   27,  635,  448,  147,  378,  688,  205,  513,  458,  707,  364,  524,  510,  250,  383,  536,  321,  562,  489,  419,  536,  421,  654,  143,  493,  329,  663,  535,  276,  723,  108,  377,  371,  181,  331,  658,  205,  474,  113,  224,  640,  451,  585,  269,  443,  318,  607,  581,  712,  434,  347,  398,  371,  623,  867,  381,  414,  252,  141,  662,  302,  353,  264,  301,  504,  348,  287,  701,  602,  383,  516],
        [  454,    0,  576,  422,  713,  364,  734,  514,  547,  160,  276,  685,  443,    0,   87,  568,  508,  246,  597,  435,  529,  640,  489,  577,  810,  416,  485,  665,  329,  315,  262,  647,  556,  752,  428,   91,   82,  915,  511,  770,  120,  462,  369,  194,  112,  546,  594,  640,  566,  512,  736,  232,  618,  191,  281,  512,  617,  677,  332,  723,  260,  538,  287,  543,  237,  609,  850,  484,  185,  225,  134,  448,  454,  303,  769,  725,  419,  478,  182,  762,  519,  245,  573,  470,  276,  541,  534,  705,  183,  136,  636,  420,  277,  464,  120,  541],
        [  419,    0,  503,  369,  640,  360,  656,  522,  477,  107,  275,  624,  379,   87,    0,  486,  428,  250,  578,  348,  446,  581,  444,  496,  728,  352,  432,  578,  252,  235,  310,  583,  576,  666,  407,   21,  163,  834,  426,  688,  207,  454,  318,  159,  162,  469,  508,  570,  492,  534,  657,  316,  633,  166,  350,  437,  601,  591,  298,  643,  287,  455,  334,  471,  198,  540,  768,  421,  111,  272,  112,  395,  394,  339,  684,  643,  337,  479,  250,  709,  433,  280,  489,  390,  296,  521,  524,  642,  172,  215,  550,  333,  324,  407,  149,  563],
        [  398,    0,  141,  543,  212,  714,  186,  646,  154,  423,  663,  303,  224,  568,  486,    0,  366,  517,  550,  219,  319,  297,  349,   37,  242,  236,  570,  242,  246,  362,  770,  252,  735,  234,  695,  478,  648,  351,   95,  203,  680,  543,  537,  535,  582,  413,  241,  519,  128,  716,  183,  800,  755,  449,  831,  120,  581,  148,  395,  160,  721,   31,  675,  148,  404,  515,  284,  506,  385,  635,  472,  553,  518,  778,  217,  158,  320,  594,  731,  748,  237,  612,   35,  104,  717,  514,  570,  300,  478,  664,  129,  210,  781,  539,  547,  739],
        [  640,    0,  490,  220,  576,  443,  534,  848,  488,  451,  432,  659,  482,  508,  428,  366,    0,  617,  819,  173,   56,  641,  619,  401,  535,  473,  222,  244,  370,  194,  585,  606,  925,  375,  388,  437,  560,  646,  275,  509,  623,  753,  244,  356,  587,   55,  172,  174,  475,  892,  526,  705,  967,  518,  678,  435,  850,  347,  566,  491,  515,  350,  746,  479,  505,  159,  583,  154,  400,  686,  497,  219,  178,  565,  434,  468,  100,  796,  597,  390,  132,  684,  338,  360,  499,  769,  806,  660,  543,  642,  311,  196,  591,  196,  565,  920],
        [  242,    0,  463,  610,  592,  603,  638,  273,  431,  172,  516,  520,  317,  246,  250,  517,  617,    0,  356,  482,  616,  470,  295,  509,  738,  294,  671,  693,  288,  435,  501,  495,  328,  741,  656,  230,  304,  826,  500,  697,  278,  217,  562,  408,  154,  667,  639,  779,  459,  287,  645,  399,  383,  101,  494,  418,  374,  656,  142,  645,  506,  490,  159,  430,  121,  754,  767,  649,  220,  129,  140,  635,  628,  548,  733,  658,  518,  233,  408,  944,  574,   98,  536,  414,  521,  302,  289,  544,   81,  225,  623,  459,  516,  643,  130,  317],
        [  181,    0,  422,  890,  486,  937,  564,  182,  399,  475,  853,  347,  346,  597,  578,  550,  819,  356,    0,  650,  796,  309,  206,  522,  679,  349,  944,  787,  454,  684,  856,  362,  257,  774,  974,  558,  660,  726,  594,  646,  631,  148,  852,  729,  510,  874,  766,  993,  431,  269,  577,  747,  240,  414,  849,  432,   32,  692,  285,  598,  855,  539,  433,  405,  383,  976,  688,  904,  499,  450,  471,  912,  893,  900,  732,  626,  729,  165,  764, 1196,  726,  411,  583,  485,  868,   58,   87,  373,  416,  575,  679,  626,  871,  913,  485,  275],
        [  472,    0,  326,  324,  429,  503,  402,  691,  321,  332,  461,  494,  310,  435,  348,  219,  173,  482,  650,    0,  147,  473,  448,  250,  434,  302,  354,  231,  209,  156,  587,  442,  772,  327,  477,  349,  504,  547,  126,  400,  554,  592,  319,  345,  487,  227,  163,  345,  311,  742,  397,  658,  809,  388,  663,  266,  681,  263,  409,  369,  529,  197,  626,  312,  363,  331,  481,  294,  281,  572,  383,  336,  301,  585,  360,  355,  103,  638,  569,  561,   93,  561,  200,  190,  520,  601,  641,  498,  416,  557,  221,   25,  597,  322,  458,  769],
        [  618,    0,  448,  275,  527,  494,  481,  836,  449,  456,  477,  616,  453,  529,  446,  319,   56,  616,  796,  147,    0,  602,  592,  354,  479,  447,  278,  189,  354,  215,  627,  564,  916,  319,  442,  453,  587,  590,  231,  454,  647,  738,  295,  392,  600,   95,  116,  205,  433,  884,  473,  735,  954,  519,  716,  397,  826,  292,  553,  438,  559,  306,  752,  440,  500,  198,  528,  210,  404,  695,  505,  274,  234,  610,  378,  414,  110,  783,  632,  431,   82,  689,  289,  324,  544,  747,  788,  616,  545,  661,  256,  172,  633,  252,  576,  912],
        [  241,    0,  157,  779,  178,  900,  259,  460,  154,  481,  829,   51,  206,  640,  581,  297,  641,  470,  309,  473,  602,    0,  179,  262,  373,  231,  820,  535,  350,  572,  890,   56,  548,  492,  907,  565,  719,  419,  373,  342,  722,  372,  758,  694,  598,  693,  537,  806,  171,  546,  272,  849,  545,  459,  919,  207,  335,  418,  331,  298,  863,  300,  611,  162,  408,  798,  380,  764,  473,  597,  509,  796,  766,  917,  438,  328,  572,  419,  821, 1030,  521,  561,  332,  283,  867,  297,  363,   77,  479,  682,  416,  454,  904,  787,  564,  561],
        [   64,    0,  233,  710,  331,  790,  397,  307,  205,  339,  711,  230,  140,  489,  444,  349,  619,  295,  206,  448,  592,  179,    0,  324,  509,  147,  759,  583,  263,  499,  748,  215,  398,  579,  813,  426,  565,  576,  388,  472,  558,  208,  677,  579,  432,  673,  560,  792,  238,  386,  407,  684,  409,  300,  765,  229,  237,  494,  161,  421,  731,  336,  432,  209,  253,  777,  527,  714,  345,  420,  355,  730,  707,  782,  544,  445,  532,  259,  669, 1001,  521,  384,  381,  280,  739,  166,  223,  255,  316,  514,  477,  424,  762,  727,  399,  405],
        [  375,    0,  107,  574,  180,  739,  163,  624,  123,  428,  685,  267,  206,  577,  496,   37,  401,  509,  522,  250,  354,  262,  324,    0,  235,  222,  602,  275,  250,  388,  787,  216,  715,  256,  723,  488,  657,  339,  127,  195,  686,  522,  565,  556,  584,  449,  277,  555,   95,  697,  163,  808,  732,  447,  844,   99,  552,  171,  383,  147,  741,   54,  668,  117,  400,  551,  273,  539,  393,  630,  474,  585,  550,  797,  228,  152,  352,  573,  744,  784,  272,  605,   70,  107,  737,  488,  546,  264,  476,  667,  159,  239,  799,  571,  548,  719],
        [  570,    0,  282,  742,  197,  936,  116,  815,  314,  662,  893,  345,  423,  810,  728,  242,  535,  738,  679,  434,  479,  373,  509,  235,    0,  445,  755,  313,  485,  588, 1009,  319,  905,  195,  904,  720,  890,  114,  316,   42,  921,  717,  747,  770,  818,  568,  368,  648,  282,  895,  104, 1041,  911,  681, 1072,  320,  707,  188,  604,   93,  957,  273,  896,  313,  633,  656,   49,  688,  626,  861,  709,  747,  708, 1013,  119,   85,  523,  767,  973,  875,  409,  835,  243,  342,  950,  661,  725,  324,  709,  902,  225,  433, 1019,  727,  783,  914],
        [  175,    0,  172,  571,  306,  673,  345,  415,  140,  256,  600,  273,   27,  416,  352,  236,  473,  294,  349,  302,  447,  231,  147,  222,  445,    0,  618,  453,  126,  360,  661,  232,  503,  470,  686,  337,  497,  533,  253,  404,  509,  312,  543,  465,  392,  527,  422,  646,  167,  482,  352,  636,  528,  249,  696,  126,  380,  383,  162,  352,  633,  216,  452,  138,  198,  630,  474,  570,  243,  420,  292,  590,  566,  687,  450,  367,  386,  362,  596,  855,  378,  391,  263,  146,  636,  303,  349,  291,  275,  478,  358,  278,  675,  586,  356,  506],
        [  764,    0,  678,   64,  781,  266,  747,  933,  670,  501,  294,  845,  635,  485,  432,  570,  222,  671,  944,  354,  278,  820,  759,  602,  755,  618,    0,  463,  497,  261,  457,  793,  998,  595,  187,  449,  508,  867,  476,  728,  579,  849,  118,  293,  590,  201,  393,  209,  663,  958,  740,  624, 1049,  574,  561,  615,  972,  568,  666,  707,  382,  549,  765,  661,  581,  176,  803,   69,  460,  702,  533,   38,   54,  418,  655,  686,  252,  885,  505,  278,  348,  712,  546,  539,  358,  889,  912,  850,  590,  618,  531,  369,  457,   33,  580,  987],
        [  625,    0,  381,  463,  413,  681,  347,  867,  396,  556,  658,  535,  448,  665,  578,  242,  244,  693,  787,  231,  189,  535,  583,  275,  313,  453,  463,    0,  406,  369,  800,  487,  954,  133,  631,  579,  733,  417,  201,  297,  784,  764,  482,  559,  714,  266,   78,  336,  369,  930,  335,  886,  981,  605,  883,  356,  818,  136,  596,  297,  736,  248,  844,  388,  573,  345,  360,  395,  507,  793,  608,  462,  422,  789,  200,  266,  273,  814,  793,  563,  151,  779,  207,  307,  723,  748,  800,  527,  635,  786,  121,  247,  808,  439,  684,  955],
        [  273,    0,  252,  448,  389,  550,  405,  482,  227,  178,  480,  388,  147,  329,  252,  246,  370,  288,  454,  209,  354,  350,  263,  250,  485,  126,  497,  406,    0,  237,  556,  342,  564,  458,  561,  241,  410,  588,  213,  444,  437,  385,  418,  345,  336,  424,  357,  543,  241,  534,  408,  559,  601,  206,  602,  186,  484,  374,  200,  397,  520,  217,  442,  221,  168,  524,  523,  452,  144,  395,  226,  468,  445,  575,  459,  401,  276,  430,  501,  743,  297,  377,  258,  144,  521,  402,  436,  402,  236,  418,  339,  184,  568,  465,  301,  561],
        [  504,    0,  443,  211,  563,  352,  548,  684,  429,  264,  306,  602,  378,  315,  235,  362,  194,  435,  684,  156,  215,  572,  499,  388,  588,  360,  261,  369,  237,    0,  434,  552,  755,  478,  339,  243,  374,  701,  275,  553,  433,  595,  186,  192,  393,  237,  293,  345,  428,  718,  544,  523,  802,  335,  514,  376,  713,  419,  409,  518,  374,  335,  555,  421,  331,  319,  634,  222,  216,  495,  308,  231,  210,  429,  515,  507,  105,  634,  424,  518,  219,  495,  350,  303,  365,  630,  656,  612,  357,  449,  376,  156,  443,  229,  372,  747],
        [  715,    0,  807,  407,  943,  214,  950,  758,  782,  411,  164,  934,  688,  262,  310,  770,  585,  501,  856,  587,  627,  890,  748,  787, 1009,  661,  457,  800,  556,  434,    0,  892,  786,  912,  308,  326,  199, 1120,  695,  971,  247,  717,  359,  243,  351,  602,  723,  659,  796,  740,  949,  205,  851,  452,  106,  740,  875,  850,  593,  930,   76,  740,  493,  776,  496,  625, 1053,  492,  419,  442,  394,  427,  454,   62,  946,  925,  528,  728,  104,  699,  650,  474,  766,  684,  100,  800,  789,  951,  444,  309,  807,  582,   16,  452,  372,  767],
        [  279,    0,  117,  756,  125,  888,  204,  508,  124,  488,  821,   53,  205,  647,  583,  252,  606,  495,  362,  442,  564,   56,  215,  216,  319,  232,  793,  487,  342,  552,  892,    0,  597,  438,  890,  568,  728,  368,  334,  287,  736,  417,  737,  686,  615,  657,  493,  768,  132,  593,  217,  863,  597,  473,  927,  178,  389,  366,  354,  242,  860,  259,  642,  132,  421,  761,  327,  735,  473,  623,  520,  771,  739,  915,  383,  273,  543,  465,  827,  994,  483,  589,  286,  254,  862,  347,  413,   61,  496,  700,  367,  424,  905,  760,  580,  608],
        [  340,    0,  630,  937,  720,  920,  791,   92,  601,  498,  832,  592,  513,  556,  576,  735,  925,  328,  257,  772,  916,  548,  398,  715,  905,  503,  998,  954,  564,  755,  786,  597,    0,  969,  979,  557,  592,  965,  753,  868,  540,  193,  889,  733,  446,  978,  916, 1094,  634,   47,  803,  627,   68,  425,  748,  617,  244,  883,  364,  818,  807,  717,  295,  604,  424, 1071,  921,  973,  541,  345,  467,  962,  953,  840,  939,  842,  827,  142,  683, 1269,  860,  315,  764,  649,  827,  252,  186,  619,  409,  477,  860,  748,  800,  969,  439,   25],
        [  630,    0,  353,  593,  339,  806,  261,  879,  376,  626,  777,  479,  458,  752,  666,  234,  375,  741,  774,  327,  319,  492,  579,  256,  195,  470,  595,  133,  458,  478,  912,  438,  969,    0,  760,  663,  826,  290,  247,  191,  870,  777,  608,  669,  787,  398,  205,  463,  344,  950,  247,  980,  987,  664,  989,  353,  804,   88,  627,  209,  851,  256,  898,  371,  624,  475,  238,  527,  581,  853,  677,  593,  553,  906,   77,  175,  392,  828,  895,  687,  267,  834,  209,  330,  840,  743,  801,  465,  694,  865,  120,  336,  921,  571,  754,  973],
        [  803,    0,  782,  168,  900,   96,  879,  928,  767,  502,  164,  940,  707,  428,  407,  695,  388,  656,  974,  477,  442,  907,  813,  723,  904,  686,  187,  631,  561,  339,  308,  890,  979,  760,    0,  427,  420, 1018,  603,  873,  491,  859,  159,  249,  540,  379,  556,  393,  767,  936,  874,  501, 1038,  570,  413,  714, 1000,  722,  690,  845,  237,  670,  713,  759,  593,  361,  952,  246,  476,  652,  518,  173,  213,  257,  814,  829,  382,  886,  382,  392,  499,  672,  677,  641,  210,  917,  928,  950,  578,  542,  681,  485,  304,  199,  542,  965],
        [  399,    0,  491,  386,  628,  381,  646,  502,  464,   88,  295,  609,  364,   91,   21,  478,  437,  230,  558,  349,  453,  565,  426,  488,  720,  337,  449,  579,  241,  243,  326,  568,  557,  663,  427,    0,  170,  826,  421,  680,  208,  434,  336,  178,  151,  479,  510,  582,  480,  515,  648,  322,  613,  145,  362,  426,  581,  587,  278,  634,  306,  448,  319,  458,  178,  553,  760,  436,   98,  257,   92,  412,  410,  357,  679,  635,  344,  459,  262,  725,  436,  264,  483,  381,  315,  501,  504,  627,  152,  210,  547,  333,  340,  423,  134,  545],
        [  526,    0,  657,  446,  795,  343,  815,  561,  629,  241,  257,  765,  524,   82,  163,  648,  560,  304,  660,  504,  587,  719,  565,  657,  890,  497,  508,  733,  410,  374,  199,  728,  592,  826,  420,  170,    0,  995,  588,  850,   73,  519,  391,  218,  153,  593,  661,  679,  648,  546,  817,  155,  656,  265,  201,  594,  678,  752,  406,  804,  217,  617,  305,  624,  314,  647,  930,  517,  266,  249,  211,  471,  483,  249,  846,  805,  478,  530,  106,  780,  585,  278,  651,  551,  238,  605,  591,  785,  252,  124,  712,  491,  214,  490,  176,  574],
        [  639,    0,  364,  855,  246, 1050,  189,  875,  396,  764, 1006,  380,  510,  915,  834,  351,  646,  826,  726,  547,  590,  419,  576,  339,  114,  533,  867,  417,  588,  701, 1120,  368,  965,  290, 1018,  826,  995,    0,  428,  149, 1023,  782,  861,  882,  917,  677,  477,  751,  367,  960,  183, 1145,  963,  777, 1180,  413,  751,  299,  689,  192, 1069,  381,  983,  397,  727,  761,   68,  799,  731,  952,  809,  859,  820, 1125,  217,  195,  637,  831, 1081,  976,  521,  923,  355,  445, 1063,  715,  781,  355,  805, 1002,  338,  546, 1131,  839,  881,  976],
        [  426,    0,  218,  449,  306,  626,  277,  666,  220,  380,  579,  386,  250,  511,  426,   95,  275,  500,  594,  126,  231,  373,  388,  127,  316,  253,  476,  201,  213,  275,  695,  334,  753,  247,  603,  421,  588,  428,    0,  279,  628,  564,  444,  455,  541,  324,  173,  434,  203,  729,  272,  742,  780,  419,  762,  171,  625,  166,  396,  245,  642,   76,  655,  212,  381,  428,  361,  413,  335,  608,  431,  459,  424,  698,  258,  233,  226,  613,  664,  661,  149,  590,   76,  109,  635,  552,  601,  386,  448,  619,  128,  120,  705,  445,  508,  754],
        [  532,    0,  243,  713,  169,  902,   85,  777,  274,  622,  857,  317,  383,  770,  688,  203,  509,  697,  646,  400,  454,  342,  472,  195,   42,  404,  728,  297,  444,  553,  971,  287,  868,  191,  873,  680,  850,  149,  279,    0,  880,  679,  715,  734,  777,  545,  346,  630,  242,  857,   71, 1001,  875,  640, 1033,  279,  674,  166,  564,   52,  920,  233,  855,  273,  592,  636,   82,  661,  586,  820,  668,  718,  680,  976,  117,   47,  492,  730,  934,  859,  381,  793,  206,  301,  914,  625,  689,  298,  668,  861,  199,  398,  982,  700,  742,  877],
        [  513,    0,  675,  518,  813,  412,  839,  517,  646,  260,  328,  770,  536,  120,  207,  680,  623,  278,  631,  554,  647,  722,  558,  686,  921,  509,  579,  784,  437,  433,  247,  736,  540,  870,  491,  208,   73, 1023,  628,  880,    0,  487,  463,  288,  127,  659,  714,  748,  667,  494,  843,  128,  605,  264,  219,  615,  647,  794,  397,  833,  279,  650,  247,  642,  316,  716,  959,  587,  296,  197,  218,  543,  554,  304,  885,  836,  537,  491,  144,  852,  639,  231,  687,  580,  302,  578,  558,  792,  244,   63,  754,  539,  262,  561,  160,  521],
        [  149,    0,  439,  792,  537,  813,  604,  103,  410,  358,  727,  420,  321,  462,  454,  543,  753,  217,  148,  592,  738,  372,  208,  522,  717,  312,  849,  764,  385,  595,  717,  417,  193,  777,  859,  434,  519,  782,  564,  679,  487,    0,  749,  611,  367,  806,  729,  924,  443,  179,  615,  600,  218,  289,  705,  425,  161,  690,  188,  628,  721,  525,  287,  413,  270,  903,  735,  817,  392,  303,  344,  815,  801,  764,  747,  651,  657,   52,  622, 1113,  678,  263,  572,  458,  736,  103,   73,  447,  285,  429,  668,  568,  732,  819,  346,  198],
        [  675,    0,  628,   55,  743,  200,  721,  828,  614,  394,  197,  788,  562,  369,  318,  537,  244,  562,  852,  319,  295,  758,  677,  565,  747,  543,  118,  482,  418,  186,  359,  737,  889,  608,  159,  336,  391,  861,  444,  715,  463,  749,    0,  176,  474,  249,  406,  302,  613,  848,  716,  513,  943,  467,  459,  561,  879,  566,  569,  687,  284,  512,  649,  606,  479,  268,  795,  134,  358,  586,  423,   81,   97,  329,  659,  671,  224,  782,  395,  394,  344,  598,  519,  487,  264,  796,  814,  797,  481,  501,  525,  327,  361,  100,  466,  878],
        [  562,    0,  590,  231,  720,  211,  718,  680,  568,  255,  136,  732,  489,  194,  159,  535,  356,  408,  729,  345,  392,  694,  579,  556,  770,  465,  293,  559,  345,  192,  243,  686,  733,  669,  249,  178,  218,  882,  455,  734,  288,  611,  176,    0,  303,  383,  482,  463,  576,  690,  717,  352,  791,  322,  325,  521,  754,  608,  445,  695,  187,  506,  479,  561,  347,  430,  815,  299,  235,  416,  269,  256,  266,  243,  704,  687,  288,  637,  242,  569,  409,  431,  528,  457,  182,  672,  680,  746,  330,  325,  565,  340,  252,  274,  299,  720],
        [  387,    0,  562,  527,  698,  475,  730,  410,  531,  162,  387,  647,  419,  112,  162,  582,  587,  154,  510,  487,  600,  598,  432,  584,  818,  392,  590,  714,  336,  393,  351,  615,  446,  787,  540,  151,  153,  917,  541,  777,  127,  367,  474,  303,    0,  629,  650,  731,  554,  401,  735,  252,  509,  143,  341,  505,  527,  706,  272,  728,  363,  553,  177,  528,  195,  702,  854,  582,  208,  114,  111,  553,  554,  400,  793,  735,  492,  378,  255,  867,  577,  133,  593,  479,  381,  455,  439,  669,  120,   86,  668,  468,  366,  566,   37,  430],
        [  694,    0,  541,  214,  622,  444,  576,  901,  540,  499,  444,  709,  536,  546,  469,  413,   55,  667,  874,  227,   95,  693,  673,  449,  568,  527,  201,  266,  424,  237,  602,  657,  978,  398,  379,  479,  593,  677,  324,  545,  659,  806,  249,  383,  629,    0,  201,  119,  525,  943,  567,  734, 1020,  567,  698,  487,  904,  381,  619,  531,  530,  400,  792,  531,  556,  105,  616,  135,  448,  732,  544,  207,  167,  577,  463,  507,  151,  849,  623,  338,  177,  731,  384,  413,  511,  824,  860,  710,  591,  681,  348,  250,  606,  181,  609,  972],
        [  596,    0,  380,  389,  437,  604,  382,  830,  388,  494,  581,  543,  421,  594,  508,  241,  172,  639,  766,  163,  116,  537,  560,  277,  368,  422,  393,   78,  357,  293,  723,  493,  916,  205,  556,  510,  661,  477,  173,  346,  714,  729,  406,  482,  650,  201,    0,  289,  366,  888,  372,  813,  947,  548,  807,  342,  797,  181,  553,  335,  658,  238,  787,  380,  519,  292,  416,  325,  444,  734,  546,  389,  349,  711,  263,  308,  196,  777,  717,  520,   76,  722,  207,  281,  645,  723,  770,  539,  577,  719,  149,  184,  731,  367,  621,  915],
        [  813,    0,  652,  253,  723,  475,  670, 1018,  653,  609,  495,  820,  654,  640,  570,  519,  174,  779,  993,  345,  205,  806,  792,  555,  648,  646,  209,  336,  543,  345,  659,  768, 1094,  463,  393,  582,  679,  751,  434,  630,  748,  924,  302,  463,  731,  119,  289,    0,  636, 1059,  660,  811, 1137,  679,  760,  601, 1023,  465,  737,  622,  584,  509,  899,  644,  671,   34,  695,  168,  560,  837,  652,  234,  206,  624,  535,  595,  268,  967,  695,  231,  285,  839,  488,  528,  562,  943,  978,  818,  702,  776,  437,  368,  660,  208,  714, 1087],
        [  294,    0,   16,  628,  148,  772,  179,  543,   34,  408,  710,  185,  143,  566,  492,  128,  475,  459,  431,  311,  433,  171,  238,   95,  282,  167,  663,  369,  241,  428,  796,  132,  634,  344,  767,  480,  648,  367,  203,  242,  667,  443,  613,  576,  554,  525,  366,  636,    0,  620,  186,  792,  647,  413,  842,   57,  461,  262,  323,  190,  757,  129,  616,   31,  362,  630,  309,  604,  383,  586,  450,  642,  610,  813,  306,  210,  412,  494,  741,  862,  352,  557,  163,  127,  756,  400,  460,  188,  440,  640,  253,  294,  808,  631,  518,  641],
        [  326,    0,  617,  897,  714,  875,  782,   89,  587,  458,  787,  592,  493,  512,  534,  716,  892,  287,  269,  742,  884,  546,  386,  697,  895,  482,  958,  930,  534,  718,  740,  593,   47,  950,  936,  515,  546,  960,  729,  857,  494,  179,  848,  690,  401,  943,  888, 1059,  620,    0,  793,  582,  113,  385,  702,  599,  261,  864,  336,  806,  762,  697,  249,  590,  388, 1035,  913,  935,  503,  299,  426,  922,  914,  794,  924,  829,  793,  129,  637, 1230,  831,  269,  744,  626,  781,  254,  189,  619,  368,  431,  839,  717,  754,  930,  395,   30],
        [  469,    0,  184,  718,   99,  896,   15,  712,  216,  583,  845,  247,  329,  736,  657,  183,  526,  645,  577,  397,  473,  272,  407,  163,  104,  352,  740,  335,  408,  544,  949,  217,  803,  247,  874,  648,  817,  183,  272,   71,  843,  615,  716,  717,  735,  567,  372,  660,  186,  793,    0,  966,  808,  595, 1005,  231,  605,  200,  509,   39,  902,  211,  802,  216,  545,  662,  123,  674,  552,  771,  627,  727,  689,  959,  179,   72,  495,  665,  905,  890,  395,  742,  197,  268,  898,  558,  622,  228,  622,  820,  223,  391,  961,  710,  699,  812],
        [  638,    0,  801,  566,  938,  410,  963,  618,  771,  384,  341,  897,  663,  232,  316,  800,  705,  399,  747,  658,  735,  849,  684,  808, 1041,  636,  624,  886,  559,  523,  205,  863,  627,  980,  501,  322,  155, 1145,  742, 1001,  128,  600,  513,  352,  252,  734,  813,  811,  792,  582,  966,    0,  695,  391,  127,  739,  760,  906,  523,  954,  266,  769,  334,  767,  443,  778, 1080,  645,  415,  299,  345,  590,  609,  267, 1000,  956,  627,  598,  121,  885,  738,  338,  804,  701,  293,  695,  669,  919,  371,  174,  866,  645,  216,  612,  286,  606],
        [  358,    0,  641,  989,  720,  981,  796,  119,  614,  549,  893,  586,  535,  618,  633,  755,  967,  383,  240,  809,  954,  545,  409,  732,  911,  528, 1049,  981,  601,  802,  851,  597,   68,  987, 1038,  613,  656,  963,  780,  875,  605,  218,  943,  791,  509, 1020,  947, 1137,  647,  113,  808,  695,    0,  477,  815,  635,  220,  902,  402,  826,  871,  739,  362,  618,  471, 1115,  922, 1022,  590,  410,  523, 1014, 1003,  905,  952,  851,  870,  171,  749, 1318,  895,  379,  785,  674,  890,  251,  187,  612,  463,  543,  882,  784,  866, 1020,  499,   90],
        [  264,    0,  419,  513,  555,  525,  590,  362,  388,   73,  440,  507,  276,  191,  166,  449,  518,  101,  414,  388,  519,  459,  300,  447,  681,  249,  574,  605,  206,  335,  452,  473,  425,  664,  570,  145,  265,  777,  419,  640,  264,  289,  467,  322,  143,  567,  548,  679,  413,  385,  595,  391,  477,    0,  465,  364,  437,  580,  142,  589,  443,  420,  240,  385,   53,  653,  715,  550,  120,  190,   59,  538,  529,  491,  663,  598,  419,  317,  370,  845,  480,  175,  463,  345,  455,  357,  359,  528,   30,  229,  545,  366,  467,  545,  107,  415],
        [  725,    0,  852,  509,  990,  318, 1004,  732,  825,  440,  267,  965,  723,  281,  350,  831,  678,  494,  849,  663,  716,  919,  765,  844, 1072,  696,  561,  883,  602,  514,  106,  927,  748,  989,  413,  362,  201, 1180,  762, 1033,  219,  705,  459,  325,  341,  698,  807,  760,  842,  702, 1005,  127,  815,  465,    0,  787,  865,  922,  605,  989,  181,  800,  453,  820,  514,  726, 1114,  593,  459,  411,  412,  530,  555,  160, 1017,  987,  613,  708,  101,  804,  732,  448,  830,  738,  206,  796,  776,  985,  451,  278,  880,  654,  110,  554,  370,  727],
        [  278,    0,   70,  578,  204,  717,  226,  527,   55,  356,  655,  230,  108,  512,  437,  120,  435,  418,  432,  266,  397,  207,  229,   99,  320,  126,  615,  356,  186,  376,  740,  178,  617,  353,  714,  426,  594,  413,  171,  279,  615,  425,  561,  521,  505,  487,  342,  601,   57,  599,  231,  739,  635,  364,  787,    0,  462,  267,  287,  228,  701,  109,  577,   46,  315,  592,  352,  558,  329,  542,  398,  593,  562,  757,  326,  241,  366,  476,  686,  824,  318,  515,  152,   77,  700,  395,  450,  237,  392,  590,  249,  248,  752,  583,  469,  622],
        [  211,    0,  452,  918,  513,  961,  592,  176,  430,  500,  876,  372,  377,  617,  601,  581,  850,  374,   32,  681,  826,  335,  237,  552,  707,  380,  972,  818,  484,  713,  875,  389,  244,  804, 1000,  581,  678,  751,  625,  674,  647,  161,  879,  754,  527,  904,  797, 1023,  461,  261,  605,  760,  220,  437,  865,  462,    0,  722,  311,  627,  876,  570,  441,  435,  408, 1006,  714,  933,  525,  462,  494,  940,  922,  920,  761,  655,  759,  169,  781, 1225,  757,  423,  614,  516,  890,   84,   92,  397,  437,  589,  709,  656,  890,  941,  503,  263],
        [  545,    0,  272,  558,  281,  759,  212,  793,  293,  545,  723,  411,  371,  677,  591,  148,  347,  656,  692,  263,  292,  418,  494,  171,  188,  383,  568,  136,  374,  419,  850,  366,  883,   88,  722,  587,  752,  299,  166,  166,  794,  690,  566,  608,  706,  381,  181,  465,  262,  864,  200,  906,  902,  580,  922,  267,  722,    0,  540,  162,  792,  169,  813,  288,  539,  471,  236,  501,  501,  769,  596,  561,  522,  848,   97,  131,  343,  741,  826,  695,  224,  749,  122,  243,  783,  659,  716,  400,  610,  785,   43,  269,  859,  541,  673,  887],
        [  123,    0,  326,  610,  452,  655,  501,  283,  294,  193,  571,  380,  181,  332,  298,  395,  566,  142,  285,  409,  553,  331,  161,  383,  604,  162,  666,  596,  200,  409,  593,  354,  364,  627,  690,  278,  406,  689,  396,  564,  397,  188,  569,  445,  272,  619,  553,  737,  323,  336,  509,  523,  402,  142,  605,  287,  311,  540,    0,  512,  582,  372,  295,  293,  100,  716,  632,  631,  215,  270,  199,  633,  617,  631,  610,  528,  470,  231,  510,  926,  497,  237,  419,  298,  592,  228,  247,  404,  155,  354,  512,  384,  608,  635,  238,  362],
        [  481,    0,  191,  687,  132,  870,   52,  727,  222,  573,  821,  277,  331,  723,  643,  160,  491,  645,  598,  369,  438,  298,  421,  147,   93,  352,  707,  297,  397,  518,  930,  242,  818,  209,  845,  634,  804,  192,  245,   52,  833,  628,  687,  695,  728,  531,  335,  622,  190,  806,   39,  954,  826,  589,  989,  228,  627,  162,  512,    0,  881,  190,  803,  221,  541,  626,  127,  641,  539,  769,  619,  695,  657,  937,  144,   34,  464,  679,  890,  853,  360,  742,  170,  254,  876,  576,  639,  260,  618,  812,  186,  364,  941,  677,  693,  826],
        [  704,    0,  769,  332,  903,  144,  904,  772,  746,  393,   89,  904,  658,  260,  287,  721,  515,  506,  855,  529,  559,  863,  731,  741,  957,  633,  382,  736,  520,  374,   76,  860,  807,  851,  237,  306,  217, 1069,  642,  920,  279,  721,  284,  187,  363,  530,  658,  584,  757,  762,  902,  266,  871,  443,  181,  701,  876,  792,  582,  881,    0,  692,  521,  740,  483,  550, 1002,  417,  391,  465,  385,  352,  379,   57,  889,  874,  463,  737,  150,  626,  587,  493,  715,  641,   27,  798,  793,  920,  440,  338,  750,  526,   77,  377,  378,  790],
        [  382,    0,  144,  520,  233,  687,  213,  628,  151,  394,  635,  311,  205,  538,  455,   31,  350,  490,  539,  197,  306,  300,  336,   54,  273,  216,  549,  248,  217,  335,  740,  259,  717,  256,  670,  448,  617,  381,   76,  233,  650,  525,  512,  506,  553,  400,  238,  509,  129,  697,  211,  769,  739,  420,  800,  109,  570,  169,  372,  190,  692,    0,  649,  143,  376,  503,  314,  487,  355,  607,  442,  532,  497,  749,  244,  188,  299,  576,  701,  736,  224,  585,   48,   77,  688,  502,  555,  311,  450,  635,  144,  185,  752,  518,  518,  720],
        [  372,    0,  619,  702,  746,  644,  795,  286,  587,  297,  556,  662,  474,  287,  334,  675,  746,  159,  433,  626,  752,  611,  432,  668,  896,  452,  765,  844,  442,  555,  493,  642,  295,  898,  713,  319,  305,  983,  655,  855,  247,  287,  649,  479,  177,  792,  787,  899,  616,  249,  802,  334,  362,  240,  453,  577,  441,  813,  295,  803,  521,  649,    0,  586,  275,  870,  925,  755,  349,   63,  249,  728,  728,  550,  892,  817,  648,  273,  390, 1042,  718,   66,  694,  572,  542,  388,  349,  687,  211,  185,  780,  604,  508,  741,  186,  275],
        [  265,    0,   35,  624,  172,  760,  209,  513,    9,  384,  696,  184,  113,  543,  471,  148,  479,  430,  405,  312,  440,  162,  209,  117,  313,  138,  661,  388,  221,  421,  776,  132,  604,  371,  759,  458,  624,  397,  212,  273,  642,  413,  606,  561,  528,  531,  380,  644,   31,  590,  216,  767,  618,  385,  820,   46,  435,  288,  293,  221,  740,  143,  586,    0,  334,  636,  339,  604,  361,  556,  424,  639,  608,  795,  336,  240,  412,  464,  719,  868,  360,  527,  182,  123,  740,  373,  431,  192,  412,  613,  275,  294,  789,  629,  492,  611],
        [  222,    0,  368,  522,  503,  555,  540,  353,  337,   93,  472,  455,  224,  237,  198,  404,  505,  121,  383,  363,  500,  408,  253,  400,  633,  198,  581,  573,  168,  331,  496,  421,  424,  624,  593,  178,  314,  727,  381,  592,  316,  270,  479,  347,  195,  556,  519,  671,  362,  388,  545,  443,  471,   53,  514,  315,  408,  539,  100,  541,  483,  376,  275,  334,    0,  647,  666,  551,  122,  231,  104,  546,  534,  532,  620,  551,  406,  305,  418,  848,  455,  210,  420,  300,  493,  326,  337,  476,   78,  281,  506,  340,  511,  551,  159,  417],
