{
    "name": "random-64-13687",
    "comment": "size=64 seed=13687",
    "nodes": ["+0", "-0", "+1", "-1", "+2", "-2", "+3", "-3", "+4", "-4", "+5", "-5", "+6", "-6", "+7", "-7", "+8", "-8", "+9", "-9", "+10", "-10", "+11", "-11", "+12", "-12", "+13", "-13", "+14", "-14", "+15", "-15", "+16", "-16", "+17", "-17", "+18", "-18", "+19", "-19", "+20", "-20", "+21", "-21", "+22", "-22", "+23", "-23", "+24", "-24", "+25", "-25", "+26", "-26", "+27", "-27", "+28", "-28", "+29", "-29", "+30", "-30", "+31", "-31", "+32", "-32", "+33", "-33", "+34", "-34", "+35", "-35", "+36", "-36", "+37", "-37", "+38", "-38", "+39", "-39", "+40", "-40", "+41", "-41", "+42", "-42", "+43", "-43", "+44", "-44", "+45", "-45", "+46", "-46", "+47", "-47", "+48", "-48", "+49", "-49", "+50", "-50", "+51", "-51", "+52", "-52", "+53", "-53", "+54", "-54", "+55", "-55", "+56", "-56", "+57", "-57", "+58", "-58", "+59", "-59", "+60", "-60", "+61", "-61", "+62", "-62", "+63", "-63", "+64", "-64"],
    "precedence": {
        "+0": "-0",
        "+1": "-1",
        "+2": "-2",
        "+3": "-3",
        "+4": "-4",
        "+5": "-5",
        "+6": "-6",
        "+7": "-7",
        "+8": "-8",
        "+9": "-9",
        "+10": "-10",
        "+11": "-11",
        "+12": "-12",
        "+13": "-13",
        "+14": "-14",
        "+15": "-15",
        "+16": "-16",
        "+17": "-17",
        "+18": "-18",
        "+19": "-19",
        "+20": "-20",
        "+21": "-21",
        "+22": "-22",
        "+23": "-23",
        "+24": "-24",
        "+25": "-25",
        "+26": "-26",
        "+27": "-27",
        "+28": "-28",
        "+29": "-29",
        "+30": "-30",
        "+31": "-31",
        "+32": "-32",
        "+33": "-33",
        "+34": "-34",
        "+35": "-35",
        "+36": "-36",
        "+37": "-37",
        "+38": "-38",
        "+39": "-39",
        "+40": "-40",
        "+41": "-41",
        "+42": "-42",
        "+43": "-43",
        "+44": "-44",
        "+45": "-45",
        "+46": "-46",
        "+47": "-47",
        "+48": "-48",
        "+49": "-49",
        "+50": "-50",
        "+51": "-51",
        "+52": "-52",
        "+53": "-53",
        "+54": "-54",
        "+55": "-55",
        "+56": "-56",
        "+57": "-57",
        "+58": "-58",
        "+59": "-59",
        "+60": "-60",
        "+61": "-61",
        "+62": "-62",
        "+63": "-63",
        "+64": "-64"
    },
    "edges": [
        [    0,    0,  225,  537,  699,  556,  447,  458,  438,  402,  529,  540,  531,  347,  463,  558,  318,  202,  465,  631,  539,  185,  541,  199,  375,  593,  355,  366,  157,  470,  467,  229,  278,  427,  466,  473,  603,  434,  455,  544,  518,  442,  472,  646,  150,  252,  450,  414,  599,  439,  468,  496,  362,  235,  344,  366,  374,  388,  306,  468,  382,  479,  510,  554,  580,  493,  417,  552,  448,  346,  363,  361,  460,  448,  614,  343,  476,  340,  243,  359,  546,  240,  492,  311,  557,  494,  229,  552,  483,  519,  578,  146,  315,  431,  152,  378,  197,  535,  161,  441,  116,  183,  205,  423,  487,  380,  449,  226,  219,  303,  589,  746,  459,  320,  490,  161,  255,  484,  488,  620,  565,  331,  364,  272,  579,  256,  440,  286,  601,  302],
        [    0,    0,    0,    0,    0,    0,    0,    0,    0,    0,    0,    0,    0,    0,    0,    0,    0,    0,    0,    0,    0,    0,    0,    0,    0,    0,    0,    0,    0,    0,    0,    0,    0,    0,    0,    0,    0,    0,    0,    0,    0,    0,    0,    0,    0,    0,    0,    0,    0,    0,    0,    0,    0,    0,    0,    0,    0,    0,    0,    0,    0,    0,    0,    0,    0,    0,    0,    0,    0,    0,    0,    0,    0,    0,    0,    0,    0,    0,    0,    0,    0,    0,    0,    0,    0,    0,    0,    0,    0,    0,    0,    0,    0,    0,    0,    0,    0,    0,    0,    0,    0,    0,    0,    0,    0,    0,    0,    0,    0,    0,    0,    0,    0,    0,    0,    0,    0,    0,    0,    0,    0,    0,    0,    0,    0,    0,    0,    0,    0,    0],
        [  225,    0,    0,  463,  538,  426,  374,  633,  545,  515,  658,  510,  399,  559,  599,  508,  115,  104,  272,  485,  404,  202,  360,  365,  280,  756,  579,  313,  233,  285,  463,  291,  475,  210,  327,  296,  488,  453,  421,  333,  539,  313,  249,  460,  153,  184,  328,  487,  468,  635,  628,  681,  398,  419,  518,  529,  582,  587,  487,  647,  572,  454,  286,  700,  451,  479,  441,  430,  400,  203,  548,  245,  237,  230,  401,  239,  284,  525,   45,  578,  364,  394,  525,  258,  699,  271,  245,  335,  589,  365,  400,  358,  538,  643,  341,  171,  157,  677,  376,  638,  239,  327,  427,  589,  660,  566,  429,  291,   58,  526,  383,  617,  418,  521,  679,  232,   37,  598,  436,  470,  719,  495,  374,  390,  731,   92,  554,  500,  460,  404],
        [  537,    0,  463,    0,  928,  141,   93,  604,  401,  932,  506,  105,  148,  845,  487,   64,  384,  380,  323,  897,  154,  352,  285,  470,  184, 1126,  760,  171,  387,  297,  924,  333,  573,  553,  763,  273,  115,  204,  884,  407,  222,  757,  525,  819,  395,  645,  156,  315,  896,  667,  562, 1020,  247,  769,  877,  516,  675,  642,  539,  997,  906,  917,  541, 1091,  882,  135,  897,  867,   95,  654,  580,  220,  522,  420,  692,  225,  667,  870,  504,  834,  747,  453,  241,  229,  563,  552,  311,  626,  419,  784,  783,  668,  775,  920,  505,  375,  609,  548,  577,  669,  632,  715,  692,  958,  614,  595,  891,  724,  409,  720,  395,  245,   95,  612, 1011,  382,  439, 1016,  898,  211,  603,  504,  211,  800,  609,  372,  971,  786,  880,  365],
        [  699,    0,  538,  928,    0,  829,  855, 1153, 1082,  676, 1195, 1004,  806,  915, 1134,  986,  560,  640,  615,   79,  805,  740,  687,  884,  765,  933, 1017,  820,  767,  641,  436,  829,  976,  376,  234,  665,  899,  978,  375,  565, 1060,  260,  407,  122,  689,  450,  773, 1024,  131, 1137, 1155,  934,  931,  753,  796, 1054, 1068, 1086, 1001,  891,  866,  392,  400,  851,  147,  987,  489,  177,  895,  355, 1060,  724,  408,  512,  274,  730,  265,  819,  496,  959,  183,  919, 1051,  775, 1233,  382,  782,  319, 1127,  180,  146,  766,  945,  985,  847,  554,  503, 1211,  856, 1139,  623,  656,  847,  821, 1181, 1077,  402,  556,  591,  969,  610,  977,  916, 1017,  941,  767,  539,  719,  337,  824, 1249, 1019,  901,  637, 1262,  605,  696,  875,  112,  941],
        [  556,    0,  426,  141,  829,    0,  152,  713,  521,  929,  633,  245,   28,  889,  606,  203,  324,  368,  215,  807,   25,  379,  154,  539,  183, 1147,  830,  218,  425,  188,  884,  392,  653,  464,  688,  165,   71,  324,  836,  282,  358,  687,  423,  714,  406,  607,  107,  433,  813,  767,  676, 1051,  347,  790,  898,  617,  762,  736,  627, 1024,  936,  870,  431, 1102,  801,  268,  866,  789,  193,  593,  675,  196,  423,  318,  578,  214,  578,  896,  460,  887,  653,  531,  374,  256,  689,  448,  352,  517,  544,  701,  687,  698,  831,  969,  561,  295,  581,  673,  631,  769,  632,  720,  736,  976,  727,  692,  847,  710,  381,  785,  261,  194,  207,  696, 1045,  419,  394, 1013,  844,   81,  727,  599,  303,  799,  734,  338,  969,  828,  794,  456],
        [  447,    0,  374,   93,  855,  152,    0,  562,  372,  840,  487,  150,  141,  762,  457,  136,  301,  288,  269,  819,  150,  262,  257,  397,   96, 1038,  689,   82,  300,  246,  833,  253,  507,  479,  680,  225,  168,  180,  793,  365,  233,  672,  459,  750,  304,  555,   98,  284,  815,  616,  525,  934,  196,  680,  788,  466,  614,  586,  479,  910,  819,  827,  479, 1001,  801,  144,  805,  784,   50,  568,  525,  134,  455,  356,  632,  136,  592,  783,  415,  755,  673,  385,  240,  137,  543,  487,  224,  563,  399,  705,  710,  581,  697,  840,  426,  301,  517,  526,  497,  618,  540,  623,  609,  869,  576,  542,  800,  631,  318,  646,  365,  313,   70,  549,  926,  295,  351,  924,  809,  232,  580,  449,  152,  708,  588,  282,  879,  703,  801,  306],
        [  458,    0,  633,  604, 1153,  713,  562,    0,  210,  743,  167,  526,  702,  476,  133,  574,  672,  548,  760, 1088,  711,  448,  793,  270,  569,  793,  302,  508,  404,  749,  896,  371,  189,  839,  922,  738,  715,  401,  899,  862,  416,  899,  864, 1089,  483,  710,  638,  290, 1057,   92,   55,  662,  367,  533,  601,  108,  166,  114,  153,  664,  579,  917,  899,  803, 1038,  477,  836, 1010,  522,  798,   98,  590,  854,  798, 1031,  569,  914,  576,  668,  430,  991,  240,  385,  500,  147,  891,  428,  962,  214,  973, 1025,  448,  379,  508,  307,  719,  654,  134,  315,   91,  555,  572,  391,  668,   30,   86,  888,  657,  594,  304,  885,  845,  513,  164,  647,  407,  647,  803,  936,  793,  129,  139,  411,  649,  142,  604,  770,  448, 1058,  267],
        [  438,    0,  545,  401, 1082,  521,  372,  210,    0,  803,  122,  318,  513,  595,   87,  366,  550,  445,  604, 1027,  522,  343,  620,  248,  401,  913,  450,  334,  319,  588,  904,  255,  267,  734,  864,  572,  515,  199,  891,  707,  207,  846,  743, 1001,  395,  669,  459,   88, 1005,  289,  163,  787,  185,  597,  688,  153,  327,  281,  215,  779,  686,  916,  774,  905,  987,  270,  852,  962,  328,  737,  221,  431,  735,  661,  919,  412,  826,  669,  587,  561,  908,  206,  175,  346,  174,  772,  304,  847,   46,  907,  944,  493,  502,  648,  303,  586,  615,  155,  354,  289,  552,  599,  467,  765,  216,  230,  886,  662,  494,  429,  721,  639,  315,  283,  774,  319,  547,  876,  921,  600,  209,  165,  230,  687,  217,  489,  837,  550, 1000,  143],
        [  402,    0,  515,  932,  676,  929,  840,  743,  803,    0,  867,  941,  903,  311,  802,  958,  629,  562,  785,  597,  909,  583,  875,  558,  759,  269,  479,  762,  558,  800,  249,  630,  563,  623,  485,  811,  985,  834,  302,  831,  915,  458,  690,  694,  537,  363,  825,  800,  546,  680,  775,  261,  761,  211,  162,  687,  592,  636,  613,  219,  222,  292,  723,  195,  529,  894,  188,  500,  846,  448,  649,  735,  679,  724,  750,  721,  591,  191,  495,  367,  614,  599,  888,  704,  876,  697,  629,  716,  845,  539,  627,  311,  389,  351,  503,  682,  363,  858,  452,  682,  301,  220,  352,  151,  771,  658,  275,  225,  551,  452,  886, 1122,  858,  579,  271,  563,  551,   85,  343,  981,  870,  658,  766,  133,  883,  595,   40,  307,  565,  684],
        [  529,    0,  658,  506, 1195,  633,  487,  167,  122,  867,    0,  414,  627,  625,   67,  464,  669,  561,  725, 1136,  636,  458,  738,  331,  521,  945,  460,  454,  428,  709,  991,  370,  307,  852,  972,  693,  620,  309,  984,  828,  293,  953,  863, 1117,  506,  771,  577,  205, 1112,  258,  113,  815,  306,  657,  737,  181,  325,  272,  255,  814,  724, 1007,  894,  948, 1094,  372,  936, 1068,  441,  845,  230,  552,  854,  782, 1038,  533,  941,  715,  699,  584, 1022,  290,  268,  467,   58,  892,  422,  967,   89, 1018, 1058,  560,  528,  666,  383,  706,  716,   46,  418,  258,  640,  675,  519,  810,  155,  229,  977,  748,  610,  452,  841,  736,  426,  303,  801,  429,  663,  935, 1017,  711,   99,  211,  349,  760,  104,  607,  898,  590, 1109,  255],
        [  540,    0,  510,  105, 1004,  245,  150,  526,  318,  941,  414,    0,  251,  819,  403,   51,  448,  415,  413,  967,  257,  361,  385,  436,  241, 1116,  715,  198,  384,  389,  961,  316,  524,  628,  825,  366,  214,  134,  926,  504,  122,  816,  608,  899,  413,  686,  241,  238,  962,  598,  480, 1002,  199,  763,  869,  448,  617,  579,  484,  983,  890,  958,  627, 1087,  947,   55,  927,  929,  112,  709,  516,  281,  604,  505,  780,  278,  740,  859,  553,  802,  822,  410,  147,  255,  471,  636,  313,  712,  329,  851,  859,  658,  742,  890,  478,  451,  643,  457,  550,  599,  645,  722,  669,  950,  533,  530,  931,  745,  453,  680,  496,  324,   93,  558,  992,  379,  491, 1024,  945,  315,  512,  443,  179,  810,  517,  421,  979,  763,  948,  314],
        [  531,    0,  399,  148,  806,   28,  141,  702,  513,  903,  627,  251,    0,  866,  598,  211,  296,  342,  192,  782,   10,  356,  138,  520,  160, 1121,  810,  201,  403,  165,  857,  373,  636,  439,  662,  141,   96,  318,  809,  265,  359,  661,  400,  692,  381,  580,   82,  425,  788,  753,  666, 1026,  336,  765,  873,  604,  746,  721,  612,  999,  912,  843,  410, 1076,  776,  268,  839,  764,  187,  566,  661,  171,  399,  294,  558,  189,  553,  871,  433,  865,  629,  514,  373,  235,  683,  425,  331,  495,  539,  676,  663,  674,  809,  947,  541,  269,  554,  666,  610,  755,  606,  694,  713,  951,  716,  678,  820,  683,  354,  764,  248,  220,  202,  679, 1020,  397,  367,  987,  817,   96,  721,  585,  292,  772,  728,  311,  942,  805,  769,  442],
        [  347,    0,  559,  845,  915,  889,  762,  476,  595,  311,  625,  819,  866,    0,  567,  850,  661,  548,  811,  838,  874,  511,  886,  385,  706,  321,  181,  682,  465,  816,  534,  513,  328,  739,  692,  819,  927,  691,  567,  888,  757,  663,  795,  900,  491,  496,  784,  622,  791,  398,  519,  193,  621,  164,  150,  452,  313,  363,  382,  189,  105,  570,  833,  328,  773,  766,  467,  742,  750,  604,  396,  699,  783,  787,  910,  679,  755,  121,  563,   57,  805,  416,  725,  634,  620,  812,  540,  858,  628,  750,  829,  203,   98,   85,  342,  721,  460,  605,  270,  400,  332,  266,  154,  198,  502,  398,  546,  362,  564,  174,  934, 1073,  755,  323,  180,  471,  593,  349,  610,  958,  604,  432,  643,  282,  617,  602,  325,   61,  804,  514],
        [  463,    0,  599,  487, 1134,  606,  457,  133,   87,  802,   67,  403,  598,  567,    0,  451,  616,  503,  681, 1074,  607,  400,  701,  265,  480,  887,  407,  415,  367,  667,  925,  313,  243,  796,  910,  652,  601,  284,  918,  784,  288,  889,  810, 1058,  446,  707,  542,  174, 1049,  220,   81,  758,  266,  592,  674,  117,  275,  224,  191,  754,  664,  940,  842,  887, 1031,  356,  870, 1004,  413,  783,  173,  508,  801,  733,  984,  488,  882,  653,  639,  527,  963,  224,  258,  421,  101,  838,  367,  913,   81,  956,  999,  494,  470,  611,  316,  656,  651,   79,  353,  220,  573,  609,  455,  748,  133,  176,  911,  682,  552,  394,  801,  725,  401,  244,  744,  368,  605,  871,  951,  685,  128,  145,  311,  694,  138,  552,  833,  529, 1046,  197],
        [  558,    0,  508,   64,  986,  203,  136,  574,  366,  958,  464,   51,  211,  850,  451,    0,  436,  418,  385,  953,  217,  376,  348,  469,  231, 1141,  753,  201,  404,  360,  965,  341,  563,  611,  815,  336,  165,  177,  927,  471,  172,  808,  585,  878,  424,  687,  215,  285,  950,  643,  528, 1030,  235,  786,  893,  493,  659,  622,  525, 1010,  917,  959,  602, 1110,  936,   98,  934,  919,  113,  703,  559,  269,  582,  480,  754,  271,  724,  884,  550,  835,  805,  446,  197,  260,  521,  613,  330,  687,  379,  839,  841,  682,  775,  923,  509,  432,  648,  507,  581,  644,  659,  739,  699,  974,  581,  574,  933,  756,  452,  716,  458,  274,  100,  599, 1021,  399,  486, 1041,  943,  268,  562,  485,  208,  826,  567,  417,  996,  793,  935,  352],
        [  318,    0,  115,  384,  560,  324,  301,  672,  550,  629,  669,  448,  296,  661,  616,  436,    0,  130,  158,  520,  300,  225,  246,  416,  208,  869,  663,  260,  272,  171,  562,  305,  535,  189,  380,  183,  390,  420,  513,  227,  501,  374,  195,  463,  199,  287,  235,  479,  515,  688,  658,  792,  380,  529,  630,  565,  647,  643,  536,  759,  682,  547,  228,  814,  500,  427,  546,  484,  337,  273,  597,  167,  186,  134,  369,  171,  296,  635,  139,  676,  379,  435,  494,  217,  716,  223,  250,  298,  591,  404,  416,  459,  631,  746,  405,   60,  269,  695,  454,  691,  351,  440,  522,  702,  696,  615,  524,  405,   99,  611,  274,  511,  358,  582,  789,  268,   78,  712,  522,  360,  741,  534,  346,  504,  753,   70,  668,  602,  501,  419],
        [  202,    0,  104,  380,  640,  368,  288,  548,  445,  562,  561,  415,  342,  548,  503,  418,  130,    0,  265,  588,  348,  104,  339,  287,  199,  782,  536,  219,  145,  269,  547,  192,  405,  294,  430,  272,  423,  350,  511,  351,  437,  416,  316,  557,   70,  271,  263,  384,  572,  560,  538,  693,  295,  429,  536,  442,  517,  514,  409,  663,  580,  543,  352,  735,  555,  381,  517,  533,  307,  306,  470,  173,  306,  263,  484,  160,  382,  536,  148,  558,  464,  309,  423,  161,  604,  343,  143,  414,  489,  468,  500,  347,  509,  632,  275,  187,  230,  582,  326,  563,  265,  353,  402,  612,  573,  488,  516,  346,   50,  484,  392,  561,  324,  453,  689,  142,  103,  647,  531,  425,  626,  410,  272,  431,  638,   61,  602,  487,  563,  307],
        [  465,    0,  272,  323,  615,  215,  269,  760,  604,  785,  725,  413,  192,  811,  681,  385,  158,  265,    0,  593,  191,  334,   93,  527,  205, 1027,  796,  272,  386,   27,  701,  392,  649,  251,  481,   51,  285,  434,  646,  104,  500,  482,  209,  501,  329,  435,  173,  521,  601,  792,  736,  948,  420,  684,  787,  654,  763,  751,  640,  915,  837,  681,  220,  971,  590,  412,  692,  580,  317,  398,  698,  174,  208,  104,  370,  193,  365,  791,  292,  823,  439,  536,  503,  262,  777,  234,  337,  305,  639,  489,  473,  610,  774,  896,  529,  105,  423,  757,  586,  794,  508,  597,  667,  859,  781,  716,  661,  561,  250,  746,  130,  381,  338,  696,  945,  381,  235,  868,  649,  224,  809,  628,  377,  662,  818,  210,  824,  751,  581,  495],
        [  631,    0,  485,  897,   79,  807,  819, 1088, 1027,  597, 1136,  967,  782,  838, 1074,  953,  520,  588,  593,    0,  783,  685,  671,  821,  727,  856,  943,  778,  709,  619,  359,  773,  908,  345,  166,  642,  877,  932,  298,  555, 1016,  190,  387,  144,  632,  380,  742,  971,   54, 1068, 1092,  855,  881,  676,  717,  990,  998, 1017,  935,  813,  788,  315,  388,  774,   69,  946,  411,   98,  857,  292,  994,  686,  386,  490,  285,  691,  230,  741,  441,  882,  156,  857, 1005,  730, 1173,  366,  730,  314, 1072,  120,  126,  692,  870,  907,  781,  522,  435, 1151,  786, 1071,  551,  580,  773,  743, 1116, 1010,  325,  480,  540,  896,  605,  964,  877,  949,  863,  709,  490,  642,  260,  809, 1188,  955,  854,  560, 1201,  558,  618,  799,   34,  884],
        [  539,    0,  404,  154,  805,   25,  150,  711,  522,  909,  636,  257,   10,  874,  607,  217,  300,  348,  191,  783,    0,  364,  134,  529,  169, 1129,  819,  210,  411,  165,  861,  382,  645,  440,  664,  141,   95,  327,  812,  261,  367,  663,  399,  691,  389,  584,   90,  434,  789,  762,  675, 1034,  345,  773,  880,  613,  755,  730,  621, 1006,  920,  847,  408, 1083,  777,  276,  844,  765,  195,  569,  670,  178,  399,  294,  556,  197,  554,  879,  437,  873,  629,  523,  380,  243,  692,  424,  340,  494,  547,  677,  663,  681,  818,  955,  549,  271,  559,  675,  618,  764,  613,  701,  721,  958,  725,  687,  824,  689,  360,  773,  243,  215,  211,  688, 1028,  406,  371,  993,  820,   87,  729,  594,  301,  779,  737,  316,  948,  813,  770,  451],
        [  185,    0,  202,  352,  740,  379,  262,  448,  343,  583,  458,  361,  356,  511,  400,  376,  225,  104,  334,  685,  364,    0,  391,  195,  196,  776,  468,  182,   53,  330,  609,   89,  317,  397,  525,  326,  421,  272,  581,  429,  359,  508,  417,  660,   57,  345,  274,  288,  666,  466,  435,  675,  207,  419,  527,  341,  431,  422,  313,  650,  560,  611,  451,  739,  649,  318,  570,  625,  264,  398,  373,  191,  407,  354,  587,  170,  484,  522,  245,  510,  566,  211,  339,  127,  500,  444,   52,  516,  388,  566,  602,  321,  456,  591,  197,  275,  295,  478,  260,  468,  284,  364,  358,  607,  472,  392,  582,  385,  153,  418,  463,  565,  276,  364,  668,   48,  206,  666,  606,  448,  522,  310,  195,  451,  534,  157,  621,  450,  659,  204],
        [  541,    0,  360,  285,  687,  154,  257,  793,  620,  875,  738,  385,  138,  886,  701,  348,  246,  339,   93,  671,  134,  391,    0,  578,  225, 1113,  858,  287,  443,   75,  793,  436,  700,  336,  568,   68,  219,  435,  738,  130,  487,  571,  285,  569,  397,  527,  162,  533,  683,  833,  763, 1030,  436,  766,  870,  689,  813,  796,  685,  998,  918,  773,  287, 1059,  673,  396,  784,  665,  306,  489,  739,  208,  287,  187,  429,  230,  446,  873,  383,  894,  516,  582,  496,  296,  793,  307,  384,  371,  651,  572,  549,  686,  843,  970,  587,  196,  513,  774,  650,  835,  592,  682,  739,  944,  811,  757,  753,  650,  332,  809,  111,  295,  325,  746, 1026,  438,  324,  957,  740,  139,  828,  666,  391,  749,  836,  290,  913,  826,  661,  527],
        [  199,    0,  365,  470,  884,  539,  397,  270,  248,  558,  331,  436,  520,  385,  265,  469,  416,  287,  527,  821,  529,  195,  578,    0,  364,  691,  293,  321,  145,  522,  661,  148,  123,  573,  655,  515,  565,  307,  653,  624,  375,  633,  602,  820,  219,  447,  443,  247,  792,  273,  272,  571,  237,  355,  452,  170,  237,  228,  123,  557,  462,  676,  638,  673,  773,  382,  607,  746,  376,  530,  184,  372,  592,  547,  765,  350,  645,  437,  399,  367,  721,   43,  344,  288,  358,  628,  195,  697,  291,  705,  756,  249,  307,  455,   56,  468,  391,  337,  118,  276,  309,  352,  239,  532,  297,  202,  646,  418,  330,  250,  656,  708,  377,  170,  560,  149,  382,  633,  687,  615,  369,  135,  262,  440,  382,  346,  592,  331,  791,  133],
        [  375,    0,  280,  184,  765,  183,   96,  569,  401,  759,  521,  241,  160,  706,  480,  231,  208,  199,  205,  727,  169,  196,  225,  364,    0,  968,  653,   68,  243,  188,  741,  218,  483,  390,  586,  172,  228,  232,  700,  308,  304,  578,  376,  663,  226,  461,   80,  317,  722,  611,  540,  869,  216,  610,  718,  465,  595,  574,  464,  843,  755,  733,  399,  926,  707,  223,  714,  690,  130,  473,  517,   41,  370,  278,  552,   41,  501,  715,  321,  705,  583,  362,  303,   76,  574,  405,  172,  481,  435,  611,  620,  516,  649,  787,  382,  214,  426,  555,  450,  613,  459,  545,  553,  797,  587,  535,  707,  545,  225,  606,  321,  371,  151,  528,  863,  237,  256,  843,  715,  254,  607,  443,  173,  627,  617,  188,  798,  646,  708,  302],
        [  593,    0,  756, 1126,  933, 1147, 1038,  793,  913,  269,  945, 1116, 1121,  321,  887, 1141,  869,  782, 1027,  856, 1129,  776, 1113,  691,  968,    0,  492,  957,  740, 1038,  498,  801,  648,  885,  753, 1046, 1195,  994,  559, 1082, 1065,  726,  951,  959,  742,  623, 1041,  934,  803,  711,  838,  132,  921,  358,  250,  772,  628,  680,  701,  135,  229,  542,  985,   84,  788, 1064,  446,  760, 1035,  714,  716,  951,  940,  976, 1018,  934,  859,  257,  743,  364,  882,  726, 1034,  903,  938,  960,  816,  983,  948,  806,  893,  459,  417,  291,  641,  926,  613,  924,  573,  712,  521,  431,  453,  171,  817,  717,  532,  476,  782,  494, 1136, 1338, 1042,  643,  148,  745,  792,  215,  597, 1207,  919,  751,  937,  370,  932,  825,  240,  364,  825,  822],
        [  355,    0,  579,  760, 1017,  830,  689,  302,  450,  479,  460,  715,  810,  181,  407,  753,  663,  536,  796,  943,  819,  468,  858,  293,  653,  492,    0,  613,  416,  795,  678,  439,  192,  781,  785,  793,  856,  582,  699,  886,  634,  758,  827,  983,  469,  573,  732,  494,  902,  220,  350,  361,  519,  288,  322,  299,  137,  189,  239,  366,  285,  708,  865,  507,  883,  661,  612,  852,  666,  679,  234,  656,  815,  796,  966,  634,  821,  294,  597,  130,  884,  308,  601,  577,  448,  848,  481,  905,  476,  842,  913,  252,   90,  206,  272,  721,  525,  435,  211,  222,  397,  367,  171,  378,  326,  232,  681,  467,  566,   53,  925, 1000,  666,  167,  345,  421,  607,  525,  740,  905,  428,  287,  550,  417,  441,  595,  498,  172,  910,  402],
        [  366,    0,  313,  171,  820,  218,   82,  508,  334,  762,  454,  198,  201,  682,  415,  201,  260,  219,  272,  778,  210,  182,  287,  321,   68,  957,  613,    0,  219,  255,  765,  175,  435,  447,  631,  239,  247,  166,  729,  375,  243,  621,  438,  721,  226,  489,  131,  250,  770,  554,  477,  853,  150,  599,  707,  407,  545,  521,  411,  829,  738,  761,  463,  920,  754,  169,  734,  735,   89,  513,  461,  104,  432,  343,  615,   91,  555,  701,  357,  675,  638,  313,  238,   60,  508,  467,  143,  544,  368,  661,  675,  499,  618,  760,  347,  276,  448,  489,  418,  556,  462,  544,  528,  788,  525,  479,  734,  556,  256,  568,  387,  392,  106,  479,  845,  213,  295,  845,  748,  296,  542,  386,  106,  630,  551,  225,  801,  622,  757,  244],
        [  157,    0,  233,  387,  767,  425,  300,  404,  319,  558,  428,  384,  403,  465,  367,  404,  272,  145,  386,  709,  411,   53,  443,  145,  243,  740,  416,  219,    0,  382,  605,   77,  266,  436,  546,  378,  463,  280,  583,  481,  365,  527,  461,  693,   81,  353,  322,  275,  687,  417,  396,  634,  209,  383,  491,  298,  379,  372,  265,  611,  520,  611,  496,  706,  669,  337,  562,  644,  295,  419,  326,  241,  450,  403,  627,  220,  517,  484,  272,  462,  597,  165,  342,  170,  467,  488,   77,  558,  364,  591,  632,  281,  407,  544,  145,  324,  300,  445,  209,  420,  266,  339,  311,  572,  429,  344,  582,  372,  191,  367,  515,  608,  304,  313,  626,    6,  244,  640,  611,  496,  486,  266,  208,  428,  499,  202,  596,  405,  682,  176],
        [  470,    0,  285,  297,  641,  188,  246,  749,  588,  800,  709,  389,  165,  816,  667,  360,  171,  269,   27,  619,  165,  330,   75,  522,  188, 1038,  795,  255,  382,    0,  721,  384,  644,  277,  506,   25,  258,  415,  667,  121,  478,  506,  235,  528,  330,  453,  149,  505,  626,  783,  723,  957,  404,  693,  796,  644,  758,  743,  633,  925,  845,  703,  246,  984,  615,  390,  711,  605,  295,  420,  689,  160,  235,  130,  396,  181,  391,  800,  308,  826,  465,  529,  482,  249,  762,  260,  329,  332,  623,  515,  499,  615,  776,  900,  526,  123,  439,  742,  586,  786,  518,  607,  670,  869,  769,  708,  682,  575,  258,  745,  137,  357,  315,  691,  953,  377,  249,  882,  671,  200,  794,  618,  360,  675,  804,  217,  838,  756,  607,  483],
        [  467,    0,  463,  924,  436,  884,  833,  896,  904,  249,  991,  961,  857,  534,  925,  965,  562,  547,  701,  359,  861,  609,  793,  661,  741,  498,  678,  765,  605,  721,    0,  681,  708,  482,  283,  738,  949,  880,   68,  716,  967,  262,  550,  473,  553,  280,  790,  877,  306,  851,  917,  510,  812,  390,  393,  819,  768,  802,  750,  468,  462,   45,  575,  416,  292,  923,   67,  265,  854,  307,  799,  707,  542,  616,  560,  700,  413,  421,  426,  587,  410,  703,  945,  707, 1013,  548,  660,  544,  949,  326,  413,  451,  592,  589,  609,  599,  318,  992,  582,  854,  353,  325,  521,  400,  926,  811,   44,  243,  516,  640,  773, 1072,  870,  737,  519,  608,  492,  284,  100,  919, 1016,  785,  803,  261, 1029,  555,  264,  512,  329,  767],
        [  229,    0,  291,  333,  829,  392,  253,  371,  255,  630,  370,  316,  373,  513,  313,  341,  305,  192,  392,  773,  382,   89,  436,  148,  218,  801,  439,  175,   77,  384,  681,    0,  266,  483,  612,  375,  420,  205,  658,  493,  290,  595,  499,  748,  142,  426,  296,  202,  753,  400,  353,  690,  134,  447,  553,  264,  378,  361,  250,  670,  577,  686,  532,  772,  736,  267,  638,  712,  238,  485,  306,  229,  489,  428,  671,  207,  572,  544,  333,  503,  654,  147,  266,  142,  413,  527,   57,  601,  299,  654,  690,  342,  445,  588,  173,  349,  374,  392,  245,  402,  341,  411,  360,  635,  394,  325,  657,  448,  240,  394,  520,  565,  244,  311,  681,   74,  294,  711,  685,  468,  437,  236,  138,  501,  449,  240,  667,  454,  747,  116],
        [  278,    0,  475,  573,  976,  653,  507,  189,  267,  563,  307,  524,  636,  328,  243,  563,  535,  405,  649,  908,  645,  317,  700,  123,  483,  648,  192,  435,  266,  644,  708,  266,    0,  684,  743,  637,  674,  391,  711,  746,  443,  719,  718,  920,  336,  529,  560,  304,  875,  162,  213,  520,  329,  353,  431,  127,  115,  112,   54,  514,  422,  729,  754,  644,  856,  470,  648,  827,  480,  622,   91,  493,  707,  667,  876,  471,  748,  410,  505,  295,  821,  123,  410,  407,  314,  743,  316,  809,  300,  796,  854,  261,  235,  382,  135,  589,  474,  295,  127,  165,  369,  384,  213,  505,  218,  105,  700,  469,  445,  163,  778,  816,  479,   48,  507,  270,  495,  629,  748,  731,  310,  104,  363,  463,  324,  465,  593,  286,  878,  212],
        [  427,    0,  210,  553,  376,  464,  479,  839,  734,  623,  852,  628,  439,  739,  796,  611,  189,  294,  251,  345,  440,  397,  336,  573,  390,  885,  781,  447,  436,  277,  482,  483,  684,    0,  233,  300,  534,  609,  420,  238,  689,  239,   69,  275,  356,  263,  398,  666,  350,  844,  831,  833,  568,  585,  671,  734,  791,  796,  695,  795,  733,  455,  101,  817,  339,  612,  490,  329,  520,  180,  757,  349,   60,  150,  192,  356,  115,  683,  185,  767,  195,  599,  682,  406,  896,   76,  431,  126,  776,  238,  231,  546,  732,  822,  550,  179,  283,  874,  583,  847,  408,  483,  622,  729,  865,  775,  440,  412,  246,  729,  294,  630,  541,  731,  834,  434,  193,  698,  415,  473,  919,  701,  535,  519,  931,  245,  658,  685,  331,  599],
        [  466,    0,  327,  763,  234,  688,  680,  922,  864,  485,  972,  825,  662,  692,  910,  815,  380,  430,  481,  166,  664,  525,  568,  655,  586,  753,  785,  631,  546,  506,  283,  612,  743,  233,    0,  527,  758,  779,  215,  468,  865,   29,  294,  212,  471,  216,  612,  812,  142,  904,  927,  733,  724,  528,  583,  825,  834,  853,  770,  691,  653,  247,  310,  675,  125,  800,  314,  105,  714,  128,  829,  546,  288,  382,  277,  547,  137,  604,  283,  733,  130,  691,  852,  580, 1008,  283,  571,  265,  909,   59,  143,  534,  716,  766,  616,  394,  270,  986,  622,  906,  390,  428,  615,  621,  950,  845,  240,  330,  384,  737,  524,  861,  733,  784,  738,  546,  337,  545,  197,  704, 1022,  790,  700,  422, 1036,  407,  513,  649,  137,  722],
        [  473,    0,  296,  273,  665,  165,  225,  738,  572,  811,  693,  366,  141,  819,  652,  336,  183,  272,   51,  642,  141,  326,   68,  515,  172, 1046,  793,  239,  378,   25,  738,  375,  637,  300,  527,    0,  235,  396,  686,  141,  457,  527,  259,  552,  330,  468,  127,  488,  649,  774,  710,  963,  388,  699,  803,  633,  751,  735,  624,  932,  850,  721,  270,  994,  638,  368,  727,  627,  274,  439,  680,  148,  258,  154,  420,  170,  414,  806,  322,  826,  488,  521,  462,  238,  746,  284,  322,  356,  606,  537,  523,  619,  776,  902,  522,  140,  451,  727,  583,  776,  526,  616,  671,  877,  757,  698,  699,  587,  266,  743,  149,  337,  294,  684,  959,  373,  261,  894,  691,  181,  779,  608,  344,  685,  788,  223,  850,  758,  630,  471],
        [  603,    0,  488,  115,  899,   71,  168,  715,  515,  985,  620,  214,   96,  927,  601,  165,  390,  423,  285,  877,   95,  421,  219,  565,  228, 1195,  856,  247,  463,  258,  949,  420,  674,  534,  758,  235,    0,  317,  902,  348,  334,  756,  493,  783,  454,  671,  162,  428,  883,  776,  674, 1095,  354,  837,  946,  625,  779,  749,  643, 1070,  980,  936,  501, 1153,  871,  249,  929,  859,  196,  661,  687,  250,  493,  388,  646,  264,  648,  942,  524,  921,  723,  552,  355,  294,  677,  517,  388,  586,  533,  771,  757,  741,  864, 1006,  593,  364,  642,  662,  664,  778,  686,  773,  774, 1025,  726,  703,  913,  768,  441,  813,  321,  146,  203,  715, 1088,  457,  458, 1069,  911,  107,  717,  611,  314,  853,  723,  398, 1024,  868,  864,  469],
        [  434,    0,  453,  204,  978,  324,  180,  401,  199,  834,  309,  134,  318,  691,  284,  177,  420,  350,  434,  932,  327,  272,  435,  307,  232,  994,  582,  166,  280,  415,  880,  205,  391,  609,  779,  396,  317,    0,  852,  535,   88,  766,  603,  883,  328,  614,  274,  112,  919,  467,  358,  877,   74,  646,  750,  317,  483,  446,  350,  860,  766,  882,  629,  970,  903,   81,  839,  882,  132,  656,  383,  269,  596,  508,  780,  256,  714,  738,  498,  671,  797,  279,   74,  204,  366,  632,  221,  709,  221,  813,  834,  540,  611,  759,  353,  440,  566,  349,  423,  469,  545,  616,  544,  831,  410,  397,  853,  651,  396,  547,  541,  445,  118,  424,  866,  276,  443,  915,  875,  403,  404,  309,   79,  706,  411,  375,  871,  637,  909,  181],
        [  455,    0,  421,  884,  375,  836,  793,  899,  891,  302,  984,  926,  809,  567,  918,  927,  513,  511,  646,  298,  812,  581,  738,  653,  700,  559,  699,  729,  583,  667,   68,  658,  711,  420,  215,  686,  902,  852,    0,  656,  939,  195,  488,  407,  524,  241,  744,  857,  245,  860,  916,  561,  787,  414,  433,  816,  779,  810,  750,  519,  503,   36,  511,  477,  230,  891,  114,  202,  817,  249,  801,  665,  479,  558,  492,  659,  347,  459,  380,  617,  342,  694,  920,  671, 1009,  484,  632,  477,  936,  259,  345,  461,  617,  628,  603,  546,  286,  988,  584,  863,  346,  336,  536,  449,  928,  815,   28,  242,  476,  657,  713, 1021,  834,  743,  570,  585,  447,  345,   43,  866, 1014,  781,  774,  287, 1028,  512,  321,  538,  267,  751],
        [  544,    0,  333,  407,  565,  282,  365,  862,  707,  831,  828,  504,  265,  888,  784,  471,  227,  351,  104,  555,  261,  429,  130,  624,  308, 1082,  886,  375,  481,  121,  716,  493,  746,  238,  468,  141,  348,  535,  656,    0,  598,  476,  175,  445,  418,  470,  267,  624,  571,  891,  839, 1013,  523,  751,  850,  756,  860,  849,  739,  978,  904,  691,  167, 1021,  563,  508,  717,  559,  414,  410,  798,  277,  181,  107,  301,  297,  338,  856,  340,  903,  400,  636,  603,  365,  880,  191,  437,  247,  742,  464,  430,  686,  858,  972,  622,  167,  470,  860,  676,  894,  571,  658,  748,  918,  883,  816,  674,  608,  325,  834,   58,  413,  434,  793, 1011,  476,  297,  910,  652,  262,  912,  729,  480,  713,  922,  291,  868,  828,  548,  597],
        [  518,    0,  539,  222, 1060,  358,  233,  416,  207,  915,  293,  122,  359,  757,  288,  172,  501,  437,  500, 1016,  367,  359,  487,  375,  304, 1065,  634,  243,  365,  478,  967,  290,  443,  689,  865,  457,  334,   88,  939,  598,    0,  852,  679,  963,  416,  702,  331,  141, 1005,  494,  367,  946,  156,  723,  825,  350,  524,  481,  397,  931,  837,  969,  703, 1045,  989,   92,  925,  968,  184,  742,  419,  344,  673,  581,  855,  333,  796,  811,  584,  733,  879,  342,   34,  287,  350,  708,  308,  785,  211,  898,  916,  616,  672,  821,  425,  517,  653,  338,  493,  495,  630,  698,  613,  905,  420,  431,  941,  737,  482,  604,  597,  444,  164,  470,  934,  362,  528,  995,  963,  432,  392,  351,  167,  788,  396,  459,  952,  705,  994,  244],
        [  442,    0,  313,  757,  260,  687,  672,  899,  846,  458,  953,  816,  661,  663,  889,  808,  374,  416,  482,  190,  663,  508,  571,  633,  578,  726,  758,  621,  527,  506,  262,  595,  719,  239,   29,  527,  756,  766,  195,  476,  852,    0,  303,  240,  453,  191,  607,  795,  160,  879,  905,  705,  710,  500,  555,  803,  809,  828,  747,  663,  625,  228,  322,  649,  142,  789,  289,  118,  705,  111,  805,  539,  296,  386,  300,  539,  153,  576,  268,  705,  156,  670,  838,  568,  987,  295,  555,  283,  891,   87,  171,  507,  688,  738,  593,  392,  246,  965,  597,  882,  363,  400,  588,  593,  928,  821,  219,  302,  371,  710,  532,  862,  724,  760,  710,  527,  326,  519,  181,  706, 1001,  768,  687,  394, 1014,  396,  487,  621,  159,  703],
        [  472,    0,  249,  525,  407,  423,  459,  864,  743,  690,  863,  608,  400,  795,  810,  585,  195,  316,  209,  387,  399,  417,  285,  602,  376,  951,  827,  438,  461,  235,  550,  499,  718,   69,  294,  259,  493,  603,  488,  175,  679,  303,    0,  294,  383,  329,  370,  670,  399,  875,  851,  896,  570,  644,  733,  757,  828,  828,  724,  858,  794,  523,   39,  884,  390,  598,  559,  384,  503,  249,  785,  336,   13,  106,  178,  347,  164,  745,  234,  820,  232,  625,  676,  404,  910,   30,  444,  107,  784,  290,  265,  599,  783,  879,  585,  163,  345,  889,  624,  878,  465,  543,  672,  794,  888,  804,  508,  476,  273,  774,  230,  579,  524,  765,  897,  458,  224,  766,  481,  423,  935,  725,  533,  584,  947,  261,  726,  739,  377,  614],
        [  646,    0,  460,  819,  122,  714,  750, 1089, 1001,  694, 1117,  899,  692,  900, 1058,  878,  463,  557,  501,  144,  691,  660,  569,  820,  663,  959,  983,  721,  693,  528,  473,  748,  920,  275,  212,  552,  783,  883,  407,  445,  963,  240,  294,    0,  613,  411,  664,  937,  189, 1082, 1087,  944,  841,  737,  795,  987, 1019, 1032,  940,  902,  864,  431,  283,  880,  194,  886,  515,  213,  792,  305, 1000,  622,  297,  400,  152,  630,  177,  815,  422,  939,  100,  851,  956,  680, 1159,  268,  698,  199, 1045,  156,   72,  733,  918,  976,  788,  449,  459, 1137,  806, 1085,  587,  635,  814,  832, 1116, 1018,  434,  539,  508,  933,  490,  857,  813,  964,  949,  691,  455,  749,  376,  706, 1178,  953,  808,  633, 1191,  515,  720,  855,  160,  863],
        [  150,    0,  153,  395,  689,  406,  304,  483,  395,  537,  506,  413,  381,  491,  446,  424,  199,   70,  329,  632,  389,   57,  397,  219,  226,  742,  469,  226,   81,  330,  553,  142,  336,  356,  471,  330,  454,  328,  524,  418,  416,  453,  383,  613,    0,  288,  300,  343,  612,  492,  476,  646,  264,  385,  493,  378,  448,  446,  341,  618,  531,  554,  420,  700,  594,  372,  515,  570,  312,  344,  402,  211,  373,  332,  548,  193,  437,  490,  193,  497,  517,  244,  396,  167,  547,  410,  108,  479,  440,  513,  553,  294,  447,  574,  206,  255,  239,  525,  258,  495,  237,  321,  342,  571,  509,  421,  526,  333,  111,  418,  457,  597,  325,  384,  640,   79,  164,  621,  549,  470,  566,  345,  251,  405,  579,  130,  576,  430,  606,  253],
        [  252,    0,  184,  645,  450,  607,  555,  710,  669,  363,  771,  686,  580,  496,  707,  687,  287,  271,  435,  380,  584,  345,  527,  447,  461,  623,  573,  489,  353,  453,  280,  426,  529,  263,  216,  468,  671,  614,  241,  470,  702,  191,  329,  411,  288,    0,  511,  627,  347,  688,  718,  572,  551,  335,  411,  616,  618,  637,  558,  533,  477,  273,  363,  556,  328,  651,  260,  300,  577,  109,  615,  428,  318,  364,  417,  421,  259,  426,  148,  532,  313,  485,  683,  431,  803,  338,  395,  369,  715,  272,  341,  322,  508,  576,  404,  331,   56,  781,  407,  691,  176,  231,  404,  467,  739,  631,  246,  149,  237,  523,  526,  797,  594,  569,  574,  355,  214,  441,  262,  646,  815,  581,  536,  257,  828,  275,  400,  447,  349,  527],
        [  450,    0,  328,  156,  773,  107,   98,  638,  459,  825,  577,  241,   82,  784,  542,  215,  235,  263,  173,  742,   90,  274,  162,  443,   80, 1041,  732,  131,  322,  149,  790,  296,  560,  398,  612,  127,  162,  274,  744,  267,  331,  607,  370,  664,  300,  511,    0,  372,  742,  684,  606,  945,  276,  684,  792,  537,  672,  649,  539,  918,  830,  779,  387,  996,  729,  242,  768,  715,  148,  507,  590,   91,  367,  266,  540,  107,  512,  790,  365,  784,  592,  439,  338,  155,  632,  398,  251,  473,  489,  630,  628,  592,  729,  865,  461,  221,  482,  614,  529,  686,  527,  615,  632,  870,  654,  608,  754,  607,  280,  685,  268,  299,  168,  605,  939,  316,  299,  909,  756,  175,  667,  516,  231,  694,  676,  237,  864,  724,  726,  374],
