{
    "name": "random-9-28880",
    "comment": "size=9 seed=28880",
    "nodes": ["+0", "-0", "+1", "-1", "+2", "-2", "+3", "-3", "+4", "-4", "+5", "-5", "+6", "-6", "+7", "-7", "+8", "-8", "+9", "-9"],
    "precedence": {
        "+0": "-0",
        "+1": "-1",
        "+2": "-2",
        "+3": "-3",
        "+4": "-4",
        "+5": "-5",
        "+6": "-6",
        "+7": "-7",
        "+8": "-8",
        "+9": "-9"
    },
    "edges": [
        [    0,    0,  662,  613,  434,  802,  568,  343,  452,  810,  253,  202,  200,  789,  777,  902,  824,  991,  785,  602],
        [    0,    0,  662,  613,  434,  802,  568,  343,  452,  810,  253,  202,  200,  789,  777,  902,  824,  991,  785,  602],
        [  662,  662,    0,  591,  274,  180,  423,  432,  510,  565,  464,  612,  652,  465,  717,  273,  347,  332,  174,  262],
        [  613,  613,  591,    0,  387,  582,  168,  312,  853, 1088,  646,  419,  438,  290,  171,  643,  928,  784,  763,  768],
        [  434,  434,  274,  387,    0,  376,  241,  159,  486,  702,  321,  345,  385,  409,  546,  474,  567,  578,  439,  385],
        [  802,  802,  180,  582,  376,    0,  425,  519,  690,  714,  629,  717,  756,  374,  671,  101,  460,  212,  258,  434],
        [  568,  568,  423,  168,  241,  425,    0,  228,  724,  931,  538,  402,  433,  225,  309,  496,  762,  633,  596,  609],
        [  343,  343,  432,  312,  159,  519,  228,    0,  547,  818,  334,  201,  240,  447,  483,  612,  714,  728,  596,  516],
        [  452,  452,  510,  853,  486,  690,  724,  547,    0,  365,  230,  573,  598,  884, 1020,  780,  465,  805,  531,  286],
        [  810,  810,  565, 1088,  702,  714,  931,  818,  365,    0,  567,  902,  932, 1025, 1240,  772,  281,  730,  467,  323],
        [  253,  253,  464,  646,  321,  629,  538,  334,  230,  567,    0,  344,  370,  728,  817,  729,  575,  794,  558,  354],
        [  202,  202,  612,  419,  345,  717,  402,  201,  573,  902,  344,    0,   41,  626,  578,  812,  852,  922,  765,  637],
        [  200,  200,  652,  438,  385,  756,  433,  240,  598,  932,  370,   41,    0,  656,  593,  851,  889,  962,  805,  673],
        [  789,  789,  465,  290,  409,  374,  225,  447,  884, 1025,  728,  626,  656,    0,  314,  402,  807,  546,  613,  708],
        [  777,  777,  717,  171,  546,  671,  309,  483, 1020, 1240,  817,  578,  593,  314,    0,  712, 1062,  856,  883,  918],
        [  902,  902,  273,  643,  474,  101,  496,  612,  780,  772,  729,  812,  851,  402,  712,    0,  504,  145,  306,  515],
        [  824,  824,  347,  928,  567,  460,  762,  714,  465,  281,  575,  852,  889,  807, 1062,  504,    0,  449,  203,  223],
        [  991,  991,  332,  784,  578,  212,  633,  728,  805,  730,  794,  922,  962,  546,  856,  145,  449,    0,  282,  523],
        [  785,  785,  174,  763,  439,  258,  596,  596,  531,  467,  558,  765,  805,  613,  883,  306,  203,  282,    0,  246],
        [  602,  602,  262,  768,  385,  434,  609,  516,  286,  323,  354,  637,  673,  708,  918,  515,  223,  523,  246,    0]
    ]
}
