{
    "name": "random-13-28541",
    "comment": "size=13 seed=28541",
    "nodes": ["+0", "-0", "+1", "-1", "+2", "-2", "+3", "-3", "+4", "-4", "+5", "-5", "+6", "-6", "+7", "-7", "+8", "-8", "+9", "-9", "+10", "-10", "+11", "-11", "+12", "-12", "+13", "-13"],
    "precedence": {
        "+0": "-0",
        "+1": "-1",
        "+2": "-2",
        "+3": "-3",
        "+4": "-4",
        "+5": "-5",
        "+6": "-6",
        "+7": "-7",
        "+8": "-8",
        "+9": "-9",
        "+10": "-10",
        "+11": "-11",
        "+12": "-12",
        "+13": "-13"
    },
    "edges": [
        [    0,    0,  828,  748,  488,  735,  346,  310,  179,  665,  440,  442,  478,  498,  402,  269,  596,  755,  721,  258,  536,  425,  876,  488,  263,  348,  539,  344],
        [    0,    0,  828,  748,  488,  735,  346,  310,  179,  665,  440,  442,  478,  498,  402,  269,  596,  755,  721,  258,  536,  425,  876,  488,  263,  348,  539,  344],
        [  828,  828,    0,  567,  680,  157,  846,  756,  660,  278,  681,  876,  628,  514,  442,  684,  590,  555,  153,  913,  447,  635,  444,  578,  718,  594,  294,  537],
        [  748,  748,  567,    0,  941,  641,  979,  482,  675,  310,  913,  493,  893,  804,  604,  800,  933,   17,  427,  966,  768,  330,  210,  856,  498,  767,  458,  690],
        [  488,  488,  680,  941,    0,  529,  233,  700,  363,  697,   49,  863,   54,  168,  339,  223,  142,  941,  665,  360,  233,  721,  967,  102,  635,  187,  513,  258],
        [  735,  735,  157,  641,  529,    0,  708,  722,  560,  331,  533,  861,  478,  364,  334,  558,  434,  631,  221,  787,  297,  626,  559,  428,  673,  462,  248,  416],
        [  346,  346,  846,  979,  233,  708,    0,  629,  310,  793,  199,  778,  261,  355,  428,  184,  374,  982,  795,  136,  421,  699, 1051,  302,  568,  255,  617,  324],
        [  310,  310,  756,  482,  700,  722,  629,    0,  340,  515,  656,  165,  670,  638,  453,  489,  765,  493,  615,  564,  644,  158,  651,  658,   66,  519,  477,  467],
        [  179,  179,  660,  675,  363,  560,  310,  340,    0,  529,  318,  501,  338,  333,  226,  150,  445,  679,  566,  297,  363,  390,  767,  336,  275,  191,  380,  168],
        [  665,  665,  278,  310,  697,  331,  793,  515,  529,    0,  679,  614,  645,  541,  370,  611,  660,  301,  126,  820,  492,  375,  270,  601,  491,  548,  185,  473],
        [  440,  440,  681,  913,   49,  533,  199,  656,  318,  679,    0,  818,   63,  170,  314,  175,  179,  913,  655,  319,  238,  682,  947,  109,  591,  150,  495,  224],
        [  442,  442,  876,  493,  863,  861,  778,  165,  501,  614,  818,    0,  834,  801,  613,  649,  929,  508,  728,  700,  806,  242,  690,  822,  230,  682,  613,  631],
        [  478,  478,  628,  893,   54,  478,  261,  670,  338,  645,   63,  834,    0,  115,  290,  209,  123,  892,  612,  378,  182,  681,  914,   50,  604,  152,  460,  215],
        [  498,  498,  514,  804,  168,  364,  355,  638,  333,  541,  170,  801,  115,    0,  209,  246,  134,  802,  500,  456,   69,  624,  811,   66,  573,  152,  358,  173],
        [  402,  402,  442,  604,  339,  334,  428,  453,  226,  370,  314,  613,  290,  209,    0,  251,  343,  602,  370,  475,  196,  419,  636,  255,  392,  178,  190,  104],
        [  269,  269,  684,  800,  223,  558,  184,  489,  150,  611,  175,  649,  209,  246,  251,    0,  329,  802,  620,  230,  299,  534,  868,  223,  425,  101,  438,  149],
        [  596,  596,  590,  933,  142,  434,  374,  765,  445,  660,  179,  929,  123,  134,  343,  329,    0,  930,  604,  498,  168,  757,  928,  110,  699,  255,  481,  299],
        [  755,  755,  555,   17,  941,  631,  982,  493,  679,  301,  913,  508,  892,  802,  602,  802,  930,    0,  416,  971,  764,  340,  193,  855,  508,  767,  453,  690],
        [  721,  721,  153,  427,  665,  221,  795,  615,  566,  126,  655,  728,  612,  500,  370,  620,  604,  416,    0,  842,  441,  487,  341,  564,  582,  541,  187,  473],
        [  258,  258,  913,  966,  360,  787,  136,  564,  297,  820,  319,  700,  378,  456,  475,  230,  498,  971,  842,    0,  517,  661, 1063,  413,  511,  326,  657,  376],
        [  536,  536,  447,  768,  233,  297,  421,  644,  363,  492,  238,  806,  182,   69,  196,  299,  168,  764,  441,  517,    0,  613,  760,  132,  581,  199,  314,  196],
        [  425,  425,  635,  330,  721,  626,  699,  158,  390,  375,  682,  242,  681,  624,  419,  534,  757,  340,  487,  661,  613,    0,  493,  658,  169,  534,  380,  467],
        [  876,  876,  444,  210,  967,  559, 1051,  651,  767,  270,  947,  690,  914,  811,  636,  868,  928,  193,  341, 1063,  760,  493,    0,  871,  652,  812,  455,  736],
        [  488,  488,  578,  856,  102,  428,  302,  658,  336,  601,  109,  822,   50,   66,  255,  223,  110,  855,  564,  413,  132,  658,  871,    0,  592,  145,  417,  194],
        [  263,  263,  718,  498,  635,  673,  568,   66,  275,  491,  591,  230,  604,  573,  392,  425,  699,  508,  582,  511,  581,  169,  652,  592,    0,  453,  432,  401],
        [  348,  348,  594,  767,  187,  462,  255,  519,  191,  548,  150,  682,  152,  152,  178,  101,  255,  767,  541,  326,  199,  534,  812,  145,  453,    0,  367,   78],
        [  539,  539,  294,  458,  513,  248,  617,  477,  380,  185,  495,  613,  460,  358,  190,  438,  481,  453,  187,  657,  314,  380,  455,  417,  432,  367,    0,  294],
        [  344,  344,  537,  690,  258,  416,  324,  467,  168,  473,  224,  631,  215,  173,  104,  149,  299,  690,  473,  376,  196,  467,  736,  194,  401,   78,  294,    0]
    ]
}
