{
    "name": "random-2-23664",
    "comment": "size=2 seed=23664",
    "nodes": ["+0", "-0", "+1", "-1", "+2", "-2"],
    "precedence": {
        "+0": "-0",
        "+1": "-1",
        "+2": "-2"
    },
    "edges": [
        [    0,    0,  376,  797,  466,  627],
        [    0,    0,  376,  797,  466,  627],
        [  376,  376,    0,  692,  216,  269],
        [  797,  797,  692,    0,  903,  610],
        [  466,  466,  216,  903,    0,  388],
        [  627,  627,  269,  610,  388,    0]
    ]
}
