{
    "name": "random-61-21555",
    "comment": "size=61 seed=21555",
    "nodes": ["+0", "-0", "+1", "-1", "+2", "-2", "+3", "-3", "+4", "-4", "+5", "-5", "+6", "-6", "+7", "-7", "+8", "-8", "+9", "-9", "+10", "-10", "+11", "-11", "+12", "-12", "+13", "-13", "+14", "-14", "+15", "-15", "+16", "-16", "+17", "-17", "+18", "-18", "+19", "-19", "+20", "-20", "+21", "-21", "+22", "-22", "+23", "-23", "+24", "-24", "+25", "-25", "+26", "-26", "+27", "-27", "+28", "-28", "+29", "-29", "+30", "-30", "+31", "-31", "+32", "-32", "+33", "-33", "+34", "-34", "+35", "-35", "+36", "-36", "+37", "-37", "+38", "-38", "+39", "-39", "+40", "-40", "+41", "-41", "+42", "-42", "+43", "-43", "+44", "-44", "+45", "-45", "+46", "-46", "+47", "-47", "+48", "-48", "+49", "-49", "+50", "-50", "+51", "-51", "+52", "-52", "+53", "-53", "+54", "-54", "+55", "-55", "+56", "-56", "+57", "-57", "+58", "-58", "+59", "-59", "+60", "-60", "+61", "-61"],
    "precedence": {
        "+0": "-0",
        "+1": "-1",
        "+2": "-2",
        "+3": "-3",
        "+4": "-4",
        "+5": "-5",
        "+6": "-6",
        "+7": "-7",
        "+8": "-8",
        "+9": "-9",
        "+10": "-10",
        "+11": "-11",
        "+12": "-12",
        "+13": "-13",
        "+14": "-14",
        "+15": "-15",
        "+16": "-16",
        "+17": "-17",
        "+18": "-18",
        "+19": "-19",
        "+20": "-20",
        "+21": "-21",
        "+22": "-22",
        "+23": "-23",
        "+24": "-24",
        "+25": "-25",
        "+26": "-26",
        "+27": "-27",
        "+28": "-28",
        "+29": "-29",
        "+30": "-30",
        "+31": "-31",
        "+32": "-32",
        "+33": "-33",
        "+34": "-34",
        "+35": "-35",
        "+36": "-36",
        "+37": "-37",
        "+38": "-38",
        "+39": "-39",
        "+40": "-40",
        "+41": "-41",
        "+42": "-42",
        "+43": "-43",
        "+44": "-44",
        "+45": "-45",
        "+46": "-46",
        "+47": "-47",
        "+48": "-48",
        "+49": "-49",
        "+50": "-50",
        "+51": "-51",
        "+52": "-52",
        "+53": "-53",
        "+54": "-54",
        "+55": "-55",
        "+56": "-56",
        "+57": "-57",
        "+58": "-58",
        "+59": "-59",
        "+60": "-60",
        "+61": "-61"
    },
    "edges": [
        [    0,    0,  299,  565,  565,  809,  699,  734,  148,  494,  817,  404,  727,  320,  784,  842, 1032,  657,  944,  781,  843,  636,  861,  610,  571,  460,  964,  870,  603,  121,  799,  403,  165,  931,  237,  660,  775,  393,  693, 1003,  482,  731, 1031,  882,  560,  409,  837,  867,  257,  885,  746,  927,  696,  586,  618,  226,  869,  662,  696,  681,  839,  661,  855,  444,  235,   79, 1140,  708,  251,  147,  754,  904,  595,   87, 1164, 1085,  477,  453,  456,  965,  195,  656,  252,  657,  782,  732,  453,   32,  855,  481,  133,  860,  904,  875,  941,  311,  966,  645,  633,  820,  469,  279,  704,  926,  874, 1139,  808, 1058,  879,  120,  757,  675,  125, 1121,  326,  569,  843,  439,  938,  688,  845,  540,  311, 1030],
        [    0,    0,    0,    0,    0,    0,    0,    0,    0,    0,    0,    0,    0,    0,    0,    0,    0,    0,    0,    0,    0,    0,    0,    0,    0,    0,    0,    0,    0,    0,    0,    0,    0,    0,    0,    0,    0,    0,    0,    0,    0,    0,    0,    0,    0,    0,    0,    0,    0,    0,    0,    0,    0,    0,    0,    0,    0,    0,    0,    0,    0,    0,    0,    0,    0,    0,    0,    0,    0,    0,    0,    0,    0,    0,    0,    0,    0,    0,    0,    0,    0,    0,    0,    0,    0,    0,    0,    0,    0,    0,    0,    0,    0,    0,    0,    0,    0,    0,    0,    0,    0,    0,    0,    0,    0,    0,    0,    0,    0,    0,    0,    0,    0,    0,    0,    0,    0,    0,    0,    0,    0,    0,    0,    0],
        [  299,    0,    0,  437,  452,  552,  473,  452,  342,  334,  548,  283,  487,   83,  643,  610,  733,  402,  787,  604,  593,  343,  576,  380,  318,  182,  667,  638,  307,  251,  650,  318,  162,  643,  330,  569,  523,  116,  424,  708,  323,  572,  756,  619,  498,  132,  577,  739,   80,  590,  507,  671,  430,  296,  423,  323,  571,  428,  496,  478,  590,  389,  629,  404,   81,  280,  859,  426,  249,  331,  457,  649,  393,  380,  874,  794,  186,  410,  231,  666,  343,  418,  131,  460,  507,  436,  155,  297,  602,  292,  187,  711,  618,  626,  765,   77,  668,  549,  528,  539,  183,  142,  415,  627,  579,  843,  582,  770,  729,  224,  497,  386,  187,  825,  230,  298,  654,  157,  705,  396,  566,  331,  186,  732],
        [  565,    0,  437,    0,   30,  852,  238,  422,  470,  758,  425,  168,  828,  516,  220,  946,  786,  735,  380,  226,  903,  433,  521,  751,  267,  541,  800,  971,  540,  445,  235,  163,  424,  837,  365,  139,  347,  355,  352,  848,  747,  170,  613,  898,  123,  517,  869,  310,  388,  610,  847,  471,  340,  569,  137,  373,  626,  238,  879,  862,  384,  692,  351,  163,  493,  606,  732,  693,  316,  461,  623,  941,  148,  597,  802,  739,  507,  156,  637,  741,  422,  774,  351,  850,  422,  504,  448,  587,  406,  709,  448,  296,  558,  934,  379,  361,  765,  118,   95,  471,  524,  324,  654,  706,  740,  834,  929,  694,  315,  580,  357,  635,  535,  803,  245,  628,  292,  355,  433,  629,  480,  166,  622,  828],
        [  565,    0,  452,   30,    0,  879,  265,  451,  464,  776,  452,  175,  853,  532,  220,  971,  815,  760,  381,  238,  929,  461,  549,  773,  295,  562,  829,  996,  566,  444,  237,  163,  429,  865,  357,  118,  374,  375,  381,  877,  766,  179,  639,  925,   94,  537,  895,  304,  399,  639,  871,  495,  369,  594,  165,  365,  655,  267,  901,  884,  409,  717,  372,  146,  504,  609,  757,  720,  315,  455,  652,  967,  177,  593,  828,  767,  529,  139,  657,  770,  414,  798,  359,  872,  450,  533,  470,  587,  431,  728,  452,  296,  586,  960,  386,  375,  794,   98,   77,  499,  546,  333,  681,  735,  769,  862,  954,  721,  315,  586,  385,  661,  541,  830,  250,  652,  305,  377,  453,  656,  508,  194,  636,  857],
        [  809,    0,  552,  852,  879,    0,  719,  525,  889,  366,  625,  763,  101,  497,  982,  116,  460,  153, 1069,  898,   52,  438,  553,  209,  594,  371,  320,  131,  313,  796,  975,  811,  710,  216,  880,  987,  674,  543,  573,  326,  373,  904,  720,   75,  958,  421,   29, 1076,  629,  462,   92,  747,  590,  288,  754,  874,  415,  679,  208,  210,  721,  168,  808,  901,  585,  754,  757,  161,  793,  878,  279,   98,  727,  895,  697,  629,  379,  903,  354,  404,  894,  162,  677,  231,  580,  417,  434,  794,  715,  349,  730, 1022,  568,   82, 1018,  599,  372,  967,  942,  564,  374,  677,  206,  389,  259,  598,  126,  645, 1034,  696,  635,  220,  685,  606,  748,  255,  911,  519,  841,  230,  588,  689,  508,  399],
        [  699,    0,  473,  238,  265,  719,    0,  215,  643,  730,  189,  317,  721,  533,  268,  826,  563,  634,  357,  180,  770,  283,  290,  673,  163,  494,  598,  847,  423,  590,  258,  346,  537,  654,  551,  324,  110,  359,  151,  645,  722,  193,  379,  749,  357,  493,  729,  359,  462,  390,  737,  244,  134,  465,  105,  555,  414,   48,  797,  783,  153,  579,  159,  388,  549,  717,  498,  560,  474,  632,  455,  796,  112,  752,  565,  503,  449,  383,  602,  526,  603,  682,  450,  778,  195,  318,  402,  712,  174,  676,  567,  304,  325,  798,  316,  414,  554,  309,  287,  242,  471,  421,  514,  494,  554,  599,  817,  456,  317,  675,  125,  503,  630,  567,  385,  542,  202,  329,  240,  490,  246,  160,  646,  613],
        [  734,    0,  452,  422,  451,  525,  215,    0,  721,  616,  114,  431,  545,  483,  481,  637,  366,  466,  547,  387,  576,  129,  128,  521,  185,  391,  385,  656,  266,  647,  468,  475,  572,  441,  650,  530,  149,  344,   71,  432,  612,  407,  305,  547,  545,  413,  532,  567,  478,  190,  558,  250,   84,  314,  290,  650,  205,  190,  637,  624,  200,  406,  284,  543,  532,  729,  407,  374,  559,  708,  250,  594,  275,  804,  434,  358,  346,  540,  496,  320,  693,  519,  489,  625,   65,  109,  323,  739,  199,  563,  604,  508,  172,  601,  494,  424,  344,  514,  490,   88,  369,  467,  325,  285,  340,  432,  634,  325,  518,  676,  111,  321,  636,  406,  473,  397,  389,  298,  326,  305,  115,  276,  587,  407],
        [  148,    0,  342,  470,  464,  889,  643,  721,    0,  608,  787,  328,  817,  393,  682,  936, 1050,  737,  844,  694,  928,  642,  847,  702,  542,  522, 1000,  965,  643,   93,  700,  310,  181,  983,  109,  546,  733,  401,  669, 1043,  595,  639, 1001,  958,  442,  471,  915,  757,  273,  890,  836,  882,  668,  636,  550,   99,  881,  613,  802,  785,  792,  730,  793,  328,  307,  224, 1115,  768,  170,   13,  788,  985,  533,  134, 1154, 1078,  527,  337,  546,  986,   54,  746,  240,  763,  759,  740,  488,  179,  811,  585,  160,  758,  891,  960,  848,  319,  993,  532,  524,  802,  525,  257,  755,  946,  914, 1144,  905, 1044,  777,  248,  722,  727,  229, 1122,  259,  638,  760,  446,  877,  736,  824,  486,  420, 1059],
        [  494,    0,  334,  758,  776,  366,  730,  616,  608,    0,  730,  614,  268,  253,  948,  363,  745,  239, 1077,  891,  384,  489,  709,  162,  569,  237,  628,  390,  357,  522,  950,  651,  450,  550,  636,  894,  740,  404,  625,  651,   13,  871,  901,  440,  830,  245,  394, 1046,  407,  666,  282,  865,  638,  310,  714,  627,  628,  683,  206,  191,  804,  282,  869,  738,  317,  426,  976,  344,  570,  600,  466,  447,  682,  577,  951,  872,  282,  744,  128,  677,  630,  207,  459,  166,  681,  541,  330,  472,  808,   55,  457, 1009,  742,  411, 1044,  409,  659,  874,  852,  693,  260,  474,  373,  646,  540,  879,  326,  868, 1025,  375,  704,  353,  381,  875,  564,  232,  929,  414,  931,  374,  722,  624,  188,  707],
        [  817,    0,  548,  425,  452,  625,  189,  114,  787,  730,    0,  475,  652,  587,  428,  739,  382,  577,  466,  329,  674,  241,  107,  634,  247,  503,  438,  755,  379,  720,  411,  513,  653,  514,  705,  509,   83,  434,  125,  483,  725,  364,  216,  638,  545,  521,  628,  504,  563,  218,  664,  136,  121,  427,  289,  708,  252,  191,  747,  735,   99,  516,  191,  567,  628,  819,  329,  479,  619,  775,  346,  686,  286,  881,  382,  316,  457,  563,  608,  354,  754,  630,  567,  736,   50,  211,  429,  824,   91,  676,  684,  441,  137,  697,  407,  509,  387,  496,  474,   67,  480,  542,  430,  327,  414,  411,  738,  272,  447,  769,   69,  429,  727,  379,  530,  510,  314,  391,  218,  412,   60,  310,  693,  440],
        [  404,    0,  283,  168,  175,  763,  317,  431,  328,  614,  475,    0,  723,  365,  386,  844,  789,  630,  544,  377,  811,  392,  551,  631,  246,  417,  773,  871,  459,  287,  399,   50,  258,  788,  234,  290,  413,  226,  368,  820,  603,  329,  685,  818,  216,  383,  783,  477,  225,  617,  742,  559,  363,  476,  222,  239,  620,  291,  756,  739,  468,  596,  465,  139,  330,  441,  802,  611,  161,  318,  574,  857,  206,  445,  853,  782,  392,  141,  501,  734,  287,  661,  185,  724,  455,  482,  333,  424,  488,  569,  283,  461,  594,  844,  537,  207,  750,  270,  251,  502,  404,  158,  579,  695,  700,  862,  823,  743,  480,  413,  407,  556,  368,  835,   80,  519,  439,  245,  549,  555,  520,  166,  464,  816],
        [  727,    0,  487,  828,  853,  101,  721,  545,  817,  268,  652,  723,    0,  425,  977,  123,  539,   94, 1077,  899,  118,  440,  594,  118,  582,  312,  405,  152,  300,  725,  972,  769,  640,  308,  817,  965,  691,  497,  582,  416,  276,  898,  772,  173,  927,  357,  129, 1073,  566,  515,   20,  781,  599,  262,  743,  810,  470,  678,  117,  114,  744,  143,  827,  860,  511,  668,  821,  174,  734,  807,  316,  181,  713,  813,  771,  699,  331,  863,  273,  479,  826,   72,  617,  133,  604,  441,  390,  710,  741,  255,  658, 1023,  615,  148, 1030,  544,  451,  945,  921,  597,  321,  621,  223,  458,  331,  678,  101,  708, 1037,  612,  652,  224,  604,  683,  698,  204,  919,  481,  869,  241,  623,  669,  421,  485],
        [  320,    0,   83,  516,  532,  497,  533,  483,  393,  253,  587,  365,  425,    0,  718,  545,  730,  345,  859,  675,  535,  363,  601,  312,  373,  142,  649,  574,  293,  301,  724,  400,  216,  611,  398,  650,  572,  177,  465,  687,  241,  646,  788,  568,  580,   91,  524,  816,  155,  600,  444,  716,  474,  270,  494,  389,  575,  487,  421,  404,  639,  343,  686,  486,   88,  280,  885,  388,  323,  383,  443,  594,  462,  406,  889,  808,  165,  492,  158,  661,  402,  354,  208,  384,  542,  449,  162,  310,  649,  213,  234,  785,  642,  568,  834,  159,  657,  630,  608,  570,  153,  222,  386,  623,  559,  847,  515,  789,  802,  220,  542,  357,  196,  833,  312,  250,  721,  206,  759,  371,  598,  401,  114,  719],
        [  784,    0,  643,  220,  220,  982,  268,  481,  682,  948,  428,  386,  977,  718,    0, 1086,  809,  887,  162,  101, 1034,  545,  535,  916,  397,  718,  860, 1109,  678,  664,   26,  382,  644,  921,  574,  156,  349,  547,  418,  906,  938,   80,  555, 1016,  256,  704,  994,   99,  602,  644,  993,  406,  402,  716,  237,  583,  673,  304, 1043, 1028,  346,  835,  268,  357,  705,  826,  665,  822,  534,  673,  722, 1061,  269,  812,  758,  713,  678,  348,  822,  781,  631,  931,  568, 1020,  450,  585,  623,  806,  367,  896,  668,   77,  561, 1062,  177,  569,  812,  160,  161,  492,  698,  540,  777,  752,  820,  820, 1075,  662,   96,  799,  379,  764,  754,  786,  465,  787,  144,  534,  324,  753,  487,  324,  828,  868],
        [  842,    0,  610,  946,  971,  116,  826,  637,  936,  363,  739,  844,  123,  545, 1086,    0,  564,  215, 1178, 1005,   74,  544,  669,  235,  694,  435,  423,   30,  410,  844, 1080,  891,  761,  313,  939, 1082,  786,  620,  682,  421,  373, 1007,  835,  140, 1047,  480,  121, 1181,  689,  577,  104,  862,  699,  377,  855,  932,  530,  785,  164,  175,  834,  255,  921,  982,  630,  779,  869,  266,  857,  926,  394,  114,  826,  927,  804,  739,  454,  985,  391,  513,  947,  192,  739,  201,  693,  530,  512,  822,  829,  363,  777, 1129,  683,   74, 1129,  667,  479, 1062, 1037,  679,  443,  743,  314,  501,  370,  701,   38,  757, 1142,  724,  747,  324,  720,  711,  821,  326, 1020,  602,  956,  336,  703,  784,  532,  498],
        [ 1032,    0,  733,  786,  815,  460,  563,  366, 1050,  745,  382,  789,  539,  730,  809,  564,    0,  514,  828,  709,  491,  409,  275,  594,  544,  596,  142,  567,  437,  966,  791,  835,  882,  254,  993,  886,  463,  650,  435,  158,  746,  745,  334,  427,  908,  640,  446,  880,  784,  176,  541,  436,  447,  468,  651,  992,  171,  550,  655,  651,  467,  463,  556,  907,  803, 1007,  323,  402,  899, 1038,  290,  467,  639, 1112,  242,  187,  565,  905,  662,   70, 1031,  562,  811,  666,  369,  312,  579, 1029,  449,  703,  912,  816,  250,  498,  764,  733,   89,  871,  848,  322,  580,  794,  374,  107,  210,  139,  584,  222,  820,  948,  439,  397,  916,  147,  820,  524,  687,  605,  544,  377,  323,  640,  803,   81],
        [  657,    0,  402,  735,  760,  153,  634,  466,  737,  239,  577,  630,   94,  345,  887,  215,  514,    0,  990,  811,  192,  355,  528,   80,  491,  223,  391,  242,  211,  645,  883,  676,  559,  312,  732,  873,  610,  405,  499,  413,  243,  807,  713,  225,  834,  271,  180,  983,  480,  462,  112,  709,  515,  171,  652,  725,  419,  590,  171,  159,  666,   62,  745,  767,  433,  604,  773,  115,  647,  727,  257,  249,  622,  743,  734,  658,  239,  771,  203,  449,  744,   54,  530,  165,  528,  368,  297,  642,  664,  209,  578,  935,  554,  225,  945,  455,  427,  852,  828,  526,  230,  532,  158,  421,  306,  652,  194,  661,  948,  545,  571,  150,  533,  651,  607,  111,  833,  388,  792,  170,  553,  576,  359,  471],
        [  944,    0,  787,  380,  381, 1069,  357,  547,  844, 1077,  466,  544, 1077,  859,  162, 1178,  828,  990,    0,  186, 1120,  637,  566, 1029,  511,  843,  902, 1198,  779,  824,  146,  542,  801,  978,  736,  310,  400,  684,  497,  946, 1068,  218,  529, 1093,  414,  835, 1077,  112,  753,  680, 1092,  395,  480,  822,  367,  745,  717,  402, 1154, 1139,  369,  934,  276,  518,  854,  984,  624,  913,  694,  835,  796, 1140,  398,  973,  729,  700,  800,  510,  950,  812,  793, 1038,  723, 1134,  501,  656,  748,  966,  383, 1024,  826,   86,  580, 1146,   66,  716,  848,  318,  321,  532,  821,  694,  865,  790,  878,  811, 1172,  647,   67,  955,  437,  856,  910,  775,  623,  898,  159,  665,  290,  843,  519,  459,  971,  895],
        [  781,    0,  604,  226,  238,  898,  180,  387,  694,  891,  329,  377,  899,  675,  101, 1005,  709,  811,  186,    0,  949,  462,  435,  846,  327,  657,  762, 1026,  600,  663,   83,  385,  630,  827,  590,  222,  250,  499,  328,  808,  883,   63,  458,  928,  303,  649,  908,  181,  575,  545,  915,  309,  311,  641,  182,  598,  576,  221,  972,  957,  246,  757,  171,  384,  673,  814,  571,  739,  535,  685,  632,  974,  213,  819,  661,  614,  615,  376,  764,  682,  647,  858,  549,  951,  352,  494,  563,  800,  267,  838,  657,  125,  460,  977,  163,  535,  713,  218,  207,  393,  636,  520,  693,  654,  726,  721,  996,  562,  138,  782,  282,  682,  736,  686,  456,  716,   68,  479,  236,  670,  387,  274,  787,  768],
        [  843,    0,  593,  903,  929,   52,  770,  576,  928,  384,  674,  811,  118,  535, 1034,   74,  491,  192, 1120,  949,    0,  489,  600,  236,  645,  413,  350,   83,  364,  835, 1026,  859,  750,  240,  923, 1037,  724,  590,  624,  349,  392,  955,  763,   71, 1008,  462,   48, 1127,  671,  506,  102,  794,  641,  337,  806,  916,  459,  731,  205,  211,  770,  215,  858,  949,  622,  785,  796,  212,  837,  917,  329,   64,  778,  929,  731,  665,  425,  952,  387,  439,  935,  188,  720,  235,  630,  467,  481,  826,  764,  373,  768, 1074,  613,   34, 1069,  644,  406, 1018,  993,  613,  418,  721,  257,  427,  297,  628,   96,  684, 1086,  728,  686,  271,  719,  638,  794,  298,  961,  567,  890,  281,  636,  739,  538,  425],
        [  636,    0,  343,  433,  461,  438,  283,  129,  642,  489,  241,  392,  440,  363,  545,  544,  409,  355,  637,  462,  489,    0,  239,  402,  167,  264,  382,  565,  146,  560,  537,  440,  479,  405,  585,  560,  258,  245,  145,  429,  484,  466,  428,  473,  550,  287,  450,  639,  381,  251,  455,  377,  161,  192,  321,  584,  240,  242,  522,  509,  319,  298,  393,  521,  420,  622,  522,  278,  491,  630,  191,  518,  295,  711,  532,  452,  219,  521,  368,  348,  622,  405,  403,  507,  193,   99,  201,  637,  321,  435,  510,  586,  280,  518,  591,  328,  361,  541,  516,  211,  241,  386,  233,  309,  312,  506,  535,  428,  599,  566,  220,  221,  529,  486,  413,  274,  479,  199,  446,  209,  239,  269,  463,  427],
        [  861,    0,  576,  521,  549,  553,  290,  128,  847,  709,  107,  551,  594,  601,  535,  669,  275,  528,  566,  435,  600,  239,    0,  594,  309,  497,  337,  682,  352,  774,  518,  593,  699,  420,  774,  613,  188,  470,  183,  380,  705,  470,  193,  558,  643,  525,  553,  609,  605,  114,  604,  196,  190,  399,  385,  776,  154,  284,  697,  687,  198,  467,  291,  655,  655,  854,  284,  421,  684,  835,  279,  605,  377,  932,  307,  232,  453,  652,  594,  248,  819,  582,  617,  692,  100,  168,  439,  865,  183,  656,  731,  546,   44,  621,  505,  550,  282,  599,  576,   51,  475,  594,  373,  224,  323,  315,  673,  198,  551,  800,  166,  379,  761,  286,  597,  480,  418,  424,  299,  359,   49,  391,  700,  334],
        [  610,    0,  380,  751,  773,  209,  673,  521,  702,  162,  634,  631,  118,  312,  916,  235,  594,   80, 1029,  846,  236,  402,  594,    0,  521,  215,  471,  264,  257,  610,  914,  675,  527,  390,  708,  889,  660,  406,  546,  492,  167,  837,  782,  284,  841,  253,  238, 1014,  459,  534,  136,  768,  561,  211,  679,  700,  493,  627,  129,  112,  719,  134,  794,  766,  396,  551,  846,  193,  628,  692,  329,  298,  648,  695,  810,  734,  245,  770,  157,  527,  713,   48,  510,  106,  585,  430,  304,  592,  719,  140,  543,  969,  622,  266,  987,  441,  506,  868,  844,  587,  229,  517,  231,  499,  386,  731,  204,  735,  984,  494,  622,  218,  487,  729,  599,  131,  874,  397,  846,  239,  615,  598,  303,  551],
        [  571,    0,  318,  267,  295,  594,  163,  185,  542,  569,  247,  246,  582,  373,  397,  694,  544,  491,  511,  327,  645,  167,  309,  521,    0,  333,  540,  717,  284,  474,  394,  291,  407,  571,  466,  395,  207,  202,  127,  588,  560,  317,  462,  635,  384,  330,  608,  494,  321,  371,  599,  359,  126,  320,  162,  468,  376,  116,  648,  632,  274,  441,  314,  364,  396,  578,  574,  433,  377,  530,  357,  679,  133,  635,  614,  540,  289,  363,  441,  491,  512,  535,  321,  626,  217,  244,  240,  581,  288,  515,  439,  449,  352,  675,  476,  268,  510,  376,  351,  261,  311,  295,  391,  454,  476,  617,  681,  504,  463,  531,  186,  375,  487,  591,  289,  392,  361,  168,  388,  367,  282,  103,  485,  576],
        [  460,    0,  182,  541,  562,  371,  494,  391,  522,  237,  503,  417,  312,  142,  718,  435,  596,  223,  843,  657,  413,  264,  497,  215,  333,    0,  510,  463,  160,  430,  719,  461,  342,  471,  510,  679,  506,  192,  392,  547,  230,  641,  688,  437,  628,   53,  396,  817,  259,  478,  331,  638,  404,  130,  482,  504,  449,  447,  340,  323,  571,  208,  633,  552,  227,  421,  776,  249,  424,  511,  307,  468,  450,  546,  769,  688,   47,  556,  110,  526,  524,  246,  307,  310,  455,  334,   96,  451,  577,  183,  365,  777,  535,  446,  808,  232,  520,  659,  635,  473,   24,  309,  245,  489,  419,  718,  410,  675,  792,  361,  471,  216,  337,  706,  387,  117,  693,  187,  697,  230,  502,  395,  211,  581],
        [  964,    0,  667,  800,  829,  320,  598,  385, 1000,  628,  438,  773,  405,  649,  860,  423,  142,  391,  902,  762,  350,  382,  337,  471,  540,  510,    0,  425,  361,  912,  845,  821,  825,  113,  957,  914,  513,  602,  453,   49,  630,  789,  450,  285,  921,  559,  305,  940,  728,  223,  404,  524,  468,  380,  672,  954,  187,  574,  521,  518,  534,  347,  627,  901,  730,  929,  458,  286,  862,  988,  212,  326,  654, 1047,  384,  324,  487,  900,  559,  103,  988,  434,  762,  534,  410,  297,  514,  957,  520,  590,  852,  878,  329,  356,  842,  681,   64,  897,  873,  372,  497,  750,  269,  114,   92,  279,  443,  351,  885,  869,  481,  296,  843,  289,  790,  421,  751,  560,  631,  280,  384,  642,  709,   81],
        [  870,    0,  638,  971,  996,  131,  847,  656,  965,  390,  755,  871,  152,  574, 1109,   30,  567,  242, 1198, 1026,   83,  565,  682,  264,  717,  463,  425,    0,  434,  873, 1102,  918,  790,  313,  968, 1107,  804,  647,  702,  420,  401, 1030,  845,  140, 1073,  509,  130, 1203,  717,  588,  132,  877,  719,  403,  878,  961,  541,  807,  190,  201,  851,  279,  939, 1009,  659,  808,  875,  287,  885,  955,  410,  105,  850,  955,  808,  744,  481, 1012,  420,  518,  976,  221,  768,  227,  711,  548,  539,  851,  845,  391,  806, 1151,  696,   70, 1148,  695,  483, 1087, 1062,  695,  471,  772,  334,  508,  378,  702,   65,  764, 1163,  753,  766,  345,  749,  713,  849,  353, 1040,  628,  972,  357,  718,  809,  561,  498],
        [  603,    0,  307,  540,  566,  313,  423,  266,  643,  357,  379,  459,  300,  293,  678,  410,  437,  211,  779,  600,  364,  146,  352,  257,  284,  160,  361,  434,    0,  553,  673,  507,  466,  343,  609,  674,  403,  253,  290,  402,  353,  599,  545,  362,  647,  204,  330,  774,  370,  320,  316,  515,  306,   48,  445,  605,  289,  380,  377,  363,  462,  158,  538,  596,  371,  572,  624,  155,  516,  631,  151,  403,  417,  686,  611,  531,  129,  598,  245,  368,  635,  260,  408,  362,  330,  185,  155,  597,  463,  305,  493,  725,  386,  395,  735,  327,  365,  654,  629,  337,  143,  400,  122,  330,  273,  558,  398,  520,  738,  512,  365,   98,  484,  547,  456,  131,  622,  219,  590,   98,  366,  376,  370,  427],
        [  121,    0,  251,  445,  444,  796,  590,  647,   93,  522,  720,  287,  725,  301,  664,  844,  966,  645,  824,  663,  835,  560,  774,  610,  474,  430,  912,  873,  553,    0,  679,  283,   89,  892,  131,  541,  673,  317,  599,  954,  509,  613,  936,  866,  441,  378,  823,  747,  184,  810,  744,  824,  600,  545,  505,  119,  799,  556,  713,  696,  735,  637,  745,  326,  215,  177, 1048,  676,  131,   83,  700,  893,  484,  163, 1080, 1003,  435,  334,  455,  902,  109,  654,  158,  674,  689,  659,  399,  145,  752,  496,   68,  740,  818,  868,  822,  234,  907,  525,  513,  730,  433,  180,  664,  862,  825, 1065,  814,  972,  759,  179,  658,  636,  150, 1044,  210,  545,  726,  363,  828,  645,  754,  431,  334,  972],
        [  799,    0,  650,  235,  237,  975,  258,  468,  700,  950,  411,  399,  972,  724,   26, 1080,  791,  883,  146,   83, 1026,  537,  518,  914,  394,  719,  845, 1102,  673,  679,    0,  397,  656,  909,  593,  180,  333,  551,  408,  891,  941,   79,  532, 1007,  278,  706,  986,  102,  612,  628,  988,  384,  391,  712,  237,  601,  658,  296, 1041, 1026,  327,  830,  246,  377,  714,  839,  642,  815,  549,  691,  712, 1053,  269,  829,  735,  692,  678,  368,  824,  764,  649,  928,  580, 1018,  435,  574,  624,  821,  347,  898,  681,   62,  542, 1055,  154,  577,  796,  183,  182,  475,  699,  551,  770,  736,  808,  800, 1070,  640,   81,  812,  365,  757,  766,  765,  478,  785,  120,  536,  300,  746,  470,  327,  835,  851],
        [  403,    0,  318,  163,  163,  811,  346,  475,  310,  651,  513,   50,  769,  400,  382,  891,  835,  676,  542,  385,  859,  440,  593,  675,  291,  461,  821,  918,  507,  283,  397,    0,  269,  837,  209,  268,  447,  272,  411,  868,  640,  332,  721,  866,  183,  425,  831,  467,  253,  662,  788,  590,  404,  524,  247,  215,  666,  326,  799,  782,  499,  644,  488,   92,  357,  447,  838,  659,  153,  301,  623,  905,  235,  435,  893,  823,  438,   95,  541,  780,  264,  706,  207,  766,  496,  530,  379,  425,  520,  607,  290,  458,  635,  891,  541,  243,  797,  250,  235,  544,  449,  184,  628,  742,  749,  906,  868,  783,  477,  426,  445,  604,  382,  878,   94,  566,  450,  293,  572,  604,  560,  204,  494,  863],
        [  165,    0,  162,  424,  429,  710,  537,  572,  181,  450,  653,  258,  640,  216,  644,  761,  882,  559,  801,  630,  750,  479,  699,  527,  407,  342,  825,  790,  466,   89,  656,  269,    0,  804,  187,  536,  611,  234,  529,  867,  437,  585,  867,  778,  445,  291,  736,  733,   99,  729,  659,  763,  532,  457,  461,  177,  716,  499,  634,  617,  675,  550,  694,  333,  134,  185,  977,  588,  135,  170,  613,  807,  436,  233, 1004,  926,  347,  341,  373,  817,  186,  570,   88,  596,  618,  577,  311,  176,  691,  419,   32,  718,  743,  783,  792,  151,  821,  518,  503,  657,  344,  116,  576,  777,  738,  984,  731,  896,  737,  158,  593,  548,  114,  964,  180,  458,  689,  281,  776,  557,  682,  379,  266,  886],
        [  931,    0,  643,  837,  865,  216,  654,  441,  983,  550,  514,  788,  308,  611,  921,  313,  254,  312,  978,  827,  240,  405,  420,  390,  571,  471,  113,  313,  343,  892,  909,  837,  804,    0,  951,  959,  581,  595,  505,  111,  555,  847,  554,  174,  954,  522,  197, 1007,  711,  310,  304,  614,  521,  347,  717,  947,  267,  625,  422,  421,  612,  281,  705,  921,  696,  888,  569,  226,  858,  971,  216,  214,  695, 1016,  496,  435,  458,  922,  500,  211,  976,  348,  750,  440,  479,  339,  496,  920,  600,  520,  829,  947,  420,  244,  921,  669,  173,  941,  916,  448,  463,  742,  228,  210,  102,  389,  335,  460,  956,  828,  546,  257,  807,  401,  794,  367,  824,  557,  719,  247,  464,  673,  655,  186],
        [  237,    0,  330,  365,  357,  880,  551,  650,  109,  636,  705,  234,  817,  398,  574,  939,  993,  732,  736,  590,  923,  585,  774,  708,  466,  510,  957,  968,  609,  131,  593,  209,  187,  951,    0,  438,  646,  357,  592, 1002,  623,  534,  918,  946,  334,  461,  905,  649,  252,  827,  837,  793,  589,  611,  454,   12,  823,  525,  818,  801,  702,  716,  696,  220,  320,  304, 1034,  747,   95,  102,  747,  977,  439,  242, 1080, 1006,  505,  229,  555,  933,   57,  748,  205,  780,  681,  682,  458,  266,  721,  605,  183,  651,  818,  956,  742,  285,  943,  424,  416,  727,  508,  210,  727,  893,  875, 1079,  911,  969,  670,  310,  638,  700,  278, 1055,  178,  626,  656,  398,  780,  706,  747,  398,  452, 1010],
        [  660,    0,  569,  139,  118,  987,  324,  530,  546,  894,  509,  290,  965,  650,  156, 1082,  886,  873,  310,  222, 1037,  560,  613,  889,  395,  679,  914, 1107,  674,  541,  180,  268,  536,  959,  438,    0,  427,  492,  461,  962,  883,  163,  671, 1030,  106,  654, 1002,  213,  514,  712,  983,  522,  447,  705,  243,  448,  734,  340, 1017, 1000,  446,  828,  387,  219,  619,  711,  787,  827,  413,  539,  749, 1073,  266,  679,  870,  816,  645,  210,  775,  847,  493,  912,  472,  988,  518,  623,  586,  685,  469,  846,  556,  227,  646, 1068,  332,  493,  874,   21,   45,  565,  662,  446,  786,  814,  861,  917, 1066,  766,  244,  693,  448,  768,  649,  884,  360,  766,  285,  493,  457,  761,  568,  299,  752,  935],
        [  775,    0,  523,  347,  374,  674,  110,  149,  733,  740,   83,  413,  691,  572,  349,  786,  463,  610,  400,  250,  724,  258,  188,  660,  207,  506,  513,  804,  403,  673,  333,  447,  611,  581,  646,  427,    0,  407,  115,  559,  733,  283,  274,  695,  466,  516,  680,  428,  527,  296,  704,  153,  102,  449,  212,  649,  326,  122,  779,  765,   68,  551,  137,  495,  602,  785,  392,  521,  564,  721,  398,  742,  214,  835,  456,  394,  460,  490,  614,  432,  697,  661,  524,  764,  103,  258,  423,  786,   81,  685,  642,  367,  219,  750,  346,  475,  464,  414,  393,  143,  483,  497,  473,  404,  480,  492,  782,  347,  375,  738,   39,  467,  694,  459,  474,  531,  243,  369,  192,  452,  142,  248,  682,  519],
        [  393,    0,  116,  355,  375,  543,  359,  344,  401,  404,  434,  226,  497,  177,  547,  620,  650,  405,  684,  499,  590,  245,  470,  406,  202,  192,  602,  647,  253,  317,  551,  272,  234,  595,  357,  492,  407,    0,  310,  646,  394,  472,  645,  602,  437,  163,  565,  645,  137,  495,  517,  556,  316,  260,  318,  354,  483,  314,  531,  514,  474,  375,  514,  363,  196,  386,  750,  397,  264,  389,  391,  638,  287,  467,  772,  693,  167,  366,  283,  586,  387,  435,  161,  500,  395,  343,  109,  396,  487,  354,  265,  611,  513,  623,  658,   84,  593,  472,  449,  430,  178,  149,  373,  546,  519,  750,  597,  666,  628,  335,  382,  347,  294,  730,  206,  295,  545,   47,  589,  351,  456,  226,  290,  658],
        [  693,    0,  424,  352,  381,  573,  151,   71,  669,  625,  125,  368,  582,  465,  418,  682,  435,  499,  497,  328,  624,  145,  183,  546,  127,  392,  453,  702,  290,  599,  408,  411,  529,  505,  592,  461,  115,  310,    0,  501,  619,  343,  338,  600,  475,  405,  582,  508,  439,  259,  597,  251,   18,  336,  220,  594,  275,  122,  667,  653,  180,  441,  249,  475,  504,  695,  449,  416,  504,  657,  304,  647,  205,  760,  488,  415,  346,  473,  500,  390,  638,  549,  444,  651,   90,  167,  312,  700,  187,  570,  561,  452,  226,  651,  448,  385,  414,  444,  420,  135,  369,  420,  368,  355,  405,  496,  676,  377,  463,  644,   80,  360,  602,  468,  416,  417,  339,  267,  306,  346,  155,  209,  574,  477],
        [ 1003,    0,  708,  848,  877,  326,  645,  432, 1043,  651,  483,  820,  416,  687,  906,  421,  158,  413,  946,  808,  349,  429,  380,  492,  588,  547,   49,  420,  402,  954,  891,  868,  867,  111, 1002,  962,  559,  646,  501,    0,  655,  836,  482,  281,  969,  597,  307,  986,  771,  267,  414,  564,  516,  418,  720,  999,  233,  622,  531,  530,  578,  374,  670,  949,  769,  967,  480,  315,  907, 1031,  255,  317,  702, 1087,  397,  344,  526,  948,  590,  138, 1032,  453,  806,  548,  457,  345,  556,  996,  563,  617,  894,  923,  369,  351,  885,  725,  100,  945,  921,  417,  536,  794,  304,  157,  130,  284,  444,  377,  930,  907,  527,  332,  882,  300,  836,  453,  796,  605,  672,  317,  428,  690,  742,   81],
        [  482,    0,  323,  747,  766,  373,  722,  612,  595,   13,  725,  603,  276,  241,  938,  373,  746,  243, 1068,  883,  392,  484,  705,  167,  560,  230,  630,  401,  353,  509,  941,  640,  437,  555,  623,  883,  733,  394,  619,  655,    0,  862,  898,  448,  819,  235,  402, 1037,  394,  664,  290,  860,  632,  307,  705,  614,  627,  675,  217,  202,  798,  285,  862,  726,  305,  414,  974,  346,  558,  587,  466,  456,  673,  565,  951,  872,  275,  732,  120,  678,  617,  213,  447,  177,  676,  538,  321,  460,  803,   50,  444, 1000,  739,  420, 1035,  397,  661,  863,  841,  689,  252,  462,  374,  647,  543,  880,  337,  867, 1016,  363,  698,  353,  368,  876,  552,  230,  921,  405,  925,  374,  718,  615,  176,  710],
        [  731,    0,  572,  170,  179,  904,  193,  407,  639,  871,  364,  329,  898,  646,   80, 1007,  745,  807,  218,   63,  955,  466,  470,  837,  317,  641,  789, 1030,  599,  613,   79,  332,  585,  847,  534,  163,  283,  472,  343,  836,  862,    0,  511,  938,  241,  628,  916,  177,  536,  577,  914,  362,  326,  637,  159,  542,  603,  226,  965,  949,  290,  756,  225,  324,  637,  769,  626,  743,  483,  630,  645,  983,  191,  766,  712,  661,  600,  316,  745,  713,  591,  852,  506,  941,  381,  510,  545,  752,  312,  819,  611,  140,  499,  984,  210,  500,  743,  157,  145,  425,  620,  477,  698,  683,  746,  765,  996,  610,  157,  739,  310,  685,  693,  731,  408,  708,  130,  458,  296,  675,  423,  248,  757,  800],
        [ 1031,    0,  756,  613,  639,  720,  379,  305, 1001,  901,  216,  685,  772,  788,  555,  835,  334,  713,  529,  458,  763,  428,  193,  782,  462,  688,  450,  845,  545,  936,  532,  721,  867,  554,  918,  671,  274,  645,  338,  482,  898,  511,    0,  712,  727,  715,  715,  604,  776,  259,  780,  150,  336,  591,  483,  921,  305,  395,  880,  871,  230,  652,  288,  766,  836, 1031,  119,  602,  833,  989,  458,  758,  487, 1096,  204,  174,  645,  761,  787,  348,  967,  767,  781,  877,  251,  360,  627, 1038,  208,  849,  899,  539,  161,  779,  463,  722,  387,  662,  644,  219,  666,  756,  556,  344,  469,  285,  843,  122,  538,  979,  280,  565,  938,  249,  744,  671,  414,  601,  241,  545,  191,  520,  890,  413],
        [  882,    0,  619,  898,  925,   75,  749,  547,  958,  440,  638,  818,  173,  568, 1016,  140,  427,  225, 1093,  928,   71,  473,  558,  284,  635,  437,  285,  140,  362,  866, 1007,  866,  778,  174,  946, 1030,  695,  602,  600,  281,  448,  938,  712,    0, 1008,  488,   47, 1107,  695,  458,  162,  754,  617,  343,  793,  940,  411,  713,  272,  276,  736,  231,  826,  956,  655,  828,  738,  208,  857,  947,  298,   48,  767,  968,  668,  606,  442,  958,  428,  379,  961,  236,  742,  300,  597,  438,  494,  867,  728,  423,  799, 1052,  567,   71, 1040,  663,  344, 1011,  985,  575,  439,  740,  245,  371,  243,  562,  167,  627, 1062,  770,  657,  265,  757,  574,  808,  321,  935,  575,  853,  269,  597,  733,  582,  359],
        [  560,    0,  498,  123,   94,  958,  357,  545,  442,  830,  545,  216,  927,  580,  256, 1047,  908,  834,  414,  303, 1008,  550,  643,  841,  384,  628,  921, 1073,  647,  441,  278,  183,  445,  954,  334,  106,  466,  437,  475,  969,  819,  241,  727, 1008,    0,  597,  976,  319,  435,  733,  946,  581,  463,  672,  259,  344,  748,  360,  968,  951,  498,  795,  454,  116,  539,  615,  845,  801,  316,  435,  740, 1049,  270,  575,  920,  859,  599,  108,  716,  863,  389,  869,  389,  937,  544,  625,  539,  586,  520,  784,  462,  330,  680, 1040,  432,  422,  887,   96,   98,  593,  613,  366,  764,  828,  859,  955, 1028,  812,  348,  601,  479,  743,  558,  924,  276,  724,  370,  447,  531,  740,  601,  282,  676,  950],
        [  409,    0,  132,  517,  537,  421,  493,  413,  471,  245,  521,  383,  357,   91,  704,  480,  640,  271,  835,  649,  462,  287,  525,  253,  330,   53,  559,  509,  204,  378,  706,  425,  291,  522,  461,  654,  516,  163,  405,  597,  235,  628,  715,  488,  597,    0,  446,  802,  210,  515,  377,  654,  416,  179,  470,  454,  489,  446,  375,  358,  583,  260,  638,  515,  175,  371,  807,  301,  377,  460,  353,  518,  438,  494,  806,  725,   76,  519,  121,  571,  474,  290,  260,  342,  475,  367,   94,  400,  591,  193,  313,  765,  564,  495,  803,  188,  567,  634,  611,  497,   62,  264,  296,  533,  468,  760,  454,  708,  782,  311,  484,  267,  286,  746,  346,  168,  689,  170,  706,  280,  526,  380,  176,  628],
        [  837,    0,  577,  869,  895,   29,  729,  532,  915,  394,  628,  783,  129,  524,  994,  121,  446,  180, 1077,  908,   48,  450,  553,  238,  608,  396,  305,  130,  330,  823,  986,  831,  736,  197,  905, 1002,  680,  565,  582,  307,  402,  916,  715,   47,  976,  446,    0, 1087,  654,  458,  118,  748,  599,  308,  768,  899,  412,  691,  233,  235,  725,  190,  814,  921,  612,  783,  748,  176,  817,  904,  283,   74,  741,  923,  685,  619,  402,  924,  382,  393,  919,  190,  701,  257,  585,  423,  456,  821,  718,  377,  756, 1032,  566,   70, 1025,  623,  359,  983,  958,  567,  398,  701,  218,  380,  250,  583,  139,  636, 1044,  724,  642,  235,  712,  592,  770,  280,  919,  539,  844,  242,  590,  704,  537,  381],
        [  867,    0,  739,  310,  304, 1076,  359,  567,  757, 1046,  504,  477, 1073,  816,   99, 1181,  880,  983,  112,  181, 1127,  639,  609, 1014,  494,  817,  940, 1203,  774,  747,  102,  467,  733, 1007,  649,  213,  428,  645,  508,  986, 1037,  177,  604, 1107,  319,  802, 1087,    0,  696,  721, 1090,  460,  491,  813,  336,  659,  753,  397, 1141, 1126,  414,  931,  326,  430,  800,  913,  707,  917,  617,  750,  812, 1154,  367,  889,  807,  769,  777,  421,  921,  857,  705, 1029,  660, 1118,  531,  674,  721,  890,  432,  994,  755,   66,  630, 1156,  162,  665,  890,  225,  235,  569,  797,  633,  871,  830,  906,  879, 1171,  717,   68,  889,  462,  858,  844,  844,  554,  885,  195,  633,  364,  847,  561,  423,  925,  943],
        [  257,    0,   80,  388,  399,  629,  462,  478,  273,  407,  563,  225,  566,  155,  602,  689,  784,  480,  753,  575,  671,  381,  605,  459,  321,  259,  728,  717,  370,  184,  612,  253,   99,  711,  252,  514,  527,  137,  439,  771,  394,  536,  776,  695,  435,  210,  654,  696,    0,  632,  586,  679,  442,  365,  398,  246,  618,  421,  574,  556,  593,  465,  620,  335,  106,  258,  884,  499,  170,  261,  516,  726,  370,  330,  908,  829,  256,  341,  310,  719,  268,  497,   53,  538,  526,  479,  216,  262,  607,  368,  129,  674,  648,  704,  737,   55,  723,  495,  476,  564,  257,   70,  484,  679,  642,  886,  661,  801,  692,  213,  506,  456,  168,  867,  161,  375,  630,  184,  700,  464,  589,  309,  242,  789],
