{
    "name": "random-50-11060",
    "comment": "size=50 seed=11060",
    "nodes": ["+0", "-0", "+1", "-1", "+2", "-2", "+3", "-3", "+4", "-4", "+5", "-5", "+6", "-6", "+7", "-7", "+8", "-8", "+9", "-9", "+10", "-10", "+11", "-11", "+12", "-12", "+13", "-13", "+14", "-14", "+15", "-15", "+16", "-16", "+17", "-17", "+18", "-18", "+19", "-19", "+20", "-20", "+21", "-21", "+22", "-22", "+23", "-23", "+24", "-24", "+25", "-25", "+26", "-26", "+27", "-27", "+28", "-28", "+29", "-29", "+30", "-30", "+31", "-31", "+32", "-32", "+33", "-33", "+34", "-34", "+35", "-35", "+36", "-36", "+37", "-37", "+38", "-38", "+39", "-39", "+40", "-40", "+41", "-41", "+42", "-42", "+43", "-43", "+44", "-44", "+45", "-45", "+46", "-46", "+47", "-47", "+48", "-48", "+49", "-49", "+50", "-50"],
    "precedence": {
        "+0": "-0",
        "+1": "-1",
        "+2": "-2",
        "+3": "-3",
        "+4": "-4",
        "+5": "-5",
        "+6": "-6",
        "+7": "-7",
        "+8": "-8",
        "+9": "-9",
        "+10": "-10",
        "+11": "-11",
        "+12": "-12",
        "+13": "-13",
        "+14": "-14",
        "+15": "-15",
        "+16": "-16",
        "+17": "-17",
        "+18": "-18",
        "+19": "-19",
        "+20": "-20",
        "+21": "-21",
        "+22": "-22",
        "+23": "-23",
        "+24": "-24",
        "+25": "-25",
        "+26": "-26",
        "+27": "-27",
        "+28": "-28",
        "+29": "-29",
        "+30": "-30",
        "+31": "-31",
        "+32": "-32",
        "+33": "-33",
        "+34": "-34",
        "+35": "-35",
        "+36": "-36",
        "+37": "-37",
        "+38": "-38",
        "+39": "-39",
        "+40": "-40",
        "+41": "-41",
        "+42": "-42",
        "+43": "-43",
        "+44": "-44",
        "+45": "-45",
        "+46": "-46",
        "+47": "-47",
        "+48": "-48",
        "+49": "-49",
        "+50": "-50"
    },
    "edges": [
        [    0,    0,  775,  296,  303,  335,  237,  449,  568,  489,  562,  814,  900,  642,  535,  892,  843,  175,  591,  268,  170,  370,   63,   37,  807,  125,  567,  148,  214,  246,  601,  640,  712,  347,  624,  204,  273,  710,  170,  794,  723,  608,  136,  158,  679,  827,  414,  500,  422,  153,  427,  595,  115,  541,  235,  119,  738,  207,  378,  590,  308,  736,  141,  111,  116,  184,  796,  738,  407,  250,  570,  472,  865,  876,  169,  871,  716,  711,  849,  429,  546,  191,  655,  659,  840,   74,   68,  455,  771,  295,  525,  479,  473,  551,  369,  104,  660,  421,  837,  661,  132,  596],
        [    0,    0,    0,    0,    0,    0,    0,    0,    0,    0,    0,    0,    0,    0,    0,    0,    0,    0,    0,    0,    0,    0,    0,    0,    0,    0,    0,    0,    0,    0,    0,    0,    0,    0,    0,    0,    0,    0,    0,    0,    0,    0,    0,    0,    0,    0,    0,    0,    0,    0,    0,    0,    0,    0,    0,    0,    0,    0,    0,    0,    0,    0,    0,    0,    0,    0,    0,    0,    0,    0,    0,    0,    0,    0,    0,    0,    0,    0,    0,    0,    0,    0,    0,    0,    0,    0,    0,    0,    0,    0,    0,    0,    0,    0,    0,    0,    0,    0,    0,    0,    0,    0],
        [  775,    0,    0, 1044,  480,  450,  574,  895,  209,  655,  818,  338,  299,  445,  329,  162,  554,  640,  379,  556,  620,  583,  803,  778,  394,  886,  235,  673,  597,  754,  636,  153,  449,  432,  299,  579,  736,  556,  608,  219,   71,  208,  665,  627,  568,   59,  387,  306,  355,  633,  350,  319,  864,  598,  756,  729,   41,  981,  559,  519,  807,  388,  815,  665,  889,  595,   82,  406,  474,  618,  659,  537,  162,  229,  784,  241,  248,  347,  219,  629,  676,  590,  200,  385,  630,  710,  749,  419,   22,  759,  311,  504,  726,  531,  827,  843,  688,  574,  112,  118,  854,  279],
        [  296,    0, 1044,    0,  566,  595,  533,  645,  836,  589,  800, 1109, 1193,  937,  829, 1173,  991,  405,  792,  564,  426,  659,  308,  279,  998,  253,  820,  441,  510,  334,  706,  900, 1006,  613,  918,  467,  529,  848,  443, 1026,  986,  858,  432,  421,  811, 1092,  704,  788,  700,  447,  706,  815,  186,  664,  326,  316, 1005,  131,  550,  743,  533,  927,  364,  394,  189,  455, 1053,  923,  702,  542,  666,  631, 1148, 1165,  270, 1161,  942,  913, 1138,  550,  816,  459,  944,  853,  963,  343,  353,  751, 1043,  541,  763,  651,  731,  840,  589,  298,  745,  573, 1117,  927,  315,  888],
        [  303,    0,  480,  566,    0,   32,  182,  583,  271,  360,  607,  589,  651,  478,  313,  610,  599,  163,  318,  194,  141,  322,  343,  301,  529,  423,  264,  242,  193,  303,  433,  339,  541,   49,  398,  101,  377,  488,  134,  494,  423,  305,  223,  149,  466,  529,  184,  248,  144,  185,  151,  306,  386,  366,  301,  251,  441,  505,  204,  370,  449,  462,  378,  194,  413,  120,  494,  468,  265,  254,  422,  274,  588,  612,  312,  611,  418,  430,  587,  299,  518,  113,  394,  388,  620,  234,  293,  277,  478,  408,  227,  260,  497,  442,  497,  387,  503,  254,  553,  363,  405,  358],
        [  335,    0,  450,  595,   32,    0,  204,  605,  242,  358,  621,  571,  629,  471,  299,  583,  577,  191,  292,  212,  171,  334,  374,  332,  502,  455,  233,  270,  217,  324,  423,  308,  531,   27,  381,  132,  400,  469,  165,  463,  393,  274,  252,  180,  449,  499,  174,  230,  124,  214,  130,  278,  416,  357,  323,  279,  411,  536,  203,  354,  473,  435,  408,  225,  444,  151,  463,  441,  268,  275,  415,  264,  561,  588,  339,  587,  388,  402,  563,  299,  526,  144,  372,  362,  600,  265,  324,  273,  449,  431,  197,  247,  510,  442,  519,  418,  493,  250,  526,  333,  435,  340],
        [  237,    0,  574,  533,  182,  204,    0,  402,  380,  520,  436,  578,  667,  410,  302,  673,  780,  218,  495,   34,  175,  167,  242,  257,  701,  324,  401,  102,   25,  377,  606,  459,  479,  196,  389,  154,  197,  669,  140,  641,  533,  443,  103,  165,  646,  630,  191,  278,  226,   88,  230,  476,  349,  539,  369,  264,  541,  437,  368,  551,  271,  636,  242,  153,  350,  142,  610,  643,  172,   73,  590,  449,  643,  647,  341,  641,  575,  601,  620,  456,  367,  148,  430,  564,  801,  202,  188,  219,  566,  228,  389,  439,  327,  331,  316,  276,  675,  420,  620,  468,  283,  364],
        [  449,    0,  895,  645,  583,  605,  402,    0,  738,  899,  184,  750,  867,  532,  568,  944, 1181,  567,  895,  395,  532,  315,  393,  485, 1096,  403,  778,  367,  392,  689,  996,  817,  586,  595,  622,  534,  209, 1070,  503, 1013,  875,  817,  393,  517, 1046,  954,  532,  597,  598,  425,  599,  871,  532,  930,  679,  557,  871,  515,  757,  951,  146, 1034,  312,  470,  486,  513,  952, 1042,  425,  331,  975,  844,  907,  880,  617,  867,  958,  996,  854,  834,  286,  522,  706,  964, 1202,  487,  389,  477,  881,  178,  782,  837,  193,  408,   88,  373, 1063,  808,  902,  812,  346,  625],
        [  568,    0,  209,  836,  271,  242,  380,  738,    0,  493,  694,  399,  423,  394,  218,  347,  523,  432,  262,  367,  411,  425,  599,  570,  391,  682,   71,  474,  402,  552,  504,   81,  429,  224,  250,  371,  558,  471,  400,  277,  156,   92,  463,  418,  469,  259,  206,  151,  155,  430,  150,  205,  656,  452,  553,  520,  171,  773,  372,  395,  631,  348,  617,  458,  681,  387,  231,  363,  318,  433,  516,  373,  329,  369,  578,  373,  233,  303,  347,  454,  564,  382,  184,  304,  579,  502,  546,  276,  208,  584,  143,  341,  590,  433,  661,  640,  567,  397,  290,   93,  653,  208],
        [  489,    0,  655,  589,  360,  358,  520,  899,  493,    0,  955,  886,  914,  822,  641,  815,  406,  334,  288,  542,  367,  677,  550,  460,  445,  601,  434,  532,  521,  268,  119,  509,  877,  383,  712,  370,  692,  262,  397,  535,  585,  450,  506,  382,  225,  681,  528,  563,  462,  475,  467,  340,  485,   82,  278,  371,  617,  609,  156,  175,  754,  379,  622,  431,  541,  388,  622,  370,  624,  589,   83,  120,  807,  857,  352,  862,  453,  383,  837,   65,  876,  380,  671,  320,  375,  426,  527,  629,  665,  723,  354,  153,  846,  799,  811,  592,  172,  108,  761,  552,  620,  667],
        [  562,    0,  818,  800,  607,  621,  436,  184,  694,  955,    0,  616,  737,  403,  493,  837, 1183,  639,  894,  416,  599,  289,  517,  598, 1076,  549,  747,  443,  436,  783, 1039,  769,  445,  605,  524,  587,  290, 1088,  565,  968,  811,  782,  469,  585, 1069,  875,  502,  544,  578,  490,  577,  859,  662,  972,  774,  653,  801,  671,  803,  974,  268, 1022,  443,  549,  626,  571,  884, 1033,  382,  368, 1025,  881,  799,  760,  723,  745,  925,  980,  737,  891,  145,  578,  619,  959, 1217,  580,  496,  418,  801,  268,  769,  867,  112,  291,  213,  509, 1108,  855,  804,  754,  488,  539],
        [  814,    0,  338, 1109,  589,  571,  578,  750,  399,  886,  616,    0,  122,  218,  283,  261,  880,  740,  655,  547,  705,  490,  816,  831,  725,  894,  466,  675,  601,  891,  902,  414,  172,  545,  194,  665,  660,  857,  678,  555,  383,  468,  680,  704,  861,  374,  415,  342,  448,  662,  442,  595,  924,  850,  889,  817,  352, 1013,  751,  792,  713,  707,  794,  718,  927,  670,  420,  724,  413,  584,  914,  769,  225,  162,  889,  144,  568,  663,  147,  842,  474,  670,  216,  684,  950,  770,  764,  360,  317,  672,  541,  738,  558,  343,  708,  844,  965,  785,  256,  371,  844,  232],
        [  900,    0,  299, 1193,  651,  629,  667,  867,  423,  914,  737,  122,    0,  337,  366,  173,  852,  809,  659,  639,  777,  597,  909,  915,  692,  989,  482,  767,  691,  952,  914,  414,  293,  604,  279,  736,  767,  850,  754,  515,  360,  472,  769,  778,  858,  318,  490,  408,  507,  748,  501,  598, 1007,  868,  951,  891,  326, 1103,  791,  800,  824,  686,  894,  799, 1015,  744,  374,  704,  510,  682,  932,  794,  148,   73,  960,   59,  546,  645,   82,  876,  595,  742,  258,  676,  928,  851,  855,  454,  281,  781,  561,  762,  677,  460,  822,  939,  972,  819,  193,  369,  942,  305],
        [  642,    0,  445,  937,  478,  471,  410,  532,  394,  822,  403,  218,  337,    0,  186,  437,  916,  605,  648,  377,  564,  288,  633,  665,  778,  705,  463,  496,  430,  765,  865,  447,   70,  444,  152,  529,  453,  859,  532,  633,  459,  483,  507,  559,  853,  498,  297,  266,  361,  497,  356,  596,  756,  804,  760,  669,  439,  829,  671,  769,  501,  741,  600,  560,  750,  528,  521,  755,  239,  397,  867,  714,  399,  357,  745,  342,  616,  695,  334,  767,  260,  530,  249,  697,  971,  611,  584,  204,  426,  462,  519,  688,  340,  125,  491,  655,  934,  714,  409,  416,  651,  189],
        [  535,    0,  329,  829,  313,  299,  302,  568,  218,  641,  493,  283,  366,  186,    0,  388,  738,  459,  465,  274,  422,  260,  544,  551,  608,  624,  283,  402,  326,  612,  681,  283,  237,  272,   90,  383,  423,  675,  395,  480,  318,  309,  404,  421,  668,  388,  133,   81,  181,  383,  176,  414,  644,  621,  609,  534,  309,  738,  494,  583,  489,  565,  533,  437,  650,  388,  392,  579,  155,  322,  684,  531,  354,  348,  607,  340,  449,  520,  320,  589,  356,  387,  142,  516,  790,  488,  490,   97,  315,  443,  334,  504,  398,  218,  503,  576,  749,  535,  340,  263,  579,   64],
        [  892,    0,  162, 1173,  610,  583,  673,  944,  347,  815,  837,  261,  173,  437,  388,    0,  699,  773,  540,  650,  748,  645,  912,  900,  537,  995,  388,  775,  698,  899,  797,  308,  416,  562,  323,  706,  810,  713,  731,  359,  232,  366,  771,  752,  727,  158,  483,  396,  474,  743,  468,  481,  990,  759,  899,  860,  199, 1099,  712,  681,  876,  540,  913,  784, 1008,  719,  220,  558,  543,  705,  820,  697,   39,  104,  921,  122,  404,  503,  115,  787,  693,  715,  248,  544,  779,  833,  858,  484,  151,  830,  466,  663,  760,  548,  886,  949,  849,  731,   58,  267,  956,  325],
        [  843,    0,  554,  991,  599,  577,  780, 1181,  523,  406, 1183,  880,  852,  916,  738,  699,    0,  670,  290,  787,  686,  896,  900,  822,  163,  966,  455,  835,  792,  662,  295,  475,  947,  587,  769,  668,  976,  145,  703,  341,  498,  433,  812,  701,  182,  542,  684,  664,  607,  775,  608,  328,  868,  328,  671,  736,  531,  998,  467,  255, 1048,  176,  957,  756,  920,  690,  481,  161,  804,  851,  338,  373,  710,  781,  739,  794,  313,  222,  772,  442, 1068,  681,  685,  226,   88,  772,  863,  779,  573, 1007,  416,  365, 1073,  949, 1095,  945,  287,  429,  662,  514,  970,  728],
        [  175,    0,  640,  405,  163,  191,  218,  567,  432,  334,  639,  740,  809,  605,  459,  773,  670,    0,  418,  248,   44,  384,  231,  159,  634,  299,  416,  201,  209,  162,  438,  495,  671,  211,  547,   77,  363,  538,   79,  631,  581,  455,  175,   55,  508,  688,  326,  402,  304,  149,  310,  427,  231,  375,  156,   90,  601,  357,  207,  418,  422,  563,  293,   98,  268,   79,  649,  564,  370,  275,  413,  301,  750,  773,  151,  771,  550,  539,  747,  270,  583,   76,  554,  486,  669,  102,  198,  402,  639,  392,  364,  305,  535,  542,  480,  276,  502,  253,  716,  522,  301,  510],
        [  591,    0,  379,  792,  318,  292,  495,  895,  262,  288,  894,  655,  659,  648,  465,  540,  290,  418,    0,  500,  424,  606,  641,  576,  217,  715,  191,  558,  508,  463,  258,  246,  689,  300,  511,  398,  691,  211,  434,  251,  309,  188,  537,  438,  208,  397,  397,  387,  319,  499,  321,   62,  640,  222,  468,  498,  343,  770,  243,  142,  765,  147,  689,  492,  683,  421,  337,  151,  516,  565,  281,  181,  537,  595,  523,  603,  167,  123,  578,  278,  781,  412,  442,   71,  328,  517,  598,  495,  391,  722,  132,  151,  784,  667,  809,  687,  314,  233,  489,  290,  709,  467],
        [  268,    0,  556,  564,  194,  212,   34,  395,  367,  542,  416,  547,  639,  377,  274,  650,  787,  248,  500,    0,  205,  139,  270,  289,  702,  351,  394,  129,   54,  408,  624,  447,  446,  200,  360,  181,  196,  680,  170,  634,  519,  435,  133,  196,  659,  613,  170,  256,  215,  121,  218,  477,  381,  557,  401,  297,  524,  466,  388,  564,  271,  639,  263,  186,  380,  171,  596,  647,  139,   68,  610,  466,  619,  620,  374,  614,  570,  602,  593,  478,  339,  176,  405,  569,  812,  235,  217,  188,  548,  226,  388,  453,  306,  298,  311,  302,  693,  440,  598,  454,  307,  337],
        [  170,    0,  620,  426,  141,  171,  175,  532,  411,  367,  599,  705,  777,  564,  422,  748,  686,   44,  424,  205,    0,  341,  218,  162,  640,  294,  402,  166,  167,  204,  467,  479,  631,  188,  511,   42,  326,  558,   36,  626,  564,  443,  140,   16,  530,  669,  291,  370,  276,  110,  282,  426,  245,  402,  198,  114,  581,  366,  230,  437,  388,  570,  272,   71,  274,   37,  634,  572,  329,  233,  444,  323,  723,  743,  185,  741,  547,  543,  717,  303,  540,   36,  523,  493,  690,   97,  177,  362,  618,  356,  357,  323,  493,  500,  445,  263,  532,  279,  691,  503,  286,  476],
        [  370,    0,  583,  659,  322,  334,  167,  315,  425,  677,  289,  490,  597,  288,  260,  645,  896,  384,  606,  139,  341,    0,  352,  398,  795,  420,  470,  224,  177,  542,  755,  504,  357,  316,  327,  319,  171,  799,  306,  701,  561,  507,  241,  331,  781,  642,  222,  283,  294,  245,  294,  574,  484,  688,  534,  424,  558,  546,  522,  686,  232,  737,  312,  311,  470,  308,  637,  747,  110,  121,  743,  595,  610,  594,  501,  584,  650,  697,  567,  614,  201,  313,  401,  672,  928,  356,  307,  165,  570,  187,  484,  580,  178,  182,  244,  370,  824,  573,  599,  498,  364,  320],
        [   63,    0,  803,  308,  343,  374,  242,  393,  599,  550,  517,  816,  909,  633,  544,  912,  900,  231,  641,  270,  218,  352,    0,   96,  858,   84,  604,  142,  218,  307,  662,  674,  703,  382,  630,  247,  231,  768,  211,  836,  755,  645,  141,  204,  737,  857,  430,  517,  448,  171,  453,  642,  146,  601,  296,  182,  767,  197,  436,  648,  255,  787,   82,  151,  120,  225,  829,  790,  404,  237,  632,  530,  883,  889,  228,  883,  759,  761,  861,  490,  513,  233,  670,  711,  899,  129,   55,  457,  797,  249,  568,  535,  434,  534,  317,   46,  721,  481,  858,  691,   71,  606],
        [   37,    0,  778,  279,  301,  332,  257,  485,  570,  460,  598,  831,  915,  665,  551,  900,  822,  159,  576,  289,  162,  398,   96,    0,  792,  145,  564,  175,  236,  212,  573,  640,  735,  347,  640,  200,  308,  687,  171,  787,  724,  605,  160,  153,  655,  829,  426,  511,  427,  170,  433,  585,   93,  515,  200,   90,  740,  204,  356,  568,  344,  721,  177,  117,  112,  183,  795,  722,  428,  278,  542,  450,  873,  887,  133,  883,  707,  698,  861,  401,  578,  189,  666,  644,  816,   68,  103,  474,  775,  331,  518,  458,  507,  578,  406,  134,  631,  397,  844,  662,  162,  610],
        [  807,    0,  394,  998,  529,  502,  701, 1096,  391,  445, 1076,  725,  692,  778,  608,  537,  163,  634,  217,  702,  640,  795,  858,  792,    0,  932,  331,  771,  717,  666,  361,  332,  804,  506,  628,  614,  897,  221,  650,  179,  342,  300,  751,  654,  251,  380,  576,  540,  502,  713,  502,  226,  853,  364,  673,  712,  374,  983,  450,  270,  971,   73,  905,  708,  898,  636,  319,   76,  695,  769,  400,  369,  549,  620,  733,  634,  163,  101,  612,  460,  952,  627,  539,  149,  245,  734,  814,  662,  414,  927,  315,  348,  969,  824, 1012,  903,  382,  427,  500,  366,  925,  590],
        [  125,    0,  886,  253,  423,  455,  324,  403,  682,  601,  549,  894,  989,  705,  624,  995,  966,  299,  715,  351,  294,  420,   84,  145,  932,    0,  686,  223,  300,  343,  716,  757,  775,  464,  710,  326,  278,  831,  291,  916,  838,  727,  224,  281,  799,  940,  512,  600,  531,  254,  536,  719,  139,  658,  332,  234,  850,  128,  500,  712,  282,  861,  113,  231,   85,  305,  912,  862,  482,  311,  684,  594,  966,  970,  258,  964,  839,  836,  943,  544,  565,  313,  753,  784,  960,  199,  138,  536,  881,  289,  648,  602,  478,  601,  339,   51,  772,  542,  941,  774,   62,  687],
        [  567,    0,  235,  820,  264,  233,  401,  778,   71,  434,  747,  466,  482,  463,  283,  388,  455,  416,  191,  394,  402,  470,  604,  564,  331,  686,    0,  489,  421,  520,  437,   84,  500,  222,  321,  365,  589,  400,  397,  240,  170,   43,  475,  412,  399,  276,  249,  211,  181,  439,  179,  134,  645,  387,  522,  505,  195,  768,  325,  326,  664,  283,  631,  457,  676,  383,  233,  296,  367,  462,  451,  314,  376,  424,  556,  429,  180,  238,  404,  400,  622,  376,  253,  234,  509,  497,  552,  332,  240,  617,   80,  281,  641,  496,  698,  647,  499,  344,  332,  122,  663,  278],
        [  148,    0,  673,  441,  242,  270,  102,  367,  474,  532,  443,  675,  767,  496,  402,  775,  835,  201,  558,  129,  166,  224,  142,  175,  771,  223,  489,    0,   78,  341,  631,  552,  566,  271,  489,  170,  162,  714,  138,  726,  629,  531,   27,  151,  687,  728,  292,  379,  320,   61,  325,  548,  262,  566,  331,  212,  638,  338,  392,  593,  223,  703,  144,  107,  255,  148,  705,  708,  264,  103,  609,  482,  745,  748,  286,  742,  656,  671,  721,  468,  407,  158,  531,  629,  847,  140,   90,  316,  666,  192,  465,  478,  344,  403,  280,  175,  697,  443,  722,  564,  182,  465],
        [  214,    0,  597,  510,  193,  217,   25,  392,  402,  521,  436,  601,  691,  430,  326,  698,  792,  209,  508,   54,  167,  177,  218,  236,  717,  300,  421,   78,    0,  366,  610,  481,  499,  212,  413,  152,  185,  678,  132,  660,  556,  463,   80,  155,  655,  653,  215,  302,  248,   70,  252,  492,  327,  544,  358,  249,  564,  413,  371,  559,  257,  651,  218,  136,  327,  136,  632,  658,  193,   69,  593,  455,  667,  671,  326,  665,  593,  617,  644,  456,  374,  143,  454,  578,  811,  184,  164,  242,  590,  216,  406,  446,  328,  347,  305,  252,  678,  423,  644,  491,  259,  388],
        [  246,    0,  754,  334,  303,  324,  377,  689,  552,  268,  783,  891,  952,  765,  612,  899,  662,  162,  463,  408,  204,  542,  307,  212,  666,  343,  520,  341,  366,    0,  386,  603,  831,  349,  699,  236,  497,  519,  239,  704,  690,  554,  316,  213,  484,  795,  480,  550,  446,  300,  452,  491,  218,  337,   12,  133,  714,  341,  220,  410,  545,  594,  387,  236,  276,  240,  749,  590,  532,  428,  350,  298,  879,  910,   87,  910,  619,  582,  886,  220,  739,  237,  695,  521,  640,  205,  301,  561,  757,  524,  452,  318,  683,  704,  606,  343,  436,  240,  841,  637,  372,  660],
        [  601,    0,  636,  706,  433,  423,  606,  996,  504,  119, 1039,  902,  914,  865,  681,  797,  295,  438,  258,  624,  467,  755,  662,  573,  361,  716,  437,  631,  610,  386,    0,  501,  915,  445,  742,  463,  788,  154,  494,  482,  566,  442,  605,  483,  118,  651,  582,  601,  508,  572,  512,  318,  602,   67,  396,  484,  600,  727,  240,  117,  854,  305,  730,  535,  658,  484,  590,  292,  689,  677,   43,  160,  794,  851,  470,  859,  407,  321,  834,  173,  949,  475,  687,  263,  257,  536,  635,  685,  649,  819,  361,  180,  929,  859,  909,  704,   71,  189,  746,  546,  732,  697],
        [  640,    0,  153,  900,  339,  308,  459,  817,   81,  509,  769,  414,  414,  447,  283,  308,  475,  495,  246,  447,  479,  504,  674,  640,  332,  757,   84,  552,  481,  603,  501,    0,  473,  294,  297,  440,  638,  444,  471,  200,   87,   60,  540,  487,  449,  194,  287,  226,  234,  506,  230,  185,  723,  457,  605,  585,  112,  843,  407,  386,  712,  299,  695,  530,  751,  458,  156,  316,  396,  514,  520,  390,  298,  351,  637,  359,  169,  254,  334,  480,  636,  451,  211,  271,  539,  572,  621,  351,  159,  665,  159,  357,  667,  500,  741,  716,  559,  424,  253,   45,  730,  259],
        [  712,    0,  449, 1006,  541,  531,  479,  586,  429,  877,  445,  172,  293,   70,  237,  416,  947,  671,  689,  446,  631,  357,  703,  735,  804,  775,  500,  566,  499,  831,  915,  473,    0,  504,  179,  596,  520,  899,  600,  650,  473,  515,  577,  627,  895,  497,  358,  316,  416,  567,  411,  634,  826,  856,  826,  737,  449,  899,  729,  814,  565,  771,  668,  629,  819,  595,  529,  787,  308,  466,  919,  767,  378,  326,  813,  309,  641,  726,  305,  824,  306,  597,  266,  733, 1007,  680,  654,  270,  428,  527,  562,  739,  394,  186,  551,  725,  982,  771,  396,  438,  720,  223],
        [  347,    0,  432,  613,   49,   27,  196,  595,  224,  383,  605,  545,  604,  444,  272,  562,  587,  211,  300,  200,  188,  316,  382,  347,  506,  464,  222,  271,  212,  349,  445,  294,  504,    0,  355,  147,  392,  484,  177,  457,  378,  264,  255,  195,  465,  483,  148,  203,   98,  218,  104,  280,  432,  379,  347,  299,  394,  550,  229,  371,  466,  441,  412,  236,  458,  164,  449,  448,  245,  265,  438,  286,  539,  564,  361,  563,  385,  405,  539,  325,  506,  158,  347,  369,  614,  279,  331,  247,  430,  423,  195,  267,  494,  418,  510,  425,  515,  275,  505,  316,  442,  314],
        [  624,    0,  299,  918,  398,  381,  389,  622,  250,  712,  524,  194,  279,  152,   90,  323,  769,  547,  511,  360,  511,  327,  630,  640,  628,  710,  321,  489,  413,  699,  742,  297,  179,  355,    0,  471,  496,  721,  485,  482,  308,  336,  492,  510,  718,  354,  221,  153,  260,  472,  253,  455,  733,  685,  696,  623,  289,  825,  570,  638,  558,  593,  616,  526,  738,  477,  373,  609,  233,  404,  749,  598,  286,  268,  696,  259,  465,  548,  241,  663,  380,  476,  100,  554,  828,  578,  577,  175,  281,  513,  385,  569,  440,  234,  565,  661,  808,  608,  282,  265,  663,   46],
        [  204,    0,  579,  467,  101,  132,  154,  534,  371,  370,  587,  665,  736,  529,  383,  706,  668,   77,  398,  181,   42,  319,  247,  200,  614,  326,  365,  170,  152,  236,  463,  440,  596,  147,  471,    0,  325,  544,   37,  591,  524,  405,  146,   48,  518,  630,  251,  329,  234,  110,  240,  396,  285,  397,  231,  156,  541,  404,  224,  424,  392,  544,  292,   96,  312,   23,  595,  548,  296,  220,  444,  313,  682,  702,  225,  700,  514,  516,  676,  305,  520,   14,  482,  468,  677,  133,  201,  326,  577,  356,  323,  309,  479,  470,  446,  292,  531,  275,  650,  463,  312,  435],
        [  273,    0,  736,  529,  377,  400,  197,  209,  558,  692,  290,  660,  767,  453,  423,  810,  976,  363,  691,  196,  326,  171,  231,  308,  897,  278,  589,  162,  185,  497,  788,  638,  520,  392,  496,  325,    0,  862,  296,  828,  705,  630,  188,  311,  838,  794,  354,  431,  409,  217,  411,  671,  376,  722,  487,  366,  707,  406,  549,  742,   75,  833,  166,  268,  346,  305,  782,  840,  268,  129,  768,  636,  776,  764,  434,  754,  766,  797,  736,  628,  287,  314,  564,  761,  994,  293,  206,  327,  725,   32,  583,  629,  204,  337,  121,  232,  855,  600,  762,  640,  217,  486],
        [  710,    0,  556,  848,  488,  469,  669, 1070,  471,  262, 1088,  857,  850,  859,  675,  713,  145,  538,  211,  680,  558,  799,  768,  687,  221,  831,  400,  714,  678,  519,  154,  444,  899,  484,  721,  544,  862,    0,  579,  370,  491,  391,  690,  574,   38,  559,  600,  597,  522,  654,  525,  267,  729,  184,  528,  599,  525,  857,  332,  121,  932,  180,  829,  628,  781,  567,  496,  163,  717,  741,  197,  238,  717,  782,  598,  793,  310,  212,  769,  299,  982,  557,  649,  175,  133,  640,  734,  700,  572,  893,  341,  236,  977,  874,  982,  812,  163,  290,  668,  488,  838,  677],
        [  170,    0,  608,  443,  134,  165,  140,  503,  400,  397,  565,  678,  754,  532,  395,  731,  703,   79,  434,  170,   36,  306,  211,  171,  650,  291,  397,  138,  132,  239,  494,  471,  600,  177,  485,   37,  296,  579,    0,  626,  554,  438,  112,   27,  552,  659,  265,  347,  258,   79,  264,  432,  259,  428,  232,  140,  570,  374,  255,  458,  360,  581,  256,   61,  282,   15,  626,  584,  296,  199,  472,  346,  705,  722,  214,  719,  549,  552,  696,  332,  505,   23,  501,  504,  711,  103,  164,  331,  605,  327,  358,  343,  459,  466,  416,  256,  560,  306,  675,  492,  276,  451],
        [  794,    0,  219, 1026,  494,  463,  641, 1013,  277,  535,  968,  555,  515,  633,  480,  359,  341,  631,  251,  634,  626,  701,  836,  787,  179,  916,  240,  726,  660,  704,  482,  200,  650,  457,  482,  591,  828,  370,  626,    0,  178,  199,  711,  637,  390,  202,  481,  425,  420,  674,  417,  213,  861,  462,  709,  718,  205,  988,  486,  370,  902,  190,  868,  686,  898,  612,  142,  208,  594,  701,  514,  431,  371,  443,  756,  457,   86,  162,  436,  529,  834,  604,  386,  220,  421,  722,  786,  551,  240,  856,  269,  401,  866,  697,  935,  880,  521,  482,  323,  219,  897,  449],
        [  723,    0,   71,  986,  423,  393,  533,  875,  156,  585,  811,  383,  360,  459,  318,  232,  498,  581,  309,  519,  564,  561,  755,  724,  342,  838,  170,  629,  556,  690,  566,   87,  473,  378,  308,  524,  705,  491,  554,  178,    0,  139,  619,  572,  501,  107,  352,  278,  309,  585,  305,  249,  808,  528,  691,  670,   35,  927,  491,  450,  777,  328,  772,  612,  835,  541,   78,  345,  451,  583,  589,  467,  229,  291,  723,  302,  187,  286,  279,  560,  673,  535,  210,  318,  571,  656,  701,  400,   83,  730,  242,  434,  714,  531,  802,  796,  620,  505,  180,   66,  809,  279],
        [  608,    0,  208,  858,  305,  274,  443,  817,   92,  450,  782,  468,  472,  483,  309,  366,  433,  455,  188,  435,  443,  507,  645,  605,  300,  727,   43,  531,  463,  554,  442,   60,  515,  264,  336,  405,  630,  391,  438,  199,  139,    0,  517,  452,  394,  243,  286,  241,  222,  481,  219,  128,  685,  398,  556,  544,  168,  808,  352,  328,  704,  258,  673,  498,  716,  425,  196,  273,  402,  503,  461,  331,  357,  410,  592,  418,  144,  213,  393,  422,  654,  417,  259,  220,  493,  538,  594,  364,  216,  658,  104,  298,  677,  524,  738,  689,  501,  367,  311,  104,  705,  295],
        [  136,    0,  665,  432,  223,  252,  103,  393,  463,  506,  469,  680,  769,  507,  404,  771,  812,  175,  537,  133,  140,  241,  141,  160,  751,  224,  475,   27,   80,  316,  605,  540,  577,  255,  492,  146,  188,  690,  112,  711,  619,  517,    0,  124,  663,  719,  289,  376,  310,   38,  315,  529,  250,  540,  307,  189,  630,  334,  367,  569,  249,  683,  157,   81,  248,  124,  694,  688,  271,  120,  583,  457,  742,  748,  263,  742,  639,  652,  721,  442,  429,  133,  530,  608,  822,  117,   87,  321,  658,  218,  448,  454,  368,  419,  306,  179,  671,  417,  717,  555,  190,  466],
        [  158,    0,  627,  421,  149,  180,  165,  517,  418,  382,  585,  704,  778,  559,  421,  752,  701,   55,  438,  196,   16,  331,  204,  153,  654,  281,  412,  151,  155,  213,  483,  487,  627,  195,  510,   48,  311,  574,   27,  637,  572,  452,  124,    0,  545,  677,  291,  371,  280,   96,  286,  439,  238,  418,  206,  114,  588,  357,  246,  453,  373,  584,  257,   56,  265,   34,  642,  586,  323,  221,  459,  338,  727,  746,  187,  743,  559,  557,  720,  318,  529,   38,  525,  507,  706,   86,  162,  358,  624,  341,  368,  338,  480,  492,  430,  250,  548,  295,  696,  510,  272,  476],
        [  679,    0,  568,  811,  466,  449,  646, 1046,  469,  225, 1069,  861,  858,  853,  668,  727,  182,  508,  208,  659,  530,  781,  737,  655,  251,  799,  399,  687,  655,  484,  118,  449,  895,  465,  718,  518,  838,   38,  552,  390,  501,  394,  663,  545,    0,  574,  587,  589,  510,  627,  512,  267,  694,  148,  493,  566,  535,  822,  302,   96,  907,  203,  800,  600,  747,  540,  512,  188,  702,  718,  160,  208,  729,  792,  564,  802,  325,  230,  777,  264,  967,  530,  650,  184,  162,  609,  705,  688,  583,  869,  334,  210,  958,  863,  958,  781,  133,  258,  680,  493,  808,  673],
        [  827,    0,   59, 1092,  529,  499,  630,  954,  259,  681,  875,  374,  318,  498,  388,  158,  542,  688,  397,  613,  669,  642,  857,  829,  380,  940,  276,  728,  653,  795,  651,  194,  497,  483,  354,  630,  794,  559,  659,  202,  107,  243,  719,  677,  574,    0,  444,  364,  410,  687,  405,  341,  914,  618,  798,  777,   90, 1032,  594,  535,  865,  384,  871,  716,  940,  646,   64,  402,  532,  676,  677,  565,  171,  245,  830,  260,  250,  348,  242,  659,  733,  640,  257,  393,  622,  761,  803,  478,   75,  818,  346,  532,  784,  587,  885,  897,  700,  605,  125,  167,  909,  336],
        [  414,    0,  387,  704,  184,  174,  191,  532,  206,  528,  502,  415,  490,  297,  133,  483,  684,  326,  397,  170,  291,  222,  430,  426,  576,  512,  249,  292,  215,  480,  582,  287,  358,  148,  221,  251,  354,  600,  265,  481,  352,  286,  289,  291,  587,  444,    0,   88,   78,  262,   77,  358,  518,  518,  477,  404,  356,  619,  376,  496,  427,  520,  431,  310,  529,  257,  429,  532,  121,  233,  579,  425,  454,  462,  475,  458,  429,  479,  435,  472,  385,  256,  242,  459,  724,  361,  375,  103,  378,  379,  269,  402,  394,  278,  455,  466,  651,  420,  430,  287,  474,  186],
        [  500,    0,  306,  788,  248,  230,  278,  597,  151,  563,  544,  342,  408,  266,   81,  396,  664,  402,  387,  256,  370,  283,  517,  511,  540,  600,  211,  379,  302,  550,  601,  226,  316,  203,  153,  329,  431,  597,  347,  425,  278,  241,  376,  371,  589,  364,   88,    0,  107,  349,  101,  338,  603,  541,  547,  483,  277,  706,  418,  504,  502,  493,  518,  395,  616,  337,  356,  506,  173,  315,  604,  452,  366,  377,  553,  373,  384,  449,  350,  512,  414,  335,  156,  441,  713,  446,  462,  126,  295,  455,  256,  424,  442,  285,  525,  553,  669,  457,  343,  216,  561,  111],
        [  422,    0,  355,  700,  144,  124,  226,  598,  155,  462,  578,  448,  507,  361,  181,  474,  607,  304,  319,  215,  276,  294,  448,  427,  502,  531,  181,  320,  248,  446,  508,  234,  416,   98,  260,  234,  409,  522,  258,  420,  309,  222,  310,  280,  510,  410,   78,  107,    0,  278,    7,  282,  516,  446,  444,  389,  320,  628,  313,  419,  483,  445,  463,  312,  536,  246,  385,  455,  198,  282,  508,  354,  448,  469,  454,  468,  360,  404,  444,  408,  463,  242,  251,  382,  646,  360,  394,  179,  350,  437,  192,  329,  469,  354,  518,  488,  578,  355,  417,  245,  500,  217],
        [  153,    0,  633,  447,  185,  214,   88,  425,  430,  475,  490,  662,  748,  497,  383,  743,  775,  149,  499,  121,  110,  245,  171,  170,  713,  254,  439,   61,   70,  300,  572,  506,  567,  218,  472,  110,  217,  654,   79,  674,  585,  481,   38,   96,  627,  687,  262,  349,  278,    0,  283,  491,  262,  506,  292,  180,  597,  358,  333,  533,  282,  645,  194,   67,  268,   89,  660,  650,  259,  129,  551,  422,  715,  724,  257,  719,  602,  614,  697,  411,  440,   98,  504,  570,  786,  115,  117,  305,  627,  248,  410,  418,  386,  417,  337,  211,  639,  384,  689,  521,  225,  443],
        [  427,    0,  350,  706,  151,  130,  230,  599,  150,  467,  577,  442,  501,  356,  176,  468,  608,  310,  321,  218,  282,  294,  453,  433,  502,  536,  179,  325,  252,  452,  512,  230,  411,  104,  253,  240,  411,  525,  264,  417,  305,  219,  315,  286,  512,  405,   77,  101,    7,  283,    0,  283,  522,  450,  451,  395,  315,  634,  319,  422,  486,  445,  468,  318,  542,  252,  381,  456,  197,  285,  512,  359,  442,  463,  461,  462,  359,  404,  438,  414,  461,  248,  244,  383,  648,  366,  399,  176,  345,  439,  193,  333,  469,  351,  519,  493,  581,  360,  411,  240,  505,  211],
        [  595,    0,  319,  815,  306,  278,  476,  871,  205,  340,  859,  595,  598,  596,  414,  481,  328,  427,   62,  477,  426,  574,  642,  585,  226,  719,  134,  548,  492,  491,  318,  185,  634,  280,  455,  396,  671,  267,  432,  213,  249,  128,  529,  439,  267,  341,  358,  338,  282,  491,  283,    0,  654,  279,  496,  511,  283,  783,  274,  203,  746,  164,  684,  491,  694,  418,  283,  174,  479,  544,  340,  227,  477,  534,  545,  542,  128,  126,  517,  324,  741,  409,  384,  103,  376,  522,  596,  452,  331,  701,   91,  194,  750,  622,  787,  687,  375,  273,  429,  230,  707,  412],
        [  115,    0,  864,  186,  386,  416,  349,  532,  656,  485,  662,  924, 1007,  756,  644,  990,  868,  231,  640,  381,  245,  484,  146,   93,  853,  139,  645,  262,  327,  218,  602,  723,  826,  432,  733,  285,  376,  729,  259,  861,  808,  685,  250,  238,  694,  914,  518,  603,  516,  262,  522,  654,    0,  549,  208,  144,  826,  131,  406,  614,  399,  781,  222,  208,   59,  271,  877,  780,  520,  365,  567,  497,  964,  979,  133,  975,  779,  762,  952,  433,  656,  276,  758,  705,  853,  158,  179,  567,  862,  395,  594,  510,  579,  665,  460,  160,  653,  440,  933,  748,  187,  702],
        [  541,    0,  598,  664,  366,  357,  539,  930,  452,   82,  972,  850,  868,  804,  621,  759,  328,  375,  222,  557,  402,  688,  601,  515,  364,  658,  387,  566,  544,  337,   67,  457,  856,  379,  685,  397,  722,  184,  428,  462,  528,  398,  540,  418,  148,  618,  518,  541,  446,  506,  450,  279,  549,    0,  346,  425,  561,  676,  174,   96,  788,  300,  668,  471,  603,  418,  559,  290,  623,  610,   65,   94,  754,  808,  418,  814,  382,  307,  789,  117,  883,  409,  634,  244,  305,  474,  572,  621,  609,  753,  310,  117,  862,  795,  843,  644,  137,  124,  706,  502,  671,  640],
        [  235,    0,  756,  326,  301,  323,  369,  679,  553,  278,  774,  889,  951,  760,  609,  899,  671,  156,  468,  401,  198,  534,  296,  200,  673,  332,  522,  331,  358,   12,  396,  605,  826,  347,  696,  231,  487,  528,  232,  709,  691,  556,  307,  206,  493,  798,  477,  547,  444,  292,  451,  496,  208,  346,    0,  123,  715,  331,  226,  419,  535,  601,  376,  227,  265,  234,  752,  597,  526,  420,  360,  306,  880,  909,   76,  909,  624,  588,  885,  230,  731,  231,  694,  527,  650,  195,  290,  556,  758,  514,  455,  325,  674,  697,  596,  332,  446,  248,  842,  638,  361,  657],
        [  119,    0,  729,  316,  251,  279,  264,  557,  520,  371,  653,  817,  891,  669,  534,  860,  736,   90,  498,  297,  114,  424,  182,   90,  712,  234,  505,  212,  249,  133,  484,  585,  737,  299,  623,  156,  366,  599,  140,  718,  670,  544,  189,  114,  566,  777,  404,  483,  389,  180,  395,  511,  144,  425,  123,    0,  690,  273,  270,  481,  413,  640,  258,  113,  187,  147,  738,  640,  431,  306,  453,  363,  836,  857,   78,  855,  636,  620,  831,  312,  616,  149,  637,  564,  727,   74,  169,  469,  728,  392,  451,  373,  556,  595,  474,  222,  542,  309,  803,  611,  250,  589],
        [  738,    0,   41, 1005,  441,  411,  541,  871,  171,  617,  801,  352,  326,  439,  309,  199,  531,  601,  343,  524,  581,  558,  767,  740,  374,  850,  195,  638,  564,  714,  600,  112,  449,  394,  289,  541,  707,  525,  570,  205,   35,  168,  630,  588,  535,   90,  356,  277,  320,  597,  315,  283,  826,  561,  715,  690,    0,  943,  518,  484,  779,  361,  781,  627,  851,  557,   84,  379,  448,  588,  622,  498,  195,  257,  745,  268,  221,  320,  245,  590,  661,  552,  190,  353,  605,  672,  713,  395,   49,  731,  271,  465,  706,  517,  801,  807,  654,  534,  147,   79,  819,  264],
        [  207,    0,  981,  131,  505,  536,  437,  515,  773,  609,  671, 1013, 1103,  829,  738, 1099,  998,  357,  770,  466,  366,  546,  197,  204,  983,  128,  768,  338,  413,  341,  727,  843,  899,  550,  825,  404,  406,  857,  374,  988,  927,  808,  334,  357,  822, 1032,  619,  706,  628,  358,  634,  783,  131,  676,  331,  273,  943,    0,  537,  743,  404,  911,  240,  317,   93,  387,  998,  910,  601,  433,  690,  627, 1071, 1081,  259, 1075,  907,  892, 1054,  559,  692,  393,  861,  835,  980,  272,  249,  653,  977,  415,  720,  641,  605,  727,  459,  177,  775,  570, 1043,  865,  189,  799],
        [  378,    0,  559,  550,  204,  203,  368,  757,  372,  156,  803,  751,  791,  671,  494,  712,  467,  207,  243,  388,  230,  522,  436,  356,  450,  500,  325,  392,  371,  220,  240,  407,  729,  229,  570,  224,  549,  332,  255,  486,  491,  352,  367,  246,  302,  594,  376,  418,  313,  333,  319,  274,  406,  174,  226,  270,  518,  537,    0,  213,  615,  378,  499,  299,  455,  245,  542,  376,  468,  439,  222,   95,  698,  740,  284,  743,  401,  363,  718,   97,  721,  236,  540,  303,  463,  308,  403,  475,  564,  579,  249,  104,  693,  644,  669,  480,  308,   52,  656,  446,  506,  526],
        [  590,    0,  519,  743,  370,  354,  551,  951,  395,  175,  974,  792,  800,  769,  583,  681,  255,  418,  142,  564,  437,  686,  648,  568,  270,  712,  326,  593,  559,  410,  117,  386,  814,  371,  638,  424,  742,  121,  458,  370,  450,  328,  569,  453,   96,  535,  496,  504,  419,  533,  422,  203,  614,   96,  419,  481,  484,  743,  213,    0,  812,  205,  708,  507,  665,  446,  474,  195,  609,  623,  145,  119,  678,  736,  486,  744,  293,  213,  720,  194,  874,  436,  578,  151,  254,  520,  613,  598,  532,  773,  254,  115,  863,  773,  863,  692,  174,  174,  630,  431,  718,  594],
        [  308,    0,  807,  533,  449,  473,  271,  146,  631,  754,  268,  713,  824,  501,  489,  876, 1048,  422,  765,  271,  388,  232,  255,  344,  971,  282,  664,  223,  257,  545,  854,  712,  565,  466,  558,  392,   75,  932,  360,  902,  777,  704,  249,  373,  907,  865,  427,  502,  483,  282,  486,  746,  399,  788,  535,  413,  779,  404,  615,  812,    0,  907,  178,  325,  359,  370,  855,  913,  336,  203,  831,  703,  841,  825,  475,  814,  841,  871,  798,  690,  302,  380,  631,  834, 1065,  342,  245,  393,  795,   48,  658,  698,  207,  380,   62,  243,  920,  665,  829,  713,  221,  551],
