{
    "name": "random-36-19015",
    "comment": "size=36 seed=19015",
    "nodes": ["+0", "-0", "+1", "-1", "+2", "-2", "+3", "-3", "+4", "-4", "+5", "-5", "+6", "-6", "+7", "-7", "+8", "-8", "+9", "-9", "+10", "-10", "+11", "-11", "+12", "-12", "+13", "-13", "+14", "-14", "+15", "-15", "+16", "-16", "+17", "-17", "+18", "-18", "+19", "-19", "+20", "-20", "+21", "-21", "+22", "-22", "+23", "-23", "+24", "-24", "+25", "-25", "+26", "-26", "+27", "-27", "+28", "-28", "+29", "-29", "+30", "-30", "+31", "-31", "+32", "-32", "+33", "-33", "+34", "-34", "+35", "-35", "+36", "-36"],
    "precedence": {
        "+0": "-0",
        "+1": "-1",
        "+2": "-2",
        "+3": "-3",
        "+4": "-4",
        "+5": "-5",
        "+6": "-6",
        "+7": "-7",
        "+8": "-8",
        "+9": "-9",
        "+10": "-10",
        "+11": "-11",
        "+12": "-12",
        "+13": "-13",
        "+14": "-14",
        "+15": "-15",
        "+16": "-16",
        "+17": "-17",
        "+18": "-18",
        "+19": "-19",
        "+20": "-20",
        "+21": "-21",
        "+22": "-22",
        "+23": "-23",
        "+24": "-24",
        "+25": "-25",
        "+26": "-26",
        "+27": "-27",
        "+28": "-28",
        "+29": "-29",
        "+30": "-30",
        "+31": "-31",
        "+32": "-32",
        "+33": "-33",
        "+34": "-34",
        "+35": "-35",
        "+36": "-36"
    },
    "edges": [
        [    0,    0,  736,  646,  122,  583,  677,  511,  449,  902,  802,  779,  722,  476,  366,  460,  183,  634,  832,  612,  602,  404,  583,  847,  117,  642,  521,  443,  505,  572,  730,  536,  459,  910,  793,  566,  336,  640,  869,  723,  841,  658,  414,  418,  185,  154,  583,  281,  430,  470,  822,  854,  430,  276,  573,  725,  498,  476,  295,  686,  533,  136,  425,  396,  261,  818,  308,   44,  586,  577,  441,  338,  284,  250],
        [    0,    0,  736,  646,  122,  583,  677,  511,  449,  902,  802,  779,  722,  476,  366,  460,  183,  634,  832,  612,  602,  404,  583,  847,  117,  642,  521,  443,  505,  572,  730,  536,  459,  910,  793,  566,  336,  640,  869,  723,  841,  658,  414,  418,  185,  154,  583,  281,  430,  470,  822,  854,  430,  276,  573,  725,  498,  476,  295,  686,  533,  136,  425,  396,  261,  818,  308,   44,  586,  577,  441,  338,  284,  250],
        [  736,  736,    0,  124,  658,  185,   91,  517,  336,  259,  637,   44,   87,  398,  373,  368,  721,  115,  203,  429,  530,  400,  848,  141,  629,  386,  450,  580,  498,  322,  306,  208,  706,  575,  283, 1004,  774,  117,  524,  105,  106,  367,  498,  721,  678,  824,  576,  871,  405,  726,  529,  531,  348,  465,  407,  347,  365,  418,  696,   51,  355,  814,  633,  828,  815,  351,  787,  728,  308,  779,  388,  874,  614,  570],
        [  646,  646,  124,    0,  581,   67,  148,  394,  301,  273,  691,  154,   76,  387,  298,  347,  657,  127,  317,  459,  552,  284,  841,  265,  547,  274,  454,  457,  375,  201,  378,  112,  688,  656,  227,  976,  655,  142,  604,   78,  221,  413,  475,  598,  569,  721,  591,  758,  378,  709,  599,  607,  308,  371,  426,  256,  358,  408,  579,   89,  360,  712,  510,  707,  702,  289,  669,  633,  188,  777,  363,  824,  566,  459],
        [  122,  122,  658,  581,    0,  523,  589,  526,  347,  848,  680,  701,  655,  361,  286,  350,  103,  549,  733,  493,  480,  380,  486,  758,   51,  628,  402,  476,  517,  544,  619,  470,  349,  790,  754,  505,  424,  554,  749,  659,  760,  542,  293,  486,  255,  274,  462,  395,  317,  362,  701,  734,  329,  228,  455,  700,  386,  359,  367,  609,  420,  256,  472,  489,  367,  788,  402,  151,  556,  470,  329,  289,  164,  272],
        [  583,  583,  185,   67,  523,    0,  185,  342,  269,  326,  695,  219,  142,  363,  244,  319,  602,  149,  365,  454,  540,  218,  810,  324,  487,  248,  437,  398,  322,  158,  399,   61,  655,  677,  253,  936,  590,  165,  625,  141,  285,  419,  442,  537,  503,  655,  575,  692,  347,  676,  614,  626,  272,  307,  417,  253,  338,  385,  513,  142,  346,  646,  450,  644,  635,  307,  604,  568,  149,  750,  332,  774,  520,  392],
        [  677,  677,   91,  148,  589,  185,    0,  525,  255,  349,  556,  130,  156,  309,  311,  281,  646,   46,  184,  340,  440,  379,  758,  172,  566,  422,  359,  576,  505,  341,  233,  180,  617,  509,  354,  915,  750,   37,  457,  173,  175,  282,  410,  710,  638,  776,  486,  835,  319,  637,  456,  462,  269,  414,  317,  401,  276,  329,  670,   70,  264,  764,  626,  809,  781,  421,  759,  672,  330,  688,  302,  792,  533,  534],
        [  511,  511,  517,  394,  526,  342,  525,    0,  496,  531,  975,  542,  447,  594,  388,  548,  628,  486,  706,  727,  788,  197,  965,  658,  476,  185,  675,   91,   20,  197,  722,  354,  806,  993,  385, 1026,  327,  502,  941,  435,  605,  716,  627,  233,  343,  496,  806,  467,  555,  825,  919,  937,  486,  332,  683,  281,  585,  612,  278,  480,  609,  496,  146,  357,  413,  376,  356,  474,  213,  924,  548,  815,  620,  262],
        [  449,  449,  336,  301,  347,  269,  255,  496,    0,  569,  480,  379,  361,  102,  122,   55,  393,  222,  386,  234,  295,  301,  542,  417,  332,  485,  183,  507,  477,  383,  290,  210,  388,  521,  520,  677,  609,  221,  472,  372,  430,  241,  175,  606,  460,  571,  319,  656,   78,  409,  440,  463,   19,  232,  189,  515,   90,  122,  528,  292,  118,  556,  540,  675,  608,  575,  606,  454,  384,  482,   64,  539,  279,  380],
        [  902,  902,  259,  273,  848,  326,  349,  531,  569,    0,  891,  230,  209,  646,  568,  610,  927,  360,  412,  688,  788,  509, 1101,  313,  811,  349,  705,  617,  517,  357,  557,  382,  953,  810,  149, 1245,  845,  368,  762,  198,  236,  626,  740,  763,  798,  957,  834,  971,  645,  973,  776,  773,  578,  629,  665,  260,  614,  667,  780,  287,  609,  950,  673,  885,  914,  190,  868,  883,  340, 1033,  628, 1096,  839,  688],
        [  802,  802,  637,  691,  680,  695,  556,  975,  480,  891,    0,  661,  711,  386,  596,  430,  649,  565,  500,  248,  205,  780,  421,  598,  700,  939,  309,  985,  956,  841,  334,  650,  399,  180,  909,  630, 1057,  551,  184,  728,  665,  278,  398, 1074,  891,  953,  220, 1067,  432,  403,  136,  161,  491,  691,  292,  943,  390,  372,  980,  625,  366,  935, 1015, 1125, 1030,  975, 1046,  828,  837,  352,  434,  662,  520,  836],
        [  779,  779,   44,  154,  701,  219,  130,  542,  379,  230,  661,    0,   97,  438,  416,  410,  765,  158,  202,  462,  564,  436,  887,  121,  673,  400,  488,  609,  524,  345,  328,  248,  746,  588,  275, 1045,  808,  159,  539,  112,   67,  397,  539,  751,  717,  865,  611,  909,  447,  766,  549,  548,  392,  507,  443,  352,  405,  459,  732,   93,  393,  854,  663,  861,  853,  343,  822,  770,  330,  817,  430,  918,  657,  608],
        [  722,  722,   87,   76,  655,  142,  156,  447,  361,  209,  711,   97,    0,  438,  370,  402,  728,  156,  288,  492,  590,  355,  894,  217,  622,  305,  500,  517,  429,  251,  385,  187,  745,  658,  200, 1037,  723,  166,  607,   19,  159,  437,  532,  661,  643,  796,  633,  830,  437,  766,  609,  613,  370,  446,  465,  261,  408,  460,  649,   87,  404,  787,  572,  773,  774,  268,  739,  708,  235,  827,  420,  892,  633,  532],
        [  476,  476,  398,  387,  361,  363,  309,  594,  102,  646,  386,  438,  438,    0,  211,   48,  382,  287,  398,  149,  194,  398,  456,  451,  361,  586,   82,  600,  576,  484,  260,  306,  309,  448,  611,  607,  681,  282,  402,  451,  479,  182,  104,  690,  523,  614,  218,  712,   50,  329,  362,  390,  109,  308,  103,  613,   35,   22,  602,  361,   62,  597,  630,  749,  668,  668,  674,  491,  484,  391,   48,  498,  249,  456],
        [  366,  366,  373,  298,  286,  244,  311,  388,  122,  568,  596,  416,  370,  211,    0,  167,  360,  269,  474,  354,  403,  192,  600,  482,  257,  409,  290,  390,  371,  310,  404,  187,  440,  643,  489,  703,  488,  275,  594,  375,  477,  363,  243,  484,  346,  471,  418,  545,  168,  460,  561,  585,  107,  115,  308,  459,  209,  227,  407,  324,  239,  458,  420,  554,  494,  534,  487,  362,  316,  549,  163,  531,  282,  259],
        [  460,  460,  368,  347,  350,  319,  281,  548,   55,  610,  430,  410,  402,   48,  167,    0,  383,  255,  391,  187,  241,  352,  495,  433,  343,  539,  129,  556,  530,  437,  271,  261,  344,  482,  569,  637,  646,  251,  434,  414,  455,  206,  131,  649,  491,  591,  265,  684,   39,  364,  398,  424,   62,  270,  141,  567,   44,   68,  566,  328,   78,  575,  587,  713,  638,  625,  641,  470,  438,  432,   23,  514,  257,  418],
        [  183,  183,  721,  657,  103,  602,  646,  628,  393,  927,  649,  765,  728,  382,  360,  383,    0,  609,  773,  494,  459,  476,  401,  809,  153,  725,  402,  578,  619,  638,  640,  546,  281,  777,  841,  403,  513,  611,  742,  734,  820,  553,  293,  583,  349,  332,  431,  463,  346,  290,  690,  724,  378,  322,  462,  794,  411,  373,  461,  674,  443,  314,  573,  575,  443,  879,  487,  224,  648,  396,  361,  188,  139,  374],
        [  634,  634,  115,  127,  549,  149,   46,  486,  222,  360,  565,  158,  156,  287,  269,  255,  609,    0,  228,  338,  434,  335,  741,  216,  524,  393,  345,  534,  466,  307,  254,  137,  595,  532,  347,  892,  705,   17,  480,  171,  212,  288,  385,  666,  593,  732,  477,  790,  291,  616,  473,  482,  235,  369,  309,  382,  255,  308,  625,   74,  249,  720,  583,  764,  735,  411,  714,  629,  297,  673,  275,  760,  500,  489],
        [  832,  832,  203,  317,  733,  365,  184,  706,  386,  412,  500,  202,  288,  398,  474,  391,  773,  228,    0,  355,  455,  562,  799,  101,  717,  587,  415,  760,  687,  517,  181,  364,  680,  399,  476,  981,  932,  215,  353,  306,  177,  278,  500,  894,  813,  944,  508, 1011,  428,  698,  374,  366,  404,  584,  355,  549,  366,  413,  852,  229,  339,  931,  810,  991,  958,  544,  939,  833,  504,  724,  413,  895,  645,  712],
        [  612,  612,  429,  459,  493,  454,  340,  727,  234,  688,  248,  462,  492,  149,  354,  187,  494,  338,  355,    0,  103,  534,  444,  434,  500,  695,   93,  740,  708,  596,  179,  406,  333,  302,  684,  630,  829,  326,  258,  508,  485,   78,  203,  836,  670,  755,  154,  858,  198,  349,  215,  244,  247,  456,   47,  706,  145,  141,  750,  406,  119,  738,  773,  897,  815,  747,  822,  630,  593,  369,  195,  573,  355,  603],
        [  602,  602,  530,  552,  480,  540,  440,  788,  295,  788,  205,  564,  590,  194,  403,  241,  459,  434,  455,  103,    0,  592,  346,  536,  497,  774,  113,  791,  770,  673,  276,  488,  252,  319,  777,  538,  853,  424,  288,  605,  587,  178,  194,  873,  687,  752,   54,  864,  235,  265,  233,  268,  303,  491,  126,  793,  208,  177,  777,  505,  195,  734,  818,  921,  826,  839,  842,  626,  672,  270,  240,  507,  325,  634],
        [  404,  404,  400,  284,  380,  218,  379,  197,  301,  509,  780,  436,  355,  398,  192,  352,  476,  335,  562,  534,  592,    0,  779,  536,  333,  249,  479,  211,  180,  168,  547,  200,  619,  809,  390,  859,  375,  349,  757,  350,  502,  529,  432,  333,  292,  449,  609,  476,  359,  639,  732,  752,  290,  157,  489,  323,  391,  416,  297,  354,  416,  442,  254,  431,  419,  414,  387,  380,  182,  734,  352,  662,  441,  181],
        [  583,  583,  848,  841,  486,  810,  758,  965,  542, 1101,  421,  887,  894,  456,  600,  495,  401,  741,  799,  444,  346,  779,    0,  875,  529, 1008,  400,  936,  950,  909,  621,  751,  161,  597, 1062,  210,  909,  734,  587,  906,  919,  521,  369,  969,  740,  730,  292,  861,  465,  141,  530,  564,  539,  634,  450, 1052,  487,  434,  851,  814,  494,  712,  943,  973,  843, 1117,  885,  623,  913,   77,  480,  305,  348,  739],
        [  847,  847,  141,  265,  758,  324,  172,  658,  417,  313,  598,  121,  217,  451,  482,  433,  809,  216,  101,  434,  536,  536,  875,    0,  736,  521,  482,  721,  639,  462,  270,  339,  748,  500,  389, 1050,  910,  208,  454,  233,   79,  360,  554,  861,  806,  947,  588, 1002,  472,  767,  474,  467,  433,  585,  427,  471,  417,  468,  832,  184,  396,  935,  773,  966,  947,  455,  921,  843,  448,  802,  455,  946,  690,  700],
        [  117,  117,  629,  547,   51,  487,  566,  476,  332,  811,  700,  673,  622,  361,  257,  343,  153,  524,  717,  500,  497,  333,  529,  736,    0,  581,  410,  426,  467,  499,  613,  435,  387,  800,  712,  554,  384,  530,  757,  624,  733,  542,  305,  441,  213,  256,  483,  369,  314,  401,  711,  743,  314,  185,  459,  655,  382,  361,  322,  580,  417,  239,  423,  450,  335,  744,  364,  131,  511,  509,  324,  339,  195,  222],
        [  642,  642,  386,  274,  628,  248,  422,  185,  485,  349,  939,  400,  305,  586,  409,  539,  725,  393,  587,  695,  774,  249, 1008,  521,  581,    0,  665,  275,  175,  102,  645,  290,  849,  924,  202, 1103,  509,  409,  871,  289,  458,  664,  646,  418,  498,  657,  803,  645,  558,  869,  861,  872,  482,  404,  655,   97,  567,  606,  453,  362,  581,  655,  330,  542,  590,  193,  536,  612,  103,  956,  546,  910,  682,  397],
        [  521,  521,  450,  454,  402,  437,  359,  675,  183,  705,  309,  488,  500,   82,  290,  129,  402,  345,  415,   93,  113,  479,  400,  482,  410,  665,    0,  679,  657,  563,  252,  382,  267,  390,  680,  569,  751,  337,  348,  514,  521,  156,  111,  765,  588,  666,  139,  771,  124,  286,  302,  333,  190,  382,   64,  688,   99,   64,  673,  418,   96,  649,  707,  818,  730,  740,  741,  541,  563,  330,  128,  490,  263,  528],
        [  443,  443,  580,  457,  476,  398,  576,   91,  507,  617,  985,  609,  517,  600,  390,  556,  578,  534,  760,  740,  791,  211,  936,  721,  426,  275,  679,    0,  101,  271,  757,  399,  780, 1019,  473,  980,  236,  549,  968,  507,  674,  739,  617,  147,  266,  412,  803,  377,  556,  799,  942,  962,  494,  310,  695,  371,  596,  615,  189,  539,  623,  414,   57,  269,  324,  466,  265,  404,  288,  901,  552,  762,  588,  205],
        [  505,  505,  498,  375,  517,  322,  505,   20,  477,  517,  956,  524,  429,  576,  371,  530,  619,  466,  687,  708,  770,  180,  950,  639,  467,  175,  657,  101,    0,  179,  703,  335,  792,  973,  373, 1015,  335,  482,  921,  418,  587,  697,  610,  246,  342,  496,  788,  473,  537,  811,  900,  918,  468,  318,  664,  271,  567,  594,  282,  461,  590,  496,  156,  369,  419,  366,  363,  470,  196,  908,  531,  806,  606,  256],
        [  572,  572,  322,  201,  544,  158,  341,  197,  383,  357,  841,  345,  251,  484,  310,  437,  638,  307,  517,  596,  673,  168,  909,  462,  499,  102,  563,  271,  179,    0,  556,  192,  749,  833,  226, 1008,  491,  323,  780,  239,  409,  568,  545,  417,  447,  607,  701,  614,  456,  769,  767,  781,  380,  317,  555,  157,  466,  505,  424,  289,  481,  602,  327,  535,  558,  246,  513,  546,   18,  855,  445,  822,  586,  339],
        [  730,  730,  306,  378,  619,  399,  233,  722,  290,  557,  334,  328,  385,  260,  404,  271,  640,  254,  181,  179,  276,  547,  621,  270,  613,  645,  252,  757,  703,  556,    0,  370,  510,  279,  585,  808,  891,  238,  227,  403,  333,  101,  352,  874,  749,  859,  329,  945,  302,  527,  224,  230,  308,  518,  189,  632,  233,  268,  809,  302,  200,  844,  799,  955,  896,  652,  891,  740,  548,  545,  290,  741,  505,  662],
        [  536,  536,  208,  112,  470,   61,  180,  354,  210,  382,  650,  248,  187,  306,  187,  261,  546,  137,  364,  406,  488,  200,  751,  339,  435,  290,  382,  399,  335,  192,  370,    0,  595,  645,  313,  875,  573,  151,  592,  190,  313,  377,  383,  531,  470,  617,  520,  664,  288,  616,  577,  591,  212,  261,  367,  307,  283,  328,  493,  159,  294,  607,  447,  630,  609,  366,  583,  524,  188,  691,  273,  715,  460,  363],
        [  459,  459,  706,  688,  349,  655,  617,  806,  388,  953,  399,  746,  745,  309,  440,  344,  281,  595,  680,  333,  252,  619,  161,  748,  387,  849,  267,  780,  792,  749,  510,  595,    0,  555,  907,  302,  771,  590,  532,  757,  784,  410,  214,  822,  599,  611,  203,  739,  311,   21,  474,  510,  383,  475,  326,  893,  342,  288,  707,  669,  355,  593,  791,  836,  714,  960,  749,  495,  754,  123,  326,  265,  196,  588],
        [  910,  910,  575,  656,  790,  677,  509,  993,  521,  810,  180,  588,  658,  448,  643,  482,  777,  532,  399,  302,  319,  809,  597,  500,  800,  924,  390, 1019,  973,  833,  279,  645,  555,    0,  857,  806, 1127,  517,   53,  676,  575,  282,  497, 1126,  971, 1055,  357, 1159,  498,  563,   89,   59,  537,  751,  346,  910,  439,  442, 1047,  577,  406, 1038, 1057, 1194, 1116,  925, 1122,  930,  826,  526,  494,  818,  641,  899],
        [  793,  793,  283,  227,  754,  253,  354,  385,  520,  149,  909,  275,  200,  611,  489,  569,  841,  347,  476,  684,  777,  390, 1062,  389,  712,  202,  680,  473,  373,  226,  585,  313,  907,  857,    0, 1187,  705,  360,  806,  182,  313,  633,  694,  618,  672,  832,  817,  835,  598,  928,  809,  812,  525,  527,  652,  111,  583,  633,  643,  285,  586,  827,  529,  741,  779,   69,  730,  769,  210, 1000,  583, 1019,  769,  564],
        [  566,  566, 1004,  976,  505,  936,  915, 1026,  677, 1245,  630, 1045, 1037,  607,  703,  637,  403,  892,  981,  630,  538,  859,  210, 1050,  554, 1103,  569,  980, 1015, 1008,  808,  875,  302,  806, 1187,    0,  902,  887,  795, 1048, 1085,  707,  507,  981,  746,  691,  485,  822,  602,  284,  737,  771,  669,  704,  626, 1160,  641,  587,  859,  964,  656,  675,  975,  959,  818, 1235,  872,  610, 1016,  281,  618,  230,  422,  776],
        [  336,  336,  774,  655,  424,  590,  750,  327,  609,  845, 1057,  808,  723,  681,  488,  646,  513,  705,  932,  829,  853,  375,  909,  910,  384,  509,  751,  236,  335,  491,  891,  573,  771, 1127,  705,  902,    0,  718, 1079,  716,  875,  849,  662,  115,  172,  233,  850,  150,  632,  785, 1043, 1069,  592,  377,  784,  605,  689,  691,   82,  728,  722,  243,  183,   68,  107,  701,   38,  293,  509,  893,  635,  673,  578,  230],
        [  640,  640,  117,  142,  554,  165,   37,  502,  221,  368,  551,  159,  166,  282,  275,  251,  611,   17,  215,  326,  424,  349,  734,  208,  530,  409,  337,  549,  482,  323,  238,  151,  590,  517,  360,  887,  718,    0,  464,  182,  209,  274,  381,  681,  603,  741,  467,  801,  289,  610,  458,  467,  235,  378,  299,  397,  249,  302,  638,   82,  241,  729,  598,  777,  747,  425,  726,  636,  314,  666,  272,  760,  500,  500],
        [  869,  869,  524,  604,  749,  625,  457,  941,  472,  762,  184,  539,  607,  402,  594,  434,  742,  480,  353,  258,  288,  757,  587,  454,  757,  871,  348,  968,  921,  780,  227,  592,  532,   53,  806,  795, 1079,  464,    0,  625,  528,  232,  457, 1076,  924, 1012,  330, 1114,  452,  542,   58,   24,  488,  703,  300,  858,  391,  398,  998,  525,  357,  996, 1006, 1145, 1070,  874, 1074,  888,  773,  514,  447,  793,  604,  850],
        [  723,  723,  105,   78,  659,  141,  173,  435,  372,  198,  728,  112,   19,  451,  375,  414,  734,  171,  306,  508,  605,  350,  906,  233,  624,  289,  514,  507,  418,  239,  403,  190,  757,  676,  182, 1048,  716,  182,  625,    0,  171,  454,  544,  652,  640,  794,  647,  825,  447,  777,  627,  631,  380,  447,  479,  244,  421,  473,  642,  104,  418,  785,  562,  765,  769,  250,  733,  708,  223,  840,  431,  899,  641,  529],
        [  841,  841,  106,  221,  760,  285,  175,  605,  430,  236,  665,   67,  159,  479,  477,  455,  820,  212,  177,  485,  587,  502,  919,   79,  733,  458,  521,  674,  587,  409,  333,  313,  784,  575,  313, 1085,  875,  209,  528,  171,    0,  414,  582,  817,  783,  930,  637,  975,  493,  804,  545,  540,  444,  570,  471,  401,  445,  498,  798,  156,  430,  919,  728,  927,  919,  379,  889,  833,  393,  847,  476,  967,  708,  674],
        [  658,  658,  367,  413,  542,  419,  282,  716,  241,  626,  278,  397,  437,  182,  363,  206,  553,  288,  278,   78,  178,  529,  521,  360,  542,  664,  156,  739,  697,  568,  101,  377,  410,  282,  633,  707,  849,  274,  232,  454,  414,    0,  261,  845,  697,  794,  230,  889,  229,  426,  204,  224,  257,  472,   93,  666,  164,  184,  768,  351,  129,  778,  776,  915,  843,  699,  845,  672,  563,  446,  222,  644,  415,  620],
        [  414,  414,  498,  475,  293,  442,  410,  627,  175,  740,  398,  539,  532,  104,  243,  131,  293,  385,  500,  203,  194,  432,  369,  554,  305,  646,  111,  617,  610,  545,  352,  383,  214,  497,  694,  507,  662,  381,  457,  544,  582,  261,    0,  687,  494,  561,  190,  671,   97,  235,  409,  441,  171,  310,  170,  684,  138,   88,  587,  458,  162,  543,  639,  730,  633,  748,  649,  436,  548,  311,  113,  395,  155,  447],
        [  418,  418,  721,  598,  486,  537,  710,  233,  606,  763, 1074,  751,  661,  690,  484,  649,  583,  666,  894,  836,  873,  333,  969,  861,  441,  418,  765,  147,  246,  417,  874,  531,  822, 1126,  618,  981,  115,  681, 1076,  652,  817,  845,  687,    0,  236,  338,  877,  263,  642,  838, 1045, 1068,  591,  383,  790,  513,  692,  702,  123,  678,  722,  346,   91,  126,  220,  607,  151,  375,  434,  945,  642,  755,  626,  241],
        [  185,  185,  678,  569,  255,  503,  638,  343,  460,  798,  891,  717,  643,  523,  346,  491,  349,  593,  813,  670,  687,  292,  740,  806,  213,  498,  588,  266,  342,  447,  749,  470,  599,  971,  672,  746,  172,  603,  924,  640,  783,  697,  494,  236,    0,  161,  681,  199,  473,  614,  885,  913,  443,  232,  626,  588,  534,  530,  113,  629,  569,  157,  242,  239,  148,  685,  156,  143,  463,  722,  478,  520,  406,  112],
        [  154,  154,  824,  721,  274,  655,  776,  496,  571,  957,  953,  865,  796,  614,  471,  591,  332,  732,  944,  755,  752,  449,  730,  947,  256,  657,  666,  412,  496,  607,  859,  617,  611, 1055,  832,  691,  233,  741, 1012,  794,  930,  794,  561,  338,  161,    0,  735,  133,  565,  621,  967,  998,  553,  363,  714,  748,  632,  616,  228,  775,  667,   19,  376,  277,  132,  845,  196,  126,  623,  728,  574,  462,  437,  270],
        [  583,  583,  576,  591,  462,  575,  486,  806,  319,  834,  220,  611,  633,  218,  418,  265,  431,  477,  508,  154,   54,  609,  292,  588,  483,  803,  139,  803,  788,  701,  329,  520,  203,  357,  817,  485,  850,  467,  330,  647,  637,  230,  190,  877,  681,  735,    0,  852,  252,  215,  273,  309,  324,  497,  170,  827,  238,  198,  776,  548,  231,  717,  826,  918,  816,  877,  837,  611,  701,  216,  260,  463,  301,  637],
        [  281,  281,  871,  758,  395,  692,  835,  467,  656,  971, 1067,  909,  830,  712,  545,  684,  463,  790, 1011,  858,  864,  476,  861, 1002,  369,  645,  771,  377,  473,  614,  945,  664,  739, 1159,  835,  822,  150,  801, 1114,  825,  975,  889,  671,  263,  199,  133,  852,    0,  663,  750, 1072, 1101,  638,  431,  814,  740,  726,  717,  193,  823,  761,  151,  329,  167,   58,  837,  115,  245,  632,  858,  669,  594,  558,  302],
        [  430,  430,  405,  378,  317,  347,  319,  555,   78,  645,  432,  447,  437,   50,  168,   39,  346,  291,  428,  198,  235,  359,  465,  472,  314,  558,  124,  556,  537,  456,  302,  288,  311,  498,  598,  602,  632,  289,  452,  447,  493,  229,   97,  642,  473,  565,  252,  663,    0,  331,  412,  440,   77,  260,  153,  592,   69,   60,  554,  364,  104,  549,  584,  700,  619,  653,  625,  443,  458,  404,   18,  475,  219,  407],
        [  470,  470,  726,  709,  362,  676,  637,  825,  409,  973,  403,  766,  766,  329,  460,  364,  290,  616,  698,  349,  265,  639,  141,  767,  401,  869,  286,  799,  811,  769,  527,  616,   21,  563,  928,  284,  785,  610,  542,  777,  804,  426,  235,  838,  614,  621,  215,  750,  331,    0,  484,  519,  404,  494,  343,  914,  362,  308,  722,  689,  375,  603,  808,  850,  727,  981,  763,  507,  774,  109,  347,  259,  213,  605],
        [  822,  822,  529,  599,  701,  614,  456,  919,  440,  776,  136,  549,  609,  362,  561,  398,  690,  473,  374,  215,  233,  732,  530,  474,  711,  861,  302,  942,  900,  767,  224,  577,  474,   89,  809,  737, 1043,  458,   58,  627,  545,  204,  409, 1045,  885,  967,  273, 1072,  412,  484,    0,   36,  454,  667,  260,  854,  354,  356,  963,  525,  323,  950,  978, 1110, 1029,  876, 1036,  842,  761,  456,  408,  736,  553,  815],
        [  854,  854,  531,  607,  734,  626,  462,  937,  463,  773,  161,  548,  613,  390,  585,  424,  724,  482,  366,  244,  268,  752,  564,  467,  743,  872,  333,  962,  918,  781,  230,  591,  510,   59,  812,  771, 1069,  467,   24,  631,  540,  224,  441, 1068,  913,  998,  309, 1101,  440,  519,   36,    0,  479,  693,  288,  862,  380,  385,  989,  531,  348,  981, 1000, 1136, 1058,  880, 1063,  873,  774,  490,  435,  772,  587,  841],
        [  430,  430,  348,  308,  329,  272,  269,  486,   19,  578,  491,  392,  370,  109,  107,   62,  378,  235,  404,  247,  303,  290,  539,  433,  314,  482,  190,  494,  468,  380,  308,  212,  383,  537,  525,  669,  592,  235,  488,  380,  444,  257,  171,  591,  443,  553,  324,  638,   77,  404,  454,  479,    0,  216,  201,  515,  102,  128,  511,  304,  132,  538,  527,  658,  590,  578,  589,  436,  382,  480,   65,  527,  266,  363],
        [  276,  276,  465,  371,  228,  307,  414,  332,  232,  629,  691,  507,  446,  308,  115,  270,  322,  369,  584,  456,  491,  157,  634,  585,  185,  404,  382,  310,  318,  317,  518,  261,  475,  751,  527,  704,  377,  378,  703,  447,  570,  472,  310,  383,  232,  363,  497,  431,  260,  494,  667,  693,  216,    0,  410,  473,  313,  320,  296,  415,  346,  351,  330,  443,  380,  560,  374,  264,  328,  594,  261,  507,  290,  149],
        [  573,  573,  407,  426,  455,  417,  317,  683,  189,  665,  292,  443,  465,  103,  308,  141,  462,  309,  355,   47,  126,  489,  450,  427,  459,  655,   64,  695,  664,  555,  189,  367,  326,  346,  652,  626,  784,  299,  300,  479,  471,   93,  170,  790,  626,  714,  170,  814,  153,  343,  260,  288,  201,  410,    0,  670,   99,   98,  705,  380,   75,  697,  727,  851,  771,  714,  777,  589,  553,  377,  150,  553,  324,  557],
        [  725,  725,  347,  256,  700,  253,  401,  281,  515,  260,  943,  352,  261,  613,  459,  567,  794,  382,  549,  706,  793,  323, 1052,  471,  655,   97,  688,  371,  271,  157,  632,  307,  893,  910,  111, 1160,  605,  397,  858,  244,  401,  666,  684,  513,  588,  748,  827,  740,  592,  914,  854,  862,  515,  473,  670,    0,  589,  634,  548,  334,  599,  745,  426,  637,  685,   98,  632,  697,  146,  995,  578,  977,  738,  485],
        [  498,  498,  365,  358,  386,  338,  276,  585,   90,  614,  390,  405,  408,   35,  209,   44,  411,  255,  366,  145,  208,  391,  487,  417,  382,  567,   99,  596,  567,  466,  233,  283,  342,  439,  583,  641,  689,  249,  391,  421,  445,  164,  138,  692,  534,  632,  238,  726,   69,  362,  354,  380,  102,  313,   99,  589,    0,   54,  609,  329,   35,  616,  628,  756,  681,  642,  684,  510,  465,  420,   59,  532,  280,  461],
        [  476,  476,  418,  408,  359,  385,  329,  612,  122,  667,  372,  459,  460,   22,  227,   68,  373,  308,  413,  141,  177,  416,  434,  468,  361,  606,   64,  615,  594,  505,  268,  328,  288,  442,  633,  587,  691,  302,  398,  473,  498,  184,   88,  702,  530,  616,  198,  717,   60,  308,  356,  385,  128,  320,   98,  634,   54,    0,  612,  382,   74,  599,  644,  758,  674,  690,  683,  492,  505,  369,   64,  483,  238,  466],
        [  295,  295,  696,  579,  367,  513,  670,  278,  528,  780,  980,  732,  649,  602,  407,  566,  461,  625,  852,  750,  777,  297,  851,  832,  322,  453,  673,  189,  282,  424,  809,  493,  707, 1047,  643,  859,   82,  638,  998,  642,  798,  768,  587,  123,  113,  228,  776,  193,  554,  722,  963,  989,  511,  296,  705,  548,  609,  612,    0,  650,  642,  233,  149,  147,  137,  645,   91,  252,  441,  830,  555,  632,  512,  149],
        [  686,  686,   51,   89,  609,  142,   70,  480,  292,  287,  625,   93,   87,  361,  324,  328,  674,   74,  229,  406,  505,  354,  814,  184,  580,  362,  418,  539,  461,  289,  302,  159,  669,  577,  285,  964,  728,   82,  525,  104,  156,  351,  458,  678,  629,  775,  548,  823,  364,  689,  525,  531,  304,  415,  380,  334,  329,  382,  650,    0,  322,  764,  591,  783,  767,  352,  740,  678,  276,  746,  347,  830,  569,  521],
        [  533,  533,  355,  360,  420,  346,  264,  609,  118,  609,  366,  393,  404,   62,  239,   78,  443,  249,  339,  119,  195,  416,  494,  396,  417,  581,   96,  623,  590,  481,  200,  294,  355,  406,  586,  656,  722,  241,  357,  418,  430,  129,  162,  722,  569,  667,  231,  761,  104,  375,  323,  348,  132,  346,   75,  599,   35,   74,  642,  322,    0,  651,  657,  789,  715,  647,  717,  545,  479,  425,   94,  557,  310,  494],
        [  136,  136,  814,  712,  256,  646,  764,  496,  556,  950,  935,  854,  787,  597,  458,  575,  314,  720,  931,  738,  734,  442,  712,  935,  239,  655,  649,  414,  496,  602,  844,  607,  593, 1038,  827,  675,  243,  729,  996,  785,  919,  778,  543,  346,  157,   19,  717,  151,  549,  603,  950,  981,  538,  351,  697,  745,  616,  599,  233,  764,  651,    0,  380,  290,  146,  841,  208,  108,  618,  710,  558,  446,  419,  264],
        [  425,  425,  633,  510,  472,  450,  626,  146,  540,  673, 1015,  663,  572,  630,  420,  587,  573,  583,  810,  773,  818,  254,  943,  773,  423,  330,  707,   57,  156,  327,  799,  447,  791, 1057,  529,  975,  183,  598, 1006,  562,  728,  776,  639,   91,  242,  376,  826,  329,  584,  808,  978, 1000,  527,  330,  727,  426,  628,  644,  149,  591,  657,  380,    0,  213,  277,  521,  215,  384,  344,  913,  582,  753,  596,  204],
        [  396,  396,  828,  707,  489,  644,  809,  357,  675,  885, 1125,  861,  773,  749,  554,  713,  575,  764,  991,  897,  921,  431,  973,  966,  450,  542,  818,  269,  369,  535,  955,  630,  836, 1194,  741,  959,   68,  777, 1145,  765,  927,  915,  730,  126,  239,  277,  918,  167,  700,  850, 1110, 1136,  658,  443,  851,  637,  756,  758,  147,  783,  789,  290,  213,    0,  145,  732,   89,  353,  552,  958,  702,  729,  644,  296],
        [  261,  261,  815,  702,  367,  635,  781,  413,  608,  914, 1030,  853,  774,  668,  494,  638,  443,  735,  958,  815,  826,  419,  843,  947,  335,  590,  730,  324,  419,  558,  896,  609,  714, 1116,  779,  818,  107,  747, 1070,  769,  919,  843,  633,  220,  148,  132,  816,   58,  619,  727, 1029, 1058,  590,  380,  771,  685,  681,  674,  137,  767,  715,  146,  277,  145,    0,  782,   70,  221,  575,  835,  624,  589,  528,  247],
        [  818,  818,  351,  289,  788,  307,  421,  376,  575,  190,  975,  343,  268,  668,  534,  625,  879,  411,  544,  747,  839,  414, 1117,  455,  744,  193,  740,  466,  366,  246,  652,  366,  960,  925,   69, 1235,  701,  425,  874,  250,  379,  699,  748,  607,  685,  845,  877,  837,  653,  981,  876,  880,  578,  560,  714,   98,  642,  690,  645,  352,  647,  841,  521,  732,  782,    0,  728,  791,  233, 1056,  638, 1059,  815,  580],
        [  308,  308,  787,  669,  402,  604,  759,  356,  606,  868, 1046,  822,  739,  674,  487,  641,  487,  714,  939,  822,  842,  387,  885,  921,  364,  536,  741,  265,  363,  513,  891,  583,  749, 1122,  730,  872,   38,  726, 1074,  733,  889,  845,  649,  151,  156,  196,  837,  115,  625,  763, 1036, 1063,  589,  374,  777,  632,  684,  683,   91,  740,  717,  208,  215,   89,   70,  728,    0,  265,  530,  871,  628,  642,  558,  230],
        [   44,   44,  728,  633,  151,  568,  672,  474,  454,  883,  828,  770,  708,  491,  362,  470,  224,  629,  833,  630,  626,  380,  623,  843,  131,  612,  541,  404,  470,  546,  740,  524,  495,  930,  769,  610,  293,  636,  888,  708,  833,  672,  436,  375,  143,  126,  611,  245,  443,  507,  842,  873,  436,  264,  589,  697,  510,  492,  252,  678,  545,  108,  384,  353,  221,  791,  265,    0,  561,  615,  452,  382,  314,  217],
        [  586,  586,  308,  188,  556,  149,  330,  213,  384,  340,  837,  330,  235,  484,  316,  438,  648,  297,  504,  593,  672,  182,  913,  448,  511,  103,  563,  288,  196,   18,  548,  188,  754,  826,  210, 1016,  509,  314,  773,  223,  393,  563,  548,  434,  463,  623,  701,  632,  458,  774,  761,  774,  382,  328,  553,  146,  465,  505,  441,  276,  479,  618,  344,  552,  575,  233,  530,  561,    0,  859,  446,  831,  594,  354],
        [  577,  577,  779,  777,  470,  750,  688,  924,  482, 1033,  352,  817,  827,  391,  549,  432,  396,  673,  724,  369,  270,  734,   77,  802,  509,  956,  330,  901,  908,  855,  545,  691,  123,  526, 1000,  281,  893,  666,  514,  840,  847,  446,  311,  945,  722,  728,  216,  858,  404,  109,  456,  490,  480,  594,  377,  995,  420,  369,  830,  746,  425,  710,  913,  958,  835, 1056,  871,  615,  859,    0,  418,  337,  319,  710],
        [  441,  441,  388,  363,  329,  332,  302,  548,   64,  628,  434,  430,  420,   48,  163,   23,  361,  275,  413,  195,  240,  352,  480,  455,  324,  546,  128,  552,  531,  445,  290,  273,  326,  494,  583,  618,  635,  272,  447,  431,  476,  222,  113,  642,  478,  574,  260,  669,   18,  347,  408,  435,   65,  261,  150,  578,   59,   64,  555,  347,   94,  558,  582,  702,  624,  638,  628,  452,  446,  418,    0,  492,  235,  408],
        [  338,  338,  874,  824,  289,  774,  792,  815,  539, 1096,  662,  918,  892,  498,  531,  514,  188,  760,  895,  573,  507,  662,  305,  946,  339,  910,  490,  762,  806,  822,  741,  715,  265,  818, 1019,  230,  673,  760,  793,  899,  967,  644,  395,  755,  520,  462,  463,  594,  475,  259,  736,  772,  527,  507,  553,  977,  532,  483,  632,  830,  557,  446,  753,  729,  589, 1059,  642,  382,  831,  337,  492,    0,  261,  558],
        [  284,  284,  614,  566,  164,  520,  533,  620,  279,  839,  520,  657,  633,  249,  282,  257,  139,  500,  645,  355,  325,  441,  348,  690,  195,  682,  263,  588,  606,  586,  505,  460,  196,  641,  769,  422,  578,  500,  604,  641,  708,  415,  155,  626,  406,  437,  301,  558,  219,  213,  553,  587,  266,  290,  324,  738,  280,  238,  512,  569,  310,  419,  596,  644,  528,  815,  558,  314,  594,  319,  235,  261,    0,  393],
        [  250,  250,  570,  459,  272,  392,  534,  262,  380,  688,  836,  608,  532,  456,  259,  418,  374,  489,  712,  603,  634,  181,  739,  700,  222,  397,  528,  205,  256,  339,  662,  363,  588,  899,  564,  776,  230,  500,  850,  529,  674,  620,  447,  241,  112,  270,  637,  302,  407,  605,  815,  841,  363,  149,  557,  485,  461,  466,  149,  521,  494,  264,  204,  296,  247,  580,  230,  217,  354,  710,  408,  558,  393,    0]
    ]
}
