{
    "name": "random-31-28831",
    "comment": "size=31 seed=28831",
    "nodes": ["+0", "-0", "+1", "-1", "+2", "-2", "+3", "-3", "+4", "-4", "+5", "-5", "+6", "-6", "+7", "-7", "+8", "-8", "+9", "-9", "+10", "-10", "+11", "-11", "+12", "-12", "+13", "-13", "+14", "-14", "+15", "-15", "+16", "-16", "+17", "-17", "+18", "-18", "+19", "-19", "+20", "-20", "+21", "-21", "+22", "-22", "+23", "-23", "+24", "-24", "+25", "-25", "+26", "-26", "+27", "-27", "+28", "-28", "+29", "-29", "+30", "-30", "+31", "-31"],
    "precedence": {
        "+0": "-0",
        "+1": "-1",
        "+2": "-2",
        "+3": "-3",
        "+4": "-4",
        "+5": "-5",
        "+6": "-6",
        "+7": "-7",
        "+8": "-8",
        "+9": "-9",
        "+10": "-10",
        "+11": "-11",
        "+12": "-12",
        "+13": "-13",
        "+14": "-14",
        "+15": "-15",
        "+16": "-16",
        "+17": "-17",
        "+18": "-18",
        "+19": "-19",
        "+20": "-20",
        "+21": "-21",
        "+22": "-22",
        "+23": "-23",
        "+24": "-24",
        "+25": "-25",
        "+26": "-26",
        "+27": "-27",
        "+28": "-28",
        "+29": "-29",
        "+30": "-30",
        "+31": "-31"
    },
    "edges": [
        [    0,    0,  440,  122,  559,  293,   57,  476,  449,  601,  364,  536,  308,  658,  139,  589,  450,  496,  542,  561,  369,  304,  228,  257,  400,  520,  671,  498,  396,  237,  458,  344,  433,  388,  379,  466,  477,  584,  406,  379,  506,  624,  587,  599,  329,  181,  619,  495,  316,  308,  124,  347,  426,  521,  416,  514,  407,  562,  304,  390,  458,  524,  331,  658],
        [    0,    0,  440,  122,  559,  293,   57,  476,  449,  601,  364,  536,  308,  658,  139,  589,  450,  496,  542,  561,  369,  304,  228,  257,  400,  520,  671,  498,  396,  237,  458,  344,  433,  388,  379,  466,  477,  584,  406,  379,  506,  624,  587,  599,  329,  181,  619,  495,  316,  308,  124,  347,  426,  521,  416,  514,  407,  562,  304,  390,  458,  524,  331,  658],
        [  440,  440,    0,  407,  992,  517,  400,  887,  645, 1028,  786,  949,  590,  840,  546,  821,  887,  841,  126,  877,  745,  609,  664,  320,  414,  510, 1110,  888,  772,  634,  664,  729,  773,  455,  637,  885,  901,  729,  628,  635,  945, 1025,  828,  900,  761,  605, 1010,  230,  275,  242,  331,  725,  147,  951,  573,  901,  759,  124,  351,  489,   84,  715,  445, 1077],
        [  122,  122,  407,    0,  637,  406,   74,  576,  344,  686,  383,  634,  222,  776,  146,  710,  524,  614,  525,  681,  341,  425,  314,  325,  481,  606,  729,  606,  511,  228,  356,  323,  383,  479,  289,  561,  496,  697,  306,  499,  569,  726,  500,  719,  364,  286,  725,  519,  367,  348,  176,  321,  355,  550,  526,  623,  525,  530,  189,  269,  404,  422,  427,  750],
        [  559,  559,  992,  637,    0,  586,  608,  168,  770,   67,  337,  139,  635,  703,  498,  600,  114,  364, 1083,  435,  480,  480,  332,  728,  786,  852,  167,  236,  313,  464,  764,  460,  559,  740,  676,  140,  308,  720,  726,  534,  104,  208,  778,  476,  313,  389,  240,  990,  798,  809,  662,  477,  982,  265,  660,  246,  362, 1113,  815,  826, 1017,  810,  693,  149],
        [  293,  293,  517,  406,  586,    0,  333,  437,  742,  598,  557,  496,  599,  374,  406,  323,  511,  333,  565,  361,  620,  111,  341,  197,  200,  279,  741,  410,  293,  489,  751,  590,  698,  155,  670,  451,  653,  292,  699,  119,  585,  547,  874,  383,  507,  269,  524,  429,  254,  280,  261,  599,  583,  674,  125,  418,  263,  615,  561,  672,  576,  817,  108,  622],
        [   57,   57,  400,   74,  608,  333,    0,  530,  415,  652,  390,  590,  284,  703,  151,  638,  498,  551,  509,  615,  375,  354,  277,  262,  415,  539,  714,  554,  452,  247,  426,  352,  429,  410,  354,  519,  504,  623,  375,  426,  550,  679,  564,  652,  361,  236,  675,  479,  313,  299,  115,  353,  375,  552,  452,  570,  462,  524,  249,  341,  412,  492,  356,  711],
        [  476,  476,  887,  576,  168,  437,  530,    0,  780,  162,  379,   63,  632,  539,  456,  436,  161,  200,  966,  277,  517,  327,  266,  598,  636,  693,  334,   78,  150,  456,  778,  490,  605,  588,  686,   38,  399,  553,  734,  372,  221,  152,  826,  321,  335,  295,  157,  856,  667,  683,  559,  507,  898,  378,  499,   94,  196, 1003,  763,  804,  922,  833,  545,  192],
        [  449,  449,  645,  344,  770,  742,  415,  780,    0,  833,  434,  824,  154, 1102,  358, 1025,  665,  884,  770,  962,  296,  739,  533,  665,  823,  949,  792,  836,  772,  326,   20,  312,  242,  823,   95,  752,  502, 1032,   48,  821,  673,  925,  184, 1006,  459,  551,  936,  820,  699,  674,  518,  295,  525,  566,  864,  855,  802,  748,  295,  165,  599,   78,  770,  912],
        [  601,  601, 1028,  686,   67,  598,  652,  162,  833,    0,  401,  113,  696,  677,  550,  576,  170,  342, 1114,  405,  545,  488,  375,  752,  797,  855,  196,  215,  312,  522,  827,  524,  625,  749,  739,  149,  374,  704,  789,  534,  170,  153,  844,  443,  375,  425,  189, 1012,  821,  835,  698,  541, 1026,  329,  660,  221,  356, 1147,  867,  884, 1056,  874,  705,   83],
        [  364,  364,  786,  383,  337,  557,  390,  379,  434,  401,    0,  410,  309,  832,  241,  736,  239,  534,  898,  619,  145,  491,  220,  608,  727,  831,  370,  448,  427,  160,  428,  124,  229,  698,  342,  344,  115,  801,  392,  576,  239,  509,  450,  666,   54,  289,  527,  857,  673,  669,  487,  141,  735,  168,  673,  467,  473,  910,  528,  508,  787,  473,  640,  482],
        [  536,  536,  949,  634,  139,  496,  590,   63,  824,  113,  410,    0,  679,  567,  510,  465,  176,  231, 1028,  297,  552,  385,  322,  660,  694,  746,  301,  103,  204,  502,  821,  526,  638,  645,  730,   75,  414,  592,  778,  425,  219,  101,  860,  338,  371,  356,  119,  917,  728,  745,  621,  543,  959,  383,  551,  110,  246, 1065,  820,  855,  984,  874,  603,  129],
        [  308,  308,  590,  222,  635,  599,  284,  632,  154,  696,  309,  679,    0,  952,  205,  874,  527,  730,  714,  808,  192,  589,  380,  544,  699,  822,  678,  685,  618,  177,  158,  195,  188,  692,   72,  605,  398,  887,  107,  672,  544,  779,  280,  852,  323,  397,  788,  733,  588,  568,  396,  181,  496,  461,  723,  704,  648,  705,  261,  202,  562,  223,  637,  773],
        [  658,  658,  840,  776,  703,  374,  703,  539, 1102,  677,  832,  567,  952,    0,  750,  103,  684,  339,  849,  274,  932,  365,  620,  538,  429,  372,  867,  467,  417,  815, 1109,  901, 1019,  385, 1022,  572,  898,  115, 1057,  281,  754,  551, 1216,  243,  779,  570,  513,  676,  567,  602,  634,  913,  933,  895,  273,  458,  366,  911,  934, 1043,  912, 1174,  402,  653],
        [  139,  139,  546,  146,  498,  406,  151,  456,  358,  550,  241,  510,  205,  750,    0,  670,  385,  531,  658,  607,  231,  386,  192,  395,  535,  653,  584,  498,  420,   99,  362,  206,  298,  519,  273,  436,  355,  689,  311,  470,  426,  607,  469,  650,  218,  194,  611,  628,  454,  444,  258,  209,  501,  406,  531,  517,  446,  669,  317,  349,  548,  426,  461,  620],
        [  589,  589,  821,  710,  600,  323,  638,  436, 1025,  576,  736,  465,  874,  103,  670,    0,  581,  237,  845,  175,  841,  288,  528,  507,  424,  397,  765,  364,  316,  729, 1031,  810,  929,  374,  943,  470,  798,  155,  979,  213,  651,  453, 1131,  151,  683,  484,  416,  680,  547,  580,  582,  823,  901,  793,  250,  356,  266,  903,  878,  978,  888, 1096,  377,  555],
        [  450,  450,  887,  524,  114,  511,  498,  161,  665,  170,  239,  176,  527,  684,  385,  581,    0,  352,  981,  433,  382,  411,  223,  634,  707,  785,  234,  238,  270,  353,  660,  359,  466,  665,  571,  123,  241,  683,  621,  478,   76,  272,  688,  478,  207,  287,  294,  897,  704,  712,  558,  376,  871,  218,  598,  254,  322, 1008,  702,  715,  908,  709,  614,  248],
        [  496,  496,  841,  614,  364,  333,  551,  200,  884,  342,  534,  231,  730,  339,  531,  237,  352,    0,  897,   85,  657,  232,  354,  525,  514,  542,  529,  129,  113,  565,  886,  627,  747,  462,  794,  235,  580,  364,  837,  230,  419,  237,  962,  132,  484,  338,  205,  760,  586,  611,  538,  642,  884,  568,  350,  122,   90,  945,  799,  871,  891,  947,  433,  332],
        [  542,  542,  126,  525, 1083,  565,  509,  966,  770, 1114,  898, 1028,  714,  849,  658,  845,  981,  897,    0,  923,  865,  668,  760,  374,  422,  492, 1210,  959,  840,  750,  789,  847,  896,  471,  762,  968, 1013,  735,  753,  679, 1043, 1097,  953,  941,  869,  696, 1079,  181,  312,  288,  425,  845,  259, 1061,  596,  970,  821,   69,  476,  612,  184,  839,  476, 1157],
        [  561,  561,  877,  681,  435,  361,  615,  277,  962,  405,  619,  297,  808,  274,  607,  175,  433,   85,  923,    0,  741,  275,  435,  557,  522,  530,  598,  201,  196,  646,  965,  711,  831,  468,  873,  314,  664,  320,  915,  245,  498,  279, 1045,   47,  568,  413,  242,  775,  612,  640,  590,  726,  932,  650,  347,  189,  161,  975,  864,  943,  933, 1027,  450,  381],
        [  369,  369,  745,  341,  480,  620,  375,  517,  296,  545,  145,  552,  192,  932,  231,  841,  382,  657,  865,  741,    0,  575,  314,  626,  764,  879,  497,  583,  546,  135,  287,   32,   91,  744,  207,  484,  210,  887,  257,  662,  381,  651,  310,  787,  182,  365,  668,  853,  684,  672,  487,   23,  670,  273,  742,  602,  587,  866,  443,  392,  730,  330,  686,  626],
        [  304,  304,  609,  425,  480,  111,  354,  327,  739,  488,  491,  385,  589,  365,  386,  288,  411,  232,  668,  275,  575,    0,  272,  294,  309,  375,  638,  300,  182,  453,  746,  544,  660,  262,  658,  343,  576,  313,  694,   87,  486,  437,  852,  306,  439,  211,  415,  539,  357,  380,  317,  556,  658,  590,  190,  308,  155,  713,  600,  693,  661,  810,  219,  511],
        [  228,  228,  664,  314,  332,  341,  277,  266,  533,  375,  220,  322,  380,  620,  192,  528,  223,  354,  760,  435,  314,  272,    0,  425,  522,  619,  450,  308,  241,  211,  534,  282,  402,  488,  441,  248,  312,  583,  485,  357,  284,  417,  611,  481,  168,   76,  420,  686,  494,  498,  336,  296,  652,  337,  454,  327,  277,  785,  499,  540,  686,  594,  432,  437],
        [  257,  257,  320,  325,  728,  197,  262,  598,  665,  752,  608,  660,  544,  538,  395,  507,  634,  525,  374,  557,  626,  294,  425,    0,  160,  286,  868,  586,  468,  493,  678,  600,  688,  172,  612,  604,  718,  436,  629,  315,  703,  725,  823,  580,  567,  352,  706,  264,   71,   86,  149,  604,  396,  754,  266,  597,  448,  420,  427,  558,  382,  743,  137,  789],
        [  400,  400,  414,  481,  786,  200,  415,  636,  823,  797,  727,  694,  699,  429,  535,  424,  707,  514,  422,  522,  764,  309,  522,  160,    0,  126,  939,  605,  490,  630,  836,  736,  832,   54,  768,  651,  830,  317,  786,  284,  780,  740,  979,  532,  680,  447,  714,  258,  152,  188,  306,  742,  522,  858,  179,  611,  455,  483,  584,  718,  490,  901,   94,  819],
        [  520,  520,  510,  606,  852,  279,  539,  693,  949,  855,  831,  746,  822,  372,  653,  397,  785,  542,  492,  530,  879,  375,  619,  286,  126,    0, 1012,  650,  544,  745,  962,  850,  950,  135,  892,  713,  930,  258,  911,  322,  860,  777, 1102,  529,  782,  545,  747,  314,  270,  305,  431,  857,  631,  952,  196,  652,  501,  558,  708,  843,  591, 1026,  193,  866],
        [  671,  671, 1110,  729,  167,  741,  714,  334,  792,  196,  370,  301,  678,  867,  584,  765,  234,  529, 1210,  598,  497,  638,  450,  868,  939, 1012,    0,  401,  477,  524,  782,  486,  558,  896,  703,  305,  290,  886,  753,  697,  167,  346,  761,  637,  370,  518,  383, 1131,  938,  945,  785,  501, 1083,  228,  821,  410,  527, 1233,  892,  878, 1125,  817,  846,  254],
        [  498,  498,  888,  606,  236,  410,  554,   78,  836,  215,  448,  103,  685,  467,  498,  364,  238,  129,  959,  201,  583,  300,  308,  586,  605,  650,  401,    0,  119,  510,  835,  554,  672,  554,  742,  116,  475,  490,  789,  329,  298,  139,  892,  244,  402,  320,  123,  837,  653,  672,  567,  571,  912,  455,  454,   20,  151, 1000,  795,  847,  930,  892,  517,  216],
        [  396,  396,  772,  511,  313,  293,  452,  150,  772,  312,  427,  204,  618,  417,  420,  316,  270,  113,  840,  196,  546,  182,  241,  468,  490,  544,  477,  119,    0,  452,  774,  516,  636,  441,  681,  173,  482,  414,  724,  223,  343,  258,  850,  242,  376,  229,  240,  719,  534,  553,  454,  531,  801,  478,  349,  130,   52,  882,  699,  764,  815,  834,  400,  330],
        [  237,  237,  634,  228,  464,  489,  247,  456,  326,  522,  160,  502,  177,  815,   99,  729,  353,  565,  750,  646,  135,  453,  211,  493,  630,  745,  524,  510,  452,    0,  325,  108,  209,  611,  232,  429,  271,  764,  279,  540,  378,  602,  403,  691,  156,  246,  612,  725,  552,  542,  356,  113,  576,  327,  613,  530,  487,  757,  369,  363,  630,  384,  553,  598],
        [  458,  458,  664,  356,  764,  751,  426,  778,   20,  827,  428,  821,  158, 1109,  362, 1031,  660,  886,  789,  965,  287,  746,  534,  678,  836,  962,  782,  835,  774,  325,    0,  305,  229,  835,   93,  750,  492, 1041,   53,  828,  666,  922,  165, 1009,  454,  555,  934,  837,  714,  690,  531,  288,  544,  555,  874,  854,  805,  767,  314,  185,  619,   66,  782,  907],
        [  344,  344,  729,  323,  460,  590,  352,  490,  312,  524,  124,  526,  195,  901,  206,  810,  359,  627,  847,  711,   32,  544,  282,  600,  736,  850,  486,  554,  516,  108,  305,    0,  121,  716,  220,  458,  204,  856,  270,  630,  362,  626,  338,  757,  155,  333,  642,  830,  659,  648,  462,   18,  659,  267,  712,  573,  556,  851,  436,  396,  718,  351,  658,  604],
        [  433,  433,  773,  383,  559,  698,  429,  605,  242,  625,  229,  638,  188, 1019,  298,  929,  466,  747,  896,  831,   91,  660,  402,  688,  832,  950,  558,  672,  636,  209,  229,  121,    0,  816,  170,  572,  269,  971,  212,  746,  457,  737,  222,  877,  271,  450,  755,  901,  741,  726,  543,  107,  683,  331,  822,  691,  677,  891,  448,  369,  749,  259,  759,  707],
        [  388,  388,  455,  479,  740,  155,  410,  588,  823,  749,  698,  645,  692,  385,  519,  374,  665,  462,  471,  468,  744,  262,  488,  172,   54,  135,  896,  554,  441,  611,  835,  716,  816,    0,  762,  604,  799,  275,  784,  232,  739,  688,  972,  479,  650,  414,  662,  310,  184,  220,  307,  723,  555,  823,  126,  560,  405,  530,  597,  726,  528,  900,   59,  769],
        [  379,  379,  637,  289,  676,  670,  354,  686,   95,  739,  342,  730,   72, 1022,  273,  943,  571,  794,  762,  873,  207,  658,  441,  612,  768,  892,  703,  742,  681,  232,   93,  220,  170,  762,    0,  658,  416,  958,   51,  742,  580,  830,  212,  917,  365,  464,  842,  792,  654,  633,  464,  203,  532,  480,  794,  761,  713,  749,  295,  200,  603,  154,  708,  818],
        [  466,  466,  885,  561,  140,  451,  519,   38,  752,  149,  344,   75,  605,  572,  436,  470,  123,  235,  968,  314,  484,  343,  248,  604,  651,  713,  305,  116,  173,  429,  750,  458,  572,  604,  658,    0,  362,  583,  706,  395,  184,  174,  793,  358,  303,  286,  185,  864,  673,  687,  555,  475,  890,  340,  520,  132,  222, 1002,  747,  781,  917,  803,  558,  194],
        [  477,  477,  901,  496,  308,  653,  504,  399,  502,  374,  115,  414,  398,  898,  355,  798,  241,  580, 1013,  664,  210,  576,  312,  718,  830,  930,  290,  475,  482,  271,  492,  204,  269,  799,  416,  362,    0,  878,  465,  657,  205,  505,  478,  710,  152,  386,  531,  970,  784,  781,  601,  217,  846,   64,  763,  493,  532, 1024,  634,  599,  899,  527,  742,  457],
        [  584,  584,  729,  697,  720,  292,  623,  553, 1032,  704,  801,  592,  887,  115,  689,  155,  683,  364,  735,  320,  887,  313,  583,  436,  317,  258,  886,  490,  414,  764, 1041,  856,  971,  275,  958,  583,  878,    0,  988,  227,  757,  595, 1158,  303,  748,  523,  559,  561,  459,  494,  544,  868,  828,  884,  175,  485,  363,  797,  845,  961,  803, 1106,  299,  693],
        [  406,  406,  628,  306,  726,  699,  375,  734,   48,  789,  392,  778,  107, 1057,  311,  979,  621,  837,  753,  915,  257,  694,  485,  629,  786,  911,  753,  789,  724,  279,   53,  270,  212,  784,   51,  706,  465,  988,    0,  776,  630,  879,  203,  959,  415,  504,  890,  794,  666,  642,  481,  254,  514,  529,  822,  808,  755,  735,  279,  166,  587,  119,  731,  868],
        [  379,  379,  635,  499,  534,  119,  426,  372,  821,  534,  576,  425,  672,  281,  470,  213,  478,  230,  679,  245,  662,   87,  357,  315,  284,  322,  697,  329,  223,  540,  828,  630,  746,  232,  742,  395,  657,  227,  776,    0,  553,  459,  938,  265,  523,  297,  432,  533,  368,  397,  372,  642,  701,  667,  127,  332,  179,  730,  666,  767,  695,  893,  206,  545],
        [  506,  506,  945,  569,  104,  585,  550,  221,  673,  170,  239,  219,  544,  754,  426,  651,   76,  419, 1043,  498,  381,  486,  284,  703,  780,  860,  167,  298,  343,  378,  666,  362,  457,  739,  580,  184,  205,  757,  630,  553,    0,  304,  675,  542,  223,  352,  332,  966,  773,  779,  619,  379,  921,  166,  674,  313,  395, 1067,  739,  739,  962,  710,  687,  253],
        [  624,  624, 1025,  726,  208,  547,  679,  152,  925,  153,  509,  101,  779,  551,  607,  453,  272,  237, 1097,  279,  651,  437,  417,  725,  740,  777,  346,  139,  258,  602,  922,  626,  737,  688,  830,  174,  505,  595,  879,  459,  304,    0,  959,  310,  471,  444,   40,  975,  791,  810,  701,  643, 1044,  469,  583,  130,  285, 1137,  914,  954, 1064,  974,  653,  104],
        [  587,  587,  828,  500,  778,  874,  564,  826,  184,  844,  450,  860,  280, 1216,  469, 1131,  688,  962,  953, 1045,  310,  852,  611,  823,  979, 1102,  761,  892,  850,  403,  165,  338,  222,  972,  212,  793,  478, 1158,  203,  938,  675,  959,    0, 1090,  491,  648,  977,  997,  865,  842,  675,  322,  708,  535,  998,  911,  887,  931,  478,  347,  783,  126,  917,  926],
        [  599,  599,  900,  719,  476,  383,  652,  321, 1006,  443,  666,  338,  852,  243,  650,  151,  478,  132,  941,   47,  787,  306,  481,  580,  532,  529,  637,  244,  242,  691, 1009,  757,  877,  479,  917,  358,  710,  303,  959,  265,  542,  310, 1090,    0,  615,  456,  271,  788,  632,  661,  622,  772,  960,  696,  354,  231,  205,  994,  900,  983,  958, 1071,  465,  413],
        [  329,  329,  761,  364,  313,  507,  361,  335,  459,  375,   54,  371,  323,  779,  218,  683,  207,  484,  869,  568,  182,  439,  168,  567,  680,  782,  370,  402,  376,  156,  454,  155,  271,  650,  365,  303,  152,  748,  415,  523,  223,  471,  491,  615,    0,  238,  487,  820,  633,  631,  452,  173,  718,  192,  621,  421,  421,  884,  522,  517,  766,  504,  593,  454],
        [  181,  181,  605,  286,  389,  269,  236,  295,  551,  425,  289,  356,  397,  570,  194,  484,  287,  338,  696,  413,  365,  211,   76,  352,  447,  545,  518,  320,  229,  246,  555,  333,  450,  414,  464,  286,  386,  523,  504,  297,  352,  444,  648,  456,  238,    0,  440,  614,  421,  427,  274,  345,  605,  412,  385,  338,  253,  725,  475,  535,  632,  617,  357,  479],
        [  619,  619, 1010,  725,  240,  524,  675,  157,  936,  189,  527,  119,  788,  513,  611,  416,  294,  205, 1079,  242,  668,  415,  420,  706,  714,  747,  383,  123,  240,  612,  934,  642,  755,  662,  842,  185,  531,  559,  890,  432,  332,   40,  977,  271,  487,  440,    0,  953,  771,  792,  690,  659, 1035,  497,  554,  110,  261, 1121,  913,  959, 1052,  988,  629,  143],
        [  495,  495,  230,  519,  990,  429,  479,  856,  820, 1012,  857,  917,  733,  676,  628,  680,  897,  760,  181,  775,  853,  539,  686,  264,  258,  314, 1131,  837,  719,  725,  837,  830,  901,  310,  792,  864,  970,  561,  794,  533,  966,  975,  997,  788,  820,  614,  953,    0,  194,  189,  371,  831,  374, 1010,  436,  846,  692,  248,  534,  679,  313,  896,  328, 1045],
        [  316,  316,  275,  367,  798,  254,  313,  667,  699,  821,  673,  728,  588,  567,  454,  547,  704,  586,  312,  612,  684,  357,  494,   71,  152,  270,  938,  653,  534,  552,  714,  659,  741,  184,  654,  673,  784,  459,  666,  368,  773,  791,  865,  632,  633,  421,  771,  194,    0,   37,  198,  662,  371,  822,  299,  662,  511,  363,  442,  580,  345,  777,  171,  857],
        [  308,  308,  242,  348,  809,  280,  299,  683,  674,  835,  669,  745,  568,  602,  444,  580,  712,  611,  288,  640,  672,  380,  498,   86,  188,  305,  945,  672,  553,  542,  690,  648,  726,  220,  633,  687,  781,  494,  642,  397,  779,  810,  842,  661,  631,  427,  792,  189,   37,    0,  186,  650,  335,  821,  333,  683,  534,  335,  411,  551,  310,  752,  204,  873],
        [  124,  124,  331,  176,  662,  261,  115,  559,  518,  698,  487,  621,  396,  634,  258,  582,  558,  538,  425,  590,  487,  317,  336,  149,  306,  431,  785,  567,  454,  356,  531,  462,  543,  307,  464,  555,  601,  544,  481,  372,  619,  701,  675,  622,  452,  274,  690,  371,  198,  186,    0,  465,  347,  644,  369,  581,  451,  451,  302,  422,  364,  596,  258,  748],
        [  347,  347,  725,  321,  477,  599,  353,  507,  295,  541,  141,  543,  181,  913,  209,  823,  376,  642,  845,  726,   23,  556,  296,  604,  742,  857,  501,  571,  531,  113,  288,   18,  107,  723,  203,  475,  217,  868,  254,  642,  379,  643,  322,  772,  173,  345,  659,  831,  662,  650,  465,    0,  652,  280,  721,  590,  571,  846,  427,  383,  712,  334,  665,  622],
        [  426,  426,  147,  355,  982,  583,  375,  898,  525, 1026,  735,  959,  496,  933,  501,  901,  871,  884,  259,  932,  670,  658,  652,  396,  522,  631, 1083,  912,  801,  576,  544,  659,  683,  555,  532,  890,  846,  828,  514,  701,  921, 1044,  708,  960,  718,  605, 1035,  374,  371,  335,  347,  652,    0,  902,  661,  927,  798,  226,  238,  362,   77,  590,  531, 1083],
        [  521,  521,  951,  550,  265,  674,  552,  378,  566,  329,  168,  383,  461,  895,  406,  793,  218,  568, 1061,  650,  273,  590,  337,  754,  858,  952,  228,  455,  478,  327,  555,  267,  331,  823,  480,  340,   64,  884,  529,  667,  166,  469,  535,  696,  192,  412,  497, 1010,  822,  821,  644,  280,  902,    0,  778,  471,  529, 1075,  693,  662,  953,  589,  767,  411],
        [  416,  416,  573,  526,  660,  125,  452,  499,  864,  660,  673,  551,  723,  273,  531,  250,  598,  350,  596,  347,  742,  190,  454,  266,  179,  196,  821,  454,  349,  613,  874,  712,  822,  126,  794,  520,  763,  175,  822,  127,  674,  583,  998,  354,  621,  385,  554,  436,  299,  333,  369,  721,  661,  778,    0,  457,  306,  654,  670,  788,  642,  940,  130,  670],
        [  514,  514,  901,  623,  246,  418,  570,   94,  855,  221,  467,  110,  704,  458,  517,  356,  254,  122,  970,  189,  602,  308,  327,  597,  611,  652,  410,   20,  130,  530,  854,  573,  691,  560,  761,  132,  493,  485,  808,  332,  313,  130,  911,  231,  421,  338,  110,  846,  662,  683,  581,  590,  927,  471,  457,    0,  156, 1012,  812,  865,  943,  911,  523,  214],
        [  407,  407,  759,  525,  362,  263,  462,  196,  802,  356,  473,  246,  648,  366,  446,  266,  322,   90,  821,  161,  587,  155,  277,  448,  455,  501,  527,  151,   52,  487,  805,  556,  677,  405,  713,  222,  532,  363,  755,  179,  395,  285,  887,  205,  421,  253,  261,  692,  511,  534,  451,  571,  798,  529,  306,  156,    0,  866,  710,  784,  807,  866,  368,  366],
        [  562,  562,  124,  530, 1113,  615,  524, 1003,  748, 1147,  910, 1065,  705,  911,  669,  903, 1008,  945,   69,  975,  866,  713,  785,  420,  483,  558, 1233, 1000,  882,  757,  767,  851,  891,  530,  749, 1002, 1024,  797,  735,  730, 1067, 1137,  931,  994,  884,  725, 1121,  248,  363,  335,  451,  846,  226, 1075,  654, 1012,  866,    0,  456,  587,  150,  815,  531, 1193],
        [  304,  304,  351,  189,  815,  561,  249,  763,  295,  867,  528,  820,  261,  934,  317,  878,  702,  799,  476,  864,  443,  600,  499,  427,  584,  708,  892,  795,  699,  369,  314,  436,  448,  597,  295,  747,  634,  845,  279,  666,  739,  914,  478,  900,  522,  475,  913,  534,  442,  411,  302,  427,  238,  693,  670,  812,  710,  456,    0,  145,  309,  366,  554,  934],
        [  390,  390,  489,  269,  826,  672,  341,  804,  165,  884,  508,  855,  202, 1043,  349,  978,  715,  871,  612,  943,  392,  693,  540,  558,  718,  843,  878,  847,  764,  363,  185,  396,  369,  726,  200,  781,  599,  961,  166,  767,  739,  954,  347,  983,  517,  535,  959,  679,  580,  551,  422,  383,  362,  662,  788,  865,  784,  587,  145,    0,  438,  229,  679,  959],
        [  458,  458,   84,  404, 1017,  576,  412,  922,  599, 1056,  787,  984,  562,  912,  548,  888,  908,  891,  184,  933,  730,  661,  686,  382,  490,  591, 1125,  930,  815,  630,  619,  718,  749,  528,  603,  917,  899,  803,  587,  695,  962, 1064,  783,  958,  766,  632, 1052,  313,  345,  310,  364,  712,   77,  953,  642,  943,  807,  150,  309,  438,    0,  666,  513, 1110],
        [  524,  524,  715,  422,  810,  817,  492,  833,   78,  874,  473,  874,  223, 1174,  426, 1096,  709,  947,  839, 1027,  330,  810,  594,  743,  901, 1026,  817,  892,  834,  384,   66,  351,  259,  900,  154,  803,  527, 1106,  119,  893,  710,  974,  126, 1071,  504,  617,  988,  896,  777,  752,  596,  334,  590,  589,  940,  911,  866,  815,  366,  229,  666,    0,  848,  955],
        [  331,  331,  445,  427,  693,  108,  356,  545,  770,  705,  640,  603,  637,  402,  461,  377,  614,  433,  476,  450,  686,  219,  432,  137,   94,  193,  846,  517,  400,  553,  782,  658,  759,   59,  708,  558,  742,  299,  731,  206,  687,  653,  917,  465,  593,  357,  629,  328,  171,  204,  258,  665,  531,  767,  130,  523,  368,  531,  554,  679,  513,  848,    0,  729],
        [  658,  658, 1077,  750,  149,  622,  711,  192,  912,   83,  482,  129,  773,  653,  620,  555,  248,  332, 1157,  381,  626,  511,  437,  789,  819,  866,  254,  216,  330,  598,  907,  604,  707,  769,  818,  194,  457,  693,  868,  545,  253,  104,  926,  413,  454,  479,  143, 1045,  857,  873,  748,  622, 1083,  411,  670,  214,  366, 1193,  934,  959, 1110,  955,  729,    0]
    ]
}
