{
    "name": "random-73-31028",
    "comment": "size=73 seed=31028",
    "nodes": ["+0", "-0", "+1", "-1", "+2", "-2", "+3", "-3", "+4", "-4", "+5", "-5", "+6", "-6", "+7", "-7", "+8", "-8", "+9", "-9", "+10", "-10", "+11", "-11", "+12", "-12", "+13", "-13", "+14", "-14", "+15", "-15", "+16", "-16", "+17", "-17", "+18", "-18", "+19", "-19", "+20", "-20", "+21", "-21", "+22", "-22", "+23", "-23", "+24", "-24", "+25", "-25", "+26", "-26", "+27", "-27", "+28", "-28", "+29", "-29", "+30", "-30", "+31", "-31", "+32", "-32", "+33", "-33", "+34", "-34", "+35", "-35", "+36", "-36", "+37", "-37", "+38", "-38", "+39", "-39", "+40", "-40", "+41", "-41", "+42", "-42", "+43", "-43", "+44", "-44", "+45", "-45", "+46", "-46", "+47", "-47", "+48", "-48", "+49", "-49", "+50", "-50", "+51", "-51", "+52", "-52", "+53", "-53", "+54", "-54", "+55", "-55", "+56", "-56", "+57", "-57", "+58", "-58", "+59", "-59", "+60", "-60", "+61", "-61", "+62", "-62", "+63", "-63", "+64", "-64", "+65", "-65", "+66", "-66", "+67", "-67", "+68", "-68", "+69", "-69", "+70", "-70", "+71", "-71", "+72", "-72", "+73", "-73"],
    "precedence": {
        "+0": "-0",
        "+1": "-1",
        "+2": "-2",
        "+3": "-3",
        "+4": "-4",
        "+5": "-5",
        "+6": "-6",
        "+7": "-7",
        "+8": "-8",
        "+9": "-9",
        "+10": "-10",
        "+11": "-11",
        "+12": "-12",
        "+13": "-13",
        "+14": "-14",
        "+15": "-15",
        "+16": "-16",
        "+17": "-17",
        "+18": "-18",
        "+19": "-19",
        "+20": "-20",
        "+21": "-21",
        "+22": "-22",
        "+23": "-23",
        "+24": "-24",
        "+25": "-25",
        "+26": "-26",
        "+27": "-27",
        "+28": "-28",
        "+29": "-29",
        "+30": "-30",
        "+31": "-31",
        "+32": "-32",
        "+33": "-33",
        "+34": "-34",
        "+35": "-35",
        "+36": "-36",
        "+37": "-37",
        "+38": "-38",
        "+39": "-39",
        "+40": "-40",
        "+41": "-41",
        "+42": "-42",
        "+43": "-43",
        "+44": "-44",
        "+45": "-45",
        "+46": "-46",
        "+47": "-47",
        "+48": "-48",
        "+49": "-49",
        "+50": "-50",
        "+51": "-51",
        "+52": "-52",
        "+53": "-53",
        "+54": "-54",
        "+55": "-55",
        "+56": "-56",
        "+57": "-57",
        "+58": "-58",
        "+59": "-59",
        "+60": "-60",
        "+61": "-61",
        "+62": "-62",
        "+63": "-63",
        "+64": "-64",
        "+65": "-65",
        "+66": "-66",
        "+67": "-67",
        "+68": "-68",
        "+69": "-69",
        "+70": "-70",
        "+71": "-71",
        "+72": "-72",
        "+73": "-73"
    },
    "edges": [
        [    0,    0,  467,  425,  676,   72,  422,  323,  585,  401,  385,  413,  353,  371,  659,  522,  522,  275,  221,  323,  296,  433,  333,  205,  435,  574,  503,  248,  671,  375,   60,  527,  334,  685,  586,  504,  415,  123,  357,  193,  583,  326,  350,  105,   86,  432,  351,  246,  313,  344,  502,  441,  487,  377,  259,  165,  389,  329,  314,  420,  313,  182,  488,  411,  413,  544,  304,  358,  140,  502,   36,  703,  478,  707,   56,  433,  394,  546,  256,  681,  680,   57,  297,  429,  455,  715,  446,  216,  396,  452,  555,  304,  586,  594,  217,   68,  395,  552,  268,  301,  347,  357,  483,  704,  209,  638,   61,  463,  545,  314,  267,  368,  286,  393,  610,  526,  453,  433,  312,  388,  380,  515,  271,  362,  577,  426,  564,  683,  263,  212,  328,  318,  335,  348,  332,  338,  238,  265,  600,  216,  153,  472,  645,  426,  382,  377,  604,  776],
        [    0,    0,    0,    0,    0,    0,    0,    0,    0,    0,    0,    0,    0,    0,    0,    0,    0,    0,    0,    0,    0,    0,    0,    0,    0,    0,    0,    0,    0,    0,    0,    0,    0,    0,    0,    0,    0,    0,    0,    0,    0,    0,    0,    0,    0,    0,    0,    0,    0,    0,    0,    0,    0,    0,    0,    0,    0,    0,    0,    0,    0,    0,    0,    0,    0,    0,    0,    0,    0,    0,    0,    0,    0,    0,    0,    0,    0,    0,    0,    0,    0,    0,    0,    0,    0,    0,    0,    0,    0,    0,    0,    0,    0,    0,    0,    0,    0,    0,    0,    0,    0,    0,    0,    0,    0,    0,    0,    0,    0,    0,    0,    0,    0,    0,    0,    0,    0,    0,    0,    0,    0,    0,    0,    0,    0,    0,    0,    0,    0,    0,    0,    0,    0,    0,    0,    0,    0,    0,    0,    0,    0,    0,    0,    0,    0,    0,    0,    0],
        [  467,    0,    0,  307,  356,  538,   66,  786,  157,  768,  808,  593,  309,  794,  318,  328,  822,  729,  369,  567,  712,  874,  478,  378,   80,  265,  862,  518,  326,  841,  445,  132,  725,  430,  255,  338,  580,  352,  823,  486,  143,  179,  816,  400,  382,  209,  624,  360,  469,  804,  872,  868,  396,  613,  609,  562,  830,  381,  703,  251,  718,  360,   38,  761,  165,  458,  620,  114,  600,   37,  471,  450,  860,  503,  419,  410,  811,  333,  636,  341,  351,  523,  177,  492,  760,  436,  491,  564,  744,  884,  192,  517,  441,  474,  614,  471,  615,  153,  290,  683,  793,  814,  201,  403,  433,  342,  481,  412,  675,  771,  616,  117,  430,  128,  969,  231,  274,  632,  779,  406,  832,  653,  410,  808,  555,  870,  872, 1013,  695,  650,  246,  557,  774,  647,  430,  554,  427,  709,  894,  435,  563,  272,  341,  133,  352,  635,  966,  545],
        [  425,    0,  307,    0,  661,  482,  246,  677,  460,  556,  635,  741,  509,  623,  624,  601,  919,  607,  212,  678,  720,  713,  223,  479,  228,  187,  920,  607,  632,  755,  444,  239,  755,  728,  207,   80,  302,  375,  738,  556,  442,  364,  717,  321,  369,  469,  725,  188,  610,  749,  649,  865,  639,  359,  420,  580,  675,  133,  734,   56,  541,  245,  289,  823,  143,  708,  696,  246,  510,  331,  405,  279,  900,  793,  371,  627,  632,  613,  671,  647,  657,  463,  314,  197,  513,  738,  191,  388,  807,  874,  218,  638,  710,  738,  636,  470,  744,  250,  437,  497,  767,  765,  485,  707,  260,  643,  473,  105,  855,  727,  671,  330,  568,  372, 1029,  153,   50,  774,  690,  602,  692,  827,  198,  780,  790,  844,  966, 1096,  687,  636,  439,  670,  623,  417,  175,  306,  234,  574,  997,  532,  572,  538,  236,  400,   71,  745, 1023,  842],
        [  676,    0,  356,  661,    0,  738,  416,  986,  222, 1051, 1058,  552,  338, 1044,   44,  178,  799,  948,  675,  586,  814, 1108,  808,  493,  435,  601,  881,  582,   43, 1014,  628,  465,  800,  101,  584,  693,  915,  556,  997,  584,  244,  368, 1003,  656,  599,  246,  639,  675,  485,  953, 1156,  955,  269,  933,  891,  689, 1064,  718,  782,  606,  979,  650,  381,  793,  519,  279,  667,  431,  813,  339,  696,  780,  901,  188,  648,  333, 1065,  153,  725,   32,   15,  729,  416,  839, 1067,   87,  840,  842,  779,  977,  522,  542,  218,  252,  724,  644,  593,  475,  410,  955,  915,  956,  201,   49,  732,   42,  658,  766,  562,  914,  688,  358,  470,  317,  972,  577,  630,  589,  962,  369, 1053,  555,  730,  929,  372,  980,  846,  983,  815,  786,  348,  578, 1010,  950,  764,  875,  736,  940,  851,  524,  698,  207,  666,  280,  700,  634,  973,  204],
        [   72,    0,  538,  482,  738,    0,  493,  254,  655,  366,  331,  426,  409,  317,  723,  579,  499,  210,  272,  331,  248,  372,  363,  255,  505,  638,  465,  261,  736,  304,  111,  597,  295,  742,  651,  560,  431,  192,  286,  212,  653,  394,  280,  163,  157,  496,  348,  297,  343,  275,  461,  385,  536,  380,  243,  147,  328,  376,  276,  482,  270,  238,  559,  380,  480,  590,  293,  429,   76,  573,   77,  760,  435,  759,  123,  479,  342,  604,  228,  745,  743,   19,  368,  461,  434,  773,  480,  209,  367,  393,  623,  323,  636,  640,  187,   99,  401,  621,  328,  267,  286,  289,  549,  764,  245,  700,   85,  510,  558,  248,  250,  439,  323,  462,  569,  591,  513,  439,  241,  432,  315,  528,  312,  300,  612,  363,  537,  648,  211,  160,  391,  327,  276,  338,  370,  351,  276,  206,  575,  251,  130,  533,  707,  494,  433,  375,  562,  828],
        [  422,    0,   66,  246,  416,  493,    0,  737,  222,  707,  751,  594,  319,  737,  378,  368,  813,  678,  307,  557,  682,  818,  413,  360,   26,  234,  844,  502,  387,  796,  407,  122,  700,  484,  230,  285,  515,  314,  778,  464,  208,  174,  769,  347,  339,  241,  614,  297,  465,  764,  810,  838,  424,  548,  549,  531,  775,  316,  677,  191,  659,  302,   68,  743,  105,  490,  603,   66,  551,   98,  423,  418,  838,  552,  372,  429,  753,  377,  610,  402,  411,  477,  152,  428,  696,  493,  427,  504,  726,  852,  173,  509,  481,  511,  585,  434,  611,  147,  281,  624,  757,  775,  245,  461,  372,  398,  443,  351,  686,  732,  594,  115,  424,  146,  953,  193,  218,  632,  733,  417,  779,  663,  346,  772,  582,  835,  863, 1002,  661,  615,  250,  548,  719,  584,  365,  490,  364,  655,  887,  418,  530,  308,  315,  164,  289,  626,  949,  599],
        [  323,    0,  786,  677,  986,  254,  737,    0,  908,  285,  171,  591,  651,  165,  974,  822,  556,   74,  470,  498,  280,  156,  495,  495,  746,  852,  471,  450,  986,   91,  361,  832,  338,  982,  868,  750,  513,  445,   81,  421,  906,  647,   45,  392,  408,  747,  486,  493,  550,  145,  332,  313,  767,  435,  289,  318,  124,  551,  334,  692,  199,  452,  804,  431,  708,  812,  426,  674,  187,  822,  316,  944,  421,  990,  368,  704,  189,  847,  338,  995,  992,  267,  619,  590,  394, 1016,  611,  299,  425,  304,  850,  512,  865,  865,  311,  343,  553,  855,  578,  239,  216,  165,  800, 1010,  418,  947,  330,  673,  712,  164,  380,  691,  544,  715,  545,  808,  717,  589,   53,  657,   87,  685,  482,  218,  815,  256,  575,  639,  244,  236,  641,  499,  112,  361,  525,  441,  444,  112,  617,  476,  304,  780,  912,  748,  615,  512,  535, 1061],
        [  585,    0,  157,  460,  222,  655,  222,  908,    0,  916,  946,  611,  332,  932,  179,  266,  855,  857,  519,  610,  795, 1008,  634,  451,  235,  380,  914,  578,  184,  954,  552,  246,  797,  311,  364,  481,  737,  464,  936,  559,   24,  263,  934,  535,  500,  204,  668,  513,  505,  907, 1021,  948,  359,  768,  755,  651,  964,  538,  776,  404,  859,  506,  171,  816,  319,  406,  677,  261,  723,  129,  596,  559,  921,  394,  544,  397,  951,  258,  711,  199,  213,  642,  290,  648,  913,  308,  646,  708,  800,  967,  302,  560,  368,  404,  697,  575,  642,  254,  356,  827,  886,  915,  158,  270,  583,  220,  587,  564,  665,  871,  684,  218,  473,  195, 1017,  360,  423,  651,  894,  411,  961,  649,  564,  901,  508,  959,  906, 1048,  785,  745,  295,  601,  908,  799,  587,  709,  579,  840,  920,  501,  655,  234,  444,  166,  509,  672, 1016,  423],
        [  401,    0,  768,  556, 1051,  366,  707,  285,  916,    0,  129,  788,  748,  128, 1027,  912,  814,  233,  400,  692,  532,  203,  335,  605,  705,  742,  743,  625, 1039,  372,  460,  768,  591, 1074,  763,  610,  295,  504,  365,  578,  907,  684,  326,  395,  460,  806,  700,  412,  707,  428,  106,  595,  886,  215,  162,  501,  190,  426,  581,  591,  103,  411,  773,  687,  641,  945,  641,  657,  300,  803,  371,  781,  696, 1103,  411,  834,  114,  935,  559, 1051, 1053,  363,  639,  402,  112, 1101,  421,  210,  678,  588,  765,  688,  984,  994,  522,  458,  759,  786,  657,  101,  493,  449,  851, 1085,  335, 1017,  446,  510,  919,  439,  594,  706,  685,  742,  825,  707,  604,  798,  334,  788,  230,  889,  371,  498,  976,  541,  840,  918,  490,  459,  711,  689,  174,  142,  381,  254,  345,  201,  882,  613,  483,  857,  781,  778,  485,  727,  816, 1171],
        [  385,    0,  808,  635, 1058,  331,  751,  171,  946,  129,    0,  730,  737,   15, 1039,  906,  722,  141,  452,  634,  441,   82,  424,  585,  754,  820,  641,  575, 1051,  251,  438,  827,  500, 1069,  839,  698,  407,  503,  247,  535,  940,  698,  207,  413,  460,  813,  632,  469,  667,  316,  162,  483,  866,  325,  216,  443,   62,  503,  494,  662,   95,  450,  818,  595,  699,  920,  572,  694,  256,  844,  363,  879,  591, 1089,  411,  809,   18,  930,  485, 1062, 1062,  335,  660,  505,  240, 1099,  525,  252,  588,  473,  833,  638,  966,  971,  452,  429,  696,  848,  652,  139,  386,  336,  862, 1088,  388, 1022,  416,  605,  857,  334,  524,  730,  652,  761,  715,  780,  681,  734,  223,  762,  103,  828,  440,  389,  937,  425,  743,  810,  402,  381,  711,  633,   66,  246,  464,  351,  407,  128,  785,  580,  426,  856,  868,  797,  566,  659,  706, 1158],
        [  413,    0,  593,  741,  552,  426,  594,  591,  611,  788,  730,    0,  287,  718,  564,  380,  249,  590,  590,   97,  332,  745,  729,  264,  618,  821,  332,  167,  575,  576,  358,  713,  293,  499,  821,  814,  822,  381,  563,  221,  624,  421,  587,  487,  406,  409,  113,  610,  132,  496,  877,  436,  283,  789,  666,  289,  706,  694,  282,  709,  688,  545,  629,  252,  654,  288,  168,  542,  488,  614,  448,  993,  358,  468,  437,  223,  744,  402,  256,  576,  564,  432,  450,  814,  859,  538,  828,  626,  241,  460,  766,  111,  354,  335,  281,  346,   47,  738,  316,  692,  435,  490,  454,  552,  605,  512,  355,  815,  133,  457,  212,  481,  175,  465,  421,  774,  747,   41,  548,  201,  676,  103,  654,  445,  244,  478,  298,  439,  355,  356,  347,   99,  666,  758,  714,  748,  630,  605,  310,  215,  306,  384,  902,  471,  726,   94,  422,  535],
        [  353,    0,  309,  509,  338,  409,  319,  651,  332,  748,  737,  287,    0,  722,  332,  171,  526,  618,  422,  279,  482,  780,  570,  157,  345,  552,  584,  254,  344,  676,  299,  434,  476,  334,  549,  573,  677,  245,  659,  248,  342,  151,  667,  362,  288,  128,  337,  433,  173,  616,  851,  630,  145,  671,  594,  351,  736,  504,  456,  467,  665,  384,  346,  486,  396,  212,  349,  277,  485,  328,  378,  732,  592,  356,  337,  118,  746,  196,  395,  351,  346,  402,  196,  633,  784,  365,  641,  546,  471,  650,  490,  229,  239,  254,  389,  312,  314,  458,   93,  648,  581,  619,  180,  359,  465,  298,  325,  601,  368,  577,  362,  204,  144,  181,  686,  509,  502,  327,  625,   99,  721,  345,  488,  595,  282,  649,  577,  719,  480,  449,   72,  270,  684,  669,  539,  617,  479,  614,  594,  187,  360,  132,  633,  185,  516,  341,  685,  424],
        [  371,    0,  794,  623, 1044,  317,  737,  165,  932,  128,   15,  718,  722,    0, 1025,  892,  713,  130,  438,  621,  432,   91,  413,  570,  740,  808,  633,  562, 1037,  247,  424,  814,  491, 1055,  827,  687,  399,  488,  242,  521,  926,  684,  202,  398,  445,  798,  620,  456,  654,  310,  170,  477,  852,  317,  204,  430,   65,  491,  484,  650,   83,  436,  805,  586,  686,  906,  560,  680,  242,  830,  348,  869,  584, 1075,  397,  795,   27,  916,  474, 1048, 1048,  321,  645,  495,  239, 1085,  516,  239,  579,  468,  820,  625,  952,  957,  440,  415,  684,  835,  637,  128,  379,  330,  848, 1073,  375, 1007,  402,  595,  845,  326,  512,  716,  638,  747,  709,  768,  669,  722,  216,  748,  103,  816,  428,  382,  924,  420,  735,  804,  392,  370,  697,  620,   56,  238,  453,  341,  394,  114,  777,  566,  414,  842,  856,  783,  555,  647,  700, 1144],
        [  659,    0,  318,  624,   44,  723,  378,  974,  179, 1027, 1039,  564,  332, 1025,    0,  184,  812,  933,  646,  591,  812, 1092,  776,  483,  396,  558,  890,  581,   13, 1005,  613,  423,  801,  142,  542,  653,  882,  538,  988,  579,  202,  344,  993,  633,  580,  228,  645,  645,  488,  947, 1133,  956,  282,  903,  867,  682, 1047,  685,  782,  568,  958,  623,  341,  799,  482,  301,  670,  397,  797,  298,  677,  737,  907,  229,  628,  341, 1046,  162,  724,   25,   35,  713,  390,  804, 1040,  131,  804,  818,  785,  978,  480,  545,  245,  279,  720,  631,  603,  432,  397,  933,  912,  951,  177,   92,  705,   61,  644,  728,  583,  908,  688,  328,  469,  288,  984,  536,  591,  602,  951,  374, 1038,  574,  699,  926,  398,  979,  860,  999,  811,  780,  333,  582,  993,  923,  732,  845,  707,  923,  867,  518,  690,  200,  623,  252,  665,  642,  984,  247],
        [  522,    0,  328,  601,  178,  579,  368,  822,  266,  912,  906,  380,  171,  892,  184,    0,  629,  788,  562,  409,  638,  951,  706,  327,  393,  592,  707,  405,  195,  844,  469,  458,  623,  164,  582,  651,  814,  409,  827,  411,  285,  252,  836,  520,  453,  133,  463,  568,  308,  780, 1016,  778,  101,  819,  755,  517,  906,  627,  605,  550,  832,  530,  363,  617,  468,  141,  490,  356,  655,  329,  546,  778,  725,  200,  502,  158,  915,   26,  549,  198,  188,  572,  306,  755,  942,  195,  760,  707,  603,  800,  519,  364,  114,  147,  549,  482,  420,  476,  256,  813,  740,  782,  129,  191,  613,  136,  496,  702,  409,  740,  512,  272,  294,  230,  800,  557,  582,  419,  794,  192,  892,  397,  624,  754,  243,  804,  677,  817,  641,  614,  203,  401,  854,  825,  668,  763,  623,  784,  685,  351,  527,   64,  668,  205,  625,  459,  801,  262],
        [  522,    0,  822,  919,  799,  499,  813,  556,  855,  814,  722,  249,  526,  713,  812,  629,    0,  585,  735,  256,  283,  709,  854,  456,  835, 1027,  119,  316,  823,  504,  483,  934,  224,  739, 1031,  997,  929,  545,  498,  364,  867,  644,  533,  620,  554,  652,  200,  759,  355,  421,  882,  288,  531,  877,  731,  358,  679,  845,  234,  898,  712,  692,  856,  128,  857,  527,  224,  754,  533,  846,  553, 1187,  169,  697,  566,  472,  738,  650,  272,  823,  811,  513,  663,  950,  906,  778,  967,  705,  137,  310,  982,  305,  593,  570,  312,  461,  214,  959,  533,  731,  347,  406,  699,  795,  730,  759,  463,  976,  269,  393,  255,  706,  392,  697,  177,  979,  934,  211,  504,  447,  640,  261,  791,  349,  460,  348,   51,  193,  325,  359,  578,  265,  657,  827,  852,  849,  760,  614,   79,  397,  372,  631, 1107,  708,  890,  188,  180,  760],
        [  275,    0,  729,  607,  948,  210,  678,   74,  857,  233,  141,  590,  618,  130,  933,  788,  585,    0,  402,  495,  304,  164,  422,  463,  685,  784,  511,  438,  945,  162,  321,  769,  363,  951,  800,  678,  442,  398,  150,  402,  853,  599,  118,  331,  358,  705,  491,  424,  534,  200,  298,  365,  741,  365,  216,  306,  120,  479,  355,  623,  136,  387,  745,  458,  644,  791,  431,  616,  136,  765,  262,  872,  464,  964,  314,  681,  157,  813,  344,  955,  953,  220,  567,  517,  336,  983,  538,  226,  451,  360,  784,  502,  840,  843,  312,  307,  555,  792,  538,  171,  261,  221,  757,  974,  347,  910,  293,  600,  716,  207,  384,  639,  522,  666,  593,  740,  648,  593,  108,  633,  106,  688,  411,  267,  803,  314,  610,  686,  263,  241,  601,  494,   77,  292,  452,  369,  373,   40,  652,  451,  289,  743,  842,  700,  544,  518,  584, 1035],
        [  221,    0,  369,  212,  675,  272,  307,  470,  519,  400,  452,  590,  422,  438,  646,  562,  735,  402,    0,  512,  515,  524,  149,  333,  306,  383,  723,  437,  657,  545,  252,  376,  554,  715,  399,  290,  255,  210,  528,  381,  509,  313,  509,  117,  186,  439,  552,   26,  467,  537,  504,  656,  566,  259,  243,  384,  484,  110,  534,  222,  358,   45,  373,  629,  248,  634,  513,  259,  298,  404,  197,  489,  698,  761,  171,  534,  452,  581,  475,  670,  675,  253,  261,  225,  396,  736,  239,  201,  614,  664,  385,  480,  656,  675,  437,  275,  583,  397,  332,  320,  556,  553,  476,  714,   66,  646,  275,  243,  716,  515,  481,  318,  429,  358,  830,  339,  249,  618,  480,  497,  495,  686,   67,  569,  695,  633,  779,  903,  480,  429,  364,  505,  429,  281,  125,  202,   62,  372,  814,  375,  373,  501,  444,  395,  162,  575,  824,  822],
        [  323,    0,  567,  678,  586,  331,  557,  498,  610,  692,  634,   97,  279,  621,  591,  409,  256,  495,  512,    0,  250,  650,  647,  203,  580,  775,  306,   77,  603,  488,  270,  679,  221,  547,  778,  754,  736,  307,  474,  133,  620,  389,  496,  404,  327,  407,   59,  534,  106,  411,  780,  374,  322,  699,  572,  192,  610,  619,  206,  652,  592,  468,  601,  210,  605,  345,   86,  500,  392,  592,  358,  940,  317,  529,  352,  256,  648,  433,  166,  606,  596,  338,  408,  735,  764,  585,  750,  534,  195,  396,  727,   51,  407,  396,  187,  256,   73,  704,  278,  596,  354,  407,  457,  593,  521,  545,  264,  745,  228,  371,  123,  451,  139,  443,  408,  727,  689,  110,  456,  218,  582,  198,  574,  366,  323,  407,  306,  447,  267,  262,  324,   10,  570,  665,  635,  660,  548,  508,  330,  147,  210,  397,  855,  456,  657,   70,  407,  599],
        [  296,    0,  712,  720,  814,  248,  682,  280,  795,  532,  441,  332,  482,  432,  812,  638,  283,  304,  515,  250,    0,  436,  609,  344,  700,  862,  222,  233,  825,  248,  283,  798,   60,  787,  871,  799,  670,  371,  236,  238,  800,  541,  265,  400,  359,  603,  220,  540,  334,  165,  601,  156,  561,  610,  459,  151,  403,  621,   55,  712,  430,  477,  741,  156,  695,  592,  166,  617,  262,  744,  319,  998,  187,  776,  350,  495,  458,  664,   90,  830,  823,  266,  536,  709,  627,  824,  727,  439,  148,  173,  834,  281,  653,  644,   99,  256,  288,  824,  440,  451,  105,  159,  657,  827,  492,  773,  250,  756,  441,  128,  130,  599,  345,  607,  322,  813,  746,  321,  230,  451,  366,  416,  559,  118,  571,  167,  310,  405,   43,   89,  502,  254,  377,  553,  617,  590,  523,  332,  351,  298,  154,  613,  936,  631,  676,  243,  315,  846],
        [  433,    0,  874,  713, 1108,  372,  818,  156, 1008,  203,   82,  745,  780,   91, 1092,  951,  709,  164,  524,  650,  436,    0,  504,  625,  823,  897,  618,  598, 1104,  212,  482,  899,  493, 1113,  916,  777,  488,  555,  214,  564, 1003,  755,  177,  475,  513,  864,  641,  543,  695,  290,  204,  451,  904,  406,  294,  465,   45,  581,  490,  739,  173,  519,  886,  585,  772,  954,  581,  760,  296,  910,  416,  960,  566, 1127,  467,  844,   91,  975,  492, 1114, 1113,  380,  719,  586,  312, 1145,  606,  327,  580,  437,  907,  661, 1003, 1005,  464,  469,  707,  921,  699,  219,  364,  308,  916, 1136,  462, 1071,  456,  685,  867,  316,  534,  790,  684,  819,  683,  857,  758,  744,  206,  796,   70,  840,  517,  364,  963,  389,  725,  779,  400,  390,  761,  650,  101,  327,  544,  432,  483,  170,  767,  614,  449,  904,  947,  854,  645,  667,  673, 1198],
        [  333,    0,  478,  223,  808,  363,  413,  495,  634,  335,  424,  729,  570,  413,  776,  706,  854,  422,  149,  647,  609,  504,    0,  478,  404,  408,  827,  570,  786,  581,  378,  448,  657,  855,  429,  276,  109,  354,  567,  514,  620,  455,  539,  244,  324,  579,  681,  138,  610,  594,  427,  735,  714,  139,  214,  497,  471,  100,  638,  264,  332,  190,  473,  740,  328,  782,  636,  380,  360,  510,  301,  457,  796,  905,  295,  682,  418,  724,  585,  800,  806,  346,  401,  100,  293,  874,  120,  197,  726,  739,  437,  619,  802,  822,  546,  397,  719,  464,  480,  286,  629,  613,  612,  849,  126,  781,  393,  182,  857,  581,  600,  451,  574,  493,  931,  375,  271,  755,  520,  645,  494,  828,   83,  641,  844,  702,  895, 1010,  570,  521,  511,  640,  423,  195,   50,   84,   99,  385,  932,  516,  483,  643,  448,  528,  153,  706,  924,  964],
        [  205,    0,  378,  479,  493,  255,  360,  495,  451,  605,  585,  264,  157,  570,  483,  327,  456,  463,  333,  203,  344,  625,  478,    0,  382,  573,  485,  142,  496,  522,  147,  481,  350,  489,  576,  553,  577,  125,  505,  109,  456,  201,  511,  242,  160,  263,  257,  351,  135,  465,  706,  498,  283,  556,  458,  202,  581,  433,  328,  450,  517,  289,  410,  384,  402,  340,  243,  300,  331,  408,  235,  737,  482,  505,  203,  229,  595,  352,  262,  504,  500,  250,  209,  557,  653,  522,  569,  412,  367,  516,  527,  160,  382,  389,  247,  157,  267,  507,   96,  505,  436,  470,  317,  515,  358,  453,  170,  552,  385,  427,  238,  262,   97,  265,  593,  525,  487,  296,  469,  184,  566,  356,  398,  451,  378,  509,  505,  644,  335,  299,  159,  194,  530,  542,  457,  508,  380,  460,  532,   59,  209,  286,  653,  287,  463,  273,  590,  574],
        [  435,    0,   80,  228,  435,  505,   26,  746,  235,  705,  754,  618,  345,  740,  396,  393,  835,  685,  306,  580,  700,  823,  404,  382,    0,  208,  865,  524,  405,  807,  422,  100,  719,  505,  205,  262,  505,  330,  789,  485,  218,  198,  779,  355,  352,  266,  636,  294,  489,  777,  808,  855,  450,  541,  549,  549,  780,  306,  696,  172,  662,  305,   69,  764,   86,  516,  624,   84,  561,  107,  433,  392,  858,  575,  382,  455,  755,  401,  629,  420,  430,  488,  174,  414,  691,  513,  412,  505,  747,  869,  148,  532,  506,  537,  603,  449,  635,  126,  305,  625,  773,  789,  268,  481,  371,  418,  458,  333,  712,  746,  614,  141,  448,  172,  974,  167,  196,  657,  743,  443,  785,  688,  340,  788,  608,  851,  885, 1025,  678,  630,  275,  571,  724,  580,  356,  483,  361,  662,  910,  440,  547,  333,  289,  190,  274,  649,  970,  620],
        [  574,    0,  265,  187,  601,  638,  234,  852,  380,  742,  820,  821,  552,  808,  558,  592, 1027,  784,  383,  775,  862,  897,  408,  573,  208,    0, 1046,  712,  564,  926,  579,  138,  889,  685,   25,  145,  479,  495,  909,  668,  358,  404,  891,  476,  503,  470,  829,  360,  690,  912,  834, 1013,  656,  541,  605,  715,  859,  318,  867,  161,  726,  405,  230,  946,  171,  720,  810,  280,  678,  268,  562,  186, 1033,  762,  519,  663,  817,  596,  801,  579,  593,  620,  371,  366,  696,  685,  354,  571,  929, 1025,   79,  729,  705,  738,  771,  607,  834,  127,  505,  682,  921,  927,  465,  649,  438,  594,  612,  254,  918,  886,  793,  349,  648,  379, 1155,   49,  140,  858,  861,  651,  874,  894,  381,  936,  815, 1000, 1077, 1213,  834,  784,  482,  766,  806,  602,  361,  491,  415,  753, 1104,  631,  709,  535,   82,  393,  257,  844, 1151,  799],
        [  503,    0,  862,  920,  881,  465,  844,  471,  914,  743,  641,  332,  584,  633,  890,  707,  119,  511,  723,  306,  222,  618,  827,  485,  865, 1046,    0,  344,  902,  408,  476,  964,  171,  830, 1052,  999,  891,  552,  404,  381,  924,  683,  442,  606,  551,  712,  248,  748,  411,  329,  802,  177,  613,  832,  681,  340,  593,  832,  190,  905,  643,  682,  895,  102,  875,  619,  242,  782,  483,  890,  530, 1195,   54,  796,  553,  550,  658,  730,  250,  903,  893,  482,  693,  926,  842,  869,  944,  660,  118,  198, 1008,  355,  685,  665,  286,  450,  289,  990,  573,  669,  256,  311,  762,  883,  707,  841,  449,  966,  379,  308,  253,  745,  442,  742,  110,  997,  941,  299,  419,  518,  552,  367,  772,  255,  563,  241,  112,  184,  264,  310,  626,  315,  578,  774,  832,  811,  738,  543,  153,  428,  351,  701, 1123,  758,  882,  249,  106,  861],
        [  248,    0,  518,  607,  582,  261,  502,  450,  578,  625,  575,  167,  254,  562,  581,  405,  316,  438,  437,   77,  233,  598,  570,  142,  524,  712,  344,    0,  593,  453,  194,  623,  223,  555,  716,  684,  660,  234,  437,   57,  585,  339,  454,  327,  251,  378,  119,  459,  104,  382,  717,  377,  330,  624,  499,  134,  557,  544,  203,  583,  527,  392,  551,  244,  542,  367,  103,  441,  327,  546,  283,  873,  345,  549,  276,  264,  588,  431,  144,  598,  591,  266,  351,  659,  693,  592,  674,  460,  227,  398,  669,   64,  425,  420,  148,  181,  149,  649,  229,  527,  336,  381,  432,  595,  445,  540,  189,  671,  299,  341,  109,  401,  113,  399,  452,  664,  620,  186,  412,  219,  531,  269,  498,  349,  366,  399,  365,  502,  239,  220,  285,   71,  513,  592,  559,  584,  472,  448,  393,   84,  150,  382,  792,  418,  583,  140,  449,  620],
        [  671,    0,  326,  632,   43,  736,  387,  986,  184, 1039, 1051,  575,  344, 1037,   13,  195,  823,  945,  657,  603,  825, 1104,  786,  496,  405,  564,  902,  593,    0, 1018,  626,  429,  814,  144,  547,  660,  892,  550, 1000,  592,  206,  356, 1005,  645,  592,  240,  657,  656,  500,  959, 1144,  969,  293,  914,  878,  695, 1059,  694,  795,  576,  970,  634,  348,  811,  490,  310,  682,  407,  810,  305,  690,  741,  919,  231,  640,  353, 1058,  173,  736,   16,   31,  726,  401,  813, 1051,  129,  813,  830,  797,  990,  485,  557,  253,  287,  732,  644,  615,  437,  409,  945,  924,  963,  190,   89,  716,   69,  657,  737,  593,  920,  701,  339,  481,  300,  995,  542,  599,  613,  964,  386, 1050,  584,  710,  939,  406,  991,  871, 1009,  824,  792,  345,  595, 1005,  935,  742,  855,  718,  935,  877,  531,  703,  213,  627,  263,  674,  653,  995,  245],
        [  375,    0,  841,  755, 1014,  304,  796,   91,  954,  372,  251,  576,  676,  247, 1005,  844,  504,  162,  545,  488,  248,  212,  581,  522,  807,  926,  408,  453, 1018,    0,  402,  897,  299, 1001,  941,  829,  603,  492,   19,  434,  953,  691,   47,  456,  460,  782,  466,  569,  556,   85,  407,  239,  780,  526,  378,  328,  194,  632,  301,  766,  289,  522,  862,  384,  776,  820,  409,  732,  250,  876,  375, 1025,  355, 1001,  425,  715,  268,  869,  322, 1025, 1021,  320,  669,  678,  482, 1036,  698,  385,  382,  225,  919,  511,  876,  872,  306,  380,  534,  921,  611,  329,  158,   99,  836, 1034,  496,  974,  367,  757,  688,  120,  366,  740,  556,  760,  471,  880,  793,  568,   66,  669,  151,  663,  563,  155,  811,  177,  517,  567,  222,  234,  675,  491,  199,  451,  608,  530,  525,  202,  558,  493,  317,  807,  989,  790,  695,  490,  461, 1072],
        [   60,    0,  445,  444,  628,  111,  407,  361,  552,  460,  438,  358,  299,  424,  613,  469,  483,  321,  252,  270,  283,  482,  378,  147,  422,  579,  476,  194,  626,  402,    0,  519,  313,  632,  588,  523,  466,   93,  384,  138,  552,  290,  384,  138,   77,  387,  303,  276,  254,  360,  560,  436,  429,  432,  318,  138,  438,  362,  291,  432,  371,  209,  469,  380,  412,  486,  261,  341,  186,  479,   94,  720,  457,  651,   84,  375,  448,  494,  227,  635,  633,  104,  270,  470,  514,  663,  486,  275,  364,  449,  552,  248,  529,  536,  193,   28,  342,  544,  218,  360,  351,  370,  439,  654,  253,  590,   37,  494,  489,  326,  230,  339,  227,  358,  585,  531,  467,  379,  343,  329,  425,  459,  309,  366,  517,  429,  528,  654,  257,  209,  281,  264,  385,  407,  371,  391,  281,  315,  562,  156,  131,  422,  654,  389,  408,  328,  580,  720],
        [  527,    0,  132,  239,  465,  597,  122,  832,  246,  768,  827,  713,  434,  814,  423,  458,  934,  769,  376,  679,  798,  899,  448,  481,  100,  138,  964,  623,  429,  897,  519,    0,  818,  548,  125,  242,  539,  428,  879,  584,  224,  293,  866,  442,  447,  341,  735,  359,  586,  870,  868,  953,  527,  587,  617,  647,  858,  349,  795,  188,  733,  383,   95,  863,  128,  589,  724,  183,  648,  131,  523,  322,  957,  625,  474,  540,  827,  461,  728,  444,  457,  579,  273,  436,  741,  549,  429,  576,  847,  967,   61,  630,  571,  604,  702,  546,  732,   26,  402,  694,  869,  883,  330,  513,  439,  457,  554,  337,  802,  840,  714,  233,  545,  255, 1073,  115,  194,  752,  832,  532,  866,  779,  397,  884,  686,  947,  984, 1124,  775,  727,  368,  669,  802,  635,  399,  531,  424,  743, 1008,  539,  645,  403,  211,  263,  302,  748, 1070,  662],
        [  334,    0,  725,  755,  800,  295,  700,  338,  797,  591,  500,  293,  476,  491,  801,  623,  224,  363,  554,  221,   60,  493,  657,  350,  719,  889,  171,  223,  814,  299,  313,  818,    0,  766,  897,  834,  722,  395,  289,  241,  804,  549,  320,  439,  389,  600,  181,  580,  315,  215,  660,  156,  540,  664,  515,  176,  461,  663,   23,  744,  489,  515,  755,   96,  720,  565,  135,  636,  316,  756,  361, 1032,  145,  749,  386,  474,  517,  648,   90,  818,  810,  312,  550,  755,  685,  804,  773,  492,   89,  177,  857,  260,  628,  616,  120,  286,  247,  844,  444,  509,  146,  205,  653,  810,  537,  759,  283,  797,  393,  180,  115,  609,  334,  613,  276,  841,  779,  277,  287,  433,  424,  370,  602,  155,  536,  187,  252,  354,  102,  141,  503,  227,  436,  609,  662,  641,  568,  391,  293,  297,  184,  603,  965,  635,  715,  200,  270,  819],
        [  685,    0,  430,  728,  101,  742,  484,  982,  311, 1074, 1069,  499,  334, 1055,  142,  164,  739,  951,  715,  547,  787, 1113,  855,  489,  505,  685,  830,  555,  144, 1001,  632,  548,  766,    0,  670,  766,  963,  571,  985,  568,  335,  402,  996,  681,  615,  277,  595,  719,  454,  935, 1178,  920,  226,  973,  916,  674, 1069,  770,  749,  674,  995,  685,  459,  747,  587,  213,  631,  487,  818,  418,  709,  867,  854,   88,  664,  293, 1078,  140,  698,  133,  114,  735,  455,  895, 1100,   40,  898,  868,  735,  943,  607,  507,  147,  173,  702,  645,  543,  560,  419,  976,  890,  936,  246,   67,  769,   92,  658,  832,  489,  895,  658,  407,  447,  365,  915,  658,  701,  533,  953,  337, 1054,  486,  775,  904,  292,  950,  784,  918,  793,  769,  364,  540, 1017,  983,  815,  916,  776,  947,  785,  509,  685,  218,  753,  331,  760,  586,  917,  116],
        [  586,    0,  255,  207,  584,  651,  230,  868,  364,  763,  839,  821,  549,  827,  542,  582, 1031,  800,  399,  778,  871,  916,  429,  576,  205,   25, 1052,  716,  547,  941,  588,  125,  897,  670,    0,  169,  502,  503,  924,  673,  341,  402,  906,  489,  513,  463,  832,  377,  690,  925,  856, 1023,  649,  564,  624,  723,  877,  338,  875,  178,  745,  419,  219,  952,  178,  712,  815,  280,  692,  256,  574,  198, 1040,  748,  530,  658,  836,  585,  809,  562,  576,  632,  371,  390,  718,  670,  378,  590,  935, 1035,   64,  731,  695,  728,  779,  616,  835,  111,  506,  701,  933,  939,  454,  632,  456,  579,  622,  278,  916,  898,  799,  345,  649,  373, 1162,   61,  160,  858,  876,  647,  891,  892,  400,  947,  808, 1011, 1080, 1218,  844,  794,  479,  768,  824,  624,  382,  513,  434,  770, 1107,  634,  718,  526,   87,  385,  278,  847, 1157,  784],
        [  504,    0,  338,   80,  693,  560,  285,  750,  481,  610,  698,  814,  573,  687,  653,  651,  997,  678,  290,  754,  799,  777,  276,  553,  262,  145,  999,  684,  660,  829,  523,  242,  834,  766,  169,    0,  337,  452,  813,  633,  461,  424,  791,  400,  448,  520,  802,  265,  683,  826,  699,  944,  697,  404,  484,  660,  741,  200,  813,  107,  605,  324,  313,  902,  184,  765,  774,  300,  586,  355,  484,  200,  979,  836,  450,  690,  693,  660,  750,  675,  687,  541,  377,  223,  557,  773,  210,  457,  886,  952,  202,  713,  762,  791,  715,  549,  819,  244,  506,  559,  845,  843,  529,  740,  333,  679,  552,  110,  925,  804,  749,  383,  640,  422, 1108,  132,   71,  848,  765,  668,  761,  898,  268,  859,  851,  922, 1044, 1174,  766,  715,  501,  745,  691,  469,  234,  357,  306,  644, 1075,  608,  651,  589,  172,  447,  135,  822, 1102,  882],
        [  415,    0,  580,  302,  915,  431,  515,  513,  737,  295,  407,  822,  677,  399,  882,  814,  929,  442,  255,  736,  670,  488,  109,  577,  505,  479,  891,  660,  892,  603,  466,  539,  722,  963,  502,  337,    0,  453,  591,  604,  722,  563,  558,  338,  420,  687,  766,  246,  708,  630,  371,  783,  821,   83,  227,  573,  462,  200,  705,  351,  326,  294,  573,  811,  424,  888,  717,  486,  411,  611,  381,  490,  856, 1013,  385,  787,  398,  832,  658,  906,  913,  416,  509,  115,  223,  982,  131,  234,  797,  783,  520,  712,  910,  929,  618,  482,  808,  551,  586,  280,  675,  650,  720,  956,  220,  889,  476,  229,  952,  624,  677,  558,  673,  600,  991,  453,  351,  845,  546,  749,  493,  922,  191,  686,  948,  742,  967, 1075,  629,  582,  618,  730,  423,  162,  151,   81,  199,  402, 1006,  612,  558,  752,  504,  636,  237,  791,  983, 1073],
        [  123,    0,  352,  375,  556,  192,  314,  445,  464,  504,  503,  381,  245,  488,  538,  409,  545,  398,  210,  307,  371,  555,  354,  125,  330,  495,  552,  234,  550,  492,   93,  428,  395,  571,  503,  452,  453,    0,  474,  182,  462,  203,  471,  121,   44,  311,  352,  229,  258,  452,  608,  526,  386,  435,  349,  221,  510,  314,  373,  355,  425,  166,  376,  453,  326,  450,  322,  249,  262,  387,  140,  645,  538,  600,   94,  342,  510,  432,  307,  560,  560,  179,  178,  435,  541,  599,  448,  301,  437,  540,  463,  272,  483,  496,  277,  120,  377,  453,  154,  405,  443,  463,  361,  586,  234,  520,  129,  438,  506,  419,  300,  248,  221,  270,  662,  446,  391,  410,  431,  300,  503,  477,  275,  459,  498,  521,  592,  724,  348,  301,  209,  300,  455,  426,  334,  386,  256,  386,  623,  166,  218,  355,  572,  303,  350,  373,  657,  667],
        [  357,    0,  823,  738,  997,  286,  778,   81,  936,  365,  247,  563,  659,  242,  988,  827,  498,  150,  528,  474,  236,  214,  567,  505,  789,  909,  404,  437, 1000,   19,  384,  879,  289,  985,  924,  813,  591,  474,    0,  418,  935,  673,   41,  439,  442,  764,  454,  552,  540,   77,  405,  238,  764,  514,  365,  312,  193,  616,  290,  749,  279,  505,  844,  377,  758,  804,  396,  714,  232,  858,  357, 1009,  353,  985,  407,  699,  264,  853,  309, 1008, 1004,  302,  651,  663,  475, 1020,  684,  370,  374,  227,  901,  496,  860,  856,  291,  362,  521,  903,  593,  319,  152,   94,  818, 1017,  480,  957,  349,  741,  677,  109,  353,  722,  540,  742,  471,  863,  776,  556,   49,  653,  150,  651,  547,  150,  797,  179,  512,  567,  209,  218,  658,  477,  192,  440,  593,  517,  509,  189,  554,  476,  301,  790,  972,  772,  679,  478,  461, 1056],
        [  193,    0,  486,  556,  584,  212,  464,  421,  559,  578,  535,  221,  248,  521,  579,  411,  364,  402,  381,  133,  238,  564,  514,  109,  485,  668,  381,   57,  592,  434,  138,  584,  241,  568,  673,  633,  604,  182,  418,    0,  565,  309,  430,  271,  196,  366,  172,  404,  133,  370,  672,  390,  347,  569,  447,  107,  521,  489,  219,  534,  481,  337,  517,  280,  497,  392,  143,  402,  282,  516,  228,  824,  375,  570,  220,  284,  547,  437,  153,  598,  592,  216,  314,  603,  642,  603,  618,  407,  263,  408,  628,  112,  445,  444,  142,  126,  205,  610,  204,  479,  333,  372,  420,  602,  389,  544,  136,  617,  353,  330,  130,  370,  123,  373,  490,  619,  571,  242,  388,  236,  499,  323,  442,  348,  403,  403,  412,  546,  233,  203,  265,  127,  475,  539,  503,  528,  416,  408,  442,   62,  119,  379,  746,  395,  530,  194,  486,  641],
        [  583,    0,  143,  442,  244,  653,  208,  906,   24,  907,  940,  624,  342,  926,  202,  285,  867,  853,  509,  620,  800, 1003,  620,  456,  218,  358,  924,  585,  206,  953,  552,  224,  804,  335,  341,  461,  722,  462,  935,  565,    0,  264,  932,  529,  498,  216,  678,  501,  515,  909, 1011,  954,  377,  755,  747,  654,  959,  523,  782,  386,  852,  497,  153,  825,  302,  425,  686,  250,  720,  112,  592,  536,  929,  417,  540,  413,  944,  279,  717,  222,  236,  640,  287,  632,  902,  331,  629,  700,  809,  972,  279,  570,  390,  425,  702,  576,  655,  232,  361,  819,  889,  917,  173,  293,  573,  243,  587,  545,  682,  873,  690,  215,  482,  196, 1027,  338,  404,  665,  893,  425,  957,  665,  552,  904,  528,  963,  918, 1060,  788,  748,  302,  611,  903,  788,  573,  696,  568,  836,  933,  507,  658,  250,  422,  170,  492,  683, 1026,  446],
