{
    "name": "random-64-11386",
    "comment": "size=64 seed=11386",
    "nodes": ["+0", "-0", "+1", "-1", "+2", "-2", "+3", "-3", "+4", "-4", "+5", "-5", "+6", "-6", "+7", "-7", "+8", "-8", "+9", "-9", "+10", "-10", "+11", "-11", "+12", "-12", "+13", "-13", "+14", "-14", "+15", "-15", "+16", "-16", "+17", "-17", "+18", "-18", "+19", "-19", "+20", "-20", "+21", "-21", "+22", "-22", "+23", "-23", "+24", "-24", "+25", "-25", "+26", "-26", "+27", "-27", "+28", "-28", "+29", "-29", "+30", "-30", "+31", "-31", "+32", "-32", "+33", "-33", "+34", "-34", "+35", "-35", "+36", "-36", "+37", "-37", "+38", "-38", "+39", "-39", "+40", "-40", "+41", "-41", "+42", "-42", "+43", "-43", "+44", "-44", "+45", "-45", "+46", "-46", "+47", "-47", "+48", "-48", "+49", "-49", "+50", "-50", "+51", "-51", "+52", "-52", "+53", "-53", "+54", "-54", "+55", "-55", "+56", "-56", "+57", "-57", "+58", "-58", "+59", "-59", "+60", "-60", "+61", "-61", "+62", "-62", "+63", "-63", "+64", "-64"],
    "precedence": {
        "+0": "-0",
        "+1": "-1",
        "+2": "-2",
        "+3": "-3",
        "+4": "-4",
        "+5": "-5",
        "+6": "-6",
        "+7": "-7",
        "+8": "-8",
        "+9": "-9",
        "+10": "-10",
        "+11": "-11",
        "+12": "-12",
        "+13": "-13",
        "+14": "-14",
        "+15": "-15",
        "+16": "-16",
        "+17": "-17",
        "+18": "-18",
        "+19": "-19",
        "+20": "-20",
        "+21": "-21",
        "+22": "-22",
        "+23": "-23",
        "+24": "-24",
        "+25": "-25",
        "+26": "-26",
        "+27": "-27",
        "+28": "-28",
        "+29": "-29",
        "+30": "-30",
        "+31": "-31",
        "+32": "-32",
        "+33": "-33",
        "+34": "-34",
        "+35": "-35",
        "+36": "-36",
        "+37": "-37",
        "+38": "-38",
        "+39": "-39",
        "+40": "-40",
        "+41": "-41",
        "+42": "-42",
        "+43": "-43",
        "+44": "-44",
        "+45": "-45",
        "+46": "-46",
        "+47": "-47",
        "+48": "-48",
        "+49": "-49",
        "+50": "-50",
        "+51": "-51",
        "+52": "-52",
        "+53": "-53",
        "+54": "-54",
        "+55": "-55",
        "+56": "-56",
        "+57": "-57",
        "+58": "-58",
        "+59": "-59",
        "+60": "-60",
        "+61": "-61",
        "+62": "-62",
        "+63": "-63",
        "+64": "-64"
    },
    "edges": [
        [    0,    0,  580,  458,  283,  515,  412,  466,  451,  520,  341,  542,  515,  344,  375,  579,  166,  354,   52,  534,  425,  367,  268,  348,  450,  719,  455,  494,  442,  400,  178,  398,   72,  468,  369,  222,   81,  456,  669,  148,  547,  393,  573,  224,  435,  327,  172,  461,  431,  391,  220,  358,  137,  450,  337,  230,  249,  350,  596,  587,  441,  425,   42,  456,  382,   58,  481,  512,  340,  537,  341,  590,  270,  424,  169,  439,  477,  617,  310,  441,  482,  528,  537,  416,  437,  293,  100,  343,  340,  330,  363,  400,  271,  154,  320,  381,  479,  528,  504,  367,  593,  388,  216,  298,  345,  534,  531,  356,  591,  443,  396,  369,   55,  449,  479,  448,  431,  308,  270,  590,  369,  537,  436,  261,  494,  469,  688,  415,  481,  681],
        [    0,    0,    0,    0,    0,    0,    0,    0,    0,    0,    0,    0,    0,    0,    0,    0,    0,    0,    0,    0,    0,    0,    0,    0,    0,    0,    0,    0,    0,    0,    0,    0,    0,    0,    0,    0,    0,    0,    0,    0,    0,    0,    0,    0,    0,    0,    0,    0,    0,    0,    0,    0,    0,    0,    0,    0,    0,    0,    0,    0,    0,    0,    0,    0,    0,    0,    0,    0,    0,    0,    0,    0,    0,    0,    0,    0,    0,    0,    0,    0,    0,    0,    0,    0,    0,    0,    0,    0,    0,    0,    0,    0,    0,    0,    0,    0,    0,    0,    0,    0,    0,    0,    0,    0,    0,    0,    0,    0,    0,    0,    0,    0,    0,    0,    0,    0,    0,    0,    0,    0,    0,    0,    0,    0,    0,    0,    0,    0,    0,    0],
        [  580,    0,    0,  605,  298,  393,  991,  338,  233,  866,  585, 1098, 1026,  646,  583,  673,  672,  495,  597,  116,  729,  369,  684,  888,  828,  262,  634,  345,  330,  939,  756,  664,  533,  450,  288,  374,  640, 1013,  285,  727,  138,  188,  718,  364,  670,  625,  436,  879,  156,  905,  770,  297,  606,  951,  290,  800,  331,  231, 1154,  345,  505,  169,  611,  904,  428,  610,  365,  163,  751,  542,  685,  256,  850,  549,  696,  712, 1025,  977,  887,  252,  968,   55,  630,  596,  980,  363,  504,  851,  268,  724,  348,  676,  440,  550,  874,  920, 1044,  949,  674,  613,  183,  558,  368,  349,  511,   65, 1037,  678,   95,  998,  914,  461,  619,  988,  362,  208,  965,  726,  315,  106,  733,  337,  788,  712, 1003,  997,  226,  593,  219,  650],
        [  458,    0,  605,    0,  463,  806,  723,  274,  372,  977,  120,  689,  554,  152,   85,  122,  623,  732,  419,  494,  169,  671,  267,  768,  284,  851,   36,  279,  712,  531,  525,  116,  495,  167,  611,  370,  532,  624,  844,  527,  483,  508,  131,  480,   91,  155,  350,  350,  545,  826,  455,  327,  338,  886,  351,  515,  435,  488,  740,  831,  807,  556,  495,  395,  720,  423,  255,  447,  275,  132,  790,  780,  602,   58,  621,  880,  612, 1075,  663,  353,  924,  556,   80,  825,  843,  591,  498,  785,  548,  250,  653,  838,  628,  305,  729,  797,  670,  983,   71,  105,  737,  788,  469,  307,  130,  606,  558,  801,  678,  607,  828,  728,  508,  567,  257,  398,  847,  765,  482,  685,  823,  791,  891,  719,  534,  557,  814,  824,  672,  239],
        [  283,    0,  298,  463,    0,  344,  694,  302,  227,  638,  390,  813,  758,  436,  405,  570,  383,  302,  305,  268,  529,  213,  434,  598,  606,  456,  480,  328,  250,  659,  460,  472,  237,  370,  150,  107,  343,  727,  421,  431,  288,  111,  593,   72,  494,  413,  162,  643,  149,  622,  484,  170,  330,  672,  136,  508,   40,   68,  868,  377,  361,  146,  314,  657,  269,  318,  329,  259,  510,  469,  442,  346,  553,  407,  404,  500,  743,  749,  590,  227,  694,  247,  521,  409,  690,  142,  209,  568,   88,  487,  193,  458,  207,  283,  580,  630,  755,  697,  530,  423,  329,  368,   73,  159,  336,  251,  771,  442,  312,  713,  630,  286,  322,  708,  326,  210,  677,  462,   29,  312,  488,  333,  552,  438,  736,  722,  421,  406,  231,  614],
        [  515,    0,  393,  806,  344,    0,  860,  614,  511,  536,  730, 1044, 1030,  770,  747,  911,  501,  203,  560,  465,  863,  151,  746,  687,  928,  308,  824,  635,   95,  913,  670,  811,  444,  702,  195,  444,  527,  959,  229,  634,  493,  325,  936,  341,  836,  748,  483,  955,  305,  675,  734,  497,  621,  702,  465,  733,  375,  328, 1094,  100,  152,  287,  521,  960,  142,  570,  644,  491,  824,  803,  400,  174,  742,  751,  532,  379,  985,  639,  754,  521,  704,  387,  863,  258,  769,  233,  416,  625,  259,  805,  162,  357,  247,  592,  692,  713,  974,  645,  874,  763,  241,  235,  353,  501,  679,  332, 1045,  383,  317,  948,  686,  169,  521,  961,  640,  483,  746,  471,  327,  306,  443,   65,  475,  485, 1009,  982,  298,  255,  179,  942],
        [  412,    0,  991,  723,  694,  860,    0,  841,  850,  566,  613,  248,  354,  571,  648,  824,  360,  662,  402,  943,  595,  730,  456,  219,  531, 1111,  701,  867,  810,  254,  239,  616,  462,  807,  759,  628,  356,  202, 1051,  265,  955,  804,  789,  631,  654,  569,  572,  487,  841,  280,  272,  755,  430,  317,  739,  216,  661,  761,  277,  949,  739,  834,  381,  443,  719,  389,  849,  917,  465,  841,  512,  974,  144,  718,  329,  602,  243,  600,  108,  837,  358,  940,  797,  662,  211,  676,  493,  294,  742,  483,  735,  586,  624,  488,  189,  217,  176,  478,  732,  619,  990,  657,  625,  692,  661,  943,  370,  535,  998,  207,  272,  693,  374,  260,  848,  852,  235,  431,  678,  996,  497,  899,  527,  395,  350,  295, 1083,  663,  873,  961],
        [  466,    0,  338,  274,  302,  614,  841,    0,  112,  925,  290,  878,  772,  354,  274,  336,  618,  604,  453,  224,  421,  506,  431,  814,  531,  594,  307,   29,  522,  713,  608,  355,  462,  112,  427,  266,  546,  800,  600,  592,  210,  290,  381,  355,  352,  339,  297,  591,  316,  855,  578,  133,  412,  912,  167,  627,  295,  290,  934,  613,  659,  332,  507,  627,  567,  464,   31,  177,  480,  206,  728,  546,  702,  223,  630,  796,  801, 1034,  755,   97,  942,  295,  293,  709,  902,  443,  448,  805,  365,  451,  484,  754,  507,  354,  785,  846,  841,  967,  341,  310,  491,  669,  348,  175,  214,  351,  779,  732,  420,  784,  860,  586,  520,  758,   27,  141,  897,  732,  330,  428,  771,  582,  838,  697,  749,  758,  557,  707,  452,  331],
        [  451,    0,  233,  372,  227,  511,  850,  112,    0,  864,  361,  917,  825,  424,  354,  444,  586,  522,  449,  125,  502,  415,  479,  793,  606,  485,  402,  127,  421,  752,  611,  436,  430,  220,  332,  231,  526,  835,  489,  590,  121,  187,  487,  292,  440,  405,  280,  661,  209,  827,  600,   96,  430,  881,  115,  642,  234,  196,  973,  504,  569,  226,  490,  691,  478,  462,  141,   81,  539,  317,  667,  435,  707,  316,  602,  725,  841,  975,  755,   19,  907,  187,  400,  630,  884,  361,  409,  774,  273,  511,  392,  684,  432,  370,  769,  826,  872,  919,  441,  387,  380,  589,  288,  159,  284,  241,  835,  668,  311,  819,  833,  500,  501,  800,  138,   30,  875,  683,  256,  319,  713,  475,  778,  654,  803,  804,  448,  628,  344,  440],
        [  520,    0,  866,  977,  638,  536,  566,  925,  864,    0,  861,  810,  881,  861,  894, 1098,  361,  373,  565,  888,  936,  498,  771,  348,  936,  843,  974,  953,  551,  757,  531,  915,  485,  961,  579,  662,  453,  749,  763,  506,  912,  711, 1093,  574,  954,  845,  648,  925,  723,  287,  632,  795,  652,  267,  762,  587,  634,  681,  842,  633,  386,  706,  486,  901,  442,  563,  948,  890,  831, 1043,  198,  706,  530,  939,  373,  159,  788,  113,  496,  863,  240,  836, 1054,  281,  376,  515,  488,  277,  614,  829,  519,  191,  437,  673,  385,  350,  735,  129, 1023,  886,  761,  313,  579,  754,  858,  802,  899,  196,  818,  747,  297,  408,  474,  787,  946,  847,  347,  213,  609,  810,  156,  599,   88,  263,  869,  820,  831,  284,  661, 1191],
        [  341,    0,  585,  120,  390,  730,  613,  290,  361,  861,    0,  604,  485,   65,   37,  240,  504,  635,  300,  485,  145,  587,  161,  648,  246,  814,  114,  305,  637,  440,  407,   84,  383,  212,  538,  287,  413,  532,  796,  407,  480,  456,  234,  393,  107,   51,  253,  303,  497,  706,  342,  289,  218,  766,  304,  401,  356,  428,  657,  766,  713,  505,  377,  338,  630,  304,  281,  441,  193,  229,  677,  726,  487,  106,  501,  769,  526,  957,  547,  342,  804,  533,  200,  722,  725,  504,  389,  665,  477,  164,  571,  728,  532,  188,  610,  678,  576,  864,  164,   34,  693,  686,  381,  248,   78,  573,  492,  689,  646,  514,  708,  634,  390,  482,  282,  381,  728,  649,  404,  651,  708,  722,  776,  601,  463,  477,  777,  721,  614,  356],
        [  542,    0, 1098,  689,  813, 1044,  248,  878,  917,  810,  604,    0,  162,  545,  632,  763,  555,  857,  510, 1028,  529,  901,  449,  463,  429, 1260,  658,  899,  979,  166,  374,  573,  608,  815,  911,  724,  517,   87, 1210,  410, 1033,  920,  714,  762,  603,  553,  663,  366,  961,  527,  330,  824,  494,  564,  819,  314,  775,  878,   56, 1124,  940,  959,  527,  314,  903,  498,  877,  993,  416,  819,  736, 1132,  310,  703,  525,  832,   78,  847,  322,  901,  604, 1044,  750,  876,  456,  833,  639,  535,  879,  442,  901,  811,  798,  551,  427,  464,   76,  725,  674,  597, 1134,  864,  753,  762,  671, 1061,  172,  759, 1124,  101,  519,  883,  525,  122,  877,  926,  482,  658,  805, 1125,  728, 1073,  766,  615,  174,  134, 1228,  877, 1022,  909],
        [  515,    0, 1026,  554,  758, 1030,  354,  772,  825,  881,  485,  162,    0,  423,  509,  616,  576,  859,  472,  944,  388,  881,  347,  543,  280, 1213,  522,  789,  955,  127,  378,  441,  586,  695,  875,  659,  514,  154, 1172,  413,  945,  859,  565,  718,  465,  435,  599,  214,  901,  612,  297,  738,  429,  659,  738,  313,  719,  819,  200, 1100,  945,  902,  512,  163,  894,  461,  766,  905,  293,  685,  773, 1095,  352,  577,  549,  875,  115,  935,  389,  808,  702,  971,  608,  897,  560,  805,  615,  607,  834,  322,  876,  847,  784,  479,  501,  552,  194,  814,  530,  472, 1086,  878,  708,  679,  559,  997,   19,  795, 1064,  147,  606,  879,  514,   96,  766,  839,  582,  703,  756, 1066,  775, 1050,  824,  654,   23,   62, 1179,  898,  981,  763],
        [  344,    0,  646,  152,  436,  770,  571,  354,  424,  861,   65,  545,  423,    0,   87,  258,  501,  661,  297,  548,   94,  624,  116,  627,  184,  870,  131,  369,  679,  384,  381,   55,  395,  273,  581,  330,  409,  476,  849,  386,  544,  510,  237,  430,   94,   23,  288,  239,  551,  687,  304,  349,  210,  748,  361,  366,  400,  479,  598,  812,  743,  558,  376,  273,  663,  299,  345,  504,  131,  277,  684,  777,  453,  158,  494,  780,  468,  954,  514,  405,  787,  593,  227,  743,  698,  541,  407,  650,  523,  104,  609,  741,  561,  198,  586,  654,  522,  855,  170,   52,  747,  709,  418,  304,  142,  631,  429,  699,  704,  459,  688,  664,  388,  424,  346,  443,  703,  649,  447,  708,  712,  767,  779,  600,  401,  417,  833,  742,  663,  390],
        [  375,    0,  583,   85,  405,  747,  648,  274,  354,  894,   37,  632,  509,   87,    0,  205,  539,  659,  334,  479,  148,  606,  194,  685,  257,  818,   83,  287,  654,  469,  443,   82,  414,  187,  554,  305,  448,  562,  804,  443,  472,  464,  204,  413,   92,   81,  277,  318,  504,  742,  377,  291,  254,  802,  309,  437,  373,  438,  685,  779,  737,  513,  411,  357,  652,  339,  263,  434,  218,  194,  708,  736,  523,   73,  536,  800,  555,  991,  583,  335,  840,  531,  164,  749,  761,  525,  419,  701,  492,  190,  590,  758,  556,  222,  647,  714,  606,  899,  135,   37,  699,  713,  401,  256,   74,  575,  514,  721,  648,  545,  744,  658,  424,  510,  264,  376,  764,  682,  421,  653,  741,  737,  809,  635,  487,  504,  781,  748,  624,  320],
        [  579,    0,  673,  122,  570,  911,  824,  336,  444, 1098,  240,  763,  616,  258,  205,    0,  743,  848,  539,  559,  236,  780,  373,  883,  337,  929,  129,  330,  817,  613,  638,  209,  616,  225,  716,  483,  652,  706,  930,  642,  542,  601,   61,  594,  171,  267,  468,  403,  636,  942,  561,  419,  457, 1003,  448,  623,  544,  587,  811,  928,  920,  649,  616,  454,  832,  543,  309,  511,  362,  134,  911,  871,  710,  167,  740, 1000,  689, 1196,  772,  427, 1041,  630,   49,  943,  955,  703,  619,  903,  652,  342,  761,  958,  744,  426,  843,  911,  753, 1103,   92,  219,  821,  905,  583,  411,  247,  684,  616,  922,  754,  689,  944,  842,  629,  645,  312,  472,  960,  886,  591,  762,  944,  891, 1012,  840,  598,  629,  892,  941,  768,  148],
        [  166,    0,  672,  623,  383,  501,  360,  618,  586,  361,  504,  555,  576,  501,  539,  743,    0,  305,  206,  650,  575,  373,  411,  216,  581,  759,  618,  647,  452,  450,  198,  555,  157,  630,  412,  358,   93,  475,  696,  165,  668,  486,  734,  312,  594,  486,  323,  577,  517,  241,  292,  499,  291,  296,  473,  263,  360,  446,  602,  590,  386,  506,  128,  560,  360,  203,  636,  636,  473,  702,  203,  619,  247,  590,   32,  307,  507,  454,  253,  579,  324,  626,  701,  323,  309,  327,  178,  189,  408,  470,  380,  275,  267,  318,  205,  249,  482,  362,  665,  529,  642,  309,  311,  445,  511,  617,  593,  224,  662,  467,  248,  334,  115,  492,  634,  578,  295,  150,  360,  658,  219,  541,  282,   99,  559,  520,  733,  324,  525,  847],
        [  354,    0,  495,  732,  302,  203,  662,  604,  522,  373,  635,  857,  859,  661,  659,  848,  305,    0,  404,  525,  752,  126,  612,  484,  797,  494,  741,  630,  185,  737,  487,  709,  284,  666,  210,  367,  345,  774,  420,  451,  551,  350,  861,  258,  740,  640,  383,  813,  356,  473,  562,  472,  480,  504,  438,  551,  314,  328,  905,  299,   88,  338,  349,  809,   73,  411,  631,  534,  688,  761,  206,  351,  550,  682,  336,  218,  803,  484,  556,  525,  509,  466,  800,  108,  567,  162,  263,  423,  254,  674,  147,  182,  104,  467,  490,  511,  784,  465,  793,  666,  396,   67,  268,  450,  602,  430,  875,  193,  447,  764,  484,   38,  345,  782,  628,  501,  544,  270,  275,  439,  252,  254,  298,  282,  839,  807,  475,  106,  290,  909],
        [   52,    0,  597,  419,  305,  560,  402,  453,  449,  565,  300,  510,  472,  297,  334,  539,  206,  404,    0,  542,  376,  410,  217,  366,  399,  751,  413,  480,  483,  362,  163,  351,  120,  443,  405,  227,  114,  424,  704,  142,  553,  413,  529,  252,  389,  281,  170,  410,  453,  416,  182,  354,   88,  476,  338,  204,  268,  371,  565,  628,  491,  450,   79,  406,  429,   14,  465,  516,  289,  505,  390,  626,  259,  388,  202,  488,  443,  659,  307,  438,  511,  544,  497,  467,  452,  333,  145,  371,  370,  279,  405,  450,  318,  116,  334,  398,  451,  565,  460,  323,  624,  439,  243,  292,  312,  555,  487,  405,  616,  410,  420,  418,   91,  411,  463,  450,  449,  352,  295,  616,  416,  578,  482,  303,  451,  429,  718,  467,  514,  647],
        [  534,    0,  116,  494,  268,  465,  943,  224,  125,  888,  485, 1028,  944,  548,  479,  559,  650,  525,  542,    0,  627,  404,  598,  863,  730,  377,  525,  229,  386,  865,  704,  561,  499,  336,  317,  315,  603,  944,  393,  679,   29,  178,  605,  339,  564,  529,  373,  784,  171,  889,  705,  206,  536,  940,  210,  741,  291,  211, 1084,  435,  553,  190,  569,  813,  467,  555,  250,   48,  661,  427,  697,  353,  800,  440,  670,  739,  953, 1000,  844,  144,  961,   85,  516,  631,  956,  373,  474,  835,  274,  633,  381,  700,  451,  477,  844,  896,  979,  957,  563,  512,  287,  591,  340,  266,  409,  146,  954,  693,  206,  928,  897,  496,  579,  913,  247,  106,  944,  726,  293,  215,  744,  417,  805,  704,  921,  919,  341,  629,  287,  535],
        [  425,    0,  729,  169,  529,  863,  595,  421,  502,  936,  145,  529,  388,   94,  148,  236,  575,  752,  376,  627,    0,  717,  167,  679,  115,  959,  135,  432,  772,  378,  433,   66,  481,  325,  675,  423,  483,  470,  940,  445,  620,  600,  195,  523,   79,  116,  381,  181,  641,  743,  343,  434,  288,  803,  449,  405,  493,  571,  578,  905,  834,  649,  453,  227,  756,  375,  407,  582,  130,  299,  765,  869,  492,  203,  564,  863,  454, 1024,  553,  483,  844,  677,  222,  831,  743,  634,  494,  710,  616,  117,  703,  824,  652,  286,  637,  704,  518,  921,  146,  116,  837,  798,  511,  393,  219,  718,  390,  780,  791,  453,  743,  756,  464,  409,  408,  523,  751,  724,  540,  796,  790,  860,  855,  673,  368,  396,  922,  830,  756,  382],
        [  367,    0,  369,  671,  213,  151,  730,  506,  415,  498,  587,  901,  881,  624,  606,  780,  373,  126,  410,  404,  717,    0,  596,  575,  778,  389,  685,  531,   80,  766,  527,  667,  296,  582,   88,  302,  385,  816,  323,  492,  431,  234,  801,  195,  693,  602,  337,  805,  234,  575,  586,  379,  470,  612,  346,  588,  237,  219,  953,  223,  154,  215,  376,  809,   64,  420,  535,  417,  674,  681,  324,  248,  604,  617,  403,  343,  840,  609,  623,  421,  621,  342,  732,  229,  663,   84,  267,  522,  143,  655,   24,  307,  107,  442,  574,  604,  833,  587,  736,  619,  280,  190,  207,  371,  542,  305,  896,  314,  324,  804,  585,   93,  377,  814,  532,  391,  642,  378,  190,  317,  372,  172,  422,  378,  860,  835,  366,  226,  168,  825],
        [  268,    0,  684,  267,  434,  746,  456,  431,  479,  771,  161,  449,  347,  116,  194,  373,  411,  612,  217,  598,  167,  596,    0,  516,  186,  886,  247,  451,  660,  284,  270,  165,  331,  368,  568,  329,  320,  374,  854,  279,  599,  525,  346,  410,  204,  114,  273,  211,  568,  579,  189,  392,  133,  639,  394,  251,  395,  489,  504,  800,  697,  571,  292,  225,  626,  214,  428,  559,   79,  387,  604,  779,  338,  265,  399,  704,  372,  858,  399,  462,  679,  629,  342,  682,  585,  513,  350,  545,  517,   63,  585,  666,  517,  155,  475,  543,  417,  755,  283,  164,  760,  652,  398,  335,  223,  659,  357,  621,  729,  357,  580,  621,  302,  328,  428,  493,  591,  560,  438,  732,  627,  753,  692,  509,  324,  328,  851,  681,  664,  506],
        [  348,    0,  888,  768,  598,  687,  219,  814,  793,  348,  648,  463,  543,  627,  685,  883,  216,  484,  366,  863,  679,  575,  516,    0,  648,  964,  755,  842,  653,  423,  247,  679,  366,  809,  623,  563,  269,  403,  896,  242,  881,  702,  862,  527,  719,  617,  519,  622,  732,   71,  339,  703,  433,  126,  679,  281,  573,  661,  496,  782,  552,  721,  307,  588,  550,  357,  828,  848,  556,  866,  307,  822,  203,  746,  194,  389,  443,  393,  155,  785,  169,  842,  847,  463,   93,  539,  390,   76,  623,  563,  585,  378,  472,  479,   44,   34,  388,  272,  796,  665,  851,  465,  525,  645,  674,  832,  561,  330,  876,  403,   67,  519,  295,  447,  826,  787,   83,  227,  575,  871,  285,  735,  309,  203,  533,  481,  940,  465,  734, 1004],
        [  450,    0,  828,  284,  606,  928,  531,  531,  606,  936,  246,  429,  280,  184,  257,  337,  581,  797,  399,  730,  115,  778,  186,  648,    0, 1049,  249,  544,  840,  292,  411,  178,  515,  439,  746,  499,  493,  381, 1024,  431,  726,  687,  286,  589,  193,  204,  448,   68,  730,  716,  311,  532,  318,  774,  543,  368,  568,  654,  475,  978,  882,  735,  470,  118,  810,  394,  519,  687,  110,  413,  780,  951,  450,  317,  565,  882,  359, 1016,  508,  588,  816,  775,  330,  865,  701,  695,  534,  690,  692,  124,  767,  845,  702,  337,  605,  670,  429,  905,  252,  222,  925,  836,  577,  484,  323,  813,  280,  798,  885,  365,  714,  806,  479,  316,  520,  626,  713,  729,  613,  889,  799,  931,  861,  677,  262,  296, 1013,  865,  836,  484],
        [  719,    0,  262,  851,  456,  308, 1111,  594,  485,  843,  814, 1260, 1213,  870,  818,  929,  759,  494,  751,  377,  959,  389,  886,  964, 1049,    0,  879,  604,  313, 1111,  893,  896,  656,  704,  353,  559,  758, 1174,   82,  860,  399,  363,  971,  499,  909,  849,  617, 1092,  320,  962,  933,  529,  785,  996,  511,  948,  495,  398, 1314,  213,  458,  316,  739, 1110,  422,  763,  622,  422,  960,  800,  698,  143,  979,  794,  788,  687, 1193,  946, 1003,  503, 1002,  300,  885,  565, 1051,  436,  625,  910,  382,  936,  380,  662,  494,  738,  961,  993, 1197,  951,  921,  845,  128,  539,  508,  567,  745,  246, 1227,  684,  175, 1160,  972,  456,  743, 1160,  619,  457, 1031,  762,  459,  167,  743,  246,  781,  766, 1191, 1176,   38,  562,  239,  911],
        [  455,    0,  634,   36,  480,  824,  701,  307,  402,  974,  114,  658,  522,  131,   83,  129,  618,  741,  413,  525,  135,  685,  247,  755,  249,  879,    0,  313,  730,  502,  510,   87,  496,  201,  629,  383,  526,  595,  869,  514,  515,  531,  121,  493,   57,  138,  359,  316,  569,  814,  435,  352,  329,  875,  375,  496,  450,  509,  709,  851,  818,  580,  490,  362,  733,  416,  288,  478,  246,  165,  790,  804,  584,   86,  614,  882,  583, 1071,  645,  383,  913,  585,   97,  832,  828,  604,  501,  775,  567,  223,  668,  841,  638,  302,  715,  783,  642,  976,   52,   91,  762,  795,  482,  327,  145,  633,  525,  803,  706,  578,  816,  739,  503,  538,  290,  427,  832,  762,  498,  712,  822,  811,  890,  715,  501,  526,  841,  831,  694,  261],
        [  494,    0,  345,  279,  328,  635,  867,   29,  127,  953,  305,  899,  789,  369,  287,  330,  647,  630,  480,  229,  432,  531,  451,  842,  544,  604,  313,    0,  544,  734,  634,  367,  491,  113,  451,  294,  574,  822,  612,  619,  212,  311,  379,  383,  360,  355,  325,  605,  335,  883,  602,  160,  438,  941,  194,  653,  323,  313,  954,  631,  684,  352,  536,  642,  592,  491,   25,  183,  497,  198,  756,  561,  728,  231,  658,  823,  822, 1063,  781,  115,  970,  305,  290,  736,  930,  469,  477,  833,  389,  468,  508,  781,  534,  380,  812,  874,  863,  996,  343,  324,  503,  695,  376,  203,  231,  363,  797,  760,  430,  805,  889,  612,  548,  778,   24,  156,  925,  761,  356,  439,  799,  601,  866,  726,  767,  777,  567,  734,  470,  314],
        [  442,    0,  330,  712,  250,   95,  810,  522,  421,  551,  637,  979,  955,  679,  654,  817,  452,  185,  483,  386,  772,   80,  660,  653,  840,  313,  730,  544,    0,  842,  606,  719,  372,  608,  101,  351,  464,  894,  244,  570,  414,  234,  842,  252,  743,  657,  393,  870,  220,  650,  661,  403,  538,  684,  371,  666,  282,  235, 1031,  146,  176,  201,  453,  877,  112,  494,  552,  408,  738,  709,  390,  170,  684,  656,  483,  394,  917,  660,  702,  430,  691,  314,  768,  273,  739,  150,  342,  598,  165,  718,   79,  363,  187,  506,  652,  681,  911,  649,  780,  670,  212,  239,  264,  407,  585,  266,  970,  377,  269,  882,  660,  147,  454,  890,  548,  394,  718,  450,  234,  260,  436,   96,  481,  454,  934,  910,  292,  270,  113,  849],
        [  400,    0,  939,  531,  659,  913,  254,  713,  752,  757,  440,  166,  127,  384,  469,  613,  450,  737,  362,  865,  378,  766,  284,  423,  292, 1111,  502,  734,  842,    0,  254,  416,  470,  650,  767,  566,  392,   94, 1066,  289,  869,  764,  570,  613,  448,  390,  504,  239,  806,  493,  181,  660,  333,  543,  656,  188,  620,  723,  222,  987,  823,  804,  393,  192,  776,  350,  712,  829,  257,  659,  647,  988,  227,  541,  423,  749,   89,  814,  269,  736,  586,  884,  596,  772,  450,  693,  500,  484,  730,  282,  763,  721,  667,  389,  380,  435,  141,  694,  522,  435,  984,  755,  603,  599,  506,  904,  145,  669,  969,   77,  487,  759,  394,   50,  711,  762,  469,  576,  653,  970,  649,  937,  698,  527,  113,   70, 1078,  773,  875,  758],
        [  178,    0,  756,  525,  460,  670,  239,  608,  611,  531,  407,  374,  378,  381,  443,  638,  198,  487,  163,  704,  433,  527,  270,  247,  411,  893,  510,  634,  606,  254,    0,  433,  238,  584,  542,  390,  144,  290,  840,   37,  716,  570,  615,  401,  472,  372,  333,  395,  609,  311,  102,  516,  201,  371,  500,   66,  426,  527,  426,  750,  572,  603,  155,  370,  530,  150,  617,  678,  312,  631,  399,  761,   96,  508,  173,  502,  317,  606,  148,  599,  412,  704,  604,  519,  318,  462,  269,  281,  516,  318,  528,  471,  424,  256,  206,  274,  306,  495,  550,  421,  769,  502,  394,  453,  442,  711,  396,  420,  769,  279,  311,  511,  152,  297,  616,  613,  323,  334,  447,  768,  406,  699,  462,  283,  361,  323,  863,  520,  655,  763],
        [  398,    0,  664,  116,  472,  811,  616,  355,  436,  915,   84,  573,  441,   55,   82,  209,  555,  709,  351,  561,   66,  667,  165,  679,  178,  896,   87,  367,  719,  416,  433,    0,  447,  262,  620,  368,  463,  509,  879,  439,  554,  539,  183,  473,   40,   72,  331,  241,  580,  740,  352,  370,  265,  801,  386,  414,  438,  511,  625,  848,  790,  588,  430,  283,  709,  353,  342,  516,  160,  246,  738,  810,  502,  140,  548,  833,  497, 1008,  563,  417,  840,  612,  183,  793,  749,  584,  457,  704,  560,  136,  652,  793,  608,  250,  638,  706,  555,  909,  119,   52,  776,  759,  461,  331,  154,  655,  445,  752,  727,  492,  741,  711,  442,  452,  343,  458,  755,  703,  486,  732,  766,  805,  833,  654,  420,  442,  859,  792,  697,  347],
        [   72,    0,  533,  495,  237,  444,  462,  462,  430,  485,  383,  608,  586,  395,  414,  616,  157,  284,  120,  499,  481,  296,  331,  366,  515,  656,  496,  491,  372,  470,  238,  447,    0,  481,  304,  201,  107,  523,  603,  204,  516,  346,  616,  170,  482,  376,  168,  529,  381,  398,  290,  342,  198,  453,  316,  295,  209,  303,  661,  518,  371,  373,   84,  526,  310,  129,  481,  483,  406,  559,  295,  524,  324,  455,  173,  387,  546,  588,  356,  422,  481,  484,  571,  352,  458,  225,   32,  346,  281,  393,  294,  347,  199,  198,  345,  399,  543,  509,  546,  411,  532,  321,  165,  289,  373,  483,  602,  307,  536,  510,  404,  298,   88,  518,  479,  423,  447,  278,  218,  534,  330,  467,  398,  238,  566,  539,  626,  351,  417,  707],
        [  468,    0,  450,  167,  370,  702,  807,  112,  220,  961,  212,  815,  695,  273,  187,  225,  630,  666,  443,  336,  325,  582,  368,  809,  439,  704,  201,  113,  608,  650,  584,  262,  481,    0,  510,  305,  549,  741,  706,  575,  322,  384,  269,  410,  251,  262,  315,  502,  415,  857,  537,  206,  384,  917,  238,  592,  353,  375,  869,  711,  730,  430,  509,  543,  639,  452,   89,  289,  403,  102,  766,  649,  673,  123,  636,  843,  737, 1067,  731,  203,  950,  406,  181,  769,  893,  511,  474,  811,  446,  375,  561,  801,  565,  331,  776,  841,  785,  990,  231,  224,  597,  729,  401,  217,  148,  460,  701,  773,  530,  724,  862,  654,  522,  693,   91,  248,  891,  758,  396,  538,  805,  676,  874,  718,  673,  688,  667,  767,  549,  244],
        [  369,    0,  288,  611,  150,  195,  759,  427,  332,  579,  538,  911,  875,  581,  554,  716,  412,  210,  405,  317,  675,   88,  568,  623,  746,  353,  629,  451,  101,  767,  542,  620,  304,  510,    0,  252,  405,  825,  300,  508,  344,  148,  741,  160,  643,  559,  298,  779,  147,  631,  586,  305,  452,  673,  272,  598,  182,  138,  964,  233,  240,  129,  387,  789,  151,  417,  457,  330,  646,  610,  397,  222,  626,  556,  440,  426,  846,  691,  652,  339,  686,  257,  668,  315,  714,   86,  273,  577,   65,  625,   64,  389,  157,  414,  616,  654,  846,  662,  679,  571,  231,  275,  171,  306,  485,  225,  890,  390,  255,  812,  641,  180,  391,  816,  454,  307,  696,  443,  135,  250,  446,  186,  500,  435,  853,  833,  324,  312,  114,  751],
        [  222,    0,  374,  370,  107,  444,  628,  266,  231,  662,  287,  724,  659,  330,  305,  483,  358,  367,  227,  315,  423,  302,  329,  563,  499,  559,  383,  294,  351,  566,  390,  368,  201,  305,  252,    0,  296,  639,  527,  365,  327,  200,  500,  112,  393,  307,   62,  537,  243,  598,  396,  142,  233,  653,  117,  428,   71,  161,  780,  483,  438,  244,  260,  553,  351,  241,  287,  291,  404,  396,  465,  453,  485,  317,  373,  539,  652,  770,  530,  223,  681,  321,  434,  466,  654,  222,  184,  546,  194,  380,  286,  497,  264,  181,  539,  596,  670,  702,  434,  320,  432,  427,  101,   93,  240,  339,  672,  470,  406,  624,  604,  360,  270,  615,  285,  227,  645,  467,  118,  408,  507,  438,  575,  432,  637,  626,  523,  465,  338,  545],
        [   81,    0,  640,  532,  343,  527,  356,  546,  526,  453,  413,  517,  514,  409,  448,  652,   93,  345,  114,  603,  483,  385,  320,  269,  493,  758,  526,  574,  464,  392,  144,  463,  107,  549,  405,  296,    0,  433,  701,  108,  618,  452,  643,  277,  502,  394,  251,  494,  487,  310,  220,  435,  199,  369,  412,  207,  313,  410,  568,  608,  431,  479,   40,  481,  387,  111,  562,  583,  385,  615,  287,  623,  222,  501,   89,  389,  460,  546,  250,  517,  402,  590,  611,  387,  359,  323,  137,  262,  387,  380,  387,  354,  281,  229,  244,  302,  448,  451,  574,  437,  635,  366,  272,  376,  423,  590,  531,  305,  642,  422,  315,  368,   27,  438,  560,  522,  351,  241,  325,  640,  308,  557,  373,  191,  496,  462,  728,  387,  519,  759],
        [  456,    0, 1013,  624,  727,  959,  202,  800,  835,  749,  532,   87,  154,  476,  562,  706,  475,  774,  424,  944,  470,  816,  374,  403,  381, 1174,  595,  822,  894,   94,  290,  509,  523,  741,  825,  639,  433,    0, 1124,  326,  950,  834,  661,  676,  541,  482,  578,  323,  875,  470,  244,  742,  409,  514,  735,  228,  689,  792,  142, 1038,  858,  872,  441,  273,  819,  411,  800,  911,  350,  752,  661, 1046,  232,  634,  446,  760,   41,  794,  254,  819,  556,  959,  689,  797,  411,  747,  553,  473,  793,  375,  815,  736,  713,  467,  365,  409,   49,  672,  615,  528, 1048,  784,  667,  679,  596,  976,  170,  684, 1038,   18,  464,  799,  440,   68,  800,  844,  434,  585,  719, 1039,  657,  988,  698,  540,  154,   99, 1142,  799,  936,  851],
        [  669,    0,  285,  844,  421,  229, 1051,  600,  489,  763,  796, 1210, 1172,  849,  804,  930,  696,  420,  704,  393,  940,  323,  854,  896, 1024,   82,  869,  612,  244, 1066,  840,  879,  603,  706,  300,  527,  701, 1124,    0,  806,  419,  341,  967,  455,  895,  826,  582, 1063,  301,  891,  886,  518,  746,  923,  496,  897,  460,  370, 1264,  132,  379,  292,  686, 1078,  349,  716,  629,  435,  930,  805,  623,   79,  922,  786,  726,  607, 1145,  865,  944,  505,  927,  311,  884,  486,  982,  379,  572,  840,  339,  907,  317,  584,  429,  703,  896,  924, 1145,  872,  914,  828,  110,  461,  465,  548,  731,  251, 1186,  608,  190, 1111,  902,  382,  689, 1115,  626,  460,  961,  689,  419,  179,  668,  168,  703,  696, 1150, 1132,   85,  483,  192,  924],
        [  148,    0,  727,  527,  431,  634,  265,  592,  590,  506,  407,  410,  413,  386,  443,  642,  165,  451,  142,  679,  445,  492,  279,  242,  431,  860,  514,  619,  570,  289,   37,  439,  204,  575,  508,  365,  108,  326,  806,    0,  692,  541,  622,  370,  479,  376,  310,  420,  579,  301,  129,  495,  193,  362,  478,  102,  397,  498,  461,  714,  536,  572,  121,  398,  494,  130,  603,  655,  329,  627,  367,  727,  123,  506,  141,  470,  353,  585,  166,  579,  401,  676,  605,  484,  320,  427,  236,  266,  484,  332,  492,  439,  388,  244,  204,  271,  342,  478,  556,  424,  736,  466,  363,  433,  436,  681,  431,  388,  738,  315,  303,  474,  117,  333,  602,  590,  321,  305,  417,  736,  377,  664,  434,  253,  396,  359,  830,  485,  621,  763],
        [  547,    0,  138,  483,  288,  493,  955,  210,  121,  912,  480, 1033,  945,  544,  472,  542,  668,  551,  553,   29,  620,  431,  599,  881,  726,  399,  515,  212,  414,  869,  716,  554,  516,  322,  344,  327,  618,  950,  419,  692,    0,  202,  590,  359,  556,  525,  384,  781,  198,  908,  713,  210,  543,  959,  218,  751,  309,  233, 1089,  463,  581,  217,  584,  812,  494,  566,  234,   41,  660,  409,  720,  380,  812,  429,  688,  765,  958, 1024,  857,  139,  981,  112,  501,  658,  973,  398,  492,  854,  300,  632,  408,  725,  475,  484,  860,  914,  986,  980,  550,  506,  313,  617,  359,  272,  403,  173,  955,  718,  230,  934,  915,  523,  594,  917,  231,  107,  962,  748,  314,  240,  768,  445,  829,  725,  922,  923,  363,  655,  315,  513],
        [  393,    0,  188,  508,  111,  325,  804,  290,  187,  711,  456,  920,  859,  510,  464,  601,  486,  350,  413,  178,  600,  234,  525,  702,  687,  363,  531,  311,  234,  764,  570,  539,  346,  384,  148,  200,  452,  834,  341,  541,  202,    0,  634,  177,  555,  488,  261,  730,   44,  722,  591,  183,  432,  771,  157,  617,  146,   43,  976,  328,  387,   50,  424,  749,  297,  427,  320,  185,  599,  485,  520,  273,  663,  450,  510,  563,  849,  823,  700,  197,  790,  140,  554,  457,  795,  196,  317,  668,   98,  574,  210,  523,  274,  381,  687,  735,  863,  781,  577,  488,  238,  417,  181,  208,  391,  142,  871,  516,  206,  820,  731,  324,  431,  813,  317,  161,  781,  551,  128,  208,  568,  294,  628,  533,  836,  825,  326,  455,  167,  619],
        [  573,    0,  718,  131,  593,  936,  789,  381,  487, 1093,  234,  714,  565,  237,  204,   61,  734,  861,  529,  605,  195,  801,  346,  862,  286,  971,  121,  379,  842,  570,  615,  183,  616,  269,  741,  500,  643,  661,  967,  622,  590,  634,    0,  610,  144,  250,  478,  352,  670,  923,  532,  452,  444,  984,  479,  594,  565,  616,  761,  959,  936,  682,  608,  403,  850,  532,  356,  557,  324,  188,  910,  906,  682,  186,  729, 1002,  643, 1188,  743,  469, 1023,  673,   90,  952,  930,  721,  622,  886,  678,  308,  783,  961,  757,  421,  821,  889,  709, 1091,   70,  207,  859,  915,  599,  436,  260,  725,  564,  923,  796,  645,  924,  857,  620,  598,  359,  514,  937,  880,  612,  804,  941,  920, 1009,  832,  547,  581,  933,  951,  800,  202],
        [  224,    0,  364,  480,   72,  341,  631,  355,  292,  574,  393,  762,  718,  430,  413,  594,  312,  258,  252,  339,  523,  195,  410,  527,  589,  499,  493,  383,  252,  613,  401,  473,  170,  410,  160,  112,  277,  676,  455,  370,  359,  177,  610,    0,  499,  408,  143,  620,  211,  551,  434,  223,  293,  601,  190,  452,   60,  135,  816,  391,  327,  204,  250,  629,  240,  265,  380,  329,  488,  504,  376,  377,  491,  428,  334,  441,  694,  684,  526,  290,  623,  316,  545,  359,  620,  112,  141,  497,  118,  467,  180,  399,  156,  255,  511,  560,  701,  628,  544,  425,  372,  319,   13,  193,  350,  313,  732,  379,  369,  662,  559,  249,  257,  662,  378,  278,  607,  393,   49,  367,  422,  343,  487,  367,  696,  678,  467,  358,  264,  652],
        [  435,    0,  670,   91,  494,  836,  654,  352,  440,  954,  107,  603,  465,   94,   92,  171,  594,  740,  389,  564,   79,  693,  204,  719,  193,  909,   57,  360,  743,  448,  472,   40,  482,  251,  643,  393,  502,  541,  895,  479,  556,  555,  144,  499,    0,  109,  360,  259,  595,  780,  392,  381,  303,  841,  400,  453,  462,  529,  653,  869,  820,  604,  468,  305,  737,  392,  336,  518,  193,  221,  774,  827,  541,  130,  587,  869,  528, 1047,  603,  421,  880,  620,  148,  826,  788,  611,  492,  743,  582,  172,  677,  829,  638,  285,  678,  746,  588,  949,   80,   75,  790,  791,  487,  348,  165,  665,  468,  788,  738,  524,  781,  741,  480,  483,  337,  463,  794,  741,  510,  744,  803,  827,  870,  692,  445,  470,  872,  825,  715,  311],
        [  327,    0,  625,  155,  413,  748,  569,  339,  405,  845,   51,  553,  435,   23,   81,  267,  486,  640,  281,  529,  116,  602,  114,  617,  204,  849,  138,  355,  657,  390,  372,   72,  376,  262,  559,  307,  394,  482,  826,  376,  525,  488,  250,  408,  109,    0,  266,  256,  530,  676,  300,  329,  195,  737,  340,  361,  377,  457,  607,  789,  721,  536,  360,  289,  642,  284,  331,  486,  142,  274,  667,  755,  448,  153,  480,  762,  476,  939,  509,  387,  776,  572,  232,  723,  690,  519,  387,  638,  501,  114,  587,  722,  539,  179,  577,  645,  527,  842,  182,   50,  725,  689,  396,  282,  126,  610,  442,  681,  682,  465,  678,  643,  372,  431,  332,  423,  694,  633,  425,  687,  695,  744,  762,  584,  413,  426,  812,  722,  641,  394],
        [  172,    0,  436,  350,  162,  483,  572,  297,  280,  648,  253,  663,  599,  288,  277,  468,  323,  383,  170,  373,  381,  337,  273,  519,  448,  617,  359,  325,  393,  504,  333,  331,  168,  315,  298,   62,  251,  578,  582,  310,  384,  261,  478,  143,  360,  266,    0,  483,  303,  559,  335,  187,  172,  616,  168,  369,  123,  221,  719,  530,  461,  304,  213,  496,  378,  183,  314,  346,  350,  397,  453,  507,  429,  303,  333,  536,  590,  753,  476,  270,  646,  382,  421,  475,  609,  254,  160,  508,  245,  328,  322,  494,  280,  122,  492,  552,  610,  677,  410,  286,  490,  438,  131,  126,  221,  400,  612,  462,  466,  563,  564,  382,  225,  554,  312,  280,  602,  444,  166,  468,  492,  484,  560,  405,  576,  565,  582,  474,  391,  546],
