{
    "name": "random-63-5084",
    "comment": "size=63 seed=5084",
    "nodes": ["+0", "-0", "+1", "-1", "+2", "-2", "+3", "-3", "+4", "-4", "+5", "-5", "+6", "-6", "+7", "-7", "+8", "-8", "+9", "-9", "+10", "-10", "+11", "-11", "+12", "-12", "+13", "-13", "+14", "-14", "+15", "-15", "+16", "-16", "+17", "-17", "+18", "-18", "+19", "-19", "+20", "-20", "+21", "-21", "+22", "-22", "+23", "-23", "+24", "-24", "+25", "-25", "+26", "-26", "+27", "-27", "+28", "-28", "+29", "-29", "+30", "-30", "+31", "-31", "+32", "-32", "+33", "-33", "+34", "-34", "+35", "-35", "+36", "-36", "+37", "-37", "+38", "-38", "+39", "-39", "+40", "-40", "+41", "-41", "+42", "-42", "+43", "-43", "+44", "-44", "+45", "-45", "+46", "-46", "+47", "-47", "+48", "-48", "+49", "-49", "+50", "-50", "+51", "-51", "+52", "-52", "+53", "-53", "+54", "-54", "+55", "-55", "+56", "-56", "+57", "-57", "+58", "-58", "+59", "-59", "+60", "-60", "+61", "-61", "+62", "-62", "+63", "-63"],
    "precedence": {
        "+0": "-0",
        "+1": "-1",
        "+2": "-2",
        "+3": "-3",
        "+4": "-4",
        "+5": "-5",
        "+6": "-6",
        "+7": "-7",
        "+8": "-8",
        "+9": "-9",
        "+10": "-10",
        "+11": "-11",
        "+12": "-12",
        "+13": "-13",
        "+14": "-14",
        "+15": "-15",
        "+16": "-16",
        "+17": "-17",
        "+18": "-18",
        "+19": "-19",
        "+20": "-20",
        "+21": "-21",
        "+22": "-22",
        "+23": "-23",
        "+24": "-24",
        "+25": "-25",
        "+26": "-26",
        "+27": "-27",
        "+28": "-28",
        "+29": "-29",
        "+30": "-30",
        "+31": "-31",
        "+32": "-32",
        "+33": "-33",
        "+34": "-34",
        "+35": "-35",
        "+36": "-36",
        "+37": "-37",
        "+38": "-38",
        "+39": "-39",
        "+40": "-40",
        "+41": "-41",
        "+42": "-42",
        "+43": "-43",
        "+44": "-44",
        "+45": "-45",
        "+46": "-46",
        "+47": "-47",
        "+48": "-48",
        "+49": "-49",
        "+50": "-50",
        "+51": "-51",
        "+52": "-52",
        "+53": "-53",
        "+54": "-54",
        "+55": "-55",
        "+56": "-56",
        "+57": "-57",
        "+58": "-58",
        "+59": "-59",
        "+60": "-60",
        "+61": "-61",
        "+62": "-62",
        "+63": "-63"
    },
    "edges": [
        [    0,    0,  745,  763,  353,  180,  570,  290,  727,  686,  337,  385,  496,  622,  489,  464,  251,  312,  315,  775,  547,  527,  147,  654,  323,  469,  303,  126,  656,  861,  974,  634,  700,  724,  347,  454,  428,  507,  103,  819,  705,  725,  340,  277,  363,  730,  900,  312,  299,  861,  664,  427,  612,   76,  283,  517,  644,  355,  651,   78,  200,  868,  638,  220,  210,  137,  743,  128,  805,  737,  457,  183,  434,  561,  850,  494,  639,  778,  485,  346,  721,  402,  673,   43,  819,  821,  171,  787,  663,  369,  523,  754,  221,  728,  742,  556,  723,  321,  569,  533,  284, 1006,  419,  209,  712,  393,  483,  350,  220,   58,  983,  702,  640,  298,  478,  951,  517,  408,  219,  677,  560,  613,  733,  330,  509,  736,  282,  539],
        [    0,    0,    0,    0,    0,    0,    0,    0,    0,    0,    0,    0,    0,    0,    0,    0,    0,    0,    0,    0,    0,    0,    0,    0,    0,    0,    0,    0,    0,    0,    0,    0,    0,    0,    0,    0,    0,    0,    0,    0,    0,    0,    0,    0,    0,    0,    0,    0,    0,    0,    0,    0,    0,    0,    0,    0,    0,    0,    0,    0,    0,    0,    0,    0,    0,    0,    0,    0,    0,    0,    0,    0,    0,    0,    0,    0,    0,    0,    0,    0,    0,    0,    0,    0,    0,    0,    0,    0,    0,    0,    0,    0,    0,    0,    0,    0,    0,    0,    0,    0,    0,    0,    0,    0,    0,    0,    0,    0,    0,    0,    0,    0,    0,    0,    0,    0,    0,    0,    0,    0,    0,    0,    0,    0,    0,    0,    0,    0],
        [  745,    0,    0,  219,  405,  915,  562,  567, 1131,  838,  522,  419,  251,  124,  898,  922,  898,  953,  445,  253,  207, 1033,  838,  880,  550,  384,  904,  649,  634,  516,  703,  614, 1132,  968,  928,  465,  323,  256,  650,  559,   45,  157,  580,  760,  479,  223,  685,  937,  701,  459,   95,  621,  220,  717,  811,  820,  917,  445,  816,  723,  897,  664,  246,  560,  887,  771,  906,  618,  185,  144,  661,  891,  381,  331,  789,  417, 1073,  243,  733,  501,  276,  930, 1041,  741,  533,  437,  665,  716,  251,  677,  228,  737,  868,  587, 1199,  705,  198,  759,  819,  309,  705,  718,  633,  611,  829,  442, 1030,  513,  546,  691,  669, 1109,  971,  462,  766,  734, 1032,  453,  716, 1009, 1035,  769,   96,  707,  238, 1170,  474,  207],
        [  763,    0,  219,    0,  481,  911,  734,  664, 1271, 1010,  631,  383,  339,  254, 1023, 1038,  962,  904,  449,  471,  327, 1144,  822, 1042,  492,  310,  981,  647,  819,  733,  920,  796, 1266, 1132, 1013,  609,  350,  270,  684,  771,  200,  372,  508,  852,  592,   35,  897, 1009,  802,  677,  185,  758,  153,  756,  898,  961, 1072,  414,  984,  763,  943,  875,  127,  549,  940,  749, 1080,  640,  402,   78,  803,  932,  334,  503,  990,  314, 1203,   26,  876,  610,  488, 1029, 1184,  747,  746,  654,  640,  914,  452,  797,  273,  929,  929,  786, 1329,  865,   43,  861,  971,  468,  640,  936,  767,  584, 1006,  387, 1130,  453,  606,  705,  887, 1247, 1118,  529,  905,  948, 1141,  579,  796, 1158, 1154,  934,  313,  816,  298, 1304,  482,  289],
        [  353,    0,  405,  481,    0,  530,  359,  185,  803,  596,  160,  220,  156,  282,  549,  560,  495,  614,  149,  428,  200,  665,  471,  606,  305,  286,  507,  286,  460,  563,  713,  434,  795,  696,  536,  201,  141,  214,  252,  545,  371,  373,  346,  372,  132,  453,  653,  537,  323,  546,  338,  307,  334,  315,  420,  502,  626,  215,  564,  321,  493,  622,  376,  229,  483,  414,  667,  231,  453,  432,  355,  486,  241,  232,  665,  338,  731,  502,  424,  142,  380,  549,  722,  359,  535,  507,  328,  589,  318,  326,  209,  578,  464,  487,  855,  441,  438,  382,  525,  194,  422,  741,  313,  288,  605,  258,  650,  289,  142,  305,  707,  779,  660,   58,  446,  708,  661,  147,  319,  701,  677,  514,  382,  338,  186,  833,  150,  206],
        [  180,    0,  915,  911,  530,    0,  734,  461,  779,  811,  511,  529,  669,  792,  575,  536,  283,  197,  474,  954,  721,  567,  100,  766,  435,  606,  349,  268,  813, 1034, 1139,  793,  746,  825,  390,  628,  594,  669,  283,  989,  874,  903,  436,  395,  540,  878, 1062,  337,  438, 1038,  831,  582,  764,  240,  378,  630,  747,  498,  778,  237,  207, 1031,  785,  365,  235,  170,  861,  301,  983,  894,  604,  187,  578,  740,  997,  619,  692,  924,  618,  521,  901,  458,  744,  174,  990,  998,  275,  940,  843,  513,  690,  902,  269,  893,  773,  698,  874,  440,  688,  713,  331, 1172,  572,  329,  842,  527,  511,  470,  399,  227, 1151,  756,  727,  476,  603, 1112,  554,  585,  357,  758,  607,  746,  908,  467,  677,  777,  443,  709],
        [  570,    0,  562,  734,  359,  734,    0,  283,  587,  277,  247,  577,  417,  482,  393,  435,  548,  880,  506,  395,  412,  542,  716,  321,  658,  634,  514,  574,  102,  325,  406,   75,  596,  407,  515,  158,  476,  519,  482,  263,  554,  429,  699,  375,  243,  718,  330,  552,  312,  352,  552,  159,  620,  498,  420,  291,  362,  574,  255,  499,  593,  299,  668,  560,  568,  685,  347,  498,  475,  664,  162,  600,  592,  234,  308,  688,  544,  759,  211,  249,  333,  480,  495,  599,  271,  319,  635,  234,  322,  242,  491,  220,  532,  159,  665,  151,  696,  342,  270,  268,  751,  438,  173,  613,  272,  615,  562,  646,  387,  551,  420,  567,  423,  366,  250,  382,  547,  214,  385,  458,  529,  208,  481,  293,  466,  631,  500,  458],
        [  290,    0,  567,  664,  185,  461,  283,    0,  622,  454,   54,  375,  331,  450,  366,  375,  341,  598,  287,  523,  363,  480,  435,  448,  415,  454,  338,  296,  375,  573,  685,  351,  612,  534,  361,  169,  324,  399,  199,  530,  539,  499,  453,  193,   95,  637,  612,  372,  139,  579,  512,  161,  518,  222,  244,  330,  459,  360,  420,  225,  359,  580,  560,  301,  341,  403,  522,  219,  572,  612,  204,  359,  408,  300,  577,  502,  548,  686,  261,   72,  463,  367,  543,  317,  530,  539,  359,  509,  414,  149,  391,  482,  314,  440,  671,  303,  621,  198,  362,  287,  481,  717,  159,  346,  471,  408,  468,  414,  117,  269,  693,  597,  485,  147,  275,  664,  477,  135,  153,  527,  492,  372,  524,  154,  368,  650,  267,  382],
        [  727,    0, 1131, 1271,  803,  779,  587,  622,    0,  355,  645,  992,  932, 1032,  258,  266,  499,  975,  902,  981,  949,  214,  835,  282, 1003, 1075,  435,  824,  557,  848,  810,  564,   43,  228,  392,  668,  944, 1014,  716,  765, 1114, 1012, 1033,  472,  681, 1247,  735,  442,  494,  899, 1101,  515, 1132,  666,  448,  312,  232,  973,  357,  660,  574,  719, 1177,  880,  548,  858,  325,  764, 1061, 1210,  472,  595, 1029,  803,  572, 1120,   89, 1294,  399,  665,  920,  327,   92,  769,  788,  875,  886,  581,  905,  478, 1001,  527,  520,  656,   92,  436, 1229,  441,  317,  823, 1008,  839,  504,  904,  388, 1021,  274, 1013,  718,  758,  855,   26,  165,  769,  367,  751,  228,  692,  540,  134,  173,  388, 1060,  471,  976,   52,  877,  982],
        [  686,    0,  838, 1010,  596,  811,  277,  454,  355,    0,  446,  812,  685,  758,  278,  331,  554,  990,  730,  653,  685,  402,  827,   79,  868,  881,  496,  736,  215,  494,  464,  229,  378,  139,  473,  410,  729,  782,  626,  411,  830,  701,  906,  418,  465,  992,  386,  527,  387,  548,  828,  296,  890,  611,  436,  186,  131,  802,   35,  608,  623,  367,  937,  754,  593,  819,   72,  661,  738,  940,  251,  638,  836,  511,  236,  933,  344, 1035,  202,  459,  596,  411,  269,  724,  435,  527,  802,  229,  594,  323,  758,  174,  554,  305,  444,  156,  970,  372,  126,  543,  927,  495,  296,  797,   40,  849,  449,  865,  570,  690,  506,  342,  203,  583,  209,  408,  413,  455,  467,  223,  370,   83,  755,  356,  733,  405,  716,  728],
        [  337,    0,  522,  631,  160,  511,  247,   54,  645,  446,    0,  368,  293,  407,  393,  408,  393,  640,  285,  470,  321,  516,  479,  450,  425,  442,  387,  328,  343,  524,  643,  318,  637,  539,  408,  117,  301,  370,  241,  484,  495,  447,  464,  240,   44,  605,  571,  422,  179,  527,  472,  152,  488,  272,  291,  343,  467,  357,  413,  275,  412,  540,  532,  318,  395,  442,  516,  253,  520,  575,  199,  413,  396,  246,  549,  493,  574,  653,  265,   22,  409,  408,  562,  361,  482,  488,  389,  478,  361,  168,  358,  456,  367,  399,  700,  292,  588,  237,  367,  235,  506,  674,  155,  369,  460,  404,  509,  420,  141,  310,  648,  620,  500,  138,  286,  625,  514,   82,  206,  542,  524,  364,  475,  187,  334,  676,  271,  345],
        [  385,    0,  419,  383,  220,  529,  577,  375,  992,  812,  368,    0,  225,  312,  734,  734,  605,  538,   90,  553,  276,  829,  440,  818,  133,   88,  636,  265,  678,  744,  910,  651,  978,  906,  674,  419,  126,  165,  318,  740,  375,  467,  167,  530,  348,  350,  856,  659,  499,  715,  326,  519,  238,  390,  568,  704,  833,   31,  780,  398,  574,  826,  257,  167,  576,  368,  883,  270,  543,  370,  567,  561,   50,  414,  882,  129,  913,  397,  632,  354,  523,  705,  916,  365,  726,  678,  259,  805,  460,  523,  199,  796,  571,  697, 1034,  657,  346,  553,  734,  368,  287,  936,  523,  203,  823,   40,  802,   98,  275,  327,  897,  966,  860,  231,  649,  912,  823,  366,  465,  901,  849,  730,  446,  522,  201, 1016,  118,  237],
        [  496,    0,  251,  339,  156,  669,  417,  331,  932,  685,  293,  225,    0,  128,  684,  701,  651,  726,  214,  329,   56,  809,  598,  709,  352,  244,  661,  408,  512,  526,  699,  487,  927,  800,  688,  276,  101,  104,  399,  532,  216,  249,  390,  522,  253,  316,  653,  692,  468,  492,  183,  420,  206,  466,  571,  623,  737,  242,  656,  472,  647,  625,  253,  327,  638,  534,  756,  369,  329,  283,  466,  640,  213,  208,  705,  296,  865,  363,  538,  272,  298,  697,  846,  495,  514,  456,  433,  627,  235,  459,   74,  629,  619,  507,  990,  534,  297,  527,  635,  163,  498,  723,  429,  383,  686,  262,  798,  322,  296,  443,  682,  908,  780,  212,  566,  708,  806,  241,  473,  821,  817,  606,  242,  479,   49,  965,  238,   52],
        [  622,    0,  124,  254,  282,  792,  482,  450, 1032,  758,  407,  312,  128,    0,  791,  812,  776,  838,  327,  267,   87,  922,  718,  793,  445,  295,  784,  529,  565,  508,  692,  543, 1030,  882,  810,  364,  205,  149,  526,  534,   90,  167,  478,  642,  365,  240,  660,  816,  585,  461,   71,  518,  170,  593,  692,  720,  825,  336,  733,  599,  774,  635,  214,  442,  765,  652,  828,  495,  236,  183,  561,  767,  282,  249,  740,  338,  969,  279,  633,  386,  260,  815,  943,  619,  511,  431,  548,  664,  211,  567,  114,  676,  745,  536, 1095,  616,  217,  644,  725,  216,  598,  712,  529,  495,  753,  341,  915,  409,  423,  568,  666, 1008,  875,  339,  665,  713,  920,  343,  596,  914,  927,  684,  135,  593,  118, 1068,  355,   84],
        [  489,    0,  898, 1023,  549,  575,  393,  366,  258,  278,  393,  734,  684,  791,    0,   54,  297,  766,  645,  779,  706,  150,  612,  211,  747,  817,  233,  575,  403,  701,  719,  399,  246,  252,  202,  434,  690,  762,  464,  625,  877,  793,  779,  219,  432,  998,  637,  258,  236,  739,  859,  279,  881,  422,  207,  111,  179,  715,  254,  416,  372,  612,  924,  625,  342,  624,  306,  511,  851,  966,  245,  390,  771,  579,  508,  863,  182, 1046,  183,  414,  715,  135,  188,  531,  642,  708,  639,  482,  689,  226,  751,  429,  307,  509,  307,  256,  981,  185,  162,  591,  763,  751,  266,  652,  316,  763,  180,  757,  460,  512,  752,  233,  154,  512,  144,  670,  156,  449,  287,  189,  140,  250,  835,  214,  726,  284,  620,  736],
        [  464,    0,  922, 1038,  560,  536,  435,  375,  266,  331,  408,  734,  701,  812,   54,    0,  255,  730,  645,  815,  726,  112,  580,  263,  738,  819,  190,  558,  451,  747,  770,  446,  246,  298,  154,  462,  699,  773,  450,  673,  899,  823,  768,  207,  449, 1011,  688,  211,  239,  784,  878,  309,  893,  401,  183,  161,  228,  713,  308,  395,  331,  663,  935,  616,  302,  597,  357,  499,  885,  983,  280,  351,  774,  609,  561,  863,  182, 1060,  225,  429,  751,   85,  212,  506,  689,  752,  621,  534,  721,  245,  765,  481,  269,  557,  300,  303,  995,  182,  215,  617,  743,  803,  295,  638,  370,  761,  130,  750,  460,  492,  803,  241,  193,  519,  187,  722,  114,  470,  275,  222,  117,  302,  863,  223,  741,  284,  618,  752],
        [  251,    0,  898,  962,  495,  283,  548,  341,  499,  554,  393,  605,  651,  776,  297,  255,    0,  479,  522,  861,  692,  289,  338,  499,  567,  692,   66,  370,  604,  870,  939,  589,  467,  549,  108,  495,  612,  694,  287,  809,  865,  839,  588,  173,  435,  931,  858,   62,  239,  890,  832,  389,  809,  217,  130,  369,  473,  578,  523,  209,   77,  829,  843,  453,   50,  370,  595,  337,  912,  922,  392,   97,  652,  638,  763,  725,  411,  980,  381,  412,  799,  175,  462,  290,  818,  852,  422,  717,  753,  306,  699,  672,   34,  700,  501,  468,  920,  208,  429,  627,  532,  972,  375,  455,  589,  622,  237,  590,  358,  298,  961,  475,  447,  440,  355,  901,  276,  474,  188,  476,  327,  500,  862,  256,  678,  500,  489,  701],
        [  312,    0,  953,  904,  614,  197,  880,  598,  975,  990,  640,  538,  726,  838,  766,  730,  479,    0,  513, 1040,  781,  763,  166,  951,  414,  596,  544,  329,  968, 1159, 1282,  945,  942, 1014,  586,  754,  635,  698,  400, 1123,  909,  973,  397,  573,  660,  870, 1209,  534,  607, 1152,  862,  739,  770,  387,  564,  814,  935,  509,  956,  388,  402, 1178,  780,  399,  430,  202, 1044,  394, 1053,  903,  768,  382,  581,  842, 1161,  592,  888,  912,  792,  646,  993,  653,  939,  281, 1121, 1112,  293, 1099,  931,  678,  727, 1066,  462, 1037,  969,  866,  872,  619,  870,  807,  265, 1313,  730,  344, 1019,  522,  707,  453,  508,  331, 1288,  952,  919,  568,  781, 1261,  750,  704,  525,  951,  803,  920,  966,  637,  721,  973,  489,  756],
        [  315,    0,  445,  449,  149,  474,  506,  287,  902,  730,  285,   90,  214,  327,  645,  645,  522,  513,    0,  537,  269,  740,  394,  732,  158,  176,  550,  207,  607,  702,  859,  580,  888,  820,  587,  348,  123,  196,  237,  690,  403,  463,  199,  441,  269,  416,  800,  574,  409,  680,  358,  436,  297,  310,  480,  617,  746,   73,  697,  317,  496,  770,  326,  115,  496,  326,  800,  192,  542,  423,  483,  485,  132,  369,  813,  219,  823,  465,  546,  272,  498,  616,  827,  303,  678,  641,  222,  737,  435,  435,  218,  724,  488,  636,  944,  575,  409,  464,  648,  326,  289,  886,  438,  170,  742,  121,  714,  141,  186,  258,  850,  877,  771,  147,  561,  856,  734,  292,  376,  812,  759,  648,  453,  432,  209,  926,   34,  244],
        [  775,    0,  253,  471,  428,  954,  395,  523,  981,  653,  470,  553,  329,  267,  779,  815,  861, 1040,  537,    0,  277,  925,  898,  709,  681,  555,  848,  713,  438,  265,  452,  425,  991,  790,  861,  368,  429,  403,  672,  315,  275,  103,  718,  698,  430,  471,  438,  884,  631,  207,  307,  508,  433,  725,  749,  683,  753,  570,  637,  730,  881,  420,  472,  645,  864,  841,  714,  658,   89,  394,  535,  881,  533,  224,  559,  601,  937,  495,  598,  453,   64,  844,  889,  785,  288,  186,  749,  491,  112,  583,  363,  522,  835,  366, 1059,  546,  446,  681,  665,  243,  825,  466,  522,  703,  635,  587,  937,  650,  556,  731,  417,  962,  817,  480,  636,  485,  928,  389,  674,  851,  917,  597,  159,  626,  354, 1025,  556,  321],
        [  547,    0,  207,  327,  200,  721,  412,  363,  949,  685,  321,  276,   56,   87,  706,  726,  692,  781,  269,  277,    0,  836,  652,  716,  405,  284,  698,  462,  501,  487,  664,  477,  946,  806,  724,  283,  154,  135,  449,  499,  176,  195,  442,  556,  278,  307,  623,  731,  499,  449,  153,  435,  212,  513,  606,  638,  746,  294,  658,  520,  692,  596,  259,  382,  682,  588,  756,  421,  274,  262,  479,  686,  258,  187,  686,  335,  885,  351,  552,  300,  251,  728,  861,  547,  480,  414,  488,  609,  190,  482,   96,  616,  661,  485, 1011,  539,  286,  557,  645,  146,  553,  687,  445,  438,  683,  311,  829,  373,  342,  495,  644,  925,  793,  257,  582,  677,  834,  258,  510,  833,  841,  609,  188,  507,   80,  984,  292,   53],
        [  527,    0, 1033, 1144,  665,  567,  542,  480,  214,  402,  516,  829,  809,  922,  150,  112,  289,  763,  740,  925,  836,    0,  626,  326,  822,  915,  227,  633,  550,  849,  858,  547,  180,  332,  183,  573,  802,  878,  531,  772, 1009,  935,  849,  300,  558, 1117,  777,  231,  343,  888,  987,  421,  998,  474,  263,  258,  280,  807,  385,  467,  363,  754, 1039,  701,  337,  654,  411,  582,  996, 1091,  391,  384,  871,  720,  637,  957,  128, 1166,  331,  537,  861,  128,  200,  569,  790,  857,  693,  620,  832,  356,  871,  566,  313,  656,  215,  404, 1101,  284,  301,  729,  810,  890,  407,  717,  441,  854,   63,  837,  556,  564,  894,  192,  220,  621,  293,  806,   15,  581,  365,  232,   45,  391,  974,  330,  847,  212,  712,  860],
        [  147,    0,  838,  822,  471,  100,  716,  435,  835,  827,  479,  440,  598,  718,  612,  580,  338,  166,  394,  898,  652,  626,    0,  790,  339,  514,  401,  191,  802, 1001, 1119,  780,  804,  856,  445,  594,  516,  588,  239,  963,  797,  840,  338,  412,  502,  788, 1045,  398,  442,  998,  752,  573,  678,  222,  407,  653,  777,  410,  793,  223,  266, 1014,  696,  281,  290,   74,  882,  242,  920,  809,  602,  245,  489,  692,  996,  524,  747,  834,  628,  486,  848,  509,  791,  119,  961,  958,  183,  934,  788,  513,  612,  900,  316,  874,  838,  700,  786,  457,  707,  660,  232, 1151,  565,  238,  855,  436,  574,  375,  352,  172, 1127,  811,  766,  420,  618, 1097,  614,  546,  361,  800,  664,  755,  839,  472,  601,  837,  365,  635],
        [  654,    0,  880, 1042,  606,  766,  321,  448,  282,   79,  450,  818,  709,  793,  211,  263,  499,  951,  732,  709,  716,  326,  790,    0,  861,  891,  439,  716,  277,  567,  543,  286,  302,   91,  412,  434,  744,  803,  604,  484,  870,  750,  898,  379,  476, 1022,  464,  467,  360,  618,  863,  300,  915,  580,  389,  138,   53,  805,   75,  576,  571,  445,  962,  744,  541,  789,   96,  643,  792,  975,  252,  588,  845,  550,  313,  942,  266, 1066,  187,  466,  650,  346,  193,  694,  507,  595,  782,  307,  642,  306,  782,  252,  503,  375,  369,  177, 1001,  334,   88,  578,  908,  573,  295,  783,  117,  852,  375,  862,  562,  664,  584,  267,  125,  587,  180,  487,  338,  472,  435,  148,  293,  113,  802,  329,  757,  331,  715,  756],
        [  323,    0,  550,  492,  305,  435,  658,  415, 1003,  868,  425,  133,  352,  445,  747,  738,  567,  414,  158,  681,  405,  822,  339,  861,    0,  183,  610,  199,  759,  858, 1016,  733,  983,  946,  652,  502,  252,  297,  291,  847,  506,  598,   42,  531,  417,  458,  957,  626,  516,  834,  456,  573,  357,  353,  560,  737,  869,  111,  834,  361,  522,  927,  367,  123,  531,  266,  936,  241,  675,  490,  618,  506,  170,  525,  965,  186,  919,  501,  675,  416,  647,  694,  934,  293,  836,  796,  163,  890,  584,  557,  332,  875,  535,  792, 1033,  715,  459,  563,  775,  481,  156, 1044,  573,  115,  883,  110,  786,   40,  300,  270, 1008,  977,  886,  293,  685, 1013,  814,  445,  463,  926,  847,  786,  578,  543,  333, 1021,  158,  368],
        [  469,    0,  384,  310,  286,  606,  634,  454, 1075,  881,  442,   88,  244,  295,  817,  819,  692,  596,  176,  555,  284,  915,  514,  891,  183,    0,  724,  347,  734,  769,  942,  708, 1061,  980,  761,  479,  160,  152,  406,  774,  340,  460,  203,  616,  417,  276,  894,  747,  582,  733,  290,  592,  178,  477,  655,  782,  909,  116,  849,  485,  661,  866,  184,  250,  663,  441,  953,  357,  531,  309,  640,  647,   47,  449,  934,   55,  997,  320,  707,  426,  534,  791,  997,  448,  757,  698,  332,  857,  474,  602,  192,  853,  659,  742, 1118,  726,  277,  638,  809,  402,  335,  966,  597,  277,  889,   79,  890,  144,  360,  412,  925, 1049,  939,  308,  726,  950,  910,  428,  552,  980,  934,  799,  429,  604,  205, 1100,  206,  236],
        [  303,    0,  904,  981,  507,  349,  514,  338,  435,  496,  387,  636,  661,  784,  233,  190,   66,  544,  550,  848,  698,  227,  401,  439,  610,  724,    0,  416,  563,  838,  896,  549,  404,  485,   45,  480,  632,  712,  323,  774,  873,  834,  634,  151,  430,  952,  814,   38,  218,  862,  843,  359,  830,  258,  100,  312,  411,  611,  467,  250,  143,  786,  867,  493,  114,  428,  534,  374,  905,  938,  355,  163,  682,  627,  711,  760,  347, 1001,  333,  407,  785,  110,  396,  344,  784,  826,  472,  670,  743,  276,  714,  622,   86,  661,  441,  421,  939,  173,  372,  621,  587,  929,  344,  501,  532,  656,  180,  630,  377,  345,  921,  411,  382,  454,  305,  856,  215,  466,  189,  411,  263,  447,  862,  227,  692,  438,  519,  712],
        [  126,    0,  649,  647,  286,  268,  574,  296,  824,  736,  328,  265,  408,  529,  575,  558,  370,  329,  207,  713,  462,  633,  191,  716,  199,  347,  416,    0,  669,  834,  967,  645,  801,  794,  459,  435,  327,  402,  113,  804,  608,  651,  218,  356,  340,  613,  898,  430,  357,  825,  564,  453,  498,  160,  376,  583,  715,  235,  701,  167,  325,  867,  521,   99,  333,  129,  799,   77,  731,  627,  491,  308,  315,  514,  872,  369,  738,  661,  535,  329,  665,  506,  762,  101,  799,  785,   67,  803,  604,  414,  423,  777,  338,  726,  847,  592,  609,  394,  629,  479,  193,  998,  448,   86,  758,  270,  594,  225,  189,   73,  969,  798,  721,  240,  536,  952,  624,  382,  289,  760,  662,  657,  649,  387,  412,  838,  176,  445],
        [  656,    0,  634,  819,  460,  813,  102,  375,  557,  215,  343,  678,  512,  565,  403,  451,  604,  968,  607,  438,  501,  550,  802,  277,  759,  734,  563,  669,    0,  300,  335,   27,  573,  353,  555,  259,  575,  614,  572,  223,  631,  491,  799,  436,  343,  804,  254,  599,  379,  345,  634,  231,  712,  582,  475,  293,  325,  675,  203,  582,  658,  225,  760,  659,  631,  776,  277,  593,  524,  746,  214,  667,  692,  317,  207,  788,  528,  844,  233,  347,  382,  510,  466,  687,  241,  319,  731,  135,  386,  305,  584,  120,  593,  107,  641,  149,  781,  397,  253,  356,  849,  368,  242,  712,  198,  716,  580,  747,  484,  642,  359,  540,  394,  466,  269,  300,  557,  315,  458,  424,  529,  170,  548,  355,  560,  604,  601,  549],
        [  861,    0,  516,  733,  563, 1034,  325,  573,  848,  494,  524,  744,  526,  508,  701,  747,  870, 1159,  702,  265,  487,  849, 1001,  567,  858,  769,  838,  834,  300,    0,  188,  303,  867,  630,  838,  408,  620,  621,  762,   84,  535,  362,  899,  697,  499,  731,  180,  876,  633,   68,  561,  482,  677,  795,  743,  592,  617,  754,  492,  798,  912,  170,  721,  791,  888,  958,  540,  765,  346,  656,  485,  917,  738,  334,  331,  820,  825,  757,  525,  516,  249,  801,  759,  882,   60,   80,  885,  282,  300,  565,  582,  329,  853,  195,  935,  446,  706,  666,  553,  378,  984,  204,  496,  850,  465,  782,  877,  834,  651,  830,  158,  833,  688,  597,  562,  222,  856,  456,  700,  714,  829,  467,  421,  615,  565,  897,  711,  538],
        [  974,    0,  703,  920,  713, 1139,  406,  685,  810,  464,  643,  910,  699,  692,  719,  770,  939, 1282,  859,  452,  664,  858, 1119,  543, 1016,  942,  896,  967,  335,  188,    0,  351,  838,  583,  887,  533,  789,  797,  882,  170,  722,  549, 1057,  770,  627,  918,   83,  933,  712,  248,  747,  560,  861,  903,  809,  610,  594,  916,  475,  904,  992,  111,  905,  937,  965, 1084,  486,  894,  531,  843,  548, 1001,  908,  497,  241,  995,  807,  944,  564,  639,  435,  837,  730, 1001,  185,  267, 1024,  239,  483,  638,  759,  293,  927,  247,  901,  477,  893,  732,  558,  543, 1131,   34,  572,  994,  427,  949,  898,  995,  779,  952,   55,  801,  666,  739,  597,   64,  868,  587,  788,  683,  830,  469,  609,  688,  741,  861,  863,  716],
        [  634,    0,  614,  796,  434,  793,   75,  351,  564,  229,  318,  651,  487,  543,  399,  446,  589,  945,  580,  425,  477,  547,  780,  286,  733,  708,  549,  645,   27,  303,  351,    0,  578,  366,  544,  233,  549,  589,  549,  229,  610,  473,  773,  420,  317,  781,  272,  586,  361,  343,  612,  211,  687,  561,  460,  290,  333,  648,  214,  561,  641,  242,  735,  634,  614,  753,  294,  568,  509,  724,  197,  650,  666,  294,  233,  762,  531,  821,  224,  322,  367,  502,  473,  665,  244,  315,  706,  160,  367,  287,  560,  146,  577,  113,  646,  144,  758,  382,  255,  332,  824,  384,  222,  686,  216,  690,  575,  721,  459,  618,  373,  546,  400,  440,  261,  320,  554,  289,  438,  431,  528,  176,  529,  338,  535,  611,  575,  525],
        [  700,    0, 1132, 1266,  795,  746,  596,  612,   43,  378,  637,  978,  927, 1030,  246,  246,  467,  942,  888,  991,  946,  180,  804,  302,  983, 1061,  404,  801,  573,  867,  838,  578,    0,  257,  360,  668,  935, 1007,  695,  785, 1114, 1017, 1012,  453,  675, 1241,  761,  410,  480,  917, 1099,  513, 1125,  642,  426,  313,  250,  958,  376,  636,  542,  744, 1169,  861,  516,  830,  354,  744, 1069, 1207,  472,  563, 1016,  806,  600, 1106,   65, 1289,  401,  658,  929,  299,  109,  742,  808,  891,  862,  605,  911,  470,  995,  551,  490,  674,   69,  446, 1224,  425,  327,  824,  983,  867,  502,  882,  412, 1006,  237,  995,  703,  734,  881,   38,  180,  757,  367,  779,  193,  689,  520,  156,  142,  403, 1064,  459,  970,   39,  862,  978],
        [  724,    0,  968, 1132,  696,  825,  407,  534,  228,  139,  539,  906,  800,  882,  252,  298,  549, 1014,  820,  790,  806,  332,  856,   91,  946,  980,  485,  794,  353,  630,  583,  366,  257,    0,  452,  525,  834,  893,  682,  547,  958,  835,  981,  448,  565, 1112,  509,  509,  438,  686,  952,  389, 1005,  652,  450,  212,   80,  892,  154,  648,  623,  494, 1052,  826,  594,  860,   98,  723,  875, 1064,  341,  642,  934,  639,  345, 1031,  240, 1156,  274,  555,  732,  382,  154,  765,  572,  666,  860,  357,  727,  389,  872,  304,  557,  444,  319,  267, 1091,  404,  172,  667,  986,  612,  384,  863,  166,  940,  389,  947,  647,  739,  629,  220,  112,  675,  261,  524,  345,  562,  509,  108,  291,  200,  888,  408,  847,  279,  801,  846],
        [  347,    0,  928, 1013,  536,  390,  515,  361,  392,  473,  408,  674,  688,  810,  202,  154,  108,  586,  587,  861,  724,  183,  445,  412,  652,  761,   45,  459,  555,  838,  887,  544,  360,  452,    0,  494,  664,  744,  363,  771,  899,  852,  676,  169,  451,  984,  805,   57,  233,  865,  871,  363,  862,  299,  118,  291,  380,  649,  446,  292,  184,  777,  900,  533,  157,  472,  507,  414,  921,  967,  353,  204,  718,  642,  694,  799,  304, 1033,  323,  429,  798,   71,  356,  388,  782,  830,  515,  657,  758,  282,  744,  608,  130,  657,  397,  411,  971,  181,  350,  639,  630,  920,  348,  543,  510,  695,  136,  670,  410,  388,  914,  368,  346,  485,  291,  844,  171,  484,  218,  374,  220,  430,  882,  236,  721,  394,  556,  740],
        [  454,    0,  465,  609,  201,  628,  158,  169,  668,  410,  117,  419,  276,  364,  434,  462,  495,  754,  348,  368,  283,  573,  594,  434,  502,  479,  480,  435,  259,  408,  533,  233,  668,  525,  494,    0,  322,  372,  356,  370,  447,  363,  543,  330,   95,  588,  465,  517,  263,  411,  434,  156,  482,  389,  381,  357,  463,  416,  381,  392,  523,  434,  529,  409,  503,  554,  482,  362,  429,  544,  197,  525,  435,  150,  465,  532,  608,  633,  270,  109,  306,  481,  580,  476,  367,  371,  491,  390,  265,  220,  349,  378,  472,  295,  734,  259,  568,  314,  362,  157,  602,  563,  169,  465,  414,  458,  577,  488,  248,  424,  535,  645,  511,  212,  302,  520,  574,   57,  311,  551,  573,  331,  402,  259,  324,  706,  344,  322],
        [  428,    0,  323,  350,  141,  594,  476,  324,  944,  729,  301,  126,  101,  205,  690,  699,  612,  635,  123,  429,  154,  802,  516,  744,  252,  160,  632,  327,  575,  620,  789,  549,  935,  834,  664,  322,    0,   82,  340,  620,  281,  347,  290,  505,  269,  320,  738,  660,  460,  590,  238,  446,  199,  411,  550,  643,  765,  141,  698,  418,  597,  709,  238,  238,  593,  448,  800,  302,  425,  312,  493,  588,  121,  293,  775,  214,  871,  370,  563,  282,  398,  683,  862,  421,  605,  553,  344,  697,  335,  467,   97,  694,  580,  584,  995,  574,  308,  519,  664,  247,  400,  814,  452,  291,  734,  163,  784,  221,  256,  372,  774,  919,  801,  182,  586,  794,  798,  274,  447,  842,  815,  647,  333,  477,   87,  974,  152,  122],
        [  507,    0,  256,  270,  214,  669,  519,  399, 1014,  782,  370,  165,  104,  149,  762,  773,  694,  698,  196,  403,  135,  878,  588,  803,  297,  152,  712,  402,  614,  621,  797,  589, 1007,  893,  744,  372,   82,    0,  421,  631,  212,  310,  329,  584,  334,  240,  754,  741,  536,  582,  165,  508,  120,  492,  630,  709,  828,  190,  753,  500,  679,  726,  163,  308,  674,  519,  854,  381,  383,  231,  555,  669,  133,  311,  808,  201,  943,  290,  627,  350,  383,  761,  931,  498,  613,  548,  411,  730,  323,  538,   40,  732,  661,  610, 1068,  630,  227,  595,  726,  266,  451,  820,  516,  356,  785,  192,  862,  261,  337,  451,  778,  990,  867,  260,  652,  809,  874,  331,  527,  908,  890,  702,  283,  551,   57, 1045,  227,   84],
        [  103,    0,  650,  684,  252,  283,  482,  199,  716,  626,  241,  318,  399,  526,  464,  450,  287,  400,  237,  672,  449,  531,  239,  604,  291,  406,  323,  113,  572,  762,  882,  549,  695,  682,  363,  356,  340,  421,    0,  724,  612,  624,  318,  246,  264,  652,  810,  343,  245,  761,  573,  349,  531,   73,  270,  471,  603,  291,  591,   81,  260,  778,  562,  171,  259,  204,  689,   51,  703,  651,  385,  249,  366,  458,  772,  439,  631,  701,  425,  247,  618,  404,  652,  121,  722,  720,  179,  706,  561,  304,  433,  676,  254,  638,  744,  486,  643,  283,  517,  431,  305,  914,  343,  189,  649,  335,  496,  308,  117,   70,  889,  690,  609,  196,  425,  862,  523,  308,  178,  648,  558,  548,  633,  275,  416,  732,  204,  444],
        [  819,    0,  559,  771,  545,  989,  263,  530,  765,  411,  484,  740,  532,  534,  625,  673,  809, 1123,  690,  315,  499,  772,  963,  484,  847,  774,  774,  804,  223,   84,  170,  229,  785,  547,  771,  370,  620,  631,  724,    0,  572,  403,  888,  637,  465,  765,  127,  811,  574,  145,  593,  421,  701,  751,  681,  515,  535,  747,  410,  753,  855,  105,  746,  770,  830,  924,  456,  732,  402,  694,  420,  862,  740,  328,  254,  827,  744,  796,  452,  479,  284,  730,  677,  844,   30,  138,  859,  200,  324,  504,  594,  246,  794,  117,  852,  370,  741,  603,  474,  374,  964,  197,  435,  828,  382,  780,  802,  826,  618,  793,  165,  751,  607,  573,  489,  180,  779,  423,  645,  632,  751,  387,  464,  554,  575,  814,  694,  551],
        [  705,    0,   45,  200,  371,  874,  554,  539, 1114,  830,  495,  375,  216,   90,  877,  899,  865,  909,  403,  275,  176, 1009,  797,  870,  506,  340,  873,  608,  631,  535,  722,  610, 1114,  958,  899,  447,  281,  212,  612,  572,    0,  174,  535,  731,  453,  197,  698,  905,  674,  480,   50,  602,  178,  680,  782,  803,  904,  401,  807,  686,  862,  676,  208,  517,  853,  728,  900,  578,  217,  122,  643,  855,  337,  320,  795,  373, 1054,  224,  716,  474,  289,  903, 1025,  701,  547,  456,  622,  720,  255,  654,  185,  737,  834,  591, 1180,  693,  172,  732,  805,  293,  661,  738,  613,  567,  823,  398, 1004,  468,  511,  651,  689, 1092,  956,  427,  748,  749, 1008,  430,  685,  995, 1013,  759,  117,  681,  198, 1152,  433,  168],
        [  725,    0,  157,  372,  373,  903,  429,  499, 1012,  701,  447,  467,  249,  167,  793,  823,  839,  973,  463,  103,  195,  935,  840,  750,  598,  460,  834,  651,  491,  362,  549,  473, 1017,  835,  852,  363,  347,  310,  624,  403,  174,    0,  634,  684,  405,  370,  528,  869,  620,  307,  205,  515,  331,  683,  736,  705,  790,  487,  682,  688,  851,  508,  370,  574,  836,  778,  767,  603,   81,  295,  549,  848,  442,  215,  636,  505,  961,  396,  618,  428,  120,  843,  921,  731,  377,  283,  681,  564,  108,  583,  271,  588,  811,  435, 1085,  578,  345,  674,  696,  213,  747,  565,  529,  632,  688,  499,  940,  564,  510,  677,  516,  991,  849,  428,  654,  578,  936,  368,  652,  885,  932,  637,   62,  620,  266, 1054,  485,  231],
        [  340,    0,  580,  508,  346,  436,  699,  453, 1033,  906,  464,  167,  390,  478,  779,  768,  588,  397,  199,  718,  442,  849,  338,  898,   42,  203,  634,  218,  799,  899, 1057,  773, 1012,  981,  676,  543,  290,  329,  318,  888,  535,  634,    0,  562,  457,  474,  998,  648,  549,  874,  486,  611,  380,  377,  588,  772,  904,  149,  872,  384,  539,  968,  385,  156,  549,  267,  974,  269,  710,  512,  656,  521,  199,  566, 1006,  196,  949,  516,  712,  456,  686,  721,  966,  306,  877,  836,  172,  931,  623,  593,  366,  916,  556,  833, 1061,  754,  477,  595,  811,  521,  133, 1085,  611,  133,  922,  138,  811,   70,  337,  290, 1048, 1007,  919,  333,  721, 1054,  840,  486,  494,  959,  876,  824,  612,  577,  368, 1050,  199,  404],
        [  277,    0,  760,  852,  372,  395,  375,  193,  472,  418,  240,  530,  522,  642,  219,  207,  173,  573,  441,  698,  556,  300,  412,  379,  531,  616,  151,  356,  436,  697,  770,  420,  453,  448,  169,  330,  505,  584,  246,  637,  731,  684,  562,    0,  283,  823,  690,  188,   68,  717,  704,  217,  703,  206,   52,  242,  368,  508,  384,  201,  222,  660,  742,  409,  195,  413,  471,  293,  755,  803,  223,  233,  571,  476,  607,  658,  388,  873,  225,  260,  635,  178,  407,  318,  645,  680,  420,  555,  592,  134,  580,  513,  158,  529,  505,  307,  809,   46,  297,  472,  545,  803,  203,  434,  448,  556,  279,  543,  257,  295,  791,  446,  367,  324,  209,  735,  294,  316,   69,  405,  320,  352,  714,   83,  557,  490,  413,  574],
        [  363,    0,  479,  592,  132,  540,  243,   95,  681,  465,   44,  348,  253,  365,  432,  449,  435,  660,  269,  430,  278,  558,  502,  476,  417,  417,  430,  340,  343,  499,  627,  317,  675,  565,  451,   95,  269,  334,  264,  465,  453,  405,  457,  283,    0,  567,  559,  465,  222,  498,  430,  177,  452,  303,  334,  375,  496,  340,  433,  307,  452,  528,  496,  318,  435,  460,  536,  268,  478,  535,  224,  451,  372,  207,  550,  469,  612,  615,  294,   24,  371,  451,  597,  384,  461,  458,  397,  476,  320,  206,  320,  459,  408,  388,  738,  310,  549,  280,  395,  193,  510,  658,  183,  372,  476,  385,  551,  407,  153,  331,  630,  657,  533,  124,  318,  614,  556,   45,  247,  574,  565,  383,  432,  229,  295,  713,  259,  304],
        [  730,    0,  223,   35,  453,  878,  718,  637, 1247,  992,  605,  350,  316,  240,  998, 1011,  931,  870,  416,  471,  307, 1117,  788, 1022,  458,  276,  952,  613,  804,  731,  918,  781, 1241, 1112,  984,  588,  320,  240,  652,  765,  197,  370,  474,  823,  567,    0,  892,  979,  775,  676,  174,  735,  122,  724,  870,  938, 1051,  380,  965,  732,  911,  869,   93,  515,  909,  715, 1063,  608,  407,   81,  781,  900,  300,  487,  979,  281, 1179,   50,  854,  585,  484, 1001, 1161,  714,  741,  652,  606,  903,  444,  772,  247,  916,  898,  775, 1304,  845,   26,  834,  949,  451,  607,  934,  744,  550,  989,  353, 1102,  419,  576,  672,  886, 1223, 1095,  500,  881,  943, 1114,  557,  767, 1136, 1128,  915,  313,  789,  272, 1280,  450,  267],
        [  900,    0,  685,  897,  653, 1062,  330,  612,  735,  386,  571,  856,  653,  660,  637,  688,  858, 1209,  800,  438,  623,  777, 1045,  464,  957,  894,  814,  898,  254,  180,   83,  272,  761,  509,  805,  465,  738,  754,  810,  127,  698,  528,  998,  690,  559,  892,    0,  851,  632,  247,  719,  482,  826,  828,  728,  528,  516,  860,  395,  829,  911,   32,  872,  873,  884, 1013,  413,  824,  523,  820,  468,  921,  858,  446,  173,  948,  729,  922,  482,  570,  410,  755,  653,  928,  152,  254,  956,  158,  450,  558,  717,  213,  847,  173,  825,  395,  867,  651,  477,  493, 1067,  116,  493,  929,  350,  895,  816,  938,  710,  880,  121,  724,  588,  675,  515,   56,  786,  521,  709,  606,  750,  388,  589,  608,  697,  786,  802,  675],
        [  312,    0,  937, 1009,  537,  337,  552,  372,  442,  527,  422,  659,  692,  816,  258,  211,   62,  534,  574,  884,  731,  231,  398,  467,  626,  747,   38,  430,  599,  876,  933,  586,  410,  509,   57,  517,  660,  741,  343,  811,  905,  869,  648,  188,  465,  979,  851,    0,  255,  900,  875,  396,  858,  274,  137,  343,  437,  632,  499,  267,  133,  823,  893,  511,  109,  431,  562,  393,  940,  967,  392,  154,  705,  663,  745,  781,  355, 1029,  369,  442,  822,  128,  411,  352,  821,  863,  483,  705,  779,  313,  743,  657,   93,  699,  441,  457,  967,  211,  403,  656,  593,  966,  382,  515,  564,  677,  177,  648,  404,  358,  958,  419,  403,  484,  339,  891,  218,  501,  221,  430,  270,  481,  896,  264,  722,  441,  542,  743],
