{
    "name": "random-70-17031",
    "comment": "size=70 seed=17031",
    "nodes": ["+0", "-0", "+1", "-1", "+2", "-2", "+3", "-3", "+4", "-4", "+5", "-5", "+6", "-6", "+7", "-7", "+8", "-8", "+9", "-9", "+10", "-10", "+11", "-11", "+12", "-12", "+13", "-13", "+14", "-14", "+15", "-15", "+16", "-16", "+17", "-17", "+18", "-18", "+19", "-19", "+20", "-20", "+21", "-21", "+22", "-22", "+23", "-23", "+24", "-24", "+25", "-25", "+26", "-26", "+27", "-27", "+28", "-28", "+29", "-29", "+30", "-30", "+31", "-31", "+32", "-32", "+33", "-33", "+34", "-34", "+35", "-35", "+36", "-36", "+37", "-37", "+38", "-38", "+39", "-39", "+40", "-40", "+41", "-41", "+42", "-42", "+43", "-43", "+44", "-44", "+45", "-45", "+46", "-46", "+47", "-47", "+48", "-48", "+49", "-49", "+50", "-50", "+51", "-51", "+52", "-52", "+53", "-53", "+54", "-54", "+55", "-55", "+56", "-56", "+57", "-57", "+58", "-58", "+59", "-59", "+60", "-60", "+61", "-61", "+62", "-62", "+63", "-63", "+64", "-64", "+65", "-65", "+66", "-66", "+67", "-67", "+68", "-68", "+69", "-69", "+70", "-70"],
    "precedence": {
        "+0": "-0",
        "+1": "-1",
        "+2": "-2",
        "+3": "-3",
        "+4": "-4",
        "+5": "-5",
        "+6": "-6",
        "+7": "-7",
        "+8": "-8",
        "+9": "-9",
        "+10": "-10",
        "+11": "-11",
        "+12": "-12",
        "+13": "-13",
        "+14": "-14",
        "+15": "-15",
        "+16": "-16",
        "+17": "-17",
        "+18": "-18",
        "+19": "-19",
        "+20": "-20",
        "+21": "-21",
        "+22": "-22",
        "+23": "-23",
        "+24": "-24",
        "+25": "-25",
        "+26": "-26",
        "+27": "-27",
        "+28": "-28",
        "+29": "-29",
        "+30": "-30",
        "+31": "-31",
        "+32": "-32",
        "+33": "-33",
        "+34": "-34",
        "+35": "-35",
        "+36": "-36",
        "+37": "-37",
        "+38": "-38",
        "+39": "-39",
        "+40": "-40",
        "+41": "-41",
        "+42": "-42",
        "+43": "-43",
        "+44": "-44",
        "+45": "-45",
        "+46": "-46",
        "+47": "-47",
        "+48": "-48",
        "+49": "-49",
        "+50": "-50",
        "+51": "-51",
        "+52": "-52",
        "+53": "-53",
        "+54": "-54",
        "+55": "-55",
        "+56": "-56",
        "+57": "-57",
        "+58": "-58",
        "+59": "-59",
        "+60": "-60",
        "+61": "-61",
        "+62": "-62",
        "+63": "-63",
        "+64": "-64",
        "+65": "-65",
        "+66": "-66",
        "+67": "-67",
        "+68": "-68",
        "+69": "-69",
        "+70": "-70"
    },
    "edges": [
        [    0,    0,  670,  629,  609,  321,  989,  919,  996,  800,  530,  556,  525,  871,  939,  560,  417,  545,  764,  945,  146,  539,  960,  274,  352,  322,  316,  613,  436,  564,  187,  599,  518,  412,  838,  391,  322,  653,  764,  454,  193,  793,  830,  160,  454,  688,  994,  972,  554,  445,  630,  585,  401,  333,  227,  394,  164,  959,  911,  788,  956,  459,  661,  956,  578,  606,  277,  979,  983,  843,  924,  135,  505,  568,  873,  725,  587,  531,  757,  513,  669,  599,  872,  701,  359,  596,  436,  352,  280,  270, 1072,  767,  336,  985,  729,  626,  320,  188,  615,  239,  690, 1098,  878,  421,  378,  310,  953,  564,  898,  751,  863,  448,  815,   93,  831,  492,  805,  615,  429,  448,  308,  251,  398,  427,  903,  734,   90,  730,  530,  513,  881,  786,  747,  312,  971,  206,  829,  824,  269,  638,  227,  259],
        [    0,    0,    0,    0,    0,    0,    0,    0,    0,    0,    0,    0,    0,    0,    0,    0,    0,    0,    0,    0,    0,    0,    0,    0,    0,    0,    0,    0,    0,    0,    0,    0,    0,    0,    0,    0,    0,    0,    0,    0,    0,    0,    0,    0,    0,    0,    0,    0,    0,    0,    0,    0,    0,    0,    0,    0,    0,    0,    0,    0,    0,    0,    0,    0,    0,    0,    0,    0,    0,    0,    0,    0,    0,    0,    0,    0,    0,    0,    0,    0,    0,    0,    0,    0,    0,    0,    0,    0,    0,    0,    0,    0,    0,    0,    0,    0,    0,    0,    0,    0,    0,    0,    0,    0,    0,    0,    0,    0,    0,    0,    0,    0,    0,    0,    0,    0,    0,    0,    0,    0,    0,    0,    0,    0,    0,    0,    0,    0,    0,    0,    0,    0,    0,    0,    0,    0,    0,    0,    0,    0,    0,    0],
        [  670,    0,    0,  519,  748,  517,  324,  797,  337,  197,  408,  266,  158,  304,  408,  226,  318,  308,  198,  289,  583,  366,  325,  430,  327,  507,  372,  296,  411,  359,  566,  177,  328,  899,  536,  332,  778,  659,  436,  817,  484,  377,  319,  515,  618,  709,  325,  662,  482,  246,  152,   86,  294,  375,  496,  411,  536,  625,  576,  127,  288,  211,  698,  501,  190,  390,  404,  602,  332,  670,  486,  598,  172,  299,  217,  184,  119,  800,  160,  354,  203,  167,  336,   79,  514,  257,  499,  326,  754,  411,  410,  115,  360,  470,  440,  316,  703,  571,  501,  440,  118,  430,  402,  250,  513,  369,  399,  298,  533,  675,  718,  596,  741,  682,  767,  230,  673,  615,  480,  548,  490,  763,  828,  350,  289,  107,  597,  250,  420,  431,  216,  188,   84,  361,  496,  541,  702,  205,  509,   82,  444,  533],
        [  629,    0,  519,    0,  263,  733,  681,  323,  668,  464,  783,  259,  524,  451,  452,  300,  313,  709,  716,  626,  658,  168,  591,  396,  414,  725,  551,  740,  217,  763,  676,  343,  709,  577,  228,  598,  491,  145,  202,  440,  558,  281,  379,  506,  233,  192,  718,  348,   78,  381,  628,  487,  372,  587,  632,  691,  475,  342,  301,  545,  688,  458,  187,  400,  625,  130,  544,  375,  638,  220,  367,  495,  507,  716,  577,  696,  561,  369,  448,  727,  693,  353,  421,  469,  272,  263,  796,  519,  495,  436,  737,  518,  564,  468,  160,  207,  413,  443,   21,  546,  424,  784,  370,  471,  253,  424,  483,  713,  305,  167,  252,  876,  238,  570,  263,  585,  194,  110,  777,  841,  324,  529,  493,  657,  523,  476,  620,  333,  792,  790,  678,  706,  532,  449,  426,  665,  222,  718,  361,  571,  500,  702],
        [  609,    0,  748,  263,    0,  818,  942,  359,  930,  722,  928,  483,  713,  714,  711,  522,  470,  874,  938,  887,  692,  383,  854,  475,  545,  811,  664,  919,  355,  923,  722,  574,  865,  388,  452,  733,  349,  136,  459,  239,  620,  543,  642,  544,  172,  125,  977,  527,  270,  555,  832,  699,  525,  702,  702,  811,  496,  538,  513,  794,  945,  633,  104,  644,  815,  379,  641,  587,  901,  346,  612,  483,  691,  887,  835,  912,  763,  137,  702,  879,  896,  584,  684,  711,  308,  500,  906,  648,  374,  525, 1000,  767,  684,  720,  419,  457,  301,  438,  274,  628,  669, 1046,  628,  630,  294,  533,  743,  883,  534,  228,  336,  967,  258,  525,  261,  755,  295,  154,  889,  943,  370,  415,  312,  794,  785,  723,  637,  592,  935,  928,  927,  934,  776,  562,  672,  721,  303,  952,  392,  785,  575,  770],
        [  321,    0,  517,  733,  818,    0,  833, 1055,  849,  698,  224,  546,  361,  795,  887,  526,  429,  274,  533,  803,  176,  586,  841,  349,  325,   11,  189,  339,  518,  271,  135,  537,  243,  720,  888,  187,  614,  813,  793,  729,  200,  785,  780,  281,  646,  859,  823, 1031,  658,  391,  414,  442,  376,  161,  118,  114,  333, 1006,  954,  642,  787,  346,  835,  945,  356,  654,  190, 1007,  847,  950,  918,  372,  353,  297,  733,  493,  403,  781,  654,  227,  428,  532,  813,  578,  513,  578,  115,  233,  573,  303,  918,  631,  184,  944,  770,  634,  584,  398,  715,  193,  589,  930,  850,  310,  529,  310,  889,  294,  926,  890,  985,  150,  961,  398,  983,  289,  926,  766,  110,  133,  450,  554,  690,  174,  799,  612,  237,  681,  220,  201,  694,  564,  600,  286,  950,  118,  954,  605,  427,  454,  244,   62],
        [  989,    0,  324,  681,  942,  833,    0,  864,   31,  223,  688,  496,  481,  244,  311,  469,  603,  591,  352,   56,  906,  581,  112,  734,  639,  824,  696,  552,  664,  630,  890,  416,  619, 1173,  579,  652, 1057,  823,  511, 1068,  806,  422,  316,  831,  852,  866,   53,  652,  679,  549,  428,  408,  596,  698,  820,  723,  847,  611,  579,  202,   59,  532,  865,  436,  483,  565,  728,  562,   62,  743,  444,  905,  496,  575,  120,  378,  431, 1027,  254,  643,  440,  411,  286,  290,  780,  464,  799,  649, 1039,  723,   86,  222,  683,  356,  540,  489,  976,  872,  669,  763,  311,  113,  371,  572,  773,  682,  277,  576,  531,  798,  793,  894,  846,  993,  871,  545,  768,  790,  782,  845,  773, 1055, 1094,  661,  167,  260,  919,  351,  700,  714,  158,  313,  243,  678,  413,  865,  791,  280,  800,  380,  763,  854],
        [  919,    0,  797,  323,  359, 1055,  864,    0,  842,  682, 1102,  562,  833,  622,  566,  600,  636, 1023,  993,  813,  969,  485,  757,  712,  736, 1046,  874, 1048,  537, 1078,  990,  632, 1025,  745,  286,  920,  702,  268,  370,  596,  874,  451,  553,  815,  470,  243,  912,  252,  397,  700,  926,  784,  694,  909,  951, 1014,  777,  285,  296,  786,  890,  775,  270,  453,  931,  428,  865,  344,  809,  128,  434,  785,  818, 1029,  788,  980,  861,  493,  684, 1045,  988,  642,  579,  732,  567,  553, 1119,  841,  722,  755,  896,  763,  887,  544,  358,  487,  643,  733,  343,  866,  686,  947,  495,  791,  548,  745,  603, 1026,  341,  169,   80, 1198,  106,  846,   98,  900,  131,  305, 1099, 1164,  627,  762,  670,  978,  699,  727,  924,  563, 1111, 1110,  911,  975,  787,  771,  483,  982,  102,  979,  661,  862,  818, 1021],
        [  996,    0,  337,  668,  930,  849,   31,  842,    0,  217,  710,  492,  494,  225,  285,  467,  604,  612,  377,   51,  917,  574,   87,  738,  645,  839,  707,  575,  660,  652,  902,  416,  639, 1170,  558,  667, 1055,  809,  494, 1062,  816,  404,  298,  838,  845,  851,   83,  627,  669,  554,  447,  419,  601,  711,  832,  740,  851,  585,  555,  211,   88,  541,  851,  410,  502,  555,  738,  536,   35,  723,  419,  909,  508,  596,  124,  402,  447, 1018,  251,  663,  463,  411,  265,  296,  777,  459,  818,  660, 1038,  729,   78,  230,  696,  328,  524,  480,  974,  875,  656,  772,  312,  118,  348,  581,  769,  688,  250,  597,  507,  780,  772,  914,  827,  997,  852,  561,  749,  778,  801,  865,  773, 1055, 1090,  678,  148,  264,  928,  340,  721,  736,  184,  338,  253,  685,  386,  877,  771,  307,  801,  396,  771,  869],
        [  800,    0,  197,  464,  722,  698,  223,  682,  217,    0,  605,  276,  340,  109,  214,  254,  395,  504,  347,  169,  737,  358,  162,  533,  449,  688,  533,  490,  444,  555,  727,  205,  524,  953,  401,  511,  839,  608,  315,  846,  629,  233,  142,  641,  630,  653,  255,  505,  457,  356,  346,  257,  399,  546,  659,  598,  648,  465,  422,  113,  224,  361,  650,  318,  386,  344,  559,  431,  195,  556,  309,  704,  345,  496,  114,  351,  314,  805,   45,  550,  389,  202,  145,  123,  561,  242,  691,  484,  823,  530,  293,   98,  527,  276,  336,  267,  758,  666,  450,  589,  112,  333,  223,  402,  553,  490,  203,  495,  375,  593,  606,  788,  648,  793,  674,  418,  573,  572,  672,  740,  560,  841,  874,  538,  105,   90,  739,  132,  616,  626,  229,  318,  133,  492,  308,  704,  599,  311,  589,  277,  579,  706],
        [  530,    0,  408,  783,  928,  224,  688, 1102,  710,  605,    0,  546,  286,  711,  814,  513,  474,  101,  351,  670,  388,  618,  721,  460,  385,  219,  271,  141,  586,   60,  350,  500,   83,  905,  887,  196,  790,  892,  785,  888,  364,  752,  718,  445,  760,  941,  667, 1026,  717,  403,  266,  361,  415,  235,  304,  139,  494,  994,  942,  521,  635,  328,  922,  897,  219,  676,  304,  983,  715,  984,  876,  548,  294,  114,  607,  316,  292,  920,  566,   59,  251,  492,  740,  484,  623,  566,  130,  281,  752,  412,  770,  518,  249,  875,  773,  631,  744,  558,  763,  332,  512,  772,  797,  312,  635,  396,  807,  114,  906,  949, 1026,  213, 1021,  595, 1045,  208,  971,  843,  122,  165,  566,  739,  862,  134,  695,  515,  442,  631,   12,   29,  536,  388,  483,  368,  895,  327, 1000,  427,  556,  329,  380,  280],
        [  556,    0,  266,  259,  483,  546,  496,  562,  492,  276,  546,    0,  272,  322,  383,   42,  141,  463,  461,  443,  527,  101,  434,  282,  231,  536,  358,  487,  169,  518,  530,   92,  467,  678,  347,  380,  563,  395,  248,  575,  415,  245,  275,  401,  363,  445,  521,  489,  216,  156,  370,  229,  175,  386,  470,  477,  396,  461,  409,  321,  485,  220,  434,  410,  370,  136,  367,  462,  470,  441,  380,  445,  257,  467,  379,  439,  303,  544,  243,  488,  434,  101,  318,  232,  285,   40,  583,  314,  548,  296,  569,  293,  363,  430,  229,   88,  482,  402,  240,  386,  194,  607,  325,  245,  278,  263,  399,  464,  380,  422,  484,  673,  492,  534,  517,  341,  433,  350,  563,  632,  288,  568,  599,  432,  369,  249,  512,  177,  556,  558,  451,  453,  297,  277,  421,  512,  462,  470,  320,  313,  357,  532],
        [  525,    0,  158,  524,  713,  361,  481,  833,  494,  340,  286,  272,    0,  441,  539,  234,  245,  194,  255,  446,  428,  357,  481,  314,  207,  351,  217,  216,  359,  250,  409,  215,  204,  798,  604,  175,  676,  649,  502,  736,  335,  467,  438,  378,  561,  700,  478,  742,  468,  160,  125,   83,  197,  218,  340,  259,  407,  709,  657,  284,  441,   87,  685,  614,  103,  406,  252,  697,  490,  711,  592,  470,   24,  197,  375,  219,   65,  739,  297,  227,  186,  207,  464,  218,  437,  285,  354,  174,  646,  283,  566,  271,  203,  599,  492,  351,  608,  452,  504,  289,  235,  584,  515,  111,  441,  245,  536,  194,  621,  690,  755,  451,  761,  549,  786,   82,  704,  601,  334,  404,  397,  649,  734,  199,  440,  253,  447,  346,  297,  303,  358,  269,  242,  228,  614,  384,  733,  303,  407,  114,  302,  375],
        [  871,    0,  304,  451,  714,  795,  244,  622,  225,  109,  711,  322,  441,    0,  106,  312,  456,  611,  451,  192,  821,  383,  142,  599,  525,  785,  623,  598,  482,  663,  815,  274,  631,  984,  337,  609,  875,  590,  270,  865,  711,  180,   74,  712,  646,  629,  290,  421,  462,  433,  454,  359,  472,  639,  748,  699,  714,  380,  342,  214,  270,  452,  631,  218,  493,  349,  646,  339,  192,  500,  215,  765,  444,  603,  176,  457,  420,  811,  146,  656,  497,  275,   46,  228,  599,  283,  794,  574,  863,  603,  289,  205,  619,  168,  302,  283,  792,  723,  442,  673,  207,  337,  133,  491,  588,  565,   96,  602,  294,  556,  549,  891,  603,  854,  628,  521,  525,  561,  775,  844,  608,  886,  901,  640,   78,  197,  817,  147,  723,  733,  308,  419,  241,  570,  205,  793,  548,  407,  641,  385,  657,  798],
        [  939,    0,  408,  452,  711,  887,  311,  566,  285,  214,  814,  383,  539,  106,    0,  383,  523,  714,  555,  268,  901,  423,  200,  665,  603,  877,  710,  703,  528,  766,  898,  355,  733, 1012,  288,  703,  910,  579,  252,  884,  790,  173,  110,  783,  667,  612,  362,  342,  480,  513,  559,  458,  548,  729,  833,  795,  778,  301,  273,  319,  350,  542,  619,  126,  597,  374,  729,  252,  251,  452,  135,  826,  540,  707,  271,  562,  522,  820,  249,  758,  603,  358,   75,  331,  641,  343,  893,  662,  904,  676,  331,  310,  708,   62,  293,  323,  828,  780,  447,  755,  305,  383,   83,  580,  628,  640,   38,  706,  226,  528,  499,  989,  564,  914,  587,  620,  485,  558,  873,  943,  660,  929,  928,  737,  160,  302,  891,  213,  826,  835,  404,  523,  346,  649,  105,  877,  504,  509,  695,  489,  734,  887],
        [  560,    0,  226,  300,  522,  526,  469,  600,  467,  254,  513,   42,  234,  312,  383,    0,  145,  427,  420,  418,  520,  141,  415,  287,  221,  516,  340,  449,  198,  483,  519,   56,  433,  705,  376,  354,  588,  436,  275,  607,  408,  260,  273,  402,  399,  486,  491,  516,  257,  137,  330,  188,  166,  365,  457,  451,  402,  487,  435,  287,  455,  190,  474,  421,  332,  175,  353,  483,  447,  477,  394,  455,  221,  431,  351,  397,  263,  580,  217,  455,  394,   64,  314,  196,  312,   54,  556,  294,  571,  294,  545,  260,  343,  433,  260,  118,  508,  415,  281,  375,  161,  581,  331,  219,  306,  258,  394,  428,  403,  463,  522,  648,  531,  544,  557,  307,  471,  391,  536,  606,  307,  588,  628,  403,  351,  217,  509,  171,  524,  526,  416,  413,  261,  267,  430,  500,  501,  430,  336,  272,  352,  516],
        [  417,    0,  318,  313,  470,  429,  603,  636,  604,  395,  474,  141,  245,  456,  523,  145,    0,  408,  486,  554,  390,  158,  556,  143,  104,  419,  242,  450,  116,  460,  395,  190,  403,  583,  463,  286,  462,  419,  373,  502,  279,  383,  413,  261,  316,  469,  619,  605,  244,   86,  367,  248,   60,  276,  340,  378,  258,  583,  531,  410,  582,  163,  451,  547,  346,  227,  241,  590,  586,  525,  517,  311,  223,  419,  484,  455,  299,  496,  355,  420,  430,  194,  456,  317,  198,  180,  484,  206,  440,  157,  682,  385,  253,  570,  345,  218,  386,  272,  294,  253,  293,  715,  465,  164,  200,  127,  537,  416,  508,  477,  562,  566,  549,  400,  573,  287,  505,  370,  464,  530,  174,  453,  510,  345,  494,  344,  372,  313,  482,  479,  529,  490,  376,  146,  560,  379,  534,  516,  198,  331,  220,  405],
        [  545,    0,  308,  709,  874,  274,  591, 1023,  612,  504,  101,  463,  194,  611,  714,  427,  408,    0,  264,  571,  413,  542,  621,  422,  332,  267,  248,   69,  523,   57,  380,  409,   32,  892,  798,  164,  773,  826,  696,  858,  361,  658,  619,  434,  711,  876,  572,  935,  647,  329,  166,  264,  350,  218,  321,  164,  479,  902,  850,  421,  540,  251,  858,  799,  118,  596,  286,  888,  616,  903,  780,  538,  206,   24,  506,  226,  192,  880,  466,   53,  159,  400,  640,  384,  577,  479,  211,  239,  737,  377,  674,  417,  224,  775,  686,  545,  718,  539,  689,  321,  413,  678,  699,  245,  586,  353,  706,   20,  813,  875,  946,  304,  946,  598,  971,  124,  893,  777,  196,  255,  525,  730,  840,  118,  594,  414,  457,  534,  113,  125,  441,  298,  382,  326,  797,  354,  922,  339,  521,  228,  361,  318],
        [  764,    0,  198,  716,  938,  533,  352,  993,  377,  347,  351,  461,  255,  451,  555,  420,  486,  264,    0,  346,  649,  560,  410,  568,  461,  524,  449,  210,  591,  291,  622,  373,  294, 1053,  727,  379,  930,  855,  629,  986,  572,  562,  487,  626,  798,  905,  322,  845,  676,  403,  136,  241,  446,  435,  556,  419,  659,  806,  760,  237,  295,  339,  894,  665,  188,  588,  488,  776,  390,  866,  655,  722,  279,  243,  298,   41,  192,  980,  326,  315,  105,  363,  491,  263,  683,  454,  472,  415,  901,  536,  428,  250,  429,  616,  635,  514,  861,  706,  697,  527,  309,  424,  569,  365,  685,  499,  536,  245,  715,  873,  914,  562,  939,  797,  965,  273,  871,  810,  458,  514,  649,  904,  987,  362,  406,  275,  681,  437,  361,  378,  194,   40,  217,  481,  654,  596,  899,   78,  660,  155,  549,  569],
        [  945,    0,  289,  626,  887,  803,   56,  813,   51,  169,  670,  443,  446,  192,  268,  418,  554,  571,  346,    0,  868,  527,   73,  687,  595,  793,  658,  537,  611,  613,  853,  365,  597, 1121,  528,  620, 1005,  768,  458, 1014,  766,  369,  263,  787,  798,  811,   99,  606,  624,  504,  405,  370,  550,  663,  784,  695,  801,  565,  530,  163,   83,  491,  810,  393,  458,  511,  689,  518,   46,  691,  398,  859,  459,  556,   74,  367,  401,  973,  202,  621,  425,  361,  236,  245,  728,  410,  775,  611,  988,  679,  129,  180,  647,  317,  486,  435,  924,  824,  614,  723,  261,  165,  322,  531,  720,  637,  235,  557,  482,  744,  741,  871,  793,  946,  818,  515,  715,  735,  757,  822,  723, 1004, 1042,  633,  116,  213,  878,  296,  681,  695,  159,  308,  205,  634,  371,  829,  739,  280,  750,  352,  721,  821],
        [  146,    0,  583,  658,  692,  176,  906,  969,  917,  737,  388,  527,  428,  821,  901,  520,  390,  413,  649,  868,    0,  536,  893,  265,  299,  176,  212,  481,  446,  426,   42,  548,  384,  550,  845,  271,  449,  711,  760,  572,  112,  772,  791,  154,  525,  752,  905,  985,  581,  389,  518,  499,  355,  216,   94,  255,  197,  966,  916,  707,  868,  379,  727,  936,  462,  607,  180,  978,  909,  878,  906,  217,  412,  436,  795,  609,  485,  636,  693,  376,  549,  546,  830,  627,  404,  565,  290,  258,  407,  235,  992,  689,  226,  952,  729,  608,  429,  255,  642,  148,  625, 1012,  850,  338,  423,  265,  910,  433,  896,  800,  905,  307,  869,  226,  887,  380,  846,  667,  284,  304,  342,  384,  526,  296,  841,  661,   64,  689,  387,  369,  785,  675,  665,  253,  947,   62,  872,  714,  310,  538,  171,  114],
        [  539,    0,  366,  168,  383,  586,  581,  485,  574,  358,  618,  101,  357,  383,  423,  141,  158,  542,  560,  527,  536,    0,  509,  274,  261,  576,  399,  573,  107,  596,  546,  192,  542,  601,  310,  437,  492,  297,  227,  488,  428,  260,  323,  394,  272,  347,  610,  451,  117,  216,  464,  325,  213,  432,  494,  532,  376,  431,  380,  416,  576,  292,  335,  420,  459,   71,  398,  444,  550,  370,  387,  414,  339,  549,  467,  537,  396,  450,  330,  561,  529,  201,  368,  330,  219,  120,  638,  361,  483,  302,  650,  389,  409,  459,  194,  102,  410,  365,  148,  407,  289,  691,  351,  307,  206,  280,  445,  546,  362,  334,  409,  722,  405,  500,  430,  418,  354,  251,  619,  685,  241,  507,  520,  494,  441,  344,  509,  240,  627,  626,  548,  553,  395,  302,  437,  532,  383,  570,  278,  410,  368,  561],
        [  960,    0,  325,  591,  854,  841,  112,  757,   87,  162,  721,  434,  481,  142,  200,  415,  556,  621,  410,   73,  893,  509,    0,  695,  609,  831,  686,  592,  601,  666,  881,  367,  645, 1109,  473,  655,  996,  731,  411,  996,  787,  321,  216,  801,  777,  771,  163,  541,  597,  516,  456,  400,  561,  694,  812,  735,  810,  500,  469,  202,  154,  515,  772,  325,  506,  483,  714,  451,   53,  637,  333,  866,  491,  608,  116,  428,  442,  947,  204,  670,  482,  364,  180,  267,  719,  398,  821,  637,  982,  691,  147,  211,  677,  246,  443,  412,  915,  828,  580,  746,  271,  196,  262,  556,  709,  651,  166,  608,  421,  698,  686,  918,  743,  954,  767,  554,  665,  701,  802,  869,  720, 1001, 1028,  674,   70,  232,  898,  271,  733,  746,  229,  373,  243,  651,  302,  857,  686,  348,  750,  396,  738,  854],
        [  274,    0,  430,  396,  475,  349,  734,  712,  738,  533,  460,  282,  314,  599,  665,  287,  143,  422,  568,  687,  265,  274,  695,    0,  108,  341,  191,  479,  182,  465,  280,  330,  408,  485,  581,  266,  363,  465,  500,  436,  163,  521,  556,  121,  304,  511,  746,  721,  319,  187,  437,  349,  139,  229,  240,  337,  116,  703,  653,  536,  709,  230,  487,  685,  399,  344,  167,  717,  722,  616,  653,  172,  290,  440,  616,  532,  377,  461,  492,  416,  492,  332,  599,  445,  168,  322,  431,  185,  333,   50,  815,  513,  212,  711,  467,  354,  299,  142,  379,  157,  427,  846,  605,  204,  183,   72,  680,  436,  635,  545,  646,  497,  616,  260,  636,  320,  587,  418,  415,  470,  107,  337,  425,  327,  635,  475,  236,  456,  466,  457,  645,  581,  499,   97,  699,  270,  614,  613,   99,  421,  107,  310],
        [  352,    0,  327,  414,  545,  325,  639,  736,  645,  449,  385,  231,  207,  525,  603,  221,  104,  332,  461,  595,  299,  261,  609,  108,    0,  316,  138,  383,  204,  379,  299,  251,  321,  592,  565,  191,  470,  510,  473,  536,  188,  476,  493,  194,  380,  559,  648,  708,  341,   93,  330,  244,   56,  173,  240,  279,  210,  684,  632,  439,  610,  123,  539,  639,  295,  330,  139,  690,  632,  628,  611,  271,  183,  347,  522,  425,  270,  550,  406,  334,  387,  251,  532,  350,  246,  267,  383,  107,  440,   85,  722,  417,  151,  654,  447,  315,  403,  248,  394,  155,  339,  749,  552,   99,  255,   44,  612,  343,  608,  576,  664,  463,  648,  356,  670,  220,  607,  461,  364,  428,  197,  444,  529,  252,  552,  382,  292,  391,  392,  387,  542,  473,  400,   47,  650,  281,  635,  506,  201,  314,  132,  303],
        [  322,    0,  507,  725,  811,   11,  824, 1046,  839,  688,  219,  536,  351,  785,  877,  516,  419,  267,  524,  793,  176,  576,  831,  341,  316,    0,  179,  332,  510,  265,  136,  527,  235,  719,  879,  177,  611,  805,  783,  725,  194,  775,  770,  276,  640,  851,  813, 1021,  650,  381,  405,  432,  367,  151,  114,  105,  328,  996,  944,  632,  778,  336,  828,  935,  347,  645,  182,  997,  837,  942,  908,  369,  343,  290,  723,  485,  393,  776,  644,  221,  420,  522,  803,  567,  506,  568,  115,  223,  571,  295,  909,  621,  174,  934,  760,  624,  579,  394,  706,  185,  579,  921,  840,  300,  522,  302,  879,  287,  916,  882,  976,  156,  953,  397,  975,  279,  918,  758,  108,  137,  443,  552,  687,  165,  789,  602,  236,  671,  216,  198,  685,  556,  590,  277,  940,  117,  946,  596,  420,  444,  237,   63],
        [  316,    0,  372,  551,  664,  189,  696,  874,  707,  533,  271,  358,  217,  623,  710,  340,  242,  248,  449,  658,  212,  399,  686,  191,  138,  179,    0,  311,  339,  282,  196,  356,  227,  645,  700,   84,  526,  642,  605,  618,  124,  599,  602,  188,  494,  690,  694,  843,  478,  204,  314,  289,  188,   39,  127,  148,  232,  818,  765,  496,  657,  173,  668,  761,  262,  467,   41,  820,  700,  766,  734,  291,  201,  268,  586,  409,  276,  650,  489,  231,  355,  353,  637,  419,  357,  391,  248,   50,  490,  142,  781,  480,   24,  766,  581,  445,  475,  293,  532,   79,  422,  800,  668,  133,  370,  133,  715,  264,  738,  712,  802,  325,  783,  355,  806,  177,  744,  593,  229,  291,  297,  483,  596,  140,  637,  454,  234,  501,  276,  267,  574,  472,  454,  105,  768,  172,  773,  510,  285,  328,  114,  177],
        [  613,    0,  296,  740,  919,  339,  552, 1048,  575,  490,  141,  487,  216,  598,  703,  449,  450,   69,  210,  537,  481,  573,  592,  479,  383,  332,  311,    0,  565,   81,  448,  423,   98,  954,  811,  228,  834,  863,  709,  915,  428,  663,  614,  498,  759,  914,  528,  945,  682,  367,  144,  270,  394,  284,  389,  231,  542,  910,  859,  396,  498,  288,  897,  796,  118,  622,  351,  891,  583,  925,  779,  602,  234,   46,  477,  177,  193,  932,  455,  113,  113,  413,  631,  374,  628,  498,  265,  297,  799,  435,  632,  397,  288,  764,  703,  564,  777,  600,  720,  386,  409,  633,  696,  290,  636,  408,  691,   49,  819,  906,  970,  352,  976,  664, 1002,  165,  919,  814,  253,  305,  578,  793,  900,  186,  573,  402,  525,  537,  151,  169,  398,  248,  361,  383,  791,  422,  948,  287,  578,  215,  424,  385],
        [  436,    0,  411,  217,  355,  518,  664,  537,  660,  444,  586,  169,  359,  482,  528,  198,  116,  523,  591,  611,  446,  107,  601,  182,  204,  510,  339,  565,    0,  574,  461,  253,  518,  510,  404,  394,  396,  306,  330,  410,  343,  367,  425,  297,  208,  356,  688,  542,  141,  200,  479,  351,  173,  376,  416,  483,  274,  526,  477,  484,  652,  278,  337,  526,  460,  172,  329,  544,  638,  436,  493,  309,  337,  535,  546,  563,  410,  391,  411,  533,  542,  260,  471,  392,  118,  203,  586,  311,  382,  220,  737,  457,  354,  566,  293,  205,  314,  259,  199,  330,  359,  776,  458,  279,  109,  209,  549,  531,  463,  373,  468,  662,  445,  394,  468,  402,  409,  258,  567,  629,  135,  404,  431,  455,  534,  414,  413,  336,  594,  590,  611,  592,  457,  235,  544,  450,  437,  615,  172,  436,  285,  485],
        [  564,    0,  359,  763,  923,  271,  630, 1078,  652,  555,   60,  518,  250,  663,  766,  483,  460,   57,  291,  613,  426,  596,  666,  465,  379,  265,  282,   81,  574,    0,  389,  465,   58,  925,  854,  200,  807,  878,  752,  898,  388,  713,  673,  464,  758,  928,  608,  991,  700,  383,  212,  319,  402,  249,  337,  171,  512,  958,  906,  468,  577,  305,  910,  853,  170,  651,  318,  943,  659,  958,  834,  568,  262,   60,  551,  257,  246,  924,  518,   52,  192,  456,  693,  436,  623,  535,  187,  281,  770,  418,  711,  466,  258,  828,  742,  600,  756,  574,  743,  350,  466,  713,  753,  296,  633,  396,  757,   61,  868,  929, 1001,  272, 1001,  623, 1026,  179,  948,  829,  176,  225,  569,  761,  877,  144,  643,  466,  475,  589,   71,   88,  477,  328,  430,  369,  851,  365,  977,  368,  563,  278,  394,  322],
        [  187,    0,  566,  676,  722,  135,  890,  990,  902,  727,  350,  530,  409,  815,  898,  519,  395,  380,  622,  853,   42,  546,  881,  280,  299,  136,  196,  448,  461,  389,    0,  543,  350,  590,  855,  245,  488,  735,  767,  609,  119,  775,  788,  179,  553,  778,  886,  997,  598,  385,  492,  484,  355,  193,   70,  219,  227,  976,  925,  691,  850,  367,  753,  938,  436,  617,  170,  985,  895,  895,  909,  252,  395,  403,  780,  582,  464,  671,  683,  340,  520,  541,  825,  614,  428,  566,  249,  244,  447,  244,  975,  675,  207,  951,  738,  612,  466,  288,  658,  145,  616,  993,  850,  326,  447,  269,  905,  399,  903,  822,  924,  267,  891,  267,  910,  355,  865,  691,  243,  263,  365,  424,  565,  264,  831,  649,  105,  686,  348,  330,  764,  649,  649,  253,  948,   27,  892,  689,  335,  517,  179,   73],
        [  599,    0,  177,  343,  574,  537,  416,  632,  416,  205,  500,   92,  215,  274,  355,   56,  190,  409,  373,  365,  548,  192,  367,  330,  251,  527,  356,  423,  253,  465,  543,    0,  419,  759,  390,  357,  642,  483,  287,  662,  437,  255,  246,  440,  454,  533,  437,  527,  307,  160,  295,  154,  199,  377,  478,  453,  445,  494,  443,  232,  400,  192,  522,  409,  305,  215,  375,  484,  397,  506,  385,  499,  207,  410,  297,  354,  231,  635,  165,  442,  357,   11,  283,  141,  366,   82,  556,  308,  623,  330,  493,  205,  355,  410,  281,  145,  562,  462,  325,  401,  107,  528,  314,  227,  361,  291,  363,  407,  406,  502,  553,  650,  569,  588,  595,  294,  505,  439,  536,  606,  358,  640,  682,  400,  306,  162,  543,  145,  511,  516,  361,  364,  206,  297,  414,  522,  534,  379,  386,  231,  383,  533],
        [  518,    0,  328,  709,  865,  243,  619, 1025,  639,  524,   83,  467,  204,  631,  733,  433,  403,   32,  294,  597,  384,  542,  645,  408,  321,  235,  227,   98,  518,   58,  350,  419,    0,  871,  806,  144,  753,  822,  704,  842,  337,  670,  636,  412,  700,  872,  601,  945,  644,  328,  192,  278,  345,  195,  293,  133,  458,  913,  861,  445,  568,  251,  853,  814,  140,  599,  264,  900,  642,  906,  794,  516,  213,   55,  532,  256,  211,  867,  485,   26,  190,  410,  658,  403,  565,  485,  181,  224,  716,  361,  702,  440,  203,  793,  693,  551,  700,  519,  688,  298,  430,  707,  715,  240,  575,  339,  726,   52,  824,  875,  949,  276,  946,  573,  971,  127,  895,  773,  166,  227,  511,  708,  822,   92,  616,  435,  430,  548,   94,  103,  470,  329,  405,  312,  813,  325,  924,  369,  506,  251,  340,  288],
        [  412,    0,  899,  577,  388,  720, 1173,  745, 1170,  953,  905,  678,  798,  984, 1012,  705,  583,  892, 1053, 1121,  550,  601, 1109,  485,  592,  719,  645,  954,  510,  925,  590,  759,  871,    0,  801,  729,  123,  505,  774,  150,  542,  841,  920,  462,  348,  509, 1195,  900,  534,  657,  922,  824,  610,  677,  610,  768,  414,  904,  871,  989, 1159,  714,  485,  976,  883,  640,  608,  946, 1147,  725,  942,  358,  775,  912, 1055, 1017,  861,  253,  920,  874,  977,  765,  966,  895,  394,  712,  832,  658,  156,  523, 1246,  962,  669, 1038,  731,  702,  198,  354,  576,  576,  865, 1285,  933,  689,  401,  557, 1039,  908,  880,  608,  721,  856,  645,  325,  648,  802,  675,  495,  822,  852,  409,  168,   85,  782, 1041,  920,  486,  840,  908,  894, 1110, 1063,  957,  578, 1001,  604,  687, 1093,  393,  902,  532,  660],
        [  838,    0,  536,  228,  452,  888,  579,  286,  558,  401,  887,  347,  604,  337,  288,  376,  463,  798,  727,  528,  845,  310,  473,  581,  565,  879,  700,  811,  404,  854,  855,  390,  806,  801,    0,  726,  718,  317,  103,  659,  737,  169,  268,  700,  459,  340,  626,  143,  292,  502,  677,  541,  513,  730,  802,  823,  677,  122,   75,  508,  605,  565,  352,  195,  694,  239,  703,  148,  525,  165,  166,  707,  594,  799,  503,  719,  619,  577,  407,  829,  736,  399,  294,  465,  488,  322,  929,  658,  723,  612,  614,  487,  707,  280,  119,  259,  641,  655,  235,  715,  420,  665,  212,  591,  470,  588,  325,  797,   82,  246,  214, 1018,  276,  787,  299,  680,  198,  310,  909,  978,  531,  756,  717,  777,  413,  454,  816,  290,  898,  901,  629,  705,  514,  608,  225,  841,  217,  704,  570,  609,  677,  868],
        [  391,    0,  332,  598,  733,  187,  652,  920,  667,  511,  196,  380,  175,  609,  703,  354,  286,  164,  379,  620,  271,  437,  655,  266,  191,  177,   84,  228,  394,  200,  245,  357,  144,  729,  726,    0,  610,  700,  627,  698,  201,  609,  597,  271,  565,  749,  646,  868,  528,  226,  248,  256,  227,   58,  178,   98,  315,  840,  787,  458,  609,  166,  729,  766,  192,  501,  123,  836,  663,  807,  741,  374,  166,  185,  548,  339,  222,  727,  468,  151,  280,  351,  628,  391,  428,  407,  204,   85,  573,  219,  738,  445,   60,  761,  608,  468,  557,  376,  578,  159,  403,  753,  669,  136,  440,  201,  703,  181,  756,  762,  846,  295,  835,  437,  858,  111,  789,  651,  184,  253,  371,  566,  678,   62,  613,  426,  305,  500,  203,  197,  521,  405,  416,  172,  770,  219,  819,  444,  364,  275,  197,  203],
        [  322,    0,  778,  491,  349,  614, 1057,  702, 1055,  839,  790,  563,  676,  875,  910,  588,  462,  773,  930, 1005,  449,  492,  996,  363,  470,  611,  526,  834,  396,  807,  488,  642,  753,  123,  718,  610,    0,  444,  680,  139,  428,  740,  814,  346,  259,  460, 1078,  828,  437,  535,  799,  702,  488,  559,  500,  653,  296,  828,  790,  870, 1041,  591,  433,  884,  761,  537,  490,  865, 1033,  663,  850,  245,  652,  792,  938,  894,  739,  235,  804,  756,  855,  648,  860,  776,  278,  598,  723,  537,   42,  401, 1132,  844,  550,  940,  637,  593,   83,  234,  486,  459,  748, 1169,  833,  567,  288,  434,  935,  788,  795,  550,  666,  755,  597,  230,  605,  680,  615,  424,  712,  746,  288,   76,   77,  664,  929,  802,  385,  730,  793,  780,  990,  940,  838,  456,  907,  499,  631,  971,  271,  780,  414,  555],
        [  653,    0,  659,  145,  136,  813,  823,  268,  809,  608,  892,  395,  649,  590,  579,  436,  419,  826,  855,  768,  711,  297,  731,  465,  510,  805,  642,  863,  306,  878,  735,  483,  822,  505,  317,  700,  444,    0,  328,  357,  623,  414,  516,  558,  202,   51,  861,  397,  182,  497,  760,  621,  478,  679,  703,  787,  516,  405,  379,  690,  832,  576,   42,  508,  752,  272,  627,  453,  779,  221,  477,  519,  630,  836,  721,  833,  691,  265,  592,  838,  825,  493,  557,  612,  308,  403,  889,  616,  460,  511,  877,  663,  658,  586,  290,  351,  379,  469,  161,  621,  568,  925,  496,  582,  289,  509,  613,  832,  398,  107,  224,  960,  163,  579,  178,  703,  173,   49,  870,  930,  370,  499,  424,  761,  663,  620,  663,  476,  900,  896,  823,  846,  676,  537,  537,  730,  188,  860,  402,  706,  571,  773],
        [  764,    0,  436,  202,  459,  793,  511,  370,  494,  315,  785,  248,  502,  270,  252,  275,  373,  696,  629,  458,  760,  227,  411,  500,  473,  783,  605,  709,  330,  752,  767,  287,  704,  774,  103,  627,  680,  328,    0,  640,  650,   90,  196,  620,  427,  363,  555,  242,  243,  404,  575,  439,  419,  634,  711,  724,  602,  214,  161,  417,  529,  464,  368,  204,  591,  159,  611,  219,  462,  243,  171,  638,  492,  697,  423,  619,  516,  570,  315,  727,  635,  296,  233,  366,  428,  221,  830,  562,  679,  526,  557,  394,  611,  267,   43,  160,  599,  588,  199,  625,  321,  606,  170,  492,  411,  499,  286,  694,  136,  287,  292,  920,  336,  722,  362,  578,  260,  306,  810,  879,  463,  709,  689,  677,  346,  358,  735,  194,  796,  799,  543,  608,  419,  517,  228,  751,  285,  611,  501,  507,  590,  776],
        [  454,    0,  817,  440,  239,  729, 1068,  596, 1062,  846,  888,  575,  736,  865,  884,  607,  502,  858,  986, 1014,  572,  488,  996,  436,  536,  725,  618,  915,  410,  898,  609,  662,  842,  150,  659,  698,  139,  357,  640,    0,  535,  712,  798,  451,  219,  360, 1095,  753,  405,  583,  861,  749,  541,  654,  612,  755,  399,  759,  727,  893, 1060,  650,  336,  839,  830,  516,  585,  802, 1037,  577,  806,  358,  713,  876,  952,  953,  796,  107,  816,  848,  921,  669,  843,  802,  304,  605,  833,  620,  177,  481, 1137,  866,  641,  906,  597,  585,  146,  333,  441,  559,  767, 1178,  804,  633,  305,  507,  913,  871,  739,  459,  572,  874,  496,  362,  499,  754,  527,  350,  820,  861,  340,  214,   78,  757,  927,  823,  509,  725,  892,  880, 1021,  991,  866,  533,  865,  617,  538, 1017,  338,  832,  509,  672],
        [  193,    0,  484,  558,  620,  200,  806,  874,  816,  629,  364,  415,  335,  711,  790,  408,  279,  361,  572,  766,  112,  428,  787,  163,  188,  194,  124,  428,  343,  388,  119,  437,  337,  542,  737,  201,  428,  623,  650,  535,    0,  660,  680,   84,  449,  667,  808,  878,  481,  278,  437,  399,  243,  144,   82,  226,  136,  858,  807,  605,  771,  275,  643,  824,  385,  499,   84,  868,  806,  778,  795,  184,  316,  383,  693,  532,  396,  583,  586,  336,  477,  436,  719,  522,  318,  453,  300,  161,  389,  126,  891,  587,  145,  841,  620,  497,  389,  202,  541,   46,  518,  913,  738,  235,  336,  153,  799,  379,  786,  707,  808,  349,  777,  237,  797,  300,  749,  578,  286,  330,  255,  376,  502,  245,  734,  556,  114,  578,  366,  352,  692,  594,  564,  142,  836,  108,  776,  632,  229,  447,   60,  151],
        [  793,    0,  377,  281,  543,  785,  422,  451,  404,  233,  752,  245,  467,  180,  173,  260,  383,  658,  562,  369,  772,  260,  321,  521,  476,  775,  599,  663,  367,  713,  775,  255,  670,  841,  169,  609,  740,  414,   90,  712,  660,    0,  107,  641,  495,  452,  466,  285,  308,  396,  524,  395,  420,  624,  714,  706,  630,  248,  199,  340,  442,  444,  455,  165,  547,  204,  611,  231,  372,  326,  135,  672,  461,  656,  338,  557,  471,  649,  240,  694,  580,  262,  144,  302,  476,  209,  810,  553,  735,  539,  467,  319,  602,  201,  124,  168,  658,  624,  275,  630,  260,  517,   94,  477,  461,  508,  203,  654,  157,  377,  376,  903,  425,  759,  450,  547,  347,  389,  790,  860,  501,  763,  757,  654,  257,  288,  754,  128,  763,  769,  461,  539,  348,  522,  179,  756,  371,  537,  538,  454,  602,  774],
        [  830,    0,  319,  379,  642,  780,  316,  553,  298,  142,  718,  275,  438,   74,  110,  273,  413,  619,  487,  263,  791,  323,  216,  556,  493,  770,  602,  614,  425,  673,  788,  246,  636,  920,  268,  597,  814,  516,  196,  798,  680,  107,    0,  673,  579,  555,  361,  364,  394,  403,  471,  358,  438,  621,  723,  691,  670,  324,  281,  255,  338,  434,  557,  182,  503,  282,  620,  290,  266,  429,  169,  718,  437,  614,  237,  488,  427,  741,  164,  660,  520,  250,   46,  241,  541,  235,  790,  553,  805,  566,  362,  238,  600,  164,  228,  221,  731,  674,  370,  645,  207,  411,   83,  472,  528,  530,  125,  612,  234,  483,  479,  886,  530,  807,  555,  519,  453,  488,  770,  840,  556,  829,  837,  634,  150,  217,  782,  103,  729,  737,  365,  460,  271,  539,  178,  767,  476,  452,  590,  400,  624,  778],
