{
    "name": "random-20-8593",
    "comment": "size=20 seed=8593",
    "nodes": ["+0", "-0", "+1", "-1", "+2", "-2", "+3", "-3", "+4", "-4", "+5", "-5", "+6", "-6", "+7", "-7", "+8", "-8", "+9", "-9", "+10", "-10", "+11", "-11", "+12", "-12", "+13", "-13", "+14", "-14", "+15", "-15", "+16", "-16", "+17", "-17", "+18", "-18", "+19", "-19", "+20", "-20"],
    "precedence": {
        "+0": "-0",
        "+1": "-1",
        "+2": "-2",
        "+3": "-3",
        "+4": "-4",
        "+5": "-5",
        "+6": "-6",
        "+7": "-7",
        "+8": "-8",
        "+9": "-9",
        "+10": "-10",
        "+11": "-11",
        "+12": "-12",
        "+13": "-13",
        "+14": "-14",
        "+15": "-15",
        "+16": "-16",
        "+17": "-17",
        "+18": "-18",
        "+19": "-19",
        "+20": "-20"
    },
    "edges": [
        [    0,    0,  260,  381,  300,  562,  426,  331,  121,  352,  438,  470,  313,  188,   79,  153,  551,  571,  106,  554,  333,  430,  512,  392,  441,  267,  529,  341,  606,  632,  643,  272,  450,  449,  543,  247,  166,  451,  208,  359,  600,  714],
        [    0,    0,  260,  381,  300,  562,  426,  331,  121,  352,  438,  470,  313,  188,   79,  153,  551,  571,  106,  554,  333,  430,  512,  392,  441,  267,  529,  341,  606,  632,  643,  272,  450,  449,  543,  247,  166,  451,  208,  359,  600,  714],
        [  260,  260,    0,  524,  291,  470,  576,  535,  336,  453,  367,  449,  220,   90,  192,  365,  307,  716,  226,  738,  587,  311,  291,  449,  435,  511,  579,  320,  774,  474,  518,  520,  702,  674,  650,  400,  246,  301,  384,  610,  772,  557],
        [  381,  381,  524,    0,  678,  445,   53,  139,  471,  718,  812,  850,  674,  507,  379,  491,  821,  196,  321,  226,  340,  790,  814,  768,  266,  264,  220,  719,  252,  981,  544,  281,  584,  256,  169,  136,  546,  799,  173,  528,  251,  647],
        [  300,  300,  291,  678,    0,  752,  724,  628,  256,  189,  143,  176,   99,  224,  307,  261,  415,  870,  367,  852,  581,  166,  339,  162,  683,  542,  802,   41,  905,  364,  807,  542,  586,  732,  836,  543,  136,  209,  507,  501,  899,  847],
        [  562,  562,  470,  445,  752,    0,  479,  564,  683,  885,  836,  917,  689,  528,  496,  714,  642,  546,  457,  642,  739,  774,  683,  900,  180,  646,  296,  784,  634,  905,  100,  663,  954,  699,  435,  439,  666,  755,  470,  876,  640,  203],
        [  426,  426,  576,   53,  724,  479,    0,  147,  510,  756,  859,  895,  723,  557,  428,  528,  873,  147,  370,  177,  346,  839,  866,  809,  302,  279,  228,  765,  200, 1032,  577,  295,  592,  234,  143,  184,  591,  850,  218,  543,  199,  681],
        [  331,  331,  535,  139,  628,  564,  147,    0,  392,  633,  768,  790,  643,  495,  358,  406,  841,  268,  310,  224,  202,  760,  820,  692,  386,  134,  359,  668,  281,  961,  663,  149,  447,  150,  290,  150,  493,  779,  152,  397,  274,  762],
        [  121,  121,  336,  471,  256,  683,  510,  392,    0,  247,  398,  403,  306,  249,  191,   33,  594,  651,  227,  614,  326,  413,  540,  301,  560,  291,  640,  292,  673,  616,  762,  288,  372,  481,  638,  345,  135,  446,  302,  280,  665,  830],
        [  352,  352,  453,  718,  189,  885,  756,  633,  247,    0,  269,  214,  287,  371,  397,  229,  601,  896,  449,  851,  527,  330,  523,   77,  786,  519,  880,  191,  913,  500,  952,  513,  458,  704,  885,  590,  220,  380,  548,  388,  905, 1004],
        [  438,  438,  367,  812,  143,  836,  859,  768,  398,  269,    0,  104,  151,  326,  435,  401,  373, 1005,  494,  991,  722,   84,  287,  205,  791,  684,  921,  106, 1043,  234,  879,  684,  710,  874,  965,  676,  276,  133,  642,  630, 1038,  904],
        [  470,  470,  449,  850,  176,  917,  895,  790,  403,  214,  104,    0,  230,  394,  483,  398,  476, 1040,  542, 1014,  718,  187,  389,  138,  857,  693,  978,  138, 1070,  301,  966,  690,  671,  882, 1010,  715,  304,  236,  678,  598, 1063,  997],
        [  313,  313,  220,  674,   99,  689,  723,  643,  306,  287,  151,  230,    0,  177,  295,  320,  319,  868,  353,  864,  626,  118,  247,  256,  641,  574,  772,  110,  912,  319,  736,  577,  662,  761,  822,  539,  172,  141,  508,  573,  907,  768],
        [  188,  188,   90,  507,  224,  528,  557,  495,  249,  371,  326,  394,  177,    0,  137,  277,  364,  702,  188,  709,  521,  288,  328,  374,  465,  451,  595,  259,  752,  475,  587,  458,  619,  626,  649,  375,  158,  294,  350,  526,  748,  634],
        [   79,   79,  192,  379,  307,  496,  428,  358,  191,  397,  435,  483,  295,  137,    0,  223,  494,  574,   61,  574,  396,  412,  464,  426,  391,  320,  497,  347,  619,  607,  573,  329,  528,  490,  531,  244,  186,  424,  216,  437,  615,  640],
        [  153,  153,  365,  491,  261,  714,  528,  406,   33,  229,  401,  398,  320,  277,  223,    0,  616,  668,  258,  625,  323,  422,  559,  288,  590,  297,  666,  295,  686,  624,  794,  293,  349,  486,  660,  368,  151,  458,  324,  257,  678,  862],
        [  551,  551,  307,  821,  415,  642,  873,  841,  594,  601,  373,  476,  319,  364,  494,  616,    0, 1008,  532, 1041,  884,  291,   88,  558,  680,  813,  838,  413, 1073,  298,  645,  820,  964,  980,  931,  704,  468,  241,  690,  873, 1072,  632],
        [  571,  571,  716,  196,  870,  546,  147,  268,  651,  896, 1005, 1040,  868,  702,  574,  668, 1008,    0,  516,  126,  445,  985, 1006,  951,  384,  398,  254,  911,   90, 1176,  638,  411,  685,  284,  113,  330,  737,  995,  364,  651,   99,  743],
        [  106,  106,  226,  321,  367,  457,  370,  310,  227,  449,  494,  542,  353,  188,   61,  258,  532,  516,    0,  521,  374,  470,  510,  482,  339,  291,  439,  407,  564,  662,  539,  302,  532,  449,  471,  187,  244,  480,  162,  444,  560,  613],
        [  554,  554,  738,  226,  852,  642,  177,  224,  614,  851,  991, 1014,  864,  709,  574,  625, 1041,  126,  521,    0,  358,  981, 1028,  913,  470,  334,  363,  891,   71, 1180,  739,  343,  587,  178,  229,  338,  717,  997,  359,  565,   59,  844],
        [  333,  333,  587,  340,  581,  739,  346,  202,  326,  527,  722,  718,  626,  521,  396,  323,  884,  445,  374,  358,    0,  736,  843,  598,  567,   94,  560,  617,  428,  940,  836,   77,  246,  187,  488,  300,  456,  766,  272,  208,  416,  929],
        [  430,  430,  311,  790,  166,  774,  839,  760,  413,  330,   84,  187,  118,  288,  412,  422,  291,  985,  470,  981,  736,    0,  205,  275,  743,  689,  881,  144, 1029,  205,  812,  690,  751,  876,  936,  656,  281,   52,  626,  666, 1025,  832],
        [  512,  512,  291,  814,  339,  683,  866,  820,  540,  523,  287,  389,  247,  328,  464,  559,   88, 1006,  510, 1028,  843,  205,    0,  475,  700,  778,  854,  333, 1065,  228,  698,  784,  905,  954,  937,  690,  409,  154,  671,  815, 1063,  695],
        [  392,  392,  449,  768,  162,  900,  809,  692,  301,   77,  205,  138,  256,  374,  426,  288,  558,  951,  482,  913,  598,  275,  475,    0,  815,  583,  919,  148,  973,  431,  961,  578,  535,  770,  933,  637,  241,  326,  596,  464,  965, 1006],
        [  441,  441,  435,  266,  683,  180,  302,  386,  560,  786,  791,  857,  641,  465,  391,  590,  680,  384,  339,  470,  567,  743,  700,  815,    0,  476,  161,  720,  469,  905,  279,  494,  793,  520,  281,  270,  575,  736,  307,  719,  474,  382],
        [  267,  267,  511,  264,  542,  646,  279,  134,  291,  519,  684,  693,  574,  451,  320,  297,  813,  398,  291,  334,   94,  689,  778,  583,  476,    0,  480,  580,  399,  892,  743,   18,  323,  191,  422,  208,  410,  714,  179,  265,  390,  836],
        [  529,  529,  579,  220,  802,  296,  228,  359,  640,  880,  921,  978,  772,  595,  497,  666,  838,  254,  439,  363,  560,  881,  854,  919,  161,  480,    0,  841,  343, 1052,  386,  497,  802,  461,  141,  303,  682,  878,  347,  742,  351,  491],
        [  341,  341,  320,  719,   41,  784,  765,  668,  292,  191,  106,  138,  110,  259,  347,  295,  413,  911,  407,  891,  617,  144,  333,  148,  720,  580,  841,    0,  945,  334,  837,  579,  611,  770,  876,  583,  176,  192,  547,  528,  939,  874],
        [  606,  606,  774,  252,  905,  634,  200,  281,  673,  913, 1043, 1070,  912,  752,  619,  686, 1073,   90,  564,   71,  428, 1029, 1065,  973,  469,  399,  343,  945,    0, 1225,  727,  409,  657,  248,  203,  378,  770, 1043,  404,  634,   14,  832],
        [  632,  632,  474,  981,  364,  905, 1032,  961,  616,  500,  234,  301,  319,  475,  607,  624,  298, 1176,  662, 1180,  940,  205,  228,  431,  905,  892, 1052,  334, 1225,    0,  924,  895,  944, 1079, 1120,  849,  485,  183,  822,  862, 1221,  923],
        [  643,  643,  518,  544,  807,  100,  577,  663,  762,  952,  879,  966,  736,  587,  573,  794,  645,  638,  539,  739,  836,  812,  698,  961,  279,  743,  386,  837,  727,  924,    0,  760, 1048,  799,  526,  536,  733,  787,  566,  967,  734,  106],
        [  272,  272,  520,  281,  542,  663,  295,  149,  288,  513,  684,  690,  577,  458,  329,  293,  820,  411,  302,  343,   77,  690,  784,  578,  494,   18,  497,  579,  409,  895,  760,    0,  305,  193,  438,  225,  411,  717,  196,  248,  399,  852],
        [  450,  450,  702,  584,  586,  954,  592,  447,  372,  458,  710,  671,  662,  619,  528,  349,  964,  685,  532,  587,  246,  751,  905,  535,  793,  323,  802,  611,  657,  944, 1048,  305,    0,  410,  733,  523,  498,  793,  486,   93,  645, 1133],
        [  449,  449,  674,  256,  732,  699,  234,  150,  481,  704,  874,  882,  761,  626,  490,  486,  980,  284,  449,  178,  187,  876,  954,  770,  520,  191,  461,  770,  248, 1079,  799,  193,  410,    0,  355,  299,  599,  900,  297,  390,  236,  900],
        [  543,  543,  650,  169,  836,  435,  143,  290,  638,  885,  965, 1010,  822,  649,  531,  660,  931,  113,  471,  229,  488,  936,  937,  933,  281,  422,  141,  876,  203, 1120,  526,  438,  733,  355,    0,  297,  706,  940,  338,  686,  211,  631],
        [  247,  247,  400,  136,  543,  439,  184,  150,  345,  590,  676,  715,  539,  375,  244,  368,  704,  330,  187,  338,  300,  656,  690,  637,  270,  208,  303,  583,  378,  849,  536,  225,  523,  299,  297,    0,  411,  667,   45,  452,  374,  630],
        [  166,  166,  246,  546,  136,  666,  591,  493,  135,  220,  276,  304,  172,  158,  186,  151,  468,  737,  244,  717,  456,  281,  409,  241,  575,  410,  682,  176,  770,  485,  733,  411,  498,  599,  706,  411,    0,  312,  374,  407,  764,  787],
        [  451,  451,  301,  799,  209,  755,  850,  779,  446,  380,  133,  236,  141,  294,  424,  458,  241,  995,  480,  997,  766,   52,  154,  326,  736,  714,  878,  192, 1043,  183,  787,  717,  793,  900,  940,  667,  312,    0,  639,  706, 1039,  801],
        [  208,  208,  384,  173,  507,  470,  218,  152,  302,  548,  642,  678,  508,  350,  216,  324,  690,  364,  162,  359,  272,  626,  671,  596,  307,  179,  347,  547,  404,  822,  566,  196,  486,  297,  338,   45,  374,  639,    0,  413,  400,  657],
        [  359,  359,  610,  528,  501,  876,  543,  397,  280,  388,  630,  598,  573,  526,  437,  257,  873,  651,  444,  565,  208,  666,  815,  464,  719,  265,  742,  528,  634,  862,  967,  248,   93,  390,  686,  452,  407,  706,  413,    0,  623, 1050],
        [  600,  600,  772,  251,  899,  640,  199,  274,  665,  905, 1038, 1063,  907,  748,  615,  678, 1072,   99,  560,   59,  416, 1025, 1063,  965,  474,  390,  351,  939,   14, 1221,  734,  399,  645,  236,  211,  374,  764, 1039,  400,  623,    0,  839],
        [  714,  714,  557,  647,  847,  203,  681,  762,  830, 1004,  904,  997,  768,  634,  640,  862,  632,  743,  613,  844,  929,  832,  695, 1006,  382,  836,  491,  874,  832,  923,  106,  852, 1133,  900,  631,  630,  787,  801,  657, 1050,  839,    0]
    ]
}
