{
    "name": "random-77-4930",
    "comment": "size=77 seed=4930",
    "nodes": ["+0", "-0", "+1", "-1", "+2", "-2", "+3", "-3", "+4", "-4", "+5", "-5", "+6", "-6", "+7", "-7", "+8", "-8", "+9", "-9", "+10", "-10", "+11", "-11", "+12", "-12", "+13", "-13", "+14", "-14", "+15", "-15", "+16", "-16", "+17", "-17", "+18", "-18", "+19", "-19", "+20", "-20", "+21", "-21", "+22", "-22", "+23", "-23", "+24", "-24", "+25", "-25", "+26", "-26", "+27", "-27", "+28", "-28", "+29", "-29", "+30", "-30", "+31", "-31", "+32", "-32", "+33", "-33", "+34", "-34", "+35", "-35", "+36", "-36", "+37", "-37", "+38", "-38", "+39", "-39", "+40", "-40", "+41", "-41", "+42", "-42", "+43", "-43", "+44", "-44", "+45", "-45", "+46", "-46", "+47", "-47", "+48", "-48", "+49", "-49", "+50", "-50", "+51", "-51", "+52", "-52", "+53", "-53", "+54", "-54", "+55", "-55", "+56", "-56", "+57", "-57", "+58", "-58", "+59", "-59", "+60", "-60", "+61", "-61", "+62", "-62", "+63", "-63", "+64", "-64", "+65", "-65", "+66", "-66", "+67", "-67", "+68", "-68", "+69", "-69", "+70", "-70", "+71", "-71", "+72", "-72", "+73", "-73", "+74", "-74", "+75", "-75", "+76", "-76", "+77", "-77"],
    "precedence": {
        "+0": "-0",
        "+1": "-1",
        "+2": "-2",
        "+3": "-3",
        "+4": "-4",
        "+5": "-5",
        "+6": "-6",
        "+7": "-7",
        "+8": "-8",
        "+9": "-9",
        "+10": "-10",
        "+11": "-11",
        "+12": "-12",
        "+13": "-13",
        "+14": "-14",
        "+15": "-15",
        "+16": "-16",
        "+17": "-17",
        "+18": "-18",
        "+19": "-19",
        "+20": "-20",
        "+21": "-21",
        "+22": "-22",
        "+23": "-23",
        "+24": "-24",
        "+25": "-25",
        "+26": "-26",
        "+27": "-27",
        "+28": "-28",
        "+29": "-29",
        "+30": "-30",
        "+31": "-31",
        "+32": "-32",
        "+33": "-33",
        "+34": "-34",
        "+35": "-35",
        "+36": "-36",
        "+37": "-37",
        "+38": "-38",
        "+39": "-39",
        "+40": "-40",
        "+41": "-41",
        "+42": "-42",
        "+43": "-43",
        "+44": "-44",
        "+45": "-45",
        "+46": "-46",
        "+47": "-47",
        "+48": "-48",
        "+49": "-49",
        "+50": "-50",
        "+51": "-51",
        "+52": "-52",
        "+53": "-53",
        "+54": "-54",
        "+55": "-55",
        "+56": "-56",
        "+57": "-57",
        "+58": "-58",
        "+59": "-59",
        "+60": "-60",
        "+61": "-61",
        "+62": "-62",
        "+63": "-63",
        "+64": "-64",
        "+65": "-65",
        "+66": "-66",
        "+67": "-67",
        "+68": "-68",
        "+69": "-69",
        "+70": "-70",
        "+71": "-71",
        "+72": "-72",
        "+73": "-73",
        "+74": "-74",
        "+75": "-75",
        "+76": "-76",
        "+77": "-77"
    },
    "edges": [
        [    0,    0,  648,  368,  734,  232,  252,  288,  431,  142,  343,  393,  367,  473,  205,  399,  604,  712,  708,  367,  460,  421,   93,  489,  343,  296,  363,  188,  305,  815,   33,  452,  673,  251,  575,  296,  242,  468,  354,  221,  263,  303,  420,  320,  155,  129,  174,  514,  463,  328,  186,   20,  399,  231,  397,  301,  638,  309,  470,  391,  531,  156,  443,  529,  458,  692,  395,  288,  553,  130,  161,  559,  771,  447,  549,  416,  297,   85,  774,  476,  154,  493,  218,  310,  277,  422,  350,  145,  679,  701,  412,  357,  272,  366,  438,  529,  489,  441,  143,  206,  305,  184,  239,  624,  500,  463,  482,  388,  302,  243,  494,  686,  435,  304,  466,  112,  306,  303,  543,  486,  389,  212,  608,  462,  197,  454,  591,  207,  284,  239,  636,  359,  458,  278,  279,  347,  444,  457,  462,  219,  447,  316,  507,  444,  689,  172,  169,  500,  684,  507,  277,  319,  711,  502,  261,  524],
        [    0,    0,    0,    0,    0,    0,    0,    0,    0,    0,    0,    0,    0,    0,    0,    0,    0,    0,    0,    0,    0,    0,    0,    0,    0,    0,    0,    0,    0,    0,    0,    0,    0,    0,    0,    0,    0,    0,    0,    0,    0,    0,    0,    0,    0,    0,    0,    0,    0,    0,    0,    0,    0,    0,    0,    0,    0,    0,    0,    0,    0,    0,    0,    0,    0,    0,    0,    0,    0,    0,    0,    0,    0,    0,    0,    0,    0,    0,    0,    0,    0,    0,    0,    0,    0,    0,    0,    0,    0,    0,    0,    0,    0,    0,    0,    0,    0,    0,    0,    0,    0,    0,    0,    0,    0,    0,    0,    0,    0,    0,    0,    0,    0,    0,    0,    0,    0,    0,    0,    0,    0,    0,    0,    0,    0,    0,    0,    0,    0,    0,    0,    0,    0,    0,    0,    0,    0,    0,    0,    0,    0,    0,    0,    0,    0,    0,    0,    0,    0,    0,    0,    0,    0,    0,    0,    0],
        [  648,    0,    0,  449,  661,  879,  889,  396,  818,  749,  987,  977,  828,  597,  479,  879,  297,  107,  757,  565,  310,  326,  713,  786,  535,  397,  947,  836,  546,  844,  680,  616,   45,  630,  623,  607,  509, 1101,  895,  575,  433,  915,  267,  822,  608,  614,  733,  989,  201,  353,  652,  629,  291,  477, 1040,  833,  105,  414,  834,  709,  238,  778,  465, 1117, 1073,  523,  762,  752,  106,  669,  491,  152,  149,  629,  263,  637,  884,  596,  841,  652,  637,  384,  583,  871,  785,  699,  461,  568,  223,   93,  642,  292,  425,  361,  266,  234,  858,  363,  659,  566,  783,  829,  536,  160,  167,  825,  807,  656,  753,  714,  427,  313,  850,  407, 1069,  538,  573,  501,  483,  167, 1019,  849,  197,  699,  631,  270,  813,  485,  921,  441,  832,  542,  520,  913,  899,  740,  836,  444,  616,  540,  780,  651,  501,  812,  754,  632,  628,  992,  423,  142,  552,  409,  748,  806,  690, 1153],
        [  368,    0,  449,    0,  391,  556,  609,  352,  746,  393,  635,  567,  389,  665,  174,  441,  266,  547,  410,  571,  470,  442,  460,  772,  534,  125,  539,  522,  513,  518,  388,  662,  489,  530,  257,  169,  431,  721,  473,  175,  132,  668,  190,  669,  445,  260,  351,  544,  361,  351,  498,  357,  169,  385,  682,  658,  499,  403,  780,  669,  485,  425,  564,  700,  677,  326,  698,  620,  346,  469,  247,  451,  517,  665,  519,  194,  664,  284,  491,  223,  261,  133,  182,  674,  366,  253,  486,  226,  369,  533,  197,  273,  127,  413,  185,  480,  410,  101,  472,  451,  644,  534,  452,  344,  385,  771,  777,  209,  629,  297,  127,  345,  763,  102,  664,  286,  532,  477,  180,  300,  641,  571,  528,  259,  492,  180,  389,  367,  563,  346,  419,  550,  119,  553,  523,  654,  388,  562,  190,  156,  332,  587,  151,  753,  397,  475,  246,  550,  320,  335,  495,  410,  407,  362,  571,  764],
        [  734,    0,  661,  391,    0,  875,  949,  733, 1135,  711,  920,  781,  568, 1047,  561,  604,  365,  765,  141,  958,  816,  797,  827, 1162,  920,  511,  763,  851,  901,  189,  748, 1047,  704,  919,  167,  449,  821,  963,  681,  515,  522, 1019,  505, 1049,  832,  609,  653,  648,  681,  723,  884,  728,  498,  774,  954, 1034,  752,  783, 1169, 1060,  803,  740,  936,  878,  899,  143, 1087, 1005,  591,  849,  635,  740,  638, 1051,  839,  343, 1027,  651,  203,  288,  595,  324,  519, 1043,  609,  377,  867,  591,  458,  752,  349,  630,  517,  781,  483,  798,  481,  380,  855,  841, 1027,  874,  842,  503,  688, 1161, 1167,  382, 1016,  566,  291,  369, 1150,  489,  871,  670,  921,  864,  221,  587,  895,  915,  817,  335,  880,  461,  321,  757,  851,  734,  301,  936,  280,  840,  797, 1043,  498,  929,  286,  517,  428,  978,  240, 1143,  153,  861,  578,  669,  250,  617,  885,  788,  127,  402,  959,  988],
        [  232,    0,  879,  556,  875,    0,   99,  512,  475,  168,  120,  258,  366,  623,  420,  369,  813,  942,  816,  528,  679,  641,  189,  564,  516,  514,  239,   45,  478,  914,  200,  595,  904,  390,  709,  430,  440,  255,  285,  384,  477,  179,  644,  328,  328,  298,  223,  451,  693,  554,  320,  251,  622,  444,  173,  290,  868,  524,  515,  490,  755,  137,  631,  362,  269,  863,  465,  347,  783,  264,  390,  788, 1000,  585,  770,  534,  222,  292,  865,  592,  296,  688,  377,  261,  286,  512,  547,  339,  898,  932,  527,  588,  486,  585,  660,  753,  504,  644,  282,  387,  342,   70,  427,  847,  731,  511,  545,  496,  362,  311,  680,  894,  460,  516,  292,  342,  468,  493,  715,  716,  188,   95,  833,  557,  344,  673,  655,  424,   90,  462,  702,  529,  620,   92,  132,  423,  460,  650,  590,  401,  498,  441,  674,  496,  795,  323,  313,  427,  875,  738,  451,  534,  822,  550,  363,  314],
        [  252,    0,  889,  609,  949,   99,    0,  504,  388,  241,  185,  353,  460,  564,  456,  466,  854,  942,  898,  478,  660,  623,  176,  482,  472,  548,  336,  101,  435,  999,  225,  534,  909,  339,  783,  500,  414,  317,  383,  443,  513,   81,  671,  241,  300,  351,  301,  549,  695,  547,  276,  269,  651,  428,  228,  201,  866,  507,  427,  417,  740,  215,  591,  446,  347,  925,  386,  272,  798,  232,  411,  784, 1018,  522,  751,  611,  125,  329,  952,  670,  357,  738,  437,  166,  377,  595,  514,  384,  931,  932,  605,  597,  523,  568,  690,  739,  599,  689,  248,  356,  261,   76,  396,  874,  732,  424,  460,  574,  286,  392,  735,  936,  370,  555,  376,  361,  421,  459,  776,  731,  265,   41,  821,  640,  302,  705,  745,  413,  183,  455,  792,  482,  684,  187,  230,  347,  554,  612,  665,  454,  588,  381,  737,  410,  878,  286,  375,  525,  928,  749,  411,  516,  904,  642,  301,  375],
        [  288,    0,  396,  352,  733,  512,  504,    0,  451,  418,  628,  670,  588,  315,  224,  633,  468,  440,  761,  228,  175,  137,  330,  448,  191,  228,  639,  467,  181,  870,  320,  315,  411,  243,  609,  415,  119,  755,  612,  340,  230,  523,  256,  430,  213,  317,  428,  752,  196,   44,  257,  268,  251,   81,  682,  439,  363,   51,  475,  352,  244,  439,  215,  810,  744,  640,  396,  362,  321,  276,  173,  281,  537,  320,  263,  512,  488,  272,  842,  559,  350,  418,  344,  476,  514,  551,  135,  280,  499,  431,  511,  129,  231,   83,  282,  242,  676,  358,  265,  172,  393,  453,  146,  426,  232,  466,  460,  505,  365,  453,  444,  541,  478,  251,  750,  196,  206,  137,  513,  259,  676,  465,  322,  576,  236,  305,  716,   91,  571,   50,  752,  206,  471,  565,  564,  363,  638,  217,  530,  308,  610,  278,  496,  450,  748,  236,  351,  745,  588,  265,  174,   58,  759,  658,  300,  811],
        [  431,    0,  818,  746, 1135,  475,  388,  451,    0,  535,  572,  731,  782,  271,  575,  804,  915,  827, 1128,  256,  514,  493,  358,  101,  283,  635,  709,  450,  275, 1237,  434,  239,  819,  219,  986,  721,  336,  702,  736,  640,  617,  331,  703,  148,  304,  556,  589,  907,  624,  485,  254,  428,  694,  381,  613,  188,  752,  415,   41,  111,  599,  528,  374,  833,  735, 1065,   57,  144,  762,  301,  501,  674,  965,  222,  591,  840,  272,  503, 1199,  899,  584,  846,  638,  229,  690,  851,  357,  558,  948,  823,  836,  579,  623,  460,  728,  601,  913,  786,  290,  299,  137,  413,  310,  874,  653,   36,   74,  815,  130,  670,  862,  990,   39,  654,  763,  467,  248,  321,  924,  705,  653,  380,  674,  891,  255,  751, 1021,  391,  564,  426, 1066,  278,  856,  566,  601,   93,  867,  399,  880,  627,  876,  173,  897,   23, 1111,  276,  598,  886, 1028,  705,  277,  417, 1130,  932,  177,  758],
        [  142,    0,  749,  393,  711,  168,  241,  418,  535,    0,  247,  253,  247,  611,  273,  270,  653,  823,  658,  506,  593,  554,  179,  607,  483,  365,  223,  141,  445,  760,  118,  589,  778,  382,  545,  264,  383,  352,  215,  219,  327,  315,  499,  404,  292,  141,   61,  380,  577,  455,  312,  158,  476,  369,  296,  374,  752,  445,  576,  514,  659,   33,  583,  392,  329,  696,  509,  392,  648,  251,  264,  677,  860,  582,  680,  371,  336,  155,  713,  430,  132,  525,  212,  364,  156,  356,  491,  186,  744,  811,  365,  466,  336,  499,  512,  656,  381,  484,  267,  346,  401,  167,  380,  700,  614,  570,  595,  334,  408,  154,  514,  734,  532,  363,  333,  226,  444,  444,  548,  583,  270,  211,  732,  400,  329,  523,  512,  344,  176,  372,  558,  499,  453,  167,  151,  461,  335,  597,  426,  239,  356,  446,  507,  552,  638,  303,  148,  364,  710,  609,  417,  456,  664,  412,  381,  404],
        [  343,    0,  987,  635,  920,  120,  185,  628,  572,  247,    0,  199,  371,  739,  517,  356,  898, 1054,  844,  646,  797,  758,  308,  666,  635,  610,  194,  163,  597,  935,  311,  710, 1013,  507,  755,  491,  560,  137,  266,  461,  572,  249,  743,  424,  447,  386,  286,  410,  805,  669,  438,  363,  720,  562,   55,  385,  981,  642,  611,  599,  871,  215,  750,  265,  164,  924,  570,  454,  888,  383,  497,  902, 1103,  699,  888,  580,  304,  393,  884,  633,  376,  768,  454,  347,  312,  545,  666,  431,  990, 1043,  573,  698,  582,  702,  757,  869,  502,  729,  401,  507,  445,  188,  547,  945,  843,  608,  644,  540,  469,  359,  754,  979,  553,  609,  196,  451,  586,  612,  781,  822,   84,  201,  949,  589,  463,  768,  668,  542,   73,  579,  713,  647,  682,   83,  124,  530,  462,  769,  638,  484,  514,  556,  738,  594,  823,  442,  391,  383,  948,  846,  570,  652,  852,  561,  477,  196],
        [  393,    0,  977,  567,  781,  258,  353,  670,  731,  253,  199,    0,  213,  851,  500,  181,  831, 1058,  687,  749,  845,  806,  405,  816,  729,  581,   31,  281,  691,  768,  365,  827, 1010,  618,  622,  401,  634,  185,  101,  406,  545,  430,  714,  585,  536,  367,  248,  212,  819,  705,  546,  410,  690,  622,  203,  547,  991,  698,  771,  735,  907,  238,  834,  142,  119,  810,  717,  597,  873,  484,  508,  919, 1073,  819,  930,  456,  478,  401,  715,  499,  342,  692,  398,  518,  201,  407,  742,  413,  935, 1046,  449,  705,  553,  751,  722,  904,  324,  666,  502,  592,  596,  319,  629,  904,  854,  767,  799,  416,  613,  271,  668,  906,  717,  573,   98,  475,  687,  694,  678,  810,  133,  352,  979,  447,  566,  728,  497,  597,  171,  624,  540,  744,  580,  167,  131,  672,  291,  849,  513,  438,  355,  677,  634,  751,  666,  541,  350,  184,  853,  840,  663,  708,  697,  393,  603,  209],
        [  367,    0,  828,  389,  568,  366,  460,  588,  782,  247,  371,  213,    0,  834,  378,   52,  643,  920,  478,  728,  756,  719,  424,  850,  700,  438,  197,  362,  664,  566,  353,  816,  865,  617,  409,  222,  590,  396,  114,  262,  407,  541,  561,  650,  521,  275,  195,  167,  697,  614,  550,  377,  537,  564,  395,  618,  860,  628,  822,  755,  804,  259,  785,  324,  332,  601,  754,  638,  723,  491,  416,  797,  906,  812,  832,  248,  573,  328,  514,  288,  241,  503,  255,  605,   92,  195,  691,  308,  754,  906,  241,  586,  413,  670,  564,  800,  139,  488,  506,  567,  647,  397,  594,  733,  729,  816,  841,  210,  653,  136,  474,  714,  779,  423,  306,  402,  668,  652,  475,  667,  331,  441,  866,  234,  563,  564,  298,  538,  310,  551,  343,  716,  379,  300,  252,  705,   95,  794,  304,  298,  145,  682,  431,  798,  457,  538,  238,  165,  651,  700,  637,  638,  487,  191,  623,  421],
        [  473,    0,  597,  665, 1047,  623,  564,  315,  271,  611,  739,  851,  834,    0,  519,  870,  761,  586, 1073,  107,  289,  283,  448,  203,  139,  541,  824,  585,  172, 1182,  494,   34,  589,  235,  921,  703,  251,  875,  825,  621,  538,  536,  558,  361,  319,  566,  646,  986,  425,  327,  307,  460,  558,  289,  788,  394,  515,  264,  268,  170,  362,  618,  133,  977,  890,  950,  226,  301,  565,  368,  450,  446,  744,   49,  346,  811,  479,  509, 1153,  863,  600,  730,  623,  444,  747,  842,  181,  545,  766,  584,  810,  426,  541,  275,  583,  366,  945,  670,  350,  268,  324,  553,  242,  687,  445,  261,  230,  798,  290,  703,  757,  826,  309,  564,  909,  442,  168,  193,  826,  522,  810,  539,  428,  873,  286,  607, 1012,  313,  707,  322, 1052,  121,  784,  705,  725,  238,  902,  153,  836,  595,  890,  184,  810,  255, 1059,  311,  607,  972,  890,  511,  198,  259, 1071,  942,  264,  934],
        [  205,    0,  479,  174,  561,  420,  456,  224,  575,  273,  517,  500,  378,  519,    0,  426,  399,  559,  563,  418,  382,  347,  295,  606,  382,   94,  470,  380,  356,  672,  232,  511,  511,  360,  415,  191,  273,  624,  424,  119,   58,  507,  226,  496,  272,  136,  254,  544,  324,  242,  324,  192,  203,  231,  568,  486,  494,  271,  609,  502,  427,  303,  437,  641,  595,  499,  527,  446,  377,  296,   75,  425,  587,  512,  455,  293,  498,  129,  639,  345,  159,  290,  124,  504,  316,  328,  348,   89,  478,  547,  292,  211,   67,  302,  241,  423,  454,  237,  299,  283,  471,  385,  290,  429,  358,  600,  608,  282,  456,  248,  296,  481,  590,   99,  591,  113,  372,  327,  353,  313,  542,  416,  490,  356,  320,  253,  495,  208,  448,  200,  534,  399,  283,  439,  421,  483,  418,  440,  319,   85,  387,  420,  323,  582,  547,  302,  152,  540,  482,  341,  335,  280,  563,  434,  398,  674],
        [  399,    0,  879,  441,  604,  369,  466,  633,  804,  270,  356,  181,   52,  870,  426,    0,  693,  971,  507,  764,  802,  765,  449,  876,  737,  488,  170,  371,  700,  588,  383,  851,  916,  648,  449,  274,  629,  365,   91,  312,  457,  546,  613,  668,  554,  317,  225,  120,  747,  660,  580,  411,  589,  605,  374,  635,  911,  671,  844,  784,  852,  277,  826,  279,  297,  644,  779,  662,  774,  519,  460,  847,  957,  846,  879,  295,  583,  369,  535,  330,  283,  553,  305,  617,  123,  238,  732,  353,  804,  957,  288,  635,  463,  715,  615,  848,  146,  539,  535,  602,  668,  408,  632,  784,  779,  839,  865,  258,  677,  180,  523,  763,  799,  474,  268,  444,  703,  691,  522,  718,  307,  450,  915,  274,  595,  616,  318,  579,  303,  594,  361,  754,  427,  294,  245,  731,  111,  836,  348,  348,  177,  713,  478,  821,  486,  569,  282,  115,  698,  750,  673,  681,  517,  213,  650,  385],
        [  604,    0,  297,  266,  365,  813,  854,  468,  915,  653,  898,  831,  643,  761,  399,  693,    0,  401,  466,  691,  493,  485,  691,  915,  655,  309,  804,  775,  648,  548,  630,  769,  340,  699,  344,  430,  580,  987,  735,  439,  342,  905,  212,  870,  637,  515,  615,  786,  349,  441,  690,  589,  223,  534,  946,  867,  389,  511,  942,  819,  461,  685,  635,  961,  943,  228,  861,  810,  234,  679,  453,  388,  294,  778,  495,  410,  891,  526,  548,  404,  523,  141,  446,  893,  630,  474,  588,  475,  117,  388,  416,  341,  332,  486,  187,  455,  633,  170,  677,  620,  838,  782,  606,  139,  345,  933,  928,  441,  816,  562,  173,   83,  939,  300,  928,  502,  673,  603,  205,  248,  907,  814,  461,  459,  677,  165,  550,  527,  827,  489,  560,  668,  275,  816,  788,  825,  623,  622,  371,  415,  556,  744,  237,  916,  464,  666,  508,  796,  136,  271,  641,  512,  456,  568,  752, 1030],
        [  712,    0,  107,  547,  765,  942,  942,  440,  827,  823, 1054, 1058,  920,  586,  559,  971,  401,    0,  863,  572,  314,  340,  767,  783,  548,  484, 1028,  898,  566,  949,  744,  609,   63,  658,  729,  701,  543, 1173,  981,  662,  518,  961,  361,  850,  650,  693,  812, 1082,  250,  396,  690,  692,  384,  518, 1108,  866,   78,  446,  838,  716,  229,  850,  459, 1200, 1150,  626,  772,  779,  203,  715,  560,  161,  189,  624,  241,  738,  924,  668,  946,  755,  717,  489,  670,  907,  872,  799,  476,  646,  319,   15,  742,  358,  510,  387,  363,  227,  957,  465,  703,  603,  810,  887,  568,  263,  212,  830,  807,  755,  778,  801,  532,  411,  862,  497, 1149,  604,  592,  523,  588,  253, 1092,  903,  159,  801,  667,  370,  918,  531,  991,  488,  937,  551,  624,  983,  973,  756,  933,  435,  720,  627,  879,  668,  607,  819,  860,  672,  710, 1084,  524,  221,  577,  439,  854,  907,  717, 1227],
        [  708,    0,  757,  410,  141,  816,  898,  761, 1128,  658,  844,  687,  478, 1073,  563,  507,  466,  863,    0,  977,  869,  845,  797, 1167,  940,  534,  673,  798,  916,  110,  716, 1069,  801,  919,  154,  412,  834,  871,  590,  490,  536,  973,  563, 1028,  826,  579,  598,  532,  744,  759,  874,  706,  550,  789,  872, 1007,  839,  812, 1165, 1064,  870,  684,  973,  770,  803,  266, 1085,  991,  676,  832,  637,  816,  753, 1071,  905,  293,  988,  628,   86,  233,  558,  387,  492, 1010,  535,  304,  895,  571,  571,  849,  298,  675,  533,  820,  544,  864,  370,  433,  840,  844, 1010,  825,  852,  604,  757, 1157, 1168,  326, 1003,  506,  346,  486, 1138,  511,  772,  664,  933,  884,  280,  658,  809,  868,  894,  259,  875,  526,  198,  769,  779,  753,  169,  957,  291,  768,  722, 1038,  397,  970,  248,  502,  333,  981,  276, 1138,   22,  853,  542,  556,  371,  692,  897,  819,   15,  295,  952,  890],
        [  367,    0,  565,  571,  958,  528,  478,  228,  256,  506,  646,  749,  728,  107,  418,  764,  691,  572,  977,    0,  259,  240,  348,  227,   38,  448,  721,  488,   65, 1086,  389,   93,  564,  140,  826,  599,  146,  782,  719,  517,  442,  460,  482,  301,  215,  459,  540,  880,  375,  251,  209,  353,  478,  188,  697,  329,  497,  182,  270,  145,  344,  514,  126,  877,  793,  867,  201,  233,  516,  268,  347,  419,  713,   95,  337,  709,  407,  403, 1055,  762,  493,  646,  518,  377,  641,  738,  107,  440,  710,  568,  707,  351,  446,  212,  508,  345,  839,  586,  250,  162,  261,  459,  135,  633,  401,  261,  245,  695,  226,  596,  670,  761,  291,  471,  810,  337,   63,   95,  738,  464,  714,  449,  420,  770,  186,  532,  909,  210,  609,  225,  949,   25,  689,  607,  624,  190,  796,  151,  736,  492,  784,  108,  719,  248,  962,  209,  501,  866,  815,  459,   92,  180,  976,  836,  182,  841],
        [  460,    0,  310,  470,  816,  679,  660,  175,  514,  593,  797,  845,  756,  289,  382,  802,  493,  314,  869,  259,    0,   39,  493,  477,  234,  354,  814,  634,  254,  973,  492,  307,  307,  350,  717,  568,  246,  926,  786,  500,  370,  666,  312,  540,  360,  489,  602,  922,  145,  143,  392,  441,  321,  235,  851,  559,  238,  155,  527,  404,   87,  614,  156,  984,  918,  702,  459,  469,  280,  428,  344,  162,  458,  320,   92,  651,  624,  446,  953,  690,  521,  493,  506,  602,  686,  698,  164,  450,  483,  309,  652,  197,  368,   95,  334,   88,  835,  440,  413,  306,  500,  616,  267,  404,  158,  518,  499,  651,  467,  623,  529,  550,  549,  376,  925,  370,  279,  214,  599,  246,  848,  623,  167,  717,  367,  356,  854,  256,  743,  222,  886,  237,  583,  737,  738,  443,  799,  137,  658,  466,  764,  355,  594,  506,  859,  377,  521,  916,  627,  228,  268,  145,  865,  808,  408,  983],
        [  421,    0,  326,  442,  797,  641,  623,  137,  493,  554,  758,  806,  719,  283,  347,  765,  485,  340,  845,  240,   39,    0,  455,  463,  211,  323,  776,  596,  226,  950,  453,  297,  327,  319,  692,  534,  211,  888,  748,  465,  338,  632,  294,  511,  324,  451,  563,  884,  143,  106,  357,  402,  300,  197,  812,  528,  263,  117,  509,  384,  119,  575,  153,  946,  879,  687,  438,  440,  283,  391,  306,  182,  474,  309,  130,  620,  590,  407,  929,  661,  484,  474,  470,  571,  648,  665,  138,  412,  483,  334,  620,  171,  336,   57,  317,  119,  800,  419,  377,  271,  471,  578,  233,  405,  164,  500,  482,  618,  438,  585,  508,  545,  527,  347,  886,  332,  253,  184,  578,  241,  810,  586,  200,  686,  333,  340,  823,  217,  704,  183,  857,  217,  557,  698,  699,  418,  764,  138,  629,  431,  730,  329,  571,  487,  834,  342,  483,  878,  617,  228,  237,  108,  841,  775,  378,  945],
        [   93,    0,  713,  460,  827,  189,  176,  330,  358,  179,  308,  405,  424,  448,  295,  449,  691,  767,  797,  348,  493,  455,    0,  428,  332,  383,  378,  145,  293,  903,   82,  423,  733,  214,  666,  385,  252,  442,  388,  312,  351,  214,  499,  234,  140,  219,  231,  557,  519,  373,  142,  104,  481,  258,  361,  211,  691,  338,  398,  337,  571,  177,  445,  530,  447,  784,  330,  215,  623,   80,  241,  610,  842,  415,  584,  504,  205,  178,  860,  564,  239,  584,  308,  217,  333,  505,  359,  238,  761,  757,  499,  421,  360,  399,  519,  569,  555,  531,   98,  200,  225,  124,  239,  702,  557,  392,  417,  474,  229,  314,  586,  773,  358,  393,  463,  190,  286,  305,  635,  555,  370,  137,  650,  547,  163,  537,  671,  240,  264,  281,  717,  345,  551,  261,  278,  282,  509,  463,  552,  312,  521,  273,  600,  374,  778,  139,  255,  539,  775,  573,  266,  348,  800,  577,  204,  500],
        [  489,    0,  786,  772, 1162,  564,  482,  448,  101,  607,  666,  816,  850,  203,  606,  876,  915,  783, 1167,  227,  477,  463,  428,    0,  262,  654,  792,  535,  268, 1276,  498,  175,  783,  249, 1020,  767,  344,  797,  814,  685,  641,  429,  704,  243,  345,  608,  656,  983,  601,  476,  304,  483,  698,  391,  708,  283,  711,  405,   76,  104,  557,  603,  325,  924,  828, 1082,   99,  219,  742,  361,  531,  638,  934,  161,  544,  885,  369,  552, 1241,  942,  638,  860,  684,  326,  759,  902,  334,  603,  936,  781,  882,  574,  646,  439,  730,  560,  977,  799,  346,  324,  222,  498,  321,  860,  626,   73,   32,  863,  204,  731,  881,  986,  134,  675,  854,  505,  245,  312,  946,  690,  745,  470,  626,  940,  297,  753, 1074,  406,  653,  434, 1118,  251,  887,  654,  686,  146,  931,  349,  920,  668,  934,  186,  923,   78, 1150,  321,  651,  964, 1036,  685,  280,  405, 1167,  990,  228,  854],
        [  343,    0,  535,  534,  920,  516,  472,  191,  283,  483,  635,  729,  700,  139,  382,  737,  655,  548,  940,   38,  234,  211,  332,  262,    0,  411,  701,  475,   39, 1049,  366,  129,  537,  135,  789,  565,  113,  771,  696,  483,  405,  461,  445,  313,  194,  429,  514,  854,  343,  214,  198,  328,  441,  152,  687,  336,  471,  145,  300,  175,  320,  493,  120,  860,  778,  830,  227,  242,  483,  253,  312,  392,  683,  132,  317,  674,  411,  373, 1019,  727,  463,  608,  485,  383,  614,  704,   74,  407,  675,  543,  672,  314,  409,  179,  471,  322,  808,  548,  235,  138,  272,  447,  106,  599,  371,  291,  278,  660,  238,  567,  633,  725,  316,  433,  793,  305,   53,   57,  700,  429,  700,  441,  398,  735,  173,  494,  874,  175,  595,  188,  914,   18,  652,  592,  607,  209,  766,  143,  700,  458,  752,  122,  682,  278,  925,  194,  470,  841,  778,  426,   67,  143,  939,  804,  185,  829],
        [  296,    0,  397,  125,  511,  514,  548,  228,  635,  365,  610,  581,  438,  541,   94,  488,  309,  484,  534,  448,  354,  323,  383,  654,  411,    0,  551,  474,  391,  642,  324,  538,  432,  416,  381,  225,  311,  714,  499,  179,   38,  597,  135,  571,  340,  225,  340,  602,  264,  228,  393,  281,  112,  264,  660,  565,  423,  279,  666,  552,  381,  395,  440,  721,  681,  431,  584,  515,  292,  375,  146,  362,  497,  542,  413,  298,  584,  223,  615,  338,  243,  212,  187,  587,  389,  347,  362,  179,  385,  471,  298,  161,   29,  290,  148,  376,  492,  154,  374,  336,  542,  477,  333,  336,  294,  658,  661,  300,  524,  318,  228,  390,  654,   24,  674,  194,  412,  354,  293,  232,  631,  508,  434,  364,  384,  160,  501,  248,  540,  224,  534,  427,  244,  531,  510,  543,  461,  438,  307,  144,  418,  471,  271,  640,  521,  370,  232,  602,  401,  263,  375,  285,  532,  458,  462,  762],
        [  363,    0,  947,  539,  763,  239,  336,  639,  709,  223,  194,   31,  197,  824,  470,  170,  804, 1028,  673,  721,  814,  776,  378,  792,  701,  551,    0,  259,  662,  758,  336,  800,  980,  591,  603,  375,  605,  200,   84,  377,  515,  414,  685,  563,  508,  337,  217,  219,  788,  675,  519,  381,  661,  592,  205,  526,  961,  668,  749,  710,  877,  209,  805,  172,  141,  789,  693,  574,  843,  457,  478,  889, 1044,  792,  900,  435,  460,  370,  705,  480,  312,  666,  369,  499,  175,  388,  713,  383,  908, 1016,  428,  675,  523,  721,  694,  874,  316,  639,  475,  564,  573,  297,  600,  875,  824,  744,  776,  395,  589,  243,  643,  880,  696,  544,  125,  445,  659,  665,  655,  781,  138,  332,  949,  429,  539,  699,  487,  567,  155,  594,  531,  716,  557,  149,  108,  648,  280,  819,  493,  409,  341,  650,  611,  728,  652,  514,  320,  192,  830,  810,  634,  678,  683,  382,  578,  230],
        [  188,    0,  836,  522,  851,   45,  101,  467,  450,  141,  163,  281,  362,  585,  380,  371,  775,  898,  798,  488,  634,  596,  145,  535,  475,  474,  259,    0,  436,  899,  156,  558,  860,  351,  685,  404,  397,  297,  293,  352,  438,  180,  603,  306,  285,  263,  201,  463,  649,  509,  280,  207,  581,  400,  217,  269,  823,  480,  491,  457,  710,  114,  589,  395,  306,  833,  437,  317,  740,  222,  347,  743,  958,  548,  725,  512,  212,  252,  851,  571,  264,  653,  346,  247,  277,  494,  504,  301,  858,  887,  506,  544,  447,  540,  619,  708,  501,  608,  240,  345,  315,   39,  384,  806,  687,  486,  518,  475,  332,  292,  647,  857,  439,  478,  325,  299,  427,  450,  685,  673,  226,   79,  789,  539,  303,  633,  645,  380,  122,  418,  691,  488,  591,  122,  151,  392,  456,  607,  567,  366,  488,  405,  644,  470,  778,  282,  282,  440,  841,  694,  409,  490,  804,  542,  328,  356],
        [  305,    0,  546,  513,  901,  478,  435,  181,  275,  445,  597,  691,  664,  172,  356,  700,  648,  566,  916,   65,  254,  226,  293,  268,   39,  391,  662,  436,    0, 1026,  328,  157,  551,  101,  766,  535,   83,  732,  658,  452,  382,  427,  437,  287,  156,  395,  477,  817,  350,  211,  160,  290,  430,  128,  649,  308,  488,  141,  297,  172,  340,  454,  156,  821,  739,  815,  219,  216,  487,  215,  284,  408,  693,  157,  341,  646,  379,  338,  994,  700,  428,  593,  454,  353,  577,  674,   91,  375,  675,  560,  644,  308,  387,  186,  462,  341,  774,  533,  197,  100,  247,  409,   70,  600,  380,  288,  280,  630,  213,  532,  616,  720,  306,  413,  754,  272,   28,   47,  683,  430,  662,  404,  420,  706,  135,  485,  845,  148,  556,  168,  885,   55,  630,  553,  568,  194,  731,  177,  674,  428,  719,  105,  662,  273,  901,  155,  436,  804,  768,  430,   29,  142,  915,  772,  156,  791],
        [  815,    0,  844,  518,  189,  914,  999,  870, 1237,  760,  935,  768,  566, 1182,  672,  588,  548,  949,  110, 1086,  973,  950,  903, 1276, 1049,  642,  758,  899, 1026,    0,  822, 1178,  887, 1029,  262,  520,  943,  951,  676,  599,  645, 1075,  664, 1135,  935,  687,  699,  596,  845,  866,  983,  814,  653,  899,  960, 1114,  931,  920, 1274, 1173,  970,  785, 1081,  839,  881,  331, 1194, 1099,  768,  940,  747,  913,  826, 1181, 1005,  400, 1093,  737,   55,  340,  665,  485,  600, 1115,  630,  405, 1004,  680,  646,  935,  405,  780,  641,  927,  645,  964,  446,  535,  949,  954, 1119,  927,  961,  687,  856, 1266, 1277,  430, 1112,  607,  446,  557, 1247,  619,  848,  773, 1043,  993,  377,  756,  894,  970,  990,  361,  984,  625,  271,  879,  872,  862,  230, 1066,  399,  861,  814, 1147,  478, 1076,  357,  611,  422, 1091,  380, 1247,  127,  962,  649,  622,  438,  788, 1006,  927,  111,  376, 1061,  966],
        [   33,    0,  680,  388,  748,  200,  225,  320,  434,  118,  311,  365,  353,  494,  232,  383,  630,  744,  716,  389,  492,  453,   82,  498,  366,  324,  336,  156,  328,  822,    0,  472,  705,  266,  586,  304,  269,  436,  332,  233,  289,  280,  449,  315,  175,  139,  159,  496,  495,  360,  198,   53,  428,  261,  365,  292,  670,  339,  474,  402,  563,  128,  469,  500,  427,  710,  402,  291,  585,  138,  192,  591,  802,  466,  581,  423,  280,  106,  779,  483,  158,  516,  229,  296,  262,  424,  378,  163,  708,  733,  418,  389,  298,  397,  467,  561,  480,  465,  153,  229,  304,  155,  264,  653,  533,  467,  489,  392,  305,  236,  515,  712,  436,  330,  437,  143,  327,  329,  561,  517,  357,  185,  640,  466,  213,  482,  591,  238,  252,  271,  637,  382,  474,  246,  249,  354,  434,  484,  471,  236,  443,  331,  524,  449,  696,  187,  174,  480,  707,  539,  300,  350,  719,  499,  270,  493],
        [  452,    0,  616,  662, 1047,  595,  534,  315,  239,  589,  710,  827,  816,   34,  511,  851,  769,  609, 1069,   93,  307,  297,  423,  175,  129,  538,  800,  558,  157, 1178,  472,    0,  610,  210,  917,  692,  239,  846,  803,  609,  533,  504,  563,  328,  298,  550,  626,  966,  439,  331,  282,  440,  562,  281,  759,  362,  538,  265,  238,  137,  384,  594,  152,  951,  863,  953,  193,  269,  580,  344,  440,  466,  764,   17,  369,  802,  447,  493, 1147,  855,  584,  732,  611,  411,  728,  831,  183,  532,  779,  607,  800,  431,  537,  284,  589,  387,  930,  672,  326,  250,  291,  525,  227,  701,  460,  230,  201,  787,  258,  686,  758,  836,  277,  561,  882,  429,  149,  186,  826,  533,  782,  510,  452,  863,  262,  612, 1002,  303,  680,  316, 1042,  112,  780,  678,  700,  205,  886,  175,  829,  585,  876,  155,  809,  224, 1054,  287,  592,  951,  896,  524,  182,  262, 1067,  929,  234,  905],
        [  673,    0,   45,  489,  704,  904,  909,  411,  819,  778, 1013, 1010,  865,  589,  511,  916,  340,   63,  801,  564,  307,  327,  733,  783,  537,  432,  980,  860,  551,  887,  705,  610,    0,  639,  667,  645,  520, 1130,  929,  610,  466,  932,  305,  831,  623,  645,  765, 1027,  216,  367,  665,  653,  328,  491, 1067,  845,   78,  424,  833,  709,  228,  806,  459, 1150, 1104,  566,  764,  761,  144,  686,  517,  146,  159,  624,  247,  679,  898,  624,  885,  694,  669,  427,  618,  884,  820,  740,  464,  599,  262,   49,  683,  316,  459,  367,  305,  224,  899,  405,  675,  579,  792,  852,  546,  203,  179,  824,  805,  697,  761,  749,  470,  353,  853,  443, 1101,  563,  578,  507,  527,  200, 1048,  869,  173,  741,  643,  311,  856,  501,  949,  457,  875,  542,  563,  941,  928,  744,  876,  437,  659,  575,  820,  655,  545,  812,  798,  646,  661, 1029,  465,  171,  559,  418,  792,  848,  698, 1182],
        [  251,    0,  630,  530,  919,  390,  339,  243,  219,  382,  507,  618,  617,  235,  360,  648,  699,  658,  919,  140,  350,  319,  214,  249,  135,  416,  591,  351,  101, 1029,  266,  210,  639,    0,  774,  519,  125,  643,  596,  436,  399,  327,  488,  193,   99,  363,  424,  761,  430,  282,   73,  241,  478,  167,  558,  209,  580,  217,  251,  146,  436,  386,  254,  742,  656,  847,  169,  122,  562,  135,  285,  498,  775,  202,  439,  637,  278,  306,  993,  694,  394,  627,  436,  254,  527,  655,  189,  355,  740,  651,  633,  369,  405,  273,  513,  437,  737,  567,  117,   81,  153,  320,   98,  668,  464,  242,  250,  615,  123,  492,  644,  776,  240,  436,  674,  256,   82,  136,  706,  501,  576,  310,  517,  692,   54,  535,  827,  173,  472,  211,  870,  144,  642,  471,  491,  127,  693,  276,  672,  419,  690,   67,  680,  224,  902,   80,  405,  745,  810,  506,   83,  222,  920,  745,   60,  702],
        [  575,    0,  623,  257,  167,  709,  783,  609,  986,  545,  755,  622,  409,  921,  415,  449,  344,  729,  154,  826,  717,  692,  666, 1020,  789,  381,  603,  685,  766,  262,  586,  917,  667,  774,    0,  284,  684,  802,  521,  355,  384,  854,  412,  893,  683,  448,  487,  508,  594,  606,  733,  570,  399,  639,  789,  875,  699,  659, 1022,  917,  720,  573,  820,  727,  740,  203,  940,  852,  535,  694,  490,  670,  638,  920,  755,  176,  864,  492,  237,  123,  431,  243,  358,  882,  444,  215,  743,  433,  457,  715,  183,  522,  381,  667,  396,  714,  340,  283,  701,  697,  873,  708,  703,  477,  609, 1013, 1023,  216,  863,  400,  200,  383,  998,  358,  715,  520,  784,  732,  141,  512,  732,  750,  748,  176,  731,  378,  214,  619,  685,  601,  218,  806,  138,  674,  632,  895,  349,  816,  119,  361,  277,  835,  126,  995,  142,  711,  414,  526,  283,  546,  747,  666,  151,  263,  809,  830],
        [  296,    0,  607,  169,  449,  430,  500,  415,  721,  264,  491,  401,  222,  703,  191,  274,  430,  701,  412,  599,  568,  534,  385,  767,  565,  225,  375,  404,  535,  520,  304,  692,  645,  519,  284,    0,  453,  564,  306,   84,  200,  570,  341,  616,  423,  168,  210,  382,  489,  430,  468,  295,  318,  415,  533,  595,  645,  461,  759,  665,  603,  294,  627,  532,  515,  435,  680,  581,  502,  422,  254,  587,  684,  691,  634,  120,  580,  219,  479,  180,  148,  291,   83,  600,  201,  140,  537,  165,  537,  687,  116,  383,  204,  491,  342,  599,  268,  269,  431,  450,  600,  425,  466,  512,  519,  751,  766,   97,  594,  136,  269,  505,  729,  208,  499,  266,  547,  511,  290,  449,  485,  467,  659,  173,  471,  342,  311,  391,  419,  389,  352,  582,  192,  408,  372,  633,  236,  630,  168,  109,  197,  584,  247,  732,  394,  448,  131,  385,  460,  482,  511,  470,  416,  244,  546,  603],
        [  242,    0,  509,  431,  821,  440,  414,  119,  336,  383,  560,  634,  590,  251,  273,  629,  580,  543,  834,  146,  246,  211,  252,  344,  113,  311,  605,  397,   83,  943,  269,  239,  520,  125,  684,  453,    0,  693,  593,  371,  300,  421,  368,  314,  115,  318,  409,  747,  309,  158,  147,  225,  359,   48,  613,  325,  466,   98,  363,  243,  329,  397,  201,  768,  692,  738,  282,  245,  438,  183,  201,  383,  652,  240,  338,  563,  381,  263,  911,  617,  352,  517,  373,  364,  506,  592,  109,  295,  616,  536,  561,  246,  305,  158,  393,  329,  697,  456,  167,   60,  275,  375,   28,  544,  343,  354,  352,  549,  247,  457,  537,  655,  361,  332,  704,  193,  101,   63,  603,  377,  618,  378,  411,  624,  124,  416,  763,   65,  512,   92,  803,  130,  548,  507,  516,  246,  654,  216,  592,  346,  640,  165,  581,  337,  818,  131,  359,  736,  695,  382,   65,  105,  833,  691,  182,  751],
        [  468,    0, 1101,  721,  963,  255,  317,  755,  702,  352,  137,  185,  396,  875,  624,  365,  987, 1173,  871,  782,  926,  888,  442,  797,  771,  714,  200,  297,  732,  951,  436,  846, 1130,  643,  802,  564,  693,    0,  283,  551,  676,  372,  848,  555,  582,  489,  376,  377,  926,  795,  574,  488,  825,  693,   90,  515, 1102,  773,  739,  734,  999,  324,  886,  166,   75,  986,  702,  588, 1000,  518,  614, 1024, 1210,  835, 1016,  633,  431,  506,  898,  679,  472,  851,  543,  474,  366,  588,  800,  536, 1086, 1162,  625,  816,  685,  832,  860,  996,  507,  819,  536,  641,  577,  324,  681, 1047,  963,  737,  775,  592,  603,  429,  832, 1065,  680,  710,  114,  571,  722,  747,  849,  934,   83,  337, 1076,  629,  598,  869,  681,  671,  185,  706,  723,  783,  750,  191,  204,  664,  475,  904,  691,  579,  539,  692,  805,  724,  850,  578,  485,  348, 1022,  960,  706,  783,  881,  577,  613,   59],
        [  354,    0,  895,  473,  681,  285,  383,  612,  736,  215,  266,  101,  114,  825,  424,   91,  735,  981,  590,  719,  786,  748,  388,  814,  696,  499,   84,  293,  658,  676,  332,  803,  929,  596,  521,  306,  593,  283,    0,  320,  464,  463,  630,  595,  506,  298,  186,  171,  746,  644,  525,  369,  606,  574,  285,  560,  916,  646,  777,  725,  843,  212,  793,  227,  220,  709,  715,  596,  790,  463,  444,  848,  984,  796,  868,  355,  503,  342,  623,  399,  268,  595,  313,  539,  110,  307,  699,  341,  842,  968,  348,  633,  471,  695,  636,  840,  236,  573,  480,  559,  600,  330,  592,  814,  781,  771,  800,  316,  611,  182,  570,  809,  728,  488,  198,  418,  658,  654,  578,  730,  219,  371,  911,  347,  543,  639,  406,  548,  214,  570,  450,  712,  480,  205,  157,  668,  198,  805,  412,  355,  258,  659,  534,  754,  569,  517,  273,  151,  754,  760,  630,  656,  600,  300,  591,  310],
