{
    "name": "random-82-7308",
    "comment": "size=82 seed=7308",
    "nodes": ["+0", "-0", "+1", "-1", "+2", "-2", "+3", "-3", "+4", "-4", "+5", "-5", "+6", "-6", "+7", "-7", "+8", "-8", "+9", "-9", "+10", "-10", "+11", "-11", "+12", "-12", "+13", "-13", "+14", "-14", "+15", "-15", "+16", "-16", "+17", "-17", "+18", "-18", "+19", "-19", "+20", "-20", "+21", "-21", "+22", "-22", "+23", "-23", "+24", "-24", "+25", "-25", "+26", "-26", "+27", "-27", "+28", "-28", "+29", "-29", "+30", "-30", "+31", "-31", "+32", "-32", "+33", "-33", "+34", "-34", "+35", "-35", "+36", "-36", "+37", "-37", "+38", "-38", "+39", "-39", "+40", "-40", "+41", "-41", "+42", "-42", "+43", "-43", "+44", "-44", "+45", "-45", "+46", "-46", "+47", "-47", "+48", "-48", "+49", "-49", "+50", "-50", "+51", "-51", "+52", "-52", "+53", "-53", "+54", "-54", "+55", "-55", "+56", "-56", "+57", "-57", "+58", "-58", "+59", "-59", "+60", "-60", "+61", "-61", "+62", "-62", "+63", "-63", "+64", "-64", "+65", "-65", "+66", "-66", "+67", "-67", "+68", "-68", "+69", "-69", "+70", "-70", "+71", "-71", "+72", "-72", "+73", "-73", "+74", "-74", "+75", "-75", "+76", "-76", "+77", "-77", "+78", "-78", "+79", "-79", "+80", "-80", "+81", "-81", "+82", "-82"],
    "precedence": {
        "+0": "-0",
        "+1": "-1",
        "+2": "-2",
        "+3": "-3",
        "+4": "-4",
        "+5": "-5",
        "+6": "-6",
        "+7": "-7",
        "+8": "-8",
        "+9": "-9",
        "+10": "-10",
        "+11": "-11",
        "+12": "-12",
        "+13": "-13",
        "+14": "-14",
        "+15": "-15",
        "+16": "-16",
        "+17": "-17",
        "+18": "-18",
        "+19": "-19",
        "+20": "-20",
        "+21": "-21",
        "+22": "-22",
        "+23": "-23",
        "+24": "-24",
        "+25": "-25",
        "+26": "-26",
        "+27": "-27",
        "+28": "-28",
        "+29": "-29",
        "+30": "-30",
        "+31": "-31",
        "+32": "-32",
        "+33": "-33",
        "+34": "-34",
        "+35": "-35",
        "+36": "-36",
        "+37": "-37",
        "+38": "-38",
        "+39": "-39",
        "+40": "-40",
        "+41": "-41",
        "+42": "-42",
        "+43": "-43",
        "+44": "-44",
        "+45": "-45",
        "+46": "-46",
        "+47": "-47",
        "+48": "-48",
        "+49": "-49",
        "+50": "-50",
        "+51": "-51",
        "+52": "-52",
        "+53": "-53",
        "+54": "-54",
        "+55": "-55",
        "+56": "-56",
        "+57": "-57",
        "+58": "-58",
        "+59": "-59",
        "+60": "-60",
        "+61": "-61",
        "+62": "-62",
        "+63": "-63",
        "+64": "-64",
        "+65": "-65",
        "+66": "-66",
        "+67": "-67",
        "+68": "-68",
        "+69": "-69",
        "+70": "-70",
        "+71": "-71",
        "+72": "-72",
        "+73": "-73",
        "+74": "-74",
        "+75": "-75",
        "+76": "-76",
        "+77": "-77",
        "+78": "-78",
        "+79": "-79",
        "+80": "-80",
        "+81": "-81",
        "+82": "-82"
    },
    "edges": [
        [    0,    0,  367,  279,  564,  476,  398,  550,  682,  317,  667,  538,  700,  685,  112,  608,  585,  550,  106,  923,  690,  363,  544,  789,  450,  488,  332,  780,  986,  776,  574,  801,  361,  465,  791,  918,  774,  353,  644,  284,  646,  712,  539,  252,  355,  143,  460,  484,  552,  225,  830,  312,  190,  702, 1021,  652,  435,  222,  489,  692,  265,  204,  824,  923,  777,  536,  968,  214,  354,  284,  447,  543,  558,  667,  880,  642,  672,  229,  977,  866,  482,  576,  190,  925,  379,  231,  366,  400,  711,  936,  593,  717,  500,  750,  881,  761,  519,  438,  511,  302,  824,  153,  778,  840,  825,  575,  442,  417,  396,  370,  560,  910,  463,  630,  901,  766,  954,  781,  907,  511,  603,  617,  936,  603,  413,  359,  664,  167,  489,  514,  459,  775,  579,  563,  459,  260,  771,  683,  110,  485,  267,  398,  131,  233,  609,  717,  878,  312,  661,  557,  747,  394,  225,  323,  606,  105,  791,  729,  289,  942,  713,  909,  327,  496,  798,  418],
        [    0,    0,    0,    0,    0,    0,    0,    0,    0,    0,    0,    0,    0,    0,    0,    0,    0,    0,    0,    0,    0,    0,    0,    0,    0,    0,    0,    0,    0,    0,    0,    0,    0,    0,    0,    0,    0,    0,    0,    0,    0,    0,    0,    0,    0,    0,    0,    0,    0,    0,    0,    0,    0,    0,    0,    0,    0,    0,    0,    0,    0,    0,    0,    0,    0,    0,    0,    0,    0,    0,    0,    0,    0,    0,    0,    0,    0,    0,    0,    0,    0,    0,    0,    0,    0,    0,    0,    0,    0,    0,    0,    0,    0,    0,    0,    0,    0,    0,    0,    0,    0,    0,    0,    0,    0,    0,    0,    0,    0,    0,    0,    0,    0,    0,    0,    0,    0,    0,    0,    0,    0,    0,    0,    0,    0,    0,    0,    0,    0,    0,    0,    0,    0,    0,    0,    0,    0,    0,    0,    0,    0,    0,    0,    0,    0,    0,    0,    0,    0,    0,    0,    0,    0,    0,    0,    0,    0,    0,    0,    0,    0,    0,    0,    0,    0,    0],
        [  367,    0,    0,   90,  234,  129,  425,  190,  319,  242,  350,  174,  612,  321,  437,  639,  218,  419,  410,  559,  671,  467,  733,  534,  277,  245,  568,  507,  772,  437,  614,  449,  211,  537,  641,  614,  662,  306,  293,  362,  281,  472,  708,  219,  508,  410,  366,  447,  317,  145,  623,  451,  178,  562,  833,  298,  148,  364,  124,  334,  221,  518,  458,  664,  601,  403,  601,  472,  520,  303,  188,  239,  655,  305,  581,  384,  420,  352,  611,  705,  507,  212,  416,  565,  300,  408,  298,  593,  604,  736,  533,  461,  666,  383,  515,  396,  329,  642,  334,  584,  500,  282,  608,  529,  486,  239,  444,  574,  410,   23,  224,  620,  262,  336,  538,  688,  740,  553,  628,  173,  320,  503,  632,  323,  409,  309,  306,  275,  270,  678,  133,  513,  278,  677,  342,  328,  530,  533,  262,  580,  301,  526,  245,  471,  246,  618,  527,  522,  332,  398,  472,  312,  143,  553,  513,  321,  616,  549,  351,  717,  583,  691,  457,  400,  702,  318],
        [  279,    0,   90,    0,  301,  203,  398,  273,  408,  221,  426,  260,  604,  407,  348,  601,  308,  415,  322,  645,  646,  406,  666,  576,  298,  271,  489,  555,  804,  511,  573,  536,  212,  486,  651,  675,  662,  287,  372,  297,  368,  508,  643,  154,  440,  323,  369,  417,  344,   56,  651,  400,   90,  567,  858,  385,  202,  288,  211,  422,  160,  431,  547,  710,  618,  399,  690,  388,  450,  243,  234,  308,  603,  394,  640,  424,  458,  278,  700,  720,  465,  298,  333,  649,  291,  346,  263,  521,  601,  763,  514,  502,  601,  471,  603,  483,  361,  570,  362,  500,  568,  197,  624,  592,  560,  320,  425,  508,  365,   92,  304,  676,  271,  389,  627,  678,  772,  586,  680,  252,  368,  498,  693,  369,  390,  270,  388,  205,  307,  614,  193,  557,  347,  622,  350,  280,  567,  541,  173,  526,  257,  463,  162,  389,  335,  613,  606,  446,  411,  402,  520,  305,   59,  475,  503,  241,  634,  566,  308,  752,  586,  724,  408,  384,  698,  318],
        [  564,    0,  234,  301,    0,  106,  650,   94,  260,  471,  401,  116,  500,  169,  604,  602,  175,  324,  575,  384,  596,  518,  781,  320,  470,  144,  667,  284,  565,  213,  587,  406,  429,  548,  482,  381,  525,  530,   95,  440,  155,  273,  746,  337,  575,  560,  570,  412,  168,  347,  430,  684,  385,  422,  637,  290,  323,  475,  145,  293,  329,  668,  342,  441,  429,  312,  452,  602,  591,  381,  364,  350,  657,  257,  349,  187,  220,  460,  474,  532,  496,  114,  546,  374,  518,  641,  320,  663,  480,  538,  456,  251,  709,  246,  368,  236,  501,  711,  512,  706,  269,  438,  439,  296,  262,  301,  664,  628,  426,  218,  294,  389,  193,  116,  433,  570,  534,  352,  400,  269,  115,  394,  399,  120,  631,  336,  129,  503,  441,  718,  108,  296,  376,  686,  543,  562,  324,  391,  455,  595,  534,  574,  460,  591,  225,  496,  316,  616,  369,  287,  250,  528,  359,  652,  418,  540,  444,  383,  583,  507,  446,  486,  690,  340,  571,  528],
        [  476,    0,  129,  203,  106,    0,  546,   79,  255,  365,  352,   78,  549,  214,  528,  616,  149,  360,  500,  450,  628,  491,  760,  417,  373,  166,  621,  386,  660,  310,  597,  401,  325,  539,  554,  487,  586,  426,  170,  398,  180,  362,  729,  273,  542,  491,  471,  421,  224,  253,  518,  579,  291,  483,  727,  261,  226,  420,   62,  281,  268,  600,  374,  543,  506,  345,  505,  542,  556,  336,  269,  275,  655,  246,  454,  274,  309,  406,  520,  611,  496,  110,  485,  450,  415,  537,  297,  630,  534,  629,  487,  346,  688,  286,  418,  290,  411,  679,  420,  651,  372,  364,  515,  401,  359,  241,  560,  602,  411,  115,  230,  494,  203,  214,  461,  623,  629,  443,  504,  192,  204,  439,  504,  208,  527,  311,  189,  401,  349,  699,   37,  395,  307,  681,  444,  456,  417,  453,  367,  586,  429,  549,  364,  535,  195,  550,  405,  571,  324,  329,  351,  425,  261,  606,  457,  443,  522,  457,  478,  603,  506,  580,  584,  358,  630,  427],
        [  398,    0,  425,  398,  650,  546,    0,  581,  605,  183,  487,  558,  996,  680,  508,  960,  556,  811,  502,  889, 1023,  729,  940,  958,  221,  663,  728,  930, 1195,  834,  929,  658,  223,  826, 1049, 1028, 1057,  120,  686,  627,  637,  896,  932,  516,  737,  537,  138,  796,  736,  391, 1044,  128,  368,  965, 1253,  547,  344,  583,  512,  594,  528,  596,  745, 1087, 1015,  795,  895,  610,  739,  595,  314,  394,  933,  590,  997,  808,  844,  583,  888, 1117,  825,  589,  578,  913,  137,  187,  645,  794,  996, 1157,  900,  885,  892,  711,  821,  741,  254,  834,  236,  698,  906,  478, 1021,  941,  880,  460,   46,  803,  725,  446,  451, 1038,  669,  758,  791, 1070, 1163,  976, 1049,  430,  744,  893, 1044,  747,   34,  648,  684,  252,  276,  906,  557,  937,  409,  944,  161,  144,  954,  938,  395,  856,  152,  775,  330,  628,  546, 1007,  901,  706,  503,  800,  895,  133,  363,  719,  895,  297, 1031,  964,  112, 1141,  983, 1114,  118,  775, 1092,  145],
        [  550,    0,  190,  273,   94,   79,  581,    0,  184,  406,  309,   25,  588,  136,  606,  675,   86,  406,  578,  374,  678,  564,  833,  408,  388,  214,  699,  370,  654,  255,  658,  332,  359,  607,  575,  448,  616,  462,  107,  475,  101,  366,  800,  352,  617,  569,  491,  481,  256,  326,  522,  628,  362,  513,  728,  203,  243,  498,   71,  214,  347,  679,  295,  524,  522,  392,  426,  621,  632,  413,  281,  258,  721,  177,  420,  280,  313,  484,  442,  626,  560,   32,  564,  377,  446,  593,  368,  706,  570,  629,  537,  343,  761,  207,  339,  213,  414,  755,  426,  730,  326,  442,  532,  362,  303,  208,  590,  676,  481,  181,  200,  463,  259,  207,  384,  660,  624,  444,  478,  179,  209,  480,  465,  213,  559,  383,  117,  463,  354,  772,  110,  384,  283,  748,  462,  506,  415,  482,  441,  655,  477,  622,  433,  614,  136,  586,  338,  649,  278,  371,  337,  454,  330,  684,  502,  510,  538,  476,  525,  596,  537,  576,  632,  413,  662,  452],
        [  682,    0,  319,  408,  260,  255,  605,  184,    0,  461,  181,  178,  758,  128,  755,  858,  108,  583,  729,  284,  855,  745, 1014,  525,  387,  396,  872,  478,  764,  297,  841,  149,  402,  791,  727,  503,  777,  498,  197,  651,  112,  504,  983,  519,  796,  727,  486,  665,  428,  463,  653,  684,  494,  675,  847,   64,  278,  668,  209,   36,  517,  836,  147,  616,  669,  571,  298,  785,  810,  590,  296,  214,  905,   16,  487,  430,  456,  655,  300,  768,  744,  154,  728,  312,  472,  670,  551,  884,  736,  751,  715,  474,  943,  113,  218,  151,  379,  933,  396,  896,  377,  598,  681,  425,  329,  147,  600,  856,  664,  323,  155,  533,  442,  350,  220,  827,  737,  574,  558,  186,  364,  654,  516,  369,  577,  565,  164,  562,  335,  954,  290,  501,  211,  932,  457,  573,  541,  645,  580,  838,  543,  804,  555,  781,   74,  753,  318,  823,  147,  547,  452,  474,  458,  857,  677,  621,  683,  628,  582,  705,  700,  693,  684,  595,  824,  462],
        [  317,    0,  242,  221,  471,  365,  183,  406,  461,    0,  384,  385,  824,  516,  424,  807,  394,  636,  409,  739,  861,  590,  826,  776,  135,  481,  625,  748, 1012,  661,  777,  543,   61,  681,  870,  850,  882,   67,  513,  482,  473,  713,  812,  355,  609,  433,  160,  632,  554,  225,  862,  226,  212,  787, 1072,  410,  184,  450,  337,  457,  365,  518,  606,  906,  835,  619,  758,  508,  615,  440,  169,  268,  794,  445,  819,  626,  661,  446,  756,  937,  670,  419,  464,  757,   75,  213,  478,  678,  821,  975,  732,  702,  770,  558,  678,  583,  203,  722,  194,  611,  731,  342,  841,  764,  709,  322,  205,  678,  569,  263,  310,  859,  489,  577,  665,  898,  981,  793,  868,  276,  562,  719,  867,  565,  170,  483,  515,  151,  180,  783,  375,  755,  296,  808,  149,  114,  772,  760,  267,  716,   84,  642,  204,  520,  393,  833,  736,  592,  389,  622,  713,   91,  196,  613,  723,  218,  850,  783,  122,  958,  806,  932,  228,  604,  918,  110],
        [  667,    0,  350,  426,  401,  352,  487,  309,  181,  384,    0,  291,  896,  305,  759,  966,  227,  709,  736,  438,  980,  815, 1082,  696,  271,  515,  914,  651,  939,  477,  945,  172,  325,  878,  882,  684,  925,  399,  363,  711,  279,  666, 1056,  568,  857,  744,  354,  770,  564,  474,  819,  588,  494,  821, 1019,  122,  233,  711,  291,  151,  570,  848,  281,  793,  827,  695,  422,  812,  869,  651,  222,  124,  996,  172,  667,  585,  615,  701,  408,  929,  841,  288,  758,  475,  368,  594,  635,  942,  878,  921,  838,  639, 1014,  289,  361,  329,  237,  991,  255,  924,  557,  621,  838,  604,  509,  114,  471,  923,  750,  364,  128,  713,  555,  507,  309,  968,  911,  740,  737,  178,  514,  787,  696,  519,  455,  648,  336,  518,  215, 1027,  387,  671,   90, 1020,  328,  495,  708,  790,  580,  923,  467,  874,  537,  814,  179,  894,  494,  869,   35,  677,  622,  364,  458,  900,  806,  585,  842,  782,  494,  879,  845,  865,  585,  709,  970,  346],
        [  538,    0,  174,  260,  116,   78,  558,   25,  178,  385,  291,    0,  606,  147,  598,  687,   73,  421,  570,  386,  693,  568,  837,  432,  364,  228,  699,  394,  678,  277,  669,  324,  336,  615,  596,  472,  636,  439,  129,  476,  109,  389,  806,  349,  620,  563,  467,  492,  274,  314,  545,  607,  349,  532,  751,  189,  219,  496,   52,  205,  345,  673,  298,  548,  544,  407,  434,  617,  634,  414,  258,  234,  729,  169,  444,  303,  335,  483,  447,  647,  570,   39,  560,  391,  423,  574,  374,  708,  588,  653,  551,  366,  766,  214,  346,  224,  390,  757,  402,  727,  349,  435,  554,  385,  324,  186,  567,  680,  488,  168,  178,  487,  271,  230,  384,  678,  648,  467,  502,  155,  231,  497,  488,  235,  536,  388,  134,  446,  330,  777,  113,  408,  260,  756,  438,  486,  438,  501,  430,  662,  457,  627,  419,  611,  122,  604,  356,  649,  260,  388,  361,  430,  316,  684,  517,  494,  559,  497,  504,  620,  556,  600,  611,  426,  681,  428],
        [  700,    0,  612,  604,  500,  549,  996,  588,  758,  824,  896,  606,    0,  649,  653,  210,  673,  194,  631,  783,  129,  375,  494,  341,  888,  384,  536,  381,  368,  560,  226,  900,  812,  298,  138,  516,   81,  890,  568,  418,  649,  297,  450,  484,  424,  590,  970,  216,  333,  605,  255,  968,  630,  101,  362,  789,  755,  483,  610,  792,  472,  648,  812,  411,  179,  210,  874,  569,  438,  420,  798,  822,  321,  756,  484,  339,  324,  473,  908,  203,  244,  612,  543,  746,  894,  896,  353,  470,   36,  308,  108,  332,  436,  718,  808,  692,  941,  494,  946,  609,  530,  555,  168,  499,  580,  788, 1026,  418,  306,  590,  777,  475,  353,  416,  899,   76,  345,  281,  446,  740,  397,  111,  529,  392,  991,  353,  606,  761,  880,  436,  516,  352,  855,  352,  949,  863,  307,  125,  631,  321,  847,  383,  685,  543,  723,   27,  661,  498,  865,  220,  378,  908,  634,  527,  102,  752,  179,  175,  894,  354,   81,  321,  980,  221,   99,  920],
        [  685,    0,  321,  407,  169,  214,  680,  136,  128,  516,  305,  147,  649,    0,  742,  766,  124,  485,  713,  239,  753,  684,  949,  399,  470,  312,  827,  351,  637,  174,  753,  255,  462,  716,  607,  382,  661,  564,   81,  601,   43,  382,  914,  485,  740,  704,  573,  579,  327,  461,  528,  742,  496,  561,  720,  183,  337,  629,  198,  162,  479,  813,  174,  489,  548,  474,  292,  754,  755,  540,  368,  309,  825,  134,  363,  313,  336,  615,  311,  644,  663,  109,  696,  246,  544,  714,  486,  828,  624,  624,  616,  350,  876,   78,  206,   77,  478,  876,  493,  861,  254,  577,  560,  300,  212,  242,  682,  795,  594,  315,  244,  409,  361,  233,  265,  714,  610,  449,  433,  251,  253,  548,  396,  258,  654,  501,   44,  591,  425,  886,  240,  375,  318,  854,  544,  623,  416,  531,  577,  763,  593,  740,  566,  745,  144,  641,  221,  776,  270,  446,  326,  549,  463,  812,  574,  641,  562,  508,  638,  578,  585,  566,  744,  506,  708,  541],
        [  112,    0,  437,  348,  604,  528,  508,  606,  755,  424,  759,  598,  653,  742,    0,  534,  653,  527,   30,  978,  625,  291,  438,  790,  556,  506,  225,  788,  967,  812,  500,  882,  464,  390,  758,  934,  731,  463,  691,  240,  706,  712,  437,  269,  268,   63,  571,  440,  561,  293,  813,  416,  266,  671,  993,  731,  526,  174,  553,  769,  280,   94,  892,  922,  753,  515, 1031,  111,  263,  264,  543,  635,  471,  741,  895,  651,  678,  187, 1044,  833,  420,  635,  111,  975,  489,  335,  352,  299,  669,  913,  546,  722,  400,  811,  944,  818,  626,  333,  618,  191,  852,  167,  752,  862,  860,  661,  553,  323,  348,  434,  645,  920,  472,  653,  974,  713,  936,  773,  913,  594,  624,  584,  952,  623,  524,  341,  716,  277,  592,  414,  505,  779,  673,  471,  568,  371,  768,  656,  180,  402,  378,  314,  227,  135,  682,  673,  920,  213,  749,  542,  757,  504,  303,  217,  567,  216,  765,  708,  400,  928,  678,  894,  431,  469,  749,  528],
        [  608,    0,  639,  601,  602,  616,  960,  675,  858,  807,  966,  687,  210,  766,  534,    0,  759,  285,  519,  938,  107,  246,  286,  530,  898,  462,  367,  563,  575,  715,   35, 1005,  811,  144,  348,  709,  281,  870,  686,  335,  756,  471,  243,  453,  271,  476,  964,  197,  441,  583,  462,  907,  597,  296,  561,  875,  786,  388,  676,  888,  444,  504,  939,  616,  385,  294, 1024,  432,  281,  368,  825,  872,  114,  852,  674,  484,  481,  384, 1054,  408,  137,  705,  426,  908,  881,  828,  342,  289,  244,  516,  161,  503,  233,  842,  949,  823,  960,  301,  961,  441,  701,  486,  375,  679,  744,  853,  997,  240,  238,  619,  840,  671,  417,  549, 1029,  228,  554,  476,  645,  795,  522,  245,  723,  517,  962,  333,  724,  711,  904,  231,  580,  536,  909,  143,  948,  819,  496,  309,  569,  140,  809,  224,  632,  405,  808,  236,  825,  341,  940,  325,  551,  897,  612,  361,  212,  684,  387,  370,  851,  564,  283,  530,  921,  263,  272,  913],
        [  585,    0,  218,  308,  175,  149,  556,   86,  108,  394,  227,   73,  673,  124,  653,  759,    0,  491,  626,  350,  763,  638,  908,  476,  348,  299,  764,  434,  721,  287,  741,  253,  339,  687,  656,  491,  699,  441,  148,  544,   82,  441,  877,  412,  689,  622,  452,  564,  340,  363,  596,  620,  395,  596,  799,  118,  214,  561,  102,  133,  410,  731,  240,  583,  601,  477,  385,  679,  703,  482,  245,  195,  801,   98,  468,  359,  389,  548,  393,  703,  642,   62,  622,  364,  420,  595,  445,  777,  654,  700,  622,  415,  837,  169,  299,  190,  361,  826,  375,  790,  364,  493,  612,  406,  329,  134,  559,  750,  559,  219,  131,  513,  343,  281,  322,  744,  692,  517,  532,  129,  288,  565,  507,  293,  531,  459,  133,  477,  306,  848,  184,  452,  212,  828,  423,  502,  486,  565,  480,  733,  472,  697,  460,  674,   51,  670,  345,  715,  194,  456,  403,  425,  360,  750,  587,  531,  616,  556,  516,  662,  620,  645,  622,  498,  745,  419],
        [  550,    0,  419,  415,  324,  360,  811,  406,  583,  636,  709,  421,  194,  485,  527,  285,  491,    0,  501,  655,  273,  297,  513,  290,  696,  195,  473,  308,  441,  434,  276,  729,  621,  273,  245,  463,  247,  702,  404,  289,  477,  216,  472,  312,  359,  465,  779,  125,  158,  423,  287,  794,  452,  157,  472,  608,  562,  353,  421,  616,  298,  546,  656,  410,  229,   17,  740,  466,  376,  268,  605,  631,  360,  579,  424,  204,  209,  340,  770,  318,  209,  433,  425,  627,  704,  725,  185,  433,  186,  388,  133,  241,  442,  560,  665,  539,  748,  472,  753,  537,  429,  398,  229,  415,  467,  600,  840,  385,  198,  397,  589,  434,  160,  265,  746,  269,  410,  257,  416,  549,  238,   84,  479,  233,  804,  191,  442,  586,  687,  448,  326,  287,  665,  392,  757,  683,  261,  135,  466,  317,  665,  334,  512,  443,  541,  199,  547,  425,  680,   41,  287,  718,  450,  461,   98,  586,  242,  182,  714,  402,  172,  368,  805,   60,  284,  729],
        [  106,    0,  410,  322,  575,  500,  502,  578,  729,  409,  736,  570,  631,  713,   30,  519,  626,  501,    0,  950,  607,  274,  439,  762,  539,  477,  227,  760,  941,  783,  485,  857,  447,  375,  734,  905,  709,  451,  663,  215,  678,  684,  435,  240,  256,   44,  559,  417,  532,  268,  787,  416,  243,  646,  968,  706,  503,  150,  526,  743,  250,  113,  865,  894,  728,  489, 1003,  109,  253,  236,  522,  613,  460,  715,  867,  623,  649,  162, 1016,  809,  401,  607,   94,  946,  476,  335,  324,  296,  646,  888,  524,  694,  396,  784,  916,  790,  609,  333,  602,  202,  822,  138,  727,  833,  831,  637,  547,  315,  326,  407,  621,  892,  443,  624,  947,  693,  910,  746,  885,  570,  595,  559,  924,  594,  516,  314,  687,  264,  573,  410,  477,  750,  651,  463,  555,  363,  741,  631,  157,  390,  368,  302,  209,  129,  656,  651,  891,  209,  726,  515,  728,  492,  279,  218,  544,  207,  740,  682,  393,  901,  654,  867,  431,  443,  728,  515],
        [  923,    0,  559,  645,  384,  450,  889,  374,  284,  739,  438,  386,  783,  239,  978,  938,  350,  655,  950,    0,  903,  896, 1152,  464,  670,  517, 1050,  415,  652,  225,  931,  293,  681,  913,  704,  348,  773,  780,  290,  823,  279,  487, 1114,  717,  955,  938,  769,  767,  506,  699,  594,  964,  735,  685,  742,  345,  556,  857,  435,  300,  710, 1047,  159,  493,  641,  649,   95,  984,  971,  764,  578,  497, 1012,  300,  354,  455,  462,  843,  134,  717,  854,  347,  927,   52,  755,  944,  700, 1042,  752,  661,  779,  452, 1079,  182,   82,  163,  660, 1089,  677, 1089,  263,  812,  654,  307,  206,  430,  884, 1004,  799,  554,  438,  394,  565,  392,  182,  836,  633,  526,  428,  464,  422,  700,  351,  426,  860,  716,  263,  825,  618, 1087,  474,  445,  491, 1043,  740,  849,  493,  659,  815,  960,  819,  949,  804,  974,  346,  769,  130,  998,  410,  615,  409,  757,  701, 1035,  731,  877,  651,  617,  861,  598,  708,  600,  965,  691,  819,  746],
        [  690,    0,  671,  646,  596,  628, 1023,  678,  855,  861,  980,  693,  129,  753,  625,  107,  763,  273,  607,  903,    0,  335,  388,  468,  941,  466,  470,  507,  480,  679,  136, 1001,  858,  238,  259,  645,  186,  925,  672,  409,  748,  421,  345,  508,  370,  565, 1014,  230,  429,  637,  381,  980,  656,  228,  459,  880,  818,  468,  689,  888,  497,  602,  921,  537,  306,  286,  992,  528,  381,  430,  859,  896,  218,  851,  612,  452,  442,  462, 1025,  311,  208,  705,  515,  868,  934,  903,  384,  395,  165,  422,  142,  455,  339,  826,  923,  802,  998,  408, 1002,  545,  654,  558,  294,  625,  702,  869, 1058,  344,  301,  650,  857,  603,  426,  525, 1010,  125,  461,  409,  574,  815,  502,  206,  657,  497, 1022,  379,  710,  778,  940,  336,  593,  479,  931,  245,  995,  884,  434,  248,  639,  244,  872,  323,  699,  501,  813,  151,  784,  441,  951,  309,  501,  949,  666,  464,  179,  758,  305,  303,  916,  475,  209,  443,  993,  274,  169,  963],
        [  363,    0,  467,  406,  518,  491,  729,  564,  745,  590,  815,  568,  375,  684,  291,  246,  638,  297,  274,  896,  335,    0,  270,  586,  696,  380,  177,  600,  717,  690,  212,  891,  604,  103,  494,  755,  455,  648,  612,  110,  661,  511,  242,  253,   63,  231,  749,  180,  400,  374,  573,  666,  379,  413,  729,  746,  606,  147,  541,  770,  248,  274,  855,  705,  503,  292,  969,  196,   80,  165,  640,  706,  206,  736,  716,  479,  494,  147,  992,  568,  133,  596,  181,  878,  664,  586,  199,  147,  396,  660,  270,  532,  200,  761,  885,  753,  763,  194,  761,  243,  704,  252,  499,  699,  731,  703,  768,  112,  103,  452,  688,  729,  331,  514,  946,  429,  689,  552,  713,  638,  482,  327,  772,  479,  734,  183,  646,  477,  712,  212,  456,  582,  745,  220,  736,  586,  558,  406,  334,  128,  579,   60,  400,  169,  683,  397,  806,  130,  794,  327,  576,  680,  401,  165,  303,  443,  512,  466,  618,  688,  414,  653,  680,  239,  467,  699],
        [  544,    0,  733,  666,  781,  760,  940,  833, 1014,  826, 1082,  837,  494,  949,  438,  286,  908,  513,  439, 1152,  388,  270,    0,  792,  944,  640,  214,  817,  861,  938,  268, 1160,  850,  242,  632,  970,  567,  877,  874,  372,  927,  724,   44,  516,  226,  404,  983,  391,  647,  627,  741,  853,  623,  572,  846, 1015,  867,  382,  810, 1040,  513,  364, 1122,  891,  664,  515, 1230,  331,  216,  432,  898,  970,  174, 1005,  932,  714,  721,  389, 1254,  694,  304,  864,  364, 1130,  898,  772,  465,  149,  527,  802,  423,  752,   73, 1027, 1147, 1016, 1013,  107, 1009,  266,  941,  487,  656,  927,  975,  971,  983,  160,  355,  719,  956,  936,  590,  763, 1212,  512,  838,  745,  914,  905,  732,  505,  985,  728,  951,  450,  910,  694,  966,   66,  725,  794, 1010,  144,  974,  798,  760,  579,  559,  197,  799,  211,  624,  313,  952,  520, 1053,  235, 1063,  551,  799,  914,  651,  222,  472,  644,  668,  643,  829,  847,  563,  813,  868,  466,  556,  935],
        [  789,    0,  534,  576,  320,  417,  958,  408,  525,  776,  696,  432,  341,  399,  790,  530,  476,  290,  762,  464,  468,  586,  792,    0,  788,  309,  762,   51,  247,  255,  534,  645,  741,  557,  242,  180,  314,  839,  333,  564,  418,   79,  749,  537,  648,  732,  888,  413,  239,  608,  134,  976,  645,  241,  324,  575,  641,  623,  464,  560,  524,  824,  530,  135,  179,  295,  558,  745,  666,  527,  683,  665,  628,  529,  145,  153,  119,  609,  595,  256,  493,  417,  699,  421,  831,  920,  440,  722,  306,  226,  373,   75,  724,  449,  505,  413,  820,  760,  831,  823,  201,  640,  192,  163,  259,  610,  976,  674,  485,  514,  605,  145,  326,  205,  608,  382,  217,   64,  127,  586,  215,  289,  194,  212,  942,  452,  362,  778,  760,  728,  402,   25,  687,  660,  861,  855,   35,  223,  689,  598,  830,  623,  717,  725,  520,  321,  336,  713,  661,  260,   74,  841,  628,  749,  322,  798,  189,  166,  880,  188,  261,  170,  983,  347,  359,  844],
        [  450,    0,  277,  298,  470,  373,  221,  388,  387,  135,  271,  364,  888,  470,  556,  898,  348,  696,  539,  670,  941,  696,  944,  788,    0,  519,  749,  754, 1032,  633,  870,  440,   95,  781,  916,  834,  938,  130,  488,  587,  429,  735,  927,  449,  722,  560,  104,  712,  588,  322,  890,  317,  322,  839, 1100,  328,  148,  563,  326,  374,  457,  649,  525,  910,  874,  679,  675,  634,  730,  538,  107,  174,  897,  371,  807,  646,  681,  557,  668,  978,  762,  390,  587,  696,   98,  330,  559,  796,  881, 1001,  805,  718,  884,  495,  601,  527,   71,  842,   66,  740,  709,  458,  881,  748,  677,  241,  214,  791,  662,  300,  233,  851,  539,  584,  572,  963, 1001,  815,  866,  220,  577,  779,  850,  580,  191,  567,  480,  285,   57,  898,  394,  766,  190,  915,   75,  232,  790,  809,  391,  820,  207,  751,  331,  644,  331,  894,  690,  713,  284,  675,  720,   93,  296,  736,  788,  352,  889,  823,  226,  975,  859,  953,  314,  673,  978,   77],
        [  488,    0,  245,  271,  144,  166,  663,  214,  396,  481,  515,  228,  384,  312,  506,  462,  299,  195,  477,  517,  466,  380,  640,  309,  519,    0,  537,  294,  534,  318,  446,  544,  455,  405,  397,  431,  424,  547,  235,  312,  296,  238,  604,  239,  439,  454,  610,  270,   74,  299,  382,  670,  336,  322,  591,  416,  379,  356,  227,  427,  228,  557,  485,  444,  356,  180,  591,  485,  455,  258,  422,  439,  514,  390,  393,  157,  190,  341,  615,  460,  353,  243,  431,  500,  543,  612,  185,  526,  370,  494,  324,  235,  567,  389,  508,  377,  565,  573,  573,  583,  348,  344,  363,  357,  362,  406,  685,  489,  285,  223,  395,  423,   50,  149,  576,  458,  502,  316,  421,  357,  119,  274,  450,  118,  651,  201,  271,  469,  504,  576,  133,  292,  472,  543,  586,  550,  298,  292,  384,  452,  527,  434,  409,  471,  349,  385,  431,  485,  486,  164,  260,  556,  321,  522,  292,  490,  372,  305,  577,  482,  344,  453,  678,  200,  466,  563],
        [  332,    0,  568,  489,  667,  621,  728,  699,  872,  625,  914,  699,  536,  827,  225,  367,  764,  473,  227, 1050,  470,  177,  214,  762,  749,  537,    0,  775,  889,  853,  335, 1012,  655,  239,  663,  929,  616,  672,  761,  228,  799,  686,  216,  353,  117,  194,  779,  356,  568,  443,  748,  640,  432,  585,  896,  862,  688,  205,  663,  893,  356,  155,  994,  881,  677,  468, 1118,  119,  100,  287,  715,  796,  276,  860,  890,  650,  667,  218, 1137,  735,  294,  731,  162, 1036,  695,  559,  353,   85,  561,  832,  436,  706,  182,  904, 1032,  900,  819,  109,  813,   75,  873,  296,  672,  871,  896,  806,  772,  128,  278,  557,  791,  904,  491,  679, 1082,  580,  862,  728,  889,  739,  647,  501,  946,  644,  742,  338,  793,  486,  776,  195,  590,  758,  835,  268,  773,  588,  734,  580,  359,  227,  591,  154,  421,  105,  804,  560,  968,   52,  898,  503,  749,  711,  464,   16,  475,  433,  685,  641,  618,  862,  584,  827,  655,  415,  621,  733],
        [  780,    0,  507,  555,  284,  386,  930,  370,  478,  748,  651,  394,  381,  351,  788,  563,  434,  308,  760,  415,  507,  600,  817,   51,  754,  294,  775,    0,  289,  204,  564,  596,  710,  579,  289,  155,  360,  810,  289,  569,  373,   94,  775,  529,  662,  732,  854,  432,  229,  590,  184,  953,  628,  281,  369,  530,  606,  626,  428,  513,  517,  828,  480,  158,  226,  310,  509,  750,  680,  528,  648,  624,  656,  483,  117,  139,  112,  611,  546,  307,  515,  376,  702,  373,  800,  901,  442,  740,  347,  273,  404,   69,  748,  399,  455,  363,  783,  780,  794,  833,  153,  633,  240,  119,  210,  568,  946,  692,  498,  487,  563,  133,  318,  172,  557,  426,  260,  112,  127,  548,  188,  319,  172,  187,  912,  455,  316,  759,  723,  752,  374,   30,  645,  689,  827,  831,   79,  259,  677,  622,  805,  641,  701,  731,  476,  363,  287,  725,  616,  274,   36,  810,  609,  762,  352,  783,  237,  208,  856,  230,  302,  215,  960,  362,  406,  812],
        [  986,    0,  772,  804,  565,  660, 1195,  654,  764, 1012,  939,  678,  368,  637,  967,  575,  721,  441,  941,  652,  480,  717,  861,  247, 1032,  534,  889,  289,    0,  477,  593,  875,  981,  657,  231,  306,  296, 1077,  577,  729,  661,  300,  817,  739,  774,  905, 1130,  539,  460,  828,  157, 1202,  863,  305,   91,  817,  885,  793,  708,  799,  725,  982,  749,  160,  215,  453,  745,  901,  790,  707,  927,  911,  687,  770,  300,  388,  353,  780,  785,  170,  597,  663,  864,  603, 1070, 1142,  621,  831,  336,   60,  455,  315,  803,  678,  709,  639, 1066,  859, 1076,  959,  404,  834,  219,  355,  464,  855, 1215,  779,  628,  750,  851,  259,  538,  450,  817,  359,   33,  220,  225,  833,  456,  391,  305,  453, 1180,  629,  603,  999, 1005,  803,  642,  271,  933,  718, 1104, 1084,  243,  314,  895,  686, 1060,  738,  932,  877,  764,  341,  525,  846,  904,  429,  319, 1082,  852,  879,  415, 1011,  205,  259, 1111,   60,  306,   81, 1211,  498,  317, 1085],
        [  776,    0,  437,  511,  213,  310,  834,  255,  297,  661,  477,  277,  560,  174,  812,  715,  287,  434,  783,  225,  679,  690,  938,  255,  633,  318,  853,  204,  477,    0,  709,  399,  612,  697,  488,  208,  553,  716,  149,  629,  209,  266,  899,  543,  751,  765,  736,  550,  292,  559,  388,  883,  597,  463,  563,  356,  492,  672,  326,  330,  534,  870,  277,  323,  425,  429,  315,  801,  768,  575,  528,  479,  793,  306,  190,  231,  238,  657,  349,  510,  637,  245,  746,  194,  698,  845,  501,  837,  530,  471,  556,  230,  866,  202,  253,  163,  647,  882,  661,  900,   81,  646,  438,  128,   50,  414,  841,  796,  590,  424,  414,  237,  363,  177,  354,  615,  452,  314,  263,  414,  209,  476,  222,  212,  811,  516,  154,  711,  592,  873,  319,  233,  491,  825,  708,  761,  280,  436,  667,  744,  732,  741,  671,  787,  316,  546,  116,  801,  442,  394,  191,  705,  569,  839,  507,  751,  437,  397,  779,  418,  486,  411,  887,  473,  600,  701],
        [  574,    0,  614,  573,  587,  597,  929,  658,  841,  777,  945,  669,  226,  753,  500,   35,  741,  276,  485,  931,  136,  212,  268,  534,  870,  446,  335,  564,  593,  709,    0,  989,  782,  110,  364,  713,  302,  839,  674,  303,  741,  472,  225,  424,  238,  442,  934,  177,  430,  554,  474,  874,  567,  306,  583,  856,  760,  355,  655,  871,  415,  470,  926,  626,  397,  283, 1015,  398,  248,  337,  799,  849,   96,  835,  677,  479,  478,  351, 1045,  428,  109,  688,  391,  902,  851,  795,  316,  259,  259,  534,  162,  503,  211,  830,  939,  811,  933,  274,  934,  409,  699,  453,  388,  679,  740,  831,  966,  208,  209,  594,  818,  677,  399,  540, 1017,  253,  571,  483,  652,  772,  512,  246,  728,  508,  931,  306,  711,  679,  877,  210,  560,  539,  886,  128,  918,  787,  501,  315,  537,  108,  777,  190,  600,  371,  790,  252,  821,  308,  919,  317,  551,  867,  582,  329,  213,  650,  400,  378,  819,  579,  295,  545,  888,  248,  296,  883],
        [  801,    0,  449,  536,  406,  401,  658,  332,  149,  543,  172,  324,  900,  255,  882, 1005,  253,  729,  857,  293, 1001,  891, 1160,  645,  440,  544, 1012,  596,  875,  399,  989,    0,  482,  939,  861,  591,  915,  565,  333,  795,  253,  635, 1129,  659,  940,  859,  525,  813,  573,  590,  777,  755,  617,  815,  961,  152,  372,  808,  351,  121,  658,  966,  139,  720,  801,  717,  258,  921,  954,  733,  375,  275, 1053,  156,  583,  567,  590,  795,  239,  896,  892,  302,  864,  337,  535,  755,  697, 1028,  877,  868,  862,  603, 1089,  198,  211,  236,  409, 1077,  427, 1032,  473,  731,  813,  523,  417,  227,  642, 1002,  812,  457,  242,  629,  590,  487,  139,  967,  850,  699,  658,  290,  504,  798,  601,  509,  626,  712,  297,  665,  383, 1100,  437,  622,  251, 1080,  499,  655,  665,  784,  704,  986,  626,  949,  670,  919,  209,  894,  378,  964,  157,  692,  575,  532,  580,  997,  822,  728,  815,  762,  658,  816,  839,  808,  752,  743,  962,  515],
        [  361,    0,  211,  212,  429,  325,  223,  359,  402,   61,  325,  336,  812,  462,  464,  811,  339,  621,  447,  681,  858,  604,  850,  741,   95,  455,  655,  710,  981,  612,  782,  482,    0,  691,  849,  805,  866,  104,  464,  495,  419,  681,  833,  359,  629,  466,  159,  628,  527,  231,  833,  284,  228,  769, 1043,  351,  126,  470,  290,  397,  367,  557,  547,  868,  811,  605,  699,  541,  636,  448,  109,  208,  806,  386,  775,  593,  628,  464,  696,  914,  674,  368,  493,  701,   90,  273,  475,  702,  807,  946,  725,  668,  790,  501,  619,  527,  164,  748,  160,  647,  684,  364,  817,  719,  659,  262,  236,  698,  573,  233,  250,  817,  468,  539,  605,  887,  949,  762,  828,  218,  527,  705,  822,  529,  203,  481,  463,  199,  129,  804,  339,  719,  237,  823,  138,  174,  739,  741,  297,  728,  144,  658,  238,  550,  336,  820,  683,  619,  329,  604,  675,  101,  203,  642,  711,  267,  826,  759,  181,  925,  789,  900,  284,  594,  904,  109],
        [  465,    0,  537,  486,  548,  539,  826,  607,  791,  681,  878,  615,  298,  716,  390,  144,  687,  273,  375,  913,  238,  103,  242,  557,  781,  405,  239,  579,  657,  697,  110,  939,  691,    0,  428,  733,  378,  741,  639,  200,  698,  487,  202,  333,  132,  332,  839,  150,  407,  461,  522,  767,  469,  355,  659,  799,  680,  247,  594,  819,  326,  364,  889,  665,  448,  274,  992,  290,  145,  244,  717,  775,  119,  783,  695,  473,  481,  245, 1018,  498,   65,  638,  282,  889,  755,  688,  244,  175,  325,  598,  203,  513,  170,  794,  911,  780,  846,  206,  846,  313,  700,  350,  442,  687,  734,  765,  865,  123,  129,  519,  751,  702,  355,  522,  980,  342,  631,  515,  682,  702,  491,  276,  749,  487,  830,  231,  676,  575,  792,  177,  503,  557,  814,  142,  825,  684,  526,  355,  433,   48,  676,   87,  497,  263,  734,  323,  812,  205,  855,  310,  560,  771,  489,  231,  246,  544,  455,  418,  716,  634,  351,  599,  781,  225,  383,  789],
        [  791,    0,  641,  651,  482,  554, 1049,  575,  727,  870,  882,  596,  138,  607,  758,  348,  656,  245,  734,  704,  259,  494,  632,  242,  916,  397,  663,  289,  231,  488,  364,  861,  849,  428,    0,  404,   79,  937,  531,  519,  616,  227,  588,  556,  548,  695, 1006,  320,  330,  664,  127, 1037,  694,   89,  236,  767,  775,  585,  611,  762,  542,  764,  757,  282,   63,  260,  797,  683,  564,  508,  818,  825,  459,  727,  376,  299,  272,  573,  834,   76,  369,  594,  652,  662,  936,  969,  428,  602,  106,  172,  227,  261,  573,  668,  740,  636,  961,  629,  969,  734,  442,  640,   50,  404,  498,  782, 1075,  550,  412,  618,  773,  358,  382,  378,  839,  149,  207,  179,  326,  743,  368,  175,  413,  363, 1040,  433,  566,  830,  900,  573,  526,  259,  855,  490,  982,  925,  211,  112,  710,  456,  905,  510,  756,  658,  704,  112,  576,  622,  849,  250,  297,  949,  691,  653,  193,  830,   54,  100,  954,  217,   81,  184, 1048,  295,  119,  957],
        [  918,    0,  614,  675,  381,  487, 1028,  448,  503,  850,  684,  472,  516,  382,  934,  709,  491,  463,  905,  348,  645,  755,  970,  180,  834,  431,  929,  155,  306,  208,  713,  591,  805,  733,  404,    0,  481,  908,  347,  721,  416,  247,  928,  670,  817,  880,  937,  586,  374,  716,  279, 1065,  755,  418,  396,  564,  690,  775,  516,  535,  658,  978,  458,  149,  345,  465,  440,  901,  835,  677,  728,  685,  807,  512,   40,  285,  263,  760,  480,  396,  669,  444,  851,  298,  893, 1019,  592,  895,  481,  321,  552,  224,  901,  402,  410,  361,  852,  934,  866,  987,  128,  775,  358,   87,  177,  621, 1038,  847,  653,  598,  621,   50,  463,  290,  518,  550,  290,  236,   85,  617,  315,  468,   19,  315, 1006,  605,  360,  880,  796,  905,  485,  177,  698,  839,  909,  942,  214,  402,  812,  775,  915,  795,  829,  883,  523,  496,  223,  879,  649,  429,  181,  901,  732,  916,  501,  911,  351,  343,  964,  255,  436,  262, 1070,  517,  522,  899],
