{
    "name": "random-33-12254",
    "comment": "size=33 seed=12254",
    "nodes": ["+0", "-0", "+1", "-1", "+2", "-2", "+3", "-3", "+4", "-4", "+5", "-5", "+6", "-6", "+7", "-7", "+8", "-8", "+9", "-9", "+10", "-10", "+11", "-11", "+12", "-12", "+13", "-13", "+14", "-14", "+15", "-15", "+16", "-16", "+17", "-17", "+18", "-18", "+19", "-19", "+20", "-20", "+21", "-21", "+22", "-22", "+23", "-23", "+24", "-24", "+25", "-25", "+26", "-26", "+27", "-27", "+28", "-28", "+29", "-29", "+30", "-30", "+31", "-31", "+32", "-32", "+33", "-33"],
    "precedence": {
        "+0": "-0",
        "+1": "-1",
        "+2": "-2",
        "+3": "-3",
        "+4": "-4",
        "+5": "-5",
        "+6": "-6",
        "+7": "-7",
        "+8": "-8",
        "+9": "-9",
        "+10": "-10",
        "+11": "-11",
        "+12": "-12",
        "+13": "-13",
        "+14": "-14",
        "+15": "-15",
        "+16": "-16",
        "+17": "-17",
        "+18": "-18",
        "+19": "-19",
        "+20": "-20",
        "+21": "-21",
        "+22": "-22",
        "+23": "-23",
        "+24": "-24",
        "+25": "-25",
        "+26": "-26",
        "+27": "-27",
        "+28": "-28",
        "+29": "-29",
        "+30": "-30",
        "+31": "-31",
        "+32": "-32",
        "+33": "-33"
    },
    "edges": [
        [    0,    0,  831,  816,  177,  707,  767,  208, 1028,  436,  660,  577,  835,  810,  985,  775,  683,  654,  866,  376,  838,  344,  950,  848,  829,  698,  893,  531,  557,  868,  783,  457,  939,  697,  703,  658,  268,  978,  971,  431, 1262, 1059,  369, 1024,  808, 1127,  995,  194,  984, 1012,  667,  622,  535,  348,  540,  603,  498,  122,  325,  564,  698,  400,  838, 1034,  215, 1213,  980,  605],
        [    0,    0,  831,  816,  177,  707,  767,  208, 1028,  436,  660,  577,  835,  810,  985,  775,  683,  654,  866,  376,  838,  344,  950,  848,  829,  698,  893,  531,  557,  868,  783,  457,  939,  697,  703,  658,  268,  978,  971,  431, 1262, 1059,  369, 1024,  808, 1127,  995,  194,  984, 1012,  667,  622,  535,  348,  540,  603,  498,  122,  325,  564,  698,  400,  838, 1034,  215, 1213,  980,  605],
        [  831,  831,    0,  128,  835,  236,  890,  627,  501,  398,  239,  258,  891,   25,  157,  380,  787,  394,  783,  477,  770,  701,  467,  929,   49,  140,  691,  394,  275,  234,  308,  791,  423,  702,  632,  615,  668,  754,  618,  401,  572,  357,  477,  577,  145,  358,  164,  797,  484,  480,  447,  460,  522,  619,  569,  333,  367,  801,  516,  578,  847,  674,  159,  248,  705,  580,  691,  476],
        [  816,  816,  128,    0,  793,  137,  778,  621,  383,  383,  164,  247,  773,  137,  201,  255,  678,  288,  660,  493,  648,  636,  343,  812,  175,  139,  564,  323,  280,  114,  182,  708,  300,  589,  517,  505,  618,  627,  491,  399,  497,  277,  489,  453,  265,  316,  222,  752,  362,  361,  336,  357,  432,  558,  476,  406,  403,  767,  521,  480,  739,  600,   38,  219,  662,  487,  564,  376],
        [  177,  177,  835,  793,    0,  668,  601,  282,  942,  445,  629,  579,  672,  817,  980,  698,  525,  579,  719,  442,  691,  208,  863,  683,  843,  696,  762,  478,  571,  823,  721,  291,  859,  554,  573,  530,  177,  843,  858,  456, 1195, 1008,  429,  923,  842, 1089,  994,   43,  897,  928,  577,  532,  436,  250,  426,  671,  553,   66,  386,  447,  533,  267,  808, 1008,  131, 1135,  855,  512],
        [  707,  707,  236,  137,  668,    0,  655,  524,  381,  291,   54,  183,  658,  233,  337,  169,  552,  158,  556,  423,  542,  503,  319,  695,  273,  146,  476,  192,  224,  162,  115,  572,  285,  467,  397,  379,  492,  550,  436,  318,  564,  354,  415,  426,  343,  422,  358,  627,  347,  360,  211,  225,  296,  428,  340,  404,  361,  648,  439,  346,  611,  465,  142,  341,  539,  531,  497,  243],
        [  767,  767,  890,  778,  601,  655,    0,  745,  645,  692,  662,  730,   80,  887,  966,  535,  112,  498,  206,  806,  191,  435,  588,   82,  927,  783,  321,  547,  758,  722,  605,  311,  617,  189,  261,  277,  531,  358,  471,  732,  920,  826,  789,  570,  987,  938,  992,  574,  609,  644,  444,  435,  406,  477,  358,  953,  848,  646,  770,  338,   71,  392,  765,  915,  570,  829,  415,  422],
        [  208,  208,  627,  621,  282,  524,  745,    0,  873,  238,  473,  377,  800,  605,  782,  618,  643,  502,  795,  171,  768,  317,  797,  822,  622,  497,  794,  368,  353,  684,  612,  458,  778,  628,  613,  567,  219,  882,  845,  227, 1086,  876,  163,  883,  600,  935,  790,  263,  830,  854,  528,  486,  418,  269,  441,  402,  291,  221,  118,  468,  675,  354,  646,  839,  198, 1046,  869,  474],
        [ 1028, 1028,  501,  383,  942,  381,  645,  873,    0,  658,  434,  564,  603,  516,  470,  255,  587,  375,  456,  798,  461,  740,   79,  640,  550,  501,  333,  505,  605,  270,  271,  739,   97,  494,  429,  453,  774,  345,  189,  691,  279,  221,  788,   98,  645,  330,  497,  900,   46,   23,  366,  412,  507,  694,  521,  775,  742,  943,  806,  506,  641,  685,  347,  361,  829,  199,  269,  431],
        [  436,  436,  398,  383,  445,  291,  692,  238,  658,    0,  239,  141,  727,  378,  549,  410,  581,  308,  679,  145,  656,  353,  586,  758,  401,  263,  646,  178,  127,  450,  390,  478,  562,  532,  490,  450,  290,  732,  663,   42,  854,  641,  133,  683,  400,  697,  560,  409,  619,  638,  350,  320,  294,  268,  337,  270,  157,  405,  149,  361,  629,  350,  408,  601,  317,  820,  702,  316],
        [  660,  660,  239,  164,  629,   54,  662,  473,  434,  239,    0,  131,  672,  230,  359,  211,  556,  169,  579,  370,  563,  473,  369,  708,  269,  122,  508,  161,  173,  212,  165,  553,  337,  476,  410,  387,  455,  585,  479,  265,  616,  404,  362,  475,  325,  467,  378,  588,  399,  412,  225,  228,  283,  395,  330,  359,  309,  606,  386,  340,  615,  440,  180,  379,  499,  585,  536,  242],
        [  577,  577,  258,  247,  579,  183,  730,  377,  564,  141,  131,    0,  752,  239,  408,  337,  620,  268,  677,  249,  657,  459,  499,  786,  265,  122,  619,  185,   42,  327,  295,  566,  467,  552,  496,  463,  414,  700,  604,  153,  733,  515,  244,  605,  282,  562,  420,  541,  529,  542,  322,  309,  327,  374,  376,  239,  179,  543,  275,  394,  675,  442,  276,  463,  449,  708,  657,  315],
        [  835,  835,  891,  773,  672,  658,   80,  800,  603,  727,  672,  752,    0,  890,  955,  523,  157,  504,  149,  848,  143,  498,  552,   39,  931,  793,  271,  571,  783,  708,  595,  381,  585,  200,  262,  289,  591,  293,  421,  768,  872,  795,  832,  521,  996,  909,  982,  644,  570,  605,  448,  447,  435,  531,  391,  981,  881,  715,  817,  367,  140,  450,  757,  895,  633,  780,  357,  438],
        [  810,  810,   25,  137,  817,  233,  887,  605,  516,  378,  230,  239,  890,    0,  180,  383,  783,  390,  784,  454,  771,  687,  479,  928,   41,  124,  695,  382,  253,  247,  312,  779,  435,  699,  630,  611,  650,  761,  628,  379,  594,  379,  454,  589,  130,  382,  186,  779,  497,  494,  444,  455,  513,  603,  560,  309,  343,  781,  494,  570,  842,  661,  170,  272,  687,  600,  699,  470],
        [  985,  985,  157,  201,  980,  337,  966,  782,  470,  549,  359,  408,  955,  180,    0,  433,  871,  486,  831,  633,  823,  832,  460,  994,  178,  287,  725,  520,  429,  249,  362,  908,  415,  779,  706,  698,  808,  774,  624,  555,  464,  275,  633,  560,  257,  233,   28,  940,  467,  451,  531,  555,  632,  752,  675,  479,  523,  949,  672,  679,  932,  798,  204,  129,  849,  494,  703,  574],
        [  775,  775,  380,  255,  698,  169,  535,  618,  255,  410,  211,  337,  523,  383,  433,    0,  444,  122,  405,  553,  394,  504,  179,  562,  423,  314,  313,  251,  379,  188,   73,  531,  164,  350,  275,  275,  527,  382,  269,  446,  497,  327,  542,  273,  503,  428,  459,  656,  213,  237,  128,  171,  268,  449,  295,  569,  513,  694,  556,  287,  505,  453,  235,  385,  580,  439,  328,  192],
        [  683,  683,  787,  678,  525,  552,  112,  643,  587,  581,  556,  620,  157,  783,  871,  444,    0,  394,  205,  696,  180,  342,  523,  181,  822,  676,  290,  435,  647,  631,  511,  237,  545,   97,  171,  174,  435,  351,  430,  621,  866,  751,  680,  524,  879,  861,  896,  494,  547,  584,  343,  328,  294,  374,  247,  841,  736,  564,  662,  226,   61,  293,  668,  829,  478,  780,  391,  314],
        [  654,  654,  394,  288,  579,  158,  498,  502,  375,  308,  169,  268,  504,  390,  486,  122,  394,    0,  414,  452,  396,  389,  298,  541,  430,  290,  352,  135,  306,  266,  149,  432,  285,  310,  243,  221,  406,  435,  356,  347,  616,  435,  439,  382,  493,  527,  509,  536,  332,  358,   57,   70,  158,  329,  194,  506,  431,  573,  448,  195,  454,  341,  283,  467,  459,  560,  398,   90],
        [  866,  866,  783,  660,  719,  556,  206,  795,  456,  679,  579,  677,  149,  784,  831,  405,  205,  414,    0,  813,   28,  522,  409,  185,  825,  699,  124,  508,  712,  582,  478,  437,  444,  170,  190,  233,  605,  153,  272,  721,  724,  654,  798,  373,  899,  768,  858,  684,  424,  458,  357,  370,  390,  532,  357,  914,  825,  750,  790,  330,  232,  466,  639,  761,  654,  631,  210,  367],
        [  376,  376,  477,  493,  442,  423,  806,  171,  798,  145,  370,  249,  848,  454,  633,  553,  696,  452,  813,    0,  789,  417,  728,  877,  466,  359,  786,  321,  214,  575,  528,  556,  701,  658,  624,  581,  330,  873,  807,  108,  981,  764,   17,  826,  434,  808,  639,  416,  759,  777,  493,  461,  424,  343,  461,  232,  122,  387,   56,  487,  739,  433,  523,  705,  334,  953,  846,  456],
        [  838,  838,  770,  648,  691,  542,  191,  768,  461,  656,  563,  657,  143,  771,  823,  394,  180,  396,   28,  789,    0,  495,  410,  180,  812,  683,  132,  486,  692,  575,  467,  410,  444,  143,  167,  208,  578,  174,  281,  698,  732,  654,  773,  381,  884,  768,  850,  657,  428,  463,  339,  349,  366,  506,  332,  894,  803,  723,  765,  305,  210,  439,  629,  757,  627,  641,  225,  346],
        [  344,  344,  701,  636,  208,  503,  435,  317,  740,  353,  473,  459,  498,  687,  832,  504,  342,  389,  522,  417,  495,    0,  662,  515,  719,  564,  556,  313,  466,  647,  536,  143,  661,  354,  367,  323,   99,  639,  650,  381, 1000,  823,  401,  717,  739,  912,  850,  168,  695,  727,  379,  334,  237,   86,  221,  617,  498,  229,  370,  240,  365,   60,  644,  841,  136,  936,  648,  313],
        [  950,  950,  467,  343,  863,  319,  588,  797,   79,  586,  369,  499,  552,  479,  460,  179,  523,  298,  409,  728,  410,  662,    0,  590,  515,  448,  289,  429,  541,  233,  205,  664,   46,  428,  359,  380,  696,  320,  165,  621,  349,  246,  717,  112,  608,  359,  488,  821,   34,   66,  287,  333,  428,  616,  444,  719,  678,  864,  733,  428,  578,  607,  309,  366,  750,  275,  246,  352],
        [  848,  848,  929,  812,  683,  695,   82,  822,  640,  758,  708,  786,   39,  928,  994,  562,  181,  541,  185,  877,  180,  515,  590,    0,  968,  830,  308,  604,  816,  747,  634,  393,  623,  235,  299,  324,  611,  324,  456,  798,  908,  834,  860,  557, 1033,  947, 1020,  656,  607,  642,  485,  483,  467,  554,  422, 1014,  912,  728,  843,  399,  151,  470,  796,  934,  651,  815,  390,  473],
        [  829,  829,   49,  175,  843,  273,  927,  622,  550,  401,  269,  265,  931,   41,  178,  423,  822,  430,  825,  466,  812,  719,  515,  968,    0,  157,  735,  418,  274,  283,  352,  814,  471,  739,  670,  651,  679,  800,  666,  398,  613,  402,  468,  625,   97,  395,  177,  805,  533,  528,  484,  494,  550,  635,  598,  303,  351,  805,  509,  608,  882,  695,  207,  284,  713,  625,  738,  509],
        [  698,  698,  140,  139,  696,  146,  783,  497,  501,  263,  122,  122,  793,  124,  287,  314,  676,  290,  699,  359,  683,  564,  448,  830,  157,    0,  622,  262,  146,  240,  253,  658,  409,  597,  532,  508,  528,  695,  578,  271,  636,  415,  356,  558,  204,  450,  299,  658,  473,  479,  346,  349,  397,  480,  445,  275,  265,  663,  392,  457,  734,  538,  174,  346,  566,  622,  641,  362],
        [  893,  893,  691,  564,  762,  476,  321,  794,  333,  646,  508,  619,  271,  695,  725,  313,  290,  352,  124,  786,  132,  556,  289,  308,  735,  622,    0,  468,  658,  478,  384,  499,  326,  218,  191,  236,  626,   89,  150,  687,  602,  534,  772,  250,  815,  648,  752,  724,  302,  336,  300,  327,  377,  548,  358,  858,  781,  784,  771,  331,  332,  497,  540,  647,  679,  510,  101,  331],
        [  531,  531,  394,  323,  478,  192,  547,  368,  505,  178,  161,  185,  571,  382,  520,  251,  435,  135,  508,  321,  486,  313,  429,  604,  418,  262,  468,    0,  213,  346,  252,  397,  412,  371,  321,  284,  302,  554,  489,  219,  731,  533,  308,  517,  456,  611,  538,  436,  463,  487,  173,  142,  143,  236,  192,  411,  318,  461,  314,  209,  490,  281,  334,  533,  350,  683,  525,  142],
        [  557,  557,  275,  280,  571,  224,  758,  353,  605,  127,  173,   42,  783,  253,  429,  379,  647,  306,  712,  214,  692,  466,  541,  816,  274,  146,  658,  213,    0,  366,  337,  580,  509,  583,  529,  495,  413,  739,  646,  127,  770,  552,  211,  647,  276,  594,  438,  535,  571,  584,  359,  343,  353,  380,  402,  202,  137,  531,  246,  421,  701,  453,  310,  492,  443,  748,  698,  348],
        [  868,  868,  234,  114,  823,  162,  722,  684,  270,  450,  212,  327,  708,  247,  249,  188,  631,  266,  582,  575,  575,  647,  233,  747,  283,  240,  478,  346,  366,    0,  122,  698,  189,  537,  463,  460,  647,  532,  389,  473,  406,  193,  569,  343,  376,  266,  276,  781,  250,  248,  300,  333,  423,  578,  460,  513,  498,  806,  596,  458,  691,  604,   78,  202,  696,  384,  465,  354],
        [  783,  783,  308,  182,  721,  115,  605,  612,  271,  390,  165,  295,  595,  312,  362,   73,  511,  149,  478,  528,  467,  536,  205,  634,  352,  253,  384,  252,  337,  122,    0,  579,  174,  418,  344,  339,  546,  450,  326,  421,  480,  288,  518,  311,  435,  379,  388,  679,  234,  250,  178,  213,  306,  472,  340,  518,  474,  710,  538,  337,  571,  489,  162,  324,  597,  434,  392,  234],
        [  457,  457,  791,  708,  291,  572,  311,  458,  739,  478,  553,  566,  381,  779,  908,  531,  237,  432,  437,  556,  410,  143,  664,  393,  814,  658,  499,  397,  580,  698,  579,    0,  673,  282,  322,  289,  240,  573,  617,  510, 1012,  857,  540,  698,  847,  956,  929,  264,  695,  730,  404,  366,  278,  215,  239,  747,  629,  336,  510,  244,  243,  128,  710,  898,  269,  937,  597,  345],
        [  939,  939,  423,  300,  859,  285,  617,  778,   97,  562,  337,  467,  585,  435,  415,  164,  545,  285,  444,  701,  444,  661,   46,  623,  471,  409,  326,  412,  509,  189,  174,  673,    0,  450,  378,  394,  689,  363,  209,  594,  340,  211,  691,  155,  564,  324,  443,  817,   64,   77,  283,  329,  426,  610,  446,  682,  646,  856,  710,  433,  602,  608,  265,  324,  742,  276,  290,  349],
        [  697,  697,  702,  589,  554,  467,  189,  628,  494,  532,  476,  552,  200,  699,  779,  350,   97,  310,  170,  658,  143,  354,  428,  235,  739,  597,  218,  371,  583,  537,  418,  282,  450,    0,   75,   90,  435,  292,  346,  573,  773,  655,  642,  435,  801,  765,  805,  518,  454,  490,  256,  249,  238,  364,  197,  782,  683,  582,  630,  172,  156,  297,  577,  734,  485,  689,  317,  239],
        [  703,  703,  632,  517,  573,  397,  261,  613,  429,  490,  410,  496,  262,  630,  706,  275,  171,  243,  190,  624,  167,  367,  359,  299,  670,  532,  191,  321,  529,  463,  344,  322,  378,   75,    0,   47,  437,  276,  295,  532,  707,  582,  608,  378,  735,  691,  731,  534,  387,  423,  187,  188,  201,  359,  173,  730,  637,  594,  601,  146,  230,  308,  504,  659,  489,  626,  282,  181],
        [  658,  658,  615,  505,  530,  379,  277,  567,  453,  450,  387,  463,  289,  611,  698,  275,  174,  221,  233,  581,  208,  323,  380,  324,  651,  508,  236,  284,  495,  460,  339,  289,  394,   90,   47,    0,  391,  321,  332,  491,  728,  592,  566,  409,  711,  698,  722,  491,  409,  445,  169,  159,  158,  313,  127,  695,  599,  550,  557,  100,  235,  264,  494,  659,  444,  651,  325,  149],
        [  268,  268,  668,  618,  177,  492,  531,  219,  774,  290,  455,  414,  591,  650,  808,  527,  435,  406,  605,  330,  578,   99,  696,  611,  679,  528,  626,  302,  413,  647,  546,  240,  689,  435,  437,  391,    0,  712,  705,  311, 1022,  832,  315,  762,  688,  912,  824,  135,  730,  759,  410,  363,  271,   82,  273,  543,  422,  169,  280,  297,  461,  143,  633,  832,   55,  965,  712,  345],
        [  978,  978,  754,  627,  843,  550,  358,  882,  345,  732,  585,  700,  293,  761,  774,  382,  351,  435,  153,  873,  174,  639,  320,  324,  800,  695,   89,  554,  739,  532,  450,  573,  363,  292,  276,  321,  712,    0,  158,  773,  596,  560,  859,  252,  884,  673,  802,  806,  325,  354,  385,  413,  465,  634,  445,  938,  865,  868,  859,  418,  383,  580,  600,  686,  764,  500,   77,  419],
        [  971,  971,  618,  491,  858,  436,  471,  845,  189,  663,  479,  604,  421,  628,  624,  269,  430,  356,  272,  807,  281,  650,  165,  456,  666,  578,  150,  489,  646,  389,  326,  617,  209,  346,  295,  332,  705,  158,    0,  702,  452,  403,  794,  101,  755,  515,  652,  817,  167,  197,  319,  359,  437,  624,  434,  837,  778,  871,  802,  412,  477,  591,  461,  530,  760,  360,   82,  372],
        [  431,  431,  401,  399,  456,  318,  732,  227,  691,   42,  265,  153,  768,  379,  555,  446,  621,  347,  721,  108,  698,  381,  621,  798,  398,  271,  687,  219,  127,  473,  421,  510,  594,  573,  532,  491,  311,  773,  702,    0,  879,  664,   98,  719,  387,  714,  564,  423,  652,  670,  390,  361,  336,  298,  378,  237,  120,  412,  124,  402,  668,  383,  426,  615,  332,  849,  742,  358],
        [ 1262, 1262,  572,  497, 1195,  564,  920, 1086,  279,  854,  616,  733,  872,  594,  464,  497,  866,  616,  724,  981,  732, 1000,  349,  908,  613,  636,  602,  731,  770,  406,  480, 1012,  340,  773,  707,  728, 1022,  596,  452,  879,    0,  221,  975,  352,  707,  234,  483, 1152,  320,  285,  621,  666,  764,  945,  785,  897,  899, 1187, 1001,  773,  918,  947,  463,  337, 1074,   98,  522,  687],
        [ 1059, 1059,  357,  277, 1008,  354,  826,  876,  221,  641,  404,  515,  795,  379,  275,  327,  751,  435,  654,  764,  654,  823,  246,  834,  402,  415,  534,  533,  552,  193,  288,  857,  211,  655,  582,  592,  832,  560,  403,  664,  221,    0,  758,  318,  498,  114,  299,  965,  236,  208,  454,  495,  591,  759,  621,  678,  679,  994,  787,  613,  809,  775,  243,  151,  882,  224,  484,  516],
        [  369,  369,  477,  489,  429,  415,  789,  163,  788,  133,  362,  244,  832,  454,  633,  542,  680,  439,  798,   17,  773,  401,  717,  860,  468,  356,  772,  308,  211,  569,  518,  540,  691,  642,  608,  566,  315,  859,  794,   98,  975,  758,    0,  814,  439,  804,  640,  403,  749,  768,  480,  447,  408,  327,  445,  242,  129,  375,   46,  471,  723,  417,  519,  702,  320,  946,  832,  441],
        [ 1024, 1024,  577,  453,  923,  426,  570,  883,   98,  683,  475,  605,  521,  589,  560,  273,  524,  382,  373,  826,  381,  717,  112,  557,  625,  558,  250,  517,  647,  343,  311,  698,  155,  435,  378,  409,  762,  252,  101,  719,  352,  318,  814,    0,  718,  427,  587,  881,   94,  112,  358,  403,  492,  681,  497,  828,  783,  930,  827,  477,  573,  659,  419,  455,  817,  260,  175,  420],
        [  808,  808,  145,  265,  842,  343,  987,  600,  645,  400,  325,  282,  996,  130,  257,  503,  879,  493,  899,  434,  884,  739,  608, 1033,   97,  204,  815,  456,  276,  376,  435,  847,  564,  801,  735,  711,  688,  884,  755,  387,  707,  498,  439,  718,    0,  484,  249,  808,  626,  623,  549,  553,  596,  654,  645,  237,  313,  799,  483,  658,  937,  723,  299,  374,  716,  721,  825,  565],
        [ 1127, 1127,  358,  316, 1089,  422,  938,  935,  330,  697,  467,  562,  909,  382,  233,  428,  861,  527,  768,  808,  768,  912,  359,  947,  395,  450,  648,  611,  594,  266,  379,  956,  324,  765,  691,  698,  912,  673,  515,  714,  234,  114,  804,  427,  484,    0,  251, 1047,  349,  319,  553,  591,  684,  844,  718,  691,  712, 1070,  837,  713,  920,  867,  290,  112,  960,  280,  596,  612],
        [  995,  995,  164,  222,  994,  358,  992,  790,  497,  560,  378,  420,  982,  186,   28,  459,  896,  509,  858,  639,  850,  850,  488, 1020,  177,  299,  752,  538,  438,  276,  388,  929,  443,  805,  731,  722,  824,  802,  652,  564,  483,  299,  640,  587,  249,  251,    0,  955,  494,  478,  555,  578,  653,  770,  697,  477,  527,  962,  680,  702,  956,  818,  228,  151,  863,  516,  731,  597],
        [  194,  194,  797,  752,   43,  627,  574,  263,  900,  409,  588,  541,  644,  779,  940,  656,  494,  536,  684,  416,  657,  168,  821,  656,  805,  658,  724,  436,  535,  781,  679,  264,  817,  518,  534,  491,  135,  806,  817,  423, 1152,  965,  403,  881,  808, 1047,  955,    0,  855,  885,  535,  489,  393,  208,  385,  642,  523,   73,  360,  406,  506,  228,  767,  966,   93, 1092,  816,  469],
        [  984,  984,  484,  362,  897,  347,  609,  830,   46,  619,  399,  529,  570,  497,  467,  213,  547,  332,  424,  759,  428,  695,   34,  607,  533,  473,  302,  463,  571,  250,  234,  695,   64,  454,  387,  409,  730,  325,  167,  652,  320,  236,  749,   94,  626,  349,  494,  855,    0,   37,  321,  367,  462,  649,  476,  745,  707,  898,  766,  460,  602,  640,  327,  366,  784,  243,  249,  386],
        [ 1012, 1012,  480,  361,  928,  360,  644,  854,   23,  638,  412,  542,  605,  494,  451,  237,  584,  358,  458,  777,  463,  727,   66,  642,  528,  479,  336,  487,  584,  248,  250,  730,   77,  490,  423,  445,  759,  354,  197,  670,  285,  208,  768,  112,  623,  319,  478,  885,   37,    0,  351,  397,  493,  679,  509,  753,  720,  927,  786,  494,  638,  672,  326,  344,  813,  210,  277,  416],
        [  667,  667,  447,  336,  577,  211,  444,  528,  366,  350,  225,  322,  448,  444,  531,  128,  343,   57,  357,  493,  339,  379,  287,  485,  484,  346,  300,  173,  359,  300,  178,  404,  283,  256,  187,  169,  410,  385,  319,  390,  621,  454,  480,  358,  549,  553,  555,  535,  321,  351,    0,   47,  143,  329,  168,  560,  481,  578,  484,  161,  403,  326,  327,  501,  464,  558,  353,   66],
        [  622,  622,  460,  357,  532,  225,  435,  486,  412,  320,  228,  309,  447,  455,  555,  171,  328,   70,  370,  461,  349,  334,  333,  483,  494,  349,  327,  142,  343,  333,  213,  366,  329,  249,  188,  159,  363,  413,  359,  361,  666,  495,  447,  403,  553,  591,  578,  489,  367,  397,   47,    0,   98,  283,  128,  545,  458,  532,  448,  126,  388,  282,  352,  534,  418,  604,  388,   22],
        [  535,  535,  522,  432,  436,  296,  406,  418,  507,  294,  283,  327,  435,  513,  632,  268,  294,  158,  390,  424,  366,  237,  428,  467,  550,  397,  377,  143,  353,  423,  306,  278,  426,  238,  201,  158,  271,  465,  437,  336,  764,  591,  408,  492,  596,  684,  653,  393,  462,  493,  143,   98,    0,  190,   50,  548,  447,  439,  401,   69,  348,  185,  433,  622,  326,  701,  453,   77],
        [  348,  348,  619,  558,  250,  428,  477,  269,  694,  268,  395,  374,  531,  603,  752,  449,  374,  329,  532,  343,  506,   86,  616,  554,  635,  480,  548,  236,  380,  578,  472,  215,  610,  364,  359,  313,   82,  634,  624,  298,  945,  759,  327,  681,  654,  844,  770,  208,  649,  679,  329,  283,  190,    0,  192,  535,  416,  250,  300,  217,  408,   91,  569,  768,  137,  886,  632,  264],
        [  540,  540,  569,  476,  426,  340,  358,  441,  521,  337,  330,  376,  391,  560,  675,  295,  247,  194,  357,  461,  332,  221,  444,  422,  598,  445,  358,  192,  402,  460,  340,  239,  446,  197,  173,  127,  273,  445,  434,  378,  785,  621,  445,  497,  645,  718,  697,  385,  476,  509,  168,  128,   50,  192,    0,  595,  491,  437,  434,   28,  299,  164,  475,  660,  327,  718,  441,  106],
        [  603,  603,  333,  406,  671,  404,  953,  402,  775,  270,  359,  239,  981,  309,  479,  569,  841,  506,  914,  232,  894,  617,  719, 1014,  303,  275,  858,  411,  202,  513,  518,  747,  682,  782,  730,  695,  543,  938,  837,  237,  897,  678,  242,  828,  237,  691,  477,  642,  745,  753,  560,  545,  548,  535,  595,    0,  121,  617,  287,  616,  892,  619,  442,  580,  556,  892,  894,  549],
        [  498,  498,  367,  403,  553,  361,  848,  291,  742,  157,  309,  179,  881,  343,  523,  513,  736,  431,  825,  122,  803,  498,  678,  912,  351,  265,  781,  318,  137,  498,  474,  629,  646,  683,  637,  599,  422,  865,  778,  120,  899,  679,  129,  783,  313,  712,  527,  523,  707,  720,  481,  458,  447,  416,  491,  121,    0,  502,  174,  514,  785,  502,  437,  605,  437,  881,  827,  459],
        [  122,  122,  801,  767,   66,  648,  646,  221,  943,  405,  606,  543,  715,  781,  949,  694,  564,  573,  750,  387,  723,  229,  864,  728,  805,  663,  784,  461,  531,  806,  710,  336,  856,  582,  594,  550,  169,  868,  871,  412, 1187,  994,  375,  930,  799, 1070,  962,   73,  898,  927,  578,  532,  439,  250,  437,  617,  502,    0,  331,  460,  577,  288,  785,  985,  115, 1132,  874,  513],
        [  325,  325,  516,  521,  386,  439,  770,  118,  806,  149,  386,  275,  817,  494,  672,  556,  662,  448,  790,   56,  765,  370,  733,  843,  509,  392,  771,  314,  246,  596,  538,  510,  710,  630,  601,  557,  280,  859,  802,  124, 1001,  787,   46,  827,  483,  837,  680,  360,  766,  786,  484,  448,  401,  300,  434,  287,  174,  331,    0,  461,  703,  390,  549,  737,  280,  969,  836,  441],
        [  564,  564,  578,  480,  447,  346,  338,  468,  506,  361,  340,  394,  367,  570,  679,  287,  226,  195,  330,  487,  305,  240,  428,  399,  608,  457,  331,  209,  421,  458,  337,  244,  433,  172,  146,  100,  297,  418,  412,  402,  773,  613,  471,  477,  658,  713,  702,  406,  460,  494,  161,  126,   69,  217,   28,  616,  514,  460,  461,    0,  281,  182,  477,  659,  351,  703,  416,  106],
        [  698,  698,  847,  739,  533,  611,   71,  675,  641,  629,  615,  675,  140,  842,  932,  505,   61,  454,  232,  739,  210,  365,  578,  151,  882,  734,  332,  490,  701,  691,  571,  243,  602,  156,  230,  235,  461,  383,  477,  668,  918,  809,  723,  573,  937,  920,  956,  506,  602,  638,  403,  388,  348,  408,  299,  892,  785,  577,  703,  281,    0,  322,  728,  889,  500,  831,  431,  373],
        [  400,  400,  674,  600,  267,  465,  392,  354,  685,  350,  440,  442,  450,  661,  798,  453,  293,  341,  466,  433,  439,   60,  607,  470,  695,  538,  497,  281,  453,  604,  489,  128,  608,  297,  308,  264,  143,  580,  591,  383,  947,  775,  417,  659,  723,  867,  818,  228,  640,  672,  326,  282,  185,   91,  164,  619,  502,  288,  390,  182,  322,    0,  606,  800,  189,  881,  589,  261],
        [  838,  838,  159,   38,  808,  142,  765,  646,  347,  408,  180,  276,  757,  170,  204,  235,  668,  283,  639,  523,  629,  644,  309,  796,  207,  174,  540,  334,  310,   78,  162,  710,  265,  577,  504,  494,  633,  600,  461,  426,  463,  243,  519,  419,  299,  290,  228,  767,  327,  326,  327,  352,  433,  569,  475,  442,  437,  785,  549,  477,  728,  606,    0,  200,  678,  451,  535,  372],
        [ 1034, 1034,  248,  219, 1008,  341,  915,  839,  361,  601,  379,  463,  895,  272,  129,  385,  829,  467,  761,  705,  757,  841,  366,  934,  284,  346,  647,  533,  492,  202,  324,  898,  324,  734,  659,  659,  832,  686,  530,  615,  337,  151,  702,  455,  374,  112,  151,  966,  366,  344,  501,  534,  622,  768,  660,  580,  605,  985,  737,  659,  889,  800,  200,    0,  878,  366,  611,  555],
        [  215,  215,  705,  662,  131,  539,  570,  198,  829,  317,  499,  449,  633,  687,  849,  580,  478,  459,  654,  334,  627,  136,  750,  651,  713,  566,  679,  350,  443,  696,  597,  269,  742,  485,  489,  444,   55,  764,  760,  332, 1074,  882,  320,  817,  716,  960,  863,   93,  784,  813,  464,  418,  326,  137,  327,  556,  437,  115,  280,  351,  500,  189,  678,  878,    0, 1018,  766,  399],
        [ 1213, 1213,  580,  487, 1135,  531,  829, 1046,  199,  820,  585,  708,  780,  600,  494,  439,  780,  560,  631,  953,  641,  936,  275,  815,  625,  622,  510,  683,  748,  384,  434,  937,  276,  689,  626,  651,  965,  500,  360,  849,   98,  224,  946,  260,  721,  280,  516, 1092,  243,  210,  558,  604,  701,  886,  718,  892,  881, 1132,  969,  703,  831,  881,  451,  366, 1018,    0,  426,  624],
        [  980,  980,  691,  564,  855,  497,  415,  869,  269,  702,  536,  657,  357,  699,  703,  328,  391,  398,  210,  846,  225,  648,  246,  390,  738,  641,  101,  525,  698,  465,  392,  597,  290,  317,  282,  325,  712,   77,   82,  742,  522,  484,  832,  175,  825,  596,  731,  816,  249,  277,  353,  388,  453,  632,  441,  894,  827,  874,  836,  416,  431,  589,  535,  611,  766,  426,    0,  397],
        [  605,  605,  476,  376,  512,  243,  422,  474,  431,  316,  242,  315,  438,  470,  574,  192,  314,   90,  367,  456,  346,  313,  352,  473,  509,  362,  331,  142,  348,  354,  234,  345,  349,  239,  181,  149,  345,  419,  372,  358,  687,  516,  441,  420,  565,  612,  597,  469,  386,  416,   66,   22,   77,  264,  106,  549,  459,  513,  441,  106,  373,  261,  372,  555,  399,  624,  397,    0]
    ]
}
