{
    "name": "random-17-5504",
    "comment": "size=17 seed=5504",
    "nodes": ["+0", "-0", "+1", "-1", "+2", "-2", "+3", "-3", "+4", "-4", "+5", "-5", "+6", "-6", "+7", "-7", "+8", "-8", "+9", "-9", "+10", "-10", "+11", "-11", "+12", "-12", "+13", "-13", "+14", "-14", "+15", "-15", "+16", "-16", "+17", "-17"],
    "precedence": {
        "+0": "-0",
        "+1": "-1",
        "+2": "-2",
        "+3": "-3",
        "+4": "-4",
        "+5": "-5",
        "+6": "-6",
        "+7": "-7",
        "+8": "-8",
        "+9": "-9",
        "+10": "-10",
        "+11": "-11",
        "+12": "-12",
        "+13": "-13",
        "+14": "-14",
        "+15": "-15",
        "+16": "-16",
        "+17": "-17"
    },
    "edges": [
        [    0,    0,  263,  621,  548,  695,  685,  540,  478,  609,  580,  343,  608,  265,  788,  655,   54,  513,  185,  764,  727,  281,  220,  232,  468,  628,  229,  444,  275,  204,  282,  190,  421,  532,  769,   54],
        [    0,    0,  263,  621,  548,  695,  685,  540,  478,  609,  580,  343,  608,  265,  788,  655,   54,  513,  185,  764,  727,  281,  220,  232,  468,  628,  229,  444,  275,  204,  282,  190,  421,  532,  769,   54],
        [  263,  263,    0,  485,  286,  438,  526,  489,  224,  759,  333,  495,  734,  229,  582,  433,  257,  483,  239,  653,  629,  491,  323,  280,  583,  399,  442,  219,  283,  278,  279,  216,  239,  611,  613,  214],
        [  621,  621,  485,    0,  481,  445,   84,  189,  546,  682,  342,  545,  619,  357,  255,  247,  653,  231,  444,  173,  160,  901,  783,  753,  515,  270,  626,  304,  364,  443,  354,  432,  249,  462,  153,  574],
        [  548,  548,  286,  481,    0,  178,  475,  585,  112,  979,  154,  736,  939,  436,  437,  290,  539,  601,  489,  645,  641,  756,  566,  510,  793,  249,  713,  208,  493,  523,  483,  464,  291,  794,  547,  499],
        [  695,  695,  438,  445,  178,    0,  408,  595,  289, 1045,  135,  828,  996,  531,  311,  202,  694,  622,  602,  584,  593,  923,  738,  684,  860,  176,  832,  277,  582,  630,  570,  578,  346,  841,  460,  643],
        [  685,  685,  526,   84,  475,  408,    0,  270,  554,  763,  325,  628,  699,  424,  177,  207,  714,  313,  514,  177,  187,  964,  835,  801,  598,  239,  704,  324,  438,  516,  427,  500,  288,  543,   88,  636],
        [  540,  540,  489,  189,  585,  595,  270,    0,  620,  494,  472,  379,  431,  289,  443,  414,  584,   45,  356,  246,  201,  815,  736,  720,  331,  425,  485,  380,  266,  339,  260,  355,  300,  274,  318,  503],
        [  478,  478,  224,  546,  112,  289,  554,  620,    0,  966,  250,  710,  934,  421,  539,  386,  460,  628,  455,  716,  705,  661,  465,  408,  785,  345,  666,  247,  479,  493,  471,  431,  321,  798,  632,  433],
        [  609,  609,  759,  682,  979, 1045,  763,  494,  966,    0,  912,  271,   74,  547,  937,  890,  661,  453,  521,  695,  648,  772,  820,  840,  187,  892,  390,  781,  489,  481,  497,  543,  703,  221,  803,  615],
        [  580,  580,  333,  342,  154,  135,  325,  472,  250,  912,    0,  694,  864,  398,  289,  138,  584,  496,  473,  499,  499,  823,  649,  600,  726,   97,  703,  146,  448,  499,  437,  449,  212,  710,  395,  527],
        [  343,  343,  495,  545,  736,  828,  628,  379,  710,  271,  694,    0,  265,  301,  785,  703,  397,  336,  257,  623,  576,  546,  560,  575,  134,  694,  149,  553,  247,  219,  258,  281,  483,  219,  691,  346],
        [  608,  608,  734,  619,  939,  996,  699,  431,  934,   74,  864,  265,    0,  514,  874,  834,  661,  391,  500,  624,  577,  794,  824,  839,  152,  838,  401,  737,  456,  460,  463,  520,  657,  158,  736,  608],
        [  265,  265,  229,  357,  436,  531,  424,  289,  421,  547,  398,  301,  514,    0,  545,  431,  302,  272,   90,  501,  465,  546,  448,  431,  364,  414,  309,  255,   59,  104,   52,   76,  195,  384,  507,  221],
        [  788,  788,  582,  255,  437,  311,  177,  443,  539,  937,  289,  785,  874,  545,    0,  155,  807,  485,  634,  320,  347, 1057,  904,  861,  768,  196,  845,  364,  572,  645,  560,  616,  368,  717,  178,  736],
        [  655,  655,  433,  247,  290,  202,  207,  414,  386,  890,  138,  703,  834,  431,  155,    0,  669,  447,  517,  383,  391,  916,  756,  711,  710,   42,  739,  217,  469,  535,  457,  496,  240,  677,  265,  602],
        [   54,   54,  257,  653,  539,  694,  714,  584,  460,  661,  584,  397,  661,  302,  807,  669,    0,  558,  228,  802,  766,  251,  167,  179,  522,  640,  278,  454,  319,  252,  324,  230,  441,  586,  800,   81],
        [  513,  513,  483,  231,  601,  622,  313,   45,  628,  453,  496,  336,  391,  272,  485,  447,  558,    0,  331,  288,  242,  784,  714,  701,  286,  456,  445,  394,  241,  310,  236,  332,  312,  234,  363,  479],
        [  185,  185,  239,  444,  489,  602,  514,  356,  455,  521,  473,  257,  500,   90,  634,  517,  228,  331,    0,  581,  543,  463,  386,  379,  349,  498,  231,  328,   91,   40,   98,   26,  278,  390,  595,  149],
        [  764,  764,  653,  173,  645,  584,  177,  246,  716,  695,  499,  623,  624,  501,  320,  383,  802,  288,  581,    0,   49, 1044,  942,  916,  557,  415,  730,  476,  494,  572,  485,  574,  420,  481,  143,  721],
        [  727,  727,  629,  160,  641,  593,  187,  201,  705,  648,  499,  576,  577,  465,  347,  391,  766,  242,  543,   49,    0, 1005,  909,  885,  509,  420,  685,  461,  454,  532,  446,  537,  400,  433,  175,  685],
        [  281,  281,  491,  901,  756,  923,  964,  815,  661,  772,  823,  546,  794,  546, 1057,  916,  251,  784,  463, 1044, 1005,    0,  203,  262,  679,  885,  398,  700,  552,  476,  560,  470,  691,  761, 1048,  328],
        [  220,  220,  323,  783,  566,  738,  835,  736,  465,  820,  649,  560,  824,  448,  904,  756,  167,  714,  386,  942,  909,  203,    0,   60,  687,  721,  431,  541,  475,  414,  479,  383,  550,  752,  922,  239],
        [  232,  232,  280,  753,  510,  684,  801,  720,  408,  840,  600,  575,  839,  431,  861,  711,  179,  701,  379,  916,  885,  262,   60,    0,  698,  675,  455,  498,  464,  410,  466,  372,  514,  757,  888,  238],
        [  468,  468,  583,  515,  793,  860,  598,  331,  785,  187,  726,  134,  152,  364,  768,  710,  522,  286,  349,  557,  509,  679,  687,  698,    0,  709,  282,  595,  306,  309,  314,  369,  517,   94,  648,  463],
        [  628,  628,  399,  270,  249,  176,  239,  425,  345,  892,   97,  694,  838,  414,  196,   42,  640,  456,  498,  415,  420,  885,  721,  675,  709,    0,  723,  186,  456,  518,  444,  476,  220,  681,  302,  574],
        [  229,  229,  442,  626,  713,  832,  704,  485,  666,  390,  703,  149,  401,  309,  845,  739,  278,  445,  231,  730,  685,  398,  431,  455,  282,  723,    0,  558,  273,  206,  285,  255,  503,  367,  777,  250],
        [  444,  444,  219,  304,  208,  277,  324,  380,  247,  781,  146,  553,  737,  255,  364,  217,  454,  394,  328,  476,  461,  700,  541,  498,  595,  186,  558,    0,  306,  354,  295,  304,   83,  589,  409,  390],
        [  275,  275,  283,  364,  493,  582,  438,  266,  479,  489,  448,  247,  456,   59,  572,  469,  319,  241,   91,  494,  454,  552,  475,  464,  306,  456,  273,  306,    0,   80,   13,   93,  239,  328,  516,  239],
        [  204,  204,  278,  443,  523,  630,  516,  339,  493,  481,  499,  219,  460,  104,  645,  535,  252,  310,   40,  572,  532,  476,  414,  410,  309,  518,  206,  354,   80,    0,   90,   63,  298,  353,  595,  176],
        [  282,  282,  279,  354,  483,  570,  427,  260,  471,  497,  437,  258,  463,   52,  560,  457,  324,  236,   98,  485,  446,  560,  479,  466,  314,  444,  285,  295,   13,   90,    0,   96,  227,  333,  506,  244],
        [  190,  190,  216,  432,  464,  578,  500,  355,  431,  543,  449,  281,  520,   76,  616,  496,  230,  332,   26,  574,  537,  470,  383,  372,  369,  476,  255,  304,   93,   63,   96,    0,  257,  406,  582,  149],
        [  421,  421,  239,  249,  291,  346,  288,  300,  321,  703,  212,  483,  657,  195,  368,  240,  441,  312,  278,  420,  400,  691,  550,  514,  517,  220,  503,   83,  239,  298,  227,  257,    0,  507,  375,  368],
        [  532,  532,  611,  462,  794,  841,  543,  274,  798,  221,  710,  219,  158,  384,  717,  677,  586,  234,  390,  481,  433,  761,  752,  757,   94,  681,  367,  589,  328,  353,  333,  406,  507,    0,  584,  520],
        [  769,  769,  613,  153,  547,  460,   88,  318,  632,  803,  395,  691,  736,  507,  178,  265,  800,  363,  595,  143,  175, 1048,  922,  888,  648,  302,  777,  409,  516,  595,  506,  582,  375,  584,    0,  721],
        [   54,   54,  214,  574,  499,  643,  636,  503,  433,  615,  527,  346,  608,  221,  736,  602,   81,  479,  149,  721,  685,  328,  239,  238,  463,  574,  250,  390,  239,  176,  244,  149,  368,  520,  721,    0]
    ]
}
