{
    "name": "random-5-12239",
    "comment": "size=5 seed=12239",
    "nodes": ["+0", "-0", "+1", "-1", "+2", "-2", "+3", "-3", "+4", "-4", "+5", "-5"],
    "precedence": {
        "+0": "-0",
        "+1": "-1",
        "+2": "-2",
        "+3": "-3",
        "+4": "-4",
        "+5": "-5"
    },
    "edges": [
        [    0,    0,  212,  142,  791,   90,  305,  257,  194,  958,  134,  355],
        [    0,    0,  212,  142,  791,   90,  305,  257,  194,  958,  134,  355],
        [  212,  212,    0,  207,  794,  243,  410,   78,  313, 1041,  345,  563],
        [  142,  142,  207,    0,  918,  231,  446,  280,  334, 1100,  232,  448],
        [  791,  791,  794,  918,    0,  705,  516,  733,  610,  400,  811,  839],
        [   90,   90,  243,  231,  705,    0,  216,  263,  104,  870,  146,  334],
        [  305,  305,  410,  446,  516,  216,    0,  392,  113,  655,  297,  356],
        [  257,  257,   78,  280,  733,  263,  392,    0,  309, 1000,  386,  595],
        [  194,  194,  313,  334,  610,  104,  113,  309,    0,  767,  208,  333],
        [  958,  958, 1041, 1100,  400,  870,  655, 1000,  767,    0,  921,  847],
        [  134,  134,  345,  232,  811,  146,  297,  386,  208,  921,    0,  223],
        [  355,  355,  563,  448,  839,  334,  356,  595,  333,  847,  223,    0]
    ]
}
