{
    "name": "random-14-2728",
    "comment": "size=14 seed=2728",
    "nodes": ["+0", "-0", "+1", "-1", "+2", "-2", "+3", "-3", "+4", "-4", "+5", "-5", "+6", "-6", "+7", "-7", "+8", "-8", "+9", "-9", "+10", "-10", "+11", "-11", "+12", "-12", "+13", "-13", "+14", "-14"],
    "precedence": {
        "+0": "-0",
        "+1": "-1",
        "+2": "-2",
        "+3": "-3",
        "+4": "-4",
        "+5": "-5",
        "+6": "-6",
        "+7": "-7",
        "+8": "-8",
        "+9": "-9",
        "+10": "-10",
        "+11": "-11",
        "+12": "-12",
        "+13": "-13",
        "+14": "-14"
    },
    "edges": [
        [    0,    0,  467,  287,  537,  328,  437,  440,  689,  164,  488,  610,  186,  222,  225,  576,  453,  114,  156,  410,  394,  726,  415,  676,  321,  304,  329,  420,  279,  217],
        [    0,    0,  467,  287,  537,  328,  437,  440,  689,  164,  488,  610,  186,  222,  225,  576,  453,  114,  156,  410,  394,  726,  415,  676,  321,  304,  329,  420,  279,  217],
        [  467,  467,    0,  753,  917,  445,  876,  539, 1103,  545,  857, 1036,  610,  628,  602,  995,  833,  446,  316,  556,  644,  739,  774, 1037,  486,  613,  792,  741,  258,  682],
        [  287,  287,  753,    0,  398,  512,  223,  597,  493,  272,  395,  405,  214,  223,  266,  386,  337,  336,  439,  552,  467,  862,  364,  551,  481,  373,   64,  396,  546,   77],
        [  537,  537,  917,  398,    0,  506,  193,  954,  825,  390,  788,  740,  582,  317,  326,  737,   86,  490,  631,  914,  850, 1233,  761,  925,  459,  752,  341,  194,  661,  393],
        [  328,  328,  445,  512,  506,    0,  528,  718,  987,  241,  810,  902,  507,  300,  258,  874,  431,  216,  269,  702,  713,  995,  741,  997,   48,  628,  517,  315,  199,  439],
        [  437,  437,  876,  223,  193,  528,    0,  812,  634,  332,  601,  549,  429,  250,  283,  545,  166,  431,  565,  768,  689, 1082,  580,  733,  484,  594,  160,  282,  634,  244],
        [  440,  440,  539,  597,  954,  718,  812,    0,  691,  603,  429,  654,  384,  651,  661,  609,  874,  536,  450,   51,  177,  287,  361,  568,  728,  235,  660,  858,  564,  570],
        [  689,  689, 1103,  493,  825,  987,  634,  691,    0,  749,  264,   89,  508,  714,  755,  114,  793,  783,  833,  643,  516,  828,  341,  180,  961,  502,  519,  880,  966,  556],
        [  164,  164,  545,  272,  390,  241,  332,  603,  749,    0,  591,  663,  298,   84,   65,  637,  304,  102,  243,  572,  545,  889,  530,  772,  213,  449,  283,  257,  303,  198],
        [  488,  488,  857,  395,  788,  810,  601,  429,  264,  591,    0,  229,  304,  583,  618,  184,  732,  595,  613,  381,  254,  597,   83,  190,  795,  246,  448,  783,  750,  429],
        [  610,  610, 1036,  405,  740,  902,  549,  654,   89,  663,  229,    0,  433,  626,  668,   46,  706,  700,  757,  605,  478,  819,  295,  219,  876,  449,  431,  792,  888,  469],
        [  186,  186,  610,  214,  582,  507,  429,  384,  508,  298,  304,  433,    0,  310,  336,  396,  508,  292,  325,  340,  269,  655,  235,  492,  493,  171,  277,  523,  459,  191],
        [  222,  222,  628,  223,  317,  300,  250,  651,  714,   84,  583,  626,  310,    0,   44,  605,  232,  184,  324,  616,  573,  936,  531,  756,  264,  474,  218,  214,  385,  160],
        [  225,  225,  602,  266,  326,  258,  283,  661,  755,   65,  618,  668,  336,   44,    0,  646,  240,  165,  306,  629,  593,  947,  563,  793,  221,  496,  261,  197,  354,  200],
        [  576,  576,  995,  386,  737,  874,  545,  609,  114,  637,  184,   46,  396,  605,  646,    0,  699,  669,  721,  560,  432,  777,  250,  199,  850,  404,  418,  778,  853,  446],
        [  453,  453,  833,  337,   86,  431,  166,  874,  793,  304,  732,  706,  508,  232,  240,  699,    0,  404,  545,  836,  777, 1155,  698,  879,  384,  678,  287,  133,  578,  321],
        [  114,  114,  446,  336,  490,  216,  431,  536,  783,  102,  595,  700,  292,  184,  165,  669,  404,    0,  142,  512,  505,  821,  525,  783,  208,  417,  361,  343,  212,  259],
        [  156,  156,  316,  439,  631,  269,  565,  450,  833,  243,  613,  757,  325,  324,  306,  721,  545,  142,    0,  437,  465,  726,  534,  802,  285,  394,  477,  478,  138,  367],
        [  410,  410,  556,  552,  914,  702,  768,   51,  643,  572,  381,  605,  340,  616,  629,  560,  836,  512,  437,    0,  128,  321,  311,  526,  709,  186,  615,  826,  557,  527],
        [  394,  394,  644,  467,  850,  713,  689,  177,  516,  545,  254,  478,  269,  573,  593,  432,  777,  505,  465,  128,    0,  398,  185,  407,  711,   99,  531,  786,  598,  458],
        [  726,  726,  739,  862, 1233,  995, 1082,  287,  828,  889,  597,  819,  655,  936,  947,  777, 1155,  821,  726,  321,  398,    0,  557,  665, 1008,  489,  926, 1144,  826,  844],
        [  415,  415,  774,  364,  761,  741,  580,  361,  341,  530,   83,  295,  235,  531,  563,  250,  698,  525,  534,  311,  185,  557,    0,  269,  728,  164,  422,  738,  672,  384],
        [  676,  676, 1037,  551,  925,  997,  733,  568,  180,  772,  190,  219,  492,  756,  793,  199,  879,  783,  802,  526,  407,  665,  269,    0,  979,  426,  594,  946,  940,  597],
        [  321,  321,  486,  481,  459,   48,  484,  728,  961,  213,  795,  876,  493,  264,  221,  850,  384,  208,  285,  709,  711, 1008,  728,  979,    0,  624,  481,  268,  235,  409],
        [  304,  304,  613,  373,  752,  628,  594,  235,  502,  449,  246,  449,  171,  474,  496,  404,  678,  417,  394,  186,   99,  489,  164,  426,  624,    0,  437,  688,  531,  360],
        [  329,  329,  792,   64,  341,  517,  160,  660,  519,  283,  448,  431,  277,  218,  261,  418,  287,  361,  477,  615,  531,  926,  422,  594,  481,  437,    0,  362,  573,  112],
        [  420,  420,  741,  396,  194,  315,  282,  858,  880,  257,  783,  792,  523,  214,  197,  778,  133,  343,  478,  826,  786, 1144,  738,  946,  268,  688,  362,    0,  483,  355],
        [  279,  279,  258,  546,  661,  199,  634,  564,  966,  303,  750,  888,  459,  385,  354,  853,  578,  212,  138,  557,  598,  826,  672,  940,  235,  531,  573,  483,    0,  470],
        [  217,  217,  682,   77,  393,  439,  244,  570,  556,  198,  429,  469,  191,  160,  200,  446,  321,  259,  367,  527,  458,  844,  384,  597,  409,  360,  112,  355,  470,    0]
    ]
}
