{
    "name": "random-28-312",
    "comment": "size=28 seed=312",
    "nodes": ["+0", "-0", "+1", "-1", "+2", "-2", "+3", "-3", "+4", "-4", "+5", "-5", "+6", "-6", "+7", "-7", "+8", "-8", "+9", "-9", "+10", "-10", "+11", "-11", "+12", "-12", "+13", "-13", "+14", "-14", "+15", "-15", "+16", "-16", "+17", "-17", "+18", "-18", "+19", "-19", "+20", "-20", "+21", "-21", "+22", "-22", "+23", "-23", "+24", "-24", "+25", "-25", "+26", "-26", "+27", "-27", "+28", "-28"],
    "precedence": {
        "+0": "-0",
        "+1": "-1",
        "+2": "-2",
        "+3": "-3",
        "+4": "-4",
        "+5": "-5",
        "+6": "-6",
        "+7": "-7",
        "+8": "-8",
        "+9": "-9",
        "+10": "-10",
        "+11": "-11",
        "+12": "-12",
        "+13": "-13",
        "+14": "-14",
        "+15": "-15",
        "+16": "-16",
        "+17": "-17",
        "+18": "-18",
        "+19": "-19",
        "+20": "-20",
        "+21": "-21",
        "+22": "-22",
        "+23": "-23",
        "+24": "-24",
        "+25": "-25",
        "+26": "-26",
        "+27": "-27",
        "+28": "-28"
    },
    "edges": [
        [    0,    0,  708,  283,  836,  709,  496,  194,   19,  715,  375,  195,  837,  588,  726,  342,  456,  410,  668,  134,  531,  972,  201,  668,  342,  202,  852,  742,  857,  530,   59,  718,  604,  662,  516,  745,  587,  918,  790,  597,  183,  705,  216,  691,  663, 1035,  901,  341,  514,  565,  533,  853,  582,  388,  757,  604,  353,  352],
        [    0,    0,  708,  283,  836,  709,  496,  194,   19,  715,  375,  195,  837,  588,  726,  342,  456,  410,  668,  134,  531,  972,  201,  668,  342,  202,  852,  742,  857,  530,   59,  718,  604,  662,  516,  745,  587,  918,  790,  597,  183,  705,  216,  691,  663, 1035,  901,  341,  514,  565,  533,  853,  582,  388,  757,  604,  353,  352],
        [  708,  708,    0,  458,  306,  513,  292,  707,  716, 1094,  684,  517,  196,  121,  743,  551,  752,  418,  242,  828,  226,  722,  698,   95,  527,  541,  813,  195,  264,  925,  658,  771,  603,  937,  815, 1065,  349,  637,  755,  651,  798,   99,  853,  167,  286,  688,  750,  474,  300,  605,  957,  601,  542,  553,  445,  780,  547,  435],
        [  283,  283,  458,    0,  554,  456,  339,  251,  296,  716,  286,  152,  619,  345,  544,  161,  376,  141,  494,  382,  340,  729,  376,  402,  140,   87,  662,  543,  657,  527,  250,  550,  395,  597,  449,  713,  309,  665,  595,  411,  431,  436,  395,  414,  381,  775,  679,   95,  231,  365,  551,  602,  353,  198,  487,  479,  166,   81],
        [  836,  836,  306,  554,    0,  316,  558,  762,  849,  999,  662,  674,  457,  363,  564,  561,  696,  441,  547,  929,  494,  443,  893,  245,  545,  638,  595,  496,  536,  865,  800,  601,  468,  823,  741,  948,  271,  359,  551,  523,  972,  216,  917,  174,  178,  388,  500,  514,  323,  490,  904,  342,  420,  538,  215,  662,  553,  491],
        [  709,  709,  513,  456,  316,    0,  645,  573,  726,  692,  420,  607,  704,  492,  249,  372,  423,  316,  714,  764,  599,  275,  831,  420,  369,  515,  301,  700,  776,  577,  692,  285,  169,  513,  452,  636,  192,  211,  246,  220,  879,  418,  717,  349,  228,  326,  251,  373,  292,  203,  618,  146,  145,  331,  105,  356,  362,  376],
        [  496,  496,  292,  339,  558,  645,    0,  566,  498, 1054,  623,  307,  355,  196,  818,  491,  710,  397,  173,  628,   67,  904,  431,  315,  466,  393,  919,  250,  363,  865,  439,  835,  663,  927,  782, 1047,  454,  823,  853,  696,  540,  350,  684,  386,  454,  903,  895,  409,  356,  646,  888,  771,  606,  517,  619,  794,  493,  372],
        [  194,  194,  707,  251,  762,  573,  566,    0,  211,  536,  189,  276,  869,  595,  548,  207,  264,  323,  733,  194,  581,  820,  388,  645,  220,  176,  674,  789,  904,  346,  221,  536,  443,  470,  323,  558,  494,  776,  614,  426,  373,  677,  155,  646,  585,  897,  736,  251,  450,  402,  355,  710,  434,  244,  640,  415,  217,  282],
        [   19,   19,  716,  296,  849,  726,  498,  211,    0,  730,  393,  201,  842,  595,  745,  360,  474,  426,  669,  137,  535,  990,  186,  678,  359,  217,  870,  745,  860,  546,   60,  736,  622,  679,  534,  761,  602,  936,  808,  615,  164,  715,  226,  703,  677, 1051,  919,  357,  527,  583,  549,  870,  599,  406,  773,  622,  370,  367],
        [  715,  715, 1094,  716,  999,  692, 1054,  536,  730,    0,  431,  801, 1285, 1012,  472,  566,  348,  685, 1201,  640, 1048,  785,  915, 1007,  592,  678,  534, 1234, 1340,  193,  753,  433,  532,  180,  280,   87,  765,  797,  524,  477,  872, 1026,  528,  968,  857,  908,  662,  650,  795,  512,  182,  752,  582,  550,  796,  338,  566,  690],
        [  375,  375,  684,  286,  662,  420,  623,  189,  393,  431,    0,  391,  868,  591,  361,  137,   93,  267,  771,  377,  617,  645,  557,  605,  163,  261,  486,  808,  917,  246,  389,  347,  270,  317,  165,  428,  395,  610,  428,  243,  557,  630,  307,  582,  492,  733,  554,  221,  390,  228,  275,  546,  276,  133,  504,  230,  139,  261],
        [  195,  195,  517,  152,  674,  607,  307,  276,  201,  801,  391,    0,  643,  396,  689,  292,  483,  291,  479,  324,  338,  880,  227,  484,  277,  130,  810,  549,  665,  609,  142,  691,  544,  706,  554,  812,  450,  815,  743,  555,  298,  522,  379,  517,  510,  923,  831,  244,  360,  512,  624,  752,  504,  336,  632,  606,  300,  232],
        [  837,  837,  196,  619,  457,  704,  355,  869,  842, 1285,  868,  643,    0,  278,  937,  732,  939,  602,  207,  966,  308,  894,  785,  289,  707,  696, 1004,  113,   80, 1111,  782,  966,  798, 1130, 1005, 1257,  544,  810,  947,  846,  894,  286, 1006,  355,  477,  844,  934,  651,  491,  799, 1142,  780,  737,  739,  628,  975,  729,  611],
        [  588,  588,  121,  345,  363,  492,  196,  595,  595, 1012,  591,  396,  278,    0,  699,  455,  665,  327,  223,  709,  131,  733,  581,  120,  429,  426,  785,  226,  328,  835,  537,  723,  550,  863,  732,  989,  307,  650,  722,  593,  678,  155,  738,  192,  278,  719,  740,  373,  229,  544,  865,  604,  489,  463,  447,  713,  452,  333],
        [  726,  726,  743,  544,  564,  249,  818,  548,  745,  472,  361,  689,  937,  699,    0,  400,  309,  429,  919,  737,  785,  326,  892,  649,  413,  568,  126,  920, 1006,  406,  730,   40,  156,  295,  296,  405,  396,  327,   69,  135,  908,  653,  659,  586,  463,  441,  212,  450,  474,  180,  446,  280,  214,  355,  350,  170,  392,  474],
        [  342,  342,  551,  161,  561,  372,  491,  207,  360,  566,  137,  292,  732,  455,  400,    0,  220,  136,  635,  393,  482,  631,  493,  476,   26,  168,  524,  671,  781,  383,  335,  400,  265,  438,  292,  557,  291,  579,  458,  266,  519,  503,  359,  461,  385,  698,  561,   84,  264,  228,  412,  514,  240,   47,  434,  319,   11,  124],
        [  456,  456,  752,  376,  696,  423,  710,  264,  474,  348,   93,  483,  939,  665,  309,  220,    0,  338,  853,  439,  701,  617,  644,  668,  245,  353,  430,  886,  993,  175,  475,  288,  258,  224,   73,  338,  439,  594,  378,  216,  636,  689,  353,  636,  535,  716,  515,  303,  453,  221,  211,  533,  285,  202,  518,  155,  219,  342],
        [  410,  410,  418,  141,  441,  316,  397,  323,  426,  685,  267,  291,  602,  327,  429,  136,  338,    0,  523,  491,  375,  590,  516,  340,  113,  209,  540,  549,  655,  509,  385,  442,  275,  541,  406,  665,  178,  525,  473,  301,  569,  367,  478,  327,  263,  635,  545,   74,  130,  252,  541,  462,  224,  137,  349,  399,  131,   61],
        [  668,  668,  242,  494,  547,  714,  173,  733,  669, 1201,  771,  479,  207,  223,  919,  635,  853,  523,    0,  800,  155,  949,  591,  313,  610,  558, 1006,   95,  197, 1016,  610,  941,  767, 1063,  924, 1187,  529,  865,  944,  807,  702,  335,  855,  394,  496,  925,  962,  552,  446,  758, 1042,  822,  707,  654,  664,  920,  635,  512],
        [  134,  134,  828,  382,  929,  764,  628,  194,  137,  640,  377,  324,  966,  709,  737,  393,  439,  491,  800,    0,  661, 1013,  303,  781,  401,  296,  862,  873,  988,  469,  192,  722,  636,  618,  487,  683,  668,  968,  804,  618,  236,  816,  112,  796,  753, 1088,  929,  418,  608,  595,  463,  902,  626,  434,  825,  594,  403,  439],
        [  531,  531,  226,  340,  494,  599,   67,  581,  535, 1048,  617,  338,  308,  131,  785,  482,  701,  375,  155,  661,    0,  851,  486,  250,  457,  406,  880,  212,  328,  862,  475,  803,  630,  913,  772, 1035,  408,  770,  815,  667,  592,  284,  708,  322,  398,  845,  849,  399,  314,  617,  888,  720,  571,  502,  565,  773,  482,  359],
        [  972,  972,  722,  729,  443,  275,  904,  820,  990,  785,  645,  880,  894,  733,  326,  631,  617,  590,  949, 1013,  851,    0, 1104,  637,  631,  784,  256,  917,  972,  731,  960,  361,  377,  613,  617,  709,  455,   86,  264,  405, 1146,  623,  952,  558,  455,  128,  124,  643,  558,  419,  771,  133,  391,  585,  287,  494,  620,  649],
        [  201,  201,  698,  376,  893,  831,  431,  388,  186,  915,  557,  227,  785,  581,  892,  493,  644,  516,  591,  303,  486, 1104,    0,  685,  484,  326, 1016,  678,  787,  730,  170,  889,  755,  857,  709,  944,  677, 1041,  950,  758,  114,  723,  407,  729,  734, 1149, 1048,  462,  585,  720,  734,  977,  721,  539,  859,  786,  502,  456],
        [  668,  668,   95,  402,  245,  420,  315,  645,  678, 1007,  605,  484,  289,  120,  649,  476,  668,  340,  313,  781,  250,  637,  685,    0,  452,  488,  719,  283,  359,  842,  622,  677,  509,  847,  729,  975,  255,  553,  661,  559,  777,   39,  795,   81,  193,  612,  659,  402,  216,  513,  876,  513,  449,  472,  356,  689,  471,  366],
        [  342,  342,  527,  140,  545,  369,  466,  220,  359,  592,  163,  277,  707,  429,  413,   26,  245,  113,  610,  401,  457,  631,  484,  452,    0,  158,  534,  646,  755,  408,  330,  415,  272,  462,  317,  581,  275,  577,  468,  278,  516,  480,  373,  439,  367,  695,  566,   59,  242,  237,  437,  512,  242,   60,  425,  339,   27,   99],
        [  202,  202,  541,   87,  638,  515,  393,  176,  217,  678,  261,  130,  696,  426,  568,  168,  353,  209,  558,  296,  406,  784,  326,  488,  158,    0,  691,  615,  730,  486,  178,  568,  430,  577,  425,  684,  385,  725,  625,  434,  364,  522,  312,  500,  463,  839,  723,  143,  315,  394,  504,  660,  397,  214,  557,  478,  177,  151],
        [  852,  852,  813,  662,  595,  301,  919,  674,  870,  534,  486,  810, 1004,  785,  126,  524,  430,  540, 1006,  862,  880,  256, 1016,  719,  534,  691,    0,  998, 1076,  505,  855,  143,  268,  369,  407,  455,  478,  288,   68,  258, 1034,  718,  782,  649,  527,  382,  133,  568,  567,  298,  543,  266,  318,  477,  385,  281,  514,  589],
        [  742,  742,  195,  543,  496,  700,  250,  789,  745, 1234,  808,  549,  113,  226,  920,  671,  886,  549,   95,  873,  212,  917,  678,  283,  646,  615,  998,    0,  116, 1054,  685,  945,  772, 1087,  954, 1213,  524,  832,  938,  817,  789,  294,  920,  360,  475,  881,  941,  588,  454,  768, 1082,  795,  711,  684,  638,  938,  670,  548],
        [  857,  857,  264,  657,  536,  776,  363,  904,  860, 1340,  917,  665,   80,  328, 1006,  781,  993,  655,  197,  988,  328,  972,  787,  359,  755,  730, 1076,  116,    0, 1162,  800, 1034,  864, 1189, 1060, 1316,  611,  888, 1019,  911,  898,  359, 1036,  428,  549,  923, 1009,  698,  551,  863, 1192,  857,  803,  791,  704, 1036,  779,  658],
        [  530,  530,  925,  527,  865,  577,  865,  346,  546,  193,  246,  609, 1111,  835,  406,  383,  175,  509, 1016,  469,  862,  731,  730,  842,  408,  486,  505, 1054, 1162,    0,  565,  372,  409,  164,  126,  216,  612,  723,  471,  359,  696,  863,  361,  810,  708,  843,  616,  466,  627,  379,   42,  668,  447,  373,  677,  238,  384,  506],
        [   59,   59,  658,  250,  800,  692,  439,  221,   60,  753,  389,  142,  782,  537,  730,  335,  475,  385,  610,  192,  475,  960,  170,  622,  330,  178,  855,  685,  800,  565,    0,  724,  600,  688,  540,  778,  558,  903,  791,  598,  187,  659,  270,  649,  629, 1016,  895,  320,  479,  562,  572,  837,  572,  382,  733,  618,  345,  325],
        [  718,  718,  771,  550,  601,  285,  835,  536,  736,  433,  347,  691,  966,  723,   40,  400,  288,  442,  941,  722,  803,  361,  889,  677,  415,  568,  143,  945, 1034,  372,  724,    0,  174,  256,  267,  365,  423,  366,   99,  141,  900,  683,  640,  617,  494,  479,  244,  456,  496,  190,  412,  320,  235,  356,  387,  140,  392,  482],
        [  604,  604,  603,  395,  468,  169,  663,  443,  622,  532,  270,  544,  798,  550,  156,  265,  258,  275,  767,  636,  630,  377,  755,  509,  272,  430,  268,  772,  864,  409,  600,  174,    0,  356,  284,  483,  255,  341,  201,   55,  783,  519,  575,  455,  335,  464,  297,  301,  322,   42,  450,  278,   62,  218,  269,  195,  255,  322],
        [  662,  662,  937,  597,  823,  513,  927,  470,  679,  180,  317,  706, 1130,  863,  295,  438,  224,  541, 1063,  618,  913,  613,  857,  847,  462,  577,  369, 1087, 1189,  164,  688,  256,  356,    0,  153,  129,  598,  621,  350,  302,  836,  862,  514,  802,  687,  733,  492,  518,  639,  340,  192,  573,  410,  412,  618,  162,  436,  556],
        [  516,  516,  815,  449,  741,  452,  782,  323,  534,  280,  165,  554, 1005,  732,  296,  292,   73,  406,  924,  487,  772,  617,  709,  729,  317,  425,  407,  954, 1060,  126,  540,  267,  284,  153,    0,  265,  492,  603,  364,  234,  694,  749,  391,  693,  587,  724,  507,  374,  516,  253,  167,  546,  322,  271,  551,  127,  291,  414],
        [  745,  745, 1065,  713,  948,  636, 1047,  558,  761,   87,  428,  812, 1257,  989,  405,  557,  338,  665, 1187,  683, 1035,  709,  944,  975,  581,  684,  455, 1213, 1316,  216,  778,  365,  483,  129,  265,    0,  727,  726,  450,  429,  911,  990,  573,  930,  815,  833,  586,  638,  766,  468,  222,  684,  537,  534,  740,  290,  555,  677],
        [  587,  587,  349,  309,  271,  192,  454,  494,  602,  765,  395,  450,  544,  307,  396,  291,  439,  178,  529,  668,  408,  455,  677,  255,  275,  385,  478,  524,  611,  612,  558,  423,  255,  598,  492,  727,    0,  380,  416,  305,  740,  266,  648,  204,   98,  477,  442,  251,  103,  260,  649,  322,  194,  268,  184,  438,  282,  235],
        [  918,  918,  637,  665,  359,  211,  823,  776,  936,  797,  610,  815,  810,  650,  327,  579,  594,  525,  865,  968,  770,   86, 1041,  553,  577,  725,  288,  832,  888,  723,  903,  366,  341,  621,  603,  726,  380,    0,  276,  378, 1089,  538,  914,  473,  373,  124,  162,  583,  482,  382,  764,   66,  343,  536,  205,  486,  569,  585],
        [  790,  790,  755,  595,  551,  246,  853,  614,  808,  524,  428,  743,  947,  722,   69,  458,  378,  473,  944,  804,  815,  264,  950,  661,  468,  625,   68,  938, 1019,  471,  791,   99,  201,  350,  364,  450,  416,  276,    0,  193,  971,  662,  728,  593,  471,  385,  146,  501,  502,  232,  511,  240,  251,  412,  338,  237,  449,  522],
        [  597,  597,  651,  411,  523,  220,  696,  426,  615,  477,  243,  555,  846,  593,  135,  266,  216,  301,  807,  618,  667,  405,  758,  559,  278,  434,  258,  817,  911,  359,  598,  141,   55,  302,  234,  429,  305,  378,  193,    0,  778,  570,  549,  506,  388,  501,  312,  316,  364,   50,  400,  317,  111,  220,  322,  141,  257,  342],
        [  183,  183,  798,  431,  972,  879,  540,  373,  164,  872,  557,  298,  894,  678,  908,  519,  636,  569,  702,  236,  592, 1146,  114,  777,  516,  364, 1034,  789,  898,  696,  187,  900,  783,  836,  694,  911,  740, 1089,  971,  778,    0,  814,  347,  814,  806, 1202, 1080,  506,  656,  745,  693, 1024,  757,  566,  917,  786,  529,  509],
        [  705,  705,   99,  436,  216,  418,  350,  677,  715, 1026,  630,  522,  286,  155,  653,  503,  689,  367,  335,  816,  284,  623,  723,   39,  480,  522,  718,  294,  359,  863,  659,  683,  519,  862,  749,  990,  266,  538,  662,  570,  814,    0,  828,   69,  192,  591,  652,  432,  240,  525,  898,  502,  459,  497,  347,  703,  497,  397],
        [  216,  216,  853,  395,  917,  717,  684,  155,  226,  528,  307,  379, 1006,  738,  659,  359,  353,  478,  855,  112,  708,  952,  407,  795,  373,  312,  782,  920, 1036,  361,  270,  640,  575,  514,  391,  573,  648,  914,  728,  549,  347,  828,    0,  799,  739, 1037,  859,  405,  604,  534,  352,  849,  575,  392,  790,  506,  369,  435],
        [  691,  691,  167,  414,  174,  349,  386,  646,  703,  968,  582,  517,  355,  192,  586,  461,  636,  327,  394,  796,  322,  558,  729,   81,  439,  500,  649,  360,  428,  810,  649,  617,  455,  802,  693,  930,  204,  473,  593,  506,  814,   69,  799,    0,  124,  532,  583,  396,  198,  463,  846,  435,  396,  450,  279,  642,  454,  365],
        [  663,  663,  286,  381,  178,  228,  454,  585,  677,  857,  492,  510,  477,  278,  463,  385,  535,  263,  496,  753,  398,  455,  734,  193,  367,  463,  527,  475,  549,  708,  629,  494,  335,  687,  587,  815,   98,  373,  471,  388,  806,  192,  739,  124,    0,  451,  468,  336,  151,  347,  746,  327,  278,  364,  170,  526,  377,  314],
        [ 1035, 1035,  688,  775,  388,  326,  903,  897, 1051,  908,  733,  923,  844,  719,  441,  698,  716,  635,  925, 1088,  845,  128, 1149,  612,  695,  839,  382,  881,  923,  843, 1016,  479,  464,  733,  724,  833,  477,  124,  385,  501, 1202,  591, 1037,  532,  451,    0,  250,  696,  578,  505,  883,  188,  463,  655,  294,  605,  687,  695],
        [  901,  901,  750,  679,  500,  251,  895,  736,  919,  662,  554,  831,  934,  740,  212,  561,  515,  545,  962,  929,  849,  124, 1048,  659,  566,  723,  133,  941, 1009,  616,  895,  244,  297,  492,  507,  586,  442,  162,  146,  312, 1080,  652,  859,  583,  468,  250,    0,  588,  541,  337,  656,  159,  327,  514,  306,  381,  551,  601],
        [  341,  341,  474,   95,  514,  373,  409,  251,  357,  650,  221,  244,  651,  373,  450,   84,  303,   74,  552,  418,  399,  643,  462,  402,   59,  143,  568,  588,  698,  466,  320,  456,  301,  518,  374,  638,  251,  583,  501,  316,  506,  432,  405,  396,  336,  696,  588,    0,  200,  271,  494,  518,  261,  109,  416,  390,   84,   41],
        [  514,  514,  300,  231,  323,  292,  356,  450,  527,  795,  390,  360,  491,  229,  474,  264,  453,  130,  446,  608,  314,  558,  585,  216,  242,  315,  567,  454,  551,  627,  479,  496,  322,  639,  516,  766,  103,  482,  502,  364,  656,  240,  604,  198,  151,  578,  541,  200,    0,  315,  660,  425,  261,  258,  284,  486,  258,  170],
        [  565,  565,  605,  365,  490,  203,  646,  402,  583,  512,  228,  512,  799,  544,  180,  228,  221,  252,  758,  595,  617,  419,  720,  513,  237,  394,  298,  768,  863,  379,  562,  190,   42,  340,  253,  468,  260,  382,  232,   50,  745,  525,  534,  463,  347,  505,  337,  271,  315,    0,  419,  318,   71,  181,  299,  179,  218,  295],
        [  533,  533,  957,  551,  904,  618,  888,  355,  549,  182,  275,  624, 1142,  865,  446,  412,  211,  541, 1042,  463,  888,  771,  734,  876,  437,  504,  543, 1082, 1192,   42,  572,  412,  450,  192,  167,  222,  649,  764,  511,  400,  693,  898,  352,  846,  746,  883,  656,  494,  660,  419,    0,  709,  487,  405,  717,  279,  414,  535],
        [  853,  853,  601,  602,  342,  146,  771,  710,  870,  752,  546,  752,  780,  604,  280,  514,  533,  462,  822,  902,  720,  133,  977,  513,  512,  660,  266,  795,  857,  668,  837,  320,  278,  573,  546,  684,  322,   66,  240,  317, 1024,  502,  849,  435,  327,  188,  159,  518,  425,  318,  709,    0,  277,  470,  158,  432,  503,  521],
        [  582,  582,  542,  353,  420,  145,  606,  434,  599,  582,  276,  504,  737,  489,  214,  240,  285,  224,  707,  626,  571,  391,  721,  449,  242,  397,  318,  711,  803,  447,  572,  235,   62,  410,  322,  537,  194,  343,  251,  111,  757,  459,  575,  396,  278,  463,  327,  261,  261,   71,  487,  277,    0,  195,  234,  248,  230,  276],
        [  388,  388,  553,  198,  538,  331,  517,  244,  406,  550,  133,  336,  739,  463,  355,   47,  202,  137,  654,  434,  502,  585,  539,  472,   60,  214,  477,  684,  791,  373,  382,  356,  218,  412,  271,  534,  268,  536,  412,  220,  566,  497,  392,  450,  364,  655,  514,  109,  258,  181,  405,  470,  195,    0,  398,  282,   38,  145],
        [  757,  757,  445,  487,  215,  105,  619,  640,  773,  796,  504,  632,  628,  447,  350,  434,  518,  349,  664,  825,  565,  287,  859,  356,  425,  557,  385,  638,  704,  677,  733,  387,  269,  618,  551,  740,  184,  205,  338,  322,  917,  347,  790,  279,  170,  294,  306,  416,  284,  299,  717,  158,  234,  398,    0,  460,  424,  409],
        [  604,  604,  780,  479,  662,  356,  794,  415,  622,  338,  230,  606,  975,  713,  170,  319,  155,  399,  920,  594,  773,  494,  786,  689,  339,  478,  281,  938, 1036,  238,  618,  140,  195,  162,  127,  290,  438,  486,  237,  141,  786,  703,  506,  642,  526,  605,  381,  390,  486,  179,  279,  432,  248,  282,  460,    0,  313,  425],
        [  353,  353,  547,  166,  553,  362,  493,  217,  370,  566,  139,  300,  729,  452,  392,   11,  219,  131,  635,  403,  482,  620,  502,  471,   27,  177,  514,  670,  779,  384,  345,  392,  255,  436,  291,  555,  282,  569,  449,  257,  529,  497,  369,  454,  377,  687,  551,   84,  258,  218,  414,  503,  230,   38,  424,  313,    0,  124],
        [  352,  352,  435,   81,  491,  376,  372,  282,  367,  690,  261,  232,  611,  333,  474,  124,  342,   61,  512,  439,  359,  649,  456,  366,   99,  151,  589,  548,  658,  506,  325,  482,  322,  556,  414,  677,  235,  585,  522,  342,  509,  397,  435,  365,  314,  695,  601,   41,  170,  295,  535,  521,  276,  145,  409,  425,  124,    0]
    ]
}
