{
    "name": "random-90-24224",
    "comment": "size=90 seed=24224",
    "nodes": ["+0", "-0", "+1", "-1", "+2", "-2", "+3", "-3", "+4", "-4", "+5", "-5", "+6", "-6", "+7", "-7", "+8", "-8", "+9", "-9", "+10", "-10", "+11", "-11", "+12", "-12", "+13", "-13", "+14", "-14", "+15", "-15", "+16", "-16", "+17", "-17", "+18", "-18", "+19", "-19", "+20", "-20", "+21", "-21", "+22", "-22", "+23", "-23", "+24", "-24", "+25", "-25", "+26", "-26", "+27", "-27", "+28", "-28", "+29", "-29", "+30", "-30", "+31", "-31", "+32", "-32", "+33", "-33", "+34", "-34", "+35", "-35", "+36", "-36", "+37", "-37", "+38", "-38", "+39", "-39", "+40", "-40", "+41", "-41", "+42", "-42", "+43", "-43", "+44", "-44", "+45", "-45", "+46", "-46", "+47", "-47", "+48", "-48", "+49", "-49", "+50", "-50", "+51", "-51", "+52", "-52", "+53", "-53", "+54", "-54", "+55", "-55", "+56", "-56", "+57", "-57", "+58", "-58", "+59", "-59", "+60", "-60", "+61", "-61", "+62", "-62", "+63", "-63", "+64", "-64", "+65", "-65", "+66", "-66", "+67", "-67", "+68", "-68", "+69", "-69", "+70", "-70", "+71", "-71", "+72", "-72", "+73", "-73", "+74", "-74", "+75", "-75", "+76", "-76", "+77", "-77", "+78", "-78", "+79", "-79", "+80", "-80", "+81", "-81", "+82", "-82", "+83", "-83", "+84", "-84", "+85", "-85", "+86", "-86", "+87", "-87", "+88", "-88", "+89", "-89", "+90", "-90"],
    "precedence": {
        "+0": "-0",
        "+1": "-1",
        "+2": "-2",
        "+3": "-3",
        "+4": "-4",
        "+5": "-5",
        "+6": "-6",
        "+7": "-7",
        "+8": "-8",
        "+9": "-9",
        "+10": "-10",
        "+11": "-11",
        "+12": "-12",
        "+13": "-13",
        "+14": "-14",
        "+15": "-15",
        "+16": "-16",
        "+17": "-17",
        "+18": "-18",
        "+19": "-19",
        "+20": "-20",
        "+21": "-21",
        "+22": "-22",
        "+23": "-23",
        "+24": "-24",
        "+25": "-25",
        "+26": "-26",
        "+27": "-27",
        "+28": "-28",
        "+29": "-29",
        "+30": "-30",
        "+31": "-31",
        "+32": "-32",
        "+33": "-33",
        "+34": "-34",
        "+35": "-35",
        "+36": "-36",
        "+37": "-37",
        "+38": "-38",
        "+39": "-39",
        "+40": "-40",
        "+41": "-41",
        "+42": "-42",
        "+43": "-43",
        "+44": "-44",
        "+45": "-45",
        "+46": "-46",
        "+47": "-47",
        "+48": "-48",
        "+49": "-49",
        "+50": "-50",
        "+51": "-51",
        "+52": "-52",
        "+53": "-53",
        "+54": "-54",
        "+55": "-55",
        "+56": "-56",
        "+57": "-57",
        "+58": "-58",
        "+59": "-59",
        "+60": "-60",
        "+61": "-61",
        "+62": "-62",
        "+63": "-63",
        "+64": "-64",
        "+65": "-65",
        "+66": "-66",
        "+67": "-67",
        "+68": "-68",
        "+69": "-69",
        "+70": "-70",
        "+71": "-71",
        "+72": "-72",
        "+73": "-73",
        "+74": "-74",
        "+75": "-75",
        "+76": "-76",
        "+77": "-77",
        "+78": "-78",
        "+79": "-79",
        "+80": "-80",
        "+81": "-81",
        "+82": "-82",
        "+83": "-83",
        "+84": "-84",
        "+85": "-85",
        "+86": "-86",
        "+87": "-87",
        "+88": "-88",
        "+89": "-89",
        "+90": "-90"
    },
    "edges": [
        [    0,    0,  195,  158,  402,  194,  436,  688,  558,  338,   71,  785,  275,  584,  369,   48,   66,  344,  749,  174,  246,  545,  287,  225,  406,  464,  431,  331,  153,  655,  464,  190,  740,  516,  523,  480,  523,  348,  416,  367,  446,  394,  829,  156,  680,  389,  443,  808,  837,  295,  468,  389,  287,  177,  538,  310,  819,  694,  158,  448,  534,  413,  500,  780,  666,  206,  350,  234,  324,  408,  257,  190,  798,  187,   60,  432,  211,  439,  776,  649,  196,  191,  162,  648,  361,  716,  590,  468,  707,  459,  360,  276,  484,  610,  460,  235,  563,  745,  662,  498,  205,  661,  550,  530,  701,  595,  536,  369,  392,  352,  306,  280,  785,  385,  179,  426,  587,  378,  643,  388,  331,  745,  490,   91,   24,  255,   56,  409,  718,  727,  349,  420,  739,  539,  768,  464,  616,  685,  141,  538,  862,  805,  519,  717,  413,  659,  478,  528,  427,  143,  562,  695,  707,  790,  373,  433,  421,  432,  679,  243,  228,  204,  456,  535,  700,  552,  929,  488,  568,  341,  439,  353,  363,  676,  682,  455,  180,  245,  402,  516,  208,  850],
        [    0,    0,    0,    0,    0,    0,    0,    0,    0,    0,    0,    0,    0,    0,    0,    0,    0,    0,    0,    0,    0,    0,    0,    0,    0,    0,    0,    0,    0,    0,    0,    0,    0,    0,    0,    0,    0,    0,    0,    0,    0,    0,    0,    0,    0,    0,    0,    0,    0,    0,    0,    0,    0,    0,    0,    0,    0,    0,    0,    0,    0,    0,    0,    0,    0,    0,    0,    0,    0,    0,    0,    0,    0,    0,    0,    0,    0,    0,    0,    0,    0,    0,    0,    0,    0,    0,    0,    0,    0,    0,    0,    0,    0,    0,    0,    0,    0,    0,    0,    0,    0,    0,    0,    0,    0,    0,    0,    0,    0,    0,    0,    0,    0,    0,    0,    0,    0,    0,    0,    0,    0,    0,    0,    0,    0,    0,    0,    0,    0,    0,    0,    0,    0,    0,    0,    0,    0,    0,    0,    0,    0,    0,    0,    0,    0,    0,    0,    0,    0,    0,    0,    0,    0,    0,    0,    0,    0,    0,    0,    0,    0,    0,    0,    0,    0,    0,    0,    0,    0,    0,    0,    0,    0,    0,    0,    0,    0,    0,    0,    0,    0,    0],
        [  195,    0,    0,  215,  465,  267,  631,  606,  738,  474,  127,  736,  455,  731,  537,  230,  182,  438,  780,  363,  180,  495,  128,  343,  504,  414,  309,  386,  312,  605,  418,  226,  683,  709,  579,  525,  712,  478,  392,  557,  612,  339,  970,  220,  796,  577,  492,  929,  782,  112,  648,  214,  135,  153,  732,  244,  952,  846,  197,  496,  628,  327,  508,  707,  793,  269,  540,  197,  519,  418,  414,  171,  731,  335,  156,  351,  152,  598,  900,  601,  191,  132,   57,  676,  186,  685,  578,  654,  798,  487,  171,  178,  647,  596,  410,   53,  708,  713,  820,  692,  381,  777,  583,  462,  669,  736,  420,  469,  198,  157,  424,  189,  785,  193,  254,  598,  617,  538,  608,  233,  505,  904,  662,  125,  195,  230,  246,  596,  878,  726,  527,  400,  720,  732,  855,  286,  607,  710,  252,  412,  801,  948,  696,  865,  605,  681,  343,  426,  511,  182,  644,  733,  833,  890,  213,  486,  593,  618,  769,  269,  255,   61,  383,  727,  789,  540, 1065,  676,  752,  405,  250,  402,  522,  774,  853,  568,  303,  401,  590,  665,  396,  787],
        [  158,    0,  215,    0,  558,  347,  498,  801,  552,  491,  167,  915,  284,  729,  344,  201,  215,  502,  903,  226,  129,  672,  341,  133,  564,  590,  517,  486,  139,  784,  591,  332,  867,  601,  679,  635,  622,  502,  551,  470,  580,  516,  974,    9,  833,  414,  598,  960,  965,  325,  588,  326,  222,   78,  582,  423,  967,  834,   20,  603,  692,  520,  647,  899,  817,  358,  455,  353,  396,  553,  220,   73,  920,  145,  113,  542,  317,  580,  927,  778,  324,  108,  158,  801,  399,  853,  732,  575,  864,  610,  377,  169,  619,  751,  585,  267,  708,  882,  799,  563,  212,  816,  703,  649,  837,  742,  627,  527,  389,  336,  463,  378,  932,  356,   40,  556,  740,  339,  778,  302,  320,  880,  469,  200,  135,  109,  199,  430,  853,  874,  474,  556,  880,  623,  926,  397,  759,  837,   59,  622,  988,  948,  641,  859,  507,  811,  555,  628,  585,   34,  720,  850,  859,  946,  428,  588,  402,  542,  837,  387,  371,  177,  571,  571,  857,  693, 1075,  591,  572,  496,  393,  507,  322,  832,  806,  611,  100,  208,  425,  661,  251,  974],
        [  402,    0,  465,  558,    0,  214,  571,  451,  791,  186,  402,  469,  569,  356,  671,  365,  344,   83,  350,  475,  615,  290,  426,  611,   90,  255,  390,   79,  523,  364,  246,  242,  445,  562,  122,   85,  522,  170,  191,  431,  338,  251,  555,  556,  354,  614,   49,  485,  525,  472,  417,  666,  599,  554,  680,  282,  524,  467,  554,   54,  173,  314,  154,  505,  368,  205,  420,  279,  493,  120,  603,  572,  511,  559,  447,  308,  320,  300,  463,  355,  275,  554,  484,  253,  481,  382,  251,  462,  336,   93,  522,  630,  347,  268,  254,  454,  334,  407,  460,  603,  534,  335,  158,  319,  371,  346,  426,   88,  575,  573,  145,  328,  406,  614,  580,  353,  194,  695,  328,  696,  629,  537,  760,  374,  426,  642,  377,  633,  517,  353,  348,  183,  385,  581,  391,  729,  264,  290,  540,  448,  556,  540,  438,  475,  477,  268,  439,  390,   65,  537,  181,  295,  401,  431,  451,   36,  702,  434,  306,  196,  210,  517,  299,  695,  326,  222,  637,  488,  784,   62,  676,   65,  686,  315,  536,  156,  571,  595,  627,  311,  495,  548],
        [  194,    0,  267,  347,  214,    0,  493,  528,  674,  217,  189,  605,  412,  472,  516,  165,  133,  172,  557,  307,  403,  373,  270,  414,  239,  298,  329,  140,  331,  478,  295,   50,  565,  531,  334,  289,  515,  217,  239,  376,  374,  239,  706,  346,  530,  493,  252,  662,  659,  306,  428,  478,  399,  342,  606,  188,  687,  588,  342,  257,  365,  280,  309,  611,  528,   16,  360,  128,  390,  218,  425,  359,  626,  367,  235,  292,  149,  351,  634,  471,   96,  343,  276,  455,  342,  530,  402,  452,  537,  266,  368,  421,  403,  421,  294,  270,  448,  559,  566,  543,  360,  511,  357,  369,  516,  474,  414,  203,  416,  399,  161,  197,  593,  441,  371,  369,  394,  533,  460,  499,  474,  650,  624,  163,  217,  429,  181,  514,  625,  535,  317,  241,  550,  554,  596,  547,  425,  492,  334,  424,  686,  686,  470,  605,  428,  466,  383,  394,  250,  325,  386,  504,  567,  627,  329,  242,  558,  416,  508,   68,   58,  313,  307,  612,  529,  364,  800,  477,  676,  152,  502,  161,  522,  510,  612,  302,  370,  415,  508,  408,  336,  674],
        [  436,    0,  631,  498,  571,  493,    0, 1001,  240,  388,  506, 1039,  230,  445,  253,  407,  466,  489,  866,  277,  627,  838,  712,  411,  502,  776,  818,  554,  360,  929,  770,  531, 1012,  124,  652,  648,  177,  405,  709,  142,  296,  728,  644,  491,  609,  125,  617,  693, 1095,  728,  230,  811,  705,  566,  114,  679,  664,  498,  514,  622,  577,  772,  723, 1069,  565,  507,  151,  609,  112,  659,  316,  568, 1078,  364,  481,  783,  609,  331,  655,  920,  569,  592,  593,  794,  789,  952,  821,  177,  697,  663,  794,  666,  324,  839,  773,  670,  437,  977,  453,   65,  289,  599,  715,  849,  941,  473,  906,  486,  827,  787,  429,  675,  957,  819,  478,  263,  745,  286,  897,  797,  235,  509,  253,  518,  438,  600,  388,  129,  484,  911,  228,  707,  952,  140,  756,  885,  834,  828,  440,  917, 1126,  614,  267,  529,  108,  814,  871,  885,  541,  513,  621,  810,  601,  737,  792,  605,  234,  175,  683,  559,  551,  631,  795,  125,  697,  791,  744,  170,  223,  541,  869,  572,  293,  658,  403,  486,  412,  322,  128,  401,  248, 1118],
        [  688,    0,  606,  801,  451,  528, 1001,    0, 1200,  631,  642,  170,  939,  782, 1041,  678,  624,  523,  431,  833,  784,  164,  486,  908,  538,  231,  304,  449,  840,  113,  234,  507,  114, 1008,  436,  400,  972,  617,  294,  868,  789,  295,  923,  804,  713, 1018,  415,  816,  195,  524,  868,  705,  705,  755, 1114,  381,  878,  879,  788,  412,  557,  282,  305,  105,  750,  512,  855,  456,  908,  344,  942,  773,  133,  874,  700,  260,  486,  750,  811,  122,  492,  737,  657,  375,  469,  191,  235,  911,  632,  362,  519,  774,  796,  229,  234,  560,  764,  204,  883, 1042,  882,  699,  370,  160,  182,  765,  205,  538,  558,  597,  578,  425,  337,  624,  837,  803,  367, 1057,  163,  759, 1000,  950, 1152,  609,  707,  835,  698, 1039,  936,  302,  789,  295,  244, 1028,  650,  731,  246,  379,  816,  227,  206,  919,  888,  878,  917,  358,  293,  184,  504,  770,  529,  428,  768,  719,  423,  425, 1086,  881,  608,  462,  474,  664,  233, 1125,  619,  243,  977,  937, 1199,  464,  667,  433, 1044,  639,  972,  594,  863,  931, 1033,  750,  863,  190],
        [  558,    0,  738,  552,  791,  674,  240, 1200,    0,  614,  626, 1255,  284,  682,  210,  546,  608,  708, 1101,  386,  674, 1040,  843,  428,  731,  970,  981,  761,  428, 1138,  966,  703, 1223,  331,  882,  872,  395,  632,  907,  376,  535,  913,  866,  545,  847,  182,  838,  925, 1311,  847,  467,  877,  774,  629,  176,  848,  890,  724,  572,  843,  813,  948,  939, 1276,  802,  690,  382,  772,  299,  866,  333,  624, 1287,  410,  583,  963,  761,  570,  887, 1130,  731,  659,  688, 1025,  916, 1171, 1038,  412,  937,  881,  908,  715,  563, 1057,  967,  785,  675, 1197,  679,  249,  358,  838,  941, 1042, 1159,  710, 1080,  710,  931,  882,  647,  831, 1187,  906,  519,  503,  974,  222, 1111,  848,  235,  725,   92,  648,  550,  630,  525,  161,  702, 1139,  460,  907, 1175,  334,  995,  946, 1054, 1059,  499, 1085, 1340,  836,  499,  755,  347, 1044, 1031, 1064,  769,  579,  857, 1045,  837,  975,  931,  826,  152,  414,  922,  741,  731,  719,  980,  147,  937, 1005,  962,  400,   36,  753,  945,  782,  239,  897,  613,  722,  453,  345,  168,  640,  352, 1331],
        [  338,    0,  474,  491,  186,  217,  388,  631,  614,    0,  371,  653,  420,  257,  517,  292,  305,  109,  493,  344,  582,  468,  486,  506,  117,  419,  515,  189,  415,  549,  411,  266,  630,  378,  268,  261,  342,   18,  351,  248,  170,  391,  497,  487,  343,  442,  230,  470,  709,  523,  240,  688,  600,  513,  496,  380,  483,  373,  494,  235,  221,  449,  339,  689,  328,  222,  237,  338,  319,  289,  472,  528,  696,  447,  396,  451,  365,  139,  438,  539,  312,  523,  472,  412,  556,  565,  435,  280,  383,  278,  584,  607,  191,  452,  417,  485,  234,  590,  349,  418,  403,  325,  328,  489,  555,  263,  576,   99,  633,  615,   63,  405,  573,  656,  501,  175,  360,  545,  513,  703,  476,  433,  593,  356,  360,  593,  293,  461,  409,  525,  163,  346,  564,  397,  446,  759,  447,  447,  456,  594,  740,  475,  271,  391,  292,  430,  568,  546,  155,  480,  260,  436,  370,  458,  539,  218,  540,  250,  359,  255,  258,  512,  452,  512,  378,  407,  595,  306,  605,  170,  717,  202,  539,  348,  399,  129,  473,  467,  455,  192,  355,  733],
        [   71,    0,  127,  167,  402,  189,  506,  642,  626,  371,    0,  750,  342,  624,  433,  104,   67,  356,  741,  243,  216,  507,  218,  267,  422,  425,  371,  327,  210,  618,  426,  168,  702,  582,  523,  475,  586,  378,  384,  431,  496,  352,  868,  169,  706,  458,  439,  837,  800,  225,  526,  329,  233,  153,  608,  262,  854,  737,  159,  443,  550,  362,  481,  737,  698,  198,  414,  188,  394,  388,  316,  171,  757,  240,   58,  383,  157,  485,  806,  613,  158,  156,  103,  639,  291,  686,  565,  530,  723,  447,  289,  238,  532,  585,  421,  165,  602,  715,  708,  567,  271,  688,  541,  486,  671,  633,  479,  385,  322,  284,  329,  223,  767,  319,  199,  479,  578,  439,  611,  336,  397,  792,  556,   34,   77,  241,  120,  478,  766,  708,  405,  390,  713,  606,  783,  404,  592,  675,  174,  478,  824,  845,  575,  759,  479,  648,  416,  475,  437,  140,  573,  689,  738,  810,  306,  430,  486,  493,  694,  222,  206,  145,  410,  606,  715,  527,  966,  551,  637,  340,  374,  346,  424,  694,  735,  479,  222,  304,  472,  557,  278,  810],
        [  785,    0,  736,  915,  469,  605, 1039,  170, 1255,  653,  750,    0, 1013,  750, 1117,  766,  719,  550,  317,  910,  915,  244,  624, 1009,  544,  326,  453,  495,  933,  132,  325,  596,   59, 1026,  410,  396,  981,  637,  370,  900,  792,  401,  849,  917,  648, 1075,  424,  732,   56,  667,  874,  859,  847,  878, 1149,  496,  800,  831,  904,  419,  523,  411,  317,   95,  694,  590,  889,  563,  957,  392, 1029,  897,   74,  968,  807,  387,  600,  752,  734,  137,  593,  863,  783,  300,  621,   92,  219,  924,  551,  377,  672,  910,  790,  202,  330,  695,  735,   76,  844, 1071,  964,  638,  339,  275,  100,  728,  366,  555,  715,  749,  611,  548,  198,  779,  948,  812,  320, 1136,  146,  910, 1075,  900, 1218,  716,  806,  963,  784, 1096,  890,  188,  816,  366,  120, 1043,  554,  890,  208,  287,  921,  391,   88,  850,  885,  824,  945,  279,  452,  337,  506,  885,  485,  335,  703,  626,  574,  436, 1155,  898,  532,  544,  559,  796,  354, 1164,  539,  250,  888,  949, 1250,  503,  825,  474, 1125,  568,  941,  584,  964, 1019, 1089,  733,  937,   82],
        [  275,    0,  455,  284,  569,  412,  230,  939,  284,  420,  342, 1013,    0,  585,  104,  268,  328,  490,  908,  107,  411,  784,  560,  182,  530,  709,  702,  522,  148,  889,  706,  433,  975,  348,  677,  653,  386,  437,  651,  261,  420,  646,  816,  276,  729,  131,  616,  837, 1068,  563,  391,  607,  502,  358,  300,  574,  823,  667,  302,  622,  640,  676,  704, 1022,  696,  428,  252,  497,  155,  621,   87,  356, 1037,  141,  300,  692,  482,  439,  799,  881,  456,  386,  407,  819,  632,  934,  802,  357,  793,  650,  625,  452,  459,  821,  706,  502,  569,  962,  625,  293,   75,  714,  725,  780,  921,  607,  804,  501,  649,  602,  430,  551,  974,  629,  257,  388,  761,  127,  868,  585,   62,  695,  217,  365,  266,  378,  246,  147,  668,  920,  312,  652,  947,  367,  856,  679,  822,  855,  226,  808, 1096,  787,  441,  696,  276,  835,  751,  792,  564,  305,  679,  851,  737,  855,  647,  604,  149,  334,  772,  478,  465,  440,  712,  288,  790,  766,  919,  364,  298,  519,  672,  544,  119,  755,  601,  546,  189,   93,  142,  524,   77, 1085],
        [  584,    0,  731,  729,  356,  472,  445,  782,  682,  257,  624,  750,  585,    0,  660,  537,  559,  322,  490,  542,  830,  632,  737,  716,  270,  608,  741,  405,  629,  679,  599,  519,  745,  361,  348,  384,  298,  255,  546,  332,  165,  604,  246,  723,  168,  550,  376,  253,  802,  777,  216,  944,  855,  761,  519,  617,  242,  117,  735,  378,  228,  666,  479,  812,  121,  475,  336,  587,  440,  475,  658,  773,  809,  656,  643,  663,  618,  151,  216,  669,  564,  773,  726,  455,  805,  659,  552,  270,  270,  428,  836,  858,  127,  564,  608,  740,   24,  676,  104,  438,  595,  161,  417,  668,  655,   30,  781,  292,  886,  870,  311,  651,  607,  911,  732,  198,  431,  693,  633,  958,  626,  183,  695,  611,  603,  835,  534,  562,  162,  579,  275,  538,  637,  368,  322, 1016,  551,  478,  685,  803,  834,  221,  187,  135,  341,  477,  791,  745,  292,  723,  265,  443,  157,  293,  783,  370,  663,  272,  265,  500,  506,  767,  654,  545,  274,  540,  347,  284,  660,  381,  973,  407,  693,  232,  192,  200,  691,  656,  558,   69,  540,  832],
        [  369,    0,  537,  344,  671,  516,  253, 1041,  210,  517,  433, 1117,  104,  660,    0,  367,  426,  591, 1007,  209,  465,  888,  649,  219,  629,  812,  799,  626,  226,  993,  809,  535, 1079,  377,  778,  755,  427,  534,  754,  329,  497,  748,  881,  336,  812,  128,  719,  913, 1172,  647,  455,  668,  565,  421,  284,  673,  894,  733,  364,  724,  734,  776,  807, 1126,  776,  531,  325,  596,  221,  725,  125,  415, 1141,  204,  385,  793,  578,  521,  875,  985,  556,  451,  485,  920,  719, 1038,  906,  412,  883,  753,  707,  506,  534,  925,  808,  586,  647, 1066,  689,  305,  164,  798,  827,  882, 1025,  684,  903,  601,  726,  676,  531,  648, 1076,  699,  310,  463,  863,   34,  972,  639,   43,  753,  127,  458,  356,  422,  346,  130,  727, 1023,  394,  756, 1050,  391,  945,  737,  926,  956,  292,  905, 1199,  852,  501,  763,  330,  936,  846,  892,  664,  371,  775,  950,  815,  939,  737,  707,   59,  396,  863,  581,  568,  514,  814,  263,  880,  870,  983,  413,  232,  623,  736,  648,   42,  844,  651,  640,  244,  137,  129,  604,  181, 1189],
        [   48,    0,  230,  201,  365,  165,  407,  678,  546,  292,  104,  766,  268,  537,  367,    0,   63,  303,  714,  162,  293,  529,  307,  250,  364,  450,  436,  298,  167,  638,  449,  172,  724,  479,  486,  446,  483,  302,  398,  328,  400,  383,  782,  198,  634,  371,  408,  762,  819,  322,  424,  431,  331,  224,  512,  307,  772,  647,  203,  413,  492,  409,  473,  766,  620,  179,  311,  230,  295,  382,  265,  237,  783,  203,  107,  426,  216,  392,  729,  631,  189,  237,  204,  615,  383,  694,  566,  427,  663,  428,  388,  322,  437,  585,  447,  264,  516,  723,  616,  467,  205,  616,  517,  519,  679,  548,  537,  327,  423,  387,  262,  285,  756,  422,  217,  380,  554,  380,  623,  433,  327,  698,  484,  112,   68,  301,   22,  392,  672,  699,  304,  401,  714,  503,  725,  506,  590,  651,  176,  541,  845,  758,  475,  670,  375,  627,  485,  525,  387,  189,  521,  659,  661,  745,  390,  397,  416,  390,  636,  222,  208,  246,  448,  512,  657,  528,  882,  447,  554,  305,  477,  321,  367,  632,  636,  411,  207,  254,  385,  469,  195,  833],
        [   66,    0,  182,  215,  344,  133,  466,  624,  608,  305,   67,  719,  328,  559,  426,   63,    0,  294,  689,  223,  280,  479,  247,  290,  358,  399,  374,  272,  217,  589,  398,  124,  675,  533,  466,  421,  532,  312,  350,  379,  432,  329,  802,  214,  641,  433,  384,  771,  771,  264,  466,  392,  298,  215,  573,  248,  788,  672,  210,  389,  487,  351,  436,  714,  632,  144,  362,  171,  354,  343,  320,  231,  732,  251,  103,  369,  154,  420,  740,  583,  132,  221,  168,  587,  323,  650,  525,  474,  660,  397,  331,  303,  468,  545,  395,  210,  536,  679,  643,  525,  263,  622,  489,  465,  636,  567,  477,  321,  369,  337,  264,  224,  722,  374,  240,  417,  526,  438,  578,  401,  387,  727,  545,   58,   88,  300,   84,  454,  701,  664,  346,  355,  674,  556,  720,  466,  551,  624,  205,  480,  796,  778,  515,  693,  428,  598,  424,  467,  376,  193,  511,  636,  672,  746,  329,  374,  476,  437,  631,  178,  162,  210,  392,  573,  652,  487,  900,  496,  616,  283,  432,  293,  424,  630,  672,  413,  246,  308,  447,  491,  256,  784],
        [  344,    0,  438,  502,   83,  172,  489,  523,  708,  109,  356,  550,  490,  322,  591,  303,  294,    0,  422,  399,  572,  360,  422,  543,   67,  312,  422,   87,  453,  442,  304,  213,  524,  486,  190,  166,  450,   95,  245,  351,  272,  291,  544,  499,  359,  532,  130,  492,  606,  464,  347,  647,  570,  508,  600,  296,  520,  438,  501,  136,  194,  351,  234,  583,  361,  169,  339,  270,  410,  181,  528,  524,  590,  488,  395,  351,  306,  237,  465,  433,  254,  512,  448,  330,  486,  464,  332,  388,  367,  174,  521,  591,  288,  350,  311,  436,  299,  489,  423,  524,  458,  340,  237,  382,  453,  319,  475,   32,  572,  562,   63,  331,  486,  604,  520,  282,  272,  616,  408,  670,  549,  505,  679,  333,  368,  593,  312,  551,  483,  434,  268,  240,  467,  505,  427,  714,  346,  366,  478,  494,  637,  526,  374,  451,  397,  346,  474,  442,   84,  484,  219,  365,  399,  455,  462,  118,  621,  358,  338,  183,  191,  484,  349,  614,  359,  302,  634,  414,  702,   65,  666,   95,  608,  339,  488,  134,  505,  521,  545,  266,  417,  629],
        [  749,    0,  780,  903,  350,  557,  866,  431, 1101,  493,  741,  317,  908,  490, 1007,  714,  689,  422,    0,  820,  946,  362,  706,  961,  379,  411,  588,  418,  872,  322,  402,  575,  341,  820,  232,  269,  764,  476,  400,  726,  581,  468,  542,  902,  355,  934,  306,  420,  356,  754,  662,  958,  912,  891,  965,  549,  490,  548,  898,  301,  291,  515,  275,  405,  406,  546,  720,  584,  810,  363,  949,  910,  389,  907,  791,  495,  628,  541,  427,  314,  596,  887,  810,  104,  736,  245,  238,  717,  247,  296,  785,  955,  566,  229,  414,  756,  481,  245,  570,  882,  879,  349,  201,  417,  251,  463,  553,  408,  837,  853,  479,  607,  129,  891,  926,  609,  164, 1034,  275,  998,  966,  612, 1085,  711,  772,  980,  726,  952,  607,  132,  641,  390,  199,  833,  240, 1009,  210,   72,  888,  582,  386,  546,  657,  535,  761,  101,  615,  512,  344,  880,  246,   58,  406,  312,  693,  317, 1033,  701,  236,  521,  537,  838,  465,  985,  237,  265,  574,  739, 1088,  409,  949,  397, 1026,  273,  673,  380,  920,  942,  946,  494,  837,  389],
        [  174,    0,  363,  226,  475,  307,  277,  833,  386,  344,  243,  910,  107,  542,  209,  162,  223,  399,  820,    0,  352,  679,  460,  175,  446,  603,  597,  423,   94,  785,  601,  327,  871,  376,  588,  560,  399,  359,  546,  249,  382,  540,  783,  218,  672,  216,  522,  789,  965,  467,  374,  534,  429,  290,  371,  467,  784,  637,  240,  527,  563,  569,  604,  917,  645,  323,  235,  390,  171,  519,  130,  293,  932,  115,  209,  585,  376,  392,  753,  777,  350,  315,  320,  727,  534,  833,  701,  355,  725,  552,  531,  391,  422,  721,  600,  406,  524,  861,  599,  341,   60,  656,  632,  674,  819,  561,  698,  414,  560,  516,  342,  446,  879,  545,  212,  353,  668,  227,  765,  520,  168,  675,  323,  263,  169,  332,  140,  236,  648,  824,  271,  548,  847,  398,  788,  609,  723,  764,  169,  702,  992,  755,  427,  665,  283,  742,  646,  685,  478,  238,  600,  763,  687,  794,  546,  510,  255,  324,  702,  372,  359,  357,  606,  366,  721,  665,  886,  369,  395,  422,  593,  445,  215,  689,  592,  472,  155,  124,  229,  477,   35,  981],
        [  246,    0,  180,  129,  615,  403,  627,  784,  674,  582,  216,  915,  411,  830,  465,  293,  280,  572,  946,  352,    0,  674,  300,  247,  638,  593,  484,  538,  267,  785,  596,  375,  863,  727,  734,  684,  746,  590,  567,  592,  689,  518, 1075,  137,  920,  542,  649, 1050,  961,  268,  705,  206,  112,   70,  710,  423, 1064,  939,  113,  653,  766,  507,  678,  886,  909,  411,  576,  368,  523,  586,  343,   61,  910,  271,  187,  530,  325,  684, 1019,  781,  351,   61,  138,  843,  338,  863,  753,  697,  939,  651,  303,   42,  728,  772,  589,  225,  808,  892,  907,  691,  341,  902,  747,  642,  847,  841,  594,  601,  299,  244,  544,  368,  960,  252,  156,  668,  783,  455,  787,  175,  444,  989,  588,  241,  228,   59,  298,  557,  962,  901,  588,  575,  897,  749,  998,  273,  782,  878,  187,  583,  981, 1050,  757,  962,  631,  850,  512,  603,  652,  116,  788,  897,  950, 1026,  376,  641,  523,  663,  910,  426,  411,  121,  563,  699,  930,  715, 1174,  714,  695,  553,  278,  557,  438,  910,  921,  693,  224,  331,  552,  762,  379,  966],
        [  545,    0,  495,  672,  290,  373,  838,  164, 1040,  468,  507,  244,  784,  632,  888,  529,  479,  360,  362,  679,  674,    0,  390,  768,  378,   83,  236,  286,  695,  112,   82,  358,  196,  845,  294,  249,  809,  454,  134,  705,  628,  158,  793,  674,  581,  859,  258,  696,  294,  435,  705,  634,  611,  635,  951,  253,  752,  734,  661,  256,  413,  176,  154,  239,  613,  357,  691,  320,  746,  181,  794,  654,  254,  730,  564,  152,  357,  589,  686,  107,  351,  621,  540,  277,  398,  193,  126,  748,  515,  205,  450,  671,  636,  134,   87,  456,  612,  221,  735,  878,  731,  565,  236,   55,  177,  617,  192,  376,  498,  524,  415,  307,  315,  558,  705,  641,  246,  905,  117,  682,  846,  805,  995,  474,  566,  720,  548,  879,  789,  261,  625,  134,  234,  865,  545,  674,  153,  295,  679,  220,  318,  786,  728,  736,  753,  268,  255,  150,  346,  642,  391,  339,  636,  609,  352,  266,  930,  717,  488,  308,  322,  555,  118,  962,  502,  108,  858,  774, 1038,  301,  611,  269,  893,  514,  819,  438,  724,  783,  873,  595,  708,  305],
        [  287,    0,  128,  341,  426,  270,  712,  486,  843,  486,  218,  624,  560,  737,  649,  307,  247,  422,  706,  460,  300,  390,    0,  466,  485,  313,  184,  352,  424,  496,  319,  221,  570,  775,  527,  469,  768,  485,  307,  619,  642,  243,  966,  346,  776,  674,  443,  909,  667,   49,  691,  253,  223,  280,  819,  157,  941,  854,  324,  446,  598,  215,  432,  589,  782,  264,  602,  152,  600,  351,  530,  297,  613,  451,  265,  239,  121,  620,  884,  493,  174,  257,  184,  604,   78,  582,  487,  707,  761,  424,   99,  289,  672,  503,  309,   77,  714,  610,  834,  770,  488,  757,  517,  350,  566,  738,  294,  454,  151,  149,  427,  101,  694,  190,  380,  634,  548,  653,  506,  295,  614,  918,  773,  197,  294,  353,  327,  695,  893,  636,  574,  317,  621,  798,  812,  307,  517,  635,  373,  285,  685,  947,  735,  870,  670,  605,  216,  304,  483,  307,  606,  664,  819,  856,   89,  439,  703,  670,  730,  240,  232,  181,  273,  818,  750,  451, 1055,  731,  854,  375,  251,  362,  637,  741,  881,  555,  424,  517,  688,  675,  494,  670],
        [  225,    0,  343,  133,  611,  414,  411,  908,  428,  506,  267, 1009,  182,  716,  219,  250,  290,  543,  961,  175,  247,  768,  466,    0,  599,  687,  635,  547,   92,  879,  687,  414,  964,  526,  731,  694,  558,  520,  640,  418,  557,  616,  957,  126,  842,  308,  656,  961, 1061,  455,  545,  451,  351,  209,  479,  528,  958,  812,  152,  661,  722,  629,  722, 1002,  818,  427,  405,  453,  324,  630,  101,  200, 1020,   61,  210,  649,  424,  566,  925,  873,  418,  239,  287,  863,  528,  940,  814,  521,  889,  677,  509,  288,  597,  833,  683,  395,  698,  969,  773,  474,  130,  825,  765,  751,  925,  734,  744,  564,  521,  469,  494,  489, 1005,  487,   95,  527,  802,  209,  868,  421,  201,  849,  341,  299,  203,  204,  236,  321,  821,  948,  446,  644,  962,  545,  952,  519,  838,  900,   95,  742, 1086,  930,  598,  839,  444,  875,  676,  741,  626,  164,  756,  905,  859,  962,  554,  645,  277,  493,  864,  467,  452,  309,  676,  464,  883,  775, 1061,  532,  450,  553,  521,  570,  192,  854,  763,  633,   45,   92,  317,  651,  184, 1073],
        [  406,    0,  504,  564,   90,  239,  502,  538,  731,  117,  422,  544,  530,  270,  629,  364,  358,   67,  379,  446,  638,  378,  485,  599,    0,  344,  471,  138,  508,  447,  335,  279,  525,  482,  152,  149,  439,   99,  279,  361,  252,  335,  482,  561,  293,  558,  124,  426,  600,  528,  333,  713,  637,  573,  609,  352,  456,  384,  564,  128,  129,  397,  236,  587,  297,  236,  352,  334,  435,  209,  576,  589,  591,  542,  459,  394,  370,  213,  400,  437,  320,  577,  514,  296,  547,  455,  328,  380,  302,  177,  583,  657,  258,  344,  343,  502,  248,  478,  373,  529,  506,  274,  213,  408,  445,  263,  513,   38,  635,  627,  106,  392,  457,  669,  580,  269,  244,  656,  408,  737,  588,  452,  708,  399,  430,  658,  371,  577,  432,  409,  276,  272,  450,  500,  362,  780,  337,  331,  537,  535,  632,  465,  351,  394,  403,  314,  522,  478,   39,  548,  158,  322,  334,  389,  521,  114,  655,  354,  274,  246,  256,  551,  387,  626,  294,  304,  571,  405,  721,  114,  731,  137,  649,  273,  447,   73,  561,  569,  571,  222,  461,  625],
        [  464,    0,  414,  590,  255,  298,  776,  231,  970,  419,  425,  326,  709,  608,  812,  450,  399,  312,  411,  603,  593,   83,  313,  687,  344,    0,  179,  230,  615,  195,   11,  279,  278,  791,  293,  238,  760,  407,   68,  646,  584,   75,  790,  592,  580,  788,  235,  703,  376,  359,  658,  561,  533,  553,  889,  171,  753,  717,  578,  234,  403,  106,  157,  316,  605,  282,  631,  237,  679,  136,  715,  572,  334,  649,  482,   85,  274,  548,  688,  190,  269,  539,  458,  315,  330,  271,  178,  697,  528,  187,  380,  591,  597,  193,    5,  377,  587,  300,  712,  819,  653,  563,  250,   74,  256,  597,  175,  333,  431,  452,  361,  226,  383,  488,  623,  593,  271,  828,  195,  607,  771,  787,  921,  392,  485,  638,  470,  809,  769,  326,  570,   73,  309,  812,  566,  606,  208,  340,  597,  201,  399,  780,  685,  722,  696,  311,  212,  137,  317,  560,  389,  378,  633,  625,  285,  240,  856,  665,  499,  232,  245,  474,   57,  898,  516,  146,  863,  723,  970,  249,  543,  218,  816,  521,  790,  410,  642,  704,  803,  565,  633,  387],
        [  431,    0,  309,  517,  390,  329,  818,  304,  981,  515,  371,  453,  702,  741,  799,  436,  374,  422,  588,  597,  484,  236,  184,  635,  471,  179,    0,  336,  580,  330,  188,  287,  396,  859,  458,  399,  839,  507,  212,  705,  683,  142,  944,  521,  738,  804,  386,  865,  491,  221,  748,  407,  401,  461,  930,  141,  910,  855,  501,  387,  557,   80,  331,  408,  757,  316,  688,  211,  711,  280,  686,  479,  434,  611,  426,   95,  221,  653,  847,  329,  252,  440,  364,  493,  168,  423,  353,  776,  697,  349,  220,  471,  705,  365,  176,  260,  718,  449,  843,  871,  635,  720,  424,  186,  407,  734,  111,  450,  265,  297,  452,  151,  551,  328,  555,  685,  448,  808,  350,  458,  761,  923,  919,  342,  445,  537,  457,  825,  902,  496,  642,  222,  468,  881,  739,  441,  382,  518,  541,  108,  507,  930,  784,  864,  756,  489,   55,  121,  454,  484,  551,  556,  788,  794,  122,  388,  850,  741,  667,  268,  272,  365,  123,  934,  685,  324, 1022,  802,  987,  360,  377,  334,  793,  687,  909,  543,  591,  674,  818,  688,  630,  491],
        [  331,    0,  386,  486,   79,  140,  554,  449,  761,  189,  327,  495,  522,  405,  626,  298,  272,   87,  418,  423,  538,  286,  352,  547,  138,  230,  336,    0,  461,  378,  223,  164,  463,  562,  197,  150,  530,  178,  163,  419,  357,  205,  619,  485,  425,  581,  113,  557,  551,  397,  429,  589,  521,  478,  666,  214,  592,  520,  481,  118,  247,  265,  182,  517,  434,  129,  406,  202,  465,  107,  548,  497,  527,  497,  374,  265,  242,  323,  533,  369,  196,  477,  406,  317,  411,  413,  281,  467,  414,  131,  449,  552,  374,  300,  228,  377,  383,  441,  508,  593,  480,  406,  219,  302,  401,  400,  389,  114,  501,  497,  131,  256,  460,  539,  509,  364,  256,  647,  350,  617,  583,  588,  723,  298,  355,  567,  312,  602,  567,  404,  341,  158,  425,  582,  469,  653,  301,  354,  471,  408,  580,  603,  458,  532,  468,  329,  388,  357,  131,  463,  259,  365,  469,  508,  383,  104,  662,  435,  384,  118,  132,  439,  264,  678,  404,  246,  706,  493,  758,   25,  601,   23,  637,  392,  574,  210,  505,  539,  595,  352,  446,  570],
        [  153,    0,  312,  139,  523,  331,  360,  840,  428,  415,  210,  933,  148,  629,  226,  167,  217,  453,  872,   94,  267,  695,  424,   92,  508,  615,  580,  461,    0,  804,  614,  337,  889,  465,  641,  606,  491,  428,  564,  343,  471,  546,  872,  131,  751,  278,  568,  872,  985,  422,  467,  460,  354,  210,  444,  463,  871,  727,  156,  573,  630,  565,  638,  930,  728,  346,  329,  386,  260,  549,  107,  210,  948,   37,  160,  584,  362,  478,  836,  797,  348,  238,  261,  775,  493,  861,  732,  448,  797,  592,  482,  308,  512,  752,  611,  361,  610,  889,  689,  424,   75,  735,  678,  682,  846,  646,  687,  473,  504,  455,  403,  431,  920,  481,  120,  443,  715,  230,  789,  440,  194,  767,  351,  239,  136,  242,  151,  295,  740,  864,  361,  567,  880,  487,  860,  532,  756,  812,   81,  687, 1011,  845,  520,  754,  375,  788,  626,  680,  536,  158,  665,  816,  770,  871,  513,  557,  282,  417,  772,  389,  374,  293,  608,  434,  792,  694,  975,  462,  444,  466,  524,  484,  214,  762,  685,  542,   63,   94,  289,  563,  114,  999],
        [  655,    0,  605,  784,  364,  478,  929,  113, 1138,  549,  618,  132,  889,  679,  993,  638,  589,  442,  322,  785,  785,  112,  496,  879,  447,  195,  330,  378,  804,    0,  193,  467,   87,  926,  332,  303,  885,  533,  241,  792,  699,  269,  812,  786,  603,  957,  324,  704,  183,  540,  779,  735,  718,  746, 1040,  364,  766,  773,  772,  320,  452,  282,  212,  141,  642,  463,  780,  431,  842,  272,  902,  766,  150,  839,  676,  257,  468,  659,  700,   11,  462,  732,  651,  263,  497,   97,  128,  826,  520,  272,  549,  780,  702,  119,  199,  565,  662,  120,  779,  965,  838,  589,  263,  147,   83,  661,  257,  452,  594,  625,  501,  417,  240,  657,  817,  716,  257, 1011,   51,  785,  951,  843, 1097,  585,  676,  831,  656,  978,  830,  197,  710,  238,  148,  944,  537,  770,  135,  267,  790,  285,  208,  809,  796,  770,  839,  246,  337,  222,  411,  754,  421,  316,  658,  606,  450,  334, 1033,  798,  496,  416,  431,  665,  224, 1054,  507,  144,  865,  851, 1135,  389,  706,  358,  999,  528,  870,  497,  834,  891,  972,  652,  812,  197],
        [  464,    0,  418,  591,  246,  295,  770,  234,  966,  411,  426,  325,  706,  599,  809,  449,  398,  304,  402,  601,  596,   82,  319,  687,  335,   11,  188,  223,  614,  193,    0,  278,  277,  784,  282,  227,  752,  399,   61,  639,  576,   79,  780,  593,  570,  784,  225,  692,  375,  366,  651,  568,  538,  555,  883,  174,  743,  707,  580,  224,  393,  114,  146,  318,  595,  279,  625,  238,  674,  127,  714,  575,  335,  649,  483,   94,  276,  540,  678,  188,  270,  542,  461,  306,  337,  267,  171,  690,  518,  177,  388,  595,  589,  186,   13,  382,  578,  296,  703,  813,  651,  553,  240,   79,  252,  587,  186,  325,  438,  459,  354,  230,  376,  496,  624,  586,  261,  826,  191,  613,  768,  778,  918,  392,  484,  641,  468,  805,  759,  319,  563,   66,  304,  805,  556,  613,  201,  331,  598,  211,  399,  770,  677,  712,  689,  302,  222,  147,  307,  561,  379,  369,  622,  614,  293,  230,  853,  658,  489,  229,  243,  478,   67,  893,  506,  138,  852,  716,  966,  242,  551,  210,  814,  511,  781,  400,  642,  703,  799,  556,  630,  386],
        [  190,    0,  226,  332,  242,   50,  531,  507,  703,  266,  168,  596,  433,  519,  535,  172,  124,  213,  575,  327,  375,  358,  221,  414,  279,  279,  287,  164,  337,  467,  278,    0,  553,  575,  360,  309,  561,  265,  227,  420,  423,  213,  752,  333,  572,  523,  274,  705,  649,  258,  476,  435,  360,  317,  643,  148,  731,  636,  325,  279,  402,  246,  315,  595,  572,   45,  403,   81,  425,  222,  437,  336,  612,  373,  220,  260,  100,  400,  677,  460,   47,  314,  242,  472,  293,  527,  402,  498,  573,  280,  319,  389,  452,  422,  275,  225,  496,  556,  614,  584,  375,  552,  374,  348,  512,  521,  378,  244,  368,  353,  208,  150,  601,  394,  361,  418,  411,  550,  454,  459,  494,  698,  648,  137,  212,  406,  192,  544,  674,  542,  363,  231,  551,  598,  630,  503,  428,  508,  328,  387,  674,  732,  518,  653,  471,  481,  341,  362,  286,  307,  420,  524,  610,  665,  280,  266,  581,  462,  544,   55,   39,  276,  279,  648,  564,  364,  845,  523,  707,  181,  456,  182,  537,  548,  661,  345,  369,  426,  537,  456,  358,  662],
        [  740,    0,  683,  867,  445,  565, 1012,  114, 1223,  630,  702,   59,  975,  745, 1079,  724,  675,  524,  341,  871,  863,  196,  570,  964,  525,  278,  396,  463,  889,   87,  277,  553,    0, 1005,  400,  378,  963,  614,  327,  875,  776,  352,  861,  869,  655, 1043,  402,  747,   99,  612,  857,  802,  792,  827, 1123,  445,  813,  833,  855,  398,  518,  357,  292,   68,  698,  549,  863,  514,  927,  358,  988,  846,   66,  925,  760,  333,  550,  735,  746,   95,  547,  812,  731,  307,  564,   97,  198,  905,  564,  352,  615,  857,  777,  184,  282,  641,  729,   99,  843, 1047,  924,  643,  329,  221,   96,  725,  307,  532,  657,  692,  584,  496,  234,  722,  900,  794,  315, 1097,  117,  853, 1037,  903, 1183,  669,  761,  911,  742, 1063,  891,  210,  792,  324,  144, 1024,  573,  832,  195,  301,  874,  333,  122,  860,  871,  828,  921,  287,  394,  279,  488,  836,  483,  350,  710,  644,  517,  413, 1119,  878,  543,  502,  516,  743,  301, 1137,  551,  223,  906,  930, 1220,  472,  768,  443, 1086,  577,  937,  570,  919,  977, 1057,  723,  899,  110],
