{
    "name": "random-13-6777",
    "comment": "size=13 seed=6777",
    "nodes": ["+0", "-0", "+1", "-1", "+2", "-2", "+3", "-3", "+4", "-4", "+5", "-5", "+6", "-6", "+7", "-7", "+8", "-8", "+9", "-9", "+10", "-10", "+11", "-11", "+12", "-12", "+13", "-13"],
    "precedence": {
        "+0": "-0",
        "+1": "-1",
        "+2": "-2",
        "+3": "-3",
        "+4": "-4",
        "+5": "-5",
        "+6": "-6",
        "+7": "-7",
        "+8": "-8",
        "+9": "-9",
        "+10": "-10",
        "+11": "-11",
        "+12": "-12",
        "+13": "-13"
    },
    "edges": [
        [    0,    0,  914, 1340,  202,  964,  761,  692,  527, 1175,  822,  759,  865, 1168,  607,  950,  476,  127, 1212,  717,  627,  860,  546,  959,  788,  505, 1155,  216],
        [    0,    0,  914, 1340,  202,  964,  761,  692,  527, 1175,  822,  759,  865, 1168,  607,  950,  476,  127, 1212,  717,  627,  860,  546,  959,  788,  505, 1155,  216],
        [  914,  914,    0,  838,  912,   86, 1097,  273,  421,  781, 1099,  294,  998,  701,  917, 1213,  488,  810,  595,  399,  785, 1175,  672,  114, 1067,  745,  730,  706],
        [ 1340, 1340,  838,    0, 1206,  760,  944,  786,  889,  184,  891,  687,  735,  175,  894,  917,  907, 1215,  251,  664,  779,  950,  806,  938,  884,  869,  188, 1149],
        [  202,  202,  912, 1206,    0,  945,  560,  657,  494, 1032,  622,  701,  673, 1038,  412,  749,  429,  158, 1107,  635,  453,  659,  401,  978,  588,  342, 1019,  240],
        [  964,  964,   86,  760,  945,    0, 1085,  290,  452,  714, 1082,  281,  971,  630,  913, 1190,  517,  853,  515,  385,  776, 1158,  673,  179, 1051,  749,  662,  751],
        [  761,  761, 1097,  944,  560, 1085,    0,  834,  743,  764,   74,  806,  213,  820,  197,  190,  688,  686,  968,  702,  313,  103,  438, 1199,   61,  385,  780,  711],
        [  692,  692,  273,  786,  657,  290,  834,    0,  168,  674,  843,   99,  756,  620,  649,  963,  229,  576,  586,  166,  522,  917,  403,  367,  809,  474,  632,  477],
        [  527,  527,  421,  889,  494,  452,  743,  168,    0,  753,  765,  236,  706,  716,  549,  894,   68,  409,  716,  225,  443,  835,  309,  498,  728,  362,  718,  312],
        [ 1175, 1175,  781,  184, 1032,  714,  764,  674,  753,    0,  713,  577,  557,   97,  711,  749,  761, 1051,  279,  532,  598,  775,  634,  891,  705,  692,   54,  992],
        [  822,  822, 1099,  891,  622, 1082,   74,  843,  765,  713,    0,  806,  156,  775,  235,  135,  714,  741,  930,  701,  324,   77,  457, 1204,   38,  414,  733,  759],
        [  759,  759,  294,  687,  701,  281,  806,   99,  236,  577,  806,    0,  706,  521,  632,  919,  284,  638,  490,  106,  495,  882,  393,  402,  775,  471,  534,  545],
        [  865,  865,  998,  735,  673,  971,  213,  756,  706,  557,  156,  706,    0,  621,  261,  222,  665,  768,  779,  602,  274,  221,  408, 1107,  152,  393,  578,  764],
        [ 1168, 1168,  701,  175, 1038,  630,  820,  620,  716,   97,  775,  521,  621,    0,  746,  823,  732, 1042,  184,  491,  623,  841,  637,  808,  763,  704,   49,  975],
        [  607,  607,  917,  894,  412,  913,  197,  649,  549,  711,  235,  632,  261,  746,    0,  369,  492,  516,  868,  529,  144,  295,  247, 1016,  197,  188,  714,  526],
        [  950,  950, 1213,  917,  749, 1190,  190,  963,  894,  749,  135,  919,  222,  823,  369,    0,  844,  873,  990,  815,  451,   94,  586, 1320,  173,  548,  778,  893],
        [  476,  476,  488,  907,  429,  517,  688,  229,   68,  761,  714,  284,  665,  732,  492,  844,    0,  354,  748,  250,  396,  782,  260,  565,  677,  305,  730,  262],
        [  127,  127,  810, 1215,  158,  853,  686,  576,  409, 1051,  741,  638,  768, 1042,  516,  873,  354,    0, 1086,  592,  517,  788,  426,  863,  705,  392, 1030,  105],
        [ 1212, 1212,  595,  251, 1107,  515,  968,  586,  716,  279,  930,  490,  779,  184,  868,  990,  748, 1086,    0,  499,  733,  999,  716,  692,  913,  791,  232, 1006],
        [  717,  717,  399,  664,  635,  385,  702,  166,  225,  532,  701,  106,  602,  491,  529,  815,  250,  592,  499,    0,  391,  777,  296,  506,  669,  376,  495,  509],
        [  627,  627,  785,  779,  453,  776,  313,  522,  443,  598,  324,  495,  274,  623,  144,  451,  396,  517,  733,  391,    0,  396,  137,  887,  288,  126,  595,  498],
        [  860,  860, 1175,  950,  659, 1158,  103,  917,  835,  775,   77,  882,  221,  841,  295,   94,  782,  788,  999,  777,  396,    0,  527, 1280,  109,  480,  798,  813],
        [  546,  546,  672,  806,  401,  673,  438,  403,  309,  634,  457,  393,  408,  637,  247,  586,  260,  426,  716,  296,  137,  527,    0,  769,  420,   82,  619,  387],
        [  959,  959,  114,  938,  978,  179, 1199,  367,  498,  891, 1204,  402, 1107,  808, 1016, 1320,  565,  863,  692,  506,  887, 1280,  769,    0, 1171,  839,  839,  759],
        [  788,  788, 1067,  884,  588, 1051,   61,  809,  728,  705,   38,  775,  152,  763,  197,  173,  677,  705,  913,  669,  288,  109,  420, 1171,    0,  377,  722,  722],
        [  505,  505,  745,  869,  342,  749,  385,  474,  362,  692,  414,  471,  393,  704,  188,  548,  305,  392,  791,  376,  126,  480,   82,  839,  377,    0,  682,  373],
        [ 1155, 1155,  730,  188, 1019,  662,  780,  632,  718,   54,  733,  534,  578,   49,  714,  778,  730, 1030,  232,  495,  595,  798,  619,  839,  722,  682,    0,  967],
        [  216,  216,  706, 1149,  240,  751,  711,  477,  312,  992,  759,  545,  764,  975,  526,  893,  262,  105, 1006,  509,  498,  813,  387,  759,  722,  373,  967,    0]
    ]
}
