{
    "name": "random-72-135",
    "comment": "size=72 seed=135",
    "nodes": ["+0", "-0", "+1", "-1", "+2", "-2", "+3", "-3", "+4", "-4", "+5", "-5", "+6", "-6", "+7", "-7", "+8", "-8", "+9", "-9", "+10", "-10", "+11", "-11", "+12", "-12", "+13", "-13", "+14", "-14", "+15", "-15", "+16", "-16", "+17", "-17", "+18", "-18", "+19", "-19", "+20", "-20", "+21", "-21", "+22", "-22", "+23", "-23", "+24", "-24", "+25", "-25", "+26", "-26", "+27", "-27", "+28", "-28", "+29", "-29", "+30", "-30", "+31", "-31", "+32", "-32", "+33", "-33", "+34", "-34", "+35", "-35", "+36", "-36", "+37", "-37", "+38", "-38", "+39", "-39", "+40", "-40", "+41", "-41", "+42", "-42", "+43", "-43", "+44", "-44", "+45", "-45", "+46", "-46", "+47", "-47", "+48", "-48", "+49", "-49", "+50", "-50", "+51", "-51", "+52", "-52", "+53", "-53", "+54", "-54", "+55", "-55", "+56", "-56", "+57", "-57", "+58", "-58", "+59", "-59", "+60", "-60", "+61", "-61", "+62", "-62", "+63", "-63", "+64", "-64", "+65", "-65", "+66", "-66", "+67", "-67", "+68", "-68", "+69", "-69", "+70", "-70", "+71", "-71", "+72", "-72"],
    "precedence": {
        "+0": "-0",
        "+1": "-1",
        "+2": "-2",
        "+3": "-3",
        "+4": "-4",
        "+5": "-5",
        "+6": "-6",
        "+7": "-7",
        "+8": "-8",
        "+9": "-9",
        "+10": "-10",
        "+11": "-11",
        "+12": "-12",
        "+13": "-13",
        "+14": "-14",
        "+15": "-15",
        "+16": "-16",
        "+17": "-17",
        "+18": "-18",
        "+19": "-19",
        "+20": "-20",
        "+21": "-21",
        "+22": "-22",
        "+23": "-23",
        "+24": "-24",
        "+25": "-25",
        "+26": "-26",
        "+27": "-27",
        "+28": "-28",
        "+29": "-29",
        "+30": "-30",
        "+31": "-31",
        "+32": "-32",
        "+33": "-33",
        "+34": "-34",
        "+35": "-35",
        "+36": "-36",
        "+37": "-37",
        "+38": "-38",
        "+39": "-39",
        "+40": "-40",
        "+41": "-41",
        "+42": "-42",
        "+43": "-43",
        "+44": "-44",
        "+45": "-45",
        "+46": "-46",
        "+47": "-47",
        "+48": "-48",
        "+49": "-49",
        "+50": "-50",
        "+51": "-51",
        "+52": "-52",
        "+53": "-53",
        "+54": "-54",
        "+55": "-55",
        "+56": "-56",
        "+57": "-57",
        "+58": "-58",
        "+59": "-59",
        "+60": "-60",
        "+61": "-61",
        "+62": "-62",
        "+63": "-63",
        "+64": "-64",
        "+65": "-65",
        "+66": "-66",
        "+67": "-67",
        "+68": "-68",
        "+69": "-69",
        "+70": "-70",
        "+71": "-71",
        "+72": "-72"
    },
    "edges": [
        [    0,    0,  476,  389,  476,  656,  535,  420,  155,  572,  424,  454,  607,  345,  210,  791,  653,  747,  920,  962,  809,  886,  772,  362,   71,  583,  135,  875,  514,  348,  507,  513,  877,  757,  589,  190,  470,  193,  625,  567,  366,  601,  923,  840,  848,  823,  261,  540,  901,  422,  938,  368,  404, 1109,  843,  590,  445,  755,  386,  378,  708,  765,  690,  313,  668,  817,  943,  428,  515,  541,  477,  852,  583,  847,  732,  853,  392,  497,  978,  674,  748,  845,  786,  128,  713,  604,  908,  892,  723,  811,  435,  797,  977,  866,  194,  275,  291,  670,  156,  462,  634,  567,  334,  770,  608,  160,  813,  367,  764, 1056,  764,  735,  515,  492,  904,  442,  644,  854,  867,  449,  390,  335,  645,  384,  491,  487,  454,  912,  203,  754,  867,  657,  222,  855,  973,   97,  685,  608,  911,  577,  358,  539,  703,  626,  349,  587],
        [    0,    0,    0,    0,    0,    0,    0,    0,    0,    0,    0,    0,    0,    0,    0,    0,    0,    0,    0,    0,    0,    0,    0,    0,    0,    0,    0,    0,    0,    0,    0,    0,    0,    0,    0,    0,    0,    0,    0,    0,    0,    0,    0,    0,    0,    0,    0,    0,    0,    0,    0,    0,    0,    0,    0,    0,    0,    0,    0,    0,    0,    0,    0,    0,    0,    0,    0,    0,    0,    0,    0,    0,    0,    0,    0,    0,    0,    0,    0,    0,    0,    0,    0,    0,    0,    0,    0,    0,    0,    0,    0,    0,    0,    0,    0,    0,    0,    0,    0,    0,    0,    0,    0,    0,    0,    0,    0,    0,    0,    0,    0,    0,    0,    0,    0,    0,    0,    0,    0,    0,    0,    0,    0,    0,    0,    0,    0,    0,    0,    0,    0,    0,    0,    0,    0,    0,    0,    0,    0,    0,    0,    0,    0,    0,    0,    0],
        [  476,    0,    0,  309,  773,  212,  940,  104,  357,  265,  669,  638,  967,  364,  634,  632,  806,  318,  947,  965,  766,  996,  474,  687,  406,  720,  527,  491,  788,  229,   89,  557,  731,  737,  826,  585,  802,  289,  554,  366,  627,  847,  518,  522,  837,  926,  552,  369,  786,  783,  840,  804,  450, 1121,  573,  245,   89,  871,  211,  340,  754,  627,  777,  164,  422,  757,  947,  819,  189,  163,  593,  547,  904,  687,  436,  542,  746,  247,  880,  835,  364,  692,  698,  374,  586,  767,  987,  497,  387,  730,  138,  422,  931,  674,  340,  281,  636,  233,  526,  282,  963,  391,  173,  437,  991,  510,  412,  587,  668, 1050,  387,  549,  434,  810,  978,   56,  779,  708,  867,  830,  732,  526,  435,  322,   28,  890,  789,  795,  307,  664,  535,  791,  257,  440,  589,  444,  736, 1013,  951,  381,  326,  767,  746,  550,  474,  251],
        [  389,    0,  309,    0,  491,  367,  697,  353,  376,  212,  380,  336,  696,   74,  445,  420,  497,  424,  659,  685,  497,  692,  385,  427,  341,  412,  353,  508,  497,   96,  262,  250,  515,  457,  524,  389,  531,  306,  283,  179,  349,  546,  565,  455,  558,  622,  308,  152,  553,  526,  600,  597,  143,  842,  454,  244,  360,  564,  100,   34,  455,  401,  472,  261,  280,  494,  666,  576,  193,  240,  285,  465,  621,  479,  347,  467,  490,  137,  641,  526,  393,  479,  446,  264,  350,  459,  688,  531,  349,  476,  176,  432,  669,  489,  197,  125,  396,  369,  338,   83,  680,  180,  174,  391,  731,  318,  460,  302,  419,  776,  404,  354,  155,  532,  680,  327,  470,  491,  585,  580,  473,  244,  257,   14,  337,  648,  520,  563,  359,  411,  484,  483,  240,  507,  602,  425,  435,  764,  659,  188,  497,  466,  448,  281,  182,  238],
        [  476,    0,  773,  491,    0,  857,  254,  776,  605,  686,  113,  179,  209,  421,  293,  653,  255,  904,  563,  618,  548,  468,  779,  115,  506,  241,  342,  943,   48,  548,  747,  342,  695,  494,  132,  289,   62,  594,  485,  594,  147,  135, 1008,  845,  543,  422,  238,  561,  681,  112,  692,  278,  363,  733,  797,  725,  793,  359,  575,  457,  398,  617,  345,  654,  673,  571,  601,  174,  683,  731,  260,  840,  132,  690,  753,  847,  111,  621,  722,  261,  853,  681,  579,  464,  579,  218,  510,  971,  787,  588,  656,  877,  673,  733,  456,  494,  186,  857,  323,  562,  191,  571,  603,  813,  254,  325,  917,  189,  576,  702,  856,  649,  474,   46,  510,  770,  270,  680,  547,  155,   99,  250,  628,  477,  799,  222,   65,  691,  634,  563,  879,  278,  566,  966, 1020,  572,  380,  304,  544,  592,  808,  114,  399,  490,  310,  716],
        [  656,    0,  212,  367,  857,    0, 1059,  314,  557,  188,  745,  695, 1062,  439,  781,  528,  826,  107,  895,  901,  701,  978,  319,  792,  588,  744,  677,  288,  860,  334,  151,  571,  621,  687,  878,  727,  897,  483,  512,  312,  716,  901,  308,  348,  779,  911,  666,  334,  685,  891,  741,  945,  498, 1051,  418,  148,  294,  867,  297,  400,  733,  535,  771,  359,  314,  685,  886,  938,  175,  129,  631,  377,  986,  575,  290,  369,  855,  238,  778,  854,  171,  583,  621,  538,  507,  796,  956,  289,  225,  651,  227,  227,  848,  548,  487,  409,  755,   24,  670,  296, 1045,  342,  324,  266, 1097,  651,  206,  669,  590,  977,  196,  445,  424,  899,  946,  267,  793,  601,  811,  944,  837,  610,  347,  380,  218, 1010,  886,  691,  510,  590,  351,  804,  436,  230,  382,  641,  719, 1129,  905,  323,  536,  822,  724,  506,  548,  158],
        [  535,    0,  940,  697,  254, 1059,    0,  918,  688,  904,  352,  427,  131,  624,  327,  906,  488, 1120,  787,  844,  798,  664, 1021,  271,  590,  491,  427, 1179,  286,  731,  932,  590,  948,  744,  349,  364,  194,  704,  736,  826,  357,  337, 1242, 1089,  785,  634,  394,  792,  932,  173,  940,  176,  588,  940, 1046,  940,  940,  581,  765,  665,  644,  871,  588,  796,  912,  821,  829,  123,  887,  931,  508, 1085,  201,  944,  993, 1092,  207,  833,  968,  485, 1080,  935,  832,  581,  831,  460,  717, 1206, 1020,  840,  842, 1109,  910,  987,  601,  663,  306, 1063,  421,  776,  202,  806,  769, 1051,   89,  434, 1146,  408,  829,  922, 1085,  899,  711,  212,  719,  925,  510,  933,  784,  118,  227,  458,  869,  684,  963,   51,  196,  942,  730,  817, 1123,  516,  700, 1194, 1260,  625,  629,   75,  765,  826,  892,  358,  647,  741,  523,  932],
        [  420,    0,  104,  353,  776,  314,  918,    0,  283,  357,  679,  658,  959,  392,  600,  716,  841,  420, 1008, 1031,  836, 1044,  573,  680,  351,  755,  494,  595,  796,  260,  188,  601,  816,  802,  843,  556,  798,  228,  621,  446,  631,  863,  621,  623,  903,  973,  544,  442,  868,  770,  919,  770,  485, 1188,  670,  343,   26,  915,  257,  378,  808,  708,  823,  124,  513,  829, 1012,  799,  279,  261,  626,  648,  904,  773,  534,  643,  734,  325,  961,  869,  467,  777,  773,  338,  664,  798, 1040,  600,  488,  804,  206,  525, 1004,  764,  323,  287,  622,  336,  498,  347,  963,  468,  185,  539,  977,  485,  515,  597,  743, 1119,  491,  635,  495,  809, 1032,   49,  816,  793,  932,  813,  722,  537,  520,  363,   98,  868,  783,  876,  230,  738,  637,  829,  219,  543,  692,  372,  788,  992, 1010,  460,  223,  784,  800,  617,  493,  348],
        [  155,    0,  357,  376,  605,  557,  688,  283,    0,  513,  535,  547,  754,  359,  362,  795,  749,  656,  987, 1023,  851,  977,  730,  494,  101,  670,  270,  805,  638,  302,  407,  564,  889,  805,  705,  332,  608,   78,  648,  543,  478,  720,  846,  794,  902,  910,  373,  522,  924,  566,  967,  523,  443, 1176,  813,  521,  308,  843,  333,  377,  773,  775,  767,  199,  638,  854, 1004,  578,  443,  457,  550,  811,  721,  854,  689,  810,  533,  447, 1009,  773,  675,  854,  813,  154,  724,  700,  990,  818,  665,  841,  355,  729, 1024,  863,  201,  251,  425,  574,  285,  428,  775,  551,  255,  716,  759,  281,  735,  465,  788, 1117,  694,  728,  524,  627,  984,  313,  734,  866,  925,  597,  528,  418,  624,  376,  366,  639,  592,  935,   53,  779,  816,  747,  142,  772,  905,   90,  750,  761,  981,  554,  207,  651,  767,  647,  408,  521],
        [  572,    0,  265,  212,  686,  188,  904,  357,  513,    0,  574,  517,  895,  284,  655,  371,  639,  218,  716,  726,  525,  792,  222,  634,  512,  558,  558,  304,  685,  224,  178,  385,  470,  505,  697,  598,  732,  436,  326,  125,  552,  720,  356,  282,  601,  724,  519,  146,  528,  733,  582,  808,  324,  879,  316,   42,  349,  679,  187,  242,  546,  370,  583,  334,  158,  511,  709,  785,   79,  106,  449,  301,  813,  425,  181,  299,  698,   78,  622,  667,  183,  431,  449,  445,  334,  610,  772,  323,  153,  480,  166,  227,  681,  410,  382,  299,  607,  181,  546,  130,  871,  155,  260,  203,  933,  526,  250,  502,  418,  806,  195,  287,  236,  730,  762,  312,  606,  447,  632,  787,  679,  448,  176,  224,  287,  857,  722,  536,  479,  416,  304,  616,  374,  296,  402,  584,  532,  971,  724,  137,  564,  643,  537,  321,  383,   32],
        [  424,    0,  669,  380,  113,  745,  352,  679,  535,  574,    0,   77,  322,  312,  281,  560,  236,  792,  531,  582,  480,  469,  671,  113,  440,  185,  293,  832,  119,  442,  638,  239,  611,  424,  171,  255,  163,  513,  386,  482,   59,  188,  897,  738,  489,  410,  165,  449,  606,  185,  624,  329,  250,  714,  694,  612,  695,  343,  467,  347,  339,  525,  299,  559,  563,  499,  563,  249,  572,  620,  157,  734,  241,  601,  644,  741,  161,  509,  658,  254,  741,  594,  497,  386,  483,  188,  499,  860,  676,  511,  548,  766,  623,  641,  367,  394,  159,  745,  270,  451,  300,  460,  502,  704,  364,  265,  806,   83,  490,  672,  744,  548,  363,  157,  496,  670,  235,  594,  499,  240,  140,  144,  520,  367,  696,  312,  157,  616,  558,  477,  772,  247,  477,  854,  911,  516,  318,  409,  516,  480,  732,  116,  339,  391,  200,  604],
        [  454,    0,  638,  336,  179,  695,  427,  658,  547,  517,   77,    0,  386,  275,  338,  483,  202,  734,  476,  523,  409,  434,  600,  186,  458,  131,  329,  765,  169,  410,  598,  164,  535,  353,  189,  303,  235,  514,  310,  418,  108,  210,  830,  666,  424,  370,  196,  386,  531,  262,  552,  403,  197,  662,  620,  557,  672,  302,  430,  303,  274,  448,  242,  543,  494,  426,  505,  326,  523,  572,   82,  661,  298,  525,  575,  668,  237,  457,  587,  226,  679,  517,  422,  394,  406,  154,  456,  793,  610,  436,  510,  700,  557,  565,  362,  373,  219,  693,  304,  399,  355,  394,  476,  635,  433,  295,  742,   88,  413,  616,  680,  472,  296,  225,  451,  644,  191,  518,  436,  316,  216,  130,  449,  323,  665,  388,  231,  542,  563,  401,  701,  204,  470,  790,  841,  540,  252,  482,  463,  415,  735,  130,  272,  315,  166,  548],
        [  607,    0,  967,  696,  209, 1062,  131,  959,  754,  895,  322,  386,    0,  625,  399,  844,  395, 1112,  680,  737,  714,  547,  985,  280,  654,  417,  485, 1150,  221,  747,  947,  546,  874,  663,  258,  422,  166,  759,  684,  802,  347,  240, 1215, 1050,  691,  523,  417,  769,  850,  191,  852,  282,  571,  824,  998,  933,  978,  476,  776,  663,  560,  808,  499,  836,  880,  739,  723,  183,  888,  936,  466, 1043,   99,  876,  960, 1051,  226,  828,  877,  386, 1062,  866,  759,  630,  774,  377,  602, 1179,  995,  763,  856, 1085,  810,  922,  637,  686,  338, 1064,  473,  770,   74,  779,  795, 1021,   63,  482, 1126,  395,  760,  810, 1065,  848,  682,  165,  606,  958,  422,  862,  686,  159,  237,  453,  835,  683,  992,  149,  179,  860,  791,  748, 1084,  425,  743, 1175, 1226,  702,  547,  128,  656,  800,  960,  286,  564,  690,  515,  924],
        [  345,    0,  364,   74,  421,  439,  624,  392,  359,  284,  312,  275,  625,    0,  377,  447,  450,  497,  640,  672,  493,  657,  445,  354,  307,  364,  291,  576,  430,  136,  327,  218,  536,  448,  463,  321,  459,  299,  290,  235,  278,  484,  634,  515,  547,  587,  235,  203,  567,  453,  609,  525,   95,  827,  505,  317,  403,  526,  157,   43,  430,  423,  437,  285,  335,  495,  653,  503,  265,  312,  234,  522,  552,  505,  408,  525,  417,  210,  650,  478,  464,  503,  455,  227,  371,  408,  659,  600,  416,  483,  237,  501,  666,  521,  163,  120,  323,  441,  274,  155,  611,  228,  208,  456,  658,  254,  531,  232,  430,  764,  474,  391,  171,  462,  651,  373,  425,  513,  572,  507,  400,  172,  305,   61,  391,  575,  448,  577,  353,  421,  545,  438,  238,  579,  668,  395,  408,  692,  638,  241,  508,  404,  423,  289,  113,  310],
        [  210,    0,  634,  445,  293,  781,  327,  600,  362,  655,  281,  338,  399,  377,    0,  775,  515,  858,  811,  860,  740,  745,  819,  184,  264,  463,  108,  952,  338,  449,  641,  457,  846,  685,  420,   57,  273,  380,  597,  609,  231,  427, 1009,  889,  761,  689,  164,  576,  854,  219,  881,  171,  388,  994,  870,  683,  623,  622,  486,  419,  611,  744,  577,  481,  708,  755,  841,  218,  618,  655,  393,  894,  383,  826,  783,  898,  194,  578,  918,  530,  837,  821,  740,  263,  694,  467,  778,  975,  792,  759,  556,  877,  894,  856,  298,  373,  122,  790,  112,  527,  431,  598,  468,  833,  398,  131,  904,  260,  725,  951,  848,  739,  520,  298,  776,  612,  516,  825,  773,  240,  197,  266,  673,  434,  655,  278,  257,  865,  404,  713,  920,  527,  383,  950, 1045,  304,  589,  401,  796,  614,  567,  381,  609,  599,  315,  677],
        [  791,    0,  632,  420,  653,  528,  906,  716,  795,  371,  560,  483,  844,  447,  775,    0,  473,  491,  396,  387,  203,  521,  238,  663,  753,  429,  716,  402,  627,  503,  547,  326,  100,  219,  592,  725,  713,  726,  180,  271,  576,  613,  466,  268,  281,  467,  612,  282,  158,  744,  213,  879,  395,  529,  184,  401,  713,  452,  483,  421,  314,   36,  375,  661,  217,  178,  375,  809,  443,  477,  404,  246,  747,   59,  248,  257,  719,  392,  252,  494,  398,   62,  117,  673,   81,  474,  480,  434,  317,  139,  512,  376,  322,   82,  608,  545,  677,  510,  694,  381,  793,  253,  572,  299,  899,  676,  430,  530,   97,  453,  381,   85,  277,  697,  469,  674,  439,   77,  312,  798,  698,  510,  198,  420,  656,  870,  711,  165,  777,  106,  299,  442,  659,  469,  437,  840,  316,  954,  413,  257,  902,  559,  306,  176,  464,  392],
        [  653,    0,  806,  497,  255,  826,  488,  841,  749,  639,  236,  202,  395,  450,  515,  473,    0,  844,  308,  363,  320,  234,  657,  336,  660,   87,  525,  831,  211,  584,  754,  257,  487,  273,  140,  491,  312,  713,  345,  520,  292,  155,  898,  712,  298,  175,  393,  494,  457,  366,  458,  532,  358,  482,  645,  680,  852,  108,  596,  468,  168,  438,  105,  731,  567,  347,  346,  427,  665,  715,  216,  699,  298,  495,  642,  708,  361,  595,  483,   30,  772,  484,  374,  595,  415,   50,  263,  862,  693,  374,  672,  779,  422,  545,  560,  560,  394,  819,  501,  541,  333,  491,  657,  705,  456,  494,  828,  288,  381,  448,  767,  497,  403,  286,  261,  821,   35,  477,  296,  407,  344,  331,  521,  485,  834,  467,  319,  467,  763,  370,  747,   32,  666,  875,  891,  741,  159,  518,  289,  512,  933,  143,  173,  351,  354,  670],
        [  747,    0,  318,  424,  904,  107, 1120,  420,  656,  218,  792,  734, 1112,  497,  858,  491,  844,    0,  876,  875,  679,  975,  260,  850,  680,  766,  756,  188,  902,  411,  250,  595,  575,  673,  911,  802,  949,  581,  511,  325,  769,  934,  202,  271,  759,  910,  731,  353,  643,  949,  698, 1017,  542, 1019,  353,  181,  401,  872,  373,  456,  733,  504,  777,  459,  292,  660,  861, 1000,  241,  207,  663,  302, 1030,  530,  243,  292,  913,  288,  733,  872,   96,  540,  594,  625,  486,  819,  946,  185,  174,  623,  313,  140,  812,  495,  570,  488,  820,   85,  747,  345, 1088,  353,  414,  200, 1151,  728,  105,  719,  565,  944,  117,  413,  446,  947,  935,  372,  810,  558,  791, 1003,  895,  664,  334,  437,  324, 1072,  940,  648,  611,  567,  267,  819,  530,  124,  278,  738,  722, 1187,  889,  332,  642,  858,  724,  505,  600,  189],
        [  920,    0,  947,  659,  563,  895,  787, 1008,  987,  716,  531,  476,  680,  640,  811,  396,  308,  876,    0,   58,  197,  166,  632,  639,  912,  348,  802,  797,  518,  755,  874,  425,  343,  211,  442,  779,  619,  936,  394,  592,  581,  452,  860,  662,  118,  159,  670,  582,  280,  674,  244,  840,  549,  190,  574,  753, 1013,  208,  752,  640,  214,  375,  234,  918,  586,  219,   46,  735,  770,  815,  443,  638,  589,  378,  637,  650,  668,  703,  245,  305,  786,  365,  283,  837,  391,  350,  106,  828,  703,  258,  811,  770,  146,  429,  787,  759,  689,  881,  778,  666,  610,  564,  833,  692,  743,  766,  824,  561,  311,  141,  772,  465,  515,  592,   96,  976,  299,  350,   85,  713,  651,  585,  550,  651,  974,  771,  626,  283,  989,  309,  691,  288,  878,  864,  823,  999,  238,  807,   28,  580, 1148,  451,  220,  399,  581,  743],
        [  962,    0,  965,  685,  618,  901,  844, 1031, 1023,  726,  582,  523,  737,  672,  860,  387,  363,  875,   58,    0,  201,  218,  625,  690,  951,  398,  847,  785,  573,  781,  889,  459,  323,  229,  498,  826,  674,  969,  412,  605,  629,  508,  846,  650,  128,  216,  716,  597,  256,  728,  212,  894,  582,  158,  560,  762, 1034,  264,  776,  668,  255,  371,  283,  945,  589,  217,   20,  790,  784,  827,  485,  624,  646,  362,  634,  636,  721,  719,  205,  361,  783,  350,  282,  875,  395,  403,  156,  816,  701,  253,  830,  763,   99,  411,  823,  790,  739,  886,  823,  685,  667,  577,  858,  686,  800,  810,  817,  607,  312,   95,  768,  463,  537,  647,  147,  997,  351,  333,  100,  769,  704,  628,  555,  678,  991,  827,  681,  256, 1023,  312,  677,  341,  909,  855,  804, 1039,  278,  864,   83,  591, 1178,  505,  259,  416,  619,  752],
        [  809,    0,  766,  497,  548,  701,  798,  836,  851,  525,  480,  409,  714,  493,  740,  203,  320,  679,  197,  201,    0,  320,  437,  592,  788,  308,  707,  605,  512,  591,  689,  297,  176,   56,  456,  698,  609,  792,  216,  404,  515,  474,  669,  471,   80,  271,  583,  398,  138,  653,  145,  808,  411,  356,  386,  561,  838,  269,  583,  483,  155,  180,  216,  756,  391,   29,  185,  718,  584,  627,  348,  448,  616,  198,  441,  460,  637,  520,  179,  334,  590,  185,   88,  710,  195,  339,  278,  636,  507,   67,  633,  575,  173,  251,  652,  609,  626,  686,  683,  489,  653,  377,  668,  497,  774,  668,  629,  481,  115,  284,  576,  269,  344,  587,  266,  800,  292,  173,  112,  702,  617,  485,  355,  491,  793,  769,  612,  147,  846,  113,  501,  290,  729,  669,  638,  877,  169,  834,  212,  391,  993,  440,  151,  219,  461,  552],
        [  886,    0,  996,  692,  468,  978,  664, 1044,  977,  792,  469,  434,  547,  657,  745,  521,  234,  975,  166,  218,  320,    0,  748,  563,  891,  307,  758,  920,  421,  785,  933,  443,  489,  307,  337,  724,  516,  936,  467,  667,  525,  340,  985,  788,  250,   71,  627,  649,  432,  577,  404,  743,  562,  278,  705,  832, 1052,  134,  790,  667,  247,  494,  221,  941,  684,  348,  211,  631,  834,  882,  430,  767,  463,  516,  746,  778,  578,  764,  409,  216,  890,  504,  405,  824,  496,  283,   63,  951,  808,  387,  859,  883,  312,  570,  783,  773,  625,  967,  735,  718,  474,  637,  861,  805,  609,  727,  936,  520,  428,  270,  880,  578,  567,  488,   72, 1018,  244,  490,  224,  607,  565,  560,  642,  682, 1024,  655,  527,  437,  988,  421,  819,  231,  885,  979,  958,  974,  262,  674,  139,  656, 1155,  366,  256,  473,  574,  822],
        [  772,    0,  474,  385,  779,  319, 1021,  573,  730,  222,  671,  600,  985,  445,  819,  238,  657,  260,  632,  625,  437,  748,    0,  756,  717,  592,  735,  176,  765,  431,  386,  439,  316,  441,  752,  763,  834,  653,  313,  211,  667,  775,  243,   71,  516,  688,  665,  243,  385,  850,  440,  955,  441,  764,  101,  230,  562,  662,  398,  404,  519,  258,  573,  556,  112,  414,  612,  909,  300,  313,  520,   82,  893,  271,   42,   82,  818,  284,  473,  682,  165,  282,  350,  644,  254,  644,  712,  207,   95,  375,  388,  139,  556,  235,  578,  498,  747,  297,  718,  310,  946,  222,  478,   62, 1033,  698,  193,  616,  323,  688,  146,  170,  312,  824,  700,  525,  622,  300,  548,  906,  798,  575,  152,  393,  493,  978,  828,  389,  698,  328,  103,  628,  589,  233,  241,  795,  513, 1080,  648,  205,  784,  707,  510,  307,  513,  226],
        [  362,    0,  687,  427,  115,  792,  271,  680,  494,  634,  113,  186,  280,  354,  184,  663,  336,  850,  639,  690,  592,  563,  756,    0,  394,  295,  228,  910,  156,  469,  670,  338,  720,  536,  237,  175,  119,  487,  487,  557,   90,  245,  972,  824,  601,  510,  137,  522,  716,  100,  736,  218,  318,  818,  788,  669,  699,  444,  500,  395,  451,  629,  409,  557,  646,  610,  672,  154,  618,  664,  260,  823,  229,  708,  726,  829,   64,  563,  770,  349,  809,  700,  607,  357,  585,  291,  599,  936,  750,  621,  580,  839,  734,  745,  358,  407,   72,  795,  210,  505,  286,  538,  515,  782,  307,  214,  875,  140,  598,  780,  815,  645,  445,  134,  597,  679,  341,  702,  610,  154,   46,  187,  604,  414,  712,  225,  104,  727,  525,  585,  858,  352,  466,  924,  993,  458,  430,  338,  622,  557,  698,  198,  450,  491,  252,  662],
        [   71,    0,  406,  341,  506,  588,  590,  351,  101,  512,  440,  458,  654,  307,  264,  753,  660,  680,  912,  951,  788,  891,  717,  394,    0,  585,  170,  813,  540,  289,  438,  494,  843,  738,  609,  232,  508,  123,  594,  518,  382,  623,  860,  785,  832,  825,  276,  492,  871,  465,  911,  430,  378, 1101,  793,  527,  375,  758,  326,  334,  698,  730,  686,  242,  617,  793,  931,  479,  451,  475,  470,  798,  621,  811,  677,  799,  433,  438,  952,  683,  685,  810,  758,   81,  678,  611,  908,  830,  664,  785,  369,  736,  959,  825,  146,  220,  325,  602,  185,  408,  675,  520,  267,  712,  660,  181,  749,  374,  735, 1045,  702,  693,  477,  527,  903,  371,  647,  820,  854,  498,  427,  332,  597,  338,  421,  541,  492,  882,  141,  724,  811,  661,  153,  790,  912,   90,  675,  664,  904,  528,  307,  556,  693,  594,  332,  525],
        [  583,    0,  720,  412,  241,  744,  491,  755,  670,  558,  185,  131,  417,  364,  463,  429,   87,  766,  348,  398,  308,  307,  592,  295,  585,    0,  459,  765,  205,  498,  669,  174,  459,  254,  165,  432,  301,  632,  280,  442,  233,  187,  832,  651,  308,  241,  327,  415,  441,  347,  452,  506,  271,  533,  590,  599,  766,  174,  510,  382,  159,  393,  115,  645,  497,  331,  379,  411,  581,  631,  130,  640,  320,  459,  574,  649,  333,  511,  483,  115,  698,  449,  343,  517,  362,   53,  326,  796,  622,  350,  586,  709,  440,  506,  478,  475,  342,  738,  435,  457,  366,  414,  571,  637,  474,  425,  756,  218,  343,  489,  695,  441,  322,  280,  321,  734,   64,  446,  315,  395,  314,  253,  451,  399,  748,  462,  304,  451,  682,  331,  686,   78,  582,  804,  830,  668,  140,  532,  334,  435,  852,  134,  160,  286,  270,  589],
        [  135,    0,  527,  353,  342,  677,  427,  494,  270,  558,  293,  329,  485,  291,  108,  716,  525,  756,  802,  847,  707,  758,  735,  228,  170,  459,    0,  859,  380,  346,  535,  413,  794,  653,  455,   64,  340,  278,  541,  525,  235,  466,  914,  805,  738,  697,  133,  493,  810,  296,  842,  278,  322,  990,  794,  585,  517,  629,  384,  331,  593,  687,  570,  374,  626,  718,  828,  312,  517,  552,  364,  812,  453,  770,  697,  815,  263,  481,  881,  545,  741,  766,  694,  157,  636,  476,  783,  881,  701,  717,  451,  783,  870,  795,  192,  269,  158,  687,   25,  434,  506,  518,  362,  744,  492,   41,  807,  242,  676,  941,  753,  671,  448,  360,  780,  504,  518,  772,  755,  330,  259,  223,  595,  344,  547,  377,  324,  821,  308,  665,  835,  531,  276,  853,  954,  230,  570,  501,  791,  531,  477,  406,  590,  543,  254,  580],
        [  875,    0,  491,  508,  943,  288, 1179,  595,  805,  304,  832,  765, 1150,  576,  952,  402,  831,  188,  797,  785,  605,  920,  176,  910,  813,  765,  859,    0,  932,  527,  413,  607,  465,  614,  923,  896,  995,  728,  487,  354,  822,  947,   68,  136,  682,  862,  808,  388,  535, 1006,  587, 1099,  592,  916,  226,  286,  578,  837,  489,  534,  694,  427,  748,  614,  271,  580,  774, 1063,  364,  351,  686,  163, 1061,  424,  192,  151,  973,  380,  615,  857,  131,  436,  518,  748,  428,  817,  881,   32,  161,  540,  451,   78,  708,  378,  685,  602,  893,  264,  846,  426, 1115,  373,  553,  130, 1196,  826,   83,  771,  493,  840,  112,  344,  470,  988,  870,  546,  796,  453,  714, 1062,  953,  724,  317,  518,  501, 1133,  988,  537,  765,  499,  111,  803,  670,   85,  101,  881,  689, 1240,  814,  353,  816,  876,  685,  481,  661,  288],
        [  514,    0,  788,  497,   48,  860,  286,  796,  638,  685,  119,  169,  221,  430,  338,  627,  211,  902,  518,  573,  512,  421,  765,  156,  540,  205,  380,  932,    0,  561,  756,  326,  664,  458,   85,  330,  102,  623,  464,  587,  167,   90,  997,  829,  503,  375,  267,  554,  646,  157,  655,  324,  363,  687,  777,  724,  813,  313,  585,  464,  359,  591,  304,  675,  661,  535,  556,  217,  687,  736,  246,  822,  130,  661,  741,  830,  158,  623,  684,  215,  847,  652,  547,  494,  555,  176,  463,  961,  778,  555,  666,  868,  631,  706,  480,  512,  226,  859,  360,  565,  187,  562,  620,  802,  274,  360,  910,  201,  546,  657,  849,  628,  465,   76,  463,  788,  227,  649,  505,  197,  146,  262,  615,  483,  814,  259,  109,  656,  665,  533,  864,  235,  591,  959, 1006,  609,  343,  328,  498,  583,  840,   73,  361,  469,  318,  716],
        [  348,    0,  229,   96,  548,  334,  731,  260,  302,  224,  442,  410,  747,  136,  449,  503,  584,  411,  755,  781,  591,  785,  431,  469,  289,  498,  346,  527,  561,    0,  202,  342,  600,  552,  598,  394,  581,  227,  377,  242,  402,  619,  577,  497,  653,  714,  338,  223,  642,  567,  690,  612,  227,  937,  512,  243,  269,  656,   39,  119,  550,  487,  564,  166,  336,  588,  762,  609,  171,  207,  369,  512,  679,  562,  390,  512,  530,  150,  732,  612,  402,  563,  538,  221,  437,  543,  782,  545,  375,  568,  111,  449,  763,  566,  161,   78,  426,  341,  338,  127,  739,  252,   79,  424,  775,  319,  467,  361,  510,  871,  417,  431,  248,  586,  774,  237,  558,  576,  681,  617,  514,  299,  323,  105,  256,  682,  568,  652,  277,  502,  523,  571,  161,  511,  625,  364,  530,  802,  755,  254,  405,  539,  542,  374,  246,  240],
        [  507,    0,   89,  262,  747,  151,  932,  188,  407,  178,  638,  598,  947,  327,  641,  547,  754,  250,  874,  889,  689,  933,  386,  670,  438,  669,  535,  413,  756,  202,    0,  500,  646,  663,  786,  588,  782,  333,  480,  286,  602,  808,  445,  435,  762,  863,  539,  293,  703,  768,  757,  808,  404, 1045,  485,  157,  176,  811,  172,  295,  688,  544,  716,  209,  335,  678,  872,  810,  106,   74,  546,  460,  878,  602,  348,  455,  731,  171,  797,  783,  283,  607,  618,  391,  505,  718,  920,  421,  300,  650,   92,  340,  851,  587,  344,  271,  627,  167,  530,  216,  937,  313,  176,  351,  977,  513,  336,  558,  587,  973,  305,  464,  366,  786,  911,  140,  725,  624,  793,  819,  716,  497,  350,  276,  110,  882,  769,  711,  361,  584,  449,  736,  286,  369,  512,  490,  671, 1004,  880,  300,  407,  728,  680,  476,  439,  163],
        [  513,    0,  557,  250,  342,  571,  590,  601,  564,  385,  239,  164,  546,  218,  457,  326,  257,  595,  425,  459,  297,  443,  439,  338,  494,  174,  413,  607,  326,  342,  500,    0,  390,  245,  319,  410,  399,  512,  149,  271,  250,  343,  673,  504,  339,  373,  295,  242,  399,  423,  430,  553,  124,  613,  457,  426,  610,  315,  349,  224,  213,  293,  223,  501,  336,  306,  440,  486,  409,  458,   83,  498,  454,  373,  416,  506,  396,  339,  469,  286,  530,  367,  284,  417,  247,  226,  442,  637,  457,  305,  420,  546,  465,  408,  364,  337,  352,  565,  389,  285,  508,  244,  419,  478,  595,  373,  591,  205,  269,  553,  529,  309,  150,  387,  434,  576,  226,  370,  361,  478,  375,  193,  291,  239,  585,  551,  395,  410,  565,  257,  539,  237,  454,  639,  680,  583,  191,  645,  421,  266,  724,  270,  206,  153,  165,  416],
        [  877,    0,  731,  515,  695,  621,  948,  816,  889,  470,  611,  535,  874,  536,  846,  100,  487,  575,  343,  323,  176,  489,  316,  720,  843,  459,  794,  465,  664,  600,  646,  390,    0,  216,  618,  798,  756,  821,  254,  371,  635,  637,  525,  331,  240,  445,  683,  380,   70,  793,  124,  937,  475,  451,  240,  498,  812,  445,  581,  513,  320,  115,  383,  759,  314,  148,  314,  858,  542,  575,  461,  303,  776,   47,  335,  315,  772,  491,  158,  504,  481,   39,  117,  763,  166,  498,  440,  496,  403,  115,  611,  452,  243,   89,  698,  639,  741,  602,  771,  479,  818,  352,  671,  378,  933,  754,  505,  593,  123,  376,  462,  183,  366,  737,  428,  774,  456,   24,  267,  846,  751,  581,  297,  514,  755,  915,  756,   73,  873,  135,  356,  456,  754,  539,  482,  931,  329,  991,  365,  357, 1000,  593,  315,  252,  540,  490],
        [  757,    0,  737,  457,  494,  687,  744,  802,  805,  505,  424,  353,  663,  448,  685,  219,  273,  673,  211,  229,   56,  307,  441,  536,  738,  254,  653,  614,  458,  552,  663,  245,  216,    0,  406,  643,  555,  747,  184,  382,  459,  424,  679,  483,  102,  249,  528,  371,  188,  598,  200,  752,  363,  386,  402,  543,  805,  235,  547,  441,  105,  189,  168,  718,  382,   77,  211,  663,  559,  604,  292,  463,  565,  228,  440,  474,  581,  493,  235,  289,  587,  216,  107,  661,  190,  287,  274,  645,  504,  102,  602,  577,  221,  281,  604,  566,  570,  673,  629,  457,  605,  353,  630,  499,  723,  614,  630,  425,  123,  319,  575,  271,  308,  534,  263,  768,  243,  208,  131,  648,  561,  431,  342,  450,  764,  715,  557,  198,  801,  116,  515,  242,  685,  673,  655,  827,  117,  782,  219,  369,  952,  386,  100,  188,  410,  533],
        [  589,    0,  826,  524,  132,  878,  349,  843,  705,  697,  171,  189,  258,  463,  420,  592,  140,  911,  442,  498,  456,  337,  752,  237,  609,  165,  455,  923,   85,  598,  786,  319,  618,  406,    0,  409,  180,  683,  442,  589,  228,   24,  990,  813,  437,  294,  334,  559,  593,  240,  596,  407,  384,  606,  754,  738,  858,  235,  618,  491,  302,  556,  242,  725,  653,  481,  482,  296,  708,  758,  249,  803,  160,  620,  732,  812,  242,  641,  622,  138,  849,  610,  502,  557,  526,  120,  381,  954,  776,  505,  698,  864,  561,  668,  536,  557,  305,  875,  433,  584,  202,  563,  662,  795,  318,  431,  910,  249,  505,  579,  848,  604,  467,  152,  382,  830,  165,  606,  436,  273,  230,  307,  607,  511,  853,  330,  190,  602,  728,  493,  848,  168,  646,  958,  991,  682,  290,  379,  420,  584,  903,   60,  306,  448,  353,  728],
        [  190,    0,  585,  389,  289,  727,  364,  556,  332,  598,  255,  303,  422,  321,   57,  725,  491,  802,  779,  826,  698,  724,  763,  175,  232,  432,   64,  896,  330,  394,  588,  410,  798,  643,  409,    0,  281,  341,  547,  553,  200,  418,  953,  833,  723,  665,  116,  521,  808,  234,  837,  221,  335,  964,  816,  627,  578,  597,  431,  363,  575,  694,  545,  435,  653,  711,  807,  248,  562,  601,  351,  839,  394,  776,  727,  842,  203,  522,  875,  509,  781,  772,  693,  218,  644,  442,  753,  919,  736,  714,  502,  820,  856,  805,  246,  319,  105,  735,   59,  471,  446,  543,  417,  777,  429,   76,  847,  220,  678,  919,  791,  686,  466,  303,  749,  564,  488,  777,  737,  266,  201,  218,  618,  378,  606,  314,  265,  819,  370,  666,  865,  500,  337,  894,  988,  286,  552,  438,  766,  558,  539,  363,  572,  549,  263,  621],
        [  470,    0,  802,  531,   62,  897,  194,  798,  608,  732,  163,  235,  166,  459,  273,  713,  312,  949,  619,  674,  609,  516,  834,  119,  508,  301,  340,  995,  102,  581,  782,  399,  756,  555,  180,  281,    0,  605,  544,  644,  182,  177, 1059,  900,  603,  473,  254,  611,  742,   63,  753,  227,  409,  785,  855,  769,  816,  413,  610,  498,  458,  677,  405,  675,  726,  631,  657,  117,  723,  770,  317,  896,  114,  751,  807,  903,   80,  664,  783,  315,  902,  742,  640,  475,  638,  276,  561, 1023,  838,  649,  691,  928,  731,  794,  476,  522,  184,  899,  324,  606,  168,  622,  631,  866,  203,  329,  967,  230,  636,  757,  906,  707,  526,   30,  561,  795,  328,  741,  605,   96,   81,  288,  682,  518,  827,  161,   17,  752,  642,  624,  935,  336,  584, 1016, 1074,  566,  441,  247,  598,  643,  814,  172,  460,  549,  351,  761],
        [  193,    0,  289,  306,  594,  483,  704,  228,   78,  436,  513,  514,  759,  299,  380,  726,  713,  581,  936,  969,  792,  936,  653,  487,  123,  632,  278,  728,  623,  227,  333,  512,  821,  747,  683,  341,  605,    0,  584,  469,  457,  700,  769,  717,  846,  868,  357,  449,  858,  568,  903,  549,  388, 1124,  737,  444,  253,  803,  257,  312,  723,  707,  722,  127,  562,  793,  950,  589,  366,  380,  507,  734,  716,  784,  612,  733,  534,  370,  945,  739,  598,  785,  749,  131,  656,  665,  946,  742,  588,  778,  277,  652,  965,  791,  154,  184,  422,  499,  287,  354,  773,  478,  177,  639,  769,  278,  658,  437,  723, 1062,  617,  656,  458,  620,  939,  251,  695,  797,  870,  606,  525,  384,  550,  308,  302,  655,  589,  869,   54,  714,  739,  709,   67,  696,  828,  158,  701,  779,  932,  481,  221,  627,  717,  583,  363,  444],
        [  625,    0,  554,  283,  485,  512,  736,  621,  648,  326,  386,  310,  684,  290,  597,  180,  345,  511,  394,  412,  216,  467,  313,  487,  594,  280,  541,  487,  464,  377,  480,  149,  254,  184,  442,  547,  544,  584,    0,  202,  398,  465,  554,  371,  284,  401,  434,  188,  278,  571,  320,  701,  222,  568,  314,  366,  623,  362,  367,  273,  222,  147,  268,  542,  225,  212,  394,  634,  377,  422,  229,  361,  590,  230,  298,  370,  544,  310,  361,  371,  432,  226,  166,  514,   99,  332,  446,  518,  352,  194,  419,  435,  387,  261,  452,  401,  498,  501,  519,  274,  640,  172,  453,  361,  736,  501,  485,  352,  141,  499,  425,  164,  129,  530,  436,  586,  310,  232,  314,  626,  523,  331,  180,  279,  581,  698,  540,  289,  638,  131,  406,  317,  520,  532,  550,  683,  211,  788,  400,  190,  780,  401,  214,    7,  288,  356],
        [  567,    0,  366,  179,  594,  312,  826,  446,  543,  125,  482,  418,  802,  235,  609,  271,  520,  325,  592,  605,  404,  667,  211,  557,  518,  442,  525,  354,  587,  242,  286,  271,  371,  382,  589,  553,  644,  469,  202,    0,  469,  613,  416,  281,  479,  599,  458,   35,  422,  653,  474,  749,  239,  759,  276,  165,  444,  556,  216,  195,  421,  262,  460,  392,  102,  393,  588,  710,  181,  223,  343,  288,  716,  329,  175,  291,  620,  121,  515,  548,  261,  332,  333,  441,  220,  495,  647,  380,  195,  364,  241,  284,  565,  327,  374,  299,  542,  302,  508,  115,  772,   31,  305,  227,  846,  488,  324,  418,  302,  687,  263,  193,  123,  638,  637,  406,  487,  347,  510,  709,  600,  372,   82,  185,  392,  781,  636,  431,  518,  298,  312,  496,  402,  373,  440,  599,  407,  888,  600,   15,  633,  537,  412,  196,  308,  155],
        [  366,    0,  627,  349,  147,  716,  357,  631,  478,  552,   59,  108,  347,  278,  231,  576,  292,  769,  581,  629,  515,  525,  667,   90,  382,  233,  235,  822,  167,  402,  602,  250,  635,  459,  228,  200,  182,  457,  398,  469,    0,  244,  885,  735,  531,  465,  107,  435,  635,  184,  658,  304,  231,  765,  698,  588,  648,  397,  430,  316,  381,  542,  347,  509,  557,  532,  611,  243,  542,  589,  174,  734,  278,  621,  637,  740,  152,  483,  693,  311,  725,  614,  524,  330,  496,  243,  553,  849,  663,  540,  511,  753,  665,  658,  314,  348,  112,  717,  211,  425,  337,  450,  457,  695,  383,  206,  790,   51,  513,  721,  729,  555,  356,  185,  550,  624,  288,  617,  543,  240,  132,  106,  515,  336,  652,  312,  172,  646,  501,  500,  769,  301,  425,  839,  905,  458,  359,  420,  567,  469,  676,  174,  380,  402,  169,  580],
        [  601,    0,  847,  546,  135,  901,  337,  863,  720,  720,  188,  210,  240,  484,  427,  613,  155,  934,  452,  508,  474,  340,  775,  245,  623,  187,  466,  947,   90,  619,  808,  343,  637,  424,   24,  418,  177,  700,  465,  613,  244,    0, 1013,  836,  452,  300,  348,  582,  611,  238,  613,  404,  406,  611,  776,  761,  878,  245,  640,  513,  320,  578,  259,  744,  677,  500,  493,  292,  731,  781,  272,  826,  143,  641,  755,  835,  244,  664,  638,  149,  872,  631,  522,  573,  548,  140,  387,  977,  799,  525,  720,  887,  574,  689,  554,  576,  314,  898,  445,  606,  181,  586,  683,  818,  301,  444,  933,  267,  526,  587,  871,  626,  490,  148,  388,  851,  183,  626,  449,  268,  234,  326,  630,  533,  874,  320,  188,  620,  744,  514,  871,  185,  664,  981, 1014,  695,  309,  363,  430,  607,  919,   81,  324,  471,  374,  751],
