{
    "name": "random-11-27665",
    "comment": "size=11 seed=27665",
    "nodes": ["+0", "-0", "+1", "-1", "+2", "-2", "+3", "-3", "+4", "-4", "+5", "-5", "+6", "-6", "+7", "-7", "+8", "-8", "+9", "-9", "+10", "-10", "+11", "-11"],
    "precedence": {
        "+0": "-0",
        "+1": "-1",
        "+2": "-2",
        "+3": "-3",
        "+4": "-4",
        "+5": "-5",
        "+6": "-6",
        "+7": "-7",
        "+8": "-8",
        "+9": "-9",
        "+10": "-10",
        "+11": "-11"
    },
    "edges": [
        [    0,    0,  867,  872,  524,  199,  495,  491,  185,  249,  849,  426,  684,  266,  614,  250,  853,  629,  285,  424,  702,  505,  376,  674],
        [    0,    0,  867,  872,  524,  199,  495,  491,  185,  249,  849,  426,  684,  266,  614,  250,  853,  629,  285,  424,  702,  505,  376,  674],
        [  867,  867,    0,  369,  363, 1015,  743,  378,  685,  875,   40,  626,  477,  844,  701,  662,   72,  507, 1119,  740,  188,  373, 1172,  653],
        [  872,  872,  369,    0,  388,  957,  950,  454,  722,  977,  331,  487,  769,  957,  953,  624,  298,  777, 1155,  572,  452,  519, 1235,  930],
        [  524,  524,  363,  388,    0,  657,  575,   72,  352,  593,  337,  286,  469,  571,  600,  302,  334,  453,  796,  401,  249,  157,  865,  596],
        [  199,  199, 1015,  957,  657,    0,  690,  640,  363,  424,  992,  473,  880,  449,  812,  355,  991,  825,  312,  421,  865,  672,  421,  873],
        [  495,  495,  743,  950,  575,  690,    0,  504,  405,  289,  748,  715,  320,  254,  131,  548,  771,  264,  568,  785,  558,  432,  560,  209],
        [  491,  491,  378,  454,   72,  640,  504,    0,  311,  536,  358,  321,  407,  511,  530,  292,  363,  388,  753,  432,  232,   91,  816,  528],
        [  185,  185,  685,  722,  352,  363,  405,  311,    0,  271,  668,  340,  524,  262,  503,  152,  673,  473,  444,  388,  517,  320,  515,  547],
        [  249,  249,  875,  977,  593,  424,  289,  536,  271,    0,  867,  607,  559,   38,  419,  416,  880,  499,  287,  638,  690,  505,  306,  493],
        [  849,  849,   40,  331,  337,  992,  748,  358,  668,  867,    0,  594,  495,  837,  713,  638,   35,  521, 1106,  707,  190,  363, 1162,  669],
        [  426,  426,  626,  487,  286,  473,  715,  321,  340,  607,  594,    0,  714,  601,  783,  192,  582,  683,  708,  116,  534,  403,  802,  804],
        [  684,  684,  477,  769,  469,  880,  320,  407,  524,  559,  495,  714,    0,  522,  236,  613,  524,   61,  845,  816,  320,  318,  858,  177],
        [  266,  266,  844,  957,  571,  449,  254,  511,  262,   38,  837,  601,  522,    0,  384,  411,  851,  462,  324,  639,  658,  477,  341,  457],
        [  614,  614,  701,  953,  600,  812,  131,  530,  503,  419,  713,  783,  236,  384,    0,  634,  740,  195,  699,  865,  527,  446,  687,   83],
        [  250,  250,  662,  624,  302,  355,  548,  292,  152,  416,  638,  192,  613,  411,  634,    0,  636,  570,  534,  238,  522,  342,  622,  668],
        [  853,  853,   72,  298,  334,  991,  771,  363,  673,  880,   35,  582,  524,  851,  740,  636,    0,  548, 1114,  693,  214,  375, 1172,  698],
        [  629,  629,  507,  777,  453,  825,  264,  388,  473,  499,  521,  683,   61,  462,  195,  570,  548,    0,  785,  781,  338,  297,  798,  154],
        [  285,  285, 1119, 1155,  796,  312,  568,  753,  444,  287, 1106,  708,  845,  324,  699,  534, 1114,  785,    0,  691,  942,  747,  110,  775],
        [  424,  424,  740,  572,  401,  421,  785,  432,  388,  638,  707,  116,  816,  639,  865,  238,  693,  781,  691,    0,  649,  511,  792,  893],
        [  702,  702,  188,  452,  249,  865,  558,  232,  517,  690,  190,  534,  320,  658,  527,  522,  214,  338,  942,  649,    0,  198,  990,  490],
        [  505,  505,  373,  519,  157,  672,  432,   91,  320,  505,  363,  403,  318,  477,  446,  342,  375,  297,  747,  511,  198,    0,  800,  439],
        [  376,  376, 1172, 1235,  865,  421,  560,  816,  515,  306, 1162,  802,  858,  341,  687,  622, 1172,  798,  110,  792,  990,  800,    0,  767],
        [  674,  674,  653,  930,  596,  873,  209,  528,  547,  493,  669,  804,  177,  457,   83,  668,  698,  154,  775,  893,  490,  439,  767,    0]
    ]
}
