{
    "name": "random-98-8855",
    "comment": "size=98 seed=8855",
    "nodes": ["+0", "-0", "+1", "-1", "+2", "-2", "+3", "-3", "+4", "-4", "+5", "-5", "+6", "-6", "+7", "-7", "+8", "-8", "+9", "-9", "+10", "-10", "+11", "-11", "+12", "-12", "+13", "-13", "+14", "-14", "+15", "-15", "+16", "-16", "+17", "-17", "+18", "-18", "+19", "-19", "+20", "-20", "+21", "-21", "+22", "-22", "+23", "-23", "+24", "-24", "+25", "-25", "+26", "-26", "+27", "-27", "+28", "-28", "+29", "-29", "+30", "-30", "+31", "-31", "+32", "-32", "+33", "-33", "+34", "-34", "+35", "-35", "+36", "-36", "+37", "-37", "+38", "-38", "+39", "-39", "+40", "-40", "+41", "-41", "+42", "-42", "+43", "-43", "+44", "-44", "+45", "-45", "+46", "-46", "+47", "-47", "+48", "-48", "+49", "-49", "+50", "-50", "+51", "-51", "+52", "-52", "+53", "-53", "+54", "-54", "+55", "-55", "+56", "-56", "+57", "-57", "+58", "-58", "+59", "-59", "+60", "-60", "+61", "-61", "+62", "-62", "+63", "-63", "+64", "-64", "+65", "-65", "+66", "-66", "+67", "-67", "+68", "-68", "+69", "-69", "+70", "-70", "+71", "-71", "+72", "-72", "+73", "-73", "+74", "-74", "+75", "-75", "+76", "-76", "+77", "-77", "+78", "-78", "+79", "-79", "+80", "-80", "+81", "-81", "+82", "-82", "+83", "-83", "+84", "-84", "+85", "-85", "+86", "-86", "+87", "-87", "+88", "-88", "+89", "-89", "+90", "-90", "+91", "-91", "+92", "-92", "+93", "-93", "+94", "-94", "+95", "-95", "+96", "-96", "+97", "-97", "+98", "-98"],
    "precedence": {
        "+0": "-0",
        "+1": "-1",
        "+2": "-2",
        "+3": "-3",
        "+4": "-4",
        "+5": "-5",
        "+6": "-6",
        "+7": "-7",
        "+8": "-8",
        "+9": "-9",
        "+10": "-10",
        "+11": "-11",
        "+12": "-12",
        "+13": "-13",
        "+14": "-14",
        "+15": "-15",
        "+16": "-16",
        "+17": "-17",
        "+18": "-18",
        "+19": "-19",
        "+20": "-20",
        "+21": "-21",
        "+22": "-22",
        "+23": "-23",
        "+24": "-24",
        "+25": "-25",
        "+26": "-26",
        "+27": "-27",
        "+28": "-28",
        "+29": "-29",
        "+30": "-30",
        "+31": "-31",
        "+32": "-32",
        "+33": "-33",
        "+34": "-34",
        "+35": "-35",
        "+36": "-36",
        "+37": "-37",
        "+38": "-38",
        "+39": "-39",
        "+40": "-40",
        "+41": "-41",
        "+42": "-42",
        "+43": "-43",
        "+44": "-44",
        "+45": "-45",
        "+46": "-46",
        "+47": "-47",
        "+48": "-48",
        "+49": "-49",
        "+50": "-50",
        "+51": "-51",
        "+52": "-52",
        "+53": "-53",
        "+54": "-54",
        "+55": "-55",
        "+56": "-56",
        "+57": "-57",
        "+58": "-58",
        "+59": "-59",
        "+60": "-60",
        "+61": "-61",
        "+62": "-62",
        "+63": "-63",
        "+64": "-64",
        "+65": "-65",
        "+66": "-66",
        "+67": "-67",
        "+68": "-68",
        "+69": "-69",
        "+70": "-70",
        "+71": "-71",
        "+72": "-72",
        "+73": "-73",
        "+74": "-74",
        "+75": "-75",
        "+76": "-76",
        "+77": "-77",
        "+78": "-78",
        "+79": "-79",
        "+80": "-80",
        "+81": "-81",
        "+82": "-82",
        "+83": "-83",
        "+84": "-84",
        "+85": "-85",
        "+86": "-86",
        "+87": "-87",
        "+88": "-88",
        "+89": "-89",
        "+90": "-90",
        "+91": "-91",
        "+92": "-92",
        "+93": "-93",
        "+94": "-94",
        "+95": "-95",
        "+96": "-96",
        "+97": "-97",
        "+98": "-98"
    },
    "edges": [
        [    0,    0,  743,  215,  551,  440,  962,  201,  714,  363,  737,  914,  605,  228,  621,  885,  887,  952,  435,  386,  228,  124,  870,  922, 1123,  845,  744, 1083,  613,  978,  527,   50,  554, 1097,  875,  591,  570,  886,  933,  469,  612,  943,  449,   49,  679,  713,  305,  682,  454, 1001,  554,  757,  458,  647,  758,  402,  782,  912,  437,  585,  662,  948,  808,  718,  703,  194,  679,  353,  736,  523,  148,  866,  754,  939,  668,  802,  815,  315, 1013,  324,  395,  398,  895, 1056, 1066, 1153,  583,  504,  655,  639,  560,  888,  207,  920,  788, 1065,   96,  512,  422,  349,  612,   23,  768,  666,  255,  887,  599, 1025,  385,  776,  292,  676,  428,  780,  982,  975,  805,  101,  478,  750,  679,  894,  552,  368,  792,  625,  802,  945,  651,  765,  971, 1065,  817,  667,  866,  843,  828,  602,  957,  905,  464,  931,  236,  115,  593,  705,  133,  917,  823,  715,  464,  761,  900,  119,  798,  203,  869,  482, 1128,  455,  867,  628,  546,  724,  444,  395,  815,  684,  919, 1092,  950,  816,  795,  347,  147,  995,  202, 1023,  409,  706,  895,  952,  655,  567,  814,  532,  919,  568,  608,  362, 1041,  386,  966,  705,  761, 1055,  430, 1080],
        [    0,    0,    0,    0,    0,    0,    0,    0,    0,    0,    0,    0,    0,    0,    0,    0,    0,    0,    0,    0,    0,    0,    0,    0,    0,    0,    0,    0,    0,    0,    0,    0,    0,    0,    0,    0,    0,    0,    0,    0,    0,    0,    0,    0,    0,    0,    0,    0,    0,    0,    0,    0,    0,    0,    0,    0,    0,    0,    0,    0,    0,    0,    0,    0,    0,    0,    0,    0,    0,    0,    0,    0,    0,    0,    0,    0,    0,    0,    0,    0,    0,    0,    0,    0,    0,    0,    0,    0,    0,    0,    0,    0,    0,    0,    0,    0,    0,    0,    0,    0,    0,    0,    0,    0,    0,    0,    0,    0,    0,    0,    0,    0,    0,    0,    0,    0,    0,    0,    0,    0,    0,    0,    0,    0,    0,    0,    0,    0,    0,    0,    0,    0,    0,    0,    0,    0,    0,    0,    0,    0,    0,    0,    0,    0,    0,    0,    0,    0,    0,    0,    0,    0,    0,    0,    0,    0,    0,    0,    0,    0,    0,    0,    0,    0,    0,    0,    0,    0,    0,    0,    0,    0,    0,    0,    0,    0,    0,    0,    0,    0,    0,    0,    0,    0,    0,    0,    0,    0,    0,    0,    0,    0,    0,    0,    0,    0,    0,    0],
        [  743,    0,    0,  725,  216,  413,  335,  605,  432,  438,  772,  177,  311,  745,  709,  144,  176,  660,  322,  439,  546,  622,  305,  468,  507,  788,  385,  458,  668,  413,  709,  711,  533,  450,  455,  534,  729,  199,  191,  459,  737,  433,  726,  734,  628,  192,  673,  524,  753,  304,  417,  372,  438,  221,  800,  509,   78,  196,  346,  181,  366,  206,  450,  250,  124,  678,  902,  404,  105,  812,  659,  180,  284,  425,  195,  161,  192,  506,  485,  498,  407,  712,  166,  401,  656,  608,  277,  488,  900,  125,  593,  167,  810,  179,   45,  598,  723,  486,  408,  477,  833,  721,  187,  831,  753,  357,  569,  368,  361,  849,  505,  703,  476,  108,  390,  268,  488,  714,  298,  686,  525,  179,  468,  764,  360,  317,  106,  391,  696,  416,  348,  564,  398,  253,  321,  149,  669,  674,  586,  667,  350,  189,  526,  748,  342,  916,  613,  348,  539,  148,  429,  234,  238,  651,  121,  796,  486,  387,  638,  297,  255,  356,  273,  181,  523,  439,  288,  607,  270,  490,  317,  769,  349,  673,  708,  252,  744,  459,  335,  191,  208,  310,  118,  657,  769,  432,  708,  797,  218,  733,  630,  412,  233,  712,  221,  443,  315,  510],
        [  215,    0,  725,    0,  511,  337, 1000,  130,  574,  455,  531,  879,  505,   24,  417,  855,  837,  781,  470,  485,  193,  242,  919,  790, 1017,  644,  617,  983,  415,  869,  319,  173,  386, 1004,  740,  423,  361,  826,  912,  336,  404,  823,  237,  167,  492,  641,  105,  517,  240,  934,  424,  634,  568,  572,  550,  262,  781,  913,  497,  547,  540,  923,  669,  772,  720,  384,  465,  407,  747,  308,  326,  808,  814,  819,  706,  822,  842,  221,  890,  442,  322,  187,  888,  969,  910, 1024,  644,  354,  441,  604,  376,  886,  421,  889,  767,  922,  120,  362,  514,  254,  397,  211,  800,  452,   46,  778,  421,  941,  381,  565,  405,  476,  297,  788,  880,  982,  656,  304,  523,  557,  514,  895,  404,  154,  674,  701,  805,  835,  450,  631, 1011,  931,  691,  579,  765,  791,  644,  403,  801,  727,  388,  908,  335,  328,  483,  491,  205,  816,  664,  655,  570,  807,  829,  283,  748,  417,  726,  378,  987,  480,  785,  715,  475,  654,  288,  298,  718,  501,  842,  984,  985,  615,  681,  144,  347,  969,   25,  909,  407,  744,  908,  868,  617,  369,  613,  399,  736,  353,  649,  148,  888,  469,  924,  504,  803,  953,  447,  963],
        [  551,    0,  216,  511,    0,  203,  524,  395,  325,  314,  610,  371,  164,  531,  529,  346,  338,  593,  190,  329,  339,  436,  466,  458,  598,  652,  306,  553,  490,  466,  512,  513,  351,  561,  425,  363,  537,  337,  401,  257,  553,  453,  519,  535,  472,  177,  458,  384,  545,  451,  240,  306,  370,  128,  640,  298,  279,  409,  240,   37,  246,  413,  386,  350,  246,  523,  713,  251,  262,  608,  491,  316,  395,  446,  271,  340,  366,  292,  520,  369,  192,  500,  381,  516,  641,  660,  279,  294,  708,   94,  409,  381,  651,  380,  257,  607,  518,  295,  313,  262,  640,  528,  336,  648,  538,  381,  396,  484,  170,  685,  362,  536,  267,  295,  459,  481,  410,  539,  205,  542,  384,  392,  289,  550,  320,  347,  306,  434,  524,  340,  537,  589,  357,  165,  351,  293,  553,  493,  547,  580,  137,  398,  359,  576,  186,  730,  418,  398,  454,  168,  363,  363,  353,  474,  248,  637,  440,  183,  662,  165,  329,  382,   81,  184,  318,  224,  300,  455,  376,  571,  508,  628,  316,  459,  543,  459,  531,  515,  150,  298,  412,  411,  108,  471,  628,  247,  614,  601,  239,  520,  614,  294,  419,  551,  355,  529,  159,  572],
        [  440,    0,  413,  337,  203,    0,  726,  247,  282,  362,  450,  551,  171,  355,  351,  531,  504,  541,  280,  389,  213,  352,  664,  483,  690,  518,  305,  652,  318,  543,  317,  393,  188,  671,  437,  215,  347,  491,  591,   70,  369,  505,  317,  410,  329,  304,  266,  279,  343,  597,  124,  318,  459,  236,  479,   96,  481,  609,  333,  234,  223,  600,  373,  535,  445,  484,  522,  283,  463,  408,  436,  474,  581,  500,  458,  541,  567,  128,  575,  395,   64,  299,  578,  634,  636,  714,  437,  120,  514,  289,  235,  580,  593,  563,  452,  628,  379,  125,  393,   92,  446,  420,  534,  462,  356,  451,  241,  605,  183,  519,  370,  374,   65,  497,  550,  681,  376,  464,  326,  407,  277,  592,  145,  352,  354,  506,  508,  509,  357,  328,  739,  626,  378,  242,  433,  458,  450,  317,  529,  506,   67,  586,  329,  502,  154,  541,  317,  485,  402,  322,  456,  556,  492,  403,  416,  582,  434,   43,  691,  270,  448,  535,  144,  318,  119,   46,  385,  321,  505,  657,  710,  491,  357,  261,  484,  644,  360,  587,  192,  490,  614,  532,  298,  289,  490,  108,  531,  405,  414,  321,  610,  354,  592,  395,  549,  623,  240,  642],
        [  962,    0,  335, 1000,  524,  726,    0,  871,  762,  603, 1106,  331,  644, 1022, 1041,  312,  396,  969,  536,  587,  808,  840,  102,  759,  702, 1119,  711,  657, 1000,  666, 1034,  942,  864,  630,  759,  867, 1057,  437,  271,  780, 1068,  709, 1043,  967,  962,  521,  968,  857, 1068,  475,  747,  696,  537,  555, 1134,  820,  258,  175,  525,  496,  699,  285,  769,  247,  284,  839, 1231,  612,  263, 1132,  843,  430,  219,  701,  297,  185,  160,  794,  741,  654,  703, 1021,  215,  588,  934,  833,  381,  814, 1229,  449,  923,  198,  964,  313,  314,  863,  969,  813,  549,  772, 1161,  941,  200, 1163, 1035,  642,  901,  563,  619, 1183,  678, 1037,  790,  233,  633,  137,  809,  904,  487, 1020,  859,  182,  799, 1066,  676,  353,  229,  657, 1030,  741,   14,  819,  711,  586,  609,  410,  997, 1005,  885,  986,  660,  277,  726,  931,  675, 1247,  845,  616,  861,  478,  528,  202,  481,  851,  416,  949,  795,  707,  886,  522,  530,  367,  596,  509,  842,  742,  592,  941,  510,  700,   18, 1101,  664,  976,  883,  292, 1015,  701,  593,  258,  135,  541,  447,  987, 1102,  761, 1028, 1123,  357, 1036,  911,  579,  363, 1046,  201,  656,  554,  737],
        [  201,    0,  605,  130,  395,  247,  871,    0,  515,  331,  557,  765,  417,  153,  440,  740,  728,  752,  340,  362,   64,  156,  790,  725,  936,  658,  548,  898,  426,  789,  355,  152,  354,  915,  678,  392,  398,  721,  794,  270,  437,  750,  292,  165,  484,  539,  148,  481,  306,  832,  356,  562,  446,  471,  580,  202,  657,  790,  368,  431,  467,  807,  610,  642,  593,  310,  536,  279,  621,  382,  251,  702,  684,  746,  577,  696,  714,  119,  820,  325,  214,  244,  766,  877,  865,  958,  514,  303,  516,  488,  365,  763,  385,  774,  648,  867,  132,  312,  388,  156,  461,  184,  672,  506,  170,  698,  401,  847,  254,  605,  288,  490,  228,  663,  796,  858,  605,  254,  393,  558,  479,  772,  351,  245,  599,  572,  681,  755,  466,  567,  883,  869,  621,  484,  679,  682,  631,  417,  756,  705,  284,  791,  219,  287,  401,  561,  112,  731,  622,  549,  447,  678,  729,  208,  638,  377,  670,  290,  930,  351,  689,  587,  370,  552,  243,  203,  630,  487,  745,  904,  857,  629,  603,  184,  288,  853,  144,  833,  280,  615,  782,  774,  502,  381,  627,  333,  721,  414,  519,  225,  841,  343,  812,  518,  674,  869,  318,  888],
        [  714,    0,  432,  574,  325,  282,  762,  515,    0,  609,  358,  482,  162,  585,  330,  479,  414,  273,  498,  631,  491,  633,  735,  216,  458,  357,   64,  432,  290,  313,  377,  666,  203,  462,  166,  176,  375,  381,  541,  246,  365,  256,  438,  680,  218,  242,  478,  109,  462,  450,  161,   85,  685,  222,  384,  317,  508,  603,  553,  326,   80,  541,   95,  650,  527,  764,  525,  533,  525,  490,  716,  374,  692,  254,  575,  592,  623,  401,  320,  654,  339,  453,  563,  439,  355,  450,  602,  221,  533,  344,  247,  574,  874,  500,  449,  352,  644,  213,  624,  367,  472,  696,  610,  449,  576,  232,  200,  419,  430,  434,  635,  301,  288,  539,  334,  671,   95,  745,  525,  261,  111,  590,  170,  522,  126,  667,  536,  282,  304,   60,  776,  357,  125,  183,  235,  378,  239,  302,  248,  256,  287,  535,  604,  782,  150,  532,  597,  277,  132,  285,  679,  651,  356,  684,  355,  863,  155,  243,  416,  477,  295,  704,  253,  254,  287,  325,  209,  194,  351,  423,  745,  340,  138,  451,  765,  574,  599,  346,  426,  592,  630,  358,  336,  303,  340,  183,  291,  452,  556,  495,  329,  595,  497,  301,  639,  401,  459,  395],
        [  363,    0,  438,  455,  314,  362,  603,  331,  609,    0,  804,  614,  452,  478,  697,  580,  607,  881,  127,   31,  276,  246,  508,  769,  905,  879,  607,  858,  668,  778,  636,  352,  547,  861,  733,  576,  676,  619,  617,  429,  707,  766,  598,  376,  690,  488,  470,  635,  617,  732,  473,  611,  115,  441,  832,  410,  455,  575,   92,  336,  533,  634,  685,  358,  364,  245,  837,   80,  400,  694,  241,  598,  392,  759,  316,  456,  464,  323,  834,   61,  300,  557,  566,  814,  948,  973,  223,  479,  822,  370,  588,  555,  377,  614,  480,  919,  389,  485,   60,  327,  760,  343,  415,  792,  499,  694,  601,  780,  182,  869,   76,  729,  405,  444,  769,  631,  702,  302,  140,  768,  633,  558,  505,  573,  630,  262,  469,  747,  709,  638,  612,  902,  666,  476,  663,  569,  808,  665,  848,  856,  328,  616,  130,  330,  460,  860,  263,  709,  739,  470,  116,  402,  646,  249,  527,  362,  744,  383,  975,  153,  634,  268,  362,  493,  456,  336,  613,  682,  673,  880,  592,  851,  627,  497,  283,  679,  463,  827,  184,  353,  550,  711,  389,  632,  851,  465,  885,  713,  257,  549,  921,   27,  670,  752,  404,  836,  156,  884],
        [  737,    0,  772,  531,  610,  450, 1106,  557,  358,  804,    0,  839,  464,  527,  117,  836,  772,  354,  730,  833,  574,  711, 1066,  499,  754,  121,  420,  744,  137,  628,  212,  689,  265,  780,  458,  248,  171,  738,  898,  381,  129,  560,  298,  691,  145,  590,  433,  253,  303,  800,  371,  440,  908,  551,   30,  397,  849,  954,  783,  628,  409,  898,  400,  959,  848,  865,  202,  726,  854,  267,  807,  731, 1004,  563,  881,  928,  957,  494,  603,  828,  508,  345,  916,  768,  511,  691,  879,  332,  222,  664,  217,  925,  937,  857,  796,  565,  643,  328,  841,  480,  191,  727,  936,  133,  505,  569,  215,  756,  632,   78,  798,   77,  400,  876,  659, 1024,  359,  808,  774,  107,  251,  940,  323,  398,  476,  948,  877,  605,   96,  401, 1120,  598,  459,  521,  582,  735,  198,  143,  427,  287,  503,  892,  742,  839,  435,  198,  667,  615,  323,  631,  904,  970,  712,  764,  710,  930,  421,  443,  622,  719,  650,  980,  530,  604,  349,  469,  565,  167,  703,  720, 1089,   96,  489,  391,  844,  931,  552,  645,  642,  906,  977,  704,  663,  178,   94,  366,  270,  208,  847,  389,  500,  800,  855,   60,  960,  714,  689,  678],
        [  914,    0,  177,  879,  371,  551,  331,  765,  482,  614,  839,    0,  412,  898,  797,   36,   71,  650,  498,  613,  709,  795,  355,  434,  384,  830,  422,  335,  756,  335,  816,  880,  632,  316,  441,  623,  829,  111,   64,  583,  829,  381,  849,  903,  697,  263,  817,  588,  875,  156,  522,  403,  607,  324,  866,  644,  177,  157,  522,  335,  437,   60,  464,  373,  272,  854,  994,  580,  238,  926,  835,  111,  390,  373,  343,  238,  261,  659,  411,  674,  558,  842,  121,  269,  604,  507,  439,  601,  998,  279,  690,  141,  986,   20,  134,  532,  888,  597,  581,  627,  932,  892,  288,  920,  903,  318,  656,  240,  530,  916,  682,  779,  608,  206,  302,  207,  507,  889,  474,  742,  589,  155,  570,  900,  374,  465,  180,  327,  777,  446,  344,  488,  403,  337,  288,  105,  701,  764,  562,  676,  493,   58,  701,  924,  443, 1005,  783,  288,  557,  233,  598,  338,  153,  826,  139,  972,  479,  517,  556,  473,  208,  501,  408,  248,  648,  584,  283,  674,  180,  376,  316,  817,  360,  811,  884,   96,  900,  371,  506,  324,  205,  211,  264,  755,  817,  542,  718,  902,  382,  869,  581,  588,   58,  782,  325,  331,  490,  410],
        [  605,    0,  311,  505,  164,  171,  644,  417,  162,  452,  464,  412,    0,  521,  398,  398,  355,  434,  338,  473,  378,  508,  602,  327,  520,  494,  156,  482,  358,  374,  406,  560,  224,  500,  286,  223,  422,  335,  461,  179,  428,  340,  438,  578,  321,  150,  425,  225,  465,  435,  111,  162,  525,   92,  493,  248,  387,  501,  392,  171,   83,  466,  234,  502,  385,  626,  593,  379,  391,  515,  583,  320,  546,  335,  425,  464,  494,  298,  410,  500,  212,  435,  465,  464,  497,  551,  443,  190,  593,  201,  284,  471,  744,  426,  339,  477,  549,  186,  464,  262,  526,  585,  473,  521,  520,  282,  258,  436,  278,  541,  485,  393,  212,  413,  380,  572,  251,  620,  364,  386,  225,  485,  161,  497,  191,  510,  416,  340,  386,  186,  658,  468,  221,   78,  263,  310,  390,  364,  397,  417,  146,  455,  462,  658,   32,  606,  479,  315,  293,  182,  518,  509,  330,  556,  273,  732,  293,  129,  537,  316,  281,  546,   92,  165,  242,  215,  214,  302,  339,  488,  627,  472,  192,  412,  634,  507,  529,  419,  270,  446,  518,  364,  199,  349,  472,  131,  451,  493,  400,  467,  471,  437,  444,  404,  498,  453,  300,  475],
        [  228,    0,  745,   24,  531,  355, 1022,  153,  585,  478,  527,  898,  521,    0,  415,  875,  856,  786,  493,  508,  216,  262,  942,  801, 1031,  642,  629,  997,  415,  883,  316,  188,  394, 1019,  751,  430,  357,  844,  932,  350,  399,  835,  231,  180,  495,  658,  110,  525,  231,  951,  437,  647,  591,  590,  545,  276,  802,  935,  520,  567,  553,  943,  679,  795,  742,  401,  453,  430,  769,  297,  344,  827,  837,  832,  729,  845,  864,  240,  902,  464,  341,  183,  909,  984,  917, 1034,  667,  365,  428,  624,  380,  907,  434,  908,  788,  932,  133,  373,  536,  273,  387,  225,  822,  444,   28,  792,  427,  956,  404,  559,  427,  475,  311,  810,  894, 1004,  665,  320,  546,  558,  522,  917,  415,  141,  688,  724,  827,  849,  449,  642, 1034,  941,  703,  595,  779,  810,  646,  403,  809,  731,  406,  928,  357,  341,  498,  479,  226,  830,  671,  674,  593,  830,  846,  301,  767,  430,  736,  395,  996,  503,  801,  738,  494,  672,  299,  317,  733,  505,  859,  997, 1008,  613,  694,  146,  364,  989,   27,  922,  429,  767,  930,  884,  637,  370,  611,  412,  738,  344,  671,  140,  896,  492,  943,  503,  826,  967,  470,  975],
        [  621,    0,  709,  417,  529,  351, 1041,  440,  330,  697,  117,  797,  398,  415,    0,  789,  733,  412,  630,  726,  459,  594,  993,  511,  768,  228,  393,  750,   42,  631,  100,  572,  178,  783,  464,  176,   66,  704,  852,  283,   37,  566,  189,  575,  125,  538,  317,  223,  199,  779,  294,  415,  803,  490,  141,  287,  784,  898,  681,  550,  360,  855,  396,  877,  772,  748,  198,  620,  783,  185,  690,  694,  922,  567,  798,  858,  887,  381,  619,  717,  405,  233,  861,  764,  563,  724,  787,  237,  204,  593,  120,  869,  820,  814,  737,  603,  528,  235,  736,  370,  143,  610,  862,  124,  393,  559,  142,  747,  529,  173,  686,   64,  296,  809,  656,  970,  362,  692,  677,  156,  221,  883,  242,  291,  456,  856,  813,  603,   40,  383, 1054,  629,  448,  465,  564,  692,  255,   36,  465,  348,  410,  846,  628,  723,  367,  209,  550,  605,  340,  576,  800,  892,  684,  647,  662,  813,  433,  351,  665,  621,  623,  886,  450,  553,  242,  364,  538,  148,  680,  733, 1024,  199,  468,  276,  728,  891,  438,  655,  542,  826,  916,  688,  595,   65,  197,  283,  343,  133,  759,  279,  548,  694,  820,   91,  883,  719,  590,  696],
        [  885,    0,  144,  855,  346,  531,  312,  740,  479,  580,  836,   36,  398,  875,  789,    0,   84,  661,  466,  579,  682,  765,  328,  448,  414,  831,  421,  365,  748,  357,  804,  852,  621,  347,  451,  614,  818,  125,   63,  566,  820,  397,  833,  875,  693,  251,  796,  583,  860,  188,  508,  403,  572,  308,  862,  624,  142,  138,  488,  310,  430,   70,  469,  339,  237,  821,  986,  548,  203,  912,  803,  119,  357,  390,  308,  205,  230,  635,  432,  640,  534,  824,   98,  299,  623,  534,  403,  586,  988,  253,  679,  117,  954,   35,  100,  552,  861,  583,  547,  604,  922,  863,  255,  912,  881,  331,  648,  269,  501,  912,  649,  773,  590,  172,  325,  196,  511,  858,  440,  740,  585,  132,  558,  881,  377,  430,  146,  345,  770,  447,  325,  510,  408,  325,  299,  104,  704,  755,  575,  683,  471,   58,  670,  892,  430,  997,  754,  305,  562,  217,  563,  305,  170,  795,  128,  939,  488,  498,  580,  441,  219,  466,  387,  237,  631,  562,  288,  670,  200,  404,  296,  817,  364,  791,  852,  114,  875,  395,  476,  289,  181,  234,  239,  745,  818,  528,  725,  890,  346,  850,  599,  554,   93,  777,  292,  358,  459,  436],
        [  887,    0,  176,  837,  338,  504,  396,  728,  414,  607,  772,   71,  355,  856,  733,   84,    0,  580,  485,  610,  674,  771,  410,  365,  340,  760,  353,  291,  692,  273,  756,  850,  571,  278,  370,  560,  767,   42,  135,  530,  766,  314,  793,  872,  630,  205,  769,  520,  819,  128,  463,  334,  614,  271,  798,  594,  205,  221,  516,  302,  373,  130,  394,  406,  291,  841,  930,  564,  262,  867,  818,   41,  429,  306,  364,  280,  307,  618,  349,  666,  517,  789,  182,  229,  539,  455,  452,  544,  934,  250,  628,  200,  973,   90,  143,  469,  854,  540,  581,  584,  869,  865,  326,  855,  859,  249,  593,  197,  504,  848,  671,  712,  558,  239,  243,  276,  436,  870,  468,  673,  522,  215,  510,  849,  303,  487,  217,  262,  712,  376,  409,  427,  332,  278,  218,   46,  631,  700,  493,  605,  450,  128,  683,  905,  385,  940,  755,  221,  486,  183,  604,  377,   86,  805,   90,  959,  409,  467,  498,  459,  137,  525,  363,  191,  595,  540,  213,  607,  117,  328,  380,  747,  290,  761,  868,  160,  858,  313,  481,  352,  265,  152,  233,  693,  748,  485,  647,  841,  393,  818,  515,  581,   90,  714,  364,  281,  471,  356],
        [  952,    0,  660,  781,  593,  541,  969,  752,  273,  881,  354,  650,  434,  786,  412,  661,  580,    0,  771,  904,  740,  885,  961,  221,  438,  264,  290,  442,  390,  348,  502,  903,  400,  482,  211,  362,  477,  540,  714,  491,  444,  283,  587,  913,  299,  474,  678,  271,  603,  556,  419,  295,  958,  479,  364,  552,  731,  797,  825,  590,  351,  708,  213,  898,  770, 1025,  555,  805,  761,  596,  974,  543,  937,  289,  827,  818,  849,  648,  294,  925,  603,  621,  756,  487,  158,  347,  866,  450,  575,  597,  407,  772, 1128,  670,  663,  221,  871,  442,  896,  618,  537,  936,  846,  485,  771,  333,  360,  486,  701,  403,  905,  352,  531,  766,  384,  856,  184,  996,  796,  260,  274,  788,  405,  687,  300,  929,  755,  339,  372,  256,  982,  263,  262,  438,  363,  560,  159,  405,   98,   67,  556,  708,  870, 1033,  422,  549,  846,  369,  142,  516,  951,  891,  500,  938,  556, 1117,  175,  508,  272,  749,  443,  967,  525,  481,  509,  581,  378,  284,  477,  408,  952,  272,  311,  642, 1021,  727,  806,  344,  698,  838,  834,  460,  586,  430,  274,  434,   94,  541,  816,  667,  150,  867,  643,  330,  879,  417,  732,  358],
        [  435,    0,  322,  470,  190,  280,  536,  340,  498,  127,  730,  498,  338,  493,  630,  466,  485,  771,    0,  140,  277,  312,  451,  647,  779,  793,  490,  732,  598,  652,  585,  410,  466,  736,  612,  489,  620,  495,  507,  350,  646,  642,  563,  434,  605,  362,  456,  537,  586,  610,  376,  492,  188,  317,  759,  351,  351,  479,   56,  210,  420,  524,  569,  302,  269,  357,  790,   84,  302,  660,  338,  475,  344,  635,  240,  369,  383,  287,  709,  185,  227,  529,  463,  689,  828,  848,  176,  399,  779,  245,  515,  455,  489,  500,  366,  797,  434,  403,  126,  277,  713,  413,  338,  737,  509,  569,  519,  655,  105,  799,  186,  654,  336,  346,  643,  541,  589,  395,   54,  681,  536,  461,  415,  560,  509,  240,  369,  621,  636,  522,  547,  778,  545,  354,  538,  446,  711,  596,  732,  750,  231,  506,  206,  428,  350,  811,  311,  584,  629,  344,  183,  339,  521,  334,  404,  475,  626,  291,  851,   27,  508,  263,  246,  367,  391,  269,  487,  593,  548,  754,  523,  767,  505,  474,  387,  570,  483,  701,   89,  278,  461,  586,  263,  567,  766,  373,  782,  669,  180,  532,  801,  105,  553,  674,  336,  710,   42,  758],
        [  386,    0,  439,  485,  329,  389,  587,  362,  631,   31,  833,  613,  473,  508,  726,  579,  610,  904,  140,    0,  306,  271,  490,  786,  915,  907,  627,  867,  698,  790,  667,  377,  575,  869,  751,  603,  706,  624,  613,  457,  737,  781,  629,  401,  717,  501,  501,  660,  648,  737,  498,  629,   85,  456,  861,  440,  451,  567,   95,  349,  555,  631,  705,  341,  357,  255,  868,  107,  393,  725,  257,  603,  372,  774,  305,  446,  452,  354,  848,   68,  328,  588,  560,  822,  966,  987,  208,  507,  853,  379,  617,  548,  385,  613,  480,  936,  415,  512,   39,  357,  791,  366,  403,  822,  529,  708,  629,  788,  208,  898,   94,  758,  434,  437,  780,  621,  723,  318,  142,  795,  659,  550,  532,  603,  648,  241,  463,  760,  738,  658,  595,  918,  684,  493,  676,  574,  834,  694,  868,  879,  353,  613,  156,  345,  482,  891,  290,  722,  762,  480,   86,  387,  653,  270,  533,  370,  763,  409,  991,  166,  643,  243,  382,  505,  485,  365,  626,  709,  681,  890,  577,  879,  644,  528,  297,  676,  492,  839,  207,  341,  540,  720,  398,  662,  878,  491,  909,  744,  247,  580,  939,   37,  671,  781,  389,  846,  174,  896],
        [  228,    0,  546,  193,  339,  213,  808,   64,  491,  276,  574,  709,  378,  216,  459,  682,  674,  740,  277,  306,    0,  146,  727,  695,  896,  668,  517,  856,  440,  751,  382,  183,  350,  872,  649,  386,  424,  669,  736,  250,  461,  716,  330,  203,  487,  491,  195,  470,  347,  782,  331,  530,  390,  424,  599,  192,  596,  729,  306,  374,  435,  749,  584,  579,  530,  294,  573,  218,  559,  424,  239,  650,  621,  711,  514,  633,  652,   93,  786,  276,  168,  286,  706,  832,  844,  925,  451,  291,  555,  431,  371,  702,  388,  717,  590,  840,  180,  299,  330,  125,  497,  208,  609,  537,  232,  659,  400,  801,  191,  629,  240,  504,  210,  601,  755,  797,  584,  257,  330,  564,  468,  711,  335,  298,  565,  510,  620,  717,  480,  539,  819,  839,  590,  441,  639,  629,  629,  432,  736,  697,  238,  733,  175,  293,  365,  598,  107,  690,  606,  497,  391,  614,  679,  200,  585,  378,  645,  255,  903,  288,  643,  526,  322,  503,  239,  168,  588,  487,  697,  865,  794,  639,  568,  225,  283,  795,  207,  796,  218,  552,  720,  728,  446,  397,  638,  310,  717,  450,  456,  274,  820,  285,  757,  530,  611,  829,  255,  852],
        [  124,    0,  622,  242,  436,  352,  840,  156,  633,  246,  711,  795,  508,  262,  594,  765,  771,  885,  312,  271,  146,    0,  749,  832, 1020,  810,  655,  978,  579,  878,  510,  107,  495,  990,  787,  532,  553,  772,  812,  395,  592,  848,  445,  131,  631,  604,  298,  616,  457,  887,  473,  666,  348,  540,  735,  338,  660,  789,  315,  470,  573,  827,  724,  597,  580,  155,  688,  230,  613,  532,   96,  751,  634,  843,  545,  679,  692,  239,  918,  214,  298,  396,  773,  948,  987, 1059,  462,  437,  666,  521,  514,  765,  243,  800,  667,  979,  149,  445,  306,  268,  614,  102,  645,  661,  288,  787,  545,  916,  267,  761,  179,  643,  355,  657,  879,  852,  726,  113,  355,  707,  613,  771,  481,  386,  698,  507,  679,  844,  619,  679,  850,  975,  725,  563,  763,  727,  775,  570,  879,  843,  364,  810,  116,  151,  500,  713,   45,  815,  750,  602,  353,  639,  788,   55,  683,  232,  785,  392, 1041,  332,  758,  513,  440,  614,  384,  308,  712,  632,  809,  990,  828,  780,  700,  336,  138,  874,  241,  924,  291,  584,  772,  842,  538,  534,  779,  454,  863,  567,  485,  371,  961,  266,  848,  670,  639,  951,  308,  981],
        [  870,    0,  305,  919,  466,  664,  102,  790,  735,  508, 1066,  355,  602,  942,  993,  328,  410,  961,  451,  490,  727,  749,    0,  760,  737, 1089,  689,  690,  953,  682,  977,  853,  815,  668,  753,  822, 1003,  449,  304,  723, 1018,  716,  979,  877,  923,  496,  894,  823, 1004,  509,  700,  676,  437,  518, 1095,  755,  230,  205,  435,  443,  666,  322,  754,  152,  221,  741, 1179,  523,  212, 1071,  747,  438,  120,  708,  214,  144,  113,  721,  757,  557,  635,  954,  236,  622,  943,  861,  287,  760, 1174,  402,  873,  215,  864,  339,  298,  876,  881,  760,  453,  701, 1106,  849,  131, 1113,  956,  644,  856,  594,  540, 1143,  583,  994,  728,  197,  652,  202,  792,  808,  400,  986,  824,  202,  751,  995,  662,  254,  206,  667,  985,  721,  108,  836,  699,  553,  609,  412,  973,  957,  883,  971,  598,  309,  634,  834,  632, 1195,  757,  625,  843,  452,  429,  113,  494,  757,  407,  850,  786,  649,  907,  439,  534,  266,  543,  486,  782,  675,  584,  904,  526,  730,   97, 1070,  651,  906,  785,  342,  933,  722,  516,  177,  154,  561,  404,  936, 1070,  711, 1012, 1066,  271,  965,  918,  485,  398, 1006,  117,  685,  473,  763],
        [  922,    0,  468,  790,  458,  483,  759,  725,  216,  769,  499,  434,  327,  801,  511,  448,  365,  221,  647,  786,  695,  832,  760,    0,  258,  446,  179,  245,  476,  134,  576,  875,  415,  282,   50,  384,  566,  324,  498,  458,  547,   65,  646,  890,  387,  301,  693,  297,  668,  336,  371,  167,  826,  332,  518,  531,  533,  585,  698,  444,  261,  490,  124,  716,  587,  953,  691,  700,  572,  686,  910,  329,  751,   70,  651,  619,  650,  608,  109,  821,  534,  665,  545,  276,  190,  235,  706,  436,  705,  433,  451,  562, 1070,  453,  464,  151,  855,  428,  771,  573,  652,  902,  653,  615,  792,  117,  402,  270,  602,  565,  808,  465,  500,  569,  169,  641,  150,  944,  661,  392,  300,  577,  386,  734,  140,  763,  555,  119,  476,  160,  772,  144,  107,  294,  151,  351,  315,  489,  128,  259,  472,  491,  789,  982,  333,  693,  800,  149,  176,  338,  818,  701,  282,  881,  354, 1058,   79,  442,  210,  622,  230,  802,  411,  303,  502,  528,  182,  364,  258,  224,  742,  442,  143,  666,  960,  508,  814,  147,  591,  656,  625,  240,  418,  500,  444,  394,  300,  641,  651,  708,  163,  751,  424,  454,  688,  216,  613,  186],
        [ 1123,    0,  507, 1017,  598,  690,  702,  936,  458,  905,  754,  384,  520, 1031,  768,  414,  340,  438,  779,  915,  896, 1020,  737,  258,    0,  691,  405,   50,  733,  149,  830, 1079,  661,   73,  305,  633,  823,  310,  435,  682,  804,  204,  896, 1097,  644,  422,  927,  551,  919,  229,  595,  386,  933,  481,  772,  755,  545,  535,  820,  571,  478,  419,  375,  745,  628, 1120,  949,  848,  601,  941, 1086,  328,  769,  205,  700,  618,  643,  817,  152,  963,  729,  911,  502,  116,  314,  141,  782,  670,  963,  536,  702,  523, 1247,  399,  481,  231, 1068,  662,  891,  781,  910, 1102,  665,  873, 1025,  240,  654,  145,  765,  818,  959,  723,  721,  579,  142,  567,  407, 1129,  776,  648,  554,  536,  621,  979,  344,  824,  556,  182,  734,  399,  713,  180,  334,  457,  258,  359,  564,  746,  343,  494,  660,  430,  955, 1166,  537,  949,  994,  206,  433,  436,  925,  716,  271, 1064,  391, 1233,  337,  647,  217,  752,  272,  862,  581,  415,  735,  734,  309,  621,  239,   36,  688,  691,  337,  905, 1137,  412, 1041,  114,  747,  691,  585,  199,  518,  754,  693,  619,  530,  898,  723,  951,  304,  882,  341,  711,  703,   70,  754,   80],
        [  845,    0,  788,  644,  652,  518, 1119,  658,  357,  879,  121,  830,  494,  642,  228,  831,  760,  264,  793,  907,  668,  810, 1089,  446,  691,    0,  411,  688,  233,  579,  327,  796,  333,  726,  413,  305,  288,  723,  891,  451,  246,  510,  414,  800,  190,  598,  543,  269,  422,  769,  419,  429,  976,  572,  116,  482,  865,  958,  847,  663,  424,  889,  369,  995,  877,  962,  306,  800,  878,  388,  905,  720, 1039,  514,  918,  947,  978,  582,  541,  909,  580,  460,  918,  722,  420,  610,  929,  401,  330,  692,  299,  930, 1042,  849,  805,  483,  753,  395,  910,  564,  308,  833,  963,  247,  620,  535,  279,  714,  701,  143,  881,  170,  478,  895,  613, 1025,  326,  911,  832,  113,  269,  946,  378,  516,  457,  997,  892,  561,  195,  385, 1133,  523,  432,  537,  554,  728,  133,  243,  351,  200,  562,  885,  829,  944,  468,  295,  766,  579,  280,  642,  972, 1001,  691,  863,  710, 1034,  373,  502,  535,  778,  629, 1031,  572,  611,  433,  545,  548,  200,  677,  659, 1102,   30,  471,  502,  945,  918,  665,  588,  707,  939,  987,  672,  687,  279,   32,  421,  172,  328,  890,  505,  413,  872,  837,  141,  990,  659,  751,  612],
        [  744,    0,  385,  617,  306,  305,  711,  548,   64,  607,  420,  422,  156,  629,  393,  421,  353,  290,  490,  627,  517,  655,  689,  179,  405,  411,    0,  376,  353,  257,  437,  697,  259,  403,  133,  235,  438,  319,  482,  283,  428,  206,  495,  712,  281,  194,  524,  172,  520,  387,  195,   22,  675,  190,  445,  356,  460,  548,  543,  301,   83,  481,   80,  613,  487,  778,  588,  534,  482,  550,  734,  313,  654,  203,  540,  545,  576,  430,  274,  655,  357,  507,  508,  378,  342,  410,  577,  266,  596,  309,  306,  520,  894,  440,  397,  325,  678,  258,  616,  395,  535,  724,  567,  512,  622,  173,  261,  357,  433,  495,  640,  364,  324,  493,  275,  615,  107,  767,  511,  321,  174,  536,  217,  575,   65,  640,  487,  225,  367,   35,  725,  322,   74,  149,  173,  319,  287,  364,  242,  286,  297,  476,  615,  805,  156,  596,  622,  217,  157,  238,  668,  610,  294,  704,  299,  882,  137,  264,  387,  467,  232,  678,  245,  204,  331,  350,  146,  257,  287,  370,  694,  396,   76,  501,  784,  513,  641,  294,  425,  554,  577,  295,  299,  365,  397,  219,  325,  514,  527,  547,  316,  590,  435,  364,  598,  345,  453,  346],
        [ 1083,    0,  458,  983,  553,  652,  657,  898,  432,  858,  744,  335,  482,  997,  750,  365,  291,  442,  732,  867,  856,  978,  690,  245,   50,  688,  376,    0,  713,  121,  808, 1039,  634,   41,  288,  608,  802,  260,  389,  648,  786,  185,  870, 1058,  627,  377,  895,  530,  894,  183,  562,  356,  885,  438,  763,  721,  495,  488,  773,  525,  445,  373,  355,  696,  578, 1075,  935,  802,  551,  920, 1042,  278,  719,  184,  651,  569,  594,  779,  148,  916,  689,  882,  454,   70,  332,  179,  733,  639,  948,  489,  678,  475, 1203,  351,  431,  248, 1030,  631,  843,  743,  892, 1062,  616,  858,  992,  206,  631,   96,  721,  810,  913,  707,  686,  530,  103,  522,  390, 1086,  728,  637,  533,  488,  591,  950,  313,  774,  507,  151,  717,  374,  668,  197,  308,  417,  219,  310,  558,  726,  345,  493,  620,  383,  911, 1124,  501,  937,  953,  168,  421,  390,  876,  667,  221, 1021,  342, 1189,  323,  610,  246,  705,  226,  812,  539,  369,  703,  696,  269,  604,  190,   46,  643,  686,  305,  874, 1093,  368, 1007,  100,  703,  641,  538,  150,  470,  733,  687,  586,  532,  878,  673,  922,  318,  835,  295,  698,  654,   32,  708,   95],
        [  613,    0,  668,  415,  490,  318, 1000,  426,  290,  668,  137,  756,  358,  415,   42,  748,  692,  390,  598,  698,  440,  579,  953,  476,  733,  233,  353,  713,    0,  594,  112,  564,  140,  745,  428,  135,   92,  663,  810,  248,   75,  530,  198,  568,   94,  497,  313,  185,  214,  739,  254,  375,  773,  449,  164,  260,  744,  857,  650,  511,  319,  813,  359,  839,  733,  732,  239,  591,  743,  213,  674,  653,  884,  530,  760,  818,  847,  358,  584,  692,  373,  238,  820,  726,  538,  693,  751,  201,  244,  553,   84,  828,  809,  772,  696,  574,  522,  199,  706,  344,  182,  601,  822,  165,  395,  520,  101,  708,  498,  202,  661,   65,  265,  768,  619,  928,  327,  679,  643,  144,  182,  842,  203,  300,  416,  820,  772,  565,   42,  345, 1014,  598,  409,  424,  525,  651,  238,   15,  438,  328,  374,  805,  606,  711,  326,  250,  535,  566,  308,  535,  770,  853,  643,  632,  621,  801,  398,  315,  636,  588,  582,  851,  411,  511,  213,  334,  497,  115,  639,  698,  983,  204,  428,  272,  714,  850,  438,  620,  509,  788,  875,  648,  554,   47,  202,  244,  329,  166,  722,  284,  521,  665,  779,   93,  844,  682,  557,  661],
        [  978,    0,  413,  869,  466,  543,  666,  789,  313,  778,  628,  335,  374,  883,  631,  357,  273,  348,  652,  790,  751,  878,  682,  134,  149,  579,  257,  121,  594,    0,  688,  934,  514,  153,  171,  488,  682,  234,  397,  534,  667,   69,  750,  951,  509,  290,  779,  410,  774,  213,  446,  238,  817,  344,  649,  607,  466,  492,  697,  442,  330,  386,  235,  662,  537,  984,  817,  716,  515,  800,  947,  246,  691,   66,  606,  548,  577,  670,   76,  834,  584,  764,  453,  143,  271,  199,  677,  521,  829,  415,  558,  473, 1108,  354,  397,  197,  921,  514,  769,  634,  773,  958,  589,  740,  877,   92,  511,  139,  628,  697,  827,  589,  573,  502,   38,  540,  272,  988,  655,  522,  413,  487,  474,  832,  196,  727,  483,   34,  598,  254,  679,  155,  188,  316,  116,  274,  448,  606,  251,  392,  516,  391,  819, 1026,  390,  820,  850,   70,  306,  313,  808,  640,  189,  923,  293, 1095,  208,  500,  226,  626,  159,  765,  440,  286,  586,  587,  168,  485,  157,  115,  651,  575,  189,  757,  998,  396,  893,   49,  612,  604,  537,  126,  398,  613,  576,  471,  432,  758,  619,  804,  250,  756,  313,  581,  627,   90,  624,  106],
