{
    "name": "random-46-3831",
    "comment": "size=46 seed=3831",
    "nodes": ["+0", "-0", "+1", "-1", "+2", "-2", "+3", "-3", "+4", "-4", "+5", "-5", "+6", "-6", "+7", "-7", "+8", "-8", "+9", "-9", "+10", "-10", "+11", "-11", "+12", "-12", "+13", "-13", "+14", "-14", "+15", "-15", "+16", "-16", "+17", "-17", "+18", "-18", "+19", "-19", "+20", "-20", "+21", "-21", "+22", "-22", "+23", "-23", "+24", "-24", "+25", "-25", "+26", "-26", "+27", "-27", "+28", "-28", "+29", "-29", "+30", "-30", "+31", "-31", "+32", "-32", "+33", "-33", "+34", "-34", "+35", "-35", "+36", "-36", "+37", "-37", "+38", "-38", "+39", "-39", "+40", "-40", "+41", "-41", "+42", "-42", "+43", "-43", "+44", "-44", "+45", "-45", "+46", "-46"],
    "precedence": {
        "+0": "-0",
        "+1": "-1",
        "+2": "-2",
        "+3": "-3",
        "+4": "-4",
        "+5": "-5",
        "+6": "-6",
        "+7": "-7",
        "+8": "-8",
        "+9": "-9",
        "+10": "-10",
        "+11": "-11",
        "+12": "-12",
        "+13": "-13",
        "+14": "-14",
        "+15": "-15",
        "+16": "-16",
        "+17": "-17",
        "+18": "-18",
        "+19": "-19",
        "+20": "-20",
        "+21": "-21",
        "+22": "-22",
        "+23": "-23",
        "+24": "-24",
        "+25": "-25",
        "+26": "-26",
        "+27": "-27",
        "+28": "-28",
        "+29": "-29",
        "+30": "-30",
        "+31": "-31",
        "+32": "-32",
        "+33": "-33",
        "+34": "-34",
        "+35": "-35",
        "+36": "-36",
        "+37": "-37",
        "+38": "-38",
        "+39": "-39",
        "+40": "-40",
        "+41": "-41",
        "+42": "-42",
        "+43": "-43",
        "+44": "-44",
        "+45": "-45",
        "+46": "-46"
    },
    "edges": [
        [    0,    0,  484,   62,  452,  487,  168,  478,  544,  594,  480,  108,  272,  216,  203,  350,  480,  481,  252,  613,  369,  501,  293,  520,  140,  512,  308,  480,   68,  365,  492,  544,  242,   66,  460,   76,  436,  568,  365,  321,  321,  388,  361,  253,  598,  254,  704,  658,  654,  360,  539,  603,  225,  419,  475,  202,  458,  462,  618,  308,  486,  400,  451,  527,  193,  490,  519,  507,  562,  399,  551,  451,  458,  351,  588,  700,  629,  575,  529,   89,  469,  311,  303,  358,  463,  681,  356,  416,  533,  147,  246,  463,  427,  592],
        [    0,    0,    0,    0,    0,    0,    0,    0,    0,    0,    0,    0,    0,    0,    0,    0,    0,    0,    0,    0,    0,    0,    0,    0,    0,    0,    0,    0,    0,    0,    0,    0,    0,    0,    0,    0,    0,    0,    0,    0,    0,    0,    0,    0,    0,    0,    0,    0,    0,    0,    0,    0,    0,    0,    0,    0,    0,    0,    0,    0,    0,    0,    0,    0,    0,    0,    0,    0,    0,    0,    0,    0,    0,    0,    0,    0,    0,    0,    0,    0,    0,    0,    0,    0,    0,    0,    0,    0,    0,    0,    0,    0,    0,    0],
        [  484,    0,    0,  524,  229,  624,  379,  624,  811,  111,  667,  377,  214,  606,  327,  218,  101,  134,  685,  767,  753,  405,  774,  117,  545,  716,  728,  958,  521,  838,  441,  574,  340,  424,  556,  539,  550,  494,  263,  800,  690,  872,  823,  434,  642,  585,  236,  805,  285,  834,  521,  709,  299,  471,  958,  445,  565,  791,  640,  701,  602,  195,  634,   72,  359,  738,  538,  435,  739,  774,  384,  355,  356,  738,  482,  291,  743, 1059,  114,  397,  164,  711,  762,  452,  543,  297,  358,  714,  292,  484,  324,  681,   58,  377],
        [   62,    0,  524,    0,  509,  448,  173,  438,  489,  635,  434,  153,  311,  157,  219,  405,  509,  507,  268,  567,  308,  563,  252,  569,  181,  464,  247,  435,  107,  350,  478,  516,  302,  122,  518,  105,  403,  553,  423,  302,  352,  356,  308,  314,  565,  201,  735,  612,  672,  344,  600,  563,  245,  397,  438,  262,  516,  403,  587,  334,  543,  454,  408,  561,  253,  437,  493,  495,  515,  338,  548,  448,  519,  290,  575,  722,  587,  541,  577,  129,  492,  334,  301,  336,  433,  700,  350,  360,  541,  203,  306,  512,  468,  592],
        [  452,    0,  229,  509,    0,  759,  427,  756,  910,  276,  789,  362,  257,  637,  388,  107,  319,  350,  577,  906,  796,  177,  735,  146,  451,  835,  749,  925,  460,  752,  618,  740,  224,  388,  343,  478,  686,  683,   93,  725,  549,  812,  813,  286,  809,  641,  433,  949,  513,  750,  294,  861,  368,  618,  905,  321,  353,  863,  813,  568,  389,   64,  754,  299,  267,  841,  704,  618,  869,  822,  587,  533,  129,  778,  679,  514,  895,  997,  157,  387,  373,  582,  665,  580,  690,  524,  500,  795,  504,  383,  213,  485,  207,  591],
        [  487,    0,  624,  448,  759,    0,  368,   13,  222,  710,   66,  479,  504,  332,  386,  664,  540,  513,  709,  147,  336,  890,  574,  729,  625,  108,  386,  665,  551,  735,  222,  125,  644,  502,  918,  551,   75,  239,  710,  682,  799,  684,  519,  706,  134,  265,  717,  191,  560,  727,  967,  116,  399,  154,  721,  665,  919,  276,  163,  780,  953,  696,   57,  607,  606,  158,  137,  240,  116,  330,  335,  288,  835,  335,  274,  627,  145,  819,  730,  464,  480,  779,  720,  180,   87,  588,  268,  207,  409,  628,  637,  947,  594,  385],
        [  168,    0,  379,  173,  427,  368,    0,  362,  487,  489,  380,  114,  180,  228,   52,  323,  347,  340,  419,  509,  380,  532,  418,  447,  297,  423,  349,  590,  233,  522,  329,  399,  278,  149,  551,  243,  304,  407,  360,  474,  481,  527,  449,  340,  459,  217,  573,  555,  500,  516,  601,  482,   81,  268,  604,  302,  553,  437,  475,  472,  587,  364,  347,  404,  238,  419,  369,  343,  464,  403,  384,  284,  479,  364,  424,  551,  512,  708,  453,  104,  322,  476,  468,  209,  324,  528,  190,  368,  369,  278,  271,  593,  327,  425],
        [  478,    0,  624,  438,  756,   13,  362,    0,  215,  711,   58,  472,  500,  321,  381,  660,  541,  515,  698,  151,  324,  885,  562,  728,  616,  102,  374,  653,  541,  723,  228,  136,  638,  494,  911,  542,   74,  248,  706,  670,  789,  672,  507,  699,  146,  254,  721,  195,  566,  715,  961,  126,  394,  156,  708,  657,  912,  265,  175,  770,  945,  692,   45,  608,  599,  150,  145,  247,  116,  318,  341,  291,  830,  323,  283,  633,  153,  806,  729,  456,  482,  768,  709,  177,   91,  594,  267,  195,  413,  619,  631,  939,  593,  392],
        [  544,    0,  811,  489,  910,  222,  487,  215,    0,  906,  158,  579,  655,  335,  523,  808,  737,  713,  709,  175,  233, 1015,  509,  906,  666,  115,  310,  537,  594,  678,  442,  340,  754,  583, 1003,  588,  280,  458,  846,  630,  815,  600,  416,  793,  318,  292,  929,  199,  779,  670, 1074,  239,  544,  361,  609,  744, 1002,  118,  348,  788, 1030,  847,  186,  804,  708,   74,  357,  461,  140,  208,  555,  500,  964,  243,  494,  846,  231,  694,  909,  557,  681,  782,  692,  362,  305,  808,  457,  129,  625,  691,  751,  997,  773,  607],
        [  594,    0,  111,  635,  276,  710,  489,  711,  906,    0,  759,  487,  324,  715,  437,  303,  171,  198,  788,  849,  860,  445,  885,  132,  649,  808,  837, 1069,  629,  946,  512,  647,  435,  533,  619,  647,  638,  554,  337,  908,  786,  982,  934,  524,  713,  692,  158,  886,  276,  941,  563,  787,  408,  557, 1069,  541,  628,  894,  707,  799,  664,  266,  726,  104,  459,  833,  612,  502,  825,  880,  436,  429,  404,  846,  536,  256,  821, 1169,  121,  508,  232,  810,  867,  545,  626,  277,  450,  815,  339,  586,  419,  756,  168,  416],
        [  480,    0,  667,  434,  789,   66,  380,   58,  158,  759,    0,  487,  532,  303,  406,  690,  589,  563,  687,  133,  282,  910,  533,  768,  615,   50,  339,  611,  540,  698,  284,  190,  657,  503,  925,  539,  123,  305,  733,  645,  783,  640,  469,  711,  188,  239,  774,  179,  621,  690,  981,  140,  423,  206,  670,  667,  925,  211,  219,  761,  957,  725,   35,  656,  616,   93,  202,  303,   84,  272,  398,  344,  856,  282,  340,  688,  157,  766,  771,  468,  530,  758,  690,  216,  147,  650,  310,  148,  468,  625,  651,  942,  634,  449],
        [  108,    0,  377,  153,  362,  479,  114,  472,  579,  487,  487,    0,  165,  277,  124,  256,  375,  379,  336,  617,  437,  438,  399,  417,  202,  526,  388,  585,  153,  468,  436,  512,  176,   52,  440,  169,  417,  514,  281,  426,  382,  495,  460,  227,  573,  292,  598,  663,  557,  463,  497,  594,  137,  381,  582,  188,  441,  514,  589,  378,  474,  305,  454,  421,  131,  516,  482,  449,  571,  464,  478,  382,  390,  419,  529,  600,  624,  683,  425,   26,  370,  383,  400,  323,  438,  583,  294,  454,  446,  169,  173,  480,  320,  513],
        [  272,    0,  214,  311,  257,  504,  180,  500,  655,  324,  532,  165,    0,  405,  135,  161,  217,  227,  487,  651,  560,  391,  561,  268,  346,  578,  525,  745,  313,  630,  386,  496,  190,  213,  467,  330,  432,  460,  209,  589,  511,  659,  613,  285,  564,  396,  435,  694,  413,  625,  482,  609,  112,  369,  745,  274,  472,  615,  572,  514,  510,  193,  497,  257,  183,  585,  461,  391,  612,  583,  388,  310,  336,  543,  464,  448,  642,  846,  274,  184,  226,  523,  558,  326,  439,  436,  253,  543,  330,  294,  176,  554,  157,  410],
        [  216,    0,  606,  157,  637,  332,  228,  321,  335,  715,  303,  277,  405,    0,  279,  531,  566,  555,  386,  430,  160,  710,  251,  672,  332,  323,  123,  389,  261,  405,  429,  426,  446,  266,  675,  254,  308,  493,  558,  352,  486,  366,  238,  469,  462,   69,  790,  474,  692,  397,  754,  440,  307,  333,  422,  418,  672,  247,  488,  462,  699,  577,  283,  627,  398,  288,  413,  449,  377,  187,  524,  428,  664,  143,  523,  750,  459,  526,  679,  253,  532,  458,  389,  280,  344,  722,  336,  206,  544,  360,  447,  663,  555,  574],
        [  203,    0,  327,  219,  388,  386,   52,  381,  523,  437,  406,  124,  135,  279,    0,  286,  295,  290,  451,  531,  429,  505,  467,  399,  322,  451,  401,  642,  264,  565,  315,  400,  262,  170,  543,  276,  317,  393,  328,  518,  504,  574,  501,  336,  465,  263,  522,  575,  454,  559,  582,  497,   29,  268,  653,  305,  545,  481,  478,  498,  580,  325,  372,  352,  229,  453,  368,  326,  488,  451,  356,  259,  451,  413,  407,  503,  529,  757,  404,  124,  273,  503,  506,  215,  332,  482,  172,  409,  330,  292,  253,  598,  276,  392],
        [  350,    0,  218,  405,  107,  664,  323,  660,  808,  303,  690,  256,  161,  531,  286,    0,  285,  309,  498,  811,  690,  234,  637,  190,  364,  736,  643,  826,  363,  666,  540,  655,  138,  285,  345,  382,  592,  609,   54,  635,  485,  719,  711,  222,  723,  535,  450,  855,  491,  663,  334,  769,  268,  528,  811,  244,  353,  758,  730,  500,  391,   51,  655,  288,  173,  739,  619,  542,  771,  716,  525,  458,  178,  673,  609,  506,  803,  905,  201,  281,  325,  512,  582,  486,  599,  507,  412,  690,  450,  297,  124,  464,  174,  536],
        [  480,    0,  101,  509,  319,  540,  347,  541,  737,  171,  589,  375,  217,  566,  295,  285,    0,   33,  704,  680,  704,  495,  760,  218,  563,  638,  688,  936,  527,  843,  346,  480,  385,  426,  629,  543,  468,  396,  336,  800,  724,  864,  795,  482,  548,  536,  227,  717,  208,  838,  607,  619,  267,  387,  946,  482,  637,  729,  544,  730,  675,  275,  556,   68,  392,  664,  445,  339,  655,  721,  284,  262,  442,  690,  382,  233,  653, 1049,  214,  391,   65,  739,  773,  376,  457,  226,  281,  649,  192,  510,  369,  743,  115,  277],
        [  481,    0,  134,  507,  350,  513,  340,  515,  713,  198,  563,  379,  227,  555,  290,  309,   33,    0,  711,  651,  688,  524,  756,  251,  571,  612,  676,  930,  531,  845,  316,  450,  402,  430,  654,  547,  442,  363,  361,  801,  736,  862,  786,  500,  517,  521,  236,  688,  189,  840,  635,  589,  262,  360,  942,  497,  661,  709,  513,  741,  699,  303,  531,   95,  405,  640,  415,  307,  628,  705,  251,  232,  471,  675,  350,  222,  623, 1046,  247,  392,   34,  749,  778,  352,  429,  211,  257,  629,  159,  520,  386,  763,  143,  245],
        [  252,    0,  685,  268,  577,  709,  419,  698,  709,  788,  687,  336,  487,  386,  451,  498,  704,  711,    0,  816,  488,  545,  251,  687,  141,  709,  409,  411,  188,  182,  742,  783,  360,  286,  410,  177,  669,  817,  486,  172,  112,  269,  370,  294,  831,  448,  917,  860,  893,  181,  527,  822,  470,  664,  361,  257,  402,  604,  853,   80,  412,  545,  664,  740,  329,  672,  761,  758,  763,  518,  803,  703,  524,  473,  839,  933,  843,  436,  698,  329,  705,   73,   91,  603,  700,  918,  607,  586,  780,  202,  375,  326,  628,  842],
        [  613,    0,  767,  567,  906,  147,  509,  151,  175,  849,  133,  617,  651,  430,  531,  811,  680,  651,  816,    0,  379, 1035,  647,  874,  747,  108,  448,  701,  673,  815,  345,  216,  786,  636, 1056,  671,  221,  334,  856,  764,  914,  748,  569,  843,  169,  370,  844,   46,  677,  807, 1109,   78,  545,  296,  769,  800, 1056,  280,  194,  891, 1089,  842,  164,  746,  746,  160,  245,  359,   54,  362,  449,  422,  981,  385,  367,  744,   59,  858,  874,  600,  618,  888,  814,  326,  224,  704,  413,  247,  533,  757,  780, 1075,  739,  494],
        [  369,    0,  753,  308,  796,  336,  380,  324,  233,  860,  282,  437,  560,  160,  429,  690,  704,  688,  488,  379,    0,  868,  276,  826,  468,  277,   80,  330,  403,  446,  502,  455,  604,  423,  821,  393,  347,  551,  717,  397,  597,  371,  191,  621,  468,  169,  922,  416,  805,  438,  907,  417,  457,  403,  391,  569,  817,  118,  498,  568,  842,  736,  280,  768,  556,  220,  454,  523,  329,   32,  610,  526,  822,   18,  584,  868,  425,  485,  832,  412,  662,  560,  462,  367,  385,  835,  446,  136,  650,  506,  606,  793,  704,  663],
        [  501,    0,  405,  563,  177,  890,  532,  885, 1015,  445,  910,  438,  391,  710,  505,  234,  495,  524,  545, 1035,  868,    0,  750,  315,  448,  953,  809,  935,  485,  727,  773,  887,  265,  445,  201,  501,  819,  843,  182,  711,  485,  806,  847,  265,  955,  730,  601, 1080,  690,  726,  119,  998,  491,  759,  900,  316,  213,  952,  962,  513,  241,  223,  876,  476,  313,  950,  852,  775,  993,  897,  754,  691,   56,  850,  841,  690, 1030,  980,  325,  462,  545,  528,  636,  714,  829,  700,  644,  892,  675,  386,  266,  359,  381,  762],
        [  293,    0,  774,  252,  735,  574,  418,  562,  509,  885,  533,  399,  561,  251,  467,  637,  760,  756,  251,  647,  276,  750,    0,  812,  302,  540,  200,  190,  276,  170,  678,  675,  514,  357,  647,  258,  557,  744,  644,  122,  362,  116,  121,  486,  706,  318,  986,  686,  915,  162,  755,  672,  494,  583,  187,  435,  640,  393,  733,  328,  655,  687,  520,  812,  468,  489,  663,  698,  594,  302,  767,  668,  717,  266,  773,  968,  686,  291,  821,  378,  739,  317,  198,  529,  594,  944,  572,  401,  775,  365,  522,  577,  718,  815],
        [  520,    0,  117,  569,  146,  729,  447,  728,  906,  132,  768,  417,  268,  672,  399,  190,  218,  251,  687,  874,  826,  315,  812,    0,  552,  817,  792, 1000,  544,  854,  555,  686,  328,  456,  488,  562,  655,  610,  215,  820,  674,  901,  875,  409,  755,  662,  289,  914,  386,  850,  433,  819,  372,  578,  991,  433,  498,  876,  754,  690,  534,  146,  734,  176,  360,  833,  650,  550,  843,  849,  501,  469,  273,  810,  599,  378,  853, 1088,   12,  440,  281,  702,  771,  553,  651,  393,  462,  802,  409,  486,  313,  629,  135,  494],
        [  140,    0,  545,  181,  451,  625,  297,  616,  666,  649,  615,  202,  346,  332,  322,  364,  563,  571,  141,  747,  468,  448,  302,  552,    0,  644,  395,  488,   75,  303,  626,  683,  229,  153,  358,   78,  575,  703,  359,  274,  184,  364,  405,  184,  737,  381,  777,  793,  754,  300,  457,  741,  338,  557,  458,  136,  353,  573,  757,  177,  375,  413,  587,  599,  192,  617,  657,  640,  696,  499,  677,  579,  417,  451,  721,  793,  766,  547,  562,  199,  566,  182,  220,  496,  602,  779,  486,  538,  647,   68,  241,  332,  488,  713],
        [  512,    0,  716,  464,  835,  108,  423,  102,  115,  808,   50,  526,  578,  323,  451,  736,  638,  612,  709,  108,  277,  953,  540,  817,  644,    0,  342,  603,  570,  708,  329,  226,  698,  540,  962,  568,  172,  344,  778,  656,  808,  643,  467,  749,  210,  265,  822,  151,  667,  700, 1022,  143,  468,  254,  667,  704,  962,  189,  240,  785,  993,  771,   83,  705,  656,   62,  243,  348,   55,  262,  442,  392,  900,  281,  379,  734,  149,  760,  819,  507,  579,  781,  707,  265,  193,  696,  359,  142,  515,  658,  693,  974,  683,  493],
        [  308,    0,  728,  247,  749,  386,  349,  374,  310,  837,  339,  388,  525,  123,  401,  643,  688,  676,  409,  448,   80,  809,  200,  792,  395,  342,    0,  286,  334,  370,  526,  498,  548,  367,  751,  322,  383,  582,  667,  320,  518,  302,  135,  556,  519,  163,  911,  486,  808,  362,  842,  478,  429,  426,  335,  503,  747,  198,  548,  488,  770,  691,  330,  749,  499,  290,  492,  547,  395,  110,  628,  536,  766,   68,  614,  868,  489,  435,  799,  363,  652,  481,  383,  382,  421,  838,  449,  202,  657,  438,  551,  716,  676,  680],
        [  480,    0,  958,  435,  925,  665,  590,  653,  537, 1069,  611,  585,  745,  389,  642,  826,  936,  930,  411,  701,  330,  935,  190, 1000,  488,  603,  286,    0,  465,  256,  810,  781,  703,  545,  819,  447,  668,  867,  834,  242,  512,  148,  152,  672,  797,  444, 1163,  733, 1078,  251,  933,  745,  670,  711,   86,  622,  811,  423,  826,  476,  822,  877,  608,  992,  658,  544,  776,  831,  653,  342,  910,  816,  904,  330,  899, 1134,  750,  158, 1009,  563,  910,  462,  332,  664,  706, 1107,  724,  465,  931,  552,  712,  730,  902,  961],
        [   68,    0,  521,  107,  460,  551,  233,  541,  594,  629,  540,  153,  313,  261,  264,  363,  527,  531,  188,  673,  403,  485,  276,  544,   75,  570,  334,  465,    0,  318,  559,  611,  239,  102,  418,   19,  502,  635,  369,  279,  254,  357,  363,  224,  663,  308,  747,  718,  709,  313,  508,  666,  283,  486,  448,  171,  415,  505,  684,  241,  440,  414,  513,  570,  193,  544,  586,  574,  621,  434,  616,  516,  447,  386,  655,  752,  691,  544,  554,  142,  523,  244,  247,  425,  530,  736,  422,  466,  593,  104,  247,  405,  464,  655],
        [  365,    0,  838,  350,  752,  735,  522,  723,  678,  946,  698,  468,  630,  405,  565,  666,  843,  845,  182,  815,  446,  727,  170,  854,  303,  708,  370,  256,  318,    0,  817,  830,  531,  419,  585,  301,  712,  887,  660,   54,  266,  110,  276,  474,  865,  473, 1065,  855, 1018,    9,  705,  837,  589,  727,  190,  433,  576,  563,  892,  231,  582,  716,  683,  887,  494,  659,  814,  835,  762,  472,  896,  795,  705,  436,  914, 1065,  853,  255,  864,  453,  834,  216,   92,  669,  747, 1045,  697,  570,  890,  370,  544,  480,  781,  941],
        [  492,    0,  441,  478,  618,  222,  329,  228,  442,  512,  284,  436,  386,  429,  315,  540,  346,  316,  742,  345,  502,  773,  678,  555,  626,  329,  526,  810,  559,  817,    0,  135,  564,  477,  847,  566,  167,   78,  592,  765,  809,  793,  658,  647,  202,  367,  500,  377,  339,  809,  868,  277,  311,  100,  850,  619,  851,  476,  200,  799,  888,  558,  259,  409,  539,  374,  101,   22,  331,  506,  115,   87,  717,  495,   98,  406,  311,  954,  554,  431,  282,  802,  778,  150,  137,  367,  144,  397,  190,  605,  552,  912,  426,  167],
        [  544,    0,  574,  516,  740,  125,  399,  136,  340,  647,  190,  512,  496,  426,  400,  655,  480,  450,  783,  216,  455,  887,  675,  686,  683,  226,  498,  781,  611,  830,  135,    0,  661,  545,  942,  615,  119,  121,  705,  777,  864,  788,  632,  735,   70,  359,  631,  245,  462,  822,  975,  144,  405,  133,  832,  700,  945,  400,   78,  849,  980,  678,  179,  544,  629,  281,   37,  147,  212,  451,  233,  219,  831,  452,  156,  529,  177,  933,  685,  501,  416,  849,  805,  190,   84,  488,  243,  330,  321,  674,  651,  991,  555,  279],
        [  242,    0,  340,  302,  224,  644,  278,  638,  754,  435,  657,  176,  190,  446,  262,  138,  385,  402,  360,  786,  604,  265,  514,  328,  229,  698,  548,  703,  239,  531,  564,  661,    0,  182,  284,  256,  578,  640,  132,  502,  352,  589,  598,   98,  726,  466,  576,  832,  590,  528,  324,  757,  257,  529,  682,  107,  287,  687,  738,  364,  324,  186,  624,  404,   50,  690,  628,  572,  741,  633,  577,  493,  218,  587,  648,  616,  788,  774,  339,  198,  409,  376,  446,  476,  593,  611,  423,  629,  519,  162,   17,  365,  287,  600],
        [   66,    0,  424,  122,  388,  502,  149,  494,  583,  533,  503,   52,  213,  266,  170,  285,  426,  430,  286,  636,  423,  445,  357,  456,  153,  540,  367,  545,  102,  419,  477,  545,  182,    0,  423,  118,  444,  555,  302,  377,  335,  450,  426,  211,  603,  292,  647,  682,  608,  413,  492,  618,  186,  415,  538,  165,  423,  509,  621,  329,  454,  335,  472,  469,  133,  524,  517,  491,  587,  452,  525,  427,  400,  406,  572,  651,  646,  637,  465,   47,  421,  334,  349,  356,  468,  634,  336,  456,  496,  130,  185,  447,  366,  561],
        [  460,    0,  556,  518,  343,  918,  551,  911, 1003,  619,  925,  440,  467,  675,  543,  345,  629,  654,  410, 1056,  821,  201,  647,  488,  358,  962,  751,  819,  418,  585,  847,  942,  284,  423,    0,  429,  855,  923,  295,  581,  323,  678,  757,  214, 1006,  711,  775, 1102,  835,  586,  126, 1033,  539,  810,  770,  260,   13,  921, 1020,  356,   47,  362,  893,  627,  315,  946,  910,  854, 1008,  851,  854,  775,  222,  804,  929,  846, 1063,  837,  500,  457,  667,  372,  495,  756,  872,  850,  706,  875,  789,  316,  295,  159,  517,  872],
        [   76,    0,  539,  105,  478,  551,  243,  542,  588,  647,  539,  169,  330,  254,  276,  382,  543,  547,  177,  671,  393,  501,  258,  562,   78,  568,  322,  447,   19,  301,  566,  615,  256,  118,  429,    0,  504,  643,  387,  261,  250,  339,  347,  239,  666,  304,  764,  716,  724,  296,  522,  666,  297,  492,  430,  186,  425,  497,  687,  235,  450,  432,  512,  586,  211,  539,  590,  582,  619,  424,  626,  526,  464,  376,  663,  768,  691,  526,  572,  156,  538,  236,  232,  431,  533,  750,  431,  460,  606,  117,  265,  410,  481,  666],
        [  436,    0,  550,  403,  686,   75,  304,   74,  280,  638,  123,  417,  432,  308,  317,  592,  468,  442,  669,  221,  347,  819,  557,  655,  575,  172,  383,  668,  502,  712,  167,  119,  578,  444,  855,  504,    0,  204,  639,  659,  754,  671,  518,  644,  162,  240,  651,  263,  500,  704,  899,  180,  328,   83,  717,  605,  856,  310,  185,  737,  890,  623,   94,  535,  541,  210,  109,  187,  189,  348,  281,  221,  764,  342,  239,  567,  212,  818,  656,  403,  409,  736,  688,  107,   38,  529,  194,  232,  346,  572,  570,  891,  520,  333],
        [  568,    0,  494,  553,  683,  239,  407,  248,  458,  554,  305,  514,  460,  493,  393,  609,  396,  363,  817,  334,  551,  843,  744,  610,  703,  344,  582,  867,  635,  887,   78,  121,  640,  555,  923,  643,  204,    0,  662,  835,  887,  859,  716,  724,  172,  429,  521,  359,  346,  880,  940,  259,  388,  162,  912,  696,  927,  510,  158,  876,  964,  625,  287,  454,  616,  397,  103,   69,  333,  551,  122,  152,  787,  545,   36,  412,  290, 1015,  608,  509,  331,  878,  852,  219,  168,  372,  222,  434,  217,  683,  628,  990,  485,  161],
        [  365,    0,  263,  423,   93,  710,  360,  706,  846,  337,  733,  281,  209,  558,  328,   54,  336,  361,  486,  856,  717,  182,  644,  215,  359,  778,  667,  834,  369,  660,  592,  705,  132,  302,  295,  387,  639,  662,    0,  632,  462,  720,  725,  198,  773,  568,  489,  901,  540,  657,  280,  817,  312,  577,  813,  229,  303,  791,  780,  480,  341,   71,  699,  334,  177,  778,  670,  594,  815,  745,  578,  511,  127,  700,  663,  553,  850,  904,  226,  306,  378,  493,  573,  533,  647,  556,  462,  726,  504,  291,  122,  421,  223,  590],
        [  321,    0,  800,  302,  725,  682,  474,  670,  630,  908,  645,  426,  589,  352,  518,  635,  800,  801,  172,  764,  397,  711,  122,  820,  274,  656,  320,  242,  279,   54,  765,  777,  502,  377,  581,  261,  659,  835,  632,    0,  271,   98,  235,  452,  812,  420, 1023,  804,  972,   46,  698,  785,  543,  674,  191,  408,  573,  515,  839,  235,  582,  685,  630,  846,  462,  608,  761,  784,  711,  424,  845,  745,  686,  387,  861, 1020,  801,  273,  830,  410,  789,  221,   91,  617,  694,  999,  647,  519,  842,  342,  514,  488,  742,  891],
        [  321,    0,  690,  352,  549,  799,  481,  789,  815,  786,  783,  382,  511,  486,  504,  485,  724,  736,  112,  914,  597,  485,  362,  674,  184,  808,  518,  512,  254,  266,  809,  864,  352,  335,  323,  250,  754,  887,  462,  271,    0,  366,  481,  265,  915,  544,  926,  958,  923,  268,  447,  914,  518,  739,  454,  246,  314,  711,  937,   36,  317,  529,  758,  752,  334,  773,  839,  823,  861,  627,  859,  761,  474,  582,  905,  957,  937,  516,  685,  381,  735,   51,  180,  678,  782,  946,  669,  689,  825,  218,  368,  219,  636,  894],
        [  388,    0,  872,  356,  812,  684,  527,  672,  600,  982,  640,  495,  659,  366,  574,  719,  864,  862,  269,  748,  371,  806,  116,  901,  364,  643,  302,  148,  357,  110,  793,  788,  589,  450,  678,  339,  671,  859,  720,   98,  366,    0,  186,  545,  817,  432, 1090,  786, 1025,  104,  795,  779,  601,  698,   95,  499,  670,  483,  845,  330,  679,  769,  629,  914,  547,  589,  777,  813,  697,  393,  882,  783,  779,  364,  888, 1077,  791,  188,  910,  476,  847,  316,  186,  644,  708, 1054,  686,  503,  888,  431,  599,  583,  815,  930],
        [  361,    0,  823,  308,  813,  519,  449,  507,  416,  934,  469,  460,  613,  238,  501,  711,  795,  786,  370,  569,  191,  847,  121,  875,  405,  467,  135,  152,  363,  276,  658,  632,  598,  426,  757,  347,  518,  716,  725,  235,  481,  186,    0,  584,  652,  292, 1021,  605,  929,  269,  861,  606,  530,  559,  202,  532,  751,  299,  681,  448,  769,  761,  463,  853,  550,  410,  626,  679,  519,  210,  758,  664,  810,  187,  748,  987,  615,  301,  883,  436,  765,  437,  317,  512,  556,  959,  573,  326,  781,  462,  604,  695,  769,  809],
        [  253,    0,  434,  314,  286,  706,  340,  699,  793,  524,  711,  227,  285,  469,  336,  222,  482,  500,  294,  843,  621,  265,  486,  409,  184,  749,  556,  672,  224,  474,  647,  735,   98,  211,  214,  239,  644,  724,  198,  452,  265,  545,  584,    0,  797,  501,  669,  889,  688,  472,  287,  821,  336,  602,  639,   53,  214,  715,  812,  283,  247,  264,  680,  500,  109,  734,  703,  656,  795,  651,  668,  581,  235,  603,  734,  713,  850,  724,  421,  244,  506,  296,  384,  547,  663,  708,  504,  665,  614,  123,  114,  270,  383,  693],
        [  598,    0,  642,  565,  809,  134,  459,  146,  318,  713,  188,  573,  564,  462,  465,  723,  548,  517,  831,  169,  468,  955,  706,  755,  737,  210,  519,  797,  663,  865,  202,   70,  726,  603, 1006,  666,  162,  172,  773,  812,  915,  817,  652,  797,    0,  394,  691,  189,  518,  857, 1042,   91,  470,  198,  854,  761, 1009,  396,   31,  899, 1044,  747,  190,  611,  693,  271,  106,  212,  181,  459,  292,  288,  899,  467,  203,  584,  119,  951,  754,  561,  484,  898,  847,  251,  136,  543,  312,  335,  383,  732,  716, 1050,  624,  333],
        [  254,    0,  585,  201,  641,  265,  217,  254,  292,  692,  239,  292,  396,   69,  263,  535,  536,  521,  448,  370,  169,  730,  318,  662,  381,  265,  163,  444,  308,  473,  367,  359,  466,  292,  711,  304,  240,  429,  568,  420,  544,  432,  292,  501,  394,    0,  755,  414,  646,  465,  783,  375,  290,  269,  484,  452,  710,  224,  420,  522,  739,  579,  217,  599,  419,  237,  346,  388,  317,  189,  466,  374,  681,  155,  459,  707,  395,  587,  667,  268,  496,  519,  455,  220,  277,  676,  286,  165,  494,  400,  465,  712,  537,  518],
        [  704,    0,  236,  735,  433,  717,  573,  721,  929,  158,  774,  598,  435,  790,  522,  450,  227,  236,  917,  844,  922,  601,  986,  289,  777,  822,  911, 1163,  747, 1065,  500,  631,  576,  647,  775,  764,  651,  521,  489, 1023,  926, 1090, 1021,  669,  691,  755,    0,  875,  184, 1060,  720,  774,  494,  569, 1172,  680,  784,  936,  678,  936,  820,  418,  744,  178,  594,  857,  599,  485,  830,  937,  400,  430,  561,  909,  495,  132,  807, 1275,  278,  615,  260,  946,  992,  574,  631,  168,  482,  855,  311,  718,  559,  909,  291,  363],
        [  658,    0,  805,  612,  949,  191,  555,  195,  199,  886,  179,  663,  694,  474,  575,  855,  717,  688,  860,   46,  416, 1080,  686,  914,  793,  151,  486,  733,  718,  855,  377,  245,  832,  682, 1102,  716,  263,  359,  901,  804,  958,  786,  605,  889,  189,  414,  875,    0,  704,  847, 1155,  102,  589,  336,  802,  846, 1102,  311,  209,  936, 1135,  886,  210,  782,  792,  197,  277,  391,   98,  396,  477,  457, 1025,  422,  391,  771,   70,  890,  914,  646,  654,  932,  857,  369,  264,  730,  454,  285,  565,  803,  825, 1121,  780,  520],
        [  654,    0,  285,  672,  513,  560,  500,  566,  779,  276,  621,  557,  413,  692,  454,  491,  208,  189,  893,  677,  805,  690,  915,  386,  754,  667,  808, 1078,  709, 1018,  339,  462,  590,  608,  835,  724,  500,  346,  540,  972,  923, 1025,  929,  688,  518,  646,  184,  704,    0, 1012,  805,  604,  430,  421, 1100,  685,  843,  802,  503,  926,  881,  477,  594,  215,  593,  709,  433,  321,  668,  816,  229,  284,  640,  794,  318,   68,  635, 1205,  378,  568,  189,  934,  956,  441,  475,   30,  360,  720,  157,  706,  574,  950,  318,  186],
        [  360,    0,  834,  344,  750,  727,  516,  715,  670,  941,  690,  463,  625,  397,  559,  663,  838,  840,  181,  807,  438,  726,  162,  850,  300,  700,  362,  251,  313,    9,  809,  822,  528,  413,  586,  296,  704,  880,  657,   46,  268,  104,  269,  472,  857,  465, 1060,  847, 1012,    0,  706,  829,  583,  719,  187,  430,  577,  555,  884,  233,  584,  713,  674,  882,  491,  650,  806,  828,  754,  464,  889,  788,  704,  428,  906, 1059,  844,  255,  860,  448,  828,  218,   92,  662,  739, 1039,  690,  562,  884,  367,  541,  483,  776,  934],
        [  539,    0,  521,  600,  294,  967,  601,  961, 1074,  563,  981,  497,  482,  754,  582,  334,  607,  635,  527, 1109,  907,  119,  755,  433,  457, 1022,  842,  933,  508,  705,  868,  975,  324,  492,  126,  522,  899,  940,  280,  698,  447,  795,  861,  287, 1042,  783,  720, 1155,  805,  706,    0, 1078,  573,  845,  888,  339,  137, 1000, 1052,  479,  151,  333,  947,  592,  367, 1012,  941,  872, 1064,  937,  858,  789,  166,  890,  942,  807, 1110,  959,  443,  518,  655,  495,  615,  795,  912,  817,  733,  947,  783,  405,  330,  279,  493,  869],
        [  603,    0,  709,  563,  861,  116,  482,  126,  239,  787,  140,  594,  609,  440,  497,  769,  619,  589,  822,   78,  417,  998,  672,  819,  741,  143,  478,  745,  666,  837,  277,  144,  757,  618, 1033,  666,  180,  259,  817,  785,  914,  779,  606,  821,   91,  375,  774,  102,  604,  829, 1078,    0,  507,  244,  807,  780, 1034,  330,  116,  894, 1068,  798,  158,  683,  720,  204,  176,  290,  100,  403,  376,  358,  943,  419,  291,  670,   35,  901,  819,  579,  555,  892,  828,  285,  171,  630,  362,  281,  464,  744,  749, 1063,  685,  420],
        [  225,    0,  299,  245,  368,  399,   81,  394,  544,  408,  423,  137,  112,  307,   29,  268,  267,  262,  470,  545,  457,  491,  494,  372,  338,  468,  429,  670,  283,  589,  311,  405,  257,  186,  539,  297,  328,  388,  312,  543,  518,  601,  530,  336,  470,  290,  494,  589,  430,  583,  573,  507,    0,  273,  680,  309,  543,  506,  482,  514,  579,  304,  388,  324,  229,  474,  371,  321,  504,  478,  343,  249,  437,  441,  400,  478,  540,  784,  377,  142,  247,  519,  528,  224,  340,  457,  168,  433,  311,  303,  246,  602,  248,  377],
        [  419,    0,  471,  397,  618,  154,  268,  156,  361,  557,  206,  381,  369,  333,  268,  528,  387,  360,  664,  296,  403,  759,  583,  578,  557,  254,  426,  711,  486,  727,  100,  133,  529,  415,  810,  492,   83,  162,  577,  674,  739,  698,  559,  602,  198,  269,  569,  336,  421,  719,  845,  244,  273,    0,  752,  568,  813,  382,  210,  726,  848,  555,  176,  453,  497,  290,  102,  122,  269,  408,  209,  140,  704,  395,  191,  488,  278,  856,  579,  371,  327,  727,  694,   62,   73,  451,  119,  302,  266,  544,  519,  860,  444,  263],
        [  475,    0,  958,  438,  905,  721,  604,  708,  609, 1069,  670,  582,  745,  422,  653,  811,  946,  942,  361,  769,  391,  900,  187,  991,  458,  667,  335,   86,  448,  190,  850,  832,  682,  538,  770,  430,  717,  912,  813,  191,  454,   95,  202,  639,  854,  484, 1172,  802, 1100,  187,  888,  807,  680,  752,    0,  593,  761,  493,  883,  419,  770,  861,  664,  998,  639,  610,  825,  870,  719,  408,  944,  847,  873,  389,  942, 1153,  815,  106, 1000,  562,  925,  404,  276,  702,  754, 1128,  753,  527,  958,  525,  692,  670,  902,  994],
        [  202,    0,  445,  262,  321,  665,  302,  657,  744,  541,  667,  188,  274,  418,  305,  244,  482,  497,  257,  800,  569,  316,  435,  433,  136,  704,  503,  622,  171,  433,  619,  700,  107,  165,  260,  186,  605,  696,  229,  408,  246,  499,  532,   53,  761,  452,  680,  846,  685,  430,  339,  780,  309,  568,  593,    0,  259,  664,  777,  258,  290,  290,  636,  507,   92,  687,  669,  629,  751,  599,  647,  557,  283,  551,  708,  715,  809,  680,  444,  202,  499,  270,  345,  511,  625,  707,  475,  616,  600,   71,  123,  294,  391,  676],
        [  458,    0,  565,  516,  353,  919,  553,  912, 1002,  628,  925,  441,  472,  672,  545,  353,  637,  661,  402, 1056,  817,  213,  640,  498,  353,  962,  747,  811,  415,  576,  851,  945,  287,  423,   13,  425,  856,  927,  303,  573,  314,  670,  751,  214, 1009,  710,  784, 1102,  843,  577,  137, 1034,  543,  813,  761,  259,    0,  918, 1022,  347,   39,  371,  893,  636,  317,  945,  913,  858, 1008,  848,  859,  779,  233,  800,  933,  855, 1064,  828,  510,  457,  674,  362,  487,  758,  874,  858,  710,  873,  795,  313,  299,  147,  525,  878],
        [  462,    0,  791,  403,  863,  276,  437,  265,  118,  894,  211,  514,  615,  247,  481,  758,  729,  709,  604,  280,  118,  952,  393,  876,  573,  189,  198,  423,  505,  563,  476,  400,  687,  509,  921,  497,  310,  510,  791,  515,  711,  483,  299,  715,  396,  224,  936,  311,  802,  555, 1000,  330,  506,  382,  493,  664,  918,    0,  427,  683,  945,  801,  223,  796,  640,  127,  408,  497,  234,   92,  589,  518,  903,  131,  545,  867,  331,  580,  881,  490,  680,  676,  580,  364,  344,  831,  455,   82,  645,  606,  687,  902,  748,  642],
        [  618,    0,  640,  587,  813,  163,  475,  175,  348,  707,  219,  589,  572,  488,  478,  730,  544,  513,  853,  194,  498,  962,  733,  754,  757,  240,  548,  826,  684,  892,  200,   78,  738,  621, 1020,  687,  185,  158,  780,  839,  937,  845,  681,  812,   31,  420,  678,  209,  503,  884, 1052,  116,  482,  210,  883,  777, 1022,  427,    0,  921, 1057,  752,  219,  605,  706,  301,  112,  206,  210,  490,  279,  286,  907,  497,  186,  568,  141,  981,  753,  578,  479,  920,  872,  267,  155,  527,  319,  365,  373,  750,  728, 1067,  624,  318],
        [  308,    0,  701,  334,  568,  780,  472,  770,  788,  799,  761,  378,  514,  462,  498,  500,  730,  741,   80,  891,  568,  513,  328,  690,  177,  785,  488,  476,  241,  231,  799,  849,  364,  329,  356,  235,  737,  876,  480,  235,   36,  330,  448,  283,  899,  522,  936,  936,  926,  233,  479,  894,  514,  726,  419,  258,  347,  683,  921,    0,  352,  545,  737,  760,  343,  749,  825,  814,  838,  598,  853,  755,  499,  553,  895,  962,  916,  482,  701,  375,  738,   16,  145,  665,  767,  950,  661,  664,  823,  221,  380,  254,  645,  890],
        [  486,    0,  602,  543,  389,  953,  587,  945, 1030,  664,  957,  474,  510,  699,  580,  391,  675,  699,  412, 1089,  842,  241,  655,  534,  375,  993,  770,  822,  440,  582,  888,  980,  324,  454,   47,  450,  890,  964,  341,  582,  317,  679,  769,  247, 1044,  739,  820, 1135,  881,  584,  151, 1068,  579,  848,  770,  290,   39,  945, 1057,  352,    0,  408,  925,  673,  352,  975,  948,  895, 1040,  873,  897,  816,  266,  825,  971,  892, 1097,  832,  545,  490,  712,  367,  495,  793,  909,  896,  746,  902,  833,  340,  336,  129,  563,  916],
        [  400,    0,  195,  454,   64,  696,  364,  692,  847,  266,  725,  305,  193,  577,  325,   51,  275,  303,  545,  842,  736,  223,  687,  146,  413,  771,  691,  877,  414,  716,  558,  678,  186,  335,  362,  432,  623,  625,   71,  685,  529,  769,  761,  264,  747,  579,  418,  886,  477,  713,  333,  798,  304,  555,  861,  290,  371,  801,  752,  545,  408,    0,  690,  266,  223,  777,  642,  559,  805,  762,  533,  474,  169,  719,  622,  485,  831,  955,  157,  329,  323,  557,  631,  517,  627,  490,  437,  732,  453,  346,  172,  491,  161,  540],
        [  451,    0,  634,  408,  754,   57,  347,   45,  186,  726,   35,  454,  497,  283,  372,  655,  556,  531,  664,  164,  280,  876,  520,  734,  587,   83,  330,  608,  513,  683,  259,  179,  624,  472,  893,  512,   94,  287,  699,  630,  758,  629,  463,  680,  190,  217,  744,  210,  594,  674,  947,  158,  388,  176,  664,  636,  893,  223,  219,  737,  925,  690,    0,  623,  583,  116,  185,  279,  118,  274,  373,  315,  822,  279,  322,  661,  180,  762,  736,  436,  498,  735,  671,  182,  123,  623,  277,  151,  440,  595,  618,  914,  600,  425],
        [  527,    0,   72,  561,  299,  607,  404,  608,  804,  104,  656,  421,  257,  627,  352,  288,   68,   95,  740,  746,  768,  476,  812,  176,  599,  705,  749,  992,  570,  887,  409,  544,  404,  469,  627,  586,  535,  454,  334,  846,  752,  914,  853,  500,  611,  599,  178,  782,  215,  882,  592,  683,  324,  453,  998,  507,  636,  796,  605,  760,  673,  266,  623,    0,  418,  731,  509,  400,  722,  786,  338,  326,  427,  753,  438,  220,  718, 1100,  169,  438,  128,  770,  814,  443,  523,  225,  348,  716,  242,  542,  388,  751,  117,  324],
        [  193,    0,  359,  253,  267,  606,  238,  599,  708,  459,  616,  131,  183,  398,  229,  173,  392,  405,  329,  746,  556,  313,  468,  360,  192,  656,  499,  658,  193,  494,  539,  629,   50,  133,  315,  211,  541,  616,  177,  462,  334,  547,  550,  109,  693,  419,  594,  792,  593,  491,  367,  720,  229,  497,  639,   92,  317,  640,  706,  343,  352,  223,  583,  418,    0,  646,  597,  548,  700,  584,  561,  473,  267,  538,  626,  624,  750,  733,  371,  152,  408,  353,  411,  442,  558,  615,  396,  583,  510,  128,   55,  377,  303,  587],
        [  490,    0,  738,  437,  841,  158,  419,  150,   74,  833,   93,  516,  585,  288,  453,  739,  664,  640,  672,  160,  220,  950,  489,  833,  617,   62,  290,  544,  544,  659,  374,  281,  690,  524,  946,  539,  210,  397,  778,  608,  773,  589,  410,  734,  271,  237,  857,  197,  709,  650, 1012,  204,  474,  290,  610,  687,  945,  127,  301,  749,  975,  777,  116,  731,  646,    0,  294,  394,  110,  203,  488,  429,  898,  226,  432,  776,  207,  701,  836,  495,  609,  744,  663,  289,  237,  738,  384,   89,  555,  636,  687,  948,  700,  540],
