{
    "name": "random-46-31679",
    "comment": "size=46 seed=31679",
    "nodes": ["+0", "-0", "+1", "-1", "+2", "-2", "+3", "-3", "+4", "-4", "+5", "-5", "+6", "-6", "+7", "-7", "+8", "-8", "+9", "-9", "+10", "-10", "+11", "-11", "+12", "-12", "+13", "-13", "+14", "-14", "+15", "-15", "+16", "-16", "+17", "-17", "+18", "-18", "+19", "-19", "+20", "-20", "+21", "-21", "+22", "-22", "+23", "-23", "+24", "-24", "+25", "-25", "+26", "-26", "+27", "-27", "+28", "-28", "+29", "-29", "+30", "-30", "+31", "-31", "+32", "-32", "+33", "-33", "+34", "-34", "+35", "-35", "+36", "-36", "+37", "-37", "+38", "-38", "+39", "-39", "+40", "-40", "+41", "-41", "+42", "-42", "+43", "-43", "+44", "-44", "+45", "-45", "+46", "-46"],
    "precedence": {
        "+0": "-0",
        "+1": "-1",
        "+2": "-2",
        "+3": "-3",
        "+4": "-4",
        "+5": "-5",
        "+6": "-6",
        "+7": "-7",
        "+8": "-8",
        "+9": "-9",
        "+10": "-10",
        "+11": "-11",
        "+12": "-12",
        "+13": "-13",
        "+14": "-14",
        "+15": "-15",
        "+16": "-16",
        "+17": "-17",
        "+18": "-18",
        "+19": "-19",
        "+20": "-20",
        "+21": "-21",
        "+22": "-22",
        "+23": "-23",
        "+24": "-24",
        "+25": "-25",
        "+26": "-26",
        "+27": "-27",
        "+28": "-28",
        "+29": "-29",
        "+30": "-30",
        "+31": "-31",
        "+32": "-32",
        "+33": "-33",
        "+34": "-34",
        "+35": "-35",
        "+36": "-36",
        "+37": "-37",
        "+38": "-38",
        "+39": "-39",
        "+40": "-40",
        "+41": "-41",
        "+42": "-42",
        "+43": "-43",
        "+44": "-44",
        "+45": "-45",
        "+46": "-46"
    },
    "edges": [
        [    0,    0, 1069,  654,   78, 1020,  802,  258,  794,  189,  793,  475,  560,  678,   58,  688,  498,  799,  745,  382,  167,  896,  220,  301,  662,  487,  484,  920,  456,  479,  481,  869,  269,  443,  869,  684,  545,  965,  614,  833,  801,  662,  752,  414,  476,  691,  368,  521,  926,  258,  372, 1016,  206, 1005,  632,  255,  642,  649,  120,  520,   99,  475,  381,  244,  672,  788,  290, 1036,  961,  473,  635,  775,  785,  780,  112,  920,  394,  970,  789,  275,  620,  440,  436,  485,  256,  870,  163,  346,  866,  493,  556,  379,  565,  805],
        [    0,    0,    0,    0,    0,    0,    0,    0,    0,    0,    0,    0,    0,    0,    0,    0,    0,    0,    0,    0,    0,    0,    0,    0,    0,    0,    0,    0,    0,    0,    0,    0,    0,    0,    0,    0,    0,    0,    0,    0,    0,    0,    0,    0,    0,    0,    0,    0,    0,    0,    0,    0,    0,    0,    0,    0,    0,    0,    0,    0,    0,    0,    0,    0,    0,    0,    0,    0,    0,    0,    0,    0,    0,    0,    0,    0,    0,    0,    0,    0,    0,    0,    0,    0,    0,    0,    0,    0,    0,    0,    0,    0,    0,    0],
        [ 1069,    0,    0,  444, 1086,  207,  392, 1084,  684, 1134,  535,  660,  773,  464, 1015,  629,  875,  282,  681,  822, 1019,  394,  908, 1281,  585,  827,  935,  337, 1068,  930,  893,  619, 1187,  660,  234,  697,  545,  300,  769,  297,  505,  705,  319,  924,  986,  618,  877,  551,  176, 1133,  728,  219,  864,   70,  867,  899,  452,  431, 1136, 1023,  974,  818,  922,  874,  717,  347,  833,  142,  213,  725,  544,  313,  352,  900, 1053,  885,  694,  107,  698, 1061,  871,  630,  987,  724, 1091,  231, 1102, 1004,  707,  593,  781,  697,  646,  758],
        [  654,    0,  444,    0,  658,  366,  386,  641,  388,  695,  266,  371,  361,  316,  597,  511,  449,  163,  356,  379,  582,  278,  538,  840,  208,  578,  507,  282,  634,  673,  464,  388,  745,  221,  319,  337,  110,  320,  376,  330,  249,  333,  148,  639,  556,  263,  570,  199,  352,  690,  291,  363,  454,  375,  690,  459,   14,  192,  705,  599,  567,  562,  481,  438,  580,  137,  395,  462,  422,  458,  373,  131,  134,  560,  621,  611,  338,  363,  396,  617,  687,  231,  551,  465,  648,  222,  664,  562,  449,  266,  571,  321,  432,  454],
        [   78,    0, 1086,  658,    0, 1022,  842,  183,  759,  112,  772,  522,  521,  716,   91,  745,  448,  810,  711,  349,  109,  885,  284,  236,  642,  555,  427,  913,  386,  553,  429,  839,  193,  440,  896,  650,  549,  961,  574,  864,  782,  628,  768,  487,  413,  665,  437,  546,  950,  181,  369, 1018,  233, 1020,  703,  223,  647,  675,   55,  455,  149,  541,  329,  226,  734,  789,  273, 1062,  991,  530,  681,  784,  785,  728,   49,  870,  432,  990,  753,  203,  692,  458,  373,  543,  181,  878,   86,  282,  829,  526,  622,  410,  618,  763],
        [ 1020,    0,  207,  366, 1022,    0,  500,  987,  500, 1051,  359,  682,  631,  526,  963,  721,  738,  241,  506,  717,  940,  206,  894, 1192,  440,  875,  799,  149,  937,  978,  759,  425, 1093,  582,  334,  534,  476,  101,  615,  397,  330,  545,  305,  958,  851,  460,  899,  533,  299, 1037,  654,   13,  820,  167,  948,  814,  378,  445, 1067,  880,  932,  863,  806,  799,  808,  234,  754,  331,  372,  761,  607,  255,  238,  718,  983,  689,  683,  234,  515,  960,  949,  591,  858,  763,  994,  166, 1022,  892,  513,  592,  845,  674,  700,  572],
        [  802,    0,  392,  386,  842,  500,    0,  901,  768,  919,  631,  333,  731,  126,  756,  238,  801,  317,  740,  689,  808,  568,  602, 1067,  594,  453,  852,  534,  959,  554,  811,  750,  989,  509,  168,  723,  419,  536,  754,  104,  607,  718,  267,  560,  895,  648,  527,  322,  219,  942,  551,  507,  610,  365,  477,  712,  382,  212,  896,  944,  704,  448,  795,  674,  326,  418,  648,  286,  196,  371,  179,  335,  420,  946,  822,  992,  411,  293,  778,  886,  481,  414,  879,  366,  906,  363,  883,  860,  823,  319,  398,  434,  278,  837],
        [  258,    0, 1084,  641,  183,  987,  901,    0,  645,  100,  691,  611,  408,  777,  243,  848,  314,  802,  601,  271,  113,  824,  424,  208,  567,  692,  275,  861,  206,  708,  291,  735,  107,  425,  922,  541,  540,  912,  455,  903,  707,  520,  772,  642,  248,  576,  581,  582,  970,   51,  363,  981,  319, 1015,  846,  191,  633,  709,  174,  282,  293,  676,  200,  227,  853,  757,  258, 1084, 1023,  642,  760,  772,  753,  575,  148,  722,  507,  997,  636,   32,  836,  489,  211,  656,    8,  861,  103,  124,  709,  584,  751,  474,  717,  635],
        [  794,    0,  684,  388,  759,  500,  768,  645,    0,  737,  152,  716,  240,  703,  742,  892,  335,  476,   50,  413,  653,  296,  780,  847,  191,  915,  385,  353,  517,  996,  358,   98,  746,  420,  666,  110,  410,  400,  191,  696,  182,  132,  507,  947,  431,  136,  871,  550,  676,  692,  466,  489,  650,  621, 1048,  540,  395,  579,  786,  439,  741,  897,  447,  554,  956,  370,  511,  766,  758,  800,  755,  448,  367,  218,  711,  225,  644,  652,   15,  614, 1043,  524,  455,  810,  653,  477,  720,  525,   75,  613,  926,  609,  799,   75],
        [  189,    0, 1134,  695,  112, 1051,  919,  100,  737,    0,  772,  610,  498,  794,  196,  840,  409,  854,  691,  344,  116,  898,  389,  150,  645,  661,  374,  932,  303,  663,  387,  824,   83,  475,  957,  630,  590,  982,  547,  932,  786,  609,  817,  597,  348,  659,  545,  610, 1009,   76,  407, 1046,  314, 1066,  811,  238,  686,  739,   81,  381,  253,  647,  291,  260,  835,  819,  301, 1122, 1056,  627,  766,  825,  815,  675,  103,  821,  513, 1042,  728,  130,  800,  518,  310,  641,   95,  917,   36,  222,  802,  600,  726,  486,  711,  731],
        [  793,    0,  535,  266,  772,  359,  631,  691,  152,  772,    0,  625,  294,  579,  737,  776,  403,  329,  148,  429,  673,  156,  738,  898,  132,  831,  462,  211,  601,  920,  425,  122,  796,  370,  519,  178,  321,  262,  266,  553,   31,  193,  366,  878,  513,  116,  804,  452,  526,  740,  432,  349,  621,  471,  952,  550,  276,  456,  807,  534,  725,  813,  494,  551,  846,  222,  504,  615,  609,  712,  639,  303,  219,  365,  726,  369,  570,  501,  165,  661,  948,  450,  528,  720,  698,  326,  749,  579,  193,  519,  831,  541,  696,  226],
        [  475,    0,  660,  371,  522,  682,  333,  611,  716,  610,  625,    0,  578,  213,  433,  240,  607,  442,  672,  464,  506,  645,  269,  754,  526,  208,  642,  639,  716,  304,  608,  741,  686,  319,  433,  630,  308,  668,  620,  383,  613,  616,  378,  277,  673,  581,  219,  174,  494,  646,  318,  683,  297,  608,  333,  437,  359,  239,  576,  727,  378,  191,  558,  393,  266,  490,  383,  593,  510,   88,  161,  433,  489,  830,  509,  922,  108,  554,  720,  603,  328,  199,  647,   96,  615,  517,  574,  602,  787,  106,  211,  147,  110,  767],
        [  560,    0,  773,  361,  521,  631,  731,  408,  240,  498,  294,  578,    0,  635,  510,  793,  110,  509,  193,  180,  414,  442,  576,  613,  192,  756,  170,  489,  309,  823,  132,  327,  511,  260,  679,  133,  315,  541,   55,  688,  315,  112,  509,  767,  222,  178,  690,  441,  709,  457,  275,  622,  437,  704,  903,  306,  360,  521,  547,  251,  516,  738,  209,  326,  839,  427,  287,  816,  782,  653,  663,  475,  422,  257,  473,  374,  485,  710,  232,  378,  896,  380,  234,  665,  416,  543,  481,  291,  308,  490,  783,  445,  678,  245],
        [  678,    0,  464,  316,  716,  526,  126,  777,  703,  794,  579,  213,  635,    0,  631,  205,  696,  303,  670,  575,  683,  547,  481,  942,  519,  364,  744,  524,  844,  468,  704,  701,  865,  398,  230,  644,  321,  538,  664,  174,  558,  636,  239,  462,  784,  575,  420,  206,  291,  818,  433,  530,  485,  421,  423,  590,  309,  125,  770,  835,  579,  355,  681,  551,  287,  387,  527,  383,  298,  265,   83,  309,  388,  864,  697,  925,  286,  358,  711,  764,  424,  295,  766,  262,  783,  368,  758,  742,  765,  195,  323,  309,  183,  768],
        [   58,    0, 1015,  597,   91,  963,  756,  243,  742,  196,  737,  433,  510,  631,    0,  654,  454,  744,  692,  331,  138,  839,  194,  326,  606,  466,  445,  863,  431,  470,  438,  815,  278,  386,  818,  632,  488,  908,  564,  783,  744,  610,  697,  403,  441,  636,  350,  469,  873,  255,  315,  960,  152,  951,  616,  205,  586,  597,  145,  489,   59,  452,  340,  189,  644,  731,  235,  984,  911,  439,  593,  719,  728,  737,   98,  874,  346,  916,  737,  255,  605,  385,  402,  452,  243,  814,  163,  314,  814,  443,  532,  328,  527,  755],
        [  688,    0,  629,  511,  745,  721,  238,  848,  892,  840,  776,  240,  793,  205,  654,    0,  835,  507,  855,  697,  741,  751,  470,  980,  704,  247,  874,  728,  955,  336,  838,  898,  919,  537,  401,  823,  490,  741,  829,  336,  757,  812,  443,  358,  908,  760,  349,  353,  455,  881,  550,  727,  531,  599,  240,  676,  501,  322,  798,  962,  596,  248,  795,  632,   89,  591,  622,  520,  430,  216,  138,  513,  592, 1036,  738, 1111,  347,  529,  899,  841,  244,  418,  883,  204,  852,  569,  805,  841,  958,  305,  178,  385,  131,  953],
        [  498,    0,  875,  449,  448,  738,  801,  314,  335,  409,  403,  607,  110,  696,  454,  835,    0,  604,  292,  151,  340,  551,  554,  513,  299,  766,   62,  598,  200,  821,   24,  427,  412,  301,  766,  236,  384,  650,  145,  768,  425,  216,  597,  760,  113,  288,  685,  493,  800,  359,  289,  730,  413,  805,  918,  254,  446,  590,  466,  150,  472,  747,  121,  286,  872,  529,  260,  910,  870,  673,  713,  571,  524,  283,  400,  422,  505,  806,  325,  282,  911,  417,  125,  686,  321,  644,  396,  191,  396,  531,  802,  464,  713,  323],
        [  799,    0,  282,  163,  810,  241,  317,  802,  476,  854,  329,  442,  509,  303,  744,  507,  604,    0,  457,  541,  739,  253,  658, 1000,  331,  638,  663,  222,  793,  741,  620,  443,  906,  379,  191,  457,  265,  236,  513,  228,  301,  459,   67,  719,  713,  376,  659,  296,  205,  851,  448,  242,  595,  213,  722,  618,  170,  207,  859,  753,  707,  625,  643,  595,  589,  107,  553,  308,  285,  522,  381,   34,  111,  676,  775,  697,  446,  203,  488,  779,  722,  362,  711,  525,  809,   76,  822,  724,  521,  352,  613,  440,  468,  549],
        [  745,    0,  681,  356,  711,  506,  740,  601,   50,  691,  148,  672,  193,  670,  692,  855,  292,  457,    0,  364,  605,  302,  731,  803,  152,  870,  346,  358,  480,  950,  316,  136,  702,  373,  646,   62,  369,  407,  148,  673,  178,   84,  483,  900,  393,   95,  824,  509,  661,  648,  417,  496,  600,  616, 1005,  491,  362,  546,  738,  406,  691,  852,  401,  504,  916,  355,  461,  755,  741,  756,  718,  428,  350,  221,  663,  257,  598,  641,   49,  570, 1000,  479,  415,  766,  608,  466,  673,  481,  125,  571,  882,  563,  758,   99],
        [  382,    0,  822,  379,  349,  717,  689,  271,  413,  344,  429,  464,  180,  575,  331,  697,  151,  541,  364,    0,  245,  555,  407,  478,  301,  615,  179,  591,  270,  670,  147,  491,  378,  182,  679,  303,  289,  642,  235,  671,  442,  281,  519,  610,  212,  318,  535,  370,  722,  321,  147,  710,  265,  753,  769,  128,  372,  482,  380,  265,  337,  597,  107,  147,  728,  488,  112,  835,  784,  526,  582,  510,  484,  421,  301,  550,  359,  741,  407,  244,  761,  284,  192,  539,  279,  595,  321,  183,  484,  397,  653,  319,  571,  425],
        [  167,    0, 1019,  582,  109,  940,  808,  113,  653,  116,  673,  506,  414,  683,  138,  741,  340,  739,  605,  245,    0,  793,  312,  264,  543,  580,  320,  824,  293,  597,  321,  734,  182,  361,  842,  544,  475,  873,  466,  818,  685,  522,  702,  530,  309,  563,  469,  496,  894,  140,  292,  935,  211,  952,  734,  127,  572,  625,  135,  354,  183,  564,  220,  145,  743,  707,  187, 1007,  942,  532,  659,  711,  703,  619,   61,  761,  405,  927,  646,  118,  724,  403,  270,  546,  115,  803,   83,  180,  721,  489,  640,  376,  611,  655],
        [  896,    0,  394,  278,  885,  206,  568,  824,  296,  898,  156,  645,  442,  547,  839,  751,  551,  253,  302,  555,  793,    0,  807, 1031,  258,  851,  611,   59,  750,  949,  573,  226,  930,  455,  428,  334,  371,  106,  419,  476,  129,  347,  310,  916,  663,  265,  847,  475,  420,  874,  525,  195,  708,  336,  953,  667,  290,  434,  925,  687,  818,  836,  632,  660,  830,  161,  613,  492,  503,  731,  620,  239,  161,  513,  842,  492,  614,  379,  310,  795,  952,  503,  675,  737,  831,  217,  872,  719,  313,  542,  838,  594,  695,  367],
        [  220,    0,  908,  538,  284,  894,  602,  424,  780,  389,  738,  269,  576,  481,  194,  470,  554,  658,  731,  407,  312,  807,    0,  518,  613,  273,  564,  818,  587,  286,  545,  836,  471,  368,  691,  675,  437,  857,  629,  647,  737,  656,  601,  220,  576,  656,  158,  364,  751,  444,  315,  893,  142,  850,  424,  310,  525,  478,  335,  629,  137,  258,  460,  271,  452,  673,  296,  855,  775,  255,  428,  640,  671,  827,  289,  949,  215,  804,  779,  428,  413,  307,  540,  267,  426,  733,  356,  465,  855,  316,  338,  220,  349,  811],
        [  301,    0, 1281,  840,  236, 1192, 1067,  208,  847,  150,  898,  754,  613,  942,  326,  980,  513, 1000,  803,  478,  264, 1031,  518,    0,  775,  787,  466, 1068,  358,  777,  489,  938,  102,  621, 1106,  745,  736, 1119,  657, 1081,  914,  724,  965,  712,  428,  783,  668,  759, 1158,  158,  554, 1186,  459, 1213,  931,  382,  831,  888,  183,  445,  385,  774,  405,  408,  969,  961,  448, 1271, 1205,  765,  912,  970,  957,  754,  246,  902,  659, 1190,  837,  238,  920,  667,  397,  778,  200, 1061,  184,  323,  907,  748,  855,  633,  852,  831],
        [  662,    0,  585,  208,  642,  440,  594,  567,  191,  645,  132,  526,  192,  519,  606,  704,  299,  331,  152,  301,  543,  258,  613,  775,    0,  727,  360,  301,  498,  811,  320,  225,  674,  245,  514,  130,  220,  353,  185,  533,  142,  129,  345,  765,  412,   57,  690,  360,  536,  617,  303,  432,  492,  516,  858,  419,  213,  396,  678,  442,  594,  709,  375,  420,  766,  240,  373,  638,  613,  611,  567,  299,  235,  353,  596,  408,  458,  528,  197,  538,  853,  338,  420,  621,  575,  357,  621,  461,  261,  423,  736,  426,  609,  250],
        [  487,    0,  827,  578,  555,  875,  453,  692,  915,  661,  831,  208,  756,  364,  466,  247,  766,  638,  870,  615,  580,  851,  273,  787,  727,    0,  790,  843,  839,  105,  762,  946,  743,  503,  593,  824,  511,  869,  803,  533,  820,  808,  572,  112,  812,  780,  120,  381,  653,  715,  483,  878,  382,  783,  157,  552,  566,  432,  605,  867,  409,   19,  694,  508,  197,  694,  515,  737,  648,  121,  284,  633,  694, 1012,  561, 1114,  274,  721,  918,  693,  148,  391,  780,  115,  694,  711,  628,  717,  987,  313,   75,  312,  182,  962],
        [  484,    0,  935,  507,  427,  799,  852,  275,  385,  374,  462,  642,  170,  744,  445,  874,   62,  663,  346,  179,  320,  611,  564,  466,  360,  790,    0,  659,  139,  839,   44,  480,  368,  347,  823,  292,  437,  711,  200,  823,  485,  273,  655,  777,   52,  347,  703,  540,  858,  318,  325,  791,  425,  866,  945,  256,  504,  642,  438,   93,  470,  772,  107,  294,  907,  589,  276,  969,  927,  704,  756,  630,  585,  302,  380,  448,  538,  866,  374,  245,  937,  459,   71,  717,  282,  705,  366,  153,  442,  572,  831,  497,  750,  365],
        [  920,    0,  337,  282,  913,  149,  534,  861,  353,  932,  211,  639,  489,  524,  863,  728,  598,  222,  358,  591,  824,   59,  818, 1068,  301,  843,  659,    0,  797,  943,  619,  283,  968,  477,  386,  387,  383,   53,  470,  438,  182,  399,  285,  914,  710,  315,  847,  474,  372,  912,  548,  138,  727,  280,  938,  698,  295,  418,  955,  737,  838,  829,  674,  688,  809,  150,  641,  438,  454,  724,  600,  216,  152,  571,  871,  549,  618,  326,  368,  833,  937,  512,  720,  729,  869,  173,  905,  760,  371,  539,  825,  602,  680,  425],
        [  456,    0, 1068,  634,  386,  937,  959,  206,  517,  303,  601,  716,  309,  844,  431,  955,  200,  793,  480,  270,  293,  750,  587,  358,  498,  839,  139,  797,    0,  872,  179,  613,  270,  451,  944,  428,  554,  850,  337,  939,  623,  410,  779,  807,   88,  486,  739,  639,  983,  231,  412,  929,  458,  999,  995,  287,  629,  752,  379,   88,  470,  821,  164,  332,  976,  724,  334, 1095, 1048,  767,  846,  760,  719,  397,  345,  545,  609,  995,  505,  183,  986,  551,   83,  781,  210,  838,  308,  123,  568,  662,  888,  571,  826,  488],
        [  479,    0,  930,  673,  553,  978,  554,  708,  996,  663,  920,  304,  823,  468,  470,  336,  821,  741,  950,  670,  597,  949,  286,  777,  811,  105,  839,  943,  872,    0,  815, 1033,  745,  579,  697,  901,  600,  970,  872,  636,  911,  884,  675,   67,  855,  863,  136,  475,  756,  724,  549,  981,  417,  887,  164,  590,  661,  535,  598,  909,  416,  116,  738,  548,  270,  793,  564,  838,  749,  219,  387,  734,  793, 1079,  567, 1188,  354,  825,  998,  714,  152,  474,  821,  216,  709,  814,  632,  750, 1070,  408,  159,  388,  285, 1039],
        [  481,    0,  893,  464,  429,  759,  811,  291,  358,  387,  425,  608,  132,  704,  438,  838,   24,  620,  316,  147,  321,  573,  545,  489,  320,  762,   44,  619,  179,  815,    0,  451,  389,  307,  780,  259,  395,  672,  169,  780,  447,  239,  612,  753,   94,  310,  679,  500,  815,  336,  290,  751,  404,  823,  916,  241,  461,  600,  445,  136,  458,  744,  101,  275,  873,  547,  252,  926,  884,  672,  718,  587,  543,  300,  381,  441,  505,  823,  348,  260,  907,  421,  103,  685,  298,  662,  375,  169,  419,  535,  800,  464,  715,  345],
        [  869,    0,  619,  388,  839,  425,  750,  735,   98,  824,  122,  741,  327,  701,  815,  898,  427,  443,  136,  491,  734,  226,  836,  938,  225,  946,  480,  283,  613, 1033,  451,    0,  837,  469,  631,  194,  435,  325,  283,  670,  144,  216,  484,  988,  527,  182,  913,  570,  633,  783,  523,  414,  712,  561, 1070,  618,  397,  577,  869,  537,  809,  928,  535,  626,  967,  336,  581,  713,  716,  828,  760,  419,  333,  302,  791,  267,  680,  599,  112,  704, 1067,  560,  550,  837,  742,  429,  805,  616,   88,  636,  949,  649,  816,  154],
        [  269,    0, 1187,  745,  193, 1093,  989,  107,  746,   83,  796,  686,  511,  865,  278,  919,  412,  906,  702,  378,  182,  930,  471,  102,  674,  743,  368,  968,  270,  745,  389,  837,    0,  527, 1019,  644,  643, 1019,  556,  997,  813,  623,  873,  679,  333,  681,  627,  675, 1069,   57,  462, 1087,  390, 1119,  893,  290,  736,  803,  154,  355,  335,  728,  304,  320,  916,  863,  356, 1183, 1120,  707,  841,  876,  859,  660,  183,  808,  587, 1098,  737,  136,  882,  582,  299,  721,  100,  966,  116,  222,  807,  670,  807,  557,  789,  732],
        [  443,    0,  660,  221,  440,  582,  509,  425,  420,  475,  370,  319,  260,  398,  386,  537,  301,  379,  373,  182,  361,  455,  368,  621,  245,  503,  347,  477,  451,  579,  307,  469,  527,    0,  502,  323,  116,  523,  302,  490,  371,  306,  348,  528,  387,  290,  451,  194,  547,  473,   72,  578,  255,  592,  647,  239,  211,  301,  486,  438,  363,  485,  288,  218,  581,  349,  175,  661,  605,  396,  413,  350,  345,  513,  401,  611,  230,  572,  421,  404,  640,  121,  371,  408,  432,  442,  444,  360,  495,  233,  525,  192,  420,  461],
        [  869,    0,  234,  319,  896,  334,  168,  922,  666,  957,  519,  433,  679,  230,  818,  401,  766,  191,  646,  679,  842,  428,  691, 1106,  514,  593,  823,  386,  944,  697,  780,  631, 1019,  502,    0,  642,  392,  380,  691,   66,  491,  642,  171,  692,  870,  562,  647,  351,   61,  968,  560,  342,  666,  198,  637,  732,  320,  221,  948,  915,  772,  584,  785,  700,  489,  297,  665,  167,  105,  494,  310,  219,  301,  863,  868,  887,  481,  130,  678,  902,  640,  440,  862,  492,  928,  213,  923,  861,  711,  379,  548,  491,  412,  739],
        [  684,    0,  697,  337,  650,  534,  723,  541,  110,  630,  178,  630,  133,  644,  632,  823,  236,  457,   62,  303,  544,  334,  675,  745,  130,  824,  292,  387,  428,  901,  259,  194,  644,  323,  642,    0,  333,  438,   92,  662,  205,   22,  474,  849,  341,   81,  773,  472,  661,  589,  362,  524,  543,  630,  962,  431,  341,  522,  677,  358,  632,  806,  342,  444,  880,  359,  401,  760,  740,  712,  687,  425,  355,  224,  602,  292,  550,  649,  106,  510,  957,  434,  360,  723,  549,  475,  612,  423,  183,  531,  840,  514,  721,  139],
        [  545,    0,  545,  110,  549,  476,  419,  540,  410,  590,  321,  308,  315,  321,  488,  490,  384,  265,  369,  289,  475,  371,  437,  736,  220,  511,  437,  383,  554,  600,  395,  435,  643,  116,  392,  333,    0,  425,  344,  386,  313,  322,  233,  559,  483,  275,  486,  141,  434,  589,  184,  472,  346,  477,  639,  354,   98,  208,  597,  530,  458,  494,  394,  331,  548,  244,  289,  548,  496,  394,  356,  236,  241,  547,  513,  623,  251,  457,  415,  518,  634,  133,  472,  403,  547,  329,  558,  470,  480,  204,  517,  226,  390,  466],
        [  965,    0,  300,  320,  961,  101,  536,  912,  400,  982,  262,  668,  541,  538,  908,  741,  650,  236,  407,  642,  873,  106,  857, 1119,  353,  869,  711,   53,  850,  970,  672,  325, 1019,  523,  380,  438,  425,    0,  522,  436,  233,  451,  302,  944,  763,  367,  879,  507,  358,  963,  595,   90,  770,  249,  957,  747,  333,  440, 1004,  789,  882,  855,  726,  736,  824,  185,  690,  412,  438,  751,  617,  237,  187,  618,  919,  589,  654,  304,  415,  885,  957,  551,  773,  755,  920,  174,  954,  812,  412,  570,  847,  639,  702,  471],
        [  614,    0,  769,  376,  574,  615,  754,  455,  191,  547,  266,  620,   55,  664,  564,  829,  145,  513,  148,  235,  466,  419,  629,  657,  185,  803,  200,  470,  337,  872,  169,  283,  556,  302,  691,   92,  344,  522,    0,  705,  291,   74,  521,  817,  250,  156,  740,  476,  717,  502,  325,  606,  491,  700,  948,  360,  377,  546,  598,  269,  571,  784,  256,  380,  879,  424,  341,  821,  793,  697,  697,  481,  420,  211,  525,  321,  530,  712,  182,  424,  942,  422,  269,  709,  462,  541,  531,  334,  257,  528,  827,  491,  718,  191],
        [  833,    0,  297,  330,  864,  397,  104,  903,  696,  932,  553,  383,  688,  174,  783,  336,  768,  228,  673,  671,  818,  476,  647, 1081,  533,  533,  823,  438,  939,  636,  780,  670,  997,  490,   66,  662,  386,  436,  705,    0,  527,  660,  191,  635,  869,  585,  593,  323,  122,  947,  543,  404,  633,  264,  573,  712,  329,  194,  918,  915,  735,  525,  778,  678,  424,  334,  646,  210,  128,  438,  250,  252,  337,  885,  839,  920,  441,  194,  707,  885,  576,  415,  857,  435,  909,  265,  897,  849,  746,  341,  485,  456,  353,  768],
        [  801,    0,  505,  249,  782,  330,  607,  707,  182,  786,   31,  613,  315,  558,  744,  757,  425,  301,  178,  442,  685,  129,  737,  914,  142,  820,  485,  182,  623,  911,  447,  144,  813,  371,  491,  205,  313,  233,  291,  527,    0,  218,  341,  871,  536,  138,  798,  440,  497,  757,  436,  320,  624,  441,  938,  561,  260,  436,  819,  559,  730,  803,  512,  559,  829,  194,  512,  585,  580,  700,  621,  276,  191,  395,  737,  398,  563,  471,  195,  677,  935,  444,  549,  708,  714,  296,  762,  598,  221,  507,  818,  536,  681,  256],
        [  662,    0,  705,  333,  628,  545,  718,  520,  132,  609,  193,  616,  112,  636,  610,  812,  216,  459,   84,  281,  522,  347,  656,  724,  129,  808,  273,  399,  410,  884,  239,  216,  623,  306,  642,   22,  322,  451,   74,  660,  218,    0,  473,  832,  323,   87,  755,  461,  663,  568,  343,  536,  522,  637,  948,  409,  336,  515,  655,  342,  611,  790,  320,  422,  868,  364,  380,  764,  741,  697,  677,  426,  359,  229,  580,  307,  534,  653,  127,  489,  942,  419,  341,  708,  527,  480,  591,  402,  205,  518,  826,  498,  708,  157],
        [  752,    0,  319,  148,  768,  305,  267,  772,  507,  817,  366,  378,  509,  239,  697,  443,  597,   67,  483,  519,  702,  310,  601,  965,  345,  572,  655,  285,  779,  675,  612,  484,  873,  348,  171,  474,  233,  302,  521,  191,  341,  473,    0,  654,  703,  395,  595,  238,  205,  820,  412,  307,  547,  254,  656,  584,  151,  141,  817,  746,  658,  559,  623,  558,  525,  153,  518,  317,  274,  457,  316,   71,  155,  696,  735,  730,  387,  226,  517,  750,  656,  313,  697,  460,  779,  140,  785,  702,  559,  290,  547,  385,  401,  578],
        [  414,    0,  924,  639,  487,  958,  560,  642,  947,  597,  878,  277,  767,  462,  403,  358,  760,  719,  900,  610,  530,  916,  220,  712,  765,  112,  777,  914,  807,   67,  753,  988,  679,  528,  692,  849,  559,  944,  817,  635,  871,  832,  654,    0,  792,  815,   77,  441,  753,  658,  493,  960,  353,  877,  222,  526,  626,  515,  533,  845,  350,  113,  674,  485,  304,  764,  502,  841,  752,  200,  385,  710,  763, 1022,  501, 1135,  309,  818,  948,  647,  211,  429,  756,  201,  643,  793,  566,  684, 1021,  375,  184,  339,  283,  988],
        [  476,    0,  986,  556,  413,  851,  895,  248,  431,  348,  513,  673,  222,  784,  441,  908,  113,  713,  393,  212,  309,  663,  576,  428,  412,  812,   52,  710,   88,  855,   94,  527,  333,  387,  870,  341,  483,  763,  250,  869,  536,  323,  703,  792,    0,  399,  720,  579,  907,  286,  359,  843,  439,  916,  968,  266,  552,  685,  418,   55,  472,  794,  119,  308,  937,  641,  298, 1018,  975,  730,  793,  680,  636,  329,  368,  476,  567,  916,  420,  219,  959,  496,   40,  744,  254,  756,  345,  132,  485,  608,  856,  527,  781,  406],
        [  691,    0,  618,  263,  665,  460,  648,  576,  136,  659,  116,  581,  178,  575,  636,  760,  288,  376,   95,  318,  563,  265,  656,  783,   57,  780,  347,  315,  486,  863,  310,  182,  681,  290,  562,   81,  275,  367,  156,  585,  138,   87,  395,  815,  399,    0,  739,  415,  581,  625,  343,  450,  531,  550,  913,  442,  268,  452,  698,  423,  628,  762,  378,  448,  822,  278,  402,  680,  660,  665,  623,  345,  274,  302,  618,  351,  510,  568,  140,  546,  908,  390,  412,  675,  583,  394,  637,  463,  208,  478,  790,  476,  665,  194],
        [  368,    0,  877,  570,  437,  899,  527,  581,  871,  545,  804,  219,  690,  420,  350,  349,  685,  659,  824,  535,  469,  847,  158,  668,  690,  120,  703,  847,  739,  136,  679,  913,  627,  451,  647,  773,  486,  879,  740,  593,  798,  755,  595,   77,  720,  739,    0,  374,  708,  601,  416,  900,  282,  826,  267,  455,  557,  457,  486,  774,  293,  110,  602,  413,  313,  697,  428,  802,  715,  156,  348,  647,  696,  946,  445, 1058,  236,  770,  872,  584,  256,  355,  686,  162,  583,  734,  512,  616,  945,  310,  192,  264,  251,  911],
        [  521,    0,  551,  199,  546,  533,  322,  582,  550,  610,  452,  174,  441,  206,  469,  353,  493,  296,  509,  370,  496,  475,  364,  759,  360,  381,  540,  474,  639,  475,  500,  570,  675,  194,  351,  472,  141,  507,  476,  323,  440,  461,  238,  441,  579,  415,  374,    0,  405,  626,  229,  533,  317,  489,  501,  392,  186,  130,  598,  631,  425,  364,  475,  357,  408,  324,  327,  517,  447,  261,  222,  279,  323,  683,  518,  763,  150,  449,  555,  566,  497,   94,  561,  269,  588,  371,  575,  539,  619,   68,  379,  147,  250,  606],
        [  926,    0,  176,  352,  950,  299,  219,  970,  676, 1009,  526,  494,  709,  291,  873,  455,  800,  205,  661,  722,  894,  420,  751, 1158,  536,  653,  858,  372,  983,  756,  815,  633, 1069,  547,   61,  661,  434,  358,  717,  122,  497,  663,  205,  753,  907,  581,  708,  405,    0, 1017,  608,  308,  722,  148,  693,  780,  355,  278, 1002,  950,  829,  644,  827,  751,  543,  307,  714,  114,   83,  554,  370,  237,  311,  880,  921,  894,  539,   75,  689,  950,  696,  493,  901,  552,  977,  206,  975,  904,  716,  437,  606,  548,  472,  750],
        [  258,    0, 1133,  690,  181, 1037,  942,   51,  692,   76,  740,  646,  457,  818,  255,  881,  359,  851,  648,  321,  140,  874,  444,  158,  617,  715,  318,  912,  231,  724,  336,  783,   57,  473,  968,  589,  589,  963,  502,  947,  757,  568,  820,  658,  286,  625,  601,  626, 1017,    0,  409, 1031,  351, 1064,  867,  237,  681,  753,  157,  313,  309,  700,  248,  270,  882,  807,  304, 1131, 1069,  672,  798,  821,  803,  614,  158,  761,  544, 1045,  683,   80,  857,  533,  250,  685,   43,  910,   96,  168,  754,  624,  777,  513,  750,  680],
        [  372,    0,  728,  291,  369,  654,  551,  363,  466,  407,  432,  318,  275,  433,  315,  550,  289,  448,  417,  147,  292,  525,  315,  554,  303,  483,  325,  548,  412,  549,  290,  523,  462,   72,  560,  362,  184,  595,  325,  543,  436,  343,  412,  493,  359,  343,  416,  229,  608,  409,    0,  650,  190,  660,  633,  173,  281,  350,  414,  412,  295,  464,  249,  148,  583,  421,  107,  722,  662,  385,  436,  419,  417,  532,  330,  643,  217,  637,  465,  343,  625,  139,  337,  398,  369,  512,  375,  310,  541,  251,  514,  176,  425,  499],
        [ 1016,    0,  219,  363, 1018,   13,  507,  981,  489, 1046,  349,  683,  622,  530,  960,  727,  730,  242,  496,  710,  935,  195,  893, 1186,  432,  878,  791,  138,  929,  981,  751,  414, 1087,  578,  342,  524,  472,   90,  606,  404,  320,  536,  307,  960,  843,  450,  900,  533,  308, 1031,  650,    0,  817,  178,  953,  809,  375,  447, 1063,  872,  929,  865,  799,  794,  813,  230,  749,  342,  382,  763,  611,  255,  233,  707,  978,  677,  683,  244,  504,  954,  953,  589,  851,  765,  988,  167, 1017,  885,  502,  592,  848,  673,  704,  560],
        [  206,    0,  864,  454,  233,  820,  610,  319,  650,  314,  621,  297,  437,  485,  152,  531,  413,  595,  600,  265,  211,  708,  142,  459,  492,  382,  425,  727,  458,  417,  404,  712,  390,  255,  666,  543,  346,  770,  491,  633,  624,  522,  547,  353,  439,  531,  282,  317,  722,  351,  190,  817,    0,  801,  538,  174,  442,  445,  286,  492,  113,  365,  321,  132,  535,  590,  154,  833,  760,  323,  453,  572,  587,  686,  213,  811,  201,  765,  648,  316,  528,  235,  404,  337,  323,  666,  278,  336,  724,  294,  436,  178,  400,  676],
        [ 1005,    0,   70,  375, 1020,  167,  365, 1015,  621, 1066,  471,  608,  704,  421,  951,  599,  805,  213,  616,  753,  952,  336,  850, 1213,  516,  783,  866,  280,  999,  887,  823,  561, 1119,  592,  198,  630,  477,  249,  700,  264,  441,  637,  254,  877,  916,  550,  826,  489,  148, 1064,  660,  178,  801,    0,  834,  831,  383,  374, 1070,  953,  911,  773,  852,  807,  687,  278,  766,  165,  210,  678,  503,  244,  282,  835,  986,  827,  635,   74,  635,  992,  837,  566,  917,  677, 1022,  161, 1034,  935,  648,  535,  742,  636,  603,  695],
        [  632,    0,  867,  690,  703,  948,  477,  846, 1048,  811,  952,  333,  903,  423,  616,  240,  918,  722, 1005,  769,  734,  953,  424,  931,  858,  157,  945,  938,  995,  164,  916, 1070,  893,  647,  637,  962,  639,  957,  948,  573,  938,  948,  656,  222,  968,  913,  267,  501,  693,  867,  633,  953,  538,  834,    0,  708,  679,  521,  750, 1022,  559,  174,  849,  664,  153,  793,  671,  758,  669,  251,  342,  723,  793, 1158,  712, 1254,  419,  766, 1052,  848,   12,  529,  936,  240,  848,  790,  778,  873, 1118,  436,  123,  459,  259, 1099],
        [  255,    0,  899,  459,  223,  814,  712,  191,  540,  238,  550,  437,  306,  590,  205,  676,  254,  618,  491,  128,  127,  667,  310,  382,  419,  552,  256,  698,  287,  590,  241,  618,  290,  239,  732,  431,  354,  747,  360,  712,  561,  409,  584,  526,  266,  442,  455,  392,  780,  237,  173,  809,  174,  831,  708,    0,  449,  518,  259,  319,  218,  534,  150,   45,  692,  582,   67,  894,  833,  481,  578,  588,  578,  536,  177,  671,  330,  809,  535,  174,  699,  299,  231,  495,  197,  680,  208,  167,  612,  398,  601,  294,  546,  551],
        [  642,    0,  452,   14,  647,  378,  382,  633,  395,  686,  276,  359,  360,  309,  586,  501,  446,  170,  362,  372,  572,  290,  525,  831,  213,  566,  504,  295,  629,  661,  461,  397,  736,  211,  320,  341,   98,  333,  377,  329,  260,  336,  151,  626,  552,  268,  557,  186,  355,  681,  281,  375,  442,  383,  679,  449,    0,  185,  694,  595,  555,  549,  475,  428,  570,  149,  385,  467,  424,  446,  364,  140,  147,  564,  610,  617,  325,  369,  403,  609,  676,  218,  547,  453,  640,  232,  655,  555,  457,  254,  559,  308,  421,  460],
        [  649,    0,  431,  192,  675,  445,  212,  709,  579,  739,  456,  239,  521,  125,  597,  322,  590,  207,  546,  482,  625,  434,  478,  888,  396,  432,  642,  418,  752,  535,  600,  577,  803,  301,  221,  522,  208,  440,  546,  194,  436,  515,  141,  515,  685,  452,  457,  130,  278,  753,  350,  447,  445,  374,  521,  518,  185,    0,  728,  734,  552,  419,  589,  484,  398,  274,  452,  388,  318,  317,  187,  203,  274,  743,  648,  801,  264,  327,  587,  691,  520,  222,  671,  319,  715,  280,  705,  658,  641,  162,  408,  271,  263,  644],
        [  120,    0, 1136,  705,   55, 1067,  896,  174,  786,   81,  807,  576,  547,  770,  145,  798,  466,  859,  738,  380,  135,  925,  335,  183,  678,  605,  438,  955,  379,  598,  445,  869,  154,  486,  948,  677,  597, 1004,  598,  918,  819,  655,  817,  533,  418,  698,  486,  598, 1002,  157,  414, 1063,  286, 1070,  750,  259,  694,  728,    0,  454,  202,  591,  346,  269,  786,  834,  315, 1114, 1044,  583,  735,  832,  830,  740,   85,  885,  486, 1040,  779,  200,  739,  509,  379,  596,  170,  925,   73,  287,  854,  580,  672,  464,  672,  786],
        [  520,    0, 1023,  599,  455,  880,  944,  282,  439,  381,  534,  727,  251,  835,  489,  962,  150,  753,  406,  265,  354,  687,  629,  445,  442,  867,   93,  737,   88,  909,  136,  537,  355,  438,  915,  358,  530,  789,  269,  915,  559,  342,  746,  845,   55,  423,  774,  631,  950,  313,  412,  872,  492,  953, 1022,  319,  595,  734,  454,    0,  522,  849,  173,  361,  991,  676,  352, 1059, 1019,  785,  846,  720,  672,  310,  411,  458,  622,  956,  427,  255, 1013,  548,   90,  799,  287,  792,  382,  175,  486,  661,  911,  581,  836,  405],
        [   99,    0,  974,  567,  149,  932,  704,  293,  741,  253,  725,  378,  516,  579,   59,  596,  472,  707,  691,  337,  183,  818,  137,  385,  594,  409,  470,  838,  470,  416,  458,  809,  335,  363,  772,  632,  458,  882,  571,  735,  730,  611,  658,  350,  472,  628,  293,  425,  829,  309,  295,  929,  113,  911,  559,  218,  555,  552,  202,  522,    0,  394,  363,  191,  585,  702,  231,  938,  863,  381,  538,  684,  699,  753,  153,  886,  295,  874,  737,  300,  549,  346,  433,  394,  294,  779,  220,  350,  814,  395,  474,  281,  470,  760],
        [  475,    0,  818,  562,  541,  863,  448,  676,  897,  647,  813,  191,  738,  355,  452,  248,  747,  625,  852,  597,  564,  836,  258,  774,  709,   19,  772,  829,  821,  116,  744,  928,  728,  485,  584,  806,  494,  855,  784,  525,  803,  790,  559,  113,  794,  762,  110,  364,  644,  700,  464,  865,  365,  773,  174,  534,  549,  419,  591,  849,  394,    0,  676,  490,  204,  679,  497,  730,  641,  105,  275,  619,  679,  994,  546, 1096,  256,  712,  900,  677,  165,  373,  762,  100,  678,  698,  613,  700,  969,  297,   83,  294,  173,  944],
        [  381,    0,  922,  481,  329,  806,  795,  200,  447,  291,  494,  558,  209,  681,  340,  795,  121,  643,  401,  107,  220,  632,  460,  405,  375,  694,  107,  674,  164,  738,  101,  535,  304,  288,  785,  342,  394,  726,  256,  778,  512,  320,  623,  674,  119,  378,  602,  475,  827,  248,  249,  799,  321,  852,  849,  150,  475,  589,  346,  173,  363,  676,    0,  190,  820,  583,  179,  940,  890,  613,  684,  610,  579,  400,  280,  542,  451,  844,  438,  169,  841,  388,   89,  627,  208,  693,  277,   87,  511,  499,  738,  412,  667,  441],
        [  244,    0,  874,  438,  226,  799,  674,  227,  554,  260,  551,  393,  326,  551,  189,  632,  286,  595,  504,  147,  145,  660,  271,  408,  420,  508,  294,  688,  332,  548,  275,  626,  320,  218,  700,  444,  331,  736,  380,  678,  559,  422,  558,  485,  308,  448,  413,  357,  751,  270,  148,  794,  132,  807,  664,   45,  428,  484,  269,  361,  191,  490,  190,    0,  648,  566,   48,  864,  800,  437,  537,  567,  562,  565,  184,  695,  287,  783,  549,  213,  655,  263,  273,  451,  233,  659,  228,  212,  626,  358,  557,  251,  502,  570],
        [  672,    0,  717,  580,  734,  808,  326,  853,  956,  835,  846,  266,  839,  287,  644,   89,  872,  589,  916,  728,  743,  830,  452,  969,  766,  197,  907,  809,  976,  270,  873,  967,  916,  581,  489,  880,  548,  824,  879,  424,  829,  868,  525,  304,  937,  822,  313,  408,  543,  882,  583,  813,  535,  687,  153,  692,  570,  398,  786,  991,  585,  204,  820,  648,    0,  670,  643,  606,  517,  213,  211,  594,  670, 1088,  733, 1171,  370,  617,  962,  850,  158,  460,  909,  199,  857,  653,  801,  859, 1023,  351,  123,  410,  161, 1013],
        [  788,    0,  347,  137,  789,  234,  418,  757,  370,  819,  222,  490,  427,  387,  731,  591,  529,  107,  355,  488,  707,  161,  673,  961,  240,  694,  589,  150,  724,  793,  547,  336,  863,  349,  297,  359,  244,  185,  424,  334,  194,  364,  153,  764,  641,  278,  697,  324,  307,  807,  421,  230,  590,  278,  793,  582,  149,  274,  834,  676,  702,  679,  583,  566,  670,    0,  520,  402,  388,  575,  459,   84,    5,  574,  749,  591,  470,  290,  382,  731,  792,  367,  643,  580,  765,  118,  789,  667,  415,  389,  678,  455,  534,  444],
