{
    "name": "random-81-20995",
    "comment": "size=81 seed=20995",
    "nodes": ["+0", "-0", "+1", "-1", "+2", "-2", "+3", "-3", "+4", "-4", "+5", "-5", "+6", "-6", "+7", "-7", "+8", "-8", "+9", "-9", "+10", "-10", "+11", "-11", "+12", "-12", "+13", "-13", "+14", "-14", "+15", "-15", "+16", "-16", "+17", "-17", "+18", "-18", "+19", "-19", "+20", "-20", "+21", "-21", "+22", "-22", "+23", "-23", "+24", "-24", "+25", "-25", "+26", "-26", "+27", "-27", "+28", "-28", "+29", "-29", "+30", "-30", "+31", "-31", "+32", "-32", "+33", "-33", "+34", "-34", "+35", "-35", "+36", "-36", "+37", "-37", "+38", "-38", "+39", "-39", "+40", "-40", "+41", "-41", "+42", "-42", "+43", "-43", "+44", "-44", "+45", "-45", "+46", "-46", "+47", "-47", "+48", "-48", "+49", "-49", "+50", "-50", "+51", "-51", "+52", "-52", "+53", "-53", "+54", "-54", "+55", "-55", "+56", "-56", "+57", "-57", "+58", "-58", "+59", "-59", "+60", "-60", "+61", "-61", "+62", "-62", "+63", "-63", "+64", "-64", "+65", "-65", "+66", "-66", "+67", "-67", "+68", "-68", "+69", "-69", "+70", "-70", "+71", "-71", "+72", "-72", "+73", "-73", "+74", "-74", "+75", "-75", "+76", "-76", "+77", "-77", "+78", "-78", "+79", "-79", "+80", "-80", "+81", "-81"],
    "precedence": {
        "+0": "-0",
        "+1": "-1",
        "+2": "-2",
        "+3": "-3",
        "+4": "-4",
        "+5": "-5",
        "+6": "-6",
        "+7": "-7",
        "+8": "-8",
        "+9": "-9",
        "+10": "-10",
        "+11": "-11",
        "+12": "-12",
        "+13": "-13",
        "+14": "-14",
        "+15": "-15",
        "+16": "-16",
        "+17": "-17",
        "+18": "-18",
        "+19": "-19",
        "+20": "-20",
        "+21": "-21",
        "+22": "-22",
        "+23": "-23",
        "+24": "-24",
        "+25": "-25",
        "+26": "-26",
        "+27": "-27",
        "+28": "-28",
        "+29": "-29",
        "+30": "-30",
        "+31": "-31",
        "+32": "-32",
        "+33": "-33",
        "+34": "-34",
        "+35": "-35",
        "+36": "-36",
        "+37": "-37",
        "+38": "-38",
        "+39": "-39",
        "+40": "-40",
        "+41": "-41",
        "+42": "-42",
        "+43": "-43",
        "+44": "-44",
        "+45": "-45",
        "+46": "-46",
        "+47": "-47",
        "+48": "-48",
        "+49": "-49",
        "+50": "-50",
        "+51": "-51",
        "+52": "-52",
        "+53": "-53",
        "+54": "-54",
        "+55": "-55",
        "+56": "-56",
        "+57": "-57",
        "+58": "-58",
        "+59": "-59",
        "+60": "-60",
        "+61": "-61",
        "+62": "-62",
        "+63": "-63",
        "+64": "-64",
        "+65": "-65",
        "+66": "-66",
        "+67": "-67",
        "+68": "-68",
        "+69": "-69",
        "+70": "-70",
        "+71": "-71",
        "+72": "-72",
        "+73": "-73",
        "+74": "-74",
        "+75": "-75",
        "+76": "-76",
        "+77": "-77",
        "+78": "-78",
        "+79": "-79",
        "+80": "-80",
        "+81": "-81"
    },
    "edges": [
        [    0,    0,  311,  327,  448,  300,  328,  856,  854,  889,  541,  742,  740,  585,  539,  934,  514,  754,  597,  343,  156,  215,  568,  223,   17,  502,  334,  106,  274,  602,  263,  555,  979,  713,  407,  799,  754,  420,  768,  734,  466,  672,  247,  276,  404,  144,  267,  416,  833,  500,  723,  772,  548,  333,  811,  894,  736,  667,  723,   78,  521,   60,  867,  691,  662,  110,  456,  506,  819, 1053,  602,  160,  722,  350,  217,  901,  428,  430,  575,  744,  946,  962,  449,  438,  972,  988,  734,  879,  584,  212,  693,  681,  814,  852,  554,  354,  104,  823,  732,  711,   75,  334,  698,  155,  952,  622,  147,   39,  756,  910,  140,  478,  568,  656,  241,  408,  236,  212,  676,  256,  458,  562,  803,  830,  593,  976,  700,  788,  427,  587,  429,  552,  500,  647,  470,  231,  489,  567,  879, 1010,  479,  640,  176,  714,  728,  251,  164,  534,  952,  468,  562,  348,  282,  624,  495,  269,  732,  771,  705,  696, 1062,  953,  759,  525],
        [    0,    0,    0,    0,    0,    0,    0,    0,    0,    0,    0,    0,    0,    0,    0,    0,    0,    0,    0,    0,    0,    0,    0,    0,    0,    0,    0,    0,    0,    0,    0,    0,    0,    0,    0,    0,    0,    0,    0,    0,    0,    0,    0,    0,    0,    0,    0,    0,    0,    0,    0,    0,    0,    0,    0,    0,    0,    0,    0,    0,    0,    0,    0,    0,    0,    0,    0,    0,    0,    0,    0,    0,    0,    0,    0,    0,    0,    0,    0,    0,    0,    0,    0,    0,    0,    0,    0,    0,    0,    0,    0,    0,    0,    0,    0,    0,    0,    0,    0,    0,    0,    0,    0,    0,    0,    0,    0,    0,    0,    0,    0,    0,    0,    0,    0,    0,    0,    0,    0,    0,    0,    0,    0,    0,    0,    0,    0,    0,    0,    0,    0,    0,    0,    0,    0,    0,    0,    0,    0,    0,    0,    0,    0,    0,    0,    0,    0,    0,    0,    0,    0,    0,    0,    0,    0,    0,    0,    0,    0,    0,    0,    0,    0,    0],
        [  311,    0,    0,  189,  138,  299,  465,  556,  555,  587,  352,  489,  441,  584,  458,  635,  225,  444,  515,   40,  178,   97,  626,  401,  301,  206,   65,  345,  385,  336,  375,  257,  695,  452,  445,  533,  452,  359,  459,  466,  262,  453,  346,  254,  356,  371,  158,  527,  579,  413,  473,  485,  278,  281,  526,  587,  447,  496,  422,  280,  594,  263,  569,  439,  357,  202,  330,  202,  545,  813,  295,  328,  420,  198,  108,  591,  179,  120,  407,  596,  645,  652,  479,  309,  683,  706,  429,  581,  278,  332,  463,  605,  507,  550,  333,  403,  244,  595,  437,  447,  279,  350,  449,  324,  644,  329,  263,  288,  466,  625,  182,  358,  258,  572,  375,  414,  214,  247,  367,   89,  255,  276,  568,  530,  323,  675,  392,  493,  390,  327,  244,  468,  209,  358,  448,  321,  578,  657,  627,  720,  251,  623,  290,  404,  434,  405,  162,  578,  659,  178,  389,   41,  405,  483,  294,  190,  438,  483,  409,  426,  806,  702,  488,  237],
        [  327,    0,  189,    0,  259,  135,  324,  671,  673,  699,  216,  420,  564,  395,  273,  641,  384,  523,  332,  175,  276,  207,  445,  501,  312,  240,  135,  408,  249,  502,  242,  398,  668,  615,  269,  689,  568,  536,  548,  417,  140,  345,  217,  410,  168,  307,   64,  367,  509,  228,  641,  625,  246,  100,  505,  622,  438,  350,  444,  260,  417,  310,  574,  608,  471,  240,  516,  338,  504,  726,  408,  248,  445,  382,  237,  664,  132,  252,  257,  440,  756,  707,  298,  494,  813,  675,  537,  589,  397,  222,  639,  423,  604,  569,  228,  235,  319,  496,  569,  608,  261,  506,  618,  417,  728,  335,  362,  291,  602,  760,  198,  544,  364,  391,  254,  578,  102,  379,  428,  248,  133,  275,  476,  545,  487,  786,  487,  494,  563,  273,  102,  284,  231,  504,  260,  198,  406,  482,  554,  846,  159,  434,  400,  469,  567,  516,  178,  395,  782,  340,  242,  215,  529,  319,  168,  352,  440,  470,  419,  584,  737,  628,  643,  245],
        [  448,    0,  138,  259,    0,  390,  573,  426,  426,  456,  336,  407,  313,  637,  488,  509,  131,  307,  538,  110,  310,  234,  699,  519,  438,  109,  137,  477,  494,  249,  485,  139,  580,  358,  527,  431,  322,  408,  323,  373,  257,  400,  457,  345,  418,  502,  258,  624,  491,  447,  387,  368,  203,  358,  414,  454,  334,  472,  296,  415,  674,  399,  445,  355,  225,  339,  352,   80,  442,  727,  161,  454,  293,  250,  239,  453,  167,   19,  396,  578,  514,  515,  554,  334,  561,  592,  296,  455,  146,  450,  393,  623,  372,  421,  297,  493,  377,  526,  314,  351,  415,  432,  365,  449,  507,  219,  388,  425,  347,  506,  318,  377,  122,  589,  490,  482,  322,  358,  233,  209,  253,  181,  496,  403,  233,  545,  255,  373,  443,  255,  260,  495,  120,  245,  507,  434,  664,  740,  539,  596,  228,  666,  410,  268,  312,  518,  296,  649,  533,   97,  378,  101,  510,  478,  283,  283,  321,  370,  289,  326,  709,  612,  385,  147],
        [  300,    0,  299,  135,  390,    0,  191,  805,  807,  833,  282,  509,  698,  308,  240,  755,  511,  655,  297,  297,  317,  277,  331,  510,  284,  373,  259,  400,  121,  628,  117,  529,  769,  742,  149,  819,  703,  611,  682,  518,  239,  416,   98,  471,  104,  223,  142,  234,  594,  202,  766,  758,  366,   51,  614,  746,  553,  383,  568,  223,  296,  308,  690,  733,  605,  254,  606,  469,  604,  791,  542,  166,  570,  472,  306,  795,  263,  382,  298,  450,  890,  834,  185,  585,  947,  775,  671,  705,  530,  119,  760,  382,  738,  690,  317,  105,  335,  562,  702,  736,  225,  560,  743,  429,  860,  459,  387,  262,  735,  894,  216,  634,  498,  357,  135,  636,   95,  424,  560,  331,  233,  400,  548,  664,  613,  920,  621,  610,  632,  383,  201,  253,  363,  635,  178,   90,  280,  359,  634,  980,  270,  357,  426,  601,  700,  532,  209,  284,  916,  466,  290,  333,  554,  331,  255,  423,  558,  582,  541,  713,  814,  705,  773,  374],
        [  328,    0,  465,  324,  573,  191,    0,  993,  995, 1021,  449,  679,  884,  296,  333,  938,  687,  846,  374,  472,  421,  415,  248,  549,  315,  563,  437,  431,   80,  800,   91,  710,  942,  916,  140,  996,  890,  723,  872,  694,  423,  576,  120,  575,  235,  188,  316,   89,  757,  316,  937,  941,  554,  236,  794,  934,  737,  516,  757,  267,  198,  367,  874,  904,  792,  346,  737,  651,  778,  933,  729,  175,  759,  608,  439,  985,  453,  562,  447,  553, 1079, 1024,  170,  716, 1133,  947,  860,  889,  716,  141,  925,  434,  928,  876,  493,  117,  408,  711,  887,  911,  270,  650,  913,  482, 1050,  648,  461,  301,  919, 1078,  325,  763,  685,  421,   98,  726,  253,  516,  750,  473,  418,  590,  702,  850,  787, 1109,  811,  795,  737,  566,  387,  345,  553,  816,  233,  145,  164,  240,  793, 1167,  457,  354,  497,  791,  884,  578,  331,  224, 1103,  640,  444,  503,  609,  451,  434,  543,  745,  765,  729,  889,  967,  859,  951,  565],
        [  856,    0,  556,  671,  426,  805,  993,    0,   11,   35,  649,  546,  117, 1001,  837,  387,  344,  180,  870,  534,  704,  643, 1085,  863,  849,  437,  562,  860,  916,  288,  907,  301,  509,  233,  928,  196,  104,  632,  143,  493,  610,  623,  880,  666,  809,  925,  681, 1035,  576,  805,  262,  120,  483,  766,  432,  283,  400,  734,  329,  835, 1069,  801,  369,  267,  202,  751,  547,  354,  489,  756,  266,  879,  322,  551,  639,  160,  548,  440,  700,  829,   90,  240,  947,  546,  152,  524,  134,  364,  280,  874,  324,  937,   89,  324,  592,  902,  769,  661,  129,  226,  834,  714,  271,  814,  147,  398,  761,  839,  118,  125,  737,  554,  309,  905,  914,  723,  746,  710,  271,  601,  611,  437,  631,  335,  287,  120,  187,  374,  666,  505,  634,  839,  449,  217,  887,  857, 1065, 1134,  606,  179,  572, 1016,  769,  238,  134,  850,  717, 1035,  114,  389,  686,  515,  827,  775,  620,  625,  375,  410,  359,  215,  695,  650,  186,  447],
        [  854,    0,  555,  673,  426,  807,  995,   11,    0,   40,  654,  555,  115, 1006,  842,  397,  342,  187,  876,  535,  702,  642, 1089,  859,  848,  440,  563,  857,  917,  282,  908,  300,  520,  224,  931,  186,  105,  626,  150,  501,  614,  630,  881,  662,  812,  925,  683, 1038,  585,  809,  253,  112,  488,  769,  441,  294,  408,  741,  337,  834, 1072,  799,  379,  259,  203,  750,  541,  354,  498,  766,  267,  879,  330,  547,  637,  171,  551,  440,  706,  836,   92,  251,  951,  540,  147,  535,  137,  374,  281,  875,  315,  943,   97,  334,  597,  905,  766,  670,  125,  217,  833,  709,  263,  811,  156,  404,  758,  837,  111,  116,  736,  547,  310,  911,  915,  716,  747,  706,  277,  599,  615,  442,  640,  345,  282,  122,  191,  383,  659,  511,  637,  844,  453,  213,  891,  858, 1069, 1138,  616,  175,  576, 1021,  765,  244,  130,  845,  716, 1039,  110,  387,  692,  515,  822,  782,  625,  621,  383,  419,  367,  208,  706,  660,  177,  451],
        [  889,    0,  587,  699,  456,  833, 1021,   35,   40,    0,  670,  557,  150, 1024,  858,  380,  377,  197,  890,  565,  737,  676, 1109,  897,  882,  464,  592,  894,  945,  322,  936,  334,  503,  262,  954,  218,  136,  666,  162,  503,  634,  637,  909,  700,  834,  957,  711, 1062,  581,  827,  290,  151,  505,  793,  437,  277,  411,  750,  342,  867, 1094,  834,  368,  297,  232,  784,  580,  386,  494,  753,  296,  910,  336,  585,  672,  149,  574,  471,  719,  843,   58,  223,  973,  579,  137,  518,  162,  362,  311,  904,  352,  955,  104,  324,  612,  929,  802,  669,  163,  256,  866,  748,  301,  848,  122,  418,  795,  871,  151,  125,  769,  586,  338,  924,  943,  756,  776,  744,  292,  634,  635,  459,  639,  337,  321,   89,  213,  380,  699,  524,  659,  860,  475,  250,  911,  886, 1091, 1159,  610,  159,  596, 1036,  803,  256,  168,  884,  749, 1059,   95,  422,  706,  547,  860,  793,  643,  659,  386,  418,  373,  247,  690,  649,  214,  471],
        [  541,    0,  352,  216,  336,  282,  449,  649,  654,  670,    0,  231,  566,  357,  190,  498,  460,  474,  222,  318,  484,  407,  451,  713,  525,  245,  287,  623,  396,  573,  395,  449,  494,  669,  332,  727,  559,  709,  508,  248,   91,  135,  379,  602,  215,  499,  279,  450,  313,  165,  703,  642,  169,  233,  351,  511,  306,  145,  347,  471,  447,  525,  438,  674,  475,  455,  670,  400,  331,  515,  423,  440,  351,  546,  434,  591,  179,  342,   61,  247,  722,  610,  334,  650,  801,  499,  522,  453,  422,  399,  720,  297,  567,  448,   58,  333,  533,  285,  580,  660,  472,  699,  685,  630,  661,  252,  573,  504,  616,  760,  414,  697,  383,  264,  416,  765,  307,  581,  378,  433,   98,  215,  267,  422,  556,  750,  465,  362,  740,  147,  117,  191,  230,  542,  261,  371,  454,  509,  353,  827,  109,  367,  609,  415,  580,  726,  393,  404,  762,  432,   43,  357,  736,  144,   58,  539,  320,  327,  315,  633,  533,  424,  682,  217],
        [  742,    0,  489,  420,  407,  509,  679,  546,  555,  557,  231,    0,  500,  546,  389,  287,  495,  370,  394,  450,  655,  571,  654,  885,  728,  299,  434,  811,  625,  581,  624,  460,  264,  646,  558,  680,  483,  814,  407,   54,  281,  112,  606,  739,  445,  721,  476,  676,   92,  380,  684,  582,  213,  459,  144,  330,  147,  220,  220,  679,  659,  716,  238,  662,  430,  645,  756,  435,  106,  324,  404,  661,  227,  655,  592,  441,  321,  422,  241,  294,  599,  433,  555,  739,  694,  269,  447,  252,  414,  624,  720,  433,  458,  264,  195,  563,  713,  127,  522,  636,  680,  832,  673,  805,  511,  202,  744,  707,  556,  670,  606,  780,  381,  406,  644,  886,  519,  736,  301,  578,  288,  227,   95,  240,  565,  622,  394,  184,  850,  163,  320,  384,  290,  521,  478,  596,  672,  717,  139,  712,  263,  538,  776,  319,  525,  892,  583,  610,  651,  488,  239,  476,  893,  282,  257,  674,  172,  143,  192,  608,  321,  215,  640,  262],
        [  740,    0,  441,  564,  313,  698,  884,  117,  115,  150,  566,  500,    0,  911,  749,  405,  228,  141,  787,  421,  588,  527,  989,  750,  733,  338,  450,  744,  806,  185,  797,  185,  521,  170,  826,  182,   27,  531,  112,  446,  517,  560,  770,  554,  710,  811,  571,  930,  546,  714,  208,   83,  397,  662,  408,  306,  358,  666,  283,  719,  970,  685,  368,  199,   95,  635,  447,  240,  463,  750,  157,  766,  276,  438,  523,  218,  447,  327,  621,  766,  206,  301,  848,  443,  249,  536,   55,  368,  169,  763,  262,  860,  107,  324,  510,  798,  653,  622,   28,  160,  718,  607,  207,  700,  238,  324,  646,  723,   58,  199,  621,  456,  201,  827,  803,  621,  635,  596,  202,  485,  517,  351,  591,  326,  180,  236,  107,  348,  566,  428,  536,  752,  351,  105,  791,  746,  964, 1036,  583,  283,  479,  930,  655,  182,   34,  738,  602,  938,  220,  273,  605,  400,  717,  700,  530,  511,  332,  377,  308,  139,  699,  637,  146,  354],
        [  585,    0,  584,  395,  637,  308,  296, 1001, 1006, 1024,  357,  546,  911,    0,  167,  832,  767,  829,  154,  569,  624,  581,  115,  805,  569,  575,  529,  690,  316,  886,  326,  770,  798,  993,  179, 1061,  908,  916,  863,  582,  395,  435,  338,  778,  228,  465,  434,  227,  600,  198, 1023,  984,  519,  306,  686,  861,  655,  333,  702,  510,  141,  606,  778,  991,  818,  559,  906,  713,  651,  720,  760,  427,  706,  771,  611,  947,  474,  635,  316,  318, 1077,  962,  137,  885, 1152,  799,  872,  793,  755,  374, 1028,  161,  921,  795,  415,  231,  638,  527,  922,  985,  513,  867, 1002,  728, 1017,  608,  691,  550,  959, 1109,  523,  934,  717,  165,  351,  943,  402,  731,  733,  632,  396,  565,  531,  769,  870, 1105,  816,  709,  939,  503,  380,  168,  562,  872,  136,  355,  173,  182,  623, 1180,  433,   59,  730,  770,  922,  830,  516,   89, 1115,  727,  325,  610,  855,  266,  382,  729,  672,  671,  670,  959,  771,  673, 1014,  558],
        [  539,    0,  458,  273,  488,  240,  333,  837,  842,  858,  190,  389,  749,  167,    0,  672,  618,  663,   60,  436,  537,  478,  267,  746,  523,  417,  397,  638,  311,  736,  316,  616,  648,  840,  195,  904,  745,  809,  697,  421,  237,  278,  313,  680,  136,  450,  327,  304,  452,   46,  871,  823,  355,  212,  525,  696,  490,  191,  535,  462,  270,  544,  616,  840,  657,  484,  787,  562,  494,  604,  601,  398,  540,  654,  508,  780,  322,  489,  151,  222,  911,  796,  177,  766,  988,  650,  708,  631,  597,  346,  881,  151,  756,  631,  248,  224,  566,  391,  761,  832,  465,  775,  851,  663,  851,  442,  616,  501,  798,  946,  443,  815,  558,  121,  342,  848,  317,  644,  567,  521,  239,  400,  388,  605,  719,  939,  652,  545,  836,  337,  229,   14,  402,  716,  102,  319,  286,  329,  481, 1015,  272,  182,  655,  604,  761,  766,  430,  222,  950,  582,  159,  477,  784,  122,  219,  624,  506,  507,  503,  805,  644,  540,  857,  396],
        [  934,    0,  635,  641,  509,  755,  938,  387,  397,  380,  498,  287,  405,  832,  672,    0,  530,  272,  680,  598,  813,  731,  938, 1027,  921,  433,  600,  980,  875,  562,  871,  479,  123,  575,  829,  571,  379,  879,  294,  252,  517,  397,  850,  849,  709,  946,  684,  947,  257,  658,  612,  475,  396,  706,  148,  105,  204,  505,  214,  883,  940,  894,   67,  603,  388,  826,  802,  490,  184,  376,  408,  888,  217,  742,  743,  233,  514,  528,  522,  568,  401,  182,  831,  792,  505,  138,  356,   55,  426,  861,  666,  717,  313,   92,  447,  825,  879,  351,  433,  565,  883,  928,  611,  956,  287,  313,  895,  904,  455,  505,  795,  819,  415,  692,  888,  964,  740,  867,  288,  716,  522,  373,  330,  107,  550,  414,  332,  148,  915,  373,  555,  667,  434,  480,  756,  835,  950, 1000,  265,  509,  486,  824,  918,  266,  438, 1026,  771,  893,  462,  549,  516,  606, 1016,  569,  505,  789,  203,  174,  229,  542,  310,  283,  546,  410],
        [  514,    0,  225,  384,  131,  511,  687,  344,  342,  377,  460,  495,  228,  767,  618,  530,    0,  279,  668,  216,  361,  304,  827,  531,  508,  220,  253,  517,  607,  120,  597,   53,  621,  232,  652,  310,  245,  350,  279,  452,  385,  509,  569,  337,  546,  593,  373,  744,  570,  577,  258,  262,  311,  483,  466,  453,  391,  592,  332,  498,  800,  458,  472,  225,  163,  411,  276,   63,  506,  802,  123,  552,  327,  222,  297,  415,  296,  133,  521,  698,  433,  489,  680,  264,  462,  635,  232,  479,  104,  557,  263,  752,  314,  438,  417,  615,  425,  620,  219,  225,  497,  404,  236,  475,  454,  293,  420,  498,  244,  401,  401,  296,  121,  718,  599,  435,  434,  372,  244,  258,  382,  277,  588,  427,  104,  463,  215,  414,  386,  361,  390,  625,  234,  135,  636,  544,  788,  865,  616,  499,  355,  797,  430,  265,  215,  521,  383,  777,  440,   49,  503,  186,  504,  604,  410,  287,  371,  424,  337,  203,  772,  685,  264,  254],
        [  754,    0,  444,  523,  307,  655,  846,  180,  187,  197,  474,  370,  141,  829,  663,  272,  279,    0,  694,  414,  612,  540,  917,  805,  745,  283,  433,  778,  771,  292,  764,  227,  383,  308,  768,  320,  119,  621,   38,  316,  444,  443,  738,  614,  647,  802,  545,  879,  409,  634,  347,  221,  312,  612,  268,  180,  224,  555,  151,  720,  904,  705,  229,  334,  122,  645,  541,  257,  324,  609,  160,  750,  144,  500,  543,  147,  393,  325,  523,  650,  248,  213,  784,  533,  331,  398,   88,  230,  180,  738,  397,  759,   94,  186,  416,  747,  680,  489,  168,  298,  720,  682,  343,  743,  206,  222,  684,  731,  197,  301,  623,  556,  188,  727,  774,  710,  608,  644,   98,  509,  446,  267,  458,  186,  281,  276,   66,  208,  658,  329,  471,  664,  293,  209,  720,  717,  904,  969,  444,  355,  406,  841,  700,   60,  173,  797,  601,  867,  291,  310,  510,  407,  782,  597,  450,  561,  199,  240,  181,  274,  559,  496,  287,  284],
        [  597,    0,  515,  332,  538,  297,  374,  870,  876,  890,  222,  394,  787,  154,   60,  680,  668,  694,    0,  491,  597,  537,  265,  805,  581,  460,  453,  696,  361,  784,  366,  662,  645,  885,  234,  947,  781,  867,  729,  432,  283,  283,  366,  740,  194,  504,  386,  333,  448,  105,  918,  863,  391,  271,  535,  713,  509,  180,  560,  520,  280,  603,  628,  887,  696,  544,  844,  610,  499,  578,  643,  453,  565,  711,  567,  804,  372,  540,  172,  182,  941,  815,  208,  823, 1022,  646,  744,  643,  640,  400,  930,   91,  787,  647,  279,  271,  626,  376,  801,  877,  522,  835,  898,  723,  875,  473,  676,  559,  838,  982,  503,  872,  601,   61,  392,  908,  376,  703,  600,  580,  286,  437,  378,  621,  767,  969,  687,  561,  894,  366,  280,   48,  446,  760,  143,  374,  302,  331,  471, 1048,  316,  148,  715,  635,  801,  825,  489,  227,  983,  633,  185,  533,  844,  113,  261,  683,  527,  522,  527,  850,  625,  524,  901,  437],
        [  343,    0,   40,  175,  110,  297,  472,  534,  535,  565,  318,  450,  421,  569,  436,  598,  216,  414,  491,    0,  216,  134,  619,  440,  333,  167,   41,  383,  392,  332,  382,  240,  656,  447,  440,  525,  430,  391,  431,  426,  229,  415,  354,  292,  343,  392,  158,  529,  539,  392,  470,  471,  238,  273,  486,  552,  408,  463,  384,  306,  589,  298,  531,  437,  334,  234,  355,  182,  505,  773,  271,  345,  382,  228,  148,  561,  143,   95,  375,  564,  623,  620,  471,  335,  667,  666,  405,  543,  255,  344,  466,  581,  481,  513,  297,  401,  282,  557,  420,  441,  306,  388,  447,  364,  616,  290,  302,  318,  450,  610,  210,  383,  231,  548,  385,  450,  219,  287,  334,  129,  223,  236,  529,  492,  317,  654,  364,  455,  423,  288,  215,  445,  169,  345,  434,  330,  575,  653,  587,  702,  215,  605,  330,  372,  417,  445,  187,  569,  640,  170,  357,   42,  444,  453,  261,  228,  400,  444,  370,  418,  766,  663,  479,  197],
        [  156,    0,  178,  276,  310,  317,  421,  704,  702,  737,  484,  655,  588,  624,  537,  813,  361,  612,  597,  216,    0,   85,  635,  232,  153,  382,  222,  168,  349,  446,  337,  405,  871,  558,  457,  644,  603,  303,  624,  637,  398,  603,  312,  157,  409,  267,  215,  502,  746,  493,  568,  617,  447,  328,  701,  763,  624,  624,  599,  166,  593,   98,  747,  536,  514,   76,  319,  359,  718,  976,  457,  250,  597,  199,   71,  758,  335,  291,  531,  715,  793,  823,  497,  299,  817,  882,  586,  758,  438,  283,  540,  687,  667,  727,  481,  404,   68,  752,  579,  555,  163,  244,  543,  151,  806,  506,   90,  150,  602,  755,  103,  344,  425,  657,  324,  320,  225,  108,  542,  105,  390,  451,  727,  707,  437,  823,  556,  670,  320,  493,  368,  549,  384,  493,  494,  287,  567,  649,  793,  855,  399,  673,  125,  577,  574,  243,  110,  593,  798,  316,  515,  209,  253,  595,  430,  125,  615,  660,  586,  541,  974,  869,  603,  412],
        [  215,    0,   97,  207,  234,  277,  415,  643,  642,  676,  407,  571,  527,  581,  478,  731,  304,  540,  537,  134,   85,    0,  606,  315,  207,  299,  138,  250,  337,  403,  325,  343,  787,  518,  424,  603,  541,  336,  553,  552,  319,  522,  298,  204,  358,  292,  152,  488,  662,  433,  534,  565,  363,  277,  618,  684,  540,  549,  517,  195,  568,  166,  665,  501,  448,  108,  330,  291,  633,  892,  388,  258,  516,  196,   31,  686,  251,  216,  456,  643,  733,  748,  462,  309,  765,  798,  520,  676,  370,  276,  515,  628,  600,  646,  400,  375,  149,  669,  521,  514,  193,  300,  509,  235,  738,  422,  174,  196,  548,  704,   99,  357,  353,  597,  319,  371,  183,  175,  464,   58,  311,  367,  644,  625,  392,  763,  485,  588,  360,  409,  291,  489,  301,  438,  447,  272,  547,  628,  709,  802,  318,  627,  206,  501,  518,  324,   86,  561,  743,  257,  440,  134,  330,  524,  351,  149,  532,  576,  503,  497,  890,  785,  560,  328],
        [  568,    0,  626,  445,  699,  331,  248, 1085, 1089, 1109,  451,  654,  989,  115,  267,  938,  827,  917,  265,  619,  635,  606,    0,  791,  554,  651,  579,  673,  296,  946,  308,  836,  909, 1057,  183, 1129,  988,  936,  949,  687,  475,  542,  328,  792,  282,  434,  470,  162,  712,  286, 1084, 1057,  606,  347,  791,  961,  755,  444,  797,  500,   51,  600,  882, 1052,  895,  564,  936,  778,  759,  834,  835,  410,  801,  802,  635, 1040,  544,  694,  417,  432, 1163, 1061,  148,  915, 1234,  910,  953,  897,  827,  362, 1084,  272, 1008,  897,  508,  232,  637,  640,  998, 1050,  503,  876, 1062,  719, 1111,  698,  691,  537, 1033, 1187,  533,  963,  790,  279,  328,  952,  425,  739,  819,  661,  474,  650,  643,  870,  930, 1192,  898,  810,  955,  596,  453,  271,  638,  941,  198,  350,   89,   68,  735, 1263,  513,  154,  729,  858,  997,  818,  531,   51, 1198,  784,  425,  657,  848,  376,  468,  750,  770,  773,  765, 1025,  885,  787, 1082,  638],
        [  223,    0,  401,  501,  519,  510,  549,  863,  859,  897,  713,  885,  750,  805,  746, 1027,  531,  805,  805,  440,  232,  315,  791,    0,  238,  605,  452,  119,  497,  580,  485,  581, 1094,  674,  628,  758,  771,  286,  809,  865,  628,  834,  469,  198,  612,  362,  438,  637,  976,  704,  672,  759,  676,  534,  925,  968,  846,  851,  814,  295,  743,  203,  963,  645,  693,  264,  355,  549,  945, 1207,  645,  382,  811,  313,  294,  944,  566,  500,  757,  938,  950, 1017,  670,  345,  952, 1105,  761,  973,  625,  433,  626,  892,  843,  939,  713,  575,  182,  983,  735,  675,  293,  180,  649,   84,  983,  728,  142,  256,  751,  887,  306,  367,  622,  865,  464,  232,  430,  162,  747,  314,  620,  676,  958,  921,  578,  978,  743,  890,  275,  723,  597,  759,  609,  647,  686,  451,  711,  788, 1024,  991,  631,  859,  111,  778,  730,   33,  324,  756,  942,  495,  742,  424,   73,  817,  660,  244,  836,  882,  805,  669, 1204, 1099,  726,  637],
        [   17,    0,  301,  312,  438,  284,  315,  849,  848,  882,  525,  728,  733,  569,  523,  921,  508,  745,  581,  333,  153,  207,  554,  238,    0,  490,  322,  121,  260,  598,  248,  548,  965,  710,  392,  796,  747,  426,  760,  720,  451,  657,  232,  281,  387,  134,  252,  403,  818,  484,  721,  767,  535,  316,  798,  883,  724,  651,  711,   61,  507,   62,  855,  689,  654,  100,  459,  498,  805, 1037,  594,  146,  710,  349,  211,  891,  414,  421,  559,  728,  939,  952,  434,  440,  967,  974,  727,  867,  576,  197,  692,  665,  806,  840,  539,  339,  107,  808,  726,  708,   59,  342,  696,  167,  944,  609,  153,   22,  751,  905,  127,  482,  559,  640,  227,  417,  220,  217,  666,  250,  443,  550,  787,  818,  589,  969,  692,  775,  434,  573,  414,  536,  488,  641,  454,  215,  476,  554,  864, 1005,  465,  624,  185,  704,  722,  265,  151,  519,  947,  461,  546,  340,  295,  607,  479,  270,  720,  758,  693,  693, 1047,  938,  755,  512],
        [  502,    0,  206,  240,  109,  373,  563,  437,  440,  464,  245,  299,  338,  575,  417,  433,  220,  283,  460,  167,  382,  299,  651,  605,  490,    0,  168,  548,  488,  329,  481,  204,  490,  426,  491,  488,  338,  516,  310,  268,  181,  293,  455,  444,  373,  527,  266,  599,  385,  379,  459,  409,   95,  331,  320,  396,  242,  373,  222,  455,  633,  461,  367,  430,  244,  394,  460,  158,  342,  621,  186,  473,  221,  356,  314,  425,  111,  123,  304,  479,  520,  473,  511,  443,  584,  501,  304,  379,  181,  457,  477,  540,  367,  351,  198,  467,  447,  417,  348,  417,  455,  535,  441,  530,  488,  124,  468,  473,  384,  536,  363,  485,  142,  506,  492,  588,  328,  448,  190,  291,  180,   74,  387,  329,  312,  550,  251,  289,  551,  147,  199,  421,   15,  300,  453,  435,  629,  699,  433,  615,  145,  598,  495,  230,  347,  608,  340,  601,  550,  199,  287,  183,  604,  387,  199,  380,  234,  278,  205,  390,  607,  507,  441,   39],
        [  334,    0,   65,  135,  137,  259,  437,  562,  563,  592,  287,  434,  450,  529,  397,  600,  253,  433,  453,   41,  222,  138,  579,  452,  322,  168,    0,  385,  358,  370,  349,  273,  652,  484,  401,  561,  458,  424,  453,  415,  197,  391,  321,  317,  302,  369,  122,  492,  525,  352,  508,  504,  225,  233,  482,  561,  406,  431,  389,  290,  550,  294,  534,  475,  361,  226,  392,  214,  496,  757,  297,  319,  388,  262,  158,  579,  117,  126,  342,  532,  650,  634,  432,  371,  697,  662,  431,  546,  282,  313,  505,  543,  505,  518,  271,  363,  284,  536,  451,  478,  290,  414,  485,  372,  637,  289,  311,  306,  482,  642,  196,  420,  255,  510,  353,  478,  186,  304,  347,  149,  190,  232,  510,  497,  355,  680,  387,  455,  454,  272,  179,  406,  167,  379,  394,  297,  537,  614,  572,  732,  187,  566,  342,  387,  448,  459,  173,  530,  669,  208,  324,   82,  462,  418,  230,  253,  400,  441,  372,  455,  753,  648,  515,  193],
        [  106,    0,  345,  408,  477,  400,  431,  860,  857,  894,  623,  811,  744,  690,  638,  980,  517,  778,  696,  383,  168,  250,  673,  119,  121,  548,  385,    0,  379,  589,  368,  565, 1035,  694,  512,  780,  762,  352,  787,  797,  542,  750,  352,  223,  503,  244,  345,  519,  902,  598,  698,  766,  608,  428,  866,  930,  789,  755,  766,  180,  625,   99,  914,  668,  676,  169,  403,  522,  880, 1128,  620,  265,  764,  321,  238,  922,  491,  458,  662,  837,  949,  989,  554,  388,  964, 1046,  747,  925,  601,  317,  661,  782,  829,  894,  629,  459,  102,  901,  733,  693,  177,  254,  674,   66,  969,  672,  100,  140,  753,  900,  210,  421,  591,  756,  346,  322,  327,  161,  709,  270,  534,  615,  878,  874,  583,  978,  720,  837,  352,  651,  508,  651,  550,  645,  573,  335,  592,  670,  949, 1003,  550,  744,  106,  744,  728,  148,  231,  639,  949,  476,  648,  377,  182,  716,  573,  240,  782,  825,  753,  682, 1132, 1025,  743,  577],
        [  274,    0,  385,  249,  494,  121,   80,  916,  917,  945,  396,  625,  806,  316,  311,  875,  607,  771,  361,  392,  349,  337,  296,  497,  260,  488,  358,  379,    0,  720,   13,  631,  886,  836,  139,  916,  812,  651,  796,  637,  359,  528,   40,  505,  191,  150,  237,  153,  708,  285,  857,  862,  486,  170,  733,  866,  673,  481,  688,  205,  250,  305,  811,  824,  715,  275,  662,  572,  722,  896,  651,  115,  690,  531,  362,  912,  380,  483,  403,  532, 1002,  954,  180,  641, 1054,  892,  783,  825,  638,   67,  845,  433,  852,  810,  435,   91,  343,  669,  808,  831,  208,  584,  833,  424,  976,  579,  397,  242,  840,  999,  250,  688,  607,  414,   35,  660,  174,  448,  677,  395,  353,  520,  657,  785,  707, 1032,  734,  730,  667,  503,  321,  324,  479,  736,  220,   66,  221,  301,  746, 1089,  391,  373,  434,  718,  806,  524,  254,  260, 1025,  560,  398,  423,  552,  421,  374,  469,  679,  702,  662,  809,  924,  815,  871,  493],
        [  602,    0,  336,  502,  249,  628,  800,  288,  282,  322,  573,  581,  185,  886,  736,  562,  120,  292,  784,  332,  446,  403,  946,  580,  598,  329,  370,  589,  720,    0,  710,  127,  667,  117,  770,  200,  210,  347,  277,  533,  502,  610,  681,  383,  665,  695,  488,  860,  647,  695,  139,  180,  417,  601,  527,  471,  459,  700,  391,  596,  918,  543,  513,  106,  174,  505,  263,  175,  574,  872,  178,  658,  384,  270,  390,  400,  414,  252,  633,  805,  372,  482,  799,  260,  376,  682,  216,  517,  168,  667,  148,  867,  289,  473,  527,  732,  506,  708,  163,  112,  595,  427,  117,  538,  422,  381,  489,  591,  172,  312,  502,  272,  203,  833,  710,  438,  548,  432,  297,  351,  499,  378,  675,  468,   18,  399,  230,  470,  382,  463,  508,  742,  344,   85,  755,  656,  906,  983,  691,  415,  470,  915,  492,  302,  157,  565,  486,  896,  363,  163,  616,  298,  540,  716,  525,  349,  436,  488,  405,   95,  833,  755,  158,  361],
        [  263,    0,  375,  242,  485,  117,   91,  907,  908,  936,  395,  624,  797,  326,  316,  871,  597,  764,  366,  382,  337,  325,  308,  485,  248,  481,  349,  368,   13,  710,    0,  621,  884,  826,  149,  906,  804,  639,  789,  634,  355,  527,   29,  492,  193,  141,  227,  166,  707,  288,  846,  852,  481,  167,  730,  861,  669,  483,  683,  193,  262,  293,  806,  813,  706,  262,  649,  562,  719,  897,  642,  103,  684,  519,  350,  905,  374,  474,  404,  536,  994,  948,  190,  628, 1045,  890,  774,  821,  629,   55,  834,  440,  844,  805,  432,   99,  331,  670,  799,  820,  196,  572,  823,  412,  969,  574,  385,  230,  831,  990,  237,  676,  599,  421,   27,  648,  164,  436,  670,  383,  349,  514,  657,  780,  696, 1024,  726,  726,  655,  499,  317,  329,  472,  726,  226,   55,  233,  314,  746, 1080,  386,  383,  422,  711,  796,  512,  242,  272, 1016,  550,  398,  413,  541,  424,  371,  457,  674,  698,  656,  799,  924,  815,  861,  486],
        [  555,    0,  257,  398,  139,  529,  710,  301,  300,  334,  449,  460,  185,  770,  616,  479,   53,  227,  662,  240,  405,  343,  836,  581,  548,  204,  273,  565,  631,  127,  621,    0,  573,  224,  665,  293,  199,  400,  228,  414,  380,  484,  593,  389,  555,  627,  395,  762,  531,  577,  256,  231,  290,  497,  421,  401,  348,  573,  286,  535,  812,  501,  423,  226,  112,  450,  325,   60,  464,  761,   72,  583,  280,  274,  339,  363,  296,  148,  508,  679,  391,  437,  691,  314,  427,  587,  183,  429,   54,  584,  274,  744,  265,  388,  401,  631,  470,  586,  181,  216,  534,  456,  237,  524,  405,  258,  468,  538,  211,  370,  437,  343,   80,  710,  625,  487,  458,  422,  195,  301,  378,  252,  554,  377,  110,  421,  163,  368,  437,  336,  391,  622,  219,  107,  642,  569,  803,  878,  576,  463,  347,  796,  480,  213,  178,  573,  418,  786,  402,   90,  491,  216,  556,  591,  402,  338,  326,  380,  294,  190,  728,  644,  247,  235],
        [  979,    0,  695,  668,  580,  769,  942,  509,  520,  503,  494,  264,  521,  798,  648,  123,  621,  383,  645,  656,  871,  787,  909, 1094,  965,  490,  652, 1035,  886,  667,  884,  573,    0,  690,  822,  691,  496,  969,  409,  252,  533,  372,  866,  925,  708,  973,  718,  939,  199,  643,  728,  594,  431,  719,  170,  227,  248,  466,  291,  921,  918,  944,  155,  716,  494,  875,  897,  575,  165,  256,  503,  914,  296,  824,  803,  356,  551,  599,  504,  508,  523,  299,  818,  884,  627,   15,  470,  153,  520,  881,  780,  667,  434,  198,  452,  826,  935,  282,  548,  680,  922, 1009,  725, 1019,  408,  367,  957,  946,  573,  628,  840,  916,  503,  647,  903, 1051,  769,  936,  379,  780,  540,  421,  271,  200,  655,  535,  439,  209, 1006,  395,  573,  641,  487,  588,  741,  854,  933,  974,  185,  630,  509,  783,  984,  366,  553, 1096,  816,  868,  584,  634,  502,  671, 1090,  534,  514,  863,  260,  212,  293,  656,  188,  176,  664,  460],
        [  713,    0,  452,  615,  358,  742,  916,  233,  224,  262,  669,  646,  170,  993,  840,  575,  232,  308,  885,  447,  558,  518, 1057,  674,  710,  426,  484,  694,  836,  117,  826,  224,  690,    0,  883,   87,  196,  417,  281,  595,  604,  690,  798,  481,  776,  810,  604,  975,  702,  800,   40,  114,  506,  714,  570,  475,  512,  788,  438,  711, 1031,  654,  537,   35,  217,  620,  333,  280,  622,  914,  251,  774,  431,  373,  504,  377,  520,  363,  728,  892,  301,  461,  911,  337,  280,  705,  221,  537,  249,  783,   94,  966,  269,  493,  619,  846,  615,  772,  142,   11,  709,  510,   40,  640,  378,  454,  595,  705,  124,  216,  617,  334,  288,  932,  826,  506,  664,  535,  347,  465,  602,  463,  740,  494,  130,  324,  260,  510,  448,  547,  614,  845,  440,  129,  864,  772, 1019, 1096,  742,  320,  570, 1020,  594,  339,  137,  656,  602, 1007,  277,  277,  711,  413,  627,  811,  625,  454,  486,  536,  458,   39,  867,  800,   54,  453],
        [  407,    0,  445,  269,  527,  149,  140,  928,  931,  954,  332,  558,  826,  179,  195,  829,  652,  768,  234,  440,  457,  424,  183,  628,  392,  491,  401,  512,  139,  770,  149,  665,  822,  883,    0,  957,  828,  755,  798,  580,  328,  451,  160,  612,  123,  288,  289,  119,  632,  183,  908,  891,  462,  169,  682,  836,  633,  381,  663,  333,  149,  430,  768,  876,  733,  388,  753,  606,  661,  797,  670,  249,  666,  619,  453,  901,  381,  520,  320,  414, 1010,  931,   42,  732, 1074,  825,  795,  783,  661,  196,  905,  298,  856,  775,  383,   54,  464,  579,  833,  876,  336,  699,  886,  552,  969,  557,  518,  373,  867, 1024,  354,  781,  626,  283,  174,  775,  242,  562,  671,  479,  325,  503,  572,  748,  755, 1040,  742,  691,  775,  464,  297,  206,  480,  771,   93,  178,  138,  214,  665, 1106,  365,  235,  556,  711,  831,  653,  351,  137, 1041,  608,  320,  478,  680,  315,  330,  568,  644,  657,  633,  852,  834,  728,  911,  485],
        [  799,    0,  533,  689,  431,  819,  996,  196,  186,  218,  727,  680,  182, 1061,  904,  571,  310,  320,  947,  525,  644,  603, 1129,  758,  796,  488,  561,  780,  916,  200,  906,  293,  691,   87,  957,    0,  201,  496,  287,  627,  668,  735,  878,  566,  847,  894,  682, 1052,  727,  866,   90,  100,  560,  789,  588,  468,  539,  838,  464,  796, 1105,  740,  542,  114,  257,  705,  413,  352,  643,  927,  305,  857,  457,  459,  589,  354,  587,  438,  785,  940,  244,  435,  984,  418,  203,  706,  236,  540,  307,  865,  148, 1024,  258,  497,  674,  922,  702,  803,  158,   89,  794,  591,  111,  725,  340,  498,  681,  790,  125,  140,  701,  411,  346,  990,  907,  583,  743,  621,  380,  550,  666,  516,  771,  502,  212,  262,  286,  528,  524,  597,  681,  908,  502,  189,  934,  853, 1095, 1170,  764,  241,  632, 1085,  679,  363,  156,  739,  686, 1078,  208,  357,  768,  494,  710,  866,  686,  540,  513,  558,  488,  108,  873,  816,   47,  511],
        [  754,    0,  452,  568,  322,  703,  890,  104,  105,  136,  559,  483,   27,  908,  745,  379,  245,  119,  781,  430,  603,  541,  988,  771,  747,  338,  458,  762,  812,  210,  804,  199,  496,  196,  828,  201,    0,  556,   87,  430,  514,  547,  776,  575,  710,  822,  578,  934,  527,  711,  234,  102,  391,  665,  387,  279,  340,  655,  265,  732,  970,  700,  344,  225,   98,  649,  472,  251,  442,  727,  162,  775,  258,  459,  538,  191,  448,  336,  613,  754,  193,  275,  849,  467,  247,  511,   38,  343,  176,  771,  288,  852,   80,  299,  503,  801,  669,  605,   55,  186,  731,  630,  233,  719,  215,  314,  664,  736,   78,  202,  633,  482,  206,  820,  810,  646,  642,  615,  189,  500,  514,  345,  573,  303,  205,  224,   95,  327,  591,  419,  536,  748,  351,  128,  790,  753,  966, 1036,  563,  278,  476,  925,  674,  165,   60,  759,  613,  938,  214,  288,  598,  412,  739,  691,  526,  530,  314,  358,  291,  165,  676,  615,  169,  351],
