{
    "name": "random-25-4980",
    "comment": "size=25 seed=4980",
    "nodes": ["+0", "-0", "+1", "-1", "+2", "-2", "+3", "-3", "+4", "-4", "+5", "-5", "+6", "-6", "+7", "-7", "+8", "-8", "+9", "-9", "+10", "-10", "+11", "-11", "+12", "-12", "+13", "-13", "+14", "-14", "+15", "-15", "+16", "-16", "+17", "-17", "+18", "-18", "+19", "-19", "+20", "-20", "+21", "-21", "+22", "-22", "+23", "-23", "+24", "-24", "+25", "-25"],
    "precedence": {
        "+0": "-0",
        "+1": "-1",
        "+2": "-2",
        "+3": "-3",
        "+4": "-4",
        "+5": "-5",
        "+6": "-6",
        "+7": "-7",
        "+8": "-8",
        "+9": "-9",
        "+10": "-10",
        "+11": "-11",
        "+12": "-12",
        "+13": "-13",
        "+14": "-14",
        "+15": "-15",
        "+16": "-16",
        "+17": "-17",
        "+18": "-18",
        "+19": "-19",
        "+20": "-20",
        "+21": "-21",
        "+22": "-22",
        "+23": "-23",
        "+24": "-24",
        "+25": "-25"
    },
    "edges": [
        [    0,    0,  107,  372,  652,  848,  642,  902,  902, 1065,  646,  695,  399,  774,  406,  662, 1034,  329,  524,  594,  555,  644,  522,  252,  785,  687,  158,  926,  843,  432,  185,  316,  598,  702,  898,  903, 1014,  624,   70,  797,  183,  579,  551,  735,  171, 1009,  402,  282,  830,  271,  683,  830],
        [    0,    0,  107,  372,  652,  848,  642,  902,  902, 1065,  646,  695,  399,  774,  406,  662, 1034,  329,  524,  594,  555,  644,  522,  252,  785,  687,  158,  926,  843,  432,  185,  316,  598,  702,  898,  903, 1014,  624,   70,  797,  183,  579,  551,  735,  171, 1009,  402,  282,  830,  271,  683,  830],
        [  107,  107,    0,  313,  631,  863,  548,  887,  882, 1042,  557,  741,  294,  743,  337,  733, 1007,  410,  547,  562,  463,  678,  519,  339,  729,  661,  127,  907,  784,  498,  121,  409,  641,  779,  868,  906,  995,  527,  154,  835,  156,  659,  484,  633,  270,  993,  301,  199,  874,  361,  691,  788],
        [  372,  372,  313,    0,  352,  646,  333,  606,  594,  747,  318,  616,  269,  445,   48,  693,  707,  473,  388,  270,  246,  527,  294,  446,  417,  372,  215,  621,  474,  485,  194,  516,  523,  760,  568,  660,  707,  337,  440,  678,  194,  663,  181,  467,  534,  709,  228,  134,  731,  469,  468,  479],
        [  652,  652,  631,  352,    0,  333,  526,  258,  252,  413,  484,  432,  608,  134,  362,  594,  384,  563,  265,   90,  477,  336,  156,  588,  270,   46,  508,  277,  324,  492,  514,  630,  381,  670,  252,  318,  365,  556,  720,  437,  479,  624,  302,  671,  779,  363,  561,  483,  497,  603,  186,  223],
        [  848,  848,  863,  646,  333,    0,  859,  257,  297,  398,  817,  266,  914,  364,  670,  463,  414,  627,  325,  419,  807,  236,  356,  687,  559,  348,  738,  291,  595,  509,  762,  694,  306,  527,  374,  112,  333,  889,  906,  184,  709,  545,  634, 1004,  927,  308,  870,  764,  232,  690,  179,  454],
        [  642,  642,  548,  333,  526,  859,    0,  720,  690,  802,   48,  905,  288,  538,  285, 1011,  749,  805,  682,  442,   91,  808,  560,  773,  384,  516,  506,  719,  405,  815,  463,  844,  822, 1082,  628,  832,  788,   45,  700,  943,  496,  991,  230,  148,  812,  802,  258,  362, 1001,  797,  700,  505],
        [  902,  902,  887,  606,  258,  257,  720,    0,   44,  175,  674,  493,  853,  184,  612,  688,  170,  765,  438,  337,  693,  425,  384,  806,  360,  235,  763,   37,  379,  667,  771,  834,  494,  759,  127,  160,  114,  758,  968,  434,  733,  752,  524,  855, 1018,  107,  805,  739,  487,  816,  270,  236],
        [  902,  902,  882,  594,  252,  297,  690,   44,    0,  164,  643,  526,  834,  158,  596,  720,  145,  780,  455,  325,  666,  454,  389,  817,  323,  223,  760,   30,  339,  687,  764,  849,  521,  792,   84,  203,  114,  729,  969,  472,  730,  780,  500,  822, 1024,  118,  786,  727,  526,  829,  293,  197],
        [ 1065, 1065, 1042,  747,  413,  398,  802,  175,  164,    0,  754,  654,  975,  303,  745,  852,   56,  939,  613,  481,  791,  595,  553,  979,  418,  381,  921,  144,  411,  842,  923, 1009,  665,  920,  183,  288,   67,  843, 1132,  582,  891,  922,  635,  922, 1187,   92,  927,  880,  628,  990,  444,  298],
        [  646,  646,  557,  318,  484,  817,   48,  674,  643,  754,    0,  872,  314,  492,  271,  984,  702,  791,  650,  402,   94,  774,  526,  763,  337,  472,  505,  672,  359,  793,  465,  833,  791, 1055,  581,  787,  741,   91,  707,  906,  492,  968,  194,  188,  816,  755,  278,  365,  964,  786,  661,  458],
        [  695,  695,  741,  616,  432,  266,  905,  493,  526,  654,  872,    0,  875,  528,  655,  199,  661,  412,  229,  487,  834,   99,  346,  485,  701,  469,  627,  529,  752,  287,  665,  472,  101,  267,  588,  374,  587,  925,  741,  115,  603,  282,  678, 1052,  734,  565,  839,  702,  135,  482,  256,  629],
        [  399,  399,  294,  269,  608,  914,  288,  853,  834,  975,  314,  875,    0,  677,  247,  925,  929,  647,  649,  520,  226,  789,  563,  593,  588,  619,  307,  862,  630,  698,  256,  667,  777,  985,  793,  922,  944,  256,  445,  944,  314,  875,  342,  345,  562,  951,   48,  179,  994,  617,  737,  685],
        [  774,  774,  743,  445,  134,  364,  538,  184,  158,  303,  492,  528,  677,    0,  443,  706,  265,  697,  392,  181,  510,  439,  290,  722,  196,   91,  624,  187,  233,  622,  623,  764,  494,  781,  126,  306,  267,  576,  842,  508,  595,  745,  343,  674,  907,  274,  630,  578,  568,  737,  272,  101],
        [  406,  406,  337,   48,  362,  670,  285,  612,  596,  745,  271,  655,  247,  443,    0,  738,  703,  521,  426,  276,  198,  563,  324,  493,  395,  377,  251,  624,  449,  532,  223,  563,  563,  805,  564,  676,  709,  290,  473,  712,  233,  709,  147,  420,  571,  713,  202,  144,  766,  516,  494,  468],
        [  662,  662,  733,  693,  594,  463, 1011,  688,  720,  852,  984,  199,  925,  706,  738,    0,  857,  338,  344,  631,  931,  270,  474,  418,  863,  636,  640,  724,  918,  236,  686,  376,  214,   76,  777,  572,  785, 1023,  692,  293,  623,  111,  795, 1154,  654,  763,  897,  747,  276,  405,  438,  806],
        [ 1034, 1034, 1007,  707,  384,  414,  749,  170,  145,   56,  702,  661,  929,  265,  703,  857,    0,  924,  600,  445,  741,  594,  529,  960,  366,  348,  887,  134,  356,  832,  887,  993,  663,  927,  140,  306,   90,  791, 1102,  596,  858,  921,  588,  868, 1162,  119,  882,  840,  646,  972,  437,  248],
        [  329,  329,  410,  473,  563,  627,  805,  765,  780,  939,  791,  412,  647,  697,  521,  338,  924,    0,  327,  550,  716,  394,  408,   81,  789,  608,  341,  796,  851,  125,  392,   70,  329,  374,  807,  711,  878,  804,  355,  524,  334,  251,  628,  932,  326,  864,  629,  476,  543,   71,  501,  782],
        [  524,  524,  547,  388,  265,  325,  682,  438,  455,  613,  650,  229,  649,  392,  426,  344,  600,  327,    0,  289,  607,  141,  131,  374,  526,  310,  424,  471,  584,  234,  456,  397,  141,  419,  489,  392,  551,  699,  581,  298,  397,  360,  458,  827,  605,  537,  612,  480,  346,  382,  176,  486],
        [  594,  594,  562,  270,   90,  419,  442,  337,  325,  481,  402,  487,  520,  181,  276,  631,  445,  550,  289,    0,  389,  388,  160,  563,  243,  103,  444,  352,  304,  496,  443,  613,  421,  707,  306,  407,  438,  471,  663,  507,  415,  646,  216,  589,  733,  440,  473,  403,  566,  580,  260,  242],
        [  555,  555,  463,  246,  477,  807,   91,  693,  666,  791,   94,  834,  226,  510,  198,  931,  741,  716,  607,  389,    0,  738,  491,  683,  383,  474,  417,  695,  416,  729,  374,  754,  747, 1000,  612,  791,  770,   93,  614,  878,  406,  906,  175,  224,  725,  781,  187,  274,  935,  706,  642,  494],
        [  644,  644,  678,  527,  336,  236,  808,  425,  454,  595,  774,   99,  789,  439,  563,  270,  594,  394,  141,  388,  738,    0,  249,  458,  605,  375,  559,  461,  658,  274,  592,  460,   73,  344,  509,  331,  528,  829,  696,  159,  533,  328,  581,  956,  704,  509,  752,  620,  205,  460,  169,  539],
        [  522,  522,  519,  294,  156,  356,  560,  384,  389,  553,  526,  346,  563,  290,  324,  474,  529,  408,  131,  160,  491,  249,    0,  434,  401,  201,  393,  410,  461,  341,  411,  474,  269,  549,  403,  388,  497,  581,  587,  390,  363,  486,  333,  707,  635,  489,  521,  408,  446,  448,  178,  377],
        [  252,  252,  339,  446,  588,  687,  773,  806,  817,  979,  763,  485,  593,  722,  493,  418,  960,   81,  374,  563,  683,  458,  434,    0,  795,  632,  286,  836,  857,  200,  337,   75,  397,  452,  837,  765,  919,  768,  275,  596,  285,  329,  613,  893,  250,  908,  579,  429,  618,   25,  549,  801],
        [  785,  785,  729,  417,  270,  559,  384,  360,  323,  418,  337,  701,  588,  196,  395,  863,  366,  789,  526,  243,  383,  605,  401,  795,    0,  232,  628,  350,   62,  739,  611,  850,  650,  939,  250,  499,  409,  427,  854,  695,  602,  885,  254,  505,  939,  426,  542,  539,  755,  814,  449,  127],
        [  687,  687,  661,  372,   46,  348,  516,  235,  223,  381,  472,  469,  619,   91,  377,  636,  348,  608,  310,  103,  474,  375,  201,  632,  232,    0,  540,  250,  284,  537,  543,  674,  423,  712,  212,  318,  337,  549,  755,  466,  511,  668,  300,  659,  818,  338,  572,  505,  526,  647,  218,  178],
        [  158,  158,  127,  215,  508,  738,  506,  763,  760,  921,  505,  627,  307,  624,  251,  640,  887,  341,  424,  444,  417,  559,  393,  286,  628,  540,    0,  785,  686,  406,   52,  360,  527,  693,  750,  780,  872,  495,  227,  717,   31,  578,  395,  615,  320,  869,  294,  147,  758,  310,  565,  676],
        [  926,  926,  907,  621,  277,  291,  719,   37,   30,  144,  672,  529,  862,  187,  624,  724,  134,  796,  471,  352,  695,  461,  410,  836,  350,  250,  785,    0,  363,  700,  790,  866,  529,  795,  105,  190,   88,  758,  993,  470,  755,  788,  529,  850, 1045,   89,  815,  754,  522,  847,  304,  224],
        [  843,  843,  784,  474,  324,  595,  405,  379,  339,  411,  359,  752,  630,  233,  449,  918,  356,  851,  584,  304,  416,  658,  461,  857,   62,  284,  686,  363,    0,  799,  667,  912,  705,  994,  259,  527,  412,  449,  912,  740,  661,  944,  305,  514,  999,  432,  584,  592,  799,  876,  497,  145],
        [  432,  432,  498,  485,  492,  509,  815,  667,  687,  842,  793,  287,  698,  622,  532,  236,  832,  125,  234,  496,  729,  274,  341,  200,  739,  537,  406,  700,  799,    0,  453,  188,  206,  289,  722,  599,  778,  821,  468,  399,  390,  179,  615,  951,  449,  762,  673,  521,  419,  195,  399,  714],
        [  185,  185,  121,  194,  514,  762,  463,  771,  764,  923,  465,  665,  256,  623,  223,  686,  887,  392,  456,  443,  374,  592,  411,  337,  611,  543,   52,  790,  667,  453,    0,  411,  565,  741,  749,  798,  878,  449,  250,  751,   64,  627,  370,  568,  353,  876,  244,  101,  794,  361,  586,  668],
        [  316,  316,  409,  516,  630,  694,  844,  834,  849, 1009,  833,  472,  667,  764,  563,  376,  993,   70,  397,  613,  754,  460,  474,   75,  850,  674,  360,  866,  912,  188,  411,    0,  393,  401,  875,  779,  947,  840,  329,  585,  359,  277,  678,  966,  279,  933,  653,  503,  600,   50,  570,  848],
        [  598,  598,  641,  523,  381,  306,  822,  494,  521,  665,  791,  101,  777,  494,  563,  214,  663,  329,  141,  421,  747,   73,  269,  397,  650,  423,  527,  529,  705,  206,  565,  393,    0,  290,  572,  403,  599,  839,  646,  201,  503,  259,  598,  968,  645,  580,  742,  603,  234,  396,  231,  593],
        [  702,  702,  779,  760,  670,  527, 1082,  759,  792,  920, 1055,  267,  985,  781,  805,   76,  927,  374,  419,  707, 1000,  344,  549,  452,  939,  712,  693,  795,  994,  289,  741,  401,  290,    0,  851,  637,  853, 1092,  726,  350,  678,  124,  867, 1223,  677,  830,  959,  808,  324,  436,  512,  881],
        [  898,  898,  868,  568,  252,  374,  628,  127,   84,  183,  581,  588,  793,  126,  564,  777,  140,  807,  489,  306,  612,  509,  403,  837,  250,  212,  750,  105,  259,  722,  749,  875,  572,  851,    0,  285,  161,  668,  967,  544,  720,  830,  453,  754, 1030,  176,  745,  701,  600,  850,  342,  124],
        [  903,  903,  906,  660,  318,  112,  832,  160,  203,  288,  787,  374,  922,  306,  676,  572,  306,  711,  392,  407,  791,  331,  388,  765,  499,  318,  780,  190,  527,  599,  798,  779,  403,  637,  285,    0,  222,  866,  965,  295,  751,  651,  617,  973,  997,  197,  876,  786,  341,  771,  221,  382],
        [ 1014, 1014,  995,  707,  365,  333,  788,  114,  114,   67,  741,  587,  944,  267,  709,  785,   90,  878,  551,  438,  770,  528,  497,  919,  409,  337,  872,   88,  412,  778,  878,  947,  599,  853,  161,  222,    0,  828, 1080,  516,  843,  855,  608,  914, 1132,   29,  897,  840,  563,  930,  380,  284],
        [  624,  624,  527,  337,  556,  889,   45,  758,  729,  843,   91,  925,  256,  576,  290, 1023,  791,  804,  699,  471,   93,  829,  581,  768,  427,  549,  495,  758,  449,  821,  449,  840,  839, 1092,  668,  866,  828,    0,  680,  967,  488,  998,  256,  131,  793,  842,  230,  349, 1024,  792,  727,  547],
        [   70,   70,  154,  440,  720,  906,  700,  968,  969, 1132,  707,  741,  445,  842,  473,  692, 1102,  355,  581,  663,  614,  696,  587,  275,  854,  755,  227,  993,  912,  468,  250,  329,  646,  726,  967,  965, 1080,  680,    0,  846,  253,  602,  619,  786,  118, 1075,  454,  345,  876,  290,  744,  899],
        [  797,  797,  835,  678,  437,  184,  943,  434,  472,  582,  906,  115,  944,  508,  712,  293,  596,  524,  298,  507,  878,  159,  390,  596,  695,  466,  717,  470,  740,  399,  751,  585,  201,  350,  544,  295,  516,  967,  846,    0,  691,  388,  713, 1090,  844,  491,  905,  776,   61,  593,  251,  606],
        [  183,  183,  156,  194,  479,  709,  496,  733,  730,  891,  492,  603,  314,  595,  233,  623,  858,  334,  397,  415,  406,  533,  363,  285,  602,  511,   31,  755,  661,  390,   64,  359,  503,  678,  720,  751,  843,  488,  253,  691,    0,  565,  374,  610,  341,  840,  296,  144,  733,  309,  535,  648],
        [  579,  579,  659,  663,  624,  545,  991,  752,  780,  922,  968,  282,  875,  745,  709,  111,  921,  251,  360,  646,  906,  328,  486,  329,  885,  668,  578,  788,  944,  179,  627,  277,  259,  124,  830,  651,  855,  998,  602,  388,  565,    0,  785, 1129,  555,  835,  851,  699,  380,  312,  489,  843],
        [  551,  551,  484,  181,  302,  634,  230,  524,  500,  635,  194,  678,  342,  343,  147,  795,  588,  628,  458,  216,  175,  581,  333,  613,  254,  300,  395,  529,  305,  615,  370,  678,  598,  867,  453,  617,  608,  256,  619,  713,  374,  785,    0,  378,  714,  616,  294,  288,  771,  635,  471,  344],
        [  735,  735,  633,  467,  671, 1004,  148,  855,  822,  922,  188, 1052,  345,  674,  420, 1154,  868,  932,  827,  589,  224,  956,  707,  893,  505,  659,  615,  850,  514,  951,  568,  966,  968, 1223,  754,  973,  914,  131,  786, 1090,  610, 1129,  378,    0,  902,  930,  333,  468, 1148,  917,  847,  631],
        [  171,  171,  270,  534,  779,  927,  812, 1018, 1024, 1187,  816,  734,  562,  907,  571,  654, 1162,  326,  605,  733,  725,  704,  635,  250,  939,  818,  320, 1045,  999,  449,  353,  279,  645,  677, 1030,  997, 1132,  793,  118,  844,  341,  555,  714,  902,    0, 1123,  570,  452,  867,  255,  777,  973],
        [ 1009, 1009,  993,  709,  363,  308,  802,  107,  118,   92,  755,  565,  951,  274,  713,  763,  119,  864,  537,  440,  781,  509,  489,  908,  426,  338,  869,   89,  432,  762,  876,  933,  580,  830,  176,  197,   29,  842, 1075,  491,  840,  835,  616,  930, 1123,    0,  903,  842,  537,  917,  364,  300],
        [  402,  402,  301,  228,  561,  870,  258,  805,  786,  927,  278,  839,   48,  630,  202,  897,  882,  629,  612,  473,  187,  752,  521,  579,  542,  572,  294,  815,  584,  673,  244,  653,  742,  959,  745,  876,  897,  230,  454,  905,  296,  851,  294,  333,  570,  903,    0,  154,  956,  603,  694,  637],
        [  282,  282,  199,  134,  483,  764,  362,  739,  727,  880,  365,  702,  179,  578,  144,  747,  840,  476,  480,  403,  274,  620,  408,  429,  539,  505,  147,  754,  592,  521,  101,  503,  603,  808,  701,  786,  840,  349,  345,  776,  144,  699,  288,  468,  452,  842,  154,    0,  825,  453,  585,  609],
        [  830,  830,  874,  731,  497,  232, 1001,  487,  526,  628,  964,  135,  994,  568,  766,  276,  646,  543,  346,  566,  935,  205,  446,  618,  755,  526,  758,  522,  799,  419,  794,  600,  234,  324,  600,  341,  563, 1024,  876,   61,  733,  380,  771, 1148,  867,  537,  956,  825,    0,  613,  311,  665],
        [  271,  271,  361,  469,  603,  690,  797,  816,  829,  990,  786,  482,  617,  737,  516,  405,  972,   71,  382,  580,  706,  460,  448,   25,  814,  647,  310,  847,  876,  195,  361,   50,  396,  436,  850,  771,  930,  792,  290,  593,  309,  312,  635,  917,  255,  917,  603,  453,  613,    0,  557,  817],
        [  683,  683,  691,  468,  186,  179,  700,  270,  293,  444,  661,  256,  737,  272,  494,  438,  437,  501,  176,  260,  642,  169,  178,  549,  449,  218,  565,  304,  497,  399,  586,  570,  231,  512,  342,  221,  380,  727,  744,  251,  535,  489,  471,  847,  777,  364,  694,  585,  311,  557,    0,  373],
        [  830,  830,  788,  479,  223,  454,  505,  236,  197,  298,  458,  629,  685,  101,  468,  806,  248,  782,  486,  242,  494,  539,  377,  801,  127,  178,  676,  224,  145,  714,  668,  848,  593,  881,  124,  382,  284,  547,  899,  606,  648,  843,  344,  631,  973,  300,  637,  609,  665,  817,  373,    0]
    ]
}
