{
    "name": "random-95-9879",
    "comment": "size=95 seed=9879",
    "nodes": ["+0", "-0", "+1", "-1", "+2", "-2", "+3", "-3", "+4", "-4", "+5", "-5", "+6", "-6", "+7", "-7", "+8", "-8", "+9", "-9", "+10", "-10", "+11", "-11", "+12", "-12", "+13", "-13", "+14", "-14", "+15", "-15", "+16", "-16", "+17", "-17", "+18", "-18", "+19", "-19", "+20", "-20", "+21", "-21", "+22", "-22", "+23", "-23", "+24", "-24", "+25", "-25", "+26", "-26", "+27", "-27", "+28", "-28", "+29", "-29", "+30", "-30", "+31", "-31", "+32", "-32", "+33", "-33", "+34", "-34", "+35", "-35", "+36", "-36", "+37", "-37", "+38", "-38", "+39", "-39", "+40", "-40", "+41", "-41", "+42", "-42", "+43", "-43", "+44", "-44", "+45", "-45", "+46", "-46", "+47", "-47", "+48", "-48", "+49", "-49", "+50", "-50", "+51", "-51", "+52", "-52", "+53", "-53", "+54", "-54", "+55", "-55", "+56", "-56", "+57", "-57", "+58", "-58", "+59", "-59", "+60", "-60", "+61", "-61", "+62", "-62", "+63", "-63", "+64", "-64", "+65", "-65", "+66", "-66", "+67", "-67", "+68", "-68", "+69", "-69", "+70", "-70", "+71", "-71", "+72", "-72", "+73", "-73", "+74", "-74", "+75", "-75", "+76", "-76", "+77", "-77", "+78", "-78", "+79", "-79", "+80", "-80", "+81", "-81", "+82", "-82", "+83", "-83", "+84", "-84", "+85", "-85", "+86", "-86", "+87", "-87", "+88", "-88", "+89", "-89", "+90", "-90", "+91", "-91", "+92", "-92", "+93", "-93", "+94", "-94", "+95", "-95"],
    "precedence": {
        "+0": "-0",
        "+1": "-1",
        "+2": "-2",
        "+3": "-3",
        "+4": "-4",
        "+5": "-5",
        "+6": "-6",
        "+7": "-7",
        "+8": "-8",
        "+9": "-9",
        "+10": "-10",
        "+11": "-11",
        "+12": "-12",
        "+13": "-13",
        "+14": "-14",
        "+15": "-15",
        "+16": "-16",
        "+17": "-17",
        "+18": "-18",
        "+19": "-19",
        "+20": "-20",
        "+21": "-21",
        "+22": "-22",
        "+23": "-23",
        "+24": "-24",
        "+25": "-25",
        "+26": "-26",
        "+27": "-27",
        "+28": "-28",
        "+29": "-29",
        "+30": "-30",
        "+31": "-31",
        "+32": "-32",
        "+33": "-33",
        "+34": "-34",
        "+35": "-35",
        "+36": "-36",
        "+37": "-37",
        "+38": "-38",
        "+39": "-39",
        "+40": "-40",
        "+41": "-41",
        "+42": "-42",
        "+43": "-43",
        "+44": "-44",
        "+45": "-45",
        "+46": "-46",
        "+47": "-47",
        "+48": "-48",
        "+49": "-49",
        "+50": "-50",
        "+51": "-51",
        "+52": "-52",
        "+53": "-53",
        "+54": "-54",
        "+55": "-55",
        "+56": "-56",
        "+57": "-57",
        "+58": "-58",
        "+59": "-59",
        "+60": "-60",
        "+61": "-61",
        "+62": "-62",
        "+63": "-63",
        "+64": "-64",
        "+65": "-65",
        "+66": "-66",
        "+67": "-67",
        "+68": "-68",
        "+69": "-69",
        "+70": "-70",
        "+71": "-71",
        "+72": "-72",
        "+73": "-73",
        "+74": "-74",
        "+75": "-75",
        "+76": "-76",
        "+77": "-77",
        "+78": "-78",
        "+79": "-79",
        "+80": "-80",
        "+81": "-81",
        "+82": "-82",
        "+83": "-83",
        "+84": "-84",
        "+85": "-85",
        "+86": "-86",
        "+87": "-87",
        "+88": "-88",
        "+89": "-89",
        "+90": "-90",
        "+91": "-91",
        "+92": "-92",
        "+93": "-93",
        "+94": "-94",
        "+95": "-95"
    },
    "edges": [
        [    0,    0,  214,  834,  596,  588,  167,  717,  512,  542,  270,  613,  617,  377,  478,  577,  582,  513,  190,  508,  490,  169,  170,  475,  229,  460,  304,  722,  182,  445,  352,  519,  541,  686,  362,  552,  541,  418,  193,  552,  608,  671,  373,  430,  292,  188,  693,  214,  406,  815,  463,  285,  354,  393,  672,  573,  512,  573,  501,  496,  552,   91,  504,  523,  328,  361,  538,  262,  253,  223,  371,  297,  434,  291,  442,  215,  782,  318,  549,  327,  582,  147,  491,  357,  547,  371,  215,  370,  346,  442,  814,  673,  476,  331,  370,  506,  469,  571,  505,  515,  732,  280,  333,  567,  334,  227,  318,  476,  563,  322,  227,   70,  626,  417,  592,  501,  122,  437,  106,  354,  294,  352,  472,   42,  406,  356,  512,  351,  351,  382,  466,  418,  343,  533,  527,  624,  278,  528,  361,  295,  134,  573,  265,   69,  451,   69,  416,  552,   96,  691,  192,  160,  297,  431,  404,   51,  174,  605,  378,  320,  559,  503,  416,  524,  585,  131,  138,  351,  333,  331,  302,  279,  339,  215,  633,  117,   54,  291,  418,  483,  328,  692,  445,  337,  165,  667,  558,  595,  621,  249,  701,  263],
        [    0,    0,    0,    0,    0,    0,    0,    0,    0,    0,    0,    0,    0,    0,    0,    0,    0,    0,    0,    0,    0,    0,    0,    0,    0,    0,    0,    0,    0,    0,    0,    0,    0,    0,    0,    0,    0,    0,    0,    0,    0,    0,    0,    0,    0,    0,    0,    0,    0,    0,    0,    0,    0,    0,    0,    0,    0,    0,    0,    0,    0,    0,    0,    0,    0,    0,    0,    0,    0,    0,    0,    0,    0,    0,    0,    0,    0,    0,    0,    0,    0,    0,    0,    0,    0,    0,    0,    0,    0,    0,    0,    0,    0,    0,    0,    0,    0,    0,    0,    0,    0,    0,    0,    0,    0,    0,    0,    0,    0,    0,    0,    0,    0,    0,    0,    0,    0,    0,    0,    0,    0,    0,    0,    0,    0,    0,    0,    0,    0,    0,    0,    0,    0,    0,    0,    0,    0,    0,    0,    0,    0,    0,    0,    0,    0,    0,    0,    0,    0,    0,    0,    0,    0,    0,    0,    0,    0,    0,    0,    0,    0,    0,    0,    0,    0,    0,    0,    0,    0,    0,    0,    0,    0,    0,    0,    0,    0,    0,    0,    0,    0,    0,    0,    0,    0,    0,    0,    0,    0,    0,    0,    0],
        [  214,    0,    0,  748,  660,  708,  343,  880,  515,  332,  381,  687,  677,  263,  438,  511,  393,  401,  136,  503,  280,  329,  330,  629,  204,  590,  476,  882,  357,  291,  166,  607,  720,  590,  548,  573,  332,  622,  227,  535,  611,  818,  204,  366,  294,  347,  567,  163,  250,  741,  633,  301,  555,  606,  626,  649,  373,  717,  600,  317,  385,  131,  682,  582,  225,  328,  326,  169,  459,  108,  568,  241,  279,  202,  258,  253,  724,  432,  418,  526,  369,  329,  317,  557,  720,  193,  420,  376,  291,  255,  736,  625,  274,  385,  578,  667,  651,  718,  310,  567,  886,  490,  499,  356,  188,  261,  442,  283,  376,  120,   36,  193,  535,  611,  408,  321,  317,  531,  126,  346,  419,  418,  442,  195,  616,  333,  492,  142,  151,  168,  262,  617,  481,  683,  314,  656,  109,  315,  571,  213,  302,  701,  250,  146,  590,  263,  539,  339,  300,  842,  243,  280,  483,  621,  200,  199,  134,  781,  295,  294,  668,  655,  257,  702,  721,  342,  281,  515,  143,  172,  146,  352,  162,  411,  597,  307,  189,  158,  625,  672,  353,  844,  428,  451,  365,  637,  653,  659,  422,  301,  635,  265],
        [  834,    0,  748,    0,  521,  704,  999,  948,  390,  799, 1094,  555,  509,  486,  364,  259,  948,  348,  660,  379,  660,  761, 1003,  794,  606,  708, 1133,  939,  789,  476,  608,  590,  928,  160, 1177,  409,  643,  988,  644,  331,  344,  849,  886,  404,  548, 1021,  223,  910,  934,   48, 1286, 1046, 1141, 1068,  200,  557,  395,  789,  618,  932,  436,  768,  899,  510,  959, 1074,  686,  593, 1043,  855, 1167,  987,  488,  944,  549,  626,  113, 1144,  347, 1123,  708,  978,  944,  935,  902,  866, 1017,  487,  488,  558,   34,  196,  601,  562,  992,  834,  906,  802,  560,  493,  915,  949,  791,  803,  562,  999,  684,  873,  507,  664,  778,  873,  214,  932,  482,  933,  949,  607,  829,  491,  685,  570,  377,  853, 1145,  482,  355,  766,  642,  714,  616,  958,  716, 1365,  747,  426,  833,  753,  995,  551,  967,  732,  997,  804, 1284,  901, 1247,  685,  838,  874,  649,  711, 1115,  923,  635,  783,  875,  945,  463, 1042,  661,  795,  509,  911,  763,  927,  966, 1181,  822,  581,  604,  610,  601,  853,  245,  812,  857,  890, 1178,  944,  534,  881,  409, 1164,  847,  240,  614,  521,  919, 1037,  144, 1010],
        [  596,    0,  660,  521,    0,  184,  723,  428,  202,  907,  853,   39,   24,  492,  314,  366, 1022,  475,  525,  223,  776,  443,  740,  303,  457,  226,  824,  419,  451,  569,  628,   98,  425,  478,  835,  139,  797,  533,  440,  240,  183,  329,  861,  381,  368,  755,  565,  776,  909,  477,  948,  878,  774,  642,  330,   42,  546,  273,  129,  962,  633,  586,  404,   78,  875,  945,  826,  508,  698,  750,  805,  867,  572,  843,  645,  413,  413,  894,  532,  768,  869,  701,  966,  499,  396,  847,  688,  294,  405,  655,  488,  335,  719,  278,  559,  333,  422,  286,  705,   95,  397,  553,  363,  924,  555,  820,  296,  915,  704,  659,  695,  662,  443,  470,  705,  966,  669,  170,  659,  327,  315,  249,  293,  634,  742,  349,  256,  766,  661,  746,  724,  498,  298, 1044,  863,   97,  769,  868,  567,  473,  707,  214,  849,  612,  988,  645,  975,  834,  541,  354,  429,  436,  789,  454,  696,  554,  732,  431,  435,  904,  144,  294,  578,  411,  244,  620,  726,  872,  795,  577,  577,  322,  609,  485,  293,  507,  644,  814,  784,  460,  308,  361,  280,  910,  508,  284,  100,    2, 1027,  844,  396,  852],
        [  588,    0,  708,  704,  184,    0,  680,  248,  356,  995,  816,  154,  199,  600,  457,  530, 1093,  618,  576,  376,  877,  421,  702,  161,  518,  130,  756,  241,  414,  688,  717,  133,  256,  651,  750,  307,  906,  399,  481,  406,  363,  151,  911,  508,  442,  714,  732,  792,  955,  660,  858,  871,  679,  521,  511,  148,  682,   93,  120, 1023,  768,  607,  244,  209,  901,  949,  930,  582,  621,  780,  711,  881,  688,  866,  755,  457,  596,  850,  677,  679,  975,  660, 1024,  383,  225,  900,  621,  393,  506,  763,  671,  516,  826,  337,  439,  174,  272,  107,  821,  230,  224,  460,  280, 1015,  648,  813,  273,  983,  833,  737,  740,  658,  610,  336,  839, 1027,  630,  182,  673,  423,  297,  302,  435,  630,  628,  449,  410,  833,  745,  824,  828,  363,  247,  959,  956,  280,  812,  961,  449,  558,  675,   35,  853,  624,  917,  621,  916,  939,  511,  178,  466,  441,  715,  316,  789,  557,  749,  251,  545,  908,   50,  140,  689,  245,   62,  573,  700,  801,  849,  667,  658,  358,  697,  422,  471,  480,  641,  849,  673,  306,  384,  184,  412,  863,  459,  466,   93,  184, 1108,  829,  576,  851],
        [  167,    0,  343,  999,  723,  680,    0,  758,  665,  642,  137,  733,  745,  542,  641,  742,  646,  679,  354,  663,  619,  281,   29,  541,  396,  551,  139,  766,  273,  605,  500,  636,  569,  853,  206,  699,  672,  405,  356,  709,  759,  732,  439,  596,  454,   35,  859,  254,  455,  979,  299,  234,  221,  331,  833,  694,  676,  644,  613,  556,  710,  248,  538,  655,  354,  325,  662,  427,  140,  300,  229,  299,  594,  319,  593,  376,  944,  172,  714,  190,  702,   23,  546,  360,  583,  445,  104,  528,  513,  592,  979,  835,  616,  478,  346,  561,  497,  638,  650,  651,  783,  264,  402,  667,  494,  190,  428,  553,  713,  461,  341,  151,  792,  430,  744,  561,   54,  555,  217,  515,  409,  492,  633,  158,  299,  519,  671,  459,  492,  503,  604,  419,  439,  367,  638,  764,  363,  638,  333,  461,   41,  658,  250,  214,  286,   99,  258,  676,  183,  748,  353,  304,  141,  449,  542,  217,  239,  635,  545,  290,  659,  570,  574,  556,  662,  108,   69,  185,  422,  488,  458,  424,  490,  260,  793,  216,  160,  349,  296,  498,  483,  747,  605,  188,  222,  825,  668,  722,  696,  182,  865,  234],
        [  717,    0,  880,  948,  428,  248,  758,    0,  602, 1192,  890,  394,  440,  821,  698,  776, 1272,  856,  760,  621, 1085,  557,  785,  251,  713,  308,  794,   16,  537,  912,  922,  376,  192,  898,  762,  554, 1120,  375,  665,  653,  609,  100, 1075,  742,  651,  791,  979,  930, 1114,  903,  855,  979,  682,  497,  757,  394,  917,  180,  357, 1195, 1000,  761,  221,  456, 1044, 1065, 1139,  782,  659,  932,  711, 1011,  911, 1007,  972,  645,  838,  913,  915,  693, 1185,  743, 1193,  402,  175, 1068,  674,  619,  726,  979,  915,  762, 1039,  549,  435,  213,  262,  173, 1041,  476,   50,  498,  386, 1214,  857,  924,  443, 1162, 1060,  932,  908,  783,  856,  333, 1070, 1199,  719,  404,  816,  646,  466,  515,  676,  758,  603,  672,  655, 1015,  946, 1018, 1039,  349,  401,  956, 1158,  523,  975, 1162,  448,  766,  766,  227,  974,  768,  938,  728,  954, 1150,  625,   76,  647,  600,  746,  312,  994,  700,  889,  128,  770, 1026,  295,  226,  909,  203,  195,  657,  798,  830, 1021,  873,  860,  553,  901,  510,  717,  600,  769, 1002,  648,  267,  599,   68,  650,  921,  558,  711,  340,  428, 1297,  931,  822,  967],
        [  512,    0,  515,  390,  202,  356,  665,  602,    0,  722,  781,  240,  206,  304,  113,  175,  846,  274,  387,   21,  586,  397,  676,  413,  317,  327,  787,  596,  420,  374,  449,  226,  548,  302,  819,   69,  602,  599,  325,   59,   99,  506,  706,  186,  230,  693,  377,  654,  755,  354,  931,  773,  773,  683,  192,  220,  345,  427,  247,  795,  432,  474,  517,  148,  739,  827,  634,  349,  681,  615,  801,  744,  378,  712,  453,  299,  302,  828,  330,  758,  675,  643,  802,  547,  525,  689,  660,  145,  231,  463,  360,  195,  527,  191,  605,  455,  519,  438,  509,  126,  579,  568,  402,  738,  377,  718,  297,  744,  504,  488,  550,  568,  256,  543,  504,  798,  612,  222,  546,  170,  302,  188,   94,  542,  766,  183,   55,  600,  484,  570,  533,  569,  327, 1019,  675,  153,  621,  681,  609,  307,  640,  376,  735,  506,  948,  573,  922,  641,  488,  533,  322,  362,  762,  534,  512,  462,  611,  574,  249,  789,  307,  418,  387,  530,  407,  576,  649,  837,  637,  400,  406,  245,  431,  478,  146,  457,  550,  673,  802,  558,  184,  539,   91,  846,  481,  168,  265,  202,  845,  749,  247,  742],
        [  542,    0,  332,  799,  907,  995,  642, 1192,  722,    0,  629,  940,  918,  418,  616,  636,  151,  492,  434,  704,  144,  655,  622,  942,  481,  890,  758, 1193,  686,  359,  280,  878, 1044,  650,  838,  790,  158,  953,  528,  717,  802, 1121,  222,  538,  554,  635,  579,  394,  237,  812,  902,  494,  862,  934,  756,  907,  422, 1020,  878,  167,  364,  462, 1004,  832,  334,  452,  115,  414,  773,  343,  869,  396,  351,  352,  275,  548,  822,  670,  465,  831,  111,  635,  184,  888, 1041,  208,  733,  615,  502,  265,  801,  753,  206,  659,  909,  983,  977, 1023,  242,  813, 1192,  820,  820,   26,  352,  490,  749,  120,  295,  261,  316,  506,  616,  940,  323,  165,  630,  813,  442,  583,  727,  694,  631,  516,  934,  559,  680,  192,  250,  175,  195,  947,  792,  927,   52,  874,  279,   46,  901,  439,  603,  995,  441,  474,  830,  580,  768,  119,  631, 1146,  546,  600,  777,  950,  211,  530,  403, 1102,  475,  447,  950,  966,  338, 1025, 1019,  666,  573,  786,  221,  331,  338,  643,  300,  742,  745,  638,  507,  302,  936,  999,  614, 1149,  633,  687,  696,  787,  926,  906,  125,  527,  735,  464],
        [  270,    0,  381, 1094,  853,  816,  137,  890,  781,  629,    0,  865,  875,  619,  745,  840,  601,  760,  435,  777,  637,  411,  115,  677,  490,  687,  149,  899,  407,  667,  547,  769,  700,  942,  230,  820,  691,  530,  461,  822,  878,  868,  410,  691,  561,  103,  936,  242,  411, 1078,  275,  148,  285,  439,  939,  826,  745,  780,  747,  513,  765,  327,  671,  784,  304,  231,  671,  505,  245,  303,  277,  241,  656,  279,  639,  485, 1048,   51,  787,  256,  706,  157,  499,  490,  716,  422,  220,  640,  607,  636, 1077,  940,  647,  599,  469,  696,  629,  774,  687,  778,  917,  393,  538,  653,  558,  139,  561,  524,  755,  499,  367,  222,  883,  560,  788,  517,  187,  687,  270,  623,  541,  616,  740,  243,  381,  623,  781,  465,  530,  519,  632,  547,  574,  306,  636,  889,  361,  635,  456,  545,  146,  794,  191,  291,  210,  211,  158,  685,  313,  884,  462,  425,  188,  580,  574,  320,  251,  766,  632,  208,  795,  706,  634,  688,  799,  244,  133,  163,  415,  547,  518,  545,  542,  396,  901,  346,  238,  327,  362,  628,  598,  882,  714,   71,  358,  936,  802,  852,  659,  104,  966,  169],
        [  613,    0,  687,  555,   39,  154,  733,  394,  240,  940,  865,    0,   47,  526,  351,  404, 1053,  513,  552,  261,  810,  455,  752,  286,  485,  216,  830,  385,  461,  605,  661,   98,  403,  515,  837,  177,  832,  522,  464,  279,  219,  295,  889,  417,  397,  766,  604,  798,  936,  510,  950,  896,  774,  635,  366,   41,  584,  245,  125,  992,  671,  608,  384,  108,  899,  965,  861,  538,  701,  774,  805,  889,  608,  866,  680,  437,  445,  905,  570,  769,  904,  712,  995,  492,  373,  875,  694,  326,  438,  690,  522,  371,  754,  302,  551,  313,  405,  259,  741,  128,  362,  552,  361,  958,  588,  838,  305,  945,  741,  691,  721,  680,  481,  458,  743,  995,  680,  178,  680,  358,  325,  272,  331,  652,  737,  381,  294,  796,  693,  777,  759,  486,  301, 1047,  896,  130,  795,  901,  560,  505,  720,  186,  869,  632,  993,  658,  984,  869,  553,  320,  452,  454,  793,  441,  729,  572,  753,  404,  469,  924,  121,  275,  613,  389,  216,  629,  740,  877,  823,  610,  608,  343,  641,  490,  329,  519,  662,  839,  780,  442,  336,  327,  317,  920,  516,  319,   81,   39, 1059,  861,  432,  871],
        [  617,    0,  677,  509,   24,  199,  745,  440,  206,  918,  875,   47,    0,  501,  319,  364, 1035,  479,  542,  227,  785,  465,  762,  324,  473,  248,  847,  431,  474,  577,  640,  121,  445,  472,  859,  140,  805,  556,  459,  239,  175,  341,  877,  388,  384,  777,  562,  795,  925,  464,  971,  898,  798,  665,  321,   64,  551,  290,  152,  977,  637,  606,  424,   96,  893,  964,  836,  522,  721,  767,  829,  886,  581,  861,  654,  431,  399,  916,  534,  791,  877,  723,  981,  522,  415,  863,  711,  308,  417,  664,  476,  326,  728,  296,  582,  354,  443,  303,  713,  110,  407,  576,  387,  935,  567,  840,  319,  929,  710,  673,  711,  682,  439,  492,  710,  980,  692,  193,  678,  340,  337,  269,  299,  655,  766,  361,  259,  780,  673,  758,  734,  521,  322, 1067,  873,   84,  785,  878,  590,  487,  729,  230,  869,  632, 1011,  666,  998,  843,  563,  366,  448,  457,  812,  476,  707,  574,  751,  448,  445,  924,  163,  314,  587,  430,  260,  642,  747,  895,  810,  589,  590,  342,  621,  509,  285,  530,  664,  831,  808,  481,  324,  372,  289,  932,  531,  273,  119,   25, 1039,  865,  387,  872],
        [  377,    0,  263,  486,  492,  600,  542,  821,  304,  418,  619,  526,  501,    0,  202,  252,  544,  142,  189,  287,  285,  374,  540,  583,  161,  514,  680,  819,  409,   94,  148,  474,  705,  328,  738,  372,  308,  674,  219,  304,  388,  738,  423,  123,  175,  559,  318,  424,  472,  478,  839,  561,  721,  707,  371,  495,  138,  642,  480,  498,  198,  297,  667,  420,  480,  590,  336,  116,  619,  370,  742,  503,   91,  462,  156,  219,  464,  670,  172,  697,  379,  523,  506,  608,  694,  404,  585,  207,   95,  165,  473,  370,  229,  272,  651,  627,  650,  648,  222,  399,  812,  578,  494,  434,   82,  515,  395,  445,  243,  196,  294,  401,  272,  639,  259,  501,  499,  421,  350,  177,  379,  306,  214,  386,  754,  151,  265,  308,  184,  270,  233,  655,  440,  906,  372,  457,  354,  378,  648,   86,  505,  606,  511,  333,  819,  445,  776,  344,  414,  765,  234,  309,  673,  640,  208,  331,  390,  753,   57,  557,  552,  601,   90,  685,  633,  494,  498,  726,  354,  105,  122,  280,  133,  479,  349,  399,  388,  411,  776,  682,  222,  769,  215,  690,  451,  391,  521,  491,  541,  554,  374,  525],
        [  478,    0,  438,  364,  314,  457,  641,  698,  113,  616,  745,  351,  319,  202,    0,  108,  745,  163,  323,   93,  477,  398,  647,  489,  258,  406,  772,  693,  427,  263,  350,  325,  623,  238,  813,  181,  491,  646,  286,  103,  187,  605,  618,   80,  187,  665,  293,  589,  668,  340,  924,  717,  777,  713,  196,  328,  233,  520,  341,  699,  320,  423,  589,  253,  663,  761,  525,  270,  679,  543,  803,  675,  268,  639,  344,  265,  304,  794,  221,  759,  564,  619,  707,  587,  604,  600,  654,  124,  148,  354,  341,  196,  417,  206,  641,  533,  584,  529,  398,  231,  679,  590,  448,  630,  280,  665,  338,  646,  392,  394,  472,  525,  181,  596,  392,  702,  590,  300,  491,  128,  334,  223,   23,  502,  785,  123,   65,  506,  385,  471,  425,  619,  377, 1004,  568,  262,  540,  574,  643,  225,  611,  472,  674,  458,  926,  544,  894,  531,  475,  632,  289,  348,  752,  591,  408,  427,  549,  657,  150,  725,  407,  499,  278,  604,  503,  564,  614,  821,  549,  303,  314,  250,  333,  493,  161,  448,  507,  595,  817,  621,  172,  638,   53,  813,  484,  200,  368,  313,  740,  699,  225,  684],
        [  577,    0,  511,  259,  366,  530,  742,  776,  175,  636,  840,  404,  364,  252,  108,    0,  776,  146,  409,  157,  493,  505,  746,  583,  351,  498,  874,  770,  535,  279,  394,  400,  718,  133,  919,  228,  496,  751,  386,  126,  198,  680,  673,  150,  290,  764,  203,  669,  723,  239, 1028,  801,  884,  820,  122,  390,  219,  602,  422,  741,  298,  514,  685,  322,  731,  838,  534,  347,  786,  618,  910,  751,  288,  711,  363,  368,  214,  890,  186,  865,  568,  720,  751,  693,  697,  654,  759,  232,  234,  373,  238,  120,  431,  313,  748,  626,  684,  613,  401,  301,  753,  698,  552,  647,  334,  752,  443,  684,  376,  446,  543,  619,   81,  700,  367,  743,  691,  392,  579,  234,  440,  327,  125,  598,  893,  224,  124,  556,  430,  513,  442,  723,  480, 1106,  586,  291,  606,  592,  750,  303,  710,  550,  755,  550, 1026,  644,  992,  537,  580,  707,  391,  453,  857,  693,  441,  526,  631,  746,  216,  803,  481,  590,  305,  699,  582,  669,  711,  923,  605,  356,  373,  357,  382,  601,  111,  554,  602,  662,  924,  721,  280,  713,  158,  909,  592,  151,  438,  366,  761,  788,  127,  767],
        [  582,    0,  393,  948, 1022, 1093,  646, 1272,  846,  151,  601, 1053, 1035,  544,  745,  776,    0,  633,  518,  830,  290,  720,  621, 1022,  576,  979,  742, 1275,  746,  497,  398,  983, 1111,  797,  825,  913,  309,  999,  614,  847,  932, 1209,  211,  666,  658,  631,  728,  393,  192,  959,  872,  455,  862,  962,  896, 1018,  566, 1108,  980,   90,  512,  516, 1073,  945,  298,  390,  265,  516,  784,  361,  864,  361,  488,  329,  414,  637,  967,  635,  611,  831,  256,  643,  102,  937, 1112,  211,  745,  728,  619,  404,  949,  894,  351,  760,  950, 1060, 1041, 1109,  389,  927, 1278,  859,  891,  153,  470,  469,  833,  111,  445,  363,  366,  531,  761,  996,  474,   86,  646,  913,  476,  696,  810,  795,  758,  548,  944,  674,  809,  261,  363,  277,  337,  999,  873,  881,  202,  998,  305,  196,  940,  549,  611, 1089,  411,  518,  786,  605,  721,  269,  676, 1233,  630,  673,  770, 1008,  338,  582,  418, 1173,  598,  398, 1050, 1047,  472, 1093, 1110,  692,  577,  763,  253,  447,  446,  736,  416,  794,  882,  690,  537,  299,  939, 1059,  719, 1235,  756,  649,  745,  924, 1030, 1021,   68,  498,  880,  433],
        [  513,    0,  401,  348,  475,  618,  679,  856,  274,  492,  760,  513,  479,  142,  163,  146,  633,    0,  327,  253,  348,  484,  678,  637,  287,  558,  816,  852,  518,  138,  263,  486,  768,  189,  871,  340,  351,  767,  338,  246,  329,  765,  543,  120,  263,  697,  181,  564,  592,  345,  975,  701,  848,  815,  264,  491,   75,  677,  501,  602,  160,  436,  732,  416,  612,  726,  389,  256,  746,  508,  871,  640,  148,  596,  219,  330,  340,  811,   60,  826,  424,  659,  613,  704,  752,  523,  715,  248,  179,  229,  338,  262,  286,  332,  752,  682,  723,  686,  256,  394,  840,  688,  575,  502,  214,  656,  467,  545,  236,  318,  430,  541,  137,  724,  232,  604,  633,  454,  491,  231,  457,  358,  185,  525,  873,  208,  221,  424,  298,  376,  298,  744,  510, 1044,  441,  415,  486,  447,  751,  219,  643,  632,  651,  472,  958,  581,  916,  392,  539,  793,  349,  423,  806,  722,  301,  465,  531,  807,  138,  695,  568,  650,  167,  749,  663,  623,  637,  863,  477,  233,  257,  360,  254,  588,  255,  519,  527,  543,  899,  758,  284,  798,  207,  831,  567,  297,  530,  475,  617,  695,  250,  665],
        [  190,    0,  136,  660,  525,  576,  354,  760,  387,  434,  435,  552,  542,  189,  323,  409,  518,  327,    0,  377,  343,  230,  352,  510,   71,  462,  492,  761,  264,  257,  184,  473,  612,  507,  552,  443,  388,  538,   96,  413,  484,  692,  338,  260,  161,  370,  506,  269,  385,  646,  651,  395,  539,  547,  516,  514,  323,  591,  466,  447,  365,  109,  572,  447,  354,  442,  396,   73,  437,  230,  558,  357,  247,  326,  266,  120,  621,  486,  361,  513,  442,  335,  449,  471,  608,  326,  402,  244,  177,  268,  644,  516,  313,  250,  503,  550,  546,  593,  334,  433,  762,  421,  388,  457,  149,  344,  317,  407,  384,  176,  170,  215,  448,  516,  410,  451,  311,  398,  171,  217,  295,  283,  323,  198,  580,  207,  370,  258,  196,  259,  307,  526,  359,  718,  404,  524,  244,  407,  498,  110,  317,  572,  352,  145,  631,  257,  590,  409,  240,  717,  114,  170,  486,  523,  250,  146,  227,  669,  198,  404,  535,  534,  230,  592,  593,  312,  311,  538,  274,  151,  124,  219,  166,  329,  483,  233,  200,  290,  598,  571,  219,  720,  304,  505,  291,  521,  519,  524,  538,  380,  535,  362],
        [  508,    0,  503,  379,  223,  376,  663,  621,   21,  704,  777,  261,  227,  287,   93,  157,  830,  253,  377,    0,  567,  399,  673,  429,  308,  343,  788,  615,  423,  354,  433,  245,  564,  285,  821,   89,  583,  610,  319,   50,  109,  526,  692,  167,  222,  691,  358,  644,  741,  345,  933,  766,  776,  691,  184,  240,  325,  446,  266,  780,  411,  466,  532,  168,  727,  818,  615,  336,  683,  604,  805,  734,  359,  701,  434,  294,  295,  825,  309,  761,  656,  641,  786,  557,  542,  675,  662,  138,  216,  444,  350,  187,  507,  193,  614,  471,  534,  457,  490,  146,  599,  575,  412,  719,  361,  711,  306,  728,  484,  473,  538,  562,  237,  555,  483,  782,  610,  238,  538,  161,  309,  194,   75,  537,  773,  171,   35,  585,  468,  554,  515,  580,  338, 1019,  657,  171,  609,  662,  618,  294,  637,  395,  727,  499,  947,  570,  920,  622,  488,  553,  317,  361,  763,  547,  495,  458,  602,  591,  232,  779,  327,  435,  368,  546,  427,  577,  645,  837,  623,  384,  391,  246,  415,  483,  139,  457,  544,  661,  808,  572,  181,  559,   76,  843,  483,  164,  285,  222,  827,  743,  236,  734],
        [  490,    0,  280,  660,  776,  877,  619, 1085,  586,  144,  637,  810,  785,  285,  477,  493,  290,  348,  343,  567,    0,  573,  604,  839,  375,  780,  748, 1085,  606,  217,  165,  754,  950,  508,  824,  654,   54,  879,  429,  577,  662, 1009,  271,  401,  437,  620,  441,  396,  308,  670,  902,  522,  834,  878,  612,  779,  279,  910,  758,  278,  224,  402,  910,  703,  377,  504,   55,  305,  738,  335,  846,  431,  210,  382,  134,  445,  678,  684,  322,  805,  101,  607,  293,  813,  943,  251,  699,  488,  374,  124,  660,  609,   63,  542,  842,  881,  886,  914,  100,  683, 1082,  757,  728,  155,  230,  502,  645,  220,  163,  172,  279,  471,  473,  859,  195,  278,  596,  695,  404,  457,  625,  577,  493,  474,  894,  432,  542,  174,  147,  119,   53,  869,  690,  942,   93,  737,  278,   99,  836,  321,  579,  880,  466,  423,  846,  542,  788,   66,  568, 1035,  448,  512,  759,  865,   94,  466,  390, 1004,  341,  488,  830,  861,  200,  930,  905,  620,  555,  784,  231,  213,  228,  533,  185,  669,  602,  569,  468,  323,  904,  913,  494, 1038,  498,  703,  627,  644,  802,  775,  269,  542,  592,  487],
        [  169,    0,  329,  761,  443,  421,  281,  557,  397,  655,  411,  455,  465,  374,  398,  505,  720,  484,  230,  399,  573,    0,  298,  311,  217,  292,  393,  561,   36,  462,  413,  359,  392,  630,  422,  423,  618,  309,  157,  448,  487,  505,  519,  376,  223,  313,  661,  378,  558,  734,  535,  451,  380,  334,  578,  415,  508,  407,  339,  640,  570,  205,  353,  375,  490,  529,  626,  282,  285,  375,  407,  464,  455,  454,  489,  157,  691,  452,  533,  364,  672,  259,  637,  242,  393,  513,  263,  275,  305,  493,  737,  581,  542,  207,  279,  345,  323,  405,  559,  371,  569,  206,  172,  679,  367,  393,  153,  610,  603,  404,  354,  238,  570,  287,  625,  644,  227,  277,  261,  272,  131,  215,  385,  210,  391,  286,  413,  469,  426,  483,  536,  297,  175,  622,  630,  484,  420,  633,  276,  292,  265,  405,  433,  212,  555,  205,  536,  638,   99,  527,  141,   66,  365,  295,  480,  144,  335,  453,  349,  488,  392,  338,  442,  374,  417,  182,  286,  442,  467,  375,  351,  154,  395,  106,  535,   65,  222,  445,  420,  344,  227,  528,  353,  468,   87,  563,  395,  442,  750,  411,  620,  431],
        [  170,    0,  330, 1003,  740,  702,   29,  785,  676,  622,  115,  752,  762,  540,  647,  746,  621,  678,  352,  673,  604,  298,    0,  565,  398,  573,  146,  793,  293,  599,  490,  655,  596,  855,  220,  712,  658,  433,  362,  719,  771,  757,  415,  599,  461,   19,  858,  232,  430,  984,  305,  205,  243,  359,  840,  712,  672,  668,  633,  532,  703,  244,  565,  672,  328,  296,  645,  424,  167,  280,  248,  272,  588,  294,  583,  384,  951,  155,  711,  211,  685,   43,  521,  388,  610,  422,  132,  537,  515,  582,  984,  842,  604,  490,  374,  586,  524,  662,  639,  666,  809,  292,  425,  647,  488,  162,  447,  530,  703,  449,  326,  142,  795,  457,  735,  536,   73,  574,  206,  522,  427,  506,  640,  154,  325,  525,  679,  441,  480,  487,  591,  447,  460,  367,  620,  778,  343,  620,  362,  460,   37,  681,  222,  209,  281,  104,  248,  659,  199,  774,  360,  316,  157,  476,  530,  221,  220,  662,  545,  262,  681,  594,  568,  583,  686,  131,   50,  188,  402,  481,  451,  436,  482,  284,  801,  233,  154,  327,  319,  526,  493,  773,  613,  172,  244,  834,  688,  739,  673,  153,  871,  206],
        [  475,    0,  629,  794,  303,  161,  541,  251,  413,  942,  677,  286,  324,  583,  489,  583, 1022,  637,  510,  429,  839,  311,  565,    0,  465,   87,  605,  253,  294,  676,  675,  212,  136,  713,  593,  386,  876,  240,  415,  471,  454,  196,  826,  518,  410,  575,  780,  687,  867,  754,  700,  748,  521,  360,  595,  261,  690,  103,  181,  945,  771,  513,  106,  287,  800,  831,  893,  535,  468,  685,  552,  771,  673,  763,  730,  396,  694,  707,  696,  522,  939,  523,  943,  223,  115,  819,  473,  391,  490,  736,  763,  599,  795,  312,  278,   45,  120,   98,  800,  302,  259,  304,  144,  965,  612,  691,  195,  911,  825,  682,  658,  543,  663,  176,  838,  949,  495,  192,  571,  414,  216,  281,  468,  517,  468,  440,  460,  765,  697,  768,  794,  204,  151,  801,  909,  391,  727,  913,  289,  522,  541,  130,  737,  522,  763,  495,  766,  904,  387,  217,  397,  350,  561,  157,  747,  454,  645,  171,  535,  791,  169,   29,  669,  117,  125,  435,  570,  648,  771,  627,  612,  307,  655,  282,  550,  360,  528,  755,  513,  158,  363,  218,  438,  719,  326,  557,  206,  302, 1046,  703,  656,  732],
        [  229,    0,  204,  606,  457,  518,  396,  713,  317,  481,  490,  485,  473,  161,  258,  351,  576,  287,   71,  308,  375,  217,  398,  465,    0,  410,  532,  714,  252,  246,  211,  409,  576,  458,  585,  373,  415,  522,   61,  345,  415,  640,  405,  202,   91,  416,  468,  337,  452,  589,  689,  461,  563,  548,  453,  448,  298,  540,  405,  509,  354,  165,  536,  380,  424,  510,  429,   71,  461,  300,  585,  427,  239,  396,  276,   70,  560,  540,  329,  540,  476,  375,  512,  456,  569,  391,  429,  175,  118,  281,  588,  454,  335,  186,  495,  507,  514,  543,  347,  364,  712,  420,  355,  502,  154,  408,  271,  466,  387,  220,  239,  268,  397,  493,  409,  513,  348,  337,  234,  147,  250,  220,  256,  248,  594,  139,  303,  316,  233,  308,  332,  507,  315,  762,  446,  455,  312,  450,  492,   76,  362,  516,  420,  200,  679,  297,  642,  441,  255,  666,   78,  152,  520,  497,  283,  179,  295,  629,  150,  472,  475,  487,  226,  556,  539,  337,  361,  580,  339,  166,  148,  163,  191,  322,  418,  238,  252,  360,  616,  542,  150,  669,  236,  559,  292,  455,  456,  456,  591,  442,  476,  428],
        [  460,    0,  590,  708,  226,  130,  551,  308,  327,  890,  687,  216,  248,  514,  406,  498,  979,  558,  462,  343,  780,  292,  573,   87,  410,    0,  632,  307,  284,  606,  617,  130,  222,  627,  631,  300,  813,  308,  366,  384,  368,  231,  791,  440,  344,  585,  696,  666,  834,  668,  742,  741,  564,  420,  508,  185,  614,  131,   99,  906,  696,  483,  192,  202,  776,  820,  833,  478,  498,  656,  595,  754,  604,  740,  665,  344,  609,  721,  617,  561,  879,  531,  906,  277,  200,  782,  496,  315,  419,  672,  677,  513,  733,  242,  336,  129,  201,  135,  734,  216,  303,  342,  155,  912,  550,  683,  149,  869,  754,  630,  620,  529,  578,  245,  765,  910,  501,  107,  547,  340,  173,  208,  384,  501,  523,  366,  375,  720,  642,  717,  733,  273,  117,  840,  854,  310,  692,  858,  345,  460,  545,  115,  724,  497,  794,  491,  790,  844,  381,  257,  349,  317,  592,  230,  689,  430,  622,  251,  463,  779,  112,   93,  602,  204,  131,  444,  570,  678,  732,  568,  555,  248,  596,  294,  464,  350,  512,  726,  566,  240,  292,  260,  355,  735,  330,  471,  136,  225,  999,  700,  570,  722],
        [  304,    0,  476, 1133,  824,  756,  139,  794,  787,  758,  149,  830,  847,  680,  772,  874,  742,  816,  492,  788,  748,  393,  146,  605,  532,  632,    0,  804,  376,  743,  636,  732,  602,  988,   83,  815,  802,  421,  489,  835,  879,  784,  544,  731,  585,  129,  997,  365,  551, 1111,  160,  294,  141,  314,  962,  791,  814,  706,  706,  653,  848,  386,  578,  762,  445,  379,  788,  565,  138,  419,  130,  383,  732,  415,  729,  508, 1073,  138,  852,  115,  826,  158,  641,  395,  623,  554,  137,  656,  648,  727, 1111,  963,  749,  598,  360,  616,  536,  698,  785,  760,  825,  303,  478,  783,  632,  274,  528,  659,  849,  595,  470,  287,  928,  463,  880,  658,  184,  655,  352,  645,  512,  607,  763,  297,  239,  651,  797,  582,  626,  630,  736,  445,  529,  233,  759,  874,  481,  759,  347,  599,  178,  730,  332,  352,  164,  236,  163,  802,  300,  797,  484,  428,   49,  484,  675,  353,  360,  666,  681,  355,  743,  632,  712,  594,  729,  212,  195,   50,  539,  625,  596,  544,  627,  341,  920,  331,  297,  457,  215,  527,  609,  795,  734,  139,  317,  951,  759,  823,  799,  246,  997,  311],
        [  722,    0,  882,  939,  419,  241,  766,   16,  596, 1193,  899,  385,  431,  819,  693,  770, 1275,  852,  761,  615, 1085,  561,  793,  253,  714,  307,  804,    0,  542,  910,  922,  371,  202,  891,  773,  547, 1120,  387,  666,  646,  601,   91, 1079,  738,  651,  800,  972,  935, 1119,  894,  867,  986,  693,  509,  749,  386,  913,  178,  353, 1198,  997,  765,  229,  449, 1049, 1072, 1139,  782,  669,  936,  723, 1017,  909, 1012,  971,  646,  829,  922,  911,  704, 1185,  751, 1196,  411,  183, 1072,  683,  616,  724,  978,  906,  754, 1039,  548,  445,  217,  271,  172, 1039,  470,   35,  507,  390, 1215,  856,  931,  445, 1164, 1058,  933,  911,  789,  850,  342, 1068, 1202,  726,  401,  821,  644,  467,  513,  671,  763,  615,  670,  649, 1017,  946, 1019, 1039,  360,  403,  968, 1159,  514,  979, 1163,  459,  766,  774,  221,  980,  773,  949,  734,  965, 1150,  631,   66,  648,  603,  757,  321,  994,  704,  894,  140,  768, 1033,  289,  228,  908,  212,  190,  665,  805,  841, 1024,  873,  860,  553,  902,  517,  710,  606,  775, 1006,  661,  278,  598,   59,  646,  931,  565,  702,  333,  419, 1299,  938,  814,  973],
        [  182,    0,  357,  789,  451,  414,  273,  537,  420,  686,  407,  461,  474,  409,  427,  535,  746,  518,  264,  423,  606,   36,  293,  294,  252,  284,  376,  542,    0,  497,  447,  363,  366,  661,  400,  441,  651,  275,  192,  472,  508,  490,  543,  408,  256,  306,  693,  394,  580,  761,  513,  458,  354,  299,  604,  421,  543,  393,  341,  665,  605,  230,  328,  387,  508,  539,  658,  317,  261,  397,  382,  478,  490,  471,  524,  191,  717,  445,  567,  339,  705,  252,  661,  208,  369,  538,  243,  303,  339,  527,  764,  607,  576,  231,  244,  325,  295,  390,  593,  384,  551,  171,  152,  710,  402,  401,  156,  637,  638,  437,  381,  250,  601,  256,  660,  669,  221,  283,  280,  303,  137,  234,  413,  223,  360,  318,  439,  498,  459,  514,  570,  264,  169,  603,  661,  499,  444,  664,  240,  327,  263,  396,  445,  233,  540,  207,  525,  671,   97,  510,  176,  101,  345,  265,  513,  165,  353,  429,  384,  499,  390,  322,  477,  348,  406,  169,  286,  425,  493,  409,  385,  180,  429,   71,  560,   67,  235,  466,  390,  315,  256,  511,  381,  460,   61,  587,  396,  450,  778,  416,  648,  440],
        [  445,    0,  291,  476,  569,  688,  605,  912,  374,  359,  667,  605,  577,   94,  263,  279,  497,  138,  257,  354,  217,  462,  599,  676,  246,  606,  743,  910,  497,    0,  134,  560,  799,  317,  806,  442,  229,  765,  306,  361,  446,  828,  410,  189,  268,  617,  279,  452,  458,  478,  903,  590,  795,  792,  400,  577,   84,  733,  568,  465,  110,  358,  760,  500,  487,  606,  263,  187,  693,  392,  814,  520,   13,  475,   84,  308,  476,  718,  132,  770,  302,  587,  476,  699,  787,  390,  658,  296,  187,   94,  470,  397,  155,  365,  740,  720,  744,  739,  137,  479,  903,  665,  587,  371,  111,  551,  488,  408,  150,  190,  315,  458,  271,  731,  166,  467,  566,  511,  399,  267,  472,  398,  280,  447,  834,  241,  327,  290,  166,  240,  165,  747,  534,  963,  309,  524,  362,  315,  737,  171,  566,  696,  537,  391,  872,  510,  825,  268,  493,  855,  322,  397,  740,  733,  164,  402,  425,  846,  143,  577,  639,  694,   35,  779,  724,  568,  554,  787,  346,  121,  150,  373,  131,  567,  387,  481,  446,  419,  854,  775,  314,  859,  289,  738,  536,  429,  606,  568,  484,  592,  387,  554],
        [  352,    0,  166,  608,  628,  717,  500,  922,  449,  280,  547,  661,  640,  148,  350,  394,  398,  263,  184,  433,  165,  413,  490,  675,  211,  617,  636,  922,  447,  134,    0,  598,  786,  449,  705,  516,  206,  721,  266,  452,  536,  846,  281,  271,  276,  508,  412,  322,  330,  608,  795,  460,  704,  728,  515,  627,  218,  747,  600,  351,  220,  261,  746,  553,  353,  472,  219,  141,  604,  261,  720,  387,  122,  341,   94,  281,  601,  597,  266,  676,  265,  484,  359,  654,  779,  261,  566,  335,  224,   92,  600,  513,  130,  381,  687,  717,  723,  751,  154,  534,  919,  604,  564,  299,   73,  424,  481,  297,  214,   56,  185,  349,  400,  697,  245,  353,  467,  535,  285,  303,  460,  416,  361,  344,  755,  280,  412,  162,   37,  122,  124,  709,  525,  848,  240,  601,  228,  244,  681,  160,  460,  719,  406,  289,  755,  411,  704,  230,  419,  872,  284,  350,  639,  703,   73,  319,  299,  840,  201,  444,  672,  697,  100,  766,  744,  481,  442,  677,  214,   52,   64,  370,   21,  512,  495,  415,  341,  285,  769,  750,  335,  876,  359,  617,  473,  537,  646,  627,  399,  465,  511,  423],
