{
    "name": "random-32-3642",
    "comment": "size=32 seed=3642",
    "nodes": ["+0", "-0", "+1", "-1", "+2", "-2", "+3", "-3", "+4", "-4", "+5", "-5", "+6", "-6", "+7", "-7", "+8", "-8", "+9", "-9", "+10", "-10", "+11", "-11", "+12", "-12", "+13", "-13", "+14", "-14", "+15", "-15", "+16", "-16", "+17", "-17", "+18", "-18", "+19", "-19", "+20", "-20", "+21", "-21", "+22", "-22", "+23", "-23", "+24", "-24", "+25", "-25", "+26", "-26", "+27", "-27", "+28", "-28", "+29", "-29", "+30", "-30", "+31", "-31", "+32", "-32"],
    "precedence": {
        "+0": "-0",
        "+1": "-1",
        "+2": "-2",
        "+3": "-3",
        "+4": "-4",
        "+5": "-5",
        "+6": "-6",
        "+7": "-7",
        "+8": "-8",
        "+9": "-9",
        "+10": "-10",
        "+11": "-11",
        "+12": "-12",
        "+13": "-13",
        "+14": "-14",
        "+15": "-15",
        "+16": "-16",
        "+17": "-17",
        "+18": "-18",
        "+19": "-19",
        "+20": "-20",
        "+21": "-21",
        "+22": "-22",
        "+23": "-23",
        "+24": "-24",
        "+25": "-25",
        "+26": "-26",
        "+27": "-27",
        "+28": "-28",
        "+29": "-29",
        "+30": "-30",
        "+31": "-31",
        "+32": "-32"
    },
    "edges": [
        [    0,    0,  787,  833,  468,  522,  858,   93,  574,  264,  595,  328,  553,  367,  879,  384, 1091,  725,  747,  708,  492,   65,  752,  241,  835, 1150,  957,  661,  695,  562,  937,  705,  550,  556,  602,  798, 1110,  468,  593,  686,  925,  908,  680,  772,  489,  487,  977,  347,   79,  763,  560,  425,  549,  712, 1063,  719, 1015,  731,  589, 1158,  756,  922,  738,  519,  275, 1045],
        [    0,    0,  787,  833,  468,  522,  858,   93,  574,  264,  595,  328,  553,  367,  879,  384, 1091,  725,  747,  708,  492,   65,  752,  241,  835, 1150,  957,  661,  695,  562,  937,  705,  550,  556,  602,  798, 1110,  468,  593,  686,  925,  908,  680,  772,  489,  487,  977,  347,   79,  763,  560,  425,  549,  712, 1063,  719, 1015,  731,  589, 1158,  756,  922,  738,  519,  275, 1045],
        [  787,  787,    0,  725,  387,  798, 1213,  751,  224,  860, 1004,  557,  957,  421,  719,  423,  838, 1108,  154,  435,  880,  832,  521,  630, 1173,  873,  565,  556,  208, 1018, 1095, 1066,  426,  799,  481,  320,  836,  763,  929,  343,  658,  357, 1048,  334,  540,  633, 1103,  440,  709, 1079,  964,  545,  804, 1070,  923, 1100,  497,  377,  855,  791,  390,  506,   50,  996,  809,  618],
        [  833,  833,  725,    0,  504,  379,  605,  743,  613,  670,  529,  528,  509,  694,   58,  593,  264,  556,  572,  293,  480,  897,  205,  599,  564,  323,  292,  209,  523,  576,  401,  516,  384,  347,  300,  422,  287,  408,  439,  387,  163,  459,  512,  399,  364,  347,  395,  695,  788,  488,  510,  427,  358,  515,  241,  550,  431,  349,  365,  369,  339,  316,  705,  587,  617,  349],
        [  468,  468,  387,  504,    0,  430,  858,  406,  173,  480,  628,  175,  580,  195,  528,  102,  719,  742,  297,  271,  501,  526,  344,  260,  820,  772,  521,  296,  237,  637,  791,  702,  123,  439,  205,  332,  731,  387,  562,  224,  530,  442,  682,  307,  182,  270,  812,  200,  396,  726,  587,  165,  442,  706,  743,  734,  556,  274,  496,  746,  301,  476,  342,  612,  426,  607],
        [  522,  522,  798,  379,  430,    0,  429,  431,  601,  305,  209,  320,  167,  551,  436,  461,  639,  312,  672,  444,  108,  581,  420,  336,  392,  698,  616,  316,  605,  235,  422,  272,  375,   36,  340,  600,  664,   59,  132,  498,  523,  690,  252,  568,  259,  166,  459,  541,  503,  300,  172,  268,   28,  277,  572,  304,  730,  504,   74,  747,  515,  611,  759,  229,  262,  694],
        [  858,  858, 1213,  605,  858,  429,    0,  780, 1025,  595,  266,  743,  313,  975,  654,  888,  779,  134, 1075,  813,  388,  903,  755,  738,   42,  824,  896,  676, 1011,  298,  270,  162,  788,  420,  735,  971,  807,  479,  301,  888,  765, 1039,  187,  941,  681,  589,  315,  963,  867,  134,  305,  696,  416,  157,  645,  140, 1033,  878,  362,  925,  881,  915, 1176,  341,  590,  950],
        [   93,   93,  751,  743,  406,  431,  780,    0,  532,  193,  515,  251,  471,  341,  790,  334, 1002,  647,  696,  631,  406,  155,  670,  159,  755, 1061,  877,  575,  640,  486,  848,  624,  475,  464,  521,  732, 1022,  376,  507,  617,  839,  842,  599,  703,  405,  397,  887,  321,   91,  680,  478,  342,  458,  631,  971,  640,  942,  658,  498, 1073,  683,  845,  702,  445,  192,  965],
        [  574,  574,  224,  613,  173,  601, 1025,  532,    0,  637,  801,  336,  752,  217,  624,  201,  788,  912,  184,  332,  673,  624,  421,  407,  987,  834,  546,  414,  155,  809,  941,  872,  248,  606,  324,  305,  793,  559,  732,  245,  596,  398,  852,  295,  345,  437,  957,  235,  496,  893,  759,  337,  610,  876,  840,  904,  535,  299,  664,  782,  323,  491,  176,  784,  587,  621],
        [  264,  264,  860,  670,  480,  305,  595,  193,  637,    0,  333,  305,  294,  486,  723,  442,  933,  463,  775,  637,  244,  309,  650,  234,  573,  992,  861,  545,  711,  299,  693,  444,  504,  341,  520,  768,  956,  264,  343,  652,  794,  874,  419,  737,  399,  348,  736,  467,  283,  504,  300,  353,  332,  451,  876,  457,  951,  681,  358, 1027,  701,  841,  813,  256,   60,  946],
        [  595,  595, 1004,  529,  628,  209,  266,  515,  801,  333,    0,  493,   50,  723,  586,  643,  766,  133,  880,  648,  131,  642,  615,  477,  241,  821,  797,  516,  814,   56,  387,  111,  583,  219,  548,  807,  793,  242,   92,  706,  687,  893,   87,  774,  465,  372,  435,  709,  602,  175,   43,  464,  211,  118,  666,  126,  921,  710,  174,  893,  720,  800,  963,   91,  324,  869],
        [  328,  328,  557,  528,  175,  320,  743,  251,  336,  305,  493,    0,  443,  233,  568,  153,  777,  617,  472,  381,  362,  392,  425,   93,  708,  834,  630,  339,  410,  491,  728,  581,  225,  340,  274,  485,  793,  266,  442,  369,  603,  594,  558,  456,  167,  200,  758,  221,  269,  618,  450,  103,  340,  587,  767,  609,  692,  409,  393,  834,  433,  596,  511,  461,  253,  718],
        [  553,  553,  957,  509,  580,  167,  313,  471,  752,  294,   50,  443,    0,  673,  566,  593,  754,  180,  835,  609,   81,  602,  580,  428,  285,  810,  769,  479,  768,   71,  409,  153,  537,  182,  506,  767,  780,  195,   73,  664,  664,  855,  128,  734,  419,  327,  456,  659,  557,  211,    8,  416,  172,  160,  662,  173,  889,  670,  145,  876,  681,  768,  916,   81,  280,  842],
        [  367,  367,  421,  694,  195,  551,  975,  341,  217,  486,  723,  233,  673,    0,  721,  103,  913,  849,  399,  462,  593,  412,  537,  259,  940,  966,  708,  487,  360,  717,  949,  814,  317,  569,  398,  493,  924,  498,  674,  401,  724,  597,  790,  475,  346,  414,  975,   21,  289,  850,  680,  299,  569,  819,  934,  841,  725,  456,  624,  937,  483,  659,  372,  684,  447,  791],
        [  879,  879,  719,   58,  528,  436,  654,  790,  624,  723,  586,  568,  566,  721,    0,  621,  213,  610,  566,  295,  537,  943,  204,  642,  614,  272,  247,  236,  521,  634,  437,  571,  406,  404,  324,  407,  234,  463,  497,  388,  112,  431,  568,  387,  402,  394,  427,  723,  831,  540,  568,  466,  415,  569,  217,  605,  388,  344,  423,  312,  330,  278,  702,  644,  669,  297],
        [  384,  384,  423,  593,  102,  461,  888,  334,  201,  442,  643,  153,  593,  103,  621,    0,  816,  765,  365,  372,  513,  438,  442,  209,  852,  870,  623,  386,  312,  643,  850,  728,  220,  476,  299,  427,  829,  410,  587,  323,  629,  535,  706,  404,  244,  316,  875,  103,  308,  760,  601,  201,  477,  733,  833,  757,  654,  375,  532,  847,  402,  578,  375,  613,  395,  708],
        [ 1091, 1091,  838,  264,  719,  639,  779, 1002,  788,  933,  766,  777,  754,  913,  213,  816,    0,  765,  691,  460,  736, 1156,  377,  854,  743,   60,  279,  439,  661,  818,  523,  730,  597,  606,  519,  520,   28,  671,  682,  543,  192,  498,  732,  512,  610,  607,  493,  917, 1042,  686,  754,  674,  616,  727,  149,  761,  395,  490,  616,  152,  468,  336,  832,  834,  880,  260],
        [  725,  725, 1108,  556,  742,  312,  134,  647,  912,  463,  133,  617,  180,  849,  610,  765,  765,    0,  976,  726,  258,  771,  679,  607,  112,  816,  841,  590,  911,  166,  310,   43,  683,  309,  637,  886,  793,  357,  181,  794,  719,  963,   61,  854,  570,  476,  360,  836,  734,   85,  173,  578,  304,   43,  646,    8,  973,  790,  254,  903,  796,  853, 1069,  209,  456,  904],
        [  747,  747,  154,  572,  297,  672, 1075,  696,  184,  775,  880,  472,  835,  399,  566,  365,  691,  976,    0,  283,  761,  800,  368,  555, 1035,  728,  423,  408,   67,  899,  946,  934,  298,  668,  341,  172,  691,  643,  800,  193,  508,  234,  917,  182,  417,  508,  953,  417,  670,  942,  841,  436,  675,  937,  771,  968,  378,  223,  723,  655,  236,  364,  142,  881,  720,  485],
        [  708,  708,  435,  293,  271,  444,  813,  631,  332,  637,  648,  381,  609,  462,  295,  372,  460,  726,  283,    0,  547,  770,   91,  472,  772,  509,  253,  137,  230,  679,  665,  683,  160,  430,  118,  160,  468,  433,  561,   95,  268,  248,  670,  129,  239,  303,  671,  469,  643,  681,  614,  293,  439,  685,  510,  719,  316,   66,  479,  476,   72,  215,  413,  670,  578,  340],
        [  492,  492,  880,  480,  501,  108,  388,  406,  673,  244,  131,  362,   81,  593,  537,  513,  736,  258,  761,  547,    0,  545,  526,  350,  358,  793,  723,  421,  695,  139,  450,  226,  463,  134,  439,  701,  761,  119,  102,  595,  628,  794,  202,  668,  344,  254,  493,  579,  489,  276,   89,  337,  124,  233,  658,  251,  837,  605,  124,  849,  618,  718,  838,  124,  217,  801],
        [   65,   65,  832,  897,  526,  581,  903,  155,  624,  309,  642,  392,  602,  412,  943,  438, 1156,  771,  800,  770,  545,    0,  816,  305,  881, 1214, 1020,  725,  750,  606,  992,  752,  612,  615,  665,  858, 1174,  528,  646,  746,  990,  967,  727,  832,  553,  551, 1034,  392,  131,  812,  609,  489,  609,  759, 1126,  765, 1077,  792,  646, 1222,  817,  985,  783,  563,  329, 1108],
        [  752,  752,  521,  205,  344,  420,  755,  670,  421,  650,  615,  425,  580,  537,  204,  442,  377,  679,  368,   91,  526,  816,    0,  512,  714,  429,  212,  108,  319,  651,  589,  636,  223,  399,  153,  224,  388,  421,  524,  184,  187,  285,  625,  198,  266,  304,  591,  543,  693,  626,  584,  328,  409,  637,  420,  672,  312,  145,  441,  410,  136,  194,  501,  648,  592,  298],
        [  241,  241,  630,  599,  260,  336,  738,  159,  407,  234,  477,   93,  428,  259,  642,  209,  854,  607,  555,  472,  350,  305,  512,    0,  706,  912,  719,  421,  496,  465,  756,  576,  317,  363,  362,  577,  872,  278,  442,  461,  685,  686,  551,  548,  248,  256,  790,  242,  190,  621,  435,  185,  360,  582,  833,  600,  784,  501,  409,  918,  525,  686,  582,  430,  190,  807],
        [  835,  835, 1173,  564,  820,  392,   42,  755,  987,  573,  241,  708,  285,  940,  614,  852,  743,  112, 1035,  772,  358,  881,  714,  706,    0,  789,  855,  635,  971,  278,  242,  132,  749,  381,  694,  930,  771,  443,  267,  847,  725,  998,  157,  899,  642,  550,  289,  928,  841,   94,  277,  659,  378,  126,  611,  117,  992,  837,  324,  888,  839,  874, 1137,  321,  564,  910],
        [ 1150, 1150,  873,  323,  772,  698,  824, 1061,  834,  992,  821,  834,  810,  966,  272,  870,   60,  816,  728,  509,  793, 1214,  429,  912,  789,    0,  309,  496,  703,  873,  563,  782,  651,  664,  574,  557,   42,  730,  738,  589,  242,  526,  785,  552,  667,  665,  530,  971, 1100,  735,  810,  732,  674,  778,  182,  812,  411,  535,  673,  130,  512,  368,  869,  890,  939,  274],
        [  957,  957,  565,  292,  521,  616,  896,  877,  546,  861,  797,  630,  769,  708,  247,  623,  279,  841,  423,  253,  723, 1020,  212,  719,  855,  309,    0,  317,  404,  839,  683,  800,  413,  591,  357,  253,  274,  624,  706,  309,  139,  220,  793,  253,  475,  514,  670,  716,  895,  776,  772,  536,  601,  799,  391,  835,  142,  253,  625,  237,  227,   60,  563,  841,  803,   88],
        [  661,  661,  556,  209,  296,  316,  676,  575,  414,  545,  516,  339,  479,  487,  236,  386,  439,  590,  408,  137,  421,  725,  108,  421,  635,  496,  317,    0,  349,  549,  540,  547,  176,  298,   93,  297,  455,  314,  427,  216,  265,  377,  534,  265,  173,  198,  551,  488,  606,  544,  484,  238,  307,  548,  448,  582,  418,  202,  344,  498,  207,  301,  527,  544,  487,  402],
        [  695,  695,  208,  523,  237,  605, 1011,  640,  155,  711,  814,  410,  768,  360,  521,  312,  661,  911,   67,  230,  695,  750,  319,  496,  971,  703,  404,  349,    0,  833,  888,  868,  232,  602,  277,  154,  664,  576,  734,  137,  474,  244,  851,  152,  351,  442,  897,  375,  620,  878,  775,  370,  609,  871,  731,  903,  382,  177,  657,  640,  196,  346,  183,  814,  656,  474],
        [  562,  562, 1018,  576,  637,  235,  298,  486,  809,  299,   56,  491,   71,  717,  634,  643,  818,  166,  899,  679,  139,  606,  651,  465,  278,  873,  839,  549,  833,    0,  441,  156,  601,  252,  574,  835,  844,  257,  137,  731,  733,  925,  133,  802,  482,  392,  489,  703,  575,  223,   68,  474,  242,  163,  720,  161,  959,  739,  215,  943,  750,  839,  976,   44,  298,  912],
        [  937,  937, 1095,  401,  791,  422,  270,  848,  941,  693,  387,  728,  409,  949,  437,  850,  523,  310,  946,  665,  450,  992,  589,  756,  242,  563,  683,  540,  888,  441,    0,  295,  693,  394,  621,  812,  550,  480,  350,  754,  546,  859,  312,  786,  612,  536,   50,  942,  923,  228,  404,  651,  397,  288,  382,  310,  825,  729,  351,  673,  724,  714, 1067,  477,  664,  723],
        [  705,  705, 1066,  516,  702,  272,  162,  624,  872,  444,  111,  581,  153,  814,  571,  728,  730,   43,  934,  683,  226,  752,  636,  576,  132,  782,  800,  547,  868,  156,  295,    0,  641,  268,  595,  843,  758,  319,  142,  751,  679,  920,   26,  811,  529,  436,  344,  801,  709,   69,  146,  539,  263,    8,  615,   36,  931,  747,  212,  867,  753,  811, 1028,  197,  432,  864],
        [  550,  550,  426,  384,  123,  375,  788,  475,  248,  504,  583,  225,  537,  317,  406,  220,  597,  683,  298,  160,  463,  612,  223,  317,  749,  651,  413,  176,  232,  601,  693,  641,    0,  374,   84,  266,  610,  345,  505,  149,  410,  373,  623,  235,  120,  211,  710,  321,  484,  655,  544,  152,  379,  644,  621,  675,  467,  184,  430,  631,  208,  374,  388,  584,  446,  500],
        [  556,  556,  799,  347,  439,   36,  420,  464,  606,  341,  219,  340,  182,  569,  404,  476,  606,  309,  668,  430,  134,  615,  399,  363,  381,  664,  591,  298,  602,  252,  394,  268,  374,    0,  332,  588,  630,   89,  133,  490,  494,  675,  250,  556,  262,  170,  429,  560,  534,  288,  186,  279,   11,  271,  537,  302,  709,  492,   58,  716,  502,  588,  761,  251,  297,  668],
        [  602,  602,  481,  300,  205,  340,  735,  521,  324,  520,  548,  274,  506,  398,  324,  299,  519,  637,  341,  118,  439,  665,  153,  362,  694,  574,  357,   93,  277,  574,  621,  595,   84,  332,    0,  263,  533,  322,  465,  158,  336,  361,  579,  230,  122,  189,  635,  400,  541,  601,  512,  180,  339,  597,  538,  630,  432,  168,  385,  562,  185,  327,  449,  562,  461,  445],
        [  798,  798,  320,  422,  332,  600,  971,  732,  305,  768,  807,  485,  767,  493,  407,  427,  520,  886,  172,  160,  701,  858,  224,  577,  930,  557,  253,  297,  154,  835,  812,  843,  266,  588,  263,    0,  520,  585,  720,  117,  339,  111,  829,   33,  374,  451,  814,  506,  727,  840,  772,  416,  597,  845,  605,  879,  233,   97,  638,  487,   91,  194,  313,  824,  710,  320],
        [ 1110, 1110,  836,  287,  731,  664,  807, 1022,  793,  956,  793,  793,  780,  924,  234,  829,   28,  793,  691,  468,  761, 1174,  388,  872,  771,   42,  274,  455,  664,  844,  550,  758,  610,  630,  533,  520,    0,  694,  708,  549,  201,  492,  760,  513,  627,  627,  520,  929, 1060,  714,  781,  691,  641,  755,  175,  788,  383,  495,  641,  126,  472,  332,  832,  860,  903,  247],
        [  468,  468,  763,  408,  387,   59,  479,  376,  559,  264,  242,  266,  195,  498,  463,  410,  671,  357,  643,  433,  119,  528,  421,  278,  443,  730,  624,  314,  576,  257,  480,  319,  345,   89,  322,  585,  694,    0,  178,  477,  542,  680,  297,  552,  226,  136,  516,  486,  446,  353,  201,  223,   84,  324,  614,  349,  731,  489,  132,  771,  503,  614,  722,  241,  215,  706],
        [  593,  593,  929,  439,  562,  132,  301,  507,  732,  343,   92,  442,   73,  674,  497,  587,  682,  181,  800,  561,  102,  646,  524,  442,  267,  738,  706,  427,  734,  137,  350,  142,  505,  133,  465,  720,  708,  178,    0,  622,  597,  804,  120,  687,  390,  297,  395,  662,  589,  179,   73,  398,  126,  146,  589,  173,  830,  624,   83,  806,  632,  709,  890,  154,  319,  778],
        [  686,  686,  343,  387,  224,  498,  888,  617,  245,  652,  706,  369,  664,  401,  388,  323,  543,  794,  193,   95,  595,  746,  184,  461,  847,  589,  309,  216,  137,  731,  754,  751,  149,  490,  158,  117,  549,  477,  622,    0,  352,  226,  736,   87,  260,  342,  761,  412,  616,  755,  670,  300,  497,  754,  601,  787,  332,   56,  542,  542,   82,  258,  319,  718,  594,  390],
        [  925,  925,  658,  163,  530,  523,  765,  839,  596,  794,  687,  603,  664,  724,  112,  629,  192,  719,  508,  268,  628,  990,  187,  685,  725,  242,  139,  265,  474,  733,  546,  679,  410,  494,  336,  339,  201,  542,  597,  352,    0,  341,  674,  327,  437,  452,  532,  729,  870,  650,  666,  502,  504,  677,  268,  713,  280,  300,  519,  235,  279,  179,  648,  740,  738,  186],
        [  908,  908,  357,  459,  442,  690, 1039,  842,  398,  874,  893,  594,  855,  597,  431,  535,  498,  963,  234,  248,  794,  967,  285,  686,  998,  526,  220,  377,  244,  925,  859,  920,  373,  675,  361,  111,  492,  680,  804,  226,  341,    0,  908,  139,  478,  549,  854,  611,  837,  911,  860,  523,  684,  921,  606,  956,  144,  195,  721,  435,  178,  165,  365,  917,  816,  262],
        [  680,  680, 1048,  512,  682,  252,  187,  599,  852,  419,   87,  558,  128,  790,  568,  706,  732,   61,  917,  670,  202,  727,  625,  551,  157,  785,  793,  534,  851,  133,  312,   26,  623,  250,  579,  829,  760,  297,  120,  736,  674,  908,    0,  797,  510,  416,  361,  778,  684,   90,  121,  518,  244,   32,  621,   53,  923,  733,  195,  867,  740,  802, 1009,  174,  407,  859],
        [  772,  772,  334,  399,  307,  568,  941,  703,  295,  737,  774,  456,  734,  475,  387,  404,  512,  854,  182,  129,  668,  832,  198,  548,  899,  552,  253,  265,  152,  802,  786,  811,  235,  556,  230,   33,  513,  552,  687,   87,  327,  139,  797,    0,  342,  418,  788,  487,  701,  809,  739,  385,  564,  813,  590,  847,  251,   64,  606,  489,   62,  196,  322,  791,  678,  327],
        [  489,  489,  540,  364,  182,  259,  681,  405,  345,  399,  465,  167,  419,  346,  402,  244,  610,  570,  417,  239,  344,  553,  266,  248,  642,  667,  475,  173,  351,  482,  612,  529,  120,  262,  122,  374,  627,  226,  390,  260,  437,  478,  510,  342,    0,   94,  635,  342,  434,  548,  425,   65,  267,  533,  605,  562,  554,  284,  319,  670,  303,  448,  500,  464,  340,  563],
        [  487,  487,  633,  347,  270,  166,  589,  397,  437,  348,  372,  200,  327,  414,  394,  316,  607,  476,  508,  303,  254,  551,  304,  256,  550,  665,  514,  198,  442,  392,  536,  436,  211,  170,  189,  451,  627,  136,  297,  342,  452,  549,  416,  418,   94,    0,  563,  407,  444,  457,  333,  116,  174,  440,  578,  469,  610,  356,  227,  686,  372,  496,  594,  376,  290,  599],
        [  977,  977, 1103,  395,  812,  459,  315,  887,  957,  736,  435,  758,  456,  975,  427,  875,  493,  360,  953,  671,  493, 1034,  591,  790,  289,  530,  670,  551,  897,  489,   50,  344,  710,  429,  635,  814,  520,  516,  395,  761,  532,  854,  361,  788,  635,  563,    0,  969,  961,  278,  451,  677,  433,  338,  348,  360,  812,  733,  389,  644,  727,  705, 1077,  525,  706,  704],
        [  347,  347,  440,  695,  200,  541,  963,  321,  235,  467,  709,  221,  659,   21,  723,  103,  917,  836,  417,  469,  579,  392,  543,  242,  928,  971,  716,  488,  375,  703,  942,  801,  321,  560,  400,  506,  929,  486,  662,  412,  729,  611,  778,  487,  342,  407,  969,    0,  269,  839,  667,  293,  560,  807,  935,  828,  738,  466,  613,  944,  492,  669,  392,  669,  430,  800],
        [   79,   79,  709,  788,  396,  503,  867,   91,  496,  283,  602,  269,  557,  289,  831,  308, 1042,  734,  670,  643,  489,  131,  693,  190,  841, 1100,  895,  606,  620,  575,  923,  709,  484,  534,  541,  727, 1060,  446,  589,  616,  870,  837,  684,  701,  434,  444,  961,  269,    0,  763,  564,  369,  529,  716, 1022,  727,  947,  663,  573, 1102,  688,  858,  660,  534,  278,  983],
        [  763,  763, 1079,  488,  726,  300,  134,  680,  893,  504,  175,  618,  211,  850,  540,  760,  686,   85,  942,  681,  276,  812,  626,  621,   94,  735,  776,  544,  878,  223,  228,   69,  655,  288,  601,  840,  714,  353,  179,  755,  650,  911,   90,  809,  548,  457,  278,  839,  763,    0,  204,  566,  285,   62,  564,   84,  912,  746,  231,  827,  750,  792, 1043,  263,  489,  836],
        [  560,  560,  964,  510,  587,  172,  305,  478,  759,  300,   43,  450,    8,  680,  568,  601,  754,  173,  841,  614,   89,  609,  584,  435,  277,  810,  772,  484,  775,   68,  404,  146,  544,  186,  512,  772,  781,  201,   73,  670,  666,  860,  121,  739,  425,  333,  451,  667,  564,  204,    0,  423,  177,  153,  661,  166,  893,  675,  148,  877,  686,  772,  923,   82,  287,  845],
        [  425,  425,  545,  427,  165,  268,  696,  342,  337,  353,  464,  103,  416,  299,  466,  201,  674,  578,  436,  293,  337,  489,  328,  185,  659,  732,  536,  238,  370,  474,  651,  539,  152,  279,  180,  416,  691,  223,  398,  300,  502,  523,  518,  385,   65,  116,  677,  293,  369,  566,  423,    0,  281,  544,  666,  571,  608,  331,  336,  734,  352,  506,  502,  451,  295,  624],
        [  549,  549,  804,  358,  442,   28,  416,  458,  610,  332,  211,  340,  172,  569,  415,  477,  616,  304,  675,  439,  124,  609,  409,  360,  378,  674,  601,  307,  609,  242,  397,  263,  379,   11,  339,  597,  641,   84,  126,  497,  504,  684,  244,  564,  267,  174,  433,  560,  529,  285,  177,  281,    0,  267,  546,  296,  718,  500,   55,  726,  510,  598,  766,  240,  289,  678],
        [  712,  712, 1070,  515,  706,  277,  157,  631,  876,  451,  118,  587,  160,  819,  569,  733,  727,   43,  937,  685,  233,  759,  637,  582,  126,  778,  799,  548,  871,  163,  288,    8,  644,  271,  597,  845,  755,  324,  146,  754,  677,  921,   32,  813,  533,  440,  338,  807,  716,   62,  153,  544,  267,    0,  611,   36,  931,  749,  215,  864,  755,  811, 1031,  204,  439,  863],
        [ 1063, 1063,  923,  241,  743,  572,  645,  971,  840,  876,  666,  767,  662,  934,  217,  833,  149,  646,  771,  510,  658, 1126,  420,  833,  611,  182,  391,  448,  731,  720,  382,  615,  621,  537,  538,  605,  175,  614,  589,  601,  268,  606,  621,  590,  605,  578,  348,  935, 1022,  564,  661,  666,  546,  611,    0,  643,  522,  555,  534,  300,  537,  441,  910,  742,  828,  395],
        [  719,  719, 1100,  550,  734,  304,  140,  640,  904,  457,  126,  609,  173,  841,  605,  757,  761,    8,  968,  719,  251,  765,  672,  600,  117,  812,  835,  582,  903,  161,  310,   36,  675,  302,  630,  879,  788,  349,  173,  787,  713,  956,   53,  847,  562,  469,  360,  828,  727,   84,  166,  571,  296,   36,  643,    0,  967,  783,  246,  899,  789,  846, 1061,  204,  450,  898],
        [ 1015, 1015,  497,  431,  556,  730, 1033,  942,  535,  951,  921,  692,  889,  725,  388,  654,  395,  973,  378,  316,  837, 1077,  312,  784,  992,  411,  142,  418,  382,  959,  825,  931,  467,  709,  432,  233,  383,  731,  830,  332,  280,  144,  923,  251,  554,  610,  812,  738,  947,  912,  893,  608,  718,  931,  522,  967,    0,  285,  747,  306,  260,  122,  507,  958,  892,  137],
        [  731,  731,  377,  349,  274,  504,  878,  658,  299,  681,  710,  409,  670,  456,  344,  375,  490,  790,  223,   66,  605,  792,  145,  501,  837,  535,  253,  202,  177,  739,  729,  747,  184,  492,  168,   97,  495,  489,  624,   56,  300,  195,  733,   64,  284,  356,  733,  466,  663,  746,  675,  331,  500,  749,  555,  783,  285,    0,  542,  487,   27,  204,  358,  728,  622,  336],
        [  589,  589,  855,  365,  496,   74,  362,  498,  664,  358,  174,  393,  145,  624,  423,  532,  616,  254,  723,  479,  124,  646,  441,  409,  324,  673,  625,  344,  657,  215,  351,  212,  430,   58,  385,  638,  641,  132,   83,  542,  519,  721,  195,  606,  319,  227,  389,  613,  573,  231,  148,  336,   55,  215,  534,  246,  747,  542,    0,  734,  550,  627,  817,  222,  321,  698],
        [ 1158, 1158,  791,  369,  746,  747,  925, 1073,  782, 1027,  893,  834,  876,  937,  312,  847,  152,  903,  655,  476,  849, 1222,  410,  918,  888,  130,  237,  498,  640,  943,  673,  867,  631,  716,  562,  487,  126,  771,  806,  542,  235,  435,  867,  489,  670,  686,  644,  944, 1102,  827,  877,  734,  726,  864,  300,  899,  306,  487,  734,    0,  461,  294,  793,  955,  971,  174],
        [  756,  756,  390,  339,  301,  515,  881,  683,  323,  701,  720,  433,  681,  483,  330,  402,  468,  796,  236,   72,  618,  817,  136,  525,  839,  512,  227,  207,  196,  750,  724,  753,  208,  502,  185,   91,  472,  503,  632,   82,  279,  178,  740,   62,  303,  372,  727,  492,  688,  750,  686,  352,  510,  755,  537,  789,  260,   27,  550,  461,    0,  177,  374,  741,  642,  309],
        [  922,  922,  506,  316,  476,  611,  915,  845,  491,  841,  800,  596,  768,  659,  278,  578,  336,  853,  364,  215,  718,  985,  194,  686,  874,  368,   60,  301,  346,  839,  714,  811,  374,  588,  327,  194,  332,  614,  709,  258,  179,  165,  802,  196,  448,  496,  705,  669,  858,  792,  772,  506,  598,  811,  441,  846,  122,  204,  627,  294,  177,    0,  504,  838,  782,  133],
        [  738,  738,   50,  705,  342,  759, 1176,  702,  176,  813,  963,  511,  916,  372,  702,  375,  832, 1069,  142,  413,  838,  783,  501,  582, 1137,  869,  563,  527,  183,  976, 1067, 1028,  388,  761,  449,  313,  832,  722,  890,  319,  648,  365, 1009,  322,  500,  594, 1077,  392,  660, 1043,  923,  502,  766, 1031,  910, 1061,  507,  358,  817,  793,  374,  504,    0,  953,  762,  622],
        [  519,  519,  996,  587,  612,  229,  341,  445,  784,  256,   91,  461,   81,  684,  644,  613,  834,  209,  881,  670,  124,  563,  648,  430,  321,  890,  841,  544,  814,   44,  477,  197,  584,  251,  562,  824,  860,  241,  154,  718,  740,  917,  174,  791,  464,  376,  525,  669,  534,  263,   82,  451,  240,  204,  742,  204,  958,  728,  222,  955,  741,  838,  953,    0,  258,  917],
        [  275,  275,  809,  617,  426,  262,  590,  192,  587,   60,  324,  253,  280,  447,  669,  395,  880,  456,  720,  578,  217,  329,  592,  190,  564,  939,  803,  487,  656,  298,  664,  432,  446,  297,  461,  710,  903,  215,  319,  594,  738,  816,  407,  678,  340,  290,  706,  430,  278,  489,  287,  295,  289,  439,  828,  450,  892,  622,  321,  971,  642,  782,  762,  258,    0,  888],
        [ 1045, 1045,  618,  349,  607,  694,  950,  965,  621,  946,  869,  718,  842,  791,  297,  708,  260,  904,  485,  340,  801, 1108,  298,  807,  910,  274,   88,  402,  474,  912,  723,  864,  500,  668,  445,  320,  247,  706,  778,  390,  186,  262,  859,  327,  563,  599,  704,  800,  983,  836,  845,  624,  678,  863,  395,  898,  137,  336,  698,  174,  309,  133,  622,  917,  888,    0]
    ]
}
