{
    "name": "random-5-4687",
    "comment": "size=5 seed=4687",
    "nodes": ["+0", "-0", "+1", "-1", "+2", "-2", "+3", "-3", "+4", "-4", "+5", "-5"],
    "precedence": {
        "+0": "-0",
        "+1": "-1",
        "+2": "-2",
        "+3": "-3",
        "+4": "-4",
        "+5": "-5"
    },
    "edges": [
        [    0,    0,  473,  433,  410,  217,  504,  216,  426,  423,  505,  431],
        [    0,    0,  473,  433,  410,  217,  504,  216,  426,  423,  505,  431],
        [  473,  473,    0,   53,  394,  582,  236,  666,  688,  894,  279,  898],
        [  433,  433,   53,    0,  344,  532,  202,  632,  635,  855,  243,  861],
        [  410,  410,  394,  344,    0,  344,  216,  616,  336,  763,  181,  792],
        [  217,  217,  582,  532,  344,    0,  519,  338,  215,  426,  501,  461],
        [  504,  504,  236,  202,  216,  519,    0,  719,  551,  909,   47,  927],
        [  216,  216,  666,  632,  616,  338,  719,    0,  545,  248,  721,  237],
        [  426,  426,  688,  635,  336,  215,  551,  545,    0,  577,  517,  624],
        [  423,  423,  894,  855,  763,  426,  909,  248,  577,    0,  901,   59],
        [  505,  505,  279,  243,  181,  501,   47,  721,  517,  901,    0,  922],
        [  431,  431,  898,  861,  792,  461,  927,  237,  624,   59,  922,    0]
    ]
}
