{
    "name": "random-15-1580",
    "comment": "size=15 seed=1580",
    "nodes": ["+0", "-0", "+1", "-1", "+2", "-2", "+3", "-3", "+4", "-4", "+5", "-5", "+6", "-6", "+7", "-7", "+8", "-8", "+9", "-9", "+10", "-10", "+11", "-11", "+12", "-12", "+13", "-13", "+14", "-14", "+15", "-15"],
    "precedence": {
        "+0": "-0",
        "+1": "-1",
        "+2": "-2",
        "+3": "-3",
        "+4": "-4",
        "+5": "-5",
        "+6": "-6",
        "+7": "-7",
        "+8": "-8",
        "+9": "-9",
        "+10": "-10",
        "+11": "-11",
        "+12": "-12",
        "+13": "-13",
        "+14": "-14",
        "+15": "-15"
    },
    "edges": [
        [    0,    0,  220,  605,  248,  779,  442,  361,  894,  846,  559,  658,  491,  675,  444,  907,  493,  576,  471,  423,  487,  799,  500,  447,  330,  412,  236,  698,  260,  329,  189,  346],
        [    0,    0,  220,  605,  248,  779,  442,  361,  894,  846,  559,  658,  491,  675,  444,  907,  493,  576,  471,  423,  487,  799,  500,  447,  330,  412,  236,  698,  260,  329,  189,  346],
        [  220,  220,    0,  386,  340,  625,  255,  344,  749,  716,  529,  487,  321,  479,  480,  753,  470,  454,  349,  317,  267,  599,  334,  388,  271,  415,  313,  598,  399,  273,  108,  328],
        [  605,  605,  386,    0,  672,  512,  276,  564,  632,  643,  689,  341,  296,  236,  733,  610,  631,  454,  438,  430,  119,  303,  332,  532,  504,  630,  631,  620,  749,  507,  447,  556],
        [  248,  248,  340,  672,    0,  662,  425,  601,  756,  693,  342,  826,  660,  811,  200,  781,  735,  781,  359,  633,  560,  927,  439,  677,  204,  656,  484,  526,   87,  201,  384,  585],
        [  779,  779,  625,  512,  662,    0,  376,  949,  129,  136,  421,  850,  765,  747,  571,  129, 1057,  937,  313,  862,  513,  792,  292,  960,  470, 1022,  938,  212,  745,  472,  732,  935],
        [  442,  442,  255,  276,  425,  376,    0,  574,  503,  480,  418,  549,  424,  480,  459,  502,  685,  594,  170,  497,  197,  571,   90,  591,  236,  647,  567,  395,  509,  239,  360,  560],
        [  361,  361,  344,  564,  601,  949,  574,    0, 1076, 1051,  862,  417,  297,  495,  783, 1074,  135,  270,  692,  154,  479,  610,  661,  101,  605,   73,  160,  941,  621,  606,  243,   17],
        [  894,  894,  749,  632,  756,  129,  503, 1076,    0,   82,  475,  972,  892,  866,  640,   50, 1185, 1064,  423,  990,  641,  903,  417, 1088,  575, 1149, 1061,  250,  836,  576,  856, 1062],
        [  846,  846,  716,  643,  693,  136,  480, 1051,   82,    0,  398,  979,  887,  879,  566,  128, 1165, 1059,  377,  975,  637,  927,  391, 1070,  521, 1124, 1024,  175,  770,  521,  824, 1037],
        [  559,  559,  529,  689,  342,  421,  418,  862,  475,  398,    0,  956,  813,  897,  173,  512,  994,  970,  251,  843,  614,  988,  360,  916,  259,  929,  781,  225,  402,  257,  620,  846],
        [  658,  658,  487,  341,  826,  850,  549,  417,  972,  979,  956,    0,  169,  125,  951,  951,  409,  173,  717,  269,  355,  204,  629,  333,  722,  453,  554,  935,  882,  724,  469,  419],
        [  491,  491,  321,  296,  660,  765,  424,  297,  892,  887,  813,  169,    0,  205,  793,  878,  340,  173,  584,  146,  252,  326,  511,  243,  568,  352,  410,  818,  715,  570,  302,  294],
        [  675,  675,  479,  236,  811,  747,  480,  495,  866,  879,  897,  125,  205,    0,  913,  842,  512,  286,  649,  342,  284,  125,  552,  426,  680,  543,  614,  851,  876,  683,  489,  494],
        [  444,  444,  480,  733,  200,  571,  459,  783,  640,  566,  173,  951,  793,  913,    0,  674,  917,  934,  324,  793,  637, 1018,  432,  851,  234,  843,  678,  392,  241,  231,  551,  766],
        [  907,  907,  753,  610,  781,  129,  502, 1074,   50,  128,  512,  951,  878,  842,  674,    0, 1179, 1049,  439,  981,  627,  873,  420, 1081,  594, 1147, 1066,  288,  862,  595,  860, 1061],
        [  493,  493,  470,  631,  735, 1057,  685,  135, 1185, 1165,  994,  409,  340,  512,  917, 1179,    0,  238,  814,  204,  564,  612,  774,  100,  736,   90,  275, 1063,  753,  737,  374,  151],
        [  576,  576,  454,  454,  781,  937,  594,  270, 1064, 1059,  970,  173,  173,  286,  934, 1049,  238,    0,  751,  153,  424,  377,  682,  175,  718,  291,  424,  988,  823,  720,  400,  277],
        [  471,  471,  349,  438,  359,  313,  170,  692,  423,  377,  251,  717,  584,  649,  324,  439,  814,  751,    0,  639,  367,  738,  112,  725,  159,  763,  650,  250,  444,  161,  455,  676],
        [  423,  423,  317,  430,  633,  862,  497,  154,  990,  975,  843,  269,  146,  342,  793,  981,  204,  153,  639,    0,  361,  457,  586,  104,  586,  207,  287,  885,  672,  588,  250,  153],
        [  487,  487,  267,  119,  560,  513,  197,  479,  641,  637,  614,  355,  252,  284,  637,  627,  564,  424,  367,  361,    0,  381,  275,  464,  405,  548,  526,  581,  635,  407,  334,  468],
        [  799,  799,  599,  303,  927,  792,  571,  610,  903,  927,  988,  204,  326,  125, 1018,  873,  612,  377,  738,  457,  381,    0,  633,  533,  785,  652,  735,  920,  994,  788,  612,  610],
        [  500,  500,  334,  332,  439,  292,   90,  661,  417,  391,  360,  629,  511,  552,  432,  420,  774,  682,  112,  586,  275,  633,    0,  680,  237,  734,  646,  308,  525,  239,  440,  647],
        [  447,  447,  388,  532,  677,  960,  591,  101, 1088, 1070,  916,  333,  243,  426,  851, 1081,  100,  175,  725,  104,  464,  533,  680,    0,  657,  120,  260,  973,  705,  659,  301,  111],
        [  330,  330,  271,  504,  204,  470,  236,  605,  575,  521,  259,  722,  568,  680,  234,  594,  736,  718,  159,  586,  405,  785,  237,  657,    0,  673,  534,  369,  290,    3,  363,  589],
        [  412,  412,  415,  630,  656, 1022,  647,   73, 1149, 1124,  929,  453,  352,  543,  843, 1147,   90,  291,  763,  207,  548,  652,  734,  120,  673,    0,  187, 1012,  670,  674,  312,   88],
        [  236,  236,  313,  631,  484,  938,  567,  160, 1061, 1024,  781,  554,  410,  614,  678, 1066,  275,  424,  650,  287,  526,  735,  646,  260,  534,  187,    0,  894,  489,  535,  209,  149],
        [  698,  698,  598,  620,  526,  212,  395,  941,  250,  175,  225,  935,  818,  851,  392,  288, 1063,  988,  250,  885,  581,  920,  308,  973,  369, 1012,  894,    0,  600,  369,  703,  925],
        [  260,  260,  399,  749,   87,  745,  509,  621,  836,  770,  402,  882,  715,  876,  241,  862,  753,  823,  444,  672,  635,  994,  525,  705,  290,  670,  489,  600,    0,  287,  424,  605],
        [  329,  329,  273,  507,  201,  472,  239,  606,  576,  521,  257,  724,  570,  683,  231,  595,  737,  720,  161,  588,  407,  788,  239,  659,    3,  674,  535,  369,  287,    0,  364,  590],
        [  189,  189,  108,  447,  384,  732,  360,  243,  856,  824,  620,  469,  302,  489,  551,  860,  374,  400,  455,  250,  334,  612,  440,  301,  363,  312,  209,  703,  424,  364,    0,  227],
        [  346,  346,  328,  556,  585,  935,  560,   17, 1062, 1037,  846,  419,  294,  494,  766, 1061,  151,  277,  676,  153,  468,  610,  647,  111,  589,   88,  149,  925,  605,  590,  227,    0]
    ]
}
