{
    "name": "random-34-13208",
    "comment": "size=34 seed=13208",
    "nodes": ["+0", "-0", "+1", "-1", "+2", "-2", "+3", "-3", "+4", "-4", "+5", "-5", "+6", "-6", "+7", "-7", "+8", "-8", "+9", "-9", "+10", "-10", "+11", "-11", "+12", "-12", "+13", "-13", "+14", "-14", "+15", "-15", "+16", "-16", "+17", "-17", "+18", "-18", "+19", "-19", "+20", "-20", "+21", "-21", "+22", "-22", "+23", "-23", "+24", "-24", "+25", "-25", "+26", "-26", "+27", "-27", "+28", "-28", "+29", "-29", "+30", "-30", "+31", "-31", "+32", "-32", "+33", "-33", "+34", "-34"],
    "precedence": {
        "+0": "-0",
        "+1": "-1",
        "+2": "-2",
        "+3": "-3",
        "+4": "-4",
        "+5": "-5",
        "+6": "-6",
        "+7": "-7",
        "+8": "-8",
        "+9": "-9",
        "+10": "-10",
        "+11": "-11",
        "+12": "-12",
        "+13": "-13",
        "+14": "-14",
        "+15": "-15",
        "+16": "-16",
        "+17": "-17",
        "+18": "-18",
        "+19": "-19",
        "+20": "-20",
        "+21": "-21",
        "+22": "-22",
        "+23": "-23",
        "+24": "-24",
        "+25": "-25",
        "+26": "-26",
        "+27": "-27",
        "+28": "-28",
        "+29": "-29",
        "+30": "-30",
        "+31": "-31",
        "+32": "-32",
        "+33": "-33",
        "+34": "-34"
    },
    "edges": [
        [    0,    0,  868,  593, 1028,  395,  426,  817, 1080,  627,  401,  486,  439,  953,  760,  748,  461,  512,  500,   41,  378,  720,  427,  740,  352,  235,  273,  790,   43,  797,  388,  952,  636,  868,  582,  502,  905,  486,  681,   87,  616,  949,  510,  940,  477,  705,  596,  590,  623,  462, 1131,  865,  842,  473,  174,  209, 1008,  533,  491,  671,  832,  538,  771,  847,  475,  526,  131,  916,  540,  810],
        [    0,    0,  868,  593, 1028,  395,  426,  817, 1080,  627,  401,  486,  439,  953,  760,  748,  461,  512,  500,   41,  378,  720,  427,  740,  352,  235,  273,  790,   43,  797,  388,  952,  636,  868,  582,  502,  905,  486,  681,   87,  616,  949,  510,  940,  477,  705,  596,  590,  623,  462, 1131,  865,  842,  473,  174,  209, 1008,  533,  491,  671,  832,  538,  771,  847,  475,  526,  131,  916,  540,  810],
        [  868,  868,    0,  276,  201,  549,  442,  438,  218,  251,  519,  382,  481,  121,  363,  148,  849,  508,  800,  886,  517,  664,  489,  282,  612,  657,  610,  832,  826,  428,  682,  311,  407,  336,  454,  429,  683,  395,  372,  837,  338,  621,  386,  421,  429,  197,  401,  372,  815,  580,  340,  101,  174,  763,  914,  740,  405,  344,  519,  197,  399,  505,  269,   98,  436,  537,  739,   83,  358,  269],
        [  593,  593,  276,    0,  452,  296,  168,  437,  491,   57,  261,  107,  245,  371,  319,  178,  639,  298,  604,  610,  260,  563,  233,  242,  355,  383,  341,  725,  551,  391,  459,  446,  293,  380,  278,  196,  658,  144,  267,  566,  174,  634,  135,  500,  176,  155,  256,  192,  654,  378,  574,  281,  280,  563,  649,  478,  532,   79,  301,   81,  394,  309,  262,  262,  205,  336,  464,  327,  119,  297],
        [ 1028, 1028,  201,  452,    0,  740,  608,  417,   97,  440,  708,  550,  608,   83,  557,  281,  931,  707,  872, 1051,  658,  677,  678,  479,  801,  833,  760,  834,  988,  616,  784,  214,  472,  509,  654,  624,  638,  543,  571,  987,  538,  555,  575,  339,  618,  324,  486,  572,  858,  675,  142,  283,  358,  842, 1050,  876,  285,  527,  717,  371,  581,  705,  463,  288,  566,  737,  897,  226,  549,  456],
        [  395,  395,  549,  296,  740,    0,  202,  690,  767,  300,   39,  228,  341,  658,  366,  473,  655,  121,  652,  396,  290,  732,   64,  357,   63,  163,  271,  868,  354,  403,  487,  738,  512,  476,  188,  124,  874,  290,  289,  411,  237,  875,  165,  777,  123,  448,  465,  206,  745,  469,  867,  516,  475,  610,  519,  393,  819,  217,  102,  372,  438,  149,  388,  500,  338,  146,  299,  576,  192,  426],
        [  426,  426,  442,  168,  608,  202,    0,  493,  655,  209,  165,   61,  149,  530,  416,  327,  520,  272,  499,  445,  121,  537,  152,  363,  245,  229,  178,  681,  385,  478,  339,  565,  311,  503,  296,  179,  673,   91,  344,  399,  251,  675,  135,  588,  136,  289,  264,  243,  575,  289,  720,  446,  435,  456,  485,  318,  638,  123,  262,  246,  496,  295,  390,  428,  138,  310,  297,  494,  156,  429],
        [  817,  817,  438,  437,  417,  690,  493,    0,  512,  476,  652,  465,  391,  399,  725,  331,  568,  727,  500,  850,  458,  264,  632,  636,  737,  699,  557,  418,  785,  798,  469,  218,  188,  743,  715,  622,  246,  403,  691,  749,  607,  200,  558,  135,  590,  309,  234,  628,  458,  366,  429,  530,  588,  481,  775,  620,  218,  501,  726,  405,  787,  742,  641,  520,  370,  767,  697,  519,  550,  661],
        [ 1080, 1080,  218,  491,   97,  767,  655,  512,    0,  469,  737,  595,  674,  135,  538,  336, 1013,  719,  956, 1100,  718,  770,  707,  470,  829,  874,  816,  929, 1039,  589,  860,  310,  555,  474,  659,  646,  735,  599,  566, 1044,  549,  651,  604,  435,  646,  384,  563,  584,  948,  752,  191,  270,  339,  924, 1114,  940,  378,  562,  731,  411,  550,  714,  449,  281,  630,  745,  950,  206,  576,  434],
        [  627,  627,  251,   57,  440,  300,  209,  476,  469,    0,  269,  151,  301,  358,  265,  184,  694,  280,  661,  642,  311,  616,  239,  186,  362,  408,  386,  779,  585,  338,  514,  462,  343,  323,  247,  186,  703,  198,  218,  606,  133,  674,  136,  527,  179,  176,  309,  158,  711,  434,  569,  239,  228,  619,  694,  525,  551,   95,  286,   81,  339,  286,  206,  221,  261,  315,  501,  290,  110,  240],
        [  401,  401,  519,  261,  708,   39,  165,  652,  737,  269,    0,  190,  306,  626,  360,  438,  633,  133,  626,  405,  258,  697,   31,  342,   95,  166,  249,  836,  359,  403,  461,  702,  474,  467,  190,  104,  837,  252,  282,  409,  219,  838,  134,  739,   91,  412,  427,  191,  717,  438,  833,  491,  454,  584,  514,  378,  782,  183,  117,  338,  434,  161,  373,  474,  301,  165,  296,  549,  162,  412],
        [  486,  486,  382,  107,  550,  228,   61,  465,  595,  151,  190,    0,  171,  472,  377,  270,  559,  271,  532,  505,  164,  539,  168,  315,  279,  284,  236,  691,  445,  442,  377,  518,  292,  456,  280,  168,  661,   77,  309,  459,  212,  654,  110,  551,  130,  235,  247,  213,  598,  312,  665,  387,  378,  490,  544,  375,  595,   74,  266,  186,  456,  291,  341,  368,  143,  311,  357,  433,  120,  379],
        [  439,  439,  481,  245,  608,  341,  149,  391,  674,  301,  306,  171,    0,  541,  546,  340,  394,  420,  363,  469,   68,  391,  298,  480,  372,  311,  170,  532,  404,  612,  214,  514,  204,  620,  443,  327,  540,  103,  479,  385,  382,  555,  276,  506,  284,  291,  160,  382,  429,  143,  699,  514,  523,  321,  442,  269,  571,  244,  411,  299,  625,  444,  503,  496,   45,  459,  313,  549,  290,  539],
        [  953,  953,  121,  371,   83,  658,  530,  399,  135,  358,  626,  472,  541,    0,  482,  206,  880,  625,  824,  974,  587,  649,  596,  402,  720,  753,  687,  812,  912,  544,  726,  224,  422,  444,  573,  541,  634,  469,  492,  914,  456,  560,  493,  347,  536,  251,  429,  490,  821,  618,  220,  211,  287,  791,  982,  807,  312,  446,  634,  291,  513,  624,  388,  213,  497,  655,  822,  162,  467,  384],
        [  760,  760,  363,  319,  557,  366,  416,  725,  538,  265,  360,  377,  546,  482,    0,  400,  934,  259,  908,  761,  536,  880,  337,   90,  418,  525,  579, 1044,  718,   75,  752,  660,  607,  114,  184,  264,  961,  445,   79,  766,  166,  923,  284,  752,  299,  417,  574,  178,  969,  686,  698,  275,  201,  866,  870,  720,  755,  303,  279,  322,   80,  239,   95,  270,  513,  264,  653,  335,  261,  105],
        [  748,  748,  148,  178,  281,  473,  327,  331,  336,  184,  438,  270,  340,  206,  400,    0,  702,  463,  653,  770,  383,  530,  410,  311,  533,  553,  482,  699,  708,  473,  536,  279,  264,  413,  428,  367,  573,  264,  378,  709,  310,  527,  310,  354,  352,   51,  254,  339,  671,  434,  397,  214,  261,  616,  779,  605,  369,  256,  469,  105,  458,  469,  313,  200,  296,  499,  617,  226,  289,  331],
        [  461,  461,  849,  639,  931,  655,  520,  568, 1013,  694,  633,  559,  394,  880,  934,  702,    0,  765,   71,  501,  399,  352,  639,  872,  654,  534,  385,  354,  458,  997,  182,  771,  459, 1013,  807,  691,  537,  497,  863,  374,  768,  613,  654,  701,  649,  652,  452,  762,  181,  270,  983,  898,  914,   90,  318,  288,  786,  633,  749,  685, 1013,  792,  896,  880,  434,  797,  420,  924,  674,  933],
        [  512,  512,  508,  298,  707,  121,  272,  727,  719,  280,  133,  271,  420,  625,  259,  463,  765,    0,  756,  509,  381,  806,  127,  271,  162,  282,  382,  952,  472,  287,  591,  740,  562,  372,   76,  106,  931,  346,  186,  531,  171,  921,  170,  797,  142,  451,  518,  136,  841,  558,  842,  455,  401,  713,  640,  510,  828,  227,   21,  359,  325,   29,  301,  441,  406,   40,  419,  518,  180,  335],
        [  500,  500,  800,  604,  872,  652,  499,  500,  956,  661,  626,  532,  363,  824,  908,  653,   71,  756,    0,  540,  380,  282,  629,  842,  657,  544,  385,  296,  492,  974,  165,  707,  402,  982,  793,  675,  468,  465,  840,  413,  744,  544,  633,  633,  632,  604,  400,  741,  125,  228,  919,  854,  875,   44,  371,  310,  718,  606,  742,  644,  987,  782,  865,  837,  400,  790,  443,  877,  650,  900],
        [   41,   41,  886,  610, 1051,  396,  445,  850, 1100,  642,  405,  505,  469,  974,  761,  770,  501,  509,  540,    0,  406,  759,  433,  746,  347,  241,  301,  830,   66,  795,  427,  981,  668,  871,  581,  508,  943,  510,  684,  128,  623,  986,  520,  972,  485,  728,  627,  596,  664,  499, 1156,  879,  852,  513,  208,  248, 1039,  548,  489,  690,  832,  535,  777,  861,  503,  520,  157,  932,  551,  816],
        [  378,  378,  517,  260,  658,  290,  121,  458,  718,  311,  258,  164,   68,  587,  536,  383,  399,  381,  380,  406,    0,  447,  255,  479,  314,  245,  106,  579,  341,  598,  218,  576,  271,  620,  414,  296,  603,  122,  464,  329,  370,  621,  255,  572,  254,  336,  227,  364,  461,  180,  755,  539,  538,  336,  398,  223,  636,  237,  369,  326,  616,  406,  504,  520,   98,  418,  249,  579,  275,  542],
        [  720,  720,  664,  563,  677,  732,  537,  264,  770,  616,  697,  539,  391,  649,  880,  530,  352,  806,  282,  759,  447,    0,  687,  799,  760,  680,  513,  169,  700,  953,  332,  481,  275,  926,  818,  706,  190,  462,  829,  638,  733,  262,  648,  382,  666,  490,  307,  743,  205,  277,  691,  743,  786,  281,  627,  512,  468,  601,  798,  567,  953,  827,  812,  729,  401,  845,  626,  746,  652,  840],
        [  427,  427,  489,  233,  678,   64,  152,  632,  707,  239,   31,  168,  298,  596,  337,  410,  639,  127,  629,  433,  255,  687,    0,  314,  124,  192,  259,  829,  385,  383,  464,  675,  457,  442,  174,   76,  822,  235,  258,  430,  191,  820,  103,  716,   61,  385,  411,  164,  715,  433,  804,  461,  425,  586,  535,  393,  757,  154,  114,  309,  413,  154,  345,  444,  289,  163,  317,  519,  132,  384],
        [  740,  740,  282,  242,  479,  357,  363,  636,  470,  186,  342,  315,  480,  402,   90,  311,  872,  271,  842,  746,  479,  799,  314,    0,  416,  506,  535,  963,  698,  163,  691,  572,  524,  142,  200,  239,  873,  378,   96,  737,  124,  834,  239,  663,  265,  328,  493,  152,  896,  617,  620,  202,  136,  800,  835,  677,  667,  242,  288,  235,  155,  258,   32,  193,  444,  288,  625,  265,  211,   71],
        [  352,  352,  612,  355,  801,   63,  245,  737,  829,  362,   95,  279,  372,  720,  418,  533,  654,  162,  657,  347,  314,  760,  124,  416,    0,  131,  273,  889,  313,  448,  495,  795,  554,  530,  236,  186,  910,  335,  342,  378,  298,  917,  227,  829,  184,  506,  507,  266,  758,  491,  928,  578,  536,  616,  489,  379,  874,  277,  142,  433,  486,  188,  447,  562,  375,  175,  270,  638,  254,  484],
        [  235,  235,  657,  383,  833,  163,  229,  699,  874,  408,  166,  284,  311,  753,  525,  553,  534,  282,  544,  241,  245,  680,  192,  506,  131,    0,  169,  794,  194,  564,  386,  792,  511,  633,  350,  268,  844,  311,  447,  250,  383,  865,  281,  806,  245,  517,  465,  356,  652,  404,  948,  642,  613,  504,  359,  252,  862,  314,  262,  464,  598,  310,  537,  625,  329,  302,  140,  697,  312,  576],
        [  273,  273,  610,  341,  760,  271,  178,  557,  816,  386,  249,  236,  170,  687,  579,  482,  385,  382,  385,  301,  106,  513,  259,  535,  273,  169,    0,  626,  236,  634,  222,  681,  371,  674,  431,  320,  682,  218,  503,  228,  416,  709,  298,  675,  281,  437,  329,  401,  486,  236,  859,  622,  612,  343,  309,  143,  740,  299,  366,  415,  658,  410,  563,  603,  203,  413,  144,  667,  325,  602],
        [  790,  790,  832,  725,  834,  868,  681,  418,  929,  779,  836,  691,  532,  812, 1044,  699,  354,  952,  296,  830,  579,  169,  829,  963,  889,  794,  626,    0,  778, 1116,  415,  631,  442, 1092,  970,  856,  247,  615,  989,  704,  892,  346,  800,  519,  814,  659,  471,  900,  173,  400,  835,  912,  955,  318,  666,  590,  602,  757,  942,  734, 1118,  975,  978,  898,  550,  991,  716,  914,  808, 1007],
        [   43,   43,  826,  551,  988,  354,  385,  785, 1039,  585,  359,  445,  404,  912,  718,  708,  458,  472,  492,   66,  341,  700,  385,  698,  313,  194,  236,  778,    0,  756,  370,  916,  602,  826,  542,  460,  882,  447,  640,   89,  574,  923,  467,  907,  434,  665,  562,  548,  614,  436, 1092,  823,  799,  462,  194,  190,  974,  491,  452,  630,  791,  499,  729,  805,  438,  487,   93,  874,  498,  768],
        [  797,  797,  428,  391,  616,  403,  478,  798,  589,  338,  403,  442,  612,  544,   75,  473,  997,  287,  974,  795,  598,  953,  383,  163,  448,  564,  634, 1116,  756,    0,  815,  729,  681,  125,  215,  314, 1035,  514,  134,  811,  230,  997,  344,  824,  353,  490,  647,  235, 1038,  754,  756,  334,  258,  931,  916,  773,  824,  369,  307,  396,   49,  262,  163,  331,  581,  281,  698,  391,  324,  161],
        [  388,  388,  682,  459,  784,  487,  339,  469,  860,  514,  461,  377,  214,  726,  752,  536,  182,  591,  165,  427,  218,  332,  464,  691,  495,  386,  222,  415,  370,  815,    0,  649,  319,  832,  629,  513,  519,  316,  682,  306,  587,  571,  473,  602,  470,  486,  299,  581,  266,  111,  853,  724,  736,  123,  309,  181,  682,  451,  577,  510,  832,  617,  715,  706,  256,  625,  302,  754,  492,  752],
        [  952,  952,  311,  446,  214,  738,  565,  218,  310,  462,  702,  518,  514,  224,  660,  279,  771,  740,  707,  981,  576,  481,  675,  572,  795,  792,  681,  631,  916,  729,  649,    0,  332,  645,  706,  641,  426,  481,  650,  896,  587,  342,  581,  127,  621,  292,  362,  617,  674,  539,  214,  412,  483,  683,  941,  774,   95,  524,  745,  382,  706,  747,  567,  407,  478,  776,  824,  377,  563,  574],
        [  636,  636,  407,  293,  472,  512,  311,  188,  555,  343,  474,  292,  204,  422,  607,  264,  459,  562,  402,  668,  271,  275,  457,  524,  554,  511,  371,  442,  602,  681,  319,  332,    0,  651,  561,  458,  370,  223,  559,  572,  467,  364,  395,  305,  422,  220,   48,  481,  408,  209,  535,  476,  514,  370,  611,  446,  375,  342,  558,  292,  679,  580,  538,  461,  183,  602,  513,  488,  394,  565],
        [  868,  868,  336,  380,  509,  476,  503,  743,  474,  323,  467,  456,  620,  444,  114,  413, 1013,  372,  982,  871,  620,  926,  442,  142,  530,  633,  674, 1092,  826,  125,  832,  645,  651,    0,  297,  367,  986,  518,  188,  870,  259,  937,  377,  750,  399,  441,  623,  279, 1033,  756,  648,  236,  163,  940,  971,  816,  740,  383,  392,  359,   80,  352,  118,  238,  583,  377,  758,  284,  350,   86],
        [  582,  582,  454,  278,  654,  188,  296,  715,  659,  247,  190,  280,  443,  573,  184,  428,  807,   76,  793,  581,  414,  818,  174,  200,  236,  350,  431,  970,  542,  215,  629,  706,  561,  297,    0,  118,  930,  357,  112,  597,  120,  912,  171,  773,  161,  423,  519,   90,  871,  585,  792,  392,  333,  750,  704,  566,  796,  220,   96,  326,  251,   58,  229,  379,  421,   88,  484,  455,  168,  262],
        [  502,  502,  429,  196,  624,  124,  179,  622,  646,  186,  104,  168,  327,  541,  264,  367,  691,  106,  675,  508,  296,  706,   76,  239,  186,  268,  320,  856,  460,  314,  513,  641,  458,  367,  118,    0,  827,  244,  186,  504,  116,  815,   64,  694,   44,  350,  413,   89,  753,  468,  754,  392,  352,  632,  607,  459,  727,  122,  106,  263,  341,  123,  270,  376,  307,  146,  391,  452,   79,  309],
        [  905,  905,  683,  658,  638,  874,  673,  246,  735,  703,  837,  661,  540,  634,  961,  573,  537,  931,  468,  943,  603,  190,  822,  873,  910,  844,  682,  247,  882, 1035,  519,  426,  370,  986,  930,  827,    0,  588,  921,  825,  831,  101,  765,  302,  790,  547,  414,  848,  372,  450,  614,  775,  832,  470,  817,  697,  377,  712,  927,  639, 1026,  949,  881,  765,  537,  971,  804,  763,  763,  902],
        [  486,  486,  395,  144,  543,  290,   91,  403,  599,  198,  252,   77,  103,  469,  445,  264,  497,  346,  465,  510,  122,  462,  235,  378,  335,  311,  218,  615,  447,  514,  316,  481,  223,  518,  357,  244,  588,    0,  382,  446,  284,  586,  186,  499,  205,  219,  176,  287,  525,  241,  647,  418,  422,  423,  519,  345,  551,  146,  340,  204,  524,  366,  401,  400,   68,  386,  355,  457,  195,  437],
        [  681,  681,  372,  267,  571,  289,  344,  691,  566,  218,  282,  309,  479,  492,   79,  378,  863,  186,  840,  684,  464,  829,  258,   96,  342,  447,  503,  989,  640,  134,  682,  650,  559,  188,  112,  186,  921,  382,    0,  688,   98,  890,  210,  732,  222,  386,  522,  102,  906,  621,  711,  297,  231,  797,  792,  643,  744,  237,  205,  287,  156,  169,  122,  287,  449,  197,  575,  360,  191,  152],
        [   87,   87,  837,  566,  987,  411,  399,  749, 1044,  606,  409,  459,  385,  914,  766,  709,  374,  531,  413,  128,  329,  638,  430,  737,  378,  250,  228,  704,   89,  811,  306,  896,  572,  870,  597,  504,  825,  446,  688,    0,  614,  873,  500,  875,  473,  664,  536,  592,  537,  388, 1083,  844,  828,  386,  112,  131,  947,  515,  511,  641,  842,  559,  767,  826,  424,  551,  114,  892,  530,  807],
        [  616,  616,  338,  174,  538,  237,  251,  607,  549,  133,  219,  212,  382,  456,  166,  310,  768,  171,  744,  623,  370,  733,  191,  124,  298,  383,  416,  892,  574,  230,  587,  587,  467,  259,  120,  116,  831,  284,   98,  614,    0,  806,  119,  658,  142,  308,  428,   35,  809,  524,  674,  286,  239,  701,  713,  558,  678,  139,  183,  210,  246,  168,  155,  272,  352,  199,  502,  348,   95,  194],
        [  949,  949,  621,  634,  555,  875,  675,  200,  651,  674,  838,  654,  555,  560,  923,  527,  613,  921,  544,  986,  621,  262,  820,  834,  917,  865,  709,  346,  923,  997,  571,  342,  364,  937,  912,  815,  101,  586,  890,  873,  806,    0,  752,  216,  782,  507,  411,  826,  458,  488,  520,  718,  779,  539,  876,  743,  283,  696,  918,  604,  984,  937,  839,  708,  543,  961,  840,  698,  746,  856],
        [  510,  510,  386,  135,  575,  165,  135,  558,  604,  136,  134,  110,  276,  493,  284,  310,  654,  170,  633,  520,  255,  648,  103,  239,  227,  281,  298,  800,  467,  344,  473,  581,  395,  377,  171,   64,  765,  186,  210,  500,  119,  752,    0,  631,   43,  290,  352,  109,  704,  418,  703,  362,  333,  590,  597,  440,  666,   59,  169,  208,  363,  185,  268,  345,  252,  209,  390,  419,   31,  308],
        [  940,  940,  421,  500,  339,  777,  588,  135,  435,  527,  739,  551,  506,  347,  752,  354,  701,  797,  633,  972,  572,  382,  716,  663,  829,  806,  675,  519,  907,  824,  602,  127,  305,  750,  773,  694,  302,  499,  732,  875,  658,  216,  631,    0,  668,  351,  346,  684,  583,  497,  317,  521,  588,  614,  906,  748,   87,  573,  799,  449,  804,  808,  662,  514,  479,  835,  817,  493,  618,  673],
        [  477,  477,  429,  176,  618,  123,  136,  590,  646,  179,   91,  130,  284,  536,  299,  352,  649,  142,  632,  485,  254,  666,   61,  265,  184,  245,  281,  814,  434,  353,  470,  621,  422,  399,  161,   44,  790,  205,  222,  473,  142,  782,   43,  668,    0,  330,  377,  122,  711,  425,  745,  401,  368,  589,  573,  421,  705,   97,  137,  250,  378,  162,  296,  384,  266,  182,  361,  459,   71,  335],
        [  705,  705,  197,  155,  324,  448,  289,  309,  384,  176,  412,  235,  291,  251,  417,   51,  652,  451,  604,  728,  336,  490,  385,  328,  506,  517,  437,  659,  665,  490,  486,  292,  220,  441,  423,  350,  547,  219,  386,  664,  308,  507,  290,  351,  330,    0,  206,  333,  624,  384,  432,  257,  296,  567,  731,  557,  378,  233,  454,   99,  480,  459,  335,  241,  247,  488,  574,  274,  272,  357],
        [  596,  596,  401,  256,  486,  465,  264,  234,  563,  309,  427,  247,  160,  429,  574,  254,  452,  518,  400,  627,  227,  307,  411,  493,  507,  465,  329,  471,  562,  647,  299,  362,   48,  623,  519,  413,  414,  176,  522,  536,  428,  411,  352,  346,  377,  206,    0,  440,  420,  190,  558,  462,  493,  365,  580,  412,  413,  300,  513,  266,  647,  536,  508,  445,  137,  558,  471,  479,  352,  538],
        [  590,  590,  372,  192,  572,  206,  243,  628,  584,  158,  191,  213,  382,  490,  178,  339,  762,  136,  741,  596,  364,  743,  164,  152,  266,  356,  401,  900,  548,  235,  581,  617,  481,  279,   90,   89,  848,  287,  102,  592,   35,  826,  109,  684,  122,  333,  440,    0,  810,  524,  708,  321,  272,  698,  693,  542,  707,  143,  148,  237,  257,  134,  183,  306,  354,  165,  479,  383,   93,  222],
        [  623,  623,  815,  654,  858,  745,  575,  458,  948,  711,  717,  598,  429,  821,  969,  671,  181,  841,  125,  664,  461,  205,  715,  896,  758,  652,  486,  173,  614, 1038,  266,  674,  408, 1033,  871,  753,  372,  525,  906,  537,  809,  458,  704,  583,  711,  624,  420,  810,    0,  287,  887,  881,  911,  153,  494,  429,  669,  670,  829,  681, 1047,  867,  916,  864,  458,  878,  560,  895,  718,  948],
        [  462,  462,  580,  378,  675,  469,  289,  366,  752,  434,  438,  312,  143,  618,  686,  434,  270,  558,  228,  499,  180,  277,  433,  617,  491,  404,  236,  400,  436,  754,  111,  539,  209,  756,  585,  468,  450,  241,  621,  388,  524,  488,  418,  497,  425,  384,  190,  524,  287,    0,  743,  629,  648,  187,  410,  258,  574,  385,  547,  418,  765,  583,  639,  611,  174,  596,  355,  655,  432,  674],
        [ 1131, 1131,  340,  574,  142,  867,  720,  429,  191,  569,  833,  665,  699,  220,  698,  397,  983,  842,  919, 1156,  755,  691,  804,  620,  928,  948,  859,  835, 1092,  756,  853,  214,  535,  648,  792,  754,  614,  647,  711, 1083,  674,  520,  703,  317,  745,  432,  558,  708,  887,  743,    0,  424,  499,  894, 1137,  965,  238,  651,  851,  496,  721,  842,  604,  429,  659,  873, 1001,  366,  678,  597],
        [  865,  865,  101,  281,  283,  516,  446,  530,  270,  239,  491,  387,  514,  211,  275,  214,  898,  455,  854,  879,  539,  743,  461,  202,  578,  642,  622,  912,  823,  334,  724,  412,  476,  236,  392,  392,  775,  418,  297,  844,  286,  718,  362,  521,  401,  257,  462,  321,  881,  629,  424,    0,   76,  815,  930,  759,  506,  333,  469,  216,  302,  448,  182,   19,  470,  479,  739,   64,  332,  174],
        [  842,  842,  174,  280,  358,  475,  435,  588,  339,  228,  454,  378,  523,  287,  201,  261,  914,  401,  875,  852,  538,  786,  425,  136,  536,  613,  612,  955,  799,  258,  736,  483,  514,  163,  333,  352,  832,  422,  231,  828,  239,  779,  333,  588,  368,  296,  493,  272,  911,  648,  499,   76,    0,  835,  919,  752,  578,  315,  417,  231,  227,  391,  112,   76,  481,  421,  720,  134,  302,   99],
        [  473,  473,  763,  563,  842,  610,  456,  481,  924,  619,  584,  490,  321,  791,  866,  616,   90,  713,   44,  513,  336,  281,  586,  800,  616,  504,  343,  318,  462,  931,  123,  683,  370,  940,  750,  632,  470,  423,  797,  386,  701,  539,  590,  614,  589,  567,  365,  698,  153,  187,  894,  815,  835,    0,  354,  277,  699,  563,  699,  605,  945,  739,  823,  798,  358,  748,  408,  840,  607,  858],
        [  174,  174,  914,  649, 1050,  519,  485,  775, 1114,  694,  514,  544,  442,  982,  870,  779,  318,  640,  371,  208,  398,  627,  535,  835,  489,  359,  309,  666,  194,  916,  309,  941,  611,  971,  704,  607,  817,  519,  792,  112,  713,  876,  597,  906,  573,  731,  580,  693,  494,  410, 1137,  930,  919,  354,    0,  175,  983,  606,  620,  721,  947,  667,  865,  911,  486,  660,  221,  974,  626,  904],
        [  209,  209,  740,  478,  876,  393,  318,  620,  940,  525,  378,  375,  269,  807,  720,  605,  288,  510,  310,  248,  223,  512,  393,  677,  379,  252,  143,  590,  190,  773,  181,  774,  446,  816,  566,  459,  697,  345,  643,  131,  558,  743,  440,  748,  421,  557,  412,  542,  429,  258,  965,  759,  752,  277,  175,    0,  821,  440,  493,  548,  798,  539,  705,  740,  311,  538,  133,  801,  467,  744],
        [ 1008, 1008,  405,  532,  285,  819,  638,  218,  378,  551,  782,  595,  571,  312,  755,  369,  786,  828,  718, 1039,  636,  468,  757,  667,  874,  862,  740,  602,  974,  824,  682,   95,  375,  740,  796,  727,  377,  551,  744,  947,  678,  283,  666,   87,  705,  378,  413,  707,  669,  574,  238,  506,  578,  699,  983,  821,    0,  608,  831,  471,  800,  836,  662,  502,  539,  865,  883,  469,  649,  669],
        [  533,  533,  344,   79,  527,  217,  123,  501,  562,   95,  183,   74,  244,  446,  303,  256,  633,  227,  606,  548,  237,  601,  154,  242,  277,  314,  299,  757,  491,  369,  451,  524,  342,  383,  220,  122,  712,  146,  237,  515,  139,  696,   59,  573,   97,  233,  300,  143,  670,  385,  651,  333,  315,  563,  606,  440,  608,    0,  227,  156,  382,  241,  268,  314,  213,  266,  408,  385,   52,  307],
        [  491,  491,  519,  301,  717,  102,  262,  726,  731,  286,  117,  266,  411,  634,  279,  469,  749,   21,  742,  489,  369,  798,  114,  288,  142,  262,  366,  942,  452,  307,  577,  745,  558,  392,   96,  106,  927,  340,  205,  511,  183,  918,  169,  799,  137,  454,  513,  148,  829,  547,  851,  469,  417,  699,  620,  493,  831,  227,    0,  365,  345,   48,  318,  454,  398,   49,  400,  531,  183,  353],
        [  671,  671,  197,   81,  371,  372,  246,  405,  411,   81,  338,  186,  299,  291,  322,  105,  685,  359,  644,  690,  326,  567,  309,  235,  433,  464,  415,  734,  630,  396,  510,  382,  292,  359,  326,  263,  639,  204,  287,  641,  210,  604,  208,  449,  250,   99,  266,  237,  681,  418,  496,  216,  231,  605,  721,  548,  471,  156,  365,    0,  389,  366,  246,  197,  255,  395,  542,  254,  185,  273],
        [  832,  832,  399,  394,  581,  438,  496,  787,  550,  339,  434,  456,  625,  513,   80,  458, 1013,  325,  987,  832,  616,  953,  413,  155,  486,  598,  658, 1118,  791,   49,  832,  706,  679,   80,  251,  341, 1026,  524,  156,  842,  246,  984,  363,  804,  378,  480,  647,  257, 1047,  765,  721,  302,  227,  945,  947,  798,  800,  382,  345,  389,    0,  301,  146,  302,  591,  323,  729,  356,  341,  132],
        [  538,  538,  505,  309,  705,  149,  295,  742,  714,  286,  161,  291,  444,  624,  239,  469,  792,   29,  782,  535,  406,  827,  154,  258,  188,  310,  410,  975,  499,  262,  617,  747,  580,  352,   58,  123,  949,  366,  169,  559,  168,  937,  185,  808,  162,  459,  536,  134,  867,  583,  842,  448,  391,  739,  667,  539,  836,  241,   48,  366,  301,    0,  287,  434,  427,   32,  447,  511,  192,  320],
        [  771,  771,  269,  262,  463,  388,  390,  641,  449,  206,  373,  341,  503,  388,   95,  313,  896,  301,  865,  777,  504,  812,  345,   32,  447,  537,  563,  978,  729,  163,  715,  567,  538,  118,  229,  270,  881,  401,  122,  767,  155,  839,  268,  662,  296,  335,  508,  183,  916,  639,  604,  182,  112,  823,  865,  705,  662,  268,  318,  246,  146,  287,    0,  176,  465,  316,  656,  244,  239,   40],
        [  847,  847,   98,  262,  288,  500,  428,  520,  281,  221,  474,  368,  496,  213,  270,  200,  880,  441,  837,  861,  520,  729,  444,  193,  562,  625,  603,  898,  805,  331,  706,  407,  461,  238,  379,  376,  765,  400,  287,  826,  272,  708,  345,  514,  384,  241,  445,  306,  864,  611,  429,   19,   76,  798,  911,  740,  502,  314,  454,  197,  302,  434,  176,    0,  452,  466,  721,   77,  314,  172],
        [  475,  475,  436,  205,  566,  338,  138,  370,  630,  261,  301,  143,   45,  497,  513,  296,  434,  406,  400,  503,   98,  401,  289,  444,  375,  329,  203,  550,  438,  581,  256,  478,  183,  583,  421,  307,  537,   68,  449,  424,  352,  543,  252,  479,  266,  247,  137,  354,  458,  174,  659,  470,  481,  358,  486,  311,  539,  213,  398,  255,  591,  427,  465,  452,    0,  445,  346,  504,  262,  501],
        [  526,  526,  537,  336,  737,  146,  310,  767,  745,  315,  165,  311,  459,  655,  264,  499,  797,   40,  790,  520,  418,  845,  163,  288,  175,  302,  413,  991,  487,  281,  625,  776,  602,  377,   88,  146,  971,  386,  197,  551,  199,  961,  209,  835,  182,  488,  558,  165,  878,  596,  873,  479,  421,  748,  660,  538,  865,  266,   49,  395,  323,   32,  316,  466,  445,    0,  440,  542,  218,  348],
        [  131,  131,  739,  464,  897,  299,  297,  697,  950,  501,  296,  357,  313,  822,  653,  617,  420,  419,  443,  157,  249,  626,  317,  625,  270,  140,  144,  716,   93,  698,  302,  824,  513,  758,  484,  391,  804,  355,  575,  114,  502,  840,  390,  817,  361,  574,  471,  479,  560,  355, 1001,  739,  720,  408,  221,  133,  883,  408,  400,  542,  729,  447,  656,  721,  346,  440,    0,  789,  420,  695],
        [  916,  916,   83,  327,  226,  576,  494,  519,  206,  290,  549,  433,  549,  162,  335,  226,  924,  518,  877,  932,  579,  746,  519,  265,  638,  697,  667,  914,  874,  391,  754,  377,  488,  284,  455,  452,  763,  457,  360,  892,  348,  698,  419,  493,  459,  274,  479,  383,  895,  655,  366,   64,  134,  840,  974,  801,  469,  385,  531,  254,  356,  511,  244,   77,  504,  542,  789,    0,  389,  232],
        [  540,  540,  358,  119,  549,  192,  156,  550,  576,  110,  162,  120,  290,  467,  261,  289,  674,  180,  650,  551,  275,  652,  132,  211,  254,  312,  325,  808,  498,  324,  492,  563,  394,  350,  168,   79,  763,  195,  191,  530,   95,  746,   31,  618,   71,  272,  352,   93,  718,  432,  678,  332,  302,  607,  626,  467,  649,   52,  183,  185,  341,  192,  239,  314,  262,  218,  420,  389,    0,  279],
        [  810,  810,  269,  297,  456,  426,  429,  661,  434,  240,  412,  379,  539,  384,  105,  331,  933,  335,  900,  816,  542,  840,  384,   71,  484,  576,  602, 1007,  768,  161,  752,  574,  565,   86,  262,  309,  902,  437,  152,  807,  194,  856,  308,  673,  335,  357,  538,  222,  948,  674,  597,  174,   99,  858,  904,  744,  669,  307,  353,  273,  132,  320,   40,  172,  501,  348,  695,  232,  279,    0]
    ]
}
