{
    "name": "random-49-21146",
    "comment": "size=49 seed=21146",
    "nodes": ["+0", "-0", "+1", "-1", "+2", "-2", "+3", "-3", "+4", "-4", "+5", "-5", "+6", "-6", "+7", "-7", "+8", "-8", "+9", "-9", "+10", "-10", "+11", "-11", "+12", "-12", "+13", "-13", "+14", "-14", "+15", "-15", "+16", "-16", "+17", "-17", "+18", "-18", "+19", "-19", "+20", "-20", "+21", "-21", "+22", "-22", "+23", "-23", "+24", "-24", "+25", "-25", "+26", "-26", "+27", "-27", "+28", "-28", "+29", "-29", "+30", "-30", "+31", "-31", "+32", "-32", "+33", "-33", "+34", "-34", "+35", "-35", "+36", "-36", "+37", "-37", "+38", "-38", "+39", "-39", "+40", "-40", "+41", "-41", "+42", "-42", "+43", "-43", "+44", "-44", "+45", "-45", "+46", "-46", "+47", "-47", "+48", "-48", "+49", "-49"],
    "precedence": {
        "+0": "-0",
        "+1": "-1",
        "+2": "-2",
        "+3": "-3",
        "+4": "-4",
        "+5": "-5",
        "+6": "-6",
        "+7": "-7",
        "+8": "-8",
        "+9": "-9",
        "+10": "-10",
        "+11": "-11",
        "+12": "-12",
        "+13": "-13",
        "+14": "-14",
        "+15": "-15",
        "+16": "-16",
        "+17": "-17",
        "+18": "-18",
        "+19": "-19",
        "+20": "-20",
        "+21": "-21",
        "+22": "-22",
        "+23": "-23",
        "+24": "-24",
        "+25": "-25",
        "+26": "-26",
        "+27": "-27",
        "+28": "-28",
        "+29": "-29",
        "+30": "-30",
        "+31": "-31",
        "+32": "-32",
        "+33": "-33",
        "+34": "-34",
        "+35": "-35",
        "+36": "-36",
        "+37": "-37",
        "+38": "-38",
        "+39": "-39",
        "+40": "-40",
        "+41": "-41",
        "+42": "-42",
        "+43": "-43",
        "+44": "-44",
        "+45": "-45",
        "+46": "-46",
        "+47": "-47",
        "+48": "-48",
        "+49": "-49"
    },
    "edges": [
        [    0,    0,  501,  689,  768,  114,  446,  384,  649,  422,  943,  157,  341,  492, 1058, 1143,  274,  224, 1241, 1108,  355,  391,  785,  212,  568,  390,  770,  556,  954,  917,  128,  796,  623,  595,  502,  607,  878,  651,   40,  964,  778,  737,  830,  605,  675,  788,  844,  423,  740,  392,  554,  661,  638,  701,  853,  634,  494,  631,  657,  910, 1052,  426,  794,  637,  849,  587,   23,  717,  934,  140,  940, 1179,  413,  678,  327,  392,  634,  950,   97,  819,  962,  313,  276,  421,  546,  614,  222,  393,  926,  577,  936,  110, 1021, 1145,  945,  693,  273,  590,  521,  338],
        [    0,    0,    0,    0,    0,    0,    0,    0,    0,    0,    0,    0,    0,    0,    0,    0,    0,    0,    0,    0,    0,    0,    0,    0,    0,    0,    0,    0,    0,    0,    0,    0,    0,    0,    0,    0,    0,    0,    0,    0,    0,    0,    0,    0,    0,    0,    0,    0,    0,    0,    0,    0,    0,    0,    0,    0,    0,    0,    0,    0,    0,    0,    0,    0,    0,    0,    0,    0,    0,    0,    0,    0,    0,    0,    0,    0,    0,    0,    0,    0,    0,    0,    0,    0,    0,    0,    0,    0,    0,    0,    0,    0,    0,    0,    0,    0,    0,    0,    0,    0],
        [  501,    0,    0,  402,  464,  393,  102,  727,  553,   95,  861,  461,  707,  552,  766,  839,  233,  404,  940,  761,  646,  347,  328,  641,  642,  345,  914,   57,  813,  600,  628,  911,  583,  831,  622,  671, 1020,  618,  515,  595,  280,  237,  518,  749,  194,  334,  863,  708,  395,  685,  510,  853,  242,  287,  524,  178,  217,  810,  168,  634,  763,  726,  431,  140,  452,  360,  483,  787,  907,  497, 1040,  869,  287,  741,  503,  317,  617,  557,  557,  588,  964,  313,  237,  235,  677,  120,  676,  112,  645,  583,  679,  455,  671,  825, 1092,  710,  355,  114,  311,  188],
        [  689,    0,  402,    0,   80,  584,  340,  696,  243,  377,  488,  561,  702,  381,  384,  466,  523,  479,  567,  419,  606,  309,  276,  713,  429,  309,  670,  405,  421,  230,  793,  646,  304,  678,  457,  437,  755,  329,  679,  282,  414,  441,  142,  549,  504,  271,  544,  635,   84,  630,  277,  659,  180,  186,  164,  272,  220,  617,  477,  241,  380,  660,  133,  372,  206,  107,  667,  519,  555,  599,  745,  500,  277,  480,  468,  300,  341,  282,  690,  187,  620,  377,  539,  277,  494,  359,  759,  456,  254,  344,  281,  591,  332,  462,  822,  424,  421,  323,  169,  397],
        [  768,    0,  464,   80,    0,  663,  411,  761,  275,  448,  469,  639,  770,  438,  309,  389,  599,  557,  491,  340,  672,  386,  278,  788,  475,  386,  697,  460,  387,  151,  871,  668,  342,  726,  512,  477,  775,  360,  758,  208,  432,  468,   63,  592,  544,  272,  551,  698,   80,  694,  330,  699,  228,  211,   86,  316,  296,  659,  518,  171,  305,  722,   94,  414,  163,  184,  746,  545,  546,  677,  756,  423,  356,  510,  539,  378,  376,  217,  767,  146,  614,  456,  615,  356,  543,  406,  834,  526,  183,  390,  216,  669,  254,  384,  838,  450,  500,  374,  248,  474],
        [  114,    0,  393,  584,  663,    0,  334,  409,  568,  311,  874,  124,  373,  432,  958, 1043,  175,  150, 1142, 1003,  356,  296,  672,  268,  518,  295,  747,  449,  874,  813,  238,  766,  551,  592,  459,  557,  857,  581,  123,  856,  668,  629,  725,  575,  573,  675,  793,  427,  631,  397,  476,  647,  525,  589,  747,  521,  383,  612,  553,  810,  952,  436,  685,  527,  738,  484,   93,  673,  876,  138,  910, 1078,  309,  631,  280,  292,  567,  839,  168,  723,  910,  212,  182,  311,  509,  504,  295,  289,  826,  511,  839,   84,  915, 1043,  927,  635,  181,  478,  417,  225],
        [  446,    0,  102,  340,  411,  334,    0,  635,  462,   38,  776,  382,  618,  451,  720,  797,  205,  317,  899,  731,  551,  246,  342,  563,  542,  244,  814,  147,  735,  557,  571,  811,  487,  731,  521,  571,  919,  523,  454,  570,  341,  311,  470,  648,  289,  346,  768,  611,  353,  590,  413,  752,  213,  272,  482,  189,  131,  709,  262,  580,  716,  631,  398,  203,  434,  280,  426,  688,  816,  420,  942,  829,  186,  641,  406,  216,  520,  540,  489,  521,  871,  217,  217,  134,  576,  179,  601,  116,  592,  484,  621,  384,  640,  787,  992,  612,  263,  147,  222,  111],
        [  384,    0,  727,  696,  761,  409,  635,    0,  527,  633,  723,  291,   48,  332,  978, 1062,  565,  326, 1146, 1068,   92,  424,  903,  185,  346,  425,  433,  780,  776,  883,  354,  472,  469,  232,  278,  373,  529,  478,  344,  967,  962,  943,  812,  305,  920,  903,  573,   82,  773,   70,  441,  313,  743,  800,  843,  786,  598,  297,  895,  845,  971,   64,  826,  834,  897,  596,  378,  439,  679,  272,  606, 1099,  486,  418,  241,  449,  456,  976,  291,  740,  684,  419,  578,  530,  285,  810,  207,  650,  861,  408,  851,  326,  997, 1079,  589,  463,  374,  771,  560,  541],
        [  649,    0,  553,  243,  275,  568,  462,  527,    0,  491,  321,  496,  546,  197,  452,  537,  580,  426,  624,  544,  446,  280,  516,  600,  205,  281,  428,  577,  307,  365,  723,  404,   68,  456,  255,  203,  514,   87,  626,  463,  643,  659,  310,  318,  701,  512,  316,  453,  324,  457,   98,  425,  393,  419,  342,  479,  337,  385,  672,  320,  445,  478,  363,  572,  436,  204,  628,  277,  355,  526,  510,  574,  302,  238,  347,  295,  101,  486,  616,  215,  411,  367,  599,  340,  275,  554,  646,  562,  336,  124,  324,  540,  479,  552,  582,  183,  388,  511,  243,  462],
        [  422,    0,   95,  377,  448,  311,   38,  633,  491,    0,  807,  370,  613,  468,  757,  834,  171,  310,  936,  768,  552,  261,  373,  550,  560,  258,  831,  148,  769,  594,  548,  830,  513,  740,  535,  591,  938,  549,  432,  606,  358,  323,  507,  663,  288,  377,  793,  614,  391,  591,  437,  765,  249,  307,  519,  218,  165,  722,  263,  617,  753,  632,  435,  218,  470,  314,  403,  709,  845,  406,  963,  867,  205,  663,  410,  232,  545,  576,  471,  557,  898,  219,  182,  156,  590,  194,  586,   79,  630,  506,  658,  367,  677,  825, 1011,  636,  260,  169,  253,   95],
        [  943,    0,  861,  488,  469,  874,  776,  723,  321,  807,    0,  786,  758,  452,  411,  465,  900,  726,  510,  541,  666,  597,  747,  850,  390,  598,  398,  878,  112,  449,  997,  348,  324,  552,  462,  355,  416,  293,  914,  559,  898,  928,  458,  426,  989,  740,  184,  642,  545,  659,  401,  479,  666,  671,  482,  758,  647,  462,  961,  373,  403,  661,  558,  857,  614,  502,  922,  296,  101,  809,  355,  495,  622,  307,  619,  614,  309,  609,  893,  326,  167,  683,  919,  659,  440,  842,  891,  880,  380,  366,  334,  833,  525,  501,  455,  263,  697,  802,  555,  782],
        [  157,    0,  461,  561,  639,  124,  382,  291,  496,  370,  786,    0,  259,  335,  917, 1003,  276,   82, 1099,  976,  233,  254,  698,  181,  413,  254,  629,  517,  799,  784,  234,  650,  467,  469,  349,  452,  738,  494,  131,  842,  722,  692,  700,  458,  652,  700,  689,  304,  622,  274,  400,  526,  542,  605,  725,  559,  391,  492,  628,  770,  911,  314,  677,  584,  738,  456,  138,  564,  778,   40,  795, 1039,  291,  524,  171,  263,  477,  834,  129,  675,  807,  193,  288,  315,  396,  560,  220,  371,  786,  420,  793,   51,  892, 1008,  807,  536,  143,  528,  396,  275],
        [  341,    0,  707,  702,  770,  373,  618,   48,  546,  613,  758,  259,    0,  350,  998, 1082,  535,  304, 1169, 1084,  101,  419,  899,  139,  375,  420,  478,  761,  806,  896,  307,  516,  491,  279,  304,  405,  576,  503,  302,  977,  950,  928,  823,  344,  900,  899,  612,  120,  777,   99,  457,  359,  738,  797,  853,  776,  590,  342,  875,  862,  991,  108,  831,  819,  901,  600,  336,  477,  717,  236,  652, 1120,  478,  454,  238,  442,  481,  983,  246,  758,  725,  404,  547,  519,  318,  794,  160,  625,  878,  431,  870,  290, 1010, 1098,  636,  496,  356,  757,  559,  520],
        [  492,    0,  552,  381,  438,  432,  451,  332,  197,  468,  452,  335,  350,    0,  648,  733,  498,  282,  820,  737,  250,  208,  624,  411,   95,  210,  364,  592,  475,  552,  547,  365,  145,  305,   80,  131,  471,  165,  463,  641,  720,  719,  485,  199,  731,  622,  363,  262,  463,  263,  110,  307,  473,  520,  517,  541,  357,  263,  702,  513,  641,  286,  513,  616,  586,  294,  472,  251,  445,  357,  503,  770,  266,  206,  168,  237,  146,  655,  442,  409,  480,  274,  516,  318,  128,  593,  456,  522,  530,   89,  520,  383,  666,  748,  544,  204,  269,  550,  283,  404],
        [ 1058,    0,  766,  384,  309,  958,  720,  978,  452,  757,  411,  917,  998,  648,    0,   86,  906,  838,  184,  132,  897,  667,  512, 1045,  643,  668,  776,  756,  299,  167, 1150,  732,  510,  877,  703,  627,  817,  507, 1043,  220,  671,  722,  250,  735,  817,  504,  574,  903,  372,  908,  544,  824,  525,  490,  243,  604,  604,  794,  795,  148,    9,  927,  340,  696,  348,  476, 1035,  638,  511,  952,  764,  124,  651,  623,  789,  667,  529,  280, 1044,  245,  576,  747,  923,  659,  712,  693, 1091,  835,  133,  571,  128,  953,  149,  103,  863,  558,  785,  667,  545,  781],
        [ 1143,    0,  839,  466,  389, 1043,  797, 1062,  537,  834,  465, 1003, 1082,  733,   86,    0,  987,  923,  102,  121,  982,  753,  567, 1130,  725,  753,  845,  825,  357,  241, 1236,  798,  594,  955,  786,  707,  879,  589, 1128,  266,  724,  778,  328,  814,  877,  559,  638,  986,  446,  992,  629,  899,  598,  558,  316,  672,  684,  870,  856,  233,   93, 1010,  409,  761,  406,  560, 1120,  711,  566, 1038,  820,   38,  735,  699,  874,  752,  611,  322, 1130,  330,  628,  832, 1003,  742,  794,  759, 1177,  911,  217,  654,  214, 1039,  185,   43,  920,  635,  870,  736,  628,  862],
        [  274,    0,  233,  523,  599,  175,  205,  565,  580,  171,  900,  276,  535,  498,  906,  987,    0,  252, 1089,  929,  498,  306,  543,  441,  591,  304,  848,  287,  879,  748,  401,  858,  584,  720,  547,  628,  959,  618,  294,  770,  512,  467,  660,  674,  402,  547,  853,  568,  549,  540,  504,  763,  416,  476,  675,  388,  303,  723,  384,  762,  902,  581,  597,  372,  638,  440,  258,  749,  921,  303,  999, 1021,  281,  703,  384,  287,  609,  743,  342,  689,  966,  225,   20,  254,  602,  351,  469,  122,  776,  560,  799,  252,  838,  981, 1031,  692,  234,  334,  371,  127],
        [  224,    0,  404,  479,  557,  150,  317,  326,  426,  310,  726,   82,  304,  282,  838,  923,  252,    0, 1020,  895,  250,  173,  622,  253,  369,  172,  607,  458,  731,  703,  315,  623,  404,  469,  313,  408,  718,  433,  205,  760,  654,  628,  618,  433,  597,  623,  644,  318,  540,  292,  331,  515,  463,  526,  643,  486,  312,  477,  572,  691,  832,  333,  595,  519,  657,  374,  203,  525,  726,  121,  766,  960,  210,  482,  137,  181,  418,  752,  211,  597,  761,  114,  268,  236,  365,  495,  295,  325,  707,  362,  715,  117,  810,  928,  789,  486,   63,  459,  314,  216],
        [ 1241,    0,  940,  567,  491, 1142,  899, 1146,  624,  936,  510, 1099, 1169,  820,  184,  102, 1089, 1020,    0,  199, 1068,  851,  663, 1222,  805,  851,  902,  925,  408,  343, 1332,  853,  678, 1026,  869,  784,  925,  670, 1225,  360,  816,  873,  430,  887,  974,  655,  690, 1069,  547, 1076,  719,  965,  699,  658,  418,  772,  786,  939,  954,  332,  190, 1092,  510,  859,  503,  660, 1218,  776,  607, 1133,  860,   73,  835,  769,  966,  850,  692,  414, 1225,  425,  664,  931, 1105,  843,  872,  859, 1268, 1013,  317,  739,  307, 1136,  279,  120,  961,  707,  969,  837,  728,  964],
        [ 1108,    0,  761,  419,  340, 1003,  731, 1068,  544,  768,  541,  976, 1084,  737,  132,  121,  929,  895,  199,    0,  984,  723,  469, 1117,  744,  723,  898,  741,  430,  193, 1209,  855,  607,  986,  798,  732,  944,  609, 1097,  168,  620,  677,  278,  844,  780,  461,  700,  997,  380,  999,  628,  938,  523,  476,  257,  588,  629,  905,  761,  225,  139, 1021,  334,  671,  314,  522, 1085,  755,  642, 1013,  894,  130,  695,  736,  863,  717,  630,  218, 1105,  330,  707,  795,  944,  694,  814,  672, 1164,  843,  209,  667,  232, 1008,   92,   83,  991,  671,  838,  654,  587,  808],
        [  355,    0,  646,  606,  672,  356,  551,   92,  446,  552,  666,  233,  101,  250,  897,  982,  498,  250, 1068,  984,    0,  334,  813,  192,  279,  335,  421,  697,  709,  796,  357,  452,  391,  241,  207,  311,  526,  404,  317,  879,  874,  857,  725,  267,  839,  812,  530,   72,  683,   42,  356,  307,  652,  709,  755,  697,  508,  281,  812,  761,  890,   83,  736,  748,  807,  505,  344,  395,  632,  225,  593, 1019,  396,  367,  151,  360,  382,  887,  271,  657,  645,  335,  513,  441,  228,  724,  229,  574,  778,  331,  770,  276,  911,  997,  591,  403,  292,  685,  468,  461],
        [  391,    0,  347,  309,  386,  296,  246,  424,  280,  261,  597,  254,  419,  208,  667,  753,  306,  173,  851,  723,  334,    0,  481,  409,  301,    3,  571,  390,  585,  530,  487,  572,  278,  488,  276,  334,  679,  313,  376,  590,  544,  533,  446,  403,  532,  481,  550,  384,  373,  368,  199,  507,  320,  379,  471,  366,  175,  464,  503,  520,  661,  406,  428,  426,  493,  203,  368,  454,  616,  291,  708,  789,   65,  408,  184,   30,  304,  585,  382,  429,  661,   89,  325,  116,  331,  402,  454,  315,  536,  256,  546,  287,  639,  757,  751,  389,  119,  360,  146,  199],
        [  785,    0,  328,  276,  278,  672,  342,  903,  516,  373,  747,  698,  899,  624,  512,  567,  543,  622,  663,  469,  813,  481,    0,  874,  689,  480,  941,  292,  663,  354,  907,  920,  574,  929,  704,  703, 1030,  602,  789,  304,  162,  212,  300,  809,  312,    8,  818,  857,  204,  845,  533,  921,  162,  106,  287,  156,  312,  878,  293,  415,  511,  880,  193,  210,  164,  333,  764,  792,  822,  738, 1021,  591,  422,  751,  663,  458,  612,  252,  817,  423,  889,  508,  552,  386,  748,  218,  916,  431,  420,  607,  466,  711,  385,  543, 1097,  698,  560,  215,  348,  448],
        [  212,    0,  641,  713,  788,  268,  563,  185,  600,  550,  850,  181,  139,  411, 1045, 1130,  441,  253, 1222, 1117,  192,  409,  874,    0,  460,  409,  606,  696,  884,  926,  171,  641,  556,  413,  388,  496,  708,  574,  173,  995,  902,  872,  846,  458,  829,  875,  720,  244,  781,  215,  504,  489,  715,  777,  873,  737,  564,  467,  807,  902, 1038,  239,  836,  765,  901,  608,  211,  586,  821,  145,  780, 1168,  458,  556,  257,  425,  554,  992,  115,  801,  836,  366,  450,  488,  417,  741,   47,  546,  918,  498,  917,  190, 1038, 1141,  770,  587,  315,  708,  555,  455],
        [  568,    0,  642,  429,  475,  518,  542,  346,  205,  560,  390,  413,  375,   95,  643,  725,  591,  369,  805,  744,  279,  301,  689,  460,    0,  303,  273,  680,  432,  569,  610,  271,  139,  252,   73,   40,  379,  136,  536,  667,  795,  799,  514,  121,  817,  686,  277,  266,  512,  278,  156,  233,  545,  586,  546,  619,  441,  190,  788,  520,  635,  289,  558,  699,  632,  357,  550,  158,  368,  430,  409,  761,  356,  114,  242,  329,  115,  689,  509,  416,  395,  368,  610,  408,   71,  677,  502,  615,  535,   86,  518,  463,  682,  745,  451,  128,  361,  633,  360,  498],
        [  390,    0,  345,  309,  386,  295,  244,  425,  281,  258,  598,  254,  420,  210,  668,  753,  304,  172,  851,  723,  335,    3,  480,  409,  303,    0,  573,  388,  586,  531,  486,  574,  280,  490,  278,  336,  681,  315,  375,  590,  543,  531,  447,  405,  530,  480,  552,  385,  373,  369,  201,  509,  319,  378,  472,  364,  174,  466,  501,  521,  662,  407,  428,  424,  493,  203,  367,  456,  618,  291,  710,  790,   64,  410,  185,   28,  306,  585,  382,  430,  663,   87,  323,  114,  333,  400,  454,  313,  537,  259,  547,  286,  639,  757,  754,  391,  118,  358,  146,  197],
        [  770,    0,  914,  670,  697,  747,  814,  433,  428,  831,  398,  629,  478,  364,  776,  845,  848,  607,  902,  898,  421,  571,  941,  606,  273,  573,    0,  952,  494,  754,  775,   53,  368,  205,  302,  247,  111,  341,  733,  863, 1059, 1066,  721,  175, 1089,  937,  215,  363,  751,  392,  419,  121,  807,  842,  752,  886,  712,  140, 1060,  688,  768,  371,  788,  969,  860,  615,  756,  153,  315,  633,  174,  878,  628,  190,  471,  600,  330,  897,  691,  598,  289,  631,  866,  680,  246,  947,  636,  883,  701,  342,  668,  678,  856,  875,  183,  248,  615,  904,  628,  765],
        [  556,    0,   57,  405,  460,  449,  147,  780,  577,  148,  878,  517,  761,  592,  756,  825,  287,  458,  925,  741,  697,  390,  292,  696,  680,  388,  952,    0,  823,  589,  683,  946,  612,  877,  664,  707, 1056,  646,  571,  574,  227,  182,  510,  790,  143,  299,  891,  758,  387,  736,  542,  896,  233,  268,  513,  154,  244,  852,  116,  629,  753,  777,  416,   90,  429,  378,  539,  821,  929,  552, 1073,  853,  328,  775,  553,  360,  647,  531,  613,  591,  987,  363,  290,  275,  718,   76,  731,  165,  639,  616,  675,  511,  652,  808, 1128,  740,  407,   89,  336,  243],
        [  954,    0,  813,  421,  387,  874,  735,  776,  307,  769,  112,  799,  806,  475,  299,  357,  879,  731,  408,  430,  709,  585,  663,  884,  432,  586,  494,  823,    0,  346, 1020,  446,  333,  628,  503,  403,  523,  311,  929,  454,  819,  854,  367,  493,  924,  656,  283,  695,  466,  709,  401,  562,  600,  596,  387,  693,  605,  539,  897,  270,  292,  717,  471,  792,  521,  456,  932,  373,  212,  826,  466,  388,  598,  372,  640,  598,  331,  507,  914,  242,  278,  673,  897,  629,  492,  780,  928,  845,  275,  387,  227,  844,  416,  391,  565,  316,  695,  742,  517,  756],
        [  917,    0,  600,  230,  151,  813,  557,  883,  365,  594,  449,  784,  896,  552,  167,  241,  748,  703,  343,  193,  796,  530,  354,  926,  569,  531,  754,  589,  346,    0, 1017,  717,  431,  817,  618,  562,  815,  439,  905,  112,  515,  563,   89,  677,  654,  346,  576,  813,  206,  814,  442,  778,  359,  324,   77,  438,  446,  742,  631,   77,  165,  838,  174,  531,  193,  330,  894,  604,  542,  820,  780,  273,  505,  578,  672,  525,  459,  161,  912,  158,  611,  604,  764,  506,  639,  527,  972,  671,   73,  488,  122,  816,  115,  233,  871,  513,  646,  501,  397,  624],
        [  128,    0,  628,  793,  871,  238,  571,  354,  723,  548,  997,  234,  307,  547, 1150, 1236,  401,  315, 1332, 1209,  357,  487,  907,  171,  610,  486,  775,  683, 1020, 1017,    0,  808,  688,  583,  539,  648,  878,  711,  119, 1072,  904,  864,  932,  622,  802,  909,  879,  414,  850,  384,  626,  659,  756,  820,  957,  758,  609,  635,  784, 1004, 1144,  409,  904,  763,  962,  688,  145,  746,  976,  199,  948, 1273,  519,  713,  381,  494,  692, 1061,  108,  908,  996,  419,  402,  534,  575,  740,  153,  520, 1020,  635, 1026,  203, 1124, 1242,  940,  738,  372,  716,  626,  461],
        [  796,    0,  911,  646,  668,  766,  811,  472,  404,  830,  348,  650,  516,  365,  732,  798,  858,  623,  853,  855,  452,  572,  920,  641,  271,  574,   53,  946,  446,  717,  808,    0,  348,  250,  312,  240,  112,  319,  760,  827, 1043, 1053,  688,  193, 1081,  915,  164,  398,  725,  426,  407,  165,  790,  822,  719,  872,  704,  175, 1052,  649,  724,  409,  760,  958,  831,  598,  781,  129,  262,  658,  145,  831,  626,  173,  487,  600,  310,  864,  720,  562,  236,  637,  876,  677,  259,  937,  672,  886,  661,  331,  626,  700,  817,  830,  183,  222,  625,  894,  617,  768],
        [  623,    0,  583,  304,  342,  551,  487,  469,   68,  513,  324,  467,  491,  145,  510,  594,  584,  404,  678,  607,  391,  278,  574,  556,  139,  280,  368,  612,  333,  431,  688,  348,    0,  389,  193,  136,  459,   36,  597,  530,  695,  707,  377,  251,  741,  570,  281,  393,  386,  399,   80,  358,  443,  475,  409,  526,  368,  318,  712,  383,  503,  417,  428,  615,  501,  251,  603,  220,  338,  494,  464,  631,  313,  178,  308,  299,   38,  554,  582,  278,  387,  363,  603,  358,  209,  595,  600,  580,  399,   61,  384,  514,  544,  612,  529,  130,  374,  552,  276,  472],
        [  595,    0,  831,  678,  726,  592,  731,  232,  456,  740,  552,  469,  279,  305,  877,  955,  720,  469, 1026,  986,  241,  488,  929,  413,  252,  490,  205,  877,  628,  817,  583,  250,  389,    0,  226,  256,  298,  379,  556,  918, 1022, 1017,  765,  142, 1019,  927,  380,  173,  761,  204,  402,   85,  778,  825,  797,  843,  654,   90,  991,  764,  869,  175,  808,  912,  882,  598,  584,  258,  488,  465,  377,  991,  552,  258,  338,  518,  359,  941,  508,  662,  478,  524,  736,  604,  185,  888,  438,  778,  779,  337,  756,  514,  929,  979,  358,  321,  493,  846,  587,  660],
        [  502,    0,  622,  457,  512,  459,  521,  278,  255,  535,  462,  349,  304,   80,  703,  786,  547,  313,  869,  798,  207,  276,  704,  388,   73,  278,  302,  664,  503,  618,  539,  312,  193,  226,    0,  109,  412,  200,  469,  711,  798,  796,  556,  129,  804,  701,  343,  201,  540,  209,  183,  232,  552,  599,  587,  619,  433,  189,  776,  574,  695,  225,  589,  692,  662,  373,  485,  216,  438,  363,  455,  823,  337,  177,  180,  305,  178,  728,  439,  469,  461,  330,  565,  389,   56,  669,  430,  584,  590,  133,  576,  399,  732,  804,  484,  200,  314,  626,  362,  464],
        [  607,    0,  671,  437,  477,  557,  571,  373,  203,  591,  355,  452,  405,  131,  627,  707,  628,  408,  784,  732,  311,  334,  703,  496,   40,  336,  247,  707,  403,  562,  648,  240,  136,  256,  109,    0,  349,  124,  575,  664,  815,  821,  512,  116,  843,  699,  238,  292,  520,  307,  173,  223,  563,  601,  544,  640,  466,  183,  814,  509,  619,  314,  563,  723,  637,  372,  589,  121,  329,  469,  374,  743,  387,   76,  282,  362,  105,  689,  547,  407,  356,  404,  647,  438,   90,  701,  537,  649,  524,   97,  503,  502,  674,  729,  421,   92,  398,  657,  382,  532],
        [  878,    0, 1020,  755,  775,  857,  919,  529,  514,  938,  416,  738,  576,  471,  817,  879,  959,  718,  925,  944,  526,  679, 1030,  708,  379,  681,  111, 1056,  523,  815,  878,  112,  459,  298,  412,  349,    0,  429,  840,  926, 1154, 1164,  792,  286, 1191, 1025,  244,  465,  834,  495,  518,  220,  901,  932,  822,  983,  814,  247, 1162,  745,  809,  470,  868, 1069,  937,  710,  864,  240,  319,  742,   93,  910,  734,  284,  581,  707,  421,  966,  796,  663,  272,  741,  976,  786,  357, 1048,  735,  992,  757,  441,  719,  787,  912,  913,   73,  332,  725, 1004,  728,  873],
        [  651,    0,  618,  329,  360,  581,  523,  478,   87,  549,  293,  494,  503,  165,  507,  589,  618,  433,  670,  609,  404,  313,  602,  574,  136,  315,  341,  646,  311,  439,  711,  319,   36,  379,  200,  124,  429,    0,  624,  541,  726,  739,  391,  239,  775,  597,  246,  400,  410,  408,  115,  342,  474,  504,  423,  558,  403,  304,  746,  386,  499,  423,  449,  648,  522,  283,  631,  191,  304,  520,  430,  626,  349,  152,  331,  334,   22,  568,  606,  283,  351,  397,  637,  394,  206,  629,  619,  615,  401,   77,  382,  542,  550,  609,  498,   98,  406,  586,  311,  507],
        [   40,    0,  515,  679,  758,  123,  454,  344,  626,  432,  914,  131,  302,  463, 1043, 1128,  294,  205, 1225, 1097,  317,  376,  789,  173,  536,  375,  733,  571,  929,  905,  119,  760,  597,  556,  469,  575,  840,  624,    0,  957,  790,  751,  819,  569,  694,  791,  811,  384,  734,  352,  530,  623,  638,  702,  843,  640,  492,  594,  674,  895, 1036,  386,  788,  649,  845,  575,   39,  683,  903,  106,  903, 1165,  404,  645,  296,  380,  606,  944,   58,  802,  930,  303,  298,  417,  512,  626,  187,  410,  911,  549,  920,   90, 1011, 1132,  907,  662,  259,  599,  511,  344],
        [  964,    0,  595,  282,  208,  856,  570,  967,  463,  606,  559,  842,  977,  641,  220,  266,  770,  760,  360,  168,  879,  590,  304,  995,  667,  590,  863,  574,  454,  112, 1072,  827,  530,  918,  711,  664,  926,  541,  957,    0,  459,  514,  156,  779,  614,  296,  687,  901,  225,  899,  531,  882,  359,  309,  125,  421,  476,  844,  595,  187,  222,  926,  174,  503,  146,  388,  942,  712,  653,  880,  891,  288,  554,  684,  747,  579,  560,   61,  970,  266,  722,  654,  784,  545,  737,  504, 1040,  680,  180,  584,  227,  869,   82,  240,  983,  620,  700,  486,  447,  652],
        [  778,    0,  280,  414,  432,  668,  341,  962,  643,  358,  898,  722,  950,  720,  671,  724,  512,  654,  816,  620,  874,  544,  162,  902,  795,  543, 1059,  227,  819,  515,  904, 1043,  695, 1022,  798,  815, 1154,  726,  790,  459,    0,   64,  459,  914,  176,  169,  955,  927,  354,  910,  642, 1025,  253,  229,  447,  180,  370,  981,  168,  576,  671,  949,  352,  142,  324,  445,  760,  914,  968,  760, 1153,  745,  480,  871,  724,  517,  733,  403,  828,  577, 1034,  546,  516,  433,  847,  165,  941,  391,  581,  718,  626,  723,  540,  697, 1223,  823,  596,  195,  437,  450],
        [  737,    0,  237,  441,  468,  629,  311,  943,  659,  323,  928,  692,  928,  719,  722,  778,  467,  628,  873,  677,  857,  533,  212,  872,  799,  531, 1066,  182,  854,  563,  864, 1053,  707, 1017,  796,  821, 1164,  739,  751,  514,   64,    0,  501,  915,  112,  220,  974,  913,  389,  894,  648, 1025,  268,  258,  492,  182,  363,  981,  106,  620,  722,  934,  395,  109,  375,  457,  720,  925,  994,  728, 1169,  801,  468,  881,  709,  504,  744,  460,  793,  613, 1058,  525,  470,  419,  846,  134,  909,  346,  626,  725,  670,  689,  595,  753, 1235,  836,  572,  174,  440,  417],
        [  830,    0,  518,  142,   63,  725,  470,  812,  310,  507,  458,  700,  823,  485,  250,  328,  660,  618,  430,  278,  725,  446,  300,  846,  514,  447,  721,  510,  367,   89,  932,  688,  377,  765,  556,  512,  792,  391,  819,  156,  459,  501,    0,  627,  585,  292,  560,  746,  124,  744,  376,  732,  278,  251,   33,  362,  358,  694,  560,  121,  247,  771,  107,  458,  156,  245,  808,  569,  543,  737,  766,  361,  418,  538,  595,  440,  408,  178,  828,  135,  612,  517,  676,  418,  583,  452,  892,  585,  130,  430,  170,  731,  193,  322,  852,  475,  561,  422,  310,  536],
        [  605,    0,  749,  549,  592,  575,  648,  305,  318,  663,  426,  458,  344,  199,  735,  814,  674,  433,  887,  844,  267,  403,  809,  458,  121,  405,  175,  790,  493,  677,  622,  193,  251,  142,  129,  116,  286,  239,  569,  779,  914,  915,  627,    0,  929,  806,  269,  225,  632,  248,  277,  112,  664,  706,  659,  737,  555,   69,  900,  622,  727,  241,  676,  814,  750,  477,  589,  135,  375,  466,  337,  850,  463,  121,  297,  433,  220,  804,  531,  521,  381,  458,  691,  515,   74,  791,  494,  712,  637,  205,  614,  508,  788,  838,  358,  180,  440,  748,  477,  593],
        [  675,    0,  194,  504,  544,  573,  289,  920,  701,  288,  989,  652,  900,  731,  817,  877,  402,  597,  974,  780,  839,  532,  312,  829,  817,  530, 1089,  143,  924,  654,  802, 1081,  741, 1019,  804,  843, 1191,  775,  694,  614,  176,  112,  585,  929,    0,  320, 1017,  900,  466,  878,  675, 1036,  325,  335,  580,  232,  378,  992,   30,  705,  816,  919,  481,  133,  472,  498,  660,  954, 1047,  686, 1204,  902,  468,  909,  695,  502,  778,  563,  740,  685, 1108,  505,  401,  416,  858,  148,  862,  285,  713,  751,  754,  641,  696,  854, 1263,  871,  548,  191,  466,  381],
        [  788,    0,  334,  271,  272,  675,  346,  903,  512,  377,  740,  700,  899,  622,  504,  559,  547,  623,  655,  461,  812,  481,    8,  875,  686,  480,  937,  299,  656,  346,  909,  915,  570,  927,  701,  699, 1025,  597,  791,  296,  169,  220,  292,  806,  320,    0,  813,  856,  198,  844,  530,  918,  162,  104,  279,  160,  312,  875,  301,  407,  503,  879,  186,  217,  156,  330,  767,  788,  816,  740, 1016,  583,  422,  747,  663,  458,  608,  244,  819,  416,  883,  510,  557,  388,  745,  224,  918,  436,  412,  604,  458,  713,  377,  535, 1092,  694,  561,  220,  347,  451],
        [  844,    0,  863,  544,  551,  793,  768,  573,  316,  793,  184,  689,  612,  363,  574,  638,  853,  644,  690,  700,  530,  550,  818,  720,  277,  552,  215,  891,  283,  576,  879,  164,  281,  380,  343,  238,  244,  246,  811,  687,  955,  974,  560,  269, 1017,  813,    0,  493,  616,  515,  357,  302,  707,  728,  589,  795,  648,  291,  988,  504,  566,  509,  644,  888,  710,  520,  826,  136,  109,  705,  207,  670,  592,  167,  519,  574,  249,  729,  781,  427,  119,  629,  872,  638,  305,  870,  758,  859,  515,  294,  476,  739,  669,  671,  296,  162,  630,  827,  555,  748],
        [  423,    0,  708,  635,  698,  427,  611,   82,  453,  614,  642,  304,  120,  262,  903,  986,  568,  318, 1069,  997,   72,  384,  857,  244,  266,  385,  363,  758,  695,  813,  414,  398,  393,  173,  201,  292,  465,  400,  384,  901,  927,  913,  746,  225,  900,  856,  493,    0,  715,   32,  372,  246,  698,  753,  777,  749,  558,  224,  873,  772,  895,   25,  767,  805,  840,  540,  413,  358,  598,  295,  536, 1023,  448,  336,  206,  411,  378,  914,  336,  668,  605,  395,  582,  496,  204,  781,  274,  641,  789,  332,  776,  347,  928, 1004,  528,  382,  356,  740,  510,  526],
        [  740,    0,  395,   84,   80,  631,  353,  773,  324,  391,  545,  622,  777,  463,  372,  446,  549,  540,  547,  380,  683,  373,  204,  781,  512,  373,  751,  387,  466,  206,  850,  725,  386,  761,  540,  520,  834,  410,  734,  225,  354,  389,  124,  632,  466,  198,  616,  715,    0,  708,  360,  742,  155,  132,  130,  240,  252,  700,  440,  243,  368,  739,   56,  337,  125,  178,  718,  599,  619,  661,  820,  477,  332,  561,  542,  360,  423,  213,  749,  224,  686,  432,  564,  321,  577,  330,  827,  467,  252,  428,  291,  647,  289,  435,  899,  504,  479,  299,  228,  429],
        [  392,    0,  685,  630,  694,  397,  590,   70,  457,  591,  659,  274,   99,  263,  908,  992,  540,  292, 1076,  999,   42,  368,  845,  215,  278,  369,  392,  736,  709,  814,  384,  426,  399,  204,  209,  307,  495,  408,  352,  899,  910,  894,  744,  248,  878,  844,  515,   32,  708,    0,  372,  276,  685,  741,  775,  732,  543,  252,  852,  775,  901,   42,  761,  786,  833,  531,  381,  380,  619,  264,  565, 1029,  431,  356,  186,  394,  386,  909,  304,  671,  628,  374,  554,  478,  219,  761,  247,  615,  792,  338,  781,  316,  928, 1009,  558,  397,  332,  722,  498,  502],
        [  554,    0,  510,  277,  330,  476,  413,  441,   98,  437,  401,  400,  457,  110,  544,  629,  504,  331,  719,  628,  356,  199,  533,  504,  156,  201,  419,  542,  401,  442,  626,  407,   80,  402,  183,  173,  518,  115,  530,  531,  642,  648,  376,  277,  675,  530,  357,  372,  360,  372,    0,  388,  390,  430,  407,  468,  299,  346,  646,  406,  537,  396,  407,  552,  481,  201,  532,  280,  418,  429,  531,  666,  235,  234,  249,  220,  109,  546,  519,  302,  465,  284,  523,  282,  218,  531,  550,  502,  422,   77,  416,  444,  557,  642,  589,  200,  298,  487,  211,  393],
        [  661,    0,  853,  659,  699,  647,  752,  313,  425,  765,  479,  526,  359,  307,  824,  899,  763,  515,  965,  938,  307,  507,  921,  489,  233,  509,  121,  896,  562,  778,  659,  165,  358,   85,  232,  223,  220,  342,  623,  882, 1025, 1025,  732,  112, 1036,  918,  302,  246,  742,  276,  388,    0,  775,  818,  764,  847,  664,   44, 1007,  719,  816,  252,  786,  923,  859,  589,  648,  190,  409,  527,  294,  934,  568,  203,  379,  537,  325,  910,  578,  621,  396,  555,  779,  621,  179,  900,  517,  810,  733,  316,  707,  574,  887,  926,  284,  268,  531,  857,  588,  691],
        [  638,    0,  242,  180,  228,  525,  213,  743,  393,  249,  666,  542,  738,  473,  525,  598,  416,  463,  699,  523,  652,  320,  162,  715,  545,  319,  807,  233,  600,  359,  756,  790,  443,  778,  552,  563,  901,  474,  638,  359,  253,  268,  278,  664,  325,  162,  707,  698,  155,  685,  390,  775,    0,   64,  283,   93,  152,  732,  297,  396,  522,  721,  190,  192,  222,  192,  616,  662,  728,  581,  902,  628,  261,  619,  503,  297,  480,  328,  663,  363,  791,  350,  429,  228,  599,  181,  758,  321,  406,  466,  443,  557,  432,  584,  971,  571,  401,  147,  192,  306],
        [  701,    0,  287,  186,  211,  589,  272,  800,  419,  307,  671,  605,  797,  520,  490,  558,  476,  526,  658,  476,  709,  379,  106,  777,  586,  378,  842,  268,  596,  324,  820,  822,  475,  825,  599,  601,  932,  504,  702,  309,  229,  258,  251,  706,  335,  104,  728,  753,  132,  741,  430,  818,   64,    0,  249,  115,  215,  774,  310,  371,  488,  776,  151,  208,  166,  230,  680,  693,  740,  644,  928,  586,  322,  652,  561,  357,  513,  272,  727,  355,  805,  413,  488,  291,  643,  203,  821,  376,  380,  505,  420,  621,  385,  541, 1000,  601,  464,  179,  243,  369],
        [  853,    0,  524,  164,   86,  747,  482,  843,  342,  519,  482,  725,  853,  517,  243,  316,  675,  643,  418,  257,  755,  471,  287,  873,  546,  472,  752,  513,  387,   77,  957,  719,  409,  797,  587,  544,  822,  423,  843,  125,  447,  492,   33,  659,  580,  279,  589,  777,  130,  775,  407,  764,  283,  249,    0,  362,  374,  726,  557,  129,  241,  802,  100,  456,  134,  269,  830,  600,  569,  762,  795,  348,  440,  569,  624,  464,  441,  146,  853,  163,  638,  540,  691,  438,  615,  451,  920,  596,  134,  462,  179,  755,  169,  306,  882,  506,  585,  425,  332,  553],
        [  634,    0,  178,  272,  316,  521,  189,  786,  479,  218,  758,  559,  776,  541,  604,  672,  388,  486,  772,  588,  697,  366,  156,  737,  619,  364,  886,  154,  693,  438,  758,  872,  526,  843,  619,  640,  983,  558,  640,  421,  180,  182,  362,  737,  232,  160,  795,  749,  240,  732,  468,  847,   93,  115,  362,    0,  191,  803,  205,  482,  602,  771,  265,  100,  276,  276,  614,  744,  819,  597,  988,  700,  302,  700,  547,  339,  563,  380,  673,  455,  882,  375,  397,  257,  669,   91,  778,  277,  491,  544,  530,  566,  499,  655, 1053,  656,  426,   66,  260,  297],
        [  494,    0,  217,  220,  296,  383,  131,  598,  337,  165,  647,  391,  590,  357,  604,  684,  303,  312,  786,  629,  508,  175,  312,  564,  441,  174,  712,  244,  605,  446,  609,  704,  368,  654,  433,  466,  814,  403,  492,  476,  370,  363,  358,  555,  378,  312,  648,  558,  252,  543,  299,  664,  152,  215,  374,  191,    0,  620,  349,  460,  599,  580,  303,  260,  355,  150,  472,  578,  691,  430,  829,  718,  112,  532,  358,  149,  403,  457,  514,  394,  747,  198,  319,   77,  485,  237,  606,  242,  474,  373,  499,  408,  539,  679,  886,  496,  250,  194,   94,  179],
        [  631,    0,  810,  617,  659,  612,  709,  297,  385,  722,  462,  492,  342,  263,  794,  870,  723,  477,  939,  905,  281,  464,  878,  467,  190,  466,  140,  852,  539,  742,  635,  175,  318,   90,  189,  183,  247,  304,  594,  844,  981,  981,  694,   69,  992,  875,  291,  224,  700,  252,  346,   44,  732,  774,  726,  803,  620,    0,  964,  685,  785,  234,  745,  879,  818,  545,  618,  168,  399,  495,  314,  905,  525,  172,  340,  493,  286,  871,  551,  585,  394,  513,  740,  577,  136,  856,  498,  768,  699,  273,  674,  540,  851,  895,  316,  236,  490,  813,  544,  649],
        [  657,    0,  168,  477,  518,  553,  262,  895,  672,  263,  961,  628,  875,  702,  795,  856,  384,  572,  954,  761,  812,  503,  293,  807,  788,  501, 1060,  116,  897,  631,  784, 1052,  712,  991,  776,  814, 1162,  746,  674,  595,  168,  106,  560,  900,   30,  301,  988,  873,  440,  852,  646, 1007,  297,  310,  557,  205,  349,  964,    0,  680,  793,  892,  458,  105,  451,  469,  641,  925, 1019,  663, 1175,  881,  440,  880,  668,  474,  748,  545,  719,  659, 1080,  479,  383,  388,  829,  119,  841,  265,  688,  721,  730,  619,  676,  834, 1234,  842,  522,  162,  437,  356],
        [  910,    0,  634,  241,  171,  810,  580,  845,  320,  617,  373,  770,  862,  513,  148,  233,  762,  691,  332,  225,  761,  520,  415,  902,  520,  521,  688,  629,  270,   77, 1004,  649,  383,  764,  574,  509,  745,  386,  895,  187,  576,  620,  121,  622,  705,  407,  504,  772,  243,  775,  406,  719,  396,  371,  129,  482,  460,  685,  680,    0,  143,  797,  226,  578,  260,  328,  887,  541,  467,  805,  707,  270,  503,  518,  646,  519,  406,  237,  897,  105,  536,  599,  778,  513,  590,  572,  948,  695,   17,  442,   51,  806,  169,  240,  800,  453,  638,  541,  397,  636],
        [ 1052,    0,  763,  380,  305,  952,  716,  971,  445,  753,  403,  911,  991,  641,    9,   93,  902,  832,  190,  139,  890,  661,  511, 1038,  635,  662,  768,  753,  292,  165, 1144,  724,  503,  869,  695,  619,  809,  499, 1036,  222,  671,  722,  247,  727,  816,  503,  566,  895,  368,  901,  537,  816,  522,  488,  241,  602,  599,  785,  793,  143,    0,  919,  338,  694,  348,  470, 1029,  630,  504,  945,  757,  130,  645,  615,  782,  661,  521,  282, 1037,  238,  569,  741,  918,  654,  705,  691, 1084,  831,  127,  564,  121,  947,  152,  111,  855,  550,  779,  665,  539,  776],
        [  426,    0,  726,  660,  722,  436,  631,   64,  478,  632,  661,  314,  108,  286,  927, 1010,  581,  333, 1092, 1021,   83,  406,  880,  239,  289,  407,  371,  777,  717,  838,  409,  409,  417,  175,  225,  314,  470,  423,  386,  926,  949,  934,  771,  241,  919,  879,  509,   25,  739,   42,  396,  252,  721,  776,  802,  771,  580,  234,  892,  797,  919,    0,  792,  826,  864,  564,  416,  375,  615,  302,  545, 1047,  470,  355,  226,  433,  401,  938,  336,  692,  620,  414,  595,  517,  225,  801,  265,  657,  813,  356,  800,  354,  952, 1028,  532,  402,  373,  761,  533,  543],
