{
    "name": "random-38-30321",
    "comment": "size=38 seed=30321",
    "nodes": ["+0", "-0", "+1", "-1", "+2", "-2", "+3", "-3", "+4", "-4", "+5", "-5", "+6", "-6", "+7", "-7", "+8", "-8", "+9", "-9", "+10", "-10", "+11", "-11", "+12", "-12", "+13", "-13", "+14", "-14", "+15", "-15", "+16", "-16", "+17", "-17", "+18", "-18", "+19", "-19", "+20", "-20", "+21", "-21", "+22", "-22", "+23", "-23", "+24", "-24", "+25", "-25", "+26", "-26", "+27", "-27", "+28", "-28", "+29", "-29", "+30", "-30", "+31", "-31", "+32", "-32", "+33", "-33", "+34", "-34", "+35", "-35", "+36", "-36", "+37", "-37", "+38", "-38"],
    "precedence": {
        "+0": "-0",
        "+1": "-1",
        "+2": "-2",
        "+3": "-3",
        "+4": "-4",
        "+5": "-5",
        "+6": "-6",
        "+7": "-7",
        "+8": "-8",
        "+9": "-9",
        "+10": "-10",
        "+11": "-11",
        "+12": "-12",
        "+13": "-13",
        "+14": "-14",
        "+15": "-15",
        "+16": "-16",
        "+17": "-17",
        "+18": "-18",
        "+19": "-19",
        "+20": "-20",
        "+21": "-21",
        "+22": "-22",
        "+23": "-23",
        "+24": "-24",
        "+25": "-25",
        "+26": "-26",
        "+27": "-27",
        "+28": "-28",
        "+29": "-29",
        "+30": "-30",
        "+31": "-31",
        "+32": "-32",
        "+33": "-33",
        "+34": "-34",
        "+35": "-35",
        "+36": "-36",
        "+37": "-37",
        "+38": "-38"
    },
    "edges": [
        [    0,    0,  866,   72,  630,  938,  768,  304,  451,  227,  496,  457,  426, 1038,  470,  374,  128,  495,  497,  113,  410,  921,  808,  514,  855,  376,  415,  764,  878,  650,  166,  423,   70, 1117,  321,  645,  345,  678,  656,  863,  289,  743,   37,  714,  511,  102,  189,  262,  328,  907,  559,  524,  938, 1061,  742, 1044,  850,  937,  524,  706,  172,  408,  315,  513,  760,  987,  626,  623,  725,  302,  324,  312,   38,  624,  831,  564,  588,  396],
        [    0,    0,  866,   72,  630,  938,  768,  304,  451,  227,  496,  457,  426, 1038,  470,  374,  128,  495,  497,  113,  410,  921,  808,  514,  855,  376,  415,  764,  878,  650,  166,  423,   70, 1117,  321,  645,  345,  678,  656,  863,  289,  743,   37,  714,  511,  102,  189,  262,  328,  907,  559,  524,  938, 1061,  742, 1044,  850,  937,  524,  706,  172,  408,  315,  513,  760,  987,  626,  623,  725,  302,  324,  312,   38,  624,  831,  564,  588,  396],
        [  866,  866,    0,  923,  349,  518,  470,  860,  957,  675,  372,  430,  758,  712,  800,  610,  748,  890,  388,  753,  519,  813,   88,  598,  387, 1020, 1038,  687,  363,  274,  738, 1005,  798,  813,  549,  679,  522,  725,  229,  524,  679,  569,  885,  173, 1067,  839,  890,  785,  681,  622,  355,  565,  418,  739,  479,  866,  131,  788,  382, 1085,  930,  528,  764,  360,  410,  556,  966,  553,  385,  820,  757,  715,  840,  920,  318,  833,  921,  475],
        [   72,   72,  923,    0,  670,  963,  794,  362,  413,  264,  551,  522,  419, 1051,  457,  445,  175,  469,  561,  176,  479,  921,  862,  529,  888,  322,  361,  770,  913,  715,  198,  375,  128, 1125,  384,  649,  401,  678,  718,  886,  360,  760,   40,  776,  461,  167,  153,  257,  399,  923,  625,  544,  971, 1073,  767, 1044,  913,  940,  590,  667,  120,  444,  382,  574,  791, 1011,  596,  641,  758,  285,  321,  383,   84,  599,  869,  548,  561,  459],
        [  630,  630,  349,  670,    0,  354,  207,  741,  617,  407,  208,  342,  416,  518,  455,  530,  503,  544,  322,  528,  439,  531,  263,  250,  238,  694,  708,  376,  254,  364,  473,  671,  562,  618,  375,  339,  314,  389,  302,  304,  556,  268,  638,  315,  726,  641,  596,  476,  581,  390,  363,  217,  320,  546,  196,  618,  426,  519,  357,  736,  643,  228,  659,  279,  164,  406,  618,  212,  119,  500,  434,  609,  597,  572,  202,  484,  572,  330],
        [  938,  938,  518,  963,  354,    0,  170, 1088,  768,  712,  561,  694,  597,  194,  601,  883,  814,  670,  670,  849,  793,  338,  449,  440,  139,  885,  883,  297,  156,  675,  772,  838,  874,  296,  724,  380,  659,  393,  606,   83,  907,  223,  938,  592,  860,  968,  853,  725,  934,  132,  699,  421,  111,  222,  196,  358,  643,  302,  700,  770,  905,  537, 1010,  627,  192,   53,  674,  327,  235,  725,  665,  960,  902,  624,  208,  571,  647,  683],
        [  768,  768,  470,  794,  207,  170,    0,  924,  626,  542,  413,  547,  443,  312,  456,  729,  644,  534,  528,  679,  642,  346,  387,  277,  130,  734,  737,  222,  167,  561,  603,  694,  705,  411,  562,  255,  495,  286,  495,  102,  746,  106,  769,  495,  726,  799,  688,  560,  775,  184,  568,  255,  195,  340,   28,  418,  578,  326,  564,  671,  740,  368,  849,  486,   62,  221,  563,  167,   97,  565,  502,  800,  732,  513,  169,  444,  528,  527],
        [  304,  304,  860,  362,  741, 1088,  924,    0,  749,  430,  547,  439,  686, 1225,  739,  251,  349,  780,  479,  298,  343, 1149,  830,  720,  978,  679,  718,  981,  991,  595,  402,  725,  312, 1315,  366,  870,  430,  913,  632, 1025,  189,  930,  338,  689,  814,  203,  490,  536,  180, 1090,  507,  717, 1059, 1251,  902, 1266,  801, 1157,  479, 1002,  475,  566,   98,  515,  898, 1141,  914,  812,  856,  585,  587,  146,  327,  905,  934,  833,  872,  419],
        [  451,  451,  957,  413,  617,  768,  626,  749,    0,  386,  632,  691,  201,  785,  171,  729,  417,  101,  713,  465,  710,  599,  875,  373,  752,  137,  121,  494,  787,  854,  371,   75,  439,  832,  574,  389,  536,  388,  823,  686,  671,  545,  422,  867,  110,  547,  263,  236,  717,  680,  788,  405,  821,  799,  600,  719, 1004,  629,  757,  255,  295,  443,  737,  700,  655,  804,  192,  463,  644,  182,  222,  716,  423,  211,  766,  207,  171,  621],
        [  227,  227,  675,  264,  407,  712,  542,  430,  386,    0,  306,  319,  264,  820,  321,  347,  102,  382,  350,  143,  325,  723,  608,  298,  629,  385,  415,  558,  652,  503,   67,  398,  163,  903,  191,  443,  168,  484,  490,  638,  302,  523,  232,  543,  482,  265,  219,  151,  346,  687,  424,  303,  711,  844,  517,  842,  684,  734,  390,  617,  256,  182,  386,  349,  533,  762,  512,  403,  499,  205,  176,  353,  192,  493,  606,  413,  465,  249],
        [  496,  496,  372,  551,  208,  561,  413,  547,  632,  306,    0,  135,  447,  724,  501,  323,  376,  587,  121,  384,  232,  715,  313,  336,  439,  670,  694,  548,  448,  225,  367,  667,  428,  823,  191,  477,  151,  529,  192,  512,  360,  456,  514,  241,  740,  480,  523,  430,  379,  594,  181,  310,  517,  752,  398,  812,  382,  708,  163,  812,  560,  192,  460,   85,  371,  614,  693,  365,  327,  472,  415,  409,  469,  656,  390,  563,  644,  129],
        [  457,  457,  430,  522,  342,  694,  547,  439,  691,  319,  135,    0,  524,  858,  582,  198,  356,  662,   43,  346,  103,  844,  392,  445,  568,  703,  733,  675,  574,  194,  366,  712,  394,  957,  139,  595,  156,  647,  206,  646,  253,  588,  482,  264,  793,  415,  532,  466,  262,  729,  106,  425,  644,  886,  532,  944,  396,  839,   71,  895,  559,  280,  346,   77,  505,  746,  780,  491,  461,  516,  469,  295,  438,  748,  515,  656,  730,   71],
        [  426,  426,  758,  419,  416,  597,  443,  686,  201,  264,  447,  524,    0,  649,   60,  604,  338,  141,  540,  389,  564,  502,  674,  175,  563,  293,  299,  358,  597,  671,  284,  258,  384,  714,  428,  238,  375,  261,  634,  515,  565,  376,  409,  674,  311,  500,  279,  165,  609,  528,  614,  206,  636,  668,  415,  626,  808,  523,  586,  372,  330,  255,  649,  521,  464,  638,  258,  276,  448,  140,  103,  617,  389,  232,  571,  149,  208,  459],
        [ 1038, 1038,  712, 1051,  518,  194,  312, 1225,  785,  820,  724,  858,  649,    0,  636, 1039,  921,  684,  839,  962,  953,  225,  643,  525,  331,  915,  905,  294,  350,  860,  874,  859,  980,  103,  868,  411,  800,  399,  792,  215, 1051,  298, 1032,  782,  861, 1084,  924,  799, 1082,  135,  876,  517,  299,   29,  329,  186,  837,  184,  873,  722,  976,  661, 1154,  797,  358,  161,  649,  418,  401,  787,  735, 1106, 1001,  604,  401,  578,  636,  837],
        [  470,  470,  800,  457,  455,  601,  456,  739,  171,  321,  501,  582,   60,  636,    0,  662,  390,   90,  597,  441,  623,  473,  716,  206,  581,  285,  283,  342,  617,  726,  337,  238,  433,  694,  487,  228,  434,  239,  686,  519,  622,  379,  450,  724,  276,  549,  309,  209,  666,  522,  670,  239,  651,  653,  429,  597,  857,  497,  643,  314,  358,  310,  705,  577,  485,  640,  199,  292,  474,  172,  152,  673,  435,  173,  596,   95,  149,  517],
        [  374,  374,  610,  445,  530,  883,  729,  251,  729,  347,  323,  198,  604, 1039,  662,    0,  324,  728,  234,  288,   97, 1000,  583,  577,  761,  704,  739,  828,  770,  345,  361,  731,  332, 1135,  185,  733,  252,  781,  382,  829,   90,  756,  407,  438,  819,  295,  512,  494,   73,  906,  256,  564,  840, 1066,  711, 1108,  551, 1000,  229,  964,  522,  406,  155,  274,  692,  935,  858,  647,  648,  548,  522,  107,  371,  835,  711,  750,  810,  202],
        [  128,  128,  748,  175,  503,  814,  644,  349,  417,  102,  376,  356,  338,  921,  390,  324,    0,  435,  393,   51,  332,  817,  687,  398,  728,  380,  416,  655,  751,  549,   54,  410,   61, 1003,  218,  538,  227,  576,  547,  740,  257,  625,  139,  604,  499,  167,  189,  189,  302,  789,  462,  404,  811,  945,  618,  938,  742,  830,  426,  664,  206,  281,  323,  403,  634,  864,  569,  504,  598,  241,  238,  300,   96,  557,  703,  485,  525,  290],
        [  495,  495,  890,  469,  544,  670,  534,  780,  101,  382,  587,  662,  141,  684,   90,  728,  435,    0,  680,  486,  696,  501,  805,  295,  661,  234,  222,  394,  697,  812,  384,  175,  469,  732,  559,  291,  511,  288,  774,  589,  680,  448,  470,  813,  193,  583,  316,  246,  725,  580,  753,  328,  727,  699,  507,  622,  946,  531,  725,  237,  357,  396,  756,  661,  567,  705,  134,  374,  558,  196,  207,  729,  463,  131,  680,  107,   94,  596],
        [  497,  497,  388,  561,  322,  670,  528,  479,  713,  350,  121,   43,  540,  839,  597,  234,  393,  680,    0,  385,  138,  835,  352,  449,  541,  732,  761,  668,  545,  156,  400,  739,  433,  939,  177,  594,  183,  646,  164,  625,  294,  576,  522,  222,  818,  456,  565,  493,  301,  711,   75,  426,  615,  867,  515,  932,  355,  828,   46,  911,  595,  290,  385,   44,  483,  721,  794,  485,  439,  542,  492,  334,  477,  760,  485,  668,  744,  104],
        [  113,  113,  753,  176,  528,  849,  679,  298,  465,  143,  384,  346,  389,  962,  441,  288,   51,  486,  385,    0,  307,  864,  696,  441,  758,  421,  457,  700,  779,  539,  105,  454,   49, 1046,  209,  584,  234,  624,  544,  777,  214,  665,  137,  602,  543,  122,  226,  240,  258,  829,  450,  446,  841,  986,  654,  984,  738,  876,  414,  713,  235,  313,  273,  400,  666,  899,  620,  545,  629,  291,  289,  253,   93,  608,  729,  536,  576,  284],
        [  410,  410,  519,  479,  439,  793,  642,  343,  710,  325,  232,  103,  564,  953,  623,   97,  332,  696,  138,  307,    0,  926,  488,  512,  669,  703,  736,  755,  675,  260,  356,  722,  356, 1051,  137,  667,  192,  717,  291,  742,  163,  676,  440,  348,  807,  349,  518,  476,  164,  822,  168,  496,  746,  980,  625, 1030,  468,  924,  138,  932,  537,  341,  248,  178,  602,  845,  821,  572,  558,  530,  493,  197,  399,  793,  616,  705,  772,  121],
        [  921,  921,  813,  921,  531,  338,  346, 1149,  599,  723,  715,  844,  502,  225,  473, 1000,  817,  501,  835,  864,  926,    0,  731,  431,  435,  734,  719,  172,  468,  895,  766,  673,  872,  239,  817,  280,  748,  244,  831,  296,  993,  264,  908,  838,  661,  984,  779,  665, 1030,  207,  888,  438,  444,  227,  345,  124,  923,   42,  876,  503,  829,  596, 1092,  797,  407,  336,  442,  354,  440,  640,  601, 1049,  884,  401,  498,  397,  437,  806],
        [  808,  808,   88,  862,  263,  449,  387,  830,  875,  608,  313,  392,  674,  643,  716,  583,  687,  805,  352,  696,  488,  731,    0,  513,  313,  942,  959,  601,  294,  271,  672,  924,  740,  744,  499,  592,  463,  637,  210,  447,  644,  484,  825,  169,  984,  790,  819,  710,  652,  546,  336,  479,  355,  670,  394,  790,  196,  707,  356,  998,  861,  452,  735,  317,  326,  491,  880,  466,  299,  743,  678,  685,  781,  834,  243,  747,  835,  427],
        [  514,  514,  598,  529,  250,  440,  277,  720,  373,  298,  336,  445,  175,  525,  206,  577,  398,  295,  449,  441,  512,  431,  513,    0,  392,  466,  473,  262,  424,  554,  349,  432,  456,  606,  392,  156,  325,  205,  506,  360,  564,  231,  508,  537,  480,  562,  414,  285,  602,  394,  515,   34,  468,  548,  249,  547,  663,  438,  494,  493,  466,  172,  661,  419,  292,  486,  373,  114,  274,  289,  226,  619,  476,  330,  397,  239,  326,  394],
        [  855,  855,  387,  888,  238,  139,  130,  978,  752,  629,  439,  568,  563,  331,  581,  761,  728,  661,  541,  758,  669,  435,  313,  392,    0,  856,  861,  341,   38,  537,  693,  818,  789,  433,  613,  384,  551,  414,  468,  140,  793,  232,  860,  453,  853,  874,  795,  668,  816,  237,  565,  365,   84,  359,  155,  480,  508,  406,  568,  800,  845,  448,  895,  498,  101,  187,  692,  290,  131,  678,  614,  844,  820,  642,   70,  573,  657,  564],
        [  376,  376, 1020,  322,  694,  885,  734,  679,  137,  385,  670,  703,  293,  915,  285,  704,  380,  234,  732,  421,  703,  734,  942,  466,  856,    0,   40,  622,  889,  883,  348,   68,  384,  966,  573,  511,  550,  516,  861,  802,  634,  662,  342,  910,  141,  477,  195,  242,  678,  805,  807,  495,  929,  930,  707,  855, 1050,  764,  773,  363,  205,  493,  683,  727,  756,  924,  324,  568,  739,  200,  264,  671,  356,  347,  862,  340,  307,  633],
        [  415,  415, 1038,  361,  708,  883,  737,  718,  121,  415,  694,  733,  299,  905,  283,  739,  416,  222,  761,  457,  736,  719,  959,  473,  861,   40,    0,  614,  895,  909,  381,   47,  422,  953,  605,  507,  578,  508,  886,  801,  670,  661,  381,  934,  103,  516,  233,  268,  715,  799,  835,  504,  932,  920,  710,  838, 1073,  750,  802,  328,  244,  513,  721,  754,  762,  921,  298,  571,  747,  223,  283,  708,  395,  325,  870,  328,  286,  662],
        [  764,  764,  687,  770,  376,  297,  222,  981,  494,  558,  548,  675,  358,  294,  342,  828,  655,  394,  668,  700,  755,  172,  601,  262,  341,  622,  614,    0,  378,  738,  604,  568,  711,  357,  646,  121,  577,  107,  677,  223,  822,  118,  754,  689,  577,  821,  636,  514,  859,  188,  723,  267,  380,  311,  209,  286,  787,  177,  710,  474,  687,  425,  921,  631,  280,  322,  379,  184,  303,  497,  450,  878,  727,  330,  390,  289,  356,  635],
        [  878,  878,  363,  913,  254,  156,  167,  991,  787,  652,  448,  574,  597,  350,  617,  770,  751,  697,  545,  779,  675,  468,  294,  424,   38,  889,  895,  378,    0,  530,  717,  852,  811,  452,  627,  422,  567,  452,  462,  172,  805,  269,  884,  442,  889,  894,  824,  697,  826,  266,  564,  397,   71,  377,  192,  507,  487,  438,  570,  838,  874,  471,  906,  502,  133,  198,  730,  325,  157,  709,  644,  855,  844,  680,   61,  610,  694,  575],
        [  650,  650,  274,  715,  364,  675,  561,  595,  854,  503,  225,  194,  671,  860,  726,  345,  549,  812,  156,  539,  260,  895,  271,  554,  537,  883,  909,  738,  530,    0,  555,  885,  588,  963,  332,  685,  335,  736,   69,  648,  422,  632,  676,  104,  961,  603,  719,  642,  417,  743,   93,  526,  599,  888,  556,  978,  208,  882,  128, 1036,  750,  416,  498,  156,  506,  723,  917,  563,  465,  688,  634,  451,  632,  879,  471,  787,  868,  260],
        [  166,  166,  738,  198,  473,  772,  603,  402,  371,   67,  367,  366,  284,  874,  337,  361,   54,  384,  400,  105,  356,  766,  672,  349,  693,  348,  381,  604,  717,  555,    0,  371,  107,  954,  230,  486,  223,  524,  547,  698,  301,  578,  168,  601,  458,  219,  166,  139,  346,  742,  472,  358,  775,  897,  577,  887,  742,  779,  437,  615,  196,  247,  373,  404,  596,  822,  518,  458,  563,  193,  185,  347,  130,  505,  672,  431,  473,  297],
        [  423,  423, 1005,  375,  671,  838,  694,  725,   75,  398,  667,  712,  258,  859,  238,  731,  410,  175,  739,  454,  722,  673,  924,  432,  818,   68,   47,  568,  852,  885,  371,    0,  422,  906,  588,  461,  557,  462,  859,  756,  666,  615,  391,  905,   90,  523,  236,  248,  711,  753,  813,  464,  888,  873,  666,  793, 1044,  704,  781,  298,  256,  482,  723,  730,  720,  875,  257,  528,  706,  197,  253,  707,  400,  281,  829,  282,  242,  642],
        [   70,   70,  798,  128,  562,  874,  705,  312,  439,  163,  428,  394,  384,  980,  433,  332,   61,  469,  433,   49,  356,  872,  740,  456,  789,  384,  422,  711,  811,  588,  107,  422,    0, 1061,  257,  593,  277,  629,  591,  800,  254,  684,   89,  649,  512,  116,  189,  226,  297,  848,  498,  464,  872, 1003,  679,  993,  786,  886,  463,  691,  191,  341,  301,  447,  694,  924,  603,  563,  659,  274,  283,  288,   44,  595,  763,  528,  561,  332],
        [ 1117, 1117,  813, 1125,  618,  296,  411, 1315,  832,  903,  823,  957,  714,  103,  694, 1135, 1003,  732,  939, 1046, 1051,  239,  744,  606,  433,  966,  953,  357,  452,  963,  954,  906, 1061,    0,  962,  478,  893,  456,  894,  316, 1145,  385, 1108,  885,  899, 1167,  992,  870, 1177,  230,  977,  602,  397,   75,  426,  146,  938,  204,  974,  739, 1043,  750, 1246,  897,  459,  258,  680,  504,  503,  853,  806, 1200, 1079,  639,  503,  626,  673,  934],
        [  321,  321,  549,  384,  375,  724,  562,  366,  574,  191,  191,  139,  428,  868,  487,  185,  218,  559,  177,  209,  137,  817,  499,  392,  613,  573,  605,  646,  627,  332,  230,  588,  257,  962,    0,  548,   70,  597,  336,  663,  184,  579,  345,  394,  672,  292,  396,  342,  216,  734,  245,  381,  694,  894,  542,  927,  530,  819,  209,  795,  421,  222,  287,  192,  533,  776,  685,  467,  490,  395,  356,  239,  301,  659,  571,  571,  636,   76],
        [  645,  645,  679,  649,  339,  380,  255,  870,  389,  443,  477,  595,  238,  411,  228,  733,  538,  291,  594,  584,  667,  280,  592,  156,  384,  511,  507,  121,  422,  685,  486,  461,  593,  478,  548,    0,  481,   52,  629,  299,  719,  160,  634,  651,  481,  704,  515,  393,  758,  294,  657,  171,  443,  430,  231,  401,  764,  293,  639,  419,  566,  328,  815,  561,  299,  415,  309,  128,  305,  377,  329,  774,  607,  259,  416,  192,  274,  547],
        [  345,  345,  522,  401,  314,  659,  495,  430,  536,  168,  151,  156,  375,  800,  434,  252,  227,  511,  183,  234,  192,  748,  463,  325,  551,  550,  578,  577,  567,  335,  223,  557,  277,  893,   70,  481,    0,  530,  324,  596,  252,  510,  364,  379,  638,  334,  385,  311,  285,  666,  257,  313,  633,  826,  474,  858,  519,  750,  224,  746,  418,  154,  355,  182,  468,  711,  632,  397,  427,  361,  314,  307,  319,  603,  513,  514,  583,   86],
        [  678,  678,  725,  678,  389,  393,  286,  913,  388,  484,  529,  647,  261,  399,  239,  781,  576,  288,  646,  624,  717,  244,  637,  205,  414,  516,  508,  107,  452,  736,  524,  462,  629,  456,  597,   52,  530,    0,  680,  315,  765,  183,  665,  701,  472,  742,  539,  422,  805,  293,  709,  222,  466,  415,  265,  367,  813,  262,  690,  387,  589,  377,  861,  613,  335,  423,  283,  177,  345,  399,  358,  820,  641,  233,  452,  183,  254,  598],
        [  656,  656,  229,  718,  302,  606,  495,  632,  823,  490,  192,  206,  634,  792,  686,  382,  547,  774,  164,  544,  291,  831,  210,  506,  468,  861,  886,  677,  462,   69,  547,  859,  591,  894,  336,  629,  324,  680,    0,  580,  452,  569,  680,   59,  932,  619,  708,  620,  453,  675,  128,  476,  531,  820,  490,  912,  196,  817,  154,  993,  742,  381,  536,  145,  439,  654,  874,  506,  399,  664,  606,  487,  635,  834,  402,  742,  825,  260],
        [  863,  863,  524,  886,  304,   83,  102, 1025,  686,  638,  512,  646,  515,  215,  519,  829,  740,  589,  625,  777,  742,  296,  447,  360,  140,  802,  801,  223,  172,  648,  698,  756,  800,  316,  663,  299,  596,  315,  580,    0,  847,  141,  862,  574,  779,  898,  773,  645,  876,  100,  661,  343,  159,  243,  124,  344,  642,  267,  659,  696,  825,  467,  950,  583,  144,  126,  597,  247,  187,  644,  585,  901,  827,  547,  206,  490,  568,  628],
        [  289,  289,  679,  360,  556,  907,  746,  189,  671,  302,  360,  253,  565, 1051,  622,   90,  257,  680,  294,  214,  163,  993,  644,  564,  793,  634,  670,  822,  805,  422,  301,  666,  254, 1145,  184,  719,  252,  765,  452,  847,    0,  761,  323,  510,  755,  206,  440,  439,   46,  917,  330,  556,  874, 1078,  725, 1106,  630,  997,  300,  914,  444,  399,  103,  328,  716,  960,  813,  647,  673,  493,  475,   56,  290,  794,  748,  713,  766,  231],
        [  743,  743,  569,  760,  268,  223,  106,  930,  545,  523,  456,  588,  376,  298,  379,  756,  625,  448,  576,  665,  676,  264,  484,  231,  232,  662,  661,  118,  269,  632,  578,  615,  684,  385,  579,  160,  510,  183,  569,  141,  761,    0,  739,  577,  640,  787,  640,  513,  794,  165,  626,  221,  284,  322,   91,  356,  671,  253,  616,  569,  692,  365,  862,  537,  162,  263,  464,  121,  185,  508,  451,  816,  706,  414,  275,  352,  432,  557],
        [   37,   37,  885,   40,  638,  938,  769,  338,  422,  232,  514,  482,  409, 1032,  450,  407,  139,  470,  522,  137,  440,  908,  825,  508,  860,  342,  381,  754,  884,  676,  168,  391,   89, 1108,  345,  634,  364,  665,  680,  862,  323,  739,    0,  737,  478,  137,  159,  245,  363,  902,  586,  520,  942, 1054,  742, 1031,  874,  926,  550,  677,  138,  414,  351,  536,  763,  987,  600,  619,  730,  280,  309,  348,   45,  600,  838,  543,  563,  420],
        [  714,  714,  173,  776,  315,  592,  495,  689,  867,  543,  241,  264,  674,  782,  724,  438,  604,  813,  222,  602,  348,  838,  169,  537,  453,  910,  934,  689,  442,  104,  601,  905,  649,  885,  394,  651,  379,  701,   59,  574,  510,  577,  737,    0,  976,  678,  761,  670,  509,  671,  183,  506,  509,  810,  494,  912,  141,  820,  211, 1028,  797,  424,  592,  202,  437,  638,  908,  525,  399,  712,  652,  543,  692,  866,  385,  775,  860,  318],
        [  511,  511, 1067,  461,  726,  860,  726,  814,  110,  482,  740,  793,  311,  861,  276,  819,  499,  193,  818,  543,  807,  661,  984,  480,  853,  141,  103,  577,  889,  961,  458,   90,  512,  899,  672,  481,  638,  472,  932,  779,  755,  640,  478,  976,    0,  611,  325,  331,  800,  764,  893,  513,  919,  872,  700,  776, 1113,  695,  861,  231,  342,  552,  812,  806,  758,  893,  223,  565,  749,  279,  328,  796,  489,  261,  871,  290,  226,  723],
        [  102,  102,  839,  167,  641,  968,  799,  203,  547,  265,  480,  415,  500, 1084,  549,  295,  167,  583,  456,  122,  349,  984,  790,  562,  874,  477,  516,  821,  894,  603,  219,  523,  116, 1167,  292,  704,  334,  742,  619,  898,  206,  787,  137,  678,  611,    0,  288,  342,  240,  950,  510,  567,  957, 1108,  775, 1104,  809,  996,  476,  801,  274,  432,  216,  480,  784, 1019,  716,  666,  745,  388,  398,  219,  124,  710,  842,  644,  676,  365],
        [  189,  189,  890,  153,  596,  853,  688,  490,  263,  219,  523,  532,  279,  924,  309,  512,  189,  316,  565,  226,  518,  779,  819,  414,  795,  195,  233,  636,  824,  719,  166,  236,  189,  992,  396,  515,  385,  539,  708,  773,  440,  640,  159,  761,  325,  288,    0,  129,  483,  799,  637,  434,  874,  944,  661,  903,  902,  801,  602,  518,   52,  372,  489,  567,  695,  899,  444,  527,  668,  140,  190,  476,  165,  446,  785,  398,  408,  462],
        [  262,  262,  785,  257,  476,  725,  560,  536,  236,  151,  430,  466,  165,  799,  209,  494,  189,  246,  493,  240,  476,  665,  710,  285,  668,  242,  268,  514,  697,  642,  139,  248,  226,  870,  342,  393,  311,  422,  620,  645,  439,  513,  245,  670,  331,  342,  129,    0,  484,  673,  568,  306,  747,  820,  532,  788,  810,  683,  535,  476,  181,  259,  511,  486,  568,  771,  380,  399,  541,   55,   65,  485,  227,  370,  661,  303,  337,  395],
        [  328,  328,  681,  399,  581,  934,  775,  180,  717,  346,  379,  262,  609, 1082,  666,   73,  302,  725,  301,  258,  164, 1030,  652,  602,  816,  678,  715,  859,  826,  417,  346,  711,  297, 1177,  216,  758,  285,  805,  453,  876,   46,  794,  363,  509,  800,  240,  483,  484,    0,  949,  327,  593,  896, 1109,  755, 1142,  623, 1033,  300,  959,  487,  435,   84,  339,  742,  986,  857,  681,  699,  538,  520,   35,  332,  838,  768,  757,  811,  252],
        [  907,  907,  622,  923,  390,  132,  184, 1090,  680,  687,  594,  729,  528,  135,  522,  906,  789,  580,  711,  829,  822,  207,  546,  394,  237,  805,  799,  188,  266,  743,  742,  753,  848,  230,  734,  294,  666,  293,  675,  100,  917,  165,  902,  671,  764,  950,  799,  673,  949,    0,  752,  385,  238,  161,  197,  245,  741,  173,  747,  653,  851,  526, 1020,  669,  237,  140,  565,  285,  278,  664,  610,  972,  870,  517,  304,  475,  543,  705],
        [  559,  559,  355,  625,  363,  699,  568,  507,  788,  424,  181,  106,  614,  876,  670,  256,  462,  753,   75,  450,  168,  888,  336,  515,  565,  807,  835,  723,  564,   93,  472,  813,  498,  977,  245,  657,  257,  709,  128,  661,  330,  626,  586,  183,  893,  510,  637,  568,  327,  752,    0,  490,  634,  904,  558,  979,  301,  878,   36,  983,  665,  362,  410,   97,  518,  749,  866,  543,  475,  616,  566,  361,  542,  831,  504,  739,  816,  176],
        [  524,  524,  565,  544,  217,  421,  255,  717,  405,  303,  310,  425,  206,  517,  239,  564,  404,  328,  426,  446,  496,  438,  479,   34,  365,  495,  504,  267,  397,  526,  358,  464,  464,  602,  381,  171,  313,  222,  476,  343,  556,  221,  520,  506,  513,  567,  434,  306,  593,  385,  490,    0,  443,  541,  227,  551,  631,  442,  471,  525,  486,  159,  656,  394,  265,  468,  405,  100,  245,  313,  250,  612,  487,  362,  367,  271,  358,  376],
        [  938,  938,  418,  971,  320,  111,  195, 1059,  821,  711,  517,  644,  636,  299,  651,  840,  811,  727,  615,  841,  746,  444,  355,  468,   84,  929,  932,  380,   71,  599,  775,  888,  872,  397,  694,  443,  633,  466,  531,  159,  874,  284,  942,  509,  919,  957,  874,  747,  896,  238,  634,  443,    0,  325,  222,  467,  545,  410,  641,  850,  925,  531,  975,  572,  181,  140,  748,  361,  213,  755,  692,  924,  903,  697,  131,  634,  715,  644],
        [ 1061, 1061,  739, 1073,  546,  222,  340, 1251,  799,  844,  752,  886,  668,   29,  653, 1066,  945,  699,  867,  986,  980,  227,  670,  548,  359,  930,  920,  311,  377,  888,  897,  873, 1003,   75,  894,  430,  826,  415,  820,  243, 1078,  322, 1054,  810,  872, 1108,  944,  820, 1109,  161,  904,  541,  325,    0,  356,  172,  864,  186,  901,  728,  996,  686, 1180,  825,  386,  186,  659,  443,  430,  806,  756, 1133, 1024,  614,  428,  592,  647,  864],
        [  742,  742,  479,  767,  196,  196,   28,  902,  600,  517,  398,  532,  415,  329,  429,  711,  618,  507,  515,  654,  625,  345,  394,  249,  155,  707,  710,  209,  192,  556,  577,  666,  679,  426,  542,  231,  474,  265,  490,  124,  725,   91,  742,  494,  700,  775,  661,  532,  755,  197,  558,  227,  222,  356,    0,  424,  582,  327,  552,  649,  712,  344,  828,  473,   72,  246,  539,  140,   96,  537,  474,  780,  706,  490,  187,  419,  503,  509],
        [ 1044, 1044,  866, 1044,  618,  358,  418, 1266,  719,  842,  812,  944,  626,  186,  597, 1108,  938,  622,  932,  984, 1030,  124,  790,  547,  480,  855,  838,  286,  507,  978,  887,  793,  993,  146,  927,  401,  858,  367,  912,  344, 1106,  356, 1031,  912,  776, 1104,  903,  788, 1142,  245,  979,  551,  467,  172,  424,    0,  984,  110,  971,  603,  953,  708, 1206,  892,  476,  337,  554,  461,  514,  764,  724, 1162, 1007,  517,  548,  519,  554,  911],
        [  850,  850,  131,  913,  426,  643,  578,  801, 1004,  684,  382,  396,  808,  837,  857,  551,  742,  946,  355,  738,  468,  923,  196,  663,  508, 1050, 1073,  787,  487,  208,  742, 1044,  786,  938,  530,  764,  519,  813,  196,  642,  630,  671,  874,  141, 1113,  809,  902,  810,  623,  741,  301,  631,  545,  864,  582,  984,    0,  901,  334, 1155,  937,  562,  704,  340,  517,  683, 1035,  637,  487,  851,  791,  657,  830,  992,  438,  901,  988,  455],
        [  937,  937,  788,  940,  519,  302,  326, 1157,  629,  734,  708,  839,  523,  184,  497, 1000,  830,  531,  828,  876,  924,   42,  707,  438,  406,  764,  750,  177,  438,  882,  779,  704,  886,  204,  819,  293,  750,  262,  817,  267,  997,  253,  926,  820,  695,  996,  801,  683, 1033,  173,  878,  442,  410,  186,  327,  110,  901,    0,  868,  543,  851,  599, 1097,  789,  386,  297,  478,  353,  421,  661,  619, 1053,  900,  436,  471,  425,  470,  804],
        [  524,  524,  382,  590,  357,  700,  564,  479,  757,  390,  163,   71,  586,  873,  643,  229,  426,  725,   46,  414,  138,  876,  356,  494,  568,  773,  802,  710,  570,  128,  437,  781,  463,  974,  209,  639,  224,  690,  154,  659,  300,  616,  550,  211,  861,  476,  602,  535,  300,  747,   36,  471,  641,  901,  552,  971,  334,  868,    0,  956,  630,  336,  383,   80,  516,  751,  839,  528,  472,  584,  535,  333,  507,  806,  510,  713,  790,  142],
        [  706,  706, 1085,  667,  736,  770,  671, 1002,  255,  617,  812,  895,  372,  722,  314,  964,  664,  237,  911,  713,  932,  503,  998,  493,  800,  363,  328,  474,  838, 1036,  615,  298,  691,  739,  795,  419,  746,  387,  993,  696,  914,  569,  677, 1028,  231,  801,  518,  476,  959,  653,  983,  525,  850,  728,  649,  603, 1155,  543,  956,    0,  548,  623,  986,  889,  718,  791,  120,  537,  722,  423,  442,  961,  678,  165,  835,  254,  169,  830],
        [  172,  172,  930,  120,  643,  905,  740,  475,  295,  256,  560,  559,  330,  976,  358,  522,  206,  357,  595,  235,  537,  829,  861,  466,  845,  205,  244,  687,  874,  750,  196,  256,  191, 1043,  421,  566,  418,  589,  742,  825,  444,  692,  138,  797,  342,  274,   52,  181,  487,  851,  665,  486,  925,  996,  712,  953,  937,  851,  630,  548,    0,  418,  484,  600,  745,  951,  481,  579,  718,  191,  242,  476,  157,  488,  834,  444,  449,  491],
        [  408,  408,  528,  444,  228,  537,  368,  566,  443,  182,  192,  280,  255,  661,  310,  406,  281,  396,  290,  313,  341,  596,  452,  172,  448,  493,  513,  425,  471,  416,  247,  482,  341,  750,  222,  328,  154,  377,  381,  467,  399,  365,  414,  424,  552,  432,  372,  259,  435,  526,  362,  159,  531,  686,  344,  708,  562,  599,  336,  623,  418,    0,  499,  267,  354,  588,  505,  249,  318,  293,  231,  454,  373,  470,  425,  378,  455,  224],
        [  315,  315,  764,  382,  659, 1010,  849,   98,  737,  386,  460,  346,  649, 1154,  705,  155,  323,  756,  385,  273,  248, 1092,  735,  661,  895,  683,  721,  921,  906,  498,  373,  723,  301, 1246,  287,  815,  355,  861,  536,  950,  103,  862,  351,  592,  812,  216,  489,  511,   84, 1020,  410,  656,  975, 1180,  828, 1206,  704, 1097,  383,  986,  484,  499,    0,  422,  818, 1062,  890,  747,  776,  563,  555,   52,  328,  875,  849,  798,  845,  332],
        [  513,  513,  360,  574,  279,  627,  486,  515,  700,  349,   85,   77,  521,  797,  577,  274,  403,  661,   44,  400,  178,  797,  317,  419,  498,  727,  754,  631,  502,  156,  404,  730,  447,  897,  192,  561,  182,  613,  145,  583,  328,  537,  536,  202,  806,  480,  567,  486,  339,  669,   97,  394,  572,  825,  473,  892,  340,  789,   80,  889,  600,  267,  422,    0,  440,  678,  771,  449,  396,  533,  479,  371,  491,  736,  442,  643,  722,  117],
        [  760,  760,  410,  791,  164,  192,   62,  898,  655,  533,  371,  505,  464,  358,  485,  692,  634,  567,  483,  666,  602,  407,  326,  292,  101,  756,  762,  280,  133,  506,  596,  720,  694,  459,  533,  299,  468,  335,  439,  144,  716,  162,  763,  437,  758,  784,  695,  568,  742,  237,  518,  265,  181,  386,   72,  476,  517,  386,  516,  718,  745,  354,  818,  440,    0,  245,  606,  194,   45,  578,  513,  769,  725,  557,  118,  482,  569,  491],
        [  987,  987,  556, 1011,  406,   53,  221, 1141,  804,  762,  614,  746,  638,  161,  640,  935,  864,  705,  721,  899,  845,  336,  491,  486,  187,  924,  921,  322,  198,  723,  822,  875,  924,  258,  776,  415,  711,  423,  654,  126,  960,  263,  987,  638,  893, 1019,  899,  771,  986,  140,  749,  468,  140,  186,  246,  337,  683,  297,  751,  791,  951,  588, 1062,  678,  245,    0,  700,  372,  288,  769,  710, 1013,  951,  651,  254,  603,  676,  735],
        [  626,  626,  966,  596,  618,  674,  563,  914,  192,  512,  693,  780,  258,  649,  199,  858,  569,  134,  794,  620,  821,  442,  880,  373,  692,  324,  298,  379,  730,  917,  518,  257,  603,  680,  685,  309,  632,  283,  874,  597,  813,  464,  600,  908,  223,  716,  444,  380,  857,  565,  866,  405,  748,  659,  539,  554, 1035,  478,  839,  120,  481,  505,  890,  771,  606,  700,    0,  421,  608,  330,  338,  862,  595,   51,  723,  134,   50,  716],
        [  623,  623,  553,  641,  212,  327,  167,  812,  463,  403,  365,  491,  276,  418,  292,  647,  504,  374,  485,  545,  572,  354,  466,  114,  290,  568,  571,  184,  325,  563,  458,  528,  563,  504,  467,  128,  397,  177,  506,  247,  647,  121,  619,  525,  565,  666,  527,  399,  681,  285,  543,  100,  361,  443,  140,  461,  637,  353,  528,  537,  579,  249,  747,  449,  194,  372,  421,    0,  188,  399,  339,  702,  586,  373,  307,  293,  381,  452],
        [  725,  725,  385,  758,  119,  235,   97,  856,  644,  499,  327,  461,  448,  401,  474,  648,  598,  558,  439,  629,  558,  440,  299,  274,  131,  739,  747,  303,  157,  465,  563,  706,  659,  503,  490,  305,  427,  345,  399,  187,  673,  185,  730,  399,  749,  745,  668,  541,  699,  278,  475,  245,  213,  430,   96,  514,  487,  421,  472,  722,  718,  318,  776,  396,   45,  288,  608,  188,    0,  555,  490,  726,  690,  559,  124,  480,  568,  448],
        [  302,  302,  820,  285,  500,  725,  565,  585,  182,  205,  472,  516,  140,  787,  172,  548,  241,  196,  542,  291,  530,  640,  743,  289,  678,  200,  223,  497,  709,  688,  193,  197,  274,  853,  395,  377,  361,  399,  664,  644,  493,  508,  280,  712,  279,  388,  140,   55,  538,  664,  616,  313,  755,  806,  537,  764,  851,  661,  584,  423,  191,  293,  563,  533,  578,  769,  330,  399,  555,    0,   67,  539,  268,  323,  677,  264,  288,  446],
        [  324,  324,  757,  321,  434,  665,  502,  587,  222,  176,  415,  469,  103,  735,  152,  522,  238,  207,  492,  289,  493,  601,  678,  226,  614,  264,  283,  450,  644,  634,  185,  253,  283,  806,  356,  329,  314,  358,  606,  585,  475,  451,  309,  652,  328,  398,  190,   65,  520,  610,  566,  250,  692,  756,  474,  724,  791,  619,  535,  442,  242,  231,  555,  479,  513,  710,  338,  339,  490,   67,    0,  525,  288,  321,  611,  247,  292,  400],
        [  312,  312,  715,  383,  609,  960,  800,  146,  716,  353,  409,  295,  617, 1106,  673,  107,  300,  729,  334,  253,  197, 1049,  685,  619,  844,  671,  708,  878,  855,  451,  347,  707,  288, 1200,  239,  774,  307,  820,  487,  901,   56,  816,  348,  543,  796,  219,  476,  485,   35,  972,  361,  612,  924, 1133,  780, 1162,  657, 1053,  333,  961,  476,  454,   52,  371,  769, 1013,  862,  702,  726,  539,  525,    0,  320,  845,  798,  765,  816,  281],
        [   38,   38,  840,   84,  597,  902,  732,  327,  423,  192,  469,  438,  389, 1001,  435,  371,   96,  463,  477,   93,  399,  884,  781,  476,  820,  356,  395,  727,  844,  632,  130,  400,   44, 1079,  301,  607,  319,  641,  635,  827,  290,  706,   45,  692,  489,  124,  165,  227,  332,  870,  542,  487,  903, 1024,  706, 1007,  830,  900,  507,  678,  157,  373,  328,  491,  725,  951,  595,  586,  690,  268,  288,  320,    0,  591,  797,  529,  555,  375],
        [  624,  624,  920,  599,  572,  624,  513,  905,  211,  493,  656,  748,  232,  604,  173,  835,  557,  131,  760,  608,  793,  401,  834,  330,  642,  347,  325,  330,  680,  879,  505,  281,  595,  639,  659,  259,  603,  233,  834,  547,  794,  414,  600,  866,  261,  710,  446,  370,  838,  517,  831,  362,  697,  614,  490,  517,  992,  436,  806,  165,  488,  470,  875,  736,  557,  651,   51,  373,  559,  323,  321,  845,  591,    0,  674,   93,   40,  685],
        [  831,  831,  318,  869,  202,  208,  169,  934,  766,  606,  390,  515,  571,  401,  596,  711,  703,  680,  485,  729,  616,  498,  243,  397,   70,  862,  870,  390,   61,  471,  672,  829,  763,  503,  571,  416,  513,  452,  402,  206,  748,  275,  838,  385,  871,  842,  785,  661,  768,  304,  504,  367,  131,  428,  187,  548,  438,  471,  510,  835,  834,  425,  849,  442,  118,  254,  723,  307,  124,  677,  611,  798,  797,  674,    0,  598,  685,  517],
        [  564,  564,  833,  548,  484,  571,  444,  833,  207,  413,  563,  656,  149,  578,   95,  750,  485,  107,  668,  536,  705,  397,  747,  239,  573,  340,  328,  289,  610,  787,  431,  282,  528,  626,  571,  192,  514,  183,  742,  490,  713,  352,  543,  775,  290,  644,  398,  303,  757,  475,  739,  271,  634,  592,  419,  519,  901,  425,  713,  254,  444,  378,  798,  643,  482,  603,  134,  293,  480,  264,  247,  765,  529,   93,  598,    0,   89,  595],
        [  588,  588,  921,  561,  572,  647,  528,  872,  171,  465,  644,  730,  208,  636,  149,  810,  525,   94,  744,  576,  772,  437,  835,  326,  657,  307,  286,  356,  694,  868,  473,  242,  561,  673,  636,  274,  583,  254,  825,  568,  766,  432,  563,  860,  226,  676,  408,  337,  811,  543,  816,  358,  715,  647,  503,  554,  988,  470,  790,  169,  449,  455,  845,  722,  569,  676,   50,  381,  568,  288,  292,  816,  555,   40,  685,   89,    0,  666],
        [  396,  396,  475,  459,  330,  683,  527,  419,  621,  249,  129,   71,  459,  837,  517,  202,  290,  596,  104,  284,  121,  806,  427,  394,  564,  633,  662,  635,  575,  260,  297,  642,  332,  934,   76,  547,   86,  598,  260,  628,  231,  557,  420,  318,  723,  365,  462,  395,  252,  705,  176,  376,  644,  864,  509,  911,  455,  804,  142,  830,  491,  224,  332,  117,  491,  735,  716,  452,  448,  446,  400,  281,  375,  685,  517,  595,  666,    0]
    ]
}
