{
    "name": "random-77-2204",
    "comment": "size=77 seed=2204",
    "nodes": ["+0", "-0", "+1", "-1", "+2", "-2", "+3", "-3", "+4", "-4", "+5", "-5", "+6", "-6", "+7", "-7", "+8", "-8", "+9", "-9", "+10", "-10", "+11", "-11", "+12", "-12", "+13", "-13", "+14", "-14", "+15", "-15", "+16", "-16", "+17", "-17", "+18", "-18", "+19", "-19", "+20", "-20", "+21", "-21", "+22", "-22", "+23", "-23", "+24", "-24", "+25", "-25", "+26", "-26", "+27", "-27", "+28", "-28", "+29", "-29", "+30", "-30", "+31", "-31", "+32", "-32", "+33", "-33", "+34", "-34", "+35", "-35", "+36", "-36", "+37", "-37", "+38", "-38", "+39", "-39", "+40", "-40", "+41", "-41", "+42", "-42", "+43", "-43", "+44", "-44", "+45", "-45", "+46", "-46", "+47", "-47", "+48", "-48", "+49", "-49", "+50", "-50", "+51", "-51", "+52", "-52", "+53", "-53", "+54", "-54", "+55", "-55", "+56", "-56", "+57", "-57", "+58", "-58", "+59", "-59", "+60", "-60", "+61", "-61", "+62", "-62", "+63", "-63", "+64", "-64", "+65", "-65", "+66", "-66", "+67", "-67", "+68", "-68", "+69", "-69", "+70", "-70", "+71", "-71", "+72", "-72", "+73", "-73", "+74", "-74", "+75", "-75", "+76", "-76", "+77", "-77"],
    "precedence": {
        "+0": "-0",
        "+1": "-1",
        "+2": "-2",
        "+3": "-3",
        "+4": "-4",
        "+5": "-5",
        "+6": "-6",
        "+7": "-7",
        "+8": "-8",
        "+9": "-9",
        "+10": "-10",
        "+11": "-11",
        "+12": "-12",
        "+13": "-13",
        "+14": "-14",
        "+15": "-15",
        "+16": "-16",
        "+17": "-17",
        "+18": "-18",
        "+19": "-19",
        "+20": "-20",
        "+21": "-21",
        "+22": "-22",
        "+23": "-23",
        "+24": "-24",
        "+25": "-25",
        "+26": "-26",
        "+27": "-27",
        "+28": "-28",
        "+29": "-29",
        "+30": "-30",
        "+31": "-31",
        "+32": "-32",
        "+33": "-33",
        "+34": "-34",
        "+35": "-35",
        "+36": "-36",
        "+37": "-37",
        "+38": "-38",
        "+39": "-39",
        "+40": "-40",
        "+41": "-41",
        "+42": "-42",
        "+43": "-43",
        "+44": "-44",
        "+45": "-45",
        "+46": "-46",
        "+47": "-47",
        "+48": "-48",
        "+49": "-49",
        "+50": "-50",
        "+51": "-51",
        "+52": "-52",
        "+53": "-53",
        "+54": "-54",
        "+55": "-55",
        "+56": "-56",
        "+57": "-57",
        "+58": "-58",
        "+59": "-59",
        "+60": "-60",
        "+61": "-61",
        "+62": "-62",
        "+63": "-63",
        "+64": "-64",
        "+65": "-65",
        "+66": "-66",
        "+67": "-67",
        "+68": "-68",
        "+69": "-69",
        "+70": "-70",
        "+71": "-71",
        "+72": "-72",
        "+73": "-73",
        "+74": "-74",
        "+75": "-75",
        "+76": "-76",
        "+77": "-77"
    },
    "edges": [
        [    0,    0,  518,  680,  106,  666,  426,  251,  480,   76,  255,  243,  760,  447,  204,  682,  650,  496,  174,  584,  582,  561,  378,  363,  759,  321,  709,  669,  601,  792,  789,  805,  764,  571,  300,  480,  327,  674,  640,  664,  363,  329,  442,  470,  353,  484,  694,  711,  605,  446,  487,  525,  510,  584,  822,  677,  332,  207,  457,  489,  621,  352,  333,  318,  204,  316,  163,  173,  253,  372,  431,  366,   49,  815,  848,  598,  627,  160,  286,  764,  212,  114,  296,  165,  772,  893,  254,  480,  570,  623,  282,  176,  336,  215,  494,  764,  520,  649,  517,  575,  543,  671,  730,  529,  113,  602,  442,  592,  303,  759,  396,  237,  256,  734,  422,  403,  562,  536,  758,  640,  388,  691,  376,  627,  522,  324,  634,  365,  622,  455,  271,  665,  711,  375,  645,  746,  655,  252,  575,  216,  359,  448,  624,  139,  176,  234,  588,   88,  768,  812,  582,  564,  257,  377,  549,  555],
        [    0,    0,    0,    0,    0,    0,    0,    0,    0,    0,    0,    0,    0,    0,    0,    0,    0,    0,    0,    0,    0,    0,    0,    0,    0,    0,    0,    0,    0,    0,    0,    0,    0,    0,    0,    0,    0,    0,    0,    0,    0,    0,    0,    0,    0,    0,    0,    0,    0,    0,    0,    0,    0,    0,    0,    0,    0,    0,    0,    0,    0,    0,    0,    0,    0,    0,    0,    0,    0,    0,    0,    0,    0,    0,    0,    0,    0,    0,    0,    0,    0,    0,    0,    0,    0,    0,    0,    0,    0,    0,    0,    0,    0,    0,    0,    0,    0,    0,    0,    0,    0,    0,    0,    0,    0,    0,    0,    0,    0,    0,    0,    0,    0,    0,    0,    0,    0,    0,    0,    0,    0,    0,    0,    0,    0,    0,    0,    0,    0,    0,    0,    0,    0,    0,    0,    0,    0,    0,    0,    0,    0,    0,    0,    0,    0,    0,    0,    0,    0,    0,    0,    0,    0,    0,    0,    0],
        [  518,    0,    0,  475,  619,  172,  617,  512,  707,  514,  436,  690,  478,  438,  677,  884,  568,  722,  690,   76,  340,  111,  394,  750,  821,  287,  559,  593,  706,  475,  895,  618,  883,  157,  450,  129,  730,  533,  665,  160,  193,  190,  662,  854,  373,  401,  879,  220,  616,  600,  298,   12,  213,  241,  700,  443,  205,  480,   89,  411,  666,  325,  275,  576,  680,  793,  430,  489,  447,  558,  127,  839,  525,  842,  593,   89,  239,  644,  304,  482,  729,  631,  300,  559,  829,  556,  573,  150,  768,  450,  305,  394,  276,  485,  551,  862,  847,  360,  440,  239,  609,  705,  573,   54,  549,  523,  275,  135,  397,  323,  291,  292,  264,  692,  302,  315,  140,  149,  804,  727,  265,  185,  299,  296,  266,  408,  437,  882,  407,  765,  722,  393,  712,  345,  289,  486,  141,  274,  547,  724,  703,  846,  458,  407,  442,  740,  340,  556,  455,  855,  356,  190,  303,  895,  580,  640],
        [  680,    0,  475,    0,  734,  412,  425,  480,  489,  622,  436,  689,  109,  250,  710,  572,  149,  495,  796,  523,  138,  375,  306,  661,  418,  378,   91,  166,  378,  161,  506,  147,  507,  327,  400,  592,  665,   81,  288,  438,  405,  506,  464,  722,  767,  198,  555,  411,  254,  386,  753,  486,  270,  239,  226,   40,  440,  498,  416,  195,  306,  723,  372,  478,  883,  791,  518,  769,  780,  411,  397,  818,  717,  413,  169,  528,  263,  705,  410,  113,  837,  777,  401,  592,  422,  246,  530,  338,  493,   59,  657,  506,  664,  494,  287,  475,  660,  128,  175,  239,  304,  318,  100,  529,  774,  144,  265,  601,  380,  316,  300,  586,  540,  253,  270,  284,  615,  328,  395,  373,  683,  446,  710,  193,  733,  362,   48,  983,   72,  594,  712,   97,  297,  753,  213,   82,  469,  568,  199,  797,  594,  731,   60,  660,  729,  804,  137,  760,  146,  433,  125,  289,  632,  987,  264,  331],
        [  106,    0,  619,  734,    0,  761,  421,  267,  457,  117,  299,  169,  822,  490,  121,  649,  684,  471,   73,  686,  649,  654,  429,  299,  756,  399,  751,  700,  599,  858,  774,  849,  746,  660,  337,  585,  261,  718,  652,  761,  454,  430,  426,  398,  449,  536,  664,  805,  624,  449,  589,  626,  592,  665,  852,  736,  426,  238,  553,  540,  630,  452,  413,  314,  180,  219,  225,  252,  339,  379,  525,  268,  126,  816,  902,  700,  710,   79,  365,  826,  114,   56,  374,  155,  769,  958,  244,  570,  547,  675,  386,  250,  440,  243,  514,  752,  463,  718,  563,  655,  555,  679,  773,  632,  166,  640,  516,  696,  356,  844,  467,  342,  358,  754,  491,  470,  666,  626,  758,  639,  491,  788,  478,  704,  626,  372,  690,  270,  682,  409,  189,  730,  723,  474,  723,  805,  754,  356,  605,  111,  314,  373,  676,  243,  268,  129,  656,  133,  835,  810,  648,  650,  362,  280,  569,  562],
        [  666,    0,  172,  412,  761,    0,  673,  609,  761,  649,  533,  807,  377,  470,  802,  913,  537,  774,  833,  159,  301,  108,  452,  846,  809,  384,  503,  561,  722,  358,  892,  537,  885,  122,  532,  291,  832,  485,  658,   28,  309,  347,  720,  942,  544,  416,  903,   48,  612,  648,  453,  174,  220,  189,  635,  373,  335,  588,  210,  424,  666,  497,  370,  659,  841,  915,  553,  656,  618,  623,  236,  957,  679,  816,  488,  155,  151,  775,  412,  380,  874,  780,  405,  678,  815,  420,  671,  202,  806,  408,  475,  519,  448,  590,  576,  858,  918,  285,  444,  194,  626,  696,  511,  202,  709,  504,  314,  234,  481,  167,  352,  454,  419,  657,  348,  368,  264,  152,  788,  733,  435,   38,  469,  221,  412,  485,  387, 1029,  356,  837,  838,  317,  691,  515,  199,  394,   64,  434,  542,  861,  791,  939,  416,  568,  609,  875,  297,  714,  343,  833,  318,  156,  471, 1040,  591,  658],
        [  426,    0,  617,  425,  421,  673,    0,  179,   90,  350,  219,  307,  532,  210,  345,  283,  315,  106,  460,  691,  416,  578,  226,  242,  336,  338,  400,  322,  179,  582,  365,  492,  341,  552,  182,  669,  254,  373,  240,  688,  433,  500,   47,  298,  697,  272,  287,  700,  223,   40,  771,  628,  454,  500,  463,  446,  439,  230,  529,  267,  216,  671,  348,  109,  600,  392,  300,  583,  641,   66,  491,  409,  474,  396,  572,  703,  550,  360,  334,  536,  493,  476,  334,  270,  349,  670,  178,  485,  163,  373,  585,  323,  625,  221,  139,  339,  249,  478,  265,  492,  149,  261,  419,  660,  539,  288,  361,  745,  230,  669,  330,  501,  473,  348,  328,  309,  735,  525,  338,  219,  670,  710,  679,  504,  781,  213,  397,  615,  407,  174,  320,  472,  309,  703,  532,  506,  702,  496,  236,  438,  176,  307,  368,  496,  565,  438,  424,  511,  563,  390,  404,  520,  551,  613,  178,  147],
        [  251,    0,  512,  480,  267,  609,  179,    0,  247,  177,   78,  215,  577,  231,  230,  453,  418,  264,  321,  588,  418,  503,  186,  240,  509,  229,  488,  434,  351,  619,  543,  586,  519,  491,   86,  537,  224,  456,  391,  617,  320,  361,  204,  342,  527,  286,  460,  644,  359,  195,  616,  522,  401,  466,  586,  488,  313,   53,  427,  288,  371,  505,  243,   80,  438,  323,  126,  405,  464,  122,  390,  358,  299,  564,  646,  601,  516,  226,  209,  581,  360,  318,  213,  115,  522,  717,   63,  407,  334,  422,  419,  154,  463,   44,  248,  516,  345,  488,  306,  456,  293,  421,  510,  546,  364,  375,  309,  628,  130,  648,  263,  338,  318,  489,  277,  254,  610,  458,  507,  390,  511,  642,  516,  490,  633,  134,  440,  504,  437,  265,  243,  494,  462,  536,  515,  556,  623,  337,  339,  317,  191,  334,  421,  320,  387,  324,  426,  338,  596,  561,  413,  468,  385,  507,  303,  305],
        [  480,    0,  707,  489,  457,  761,   90,  247,    0,  404,  301,  316,  598,  294,  362,  206,  364,   18,  484,  781,  496,  667,  315,  218,  311,  427,  451,  364,  168,  649,  318,  537,  290,  640,  268,  758,  242,  428,  258,  777,  522,  587,   47,  241,  774,  355,  215,  787,  259,  115,  855,  718,  542,  585,  490,  515,  527,  299,  618,  349,  231,  750,  437,  168,  636,  382,  373,  645,  709,  152,  581,  388,  528,  377,  624,  793,  635,  387,  422,  601,  512,  512,  421,  316,  324,  732,  226,  575,   91,  441,  664,  399,  705,  291,  205,  298,  172,  555,  342,  577,  190,  266,  468,  750,  591,  347,  450,  835,  318,  750,  420,  581,  556,  367,  417,  399,  824,  614,  319,  206,  752,  798,  759,  586,  867,  302,  466,  616,  481,  111,  322,  546,  318,  781,  614,  570,  791,  578,  292,  452,  162,  257,  436,  566,  631,  448,  504,  561,  631,  365,  483,  607,  630,  611,  228,  172],
        [   76,    0,  514,  622,  117,  649,  350,  177,  404,    0,  189,  195,  708,  382,  168,  607,  583,  421,  188,  584,  533,  542,  317,  302,  684,  282,  645,  601,  526,  743,  714,  743,  688,  546,  232,  495,  268,  611,  566,  651,  341,  329,  366,  411,  405,  425,  619,  692,  533,  370,  526,  522,  475,  548,  753,  622,  316,  135,  444,  429,  547,  396,  296,  243,  267,  286,  108,  243,  316,  297,  414,  334,  125,  740,  790,  599,  594,  131,  249,  712,  230,  155,  257,   93,  696,  843,  179,  455,  495,  564,  318,  134,  371,  142,  421,  688,  453,  602,  455,  539,  469,  597,  667,  533,  189,  536,  399,  603,  243,  728,  351,  256,  262,  662,  375,  354,  576,  511,  683,  565,  423,  677,  416,  587,  556,  262,  577,  385,  568,  385,  226,  615,  637,  423,  607,  691,  646,  266,  506,  212,  290,  392,  565,  184,  238,  227,  540,  162,  719,  737,  532,  534,  288,  394,  477,  481],
        [  255,    0,  436,  436,  299,  533,  219,   78,  301,  189,    0,  282,  525,  194,  289,  502,  396,  318,  362,  511,  358,  426,  131,  317,  528,  152,  457,  415,  375,  564,  574,  554,  552,  416,   48,  465,  300,  422,  395,  541,  244,  291,  254,  418,  480,  238,  506,  569,  356,  223,  555,  446,  328,  395,  567,  438,  238,   65,  350,  241,  379,  452,  166,  145,  455,  391,   97,  385,  432,  155,  313,  429,  299,  578,  604,  525,  445,  275,  133,  530,  403,  343,  136,  163,  541,  664,  140,  331,  381,  377,  367,  107,  406,   63,  246,  544,  416,  428,  266,  386,  300,  429,  478,  471,  361,  348,  238,  553,   60,  578,  191,  283,  255,  483,  208,  185,  537,  383,  523,  410,  452,  566,  460,  424,  568,   74,  392,  553,  385,  335,  312,  437,  464,  484,  447,  507,  546,  278,  322,  368,  267,  411,  378,  288,  359,  377,  365,  340,  541,  578,  354,  394,  333,  559,  300,  319],
        [  243,    0,  690,  689,  169,  807,  307,  215,  316,  195,  282,    0,  788,  440,   51,  493,  608,  328,  173,  763,  633,  700,  400,  131,  626,  424,  686,  619,  475,  832,  632,  783,  603,  694,  301,  685,   94,  655,  546,  813,  504,  513,  297,  230,  595,  499,  511,  846,  527,  342,  720,  698,  609,  677,  766,  700,  486,  221,  611,  499,  521,  589,  439,  216,  337,  109,  260,  412,  495,  287,  577,  150,  282,  691,  851,  777,  727,   91,  396,  793,  196,  220,  403,  131,  639,  929,  159,  606,  402,  631,  512,  297,  565,  220,  428,  613,  295,  702,  514,  667,  454,  566,  707,  715,  333,  571,  520,  789,  341,  860,  472,  450,  450,  654,  489,  466,  764,  660,  632,  515,  617,  839,  611,  704,  750,  348,  650,  309,  650,  249,   32,  707,  614,  615,  728,  767,  813,  458,  527,  136,  159,  206,  629,  376,  419,  133,  640,  299,  809,  680,  627,  675,  483,  308,  477,  453],
        [  760,    0,  478,  109,  822,  377,  532,  577,  598,  708,  525,  788,    0,  349,  807,  675,  251,  604,  887,  512,  182,  369,  396,  767,  508,  446,  174,  264,  483,   54,  597,  167,  601,  321,  493,  603,  769,  180,  390,  404,  451,  547,  572,  830,  805,  291,  658,  364,  359,  495,  770,  487,  296,  240,  274,   89,  488,  589,  436,  290,  409,  759,  436,  581,  962,  893,  601,  832,  833,  516,  425,  921,  794,  493,  116,  513,  242,  799,  479,    5,  928,  862,  470,  685,  510,  141,  630,  361,  600,  161,  702,  585,  700,  586,  396,  567,  769,  126,  276,  245,  412,  416,  170,  529,  847,  252,  325,  592,  467,  247,  367,  639,  592,  338,  339,  357,  611,  333,  483,  476,  713,  407,  742,  183,  743,  452,  139, 1078,  141,  702,  813,  100,  388,  787,  190,   31,  439,  620,  308,  891,  700,  839,  165,  725,  790,  899,  176,  836,   45,  515,  179,  290,  680, 1082,  372,  439],
        [  447,    0,  438,  250,  490,  470,  210,  231,  294,  382,  194,  440,  349,    0,  461,  449,  206,  306,  549,  508,  209,  381,   76,  425,  396,  201,  263,  228,  269,  394,  463,  361,  448,  349,  153,  516,  424,  229,  243,  487,  278,  370,  256,  500,  612,   64,  443,  494,  195,  180,  647,  450,  252,  291,  378,  260,  299,  252,  352,   61,  237,  575,  203,  234,  648,  545,  285,  562,  593,  174,  317,  574,  489,  431,  415,  519,  342,  456,  219,  353,  589,  536,  212,  343,  406,  489,  282,  294,  337,  191,  495,  282,  520,  247,  113,  430,  458,  274,   75,  284,  172,  283,  285,  487,  550,  157,  166,  572,  146,  460,  152,  413,  372,  308,  137,  126,  569,  326,  383,  292,  555,  507,  573,  295,  644,  124,  210,  734,  212,  382,  465,  273,  304,  608,  323,  327,  504,  400,  141,  548,  360,  505,  190,  457,  529,  555,  217,  531,  372,  438,  198,  315,  464,  738,  149,  203],
        [  204,    0,  677,  710,  121,  802,  345,  230,  362,  168,  289,   51,  807,  461,    0,  543,  638,  375,  123,  748,  645,  694,  414,  181,  670,  422,  713,  650,  517,  848,  679,  810,  650,  692,  314,  663,  144,  681,  584,  806,  496,  495,  339,  277,  557,  516,  560,  843,  562,  378,  688,  685,  611,  681,  799,  718,  474,  225,  602,  517,  560,  554,  436,  247,  286,  119,  250,  368,  453,  318,  569,  167,  239,  734,  874,  763,  730,   45,  392,  811,  151,  170,  399,  128,  683,  946,  183,  603,  449,  652,  481,  285,  534,  226,  459,  659,  345,  715,  535,  672,  490,  605,  734,  698,  286,  599,  525,  770,  349,  864,  477,  423,  429,  691,  496,  473,  743,  658,  675,  557,  587,  832,  578,  712,  721,  359,  669,  276,  667,  298,   69,  722,  653,  579,  735,  786,  804,  433,  557,   94,  207,  252,  651,  341,  379,   96,  653,  253,  825,  724,  641,  675,  453,  278,  510,  491],
        [  682,    0,  884,  572,  649,  913,  283,  453,  206,  607,  502,  493,  675,  449,  543,    0,  425,  189,  665,  955,  623,  828,  492,  371,  220,  615,  505,  413,  196,  728,  170,  566,  141,  795,  465,  947,  405,  496,  286,  931,  708,  781,  250,  329,  978,  498,   27,  931,  319,  289, 1054,  895,  698,  726,  485,  606,  718,  505,  796,  489,  267,  953,  624,  374,  826,  531,  578,  849,  914,  348,  759,  520,  730,  284,  666,  966,  773,  575,  615,  677,  688,  704,  614,  517,  229,  793,  429,  742,  121,  539,  867,  603,  907,  496,  338,  170,  229,  669,  470,  720,  288,  264,  515,  930,  792,  433,  614, 1015,  511,  871,  593,  784,  756,  364,  583,  569, 1008,  773,  243,  200,  952,  950,  961,  714, 1063,  491,  565,  768,  588,  246,  489,  650,  305,  985,  741,  645,  951,  779,  383,  626,  337,  357,  532,  771,  837,  618,  629,  761,  716,  261,  607,  758,  833,  759,  325,  256],
        [  650,    0,  568,  149,  684,  537,  315,  418,  364,  583,  396,  608,  251,  206,  638,  425,    0,  367,  739,  626,  238,  480,  281,  557,  275,  393,   88,   26,  234,  304,  361,  177,  360,  436,  351,  670,  568,   72,  140,  561,  450,  551,  347,  603,  805,  192,  408,  544,  111,  276,  819,  579,  356,  351,  172,  186,  479,  450,  493,  183,  159,  765,  392,  393,  849,  703,  490,  767,  795,  321,  466,  723,  693,  279,  261,  633,  387,  641,  417,  253,  777,  733,  410,  532,  280,  375,  455,  420,  353,  131,  689,  488,  707,  443,  181,  329,  531,  262,  149,  348,  174,  170,  105,  621,  755,   52,  311,  700,  352,  460,  325,  610,  566,  124,  299,  302,  707,  427,  252,  226,  736,  574,  759,  319,  808,  329,  154,  913,  183,  473,  627,  236,  154,  797,  344,  221,  589,  595,   82,  729,  491,  616,  122,  662,  734,  733,  242,  736,  292,  296,  221,  396,  660,  914,  139,  195],
        [  496,    0,  722,  495,  471,  774,  106,  264,   18,  421,  318,  328,  604,  306,  375,  189,  367,    0,  497,  796,  507,  681,  330,  226,  301,  442,  454,  367,  163,  656,  305,  538,  276,  653,  285,  774,  252,  433,  257,  790,  538,  603,   64,  241,  791,  366,  199,  799,  260,  127,  872,  733,  555,  597,  488,  522,  543,  316,  634,  360,  230,  767,  453,  185,  650,  391,  390,  662,  726,  168,  596,  395,  544,  367,  627,  808,  647,  401,  438,  607,  524,  527,  438,  332,  313,  738,  242,  589,   76,  449,  681,  416,  722,  308,  214,  285,  166,  565,  351,  589,  194,  262,  471,  765,  607,  353,  464,  850,  334,  761,  434,  598,  572,  365,  431,  413,  840,  627,  310,  200,  769,  811,  776,  597,  883,  317,  474,  626,  489,  112,  332,  554,  314,  798,  625,  576,  805,  595,  297,  464,  172,  258,  443,  582,  648,  460,  514,  577,  638,  355,  493,  620,  647,  620,  233,  173],
        [  174,    0,  690,  796,   73,  833,  460,  321,  484,  188,  362,  173,  887,  549,  123,  665,  739,  497,    0,  757,  716,  726,  492,  300,  790,  470,  809,  753,  635,  924,  801,  907,  772,  732,  397,  653,  264,  776,  696,  833,  526,  501,  458,  386,  503,  599,  683,  877,  671,  491,  648,  697,  662,  735,  904,  800,  498,  299,  625,  602,  673,  510,  483,  356,  169,  183,  294,  297,  387,  426,  597,  228,  184,  853,  963,  771,  781,  100,  436,  891,   42,   76,  445,  207,  803, 1024,  288,  641,  571,  738,  449,  321,  503,  303,  564,  781,  463,  785,  624,  726,  600,  721,  830,  702,  206,  696,  585,  765,  420,  915,  536,  411,  429,  801,  559,  538,  734,  697,  794,  676,  553,  860,  538,  773,  687,  436,  753,  198,  746,  421,  181,  797,  767,  530,  793,  869,  826,  425,  658,   57,  330,  359,  738,  307,  321,   75,  723,  177,  901,  844,  714,  721,  427,  208,  618,  604],
        [  584,    0,   76,  523,  686,  159,  691,  588,  781,  584,  511,  763,  512,  508,  748,  955,  626,  796,  757,    0,  393,  149,  467,  825,  885,  363,  610,  651,  775,  501,  961,  661,  951,  197,  525,  141,  804,  586,  729,  137,  268,  257,  736,  929,  399,  468,  951,  201,  681,  674,  296,   66,  272,  285,  749,  488,  279,  555,  164,  478,  732,  354,  350,  652,  737,  866,  504,  540,  489,  633,  202,  911,  587,  903,  626,   15,  270,  715,  379,  515,  795,  695,  376,  633,  893,  573,  648,  216,  840,  503,  350,  467,  313,  560,  621,  928,  922,  401,  505,  285,  678,  769,  622,   58,  606,  584,  344,   81,  472,  324,  364,  352,  329,  750,  373,  387,  106,  200,  867,  794,  290,  156,  324,  335,  254,  483,  488,  947,  457,  840,  795,  434,  773,  368,  322,  523,  105,  335,  611,  793,  778,  921,  512,  466,  493,  809,  391,  616,  483,  917,  409,  235,  354,  960,  648,  709],
        [  582,    0,  340,  138,  649,  301,  416,  418,  496,  533,  358,  633,  182,  209,  645,  623,  238,  507,  716,  393,    0,  245,  233,  631,  508,  265,  219,  263,  428,  211,  591,  284,  586,  199,  333,  455,  627,  194,  359,  324,  273,  373,  461,  709,  634,  146,  611,  312,  314,  383,  616,  351,  132,  114,  360,  113,  310,  423,  278,  150,  368,  589,  255,  438,  783,  740,  426,  651,  654,  383,  260,  773,  614,  517,  285,  399,  153,  633,  299,  186,  758,  687,  290,  520,  515,  311,  476,  200,  525,  111,  526,  407,  530,  420,  296,  558,  664,   70,  157,  111,  336,  396,  233,  394,  666,  203,  143,  469,  298,  255,  187,  460,  413,  360,  160,  180,  480,  194,  488,  436,  547,  338,  575,   91,  596,  287,   97,  910,   67,  589,  660,   84,  391,  618,  119,  174,  351,  441,  244,  725,  567,  713,  120,  544,  609,  735,    8,  657,  187,  534,   18,  159,  503,  916,  298,  368],
        [  561,    0,  111,  375,  654,  108,  578,  503,  667,  542,  426,  700,  369,  381,  694,  828,  480,  681,  726,  149,  245,    0,  353,  741,  743,  277,  461,  505,  642,  365,  822,  514,  813,   49,  429,  239,  726,  438,  589,  115,  201,  249,  624,  839,  471,  333,  821,  151,  541,  555,  408,  118,  132,  136,  600,  340,  229,  481,  108,  342,  593,  423,  263,  556,  740,  807,  445,  562,  532,  525,  130,  849,  576,  758,  484,  155,  129,  667,  304,  373,  767,  675,  297,  570,  751,  446,  566,   97,  717,  355,  389,  411,  369,  483,  491,  789,  819,  254,  367,  136,  545,  628,  474,  161,  609,  440,  218,  227,  377,  223,  250,  357,  318,  603,  251,  269,  243,   56,  725,  658,  367,  140,  400,  189,  376,  382,  340,  923,  309,  738,  731,  287,  629,  446,  180,  378,  125,  336,  471,  753,  688,  835,  364,  468,  515,  768,  243,  612,  345,  773,  261,   86,  380,  933,  512,  577],
        [  378,    0,  394,  306,  429,  452,  226,  186,  315,  317,  131,  400,  396,   76,  414,  492,  281,  330,  492,  467,  233,  353,    0,  406,  463,  131,  332,  302,  326,  436,  524,  428,  507,  330,  100,  458,  399,  298,  313,  465,  218,  303,  271,  494,  539,  108,  489,  482,  267,  207,  581,  405,  234,  289,  452,  308,  233,  194,  306,  112,  304,  503,  137,  213,  580,  508,  215,  487,  517,  172,  269,  542,  418,  502,  474,  479,  341,  404,  145,  400,  533,  472,  140,  290,  474,  534,  244,  260,  374,  247,  422,  209,  449,  191,  172,  492,  467,  303,  140,  280,  233,  352,  354,  439,  478,  230,  139,  524,   75,  469,  105,  339,  299,  383,  105,   85,  517,  302,  452,  353,  486,  488,  503,  307,  582,   57,  262,  682,  255,  386,  427,  309,  377,  536,  333,  377,  478,  327,  216,  496,  346,  494,  248,  382,  454,  505,  241,  461,  412,  507,  228,  301,  390,  687,  217,  261],
        [  363,    0,  750,  661,  299,  846,  242,  240,  218,  302,  317,  131,  767,  425,  181,  371,  557,  226,  300,  825,  631,  741,  406,    0,  525,  468,  641,  563,  386,  815,  519,  734,  489,  727,  315,  764,   38,  614,  471,  856,  558,  588,  215,  111,  706,  488,  391,  881,  462,  281,  821,  760,  635,  694,  700,  679,  548,  271,  666,  486,  444,  695,  482,  194,  467,  166,  333,  534,  614,  252,  629,  171,  405,  592,  813,  839,  746,  221,  447,  771,  319,  350,  451,  215,  538,  906,  178,  646,  292,  606,  614,  369,  665,  266,  379,  504,  165,  698,  492,  686,  389,  483,  661,  782,  460,  529,  540,  861,  366,  875,  497,  543,  534,  581,  507,  485,  841,  696,  536,  424,  716,  880,  714,  712,  846,  364,  629,  403,  635,  127,  120,  697,  534,  723,  738,  742,  862,  547,  478,  256,   68,   97,  603,  485,  536,  248,  639,  427,  794,  579,  622,  702,  582,  396,  420,  379],
        [  759,    0,  821,  418,  756,  809,  336,  509,  311,  684,  528,  626,  508,  396,  670,  220,  275,  301,  790,  885,  508,  743,  463,  525,    0,  594,  335,  254,  158,  560,   90,  373,   99,  702,  482,  909,  552,  338,  157,  832,  673,  764,  332,  518,  998,  421,  195,  817,  206,  314, 1042,  832,  614,  621,  277,  457,  694,  557,  739,  411,  160,  964,  598,  444,  935,  690,  621,  910,  959,  388,  707,  692,  808,   69,  475,  894,  660,  691,  606,  509,  820,  811,  602,  605,   14,  609,  513,  672,  235,  405,  881,  635,  911,  548,  293,   62,  421,  536,  381,  617,  233,  116,  339,  872,  872,  306,  549,  955,  511,  733,  546,  797,  759,  172,  526,  520,  957,  688,   27,  120,  949,  846,  965,  593, 1040,  487,  428,  926,  457,  404,  632,  510,  122,  997,  618,  479,  858,  787,  274,  761,  472,  541,  396,  816,  887,  758,  513,  845,  552,   55,  491,  662,  848,  920,  248,  210],
        [  321,    0,  287,  378,  399,  384,  338,  229,  427,  282,  152,  424,  446,  201,  422,  615,  393,  442,  470,  363,  265,  277,  131,  468,  594,    0,  428,  417,  456,  474,  655,  517,  638,  271,  163,  333,  450,  394,  442,  391,   97,  172,  380,  568,  414,  202,  614,  423,  396,  327,  450,  298,  193,  266,  560,  368,  104,  204,  200,  211,  435,  376,   15,  290,  521,  532,  177,  391,  406,  276,  163,  573,  351,  631,  543,  376,  312,  399,   35,  450,  511,  430,   26,  296,  604,  574,  291,  183,  495,  326,  297,  149,  320,  207,  303,  623,  560,  330,  245,  257,  364,  482,  448,  326,  402,  342,  123,  410,  111,  447,   80,  217,  174,  505,  109,   96,  398,  237,  582,  484,  356,  416,  373,  307,  452,  126,  331,  667,  313,  478,  455,  348,  504,  408,  325,  435,  395,  202,  339,  488,  417,  562,  329,  283,  351,  501,  271,  393,  450,  637,  268,  255,  267,  675,  347,  391],
        [  709,    0,  559,   91,  751,  503,  400,  488,  451,  645,  457,  686,  174,  263,  713,  505,   88,  454,  809,  610,  219,  461,  332,  641,  335,  428,    0,   93,  318,  226,  424,   99,  427,  414,  415,  671,  650,   35,  220,  528,  469,  571,  433,  690,  831,  230,  486,  502,  197,  361,  829,  569,  349,  326,  142,  131,  502,  515,  494,  223,  242,  788,  424,  471,  910,  783,  547,  814,  833,  400,  471,  805,  750,  324,  174,  615,  353,  714,  456,  176,  848,  798,  448,  602,  338,  290,  530,  416,  439,  112,  718,  540,  730,  509,  263,  394,  619,  218,  193,  326,  261,  244,   22,  612,  809,  115,  327,  687,  407,  403,  353,  643,  597,  166,  324,  333,  699,  412,  311,  306,  753,  537,  778,  283,  812,  385,  122,  989,  153,  560,  706,  187,  215,  819,  304,  144,  559,  626,  164,  803,  574,  702,  105,  706,  777,  808,  220,  792,  217,  346,  204,  375,  690,  990,  225,  282],
        [  669,    0,  593,  166,  700,  561,  322,  434,  364,  601,  415,  619,  264,  228,  650,  413,   26,  367,  753,  651,  263,  505,  302,  563,  254,  417,   93,    0,  226,  317,  341,  173,  342,  460,  370,  696,  576,   86,  128,  585,  475,  575,  351,  605,  829,  216,  395,  566,  107,  283,  845,  604,  381,  375,  153,  204,  504,  467,  519,  207,  150,  790,  416,  404,  867,  712,  509,  789,  818,  333,  491,  730,  713,  256,  263,  658,  411,  655,  441,  266,  791,  750,  433,  547,  258,  383,  468,  445,  348,  154,  713,  509,  732,  460,  192,  309,  530,  283,  173,  373,  177,  153,  106,  646,  775,   76,  336,  726,  373,  480,  350,  634,  590,   99,  324,  326,  733,  452,  231,  213,  761,  597,  783,  342,  833,  349,  176,  926,  205,  475,  637,  257,  133,  821,  367,  234,  613,  619,   95,  742,  497,  619,  145,  684,  756,  746,  266,  755,  305,  273,  245,  421,  684,  926,  144,  194],
        [  601,    0,  706,  378,  599,  722,  179,  351,  168,  526,  375,  475,  483,  269,  517,  196,  234,  163,  635,  775,  428,  642,  326,  386,  158,  456,  318,  226,    0,  537,  201,  391,  183,  606,  330,  782,  408,  305,  102,  742,  542,  627,  179,  401,  850,  310,  184,  738,  125,  157,  905,  718,  511,  534,  330,  412,  558,  400,  620,  301,   77,  818,  462,  287,  778,  549,  465,  754,  805,  230,  585,  556,  650,  218,  487,  785,  580,  536,  464,  486,  667,  654,  460,  448,  171,  608,  356,  560,  124,  344,  734,  482,  767,  391,  156,  170,  315,  473,  278,  528,   98,  100,  331,  755,  714,  238,  432,  840,  364,  675,  419,  649,  614,  205,  405,  394,  837,  587,  160,   41,  808,  759,  822,  519,  907,  341,  370,  780,  392,  275,  484,  454,  151,  851,  546,  454,  763,  641,  187,  610,  327,  420,  336,  661,  732,  608,  434,  687,  523,  212,  412,  568,  701,  776,  132,   67],
        [  792,    0,  475,  161,  858,  358,  582,  619,  649,  743,  564,  832,   54,  394,  848,  728,  304,  656,  924,  501,  211,  365,  436,  815,  560,  474,  226,  317,  537,    0,  649,  208,  653,  319,  534,  602,  816,  233,  443,  385,  469,  562,  623,  880,  816,  334,  711,  339,  412,  545,  771,  483,  310,  246,  317,  136,  507,  628,  442,  334,  463,  769,  464,  627,  994,  937,  636,  856,  851,  563,  436,  967,  824,  542,  133,  501,  236,  838,  508,   52,  966,  897,  499,  725,  561,  101,  673,  370,  653,  210,  716,  617,  711,  626,  446,  619,  820,  145,  323,  252,  465,  469,  221,  524,  875,  305,  352,  581,  505,  212,  397,  658,  612,  388,  370,  390,  603,  336,  534,  529,  720,  384,  750,  188,  740,  491,  187, 1117,  183,  753,  857,  128,  440,  796,  188,   84,  421,  638,  360,  931,  748,  888,  214,  749,  812,  940,  204,  866,   25,  565,  211,  292,  697, 1122,  425,  491],
        [  789,    0,  895,  506,  774,  892,  365,  543,  318,  714,  574,  632,  597,  463,  679,  170,  361,  305,  801,  961,  591,  822,  524,  519,   90,  655,  424,  341,  201,  649,    0,  461,   31,  782,  530,  978,  550,  426,  234,  914,  739,  826,  350,  493, 1050,  494,  144,  902,  282,  352, 1104,  906,  692,  703,  362,  545,  757,  594,  811,  484,  230, 1019,  660,  472,  954,  684,  662,  948, 1003,  424,  778,  679,  838,  130,  563,  971,  744,  705,  664,  598,  828,  830,  660,  629,   90,  697,  537,  747,  231,  490,  935,  680,  968,  585,  353,   34,  393,  622,  457,  699,  292,  196,  428,  946,  902,  389,  621, 1029,  565,  820,  614,  850,  815,  261,  597,  588, 1029,  767,  115,  172, 1008,  928, 1022,  677, 1105,  542,  514,  921,  542,  394,  633,  597,  210, 1052,  703,  568,  939,  841,  352,  767,  474,  519,  482,  858,  928,  762,  596,  874,  641,  104,  574,  743,  901,  914,  316,  264],
        [  805,    0,  618,  147,  849,  537,  492,  586,  537,  743,  554,  783,  167,  361,  810,  566,  177,  538,  907,  661,  284,  514,  428,  734,  373,  517,   99,  173,  391,  208,  461,    0,  470,  466,  513,  737,  745,  132,  290,  564,  550,  652,  523,  777,  913,  324,  545,  528,  279,  453,  899,  628,  416,  378,  110,  176,  585,  612,  561,  318,  315,  869,  512,  567, 1007,  879,  643,  906,  922,  497,  543,  900,  846,  344,  103,  665,  394,  812,  547,  166,  946,  896,  539,  700,  372,  238,  628,  484,  515,  193,  802,  636,  810,  607,  357,  434,  701,  261,  289,  380,  349,  304,   77,  671,  905,  212,  410,  740,  503,  413,  440,  729,  683,  204,  411,  422,  756,  470,  347,  371,  830,  569,  857,  327,  878,  482,  193, 1086,  219,  647,  802,  227,  263,  899,  342,  145,  598,  712,  258,  901,  667,  791,  189,  798,  868,  906,  283,  889,  210,  369,  272,  429,  776, 1088,  315,  366],
        [  764,    0,  883,  507,  746,  885,  341,  519,  290,  688,  552,  603,  601,  448,  650,  141,  360,  276,  772,  951,  586,  813,  507,  489,   99,  638,  427,  342,  183,  653,   31,  470,    0,  774,  508,  963,  520,  427,  228,  907,  724,  809,  323,  463, 1029,  483,  114,  897,  274,  329, 1087,  895,  682,  697,  375,  545,  740,  570,  799,  474,  220,  999,  644,  446,  926,  654,  639,  923,  980,  401,  764,  648,  812,  151,  572,  960,  738,  676,  646,  603,  799,  802,  642,  603,  102,  706,  511,  736,  202,  488,  914,  658,  948,  561,  337,   38,  363,  620,  447,  692,  277,  192,  433,  933,  876,  384,  609, 1018,  545,  820,  599,  830,  796,  268,  583,  574, 1016,  758,  125,  157,  989,  922, 1003,  673, 1089,  522,  512,  891,  539,  364,  604,  596,  213, 1032,  700,  571,  931,  822,  344,  738,  445,  489,  479,  835,  905,  732,  591,  847,  644,  125,  569,  735,  881,  884,  303,  248],
        [  571,    0,  157,  327,  660,  122,  552,  491,  640,  546,  416,  694,  321,  349,  692,  795,  436,  653,  732,  197,  199,   49,  330,  727,  702,  271,  414,  460,  606,  319,  782,  466,  774,    0,  412,  284,  714,  391,  548,  138,  208,  273,  598,  821,  508,  297,  786,  154,  501,  527,  453,  166,   99,   88,  552,  292,  241,  473,  135,  306,  554,  461,  256,  538,  756,  802,  445,  585,  562,  502,  145,  843,  589,  714,  437,  202,   84,  667,  301,  325,  773,  684,  293,  566,  709,  403,  554,   91,  686,  309,  420,  413,  405,  475,  458,  748,  796,  205,  328,   89,  509,  587,  426,  209,  627,  397,  192,  276,  362,  195,  231,  380,  338,  558,  226,  247,  292,   35,  682,  620,  406,  159,  439,  141,  423,  364,  293,  929,  262,  716,  724,  239,  586,  485,  132,  330,  158,  359,  430,  755,  671,  819,  318,  488,  539,  769,  196,  627,  299,  730,  216,   40,  407,  939,  475,  541],
        [  300,    0,  450,  400,  337,  532,  182,   86,  268,  232,   48,  301,  493,  153,  314,  465,  351,  285,  397,  525,  333,  429,  100,  315,  482,  163,  415,  370,  330,  534,  530,  513,  508,  412,    0,  491,  304,  381,  347,  543,  259,  319,  222,  411,  522,  203,  468,  566,  309,  181,  590,  460,  320,  382,  522,  405,  260,  100,  362,  205,  332,  492,  176,  128,  498,  409,  144,  432,  477,  118,  324,  443,  345,  531,  566,  538,  433,  306,  154,  498,  438,  384,  155,  193,  494,  633,  146,  333,  344,  341,  407,  153,  444,   95,  198,  500,  398,  402,  227,  373,  253,  382,  436,  489,  408,  305,  226,  572,   54,  564,  182,  323,  292,  436,  193,  171,  559,  381,  477,  365,  488,  567,  498,  405,  599,   49,  357,  585,  353,  316,  328,  408,  417,  525,  430,  474,  551,  316,  276,  398,  260,  407,  341,  334,  406,  406,  340,  386,  512,  532,  327,  387,  373,  589,  253,  273],
        [  480,    0,  129,  592,  585,  291,  669,  537,  758,  495,  465,  685,  603,  516,  663,  947,  670,  774,  653,  141,  455,  239,  458,  764,  909,  333,  671,  696,  782,  602,  978,  737,  963,  284,  491,    0,  739,  643,  753,  272,  241,  177,  711,  873,  259,  491,  946,  336,  705,  659,  170,  123,  323,  364,  812,  562,  231,  495,  178,  501,  751,  214,  324,  610,  614,  781,  432,  411,  353,  606,  205,  828,  475,  937,  718,  152,  367,  625,  337,  607,  689,  586,  337,  558,  919,  684,  592,  255,  828,  560,  221,  396,  177,  502,  626,  945,  881,  482,  533,  360,  686,  794,  687,   89,  484,  623,  363,  115,  440,  449,  364,  243,  235,  793,  383,  390,   82,  270,  894,  807,  150,  294,  184,  421,  142,  458,  550,  835,  521,  799,  716,  514,  806,  228,  416,  609,  244,  231,  639,  694,  726,  861,  567,  351,  366,  712,  455,  499,  582,  947,  469,  314,  232,  850,  663,  716],
        [  327,    0,  730,  665,  261,  832,  254,  224,  242,  268,  300,   94,  769,  424,  144,  405,  568,  252,  264,  804,  627,  726,  399,   38,  552,  450,  650,  576,  408,  816,  550,  745,  520,  714,  304,  739,    0,  622,  489,  840,  539,  564,  233,  144,  673,  486,  424,  868,  477,  293,  790,  739,  623,  685,  716,  681,  526,  250,  647,  484,  463,  663,  464,  190,  429,  141,  307,  498,  579,  254,  611,  155,  369,  619,  820,  818,  737,  183,  428,  773,  283,  313,  433,  185,  565,  909,  161,  630,  321,  609,  583,  344,  634,  246,  388,  534,  202,  696,  494,  676,  403,  504,  670,  760,  422,  537,  530,  838,  353,  867,  485,  514,  507,  599,  497,  474,  816,  682,  561,  447,  686,  865,  682,  706,  816,  353,  631,  374,  635,  160,   85,  696,  554,  690,  731,  745,  844,  519,  488,  221,   82,  125,  606,  452,  501,  214,  635,  389,  795,  606,  619,  690,  552,  369,  432,  396],
        [  674,    0,  533,   81,  718,  485,  373,  456,  428,  611,  422,  655,  180,  229,  681,  496,   72,  433,  776,  586,  194,  438,  298,  614,  338,  394,   35,   86,  305,  233,  426,  132,  427,  391,  381,  643,  622,    0,  211,  510,  437,  539,  408,  666,  798,  195,  479,  487,  181,  334,  798,  543,  321,  304,  172,  120,  469,  481,  465,  188,  230,  756,  390,  440,  876,  754,  512,  779,  799,  370,  441,  777,  715,  334,  199,  592,  334,  681,  422,  182,  815,  764,  413,  569,  342,  306,  499,  388,  423,   83,  684,  506,  697,  475,  235,  395,  598,  202,  158,  303,  240,  239,   57,  586,  775,   86,  295,  662,  372,  396,  319,  609,  563,  175,  290,  299,  672,  387,  315,  297,  722,  520,  746,  264,  783,  351,   99,  957,  130,  537,  676,  174,  217,  787,  288,  150,  539,  592,  138,  771,  547,  678,   76,  671,  742,  776,  195,  758,  221,  354,  177,  352,  657,  959,  201,  263],
        [  640,    0,  665,  288,  652,  658,  240,  391,  258,  566,  395,  546,  390,  243,  584,  286,  140,  257,  696,  729,  359,  589,  313,  471,  157,  442,  220,  128,  102,  443,  234,  290,  228,  548,  347,  753,  489,  211,    0,  680,  519,  612,  257,  497,  851,  264,  269,  670,   49,  206,  889,  676,  459,  470,  232,  324,  541,  434,  583,  254,   27,  816,  445,  341,  827,  629,  490,  779,  821,  273,  551,  641,  687,  189,  386,  738,  511,  597,  458,  392,  731,  705,  452,  498,  166,  509,  410,  516,  225,  262,  734,  499,  761,  426,  150,  201,  414,  394,  225,  465,   98,   41,  232,  716,  751,  157,  393,  799,  369,  595,  391,  651,  611,  111,  371,  365,  801,  534,  142,   87,  797,  695,  815,  446,  885,  344,  287,  854,  313,  368,  559,  372,   72,  849,  473,  360,  705,  639,  119,  677,  407,  514,  254,  680,  752,  677,  364,  727,  431,  196,  342,  509,  702,  852,   98,   94],
