{
    "name": "random-13-5474",
    "comment": "size=13 seed=5474",
    "nodes": ["+0", "-0", "+1", "-1", "+2", "-2", "+3", "-3", "+4", "-4", "+5", "-5", "+6", "-6", "+7", "-7", "+8", "-8", "+9", "-9", "+10", "-10", "+11", "-11", "+12", "-12", "+13", "-13"],
    "precedence": {
        "+0": "-0",
        "+1": "-1",
        "+2": "-2",
        "+3": "-3",
        "+4": "-4",
        "+5": "-5",
        "+6": "-6",
        "+7": "-7",
        "+8": "-8",
        "+9": "-9",
        "+10": "-10",
        "+11": "-11",
        "+12": "-12",
        "+13": "-13"
    },
    "edges": [
        [    0,    0,  726,  737,  471,  604,  459,  705,  193,  784,  329,  385,  352,   43,  421,  463,  803,  375,  144,  734,  782,  512,  191,  215,  115,  480,  375,  667],
        [    0,    0,  726,  737,  471,  604,  459,  705,  193,  784,  329,  385,  352,   43,  421,  463,  803,  375,  144,  734,  782,  512,  191,  215,  115,  480,  375,  667],
        [  726,  726,    0,  421, 1129,  341,  523,  748,  602,  597,  792,  576,  529,  735,  453,  997,  458,  793,  839,   55,  468,  268,  758,  514,  791,  249,  816,  463],
        [  737,  737,  421,    0,  983,  149,  305,  370,  549,  178,  954,  804,  740,  767,  317,  789,   68,  976,  879,  475,   56,  298,  659,  590,  741,  405,  614,   94],
        [  471,  471, 1129,  983,    0,  896,  683,  757,  529,  941,  730,  851,  823,  493,  708,  227, 1036,  780,  473, 1150, 1008,  872,  372,  661,  365,  885,  371,  891],
        [  604,  604,  341,  149,  896,    0,  219,  408,  422,  286,  807,  656,  592,  631,  194,  723,  216,  828,  744,  390,  204,  153,  549,  444,  620,  263,  540,  135],
        [  459,  459,  523,  305,  683,  219,    0,  299,  267,  325,  729,  639,  575,  496,   90,  504,  365,  762,  603,  563,  340,  262,  356,  371,  444,  344,  322,  220],
        [  705,  705,  748,  370,  757,  408,  299,    0,  528,  230, 1007,  936,  872,  746,  387,  533,  385, 1044,  841,  797,  357,  525,  547,  663,  652,  624,  407,  294],
        [  193,  193,  602,  549,  529,  422,  267,  528,    0,  592,  481,  447,  392,  229,  233,  431,  614,  519,  337,  622,  592,  355,  158,  175,  201,  356,  279,  476],
        [  784,  784,  597,  178,  941,  286,  325,  230,  592,    0, 1043,  922,  857,  820,  380,  728,  167, 1072,  927,  650,  143,  436,  666,  678,  761,  546,  573,  154],
        [  329,  329,  792,  954,  730,  807,  729, 1007,  481, 1043,    0,  232,  265,  288,  664,  779, 1022,   51,  259,  776, 1007,  672,  519,  367,  432,  590,  703,  905],
        [  385,  385,  576,  804,  851,  656,  639,  936,  447,  922,  232,    0,   66,  358,  557,  840,  869,  221,  402,  555,  859,  508,  551,  279,  499,  408,  718,  773],
        [  352,  352,  529,  740,  823,  592,  575,  872,  392,  857,  265,   66,    0,  331,  492,  796,  806,  265,  391,  512,  795,  444,  506,  221,  463,  347,  667,  708],
        [   43,   43,  735,  767,  493,  631,  496,  746,  229,  820,  288,  358,  331,    0,  453,  499,  834,  334,  114,  740,  814,  532,  232,  222,  149,  491,  417,  700],
        [  421,  421,  453,  317,  708,  194,   90,  387,  233,  380,  664,  557,  492,  453,    0,  550,  383,  693,  564,  489,  362,  186,  355,  299,  428,  257,  367,  248],
        [  463,  463,  997,  789,  227,  723,  504,  533,  431,  728,  779,  840,  796,  499,  550,    0,  837,  828,  529, 1026,  809,  730,  291,  597,  350,  768,  184,  696],
        [  803,  803,  458,   68, 1036,  216,  365,  385,  614,  167, 1022,  869,  806,  834,  383,  837,    0, 1043,  946,  513,   30,  362,  720,  658,  804,  467,  666,  147],
        [  375,  375,  793,  976,  780,  828,  762, 1044,  519, 1072,   51,  221,  265,  334,  693,  828, 1043,    0,  309,  774, 1030,  690,  565,  395,  480,  602,  749,  931],
        [  144,  144,  839,  879,  473,  744,  603,  841,  337,  927,  259,  402,  391,  114,  564,  529,  946,  309,    0,  840,  926,  644,  304,  328,  201,  598,  483,  811],
        [  734,  734,   55,  475, 1150,  390,  563,  797,  622,  650,  776,  555,  512,  740,  489, 1026,  513,  774,  840,    0,  522,  303,  779,  520,  805,  266,  847,  514],
        [  782,  782,  468,   56, 1008,  204,  340,  357,  592,  143, 1007,  859,  795,  814,  362,  809,   30, 1030,  926,  522,    0,  354,  695,  642,  781,  461,  638,  121],
        [  512,  512,  268,  298,  872,  153,  262,  525,  355,  436,  672,  508,  444,  532,  186,  730,  362,  690,  644,  303,  354,    0,  505,  324,  554,  110,  548,  283],
        [  191,  191,  758,  659,  372,  549,  356,  547,  158,  666,  519,  551,  506,  232,  355,  291,  720,  565,  304,  779,  695,  505,    0,  309,  106,  514,  185,  575],
        [  215,  215,  514,  590,  661,  444,  371,  663,  175,  678,  367,  279,  221,  222,  299,  597,  658,  395,  328,  520,  642,  324,  309,    0,  299,  271,  453,  539],
        [  115,  115,  791,  741,  365,  620,  444,  652,  201,  761,  432,  499,  463,  149,  428,  350,  804,  480,  201,  805,  781,  554,  106,  299,    0,  542,  283,  662],
        [  480,  480,  249,  405,  885,  263,  344,  624,  356,  546,  590,  408,  347,  491,  257,  768,  467,  602,  598,  266,  461,  110,  514,  271,  542,    0,  592,  393],
        [  375,  375,  816,  614,  371,  540,  322,  407,  279,  573,  703,  718,  667,  417,  367,  184,  666,  749,  483,  847,  638,  548,  185,  453,  283,  592,    0,  522],
        [  667,  667,  463,   94,  891,  135,  220,  294,  476,  154,  905,  773,  708,  700,  248,  696,  147,  931,  811,  514,  121,  283,  575,  539,  662,  393,  522,    0]
    ]
}
