{
    "name": "random-64-31433",
    "comment": "size=64 seed=31433",
    "nodes": ["+0", "-0", "+1", "-1", "+2", "-2", "+3", "-3", "+4", "-4", "+5", "-5", "+6", "-6", "+7", "-7", "+8", "-8", "+9", "-9", "+10", "-10", "+11", "-11", "+12", "-12", "+13", "-13", "+14", "-14", "+15", "-15", "+16", "-16", "+17", "-17", "+18", "-18", "+19", "-19", "+20", "-20", "+21", "-21", "+22", "-22", "+23", "-23", "+24", "-24", "+25", "-25", "+26", "-26", "+27", "-27", "+28", "-28", "+29", "-29", "+30", "-30", "+31", "-31", "+32", "-32", "+33", "-33", "+34", "-34", "+35", "-35", "+36", "-36", "+37", "-37", "+38", "-38", "+39", "-39", "+40", "-40", "+41", "-41", "+42", "-42", "+43", "-43", "+44", "-44", "+45", "-45", "+46", "-46", "+47", "-47", "+48", "-48", "+49", "-49", "+50", "-50", "+51", "-51", "+52", "-52", "+53", "-53", "+54", "-54", "+55", "-55", "+56", "-56", "+57", "-57", "+58", "-58", "+59", "-59", "+60", "-60", "+61", "-61", "+62", "-62", "+63", "-63", "+64", "-64"],
    "precedence": {
        "+0": "-0",
        "+1": "-1",
        "+2": "-2",
        "+3": "-3",
        "+4": "-4",
        "+5": "-5",
        "+6": "-6",
        "+7": "-7",
        "+8": "-8",
        "+9": "-9",
        "+10": "-10",
        "+11": "-11",
        "+12": "-12",
        "+13": "-13",
        "+14": "-14",
        "+15": "-15",
        "+16": "-16",
        "+17": "-17",
        "+18": "-18",
        "+19": "-19",
        "+20": "-20",
        "+21": "-21",
        "+22": "-22",
        "+23": "-23",
        "+24": "-24",
        "+25": "-25",
        "+26": "-26",
        "+27": "-27",
        "+28": "-28",
        "+29": "-29",
        "+30": "-30",
        "+31": "-31",
        "+32": "-32",
        "+33": "-33",
        "+34": "-34",
        "+35": "-35",
        "+36": "-36",
        "+37": "-37",
        "+38": "-38",
        "+39": "-39",
        "+40": "-40",
        "+41": "-41",
        "+42": "-42",
        "+43": "-43",
        "+44": "-44",
        "+45": "-45",
        "+46": "-46",
        "+47": "-47",
        "+48": "-48",
        "+49": "-49",
        "+50": "-50",
        "+51": "-51",
        "+52": "-52",
        "+53": "-53",
        "+54": "-54",
        "+55": "-55",
        "+56": "-56",
        "+57": "-57",
        "+58": "-58",
        "+59": "-59",
        "+60": "-60",
        "+61": "-61",
        "+62": "-62",
        "+63": "-63",
        "+64": "-64"
    },
    "edges": [
        [    0,    0,  404,  397,  485,  432,  576,  132,  613,  606,  317,  781,  332,  908,  281,  779,  831,  936,  348,  970,  338,  431,  795,  564,  745,  797,  139,  320,  338,  780,  284,  279,  262,  546,  531,  785,  216,  445,  794,  336,  585,  786,  504,  599,  404,  946,  746,  587,  348,  511,  380,  245,  643,  468,  143,  960,  354,  886,  495,  266,  850,  121,  970,  350,  790,   97,  646,  640,  430,  436,  808,  155,  346,  757,  808,  448,  156,  454,  940,  916,  339,  364,  342,  193,  750,  335,  391,  892,  743,  750,  554,  877,  632,  375,  687,  790,  593,  872,  172,  224,  214,  497,  429,  577,  740,  163,  157,  669,  554,  316,  664,  235,  921,  921,  913,  594,  609,  229,   86,  460,  713,  318,  283,  253,  885,  765,  883,  463,  781,  733],
        [    0,    0,    0,    0,    0,    0,    0,    0,    0,    0,    0,    0,    0,    0,    0,    0,    0,    0,    0,    0,    0,    0,    0,    0,    0,    0,    0,    0,    0,    0,    0,    0,    0,    0,    0,    0,    0,    0,    0,    0,    0,    0,    0,    0,    0,    0,    0,    0,    0,    0,    0,    0,    0,    0,    0,    0,    0,    0,    0,    0,    0,    0,    0,    0,    0,    0,    0,    0,    0,    0,    0,    0,    0,    0,    0,    0,    0,    0,    0,    0,    0,    0,    0,    0,    0,    0,    0,    0,    0,    0,    0,    0,    0,    0,    0,    0,    0,    0,    0,    0,    0,    0,    0,    0,    0,    0,    0,    0,    0,    0,    0,    0,    0,    0,    0,    0,    0,    0,    0,    0,    0,    0,    0,    0,    0,    0,    0,    0,    0,    0],
        [  404,    0,    0,  448,  888,  684,  423,  404,  758,  873,  357,  700,  319,  815,  139, 1008,  990,  871,  431,  871,  735,  673,  718,  530, 1052,  810,  515,  417,  741, 1061,  201,  232,  471,  909,  927,  932,  219,  540, 1102,  524,  919,  742,  733,  601,  777, 1194,  787,  666,   57,  848,  750,  647,  872,  195,  341, 1218,   75, 1140,  885,  342,  813,  373, 1237,  483, 1022,  499,  759,  991,  832,  838, 1096,  344,  369,  859,  965,  566,  368,  700, 1151,  869,  182,  709,  629,  564,  892,  386,  793, 1082, 1049,  735,  857,  994,  757,  341,  566,  842,  469,  855,  290,  579,  195,  350,  831,  968,  764,  260,  546,  892,  734,  446,  581,  576,  876, 1160, 1123,  554,  972,  612,  433,  789,  782,  598,  686,  650, 1026, 1023, 1031,  414,  887,  671],
        [  397,    0,  448,    0,  721,  299,  250,  270,  310,  466,  103,  387,  131,  513,  339,  573,  542,  539,   51,  575,  658,  281,  400,  172,  662,  410,  525,   77,  609,  650,  259,  229,  174,  604,  705,  485,  293,   93,  710,  151,  571,  390,  319,  203,  519,  760,  369,  225,  417,  514,  492,  557,  443,  329,  260,  788,  467,  711,  648,  146,  454,  276,  811,   87,  587,  429,  312,  657,  662,  662,  687,  247,   82,  417,  517,  122,  242,  304,  707,  520,  267,  420,  298,  381,  445,   73,  634,  636,  657,  355,  483,  551,  310,  113,  313,  419,  238,  479,  262,  363,  344,  209,  704,  719,  356,  429,  526,  458,  295,   94,  277,  342,  525,  724,  679,  200,  659,  430,  332,  456,  349,  275,  571,  586,  580,  599,  584,  109,  445,  338],
        [  485,    0,  888,  721,    0,  510,  963,  517,  737,  547,  697, 1074,  734, 1188,  760,  716,  860, 1186,  678, 1246,  193,  526, 1081,  879,  546, 1003,  399,  659,  149,  623,  743,  728,  550,  285,  111,  843,  686,  706,  575,  577,  390, 1048,  569,  871,  232,  807,  937,  795,  832,  356,  251,  246,  633,  926,  575,  800,  837,  750,  142,  660, 1091,  540,  792,  636,  720,  390,  793,  368,   60,   60,  630,  579,  719,  878,  846,  684,  561,  527,  864, 1154,  798,  327,  447,  354,  825,  697,   96,  860,  549,  994,  452,  948,  770,  767, 1030,  958,  958, 1091,  624,  362,  696,  901,   84,  175,  950,  640,  360,  658,  659,  630,  985,  381, 1156,  803,  846,  902,  312,  301,  467,  366,  884,  458,  204,  258,  922,  658,  911,  824,  891, 1021],
        [  432,    0,  684,  299,  510,    0,  540,  323,  232,  190,  345,  578,  391,  684,  551,  349,  412,  678,  282,  740,  525,   19,  582,  410,  372,  493,  501,  282,  448,  378,  484,  455,  215,  321,  461,  374,  476,  237,  422,  165,  274,  543,   77,  381,  280,  524,  427,  288,  639,  223,  260,  444,  212,  612,  370,  543,  677,  466,  401,  344,  583,  354,  559,  222,  361,  394,  285,  361,  460,  455,  412,  361,  348,  380,  391,  206,  339,   24,  509,  645,  518,  185,   96,  280,  345,  324,  445,  462,  368,  488,  186,  475,  263,  397,  562,  450,  516,  581,  411,  242,  520,  507,  524,  456,  441,  553,  480,  238,  155,  248,  508,  219,  647,  495,  482,  426,  369,  296,  346,  172,  375,  115,  434,  484,  470,  345,  465,  404,  397,  526],
        [  576,    0,  423,  250,  963,  540,    0,  472,  475,  689,  272,  279,  246,  393,  386,  757,  675,  449,  287,  450,  881,  522,  298,  166,  886,  416,  714,  304,  842,  862,  323,  312,  413,  853,  953,  616,  392,  306,  932,  401,  813,  328,  544,  241,  768,  940,  413,  351,  422,  760,  741,  778,  645,  232,  435,  974,  477,  900,  897,  318,  398,  464, 1001,  336,  772,  635,  447,  900,  904,  904,  899,  424,  247,  518,  652,  339,  431,  542,  865,  449,  285,  669,  547,  614,  578,  267,  873,  784,  881,  334,  721,  645,  457,  204,  144,  467,   54,  444,  407,  602,  432,   84,  939,  968,  382,  539,  726,  654,  494,  334,  166,  583,  457,  901,  837,  175,  906,  666,  534,  704,  429,  524,  799,  802,  693,  801,  703,  141,  544,  255],
        [  132,    0,  404,  270,  517,  323,  472,    0,  486,  508,  202,  657,  228,  783,  266,  671,  709,  808,  220,  845,  410,  319,  669,  440,  667,  665,  256,  193,  381,  691,  231,  212,  132,  505,  537,  661,  186,  314,  717,  207,  522,  658,  391,  470,  375,  846,  614,  456,  351,  449,  348,  308,  533,  410,   64,  864,  376,  788,  489,  155,  721,   34,  877,  219,  684,  164,  516,  590,  458,  461,  722,   64,  230,  627,  686,  317,   45,  344,  830,  787,  284,  306,  245,  168,  625,  215,  422,  777,  665,  620,  472,  750,  503,  268,  571,  658,  481,  741,  116,  177,  215,  399,  479,  571,  609,  230,  259,  558,  431,  185,  543,  173,  792,  818,  802,  469,  568,  220,   64,  391,  581,  215,  333,  331,  761,  666,  759,  347,  652,  608],
        [  613,    0,  758,  310,  737,  232,  475,  486,    0,  258,  404,  403,  439,  488,  643,  284,  234,  468,  331,  538,  755,  220,  402,  311,  442,  274,  708,  350,  679,  399,  564,  533,  355,  512,  676,  179,  584,  218,  482,  280,  430,  351,  168,  246,  505,  467,  208,  127,  724,  411,  488,  671,  186,  629,  511,  500,  772,  426,  618,  432,  374,  509,  527,  289,  298,  599,   59,  516,  688,  683,  437,  499,  390,  150,  210,  193,  482,  212,  401,  431,  576,  414,  318,  496,  141,  374,  675,  327,  436,  292,  330,  264,   36,  421,  437,  222,  432,  362,  535,  461,  635,  480,  755,  661,  229,  699,  692,  187,   78,  330,  376,  436,  432,  428,  372,  312,  544,  522,  529,  378,  152,  325,  663,  710,  278,  332,  280,  374,  171,  358],
        [  606,    0,  873,  466,  547,  190,  689,  508,  258,    0,  528,  660,  572,  744,  740,  185,  314,  719,  459,  792,  622,  200,  659,  538,  198,  524,  653,  465,  535,  189,  672,  642,  404,  282,  464,  302,  665,  387,  245,  350,  184,  608,  148,  487,  330,  341,  458,  371,  828,  192,  326,  563,   91,  791,  558,  357,  866,  281,  411,  532,  627,  539,  370,  400,  193,  553,  314,  263,  511,  503,  224,  549,  527,  362,  301,  353,  526,  174,  347,  680,  704,  277,  265,  431,  293,  504,  511,  321,  193,  549,   96,  406,  292,  573,  680,  459,  655,  609,  599,  393,  708,  670,  588,  434,  484,  738,  625,  113,  203,  431,  620,  375,  680,  316,  323,  547,  299,  429,  523,  192,  402,  293,  540,  604,  376,  160,  364,  563,  367,  613],
        [  317,    0,  357,  103,  697,  345,  272,  202,  404,  528,    0,  467,   46,  594,  240,  653,  637,  627,   74,  656,  609,  331,  482,  252,  717,  510,  452,   64,  572,  716,  160,  129,  158,  622,  698,  581,  190,  188,  766,  181,  606,  479,  383,  299,  517,  839,  470,  326,  321,  541,  490,  507,  518,  269,  174,  865,  369,  787,  644,   52,  547,  198,  886,  129,  667,  365,  412,  687,  638,  639,  752,  162,   30,  518,  613,  211,  164,  356,  795,  611,  179,  426,  315,  345,  542,   31,  605,  727,  712,  450,  528,  651,  407,   70,  372,  521,  280,  575,  165,  337,  242,  204,  669,  720,  456,  329,  459,  537,  378,   98,  348,  320,  617,  805,  766,  282,  681,  398,  265,  482,  452,  287,  528,  532,  678,  672,  681,  147,  546,  421],
        [  781,    0,  700,  387, 1074,  578,  279,  657,  403,  660,  467,    0,  465,  127,  648,  658,  520,  172,  437,  189, 1037,  560,   19,  217,  844,  193,  912,  464,  980,  794,  575,  556,  553,  894, 1036,  469,  636,  372,  881,  504,  825,   74,  545,  203,  851,  818,  231,  295,  696,  793,  828,  938,  587,  511,  640,  857,  751,  792,  977,  518,  129,  661,  888,  455,  671,  815,  350,  913, 1018, 1016,  830,  627,  438,  360,  503,  390,  626,  568,  718,  172,  548,  751,  628,  757,  441,  446,  995,  634,  837,  122,  725,  456,  371,  421,  139,  269,  231,  180,  629,  733,  682,  352, 1071, 1034,  196,  784,  913,  584,  462,  478,  124,  709,  180,  777,  695,  188,  935,  802,  718,  748,  279,  617,  947,  970,  515,  721,  530,  326,  378,   53],
        [  332,    0,  319,  131,  734,  391,  246,  228,  439,  572,   46,  465,    0,  591,  211,  694,  672,  629,  115,  653,  638,  376,  480,  255,  762,  524,  469,  109,  606,  760,  130,  102,  202,  667,  738,  615,  175,  222,  812,  227,  651,  484,  427,  311,  560,  881,  489,  353,  286,  587,  532,  536,  561,  223,  189,  908,  337,  830,  685,   76,  553,  219,  929,  173,  709,  390,  443,  733,  675,  676,  796,  179,   50,  547,  647,  248,  187,  402,  834,  616,  138,  470,  360,  381,  575,   70,  641,  764,  758,  460,  574,  681,  440,   45,  359,  542,  262,  585,  167,  375,  225,  171,  703,  762,  472,  321,  480,  578,  418,  144,  343,  360,  622,  846,  805,  284,  726,  434,  290,  527,  476,  332,  559,  558,  710,  715,  714,  139,  574,  421],
        [  908,    0,  815,  513, 1188,  684,  393,  783,  488,  744,  594,  127,  591,    0,  771,  714,  557,   77,  563,   63, 1159,  667,  114,  344,  917,  229, 1038,  590, 1099,  859,  699,  681,  677,  994, 1144,  513,  761,  492,  951,  624,  917,  142,  643,  322,  962,  858,  289,  397,  814,  892,  939, 1060,  664,  622,  767,  898,  869,  840, 1085,  645,  124,  787,  931,  578,  726,  941,  430, 1003, 1133, 1130,  894,  754,  565,  409,  544,  507,  752,  672,  748,  107,  670,  862,  742,  879,  493,  573, 1111,  665,  911,  199,  817,  474,  453,  547,  250,  306,  349,  164,  756,  853,  807,  470, 1188, 1138,  261,  910, 1039,  657,  555,  602,  249,  829,  114,  817,  728,  314, 1030,  922,  844,  851,  345,  733, 1068, 1093,  537,  784,  554,  452,  420,  176],
        [  281,    0,  139,  339,  760,  551,  386,  266,  643,  740,  240,  648,  211,  771,    0,  882,  876,  818,  312,  830,  618,  540,  666,  453,  916,  730,  406,  294,  615,  928,   81,  111,  336,  771,  794,  820,   81,  427,  966,  394,  781,  679,  603,  517,  640, 1066,  699,  563,   89,  709,  613,  526,  744,  205,  203, 1089,  130, 1011,  751,  215,  750,  235, 1106,  359,  895,  373,  651,  853,  704,  709,  962,  205,  258,  756,  852,  450,  229,  567, 1029,  810,  102,  570,  492,  428,  781,  270,  665,  964,  912,  661,  720,  890,  646,  245,  524,  752,  423,  786,  152,  442,   69,  304,  708,  833,  680,  170,  433,  765,  612,  320,  525,  438,  817, 1033, 1001,  481,  833,  478,  299,  650,  686,  461,  561,  533,  917,  892,  920,  333,  784,  611],
        [  779,    0, 1008,  573,  716,  349,  757,  671,  284,  185,  653,  658,  694,  714,  882,    0,  182,  671,  580,  751,  805,  353,  652,  594,  231,  486,  834,  592,  717,  154,  808,  777,  555,  437,  624,  205,  812,  482,  249,  489,  330,  593,  283,  526,  510,  188,  430,  409,  968,  364,  508,  747,  139,  900,  715,  218, 1011,  143,  576,  668,  591,  701,  244,  526,   15,  732,  320,  384,  685,  676,  184,  705,  645,  306,  183,  451,  684,  328,  163,  630,  831,  462,  437,  611,  222,  625,  689,  144,  224,  537,  271,  286,  305,  684,  713,  409,  715,  559,  752,  573,  859,  759,  764,  583,  464,  901,  808,  117,  278,  563,  653,  554,  628,  153,  139,  594,  434,  612,  694,  375,  380,  462,  723,  788,  235,   79,  220,  651,  296,  619],
        [  831,    0,  990,  542,  860,  412,  675,  709,  234,  314,  637,  520,  672,  557,  876,  182,    0,  506,  564,  586,  921,  408,  511,  510,  412,  334,  911,  583,  837,  335,  797,  766,  580,  592,  777,   60,  818,  451,  430,  506,  489,  450,  336,  434,  638,  302,  290,  333,  957,  505,  629,  849,  228,  853,  740,  342, 1006,  287,  724,  665,  434,  735,  375,  522,  189,  804,  235,  554,  822,  814,  363,  728,  622,  164,   25,  427,  710,  389,  199,  464,  808,  569,  507,  691,  100,  607,  819,  114,  405,  399,  410,  104,  234,  651,  602,  254,  626,  395,  767,  653,  868,  695,  897,  744,  326,  929,  891,  203,  279,  562,  543,  630,  461,  261,  175,  501,  600,  704,  746,  499,  253,  523,  833,  890,   63,  260,   54,  595,  143,  491],
        [  936,    0,  871,  539, 1186,  678,  449,  808,  468,  719,  627,  172,  629,   77,  818,  671,  506,    0,  589,   82, 1170,  662,  154,  376,  883,  195, 1062,  616, 1106,  820,  744,  723,  695,  979, 1137,  467,  802,  505,  913,  636,  896,  150,  630,  339,  957,  805,  261,  393,  867,  877,  937, 1074,  635,  681,  797,  845,  922,  792, 1077,  677,   96,  815,  879,  596,  682,  962,  409,  980, 1134, 1130,  853,  784,  599,  369,  496,  516,  780,  664,  692,   42,  719,  860,  743,  891,  452,  604, 1114,  611,  876,  195,  797,  417,  432,  586,  307,  265,  402,  113,  791,  863,  849,  523, 1192, 1126,  240,  950, 1060,  625,  540,  624,  294,  839,   46,  764,  674,  346, 1011,  931,  868,  840,  318,  738, 1078, 1108,  481,  744,  498,  491,  376,  208],
        [  348,    0,  431,   51,  678,  282,  287,  220,  331,  459,   74,  437,  115,  563,  312,  580,  564,  589,    0,  625,  610,  266,  450,  222,  651,  455,  475,   28,  563,  646,  234,  203,  128,  575,  667,  509,  257,  117,  701,  122,  549,  439,  313,  252,  482,  766,  411,  260,  394,  488,  455,  508,  446,  332,  213,  793,  442,  715,  611,  105,  503,  227,  814,   60,  594,  379,  341,  633,  619,  619,  683,  200,   68,  449,  540,  138,  193,  291,  721,  569,  252,  385,  266,  334,  469,   46,  589,  653,  647,  403,  466,  581,  335,  115,  361,  459,  281,  527,  219,  318,  309,  236,  658,  683,  400,  387,  476,  464,  304,   48,  327,  298,  574,  732,  693,  250,  632,  384,  281,  430,  387,  241,  523,  537,  606,  600,  609,  147,  476,  388],
        [  970,    0,  871,  575, 1246,  740,  450,  845,  538,  792,  656,  189,  653,   63,  830,  751,  586,   82,  625,    0, 1219,  723,  176,  406,  960,  270, 1100,  652, 1159,  899,  760,  742,  738, 1047, 1200,  547,  822,  552,  991,  685,  967,  198,  696,  383, 1018,  886,  334,  453,  872,  945,  997, 1121,  710,  678,  829,  926,  926,  872, 1141,  707,  165,  849,  960,  640,  762, 1003,  479, 1053, 1191, 1188,  932,  816,  627,  447,  576,  567,  814,  727,  774,  123,  729,  919,  800,  940,  530,  635, 1170,  692,  953,  253,  868,  498,  503,  608,  308,  343,  408,  192,  818,  914,  867,  529, 1247, 1192,  309,  971, 1101,  701,  607,  664,  310,  889,  127,  845,  755,  377, 1081,  982,  906,  906,  391,  792, 1128, 1154,  562,  823,  579,  514,  455,  238],
        [  338,    0,  735,  658,  193,  525,  881,  410,  755,  622,  609, 1037,  638, 1159,  618,  805,  921, 1170,  610, 1219,    0,  536, 1047,  827,  674, 1000,  224,  586,   89,  740,  618,  608,  486,  413,  288,  892,  552,  668,  712,  535,  504, 1024,  597,  837,  297,  926,  938,  783,  679,  448,  298,  103,  697,  803,  458,  926,  677,  866,  289,  564, 1077,  424,  924,  583,  812,  253,  805,  512,  166,  177,  755,  465,  635,  904,  903,  655,  453,  546,  963, 1142,  674,  353,  439,  280,  867,  617,  136,  943,  676,  976,  535,  996,  785,  677,  970,  969,  886, 1085,  500,  307,  550,  809,  113,  351,  944,  478,  189,  723,  679,  565,  934,  332, 1146,  915,  942,  854,  459,  239,  350,  431,  891,  437,   93,   86,  982,  759,  974,  750,  922,  985],
        [  431,    0,  673,  281,  526,   19,  522,  319,  220,  200,  331,  560,  376,  667,  540,  353,  408,  662,  266,  723,  536,    0,  565,  391,  387,  477,  504,  268,  460,  389,  473,  442,  206,  340,  478,  368,  466,  218,  436,  151,  292,  526,   74,  362,  296,  531,  412,  271,  628,  242,  276,  453,  215,  597,  363,  551,  667,  474,  419,  332,  566,  349,  568,  206,  366,  397,  271,  379,  474,  470,  424,  354,  333,  369,  386,  187,  332,   27,  512,  629,  505,  199,  101,  285,  338,  309,  459,  462,  382,  471,  202,  468,  250,  381,  543,  437,  497,  565,  402,  247,  511,  490,  538,  474,  425,  548,  485,  240,  144,  234,  490,  224,  631,  501,  485,  408,  388,  305,  345,  191,  361,  116,  444,  493,  465,  354,  460,  386,  387,  508],
        [  795,    0,  718,  400, 1081,  582,  298,  669,  402,  659,  482,   19,  480,  114,  666,  652,  511,  154,  450,  176, 1047,  565,    0,  231,  841,  181,  925,  477,  989,  789,  592,  572,  564,  897, 1042,  460,  652,  381,  878,  513,  826,   62,  547,  211,  857,  809,  223,  297,  714,  796,  834,  948,  585,  529,  654,  848,  769,  785,  982,  532,  111,  674,  880,  466,  665,  828,  347,  913, 1026, 1023,  826,  641,  453,  352,  494,  398,  639,  572,  708,  153,  566,  757,  635,  767,  433,  460, 1003,  624,  834,  116,  726,  444,  369,  436,  158,  258,  249,  163,  644,  742,  698,  370, 1079, 1038,  189,  800,  925,  581,  463,  489,  141,  718,  161,  768,  685,  201,  937,  811,  731,  752,  273,  625,  957,  980,  504,  716,  519,  342,  369,   63],
        [  564,    0,  530,  172,  879,  410,  166,  440,  311,  538,  252,  217,  255,  344,  453,  594,  510,  376,  222,  406,  827,  391,  231,    0,  735,  281,  695,  248,  775,  704,  376,  352,  342,  730,  853,  451,  429,  177,  779,  302,  678,  229,  399,   78,  666,  776,  262,  186,  514,  633,  640,  727,  487,  360,  424,  810,  568,  736,  794,  303,  299,  444,  837,  246,  609,  600,  281,  766,  821,  820,  742,  411,  223,  356,  487,  205,  409,  407,  699,  362,  359,  564,  439,  549,  413,  230,  795,  619,  729,  209,  581,  487,  292,  213,  154,  317,  122,  333,  416,  527,  478,  193,  868,  859,  236,  575,  698,  494,  338,  264,  108,  505,  368,  736,  672,   30,  779,  595,  502,  581,  269,  423,  739,  757,  531,  640,  540,  121,  383,  170],
        [  745,    0, 1052,  662,  546,  372,  886,  667,  442,  198,  717,  844,  762,  917,  916,  231,  412,  883,  651,  960,  674,  387,  841,  735,    0,  691,  762,  654,  586,   87,  854,  824,  581,  264,  440,  427,  838,  584,   51,  536,  172,  786,  345,  681,  385,  263,  629,  563, 1004,  241,  395,  642,  257,  983,  723,  255, 1038,  208,  405,  715,  796,  700,  250,  592,  226,  675,  494,  180,  529,  518,   85,  717,  718,  515,  410,  550,  693,  361,  337,  843,  889,  384,  426,  555,  434,  695,  543,  360,    7,  728,  197,  515,  473,  766,  874,  618,  853,  771,  770,  522,  878,  867,  609,  388,  659,  892,  728,  261,  398,  619,  814,  511,  841,  264,  326,  742,  237,  536,  669,  286,  573,  456,  608,  680,  466,  153,  450,  760,  512,  799],
        [  797,    0,  810,  410, 1003,  493,  416,  665,  274,  524,  510,  193,  524,  229,  730,  486,  334,  195,  455,  270, 1000,  477,  181,  281,  691,    0,  914,  482,  931,  631,  651,  624,  542,  786,  948,  287,  697,  352,  723,  475,  702,  120,  439,  214,  772,  634,   67,  218,  794,  685,  752,  907,  441,  636,  667,  674,  848,  614,  889,  555,  106,  679,  706,  447,  498,  809,  216,  786,  951,  947,  666,  654,  484,  181,  319,  354,  645,  477,  530,  157,  639,  676,  565,  726,  265,  482,  935,  445,  684,   84,  603,  263,  239,  486,  302,   80,  363,   89,  671,  695,  748,  467, 1014,  934,   57,  838,  907,  431,  348,  482,  255,  670,  158,  593,  508,  257,  817,  761,  721,  650,  124,  564,  908,  944,  324,  556,  339,  399,  194,  177],
        [  139,    0,  515,  525,  399,  501,  714,  256,  708,  653,  452,  912,  469, 1038,  406,  834,  911, 1062,  475, 1100,  224,  504,  925,  695,  762,  914,    0,  448,  253,  810,  419,  417,  372,  530,  468,  871,  349,  563,  808,  441,  593,  912,  577,  723,  387,  987,  859,  699,  460,  522,  371,  155,  706,  601,  280,  996,  455,  926,  445,  401,  974,  254, 1001,  468,  844,  109,  747,  630,  352,  361,  834,  292,  480,  855,  890,  561,  288,  524,  997, 1040,  475,  383,  406,  224,  839,  468,  313,  959,  762,  873,  585,  968,  730,  513,  823,  899,  730,  992,  310,  263,  338,  636,  329,  524,  857,  256,   40,  732,  641,  438,  797,  283, 1045,  967,  972,  724,  589,  228,  195,  481,  821,  389,  200,  142,  968,  808,  964,  599,  878,  863],
        [  320,    0,  417,   77,  659,  282,  304,  193,  350,  465,   64,  464,  109,  590,  294,  592,  583,  616,   28,  652,  586,  268,  477,  248,  654,  482,  448,    0,  541,  653,  218,  187,  110,  567,  652,  528,  236,  140,  704,  119,  545,  466,  320,  279,  468,  778,  437,  285,  378,  483,  441,  484,  456,  330,  186,  803,  424,  725,  596,   83,  530,  200,  823,   66,  606,  353,  363,  628,  600,  600,  688,  173,   69,  472,  559,  158,  166,  293,  736,  596,  241,  373,  258,  312,  489,   44,  569,  670,  650,  431,  466,  603,  356,  120,  384,  485,  302,  554,  194,  298,  287,  247,  637,  670,  426,  362,  450,  475,  318,   36,  352,  279,  601,  744,  707,  276,  624,  363,  255,  423,  412,  231,  500,  513,  626,  609,  629,  167,  499,  415],
        [  338,    0,  741,  609,  149,  448,  842,  381,  679,  535,  572,  980,  606, 1099,  615,  717,  837, 1106,  563, 1159,   89,  460,  989,  775,  586,  931,  253,  541,    0,  652,  603,  590,  436,  327,  220,  810,  543,  609,  625,  476,  416,  962,  517,  778,  209,  837,  868,  716,  685,  359,  210,   98,  611,  787,  436,  837,  689,  777,  209,  531, 1012,  401,  836,  529,  724,  243,  731,  426,  100,  109,  667,  442,  596,  827,  819,  593,  426,  468,  875, 1077,  659,  270,  366,  230,  786,  576,   62,  856,  587,  912,  447,  915,  710,  642,  922,  896,  843, 1018,  483,  248,  550,  775,   98,  280,  876,  492,  213,  638,  603,  516,  882,  271, 1080,  826,  854,  800,  375,  180,  327,  344,  819,  369,   56,  117,  898,  671,  890,  707,  844,  928],
        [  780,    0, 1061,  650,  623,  378,  862,  691,  399,  189,  716,  794,  760,  859,  928,  154,  335,  820,  646,  899,  740,  389,  789,  704,   87,  631,  810,  653,  652,    0,  861,  831,  592,  339,  520,  357,  853,  567,   96,  539,  238,  733,  334,  644,  446,  186,  572,  525, 1016,  296,  452,  700,  217,  977,  743,  187, 1053,  128,  481,  720,  736,  723,  192,  588,  146,  717,  447,  263,  602,  592,   38,  735,  714,  452,  336,  533,  712,  362,  251,  779,  892,  428,  446,  595,  369,  691,  613,  275,   81,  675,  227,  438,  428,  759,  836,  556,  824,  708,  786,  559,  895,  851,  682,  471,  604,  919,  778,  213,  368,  620,  775,  545,  777,  181,  240,  708,  318,  583,  700,  330,  518,  476,  669,  739,  386,   76,  369,  742,  445,  752],
        [  284,    0,  201,  259,  743,  484,  323,  231,  564,  672,  160,  575,  130,  699,   81,  808,  797,  744,  234,  760,  618,  473,  592,  376,  854,  651,  419,  218,  603,  861,    0,   32,  273,  725,  767,  741,   73,  347,  904,  323,  727,  602,  532,  437,  602,  993,  618,  482,  161,  657,  574,  520,  672,  186,  169, 1018,  209,  940,  719,  142,  673,  205, 1037,  283,  822,  365,  570,  802,  685,  689,  896,  167,  177,  676,  773,  371,  188,  499,  953,  734,   57,  524,  434,  398,  701,  191,  648,  886,  850,  583,  660,  809,  567,  165,  456,  671,  355,  708,  120,  405,  109,  240,  699,  800,  600,  217,  440,  691,  535,  246,  452,  397,  741,  960,  925,  404,  787,  450,  277,  597,  605,  403,  551,  533,  837,  822,  841,  256,  703,  536],
        [  279,    0,  232,  229,  728,  455,  312,  212,  533,  642,  129,  556,  102,  681,  111,  777,  766,  723,  203,  742,  608,  442,  572,  352,  824,  624,  417,  187,  590,  831,   32,    0,  245,  700,  747,  710,   82,  317,  875,  293,  699,  580,  502,  411,  579,  962,  590,  453,  192,  630,  552,  509,  641,  198,  154,  987,  240,  909,  699,  111,  650,  189, 1006,  252,  791,  356,  540,  776,  669,  672,  866,  149,  148,  646,  742,  340,  168,  469,  922,  712,   73,  499,  406,  379,  670,  160,  633,  855,  821,  559,  631,  779,  536,  140,  440,  643,  339,  684,  109,  384,  127,  229,  686,  779,  573,  230,  435,  660,  504,  215,  432,  375,  718,  929,  893,  380,  762,  432,  263,  570,  576,  375,  539,  525,  806,  791,  810,  233,  673,  515],
        [  262,    0,  471,  174,  550,  215,  413,  132,  355,  404,  158,  553,  202,  677,  336,  555,  580,  695,  128,  738,  486,  206,  564,  342,  581,  542,  372,  110,  436,  592,  273,  245,    0,  466,  543,  531,  262,  191,  632,   75,  456,  546,  273,  357,  361,  735,  488,  328,  425,  389,  333,  385,  416,  421,  162,  756,  462,  679,  488,  139,  604,  155,  773,   99,  568,  269,  385,  535,  491,  491,  626,  151,  174,  496,  556,  189,  131,  232,  709,  671,  312,  269,  163,  207,  494,  150,  461,  652,  578,  503,  387,  618,  372,  224,  487,  530,  409,  621,  197,  190,  306,  356,  531,  563,  485,  351,  367,  439,  302,   81,  449,  170,  675,  705,  682,  369,  526,  256,  181,  329,  452,  133,  397,  417,  630,  559,  630,  275,  521,  502],
        [  546,    0,  909,  604,  285,  321,  853,  505,  512,  282,  622,  894,  667,  994,  771,  437,  592,  979,  575, 1047,  413,  340,  897,  730,  264,  786,  530,  567,  327,  339,  725,  700,  466,    0,  188,  583,  690,  555,  300,  455,  107,  854,  352,  701,  145,  524,  719,  600,  855,  102,  166,  394,  372,  886,  568,  519,  879,  466,  143,  602,  884,  537,  514,  519,  439,  461,  571,  101,  265,  254,  348,  566,  635,  637,  581,  526,  542,  328,  580,  942,  772,  202,  310,  355,  573,  610,  280,  580,  267,  796,  188,  687,  547,  686,  883,  729,  833,  874,  619,  333,  719,  810,  345,  153,  740,  705,  493,  394,  440,  532,  829,  333,  943,  519,  563,  747,   64,  319,  485,  150,  663,  337,  356,  429,  654,  374,  641,  713,  645,  844],
        [  531,    0,  927,  705,  111,  461,  953,  537,  676,  464,  698, 1036,  738, 1144,  794,  624,  777, 1137,  667, 1200,  288,  478, 1042,  853,  440,  948,  468,  652,  220,  520,  767,  747,  543,  188,    0,  765,  717,  676,  468,  556,  294, 1003,  509,  836,  188,  703,  881,  748,  872,  274,  214,  314,  553,  943,  599,  694,  884,  647,   60,  666, 1041,  564,  685,  619,  626,  436,  734,  262,  124,  113,  525,  601,  716,  810,  764,  651,  580,  473,  765, 1102,  819,  289,  414,  370,  751,  692,  159,  767,  444,  948,  369,  869,  710,  766, 1006,  897,  942, 1036,  650,  366,  733,  898,  189,   65,  898,  692,  429,  576,  600,  620,  957,  379, 1104,  701,  749,  874,  205,  318,  496,  298,  826,  432,  270,  337,  839,  561,  827,  813,  820,  984],
        [  785,    0,  932,  485,  843,  374,  616,  661,  179,  302,  581,  469,  615,  513,  820,  205,   60,  467,  509,  547,  892,  368,  460,  451,  427,  287,  871,  528,  810,  357,  741,  710,  531,  583,  765,    0,  763,  394,  452,  456,  484,  400,  299,  375,  616,  350,  238,  273,  900,  492,  605,  816,  212,  794,  689,  389,  949,  328,  710,  610,  390,  685,  421,  468,  216,  763,  176,  556,  801,  794,  389,  677,  565,  109,   37,  371,  660,  351,  254,  426,  750,  541,  468,  652,   40,  551,  795,  170,  421,  347,  397,  106,  176,  593,  545,  208,  567,  355,  714,  615,  814,  636,  875,  736,  273,  877,  852,  191,  232,  509,  486,  591,  424,  308,  229,  442,  598,  670,  700,  478,  196,  483,  803,  857,  100,  281,  101,  536,   94,  437],
        [  216,    0,  219,  293,  686,  476,  392,  186,  584,  665,  190,  636,  175,  761,   81,  812,  818,  802,  257,  822,  552,  466,  652,  429,  838,  697,  349,  236,  543,  853,   73,   82,  262,  690,  717,  763,    0,  374,  889,  324,  701,  658,  532,  485,  560,  995,  660,  516,  167,  629,  533,  456,  674,  253,  123, 1017,  201,  939,  672,  154,  727,  155, 1034,  296,  826,  302,  598,  772,  629,  633,  886,  125,  214,  706,  793,  393,  149,  493,  963,  790,  126,  490,  413,  349,  724,  220,  591,  900,  835,  634,  643,  838,  591,  217,  521,  711,  421,  759,   71,  362,   52,  309,  638,  754,  644,  149,  371,  696,  547,  256,  513,  358,  796,  963,  935,  458,  753,  400,  222,  571,  641,  383,  490,  467,  861,  819,  863,  311,  733,  594],
        [  445,    0,  540,   93,  706,  237,  306,  314,  218,  387,  188,  372,  222,  492,  427,  482,  451,  505,  117,  552,  668,  218,  381,  177,  584,  352,  563,  140,  609,  567,  347,  317,  191,  555,  676,  394,  374,    0,  632,  133,  509,  357,  240,  170,  489,  670,  301,  146,  507,  459,  464,  570,  356,  418,  321,  699,  556,  622,  618,  222,  414,  328,  722,   96,  497,  459,  224,  597,  649,  647,  604,  308,  172,  333,  426,   34,  296,  237,  615,  480,  358,  388,  263,  388,  354,  157,  624,  544,  579,  312,  416,  465,  220,  204,  331,  348,  279,  430,  333,  362,  425,  284,  699,  682,  295,  501,  558,  370,  205,  132,  281,  338,  484,  633,  587,  198,  605,  431,  370,  406,  273,  248,  577,  604,  490,  513,  494,  176,  360,  319],
        [  794,    0, 1102,  710,  575,  422,  932,  717,  482,  245,  766,  881,  812,  951,  966,  249,  430,  913,  701,  991,  712,  436,  878,  779,   51,  723,  808,  704,  625,   96,  904,  875,  632,  300,  468,  452,  889,  632,    0,  586,  216,  822,  393,  723,  427,  243,  663,  605, 1054,  287,  439,  684,  297, 1032,  774,  228, 1088,  195,  437,  765,  829,  750,  218,  641,  242,  723,  532,  207,  563,  552,   73,  768,  768,  545,  431,  598,  744,  411,  332,  873,  939,  432,  476,  603,  463,  744,  580,  367,   55,  764,  247,  534,  512,  815,  916,  649,  898,  801,  820,  570,  928,  915,  642,  412,  693,  941,  773,  298,  442,  669,  856,  560,  871,  251,  325,  785,  264,  582,  718,  334,  608,  507,  649,  722,  481,  172,  464,  807,  540,  838],
        [  336,    0,  524,  151,  577,  165,  401,  207,  280,  350,  181,  504,  227,  624,  394,  489,  506,  636,  122,  685,  535,  151,  513,  302,  536,  475,  441,  119,  476,  539,  323,  293,   75,  455,  556,  456,  324,  133,  586,    0,  428,  489,  210,  303,  369,  673,  419,  259,  481,  367,  343,  438,  351,  449,  234,  696,  522,  618,  499,  182,  544,  230,  714,   65,  503,  335,  311,  512,  520,  518,  574,  223,  186,  422,  482,  122,  204,  177,  641,  610,  354,  270,  147,  256,  420,  161,  494,  581,  532,  443,  348,  544,  297,  236,  453,  459,  387,  557,  265,  229,  371,  356,  568,  568,  419,  423,  432,  373,  229,   84,  409,  206,  614,  641,  613,  326,  511,  298,  253,  309,  381,  124,  444,  472,  556,  499,  556,  260,  446,  452],
        [  585,    0,  919,  571,  390,  274,  813,  522,  430,  184,  606,  825,  651,  917,  781,  330,  489,  896,  549,  967,  504,  292,  826,  678,  172,  702,  593,  545,  416,  238,  727,  699,  456,  107,  294,  484,  701,  509,  216,  428,    0,  778,  282,  639,  213,  423,  636,  531,  868,   75,  224,  470,  274,  873,  582,  422,  897,  364,  248,  594,  803,  555,  421,  490,  333,  510,  489,   89,  366,  356,  252,  577,  613,  545,  479,  476,  553,  273,  474,  859,  768,  222,  294,  393,  476,  588,  376,  473,  173,  720,  101,  585,  465,  663,  827,  640,  787,  789,  631,  362,  736,  779,  446,  256,  659,  738,  558,  293,  364,  510,  771,  356,  859,  416,  457,  691,  116,  368,  514,  131,  579,  324,  436,  508,  550,  268,  537,  677,  550,  775],
        [  786,    0,  742,  390, 1048,  543,  328,  658,  351,  608,  479,   74,  484,  142,  679,  593,  450,  150,  439,  198, 1024,  526,   62,  229,  786,  120,  912,  466,  962,  733,  602,  580,  546,  854, 1003,  400,  658,  357,  822,  489,  778,    0,  503,  190,  821,  749,  164,  256,  733,  752,  799,  926,  531,  557,  648,  788,  788,  725,  944,  529,   72,  666,  820,  447,  606,  812,  294,  865,  993,  990,  768,  636,  451,  291,  434,  370,  631,  531,  647,  133,  581,  722,  602,  744,  374,  455,  972,  563,  780,   60,  678,  383,  317,  441,  197,  197,  276,  117,  644,  717,  706,  392, 1050,  997,  130,  804,  911,  526,  416,  475,  163,  693,  139,  708,  624,  200,  890,  786,  718,  711,  215,  594,  932,  960,  443,  659,  458,  348,  308,   73],
        [  504,    0,  733,  319,  569,   77,  544,  391,  168,  148,  383,  545,  427,  643,  603,  283,  336,  630,  313,  696,  597,   74,  547,  399,  345,  439,  577,  320,  517,  334,  532,  502,  273,  352,  509,  299,  532,  240,  393,  210,  282,  503,    0,  357,  337,  464,  373,  250,  690,  250,  321,  518,  144,  644,  433,  486,  731,  409,  450,  391,  535,  420,  505,  255,  296,  470,  226,  371,  521,  515,  370,  423,  381,  311,  315,  206,  402,   54,  439,  594,  560,  249,  172,  356,  271,  358,  510,  389,  340,  445,  183,  401,  202,  425,  547,  390,  514,  528,  470,  318,  578,  523,  590,  497,  390,  619,  556,  167,   92,  288,  489,  295,  596,  432,  412,  411,  390,  371,  419,  212,  318,  190,  506,  559,  394,  290,  389,  416,  327,  495],
        [  599,    0,  601,  203,  871,  381,  241,  470,  246,  487,  299,  203,  311,  322,  517,  526,  434,  339,  252,  383,  837,  362,  211,   78,  681,  214,  723,  279,  778,  644,  437,  411,  357,  701,  836,  375,  485,  170,  723,  303,  639,  190,  357,    0,  650,  705,  187,  120,  582,  600,  626,  739,  428,  437,  463,  740,  636,  668,  777,  346,  252,  478,  769,  258,  541,  623,  209,  727,  816,  813,  681,  450,  272,  279,  412,  188,  444,  373,  625,  318,  427,  549,  426,  557,  337,  272,  792,  544,  674,  153,  540,  409,  222,  273,  194,  242,  193,  277,  462,  532,  535,  270,  868,  836,  164,  627,  721,  432,  284,  286,  134,  508,  323,  665,  598,   68,  745,  600,  529,  552,  191,  414,  746,  772,  453,  577,  463,  188,  305,  151],
        [  404,    0,  777,  519,  232,  280,  768,  375,  505,  330,  517,  851,  560,  962,  640,  510,  638,  957,  482, 1018,  297,  296,  857,  666,  385,  772,  387,  468,  209,  446,  602,  579,  361,  145,  188,  616,  560,  489,  427,  369,  213,  821,  337,  650,    0,  630,  706,  566,  723,  151,   29,  257,  411,  772,  438,  632,  743,  570,  130,  490,  862,  406,  632,  432,  516,  317,  561,  244,  186,  180,  463,  438,  534,  646,  622,  464,  415,  295,  667,  924,  652,  102,  227,  216,  596,  510,  181,  650,  386,  766,  239,  721,  538,  585,  818,  726,  756,  860,  490,  199,  585,  715,  260,  203,  720,  564,  350,  436,  428,  435,  770,  205,  926,  618,  646,  687,  206,  175,  348,  140,  653,  245,  224,  296,  700,  462,  690,  627,  660,  799],
        [  946,    0, 1194,  760,  807,  524,  940,  846,  467,  341,  839,  818,  881,  858, 1066,  188,  302,  805,  766,  886,  926,  531,  809,  776,  263,  634,  987,  778,  837,  186,  993,  962,  735,  524,  703,  350,  995,  670,  243,  673,  423,  749,  464,  705,  630,    0,  587,  590, 1152,  480,  635,  882,  322, 1087,  893,   41, 1194,   62,  666,  853,  735,  877,   75,  712,  173,  890,  497,  442,  787,  777,  179,  884,  832,  459,  316,  638,  862,  504,  121,  764, 1017,  605,  605,  768,  379,  812,  799,  195,  259,  696,  403,  391,  485,  872,  887,  555,  896,  696,  932,  731, 1040,  945,  867,  650,  623, 1076,  957,  303,  466,  748,  827,  714,  760,   42,  133,  773,  499,  760,  863,  509,  543,  632,  853,  922,  327,  181,  310,  838,  442,  785],
        [  746,    0,  787,  369,  937,  427,  413,  614,  208,  458,  470,  231,  489,  289,  699,  430,  290,  261,  411,  334,  938,  412,  223,  262,  629,   67,  859,  437,  868,  572,  618,  590,  488,  719,  881,  238,  660,  301,  663,  419,  636,  164,  373,  187,  706,  587,    0,  160,  767,  618,  687,  847,  376,  622,  620,  626,  820,  562,  822,  513,  169,  629,  657,  396,  443,  753,  149,  720,  886,  881,  607,  607,  446,  129,  273,  299,  597,  411,  489,  224,  611,  611,  502,  666,  211,  441,  870,  404,  622,  110,  537,  237,  172,  455,  318,   56,  361,  156,  629,  634,  711,  454,  949,  867,   37,  796,  850,  368,  281,  432,  263,  609,  225,  546,  465,  243,  750,  700,  668,  584,   57,  502,  846,  884,  292,  497,  305,  374,  148,  201],
