{
    "name": "random-73-21033",
    "comment": "size=73 seed=21033",
    "nodes": ["+0", "-0", "+1", "-1", "+2", "-2", "+3", "-3", "+4", "-4", "+5", "-5", "+6", "-6", "+7", "-7", "+8", "-8", "+9", "-9", "+10", "-10", "+11", "-11", "+12", "-12", "+13", "-13", "+14", "-14", "+15", "-15", "+16", "-16", "+17", "-17", "+18", "-18", "+19", "-19", "+20", "-20", "+21", "-21", "+22", "-22", "+23", "-23", "+24", "-24", "+25", "-25", "+26", "-26", "+27", "-27", "+28", "-28", "+29", "-29", "+30", "-30", "+31", "-31", "+32", "-32", "+33", "-33", "+34", "-34", "+35", "-35", "+36", "-36", "+37", "-37", "+38", "-38", "+39", "-39", "+40", "-40", "+41", "-41", "+42", "-42", "+43", "-43", "+44", "-44", "+45", "-45", "+46", "-46", "+47", "-47", "+48", "-48", "+49", "-49", "+50", "-50", "+51", "-51", "+52", "-52", "+53", "-53", "+54", "-54", "+55", "-55", "+56", "-56", "+57", "-57", "+58", "-58", "+59", "-59", "+60", "-60", "+61", "-61", "+62", "-62", "+63", "-63", "+64", "-64", "+65", "-65", "+66", "-66", "+67", "-67", "+68", "-68", "+69", "-69", "+70", "-70", "+71", "-71", "+72", "-72", "+73", "-73"],
    "precedence": {
        "+0": "-0",
        "+1": "-1",
        "+2": "-2",
        "+3": "-3",
        "+4": "-4",
        "+5": "-5",
        "+6": "-6",
        "+7": "-7",
        "+8": "-8",
        "+9": "-9",
        "+10": "-10",
        "+11": "-11",
        "+12": "-12",
        "+13": "-13",
        "+14": "-14",
        "+15": "-15",
        "+16": "-16",
        "+17": "-17",
        "+18": "-18",
        "+19": "-19",
        "+20": "-20",
        "+21": "-21",
        "+22": "-22",
        "+23": "-23",
        "+24": "-24",
        "+25": "-25",
        "+26": "-26",
        "+27": "-27",
        "+28": "-28",
        "+29": "-29",
        "+30": "-30",
        "+31": "-31",
        "+32": "-32",
        "+33": "-33",
        "+34": "-34",
        "+35": "-35",
        "+36": "-36",
        "+37": "-37",
        "+38": "-38",
        "+39": "-39",
        "+40": "-40",
        "+41": "-41",
        "+42": "-42",
        "+43": "-43",
        "+44": "-44",
        "+45": "-45",
        "+46": "-46",
        "+47": "-47",
        "+48": "-48",
        "+49": "-49",
        "+50": "-50",
        "+51": "-51",
        "+52": "-52",
        "+53": "-53",
        "+54": "-54",
        "+55": "-55",
        "+56": "-56",
        "+57": "-57",
        "+58": "-58",
        "+59": "-59",
        "+60": "-60",
        "+61": "-61",
        "+62": "-62",
        "+63": "-63",
        "+64": "-64",
        "+65": "-65",
        "+66": "-66",
        "+67": "-67",
        "+68": "-68",
        "+69": "-69",
        "+70": "-70",
        "+71": "-71",
        "+72": "-72",
        "+73": "-73"
    },
    "edges": [
        [    0,    0,  581,  757,  608,  188,  599,  377,  296,  555,  423,  850,  225,  500,  600,  428,  540,  248,  355,  597,  327,  481,  587,  503,  420,  396,  426,  399,  621,  527,  278,  346,  298,  513,  519,  502,  585,  354,  395,  295,  248,  484,  450,  564,  656,  617,  174,  320,  608,  222,  210,  589,  348,  590,  160,  594,  435,  571,  185,  470,  416,  398,  306,  635,  820,  529,   93,  209,  395,  145,  352,  319,  216,  254,  307,  649,  143,  678,  605,  363,  301,  653,  448,  355,  604,  375,  567,  502,  529,  458,  366,  354,  289,  199,  446,  403,  662,  387,  601,  538,  495,  550,  427,   73,  631,  601,  423,  318,  602,  521,  446,  195,  601,  618,  324,  329,  227,  101,  377,  501,  574,  376,  211,  406,  375,  582,  670,  674,  352,  273,  627,  586,  644,  500,  288,  354,  528,  103,  748,   85,  537,  443,   59,  477,  405,  513,  496,  632],
        [    0,    0,    0,    0,    0,    0,    0,    0,    0,    0,    0,    0,    0,    0,    0,    0,    0,    0,    0,    0,    0,    0,    0,    0,    0,    0,    0,    0,    0,    0,    0,    0,    0,    0,    0,    0,    0,    0,    0,    0,    0,    0,    0,    0,    0,    0,    0,    0,    0,    0,    0,    0,    0,    0,    0,    0,    0,    0,    0,    0,    0,    0,    0,    0,    0,    0,    0,    0,    0,    0,    0,    0,    0,    0,    0,    0,    0,    0,    0,    0,    0,    0,    0,    0,    0,    0,    0,    0,    0,    0,    0,    0,    0,    0,    0,    0,    0,    0,    0,    0,    0,    0,    0,    0,    0,    0,    0,    0,    0,    0,    0,    0,    0,    0,    0,    0,    0,    0,    0,    0,    0,    0,    0,    0,    0,    0,    0,    0,    0,    0,    0,    0,    0,    0,    0,    0,    0,    0,    0,    0,    0,    0,    0,    0,    0,    0,    0,    0],
        [  581,    0,    0,  434,  883,  767,  769,  334,  768,  459,  367,  506,  791, 1016,  518,  764,  593,  828,  371,   17,  789,  233,  442,  114,  909,  826,  746,  306, 1029,  932,  325,  313,  838, 1030,  303,  359,  946,  749,  286,  655,  826,  500,  143,  786,  547,  526,  498,  266,  328,  792,  735,  934,  816,  106,  735,  462,  982,   82,  713,  382,  914,  888,  545,  194,  464,  752,  489,  566,  410,  641,  650,  446,  719,  725,  715,  241,  534,  230,  478,  943,  868,  432,  238,  675,  806,  391,  111,  421,  870,  126,  625,  908,  370,  743,  388,  712, 1022,  218,  974,  270,  474,  990,  963,  608,  950,  427,  298,  725,  710,  932,  171,  766,  157,  171,  843,  613,  402,  482,  690,  375,   19,  261,  783,  289,  436,  138,  472,  436,  740,  384,  177,  207,  117,  400,  827,  648,  891,  532,  399,  513,   80,  305,  537,  829,  760,  895,  289,  150],
        [  757,    0,  434,    0,  707,  906,  556,  381, 1030,  249,  337,   93,  980, 1256,  257,  677,  388,  972,  733,  439, 1058,  304,  867,  523, 1167, 1115,  655,  362,  920,  843,  624,  418,  895, 1269,  242,  258,  818, 1049,  372,  642,  953,  897,  420,  604,  235,  249,  773,  556,  761,  899,  806,  795, 1083,  328,  912,  212, 1190,  357,  795,  786, 1166, 1145,  876,  624,   66,  586,  685,  852,  788,  730,  979,  792,  959,  756, 1005,  672,  637,  211,  214, 1083, 1052,  127,  335,  621,  601,  388,  330,  831,  748,  483,  558, 1110,  696,  830,  320,  629,  874,  429,  848,  696,  318,  915, 1184,  740,  788,  854,  688,  709,  477,  847,  389,  883,  279,  602,  878,  572,  692,  686, 1018,  262,  452,  620,  962,  671,  805,  301,  141,  104, 1042,  485,  258,  640,  329,  810, 1044,  591,  779,  663,   40,  730,  503,  318,  743,  728,  689,  796,  267,  286],
        [  608,    0,  883,  707,    0,  595,  154,  551,  867,  479,  517,  763,  713,  980,  452,  180,  325,  633,  890,  898,  898,  655, 1123,  881,  949,  970,  182,  578,  234,  201,  760,  583,  458,  988,  607,  547,  133,  948,  599,  316,  596, 1057,  753,  105,  475,  459,  763,  742, 1091,  542,  451,  106,  910,  814,  661,  504,  878,  818,  466, 1003,  938,  932,  905, 1039,  763,  133,  627,  814,  946,  468,  959,  889,  789,  377,  903, 1075,  493,  801,  498,  692,  745,  588,  645,  260,  109,  494,  794, 1046,  107,  814,  279,  812,  818,  483,  501,  210,  170,  686,  160, 1009,  430,  268,  894,  536,   83, 1129,  919,  297,  234,  211,  716,  550,  783, 1015,  414,  307,  763,  637,  983,  532,  890,  842,  688,  897,  938,  783,  566,  606,  948,  540,  791, 1013,  860, 1036,  798,  272,  135,  532,  729,  664,  894,  581,  651,  146,  205,  164,  609,  818],
        [  188,    0,  767,  906,  595,    0,  633,  535,  285,  682,  570,  996,  119,  396,  716,  424,  628,   66,  524,  783,  313,  650,  743,  690,  354,  383,  432,  561,  537,  459,  464,  513,  167,  406,  676,  649,  533,  379,  561,  327,   61,  624,  634,  584,  770,  732,  332,  507,  781,   64,  147,  545,  320,  771,   80,  722,  305,  753,  139,  633,  343,  337,  429,  819,  971,  555,  280,  327,  554,  182,  432,  474,  217,  224,  342,  831,  271,  850,  731,  181,  161,  792,  618,  384,  625,  518,  748,  659,  498,  645,  423,  229,  465,  113,  587,  421,  600,  567,  539,  716,  614,  457,  312,  171,  593,  761,  599,  307,  659,  450,  626,   47,  778,  803,  210,  390,  406,  288,  441,  645,  761,  560,   94,  585,  529,  760,  803,  814,  382,  433,  802,  769,  826,  661,  203,  398,  484,  251,  902,  266,  724,  602,  239,  451,  397,  462,  656,  810],
        [  599,    0,  769,  556,  154,  633,    0,  449,  882,  338,  404,  610,  747, 1029,  304,  221,  184,  683,  831,  783,  914,  537, 1055,  782,  981,  985,  207,  472,  382,  329,  695,  489,  525, 1038,  479,  418,  279,  951,  494,  313,  648, 1006,  649,   65,  323,  309,  732,  665, 1007,  590,  488,  253,  929,  690,  686,  359,  933,  698,  495,  938,  973,  963,  875,  937,  611,   80,  595,  794,  890,  475,  944,  842,  801,  411,  905,  977,  465,  664,  351,  761,  792,  440,  532,  252,   46,  393,  672,  983,  225,  715,  234,  860,  761,  522,  382,  213,  323,  588,  308,  925,  299,  403,  944,  534,  236, 1057,  846,  329,   81,  337,  609,  591,  655,  913,  487,  271,  714,  604,  972,  402,  778,  766,  722,  824,  887,  658,  416,  458,  950,  464,  660,  918,  733,  970,  831,  246,  259,  507,  580,  639,  791,  465,  631,  233,  247,  284,  485,  689],
        [  377,    0,  334,  381,  551,  535,  449,    0,  653,  214,   64,  474,  601,  875,  274,  432,  290,  601,  423,  350,  682,  128,  624,  333,  788,  741,  413,   32,  697,  602,  290,   51,  555,  888,  142,  130,  613,  679,   49,  334,  586,  603,  202,  457,  325,  289,  406,  238,  562,  537,  455,  600,  706,  282,  533,  244,  811,  278,  439,  514,  786,  766,  528,  490,  443,  422,  306,  484,  484,  368,  623,  460,  580,  424,  634,  529,  266,  325,  259,  715,  674,  284,  104,  345,  482,   58,  259,  561,  536,  267,  292,  731,  365,  474,   95,  379,  688,  140,  640,  481,  183,  663,  804,  365,  617,  622,  415,  406,  402,  603,  166,  517,  268,  466,  549,  283,  341,  307,  661,  135,  340,  334,  584,  394,  491,  258,  308,  303,  673,  105,  287,  470,  335,  545,  664,  316,  558,  287,  372,  352,  344,   67,  363,  496,  430,  563,  121,  304],
        [  296,    0,  768, 1030,  867,  285,  882,  653,    0,  845,  706, 1123,  176,  249,  893,  690,  835,  279,  425,  781,   32,  736,  581,  665,  142,  104,  693,  669,  821,  742,  446,  613,  450,  263,  788,  782,  815,  102,  659,  570,  313,  441,  666,  840,  949,  910,  273,  513,  661,  347,  419,  826,   54,  810,  210,  883,  239,  784,  402,  500,  146,  120,  260,  750, 1090,  808,  348,  204,  423,  408,  199,  350,   82,  491,   84,  745,  438,  919,  895,  325,  205,  935,  703,  631,  882,  660,  790,  507,  774,  645,  654,  192,  401,  389,  732,  675,  883,  621,  823,  619,  788,  741,  210,  350,  873,  604,  513,  572,  893,  733,  676,  330,  833,  741,  494,  617,  369,  346,  187,  784,  756,  514,  197,  508,  391,  811,  956,  955,  109,  551,  861,  693,  858,  517,  118,  636,  764,  398, 1016,  301,  703,  714,  291,  726,  664,  743,  764,  859],
        [  555,    0,  459,  249,  479,  682,  338,  214,  845,    0,  151,  328,  768, 1053,   64,  429,  155,  746,  634,  472,  876,  233,  822,  501,  974,  939,  407,  216,  679,  598,  503,  263,  653, 1065,  157,  106,  579,  882,  237,  397,  723,  813,  367,  374,  112,   77,  614,  446,  745,  667,  569,  558,  898,  367,  699,   41,  978,  382,  561,  718,  971,  953,  740,  644,  313,  350,  500,  691,  695,  501,  833,  674,  768,  514,  836,  689,  420,  327,   50,  853,  835,  123,  244,  373,  381,  187,  353,  765,  506,  440,  310,  897,  578,  596,  121,  381,  641,  331,  609,  667,   71,  669,  975,  523,  557,  817,  618,  461,  266,  602,  326,  653,  327,  620,  633,  326,  554,  504,  870,   91,  472,  538,  748,  597,  703,  334,  123,  146,  877,  299,  327,  638,  403,  748,  840,  343,  536,  455,  262,  548,  499,  183,  555,  483,  440,  552,  173,  357],
        [  423,    0,  367,  337,  517,  570,  404,   64,  706,  151,    0,  428,  644,  923,  211,  415,  236,  636,  486,  382,  735,  139,  683,  382,  839,  796,  394,   73,  680,  588,  353,  114,  572,  936,  115,   80,  590,  737,   96,  335,  618,  665,  247,  419,  262,  226,  465,  300,  617,  566,  477,  575,  759,  299,  576,  183,  855,  301,  464,  575,  837,  817,  590,  535,  401,  386,  359,  543,  547,  396,  684,  524,  631,  437,  691,  576,  300,  316,  197,  748,  715,  230,  129,  335,  439,   52,  278,  622,  514,  316,  276,  774,  429,  499,   32,  361,  662,  194,  619,  536,  123,  652,  849,  403,  587,  681,  476,  407,  350,  589,  207,  548,  275,  511,  562,  274,  403,  361,  721,   79,  375,  395,  626,  454,  554,  270,  251,  251,  731,  155,  288,  519,  348,  606,  711,  304,  538,  327,  333,  406,  388,   64,  415,  477,  417,  546,  104,  311],
        [  850,    0,  506,   93,  763,  996,  610,  474, 1123,  328,  428,    0, 1071, 1348,  323,  749,  453, 1061,  820,  508, 1151,  395,  944,  602, 1260, 1207,  727,  455,  983,  911,  715,  511,  980, 1361,  335,  349,  880, 1141,  465,  724, 1042,  982,  506,  663,  289,  312,  865,  646,  834,  988,  892,  856, 1176,  403, 1003,  289, 1282,  433,  883,  869, 1259, 1238,  967,  691,   43,  648,  778,  944,  874,  818, 1070,  881, 1052,  841, 1098,  739,  727,  277,  287, 1172, 1143,  208,  427,  700,  655,  479,  408,  913,  813,  567,  637, 1202,  786,  918,  409,  704,  932,  519,  910,  773,  399,  984, 1276,  830,  845,  931,  772,  789,  530,  916,  477,  972,  355,  671,  961,  654,  784,  779, 1109,  352,  524,  707, 1054,  756,  893,  379,  209,  185, 1134,  578,  331,  711,  395,  892, 1137,  670,  845,  755,  114,  823,  579,  410,  836,  797,  763,  864,  360,  356],
        [  225,    0,  791,  980,  713,  119,  747,  601,  176,  768,  644, 1071,    0,  289,  807,  541,  729,  103,  500,  805,  201,  706,  698,  701,  236,  269,  547,  623,  649,  574,  470,  571,  278,  300,  742,  723,  650,  276,  620,  437,  138,  568,  667,  699,  863,  824,  311,  525,  754,  177,  264,  663,  205,  810,   69,  808,  211,  789,  253,  598,  227,  219,  371,  815, 1043,  670,  311,  278,  518,  281,  349,  437,  126,  340,  245,  820,  348,  902,  818,  175,   78,  871,  672,  496,  741,  594,  787,  617,  616,  665,  530,  131,  453,  231,  665,  535,  715,  608,  655,  698,  703,  568,  209,  245,  711,  718,  583,  423,  769,  565,  666,  165,  823,  801,  323,  495,  401,  315,  350,  721,  782,  559,   26,  572,  488,  803,  886,  893,  281,  496,  849,  761,  863,  622,   85,  507,  602,  317,  972,  279,  737,  667,  256,  569,  514,  579,  720,  854],
        [  500,    0, 1016, 1256,  980,  396, 1029,  875,  249, 1053,  923, 1348,  289,    0, 1094,  816, 1017,  348,  672, 1028,  232,  970,  806,  913,  114,  224,  825,  895,  876,  818,  692,  840,  524,   14, 1015, 1001,  898,  299,  888,  723,  384,  664,  909,  977, 1150, 1111,  519,  757,  898,  441,  541,  916,  206, 1054,  357, 1092,  107, 1029,  535,  737,  104,  132,  500,  996, 1318,  950,  572,  452,  664,  570,  417,  595,  302,  618,  315,  988,  633, 1158, 1103,  303,  237, 1152,  936,  780, 1019,  874, 1033,  738,  877,  891,  818,  169,  649,  508,  946,  816,  954,  860,  898,  862,  990,  794,   86,  532,  966,  831,  759,  701, 1055,  807,  917,  439, 1075,  988,  569,  783,  615,  573,  390, 1001, 1004,  762,  312,  755,  631, 1053, 1169, 1174,  309,  771, 1102,  939, 1103,  751,  214,  793,  858,  599, 1245,  531,  951,  939,  514,  835,  788,  832,  992, 1102],
        [  600,    0,  518,  257,  452,  716,  304,  274,  893,   64,  211,  323,  807, 1094,    0,  427,  132,  778,  696,  530,  924,  295,  885,  564, 1019,  989,  405,  278,  664,  589,  563,  324,  673, 1106,  217,  169,  562,  934,  299,  415,  753,  875,  430,  349,   57,   17,  669,  509,  808,  696,  595,  539,  946,  424,  739,   60, 1016,  440,  589,  781, 1016,  998,  798,  705,  316,  330,  551,  745,  757,  534,  889,  734,  815,  534,  888,  750,  462,  370,   49,  882,  872,  137,  307,  382,  349,  242,  410,  829,  492,  503,  321,  936,  639,  624,  180,  382,  618,  394,  592,  730,  106,  662, 1015,  563,  533,  880,  681,  475,  226,  594,  389,  684,  380,  681,  649,  344,  612,  555,  925,  155,  531,  601,  786,  660,  764,  390,  117,  155,  929,  354,  378,  700,  456,  811,  882,  354,  524,  498,  278,  599,  561,  246,  604,  474,  441,  542,  235,  409],
        [  428,    0,  764,  677,  180,  424,  221,  432,  690,  429,  415,  749,  541,  816,  427,    0,  299,  468,  724,  780,  721,  551,  960,  745,  777,  793,   23,  462,  266,  174,  598,  453,  305,  824,  522,  466,  185,  769,  479,  140,  432,  886,  626,  164,  468,  439,  587,  590,  939,  375,  278,  178,  733,  711,  485,  465,  717,  709,  290,  839,  767,  759,  728,  902,  739,  143,  452,  635,  778,  288,  780,  717,  611,  201,  724,  934,  319,  724,  464,  541,  579,  551,  534,   93,  205,  378,  688,  881,  112,  679,  140,  647,  651,  311,  408,   54,  264,  554,  211,  858,  365,  242,  730,  357,  210,  967,  760,  119,  271,  176,  594,  379,  689,  879,  266,  154,  594,  463,  803,  453,  768,  687,  516,  739,  767,  684,  541,  573,  768,  395,  702,  871,  761,  872,  626,  118,  128,  357,  691,  488,  763,  477,  473,   65,   28,  132,  516,  725],
        [  540,    0,  593,  388,  325,  628,  184,  290,  835,  155,  236,  453,  729, 1017,  132,  299,    0,  687,  702,  607,  866,  360,  913,  616,  952,  935,  278,  307,  533,  458,  565,  337,  564, 1028,  297,  237,  431,  888,  331,  309,  659,  881,  481,  221,  169,  142,  639,  523,  852,  600,  496,  409,  886,  510,  662,  180,  932,  520,  494,  800,  946,  932,  777,  768,  447,  199,  508,  710,  763,  448,  859,  727,  755,  428,  841,  810,  397,  480,  175,  784,  787,  265,  360,  267,  227,  239,  492,  847,  361,  552,  211,  853,  637,  527,  209,  258,  489,  428,  461,  770,  119,  531,  935,  490,  404,  911,  704,  360,  117,  463,  441,  592,  473,  744,  536,  240,  599,  515,  892,  221,  603,  622,  706,  681,  765,  477,  248,  285,  885,  335,  477,  754,  550,  832,  808,  242,  393,  438,  407,  556,  621,  293,  556,  344,  316,  411,  305,  506],
        [  248,    0,  828,  972,  633,   66,  683,  601,  279,  746,  636, 1061,  103,  348,  778,  468,  687,    0,  571,  844,  303,  716,  782,  748,  321,  369,  478,  627,  552,  482,  520,  579,  183,  357,  742,  714,  560,  379,  627,  383,   39,  657,  697,  630,  833,  795,  377,  566,  827,   93,  196,  575,  305,  835,  108,  786,  251,  817,  194,  676,  309,  308,  460,  873, 1036,  604,  340,  361,  596,  246,  448,  514,  225,  272,  347,  883,  337,  916,  795,  116,  112,  857,  683,  437,  672,  584,  811,  699,  532,  705,  480,  179,  515,  163,  653,  471,  622,  631,  563,  765,  678,  470,  263,  236,  624,  800,  649,  355,  713,  472,  690,   96,  842,  858,  229,  448,  458,  347,  451,  710,  821,  614,   85,  635,  568,  824,  867,  879,  384,  499,  867,  821,  889,  702,  177,  453,  515,  316,  968,  322,  782,  667,  296,  488,  441,  491,  721,  875],
        [  355,    0,  371,  733,  890,  524,  831,  423,  425,  634,  486,  820,  500,  672,  696,  724,  702,  571,    0,  380,  440,  435,  238,  258,  560,  466,  714,  419,  955,  857,  137,  373,  653,  686,  512,  537,  901,  387,  398,  585,  583,  181,  315,  818,  744,  710,  194,  188,  257,  572,  562,  899,  467,  441,  464,  659,  658,  411,  537,  118,  568,  540,  178,  325,  781,  780,  285,  229,   62,  481,  281,   79,  397,  592,  359,  323,  408,  567,  675,  672,  572,  676,  409,  634,  852,  465,  426,  158,  834,  263,  614,  594,   73,  553,  517,  682,  981,  312,  922,  199,  605,  891,  632,  417,  933,  249,   88,  635,  802,  852,  344,  543,  478,  316,  677,  583,  134,  274,  321,  547,  355,  116,  502,   86,   73,  453,  709,  690,  378,  370,  506,  269,  478,  150,  509,  618,  842,  377,  707,  271,  295,  455,  296,  784,  707,  834,  487,  493],
        [  597,    0,   17,  439,  898,  783,  783,  350,  781,  472,  382,  508,  805, 1028,  530,  780,  607,  844,  380,    0,  801,  247,  443,  122,  921,  837,  762,  322, 1045,  949,  339,  329,  854, 1042,  315,  372,  962,  760,  302,  672,  842,  505,  160,  801,  557,  537,  512,  280,  326,  808,  751,  950,  828,  114,  750,  474,  996,   92,  730,  387,  927,  900,  555,  186,  466,  767,  504,  578,  418,  657,  660,  456,  733,  742,  727,  234,  550,  232,  489,  958,  883,  441,  254,  692,  820,  406,  121,  425,  886,  141,  641,  922,  382,  760,  402,  728, 1037,  235,  990,  271,  488, 1006,  976,  624,  966,  426,  305,  742,  723,  948,  187,  782,  164,  164,  860,  629,  415,  497,  700,  388,   26,  271,  798,  297,  445,  146,  482,  444,  751,  400,  181,  204,  116,  403,  840,  664,  907,  548,  403,  527,   86,  319,  552,  845,  777,  911,  303,  154],
        [  327,    0,  789, 1058,  898,  313,  914,  682,   32,  876,  735, 1151,  201,  232,  924,  721,  866,  303,  440,  801,    0,  763,  584,  684,  121,   72,  724,  697,  849,  771,  468,  641,  477,  246,  817,  811,  844,   88,  687,  602,  338,  444,  690,  872,  980,  941,  297,  536,  670,  375,  449,  856,   27,  833,  239,  913,  236,  807,  433,  509,  128,  101,  269,  764, 1118,  840,  377,  224,  434,  440,  197,  363,  113,  522,   86,  758,  470,  944,  925,  341,  221,  964,  730,  663,  913,  690,  813,  513,  805,  666,  686,  199,  420,  419,  761,  707,  912,  647,  852,  631,  818,  768,  204,  382,  903,  609,  527,  603,  924,  762,  701,  358,  858,  756,  522,  649,  391,  375,  180,  813,  776,  532,  224,  524,  401,  835,  986,  984,   96,  581,  886,  707,  881,  524,  135,  668,  794,  429, 1044,  330,  722,  742,  321,  756,  695,  772,  792,  883],
        [  481,    0,  233,  304,  655,  650,  537,  128,  736,  233,  139,  395,  706,  970,  295,  551,  360,  716,  435,  247,  763,    0,  599,  269,  875,  816,  531,   97,  817,  723,  321,  138,  680,  983,   82,  129,  728,  748,   90,  460,  704,  607,  137,  556,  332,  305,  472,  253,  514,  658,  579,  713,  788,  160,  640,  245,  913,  163,  563,  503,  876,  853,  573,  412,  359,  524,  399,  551,  493,  490,  676,  490,  669,  551,  706,  456,  385,  201,  261,  831,  781,  243,   34,  468,  574,  174,  139,  550,  652,  211,  411,  834,  394,  597,  156,  498,  801,  126,  757,  438,  241,  786,  902,  480,  725,  592,  402,  532,  477,  724,   98,  636,  141,  388,  675,  406,  390,  397,  715,  144,  243,  327,  691,  383,  508,  133,  279,  255,  741,  218,  160,  405,  211,  531,  762,  438,  675,  400,  284,  440,  267,   76,  456,  614,  551,  682,   61,  178],
        [  587,    0,  442,  867, 1123,  743, 1055,  624,  581,  822,  683,  944,  698,  806,  885,  960,  913,  782,  238,  443,  584,  599,    0,  344,  694,  583,  949,  612, 1192, 1094,  364,  576,  883,  819,  680,  718, 1139,  508,  589,  822,  800,  143,  462, 1047,  928,  897,  416,  392,  133,  796,  795, 1136,  608,  542,  675,  840,  819,  512,  770,  121,  706,  678,  329,  288,  903, 1009,  522,  422,  192,  718,  390,  271,  579,  829,  500,  252,  646,  670,  857,  872,  761,  838,  581,  869, 1079,  674,  537,   85, 1071,  391,  846,  769,  311,  785,  713,  917, 1218,  492, 1160,  173,  806, 1129,  788,  652, 1169,   27,  210,  872, 1019, 1090,  502,  768,  590,  298,  910,  816,  371,  511,  417,  731,  423,  291,  705,  232,  215,  567,  876,  848,  498,  592,  614,  245,  558,   89,  686,  852, 1079,  615,  834,  504,  366,  640,  528, 1020,  944, 1071,  657,  591],
        [  503,    0,  114,  523,  881,  690,  782,  333,  665,  501,  382,  602,  701,  913,  564,  745,  616,  748,  258,  122,  684,  269,  344,    0,  804,  718,  728,  311, 1004,  906,  231,  298,  777,  927,  349,  396,  929,  640,  288,  623,  750,  389,  136,  789,  600,  574,  399,  185,  247,  721,  675,  920,  711,  201,  649,  513,  885,  170,  652,  272,  810,  784,  434,  159,  560,  754,  411,  462,  297,  582,  538,  335,  620,  677,  608,  196,  480,  331,  529,  860,  778,  500,  259,  653,  814,  390,  194,  314,  854,   67,  610,  813,  264,  679,  408,  694, 1007,  196,  955,  175,  500,  957,  864,  539,  941,  333,  185,  689,  731,  904,  177,  694,  247,  136,  788,  591,  303,  403,  578,  411,   97,  152,  695,  176,  323,  223,  538,  507,  631,  351,  272,  138,  227,  292,  730,  628,  871,  469,  491,  427,   39,  326,  453,  809,  737,  872,  329,  252],
        [  420,    0,  909, 1167,  949,  354,  981,  788,  142,  974,  839, 1260,  236,  114, 1019,  777,  952,  321,  560,  921,  121,  875,  694,  804,    0,  114,  783,  805,  870,  802,  587,  750,  504,  127,  925,  916,  880,  187,  797,  670,  359,  552,  807,  934, 1075, 1036,  414,  654,  785,  409,  500,  895,   94,  951,  296, 1013,  151,  926,  488,  624,   17,   22,  387,  884, 1228,  905,  482,  344,  551,  511,  305,  483,  208,  576,  202,  876,  559, 1060, 1024,  316,  214, 1068,  842,  730,  976,  792,  931,  625,  849,  786,  760,  159,  541,  466,  863,  770,  942,  762,  883,  749,  914,  788,  114,  463,  944,  719,  647,  659, 1000,  792,  817,  399,  975,  876,  549,  724,  510,  482,  278,  917,  896,  653,  261,  644,  518,  952, 1088, 1089,  197,  685, 1002,  827,  999,  638,  151,  739,  835,  522, 1154,  438,  842,  850,  425,  804,  750,  811,  901, 1000],
        [  396,    0,  826, 1115,  970,  383,  985,  741,  104,  939,  796, 1207,  269,  224,  989,  793,  935,  369,  466,  837,   72,  816,  583,  718,  114,    0,  796,  755,  918,  841,  512,  699,  547,  237,  873,  871,  915,   80,  744,  673,  406,  441,  735,  944, 1044, 1005,  345,  581,  679,  445,  521,  927,   65,  877,  311,  976,  259,  850,  505,  520,  129,  104,  289,  786, 1173,  911,  439,  268,  450,  511,  197,  388,  184,  594,  113,  775,  538,  992,  988,  395,  279, 1024,  783,  734,  985,  753,  858,  517,  876,  706,  756,  243,  457,  490,  823,  779,  983,  697,  922,  649,  883,  837,  223,  452,  974,  608,  552,  675,  995,  832,  749,  429,  905,  780,  591,  719,  435,  436,  167,  874,  812,  567,  293,  551,  418,  881, 1047, 1044,   90,  642,  933,  728,  923,  531,  195,  739,  865,  497, 1098,  391,  756,  800,  385,  828,  767,  844,  848,  928],
        [  426,    0,  746,  655,  182,  432,  207,  413,  693,  407,  394,  727,  547,  825,  405,   23,  278,  478,  714,  762,  724,  531,  949,  728,  783,  796,    0,  443,  286,  195,  587,  436,  319,  834,  500,  445,  202,  770,  461,  134,  443,  878,  608,  153,  446,  417,  581,  576,  926,  385,  285,  192,  737,  691,  490,  443,  728,  690,  296,  829,  774,  766,  723,  887,  717,  128,  446,  632,  769,  289,  778,  709,  614,  208,  725,  919,  312,  703,  442,  554,  588,  529,  514,   81,  194,  359,  669,  871,  127,  663,  121,  656,  641,  319,  387,   35,  279,  537,  228,  844,  343,  264,  740,  356,  220,  956,  748,  125,  253,  198,  576,  387,  669,  863,  281,  138,  585,  456,  802,  432,  750,  674,  523,  727,  759,  664,  519,  551,  770,  379,  681,  856,  741,  861,  632,  101,  145,  351,  669,  483,  747,  457,  469,   84,   42,  152,  496,  705],
        [  399,    0,  306,  362,  578,  561,  472,   32,  669,  216,   73,  455,  623,  895,  278,  462,  307,  627,  419,  322,  697,   97,  612,  311,  805,  755,  443,    0,  728,  633,  289,   57,  584,  908,  121,  122,  642,  691,   24,  365,  613,  598,  178,  483,  326,  292,  416,  232,  545,  565,  485,  629,  722,  251,  557,  242,  833,  248,  468,  505,  805,  783,  533,  466,  423,  448,  324,  495,  480,  397,  630,  461,  598,  455,  647,  506,  293,  295,  257,  741,  698,  272,   73,  376,  505,   85,  228,  552,  566,  245,  322,  753,  365,  503,  102,  409,  717,  122,  670,  464,  195,  694,  825,  391,  645,  609,  405,  437,  421,  633,  139,  545,  237,  442,  579,  313,  346,  324,  669,  130,  312,  324,  608,  384,  488,  227,  300,  291,  685,  129,  256,  448,  304,  535,  684,  347,  588,  311,  350,  368,  320,   45,  382,  526,  460,  593,   97,  273],
        [  621,    0, 1029,  920,  234,  537,  382,  697,  821,  679,  680,  983,  649,  876,  664,  266,  533,  552,  955, 1045,  849,  817, 1192, 1004,  870,  918,  286,  728,    0,  100,  840,  717,  372,  881,  784,  728,  104,  915,  745,  382,  514, 1102,  890,  323,  695,  673,  793,  841, 1185,  474,  419,  130,  854,  976,  615,  710,  770,  975,  441, 1072,  857,  858,  925, 1161,  979,  335,  671,  825, 1004,  479,  955,  934,  752,  367,  876, 1191,  549,  986,  707,  574,  657,  796,  799,  354,  340,  644,  954, 1110,  173,  940,  406,  718,  882,  442,  671,  320,   93,  816,   76, 1106,  619,   83,  794,  549,  160, 1203, 1002,  322,  460,  103,  859,  493,  954, 1139,  328,  417,  822,  682,  970,  714, 1032,  933,  626,  981,  988,  949,  780,  817,  918,  654,  966, 1126, 1027, 1104,  728,  382,  144,  578,  938,  696, 1025,  742,  675,  203,  269,  135,  781,  990],
        [  527,    0,  932,  843,  201,  459,  329,  602,  742,  598,  588,  911,  574,  818,  589,  174,  458,  482,  857,  949,  771,  723, 1094,  906,  802,  841,  195,  633,  100,    0,  741,  620,  299,  824,  695,  639,   83,  833,  649,  283,  444, 1006,  792,  266,  625,  599,  698,  742, 1086,  398,  330,  105,  778,  882,  534,  631,  713,  880,  352,  974,  790,  788,  833, 1062,  904,  268,  574,  733,  907,  384,  867,  838,  670,  273,  792, 1092,  450,  897,  629,  519,  591,  717,  705,  258,  293,  550,  860, 1012,  105,  842,  312,  655,  784,  357,  581,  227,  142,  719,   82, 1007,  535,   75,  734,  455,  154, 1104,  903,  223,  400,   11,  762,  413,  862, 1040,  253,  320,  724,  585,  884,  626,  935,  834,  550,  882,  892,  856,  704,  739,  835,  556,  875, 1027,  934, 1006,  656,  286,   71,  480,  859,  600,  927,  649,  580,  116,  173,   48,  690,  898],
        [  278,    0,  325,  624,  760,  464,  695,  290,  446,  503,  353,  715,  470,  692,  563,  598,  565,  520,  137,  339,  468,  321,  364,  231,  587,  512,  587,  289,  840,  741,    0,  240,  567,  706,  392,  409,  780,  438,  270,  462,  524,  317,  224,  684,  614,  578,  174,   71,  347,  500,  468,  775,  495,  366,  419,  530,  657,  340,  444,  244,  591,  566,  253,  357,  677,  647,  191,  246,  198,  380,  356,  173,  394,  486,  400,  373,  292,  481,  546,  631,  547,  554,  291,  507,  718,  330,  347,  289,  710,  200,  482,  584,   76,  467,  384,  554,  859,  196,  802,  270,  470,  782,  638,  325,  806,  370,  163,  518,  665,  737,  242,  472,  394,  340,  585,  453,   78,  181,  396,  418,  315,  100,  465,  142,  202,  370,  586,  570,  430,  233,  422,  309,  413,  277,  502,  489,  720,  268,  602,  199,  267,  329,  225,  660,  584,  714,  366,  416],
        [  346,    0,  313,  418,  583,  513,  489,   51,  613,  263,  114,  511,  571,  840,  324,  453,  337,  579,  373,  329,  641,  138,  576,  298,  750,  699,  436,   57,  717,  620,  240,    0,  547,  853,  176,  176,  637,  635,   49,  344,  567,  553,  173,  493,  375,  339,  361,  188,  519,  521,  446,  625,  666,  276,  505,  293,  780,  267,  428,  465,  749,  728,  479,  456,  479,  457,  269,  439,  434,  355,  576,  411,  542,  423,  591,  492,  248,  338,  308,  694,  646,  327,  106,  363,  519,   98,  252,  512,  561,  231,  316,  700,  315,  461,  145,  401,  713,  103,  663,  437,  233,  677,  771,  343,  645,  575,  368,  415,  446,  620,  143,  499,  271,  432,  546,  301,  292,  269,  614,  182,  316,  286,  556,  346,  441,  257,  354,  346,  629,   82,  293,  431,  331,  496,  630,  336,  580,  263,  405,  313,  313,  101,  327,  518,  448,  583,  152,  306],
        [  298,    0,  838,  895,  458,  167,  525,  555,  450,  653,  572,  980,  278,  524,  673,  305,  564,  183,  653,  854,  477,  680,  883,  777,  504,  547,  319,  584,  372,  299,  567,  547,    0,  531,  686,  646,  378,  546,  592,  259,  145,  773,  697,  468,  724,  689,  468,  594,  905,  104,  104,  393,  482,  821,  247,  694,  421,  809,  126,  768,  491,  490,  583,  921,  961,  446,  377,  480,  691,  197,  596,  614,  384,  140,  509,  939,  305,  879,  699,  237,  293,  772,  651,  299,  508,  522,  797,  799,  354,  723,  355,  358,  586,  101,  582,  321,  439,  624,  380,  833,  583,  291,  438,  242,  443,  898,  719,  206,  568,  289,  680,  126,  817,  902,   46,  330,  524,  388,  607,  639,  835,  666,  254,  701,  669,  804,  775,  796,  549,  466,  839,  875,  876,  797,  358,  323,  335,  309,  899,  383,  807,  618,  357,  314,  279,  310,  671,  853],
        [  513,    0, 1030, 1269,  988,  406, 1038,  888,  263, 1065,  936, 1361,  300,   14, 1106,  824, 1028,  357,  686, 1042,  246,  983,  819,  927,  127,  237,  834,  908,  881,  824,  706,  853,  531,    0, 1028, 1014,  905,  312,  901,  733,  393,  677,  923,  986, 1162, 1123,  532,  771,  911,  450,  551,  922,  220, 1067,  368, 1104,  112, 1043,  544,  751,  118,  146,  514, 1010, 1331,  959,  585,  466,  678,  581,  431,  609,  316,  627,  329, 1002,  645, 1172, 1115,  308,  246, 1165,  949,  790, 1028,  887, 1046,  751,  884,  905,  828,  178,  663,  517,  958,  826,  959,  874,  904,  876, 1002,  799,   95,  544,  972,  844,  773,  710, 1065,  813,  930,  448, 1088, 1001,  576,  793,  629,  586,  402, 1014, 1017,  776,  323,  769,  645, 1066, 1182, 1186,  322,  784, 1116,  953, 1117,  764,  226,  803,  865,  611, 1258,  544,  965,  952,  528,  843,  797,  839, 1005, 1115],
        [  519,    0,  303,  242,  607,  676,  479,  142,  788,  157,  115,  335,  742, 1015,  217,  522,  297,  742,  512,  315,  817,   82,  680,  349,  925,  873,  500,  121,  784,  695,  392,  176,  686, 1028,    0,   61,  691,  808,  130,  449,  726,  686,  219,  505,  251,  226,  532,  327,  595,  676,  589,  674,  841,  214,  675,  164,  952,  225,  575,  584,  925,  903,  642,  488,  303,  475,  444,  611,  571,  506,  742,  563,  718,  551,  764,  533,  406,  204,  180,  855,  816,  164,  104,  445,  519,  165,  197,  631,  615,  292,  385,  872,  467,  610,  114,  469,  760,  201,  720,  519,  180,  761,  944,  507,  681,  673,  483,  520,  413,  697,  179,  657,  178,  464,  676,  387,  456,  444,  781,   77,  315,  406,  726,  463,  584,  181,  198,  179,  802,  247,  185,  484,  255,  612,  804,  415,  641,  428,  230,  488,  344,   76,  502,  582,  526,  651,   26,  212],
        [  502,    0,  359,  258,  547,  649,  418,  130,  782,  106,   80,  349,  723, 1001,  169,  466,  237,  714,  537,  372,  811,  129,  718,  396,  916,  871,  445,  122,  728,  639,  409,  176,  646, 1014,   61,    0,  633,  809,  140,  402,  696,  714,  262,  445,  210,  180,  535,  349,  640,  644,  553,  615,  835,  273,  655,  124,  934,  283,  540,  617,  914,  894,  654,  541,  323,  415,  435,  614,  597,  473,  751,  582,  708,  509,  764,  585,  379,  259,  140,  826,  794,  154,  139,  394,  458,  131,  256,  664,  557,  335,  332,  853,  485,  576,   65,  414,  701,  229,  663,  562,  120,  707,  928,  482,  622,  713,  516,  472,  354,  642,  221,  626,  238,  516,  633,  337,  467,  436,  789,   17,  370,  437,  705,  495,  607,  241,  179,  174,  803,  231,  244,  533,  315,  646,  789,  363,  584,  406,  255,  481,  395,   82,  492,  526,  472,  595,   70,  272],
        [  585,    0,  946,  818,  133,  533,  279,  613,  815,  579,  590,  880,  650,  898,  562,  185,  431,  560,  901,  962,  844,  728, 1139,  929,  880,  915,  202,  642,  104,   83,  780,  637,  378,  905,  691,  633,    0,  903,  661,  318,  522, 1058,  809,  219,  592,  571,  753,  774, 1122,  473,  398,   28,  852,  888,  606,  609,  794,  889,  418, 1018,  868,  866,  890, 1087,  877,  233,  623,  793,  954,  441,  931,  889,  741,  334,  861, 1119,  494,  891,  605,  601,  670,  695,  713,  278,  237,  558,  866, 1058,   77,  864,  322,  734,  829,  427,  579,  236,   80,  738,   31, 1041,  522,  138,  814,  512,   73, 1147,  942,  270,  356,   94,  776,  487,  863, 1064,  332,  339,  770,  634,  950,  619,  951,  870,  625,  921,  941,  860,  678,  715,  905,  580,  874, 1056,  938, 1050,  732,  302,   60,  528,  837,  654,  948,  653,  636,  121,  196,   73,  689,  899],
        [  354,    0,  749, 1049,  948,  379,  951,  679,  102,  882,  737, 1141,  276,  299,  934,  769,  888,  379,  387,  760,   88,  748,  508,  640,  187,   80,  770,  691,  915,  833,  438,  635,  546,  312,  808,  809,  903,    0,  679,  643,  412,  366,  662,  914,  989,  950,  277,  508,  601,  443,  506,  913,  105,  803,  301,  918,  319,  775,  487,  441,  199,  171,  210,  706, 1106,  880,  384,  198,  371,  482,  119,  309,  163,  574,   48,  695,  494,  919,  931,  426,  306,  962,  716,  704,  955,  695,  784,  440,  859,  630,  719,  286,  380,  477,  764,  750,  974,  627,  913,  569,  829,  836,  285,  418,  959,  533,  472,  652,  955,  825,  678,  423,  831,  700,  588,  682,  363,  379,   94,  813,  735,  489,  296,  472,  338,  808,  986,  981,   11,  583,  860,  649,  847,  453,  219,  705,  851,  452, 1031,  335,  678,  736,  333,  809,  743,  831,  783,  854],
        [  395,    0,  286,  372,  599,  561,  494,   49,  659,  237,   96,  465,  620,  888,  299,  479,  331,  627,  398,  302,  687,   90,  589,  288,  797,  744,  461,   24,  745,  649,  270,   49,  592,  901,  130,  140,  661,  679,    0,  379,  615,  577,  155,  504,  347,  313,  403,  211,  522,  568,  491,  648,  712,  237,  554,  262,  829,  231,  474,  483,  797,  775,  516,  444,  431,  470,  316,  482,  459,  401,  615,  442,  590,  465,  635,  483,  295,  291,  277,  742,  695,  287,   61,  392,  528,  105,  213,  530,  584,  222,  340,  749,  346,  507,  125,  426,  736,   98,  688,  441,  218,  709,  819,  391,  664,  586,  383,  450,  444,  650,  118,  547,  227,  420,  588,  329,  329,  316,  654,  149,  292,  302,  605,  361,  468,  215,  316,  305,  672,  129,  248,  425,  291,  513,  679,  364,  606,  311,  358,  360,  298,   59,  374,  544,  477,  610,  105,  263],
        [  295,    0,  655,  642,  316,  327,  313,  334,  570,  397,  335,  724,  437,  723,  415,  140,  309,  383,  585,  672,  602,  460,  822,  623,  670,  673,  134,  365,  382,  283,  462,  344,  259,  733,  449,  402,  318,  643,  379,    0,  352,  746,  514,  272,  466,  430,  448,  459,  806,  293,  188,  315,  617,  615,  375,  437,  632,  609,  190,  701,  662,  652,  590,  779,  707,  238,  313,  499,  639,  163,  646,  577,  490,  121,  597,  809,  180,  650,  441,  476,  488,  517,  437,   62,  313,  289,  591,  742,  250,  560,   99,  556,  513,  221,  338,  109,  397,  439,  340,  726,  326,  335,  639,  226,  349,  830,  625,   73,  333,  281,  486,  288,  601,  757,  237,   72,  455,  323,  671,  392,  657,  553,  413,  604,  628,  592,  518,  541,  642,  274,  618,  744,  668,  734,  521,   71,  258,  218,  648,  349,  645,  390,  335,  199,  123,  253,  438,  637],
        [  248,    0,  826,  953,  596,   61,  648,  586,  313,  723,  618, 1042,  138,  384,  753,  432,  659,   39,  583,  842,  338,  704,  800,  750,  359,  406,  443,  613,  514,  444,  524,  567,  145,  393,  726,  696,  522,  412,  615,  352,    0,  678,  692,  595,  807,  770,  390,  567,  840,   60,  165,  537,  341,  828,  127,  764,  285,  811,  165,  691,  347,  345,  482,  879, 1018,  569,  340,  381,  612,  224,  477,  531,  256,  238,  379,  891,  321,  904,  771,  131,  149,  836,  672,  405,  636,  566,  804,  716,  494,  704,  450,  216,  525,  132,  634,  437,  584,  625,  525,  775,  655,  433,  299,  225,  586,  818,  659,  320,  681,  434,  683,   70,  833,  863,  191,  419,  466,  348,  482,  691,  820,  620,  117,  645,  586,  816,  845,  859,  417,  486,  857,  829,  883,  718,  214,  423,  478,  305,  950,  326,  784,  653,  300,  451,  405,  453,  707,  866],
