{
    "name": "random-27-29035",
    "comment": "size=27 seed=29035",
    "nodes": ["+0", "-0", "+1", "-1", "+2", "-2", "+3", "-3", "+4", "-4", "+5", "-5", "+6", "-6", "+7", "-7", "+8", "-8", "+9", "-9", "+10", "-10", "+11", "-11", "+12", "-12", "+13", "-13", "+14", "-14", "+15", "-15", "+16", "-16", "+17", "-17", "+18", "-18", "+19", "-19", "+20", "-20", "+21", "-21", "+22", "-22", "+23", "-23", "+24", "-24", "+25", "-25", "+26", "-26", "+27", "-27"],
    "precedence": {
        "+0": "-0",
        "+1": "-1",
        "+2": "-2",
        "+3": "-3",
        "+4": "-4",
        "+5": "-5",
        "+6": "-6",
        "+7": "-7",
        "+8": "-8",
        "+9": "-9",
        "+10": "-10",
        "+11": "-11",
        "+12": "-12",
        "+13": "-13",
        "+14": "-14",
        "+15": "-15",
        "+16": "-16",
        "+17": "-17",
        "+18": "-18",
        "+19": "-19",
        "+20": "-20",
        "+21": "-21",
        "+22": "-22",
        "+23": "-23",
        "+24": "-24",
        "+25": "-25",
        "+26": "-26",
        "+27": "-27"
    },
    "edges": [
        [    0,    0,  582,  790,  405,  645,  352,  458,  636,  951,  114,  134,  636,  731,  400,  294,  537,  715,   79,  852,  327,  190,  114,  422,  758,  407,  571,  388,  923,  674,  772,  463,  302,  941,  709,  489,  587,  539,  846,  773,  140,  227,  642,  812,  425,  159,  566,  378,  208,  632,  120,  373,  552,  452,  587,  743],
        [    0,    0,  582,  790,  405,  645,  352,  458,  636,  951,  114,  134,  636,  731,  400,  294,  537,  715,   79,  852,  327,  190,  114,  422,  758,  407,  571,  388,  923,  674,  772,  463,  302,  941,  709,  489,  587,  539,  846,  773,  140,  227,  642,  812,  425,  159,  566,  378,  208,  632,  120,  373,  552,  452,  587,  743],
        [  582,  582,    0,  224,  231,  181,  704,  384,  812,  387,  478,  686,  734,  332,  666,  338,  240,  309,  641,  598,  412,  525,  565,  189,  204,  709,  300,  232,  447,  797,  762,  155,  331,  465,  139,  455,  707,  155,  571,  344,  490,  376,  435,  624,  270,  503,  708,  249,  415,  452,  552,  608,  586,  728,   78,  194],
        [  790,  790,  224,    0,  399,  184,  851,  486,  891,  164,  680,  882,  797,  438,  797,  561,  432,  248,  841,  533,  634,  748,  783,  412,   42,  842,  348,  410,  270,  861,  780,  377,  510,  285,   86,  542,  783,  355,  499,  241,  709,  571,  600,  587,  411,  724,  792,  424,  604,  470,  771,  740,  658,  852,  267,   57],
        [  405,  405,  231,  399,    0,  241,  474,  185,  599,  554,  292,  486,  533,  521,  437,  272,  358,  318,  448,  525,  377,  419,  427,  208,  363,  479,  197,   24,  521,  595,  594,  221,  111,  540,  327,  259,  499,  296,  508,  375,  359,  179,  554,  518,   62,  383,  496,   27,  207,  322,  417,  379,  389,  500,  279,  348],
        [  645,  645,  181,  184,  241,    0,  671,  302,  712,  321,  532,  723,  621,  501,  614,  463,  419,  129,  687,  422,  555,  637,  658,  333,  143,  660,  167,  257,  293,  685,  620,  312,  349,  312,  145,  359,  604,  334,  392,  168,  586,  419,  615,  455,  237,  606,  611,  267,  446,  304,  647,  558,  478,  669,  257,  128],
        [  352,  352,  704,  851,  474,  671,    0,  376,  299,  989,  338,  269,  332,  960,   89,  558,  771,  678,  297,  681,  634,  532,  465,  619,  812,   65,  526,  473,  880,  351,  490,  652,  379,  895,  790,  347,  285,  736,  690,  732,  465,  366,  927,  614,  445,  494,  258,  456,  323,  495,  468,  122,  317,  109,  745,  796],
        [  458,  458,  384,  486,  185,  302,  376,    0,  429,  615,  353,  491,  353,  698,  313,  431,  542,  304,  471,  396,  537,  538,  519,  392,  445,  359,  151,  202,  510,  416,  411,  404,  191,  527,  435,   75,  324,  476,  389,  360,  466,  261,  738,  367,  125,  496,  325,  189,  257,  176,  513,  259,  207,  367,  447,  429],
        [  636,  636,  812,  891,  599,  712,  299,  429,    0,  994,  592,  568,  106, 1119,  237,  779,  950,  664,  591,  536,  872,  801,  744,  793,  851,  236,  546,  610,  827,   69,  245,  815,  548,  837,  854,  359,  109,  894,  557,  703,  729,  574, 1132,  451,  547,  760,  104,  594,  539,  435,  745,  272,  234,  191,  873,  837],
        [  951,  951,  387,  164,  554,  321,  989,  615,  994,    0,  840, 1039,  893,  549,  927,  724,  581,  331, 1000,  561,  794,  911,  947,  575,  193,  973,  467,  567,  228,  954,  849,  538,  665,  233,  249,  661,  887,  509,  526,  294,  872,  729,  730,  631,  557,  887,  899,  580,  761,  560,  935,  873,  763,  978,  423,  208],
        [  114,  114,  478,  680,  292,  532,  338,  353,  592,  840,    0,  211,  575,  660,  361,  230,  465,  602,  163,  749,  296,  212,  171,  332,  648,  381,  459,  275,  810,  620,  698,  372,  189,  828,  601,  392,  527,  452,  741,  660,  137,  114,  598,  715,  312,  169,  510,  265,   98,  529,  166,  321,  472,  422,  490,  633],
        [  134,  134,  686,  882,  486,  723,  269,  491,  568, 1039,  211,    0,  589,  861,  339,  424,  666,  776,   56,  868,  461,  318,  238,  541,  848,  332,  624,  473,  986,  616,  738,  581,  375, 1004,  805,  502,  540,  660,  868,  834,  274,  313,  776,  817,  490,  292,  515,  460,  279,  655,  246,  332,  533,  377,  700,  832],
        [  636,  636,  734,  797,  533,  621,  332,  353,  106,  893,  575,  589,    0, 1050,  251,  739,  889,  564,  603,  431,  838,  786,  737,  735,  757,  269,  455,  546,  722,   65,  162,  752,  498,  732,  765,  279,   50,  828,  452,  602,  711,  536, 1079,  347,  476,  743,   75,  532,  507,  334,  736,  264,  148,  231,  799,  743],
        [  731,  731,  332,  438,  521,  501,  960,  698, 1119,  549,  660,  861, 1050,    0,  943,  438,  196,  625,  807,  922,  430,  592,  663,  341,  450,  980,  631,  510,  707, 1113, 1091,  310,  587,  722,  387,  772, 1019,  227,  892,  647,  599,  596,  200,  953,  575,  594, 1016,  527,  640,  783,  650,  886,  904, 1008,  257,  450],
        [  400,  400,  666,  797,  437,  614,   89,  313,  237,  927,  361,  339,  251,  943,    0,  565,  760,  609,  357,  595,  650,  568,  508,  605,  756,   46,  461,  441,  806,  278,  405,  634,  357,  821,  741,  273,  202,  717,  604,  661,  496,  362,  929,  527,  399,  527,  177,  424,  322,  415,  509,   59,  229,   66,  715,  741],
        [  294,  294,  338,  561,  272,  463,  558,  431,  779,  724,  230,  424,  739,  438,  565,    0,  243,  570,  370,  796,  107,  189,  240,  151,  538,  592,  468,  249,  755,  794,  833,  191,  246,  774,  476,  496,  697,  253,  779,  622,  168,  206,  370,  786,  327,  172,  685,  254,  243,  589,  227,  514,  611,  629,  318,  526],
        [  537,  537,  240,  432,  358,  419,  771,  542,  950,  581,  465,  666,  889,  196,  760,  243,    0,  547,  612,  827,  253,  408,  475,  157,  426,  795,  507,  343,  682,  950,  949,  138,  406,  699,  356,  616,  854,   85,  802,  583,  408,  406,  203,  843,  418,  405,  848,  358,  449,  656,  462,  704,  746,  826,  171,  419],
        [  715,  715,  309,  248,  318,  129,  678,  304,  664,  331,  602,  776,  564,  625,  609,  570,  547,    0,  746,  299,  668,  734,  744,  452,  211,  655,  155,  339,  211,  626,  534,  435,  413,  229,  249,  337,  557,  462,  268,   59,  676,  489,  744,  343,  290,  699,  569,  344,  508,  231,  734,  558,  433,  655,  385,  202],
        [   79,   79,  641,  841,  448,  687,  297,  471,  591, 1000,  163,   56,  603,  807,  357,  370,  612,  746,    0,  857,  406,  265,  186,  490,  808,  357,  597,  433,  957,  635,  748,  531,  339,  974,  763,  490,  554,  609,  854,  805,  219,  271,  721,  810,  458,  238,  530,  421,  242,  640,  194,  341,  534,  402,  651,  793],
        [  852,  852,  598,  533,  525,  422,  681,  396,  536,  561,  749,  868,  431,  922,  595,  796,  827,  299,  857,    0,  902,  927,  914,  709,  502,  634,  332,  548,  344,  476,  323,  702,  579,  348,  547,  368,  450,  745,   35,  293,  858,  653, 1028,   87,  472,  887,  474,  544,  653,  220,  907,  566,  367,  614,  676,  495],
        [  327,  327,  412,  634,  377,  555,  634,  537,  872,  794,  296,  461,  838,  430,  650,  107,  253,  668,  406,  902,    0,  162,  239,  226,  615,  674,  572,  355,  846,  891,  937,  257,  351,  864,  549,  601,  794,  295,  884,  718,  188,  302,  316,  893,  433,  172,  781,  360,  334,  696,  227,  603,  713,  713,  375,  604],
        [  190,  190,  525,  748,  419,  637,  532,  538,  801,  911,  212,  318,  786,  592,  568,  189,  408,  734,  265,  927,  162,    0,   82,  339,  723,  582,  612,  397,  929,  831,  906,  379,  349,  948,  663,  588,  738,  436,  915,  789,   76,  278,  472,  904,  462,   44,  720,  395,  290,  710,   73,  531,  679,  625,  505,  710],
        [  114,  114,  565,  783,  427,  658,  465,  519,  744,  947,  171,  238,  737,  663,  508,  240,  475,  744,  186,  914,  239,   82,    0,  386,  756,  518,  612,  406,  946,  778,  866,  427,  340,  965,  700,  562,  688,  493,  905,  801,   75,  264,  552,  883,  461,   70,  669,  401,  263,  695,   14,  476,  641,  562,  554,  742],
        [  422,  422,  189,  412,  208,  333,  619,  392,  793,  575,  332,  541,  735,  341,  605,  151,  157,  452,  490,  709,  226,  339,  386,    0,  392,  641,  379,  191,  622,  795,  802,   42,  250,  640,  327,  465,  698,  122,  687,  499,  312,  256,  347,  714,  269,  321,  692,  204,  300,  521,  373,  548,  593,  670,  169,  380],
        [  758,  758,  204,   42,  363,  143,  812,  445,  851,  193,  648,  848,  757,  450,  756,  538,  426,  211,  808,  502,  615,  723,  756,  392,    0,  802,  307,  376,  261,  820,  742,  359,  474,  277,   71,  501,  742,  346,  469,  210,  682,  537,  602,  553,  372,  698,  751,  389,  570,  430,  744,  700,  617,  811,  257,   16],
        [  407,  407,  709,  842,  479,  660,   65,  359,  236,  973,  381,  332,  269,  980,   46,  592,  795,  655,  357,  634,  674,  582,  518,  641,  802,    0,  507,  481,  851,  287,  428,  671,  394,  866,  785,  318,  223,  754,  645,  707,  513,  393,  960,  564,  443,  542,  196,  464,  352,  459,  521,  103,  268,   46,  755,  786],
        [  571,  571,  300,  348,  197,  167,  526,  151,  546,  467,  459,  624,  455,  631,  461,  468,  507,  155,  597,  332,  572,  612,  612,  379,  307,  507,    0,  220,  365,  519,  465,  376,  273,  382,  310,  196,  437,  429,  312,  213,  548,  350,  710,  336,  152,  574,  445,  219,  363,  153,  603,  408,  312,  511,  374,  292],
        [  388,  388,  232,  410,   24,  257,  473,  202,  610,  567,  275,  473,  546,  510,  441,  249,  343,  339,  433,  548,  355,  397,  406,  191,  376,  481,  220,    0,  541,  608,  612,  206,  102,  560,  335,  275,  512,  284,  531,  396,  337,  163,  537,  540,   82,  361,  507,   18,  195,  343,  396,  382,  404,  505,  274,  360],
        [  923,  923,  447,  270,  521,  293,  880,  510,  827,  228,  810,  986,  722,  707,  806,  755,  682,  211,  957,  344,  846,  929,  946,  622,  261,  851,  365,  541,    0,  779,  652,  596,  622,   19,  330,  534,  725,  599,  310,  153,  876,  697,  862,  422,  500,  897,  742,  548,  718,  400,  936,  759,  609,  847,  511,  265],
        [  674,  674,  797,  861,  595,  685,  351,  416,   69,  954,  620,  616,   65, 1113,  278,  794,  950,  626,  635,  476,  891,  831,  778,  795,  820,  287,  519,  608,  779,    0,  177,  813,  555,  788,  829,  343,   98,  890,  500,  662,  757,  590, 1138,  391,  539,  789,  112,  592,  558,  396,  778,  302,  212,  244,  862,  807],
        [  772,  772,  762,  780,  594,  620,  490,  411,  245,  849,  698,  738,  162, 1091,  405,  833,  949,  534,  748,  323,  937,  906,  866,  802,  742,  428,  465,  612,  652,  177,    0,  812,  587,  659,  764,  340,  206,  878,  352,  557,  831,  640, 1147,  237,  533,  863,  233,  600,  619,  317,  863,  408,  227,  391,  835,  730],
        [  463,  463,  155,  377,  221,  312,  652,  404,  815,  538,  372,  581,  752,  310,  634,  191,  138,  435,  531,  702,  257,  379,  427,   42,  359,  671,  376,  206,  596,  813,  812,    0,  277,  614,  292,  479,  717,   85,  678,  479,  354,  292,  337,  712,  280,  361,  713,  222,  335,  522,  414,  576,  609,  699,  128,  348],
        [  302,  302,  331,  510,  111,  349,  379,  191,  548,  665,  189,  375,  498,  587,  357,  246,  406,  413,  339,  579,  351,  349,  340,  250,  474,  394,  273,  102,  622,  555,  587,  277,    0,  640,  436,  251,  457,  361,  567,  472,  280,   78,  585,  556,  124,  309,  448,   87,   98,  362,  332,  300,  365,  422,  367,  459],
        [  941,  941,  465,  285,  540,  312,  895,  527,  837,  233,  828, 1004,  732,  722,  821,  774,  699,  229,  974,  348,  864,  948,  965,  640,  277,  866,  382,  560,   19,  788,  659,  614,  640,    0,  347,  549,  736,  616,  314,  170,  895,  715,  879,  427,  518,  916,  754,  567,  736,  413,  955,  774,  622,  861,  529,  282],
        [  709,  709,  139,   86,  327,  145,  790,  435,  854,  249,  601,  805,  765,  387,  741,  476,  356,  249,  763,  547,  549,  663,  700,  327,   71,  785,  310,  335,  330,  829,  764,  292,  436,  347,    0,  498,  746,  276,  515,  262,  625,  493,  533,  590,  346,  639,  752,  350,  529,  449,  687,  683,  621,  799,  187,   66],
        [  489,  489,  455,  542,  259,  359,  347,   75,  359,  661,  392,  502,  279,  772,  273,  496,  616,  337,  490,  368,  601,  588,  562,  465,  501,  318,  196,  275,  534,  343,  340,  479,  251,  549,  498,    0,  252,  551,  367,  389,  515,  313,  811,  324,  199,  545,  256,  262,  301,  156,  557,  225,  133,  318,  520,  486],
        [  587,  587,  707,  783,  499,  604,  285,  324,  109,  887,  527,  540,   50, 1019,  202,  697,  854,  557,  554,  450,  794,  738,  688,  698,  742,  223,  437,  512,  725,   98,  206,  717,  457,  736,  746,  252,    0,  794,  468,  598,  664,  492, 1041,  370,  444,  695,   28,  496,  462,  329,  687,  215,  126,  187,  770,  728],
        [  539,  539,  155,  355,  296,  334,  736,  476,  894,  509,  452,  660,  828,  227,  717,  253,   85,  462,  609,  745,  295,  436,  493,  122,  346,  754,  429,  284,  599,  890,  878,   85,  361,  616,  276,  551,  794,    0,  718,  499,  421,  376,  284,  763,  352,  424,  791,  300,  420,  579,  480,  659,  682,  782,   90,  338],
        [  846,  846,  571,  499,  508,  392,  690,  389,  557,  526,  741,  868,  452,  892,  604,  779,  802,  268,  854,   35,  884,  915,  905,  687,  469,  645,  312,  531,  310,  500,  352,  678,  567,  314,  515,  367,  468,  718,    0,  259,  847,  642, 1002,  116,  456,  875,  491,  528,  644,  214,  897,  572,  378,  627,  648,  462],
        [  773,  773,  344,  241,  375,  168,  732,  360,  703,  294,  660,  834,  602,  647,  661,  622,  583,   59,  805,  293,  718,  789,  801,  499,  210,  707,  213,  396,  153,  662,  557,  479,  472,  170,  262,  389,  598,  499,  259,    0,  733,  548,  777,  350,  349,  755,  612,  401,  567,  269,  791,  612,  477,  705,  417,  205],
        [  140,  140,  490,  709,  359,  586,  465,  466,  729,  872,  137,  274,  711,  599,  496,  168,  408,  676,  219,  858,  188,   76,   75,  312,  682,  513,  548,  337,  876,  757,  831,  354,  280,  895,  625,  515,  664,  421,  847,  733,    0,  206,  503,  832,  397,   32,  646,  333,  215,  640,   63,  457,  604,  555,  481,  668],
        [  227,  227,  376,  571,  179,  419,  366,  261,  574,  729,  114,  313,  536,  596,  362,  206,  406,  489,  271,  653,  302,  278,  264,  256,  537,  393,  350,  163,  697,  590,  640,  292,   78,  715,  493,  313,  492,  376,  642,  548,  206,    0,  568,  627,  201,  236,  480,  152,   44,  435,  256,  310,  414,  427,  399,  522],
        [  642,  642,  435,  600,  554,  615,  927,  738, 1132,  730,  598,  776, 1079,  200,  929,  370,  203,  744,  721, 1028,  316,  472,  552,  347,  602,  960,  710,  537,  862, 1138, 1147,  337,  585,  879,  533,  811, 1041,  284, 1002,  777,  503,  568,    0, 1045,  614,  488, 1033,  550,  608,  858,  541,  876,  939,  994,  360,  598],
        [  812,  812,  624,  587,  518,  455,  614,  367,  451,  631,  715,  817,  347,  953,  527,  786,  843,  343,  810,   87,  893,  904,  883,  714,  553,  564,  336,  540,  422,  391,  237,  712,  556,  427,  590,  324,  370,  763,  116,  350,  832,  627, 1045,    0,  460,  862,  395,  534,  621,  197,  877,  503,  298,  540,  701,  544],
        [  425,  425,  270,  411,   62,  237,  445,  125,  547,  557,  312,  490,  476,  575,  399,  327,  418,  290,  458,  472,  433,  462,  461,  269,  372,  443,  152,   82,  500,  539,  533,  280,  124,  518,  346,  199,  444,  352,  456,  349,  397,  201,  614,  460,    0,  423,  443,   74,  218,  263,  452,  341,  331,  460,  327,  356],
        [  159,  159,  503,  724,  383,  606,  494,  496,  760,  887,  169,  292,  743,  594,  527,  172,  405,  699,  238,  887,  172,   44,   70,  321,  698,  542,  574,  361,  897,  789,  863,  361,  309,  916,  639,  545,  695,  424,  875,  755,   32,  236,  488,  862,  423,    0,  678,  358,  246,  669,   57,  488,  636,  585,  488,  684],
        [  566,  566,  708,  792,  496,  611,  258,  325,  104,  899,  510,  515,   75, 1016,  177,  685,  848,  569,  530,  474,  781,  720,  669,  692,  751,  196,  445,  507,  742,  112,  233,  713,  448,  754,  752,  256,   28,  791,  491,  612,  646,  480, 1033,  395,  443,  678,    0,  491,  448,  344,  668,  193,  137,  159,  769,  737],
        [  378,  378,  249,  424,   27,  267,  456,  189,  594,  580,  265,  460,  532,  527,  424,  254,  358,  344,  421,  544,  360,  395,  401,  204,  389,  464,  219,   18,  548,  592,  600,  222,   87,  567,  350,  262,  496,  300,  528,  401,  333,  152,  550,  534,   74,  358,  491,    0,  181,  337,  391,  365,  389,  487,  292,  373],
        [  208,  208,  415,  604,  207,  446,  323,  257,  539,  761,   98,  279,  507,  640,  322,  243,  449,  508,  242,  653,  334,  290,  263,  300,  570,  352,  363,  195,  718,  558,  619,  335,   98,  736,  529,  301,  462,  420,  644,  567,  215,   44,  608,  621,  218,  246,  448,  181,    0,  433,  257,  272,  392,  387,  441,  554],
        [  632,  632,  452,  470,  322,  304,  495,  176,  435,  560,  529,  655,  334,  783,  415,  589,  656,  231,  640,  220,  696,  710,  695,  521,  430,  459,  153,  343,  400,  396,  317,  522,  362,  413,  449,  156,  329,  579,  214,  269,  640,  435,  858,  197,  263,  669,  344,  337,  433,    0,  688,  374,  210,  450,  526,  418],
        [  120,  120,  552,  771,  417,  647,  468,  513,  745,  935,  166,  246,  736,  650,  509,  227,  462,  734,  194,  907,  227,   73,   14,  373,  744,  521,  603,  396,  936,  778,  863,  414,  332,  955,  687,  557,  687,  480,  897,  791,   63,  256,  541,  877,  452,   57,  668,  391,  257,  688,    0,  476,  638,  564,  541,  730],
        [  373,  373,  608,  740,  379,  558,  122,  259,  272,  873,  321,  332,  264,  886,   59,  514,  704,  558,  341,  566,  603,  531,  476,  548,  700,  103,  408,  382,  759,  302,  408,  576,  300,  774,  683,  225,  215,  659,  572,  612,  457,  310,  876,  503,  341,  488,  193,  365,  272,  374,  476,    0,  207,  123,  656,  685],
        [  552,  552,  586,  658,  389,  478,  317,  207,  234,  763,  472,  533,  148,  904,  229,  611,  746,  433,  534,  367,  713,  679,  641,  593,  617,  268,  312,  404,  609,  212,  227,  609,  365,  622,  621,  133,  126,  682,  378,  477,  604,  414,  939,  298,  331,  636,  137,  389,  392,  210,  638,  207,    0,  250,  652,  603],
        [  452,  452,  728,  852,  500,  669,  109,  367,  191,  978,  422,  377,  231, 1008,   66,  629,  826,  655,  402,  614,  713,  625,  562,  670,  811,   46,  511,  505,  847,  244,  391,  699,  422,  861,  799,  318,  187,  782,  627,  705,  555,  427,  994,  540,  460,  585,  159,  487,  387,  450,  564,  123,  250,    0,  778,  796],
        [  587,  587,   78,  267,  279,  257,  745,  447,  873,  423,  490,  700,  799,  257,  715,  318,  171,  385,  651,  676,  375,  505,  554,  169,  257,  755,  374,  274,  511,  862,  835,  128,  367,  529,  187,  520,  770,   90,  648,  417,  481,  399,  360,  701,  327,  488,  769,  292,  441,  526,  541,  656,  652,  778,    0,  249],
        [  743,  743,  194,   57,  348,  128,  796,  429,  837,  208,  633,  832,  743,  450,  741,  526,  419,  202,  793,  495,  604,  710,  742,  380,   16,  786,  292,  360,  265,  807,  730,  348,  459,  282,   66,  486,  728,  338,  462,  205,  668,  522,  598,  544,  356,  684,  737,  373,  554,  418,  730,  685,  603,  796,  249,    0]
    ]
}
