{
    "name": "random-12-25957",
    "comment": "size=12 seed=25957",
    "nodes": ["+0", "-0", "+1", "-1", "+2", "-2", "+3", "-3", "+4", "-4", "+5", "-5", "+6", "-6", "+7", "-7", "+8", "-8", "+9", "-9", "+10", "-10", "+11", "-11", "+12", "-12"],
    "precedence": {
        "+0": "-0",
        "+1": "-1",
        "+2": "-2",
        "+3": "-3",
        "+4": "-4",
        "+5": "-5",
        "+6": "-6",
        "+7": "-7",
        "+8": "-8",
        "+9": "-9",
        "+10": "-10",
        "+11": "-11",
        "+12": "-12"
    },
    "edges": [
        [    0,    0,  350,  323,  238,  666,  568,  358,  530,  703,  253,  170,  705,   98,  390,  602,  322,  624,  221,  446,  697,  495,  517,  337,  371,  622],
        [    0,    0,  350,  323,  238,  666,  568,  358,  530,  703,  253,  170,  705,   98,  390,  602,  322,  624,  221,  446,  697,  495,  517,  337,  371,  622],
        [  350,  350,    0,   62,  342,  403,  436,  601,  506,  392,  576,  494,  506,  314,  213,  277,   30,  588,  132,  209,  440,  291,  331,   29,  558,  328],
        [  323,  323,   62,    0,  285,  465,  385,  547,  447,  450,  562,  454,  469,  273,  265,  333,   45,  531,  123,  269,  502,  350,  285,   81,  573,  316],
        [  238,  238,  342,  285,    0,  738,  350,  267,  293,  733,  469,  249,  501,  142,  493,  617,  315,  387,  274,  524,  774,  596,  331,  349,  606,  486],
        [  666,  666,  403,  465,  738,    0,  797,  983,  898,  129,  807,  833,  812,  674,  277,  185,  427,  971,  474,  222,   38,  179,  682,  391,  651,  573],
        [  568,  568,  436,  385,  350,  797,    0,  536,  163,  735,  814,  596,  161,  473,  648,  624,  428,  191,  478,  640,  834,  722,  116,  462,  911,  287],
        [  358,  358,  601,  547,  267,  983,  536,    0,  405,  992,  466,  217,  696,  313,  721,  878,  572,  473,  509,  764, 1018,  827,  560,  604,  689,  737],
        [  530,  530,  506,  447,  293,  898,  163,  405,    0,  853,  756,  512,  310,  433,  708,  737,  490,   96,  507,  715,  935,  796,  250,  527,  896,  440],
        [  703,  703,  392,  450,  733,  129,  735,  992,  853,    0,  875,  865,  728,  693,  335,  119,  420,  918,  492,  268,  148,  263,  620,  389,  747,  485],
        [  253,  253,  576,  562,  469,  807,  814,  466,  756,  875,    0,  261,  955,  343,  540,  791,  551,  848,  446,  607,  831,  628,  769,  557,  258,  871],
        [  170,  170,  494,  454,  249,  833,  596,  217,  512,  865,  261,    0,  750,  181,  559,  759,  464,  600,  374,  613,  865,  664,  577,  486,  473,  719],
        [  705,  705,  506,  469,  501,  812,  161,  696,  310,  728,  955,  750,    0,  613,  714,  629,  507,  299,  580,  691,  847,  771,  192,  535, 1028,  244],
        [   98,   98,  314,  273,  142,  674,  473,  313,  433,  693,  343,  181,  613,    0,  408,  585,  285,  528,  202,  453,  708,  514,  428,  309,  465,  549],
        [  390,  390,  213,  265,  493,  277,  648,  721,  708,  335,  540,  559,  714,  408,    0,  263,  221,  794,  220,   70,  307,  107,  542,  186,  430,  514],
        [  602,  602,  277,  333,  617,  185,  624,  878,  737,  119,  791,  759,  629,  585,  263,    0,  306,  804,  386,  195,  219,  226,  509,  277,  692,  388],
        [  322,  322,   30,   45,  315,  427,  428,  572,  490,  420,  551,  464,  507,  285,  221,  306,    0,  574,  106,  226,  464,  306,  327,   38,  544,  342],
        [  624,  624,  588,  531,  387,  971,  191,  473,   96,  918,  848,  600,  299,  528,  794,  804,  574,    0,  598,  797, 1009,  879,  300,  611,  991,  477],
        [  221,  221,  132,  123,  274,  474,  478,  509,  507,  492,  446,  374,  580,  202,  220,  386,  106,  598,    0,  255,  509,  323,  391,  117,  452,  439],
        [  446,  446,  209,  269,  524,  222,  640,  764,  715,  268,  607,  613,  691,  453,   70,  195,  226,  797,  255,    0,  255,   82,  530,  189,  497,  478],
        [  697,  697,  440,  502,  774,   38,  834, 1018,  935,  148,  831,  865,  847,  708,  307,  219,  464, 1009,  509,  255,    0,  205,  719,  427,  667,  607],
        [  495,  495,  291,  350,  596,  179,  722,  827,  796,  263,  628,  664,  771,  514,  107,  226,  306,  879,  323,   82,  205,    0,  612,  269,  485,  552],
        [  517,  517,  331,  285,  331,  682,  116,  560,  250,  620,  769,  577,  192,  428,  542,  509,  327,  300,  391,  530,  719,  612,    0,  358,  838,  194],
        [  337,  337,   29,   81,  349,  391,  462,  604,  527,  389,  557,  486,  535,  309,  186,  277,   38,  611,  117,  189,  427,  269,  358,    0,  532,  356],
        [  371,  371,  558,  573,  606,  651,  911,  689,  896,  747,  258,  473, 1028,  465,  430,  692,  544,  991,  452,  497,  667,  485,  838,  532,    0,  885],
        [  622,  622,  328,  316,  486,  573,  287,  737,  440,  485,  871,  719,  244,  549,  514,  388,  342,  477,  439,  478,  607,  552,  194,  356,  885,    0]
    ]
}
