{
    "name": "random-16-32488",
    "comment": "size=16 seed=32488",
    "nodes": ["+0", "-0", "+1", "-1", "+2", "-2", "+3", "-3", "+4", "-4", "+5", "-5", "+6", "-6", "+7", "-7", "+8", "-8", "+9", "-9", "+10", "-10", "+11", "-11", "+12", "-12", "+13", "-13", "+14", "-14", "+15", "-15", "+16", "-16"],
    "precedence": {
        "+0": "-0",
        "+1": "-1",
        "+2": "-2",
        "+3": "-3",
        "+4": "-4",
        "+5": "-5",
        "+6": "-6",
        "+7": "-7",
        "+8": "-8",
        "+9": "-9",
        "+10": "-10",
        "+11": "-11",
        "+12": "-12",
        "+13": "-13",
        "+14": "-14",
        "+15": "-15",
        "+16": "-16"
    },
    "edges": [
        [    0,    0,  360,  358,  793,  842,  137,  353,  978,  866,  662,  940,  572,  126,  177,  820,  383,  255,  566,  483,  838,  694,  550,  548,  836,  713,  932,  386,  708,  905,  836,  678,  687,  487],
        [    0,    0,  360,  358,  793,  842,  137,  353,  978,  866,  662,  940,  572,  126,  177,  820,  383,  255,  566,  483,  838,  694,  550,  548,  836,  713,  932,  386,  708,  905,  836,  678,  687,  487],
        [  360,  360,    0,  309,  456,  612,  314,  282,  648,  688,  373,  591,  458,  234,  214,  678,   31,  319,  493,  282,  598,  400,  467,  391,  666,  402,  579,  311,  453,  611,  561,  474,  569,  340],
        [  358,  358,  309,    0,  545,  497,  426,  534,  703,  509,  371,  706,  745,  301,  359,  464,  337,  507,  219,  168,  496,  701,  744,  195,  478,  437,  809,   31,  384,  594,  864,  331,  332,  138],
        [  793,  793,  456,  545,    0,  352,  769,  699,  193,  491,  187,  162,  789,  674,  668,  543,  445,  767,  553,  379,  326,  524,  817,  422,  492,  119,  374,  520,  250,  216,  646,  354,  523,  438],
        [  842,  842,  612,  497,  352,    0,  876,  893,  362,  143,  258,  457, 1043,  755,  785,  214,  618,  919,  363,  364,   27,  837, 1061,  302,  153,  275,  725,  466,  162,  195,  977,  166,  263,  360],
        [  137,  137,  314,  426,  769,  876,    0,  222,  960,  919,  665,  904,  437,  126,  101,  885,  330,  119,  644,  514,  867,  586,  414,  598,  892,  706,  855,  449,  729,  910,  719,  718,  756,  537],
        [  353,  353,  282,  534,  699,  893,  222,    0,  890,  967,  649,  807,  226,  275,  199,  953,  276,  119,  745,  557,  878,  387,  214,  661,  945,  669,  693,  548,  733,  878,  504,  754,  836,  605],
        [  978,  978,  648,  703,  193,  362,  960,  890,    0,  501,  333,  136,  966,  862,  859,  575,  637,  959,  663,  536,  337,  679,  998,  549,  514,  270,  442,  676,  344,  167,  777,  442,  599,  580],
        [  866,  866,  688,  509,  491,  143,  919,  967,  501,    0,  371,  600, 1136,  795,  836,   90,  700,  978,  324,  414,  170,  956, 1150,  322,   33,  404,  865,  480,  270,  335, 1102,  214,  199,  384],
        [  662,  662,  373,  371,  187,  258,  665,  649,  333,  371,    0,  346,  787,  555,  567,  399,  374,  689,  367,  204,  238,  586,  807,  235,  361,   70,  531,  344,  101,  245,  732,  186,  351,  254],
        [  940,  940,  591,  706,  162,  457,  904,  807,  136,  600,  346,    0,  860,  818,  804,  665,  575,  887,  707,  541,  431,  559,  894,  580,  608,  277,  307,  681,  393,  274,  646,  498,  665,  598],
        [  572,  572,  458,  745,  789, 1043,  437,  226,  966, 1136,  787,  860,    0,  500,  424, 1133,  440,  320,  946,  739, 1024,  327,   45,  848, 1117,  790,  667,  755,  882,  991,  372,  923, 1026,  797],
        [  126,  126,  234,  301,  674,  755,  126,  275,  862,  795,  555,  818,  500,    0,   77,  760,  257,  213,  520,  392,  748,  579,  487,  473,  767,  601,  807,  324,  611,  800,  727,  595,  631,  412],
        [  177,  177,  214,  359,  668,  785,  101,  199,  859,  836,  567,  804,  424,   77,    0,  808,  230,  148,  577,  425,  775,  517,  411,  517,  810,  606,  765,  379,  634,  811,  660,  630,  682,  456],
        [  820,  820,  678,  464,  543,  214,  885,  953,  575,   90,  399,  665, 1133,  760,  808,    0,  693,  953,  261,  397,  239,  977, 1144,  293,   64,  444,  915,  438,  303,  409, 1128,  220,  135,  352],
        [  383,  383,   31,  337,  445,  618,  330,  276,  637,  700,  374,  575,  440,  257,  230,  693,    0,  323,  516,  300,  603,  370,  451,  409,  679,  399,  552,  338,  458,  608,  531,  486,  587,  361],
        [  255,  255,  319,  507,  767,  919,  119,  119,  959,  978,  689,  887,  320,  213,  148,  953,  323,    0,  725,  565,  907,  504,  296,  661,  953,  720,  799,  526,  764,  929,  623,  769,  828,  601],
        [  566,  566,  493,  219,  553,  363,  644,  745,  663,  324,  367,  707,  946,  520,  577,  261,  516,  725,    0,  233,  373,  854,  950,  138,  291,  435,  886,  199,  320,  518, 1016,  223,  127,  160],
        [  483,  483,  282,  168,  379,  364,  514,  557,  536,  414,  204,  541,  739,  392,  425,  397,  300,  565,  233,    0,  357,  623,  748,  110,  389,  270,  671,  142,  227,  433,  784,  206,  288,   75],
        [  838,  838,  598,  496,  326,   27,  867,  878,  337,  170,  238,  431, 1024,  748,  775,  239,  603,  907,  373,  357,    0,  814, 1043,  304,  179,  252,  698,  466,  145,  171,  953,  167,  279,  359],
        [  694,  694,  400,  701,  524,  837,  586,  387,  679,  956,  586,  559,  327,  579,  517,  977,  370,  504,  854,  623,  814,    0,  368,  728,  944,  563,  340,  698,  686,  739,  163,  757,  898,  695],
        [  550,  550,  467,  744,  817, 1061,  414,  214,  998, 1150,  807,  894,   45,  487,  411, 1144,  451,  296,  950,  748, 1043,  368,    0,  856, 1130,  813,  708,  755,  900, 1017,  417,  936, 1034,  804],
        [  548,  548,  391,  195,  422,  302,  598,  661,  549,  322,  235,  580,  848,  473,  517,  293,  409,  661,  138,  110,  304,  728,  856,    0,  294,  304,  749,  165,  208,  418,  888,  137,  179,   62],
        [  836,  836,  666,  478,  492,  153,  892,  945,  514,   33,  361,  608, 1117,  767,  810,   64,  679,  953,  291,  389,  179,  944, 1130,  294,    0,  399,  865,  451,  261,  347, 1092,  195,  167,  356],
        [  713,  713,  402,  437,  119,  275,  706,  669,  270,  404,   70,  277,  790,  601,  606,  444,  399,  720,  435,  270,  252,  563,  813,  304,  399,    0,  474,  411,  141,  210,  702,  241,  410,  323],
        [  932,  932,  579,  809,  374,  725,  855,  693,  442,  865,  531,  307,  667,  807,  765,  915,  552,  799,  886,  671,  698,  340,  708,  749,  865,  474,    0,  793,  615,  565,  370,  714,  881,  743],
        [  386,  386,  311,   31,  520,  466,  449,  548,  676,  480,  344,  681,  755,  324,  379,  438,  338,  526,  199,  142,  466,  698,  755,  165,  451,  411,  793,    0,  354,  565,  861,  301,  307,  108],
        [  708,  708,  453,  384,  250,  162,  729,  733,  344,  270,  101,  393,  882,  611,  634,  303,  458,  764,  320,  227,  145,  686,  900,  208,  261,  141,  615,  354,    0,  212,  832,  106,  274,  250],
        [  905,  905,  611,  594,  216,  195,  910,  878,  167,  335,  245,  274,  991,  800,  811,  409,  608,  929,  518,  433,  171,  739, 1017,  418,  347,  210,  565,  565,  212,    0,  861,  296,  441,  461],
        [  836,  836,  561,  864,  646,  977,  719,  504,  777, 1102,  732,  646,  372,  727,  660, 1128,  531,  623, 1016,  784,  953,  163,  417,  888, 1092,  702,  370,  861,  832,  861,    0,  909, 1055,  857],
        [  678,  678,  474,  331,  354,  166,  718,  754,  442,  214,  186,  498,  923,  595,  630,  220,  486,  769,  223,  206,  167,  757,  936,  137,  195,  241,  714,  301,  106,  296,  909,    0,  170,  194],
        [  687,  687,  569,  332,  523,  263,  756,  836,  599,  199,  351,  665, 1026,  631,  682,  135,  587,  828,  127,  288,  279,  898, 1034,  179,  167,  410,  881,  307,  274,  441, 1055,  170,    0,  232],
        [  487,  487,  340,  138,  438,  360,  537,  605,  580,  384,  254,  598,  797,  412,  456,  352,  361,  601,  160,   75,  359,  695,  804,   62,  356,  323,  743,  108,  250,  461,  857,  194,  232,    0]
    ]
}
