{
    "name": "random-72-21516",
    "comment": "size=72 seed=21516",
    "nodes": ["+0", "-0", "+1", "-1", "+2", "-2", "+3", "-3", "+4", "-4", "+5", "-5", "+6", "-6", "+7", "-7", "+8", "-8", "+9", "-9", "+10", "-10", "+11", "-11", "+12", "-12", "+13", "-13", "+14", "-14", "+15", "-15", "+16", "-16", "+17", "-17", "+18", "-18", "+19", "-19", "+20", "-20", "+21", "-21", "+22", "-22", "+23", "-23", "+24", "-24", "+25", "-25", "+26", "-26", "+27", "-27", "+28", "-28", "+29", "-29", "+30", "-30", "+31", "-31", "+32", "-32", "+33", "-33", "+34", "-34", "+35", "-35", "+36", "-36", "+37", "-37", "+38", "-38", "+39", "-39", "+40", "-40", "+41", "-41", "+42", "-42", "+43", "-43", "+44", "-44", "+45", "-45", "+46", "-46", "+47", "-47", "+48", "-48", "+49", "-49", "+50", "-50", "+51", "-51", "+52", "-52", "+53", "-53", "+54", "-54", "+55", "-55", "+56", "-56", "+57", "-57", "+58", "-58", "+59", "-59", "+60", "-60", "+61", "-61", "+62", "-62", "+63", "-63", "+64", "-64", "+65", "-65", "+66", "-66", "+67", "-67", "+68", "-68", "+69", "-69", "+70", "-70", "+71", "-71", "+72", "-72"],
    "precedence": {
        "+0": "-0",
        "+1": "-1",
        "+2": "-2",
        "+3": "-3",
        "+4": "-4",
        "+5": "-5",
        "+6": "-6",
        "+7": "-7",
        "+8": "-8",
        "+9": "-9",
        "+10": "-10",
        "+11": "-11",
        "+12": "-12",
        "+13": "-13",
        "+14": "-14",
        "+15": "-15",
        "+16": "-16",
        "+17": "-17",
        "+18": "-18",
        "+19": "-19",
        "+20": "-20",
        "+21": "-21",
        "+22": "-22",
        "+23": "-23",
        "+24": "-24",
        "+25": "-25",
        "+26": "-26",
        "+27": "-27",
        "+28": "-28",
        "+29": "-29",
        "+30": "-30",
        "+31": "-31",
        "+32": "-32",
        "+33": "-33",
        "+34": "-34",
        "+35": "-35",
        "+36": "-36",
        "+37": "-37",
        "+38": "-38",
        "+39": "-39",
        "+40": "-40",
        "+41": "-41",
        "+42": "-42",
        "+43": "-43",
        "+44": "-44",
        "+45": "-45",
        "+46": "-46",
        "+47": "-47",
        "+48": "-48",
        "+49": "-49",
        "+50": "-50",
        "+51": "-51",
        "+52": "-52",
        "+53": "-53",
        "+54": "-54",
        "+55": "-55",
        "+56": "-56",
        "+57": "-57",
        "+58": "-58",
        "+59": "-59",
        "+60": "-60",
        "+61": "-61",
        "+62": "-62",
        "+63": "-63",
        "+64": "-64",
        "+65": "-65",
        "+66": "-66",
        "+67": "-67",
        "+68": "-68",
        "+69": "-69",
        "+70": "-70",
        "+71": "-71",
        "+72": "-72"
    },
    "edges": [
        [    0,    0,  168,  722,  206,  498,  540,  275,  366,  102,  676,  429,  280,  345,  257,  646,  342,   42,  455,  452,  389,  369,  375,  532,  263,  580,  579,  431,  450,  628,   69,   99,  528,  111,  432,  350,  648,  430,  291,  529,  223,  616,  531,  389,  223,  482,  185,  135,  548,  427,  218,  242,  402,  378,  448,  254,   72,  406,  152,  397,  733,  322,  444,  182,  681,  329,  547,  403,  479,  509,  499,  398,  550,  304,  369,  653,  411,  292,   79,  329,  283,  545,  358,  504,  463,  444,  116,  486,  286,  197,  498,  475,  123,  463,  751,  232,  118,  670,  192,  653,  387,  287,  201,  544,  239,  361,  367,  570,   12,  502,  549,  326,  680,  484,  305,  109,  294,  387,  577,  145,  468,  410,  342,  657,  689,  340,  112,  556,  408,  549,  429,  235,  567,  540,  656,  285,  318,  544,  377,  413,  292,  569,  256,  413,  468,  441],
        [    0,    0,    0,    0,    0,    0,    0,    0,    0,    0,    0,    0,    0,    0,    0,    0,    0,    0,    0,    0,    0,    0,    0,    0,    0,    0,    0,    0,    0,    0,    0,    0,    0,    0,    0,    0,    0,    0,    0,    0,    0,    0,    0,    0,    0,    0,    0,    0,    0,    0,    0,    0,    0,    0,    0,    0,    0,    0,    0,    0,    0,    0,    0,    0,    0,    0,    0,    0,    0,    0,    0,    0,    0,    0,    0,    0,    0,    0,    0,    0,    0,    0,    0,    0,    0,    0,    0,    0,    0,    0,    0,    0,    0,    0,    0,    0,    0,    0,    0,    0,    0,    0,    0,    0,    0,    0,    0,    0,    0,    0,    0,    0,    0,    0,    0,    0,    0,    0,    0,    0,    0,    0,    0,    0,    0,    0,    0,    0,    0,    0,    0,    0,    0,    0,    0,    0,    0,    0,    0,    0,    0,    0,    0,    0,    0,    0],
        [  168,    0,    0,  886,  342,  665,  637,  363,  278,   74,  705,  464,  364,  471,  146,  651,  175,  207,  594,  480,  223,  202,  344,  600,  255,  579,  731,  299,  592,  792,  139,   98,  692,  266,  300,  516,  645,  560,  423,  687,  370,  645,  365,  553,  322,  509,  126,  170,  644,  272,  209,  305,  263,  541,  535,  227,  232,  276,  315,  337,  895,  238,  562,  178,  699,  472,  600,  296,  538,  467,  332,  495,  608,  399,  299,  815,  335,  350,  104,  189,  346,  660,  412,  671,  534,  602,   91,  325,  245,  365,  335,  327,  205,  621,  915,  104,   76,  699,  123,  660,  458,  199,  282,  377,  313,  500,  532,  537,  177,  542,  382,  196,  697,  638,  154,  224,  451,  489,  592,  310,  587,  322,  315,  656,  852,  479,  278,  668,  502,  710,  588,  348,  670,  591,  663,  259,  371,  590,  522,  248,  368,  736,  369,  297,  635,  312],
        [  722,    0,  886,    0,  647,  302,  782,  751, 1049,  823,  836,  915,  634,  643,  920,  904, 1056,  689,  372,  767, 1109, 1079,  871,  656,  899,  890,  221, 1141,  357,   95,  775,  795,  194,  654, 1141,  378,  927,  427,  630,  218,  528,  815, 1235,  334,  628,  959,  843,  756,  787, 1111,  877,  688, 1117,  437,  584,  912,  673, 1052,  572,  933,   51, 1007,  470,  791,  879,  445,  708, 1097,  878,  956, 1214,  560,  692,  738,  934,   74, 1073,  688,  784, 1005,  679,  705,  844,  296,  838,  294,  833, 1177,  855,  534, 1193, 1142,  708,  440,   30,  918,  838,  839,  898,  903,  644,  915,  761, 1260,  667,  584,  419,  968,  715,  742, 1264, 1040,  883,  272,  997,  725,  439,  550,  841,  578,  458, 1086,  966,  927,   39,  451,  610,  472,  754,  182,  434,  591,  515,  932,  902,  930,  830,  733,  399, 1121,  648,  246,  578, 1112,  276, 1148],
        [  206,    0,  342,  647,    0,  370,  345,  122,  409,  270,  832,  307,  425,  139,  459,  821,  507,  171,  489,  622,  539,  538,  573,  664,  254,  760,  565,  515,  475,  555,  204,  302,  465,  102,  516,  283,  826,  487,   85,  498,  291,  776,  698,  343,  366,  360,  390,  336,  352,  614,  240,  411,  500,  228,  566,  271,  140,  606,  202,  601,  672,  371,  520,  385,  846,  374,  690,  460,  320,  707,  654,  510,  689,  131,  574,  588,  427,  457,  281,  525,  446,  340,  227,  376,  293,  422,  256,  666,  490,  159,  675,  667,  310,  290,  675,  429,  269,  828,  289,  827,  529,  492,  115,  696,  400,  159,  234,  764,  196,  660,  703,  426,  846,  469,  494,  119,  304,  496,  748,  185,  540,  443,  319,  834,  621,  394,  182,  630,  221,  501,  263,  359,  654,  385,  829,  285,  200,  694,  406,  583,  443,  443,  374,  479,  372,  520],
        [  498,    0,  665,  302,  370,    0,  486,  461,  779,  594,  859,  616,  528,  344,  737,  893,  839,  459,  371,  713,  883,  866,  757,  664,  623,  856,  328,  882,  348,  224,  536,  589,  178,  405,  883,  175,  910,  410,  337,  257,  371,  818, 1028,  189,  494,  659,  658,  575,  491,  921,  608,  560,  864,  144,  566,  641,  435,  883,  367,  809,  339,  740,  462,  620,  891,  348,  710,  830,  576,  872,  995,  519,  699,  443,  797,  262,  795,  581,  573,  818,  570,  414,  548,    7,  537,  241,  595,  982,  709,  303,  995,  963,  529,  142,  326,  723,  603,  858,  647,  895,  587,  749,  483, 1040,  540,  284,  138,  905,  489,  716, 1045,  789,  893,  271,  800,  468,  290,  505,  820,  365,  466,  812,  683,  914,  287,  367,  395,  531,  453,  226,  133,  462,  571,  631,  896,  653,  538,  727,  329,  911,  546,   74,  459,  847,   82,  888],
        [  540,    0,  637,  782,  345,  486,    0,  275,  553,  574, 1170,  253,  765,  216,  774, 1163,  770,  510,  770,  965,  780,  802,  914,  993,  423, 1104,  792,  679,  751,  709,  515,  627,  652,  445,  679,  523, 1170,  784,  270,  718,  617, 1116,  947,  583,  707,  261,  716,  674,    8,  896,  450,  755,  683,  383,  892,  456,  481,  913,  538,  936,  823,  538,  827,  722, 1186,  678, 1025,  605,  161, 1048,  888,  836, 1021,  241,  906,  747,  530,  800,  606,  825,  789,   86,  248,  491,  131,  665,  547,  935,  826,  475,  938,  956,  652,  344,  803,  737,  563, 1167,  538, 1169,  866,  816,  356,  922,  743,  244,  416, 1106,  531,  999,  930,  630, 1187,  710,  787,  435,  600,  821, 1090,  521,  842,  561,  425, 1177,  771,  700,  524,  928,  136,  699,  360,  696,  959,  180, 1171,  441,  280, 1031,  695,  843,  783,  537,  709,  628,  542,  675],
        [  275,    0,  363,  751,  122,  461,  275,    0,  339,  299,  936,  185,  530,  139,  499,  916,  505,  251,  611,  719,  523,  537,  648,  775,  183,  852,  684,  458,  597,  661,  241,  355,  577,  199,  459,  399,  919,  608,  125,  615,  408,  879,  689,  461,  470,  239,  443,  409,  283,  626,  192,  507,  452,  318,  679,  211,  226,  638,  317,  665,  780,  309,  640,  454,  946,  495,  798,  393,  208,  782,  636,  624,  798,   38,  634,  696,  342,  554,  334,  551,  544,  301,  106,  467,  189,  541,  272,  670,  556,  281,  675,  685,  394,  354,  778,  462,  289,  932,  272,  923,  636,  542,   81,  674,  498,  194,  333,  844,  266,  762,  682,  386,  946,  588,  514,  166,  426,  611,  845,  299,  660,  365,  227,  928,  728,  514,  290,  751,  140,  615,  338,  468,  773,  273,  925,  211,   80,  800,  528,  580,  546,  532,  485,  414,  477,  459],
        [  366,    0,  278, 1049,  409,  779,  553,  339,    0,  286,  982,  311,  627,  478,  403,  926,  287,  384,  820,  757,  264,  313,  616,  872,  159,  853,  934,  126,  813,  955,  299,  358,  860,  399,  127,  673,  918,  796,  456,  877,  587,  922,  420,  726,  577,  332,  402,  437,  558,  419,  172,  574,  135,  636,  800,  138,  389,  481,  506,  598, 1069,   45,  808,  454,  975,  693,  875,   55,  406,  731,  354,  755,  883,  371,  558,  985,   61,  621,  351,  399,  616,  609,  308,  785,  424,  794,  256,  433,  518,  521,  429,  480,  461,  687, 1077,  359,  263,  976,  178,  935,  727,  459,  296,  380,  578,  531,  643,  802,  368,  818,  389,  113,  973,  837,  356,  326,  649,  746,  868,  494,  833,   46,  129,  929, 1020,  705,  465,  920,  439,  889,  667,  596,  928,  435,  938,  129,  286,  866,  739,  342,  635,  852,  617,   77,  776,  124],
        [  102,    0,   74,  823,  270,  594,  574,  299,  286,    0,  712,  418,  342,  400,  201,  668,  246,  137,  548,  485,  290,  274,  372,  589,  220,  598,  678,  335,  545,  729,   66,   78,  630,  193,  336,  450,  666,  519,  352,  629,  318,  652,  437,  490,  292,  467,  152,  156,  581,  345,  172,  291,  304,  468,  515,  200,  160,  342,  253,  377,  835,  242,  527,  184,  711,  424,  596,  316,  485,  502,  401,  470,  602,  334,  342,  754,  337,  339,   66,  257,  333,  592,  359,  600,  478,  545,   36,  398,  273,  296,  409,  398,  176,  548,  852,  164,   24,  706,  109,  676,  444,  246,  218,  446,  294,  428,  460,  569,  109,  543,  451,  229,  710,  583,  225,  152,  394,  461,  604,  246,  552,  331,  292,  675,  790,  433,  214,  637,  438,  650,  516,  313,  643,  541,  679,  233,  318,  589,  472,  320,  350,  666,  334,  322,  568,  346],
        [  676,    0,  705,  836,  832,  859, 1170,  936,  982,  712,    0, 1104,  408,  954,  595,  109,  766,  689,  497,  228,  828,  763,  381,  195,  929,  163,  619,  982,  519,  786,  734,  635,  727,  739,  983,  706,  136,  451,  901,  651,  556,   61,  839,  671,  467, 1157,  581,  558, 1178,  708,  881,  434,  942,  846,  295,  911,  711,  606,  633,  426,  805,  943,  398,  531,   50,  521,  151,  996, 1144,  322,  869,  347,  160,  958,  463,  776, 1040,  385,  649,  640,  394, 1145, 1030,  860, 1122,  625,  747,  762,  470,  697,  783,  689,  553,  936,  855,  634,  735,    9,  817,  101,  305,  543,  872,  905,  440,  937,  813,  269,  681,  175,  902,  891,   55,  609,  671,  779,  595,  362,  122,  650,  399, 1026, 1003,  129,  800,  500,  651,  365, 1052,  697,  898,  475,  322, 1208,   97,  944,  991,  140,  530,  778,  391,  887,  462,  993,  779,  998],
        [  429,    0,  464,  915,  307,  616,  253,  185,  311,  418, 1104,    0,  701,  272,  609, 1074,  561,  416,  796,  881,  558,  592,  788,  951,  213, 1007,  864,  435,  781,  828,  378,  489,  749,  376,  435,  578, 1075,  792,  289,  794,  590, 1045,  722,  641,  641,   55,  570,  556,  256,  694,  256,  670,  445,  479,  858,  244,  397,  730,  498,  794,  947,  305,  823,  596, 1110,  680,  971,  359,   97,  920,  659,  803,  972,  184,  758,  864,  280,  720,  471,  641,  710,  323,   80,  622,  122,  722,  384,  723,  691,  465,  722,  756,  552,  489,  940,  567,  400, 1098,  346, 1082,  809,  660,  234,  688,  665,  332,  500,  986,  423,  930,  698,  403, 1109,  770,  599,  326,  611,  790, 1006,  480,  844,  313,  185, 1084,  895,  698,  468,  935,  174,  790,  485,  644,  956,  131, 1084,  220,  115,  970,  712,  629,  716,  682,  662,  383,  645,  429],
        [  280,    0,  364,  634,  425,  528,  765,  530,  627,  342,  408,  701,    0,  551,  322,  401,  493,  286,  276,  203,  556,  505,  239,  253,  542,  347,  433,  662,  284,  552,  344,  271,  460,  332,  663,  355,  410,  227,  496,  417,  166,  352,  641,  347,   60,  755,  262,  194,  773,  506,  496,   65,  626,  472,  174,  530,  305,  430,  229,  300,  626,  583,  211,  199,  421,  194,  270,  654,  737,  345,  639,  133,  272,  551,  301,  561,  678,   55,  277,  402,   46,  746,  626,  531,  715,  346,  373,  572,  228,  298,  592,  525,  167,  568,  661,  339,  365,  404,  450,  406,  108,  299,  468,  684,   51,  539,  443,  380,  283,  235,  685,  559,  422,  362,  410,  376,  238,  128,  326,  245,  236,  672,  620,  416,  596,  184,  244,  308,  645,  455,  528,   73,  307,  802,  407,  562,  587,  271,  236,  539,   20,  579,   69,  657,  461,  675],
        [  345,    0,  471,  643,  139,  344,  216,  139,  478,  400,  954,  272,  551,    0,  594,  950,  627,  309,  566,  751,  651,  658,  711,  778,  321,  892,  608,  596,  548,  558,  336,  439,  483,  240,  597,  326,  957,  575,   56,  536,  401,  900,  815,  389,  493,  317,  528,  474,  224,  741,  326,  543,  589,  209,  677,  348,  278,  740,  323,  739,  676,  448,  615,  523,  971,  466,  809,  532,  243,  844,  765,  620,  806,  109,  712,  594,  479,  587,  418,  657,  575,  202,  207,  350,  206,  472,  381,  789,  628,  260,  797,  797,  447,  222,  668,  562,  396,  951,  398,  955,  650,  630,  200,  805,  530,   61,  234,  900,  334,  784,  813,  521,  972,  519,  624,  250,  389,  606,  876,  306,  632,  502,  363,  964,  624,  487,  312,  720,  120,  527,  213,  481,  748,  304,  957,  349,  204,  815,  487,  703,  569,  411,  493,  553,  376,  598],
        [  257,    0,  146,  920,  459,  737,  774,  499,  403,  201,  595,  609,  322,  594,    0,  528,  180,  297,  588,  378,  244,  186,  217,  521,  400,  454,  739,  388,  592,  829,  261,  159,  730,  367,  389,  572,  519,  544,  543,  708,  393,  536,  322,  595,  302,  655,   79,  165,  781,  193,  355,  258,  348,  629,  477,  372,  328,  150,  370,  196,  920,  369,  532,  131,  581,  480,  510,  408,  682,  329,  318,  450,  522,  534,  157,  847,  463,  287,  179,   86,  289,  790,  555,  742,  677,  627,  230,  258,  127,  437,  276,  228,  214,  717,  948,   45,  213,  587,  268,  537,  391,   56,  418,  363,  274,  615,  613,  400,  268,  445,  364,  301,  579,  655,   89,  345,  483,  448,  476,  372,  557,  444,  458,  529,  883,  480,  343,  626,  639,  739,  681,  337,  619,  736,  541,  403,  515,  495,  530,  218,  319,  803,  354,  402,  693,  404],
        [  646,    0,  651,  904,  821,  893, 1163,  916,  926,  668,  109, 1074,  401,  950,  528,    0,  691,  666,  547,  199,  751,  684,  312,  249,  888,   74,  684,  913,  567,  846,  698,  592,  777,  723,  914,  731,   28,  496,  895,  707,  561,   94,  748,  705,  457, 1126,  526,  519, 1171,  621,  839,  411,  874,  864,  332,  867,  691,  519,  628,  345,  876,  888,  445,  485,   67,  547,  197,  935, 1123,  226,  783,  375,  213,  941,  384,  840,  985,  365,  608,  562,  375, 1146, 1004,  896, 1105,  669,  704,  671,  408,  698,  692,  596,  524,  957,  925,  570,  690,  101,  768,   11,  312,  473,  846,  816,  421,  939,  832,  166,  653,  178,  812,  828,   63,  660,  597,  753,  615,  389,   75,  644,  452,  968,  959,   24,  867,  528,  640,  436, 1040,  752,  918,  472,  396, 1186,   15,  900,  964,  173,  566,  695,  382,  930,  463,  929,  816,  929],
        [  342,    0,  175, 1056,  507,  839,  770,  505,  287,  246,  766,  561,  493,  627,  180,  691,    0,  381,  747,  554,   65,   33,  385,  700,  353,  618,  892,  229,  749,  963,  308,  262,  863,  438,  230,  690,  679,  708,  584,  852,  533,  708,  192,  724,  464,  596,  232,  312,  776,  135,  320,  429,  190,  714,  654,  320,  406,  200,  487,  348, 1063,  268,  701,  295,  749,  631,  688,  271,  648,  477,  159,  624,  700,  542,  308,  985,  346,  463,  273,  130,  463,  805,  528,  845,  654,  769,  253,  166,  304,  539,  171,  197,  357,  792, 1085,  154,  241,  759,  234,  701,  569,  226,  429,  205,  443,  663,  706,  548,  351,  622,  209,  174,  746,  802,   96,  389,  619,  620,  646,  483,  727,  318,  383,  690, 1021,  635,  451,  800,  638,  878,  760,  496,  795,  691,  705,  341,  492,  672,  682,   77,  492,  910,  515,  258,  809,  246],
        [   42,    0,  207,  689,  171,  459,  510,  251,  384,  137,  689,  416,  286,  309,  297,  666,  381,    0,  436,  469,  427,  408,  405,  537,  267,  602,  554,  457,  429,  594,   89,  139,  495,   71,  458,  314,  669,  415,  255,  500,  205,  631,  570,  356,  227,  469,  224,  166,  518,  468,  226,  257,  431,  338,  448,  263,   32,  446,  124,  431,  702,  340,  434,  215,  697,  310,  556,  425,  458,  539,  537,  396,  557,  277,  404,  620,  424,  306,  120,  370,  296,  510,  341,  465,  440,  416,  145,  526,  319,  160,  538,  516,  144,  422,  718,  273,  150,  684,  215,  672,  394,  325,  183,  582,  250,  322,  327,  597,   31,  515,  588,  354,  697,  457,  346,   90,  267,  385,  595,  113,  458,  427,  346,  677,  656,  323,   82,  547,  380,  518,  388,  233,  561,  521,  675,  292,  302,  555,  355,  453,  301,  530,  253,  436,  431,  467],
        [  455,    0,  594,  372,  489,  371,  770,  611,  820,  548,  497,  796,  276,  566,  588,  547,  747,  436,    0,  396,  807,  764,  505,  304,  697,  525,  160,  883,   23,  302,  521,  496,  231,  438,  884,  250,  567,   55,  524,  162,  233,  463,  910,  196,  287,  849,  518,  436,  777,  777,  660,  336,  852,  396,  218,  697,  436,  704,  317,  569,  357,  775,  103,  458,  533,  127,  354,  858,  799,  584,  901,  188,  340,  616,  575,  302,  860,  325,  493,  671,  318,  722,  716,  371,  766,  131,  570,  843,  503,  331,  862,  799,  392,  472,  397,  597,  568,  497,  646,  547,  272,  571,  581,  947,  317,  527,  362,  597,  452,  377,  949,  777,  537,  114,  673,  508,  186,  179,  479,  332,   99,  863,  775,  569,  334,  116,  357,  164,  683,  207,  439,  253,  202,  863,  547,  724,  687,  375,   85,  802,  286,  392,  234,  867,  289,  894],
        [  452,    0,  480,  767,  622,  713,  965,  719,  757,  485,  228,  881,  203,  751,  378,  199,  554,  469,  396,    0,  618,  555,  179,  166,  702,  146,  549,  762,  413,  696,  508,  408,  617,  524,  763,  545,  207,  341,  696,  556,  366,  167,  654,  526,  258,  934,  356,  331,  972,  516,  654,  213,  723,  672,  186,  684,  493,  418,  430,  239,  747,  716,  297,  304,  229,  366,  138,  772,  926,  198,  673,  209,  153,  743,  267,  697,  813,  166,  422,  434,  177,  947,  809,  716,  907,  504,  520,  577,  252,  501,  598,  510,  330,  766,  791,  414,  508,  221,  590,  205,  129,  329,  651,  713,  223,  741,  641,  202,  459,   69,  711,  668,  229,  505,  460,  558,  428,  220,  126,  446,  312,  801,  776,  214,  728,  349,  441,  335,  841,  600,  727,  275,  307,  990,  207,  717,  769,  119,  394,  576,  184,  757,  268,  770,  640,  777],
        [  389,    0,  223, 1109,  539,  883,  780,  523,  264,  290,  828,  558,  556,  651,  244,  751,   65,  427,  807,  618,    0,   68,  448,  764,  358,  678,  950,  183,  808, 1015,  348,  316,  915,  479,  183,  739,  738,  769,  612,  908,  590,  771,  168,  776,  525,  588,  295,  372,  786,  164,  333,  492,  147,  754,  718,  325,  449,  248,  538,  407, 1117,  256,  764,  358,  810,  689,  753,  238,  649,  534,  115,  687,  764,  560,  368, 1038,  319,  527,  325,  190,  527,  820,  533,  889,  659,  824,  290,  170,  368,  586,  166,  222,  416,  827, 1138,  218,  280,  821,  254,  761,  633,  289,  452,  158,  506,  692,  748,  605,  398,  686,  164,  157,  807,  859,  159,  423,  673,  683,  708,  533,  789,  288,  375,  749, 1075,  694,  500,  863,  651,  932,  798,  556,  859,  687,  765,  342,  501,  736,  740,   80,  555,  955,  576,  220,  857,  199],
        [  369,    0,  202, 1079,  538,  866,  802,  537,  313,  274,  763,  592,  505,  658,  186,  684,   33,  408,  764,  555,   68,    0,  383,  704,  384,  612,  911,  247,  766,  986,  338,  285,  886,  467,  247,  714,  671,  723,  615,  873,  554,  706,  163,  747,  479,  627,  247,  329,  808,  106,  352,  441,  209,  742,  663,  351,  434,  181,  511,  340, 1084,  297,  715,  308,  743,  650,  691,  295,  680,  466,  137,  635,  703,  574,  302, 1007,  372,  473,  297,  124,  474,  837,  559,  872,  686,  790,  283,  134,  307,  565,  139,  168,  376,  821, 1107,  168,  270,  755,  266,  694,  577,  227,  461,  183,  456,  694,  734,  537,  378,  623,  186,  201,  741,  822,   98,  419,  640,  632,  642,  508,  740,  343,  413,  682, 1044,  653,  476,  811,  670,  900,  789,  512,  805,  722,  698,  373,  524,  674,  700,   46,  503,  937,  531,  280,  834,  263],
        [  375,    0,  344,  871,  573,  757,  914,  648,  616,  372,  381,  788,  239,  711,  217,  312,  385,  405,  505,  179,  448,  383,    0,  340,  590,  238,  664,  603,  516,  790,  413,  300,  699,  472,  604,  583,  303,  452,  656,  653,  387,  324,  475,  583,  264,  838,  222,  240,  922,  338,  542,  198,  564,  682,  331,  567,  434,  240,  415,   67,  860,  579,  421,  195,  365,  433,  317,  624,  848,  135,  496,  327,  331,  678,   89,  798,  675,  185,  318,  260,  194,  913,  724,  761,  836,  585,  407,  399,  100,  491,  420,  333,  265,  778,  897,  259,  392,  374,  465,  321,  246,  163,  571,  535,  218,  716,  658,  198,  384,  247,  533,  517,  363,  599,  290,  483,  470,  332,  261,  426,  442,  658,  657,  314,  832,  423,  408,  488,  782,  693,  738,  297,  468,  908,  324,  599,  683,  296,  475,  401,  224,  813,  303,  618,  695,  619],
        [  532,    0,  600,  656,  664,  664,  993,  775,  872,  589,  195,  951,  253,  778,  521,  249,  700,  537,  304,  166,  764,  704,  340,    0,  794,  243,  436,  894,  325,  599,  596,  515,  535,  577,  895,  514,  272,  257,  726,  461,  377,  161,  813,  477,  311, 1005,  483,  436, 1001,  675,  748,  299,  856,  656,  103,  782,  554,  579,  462,  403,  629,  829,  204,  424,  230,  330,   53,  895,  981,  354,  828,  159,   37,  793,  429,  592,  925,  252,  523,  586,  257,  962,  874,  666,  956,  431,  622,  737,  398,  518,  759,  673,  417,  745,  677,  551,  613,  195,  698,  248,  146,  479,  718,  870,  297,  755,  622,  339,  536,  106,  869,  795,  233,  417,  607,  627,  406,  174,  189,  480,  206,  917,  872,  272,  619,  308,  486,  191,  882,  507,  707,  308,  155, 1046,  247,  813,  836,   79,  336,  730,  241,  693,  291,  896,  584,  909],
        [  263,    0,  255,  899,  254,  623,  423,  183,  159,  220,  929,  213,  542,  321,  400,  888,  353,  267,  697,  702,  358,  384,  590,  794,    0,  818,  799,  276,  687,  806,  198,  296,  713,  261,  277,  527,  885,  680,  298,  737,  469,  869,  525,  583,  485,  255,  369,  371,  429,  484,   49,  499,  271,  480,  710,   34,  262,  518,  380,  590,  921,  127,  700,  403,  929,  572,  806,  212,  296,  718,  466,  660,  810,  216,  552,  837,  174,  549,  281,  429,  541,  468,  176,  629,  302,  656,  185,  517,  491,  380,  519,  545,  379,  529,  927,  357,  199,  923,  134,  896,  648,  452,  140,  501,  499,  373,  488,  786,  261,  757,  510,  210,  928,  700,  387,  190,  518,  649,  823,  365,  724,  190,   80,  895,  872,  586,  341,  813,  297,  745,  509,  497,  827,  343,  899,   31,  144,  801,  614,  424,  554,  696,  518,  233,  625,  277],
        [  580,    0,  579,  890,  760,  856, 1104,  852,  853,  598,  163, 1007,  347,  892,  454,   74,  618,  602,  525,  146,  678,  612,  238,  243,  818,    0,  670,  840,  544,  826,  630,  522,  752,  661,  841,  690,   68,  472,  836,  686,  511,  121,  679,  668,  401, 1058,  454,  451, 1112,  550,  769,  349,  800,  817,  308,  797,  628,  448,  572,  272,  866,  816,  423,  415,  134,  509,  193,  861, 1058,  159,  712,  343,  211,  878,  311,  823,  912,  306,  539,  489,  317, 1090,  938,  859, 1041,  640,  633,  602,  335,  644,  623,  528,  459,  911,  913,  496,  620,  155,  697,   83,  270,  400,  780,  746,  362,  884,  786,  110,  588,  149,  743,  755,  131,  637,  524,  688,  572,  356,   58,  588,  433,  895,  888,   78,  852,  491,  581,  433,  978,  731,  872,  420,  397, 1120,   87,  829,  897,  165,  533,  623,  328,  897,  413,  856,  782,  856],
        [  579,    0,  731,  221,  565,  328,  792,  684,  934,  678,  619,  864,  433,  608,  739,  684,  892,  554,  160,  549,  950,  911,  664,  436,  799,  670,    0, 1009,  150,  171,  641,  635,  151,  538, 1010,  287,  706,  213,  578,   75,  362,  595, 1061,  224,  439,  915,  667,  582,  798,  930,  767,  493,  981,  409,  365,  804,  546,  861,  430,  728,  199,  891,  252,  609,  660,  262,  488,  977,  850,  741, 1048,  344,  472,  681,  733,  158,  968,  484,  628,  824,  477,  729,  787,  325,  814,  144,  695,  997,  660,  419, 1015,  955,  536,  459,  243,  745,  696,  621,  768,  683,  429,  726,  670, 1094,  473,  558,  378,  750,  574,  522, 1097,  905,  664,   99,  823,  611,  287,  336,  621,  442,  238,  976,  873,  707,  184,  260,  472,  255,  727,  103,  435,  403,  299,  912,  682,  828,  763,  512,  211,  951,  445,  318,  387,  989,  254, 1020],
        [  431,    0,  299, 1141,  515,  882,  679,  458,  126,  335,  982,  435,  662,  596,  388,  913,  229,  457,  883,  762,  183,  247,  603,  894,  276,  840, 1009,    0,  879, 1046,  369,  394,  949,  487,    2,  763,  902,  852,  570,  957,  652,  922,  314,  811,  619,  453,  412,  468,  684,  346,  277,  603,   40,  742,  833,  250,  470,  427,  580,  572, 1157,  150,  858,  471,  968,  758,  890,   76,  531,  703,  245,  793,  900,  492,  532, 1074,  161,  645,  393,  357,  642,  734,  434,  889,  550,  873,  315,  343,  512,  607,  334,  403,  501,  800, 1169,  349,  315,  974,  243,  923,  754,  441,  407,  264,  611,  647,  745,  775,  436,  827,  274,  106,  966,  913,  318,  418,  723,  787,  863,  570,  883,  127,  255,  913, 1110,  767,  539,  965,  564,  974,  777,  644,  968,  557,  926,  249,  411,  877,  806,  261,  666,  956,  665,   53,  873,   17],
        [  450,    0,  592,  357,  475,  348,  751,  597,  813,  545,  519,  781,  284,  548,  592,  567,  749,  429,   23,  413,  808,  766,  516,  325,  687,  544,  150,  879,    0,  284,  515,  495,  210,  427,  880,  230,  587,   73,  507,  144,  227,  484,  913,  175,  290,  834,  521,  438,  758,  782,  651,  343,  848,  376,  237,  689,  427,  711,  308,  580,  344,  768,  123,  462,  555,  121,  375,  852,  783,  600,  903,  205,  362,  601,  584,  286,  852,  335,  490,  676,  328,  701,  702,  349,  750,  108,  565,  848,  510,  318,  867,  805,  392,  451,  383,  600,  564,  519,  641,  568,  288,  577,  569,  949,  324,  508,  341,  614,  446,  396,  951,  773,  558,   94,  676,  498,  173,  194,  499,  323,  120,  856,  765,  590,  319,  114,  349,  186,  665,  188,  418,  255,  224,  847,  568,  715,  673,  396,   74,  805,  295,  370,  238,  862,  267,  890],
        [  628,    0,  792,   95,  555,  224,  709,  661,  955,  729,  786,  828,  552,  558,  829,  846,  963,  594,  302,  696, 1015,  986,  790,  599,  806,  826,  171, 1046,  284,    0,  681,  702,  100,  559, 1047,  283,  867,  356,  542,  141,  436,  759, 1143,  240,  541,  874,  752,  665,  714, 1021,  783,  603, 1022,  350,  519,  818,  578,  963,  478,  851,  119,  913,  404,  701,  826,  360,  650, 1003,  796,  881, 1121,  488,  635,  649,  850,   39,  979,  606,  691,  914,  597,  636,  756,  219,  757,  206,  739, 1086,  769,  439, 1102, 1053,  616,  365,  124,  826,  743,  788,  804,  845,  571,  826,  668, 1167,  582,  500,  329,  898,  620,  678, 1171,  945,  830,  193,  905,  631,  347,  478,  780,  484,  395,  992,  874,  868,   67,  368,  516,  425,  672,   98,  354,  504,  468,  852,  844,  836,  741,  673,  316, 1028,  566,  182,  493, 1018,  185, 1054],
        [   69,    0,  139,  775,  204,  536,  515,  241,  299,   66,  734,  378,  344,  336,  261,  698,  308,   89,  521,  508,  348,  338,  413,  596,  198,  630,  641,  369,  515,  681,    0,  115,  582,  131,  370,  399,  698,  497,  287,  588,  289,  674,  500,  444,  289,  429,  203,  180,  522,  410,  152,  302,  343,  407,  514,  187,  104,  405,  212,  426,  789,  254,  512,  219,  736,  395,  609,  338,  436,  546,  461,  465,  613,  275,  393,  707,  342,  352,   95,  322,  344,  530,  312,  542,  425,  504,   60,  463,  318,  243,  473,  463,  182,  484,  804,  227,   68,  728,  127,  706,  451,  302,  161,  505,  301,  363,  400,  610,   70,  561,  511,  266,  736,  545,  290,   87,  355,  455,  631,  201,  536,  343,  276,  707,  743,  407,  170,  624,  380,  606,  452,  303,  635,  495,  708,  218,  270,  605,  442,  383,  356,  608,  324,  348,  514,  379],
        [   99,    0,   98,  795,  302,  589,  627,  355,  358,   78,  635,  489,  271,  439,  159,  592,  262,  139,  496,  408,  316,  285,  300,  515,  296,  522,  635,  394,  495,  702,  115,    0,  602,  209,  395,  431,  590,  462,  387,  592,  274,  575,  444,  463,  225,  539,   90,   80,  635,  333,  248,  216,  360,  474,  444,  277,  170,  308,  227,  311,  802,  315,  465,  108,  634,  375,  520,  384,  550,  432,  420,  401,  526,  387,  280,  723,  411,  264,   21,  233,  258,  637,  425,  594,  540,  508,  113,  394,  204,  286,  408,  379,  108,  560,  824,  136,  100,  629,  184,  600,  370,  191,  275,  466,  222,  458,  460,  497,  110,  466,  470,  290,  633,  543,  212,  193,  358,  394,  528,  226,  490,  403,  369,  600,  760,  381,  194,  572,  493,  617,  525,  251,  576,  609,  603,  310,  384,  512,  425,  328,  278,  658,  272,  387,  552,  407],
        [  528,    0,  692,  194,  465,  178,  652,  577,  860,  630,  727,  749,  460,  483,  730,  777,  863,  495,  231,  617,  915,  886,  699,  535,  713,  752,  151,  949,  210,  100,  582,  602,    0,  463,  949,  187,  797,  282,  461,   84,  338,  694, 1043,  140,  445,  797,  653,  566,  658,  922,  688,  508,  924,  277,  446,  724,  480,  866,  378,  759,  209,  818,  333,  602,  764,  267,  585,  907,  725,  796, 1021,  410,  571,  567,  756,  126,  886,  515,  591,  815,  505,  586,  675,  176,  687,  115,  640,  986,  673,  342, 1002,  955,  517,  314,  223,  727,  644,  728,  706,  778,  489,  728,  577, 1067,  488,  428,  250,  817,  521,  605, 1071,  847,  767,  118,  806,  535,  248,  398,  708,  384,  329,  898,  783,  799,  162,  277,  417,  377,  601,   49,  293,  409,  419,  784,  777,  743,  656,  606,  227,  928,  476,  172,  398,  921,  111,  957],
        [  111,    0,  266,  654,  102,  405,  445,  199,  399,  193,  739,  376,  332,  240,  367,  723,  438,   71,  438,  524,  479,  467,  472,  577,  261,  661,  538,  487,  427,  559,  131,  209,  463,    0,  488,  277,  727,  426,  185,  479,  217,  682,  629,  327,  272,  430,  295,  235,  453,  533,  229,  313,  465,  276,  483,  266,   40,  516,  125,  500,  671,  356,  452,  285,  750,  315,  600,  445,  406,  606,  592,  428,  600,  220,  474,  588,  431,  359,  189,  438,  349,  441,  298,  411,  384,  396,  190,  589,  389,  122,  600,  583,  208,  357,  683,  341,  199,  735,  246,  729,  438,  396,  146,  636,  303,  251,  269,  662,  100,  565,  642,  388,  750,  440,  411,   74,  257,  415,  650,  108,  474,  439,  338,  735,  624,  331,   92,  565,  318,  491,  323,  270,  583,  471,  731,  290,  262,  602,  354,  512,  348,  478,  287,  459,  387,  495],
        [  432,    0,  300, 1141,  516,  883,  679,  459,  127,  336,  983,  435,  663,  597,  389,  914,  230,  458,  884,  763,  183,  247,  604,  895,  277,  841, 1010,    2,  880, 1047,  370,  395,  949,  488,    0,  764,  903,  853,  571,  958,  653,  923,  315,  812,  620,  453,  413,  469,  684,  346,  277,  604,   41,  743,  834,  250,  470,  428,  581,  573, 1157,  150,  859,  472,  969,  759,  891,   77,  531,  704,  246,  794,  901,  492,  533, 1075,  161,  646,  394,  358,  643,  735,  434,  889,  550,  873,  316,  344,  513,  608,  335,  404,  502,  801, 1170,  350,  316,  975,  244,  924,  755,  442,  407,  264,  612,  648,  746,  776,  437,  828,  274,  107,  967,  914,  319,  418,  724,  788,  864,  571,  884,  127,  255,  914, 1111,  768,  540,  966,  565,  975,  778,  645,  969,  557,  927,  249,  411,  878,  807,  262,  667,  957,  666,   53,  873,   16],
        [  350,    0,  516,  378,  283,  175,  523,  399,  673,  450,  706,  578,  355,  326,  572,  731,  690,  314,  250,  545,  739,  714,  583,  514,  527,  690,  287,  763,  230,  283,  399,  431,  187,  277,  764,    0,  746,  273,  292,  217,  197,  662,  875,   64,  320,  629,  493,  408,  530,  760,  502,  386,  740,  147,  412,  538,  296,  716,  205,  635,  396,  631,  322,  451,  734,  186,  556,  720,  566,  698,  848,  361,  548,  395,  624,  312,  700,  408,  418,  655,  396,  472,  501,  179,  531,  147,  457,  823,  537,  157,  838,  799,  361,  231,  407,  562,  463,  705,  521,  734,  421,  580,  392,  893,  366,  281,  113,  733,  341,  554,  898,  663,  737,  194,  641,  348,  118,  346,  657,  207,  332,  712,  598,  751,  348,  207,  239,  412,  445,  219,  194,  288,  447,  629,  735,  557,  479,  571,  183,  758,  374,  234,  286,  735,  121,  771],
        [  648,    0,  645,  927,  826,  910, 1170,  919,  918,  666,  136, 1075,  410,  957,  519,   28,  679,  669,  567,  207,  738,  671,  303,  272,  885,   68,  706,  902,  587,  867,  698,  590,  797,  727,  903,  746,    0,  516,  902,  728,  572,  120,  729,  721,  465, 1126,  521,  519, 1177,  604,  837,  415,  863,  876,  351,  864,  694,  502,  636,  332,  900,  882,  465,  483,   92,  563,  220,  926, 1125,  209,  766,  392,  237,  945,  371,  862,  978,  371,  606,  549,  382, 1154, 1005,  912, 1108,  688,  701,  653,  401,  707,  674,  577,  526,  970,  948,  561,  687,  129,  764,   36,  325,  463,  848,  799,  427,  948,  845,  145,  655,  194,  795,  819,   88,  681,  586,  755,  629,  406,   90,  652,  473,  961,  955,   12,  889,  544,  646,  460, 1045,  773,  931,  482,  421, 1188,   40,  897,  965,  195,  583,  680,  391,  947,  474,  920,  833,  919],
        [  430,    0,  560,  427,  487,  410,  784,  608,  796,  519,  451,  792,  227,  575,  544,  496,  708,  415,   55,  341,  769,  723,  452,  257,  680,  472,  213,  852,   73,  356,  497,  462,  282,  426,  853,  273,  516,    0,  529,  215,  212,  415,  865,  227,  245,  846,  477,  397,  791,  731,  640,  289,  820,  420,  165,  678,  419,  656,  302,  517,  411,  751,   53,  416,  486,  113,  305,  832,  802,  530,  859,  133,  293,  616,  524,  356,  838,  275,  460,  626,  268,  741,  713,  411,  771,  174,  543,  798,  454,  328,  817,  751,  356,  501,  452,  556,  540,  451,  620,  497,  217,  525,  571,  905,  271,  540,  385,  543,  428,  324,  907,  747,  489,  166,  630,  493,  186,  124,  427,  318,   60,  840,  759,  518,  388,   95,  340,  146,  689,  260,  466,  213,  176,  867,  497,  706,  681,  325,   91,  760,  236,  437,  193,  840,  329,  865],
        [  291,    0,  423,  630,   85,  337,  270,  125,  456,  352,  901,  289,  496,   56,  543,  895,  584,  255,  524,  696,  612,  615,  656,  726,  298,  836,  578,  570,  507,  542,  287,  387,  461,  185,  571,  292,  902,  529,    0,  507,  349,  846,  774,  355,  438,  338,  475,  420,  278,  695,  295,  488,  559,  195,  625,  322,  224,  690,  269,  685,  660,  423,  568,  469,  917,  419,  756,  509,  276,  789,  727,  569,  753,  108,  658,  577,  464,  531,  366,  608,  520,  257,  215,  343,  243,  438,  335,  745,  574,  209,  753,  749,  391,  232,  657,  512,  349,  897,  359,  900,  597,  577,  166,  768,  475,   80,  213,  844,  280,  730,  775,  489,  918,  485,  576,  201,  344,  555,  821,  252,  586,  485,  350,  909,  608,  440,  256,  675,  160,  502,  214,  427,  702,  340,  902,  328,  201,  762,  443,  660,  514,  408,  440,  530,  358,  573],
        [  529,    0,  687,  218,  498,  257,  718,  615,  877,  629,  651,  794,  417,  536,  708,  707,  852,  500,  162,  556,  908,  873,  653,  461,  737,  686,   75,  957,  144,  141,  588,  592,   84,  479,  958,  217,  728,  215,  507,    0,  319,  621, 1026,  156,  412,  844,  633,  546,  724,  900,  708,  471,  930,  335,  379,  745,  490,  836,  378,  716,  213,  834,  264,  578,  690,  230,  512,  921,  778,  742, 1010,  348,  498,  611,  717,  145,  909,  470,  584,  793,  462,  655,  717,  255,  741,   85,  644,  966,  639,  358,  983,  928,  499,  386,  245,  710,  646,  652,  715,  707,  430,  700,  606, 1056,  451,  485,  305,  757,  523,  538, 1059,  854,  693,   55,  788,  552,  236,  337,  640,  388,  256,  917,  810,  729,  180,  234,  419,  296,  655,   46,  361,  375,  339,  839,  706,  767,  695,  535,  182,  914,  430,  255,  362,  934,  181,  967],
        [  223,    0,  370,  528,  291,  371,  617,  408,  587,  318,  556,  590,  166,  401,  393,  561,  533,  205,  233,  366,  590,  554,  387,  377,  469,  511,  362,  652,  227,  436,  289,  274,  338,  217,  653,  197,  572,  212,  349,  319,    0,  504,  709,  206,  124,  644,  316,  229,  625,  585,  430,  190,  622,  307,  277,  467,  208,  530,   93,  439,  531,  543,  235,  265,  576,  106,  409,  626,  610,  504,  691,  220,  405,  421,  429,  455,  629,  215,  267,  478,  204,  589,  511,  375,  583,  236,  339,  650,  343,  142,  666,  618,  181,  402,  556,  392,  338,  553,  414,  566,  253,  392,  363,  737,  170,  382,  278,  544,  220,  389,  740,  547,  577,  270,  470,  282,   91,  206,  487,  110,  258,  631,  548,  578,  492,  119,  129,  348,  506,  347,  363,   94,  367,  675,  567,  495,  477,  416,  154,  596,  185,  429,   99,  635,  312,  663],
        [  616,    0,  645,  815,  776,  818, 1116,  879,  922,  652,   61, 1045,  352,  900,  536,   94,  708,  631,  463,  167,  771,  706,  324,  161,  869,  121,  595,  922,  484,  759,  674,  575,  694,  682,  923,  662,  120,  415,  846,  621,  504,    0,  786,  630,  411, 1098,  520,  498, 1123,  653,  820,  375,  883,  799,  253,  851,  653,  552,  578,  371,  786,  882,  362,  471,   73,  476,  110,  936, 1087,  274,  814,  302,  124,  901,  406,  751,  979,  326,  589,  583,  335, 1092,  972,  820, 1066,  588,  687,  709,  410,  644,  730,  637,  494,  890,  835,  574,  675,   55,  757,   90,  251,  484,  813,  851,  381,  885,  766,  230,  622,  117,  848,  831,   76,  577,  613,  720,  548,  316,   69,  595,  366,  966,  943,  117,  778,  455,  595,  345,  997,  667,  852,  420,  304, 1150,   88,  884,  932,   91,  490,  722,  334,  851,  408,  933,  740,  938],
