{
    "name": "random-62-16914",
    "comment": "size=62 seed=16914",
    "nodes": ["+0", "-0", "+1", "-1", "+2", "-2", "+3", "-3", "+4", "-4", "+5", "-5", "+6", "-6", "+7", "-7", "+8", "-8", "+9", "-9", "+10", "-10", "+11", "-11", "+12", "-12", "+13", "-13", "+14", "-14", "+15", "-15", "+16", "-16", "+17", "-17", "+18", "-18", "+19", "-19", "+20", "-20", "+21", "-21", "+22", "-22", "+23", "-23", "+24", "-24", "+25", "-25", "+26", "-26", "+27", "-27", "+28", "-28", "+29", "-29", "+30", "-30", "+31", "-31", "+32", "-32", "+33", "-33", "+34", "-34", "+35", "-35", "+36", "-36", "+37", "-37", "+38", "-38", "+39", "-39", "+40", "-40", "+41", "-41", "+42", "-42", "+43", "-43", "+44", "-44", "+45", "-45", "+46", "-46", "+47", "-47", "+48", "-48", "+49", "-49", "+50", "-50", "+51", "-51", "+52", "-52", "+53", "-53", "+54", "-54", "+55", "-55", "+56", "-56", "+57", "-57", "+58", "-58", "+59", "-59", "+60", "-60", "+61", "-61", "+62", "-62"],
    "precedence": {
        "+0": "-0",
        "+1": "-1",
        "+2": "-2",
        "+3": "-3",
        "+4": "-4",
        "+5": "-5",
        "+6": "-6",
        "+7": "-7",
        "+8": "-8",
        "+9": "-9",
        "+10": "-10",
        "+11": "-11",
        "+12": "-12",
        "+13": "-13",
        "+14": "-14",
        "+15": "-15",
        "+16": "-16",
        "+17": "-17",
        "+18": "-18",
        "+19": "-19",
        "+20": "-20",
        "+21": "-21",
        "+22": "-22",
        "+23": "-23",
        "+24": "-24",
        "+25": "-25",
        "+26": "-26",
        "+27": "-27",
        "+28": "-28",
        "+29": "-29",
        "+30": "-30",
        "+31": "-31",
        "+32": "-32",
        "+33": "-33",
        "+34": "-34",
        "+35": "-35",
        "+36": "-36",
        "+37": "-37",
        "+38": "-38",
        "+39": "-39",
        "+40": "-40",
        "+41": "-41",
        "+42": "-42",
        "+43": "-43",
        "+44": "-44",
        "+45": "-45",
        "+46": "-46",
        "+47": "-47",
        "+48": "-48",
        "+49": "-49",
        "+50": "-50",
        "+51": "-51",
        "+52": "-52",
        "+53": "-53",
        "+54": "-54",
        "+55": "-55",
        "+56": "-56",
        "+57": "-57",
        "+58": "-58",
        "+59": "-59",
        "+60": "-60",
        "+61": "-61",
        "+62": "-62"
    },
    "edges": [
        [    0,    0,  324,  254,  364,  284,  193,  536,  497,  543,  285,  340,  381,  434,  250,  264,  615,  720,  625,  414,  306,  707,  414,  556,  280,  697,  266,  332,  349,  300,  488,  422,  484,  338,  485,  584,  199,  188,  238,  611,  406,  422,  407,  451,  277,  635,  292,  611,  409,  413,  161,  219,  866,  539,  284,  203,  579,  328,  123,  432,  385,  130,  337,  344,  362,  191,  327,  685,  244,  636,   46,  388,  353,  511,  380,  170,  842,  250,  279,  306,  389,  717,  493,  471,  345,   92,  513,  312,  280,  730,  181,  502,  454,  162,   99,  640,  113,  621,  220,  220,  453,  643,  646,   70,  282,  123,  523,  291,  489,  428,  351,  393,  526,  344,   42,  145,  331,  493,  120,  331,  565,  200,  325,  415,  591,  680],
        [    0,    0,    0,    0,    0,    0,    0,    0,    0,    0,    0,    0,    0,    0,    0,    0,    0,    0,    0,    0,    0,    0,    0,    0,    0,    0,    0,    0,    0,    0,    0,    0,    0,    0,    0,    0,    0,    0,    0,    0,    0,    0,    0,    0,    0,    0,    0,    0,    0,    0,    0,    0,    0,    0,    0,    0,    0,    0,    0,    0,    0,    0,    0,    0,    0,    0,    0,    0,    0,    0,    0,    0,    0,    0,    0,    0,    0,    0,    0,    0,    0,    0,    0,    0,    0,    0,    0,    0,    0,    0,    0,    0,    0,    0,    0,    0,    0,    0,    0,    0,    0,    0,    0,    0,    0,    0,    0,    0,    0,    0,    0,    0,    0,    0,    0,    0,    0,    0,    0,    0,    0,    0,    0,    0,    0,    0],
        [  324,    0,    0,  140,  684,  237,  274,  838,  584,  513,  453,  653,  101,  706,  511,  299,  624, 1001,  653,  735,  467,  738,   94,  773,  552,  978,  406,  542,  387,   68,  750,  723,  205,  361,  203,  766,  365,  416,  351,  845,  660,  653,  598,  671,  599,  954,  616,  772,  655,  733,  386,  436, 1161,  810,  559,  508,  843,   33,  310,  489,  338,  338,  661,  227,  603,  344,  633,  926,  289,  648,  366,  408,  440,  749,  560,  235, 1131,  106,  325,  351,  200,  988,  665,  775,  569,  391,  796,  623,  399,  993,  431,  775,  734,  274,  358,  962,  434,  904,  403,  544,  673,  896,  633,  390,  207,  378,  834,  204,  730,  154,  668,  617,  800,  639,  357,  303,  578,  520,  222,  619,  813,  402,  647,  694,  566,  695],
        [  254,    0,  140,    0,  614,  308,  141,  723,  448,  397,  467,  593,  139,  581,  389,  160,  502,  875,  526,  662,  329,  613,  195,  637,  522,  852,  427,  543,  250,  177,  729,  675,  344,  225,  342,  627,  370,  401,  376,  842,  531,  520,  610,  536,  526,  851,  529,  633,  524,  636,  265,  309, 1040,  683,  439,  456,  823,  166,  294,  354,  216,  320,  572,  120,  591,  214,  581,  792,  150,  526,  299,  276,  301,  616,  575,  112, 1007,  170,  374,  404,  321,  859,  526,  663,  565,  340,  762,  519,  428,  862,  407,  650,  702,  148,  252,  867,  349,  871,  407,  460,  538,  765,  516,  308,   75,  268,  776,   76,  721,  292,  604,  484,  675,  596,  295,  182,  450,  391,  198,  502,  681,  274,  557,  662,  451,  572],
        [  364,    0,  684,  614,    0,  572,  515,  335,  678,  804,  391,   60,  744,  369,  348,  572,  834,  541,  827,   52,  496,  891,  776,  552,  220,  523,  422,  337,  619,  651,  282,  134,  820,  622,  822,  627,  396,  326,  447,  422,  397,  449,  386,  485,   88,  338,  111,  675,  415,  163,  400,  410,  628,  431,  319,  190,  338,  684,  397,  659,  691,  374,  102,  685,  285,  468,  104,  601,  557,  849,  320,  657,  586,  486,  394,  514,  626,  598,  510,  519,  703,  563,  580,  283,  313,  297,  246,  204,  446,  593,  299,  400,  218,  489,  376,  314,  267,  329,  375,  161,  486,  543,  876,  306,  626,  372,  175,  637,  329,  767,   38,  448,  412,  142,  328,  458,  384,  725,  466,  291,  498,  426,  118,  205,  839,  884],
        [  284,    0,  237,  308,  572,    0,  377,  810,  722,  702,  244,  526,  338,  717,  532,  436,  801, 1001,  822,  624,  555,  908,  316,  834,  387,  978,  194,  339,  535,  170,  559,  570,  264,  514,  267,  852,  183,  251,  143,  634,  689,  701,  380,  728,  498,  888,  539,  873,  690,  669,  426,  487, 1140,  822,  567,  383,  649,  212,  184,  637,  521,  202,  583,  426,  409,  422,  494,  968,  418,  825,  303,  568,  569,  793,  341,  330, 1120,  143,   96,  117,  135, 1000,  756,  744,  370,  292,  618,  584,  179, 1014,  276,  785,  557,  357,  371,  879,  386,  722,  215,  471,  730,  926,  820,  347,  380,  396,  689,  383,  528,  222,  546,  670,  809,  485,  290,  367,  612,  685,  177,  614,  848,  459,  576,  519,  756,  872],
        [  193,    0,  274,  141,  515,  377,    0,  587,  346,  355,  465,  506,  276,  441,  251,   73,  438,  735,  453,  560,  195,  538,  336,  500,  471,  712,  436,  522,  166,  294,  677,  598,  476,  150,  474,  497,  371,  376,  395,  803,  390,  380,  595,  397,  430,  722,  420,  509,  384,  513,  132,  169,  901,  542,  302,  386,  768,  296,  287,  263,  192,  305,  459,  172,  555,   73,  503,  653,   52,  460,  232,  204,  192,  476,  566,   48,  866,  267,  415,  445,  429,  718,  397,  529,  537,  284,  696,  393,  444,  722,  372,  510,  639,   31,  140,  744,  251,  803,  400,  356,  399,  624,  464,  220,  116,  147,  686,  127,  681,  421,  512,  344,  534,  526,  233,   58,  310,  317,  213,  366,  541,  134,  442,  602,  405,  506],
        [  536,    0,  838,  723,  335,  810,  587,    0,  556,  736,  690,  392,  861,  172,  337,  610,  716,  208,  694,  315,  452,  732,  915,  305,  537,  189,  709,  657,  603,  829,  608,  458, 1017,  619, 1017,  397,  663,  602,  716,  742,  234,  281,  714,  302,  354,  173,  291,  451,  252,  173,  458,  422,  331,  140,  285,  466,  647,  849,  628,  587,  696,  615,  256,  743,  615,  516,  434,  287,  604,  723,  508,  628,  543,  246,  718,  612,  312,  782,  775,  793,  924,  229,  403,   66,  639,  521,  556,  226,  731,  260,  574,  134,  545,  575,  481,  229,  426,  606,  655,  346,  301,  228,  764,  468,  699,  460,  426,  710,  661,  960,  371,  309,  125,  475,  522,  542,  295,  642,  655,  221,  217,  455,  253,  538,  751,  743],
        [  497,    0,  584,  448,  678,  722,  346,  556,    0,  195,  781,  698,  539,  388,  333,  292,  163,  606,  149,  704,  199,  218,  611,  302,  734,  587,  762,  818,  198,  623,  919,  799,  787,  224,  784,  239,  695,  681,  729, 1058,  328,  276,  893,  256,  615,  727,  568,  218,  309,  588,  342,  296,  784,  441,  361,  634,  998,  613,  614,   97,  266,  626,  585,  373,  829,  311,  715,  456,  308,  174,  518,  181,  154,  329,  871,  393,  735,  606,  756,  786,  765,  569,  165,  528,  823,  572,  911,  483,  774,  553,  668,  428,  866,  368,  402,  776,  485, 1005,  717,  539,  257,  459,  209,  482,  378,  384,  848,  382,  941,  738,  694,  255,  446,  752,  527,  364,  301,  104,  555,  403,  390,  302,  566,  835,  198,  206],
        [  543,    0,  513,  397,  804,  702,  355,  736,  195,    0,  819,  812,  441,  565,  462,  283,  118,  799,  155,  838,  311,  233,  511,  496,  813,  780,  790,  875,  197,  567, 1013,  912,  700,  206,  696,  430,  725,  729,  746, 1146,  503,  456,  949,  442,  730,  903,  695,  403,  485,  741,  418,  395,  978,  629,  503,  719, 1099,  545,  641,  152,  182,  660,  722,  287,  902,  360,  821,  650,  304,  141,  577,  156,  218,  519,  921,  392,  929,  567,  758,  789,  711,  763,  359,  699,  887,  631, 1020,  626,  796,  748,  724,  613,  968,  385,  465,  947,  570, 1121,  755,  650,  443,  653,  121,  552,  323,  456,  979,  322, 1024,  659,  812,  428,  632,  852,  581,  399,  457,   95,  561,  557,  583,  384,  702,  933,   54,  185],
        [  285,    0,  453,  467,  391,  244,  465,  690,  781,  819,    0,  335,  546,  647,  501,  537,  897,  896,  908,  438,  587,  991,  543,  802,  174,  875,   51,   96,  628,  392,  317,  350,  505,  614,  509,  846,   98,  105,  104,  394,  639,  669,  145,  703,  340,  727,  400,  879,  648,  526,  441,  495, 1008,  742,  516,  225,  406,  435,  180,  715,  649,  160,  438,  582,  168,  474,  294,  906,  516,  919,  265,  667,  636,  747,  109,  429,  999,  347,  152,  146,  373,  906,  762,  627,  128,  216,  381,  479,   68,  929,  127,  705,  322,  435,  380,  704,  322,  481,   65,  352,  705,  855,  927,  307,  523,  400,  470,  530,  285,  465,  357,  648,  725,  272,  256,  426,  578,  775,  270,  539,  787,  481,  438,  286,  869,  964],
        [  340,    0,  653,  593,   60,  526,  506,  392,  698,  812,  335,    0,  719,  413,  365,  567,  850,  598,  846,  103,  509,  914,  746,  594,  162,  580,  368,  277,  623,  615,  236,  101,  779,  623,  781,  665,  347,  277,  397,  378,  434,  484,  327,  520,   84,  396,  139,  711,  451,  219,  400,  418,  687,  482,  344,  148,  303,  651,  357,  671,  688,  332,  146,  673,  226,  466,   44,  653,  550,  867,  295,  661,  596,  529,  335,  499,  685,  563,  459,  466,  658,  619,  611,  338,  254,  263,  214,  239,  392,  649,  250,  450,  175,  478,  367,  369,  255,  309,  323,  163,  522,  595,  891,  289,  612,  367,  184,  622,  278,  727,   23,  479,  463,   84,  301,  448,  412,  738,  433,  325,  546,  430,  159,  155,  850,  903],
        [  381,    0,  101,  139,  744,  338,  276,  861,  539,  441,  546,  719,    0,  716,  526,  276,  556, 1010,  588,  793,  454,  671,   73,  760,  631,  987,  500,  632,  346,  169,  834,  795,  260,  319,  256,  741,  455,  499,  445,  936,  665,  650,  691,  662,  657,  990,  664,  741,  657,  773,  403,  444, 1176,  817,  577,  577,  928,  130,  391,  442,  277,  419,  708,  167,  689,  349,  703,  918,  273,  580,  425,  358,  407,  744,  654,  250, 1142,  202,  424,  451,  292,  992,  641,  801,  658,  459,  875,  657,  495,  993,  511,  785,  813,  287,  390, 1005,  483,  983,  493,  594,  664,  894,  560,  440,  176,  406,  901,  167,  819,  222,  731,  613,  810,  713,  418,  320,  585,  463,  297,  640,  811,  410,  693,  773,  493,  625],
        [  434,    0,  706,  581,  369,  717,  441,  172,  388,  565,  647,  413,  716,    0,  196,  453,  550,  296,  529,  374,  286,  574,  775,  183,  522,  273,  653,  637,  436,  707,  648,  503,  896,  453,  896,  264,  597,  547,  648,  789,   63,  113,  705,  139,  346,  340,  278,  315,   81,  229,  320,  273,  461,  106,  152,  431,  706,  721,  544,  416,  531,  537,  269,  586,  613,  368,  447,  260,  449,  558,  418,  459,  375,  117,  699,  472,  427,  665,  700,  723,  818,  286,  243,  142,  627,  447,  614,  178,  674,  297,  521,   71,  586,  434,  358,  389,  339,  686,  599,  301,  139,  212,  597,  372,  547,  334,  511,  557,  689,  840,  398,  138,   95,  490,  432,  403,  133,  471,  549,  109,  142,  307,  254,  567,  581,  580],
        [  250,    0,  511,  389,  348,  532,  251,  337,  333,  462,  501,  365,  526,  196,    0,  277,  487,  491,  481,  378,  151,  549,  583,  307,  416,  468,  497,  514,  290,  512,  588,  466,  701,  300,  700,  345,  434,  397,  481,  730,  157,  173,  589,  205,  282,  479,  237,  380,  159,  287,  125,   87,  652,  301,   53,  315,  665,  526,  369,  313,  376,  368,  260,  409,  512,  180,  383,  437,  269,  503,  245,  323,  245,  261,  573,  279,  621,  470,  527,  552,  626,  480,  266,  280,  513,  287,  579,  166,  515,  489,  376,  266,  534,  241,  164,  508,  180,  672,  444,  207,  207,  397,  529,  199,  363,  140,  520,  374,  615,  644,  361,  148,  291,  421,  258,  209,   81,  379,  359,  117,  317,  119,  241,  505,  494,  538],
        [  264,    0,  299,  160,  572,  436,   73,  610,  292,  283,  537,  567,  276,  453,  277,    0,  369,  741,  388,  615,  179,  474,  343,  485,  541,  719,  507,  594,  100,  332,  746,  661,  503,   80,  501,  469,  442,  448,  465,  874,  397,  377,  668,  387,  489,  755,  472,  474,  387,  554,  175,  190,  913,  549,  329,  454,  836,  326,  358,  202,  123,  377,  508,  134,  626,  106,  567,  643,   21,  393,  302,  135,  142,  470,  639,  111,  875,  315,  481,  512,  474,  720,  369,  556,  609,  355,  763,  432,  515,  720,  444,  519,  707,  103,  201,  782,  313,  868,  472,  412,  389,  621,  394,  286,  101,  202,  745,  109,  752,  452,  572,  340,  544,  592,  304,  123,  320,  250,  281,  393,  537,  160,  490,  669,  334,  439],
        [  615,    0,  624,  502,  834,  801,  438,  716,  163,  118,  897,  850,  556,  550,  487,  369,    0,  750,   42,  862,  342,  115,  627,  446,  871,  732,  872,  945,  272,  675, 1064,  951,  815,  290,  811,  366,  806,  802,  832, 1201,  491,  438, 1020,  415,  767,  888,  723,  328,  471,  750,  473,  436,  926,  596,  519,  774, 1146,  656,  722,  186,  288,  738,  744,  398,  964,  425,  864,  587,  389,   25,  643,  235,  266,  482,  995,  480,  874,  671,  850,  881,  819,  709,  317,  690,  954,  698, 1062,  643,  881,  688,  793,  586, 1014,  465,  527,  938,  623, 1159,  833,  689,  416,  600,   48,  613,  427,  514, 1006,  427, 1081,  773,  847,  417,  602,  899,  650,  472,  462,  123,  649,  564,  539,  434,  724,  982,   76,   71],
        [  720,    0, 1001,  875,  541, 1001,  735,  208,  606,  799,  896,  598, 1010,  296,  491,  741,  750,    0,  718,  517,  567,  732, 1070,  305,  744,   24,  912,  865,  709, 1001,  809,  660, 1191,  730, 1190,  387,  863,  805,  916,  938,  346,  368,  922,  368,  561,  280,  497,  433,  355,  381,  616,  567,  179,  193,  445,  671,  839, 1017,  822,  664,  805,  811,  464,  873,  822,  662,  641,  181,  740,  750,  698,  725,  644,  284,  926,  768,  134,  958,  973,  993, 1108,   51,  441,  269,  847,  718,  751,  422,  935,   89,  777,  226,  746,  729,  651,  349,  616,  788,  858,  548,  366,  151,  796,  655,  838,  628,  612,  848,  864, 1134,  577,  404,  201,  682,  712,  699,  426,  706,  838,  390,  218,  602,  460,  742,  801,  757],
        [  625,    0,  653,  526,  827,  822,  453,  694,  149,  155,  908,  846,  588,  529,  481,  388,   42,  718,    0,  853,  341,   87,  659,  416,  875,  701,  885,  952,  289,  701, 1063,  947,  846,  309,  842,  333,  818,  811,  847, 1202,  472,  418, 1028,  393,  762,  866,  716,  292,  452,  736,  477,  437,  894,  570,  510,  775, 1144,  684,  735,  194,  316,  750,  734,  427,  968,  435,  862,  553,  407,   32,  651,  255,  273,  456, 1003,  497,  841,  694,  867,  898,  846,  677,  292,  670,  960,  705, 1059,  632,  895,  655,  801,  562, 1012,  480,  534,  918,  625, 1153,  844,  685,  393,  568,   80,  618,  452,  519,  997,  453, 1083,  802,  842,  400,  577,  897,  658,  484,  450,  138,  666,  551,  510,  438,  715,  981,  117,   58],
        [  414,    0,  735,  662,   52,  624,  560,  315,  704,  838,  438,  103,  793,  374,  378,  615,  862,  517,  853,    0,  528,  914,  827,  556,  265,  500,  471,  378,  657,  702,  294,  144,  872,  661,  874,  636,  447,  377,  497,  429,  409,  462,  422,  497,  137,  296,  145,  685,  427,  151,  441,  446,  592,  424,  344,  241,  337,  735,  449,  691,  731,  426,  119,  731,  320,  510,  145,  592,  600,  877,  370,  694,  621,  490,  433,  561,  594,  650,  560,  568,  755,  542,  596,  271,  352,  349,  245,  223,  494,  575,  350,  396,  230,  535,  421,  267,  314,  314,  424,  205,  498,  533,  906,  354,  672,  415,  144,  683,  348,  819,   81,  466,  405,  177,  379,  503,  406,  757,  517,  307,  495,  465,  139,  226,  871,  909],
        [  306,    0,  467,  329,  496,  555,  195,  452,  199,  311,  587,  509,  454,  286,  151,  179,  342,  567,  341,  528,    0,  416,  520,  308,  536,  544,  571,  620,  151,  488,  723,  610,  670,  168,  668,  303,  504,  485,  542,  862,  227,  200,  695,  209,  426,  610,  386,  318,  214,  433,  146,   97,  740,  376,  193,  436,  805,  490,  426,  163,  245,  435,  411,  307,  630,  134,  523,  465,  182,  359,  322,  179,   96,  292,  674,  239,  700,  459,  575,  604,  621,  544,  204,  405,  625,  375,  721,  315,  585,  542,  471,  349,  673,  205,  207,  647,  286,  818,  524,  347,  211,  443,  382,  284,  279,  187,  670,  288,  743,  615,  507,  163,  372,  557,  331,  189,  158,  230,  381,  251,  360,  106,  391,  641,  344,  398],
        [  707,    0,  738,  613,  891,  908,  538,  732,  218,  233,  991,  914,  671,  574,  549,  474,  115,  732,   87,  914,  416,    0,  741,  438,  951,  717,  968, 1032,  374,  787, 1136, 1014,  929,  395,  926,  348,  901,  893,  931, 1276,  520,  465, 1107,  436,  831,  904,  781,  300,  500,  790,  556,  512,  904,  601,  573,  851, 1214,  769,  819,  277,  401,  833,  796,  512, 1045,  517,  932,  559,  492,   92,  731,  341,  355,  487, 1084,  583,  849,  780,  953,  983,  932,  688,  332,  715, 1038,  785, 1127,  692,  979,  662,  881,  598, 1083,  564,  614,  959,  701, 1219,  926,  755,  436,  583,  125,  696,  538,  598, 1058,  539, 1158,  887,  908,  452,  611,  969,  738,  567,  509,  224,  751,  609,  534,  516,  777, 1052,  186,   51],
        [  414,    0,   94,  195,  776,  316,  336,  915,  611,  511,  543,  746,   73,  775,  583,  343,  627, 1070,  659,  827,  520,  741,    0,  827,  646, 1047,  495,  633,  417,  151,  843,  817,  191,  391,  187,  811,  457,  509,  440,  936,  726,  714,  686,  728,  690, 1037,  704,  811,  719,  818,  458,  503, 1234,  877,  633,  601,  936,  108,  404,  514,  349,  432,  749,  239,  695,  408,  727,  984,  338,  650,  457,  430,  478,  809,  648,  305, 1201,  197,  409,  433,  245, 1054,  710,  854,  661,  484,  890,  705,  486, 1056,  525,  845,  828,  342,  438, 1048,  522,  997,  495,  632,  730,  958,  629,  478,  244,  456,  927,  236,  822,  160,  760,  677,  869,  733,  448,  375,  645,  535,  315,  695,  875,  469,  734,  787,  562,  695],
        [  556,    0,  773,  637,  552,  834,  500,  305,  302,  496,  802,  594,  760,  183,  307,  485,  446,  305,  416,  556,  308,  438,  827,    0,  693,  287,  801,  803,  431,  790,  829,  685,  975,  455,  973,   94,  740,  699,  787,  971,  166,  135,  874,  106,  523,  473,  457,  147,  155,  409,  410,  350,  483,  167,  287,  596,  889,  795,  675,  369,  524,  675,  451,  607,  786,  432,  626,  162,  490,  447,  552,  438,  364,   67,  864,  542,  434,  756,  833,  859,  917,  267,  139,  305,  796,  591,  796,  356,  820,  253,  676,  174,  767,  505,  464,  533,  482,  868,  748,  469,  104,  158,  492,  505,  585,  438,  692,  594,  869,  920,  580,  164,  180,  669,  565,  481,  227,  404,  658,  274,   96,  381,  436,  748,  496,  457],
        [  280,    0,  552,  522,  220,  387,  471,  537,  734,  813,  174,  162,  631,  522,  416,  541,  871,  744,  875,  265,  536,  951,  646,  693,    0,  724,  212,  121,  617,  503,  208,  183,  648,  610,  651,  751,  205,  140,  248,  334,  527,  568,  184,  604,  184,  557,  251,  791,  540,  366,  400,  439,  844,  607,  414,  102,  301,  543,  243,  686,  663,  215,  281,  622,   97,  453,  120,  777,  521,  891,  240,  657,  607,  632,  182,  450,  839,  452,  309,  312,  521,  760,  680,  477,  106,  188,  244,  345,  235,  786,  122,  572,  182,  441,  348,  531,  250,  353,  174,  224,  606,  722,  907,  261,  560,  359,  303,  569,  212,  601,  185,  554,  589,  100,  239,  419,  482,  752,  335,  419,  662,  438,  286,  142,  857,  932],
        [  697,    0,  978,  852,  523,  978,  712,  189,  587,  780,  875,  580,  987,  273,  468,  719,  732,   24,  701,  500,  544,  717, 1047,  287,  724,    0,  891,  845,  687,  978,  793,  643, 1167,  708, 1167,  371,  841,  783,  894,  923,  323,  346,  903,  346,  541,  273,  476,  418,  332,  362,  592,  544,  200,  170,  421,  650,  825,  993,  799,  644,  783,  789,  444,  850,  803,  639,  622,  171,  717,  732,  676,  703,  622,  263,  906,  744,  157,  935,  951,  971, 1085,   50,  422,  249,  827,  695,  736,  400,  913,   90,  755,  203,  729,  706,  628,  343,  593,  776,  836,  526,  345,  135,  779,  632,  815,  604,  599,  825,  847, 1111,  559,  382,  178,  663,  689,  675,  403,  686,  815,  367,  198,  579,  440,  725,  782,  741],
        [  266,    0,  406,  427,  422,  194,  436,  709,  762,  790,   51,  368,  500,  653,  497,  507,  872,  912,  885,  471,  571,  968,  495,  801,  212,  891,    0,  146,  601,  344,  367,  392,  456,  586,  459,  840,   68,  108,   56,  444,  641,  668,  192,  701,  364,  756,  420,  871,  648,  548,  425,  482, 1031,  751,  516,  246,  456,  387,  150,  692,  616,  137,  460,  544,  217,  452,  330,  913,  487,  894,  254,  639,  614,  749,  154,  398, 1019,  300,  103,  101,  324,  920,  753,  645,  177,  211,  429,  492,   24,  941,  136,  714,  369,  408,  364,  736,  320,  530,   55,  365,  702,  864,  899,  299,  486,  386,  513,  493,  335,  415,  390,  644,  735,  312,  243,  401,  576,  750,  233,  545,  793,  465,  458,  332,  840,  939],
        [  332,    0,  542,  543,  337,  339,  522,  657,  818,  875,   96,  277,  632,  637,  514,  594,  945,  865,  952,  378,  620, 1032,  633,  803,  121,  845,  146,    0,  680,  484,  222,  271,  601,  669,  604,  856,  178,  147,  198,  304,  638,  675,   76,  711,  304,  672,  371,  894,  649,  486,  476,  524,  963,  725,  520,  207,  311,  526,  250,  760,  712,  225,  401,  654,   76,  520,  234,  894,  574,  965,  302,  720,  680,  744,   63,  492,  959,  437,  247,  239,  468,  880,  780,  597,   34,  248,  288,  462,  162,  905,  152,  689,  231,  492,  419,  642,  338,  386,  140,  337,  712,  839,  977,  336,  593,  435,  389,  601,  191,  560,  300,  658,  707,  202,  296,  477,  586,  823,  346,  532,  778,  516,  406,  198,  923, 1008],
        [  349,    0,  387,  250,  619,  535,  166,  603,  198,  197,  628,  623,  346,  436,  290,  100,  272,  709,  289,  657,  151,  374,  417,  431,  617,  687,  601,  680,    0,  426,  818,  721,  589,   27,  586,  399,  535,  535,  561,  950,  375,  342,  755,  344,  541,  760,  512,  396,  361,  576,  224,  212,  885,  522,  338,  524,  905,  415,  451,  105,   96,  468,  544,  182,  706,  164,  628,  592,  119,  295,  381,   41,   68,  429,  727,  209,  843,  412,  579,  610,  569,  683,  301,  556,  692,  435,  827,  455,  610,  677,  529,  497,  774,  194,  269,  795,  376,  929,  563,  462,  346,  577,  299,  357,  180,  261,  794,  185,  828,  540,  624,  307,  519,  658,  385,  204,  309,  151,  378,  399,  496,  194,  524,  738,  243,  341],
        [  300,    0,   68,  177,  651,  170,  294,  829,  623,  567,  392,  615,  169,  707,  512,  332,  675, 1001,  701,  702,  488,  787,  151,  790,  503,  978,  344,  484,  426,    0,  696,  678,  190,  401,  189,  790,  309,  365,  289,  786,  666,  665,  536,  685,  567,  935,  590,  801,  663,  713,  389,  444, 1156,  812,  557,  468,  789,   44,  263,  530,  388,  290,  636,  282,  547,  358,  592,  938,  319,  699,  338,  452,  474,  760,  498,  249, 1129,   53,  260,  285,  145,  991,  690,  765,  512,  354,  746,  609,  336,  999,  382,  777,  684,  286,  351,  939,  413,  853,  347,  519,  687,  905,  688,  369,  251,  374,  792,  249,  673,  133,  631,  630,  802,  594,  327,  311,  584,  567,  186,  614,  822,  411,  624,  644,  621,  746],
        [  488,    0,  750,  729,  282,  559,  677,  608,  919, 1013,  317,  236,  834,  648,  588,  746, 1064,  809, 1063,  294,  723, 1136,  843,  829,  208,  793,  367,  222,  818,  696,    0,  151,  822,  813,  825,  900,  388,  335,  417,  143,  670,  718,  209,  755,  312,  567,  373,  946,  686,  441,  596,  628,  869,  712,  574,  294,   94,  737,  443,  880,  868,  415,  380,  830,  151,  655,  207,  882,  727, 1082,  446,  858,  802,  764,  242,  657,  878,  647,  469,  460,  690,  836,  843,  562,  190,  396,   81,  475,  384,  868,  324,  681,   64,  647,  549,  518,  443,  165,  351,  382,  756,  823, 1102,  462,  767,  557,  224,  777,   63,  780,  250,  712,  693,  168,  446,  623,  643,  946,  539,  560,  779,  632,  394,   84, 1055, 1121],
        [  422,    0,  723,  675,  134,  570,  598,  458,  799,  912,  350,  101,  795,  503,  466,  661,  951,  660,  947,  144,  610, 1014,  817,  685,  183,  643,  392,  271,  721,  678,  151,    0,  830,  720,  833,  760,  388,  321,  431,  289,  529,  580,  298,  617,  185,  426,  236,  807,  547,  291,  497,  518,  727,  562,  443,  220,  205,  716,  416,  771,  783,  389,  235,  762,  201,  562,   96,  732,  644,  967,  377,  760,  695,  619,  318,  587,  733,  626,  491,  492,  704,  685,  709,  412,  240,  337,  114,  335,  414,  718,  298,  533,   87,  569,  461,  385,  349,  209,  357,  263,  618,  673,  992,  379,  700,  462,  121,  710,  205,  781,  108,  577,  544,   85,  381,  541,  511,  838,  502,  422,  631,  529,  251,   87,  950, 1004],
        [  484,    0,  205,  344,  820,  264,  476, 1017,  787,  700,  505,  779,  260,  896,  701,  503,  815, 1191,  846,  872,  670,  929,  191,  975,  648, 1167,  456,  601,  589,  190,  822,  830,    0,  563,    6,  970,  444,  510,  406,  889,  854,  852,  636,  871,  740, 1117,  770,  977,  851,  895,  578,  632, 1345, 1001,  746,  632,  911,  180,  423,  691,  532,  448,  815,  420,  672,  544,  750, 1125,  493,  839,  518,  608,  644,  948,  597,  434, 1318,  235,  354,  367,  134, 1181,  869,  952,  632,  526,  882,  795,  439, 1188,  533,  966,  821,  472,  540, 1117,  597,  985,  477,  698,  873, 1093,  819,  553,  410,  564,  948,  405,  788,   57,  797,  816,  991,  745,  507,  498,  773,  718,  366,  803, 1010,  599,  805,  782,  752,  884],
        [  338,    0,  361,  225,  622,  514,  150,  619,  224,  206,  614,  623,  319,  453,  300,   80,  290,  730,  309,  661,  168,  395,  391,  455,  610,  708,  586,  669,   27,  401,  813,  720,  563,    0,  560,  425,  520,  524,  544,  943,  394,  363,  743,  366,  542,  774,  516,  422,  380,  585,  224,  218,  906,  541,  349,  519,  901,  390,  437,  129,   78,  455,  549,  156,  697,  159,  627,  616,  100,  313,  372,   55,   92,  451,  715,  191,  864,  389,  561,  592,  545,  704,  327,  570,  682,  427,  824,  464,  594,  699,  518,  515,  770,  180,  264,  807,  373,  928,  549,  463,  368,  600,  314,  351,  154,  258,  796,  158,  821,  514,  625,  327,  539,  655,  376,  194,  325,  171,  360,  411,  519,  197,  530,  734,  255,  359],
        [  485,    0,  203,  342,  822,  267,  474, 1017,  784,  696,  509,  781,  256,  896,  700,  501,  811, 1190,  842,  874,  668,  926,  187,  973,  651, 1167,  459,  604,  586,  189,  825,  833,    6,  560,    0,  968,  447,  513,  410,  894,  854,  851,  640,  870,  741, 1118,  771,  974,  850,  896,  577,  631, 1345, 1001,  746,  634,  914,  179,  425,  688,  529,  450,  817,  417,  676,  542,  752, 1124,  491,  835,  519,  605,  642,  947,  601,  433, 1318,  235,  358,  371,  138, 1180,  867,  953,  636,  528,  885,  795,  443, 1187,  536,  966,  824,  470,  540, 1119,  598,  988,  481,  699,  872, 1092,  814,  554,  407,  563,  951,  402,  792,   57,  799,  815,  990,  748,  508,  497,  772,  714,  366,  803, 1009,  597,  806,  785,  748,  880],
        [  584,    0,  766,  627,  627,  852,  497,  397,  239,  430,  846,  665,  741,  264,  345,  469,  366,  387,  333,  636,  303,  348,  811,   94,  751,  371,  840,  856,  399,  790,  900,  760,  970,  425,  968,    0,  776,  742,  821, 1043,  231,  184,  929,  147,  590,  566,  527,   54,  215,  493,  428,  368,  562,  260,  338,  652,  964,  790,  706,  320,  486,  709,  526,  580,  846,  436,  695,  222,  477,  364,  587,  398,  335,  154,  916,  542,  509,  761,  862,  889,  924,  344,  101,  395,  852,  631,  872,  426,  857,  323,  721,  266,  840,  507,  487,  626,  524,  949,  788,  529,  146,  237,  412,  541,  568,  462,  775,  575,  936,  916,  653,  199,  272,  736,  599,  489,  270,  342,  676,  340,  188,  394,  510,  818,  423,  371],
        [  199,    0,  365,  370,  396,  183,  371,  663,  695,  725,   98,  347,  455,  597,  434,  442,  806,  863,  818,  447,  504,  901,  457,  740,  205,  841,   68,  178,  535,  309,  388,  388,  444,  520,  447,  776,    0,   70,   54,  482,  581,  606,  240,  638,  328,  722,  378,  806,  587,  508,  359,  416,  989,  697,  456,  210,  481,  350,   84,  625,  553,   70,  421,  485,  239,  385,  313,  856,  421,  828,  190,  574,  547,  689,  205,  333,  974,  260,  115,  130,  317,  868,  688,  598,  205,  151,  441,  441,   82,  888,   98,  660,  380,  342,  297,  708,  260,  547,   39,  317,  640,  808,  833,  236,  426,  319,  507,  433,  366,  397,  367,  581,  681,  303,  178,  335,  513,  684,  173,  489,  735,  399,  416,  340,  775,  873],
        [  188,    0,  416,  401,  326,  251,  376,  602,  681,  729,  105,  277,  499,  547,  397,  448,  802,  805,  811,  377,  485,  893,  509,  699,  140,  783,  108,  147,  535,  365,  335,  321,  510,  524,  513,  742,   70,    0,  121,  442,  536,  566,  220,  600,  261,  654,  314,  775,  545,  443,  340,  392,  925,  644,  413,  142,  429,  405,  109,  618,  565,   81,  355,  509,  192,  377,  243,  807,  428,  823,  163,  575,  539,  645,  193,  345,  912,  314,  184,  195,  385,  812,  658,  537,  165,  112,  382,  384,  130,  833,   29,  607,  320,  346,  280,  639,  218,  489,   54,  257,  602,  757,  833,  204,  448,  298,  439,  456,  322,  462,  297,  544,  628,  236,  155,  332,  474,  680,  205,  439,  687,  380,  352,  280,  778,  867],
        [  238,    0,  351,  376,  447,  143,  395,  716,  729,  746,  104,  397,  445,  648,  481,  465,  832,  916,  847,  497,  542,  931,  440,  787,  248,  894,   56,  198,  561,  289,  417,  431,  406,  544,  410,  821,   54,  121,    0,  498,  630,  653,  247,  684,  381,  775,  432,  849,  636,  562,  398,  457, 1042,  749,  505,  262,  508,  332,  117,  655,  571,  113,  474,  494,  267,  418,  361,  906,  445,  855,  236,  598,  579,  738,  209,  355, 1028,  245,   63,   77,  276,  921,  731,  651,  229,  201,  476,  494,   52,  940,  150,  711,  415,  368,  337,  760,  310,  579,   75,  371,  686,  859,  858,  282,  438,  361,  551,  444,  388,  363,  417,  627,  733,  348,  223,  365,  561,  711,  187,  540,  785,  437,  470,  377,  798,  901],
        [  611,    0,  845,  842,  422,  634,  803,  742, 1058, 1146,  394,  378,  936,  789,  730,  874, 1201,  938, 1202,  429,  862, 1276,  936,  971,  334,  923,  444,  304,  950,  786,  143,  289,  889,  943,  894, 1043,  482,  442,  498,    0,  812,  861,  255,  898,  455,  683,  516, 1088,  829,  578,  731,  766,  984,  850,  716,  428,  104,  829,  549, 1017,  995,  522,  521,  948,  252,  787,  350, 1020,  854, 1220,  573,  990,  938,  906,  294,  779,  998,  740,  539,  524,  757,  967,  986,  699,  278,  520,  187,  617,  455, 1001,  437,  821,  204,  773,  681,  628,  579,  189,  443,  524,  899,  961, 1238,  594,  887,  691,  332,  895,  123,  853,  392,  854,  832,  310,  571,  752,  785, 1083,  646,  703,  919,  768,  536,  227, 1190, 1259],
        [  406,    0,  660,  531,  397,  689,  390,  234,  328,  503,  639,  434,  665,   63,  157,  397,  491,  346,  472,  409,  227,  520,  726,  166,  527,  323,  641,  638,  375,  666,  670,  529,  854,  394,  854,  231,  581,  536,  630,  812,    0,   56,  709,   90,  361,  401,  297,  278,   21,  272,  277,  224,  516,  153,  125,  431,  734,  677,  521,  354,  470,  518,  296,  530,  621,  318,  465,  280,  395,  500,  396,  397,  313,  109,  699,  425,  478,  626,  679,  703,  782,  329,  191,  200,  631,  431,  642,  196,  660,  334,  513,  123,  609,  387,  321,  448,  321,  721,  586,  304,   90,  240,  537,  349,  493,  296,  550,  504,  707,  798,  422,   76,  147,  507,  409,  357,   82,  409,  516,  110,  160,  259,  279,  587,  520,  524],
        [  422,    0,  653,  520,  449,  701,  380,  281,  276,  456,  669,  484,  650,  113,  173,  377,  438,  368,  418,  462,  200,  465,  714,  135,  568,  346,  668,  675,  342,  665,  718,  580,  852,  363,  851,  184,  606,  566,  653,  861,   56,    0,  747,   37,  407,  452,  346,  228,   36,  328,  279,  221,  544,  180,  156,  470,  785,  673,  541,  309,  438,  540,  348,  506,  663,  309,  512,  274,  378,  446,  418,  360,  277,   97,  736,  419,  502,  628,  699,  725,  787,  344,  136,  253,  670,  458,  693,  246,  686,  344,  544,  159,  659,  381,  331,  501,  349,  775,  615,  346,   39,  245,  484,  371,  476,  305,  604,  485,  753,  796,  473,   37,  180,  554,  430,  354,   93,  362,  526,  159,  162,  254,  331,  635,  470,  469],
        [  407,    0,  598,  610,  386,  380,  595,  714,  893,  949,  145,  327,  691,  705,  589,  668, 1020,  922, 1028,  422,  695, 1107,  686,  874,  184,  903,  192,   76,  755,  536,  209,  298,  636,  743,  640,  929,  240,  220,  247,  255,  709,  747,    0,  783,  366,  716,  434,  968,  721,  542,  552,  600, 1012,  790,  592,  278,  285,  579,  318,  835,  784,  294,  460,  723,  102,  595,  283,  960,  647, 1041,  377,  794,  756,  814,   40,  564, 1011,  492,  285,  270,  503,  940,  854,  657,   79,  323,  286,  528,  202,  967,  227,  755,  238,  565,  494,  680,  414,  371,  204,  406,  785,  905, 1052,  412,  663,  510,  408,  670,  159,  599,  349,  731,  772,  245,  371,  551,  660,  898,  412,  602,  845,  592,  467,  214,  997, 1084],
        [  451,    0,  671,  536,  485,  728,  397,  302,  256,  442,  703,  520,  662,  139,  205,  387,  415,  368,  393,  497,  209,  436,  728,  106,  604,  346,  701,  711,  344,  685,  755,  617,  871,  366,  870,  147,  638,  600,  684,  898,   90,   37,  783,    0,  444,  474,  382,  191,   71,  361,  304,  244,  545,  188,  191,  505,  821,  692,  572,  300,  439,  572,  384,  514,  699,  328,  549,  257,  390,  422,  449,  358,  277,   85,  771,  437,  501,  650,  729,  755,  811,  339,  105,  280,  706,  491,  730,  282,  719,  335,  578,  173,  695,  400,  358,  525,  382,  810,  648,  382,    3,  235,  462,  403,  487,  333,  639,  496,  790,  816,  509,   59,  191,  590,  462,  376,  126,  347,  552,  196,  153,  276,  367,  672,  453,  443],
        [  277,    0,  599,  526,   88,  498,  430,  354,  615,  730,  340,   84,  657,  346,  282,  489,  767,  561,  762,  137,  426,  831,  690,  523,  184,  541,  364,  304,  541,  567,  312,  185,  740,  542,  741,  590,  328,  261,  381,  455,  361,  407,  366,  444,    0,  394,   69,  635,  376,  186,  319,  335,  669,  425,  263,  119,  384,  599,  318,  587,  608,  297,   99,  599,  270,  386,  105,  596,  473,  783,  233,  579,  512,  460,  366,  427,  660,  515,  443,  456,  626,  576,  532,  293,  288,  214,  297,  168,  387,  602,  232,  391,  254,  404,  291,  382,  180,  393,  312,   80,  445,  540,  807,  219,  539,  288,  257,  550,  347,  686,   84,  400,  407,  147,  242,  372,  331,  654,  381,  251,  484,  348,  102,  229,  767,  819],
        [  635,    0,  954,  851,  338,  888,  722,  173,  727,  903,  727,  396,  990,  340,  479,  755,  888,  280,  866,  296,  610,  904, 1037,  473,  557,  273,  756,  672,  760,  935,  567,  426, 1117,  774, 1118,  566,  722,  654,  775,  683,  401,  452,  716,  474,  394,    0,  350,  619,  420,  223,  591,  566,  303,  306,  428,  513,  581,  961,  706,  753,  851,  687,  305,  887,  615,  655,  439,  424,  747,  895,  600,  788,  704,  417,  729,  740,  316,  885,  837,  849, 1012,  323,  575,  206,  648,  598,  499,  333,  779,  362,  626,  306,  507,  706,  601,   70,  522,  519,  705,  420,  473,  370,  935,  567,  837,  584,  352,  848,  627, 1062,  373,  477,  295,  472,  611,  672,  453,  810,  752,  364,  381,  596,  314,  513,  921,  915],
        [  292,    0,  616,  529,  111,  539,  420,  291,  568,  695,  400,  139,  664,  278,  237,  472,  723,  497,  716,  145,  386,  781,  704,  457,  251,  476,  420,  371,  512,  590,  373,  236,  770,  516,  771,  527,  378,  314,  432,  516,  297,  346,  434,  382,   69,  350,    0,  573,  313,  131,  297,  302,  612,  357,  209,  176,  440,  619,  356,  548,  587,  338,   46,  590,  338,  367,  169,  527,  457,  738,  253,  549,  477,  393,  433,  424,  600,  539,  492,  507,  662,  510,  473,  228,  356,  248,  350,  102,  443,  535,  285,  322,  313,  396,  282,  349,  182,  438,  367,   73,  383,  472,  766,  226,  533,  274,  284,  544,  412,  715,  129,  342,  339,  212,  264,  363,  275,  615,  406,  187,  416,  320,   39,  291,  729,  773],
        [  611,    0,  772,  633,  675,  873,  509,  451,  218,  403,  879,  711,  741,  315,  380,  474,  328,  433,  292,  685,  318,  300,  811,  147,  791,  418,  871,  894,  396,  801,  946,  807,  977,  422,  974,   54,  806,  775,  849, 1088,  278,  228,  968,  191,  635,  619,  573,    0,  261,  544,  453,  393,  605,  313,  378,  691, 1011,  798,  733,  308,  477,  738,  574,  577,  887,  452,  740,  262,  484,  324,  617,  389,  335,  207,  953,  555,  552,  775,  888,  916,  937,  389,  119,  447,  891,  664,  920,  473,  887,  364,  755,  319,  886,  522,  513,  679,  559,  998,  820,  571,  190,  283,  372,  573,  570,  489,  825,  577,  980,  925,  700,  238,  326,  781,  629,  507,  309,  320,  697,  386,  240,  416,  557,  863,  390,  326],
        [  409,    0,  655,  524,  415,  690,  384,  252,  309,  485,  648,  451,  657,   81,  159,  387,  471,  355,  452,  427,  214,  500,  719,  155,  540,  332,  648,  649,  361,  663,  686,  547,  851,  380,  850,  215,  587,  545,  636,  829,   21,   36,  721,   71,  376,  420,  313,  261,    0,  292,  274,  219,  527,  163,  133,  443,  751,  673,  526,  336,  457,  523,  314,  519,  635,  312,  480,  279,  386,  480,  401,  382,  298,  103,  710,  420,  488,  624,  684,  709,  782,  335,  172,  220,  643,  438,  660,  212,  667,  339,  522,  136,  626,  382,  321,  468,  328,  740,  594,  317,   72,  243,  518,  354,  484,  296,  569,  494,  722,  795,  439,   58,  159,  522,  414,  353,   80,  391,  517,  126,  160,  254,  297,  603,  501,  504],
