{
    "name": "random-50-32693",
    "comment": "size=50 seed=32693",
    "nodes": ["+0", "-0", "+1", "-1", "+2", "-2", "+3", "-3", "+4", "-4", "+5", "-5", "+6", "-6", "+7", "-7", "+8", "-8", "+9", "-9", "+10", "-10", "+11", "-11", "+12", "-12", "+13", "-13", "+14", "-14", "+15", "-15", "+16", "-16", "+17", "-17", "+18", "-18", "+19", "-19", "+20", "-20", "+21", "-21", "+22", "-22", "+23", "-23", "+24", "-24", "+25", "-25", "+26", "-26", "+27", "-27", "+28", "-28", "+29", "-29", "+30", "-30", "+31", "-31", "+32", "-32", "+33", "-33", "+34", "-34", "+35", "-35", "+36", "-36", "+37", "-37", "+38", "-38", "+39", "-39", "+40", "-40", "+41", "-41", "+42", "-42", "+43", "-43", "+44", "-44", "+45", "-45", "+46", "-46", "+47", "-47", "+48", "-48", "+49", "-49", "+50", "-50"],
    "precedence": {
        "+0": "-0",
        "+1": "-1",
        "+2": "-2",
        "+3": "-3",
        "+4": "-4",
        "+5": "-5",
        "+6": "-6",
        "+7": "-7",
        "+8": "-8",
        "+9": "-9",
        "+10": "-10",
        "+11": "-11",
        "+12": "-12",
        "+13": "-13",
        "+14": "-14",
        "+15": "-15",
        "+16": "-16",
        "+17": "-17",
        "+18": "-18",
        "+19": "-19",
        "+20": "-20",
        "+21": "-21",
        "+22": "-22",
        "+23": "-23",
        "+24": "-24",
        "+25": "-25",
        "+26": "-26",
        "+27": "-27",
        "+28": "-28",
        "+29": "-29",
        "+30": "-30",
        "+31": "-31",
        "+32": "-32",
        "+33": "-33",
        "+34": "-34",
        "+35": "-35",
        "+36": "-36",
        "+37": "-37",
        "+38": "-38",
        "+39": "-39",
        "+40": "-40",
        "+41": "-41",
        "+42": "-42",
        "+43": "-43",
        "+44": "-44",
        "+45": "-45",
        "+46": "-46",
        "+47": "-47",
        "+48": "-48",
        "+49": "-49",
        "+50": "-50"
    },
    "edges": [
        [    0,    0,  479,  812,  536,  293,  619,  432,  634,  725,  520,  144,  172,  601,  136,  604,  315,  679,  149,  315,  771,  841,  508,  471,  270,  384,  300,  822,  201,  665,  469,  495,  342,  388,  498,  627,  510,  450,  762,  638,  738,  580,  239,  158,  639,  281,  404,  679,  724,  122,  741,  750,  536,  666,  515,   74,  330,  456,  208,  340,  493,  120,  427,  851,  625,  418,  224,  708,  846,  275,  793,  572,  550,  370,  570,  362,  306,  633,  162,  528,  177,  529,  428,  424,  267,  349,  430,  750,  277,  411,  274,  690,  471,  256,  437,  369,  434,  524,  389,  450,  275,  697],
        [    0,    0,    0,    0,    0,    0,    0,    0,    0,    0,    0,    0,    0,    0,    0,    0,    0,    0,    0,    0,    0,    0,    0,    0,    0,    0,    0,    0,    0,    0,    0,    0,    0,    0,    0,    0,    0,    0,    0,    0,    0,    0,    0,    0,    0,    0,    0,    0,    0,    0,    0,    0,    0,    0,    0,    0,    0,    0,    0,    0,    0,    0,    0,    0,    0,    0,    0,    0,    0,    0,    0,    0,    0,    0,    0,    0,    0,    0,    0,    0,    0,    0,    0,    0,    0,    0,    0,    0,    0,    0,    0,    0,    0,    0,    0,    0,    0,    0,    0,    0,    0,    0],
        [  479,    0,    0,  700,  932,  424,  739,  211,  539,  322,  405,  350,  578,  186,  408,  260,  297,  248,  595,  604,  561,  677,  733,  657,  459,  192,  378,  714,  299,  481,  748,  161,  511,  505,  383,  543,  636,  675,  310,  167,  526,  122,  507,  578,  166,  497,  301,  204,  664,  434,  357,  572,   86,  238,  767,  478,  400,  837,  667,  800,  922,  549,  273,  672,  156,  826,  329,  233,  714,  677,  623,  191,  351,  820,  661,  271,  509,  267,  318,  873,  576,  936,  803,  697,  530,  673,  590,  277,  209,  417,  514,  374,  632,  563,  781,  785,  680,  335,  559,  300,  628,  505],
        [  812,    0,  700,    0,  844,  520,  358,  509,  183,  520,  321,  803,  984,  868,  868,  467,  534,  578,  791, 1107,  182,   86, 1290,  456,  549,  847,  516,   14,  800,  222,  586,  539,  493,  438,  346,  187,  381, 1228,  634,  785,  202,  788, 1010,  969,  777, 1032,  456,  779,  103,  691,  482,  143,  641,  576,  549,  746,  484,  768,  842,  913,  906,  761,  460,  112,  785,  812,  611,  709,   44,  746,  106,  886,  351,  898,  326,  508, 1055,  482,  733,  724,  728,  867,  744,  571, 1041,  638, 1174,  835,  671,  404, 1038,  384,  429,  624,  688,  809, 1220,  371,  468,  428, 1083,  203],
        [  536,    0,  932,  844,    0,  527,  493,  783,  739, 1059,  719,  669,  614, 1094,  670,  929,  651, 1048,  387,  774,  918,  914,  947,  399,  484,  900,  574,  847,  722,  834,  261,  867,  461,  501,  715,  724,  472,  905, 1139, 1098,  899, 1051,  741,  594, 1096,  790,  698, 1130,  742,  512, 1053,  873,  956, 1037,  296,  490,  567,   97,  342,  254,   98,  420,  736,  937, 1088,  118,  604, 1126,  887,  266,  892, 1074,  797,  210,  520,  694,  812,  962,  651,  123,  373,   29,  131,  290,  762,  268,  922, 1205,  730,  605,  776,  961,  430,  371,  171,  168,  880,  781,  440,  735,  703,  857],
        [  293,    0,  424,  520,  527,    0,  366,  256,  344,  540,  245,  312,  465,  602,  367,  409,  129,  522,  292,  596,  494,  552,  786,  246,   47,  457,   48,  530,  330,  390,  325,  341,   91,  110,  229,  336,  251,  725,  613,  585,  464,  546,  506,  450,  582,  535,  175,  612,  432,  172,  540,  466,  434,  511,  345,  227,   48,  430,  357,  465,  538,  253,  212,  564,  576,  435,  128,  601,  555,  303,  507,  593,  300,  467,  301,  168,  560,  442,  248,  453,  237,  536,  396,  273,  537,  260,  685,  688,  253,  124,  537,  461,  229,  165,  365,  404,  713,  277,  144,  217,  566,  421],
        [  619,    0,  739,  358,  493,  366,    0,  532,  303,  713,  365,  673,  782,  924,  720,  604,  463,  736,  541,  933,  468,  435, 1126,  152,  364,  814,  396,  359,  695,  415,  246,  605,  286,  258,  378,  288,  115, 1068,  818,  879,  461,  856,  852,  764,  873,  888,  439,  892,  261,  509,  691,  419,  718,  728,  200,  545,  362,  427,  570,  605,  564,  527,  469,  459,  873,  479,  493,  851,  400,  454,  423,  925,  448,  581,   80,  472,  913,  634,  612,  371,  477,  517,  408,  249,  882,  333, 1039,  963,  610,  324,  886,  583,  149,  372,  350,  487, 1052,  446,  233,  447,  888,  427],
        [  432,    0,  211,  509,  783,  256,  532,    0,  336,  299,  198,  353,  579,  395,  423,  173,  138,  269,  503,  658,  396,  500,  823,  463,  300,  339,  210,  522,  328,  300,  570,   85,  331,  312,  175,  339,  433,  761,  360,  349,  360,  324,  557,  572,  345,  565,   96,  368,  461,  340,  310,  395,  189,  258,  580,  399,  219,  686,  575,  699,  790,  457,   64,  500,  343,  688,  217,  347,  528,  549,  445,  401,  162,  708,  453,   90,  585,  203,  290,  706,  464,  791,  652,  521,  586,  515,  692,  442,  188,  214,  577,  263,  435,  416,  620,  654,  758,  139,  372,   90,  658,  329],
        [  634,    0,  539,  183,  739,  344,  303,  336,    0,  425,  141,  621,  805,  715,  686,  336,  351,  463,  626,  925,  180,  209, 1108,  341,  378,  672,  336,  195,  618,  113,  479,  381,  332,  277,  166,   15,  269, 1046,  536,  644,  164,  637,  828,  792,  637,  849,  275,  646,  126,  514,  397,  137,  490,  457,  456,  571,  305,  653,  683,  768,  787,  593,  283,  222,  642,  686,  429,  588,  214,  598,  167,  728,  192,  758,  237,  326,  872,  359,  551,  627,  565,  758,  624,  451,  859,  503,  992,  710,  490,  224,  855,  289,  309,  466,  572,  675, 1037,  205,  320,  251,  903,  125],
        [  725,    0,  322,  520, 1059,  540,  713,  299,  425,    0,  357,  627,  860,  417,  694,  132,  434,   82,  801,  913,  342,  465, 1053,  696,  586,  514,  497,  533,  587,  319,  823,  232,  598,  562,  353,  437,  643,  994,  115,  310,  318,  341,  813,  855,  302,  809,  366,  286,  532,  639,   45,  378,  237,   89,  820,  697,  496,  963,  874,  996, 1077,  756,  330,  449,  316,  973,  515,  201,  515,  841,  419,  451,  272, 1003,  637,  384,  824,   99,  573,  969,  761, 1071,  930,  780,  838,  792,  911,  326,  458,  456,  825,  140,  664,  704,  890,  944,  997,  283,  625,  325,  926,  325],
        [  520,    0,  405,  321,  719,  245,  365,  198,  141,  357,    0,  489,  687,  586,  556,  240,  218,  372,  536,  797,  253,  329,  976,  341,  287,  531,  222,  333,  482,  147,  472,  252,  268,  221,   26,  143,  287,  913,  457,  524,  221,  510,  698,  675,  518,  716,  136,  533,  264,  403,  342,  232,  365,  364,  465,  463,  199,  626,  601,  702,  751,  497,  142,  336,  520,  647,  303,  487,  347,  535,  278,  595,   86,  700,  286,  188,  739,  271,  419,  621,  480,  735,  594,  433,  729,  461,  856,  602,  351,  126,  724,  243,  308,  395,  549,  626,  906,   82,  280,  111,  780,  178],
        [  144,    0,  350,  803,  669,  312,  673,  353,  621,  627,  489,    0,  234,  459,   70,  516,  272,  571,  288,  309,  731,  818,  488,  537,  309,  241,  296,  815,   58,  627,  566,  398,  387,  420,  465,  617,  558,  425,  648,  502,  696,  443,  210,  231,  504,  230,  358,  546,  727,  178,  648,  718,  417,  559,  606,  180,  331,  584,  351,  484,  633,  250,  369,  824,  489,  552,  195,  583,  833,  404,  766,  429,  497,  512,  611,  307,  253,  541,   71,  648,  298,  665,  554,  517,  240,  455,  376,  614,  171,  405,  235,  616,  528,  346,  553,  504,  418,  471,  441,  397,  305,  659],
        [  172,    0,  578,  984,  614,  465,  782,  579,  805,  860,  687,  234,    0,  660,  171,  746,  476,  804,  258,  164,  937, 1011,  353,  632,  441,  434,  470,  994,  280,  831,  608,  630,  511,  559,  665,  798,  676,  301,  880,  720,  904,  658,  137,   21,  723,  187,  566,  766,  896,  293,  880,  918,  649,  792,  658,  242,  501,  552,  276,  374,  548,  258,  584, 1020,  707,  500,  386,  810, 1018,  385,  962,  622,  711,  415,  737,  520,  205,  772,  290,  637,  313,  601,  531,  569,  151,  486,  309,  830,  403,  582,  168,  841,  634,  411,  555,  451,  280,  684,  556,  609,  107,  863],
        [  601,    0,  186,  868, 1094,  602,  924,  395,  715,  417,  586,  459,  660,    0,  499,  406,  477,  336,  735,  639,  714,  835,  724,  839,  634,  226,  557,  881,  402,  646,  925,  335,  691,  688,  565,  721,  820,  674,  352,  112,  681,   81,  557,  665,  121,  531,  486,  154,  840,  584,  459,  733,  227,  330,  947,  618,  582, 1000,  804,  938, 1074,  691,  458,  827,  104,  983,  495,  241,  877,  832,  782,   46,  524,  962,  846,  455,  535,  400,  451, 1044,  727, 1095,  967,  873,  571,  842,  579,  187,  364,  602,  552,  511,  815,  729,  950,  939,  687,  511,  741,  483,  683,  667],
        [  136,    0,  408,  868,  670,  367,  720,  423,  686,  694,  556,   70,  171,  499,    0,  585,  339,  635,  284,  241,  800,  885,  423,  580,  358,  274,  357,  879,  110,  696,  594,  466,  435,  473,  532,  681,  607,  361,  711,  552,  765,  491,  143,  171,  555,  169,  426,  598,  790,  214,  716,  786,  479,  623,  637,  196,  391,  591,  338,  465,  625,  255,  438,  891,  539,  553,  258,  640,  899,  410,  834,  464,  567,  498,  663,  376,  194,  609,  138,  662,  310,  664,  563,  547,  174,  478,  320,  663,  239,  467,  172,  685,  574,  376,  570,  503,  352,  540,  488,  466,  235,  727],
        [  604,    0,  260,  467,  929,  409,  604,  173,  336,  132,  240,  516,  746,  406,  585,    0,  305,  132,  673,  813,  309,  431,  966,  573,  455,  442,  366,  481,  482,  248,  697,  121,  468,  435,  232,  346,  525,  905,  218,  318,  276,  325,  712,  740,  311,  714,  234,  314,  455,  512,  138,  329,  184,  125,  696,  571,  365,  833,  745,  865,  946,  627,  198,  422,  318,  842,  388,  253,  473,  710,  378,  429,  157,  872,  526,  255,  731,   34,  457,  841,  630,  940,  799,  652,  739,  662,  828,  375,  346,  328,  728,  115,  542,  573,  761,  812,  905,  161,  497,  194,  819,  265],
        [  315,    0,  297,  534,  651,  129,  463,  138,  351,  434,  218,  272,  476,  477,  339,  305,    0,  406,  368,  580,  464,  546,  759,  363,  168,  353,   82,  545,  268,  358,  452,  219,  215,  213,  194,  348,  352,  696,  496,  457,  429,  419,  481,  466,  454,  500,   90,  484,  463,  211,  441,  448,  307,  395,  470,  271,  105,  554,  440,  562,  655,  323,  114,  553,  448,  553,   91,  476,  562,  412,  495,  471,  236,  571,  388,   51,  522,  337,  202,  581,  327,  658,  520,  401,  511,  385,  641,  560,  151,  149,  507,  379,  340,  282,  491,  518,  689,  210,  264,  135,  566,  390],
        [  679,    0,  248,  578, 1048,  522,  736,  269,  463,   82,  372,  571,  804,  336,  635,  132,  406,    0,  766,  847,  405,  529,  981,  702,  567,  439,  477,  591,  527,  365,  823,  189,  590,  560,  363,  473,  656,  922,   91,  230,  378,  260,  748,  801,  222,  741,  350,  210,  578,  602,  124,  436,  164,   13,  825,  657,  482,  951,  840,  966, 1059,  720,  313,  516,  235,  956,  479,  132,  577,  818,  480,  370,  289,  977,  658,  358,  755,  104,  521,  965,  731, 1058,  917,  776,  772,  780,  838,  258,  405,  454,  758,  196,  671,  685,  882,  923,  927,  292,  623,  316,  865,  377],
        [  149,    0,  595,  791,  387,  292,  541,  503,  626,  801,  536,  288,  258,  735,  284,  673,  368,  766,    0,  421,  785,  834,  611,  389,  251,  526,  321,  800,  343,  681,  351,  578,  299,  354,  520,  616,  444,  559,  854,  759,  755,  705,  367,  238,  759,  414,  448,  798,  695,  166,  809,  755,  640,  754,  402,  118,  338,  309,   74,  206,  346,   47,  479,  848,  747,  269,  288,  814,  830,  132,  792,  709,  587,  228,  508,  419,  438,  704,  284,  387,   66,  381,  284,  314,  391,  229,  556,  871,  386,  414,  403,  743,  398,  173,  300,  220,  538,  563,  331,  494,  362,  711],
        [  315,    0,  604, 1107,  774,  596,  933,  658,  925,  913,  797,  309,  164,  639,  241,  813,  580,  847,  421,    0, 1040, 1125,  194,  785,  580,  427,  592, 1118,  332,  936,  770,  692,  654,  698,  773,  920,  824,  138,  913,  720, 1005,  658,  102,  185,  725,  110,  666,  768, 1025,  429,  939, 1027,  684,  835,  819,  388,  626,  715,  439,  528,  704,  416,  677, 1132,  707,  662,  497,  828, 1138,  549, 1074,  596,  806,  570,  883,  616,  105,  834,  379,  801,  473,  759,  695,  729,   75,  647,  155,  822,  471,  704,   90,  918,  785,  567,  719,  613,  120,  780,  703,  706,   78,  967],
        [  771,    0,  561,  182,  918,  494,  468,  396,  180,  342,  253,  731,  937,  714,  800,  309,  464,  405,  785, 1040,    0,  124, 1213,  520,  534,  727,  474,  194,  716,  107,  658,  403,  500,  446,  274,  194,  447, 1151,  455,  623,   37,  634,  940,  926,  615,  954,  375,  611,  225,  655,  302,   51,  491,  404,  633,  715,  450,  832,  846,  939,  965,  747,  365,  113,  624,  864,  552,  536,  174,  769,   78,  737,  237,  932,  411,  425,  975,  317,  662,  806,  726,  937,  803,  630,  970,  679, 1086,  662,  578,  372,  963,  210,  488,  634,  751,  850, 1146,  262,  495,  335, 1029,   75],
        [  841,    0,  677,   86,  914,  552,  435,  500,  209,  465,  329,  818, 1011,  835,  885,  431,  546,  529,  834, 1125,  124,    0, 1304,  521,  586,  837,  541,   92,  809,  201,  654,  517,  538,  482,  353,  218,  446, 1242,  577,  746,  155,  755, 1026,  998,  738, 1045,  462,  735,  175,  721,  424,  106,  611,  528,  621,  778,  512,  836,  889,  969,  973,  801,  459,   27,  747,  875,  630,  660,   56,  800,   55,  858,  338,  956,  395,  514, 1067,  440,  748,  796,  772,  936,  810,  636, 1057,  697, 1182,  786,  674,  431, 1052,  334,  492,  672,  755,  869, 1235,  362,  520,  428, 1107,  173],
        [  508,    0,  733, 1290,  947,  786, 1126,  823, 1108, 1053,  976,  488,  353,  724,  423,  966,  759,  981,  611,  194, 1213, 1304,    0,  979,  772,  543,  779, 1302,  498, 1111,  961,  845,  847,  890,  951, 1104, 1017,   63, 1037,  821, 1178,  762,  282,  373,  827,  260,  843,  869, 1212,  622, 1084, 1203,  818,  970, 1011,  582,  813,  896,  621,  696,  870,  609,  849, 1309,  809,  839,  680,  940, 1320,  736, 1252,  679,  977,  739, 1076,  791,  239,  983,  558,  984,  665,  930,  878,  921,  250,  839,  146,  911,  637,  890,  253, 1076,  978,  760,  905,  792,   75,  952,  896,  880,  251, 1142],
        [  471,    0,  657,  456,  399,  246,  152,  463,  341,  696,  341,  537,  632,  839,  580,  573,  363,  702,  389,  785,  520,  521,  979,    0,  231,  703,  286,  460,  566,  440,  139,  544,  157,  153,  344,  326,   76,  921,  791,  810,  502,  778,  707,  613,  805,  745,  367,  830,  353,  367,  682,  475,  651,  693,  124,  398,  258,  316,  420,  466,  452,  376,  403,  542,  802,  356,  372,  804,  498,  307,  494,  834,  425,  446,  133,  387,  770,  606,  482,  288,  326,  419,  290,  116,  737,  189,  896,  905,  499,  252,  742,  582,   34,  221,  235,  355,  904,  414,  102,  390,  738,  461],
        [  270,    0,  459,  549,  484,   47,  364,  300,  378,  586,  287,  309,  441,  634,  358,  455,  168,  567,  251,  580,  534,  586,  772,  231,    0,  477,   91,  558,  336,  431,  293,  384,   78,  119,  272,  369,  250,  712,  658,  622,  505,  581,  493,  425,  620,  526,  221,  651,  457,  151,  586,  504,  474,  556,  318,  200,   93,  387,  314,  419,  493,  215,  257,  599,  613,  389,  145,  643,  586,  257,  542,  622,  345,  421,  306,  211,  551,  488,  252,  415,  193,  492,  353,  240,  524,  218,  677,  727,  277,  163,  526,  507,  219,  119,  324,  358,  698,  323,  133,  263,  545,  461],
        [  384,    0,  192,  847,  900,  457,  814,  339,  672,  514,  531,  241,  434,  226,  274,  442,  353,  439,  526,  427,  727,  837,  543,  703,  477,    0,  421,  860,  184,  636,  764,  328,  547,  560,  506,  673,  702,  486,  495,  295,  691,  232,  338,  439,  299,  318,  402,  342,  794,  390,  548,  731,  278,  429,  794,  412,  453,  811,  591,  724,  871,  485,  389,  835,  282,  785,  333,  403,  866,  635,  782,  191,  499,  752,  741,  355,  327,  454,  250,  865,  528,  899,  779,  712,  355,  666,  399,  400,  206,  500,  338,  556,  685,  552,  770,  739,  493,  477,  601,  421,  462,  664],
        [  300,    0,  378,  516,  574,   48,  396,  210,  336,  497,  222,  296,  470,  557,  357,  366,   82,  477,  321,  592,  474,  541,  779,  286,   91,  421,    0,  526,  307,  368,  371,  294,  134,  140,  203,  329,  282,  717,  568,  538,  442,  500,  498,  457,  535,  524,  133,  565,  434,  182,  499,  450,  387,  465,  390,  242,   36,  477,  389,  503,  583,  279,  168,  551,  529,  480,  103,  554,  549,  345,  493,  550,  267,  508,  326,  121,  548,  399,  229,  501,  270,  582,  443,  320,  529,  307,  671,  640,  216,  113,  528,  424,  265,  209,  412,  448,  707,  243,  185,  177,  568,  400],
        [  822,    0,  714,   14,  847,  530,  359,  522,  195,  533,  333,  815,  994,  881,  879,  481,  545,  591,  800, 1118,  194,   92, 1302,  460,  558,  860,  526,    0,  812,  235,  589,  553,  501,  446,  359,  199,  386, 1240,  647,  798,  215,  801, 1022,  979,  791, 1044,  469,  792,  108,  701,  494,  156,  654,  589,  552,  756,  494,  772,  850,  920,  910,  770,  473,  118,  798,  816,  622,  722,   43,  753,  118,  899,  365,  903,  330,  520, 1067,  495,  745,  726,  736,  870,  748,  576, 1053,  644, 1186,  848,  684,  414, 1049,  396,  435,  632,  692,  814, 1231,  384,  475,  441, 1093,  216],
        [  201,    0,  299,  800,  722,  330,  695,  328,  618,  587,  482,   58,  280,  402,  110,  482,  268,  527,  343,  332,  716,  809,  498,  566,  336,  184,  307,  812,    0,  614,  606,  362,  413,  439,  457,  615,  581,  436,  602,  447,  680,  387,  230,  280,  449,  239,  347,  491,  730,  220,  611,  707,  370,  515,  643,  232,  343,  634,  408,  541,  688,  304,  352,  813,  434,  605,  205,  531,  828,  456,  756,  371,  480,  569,  630,  295,  259,  505,   85,  695,  349,  719,  604,  556,  259,  499,  374,  558,  141,  410,  249,  587,  554,  388,  600,  558,  432,  454,  467,  383,  339,  645],
        [  665,    0,  481,  222,  834,  390,  415,  300,  113,  319,  147,  627,  831,  646,  696,  248,  358,  365,  681,  936,  107,  201, 1111,  440,  431,  636,  368,  235,  614,    0,  578,  320,  402,  349,  168,  127,  372, 1049,  432,  565,   74,  566,  836,  820,  557,  851,  270,  561,  214,  549,  288,   95,  420,  362,  559,  609,  345,  745,  744,  841,  876,  643,  262,  201,  564,  773,  446,  495,  233,  672,  146,  665,  138,  835,  347,  320,  873,  265,  558,  727,  623,  852,  715,  545,  866,  587,  986,  619,  477,  268,  860,  181,  407,  534,  665,  757, 1043,  162,  402,  232,  923,   32],
        [  469,    0,  748,  586,  261,  325,  246,  570,  479,  823,  472,  566,  608,  925,  594,  697,  452,  823,  351,  770,  658,  654,  961,  139,  293,  764,  371,  589,  606,  578,    0,  654,  240,  263,  472,  464,  212,  907,  912,  908,  641,  870,  706,  588,  905,  749,  477,  934,  484,  389,  812,  613,  755,  813,   55,  400,  353,  184,  357,  367,  322,  355,  514,  676,  900,  234,  435,  916,  629,  235,  631,  914,  554,  339,  261,  486,  774,  730,  524,  150,  297,  282,  163,   53,  733,  123,  897, 1009,  568,  370,  741,  714,  171,  221,  105,  245,  888,  541,  201,  507,  713,  599],
        [  495,    0,  161,  539,  867,  341,  605,   85,  381,  232,  252,  398,  630,  335,  466,  121,  219,  189,  578,  692,  403,  517,  845,  544,  384,  328,  294,  553,  362,  320,  654,    0,  416,  395,  233,  386,  510,  784,  279,  274,  368,  259,  591,  625,  269,  593,  178,  288,  506,  413,  251,  412,  114,  177,  663,  469,  304,  770,  651,  777,  874,  531,  142,  513,  269,  772,  290,  262,  553,  631,  463,  348,  191,  788,  525,  174,  610,  143,  342,  791,  542,  876,  736,  605,  618,  600,  708,  361,  228,  293,  607,  232,  516,  500,  704,  737,  785,  177,  455,  159,  700,  345],
        [  342,    0,  511,  493,  461,   91,  286,  331,  332,  598,  268,  387,  511,  691,  435,  468,  215,  590,  299,  654,  500,  538,  847,  157,   78,  547,  134,  501,  413,  402,  240,  416,    0,   56,  259,  321,  173,  787,  680,  670,  474,  633,  569,  494,  666,  603,  241,  694,  397,  226,  593,  465,  516,  579,  256,  269,  114,  366,  352,  440,  485,  271,  278,  553,  661,  381,  216,  678,  531,  271,  498,  683,  339,  434,  229,  247,  629,  502,  329,  376,  236,  474,  332,  190,  600,  196,  755,  770,  343,  146,  603,  504,  142,  135,  293,  359,  773,  321,   56,  275,  616,  430],
        [  388,    0,  505,  438,  501,  110,  258,  312,  277,  562,  221,  420,  559,  688,  473,  435,  213,  560,  354,  698,  446,  482,  890,  153,  119,  560,  140,  446,  439,  349,  263,  395,   56,    0,  215,  266,  143,  829,  650,  657,  421,  625,  610,  543,  654,  642,  217,  679,  343,  269,  554,  410,  500,  550,  269,  317,  108,  407,  408,  494,  531,  324,  254,  498,  650,  427,  236,  656,  476,  324,  443,  683,  297,  487,  192,  234,  667,  468,  357,  407,  291,  515,  374,  218,  641,  241,  792,  754,  355,  107,  642,  461,  128,  190,  331,  408,  816,  281,   63,  244,  663,  377],
        [  498,    0,  383,  346,  715,  229,  378,  175,  166,  353,   26,  465,  665,  565,  532,  232,  194,  363,  520,  773,  274,  353,  951,  344,  272,  506,  203,  359,  457,  168,  472,  233,  259,  215,    0,  167,  294,  889,  449,  506,  241,  490,  674,  653,  501,  692,  111,  516,  289,  383,  341,  255,  346,  354,  467,  443,  182,  621,  585,  690,  744,  480,  118,  360,  502,  640,  280,  474,  372,  524,  302,  573,   83,  689,  298,  162,  714,  263,  395,  620,  465,  730,  589,  430,  704,  454,  831,  586,  326,  114,  699,  246,  312,  384,  545,  617,  882,   71,  277,   87,  757,  199],
        [  627,    0,  543,  187,  724,  336,  288,  339,   15,  437,  143,  617,  798,  721,  681,  346,  348,  473,  616,  920,  194,  218, 1104,  326,  369,  673,  329,  199,  615,  127,  464,  386,  321,  266,  167,    0,  254, 1042,  548,  652,  178,  644,  824,  785,  645,  846,  275,  655,  122,  507,  410,  150,  497,  468,  441,  563,  298,  639,  672,  756,  773,  583,  284,  233,  649,  673,  424,  598,  220,  586,  178,  733,  199,  746,  222,  326,  869,  370,  547,  612,  555,  744,  610,  437,  855,  490,  989,  719,  489,  218,  851,  301,  294,  455,  558,  662, 1033,  210,  308,  253,  897,  140],
        [  510,    0,  636,  381,  472,  251,  115,  433,  269,  643,  287,  558,  676,  820,  607,  525,  352,  656,  444,  824,  447,  446, 1017,   76,  250,  702,  282,  386,  581,  372,  212,  510,  173,  143,  294,  254,    0,  958,  743,  781,  432,  754,  741,  658,  776,  775,  337,  798,  278,  397,  626,  402,  621,  648,  188,  436,  250,  391,  482,  537,  528,  426,  370,  467,  774,  431,  378,  764,  424,  374,  420,  819,  372,  519,   64,  366,  801,  557,  498,  359,  380,  493,  365,  191,  771,  260,  927,  871,  497,  220,  774,  523,   50,  272,  310,  428,  943,  365,  122,  352,  782,  391],
        [  450,    0,  675, 1228,  905,  725, 1068,  761, 1046,  994,  913,  425,  301,  674,  361,  905,  696,  922,  559,  138, 1151, 1242,   63,  921,  712,  486,  717, 1240,  436, 1049,  907,  784,  787,  829,  889, 1042,  958,    0,  980,  768, 1115,  708,  220,  321,  774,  198,  780,  816, 1150,  562, 1024, 1141,  759,  912,  957,  524,  752,  849,  573,  655,  830,  554,  787, 1247,  756,  794,  618,  886, 1258,  686, 1190,  629,  915,  698, 1016,  729,  177,  923,  495,  936,  611,  889,  830,  866,  189,  785,   98,  861,  575,  828,  191, 1014,  920,  703,  855,  746,   29,  889,  837,  817,  203, 1080],
        [  762,    0,  310,  634, 1139,  613,  818,  360,  536,  115,  457,  648,  880,  352,  711,  218,  496,   91,  854,  913,  455,  577, 1037,  791,  658,  495,  568,  647,  602,  432,  912,  279,  680,  650,  449,  548,  743,  980,    0,  240,  432,  287,  817,  878,  232,  806,  441,  204,  645,  690,  154,  492,  233,  103,  913,  744,  572, 1042,  928, 1055, 1150,  808,  404,  561,  249, 1047,  568,  113,  628,  908,  532,  392,  372, 1066,  741,  449,  818,  186,  603, 1055,  820, 1149, 1008,  867,  839,  871,  892,  225,  486,  543,  824,  254,  759,  775,  973, 1014,  987,  378,  712,  407,  936,  439],
        [  638,    0,  167,  785, 1098,  585,  879,  349,  644,  310,  524,  502,  720,  112,  552,  318,  457,  230,  759,  720,  623,  746,  821,  810,  622,  295,  538,  798,  447,  565,  908,  274,  670,  657,  506,  652,  781,  768,  240,    0,  592,   63,  632,  723,    9,  611,  445,   49,  768,  599,  354,  646,  162,  226,  923,  642,  557, 1002,  831,  964, 1088,  714,  412,  735,   14,  992,  495,  129,  790,  843,  694,  154,  454,  985,  799,  424,  618,  307,  479, 1036,  742, 1102,  968,  858,  649,  838,  676,  113,  374,  562,  631,  416,  783,  728,  945,  951,  778,  445,  715,  432,  756,  583],
        [  738,    0,  526,  202,  899,  464,  461,  360,  164,  318,  221,  696,  904,  681,  765,  276,  429,  378,  755, 1005,   37,  155, 1178,  502,  505,  691,  442,  215,  680,   74,  641,  368,  474,  421,  241,  178,  432, 1115,  432,  592,    0,  601,  905,  892,  584,  918,  340,  582,  229,  623,  280,   60,  458,  376,  619,  683,  419,  812,  817,  913,  944,  717,  329,  147,  593,  842,  518,  509,  200,  744,  103,  704,  201,  907,  399,  389,  939,  286,  627,  789,  697,  918,  782,  611,  935,  656, 1050,  635,  542,  342,  928,  182,  470,  607,  731,  827, 1111,  227,  472,  299,  994,   45],
        [  580,    0,  122,  788, 1051,  546,  856,  324,  637,  341,  510,  443,  658,   81,  491,  325,  419,  260,  705,  658,  634,  755,  762,  778,  581,  232,  500,  801,  387,  566,  870,  259,  633,  625,  490,  644,  754,  708,  287,   63,  601,    0,  569,  661,   68,  549,  418,  111,  762,  548,  383,  653,  148,  254,  888,  587,  522,  956,  776,  910, 1038,  660,  387,  747,   50,  943,  448,  181,  797,  793,  702,  110,  446,  932,  776,  391,  557,  320,  423,  994,  690, 1054,  923,  819,  587,  794,  616,  172,  323,  535,  569,  431,  752,  683,  902,  901,  718,  435,  681,  411,  694,  587],
        [  239,    0,  507, 1010,  741,  506,  852,  557,  828,  813,  698,  210,  137,  557,  143,  712,  481,  748,  367,  102,  940, 1026,  282,  707,  493,  338,  498, 1022,  230,  836,  706,  591,  569,  610,  674,  824,  741,  220,  817,  632,  905,  569,    0,  154,  636,   50,  567,  679,  931,  344,  839,  927,  586,  737,  752,  311,  532,  672,  399,  508,  680,  352,  577, 1033,  618,  624,  400,  734, 1041,  498,  975,  516,  705,  547,  798,  516,   72,  734,  279,  753,  410,  729,  649,  661,   32,  584,  192,  736,  370,  609,   37,  816,  704,  494,  665,  575,  210,  679,  620,  606,  126,  867],
        [  158,    0,  578,  969,  594,  450,  764,  572,  792,  855,  675,  231,   21,  665,  171,  740,  466,  801,  238,  185,  926,  998,  373,  613,  425,  439,  457,  979,  280,  820,  588,  625,  494,  543,  653,  785,  658,  321,  878,  723,  892,  661,  154,    0,  726,  203,  555,  768,  881,  279,  875,  906,  647,  789,  639,  226,  487,  532,  256,  356,  529,  239,  575, 1008,  710,  480,  375,  811, 1004,  365,  950,  628,  701,  396,  720,  510,  223,  767,  284,  617,  294,  581,  511,  549,  169,  466,  329,  833,  398,  568,  186,  834,  616,  393,  535,  431,  300,  674,  538,  600,  126,  852],
        [  639,    0,  166,  777, 1096,  582,  873,  345,  637,  302,  518,  504,  723,  121,  555,  311,  454,  222,  759,  725,  615,  738,  827,  805,  620,  299,  535,  791,  449,  557,  905,  269,  666,  654,  501,  645,  776,  774,  232,    9,  584,   68,  636,  726,    0,  616,  440,   44,  761,  599,  345,  639,  156,  218,  920,  642,  554, 1000,  831,  965, 1087,  714,  407,  727,   19,  991,  493,  121,  783,  842,  687,  162,  447,  985,  794,  421,  624,  299,  479, 1034,  741, 1101,  967,  854,  654,  835,  682,  112,  374,  558,  636,  407,  778,  726,  943,  950,  784,  439,  711,  426,  760,  575],
        [  281,    0,  497, 1032,  790,  535,  888,  565,  849,  809,  716,  230,  187,  531,  169,  714,  500,  741,  414,  110,  954, 1045,  260,  745,  526,  318,  524, 1044,  239,  851,  749,  593,  603,  642,  692,  846,  775,  198,  806,  611,  918,  549,   50,  203,  616,    0,  583,  659,  956,  380,  837,  944,  578,  730,  795,  351,  559,  720,  448,  558,  730,  397,  590, 1050,  598,  673,  424,  719, 1061,  545,  992,  488,  718,  597,  831,  532,   26,  734,  299,  800,  454,  779,  697,  704,   44,  628,  152,  713,  378,  634,   23,  821,  741,  535,  712,  623,  194,  692,  655,  620,  158,  882],
        [  404,    0,  301,  456,  698,  175,  439,   96,  275,  366,  136,  358,  566,  486,  426,  234,   90,  350,  448,  666,  375,  462,  843,  367,  221,  402,  133,  469,  347,  270,  477,  178,  241,  217,  111,  275,  337,  780,  441,  445,  340,  418,  567,  555,  440,  583,    0,  464,  394,  296,  367,  362,  285,  340,  485,  357,  132,  602,  519,  635,  712,  405,   38,  467,  438,  609,  181,  439,  482,  477,  410,  488,  146,  640,  360,   52,  605,  268,  288,  616,  401,  709,  568,  429,  597,  430,  721,  538,  216,  118,  591,  295,  339,  339,  532,  579,  774,  120,  278,   47,  655,  302],
        [  679,    0,  204,  779, 1130,  612,  892,  368,  646,  286,  533,  546,  766,  154,  598,  314,  484,  210,  798,  768,  611,  735,  869,  830,  651,  342,  565,  792,  491,  561,  934,  288,  694,  679,  516,  655,  798,  816,  204,   49,  582,  111,  679,  768,   44,  659,  464,    0,  768,  636,  330,  638,  180,  208,  946,  680,  581, 1034,  870, 1003, 1123,  752,  429,  723,   62, 1026,  528,   91,  781,  878,  685,  198,  458, 1022,  812,  448,  667,  297,  519, 1065,  778, 1135, 1000,  883,  697,  867,  723,   76,  412,  581,  679,  402,  802,  759,  974,  986,  826,  452,  738,  446,  803,  576],
        [  724,    0,  664,  103,  742,  432,  261,  461,  126,  532,  264,  727,  896,  840,  790,  455,  463,  578,  695, 1025,  225,  175, 1212,  353,  457,  794,  434,  108,  730,  214,  484,  506,  397,  343,  289,  122,  278, 1150,  645,  768,  229,  762,  931,  881,  761,  956,  394,  768,    0,  603,  499,  175,  615,  573,  448,  656,  400,  666,  744,  812,  804,  667,  406,  199,  766,  709,  533,  706,  146,  645,  167,  854,  316,  796,  224,  444,  980,  476,  658,  623,  631,  765,  641,  469,  962,  536, 1101,  829,  608,  323,  960,  393,  327,  526,  585,  706, 1140,  330,  368,  375,  997,  209],
        [  122,    0,  434,  691,  512,  172,  509,  340,  514,  639,  403,  178,  293,  584,  214,  512,  211,  602,  166,  429,  655,  721,  622,  367,  151,  390,  182,  701,  220,  549,  389,  413,  226,  269,  383,  507,  397,  562,  690,  599,  623,  548,  344,  279,  599,  380,  296,  636,  603,    0,  649,  631,  475,  590,  429,   61,  210,  421,  239,  369,  491,  119,  324,  732,  588,  399,  124,  650,  726,  248,  674,  563,  440,  387,  455,  261,  405,  543,  142,  477,  143,  512,  389,  340,  375,  280,  531,  711,  226,  291,  378,  589,  362,  169,  382,  355,  548,  415,  276,  343,  395,  581],
        [  741,    0,  357,  482, 1053,  540,  691,  310,  397,   45,  342,  648,  880,  459,  716,  138,  441,  124,  809,  939,  302,  424, 1084,  682,  586,  548,  499,  494,  611,  288,  812,  251,  593,  554,  341,  410,  626, 1024,  154,  354,  280,  383,  839,  875,  345,  837,  367,  330,  499,  649,    0,  340,  271,  130,  806,  708,  495,  958,  881, 1000, 1075,  764,  332,  408,  359,  971,  526,  245,  475,  843,  379,  493,  258, 1006,  616,  391,  853,  109,  591,  959,  766, 1066,  924,  770,  865,  788,  943,  369,  478,  448,  852,  109,  650,  704,  883,  943, 1027,  273,  616,  324,  950,  291],
        [  750,    0,  572,  143,  873,  466,  419,  395,  137,  378,  232,  718,  918,  733,  786,  329,  448,  436,  755, 1027,   51,  106, 1203,  475,  504,  731,  450,  156,  707,   95,  613,  412,  465,  410,  255,  150,  402, 1141,  492,  646,   60,  653,  927,  906,  639,  944,  362,  638,  175,  631,  340,    0,  507,  434,  587,  690,  424,  788,  814,  903,  923,  718,  356,  107,  647,  822,  534,  566,  144,  733,   52,  754,  233,  894,  363,  413,  966,  342,  649,  760,  694,  893,  760,  587,  958,  639, 1080,  693,  571,  343,  952,  241,  443,  599,  707,  811, 1135,  257,  456,  325, 1012,   68],
        [  536,    0,   86,  641,  956,  434,  718,  189,  490,  237,  365,  417,  649,  227,  479,  184,  307,  164,  640,  684,  491,  611,  818,  651,  474,  278,  387,  654,  370,  420,  755,  114,  516,  500,  346,  497,  621,  759,  233,  162,  458,  148,  586,  647,  156,  578,  285,  180,  615,  475,  271,  507,    0,  153,  767,  525,  403,  859,  713,  844,  954,  593,  251,  604,  156,  855,  359,  175,  651,  709,  557,  247,  299,  860,  638,  269,  592,  186,  375,  887,  613,  962,  825,  705,  610,  691,  675,  255,  259,  402,  596,  296,  623,  586,  798,  817,  764,  288,  559,  271,  705,  441],
        [  666,    0,  238,  576, 1037,  511,  728,  258,  457,   89,  364,  559,  792,  330,  623,  125,  395,   13,  754,  835,  404,  528,  970,  693,  556,  429,  465,  589,  515,  362,  813,  177,  579,  550,  354,  468,  648,  912,  103,  226,  376,  254,  737,  789,  218,  730,  340,  208,  573,  590,  130,  434,  153,    0,  815,  645,  471,  940,  828,  954, 1047,  708,  302,  516,  231,  945,  467,  134,  576,  806,  479,  364,  281,  965,  650,  347,  744,   98,  509,  955,  719, 1047,  906,  766,  761,  769,  827,  260,  392,  444,  747,  195,  662,  673,  871,  912,  916,  284,  612,  306,  853,  374],
        [  515,    0,  767,  549,  296,  345,  200,  580,  456,  820,  465,  606,  658,  947,  637,  696,  470,  825,  402,  819,  633,  621, 1011,  124,  318,  794,  390,  552,  643,  559,   55,  663,  256,  269,  467,  441,  188,  957,  913,  923,  619,  888,  752,  639,  920,  795,  485,  946,  448,  429,  806,  587,  767,  815,    0,  444,  367,  228,  411,  420,  365,  403,  522,  644,  915,  283,  463,  923,  592,  289,  601,  938,  549,  391,  227,  499,  820,  729,  559,  176,  346,  319,  211,   92,  780,  174,  944, 1021,  595,  372,  788,  705,  157,  262,  154,  297,  937,  538,  209,  511,  763,  579],
        [   74,    0,  478,  746,  490,  227,  545,  399,  571,  697,  463,  180,  242,  618,  196,  571,  271,  657,  118,  388,  715,  778,  582,  398,  200,  412,  242,  756,  232,  609,  400,  469,  269,  317,  443,  563,  436,  524,  744,  642,  683,  587,  311,  226,  642,  351,  357,  680,  656,   61,  708,  690,  525,  645,  444,    0,  268,  404,  190,  323,  459,   74,  384,  790,  630,  374,  183,  699,  782,  225,  732,  593,  501,  345,  497,  321,  377,  601,  167,  470,  119,  487,  375,  354,  340,  283,  502,  754,  269,  348,  346,  649,  397,  184,  376,  327,  508,  476,  315,  403,  347,  641],
        [  330,    0,  400,  484,  567,   48,  362,  219,  305,  496,  199,  331,  501,  582,  391,  365,  105,  482,  338,  626,  450,  512,  813,  258,   93,  453,   36,  494,  343,  345,  353,  304,  114,  108,  182,  298,  250,  752,  572,  557,  419,  522,  532,  487,  554,  559,  132,  581,  400,  210,  495,  424,  403,  471,  367,  268,    0,  470,  404,  512,  582,  298,  169,  523,  549,  478,  138,  566,  517,  349,  465,  576,  253,  514,  291,  134,  583,  399,  264,  488,  284,  577,  436,  303,  563,  299,  706,  657,  248,   82,  562,  415,  236,  210,  402,  449,  741,  230,  160,  172,  600,  376],
        [  456,    0,  837,  768,   97,  430,  427,  686,  653,  963,  626,  584,  552, 1000,  591,  833,  554,  951,  309,  715,  832,  836,  896,  316,  387,  811,  477,  772,  634,  745,  184,  770,  366,  407,  621,  639,  391,  849, 1042, 1002,  812,  956,  672,  532, 1000,  720,  602, 1034,  666,  421,  958,  788,  859,  940,  228,  404,  470,    0,  277,  224,  138,  337,  639,  857,  992,   66,  508, 1030,  811,  181,  810,  981,  703,  185,  443,  597,  744,  866,  562,   94,  286,  109,   35,  202,  695,  172,  859, 1109,  637,  510,  708,  867,  346,  275,   82,  106,  826,  686,  347,  639,  647,  769],
        [  208,    0,  667,  842,  342,  357,  570,  575,  683,  874,  601,  351,  276,  804,  338,  745,  440,  840,   74,  439,  846,  889,  621,  420,  314,  591,  389,  850,  408,  744,  357,  651,  352,  408,  585,  672,  482,  573,  928,  831,  817,  776,  399,  256,  831,  448,  519,  870,  744,  239,  881,  814,  713,  828,  411,  190,  404,  277,    0,  135,  288,  121,  550,  905,  819,  226,  361,  888,  882,  123,  849,  776,  655,  162,  546,  491,  471,  777,  354,  363,  121,  332,  258,  329,  421,  241,  583,  943,  459,  477,  434,  812,  434,  219,  287,  176,  550,  631,  376,  564,  372,  774],
        [  340,    0,  800,  913,  254,  465,  605,  699,  768,  996,  702,  484,  374,  938,  465,  865,  562,  966,  206,  528,  939,  969,  696,  466,  419,  724,  503,  920,  541,  841,  367,  777,  440,  494,  690,  756,  537,  655, 1055,  964,  913,  910,  508,  356,  965,  558,  635, 1003,  812,  369, 1000,  903,  844,  954,  420,  323,  512,  224,  135,    0,  176,  252,  668,  987,  953,  159,  488, 1019,  955,  170,  934,  910,  764,   44,  599,  612,  578,  898,  489,  317,  236,  235,  221,  357,  525,  278,  680, 1076,  592,  577,  541,  925,  488,  308,  271,  126,  630,  742,  449,  679,  454,  869],
        [  493,    0,  922,  906,   98,  538,  564,  790,  787, 1077,  751,  633,  548, 1074,  625,  946,  655, 1059,  346,  704,  965,  973,  870,  452,  493,  871,  583,  910,  688,  876,  322,  874,  485,  531,  744,  773,  528,  830, 1150, 1088,  944, 1038,  680,  529, 1087,  730,  712, 1123,  804,  491, 1075,  923,  954, 1047,  365,  459,  582,  138,  288,  176,    0,  386,  749,  994, 1077,  105,  596, 1128,  949,  246,  946, 1051,  824,  134,  581,  701,  751,  980,  625,  207,  348,   72,  164,  338,  698,  291,  855, 1198,  716,  631,  714,  989,  482,  375,  219,  138,  804,  805,  474,  753,  630,  901],
