{
    "name": "random-56-27392",
    "comment": "size=56 seed=27392",
    "nodes": ["+0", "-0", "+1", "-1", "+2", "-2", "+3", "-3", "+4", "-4", "+5", "-5", "+6", "-6", "+7", "-7", "+8", "-8", "+9", "-9", "+10", "-10", "+11", "-11", "+12", "-12", "+13", "-13", "+14", "-14", "+15", "-15", "+16", "-16", "+17", "-17", "+18", "-18", "+19", "-19", "+20", "-20", "+21", "-21", "+22", "-22", "+23", "-23", "+24", "-24", "+25", "-25", "+26", "-26", "+27", "-27", "+28", "-28", "+29", "-29", "+30", "-30", "+31", "-31", "+32", "-32", "+33", "-33", "+34", "-34", "+35", "-35", "+36", "-36", "+37", "-37", "+38", "-38", "+39", "-39", "+40", "-40", "+41", "-41", "+42", "-42", "+43", "-43", "+44", "-44", "+45", "-45", "+46", "-46", "+47", "-47", "+48", "-48", "+49", "-49", "+50", "-50", "+51", "-51", "+52", "-52", "+53", "-53", "+54", "-54", "+55", "-55", "+56", "-56"],
    "precedence": {
        "+0": "-0",
        "+1": "-1",
        "+2": "-2",
        "+3": "-3",
        "+4": "-4",
        "+5": "-5",
        "+6": "-6",
        "+7": "-7",
        "+8": "-8",
        "+9": "-9",
        "+10": "-10",
        "+11": "-11",
        "+12": "-12",
        "+13": "-13",
        "+14": "-14",
        "+15": "-15",
        "+16": "-16",
        "+17": "-17",
        "+18": "-18",
        "+19": "-19",
        "+20": "-20",
        "+21": "-21",
        "+22": "-22",
        "+23": "-23",
        "+24": "-24",
        "+25": "-25",
        "+26": "-26",
        "+27": "-27",
        "+28": "-28",
        "+29": "-29",
        "+30": "-30",
        "+31": "-31",
        "+32": "-32",
        "+33": "-33",
        "+34": "-34",
        "+35": "-35",
        "+36": "-36",
        "+37": "-37",
        "+38": "-38",
        "+39": "-39",
        "+40": "-40",
        "+41": "-41",
        "+42": "-42",
        "+43": "-43",
        "+44": "-44",
        "+45": "-45",
        "+46": "-46",
        "+47": "-47",
        "+48": "-48",
        "+49": "-49",
        "+50": "-50",
        "+51": "-51",
        "+52": "-52",
        "+53": "-53",
        "+54": "-54",
        "+55": "-55",
        "+56": "-56"
    },
    "edges": [
        [    0,    0,  554,  624,  411,  348,  167,  523,  583,  450,  418,  646,  119,  554,   85,  371,  124,  388,  616,  231,  419,  530,  573,  537,  659,  313,  433,  295,  350,  248,  289,  456,  393,  327,  423,  376,  653,  541,  399,  484,  418,  472,  300,  415,  530,  421,  308,  494,  701,  600,  467,  213,  511,  733,  528,  528,  121,  341,  137,  213,  329,  683,  478,  542,  127,  611,  456,  286,  118,  352,  342,  405,  436,  675,  431,  312,  479,  363,  408,  145,  467,  584,  324,  784,  584,  707,  164,  526,  109,  429,  216,  385,  314,  206,  289,  665,  327,  257,  317,  425,  256,  257,  258,  760,  533,  538,  237,  265,  270,  240,  295,  642,  735,  283],
        [    0,    0,    0,    0,    0,    0,    0,    0,    0,    0,    0,    0,    0,    0,    0,    0,    0,    0,    0,    0,    0,    0,    0,    0,    0,    0,    0,    0,    0,    0,    0,    0,    0,    0,    0,    0,    0,    0,    0,    0,    0,    0,    0,    0,    0,    0,    0,    0,    0,    0,    0,    0,    0,    0,    0,    0,    0,    0,    0,    0,    0,    0,    0,    0,    0,    0,    0,    0,    0,    0,    0,    0,    0,    0,    0,    0,    0,    0,    0,    0,    0,    0,    0,    0,    0,    0,    0,    0,    0,    0,    0,    0,    0,    0,    0,    0,    0,    0,    0,    0,    0,    0,    0,    0,    0,    0,    0,    0,    0,    0,    0,    0,    0,    0],
        [  554,    0,    0,  355,  833,  555,  425,  347,  367,  521,  643,  464,  536,  941,  608,  826,  469,  188,  351,  465,  657,  362,  326,  441,  157,  350,  503,  549,  265,  735,  652,  660,  763,  683,  363,  724,  529,  871,  789,   99,  742,  322,  827,  158,   84,  665,  835,  779,  212,  337,  670,  411,   72,  484,  344,  662,  443,  423,  546,  766,  426,  426,  362,  244,  428,  569,  701,  733,  586,  278,  744,  428,  777,  431,  802,  246,  271,  330,  841,  642,  759,  908,  450,  556,  131,  312,  667,  213,  661,  141,  393,  567,  513,  363,  328,  145,  712,  390,  726,  775,  534,  489,  730,  516,  733,  865,  791,  573,  823,  740,  310,  279,  272,  273],
        [  624,    0,  355,    0, 1007,  794,  457,  678,  710,  805,  890,  115,  672, 1139,  632,  980,  605,  446,    9,  417,  473,  693,  670,  765,  498,  311,  297,  768,  293,  689,  549,  917,  960,  563,  659,  928,  188, 1094,  656,  291,  580,  153,  923,  309,  275,  907,  930, 1015,  548,  685,  459,  599,  407,  136,   99,  944,  508,  679,  536,  803,  320,  779,  678,  122,  530,  255,  504,  886,  710,  283,  923,  710,  989,   77, 1001,  383,  154,  601,  725,  633,  572, 1135,  337,  207,  485,  665,  654,  555,  704,  310,  408,  819,  392,  521,  339,  476,  897,  603,  624,  982,  450,  700,  868,  169,  999, 1089,  835,  479,  847,  702,  338,  100,  611,  406],
        [  411,    0,  833, 1007,    0,  306,  563,  613,  659,  414,  263, 1046,  335,  145,  454,   62,  402,  645,  999,  641,  813,  610,  676,  559,  875,  705,  843,  291,  716,  555,  669,  282,   89,  700,  523,  128, 1060,  169,  736,  798,  785,  860,  217,  739,  843,  242,  219,  196,  897,  697,  864,  427,  768, 1127,  917,  363,  507,  429,  542,  371,  735,  733,  564,  907,  478, 1021,  844,  125,  302,  724,   89,  460,  119, 1067,   78,  639,  854,  517,  709,  498,  838,  205,  733, 1184,  800,  839,  499,  700,  392,  748,  610,  317,  724,  495,  670,  892,  121,  444,  665,  107,  663,  345,  156, 1157,  297,  170,  351,  667,  395,  537,  670, 1004,  904,  611],
        [  348,    0,  555,  794,  306,    0,  423,  307,  355,  126,   96,  860,  230,  391,  429,  325,  249,  375,  787,  521,  749,  305,  370,  262,  576,  532,  713,   54,  509,  586,  633,  126,  223,  672,  218,  182,  892,  317,  746,  542,  762,  664,  407,  495,  583,  114,  414,  227,  594,  392,  793,  205,  486,  926,  719,  183,  371,  133,  472,  467,  591,  437,  258,  681,  322,  876,  790,  254,  250,  523,  226,  154,  226,  864,  257,  412,  643,  226,  750,  489,  810,  354,  599,  991,  503,  533,  505,  399,  411,  500,  456,   38,  617,  285,  488,  594,  194,  193,  664,  227,  574,  105,  278,  958,  209,  310,  470,  595,  519,  574,  479,  769,  599,  391],
        [  167,    0,  425,  457,  563,  423,    0,  493,  551,  493,  510,  485,  233,  702,  191,  529,  179,  293,  449,  100,  338,  504,  530,  536,  553,  147,  294,  378,  190,  312,  260,  545,  530,  298,  410,  505,  498,  675,  398,  342,  380,  306,  467,  272,  385,  520,  474,  613,  601,  556,  378,  227,  397,  569,  362,  602,   57,  360,  123,  361,  176,  650,  459,  378,  101,  466,  383,  439,  261,  189,  486,  419,  567,  510,  571,  182,  313,  339,  435,  218,  417,  718,  179,  622,  484,  636,  243,  454,  256,  288,   50,  457,  196,  162,  124,  552,  464,  260,  322,  558,  164,  318,  416,  597,  628,  671,  390,  195,  413,  315,  134,  478,  645,  160],
        [  523,    0,  347,  678,  613,  307,  493,    0,   61,  214,  367,  773,  435,  684,  604,  630,  399,  248,  672,  582,  822,   15,   63,   96,  301,  524,  719,  334,  458,  766,  752,  369,  528,  790,  105,  487,  827,  595,  887,  387,  873,  592,  693,  381,  411,  391,  701,  497,  304,   87,  853,  310,  280,  812,  635,  342,  469,  204,  598,  708,  605,  161,   52,  557,  423,  842,  868,  553,  480,  476,  532,  156,  523,  754,  559,  362,  552,  161,  914,  660,  908,  624,  623,  884,  244,  227,  683,  137,  622,  374,  497,  299,  669,  338,  480,  325,  500,  266,  807,  527,  654,  308,  568,  845,  425,  588,  720,  687,  765,  761,  462,  617,  297,  363],
        [  583,    0,  367,  710,  659,  355,  551,   61,    0,  251,  406,  809,  494,  722,  665,  680,  460,  294,  704,  638,  876,   55,   42,  110,  294,  575,  769,  386,  505,  826,  810,  403,  572,  848,  163,  532,  865,  629,  946,  420,  930,  633,  748,  421,  438,  430,  756,  531,  286,   45,  907,  371,  305,  843,  673,  364,  528,  261,  657,  767,  657,  101,  109,  590,  483,  886,  923,  605,  539,  523,  581,  208,  563,  786,  601,  413,  591,  221,  974,  720,  965,  655,  675,  915,  250,  187,  743,  156,  682,  413,  553,  342,  723,  397,  532,  320,  549,  327,  867,  568,  711,  365,  622,  876,  451,  622,  779,  745,  824,  821,  514,  643,  267,  416],
        [  450,    0,  521,  805,  414,  126,  493,  214,  251,    0,  156,  884,  337,  472,  534,  441,  337,  363,  798,  592,  829,  207,  274,  146,  509,  578,  769,  174,  537,  695,  726,  155,  325,  765,  158,  286,  925,  381,  847,  530,  855,  690,  532,  498,  565,  180,  539,  283,  517,  292,  870,  267,  450,  940,  742,  142,  448,  137,  563,  589,  647,  320,  173,  686,  397,  921,  872,  377,  366,  553,  341,   97,  314,  879,  352,  434,  661,  205,  857,  594,  899,  410,  659, 1009,  443,  436,  613,  333,  526,  498,  517,  100,  687,  336,  531,  530,  311,  235,  765,  319,  653,  194,  403,  973,  216,  374,  593,  678,  642,  685,  519,  765,  510,  420],
        [  418,    0,  643,  890,  263,   96,  510,  367,  406,  156,    0,  954,  300,  318,  494,  298,  333,  467,  882,  607,  829,  361,  428,  301,  652,  625,  802,  132,  604,  643,  706,   39,  174,  744,  292,  137,  985,  232,  812,  635,  835,  759,  412,  590,  675,   25,  418,  137,  665,  447,  875,  298,  573, 1021,  814,  122,  457,  222,  549,  503,  681,  473,  321,  776,  410,  968,  869,  252,  309,  617,  201,  224,  158,  959,  197,  507,  738,  313,  809,  553,  884,  266,  688, 1086,  582,  591,  566,  475,  465,  594,  546,   77,  703,  378,  581,  672,  176,  288,  731,  164,  656,  196,  286, 1053,  119,  226,  500,  674,  550,  630,  573,  863,  663,  486],
        [  646,    0,  464,  115, 1046,  860,  485,  773,  809,  884,  954,    0,  712, 1183,  640, 1014,  650,  533,  117,  422,  417,  788,  771,  856,  610,  342,  255,  828,  351,  669,  519,  984, 1007,  525,  744,  978,   75, 1147,  607,  391,  525,  196,  940,  395,  382,  970,  947, 1074,  661,  787,  392,  658,  510,   95,  143, 1018,  539,  752,  540,  806,  321,  882,  768,  222,  571,  154,  440,  923,  745,  337,  966,  790, 1040,   66, 1048,  451,  225,  681,  680,  630,  507, 1189,  332,  138,  594,  775,  648,  656,  713,  400,  436,  887,  372,  578,  380,  589,  942,  668,  589, 1033,  437,  760,  900,  117, 1067, 1142,  838,  458,  844,  684,  384,  214,  724,  470],
        [  119,    0,  536,  672,  335,  230,  233,  435,  494,  337,  300,  712,    0,  472,  200,  310,   71,  353,  664,  321,  531,  440,  491,  435,  617,  371,  523,  177,  383,  359,  407,  338,  298,  444,  331,  274,  729,  443,  517,  483,  536,  525,  292,  418,  529,  305,  300,  386,  652,  517,  577,  136,  481,  792,  582,  410,  176,  239,  249,  273,  408,  592,  386,  576,  143,  697,  570,  215,   51,  390,  254,  302,  336,  732,  339,  314,  521,  283,  522,  260,  584,  486,  410,  850,  539,  637,  277,  463,  193,  430,  278,  267,  413,  175,  336,  626,  232,  176,  435,  326,  361,  144,  201,  822,  416,  439,  287,  376,  331,  349,  335,  674,  677,  285],
        [  554,    0,  941, 1139,  145,  391,  702,  684,  722,  472,  318, 1183,  472,    0,  598,  197,  535,  756, 1131,  783,  957,  678,  745,  615,  966,  842,  986,  392,  847,  695,  812,  320,  181,  843,  606,  218, 1200,  104,  876,  916,  927,  994,  344,  861,  960,  294,  344,  195,  981,  763, 1008,  548,  873, 1262, 1052,  379,  646,  523,  686,  507,  876,  782,  638, 1035,  613, 1163,  988,  268,  443,  856,  218,  539,  165, 1201,  141,  764,  986,  615,  846,  642,  981,  108,  875, 1320,  893,  907,  642,  788,  536,  869,  749,  389,  867,  621,  805,  985,  243,  557,  806,  166,  807,  455,  301, 1292,  295,  111,  485,  811,  524,  676,  803, 1131,  980,  738],
        [   85,    0,  608,  632,  454,  429,  191,  604,  665,  534,  494,  640,  200,  598,    0,  406,  208,  454,  624,  218,  361,  612,  653,  621,  724,  326,  407,  376,  380,  164,  220,  532,  450,  255,  506,  438,  637,  597,  319,  530,  345,  480,  304,  460,  574,  496,  310,  560,  768,  680,  411,  296,  571,  730,  533,  608,  166,  425,  100,  173,  319,  765,  560,  564,  193,  584,  394,  332,  187,  378,  395,  489,  496,  675,  485,  362,  496,  444,  323,   61,  396,  639,  309,  775,  650,  782,   80,  600,   74,  475,  236,  466,  282,  279,  313,  727,  385,  340,  237,  483,  217,  341,  298,  755,  607,  595,  204,  215,  223,  157,  324,  663,  805,  336],
        [  371,    0,  826,  980,   62,  325,  529,  630,  680,  441,  298, 1014,  310,  197,  406,    0,  379,  639,  972,  602,  764,  629,  693,  584,  880,  674,  803,  299,  691,  498,  617,  322,  131,  647,  535,  161, 1024,  231,  679,  785,  731,  831,  155,  723,  831,  279,  157,  251,  905,  716,  815,  416,  764, 1097,  888,  407,  475,  438,  498,  312,  699,  759,  580,  885,  451,  981,  793,   96,  270,  698,  100,  475,  171, 1037,  133,  621,  829,  522,  650,  447,  785,  266,  695, 1151,  803,  856,  447,  708,  341,  734,  578,  342,  681,  478,  642,  895,  132,  438,  610,  158,  619,  345,  114, 1126,  348,  232,  291,  620,  334,  480,  643,  983,  916,  592],
        [  124,    0,  469,  605,  402,  249,  179,  399,  460,  337,  333,  650,   71,  535,  208,  379,    0,  289,  597,  275,  500,  406,  451,  414,  556,  309,  473,  202,  314,  371,  390,  369,  358,  429,  299,  330,  670,  499,  512,  413,  519,  459,  359,  348,  460,  342,  367,  434,  594,  478,  544,   90,  416,  727,  517,  431,  125,  219,  227,  319,  354,  559,  354,  507,   81,  643,  542,  284,  118,  323,  319,  283,  392,  666,  399,  244,  453,  241,  527,  266,  564,  542,  358,  786,  479,  589,  287,  411,  225,  360,  220,  285,  370,  107,  271,  564,  294,  134,  430,  384,  325,  148,  271,  758,  451,  495,  337,  347,  378,  364,  269,  605,  623,  215],
        [  388,    0,  188,  446,  645,  375,  293,  248,  294,  363,  467,  533,  353,  756,  454,  639,  289,    0,  439,  364,  593,  262,  263,  325,  272,  284,  475,  365,  211,  599,  548,  489,  577,  584,  214,  539,  582,  691,  687,  169,  658,  346,  644,  139,  208,  488,  652,  602,  315,  285,  619,  225,  129,  581,  392,  503,  291,  246,  413,  599,  366,  385,  237,  326,  263,  595,  639,  545,  404,  230,  557,  267,  594,  521,  617,  124,  309,  159,  727,  497,  687,  729,  387,  652,  197,  345,  523,  166,  497,  137,  279,  392,  439,  185,  243,  277,  525,  202,  613,  591,  438,  302,  543,  615,  566,  685,  621,  474,  657,  599,  224,  402,  354,  136],
        [  616,    0,  351,    9,  999,  787,  449,  672,  704,  798,  882,  117,  664, 1131,  624,  972,  597,  439,    0,  409,  468,  687,  665,  759,  494,  303,  291,  760,  285,  681,  543,  909,  952,  556,  653,  920,  189, 1086,  650,  285,  575,  145,  915,  302,  270,  899,  922, 1008,  545,  680,  454,  591,  402,  143,   92,  936,  500,  671,  528,  795,  312,  774,  672,  115,  522,  254,  499,  878,  702,  275,  915,  703,  981,   83,  993,  376,  146,  594,  719,  626,  567, 1127,  330,  214,  481,  661,  646,  550,  696,  303,  400,  812,  385,  513,  331,  473,  889,  595,  617,  974,  442,  692,  860,  176,  991, 1081,  827,  472,  840,  694,  330,  101,  608,  399],
        [  231,    0,  465,  417,  641,  521,  100,  582,  638,  592,  607,  422,  321,  783,  218,  602,  275,  364,  409,    0,  242,  594,  615,  631,  606,  125,  204,  476,  203,  286,  189,  643,  616,  223,  504,  594,  424,  762,  328,  371,  295,  267,  519,  307,  409,  617,  525,  705,  657,  640,  279,  326,  450,  512,  318,  701,  151,  459,  120,  388,  102,  736,  551,  361,  199,  381,  287,  516,  341,  194,  568,  517,  656,  458,  656,  242,  291,  432,  377,  218,  327,  806,   94,  559,  543,  707,  239,  529,  292,  324,   86,  556,   97,  259,  137,  602,  549,  359,  262,  646,   75,  417,  488,  538,  725,  759,  420,  112,  431,  296,  156,  458,  707,  229],
        [  419,    0,  657,  473,  813,  749,  338,  822,  876,  829,  829,  417,  531,  957,  361,  764,  500,  593,  468,  242,    0,  834,  851,  872,  810,  315,  179,  700,  399,  301,  150,  866,  808,  132,  745,  793,  376,  956,  192,  559,  109,  368,  645,  508,  586,  835,  649,  912,  864,  875,   52,  563,  660,  510,  390,  931,  382,  698,  282,  481,  234,  973,  792,  479,  433,  295,   47,  692,  535,  383,  754,  757,  853,  476,  844,  470,  415,  673,  265,  318,  105,  998,  211,  527,  756,  931,  322,  758,  424,  523,  326,  785,  154,  500,  352,  801,  742,  598,  193,  841,  177,  647,  657,  524,  946,  953,  513,  155,  500,  320,  371,  552,  919,  462],
        [  530,    0,  362,  693,  610,  305,  504,   15,   55,  207,  361,  788,  440,  678,  612,  629,  406,  262,  687,  594,  834,    0,   68,   83,  312,  537,  732,  333,  472,  774,  762,  362,  524,  801,  109,  483,  841,  588,  897,  402,  884,  607,  694,  395,  425,  385,  702,  490,  314,   88,  865,  317,  295,  827,  649,  331,  478,  206,  607,  712,  618,  153,   54,  572,  432,  857,  880,  552,  484,  490,  530,  155,  518,  769,  554,  375,  566,  170,  923,  668,  920,  616,  636,  899,  257,  231,  690,  150,  628,  389,  509,  294,  681,  348,  493,  336,  498,  273,  817,  522,  665,  311,  569,  860,  415,  581,  724,  699,  770,  768,  475,  632,  304,  375],
        [  573,    0,  326,  670,  676,  370,  530,   63,   42,  274,  428,  771,  491,  745,  653,  693,  451,  263,  665,  615,  851,   68,    0,  142,  255,  545,  738,  396,  473,  813,  790,  429,  590,  828,  164,  549,  828,  655,  927,  381,  908,  598,  754,  386,  398,  452,  762,  557,  251,   27,  879,  362,  265,  803,  636,  396,  510,  264,  640,  763,  628,  123,  114,  551,  467,  851,  897,  615,  537,  491,  595,  218,  585,  747,  621,  384,  554,  211,  957,  707,  941,  683,  647,  876,  209,  164,  730,  116,  675,  377,  529,  361,  697,  381,  503,  280,  563,  319,  849,  589,  688,  368,  630,  836,  481,  648,  777,  722,  821,  809,  485,  602,  237,  389],
        [  537,    0,  441,  765,  559,  262,  536,   96,  110,  146,  301,  856,  435,  615,  621,  584,  414,  325,  759,  631,  872,   83,  142,    0,  394,  588,  784,  300,  529,  784,  788,  296,  471,  828,  127,  431,  907,  521,  919,  476,  914,  671,  665,  462,  502,  324,  673,  423,  392,  154,  907,  328,  373,  900,  716,  255,  503,  197,  629,  703,  665,  176,   89,  644,  453,  917,  917,  515,  474,  546,  484,  133,  459,  841,  497,  428,  633,  200,  939,  679,  953,  546,  681,  972,  339,  296,  700,  232,  627,  457,  547,  243,  722,  375,  542,  418,  453,  286,  838,  464,  699,  295,  537,  933,  341,  514,  711,  730,  759,  776,  526,  708,  376,  424],
        [  659,    0,  157,  498,  875,  576,  553,  301,  294,  509,  652,  610,  617,  966,  724,  880,  556,  272,  494,  606,  810,  312,  255,  394,    0,  498,  659,  585,  413,  864,  795,  661,  797,  828,  361,  756,  678,  884,  933,  254,  892,  479,  905,  304,  239,  676,  914,  787,   55,  253,  825,  482,  157,  618,  498,  641,  559,  447,  675,  870,  577,  320,  336,  394,  534,  723,  855,  791,  667,  428,  788,  428,  801,  570,  832,  371,  427,  359,  981,  765,  911,  916,  601,  689,   78,  174,  790,  178,  768,  288,  528,  578,  663,  455,  471,   27,  756,  449,  866,  802,  678,  536,  795,  648,  723,  877,  891,  717,  928,  866,  452,  410,  116,  393],
        [  313,    0,  350,  311,  705,  532,  147,  524,  575,  578,  625,  342,  371,  842,  326,  674,  309,  284,  303,  125,  315,  537,  545,  588,  498,    0,  197,  495,   86,  411,  306,  657,  667,  335,  463,  639,  363,  808,  441,  254,  394,  159,  613,  195,  288,  639,  620,  739,  551,  569,  337,  328,  346,  423,  215,  703,  200,  442,  236,  498,   84,  668,  502,  240,  230,  345,  361,  583,  405,   73,  625,  491,  701,  364,  708,  163,  171,  391,  496,  337,  414,  850,  105,  479,  442,  616,  360,  447,  396,  211,   98,  563,  165,  249,   47,  491,  602,  347,  381,  693,  188,  429,  561,  452,  741,  803,  529,  226,  546,  420,   63,  339,  605,  165],
        [  433,    0,  503,  297,  843,  713,  294,  719,  769,  769,  802,  255,  523,  986,  407,  803,  473,  475,  291,  204,  179,  732,  738,  784,  659,  197,    0,  670,  266,  416,  265,  837,  820,  272,  659,  797,  234,  965,  360,  405,  284,  194,  711,  366,  425,  813,  716,  906,  713,  760,  174,  511,  517,  350,  212,  889,  349,  633,  308,  564,  123,  859,  698,  304,  394,  179,  214,  719,  544,  248,  772,  685,  859,  308,  859,  358,  244,  587,  431,  387,  281, 1008,  115,  381,  614,  795,  402,  634,  480,  379,  257,  746,  126,  435,  243,  647,  753,  536,  335,  849,  192,  608,  690,  369,  920,  962,  597,  208,  598,  432,  259,  374,  771,  360],
        [  295,    0,  549,  768,  291,   54,  378,  334,  386,  174,  132,  828,  177,  392,  376,  299,  202,  365,  760,  476,  700,  333,  396,  300,  585,  495,  670,    0,  479,  532,  582,  168,  215,  620,  236,  175,  856,  330,  694,  527,  711,  632,  366,  475,  569,  144,  373,  248,  608,  420,  745,  170,  482,  897,  689,  234,  325,  140,  422,  416,  550,  473,  283,  657,  278,  837,  741,  219,  197,  491,  205,  179,  230,  836,  253,  385,  615,  227,  697,  436,  759,  370,  556,  961,  510,  558,  452,  411,  358,  481,  414,   91,  571,  250,  452,  601,  172,  169,  611,  227,  526,   68,  238,  929,  250,  324,  420,  546,  469,  521,  444,  748,  617,  362],
        [  350,    0,  265,  293,  716,  509,  190,  458,  505,  537,  604,  351,  383,  847,  380,  691,  314,  211,  285,  203,  399,  472,  473,  529,  413,   86,  266,  479,    0,  484,  389,  633,  668,  419,  408,  636,  388,  802,  525,  169,  479,  155,  648,  110,  207,  620,  655,  726,  466,  495,  419,  309,  261,  419,  211,  669,  229,  404,  300,  550,  166,  594,  441,  195,  242,  389,  445,  597,  423,   19,  631,  445,  697,  358,  709,  104,  140,  340,  578,  400,  499,  844,  189,  483,  357,  534,  425,  369,  445,  126,  145,  536,  251,  230,   69,  406,  605,  318,  463,  690,  271,  411,  581,  451,  716,  797,  579,  309,  602,  491,   56,  295,  520,  119],
        [  248,    0,  735,  689,  555,  586,  312,  766,  826,  695,  643,  669,  359,  695,  164,  498,  371,  599,  681,  286,  301,  774,  813,  784,  864,  411,  416,  532,  484,    0,  157,  681,  572,  169,  668,  569,  648,  714,  181,  648,  239,  546,  361,  580,  689,  642,  364,  692,  911,  840,  350,  458,  708,  764,  591,  761,  309,  588,  190,  192,  372,  926,  722,  646,  347,  578,  317,  446,  337,  477,  515,  652,  621,  716,  602,  494,  575,  605,  166,  107,  293,  754,  353,  796,  793,  936,   84,  753,  179,  597,  344,  623,  299,  434,  415,  864,  513,  502,  116,  607,  240,  502,  407,  784,  751,  713,  221,  212,  201,   20,  431,  740,  953,  471],
        [  289,    0,  652,  549,  669,  633,  260,  752,  810,  726,  706,  519,  407,  812,  220,  617,  390,  548,  543,  189,  150,  762,  790,  788,  795,  306,  265,  582,  389,  157,    0,  744,  669,   40,  664,  658,  494,  816,  140,  558,  130,  416,  496,  495,  593,  710,  500,  779,  845,  816,  201,  465,  638,  614,  454,  815,  286,  602,  163,  332,  245,  910,  715,  523,  336,  423,  176,  550,  403,  377,  614,  665,  715,  570,  704,  429,  452,  594,  190,  171,  178,  858,  223,  643,  731,  892,  173,  711,  277,  512,  270,  670,  160,  416,  325,  790,  605,  505,   77,  703,  119,  536,  514,  633,  821,  814,  363,   81,  352,  175,  344,  611,  894,  413],
        [  456,    0,  660,  917,  282,  126,  545,  369,  403,  155,   39,  984,  338,  320,  532,  322,  369,  489,  909,  643,  866,  362,  429,  296,  661,  657,  837,  168,  633,  681,  744,    0,  194,  782,  303,  162, 1017,  227,  850,  657,  873,  788,  443,  614,  696,   46,  449,  129,  671,  445,  911,  330,  590, 1049,  843,   88,  493,  243,  586,  540,  715,  464,  326,  802,  445, 1001,  906,  284,  347,  647,  228,  236,  169,  987,  211,  535,  767,  332,  847,  591,  922,  256,  723, 1115,  593,  589,  604,  484,  503,  618,  580,   98,  739,  410,  613,  682,  206,  316,  769,  178,  693,  230,  319, 1082,   84,  220,  535,  712,  585,  668,  604,  887,  665,  515],
        [  393,    0,  763,  960,   89,  223,  530,  528,  572,  325,  174, 1007,  298,  181,  450,  131,  358,  577,  952,  616,  808,  524,  590,  471,  797,  667,  820,  215,  668,  572,  669,  194,    0,  703,  440,   42, 1027,  148,  751,  736,  791,  816,  270,  680,  780,  153,  274,  128,  816,  611,  858,  367,  697, 1084,  874,  277,  474,  350,  529,  401,  706,  645,  479,  855,  438,  995,  843,  128,  277,  678,   58,  376,   50, 1023,   42,  583,  807,  441,  733,  501,  844,  191,  707, 1144,  722,  754,  507,  620,  398,  688,  575,  230,  705,  441,  628,  814,   67,  377,  675,   36,  648,  276,  168, 1115,  219,  146,  387,  657,  435,  555,  625,  950,  821,  557],
        [  327,    0,  683,  563,  700,  672,  298,  790,  848,  765,  744,  525,  444,  843,  255,  647,  429,  584,  556,  223,  132,  801,  828,  828,  828,  335,  272,  620,  419,  169,   40,  782,  703,    0,  703,  692,  494,  849,  107,  588,   92,  435,  521,  527,  622,  747,  524,  814,  879,  854,  182,  504,  672,  620,  470,  853,  325,  641,  202,  354,  269,  948,  754,  544,  375,  419,  150,  582,  439,  407,  648,  704,  749,  579,  737,  464,  474,  633,  166,  203,  142,  891,  245,  644,  765,  928,  201,  748,  308,  543,  305,  709,  180,  455,  357,  823,  639,  544,   65,  737,  150,  575,  545,  637,  858,  847,  385,  112,  369,  189,  376,  629,  929,  449],
        [  423,    0,  363,  659,  523,  218,  410,  105,  163,  158,  292,  744,  331,  606,  506,  535,  299,  214,  653,  504,  745,  109,  164,  127,  361,  463,  659,  236,  408,  668,  664,  303,  440,  703,    0,  399,  791,  524,  797,  377,  789,  554,  591,  352,  410,  316,  598,  428,  377,  189,  780,  210,  292,  795,  603,  299,  379,  101,  506,  604,  540,  261,   56,  539,  331,  796,  791,  454,  376,  425,  439,   68,  441,  734,  474,  306,  520,   73,  820,  562,  827,  557,  555,  865,  291,  322,  584,  183,  520,  350,  421,  218,  595,  249,  417,  381,  406,  167,  716,  443,  573,  205,  467,  828,  372,  517,  616,  604,  662,  662,  401,  612,  382,  299],
        [  376,    0,  724,  928,  128,  182,  505,  487,  532,  286,  137,  978,  274,  218,  438,  161,  330,  539,  920,  594,  793,  483,  549,  431,  756,  639,  797,  175,  636,  569,  658,  162,   42,  692,  399,    0, 1000,  170,  746,  699,  782,  786,  288,  645,  742,  118,  293,  124,  775,  570,  842,  332,  657, 1054,  843,  247,  449,  310,  513,  405,  681,  606,  438,  822,  410,  970,  829,  134,  259,  647,   69,  334,   63,  992,   78,  549,  775,  401,  732,  492,  834,  213,  683, 1114,  682,  713,  500,  579,  392,  652,  549,  190,  685,  408,  599,  773,   57,  340,  668,   55,  630,  238,  173, 1085,  199,  166,  395,  641,  444,  553,  595,  915,  780,  524],
        [  653,    0,  529,  188, 1060,  892,  498,  827,  865,  925,  985,   75,  729, 1200,  637, 1024,  670,  582,  189,  424,  376,  841,  828,  907,  678,  363,  234,  856,  388,  648,  494, 1017, 1027,  494,  791, 1000,    0, 1169,  568,  451,  483,  237,  940,  447,  446, 1000,  946, 1101,  730,  846,  345,  688,  572,  144,  193, 1056,  554,  791,  537,  797,  325,  942,  819,  286,  590,   89,  393,  935,  758,  372,  983,  832, 1062,  137, 1067,  491,  276,  725,  641,  621,  459, 1212,  330,  151,  658,  841,  636,  714,  711,  453,  452,  921,  359,  608,  405,  658,  961,  702,  559, 1054,  425,  790,  910,  150, 1100, 1165,  830,  441,  832,  665,  413,  288,  793,  506],
        [  541,    0,  871, 1094,  169,  317,  675,  595,  629,  381,  232, 1147,  443,  104,  597,  231,  499,  691, 1086,  762,  956,  588,  655,  521,  884,  808,  965,  330,  802,  714,  816,  227,  148,  849,  524,  170, 1169,    0,  894,  855,  937,  954,  385,  805,  897,  209,  387,   98,  896,  671, 1005,  496,  802, 1221, 1011,  278,  618,  449,  677,  535,  850,  685,  552,  985,  580, 1140,  990,  269,  424,  814,  202,  456,  108, 1159,  113,  713,  941,  542,  872,  647,  990,   44,  852, 1282,  814,  815,  652,  706,  543,  811,  718,  307,  852,  574,  768,  904,  215,  498,  820,  117,  796,  397,  307, 1252,  192,    8,  518,  805,  562,  696,  763, 1077,  891,  688],
        [  399,    0,  789,  656,  736,  746,  398,  887,  946,  847,  812,  607,  517,  876,  319,  679,  512,  687,  650,  328,  192,  897,  927,  919,  933,  441,  360,  694,  525,  181,  140,  850,  751,  107,  797,  746,  568,  894,    0,  694,   88,  535,  539,  633,  728,  812,  541,  869,  984,  953,  228,  593,  777,  701,  566,  926,  419,  729,  291,  371,  373, 1046,  849,  645,  467,  485,  182,  626,  504,  513,  695,  792,  799,  664,  782,  568,  576,  728,   74,  259,  132,  935,  349,  718,  870, 1031,  248,  850,  355,  649,  409,  784,  284,  550,  463,  928,  691,  634,   83,  786,  256,  654,  587,  715,  923,  893,  397,  217,  369,  200,  482,  727, 1034,  552],
        [  484,    0,   99,  291,  798,  542,  342,  387,  420,  530,  635,  391,  483,  916,  530,  785,  413,  169,  285,  371,  559,  402,  381,  476,  254,  254,  405,  527,  169,  648,  558,  657,  736,  588,  377,  699,  451,  855,  694,    0,  645,  231,  769,   70,   47,  655,  777,  768,  308,  397,  572,  372,  122,  426,  260,  671,  367,  414,  461,  694,  328,  493,  390,  171,  361,  482,  603,  690,  531,  182,  710,  434,  756,  368,  776,  174,  181,  327,  747,  559,  662,  894,  352,  498,  213,  398,  584,  266,  588,   56,  305,  560,  416,  309,  235,  243,  680,  359,  632,  752,  440,  461,  682,  459,  735,  849,  720,  478,  749,  654,  218,  236,  367,  203],
        [  418,    0,  742,  580,  785,  762,  380,  873,  930,  855,  835,  525,  536,  927,  345,  731,  519,  658,  575,  295,  109,  884,  908,  914,  892,  394,  284,  711,  479,  239,  130,  873,  791,   92,  789,  782,  483,  937,   88,  645,    0,  468,  599,  588,  676,  838,  602,  904,  944,  933,  141,  593,  737,  618,  494,  944,  412,  729,  292,  430,  318, 1029,  838,  580,  462,  399,   94,  669,  530,  465,  736,  792,  838,  584,  825,  536,  513,  718,  162,  291,   55,  979,  294,  632,  833, 1001,  286,  823,  395,  605,  381,  800,  230,  540,  423,  884,  728,  631,  123,  826,  221,  665,  632,  631,  949,  935,  459,  186,  437,  259,  442,  657,  996,  524],
        [  472,    0,  322,  153,  860,  664,  306,  592,  633,  690,  759,  196,  525,  994,  480,  831,  459,  346,  145,  267,  368,  607,  598,  671,  479,  159,  194,  632,  155,  546,  416,  788,  816,  435,  554,  786,  237,  954,  535,  231,  468,    0,  771,  213,  241,  774,  778,  879,  533,  617,  368,  462,  350,  268,   58,  823,  357,  557,  385,  652,  175,  715,  582,  112,  382,  254,  406,  738,  561,  142,  777,  597,  848,  208,  858,  256,   52,  489,  600,  484,  471,  996,  195,  329,  444,  628,  506,  486,  552,  222,  256,  691,  256,  383,  190,  464,  752,  472,  492,  841,  307,  565,  718,  299,  871,  949,  683,  340,  697,  558,  192,  196,  594,  274],
        [  300,    0,  827,  923,  217,  407,  467,  693,  748,  532,  412,  940,  292,  344,  304,  155,  359,  644,  915,  519,  645,  694,  754,  665,  905,  613,  711,  366,  648,  361,  496,  443,  270,  521,  591,  288,  940,  385,  539,  769,  599,  771,    0,  702,  815,  398,    9,  397,  938,  779,  696,  424,  772, 1029,  827,  531,  420,  490,  404,  170,  620,  838,  642,  841,  411,  888,  669,  160,  242,  651,  220,  542,  317,  972,  284,  597,  779,  559,  504,  331,  653,  420,  611, 1077,  828,  910,  324,  745,  231,  715,  516,  435,  586,  465,  589,  916,  238,  458,  476,  302,  520,  386,  130, 1056,  486,  386,  143,  513,  181,  341,  594,  942,  959,  567],
        [  415,    0,  158,  309,  739,  495,  272,  381,  421,  498,  590,  395,  418,  861,  460,  723,  348,  139,  302,  307,  508,  395,  386,  462,  304,  195,  366,  475,  110,  580,  495,  614,  680,  527,  352,  645,  447,  805,  633,   70,  588,  213,  702,    0,  116,  609,  710,  720,  357,  405,  525,  314,  153,  444,  255,  636,  297,  374,  392,  624,  275,  504,  374,  189,  292,  466,  553,  628,  465,  125,  652,  402,  703,  383,  721,  106,  172,  293,  683,  489,  608,  844,  298,  514,  250,  430,  515,  275,  518,   17,  237,  517,  360,  246,  171,  297,  622,  307,  568,  698,  378,  409,  619,  477,  695,  799,  651,  416,  679,  585,  153,  274,  411,  135],
        [  530,    0,   84,  275,  843,  583,  385,  411,  438,  565,  675,  382,  529,  960,  574,  831,  460,  208,  270,  409,  586,  425,  398,  502,  239,  288,  425,  569,  207,  689,  593,  696,  780,  622,  410,  742,  446,  897,  728,   47,  676,  241,  815,  116,    0,  695,  823,  809,  293,  411,  596,  417,  133,  407,  260,  706,  412,  454,  503,  739,  358,  504,  418,  161,  407,  486,  629,  736,  577,  217,  755,  469,  799,  351,  820,  220,  189,  365,  783,  602,  689,  936,  382,  479,  213,  395,  627,  282,  633,  102,  347,  600,  447,  355,  275,  224,  724,  403,  669,  795,  475,  505,  728,  439,  772,  891,  766,  513,  794,  695,  259,  207,  354,  249],
        [  421,    0,  665,  907,  242,  114,  520,  391,  430,  180,   25,  970,  305,  294,  496,  279,  342,  488,  899,  617,  835,  385,  452,  324,  676,  639,  813,  144,  620,  642,  710,   46,  153,  747,  316,  118, 1000,  209,  812,  655,  838,  774,  398,  609,  695,    0,  404,  115,  689,  471,  881,  313,  595, 1038,  830,  133,  466,  243,  554,  497,  693,  496,  345,  794,  420,  980,  874,  239,  310,  633,  184,  248,  135,  976,  174,  524,  755,  335,  807,  554,  888,  243,  699, 1103,  605,  615,  566,  498,  463,  613,  558,   99,  711,  393,  595,  696,  161,  305,  732,  141,  663,  210,  274, 1070,  112,  202,  491,  680,  541,  628,  587,  882,  687,  502],
        [  308,    0,  835,  930,  219,  414,  474,  701,  756,  539,  418,  947,  300,  344,  310,  157,  367,  652,  922,  525,  649,  702,  762,  673,  914,  620,  716,  373,  655,  364,  500,  449,  274,  524,  598,  293,  946,  387,  541,  777,  602,  778,    9,  710,  823,  404,    0,  401,  946,  787,  700,  432,  780, 1036,  833,  536,  427,  498,  410,  172,  626,  845,  650,  849,  419,  893,  673,  166,  250,  658,  224,  549,  320,  979,  287,  604,  786,  567,  505,  336,  656,  422,  618, 1083,  836,  918,  328,  753,  237,  722,  523,  441,  591,  473,  596,  924,  243,  466,  479,  306,  525,  394,  137, 1062,  490,  388,  145,  518,  181,  344,  602,  949,  967,  575],
        [  494,    0,  779, 1015,  196,  227,  613,  497,  531,  283,  137, 1074,  386,  195,  560,  251,  434,  602, 1008,  705,  912,  490,  557,  423,  787,  739,  906,  248,  726,  692,  779,  129,  128,  814,  428,  124, 1101,   98,  869,  768,  904,  879,  397,  720,  809,  115,  401,    0,  799,  574,  960,  418,  710, 1145,  936,  186,  557,  357,  630,  526,  787,  589,  454,  904,  514, 1077,  949,  253,  377,  738,  183,  360,   81, 1083,  119,  633,  863,  449,  855,  614,  955,  130,  791, 1208,  718,  718,  622,  610,  515,  725,  653,  213,  798,  497,  697,  808,  180,  415,  791,   95,  745,  316,  293, 1177,  106,   91,  514,  758,  562,  676,  690,  994,  793,  610],
        [  701,    0,  212,  548,  897,  594,  601,  304,  286,  517,  665,  661,  652,  981,  768,  905,  594,  315,  545,  657,  864,  314,  251,  392,   55,  551,  713,  608,  466,  911,  845,  671,  816,  879,  377,  775,  730,  896,  984,  308,  944,  533,  938,  357,  293,  689,  946,  799,    0,  243,  879,  516,  208,  666,  551,  644,  604,  469,  723,  910,  630,  295,  345,  447,  577,  777,  908,  818,  702,  481,  812,  443,  817,  620,  850,  420,  481,  385, 1031,  811,  964,  926,  654,  737,  118,  136,  836,  198,  809,  341,  578,  593,  716,  496,  522,   72,  779,  481,  916,  820,  730,  562,  825,  696,  728,  889,  930,  768,  968,  912,  503,  458,   64,  441],
        [  600,    0,  337,  685,  697,  392,  556,   87,   45,  292,  447,  787,  517,  763,  680,  716,  478,  285,  680,  640,  875,   88,   27,  154,  253,  569,  760,  420,  495,  840,  816,  445,  611,  854,  189,  570,  846,  671,  953,  397,  933,  617,  779,  405,  411,  471,  787,  574,  243,    0,  903,  389,  278,  817,  654,  408,  537,  289,  666,  790,  651,  100,  138,  567,  494,  870,  921,  638,  563,  513,  617,  241,  604,  761,  641,  408,  572,  238,  984,  734,  966,  698,  671,  889,  214,  145,  757,  132,  701,  396,  554,  381,  721,  407,  527,  279,  585,  346,  875,  608,  713,  394,  654,  849,  494,  664,  803,  748,  848,  836,  508,  614,  223,  413],
        [  467,    0,  670,  459,  864,  793,  378,  853,  907,  870,  875,  392,  577, 1008,  411,  815,  544,  619,  454,  279,   52,  865,  879,  907,  825,  337,  174,  745,  419,  350,  201,  911,  858,  182,  780,  842,  345, 1005,  228,  572,  141,  368,  696,  525,  596,  881,  700,  960,  879,  903,    0,  604,  678,  483,  382,  975,  424,  737,  330,  532,  254, 1002,  825,  478,  474,  260,   49,  742,  584,  402,  804,  795,  902,  454,  894,  496,  417,  708,  302,  369,  116, 1048,  233,  494,  775,  952,  373,  783,  475,  540,  360,  829,  186,  538,  377,  814,  792,  637,  241,  890,  219,  690,  708,  494,  992, 1003,  564,  202,  550,  370,  396,  544,  936,  492],
        [  213,    0,  411,  599,  427,  205,  227,  310,  371,  267,  298,  658,  136,  548,  296,  416,   90,  225,  591,  326,  563,  317,  362,  328,  482,  328,  511,  170,  309,  458,  465,  330,  367,  504,  210,  332,  688,  496,  593,  372,  593,  462,  424,  314,  417,  313,  432,  418,  516,  389,  604,    0,  352,  728,  519,  378,  183,  137,  303,  404,  388,  470,  265,  490,  131,  672,  607,  322,  187,  321,  339,  200,  392,  666,  408,  218,  446,  152,  612,  352,  635,  537,  398,  791,  404,  503,  374,  328,  313,  322,  254,  236,  422,   81,  283,  493,  309,   44,  511,  387,  387,  103,  319,  759,  414,  491,  420,  413,  463,  452,  275,  584,  542,  193],
        [  511,    0,   72,  407,  768,  486,  397,  280,  305,  450,  573,  510,  481,  873,  571,  764,  416,  129,  402,  450,  660,  295,  265,  373,  157,  346,  517,  482,  261,  708,  638,  590,  697,  672,  292,  657,  572,  802,  777,  122,  737,  350,  772,  153,  133,  595,  780,  710,  208,  278,  678,  352,    0,  539,  381,  591,  406,  353,  519,  723,  426,  373,  292,  289,  384,  603,  705,  672,  532,  277,  680,  357,  709,  484,  735,  215,  302,  261,  824,  610,  759,  838,  449,  612,   98,  279,  636,  149,  619,  138,  372,  497,  510,  311,  315,  157,  648,  327,  709,  708,  522,  424,  671,  572,  662,  796,  746,  561,  780,  710,  296,  339,  260,  238],
        [  733,    0,  484,  136, 1127,  926,  569,  812,  843,  940, 1021,   95,  792, 1262,  730, 1097,  727,  581,  143,  512,  510,  827,  803,  900,  618,  423,  350,  897,  419,  764,  614, 1049, 1084,  620,  795, 1054,  144, 1221,  701,  426,  618,  268, 1029,  444,  407, 1038, 1036, 1145,  666,  817,  483,  728,  539,    0,  211, 1078,  622,  813,  631,  898,  411,  909,  813,  257,  650,  232,  531, 1005,  827,  408, 1045,  845, 1115,   62, 1125,  515,  283,  736,  774,  723,  598, 1263,  423,   73,  613,  788,  741,  688,  804,  445,  519,  952,  466,  649,  457,  595, 1020,  734,  684, 1108,  530,  829,  984,   34, 1131, 1216,  930,  553,  937,  779,  459,  209,  729,  536],
