{
    "name": "random-52-25111",
    "comment": "size=52 seed=25111",
    "nodes": ["+0", "-0", "+1", "-1", "+2", "-2", "+3", "-3", "+4", "-4", "+5", "-5", "+6", "-6", "+7", "-7", "+8", "-8", "+9", "-9", "+10", "-10", "+11", "-11", "+12", "-12", "+13", "-13", "+14", "-14", "+15", "-15", "+16", "-16", "+17", "-17", "+18", "-18", "+19", "-19", "+20", "-20", "+21", "-21", "+22", "-22", "+23", "-23", "+24", "-24", "+25", "-25", "+26", "-26", "+27", "-27", "+28", "-28", "+29", "-29", "+30", "-30", "+31", "-31", "+32", "-32", "+33", "-33", "+34", "-34", "+35", "-35", "+36", "-36", "+37", "-37", "+38", "-38", "+39", "-39", "+40", "-40", "+41", "-41", "+42", "-42", "+43", "-43", "+44", "-44", "+45", "-45", "+46", "-46", "+47", "-47", "+48", "-48", "+49", "-49", "+50", "-50", "+51", "-51", "+52", "-52"],
    "precedence": {
        "+0": "-0",
        "+1": "-1",
        "+2": "-2",
        "+3": "-3",
        "+4": "-4",
        "+5": "-5",
        "+6": "-6",
        "+7": "-7",
        "+8": "-8",
        "+9": "-9",
        "+10": "-10",
        "+11": "-11",
        "+12": "-12",
        "+13": "-13",
        "+14": "-14",
        "+15": "-15",
        "+16": "-16",
        "+17": "-17",
        "+18": "-18",
        "+19": "-19",
        "+20": "-20",
        "+21": "-21",
        "+22": "-22",
        "+23": "-23",
        "+24": "-24",
        "+25": "-25",
        "+26": "-26",
        "+27": "-27",
        "+28": "-28",
        "+29": "-29",
        "+30": "-30",
        "+31": "-31",
        "+32": "-32",
        "+33": "-33",
        "+34": "-34",
        "+35": "-35",
        "+36": "-36",
        "+37": "-37",
        "+38": "-38",
        "+39": "-39",
        "+40": "-40",
        "+41": "-41",
        "+42": "-42",
        "+43": "-43",
        "+44": "-44",
        "+45": "-45",
        "+46": "-46",
        "+47": "-47",
        "+48": "-48",
        "+49": "-49",
        "+50": "-50",
        "+51": "-51",
        "+52": "-52"
    },
    "edges": [
        [    0,    0,  398,  316,  365,  363,  596,  591,  576,  333,  569,  484,  509,  702,  581,  445,  718,  192,  233,  107,  469,  577,  467,  506,  364,  277,  425,  316,  580,  449,  603,  350,  317,  179,  430,  404,  348,  560,  394,  464,   81,  418,  284,  142,  473,  348,  294,  527,  394,  179,  467,  315,  234,  636,  402,  516,  379,  609,  587,  265,  494,  482,  337,  608,  541,  545,  559,  670,   56,  575,  630,  112,  398,  510,  635,  675,  559,  543,  542,  395,  534,  468,  208,  167,  524,  576,  515,  345,  805,  489,  498,  350,  105,  597,  453,  615,  339,  389,  132,  217,  574,  525,  590,  283,  632,  402],
        [    0,    0,    0,    0,    0,    0,    0,    0,    0,    0,    0,    0,    0,    0,    0,    0,    0,    0,    0,    0,    0,    0,    0,    0,    0,    0,    0,    0,    0,    0,    0,    0,    0,    0,    0,    0,    0,    0,    0,    0,    0,    0,    0,    0,    0,    0,    0,    0,    0,    0,    0,    0,    0,    0,    0,    0,    0,    0,    0,    0,    0,    0,    0,    0,    0,    0,    0,    0,    0,    0,    0,    0,    0,    0,    0,    0,    0,    0,    0,    0,    0,    0,    0,    0,    0,    0,    0,    0,    0,    0,    0,    0,    0,    0,    0,    0,    0,    0,    0,    0,    0,    0,    0,    0,    0,    0],
        [  398,    0,    0,  484,   94,  657,  986,  978,  973,  726,  914,  453,  881, 1055,  839,  404, 1084,  392,  613,  434,  377,  504,  260,  225,  283,  551,  555,  711,  701,  528,  931,  617,  714,  577,  310,  323,  703,  947,  770,  824,  321,  357,  208,  266,  853,   61,  676,  722,  453,  221,  378,  713,  312, 1020,  270,  762,   92,  614,  972,  195,  596,  877,  674,  922,  805,  846,  938,  665,  449,  912, 1014,  510,  380,  669,  640, 1015,  957,  786,  309,  790,  929,  518,  294,  506,  884,  909,  840,  240, 1162,  235,  879,  723,  306,  703,  654,  923,  729,  533,  354,  191,  855,  300,  984,  627,  677,  623],
        [  316,    0,  484,    0,  399,  208,  631,  611,  661,  521,  475,  232,  729,  616,  357,  720,  660,  133,  314,  422,  728,  323,  677,  681,  611,  128,  738,  502,  268,  143,  867,  156,  453,  384,  282,  244,  317,  741,  625,  419,  300,  229,  277,  293,  483,  469,  352,  244,  692,  337,  269,  473,  511,  640,  635,  279,  408,  309,  775,  476,  178,  565,  618,  457,  843,  831,  761,  368,  348,  466,  633,  355,  188,  206,  333,  565,  659,  303,  747,  491,  599,  171,  478,  472,  470,  839,  389,  269,  722,  678,  704,  592,  280,  283,  767,  455,  417,  702,  203,  401,  868,  732,  735,  567,  320,  140],
        [  365,    0,   94,  399,    0,  581,  935,  924,  930,  697,  844,  361,  866,  986,  755,  470, 1019,  319,  561,  422,  450,  415,  344,  316,  345,  477,  597,  680,  609,  436,  935,  539,  673,  541,  220,  230,  640,  924,  753,  760,  285,  265,  124,  224,  796,  114,  622,  634,  502,  191,  288,  676,  338,  964,  341,  678,   15,  522,  950,  227,  504,  832,  671,  846,  825,  856,  919,  574,  419,  840,  957,  476,  287,  578,  548,  943,  916,  701,  399,  745,  881,  425,  313,  496,  819,  910,  767,  147, 1093,  325,  859,  707,  263,  610,  685,  845,  680,  570,  293,  190,  871,  389,  953,  620,  584,  539],
        [  363,    0,  657,  208,  581,    0,  436,  412,  480,  411,  269,  426,  613,  411,  220,  807,  453,  265,  211,  448,  828,  508,  807,  828,  718,  106,  770,  393,  321,  305,  778,   54,  325,  325,  489,  451,  137,  600,  526,  216,  392,  436,  459,  416,  290,  629,  211,  211,  754,  468,  474,  353,  594,  438,  752,  162,  592,  452,  634,  598,  293,  391,  565,  266,  800,  767,  631,  501,  363,  262,  431,  334,  395,  239,  469,  363,  484,  189,  882,  332,  415,  341,  566,  468,  263,  750,  187,  467,  518,  818,  581,  507,  386,  347,  767,  268,  266,  734,  314,  530,  812,  865,  575,  523,  429,  119],
        [  596,    0,  986,  631,  935,  436,    0,   34,   98,  329,  252,  859,  397,  250,  490,  970,  209,  631,  374,  609, 1011,  943, 1047, 1095,  929,  506,  838,  332,  727,  740,  581,  488,  289,  428,  902,  864,  316,  313,  397,  224,  668,  857,  824,  721,  149,  941,  313,  598,  880,  767,  899,  305,  794,   67,  974,  507,  948,  882,  339,  857,  724,  128,  523,  355,  707,  633,  368,  927,  554,  277,   67,  492,  817,  653,  897,  286,  128,  516, 1120,  206,   74,  776,  780,  569,  199,  560,  321,  856,  301, 1076,  356,  421,  681,  755,  770,  372,  258,  810,  642,  812,  687, 1102,  237,  520,  848,  551],
        [  591,    0,  978,  611,  924,  412,   34,    0,  129,  340,  219,  836,  422,  220,  458,  975,  183,  617,  365,  610, 1015,  920, 1047, 1093,  931,  486,  849,  341,  698,  716,  608,  464,  292,  427,  883,  846,  296,  342,  416,  198,  661,  837,  811,  712,  130,  934,  303,  569,  887,  760,  879,  310,  795,   49,  975,  476,  937,  855,  369,  854,  698,  140,  538,  321,  728,  656,  396,  899,  551,  244,   45,  490,  797,  625,  870,  254,  157,  485, 1121,  208,   92,  752,  780,  573,  168,  586,  289,  841,  278, 1074,  381,  436,  672,  726,  786,  338,  253,  820,  631,  807,  710, 1103,  269,  532,  820,  526],
        [  576,    0,  973,  661,  930,  480,   98,  129,    0,  274,  337,  892,  304,  348,  566,  919,  305,  642,  374,  572,  963,  981, 1010, 1064,  889,  534,  772,  282,  787,  781,  486,  529,  260,  400,  920,  883,  348,  216,  320,  284,  653,  879,  826,  710,  196,  924,  319,  661,  823,  753,  924,  266,  756,  163,  935,  573,  943,  931,  242,  829,  773,  100,  453,  441,  621,  543,  272,  979,  529,  362,  163,  467,  841,  710,  948,  382,   33,  586, 1082,  185,   67,  816,  746,  523,  276,  466,  395,  865,  395, 1042,  264,  350,  670,  814,  696,  458,  255,  746,  642,  792,  597, 1064,  140,  457,  904,  598],
        [  333,    0,  726,  521,  697,  411,  329,  340,  274,    0,  440,  744,  209,  527,  589,  646,  513,  453,  212,  305,  689,  839,  739,  796,  617,  407,  509,   20,  726,  661,  368,  442,   90,  158,  733,  700,  289,  232,  117,  331,  413,  705,  609,  474,  274,  673,  201,  621,  552,  510,  754,   59,  485,  389,  664,  559,  711,  826,  262,  567,  676,  202,  204,  527,  422,  370,  242,  882,  279,  459,  385,  222,  674,  644,  848,  531,  249,  581,  810,  144,  256,  691,  478,  251,  371,  340,  442,  660,  609,  773,  183,  111,  435,  751,  450,  541,  163,  481,  429,  539,  420,  792,  258,  192,  821,  518],
        [  569,    0,  914,  475,  844,  269,  252,  219,  337,  440,    0,  681,  589,  143,  243, 1002,  187,  525,  345,  624, 1032,  754, 1035, 1067,  932,  369,  917,  431,  500,  551,  775,  319,  358,  451,  756,  718,  222,  530,  546,  115,  621,  702,  722,  659,  173,  880,  292,  370,  929,  710,  737,  388,  799,  218,  971,  275,  855,  671,  562,  828,  519,  294,  640,  104,  861,  802,  579,  708,  547,   25,  212,  495,  660,  435,  681,  106,  358,  278, 1110,  301,  278,  587,  776,  614,   71,  750,   91,  734,  250, 1053,  549,  550,  623,  527,  880,  121,  287,  883,  562,  768,  854, 1093,  471,  616,  626,  359],
        [  484,    0,  453,  232,  361,  426,  859,  836,  892,  744,  681,    0,  949,  815,  506,  796,  867,  301,  541,  587,  788,   96,  700,  677,  673,  359,  868,  724,  279,  134, 1074,  373,  680,  597,  147,  132,  546,  968,  840,  641,  434,   98,  282,  394,  711,  468,  582,  355,  798,  415,   85,  699,  612,  863,  683,  434,  362,  162, 1001,  535,  189,  796,  814,  640, 1024, 1026,  985,  216,  529,  668,  856,  555,   91,  284,  189,  758,  890,  449,  758,  722,  829,  101,  579,  650,  687, 1047,  591,  221,  917,  684,  927,  804,  405,  272,  923,  634,  648,  835,  353,  466, 1057,  747,  966,  761,  226,  322],
        [  509,    0,  881,  729,  866,  613,  397,  422,  304,  209,  589,  949,    0,  639,  774,  710,  604,  654,  420,  449,  761, 1044,  841,  909,  717,  615,  527,  228,  932,  869,  188,  647,  289,  354,  929,  898,  484,  107,  115,  495,  587,  905,  792,  648,  417,  824,  403,  822,  605,  676,  954,  262,  600,  463,  764,  754,  880, 1034,  109,  702,  884,  298,  224,  687,  323,  241,   64, 1090,  453,  611,  462,  407,  876,  849, 1056,  661,  272,  774,  904,  300,  333,  899,  604,  377,  518,  165,  613,  850,  697,  882,   42,  160,  613,  957,  428,  703,  351,  510,  622,  692,  294,  887,  191,  260, 1028,  724],
        [  702,    0, 1055,  616,  986,  411,  250,  220,  348,  527,  143,  815,  639,    0,  342, 1125,   69,  667,  472,  748, 1159,  885, 1168, 1203, 1062,  511, 1025,  522,  614,  684,  825,  460,  456,  569,  896,  859,  357,  561,  619,  238,  758,  842,  864,  798,  255, 1020,  414,  488, 1047,  849,  875,  483,  927,  189, 1102,  394,  997,  793,  589,  964,  646,  345,  730,  186,  936,  868,  615,  824,  675,  150,  187,  620,  799,  557,  800,   65,  376,  389, 1243,  384,  307,  719,  906,  729,  179,  803,  227,  876,  108, 1188,  598,  633,  761,  640,  976,  198,  393,  993,  702,  905,  922, 1226,  487,  714,  740,  495],
        [  581,    0,  839,  357,  755,  220,  490,  458,  566,  589,  243,  506,  774,  342,    0, 1025,  406,  459,  415,  668, 1044,  561, 1014, 1028,  931,  311,  988,  574,  274,  373,  953,  236,  499,  534,  614,  579,  302,  736,  705,  288,  605,  554,  633,  621,  377,  820,  394,  154,  973,  671,  577,  530,  811,  461,  963,   78,  764,  456,  770,  806,  322,  502,  766,  158, 1000,  957,  778,  484,  582,  220,  455,  550,  513,  226,  462,  279,  582,   58, 1087,  475,  502,  405,  782,  684,  292,  925,  172,  622,  432, 1021,  737,  695,  595,  299,  980,  145,  428,  953,  519,  735, 1005, 1071,  690,  728,  400,  217],
        [  445,    0,  404,  720,  470,  807,  970,  975,  919,  646, 1002,  796,  710, 1125, 1025,    0, 1130,  589,  658,  378,   56,  869,  185,  266,  126,  716,  211,  640,  983,  822,  679,  791,  684,  558,  674,  671,  783,  805,  623,  890,  425,  702,  515,  429,  878,  358,  712,  955,  107,  391,  738,  666,  214, 1024,  136,  957,  477,  953,  817,  261,  883,  843,  489, 1050,  503,  573,  773, 1011,  456, 1010, 1019,  507,  707,  925,  980, 1107,  892,  984,  218,  768,  899,  827,  245,  403,  948,  665,  956,  581, 1223,  234,  725,  581,  442,  994,  333, 1057,  736,  211,  520,  332,  560,  204,  871,  467, 1000,  833],
        [  718,    0, 1084,  660, 1019,  453,  209,  183,  305,  513,  187,  867,  604,   69,  406, 1130,    0,  700,  486,  756, 1166,  939, 1184, 1223, 1073,  549, 1018,  511,  676,  737,  789,  504,  451,  573,  941,  903,  381,  520,  597,  260,  779,  888,  899,  823,  253, 1046,  426,  548, 1048,  873,  923,  474,  938,  143, 1116,  453, 1030,  852,  545,  982,  703,  320,  715,  249,  911,  839,  576,  885,  687,  201,  143,  629,  846,  615,  861,  132,  336,  451, 1259,  372,  274,  773,  919,  730,  200,  768,  276,  916,   97, 1207,  564,  614,  785,  702,  962,  263,  395,  988,  730,  927,  893, 1241,  441,  704,  802,  546],
        [  192,    0,  392,  133,  319,  265,  631,  617,  642,  453,  525,  301,  654,  667,  459,  589,  700,    0,  269,  298,  599,  396,  557,  569,  483,  160,  607,  434,  400,  258,  774,  228,  402,  301,  283,  248,  325,  683,  543,  444,  168,  253,  199,  165,  487,  365,  324,  368,  560,  213,  301,  415,  379,  654,  510,  384,  331,  418,  715,  351,  306,  542,  515,  531,  730,  727,  694,  479,  232,  522,  647,  255,  223,  337,  445,  625,  633,  411,  629,  459,  586,  277,  346,  355,  501,  746,  449,  225,  774,  563,  635,  505,  148,  414,  643,  532,  388,  572,   71,  278,  759,  614,  692,  462,  442,  250],
        [  233,    0,  613,  314,  561,  211,  374,  365,  374,  212,  345,  541,  420,  472,  415,  658,  486,  269,    0,  281,  689,  635,  698,  737,  590,  196,  584,  193,  517,  451,  574,  234,  140,  120,  550,  515,  128,  428,  323,  235,  298,  514,  453,  348,  242,  569,   63,  419,  587,  395,  561,  160,  456,  408,  631,  370,  574,  615,  461,  497,  465,  275,  355,  400,  591,  557,  449,  671,  204,  353,  402,  152,  479,  436,  637,  450,  365,  395,  773,  191,  321,  482,  435,  277,  294,  545,  305,  492,  574,  721,  393,  299,  308,  541,  566,  409,  120,  550,  270,  445,  602,  756,  427,  315,  609,  309],
        [  107,    0,  434,  422,  422,  448,  609,  610,  572,  305,  624,  587,  449,  748,  668,  378,  756,  298,  281,    0,  411,  679,  440,  492,  322,  373,  325,  293,  685,  556,  518,  444,  320,  184,  522,  499,  407,  516,  337,  513,  159,  517,  365,  216,  504,  377,  335,  626,  309,  232,  565,  308,  186,  657,  366,  607,  435,  715,  539,  263,  600,  485,  251,  677,  439,  450,  505,  776,   86,  633,  652,  130,  499,  614,  742,  729,  550,  634,  512,  403,  541,  574,  174,   75,  571,  492,  582,  431,  847,  470,  446,  290,  189,  703,  346,  685,  363,  289,  236,  244,  475,  494,  560,  199,  739,  501],
        [  469,    0,  377,  728,  450,  828, 1011, 1015,  963,  689, 1032,  788,  761, 1159, 1044,   56, 1166,  599,  689,  411,    0,  857,  139,  217,  119,  734,  266,  682,  988,  824,  733,  809,  724,  593,  661,  661,  812,  855,  672,  922,  440,  693,  507,  436,  914,  336,  745,  967,  161,  394,  726,  707,  236, 1063,  109,  974,  456,  947,  868,  258,  886,  885,  540, 1077,  558,  628,  824, 1004,  486, 1040, 1058,  540,  701,  933,  975, 1138,  937, 1001,  163,  807,  940,  826,  263,  443,  981,  719,  983,  570, 1258,  186,  776,  629,  454,  997,  388, 1083,  772,  266,  532,  332,  615,  150,  920,  515,  998,  846],
        [  577,    0,  504,  323,  415,  508,  943,  920,  981,  839,  754,   96, 1044,  885,  561,  869,  939,  396,  635,  679,  857,    0,  758,  728,  744,  449,  953,  819,  307,  205, 1170,  456,  774,  692,  197,  199,  633, 1062,  936,  723,  524,  170,  356,  481,  796,  527,  674,  408,  878,  496,  131,  793,  693,  944,  749,  495,  413,  138, 1095,  609,  241,  886,  909,  705, 1117, 1120, 1080,  171,  624,  739,  937,  650,  180,  335,  156,  825,  980,  506,  812,  813,  917,  169,  661,  744,  766, 1142,  664,  288,  984,  738, 1021,  899,  495,  291, 1012,  696,  740,  920,  446,  543, 1150,  803, 1058,  856,  215,  398],
        [  467,    0,  260,  677,  344,  807, 1047, 1047, 1010,  739, 1035,  700,  841, 1168, 1014,  185, 1184,  557,  698,  440,  139,  758,    0,   81,  125,  706,  387,  729,  923,  753,  838,  780,  759,  620,  562,  569,  814,  928,  743,  931,  417,  603,  426,  394,  935,  233,  759,  920,  275,  344,  630,  747,  255, 1094,   78,  940,  347,  861,  945,  210,  819,  924,  618, 1067,  674,  737,  903,  915,  498, 1039, 1088,  559,  618,  878,  888, 1140,  987,  967,   76,  842,  980,  750,  268,  490,  991,  821,  976,  480, 1272,   50,  851,  697,  422,  929,  506, 1071,  797,  378,  496,  280,  730,   59,  985,  585,  918,  806],
        [  506,    0,  225,  681,  316,  828, 1095, 1093, 1064,  796, 1067,  677,  909, 1203, 1028,  266, 1223,  569,  737,  492,  217,  728,   81,    0,  196,  724,  467,  785,  916,  744,  914,  796,  809,  669,  534,  546,  847,  993,  808,  966,  446,  580,  415,  412,  978,  216,  799,  924,  355,  361,  602,  799,  313, 1139,  152,  952,  316,  838, 1011,  241,  811,  975,  687, 1092,  753,  814,  971,  889,  542, 1069, 1133,  604,  600,  877,  864, 1172, 1042,  978,   89,  891, 1030,  737,  319,  549, 1027,  896, 1003,  460, 1308,   32,  917,  761,  445,  920,  585, 1095,  841,  458,  514,  300,  808,   86, 1046,  651,  900,  815],
        [  364,    0,  283,  611,  345,  718,  929,  931,  889,  617,  932,  673,  717, 1062,  931,  126, 1073,  483,  590,  322,  119,  744,  125,  196,    0,  621,  285,  608,  869,  706,  719,  696,  641,  504,  549,  547,  710,  804,  618,  824,  327,  578,  391,  319,  823,  234,  649,  850,  176,  276,  614,  627,  136,  978,   47,  860,  352,  831,  820,  140,  767,  805,  494,  971,  562,  620,  779,  888,  387,  937,  973,  445,  585,  815,  858, 1037,  865,  887,  193,  724,  861,  708,  156,  367,  883,  701,  878,  456, 1163,  167,  726,  572,  338,  879,  398,  976,  683,  270,  416,  214,  617,  175,  861,  460,  880,  731],
        [  277,    0,  551,  128,  477,  106,  506,  486,  534,  407,  369,  359,  615,  511,  311,  716,  549,  160,  196,  373,  734,  449,  706,  724,  621,    0,  697,  388,  331,  257,  765,   75,  332,  286,  399,  361,  191,  620,  516,  299,  295,  352,  354,  313,  358,  523,  226,  254,  670,  364,  394,  355,  502,  518,  653,  241,  488,  420,  654,  497,  270,  438,  529,  372,  761,  739,  643,  476,  289,  364,  511,  275,  312,  252,  442,  467,  532,  269,  780,  365,  472,  290,  473,  405,  353,  736,  290,  367,  619,  716,  588,  488,  285,  353,  708,  373,  292,  661,  211,  428,  780,  764,  610,  481,  415,  130],
        [  425,    0,  555,  738,  597,  770,  838,  849,  772,  509,  917,  868,  527, 1025,  988,  211, 1018,  607,  584,  325,  266,  953,  387,  467,  285,  697,    0,  509, 1004,  863,  473,  768,  569,  468,  770,  757,  711,  629,  458,  802,  444,  783,  602,  475,  770,  499,  627,  950,  112,  457,  827,  544,  264,  898,  320,  930,  607, 1012,  636,  370,  913,  710,  322,  983,  293,  366,  590, 1073,  410,  930,  894,  439,  777,  935, 1040, 1017,  743,  957,  427,  647,  765,  876,  294,  308,  855,  461,  888,  673, 1114,  435,  550,  423,  470, 1020,  123,  993,  633,   37,  539,  419,  350,  413,  703,  318, 1046,  824],
        [  316,    0,  711,  502,  680,  393,  332,  341,  282,   20,  431,  724,  228,  522,  574,  640,  511,  434,  193,  293,  682,  819,  729,  785,  608,  388,  509,    0,  708,  641,  386,  423,   76,  140,  714,  681,  274,  251,  134,  321,  396,  686,  590,  457,  269,  658,  184,  604,  548,  493,  735,   45,  475,  390,  654,  543,  694,  806,  281,  554,  657,  204,  210,  516,  433,  384,  262,  863,  263,  449,  386,  205,  654,  626,  829,  524,  258,  565,  800,  140,  260,  671,  466,  242,  363,  357,  430,  642,  607,  762,  203,  122,  418,  732,  454,  529,  150,  480,  411,  524,  433,  782,  274,  193,  802,  499],
        [  580,    0,  701,  268,  609,  321,  727,  698,  787,  726,  500,  279,  932,  614,  274,  983,  676,  400,  517,  685,  988,  307,  923,  916,  869,  331, 1004,  708,    0,  174, 1091,  285,  643,  616,  417,  391,  456,  920,  840,  505,  567,  358,  501,  555,  592,  701,  530,  130,  959,  594,  362,  670,  776,  711,  890,  226,  613,  187,  955,  732,  106,  705,  859,  429, 1091, 1069,  952,  211,  606,  480,  705,  602,  326,   83,  189,  551,  796,  226,  990,  652,  721,  188,  743,  729,  532, 1062,  414,  462,  704,  918,  900,  815,  545,   28, 1029,  417,  586,  968,  470,  657, 1110,  977,  893,  811,  127,  209],
        [  449,    0,  528,  143,  436,  305,  740,  716,  781,  661,  551,  134,  869,  684,  373,  822,  737,  258,  451,  556,  824,  205,  753,  744,  706,  257,  863,  641,  174,    0, 1010,  253,  589,  527,  252,  221,  433,  877,  766,  519,  420,  191,  329,  397,  594,  528,  483,  225,  807,  432,  206,  611,  622,  740,  723,  301,  440,  167,  910,  567,   69,  688,  760,  508,  983,  973,  899,  226,  485,  537,  733,  496,  155,  156,  191,  626,  782,  316,  819,  619,  717,   37,  588,  610,  561,  981,  461,  289,  785,  746,  843,  734,  395,  177,  901,  500,  547,  828,  325,  493, 1009,  806,  865,  708,  184,  194],
        [  603,    0,  931,  867,  935,  778,  581,  608,  486,  368,  775, 1074,  188,  825,  953,  679,  789,  774,  574,  518,  733, 1170,  838,  914,  719,  765,  473,  386, 1091, 1010,    0,  806,  457,  483, 1033, 1006,  656,  273,  252,  678,  673, 1019,  881,  732,  603,  871,  569,  989,  573,  748, 1068,  427,  626,  647,  763,  926,  948, 1176,  255,  740, 1033,  486,  268,  872,  197,  110,  216, 1235,  551,  797,  647,  520,  994, 1009, 1200,  848,  454,  948,  890,  482,  519, 1037,  639,  444,  705,   29,  796,  946,  880,  884,  229,  277,  702, 1114,  354,  888,  525,  468,  729,  748,  146,  874,  358,  321, 1179,  882],
        [  350,    0,  617,  156,  539,   54,  488,  464,  529,  442,  319,  373,  647,  460,  236,  791,  504,  228,  234,  444,  809,  456,  780,  796,  696,   75,  768,  423,  285,  253,  806,    0,  359,  339,  437,  400,  183,  640,  555,  269,  370,  384,  416,  387,  341,  592,  246,  190,  744,  437,  421,  386,  577,  491,  727,  166,  549,  404,  675,  571,  246,  438,  583,  308,  817,  789,  669,  455,  359,  311,  484,  338,  342,  203,  423,  411,  532,  194,  853,  375,  464,  289,  547,  471,  316,  778,  234,  419,  567,  788,  616,  532,  360,  310,  773,  307,  306,  732,  284,  501,  832,  837,  620,  538,  386,   77],
        [  317,    0,  714,  453,  673,  325,  289,  292,  260,   90,  358,  680,  289,  456,  499,  684,  451,  402,  140,  320,  724,  774,  759,  809,  641,  332,  569,   76,  643,  589,  457,  359,    0,  141,  684,  650,  200,  289,  207,  246,  394,  651,  575,  452,  202,  664,  114,  535,  598,  494,  698,   32,  505,  340,  685,  470,  687,  751,  322,  572,  599,  167,  283,  441,  508,  459,  312,  807,  270,  375,  335,  207,  617,  561,  773,  453,  243,  492,  831,   84,  222,  620,  492,  282,  291,  429,  354,  620,  546,  788,  258,  198,  412,  668,  523,  454,   74,  538,  391,  533,  509,  813,  291,  260,  742,  435],
        [  179,    0,  577,  384,  541,  325,  428,  427,  400,  158,  451,  597,  354,  569,  534,  558,  573,  301,  120,  184,  593,  692,  620,  669,  504,  286,  468,  140,  616,  527,  483,  339,  141,    0,  577,  545,  244,  390,  244,  337,  258,  552,  451,  318,  321,  526,  160,  528,  479,  357,  601,  137,  368,  474,  548,  486,  555,  693,  419,  431,  552,  308,  244,  515,  478,  453,  396,  752,  130,  463,  469,   68,  523,  536,  717,  554,  381,  511,  694,  223,  362,  554,  353,  163,  393,  455,  421,  503,  666,  648,  336,  208,  279,  639,  448,  525,  180,  434,  272,  393,  494,  676,  413,  199,  697,  411],
        [  430,    0,  310,  282,  220,  489,  902,  883,  920,  733,  756,  147,  929,  896,  614,  674,  941,  283,  550,  522,  661,  197,  562,  534,  549,  399,  770,  714,  417,  252, 1033,  437,  684,  577,    0,   38,  588,  964,  816,  697,  364,   61,  169,  310,  754,  331,  602,  472,  689,  315,   69,  697,  508,  916,  553,  538,  219,  306,  995,  416,  318,  821,  767,  733,  958,  972,  972,  356,  483,  747,  909,  523,  101,  406,  331,  844,  913,  557,  618,  740,  862,  230,  476,  593,  749, 1006,  670,   98, 1002,  544,  912,  775,  334,  413,  840,  729,  667,  739,  308,  354,  996,  608,  974,  713,  372,  408],
        [  404,    0,  323,  244,  230,  451,  864,  846,  883,  700,  718,  132,  898,  859,  579,  671,  903,  248,  515,  499,  661,  199,  569,  546,  547,  361,  757,  681,  391,  221, 1006,  400,  650,  545,   38,    0,  550,  931,  785,  659,  340,   35,  158,  290,  717,  336,  566,  439,  680,  301,   70,  663,  497,  879,  554,  503,  231,  293,  962,  411,  289,  785,  740,  696,  936,  947,  940,  347,  455,  709,  872,  492,   68,  375,  320,  807,  877,  522,  627,  704,  825,  203,  464,  568,  711,  979,  632,   91,  965,  553,  880,  745,  311,  388,  822,  692,  631,  726,  278,  345,  973,  616,  940,  686,  355,  371],
        [  348,    0,  703,  317,  640,  137,  316,  296,  348,  289,  222,  546,  484,  357,  302,  783,  381,  325,  128,  407,  812,  633,  814,  847,  710,  191,  711,  274,  456,  433,  656,  183,  200,  244,  588,  550,    0,  465,  406,  121,  402,  542,  523,  443,  168,  666,   93,  340,  714,  494,  584,  231,  578,  330,  750,  271,  653,  586,  499,  608,  428,  256,  466,  272,  699,  656,  498,  636,  327,  228,  324,  279,  502,  375,  604,  328,  350,  293,  889,  196,  284,  468,  555,  404,  181,  628,  178,  547,  462,  833,  450,  393,  406,  482,  689,  282,  134,  677,  350,  549,  704,  872,  439,  431,  565,  255],
        [  560,    0,  947,  741,  924,  600,  313,  342,  216,  232,  530,  968,  107,  561,  736,  805,  520,  683,  428,  516,  855, 1062,  928,  993,  804,  620,  629,  251,  920,  877,  273,  640,  289,  390,  964,  931,  465,    0,  186,  449,  640,  935,  839,  702,  364,  892,  396,  803,  702,  735,  983,  270,  681,  378,  851,  726,  938, 1038,   35,  777,  884,  238,  316,  632,  427,  342,   57, 1093,  506,  554,  378,  451,  902,  839, 1059,  590,  185,  744,  994,  269,  258,  909,  681,  449,  462,  255,  569,  892,  610,  967,   80,  232,  664,  946,  533,  649,  335,  610,  661,  758,  395,  976,   87,  344, 1025,  716],
        [  394,    0,  770,  625,  753,  526,  397,  416,  320,  117,  546,  840,  115,  619,  705,  623,  597,  543,  323,  337,  672,  936,  743,  808,  618,  516,  458,  134,  840,  766,  252,  555,  207,  244,  816,  785,  406,  186,    0,  441,  472,  794,  678,  534,  376,  713,  318,  737,  522,  562,  843,  176,  496,  462,  665,  676,  767,  932,  205,  594,  786,  277,  137,  637,  317,  257,  168,  990,  339,  566,  460,  294,  765,  758,  955,  631,  289,  698,  808,  246,  325,  795,  497,  266,  476,  224,  555,  736,  693,  781,  110,   48,  498,  864,  377,  652,  278,  435,  509,  580,  308,  791,  249,  159,  931,  631],
        [  464,    0,  824,  419,  760,  216,  224,  198,  284,  331,  115,  641,  495,  238,  288,  890,  260,  444,  235,  513,  922,  723,  931,  966,  824,  299,  802,  321,  505,  519,  678,  269,  246,  337,  697,  659,  121,  449,  441,    0,  521,  648,  642,  564,   90,  787,  179,  378,  816,  614,  687,  277,  690,  223,  865,  289,  773,  658,  483,  726,  500,  214,  528,  197,  752,  697,  493,  703,  438,  130,  216,  384,  606,  430,  673,  217,  297,  302, 1006,  197,  218,  555,  669,  500,   61,  652,  120,  663,  342,  951,  456,  441,  526,  533,  766,  211,  174,  769,  471,  669,  748,  988,  403,  503,  625,  328],
        [   81,    0,  321,  300,  285,  392,  668,  661,  653,  413,  621,  434,  587,  758,  605,  425,  779,  168,  298,  159,  440,  524,  417,  446,  327,  295,  444,  396,  567,  420,  673,  370,  394,  258,  364,  340,  402,  640,  472,  521,    0,  359,  209,   62,  539,  273,  360,  531,  393,  100,  407,  394,  213,  705,  360,  534,  299,  571,  667,  208,  472,  557,  406,  650,  597,  609,  638,  632,  135,  624,  699,  192,  345,  504,  598,  726,  637,  562,  492,  470,  609,  433,  181,  231,  582,  647,  560,  273,  863,  433,  577,  428,   30,  581,  490,  655,  410,  409,   98,  148,  634,  475,  669,  353,  603,  408],
        [  418,    0,  357,  229,  265,  436,  857,  837,  879,  705,  702,   98,  905,  842,  554,  702,  888,  253,  514,  517,  693,  170,  603,  580,  578,  352,  783,  686,  358,  191, 1019,  384,  651,  552,   61,   35,  542,  935,  794,  648,  359,    0,  188,  313,  709,  371,  563,  412,  709,  327,   50,  666,  524,  868,  587,  478,  266,  259,  966,  442,  257,  781,  755,  676,  955,  963,  946,  313,  469,  692,  861,  502,   43,  346,  286,  788,  874,  497,  661,  702,  820,  170,  491,  584,  698,  991,  615,  124,  947,  587,  887,  754,  330,  355,  845,  671,  629,  751,  290,  374,  991,  650,  940,  701,  321,  350],
        [  284,    0,  208,  277,  124,  459,  824,  811,  826,  609,  722,  282,  792,  864,  633,  515,  899,  199,  453,  365,  507,  356,  426,  415,  391,  354,  602,  590,  501,  329,  881,  416,  575,  451,  169,  158,  523,  839,  678,  642,  209,  188,    0,  150,  683,  200,  513,  515,  523,  147,  227,  581,  340,  850,  402,  555,  134,  440,  868,  254,  396,  727,  614,  723,  795,  814,  841,  497,  339,  718,  843,  389,  195,  464,  468,  821,  814,  579,  490,  641,  774,  325,  308,  438,  700,  855,  644,   72,  972,  417,  780,  634,  181,  506,  672,  722,  573,  571,  185,  187,  835,  477,  861,  561,  494,  416],
        [  142,    0,  266,  293,  224,  416,  721,  712,  710,  474,  659,  394,  648,  798,  621,  429,  823,  165,  348,  216,  436,  481,  394,  412,  319,  313,  475,  457,  555,  397,  732,  387,  452,  318,  310,  290,  443,  702,  534,  564,   62,  313,  150,    0,  588,  224,  410,  533,  411,   52,  359,  453,  225,  755,  345,  547,  238,  539,  729,  186,  455,  613,  465,  680,  648,  665,  699,  600,  197,  660,  748,  253,  303,  498,  567,  763,  695,  574,  467,  526,  664,  406,  191,  289,  624,  706,  592,  217,  904,  403,  639,  489,   41,  566,  533,  683,  464,  441,  103,  115,  687,  451,  730,  412,  578,  415],
        [  473,    0,  853,  483,  796,  290,  149,  130,  196,  274,  173,  711,  417,  255,  377,  878,  253,  487,  242,  504,  914,  796,  935,  978,  823,  358,  770,  269,  592,  594,  603,  341,  202,  321,  754,  717,  168,  364,  376,   90,  539,  709,  683,  588,    0,  811,  180,  465,  796,  637,  751,  228,  687,  168,  866,  378,  809,  739,  397,  737,  581,  127,  477,  271,  691,  630,  410,  786,  438,  195,  161,  378,  669,  514,  755,  257,  208,  391, 1010,  132,  130,  629,  669,  478,  102,  578,  206,  711,  347,  960,  377,  383,  549,  619,  722,  287,  142,  739,  504,  686,  683,  992,  314,  460,  709,  407],
        [  348,    0,   61,  469,  114,  629,  941,  934,  924,  673,  880,  468,  824, 1020,  820,  358, 1046,  365,  569,  377,  336,  527,  233,  216,  234,  523,  499,  658,  701,  528,  871,  592,  664,  526,  331,  336,  666,  892,  713,  787,  273,  371,  200,  224,  811,    0,  632,  711,  399,  174,  398,  662,  252,  977,  228,  743,  120,  629,  915,  135,  595,  829,  615,  894,  746,  786,  881,  683,  397,  879,  971,  458,  387,  662,  656,  982,  907,  768,  292,  742,  881,  522,  234,  448,  847,  849,  809,  248, 1126,  219,  822,  666,  262,  705,  596,  896,  683,  475,  319,  135,  795,  281,  931,  568,  687,  605],
        [  294,    0,  676,  352,  622,  211,  313,  303,  319,  201,  292,  582,  403,  414,  394,  712,  426,  324,   63,  335,  745,  674,  759,  799,  649,  226,  627,  184,  530,  483,  569,  246,  114,  160,  602,  566,   93,  396,  318,  179,  360,  563,  513,  410,  180,  632,    0,  421,  637,  458,  609,  143,  514,  345,  691,  359,  635,  643,  430,  559,  488,  220,  373,  357,  607,  565,  423,  697,  262,  304,  339,  206,  526,  448,  664,  396,  312,  382,  834,  140,  263,  516,  494,  322,  237,  541,  264,  548,  515,  782,  371,  302,  370,  555,  599,  368,   66,  593,  330,  507,  612,  816,  384,  340,  630,  322],
        [  527,    0,  722,  244,  634,  211,  598,  569,  661,  621,  370,  355,  822,  488,  154,  955,  548,  368,  419,  626,  967,  408,  920,  924,  850,  254,  950,  604,  130,  225,  989,  190,  535,  528,  472,  439,  340,  803,  737,  378,  531,  412,  515,  533,  465,  711,  421,    0,  918,  579,  430,  564,  743,  581,  877,   96,  641,  306,  838,  718,  169,  582,  771,  304, 1006,  976,  838,  338,  542,  351,  575,  526,  372,   73,  313,  426,  671,  100,  991,  534,  595,  255,  711,  658,  402,  960,  284,  493,  582,  921,  789,  717,  514,  158,  960,  293,  473,  913,  436,  644, 1020,  976,  771,  727,  256,  126],
        [  394,    0,  453,  692,  502,  754,  880,  887,  823,  552,  929,  798,  605, 1047,  973,  107, 1048,  560,  587,  309,  161,  878,  275,  355,  176,  670,  112,  548,  959,  807,  573,  744,  598,  479,  689,  680,  714,  702,  522,  816,  393,  709,  523,  411,  796,  399,  637,  918,    0,  384,  749,  577,  187,  936,  209,  909,  512,  949,  712,  277,  863,  752,  386,  985,  400,  468,  668, 1009,  393,  939,  931,  436,  708,  895,  977, 1033,  796,  937,  320,  680,  807,  816,  221,  318,  872,  558,  890,  593, 1142,  324,  622,  481,  415,  972,  231,  993,  655,  106,  490,  336,  457,  305,  770,  368,  989,  793],
        [  179,    0,  221,  337,  191,  468,  767,  760,  753,  510,  710,  415,  676,  849,  671,  391,  873,  213,  395,  232,  394,  496,  344,  361,  276,  364,  457,  493,  594,  432,  748,  437,  494,  357,  315,  301,  494,  735,  562,  614,  100,  327,  147,   52,  637,  174,  458,  579,  384,    0,  370,  493,  198,  803,  299,  597,  205,  566,  761,  139,  493,  657,  483,  731,  652,  675,  729,  626,  231,  711,  797,  290,  324,  541,  594,  814,  737,  623,  417,  570,  709,  437,  165,  307,  675,  723,  644,  218,  955,  352,  669,  516,   89,  604,  526,  734,  510,  425,  154,   65,  694,  401,  767,  431,  610,  463],
        [  467,    0,  378,  269,  288,  474,  899,  879,  924,  754,  737,   85,  954,  875,  577,  738,  923,  301,  561,  565,  726,  131,  630,  602,  614,  394,  827,  735,  362,  206, 1068,  421,  698,  601,   69,   70,  584,  983,  843,  687,  407,   50,  227,  359,  751,  398,  609,  430,  749,  370,    0,  714,  566,  909,  619,  503,  287,  239, 1015,  479,  268,  827,  804,  705, 1003, 1012,  995,  288,  518,  726,  902,  552,   83,  361,  264,  820,  920,  520,  686,  748,  864,  178,  534,  633,  736, 1041,  649,  158,  979,  612,  935,  804,  377,  355,  891,  699,  674,  795,  339,  414, 1039,  676,  987,  750,  308,  381],
        [  315,    0,  713,  473,  676,  353,  305,  310,  266,   59,  388,  699,  262,  483,  530,  666,  474,  415,  160,  308,  707,  793,  747,  799,  627,  355,  544,   45,  670,  611,  427,  386,   32,  137,  697,  663,  231,  270,  176,  277,  394,  666,  581,  453,  228,  662,  143,  564,  577,  493,  714,    0,  492,  359,  672,  500,  690,  775,  303,  564,  623,  179,  252,  472,  477,  428,  289,  830,  265,  406,  354,  204,  632,  588,  796,  482,  246,  523,  819,  103,  235,  642,  481,  264,  320,  399,  385,  629,  570,  777,  233,  166,  413,  695,  494,  485,  105,  514,  398,  529,  477,  801,  280,  232,  767,  462],
        [  234,    0,  312,  511,  338,  594,  794,  795,  756,  485,  799,  612,  600,  927,  811,  214,  938,  379,  456,  186,  236,  693,  255,  313,  136,  502,  264,  475,  776,  622,  626,  577,  505,  368,  508,  497,  578,  681,  496,  690,  213,  524,  340,  225,  687,  252,  514,  743,  187,  198,  566,  492,    0,  842,  181,  743,  350,  762,  700,  118,  678,  670,  381,  842,  494,  536,  661,  822,  253,  805,  837,  310,  521,  715,  790,  904,  733,  770,  327,  589,  726,  630,   34,  236,  749,  605,  748,  411, 1028,  289,  605,  449,  232,  788,  347,  848,  547,  234,  309,  156,  543,  309,  733,  340,  803,  620],
        [  636,    0, 1020,  640,  964,  438,   67,   49,  163,  389,  218,  863,  463,  189,  461, 1024,  143,  654,  408,  657, 1063,  944, 1094, 1139,  978,  518,  898,  390,  711,  740,  647,  491,  340,  474,  916,  879,  330,  378,  462,  223,  705,  868,  850,  755,  168,  977,  345,  581,  936,  803,  909,  359,  842,    0, 1022,  487,  977,  874,  404,  899,  718,  188,  586,  316,  773,  699,  434,  915,  597,  242,    8,  536,  827,  641,  887,  232,  194,  493, 1167,  257,  137,  776,  827,  622,  181,  626,  298,  877,  235, 1120,  423,  484,  715,  739,  833,  332,  298,  869,  671,  851,  753, 1149,  300,  580,  835,  548],
        [  402,    0,  270,  635,  341,  752,  974,  975,  935,  664,  971,  683,  764, 1102,  963,  136, 1116,  510,  631,  366,  109,  749,   78,  152,   47,  653,  320,  654,  890,  723,  763,  727,  685,  548,  553,  554,  750,  851,  665,  865,  360,  587,  402,  345,  866,  228,  691,  877,  209,  299,  619,  672,  181, 1022,    0,  891,  347,  842,  867,  160,  787,  850,  541, 1007,  603,  663,  826,  898,  429,  976, 1017,  488,  597,  839,  869, 1077,  911,  917,  147,  769,  906,  724,  197,  414,  924,  745,  915,  463, 1205,  122,  773,  619,  368,  898,  436, 1013,  726,  308,  445,  235,  658,  129,  907,  507,  895,  759],
        [  516,    0,  762,  279,  678,  162,  507,  476,  573,  559,  275,  434,  754,  394,   78,  957,  453,  384,  370,  607,  974,  495,  940,  952,  860,  241,  930,  543,  226,  301,  926,  166,  470,  486,  538,  503,  271,  726,  676,  289,  534,  478,  555,  547,  378,  743,  359,   96,  909,  597,  503,  500,  743,  487,  891,    0,  686,  400,  761,  733,  255,  499,  724,  211,  959,  922,  764,  434,  522,  255,  481,  495,  437,  164,  409,  332,  585,   28, 1013,  459,  507,  334,  713,  629,  309,  899,  189,  544,  490,  946,  718,  660,  523,  253,  929,  202,  403,  894,  446,  661,  969,  997,  688,  684,  351,  140],
        [  379,    0,   92,  408,   15,  592,  948,  937,  943,  711,  855,  362,  880,  997,  764,  477, 1030,  331,  574,  435,  456,  413,  347,  316,  352,  488,  607,  694,  613,  440,  948,  549,  687,  555,  219,  231,  653,  938,  767,  773,  299,  266,  134,  238,  809,  120,  635,  641,  512,  205,  287,  690,  350,  977,  347,  686,    0,  523,  964,  237,  509,  846,  685,  856,  838,  870,  933,  574,  433,  852,  970,  490,  290,  585,  549,  954,  930,  710,  400,  759,  894,  429,  325,  510,  831,  924,  778,  152, 1105,  326,  873,  721,  277,  614,  697,  856,  693,  581,  306,  203,  884,  390,  967,  634,  586,  547],
        [  609,    0,  614,  309,  522,  452,  882,  855,  931,  826,  671,  162, 1034,  793,  456,  953,  852,  418,  615,  715,  947,  138,  861,  838,  831,  420, 1012,  806,  187,  167, 1176,  404,  751,  693,  306,  293,  586, 1038,  932,  658,  571,  259,  440,  539,  739,  629,  643,  306,  949,  566,  239,  775,  762,  874,  842,  400,  523,    0, 1072,  692,  159,  842,  925,  609, 1146, 1138, 1063,   62,  648,  653,  867,  662,  246,  237,   28,  731,  935,  405,  919,  777,  866,  142,  728,  772,  693, 1147,  582,  382,  887,  845, 1007,  900,  544,  166, 1058,  598,  706,  978,  481,  621, 1173,  909, 1023,  873,   78,  333],
