{
    "name": "random-7-6458",
    "comment": "size=7 seed=6458",
    "nodes": ["+0", "-0", "+1", "-1", "+2", "-2", "+3", "-3", "+4", "-4", "+5", "-5", "+6", "-6", "+7", "-7"],
    "precedence": {
        "+0": "-0",
        "+1": "-1",
        "+2": "-2",
        "+3": "-3",
        "+4": "-4",
        "+5": "-5",
        "+6": "-6",
        "+7": "-7"
    },
    "edges": [
        [    0,    0,  347,  499,  495,  215,  228,  249,  564,  332,  262,  426,  618,  700,  290,  249],
        [    0,    0,  347,  499,  495,  215,  228,  249,  564,  332,  262,  426,  618,  700,  290,  249],
        [  347,  347,    0,  155,  787,  343,  363,  578,  677,  563,  313,   80,  499,  791,  634,  115],
        [  499,  499,  155,    0,  915,  461,  507,  722,  747,  680,  450,   89,  484,  846,  788,  268],
        [  495,  495,  787,  915,    0,  456,  697,  260,  410,  245,  748,  865,  750,  503,  399,  720],
        [  215,  215,  343,  461,  456,    0,  424,  301,  373,  221,  434,  418,  417,  505,  441,  307],
        [  228,  228,  363,  507,  697,  424,    0,  438,  788,  559,   73,  419,  781,  923,  380,  252],
        [  249,  249,  578,  722,  260,  301,  438,    0,  484,  212,  491,  658,  696,  613,  189,  492],
        [  564,  564,  677,  747,  410,  373,  788,  484,    0,  273,  805,  736,  399,  137,  672,  670],
        [  332,  332,  563,  680,  245,  221,  559,  212,  273,    0,  592,  638,  524,  404,  400,  513],
        [  262,  262,  313,  450,  748,  434,   73,  491,  805,  592,    0,  362,  762,  938,  448,  210],
        [  426,  426,   80,   89,  865,  418,  419,  658,  736,  638,  362,    0,  519,  844,  710,  185],
        [  618,  618,  499,  484,  750,  417,  781,  696,  399,  524,  762,  519,    0,  437,  855,  561],
        [  700,  700,  791,  846,  503,  505,  923,  613,  137,  404,  938,  844,  437,    0,  801,  795],
        [  290,  290,  634,  788,  399,  441,  380,  189,  672,  400,  448,  710,  855,  801,    0,  528],
        [  249,  249,  115,  268,  720,  307,  252,  492,  670,  513,  210,  185,  561,  795,  528,    0]
    ]
}
