{
    "name": "random-89-21556",
    "comment": "size=89 seed=21556",
    "nodes": ["+0", "-0", "+1", "-1", "+2", "-2", "+3", "-3", "+4", "-4", "+5", "-5", "+6", "-6", "+7", "-7", "+8", "-8", "+9", "-9", "+10", "-10", "+11", "-11", "+12", "-12", "+13", "-13", "+14", "-14", "+15", "-15", "+16", "-16", "+17", "-17", "+18", "-18", "+19", "-19", "+20", "-20", "+21", "-21", "+22", "-22", "+23", "-23", "+24", "-24", "+25", "-25", "+26", "-26", "+27", "-27", "+28", "-28", "+29", "-29", "+30", "-30", "+31", "-31", "+32", "-32", "+33", "-33", "+34", "-34", "+35", "-35", "+36", "-36", "+37", "-37", "+38", "-38", "+39", "-39", "+40", "-40", "+41", "-41", "+42", "-42", "+43", "-43", "+44", "-44", "+45", "-45", "+46", "-46", "+47", "-47", "+48", "-48", "+49", "-49", "+50", "-50", "+51", "-51", "+52", "-52", "+53", "-53", "+54", "-54", "+55", "-55", "+56", "-56", "+57", "-57", "+58", "-58", "+59", "-59", "+60", "-60", "+61", "-61", "+62", "-62", "+63", "-63", "+64", "-64", "+65", "-65", "+66", "-66", "+67", "-67", "+68", "-68", "+69", "-69", "+70", "-70", "+71", "-71", "+72", "-72", "+73", "-73", "+74", "-74", "+75", "-75", "+76", "-76", "+77", "-77", "+78", "-78", "+79", "-79", "+80", "-80", "+81", "-81", "+82", "-82", "+83", "-83", "+84", "-84", "+85", "-85", "+86", "-86", "+87", "-87", "+88", "-88", "+89", "-89"],
    "precedence": {
        "+0": "-0",
        "+1": "-1",
        "+2": "-2",
        "+3": "-3",
        "+4": "-4",
        "+5": "-5",
        "+6": "-6",
        "+7": "-7",
        "+8": "-8",
        "+9": "-9",
        "+10": "-10",
        "+11": "-11",
        "+12": "-12",
        "+13": "-13",
        "+14": "-14",
        "+15": "-15",
        "+16": "-16",
        "+17": "-17",
        "+18": "-18",
        "+19": "-19",
        "+20": "-20",
        "+21": "-21",
        "+22": "-22",
        "+23": "-23",
        "+24": "-24",
        "+25": "-25",
        "+26": "-26",
        "+27": "-27",
        "+28": "-28",
        "+29": "-29",
        "+30": "-30",
        "+31": "-31",
        "+32": "-32",
        "+33": "-33",
        "+34": "-34",
        "+35": "-35",
        "+36": "-36",
        "+37": "-37",
        "+38": "-38",
        "+39": "-39",
        "+40": "-40",
        "+41": "-41",
        "+42": "-42",
        "+43": "-43",
        "+44": "-44",
        "+45": "-45",
        "+46": "-46",
        "+47": "-47",
        "+48": "-48",
        "+49": "-49",
        "+50": "-50",
        "+51": "-51",
        "+52": "-52",
        "+53": "-53",
        "+54": "-54",
        "+55": "-55",
        "+56": "-56",
        "+57": "-57",
        "+58": "-58",
        "+59": "-59",
        "+60": "-60",
        "+61": "-61",
        "+62": "-62",
        "+63": "-63",
        "+64": "-64",
        "+65": "-65",
        "+66": "-66",
        "+67": "-67",
        "+68": "-68",
        "+69": "-69",
        "+70": "-70",
        "+71": "-71",
        "+72": "-72",
        "+73": "-73",
        "+74": "-74",
        "+75": "-75",
        "+76": "-76",
        "+77": "-77",
        "+78": "-78",
        "+79": "-79",
        "+80": "-80",
        "+81": "-81",
        "+82": "-82",
        "+83": "-83",
        "+84": "-84",
        "+85": "-85",
        "+86": "-86",
        "+87": "-87",
        "+88": "-88",
        "+89": "-89"
    },
    "edges": [
        [    0,    0,  289,  507,  278,  746,  247,  266,  372,  606,  817,  207,   85,   97,  713,  531,  385,  673,  595,  154,  696,  504,  532,  202,  112,  722,  207,  671,  166,  541,  242,  732,  327,  828,  485,  108,  668,  310,  743,  290,  222,  272,  459,  213,  178,   50,  794,  795,  347,  628,  699,  102,  516,  246,  784,  273,  759,  796,  620,  228,  143,  564,  692,  306,  606,  170,  381,  754,  324,  325,  716,  865,  325,  527,  324,  678,  211,  300,  776,  923,  586,  505,  682,  646,  825,  106,  292,  717,  646,  744,  199,  809,  446,  244,  653,  227,  684,  117,  609,  648,  648,  351,  358,  786,  714,  155,  330,  676,  897,  428,  487,  231,  247,  743,  792,  661,  512,  659,  381,  293,  577,  244,  312,  891,  796,  225,  472,  275,  764,  280,  634,  583,  354,  726,  389,  864,  640,  872,  518,  497,  668,  554,  704,  741,  417,  793,   94,  413,  611,  259,  669,  180,  602,  769,  572,  280,  182,  770,  337,  250,  676,  707,  701,  471,  507,  221,  200,  576,  415,  621,  373,  301,   28,  686,  617,  554,  752,  429,  490,  400],
        [    0,    0,    0,    0,    0,    0,    0,    0,    0,    0,    0,    0,    0,    0,    0,    0,    0,    0,    0,    0,    0,    0,    0,    0,    0,    0,    0,    0,    0,    0,    0,    0,    0,    0,    0,    0,    0,    0,    0,    0,    0,    0,    0,    0,    0,    0,    0,    0,    0,    0,    0,    0,    0,    0,    0,    0,    0,    0,    0,    0,    0,    0,    0,    0,    0,    0,    0,    0,    0,    0,    0,    0,    0,    0,    0,    0,    0,    0,    0,    0,    0,    0,    0,    0,    0,    0,    0,    0,    0,    0,    0,    0,    0,    0,    0,    0,    0,    0,    0,    0,    0,    0,    0,    0,    0,    0,    0,    0,    0,    0,    0,    0,    0,    0,    0,    0,    0,    0,    0,    0,    0,    0,    0,    0,    0,    0,    0,    0,    0,    0,    0,    0,    0,    0,    0,    0,    0,    0,    0,    0,    0,    0,    0,    0,    0,    0,    0,    0,    0,    0,    0,    0,    0,    0,    0,    0,    0,    0,    0,    0,    0,    0,    0,    0,    0,    0,    0,    0,    0,    0,    0,    0,    0,    0,    0,    0,    0,    0,    0,    0],
        [  289,    0,    0,  782,  426,  973,  535,  537,  595,  893, 1101,  394,  222,  251,  999,  785,  631,  955,  883,  383,  958,  757,  741,  276,  183,  877,  385,  947,  155,  712,  132,  899,   39, 1080,  730,  395,  955,  437,  865,  453,   68,  484,  598,  452,  145,  308, 1010, 1084,  633,  823,  932,  350,  728,   44, 1073,  288,  863, 1003,  895,  515,  152,  704,  928,  504,  805,  361,  647, 1039,  374,   81,  999, 1148,  544,  614,  609,  966,  365,  517,  958, 1208,  857,  780,  931,  899, 1105,  376,  380,  905,  921, 1001,  371, 1042,  691,   60,  913,   95,  971,  390,  887,  904,  866,  407,  410, 1069,  875,  323,  412,  958, 1183,  547,  735,  487,  316, 1010, 1044,  946,  746,  928,  604,  580,  840,  262,  403, 1176,  980,  435,  651,  536,  911,   30,  923,  848,  552, 1006,  667, 1135,  892, 1125,  740,  778,  898,  836,  978, 1029,  693, 1048,  379,  525,  895,  507,  945,  356,  812,  885,  693,  567,  443, 1024,  503,   40,  926,  842,  981,  757,  772,  296,  100,  846,  689,  909,  635,  580,  268,  961,  830,  745, 1040,  716,  771,  679],
        [  507,    0,  782,    0,  442,  338,  292,  396,  262,  176,  332,  573,  590,  588,  377,  120,  193,  399,  246,  404,  205,  486,  637,  553,  600,  509,  433,  449,  632,  386,  690,  486,  821,  348,  160,  402,  231,  466,  595,  416,  719,  543,  442,  493,  684,  477,  406,  370,  182,  356,  665,  432,  273,  739,  383,  603,  642,  430,  114,  289,  647,  466,  647,  575,  335,  440,  406,  424,  569,  794,  230,  375,  294,  557,  200,  270,  610,  538,  481,  440,  437,    5,  596,  186,  324,  467,  521,  424,  442,  259,  590,  377,  165,  746,  172,  733,  224,  455,  107,  179,  680,  563,  569,  298,  489,  587,  527,  190,  421,  476,  503,  299,  549,  241,  314,  189,  558,  156,  541,  234,  101,  599,  517,  404,  487,  544,  356,  250,  554,  780,  261,   97,  329,  451,  119,  358,  186,  387,  240,  330,  275,   81,  485,  347,  359,  309,  437,  485,  341,  286,  164,  452,  303,  624,  508,  299,  452,  289,  397,  743,  220,  546,  442,  123,  437,  548,  684,  441,  367,  282,  418,  207,  533,  180,  673,  341,  368,  141,  329,  336],
        [  278,    0,  426,  442,    0,  554,  345,  448,  194,  600,  773,  476,  338,  367,  769,  400,  253,  757,  632,  143,  574,  679,  757,  151,  286,  462,   72,  780,  279,  288,  302,  479,  460,  679,  336,  262,  662,   39,  469,   30,  383,  521,  185,  453,  399,  229,  586,  803,  373,  397,  888,  188,  307,  390,  807,  171,  483,  578,  546,  303,  350,  294,  876,  559,  380,  109,  551,  816,  128,  405,  671,  813,  151,  252,  353,  691,  486,  542,  534,  879,  717,  442,  850,  506,  754,  346,   79,  480,  760,  608,  472,  624,  303,  417,  528,  423,  663,  347,  545,  514,  857,  129,  136,  738,  457,  432,   92,  631,  863,  151,  674,  185,  121,  632,  643,  629,  714,  560,  607,  346,  465,  179,   78,  843,  556,  483,  226,  219,  500,  438,  664,  477,  135,  814,  357,  759,  497,  724,  325,  605,  483,  516,  817,  766,  557,  650,  306,  136,  690,  176,  596,   98,  389,  494,  297,  395,  406,  627,   77,  395,  526,  437,  795,  477,  661,  133,  334,  713,  559,  667,  550,  301,  298,  607,  832,  319,  784,  447,  600,  531],
        [  746,    0,  973,  338,  554,    0,  594,  715,  381,  455,  450,  869,  828,  839,  651,  239,  362,  697,  548,  603,  195,  823,  974,  702,  808,  285,  589,  758,  819,  307,  854,  244, 1009,  169,  264,  657,  475,  555,  390,  526,  921,  857,  430,  798,  913,  702,   69,  572,  499,  186,  995,  649,  247,  934,  605,  721,  445,  102,  307,  574,  868,  371,  977,  892,  191,  615,  741,  690,  652,  959,  398,  459,  431,  506,  508,  525,  900,  857,  195,  519,  764,  343,  922,  159,  382,  743,  620,  170,  757,  167,  880,   72,  303,  953,  190,  951,  444,  733,  326,  171, 1016,  630,  632,  423,  265,  865,  603,  385,  526,  486,  840,  516,  674,  235,  150,  410,  895,  251,  872,  539,  239,  732,  604,  484,  188,  847,  343,  476,  314,  980,  545,  247,  423,  740,  422,  315,  155,  207,  234,  665,   78,  379,  790,  587,  697,  167,  705,  506,  651,  487,  314,  618,  170,  412,  414,  615,  751,  154,  480,  939,  129,  351,  739,  459,  774,  687,  876,  771,  705,  577,  753,  488,  773,  303, 1010,  253,  610,  478,  664,  673],
        [  247,    0,  535,  292,  345,  594,    0,  130,  291,  362,  577,  282,  322,  310,  471,  357,  257,  439,  349,  223,  495,  337,  436,  377,  356,  663,  290,  449,  402,  489,  475,  657,  574,  637,  336,  143,  423,  382,  717,  335,  468,  264,  464,  206,  416,  236,  654,  549,  112,  531,  546,  215,  415,  493,  538,  446,  750,  667,  398,   43,  387,  545,  533,  300,  507,  272,  210,  514,  455,  568,  478,  626,  271,  569,   93,  432,  319,  267,  681,  682,  377,  289,  505,  462,  593,  180,  406,  619,  427,  548,  298,  647,  302,  489,  458,  469,  442,  167,  384,  460,  523,  467,  475,  547,  648,  297,  433,  439,  655,  463,  335,  166,  399,  533,  602,  422,  380,  447,  300,   58,  381,  428,  416,  652,  695,  256,  426,  161,  709,  526,  388,  383,  322,  494,  178,  645,  459,  677,  400,  271,  518,  321,  485,  495,  213,  599,  160,  459,  374,  190,  443,  289,  489,  746,  571,   50,  161,  578,  355,  496,  496,  672,  472,  229,  317,  384,  444,  371,  215,  376,  212,  108,  269,  462,  501,  475,  507,  187,  265,  188],
        [  266,    0,  537,  396,  448,  715,  130,    0,  420,  419,  637,  197,  316,  288,  473,  477,  387,  422,  377,  311,  600,  243,  312,  444,  375,  792,  384,  411,  430,  618,  507,  787,  572,  744,  462,  197,  473,  486,  845,  443,  470,  148,  585,  110,  399,  280,  777,  580,  218,  660,  446,  283,  545,  497,  560,  516,  876,  792,  490,  166,  386,  671,  437,  180,  636,  357,  117,  509,  543,  585,  546,  687,  396,  685,  207,  468,  239,  143,  810,  736,  322,  392,  420,  576,  667,  163,  498,  748,  385,  654,  219,  764,  430,  483,  567,  455,  500,  151,  473,  572,  410,  561,  568,  611,  778,  240,  529,  511,  705,  579,  231,  285,  476,  630,  710,  488,  267,  546,  171,  177,  493,  493,  512,  710,  824,  158,  554,  289,  839,  521,  418,  492,  446,  471,  294,  733,  574,  781,  529,  244,  641,  406,  442,  517,  157,  705,  176,  572,  365,  313,  530,  374,  618,  874,  695,  100,   95,  685,  471,  500,  610,  801,  445,  304,  242,  456,  459,  312,  153,  394,  109,  236,  277,  550,  385,  605,  524,  266,  238,  145],
        [  372,    0,  595,  262,  194,  381,  291,  420,    0,  432,  586,  524,  452,  467,  620,  207,   71,  623,  482,  224,  380,  612,  725,  331,  428,  376,  211,  659,  441,  199,  481,  376,  632,  490,  143,  297,  490,  211,  426,  166,  542,  538,  194,  470,  534,  325,  424,  631,  257,  259,  817,  272,  146,  555,  641,  364,  460,  425,  358,  255,  488,  257,  802,  576,  236,  235,  493,  667,  315,  587,  487,  625,   51,  310,  247,  526,  549,  548,  411,  691,  615,  263,  764,  313,  563,  390,  271,  349,  644,  416,  530,  448,  110,  573,  334,  571,  486,  384,  359,  321,  805,  306,  311,  552,  363,  505,  270,  448,  677,  218,  616,  152,  312,  439,  454,  450,  665,  367,  590,  259,  272,  368,  263,  654,  429,  514,  136,  132,  422,  601,  507,  285,   68,  679,  208,  566,  305,  535,  148,  498,  305,  340,  696,  603,  478,  460,  348,  225,  557,  120,  407,  240,  231,  456,  288,  333,  420,  436,  137,  560,  336,  382,  664,  326,  580,  319,  497,  614,  483,  518,  498,  197,  398,  417,  787,  192,  623,  307,  494,  450],
        [  606,    0,  893,  176,  600,  455,  362,  419,  432,    0,  219,  615,  683,  670,  206,  285,  362,  243,   96,  536,  270,  412,  576,  693,  711,  670,  578,  304,  751,  561,  817,  643,  931,  397,  335,  499,   64,  628,  762,  577,  826,  561,  617,  528,  777,  587,  523,  203,  260,  517,  553,  551,  447,  849,  209,  750,  811,  555,  148,  378,  747,  641,  534,  584,  499,  578,  378,  251,  727,  917,  130,  269,  458,  732,  284,   95,  656,  545,  626,  321,  322,  174,  475,  299,  253,  539,  678,  575,  304,  319,  636,  471,  340,  849,  266,  830,   82,  525,  129,  285,  588,  726,  732,  193,  649,  648,  688,  103,  293,  649,  437,  435,  697,  266,  373,   74,  490,  208,  520,  313,  236,  742,  677,  293,  628,  577,  532,  389,  714,  885,   92,  222,  498,  289,  245,  334,  305,  422,  412,  247,  410,   97,  336,  172,  317,  361,  521,  656,  199,  431,  155,  593,  465,  790,  684,  343,  500,  349,  564,  853,  327,  714,  285,  136,  356,  692,  798,  331,  326,  123,  394,  320,  629,  173,  590,  513,  192,  177,  250,  304],
        [  817,    0, 1101,  332,  773,  450,  577,  637,  586,  219,    0,  833,  896,  886,  283,  392,  521,  358,  277,  732,  266,  598,  762,  884,  918,  720,  764,  426,  955,  661, 1017,  683, 1140,  319,  457,  709,  166,  795,  822,  746, 1036,  777,  747,  746,  990,  794,  508,  147,  470,  581,  696,  754,  550, 1058,  191,  934,  876,  547,  229,  589,  959,  742,  677,  798,  569,  770,  588,  302,  899, 1120,  103,   51,  623,  856,  493,  189,  874,  759,  644,  109,  484,  332,  613,  335,   81,  755,  851,  609,  440,  284,  854,  431,  479, 1060,  297, 1042,  137,  741,  228,  320,  750,  891,  897,   35,  698,  866,  855,  144,   91,  789,  627,  627,  881,  216,  315,  156,  677,  237,  727,  525,  324,  931,  847,   76,  638,  794,  653,  578,  756, 1095,  241,  310,  653,  375,  437,  185,  345,  319,  515,  443,  441,  267,  445,  198,  524,  297,  735,  802,  352,  617,  182,  783,  534,  847,  788,  560,  718,  301,  723, 1062,  344,  777,  387,  348,  542,  879, 1004,  497,  533,  278,  604,  521,  841,  177,  760,  605,  215,  390,  447,  516],
        [  207,    0,  394,  573,  476,  869,  282,  197,  524,  615,  833,    0,  198,  158,  662,  635,  514,  603,  572,  338,  777,  371,  350,  407,  279,  895,  404,  581,  336,  713,  409,  899,  424,  919,  606,  230,  670,  511,  929,  484,  334,   91,  648,   88,  250,  251,  925,  775,  392,  782,  538,  289,  666,  362,  753,  476,  950,  935,  675,  296,  257,  749,  535,  112,  758,  369,  280,  694,  531,  459,  741,  883,  486,  728,  375,  664,   43,  124,  934,  933,  485,  570,  540,  743,  861,  136,  498,  872,  554,  830,   26,  925,  568,  335,  740,  301,  696,  141,  660,  741,  474,  558,  565,  807,  884,   73,  535,  704,  901,  625,  346,  373,  453,  813,  883,  683,  353,  727,  211,  340,  663,  446,  518,  906,  951,   45,  645,  401,  940,  372,  613,  665,  527,  647,  460,  921,  740,  959,  658,  430,  792,  594,  607,  711,  338,  880,  179,  611,  552,  405,  718,  381,  747,  956,  763,  279,  122,  859,  526,  363,  776,  890,  621,  494,  395,  427,  342,  472,  331,  589,  265,  382,  197,  738,  439,  716,  717,  455,  424,  334],
        [   85,    0,  222,  590,  338,  828,  322,  316,  452,  683,  896,  198,    0,   42,  779,  616,  469,  734,  666,  230,  780,  542,  546,  229,   82,  793,  271,  727,  138,  613,  211,  805,  258,  913,  569,  190,  745,  366,  807,  355,  155,  281,  522,  238,   95,  127,  875,  869,  427,  705,  726,  181,  596,  182,  856,  290,  819,  876,  703,  308,   70,  630,  721,  309,  684,  236,  428,  819,  358,  273,  796,  945,  404,  580,  404,  752,  185,  313,  852, 1003,  637,  588,  718,  731,  907,  155,  335,  794,  700,  828,  181,  893,  529,  170,  738,  147,  763,  169,  692,  733,  667,  389,  395,  866,  786,  129,  374,  756,  976,  486,  522,  315,  279,  828,  876,  741,  539,  743,  400,  372,  661,  259,  357,  971,  873,  231,  545,  359,  834,  208,  707,  667,  430,  785,  472,  948,  725,  957,  599,  557,  751,  635,  757,  812,  472,  878,  163,  469,  674,  342,  751,  242,  682,  832,  634,  349,  223,  855,  405,  184,  760,  774,  760,  549,  553,  252,  149,  626,  468,  691,  416,  384,   58,  769,  633,  631,  823,  507,  550,  457],
        [   97,    0,  251,  588,  367,  839,  310,  288,  467,  670,  886,  158,   42,    0,  757,  621,  478,  709,  648,  249,  782,  508,  506,  267,  124,  817,  298,  698,  180,  636,  252,  828,  285,  917,  578,  188,  731,  397,  835,  382,  185,  242,  550,  203,  112,  145,  889,  852,  418,  724,  689,  198,  612,  213,  837,  330,  849,  891,  699,  301,  104,  657,  684,  268,  702,  262,  397,  795,  395,  308,  787,  935,  421,  613,  396,  736,  143,  274,  872,  991,  607,  585,  683,  735,  900,  133,  370,  813,  672,  831,  139,  902,  538,  195,  740,  167,  751,  148,  687,  736,  628,  425,  432,  856,  809,   87,  409,  748,  963,  517,  486,  324,  317,  827,  881,  731,  502,  742,  361,  363,  663,  299,  392,  961,  892,  192,  568,  366,  859,  233,  689,  668,  450,  759,  469,  945,  730,  960,  613,  531,  762,  628,  728,  794,  444,  881,  152,  500,  651,  353,  747,  270,  698,  860,  663,  331,  194,  858,  431,  215,  766,  801,  733,  538,  522,  289,  186,  595,  440,  671,  385,  382,   71,  765,  594,  650,  803,  496,  525,  432],
        [  713,    0,  999,  377,  769,  651,  471,  473,  620,  206,  283,  662,  779,  757,    0,  490,  551,   80,  139,  680,  458,  350,  506,  840,  824,  876,  735,  146,  873,  763,  945,  848, 1037,  565,  537,  614,  177,  801,  968,  749,  932,  587,  811,  578,  868,  707,  718,  150,  400,  723,  415,  683,  650,  958,  110,  904, 1017,  752,  348,  502,  848,  843,  397,  598,  705,  728,  385,   48,  894, 1037,  265,  323,  638,  927,  422,  126,  704,  562,  828,  338,  220,  374,  332,  499,  356,  626,  844,  779,  163,  500,  686,  656,  538,  949,  463,  924,  210,  612,  331,  485,  475,  897,  904,  282,  855,  713,  860,  268,  301,  837,  382,  590,  853,  437,  548,  241,  423,  401,  507,  440,  441,  891,  847,  330,  829,  618,  730,  551,  919,  987,  117,  427,  683,   95,  417,  459,  506,  579,  616,  232,  612,  301,  162,   86,  325,  533,  621,  843,  110,  595,  338,  744,  671,  996,  885,  434,  567,  527,  745,  961,  524,  919,  105,  296,  298,  843,  912,  235,  331,  104,  402,  471,  732,  351,  489,  717,   74,  323,  238,  330],
        [  531,    0,  785,  120,  400,  239,  357,  477,  207,  285,  392,  635,  616,  621,  490,    0,  155,  517,  364,  403,  175,  597,  742,  532,  610,  390,  410,  569,  631,  279,  679,  366,  823,  298,   67,  434,  330,  416,  478,  372,  727,  619,  355,  562,  706,  493,  302,  462,  261,  237,  781,  442,  165,  744,  482,  570,  527,  321,  168,  340,  664,  361,  764,  654,  216,  428,  506,  536,  521,  786,  300,  426,  252,  465,  270,  375,  668,  619,  363,  494,  555,  124,  714,  115,  360,  514,  477,  305,  561,  216,  648,  291,   98,  757,  129,  749,  314,  504,  176,  119,  793,  509,  514,  358,  370,  637,  475,  266,  483,  398,  611,  303,  518,  233,  261,  276,  666,  163,  634,  302,   69,  573,  468,  456,  371,  612,  262,  257,  435,  788,  375,   83,  271,  568,  184,  360,  110,  342,  130,  446,  167,  190,  604,  450,  466,  264,  478,  411,  460,  280,  211,  436,  184,  507,  405,  377,  516,  240,  340,  748,  145,  430,  560,  239,  551,  522,  686,  559,  474,  398,  517,  253,  558,  217,  783,  229,  472,  249,  445,  441],
        [  385,    0,  631,  193,  253,  362,  257,  387,   71,  362,  521,  514,  469,  478,  551,  155,    0,  556,  413,  250,  329,  561,  684,  379,  457,  409,  256,  593,  477,  243,  525,  401,  669,  450,  101,  296,  421,  275,  471,  226,  574,  516,  261,  451,  557,  344,  414,  561,  201,  274,  762,  291,  159,  590,  571,  420,  510,  421,  293,  227,  513,  312,  747,  553,  250,  273,  448,  598,  379,  631,  420,  560,  103,  377,  196,  456,  543,  522,  425,  627,  554,  194,  706,  268,  501,  385,  332,  363,  580,  370,  523,  424,   61,  604,  284,  598,  417,  376,  293,  274,  756,  372,  377,  486,  393,  505,  335,  381,  611,  288,  567,  155,  367,  385,  413,  381,  618,  309,  556,  215,  215,  421,  326,  590,  440,  498,  191,  116,  456,  634,  438,  226,  137,  612,  143,  512,  262,  495,  145,  438,  284,  271,  631,  533,  426,  417,  345,  295,  491,  128,  343,  281,  235,  501,  348,  293,  402,  393,  205,  595,  295,  425,  597,  258,  525,  370,  532,  554,  431,  449,  455,  153,  413,  354,  740,  221,  553,  242,  434,  398],
        [  673,    0,  955,  399,  757,  697,  439,  422,  623,  243,  358,  603,  734,  709,   80,  517,  556,    0,  154,  656,  509,  274,  427,  814,  785,  906,  716,   69,  836,  781,  910,  881,  992,  626,  556,  579,  232,  791,  993,  739,  888,  524,  816,  521,  820,  672,  765,  229,  385,  753,  338,  653,  670,  914,  190,  881, 1040,  797,  391,  473,  804,  858,  320,  532,  732,  705,  324,   95,  879,  998,  328,  400,  634,  932,  405,  185,  645,  497,  867,  418,  142,  395,  256,  542,  428,  580,  829,  815,   84,  555,  628,  710,  552,  903,  508,  876,  269,  566,  372,  528,  396,  885,  892,  354,  886,  658,  848,  323,  381,  838,  306,  574,  832,  495,  606,  294,  345,  449,  437,  417,  475,  865,  834,  409,  870,  559,  741,  540,  950,  941,  153,  463,  683,   58,  415,  529,  547,  643,  638,  178,  652,  330,   95,  164,  267,  592,  580,  841,   68,  582,  390,  721,  700, 1022,  898,  397,  516,  584,  740,  917,  569,  945,   44,  298,  225,  819,  872,  157,  273,  121,  339,  457,  689,  405,  409,  739,  153,  317,  185,  278],
        [  595,    0,  883,  246,  632,  548,  349,  377,  482,   96,  277,  572,  666,  648,  139,  364,  413,  154,    0,  549,  365,  327,  492,  708,  704,  753,  601,  211,  750,  631,  820,  727,  921,  492,  405,  491,  114,  664,  841,  612,  816,  508,  673,  485,  758,  584,  617,  205,  267,  599,  458,  555,  519,  841,  190,  771,  888,  648,  243,  375,  734,  710,  439,  527,  579,  595,  313,  186,  758,  916,  210,  326,  500,  790,  290,   93,  615,  488,  715,  366,  228,  243,  380,  391,  328,  516,  708,  662,  210,  415,  595,  566,  403,  835,  360,  813,  151,  501,  223,  378,  496,  760,  767,  259,  732,  614,  723,  192,  333,  699,  354,  455,  719,  360,  468,  161,  406,  303,  451,  311,  322,  759,  710,  344,  718,  531,  595,  415,  797,  873,   42,  310,  545,  205,  279,  418,  397,  515,  486,  167,  500,  176,  244,  146,  250,  456,  505,  704,  104,  458,  250,  610,  547,  869,  750,  318,  466,  445,  607,  844,  420,  792,  197,  158,  271,  710,  793,  238,  258,   36,  330,  336,  615,  267,  499,  587,  159,  187,  171,  244],
        [  154,    0,  383,  404,  143,  603,  223,  311,  224,  536,  732,  338,  230,  249,  680,  403,  250,  656,  549,    0,  575,  548,  616,  160,  208,  570,   74,  671,  230,  388,  286,  579,  422,  699,  349,  120,  599,  180,  594,  147,  325,  379,  311,  311,  311,  105,  647,  736,  283,  476,  755,   53,  367,  341,  733,  225,  613,  647,  517,  185,  266,  414,  744,  417,  454,   50,  419,  725,  235,  390,  629,  777,  174,  392,  260,  620,  352,  400,  624,  840,  599,  403,  722,  517,  728,  206,  188,  565,  649,  618,  337,  669,  310,  355,  530,  350,  608,  205,  510,  522,  720,  251,  258,  699,  561,  301,  219,  588,  818,  288,  540,  106,  176,  628,  663,  579,  577,  546,  466,  241,  457,  211,  202,  805,  644,  342,  319,  155,  612,  385,  585,  466,  201,  713,  296,  753,  511,  744,  371,  493,  526,  466,  707,  691,  433,  666,  164,  276,  590,  124,  567,   67,  453,  620,  426,  271,  263,  642,  189,  346,  544,  557,  691,  403,  535,  163,  284,  593,  434,  580,  416,  216,  179,  583,  693,  402,  706,  365,  487,  409],
        [  696,    0,  958,  205,  574,  195,  495,  600,  380,  270,  266,  777,  780,  782,  458,  175,  329,  509,  365,  575,    0,  664,  823,  707,  780,  455,  585,  572,  804,  407,  854,  418,  996,  145,  238,  594,  282,  588,  557,  545,  898,  747,  507,  697,  872,  660,  261,  379,  386,  317,  820,  611,  303,  916,  411,  744,  611,  296,  126,  488,  832,  486,  802,  778,  307,  602,  600,  496,  692,  960,  204,  286,  427,  608,  403,  332,  813,  741,  383,  351,  589,  208,  744,   76,  210,  666,  650,  344,  574,   56,  792,  201,  273,  927,   47,  918,  250,  655,  147,   63,  850,  678,  682,  236,  433,  788,  645,  191,  350,  556,  685,  473,  692,   62,  112,  218,  740,   63,  739,  437,  120,  747,  640,  314,  380,  748,  411,  424,  491,  959,  357,  114,  442,  549,  318,  187,   86,  183,  272,  500,  175,  212,  603,  393,  548,  106,  634,  572,  468,  451,  121,  610,  272,  582,  532,  503,  656,   87,  511,  920,   78,  512,  550,  308,  611,  697,  859,  597,  556,  391,  614,  403,  723,  109,  848,  349,  416,  339,  500,  527],
        [  504,    0,  757,  486,  679,  823,  337,  243,  612,  412,  598,  371,  542,  508,  350,  597,  561,  274,  327,  548,  664,    0,  166,  686,  610,  964,  620,  230,  667,  803,  744,  950,  790,  802,  608,  438,  440,  717, 1032,  671,  693,  283,  796,  306,  614,  521,  891,  492,  360,  817,  209,  524,  711,  721,  457,  758, 1070,  915,  539,  379,  610,  868,  197,  278,  794,  596,  130,  367,  782,  814,  536,  646,  601,  904,  366,  410,  410,  251,  957,  676,  134,  481,  179,  667,  654,  399,  735,  897,  202,  718,  397,  856,  586,  700,  645,  668,  477,  388,  518,  658,  198,  798,  805,  584,  946,  438,  765,  513,  640,  799,   33,  503,  717,  672,  774,  484,   80,  602,  174,  354,  585,  735,  748,  660,  967,  327,  747,  491, 1011,  738,  358,  578,  653,  302,  429,  743,  669,  830,  687,  166,  759,  453,  247,  423,  136,  764,  417,  795,  251,  525,  561,  613,  769, 1061,  899,  288,  324,  749,  691,  723,  701,  985,  276,  364,   57,  698,  689,  118,  130,  321,  134,  415,  512,  580,  187,  778,  420,  349,  164,  163],
        [  532,    0,  741,  637,  757,  974,  436,  312,  725,  576,  762,  350,  546,  506,  506,  742,  684,  427,  492,  616,  823,  166,    0,  731,  624, 1092,  690,  372,  681,  922,  756, 1082,  769,  963,  744,  498,  605,  795, 1151,  754,  682,  265,  897,  320,  597,  563, 1041,  652,  490,  951,  204,  581,  840,  710,  615,  803, 1185, 1062,  698,  475,  607,  980,  206,  239,  927,  660,  238,  517,  842,  808,  701,  810,  706,  997,  490,  574,  377,  234, 1096,  838,  286,  632,  238,  821,  819,  430,  801, 1035,  348,  877,  372, 1011,  717,  682,  801,  647,  642,  424,  678,  812,  126,  864,  871,  749, 1076,  422,  834,  678,  801,  891,  139,  596,  770,  834,  934,  648,   87,  761,  153,  469,  737,  776,  816,  824, 1107,  315,  861,  596, 1139,  717,  523,  731,  756,  445,  565,  908,  822,  992,  819,  330,  907,  611,  379,  583,  278,  924,  462,  883,  413,  624,  723,  676,  905, 1180, 1006,  393,  358,  908,  783,  711,  855, 1106,  420,  518,  222,  747,  691,  272,  270,  485,  230,  532,  532,  743,   90,  904,  578,  496,  327,  302],
        [  202,    0,  276,  553,  151,  702,  377,  444,  331,  693,  884,  407,  229,  267,  840,  532,  379,  814,  708,  160,  707,  686,  731,    0,  158,  605,  123,  825,  134,  437,  152,  625,  310,  820,  472,  248,  757,  162,  601,  178,  237,  473,  325,  412,  267,  168,  736,  895,  442,  548,  888,  165,  456,  241,  893,   73,  606,  728,  664,  341,  219,  433,  879,  508,  530,  115,  558,  884,  129,  257,  781,  928,  282,  360,  419,  779,  405,  500,  682,  992,  750,  553,  863,  643,  875,  301,  113,  629,  802,  745,  396,  772,  435,  271,  661,  282,  764,  308,  659,  650,  844,  160,  167,  850,  602,  348,  150,  740,  972,  278,  673,  259,   51,  763,  784,  733,  704,  686,  579,  400,  593,   52,  136,  957,  704,  427,  376,  307,  641,  289,  744,  604,  280,  870,  451,  890,  635,  866,  471,  647,  629,  620,  860,  850,  581,  790,  272,  258,  748,  268,  714,  102,  538,  623,  427,  423,  374,  766,  227,  246,  666,  574,  848,  561,  680,   24,  187,  742,  581,  740,  552,  375,  211,  728,  814,  469,  865,  525,  641,  559],
        [  112,    0,  183,  600,  286,  808,  356,  375,  428,  711,  918,  279,   82,  124,  824,  610,  457,  785,  704,  208,  780,  610,  624,  158,    0,  747,  228,  783,   58,  571,  135,  763,  222,  906,  557,  214,  774,  308,  752,  308,  119,  359,  470,  310,  114,  125,  850,  904,  451,  672,  800,  170,  568,  140,  894,  212,  760,  848,  714,  333,   65,  578,  793,  389,  652,  196,  490,  866,  285,  214,  816,  966,  378,  516,  427,  786,  267,  390,  815, 1026,  697,  599,  788,  724,  922,  213,  268,  758,  757,  825,  263,  875,  517,  148,  736,  143,  788,  225,  705,  728,  744,  317,  323,  886,  742,  211,  307,  776, 1001,  428,  592,  308,  208,  831,  870,  763,  612,  748,  475,  399,  661,  180,  292,  993,  836,  309,  505,  356,  785,  180,  744,  669,  395,  838,  485,  955,  718,  951,  576,  609,  732,  653,  815,  850,  529,  873,  206,  409,  723,  330,  763,  197,  654,  775,  578,  391,  287,  849,  359,  144,  752,  722,  813,  575,  616,  181,   89,  687,  526,  731,  481,  398,   99,  780,  711,  595,  862,  535,  602,  511],
        [  722,    0,  877,  509,  462,  285,  663,  792,  376,  670,  720,  895,  793,  817,  876,  390,  409,  906,  753,  570,  455,  964, 1092,  605,  747,    0,  523,  958,  737,  183,  747,   45,  908,  453,  360,  666,  707,  443,  106,  440,  841,  913,  281,  845,  860,  673,  256,  826,  605,  154, 1159,  622,  253,  845,  853,  594,  161,  221,  533,  629,  811,  175, 1143,  952,  175,  558,  855,  920,  510,  841,  651,  736,  410,  293,  603,  756,  916,  923,  116,  799,  939,  513, 1096,  390,  659,  760,  498,  116,  950,  443,  899,  338,  379,  875,  429,  884,  684,  755,  548,  405, 1161,  480,  479,  690,   22,  869,  467,  628,  802,  332,  973,  525,  562,  507,  434,  646, 1025,  494,  963,  623,  436,  616,  476,  763,  138,  888,  252,  507,   48,  893,  762,  450,  371,  957,  535,  599,  381,  487,  278,  826,  280,  578,  994,  827,  829,  451,  717,  354,  849,  493,  559,  553,  206,  128,  195,  701,  795,  437,  390,  850,  377,   70,  949,  623,  924,  584,  791,  942,  835,  787,  863,  561,  747,  555, 1146,  188,  850,  624,  824,  802],
        [  207,    0,  385,  433,   72,  589,  290,  384,  211,  578,  764,  404,  271,  298,  735,  410,  256,  716,  601,   74,  585,  620,  690,  123,  228,  523,    0,  734,  232,  345,  270,  537,  421,  700,  350,  193,  641,  108,  537,   84,  335,  450,  253,  383,  340,  158,  627,  781,  335,  445,  827,  116,  344,  346,  781,  172,  553,  622,  542,  250,  291,  359,  816,  488,  425,   37,  490,  781,  165,  377,  661,  807,  161,  324,  314,  666,  415,  472,  587,  872,  666,  432,  793,  521,  753,  275,  117,  531,  713,  624,  401,  657,  313,  367,  539,  369,  647,  276,  538,  528,  793,  179,  186,  730,  516,  361,  146,  621,  852,  222,  613,  146,  120,  641,  664,  615,  650,  564,  539,  301,  471,  167,  129,  836,  608,  411,  278,  190,  563,  392,  634,  481,  169,  773,  334,  768,  514,  745,  355,  557,  514,  501,  771,  739,  502,  669,  235,  208,  649,  149,  592,   32,  429,  563,  366,  339,  336,  646,  134,  351,  546,  503,  753,  449,  605,  116,  288,  661,  504,  633,  488,  265,  229,  606,  767,  367,  756,  415,  551,  477],
        [  671,    0,  947,  449,  780,  758,  449,  411,  659,  304,  426,  581,  727,  698,  146,  569,  593,   69,  211,  671,  572,  230,  372,  825,  783,  958,  734,    0,  836,  825,  912,  934,  983,  692,  603,  583,  298,  815, 1042,  764,  881,  498,  852,  504,  809,  676,  827,  295,  411,  804,  270,  662,  717,  908,  253,  894, 1088,  858,  452,  487,  796,  901,  252,  500,  784,  720,  304,  146,  898,  995,  395,  467,  666,  968,  428,  252,  622,  468,  924,  483,   98,  446,  188,  601,  496,  573,  849,  870,   28,  620,  607,  773,  595,  893,  569,  864,  336,  560,  432,  588,  331,  907,  914,  423,  938,  641,  870,  389,  446,  870,  262,  595,  847,  561,  671,  359,  294,  511,  400,  435,  531,  876,  855,  475,  928,  536,  782,  565, 1003,  931,  217,  520,  715,   74,  451,  598,  607,  710,  686,  179,  710,  385,   38,  230,  255,  658,  578,  872,  109,  607,  454,  737,  752, 1071,  939,  403,  505,  649,  769,  910,  630,  994,   48,  340,  189,  832,  868,  113,  259,  182,  318,  482,  686,  470,  346,  786,  219,  352,  185,  272],
        [  166,    0,  155,  632,  279,  819,  402,  430,  441,  751,  955,  336,  138,  180,  873,  631,  477,  836,  750,  230,  804,  667,  681,  134,   58,  737,  232,  836,    0,  566,   78,  756,  193,  926,  575,  260,  815,  295,  734,  304,  105,  417,  458,  368,  141,  167,  858,  947,  492,  673,  858,  202,  575,  115,  939,  172,  739,  852,  745,  376,   97,  566,  851,  446,  655,  206,  546,  915,  253,  167,  853, 1002,  390,  491,  468,  829,  322,  448,  812, 1063,  751,  631,  845,  745,  955,  269,  245,  757,  811,  847,  319,  888,  537,  139,  759,  148,  827,  280,  737,  750,  802,  286,  291,  923,  733,  267,  282,  812, 1040,  411,  649,  335,  181,  857,  889,  801,  670,  776,  533,  441,  687,  141,  269, 1029,  834,  367,  503,  384,  774,  161,  789,  695,  399,  889,  519,  982,  738,  971,  586,  661,  744,  689,  869,  895,  582,  893,  258,  391,  773,  353,  795,  202,  660,  756,  560,  440,  344,  870,  354,  120,  771,  707,  865,  616,  672,  156,   57,  741,  580,  778,  537,  434,  156,  811,  769,  595,  908,  576,  654,  564],
        [  541,    0,  712,  386,  288,  307,  489,  618,  199,  561,  661,  713,  613,  636,  763,  279,  243,  781,  631,  388,  407,  803,  922,  437,  571,  183,  345,  825,  566,    0,  584,  193,  745,  463,  227,  484,  609,  276,  229,  264,  671,  733,  127,  665,  684,  491,  319,  741,  444,  124, 1005,  440,  115,  677,  761,  437,  267,  303,  445,  453,  635,   83,  990,  772,  116,  379,  689,  810,  360,  684,  575,  688,  229,  204,  438,  653,  734,  745,  246,  755,  794,  389,  948,  332,  615,  578,  337,  194,  814,  418,  717,  377,  230,  704,  368,  710,  593,  573,  454,  346,  999,  334,  335,  627,  174,  686,  312,  543,  750,  184,  809,  344,  399,  467,  433,  555,  859,  424,  788,  455,  342,  456,  317,  717,  268,  707,   69,  330,  227,  725,  647,  357,  188,  835,  381,  583,  322,  506,  150,  678,  255,  464,  862,  728,  669,  446,  535,  205,  719,  312,  483,  376,  143,  259,  128,  530,  614,  425,  213,  682,  335,  184,  823,  485,  768,  417,  622,  794,  674,  666,  695,  391,  565,  485,  982,   59,  750,  478,  675,  641],
        [  242,    0,  132,  690,  302,  854,  475,  507,  481,  817, 1017,  409,  211,  252,  945,  679,  525,  910,  820,  286,  854,  744,  756,  152,  135,  747,  270,  912,   78,  584,    0,  769,  162,  970,  620,  333,  881,  308,  733,  329,  118,  492,  467,  444,  189,  239,  887, 1015,  559,  698,  934,  267,  607,  108, 1009,  156,  731,  879,  802,  446,  157,  573,  928,  520,  681,  253,  623,  988,  242,  107,  914, 1063,  431,  482,  535,  898,  391,  523,  829, 1125,  828,  689,  922,  791, 1013,  346,  250,  778,  887,  894,  390,  924,  583,  148,  808,  173,  892,  357,  796,  797,  877,  275,  278,  984,  745,  338,  281,  874, 1103,  416,  726,  392,  186,  909,  934,  864,  747,  829,  609,  510,  738,  131,  272, 1091,  852,  442,  525,  441,  780,  152,  858,  747,  432,  964,  581, 1035,  784, 1015,  622,  736,  781,  751,  945,  965,  659,  939,  334,  394,  847,  406,  853,  244,  690,  753,  561,  514,  421,  915,  378,  113,  815,  710,  940,  682,  749,  169,   77,  818,  656,  849,  614,  498,  233,  868,  844,  619,  979,  643,  729,  640],
        [  732,    0,  899,  486,  479,  244,  657,  787,  376,  643,  683,  899,  805,  828,  848,  366,  401,  881,  727,  579,  418,  950, 1082,  625,  763,   45,  537,  934,  756,  193,  769,    0,  931,  410,  343,  670,  677,  463,  148,  456,  860,  912,  303,  845,  876,  683,  212,  792,  593,  133, 1142,  631,  243,  866,  821,  618,  203,  177,  503,  625,  827,  202, 1126,  950,  156,  571,  845,  891,  536,  866,  617,  697,  414,  328,  593,  726,  921,  921,   73,  759,  919,  490, 1077,  356,  620,  764,  520,   75,  927,  404,  903,  294,  366,  894,  395,  901,  652,  758,  519,  372, 1147,  507,  506,  653,   30,  875,  491,  595,  763,  357,  960,  526,  584,  469,  393,  615, 1013,  460,  957,  615,  407,  639,  499,  724,   97,  889,  261,  505,   74,  913,  734,  421,  378,  930,  521,  558,  348,  444,  264,  808,  244,  552,  970,  796,  815,  410,  721,  379,  825,  494,  525,  568,  184,  169,  229,  694,  794,  396,  405,  871,  341,  114,  924,  603,  908,  604,  811,  923,  822,  761,  853,  553,  757,  520, 1134,  184,  819,  606,  806,  789],
        [  327,    0,   39,  821,  460, 1009,  574,  572,  632,  931, 1140,  424,  258,  285, 1037,  823,  669,  992,  921,  422,  996,  790,  769,  310,  222,  908,  421,  983,  193,  745,  162,  931,    0, 1118,  767,  433,  994,  469,  892,  487,  106,  514,  629,  486,  177,  347, 1045, 1122,  672,  857,  962,  389,  764,   83, 1111,  316,  889, 1038,  934,  554,  189,  734,  958,  532,  840,  398,  682, 1076,  401,   84, 1038, 1187,  581,  641,  648, 1005,  393,  548,  990, 1247,  892,  819,  963,  937, 1143,  413,  411,  938,  957, 1039,  400, 1078,  729,   91,  951,  123, 1009,  426,  926,  942,  894,  434,  437, 1108,  907,  354,  442,  997, 1222,  577,  767,  525,  347, 1049, 1082,  984,  777,  967,  634,  619,  878,  292,  433, 1214, 1013,  466,  685,  575,  941,   53,  961,  887,  587, 1042,  706, 1173,  930, 1163,  776,  814,  935,  875, 1013, 1067,  729, 1086,  417,  555,  932,  545,  984,  392,  847,  912,  722,  605,  478, 1062,  537,   78,  963,  871, 1017,  796,  806,  329,  138,  880,  724,  947,  670,  619,  306, 1000,  858,  779, 1078,  755,  808,  715],
