{
    "name": "random-87-9376",
    "comment": "size=87 seed=9376",
    "nodes": ["+0", "-0", "+1", "-1", "+2", "-2", "+3", "-3", "+4", "-4", "+5", "-5", "+6", "-6", "+7", "-7", "+8", "-8", "+9", "-9", "+10", "-10", "+11", "-11", "+12", "-12", "+13", "-13", "+14", "-14", "+15", "-15", "+16", "-16", "+17", "-17", "+18", "-18", "+19", "-19", "+20", "-20", "+21", "-21", "+22", "-22", "+23", "-23", "+24", "-24", "+25", "-25", "+26", "-26", "+27", "-27", "+28", "-28", "+29", "-29", "+30", "-30", "+31", "-31", "+32", "-32", "+33", "-33", "+34", "-34", "+35", "-35", "+36", "-36", "+37", "-37", "+38", "-38", "+39", "-39", "+40", "-40", "+41", "-41", "+42", "-42", "+43", "-43", "+44", "-44", "+45", "-45", "+46", "-46", "+47", "-47", "+48", "-48", "+49", "-49", "+50", "-50", "+51", "-51", "+52", "-52", "+53", "-53", "+54", "-54", "+55", "-55", "+56", "-56", "+57", "-57", "+58", "-58", "+59", "-59", "+60", "-60", "+61", "-61", "+62", "-62", "+63", "-63", "+64", "-64", "+65", "-65", "+66", "-66", "+67", "-67", "+68", "-68", "+69", "-69", "+70", "-70", "+71", "-71", "+72", "-72", "+73", "-73", "+74", "-74", "+75", "-75", "+76", "-76", "+77", "-77", "+78", "-78", "+79", "-79", "+80", "-80", "+81", "-81", "+82", "-82", "+83", "-83", "+84", "-84", "+85", "-85", "+86", "-86", "+87", "-87"],
    "precedence": {
        "+0": "-0",
        "+1": "-1",
        "+2": "-2",
        "+3": "-3",
        "+4": "-4",
        "+5": "-5",
        "+6": "-6",
        "+7": "-7",
        "+8": "-8",
        "+9": "-9",
        "+10": "-10",
        "+11": "-11",
        "+12": "-12",
        "+13": "-13",
        "+14": "-14",
        "+15": "-15",
        "+16": "-16",
        "+17": "-17",
        "+18": "-18",
        "+19": "-19",
        "+20": "-20",
        "+21": "-21",
        "+22": "-22",
        "+23": "-23",
        "+24": "-24",
        "+25": "-25",
        "+26": "-26",
        "+27": "-27",
        "+28": "-28",
        "+29": "-29",
        "+30": "-30",
        "+31": "-31",
        "+32": "-32",
        "+33": "-33",
        "+34": "-34",
        "+35": "-35",
        "+36": "-36",
        "+37": "-37",
        "+38": "-38",
        "+39": "-39",
        "+40": "-40",
        "+41": "-41",
        "+42": "-42",
        "+43": "-43",
        "+44": "-44",
        "+45": "-45",
        "+46": "-46",
        "+47": "-47",
        "+48": "-48",
        "+49": "-49",
        "+50": "-50",
        "+51": "-51",
        "+52": "-52",
        "+53": "-53",
        "+54": "-54",
        "+55": "-55",
        "+56": "-56",
        "+57": "-57",
        "+58": "-58",
        "+59": "-59",
        "+60": "-60",
        "+61": "-61",
        "+62": "-62",
        "+63": "-63",
        "+64": "-64",
        "+65": "-65",
        "+66": "-66",
        "+67": "-67",
        "+68": "-68",
        "+69": "-69",
        "+70": "-70",
        "+71": "-71",
        "+72": "-72",
        "+73": "-73",
        "+74": "-74",
        "+75": "-75",
        "+76": "-76",
        "+77": "-77",
        "+78": "-78",
        "+79": "-79",
        "+80": "-80",
        "+81": "-81",
        "+82": "-82",
        "+83": "-83",
        "+84": "-84",
        "+85": "-85",
        "+86": "-86",
        "+87": "-87"
    },
    "edges": [
        [    0,    0,  542,  238,  137,  725,  742,  918,  537,  789,  388,  750,  537,  129,  303,  767,  607,  708,  489,  153,  468,  312,  364,  574,  563,  475,  460,  700,  399,  265,  790,  513,  403,  540,  152,  953,  837,  869,  887,  538,  874,  394,  408,  503,  247,  814,  629,  545,  424,  445,   12,  474,  592,  586,  401,  813,  183,  316,  403,  596,  929,  839,  757,  697,  584,  806,  600,  241,  310,  529,  630,  421,  510,  355,  355,  434,  214,  382,  804,  772,  784,  315,  271,  804,  153,  815,  827,   13,  370,  577,  572,  755,  764,  848,  414,  681,   95,  202,  751,  347,  373,  366,  111,  406,  632,  299,  696,  503,  918,  830,  109,  432,  681,  337,   89,  152,  309,  803,  481,  505,  850,  276,  125,  301,  815,  361,  389,  601,  285,  551,  151,  847,  744,  546,  271,  422,  646,  440,  119,  827,  620,  618,  854,  306,  790,  841,  183,  653,  351,  653,  977,  823,  425,  138,  689,  977,  576,  355,  762,  167,  171,  176,  269,  384,  256,  547,  882,  310,  280,  670,  445,  466,  512,  396,  811,  573],
        [    0,    0,    0,    0,    0,    0,    0,    0,    0,    0,    0,    0,    0,    0,    0,    0,    0,    0,    0,    0,    0,    0,    0,    0,    0,    0,    0,    0,    0,    0,    0,    0,    0,    0,    0,    0,    0,    0,    0,    0,    0,    0,    0,    0,    0,    0,    0,    0,    0,    0,    0,    0,    0,    0,    0,    0,    0,    0,    0,    0,    0,    0,    0,    0,    0,    0,    0,    0,    0,    0,    0,    0,    0,    0,    0,    0,    0,    0,    0,    0,    0,    0,    0,    0,    0,    0,    0,    0,    0,    0,    0,    0,    0,    0,    0,    0,    0,    0,    0,    0,    0,    0,    0,    0,    0,    0,    0,    0,    0,    0,    0,    0,    0,    0,    0,    0,    0,    0,    0,    0,    0,    0,    0,    0,    0,    0,    0,    0,    0,    0,    0,    0,    0,    0,    0,    0,    0,    0,    0,    0,    0,    0,    0,    0,    0,    0,    0,    0,    0,    0,    0,    0,    0,    0,    0,    0,    0,    0,    0,    0,    0,    0,    0,    0,    0,    0,    0,    0,    0,    0,    0,    0,    0,    0,    0,    0],
        [  542,    0,    0,  779,  678,  650,  840,  505,  894,  667,  365,  383,    6,  430,  402,  781,  153,  533,  212,  497,  785,  575,  447,  773,  755,  882,  871,  915,  272,  665,  601,  221,  514,  846,  442, 1080,  720,  906,  539,   86,  511,  168,  143,   42,  775,  802,  477,  854,  261,  908,  542,  166,  787,  795,  513,  490,  554,  282,  290,  606,  576,  892,  909,  672,   46,  529,  772,  756,  840,  445,  449,  894,  109,  215,  896,  899,  330,  687,  995,  624,  832,  856,  530, 1004,  618,  915,  726,  530,  801,   77,  490,  708,  765,  756,  951,  439,  542,  561,  615,  610,  171,  344,  455,  935,  480,  317,  738,   56,  620,  442,  620,  401,  514,  519,  458,  533,  272,  858,  829,  535,  484,  437,  523,  355,  890,  811,  927,   68,  827,  164,  405,  949,  381,  862,  524,  523,  641,  262,  459,  592,  351,   84,  938,  276,  825,  396,  505,  845,  208,  944,  579,  602,  781,  679,  926,  626,  475,  218,  586,  663,  375,  367,  592,  629,  773,  138,  935,  236,  270,  562,  273,   82,  534,  328,  952,  184],
        [  238,    0,  779,    0,  102,  863,  810, 1131,  491,  935,  582,  961,  774,  356,  493,  867,  838,  879,  711,  329,  472,  418,  532,  623,  619,  403,  389,  715,  615,  297,  956,  738,  544,  532,  362,  982,  977,  948, 1087,  772, 1077,  628,  645,  740,   88,  919,  804,  533,  645,  321,  238,  702,  639,  626,  543, 1011,  309,  540,  620,  725, 1127,  914,  796,  821,  821,  993,  658,  125,  111,  703,  813,  292,  745,  589,  121,  311,  450,  426,  818,  928,  868,   80,  405,  812,  221,  872,  962,  250,  309,  814,  737,  879,  870,  978,  185,  871,  261,  320,  906,  436,  610,  567,  333,  193,  806,  517,  795,  739, 1103, 1040,  180,  614,  853,  474,  324,  310,  537,  882,  458,  647, 1055,  463,  293,  512,  884,  283,  160,  838,   48,  779,  383,  899,  954,  529,  408,  561,  771,  655,  338, 1002,  823,  855,  914,  536,  878, 1061,  344,  690,  587,  631, 1184,  995,  413,  100,  693, 1173,  746,  586,  928,  175,  406,  413,  363,  466,  125,  778,  953,  546,  514,  826,  658,  702,  655,  600,  848,  799],
        [  137,    0,  678,  102,    0,  792,  765, 1035,  490,  861,  490,  866,  673,  256,  402,  810,  738,  797,  612,  236,  447,  351,  448,  583,  576,  411,  396,  691,  518,  250,  875,  644,  468,  514,  264,  955,  906,  900,  996,  671,  985,  527,  544,  639,  124,  860,  720,  517,  552,  353,  138,  602,  601,  590,  467,  920,  229,  441,  529,  656, 1036,  867,  763,  755,  720,  906,  615,  134,  181,  619,  726,  326,  646,  490,  219,  342,  349,  382,  795,  851,  817,  179,  328,  792,  149,  832,  893,  149,  307,  714,  655,  813,  811,  911,  279,  782,  166,  243,  829,  376,  509,  474,  233,  276,  722,  418,  738,  638, 1017,  946,   93,  526,  770,  398,  224,  232,  436,  834,  445,  573,  962,  381,  200,  423,  839,  288,  254,  737,  150,  679,  285,  861,  859,  515,  330,  486,  704,  558,  243,  919,  730,  754,  873,  439,  826,  964,  257,  656,  488,  622, 1090,  913,  393,    2,  673, 1083,  663,  485,  847,  118,  305,  312,  297,  410,  145,  677,  908,  445,  413,  749,  562,  601,  581,  506,  816,  699],
        [  725,    0,  650,  863,  792,    0,  261,  491,  581,   77,  374,  389,  646,  622,  434,  153,  530,  144,  444,  574,  491,  446,  364,  346,  334,  641,  641,  422,  435,  575,  150,  841,  325,  496,  582,  467,  115,  268,  384,  566,  400,  560,  668,  653,  796,  156,  175,  504,  825,  739,  734,  494,  344,  364,  327,  331,  564,  506,  837,  139,  406,  263,  354,   64,  646,  266,  314,  756,  838,  227,  206,  747,  738,  710,  926,  737,  626,  466,  448,   97,  213,  901,  465,  463,  646,  313,  103,  716,  642,  726,  175,   60,  132,  126,  944,  244,  640,  549,   80,  431,  642,  405,  627,  896,  171,  492,  155,  604,  330,  425,  699,  319,  150,  395,  710,  844,  527,  237,  542,  221,  398,  870,  605,  818,  275,  671,  928,  637,  898,  491,  716,  341,  383,  515,  463,  307,   99,  416,  755,  216,  313,  708,  320,  734,  199,  515,  545,  361,  691,  523,  495,  198,  538,  793,  452,  428,  184,  538,  132,  688,  630,  663,  501,  406,  766,  515,  301,  600,  589,   89,  403,  607,  214,  391,  374,  476],
        [  742,    0,  840,  810,  765,  261,    0,  751,  403,  316,  497,  641,  835,  675,  516,  123,  746,  399,  630,  596,  353,  431,  441,  189,  192,  486,  492,  180,  583,  517,  408,  999,  373,  321,  629,  242,  313,  140,  643,  762,  660,  714,  820,  833,  728,  165,  402,  326,  962,  598,  753,  675,  174,  191,  375,  591,  561,  627,  966,  236,  664,  105,   94,  203,  846,  527,  153,  688,  753,  398,  436,  614,  911,  843,  841,  599,  717,  385,  188,  353,   78,  825,  474,  203,  620,   79,  290,  737,  528,  916,  359,  214,  144,  281,  839,  491,  648,  542,  339,  396,  786,  527,  669,  786,  399,  601,  113,  788,  582,  684,  680,  448,  398,  420,  758,  885,  648,   79,  389,  311,  658,  952,  618,  920,   75,  559,  830,  843,  833,  695,  785,  113,  635,  336,  476,  356,  210,  582,  809,  472,  542,  910,  114,  850,   95,  771,  564,  144,  825,  301,  753,  454,  412,  766,  216,  682,  377,  678,  392,  649,  704,  742,  476,  360,  693,  717,  144,  725,  703,  327,  569,  781,  310,  529,  118,  687],
        [  918,    0,  505, 1131, 1035,  491,  751,    0, 1017,  445,  552,  170,  506,  790,  640,  639,  359,  358,  433,  803,  910,  768,  618,  804,  788, 1052, 1047,  906,  520,  903,  348,  722,  640,  939,  772,  943,  473,  734,  116,  443,   93,  557,  620,  537, 1092,  623,  389,  948,  764, 1126,  923,  461,  808,  825,  641,  162,  831,  603,  792,  565,  120,  740,  844,  551,  468,  226,  780, 1060, 1150,  467,  362, 1124,  612,  693, 1228, 1121,  726,  845,  939,  402,  699, 1193,  753,  953,  919,  800,  492,  906, 1015,  551,  464,  542,  617,  516, 1267,  294,  871,  826,  414,  779,  624,  564,  809, 1232,  390,  620,  643,  498,  213,   91,  951,  531,  368,  697,  858,  971,  614,  720,  964,  572,   96,  915,  838,  837,  759, 1038, 1246,  447, 1176,  389,  826,  825,  177,  959,  747,  633,  560,  479,  881,  288,  312,  502,  800,  747,  683,  114,  790,  839,  678,  993,   76,  308,  939, 1037,  933,  151,  445,  579,  361,  969,  758,  773,  814,  773, 1074,  405,  769,  643,  659,  436,  474,  530,  564,  531,  864,  364],
        [  537,    0,  894,  491,  490,  581,  403, 1017,    0,  655,  543,  865,  888,  544,  492,  505,  866,  673,  720,  447,  113,  320,  457,  237,  248,   96,  107,  251,  630,  275,  721,  973,  402,   86,  505,  512,  675,  537,  930,  840,  936,  730,  811,  869,  404,  556,  628,   79,  903,  207,  547,  745,  243,  223,  402,  861,  386,  616,  893,  462,  962,  502,  351,  519,  919,  813,  273,  370,  403,  557,  655,  230,  921,  797,  482,  212,  633,  207,  342,  674,  478,  478,  369,  334,  384,  440,  654,  539,  185,  959,  554,  564,  518,  656,  464,  724,  455,  370,  653,  285,  770,  556,  524,  408,  628,  581,  447,  840,  901,  932,  437,  528,  656,  377,  597,  687,  630,  481,   66,  447,  924,  806,  444,  810,  466,  209,  460,  926,  499,  801,  649,  457,  858,   68,  374,  401,  485,  654,  644,  784,  728,  976,  480,  775,  494,  995,  423,  259,  784,  143, 1043,  770,  120,  490,  221,  994,  573,  681,  696,  383,  597,  631,  315,  270,  367,  815,  530,  693,  658,  596,  647,  815,  454,  580,  395,  806],
        [  789,    0,  667,  935,  861,   77,  316,  445,  655,    0,  424,  366,  663,  682,  493,  197,  536,  135,  468,  639,  567,  517,  425,  420,  408,  717,  717,  486,  474,  648,   98,  867,  393,  570,  643,  499,   56,  292,  333,  581,  353,  593,  699,  674,  869,  178,  196,  578,  860,  815,  798,  519,  417,  437,  395,  290,  633,  552,  874,  214,  349,  296,  410,  137,  657,  222,  387,  830,  912,  273,  220,  823,  761,  747, 1000,  813,  677,  542,  502,   48,  256,  974,  534,  518,  716,  357,   60,  780,  718,  741,  223,  103,  175,   90, 1019,  236,  707,  619,   52,  505,  677,  455,  687,  971,  193,  542,  220,  624,  266,  389,  769,  371,  154,  464,  769,  903,  573,  277,  618,  289,  355,  919,  671,  863,  316,  747, 1003,  646,  971,  504,  770,  381,  361,  589,  532,  376,  175,  451,  812,  159,  318,  717,  356,  776,  240,  484,  611,  429,  729,  593,  439,  140,  614,  863,  518,  366,  226,  577,   93,  760,  684,  716,  573,  481,  840,  529,  326,  642,  634,  124,  438,  632,  281,  437,  423,  486],
        [  388,    0,  365,  582,  490,  374,  497,  552,  543,  424,    0,  383,  359,  267,   90,  466,  324,  325,  178,  255,  431,  236,   87,  409,  391,  546,  538,  552,   94,  360,  408,  503,  150,  486,  236,  738,  478,  588,  506,  301,  496,  219,  324,  349,  541,  500,  246,  495,  468,  598,  396,  205,  424,  431,  148,  430,  280,  136,  475,  277,  547,  567,  555,  368,  383,  419,  411,  508,  599,  152,  244,  591,  419,  350,  677,  591,  253,  340,  637,  399,  506,  642,  208,  644,  368,  575,  472,  377,  486,  437,  202,  419,  455,  498,  715,  294,  325,  275,  380,  262,  290,   32,  279,  682,  248,  119,  408,  310,  530,  462,  402,   56,  298,  169,  351,  484,  157,  530,  479,  188,  474,  497,  291,  446,  556,  503,  694,  387,  626,  259,  347,  609,  375,  504,  202,  159,  323,  112,  391,  440,  242,  444,  604,  365,  503,  495,  239,  483,  331,  581,  603,  438,  437,  492,  562,  593,  200,  182,  382,  418,  262,  292,  272,  274,  523,  272,  612,  233,  217,  301,  105,  294,  190,   38,  602,  267],
        [  750,    0,  383,  961,  866,  389,  641,  170,  865,  366,  383,    0,  382,  622,  471,  541,  230,  245,  270,  633,  756,  602,  451,  664,  647,  894,  888,  779,  351,  736,  274,  604,  478,  791,  603,  855,  409,  653,  159,  307,  134,  401,  477,  408,  923,  538,  248,  800,  632,  963,  755,  304,  671,  687,  478,  110,  662,  437,  656,  430,  198,  651,  731,  440,  355,  165,  645,  890,  981,  309,  216,  960,  491,  546, 1058,  958,  562,  685,  826,  318,  601, 1023,  585,  839,  749,  700,  423,  738,  852,  443,  315,  446,  520,  452, 1097,  153,  701,  657,  321,  616,  475,  394,  640, 1063,  250,  452,  530,  363,  238,   80,  781,  364,  244,  531,  692,  809,  449,  625,  809,  419,  108,  764,  669,  689,  663,  873, 1076,  337, 1006,  241,  663,  729,    8,  811,  579,  472,  436,  311,  718,  238,  144,  404,  708,  597,  588,  133,  620,  709,  531,  855,  228,  253,  781,  867,  803,  249,  296,  417,  273,  800,  592,  609,  647,  613,  905,  261,  686,  483,  497,  315,  305,  389,  413,  362,  758,  214],
        [  537,    0,    6,  774,  673,  646,  835,  506,  888,  663,  359,  382,    0,  424,  396,  777,  152,  530,  207,  491,  779,  569,  441,  767,  749,  876,  865,  910,  266,  659,  598,  222,  508,  840,  436, 1076,  717,  902,  538,   83,  511,  162,  138,   38,  770,  797,  473,  849,  260,  902,  537,  161,  782,  789,  507,  489,  548,  276,  289,  601,  576,  887,  904,  668,   50,  527,  767,  750,  834,  440,  445,  888,  109,  211,  890,  893,  325,  681,  990,  620,  827,  850,  524,  998,  612,  910,  722,  524,  795,   81,  486,  704,  761,  752,  946,  436,  536,  555,  612,  604,  166,  338,  450,  929,  477,  311,  733,   50,  618,  442,  614,  395,  510,  513,  453,  529,  266,  853,  823,  529,  484,  434,  517,  351,  885,  805,  921,   71,  822,  161,  400,  944,  380,  856,  518,  517,  636,  257,  454,  590,  348,   90,  934,  272,  821,  397,  499,  839,  204,  938,  580,  599,  775,  674,  921,  625,  471,  212,  583,  657,  370,  362,  586,  623,  767,  135,  931,  230,  264,  558,  268,   76,  528,  322,  947,  182],
        [  129,    0,  430,  356,  256,  622,  675,  790,  544,  682,  267,  622,  424,    0,  190,  683,  483,  592,  361,   97,  454,  258,  260,  526,  512,  501,  488,  664,  271,  274,  674,  441,  312,  527,   47,  901,  733,  794,  761,  417,  747,  273,  306,  393,  346,  726,  512,  533,  363,  500,  134,  347,  544,  542,  310,  687,  159,  188,  351,  501,  802,  765,  704,  602,  470,  682,  546,  327,  410,  415,  510,  481,  415,  268,  469,  490,  104,  356,  765,  661,  708,  430,  207,  767,  196,  752,  724,  117,  404,  474,  461,  658,  677,  747,  522,  557,  114,  175,  641,  299,  267,  243,   26,  505,  515,  171,  614,  386,  794,  702,  190,  315,  564,  256,   88,  222,  182,  729,  482,  407,  723,  281,  105,  268,  746,  406,  498,  485,  404,  425,  113,  785,  615,  537,  204,  331,  552,  312,  136,  707,  493,  510,  789,  235,  711,  712,  125,  608,  260,  640,  849,  705,  425,  257,  659,  851,  462,  230,  648,  236,   60,   88,  236,  334,  344,  422,  811,  195,  161,  560,  317,  350,  413,  271,  758,  445],
        [  303,    0,  402,  493,  402,  434,  516,  640,  492,  493,   90,  471,  396,  190,    0,  505,  391,  405,  246,  166,  384,  174,   77,  397,  380,  484,  473,  541,  147,  282,  487,  504,  143,  447,  152,  752,  544,  622,  595,  352,  585,  239,  330,  378,  453,  546,  326,  455,  453,  524,  312,  259,  414,  417,  141,  519,  192,  128,  454,  319,  636,  597,  561,  417,  429,  506,  407,  421,  512,  227,  328,  514,  436,  335,  588,  516,  203,  286,  634,  472,  537,  553,  133,  639,  279,  594,  536,  293,  413,  468,  272,  473,  497,  559,  628,  382,  236,  190,  452,  208,  290,   80,  197,  597,  329,   94,  440,  348,  617,  550,  313,  129,  378,  121,  277,  411,  145,  560,  427,  224,  563,  445,  202,  406,  581,  428,  607,  437,  537,  326,  283,  628,  464,  462,  127,  160,  369,  180,  321,  524,  331,  485,  627,  336,  538,  580,  150,  476,  319,  550,  692,  520,  380,  403,  546,  682,  274,  191,  460,  329,  198,  233,  198,  230,  436,  334,  642,  219,  191,  371,  179,  324,  229,  112,  611,  338],
        [  767,    0,  781,  867,  810,  153,  123,  639,  505,  197,  466,  541,  777,  683,  505,    0,  672,  296,  571,  616,  437,  462,  429,  272,  268,  581,  584,  301,  543,  570,  292,  959,  371,  420,  638,  316,  190,  126,  528,  699,  547,  673,  781,  780,  790,   54,  317,  426,  932,  688,  777,  619,  263,  283,  373,  480,  591,  601,  940,  190,  546,  113,  216,  110,  782,  414,  234,  750,  823,  340,  350,  702,  862,  814,  911,  689,  707,  445,  306,  238,   61,  892,  496,  322,  662,  162,  167,  760,  606,  858,  292,   98,   22,  159,  918,  395,  675,  573,  226,  435,  751,  498,  681,  866,  313,  580,   73,  732,  461,  576,  721,  412,  300,  431,  769,  901,  622,   84,  481,  283,  546,  949,  643,  907,  123,  637,  906,  775,  896,  627,  786,  189,  535,  437,  496,  352,  145,  532,  818,  355,  458,  845,  168,  830,   47,  667,  584,  254,  796,  418,  636,  336,  493,  811,  336,  561,  307,  643,  279,  697,  702,  738,  514,  402,  757,  651,  155,  699,  681,  233,  520,  730,  279,  492,  226,  615],
        [  607,    0,  153,  838,  738,  530,  746,  359,  866,  536,  324,  230,  152,  483,  391,  672,    0,  401,  147,  526,  753,  558,  410,  710,  691,  870,  860,  845,  245,  672,  462,  374,  467,  806,  479,  981,  588,  795,  386,   84,  359,  217,  262,  181,  819,  685,  357,  815,  407,  914,  610,  138,  722,  733,  466,  338,  572,  300,  434,  512,  424,  785,  824,  562,  128,  380,  702,  793,  882,  352,  325,  904,  261,  336,  948,  907,  398,  663,  915,  490,  727,  910,  523,  925,  650,  817,  595,  595,  803,  216,  388,  590,  654,  626,  997,  301,  584,  574,  485,  586,  271,  316,  506,  973,  361,  329,  638,  140,  467,  291,  665,  341,  385,  492,  534,  632,  302,  753,  802,  457,  332,  561,  558,  481,  787,  818,  974,  113,  886,   66,  491,  850,  229,  824,  517,  470,  539,  214,  547,  446,  219,  183,  836,  392,  718,  256,  524,  774,  323,  893,  432,  457,  761,  739,  862,  474,  370,  253,  450,  699,  438,  443,  588,  597,  809,   61,  826,  305,  330,  443,  220,  173,  454,  288,  862,   62],
        [  708,    0,  533,  879,  797,  144,  399,  358,  673,  135,  325,  245,  530,  592,  405,  296,  401,    0,  339,  564,  571,  472,  349,  450,  435,  719,  717,  548,  358,  609,   84,  737,  339,  591,  557,  611,  188,  409,  260,  448,  270,  469,  573,  542,  822,  295,   80,  600,  735,  806,  716,  389,  453,  471,  340,  196,  570,  442,  750,  212,  290,  407,  491,  197,  523,  141,  424,  784,  872,  179,   91,  809,  629,  625,  957,  802,  572,  523,  586,   91,  356,  927,  475,  600,  658,  456,  194,  698,  701,  607,  143,  202,  275,  225,  984,  103,  634,  559,   84,  470,  554,  353,  601,  941,   77,  438,  289,  492,  235,  286,  704,  277,   28,  407,  676,  808,  462,  380,  625,  245,  263,  809,  599,  748,  418,  727,  966,  512,  919,  370,  669,  484,  240,  611,  472,  325,  202,  330,  716,  124,  184,  583,  464,  659,  343,  373,  541,  482,  607,  637,  373,  117,  609,  798,  576,  323,  134,  458,   59,  705,  585,  614,  525,  454,  797,  396,  443,  526,  522,   79,  317,  502,  236,  330,  515,  352],
        [  489,    0,  212,  711,  612,  444,  630,  433,  720,  468,  178,  270,  207,  361,  246,  571,  147,  339,    0,  389,  608,  411,  264,  573,  555,  723,  714,  713,  101,  527,  415,  400,  323,  662,  349,  870,  523,  696,  421,  133,  402,  139,  236,  210,  684,  593,  274,  671,  397,  769,  493,   51,  586,  596,  322,  354,  431,  173,  416,  395,  463,  681,  700,  462,  218,  372,  569,  656,  746,  233,  250,  760,  295,  294,  817,  761,  293,  517,  788,  429,  621,  779,  377,  798,  513,  704,  525,  476,  657,  288,  279,  500,  555,  555,  863,  258,  452,  432,  417,  439,  221,  169,  381,  835,  277,  195,  527,  162,  478,  348,  534,  200,  316,  346,  425,  540,  182,  647,  656,  327,  376,  500,  423,  429,  679,  673,  840,  218,  758,   82,  394,  738,  265,  679,  371,  328,  430,   67,  449,  421,  171,  281,  727,  337,  614,  352,  384,  642,  276,  752,  497,  426,  614,  614,  726,  513,  265,  148,  396,  562,  326,  340,  442,  451,  672,   96,  725,  215,  228,  356,   74,  164,  325,  142,  743,   93],
        [  153,    0,  497,  329,  236,  574,  596,  803,  447,  639,  255,  633,  491,   97,  166,  616,  526,  564,  389,    0,  358,  169,  216,  438,  425,  408,  394,  572,  291,  180,  644,  533,  251,  430,   60,  816,  687,  721,  760,  470,  750,  332,  386,  464,  295,  662,  486,  437,  458,  415,  163,  388,  456,  452,  248,  684,   63,  227,  447,  444,  801,  691,  618,  545,  533,  670,  460,  268,  357,  386,  491,  398,  497,  358,  429,  406,  191,  260,  674,  624,  635,  392,  123,  676,  125,  671,  676,  145,  314,  549,  425,  603,  612,  696,  474,  547,   71,   78,  603,  209,  345,  239,   80,  448,  489,  197,  545,  449,  781,  713,  149,  291,  537,  185,  166,  289,  229,  655,  385,  353,  728,  373,   37,  365,  669,  319,  451,  546,  374,  463,  207,  704,  626,  440,  122,  270,  494,  330,  217,  685,  495,  579,  710,  329,  640,  736,   33,  519,  347,  544,  856,  680,  328,  238,  566,  847,  431,  284,  617,  174,  151,  184,  140,  245,  284,  466,  735,  268,  232,  521,  332,  416,  360,  272,  672,  480],
        [  468,    0,  785,  472,  447,  491,  353,  910,  113,  567,  431,  756,  779,  454,  384,  437,  753,  571,  608,  358,    0,  214,  345,  167,  170,  151,  151,  245,  519,  205,  625,  873,  289,   73,  412,  511,  592,  492,  826,  729,  830,  622,  707,  761,  386,  490,  522,   80,  807,  253,  479,  634,  179,  162,  290,  755,  300,  509,  800,  364,  859,  457,  326,  432,  809,  710,  205,  348,  404,  447,  548,  265,  816,  698,  490,  253,  536,  102,  349,  580,  421,  478,  265,  345,  320,  406,  573,  468,  176,  851,  447,  482,  447,  579,  487,  617,  378,  282,  558,  176,  666,  445,  437,  434,  522,  474,  372,  730,  802,  824,  378,  415,  553,  266,  516,  620,  524,  430,   55,  338,  817,  727,  362,  722,  424,  207,  479,  815,  490,  689,  564,  431,  748,   83,  271,  289,  393,  542,  566,  686,  617,  867,  448,  680,  435,  885,  330,  221,  684,  187,  938,  673,   61,  448,  227,  893,  465,  574,  599,  332,  504,  540,  220,  158,  349,  703,  492,  589,  556,  497,  535,  707,  346,  468,  377,  694],
        [  312,    0,  575,  418,  351,  446,  431,  768,  320,  517,  236,  602,  569,  258,  174,  462,  558,  472,  411,  169,  214,    0,  155,  270,  257,  312,  303,  406,  316,  139,  544,  660,  134,  282,  212,  647,  559,  559,  703,  525,  700,  410,  493,  550,  353,  512,  403,  290,  597,  363,  323,  431,  288,  285,  133,  628,  131,  297,  592,  308,  741,  528,  450,  405,  602,  598,  292,  315,  401,  307,  418,  359,  602,  486,  487,  357,  328,  114,  507,  513,  475,  459,   54,  509,  202,  505,  545,  307,  251,  640,  330,  464,  462,  562,  513,  484,  217,  113,  490,   42,  452,  243,  247,  472,  404,  262,  390,  521,  703,  678,  260,  240,  447,   72,  334,  456,  310,  493,  255,  232,  682,  538,  188,  522,  504,  272,  495,  610,  454,  493,  370,  537,  595,  295,   58,  147,  355,  345,  385,  595,  459,  657,  543,  471,  481,  723,  137,  351,  471,  391,  809,  586,  207,  352,  402,  782,  342,  361,  516,  243,  300,  337,   56,   77,  326,  504,  572,  376,  343,  413,  340,  496,  240,  271,  504,  502],
        [  364,    0,  447,  532,  448,  364,  441,  618,  457,  425,   87,  451,  441,  260,   77,  429,  410,  349,  264,  216,  345,  155,    0,  333,  315,  462,  454,  477,  176,  286,  429,  569,   72,  401,  219,  679,  475,  546,  560,  386,  554,  293,  392,  428,  482,  470,  273,  410,  524,  517,  373,  290,  348,  354,   70,  484,  224,  191,  526,  244,  600,  521,  490,  343,  467,  462,  339,  447,  536,  172,  281,  512,  493,  405,  618,  511,  279,  254,  566,  408,  461,  586,  136,  572,  312,  519,  466,  355,  405,  517,  209,  399,  422,  488,  652,  342,  286,  215,  388,  177,  354,  103,  264,  615,  275,  162,  364,  392,  572,  527,  356,   87,  323,   84,  347,  481,  210,  484,  393,  149,  535,  520,  251,  481,  506,  425,  632,  472,  574,  345,  358,  554,  443,  418,  131,   87,  294,  198,  394,  471,  307,  527,  552,  410,  462,  569,  192,  410,  388,  498,  663,  466,  352,  449,  484,  644,  216,  249,  401,  361,  273,  309,  197,  188,  460,  359,  567,  287,  263,  306,  191,  372,  155,  124,  539,  352],
        [  574,    0,  773,  623,  583,  346,  189,  804,  237,  420,  409,  664,  767,  526,  397,  272,  710,  450,  573,  438,  167,  270,  333,    0,   19,  309,  312,  145,  502,  334,  490,  900,  262,  152,  480,  380,  438,  328,  709,  704,  718,  624,  723,  757,  541,  325,  418,  159,  848,  417,  585,  610,   19,   24,  264,  643,  393,  522,  847,  239,  738,  293,  183,  283,  789,  590,   39,  501,  565,  368,  449,  431,  825,  732,  652,  418,  586,  201,  240,  440,  255,  637,  320,  244,  441,  250,  417,  571,  341,  846,  350,  327,  284,  420,  653,  515,  480,  373,  420,  230,  685,  433,  516,  599,  416,  490,  211,  718,  671,  723,  503,  374,  437,  282,  603,  722,  540,  265,  209,  255,  709,  807,  454,  786,  262,  371,  643,  790,  646,  650,  638,  278,  657,  170,  323,  251,  253,  513,  654,  555,  537,  850,  292,  727,  269,  797,  405,   82,  715,  192,  822,  539,  225,  584,  154,  767,  370,  581,  467,  466,  564,  602,  306,  193,  505,  668,  331,  615,  587,  372,  503,  702,  260,  446,  237,  648],
        [  563,    0,  755,  619,  576,  334,  192,  788,  248,  408,  391,  647,  749,  512,  380,  268,  691,  435,  555,  425,  170,  257,  315,   19,    0,  316,  318,  163,  484,  327,  477,  882,  244,  162,  466,  391,  429,  331,  694,  686,  702,  607,  706,  739,  537,  321,  401,  170,  832,  422,  574,  592,   34,   42,  246,  628,  381,  504,  831,  223,  723,  296,  194,  272,  770,  575,   40,  497,  563,  350,  432,  435,  807,  715,  651,  422,  570,  195,  256,  428,  255,  635,  306,  260,  433,  257,  408,  560,  341,  827,  332,  318,  278,  412,  654,  498,  469,  362,  407,  217,  668,  415,  502,  601,  400,  473,  204,  700,  657,  707,  494,  356,  421,  266,  590,  711,  523,  266,  215,  237,  693,  793,  442,  771,  266,  372,  643,  772,  643,  631,  624,  286,  640,  182,  309,  233,  240,  495,  641,  541,  519,  832,  298,  711,  267,  779,  393,   97,  698,  209,  807,  525,  226,  577,  172,  752,  352,  563,  453,  459,  549,  587,  295,  181,  502,  650,  335,  598,  570,  356,  485,  684,  242,  428,  248,  630],
        [  475,    0,  882,  403,  411,  641,  486, 1052,   96,  717,  546,  894,  876,  501,  484,  581,  870,  719,  723,  408,  151,  312,  462,  309,  316,    0,   15,  345,  628,  228,  775,  940,  418,  166,  467,  607,  742,  624,  973,  836,  975,  715,  786,  854,  316,  634,  667,  163,  864,  113,  484,  742,  319,  300,  418,  900,  345,  601,  851,  514, 1006,  588,  442,  582,  911,  858,  347,  285,  310,  586,  691,  135,  898,  764,  387,  117,  597,  210,  438,  731,  559,  385,  353,  429,  324,  529,  722,  479,  106,  942,  591,  631,  592,  727,  369,  760,  401,  332,  709,  285,  745,  555,  479,  313,  667,  566,  519,  829,  951,  965,  370,  541,  700,  378,  543,  620,  611,  565,  101,  482,  961,  749,  398,  761,  553,  123,  365,  920,  407,  804,  600,  548,  886,  154,  359,  422,  544,  656,  588,  836,  753,  965,  570,  736,  574, 1021,  388,  345,  753,  238, 1084,  823,  114,  411,  315, 1042,  608,  665,  749,  312,  558,  589,  291,  282,  280,  815,  618,  667,  632,  646,  651,  801,  490,  582,  487,  813],
        [  460,    0,  871,  389,  396,  641,  492, 1047,  107,  717,  538,  888,  865,  488,  473,  584,  860,  717,  714,  394,  151,  303,  454,  312,  318,   15,    0,  354,  618,  214,  774,  927,  411,  173,  454,  617,  743,  630,  969,  825,  971,  704,  774,  842,  302,  637,  663,  170,  850,  106,  470,  732,  323,  304,  412,  896,  332,  590,  837,  512, 1003,  594,  449,  583,  900,  854,  350,  271,  297,  581,  686,  125,  885,  751,  375,  109,  584,  204,  448,  730,  564,  372,  342,  440,  309,  536,  723,  464,   92,  931,  587,  633,  595,  729,  359,  755,  387,  319,  708,  277,  733,  545,  466,  303,  663,  555,  521,  818,  949,  959,  355,  534,  697,  370,  529,  606,  600,  570,  104,  478,  956,  735,  384,  747,  559,  109,  355,  909,  394,  795,  585,  556,  881,  161,  348,  416,  543,  647,  573,  834,  746,  954,  578,  722,  579, 1014,  375,  351,  740,  250, 1080,  821,  109,  396,  325, 1039,  604,  654,  747,  297,  545,  575,  280,  276,  266,  806,  625,  655,  619,  644,  642,  790,  486,  573,  496,  804],
        [  700,    0,  915,  715,  691,  422,  180,  906,  251,  486,  552,  779,  910,  664,  541,  301,  845,  548,  713,  572,  245,  406,  477,  145,  163,  345,  354,    0,  645,  445,  571, 1044,  406,  186,  618,  268,  489,  298,  803,  845,  816,  769,  868,  901,  629,  345,  532,  187,  992,  457,  711,  751,  129,  125,  408,  744,  522,  666,  990,  350,  827,  265,  104,  359,  929,  684,  144,  591,  641,  497,  565,  478,  969,  876,  724,  461,  728,  319,  105,  518,  257,  716,  458,  104,  558,  195,  466,  699,  412,  988,  471,  385,  320,  460,  712,  627,  607,  503,  501,  365,  830,  577,  651,  656,  530,  635,  268,  861,  750,  831,  618,  515,  541,  425,  737,  851,  685,  252,  261,  389,  811,  944,  584,  927,  228,  441,  707,  930,  731,  787,  776,  208,  772,  194,  462,  395,  346,  654,  788,  637,  661,  992,  233,  870,  275,  911,  541,   72,  859,  126,  915,  619,  303,  692,   37,  849,  491,  726,  552,  575,  705,  742,  435,  330,  592,  806,  285,  760,  731,  470,  644,  846,  392,  589,  144,  784],
        [  399,    0,  272,  615,  518,  435,  583,  520,  630,  474,   94,  351,  266,  271,  147,  543,  245,  358,  101,  291,  519,  316,  176,  502,  484,  628,  618,  645,    0,  427,  440,  418,  243,  577,  254,  825,  529,  667,  493,  211,  477,  131,  240,  256,  586,  572,  282,  586,  392,  670,  405,  116,  517,  524,  241,  420,  331,   90,  403,  356,  534,  647,  645,  439,  292,  424,  503,  557,  647,  208,  268,  660,  329,  276,  719,  662,  221,  425,  728,  441,  586,  682,  279,  736,  413,  660,  527,  387,  559,  344,  260,  485,  529,  555,  763,  300,  355,  332,  426,  347,  209,   75,  289,  735,  285,  101,  489,  217,  535,  431,  437,  136,  332,  254,  343,  467,  106,  611,  566,  273,  453,  452,  325,  391,  640,  574,  741,  297,  661,  180,  322,  695,  345,  594,  272,  252,  399,   41,  374,  460,  227,  351,  688,  303,  583,  447,  285,  576,  257,  673,  579,  462,  521,  519,  655,  584,  252,  104,  417,  463,  245,  267,  344,  362,  572,  188,  692,  169,  166,  353,   48,  201,  274,   57,  691,  193],
        [  265,    0,  665,  297,  250,  575,  517,  903,  275,  648,  360,  736,  659,  274,  282,  570,  672,  609,  527,  180,  205,  139,  286,  334,  327,  228,  214,  445,  427,    0,  680,  713,  272,  276,  240,  706,  687,  654,  841,  627,  837,  498,  562,  635,  223,  623,  541,  281,  637,  244,  276,  538,  351,  340,  271,  765,  118,  386,  624,  436,  879,  620,  513,  529,  698,  736,  366,  182,  265,  445,  556,  233,  674,  538,  352,  236,  370,  133,  549,  647,  573,  327,  153,  547,  115,  583,  671,  266,  137,  723,  468,  586,  574,  686,  375,  621,  180,  107,  624,  144,  521,  360,  253,  333,  542,  352,  499,  614,  841,  813,  174,  373,  585,  208,  322,  416,  394,  588,  217,  367,  818,  532,  171,  537,  591,  147,  358,  709,  327,  607,  375,  611,  728,  281,  159,  285,  480,  461,  370,  733,  592,  748,  624,  508,  582,  853,  163,  407,  526,  389,  946,  723,  160,  251,  430,  920,  480,  448,  652,  133,  331,  362,   89,  172,  192,  614,  660,  443,  408,  548,  459,  584,  376,  390,  567,  619],
        [  790,    0,  601,  956,  875,  150,  408,  348,  721,   98,  408,  274,  598,  674,  487,  292,  462,   84,  415,  644,  625,  544,  429,  490,  477,  775,  774,  571,  440,  680,    0,  810,  413,  638,  639,  596,  135,  389,  237,  516,  256,  548,  650,  613,  897,  276,  163,  646,  812,  867,  798,  465,  490,  509,  414,  193,  648,  525,  829,  262,  257,  393,  501,  214,  587,  125,  460,  858,  944,  261,  172,  872,  700,  705, 1031,  864,  655,  587,  595,   55,  352, 1002,  552,  610,  735,  453,  150,  780,  765,  673,  220,  195,  270,  178, 1055,  163,  715,  636,   71,  539,  632,  436,  684, 1010,  160,  521,  304,  563,  181,  292,  783,  360,  111,  483,  759,  891,  544,  373,  678,  314,  258,  892,  679,  830,  412,  792, 1038,  574,  995,  438,  752,  477,  270,  657,  548,  398,  237,  410,  799,   66,  251,  645,  453,  740,  336,  388,  620,  510,  686,  672,  346,   49,  667,  877,  602,  279,  214,  539,   29,  781,  668,  697,  599,  520,  870,  463,  423,  607,  605,  133,  398,  576,  305,  413,  517,  418],
        [  513,    0,  221,  738,  644,  841,  999,  722,  973,  867,  503,  604,  222,  441,  504,  959,  374,  737,  400,  533,  873,  660,  569,  900,  882,  940,  927, 1044,  418,  713,  810,    0,  641,  942,  473, 1241,  922, 1083,  760,  301,  732,  287,  180,  199,  760,  986,  672,  949,   96,  939,  509,  349,  916,  920,  639,  710,  595,  379,  126,  773,  797, 1064, 1056,  853,  254,  747,  907,  752,  822,  620,  648,  920,  113,  176,  859,  930,  343,  772, 1135,  827, 1003,  818,  608, 1141,  634, 1077,  924,  503,  845,  174,  670,  895,  945,  954,  922,  649,  551,  608,  816,  701,  216,  474,  465,  918,  676,  410,  906,  248,  840,  662,  614,  552,  715,  623,  426,  443,  360, 1029,  909,  689,  705,  304,  546,  232, 1057,  846,  896,  276,  784,  376,  363, 1112,  602,  955,  603,  654,  815,  427,  401,  807,  560,  228, 1105,  210,  999,  611,  553,  978,  190, 1050,  797,  815,  854,  645, 1049,  846,  658,  323,  793,  668,  383,  355,  658,  728,  768,  352, 1109,  287,  318,  754,  440,  236,  691,  471, 1104,  400],
        [  403,    0,  514,  544,  468,  325,  373,  640,  402,  393,  150,  478,  508,  312,  143,  371,  467,  339,  323,  251,  289,  134,   72,  262,  244,  418,  411,  406,  243,  272,  413,  641,    0,  340,  267,  609,  439,  484,  572,  450,  569,  363,  463,  497,  484,  415,  270,  349,  595,  486,  413,  354,  277,  283,    3,  497,  240,  262,  596,  194,  609,  457,  419,  295,  533,  465,  267,  446,  534,  175,  286,  484,  564,  476,  619,  481,  345,  208,  495,  384,  398,  590,  141,  501,  324,  451,  427,  395,  375,  586,  197,  353,  366,  447,  646,  353,  316,  226,  362,  139,  425,  172,  311,  604,  271,  233,  303,  459,  570,  551,  376,  127,  314,   71,  399,  531,  282,  420,  340,  105,  552,  582,  281,  548,  440,  399,  628,  536,  582,  403,  417,  485,  471,  358,  139,   20,  244,  259,  447,  463,  336,  593,  485,  479,  400,  603,  221,  338,  459,  431,  679,  454,  305,  470,  414,  650,  209,  320,  385,  369,  334,  371,  187,  136,  458,  418,  502,  358,  333,  283,  250,  442,  113,  188,  469,  407],
        [  540,    0,  846,  532,  514,  496,  321,  939,   86,  570,  486,  791,  840,  527,  447,  420,  806,  591,  662,  430,   73,  282,  401,  152,  162,  166,  173,  186,  577,  276,  638,  942,  340,    0,  484,  453,  590,  458,  850,  787,  856,  686,  773,  824,  445,  472,  550,   10,  878,  279,  551,  691,  158,  138,  341,  781,  373,  574,  871,  380,  881,  423,  278,  434,  868,  732,  188,  408,  455,  485,  579,  297,  882,  767,  539,  281,  607,  172,  287,  589,  395,  530,  334,  281,  391,  364,  568,  541,  226,  914,  477,  479,  433,  571,  528,  647,  451,  355,  568,  242,  733,  503,  510,  473,  550,  539,  362,  791,  817,  856,  449,  466,  576,  327,  589,  692,  589,  400,   76,  372,  845,  800,  434,  795,  388,  255,  522,  873,  546,  742,  636,  384,  784,   20,  339,  337,  401,  597,  639,  701,  656,  927,  406,  751,  410,  922,  402,  179,  753,  114,  963,  686,  121,  515,  162,  912,  496,  638,  613,  400,  576,  612,  292,  218,  408,  757,  453,  657,  624,  514,  589,  769,  379,  524,  326,  746],
