{
    "name": "random-89-1083",
    "comment": "size=89 seed=1083",
    "nodes": ["+0", "-0", "+1", "-1", "+2", "-2", "+3", "-3", "+4", "-4", "+5", "-5", "+6", "-6", "+7", "-7", "+8", "-8", "+9", "-9", "+10", "-10", "+11", "-11", "+12", "-12", "+13", "-13", "+14", "-14", "+15", "-15", "+16", "-16", "+17", "-17", "+18", "-18", "+19", "-19", "+20", "-20", "+21", "-21", "+22", "-22", "+23", "-23", "+24", "-24", "+25", "-25", "+26", "-26", "+27", "-27", "+28", "-28", "+29", "-29", "+30", "-30", "+31", "-31", "+32", "-32", "+33", "-33", "+34", "-34", "+35", "-35", "+36", "-36", "+37", "-37", "+38", "-38", "+39", "-39", "+40", "-40", "+41", "-41", "+42", "-42", "+43", "-43", "+44", "-44", "+45", "-45", "+46", "-46", "+47", "-47", "+48", "-48", "+49", "-49", "+50", "-50", "+51", "-51", "+52", "-52", "+53", "-53", "+54", "-54", "+55", "-55", "+56", "-56", "+57", "-57", "+58", "-58", "+59", "-59", "+60", "-60", "+61", "-61", "+62", "-62", "+63", "-63", "+64", "-64", "+65", "-65", "+66", "-66", "+67", "-67", "+68", "-68", "+69", "-69", "+70", "-70", "+71", "-71", "+72", "-72", "+73", "-73", "+74", "-74", "+75", "-75", "+76", "-76", "+77", "-77", "+78", "-78", "+79", "-79", "+80", "-80", "+81", "-81", "+82", "-82", "+83", "-83", "+84", "-84", "+85", "-85", "+86", "-86", "+87", "-87", "+88", "-88", "+89", "-89"],
    "precedence": {
        "+0": "-0",
        "+1": "-1",
        "+2": "-2",
        "+3": "-3",
        "+4": "-4",
        "+5": "-5",
        "+6": "-6",
        "+7": "-7",
        "+8": "-8",
        "+9": "-9",
        "+10": "-10",
        "+11": "-11",
        "+12": "-12",
        "+13": "-13",
        "+14": "-14",
        "+15": "-15",
        "+16": "-16",
        "+17": "-17",
        "+18": "-18",
        "+19": "-19",
        "+20": "-20",
        "+21": "-21",
        "+22": "-22",
        "+23": "-23",
        "+24": "-24",
        "+25": "-25",
        "+26": "-26",
        "+27": "-27",
        "+28": "-28",
        "+29": "-29",
        "+30": "-30",
        "+31": "-31",
        "+32": "-32",
        "+33": "-33",
        "+34": "-34",
        "+35": "-35",
        "+36": "-36",
        "+37": "-37",
        "+38": "-38",
        "+39": "-39",
        "+40": "-40",
        "+41": "-41",
        "+42": "-42",
        "+43": "-43",
        "+44": "-44",
        "+45": "-45",
        "+46": "-46",
        "+47": "-47",
        "+48": "-48",
        "+49": "-49",
        "+50": "-50",
        "+51": "-51",
        "+52": "-52",
        "+53": "-53",
        "+54": "-54",
        "+55": "-55",
        "+56": "-56",
        "+57": "-57",
        "+58": "-58",
        "+59": "-59",
        "+60": "-60",
        "+61": "-61",
        "+62": "-62",
        "+63": "-63",
        "+64": "-64",
        "+65": "-65",
        "+66": "-66",
        "+67": "-67",
        "+68": "-68",
        "+69": "-69",
        "+70": "-70",
        "+71": "-71",
        "+72": "-72",
        "+73": "-73",
        "+74": "-74",
        "+75": "-75",
        "+76": "-76",
        "+77": "-77",
        "+78": "-78",
        "+79": "-79",
        "+80": "-80",
        "+81": "-81",
        "+82": "-82",
        "+83": "-83",
        "+84": "-84",
        "+85": "-85",
        "+86": "-86",
        "+87": "-87",
        "+88": "-88",
        "+89": "-89"
    },
    "edges": [
        [    0,    0,  724,  498, 1160, 1201,  836, 1218,  728,  962,  560,  400,  211,  843,  408,  226,  671,  415,  973,  266,  633,  380,  960,  609,  923, 1085,  779,  624,  410,  647,  908,   89,  698,  405,  996, 1059,  706,  918,  248,  846,  368,  806,  330,  939,  766,  853, 1145,  797,  266,  968,  786,  907,  573,  722,  736,  815,  347,  805,  503,  451, 1083,  621, 1020,  486,  662,  957,   85,  753,  656,  134,  480,  623,  328, 1138,  982,  549,  112,  526,  651,  650,  168,  917,  788,  733,  853,  573, 1185,  401,  612,  943,  615,  215,  852,  359,  965,  359,  688,  354,  909,  951,  393,  781,  788,  517, 1154,  902,  687, 1114,  980,  387,  694,  867, 1015,  294,  863,  924,  313,  473,  953,  683,  780,  742,  682,  956,  583,  943,  512,  788,  269,  567,  485,  822,  950, 1168,  114,  729,  452,  783,  325,  679,  918,  930,  959,  256,  387,   77,  923, 1093,  579, 1050,  658,  808,  604,  862,  609,  897,  566,  204,   14,  805,  846,  543,  930,  837,  618,  288,  177,  477,  547,  960,  546,  450,  765,  611,  267, 1091,  729,  602,  433,  971],
        [    0,    0,    0,    0,    0,    0,    0,    0,    0,    0,    0,    0,    0,    0,    0,    0,    0,    0,    0,    0,    0,    0,    0,    0,    0,    0,    0,    0,    0,    0,    0,    0,    0,    0,    0,    0,    0,    0,    0,    0,    0,    0,    0,    0,    0,    0,    0,    0,    0,    0,    0,    0,    0,    0,    0,    0,    0,    0,    0,    0,    0,    0,    0,    0,    0,    0,    0,    0,    0,    0,    0,    0,    0,    0,    0,    0,    0,    0,    0,    0,    0,    0,    0,    0,    0,    0,    0,    0,    0,    0,    0,    0,    0,    0,    0,    0,    0,    0,    0,    0,    0,    0,    0,    0,    0,    0,    0,    0,    0,    0,    0,    0,    0,    0,    0,    0,    0,    0,    0,    0,    0,    0,    0,    0,    0,    0,    0,    0,    0,    0,    0,    0,    0,    0,    0,    0,    0,    0,    0,    0,    0,    0,    0,    0,    0,    0,    0,    0,    0,    0,    0,    0,    0,    0,    0,    0,    0,    0,    0,    0,    0,    0,    0,    0,    0,    0,    0,    0,    0,    0,    0,    0,    0,    0,    0,    0,    0,    0,    0,    0],
        [  724,    0,    0,  299,  480,  527,  457,  524,  137,  305,  200,  327,  516,  840,  499,  596,  242,  620,  514,  460,  132,  376,  420,  511,  282,  447,   56,  245,  476,  681,  222,  659,   72,  325,  426,  460,   97,  699,  523,  786,  385,  454,  403,  612,  162,  190,  478,  203,  471,  490,  231,  759,  452,   99,  103,  138,  592,  202,  345,  734,  382,  593,  540,  239,  713,  530,  797,  392,  141,  634,  739,  244,  412,  437,  345,  365,  616,  667,  729,  168,  630,  541,  198,  507,  187,  367,  489,  400,  519,  609,  412,  735,  156,  580,  796,  505,  130,  596,  654,  779,  533,  387,  108,  219,  477,  383,   65,  426,  415,  706,  363,  144,  347,  789,  145,  423,  435,  319,  704,  246,  640,   96,  308,  567,  695,  856,  326,  369,  629,  398,  730,  331,  821,  507,  712,  580,  736,  752,  557,  470,  428,  688,  701,  548,  368,  672,  263,  462,  302,  398,   66,  426,  216,  382,  132,  786,  179,  550,  728,  488,  230,  548,  233,  725,  110,  471,  577,  624,  195,  383,  751,  599,  702,  278,  726,  460,  293,  657,  636,  248],
        [  498,    0,  299,    0,  778,  826,  657,  822,  384,  599,  100,  197,  322,  925,  462,  457,  174,  574,  755,  251,  293,  289,  684,  583,  571,  741,  345,  126,  177,  729,  427,  458,  317,  138,  701,  745,  238,  859,  259,  889,  132,  641,  259,  808,  424,  368,  776,  467,  234,  735,  289,  896,  199,  355,  368,  340,  516,  470,   58,  683,  679,  652,  790,  156,  759,  759,  581,  286,  179,  452,  699,  126,  280,  733,  635,  110,  407,  664,  766,  165,  465,  750,  459,  330,  369,  130,  786,  109,  592,  808,  510,  586,  454,  511,  944,  209,  348,  523,  824,  927,  485,  583,  320,  108,  776,  635,  301,  725,  688,  633,  519,  421,  644,  660,  441,  672,  305,  317,  877,  427,  759,  273,  472,  784,  711,  977,  362,  307,  513,  470,  694,  329,  956,  804,  526,  693,  685,  839,  470,  273,  672,  856,  878,  272,  114,  431,  557,  755,   94,  693,  245,  623,  111,  618,  256,  911,  125,  383,  498,  664,  352,  579,  531,  843,  198,  339,  403,  607,  115,  658,  736,  574,  796,  118,  599,  753,  236,  691,  596,  523],
        [ 1160,    0,  480,  778,    0,   50,  480,   69,  434,  199,  679,  769,  951,  921,  828,  985,  689,  923,  392,  909,  531,  782,  292,  716,  239,  118,  436,  709,  955,  858,  454, 1082,  476,  787,  246,  189,  553,  686,  990,  851,  856,  506,  831,  555,  395,  497,   40,  365,  931,  367,  613,  771,  916,  445,  431,  486,  930,  357,  823, 1019,  111,  784,  368,  696,  884,  431, 1222,  799,  611, 1048, 1010,  708,  833,   78,  188,  836, 1049,  913,  908,  634, 1033,  488,  374,  930,  493,  833,   56,  878,  722,  548,  635, 1113,  326,  915,  775,  984,  474,  931,  636,  763,  862,  473,  488,  693,   13,  333,  490,   56,  259, 1019,  537,  376,  146, 1142,  341,  344,  849,  693,  662,  491,  724,  526,  517,  480,  911,  872,  665,  757,  995,  661,  998,  694,  820,   56, 1120,  697, 1021,  852,  913,  908,  357,  661,  653, 1019,  840, 1121,  238,  129,  772,  121,  538,  478,  688,  381,  562,  814,  657,  964, 1167,  540,  556,  791,  247,  781,  585,  879,  993,  896,  672,  254,  991,  887,  806,  742, 1086,  128,  711,  860,  929,  304],
        [ 1201,    0,  527,  826,   50,    0,  496,   69,  476,  240,  726,  811,  992,  930,  861, 1021,  738,  953,  396,  952,  574,  822,  307,  741,  278,  133,  484,  758, 1002,  877,  503, 1122,  521,  831,  260,  196,  602,  689, 1034,  859,  901,  524,  872,  558,  436,  546,   57,  404,  974,  374,  662,  775,  965,  488,  475,  535,  963,  397,  870, 1046,  160,  806,  368,  740,  902,  436, 1261,  848,  659, 1087, 1036,  757,  874,  122,  222,  885, 1089,  938,  926,  683, 1070,  496,  413,  979,  542,  882,   81,  924,  746,  551,  663, 1148,  372,  947,  776, 1030,  516,  963,  640,  765,  894,  496,  537,  739,   50,  354,  535,  105,  274, 1048,  565,  425,  187, 1174,  389,  360,  888,  732,  664,  527,  737,  575,  548,  483,  933,  874,  702,  806, 1029,  692, 1023,  743,  822,   44, 1158,  714, 1047,  864,  947,  957,  372,  664,  654, 1064,  886, 1163,  280,  137,  820,  153,  584,  498,  737,  402,  605,  819,  704, 1003, 1207,  556,  605,  817,  295,  790,  631,  918, 1032,  923,  719,  275, 1014,  915,  819,  790, 1119,  137,  760,  881,  958,  353],
        [  836,    0,  457,  657,  480,  496,    0,  548,  320,  337,  575,  527,  654,  452,  437,  620,  683,  495,  142,  644,  375,  484,  189,  264,  305,  365,  466,  670,  804,  382,  626,  748,  392,  579,  236,  303,  549,  252,  754,  384,  657,   33,  549,  156,  300,  623,  445,  269,  684,  145,  687,  325,  851,  359,  355,  576,  527,  275,  714,  570,  476,  316,  190,  508,  407,  122,  874,  842,  575,  704,  556,  668,  540,  510,  313,  758,  732,  455,  431,  602,  677,   94,  271,  945,  619,  770,  529,  712,  267,  155,  222,  722,  389,  512,  350,  807,  336,  524,  202,  335,  462,   75,  552,  549,  468,  150,  405,  464,  222,  586,  150,  500,  374,  727,  443,  137,  542,  394,  250,  232,  247,  552,  187,  130,  442,  428,  343,  824,  606,  269,  543,  788,  384,  453,  762,  218,  572,  376,  527,  899,  124,  236,  246,  793,  650,  823,  333,  359,  709,  364,  459,   34,  629,  108,  409,  362,  547,  634,  846,   61,  676,  346,  402,  315,  489,  556,  660,  452,  549,  228,  526,  454,  329,  697,  681,  360,  745,  390,  495,  536],
        [ 1218,    0,  524,  822,   69,   69,  548,    0,  490,  260,  723,  824, 1008,  988,  893, 1047,  721,  990,  457,  964,  587,  842,  360,  784,  301,  185,  477,  745,  998,  926,  472, 1142,  528,  838,  314,  254,  591,  751, 1041,  918,  905,  575,  888,  620,  453,  520,  104,  426,  983,  433,  637,  836,  949,  498,  484,  515,  996,  418,  863, 1086,  143,  852,  431,  748,  953,  496, 1281,  821,  650, 1108, 1078,  744,  891,   90,  254,  873, 1107,  981,  977,  672, 1094,  555,  435,  952,  516,  869,   36,  924,  790,  613,  702, 1177,  374,  980,  839, 1029,  530,  996,  701,  828,  927,  542,  521,  741,   80,  402,  541,  105,  327, 1086,  605,  409,  207, 1207,  382,  413,  908,  754,  727,  555,  792,  562,  583,  545,  980,  937,  728,  777, 1059,  727, 1066,  712,  885,  107, 1181,  765, 1088,  920,  977,  935,  425,  726,  717, 1069,  889, 1177,  297,  194,  809,  189,  585,  547,  727,  449,  615,  880,  703, 1024, 1224,  608,  576,  859,  294,  848,  632,  939, 1053,  963,  719,  322, 1059,  954,  874,  777, 1150,  193,  737,  929,  996,  324],
        [  728,    0,  137,  384,  434,  476,  320,  490,    0,  237,  288,  336,  519,  715,  432,  564,  369,  545,  385,  477,  101,  353,  302,  399,  201,  370,  153,  363,  554,  569,  329,  652,   75,  360,  318,  364,  230,  564,  562,  657,  433,  318,  398,  475,   42,  313,  421,   84,  500,  362,  368,  625,  561,   39,   37,  263,  532,   88,  437,  655,  357,  481,  414,  270,  601,  398,  792,  525,  263,  620,  655,  362,  402,  411,  264,  470,  617,  574,  619,  290,  608,  406,   76,  635,  310,  477,  458,  467,  407,  473,  299,  699,  138,  518,  661,  573,   41,  535,  518,  644,  467,  251,  237,  282,  428,  257,   90,  387,  305,  638,  234,  214,  289,  740,  174,  296,  418,  270,  568,  121,  511,  232,  181,  432,  594,  724,  255,  505,  585,  297,  645,  468,  687,  446,  695,  454,  657,  628,  505,  593,  299,  552,  565,  594,  420,  688,  196,  382,  412,  328,  149,  290,  327,  250,  135,  654,  260,  535,  734,  352,  361,  449,  208,  594,  190,  450,  564,  537,  270,  275,  658,  517,  578,  394,  680,  380,  427,  550,  558,  294],
        [  962,    0,  305,  599,  199,  240,  337,  260,  237,    0,  499,  572,  753,  788,  635,  787,  536,  735,  304,  713,  336,  584,  184,  540,   42,  143,  271,  547,  775,  694,  357,  884,  287,  594,  161,  166,  391,  577,  797,  721,  665,  357,  633,  454,  197,  381,  185,  167,  736,  275,  483,  656,  755,  252,  238,  352,  737,  158,  648,  835,  146,  614,  305,  503,  723,  336, 1023,  667,  444,  850,  829,  546,  635,  193,   48,  669,  851,  735,  745,  470,  834,  379,  175,  793,  376,  670,  230,  693,  547,  449,  451,  917,  152,  722,  674,  799,  277,  738,  525,  659,  669,  308,  343,  507,  192,  192,  302,  157,  160,  830,  356,  243,   54,  949,  189,  222,  650,  495,  564,  296,  582,  371,  327,  386,  740,  760,  468,  632,  799,  472,  817,  577,  713,  210,  922,  543,  837,  711,  717,  763,  234,  556,  556,  827,  651,  924,   43,  159,  606,   95,  355,  324,  519,  229,  368,  696,  475,  766,  969,  394,  442,  610,   97,  651,  402,  680,  795,  712,  488,  132,  816,  700,  662,  580,  891,  157,  572,  690,  742,  226],
        [  560,    0,  200,  100,  679,  726,  575,  723,  288,  499,    0,  197,  365,  879,  445,  480,  149,  565,  665,  298,  203,  280,  589,  535,  472,  641,  248,  112,  277,  692,  348,  508,  219,  161,  604,  646,  149,  791,  337,  837,  198,  562,  274,  729,  327,  293,  676,  370,  296,  645,  239,  834,  278,  258,  270,  257,  516,  373,  151,  678,  581,  609,  698,  116,  723,  672,  640,  301,   96,  494,  690,  110,  291,  635,  536,  185,  460,  642,  732,   94,  499,  668,  362,  379,  293,  195,  688,  202,  544,  729,  452,  617,  355,  508,  880,  306,  254,  522,  752,  863,  474,  501,  233,   55,  676,  542,  203,  626,  591,  635,  445,  327,  545,  684,  343,  580,  317,  277,  805,  344,  701,  185,  394,  700,  684,  920,  313,  305,  529,  417,  684,  306,  895,  705,  571,  635,  680,  791,  473,  328,  581,  785,  805,  356,  180,  500,  457,  655,  135,  593,  146,  542,   69,  528,  167,  853,   29,  415,  562,  588,  290,  543,  432,  786,  100,  354,  440,  588,   32,  561,  720,  557,  746,  130,  621,  654,  222,  657,  585,  430],
        [  400,    0,  327,  197,  769,  811,  527,  824,  336,  572,  197,    0,  190,  737,  265,  286,  341,  378,  647,  141,  238,   92,  603,  402,  536,  704,  382,  297,  288,  537,  524,  332,  299,   65,  632,  688,  323,  697,  233,  706,  133,  505,   80,  666,  376,  474,  757,  412,  167,  634,  435,  723,  384,  326,  340,  430,  324,  419,  245,  489,  686,  463,  689,   92,  566,  643,  471,  478,  284,  310,  503,  296,   95,  741,  598,  303,  290,  467,  571,  289,  310,  620,  403,  526,  474,  325,  790,  198,  409,  668,  343,  424,  454,  317,  775,  283,  296,  330,  668,  759,  289,  458,  401,  143,  763,  547,  288,  720,  616,  442,  379,  470,  625,  488,  464,  578,  121,  141,  720,  321,  584,  358,  345,  657,  515,  797,  193,  492,  333,  297,  498,  501,  781,  782,  388,  519,  491,  653,  279,  468,  575,  698,  723,  270,  132,  354,  532,  714,  288,  664,  261,  495,  261,  517,  210,  733,  189,  227,  404,  520,  481,  387,  533,  665,  225,  159,  254,  410,  172,  591,  539,  377,  613,  303,  425,  712,  413,  497,  400,  574],
        [  211,    0,  516,  322,  951,  992,  654, 1008,  519,  753,  365,  190,    0,  751,  264,  153,  492,  329,  786,   72,  423,  176,  762,  459,  715,  879,  571,  445,  301,  545,  708,  145,  488,  205,  795,  856,  505,  774,  147,  737,  193,  626,  121,  773,  557,  655,  937,  589,  103,  778,  600,  780,  451,  512,  526,  614,  256,  597,  344,  414,  873,  494,  831,  279,  567,  775,  281,  600,  459,  131,  437,  444,  121,  928,  775,  399,  101,  441,  564,  458,  145,  741,  580,  611,  655,  424,  975,  250,  465,  776,  440,  267,  642,  259,  836,  264,  479,  264,  756,  820,  265,  592,  586,  317,  945,  704,  477,  905,  779,  353,  507,  659,  806,  345,  654,  729,  113,  271,  804,  481,  643,  541,  487,  779,  498,  834,  316,  627,  217,  390,  437,  650,  830,  960,  207,  584,  416,  677,  214,  553,  724,  781,  809,  185,  210,  174,  714,  887,  413,  842,  450,  624,  417,  667,  399,  779,  366,   71,  216,  631,  654,  411,  720,  713,  412,  102,   83,  383,  347,  757,  491,  349,  648,  439,  288,  886,  557,  499,  352,  763],
        [  843,    0,  840,  925,  921,  930,  452,  988,  715,  788,  879,  737,  751,    0,  493,  630, 1019,  432,  534,  784,  720,  651,  631,  345,  755,  804,  867,  989, 1014,  207, 1043,  763,  769,  801,  675,  735,  916,  251,  893,   72,  861,  433,  706,  377,  712, 1026,  884,  694,  831,  556, 1061,  170, 1119,  749,  751,  975,  505,  702,  978,  404,  927,  274,  569,  774,  185,  495,  837, 1178,  920,  719,  374,  988,  687,  959,  764, 1034,  779,  318,  192,  940,  681,  435,  692, 1252, 1023, 1054,  973,  930,  336,  385,  434,  646,  820,  498,  203,  994,  711,  498,  294,  203,  486,  489,  946,  833,  909,  601,  776,  912,  664,  463,  481,  922,  825,  598,  871,  580,  671,  609,  288,  596,  209,  931,  534,  450,  260,  121,  567, 1175,  576,  462,  366, 1156,  159,  886,  734,  262,  403,   89,  541, 1197,  567,  279,  299,  933,  865,  871,  781,  795, 1005,  811,  815,  465,  946,  559,  741,  127,  855,  694,  856,  395, 1069,  352,  847,  141,  825,  658,  705,  372,  848,  676,  308,  404,  138, 1008,  590,  795, 1090,  252,  413,  976],
        [  408,    0,  499,  462,  828,  861,  437,  893,  432,  635,  445,  265,  264,  493,    0,  186,  593,  123,  577,  292,  370,  173,  585,  203,  593,  734,  547,  554,  525,  287,  719,  320,  441,  327,  626,  694,  537,  516,  402,  474,  376,  405,  218,  531,  458,  681,  805,  473,  339,  576,  671,  517,  644,  446,  456,  630,  103,  482,  508,  238,  774,  230,  625,  330,  312,  557,  439,  739,  516,  274,  247,  552,  197,  825,  641,  567,  316,  204,  314,  528,  243,  513,  466,  789,  679,  589,  864,  446,  207,  535,  216,  291,  569,   88,  573,  502,  402,  104,  503,  558,   36,  392,  599,  392,  820,  527,  439,  791,  610,  208,  308,  630,  688,  314,  602,  541,  179,  183,  549,  340,  381,  566,  314,  551,  254,  571,  179,  749,  172,  175,  240,  749,  567,  823,  326,  325,  240,  416,   91,  732,  533,  526,  555,  442,  382,  411,  603,  737,  551,  709,  446,  413,  513,  482,  369,  515,  428,  219,  419,  400,  704,  147,  636,  450,  431,  166,  239,  146,  415,  596,  276,  113,  384,  564,  258,  737,  667,  243,  141,  722],
        [  226,    0,  596,  457,  985, 1021,  620, 1047,  564,  787,  480,  286,  153,  630,  186,    0,  620,  199,  760,  217,  482,  220,  759,  385,  747,  898,  650,  574,  453,  429,  805,  139,  552,  326,  798,  865,  607,  693,  295,  627,  335,  589,  207,  716,  598,  757,  965,  621,  255,  757,  719,  684,  602,  568,  581,  711,  126,  630,  487,  266,  919,  396,  807,  376,  447,  741,  255,  741,  569,   93,  292,  573,  191,  973,  800,  544,  149,  313,  439,  573,   58,  698,  613,  760,  756,  569, 1016,  398,  387,  720,  399,  140,  699,  136,  741,  415,  528,  133,  684,  727,  167,  571,  682,  427,  977,  701,  546,  943,  782,  203,  485,  738,  841,  205,  721,  719,  166,  295,  728,  495,  555,  640,  482,  736,  371,  725,  320,  763,   65,  354,  293,  780,  728,  985,  142,  503,  268,  565,  100,  702,  711,  705,  734,  329,  350,  242,  751,  904,  550,  869,  533,  595,  541,  658,  467,  676,  474,   82,  238,  585,  766,  318,  772,  614,  504,  128,   80,  259,  457,  765,  350,  229,  543,  573,  143,  903,  689,  383,  219,  837],
        [  671,    0,  242,  174,  689,  738,  683,  721,  369,  536,  149,  341,  492, 1019,  593,  620,    0,  713,  753,  422,  312,  428,  661,  675,  518,  676,  265,   48,  313,  836,  278,  631,  295,  295,  667,  697,  147,  913,  430,  973,  306,  675,  415,  839,  401,  219,  695,  443,  408,  730,  120,  963,  229,  332,  340,  209,  663,  443,  179,  826,  582,  752,  780,  264,  867,  767,  754,  162,  108,  623,  838,   49,  433,  632,  579,  162,  580,  790,  878,   82,  633,  772,  437,  266,  222,  151,  686,  275,  684,  837,  587,  753,  385,  656, 1006,  359,  348,  669,  871,  989,  622,  610,  202,  203,  689,  623,  281,  634,  656,  782,  567,  314,  572,  824,  353,  663,  459,  423,  923,  456,  833,  166,  513,  801,  831, 1053,  457,  158,  671,  557,  832,  161, 1025,  725,  698,  769,  828,  931,  619,  229,  667,  905,  922,  438,  287,  603,  496,  693,  103,  625,  224,  650,   81,  619,  283,  985,  168,  550,  671,  705,  188,  689,  451,  919,  199,  496,  572,  736,  179,  624,  868,  705,  884,   67,  762,  691,   74,  803,  733,  402],
        [  415,    0,  620,  574,  923,  953,  495,  990,  545,  735,  565,  378,  329,  432,  123,  199,  713,    0,  636,  376,  490,  287,  663,  233,  693,  823,  667,  672,  617,  233,  841,  333,  560,  437,  707,  776,  659,  515,  476,  431,  476,  463,  320,  559,  568,  803,  897,  578,  421,  639,  792,  496,  748,  562,  572,  752,   74,  588,  617,  116,  878,  215,  683,  449,  249,  610,  422,  856,  637,  288,  126,  671,  298,  927,  736,  676,  347,  115,  241,  649,  250,  557,  572,  899,  801,  699,  963,  546,  232,  565,  291,  241,  682,   71,  553,  587,  518,   67,  514,  540,   92,  465,  721,  511,  914,  607,  559,  890,  691,   96,  389,  748,  786,  232,  717,  615,  276,  305,  553,  444,  375,  688,  408,  594,  173,  529,  296,  867,  147,  263,  120,  870,  536,  913,  312,  333,  118,  369,  117,  841,  605,  530,  561,  513,  486,  439,  706,  824,  666,  803,  568,  478,  633,  560,  490,  483,  549,  266,  428,  448,  826,  152,  744,  425,  554,  250,  275,   63,  535,  681,  166,   43,  351,  680,  192,  823,  786,  187,   23,  837],
        [  973,    0,  514,  755,  392,  396,  142,  457,  385,  304,  665,  647,  786,  534,  577,  760,  753,  636,    0,  772,  463,  613,  120,  404,  287,  275,  508,  748,  913,  505,  643,  886,  459,  694,  154,  204,  611,  295,  878,  463,  772,  174,  678,  164,  353,  653,  354,  312,  808,   30,  736,  380,  942,  421,  413,  613,  668,  314,  811,  707,  418,  449,   48,  615,  527,   40, 1014,  906,  647,  843,  691,  746,  670,  440,  264,  849,  869,  590,  552,  674,  816,  101,  317, 1019,  649,  858,  446,  821,  406,  157,  362,  863,  407,  653,  385,  921,  413,  666,  245,  373,  603,  194,  594,  648,  380,  133,  475,  391,  148,  726,  280,  518,  322,  868,  460,   94,  674,  520,  272,  332,  349,  605,  304,   89,  571,  481,  472,  881,  747,  407,  678,  836,  429,  353,  902,  339,  708,  472,  668,  978,   87,  270,  263,  916,  763,  958,  318,  264,  795,  293,  533,  166,  710,  138,  500,  423,  636,  771,  983,  190,  711,  485,  392,  395,  571,  691,  797,  591,  642,  173,  656,  594,  430,  778,  822,  265,  807,  520,  634,  527],
        [  266,    0,  460,  251,  909,  952,  644,  964,  477,  713,  298,  141,   72,  784,  292,  217,  422,  376,  772,    0,  378,  162,  737,  475,  676,  843,  515,  374,  242,  579,  644,  211,  438,  140,  767,  826,  442,  786,  114,  765,  122,  619,   96,  773,  517,  590,  897,  552,   47,  761,  531,  799,  385,  466,  480,  550,  306,  558,  273,  470,  826,  519,  815,  222,  603,  763,  342,  530,  393,  202,  492,  373,  108,  881,  737,  329,  162,  484,  603,  390,  216,  735,  543,  544,  590,  354,  930,  182,  481,  775,  440,  337,  593,  307,  854,  212,  436,  314,  763,  838,  302,  579,  524,  253,  904,  680,  427,  861,  752,  412,  495,  602,  765,  415,  601,  708,  116,  252,  814,  454,  661,  478,  469,  773,  539,  861,  302,  556,  279,  391,  490,  579,  853,  922,  276,  599,  472,  707,  261,  486,  704,  791,  818,  155,  139,  214,  672,  853,  342,  804,  394,  613,  348,  646,  350,  802,  301,  137,  269,  628,  587,  437,  673,  735,  353,  128,  154,  425,  283,  728,  541,  390,  674,  368,  356,  851,  486,  534,  399,  707],
        [  633,    0,  132,  293,  531,  574,  375,  587,  101,  336,  203,  238,  423,  720,  370,  482,  312,  490,  463,  378,    0,  264,  393,  384,  301,  471,  178,  295,  459,  553,  353,  560,   72,  260,  413,  463,  196,  601,  462,  670,  334,  364,  304,  530,  142,  320,  520,  181,  400,  443,  342,  653,  481,   90,  103,  268,  466,  187,  349,  604,  450,  466,  497,  170,  586,  469,  700,  473,  206,  531,  608,  294,  309,  505,  364,  388,  523,  536,  600,  231,  521,  467,  173,  571,  318,  398,  553,  370,  393,  529,  288,  620,  220,  453,  694,  475,   60,  469,  560,  677,  405,  301,  237,  188,  526,  343,   69,  483,  399,  578,  255,  261,  388,  668,  240,  379,  328,  193,  612,  145,  527,  214,  201,  498,  565,  745,  195,  462,  509,  270,  599,  437,  715,  546,  607,  464,  606,  632,  434,  525,  380,  593,  610,  494,  321,  591,  295,  482,  335,  428,   95,  342,  254,  326,   38,  676,  174,  445,  639,  393,  354,  418,  298,  612,  115,  362,  474,  493,  180,  370,  620,  468,  583,  323,  606,  480,  379,  528,  505,  357],
        [  380,    0,  376,  289,  782,  822,  484,  842,  353,  584,  280,   92,  176,  651,  173,  220,  428,  287,  613,  162,  264,    0,  586,  323,  545,  706,  430,  386,  365,  449,  588,  301,  334,  155,  619,  681,  392,  629,  274,  623,  210,  458,   67,  612,  389,  542,  766,  418,  204,  604,  515,  648,  473,  352,  365,  494,  236,  426,  336,  399,  709,  379,  658,  167,  477,  604,  440,  569,  361,  268,  413,  384,   57,  763,  602,  395,  269,  376,  482,  369,  257,  574,  409,  617,  541,  417,  809,  280,  331,  614,  280,  360,  483,  228,  702,  350,  314,  242,  605,  686,  197,  420,  464,  226,  775,  528,  327,  737,  603,  355,  335,  518,  637,  416,  503,  553,   67,   95,  656,  305,  509,  425,  312,  612,  425,  717,  142,  581,  257,  231,  407,  586,  704,  789,  343,  445,  401,  569,  194,  560,  549,  633,  659,  314,  214,  350,  545,  713,  380,  670,  314,  453,  347,  492,  247,  655,  268,  183,  387,  467,  556,  300,  559,  587,  288,   99,  212,  318,  253,  582,  448,  285,  531,  393,  353,  712,  501,  408,  308,  618],
        [  960,    0,  420,  684,  292,  307,  189,  360,  302,  184,  589,  603,  762,  631,  585,  759,  661,  663,  120,  737,  393,  586,    0,  441,  170,  176,  406,  661,  851,  571,  529,  875,  374,  642,   47,  115,  515,  403,  836,  561,  719,  218,  646,  276,  264,  543,  257,  221,  769,   91,  632,  486,  862,  334,  324,  505,  683,  220,  738,  748,  302,  501,  126,  557,  596,  154, 1010,  808,  558,  836,  736,  660,  642,  330,  145,  771,  852,  637,  620,  585,  813,  203,  228,  926,  538,  777,  343,  761,  445,  270,  374,  875,  297,  667,  498,  865,  336,  682,  352,  485,  615,  198,  490,  580,  280,   59,  390,  282,   34,  757,  278,  406,  204,  891,  347,   53,  651,  491,  386,  284,  432,  506,  279,  204,  628,  589,  449,  780,  756,  411,  724,  731,  540,  264,  901,  407,  750,  561,  674,  889,   66,  380,  378,  872,  708,  936,  200,  171,  713,  182,  449,  193,  626,  104,  430,  528,  561,  757,  969,  249,  602,  520,  274,  491,  491,  673,  785,  627,  570,   53,  710,  623,  515,  693,  840,  171,  710,  577,  665,  408],
        [  609,    0,  511,  583,  716,  741,  264,  784,  399,  540,  535,  402,  459,  345,  203,  385,  675,  233,  404,  475,  384,  323,  441,    0,  500,  608,  546,  645,  686,  171,  725,  521,  441,  465,  486,  555,  579,  315,  588,  306,  531,  232,  386,  333,  408,  700,  686,  403,  520,  409,  724,  326,  780,  428,  433,  648,  275,  413,  638,  308,  686,   83,  451,  431,  203,  377,  634,  834,  578,  475,  296,  644,  369,  731,  532,  693,  518,  198,  220,  598,  442,  325,  399,  908,  697,  712,  760,  599,    9,  338,  100,  468,  524,  260,  380,  673,  386,  271,  301,  364,  218,  245,  618,  489,  706,  388,  446,  689,  471,  323,  185,  613,  588,  465,  569,  390,  359,  268,  347,  280,  187,  598,  225,  362,  201,  396,  223,  832,  357,  119,  284,  816,  381,  699,  521,  125,  310,  257,  286,  854,  380,  324,  353,  629,  533,  613,  519,  607,  662,  596,  478,  250,  602,  340,  402,  333,  511,  420,  621,  215,  738,   82,  571,  265,  484,  358,  441,  189,  504,  466,  276,  191,  213,  664,  423,  607,  747,  154,  231,  685],
        [  923,    0,  282,  571,  239,  278,  305,  301,  201,   42,  472,  536,  715,  755,  593,  747,  518,  693,  287,  676,  301,  545,  170,  500,    0,  171,  254,  526,  746,  656,  360,  845,  256,  560,  157,  179,  372,  549,  762,  688,  632,  323,  595,  430,  160,  378,  222,  127,  700,  258,  474,  628,  733,  220,  206,  344,  696,  119,  621,  794,  186,  575,  295,  469,  685,  317,  984,  656,  422,  810,  788,  525,  596,  234,   65,  646,  812,  695,  707,  449,  794,  355,  136,  779,  373,  648,  272,  663,  507,  425,  411,  876,  136,  681,  647,  769,  242,  696,  498,  633,  627,  271,  332,  476,  232,  165,  272,  199,  152,  789,  316,  239,   95,  907,  182,  199,  611,  455,  539,  254,  548,  356,  286,  365,  700,  731,  427,  623,  758,  431,  776,  571,  685,  246,  882,  507,  796,  676,  676,  746,  210,  530,  532,  794,  618,  886,   31,  184,  584,  128,  327,  290,  497,  198,  334,  666,  447,  726,  930,  361,  438,  570,  105,  619,  374,  641,  755,  671,  459,  120,  776,  659,  627,  559,  850,  182,  559,  651,  701,  241],
        [ 1085,    0,  447,  741,  118,  133,  365,  185,  370,  143,  641,  704,  879,  804,  734,  898,  676,  823,  275,  843,  471,  706,  176,  608,  171,    0,  413,  689,  916,  745,  477, 1004,  427,  730,  130,   73,  533,  569,  932,  733,  803,  392,  759,  438,  329,  509,   82,  292,  869,  250,  618,  654,  897,  390,  377,  486,  835,  286,  790,  914,  164,  673,  254,  639,  771,  314, 1142,  804,  586,  967,  904,  688,  759,  170,  107,  811,  974,  806,  795,  612,  949,  371,  301,  931,  505,  812,  172,  833,  613,  431,  533, 1022,  294,  820,  659,  939,  411,  835,  519,  647,  766,  364,  481,  647,  106,  221,  442,  122,  143,  918,  434,  375,  108, 1046,  326,  229,  772,  613,  546,  405,  607,  512,  421,  363,  800,  755,  580,  766,  903,  563,  891,  708,  703,   91, 1037,  582,  916,  735,  821,  903,  241,  544,  537,  964,  789, 1051,  185,   20,  748,   53,  496,  365,  662,  270,  504,  697,  617,  885, 1092,  425,  570,  685,  229,  664,  543,  799,  914,  792,  630,  143,  882,  785,  690,  722,  992,   18,  709,  749,  827,  332],
        [  779,    0,   56,  345,  436,  484,  466,  477,  153,  271,  248,  382,  571,  867,  547,  650,  265,  667,  508,  515,  178,  430,  406,  546,  254,  413,    0,  277,  522,  716,  180,  713,  109,  379,  406,  433,  121,  713,  576,  810,  437,  467,  457,  618,  166,  160,  436,  200,  525,  482,  228,  777,  485,  119,  117,  111,  642,  197,  388,  781,  334,  628,  529,  294,  748,  528,  852,  404,  176,  689,  784,  276,  467,  388,  314,  402,  671,  710,  765,  201,  684,  545,  197,  525,  157,  401,  441,  449,  554,  615,  446,  789,  120,  630,  811,  553,  160,  646,  666,  794,  582,  400,   88,  272,  434,  375,  109,  381,  397,  755,  387,   89,  309,  841,   96,  415,  489,  369,  715,  272,  664,  102,  333,  568,  735,  876,  372,  374,  682,  437,  775,  328,  839,  466,  766,  606,  783,  780,  608,  493,  422,  700,  711,  600,  420,  727,  231,  429,  338,  362,  121,  437,  253,  381,  184,  807,  229,  604,  783,  502,  210,  588,  190,  747,  163,  526,  632,  668,  247,  365,  794,  644,  730,  310,  779,  427,  306,  695,  682,  193],
        [  624,    0,  245,  126,  709,  758,  670,  745,  363,  547,  112,  297,  445,  989,  554,  574,   48,  672,  748,  374,  295,  386,  661,  645,  526,  689,  277,    0,  272,  803,  315,  583,  289,  249,  670,  704,  157,  893,  383,  946,  258,  659,  370,  825,  398,  256,  712,  441,  360,  725,  165,  940,  209,  328,  337,  238,  620,  442,  136,  784,  604,  720,  777,  225,  834,  759,  706,  190,  104,  575,  798,    2,  389,  655,  588,  129,  532,  752,  844,   78,  586,  760,  434,  276,  258,  125,  709,  229,  654,  824,  560,  706,  396,  613,  984,  316,  337,  627,  853,  967,  581,  596,  226,  163,  708,  620,  274,  654,  659,  739,  547,  336,  586,  778,  369,  659,  415,  388,  906,  440,  808,  184,  494,  790,  795, 1028,  424,  196,  626,  527,  792,  207, 1001,  742,  650,  743,  786,  901,  576,  231,  662,  887,  905,  392,  239,  556,  506,  705,   65,  638,  215,  636,   44,  611,  263,  960,  135,  503,  623,  687,  231,  654,  466,  894,  181,  451,  524,  698,  143,  627,  829,  666,  856,   34,  716,  702,  116,  768,  693,  430],
        [  410,    0,  476,  177,  955, 1002,  804,  998,  554,  775,  277,  288,  301, 1014,  525,  453,  313,  617,  913,  242,  459,  365,  851,  686,  746,  916,  522,  272,    0,  810,  587,  401,  491,  228,  870,  917,  411,  985,  170,  988,  156,  784,  308,  949,  595,  528,  953,  637,  200,  896,  431, 1010,  164,  528,  541,  507,  548,  641,  139,  711,  855,  743,  951,  298,  836,  914,  494,  352,  352,  413,  733,  273,  328,  909,  810,  157,  350,  723,  838,  333,  439,  898,  629,  324,  530,  178,  962,   93,  694,  950,  631,  556,  631,  548, 1062,   53,  517,  556,  955, 1046,  539,  732,  490,  273,  952,  800,  475,  902,  857,  652,  659,  595,  821,  639,  617,  834,  346,  428, 1007,  582,  871,  444,  618,  934,  776, 1081,  480,  392,  517,  584,  731,  438, 1067,  981,  473,  806,  713,  932,  502,  270,  834,  985, 1009,  155,  157,  334,  732,  930,  211,  869,  421,  771,  276,  778,  422, 1019,  300,  371,  405,  803,  500,  662,  708,  951,  374,  367,  380,  663,  287,  828,  782,  628,  895,  247,  585,  928,  350,  767,  640,  695],
        [  647,    0,  681,  729,  858,  877,  382,  926,  569,  694,  692,  537,  545,  207,  287,  429,  836,  233,  505,  579,  553,  449,  571,  171,  656,  745,  716,  803,  810,    0,  895,  565,  611,  601,  617,  684,  746,  306,  687,  199,  658,  353,  502,  385,  576,  870,  825,  569,  625,  518,  891,  270,  920,  598,  603,  818,  303,  578,  780,  237,  839,   89,  549,  582,   33,  471,  651,  992,  742,  520,  212,  801,  482,  881,  681,  838,  577,  126,   52,  761,  482,  410,  565, 1058,  867,  858,  905,  728,  162,  392,  271,  463,  691,  295,  326,  788,  556,  296,  319,  314,  280,  388,  788,  643,  847,  525,  616,  837,  603,  283,  347,  782,  739,  430,  737,  518,  465,  417,  347,  449,  173,  766,  392,  440,   78,  297,  380,  993,  379,  285,  200,  981,  305,  834,  542,  167,  237,  136,  337, 1002,  506,  327,  356,  727,  663,  670,  677,  741,  813,  739,  646,  380,  760,  478,  569,  253,  669,  489,  660,  323,  907,  151,  734,  199,  649,  452,  502,  171,  660,  605,  159,  200,  123,  819,  409,  741,  909,   47,  216,  852],
        [  908,    0,  222,  427,  454,  503,  626,  472,  329,  357,  348,  524,  708, 1043,  719,  805,  278,  841,  643,  644,  353,  588,  529,  725,  360,  477,  180,  315,  587,  895,    0,  852,  287,  504,  515,  520,  203,  876,  682,  984,  545,  631,  603,  772,  333,   60,  470,  357,  644,  615,  172,  945,  500,  298,  294,   95,  811,  351,  450,  955,  344,  807,  654,  433,  927,  669,  986,  351,  253,  833,  960,  315,  616,  385,  404,  440,  805,  888,  944,  263,  833,  696,  357,  483,   58,  428,  438,  535,  733,  768,  625,  944,  239,  799,  975,  629,  339,  815,  827,  959,  753,  566,  124,  392,  457,  513,  285,  401,  511,  926,  562,  127,  372, 1003,  185,  552,  641,  538,  874,  449,  837,  167,  510,  714,  914, 1046,  547,  306,  843,  616,  951,  241, 1006,  500,  911,  782,  957,  956,  774,  469,  561,  861,  869,  698,  526,  847,  330,  496,  379,  426,  276,  600,  317,  530,  351,  977,  343,  751,  910,  668,  105,  767,  260,  920,  301,  678,  777,  845,  362,  480,  971,  820,  906,  343,  940,  494,  273,  874,  857,  151],
        [   89,    0,  659,  458, 1082, 1122,  748, 1142,  652,  884,  508,  332,  145,  763,  320,  139,  631,  333,  886,  211,  560,  301,  875,  521,  845, 1004,  713,  583,  401,  565,  852,    0,  627,  348,  912,  976,  649,  831,  231,  763,  326,  718,  258,  850,  689,  799, 1066,  718,  225,  881,  741,  822,  562,  649,  663,  758,  263,  726,  472,  381, 1008,  534,  933,  422,  581,  870,  141,  728,  603,   47,  409,  582,  252, 1063,  902,  524,   53,  445,  572,  600,   83,  829,  709,  723,  799,  549, 1109,  373,  524,  854,  527,  164,  780,  273,  879,  354,  613,  269,  821,  865,  305,  694,  730,  461, 1076,  817,  617, 1037,  896,  315,  607,  802,  937,  249,  794,  838,  234,  391,  865,  601,  693,  685,  597,  868,  503,  861,  428,  758,  187,  480,  412,  786,  866, 1088,   73,  641,  382,  701,  238,  667,  832,  842,  872,  253,  345,  112,  845, 1011,  546,  970,  593,  721,  558,  776,  538,  813,  510,  119,  100,  716,  797,  456,  857,  752,  556,  205,   91,  394,  491,  876,  472,  366,  680,  574,  208, 1010,  693,  519,  351,  905],
        [  698,    0,   72,  317,  476,  521,  392,  528,   75,  287,  219,  299,  488,  769,  441,  552,  295,  560,  459,  438,   72,  334,  374,  441,  256,  427,  109,  289,  491,  611,  287,  627,    0,  311,  386,  429,  158,  631,  514,  715,  380,  387,  370,  547,  110,  260,  468,  154,  456,  436,  300,  689,  489,   40,   52,  208,  537,  155,  369,  673,  388,  523,  488,  221,  643,  472,  767,  452,  188,  599,  676,  288,  376,  444,  320,  398,  588,  602,  659,  215,  591,  478,  146,  561,  257,  404,  493,  407,  449,  545,  342,  691,  156,  524,  726,  513,   59,  541,  586,  710,  476,  320,  179,  221,  472,  331,   17,  426,  374,  649,  292,  190,  336,  739,  169,  370,  397,  265,  637,  176,  569,  165,  237,  506,  628,  785,  264,  433,  581,  330,  667,  399,  751,  496,  675,  509,  675,  681,  505,  519,  373,  620,  634,  543,  365,  652,  244,  440,  340,  381,   76,  360,  253,  324,   90,  716,  192,  513,  703,  419,  301,  481,  235,  654,  120,  432,  542,  560,  204,  343,  686,  536,  631,  320,  677,  438,  354,  588,  575,  286],
