{
    "name": "random-32-3400",
    "comment": "size=32 seed=3400",
    "nodes": ["+0", "-0", "+1", "-1", "+2", "-2", "+3", "-3", "+4", "-4", "+5", "-5", "+6", "-6", "+7", "-7", "+8", "-8", "+9", "-9", "+10", "-10", "+11", "-11", "+12", "-12", "+13", "-13", "+14", "-14", "+15", "-15", "+16", "-16", "+17", "-17", "+18", "-18", "+19", "-19", "+20", "-20", "+21", "-21", "+22", "-22", "+23", "-23", "+24", "-24", "+25", "-25", "+26", "-26", "+27", "-27", "+28", "-28", "+29", "-29", "+30", "-30", "+31", "-31", "+32", "-32"],
    "precedence": {
        "+0": "-0",
        "+1": "-1",
        "+2": "-2",
        "+3": "-3",
        "+4": "-4",
        "+5": "-5",
        "+6": "-6",
        "+7": "-7",
        "+8": "-8",
        "+9": "-9",
        "+10": "-10",
        "+11": "-11",
        "+12": "-12",
        "+13": "-13",
        "+14": "-14",
        "+15": "-15",
        "+16": "-16",
        "+17": "-17",
        "+18": "-18",
        "+19": "-19",
        "+20": "-20",
        "+21": "-21",
        "+22": "-22",
        "+23": "-23",
        "+24": "-24",
        "+25": "-25",
        "+26": "-26",
        "+27": "-27",
        "+28": "-28",
        "+29": "-29",
        "+30": "-30",
        "+31": "-31",
        "+32": "-32"
    },
    "edges": [
        [    0,    0,  519,  538,  608,  160,  828,  235,  433,  563,  834,  497,  573,  532,  305,  594,  272,  719,  339,  439,  461,  283,  222,  729,   98,  489,  387,  715,  498,  700,  663,  699,  662,  545,  242,  795,  356,  598,  354,  382,  745,  492,   64,  380,  242,  284,  779,  296,  375,  702,  368,  302,  798,   58,  822,  658,  632,  100,  536,  285,  763,  691,  904,  385,  426,  720],
        [    0,    0,  519,  538,  608,  160,  828,  235,  433,  563,  834,  497,  573,  532,  305,  594,  272,  719,  339,  439,  461,  283,  222,  729,   98,  489,  387,  715,  498,  700,  663,  699,  662,  545,  242,  795,  356,  598,  354,  382,  745,  492,   64,  380,  242,  284,  779,  296,  375,  702,  368,  302,  798,   58,  822,  658,  632,  100,  536,  285,  763,  691,  904,  385,  426,  720],
        [  519,  519,    0,  663,  352,  677,  420,  444,  790,  841,  459,   96,   56,  666,  286,  413,  442,  372,  380,  697,  787,  239,  658,  284,  564,   54,  192,  373,  371,  209,  364,  247,  462,  799,  284,  278,  307,  728,  166,  712,  550,   29,  574,  434,  638,  549,  386,  722,  735,  406,  784,  718,  415,  511,  320,  140,  469,  492,  434,  751,  351,  259,  580,  385,  332,  264],
        [  538,  538,  663,    0,  956,  575, 1082,  326,  304,  233,  624,  721,  708,   11,  416,  983,  296,  537,  782,  163,  262,  533,  753,  946,  634,  610,  692,  530,  314,  703,  471,  909,  367,  186,  501,  881,  367,   69,  586,  255,  389,  655,  521,  843,  354,  256,  614,  388,  296, 1036,  891,  831, 1073,  591,  803,  763,  325,  441,  270,  791, 1012,  921,  608,  282,  332,  926],
        [  608,  608,  352,  956,    0,  753,  253,  666, 1000, 1090,  793,  260,  346,  956,  541,   83,  682,  718,  286,  945, 1012,  429,  628,  235,  596,  394,  266,  720,  700,  508,  715,  236,  811, 1056,  469,  433,  592, 1024,  371,  929,  900,  341,  671,  283,  815,  775,  720,  889,  940,   94,  702,  653,  212,  568,  572,  376,  814,  640,  766,  720,  212,  206,  921,  678,  645,  248],
        [  160,  160,  677,  575,  753,    0,  981,  335,  382,  534,  967,  656,  732,  567,  445,  729,  368,  852,  472,  440,  423,  440,  217,  886,  162,  646,  544,  847,  613,  853,  791,  857,  772,  529,  397,  954,  486,  624,  513,  359,  847,  651,  106,  500,  225,  331,  916,  231,  336,  846,  329,  282,  949,  186,  976,  816,  737,  207,  639,  222,  917,  848, 1024,  495,  547,  877],
        [  828,  828,  420, 1082,  253,  981,    0,  834, 1182, 1250,  759,  369,  381, 1084,  687,  320,  841,  718,  529, 1104, 1186,  597,  875,  140,  830,  473,  447,  722,  788,  475,  738,  176,  856, 1210,  644,  318,  720, 1147,  524, 1106,  933,  428,  891,  535, 1009,  945,  692, 1089, 1123,  183,  954,  904,   47,  795,  482,  352,  871,  841,  850,  969,   71,  162,  894,  803,  752,  163],
        [  235,  235,  444,  326,  666,  335,  834,    0,  349,  425,  640,  467,  498,  322,  159,  680,   38,  525,  460,  280,  352,  240,  457,  710,  332,  397,  402,  520,  279,  572,  462,  675,  439,  392,  197,  711,  168,  392,  311,  272,  516,  425,  243,  520,  202,  111,  594,  286,  293,  753,  602,  537,  816,  280,  693,  575,  405,  139,  307,  516,  764,  678,  691,  161,  217,  694],
        [  433,  433,  790,  304, 1000,  382, 1182,  349,    0,  157,  890,  816,  844,  294,  505, 1002,  349,  788,  758,  145,   50,  585,  596, 1059,  506,  742,  742,  781,  532,  896,  719, 1024,  641,  167,  539, 1051,  494,  319,  659,   80,  682,  773,  384,  807,  193,  242,  865,  151,   61, 1090,  709,  664, 1162,  489, 1012,  917,  598,  367,  516,  600, 1112, 1026,  896,  437,  507, 1043],
        [  563,  563,  841,  233, 1090,  534, 1250,  425,  157,    0,  856,  882,  891,  224,  564, 1102,  411,  766,  871,  147,  112,  664,  743, 1120,  645,  789,  826,  758,  527,  913,  698, 1084,  599,   48,  622, 1083,  535,  214,  731,  182,  619,  827,  522,  925,  325,  317,  843,  304,  199, 1177,  862,  814, 1235,  621, 1020,  956,  556,  483,  493,  753, 1179, 1090,  839,  461,  525, 1102],
        [  834,  834,  459,  624,  793,  967,  759,  640,  890,  856,    0,  554,  449,  633,  531,  863,  611,  116,  822,  751,  861,  592, 1031,  632,  913,  438,  638,  121,  369,  291,  179,  604,  258,  808,  613,  449,  482,  660,  561,  817,  266,  480,  867,  882,  824,  694,   74,  900,  855,  824, 1173, 1104,  778,  854,  293,  425,  300,  761,  374, 1113,  707,  632,  135,  485,  423,  608],
        [  497,  497,   96,  721,  260,  656,  369,  467,  816,  882,  554,    0,  115,  723,  318,  318,  473,  467,  301,  736,  818,  235,  608,  244,  527,  134,  124,  469,  446,  291,  458,  210,  551,  843,  283,  311,  356,  788,  158,  739,  641,   82,  556,  350,  649,  577,  480,  731,  758,  323,  724,  661,  354,  479,  390,  187,  554,  489,  511,  703,  298,  211,  676,  440,  397,  230],
        [  573,  573,   56,  708,  346,  732,  381,  498,  844,  891,  449,  115,    0,  710,  340,  415,  495,  373,  414,  748,  839,  294,  707,  242,  616,  103,  231,  376,  407,  177,  375,  205,  483,  848,  340,  223,  357,  771,  220,  765,  567,   82,  629,  464,  693,  603,  376,  777,  789,  389,  829,  764,  381,  563,  278,   85,  494,  548,  469,  801,  313,  222,  576,  433,  376,  220],
        [  532,  532,  666,   11,  956,  567, 1084,  322,  294,  224,  633,  723,  710,    0,  416,  982,  293,  545,  779,  153,  252,  532,  746,  949,  628,  612,  692,  537,  319,  708,  478,  912,  376,  177,  499,  886,  368,   71,  586,  245,  399,  657,  514,  840,  345,  250,  622,  378,  286, 1036,  883,  824, 1075,  585,  809,  767,  333,  435,  276,  783, 1014,  923,  617,  283,  335,  928],
        [  305,  305,  286,  416,  541,  445,  687,  159,  505,  564,  531,  318,  340,  416,    0,  569,  157,  415,  390,  418,  503,  121,  505,  558,  385,  238,  277,  411,  220,  420,  362,  522,  381,  525,  105,  553,   68,  484,  171,  426,  471,  268,  341,  455,  358,  264,  475,  442,  450,  622,  650,  581,  672,  325,  542,  416,  360,  240,  275,  583,  616,  527,  606,  145,  143,  541],
        [  594,  594,  413,  983,   83,  729,  320,  680, 1002, 1102,  863,  318,  415,  982,  569,    0,  699,  783,  257,  958, 1018,  451,  585,  317,  568,  450,  293,  785,  744,  582,  775,  318,  865, 1070,  486,  515,  625, 1051,  403,  935,  956,  398,  656,  237,  813,  786,  790,  883,  942,  141,  645,  601,  275,  548,  652,  452,  864,  637,  809,  674,  288,  288,  989,  710,  684,  329],
        [  272,  272,  442,  296,  682,  368,  841,   38,  349,  411,  611,  473,  495,  293,  157,  699,    0,  498,  487,  265,  346,  254,  494,  714,  369,  393,  417,  492,  247,  558,  433,  679,  404,  375,  214,  704,  151,  363,  320,  270,  481,  425,  279,  548,  219,  108,  568,  302,  295,  767,  639,  574,  825,  317,  677,  569,  370,  176,  271,  553,  771,  683,  658,  129,  189,  697],
        [  719,  719,  372,  537,  718,  852,  718,  525,  788,  766,  116,  467,  373,  545,  415,  783,  498,    0,  720,  652,  762,  480,  917,  583,  798,  342,  540,    8,  259,  245,   70,  551,  182,  718,  499,  427,  366,  580,  455,  713,  229,  389,  751,  782,  712,  583,   78,  789,  750,  760, 1060,  990,  730,  739,  296,  369,  218,  645,  275,  998,  659,  577,  212,  372,  309,  559],
        [  339,  339,  380,  782,  286,  472,  529,  460,  758,  871,  822,  301,  414,  779,  390,  257,  487,  720,    0,  731,  779,  272,  347,  464,  313,  387,  188,  719,  600,  587,  690,  445,  749,  843,  288,  601,  456,  849,  268,  696,  842,  353,  400,   66,  567,  558,  752,  632,  699,  378,  438,  381,  492,  292,  691,  488,  736,  392,  660,  441,  474,  425,  930,  533,  527,  463],
        [  439,  439,  697,  163,  945,  440, 1104,  280,  145,  147,  751,  736,  748,  153,  418,  958,  265,  652,  731,    0,  111,  518,  637,  975,  528,  645,  680,  645,  402,  780,  583,  939,  499,  113,  476,  944,  391,  192,  585,   94,  537,  683,  407,  787,  217,  174,  730,  232,  134, 1031,  766,  712, 1088,  496,  891,  815,  456,  351,  379,  661, 1033,  944,  752,  321,  388,  957],
        [  461,  461,  787,  262, 1012,  423, 1186,  352,   50,  112,  861,  818,  839,  252,  503, 1018,  346,  762,  779,  111,    0,  591,  634, 1060,  539,  737,  751,  755,  510,  882,  693, 1024,  609,  118,  546, 1042,  486,  272,  663,   83,  645,  771,  416,  830,  220,  242,  839,  193,   89, 1101,  751,  704, 1167,  518,  995,  910,  566,  387,  489,  642, 1115, 1028,  861,  422,  491, 1043],
        [  283,  283,  239,  533,  429,  440,  597,  240,  585,  664,  592,  235,  294,  532,  121,  451,  254,  480,  272,  518,  591,    0,  446,  479,  338,  207,  164,  478,  329,  420,  438,  445,  482,  628,   49,  516,  186,  601,   78,  510,  574,  213,  336,  338,  415,  351,  527,  496,  526,  514,  584,  515,  577,  281,  541,  378,  466,  257,  389,  534,  528,  444,  684,  266,  256,  465],
        [  222,  222,  658,  753,  628,  217,  875,  457,  596,  743, 1031,  608,  707,  746,  505,  585,  494,  917,  347,  637,  634,  446,    0,  805,  126,  642,  484,  914,  712,  858,  866,  783,  877,  734,  419,  918,  565,  809,  499,  564,  962,  630,  233,  349,  423,  497,  970,  445,  546,  717,  147,   81,  837,  183,  976,  789,  849,  320,  754,   96,  820,  766, 1111,  603,  638,  803],
        [  729,  729,  284,  946,  235,  886,  140,  710, 1059, 1120,  632,  244,  242,  949,  558,  317,  714,  583,  464,  975, 1060,  479,  805,    0,  744,  337,  343,  587,  649,  343,  600,   37,  717, 1079,  527,  212,  587, 1011,  402,  982,  795,  294,  790,  485,  893,  820,  563,  974, 1002,  215,  901,  844,  148,  702,  370,  215,  731,  730,  711,  901,   77,   40,  766,  668,  615,   25],
        [   98,   98,  564,  634,  596,  162,  830,  332,  506,  645,  913,  527,  616,  628,  385,  568,  369,  798,  313,  528,  539,  338,  126,  744,    0,  542,  408,  795,  588,  757,  746,  718,  753,  631,  306,  834,  442,  693,  400,  464,  837,  536,  124,  339,  321,  379,  854,  360,  451,  689,  273,  206,  797,   60,  877,  700,  724,  197,  628,  200,  769,  706,  989,  478,  514,  738],
        [  489,  489,   54,  610,  394,  646,  473,  397,  742,  789,  438,  134,  103,  612,  238,  450,  393,  342,  387,  645,  737,  207,  642,  337,  542,    0,  201,  343,  319,  217,  326,  300,  418,  747,  249,  317,  255,  675,  144,  663,  507,   53,  541,  445,  594,  501,  366,  678,  687,  454,  773,  706,  467,  486,  336,  179,  422,  455,  383,  734,  404,  312,  553,  333,  279,  317],
        [  387,  387,  192,  692,  266,  544,  447,  402,  742,  826,  638,  124,  231,  692,  277,  293,  417,  540,  188,  680,  751,  164,  484,  343,  408,  201,    0,  540,  456,  400,  516,  314,  589,  791,  206,  434,  333,  760,  111,  669,  681,  165,  448,  245,  564,  512,  566,  642,  683,  351,  601,  537,  422,  362,  508,  309,  583,  394,  520,  580,  380,  305,  751,  418,  392,  334],
        [  715,  715,  373,  530,  720,  847,  722,  520,  781,  758,  121,  469,  376,  537,  411,  785,  492,    8,  719,  645,  755,  478,  914,  587,  795,  343,  540,    0,  253,  250,   63,  555,  174,  711,  496,  433,  362,  573,  454,  706,  222,  390,  746,  781,  706,  577,   86,  783,  743,  763, 1057,  987,  734,  735,  303,  373,  211,  641,  267,  994,  664,  580,  212,  366,  304,  563],
        [  498,  498,  371,  314,  700,  613,  788,  279,  532,  527,  369,  446,  407,  319,  220,  744,  247,  259,  600,  402,  510,  329,  712,  649,  588,  319,  456,  253,    0,  390,  192,  612,  165,  481,  324,  568,  153,  372,  347,  456,  253,  370,  518,  666,  456,  325,  335,  531,  492,  768,  859,  791,  785,  530,  493,  454,  141,  412,   66,  783,  719,  628,  412,  119,   77,  627],
        [  700,  700,  209,  703,  508,  853,  475,  572,  896,  913,  291,  291,  177,  708,  420,  582,  558,  245,  587,  780,  882,  420,  858,  343,  757,  217,  400,  250,  390,    0,  276,  314,  402,  867,  458,  188,  407,  759,  360,  817,  468,  236,  748,  639,  773,  662,  221,  857,  847,  534,  988,  921,  490,  700,  124,  135,  426,  654,  438,  950,  419,  342,  424,  460,  392,  319],
        [  663,  663,  364,  471,  715,  791,  738,  462,  719,  698,  179,  458,  375,  478,  362,  775,  433,   70,  690,  583,  693,  438,  866,  600,  746,  326,  516,   63,  192,  276,    0,  567,  127,  650,  452,  464,  308,  516,  422,  644,  195,  377,  692,  753,  646,  516,  147,  722,  681,  764, 1010,  941,  746,  686,  348,  386,  158,  586,  206,  944,  676,  590,  247,  306,  246,  576],
        [  699,  699,  247,  909,  236,  857,  176,  675, 1024, 1084,  604,  210,  205,  912,  522,  318,  679,  551,  445,  939, 1024,  445,  783,   37,  718,  300,  314,  555,  612,  314,  567,    0,  682, 1043,  493,  199,  551,  974,  368,  947,  761,  257,  760,  470,  859,  784,  534,  941,  967,  231,  882,  824,  180,  675,  350,  183,  696,  698,  674,  879,  110,   32,  738,  631,  578,   21],
        [  662,  662,  462,  367,  811,  772,  856,  439,  641,  599,  258,  551,  483,  376,  381,  865,  404,  182,  749,  499,  609,  482,  877,  717,  753,  418,  589,  174,  165,  402,  127,  682,    0,  552,  483,  589,  316,  404,  485,  571,   94,  470,  680,  814,  599,  467,  255,  668,  611,  868, 1024,  955,  861,  695,  473,  505,   44,  574,  136,  947,  792,  703,  260,  279,  241,  693],
        [  545,  545,  799,  186, 1056,  529, 1210,  392,  167,   48,  808,  843,  848,  177,  525, 1070,  375,  718,  843,  113,  118,  628,  734, 1079,  631,  747,  791,  711,  481,  867,  650, 1043,  552,    0,  587, 1038,  493,  172,  694,  171,  573,  786,  508,  899,  312,  286,  796,  304,  196, 1142,  857,  807, 1196,  602,  974,  913,  509,  460,  446,  750, 1140, 1050,  792,  417,  480, 1061],
        [  242,  242,  284,  501,  469,  397,  644,  197,  539,  622,  613,  283,  340,  499,  105,  486,  214,  499,  288,  476,  546,   49,  419,  527,  306,  249,  206,  496,  324,  458,  452,  493,  483,  587,    0,  561,  173,  569,  126,  465,  574,  259,  292,  353,  367,  307,  551,  448,  480,  556,  561,  492,  623,  247,  581,  423,  463,  210,  380,  504,  575,  492,  698,  246,  248,  513],
        [  795,  795,  278,  881,  433,  954,  318,  711, 1051, 1083,  449,  311,  223,  886,  553,  515,  704,  427,  601,  944, 1042,  516,  918,  212,  834,  317,  434,  433,  568,  188,  464,  199,  589, 1038,  561,    0,  558,  940,  442,  971,  654,  304,  851,  639,  910,  812,  388,  994,  999,  427, 1033,  970,  345,  783,  165,  139,  614,  770,  621, 1013,  279,  231,  583,  623,  559,  192],
        [  356,  356,  307,  367,  592,  486,  720,  168,  494,  535,  482,  356,  357,  368,   68,  625,  151,  366,  456,  391,  486,  186,  565,  587,  442,  255,  333,  362,  153,  407,  308,  551,  316,  493,  173,  558,    0,  434,  223,  414,  405,  294,  385,  522,  369,  256,  431,  452,  443,  670,  711,  642,  709,  383,  527,  425,  293,  280,  207,  639,  650,  559,  548,   86,   76,  569],
        [  598,  598,  728,   69, 1024,  624, 1147,  392,  319,  214,  660,  788,  771,   71,  484, 1051,  363,  580,  849,  192,  272,  601,  809, 1011,  693,  675,  760,  573,  372,  759,  516,  974,  404,  172,  569,  940,  434,    0,  654,  285,  412,  721,  577,  910,  400,  315,  656,  424,  324, 1103,  945,  887, 1139,  652,  855,  824,  363,  502,  322,  843, 1077,  986,  631,  348,  396,  990],
        [  354,  354,  166,  586,  371,  513,  524,  311,  659,  731,  561,  158,  220,  586,  171,  403,  320,  455,  268,  585,  663,   78,  499,  402,  400,  144,  111,  454,  347,  360,  422,  368,  485,  694,  126,  442,  223,  654,    0,  583,  578,  139,  410,  332,  491,  422,  492,  574,  601,  451,  631,  563,  505,  346,  479,  304,  476,  334,  411,  591,  453,  368,  664,  309,  282,  388],
        [  382,  382,  712,  255,  929,  359, 1106,  272,   80,  182,  817,  739,  765,  245,  426,  935,  270,  713,  696,   94,   83,  510,  564,  982,  464,  663,  669,  706,  456,  817,  644,  947,  571,  171,  465,  971,  414,  285,  583,    0,  618,  694,  340,  748,  143,  163,  789,  140,   42, 1019,  687,  637, 1087,  439,  933,  838,  529,  305,  443,  580, 1036,  949,  829,  358,  428,  966],
        [  745,  745,  550,  389,  900,  847,  933,  516,  682,  619,  266,  641,  567,  399,  471,  956,  481,  229,  842,  537,  645,  574,  962,  795,  837,  507,  681,  222,  253,  468,  195,  761,   94,  573,  574,  654,  405,  412,  578,  618,    0,  559,  759,  907,  662,  531,  288,  726,  659,  954, 1109, 1041,  941,  780,  523,  581,  114,  654,  210, 1029,  871,  784,  220,  360,  329,  771],
        [  492,  492,   29,  655,  341,  651,  428,  425,  773,  827,  480,   82,   82,  657,  268,  398,  425,  389,  353,  683,  771,  213,  630,  294,  536,   53,  165,  390,  370,  236,  377,  257,  470,  786,  259,  304,  294,  721,  139,  694,  559,    0,  548,  408,  617,  532,  407,  700,  717,  401,  756,  689,  419,  483,  349,  166,  474,  468,  434,  723,  357,  266,  599,  376,  326,  275],
        [   64,   64,  574,  521,  671,  106,  891,  243,  384,  522,  867,  556,  629,  514,  341,  656,  279,  751,  400,  407,  416,  336,  233,  790,  124,  541,  448,  746,  518,  748,  692,  760,  680,  508,  292,  851,  385,  577,  410,  340,  759,  548,    0,  439,  197,  266,  814,  241,  328,  765,  371,  311,  861,  111,  871,  713,  648,  107,  549,  276,  825,  752,  928,  402,  450,  781],
        [  380,  380,  434,  843,  283,  500,  535,  520,  807,  925,  882,  350,  464,  840,  455,  237,  548,  782,   66,  787,  830,  338,  349,  485,  339,  445,  245,  781,  666,  639,  753,  470,  814,  899,  353,  639,  522,  910,  332,  748,  907,  408,  439,    0,  615,  615,  811,  675,  748,  370,  420,  370,  494,  328,  739,  533,  801,  443,  726,  439,  485,  448,  992,  598,  593,  488],
        [  242,  242,  638,  354,  815,  225, 1009,  202,  193,  325,  824,  649,  693,  345,  358,  813,  219,  712,  567,  217,  220,  415,  423,  893,  321,  594,  564,  706,  456,  773,  646,  859,  599,  312,  367,  910,  369,  400,  491,  143,  662,  617,  197,  615,    0,  133,  785,   85,  134,  907,  550,  497,  986,  299,  894,  772,  560,  177,  464,  445,  940,  858,  858,  341,  406,  879],
        [  284,  284,  549,  256,  775,  331,  945,  111,  242,  317,  694,  577,  603,  250,  264,  786,  108,  583,  558,  174,  242,  351,  497,  820,  379,  501,  512,  577,  325,  662,  516,  784,  467,  286,  307,  812,  256,  315,  422,  163,  531,  532,  266,  615,  133,    0,  657,  206,  187,  863,  636,  576,  926,  338,  781,  677,  427,  188,  331,  539,  874,  787,  726,  214,  282,  803],
        [  779,  779,  386,  614,  720,  916,  692,  594,  865,  843,   74,  480,  376,  622,  475,  790,  568,   78,  752,  730,  839,  527,  970,  563,  854,  366,  566,   86,  335,  221,  147,  534,  255,  796,  551,  388,  431,  656,  492,  789,  288,  407,  814,  811,  785,  657,    0,  863,  826,  752, 1110, 1041,  709,  795,  240,  354,  294,  710,  352, 1053,  639,  562,  205,  445,  379,  539],
        [  296,  296,  722,  388,  889,  231, 1089,  286,  151,  304,  900,  731,  777,  378,  442,  883,  302,  789,  632,  232,  193,  496,  445,  974,  360,  678,  642,  783,  531,  857,  722,  941,  668,  304,  448,  994,  452,  424,  574,  140,  726,  700,  241,  675,   85,  206,  863,    0,  108,  981,  559,  513, 1064,  351,  978,  856,  627,  250,  534,  450, 1020,  939,  928,  419,  486,  961],
        [  375,  375,  735,  296,  940,  336, 1123,  293,   61,  199,  855,  758,  789,  286,  450,  942,  295,  750,  699,  134,   89,  526,  546, 1002,  451,  687,  683,  743,  492,  847,  681,  967,  611,  196,  480,  999,  443,  324,  601,   42,  659,  717,  328,  748,  134,  187,  826,  108,    0, 1030,  664,  616, 1103,  432,  964,  864,  569,  307,  482,  556, 1053,  968,  869,  391,  461,  986],
        [  702,  702,  406, 1036,   94,  846,  183,  753, 1090, 1177,  824,  323,  389, 1036,  622,  141,  767,  760,  378, 1031, 1101,  514,  717,  215,  689,  454,  351,  763,  768,  534,  764,  231,  868, 1142,  556,  427,  670, 1103,  451, 1019,  954,  401,  765,  370,  907,  863,  752,  981, 1030,    0,  784,  738,  136,  662,  580,  400,  874,  732,  833,  808,  164,  199,  956,  756,  717,  235],
        [  368,  368,  784,  891,  702,  329,  954,  602,  709,  862, 1173,  724,  829,  883,  650,  645,  639, 1060,  438,  766,  751,  584,  147,  901,  273,  773,  601, 1057,  859,  988, 1010,  882, 1024,  857,  561, 1033,  711,  945,  631,  687, 1109,  756,  371,  420,  550,  636, 1110,  559,  664,  784,    0,   70,  913,  330, 1104,  910,  996,  465,  901,  110,  905,  862, 1256,  750,  784,  901],
        [  302,  302,  718,  831,  653,  282,  904,  537,  664,  814, 1104,  661,  764,  824,  581,  601,  574,  990,  381,  712,  704,  515,   81,  844,  206,  706,  537,  987,  791,  921,  941,  824,  955,  807,  492,  970,  642,  887,  563,  637, 1041,  689,  311,  370,  497,  576, 1041,  513,  616,  738,   70,    0,  863,  262, 1037,  845,  928,  400,  833,   87,  852,  806, 1187,  683,  716,  844],
        [  798,  798,  415, 1073,  212,  949,   47,  816, 1162, 1235,  778,  354,  381, 1075,  672,  275,  825,  730,  492, 1088, 1167,  577,  837,  148,  797,  467,  422,  734,  785,  490,  746,  180,  861, 1196,  623,  345,  709, 1139,  505, 1087,  941,  419,  861,  494,  986,  926,  709, 1064, 1103,  136,  913,  863,    0,  763,  508,  362,  874,  815,  848,  930,   71,  159,  912,  793,  745,  172],
        [   58,   58,  511,  591,  568,  186,  795,  280,  489,  621,  854,  479,  563,  585,  325,  548,  317,  739,  292,  496,  518,  281,  183,  702,   60,  486,  362,  735,  530,  700,  686,  675,  695,  602,  247,  783,  383,  652,  346,  439,  780,  483,  111,  328,  299,  338,  795,  351,  432,  662,  330,  262,  763,    0,  821,  648,  667,  151,  572,  260,  732,  664,  930,  422,  455,  695],
        [  822,  822,  320,  803,  572,  976,  482,  693, 1012, 1020,  293,  390,  278,  809,  542,  652,  677,  296,  691,  891,  995,  541,  976,  370,  877,  336,  508,  303,  493,  124,  348,  350,  473,  974,  581,  165,  527,  855,  479,  933,  523,  349,  871,  739,  894,  781,  240,  978,  964,  580, 1104, 1037,  508,  821,    0,  208,  505,  777,  534, 1068,  440,  381,  425,  575,  506,  347],
        [  658,  658,  140,  763,  376,  816,  352,  575,  917,  956,  425,  187,   85,  767,  416,  452,  569,  369,  488,  815,  910,  378,  789,  215,  700,  179,  309,  373,  454,  135,  386,  183,  505,  913,  423,  139,  425,  824,  304,  838,  581,  166,  713,  533,  772,  677,  354,  856,  864,  400,  910,  845,  362,  648,  208,    0,  522,  631,  512,  884,  291,  209,  558,  496,  434,  191],
        [  632,  632,  469,  325,  814,  737,  871,  405,  598,  556,  300,  554,  494,  333,  360,  864,  370,  218,  736,  456,  566,  466,  849,  731,  724,  422,  583,  211,  141,  426,  158,  696,   44,  509,  463,  614,  293,  363,  476,  529,  114,  474,  648,  801,  560,  427,  294,  627,  569,  874,  996,  928,  874,  667,  505,  522,    0,  542,   99,  917,  805,  716,  301,  247,  217,  708],
        [  100,  100,  492,  441,  640,  207,  841,  139,  367,  483,  761,  489,  548,  435,  240,  637,  176,  645,  392,  351,  387,  257,  320,  730,  197,  455,  394,  641,  412,  654,  586,  698,  574,  460,  210,  770,  280,  502,  334,  305,  654,  468,  107,  443,  177,  188,  710,  250,  307,  732,  465,  400,  815,  151,  777,  631,  542,    0,  444,  377,  773,  694,  822,  295,  343,  718],
        [  536,  536,  434,  270,  766,  639,  850,  307,  516,  493,  374,  511,  469,  276,  275,  809,  271,  275,  660,  379,  489,  389,  754,  711,  628,  383,  520,  267,   66,  438,  206,  674,  136,  446,  380,  621,  207,  322,  411,  443,  210,  434,  549,  726,  464,  331,  352,  534,  482,  833,  901,  833,  848,  572,  534,  512,   99,  444,    0,  819,  782,  690,  395,  151,  133,  689],
        [  285,  285,  751,  791,  720,  222,  969,  516,  600,  753, 1113,  703,  801,  783,  583,  674,  553,  998,  441,  661,  642,  534,   96,  901,  200,  734,  580,  994,  783,  950,  944,  879,  947,  750,  504, 1013,  639,  843,  591,  580, 1029,  723,  276,  439,  445,  539, 1053,  450,  556,  808,  110,   87,  930,  260, 1068,  884,  917,  377,  819,    0,  914,  862, 1187,  670,  710,  898],
        [  763,  763,  351, 1012,  212,  917,   71,  764, 1112, 1179,  707,  298,  313, 1014,  616,  288,  771,  659,  474, 1033, 1115,  528,  820,   77,  769,  404,  380,  664,  719,  419,  676,  110,  792, 1140,  575,  279,  650, 1077,  453, 1036,  871,  357,  825,  485,  940,  874,  639, 1020, 1053,  164,  905,  852,   71,  732,  440,  291,  805,  773,  782,  914,    0,   92,  842,  732,  682,  101],
        [  691,  691,  259,  921,  206,  848,  162,  678, 1026, 1090,  632,  211,  222,  923,  527,  288,  683,  577,  425,  944, 1028,  444,  766,   40,  706,  312,  305,  580,  628,  342,  590,   32,  703, 1050,  492,  231,  559,  986,  368,  949,  784,  266,  752,  448,  858,  787,  562,  939,  968,  199,  862,  806,  159,  664,  381,  209,  716,  694,  690,  862,   92,    0,  766,  641,  590,   43],
        [  904,  904,  580,  608,  921, 1024,  894,  691,  896,  839,  135,  676,  576,  617,  606,  989,  658,  212,  930,  752,  861,  684, 1111,  766,  989,  553,  751,  212,  412,  424,  247,  738,  260,  792,  698,  583,  548,  631,  664,  829,  220,  599,  928,  992,  858,  726,  205,  928,  869,  956, 1256, 1187,  912,  930,  425,  558,  301,  822,  395, 1187,  842,  766,    0,  531,  480,  742],
        [  385,  385,  385,  282,  678,  495,  803,  161,  437,  461,  485,  440,  433,  283,  145,  710,  129,  372,  533,  321,  422,  266,  603,  668,  478,  333,  418,  366,  119,  460,  306,  631,  279,  417,  246,  623,   86,  348,  309,  358,  360,  376,  402,  598,  341,  214,  445,  419,  391,  756,  750,  683,  793,  422,  575,  496,  247,  295,  151,  670,  732,  641,  531,    0,   70,  648],
        [  426,  426,  332,  332,  645,  547,  752,  217,  507,  525,  423,  397,  376,  335,  143,  684,  189,  309,  527,  388,  491,  256,  638,  615,  514,  279,  392,  304,   77,  392,  246,  578,  241,  480,  248,  559,   76,  396,  282,  428,  329,  326,  450,  593,  406,  282,  379,  486,  461,  717,  784,  716,  745,  455,  506,  434,  217,  343,  133,  710,  682,  590,  480,   70,    0,  594],
        [  720,  720,  264,  926,  248,  877,  163,  694, 1043, 1102,  608,  230,  220,  928,  541,  329,  697,  559,  463,  957, 1043,  465,  803,   25,  738,  317,  334,  563,  627,  319,  576,   21,  693, 1061,  513,  192,  569,  990,  388,  966,  771,  275,  781,  488,  879,  803,  539,  961,  986,  235,  901,  844,  172,  695,  347,  191,  708,  718,  689,  898,  101,   43,  742,  648,  594,    0]
    ]
}
