{
    "name": "random-5-28326",
    "comment": "size=5 seed=28326",
    "nodes": ["+0", "-0", "+1", "-1", "+2", "-2", "+3", "-3", "+4", "-4", "+5", "-5"],
    "precedence": {
        "+0": "-0",
        "+1": "-1",
        "+2": "-2",
        "+3": "-3",
        "+4": "-4",
        "+5": "-5"
    },
    "edges": [
        [    0,    0,  907,  460,  892,   28,  890,  316,  512,  726,  125,  426],
        [    0,    0,  907,  460,  892,   28,  890,  316,  512,  726,  125,  426],
        [  907,  907,    0,  944, 1055,  881,  955,  597,  408,  265, 1021,  487],
        [  460,  460,  944,    0,  442,  466,  466,  468,  680,  687,  541,  530],
        [  892,  892, 1055,  442,    0,  893,  119,  801,  951,  800,  981,  811],
        [   28,   28,  881,  466,  893,    0,  888,  293,  485,  704,  145,  402],
        [  890,  890,  955,  466,  119,  888,    0,  758,  885,  706,  990,  753],
        [  316,  316,  597,  468,  801,  293,  758,    0,  230,  413,  437,  111],
        [  512,  512,  408,  680,  951,  485,  885,  230,    0,  318,  619,  151],
        [  726,  726,  265,  687,  800,  704,  706,  413,  318,    0,  848,  308],
        [  125,  125, 1021,  541,  981,  145,  990,  437,  619,  848,    0,  545],
        [  426,  426,  487,  530,  811,  402,  753,  111,  151,  308,  545,    0]
    ]
}
