{
    "name": "random-97-15273",
    "comment": "size=97 seed=15273",
    "nodes": ["+0", "-0", "+1", "-1", "+2", "-2", "+3", "-3", "+4", "-4", "+5", "-5", "+6", "-6", "+7", "-7", "+8", "-8", "+9", "-9", "+10", "-10", "+11", "-11", "+12", "-12", "+13", "-13", "+14", "-14", "+15", "-15", "+16", "-16", "+17", "-17", "+18", "-18", "+19", "-19", "+20", "-20", "+21", "-21", "+22", "-22", "+23", "-23", "+24", "-24", "+25", "-25", "+26", "-26", "+27", "-27", "+28", "-28", "+29", "-29", "+30", "-30", "+31", "-31", "+32", "-32", "+33", "-33", "+34", "-34", "+35", "-35", "+36", "-36", "+37", "-37", "+38", "-38", "+39", "-39", "+40", "-40", "+41", "-41", "+42", "-42", "+43", "-43", "+44", "-44", "+45", "-45", "+46", "-46", "+47", "-47", "+48", "-48", "+49", "-49", "+50", "-50", "+51", "-51", "+52", "-52", "+53", "-53", "+54", "-54", "+55", "-55", "+56", "-56", "+57", "-57", "+58", "-58", "+59", "-59", "+60", "-60", "+61", "-61", "+62", "-62", "+63", "-63", "+64", "-64", "+65", "-65", "+66", "-66", "+67", "-67", "+68", "-68", "+69", "-69", "+70", "-70", "+71", "-71", "+72", "-72", "+73", "-73", "+74", "-74", "+75", "-75", "+76", "-76", "+77", "-77", "+78", "-78", "+79", "-79", "+80", "-80", "+81", "-81", "+82", "-82", "+83", "-83", "+84", "-84", "+85", "-85", "+86", "-86", "+87", "-87", "+88", "-88", "+89", "-89", "+90", "-90", "+91", "-91", "+92", "-92", "+93", "-93", "+94", "-94", "+95", "-95", "+96", "-96", "+97", "-97"],
    "precedence": {
        "+0": "-0",
        "+1": "-1",
        "+2": "-2",
        "+3": "-3",
        "+4": "-4",
        "+5": "-5",
        "+6": "-6",
        "+7": "-7",
        "+8": "-8",
        "+9": "-9",
        "+10": "-10",
        "+11": "-11",
        "+12": "-12",
        "+13": "-13",
        "+14": "-14",
        "+15": "-15",
        "+16": "-16",
        "+17": "-17",
        "+18": "-18",
        "+19": "-19",
        "+20": "-20",
        "+21": "-21",
        "+22": "-22",
        "+23": "-23",
        "+24": "-24",
        "+25": "-25",
        "+26": "-26",
        "+27": "-27",
        "+28": "-28",
        "+29": "-29",
        "+30": "-30",
        "+31": "-31",
        "+32": "-32",
        "+33": "-33",
        "+34": "-34",
        "+35": "-35",
        "+36": "-36",
        "+37": "-37",
        "+38": "-38",
        "+39": "-39",
        "+40": "-40",
        "+41": "-41",
        "+42": "-42",
        "+43": "-43",
        "+44": "-44",
        "+45": "-45",
        "+46": "-46",
        "+47": "-47",
        "+48": "-48",
        "+49": "-49",
        "+50": "-50",
        "+51": "-51",
        "+52": "-52",
        "+53": "-53",
        "+54": "-54",
        "+55": "-55",
        "+56": "-56",
        "+57": "-57",
        "+58": "-58",
        "+59": "-59",
        "+60": "-60",
        "+61": "-61",
        "+62": "-62",
        "+63": "-63",
        "+64": "-64",
        "+65": "-65",
        "+66": "-66",
        "+67": "-67",
        "+68": "-68",
        "+69": "-69",
        "+70": "-70",
        "+71": "-71",
        "+72": "-72",
        "+73": "-73",
        "+74": "-74",
        "+75": "-75",
        "+76": "-76",
        "+77": "-77",
        "+78": "-78",
        "+79": "-79",
        "+80": "-80",
        "+81": "-81",
        "+82": "-82",
        "+83": "-83",
        "+84": "-84",
        "+85": "-85",
        "+86": "-86",
        "+87": "-87",
        "+88": "-88",
        "+89": "-89",
        "+90": "-90",
        "+91": "-91",
        "+92": "-92",
        "+93": "-93",
        "+94": "-94",
        "+95": "-95",
        "+96": "-96",
        "+97": "-97"
    },
    "edges": [
        [    0,    0,  598,  686,  354,  524,   88,  737,  527,  688,  144,  518,  634,  595,   96,   78,  445,  472,  696,  367,  595,  457,  736,  224,  605,  574,  345,  354,  332,  176,  197,  434,  380,  513,  865,  439,  980,  963,  796,  204,  501,  610,  771,  790,  117,  122,  153,  540,  588,  163,  423,  602,  693,  509,  635,  867,  187,  308,  227,  158,  612,  323,  711,  725,  572,   57,  575,  557,  533,  606,  316,  931,  411,  104,  472,  754,  214,  779,  747,  197,  441,  254,  513,  750,  531,  717,  463,  360,  230,  140,  404,  318,  424,  234,  339,  551,  449,  193,  798,  429,  897,  403,  754,  906,  494,  184,  296,  182,  111,  507,  487,  734,  383,  614,   71,  620,  282,  631,  528,  614,  301,  527,  626,  688,  714,  281,  746,  247,  455,  759,  659,  170,  206,  763,  138,  596,  732,  554,  167,  869,  670,  588,  588,  576,  526,  587,  764,  268,  628,  347,  788,  112,  607,  809,  723,  144,  653,  472,  175,  499,  697,  128,  655,  611,  545,  619,  195,  383,  588,  359,  888,  569,  478,  484,  571,  654,  627,  660,  552,  362,  520,  441,  640,  753,  635,  331,  736,  166,  470,  662,  593,  579,  264,  725,  388,  842],
        [    0,    0,    0,    0,    0,    0,    0,    0,    0,    0,    0,    0,    0,    0,    0,    0,    0,    0,    0,    0,    0,    0,    0,    0,    0,    0,    0,    0,    0,    0,    0,    0,    0,    0,    0,    0,    0,    0,    0,    0,    0,    0,    0,    0,    0,    0,    0,    0,    0,    0,    0,    0,    0,    0,    0,    0,    0,    0,    0,    0,    0,    0,    0,    0,    0,    0,    0,    0,    0,    0,    0,    0,    0,    0,    0,    0,    0,    0,    0,    0,    0,    0,    0,    0,    0,    0,    0,    0,    0,    0,    0,    0,    0,    0,    0,    0,    0,    0,    0,    0,    0,    0,    0,    0,    0,    0,    0,    0,    0,    0,    0,    0,    0,    0,    0,    0,    0,    0,    0,    0,    0,    0,    0,    0,    0,    0,    0,    0,    0,    0,    0,    0,    0,    0,    0,    0,    0,    0,    0,    0,    0,    0,    0,    0,    0,    0,    0,    0,    0,    0,    0,    0,    0,    0,    0,    0,    0,    0,    0,    0,    0,    0,    0,    0,    0,    0,    0,    0,    0,    0,    0,    0,    0,    0,    0,    0,    0,    0,    0,    0,    0,    0,    0,    0,    0,    0,    0,    0,    0,    0,    0,    0,    0,    0,    0,    0],
        [  598,    0,    0,  113,  899,  391,  679,  720,  529,  942,  456,  322,  437,  463,  523,  664,  374,  449,  165,  840,  121,  646,  495,  626,  843,  593,  875,  668,  274,  451,  745,  695,  307,  709,  502,  234,  672,  638,  994,  563,  650,  891,  359,  519,  627,  586,  656,  827,   70,  439,  488,  957,  265,  687,  678,  542,  674,  899,  824,  641,  781,  855,  644,  909,  457,  655,  228,  771,   68,   74,  626,  643,  446,  581,  505, 1025,  793,  486,  276,  519,  247,  433,  157,  972,   71,  470,  211,  534,  758,  638,  553,  442,  493,  709,  385,  212,  675,  600,  731,  299,  582,  797,  897,  516,  921,  750,  542,  772,  488,  496,  746,  746,  220,  894,  536,  907,  868,  967,   78,  177,  823,   85,  553,  102, 1034,  318,  385,  665,  166,  904,  796,  710,  557,  631,  715,  105,  818,  535,  702,  689,  997,  854,  822,  300,  659,  102, 1052,  727,  203,  255,  390,  507,  624,  481,  900,  546,  952,  400,  486,  845,  905,  673,  250,  281,  655,  852,  791,  622,  228,  747,  619,  660,  907,  251,  874,  272,  826,   96,  918,  566,  883,  367,  370,  225,  206,  448,  870,  651,  131,  213,  907,  603,  807,  890,  346,  678],
        [  686,    0,  113,    0,  966,  384,  770,  691,  526,  951,  542,  430,  401,  440,  605,  747,  391,  457,   67,  895,  109,  666,  438,  685,  855,  585,  940,  707,  375,  527,  817,  722,  419,  723,  414,  346,  585,  550,  991,  669,  661,  908,  272,  452,  725,  686,  757,  849,  174,  524,  508,  984,  190,  700,  665,  460,  776,  991,  909,  710,  784,  920,  612,  907,  439,  743,  330,  783,  161,   81,  670,  562,  469,  656,  514, 1034,  871,  417,  181,  624,  284,  540,  269,  974,  161,  415,  324,  567,  826,  739,  578,  553,  513,  772,  430,  318,  699,  663,  691,  329,  499,  840,  888,  422,  963,  847,  587,  864,  579,  497,  768,  720,  304,  910,  628,  924,  947,  990,  188,  138,  888,  197,  530,   26, 1052,  412,  310,  722,  233,  894,  792,  782,  663,  585,  810,  100,  802,  527,  801,  628, 1017,  870,  834,  403,  666,  107, 1063,  785,  292,  352,  303,  602,  611,  403,  897,  617,  970,  409,  557,  877,  907,  771,  190,  243,  659,  863,  881,  654,  327,  792,  544,  659,  950,  269,  896,  215,  831,   27,  949,  600,  916,  479,  327,  117,  293,  560,  860,  719,  221,  146,  929,  595,  876,  885,  459,  621],
        [  354,    0,  899,  966,    0,  683,  323,  737,  608,  514,  463,  869,  773,  717,  390,  277,  623,  603,  958,  135,  861,  452,  862,  286,  474,  618,   37,  330,  660,  451,  162,  386,  728,  464, 1021,  780, 1088, 1084,  633,  539,  497,  441,  969,  916,  425,  454,  438,  397,  905,  476,  535,  372,  915,  477,  635, 1004,  461,  304,  210,  259,  532,   50,  751,  593,  696,  318,  918,  469,  832,  887,  339, 1036,  553,  324,  568,  548,  150,  920,  975,  544,  687,  607,  845,  583,  829,  852,  801,  452,  142,  438,  473,  670,  532,  197,  545,  892,  418,  304,  811,  651, 1023,  242,  642, 1068,  234,  365,  402,  303,  450,  607,  402,  718,  682,  445,  423,  442,  130,  408,  839,  862,   82,  842,  702,  975,  481,  603,  926,  254,  738,  645,  583,  196,  542,  824,  343,  868,  668,  632,  408,  930,  442,  441,  469,  926,  518,  860,  543,  193,  966,  667,  976,  464,  637,  959,  596,  354,  453,  630,  413,  323,  556,  393,  878,  820,  543,  487,  265,  399,  931,  250,  992,  567,  224,  716,  400,  868,  519,  940,  330,  428,  316,  794,  812, 1004,  973,  683,  636,  249,  770,  900,  403,  618,   94,  607,  740,  900],
        [  524,    0,  391,  384,  683,    0,  608,  337,  143,  568,  409,  616,  111,   90,  429,  551,   81,   86,  342,  580,  284,  295,  213,  404,  473,  204,  650,  371,  392,  355,  567,  360,  509,  345,  347,  482,  457,  440,  608,  625,  282,  530,  288,  266,  617,  592,  656,  476,  445,  393,  153,  615,  253,  322,  288,  344,  687,  813,  703,  461,  400,  634,  269,  524,   74,  573,  570,  403,  348,  331,  348,  409,  132,  444,  138,  651,  635,  256,  312,  583,  178,  539,  468,  590,  342,  193,  479,  233,  560,  638,  223,  595,  156,  491,  188,  545,  332,  400,  363,  138,  373,  501,  508,  392,  618,  708,  284,  698,  454,  114,  398,  359,  307,  531,  501,  546,  709,  616,  389,  247,  603,  402,  170,  405,  673,  373,  243,  431,  270,  514,  410,  538,  621,  282,  661,  298,  427,  146,  685,  373,  640,  491,  453,  629,  284,  297,  680,  491,  574,  369,  293,  500,  234,  288,  514,  395,  591,   56,  351,  515,  523,  647,  223,  157,  275,  481,  697,  305,  577,  461,  367,  275,  607,  148,  522,  204,  448,  365,  585,  261,  554,  609,  129,  365,  578,  609,  480,  468,  326,  260,  554,  213,  608,  503,  555,  351],
        [   88,    0,  679,  770,  323,  608,    0,  805,  603,  722,  230,  571,  718,  677,  182,   80,  530,  553,  782,  369,  680,  517,  819,  275,  645,  645,  324,  403,  409,  263,  188,  484,  441,  566,  950,  507, 1063, 1047,  834,  217,  563,  643,  858,  873,  102,  134,  119,  576,  665,  248,  500,  620,  780,  566,  701,  952,  149,  222,  156,  200,  663,  304,  784,  769,  653,   36,  639,  605,  615,  690,  371, 1013,  491,  172,  548,  782,  174,  864,  834,  228,  528,  304,  585,  787,  614,  801,  532,  432,  226,  116,  474,  359,  500,  256,  424,  616,  503,  250,  868,  516,  980,  426,  802,  992,  499,  103,  366,   96,  192,  584,  533,  800,  466,  647,  144,  651,  227,  652,  607,  701,  289,  606,  703,  771,  734,  361,  832,  287,  540,  807,  712,  174,  221,  840,   55,  681,  789,  630,  106,  947,  690,  624,  631,  632,  588,  672,  788,  289,  695,  426,  875,  177,  677,  894,  768,  219,  680,  555,  258,  526,  739,   77,  742,  698,  608,  660,  113,  443,  652,  389,  970,  633,  485,  571,  602,  741,  674,  744,  570,  429,  541,  490,  726,  839,  702,  369,  786,  203,  552,  749,  620,  650,  245,  772,  443,  919],
        [  737,    0,  720,  691,  737,  337,  805,    0,  231,  368,  668,  949,  291,  258,  655,  730,  388,  315,  636,  605,  605,  298,  286,  536,  315,  169,  701,  424,  711,  605,  687,  354,  832,  274,  432,  814,  406,  418,  344,  891,  249,  378,  486,  312,  849,  837,  888,  371,  778,  656,  331,  490,  517,  262,  106,  386,  921,  965,  844,  613,  226,  694,   82,  279,  266,  770,  907,  281,  683,  654,  442,  360,  361,  636,  283,  433,  758,  340,  560,  856,  512,  834,  805,  351,  677,  299,  813,  378,  662,  872,  333,  898,  328,  593,  464,  881,  324,  556,   74,  466,  380,  498,  234,  477,  568,  907,  441,  875,  707,  262,  338,   37,  636,  377,  741,  390,  815,  471,  725,  557,  670,  738,  168,  715,  490,  680,  427,  539,  606,  239,  189,  671,  889,  144,  859,  621,  139,  210,  902,  217,  477,  350,  306,  965,  225,  621,  467,  574,  909,  691,  469,  756,  132,  382,  268,  594,  423,  351,  578,  445,  300,  864,  504,  449,  202,  311,  860,  368,  913,  490,  322,  177,  565,  484,  399,  479,  265,  677,  488,  376,  474,  934,  366,  634,  914,  914,  210,  613,  663,  549,  421,  161,  698,  250,  876,  189],
        [  527,    0,  529,  526,  608,  143,  603,  231,    0,  427,  443,  726,  179,  119,  439,  534,  166,   88,  483,  490,  425,  174,  256,  354,  334,   68,  572,  279,  483,  381,  518,  245,  604,  211,  420,  591,  483,  476,  467,  667,  148,  392,  401,  310,  634,  618,  674,  344,  579,  430,  106,  484,  386,  187,  156,  398,  707,  786,  668,  425,  258,  560,  187,  382,  104,  567,  693,  265,  481,  472,  273,  431,  132,  431,   56,  509,  590,  316,  443,  630,  297,  605,  591,  448,  475,  249,  592,  174,  502,  657,  139,  668,  104,  430,  234,  666,  212,  364,  279,  246,  415,  397,  369,  468,  504,  705,  240,  683,  484,   34,  270,  243,  412,  393,  522,  408,  657,  481,  519,  389,  530,  531,  102,  547,  534,  451,  347,  370,  393,  375,  269,  495,  664,  238,  657,  439,  294,   27,  693,  345,  504,  354,  314,  747,  146,  438,  539,  421,  703,  464,  398,  533,  105,  358,  373,  385,  453,  132,  359,  392,  381,  655,  360,  294,  134,  340,  674,  210,  701,  366,  386,  133,  495,  279,  388,  339,  306,  507,  459,  187,  431,  706,  241,  502,  708,  684,  342,  428,  450,  399,  420,   78,  546,  362,  648,  317],
        [  688,    0,  942,  951,  514,  568,  722,  368,  427,    0,  693, 1079,  588,  532,  644,  644,  569,  496,  910,  389,  848,  301,  626,  467,  101,  377,  483,  343,  824,  638,  548,  275,  938,  235,  786,  950,  773,  785,  120,  886,  293,   80,  810,  664,  802,  809,  834,  149,  983,  691,  455,  159,  810,  256,  317,  746,  866,  805,  690,  531,  171,  488,  431,  102,  524,  694, 1074,  172,  887,  892,  390,  727,  498,  592,  439,   84,  602,  686,  865,  866,  698,  882,  974,   69,  882,  631,  960,  428,  511,  824,  397,  954,  450,  466,  580, 1045,  281,  503,  432,  645,  744,  301,  160,  834,  287,  809,  455,  758,  715,  455,  216,  333,  783,   76,  727,   74,  630,  126,  918,  815,  478,  928,  457,  971,  123,  775,  752,  442,  790,  160,  184,  551,  886,  506,  768,  861,  237,  431,  827,  582,  116,  103,  122, 1114,  286,  858,  112,  434, 1096,  814,  800,  758,  361,  730,  111,  572,   71,  545,  594,  201,   69,  797,  786,  721,  294,   90,  729,  349, 1083,  333,  688,  297,  293,  693,  122,  764,  123,  931,  187,  400,  199, 1035,  660,  928, 1102,  970,  171,  525,  844,  826,  112,  368,  521,  129,  973,  556],
        [  144,    0,  456,  542,  463,  409,  230,  668,  443,  693,    0,  419,  520,  489,   74,  208,  329,  373,  553,  440,  451,  420,  621,  241,  599,  499,  446,  351,  198,   64,  302,  420,  273,  484,  738,  318,  865,  845,  788,  225,  456,  619,  636,  674,  210,  183,  249,  546,  451,   19,  338,  638,  555,  475,  574,  746,  279,  451,  368,  214,  584,  424,  629,  709,  466,  201,  456,  539,  391,  462,  303,  817,  315,  141,  388,  767,  341,  659,  607,  190,  303,  190,  383,  748,  389,  601,  339,  299,  324,  230,  344,  262,  341,  297,  223,  430,  424,  204,  721,  298,  778,  441,  728,  777,  552,  317,  247,  325,   46,  416,  479,  672,  239,  623,   95,  632,  415,  661,  388,  472,  396,  389,  535,  545,  742,  143,  615,  278,  311,  733,  625,  268,  222,  670,  274,  452,  689,  468,  283,  772,  698,  590,  580,  470,  479,  443,  783,  325,  504,  209,  655,   92,  536,  685,  705,  131,  671,  361,  100,  525,  687,  246,  517,  477,  493,  613,  339,  353,  469,  390,  776,  514,  537,  348,  586,  517,  610,  516,  589,  314,  554,  356,  516,  610,  511,  277,  706,  225,  327,  521,  613,  507,  369,  704,  296,  747],
        [  518,    0,  322,  430,  869,  616,  571,  949,  726, 1079,  419,    0,  698,  703,  490,  595,  562,  639,  486,  858,  423,  782,  777,  656,  980,  794,  857,  750,  255,  457,  709,  806,  147,  850,  814,  136,  980,  949, 1158,  378,  805, 1012,  674,  813,  483,  442,  496,  940,  257,  412,  647, 1046,  576,  834,  881,  849,  498,  761,  726,  632,  942,  835,  884, 1074,  689,  562,  113,  912,  309,  388,  701,  947,  606,  558,  684, 1159,  731,  783,  595,  349,  439,  268,  169, 1125,  314,  752,  138,  653,  736,  483,  689,  222,  651,  715,  508,  114,  799,  620,  978,  484,  889,  855, 1078,  833,  970,  602,  627,  646,  422,  692,  864,  966,  315, 1015,  448, 1026,  795, 1066,  264,  479,  809,  250,  785,  412, 1145,  306,  691,  694,  351, 1084,  972,  677,  372,  892,  585,  410, 1016,  742,  545,  968, 1102,  978,  959,   65,  822,  403, 1179,  743,  174,  267,  704,  407,  830,  786, 1067,  548, 1068,  599,  504,  932, 1059,  530,  553,  565,  827,  992,  678,  731,  122,  803,  918,  840,  954,  474,  984,  572,  978,  417,  999,  679,  964,   88,  647,  545,  179,  217, 1052,  643,  298,  524, 1013,  804,  777, 1061,  130,  952],
        [  634,    0,  437,  401,  773,  111,  718,  291,  179,  588,  520,  698,    0,   61,  539,  658,  191,  174,  345,  662,  318,  353,  102,  502,  501,  213,  739,  450,  489,  465,  667,  423,  602,  387,  248,  566,  346,  330,  606,  734,  326,  563,  225,  156,  727,  702,  767,  520,  499,  503,  240,  660,  230,  364,  278,  238,  797,  919,  807,  564,  417,  725,  212,  526,   79,  682,  639,  436,  408,  367,  435,  298,  232,  551,  207,  667,  736,  150,  280,  691,  267,  644,  540,  597,  402,   84,  560,  323,  656,  748,  302,  696,  242,  586,  298,  615,  391,  502,  295,  238,  264,  574,  498,  295,  683,  818,  381,  806,  565,  169,  449,  321,  399,  564,  611,  579,  808,  655,  452,  268,  694,  466,  136,  425,  701,  476,  169,  526,  348,  504,  413,  639,  730,  197,  771,  334,  408,  165,  795,  274,  674,  525,  483,  703,  319,  336,  699,  582,  633,  465,  220,  611,  228,  186,  515,  503,  622,  163,  460,  571,  533,  757,  214,  159,  303,  505,  804,  381,  644,  539,  257,  293,  674,  226,  563,  189,  466,  387,  637,  346,  609,  700,   76,  349,  637,  710,  471,  569,  400,  258,  594,  220,  704,  501,  649,  255],
        [  595,    0,  463,  440,  717,   90,  677,  258,  119,  532,  489,  703,   61,    0,  501,  614,  163,  125,  389,  604,  349,  292,  147,  451,  444,  156,  683,  392,  481,  431,  615,  363,  598,  327,  304,  569,  388,  376,  556,  708,  266,  505,  284,  203,  693,  671,  733,  460,  521,  473,  187,  600,  280,  304,  228,  289,  764,  873,  759,  515,  361,  669,  184,  474,   24,  641,  653,  377,  426,  397,  380,  338,  186,  508,  150,  612,  686,  203,  333,  667,  265,  626,  552,  544,  420,  135,  566,  270,  603,  715,  245,  683,  189,  532,  266,  628,  331,  453,  276,  227,  311,  514,  450,  353,  623,  778,  330,  763,  533,  111,  389,  284,  396,  505,  577,  520,  757,  596,  469,  303,  638,  482,   91,  462,  644,  461,  228,  472,  355,  457,  360,  589,  704,  193,  730,  364,  363,  105,  759,  286,  616,  467,  425,  714,  260,  364,  644,  527,  653,  458,  280,  581,  176,  242,  464,  459,  564,  129,  421,  510,  480,  720,  259,  198,  244,  448,  759,  322,  659,  481,  294,  236,  614,  231,  504,  236,  410,  423,  577,  291,  549,  698,  128,  399,  657,  697,  423,  520,  410,  302,  535,  164,  650,  450,  644,  263],
        [   96,    0,  523,  605,  390,  429,  182,  655,  439,  644,   74,  490,  539,  501,    0,  143,  350,  379,  610,  369,  509,  387,  641,  181,  553,  489,  372,  301,  271,   82,  229,  377,  345,  448,  769,  391,  885,  868,  744,  247,  429,  568,  677,  695,  196,  183,  235,  495,  521,   87,  334,  577,  601,  441,  556,  772,  268,  399,  306,  143,  548,  351,  624,  669,  478,  149,  530,  499,  457,  524,  257,  836,  318,   69,  384,  715,  271,  684,  656,  223,  350,  247,  456,  702,  454,  622,  412,  278,  251,  218,  323,  319,  335,  227,  243,  504,  385,  144,  713,  335,  802,  378,  692,  811,  485,  280,  218,  276,   74,  416,  433,  655,  304,  572,   89,  580,  345,  603,  458,  525,  323,  459,  536,  609,  685,  215,  650,  214,  372,  698,  592,  195,  246,  673,  233,  511,  662,  465,  258,  778,  640,  541,  535,  542,  453,  503,  729,  256,  577,  280,  693,  115,  524,  713,  666,   73,  617,  377,   81,  467,  644,  219,  562,  517,  469,  568,  283,  316,  542,  329,  794,  492,  470,  391,  532,  560,  570,  578,  528,  286,  494,  423,  545,  665,  584,  334,  672,  154,  393,  571,  558,  495,  296,  666,  365,  752],
        [   78,    0,  664,  747,  277,  551,   80,  730,  534,  644,  208,  595,  658,  614,  143,    0,  474,  489,  752,  301,  651,  440,  758,  197,  566,  573,  270,  324,  403,  223,  124,  406,  456,  488,  896,  514, 1001,  987,  756,  270,  486,  565,  812,  813,  165,  184,  192,  497,  658,  225,  433,  546,  739,  488,  626,  894,  223,  263,  163,  121,  584,  249,  713,  690,  591,   51,  650,  526,  598,  666,  293,  951,  429,  107,  480,  705,  138,  806,  795,  270,  490,  331,  586,  708,  596,  742,  537,  361,  159,  184,  402,  394,  433,  179,  372,  626,  425,  175,  795,  470,  921,  350,  723,  939,  430,  178,  295,  150,  183,  517,  454,  724,  446,  569,  148,  574,  208,  577,  596,  666,  228,  596,  634,  750,  659,  350,  782,  208,  514,  728,  633,  101,  272,  771,  131,  654,  711,  561,  185,  878,  615,  546,  552,  653,  511,  645,  712,  213,  702,  416,  827,  189,  604,  838,  689,  156,  603,  496,  206,  449,  660,  153,  701,  653,  532,  581,  147,  366,  663,  311,  907,  557,  415,  529,  525,  697,  595,  721,  496,  356,  466,  518,  673,  807,  709,  407,  707,  124,  534,  712,  544,  577,  189,  693,  466,  850],
        [  445,    0,  374,  391,  623,   81,  530,  388,  166,  569,  329,  562,  191,  163,  350,  474,    0,   79,  360,  529,  283,  277,  293,  339,  470,  234,  591,  326,  325,  275,  498,  332,  445,  336,  422,  427,  537,  519,  623,  546,  277,  520,  348,  346,  537,  512,  576,  459,  418,  313,  118,  594,  295,  314,  321,  423,  607,  737,  629,  390,  408,  574,  328,  538,  143,  495,  528,  398,  321,  325,  295,  489,   80,  368,  133,  652,  565,  335,  355,  504,  133,  464,  426,  599,  315,  273,  428,  184,  494,  558,  189,  522,  123,  427,  108,  501,  309,  331,  424,   81,  452,  459,  531,  466,  580,  629,  222,  620,  374,  132,  378,  404,  248,  522,  420,  537,  639,  600,  356,  261,  542,  368,  228,  408,  664,  301,  311,  370,  229,  537,  427,  467,  542,  353,  582,  295,  459,  181,  605,  449,  628,  482,  449,  582,  286,  292,  679,  431,  540,  305,  358,  420,  269,  365,  529,  319,  582,   38,  272,  487,  532,  567,  259,  198,  283,  479,  621,  266,  536,  415,  447,  291,  568,  125,  506,  247,  452,  368,  559,  215,  527,  547,  199,  395,  545,  537,  504,  397,  286,  288,  539,  243,  544,  520,  491,  426],
        [  472,    0,  449,  457,  603,   86,  553,  315,   88,  496,  373,  639,  174,  125,  379,  489,   79,    0,  420,  497,  352,  213,  271,  329,  399,  156,  569,  286,  397,  313,  493,  276,  518,  267,  420,  503,  512,  500,  547,  595,  205,  452,  372,  326,  573,  553,  613,  395,  496,  359,   69,  533,  338,  244,  243,  410,  645,  749,  635,  391,  333,  554,  262,  461,  102,  517,  607,  327,  398,  396,  266,  462,   62,  383,   58,  579,  563,  323,  397,  556,  212,  525,  504,  524,  392,  256,  505,  152,  483,  595,  138,  587,   72,  413,  154,  579,  249,  329,  356,  160,  435,  416,  452,  467,  533,  654,  208,  638,  416,   54,  316,  329,  325,  454,  458,  468,  635,  536,  434,  322,  522,  446,  164,  476,  596,  367,  325,  353,  307,  459,  349,  466,  592,  298,  607,  365,  381,  106,  637,  401,  562,  414,  378,  660,  212,  362,  607,  411,  618,  378,  376,  464,  192,  359,  452,  335,  513,   49,  299,  431,  457,  598,  306,  240,  207,  407,  634,  220,  614,  377,  418,  213,  522,  199,  442,  289,  378,  435,  502,  177,  470,  620,  211,  447,  623,  602,  425,  396,  365,  341,  474,  166,  531,  443,  562,  375],
        [  696,    0,  165,   67,  958,  342,  782,  636,  483,  910,  553,  486,  345,  389,  610,  752,  360,  420,    0,  879,  102,  632,  375,  673,  815,  539,  929,  684,  401,  530,  813,  691,  460,  685,  348,  391,  519,  484,  943,  697,  623,  871,  206,  387,  745,  707,  779,  814,  231,  534,  476,  952,  125,  663,  616,  393,  800, 1003,  915,  705,  741,  910,  555,  860,  391,  753,  390,  744,  195,  106,  649,  496,  440,  657,  477,  992,  871,  352,  116,  652,  272,  572,  320,  929,  193,  353,  371,  542,  819,  760,  548,  592,  481,  761,  415,  376,  666,  654,  632,  310,  433,  817,  838,  357,  939,  864,  569,  877,  592,  456,  735,  666,  320,  872,  642,  887,  947,  955,  232,  100,  878,  243,  477,   92, 1014,  431,  244,  709,  243,  845,  746,  779,  692,  524,  824,  103,  751,  482,  821,  564,  981,  832,  795,  463,  626,  112, 1022,  772,  356,  376,  237,  620,  563,  337,  850,  615,  932,  373,  555,  847,  863,  789,  132,  192,  616,  822,  890,  626,  388,  771,  478,  615,  927,  246,  861,  157,  789,   71,  919,  574,  886,  528,  270,   64,  357,  600,  811,  714,  246,   88,  894,  548,  870,  837,  503,  557],
        [  367,    0,  840,  895,  135,  580,  369,  605,  490,  389,  440,  858,  662,  604,  369,  301,  529,  497,  879,    0,  787,  326,  746,  216,  341,  493,   99,  213,  626,  411,  182,  257,  713,  332,  908,  754,  965,  963,  508,  569,  369,  313,  868,  799,  464,  484,  488,  264,  856,  449,  429,  260,  823,  346,  505,  888,  517,  417,  305,  227,  398,  100,  622,  462,  584,  351,  891,  335,  774,  818,  234,  914,  453,  302,  456,  433,  220,  805,  883,  564,  611,  611,  808,  458,  770,  738,  772,  348,  143,  483,  361,  680,  425,  144,  466,  864,  290,  246,  679,  570,  903,  108,  510,  956,  131,  439,  311,  382,  440,  493,  268,  585,  630,  317,  428,  316,  241,  295,  788,  781,   91,  793,  580,  906,  374,  569,  821,  176,  675,  513,  449,  200,  571,  697,  405,  795,  533,  513,  469,  801,  331,  310,  335,  909,  389,  789,  433,  117,  933,  629,  872,  467,  509,  846,  465,  314,  333,  530,  366,  193,  426,  445,  787,  725,  413,  355,  348,  282,  903,  124,  869,  437,  117,  634,  271,  775,  386,  869,  213,  320,  191,  792,  708,  920,  940,  694,  503,  217,  715,  814,  278,  492,  137,  475,  733,  771],
        [  595,    0,  121,  109,  861,  284,  680,  605,  425,  848,  451,  423,  318,  349,  509,  651,  283,  352,  102,  787,    0,  559,  375,  579,  750,  487,  834,  599,  304,  429,  715,  614,  375,  617,  392,  312,  559,  526,  892,  600,  556,  802,  252,  400,  644,  607,  678,  742,  187,  432,  401,  877,  154,  595,  570,  428,  700,  902,  814,  607,  682,  815,  528,  807,  345,  651,  341,  678,  115,   50,  561,  528,  361,  557,  409,  931,  771,  368,  182,  554,  177,  477,  254,  873,  111,  350,  296,  459,  722,  659,  470,  502,  406,  666,  322,  322,  591,  558,  613,  221,  468,  732,  791,  412,  854,  762,  479,  775,  490,  395,  661,  632,  220,  804,  541,  818,  848,  883,  160,   58,  782,  173,  439,  125,  946,  331,  270,  616,  142,  797,  693,  680,  594,  511,  723,   16,  708,  429,  721,  569,  911,  764,  729,  412,  563,   20,  959,  679,  323,  279,  282,  519,  515,  366,  798,  515,  864,  303,  456,  768,  806,  688,  133,  162,  556,  758,  789,  545,  343,  683,  502,  558,  841,  160,  789,  153,  728,   85,  841,  491,  807,  453,  250,  161,  325,  512,  763,  616,  152,  102,  822,  497,  773,  786,  420,  557],
        [  457,    0,  646,  666,  452,  295,  517,  298,  174,  301,  420,  782,  353,  292,  387,  440,  277,  213,  632,  326,  559,    0,  426,  243,  201,  167,  415,  128,  528,  359,  390,   72,  645,   68,  591,  652,  640,  638,  377,  634,   49,  245,  572,  478,  573,  568,  610,  184,  685,  414,  159,  320,  548,   55,  192,  567,  644,  668,  547,  320,  165,  406,  300,  294,  275,  483,  773,  130,  589,  601,  147,  588,  201,  354,  158,  383,  461,  487,  607,  605,  400,  605,  674,  343,  584,  421,  660,  130,  366,  596,   96,  676,  154,  296,  279,  745,   39,  267,  368,  348,  580,  227,  308,  640,  331,  617,  173,  582,  451,  188,  103,  287,  482,  248,  475,  261,  520,  324,  619,  534,  379,  629,  255,  684,  388,  481,  519,  242,  490,  314,  206,  375,  633,  373,  570,  571,  276,  192,  618,  479,  352,  208,  179,  816,   73,  568,  408,  278,  796,  516,  570,  499,  186,  530,  289,  319,  306,  259,  321,  221,  278,  581,  517,  452,   96,  212,  564,   74,  783,  203,  544,  122,  322,  401,  230,  499,  197,  644,  290,  108,  260,  744,  411,  659,  802,  692,  287,  319,  544,  553,  263,  167,  403,  286,  682,  449],
        [  736,    0,  495,  438,  862,  213,  819,  286,  256,  626,  621,  777,  102,  147,  641,  758,  293,  271,  375,  746,  375,  426,    0,  597,  549,  268,  827,  534,  582,  567,  762,  498,  691,  449,  167,  650,  245,  230,  625,  834,  392,  612,  202,   56,  829,  804,  869,  579,  561,  605,  334,  716,  250,  427,  309,  143,  899, 1019,  905,  662,  459,  814,  206,  551,  170,  783,  710,  489,  477,  422,  525,  197,  331,  652,  295,  700,  833,   63,  283,  791,  359,  741,  614,  624,  471,   26,  641,  416,  750,  850,  390,  791,  336,  679,  400,  688,  464,  599,  264,  335,  164,  652,  514,  216,  755,  919,  477,  907,  666,  256,  515,  321,  489,  613,  713,  628,  903,  707,  523,  319,  783,  537,  177,  463,  744,  573,  144,  618,  431,  519,  443,  736,  830,  154,  872,  390,  419,  235,  897,  195,  722,  577,  533,  777,  380,  394,  733,  673,  696,  557,  184,  712,  270,  107,  540,  603,  668,  265,  562,  637,  565,  859,  250,  216,  360,  550,  904,  465,  713,  622,  156,  345,  747,  314,  619,  225,  507,  429,  699,  436,  674,  786,  131,  361,  699,  805,  488,  666,  480,  293,  648,  273,  796,  523,  738,  184],
        [  224,    0,  626,  685,  286,  404,  275,  536,  354,  467,  241,  656,  502,  451,  181,  197,  339,  329,  673,  216,  579,  243,  597,    0,  381,  384,  257,  131,  415,  201,  165,  212,  510,  292,  748,  544,  834,  825,  572,  419,  290,  390,  686,  653,  340,  343,  375,  318,  641,  245,  264,  398,  630,  292,  432,  738,  409,  434,  314,   77,  390,  238,  525,  501,  428,  242,  681,  334,  560,  607,   97,  783,  273,  125,  305,  537,  236,  651,  690,  400,  403,  426,  595,  528,  556,  584,  561,  182,  156,  363,  217,  498,  262,   90,  259,  653,  228,   38,  603,  366,  761,  201,  531,  795,  315,  374,  122,  340,  254,  345,  263,  528,  415,  394,  260,  401,  307,  423,  573,  577,  206,  578,  455,  695,  505,  358,  646,   40,  461,  536,  438,  141,  419,  588,  327,  586,  515,  381,  378,  697,  460,  365,  364,  704,  315,  579,  549,  101,  720,  416,  695,  293,  413,  688,  499,  111,  437,  350,  155,  287,  474,  343,  593,  535,  337,  396,  325,  170,  693,  150,  738,  362,  299,  430,  353,  583,  404,  659,  349,  169,  314,  597,  533,  719,  727,  513,  514,   77,  500,  614,  378,  388,  205,  502,  536,  668],
        [  605,    0,  843,  855,  474,  473,  645,  315,  334,  101,  599,  980,  501,  444,  553,  566,  470,  399,  815,  341,  750,  201,  549,  381,    0,  289,  439,  253,  725,  542,  480,  179,  840,  135,  713,  850,  717,  725,  192,  798,  194,   65,  725,  591,  720,  723,  753,   77,  884,  596,  356,  176,  719,  156,  243,  676,  786,  749,  630,  450,   92,  440,  365,  125,  434,  616,  973,   73,  787,  794,  297,  669,  398,  505,  341,  184,  541,  611,  775,  776,  598,  788,  874,  149,  782,  552,  860,  328,  445,  742,  296,  859,  350,  393,  479,  945,  181,  415,  386,  545,  679,  240,  169,  761,  267,  737,  357,  690,  623,  360,  121,  285,  682,   65,  638,   80,  578,  160,  818,  719,  424,  828,  375,  874,  201,  676,  668,  361,  689,  173,  128,  479,  798,  443,  694,  763,  206,  340,  751,  531,  174,   37,   22, 1014,  190,  760,  210,  362,  996,  715,  718,  668,  280,  655,  126,  481,  121,  447,  499,  152,   94,  718,  693,  628,  201,   16,  663,  251,  983,  260,  628,  209,  268,  594,   86,  672,   52,  834,  177,  301,  170,  937,  571,  835, 1002,  875,  164,  444,  744,  732,  107,  282,  464,  135,  875,  503],
        [  574,    0,  593,  585,  618,  204,  645,  169,   68,  377,  499,  794,  213,  156,  489,  573,  234,  156,  539,  493,  487,  167,  268,  384,  289,    0,  581,  289,  550,  437,  544,  237,  671,  181,  434,  659,  473,  472,  406,  724,  127,  351,  437,  316,  684,  670,  723,  312,  645,  488,  162,  451,  435,  160,   88,  405,  756,  817,  697,  459,  206,  571,  141,  322,  149,  609,  761,  225,  547,  534,  295,  422,  195,  474,  115,  457,  615,  330,  489,  688,  365,  667,  658,  391,  541,  267,  660,  214,  523,  707,  171,  732,  160,  452,  298,  734,  204,  399,  225,  314,  416,  393,  305,  483,  489,  748,  279,  720,  539,  102,  248,  177,  480,  352,  575,  367,  679,  444,  586,  448,  543,  598,   92,  607,  489,  516,  380,  394,  460,  311,  208,  524,  721,  208,  699,  501,  227,   59,  739,  315,  462,  314,  271,  815,  113,  500,  488,  438,  770,  531,  430,  588,   38,  374,  313,  430,  409,  199,  411,  370,  325,  701,  411,  348,   93,  293,  708,  223,  768,  370,  377,   81,  482,  345,  354,  389,  254,  567,  432,  218,  407,  773,  284,  553,  775,  747,  277,  460,  518,  453,  384,   10,  564,  300,  714,  286],
        [  345,    0,  875,  940,   37,  650,  324,  701,  572,  483,  446,  857,  739,  683,  372,  270,  591,  569,  929,   99,  834,  415,  827,  257,  439,  581,    0,  294,  641,  430,  149,  349,  714,  427,  986,  763, 1052, 1048,  602,  537,  461,  408,  936,  881,  424,  451,  441,  362,  884,  458,  501,  344,  884,  440,  599,  969,  466,  329,  226,  237,  496,   22,  714,  559,  661,  314,  902,  433,  808,  861,  304, 1000,  520,  306,  533,  520,  154,  885,  944,  539,  659,  598,  826,  551,  805,  817,  784,  418,  122,  440,  438,  663,  498,  169,  515,  876,  382,  278,  774,  622,  987,  206,  608, 1034,  207,  375,  370,  314,  436,  572,  365,  681,  659,  412,  412,  410,  152,  380,  817,  833,   53,  820,  666,  949,  455,  584,  893,  223,  713,  611,  547,  180,  540,  787,  349,  841,  632,  596,  414,  893,  415,  407,  433,  912,  482,  834,  517,  160,  948,  648,  943,  454,  600,  924,  562,  332,  423,  597,  390,  289,  523,  397,  848,  788,  506,  452,  277,  363,  914,  213,  955,  530,  196,  686,  367,  837,  484,  914,  301,  393,  284,  784,  779,  975,  955,  676,  602,  226,  747,  870,  371,  581,   82,  573,  729,  863],
        [  354,    0,  668,  707,  330,  371,  403,  424,  279,  343,  351,  750,  450,  392,  301,  324,  326,  286,  684,  213,  599,  128,  534,  131,  253,  289,  294,    0,  498,  298,  264,   82,  605,  165,  696,  627,  759,  754,  444,  546,  176,  269,  657,  588,  470,  472,  505,  196,  695,  350,  219,  299,  618,  168,  319,  677,  539,  542,  420,  204,  260,  283,  426,  371,  372,  371,  759,  204,  605,  635,   49,  707,  248,  253,  243,  417,  334,  593,  678,  524,  426,  540,  665,  401,  600,  526,  641,  143,  238,  493,  149,  612,  215,  170,  284,  731,  103,  163,  495,  379,  694,  134,  401,  744,  256,  500,  129,  461,  372,  281,  134,  412,  475,  273,  386,  282,  392,  317,  627,  584,  254,  634,  373,  722,  396,  445,  610,  119,  503,  406,  310,  251,  545,  497,  454,  609,  388,  303,  507,  604,  353,  241,  235,  791,  200,  603,  433,  151,  791,  493,  661,  416,  312,  634,  369,  229,  322,  322,  253,  184,  345,  473,  584,  520,  223,  268,  441,   70,  770,   91,  662,  249,  243,  440,  236,  569,  274,  683,  255,  112,  220,  699,  497,  720,  797,  627,  384,  201,  551,  613,  265,  290,  276,  371,  637,  574],
        [  332,    0,  274,  375,  660,  392,  409,  711,  483,  824,  198,  255,  489,  481,  271,  403,  325,  397,  401,  626,  304,  528,  582,  415,  725,  550,  641,  498,    0,  216,  499,  551,  122,  596,  660,  130,  810,  784,  904,  297,  551,  758,  534,  626,  353,  313,  383,  686,  257,  184,  396,  797,  440,  580,  635,  681,  402,  626,  558,  406,  688,  619,  653,  820,  463,  387,  266,  657,  214,  299,  450,  769,  357,  336,  437,  904,  538,  602,  481,  251,  223,  175,  186,  870,  214,  558,  146,  398,  519,  365,  435,  212,  401,  485,  256,  238,  544,  382,  748,  255,  718,  610,  826,  690,  729,  476,  373,  500,  222,  450,  610,  725,   95,  761,  266,  772,  610,  815,  200,  343,  590,  198,  553,  371,  892,   58,  531,  455,  170,  832,  720,  465,  291,  673,  442,  300,  767,  502,  429,  761,  850,  724,  704,  293,  569,  290,  925,  510,  308,   27,  559,  234,  587,  617,  813,  314,  815,  362,  261,  681,  805,  399,  406,  389,  575,  737,  522,  476,  278,  558,  733,  590,  713,  269,  730,  415,  724,  350,  751,  425,  715,  224,  456,  463,  315,  224,  801,  417,  156,  395,  761,  559,  566,  808,  166,  741],
        [  176,    0,  451,  527,  451,  355,  263,  605,  381,  638,   64,  457,  465,  431,   82,  223,  275,  313,  530,  411,  429,  359,  567,  201,  542,  437,  430,  298,  216,    0,  295,  364,  311,  425,  690,  344,  811,  793,  730,  287,  395,  566,  596,  620,  263,  240,  302,  493,  454,   56,  276,  591,  519,  414,  510,  695,  334,  481,  386,  193,  524,  409,  567,  650,  408,  230,  481,  481,  384,  446,  250,  763,  254,  131,  326,  714,  345,  608,  574,  253,  268,  247,  399,  691,  381,  547,  362,  237,  310,  284,  281,  318,  278,  270,  167,  454,  365,  166,  658,  254,  726,  399,  667,  731,  515,  358,  187,  357,  104,  355,  422,  609,  232,  569,  147,  579,  421,  612,  389,  443,  378,  391,  474,  532,  693,  159,  570,  240,  294,  673,  564,  260,  285,  610,  313,  432,  626,  406,  331,  713,  649,  535,  522,  503,  417,  424,  731,  294,  523,  219,  613,  153,  473,  635,  646,   99,  619,  304,   47,  477,  629,  293,  480,  436,  430,  556,  365,  294,  493,  347,  721,  451,  499,  309,  534,  478,  551,  500,  544,  252,  508,  402,  466,  584,  530,  334,  645,  204,  321,  489,  562,  444,  358,  644,  340,  687],
