{
    "name": "random-60-1082",
    "comment": "size=60 seed=1082",
    "nodes": ["+0", "-0", "+1", "-1", "+2", "-2", "+3", "-3", "+4", "-4", "+5", "-5", "+6", "-6", "+7", "-7", "+8", "-8", "+9", "-9", "+10", "-10", "+11", "-11", "+12", "-12", "+13", "-13", "+14", "-14", "+15", "-15", "+16", "-16", "+17", "-17", "+18", "-18", "+19", "-19", "+20", "-20", "+21", "-21", "+22", "-22", "+23", "-23", "+24", "-24", "+25", "-25", "+26", "-26", "+27", "-27", "+28", "-28", "+29", "-29", "+30", "-30", "+31", "-31", "+32", "-32", "+33", "-33", "+34", "-34", "+35", "-35", "+36", "-36", "+37", "-37", "+38", "-38", "+39", "-39", "+40", "-40", "+41", "-41", "+42", "-42", "+43", "-43", "+44", "-44", "+45", "-45", "+46", "-46", "+47", "-47", "+48", "-48", "+49", "-49", "+50", "-50", "+51", "-51", "+52", "-52", "+53", "-53", "+54", "-54", "+55", "-55", "+56", "-56", "+57", "-57", "+58", "-58", "+59", "-59", "+60", "-60"],
    "precedence": {
        "+0": "-0",
        "+1": "-1",
        "+2": "-2",
        "+3": "-3",
        "+4": "-4",
        "+5": "-5",
        "+6": "-6",
        "+7": "-7",
        "+8": "-8",
        "+9": "-9",
        "+10": "-10",
        "+11": "-11",
        "+12": "-12",
        "+13": "-13",
        "+14": "-14",
        "+15": "-15",
        "+16": "-16",
        "+17": "-17",
        "+18": "-18",
        "+19": "-19",
        "+20": "-20",
        "+21": "-21",
        "+22": "-22",
        "+23": "-23",
        "+24": "-24",
        "+25": "-25",
        "+26": "-26",
        "+27": "-27",
        "+28": "-28",
        "+29": "-29",
        "+30": "-30",
        "+31": "-31",
        "+32": "-32",
        "+33": "-33",
        "+34": "-34",
        "+35": "-35",
        "+36": "-36",
        "+37": "-37",
        "+38": "-38",
        "+39": "-39",
        "+40": "-40",
        "+41": "-41",
        "+42": "-42",
        "+43": "-43",
        "+44": "-44",
        "+45": "-45",
        "+46": "-46",
        "+47": "-47",
        "+48": "-48",
        "+49": "-49",
        "+50": "-50",
        "+51": "-51",
        "+52": "-52",
        "+53": "-53",
        "+54": "-54",
        "+55": "-55",
        "+56": "-56",
        "+57": "-57",
        "+58": "-58",
        "+59": "-59",
        "+60": "-60"
    },
    "edges": [
        [    0,    0,  420,  454,  807,  376,  519,  123,  101,  162,  426,  939,  761,  208,  772,  145,  793,  399,  702,  751,  422,  803,  135,  674,  370,  566,  672,  593,  733,  531,  525,  845,  186,  555,  379,  458,  528,  411,  633,  413,  264,  440,  706,  541,  421,  433,  306,  149,  701,  523,  373,  690,  659,  829,  153,  414,  761,  742,  409,   73,  741,  646,  458,  345,  447,  648,  901,  325,  438,   21,  488,  631,  634,  365,  456,  781,  640,  272,  311,  317,  577,  143,  346,  683,  763,  145,  596,  305,  297,  235,  216,  523,   96,   54,  512,  321,  501,  542,  542,  272,  924,  243,  720,  467,  240,  447,  540,   73,  783,  408,  490,  337,  224,  434,  316,  803,  136,  662,  480,  220,  442,  310],
        [    0,    0,    0,    0,    0,    0,    0,    0,    0,    0,    0,    0,    0,    0,    0,    0,    0,    0,    0,    0,    0,    0,    0,    0,    0,    0,    0,    0,    0,    0,    0,    0,    0,    0,    0,    0,    0,    0,    0,    0,    0,    0,    0,    0,    0,    0,    0,    0,    0,    0,    0,    0,    0,    0,    0,    0,    0,    0,    0,    0,    0,    0,    0,    0,    0,    0,    0,    0,    0,    0,    0,    0,    0,    0,    0,    0,    0,    0,    0,    0,    0,    0,    0,    0,    0,    0,    0,    0,    0,    0,    0,    0,    0,    0,    0,    0,    0,    0,    0,    0,    0,    0,    0,    0,    0,    0,    0,    0,    0,    0,    0,    0,    0,    0,    0,    0,    0,    0,    0,    0,    0,    0],
        [  420,    0,    0,  611,  624,  476,  149,  542,  497,  567,  719,  560,  344,  578,  595,  283,  411,  431,  387,  339,  273,  493,  307,  389,  612,  155,  410,  187,  342,  401,  414,  428,  304,  586,  230,  372,  220,  518,  602,  368,  335,  103,  357,  269,   59,  384,  541,  412,  328,  312,  604,  271,  265,  444,  496,   94,  443,  604,  374,  348,  341,  260,  138,  470,  438,  259,  670,  625,  104,  421,  180,  466,  254,  270,  284,  375,  295,  643,  573,  205,  341,  351,  553,  437,  510,  312,  345,  589,  125,  584,  618,  718,  492,  464,  563,  178,  575,  331,  275,  360,  640,  532,  398,  431,  609,  118,  155,  492,  367,  313,   89,  307,  546,  314,  148,  408,  318,  310,  239,  483,  561,  372],
        [  454,    0,  611,    0,  536,  819,  595,  464,  531,  555,  213, 1162,  902,  332,  507,  509, 1015,  194,  994,  916,  378,  678,  527,  568,  821,  754,  541,  787,  943,  916,  917,  984,  358,  174,  396,  853,  816,  859,  276,  817,  286,  695,  667,  853,  654,  839,  154,  311,  937,  434,  112,  827,  707, 1046,  319,  535,  661,  448,  817,  460,  778,  868,  532,  791,  868,  866,  657,  210,  543,  434,  771,  415,  863,  351,  811,  961,  622,  335,  761,  660,  472,  350,  800,  529,  584,  387,  495,  751,  523,  295,  404,  110,  394,  489,  139,  434,  111,  437,  495,  260,  736,  694,  639,  882,  329,  539,  765,  453,  862,  328,  699,  307,  668,  344,  468, 1004,  541,  643,  459,  236,  892,  241],
        [  807,    0,  624,  536,    0, 1059,  494,  884,  907,  961,  749,  994,  707,  802,   35,  757,  882,  430,  953,  744,  404,  262,  788,  263, 1145,  677,  229,  701,  817, 1025, 1037,  760,  624,  365,  458,  992,  827, 1104,  269,  981,  544,  724,  370,  880,  683,  999,  630,  678,  844,  321,  632,  655,  491,  898,  747,  538,  287,   91,  985,  763,  510,  780,  487, 1043, 1049,  775,  123,  724,  522,  792,  795,  179,  786,  453,  907,  792,  386,  833, 1091,  802,  284,  664, 1100,  197,  155,  668,  281, 1094,  641,  776,  876,  610,  804,  859,  397,  540,  426,  301,  350,  540,  227, 1030,  306, 1047,  815,  507,  725,  850,  609,  403,  675,  472, 1022,  380,  570,  848,  805,  389,  392,  664, 1146,  503],
        [  376,    0,  476,  819, 1059,    0,  624,  435,  340,  374,  798,  781,  722,  572, 1026,  324,  662,  720,  512,  691,  658,  967,  299,  854,  181,  545,  868,  554,  630,  249,  231,  788,  481,  890,  603,  189,  405,   45,  950,  148,  572,  411,  833,  378,  431,  151,  678,  510,  578,  740,  746,  676,  733,  697,  528,  540,  917, 1016,  139,  360,  800,  558,  596,   33,  116,  563, 1126,  699,  561,  395,  393,  884,  541,  616,  268,  698,  770,  626,  184,  273,  785,  473,  121,  891,  970,  442,  795,  212,  421,  604,  551,  896,  462,  360,  851,  521,  847,  761,  726,  591, 1111,  206,  872,  146,  600,  576,  490,  410,  795,  671,  484,  616,  245,  688,  490,  693,  283,  786,  673,  591,   88,  627],
        [  519,    0,  149,  595,  494,  624,    0,  637,  607,  676,  740,  577,  308,  642,  467,  398,  437,  401,  469,  324,  219,  345,  426,  246,  754,  192,  271,  221,  365,  539,  554,  391,  363,  528,  204,  516,  334,  667,  520,  516,  356,  238,  210,  387,  201,  531,  562,  471,  375,  207,  615,  232,  142,  464,  560,  105,  294,  487,  522,  450,  224,  305,   69,  616,  586,  301,  528,  657,   82,  515,  303,  352,  307,  249,  424,  370,  146,  702,  712,  352,  219,  417,  697,  300,  369,  387,  216,  725,  234,  639,  694,  704,  574,  568,  515,  210,  533,  221,  152,  377,  492,  666,  250,  577,  670,   74,  233,  588,  282,  268,  182,  297,  675,  256,  204,  418,  440,  163,  146,  524,  710,  373],
        [  123,    0,  542,  464,  884,  435,  637,    0,   95,   92,  379, 1058,  884,  149,  850,  267,  912,  460,  816,  874,  520,  905,  252,  776,  376,  688,  770,  716,  854,  625,  616,  967,  286,  595,  482,  551,  645,  463,  684,  503,  346,  561,  817,  655,  543,  522,  311,  207,  820,  621,  364,  813,  778,  949,  149,  533,  866,  813,  498,  195,  860,  767,  574,  403,  525,  769,  986,  289,  556,  123,  606,  713,  755,  461,  563,  903,  751,  194,  318,  432,  675,  235,  372,  778,  856,  253,  696,  301,  419,  187,  116,  509,   81,   90,  551,  433,  534,  638,  647,  346, 1019,  255,  826,  549,  171,  564,  662,   50,  904,  498,  612,  425,  221,  524,  433,  924,  250,  774,  585,  238,  484,  382],
        [  101,    0,  497,  531,  907,  340,  607,   95,    0,   71,  467,  988,  831,  237,  872,  215,  845,  495,  738,  817,  522,  900,  192,  772,  293,  634,  771,  659,  790,  535,  526,  913,  287,  645,  478,  462,  573,  368,  728,  413,  363,  500,  800,  578,  488,  431,  378,  240,  753,  623,  438,  764,  746,  882,  213,  502,  858,  841,  407,  160,  827,  704,  549,  308,  431,  706, 1002,  374,  526,  116,  537,  731,  690,  465,  480,  843,  733,  288,  233,  360,  676,  243,  282,  783,  863,  245,  695,  221,  378,  273,  211,  587,  139,   49,  602,  416,  589,  642,  640,  370, 1024,  167,  816,  456,  263,  537,  602,   79,  863,  509,  558,  437,  138,  534,  407,  860,  184,  755,  578,  297,  391,  409],
        [  162,    0,  567,  555,  961,  374,  676,   92,   71,    0,  464, 1053,  901,  237,  926,  285,  911,  541,  800,  887,  583,  964,  262,  836,  291,  704,  833,  728,  857,  587,  576,  982,  347,  682,  541,  514,  638,  396,  770,  464,  417,  569,  867,  641,  558,  481,  402,  285,  819,  684,  455,  834,  815,  948,  238,  571,  923,  892,  458,  228,  897,  772,  617,  343,  475,  774, 1058,  379,  595,  173,  604,  786,  758,  525,  540,  911,  800,  275,  235,  427,  738,  300,  296,  844,  923,  307,  757,  216,  448,  276,  190,  599,  166,  110,  639,  482,  623,  703,  704,  421, 1085,  178,  882,  501,  256,  605,  671,  112,  933,  566,  628,  494,  140,  592,  475,  927,  253,  822,  642,  327,  413,  459],
        [  426,    0,  719,  213,  749,  798,  740,  379,  467,  464,    0, 1279, 1042,  231,  720,  534, 1129,  369, 1078, 1049,  538,  877,  540,  761,  754,  872,  737,  905, 1060,  948,  944, 1127,  422,  386,  537,  878,  897,  831,  487,  834,  389,  784,  849,  924,  749,  856,  180,  326, 1044,  614,  131,  965,  868, 1163,  275,  660,  855,  660,  832,  464,  944,  978,  673,  767,  872,  977,  869,  103,  675,  408,  852,  621,  970,  494,  859, 1089,  796,  193,  696,  708,  659,  387,  749,  729,  789,  430,  682,  679,  608,  196,  278,  174,  337,  439,  352,  547,  323,  621,  669,  366,  945,  632,  829,  892,  209,  674,  870,  391, 1020,  491,  806,  445,  599,  513,  573, 1126,  549,  819,  622,  242,  857,  369],
        [  939,    0,  560, 1162,  994,  781,  577, 1058,  988, 1053, 1279,    0,  289, 1124,  978,  795,  150,  972,  270,  258,  793,  750,  806,  738,  962,  409,  776,  376,  220,  541,  562,  240,  860, 1104,  767,  593,  415,  801, 1090,  636,  894,  504,  625,  417,  534,  631, 1101,  966,  240,  776, 1163,  353,  511,  116, 1045,  628,  712, 1019,  645,  871,  485,  302,  633,  798,  673,  302,  972, 1183,  619,  946,  453,  901,  310,  812,  526,  209,  620, 1190,  954,  628,  770,  904,  900,  808,  841,  862,  758,  980,  674, 1136, 1153, 1271, 1026,  970, 1091,  735, 1108,  786,  713,  918,  876,  946,  688,  645, 1157,  624,  410, 1010,  389,  841,  473,  856,  977,  832,  707,  159,  809,  611,  722, 1041,  831,  926],
        [  761,    0,  344,  902,  707,  722,  308,  884,  831,  901, 1042,  289,    0,  919,  690,  620,  184,  709,  316,   47,  526,  470,  640,  450,  890,  198,  487,  176,  138,  533,  554,   86,  641,  827,  510,  553,  320,  755,  806,  579,  654,  337,  338,  357,  344,  584,  863,  751,  190,  496,  919,   77,  223,  194,  838,  383,  428,  730,  588,  689,  202,  171,  373,  728,  638,  165,  692,  954,  368,  763,  330,  614,  188,  555,  458,   88,  332,  983,  864,  490,  485,  691,  827,  519,  555,  654,  471,  885,  468,  923,  961, 1012,  835,  802,  819,  497,  839,  503,  432,  677,  605,  837,  402,  617,  950,  369,  238,  834,  117,  575,  274,  603,  859,  562,  478,  144,  648,  323,  449,  816,  794,  677],
        [  208,    0,  578,  332,  802,  572,  642,  149,  237,  237,  231, 1124,  919,    0,  769,  339,  975,  373,  900,  917,  481,  863,  337,  735,  524,  732,  722,  762,  911,  738,  733, 1005,  280,  480,  457,  666,  721,  603,  576,  620,  301,  621,  797,  740,  593,  641,  184,  171,  885,  578,  224,  845,  781, 1011,   82,  544,  829,  723,  617,  262,  862,  825,  574,  540,  652,  826,  912,  142,  564,  193,  678,  641,  815,  425,  661,  951,  735,   67,  466,  517,  631,  229,  518,  724,  798,  267,  653,  449,  455,   39,   76,  364,  113,  212,  437,  432,  416,  592,  617,  290,  962,  402,  794,  673,   33,  569,  717,  162,  921,  447,  659,  379,  369,  474,  444,  980,  342,  758,  559,  141,  627,  316],
        [  772,    0,  595,  507,   35, 1026,  467,  850,  872,  926,  720,  978,  690,  769,    0,  723,  862,  396,  929,  726,  370,  257,  753,  242, 1111,  652,  206,  677,  796,  995, 1007,  746,  590,  338,  425,  961,  800, 1071,  244,  949,  510,  695,  354,  852,  653,  968,  598,  644,  821,  289,  601,  635,  472,  879,  713,  507,  277,   69,  953,  729,  495,  757,  457, 1009, 1017,  752,  150,  693,  492,  757,  766,  145,  763,  419,  877,  774,  364,  801, 1057,  770,  254,  630, 1066,  174,  145,  634,  252, 1060,  608,  743,  843,  584,  770,  824,  369,  506,  397,  269,  321,  505,  243,  995,  291, 1016,  782,  477,  699,  815,  594,  368,  647,  437,  988,  346,  537,  829,  771,  369,  360,  630, 1113,  469],
        [  145,    0,  283,  509,  757,  324,  398,  267,  215,  285,  534,  795,  620,  339,  723,    0,  648,  397,  562,  608,  354,  710,   32,  585,  389,  423,  590,  450,  588,  417,  415,  702,  159,  567,  302,  349,  385,  366,  628,  310,  249,  295,  598,  402,  277,  332,  381,  211,  556,  448,  452,  551,  535,  684,  266,  294,  664,  705,  309,   78,  615,  501,  345,  300,  360,  503,  837,  431,  318,  152,  344,  579,  489,  305,  327,  636,  531,  404,  337,  179,  498,  160,  344,  607,  688,  123,  514,  343,  166,  358,  359,  596,  233,  183,  529,  226,  526,  468,  451,  269,  843,  280,  621,  374,  371,  330,  396,  218,  649,  357,  347,  296,  282,  378,  207,  658,   49,  552,  391,  298,  405,  304],
        [  793,    0,  411, 1015,  882,  662,  437,  912,  845,  911, 1129,  150,  184,  975,  862,  648,    0,  827,  171,  141,  649,  651,  661,  621,  841,  261,  657,  228,   73,  435,  457,  181,  711,  963,  621,  476,  275,  687,  955,  515,  744,  355,  515,  286,  384,  513,  951,  816,   93,  641, 1014,  228,  391,   38,  896,  481,  609,  898,  524,  723,  384,  152,  490,  676,  560,  152,  873, 1034,  473,  799,  308,  774,  161,  666,  398,   98,  499, 1041,  827,  485,  640,  754,  778,  689,  732,  712,  630,  851,  524,  986, 1005, 1124,  878,  825,  949,  586,  965,  652,  580,  769,  788,  814,  579,  534, 1007,  479,  261,  864,  300,  697,  323,  709,  842,  689,  558,   48,  664,  493,  583,  892,  720,  778],
        [  399,    0,  431,  194,  430,  720,  401,  460,  495,  541,  369,  972,  709,  373,  396,  397,  827,    0,  818,  724,  184,  512,  423,  392,  763,  567,  371,  600,  755,  772,  777,  790,  240,  172,  206,  717,  644,  763,  236,  688,  149,  522,  482,  686,  479,  709,  212,  257,  752,  246,  239,  633,  514,  857,  318,  348,  487,  354,  689,  374,  586,  682,  340,  696,  747,  680,  539,  314,  354,  382,  600,  270,  679,  162,  660,  769,  432,  409,  704,  516,  290,  261,  728,  366,  433,  281,  313,  701,  361,  349,  447,  304,  379,  448,  139,  258,  145,  253,  304,  132,  595,  638,  460,  755,  388,  348,  583,  430,  669,  134,  517,  126,  623,  151,  295,  814,  439,  454,  266,  234,  801,   94],
        [  702,    0,  387,  994,  953,  512,  469,  816,  738,  800, 1078,  270,  316,  900,  929,  562,  171,  818,    0,  271,  656,  750,  568,  693,  692,  279,  725,  253,  180,  272,  294,  342,  658,  972,  616,  323,  182,  532,  981,  367,  711,  299,  604,  161,  341,  361,  907,  754,  128,  674,  974,  324,  474,  199,  824,  476,  702,  954,  376,  639,  493,  176,  503,  529,  404,  182,  964,  978,  477,  712,  227,  821,  168,  657,  263,  247,  571,  966,  686,  385,  687,  693,  631,  757,  813,  649,  682,  712,  475,  916,  918, 1099,  794,  726,  950,  562,  962,  689,  620,  736,  895,  682,  666,  376,  932,  488,  241,  770,  430,  699,  305,  693,  714,  698,  527,  215,  567,  572,  606,  837,  562,  753],
        [  751,    0,  339,  916,  744,  691,  324,  874,  817,  887, 1049,  258,   47,  917,  726,  608,  141,  724,  271,    0,  542,  511,  627,  485,  862,  186,  522,  159,   92,  494,  516,   99,  641,  849,  522,  518,  287,  723,  832,  547,  660,  318,  376,  321,  331,  550,  869,  750,  145,  519,  927,   95,  255,  154,  835,  389,  469,  764,  555,  680,  243,  135,  385,  699,  604,  129,  733,  958,  376,  754,  302,  644,  152,  567,  426,   49,  364,  981,  839,  469,  513,  689,  799,  554,  593,  651,  500,  860,  462,  922,  955, 1026,  828,  790,  839,  502,  857,  529,  456,  684,  648,  815,  440,  582,  948,  379,  217,  824,  163,  591,  262,  613,  838,  580,  479,  104,  634,  357,  468,  818,  761,  687],
        [  422,    0,  273,  378,  404,  658,  219,  520,  522,  583,  538,  793,  526,  481,  370,  354,  649,  184,  656,  542,    0,  387,  385,  258,  743,  392,  251,  425,  577,  654,  663,  607,  237,  317,   56,  610,  493,  703,  330,  591,  182,  373,  319,  540,  328,  612,  364,  321,  579,  102,  408,  450,  333,  678,  407,  181,  350,  359,  595,  369,  408,  509,  160,  640,  658,  506,  485,  465,  181,  411,  451,  227,  507,   59,  537,  588,  261,  533,  690,  411,  156,  286,  696,  261,  341,  278,  176,  695,  246,  469,  546,  487,  444,  476,  300,  138,  316,  120,  137,  193,  502,  630,  313,  659,  505,  172,  416,  477,  487,   50,  352,  103,  626,   42,  173,  634,  402,  284,   85,  347,  745,  174],
        [  803,    0,  493,  678,  262,  967,  345,  905,  900,  964,  877,  750,  470,  863,  257,  710,  651,  512,  750,  511,  387,    0,  741,  130, 1087,  490,  143,  506,  593,  875,  891,  512,  620,  532,  424,  859,  657, 1010,  463,  860,  567,  578,  148,  710,  545,  875,  723,  707,  629,  286,  748,  431,  278,  663,  791,  430,   52,  318,  866,  742,  269,  574,  374,  957,  930,  568,  223,  825,  407,  793,  634,  267,  584,  445,  764,  557,  200,  910, 1041,  695,  233,  671, 1033,  150,  115,  658,  211, 1050,  558,  847,  930,  774,  830,  855,  549,  487,  577,  272,  261,  574,  150,  988,   96,  921,  884,  392,  547,  861,  361,  416,  513,  486,  991,  390,  504,  613,  756,  189,  323,  725, 1053,  548],
        [  135,    0,  307,  527,  788,  299,  426,  252,  192,  262,  540,  806,  640,  337,  753,   32,  661,  423,  568,  627,  385,  741,    0,  616,  358,  443,  622,  468,  603,  408,  405,  722,  184,  592,  333,  338,  394,  341,  655,  297,  274,  311,  628,  407,  297,  319,  395,  223,  569,  479,  465,  573,  562,  697,  269,  323,  695,  735,  295,   77,  642,  516,  374,  274,  342,  519,  868,  438,  347,  146,  354,  609,  504,  335,  325,  654,  561,  402,  305,  183,  530,  178,  314,  638,  719,  144,  545,  312,  194,  359,  351,  611,  228,  165,  553,  257,  549,  500,  482,  293,  874,  249,  651,  358,  369,  359,  412,  205,  673,  387,  367,  325,  251,  409,  238,  673,   18,  581,  422,  310,  379,  330],
        [  674,    0,  389,  568,  263,  854,  246,  776,  772,  836,  761,  738,  450,  735,  242,  585,  621,  392,  693,  485,  258,  130,  616,    0,  967,  418,   39,  441,  555,  784,  799,  510,  491,  438,  296,  760,  576,  898,  385,  756,  438,  483,  120,  629,  445,  773,  600,  578,  582,  158,  630,  394,  230,  638,  663,  315,   96,  282,  762,  615,  261,  518,  259,  843,  826,  513,  283,  703,  294,  664,  547,  181,  525,  316,  669,  533,  124,  784,  919,  585,  106,  542,  914,   70,  124,  529,   83,  927,  439,  720,  802,  670,  701,  727,  447,  361,  473,  145,  135,  446,  259,  864,   72,  820,  757,  279,  469,  732,  361,  289,  425,  357,  866,  262,  380,  588,  633,  128,  196,  598,  941,  421],
        [  370,    0,  612,  821, 1145,  181,  754,  376,  293,  291,  754,  962,  890,  524, 1111,  389,  841,  763,  692,  862,  743, 1087,  358,  967,    0,  704,  975,  718,  805,  429,  410,  959,  529,  923,  690,  370,  578,  169,  998,  327,  618,  565,  963,  556,  577,  332,  669,  519,  755,  836,  731,  838,  876,  876,  505,  659, 1039, 1090,  318,  390,  949,  730,  714,  166,  294,  735, 1225,  664,  683,  390,  560,  967,  713,  692,  444,  872,  897,  565,   61,  413,  885,  502,   64,  993, 1074,  485,  899,   76,  530,  562,  481,  879,  431,  332,  881,  612,  871,  856,  834,  632, 1225,  128,  995,  324,  546,  696,  654,  372,  955,  744,  637,  679,  156,  766,  588,  870,  341,  916,  775,  586,  158,  671],
        [  566,    0,  155,  754,  677,  545,  192,  688,  634,  704,  872,  409,  198,  732,  652,  423,  261,  567,  279,  186,  392,  490,  443,  418,  704,    0,  449,   34,  190,  395,  414,  280,  458,  708,  361,  394,  170,  582,  709,  410,  485,  142,  342,  222,  147,  420,  693,  567,  188,  398,  754,  135,  216,  293,  650,  220,  440,  676,  418,  494,  265,  117,  233,  547,  476,  114,  696,  779,  214,  569,  159,  543,  117,  405,  296,  220,  299,  797,  675,  296,  409,  505,  642,  481,  541,  466,  404,  694,  277,  739,  769,  863,  642,  606,  692,  327,  707,  412,  343,  510,  639,  644,  400,  460,  763,  221,   60,  639,  251,  439,   77,  448,  664,  433,  300,  254,  451,  304,  333,  638,  623,  518],
        [  672,    0,  410,  541,  229,  868,  271,  770,  771,  833,  737,  776,  487,  722,  206,  590,  657,  371,  725,  522,  251,  143,  622,   39,  975,  449,    0,  473,  591,  808,  822,  548,  487,  405,  294,  781,  603,  912,  349,  775,  428,  506,  159,  656,  467,  792,  581,  569,  616,  149,  607,  430,  267,  675,  652,  331,  120,  244,  780,  615,  300,  552,  276,  855,  844,  547,  261,  683,  311,  661,  573,  144,  558,  310,  692,  570,  159,  768,  925,  601,   95,  536,  924,   33,  102,  527,   77,  933,  450,  705,  790,  640,  693,  725,  416,  365,  443,  132,  143,  434,  254,  870,  107,  839,  743,  296,  498,  728,  399,  276,  452,  347,  869,  249,  387,  625,  638,  165,  200,  584,  955,  407],
        [  593,    0,  187,  787,  701,  554,  221,  716,  659,  728,  905,  376,  176,  762,  677,  450,  228,  600,  253,  159,  425,  506,  468,  441,  718,   34,  473,    0,  157,  391,  410,  255,  490,  741,  394,  396,  166,  590,  740,  416,  518,  162,  359,  214,  173,  424,  726,  598,  155,  428,  788,  122,  230,  260,  681,  253,  457,  703,  424,  522,  269,   85,  266,  558,  480,   82,  716,  811,  247,  597,  163,  571,   87,  439,  299,  190,  320,  827,  691,  315,  436,  536,  655,  505,  562,  496,  430,  711,  307,  770,  799,  896,  671,  632,  724,  360,  740,  442,  371,  543,  654,  662,  418,  462,  794,  254,   65,  666,  243,  472,  104,  481,  684,  466,  333,  222,  476,  323,  364,  670,  630,  551],
        [  733,    0,  342,  943,  817,  630,  365,  854,  790,  857, 1060,  220,  138,  911,  796,  588,   73,  755,  180,   92,  577,  593,  603,  555,  805,  190,  591,  157,    0,  418,  439,  168,  643,  891,  549,  449,  230,  658,  884,  483,  674,  294,  453,  253,  318,  484,  882,  750,   57,  569,  944,  164,  326,  104,  831,  409,  548,  830,  492,  663,  328,   87,  418,  641,  535,   86,  813,  966,  401,  738,  256,  704,  100,  594,  363,   72,  432,  977,  788,  432,  570,  688,  742,  623,  669,  646,  561,  811,  458,  920,  943, 1052,  816,  767,  877,  516,  893,  581,  509,  699,  733,  769,  517,  511,  943,  407,  195,  805,  254,  625,  255,  637,  796,  617,  488,   71,  607,  428,  511,  824,  694,  707],
        [  531,    0,  401,  916, 1025,  249,  539,  625,  535,  587,  948,  541,  533,  738,  995,  417,  435,  772,  272,  494,  654,  875,  408,  784,  429,  395,  808,  391,  418,    0,   22,  584,  558,  942,  602,   74,  226,  263,  979,  124,  635,  302,  729,  178,  343,  107,  797,  627,  362,  710,  867,  507,  609,  467,  676,  490,  824, 1001,  130,  484,  659,  363,  538,  272,  135,  369, 1067,  845,  504,  546,  242,  863,  346,  631,  119,  489,  677,  801,  431,  258,  741,  574,  370,  836,  907,  532,  745,  459,  416,  764,  738, 1009,  626,  537,  911,  525,  914,  729,  675,  660, 1025,  440,  782,  106,  770,  519,  336,  587,  628,  683,  362,  650,  477,  693,  487,  472,  400,  687,  637,  715,  291,  689],
        [  525,    0,  414,  917, 1037,  231,  554,  616,  526,  576,  944,  562,  554,  733, 1007,  415,  457,  777,  294,  516,  663,  891,  405,  799,  410,  414,  822,  410,  439,   22,    0,  606,  559,  948,  610,   67,  245,  243,  987,  114,  639,  317,  746,  199,  356,   95,  796,  626,  383,  721,  866,  527,  627,  488,  671,  501,  840, 1012,  119,  481,  678,  384,  551,  255,  117,  390, 1081,  842,  516,  541,  259,  875,  367,  639,  131,  511,  693,  795,  414,  262,  754,  573,  352,  849,  921,  532,  758,  442,  423,  759,  730, 1009,  620,  530,  915,  533,  918,  741,  688,  663, 1041,  425,  798,   87,  764,  531,  354,  580,  648,  691,  379,  656,  463,  701,  495,  494,  396,  703,  648,  713,  270,  692],
        [  845,    0,  428,  984,  760,  788,  391,  967,  913,  982, 1127,  240,   86, 1005,  746,  702,  181,  790,  342,   99,  607,  512,  722,  510,  959,  280,  548,  255,  168,  584,  606,    0,  727,  904,  593,  612,  383,  819,  877,  642,  739,  415,  393,  414,  426,  645,  947,  836,  225,  571, 1003,  162,  291,  173,  923,  468,  476,  791,  651,  773,  251,  230,  456,  796,  698,  225,  733, 1039,  453,  847,  400,  681,  247,  638,  521,   97,  398, 1069,  937,  567,  556,  776,  896,  580,  607,  739,  540,  959,  553, 1009, 1046, 1094,  919,  885,  897,  583,  917,  577,  506,  761,  637,  913,  455,  675, 1035,  453,  315,  918,  152,  657,  356,  686,  936,  643,  563,  133,  730,  386,  528,  901,  856,  761],
        [  186,    0,  304,  358,  624,  481,  363,  286,  287,  347,  422,  860,  641,  280,  590,  159,  711,  240,  658,  641,  237,  620,  184,  491,  529,  458,  487,  490,  643,  558,  559,  727,    0,  409,  196,  495,  477,  524,  473,  461,   91,  363,  532,  507,  328,  483,  250,  110,  624,  338,  319,  566,  503,  745,  199,  264,  580,  564,  461,  141,  585,  559,  296,  457,  516,  559,  716,  324,  285,  174,  432,  447,  551,  179,  455,  678,  467,  343,  472,  303,  392,   55,  491,  497,  578,   45,  412,  473,  187,  282,  332,  453,  215,  239,  371,  154,  368,  356,  361,  110,  739,  408,  540,  527,  310,  290,  451,  242,  641,  223,  389,  153,  399,  248,  165,  711,  200,  490,  299,  182,  562,  147],
        [  555,    0,  586,  174,  365,  890,  528,  595,  645,  682,  386, 1104,  827,  480,  338,  567,  963,  172,  972,  849,  317,  532,  592,  438,  923,  708,  405,  741,  891,  942,  948,  904,  409,    0,  357,  888,  804,  932,  102,  859,  319,  682,  549,  848,  637,  881,  297,  407,  895,  333,  279,  755,  615,  991,  447,  497,  523,  275,  861,  539,  675,  825,  476,  865,  919,  822,  486,  376,  497,  535,  761,  266,  824,  318,  829,  896,  516,  496,  864,  687,  356,  423,  892,  386,  429,  449,  376,  859,  528,  447,  555,  248,  517,  599,   44,  422,   67,  329,  398,  299,  572,  797,  509,  927,  485,  488,  733,  573,  768,  273,  667,  293,  778,  276,  460,  945,  608,  534,  382,  357,  970,  263],
        [  379,    0,  230,  396,  458,  603,  204,  482,  478,  541,  537,  767,  510,  457,  425,  302,  621,  206,  616,  522,   56,  424,  333,  296,  690,  361,  294,  394,  549,  602,  610,  593,  196,  357,    0,  556,  448,  647,  380,  537,  159,  327,  341,  494,  282,  557,  359,  291,  546,  148,  411,  433,  333,  652,  380,  143,  384,  414,  540,  322,  412,  476,  138,  585,  603,  474,  536,  457,  148,  369,  405,  282,  473,   46,  485,  566,  278,  513,  638,  356,  200,  248,  643,  308,  389,  234,  218,  643,  191,  449,  518,  505,  409,  432,  335,   83,  348,  168,  165,  177,  547,  579,  345,  605,  483,  143,  379,  438,  483,   85,  313,   94,  577,   91,  118,  609,  350,  301,  104,  329,  689,  169],
        [  458,    0,  372,  853,  992,  189,  516,  551,  462,  514,  878,  593,  553,  666,  961,  349,  476,  717,  323,  518,  610,  859,  338,  760,  370,  394,  781,  396,  449,   74,   67,  612,  495,  888,  556,    0,  234,  211,  930,   50,  576,  281,  715,  198,  316,   38,  730,  560,  395,  673,  800,  517,  602,  510,  605,  455,  808,  963,   57,  414,  659,  384,  507,  208,   87,  389, 1041,  775,  472,  474,  236,  826,  367,  582,   99,  519,  659,  729,  366,  202,  709,  507,  308,  807,  881,  467,  714,  393,  366,  692,  664,  944,  554,  464,  855,  477,  857,  693,  644,  600, 1007,  370,  764,   66,  698,  487,  336,  514,  638,  635,  349,  596,  406,  647,  439,  510,  329,  671,  601,  647,  245,  630],
        [  528,    0,  220,  816,  827,  405,  334,  645,  573,  638,  897,  415,  320,  721,  800,  385,  275,  644,  182,  287,  493,  657,  394,  576,  578,  170,  603,  166,  230,  226,  245,  383,  477,  804,  448,  234,    0,  437,  822,  260,  531,  123,  510,   54,  167,  265,  726,  573,  184,  526,  793,  284,  386,  312,  645,  313,  606,  816,  269,  462,  433,  153,  351,  413,  320,  158,  857,  797,  320,  536,   46,  678,  137,  487,  139,  295,  462,  787,  559,  213,  548,  511,  514,  633,  699,  468,  548,  582,  294,  736,  743,  920,  617,  556,  780,  387,  789,  544,  481,  557,  807,  541,  565,  299,  753,  333,  112,  598,  405,  532,  153,  519,  569,  534,  351,  297,  395,  469,  455,  655,  475,  576],
        [  411,    0,  518,  859, 1104,   45,  667,  463,  368,  396,  831,  801,  755,  603, 1071,  366,  687,  763,  532,  723,  703, 1010,  341,  898,  169,  582,  912,  590,  658,  263,  243,  819,  524,  932,  647,  211,  437,    0,  994,  177,  614,  450,  875,  406,  472,  175,  716,  548,  605,  785,  783,  712,  774,  721,  562,  583,  960, 1060,  168,  400,  840,  589,  639,   68,  129,  594, 1170,  733,  605,  431,  428,  928,  572,  661,  298,  727,  812,  655,  186,  315,  829,  514,  118,  935, 1014,  484,  839,  215,  465,  636,  577,  933,  495,  392,  894,  565,  889,  805,  770,  634, 1154,  221,  915,  158,  630,  620,  526,  441,  832,  715,  523,  659,  262,  733,  534,  720,  325,  828,  717,  628,   44,  670],
        [  633,    0,  602,  276,  269,  950,  520,  684,  728,  770,  487, 1090,  806,  576,  244,  628,  955,  236,  981,  832,  330,  463,  655,  385,  998,  709,  349,  740,  884,  979,  987,  877,  473,  102,  380,  930,  822,  994,    0,  906,  382,  703,  503,  870,  658,  927,  394,  488,  894,  315,  380,  738,  586,  980,  537,  510,  462,  179,  909,  609,  638,  824,  479,  928,  969,  821,  391,  477,  506,  615,  781,  205,  826,  349,  863,  881,  481,  596,  939,  729,  322,  496,  963,  325,  352,  516,  338,  936,  565,  545,  652,  342,  605,  681,  142,  455,  168,  304,  377,  367,  485,  873,  455,  975,  583,  494,  741,  659,  735,  297,  678,  337,  857,  290,  493,  932,  672,  496,  377,  448, 1033,  328],
        [  413,    0,  368,  817,  981,  148,  516,  503,  413,  464,  834,  636,  579,  620,  949,  310,  515,  688,  367,  547,  591,  860,  297,  756,  327,  410,  775,  416,  483,  124,  114,  642,  461,  859,  537,   50,  260,  177,  906,    0,  545,  286,  719,  231,  315,   23,  690,  519,  431,  660,  761,  538,  610,  550,  561,  446,  809,  947,   10,  372,  672,  413,  499,  163,   70,  418, 1035,  732,  464,  429,  254,  811,  396,  560,  122,  551,  660,  682,  319,  181,  699,  469,  265,  800,  876,  430,  706,  346,  346,  647,  616,  906,  507,  416,  825,  456,  826,  681,  635,  568, 1007,  321,  765,   69,  651,  479,  353,  466,  658,  613,  357,  570,  357,  627,  419,  546,  286,  674,  589,  606,  215,  600],
        [  264,    0,  335,  286,  544,  572,  356,  346,  363,  417,  389,  894,  654,  301,  510,  249,  744,  149,  711,  660,  182,  567,  274,  438,  618,  485,  428,  518,  674,  635,  639,  739,   91,  319,  159,  576,  531,  614,  382,  545,    0,  412,  497,  568,  372,  567,  209,  142,  662,  281,  270,  577,  490,  778,  226,  272,  531,  479,  546,  229,  570,  594,  287,  548,  602,  593,  642,  302,  287,  248,  486,  369,  588,  125,  528,  701,  436,  354,  560,  378,  334,  121,  581,  434,  512,  134,  356,  560,  238,  290,  365,  389,  267,  315,  282,  159,  282,  296,  317,   26,  675,  496,  494,  612,  325,  287,  488,  307,  638,  153,  423,   81,  483,  180,  188,  739,  291,  459,  259,  171,  653,   56],
        [  440,    0,  103,  695,  724,  411,  238,  561,  500,  569,  784,  504,  337,  621,  695,  295,  355,  522,  299,  318,  373,  578,  311,  483,  565,  142,  506,  162,  294,  302,  317,  415,  363,  682,  327,  281,  123,  450,  703,  286,  412,    0,  435,  168,   46,  299,  610,  465,  265,  414,  677,  277,  326,  392,  542,  196,  527,  706,  293,  370,  390,  207,  239,  410,  355,  209,  765,  686,  206,  445,   79,  568,  196,  365,  187,  343,  378,  687,  534,  155,  442,  402,  503,  534,  605,  360,  444,  553,  177,  633,  650,  800,  523,  475,  658,  265,  667,  433,  375,  437,  727,  502,  484,  344,  653,  220,  102,  512,  391,  411,   74,  397,  523,  414,  229,  364,  317,  391,  341,  544,  492,  455],
        [  706,    0,  357,  667,  370,  833,  210,  817,  800,  867,  849,  625,  338,  797,  354,  598,  515,  482,  604,  376,  319,  148,  628,  120,  963,  342,  159,  359,  453,  729,  746,  393,  532,  549,  341,  715,  510,  875,  503,  719,  497,  435,    0,  563,  405,  733,  680,  631,  486,  236,  718,  290,  131,  530,  720,  306,   99,  399,  726,  641,  143,  428,  254,  825,  789,  422,  362,  782,  282,  699,  488,  299,  438,  373,  620,  423,   68,  850,  920,  561,  197,  586,  906,  188,  218,  565,  175,  932,  437,  786,  858,  772,  747,  758,  554,  386,  579,  231,  183,  510,  297,  871,   65,  779,  821,  269,  399,  771,  242,  361,  368,  421,  878,  337,  394,  479,  642,   48,  239,  665,  918,  492],
        [  541,    0,  269,  853,  880,  378,  387,  655,  578,  641,  924,  417,  357,  740,  852,  402,  286,  686,  161,  321,  540,  710,  407,  629,  556,  222,  656,  214,  253,  178,  199,  414,  507,  848,  494,  198,   54,  406,  870,  231,  568,  168,  563,    0,  213,  232,  757,  599,  200,  577,  825,  329,  438,  322,  666,  362,  660,  867,  240,  479,  483,  187,  402,  391,  284,  193,  911,  823,  370,  552,   90,  730,  170,  531,  113,  322,  515,  806,  542,  225,  601,  538,  493,  686,  752,  495,  601,  566,  331,  758,  757,  955,  634,  565,  823,  429,  831,  595,  533,  593,  860,  530,  618,  261,  773,  383,  164,  609,  450,  578,  206,  560,  561,  581,  392,  315,  407,  523,  505,  683,  442,  614],
        [  421,    0,   59,  654,  683,  431,  201,  543,  488,  558,  749,  534,  344,  593,  653,  277,  384,  479,  341,  331,  328,  545,  297,  445,  577,  147,  467,  173,  318,  343,  356,  426,  328,  637,  282,  316,  167,  472,  658,  315,  372,   46,  405,  213,    0,  330,  573,  433,  296,  370,  638,  278,  303,  419,  513,  151,  494,  662,  322,  349,  373,  233,  197,  427,  385,  234,  726,  652,  162,  424,  124,  524,  224,  320,  226,  361,  345,  659,  542,  164,  399,  370,  516,  494,  567,  329,  403,  559,  142,  603,  627,  759,  500,  460,  613,  222,  623,  389,  333,  397,  693,  505,  450,  377,  625,  177,  124,  493,  385,  366,   70,  353,  523,  369,  187,  387,  305,  359,  297,  509,  515,  413],
        [  433,    0,  384,  839,  999,  151,  531,  522,  431,  481,  856,  631,  584,  641,  968,  332,  513,  709,  361,  550,  612,  875,  319,  773,  332,  420,  792,  424,  484,  107,   95,  645,  483,  881,  557,   38,  265,  175,  927,   23,  567,  299,  733,  232,  330,    0,  712,  541,  430,  679,  783,  545,  623,  547,  582,  463,  824,  967,   25,  394,  683,  416,  517,  170,   57,  421, 1052,  753,  482,  450,  262,  830,  399,  580,  126,  553,  675,  702,  328,  201,  717,  491,  270,  818,  893,  452,  724,  355,  367,  668,  636,  928,  528,  436,  847,  476,  848,  700,  653,  590, 1023,  334,  780,   49,  672,  497,  362,  486,  666,  634,  369,  592,  370,  647,  440,  545,  308,  688,  608,  628,  211,  622],
        [  306,    0,  541,  154,  630,  678,  562,  311,  378,  402,  180, 1101,  863,  184,  598,  381,  951,  212,  907,  869,  364,  723,  395,  600,  669,  693,  581,  726,  882,  797,  796,  947,  250,  297,  359,  730,  726,  716,  394,  690,  209,  610,  680,  757,  573,  712,    0,  172,  867,  447,   71,  786,  691,  985,  166,  481,  695,  548,  689,  322,  769,  800,  493,  649,  736,  800,  745,  103,  495,  286,  680,  480,  793,  317,  700,  910,  624,  204,  609,  548,  496,  224,  651,  577,  645,  266,  519,  599,  434,  151,  259,  218,  241,  338,  253,  368,  232,  457,  498,  186,  806,  542,  665,  752,  189,  495,  693,  300,  842,  320,  628,  267,  516,  344,  394,  947,  406,  647,  448,   88,  747,  191],
        [  149,    0,  412,  311,  678,  510,  471,  207,  240,  285,  326,  966,  751,  171,  644,  211,  816,  257,  754,  750,  321,  707,  223,  578,  519,  567,  569,  598,  750,  627,  626,  836,  110,  407,  291,  560,  573,  548,  488,  519,  142,  465,  631,  599,  433,  541,  172,    0,  728,  421,  242,  676,  610,  851,   90,  374,  670,  608,  518,  151,  692,  665,  403,  481,  565,  665,  780,  225,  394,  129,  529,  506,  656,  263,  534,  787,  568,  233,  459,  383,  475,   63,  493,  575,  652,  106,  496,  453,  292,  173,  228,  389,  127,  193,  364,  261,  353,  437,  454,  140,  816,  392,  633,  581,  200,  398,  556,  173,  750,  294,  496,  222,  372,  321,  275,  818,  235,  591,  394,   88,  582,  175],
        [  701,    0,  328,  937,  844,  578,  375,  820,  753,  819, 1044,  240,  190,  885,  821,  556,   93,  752,  128,  145,  579,  629,  569,  582,  755,  188,  616,  155,   57,  362,  383,  225,  624,  895,  546,  395,  184,  605,  894,  431,  662,  265,  486,  200,  296,  430,  867,  728,    0,  581,  931,  200,  356,  130,  806,  404,  583,  851,  440,  632,  369,   71,  420,  590,  481,   74,  847,  947,  400,  708,  216,  722,   75,  590,  312,  129,  459,  951,  739,  393,  587,  665,  692,  648,  699,  623,  580,  763,  437,  897,  914, 1045,  787,  733,  878,  505,  893,  595,  524,  687,  773,  724,  549,  456,  918,  408,  175,  772,  303,  625,  240,  631,  752,  620,  475,  116,  572,  457,  519,  805,  640,  699],
        [  523,    0,  312,  434,  321,  740,  207,  621,  623,  684,  614,  776,  496,  578,  289,  448,  641,  246,  674,  519,  102,  286,  479,  158,  836,  398,  149,  428,  569,  710,  721,  571,  338,  333,  148,  673,  526,  785,  315,  660,  281,  414,  236,  577,  370,  679,  447,  421,  581,    0,  483,  425,  282,  666,  506,  221,  252,  293,  665,  468,  347,  512,  176,  725,  729,  508,  390,  550,  209,  512,  489,  154,  514,  161,  592,  567,  189,  627,  784,  481,   55,  387,  787,  161,  242,  379,   76,  790,  320,  563,  644,  541,  545,  577,  330,  224,  352,   21,   65,  289,  401,  726,  219,  727,  600,  195,  434,  579,  436,  132,  376,  200,  724,  106,  252,  618,  496,  210,   73,  441,  827,  265],
