{
    "name": "random-16-17174",
    "comment": "size=16 seed=17174",
    "nodes": ["+0", "-0", "+1", "-1", "+2", "-2", "+3", "-3", "+4", "-4", "+5", "-5", "+6", "-6", "+7", "-7", "+8", "-8", "+9", "-9", "+10", "-10", "+11", "-11", "+12", "-12", "+13", "-13", "+14", "-14", "+15", "-15", "+16", "-16"],
    "precedence": {
        "+0": "-0",
        "+1": "-1",
        "+2": "-2",
        "+3": "-3",
        "+4": "-4",
        "+5": "-5",
        "+6": "-6",
        "+7": "-7",
        "+8": "-8",
        "+9": "-9",
        "+10": "-10",
        "+11": "-11",
        "+12": "-12",
        "+13": "-13",
        "+14": "-14",
        "+15": "-15",
        "+16": "-16"
    },
    "edges": [
        [    0,    0,  146,  716,  284,  284,  514,  375,  349,  389,   76,  564,  215,  273,  752,  619,  700,  778,  366,  427,  404,  353,  658,  323,  505,  319,   75,  319,  514,  747,  635,  528,  253,  300],
        [    0,    0,  146,  716,  284,  284,  514,  375,  349,  389,   76,  564,  215,  273,  752,  619,  700,  778,  366,  427,  404,  353,  658,  323,  505,  319,   75,  319,  514,  747,  635,  528,  253,  300],
        [  146,  146,    0,  573,  306,  139,  502,  406,  230,  252,   89,  620,  184,  202,  634,  476,  579,  639,  227,  391,  311,  307,  534,  432,  452,  298,  178,  213,  586,  657,  535,  396,  366,  415],
        [  716,  716,  573,    0,  698,  438,  709,  765,  400,  397,  659,  963,  661,  524,  298,  222,  481,  317,  398,  599,  434,  675,  440,  928,  561,  617,  724,  526,  977,  478,  386,  373,  879,  974],
        [  284,  284,  306,  698,    0,  379,  234,  101,  307,  518,  323,  319,  472,  183,  618,  691,  858,  869,  488,  181,  273,  606,  808,  244,  271,   89,  215,  515,  299,  547,  467,  662,  221,  550],
        [  284,  284,  139,  438,  379,    0,  528,  476,  161,  140,  222,  696,  249,  216,  533,  342,  479,  511,  109,  403,  267,  325,  430,  551,  439,  338,  308,  177,  676,  590,  461,  284,  489,  539],
        [  514,  514,  502,  709,  234,  528,    0,  179,  394,  659,  542,  272,  683,  315,  531,  772,  986,  949,  629,  128,  300,  809,  934,  414,  151,  206,  447,  693,  317,  398,  371,  789,  422,  783],
        [  375,  375,  406,  765,  101,  476,  179,    0,  387,  615,  420,  221,  570,  270,  648,  777,  954,  956,  584,  188,  332,  705,  904,  238,  271,  152,  302,  616,  214,  549,  489,  757,  245,  619],
        [  349,  349,  230,  400,  307,  161,  394,  387,    0,  272,  316,  603,  393,  126,  405,  391,  593,  570,  243,  267,  109,  484,  541,  529,  285,  236,  338,  338,  600,  435,  309,  395,  480,  641],
        [  389,  389,  252,  397,  518,  140,  659,  615,  272,    0,  317,  836,  271,  353,  569,  239,  340,  389,   32,  532,  379,  283,  290,  682,  557,  476,  430,  129,  815,  665,  535,  146,  617,  597],
        [   76,   76,   89,  659,  323,  222,  542,  420,  316,  317,    0,  622,  152,  266,  720,  550,  624,  705,  295,  442,  387,  289,  582,  396,  512,  339,  139,  244,  577,  735,  616,  453,  326,  327],
        [  564,  564,  620,  963,  319,  696,  272,  221,  603,  836,  622,    0,  773,  489,  803,  993, 1175, 1172,  805,  364,  533,  910, 1125,  304,  419,  368,  490,  832,   85,  664,  642,  978,  356,  756],
        [  215,  215,  184,  661,  472,  249,  683,  570,  393,  271,  152,  773,    0,  385,  781,  507,  518,  637,  264,  574,  487,  139,  483,  537,  635,  478,  287,  153,  726,  828,  702,  377,  466,  329],
        [  273,  273,  202,  524,  183,  216,  315,  270,  126,  353,  266,  489,  385,    0,  491,  509,  689,  688,  322,  194,  133,  502,  638,  405,  250,  124,  241,  379,  479,  474,  363,  491,  360,  573],
        [  752,  752,  634,  298,  618,  533,  531,  648,  405,  569,  720,  803,  781,  491,    0,  490,  758,  614,  554,  461,  360,  843,  712,  861,  386,  529,  730,  684,  840,  193,  162,  610,  832, 1046],
        [  619,  619,  476,  222,  691,  342,  772,  777,  391,  239,  550,  993,  507,  509,  490,    0,  269,  179,  256,  648,  473,  488,  223,  889,  639,  627,  650,  357,  988,  643,  527,  160,  829,  834],
        [  700,  700,  579,  481,  858,  479,  986,  954,  593,  340,  624, 1175,  518,  689,  758,  269,    0,  215,  370,  859,  692,  429,   53, 1011,  869,  812,  753,  381, 1154,  908,  787,  199,  943,  827],
        [  778,  778,  639,  317,  869,  511,  949,  956,  570,  389,  705, 1172,  637,  688,  614,  179,  215,    0,  413,  825,  650,  584,  202, 1061,  812,  806,  815,  485, 1167,  787,  681,  261,  999,  964],
        [  366,  366,  227,  398,  488,  109,  629,  584,  243,   32,  295,  805,  264,  322,  554,  256,  370,  413,    0,  502,  351,  291,  321,  654,  528,  445,  404,  133,  785,  643,  513,  176,  590,  585],
        [  427,  427,  391,  599,  181,  403,  128,  188,  267,  532,  442,  364,  574,  194,  461,  648,  859,  825,  502,    0,  176,  695,  807,  413,   91,  110,  370,  571,  386,  369,  302,  661,  399,  714],
        [  404,  404,  311,  434,  273,  267,  300,  332,  109,  379,  387,  533,  487,  133,  360,  473,  692,  650,  351,  176,    0,  587,  640,  514,  179,  187,  373,  444,  544,  348,  232,  497,  478,  703],
        [  353,  353,  307,  675,  606,  325,  809,  705,  484,  283,  289,  910,  139,  502,  843,  488,  429,  584,  291,  695,  587,    0,  405,  673,  748,  604,  425,  159,  865,  914,  785,  335,  602,  400],
        [  658,  658,  534,  440,  808,  430,  934,  904,  541,  290,  582, 1125,  483,  638,  712,  223,   53,  202,  321,  807,  640,  405,    0,  966,  816,  761,  709,  341, 1105,  858,  737,  148,  899,  799],
        [  323,  323,  432,  928,  244,  551,  414,  238,  529,  682,  396,  304,  537,  405,  861,  889, 1011, 1061,  654,  413,  514,  673,  966,    0,  502,  333,  260,  636,  229,  781,  709,  827,   71,  456],
        [  505,  505,  452,  561,  271,  439,  151,  271,  285,  557,  512,  419,  635,  250,  386,  639,  869,  812,  528,   91,  179,  748,  816,  502,    0,  196,  453,  614,  454,  280,  225,  675,  490,  798],
        [  319,  319,  298,  617,   89,  338,  206,  152,  236,  476,  339,  368,  478,  124,  529,  627,  812,  806,  445,  110,  187,  604,  761,  333,  196,    0,  260,  494,  365,  465,  379,  614,  307,  605],
        [   75,   75,  178,  724,  215,  308,  447,  302,  338,  430,  139,  490,  287,  241,  730,  650,  753,  815,  404,  370,  373,  425,  709,  260,  453,  260,    0,  377,  440,  707,  602,  573,  191,  345],
        [  319,  319,  213,  526,  515,  177,  693,  616,  338,  129,  244,  832,  153,  379,  684,  357,  381,  485,  133,  571,  444,  159,  341,  636,  614,  494,  377,    0,  799,  761,  631,  225,  567,  481],
        [  514,  514,  586,  977,  299,  676,  317,  214,  600,  815,  577,   85,  726,  479,  840,  988, 1154, 1167,  785,  386,  544,  865, 1105,  229,  454,  365,  440,  799,    0,  714,  679,  959,  287,  684],
        [  747,  747,  657,  478,  547,  590,  398,  549,  435,  665,  735,  664,  828,  474,  193,  643,  908,  787,  643,  369,  348,  914,  858,  781,  280,  465,  707,  761,  714,    0,  131,  739,  767, 1046],
        [  635,  635,  535,  386,  467,  461,  371,  489,  309,  535,  616,  642,  702,  363,  162,  527,  787,  681,  513,  302,  232,  785,  737,  709,  225,  379,  602,  631,  679,  131,    0,  613,  685,  933],
        [  528,  528,  396,  373,  662,  284,  789,  757,  395,  146,  453,  978,  377,  491,  610,  160,  199,  261,  176,  661,  497,  335,  148,  827,  675,  614,  573,  225,  959,  739,  613,    0,  761,  704],
        [  253,  253,  366,  879,  221,  489,  422,  245,  480,  617,  326,  356,  466,  360,  832,  829,  943,  999,  590,  399,  478,  602,  899,   71,  490,  307,  191,  567,  287,  767,  685,  761,    0,  401],
        [  300,  300,  415,  974,  550,  539,  783,  619,  641,  597,  327,  756,  329,  573, 1046,  834,  827,  964,  585,  714,  703,  400,  799,  456,  798,  605,  345,  481,  684, 1046,  933,  704,  401,    0]
    ]
}
