{
    "name": "random-66-23140",
    "comment": "size=66 seed=23140",
    "nodes": ["+0", "-0", "+1", "-1", "+2", "-2", "+3", "-3", "+4", "-4", "+5", "-5", "+6", "-6", "+7", "-7", "+8", "-8", "+9", "-9", "+10", "-10", "+11", "-11", "+12", "-12", "+13", "-13", "+14", "-14", "+15", "-15", "+16", "-16", "+17", "-17", "+18", "-18", "+19", "-19", "+20", "-20", "+21", "-21", "+22", "-22", "+23", "-23", "+24", "-24", "+25", "-25", "+26", "-26", "+27", "-27", "+28", "-28", "+29", "-29", "+30", "-30", "+31", "-31", "+32", "-32", "+33", "-33", "+34", "-34", "+35", "-35", "+36", "-36", "+37", "-37", "+38", "-38", "+39", "-39", "+40", "-40", "+41", "-41", "+42", "-42", "+43", "-43", "+44", "-44", "+45", "-45", "+46", "-46", "+47", "-47", "+48", "-48", "+49", "-49", "+50", "-50", "+51", "-51", "+52", "-52", "+53", "-53", "+54", "-54", "+55", "-55", "+56", "-56", "+57", "-57", "+58", "-58", "+59", "-59", "+60", "-60", "+61", "-61", "+62", "-62", "+63", "-63", "+64", "-64", "+65", "-65", "+66", "-66"],
    "precedence": {
        "+0": "-0",
        "+1": "-1",
        "+2": "-2",
        "+3": "-3",
        "+4": "-4",
        "+5": "-5",
        "+6": "-6",
        "+7": "-7",
        "+8": "-8",
        "+9": "-9",
        "+10": "-10",
        "+11": "-11",
        "+12": "-12",
        "+13": "-13",
        "+14": "-14",
        "+15": "-15",
        "+16": "-16",
        "+17": "-17",
        "+18": "-18",
        "+19": "-19",
        "+20": "-20",
        "+21": "-21",
        "+22": "-22",
        "+23": "-23",
        "+24": "-24",
        "+25": "-25",
        "+26": "-26",
        "+27": "-27",
        "+28": "-28",
        "+29": "-29",
        "+30": "-30",
        "+31": "-31",
        "+32": "-32",
        "+33": "-33",
        "+34": "-34",
        "+35": "-35",
        "+36": "-36",
        "+37": "-37",
        "+38": "-38",
        "+39": "-39",
        "+40": "-40",
        "+41": "-41",
        "+42": "-42",
        "+43": "-43",
        "+44": "-44",
        "+45": "-45",
        "+46": "-46",
        "+47": "-47",
        "+48": "-48",
        "+49": "-49",
        "+50": "-50",
        "+51": "-51",
        "+52": "-52",
        "+53": "-53",
        "+54": "-54",
        "+55": "-55",
        "+56": "-56",
        "+57": "-57",
        "+58": "-58",
        "+59": "-59",
        "+60": "-60",
        "+61": "-61",
        "+62": "-62",
        "+63": "-63",
        "+64": "-64",
        "+65": "-65",
        "+66": "-66"
    },
    "edges": [
        [    0,    0,  340, 1105,  956, 1152, 1081,  173,  863,  680,  598,   48, 1100,  945,  814,  931, 1076,  679,  519, 1229, 1203,  506,  701,  690,  663,  445,  858, 1022,  785,  935,  565,  248,  868,  427,  902,  419,   35, 1013, 1217,  832,  838,  538,  631,  573,  715,  906,  216,  644, 1165,  780,  473,  360,  593,  239,  270, 1071,  648,  536,  643,  547,  754, 1047,  689,  753,  846,  179,  998,  760,  729, 1223,  456,  904,  961,  206,  688,  741,  382,  837,  529,  831,  410,  980,  146,  431,  578,  151,  572,  678,  719,  800,  917,  596,  952,  635, 1083,  359,  859,  654,  790,  629,  955,  469,  708,  769,  655,  892,  263,  831, 1052,  911, 1136,  940,  382,  845,  411,  441, 1035,  932,  590, 1066,  522,  759, 1057,  725,  813,  412, 1067, 1312,  346,  916,  921,  986,  724,  942],
        [    0,    0,    0,    0,    0,    0,    0,    0,    0,    0,    0,    0,    0,    0,    0,    0,    0,    0,    0,    0,    0,    0,    0,    0,    0,    0,    0,    0,    0,    0,    0,    0,    0,    0,    0,    0,    0,    0,    0,    0,    0,    0,    0,    0,    0,    0,    0,    0,    0,    0,    0,    0,    0,    0,    0,    0,    0,    0,    0,    0,    0,    0,    0,    0,    0,    0,    0,    0,    0,    0,    0,    0,    0,    0,    0,    0,    0,    0,    0,    0,    0,    0,    0,    0,    0,    0,    0,    0,    0,    0,    0,    0,    0,    0,    0,    0,    0,    0,    0,    0,    0,    0,    0,    0,    0,    0,    0,    0,    0,    0,    0,    0,    0,    0,    0,    0,    0,    0,    0,    0,    0,    0,    0,    0,    0,    0,    0,    0,    0,    0,    0,    0,    0,    0],
        [  340,    0,    0,  892,  646,  963,  829,  277,  529,  570,  616,  311,  922,  965,  768,  822,  801,  400,  360, 1041,  997,  186,  406,  617,  441,  111,  693,  976,  595,  596,  596,  254,  871,  531,  624,  463,  374,  855, 1039,  524,  511,  377,  487,  680,  376,  882,  385,  416,  983,  790,  134,   21,  291,  119,  418,  966,  665,  203,  308,  649,  561,  761,  500,  484,  865,  252,  827,  495,  599, 1004,  190,  960,  941,  319,  719,  798,  369,  823,  593,  735,  316,  674,  246,  500,  619,  190,  621,  510,  398,  701,  624,  454,  694,  646,  971,  460,  884,  519,  465,  383,  963,  248,  770,  489,  598,  786,  325,  493,  768,  928,  960,  611,  291,  775,  360,  205,  967,  740,  673,  960,  306,  569,  825,  454,  494,  236,  949, 1104,   14,  598,  755,  793,  420,  805],
        [ 1105,    0,  892,    0,  461,  109,  163,  936,  648,  468,  685, 1058,  127,  705,  520,  347,  260,  509,  586,  169,  106,  731,  527,  509,  455,  810,  271,  534,  320,  755,  713,  859,  641,  845,  340,  773, 1132,  200,  185,  490,  592,  567,  482,  847,  753,  572,  953,  478,  138,  649,  835,  877,  625,  910,  922,  365,  673,  754,  717,  837,  351,  323,  416,  427,  678,  926,  167,  412,  411,  120,  703,  794,  597,  919,  697,  758,  750,  594,  770,  406,  698,  436,  960,  799,  727, 1012,  741,  430,  601,  414,  389,  515,  244,  664,  344,  854,  697,  467,  599,  509,  673,  658,  764,  439,  550,  366,  863,  699,  310,  687,  143,  602,  724,  459,  710,  697,  472,  179,  802,  359,  598,  347,   95,  453,  554,  701,  322,  213,  899,  519,  222,  130,  537,  272],
        [  956,    0,  646,  461,    0,  569,  311,  821,  203,  586,  809,  915,  569, 1004,  769,  670,  227,  290,  528,  626,  549,  460,  257,  663,  380,  538,  495,  888,  417,  295,  820,  749,  914,  886,  154,  793,  989,  580,  646,  125,  165,  518,  522,  964,  354,  870,  888,  381,  598,  878,  536,  625,  363,  720,  883,  763,  828,  450,  363,  942,  412,  161,  431,  246,  937,  801,  532,  250,  553,  524,  501, 1064,  917,  830,  876,  961,  719,  855,  863,  659,  633,   34,  821,  835,  844,  821,  855,  472,  250,  641,   92,  529,  232,  810,  749,  855,  960,  537,  198,  366,  981,  505,  951,  214,  687,  661,  790,  260,  174,  974,  596,  141,  643,  726,  675,  522,  840,  442,  929,  756,  470,  422,  367,  264,  157,  569,  724,  630,  646,   67,  512,  460,  232,  599],
        [ 1152,    0,  963,  109,  569,    0,  271,  981,  754,  488,  684, 1105,   61,  649,  492,  311,  368,  594,  637,   79,   82,  811,  617,  514,  523,  888,  296,  465,  373,  862,  715,  905,  598,  857,  443,  794, 1177,  165,   81,  592,  696,  618,  522,  840,  851,  524,  986,  547,   30,  619,  917,  949,  709,  970,  950,  287,  665,  839,  810,  834,  407,  431,  471,  515,  637,  973,  159,  500,  433,  135,  774,  745,  538,  959,  680,  730,  784,  557,  773,  391,  743,  544, 1008,  815,  726, 1070,  739,  476,  697,  407,  495,  556,  347,  658,  264,  876,  654,  500,  701,  583,  616,  722,  741,  532,  556,  339,  901,  803,  419,  636,   46,  709,  771,  431,  747,  763,  401,  225,  794,  283,  662,  400,  203,  540,  656,  759,  247,  170,  971,  626,  234,  172,  631,  248],
        [ 1081,    0,  829,  163,  311,  271,    0,  920,  508,  512,  745, 1035,  287,  829,  620,  468,   98,  430,  573,  318,  240,  653,  433,  572,  420,  735,  337,  673,  332,  605,  768,  842,  755,  881,  218,  800, 1111,  336,  342,  364,  456,  555,  496,  911,  632,  693,  955,  438,  300,  746,  751,  811,  544,  867,  933,  515,  745,  666,  610,  896,  353,  162,  411,  345,  788,  906,  291,  334,  459,  214,  647,  910,  726,  912,  778,  849,  757,  702,  823,  501,  690,  282,  936,  832,  787,  971,  800,  438,  490,  499,  252,  522,  135,  732,  496,  876,  808,  491,  472,  456,  800,  616,  850,  345,  608,  476,  859,  562,  149,  807,  306,  451,  712,  563,  714,  650,  614,  244,  868,  509,  560,  354,   81,  375,  426,  669,  473,  321,  834,  374,  313,  225,  434,  389],
        [  173,    0,  277,  936,  821,  981,  920,    0,  754,  508,  443,  126,  928,  798,  650,  760,  921,  535,  351, 1058, 1033,  398,  564,  520,  501,  358,  686,  860,  616,  842,  413,   78,  715,  297,  751,  264,  197,  840, 1045,  697,  720,  370,  459,  451,  626,  747,  110,  484,  993,  628,  399,  292,  465,  159,  153,  901,  494,  440,  544,  421,  585,  898,  521,  602,  697,   26,  826,  608,  557, 1055,  325,  768,  804,   52,  540,  603,  211,  680,  387,  661,  239,  842,   49,  285,  430,  162,  426,  508,  598,  629,  773,  425,  793,  480,  912,  222,  713,  482,  673,  475,  804,  319,  571,  622,  487,  721,   97,  731,  902,  763,  964,  824,  212,  677,  238,  299,  870,  761,  458,  896,  365,  589,  892,  575,  688,  257,  896, 1141,  289,  788,  749,  815,  591,  770],
        [  863,    0,  529,  648,  203,  754,  508,  754,    0,  658,  853,  828,  745, 1104,  866,  802,  429,  296,  534,  816,  743,  359,  247,  736,  426,  420,  622, 1016,  525,  126,  855,  692, 1008,  886,  313,  793,  897,  738,  832,  172,   65,  532,  576,  991,  174,  977,  840,  415,  782,  957,  402,  508,  299,  625,  848,  913,  882,  328,  221,  965,  508,  363,  500,  310, 1024,  731,  691,  322,  640,  721,  434, 1148, 1029,  775,  935, 1024,  704,  949,  887,  768,  614,  236,  743,  837,  881,  716,  890,  540,  166,  743,  260,  570,  407,  862,  904,  840, 1048,  600,   95,  380, 1085,  466, 1008,  275,  749,  784,  747,   59,  376, 1071,  775,   91,  615,  833,  665,  467,  975,  594,  962,  906,  455,  519,  554,  308,  116,  529,  878,  828,  526,  136,  655,  623,  210,  740],
        [  680,    0,  570,  468,  586,  488,  512,  508,  658,    0,  236,  633,  431,  452,  219,  258,  557,  367,  212,  562,  552,  485,  416,   79,  234,  536,  197,  412,  186,  783,  257,  437,  354,  378,  445,  308,  702,  336,  545,  505,  596,  196,   94,  401,  649,  336,  500,  249,  496,  299,  581,  563,  428,  536,  463,  403,  245,  534,  569,  385,  178,  570,  160,  355,  367,  505,  330,  346,   57,  584,  402,  491,  395,  479,  290,  375,  302,  296,  311,  166,  280,  588,  542,  332,  277,  623,  290,  119,  512,  132,  500,  120,  426,  228,  411,  389,  390,   62,  567,  291,  438,  332,  365,  391,  102,  220,  421,  677,  566,  417,  465,  676,  311,  209,  270,  373,  399,  290,  359,  397,  284,  172,  455,  351,  545,  336,  392,  656,  581,  598,  255,  338,  451,  263],
        [  598,    0,  616,  685,  809,  684,  745,  443,  853,  236,    0,  556,  623,  357,  231,  392,  793,  558,  328,  750,  756,  601,  607,  176,  435,  625,  417,  428,  422,  973,   36,  399,  272,  193,  675,  180,  610,  520,  726,  716,  795,  325,  288,  166,  807,  309,  386,  441,  685,  185,  675,  617,  582,  539,  334,  510,   52,  656,  720,  153,  412,  804,  380,  567,  256,  453,  529,  562,  287,  796,  502,  345,  363,  398,  103,  186,  252,  240,   93,  296,  304,  814,  489,  170,   43,  596,   57,  339,  694,  277,  727,  285,  661,   38,  528,  244,  273,  275,  759,  473,  362,  435,  162,  603,  138,  355,  347,  861,  801,  322,  652,  884,  327,  279,  257,  463,  450,  514,  124,  507,  415,  406,  685,  557,  746,  401,  519,  853,  629,  813,  464,  556,  643,  437],
        [   48,    0,  311, 1058,  915, 1105, 1035,  126,  828,  633,  556,    0, 1053,  905,  770,  885, 1031,  636,  472, 1182, 1156,  470,  660,  644,  616,  413,  810,  978,  738,  904,  524,  200,  826,  391,  858,  377,   76,  965, 1170,  791,  801,  491,  583,  539,  684,  863,  179,  598, 1118,  739,  444,  330,  553,  203,  234, 1025,  606,  503,  610,  512,  707, 1004,  642,  709,  806,  132,  951,  716,  682, 1176,  415,  868,  918,  161,  648,  704,  335,  795,  490,  785,  362,  939,  100,  390,  537,  130,  532,  631,  681,  753,  874,  549,  906,  593, 1037,  320,  820,  607,  753,  584,  914,  425,  671,  726,  609,  845,  217,  798, 1009,  872, 1089,  904,  334,  800,  364,  397,  990,  884,  554, 1020,  476,  711, 1011,  681,  775,  367, 1020, 1264,  319,  877,  874,  938,  684,  895],
        [ 1100,    0,  922,  127,  569,   61,  287,  928,  745,  431,  623, 1053,    0,  594,  432,  251,  383,  564,  589,  131,  140,  776,  591,  455,  483,  851,  243,  415,  329,  857,  655,  854,  540,  798,  433,  737, 1125,  104,  118,  579,  685,  569,  470,  779,  832,  467,  931,  508,   66,  559,  882,  909,  677,  924,  894,  241,  604,  807,  785,  774,  363,  442,  426,  489,  579,  922,  103,  474,  377,  190,  733,  688,  484,  905,  619,  670,  730,  497,  713,  330,  691,  546,  958,  757,  666, 1023,  679,  427,  676,  347,  489,  505,  340,  598,  219,  818,  596,  447,  685,  546,  562,  678,  681,  509,  497,  278,  847,  791,  430,  580,   38,  707,  720,  370,  694,  721,  351,  184,  734,  236,  619,  355,  210,  512,  642,  713,  199,  230,  931,  622,  180,  134,  608,  188],
        [  945,    0,  965,  705, 1004,  649,  829,  798, 1104,  452,  357,  905,  594,    0,  238,  362,  907,  817,  637,  687,  730,  921,  866,  378,  684,  959,  515,  197,  588, 1229,  386,  756,   99,  519,  852,  535,  953,  506,  652,  942, 1040,  627,  542,  392, 1099,  137,  730,  700,  636,  176, 1008,  964,  877,  894,  675,  373,  306,  974, 1018,  411,  599,  943,  605,  794,  102,  809,  543,  784,  464,  783,  828,  105,  112,  751,  259,  212,  608,  156,  416,  346,  649,  997,  845,  515,  369,  952,  374,  567,  962,  365,  913,  560,  799,  323,  398,  586,   86,  513, 1014,  742,   35,  757,  244,  830,  380,  355,  703, 1126,  935,   37,  605, 1111,  675,  279,  607,  793,  259,  591,  362,  375,  722,  589,  751,  796,  989,  738,  408,  796,  978, 1028,  518,  605,  900,  441],
        [  814,    0,  768,  520,  769,  492,  620,  650,  866,  219,  231,  770,  432,  238,    0,  182,  689,  581,  420,  549,  571,  701,  629,  154,  448,  747,  289,  212,  353,  991,  267,  593,  145,  424,  619,  398,  830,  329,  520,  705,  802,  407,  312,  362,  867,  118,  609,  465,  487,  130,  794,  764,  647,  715,  559,  282,  194,  751,  788,  363,  362,  719,  369,  557,  171,  655,  354,  546,  226,  617,  613,  297,  177,  610,  193,  240,  442,   86,  321,  119,  458,  764,  692,  398,  267,  789,  279,  331,  726,  130,  679,  335,  573,  196,  301,  470,  193,  281,  777,  509,  221,  542,  250,  593,  172,  155,  554,  889,  712,  206,  454,  874,  487,   62,  427,  581,  222,  377,  317,  279,  500,  352,  547,  559,  751,  534,  295,  657,  781,  792,  308,  402,  663,  249],
        [  931,    0,  822,  347,  670,  311,  468,  760,  802,  258,  392,  885,  251,  362,  182,    0,  549,  547,  463,  367,  390,  715,  589,  244,  425,  777,  180,  219,  282,  925,  426,  693,  295,  579,  517,  533,  951,  151,  339,  632,  737,  445,  335,  538,  838,  227,  740,  448,  305,  309,  818,  813,  638,  793,  696,  146,  364,  759,  770,  536,  306,  589,  344,  497,  332,  759,  182,  484,  223,  438,  645,  448,  259,  727,  373,  420,  550,  249,  484,  102,  538,  658,  797,  544,  432,  881,  445,  321,  686,  132,  579,  369,  450,  361,  153,  611,  350,  303,  722,  493,  332,  577,  432,  530,  283,   40,  669,  835,  581,  341,  272,  791,  569,  122,  523,  620,  175,  236,  493,  139,  523,  295,  390,  509,  687,  590,  136,  475,  833,  705,  162,  244,  617,   79],
        [ 1076,    0,  801,  260,  227,  368,   98,  921,  429,  557,  793, 1031,  383,  907,  689,  549,    0,  404,  583,  413,  333,  619,  396,  624,  425,  701,  401,  759,  372,  519,  813,  844,  828,  914,  178,  828, 1107,  425,  438,  303,  384,  568,  526,  957,  567,  770,  967,  439,  397,  813,  712,  783,  511,  852,  949,  607,  798,  625,  557,  941,  386,   69,  434,  324,  859,  905,  378,  316,  509,  301,  628,  984,  807,  918,  836,  912,  775,  773,  865,  571,  700,  196,  932,  863,  833,  957,  846,  467,  436,  564,  189,  547,  136,  783,  589,  901,  881,  527,  407,  447,  879,  607,  910,  314,  657,  552,  869,  485,   56,  883,  403,  365,  719,  635,  730,  637,  702,  316,  916,  600,  556,  390,  174,  353,  360,  666,  565,  405,  805,  293,  389,  308,  389,  470],
        [  679,    0,  400,  509,  290,  594,  430,  535,  296,  367,  558,  636,  564,  817,  581,  547,  404,    0,  246,  669,  614,  225,   50,  444,  134,  306,  376,  750,  268,  418,  561,  461,  720,  605,  227,  512,  711,  523,  674,  172,  238,  241,  281,  700,  292,  696,  599,  120,  618,  665,  327,  382,  117,  450,  594,  676,  586,  246,  227,  675,  241,  370,  214,   85,  734,  516,  483,   98,  357,  615,  226,  856,  751,  541,  639,  728,  432,  662,  596,  494,  344,  309,  539,  555,  587,  554,  596,  251,  146,  466,  239,  275,  295,  566,  672,  569,  757,  307,  203,   85,  801,  216,  712,   91,  455,  522,  500,  310,  375,  783,  600,  331,  354,  556,  389,  239,  718,  385,  669,  669,  181,  252,  432,   56,  190,  281,  647,  719,  405,  271,  425,  431,   86,  499],
        [  519,    0,  360,  586,  528,  637,  573,  351,  534,  212,  328,  472,  589,  637,  420,  463,  583,  246,    0,  715,  685,  285,  293,  267,  160,  328,  348,  622,  267,  651,  325,  274,  540,  360,  424,  267,  547,  509,  706,  416,  480,   20,  129,  457,  480,  537,  385,  150,  653,  468,  374,  352,  254,  338,  367,  608,  365,  337,  393,  431,  235,  570,  170,  285,  543,  341,  488,  285,  241,  705,  194,  655,  596,  340,  421,  510,  195,  486,  354,  376,  118,  541,  374,  310,  351,  434,  359,  163,  371,  342,  460,   95,  451,  345,  613,  329,  565,  160,  440,  163,  629,  122,  489,  314,  258,  427,  287,  537,  572,  601,  625,  576,  141,  419,  150,  162,  610,  415,  430,  601,   88,  240,  541,  264,  434,  129,  592,  794,  371,  515,  412,  469,  328,  451],
        [ 1229,    0, 1041,  169,  626,   79,  318, 1058,  816,  562,  750, 1182,  131,  687,  549,  367,  413,  669,  715,    0,   82,  888,  690,  584,  601,  965,  373,  496,  451,  920,  782,  982,  644,  928,  508,  867, 1254,  231,   38,  658,  760,  696,  599,  903,  921,  568, 1061,  625,   66,  673,  993, 1027,  785, 1049, 1024,  315,  728,  914,  882,  899,  485,  479,  549,  589,  684, 1051,  233,  574,  508,  131,  852,  786,  576, 1035,  740,  785,  860,  607,  841,  455,  820,  599, 1086,  887,  792, 1148,  805,  553,  768,  474,  556,  634,  412,  723,  291,  948,  699,  577,  767,  660,  653,  800,  798,  604,  626,  399,  977,  867,  466,  677,   99,  766,  849,  488,  824,  841,  431,  303,  858,  313,  740,  478,  262,  615,  722,  837,  280,  110, 1049,  685,  310,  250,  703,  314],
        [ 1203,    0,  997,  106,  549,   82,  240, 1033,  743,  552,  756, 1156,  140,  730,  571,  390,  333,  614,  685,   82,    0,  836,  631,  584,  559,  916,  356,  546,  419,  844,  786,  957,  679,  925,  438,  859, 1230,  242,  114,  589,  688,  666,  576,  914,  854,  605, 1045,  582,   98,  698,  940,  982,  731, 1013, 1012,  367,  739,  860,  821,  908,  451,  400,  516,  532,  718, 1024,  227,  518,  496,   56,  808,  826,  620, 1014,  757,  809,  842,  637,  845,  466,  795,  521, 1058,  882,  799, 1114,  812,  526,  704,  480,  484,  610,  343,  732,  343,  940,  735,  558,  699,  614,  697,  761,  820,  543,  626,  417,  957,  795,  387,  717,  126,  690,  822,  509,  804,  801,  481,  272,  869,  363,  701,  446,  191,  559,  652,  803,  327,  109, 1004,  610,  298,  219,  641,  325],
        [  506,    0,  186,  731,  460,  811,  653,  398,  359,  485,  601,  470,  776,  921,  701,  715,  619,  225,  285,  888,  836,    0,  223,  549,  299,   83,  563,  896,  457,  445,  591,  342,  824,  575,  443,  489,  540,  722,  889,  338,  332,  295,  393,  705,  234,  818,  490,  274,  833,  752,  106,  166,  109,  268,  506,  856,  643,   55,  148,  676,  425,  576,  374,  310,  827,  374,  687,  322,  499,  838,  102,  937,  878,  424,  699,  786,  391,  769,  606,  642,  308,  488,  385,  532,  617,  364,  622,  395,  215,  609,  439,  367,  518,  623,  856,  516,  848,  426,  285,  233,  913,  167,  763,  309,  542,  684,  404,  333,  584,  885,  813,  435,  297,  693,  362,  141,  876,  594,  687,  849,  202,  435,  656,  281,  310,  208,  832,  941,  188,  414,  621,  643,  234,  684],
        [  701,    0,  406,  527,  257,  617,  433,  564,  247,  416,  607,  660,  591,  866,  629,  589,  396,   50,  293,  690,  631,  223,    0,  494,  183,  305,  415,  795,  308,  369,  610,  493,  769,  650,  220,  557,  734,  556,  697,  134,  189,  288,  331,  748,  251,  743,  634,  170,  642,  714,  319,  387,  116,  468,  632,  715,  636,  233,  194,  722,  283,  355,  262,  103,  783,  544,  515,  118,  404,  627,  245,  906,  798,  574,  689,  778,  474,  710,  644,  540,  385,  279,  565,  600,  636,  571,  645,  300,   98,  512,  219,  324,  300,  616,  710,  611,  806,  356,  153,  134,  849,  249,  762,   90,  505,  566,  536,  261,  362,  832,  627,  285,  392,  603,  432,  265,  761,  416,  718,  708,  221,  295,  445,   82,  142,  314,  685,  733,  410,  230,  461,  458,   37,  538],
        [  690,    0,  617,  509,  663,  514,  572,  520,  736,   79,  176,  644,  455,  378,  154,  244,  624,  444,  267,  584,  584,  549,  494,    0,  312,  594,  241,  360,  256,  860,  204,  456,  280,  344,  520,  290,  709,  354,  563,  584,  674,  255,  166,  341,  722,  270,  496,  325,  518,  221,  641,  612,  499,  570,  452,  382,  175,  600,  641,  329,  253,  640,  239,  433,  290,  521,  357,  424,  116,  622,  460,  413,  330,  485,  215,  298,  309,  223,  262,  143,  311,  664,  559,  304,  219,  649,  233,  197,  588,  114,  576,  184,  495,  161,  394,  370,  313,  138,  645,  366,  366,  389,  290,  469,   42,  205,  427,  754,  636,  343,  485,  754,  341,  161,  287,  428,  356,  338,  297,  377,  348,  245,  509,  430,  624,  382,  380,  684,  629,  676,  289,  380,  529,  273],
        [  663,    0,  441,  455,  380,  523,  420,  501,  426,  234,  435,  616,  483,  684,  448,  425,  425,  134,  160,  601,  559,  299,  183,  312,    0,  370,  265,  621,  159,  549,  443,  423,  587,  509,  266,  418,  692,  424,  599,  281,  364,  146,  151,  586,  421,  563,  543,   25,  543,  532,  404,  427,  214,  456,  527,  561,  460,  338,  348,  563,  126,  411,   83,  134,  601,  487,  391,  131,  225,  571,  251,  724,  619,  495,  511,  600,  353,  528,  483,  364,  276,  389,  517,  458,  468,  559,  478,  118,  279,  335,  305,  151,  294,  440,  560,  485,  624,  174,  334,   69,  668,  203,  585,  169,  324,  397,  445,  443,  413,  650,  520,  450,  295,  424,  309,  242,  593,  300,  552,  554,  144,  137,  397,  123,  314,  251,  536,  667,  449,  378,  323,  353,  218,  387],
        [  445,    0,  111,  810,  538,  888,  735,  358,  420,  536,  625,  413,  851,  959,  747,  777,  701,  306,  328,  965,  916,   83,  305,  594,  370,    0,  632,  948,  529,  492,  610,  315,  863,  573,  525,  493,  479,  793,  965,  417,  401,  341,  447,  712,  272,  864,  459,  345,  909,  786,   51,   90,  192,  211,  483,  919,  670,   93,  199,  682,  495,  658,  440,  391,  862,  333,  760,  404,  557,  919,  135,  967,  923,  392,  726,  810,  395,  811,  617,  698,  322,  566,  336,  535,  635,  297,  639,  457,  289,  664,  520,  417,  600,  650,  921,  508,  883,  480,  355,  306,  953,  206,  784,  391,  583,  744,  382,  386,  665,  923,  888,  501,  304,  745,  374,  167,  933,  668,  699,  912,  255,  505,  737,  362,  385,  224,  898, 1021,  110,  488,  692,  719,  315,  750],
        [  858,    0,  693,  271,  495,  296,  337,  686,  622,  197,  417,  810,  243,  515,  289,  180,  401,  376,  348,  373,  356,  563,  415,  241,  265,  632,    0,  396,  109,  746,  444,  611,  431,  574,  341,  504,  882,  163,  360,  452,  558,  329,  227,  581,  665,  379,  691,  290,  308,  412,  669,  681,  476,  685,  656,  301,  411,  602,  602,  570,  140,  430,  194,  320,  460,  679,  141,  306,  141,  387,  506,  585,  423,  663,  442,  514,  489,  374,  501,  171,  449,  485,  715,  529,  460,  782,  473,  187,  511,  163,  404,  262,  285,  399,  297,  585,  482,  205,  543,  333,  490,  446,  514,  351,  281,  167,  605,  656,  424,  488,  279,  613,  478,  238,  452,  489,  354,   97,  537,  294,  387,  129,  270,  334,  508,  474,  272,  461,  702,  527,   65,  142,  441,  124],
        [ 1022,    0,  976,  534,  888,  465,  673,  860, 1016,  412,  428,  978,  415,  197,  212,  219,  759,  750,  622,  496,  546,  896,  795,  360,  621,  948,  396,    0,  492, 1140,  463,  804,  190,  617,  735,  603, 1036,  339,  460,  847,  951,  607,  504,  523, 1041,  123,  813,  642,  449,  262,  993,  970,  830,  926,  762,  181,  382,  944,  968,  534,  513,  804,  539,  708,  230,  865,  382,  695,  400,  600,  814,  300,   92,  818,  358,  356,  653,  192,  511,  257,  668,  876,  903,  598,  457, 1001,  467,  507,  892,  289,  797,  531,  667,  391,  206,  671,  235,  471,  933,  687,  162,  743,  382,  742,  382,  232,  764, 1047,  795,  196,  420, 1009,  698,  204,  638,  783,   65,  451,  484,  184,  696,  501,  593,  717,  901,  741,  219,  604,  988,  923,  379,  451,  825,  292],
        [  785,    0,  595,  320,  417,  373,  332,  616,  525,  186,  422,  738,  329,  588,  353,  282,  372,  268,  267,  451,  419,  457,  308,  256,  159,  529,  109,  492,    0,  649,  442,  539,  497,  550,  269,  469,  812,  265,  446,  358,  460,  248,  167,  586,  558,  457,  636,  184,  391,  462,  563,  582,  368,  598,  608,  409,  429,  494,  493,  570,   35,  385,   99,  217,  520,  607,  233,  204,  141,  439,  406,  647,  507,  600,  470,  551,  434,  438,  494,  245,  378,  414,  640,  501,  462,  698,  475,  111,  405,  224,  328,  197,  240,  413,  406,  547,  543,  160,  442,  226,  567,  350,  546,  250,  287,  261,  544,  555,  381,  558,  366,  524,  405,  312,  393,  392,  455,  149,  545,  402,  290,   27,  285,  228,  410,  386,  381,  527,  604,  440,  164,  203,  336,  232],
        [  935,    0,  596,  755,  295,  862,  605,  842,  126,  783,  973,  904,  857, 1229,  991,  925,  519,  418,  651,  920,  844,  445,  369,  860,  549,  492,  746, 1140,  649,    0,  974,  786, 1133,  996,  426,  904,  969,  856,  939,  294,  190,  650,  699, 1107,  221, 1102,  934,  538,  890, 1081,  463,  576,  405,  702,  947, 1034, 1004,  403,  298, 1080,  633,  451,  624,  435, 1149,  818,  809,  447,  765,  817,  532, 1273, 1154,  868, 1057, 1146,  813, 1074, 1003,  893,  723,  324,  825,  949, 1000,  785, 1008,  665,  280,  868,  369,  692,  518,  983, 1024,  946, 1172,  723,  216,  501, 1210,  573, 1129,  400,  873,  909,  845,  116,  464, 1196,  887,  155,  721,  958,  775,  567, 1099,  714, 1080, 1027,  568,  644,  660,  433,  241,  632,  998,  923,  590,  236,  776,  740,  333,  862],
        [  565,    0,  596,  713,  820,  715,  768,  413,  855,  257,   36,  524,  655,  386,  267,  426,  813,  561,  325,  782,  786,  591,  610,  204,  443,  610,  444,  463,  442,  974,    0,  372,  303,  158,  690,  150,  576,  552,  759,  723,  798,  324,  299,  146,  802,  344,  352,  447,  717,  216,  660,  598,  578,  514,  300,  546,   83,  646,  714,  129,  429,  821,  393,  576,  285,  424,  560,  571,  310,  825,  491,  366,  397,  367,  128,  203,  229,  274,   59,  329,  289,  826,  460,  136,   27,  567,   36,  353,  694,  309,  739,  292,  680,   73,  563,  209,  301,  289,  761,  476,  392,  425,  175,  611,  163,  389,  318,  861,  819,  351,  684,  890,  309,  314,  238,  452,  486,  540,  109,  542,  411,  424,  709,  564,  750,  388,  554,  884,  609,  821,  492,  583,  646,  469],
        [  248,    0,  254,  859,  749,  905,  842,   78,  692,  437,  399,  200,  854,  756,  593,  693,  844,  461,  274,  982,  957,  342,  493,  456,  423,  315,  611,  804,  539,  786,  372,    0,  669,  281,  675,  226,  274,  767,  971,  626,  655,  292,  384,  433,  574,  695,  149,  407,  918,  583,  360,  264,  399,  149,  169,  835,  450,  389,  489,  403,  508,  822,  443,  526,  654,   69,  751,  532,  484,  977,  259,  735,  753,   84,  499,  570,  152,  629,  356,  594,  163,  769,  105,  257,  392,  198,  390,  431,  533,  561,  698,  349,  716,  434,  845,  208,  672,  408,  608,  399,  760,  245,  539,  547,  425,  653,   71,  673,  826,  720,  889,  759,  135,  615,  170,  230,  809,  685,  433,  829,  289,  512,  814,  500,  621,  181,  828, 1065,  267,  719,  675,  739,  521,  699],
        [  868,    0,  871,  641,  914,  598,  755,  715, 1008,  354,  272,  826,  540,   99,  145,  295,  828,  720,  540,  644,  679,  824,  769,  280,  587,  863,  431,  190,  497, 1133,  303,  669,    0,  448,  763,  452,  878,  444,  611,  849,  945,  529,  445,  338, 1002,   78,  654,  603,  588,   88,  911,  869,  779,  804,  600,  340,  221,  876,  920,  352,  506,  860,  509,  700,   42,  724,  476,  689,  369,  729,  731,  156,  104,  669,  182,  166,  519,   60,  341,  260,  555,  909,  761,  437,  291,  866,  298,  470,  865,  274,  824,  462,  715,  236,  364,  510,   57,  416,  918,  645,   92,  660,  193,  736,  282,  280,  619, 1030,  854,   64,  555, 1018,  582,  194,  515,  696,  238,  513,  302,  340,  624,  496,  679,  701,  894,  642,  368,  753,  884,  936,  442,  533,  804,  371],
        [  427,    0,  531,  845,  886,  857,  881,  297,  886,  378,  193,  391,  798,  519,  424,  579,  914,  605,  360,  928,  925,  575,  650,  344,  509,  573,  574,  617,  550,  996,  158,  281,  448,    0,  772,   94,  434,  697,  906,  776,  835,  368,  388,  155,  803,  496,  213,  505,  862,  362,  622,  538,  592,  430,  158,  702,  236,  628,  714,  125,  530,  912,  480,  641,  423,  314,  700,  639,  434,  960,  476,  478,  546,  246,  266,  314,  185,  426,  108,  480,  274,  897,  345,   52,  161,  458,  152,  447,  720,  456,  814,  368,  778,  229,  719,   75,  434,  391,  793,  523,  532,  424,  281,  672,  303,  540,  213,  881,  912,  487,  829,  934,  279,  470,  221,  437,  642,  668,  164,  698,  432,  528,  830,  622,  792,  369,  709, 1027,  544,  875,  628,  715,  685,  616],
        [  902,    0,  624,  340,  154,  443,  218,  751,  313,  445,  675,  858,  433,  852,  619,  517,  178,  227,  424,  508,  438,  443,  220,  520,  266,  525,  341,  735,  269,  426,  690,  675,  763,  772,    0,  682,  933,  432,  522,  151,  253,  411,  392,  835,  417,  717,  804,  275,  470,  730,  538,  605,  334,  676,  790,  613,  690,  451,  392,  815,  268,  148,  298,  149,  788,  734,  384,  144,  407,  424,  451,  914,  764,  752,  734,  818,  618,  705,  736,  506,  538,  146,  760,  721,  713,  780,  725,  337,  272,  490,   63,  406,   97,  672,  601,  750,  811,  401,  261,  276,  828,  434,  810,  136,  547,  507,  705,  361,  152,  823,  463,  280,  555,  574,  574,  462,  687,  292,  797,  606,  386,  276,  248,  178,  215,  495,  575,  532,  628,  194,  359,  314,  217,  447],
        [  419,    0,  463,  773,  793,  794,  800,  264,  793,  308,  180,  377,  737,  535,  398,  533,  828,  512,  267,  867,  859,  489,  557,  290,  418,  493,  504,  603,  469,  904,  150,  226,  452,   94,  682,    0,  433,  639,  848,  683,  742,  275,  304,  220,  714,  487,  212,  413,  802,  365,  543,  467,  500,  372,  164,  665,  231,  543,  625,  190,  447,  824,  394,  549,  434,  275,  636,  547,  364,  891,  388,  510,  542,  218,  277,  345,   99,  419,  131,  432,  183,  805,  311,   45,  167,  419,  165,  363,  628,  404,  722,  281,  692,  217,  680,   82,  450,  311,  700,  430,  541,  334,  314,  580,  250,  493,  169,  789,  824,  500,  769,  841,  193,  434,  130,  349,  619,  595,  211,  661,  339,  446,  752,  530,  698,  282,  667,  963,  476,  782,  562,  644,  592,  560],
        [   35,    0,  374, 1132,  989, 1177, 1111,  197,  897,  702,  610,   76, 1125,  953,  830,  951, 1107,  711,  547, 1254, 1230,  540,  734,  709,  692,  479,  882, 1036,  812,  969,  576,  274,  878,  434,  933,  433,    0, 1036, 1241,  865,  872,  565,  656,  576,  749,  919,  225,  674, 1190,  791,  507,  394,  627,  273,  278, 1090,  659,  570,  677,  550,  781, 1079,  716,  784,  855,  207, 1022,  791,  752, 1251,  489,  908,  972,  224,  697,  747,  402,  850,  538,  851,  435, 1013,  176,  441,  588,  185,  581,  704,  753,  819,  949,  622,  982,  647, 1102,  369,  867,  678,  824,  660,  964,  500,  714,  801,  673,  912,  283,  865, 1084,  920, 1160,  974,  408,  862,  433,  473, 1051,  958,  595, 1085,  552,  786, 1086,  756,  847,  443, 1087, 1338,  380,  950,  946, 1012,  757,  965],
        [ 1013,    0,  855,  200,  580,  165,  336,  840,  738,  336,  520,  965,  104,  506,  329,  151,  425,  523,  509,  231,  242,  722,  556,  354,  424,  793,  163,  339,  265,  856,  552,  767,  444,  697,  432,  639, 1036,    0,  210,  567,  675,  490,  386,  675,  804,  373,  836,  448,  166,  457,  827,  843,  629,  847,  798,  185,  500,  758,  748,  670,  298,  474,  356,  455,  481,  835,   49,  441,  284,  288,  668,  595,  398,  814,  516,  568,  637,  399,  611,  226,  605,  562,  872,  657,  562,  943,  576,  349,  647,  244,  493,  421,  349,  494,  170,  720,  500,  359,  668,  490,  474,  608,  578,  481,  395,  175,  756,  779,  464,  488,  132,  712,  635,  268,  603,  651,  279,  145,  630,  178,  549,  288,  255,  475,  628,  636,  144,  334,  865,  625,  101,  121,  578,   84],
        [ 1217,    0, 1039,  185,  646,   81,  342, 1045,  832,  545,  726, 1170,  118,  652,  520,  339,  438,  674,  706,   38,  114,  889,  697,  563,  599,  965,  360,  460,  446,  939,  759,  971,  611,  906,  522,  848, 1241,  210,    0,  672,  775,  687,  587,  877,  932,  535, 1045,  623,   56,  643,  995, 1025,  788, 1042, 1007,  280,  702,  918,  890,  873,  480,  503,  543,  595,  652, 1039,  220,  580,  492,  166,  849,  751,  541, 1021,  712,  754,  845,  576,  817,  430,  808,  620, 1075,  866,  768, 1140,  781,  544,  777,  451,  573,  622,  426,  698,  255,  929,  666,  564,  781,  660,  618,  795,  768,  612,  604,  373,  963,  882,  490,  643,   82,  786,  837,  460,  810,  837,  395,  299,  831,  278,  735,  472,  280,  620,  736,  830,  245,  145, 1047,  704,  296,  247,  711,  291],
        [  832,    0,  524,  490,  125,  592,  364,  697,  172,  505,  716,  791,  579,  942,  705,  632,  303,  172,  416,  658,  589,  338,  134,  584,  281,  417,  452,  847,  358,  294,  723,  626,  849,  776,  151,  683,  865,  567,  672,    0,  108,  409,  430,  864,  269,  813,  767,  277,  619,  803,  419,  504,  239,  596,  765,  742,  739,  333,  255,  840,  344,  249,  345,  151,  867,  677,  521,  160,  481,  574,  377,  993,  864,  708,  790,  877,  604,  789,  761,  602,  516,  150,  697,  725,  748,  697,  758,  387,  135,  579,  115,  431,  247,  720,  733,  741,  891,  450,  110,  254,  922,  383,  864,  115,  601,  616,  669,  213,  258,  911,  611,  171,  525,  669,  561,  399,  805,  423,  831,  735,  352,  354,  398,  159,   64,  448,  707,  681,  525,   99,  484,  454,  108,  569],
        [  838,    0,  511,  592,  165,  696,  456,  720,   65,  596,  795,  801,  685, 1040,  802,  737,  384,  238,  480,  760,  688,  332,  189,  674,  364,  401,  558,  951,  460,  190,  798,  655,  945,  835,  253,  742,  872,  675,  775,  108,    0,  476,  515,  936,  190,  912,  801,  355,  723,  895,  390,  490,  257,  600,  805,  849,  822,  310,  210,  910,  443,  321,  437,  246,  962,  697,  628,  258,  577,  669,  396, 1086,  965,  738,  875,  963,  656,  885,  832,  704,  566,  198,  712,  786,  824,  695,  833,  478,  122,  679,  205,  511,  349,  803,  840,  793,  985,  538,   48,  322, 1021,  421,  948,  211,  688,  720,  706,  108,  333, 1007,  716,  105,  569,  769,  616,  426,  911,  531,  906,  842,  404,  454,  499,  245,   51,  485,  814,  777,  510,  100,  591,  561,  153,  676],
        [  538,    0,  377,  567,  518,  618,  555,  370,  532,  196,  325,  491,  569,  627,  407,  445,  568,  241,   20,  696,  666,  295,  288,  255,  146,  341,  329,  607,  248,  650,  324,  292,  529,  368,  411,  275,  565,  490,  687,  409,  476,    0,  111,  460,  484,  524,  401,  139,  633,  460,  387,  369,  258,  357,  382,  590,  361,  347,  398,  434,  216,  557,  152,  274,  534,  359,  469,  274,  223,  686,  207,  648,  584,  357,  416,  505,  208,  475,  356,  360,  135,  531,  393,  317,  351,  454,  359,  143,  370,  326,  448,   78,  435,  340,  595,  340,  556,  143,  438,  157,  618,  136,  485,  305,  248,  409,  304,  537,  558,  591,  606,  571,  159,  404,  163,  178,  594,  395,  431,  583,   95,  221,  523,  255,  430,  147,  574,  775,  388,  508,  393,  449,  324,  432],
        [  631,    0,  487,  482,  522,  522,  496,  459,  576,   94,  288,  583,  470,  542,  312,  335,  526,  281,  129,  599,  576,  393,  331,  166,  151,  447,  227,  504,  167,  699,  299,  384,  445,  388,  392,  304,  656,  386,  587,  430,  515,  111,    0,  444,  557,  429,  471,  162,  535,  384,  490,  478,  335,  464,  442,  480,  310,  441,  477,  423,  144,  528,   95,  281,  455,  452,  368,  275,  113,  601,  313,  576,  488,  438,  361,  449,  268,  387,  345,  252,  222,  528,  488,  338,  323,  558,  334,   60,  424,  218,  441,   36,  391,  290,  485,  381,  478,   34,  483,  202,  529,  244,  435,  317,  174,  300,  381,  591,  527,  508,  506,  600,  251,  301,  228,  286,  486,  305,  407,  473,  193,  143,  452,  273,  465,  257,  464,  684,  498,  526,  292,  358,  367,  323],
        [  573,    0,  680,  847,  964,  840,  911,  451,  991,  401,  166,  539,  779,  392,  362,  538,  957,  700,  457,  903,  914,  705,  748,  341,  586,  712,  581,  523,  586, 1107,  146,  433,  338,  155,  835,  220,  576,  675,  877,  864,  936,  460,  444,    0,  926,  401,  361,  588,  839,  262,  762,  686,  706,  582,  307,  640,  176,  760,  837,   31,  574,  967,  538,  719,  305,  468,  688,  715,  452,  956,  604,  335,  441,  400,  171,  181,  318,  334,  104,  449,  398,  971,  499,  180,  125,  612,  112,  499,  828,  435,  884,  435,  825,  184,  661,  229,  311,  435,  897,  615,  411,  545,  149,  754,  303,  504,  366,  993,  964,  364,  805, 1030,  411,  418,  344,  565,  561,  678,   46,  638,  540,  569,  849,  706,  889,  498,  656, 1008,  693,  963,  625,  719,  784,  592],
        [  715,    0,  376,  753,  354,  851,  632,  626,  174,  649,  807,  684,  832, 1099,  867,  838,  567,  292,  480,  921,  854,  234,  251,  722,  421,  272,  665, 1041,  558,  221,  802,  574, 1002,  803,  417,  714,  749,  804,  932,  269,  190,  484,  557,  926,    0,  983,  722,  403,  878,  939,  243,  356,  227,  483,  739,  965,  844,  187,   90,  898,  532,  507,  504,  349, 1011,  601,  761,  364,  645,  841,  329, 1129, 1040,  655,  900,  989,  619,  944,  824,  785,  532,  387,  607,  759,  829,  565,  836,  538,  157,  756,  382,  542,  512,  824,  960,  747, 1034,  587,  161,  359, 1086,  382,  968,  324,  726,  814,  637,  125,  518, 1064,  866,  264,  525,  845,  585,  367, 1010,  662,  904,  958,  393,  544,  664,  332,  208,  435,  935,  949,  370,  289,  711,  701,  226,  788],
        [  906,    0,  882,  572,  870,  524,  693,  747,  977,  336,  309,  863,  467,  137,  118,  227,  770,  696,  537,  568,  605,  818,  743,  270,  563,  864,  379,  123,  457, 1102,  344,  695,   78,  496,  717,  487,  919,  373,  535,  813,  912,  524,  429,  401,  983,    0,  695,  581,  513,  140,  910,  878,  764,  824,  643,  263,  262,  869,  904,  411,  470,  806,  482,  667,  119,  754,  409,  655,  339,  656,  730,  223,   60,  704,  235,  238,  544,   71,  390,  212,  568,  862,  792,  479,  336,  893,  345,  446,  841,  234,  779,  452,  662,  272,  287,  552,  132,  398,  889,  625,  112,  659,  262,  702,  284,  218,  651, 1002,  799,  115,  481,  980,  597,  145,  534,  697,  164,  454,  361,  263,  617,  459,  615,  671,  862,  649,  291,  677,  894,  896,  382,  469,  776,  305],
