{
    "name": "random-63-20530",
    "comment": "size=63 seed=20530",
    "nodes": ["+0", "-0", "+1", "-1", "+2", "-2", "+3", "-3", "+4", "-4", "+5", "-5", "+6", "-6", "+7", "-7", "+8", "-8", "+9", "-9", "+10", "-10", "+11", "-11", "+12", "-12", "+13", "-13", "+14", "-14", "+15", "-15", "+16", "-16", "+17", "-17", "+18", "-18", "+19", "-19", "+20", "-20", "+21", "-21", "+22", "-22", "+23", "-23", "+24", "-24", "+25", "-25", "+26", "-26", "+27", "-27", "+28", "-28", "+29", "-29", "+30", "-30", "+31", "-31", "+32", "-32", "+33", "-33", "+34", "-34", "+35", "-35", "+36", "-36", "+37", "-37", "+38", "-38", "+39", "-39", "+40", "-40", "+41", "-41", "+42", "-42", "+43", "-43", "+44", "-44", "+45", "-45", "+46", "-46", "+47", "-47", "+48", "-48", "+49", "-49", "+50", "-50", "+51", "-51", "+52", "-52", "+53", "-53", "+54", "-54", "+55", "-55", "+56", "-56", "+57", "-57", "+58", "-58", "+59", "-59", "+60", "-60", "+61", "-61", "+62", "-62", "+63", "-63"],
    "precedence": {
        "+0": "-0",
        "+1": "-1",
        "+2": "-2",
        "+3": "-3",
        "+4": "-4",
        "+5": "-5",
        "+6": "-6",
        "+7": "-7",
        "+8": "-8",
        "+9": "-9",
        "+10": "-10",
        "+11": "-11",
        "+12": "-12",
        "+13": "-13",
        "+14": "-14",
        "+15": "-15",
        "+16": "-16",
        "+17": "-17",
        "+18": "-18",
        "+19": "-19",
        "+20": "-20",
        "+21": "-21",
        "+22": "-22",
        "+23": "-23",
        "+24": "-24",
        "+25": "-25",
        "+26": "-26",
        "+27": "-27",
        "+28": "-28",
        "+29": "-29",
        "+30": "-30",
        "+31": "-31",
        "+32": "-32",
        "+33": "-33",
        "+34": "-34",
        "+35": "-35",
        "+36": "-36",
        "+37": "-37",
        "+38": "-38",
        "+39": "-39",
        "+40": "-40",
        "+41": "-41",
        "+42": "-42",
        "+43": "-43",
        "+44": "-44",
        "+45": "-45",
        "+46": "-46",
        "+47": "-47",
        "+48": "-48",
        "+49": "-49",
        "+50": "-50",
        "+51": "-51",
        "+52": "-52",
        "+53": "-53",
        "+54": "-54",
        "+55": "-55",
        "+56": "-56",
        "+57": "-57",
        "+58": "-58",
        "+59": "-59",
        "+60": "-60",
        "+61": "-61",
        "+62": "-62",
        "+63": "-63"
    },
    "edges": [
        [    0,    0,  827,  257,  423,  541,  483,  362,  246,  608,  456,  814,  823,  232, 1100,  448,  467,  237,  642,  563,  474,  597,  538,  871,  698,  966,  530,  348,  923,  416,  151,  535,  810,  649, 1022,  680,  313,  437,  897,  137,  526,  739,  656,  944,  344,  826,  346,  953,  154,  656,  644,  233,  614,  678,  375,  571,  640,  220,  612,  529,  507,  563,  898,  406,  160,  928,  277,  445,  187,  188,  254,  716,  689,  546,  349,  922,  670,  556,  516,  626,  924,  986,  182,  644,  592,  302,  490,  313,  382,  332,  558,  514,  960,  230,  168,  593,  638,  569,  231,  189,  573,  563,  356,  484,  886,  460,  557,  567,  145,  322,  267,  815,  163,  105,  257,  972,   68,  887,  333,  630,  615,  918,  753,  186,  881,  452,  415,  893],
        [    0,    0,    0,    0,    0,    0,    0,    0,    0,    0,    0,    0,    0,    0,    0,    0,    0,    0,    0,    0,    0,    0,    0,    0,    0,    0,    0,    0,    0,    0,    0,    0,    0,    0,    0,    0,    0,    0,    0,    0,    0,    0,    0,    0,    0,    0,    0,    0,    0,    0,    0,    0,    0,    0,    0,    0,    0,    0,    0,    0,    0,    0,    0,    0,    0,    0,    0,    0,    0,    0,    0,    0,    0,    0,    0,    0,    0,    0,    0,    0,    0,    0,    0,    0,    0,    0,    0,    0,    0,    0,    0,    0,    0,    0,    0,    0,    0,    0,    0,    0,    0,    0,    0,    0,    0,    0,    0,    0,    0,    0,    0,    0,    0,    0,    0,    0,    0,    0,    0,    0,    0,    0,    0,    0,    0,    0,    0,    0],
        [  827,    0,    0,  851,  424,  501,  366,  843,  803,  220,  403,  235,  103,  925,  569,  821,  657,  909,  190,  266,  383,  412,  439,  487,  299,  330,  734,  687,  190,  625,  899,  450,  121,  554,  502,  313,  766,  706,   72,  691,  937,  703,  567,  253,  575,  214,  922,  447,  880,  289,  784,  767,  484,  192,  594,  845,  210,  667, 1039,  687,  943,  497,  202,  530,  854,  652,  593,  968,  662,  639,  776,  384,  242,  310,  479,  198,  199,  809,  592,  206,  408,  601,  697,  797,  734,  867,  734,  771,  824,  499,  325,  457,  324,  908,  749,  253,  196,  274,  597,  698,  864,  401,  495,  432,  329,  852,  385,  943,  843,  654,  576,  650,  819,  771,  619,  579,  862,   64,  921, 1053,  215,  419,  214,  647,  194,  415,  526,  231],
        [  257,    0,  851,    0,  431,  712,  578,  615,   48,  650,  448,  766,  816,   95, 1237,  695,  682,  492,  691,  614,  576,  741,  688, 1023,  639, 1065,  759,  571,  988,  271,  402,  689,  871,  833, 1157,  797,  556,  664,  921,  286,  781,  949,  843,  898,  278,  912,  603, 1085,  123,  610,  875,   86,  781,  670,  270,  815,  643,  200,  869,  749,  762,  734,  863,  330,  102, 1109,  268,  701,  237,  315,   75,  854,  783,  542,  427,  892,  742,  796,  713,  676, 1050, 1149,  393,  877,  818,  558,  721,  104,  632,  385,  533,  668, 1058,   77,  138,  663,  690,  578,  330,  402,  819,  701,  363,  431,  810,  710,  497,  821,  115,  533,  410, 1008,  418,  178,  438, 1132,  204,  914,  589,  887,  665, 1047,  841,  337,  846,  568,  584,  848],
        [  423,    0,  424,  431,    0,  407,  195,  567,  383,  220,   40,  395,  405,  501,  839,  593,  477,  565,  262,  187,  206,  388,  353,  649,  287,  645,  574,  429,  559,  253,  526,  360,  441,  528,  759,  402,  481,  498,  495,  292,  712,  681,  542,  523,  163,  490,  619,  687,  457,  240,  675,  346,  455,  258,  200,  673,  222,  244,  821,  540,  707,  423,  476,  145,  431,  771,  169,  695,  244,  245,  357,  477,  370,  125,  120,  500,  319,  641,  459,  247,  649,  782,  342,  683,  611,  558,  551,  362,  561,  100,  138,  345,  638,  485,  326,  244,  261,  152,  201,  347,  687,  346,   72,  111,  475,  621,  164,  737,  420,  380,  228,  698,  463,  352,  290,  762,  447,  487,  612,  838,  236,  649,  422,  264,  459,  220,  318,  472],
        [  541,    0,  501,  712,  407,    0,  224,  378,  671,  349,  432,  644,  563,  740,  565,  332,  164,  499,  344,  319,  207,   94,   68,  332,  599,  474,  234,  240,  489,  641,  531,   56,  414,  126,  490,  208,  323,  219,  549,  435,  441,  275,  139,  729,  530,  375,  469,  424,  667,  552,  297,  634,   74,  483,  580,  345,  444,  523,  540,  187,  450,   23,  673,  540,  655,  398,  479,  490,  476,  398,  655,  197,  264,  432,  318,  682,  303,  309,   92,  335,  401,  446,  360,  308,  239,  425,  236,  689,  352,  366,  474,   64,  469,  730,  574,  279,  336,  410,  384,  354,  364,  101,  426,  512,  750,  362,  541,  444,  638,  235,  303,  302,  443,  551,  286,  432,  602,  535,  472,  554,  333,  392,  317,  380,  658,  188,  130,  690],
        [  483,    0,  366,  578,  195,  224,    0,  487,  531,  159,  214,  448,  396,  630,  662,  482,  334,  544,  177,  116,   20,  194,  163,  459,  384,  492,  427,  332,  440,  445,  537,  172,  329,  339,  581,  221,  406,  371,  431,  350,  602,  496,  353,  552,  343,  345,  561,  509,  569,  335,  512,  492,  263,  283,  388,  536,  240,  378,  710,  385,  604,  237,  497,  338,  549,  576,  315,  615,  350,  300,  510,  287,  210,  210,  151,  512,  188,  500,  293,  162,  474,  592,  335,  522,  450,  504,  414,  529,  472,  194,  251,  161,  486,  616,  450,  115,  171,  193,  264,  335,  552,  152,  235,  293,  549,  513,  317,  618,  534,  293,  219,  505,  455,  450,  254,  572,  530,  419,  559,  726,  154,  472,  272,  298,  480,   54,  177,  506],
        [  362,    0,  843,  615,  567,  378,  487,    0,  594,  645,  605,  927,  882,  592,  909,   98,  222,  171,  659,  601,  468,  469,  421,  677,  842,  850,  222,  156,  863,  697,  251,  411,  776,  427,  842,  581,   86,  166,  901,  361,  168,  448,  427, 1037,  591,  749,   93,  784,  515,  792,  317,  571,  437,  764,  639,  219,  721,  503,  267,  248,  153,  394,  983,  637,  520,  674,  513,  131,  446,  371,  595,  572,  627,  661,  448,  998,  647,  215,  300,  646,  768,  760,  253,  312,  283,   75,  186,  649,   32,  472,  692,  398,  846,  591,  498,  592,  652,  661,  400,  244,  217,  459,  533,  670, 1022,  100,  730,  207,  505,  195,  341,  551,  199,  441,  277,  752,  426,  888,   99,  286,  639,  756,  686,  341,  966,  434,  317,  991],
        [  246,    0,  803,   48,  383,  671,  531,  594,    0,  602,  400,  721,  769,  133, 1192,  671,  648,  482,  643,  566,  531,  698,  645,  979,  594, 1018,  728,  541,  941,  232,  395,  646,  823,  794, 1111,  751,  531,  633,  874,  253,  761,  913,  804,  854,  230,  865,  589, 1039,  136,  564,  845,   39,  740,  623,  226,  789,  595,  154,  853,  716,  744,  693,  818,  284,  108, 1069,  220,  688,  195,  277,   29,  809,  736,  494,  382,  846,  695,  769,  676,  628, 1004, 1106,  363,  847,  786,  541,  691,   76,  610,  339,  486,  625, 1011,  115,  103,  616,  642,  530,  288,  372,  794,  657,  315,  385,  768,  688,  452,  800,  114,  500,  370,  969,  401,  154,  402, 1089,  202,  867,  576,  871,  617, 1002,  794,  300,  801,  523,  544,  804],
        [  608,    0,  220,  650,  220,  349,  159,  645,  602,    0,  210,  297,  238,  718,  643,  638,  483,  696,   43,   47,  178,  283,  282,  482,  259,  433,  572,  490,  340,  455,  681,  293,  222,  441,  564,  237,  564,  525,  289,  472,  758,  602,  455,  394,  381,  277,  719,  494,  668,  216,  645,  564,  362,  135,  411,  683,   98,  459,  864,  528,  760,  355,  339,  349,  643,  627,  385,  774,  447,  421,  577,  323,  179,  137,  260,  354,  113,  647,  432,   31,  454,  614,  480,  657,  587,  661,  563,  580,  630,  282,  174,  291,  426,  702,  539,   73,   44,   97,  379,  481,  700,  253,  288,  265,  402,  669,  251,  771,  631,  451,  358,  583,  604,  555,  404,  592,  645,  279,  716,  880,   23,  458,  216,  428,  323,  212,  334,  350],
        [  456,    0,  403,  448,   40,  432,  214,  605,  400,  210,    0,  359,  376,  523,  843,  630,  511,  604,  253,  184,  228,  407,  376,  660,  248,  641,  608,  467,  548,  248,  563,  384,  430,  552,  762,  411,  520,  534,  474,  327,  750,  707,  566,  488,  173,  486,  658,  691,  483,  203,  706,  364,  477,  228,  201,  709,  197,  269,  858,  572,  745,  448,  443,  140,  456,  787,  194,  734,  274,  282,  374,  489,  372,   96,  158,  468,  316,  676,  489,  240,  652,  793,  380,  715,  643,  597,  586,  372,  600,  139,  102,  370,  634,  506,  351,  245,  253,  130,  238,  386,  723,  365,  101,   80,  437,  659,  125,  774,  446,  418,  267,  719,  501,  382,  329,  773,  477,  467,  651,  876,  229,  654,  420,  301,  425,  246,  351,  437],
        [  814,    0,  235,  766,  395,  644,  448,  927,  721,  297,  359,    0,  133,  852,  803,  929,  779,  952,  303,  334,  467,  572,  577,  709,  128,  564,  869,  775,  422,  506,  919,  589,  348,  727,  736,  498,  843,  818,  269,  686, 1049,  886,  742,  134,  498,  443,  993,  679,  826,  160,  941,  691,  650,  165,  496,  979,  208,  615, 1157,  824, 1050,  648,  102,  439,  797,  870,  545, 1057,  630,  639,  693,  581,  426,  275,  496,  133,  361,  943,  729,  310,  640,  829,  728,  952,  883,  933,  859,  671,  915,  492,  258,  587,  557,  835,  696,  366,  311,  267,  595,  732,  996,  546,  459,  341,  107,  960,  271, 1065,  789,  732,  607,  851,  852,  735,  664,  807,  832,  274,  988, 1173,  311,  650,  423,  656,   88,  500,  625,   83],
        [  823,    0,  103,  816,  405,  563,  396,  882,  769,  238,  376,  133,    0,  896,  670,  871,  711,  931,  225,  283,  415,  481,  498,  585,  216,  431,  795,  726,  289,  573,  910,  510,  220,  631,  604,  393,  802,  756,  140,  688,  989,  785,  645,  167,  539,  315,  956,  549,  859,  220,  855,  735,  557,  148,  550,  906,  184,  644, 1094,  749,  993,  564,  112,  488,  831,  749,  570, 1010,  648,  638,  741,  471,  320,  281,  482,  119,  263,  870,  652,  237,  510,  702,  711,  867,  801,  898,  790,  729,  866,  492,  283,  513,  425,  879,  727,  293,  233,  255,  595,  713,  924,  463,  475,  386,  227,  902,  328, 1000,  822,  688,  588,  740,  836,  756,  638,  680,  851,  143,  953, 1109,  243,  520,  304,  650,   99,  448,  568,  135],
        [  232,    0,  925,   95,  501,  740,  630,  592,  133,  718,  523,  852,  896,    0, 1282,  679,  689,  452,  757,  679,  626,  780,  724, 1061,  726, 1121,  758,  573, 1053,  363,  359,  723,  936,  857, 1202,  846,  544,  664,  996,  305,  753,  961,  866,  985,  358,  971,  567, 1131,   79,  695,  874,  162,  812,  749,  358,  802,  719,  260,  835,  754,  733,  762,  948,  415,   86, 1136,  333,  665,  281,  345,  161,  896,  838,  618,  480,  976,  803,  787,  730,  742, 1098, 1184,  397,  874,  820,  528,  719,  198,  613,  443,  613,  702, 1115,   19,  181,  724,  755,  652,  370,  405,  804,  741,  431,  514,  900,  690,  583,  795,  102,  541,  441, 1029,  393,  190,  457, 1168,  166,  988,  553,  852,  731, 1094,  899,  361,  931,  613,  611,  935],
        [ 1100,    0,  569, 1237,  839,  565,  662,  909, 1192,  643,  843,  803,  670, 1282,    0,  833,  691, 1054,  603,  659,  662,  505,  563,  235,  851,  240,  699,  796,  385, 1089, 1094,  566,  462,  483,   81,  442,  874,  745,  545,  983,  901,  507,  483,  793,  999,  375, 1001,  154, 1215,  827,  658, 1153,  492,  721, 1039,  772,  712, 1039,  964,  663,  920,  543,  754,  981, 1198,  285,  976,  990, 1004,  939, 1171,  387,  471,  779,  811,  739,  531,  746,  617,  612,  191,  173,  921,  671,  652,  970,  728, 1190,  879,  855,  814,  587,  246, 1270, 1105,  598,  600,  739,  913,  916,  789,  542,  893,  906,  893,  855,  890,  881, 1182,  799,  844,  392, 1007, 1095,  843,  170, 1159,  536, 1008,  971,  621,  191,  428,  927,  751,  671,  687,  788],
        [  448,    0,  821,  695,  593,  332,  482,   98,  671,  638,  630,  929,  871,  679,  833,    0,  169,  268,  646,  597,  462,  426,  386,  604,  855,  793,  135,  164,  821,  751,  347,  375,  744,  356,  770,  540,  141,  116,  876,  427,  122,  357,  354, 1031,  641,  706,  178,  716,  601,  805,  220,  645,  381,  764,  691,  124,  721,  566,  230,  171,  123,  344,  976,  681,  605,  587,  566,  162,  509,  427,  669,  517,  594,  673,  474,  989,  623,  118,  244,  634,  703,  678,  314,  215,  192,  172,  107,  721,   69,  506,  708,  366,  790,  677,  572,  578,  639,  667,  448,  305,  125,  425,  570,  700, 1029,   32,  755,  145,  588,  214,  378,  463,  288,  519,  315,  672,  514,  862,  188,  247,  629,  690,  648,  397,  960,  429,  305,  987],
        [  467,    0,  657,  682,  477,  164,  334,  222,  648,  483,  511,  779,  711,  689,  691,  169,    0,  365,  487,  446,  314,  257,  219,  457,  716,  630,   97,  120,  652,  676,  417,  208,  576,  208,  622,  371,  186,   58,  709,  396,  280,  273,  210,  874,  562,  538,  315,  563,  612,  667,  205,  615,  217,  614,  614,  202,  572,  517,  384,   69,  288,  176,  819,  589,  607,  474,  495,  327,  462,  376,  639,  352,  426,  538,  365,  830,  458,  168,   79,  476,  546,  549,  293,  210,  142,  280,   80,  683,  194,  406,  576,  201,  626,  683,  546,  419,  479,  525,  381,  284,  219,  257,  472,  587,  882,  199,  632,  289,  590,  150,  297,  354,  335,  507,  249,  539,  534,  695,  320,  399,  472,  535,  480,  350,  803,  283,  162,  832],
        [  237,    0,  909,  492,  565,  499,  544,  171,  482,  696,  604,  952,  931,  452, 1054,  268,  365,    0,  720,  650,  527,  581,  526,  819,  851,  968,  387,  260,  961,  632,   94,  518,  862,  573,  983,  687,  180,  314,  974,  296,  310,  614,  575, 1074,  541,  851,  117,  920,  379,  804,  487,  467,  567,  798,  582,  388,  755,  430,  384,  407,  287,  518, 1022,  597,  392,  834,  464,  214,  380,  329,  489,  694,  720,  678,  457, 1042,  724,  385,  437,  704,  899,  913,  225,  482,  450,   97,  349,  548,  201,  465,  701,  500,  964,  454,  398,  657,  713,  688,  369,  221,  384,  560,  514,  653, 1038,  267,  722,  354,  378,  270,  346,  712,  104,  336,  293,  903,  291,  962,  102,  401,  696,  889,  783,  305, 1005,  496,  403, 1024],
        [  642,    0,  190,  691,  262,  344,  177,  659,  643,   43,  253,  303,  225,  757,  603,  646,  487,  720,    0,   80,  194,  269,  277,  448,  282,  391,  573,  504,  298,  497,  709,  289,  180,  426,  524,  208,  581,  532,  258,  506,  764,  586,  440,  388,  423,  235,  736,  455,  707,  244,  639,  605,  348,  150,  454,  684,  122,  498,  870,  527,  768,  347,  332,  392,  682,  598,  425,  787,  485,  454,  618,  294,  144,  178,  294,  344,   75,  648,  431,   17,  415,  579,  507,  651,  583,  680,  566,  622,  642,  319,  213,  290,  383,  742,  578,   69,    8,  137,  413,  508,  702,  244,  329,  307,  409,  677,  289,  775,  670,  468,  387,  560,  629,  593,  429,  557,  680,  247,  734,  885,   27,  419,  175,  459,  317,  227,  344,  347],
        [  563,    0,  266,  614,  187,  319,  116,  601,  566,   47,  184,  334,  283,  679,  659,  597,  446,  650,   80,    0,  135,  263,  253,  485,  281,  459,  537,  447,  376,  432,  634,  264,  258,  420,  579,  236,  520,  485,  335,  427,  717,  581,  434,  437,  350,  303,  674,  509,  627,  235,  615,  528,  341,  169,  384,  647,  127,  420,  824,  493,  719,  327,  382,  324,  603,  623,  347,  730,  405,  375,  541,  319,  189,  130,  215,  398,  133,  611,  399,   64,  469,  618,  433,  626,  555,  616,  526,  548,  587,  240,  171,  259,  452,  663,  499,   64,   77,   97,  334,  435,  664,  228,  252,  249,  436,  628,  247,  732,  590,  407,  311,  571,  557,  513,  357,  597,  601,  324,  671,  840,   53,  471,  236,  382,  365,  169,  292,  391],
        [  474,    0,  383,  576,  206,  207,   20,  468,  531,  178,  228,  467,  415,  626,  662,  462,  314,  527,  194,  135,    0,  184,  149,  455,  403,  498,  408,  312,  450,  453,  523,  157,  342,  325,  581,  221,  388,  351,  447,  342,  583,  481,  339,  571,  349,  353,  543,  509,  564,  354,  494,  492,  250,  303,  395,  516,  260,  377,  690,  366,  584,  221,  516,  347,  544,  568,  316,  596,  346,  292,  510,  282,  217,  228,  150,  531,  201,  481,  275,  180,  474,  586,  321,  504,  432,  486,  394,  531,  452,  195,  269,  144,  491,  613,  447,  130,  188,  212,  259,  321,  532,  141,  240,  306,  569,  493,  334,  598,  529,  274,  208,  493,  440,  445,  240,  567,  522,  435,  540,  706,  173,  471,  280,  289,  500,   34,  158,  526],
        [  597,    0,  412,  741,  388,   94,  194,  469,  698,  283,  407,  572,  481,  780,  505,  426,  257,  581,  269,  263,  184,    0,   59,  282,  540,  388,  325,  325,  396,  636,  604,   64,  321,  158,  427,  114,  409,  312,  458,  479,  534,  319,  173,  648,  531,  282,  558,  357,  711,  496,  374,  660,   79,  416,  578,  434,  380,  546,  632,  277,  543,   86,  592,  530,  695,  384,  491,  583,  506,  436,  679,  120,  173,  387,  323,  599,  219,  398,  184,  264,  329,  409,  420,  387,  322,  513,  329,  706,  444,  371,  429,   84,  383,  768,  606,  211,  262,  358,  413,  416,  453,   44,  422,  485,  678,  456,  502,  536,  679,  312,  340,  313,  517,  592,  340,  391,  654,  444,  561,  646,  264,  322,  223,  423,  578,  179,  186,  611],
        [  538,    0,  439,  688,  353,   68,  163,  421,  645,  282,  376,  577,  498,  724,  563,  386,  219,  526,  277,  253,  149,   59,    0,  338,  533,  444,  298,  273,  442,  595,  547,   13,  358,  176,  485,  163,  357,  271,  490,  422,  499,  334,  191,  663,  487,  330,  509,  416,  654,  486,  364,  607,  103,  416,  535,  409,  377,  493,  601,  251,  506,   76,  607,  491,  639,  429,  442,  539,  452,  380,  627,  179,  208,  368,  276,  616,  240,  373,  155,  268,  387,  462,  361,  375,  306,  461,  296,  656,  398,  325,  410,   26,  439,  713,  552,  212,  269,  345,  359,  357,  427,   39,  380,  455,  683,  417,  479,  505,  623,  256,  283,  346,  459,  535,  282,  445,  596,  476,  510,  615,  266,  380,  266,  366,  592,  135,  128,  623],
        [  871,    0,  487, 1023,  649,  332,  459,  677,  979,  482,  660,  709,  585, 1061,  235,  604,  457,  819,  448,  485,  455,  282,  338,    0,  724,  242,  472,  562,  352,  901,  860,  339,  367,  250,  166,  250,  640,  512,  494,  759,  681,  306,  251,  737,  802,  274,  769,  118,  991,  690,  447,  941,  259,  589,  846,  554,  568,  826,  754,  433,  699,  310,  688,  793,  976,  166,  769,  764,  787,  717,  960,  173,  304,  613,  601,  682,  373,  526,  383,  452,  122,  134,  691,  461,  431,  737,  498,  985,  647,  648,  653,  360,  243, 1050,  888,  421,  443,  576,  695,  686,  573,  323,  694,  731,  811,  628,  730,  665,  960,  565,  621,  205,  773,  873,  615,  114,  931,  481,  775,  762,  459,  106,  288,  703,  680,  458,  457,  717],
        [  698,    0,  299,  639,  287,  599,  384,  842,  594,  259,  248,  128,  216,  726,  851,  855,  716,  851,  282,  281,  403,  540,  533,  724,    0,  619,  810,  695,  487,  378,  810,  544,  390,  698,  778,  490,  756,  749,  353,  573,  976,  859,  713,  260,  373,  478,  901,  715,  702,   50,  894,  565,  619,  136,  369,  918,  162,  493, 1085,  768,  974,  608,  228,  313,  672,  878,  425,  972,  512,  529,  566,  576,  424,  182,  398,  258,  354,  883,  676,  282,  674,  852,  627,  904,  833,  840,  795,  543,  833,  386,  152,  538,  611,  708,  573,  331,  289,  192,  486,  632,  934,  508,  344,  217,  189,  885,  145,  995,  665,  649,  510,  841,  749,  614,  571,  830,  711,  353,  895, 1101,  279,  682,  439,  549,  213,  433,  556,  210],
        [  966,    0,  330, 1065,  645,  474,  492,  850, 1018,  433,  641,  564,  431, 1121,  240,  793,  630,  968,  391,  459,  498,  388,  444,  242,  619,    0,  671,  712,  147,  887,  990,  451,  230,  445,  180,  288,  795,  687,  307,  837,  886,  540,  451,  556,  808,  156,  941,  146, 1061,  598,  670,  979,  414,  492,  842,  767,  488,  867,  970,  626,  901,  457,  516,  781, 1040,  394,  798,  954,  841,  788,  994,  279,  283,  567,  642,  501,  327,  734,  552,  403,  122,  309,  798,  684,  642,  898,  688, 1005,  823,  681,  598,  470,    8, 1107,  941,  403,  389,  525,  756,  795,  786,  412,  706,  697,  653,  821,  671,  877, 1026,  699,  700,  446,  902,  942,  716,  290, 1017,  298,  945,  980,  413,  138,  225,  783,  512,  516,  571,  549],
        [  530,    0,  734,  759,  574,  234,  427,  222,  728,  572,  608,  869,  795,  758,  699,  135,   97,  387,  573,  537,  408,  325,  298,  472,  810,  671,    0,  188,  711,  769,  455,  286,  645,  228,  638,  435,  223,   96,  782,  476,  216,  227,  224,  960,  655,  597,  310,  586,  680,  761,  117,  697,  266,  705,  707,  112,  664,  603,  309,   48,  230,  239,  904,  684,  677,  454,  586,  292,  547,  461,  721,  399,  497,  633,  461,  914,  537,   76,  143,  563,  575,  544,  366,  120,   65,  293,   40,  768,  190,  502,  672,  283,  668,  753,  626,  505,  565,  619,  471,  358,  130,  334,  568,  684,  973,  156,  729,  213,  661,  230,  388,  330,  382,  582,  336,  537,  597,  768,  319,  322,  559,  562,  546,  433,  889,  378,  259,  919],
        [  348,    0,  687,  571,  429,  240,  332,  156,  541,  490,  467,  775,  726,  573,  796,  164,  120,  260,  504,  447,  312,  325,  273,  562,  695,  712,  188,    0,  714,  595,  300,  264,  623,  319,  725,  435,   85,   93,  747,  289,  284,  392,  323,  883,  483,  602,  238,  661,  495,  645,  305,  510,  308,  611,  534,  259,  568,  420,  392,  182,  280,  259,  828,  519,  492,  591,  410,  284,  363,  278,  534,  436,  476,  513,  310,  843,  492,  234,  182,  490,  640,  662,  179,  307,  248,  189,  151,  582,  141,  343,  547,  248,  707,  568,  439,  436,  497,  510,  292,  170,  269,  309,  408,  537,  872,  192,  591,  308,  475,   50,  216,  474,  216,  395,  156,  651,  415,  733,  239,  410,  484,  630,  536,  249,  811,  279,  161,  837],
        [  923,    0,  190,  988,  559,  489,  440,  863,  941,  340,  548,  422,  289, 1053,  385,  821,  652,  961,  298,  376,  450,  396,  442,  352,  487,  147,  711,  714,    0,  787,  968,  452,  118,  498,  325,  282,  798,  708,  160,  788,  925,  622,  508,  410,  720,  115,  951,  281, 1000,  472,  733,  903,  446,  369,  748,  816,  373,  795, 1019,  664,  936,  478,  370,  684,  977,  516,  722,  978,  778,  737,  915,  316,  242,  463,  581,  355,  254,  781,  577,  313,  248,  444,  768,  747,  694,  902,  721,  919,  839,  613,  488,  467,  141, 1038,  874,  333,  299,  423,  700,  767,  835,  405,  626,  593,  508,  850,  557,  923,  963,  692,  658,  544,  883,  884,  686,  423,  967,  152,  952, 1031,  324,  262,  179,  738,  366,  476,  559,  403],
        [  416,    0,  625,  271,  253,  641,  445,  697,  232,  455,  248,  506,  573,  363, 1089,  751,  676,  632,  497,  432,  453,  636,  595,  901,  378,  887,  769,  595,  787,    0,  560,  600,  671,  766, 1009,  655,  617,  680,  693,  341,  860,  910,  779,  636,  115,  732,  720,  938,  359,  357,  879,  212,  697,  435,   62,  853,  418,  203,  964,  743,  849,  660,  605,  109,  329, 1020,  186,  812,  254,  326,  205,  729,  619,  324,  324,  635,  563,  826,  677,  485,  899, 1034,  445,  885,  816,  663,  738,  170,  702,  276,  301,  583,  880,  345,  252,  492,  498,  365,  303,  453,  864,  593,  216,  195,  542,  775,  245,  893,  328,  546,  382,  940,  533,  312,  439, 1014,  399,  688,  709,  982,  475,  900,  667,  356,  590,  460,  532,  587],
        [  151,    0,  899,  402,  526,  531,  537,  251,  395,  681,  563,  919,  910,  359, 1094,  347,  417,   94,  709,  634,  523,  604,  547,  860,  810,  990,  455,  300,  968,  560,    0,  540,  863,  619, 1020,  703,  235,  372,  966,  240,  401,  679,  623, 1044,  478,  863,  209,  954,  287,  765,  562,  383,  602,  771,  515,  470,  730,  360,  477,  467,  379,  552,  995,  537,  301,  890,  404,  307,  316,  282,  404,  722,  727,  645,  429, 1017,  723,  463,  481,  693,  930,  962,  203,  558,  519,  180,  416,  463,  278,  427,  663,  521,  984,  362,  318,  651,  703,  660,  325,  203,  468,  578,  467,  604,  999,  350,  675,  444,  288,  296,  324,  770,   88,  254,  284,  950,  200,  954,  195,  494,  684,  921,  792,  263,  977,  494,  420,  994],
        [  535,    0,  450,  689,  360,   56,  172,  411,  646,  293,  384,  589,  510,  723,  566,  375,  208,  518,  289,  264,  157,   64,   13,  339,  544,  451,  286,  264,  452,  600,  540,    0,  369,  169,  488,  172,  348,  259,  502,  420,  487,  325,  183,  675,  491,  339,  499,  419,  653,  497,  353,  608,   98,  428,  540,  397,  389,  495,  589,  239,  495,   66,  619,  497,  638,  426,  446,  528,  452,  379,  629,  183,  219,  378,  280,  629,  252,  361,  143,  280,  392,  462,  357,  364,  295,  452,  284,  659,  387,  329,  420,   22,  447,  712,  552,  223,  281,  355,  360,  353,  415,   50,  385,  463,  694,  405,  488,  493,  622,  248,  283,  340,  453,  534,  278,  445,  594,  488,  501,  603,  278,  385,  276,  364,  604,  141,  123,  635],
        [  810,    0,  121,  871,  441,  414,  329,  776,  823,  222,  430,  348,  220,  936,  462,  744,  576,  862,  180,  258,  342,  321,  358,  367,  390,  230,  645,  623,  118,  671,  863,  369,    0,  449,  391,  212,  706,  628,  142,  675,  854,  592,  461,  372,  602,   95,  861,  331,  884,  369,  684,  785,  385,  263,  631,  754,  262,  677,  953,  597,  863,  407,  322,  567,  860,  532,  605,  897,  662,  624,  797,  273,  151,  347,  466,  317,  141,  718,  505,  195,  292,  482,  662,  697,  637,  809,  650,  801,  754,  496,  375,  380,  222,  921,  757,  218,  182,  306,  585,  661,  773,  320,  508,  477,  447,  774,  446,  857,  847,  596,  548,  533,  780,  768,  580,  460,  853,  128,  861,  966,  206,  302,  103,  626,  314,  370,  464,  351],
        [  649,    0,  554,  833,  528,  126,  339,  427,  794,  441,  552,  727,  631,  857,  483,  356,  208,  573,  426,  420,  325,  158,  176,  250,  698,  445,  228,  319,  498,  766,  619,  169,  449,    0,  416,  241,  393,  263,  590,  553,  442,  162,   15,  797,  655,  386,  519,  360,  782,  653,  237,  757,   80,  574,  705,  323,  538,  647,  527,  186,  458,  107,  742,  664,  772,  280,  604,  517,  599,  519,  779,  182,  313,  541,  443,  746,  369,  290,  138,  421,  348,  343,  467,  250,  199,  488,  250,  814,  397,  492,  583,  184,  442,  848,  695,  368,  418,  515,  508,  461,  343,  193,  550,  631,  834,  382,  654,  433,  755,  331,  424,  177,  534,  668,  401,  332,  713,  576,  526,  538,  422,  335,  347,  499,  729,  309,  250,  763],
        [ 1022,    0,  502, 1157,  759,  490,  581,  842, 1111,  564,  762,  736,  604, 1202,   81,  770,  622,  983,  524,  579,  581,  427,  485,  166,  778,  180,  638,  725,  325, 1009, 1020,  488,  391,  416,    0,  361,  803,  678,  485,  904,  844,  458,  417,  734,  919,  301,  935,   73, 1135,  752,  606, 1072,  418,  646,  958,  717,  635,  958,  914,  599,  863,  469,  693,  901, 1118,  257,  896,  929,  924,  859, 1090,  308,  391,  700,  730,  679,  452,  689,  547,  533,  111,  150,  844,  619,  594,  901,  664, 1109,  812,  774,  736,  509,  185, 1190, 1025,  518,  521,  660,  833,  840,  735,  463,  812,  827,  829,  793,  813,  827, 1103,  725,  765,  347,  933, 1016,  766,  138, 1080,  475,  941,  921,  542,  110,  350,  848,  689,  590,  610,  726],
        [  680,    0,  313,  797,  402,  208,  221,  581,  751,  237,  411,  498,  393,  846,  442,  540,  371,  687,  208,  236,  221,  114,  163,  250,  490,  288,  435,  435,  282,  655,  703,  172,  212,  241,  361,    0,  519,  426,  352,  554,  647,  393,  254,  558,  560,  168,  670,  289,  782,  451,  474,  712,  174,  357,  601,  543,  329,  598,  743,  387,  657,  198,  504,  546,  763,  391,  535,  696,  566,  506,  730,   87,   73,  365,  370,  506,  139,  508,  297,  210,  254,  384,  511,  487,  426,  623,  442,  749,  557,  414,  405,  188,  282,  832,  667,  173,  202,  328,  477,  508,  562,  127,  452,  482,  605,  569,  482,  647,  748,  417,  415,  354,  617,  662,  428,  363,  733,  337,  672,  756,  215,  252,  111,  499,  492,  233,  285,  527],
        [  313,    0,  766,  556,  481,  323,  406,   86,  531,  564,  520,  843,  802,  544,  874,  141,  186,  180,  581,  520,  388,  409,  357,  640,  756,  795,  223,   85,  798,  617,  235,  348,  706,  393,  803,  519,    0,  138,  827,  288,  243,  445,  395,  955,  510,  686,  156,  742,  466,  707,  334,  505,  389,  681,  559,  260,  637,  428,  348,  233,  233,  341,  901,  554,  467,  657,  433,  216,  371,  292,  529,  519,  559,  576,  362,  917,  573,  244,  257,  567,  721,  734,  176,  333,  287,  105,  183,  581,   85,  387,  606,  332,  791,  541,  432,  514,  574,  576,  317,  167,  264,  393,  449,  584,  938,  159,  644,  277,  451,  114,  256,  537,  160,  379,  192,  724,  380,  814,  156,  366,  560,  711,  620,  262,  884,  354,  243,  908],
        [  437,    0,  706,  664,  498,  219,  371,  166,  633,  525,  534,  818,  756,  664,  745,  116,   58,  314,  532,  485,  351,  312,  271,  512,  749,  687,   96,   93,  708,  680,  372,  259,  628,  263,  678,  426,  138,    0,  760,  381,  233,  308,  263,  918,  567,  593,  258,  619,  586,  700,  212,  602,  274,  653,  619,  177,  611,  510,  340,   96,  238,  232,  862,  600,  583,  521,  496,  271,  454,  368,  626,  409,  478,  569,  381,  875,  507,  147,  136,  520,  603,  600,  271,  214,  156,  226,   60,  674,  137,  419,  605,  250,  683,  659,  531,  463,  524,  560,  379,  263,  190,  309,  485,  607,  919,  147,  657,  247,  566,  137,  299,  399,  294,  487,  244,  591,  504,  746,  264,  356,  515,  591,  534,  339,  846,  319,  194,  874],
        [  897,    0,   72,  921,  495,  549,  431,  901,  874,  289,  474,  269,  140,  996,  545,  876,  709,  974,  258,  335,  447,  458,  490,  494,  353,  307,  782,  747,  160,  693,  966,  502,  142,  590,  485,  352,  827,  760,    0,  760,  989,  733,  603,  251,  645,  223,  983,  437,  951,  350,  825,  838,  525,  259,  663,  892,  280,  738, 1089,  734,  996,  544,  210,  599,  925,  659,  664, 1025,  733,  709,  847,  414,  286,  380,  549,  195,  255,  856,  641,  274,  401,  597,  764,  838,  777,  929,  785,  841,  881,  569,  394,  510,  301,  979,  821,  317,  263,  345,  667,  764,  911,  452,  566,  500,  350,  906,  451,  993,  914,  715,  644,  670,  886,  841,  685,  576,  932,   15,  982, 1103,  284,  414,  244,  716,  207,  479,  586,  243],
        [  137,    0,  691,  286,  292,  435,  350,  361,  253,  472,  327,  686,  688,  305,  983,  427,  396,  296,  506,  427,  342,  479,  422,  759,  573,  837,  476,  289,  788,  341,  240,  420,  675,  553,  904,  554,  288,  381,  760,    0,  528,  663,  562,  814,  245,  694,  380,  834,  233,  529,  592,  222,  507,  544,  288,  541,  506,  143,  627,  464,  514,  458,  766,  301,  220,  831,  168,  472,   87,   52,  246,  597,  558,  414,  213,  790,  536,  519,  428,  490,  802,  880,  114,  595,  533,  323,  439,  296,  371,  197,  428,  399,  831,  296,  151,  457,  502,  435,   95,  123,  548,  442,  230,  365,  762,  447,  436,  563,  203,  248,  140,  726,  195,  116,  153,  864,  181,  750,  369,  645,  479,  797,  621,   57,  749,  322,  306,  763],
        [  526,    0,  937,  781,  712,  441,  602,  168,  761,  758,  750, 1049,  989,  753,  901,  122,  280,  310,  764,  717,  583,  534,  499,  681,  976,  886,  216,  284,  925,  860,  401,  487,  854,  442,  844,  647,  243,  233,  989,  528,    0,  401,  436, 1150,  752,  810,  196,  796,  677,  926,  248,  738,  480,  885,  802,  130,  842,  669,  109,  262,   27,  449, 1095,  795,  685,  637,  676,  117,  612,  535,  762,  615,  704,  794,  593, 1108,  738,  156,  350,  753,  788,  737,  417,  237,  251,  226,  205,  817,  159,  623,  829,  480,  883,  754,  665,  696,  757,  788,  560,  409,  114,  537,  687,  819, 1150,   92,  874,   44,  670,  332,  494,  515,  364,  608,  430,  734,  588,  975,  210,  127,  748,  774,  757,  505, 1079,  550,  425, 1107],
        [  739,    0,  703,  949,  681,  275,  496,  448,  913,  602,  707,  886,  785,  961,  507,  357,  273,  614,  586,  581,  481,  319,  334,  306,  859,  540,  227,  392,  622,  910,  679,  325,  592,  162,  458,  393,  445,  308,  733,  663,  401,    0,  147,  950,  798,  518,  534,  423,  884,  814,  154,  879,  241,  734,  849,  271,  699,  774,  459,  213,  423,  260,  896,  812,  877,  237,  740,  501,  722,  637,  901,  320,  466,  701,  587,  898,  527,  251,  239,  582,  425,  339,  564,  166,  166,  519,  265,  942,  417,  634,  743,  337,  539,  954,  812,  529,  578,  675,  634,  556,  287,  353,  696,  786,  993,  372,  813,  377,  860,  420,  549,  116,  602,  776,  512,  338,  806,  719,  544,  465,  583,  410,  491,  613,  884,  462,  381,  919],
        [  656,    0,  567,  843,  542,  139,  353,  427,  804,  455,  566,  742,  645,  866,  483,  354,  210,  575,  440,  434,  339,  173,  191,  251,  713,  451,  224,  323,  508,  779,  623,  183,  461,   15,  417,  254,  395,  263,  603,  562,  436,  147,    0,  811,  668,  397,  519,  363,  791,  668,  226,  768,   94,  588,  718,  316,  553,  658,  519,  183,  453,  120,  756,  677,  781,  272,  616,  514,  610,  529,  789,  193,  326,  556,  456,  760,  383,  284,  143,  436,  352,  340,  475,  240,  191,  489,  247,  825,  396,  504,  598,  198,  449,  857,  705,  383,  433,  529,  518,  468,  335,  207,  563,  645,  848,  378,  668,  426,  764,  337,  435,  166,  539,  677,  410,  329,  721,  589,  526,  530,  437,  339,  359,  508,  743,  323,  261,  777],
        [  944,    0,  253,  898,  523,  729,  552, 1037,  854,  394,  488,  134,  167,  985,  793, 1031,  874, 1074,  388,  437,  571,  648,  663,  737,  260,  556,  960,  883,  410,  636, 1044,  675,  372,  797,  734,  558,  955,  918,  251,  814, 1150,  950,  811,    0,  631,  464, 1107,  687,  959,  293, 1021,  824,  723,  277,  629, 1071,  319,  748, 1257,  913, 1153,  730,   56,  572,  930,  903,  677, 1166,  761,  766,  826,  634,  486,  401,  618,   56,  430, 1035,  817,  399,  650,  846,  850, 1034,  967, 1048,  954,  803, 1023,  619,  387,  677,  550,  968,  829,  456,  396,  386,  722,  854, 1089,  629,  589,  474,  130, 1062,  404, 1162,  922,  842,  728,  901,  975,  866,  783,  824,  963,  261, 1103, 1272,  403,  663,  465,  782,   72,  605,  727,   52],
        [  344,    0,  575,  278,  163,  530,  343,  591,  230,  381,  173,  498,  539,  358,  999,  641,  562,  541,  423,  350,  349,  531,  487,  802,  373,  808,  655,  483,  720,  115,  478,  491,  602,  655,  919,  560,  510,  567,  645,  245,  752,  798,  668,  631,    0,  653,  621,  847,  329,  339,  765,  196,  588,  393,   53,  741,  366,  126,  857,  629,  742,  549,  591,   63,  300,  914,   79,  710,  163,  221,  203,  629,  531,  266,  213,  619,  482,  713,  563,  409,  809,  934,  340,  771,  702,  562,  625,  200,  595,  164,  256,  473,  801,  340,  201,  406,  423,  302,  193,  348,  752,  488,  109,  158,  555,  665,  228,  784,  293,  434,  268,  830,  439,  249,  327,  915,  345,  638,  611,  875,  398,  809,  585,  251,  575,  353,  418,  580],
        [  826,    0,  214,  912,  490,  375,  345,  749,  865,  277,  486,  443,  315,  971,  375,  706,  538,  851,  235,  303,  353,  282,  330,  274,  478,  156,  597,  602,  115,  732,  863,  339,   95,  386,  301,  168,  686,  593,  223,  694,  810,  518,  397,  464,  653,    0,  838,  238,  913,  452,  622,  826,  331,  346,  686,  702,  338,  715,  904,  549,  822,  363,  415,  625,  892,  439,  645,  864,  692,  644,  841,  204,  137,  412,  493,  408,  172,  667,  463,  247,  198,  387,  665,  636,  581,  790,  606,  851,  725,  529,  444,  354,  149,  957,  791,  249,  234,  371,  609,  664,  721,  293,  552,  542,  541,  736,  519,  809,  878,  582,  560,  449,  777,  795,  582,  365,  874,  209,  839,  917,  257,  208,   74,  642,  407,  376,  449,  445],
        [  346,    0,  922,  603,  619,  469,  561,   93,  589,  719,  658,  993,  956,  567, 1001,  178,  315,  117,  736,  674,  543,  558,  509,  769,  901,  941,  310,  238,  951,  720,  209,  499,  861,  519,  935,  670,  156,  258,  983,  380,  196,  534,  519, 1107,  621,  838,    0,  877,  493,  852,  395,  571,  529,  832,  667,  286,  789,  520,  268,  340,  172,  485, 1054,  673,  504,  763,  543,   99,  466,  401,  594,  663,  713,  722,  503, 1071,  729,  291,  392,  722,  860,  851,  284,  388,  368,   61,  276,  652,  123,  521,  750,  485,  937,  569,  500,  670,  729,  726,  436,  278,  280,  546,  578,  717, 1085,  167,  781,  239,  489,  269,  392,  639,  191,  439,  331,  843,  404,  970,   15,  286,  715,  849,  773,  373, 1037,  509,  398, 1060],
        [  953,    0,  447, 1085,  687,  424,  509,  784, 1039,  494,  691,  679,  549, 1131,  154,  716,  563,  920,  455,  509,  509,  357,  416,  118,  715,  146,  586,  661,  281,  938,  954,  419,  331,  360,   73,  289,  742,  619,  437,  834,  796,  423,  363,  687,  847,  238,  877,    0, 1064,  687,  565, 1000,  354,  582,  887,  671,  568,  886,  871,  545,  814,  404,  643,  829, 1047,  251,  823,  876,  852,  788, 1018,  238,  320,  631,  658,  631,  382,  641,  487,  464,   41,  164,  776,  578,  546,  841,  610, 1037,  755,  702,  667,  440,  149, 1118,  953,  446,  452,  591,  762,  772,  689,  392,  740,  756,  775,  741,  744,  782, 1031,  659,  694,  318,  867,  945,  697,  145, 1010,  426,  882,  879,  472,   38,  281,  778,  637,  519,  541,  674],
