{
    "name": "random-66-2184",
    "comment": "size=66 seed=2184",
    "nodes": ["+0", "-0", "+1", "-1", "+2", "-2", "+3", "-3", "+4", "-4", "+5", "-5", "+6", "-6", "+7", "-7", "+8", "-8", "+9", "-9", "+10", "-10", "+11", "-11", "+12", "-12", "+13", "-13", "+14", "-14", "+15", "-15", "+16", "-16", "+17", "-17", "+18", "-18", "+19", "-19", "+20", "-20", "+21", "-21", "+22", "-22", "+23", "-23", "+24", "-24", "+25", "-25", "+26", "-26", "+27", "-27", "+28", "-28", "+29", "-29", "+30", "-30", "+31", "-31", "+32", "-32", "+33", "-33", "+34", "-34", "+35", "-35", "+36", "-36", "+37", "-37", "+38", "-38", "+39", "-39", "+40", "-40", "+41", "-41", "+42", "-42", "+43", "-43", "+44", "-44", "+45", "-45", "+46", "-46", "+47", "-47", "+48", "-48", "+49", "-49", "+50", "-50", "+51", "-51", "+52", "-52", "+53", "-53", "+54", "-54", "+55", "-55", "+56", "-56", "+57", "-57", "+58", "-58", "+59", "-59", "+60", "-60", "+61", "-61", "+62", "-62", "+63", "-63", "+64", "-64", "+65", "-65", "+66", "-66"],
    "precedence": {
        "+0": "-0",
        "+1": "-1",
        "+2": "-2",
        "+3": "-3",
        "+4": "-4",
        "+5": "-5",
        "+6": "-6",
        "+7": "-7",
        "+8": "-8",
        "+9": "-9",
        "+10": "-10",
        "+11": "-11",
        "+12": "-12",
        "+13": "-13",
        "+14": "-14",
        "+15": "-15",
        "+16": "-16",
        "+17": "-17",
        "+18": "-18",
        "+19": "-19",
        "+20": "-20",
        "+21": "-21",
        "+22": "-22",
        "+23": "-23",
        "+24": "-24",
        "+25": "-25",
        "+26": "-26",
        "+27": "-27",
        "+28": "-28",
        "+29": "-29",
        "+30": "-30",
        "+31": "-31",
        "+32": "-32",
        "+33": "-33",
        "+34": "-34",
        "+35": "-35",
        "+36": "-36",
        "+37": "-37",
        "+38": "-38",
        "+39": "-39",
        "+40": "-40",
        "+41": "-41",
        "+42": "-42",
        "+43": "-43",
        "+44": "-44",
        "+45": "-45",
        "+46": "-46",
        "+47": "-47",
        "+48": "-48",
        "+49": "-49",
        "+50": "-50",
        "+51": "-51",
        "+52": "-52",
        "+53": "-53",
        "+54": "-54",
        "+55": "-55",
        "+56": "-56",
        "+57": "-57",
        "+58": "-58",
        "+59": "-59",
        "+60": "-60",
        "+61": "-61",
        "+62": "-62",
        "+63": "-63",
        "+64": "-64",
        "+65": "-65",
        "+66": "-66"
    },
    "edges": [
        [    0,    0,  677,  690,  818,  540,  390,  498,  680,  814,  193,   94,  506,  346,  186,  279,  361,  200,  467,  285,  765,  408,  780,  663,  245,  434,  370,  247,  845,  675,  471,  360,  443,  919,  419,  258,  507,  646,  482,  758,  706,  665,  779,  376,  585,  698,  549,  251,  524,  634,  409,  553,  291,  574,  519,  194,  663,  886,  491,  312,  845,  463,  361,  249,  513,  811,  396,  591,  732,  562,  297,  411,  276,  354,  409,  854,  482,  116,  689,  868,  152,  169,  279,  702,  469,   90,  678,  910,  507,  227,  375,   67,  683,  560,  802,  251,  575,  309,  574,  595,  441,  469,  580,  372,   47,  350,  958,  325,  242,  349,  241,  916,  489,  395,  714,  928,  302,  683,  551,  280,  499,  658,   52,  142,  102,  639,  418,  338,  179,  362,   73,  835,  263,  366],
        [    0,    0,    0,    0,    0,    0,    0,    0,    0,    0,    0,    0,    0,    0,    0,    0,    0,    0,    0,    0,    0,    0,    0,    0,    0,    0,    0,    0,    0,    0,    0,    0,    0,    0,    0,    0,    0,    0,    0,    0,    0,    0,    0,    0,    0,    0,    0,    0,    0,    0,    0,    0,    0,    0,    0,    0,    0,    0,    0,    0,    0,    0,    0,    0,    0,    0,    0,    0,    0,    0,    0,    0,    0,    0,    0,    0,    0,    0,    0,    0,    0,    0,    0,    0,    0,    0,    0,    0,    0,    0,    0,    0,    0,    0,    0,    0,    0,    0,    0,    0,    0,    0,    0,    0,    0,    0,    0,    0,    0,    0,    0,    0,    0,    0,    0,    0,    0,    0,    0,    0,    0,    0,    0,    0,    0,    0,    0,    0,    0,    0,    0,    0,    0,    0],
        [  677,    0,    0,  564,  360,  267,  617,  192,  347,  639,  629,  647,  319,  569,  700,  409,  347,  662,  213,  443,  467,  416,  459,   91,  689,  714,  338,  484,  168,  436,  865,  704,  309,  274,  447,  465,  298,  436,  943,  425,  639,   89,  272,  302,  449,  391,  367,  652,  649,  516,  518,  130,  416,  711,  722,  536,   97,  393,  654,  735,  171,  316,  725,  648,  189,  573,  780,  316,  665,  743,  678,  426,  692,  623,  402,  297,  207,  733,   61,  242,  561,  724,  544,  539,  242,  596,   91,  659,  719,  764,  654,  641,  113,  593,  321,  610,  711,  407,  365,  206,  384,  508,  131,  382,  638,  688,  654,  590,  738,  335,  534,  330,  661,  311,  206,  341,  544,  289,  244,  519,  183,   87,  693,  656,  749,   39,  804,  652,  795,  656,  617,  333,  733,  463],
        [  690,    0,  564,    0,  326,  322,  914,  461,  228,  125,  512,  602,  293,  851,  836,  604,  431,  522,  542,  439,  164,  309,  188,  639,  870,  368,  428,  690,  649,  133,  508,  953,  678,  805,  284,  676,  312,  128,  605,  199,   79,  638,  375,  533,  137,  191,  222,  850,  230,   63,  282,  494,  459,  247,  304,  502,  470,  379,  999,  940,  675,  333,  440,  846,  442,  135, 1019,  253,  102,  291,  453,  301,  481,  897,  749,  438,  463,  801,  514,  529,  692,  837,  411,   36,  619,  667,  646,  223,  311,  591,  368,  624,  668,  154,  349,  819,  247,  438,  828,  362,  756,  221,  454,  374,  682,  416,  280,  854,  895,  485,  744,  887,  272,  427,  759,  897,  389,  819,  706,  761,  552,  633,  737,  778,  792,  550, 1045,  907,  673,  924,  681,  374,  907,  774],
        [  818,    0,  360,  326,    0,  282,  905,  383,  147,  339,  687,  750,  312,  846,  911,  621,  466,  710,  466,  533,  167,  421,  146,  450,  924,  639,  458,  713,  372,  210,  795,  974,  608,  532,  425,  695,  311,  235,  890,  127,  400,  448,   90,  512,  295,  154,  282,  893,  519,  316,  475,  371,  530,  558,  601,  629,  274,   71,  965,  984,  404,  355,  691,  888,  359,  261, 1048,  229,  416,  601,  676,  423,  700,  900,  699,  118,  395,  909,  300,  220,  757,  924,  577,  291,  534,  761,  450,  322,  605,  802,  610,  760,  472,  441,   41,  853,  557,  511,  710,  247,  692,  426,  319,  446,  793,  657,  301,  860,  963,  498,  771,  633,  552,  438,  562,  641,  562,  649,  582,  772,  455,  446,  853,  856,  913,  368, 1074,  921,  868,  932,  781,   50,  966,  747],
        [  540,    0,  267,  322,  282,    0,  643,  142,  163,  421,  428,  479,   55,  581,  630,  344,  184,  456,  227,  258,  284,  171,  289,  328,  645,  457,  176,  437,  399,  215,  613,  703,  370,  535,  193,  420,   39,  201,  698,  256,  391,  328,  241,  244,  192,  199,  104,  615,  383,  266,  262,  175,  250,  444,  457,  357,  188,  349,  714,  708,  416,   79,  481,  611,  121,  373,  775,   79,  419,  476,  446,  178,  465,  633,  452,  318,  147,  628,  233,  353,  476,  643,  324,  305,  304,  480,  337,  475,  455,  556,  404,  485,  358,  327,  263,  577,  445,  231,  510,   73,  452,  243,  141,  172,  512,  444,  495,  592,  683,  219,  495,  597,  397,  157,  445,  608,  316,  499,  386,  501,  233,  321,  573,  575,  633,  243,  801,  651,  609,  664,  500,  296,  687,  489],
        [  390,    0,  617,  914,  905,  643,    0,  523,  805, 1034,  537,  457,  642,   64,  235,  311,  485,  560,  441,  486,  924,  607,  930,  553,  175,  775,  489,  228,  760,  845,  848,  102,  309,  764,  638,  239,  630,  824,  870,  899,  958,  556,  834,  399,  782,  840,  710,  149,  824,  852,  669,  542,  460,  886,  847,  468,  659,  961,  103,  163,  745,  595,  719,  149,  546, 1003,  172,  718,  987,  888,  649,  617,  636,   38,  215,  889,  510,  329,  660,  856,  266,  270,  566,  912,  381,  329,  566, 1107,  836,  613,  705,  425,  557,  828,  875,  140,  887,  479,  317,  659,  235,  716,  591,  541,  352,  697, 1135,   69,  220,  434,  182,  714,  800,  496,  535,  724,  587,  456,  386,  156,  457,  552,  353,  252,  364,  586,  192,   69,  566,   54,  332,  901,  198,  159],
        [  498,    0,  192,  461,  383,  142,  523,    0,  294,  563,  438,  459,  173,  464,  549,  251,  155,  470,   88,  251,  420,  238,  422,  219,  552,  535,  146,  339,  356,  355,  681,  593,  233,  462,  273,  320,  152,  343,  756,  388,  527,  220,  315,  137,  328,  334,  240,  519,  489,  403,  343,   63,  225,  555,  555,  345,  166,  441,  586,  608,  362,  147,  539,  514,   25,  513,  668,  219,  556,  581,  489,  250,  501,  518,  320,  379,   17,  567,  193,  374,  400,  568,  354,  446,  164,  423,  232,  614,  550,  572,  471,  456,  248,  447,  353,  478,  556,  215,  368,  138,  317,  346,   84,  193,  462,  502,  629,  479,  595,  150,  396,  500,  494,  119,  325,  512,  355,  365,  245,  393,   92,  213,  520,  499,  579,  156,  694,  540,  606,  550,  444,  381,  596,  365],
        [  680,    0,  347,  228,  147,  163,  805,  294,    0,  293,  542,  609,  177,  744,  786,  506,  340,  565,  381,  397,  128,  277,  128,  429,  805,  499,  333,  599,  421,   96,  655,  865,  526,  578,  280,  582,  182,  108,  749,   95,  307,  427,  157,  407,  156,   45,  137,  776,  386,  196,  329,  305,  398,  432,  468,  489,  251,  216,  876,  869,  448,  225,  546,  772,  270,  230,  938,   92,  329,  473,  530,  278,  554,  796,  612,  232,  302,  777,  292,  310,  632,  797,  432,  199,  457,  630,  434,  324,  470,  656,  465,  621,  456,  310,  148,  739,  432,  377,  654,  163,  610,  282,  256,  310,  658,  512,  336,  755,  840,  380,  657,  663,  415,  318,  549,  672,  417,  620,  526,  663,  380,  423,  718,  730,  778,  339,  964,  814,  723,  827,  649,  181,  846,  651],
        [  814,    0,  639,  125,  339,  421, 1034,  563,  293,    0,  634,  725,  402,  971,  961,  724,  550,  643,  647,  563,  179,  432,  195,  720,  995,  470,  546,  811,  698,  209,  597, 1076,  788,  858,  408,  798,  419,  221,  693,  224,  129,  719,  410,  647,  253,  249,  331,  974,  332,  185,  406,  588,  581,  330,  394,  626,  543,  374, 1117, 1064,  728,  446,  548,  969,  541,   79, 1142,  346,  121,  372,  569,  424,  597, 1018,  863,  456,  567,  925,  584,  558,  816,  962,  535,  123,  725,  791,  726,  109,  404,  706,  481,  748,  748,  266,  372,  942,  329,  561,  930,  448,  868,  346,  542,  495,  807,  528,  177,  975, 1020,  603,  866,  950,  375,  543,  840,  959,  513,  909,  806,  882,  654,  715,  861,  903,  916,  630, 1168, 1029,  791, 1046,  806,  388, 1032,  891],
        [  193,    0,  629,  512,  687,  428,  537,  438,  542,  634,    0,   99,  383,  482,  370,  308,  283,   34,  442,  187,  607,  267,  625,  641,  423,  246,  292,  334,  792,  517,  316,  531,  478,  895,  264,  335,  391,  487,  358,  607,  521,  643,  664,  355,  423,  550,  406,  418,  333,  461,  233,  500,  216,  382,  329,  102,  589,  757,  638,  493,  799,  351,  182,  415,  444,  639,  577,  460,  545,  372,  113,  265,  101,  506,  482,  744,  423,  308,  624,  778,  271,  358,  111,  528,  474,  212,  656,  734,  316,  135,  184,  129,  667,  374,  678,  404,  383,  223,  637,  495,  509,  294,  510,  260,  204,  163,  787,  469,  429,  303,  361,  917,  297,  319,  721,  929,  129,  716,  574,  395,  473,  635,  244,  317,  290,  593,  601,  499,  182,  521,  216,  713,  447,  462],
        [   94,    0,  647,  602,  750,  479,  457,  459,  609,  725,   99,    0,  440,  406,  274,  276,  310,  110,  444,  222,  685,  333,  702,  645,  329,  342,  319,  276,  813,  595,  392,  441,  449,  901,  338,  282,  444,  566,  416,  681,  615,  647,  719,  352,  503,  623,  474,  328,  431,  548,  321,  518,  238,  481,  426,  122,  620,  820,  559,  398,  817,  400,  272,  326,  470,  725,  483,  522,  640,  469,  206,  333,  187,  424,  435,  796,  444,  209,  651,  819,  196,  261,  192,  616,  461,  129,  660,  823,  414,  162,  282,   33,  668,  469,  738,  320,  482,  252,  597,  540,  464,  382,  538,  308,  110,  258,  873,  389,  332,  312,  289,  911,  396,  346,  710,  923,  213,  692,  554,  327,  476,  639,  146,  224,  193,  609,  506,  413,  153,  436,  127,  772,  351,  404],
        [  506,    0,  319,  293,  312,   55,  642,  173,  177,  402,  383,  440,    0,  580,  610,  336,  164,  409,  251,  222,  284,  120,  293,  375,  630,  403,  158,  428,  453,  203,  558,  695,  387,  589,  139,  412,   22,  184,  644,  264,  356,  375,  282,  247,  157,  203,   71,  603,  331,  233,  208,  217,  221,  394,  404,  318,  243,  381,  720,  695,  470,   49,  428,  598,  156,  363,  766,   86,  385,  425,  394,  126,  414,  630,  462,  361,  172,  600,  287,  403,  456,  620,  276,  281,  327,  453,  385,  466,  402,  507,  350,  449,  404,  279,  299,  566,  394,  201,  536,  127,  466,  190,  190,  135,  482,  391,  494,  587,  664,  210,  485,  647,  343,  147,  489,  658,  266,  537,  416,  495,  262,  368,  542,  553,  602,  293,  792,  645,  564,  660,  472,  333,  671,  494],
        [  346,    0,  569,  851,  846,  581,   64,  464,  744,  971,  482,  406,  580,    0,  213,  248,  422,  506,  385,  424,  862,  544,  869,  510,  163,  717,  426,  165,  718,  782,  794,  136,  260,  732,  574,  176,  568,  761,  821,  837,  895,  513,  777,  338,  719,  778,  647,  128,  762,  789,  607,  487,  397,  825,  787,  409,  605,  904,  159,  178,  704,  532,  663,  126,  488,  941,  212,  657,  924,  828,  593,  553,  582,   56,  169,  835,  452,  301,  609,  806,  212,  249,  505,  849,  329,  277,  523, 1045,  776,  565,  646,  375,  517,  766,  817,  102,  826,  416,  296,  600,  194,  653,  535,  477,  305,  640, 1073,   30,  214,  371,  122,  690,  740,  434,  503,  701,  526,  433,  347,   93,  403,  508,  314,  216,  335,  536,  236,   85,  524,   89,  283,  844,  198,  107],
        [  186,    0,  700,  836,  911,  630,  235,  549,  786,  961,  370,  274,  610,  213,    0,  299,  447,  383,  491,  402,  887,  535,  899,  661,   65,  615,  455,  217,  862,  800,  655,  181,  411,  904,  555,  236,  605,  773,  662,  872,  863,  664,  857,  413,  719,  811,  665,   88,  695,  777,  562,  591,  392,  749,  698,  339,  710,  976,  329,  127,  855,  562,  545,   89,  569,  947,  211,  695,  890,  741,  479,  540,  460,  198,  342,  926,  534,   96,  726,  919,  155,   36,  437,  843,  463,  171,  676, 1050,  686,  409,  552,  242,  675,  720,  889,  115,  750,  413,  497,  671,  374,  619,  631,  482,  166,  532, 1091,  185,   60,  414,  170,  879,  663,  473,  682,  890,  460,  626,  516,  195,  518,  658,  137,   59,  131,  663,  233,  172,  347,  194,  159,  920,   78,  282],
        [  279,    0,  409,  604,  621,  344,  311,  251,  506,  724,  308,  276,  336,  248,  299,    0,  175,  340,  197,  187,  619,  298,  628,  386,  304,  508,  180,   93,  576,  537,  616,  360,  174,  641,  330,   76,  326,  515,  665,  597,  649,  389,  562,  114,  472,  537,  401,  272,  530,  541,  369,  294,  155,  595,  566,  211,  412,  684,  398,  364,  573,  288,  472,  268,  272,  694,  432,  416,  679,  604,  405,  308,  403,  296,  180,  628,  236,  324,  431,  622,  153,  319,  288,  602,  191,  192,  401,  799,  557,  428,  435,  259,  405,  525,  596,  233,  596,  172,  329,  376,  204,  410,  332,  230,  235,  442,  829,  253,  346,  127,  151,  640,  513,  190,  438,  651,  306,  416,  278,  160,  227,  381,  287,  250,  341,  371,  458,  310,  428,  325,  212,  626,  347,  180],
        [  361,    0,  347,  431,  466,  184,  485,  155,  340,  550,  283,  310,  164,  422,  447,  175,    0,  315,  175,   96,  447,  133,  457,  365,  466,  403,   10,  266,  510,  363,  539,  533,  270,  614,  169,  250,  158,  340,  609,  428,  481,  366,  420,  115,  298,  367,  227,  439,  387,  369,  226,  217,   73,  454,  439,  192,  311,  533,  569,  531,  517,  116,  394,  434,  163,  520,  603,  248,  510,  472,  339,  145,  349,  470,  325,  494,  141,  445,  344,  511,  293,  459,  203,  428,  232,  297,  379,  624,  432,  417,  333,  311,  392,  366,  447,  403,  455,   61,  434,  235,  337,  252,  230,   65,  330,  358,  656,  428,  501,   56,  323,  645,  380,   37,  457,  657,  208,  474,  335,  334,  203,  358,  391,  392,  451,  311,  629,  484,  453,  499,  317,  479,  507,  344],
        [  200,    0,  662,  522,  710,  456,  560,  470,  565,  643,   34,  110,  409,  506,  383,  340,  315,    0,  475,  219,  624,  292,  643,  674,  438,  234,  324,  362,  823,  535,  289,  549,  510,  927,  286,  364,  418,  505,  327,  627,  526,  676,  691,  388,  440,  571,  429,  436,  333,  474,  248,  532,  249,  377,  320,  135,  619,  780,  662,  507,  831,  379,  163,  433,  476,  652,  592,  484,  549,  363,   97,  288,   78,  528,  513,  770,  455,  314,  656,  807,  295,  369,  134,  540,  508,  233,  689,  745,  308,  103,  178,  142,  700,  380,  703,  425,  379,  255,  668,  524,  540,  308,  542,  290,  219,  150,  799,  492,  441,  336,  386,  950,  295,  351,  754,  962,  149,  749,  607,  421,  506,  668,  252,  333,  294,  625,  615,  519,  159,  542,  234,  737,  460,  491],
        [  467,    0,  213,  542,  466,  227,  441,   88,  381,  647,  442,  444,  251,  385,  491,  197,  175,  475,    0,  262,  507,  290,  509,  201,  486,  576,  169,  276,  380,  441,  713,  517,  146,  458,  327,  257,  231,  427,  781,  475,  606,  203,  393,   93,  407,  421,  321,  451,  548,  483,  393,  103,  228,  615,  607,  343,  223,  521,  501,  538,  378,  216,  568,  447,  112,  600,  593,  305,  635,  637,  511,  303,  518,  440,  235,  451,   81,  521,  236,  431,  349,  514,  375,  529,   78,  384,  216,  701,  601,  575,  507,  435,  226,  514,  434,  409,  616,  227,  286,  224,  230,  406,  151,  231,  426,  532,  717,  402,  533,  140,  329,  476,  547,  149,  284,  488,  382,  302,  170,  321,   33,  196,  481,  446,  537,  175,  618,  464,  596,  472,  405,  460,  530,  283],
        [  285,    0,  443,  439,  533,  258,  486,  251,  397,  563,  187,  222,  222,  424,  402,  187,   96,  219,  262,    0,  488,  133,  501,  458,  433,  331,  105,  259,  605,  399,  456,  516,  329,  709,  156,  249,  224,  372,  520,  477,  475,  459,  498,  183,  317,  416,  267,  412,  344,  378,  184,  313,   37,  409,  382,  100,  404,  602,  579,  502,  612,  180,  310,  407,  258,  546,  580,  307,  503,  419,  250,  139,  257,  465,  363,  575,  237,  382,  438,  599,  254,  407,  116,  443,  307,  237,  472,  649,  373,  322,  258,  228,  484,  342,  519,  381,  410,   36,  494,  318,  381,  230,  324,   88,  263,  275,  689,  422,  460,  124,  309,  736,  327,  132,  545,  748,  127,  552,  411,  331,  292,  451,  322,  344,  382,  406,  606,  471,  360,  490,  255,  552,  470,  366],
        [  765,    0,  467,  164,  167,  284,  924,  420,  128,  179,  607,  685,  284,  862,  887,  619,  447,  624,  507,  488,    0,  358,   24,  552,  911,  510,  441,  711,  520,   91,  659,  979,  652,  680,  348,  695,  295,  120,  756,   45,  235,  551,  232,  526,  185,   87,  223,  885,  379,  171,  377,  433,  496,  407,  458,  571,  372,  216,  998,  977,  549,  332,  573,  880,  396,  107, 1049,  207,  250,  451,  572,  355,  599,  913,  735,  283,  427,  868,  410,  382,  735,  894,  498,  129,  583,  724,  556,  197,  464,  707,  495,  702,  578,  299,  196,  849,  407,  475,  781,  291,  735,  319,  383,  406,  748,  544,  212,  870,  943,  493,  769,  772,  417,  430,  671,  781,  479,  746,  654,  778,  507,  547,  807,  830,  865,  463, 1076,  928,  782,  943,  742,  217,  951,  772],
        [  408,    0,  416,  309,  421,  171,  607,  238,  277,  432,  267,  333,  120,  544,  535,  298,  133,  292,  290,  133,  358,    0,  373,  456,  564,  299,  134,  382,  563,  268,  450,  645,  401,  689,   38,  369,  132,  241,  531,  350,  352,  457,  400,  246,  185,  291,  142,  542,  259,  248,  105,  296,  150,  326,  319,  215,  352,  491,  695,  633,  577,  102,  313,  538,  232,  413,  711,  194,  381,  348,  276,   13,  295,  589,  457,  479,  230,  511,  394,  522,  386,  539,  158,  312,  357,  368,  469,  516,  314,  389,  239,  346,  486,  233,  412,  510,  326,  129,  564,  243,  469,  120,  286,   70,  391,  276,  557,  546,  592,  189,  435,  736,  258,  145,  562,  748,  147,  592,  458,  453,  313,  450,  449,  477,  508,  385,  737,  598,  448,  615,  385,  446,  602,  473],
        [  780,    0,  459,  188,  146,  289,  930,  422,  128,  195,  625,  702,  293,  869,  899,  628,  457,  643,  509,  501,   24,  373,    0,  546,  922,  533,  451,  720,  505,  108,  683,  987,  654,  665,  364,  704,  302,  138,  779,   36,  258,  544,  216,  532,  204,   91,  235,  895,  402,  194,  396,  431,  508,  431,  482,  587,  364,  193, 1003,  987,  535,  341,  595,  891,  398,  120, 1058,  213,  272,  475,  593,  370,  619,  920,  739,  263,  430,  882,  401,  363,  746,  907,  515,  153,  585,  738,  549,  201,  487,  727,  516,  718,  571,  322,  177,  858,  430,  487,  780,  290,  737,  339,  381,  418,  763,  565,  208,  878,  955,  501,  778,  760,  440,  438,  664,  768,  497,  740,  652,  786,  508,  540,  821,  842,  880,  457, 1085,  936,  801,  950,  755,  196,  962,  778],
        [  663,    0,   91,  639,  450,  328,  553,  219,  429,  720,  641,  645,  375,  510,  661,  386,  365,  674,  201,  458,  552,  456,  546,    0,  644,  754,  357,  448,  208,  515,  899,  646,  255,  257,  491,  430,  353,  512,  972,  511,  712,    4,  362,  293,  517,  473,  431,  606,  703,  588,  561,  161,  426,  767,  772,  543,  182,  483,  581,  683,  196,  361,  756,  602,  225,  657,  721,  387,  739,  796,  703,  468,  713,  564,  342,  386,  229,  705,  151,  322,  534,  688,  567,  617,  200,  577,   16,  746,  768,  775,  689,  634,   30,  653,  411,  564,  767,  422,  281,  277,  319,  559,  188,  411,  620,  719,  743,  534,  694,  339,  492,  282,  710,  332,  121,  294,  571,  199,  169,  473,  169,    7,  672,  623,  725,   91,  744,  595,  796,  597,  598,  424,  687,  405],
        [  245,    0,  689,  870,  924,  645,  175,  552,  805,  995,  423,  329,  630,  163,   65,  304,  466,  438,  486,  433,  911,  564,  922,  644,    0,  668,  472,  213,  848,  825,  716,  117,  390,  879,  587,  232,  623,  800,  725,  893,  902,  647,  865,  416,  748,  833,  689,   39,  741,  810,  601,  588,  417,  797,  749,  380,  709,  987,  266,   72,  839,  582,  601,   43,  574,  976,  156,  713,  929,  791,  534,  571,  516,  138,  311,  930,  537,  160,  721,  916,  179,   97,  480,  875,  449,  215,  658, 1080,  737,  471,  603,  297,  654,  761,  899,   81,  798,  439,  457,  680,  341,  656,  632,  507,  220,  585, 1117,  134,   53,  426,  158,  846,  711,  488,  653,  857,  504,  590,  490,  172,  511,  641,  199,  106,  195,  654,  180,  109,  411,  131,  208,  929,   44,  248],
        [  434,    0,  714,  368,  639,  457,  775,  535,  499,  470,  246,  342,  403,  717,  615,  508,  403,  234,  576,  331,  510,  299,  533,  754,  668,    0,  408,  559,  855,  434,  158,  775,  659,  987,  268,  556,  421,  406,  251,  529,  343,  755,  650,  510,  345,  487,  382,  662,  139,  340,  197,  595,  367,  157,   91,  310,  645,  706,  875,  738,  872,  399,   85,  659,  531,  502,  823,  447,  359,  133,  137,  289,  161,  746,  688,  728,  526,  547,  689,  793,  511,  602,  221,  396,  632,  456,  767,  578,   79,  255,   74,  373,  783,  215,  646,  646,  158,  359,  825,  529,  709,  222,  584,  347,  449,   84,  643,  707,  673,  449,  595, 1035,   97,  429,  856, 1046,  205,  876,  737,  627,  603,  747,  486,  563,  525,  683,  846,  741,  345,  763,  461,  679,  692,  682],
        [  370,    0,  338,  428,  458,  176,  489,  146,  333,  546,  292,  319,  158,  426,  455,  180,   10,  324,  169,  105,  441,  134,  451,  357,  472,  408,    0,  271,  501,  358,  546,  538,  268,  606,  171,  255,  151,  336,  616,  422,  479,  358,  411,  113,  294,  361,  222,  445,  389,  366,  229,  209,   82,  457,  443,  201,  301,  525,  571,  537,  508,  110,  401,  440,  154,  515,  609,  241,  509,  475,  347,  146,  357,  475,  325,  485,  133,  453,  335,  501,  300,  467,  211,  424,  228,  305,  371,  619,  436,  426,  339,  320,  385,  367,  438,  408,  458,   70,  431,  226,  336,  253,  221,   67,  339,  364,  651,  432,  508,   57,  328,  637,  384,   28,  450,  649,  215,  469,  331,  339,  196,  351,  399,  399,  459,  302,  635,  488,  462,  504,  325,  470,  514,  347],
        [  247,    0,  484,  690,  713,  437,  228,  339,  599,  811,  334,  276,  428,  165,  217,   93,  266,  362,  276,  259,  711,  382,  720,  448,  213,  559,  271,    0,  647,  628,  650,  268,  205,  696,  411,   20,  418,  605,  687,  690,  732,  451,  653,  203,  560,  630,  492,  180,  598,  628,  442,  377,  233,  661,  626,  251,  497,  775,  322,  272,  640,  380,  512,  176,  361,  785,  339,  509,  760,  666,  442,  391,  434,  208,  163,  717,  324,  260,  511,  705,   96,  242,  344,  690,  248,  159,  463,  889,  615,  437,  487,  250,  463,  601,  688,  141,  663,  253,  328,  468,  194,  488,  419,  317,  200,  486,  921,  165,  258,  220,   58,  681,  577,  283,  480,  692,  364,  439,  314,   73,  302,  444,  238,  176,  284,  447,  365,  219,  417,  235,  174,  717,  257,  130],
        [  845,    0,  168,  649,  372,  399,  760,  356,  421,  698,  792,  813,  453,  718,  862,  576,  510,  823,  380,  605,  520,  563,  505,  208,  848,  855,  501,  647,    0,  516, 1010,  853,  461,  161,  590,  628,  435,  526, 1093,  475,  727,  205,  290,  470,  556,  460,  485,  810,  774,  613,  660,  296,  580,  831,  852,  700,  212,  375,  784,  889,   34,  462,  875,  806,  348,  624,  928,  424,  750,  867,  833,  572,  849,  771,  550,  268,  371,  899,  170,  169,  727,  888,  702,  619,  401,  763,  195,  693,  851,  926,  800,  808,  205,  709,  333,  768,  831,  570,  475,  327,  526,  640,  283,  538,  805,  838,  670,  741,  898,  502,  695,  264,  793,  474,  260,  271,  699,  361,  375,  677,  349,  210,  860,  821,  916,  206,  951,  802,  961,  804,  784,  329,  891,  612],
        [  675,    0,  436,  133,  210,  215,  845,  355,   96,  209,  517,  595,  203,  782,  800,  537,  363,  535,  441,  399,   91,  268,  108,  515,  825,  434,  358,  628,  516,    0,  587,  896,  584,  673,  258,  613,  217,   31,  683,   96,  212,  514,  246,  449,   97,   61,  137,  800,  310,  107,  289,  379,  409,  348,  391,  481,  341,  273,  922,  892,  543,  251,  492,  795,  334,  160,  966,  137,  235,  391,  487,  265,  513,  832,  663,  314,  361,  779,  384,  400,  648,  806,  408,  105,  518,  635,  521,  264,  395,  620,  412,  612,  543,  231,  225,  765,  348,  388,  722,  240,  665,  233,  334,  319,  659,  461,  293,  789,  856,  412,  685,  756,  344,  349,  635,  766,  389,  701,  597,  696,  446,  509,  717,  742,  775,  425,  992,  846,  693,  861,  653,  255,  865,  696],
        [  471,    0,  865,  508,  795,  613,  848,  681,  655,  597,  316,  392,  558,  794,  655,  616,  539,  289,  713,  456,  659,  450,  683,  899,  716,  158,  546,  650, 1010,  587,    0,  830,  779, 1138,  421,  650,  576,  560,   98,  681,  469,  900,  808,  639,  500,  642,  539,  718,  281,  489,  351,  742,  492,  268,  205,  406,  799,  860,  950,  782, 1025,  551,  147,  716,  679,  639,  865,  604,  478,  226,  212,  440,  216,  815,  794,  885,  670,  573,  842,  950,  583,  635,  340,  539,  762,  520,  912,  705,  197,  249,  211,  424,  928,  361,  802,  711,  268,  488,  943,  685,  819,  379,  735,  489,  500,  182,  773,  780,  710,  579,  675, 1180,  244,  569,  996, 1192,  332, 1007,  866,  710,  742,  893,  519,  612,  544,  832,  886,  804,  329,  827,  518,  835,  732,  777],
        [  360,    0,  704,  953,  974,  703,  102,  593,  865, 1076,  531,  441,  695,  136,  181,  360,  533,  549,  517,  516,  979,  645,  987,  646,  117,  775,  538,  268,  853,  896,  830,    0,  396,  863,  672,  284,  685,  872,  841,  957,  991,  649,  907,  462,  826,  897,  759,  114,  840,  892,  694,  619,  495,  899,  854,  478,  738, 1033,  163,   71,  839,  647,  711,  117,  616, 1051,   77,  776, 1019,  896,  643,  653,  627,   82,  304,  967,  580,  275,  743,  941,  271,  210,  579,  955,  464,  320,  658, 1156,  842,  586,  709,  408,  651,  854,  946,  136,  900,  516,  418,  727,  328,  745,  667,  582,  331,  694, 1188,  116,  143,  486,  211,  815,  813,  549,  634,  825,  602,  557,  481,  203,  536,  644,  315,  219,  310,  671,  102,   53,  527,   51,  316,  973,  119,  242],
        [  443,    0,  309,  678,  608,  370,  309,  233,  526,  788,  478,  449,  387,  260,  411,  174,  270,  510,  146,  329,  652,  401,  654,  255,  390,  659,  268,  205,  461,  584,  779,  396,    0,  494,  438,  189,  370,  568,  834,  620,  738,  258,  531,  156,  543,  566,  458,  352,  656,  618,  494,  238,  292,  723,  705,  378,  351,  660,  359,  429,  450,  347,  633,  348,  257,  743,  472,  448,  767,  739,  569,  413,  569,  315,   95,  582,  225,  464,  351,  547,  298,  440,  442,  668,   74,  353,  269,  845,  697,  601,  586,  430,  265,  633,  575,  310,  724,  301,  166,  368,   85,  520,  290,  334,  397,  600,  862,  282,  441,  216,  242,  477,  647,  259,  276,  488,  455,  243,  110,  219,  153,  252,  440,  378,  488,  277,  496,  344,  600,  348,  372,  598,  433,  154],
        [  919,    0,  274,  805,  532,  535,  764,  462,  578,  858,  895,  901,  589,  732,  904,  641,  614,  927,  458,  709,  680,  689,  665,  257,  879,  987,  606,  696,  161,  673, 1138,  863,  494,    0,  720,  679,  569,  680, 1216,  635,  883,  255,  450,  549,  705,  618,  630,  841,  917,  766,  791,  399,  679,  976,  992,  798,  349,  531,  767,  909,  131,  588,  998,  837,  461,  784,  935,  572,  907, 1011,  950,  699,  962,  782,  569,  425,  475,  956,  303,  322,  785,  934,  815,  777,  452,  832,  242,  853,  990, 1029,  927,  891,  236,  856,  494,  800,  977,  674,  452,  468,  540,  778,  404,  653,  875,  961,  829,  759,  931,  594,  735,  117,  931,  580,  230,  120,  816,  316,  390,  711,  425,  263,  926,  871,  977,  307,  955,  815, 1053,  813,  852,  488,  920,  633],
        [  419,    0,  447,  284,  425,  193,  638,  273,  280,  408,  264,  338,  139,  574,  555,  330,  169,  286,  327,  156,  348,   38,  364,  491,  587,  268,  171,  411,  590,  258,  421,  672,  438,  720,    0,  399,  156,  228,  505,  345,  321,  491,  412,  283,  167,  287,  144,  567,  221,  223,   72,  330,  178,  288,  283,  226,  379,  495,  727,  657,  605,  132,  289,  563,  266,  395,  736,  203,  350,  311,  258,   26,  279,  618,  492,  491,  266,  525,  422,  541,  409,  557,  153,  289,  394,  386,  503,  496,  278,  378,  211,  355,  520,  198,  420,  537,  289,  159,  601,  266,  505,   83,  316,  105,  405,  252,  540,  575,  613,  225,  463,  770,  222,  182,  597,  781,  138,  629,  496,  483,  350,  484,  462,  496,  520,  417,  762,  626,  444,  644,  402,  454,  624,  507],
        [  258,    0,  465,  676,  695,  420,  239,  320,  582,  798,  335,  282,  412,  176,  236,   76,  250,  364,  257,  249,  695,  369,  704,  430,  232,  556,  255,   20,  628,  613,  650,  284,  189,  679,  399,    0,  402,  590,  690,  673,  720,  432,  634,  184,  546,  613,  476,  199,  590,  614,  433,  358,  221,  654,  620,  248,  478,  757,  330,  290,  622,  363,  511,  195,  342,  770,  356,  492,  749,  660,  441,  378,  434,  221,  154,  698,  306,  278,  492,  686,  110,  260,  338,  676,  230,  170,  445,  874,  610,  442,  483,  257,  445,  591,  669,  159,  655,  241,  318,  450,  185,  478,  400,  303,  212,  483,  905,  178,  277,  203,   77,  665,  570,  266,  464,  677,  358,  426,  298,   85,  283,  426,  252,  194,  300,  428,  382,  234,  425,  249,  186,  698,  276,  128],
        [  507,    0,  298,  312,  311,   39,  630,  152,  182,  419,  391,  444,   22,  568,  605,  326,  158,  418,  231,  224,  295,  132,  302,  353,  623,  421,  151,  418,  435,  217,  576,  685,  370,  569,  156,  402,    0,  200,  660,  272,  376,  353,  276,  233,  177,  212,   90,  595,  352,  253,  226,  195,  219,  415,  424,  322,  224,  380,  706,  687,  451,   44,  443,  590,  135,  377,  757,   91,  405,  446,  408,  140,  427,  619,  446,  354,  152,  599,  268,  391,  450,  616,  286,  299,  308,  451,  363,  480,  422,  518,  367,  451,  383,  301,  296,  557,  415,  200,  516,  111,  450,  210,  169,  137,  482,  406,  506,  576,  659,  199,  476,  626,  364,  136,  468,  637,  277,  515,  396,  484,  242,  346,  542,  549,  602,  272,  783,  635,  572,  649,  470,  329,  664,  480],
        [  646,    0,  436,  128,  235,  201,  824,  343,  108,  221,  487,  566,  184,  761,  773,  515,  340,  505,  427,  372,  120,  241,  138,  512,  800,  406,  336,  605,  526,   31,  560,  872,  568,  680,  228,  590,  200,    0,  656,  125,  205,  511,  264,  430,   67,   82,  115,  775,  285,   89,  259,  371,  383,  326,  366,  453,  342,  300,  903,  867,  551,  230,  462,  771,  322,  180,  941,  128,  230,  368,  457,  237,  483,  810,  645,  335,  347,  751,  387,  417,  622,  779,  378,  106,  504,  608,  519,  284,  370,  589,  383,  583,  540,  207,  247,  741,  326,  362,  711,  236,  649,  203,  328,  293,  631,  431,  318,  767,  830,  390,  662,  760,  318,  328,  632,  770,  359,  694,  586,  674,  434,  506,  689,  715,  747,  422,  968,  823,  663,  839,  625,  278,  839,  676],
        [  482,    0,  943,  605,  890,  698,  870,  756,  749,  693,  358,  416,  644,  821,  662,  665,  609,  327,  781,  520,  756,  531,  779,  972,  725,  251,  616,  687, 1093,  683,   98,  841,  834, 1216,  505,  690,  660,  656,    0,  777,  565,  973,  900,  701,  595,  737,  630,  732,  378,  586,  437,  818,  555,  364,  302,  456,  882,  956,  971,  787, 1107,  632,  219,  730,  756,  736,  868,  694,  574,  322,  271,  522,  265,  835,  839,  978,  744,  572,  924, 1040,  611,  637,  406,  636,  824,  544,  986,  801,  295,  257,  294,  446, 1000,  458,  896,  730,  365,  554,  994,  770,  866,  470,  815,  563,  518,  256,  869,  803,  712,  643,  704, 1253,  340,  641, 1064, 1265,  402, 1068,  926,  742,  810,  966,  526,  624,  541,  910,  887,  820,  318,  843,  539,  929,  735,  816],
        [  758,    0,  425,  199,  127,  256,  899,  388,   95,  224,  607,  681,  264,  837,  872,  597,  428,  627,  475,  477,   45,  350,   36,  511,  893,  529,  422,  690,  475,   96,  681,  957,  620,  635,  345,  673,  272,  125,  777,    0,  274,  509,  187,  500,  191,   61,  210,  866,  402,  194,  382,  396,  482,  435,  482,  564,  329,  183,  970,  958,  504,  312,  587,  861,  364,  151, 1029,  182,  290,  479,  581,  349,  607,  889,  706,  241,  396,  858,  367,  338,  719,  881,  497,  165,  550,  712,  514,  236,  487,  713,  507,  696,  536,  322,  153,  829,  435,  461,  745,  255,  704,  327,  346,  392,  739,  556,  243,  847,  928,  471,  748,  728,  438,  408,  629,  737,  479,  705,  617,  755,  473,  506,  798,  815,  857,  422, 1055,  906,  785,  919,  730,  176,  934,  745],
        [  706,    0,  639,   79,  400,  391,  958,  527,  307,  129,  521,  615,  356,  895,  863,  649,  481,  526,  606,  475,  235,  352,  258,  712,  902,  343,  479,  732,  727,  212,  469,  991,  738,  883,  321,  720,  376,  205,  565,  274,    0,  712,  453,  588,  200,  269,  288,  884,  205,  126,  302,  565,  499,  202,  266,  525,  546,  450, 1047,  973,  754,  392,  422,  880,  509,  177, 1053,  326,   30,  244,  447,  342,  476,  939,  804,  514,  528,  820,  591,  607,  724,  861,  429,  111,  681,  693,  720,  237,  276,  583,  359,  640,  741,  148,  425,  855,  201,  479,  891,  436,  813,  247,  526,  420,  704,  404,  305,  896,  923,  536,  784,  964,  249,  482,  832,  974,  406,  889,  772,  804,  618,  706,  756,  806,  808,  624, 1079,  946,  670,  964,  706,  449,  936,  824],
        [  665,    0,   89,  638,  448,  328,  556,  220,  427,  719,  643,  647,  375,  513,  664,  389,  366,  676,  203,  459,  551,  457,  544,    4,  647,  755,  358,  451,  205,  514,  900,  649,  258,  255,  491,  432,  353,  511,  973,  509,  712,    0,  360,  295,  517,  472,  431,  608,  703,  587,  562,  162,  428,  767,  772,  545,  180,  480,  584,  686,  193,  361,  757,  605,  226,  656,  724,  387,  739,  796,  704,  468,  715,  567,  345,  383,  230,  708,  149,  319,  536,  691,  569,  616,  203,  580,   14,  744,  768,  777,  690,  636,   30,  653,  409,  567,  768,  424,  284,  276,  322,  560,  188,  412,  623,  720,  741,  537,  697,  341,  495,  281,  711,  333,  122,  293,  572,  201,  172,  476,  171,    8,  674,  626,  728,   90,  747,  598,  799,  600,  600,  421,  690,  408],
        [  779,    0,  272,  375,   90,  241,  834,  315,  157,  410,  664,  719,  282,  777,  857,  562,  420,  691,  393,  498,  232,  400,  216,  362,  865,  650,  411,  653,  290,  246,  808,  907,  531,  450,  412,  634,  276,  264,  900,  187,  453,  360,    0,  450,  312,  186,  273,  832,  542,  351,  471,  294,  489,  588,  624,  597,  188,  129,  890,  923,  320,  319,  692,  828,  293,  335,  983,  210,  472,  629,  669,  404,  691,  832,  625,   80,  329,  864,  212,  155,  704,  873,  557,  342,  458,  716,  361,  406,  626,  788,  611,  725,  383,  467,   50,  792,  588,  471,  626,  188,  615,  430,  243,  412,  750,  657,  389,  793,  907,  445,  710,  548,  570,  389,  473,  556,  546,  560,  499,  708,  380,  358,  810,  805,  870,  281, 1008,  855,  846,  864,  736,   67,  908,  676],
        [  376,    0,  302,  533,  512,  244,  399,  137,  407,  647,  355,  352,  247,  338,  413,  114,  115,  388,   93,  183,  526,  246,  532,  293,  416,  510,  113,  203,  470,  449,  639,  462,  156,  549,  283,  184,  233,  430,  701,  500,  588,  295,  450,    0,  397,  441,  317,  383,  501,  471,  340,  182,  147,  568,  552,  254,  299,  573,  473,  473,  470,  202,  492,  378,  158,  609,  536,  320,  617,  585,  432,  258,  437,  391,  217,  515,  122,  435,  319,  508,  265,  433,  299,  526,  124,  295,  308,  713,  544,  487,  439,  343,  316,  479,  486,  342,  569,  152,  320,  266,  225,  366,  218,  179,  336,  458,  737,  350,  459,   62,  260,  563,  493,  107,  366,  575,  309,  369,  228,  260,  125,  287,  392,  364,  449,  264,  562,  410,  504,  422,  316,  515,  459,  247],
        [  585,    0,  449,  137,  295,  192,  782,  328,  156,  253,  423,  503,  157,  719,  719,  472,  298,  440,  407,  317,  185,  185,  204,  517,  748,  345,  294,  560,  556,   97,  500,  826,  543,  705,  167,  546,  177,   67,  595,  191,  200,  517,  312,  397,    0,  143,   89,  725,  230,   76,  193,  366,  332,  279,  312,  392,  359,  362,  865,  817,  579,  197,  398,  721,  310,  229,  893,  134,  229,  319,  391,  179,  417,  766,  614,  388,  329,  692,  405,  462,  570,  723,  314,  131,  484,  551,  526,  332,  314,  523,  318,  521,  546,  157,  303,  692,  279,  311,  693,  244,  620,  137,  329,  244,  572,  366,  374,  723,  777,  351,  615,  778,  259,  292,  635,  788,  295,  690,  573,  630,  419,  511,  629,  661,  687,  430,  919,  778,  598,  794,  568,  335,  786,  640],
        [  698,    0,  391,  191,  154,  199,  840,  334,   45,  249,  550,  623,  203,  778,  811,  537,  367,  571,  421,  416,   87,  291,   91,  473,  833,  487,  361,  630,  460,   61,  642,  897,  566,  618,  287,  613,  212,   82,  737,   61,  269,  472,  186,  441,  143,    0,  150,  805,  367,  167,  329,  348,  421,  408,  448,  505,  295,  220,  913,  898,  488,  252,  540,  801,  310,  186,  968,  122,  290,  450,  529,  290,  555,  830,  650,  254,  341,  797,  336,  340,  658,  820,  440,  160,  497,  652,  478,  282,  452,  660,  459,  637,  500,  289,  166,  769,  407,  400,  696,  206,  649,  277,  299,  331,  678,  508,  297,  787,  867,  411,  688,  705,  399,  348,  593,  714,  423,  664,  569,  696,  421,  467,  737,  755,  797,  383,  995,  846,  729,  860,  670,  196,  873,  687],
