{
    "name": "random-8-15655",
    "comment": "size=8 seed=15655",
    "nodes": ["+0", "-0", "+1", "-1", "+2", "-2", "+3", "-3", "+4", "-4", "+5", "-5", "+6", "-6", "+7", "-7", "+8", "-8"],
    "precedence": {
        "+0": "-0",
        "+1": "-1",
        "+2": "-2",
        "+3": "-3",
        "+4": "-4",
        "+5": "-5",
        "+6": "-6",
        "+7": "-7",
        "+8": "-8"
    },
    "edges": [
        [    0,    0,  417,  679,  483,  687,  667,  382,  229,  885,  293,  833,  912,  285,  719, 1002,  765,  725],
        [    0,    0,  417,  679,  483,  687,  667,  382,  229,  885,  293,  833,  912,  285,  719, 1002,  765,  725],
        [  417,  417,    0,  472,  446,  580,  417,  550,  635, 1082,  177,  622,  996,  658,  587,  866,  792,  563],
        [  679,  679,  472,    0,  250,  167,   77,  481,  803,  843,  424,  159,  654,  760,  145,  396,  440,  101],
        [  483,  483,  446,  250,    0,  204,  284,  232,  568,  668,  311,  377,  551,  516,  239,  519,  348,  256],
        [  687,  687,  580,  167,  204,    0,  241,  402,  765,  684,  484,  208,  488,  703,   45,  317,  273,   91],
        [  667,  667,  417,   77,  284,  241,    0,  513,  810,  908,  394,  206,  728,  776,  221,  461,  512,  176],
        [  382,  382,  550,  481,  232,  402,  513,    0,  378,  543,  375,  598,  531,  304,  445,  688,  393,  475],
        [  229,  229,  635,  803,  568,  765,  810,  378,    0,  764,  487,  944,  859,  105,  804, 1063,  762,  824],
        [  885,  885, 1082,  843,  668,  684,  908,  543,  764,    0,  913,  871,  282,  660,  721,  772,  428,  773],
        [  293,  293,  177,  424,  311,  484,  394,  375,  487,  913,    0,  582,  848,  495,  503,  794,  655,  493],
        [  833,  833,  622,  159,  377,  208,  206,  598,  944,  871,  582,    0,  642,  892,  164,  268,  445,  125],
        [  912,  912,  996,  654,  551,  488,  728,  531,  859,  282,  848,  642,    0,  760,  515,  501,  217,  567],
        [  285,  285,  658,  760,  516,  703,  776,  304,  105,  660,  495,  892,  760,    0,  744,  990,  673,  770],
        [  719,  719,  587,  145,  239,   45,  221,  445,  804,  721,  503,  164,  515,  744,    0,  291,  304,   53],
        [ 1002, 1002,  866,  396,  519,  317,  461,  688, 1063,  772,  794,  268,  501,  990,  291,    0,  373,  305],
        [  765,  765,  792,  440,  348,  273,  512,  393,  762,  428,  655,  445,  217,  673,  304,  373,    0,  356],
        [  725,  725,  563,  101,  256,   91,  176,  475,  824,  773,  493,  125,  567,  770,   53,  305,  356,    0]
    ]
}
