{
    "name": "random-30-13987",
    "comment": "size=30 seed=13987",
    "nodes": ["+0", "-0", "+1", "-1", "+2", "-2", "+3", "-3", "+4", "-4", "+5", "-5", "+6", "-6", "+7", "-7", "+8", "-8", "+9", "-9", "+10", "-10", "+11", "-11", "+12", "-12", "+13", "-13", "+14", "-14", "+15", "-15", "+16", "-16", "+17", "-17", "+18", "-18", "+19", "-19", "+20", "-20", "+21", "-21", "+22", "-22", "+23", "-23", "+24", "-24", "+25", "-25", "+26", "-26", "+27", "-27", "+28", "-28", "+29", "-29", "+30", "-30"],
    "precedence": {
        "+0": "-0",
        "+1": "-1",
        "+2": "-2",
        "+3": "-3",
        "+4": "-4",
        "+5": "-5",
        "+6": "-6",
        "+7": "-7",
        "+8": "-8",
        "+9": "-9",
        "+10": "-10",
        "+11": "-11",
        "+12": "-12",
        "+13": "-13",
        "+14": "-14",
        "+15": "-15",
        "+16": "-16",
        "+17": "-17",
        "+18": "-18",
        "+19": "-19",
        "+20": "-20",
        "+21": "-21",
        "+22": "-22",
        "+23": "-23",
        "+24": "-24",
        "+25": "-25",
        "+26": "-26",
        "+27": "-27",
        "+28": "-28",
        "+29": "-29",
        "+30": "-30"
    },
    "edges": [
        [    0,    0,  703,  683,  512,  592,  340,  567,  654,  402,  629,  290,  451,  163,  551,  784,  501,  545,  492,  163,  874,  753,  280,  116,  914,  402,  918,  634,  643,  741,  907,  399,  499,  442,  157,  490,  421,  568,  940,  257,  345,  522,  499,  645,  752,  331,  288,  593,  693,  894,  604,  355,  488,   92,  663,  565,  624,  534,  254,  654,  664,  790],
        [    0,    0,  703,  683,  512,  592,  340,  567,  654,  402,  629,  290,  451,  163,  551,  784,  501,  545,  492,  163,  874,  753,  280,  116,  914,  402,  918,  634,  643,  741,  907,  399,  499,  442,  157,  490,  421,  568,  940,  257,  345,  522,  499,  645,  752,  331,  288,  593,  693,  894,  604,  355,  488,   92,  663,  565,  624,  534,  254,  654,  664,  790],
        [  703,  703,    0,   94,  769,  661,  606,  760,  254,  851,  117,  879,  385,  801,  170,  111,  773,  494,  514,  541,  175,  572,  625,  588,  761,  409,  530,   70,   89,  139,  241,  873,  978,  308,  548,  225,  537,  158,  240,  498,  488,  744,  281,  369,  627,  651,  422,  363,  114,  660,  171,  626,  238,  651,  741,  770,   86,  503,  906,  199,  528,  661],
        [  683,  683,   94,    0,  692,  576,  633,  679,  161,  789,   54,  831,  317,  764,  203,  104,  698,  410,  435,  525,  206,  478,  643,  570,  667,  440,  444,  112,   47,   70,  226,  813,  914,  335,  533,  243,  465,  198,  267,  504,  430,  666,  323,  277,  534,  590,  415,  274,  203,  567,   95,  562,  263,  642,  653,  690,   81,  419,  868,  278,  437,  568],
        [  512,  512,  769,  692,    0,  173,  793,   68,  558,  195,  653,  354,  386,  415,  709,  783,   16,  295,  259,  515,  888,  408,  747,  506,  483,  737,  634,  727,  680,  710,  855,  224,  271,  697,  521,  670,  236,  724,  940,  635,  317,   34,  748,  463,  366,  194,  568,  436,  833,  517,  600,  188,  686,  574,  189,   59,  689,  283,  447,  851,  350,  388],
        [  592,  592,  661,  576,  173,    0,  818,  123,  426,  359,  545,  502,  308,  534,  637,  657,  187,  168,  163,  546,  758,  235,  781,  552,  333,  720,  462,  632,  573,  581,  711,  389,  444,  658,  554,  610,  197,  649,  804,  648,  299,  140,  700,  318,  196,  267,  561,  304,  742,  349,  491,  238,  630,  634,   89,  136,  590,  161,  589,  777,  183,  223],
        [  340,  340,  606,  633,  793,  818,    0,  834,  686,  727,  588,  630,  562,  502,  438,  712,  785,  709,  673,  280,  774,  906,   62,  292, 1096,  198, 1004,  540,  587,  703,  845,  729,  834,  301,  273,  391,  622,  449,  836,  173,  520,  793,  329,  734,  927,  600,  273,  687,  543, 1043,  593,  609,  373,  250,  902,  836,  555,  703,  588,  468,  820,  969],
        [  567,  567,  760,  679,   68,  123,  834,    0,  536,  262,  643,  421,  386,  478,  715,  765,   84,  271,  246,  555,  868,  353,  791,  551,  416,  764,  582,  723,  671,  690,  827,  290,  329,  716,  563,  680,  244,  729,  917,  672,  337,   46,  763,  433,  307,  240,  597,  413,  831,  455,  590,  226,  698,  624,  122,   14,  683,  260,  514,  857,  305,  326],
        [  654,  654,  254,  161,  558,  426,  686,  536,    0,  679,  152,  748,  220,  703,  309,  231,  565,  265,  301,  513,  333,  319,  682,  551,  512,  510,  324,  250,  176,  155,  301,  705,  799,  409,  522,  321,  348,  312,  383,  532,  344,  529,  419,  117,  374,  487,  430,  124,  356,  418,  110,  454,  345,  634,  498,  548,  206,  277,  800,  420,  277,  408],
        [  402,  402,  851,  789,  195,  359,  727,  262,  679,    0,  742,  170,  473,  265,  756,  888,  179,  439,  387,  464,  993,  590,  672,  438,  677,  720,  811,  798,  767,  821,  979,   30,  129,  708,  467,  706,  332,  773, 1051,  593,  364,  225,  764,  604,  555,  200,  555,  566,  894,  707,  695,  228,  717,  483,  383,  252,  767,  424,  266,  893,  521,  580],
        [  629,  629,  117,   54,  653,  545,  588,  643,  152,  742,    0,  780,  272,  711,  170,  157,  658,  378,  398,  471,  257,  468,  596,  516,  663,  398,  461,   99,   29,  118,  279,  765,  868,  292,  480,  200,  422,  169,  319,  454,  381,  628,  287,  262,  521,  542,  363,  249,  207,  569,   55,  515,  222,  589,  626,  654,   55,  386,  815,  269,  418,  557],
        [  290,  290,  879,  831,  354,  502,  630,  421,  748,  170,  780,    0,  530,  129,  757,  935,  338,  543,  486,  403, 1036,  721,  570,  365,  831,  666,  930,  818,  801,  875, 1040,  150,  222,  679,  403,  700,  417,  774, 1098,  526,  407,  380,  738,  694,  695,  271,  518,  649,  900,  849,  740,  308,  705,  380,  540,  413,  794,  528,   97,  882,  643,  725],
        [  451,  451,  385,  317,  386,  308,  562,  386,  220,  473,  272,  530,    0,  485,  331,  416,  389,  157,  146,  331,  521,  344,  541,  360,  536,  429,  471,  341,  298,  350,  512,  497,  597,  355,  341,  302,  152,  344,  579,  392,  124,  364,  394,  196,  369,  275,  291,  144,  448,  482,  223,  245,  322,  448,  396,  395,  304,  156,  580,  473,  259,  410],
        [  163,  163,  801,  764,  415,  534,  502,  478,  703,  265,  711,  129,  485,    0,  665,  868,  401,  535,  478,  291,  966,  732,  442,  249,  866,  550,  924,  736,  730,  815,  982,  255,  345,  575,  289,  606,  404,  683, 1030,  407,  362,  433,  633,  668,  716,  272,  413,  618,  810,  867,  677,  307,  608,  254,  589,  473,  717,  521,  107,  782,  646,  751],
        [  551,  551,  170,  203,  709,  637,  438,  715,  309,  756,  170,  757,  331,  665,    0,  275,  710,  475,  476,  388,  342,  609,  456,  436,  808,  242,  628,  103,  159,  272,  407,  775,  884,  139,  395,   62,  475,   18,  407,  331,  400,  691,  120,  403,  655,  561,  264,  375,  145,  722,  199,  542,   69,  492,  724,  724,  123,  479,  772,  142,  545,  694],
        [  784,  784,  111,  104,  783,  657,  712,  765,  231,  888,  157,  935,  416,  868,  275,    0,  790,  494,  525,  624,  105,  530,  728,  670,  707,  516,  449,  173,  141,   77,  133,  913, 1012,  413,  633,  325,  562,  265,  164,  595,  532,  756,  389,  344,  590,  690,  511,  354,  214,  599,  196,  661,  341,  740,  729,  777,  165,  505,  971,  304,  503,  620],
        [  501,  501,  773,  698,   16,  187,  785,   84,  565,  179,  658,  338,  389,  401,  710,  790,    0,  304,  265,  507,  894,  422,  738,  497,  499,  732,  648,  730,  685,  717,  863,  208,  258,  695,  513,  670,  239,  725,  947,  629,  316,   48,  746,  472,  381,  186,  564,  444,  835,  532,  605,  183,  686,  564,  205,   75,  692,  291,  432,  852,  363,  404],
        [  545,  545,  494,  410,  295,  168,  709,  271,  265,  439,  378,  543,  157,  535,  475,  494,  304,    0,   58,  456,  597,  209,  681,  476,  389,  585,  391,  465,  406,  419,  560,  467,  549,  511,  466,  453,  131,  487,  647,  537,  204,  266,  548,  169,  220,  273,  440,  142,  576,  351,  324,  236,  475,  563,  250,  283,  423,   15,  613,  614,  120,  261],
        [  492,  492,  514,  435,  259,  163,  673,  246,  301,  387,  398,  486,  146,  478,  476,  525,  265,   58,    0,  413,  630,  261,  643,  429,  430,  562,  448,  478,  426,  452,  600,  415,  502,  496,  422,  447,   75,  489,  682,  502,  158,  232,  538,  217,  263,  216,  409,  181,  587,  402,  345,  179,  467,  516,  252,  256,  437,   44,  556,  617,  173,  304],
        [  163,  163,  541,  525,  515,  546,  280,  555,  513,  464,  471,  403,  331,  291,  388,  624,  507,  456,  413,    0,  713,  663,  237,   48,  842,  264,  800,  472,  484,  586,  750,  471,  582,  285,   11,  327,  353,  405,  778,  129,  255,  514,  343,  523,  674,  321,  126,  472,  531,  804,  451,  330,  326,  122,  628,  557,  463,  448,  396,  495,  574,  715],
        [  874,  874,  175,  206,  888,  758,  774,  868,  333,  993,  257, 1036,  521,  966,  342,  105,  894,  597,  630,  713,    0,  619,  796,  760,  786,  577,  509,  245,  236,  179,  113, 1017, 1117,  479,  721,  399,  666,  329,   66,  672,  635,  860,  446,  443,  681,  794,  595,  456,  240,  674,  300,  765,  411,  825,  828,  880,  252,  609, 1070,  329,  599,  708],
        [  753,  753,  572,  478,  408,  235,  906,  353,  319,  590,  468,  721,  344,  732,  609,  530,  422,  209,  261,  663,  619,    0,  883,  684,  200,  764,  229,  566,  494,  455,  546,  620,  678,  678,  673,  604,  334,  616,  651,  735,  413,  374,  704,  208,   65,  461,  634,  237,  674,  142,  420,  426,  628,  772,  257,  367,  522,  220,  801,  734,   90,   91],
        [  280,  280,  625,  643,  747,  781,   62,  791,  682,  672,  596,  570,  541,  442,  456,  728,  738,  681,  643,  237,  796,  883,    0,  242, 1069,  223,  994,  557,  597,  712,  860,  673,  776,  317,  229,  403,  587,  468,  859,  152,  487,  748,  354,  720,  901,  554,  256,  671,  571, 1022,  595,  565,  387,  191,  864,  792,  567,  675,  526,  502,  795,  942],
        [  116,  116,  588,  570,  506,  552,  292,  551,  551,  438,  516,  365,  360,  249,  436,  670,  497,  476,  429,   48,  760,  684,  242,    0,  858,  303,  831,  519,  529,  630,  795,  443,  552,  331,   43,  375,  364,  453,  825,  162,  272,  508,  389,  555,  691,  313,  173,  503,  578,  826,  494,  327,  373,   89,  631,  552,  509,  466,  352,  542,  594,  732],
        [  914,  914,  761,  667,  483,  333, 1096,  416,  512,  677,  663,  831,  536,  866,  808,  707,  499,  389,  430,  842,  786,  200, 1069,  858,    0,  962,  305,  761,  688,  636,  699,  706,  737,  877,  852,  804,  496,  814,  809,  924,  588,  454,  903,  406,  169,  597,  825,  437,  867,  117,  616,  566,  827,  944,  295,  427,  717,  396,  920,  930,  278,  128],
        [  402,  402,  409,  440,  737,  720,  198,  764,  510,  720,  398,  666,  429,  550,  242,  516,  732,  585,  562,  264,  577,  764,  223,  303,  962,    0,  833,  344,  394,  510,  648,  730,  841,  106,  264,  198,  528,  252,  639,  145,  428,  728,  133,  575,  796,  552,  169,  533,  348,  894,  409,  549,  178,  319,  809,  769,  360,  583,  652,  281,  684,  837],
        [  918,  918,  530,  444,  634,  462, 1004,  582,  324,  811,  461,  930,  471,  924,  628,  449,  648,  391,  448,  800,  509,  229,  994,  831,  305,  833,    0,  553,  478,  392,  410,  840,  905,  733,  810,  645,  521,  628,  521,  842,  575,  601,  741,  277,  283,  662,  739,  329,  643,  189,  431,  626,  669,  918,  484,  595,  514,  405, 1003,  722,  290,  284],
        [  634,  634,   70,  112,  727,  632,  540,  723,  250,  798,   99,  818,  341,  736,  103,  173,  730,  465,  478,  472,  245,  566,  557,  519,  761,  344,  553,    0,   76,  177,  305,  819,  925,  241,  479,  156,  492,   93,  310,  428,  434,  704,  219,  359,  618,  598,  352,  343,  112,  667,  148,  575,  170,  582,  714,  733,   45,  472,  842,  171,  514,  655],
        [  643,  643,   89,   47,  680,  573,  587,  671,  176,  767,   29,  801,  298,  730,  159,  141,  685,  406,  426,  484,  236,  494,  597,  529,  688,  394,  478,   76,    0,  116,  269,  790,  893,  289,  492,  197,  449,  155,  300,  459,  405,  656,  278,  288,  548,  567,  372,  277,  181,  592,   83,  540,  217,  600,  654,  682,   37,  414,  834,  247,  445,  583],
        [  741,  741,  139,   70,  710,  581,  703,  690,  155,  821,  118,  875,  350,  815,  272,   77,  717,  419,  452,  586,  179,  455,  712,  630,  636,  510,  392,  177,  116,    0,  168,  846,  944,  404,  595,  313,  492,  267,  231,  571,  469,  682,  392,  268,  515,  624,  480,  278,  253,  530,  139,  594,  332,  705,  652,  702,  150,  430,  916,  336,  426,  546],
        [  907,  907,  241,  226,  855,  711,  845,  827,  301,  979,  279, 1040,  512,  982,  407,  133,  863,  560,  600,  750,  113,  546,  860,  795,  699,  648,  410,  305,  269,  168,    0, 1004, 1099,  545,  759,  458,  647,  397,  112,  726,  633,  825,  521,  395,  610,  785,  640,  420,  333,  584,  306,  753,  474,  867,  773,  840,  296,  573, 1083,  424,  541,  632],
        [  399,  399,  873,  813,  224,  389,  729,  290,  705,   30,  765,  150,  497,  255,  775,  913,  208,  467,  415,  471, 1017,  620,  673,  443,  706,  730,  840,  819,  790,  846, 1004,    0,  112,  722,  474,  723,  358,  791, 1075,  600,  386,  254,  779,  631,  585,  223,  567,  593,  913,  737,  718,  253,  733,  483,  411,  280,  788,  453,  246,  910,  551,  609],
        [  499,  499,  978,  914,  271,  444,  834,  329,  799,  129,  868,  222,  597,  345,  884, 1012,  258,  549,  502,  582, 1117,  678,  776,  552,  737,  841,  905,  925,  893,  944, 1099,  112,    0,  834,  584,  833,  453,  901, 1174,  710,  492,  305,  891,  717,  636,  328,  679,  682, 1022,  783,  820,  353,  844,  586,  445,  316,  894,  535,  306, 1020,  619,  655],
        [  442,  442,  308,  335,  697,  658,  301,  716,  409,  708,  292,  679,  355,  575,  139,  413,  695,  511,  496,  285,  479,  678,  317,  331,  877,  106,  733,  241,  289,  404,  545,  722,  834,    0,  289,   93,  473,  151,  543,  201,  380,  684,   59,  482,  714,  524,  162,  442,  262,  803,  306,  515,   73,  372,  747,  722,  255,  511,  680,  212,  602,  755],
        [  157,  157,  548,  533,  521,  554,  273,  563,  522,  467,  480,  403,  341,  289,  395,  633,  513,  466,  422,   11,  721,  673,  229,   43,  852,  264,  810,  479,  492,  595,  759,  474,  584,  289,    0,  334,  362,  411,  786,  127,  265,  521,  346,  533,  684,  328,  131,  482,  537,  814,  460,  337,  331,  112,  636,  564,  471,  458,  393,  499,  584,  725],
        [  490,  490,  225,  243,  670,  610,  391,  680,  321,  706,  200,  700,  302,  606,   62,  325,  670,  453,  447,  327,  399,  604,  403,  375,  804,  198,  645,  156,  197,  313,  458,  723,  833,   93,  334,    0,  437,   78,  464,  273,  355,  653,  100,  402,  645,  512,  203,  368,  205,  725,  216,  497,   25,  431,  698,  688,  165,  455,  712,  188,  533,  685],
        [  421,  421,  537,  465,  236,  197,  622,  244,  348,  332,  422,  417,  152,  404,  475,  562,  239,  131,   75,  353,  666,  334,  587,  364,  496,  528,  521,  492,  449,  492,  647,  358,  453,  473,  362,  437,    0,  489,  722,  452,  103,  216,  520,  279,  331,  147,  366,  236,  597,  474,  372,  111,  455,  450,  283,  251,  455,  118,  484,  617,  246,  370],
        [  568,  568,  158,  198,  724,  649,  449,  729,  312,  773,  169,  774,  344,  683,   18,  265,  725,  487,  489,  405,  329,  616,  468,  453,  814,  252,  628,   93,  155,  267,  397,  791,  901,  151,  411,   78,  489,    0,  393,  346,  415,  705,  126,  409,  662,  577,  281,  382,  128,  727,  202,  558,   84,  508,  735,  738,  119,  491,  789,  129,  553,  701],
        [  940,  940,  240,  267,  940,  804,  836,  917,  383, 1051,  319, 1098,  579, 1030,  407,  164,  947,  647,  682,  778,   66,  651,  859,  825,  809,  639,  521,  310,  300,  231,  112, 1075, 1174,  543,  786,  464,  722,  393,    0,  736,  695,  911,  508,  487,  715,  853,  661,  505,  298,  694,  360,  823,  476,  890,  871,  929,  316,  659, 1133,  385,  640,  739],
        [  257,  257,  498,  504,  635,  648,  173,  672,  532,  593,  454,  526,  392,  407,  331,  595,  629,  537,  502,  129,  672,  735,  152,  162,  924,  145,  842,  428,  459,  571,  726,  600,  710,  201,  127,  273,  452,  346,  736,    0,  350,  632,  253,  569,  755,  444,  104,  520,  462,  873,  449,  448,  262,  176,  734,  674,  431,  531,  507,  409,  648,  797],
        [  345,  345,  488,  430,  317,  299,  520,  337,  344,  364,  381,  407,  124,  362,  400,  532,  316,  204,  158,  255,  635,  413,  487,  272,  588,  428,  575,  434,  405,  469,  633,  386,  492,  380,  265,  355,  103,  415,  695,  350,    0,  304,  431,  308,  420,  164,  264,  258,  533,  555,  336,  143,  371,  360,  386,  343,  403,  195,  456,  540,  323,  461],
        [  522,  522,  744,  666,   34,  140,  793,   46,  529,  225,  628,  380,  364,  433,  691,  756,   48,  266,  232,  514,  860,  374,  748,  508,  454,  728,  601,  704,  656,  682,  825,  254,  305,  684,  521,  653,  216,  705,  911,  632,  304,    0,  733,  432,  334,  196,  560,  407,  811,  485,  575,  184,  670,  580,  161,   44,  665,  253,  471,  833,  317,  357],
        [  499,  499,  281,  323,  748,  700,  329,  763,  419,  764,  287,  738,  394,  633,  120,  389,  746,  548,  538,  343,  446,  704,  354,  389,  903,  133,  741,  219,  278,  392,  521,  779,  891,   59,  346,  100,  520,  126,  508,  253,  431,  733,    0,  502,  744,  579,  221,  467,  217,  824,  311,  568,   76,  426,  789,  770,  242,  549,  738,  157,  632,  784],
        [  645,  645,  369,  277,  463,  318,  734,  433,  117,  604,  262,  694,  196,  668,  403,  344,  472,  169,  217,  523,  443,  208,  720,  555,  406,  575,  277,  359,  288,  268,  395,  631,  717,  482,  533,  402,  279,  409,  487,  569,  308,  432,  502,    0,  260,  425,  465,   53,  468,  323,  212,  389,  426,  642,  385,  446,  315,  183,  756,  526,  161,  296],
        [  752,  752,  627,  534,  366,  196,  927,  307,  374,  555,  521,  695,  369,  716,  655,  590,  381,  220,  263,  674,  681,   65,  901,  691,  169,  796,  283,  618,  548,  515,  610,  585,  636,  714,  684,  645,  331,  662,  715,  755,  420,  334,  744,  260,    0,  445,  657,  280,  727,  154,  471,  411,  668,  778,  201,  320,  574,  227,  779,  783,  112,   42],
        [  331,  331,  651,  590,  194,  267,  600,  240,  487,  200,  542,  271,  275,  272,  561,  690,  186,  273,  216,  321,  794,  461,  554,  313,  597,  552,  662,  598,  567,  624,  785,  223,  328,  524,  328,  512,  147,  577,  853,  444,  164,  196,  579,  425,  445,    0,  384,  381,  696,  596,  496,   37,  525,  384,  333,  240,  567,  258,  342,  699,  378,  480],
        [  288,  288,  422,  415,  568,  561,  273,  597,  430,  555,  363,  518,  291,  413,  264,  511,  564,  440,  409,  126,  595,  634,  256,  173,  825,  169,  739,  352,  372,  480,  640,  567,  679,  162,  131,  203,  366,  281,  661,  104,  264,  560,  221,  465,  657,  384,    0,  417,  406,  771,  352,  381,  201,  230,  649,  602,  347,  435,  519,  370,  549,  699],
        [  593,  593,  363,  274,  436,  304,  687,  413,  124,  566,  249,  649,  144,  618,  375,  354,  444,  142,  181,  472,  456,  237,  671,  503,  437,  533,  329,  343,  277,  278,  420,  593,  682,  442,  482,  368,  236,  382,  505,  520,  258,  407,  467,   53,  280,  381,  417,    0,  454,  362,  196,  346,  391,  590,  379,  425,  299,  154,  709,  504,  172,  320],
        [  693,  693,  114,  203,  833,  742,  543,  831,  356,  894,  207,  900,  448,  810,  145,  214,  835,  576,  587,  531,  240,  674,  571,  578,  867,  348,  643,  112,  181,  253,  333,  913, 1022,  262,  537,  205,  597,  128,  298,  462,  533,  811,  217,  468,  727,  696,  406,  454,    0,  769,  258,  675,  206,  630,  825,  841,  155,  582,  916,   92,  624,  763],
        [  894,  894,  660,  567,  517,  349, 1043,  455,  418,  707,  569,  849,  482,  867,  722,  599,  532,  351,  402,  804,  674,  142, 1022,  826,  117,  894,  189,  667,  592,  530,  584,  737,  783,  803,  814,  725,  474,  727,  694,  873,  555,  485,  824,  323,  154,  596,  771,  362,  769,    0,  526,  561,  749,  913,  341,  468,  623,  361,  932,  837,  232,  129],
        [  604,  604,  171,   95,  600,  491,  593,  590,  110,  695,   55,  740,  223,  677,  199,  196,  605,  324,  345,  451,  300,  420,  595,  494,  616,  409,  431,  148,   83,  139,  306,  718,  820,  306,  460,  216,  372,  202,  360,  449,  336,  575,  311,  212,  471,  496,  352,  196,  258,  526,    0,  467,  239,  571,  572,  600,  103,  332,  779,  314,  366,  508],
        [  355,  355,  626,  562,  188,  238,  609,  226,  454,  228,  515,  308,  245,  307,  542,  661,  183,  236,  179,  330,  765,  426,  565,  327,  566,  549,  626,  575,  540,  594,  753,  253,  353,  515,  337,  497,  111,  558,  823,  448,  143,  184,  568,  389,  411,   37,  381,  346,  675,  561,  467,    0,  511,  403,  309,  228,  542,  222,  379,  682,  342,  447],
        [  488,  488,  238,  263,  686,  630,  373,  698,  345,  717,  222,  705,  322,  608,   69,  341,  686,  475,  467,  326,  411,  628,  387,  373,  827,  178,  669,  170,  217,  332,  474,  733,  844,   73,  331,   25,  455,   84,  476,  262,  371,  670,   76,  426,  668,  525,  201,  391,  206,  749,  239,  511,    0,  425,  718,  706,  183,  476,  715,  178,  557,  708],
        [   92,   92,  651,  642,  574,  634,  250,  624,  634,  483,  589,  380,  448,  254,  492,  740,  564,  563,  516,  122,  825,  772,  191,   89,  944,  319,  918,  582,  600,  705,  867,  483,  586,  372,  112,  431,  450,  508,  890,  176,  360,  580,  426,  642,  778,  384,  230,  590,  630,  913,  571,  403,  425,    0,  710,  624,  577,  554,  344,  582,  682,  818],
        [  663,  663,  741,  653,  189,   89,  902,  122,  498,  383,  626,  540,  396,  589,  724,  729,  205,  250,  252,  628,  828,  257,  864,  631,  295,  809,  484,  714,  654,  652,  773,  411,  445,  747,  636,  698,  283,  735,  871,  734,  386,  161,  789,  385,  201,  333,  649,  379,  825,  341,  572,  309,  718,  710,    0,  132,  671,  245,  632,  863,  234,  213],
        [  565,  565,  770,  690,   59,  136,  836,   14,  548,  252,  654,  413,  395,  473,  724,  777,   75,  283,  256,  557,  880,  367,  792,  552,  427,  769,  595,  733,  682,  702,  840,  280,  316,  722,  564,  688,  251,  738,  929,  674,  343,   44,  770,  446,  320,  240,  602,  425,  841,  468,  600,  228,  706,  624,  132,    0,  693,  272,  506,  866,  318,  339],
        [  624,  624,   86,   81,  689,  590,  555,  683,  206,  767,   55,  794,  304,  717,  123,  165,  692,  423,  437,  463,  252,  522,  567,  509,  717,  360,  514,   45,   37,  150,  296,  788,  894,  255,  471,  165,  455,  119,  316,  431,  403,  665,  242,  315,  574,  567,  347,  299,  155,  623,  103,  542,  183,  577,  671,  693,    0,  430,  822,  214,  469,  610],
        [  534,  534,  503,  419,  283,  161,  703,  260,  277,  424,  386,  528,  156,  521,  479,  505,  291,   15,   44,  448,  609,  220,  675,  466,  396,  583,  405,  472,  414,  430,  573,  453,  535,  511,  458,  455,  118,  491,  659,  531,  195,  253,  549,  183,  227,  258,  435,  154,  582,  361,  332,  222,  476,  554,  245,  272,  430,    0,  599,  618,  131,  268],
        [  254,  254,  906,  868,  447,  589,  588,  514,  800,  266,  815,   97,  580,  107,  772,  971,  432,  613,  556,  396, 1070,  801,  526,  352,  920,  652, 1003,  842,  834,  916, 1083,  246,  306,  680,  393,  712,  484,  789, 1133,  507,  456,  471,  738,  756,  779,  342,  519,  709,  916,  932,  779,  379,  715,  344,  632,  506,  822,  599,    0,  888,  720,  811],
        [  654,  654,  199,  278,  851,  777,  468,  857,  420,  893,  269,  882,  473,  782,  142,  304,  852,  614,  617,  495,  329,  734,  502,  542,  930,  281,  722,  171,  247,  336,  424,  910, 1020,  212,  499,  188,  617,  129,  385,  409,  540,  833,  157,  526,  783,  699,  370,  504,   92,  837,  314,  682,  178,  582,  863,  866,  214,  618,  888,    0,  675,  820],
        [  664,  664,  528,  437,  350,  183,  820,  305,  277,  521,  418,  643,  259,  646,  545,  503,  363,  120,  173,  574,  599,   90,  795,  594,  278,  684,  290,  514,  445,  426,  541,  551,  619,  602,  584,  533,  246,  553,  640,  648,  323,  317,  632,  161,  112,  378,  549,  172,  624,  232,  366,  342,  557,  682,  234,  318,  469,  131,  720,  675,    0,  154],
        [  790,  790,  661,  568,  388,  223,  969,  326,  408,  580,  557,  725,  410,  751,  694,  620,  404,  261,  304,  715,  708,   91,  942,  732,  128,  837,  284,  655,  583,  546,  632,  609,  655,  755,  725,  685,  370,  701,  739,  797,  461,  357,  784,  296,   42,  480,  699,  320,  763,  129,  508,  447,  708,  818,  213,  339,  610,  268,  811,  820,  154,    0]
    ]
}
