{
    "name": "random-13-15757",
    "comment": "size=13 seed=15757",
    "nodes": ["+0", "-0", "+1", "-1", "+2", "-2", "+3", "-3", "+4", "-4", "+5", "-5", "+6", "-6", "+7", "-7", "+8", "-8", "+9", "-9", "+10", "-10", "+11", "-11", "+12", "-12", "+13", "-13"],
    "precedence": {
        "+0": "-0",
        "+1": "-1",
        "+2": "-2",
        "+3": "-3",
        "+4": "-4",
        "+5": "-5",
        "+6": "-6",
        "+7": "-7",
        "+8": "-8",
        "+9": "-9",
        "+10": "-10",
        "+11": "-11",
        "+12": "-12",
        "+13": "-13"
    },
    "edges": [
        [    0,    0,  822,  774,  566,   53,  632,  514,  516,  553,  521,  356,  431,  682,  727,  597,  668,  733,  111,  740,   60,  469,  788,  320,  477,   70,  759,  251],
        [    0,    0,  822,  774,  566,   53,  632,  514,  516,  553,  521,  356,  431,  682,  727,  597,  668,  733,  111,  740,   60,  469,  788,  320,  477,   70,  759,  251],
        [  822,  822,    0,  510,  880,  821,  195,  332,  462,  354,  314,  468,  400,  493,  282,  510,  158,  272,  722,  495,  809,  729,  850,  562,  668,  852,  365,  572],
        [  774,  774,  510,    0,  490,  742,  504,  576,  268,  660,  413,  525,  560,   93,  232,  179,  497,  241,  667,   36,  729,  400,  360,  462,  349,  761,  146,  584],
        [  566,  566,  880,  490,    0,  515,  768,  745,  420,  830,  615,  580,  676,  435,  628,  380,  785,  639,  507,  473,  507,  163,  265,  424,  217,  513,  586,  549],
        [   53,   53,  821,  742,  515,    0,  634,  524,  489,  570,  514,  355,  439,  650,  708,  563,  669,  715,  100,  708,   14,  422,  740,  295,  433,   33,  735,  251],
        [  632,  632,  195,  504,  768,  634,    0,  140,  355,  186,  155,  281,  206,  453,  288,  436,   38,  283,  535,  478,  623,  608,  795,  398,  551,  666,  376,  384],
        [  514,  514,  332,  576,  745,  524,  140,    0,  367,   90,  165,  187,   87,  507,  387,  467,  177,  385,  427,  545,  514,  583,  818,  335,  535,  556,  467,  278],
        [  516,  516,  462,  268,  420,  489,  355,  367,    0,  457,  211,  266,  325,  178,  242,  108,  368,  251,  406,  233,  476,  267,  452,  198,  206,  512,  249,  317],
        [  553,  553,  354,  660,  830,  570,  186,   90,  457,    0,  253,  259,  158,  595,  461,  557,  216,  458,  477,  630,  561,  669,  908,  414,  622,  602,  546,  336],
        [  521,  521,  314,  413,  615,  514,  155,  165,  211,  253,    0,  170,  155,  343,  245,  305,  178,  247,  415,  382,  501,  454,  661,  251,  399,  544,  316,  272],
        [  356,  356,  468,  525,  580,  355,  281,  187,  266,  259,  170,    0,  103,  439,  403,  373,  315,  406,  255,  490,  343,  421,  693,  158,  382,  386,  459,  105],
        [  431,  431,  400,  560,  676,  439,  206,   87,  325,  158,  155,  103,    0,  483,  399,  430,  243,  400,  341,  527,  428,  515,  770,  257,  471,  471,  470,  191],
        [  682,  682,  493,   93,  435,  650,  453,  507,  178,  595,  343,  439,  483,    0,  214,   87,  453,  225,  575,   58,  637,  325,  358,  369,  269,  670,  154,  494],
        [  727,  727,  282,  232,  628,  708,  288,  387,  242,  461,  245,  403,  399,  214,    0,  248,  274,   12,  616,  214,  695,  492,  570,  414,  430,  735,   91,  492],
        [  597,  597,  510,  179,  380,  563,  436,  467,  108,  557,  305,  373,  430,   87,  248,    0,  443,  259,  490,  145,  551,  252,  359,  287,  192,  583,  215,  418],
        [  668,  668,  158,  497,  785,  669,   38,  177,  368,  216,  178,  315,  243,  453,  274,  443,    0,  268,  570,  473,  658,  626,  800,  426,  568,  701,  364,  419],
        [  733,  733,  272,  241,  639,  715,  283,  385,  251,  458,  247,  406,  400,  225,   12,  259,  268,    0,  622,  224,  702,  502,  581,  421,  441,  742,   98,  497],
        [  111,  111,  722,  667,  507,  100,  535,  427,  406,  477,  415,  255,  341,  575,  616,  490,  570,  622,    0,  633,   89,  388,  707,  209,  386,  132,  649,  152],
        [  740,  740,  495,   36,  473,  708,  478,  545,  233,  630,  382,  490,  527,   58,  214,  145,  473,  224,  633,    0,  695,  374,  363,  427,  322,  728,  135,  549],
        [   60,   60,  809,  729,  507,   14,  623,  514,  476,  561,  501,  343,  428,  637,  695,  551,  658,  702,   89,  695,    0,  412,  730,  282,  422,   44,  722,  240],
        [  469,  469,  729,  400,  163,  422,  608,  583,  267,  669,  454,  421,  515,  325,  492,  252,  626,  502,  388,  374,  412,    0,  320,  268,   62,  430,  466,  401],
        [  788,  788,  850,  360,  265,  740,  795,  818,  452,  908,  661,  693,  770,  358,  570,  359,  800,  581,  707,  363,  730,  320,    0,  559,  328,  745,  498,  700],
        [  320,  320,  562,  462,  424,  295,  398,  335,  198,  414,  251,  158,  257,  369,  414,  287,  426,  421,  209,  427,  282,  268,  559,    0,  235,  321,  441,  143],
        [  477,  477,  668,  349,  217,  433,  551,  535,  206,  622,  399,  382,  471,  269,  430,  192,  568,  441,  386,  322,  422,   62,  328,  235,    0,  445,  406,  375],
        [   70,   70,  852,  761,  513,   33,  666,  556,  512,  602,  544,  386,  471,  670,  735,  583,  701,  742,  132,  728,   44,  430,  745,  321,  445,    0,  759,  283],
        [  759,  759,  365,  146,  586,  735,  376,  467,  249,  546,  316,  459,  470,  154,   91,  215,  364,   98,  649,  135,  722,  466,  498,  441,  406,  759,    0,  539],
        [  251,  251,  572,  584,  549,  251,  384,  278,  317,  336,  272,  105,  191,  494,  492,  418,  419,  497,  152,  549,  240,  401,  700,  143,  375,  283,  539,    0]
    ]
}
