{
    "name": "random-6-31175",
    "comment": "size=6 seed=31175",
    "nodes": ["+0", "-0", "+1", "-1", "+2", "-2", "+3", "-3", "+4", "-4", "+5", "-5", "+6", "-6"],
    "precedence": {
        "+0": "-0",
        "+1": "-1",
        "+2": "-2",
        "+3": "-3",
        "+4": "-4",
        "+5": "-5",
        "+6": "-6"
    },
    "edges": [
        [    0,    0,  859,  834,  766,  250,  484,  968,  194,  506,  578,  400, 1035,  354],
        [    0,    0,  859,  834,  766,  250,  484,  968,  194,  506,  578,  400, 1035,  354],
        [  859,  859,    0,   32,  722,  774,  389,  116, 1025,  707,  427,  470,  183,  516],
        [  834,  834,   32,    0,  694,  744,  367,  146,  998,  676,  396,  447,  204,  488],
        [  766,  766,  722,  694,    0,  521,  682,  818,  801,  262,  354,  675,  793,  555],
        [  250,  250,  774,  744,  521,    0,  466,  889,  300,  259,  403,  398,  932,  279],
        [  484,  484,  389,  367,  682,  466,    0,  491,  664,  526,  334,   85,  571,  191],
        [  968,  968,  116,  146,  818,  889,  491,    0, 1137,  819,  539,  574,  114,  628],
        [  194,  194, 1025,  998,  801,  300,  664, 1137,    0,  544,  695,  581, 1196,  510],
        [  506,  506,  707,  676,  262,  259,  526,  819,  544,    0,  281,  492,  830,  356],
        [  578,  578,  427,  396,  354,  403,  334,  539,  695,  281,    0,  344,  555,  257],
        [  400,  400,  470,  447,  675,  398,   85,  574,  581,  492,  344,    0,  650,  138],
        [ 1035, 1035,  183,  204,  793,  932,  571,  114, 1196,  830,  555,  650,    0,  686],
        [  354,  354,  516,  488,  555,  279,  191,  628,  510,  356,  257,  138,  686,    0]
    ]
}
