{
    "name": "random-3-9608",
    "comment": "size=3 seed=9608",
    "nodes": ["+0", "-0", "+1", "-1", "+2", "-2", "+3", "-3"],
    "precedence": {
        "+0": "-0",
        "+1": "-1",
        "+2": "-2",
        "+3": "-3"
    },
    "edges": [
        [    0,    0,  755,  376,  301,  643,  723,  472],
        [    0,    0,  755,  376,  301,  643,  723,  472],
        [  755,  755,    0,  680, 1055,  880,   42,  503],
        [  376,  376,  680,    0,  560,  965,  665,  195],
        [  301,  301, 1055,  560,    0,  786, 1024,  715],
        [  643,  643,  880,  965,  786,    0,  840,  960],
        [  723,  723,   42,  665, 1024,  840,    0,  494],
        [  472,  472,  503,  195,  715,  960,  494,    0]
    ]
}
