{
    "name": "random-66-19506",
    "comment": "size=66 seed=19506",
    "nodes": ["+0", "-0", "+1", "-1", "+2", "-2", "+3", "-3", "+4", "-4", "+5", "-5", "+6", "-6", "+7", "-7", "+8", "-8", "+9", "-9", "+10", "-10", "+11", "-11", "+12", "-12", "+13", "-13", "+14", "-14", "+15", "-15", "+16", "-16", "+17", "-17", "+18", "-18", "+19", "-19", "+20", "-20", "+21", "-21", "+22", "-22", "+23", "-23", "+24", "-24", "+25", "-25", "+26", "-26", "+27", "-27", "+28", "-28", "+29", "-29", "+30", "-30", "+31", "-31", "+32", "-32", "+33", "-33", "+34", "-34", "+35", "-35", "+36", "-36", "+37", "-37", "+38", "-38", "+39", "-39", "+40", "-40", "+41", "-41", "+42", "-42", "+43", "-43", "+44", "-44", "+45", "-45", "+46", "-46", "+47", "-47", "+48", "-48", "+49", "-49", "+50", "-50", "+51", "-51", "+52", "-52", "+53", "-53", "+54", "-54", "+55", "-55", "+56", "-56", "+57", "-57", "+58", "-58", "+59", "-59", "+60", "-60", "+61", "-61", "+62", "-62", "+63", "-63", "+64", "-64", "+65", "-65", "+66", "-66"],
    "precedence": {
        "+0": "-0",
        "+1": "-1",
        "+2": "-2",
        "+3": "-3",
        "+4": "-4",
        "+5": "-5",
        "+6": "-6",
        "+7": "-7",
        "+8": "-8",
        "+9": "-9",
        "+10": "-10",
        "+11": "-11",
        "+12": "-12",
        "+13": "-13",
        "+14": "-14",
        "+15": "-15",
        "+16": "-16",
        "+17": "-17",
        "+18": "-18",
        "+19": "-19",
        "+20": "-20",
        "+21": "-21",
        "+22": "-22",
        "+23": "-23",
        "+24": "-24",
        "+25": "-25",
        "+26": "-26",
        "+27": "-27",
        "+28": "-28",
        "+29": "-29",
        "+30": "-30",
        "+31": "-31",
        "+32": "-32",
        "+33": "-33",
        "+34": "-34",
        "+35": "-35",
        "+36": "-36",
        "+37": "-37",
        "+38": "-38",
        "+39": "-39",
        "+40": "-40",
        "+41": "-41",
        "+42": "-42",
        "+43": "-43",
        "+44": "-44",
        "+45": "-45",
        "+46": "-46",
        "+47": "-47",
        "+48": "-48",
        "+49": "-49",
        "+50": "-50",
        "+51": "-51",
        "+52": "-52",
        "+53": "-53",
        "+54": "-54",
        "+55": "-55",
        "+56": "-56",
        "+57": "-57",
        "+58": "-58",
        "+59": "-59",
        "+60": "-60",
        "+61": "-61",
        "+62": "-62",
        "+63": "-63",
        "+64": "-64",
        "+65": "-65",
        "+66": "-66"
    },
    "edges": [
        [    0,    0,  631,  631,  218,  394,  268,  291,  456,  473,  476,  515,  351,  410,  211,  746,  324,  259,  129,  665,  329,  690,  269,  329,  434,  269,  121,  338,  557,  474,  431,  454,  560,  643,  281,  158,  581,  291,  584,  258,  335,  505,  436,  439,  810,  232,  317,  323,  432,  735,  664,  286,  438,  227,  225,  169,  137,  333,  461,  643,  446,  365,  609,  752,  469,  566,  153,  383,  415,  505,  601,  484,  254,  500,  133,  519,  481,  528,  321,  409,  300,  598,  429,  730,  671,   12,  619,  422,  404,  418,  545,  458,  678,  293,  349,  324,  574,  454,  551,  192,  156,  697,   74,  658,  322,  379,  434,  294,  341,  589,  567,  224,  278,  360,  202,  294,  570,  441,  662,  127,  521,  422,  303,  205,  243,  720,  514,  632,  732,  434,  400,  354,  276,  503],
        [    0,    0,    0,    0,    0,    0,    0,    0,    0,    0,    0,    0,    0,    0,    0,    0,    0,    0,    0,    0,    0,    0,    0,    0,    0,    0,    0,    0,    0,    0,    0,    0,    0,    0,    0,    0,    0,    0,    0,    0,    0,    0,    0,    0,    0,    0,    0,    0,    0,    0,    0,    0,    0,    0,    0,    0,    0,    0,    0,    0,    0,    0,    0,    0,    0,    0,    0,    0,    0,    0,    0,    0,    0,    0,    0,    0,    0,    0,    0,    0,    0,    0,    0,    0,    0,    0,    0,    0,    0,    0,    0,    0,    0,    0,    0,    0,    0,    0,    0,    0,    0,    0,    0,    0,    0,    0,    0,    0,    0,    0,    0,    0,    0,    0,    0,    0,    0,    0,    0,    0,    0,    0,    0,    0,    0,    0,    0,    0,    0,    0,    0,    0,    0,    0],
        [  631,    0,    0,   47,  757,  980,  593,  823,  647,  383,  160,  973,  337,  940,  842,  289,  938,  728,  620,  625,  901,  734,  635,  786,  203,  837,  518,  505,  609,  608,  821,  726,  506,  634,  796,  780,  159,  829,  464,  559,  944,  887,  957,  795,  690,  402,  798,  357,  444,  576,  419,  831,  393,  597,  626,  648,  648,  327,  251,  211,  277,  982,  232,  573,  810,  209,  504,  740,  816,  826,  799,  408,  726,  958,  756,  123,  459,  284,  625,  913,  359,  666,  361,  580,   46,  643, 1154,  692,  401,  314, 1004,  610,  410,  630,  903,  416,   65,  702,   84,  526,  526,  531,  597,  406,  606,  255,  907,  870,  968,  274, 1101,  426,  646,  778,  802,  919,   63,  220,  396,  574,  732,  356,  633,  639,  770,  535,  224,  558,  674,  212,  705,  663,  611,  577],
        [  631,    0,   47,    0,  745,  968,  613,  809,  615,  348,  173,  994,  358,  956,  841,  335,  932,  744,  611,  583,  912,  693,  654,  767,  198,  826,  515,  530,  571,  575,  796,  697,  466,  593,  780,  783,  118,  815,  422,  539,  937,  860,  973,  821,  644,  400,  815,  375,  412,  530,  373,  818,  426,  614,  610,  660,  638,  315,  223,  164,  250,  975,  277,  527,  782,  168,  498,  716,  792,  797,  764,  372,  741,  935,  759,  145,  424,  246,  602,  931,  348,  627,  392,  535,   82,  643, 1135,  720,  372,  342,  981,  578,  364,  651,  890,  395,   94,  672,  105,  539,  535,  485,  602,  360,  582,  253,  886,  880,  970,  231, 1083,  435,  625,  756,  795,  922,   83,  203,  350,  565,  699,  386,  654,  654,  783,  489,  189,  515,  630,  229,  731,  638,  591,  541],
        [  218,    0,  757,  745,    0,  224,  485,   76,  345,  487,  617,  668,  537,  537,  219,  923,  211,  450,  142,  587,  440,  576,  482,  124,  555,   83,  266,  554,  472,  383,  234,  304,  518,  559,   63,  257,  665,   79,  560,  225,  208,  300,  566,  634,  734,  370,  490,  510,  423,  686,  662,   77,  643,  443,  149,  377,  114,  431,  537,  709,  514,  251,  786,  707,  284,  636,  262,  214,  216,  321,  445,  485,  445,  283,  243,  661,  459,  575,  221,  554,  398,  495,  628,  678,  801,  216,  416,  633,  422,  608,  328,  365,  680,  507,  149,  363,  709,  315,  686,  407,  368,  659,  292,  659,  235,  508,  216,  410,  347,  635,  363,  411,  169,  166,   96,  319,  701,  542,  668,  189,  379,  620,  517,  416,  411,  683,  587,  575,  646,  589,  609,  228,  195,  429],
        [  394,    0,  980,  968,  224,    0,  633,  170,  514,  702,  837,  697,  741,  553,  249, 1134,  107,  551,  361,  757,  457,  717,  617,  251,  777,  143,  476,  723,  646,  561,  321,  444,  713,  726,  201,  336,  889,  161,  761,  444,   85,  343,  581,  724,  897,  587,  565,  712,  634,  868,  867,  156,  831,  593,  368,  513,  333,  654,  760,  930,  737,  102,  996,  891,  380,  859,  480,  356,  306,  409,  556,  696,  547,  251,  340,  881,  665,  795,  418,  586,  621,  653,  823,  859, 1024,  386,  242,  755,  641,  810,  270,  544,  886,  643,   93,  585,  931,  465,  908,  582,  549,  848,  462,  866,  436,  729,  213,  441,  289,  854,  197,  613,  372,  291,  193,  295,  923,  766,  876,  408,  514,  816,  652,  552,  493,  873,  810,  759,  807,  806,  725,  408,  404,  612],
        [  268,    0,  593,  613,  485,  633,    0,  555,  683,  607,  441,  383,  256,  354,  397,  598,  542,  146,  383,  853,  337,  904,   43,  595,  445,  526,  290,  112,  759,  688,  696,  701,  729,  838,  547,  307,  612,  555,  735,  479,  560,  770,  367,  226,  988,  310,  209,  239,  594,  894,  785,  548,  252,   42,  473,  121,  399,  414,  530,  690,  528,  577,  473,  907,  729,  620,  328,  641,  680,  764,  843,  627,  145,  767,  297,  471,  644,  616,  559,  323,  393,  809,  266,  891,  620,  269,  870,  166,  548,  291,  811,  675,  793,   42,  605,  472,  528,  696,  511,  111,  148,  850,  196,  775,  554,  395,  700,  313,  468,  669,  820,  213,  527,  625,  450,  422,  533,  479,  775,  359,  761,  264,   49,   84,  204,  869,  574,  805,  921,  384,  154,  599,  515,  704],
        [  291,    0,  823,  809,   76,  170,  555,    0,  355,  533,  687,  714,  612,  577,  249,  997,  191,  511,  216,  600,  478,  574,  550,   96,  622,   58,  340,  628,  487,  399,  198,  297,  547,  570,   32,  306,  724,   10,  593,  277,  180,  252,  606,  695,  744,  443,  545,  585,  465,  707,  699,   20,  718,  514,  201,  445,  188,  496,  596,  763,  572,  223,  860,  729,  255,  692,  334,  205,  180,  290,  427,  527,  506,  215,  297,  731,  497,  627,  250,  599,  465,  500,  704,  698,  868,  287,  342,  700,  472,  683,  257,  382,  718,  576,   82,  420,  777,  314,  755,  481,  443,  684,  364,  698,  268,  577,  149,  451,  358,  686,  288,  486,  203,  143,  127,  339,  768,  606,  707,  262,  371,  696,  585,  484,  466,  709,  645,  597,  655,  661,  674,  243,  235,  449],
        [  456,    0,  647,  615,  345,  514,  683,  355,    0,  271,  564,  969,  594,  853,  558,  895,  543,  713,  330,  246,  761,  238,  700,  264,  484,  406,  394,  702,  133,   52,  220,   90,  213,  216,  326,  572,  504,  364,  268,  205,  534,  263,  881,  887,  391,  412,  772,  576,  204,  355,  378,  374,  727,  649,  235,  616,  331,  375,  397,  510,  371,  577,  775,  378,  183,  458,  356,  159,  226,  187,  171,  250,  708,  363,  551,  600,  201,  378,  138,  859,  364,  151,  698,  346,  692,  462,  584,  848,  248,  655,  401,   40,  399,  719,  421,  265,  625,   63,  605,  576,  536,  338,  506,  381,  134,  467,  339,  728,  690,  421,  540,  508,  187,  224,  439,  660,  610,  443,  393,  334,   90,  688,  729,  645,  697,  363,  426,  247,  302,  569,  834,  117,  180,  104],
        [  473,    0,  383,  348,  487,  702,  607,  533,  271,    0,  330,  961,  426,  875,  652,  649,  696,  689,  388,  277,  801,  369,  637,  467,  254,  567,  361,  581,  230,  228,  469,  356,  144,  275,  502,  627,  234,  541,  131,  263,  694,  526,  900,  831,  391,  298,  759,  419,   73,  290,  191,  547,  556,  585,  339,  587,  408,  199,  143,  243,  122,  737,  543,  301,  446,  188,  323,  392,  469,  456,  417,   29,  684,  613,  602,  358,   78,  108,  291,  867,  214,  289,  522,  288,  427,  484,  827,  762,   70,  469,  657,  232,  205,  648,  613,  150,  370,  330,  354,  498,  470,  244,  487,  185,  271,  262,  574,  766,  792,  158,  778,  396,  331,  444,  564,  750,  354,  204,  190,  358,  352,  512,  655,  602,  698,  263,  160,  215,  340,  354,  758,  317,  298,  195],
        [  476,    0,  160,  173,  617,  837,  441,  687,  564,  330,    0,  823,  186,  784,  686,  333,  789,  572,  477,  603,  742,  698,  482,  661,   81,  695,  367,  362,  558,  535,  710,  633,  472,  604,  661,  622,  194,  692,  445,  437,  796,  781,  801,  651,  698,  251,  642,  203,  373,  585,  438,  693,  273,  441,  497,  489,  505,  201,  190,  274,  209,  832,  214,  589,  708,  223,  358,  631,  703,  730,  729,  358,  569,  840,  598,   45,  404,  265,  514,  758,  227,  617,  237,  587,  196,  487, 1024,  554,  320,  183,  888,  532,  436,  479,  765,  307,   99,  612,   77,  368,  367,  537,  439,  425,  496,  111,  784,  711,  810,  290,  971,  267,  525,  660,  654,  761,   98,  127,  419,  430,  653,  230,  483,  482,  612,  548,  200,  538,  662,   57,  563,  556,  492,  515],
        [  515,    0,  973,  994,  668,  697,  383,  714,  969,  961,  823,    0,  637,  145,  468,  933,  592,  272,  640, 1178,  242, 1205,  343,  792,  826,  662,  606,  471, 1071,  989,  902,  957, 1066, 1157,  722,  412,  994,  708, 1083,  773,  614,  964,  119,  193, 1321,  669,  203,  621,  933, 1240, 1147,  697,  601,  389,  735,  375,  640,  780,  904, 1070,  898,  603,  826, 1255,  952,  999,  646,  875,  884,  989, 1104,  977,  277,  916,  428,  852,  984,  986,  832,  116,  754, 1113,  626, 1235,  997,  508,  929,  305,  895,  663,  949,  973, 1158,  344,  721,  815,  908,  961,  892,  474,  495, 1199,  479, 1139,  836,  775,  855,  264,  417, 1043,  890,  585,  786,  834,  587,  403,  914,  858, 1141,  641, 1028,  627,  341,  361,  273, 1220,  951, 1140, 1245,  766,  281,  862,  789, 1018],
        [  351,    0,  337,  358,  537,  741,  256,  612,  594,  426,  186,  637,    0,  604,  552,  396,  674,  393,  398,  699,  571,  776,  298,  612,  207,  606,  273,  178,  628,  580,  687,  643,  566,  692,  592,  476,  369,  616,  556,  417,  686,  762,  620,  466,  816,  189,  461,   29,  441,  711,  579,  613,  135,  261,  453,  319,  425,  234,  313,  449,  320,  716,  258,  718,  700,  386,  286,  613,  675,  729,  764,  452,  390,  797,  455,  216,  485,  401,  504,  577,  234,  685,  105,  710,  366,  361,  953,  371,  387,   71,  845,  572,  582,  294,  683,  334,  273,  628,  256,  198,  210,  663,  295,  567,  491,  170,  734,  542,  662,  444,  899,  129,  495,  624,  549,  613,  278,  252,  564,  354,  682,   95,  297,  306,  438,  679,  347,  641,  765,  129,  379,  548,  469,  577],
        [  410,    0,  940,  956,  537,  553,  354,  577,  853,  875,  784,  145,  604,    0,  329,  944,  448,  213,  527, 1073,  100, 1090,  312,  659,  774,  524,  514,  459,  963,  877,  769,  833,  969, 1050,  588,  284,  938,  571,  992,  665,  470,  828,   30,  248, 1219,  596,  146,  583,  839, 1144, 1065,  560,  600,  344,  619,  301,  522,  708,  836, 1011,  827,  459,  824, 1161,  821,  937,  553,  748,  751,  858,  979,  888,  215,  776,  303,  818,  889,  914,  716,   48,  679, 1000,  617, 1138,  970,  400,  785,  342,  807,  644,  808,  861, 1077,  324,  580,  726,  876,  839,  857,  418,  428, 1105,  389, 1058,  721,  719,  716,  128,  273,  973,  746,  526,  667,  703,  452,  259,  879,  798, 1061,  536,  906,  616,  325,  302,  179, 1128,  887, 1041, 1139,  729,  310,  742,  674,  910],
        [  211,    0,  842,  841,  219,  249,  397,  249,  558,  652,  686,  468,  552,  329,    0,  946,  149,  303,  265,  795,  230,  792,  376,  336,  644,  195,  327,  496,  681,  592,  444,  522,  712,  769,  263,   90,  786,  243,  747,  401,  168,  500,  358,  476,  943,  441,  318,  524,  598,  885,  838,  231,  619,  359,  335,  277,  247,  537,  662,  844,  645,  181,  809,  904,  498,  768,  351,  432,  426,  535,  664,  656,  299,  449,  102,  729,  642,  721,  426,  353,  503,  708,  618,  878,  882,  199,  491,  508,  583,  616,  483,  574,  854,  401,  255,  508,  784,  533,  762,  368,  344,  853,  257,  834,  436,  589,  388,  205,  141,  783,  445,  429,  373,  381,  127,  103,  780,  648,  840,  297,  597,  612,  410,  314,  245,  877,  716,  776,  857,  643,  477,  442,  390,  633],
        [  746,    0,  289,  335,  923, 1134,  598,  997,  895,  649,  333,  933,  396,  944,  946,    0, 1070,  743,  782,  907,  934, 1012,  638,  983,  412,  996,  660,  488,  879,  864, 1039,  966,  783,  914,  974,  867,  444, 1001,  746,  765, 1081, 1112,  952,  741,  978,  555,  800,  424,  700,  864,  707, 1000,  347,  621,  818,  695,  809,  531,  507,  498,  531, 1111,  139,  861, 1040,  493,  663,  960, 1031, 1062, 1058,  676,  743, 1165,  847,  296,  725,  562,  844,  907,  554,  938,  336,  868,  259,  756, 1338,  629,  649,  330, 1213,  863,  698,  622, 1071,  639,  280,  945,  296,  582,  602,  818,  689,  694,  827,  438, 1106,  910, 1049,  560, 1284,  523,  851,  986,  943, 1000,  298,  454,  684,  735,  984,  340,  620,  671,  801,  823,  496,  840,  959,  341,  653,  887,  820,  841],
        [  324,    0,  938,  932,  211,  107,  542,  191,  543,  696,  789,  592,  674,  448,  149, 1070,    0,  451,  323,  789,  351,  764,  523,  286,  736,  138,  422,  638,  675,  586,  379,  487,  727,  759,  218,  238,  862,  181,  770,  434,   23,  417,  476,  620,  934,  538,  461,  646,  633,  892,  872,  171,  754,  503,  358,  422,  298,  618,  734,  911,  713,   44,  932,  914,  438,  837,  434,  395,  362,  471,  614,  694,  447,  341,  246,  833,  670,  779,  429,  480,  584,  690,  749,  884,  981,  314,  346,  656,  630,  741,  366,  568,  890,  549,  149,  565,  885,  504,  862,  502,  474,  867,  385,  870,  444,  684,  291,  335,  189,  841,  302,  547,  378,  332,  138,  190,  879,  731,  878,  367,  561,  742,  558,  460,  391,  892,  786,  782,  844,  752,  625,  429,  405,  634],
        [  259,    0,  728,  744,  450,  551,  146,  511,  713,  689,  572,  272,  393,  213,  303,  743,  451,    0,  387,  911,  193,  945,  106,  571,  565,  469,  336,  256,  808,  728,  679,  713,  797,  892,  510,  217,  731,  508,  812,  512,  471,  749,  229,  185, 1053,  398,   73,  371,  662,  969,  876,  499,  397,  132,  484,  103,  393,  510,  635,  805,  628,  479,  619,  984,  722,  733,  377,  638,  662,  759,  859,  705,    6,  725,  218,  606,  713,  716,  579,  188,  483,  852,  411,  964,  758,  254,  793,  206,  624,  433,  765,  713,  886,  124,  543,  544,  664,  712,  646,  208,  225,  927,  211,  867,  579,  511,  659,  172,  342,  774,  746,  319,  537,  608,  390,  300,  667,  593,  869,  380,  780,  409,  129,   92,   67,  949,  684,  871,  979,  517,  175,  613,  535,  753],
        [  129,    0,  620,  611,  142,  361,  383,  216,  330,  388,  477,  640,  398,  527,  265,  782,  323,  387,    0,  548,  439,  566,  390,  222,  417,  219,  126,  434,  437,  351,  314,  327,  453,  525,  194,  252,  539,  220,  485,  141,  327,  390,  554,  566,  695,  229,  443,  371,  334,  628,  574,  219,  509,  344,   97,  295,   29,  296,  412,  590,  391,  367,  645,  646,  346,  515,  120,  259,  299,  382,  473,  392,  382,  404,  229,  521,  380,  462,  193,  531,  263,  475,  493,  621,  664,  134,  557,  543,  319,  469,  451,  335,  590,  413,  291,  247,  570,  326,  547,  289,  248,  594,  190,  570,  196,  369,  339,  405,  405,  524,  503,  274,  150,  244,  186,  364,  563,  409,  576,   48,  393,  484,  422,  329,  368,  617,  464,  521,  613,  448,  523,  226,  150,  385],
        [  665,    0,  625,  583,  587,  757,  853,  600,  246,  277,  603, 1178,  699, 1073,  795,  907,  789,  911,  548,    0,  987,  118,  878,  508,  529,  651,  577,  844,  115,  205,  449,  316,  134,   33,  572,  799,  466,  610,  162,  409,  779,  468, 1100, 1072,  148,  549,  977,  690,  263,  125,  231,  619,  831,  825,  462,  810,  557,  467,  414,  433,  396,  823,  812,  148,  398,  417,  536,  401,  459,  384,  263,  250,  906,  580,  776,  626,  215,  347,  370, 1074,  474,  111,  797,  115,  664,  674,  801, 1015,  315,  745,  610,  223,  249,  893,  665,  383,  628,  293,  615,  743,  708,  133,  702,  241,  359,  538,  570,  952,  931,  353,  762,  652,  423,  467,  681,  898,  610,  478,  255,  539,  256,  787,  902,  833,  906,  151,  413,   68,   68,  630, 1007,  361,  406,  164],
        [  329,    0,  901,  912,  440,  457,  337,  478,  761,  801,  742,  242,  571,  100,  230,  934,  351,  193,  439,  987,    0,  998,  298,  561,  723,  424,  442,  448,  875,  788,  671,  738,  887,  963,  489,  190,  884,  472,  913,  579,  373,  729,  129,  299, 1133,  534,  152,  547,  760, 1062,  992,  461,  588,  316,  528,  254,  432,  645,  775,  953,  763,  365,  808, 1080,  723,  878,  479,  652,  652,  760,  883,  812,  193,  676,  211,  780,  809,  848,  625,  130,  614,  910,  600, 1056,  934,  319,  691,  372,  732,  619,  709,  771, 1005,  316,  481,  652,  838,  745,  818,  376,  377, 1026,  322,  985,  632,  667,  617,   35,  187,  909,  652,  477,  575,  605,  353,  164,  839,  742,  989,  453,  812,  598,  321,  268,  135, 1049,  826,  957, 1052,  690,  338,  649,  584,  823],
        [  690,    0,  734,  693,  576,  717,  904,  574,  238,  369,  698, 1205,  776, 1090,  792, 1012,  764,  945,  566,  118,  998,    0,  924,  478,  621,  629,  618,  908,  149,  218,  398,  278,  230,  101,  548,  809,  576,  583,  271,  434,  752,  399, 1118, 1115,  196,  611, 1006,  763,  336,  230,  349,  594,  910,  872,  472,  846,  568,  543,  510,  548,  490,  793,  911,  251,  341,  526,  577,  370,  412,  318,  177,  340,  940,  513,  788,  725,  297,  452,  374, 1096,  544,   95,  877,  220,  775,  697,  728, 1068,  391,  827,  536,  233,  367,  942,  629,  446,  732,  262,  718,  794,  756,  249,  736,  359,  370,  623,  516,  966,  922,  465,  694,  713,  424,  433,  671,  893,  715,  572,  372,  566,  204,  867,  951,  873,  932,  263,  517,  182,  115,  720, 1056,  352,  417,  202],
        [  269,    0,  635,  654,  482,  617,   43,  550,  700,  637,  482,  343,  298,  312,  376,  638,  523,  106,  390,  878,  298,  924,    0,  597,  484,  517,  307,  151,  781,  708,  699,  713,  756,  862,  544,  286,  651,  549,  765,  496,  541,  773,  325,  195, 1015,  340,  167,  280,  621,  924,  818,  541,  292,   54,  483,  106,  403,  447,  566,  728,  562,  556,  514,  937,  736,  658,  348,  648,  683,  771,  857,  656,  106,  764,  278,  513,  671,  651,  572,  280,  425,  830,  307,  920,  662,  269,  857,  154,  576,  333,  807,  694,  826,   26,  595,  499,  570,  709,  553,  139,  171,  880,  201,  809,  569,  433,  697,  276,  437,  705,  807,  247,  537,  628,  440,  392,  575,  517,  809,  371,  775,  305,   36,   67,  167,  900,  611,  832,  946,  425,  134,  611,  528,  726],
        [  329,    0,  786,  767,  124,  251,  595,   96,  264,  467,  661,  792,  612,  659,  336,  983,  286,  571,  222,  508,  561,  478,  597,    0,  590,  153,  345,  654,  396,  311,  111,  201,  464,  478,   74,  380,  674,  106,  513,  228,  274,  178,  688,  756,  651,  430,  614,  587,  396,  618,  621,  116,  729,  555,  165,  494,  200,  463,  547,  704,  522,  317,  848,  640,  163,  638,  327,  109,   93,  200,  332,  457,  566,  185,  367,  704,  422,  567,  176,  677,  435,  406,  710,  609,  832,  329,  369,  750,  412,  682,  233,  294,  641,  621,  158,  372,  746,  219,  723,  508,  468,  598,  400,  621,  196,  551,  124,  532,  452,  623,  317,  492,  142,   47,  210,  430,  735,  567,  631,  261,  275,  701,  631,  532,  534,  623,  593,  508,  561,  642,  726,  159,  177,  362],
        [  434,    0,  203,  198,  555,  777,  445,  622,  484,  254,   81,  826,  207,  774,  644,  412,  736,  565,  417,  529,  723,  621,  484,  590,    0,  635,  318,  383,  479,  454,  634,  554,  396,  528,  595,  587,  168,  628,  373,  364,  742,  705,  793,  665,  630,  203,  637,  213,  293,  520,  378,  629,  321,  438,  428,  474,  445,  128,  117,  245,  133,  779,  294,  525,  630,  180,  302,  554,  628,  651,  648,  282,  562,  766,  562,  118,  326,  201,  438,  753,  158,  538,  284,  520,  247,  446,  956,  576,  240,  229,  814,  452,  380,  486,  702,  229,  156,  533,  134,  357,  347,  472,  408,  367,  420,   57,  712,  690,  773,  239,  903,  248,  452,  586,  599,  725,  147,   52,  362,  371,  573,  275,  491,  473,  597,  485,  142,  464,  589,  103,  581,  479,  418,  436],
        [  269,    0,  837,  826,   83,  143,  526,   58,  406,  567,  695,  662,  606,  524,  195,  996,  138,  469,  219,  651,  424,  629,  517,  153,  635,    0,  337,  605,  537,  449,  255,  352,  591,  622,   81,  259,  747,   50,  636,  306,  131,  306,  553,  652,  796,  446,  499,  578,  502,  755,  739,   38,  704,  484,  229,  411,  191,  512,  619,  791,  596,  174,  858,  776,  312,  718,  338,  260,  237,  347,  484,  564,  464,  258,  253,  740,  536,  656,  292,  547,  479,  553,  693,  746,  881,  263,  351,  664,  503,  676,  297,  431,  757,  543,   81,  445,  788,  368,  766,  460,  424,  730,  341,  737,  309,  587,  195,  399,  300,  716,  299,  478,  243,  199,   80,  282,  780,  623,  746,  266,  427,  685,  552,  450,  421,  755,  669,  644,  707,  665,  637,  292,  272,  497],
        [  121,    0,  518,  515,  266,  476,  290,  340,  394,  361,  367,  606,  273,  514,  327,  660,  422,  336,  126,  577,  442,  618,  307,  345,  318,  337,    0,  320,  476,  401,  429,  416,  462,  558,  320,  279,  460,  344,  479,  190,  430,  506,  539,  498,  718,  117,  403,  245,  328,  635,  551,  342,  385,  256,  195,  234,  153,  213,  341,  522,  326,  466,  522,  650,  453,  446,   42,  364,  416,  486,  555,  374,  331,  528,  253,  411,  379,  409,  272,  507,  179,  523,  367,  630,  560,  133,  681,  455,  293,  343,  576,  387,  564,  326,  413,  212,  463,  408,  441,  183,  143,  594,  128,  544,  266,  264,  464,  407,  461,  470,  628,  149,  246,  362,  289,  414,  458,  321,  548,   84,  472,  358,  335,  257,  339,  616,  394,  536,  645,  331,  440,  313,  229,  421],
        [  338,    0,  505,  530,  554,  723,  112,  628,  702,  581,  362,  471,  178,  459,  496,  488,  638,  256,  434,  844,  448,  908,  151,  654,  383,  605,  320,    0,  760,  698,  747,  733,  714,  833,  615,  409,  546,  628,  712,  504,  654,  823,  470,  291,  971,  297,  315,  171,  581,  870,  747,  623,  141,  142,  514,  223,  455,  383,  483,  626,  486,  675,  365,  880,  773,  562,  352,  683,  732,  806,  868,  604,  256,  833,  395,  386,  630,  571,  589,  425,  371,  814,  159,  868,  527,  343,  955,  194,  531,  193,  879,  687,  752,  136,  685,  463,  441,  723,  426,  148,  187,  824,  265,  736,  581,  341,  767,  425,  577,  618,  903,  196,  565,  678,  534,  530,  448,  425,  734,  400,  785,  159,  136,  191,  316,  841,  521,  790,  911,  305,  202,  632,  548,  706],
        [  557,    0,  609,  571,  472,  646,  759,  487,  133,  230,  558, 1071,  628,  963,  681,  879,  675,  808,  437,  115,  875,  149,  781,  396,  479,  537,  476,  760,    0,   90,  345,  211,  112,   89,  458,  687,  454,  496,  167,  299,  666,  374,  990,  973,  263,  463,  871,  615,  190,  224,  271,  506,  762,  729,  349,  707,  444,  396,  373,  440,  350,  709,  771,  247,  298,  405,  435,  290,  354,  291,  202,  203,  803,  482,  664,  587,  154,  326,  256,  966,  395,   60,  730,  215,  651,  565,  705,  923,  245,  680,  516,  108,  292,  798,  554,  298,  600,  186,  584,  649,  612,  212,  598,  278,  246,  478,  466,  841,  816,  352,  663,  565,  308,  356,  566,  783,  583,  431,  291,  431,  163,  720,  806,  733,  799,  235,  386,  118,  177,  575,  912,  246,  293,   56],
        [  474,    0,  608,  575,  383,  561,  688,  399,   52,  228,  535,  989,  580,  877,  592,  864,  586,  728,  351,  205,  788,  218,  708,  311,  454,  449,  401,  698,   90,    0,  272,  141,  161,  178,  370,  599,  462,  409,  216,  217,  578,  314,  905,  898,  352,  403,  790,  563,  166,  308,  327,  418,  714,  656,  261,  629,  357,  354,  361,  463,  335,  621,  748,  330,  234,  415,  361,  209,  278,  236,  195,  205,  723,  414,  577,  569,  155,  334,  166,  881,  347,  125,  684,  299,  653,  482,  636,  853,  215,  637,  453,   18,  347,  725,  468,  247,  590,  114,  571,  579,  541,  289,  519,  330,  157,  443,  390,  755,  727,  374,  591,  503,  219,  273,  476,  694,  574,  411,  342,  349,  124,  674,  735,  656,  716,  313,  386,  198,  266,  544,  840,  157,  205,   53],
        [  431,    0,  821,  796,  234,  321,  696,  198,  220,  469,  710,  902,  687,  769,  444, 1039,  379,  679,  314,  449,  671,  398,  699,  111,  634,  255,  429,  747,  345,  272,    0,  135,  432,  417,  182,  490,  694,  206,  487,  276,  364,   77,  798,  863,  583,  499,  723,  662,  398,  568,  597,  217,  810,  656,  236,  599,  298,  510,  573,  712,  547,  403,  909,  591,   60,  652,  405,   81,   19,   93,  236,  454,  674,  145,  477,  752,  410,  576,  197,  787,  486,  340,  788,  558,  867,  432,  365,  853,  427,  755,  188,  258,  618,  723,  235,  407,  787,  160,  766,  603,  562,  555,  501,  600,  216,  602,  122,  642,  554,  626,  320,  574,  192,   72,  319,  536,  775,  604,  611,  347,  197,  779,  733,  635,  644,  579,  613,  463,  493,  700,  831,  158,  221,  324],
        [  454,    0,  726,  697,  304,  444,  701,  297,   90,  356,  633,  957,  643,  833,  522,  966,  487,  713,  327,  316,  738,  278,  713,  201,  554,  352,  416,  733,  211,  141,  135,    0,  301,  285,  271,  550,  588,  306,  357,  231,  475,  173,  862,  892,  454,  456,  766,  622,  287,  434,  467,  317,  774,  664,  231,  621,  320,  438,  476,  598,  450,  517,  841,  457,   93,  543,  382,   93,  144,  100,  147,  337,  707,  274,  532,  672,  290,  464,  145,  845,  421,  209,  747,  424,  772,  459,  497,  865,  326,  707,  312,  130,  488,  734,  354,  328,  701,   28,  680,  598,  557,  421,  514,  471,  154,  531,  256,  707,  647,  509,  453,  545,  177,  156,  398,  622,  686,  517,  483,  343,   76,  738,  744,  654,  688,  445,  509,  328,  364,  632,  847,  103,  187,  192],
        [  560,    0,  506,  466,  518,  713,  729,  547,  213,  144,  472, 1066,  566,  969,  712,  783,  727,  797,  453,  134,  887,  230,  756,  464,  396,  591,  462,  714,  112,  161,  432,  301,    0,  133,  516,  703,  349,  556,   57,  313,  721,  472,  995,  951,  259,  422,  864,  558,  136,  176,  167,  564,  698,  703,  379,  694,  466,  335,  283,  330,  264,  765,  682,  194,  393,  299,  421,  367,  438,  392,  313,  116,  792,  575,  679,  496,   86,  223,  299,  966,  344,  163,  664,  170,  548,  570,  797,  889,  184,  611,  612,  175,  188,  770,  620,  258,  503,  274,  488,  619,  586,  142,  588,  171,  284,  405,  550,  853,  851,  243,  752,  524,  350,  429,  607,  814,  486,  346,  183,  435,  268,  654,  778,  715,  797,  166,  287,   77,  199,  497,  882,  306,  326,  109],
        [  643,    0,  634,  593,  559,  726,  838,  570,  216,  275,  604, 1157,  692, 1050,  769,  914,  759,  892,  525,   33,  963,  101,  862,  478,  528,  622,  558,  833,   89,  178,  417,  285,  133,    0,  542,  774,  476,  580,  171,  386,  750,  436, 1078, 1055,  175,  537,  956,  682,  253,  156,  251,  590,  825,  809,  437,  791,  532,  459,  415,  447,  396,  793,  814,  180,  366,  426,  517,  370,  428,  352,  233,  247,  887,  548,  752,  628,  208,  353,  343, 1052,  464,   79,  791,  146,  674,  652,  769, 1001,  306,  740,  578,  195,  270,  877,  635,  370,  634,  262,  620,  728,  692,  161,  682,  261,  334,  534,  538,  929,  904,  364,  730,  639,  396,  436,  653,  871,  616,  478,  274,  517,  224,  782,  886,  815,  885,  179,  418,   82,   89,  628,  991,  332,  381,  141],
        [  281,    0,  796,  780,   63,  201,  547,   32,  326,  502,  661,  722,  592,  588,  263,  974,  218,  510,  194,  572,  489,  548,  544,   74,  595,   81,  320,  615,  458,  370,  182,  271,  516,  542,    0,  312,  695,   41,  562,  247,  208,  242,  617,  695,  716,  419,  549,  565,  434,  677,  668,   49,  701,  506,  172,  440,  168,  469,  566,  733,  543,  252,  837,  699,  236,  662,  311,  179,  164,  273,  406,  496,  505,  220,  300,  705,  466,  596,  219,  607,  438,  473,  685,  668,  841,  278,  365,  696,  442,  662,  265,  352,  687,  569,  112,  390,  751,  287,  728,  468,  429,  654,  354,  667,  237,  551,  153,  461,  378,  655,  311,  467,  172,  121,  137,  357,  741,  578,  676,  240,  346,  677,  579,  478,  469,  679,  615,  567,  627,  637,  671,  213,  204,  419],
        [  158,    0,  780,  783,  257,  336,  307,  306,  572,  627,  622,  412,  476,  284,   90,  867,  238,  217,  252,  799,  190,  809,  286,  380,  587,  259,  279,  409,  687,  599,  490,  550,  703,  774,  312,    0,  737,  301,  733,  393,  257,  554,  313,  395,  946,  387,  241,  448,  581,  879,  817,  291,  535,  270,  339,  188,  243,  491,  619,  800,  604,  271,  731,  897,  540,  724,  310,  465,  472,  577,  695,  635,  212,  516,   26,  664,  628,  685,  435,  298,  457,  721,  535,  872,  818,  146,  577,  420,  557,  537,  554,  582,  831,  312,  329,  479,  720,  556,  698,  285,  267,  843,  184,  811,  442,  531,  452,  158,  189,  747,  530,  359,  385,  422,  180,  140,  718,  597,  816,  271,  623,  530,  320,  224,  164,  867,  672,  772,  863,  576,  390,  459,  395,  635],
        [  581,    0,  159,  118,  665,  889,  612,  724,  504,  234,  194,  994,  369,  938,  786,  444,  862,  731,  539,  466,  884,  576,  651,  674,  168,  747,  460,  546,  454,  462,  694,  588,  349,  476,  695,  737,    0,  732,  306,  449,  865,  755,  958,  832,  535,  352,  803,  378,  302,  421,  265,  735,  467,  605,  523,  638,  565,  249,  129,   80,  153,  905,  366,  419,  675,   50,  436,  614,  691,  688,  648,  258,  728,  835,  712,  192,  309,  129,  503,  919,  283,  510,  431,  425,  199,  593, 1041,  740,  267,  376,  880,  466,  258,  653,  806,  305,  172,  563,  166,  523,  511,  375,  564,  252,  483,  220,  790,  850,  921,  117,  990,  413,  532,  659,  725,  874,  154,  142,  243,  497,  585,  423,  658,  639,  761,  380,   82,  399,  516,  247,  746,  537,  498,  426],
        [  291,    0,  829,  815,   79,  161,  555,   10,  364,  541,  692,  708,  616,  571,  243, 1001,  181,  508,  220,  610,  472,  583,  549,  106,  628,   50,  344,  628,  496,  409,  206,  306,  556,  580,   41,  301,  732,    0,  602,  284,  170,  258,  600,  691,  754,  447,  541,  588,  474,  716,  708,   12,  720,  513,  209,  443,  192,  503,  603,  771,  580,  213,  864,  738,  263,  700,  339,  214,  188,  298,  436,  536,  503,  218,  293,  737,  506,  635,  259,  593,  471,  510,  706,  708,  874,  287,  338,  698,  480,  686,  259,  391,  727,  574,   75,  427,  783,  323,  760,  481,  444,  694,  365,  707,  277,  583,  152,  445,  349,  694,  284,  489,  212,  152,  122,  331,  774,  613,  716,  266,  380,  698,  584,  482,  462,  718,  652,  606,  664,  666,  672,  253,  244,  458],
        [  584,    0,  464,  422,  560,  761,  735,  593,  268,  131,  445, 1083,  556,  992,  747,  746,  770,  812,  485,  162,  913,  271,  765,  513,  373,  636,  479,  712,  167,  216,  487,  357,   57,  171,  562,  733,  306,  602,    0,  347,  765,  528, 1017,  959,  261,  426,  881,  550,  153,  160,  111,  610,  684,  712,  417,  710,  500,  329,  257,  279,  242,  809,  652,  172,  449,  256,  439,  419,  492,  448,  368,  109,  807,  630,  708,  466,  105,  185,  344,  986,  344,  215,  649,  157,  504,  595,  851,  892,  189,  596,  668,  229,  132,  777,  669,  269,  467,  330,  454,  627,  596,  116,  606,  114,  327,  389,  603,  878,  887,  194,  806,  526,  394,  481,  646,  848,  449,  322,  127,  462,  325,  640,  784,  727,  817,  137,  252,   95,  218,  475,  887,  355,  366,  165],
        [  258,    0,  559,  539,  225,  444,  479,  277,  205,  263,  437,  773,  417,  665,  401,  765,  434,  512,  141,  409,  579,  434,  496,  228,  364,  306,  190,  504,  299,  217,  276,  231,  313,  386,  247,  393,  449,  284,  347,    0,  432,  350,  692,  683,  555,  229,  573,  395,  201,  487,  442,  289,  546,  445,   77,  413,  154,  238,  322,  487,  297,  475,  633,  506,  284,  416,  153,  199,  267,  312,  366,  262,  506,  403,  369,  480,  243,  351,   88,  667,  212,  341,  521,  480,  604,  267,  596,  644,  198,  484,  451,  201,  459,  515,  358,  145,  519,  220,  497,  372,  333,  454,  303,  439,   78,  328,  349,  545,  541,  411,  544,  315,   88,  223,  303,  502,  508,  340,  446,  133,  283,  511,  524,  441,  501,  478,  369,  380,  474,  424,  629,  132,   56,  246],
        [  335,    0,  944,  937,  208,   85,  560,  180,  534,  694,  796,  614,  686,  470,  168, 1081,   23,  471,  327,  779,  373,  752,  541,  274,  742,  131,  430,  654,  666,  578,  364,  475,  721,  750,  208,  257,  865,  170,  765,  432,    0,  400,  498,  642,  923,  545,  482,  657,  630,  885,  868,  161,  769,  520,  356,  439,  301,  623,  737,  912,  715,   44,  943,  906,  423,  838,  440,  383,  347,  456,  599,  692,  467,  321,  264,  840,  666,  780,  422,  502,  589,  680,  762,  876,  987,  326,  324,  676,  629,  753,  345,  560,  886,  567,  131,  566,  892,  492,  869,  516,  487,  860,  399,  866,  439,  691,  272,  357,  210,  841,  281,  559,  372,  319,  143,  212,  886,  736,  874,  372,  548,  756,  576,  478,  412,  885,  788,  774,  834,  761,  645,  421,  401,  626],
        [  505,    0,  887,  860,  300,  343,  770,  252,  263,  526,  781,  964,  762,  828,  500, 1112,  417,  749,  390,  468,  729,  399,  773,  178,  705,  306,  506,  823,  374,  314,   77,  173,  472,  436,  242,  554,  755,  258,  528,  350,  400,    0,  857,  933,  592,  575,  790,  738,  455,  591,  638,  269,  886,  730,  312,  671,  372,  582,  638,  768,  611,  435,  982,  614,   81,  712,  481,  152,   91,   85,  225,  508,  743,  114,  542,  822,  462,  634,  268,  849,  559,  358,  864,  581,  933,  505,  333,  926,  489,  831,  143,  303,  659,  797,  269,  476,  856,  200,  835,  678,  638,  585,  575,  642,  285,  674,  131,  702,  600,  681,  296,  650,  268,  146,  377,  587,  843,  672,  654,  423,  214,  855,  807,  708,  710,  607,  675,  492,  504,  773,  903,  226,  295,  364],
        [  436,    0,  957,  973,  566,  581,  367,  606,  881,  900,  801,  119,  620,   30,  358,  952,  476,  229,  554, 1100,  129, 1118,  325,  688,  793,  553,  539,  470,  990,  905,  798,  862,  995, 1078,  617,  313,  958,  600, 1017,  692,  498,  857,    0,  242, 1246,  618,  160,  600,  865, 1170, 1089,  589,  609,  360,  647,  322,  551,  730,  858, 1032,  849,  485,  835, 1187,  850,  958,  579,  777,  780,  887, 1008,  913,  232,  805,  332,  834,  915,  937,  744,   46,  702, 1028,  628, 1165,  985,  427,  811,  342,  832,  657,  836,  888, 1101,  335,  608,  751,  892,  868,  874,  436,  449, 1131,  413, 1082,  749,  739,  745,  157,  299,  995,  773,  546,  696,  732,  481,  286,  896,  819, 1085,  562,  935,  628,  335,  320,  202, 1154,  908, 1067, 1166,  746,  311,  770,  702,  938],
        [  439,    0,  795,  821,  634,  724,  226,  695,  887,  831,  651,  193,  466,  248,  476,  741,  620,  185,  566, 1072,  299, 1115,  195,  756,  665,  652,  498,  291,  973,  898,  863,  892,  951, 1055,  695,  395,  832,  691,  959,  683,  642,  933,  242,    0, 1210,  534,  160,  454,  815, 1118, 1011,  682,  414,  248,  662,  272,  575,  639,  755,  910,  753,  644,  637, 1131,  905,  843,  539,  821,  846,  942, 1038,  851,  190,  908,  400,  677,  866,  841,  755,  201,  619, 1021,  441, 1115,  816,  435,  966,  113,  771,  482,  948,  883, 1019,  184,  723,  694,  731,  891,  717,  333,  365, 1074,  381, 1001,  754,  618,  842,  299,  482,  893,  920,  439,  716,  792,  573,  449,  739,  703, 1001,  554,  958,  443,  178,  242,  233, 1094,  798, 1027, 1140,  594,   91,  791,  711,  918],
        [  810,    0,  690,  644,  734,  897,  988,  744,  391,  391,  698, 1321,  816, 1219,  943,  978,  934, 1053,  695,  148, 1133,  196, 1015,  651,  630,  796,  718,  971,  263,  352,  583,  454,  259,  175,  716,  946,  535,  754,  261,  555,  923,  592, 1246, 1210,    0,  680, 1119,  810,  395,  115,  272,  764,  944,  962,  610,  951,  704,  589,  513,  482,  500,  966,  897,  119,  528,  489,  677,  543,  595,  509,  372,  367, 1048,  706,  923,  713,  344,  433,  518, 1219,  600,  245,  909,  111,  723,  819,  923, 1148,  442,  855,  731,  370,  282, 1029,  806,  516,  705,  433,  696,  878,  845,  162,  844,  285,  507,  649,  703, 1099, 1078,  419,  887,  782,  570,  608,  828, 1045,  687,  579,  295,  684,  386,  899, 1037,  973, 1051,  156,  499,  183,   90,  732, 1141,  507,  554,  311],
        [  232,    0,  402,  400,  370,  587,  310,  443,  412,  298,  251,  669,  189,  596,  441,  555,  538,  398,  229,  549,  534,  611,  340,  430,  203,  446,  117,  297,  463,  403,  499,  456,  422,  537,  419,  387,  352,  447,  426,  229,  545,  575,  618,  534,  680,    0,  469,  167,  287,  585,  480,  447,  319,  288,  268,  298,  257,  113,  241,  420,  232,  581,  419,  598,  512,  344,  109,  425,  488,  540,  582,  318,  394,  614,  362,  296,  337,  319,  316,  581,   86,  517,  293,  582,  444,  244,  783,  468,  239,  256,  663,  393,  490,  351,  519,  167,  348,  442,  325,  201,  175,  541,  213,  471,  303,  148,  554,  500,  572,  378,  730,  103,  308,  439,  403,  524,  342,  211,  472,  182,  499,  283,  358,  308,  417,  561,  293,  498,  617,  219,  462,  360,  281,  409],
