{
    "name": "random-23-2591",
    "comment": "size=23 seed=2591",
    "nodes": ["+0", "-0", "+1", "-1", "+2", "-2", "+3", "-3", "+4", "-4", "+5", "-5", "+6", "-6", "+7", "-7", "+8", "-8", "+9", "-9", "+10", "-10", "+11", "-11", "+12", "-12", "+13", "-13", "+14", "-14", "+15", "-15", "+16", "-16", "+17", "-17", "+18", "-18", "+19", "-19", "+20", "-20", "+21", "-21", "+22", "-22", "+23", "-23"],
    "precedence": {
        "+0": "-0",
        "+1": "-1",
        "+2": "-2",
        "+3": "-3",
        "+4": "-4",
        "+5": "-5",
        "+6": "-6",
        "+7": "-7",
        "+8": "-8",
        "+9": "-9",
        "+10": "-10",
        "+11": "-11",
        "+12": "-12",
        "+13": "-13",
        "+14": "-14",
        "+15": "-15",
        "+16": "-16",
        "+17": "-17",
        "+18": "-18",
        "+19": "-19",
        "+20": "-20",
        "+21": "-21",
        "+22": "-22",
        "+23": "-23"
    },
    "edges": [
        [    0,    0,  744,  778,  482,  388,  168,  995,  403,  583,  739,  415,  213,  427,  521,  843,  749,   62,  881,  598,  632,  864,  650,  961,  702,  649,   87, 1023,  953,  686,  814,  780,  513,  328,  865,  175,  554,  687,  162,  525,  761,  789,  948,  723,  726,  760,  644,  753],
        [    0,    0,  744,  778,  482,  388,  168,  995,  403,  583,  739,  415,  213,  427,  521,  843,  749,   62,  881,  598,  632,  864,  650,  961,  702,  649,   87, 1023,  953,  686,  814,  780,  513,  328,  865,  175,  554,  687,  162,  525,  761,  789,  948,  723,  726,  760,  644,  753],
        [  744,  744,    0,  702,  272,  636,  665,  803,  358,  245,  111,  393,  656,  671,  932,  110,  144,  759,  692,  868,  509,  932,  365,  517,  106,  947,  672,  713,  785,  278,   75,  378,  314,  833,  415,  917,  772,  294,  596,  316,   36,  695,  337, 1011,  360,  531,  668,  109],
        [  778,  778,  702,    0,  579,  392,  611,  220,  559,  806,  598,  483,  566,  362,  492,  708,  571,  737,  130,  346,  211,  238,  339,  387,  771,  396,  699,  296,  178,  425,  758,  354,  464,  564,  383,  877,  292,  409,  650,  450,  737,   19,  564,  422,  349,  182,  137,  802],
        [  482,  482,  272,  579,    0,  390,  394,  744,   87,  235,  258,  138,  386,  432,  687,  364,  271,  492,  619,  649,  369,  779,  276,  564,  265,  727,  406,  703,  713,  253,  346,  377,  117,  569,  454,  654,  556,  263,  328,  131,  295,  579,  485,  798,  329,  454,  499,  315],
        [  388,  388,  636,  392,  390,    0,  221,  611,  319,  611,  575,  252,  175,   51,  298,  701,  567,  345,  503,  275,  282,  491,  366,  639,  652,  349,  313,  655,  569,  442,  710,  486,  323,  224,  565,  489,  195,  435,  279,  323,  667,  405,  700,  424,  439,  408,  257,  700],
        [  168,  168,  665,  611,  394,  221,    0,  828,  308,  555,  638,  291,   46,  262,  401,  754,  642,  132,  715,  451,  471,  704,  506,  811,  645,  510,   96,  860,  786,  555,  738,  636,  391,  222,  721,  294,  396,  554,  100,  400,  688,  622,  822,  586,  583,  600,  477,  697],
        [  995,  995,  803,  220,  744,  611,  828,    0,  742,  954,  693,  670,  784,  581,  689,  780,  661,  956,  126,  538,  390,  314,  474,  350,  889,  571,  915,  152,   44,  537,  845,  426,  629,  780,  408, 1096,  503,  521,  862,  614,  837,  207,  575,  573,  448,  291,  356,  910],
        [  403,  403,  358,  559,   87,  319,  308,  742,    0,  293,  337,   80,  301,  364,  613,  448,  347,  409,  617,  586,  355,  742,  295,  602,  347,  663,  324,  718,  708,  299,  432,  413,  129,  486,  495,  572,  496,  305,  246,  145,  381,  562,  550,  737,  361,  458,  463,  397],
        [  583,  583,  245,  806,  235,  611,  555,  954,  293,    0,  321,  366,  564,  656,  902,  352,  353,  615,  832,  878,  596, 1013,  481,  720,  152,  955,  530,  892,  927,  425,  287,  550,  345,  761,  610,  756,  786,  439,  465,  357,  239,  805,  572, 1028,  513,  664,  733,  193],
        [  739,  739,  111,  598,  258,  575,  638,  693,  337,  321,    0,  351,  622,  604,  864,  127,   35,  745,  582,  788,  413,  831,  266,  411,  207,  866,  661,  603,  675,  174,  160,  268,  257,  785,  306,  909,  692,  190,  582,  253,  145,  590,  254,  927,  252,  424,  575,  219],
        [  415,  415,  393,  483,  138,  252,  291,  670,   80,  366,  351,    0,  272,  295,  550,  472,  353,  408,  546,  513,  281,  663,  244,  557,  401,  591,  330,  656,  635,  271,  468,  370,  101,  441,  456,  575,  421,  273,  254,  111,  422,  486,  535,  663,  317,  392,  384,  449],
        [  213,  213,  656,  566,  386,  175,   46,  784,  301,  564,  622,  272,    0,  216,  369,  741,  624,  174,  672,  409,  431,  658,  475,  776,  644,  470,  141,  818,  742,  529,  731,  604,  371,  200,  688,  330,  351,  527,  129,  378,  681,  578,  796,  547,  552,  560,  432,  696],
        [  427,  427,  671,  362,  432,   51,  262,  581,  364,  656,  604,  295,  216,    0,  262,  731,  594,  380,  478,  226,  279,  445,  380,  636,  692,  300,  356,  636,  539,  462,  744,  493,  357,  222,  569,  515,  145,  454,  326,  356,  702,  376,  713,  376,  449,  398,  226,  739],
        [  521,  521,  932,  492,  687,  298,  401,  689,  613,  902,  864,  550,  369,  262,    0,  991,  853,  460,  621,  152,  505,  435,  630,  844,  950,  150,  486,  787,  647,  717, 1005,  730,  619,  194,  797,  523,  208,  707,  497,  617,  963,  510,  956,  212,  692,  601,  381,  998],
        [  843,  843,  110,  708,  364,  701,  754,  780,  448,  352,  127,  472,  741,  731,  991,    0,  143,  855,  678,  914,  533,  944,  387,  464,  204,  991,  769,  674,  767,  293,   81,  361,  381,  909,  375, 1016,  818,  307,  691,  379,  115,  698,  258, 1051,  359,  529,  696,  184],
        [  749,  749,  144,  571,  271,  567,  642,  661,  347,  353,   35,  353,  624,  594,  853,  143,    0,  753,  551,  772,  391,  805,  244,  377,  241,  849,  670,  570,  644,  150,  188,  235,  255,  781,  272,  918,  676,  165,  591,  250,  177,  562,  226,  908,  223,  395,  553,  252],
        [   62,   62,  759,  737,  492,  345,  132,  956,  409,  615,  745,  408,  174,  380,  460,  855,  753,    0,  845,  542,  603,  812,  635,  942,  725,  590,   88,  991,  914,  678,  831,  764,  509,  267,  850,  167,  502,  678,  164,  519,  778,  750,  943,  663,  711,  732,  602,  777],
        [  881,  881,  692,  130,  619,  503,  715,  126,  617,  832,  582,  546,  672,  478,  621,  678,  551,  845,    0,  475,  266,  317,  351,  289,  773,  522,  799,  167,   96,  419,  738,  318,  504,  688,  317,  991,  421,  403,  743,  489,  726,  112,  495,  540,  333,  168,  257,  797],
        [  598,  598,  868,  346,  649,  275,  451,  538,  586,  878,  788,  513,  409,  226,  152,  914,  772,  542,  475,    0,  396,  292,  535,  713,  902,   79,  544,  641,  496,  627,  939,  619,  561,  292,  678,  636,   97,  615,  533,  556,  902,  365,  846,  151,  587,  474,  251,  946],
        [  632,  632,  509,  211,  369,  282,  471,  390,  355,  596,  413,  281,  431,  279,  505,  533,  391,  603,  266,  396,    0,  426,  147,  359,  569,  469,  547,  392,  354,  241,  572,  226,  253,  499,  295,  759,  305,  227,  485,  240,  544,  211,  452,  523,  192,  129,  163,  603],
        [  864,  864,  932,  238,  779,  491,  704,  314,  742, 1013,  831,  663,  658,  445,  435,  944,  805,  812,  317,  292,  426,    0,  567,  605,  994,  292,  798,  455,  283,  657,  990,  592,  668,  580,  617,  922,  311,  641,  769,  657,  967,  250,  798,  272,  585,  420,  281, 1028],
        [  650,  650,  365,  339,  276,  366,  506,  474,  295,  481,  266,  244,  475,  380,  630,  387,  244,  635,  351,  535,  147,  567,    0,  314,  433,  610,  564,  428,  446,   95,  426,  130,  168,  590,  216,  799,  440,   81,  491,  152,  401,  334,  334,  667,   77,  183,  310,  463],
        [  961,  961,  517,  387,  564,  639,  811,  350,  602,  720,  411,  557,  776,  636,  844,  464,  377,  942,  289,  713,  359,  605,  314,    0,  617,  775,  875,  217,  353,  312,  539,  190,  473,  858,  112, 1104,  637,  302,  804,  458,  546,  370,  230,  807,  242,  244,  465,  624],
        [  702,  702,  106,  771,  265,  652,  645,  889,  347,  152,  207,  401,  644,  692,  950,  204,  241,  725,  773,  902,  569,  994,  433,  617,    0,  981,  638,  807,  868,  355,  136,  467,  342,  832,  512,  876,  807,  371,  565,  349,   90,  766,  443, 1049,  442,  609,  722,   53],
        [  649,  649,  947,  396,  727,  349,  510,  571,  663,  955,  866,  591,  470,  300,  150,  991,  849,  590,  522,   79,  469,  292,  610,  775,  981,    0,  601,  685,  531,  703, 1017,  690,  640,  329,  746,  668,  175,  691,  597,  635,  980,  415,  917,   78,  661,  539,  318, 1025],
        [   87,   87,  672,  699,  406,  313,   96,  915,  324,  530,  661,  330,  141,  356,  486,  769,  670,   88,  799,  544,  547,  798,  564,  875,  638,  601,    0,  939,  874,  601,  744,  694,  429,  297,  779,  249,  491,  602,   79,  441,  691,  710,  864,  677,  640,  675,  567,  690],
        [ 1023, 1023,  713,  296,  703,  655,  860,  152,  718,  892,  603,  656,  818,  636,  787,  674,  570,  991,  167,  641,  392,  455,  428,  217,  807,  685,  939,    0,  173,  468,  745,  344,  594,  849,  300, 1143,  587,  454,  877,  579,  745,  278,  447,  698,  381,  267,  420,  821],
        [  953,  953,  785,  178,  713,  569,  786,   44,  708,  927,  675,  635,  742,  539,  647,  767,  644,  914,   96,  496,  354,  283,  446,  353,  868,  531,  874,  173,    0,  514,  829,  409,  598,  737,  400, 1054,  459,  498,  822,  583,  819,  165,  572,  536,  427,  264,  314,  891],
        [  686,  686,  278,  425,  253,  442,  555,  537,  299,  425,  174,  271,  529,  462,  717,  293,  150,  678,  419,  627,  241,  657,   95,  312,  355,  703,  601,  468,  514,    0,  334,  127,  174,  663,  201,  844,  532,   17,  524,  162,  313,  418,  267,  761,   89,  255,  403,  380],
        [  814,  814,   75,  758,  346,  710,  738,  845,  432,  287,  160,  468,  731,  744, 1005,   81,  188,  831,  738,  939,  572,  990,  426,  539,  136, 1017,  744,  745,  829,  334,    0,  421,  387,  908,  445,  988,  842,  350,  668,  388,   54,  749,  338, 1080,  411,  582,  732,  106],
        [  780,  780,  378,  354,  377,  486,  636,  426,  413,  550,  268,  370,  604,  493,  730,  361,  235,  764,  318,  619,  226,  592,  130,  190,  467,  690,  694,  344,  409,  127,  421,    0,  284,  709,   86,  929,  530,  115,  620,  269,  412,  343,  228,  737,   54,  173,  374,  485],
        [  513,  513,  314,  464,  117,  323,  391,  629,  129,  345,  257,  101,  371,  357,  619,  381,  255,  509,  504,  561,  253,  668,  168,  473,  342,  640,  429,  594,  598,  174,  387,  284,    0,  529,  367,  675,  465,  178,  352,   16,  345,  463,  435,  708,  232,  340,  390,  386],
        [  328,  328,  833,  564,  569,  224,  222,  780,  486,  761,  785,  441,  200,  222,  194,  909,  781,  267,  688,  292,  499,  580,  590,  858,  832,  329,  297,  849,  737,  663,  908,  709,  529,    0,  788,  344,  282,  657,  321,  532,  861,  580,  923,  400,  663,  619,  431,  883],
        [  865,  865,  415,  383,  454,  565,  721,  408,  495,  610,  306,  456,  688,  569,  797,  375,  272,  850,  317,  678,  295,  617,  216,  112,  512,  746,  779,  300,  400,  201,  445,   86,  367,  788,    0, 1014,  593,  193,  706,  353,  446,  369,  182,  788,  140,  209,  429,  523],
        [  175,  175,  917,  877,  654,  489,  294, 1096,  572,  756,  909,  575,  330,  515,  523, 1016,  918,  167,  991,  636,  759,  922,  799, 1104,  876,  668,  249, 1143, 1054,  844,  988,  929,  675,  344, 1014,    0,  617,  844,  327,  685,  935,  891, 1109,  735,  876,  888,  740,  927],
        [  554,  554,  772,  292,  556,  195,  396,  503,  496,  786,  692,  421,  351,  145,  208,  818,  676,  502,  421,   97,  305,  311,  440,  637,  807,  175,  491,  587,  459,  532,  842,  530,  465,  282,  593,  617,    0,  520,  468,  460,  805,  310,  757,  244,  496,  394,  174,  850],
        [  687,  687,  294,  409,  263,  435,  554,  521,  305,  439,  190,  273,  527,  454,  707,  307,  165,  678,  403,  615,  227,  641,   81,  302,  371,  691,  602,  454,  498,   17,  350,  115,  178,  657,  193,  844,  520,    0,  526,  165,  329,  402,  270,  748,   74,  239,  389,  396],
        [  162,  162,  596,  650,  328,  279,  100,  862,  246,  465,  582,  254,  129,  326,  497,  691,  591,  164,  743,  533,  485,  769,  491,  804,  565,  597,   79,  877,  822,  524,  668,  620,  352,  321,  706,  327,  468,  526,    0,  364,  616,  660,  787,  675,  566,  611,  523,  617],
        [  525,  525,  316,  450,  131,  323,  400,  614,  145,  357,  253,  111,  378,  356,  617,  379,  250,  519,  489,  556,  240,  657,  152,  458,  349,  635,  441,  579,  583,  162,  388,  269,   16,  532,  353,  685,  460,  165,  364,    0,  348,  450,  425,  702,  217,  325,  379,  391],
        [  761,  761,   36,  737,  295,  667,  688,  837,  381,  239,  145,  422,  681,  702,  963,  115,  177,  778,  726,  902,  544,  967,  401,  546,   90,  980,  691,  745,  819,  313,   54,  412,  345,  861,  446,  935,  805,  329,  616,  348,    0,  730,  359, 1045,  395,  566,  703,   79],
        [  789,  789,  695,   19,  579,  405,  622,  207,  562,  805,  590,  486,  578,  376,  510,  698,  562,  750,  112,  365,  211,  250,  334,  370,  766,  415,  710,  278,  165,  418,  749,  343,  463,  580,  369,  891,  310,  402,  660,  450,  730,    0,  550,  440,  340,  171,  151,  796],
        [  948,  948,  337,  564,  485,  700,  822,  575,  550,  572,  254,  535,  796,  713,  956,  258,  226,  943,  495,  846,  452,  798,  334,  230,  443,  917,  864,  447,  572,  267,  338,  228,  435,  923,  182, 1109,  757,  270,  787,  425,  359,  550,    0,  963,  265,  387,  600,  436],
        [  723,  723, 1011,  422,  798,  424,  586,  573,  737, 1028,  927,  663,  547,  376,  212, 1051,  908,  663,  540,  151,  523,  272,  667,  807, 1049,   78,  677,  698,  536,  761, 1080,  737,  708,  400,  788,  735,  244,  748,  675,  702, 1045,  440,  963,    0,  712,  579,  364, 1092],
        [  726,  726,  360,  349,  329,  439,  583,  448,  361,  513,  252,  317,  552,  449,  692,  359,  223,  711,  333,  587,  192,  585,   77,  242,  442,  661,  640,  381,  427,   89,  411,   54,  232,  663,  140,  876,  496,   74,  566,  217,  395,  340,  265,  712,    0,  172,  349,  465],
        [  760,  760,  531,  182,  454,  408,  600,  291,  458,  664,  424,  392,  560,  398,  601,  529,  395,  732,  168,  474,  129,  420,  183,  244,  609,  539,  675,  267,  264,  255,  582,  173,  340,  619,  209,  888,  394,  239,  611,  325,  566,  171,  387,  579,  172,    0,  224,  635],
        [  644,  644,  668,  137,  499,  257,  477,  356,  463,  733,  575,  384,  432,  226,  381,  696,  553,  602,  257,  251,  163,  281,  310,  465,  722,  318,  567,  420,  314,  403,  732,  374,  390,  431,  429,  740,  174,  389,  523,  379,  703,  151,  600,  364,  349,  224,    0,  759],
        [  753,  753,  109,  802,  315,  700,  697,  910,  397,  193,  219,  449,  696,  739,  998,  184,  252,  777,  797,  946,  603, 1028,  463,  624,   53, 1025,  690,  821,  891,  380,  106,  485,  386,  883,  523,  927,  850,  396,  617,  391,   79,  796,  436, 1092,  465,  635,  759,    0]
    ]
}
