{
    "name": "random-36-24081",
    "comment": "size=36 seed=24081",
    "nodes": ["+0", "-0", "+1", "-1", "+2", "-2", "+3", "-3", "+4", "-4", "+5", "-5", "+6", "-6", "+7", "-7", "+8", "-8", "+9", "-9", "+10", "-10", "+11", "-11", "+12", "-12", "+13", "-13", "+14", "-14", "+15", "-15", "+16", "-16", "+17", "-17", "+18", "-18", "+19", "-19", "+20", "-20", "+21", "-21", "+22", "-22", "+23", "-23", "+24", "-24", "+25", "-25", "+26", "-26", "+27", "-27", "+28", "-28", "+29", "-29", "+30", "-30", "+31", "-31", "+32", "-32", "+33", "-33", "+34", "-34", "+35", "-35", "+36", "-36"],
    "precedence": {
        "+0": "-0",
        "+1": "-1",
        "+2": "-2",
        "+3": "-3",
        "+4": "-4",
        "+5": "-5",
        "+6": "-6",
        "+7": "-7",
        "+8": "-8",
        "+9": "-9",
        "+10": "-10",
        "+11": "-11",
        "+12": "-12",
        "+13": "-13",
        "+14": "-14",
        "+15": "-15",
        "+16": "-16",
        "+17": "-17",
        "+18": "-18",
        "+19": "-19",
        "+20": "-20",
        "+21": "-21",
        "+22": "-22",
        "+23": "-23",
        "+24": "-24",
        "+25": "-25",
        "+26": "-26",
        "+27": "-27",
        "+28": "-28",
        "+29": "-29",
        "+30": "-30",
        "+31": "-31",
        "+32": "-32",
        "+33": "-33",
        "+34": "-34",
        "+35": "-35",
        "+36": "-36"
    },
    "edges": [
        [    0,    0,  605,  571,  674,  613,   27,  176,  239,  437,  497,  657,  423,  214,  500,  961,  637,  314,  999,  733,  671,  946,  138,  609,  688,  189,  225,  925,  217,  712,  444,  827,  451,  190,  621,  601,  754,  953,  364,  405,  918,  655,  159,  938,  244,  573,  413,  153,  581,  681,  854,  904,  332,  765,  581,  309,  556,  856,  631,  694,  121,  173,  119,  305,  867,  422,  579,  131,  414,  763,  863,  683,  470,  739],
        [    0,    0,  605,  571,  674,  613,   27,  176,  239,  437,  497,  657,  423,  214,  500,  961,  637,  314,  999,  733,  671,  946,  138,  609,  688,  189,  225,  925,  217,  712,  444,  827,  451,  190,  621,  601,  754,  953,  364,  405,  918,  655,  159,  938,  244,  573,  413,  153,  581,  681,  854,  904,  332,  765,  581,  309,  556,  856,  631,  694,  121,  173,  119,  305,  867,  422,  579,  131,  414,  763,  863,  683,  470,  739],
        [  605,  605,    0,  640, 1090,  742,  588,  740,  716,  844,  906, 1133,  962,  437, 1000,  821,  886,  548,  919, 1074,  365,  969,  468,  735,  556,  621,  747,  821,  596,  894,  885,  643,  161,  456,  102,  970,  833,  839,  253,  326, 1323,  593,  610,  889,  819,  911,  694,  468,  467,  733,  902,  805,  544, 1218,  239,  639,  909,  920,  838,  859,  496,  456,  611,  350, 1222,  993,  788,  474,  825,  746,  736, 1086,  903, 1028],
        [  571,  571,  640,    0,  543,  104,  582,  534,  426,  376,  409,  637,  598,  413,  568,  404,  270,  257,  430,  477,  369,  389,  538,   97,  206,  399,  481,  360,  361,  256,  432,  316,  600,  627,  566,  414,  210,  389,  481,  339,  737,  136,  423,  368,  581,  347,  218,  471,  197,  117,  302,  340,  240,  683,  420,  287,  359,  311,  212,  220,  490,  453,  463,  399,  616,  675,  175,  526,  372,  194,  313,  531,  432,  410],
        [  674,  674, 1090,  543,    0,  463,  700,  510,  439,  255,  190,  131,  320,  690,  217,  841,  296,  543,  793,  140,  902,  647,  753,  467,  746,  521,  451,  783,  525,  381,  232,  831,  988,  843, 1044,  130,  519,  808,  858,  766,  247,  673,  547,  727,  477,  197,  398,  702,  728,  547,  580,  769,  546,  140,  917,  457,  189,  562,  357,  403,  693,  699,  573,  752,  208,  397,  372,  738,  277,  635,  784,   23,  207,  225],
        [  613,  613,  742,  104,  463,    0,  629,  548,  434,  337,  354,  568,  567,  482,  520,  416,  176,  310,  412,  383,  468,  333,  602,    7,  287,  430,  487,  363,  397,  153,  390,  371,  695,  694,  669,  337,  141,  392,  572,  434,  642,  214,  458,  344,  582,  273,  215,  534,  298,   95,  241,  345,  297,  601,  523,  309,  289,  243,  114,  118,  548,  518,  498,  483,  518,  650,   94,  589,  339,  193,  339,  449,  385,  311],
        [   27,   27,  588,  582,  700,  629,    0,  203,  264,  461,  522,  683,  449,  211,  526,  969,  657,  326, 1010,  757,  668,  960,  121,  624,  693,  208,  251,  934,  234,  731,  469,  831,  432,  165,  608,  626,  769,  962,  350,  401,  944,  662,  179,  949,  270,  596,  432,  147,  584,  694,  869,  913,  343,  791,  573,  327,  579,  872,  650,  712,  116,  168,  140,  299,  892,  447,  598,  116,  439,  774,  871,  708,  495,  762],
        [  176,  176,  740,  534,  510,  548,  203,    0,  115,  293,  346,  483,  247,  307,  325,  938,  525,  305,  955,  585,  730,  876,  294,  545,  694,  152,   68,  893,  193,  615,  287,  829,  597,  364,  738,  454,  685,  922,  489,  482,  750,  645,  145,  889,   79,  438,  334,  274,  604,  630,  784,  873,  323,  592,  667,  248,  417,  781,  535,  603,  249,  285,  130,  403,  710,  256,  491,  282,  273,  723,  845,  521,  313,  605],
        [  239,  239,  716,  426,  439,  434,  264,  115,    0,  198,  259,  440,  247,  282,  291,  829,  415,  218,  843,  494,  654,  761,  317,  431,  596,   96,   56,  783,  123,  502,  208,  728,  587,  404,  699,  363,  570,  812,  466,  426,  685,  542,  114,  776,  158,  338,  220,  273,  514,  518,  669,  763,  234,  541,  609,  143,  319,  667,  422,  490,  259,  276,  135,  368,  629,  292,  376,  303,  176,  612,  738,  447,  234,  505],
        [  437,  437,  844,  376,  255,  337,  461,  293,  198,    0,   66,  293,  231,  436,  193,  753,  250,  296,  740,  297,  696,  630,  502,  337,  578,  269,  226,  699,  271,  349,   56,  691,  736,  594,  805,  165,  452,  727,  606,  525,  500,  511,  297,  671,  291,  147,  175,  448,  530,  431,  542,  681,  303,  376,  689,  206,  125,  534,  279,  348,  441,  445,  327,  501,  433,  316,  252,  487,   23,  530,  673,  258,   63,  313],
        [  497,  497,  906,  409,  190,  354,  522,  346,  259,   66,    0,  238,  234,  501,  168,  766,  235,  358,  743,  240,  744,  622,  567,  356,  614,  334,  280,  710,  336,  337,   63,  719,  800,  658,  865,  109,  454,  738,  670,  585,  435,  544,  361,  674,  332,  114,  225,  513,  575,  448,  538,  693,  363,  313,  745,  269,   89,  527,  277,  343,  506,  510,  390,  565,  371,  322,  263,  552,   88,  545,  692,  192,   41,  269],
        [  657,  657, 1133,  637,  131,  568,  683,  483,  440,  293,  238,    0,  253,  713,  158,  961,  411,  588,  918,  269,  981,  775,  755,  571,  842,  532,  434,  903,  546,  503,  249,  938, 1018,  838, 1098,  233,  638,  928,  891,  817,  287,  770,  553,  851,  432,  296,  462,  712,  811,  657,  705,  888,  596,  113,  981,  496,  280,  688,  469,  522,  698,  713,  572,  787,  306,  312,  475,  741,  310,  748,  898,  153,  232,  354],
        [  423,  423,  962,  598,  320,  567,  449,  247,  247,  231,  234,  253,    0,  526,  104,  982,  468,  451,  969,  435,  884,  854,  537,  567,  793,  341,  217,  929,  369,  570,  181,  913,  829,  611,  945,  323,  680,  957,  710,  670,  536,  730,  353,  900,  184,  347,  383,  508,  729,  661,  769,  911,  464,  366,  851,  360,  322,  758,  505,  574,  487,  514,  359,  614,  528,   89,  482,  525,  228,  759,  901,  338,  194,  489],
        [  214,  214,  437,  413,  690,  482,  211,  307,  282,  436,  501,  713,  526,    0,  570,  776,  560,  178,  829,  708,  458,  801,  129,  476,  491,  186,  311,  746,  168,  610,  468,  629,  307,  215,  431,  586,  616,  773,  185,  192,  934,  469,  174,  772,  386,  538,  329,   67,  379,  529,  712,  725,  188,  808,  371,  239,  529,  719,  534,  584,   97,   46,  178,   98,  855,  557,  478,  119,  415,  597,  677,  692,  490,  688],
        [  500,  500, 1000,  568,  217,  520,  526,  325,  291,  193,  168,  158,  104,  570,    0,  933,  397,  465,  909,  336,  884,  784,  602,  522,  770,  386,  279,  878,  405,  499,  138,  881,  877,  683,  973,  236,  620,  905,  753,  693,  436,  703,  404,  840,  275,  272,  365,  563,  720,  614,  703,  860,  476,  269,  867,  371,  249,  690,  443,  508,  547,  566,  419,  651,  424,  183,  430,  589,  201,  712,  858,  236,  137,  398],
        [  961,  961,  821,  404,  841,  416,  969,  938,  829,  753,  766,  961,  982,  776,  933,    0,  551,  651,  119,  727,  457,  261,  904,  416,  294,  800,  885,   60,  761,  461,  805,  179,  856,  981,  721,  729,  323,   42,  773,  632,  959,  308,  822,  142,  984,  671,  616,  841,  410,  322,  278,   74,  632,  970,  587,  690,  692,  302,  495,  439,  866,  821,  860,  728,  822, 1065,  504,  895,  755,  224,  100,  823,  799,  636],
        [  637,  637,  886,  270,  296,  176,  657,  525,  415,  250,  235,  411,  468,  560,  397,  551,    0,  383,  515,  209,  638,  388,  662,  181,  462,  450,  458,  493,  430,  103,  289,  537,  817,  758,  822,  179,  229,  519,  687,  564,  468,  389,  480,  446,  536,  126,  233,  597,  466,  253,  306,  477,  376,  431,  681,  336,  149,  293,   63,  113,  603,  586,  519,  588,  347,  556,   99,  648,  263,  340,  489,  279,  274,  143],
        [  314,  314,  548,  257,  543,  310,  326,  305,  218,  296,  358,  588,  451,  178,  465,  651,  383,    0,  685,  542,  437,  638,  292,  305,  391,  156,  270,  612,  114,  433,  340,  528,  450,  386,  511,  428,  449,  640,  318,  230,  780,  348,  174,  624,  369,  373,  156,  224,  299,  369,  547,  591,   19,  670,  403,   94,  367,  552,  356,  408,  238,  210,  211,  214,  690,  507,  300,  279,  278,  450,  554,  541,  357,  514],
        [  999,  999,  919,  430,  793,  412, 1010,  955,  843,  740,  743,  918,  969,  829,  909,  119,  515,  685,    0,  669,  557,  164,  957,  414,  372,  827,  897,   98,  790,  416,  789,  282,  941, 1039,  821,  691,  290,   85,  848,  703,  885,  365,  852,   70,  994,  640,  624,  891,  483,  325,  214,  115,  668,  915,  682,  711,  662,  233,  467,  402,  913,  871,  891,  792,  748, 1055,  489,  946,  745,  237,  183,  773,  779,  576],
        [  733,  733, 1074,  477,  140,  383,  757,  585,  494,  297,  240,  269,  435,  708,  336,  727,  209,  542,  669,    0,  845,  517,  791,  389,  669,  560,  519,  668,  554,  270,  300,  737,  991,  885, 1017,  132,  408,  691,  859,  749,  260,  596,  589,  605,  567,  171,  387,  732,  672,  455,  456,  656,  541,  247,  881,  471,  182,  436,  270,  299,  730,  725,  622,  755,  149,  518,  304,  776,  319,  533,  679,  117,  274,   93],
        [  671,  671,  365,  369,  902,  468,  668,  730,  654,  696,  744,  981,  884,  458,  884,  457,  638,  437,  557,  845,    0,  622,  567,  462,  211,  579,  704,  459,  540,  613,  749,  279,  418,  616,  265,  773,  517,  476,  368,  267, 1105,  269,  587,  532,  801,  706,  522,  521,  174,  424,  568,  444,  422, 1040,  138,  525,  714,  589,  579,  577,  553,  501,  611,  372,  984,  943,  542,  563,  684,  408,  374,  892,  758,  777],
        [  946,  946,  969,  389,  647,  333,  960,  876,  761,  630,  622,  775,  854,  801,  784,  261,  388,  638,  164,  517,  622,    0,  925,  337,  415,  763,  813,  211,  730,  285,  674,  375,  964, 1015,  877,  555,  193,  220,  856,  710,  723,  379,  790,  120,  903,  512,  544,  858,  506,  272,   93,  212,  623,  762,  730,  642,  536,   97,  352,  282,  875,  840,  831,  783,  586,  942,  388,  913,  639,  225,  275,  626,  660,  425],
        [  138,  138,  468,  538,  753,  602,  121,  294,  317,  502,  567,  755,  537,  129,  602,  904,  662,  292,  957,  791,  567,  925,    0,  596,  618,  233,  324,  874,  238,  723,  523,  754,  314,   96,  488,  663,  739,  901,  232,  301,  999,  597,  207,  900,  370,  623,  429,   69,  504,  654,  836,  854,  305,  858,  462,  328,  610,  842,  644,  698,   62,   86,  184,  195,  933,  548,  588,   15,  480,  724,  805,  758,  547,  782],
        [  609,  609,  735,   97,  467,    7,  624,  545,  431,  337,  356,  571,  567,  476,  522,  416,  181,  305,  414,  389,  462,  337,  596,    0,  282,  426,  485,  364,  393,  160,  390,  368,  688,  689,  662,  341,  146,  392,  565,  427,  648,  209,  454,  346,  580,  276,  212,  528,  292,   94,  246,  345,  291,  605,  517,  306,  292,  248,  119,  125,  543,  512,  494,  476,  524,  649,   96,  583,  339,  193,  337,  453,  386,  316],
        [  688,  688,  556,  206,  746,  287,  693,  694,  596,  578,  614,  842,  793,  491,  770,  294,  462,  391,  372,  669,  211,  415,  618,  282,    0,  546,  651,  277,  505,  418,  634,  139,  569,  690,  463,  618,  310,  300,  480,  339,  927,   74,  564,  335,  753,  551,  411,  557,  117,  224,  358,  259,  373,  885,  317,  454,  564,  378,  399,  383,  584,  536,  598,  436,  800,  866,  374,  609,  572,  197,  196,  732,  636,  593],
        [  189,  189,  621,  399,  521,  430,  208,  152,   96,  269,  334,  532,  341,  186,  386,  800,  450,  156,  827,  560,  579,  763,  233,  426,  546,    0,  131,  759,   42,  524,  292,  683,  492,  325,  606,  431,  571,  788,  370,  338,  767,  501,   31,  763,  222,  395,  225,  182,  453,  504,  671,  738,  174,  630,  523,  122,  380,  672,  443,  506,  173,  182,   70,  273,  701,  379,  392,  218,  247,  592,  705,  526,  316,  558],
        [  225,  225,  747,  481,  451,  487,  251,   68,   56,  226,  280,  434,  217,  311,  279,  885,  458,  270,  897,  519,  704,  813,  324,  485,  651,  131,    0,  838,  166,  548,  223,  783,  612,  404,  736,  388,  623,  867,  495,  469,  694,  598,  138,  830,  102,  371,  274,  291,  567,  573,  721,  818,  287,  541,  653,  198,  350,  717,  469,  538,  271,  297,  143,  402,  648,  249,  426,  311,  206,  667,  793,  460,  249,  538],
        [  925,  925,  821,  360,  783,  363,  934,  893,  783,  699,  710,  903,  929,  746,  878,   60,  493,  612,   98,  668,  459,  211,  874,  364,  277,  759,  838,    0,  720,  403,  751,  186,  846,  954,  724,  671,  265,   30,  756,  612,  900,  278,  782,   93,  937,  614,  568,  810,  390,  270,  220,   21,  594,  912,  585,  646,  635,  244,  438,  381,  833,  790,  821,  704,  763, 1012,  449,  864,  702,  173,   86,  764,  744,  577],
        [  217,  217,  596,  361,  525,  397,  234,  193,  123,  271,  336,  546,  369,  168,  405,  761,  430,  114,  790,  554,  540,  730,  238,  393,  505,   42,  166,  720,    0,  499,  300,  641,  474,  333,  576,  427,  538,  749,  348,  304,  770,  460,   63,  727,  261,  385,  200,  179,  411,  468,  638,  699,  133,  640,  487,   95,  373,  640,  418,  479,  177,  174,  102,  247,  697,  413,  365,  223,  249,  554,  665,  528,  323,  545],
        [  712,  712,  894,  256,  381,  153,  731,  615,  502,  349,  337,  503,  570,  610,  499,  461,  103,  433,  416,  270,  613,  285,  723,  160,  418,  524,  548,  403,  499,    0,  391,  471,  843,  818,  821,  275,  140,  427,  717,  584,  518,  348,  554,  349,  632,  228,  300,  656,  447,  196,  205,  389,  423,  510,  675,  405,  252,  191,   82,   37,  665,  642,  594,  624,  386,  658,  135,  709,  361,  264,  410,  362,  376,  182],
        [  444,  444,  885,  432,  232,  390,  469,  287,  208,   56,   63,  249,  181,  468,  138,  805,  289,  340,  789,  300,  749,  674,  523,  390,  634,  292,  223,  751,  300,  391,    0,  746,  772,  611,  851,  170,  500,  779,  643,  570,  478,  566,  316,  720,  270,  173,  228,  473,  584,  484,  589,  733,  349,  340,  738,  247,  149,  579,  325,  393,  463,  472,  342,  539,  425,  268,  303,  508,   65,  582,  727,  239,   27,  331],
        [  827,  827,  643,  316,  831,  371,  831,  829,  728,  691,  719,  938,  913,  629,  881,  179,  537,  528,  282,  737,  279,  375,  754,  368,  139,  683,  783,  186,  641,  471,  746,    0,  681,  825,  543,  707,  340,  199,  604,  469,  988,  186,  701,  268,  885,  643,  532,  695,  251,  284,  348,  174,  509,  968,  410,  586,  659,  372,  475,  440,  722,  674,  736,  569,  855,  989,  464,  747,  688,  209,  103,  815,  745,  653],
        [  451,  451,  161,  600,  988,  695,  432,  597,  587,  736,  800, 1018,  829,  307,  877,  856,  817,  450,  941,  991,  418,  964,  314,  688,  569,  492,  612,  846,  474,  843,  772,  681,    0,  296,  216,  877,  806,  868,  132,  262, 1229,  588,  477,  901,  675,  822,  604,  324,  462,  707,  888,  828,  450, 1110,  281,  532,  816,  902,  777,  811,  349,  315,  471,  237, 1139,  852,  723,  322,  715,  740,  763,  988,  792,  956],
        [  190,  190,  456,  627,  843,  694,  165,  364,  404,  594,  658,  838,  611,  215,  683,  981,  758,  386, 1039,  885,  616, 1015,   96,  689,  690,  325,  404,  954,  333,  818,  611,  825,  296,    0,  496,  756,  830,  981,  255,  360, 1089,  677,  298,  985,  434,  717,  525,  162,  575,  743,  926,  934,  398,  943,  499,  424,  704,  933,  739,  793,  157,  177,  270,  256, 1026,  611,  684,  111,  571,  809,  882,  849,  636,  877],
        [  621,  621,  102,  566, 1044,  669,  608,  738,  699,  805,  865, 1098,  945,  431,  973,  721,  822,  511,  821, 1017,  265,  877,  488,  662,  463,  606,  736,  724,  576,  821,  851,  543,  216,  496,    0,  921,  750,  740,  258,  281, 1271,  505,  600,  794,  816,  858,  646,  474,  382,  651,  815,  708,  503, 1177,  149,  604,  859,  833,  770,  786,  505,  458,  608,  335, 1164,  984,  723,  492,  788,  656,  638, 1039,  867,  964],
        [  601,  601,  970,  414,  130,  337,  626,  454,  363,  165,  109,  233,  323,  586,  236,  729,  179,  428,  691,  132,  773,  555,  663,  341,  618,  431,  388,  671,  427,  275,  170,  707,  877,  756,  921,    0,  407,  697,  745,  646,  354,  545,  459,  623,  439,   68,  277,  606,  599,  425,  479,  655,  429,  269,  791,  349,   62,  464,  236,  291,  602,  600,  491,  640,  271,  411,  245,  648,  187,  516,  665,  120,  145,  166],
        [  754,  754,  833,  210,  519,  141,  769,  685,  570,  452,  454,  638,  680,  616,  620,  323,  229,  449,  290,  408,  517,  193,  739,  146,  310,  571,  623,  265,  538,  140,  500,  340,  806,  830,  750,  407,    0,  291,  689,  546,  652,  249,  598,  221,  715,  352,  352,  671,  368,  101,  101,  251,  434,  649,  601,  450,  374,  104,  178,  116,  686,  654,  639,  608,  517,  766,  202,  726,  458,  131,  272,  500,  490,  319],
        [  953,  953,  839,  389,  808,  392,  962,  922,  812,  727,  738,  928,  957,  773,  905,   42,  519,  640,   85,  691,  476,  220,  901,  392,  300,  788,  867,   30,  749,  427,  779,  199,  868,  981,  740,  697,  291,    0,  779,  637,  920,  305,  811,  101,  966,  641,  597,  837,  415,  299,  240,   50,  622,  935,  604,  675,  662,  263,  465,  407,  861,  817,  849,  729,  783, 1041,  477,  891,  730,  202,  105,  788,  772,  599],
        [  364,  364,  253,  481,  858,  572,  350,  489,  466,  606,  670,  891,  710,  185,  753,  773,  687,  318,  848,  859,  368,  856,  232,  565,  480,  370,  495,  756,  348,  717,  643,  604,  132,  255,  258,  745,  689,  779,    0,  147, 1098,  486,  358,  802,  567,  690,  473,  218,  366,  591,  775,  736,  318,  981,  245,  401,  685,  788,  649,  686,  248,  205,  360,  106, 1008,  740,  595,  235,  586,  635,  676,  857,  663,  825],
        [  405,  405,  326,  339,  766,  434,  401,  482,  426,  525,  585,  817,  670,  192,  693,  632,  564,  230,  703,  749,  267,  710,  301,  427,  339,  338,  469,  612,  304,  584,  570,  469,  262,  360,  281,  646,  546,  637,  147,    0,  998,  340,  339,  657,  558,  585,  369,  255,  223,  447,  630,  593,  222,  897,  186,  323,  584,  643,  520,  551,  286,  234,  356,  107,  898,  716,  468,  297,  507,  489,  534,  762,  586,  706],
        [  918,  918, 1323,  737,  247,  642,  944,  750,  685,  500,  435,  287,  536,  934,  436,  959,  468,  780,  885,  260, 1105,  723,  999,  648,  927,  767,  694,  900,  770,  518,  478,  988, 1229, 1089, 1271,  354,  652,  920, 1098,  998,    0,  855,  793,  826,  709,  413,  630,  947,  931,  710,  681,  890,  782,  177, 1137,  699,  415,  658,  529,  550,  939,  944,  819,  992,  138,  598,  563,  985,  522,  781,  922,  243,  453,  337],
        [  655,  655,  593,  136,  673,  214,  662,  645,  542,  511,  544,  770,  730,  469,  703,  308,  389,  348,  365,  596,  269,  379,  597,  209,   74,  501,  598,  278,  460,  348,  566,  186,  588,  677,  505,  545,  249,  305,  486,  340,  855,    0,  521,  317,  700,  479,  347,  534,  128,  156,  310,  257,  329,  812,  357,  400,  492,  328,  327,  313,  558,  513,  557,  427,  728,  804,  301,  588,  506,  154,  209,  660,  567,  521],
        [  159,  159,  610,  423,  547,  458,  179,  145,  114,  297,  361,  553,  353,  174,  404,  822,  480,  174,  852,  589,  587,  790,  207,  454,  564,   31,  138,  782,   63,  554,  316,  701,  477,  298,  600,  459,  598,  811,  358,  339,  793,  521,    0,  788,  220,  424,  255,  160,  467,  530,  698,  761,  192,  653,  524,  151,  408,  700,  473,  535,  147,  163,   41,  265,  729,  385,  421,  192,  274,  616,  726,  552,  341,  587],
        [  938,  938,  889,  368,  727,  344,  949,  889,  776,  671,  674,  851,  900,  772,  840,  142,  446,  624,   70,  605,  532,  120,  900,  346,  335,  763,  830,   93,  727,  349,  720,  268,  901,  985,  794,  623,  221,  101,  802,  657,  826,  317,  788,    0,  926,  571,  557,  834,  440,  260,  149,   97,  607,  850,  651,  646,  594,  170,  398,  334,  855,  815,  828,  741,  689,  986,  420,  889,  677,  176,  166,  707,  710,  512],
        [  244,  244,  819,  581,  477,  582,  270,   79,  158,  291,  332,  432,  184,  386,  275,  984,  536,  369,  994,  567,  801,  903,  370,  580,  753,  222,  102,  937,  261,  632,  270,  885,  675,  434,  816,  439,  715,  966,  567,  558,  709,  700,  220,  926,    0,  436,  370,  353,  667,  670,  812,  917,  387,  544,  743,  300,  413,  807,  555,  625,  327,  363,  209,  481,  682,  179,  516,  358,  275,  765,  894,  490,  294,  599],
        [  573,  573,  911,  347,  197,  273,  596,  438,  338,  147,  114,  296,  347,  538,  272,  671,  126,  373,  640,  171,  706,  512,  623,  276,  551,  395,  371,  614,  385,  228,  173,  643,  822,  717,  858,   68,  352,  641,  690,  585,  413,  479,  424,  571,  436,    0,  219,  563,  532,  362,  431,  598,  373,  336,  727,  300,   25,  418,  177,  238,  562,  556,  459,  586,  318,  435,  180,  608,  166,  455,  604,  186,  154,  168],
        [  413,  413,  694,  218,  398,  215,  432,  334,  220,  175,  225,  462,  383,  329,  365,  616,  233,  156,  624,  387,  522,  544,  429,  212,  411,  225,  274,  568,  200,  300,  228,  532,  604,  525,  646,  277,  352,  597,  473,  369,  630,  347,  255,  557,  370,  219,    0,  364,  356,  300,  452,  548,  155,  532,  522,  105,  215,  451,  219,  281,  370,  353,  295,  369,  535,  458,  167,  415,  165,  396,  528,  394,  236,  359],
        [  153,  153,  468,  471,  702,  534,  147,  274,  273,  448,  513,  712,  508,   67,  563,  841,  597,  224,  891,  732,  521,  858,   69,  528,  557,  182,  291,  810,  179,  656,  473,  695,  324,  162,  474,  606,  671,  837,  218,  255,  947,  534,  160,  834,  353,  563,  364,    0,  445,  586,  768,  789,  237,  812,  428,  265,  551,  774,  577,  631,   33,   22,  149,  153,  876,  529,  522,   56,  426,  658,  742,  705,  497,  719],
        [  581,  581,  467,  197,  728,  298,  584,  604,  514,  530,  575,  811,  729,  379,  720,  410,  466,  299,  483,  672,  174,  506,  504,  292,  117,  453,  567,  390,  411,  447,  584,  251,  462,  575,  382,  599,  368,  415,  366,  223,  931,  128,  467,  440,  667,  532,  356,  445,    0,  269,  436,  371,  281,  867,  234,  375,  540,  453,  408,  411,  473,  424,  498,  320,  812,  795,  369,  496,  520,  282,  312,  718,  591,  606],
        [  681,  681,  733,  117,  547,   95,  694,  630,  518,  431,  448,  657,  661,  529,  614,  322,  253,  369,  325,  455,  424,  272,  654,   94,  224,  504,  573,  270,  468,  196,  484,  284,  707,  743,  651,  425,  101,  299,  591,  447,  710,  156,  530,  260,  670,  362,  300,  586,  269,    0,  186,  251,  354,  684,  502,  386,  380,  197,  191,  161,  605,  568,  570,  513,  580,  743,  186,  642,  433,   99,  245,  531,  479,  374],
        [  854,  854,  902,  302,  580,  241,  869,  784,  669,  542,  538,  705,  769,  712,  703,  278,  306,  547,  214,  456,  568,   93,  836,  246,  358,  671,  721,  220,  638,  205,  589,  348,  888,  926,  815,  479,  101,  240,  775,  630,  681,  310,  698,  149,  812,  431,  452,  768,  436,  186,    0,  213,  533,  702,  666,  550,  455,   25,  265,  196,  785,  751,  739,  698,  544,  856,  297,  824,  551,  161,  258,  559,  576,  364],
        [  904,  904,  805,  340,  769,  345,  913,  873,  763,  681,  693,  888,  911,  725,  860,   74,  477,  591,  115,  656,  444,  212,  854,  345,  259,  738,  818,   21,  699,  389,  733,  174,  828,  934,  708,  655,  251,   50,  736,  593,  890,  257,  761,   97,  917,  598,  548,  789,  371,  251,  213,    0,  573,  898,  568,  626,  619,  237,  422,  366,  812,  769,  800,  683,  754,  994,  431,  844,  683,  153,   72,  750,  726,  565],
        [  332,  332,  544,  240,  546,  297,  343,  323,  234,  303,  363,  596,  464,  188,  476,  632,  376,   19,  668,  541,  422,  623,  305,  291,  373,  174,  287,  594,  133,  423,  349,  509,  450,  398,  503,  429,  434,  622,  318,  222,  782,  329,  192,  607,  387,  373,  155,  237,  281,  354,  533,  573,    0,  676,  391,  106,  368,  538,  347,  397,  253,  221,  229,  215,  690,  522,  291,  292,  286,  432,  535,  544,  364,  510],
        [  765,  765, 1218,  683,  140,  601,  791,  592,  541,  376,  313,  113,  366,  808,  269,  970,  431,  670,  915,  247, 1040,  762,  858,  605,  885,  630,  541,  912,  640,  510,  340,  968, 1110,  943, 1177,  269,  649,  935,  981,  897,  177,  812,  653,  850,  544,  336,  532,  812,  867,  684,  702,  898,  676,    0, 1053,  581,  327,  682,  493,  536,  800,  811,  675,  876,  226,  422,  511,  843,  396,  769,  918,  153,  319,  339],
        [  581,  581,  239,  420,  917,  523,  573,  667,  609,  689,  745,  981,  851,  371,  867,  587,  681,  403,  682,  881,  138,  730,  462,  517,  317,  523,  653,  585,  487,  675,  738,  410,  281,  499,  149,  791,  601,  604,  245,  186, 1137,  357,  524,  651,  743,  727,  522,  428,  234,  502,  666,  568,  391, 1053,    0,  496,  730,  684,  627,  639,  460,  409,  540,  276, 1026,  900,  582,  462,  674,  508,  500,  911,  751,  824],
        [  309,  309,  639,  287,  457,  309,  327,  248,  143,  206,  269,  496,  360,  239,  371,  690,  336,   94,  711,  471,  525,  642,  328,  306,  454,  122,  198,  646,   95,  405,  247,  586,  532,  424,  604,  349,  450,  675,  401,  323,  699,  400,  151,  646,  300,  300,  105,  265,  375,  386,  550,  626,  106,  581,  496,    0,  291,  550,  324,  385,  268,  256,  192,  296,  617,  421,  271,  314,  187,  477,  597,  457,  265,  455],
        [  556,  556,  909,  359,  189,  289,  579,  417,  319,  125,   89,  280,  322,  529,  249,  692,  149,  367,  662,  182,  714,  536,  610,  292,  564,  380,  350,  635,  373,  252,  149,  659,  816,  704,  859,   62,  374,  662,  685,  584,  415,  492,  408,  594,  413,   25,  215,  551,  540,  380,  455,  619,  368,  327,  730,  291,    0,  442,  198,  261,  549,  544,  443,  580,  327,  410,  196,  595,  145,  474,  623,  181,  129,  189],
        [  856,  856,  920,  311,  562,  243,  872,  781,  667,  534,  527,  688,  758,  719,  690,  302,  293,  552,  233,  436,  589,   97,  842,  248,  378,  672,  717,  244,  640,  191,  579,  372,  902,  933,  833,  464,  104,  263,  788,  643,  658,  328,  700,  170,  807,  418,  451,  774,  453,  197,   25,  237,  538,  682,  684,  550,  442,    0,  256,  186,  790,  757,  740,  709,  521,  846,  292,  829,  543,  181,  283,  541,  565,  344],
        [  631,  631,  838,  212,  357,  114,  650,  535,  422,  279,  277,  469,  505,  534,  443,  495,   63,  356,  467,  270,  579,  352,  644,  119,  399,  443,  469,  438,  418,   82,  325,  475,  777,  739,  770,  236,  178,  465,  649,  520,  529,  327,  473,  398,  555,  177,  219,  577,  408,  191,  265,  422,  347,  493,  627,  324,  198,  256,    0,   71,  586,  564,  513,  553,  406,  592,   56,  630,  288,  280,  430,  341,  313,  199],
        [  694,  694,  859,  220,  403,  118,  712,  603,  490,  348,  343,  522,  574,  584,  508,  439,  113,  408,  402,  299,  577,  282,  698,  125,  383,  506,  538,  381,  479,   37,  393,  440,  811,  793,  786,  291,  116,  407,  686,  551,  550,  313,  535,  334,  625,  238,  281,  631,  411,  161,  196,  366,  397,  536,  639,  385,  261,  186,   71,    0,  642,  617,  576,  594,  420,  661,  115,  685,  358,  235,  383,  385,  381,  214],
        [  121,  121,  496,  490,  693,  548,  116,  249,  259,  441,  506,  698,  487,   97,  547,  866,  603,  238,  913,  730,  553,  875,   62,  543,  584,  173,  271,  833,  177,  665,  463,  722,  349,  157,  505,  602,  686,  861,  248,  286,  939,  558,  147,  855,  327,  562,  370,   33,  473,  605,  785,  812,  253,  800,  460,  268,  549,  790,  586,  642,    0,   53,  129,  185,  872,  504,  531,   47,  419,  679,  766,  698,  487,  721],
        [  173,  173,  456,  453,  699,  518,  168,  285,  276,  445,  510,  713,  514,   46,  566,  821,  586,  210,  871,  725,  501,  840,   86,  512,  536,  182,  297,  790,  174,  642,  472,  674,  315,  177,  458,  600,  654,  817,  205,  234,  944,  513,  163,  815,  363,  556,  353,   22,  424,  568,  751,  769,  221,  811,  409,  256,  544,  757,  564,  617,   53,    0,  157,  133,  870,  538,  508,   75,  423,  639,  721,  702,  495,  710],
        [  119,  119,  611,  463,  573,  498,  140,  130,  135,  327,  390,  572,  359,  178,  419,  860,  519,  211,  891,  622,  611,  831,  184,  494,  598,   70,  143,  821,  102,  594,  342,  736,  471,  270,  608,  491,  639,  849,  360,  356,  819,  557,   41,  828,  209,  459,  295,  149,  498,  570,  739,  800,  229,  675,  540,  192,  443,  740,  513,  576,  129,  157,    0,  274,  760,  382,  461,  170,  305,  656,  764,  580,  367,  624],
        [  305,  305,  350,  399,  752,  483,  299,  403,  368,  501,  565,  787,  614,   98,  651,  728,  588,  214,  792,  755,  372,  783,  195,  476,  436,  273,  402,  704,  247,  624,  539,  569,  237,  256,  335,  640,  608,  729,  106,  107,  992,  427,  265,  741,  481,  586,  369,  153,  320,  513,  698,  683,  215,  876,  276,  296,  580,  709,  553,  594,  185,  133,  274,    0,  903,  650,  498,  191,  481,  568,  629,  752,  558,  724],
        [  867,  867, 1222,  616,  208,  518,  892,  710,  629,  433,  371,  306,  528,  855,  424,  822,  347,  690,  748,  149,  984,  586,  933,  524,  800,  701,  648,  763,  697,  386,  425,  855, 1139, 1026, 1164,  271,  517,  783, 1008,  898,  138,  728,  729,  689,  682,  318,  535,  876,  812,  580,  544,  754,  690,  226, 1026,  617,  327,  521,  406,  420,  872,  870,  760,  903,    0,  603,  445,  918,  456,  647,  787,  192,  399,  208],
        [  422,  422,  993,  675,  397,  650,  447,  256,  292,  316,  322,  312,   89,  557,  183, 1065,  556,  507, 1055,  518,  943,  942,  548,  649,  866,  379,  249, 1012,  413,  658,  268,  989,  852,  611,  984,  411,  766, 1041,  740,  716,  598,  804,  385,  986,  179,  435,  458,  529,  795,  743,  856,  994,  522,  422,  900,  421,  410,  846,  592,  661,  504,  538,  382,  650,  603,    0,  567,  537,  311,  842,  982,  417,  283,  576],
        [  579,  579,  788,  175,  372,   94,  598,  491,  376,  252,  263,  475,  482,  478,  430,  504,   99,  300,  489,  304,  542,  388,  588,   96,  374,  392,  426,  449,  365,  135,  303,  464,  723,  684,  723,  245,  202,  477,  595,  468,  563,  301,  421,  420,  516,  180,  167,  522,  369,  186,  297,  431,  291,  511,  582,  271,  196,  292,   56,  115,  531,  508,  461,  498,  445,  567,    0,  575,  258,  282,  430,  359,  295,  242],
        [  131,  131,  474,  526,  738,  589,  116,  282,  303,  487,  552,  741,  525,  119,  589,  895,  648,  279,  946,  776,  563,  913,   15,  583,  609,  218,  311,  864,  223,  709,  508,  747,  322,  111,  492,  648,  726,  891,  235,  297,  985,  588,  192,  889,  358,  608,  415,   56,  496,  642,  824,  844,  292,  843,  462,  314,  595,  829,  630,  685,   47,   75,  170,  191,  918,  537,  575,    0,  465,  713,  795,  743,  532,  767],
        [  414,  414,  825,  372,  277,  339,  439,  273,  176,   23,   88,  310,  228,  415,  201,  755,  263,  278,  745,  319,  684,  639,  480,  339,  572,  247,  206,  702,  249,  361,   65,  688,  715,  571,  788,  187,  458,  730,  586,  507,  522,  506,  274,  677,  275,  166,  165,  426,  520,  433,  551,  683,  286,  396,  674,  187,  145,  543,  288,  358,  419,  423,  305,  481,  456,  311,  258,  465,    0,  531,  673,  280,   79,  333],
        [  763,  763,  746,  194,  635,  193,  774,  723,  612,  530,  545,  748,  759,  597,  712,  224,  340,  450,  237,  533,  408,  225,  724,  193,  197,  592,  667,  173,  554,  264,  582,  209,  740,  809,  656,  516,  131,  202,  635,  489,  781,  154,  616,  176,  765,  455,  396,  658,  282,   99,  161,  153,  432,  769,  508,  477,  474,  181,  280,  235,  679,  639,  656,  568,  647,  842,  282,  713,  531,    0,  150,  618,  577,  446],
        [  863,  863,  736,  313,  784,  339,  871,  845,  738,  673,  692,  898,  901,  677,  858,  100,  489,  554,  183,  679,  374,  275,  805,  337,  196,  705,  793,   86,  665,  410,  727,  103,  763,  882,  638,  665,  272,  105,  676,  534,  922,  209,  726,  166,  894,  604,  528,  742,  312,  245,  258,   72,  535,  918,  500,  597,  623,  283,  430,  383,  766,  721,  764,  629,  787,  982,  430,  795,  673,  150,    0,  767,  723,  590],
        [  683,  683, 1086,  531,   23,  449,  708,  521,  447,  258,  192,  153,  338,  692,  236,  823,  279,  541,  773,  117,  892,  626,  758,  453,  732,  526,  460,  764,  528,  362,  239,  815,  988,  849, 1039,  120,  500,  788,  857,  762,  243,  660,  552,  707,  490,  186,  394,  705,  718,  531,  559,  750,  544,  153,  911,  457,  181,  541,  341,  385,  698,  702,  580,  752,  192,  417,  359,  743,  280,  618,  767,    0,  214,  203],
        [  470,  470,  903,  432,  207,  385,  495,  313,  234,   63,   41,  232,  194,  490,  137,  799,  274,  357,  779,  274,  758,  660,  547,  386,  636,  316,  249,  744,  323,  376,   27,  745,  792,  636,  867,  145,  490,  772,  663,  586,  453,  567,  341,  710,  294,  154,  236,  497,  591,  479,  576,  726,  364,  319,  751,  265,  129,  565,  313,  381,  487,  495,  367,  558,  399,  283,  295,  532,   79,  577,  723,  214,    0,  308],
        [  739,  739, 1028,  410,  225,  311,  762,  605,  505,  313,  269,  354,  489,  688,  398,  636,  143,  514,  576,   93,  777,  425,  782,  316,  593,  558,  538,  577,  545,  182,  331,  653,  956,  877,  964,  166,  319,  599,  825,  706,  337,  521,  587,  512,  599,  168,  359,  719,  606,  374,  364,  565,  510,  339,  824,  455,  189,  344,  199,  214,  721,  710,  624,  724,  208,  576,  242,  767,  333,  446,  590,  203,  308,    0]
    ]
}
