{
    "name": "random-57-30815",
    "comment": "size=57 seed=30815",
    "nodes": ["+0", "-0", "+1", "-1", "+2", "-2", "+3", "-3", "+4", "-4", "+5", "-5", "+6", "-6", "+7", "-7", "+8", "-8", "+9", "-9", "+10", "-10", "+11", "-11", "+12", "-12", "+13", "-13", "+14", "-14", "+15", "-15", "+16", "-16", "+17", "-17", "+18", "-18", "+19", "-19", "+20", "-20", "+21", "-21", "+22", "-22", "+23", "-23", "+24", "-24", "+25", "-25", "+26", "-26", "+27", "-27", "+28", "-28", "+29", "-29", "+30", "-30", "+31", "-31", "+32", "-32", "+33", "-33", "+34", "-34", "+35", "-35", "+36", "-36", "+37", "-37", "+38", "-38", "+39", "-39", "+40", "-40", "+41", "-41", "+42", "-42", "+43", "-43", "+44", "-44", "+45", "-45", "+46", "-46", "+47", "-47", "+48", "-48", "+49", "-49", "+50", "-50", "+51", "-51", "+52", "-52", "+53", "-53", "+54", "-54", "+55", "-55", "+56", "-56", "+57", "-57"],
    "precedence": {
        "+0": "-0",
        "+1": "-1",
        "+2": "-2",
        "+3": "-3",
        "+4": "-4",
        "+5": "-5",
        "+6": "-6",
        "+7": "-7",
        "+8": "-8",
        "+9": "-9",
        "+10": "-10",
        "+11": "-11",
        "+12": "-12",
        "+13": "-13",
        "+14": "-14",
        "+15": "-15",
        "+16": "-16",
        "+17": "-17",
        "+18": "-18",
        "+19": "-19",
        "+20": "-20",
        "+21": "-21",
        "+22": "-22",
        "+23": "-23",
        "+24": "-24",
        "+25": "-25",
        "+26": "-26",
        "+27": "-27",
        "+28": "-28",
        "+29": "-29",
        "+30": "-30",
        "+31": "-31",
        "+32": "-32",
        "+33": "-33",
        "+34": "-34",
        "+35": "-35",
        "+36": "-36",
        "+37": "-37",
        "+38": "-38",
        "+39": "-39",
        "+40": "-40",
        "+41": "-41",
        "+42": "-42",
        "+43": "-43",
        "+44": "-44",
        "+45": "-45",
        "+46": "-46",
        "+47": "-47",
        "+48": "-48",
        "+49": "-49",
        "+50": "-50",
        "+51": "-51",
        "+52": "-52",
        "+53": "-53",
        "+54": "-54",
        "+55": "-55",
        "+56": "-56",
        "+57": "-57"
    },
    "edges": [
        [    0,    0,  618,  367,  551,  812,  508,   97,  246,  240,  362,  324,  616,  128,  658,  845,  290,  542,  654,  214,  593,  327,  611,  447,  641,  581,  255,  703,  739,  247,  126,  471,  767,  698,  570,  519,  278,  576,  261,  380,  498,  289,  209,  227,  528,  468,  248,  357,  415,  221,  234,  229,  328,  316,  573,  415,  169,  709,  566,  685,  349,  299,  745,  642,  238,  406,  223,  275,  762,  865,  114,  286,  470,  769,  228,  327,  584,  328,  247,  743,  615,  581,  225,  285,  509,  715,  361,  148,  533,  442,  124,  222,  278,  619,  500,  444,  273,  678,  249,  243,  656,  512,  462,  361,  690,  160,  584,  430,  347,  737,  380,  381,  614,  258,  493,  355],
        [    0,    0,    0,    0,    0,    0,    0,    0,    0,    0,    0,    0,    0,    0,    0,    0,    0,    0,    0,    0,    0,    0,    0,    0,    0,    0,    0,    0,    0,    0,    0,    0,    0,    0,    0,    0,    0,    0,    0,    0,    0,    0,    0,    0,    0,    0,    0,    0,    0,    0,    0,    0,    0,    0,    0,    0,    0,    0,    0,    0,    0,    0,    0,    0,    0,    0,    0,    0,    0,    0,    0,    0,    0,    0,    0,    0,    0,    0,    0,    0,    0,    0,    0,    0,    0,    0,    0,    0,    0,    0,    0,    0,    0,    0,    0,    0,    0,    0,    0,    0,    0,    0,    0,    0,    0,    0,    0,    0,    0,    0,    0,    0,    0,    0,    0,    0],
        [  618,    0,    0,  931,  578,  200,  773,  689,  860,  826,  960,  528,  487,  602,   76,  286,  899,  781,  242,  798,   91,  749,  178,  301,  349,  237,  392,  133,  310,  845,  531,  556,  181,  224,   53,  625,  455,  265,  796,  948,  280,  893,  824,  766,  109,  407,  693,  629,  787,  535,  821,  786,  585,  660,  470,  398,  595,  214,  482,  162,  380,  699,  288,   46,  548,  778,  813,  420,  374,  307,  686,  862,  801,  321,  402,  579,  331,  324,  498,  371,  415,   37,  485,  351,  375,  482,  448,  471,  505,  192,  499,  784,  637,  378,  170,  211,  873,   61,  628,  850,  287,  124,  402,  341,  260,  775,  633,  839,  295,  581,  988,  566,  421,  876,  626,  281],
        [  367,    0,  931,    0,  618, 1130,  804,  372,  186,  380,   98,  454,  981,  474,  984, 1186,  316,  841, 1009,  153,  883,  597,  871,  682, 1005,  937,  539, 1036, 1097,  347,  492,  551, 1098, 1048,  879,  551,  490,  936,  465,   18,  859,  128,  206,  165,  858,  834,  255,  688,  684,  404,  377,  426,  410,  332,  704,  604,  337, 1056,  930,  954,  576,  278, 1100,  963,  397,  677,  369,  640, 1124, 1207,  396,   82,  744, 1126,  533,  672,  784,  682,  611, 1106,  776,  895,  450,  581,  875,  854,  537,  494,  894,  778,  453,  419,  330,  984,  843,  728,  125,  990,  577,  321,  875,  812,  828,  607, 1046,  290,  930,  669,  697,  828,  149,  729,  980,  224,  833,  701],
        [  551,    0,  578,  618,    0,  741, 1010,  646,  673,  777,  697,  228,  929,  649,  652,  860,  791, 1038,  783,  568,  491,  864,  423,  291,  852,  738,  382,  710,  869,  771,  587,   81,  752,  787,  533,   75,  296,  756,  811,  634,  711,  664,  652,  498,  579,  783,  388,  839,  946,  331,  771,  777,  235,  294,  126,  212,  391,  782,  896,  497,  280,  346,  853,  622,  315,  936,  759,  628,  924,  880,  665,  592,  992,  886,  419,  791,  268,  575,  674,  915,  208,  556,  338,  399,  789,  250,  217,  500,  889,  556,  474,  770,  312,  860,  615,  400,  643,  616,  759,  756,  358,  472,  775,  309,  813,  667,  994,  971,  561,  212,  745,  822,  885,  713,  932,  549],
        [  812,    0,  200, 1130,  741,    0,  900,  878, 1056, 1011, 1158,  722,  553,  785,  157,  151, 1088,  901,  279,  997,  262,  910,  319,  486,  395,  323,  591,  130,  289, 1032,  718,  733,   80,  224,  252,  798,  652,  350,  973, 1147,  402, 1090, 1019,  966,  286,  525,  892,  776,  935,  733, 1006,  967,  778,  855,  623,  583,  794,  203,  566,  250,  574,  896,  258,  171,  745,  928,  999,  592,  351,  164,  873, 1061,  940,  279,  601,  731,  477,  502,  667,  359,  554,  236,  684,  550,  480,  594,  639,  665,  602,  374,  695,  966,  834,  436,  328,  408, 1071,  141,  795, 1038,  402,  321,  523,  536,  269,  968,  724,  991,  476,  700, 1185,  706,  483, 1070,  742,  464],
        [  508,    0,  773,  804, 1010,  900,    0,  448,  622,  435,  748,  795,  395,  382,  761,  844,  525,   39,  632,  669,  810,  208,  876,  797,  535,  577,  633,  771,  670,  471,  427,  935,  825,  691,  752,  996,  715,  552,  346,  810,  502,  683,  598,  714,  667,  375,  755,  172,  129,  699,  436,  381,  816,  820,  989,  821,  669,  712,  357,  914,  745,  806,  695,  766,  720,  133,  441,  402,  646,  856,  422,  729,   76,  699,  594,  223,  936,  490,  340,  626,  999,  747,  676,  628,  421, 1101,  795,  510,  312,  599,  541,  388,  781,  491,  603,  726,  680,  818,  261,  497,  967,  736,  378,  730,  654,  515,  227,  172,  517, 1157,  732,  212,  451,  592,  163,  535],
        [   97,    0,  689,  372,  646,  878,  448,    0,  212,  147,  341,  419,  619,  111,  722,  898,  211,  485,  696,  226,  672,  252,  697,  539,  667,  623,  346,  763,  777,  159,  162,  566,  827,  745,  643,  611,  374,  614,  166,  381,  536,  267,  178,  266,  592,  483,  319,  318,  343,  317,  141,  132,  419,  398,  670,  511,  259,  758,  568,  768,  444,  372,  786,  708,  332,  334,  131,  306,  792,  917,   27,  292,  400,  808,  315,  302,  678,  380,  256,  772,  712,  652,  322,  371,  529,  811,  458,  223,  529,  504,  212,  126,  362,  640,  556,  528,  257,  749,  206,  161,  747,  590,  477,  453,  732,   99,  558,  348,  404,  834,  346,  359,  628,  207,  462,  415],
        [  246,    0,  860,  186,  673, 1056,  622,  212,    0,  195,  131,  467,  831,  322,  903, 1091,  141,  660,  897,  107,  828,  415,  835,  656,  876,  824,  480,  949,  981,  162,  360,  596, 1013,  942,  811,  618,  465,  817,  280,  190,  739,   62,   37,  181,  772,  693,  287,  517,  500,  383,  191,  242,  441,  383,  733,  599,  308,  954,  779,  913,  550,  336,  988,  886,  387,  493,  184,  511,  999, 1111,  232,  124,  560, 1011,  461,  508,  780,  573,  466,  980,  793,  823,  415,  516,  739,  883,  534,  393,  739,  687,  362,  235,  361,  850,  745,  675,   62,  920,  409,  136,  863,  749,  688,  572,  933,  116,  761,  484,  593,  880,  136,  566,  839,   46,  663,  601],
        [  240,    0,  826,  380,  777, 1011,  435,  147,  195,    0,  315,  552,  693,  226,  854, 1019,   98,  473,  811,  270,  815,  230,  842,  685,  766,  738,  492,  892,  886,   38,  295,  697,  956,  863,  782,  735,  516,  725,   89,  384,  648,  254,  181,  336,  726,  575,  419,  355,  310,  452,    7,   59,  545,  509,  810,  654,  386,  877,  642,  911,  589,  473,  898,  843,  465,  304,   18,  424,  893, 1038,  142,  314,  370,  917,  461,  361,  824,  509,  359,  872,  855,  790,  463,  517,  625,  954,  598,  367,  598,  638,  358,   55,  477,  734,  685,  673,  256,  885,  260,   63,  893,  731,  571,  599,  845,  117,  597,  290,  535,  971,  297,  417,  715,  160,  499,  548],
        [  362,    0,  960,   98,  697, 1158,  748,  341,  131,  315,    0,  516,  960,  450, 1008, 1203,  237,  786, 1015,  163,  920,  541,  917,  730, 1000,  942,  571, 1056, 1101,  279,  482,  626, 1120, 1058,  909,  633,  537,  938,  403,   90,  859,   75,  164,  211,  879,  821,  317,  648,  624,  450,  313,  367,  478,  405,  775,  661,  378, 1068,  909,  998,  624,  352, 1106,  989,  448,  618,  307,  633, 1122, 1223,  363,  109,  684, 1130,  558,  639,  843,  688,  593, 1103,  843,  923,  491,  610,  865,  926,  594,  503,  869,  795,  466,  360,  396,  975,  857,  765,   90, 1020,  539,  253,  931,  844,  815,  651, 1052,  247,  892,  603,  706,  908,   52,  697,  966,  156,  794,  713],
        [  324,    0,  528,  454,  228,  722,  795,  419,  467,  552,  516,    0,  768,  425,  595,  809,  574,  825,  680,  368,  461,  639,  430,  241,  722,  620,  196,  653,  771,  548,  368,  148,  708,  700,  477,  202,   97,  631,  584,  472,  570,  469,  441,  306,  487,  614,  201,  627,  723,  103,  546,  550,   57,  136,  266,  153,  168,  702,  728,  514,  150,  184,  763,  569,   88,  713,  535,  435,  816,  830,  438,  408,  772,  794,  225,  581,  330,  405,  467,  803,  328,  497,  120,  231,  631,  417,   87,  287,  712,  433,  254,  544,  125,  720,  501,  318,  448,  582,  539,  536,  422,  406,  605,  189,  714,  446,  804,  746,  401,  420,  559,  619,  736,  503,  732,  394],
        [  616,    0,  487,  981,  929,  553,  395,  619,  831,  693,  960,  768,    0,  511,  446,  467,  790,  383,  276,  828,  557,  499,  642,  651,  159,  252,  572,  434,  287,  728,  492,  873,  474,  330,  490,  945,  672,  223,  620,  993,  228,  886,  797,  840,  405,  157,  829,  348,  478,  705,  691,  636,  812,  854,  861,  718,  717,  352,   52,  648,  653,  865,  315,  462,  727,  475,  690,  354,  253,  476,  599,  899,  456,  312,  545,  333,  758,  363,  370,  234,  838,  476,  660,  541,  141,  928,  726,  518,   97,  385,  564,  639,  816,  118,  344,  547,  874,  512,  434,  746,  751,  511,  165,  621,  286,  716,  181,  537,  371, 1011,  964,  278,   71,  820,  236,  382],
        [  128,    0,  602,  474,  649,  785,  382,  111,  322,  226,  450,  425,  511,    0,  629,  796,  309,  416,  591,  323,  596,  216,  632,  493,  558,  517,  302,  666,  670,  250,   77,  570,  731,  641,  560,  625,  358,  507,  200,  485,  429,  376,  287,  350,  501,  373,  375,  230,  299,  324,  221,  185,  439,  438,  652,  485,  287,  655,  459,  696,  411,  425,  680,  618,  344,  289,  215,  201,  683,  815,   95,  393,  350,  700,  265,  203,  637,  284,  146,  663,  681,  567,  311,  316,  419,  784,  443,  166,  422,  413,  178,  182,  399,  530,  459,  462,  364,  661,  123,  260,  695,  513,  367,  411,  626,  209,  461,  323,  310,  820,  456,  258,  518,  316,  368,  323],
        [  658,    0,   76,  984,  652,  157,  761,  722,  903,  854, 1008,  595,  446,  629,    0,  215,  932,  766,  183,  847,  166,  757,  250,  373,  297,  196,  447,   59,  241,  876,  562,  630,  115,  154,  122,  699,  517,  225,  818, 1001,  260,  939,  866,  820,  131,  388,  752,  629,  788,  594,  849,  811,  651,  725,  545,  470,  650,  141,  448,  220,  446,  762,  217,   31,  608,  780,  842,  437,  305,  236,  716,  913,  796,  249,  452,  581,  405,  346,  512,  304,  489,  100,  543,  404,  348,  553,  517,  511,  477,  218,  543,  809,  700,  332,  173,  278,  920,   68,  641,  882,  357,  191,  384,  407,  195,  812,  603,  842,  320,  654, 1033,  560,  377,  915,  608,  308],
        [  845,    0,  286, 1186,  860,  151,  844,  898, 1091, 1019, 1203,  809,  467,  796,  215,    0, 1104,  839,  217, 1044,  370,  887,  444,  586,  312,  285,  654,  157,  181, 1045,  737,  842,  109,  160,  336,  910,  729,  304,  970, 1202,  375, 1131, 1054, 1023,  331,  481,  961,  743,  898,  804, 1015,  970,  865,  938,  747,  684,  856,  143,  492,  387,  660,  973,  152,  243,  819,  892, 1009,  596,  230,   22,  888, 1112,  893,  159,  655,  704,  603,  519,  663,  244,  684,  314,  752,  611,  430,  734,  731,  701,  534,  409,  737,  970,  912,  356,  346,  492, 1114,  245,  782, 1055,  539,  405,  480,  621,  191,  993,  646,  956,  498,  839, 1224,  669,  400, 1099,  681,  491],
        [  290,    0,  899,  316,  791, 1088,  525,  211,  141,   98,  237,  574,  790,  309,  932, 1104,    0,  563,  899,  241,  881,  323,  901,  734,  859,  826,  545,  972,  976,   63,  371,  712, 1037,  949,  854,  742,  553,  815,  182,  316,  737,  190,  146,  314,  803,  669,  413,  452,  398,  479,   99,  156,  556,  508,  838,  691,  407,  963,  739,  974,  633,  465,  987,  919,  488,  393,  101,  510,  985, 1123,  217,  264,  456, 1007,  518,  457,  868,  589,  449,  965,  890,  863,  500,  575,  718,  986,  631,  432,  694,  715,  413,  152,  481,  828,  766,  734,  199,  959,  356,   51,  943,  799,  664,  648,  934,  134,  694,  371,  614,  993,  211,  514,  810,   96,  595,  625],
        [  542,    0,  781,  841, 1038,  901,   39,  485,  660,  473,  786,  825,  383,  416,  766,  839,  563,    0,  630,  706,  822,  246,  891,  819,  529,  579,  659,  773,  664,  509,  458,  964,  826,  689,  762, 1026,  743,  552,  384,  848,  507,  721,  636,  750,  676,  379,  790,  199,  166,  730,  474,  419,  848,  854, 1013,  846,  702,  710,  349,  926,  770,  841,  689,  772,  751,  170,  479,  424,  636,  851,  458,  766,  111,  691,  621,  248,  956,  508,  366,  616, 1021,  757,  706,  652,  422, 1122,  822,  539,  306,  613,  572,  426,  814,  485,  612,  744,  718,  824,  294,  535,  984,  750,  383,  754,  651,  553,  209,  206,  534, 1181,  770,  229,  443,  631,  160,  552],
        [  654,    0,  242, 1009,  783,  279,  632,  696,  897,  811, 1015,  680,  276,  591,  183,  217,  899,  630,    0,  862,  328,  671,  417,  493,  119,   74,  500,  160,   92,  838,  538,  746,  200,   60,  266,  818,  589,   87,  758, 1024,  163,  942,  860,  850,  205,  264,  803,  526,  682,  651,  807,  760,  733,  796,  689,  582,  692,   81,  289,  400,  537,  824,   91,  206,  670,  675,  802,  391,  142,  233,  684,  932,  678,  118,  490,  487,  560,  328,  453,  134,  645,  245,  600,  458,  214,  720,  613,  516,  326,  248,  557,  760,  765,  158,  179,  385,  926,  250,  568,  850,  527,  314,  264,  499,   37,  794,  446,  739,  313,  816, 1032,  452,  205,  901,  471,  310],
        [  214,    0,  798,  153,  568,  997,  669,  226,  107,  270,  163,  368,  828,  323,  847, 1044,  241,  706,  862,    0,  758,  465,  756,  571,  854,  789,  409,  896,  949,  246,  339,  492,  960,  902,  747,  512,  378,  786,  345,  166,  709,  103,   96,   74,  718,  682,  181,  543,  555,  293,  266,  305,  338,  276,  633,  507,  218,  912,  778,  837,  465,  229,  952,  827,  293,  547,  255,  488,  974, 1065,  252,   72,  615,  978,  396,  523,  689,  534,  458,  955,  696,  762,  330,  448,  723,  784,  440,  346,  742,  636,  307,  297,  257,  832,  699,  603,   82,  858,  431,  223,  775,  682,  676,  491,  898,  160,  782,  549,  550,  776,  197,  580,  828,  151,  686,  556],
        [  593,    0,   91,  883,  491,  262,  810,  672,  828,  815,  920,  461,  557,  596,  166,  370,  881,  822,  328,  758,    0,  763,   90,  224,  428,  312,  350,  222,  400,  831,  522,  474,  262,  314,   67,  542,  397,  339,  795,  900,  337,  856,  793,  719,  154,  458,  638,  656,  810,  481,  809,  780,  517,  596,  380,  322,  547,  304,  545,  106,  315,  638,  379,  136,  491,  801,  800,  432,  462,  390,  673,  818,  830,  411,  368,  604,  240,  334,  510,  458,  324,   84,  434,  313,  434,  393,  377,  450,  563,  211,  471,  777,  576,  453,  219,  156,  836,  127,  640,  832,  200,   84,  452,  279,  349,  753,  690,  859,  305,  491,  951,  599,  493,  848,  671,  288],
        [  327,    0,  749,  597,  864,  910,  208,  252,  415,  230,  541,  639,  499,  216,  757,  887,  323,  246,  671,  465,  763,    0,  812,  695,  601,  603,  509,  783,  732,  267,  282,  785,  844,  728,  715,  839,  573,  584,  142,  603,  515,  476,  392,  515,  641,  411,  568,  153,   92,  538,  230,  174,  651,  642,  864,  696,  494,  746,  450,  867,  621,  621,  750,  754,  557,   83,  235,  331,  726,  903,  225,  523,  150,  763,  471,  184,  838,  430,  253,  705,  889,  717,  526,  516,  464,  992,  657,  374,  402,  559,  392,  181,  604,  563,  586,  647,  473,  802,  124,  291,  888,  681,  410,  616,  701,  309,  377,  108,  459, 1033,  526,  227,  534,  386,  281,  475],
        [  611,    0,  178,  871,  423,  319,  876,  697,  835,  842,  917,  430,  642,  632,  250,  444,  901,  891,  417,  756,   90,  812,    0,  191,  517,  400,  358,  304,  488,  854,  556,  418,  336,  401,  155,  480,  382,  426,  831,  888,  419,  857,  801,  710,  238,  536,  620,  717,  867,  468,  836,  813,  484,  566,  305,  281,  540,  391,  628,   85,  295,  613,  466,  221,  475,  857,  827,  486,  551,  463,  701,  812,  891,  498,  384,  663,  160,  390,  562,  547,  242,  173,  426,  327,  516,  304,  344,  475,  643,  280,  488,  809,  552,  541,  300,  171,  836,  201,  689,  853,  111,  141,  530,  266,  438,  769,  769,  913,  361,  404,  952,  664,  580,  859,  744,  344],
        [  447,    0,  301,  682,  291,  486,  797,  539,  656,  685,  730,  241,  651,  493,  373,  586,  734,  819,  493,  571,  224,  695,  191,    0,  563,  448,  195,  431,  579,  693,  418,  258,  481,  499,  252,  329,  194,  467,  687,  699,  427,  673,  623,  522,  288,  514,  429,  628,  762,  281,  679,  663,  296,  377,  211,   98,  354,  496,  623,  275,  107,  423,  565,  344,  285,  752,  668,  396,  634,  607,  547,  624,  797,  598,  229,  575,  144,  318,  460,  624,  203,  273,  242,  179,  512,  304,  155,  328,  623,  269,  328,  659,  361,  574,  326,  109,  652,  349,  574,  688,  210,  185,  506,   86,  523,  601,  738,  801,  297,  368,  767,  592,  602,  683,  691,  282],
        [  641,    0,  349, 1005,  852,  395,  535,  667,  876,  766, 1000,  722,  159,  558,  297,  312,  859,  529,  119,  854,  428,  601,  517,  563,    0,  119,  531,  278,  136,  797,  518,  807,  315,  171,  363,  880,  627,   97,  704, 1019,  154,  925,  840,  852,  286,  193,  820,  451,  600,  678,  763,  712,  772,  827,  769,  644,  707,  193,  181,  510,  590,  848,  161,  317,  698,  594,  760,  367,  127,  323,  651,  925,  588,  165,  513,  420,  650,  333,  413,  107,  733,  345,  629,  493,  142,  815,  666,  516,  224,  298,  561,  713,  792,   44,  238,  455,  911,  364,  512,  812,  628,  399,  196,  553,  127,  766,  336,  658,  328,  906, 1011,  376,   90,  873,  372,  331],
        [  581,    0,  237,  937,  738,  323,  577,  623,  824,  738,  942,  620,  252,  517,  196,  285,  826,  579,   74,  789,  312,  603,  400,  448,  119,    0,  435,  195,  161,  765,  464,  696,  248,  126,  245,  769,  528,   30,  686,  952,   90,  869,  787,  779,  168,  204,  735,  462,  619,  586,  734,  688,  672,  733,  651,  532,  623,  143,  252,  398,  482,  758,  165,  211,  605,  612,  729,  317,  197,  303,  611,  860,  619,  189,  423,  420,  531,  256,  380,  183,  615,  229,  535,  394,  158,  696,  558,  444,  282,  188,  486,  688,  700,  142,  124,  339,  853,  262,  498,  776,  510,  280,  202,  444,  110,  720,  408,  676,  242,  788,  959,  389,  184,  827,  419,  241],
        [  255,    0,  392,  539,  382,  591,  633,  346,  480,  492,  571,  196,  572,  302,  447,  654,  545,  659,  500,  409,  350,  509,  358,  195,  531,  435,    0,  500,  591,  501,  228,  313,  561,  528,  341,  382,  100,  443,  494,  556,  378,  506,  445,  375,  324,  418,  308,  462,  583,  153,  486,  469,  243,  298,  358,  189,  203,  533,  533,  434,  113,  325,  587,  425,  171,  573,  476,  248,  631,  675,  354,  471,  623,  617,   40,  412,  336,  209,  294,  617,  381,  356,  101,   44,  435,  484,  166,  137,  519,  254,  135,  465,  266,  526,  322,  196,  486,  452,  393,  498,  402,  274,  410,  110,  535,  413,  616,  617,  206,  527,  602,  441,  541,  502,  551,  200],
        [  703,    0,  133, 1036,  710,  130,  771,  763,  949,  892, 1056,  653,  434,  666,   59,  157,  972,  773,  160,  896,  222,  783,  304,  431,  278,  195,  500,    0,  198,  915,  602,  688,   65,  116,  180,  757,  573,  223,  851, 1052,  273,  986,  912,  872,  179,  396,  807,  648,  807,  649,  887,  846,  709,  782,  602,  528,  703,   98,  442,  264,  504,  818,  171,   88,  664,  799,  880,  470,  264,  178,  756,  963,  811,  201,  503,  603,  461,  384,  543,  266,  544,  159,  598,  457,  352,  604,  575,  557,  476,  262,  591,  845,  756,  317,  208,  336,  968,  107,  669,  922,  407,  249,  394,  464,  161,  855,  600,  862,  360,  707, 1080,  577,  363,  960,  614,  350],
        [  739,    0,  310, 1097,  869,  289,  670,  777,  981,  886, 1101,  771,  287,  670,  241,  181,  976,  664,   92,  949,  400,  732,  488,  579,  136,  161,  591,  198,    0,  915,  621,  834,  211,   87,  342,  906,  681,  164,  828, 1112,  242, 1027,  944,  939,  291,  321,  894,  583,  734,  743,  882,  833,  824,  888,  771,  670,  782,  101,  315,  459,  628,  915,   32,  268,  761,  728,  878,  471,   66,  190,  764, 1019,  724,   32,  581,  549,  637,  415,  528,   71,  722,  321,  692,  549,  269,  792,  703,  604,  359,  339,  646,  834,  856,  179,  271,  472, 1012,  303,  637,  927,  596,  398,  323,  589,   57,  875,  467,  792,  402,  891, 1116,  508,  222,  983,  508,  401],
        [  247,    0,  845,  347,  771, 1032,  471,  159,  162,   38,  279,  548,  728,  250,  876, 1045,   63,  509,  838,  246,  831,  267,  854,  693,  797,  765,  501,  915,  915,    0,  315,  690,  979,  889,  801,  726,  519,  754,  126,  350,  676,  221,  153,  315,  747,  607,  404,  391,  346,  450,   38,   96,  537,  496,  809,  657,  381,  904,  676,  926,  594,  458,  927,  864,  461,  340,   38,  450,  923, 1064,  160,  284,  406,  946,  472,  395,  829,  532,  387,  903,  857,  809,  465,  528,  656,  955,  599,  381,  632,  659,  367,   91,  466,  766,  708,  686,  224,  905,  294,   27,  902,  748,  602,  607,  873,  104,  634,  325,  557,  968,  261,  452,  747,  125,  535,  569],
        [  126,    0,  531,  492,  587,  718,  427,  162,  360,  295,  482,  368,  492,   77,  562,  737,  371,  458,  538,  339,  522,  282,  556,  418,  518,  464,  228,  602,  621,  315,    0,  511,  666,  585,  488,  570,  293,  458,  276,  505,  379,  408,  324,  350,  432,  343,  352,  262,  360,  272,  290,  259,  390,  401,  582,  414,  250,  598,  442,  621,  340,  397,  628,  549,  293,  350,  282,  152,  640,  756,  155,  411,  405,  651,  190,  222,  562,  219,  125,  621,  609,  495,  251,  240,  384,  711,  377,   92,  410,  344,  115,  256,  362,  495,  395,  386,  394,  591,  172,  321,  619,  438,  337,  337,  574,  257,  470,  390,  243,  751,  496,  269,  489,  363,  384,  254],
        [  471,    0,  556,  551,   81,  733,  935,  566,  596,  697,  626,  148,  873,  570,  630,  842,  712,  964,  746,  492,  474,  785,  418,  258,  807,  696,  313,  688,  834,  690,  511,    0,  735,  756,  509,   74,  222,  711,  731,  567,  661,  589,  574,  423,  543,  724,  313,  766,  868,  250,  690,  697,  156,  222,  159,  165,  311,  753,  838,  498,  221,  275,  821,  600,  234,  858,  679,  560,  886,  862,  585,  520,  915,  854,  349,  718,  277,  514,  602,  876,  239,  530,  261,  335,  734,  305,  149,  425,  828,  509,  397,  690,  236,  811,  573,  363,  569,  601,  682,  676,  372,  442,  715,  255,  777,  587,  928,  893,  503,  285,  673,  751,  833,  635,  863,  492],
        [  767,    0,  181, 1098,  752,   80,  825,  827, 1013,  956, 1120,  708,  474,  731,  115,  109, 1037,  826,  200,  960,  262,  844,  336,  481,  315,  248,  561,   65,  211,  979,  666,  735,    0,  145,  232,  803,  631,  274,  914, 1114,  331, 1050,  976,  934,  242,  452,  867,  707,  865,  708,  951,  910,  764,  838,  639,  578,  764,  123,  488,  282,  559,  876,  180,  140,  723,  858,  945,  534,  275,  128,  820, 1026,  867,  204,  566,  663,  495,  448,  606,  282,  576,  212,  658,  518,  405,  628,  628,  621,  524,  326,  654,  909,  814,  357,  272,  390, 1032,  137,  732,  987,  432,  302,  450,  520,  190,  920,  645,  921,  424,  733, 1144,  635,  403, 1024,  666,  414],
        [  698,    0,  224, 1048,  787,  224,  691,  745,  942,  863, 1058,  700,  330,  641,  154,  160,  949,  689,   60,  902,  314,  728,  401,  499,  171,  126,  528,  116,   87,  889,  585,  756,  145,    0,  258,  827,  613,  145,  812, 1063,  216,  986,  905,  887,  215,  323,  834,  584,  740,  680,  858,  813,  755,  822,  687,  592,  725,   22,  346,  373,  554,  852,   67,  182,  697,  734,  853,  440,  152,  177,  734,  972,  737,  100,  522,  544,  552,  370,  505,  152,  637,  236,  628,  485,  273,  705,  629,  557,  385,  275,  596,  813,  792,  213,  207,  394,  969,  217,  623,  900,  510,  316,  322,  515,   47,  841,  503,  798,  353,  804, 1077,  510,  260,  948,  530,  348],
        [  570,    0,   53,  879,  533,  252,  752,  643,  811,  782,  909,  477,  490,  560,  122,  336,  854,  762,  266,  747,   67,  715,  155,  252,  363,  245,  341,  180,  342,  801,  488,  509,  232,  258,    0,  579,  402,  272,  756,  896,  271,  842,  775,  715,   89,  394,  641,  602,  758,  482,  777,  745,  533,  608,  430,  349,  543,  251,  479,  165,  328,  647,  323,   93,  495,  749,  769,  385,  403,  356,  642,  811,  775,  356,  352,  550,  296,  287,  463,  398,  381,   23,  433,  300,  368,  455,  397,  424,  498,  157,  450,  742,  585,  387,  154,  159,  823,  112,  594,  804,  265,   71,  389,  289,  289,  728,  625,  809,  258,  551,  938,  542,  427,  828,  610,  242],
        [  519,    0,  625,  551,   75,  798,  996,  611,  618,  735,  633,  202,  945,  625,  699,  910,  742, 1026,  818,  512,  542,  839,  480,  329,  880,  769,  382,  757,  906,  726,  570,   74,  803,  827,  579,    0,  287,  785,  776,  567,  734,  604,  599,  440,  615,  795,  331,  828,  924,  302,  729,  740,  192,  236,  196,  238,  353,  824,  909,  558,  293,  285,  893,  670,  283,  914,  717,  628,  959,  931,  631,  530,  973,  926,  416,  781,  332,  585,  666,  949,  279,  600,  320,  406,  806,  325,  220,  487,  899,  582,  455,  733,  261,  884,  646,  435,  584,  668,  740,  709,  424,  513,  787,  328,  850,  622,  997,  945,  575,  280,  682,  817,  906,  660,  929,  564],
        [  278,    0,  455,  490,  296,  652,  715,  374,  465,  516,  537,   97,  672,  358,  517,  729,  553,  743,  589,  378,  397,  573,  382,  194,  627,  528,  100,  573,  681,  519,  293,  222,  631,  613,  402,  287,    0,  537,  535,  507,  475,  480,  434,  329,  402,  518,  242,  545,  652,   87,  510,  505,  146,  210,  297,  139,  161,  616,  632,  464,   87,  246,  674,  492,   95,  642,  499,  342,  724,  750,  388,  431,  697,  705,  131,  497,  316,  309,  380,  710,  339,  421,   54,  135,  535,  438,   86,  205,  618,  342,  181,  499,  183,  624,  410,  245,  459,  511,  464,  510,  398,  332,  509,  118,  624,  421,  712,  680,  305,  464,  574,  531,  640,  495,  643,  298],
        [  576,    0,  265,  936,  756,  350,  552,  614,  817,  725,  938,  631,  223,  507,  225,  304,  815,  552,   87,  786,  339,  584,  426,  467,   97,   30,  443,  223,  164,  754,  458,  711,  274,  145,  272,  785,  537,    0,  671,  950,   79,  864,  781,  779,  192,  180,  739,  440,  597,  592,  722,  674,  682,  740,  672,  548,  626,  164,  223,  426,  496,  764,  173,  240,  612,  590,  717,  308,  191,  320,  601,  857,  595,  194,  428,  401,  554,  255,  367,  175,  638,  256,  542,  403,  132,  721,  572,  443,  254,  203,  486,  674,  707,  115,  142,  358,  848,  291,  481,  766,  536,  304,  179,  459,  120,  712,  379,  654,  245,  811,  953,  366,  156,  819,  393,  246],
        [  261,    0,  796,  465,  811,  973,  346,  166,  280,   89,  403,  584,  620,  200,  818,  970,  182,  384,  758,  345,  795,  142,  831,  687,  704,  686,  494,  851,  828,  126,  276,  731,  914,  812,  756,  776,  535,  671,    0,  469,  596,  340,  261,  404,  692,  511,  475,  275,  222,  481,   91,   41,  584,  559,  831,  669,  423,  828,  569,  895,  599,  529,  843,  809,  497,  216,   97,  382,  830,  988,  147,  395,  282,  859,  459,  288,  830,  474,  309,  810,  869,  762,  483,  512,  563,  970,  619,  360,  523,  605,  362,   49,  524,  669,  646,  661,  340,  854,  192,  151,  892,  711,  508,  603,  790,  185,  513,  206,  502,  996,  386,  342,  646,  248,  416,  516],
        [  380,    0,  948,   18,  634, 1147,  810,  381,  190,  384,   90,  472,  993,  485, 1001, 1202,  316,  848, 1024,  166,  900,  603,  888,  699, 1019,  952,  556, 1052, 1112,  350,  505,  567, 1114, 1063,  896,  567,  507,  950,  469,    0,  873,  130,  213,  182,  874,  847,  272,  697,  689,  421,  381,  432,  427,  349,  721,  622,  354, 1072,  942,  971,  594,  295, 1115,  980,  414,  683,  373,  654, 1138, 1223,  406,   94,  750, 1141,  549,  682,  802,  697,  623, 1120,  793,  912,  467,  598,  888,  871,  554,  509,  906,  794,  468,  424,  347,  998,  859,  745,  131, 1007,  586,  324,  893,  828,  841,  625, 1061,  297,  939,  673,  712,  845,  139,  740,  993,  226,  843,  716],
        [  498,    0,  280,  859,  711,  402,  502,  536,  739,  648,  859,  570,  228,  429,  260,  375,  737,  507,  163,  709,  337,  515,  419,  427,  154,   90,  378,  273,  242,  676,  379,  661,  331,  216,  271,  734,  475,   79,  596,  873,    0,  786,  702,  703,  183,  129,  667,  376,  535,  524,  645,  598,  620,  673,  637,  501,  554,  233,  210,  435,  442,  694,  251,  266,  545,  527,  640,  230,  266,  392,  523,  780,  539,  273,  360,  333,  530,  180,  290,  248,  611,  260,  475,  340,   97,  701,  517,  367,  227,  159,  411,  598,  639,  151,  119,  322,  770,  318,  408,  688,  526,  284,  125,  407,  197,  633,  355,  591,  174,  784,  874,  305,  175,  741,  349,  178],
        [  289,    0,  893,  128,  664, 1090,  683,  267,   62,  254,   75,  469,  886,  376,  939, 1131,  190,  721,  942,  103,  856,  476,  857,  673,  925,  869,  506,  986, 1027,  221,  408,  589, 1050,  986,  842,  604,  480,  864,  340,  130,  786,    0,   90,  167,  809,  746,  277,  577,  561,  395,  251,  303,  437,  370,  733,  609,  320,  996,  834,  937,  566,  319, 1033,  920,  395,  554,  244,  559, 1048, 1152,  289,   81,  621, 1057,  491,  566,  791,  616,  519, 1029,  797,  856,  432,  545,  790,  884,  543,  431,  796,  725,  396,  296,  355,  901,  786,  701,   22,  953,  467,  194,  877,  779,  740,  592,  978,  174,  821,  544,  634,  873,   96,  624,  892,   97,  723,  641],
        [  209,    0,  824,  206,  652, 1019,  598,  178,   37,  181,  164,  441,  797,  287,  866, 1054,  146,  636,  860,   96,  793,  392,  801,  623,  840,  787,  445,  912,  944,  153,  324,  574,  976,  905,  775,  599,  434,  781,  261,  213,  702,   90,    0,  168,  736,  658,  269,  488,  479,  354,  176,  222,  418,  364,  707,  569,  279,  917,  745,  879,  518,  320,  951,  849,  359,  472,  167,  474,  963, 1074,  199,  134,  539,  974,  425,  476,  750,  536,  431,  944,  765,  787,  383,  481,  703,  857,  506,  356,  706,  650,  325,  214,  340,  814,  709,  640,   83,  884,  378,  129,  831,  714,  653,  539,  897,   85,  731,  467,  556,  857,  173,  534,  804,   63,  634,  564],
        [  227,    0,  766,  165,  498,  966,  714,  266,  181,  336,  211,  306,  840,  350,  820, 1023,  314,  750,  850,   74,  719,  515,  710,  522,  852,  779,  375,  872,  939,  315,  350,  423,  934,  887,  715,  440,  329,  779,  404,  182,  703,  167,  168,    0,  694,  690,  111,  577,  606,  242,  330,  363,  271,  204,  567,  451,  173,  895,  791,  793,  416,  155,  940,  799,  238,  598,  320,  492,  968, 1044,  293,  103,  665,  967,  369,  552,  633,  525,  473,  951,  633,  730,  287,  417,  727,  718,  383,  337,  759,  616,  294,  355,  189,  834,  681,  564,  146,  826,  466,  293,  721,  647,  683,  446,  886,  220,  809,  605,  537,  707,  254,  606,  834,  225,  717,  540],
        [  528,    0,  109,  858,  579,  286,  667,  592,  772,  726,  879,  487,  405,  501,  131,  331,  803,  676,  205,  718,  154,  641,  238,  288,  286,  168,  324,  179,  291,  747,  432,  543,  242,  215,   89,  615,  402,  192,  692,  874,  183,  809,  736,  694,    0,  306,  631,  521,  679,  474,  721,  684,  542,  611,  486,  379,  526,  215,  392,  253,  341,  645,  279,  118,  490,  670,  714,  313,  346,  352,  587,  785,  693,  311,  325,  471,  364,  219,  391,  337,  448,   81,  423,  281,  280,  530,  415,  380,  410,   89,  413,  682,  583,  306,   66,  181,  791,  163,  521,  753,  347,  113,  301,  301,  235,  682,  537,  731,  192,  620,  903,  458,  343,  785,  523,  179],
        [  468,    0,  407,  834,  783,  525,  375,  483,  693,  575,  821,  614,  157,  373,  388,  481,  669,  379,  264,  682,  458,  411,  536,  514,  193,  204,  418,  396,  321,  607,  343,  724,  452,  323,  394,  795,  518,  180,  511,  847,  129,  746,  658,  690,  306,    0,  674,  264,  418,  549,  572,  520,  656,  698,  723,  573,  562,  342,  115,  559,  505,  709,  340,  394,  571,  412,  569,  199,  319,  496,  465,  753,  416,  352,  390,  229,  632,  211,  228,  299,  709,  386,  505,  389,   53,  803,  575,  363,  110,  260,  409,  522,  660,  160,  241,  417,  733,  447,  319,  622,  639,  397,    9,  475,  292,  581,  233,  476,  223,  880,  828,  189,  146,  688,  221,  235],
        [  248,    0,  693,  255,  388,  892,  755,  319,  287,  419,  317,  201,  829,  375,  752,  961,  413,  790,  803,  181,  638,  568,  620,  429,  820,  735,  308,  807,  894,  404,  352,  313,  867,  834,  641,  331,  242,  739,  475,  272,  667,  277,  269,  111,  631,  674,    0,  604,  659,  159,  413,  436,  161,   96,  458,  350,  114,  840,  782,  703,  326,   55,  892,  729,  147,  650,  402,  476,  929,  982,  344,  210,  715,  920,  313,  570,  530,  488,  475,  913,  526,  658,  210,  351,  705,  609,  283,  311,  755,  560,  265,  428,   79,  807,  628,  485,  257,  751,  497,  385,  621,  571,  666,  359,  839,  303,  821,  666,  495,  597,  362,  620,  813,  329,  734,  494],
        [  357,    0,  629,  688,  839,  776,  172,  318,  517,  355,  648,  627,  348,  230,  629,  743,  452,  199,  526,  543,  656,  153,  717,  628,  451,  462,  462,  648,  583,  391,  262,  766,  707,  584,  602,  828,  545,  440,  275,  697,  376,  577,  488,  577,  521,  264,  604,    0,  160,  533,  354,  297,  651,  661,  818,  650,  510,  603,  298,  761,  573,  652,  602,  628,  555,  152,  355,  235,  574,  758,  293,  609,  175,  614,  423,   54,  768,  328,  169,  554,  829,  600,  508,  457,  316,  931,  624,  341,  251,  446,  374,  301,  622,  412,  461,  561,  570,  679,  113,  413,  803,  579,  263,  559,  555,  403,  245,  215,  356,  986,  642,   76,  382,  498,  147,  373],
        [  415,    0,  787,  684,  946,  935,  129,  343,  500,  310,  624,  723,  478,  299,  788,  898,  398,  166,  682,  555,  810,   92,  867,  762,  600,  619,  583,  807,  734,  346,  360,  868,  865,  740,  758,  924,  652,  597,  222,  689,  535,  561,  479,  606,  679,  418,  659,  160,    0,  623,  312,  258,  738,  731,  940,  771,  583,  760,  433,  915,  695,  711,  755,  787,  643,   10,  318,  381,  719,  913,  316,  611,   61,  764,  544,  208,  905,  478,  306,  699,  960,  757,  608,  585,  469, 1063,  736,  450,  385,  601,  473,  266,  693,  558,  619,  705,  559,  838,  190,  372,  948,  731,  419,  687,  709,  398,  332,   59,  507, 1109,  606,  231,  524,  469,  245,  524],
        [  221,    0,  535,  404,  331,  733,  699,  317,  383,  452,  450,  103,  705,  324,  594,  804,  479,  730,  651,  293,  481,  538,  468,  281,  678,  586,  153,  649,  743,  450,  272,  250,  708,  680,  482,  302,   87,  592,  481,  421,  524,  395,  354,  242,  474,  549,  159,  533,  623,    0,  446,  448,  119,  150,  360,  217,   76,  684,  661,  551,  174,  173,  739,  570,   23,  613,  434,  358,  782,  825,  335,  344,  672,  769,  165,  490,  398,  349,  379,  767,  412,  500,   52,  195,  573,  507,  153,  199,  641,  406,  160,  441,  115,  670,  474,  327,  374,  592,  440,  439,  483,  413,  541,  204,  687,  349,  724,  644,  351,  519,  488,  531,  680,  416,  646,  348],
        [  234,    0,  821,  377,  771, 1006,  436,  141,  191,    7,  313,  546,  691,  221,  849, 1015,   99,  474,  807,  266,  809,  230,  836,  679,  763,  734,  486,  887,  882,   38,  290,  690,  951,  858,  777,  729,  510,  722,   91,  381,  645,  251,  176,  330,  721,  572,  413,  354,  312,  446,    0,   58,  538,  503,  803,  648,  380,  873,  640,  906,  583,  467,  894,  838,  458,  306,   12,  420,  889, 1033,  137,  310,  372,  913,  455,  359,  818,  504,  355,  869,  849,  785,  457,  511,  622,  947,  592,  362,  596,  633,  352,   54,  471,  731,  680,  667,  252,  880,  258,   61,  887,  726,  568,  593,  841,  112,  596,  293,  530,  965,  296,  415,  712,  158,  498,  543],
        [  229,    0,  786,  426,  777,  967,  381,  132,  242,   59,  367,  550,  636,  185,  811,  970,  156,  419,  760,  305,  780,  174,  813,  663,  712,  688,  469,  846,  833,   96,  259,  697,  910,  813,  745,  740,  505,  674,   41,  432,  598,  303,  222,  363,  684,  520,  436,  297,  258,  448,   58,    0,  549,  521,  801,  641,  388,  828,  584,  879,  572,  490,  846,  801,  463,  252,   62,  377,  838,  989,  117,  356,  318,  864,  436,  303,  805,  466,  308,  818,  841,  751,  453,  491,  571,  942,  589,  339,  540,  596,  336,    9,  487,  679,  640,  643,  302,  845,  203,  119,  870,  697,  516,  579,  794,  145,  538,  246,  493,  965,  353,  359,  658,  212,  440,  506],
        [  328,    0,  585,  410,  235,  778,  816,  419,  441,  545,  478,   57,  812,  439,  651,  865,  556,  848,  733,  338,  517,  651,  484,  296,  772,  672,  243,  709,  824,  537,  390,  156,  764,  755,  533,  192,  146,  682,  584,  427,  620,  437,  418,  271,  542,  656,  161,  651,  738,  119,  538,  549,    0,   83,  298,  205,  161,  757,  770,  569,  206,  134,  817,  625,   97,  728,  527,  472,  869,  886,  440,  370,  788,  848,  267,  608,  378,  451,  497,  855,  367,  553,  153,  280,  677,  449,  141,  316,  752,  486,  278,  541,   83,  768,  554,  374,  416,  638,  557,  522,  471,  462,  648,  245,  768,  433,  839,  757,  448,  440,  523,  649,  783,  480,  763,  442],
