{
    "name": "random-16-27245",
    "comment": "size=16 seed=27245",
    "nodes": ["+0", "-0", "+1", "-1", "+2", "-2", "+3", "-3", "+4", "-4", "+5", "-5", "+6", "-6", "+7", "-7", "+8", "-8", "+9", "-9", "+10", "-10", "+11", "-11", "+12", "-12", "+13", "-13", "+14", "-14", "+15", "-15", "+16", "-16"],
    "precedence": {
        "+0": "-0",
        "+1": "-1",
        "+2": "-2",
        "+3": "-3",
        "+4": "-4",
        "+5": "-5",
        "+6": "-6",
        "+7": "-7",
        "+8": "-8",
        "+9": "-9",
        "+10": "-10",
        "+11": "-11",
        "+12": "-12",
        "+13": "-13",
        "+14": "-14",
        "+15": "-15",
        "+16": "-16"
    },
    "edges": [
        [    0,    0,  524,  246,  611,  242,  698,  432,  423,  480,  619,  269,  585,  675,  445,  201,  328,  281,  872,  287,  716,  588,  367,  457,  304,  231,  530,  557,  370,  713,  781,  654,  499,  341],
        [    0,    0,  524,  246,  611,  242,  698,  432,  423,  480,  619,  269,  585,  675,  445,  201,  328,  281,  872,  287,  716,  588,  367,  457,  304,  231,  530,  557,  370,  713,  781,  654,  499,  341],
        [  524,  524,    0,  586,  781,  535,  567,  167,  123,  621,  402,  481,  266,  179,  231,  500,  615,  353,  507,  342,  193,  613,  194,  517,  476,  579,  761,  182,  747,  748,  387,  204,  553,  435],
        [  246,  246,  586,    0,  368,  486,  530,  561,  525,  253,  506,  505,  736,  689,  412,   90,   84,  238,  781,  481,  760,  381,  394,  269,  537,  476,  284,  684,  163,  488,  717,  764,  300,  564],
        [  611,  611,  781,  368,    0,  847,  388,  826,  773,  164,  487,  858, 1001,  807,  553,  421,  285,  472,  724,  806,  904,  210,  607,  265,  888,  841,  100,  931,  321,  190,  717,  984,  233,  905],
        [  242,  242,  535,  486,  847,    0,  878,  386,  413,  707,  767,   67,  477,  711,  559,  428,  567,  448,  985,  196,  717,  800,  454,  665,   96,   52,  769,  486,  608,  932,  877,  590,  710,  154],
        [  698,  698,  567,  530,  388,  878,    0,  682,  619,  319,  168,  860,  830,  514,  364,  512,  475,  432,  339,  754,  619,  187,  469,  261,  878,  896,  443,  746,  599,  242,  354,  761,  236,  869],
        [  432,  432,  167,  561,  826,  386,  682,    0,   64,  662,  527,  326,  178,  343,  319,  472,  610,  358,  669,  191,  333,  688,  226,  571,  317,  434,  786,  127,  723,  829,  550,  223,  614,  271],
        [  423,  423,  123,  525,  773,  413,  619,   64,    0,  609,  464,  358,  229,  301,  257,  436,  568,  310,  612,  219,  308,  629,  168,  514,  354,  457,  737,  162,  688,  770,  495,  241,  556,  315],
        [  480,  480,  621,  253,  164,  707,  319,  662,  609,    0,  366,  711,  837,  659,  394,  281,  178,  309,  629,  649,  752,  140,  444,  110,  739,  707,  151,  768,  283,  236,  600,  822,   94,  752],
        [  619,  619,  402,  506,  487,  767,  168,  527,  464,  366,    0,  739,  666,  350,  217,  462,  476,  339,  276,  621,  454,  279,  328,  268,  752,  791,  513,  582,  616,  385,  235,  594,  272,  736],
        [  269,  269,  481,  505,  858,   67,  860,  326,  358,  711,  739,    0,  411,  658,  526,  439,  583,  435,  945,  140,  659,  795,  418,  660,   37,  119,  786,  422,  638,  931,  834,  526,  706,   90],
        [  585,  585,  266,  736, 1001,  477,  830,  178,  229,  837,  666,  411,    0,  401,  476,  647,  787,  535,  757,  306,  342,  856,  396,  743,  387,  529,  963,   86,  897,  995,  636,  144,  785,  329],
        [  675,  675,  179,  689,  807,  711,  514,  343,  301,  659,  350,  658,  401,    0,  281,  611,  699,  454,  359,  519,  105,  613,  312,  550,  654,  753,  808,  321,  840,  732,  240,  284,  575,  613],
        [  445,  445,  231,  412,  553,  559,  364,  319,  257,  394,  217,  526,  476,  281,    0,  338,  418,  183,  433,  405,  364,  384,  111,  288,  538,  588,  539,  397,  559,  521,  337,  435,  323,  519],
        [  201,  201,  500,   90,  421,  428,  512,  472,  436,  281,  462,  439,  647,  611,  338,    0,  149,  158,  731,  400,  677,  389,  309,  261,  469,  427,  349,  595,  253,  512,  658,  676,  301,  490],
        [  328,  328,  615,   84,  285,  567,  475,  610,  568,  178,  476,  583,  787,  699,  418,  149,    0,  264,  751,  549,  778,  313,  422,  218,  614,  558,  204,  730,  145,  410,  698,  803,  240,  638],
        [  281,  281,  353,  238,  472,  448,  432,  358,  310,  309,  339,  435,  535,  454,  183,  158,  264,    0,  596,  348,  523,  365,  160,  233,  456,  464,  428,  472,  395,  505,  512,  541,  279,  458],
        [  872,  872,  507,  781,  724,  985,  339,  669,  612,  629,  276,  945,  757,  359,  433,  731,  751,  596,    0,  813,  444,  517,  532,  539,  950, 1017,  769,  674,  890,  576,  121,  641,  536,  921],
        [  287,  287,  342,  481,  806,  196,  754,  191,  219,  649,  621,  140,  306,  519,  405,  400,  549,  348,  813,    0,  521,  712,  294,  580,  139,  243,  745,  298,  633,  853,  700,  402,  626,  116],
        [  716,  716,  193,  760,  904,  717,  619,  333,  308,  752,  454,  659,  342,  105,  364,  677,  778,  523,  444,  521,    0,  713,  370,  643,  649,  763,  900,  272,  916,  835,  330,  207,  672,  602],
        [  588,  588,  613,  381,  210,  800,  187,  688,  629,  140,  279,  795,  856,  613,  384,  389,  313,  365,  517,  712,  713,    0,  463,  136,  819,  807,  256,  779,  423,  142,  508,  817,   91,  822],
        [  367,  367,  194,  394,  607,  454,  469,  226,  168,  444,  328,  418,  396,  312,  111,  309,  422,  160,  532,  294,  370,  463,    0,  347,  428,  486,  577,  324,  554,  604,  428,  385,  389,  409],
        [  457,  457,  517,  269,  265,  665,  261,  571,  514,  110,  268,  660,  743,  550,  288,  261,  218,  233,  539,  580,  643,  136,  347,    0,  684,  672,  260,  670,  352,  273,  500,  720,   47,  689],
        [  304,  304,  476,  537,  888,   96,  878,  317,  354,  739,  752,   37,  387,  654,  538,  469,  614,  456,  950,  139,  649,  819,  428,  684,    0,  147,  817,  404,  673,  956,  838,  507,  730,   60],
        [  231,  231,  579,  476,  841,   52,  896,  434,  457,  707,  791,  119,  529,  753,  588,  427,  558,  464, 1017,  243,  763,  807,  486,  672,  147,    0,  760,  536,  588,  936,  912,  640,  717,  206],
        [  530,  530,  761,  284,  100,  769,  443,  786,  737,  151,  513,  786,  963,  808,  539,  349,  204,  428,  769,  745,  900,  256,  577,  260,  817,  760,    0,  898,  221,  279,  748,  960,  243,  838],
        [  557,  557,  182,  684,  931,  486,  746,  127,  162,  768,  582,  422,   86,  321,  397,  595,  730,  472,  674,  298,  272,  779,  324,  670,  404,  536,  898,    0,  847,  917,  553,  105,  711,  350],
        [  370,  370,  747,  163,  321,  608,  599,  723,  688,  283,  616,  638,  897,  840,  559,  253,  145,  395,  890,  633,  916,  423,  554,  352,  673,  588,  221,  847,    0,  488,  841,  927,  365,  706],
        [  713,  713,  748,  488,  190,  932,  242,  829,  770,  236,  385,  931,  995,  732,  521,  512,  410,  505,  576,  853,  835,  142,  604,  273,  956,  936,  279,  917,  488,    0,  594,  951,  227,  962],
        [  781,  781,  387,  717,  717,  877,  354,  550,  495,  600,  235,  834,  636,  240,  337,  658,  698,  512,  121,  700,  330,  508,  428,  500,  838,  912,  748,  553,  841,  594,    0,  523,  506,  806],
        [  654,  654,  204,  764,  984,  590,  761,  223,  241,  822,  594,  526,  144,  284,  435,  676,  803,  541,  641,  402,  207,  817,  385,  720,  507,  640,  960,  105,  927,  951,  523,    0,  757,  452],
        [  499,  499,  553,  300,  233,  710,  236,  614,  556,   94,  272,  706,  785,  575,  323,  301,  240,  279,  536,  626,  672,   91,  389,   47,  730,  717,  243,  711,  365,  227,  506,  757,    0,  735],
        [  341,  341,  435,  564,  905,  154,  869,  271,  315,  752,  736,   90,  329,  613,  519,  490,  638,  458,  921,  116,  602,  822,  409,  689,   60,  206,  838,  350,  706,  962,  806,  452,  735,    0]
    ]
}
