{
    "name": "random-92-20957",
    "comment": "size=92 seed=20957",
    "nodes": ["+0", "-0", "+1", "-1", "+2", "-2", "+3", "-3", "+4", "-4", "+5", "-5", "+6", "-6", "+7", "-7", "+8", "-8", "+9", "-9", "+10", "-10", "+11", "-11", "+12", "-12", "+13", "-13", "+14", "-14", "+15", "-15", "+16", "-16", "+17", "-17", "+18", "-18", "+19", "-19", "+20", "-20", "+21", "-21", "+22", "-22", "+23", "-23", "+24", "-24", "+25", "-25", "+26", "-26", "+27", "-27", "+28", "-28", "+29", "-29", "+30", "-30", "+31", "-31", "+32", "-32", "+33", "-33", "+34", "-34", "+35", "-35", "+36", "-36", "+37", "-37", "+38", "-38", "+39", "-39", "+40", "-40", "+41", "-41", "+42", "-42", "+43", "-43", "+44", "-44", "+45", "-45", "+46", "-46", "+47", "-47", "+48", "-48", "+49", "-49", "+50", "-50", "+51", "-51", "+52", "-52", "+53", "-53", "+54", "-54", "+55", "-55", "+56", "-56", "+57", "-57", "+58", "-58", "+59", "-59", "+60", "-60", "+61", "-61", "+62", "-62", "+63", "-63", "+64", "-64", "+65", "-65", "+66", "-66", "+67", "-67", "+68", "-68", "+69", "-69", "+70", "-70", "+71", "-71", "+72", "-72", "+73", "-73", "+74", "-74", "+75", "-75", "+76", "-76", "+77", "-77", "+78", "-78", "+79", "-79", "+80", "-80", "+81", "-81", "+82", "-82", "+83", "-83", "+84", "-84", "+85", "-85", "+86", "-86", "+87", "-87", "+88", "-88", "+89", "-89", "+90", "-90", "+91", "-91", "+92", "-92"],
    "precedence": {
        "+0": "-0",
        "+1": "-1",
        "+2": "-2",
        "+3": "-3",
        "+4": "-4",
        "+5": "-5",
        "+6": "-6",
        "+7": "-7",
        "+8": "-8",
        "+9": "-9",
        "+10": "-10",
        "+11": "-11",
        "+12": "-12",
        "+13": "-13",
        "+14": "-14",
        "+15": "-15",
        "+16": "-16",
        "+17": "-17",
        "+18": "-18",
        "+19": "-19",
        "+20": "-20",
        "+21": "-21",
        "+22": "-22",
        "+23": "-23",
        "+24": "-24",
        "+25": "-25",
        "+26": "-26",
        "+27": "-27",
        "+28": "-28",
        "+29": "-29",
        "+30": "-30",
        "+31": "-31",
        "+32": "-32",
        "+33": "-33",
        "+34": "-34",
        "+35": "-35",
        "+36": "-36",
        "+37": "-37",
        "+38": "-38",
        "+39": "-39",
        "+40": "-40",
        "+41": "-41",
        "+42": "-42",
        "+43": "-43",
        "+44": "-44",
        "+45": "-45",
        "+46": "-46",
        "+47": "-47",
        "+48": "-48",
        "+49": "-49",
        "+50": "-50",
        "+51": "-51",
        "+52": "-52",
        "+53": "-53",
        "+54": "-54",
        "+55": "-55",
        "+56": "-56",
        "+57": "-57",
        "+58": "-58",
        "+59": "-59",
        "+60": "-60",
        "+61": "-61",
        "+62": "-62",
        "+63": "-63",
        "+64": "-64",
        "+65": "-65",
        "+66": "-66",
        "+67": "-67",
        "+68": "-68",
        "+69": "-69",
        "+70": "-70",
        "+71": "-71",
        "+72": "-72",
        "+73": "-73",
        "+74": "-74",
        "+75": "-75",
        "+76": "-76",
        "+77": "-77",
        "+78": "-78",
        "+79": "-79",
        "+80": "-80",
        "+81": "-81",
        "+82": "-82",
        "+83": "-83",
        "+84": "-84",
        "+85": "-85",
        "+86": "-86",
        "+87": "-87",
        "+88": "-88",
        "+89": "-89",
        "+90": "-90",
        "+91": "-91",
        "+92": "-92"
    },
    "edges": [
        [    0,    0,  709,  138,  331,  218,  916,  803,  670,  726,   87,  376,  660,  784,  422,  842,  304,  608,  704,  281,  826,  843,  553,  781,  717,  177,  283,  481,  210,   43,  501,  645,  480,  509,  211,  318,  246,  608,  176,  162,  614,  153,  658,  993,  261,  532, 1019,  839,  508,  550,  789,  399,  424,  145,  774,  308,  800,  582,  566,  337,  343,  246,  464,  583,  746,  266,  360,  716,  408,  574,  545,  208,  825,  545,  311,  622,  788,  363,  499,  520,  446,  540,  172,  363,  135,  691,  270,   46,  346,  360,  572,  415,  721,  756,  253,  274,  701,  520,  673,  610,  203,  169,  467,  586,  413,  290,  338,  726,  331,  165,  299,  697,  905,  298,  675,  271,  555,  498,  769,  194,  463,  659,  873,  563,  189,  997,  395,  500,  129,  633,  162,  747,  742,  376,  764,  803,  153,  364,  740,  697,  849,  147,  397,  267,  482,  444,  582,  753,  608,  659,  200,  993,  257,  625,  119,  334,  827,  981,  371,   54,  730,  108,  181,  238,  800,  135,  395,  235,  492,  589, 1007,  548,  673, 1001,  303,  600,  662,  435,  532,  901,   95,  795,  315,  791,  423,  404],
        [    0,    0,    0,    0,    0,    0,    0,    0,    0,    0,    0,    0,    0,    0,    0,    0,    0,    0,    0,    0,    0,    0,    0,    0,    0,    0,    0,    0,    0,    0,    0,    0,    0,    0,    0,    0,    0,    0,    0,    0,    0,    0,    0,    0,    0,    0,    0,    0,    0,    0,    0,    0,    0,    0,    0,    0,    0,    0,    0,    0,    0,    0,    0,    0,    0,    0,    0,    0,    0,    0,    0,    0,    0,    0,    0,    0,    0,    0,    0,    0,    0,    0,    0,    0,    0,    0,    0,    0,    0,    0,    0,    0,    0,    0,    0,    0,    0,    0,    0,    0,    0,    0,    0,    0,    0,    0,    0,    0,    0,    0,    0,    0,    0,    0,    0,    0,    0,    0,    0,    0,    0,    0,    0,    0,    0,    0,    0,    0,    0,    0,    0,    0,    0,    0,    0,    0,    0,    0,    0,    0,    0,    0,    0,    0,    0,    0,    0,    0,    0,    0,    0,    0,    0,    0,    0,    0,    0,    0,    0,    0,    0,    0,    0,    0,    0,    0,    0,    0,    0,    0,    0,    0,    0,    0,    0,    0,    0,    0,    0,    0,    0,    0,    0,    0,    0,    0],
        [  709,    0,    0,  846,  871,  570,  739,  693,  736,   26,  768,  580,  445,  783,  312,  259,  521,  331,  890,  676,  661,  695,  490,  624,  205,  568,  880,  403,  706,  741,  269,  263,  406,  549,  644,  403,  479,  237,  650,  863,  867,  689,  371,  671,  474,  339,  702,  133,  233,  312,   82,  312,  349,  688,  766,  410,  283,  896,  598,  908,  761,  475,  794,  163,  802,  842,  407,  236,  400,  717, 1013,  648,  530,  424,  523,  606,  100,  492,  965,  467,  281,  786,  652,  748,  757,  444,  787,  674,  367,  731,  730,  854,  796,  159,  456,  670,  643,  504,  898,  799,  816,  550,  845,  858,  320,  844,  548,  120,  657,  546,  511,  241,  477,  753,   90,  821,  730,  880,  393,  837,  718,  848,  494,  293,  787,  691,  322,  216,  816,  187,  651,  706,  756,  432,  452,  147,  623,  541,  829,  207,  377,  575,  523,  615,  882,  894,  576,  466,  757,  536,  521,  610,  781,  101,  765,  849,  420,  622,  583,  740,  814,  718,  814,  668,  109,  838,  564,  662,  238,  523,  648,  626,  217,  619,  669,  396,  159,  699,  873,  656,  766,  681,  529,  174,  450,  907],
        [  138,    0,  846,    0,  311,  334, 1002,  887,  735,  864,  102,  466,  771,  850,  556,  976,  414,  730,  740,  346,  916,  930,  656,  874,  851,  304,  243,  603,  265,  112,  635,  772,  598,  603,  296,  454,  381,  738,  264,   64,  644,  232,  777, 1095,  395,  660, 1120,  976,  643,  675,  927,  537,  556,  220,  843,  445,  928,  599,  651,  298,  375,  380,  496,  719,  805,  257,  487,  849,  535,  636,  516,  291,  932,  658,  421,  708,  926,  479,  477,  627,  583,  582,  260,  402,  160,  803,  293,  175,  483,  405,  631,  419,  779,  892,  391,  349,  785,  622,  702,  656,  195,  302,  482,  614,  549,  274,  438,  863,  401,  302,  418,  826, 1023,  330,  811,  276,  613,  507,  888,  165,  517,  699,  987,  693,  192, 1096,  532,  638,   88,  766,  259,  824,  809,  497,  877,  940,  260,  470,  793,  828,  973,  281,  499,  361,  488,  438,  672,  864,  664,  757,  333, 1102,  283,  762,  136,  326,  946, 1088,  460,  120,  786,  177,  170,  308,  938,   34,  488,  316,  629,  687, 1113,  628,  804, 1110,  377,  716,  798,  493,  548,  997,  119,  880,  428,  927,  542,  384],
        [  331,    0,  871,  311,    0,  532,  781,  666,  488,  894,  254,  321,  632,  598,  561, 1066,  352,  642,  450,  198,  709,  712,  509,  674,  946,  481,   74,  767,  175,  351,  741,  707,  507,  436,  234,  562,  514,  690,  241,  374,  352,  483,  668,  909,  535,  802,  928,  985,  639,  609,  951,  604,  684,  223,  596,  549,  854,  297,  456,   45,  136,  426,  221,  715,  544,  562,  464,  954,  687,  391,  214,  230,  769,  541,  350,  507,  966,  668,  170,  496,  670,  310,  241,  163,  197,  664,  587,  318,  530,  178,  382,  118,  516,  965,  475,  605,  572,  473,  408,  384,  498,  376,  187,  322,  648,   42,  333,  928,  232,  397,  603,  764,  890,  122,  808,  578,  364,  203,  770,  472,  276,  416,  843,  820,  143,  904,  561,  701,  390,  733,  492,  594,  562,  444,  737,  997,  282,  680,  523,  779,  869,  439,  378,  594,  183,  128,  485,  719,  406,  584,  392,  937,  575,  773,  214,   31,  823,  917,  316,  367,  519,  434,  472,  205,  977,  278,  344,  566,  710,  522,  938,  422,  753,  943,  633,  602,  879,  265,  248,  801,  395,  662,  626,  998,  719,   75],
        [  218,    0,  570,  334,  532,    0,  961,  858,  764,  582,  304,  460,  661,  870,  350,  655,  355,  575,  837,  422,  867,  890,  582,  819,  532,   56,  494,  270,  377,  225,  322,  586,  479,  566,  344,  174,  109,  540,  316,  324,  759,  123,  635, 1000,  103,  329, 1029,  702,  420,  510,  645,  272,  237,  315,  857,  173,  730,  742,  632,  545,  507,  223,  616,  482,  845,  273,  340,  526,  206,  680,  741,  344,  825,  549,  366,  683,  633,  146,  693,  543,  289,  675,  314,  519,  340,  688,  225,  216,  259,  510,  683,  595,  823,  581,  177,  130,  760,  558,  815,  735,  248,  197,  634,  733,  251,  491,  407,  559,  456,  169,   84,  628,  873,  468,  560,  255,  669,  669,  738,  273,  589,  790,  853,  366,  393, 1009,  308,  355,  272,  549,   85,  817,  828,  379,  752,  637,  273,  149,  849,  618,  798,   99,  452,   83,  658,  630,  639,  747,  721,  690,  208,  981,  217,  505,  330,  529,  793,  976,  457,  215,  836,  166,  249,  381,  645,  343,  470,  103,  334,  626, 1004,  628,  598,  990,  147,  590,  487,  560,  695,  924,  224,  848,   98,  616,  208,  601],
        [  916,    0,  739, 1002,  781,  961,    0,  117,  298,  761,  902,  541,  323,  209,  649,  994,  621,  441,  418,  658,   95,   73,  379,  142,  936,  916,  844,  998,  739,  958,  869,  487,  487,  408,  710,  827,  860,  529,  744, 1057,  485, 1018,  383,  180,  875,  971,  180,  749,  628,  497,  771,  762,  892,  785,  202,  820,  483,  553,  352,  824,  656,  739,  565,  631,  271, 1173,  623,  964,  939,  390,  750,  715,  213,  418,  612,  295,  817, 1000,  730,  418,  812,  481,  749,  626,  844,  309, 1155,  872,  726,  616,  401,  676,  294,  897,  786, 1089,  218,  405,  461,  419, 1114,  785,  614,  505,  829,  790,  580,  858,  603,  808,  967,  499,  329,  692,  652, 1170,  419,  621,  349, 1110,  507,  416,  280,  946,  824,  160,  692,  771, 1040,  567,  995,  188,  232,  582,  287,  874,  764, 1045,  308,  533,  404,  885,  522, 1042,  639,  694,  334,  273,  383,  271,  763,  256, 1143,  676,  867,  751,  340,  225,  546,  969,  301, 1004, 1095,  695,  820,  973,  521, 1057,  809,  336,  227,  375,  525,  255, 1107,  394,  873,  523,  579,   96, 1010,  123,  999,  910, 1003,  752],
        [  803,    0,  693,  887,  666,  858,  117,    0,  189,  717,  788,  428,  253,  126,  561,  952,  512,  374,  328,  542,   60,   48,  279,   72,  882,  811,  728,  915,  623,  845,  793,  432,  393,  298,  596,  733,  760,  468,  631,  942,  383,  909,  324,  264,  777,  894,  274,  723,  553,  422,  736,  675,  807,  671,  113,  725,  465,  449,  238,  709,  540,  635,  452,  568,  181, 1062,  525,  908,  851,  276,  645,  600,  208,  328,  503,  182,  780,  906,  621,  319,  731,  369,  635,  510,  728,  250, 1047,  760,  632,  500,  287,  563,  198,  850,  686,  985,  103,  300,  366,  312, 1003,  678,  502,  400,  744,  675,  469,  809,  487,  702,  870,  456,  351,  576,  604, 1060,  305,  512,  324,  997,  391,  318,  295,  874,  708,  251,  604,  696,  926,  512,  888,   77,  133,  482,  257,  835,  652,  951,  220,  490,  403,  779,  413,  940,  529,  582,  223,  237,  272,  178,  657,  320, 1035,  619,  751,  636,  335,  292,  433,  857,  210,  893,  983,  580,  784,  857,  409,  952,  733,  234,  304,  260,  477,  323, 1005,  318,  815,  407,  470,  153,  897,   13,  902,  867,  914,  639],
        [  670,    0,  736,  735,  488,  764,  298,  189,    0,  762,  640,  306,  309,  116,  526,  991,  409,  407,  166,  393,  242,  236,  251,  223,  901,  712,  554,  874,  472,  710,  770,  480,  358,  216,  459,  670,  678,  500,  494,  794,  198,  794,  381,  450,  698,  868,  462,  797,  547,  429,  795,  634,  765,  528,  109,  659,  565,  263,  150,  530,  369,  547,  269,  587,   82,  935,  461,  924,  801,  100,  457,  462,  357,  317,  399,  131,  832,  839,  433,  282,  700,  183,  498,  340,  576,  325,  929,  629,  576,  334,  107,  379,   64,  884,  605,  885,  126,  248,  193,  124,  872,  571,  316,  213,  704,  501,  357,  841,  340,  598,  792,  522,  502,  411,  648,  937,  126,  324,  432,  861,  220,  140,  446,  857,  548,  439,  562,  682,  785,  551,  778,  113,   75,  414,  371,  883,  523,  877,   96,  553,  528,  674,  316,  846,  341,  396,  164,  348,   85,  215,  556,  499,  917,  647,  600,  459,  463,  473,  309,  723,   81,  768,  850,  435,  839,  703,  295,  849,  714,  214,  488,  140,  533,  503,  908,  342,  831,  242,  282,  338,  763,  189,  824,  907,  860,  455],
        [  726,    0,   26,  864,  894,  582,  761,  717,  762,    0,  787,  605,  469,  808,  334,  235,  544,  356,  915,  700,  684,  718,  516,  647,  189,  582,  902,  404,  728,  757,  275,  288,  432,  575,  666,  418,  494,  262,  671,  879,  892,  702,  395,  689,  487,  338,  721,  122,  257,  338,   64,  328,  357,  709,  790,  425,  299,  921,  623,  930,  785,  495,  819,  188,  827,  853,  430,  220,  407,  743, 1038,  670,  551,  450,  547,  632,   74,  499,  990,  493,  294,  812,  673,  772,  777,  468,  797,  692,  386,  755,  756,  878,  822,  138,  474,  679,  668,  530,  923,  825,  829,  569,  870,  883,  331,  867,  572,  102,  681,  564,  521,  263,  494,  777,  115,  831,  755,  905,  414,  851,  743,  874,  513,  291,  808,  710,  342,  230,  832,  212,  664,  731,  781,  455,  474,  122,  644,  547,  855,  229,  394,  591,  548,  625,  907,  918,  601,  489,  783,  561,  541,  627,  791,  125,  785,  872,  439,  640,  608,  756,  839,  733,  827,  691,   84,  857,  589,  673,  249,  549,  665,  652,  240,  636,  677,  421,  150,  725,  898,  677,  782,  705,  537,  151,  454,  931],
        [   87,    0,  768,  102,  254,  304,  902,  788,  640,  787,    0,  365,  670,  755,  469,  915,  315,  633,  655,  248,  816,  830,  555,  773,  791,  261,  199,  564,  168,   98,  575,  677,  498,  502,  195,  390,  322,  645,  163,  156,  561,  233,  678,  994,  340,  613, 1018,  895,  556,  579,  849,  463,  502,  119,  747,  379,  834,  522,  551,  254,  289,  294,  412,  633,  712,  316,  394,  792,  489,  541,  467,  190,  831,  557,  320,  608,  852,  448,  423,  526,  516,  494,  159,  313,   67,  702,  335,   99,  402,  314,  537,  348,  685,  826,  316,  356,  685,  520,  620,  567,  251,  219,  406,  532,  485,  212,  337,  794,  302,  224,  384,  732,  923,  243,  726,  328,  520,  434,  789,  231,  424,  613,  887,  641,  115,  995,  448,  565,  149,  676,  247,  726,  714,  400,  777,  870,  162,  450,  702,  736,  875,  227,  398,  352,  417,  373,  571,  763,  571,  656,  248, 1001,  323,  679,   44,  261,  846,  987,  359,  114,  694,  182,  225,  208,  863,   78,  387,  318,  562,  586, 1012,  529,  711, 1009,  385,  616,  733,  399,  471,  896,  144,  781,  401,  861,  507,  327],
        [  376,    0,  580,  466,  321,  460,  541,  428,  306,  605,  365,    0,  321,  415,  290,  805,  109,  323,  388,  135,  453,  468,  198,  409,  695,  407,  357,  599,  209,  418,  521,  389,  189,  138,  171,  384,  380,  376,  204,  518,  326,  490,  349,  632,  401,  608,  655,  682,  350,  293,  656,  375,  494,  246,  404,  372,  534,  333,  190,  364,  191,  249,  218,  418,  387,  637,  197,  710,  520,  222,  433,  175,  473,  222,   99,  246,  679,  545,  386,  178,  446,  237,  208,  172,  310,  353,  626,  333,  304,  155,  226,  276,  364,  698,  309,  579,  325,  162,  374,  284,  577,  265,  266,  307,  439,  308,   55,  657,   90,  292,  494,  446,  580,  201,  507,  637,  214,  301,  454,  570,  153,  340,  537,  608,  302,  632,  310,  451,  499,  423,  473,  373,  373,  157,  428,  718,  225,  580,  390,  463,  550,  369,   60,  541,  302,  315,  208,  412,  264,  293,  252,  644,  614,  480,  332,  293,  509,  627,    6,  430,  377,  469,  556,  161,  689,  438,   25,  543,  473,  224,  652,  175,  437,  651,  602,  283,  624,  128,  301,  532,  470,  420,  525,  728,  574,  338],
        [  660,    0,  445,  771,  632,  661,  323,  253,  309,  469,  670,  321,    0,  340,  330,  703,  358,  122,  473,  456,  232,  265,  124,  188,  629,  622,  676,  676,  526,  703,  547,  182,  185,  199,  480,  514,  555,  215,  508,  816,  478,  735,   75,  340,  568,  649,  369,  491,  306,  175,  495,  442,  571,  554,  322,  508,  259,  526,  203,  677,  497,  446,  464,  315,  364,  898,  323,  656,  619,  324,  693,  485,  167,  116,  351,  183,  535,  684,  654,  146,  490,  417,  512,  472,  623,   33,  870,  615,  413,  456,  339,  561,  363,  600,  485,  790,  201,  160,  492,  401,  845,  507,  522,  479,  508,  625,  335,  558,  407,  525,  657,  216,  260,  517,  355,  890,  346,  547,  141,  848,  382,  439,  218,  625,  621,  348,  375,  449,  788,  261,  707,  262,  315,  291,  108,  589,  513,  731,  395,  249,  243,  597,  275,  740,  558,  594,  172,   94,  353,   96,  480,  333,  859,  367,  643,  603,  192,  322,  326,  711,  380,  732,  830,  478,  541,  747,  296,  762,  487,  119,  349,  241,  231,  341,  806,   74,  563,  380,  522,  267,  750,  241,  688,  618,  683,  634],
        [  784,    0,  783,  850,  598,  870,  209,  126,  116,  808,  755,  415,  340,    0,  609, 1042,  515,  455,  210,  508,  185,  164,  322,  190,  962,  819,  666,  962,  587,  824,  850,  521,  437,  308,  573,  765,  780,  550,  608,  909,  280,  905,  415,  380,  799,  949,  385,  827,  617,  490,  834,  721,  853,  643,   18,  755,  576,  348,  240,  639,  484,  650,  378,  645,   63, 1048,  554,  986,  892,  215,  545,  576,  331,  383,  505,  199,  875,  936,  528,  359,  782,  289,  612,  454,  691,  346, 1041,  743,  668,  448,  221,  487,   88,  937,  706,  993,  141,  330,  252,  220,  986,  679,  421,  302,  791,  614,  465,  895,  454,  705,  893,  554,  476,  525,  694, 1050,  240,  423,  436,  976,  335,  209,  419,  934,  663,  364,  648,  757,  900,  598,  888,   78,   43,  507,  370,  929,  636,  977,  100,  587,  522,  782,  418,  952,  442,  499,  242,  348,  193,  248,  662,  443, 1028,  701,  715,  570,  455,  414,  419,  837,   93,  881,  964,  549,  880,  819,  402,  957,  792,  278,  423,  243,  571,  445, 1015,  391,  893,  358,  378,  273,  877,  134,  925,  957,  953,  560],
        [  422,    0,  312,  556,  561,  350,  649,  561,  526,  334,  469,  290,  330,  609,    0,  517,  212,  229,  653,  368,  555,  584,  289,  508,  405,  322,  569,  355,  394,  459,  245,  238,  172,  312,  332,  187,  241,  194,  339,  583,  606,  446,  291,  661,  249,  342,  692,  432,   88,  164,  392,  114,  246,  379,  593,  183,  387,  622,  377,  597,  457,  177,  507,  165,  605,  611,   99,  421,  291,  474,  714,  337,  487,  234,  217,  411,  406,  354,  665,  251,  174,  519,  342,  447,  450,  352,  571,  382,   92,  430,  484,  552,  590,  412,  184,  476,  476,  281,  648,  552,  569,  254,  553,  591,  184,  533,  248,  372,  355,  259,  331,  283,  524,  445,  259,  597,  478,  589,  390,  582,  440,  606,  507,  332,  477,  673,   45,  163,  542,  212,  412,  541,  572,  134,  410,  438,  316,  402,  622,  279,  450,  311,  240,  422,  588,  593,  369,  408,  518,  384,  224,  635,  562,  216,  461,  539,  445,  632,  292,  462,  607,  459,  560,  357,  417,  543,  280,  453,  190,  334,  660,  392,  256,  645,  487,  257,  334,  417,  591,  597,  495,  550,  361,  443,  354,  600],
        [  842,    0,  259,  976, 1066,  655,  994,  952,  991,  235,  915,  805,  703, 1042,  517,    0,  727,  588, 1140,  880,  918,  953,  742,  882,  125,  674, 1061,  405,  892,  864,  342,  522,  648,  795,  832,  526,  596,  493,  830,  976, 1109,  776,  630,  913,  582,  334,  944,  270,  459,  562,  228,  464,  421,  860, 1024,  537,  522, 1132,  848, 1097,  971,  643, 1022,  405, 1058,  903,  614,  130,  451,  964, 1230,  836,  783,  675,  732,  861,  179,  531, 1180,  715,  402, 1025,  830,  963,  921,  703,  839,  817,  537,  946,  976, 1068, 1051,  108,  604,  717,  901,  752, 1144, 1046,  896,  707, 1069, 1097,  431, 1033,  764,  151,  871,  694,  576,  497,  713,  955,  349,  876,  974, 1105,  646,  924,  951, 1096,  739,  291,  961,  935,  508,  366,  925,  444,  739,  964, 1014,  649,  708,  122,  795,  567, 1085,  463,  615,  696,  751,  670, 1104, 1108,  828,  723, 1005,  794,  684,  844,  836,  344,  924, 1047,  666,  861,  807,  859, 1069,  819,  900,  862,  179,  976,  792,  723,  358,  777,  885,  874,  475,  853,  706,  652,  187,  929, 1104,  909,  875,  940,  580,   85,  470, 1112],
        [  304,    0,  521,  414,  352,  355,  621,  512,  409,  544,  315,  109,  358,  515,  212,  727,    0,  321,  496,  156,  529,  549,  250,  483,  611,  304,  367,  494,  194,  346,  424,  373,  185,  216,  136,  277,  272,  347,  156,  459,  430,  397,  364,  690,  293,  506,  716,  634,  288,  273,  600,  278,  390,  202,  502,  265,  528,  432,  280,  389,  245,  141,  309,  364,  491,  552,  115,  624,  414,  329,  504,  141,  522,  244,   11,  333,  616,  437,  454,  217,  350,  342,  160,  237,  275,  390,  535,  258,  205,  221,  334,  342,  469,  623,  201,  478,  411,  219,  481,  392,  496,  166,  349,  410,  339,  327,   55,  584,  147,  191,  386,  430,  609,  233,  457,  549,  322,  386,  474,  494,  256,  448,  573,  511,  287,  694,  220,  364,  431,  387,  377,  465,  473,   95,  464,  650,  155,  472,  496,  439,  562,  269,  100,  437,  382,  382,  290,  452,  372,  358,  148,  690,  523,  422,  292,  329,  532,  678,  107,  355,  483,  384,  478,  151,  627,  392,  115,  443,  382,  288,  704,  273,  413,  699,  500,  302,  542,  228,  394,  599,  395,  503,  417,  655,  467,  389],
        [  608,    0,  331,  730,  642,  575,  441,  374,  407,  356,  633,  323,  122,  455,  229,  588,  321,    0,  564,  451,  353,  386,  169,  310,  510,  542,  675,  561,  509,  649,  429,   76,  139,  240,  454,  416,  467,   96,  476,  769,  552,  662,   64,  434,  477,  530,  465,  394,  189,   66,  389,  334,  459,  522,  437,  411,  212,  592,  275,  685,  512,  374,  508,  194,  472,  827,  250,  535,  509,  399,  738,  459,  261,  110,  317,  277,  426,  580,  694,  159,  376,  480,  480,  491,  595,  134,  792,  564,  318,  474,  412,  591,  466,  483,  402,  702,  314,  193,  577,  480,  779,  444,  565,  548,  397,  627,  317,  441,  411,  458,  560,  128,  302,  522,  242,  816,  416,  595,  165,  786,  426,  525,  279,  505,  604,  446,  273,  330,  735,  145,  630,  378,  426,  234,  182,  477,  471,  629,  499,  153,  243,  523,  265,  649,  602,  628,  250,  182,  435,  207,  414,  407,  782,  248,  612,  615,  222,  404,  327,  655,  484,  666,  766,  463,  432,  710,  300,  677,  369,  195,  432,  308,  130,  417,  715,   66,  442,  415,  578,  377,  693,  362,  589,  504,  573,  658],
        [  704,    0,  890,  740,  450,  837,  418,  328,  166,  915,  655,  388,  473,  210,  653, 1140,  496,  564,    0,  426,  386,  370,  400,  378, 1044,  783,  523,  985,  495,  739,  895,  639,  495,  347,  502,  772,  766,  655,  536,  803,   99,  844,  544,  588,  787,  988,  594,  957,  687,  579,  952,  753,  878,  559,  218,  760,  730,  161,  293,  485,  367,  636,  244,  735,  148,  967,  573, 1064,  907,  179,  350,  504,  517,  466,  487,  291,  987,  932,  342,  425,  822,  166,  539,  343,  589,  491,  973,  670,  687,  344,  169,  332,  130, 1032,  696,  948,  290,  388,   48,  104,  902,  641,  264,  129,  820,  476,  442,  990,  384,  669,  879,  684,  664,  413,  803,  975,  177,  252,  597,  885,  249,   49,  607,  983,  548,  572,  682,  813,  804,  706,  836,  258,  196,  527,  536, 1036,  574,  965,  111,  714,  693,  742,  420,  917,  272,  331,  315,  513,  136,  379,  634,  647,  960,  797,  612,  426,  628,  619,  390,  754,  118,  810,  878,  470,  994,  706,  387,  910,  842,  370,  630,  266,  692,  650,  974,  499,  972,  278,  204,  479,  792,  332,  910, 1057,  962,  396],
        [  281,    0,  676,  346,  198,  422,  658,  542,  393,  700,  248,  135,  456,  508,  368,  880,  156,  451,  426,    0,  574,  586,  333,  533,  763,  367,  225,  616,   81,  319,  567,  512,  313,  268,   79,  400,  370,  493,  111,  403,  340,  419,  482,  761,  392,  640,  783,  788,  444,  413,  755,  423,  521,  137,  500,  387,  662,  320,  309,  238,   95,  256,  195,  518,  467,  547,  270,  774,  534,  295,  355,   80,  606,  354,  153,  365,  772,  536,  304,  313,  493,  261,  114,   99,  186,  488,  548,  245,  348,   88,  292,  193,  441,  777,  314,  525,  441,  297,  398,  329,  483,  231,  217,  314,  477,  178,  136,  738,   56,  259,  476,  570,  715,   77,  611,  552,  275,  253,  588,  470,  182,  380,  672,  651,  170,  760,  373,  515,  393,  536,  411,  479,  466,  247,  563,  805,  150,  561,  460,  583,  684,  324,  187,  498,  245,  233,  332,  547,  328,  424,  234,  777,  536,  577,  210,  173,  644,  760,  130,  334,  450,  385,  460,   45,  783,  315,  160,  487,  529,  356,  783,  283,  557,  784,  552,  416,  694,  154,  274,  659,  373,  536,  504,  809,  578,  233],
        [  826,    0,  661,  916,  709,  867,   95,   60,  242,  684,  816,  453,  232,  185,  555,  918,  529,  353,  386,  574,    0,   35,  285,   48,  854,  822,  768,  906,  654,  868,  778,  403,  392,  317,  623,  733,  765,  443,  656,  970,  439,  925,  297,  209,  781,  880,  222,  682,  537,  406,  699,  668,  799,  698,  172,  725,  420,  504,  266,  753,  579,  645,  498,  545,  240, 1081,  529,  882,  846,  323,  698,  627,  155,  324,  520,  209,  744,  905,  673,  324,  720,  419,  661,  550,  759,  222, 1062,  782,  631,  539,  335,  609,  257,  819,  692,  995,  137,  311,  424,  365, 1023,  692,  551,  454,  736,  715,  489,  778,  519,  715,  873,  421,  295,  613,  573, 1078,  352,  562,  280, 1020,  433,  375,  239,  857,  742,  198,  599,  680,  951,  484,  902,  132,  191,  488,  214,  800,  674,  951,  279,  456,  352,  792,  431,  948,  579,  630,  245,  197,  324,  177,  669,  262, 1051,  592,  781,  678,  285,  233,  458,  879,  269,  912, 1004,  609,  748,  888,  432,  963,  719,  243,  247,  293,  445,  264, 1013,  303,  790,  446,  522,   97,  920,   55,  904,  834,  909,  686],
        [  843,    0,  695,  930,  712,  890,   73,   48,  236,  718,  830,  468,  265,  164,  584,  953,  549,  386,  370,  586,   35,    0,  309,   77,  888,  845,  774,  936,  666,  885,  810,  437,  419,  335,  638,  760,  790,  477,  672,  984,  429,  946,  331,  219,  806,  912,  227,  717,  569,  438,  734,  698,  829,  713,  153,  752,  454,  496,  279,  756,  585,  668,  499,  578,  223, 1100,  554,  916,  875,  323,  692,  642,  188,  352,  540,  223,  779,  933,  668,  349,  750,  417,  676,  556,  771,  255, 1083,  799,  659,  546,  334,  610,  242,  853,  717, 1018,  145,  333,  410,  358, 1042,  713,  549,  447,  766,  721,  507,  813,  530,  737,  899,  456,  324,  621,  607, 1098,  352,  559,  315, 1037,  437,  363,  269,  889,  752,  205,  628,  712,  967,  518,  923,  124,  177,  513,  249,  835,  691,  978,  261,  490,  385,  814,  450,  972,  576,  629,  262,  231,  319,  203,  691,  280, 1071,  626,  794,  683,  318,  251,  473,  897,  252,  931, 1022,  622,  782,  900,  448,  986,  750,  265,  260,  303,  479,  282, 1037,  334,  823,  452,  517,  110,  937,   51,  931,  869,  938,  686],
        [  553,    0,  490,  656,  509,  582,  379,  279,  251,  516,  555,  198,  124,  322,  289,  742,  250,  169,  400,  333,  285,  309,    0,  238,  651,  537,  552,  643,  406,  595,  529,  244,  117,   77,  362,  455,  482,  255,  392,  705,  384,  642,  168,  441,  498,  628,  467,  563,  298,  180,  553,  401,  534,  437,  305,  446,  364,  424,  108,  553,  374,  360,  348,  337,  324,  801,  246,  674,  576,  230,  578,  367,  277,   67,  242,  125,  588,  628,  537,   40,  462,  312,  396,  348,  505,  157,  779,  508,  354,  333,  244,  440,  313,  635,  408,  710,  189,   37,  410,  312,  745,  410,  406,  380,  471,  501,  219,  592,  284,  432,  591,  295,  384,  393,  403,  796,  247,  433,  263,  744,  265,  359,  340,  614,  500,  444,  329,  436,  680,  307,  618,  253,  286,  204,  231,  637,  402,  672,  346,  322,  363,  508,  158,  663,  442,  474,   87,  214,  268,  110,  386,  447,  768,  398,  526,  479,  315,  432,  204,  605,  330,  632,  727,  358,  595,  630,  174,  679,  471,   46,  458,  139,  298,  455,  729,  108,  581,  260,  413,  350,  645,  269,  623,  659,  638,  512],
        [  781,    0,  624,  874,  674,  819,  142,   72,  223,  647,  773,  409,  188,  190,  508,  882,  483,  310,  378,  533,   48,   77,  238,    0,  814,  775,  732,  860,  612,  824,  733,  364,  345,  273,  579,  686,  718,  402,  613,  926,  421,  878,  256,  237,  733,  835,  254,  652,  492,  361,  665,  622,  753,  655,  174,  678,  393,  484,  225,  718,  543,  597,  468,  503,  238, 1035,  481,  841,  799,  294,  675,  584,  142,  277,  474,  169,  709,  858,  647,  277,  674,  393,  617,  513,  717,  181, 1015,  737,  584,  502,  307,  578,  249,  781,  645,  948,  105,  265,  412,  345,  978,  646,  522,  434,  690,  678,  444,  740,  478,  669,  825,  386,  288,  575,  535, 1031,  323,  536,  252,  975,  399,  361,  231,  813,  701,  231,  552,  636,  907,  444,  855,  122,  185,  441,  185,  765,  629,  904,  276,  420,  334,  745,  385,  900,  552,  601,  202,  165,  301,  129,  623,  278, 1004,  552,  739,  644,  266,  252,  414,  834,  263,  866,  959,  567,  713,  845,  388,  916,  674,  196,  269,  255,  408,  282,  966,  257,  749,  410,  498,  128,  875,   61,  857,  797,  862,  654],
        [  717,    0,  205,  851,  946,  532,  936,  882,  901,  189,  791,  695,  629,  962,  405,  125,  611,  510, 1044,  763,  854,  888,  651,  814,    0,  549,  939,  290,  771,  740,  217,  452,  549,  698,  712,  402,  472,  415,  708,  852, 1007,  654,  559,  875,  457,  218,  907,  277,  358,  474,  216,  343,  297,  737,  944,  413,  487, 1026,  755,  976,  855,  521,  912,  317,  973,  785,  501,   32,  329,  867, 1115,  716,  731,  585,  617,  774,  173,  413, 1065,  621,  278,  921,  709,  848,  797,  634,  722,  692,  417,  832,  878,  952,  964,   72,  481,  600,  821,  658, 1045,  947,  775,  583,  957,  993,  307,  912,  652,   89,  757,  570,  455,  440,  681,  837,  286,  759,  874,  994,  595,  802,  844,  999,  699,  172,  838,  896,  392,  248,  801,  371,  616,  886,  931,  539,  651,  137,  672,  451,  997,  407,  582,  571,  644,  551,  992,  993,  738,  663,  909,  715,  561,  814,  719,  263,  800,  928,  624,  827,  697,  734,  981,  696,  778,  743,  180,  851,  684,  604,  236,  690,  853,  778,  412,  824,  590,  571,   72,  821,  995,  857,  751,  870,  461,   97,  354,  994],
        [  177,    0,  568,  304,  481,   56,  916,  811,  712,  582,  261,  407,  622,  819,  322,  674,  304,  542,  783,  367,  822,  845,  537,  775,  549,    0,  446,  305,  322,  192,  334,  559,  438,  517,  289,  165,   89,  515,  261,  304,  704,  126,  601,  962,   96,  357,  990,  700,  399,  477,  645,  260,  254,  261,  806,  159,  707,  686,  583,  495,  452,  178,  561,  466,  793,  290,  300,  546,  232,  627,  688,  289,  787,  508,  315,  634,  638,  190,  639,  499,  291,  620,  259,  464,  291,  650,  251,  167,  232,  454,  629,  541,  771,  594,  141,  175,  712,  512,  760,  681,  253,  143,  579,  678,  254,  440,  355,  568,  401,  115,  125,  604,  842,  413,  549,  276,  615,  614,  706,  271,  534,  735,  820,  390,  343,  969,  284,  353,  254,  528,   91,  768,  777,  335,  716,  646,  218,  201,  796,  597,  771,   44,  402,  135,  603,  575,  590,  710,  668,  646,  157,  946,  241,  495,  283,  476,  762,  940,  404,  186,  783,  152,  247,  325,  650,  308,  418,  142,  337,  580,  967,  577,  576,  955,  196,  553,  499,  505,  639,  882,  204,  802,  146,  629,  247,  548],
        [  283,    0,  880,  243,   74,  494,  844,  728,  554,  902,  199,  357,  676,  666,  569, 1061,  367,  675,  523,  225,  768,  774,  552,  732,  939,  446,    0,  742,  175,  297,  729,  735,  537,  482,  237,  546,  490,  713,  233,  306,  425,  432,  705,  966,  510,  783,  985,  999,  651,  635,  961,  598,  666,  203,  662,  533,  886,  371,  510,   56,  190,  419,  290,  728,  613,  498,  476,  945,  663,  456,  274,  233,  820,  578,  368,  564,  972,  635,  235,  535,  661,  380,  232,  219,  155,  708,  526,  279,  527,  231,  447,  191,  585,  964,  461,  555,  632,  516,  481,  454,  434,  359,  260,  395,  636,   54,  359,  928,  270,  376,  570,  792,  936,  160,  823,  515,  429,  276,  811,  407,  338,  488,  890,  804,  104,  962,  563,  698,  326,  754,  445,  657,  628,  462,  783, 1000,  267,  642,  594,  804,  907,  406,  411,  549,  256,  201,  538,  765,  474,  635,  379,  989,  515,  783,  165,   98,  866,  970,  352,  312,  589,  380,  408,  217,  984,  211,  382,  517,  704,  570,  992,  478,  778,  996,  584,  639,  875,  323,  322,  859,  336,  724,  590,  998,  690,  142],
        [  481,    0,  403,  603,  767,  270,  998,  915,  874,  404,  564,  599,  676,  962,  355,  405,  494,  561,  985,  616,  906,  936,  643,  860,  290,  305,  742,    0,  596,  493,  143,  537,  526,  659,  547,  218,  254,  488,  530,  592,  923,  384,  623,  988,  233,   73, 1020,  523,  373,  502,  459,  242,  110,  545,  946,  231,  642,  923,  726,  788,  710,  362,  798,  395,  954,  500,  414,  276,   82,  810,  964,  549,  820,  588,  503,  764,  432,  130,  914,  604,  187,  835,  529,  713,  589,  693,  435,  469,  299,  700,  817,  806,  937,  353,  303,  313,  830,  633,  973,  881,  497,  393,  830,  903,  172,  729,  546,  344,  631,  370,  187,  557,  822,  679,  434,  472,  808,  867,  701,  527,  749,  937,  819,  121,  638, 1003,  315,  238,  540,  470,  350,  895,  924,  461,  739,  417,  487,  162,  968,  534,  730,  339,  566,  268,  860,  845,  721,  742,  854,  737,  383,  947,  433,  382,  584,  757,  748,  951,  598,  484,  953,  433,  504,  583,  443,  611,  598,  323,  198,  688,  979,  736,  524,  957,  302,  604,  269,  721,  882,  938,  493,  903,  182,  384,   67,  829],
        [  210,    0,  706,  265,  175,  377,  739,  623,  472,  728,  168,  209,  526,  587,  394,  892,  194,  509,  495,   81,  654,  666,  406,  612,  771,  322,  175,  596,    0,  245,  566,  566,  371,  345,   62,  388,  343,  541,   67,  323,  405,  355,  546,  839,  365,  629,  861,  824,  476,  466,  786,  429,  510,   67,  579,  375,  719,  375,  389,  206,  136,  251,  255,  553,  545,  473,  301,  779,  515,  374,  370,   58,  681,  420,  196,  445,  798,  503,  320,  382,  496,  331,   67,  154,  106,  559,  479,  179,  356,  151,  370,  219,  519,  793,  300,  468,  521,  370,  463,  403,  408,  204,  262,  376,  473,  142,  195,  756,  136,  227,  440,  623,  785,   92,  648,  480,  353,  295,  655,  393,  257,  451,  744,  645,   96,  838,  390,  527,  314,  580,  353,  560,  546,  289,  634,  827,  110,  521,  536,  633,  747,  279,  253,  447,  282,  254,  411,  619,  405,  501,  217,  852,  467,  609,  129,  162,  711,  835,  203,  260,  527,  316,  384,   49,  809,  235,  232,  429,  536,  432,  860,  364,  607,  859,  496,  481,  706,  232,  326,  737,  298,  616,  466,  826,  551,  233],
        [   43,    0,  741,  112,  351,  225,  958,  845,  710,  757,   98,  418,  703,  824,  459,  864,  346,  649,  739,  319,  868,  885,  595,  824,  740,  192,  297,  493,  245,    0,  524,  685,  522,  551,  252,  344,  270,  647,  217,  124,  648,  137,  700, 1036,  283,  548, 1062,  872,  545,  591,  820,  430,  445,  183,  814,  336,  839,  613,  608,  352,  376,  284,  498,  619,  785,  228,  401,  737,  424,  613,  565,  248,  867,  587,  354,  664,  818,  370,  520,  562,  473,  575,  212,  397,  159,  734,  239,   88,  380,  395,  611,  442,  759,  781,  286,  260,  742,  563,  707,  647,  164,  208,  497,  619,  438,  310,  380,  753,  371,  201,  308,  736,  947,  330,  710,  236,  594,  527,  811,  153,  500,  695,  915,  581,  211, 1039,  431,  530,   86,  671,  156,  789,  782,  418,  806,  831,  195,  365,  778,  736,  890,  170,  440,  261,  511,  469,  624,  796,  647,  701,  239, 1035,  227,  659,  139,  357,  869, 1023,  413,   17,  769,   84,  141,  276,  830,  119,  437,  223,  520,  631, 1050,  590,  712, 1043,  289,  642,  687,  473,  563,  943,   54,  837,  320,  816,  432,  425],
        [  501,    0,  269,  635,  741,  322,  869,  793,  770,  275,  575,  521,  547,  850,  245,  342,  424,  429,  895,  567,  778,  810,  529,  733,  217,  334,  729,  143,  566,  524,    0,  399,  414,  556,  509,  186,  255,  350,  501,  638,  844,  444,  490,  850,  241,  102,  882,  397,  242,  373,  335,  147,   86,  527,  833,  198,  500,  853,  621,  769,  661,  315,  733,  254,  848,  586,  325,  218,  132,  717,  921,  512,  684,  469,  432,  652,  316,  224,  871,  492,   75,  756,  501,  658,  584,  562,  527,  476,  220,  643,  726,  759,  834,  260,  269,  407,  714,  524,  889,  793,  569,  371,  772,  827,   93,  706,  472,  238,  570,  356,  251,  415,  680,  638,  293,  562,  719,  809,  562,  594,  673,  848,  679,   89,  626,  866,  214,   99,  587,  329,  406,  779,  814,  369,  602,  316,  463,  272,  866,  391,  588,  355,  478,  354,  805,  799,  611,  607,  761,  616,  351,  807,  522,  240,  585,  726,  607,  811,  521,  519,  851,  483,  570,  542,  328,  635,  515,  404,   60,  573,  839,  636,  383,  817,  403,  477,  166,  647,  817,  805,  537,  781,  264,  295,  182,  794],
        [  645,    0,  263,  772,  707,  586,  487,  432,  480,  288,  677,  389,  182,  521,  238,  522,  373,   76,  639,  512,  403,  437,  244,  364,  452,  559,  735,  537,  566,  685,  399,    0,  200,  314,  508,  419,  478,   50,  527,  807,  628,  683,  108,  452,  485,  498,  484,  319,  172,  101,  316,  328,  441,  572,  503,  416,  157,  666,  350,  749,  579,  403,  581,  148,  542,  848,  286,  479,  494,  474,  810,  513,  289,  184,  371,  350,  355,  573,  766,  233,  356,  555,  530,  559,  645,  183,  808,  602,  329,  542,  488,  661,  538,  419,  420,  711,  381,  267,  652,  555,  805,  477,  637,  624,  383,  689,  376,  378,  476,  488,  561,   58,  291,  585,  174,  835,  491,  668,  165,  815,  499,  600,  283,  468,  659,  468,  279,  301,  769,   81,  649,  443,  495,  280,  207,  408,  516,  623,  571,   78,  213,  546,  330,  656,  674,  698,  324,  215,  510,  274,  447,  412,  799,  190,  661,  680,  214,  414,  393,  689,  555,  693,  794,  520,  361,  755,  367,  689,  341,  270,  442,  383,   54,  422,  721,  140,  387,  487,  652,  413,  725,  420,  589,  437,  558,  726],
