{
    "name": "random-43-8415",
    "comment": "size=43 seed=8415",
    "nodes": ["+0", "-0", "+1", "-1", "+2", "-2", "+3", "-3", "+4", "-4", "+5", "-5", "+6", "-6", "+7", "-7", "+8", "-8", "+9", "-9", "+10", "-10", "+11", "-11", "+12", "-12", "+13", "-13", "+14", "-14", "+15", "-15", "+16", "-16", "+17", "-17", "+18", "-18", "+19", "-19", "+20", "-20", "+21", "-21", "+22", "-22", "+23", "-23", "+24", "-24", "+25", "-25", "+26", "-26", "+27", "-27", "+28", "-28", "+29", "-29", "+30", "-30", "+31", "-31", "+32", "-32", "+33", "-33", "+34", "-34", "+35", "-35", "+36", "-36", "+37", "-37", "+38", "-38", "+39", "-39", "+40", "-40", "+41", "-41", "+42", "-42", "+43", "-43"],
    "precedence": {
        "+0": "-0",
        "+1": "-1",
        "+2": "-2",
        "+3": "-3",
        "+4": "-4",
        "+5": "-5",
        "+6": "-6",
        "+7": "-7",
        "+8": "-8",
        "+9": "-9",
        "+10": "-10",
        "+11": "-11",
        "+12": "-12",
        "+13": "-13",
        "+14": "-14",
        "+15": "-15",
        "+16": "-16",
        "+17": "-17",
        "+18": "-18",
        "+19": "-19",
        "+20": "-20",
        "+21": "-21",
        "+22": "-22",
        "+23": "-23",
        "+24": "-24",
        "+25": "-25",
        "+26": "-26",
        "+27": "-27",
        "+28": "-28",
        "+29": "-29",
        "+30": "-30",
        "+31": "-31",
        "+32": "-32",
        "+33": "-33",
        "+34": "-34",
        "+35": "-35",
        "+36": "-36",
        "+37": "-37",
        "+38": "-38",
        "+39": "-39",
        "+40": "-40",
        "+41": "-41",
        "+42": "-42",
        "+43": "-43"
    },
    "edges": [
        [    0,    0,  792,  712,  207,  691,  552, 1057, 1023,  654,  635,  206,  385,  184,  766,  693,  102,  283,  606,   97,  277,  682,  496,  272,  723,  670,  512,  586,  333,  604,  269,  724, 1122,  126,  707,  744,  556,  740,  995,  602,  705,  121,  333,  625,  703,  301,  141,  210,  317,  351,  742,  867,  671,  137,  468,  568,  745,  316,  620,  585,  173,  584,  600,  469,  342,  411,  538,  941,  231,  362,  428,  266,  547,  238,  465,  556,  445,  345,  678,  824, 1037,  579,  546,  660,  802, 1022,  686,  931],
        [    0,    0,    0,    0,    0,    0,    0,    0,    0,    0,    0,    0,    0,    0,    0,    0,    0,    0,    0,    0,    0,    0,    0,    0,    0,    0,    0,    0,    0,    0,    0,    0,    0,    0,    0,    0,    0,    0,    0,    0,    0,    0,    0,    0,    0,    0,    0,    0,    0,    0,    0,    0,    0,    0,    0,    0,    0,    0,    0,    0,    0,    0,    0,    0,    0,    0,    0,    0,    0,    0,    0,    0,    0,    0,    0,    0,    0,    0,    0,    0,    0,    0,    0,    0,    0,    0,    0,    0],
        [  792,    0,    0,  652,  586,  283,  701,  350,  354,  270,  386,  732,  426,  690,  692,  520,  711,  604,  593,  888,  544,  240,  753,  536,  309,  486,  398,  805,  484,  320,  800,  357,  431,  668,  350,  421,  513,  275,  256,  326,  277,  912,  672,  269,  450,  640,  754,  631,  641,  447,  390,  137,  428,  910,  537,  253,  310,  589,  360,  243,  690,  781,  268,  379,  459,  392,  257,  321,  563,  447,  529,  639,  717,  563,  360,  279,  356,  587,  766,  524,  404,  382,  355,  416,  109,  303,  695,  976],
        [  712,    0,  652,    0,  612,  821,  187,  647,  588,  387,  866,  516,  644,  771,   59,  134,  712,  438,  113,  769,  682,  776,  273,  655,  349,  167,  775,  245,  474,  351,  501,  303,  667,  629,  886,  962,  197,  386,  654,  345,  826,  801,  383,  398,  959,  412,  793,  726,  837,  518,  937,  598,  225,  740,  264,  468,  355,  406,  302,  674,  760,  222,  725,  703,  619,  617,  536,  508,  615,  485,  309,  792,  201,  546,  667,  441,  498,  374,  140,  210,  559,  820,  763,  907,  565,  642,   62,  330],
        [  207,    0,  586,  612,    0,  499,  490,  862,  832,  467,  460,  231,  186,  162,  669,  559,  133,  191,  500,  303,  107,  485,  465,   86,  543,  529,  333,  558,  155,  424,  322,  553,  930,   85,  526,  573,  427,  555,  795,  423,  513,  326,  289,  436,  539,  238,  200,  115,  238,  152,  566,  665,  516,  331,  348,  370,  565,  217,  449,  383,  153,  547,  402,  277,  140,  207,  333,  753,   28,  171,  303,  186,  492,   66,  266,  361,  244,  247,  618,  679,  851,  402,  360,  491,  600,  824,  602,  884],
        [  691,    0,  283,  821,  499,    0,  808,  630,  637,  452,  110,  708,  314,  540,  872,  701,  593,  605,  733,  784,  414,   49,  833,  421,  524,  662,  187,  908,  473,  473,  793,  568,  711,  582,   71,  148,  640,  502,  533,  478,   16,  801,  700,  431,  168,  654,  608,  490,  447,  415,  120,  420,  610,  824,  624,  353,  535,  605,  523,  153,  544,  887,  108,  223,  362,  302,  290,  600,  472,  436,  596,  467,  820,  510,  236,  381,  363,  617,  905,  747,  686,  133,  146,  134,  381,  583,  849, 1149],
        [  552,    0,  701,  187,  490,  808,    0,  777,  722,  435,  830,  348,  571,  639,  229,  252,  568,  301,  131,  598,  578,  769,   88,  550,  434,  262,  721,  105,  381,  381,  319,  399,  810,  487,  865,  936,  189,  470,  764,  375,  816,  630,  220,  432,  923,  261,  649,  604,  727,  437,  916,  682,  309,  563,  185,  471,  448,  274,  346,  655,  628,   81,  703,  647,  535,  553,  520,  636,  500,  405,  219,  675,   19,  427,  614,  441,  451,  244,  130,  375,  704,  777,  721,  869,  635,  763,  142,  395],
        [ 1057,    0,  350,  647,  862,  630,  777,    0,   62,  408,  735,  943,  737,  993,  661,  530,  994,  812,  647, 1148,  848,  588,  854,  834,  360,  516,  741,  870,  725,  465,  987,  384,   82,  933,  694,  759,  608,  331,   98,  469,  622, 1177,  844,  435,  794,  831, 1051,  932,  968,  711,  728,  218,  471, 1155,  674,  493,  341,  787,  468,  582,  990,  845,  614,  711,  757,  698,  542,  142,  843,  697,  690,  956,  795,  820,  685,  502,  618,  771,  786,  446,  114,  730,  700,  763,  276,   48,  706,  912],
        [ 1023,    0,  354,  588,  832,  637,  722,   62,    0,  370,  739,  901,  717,  969,  600,  473,  964,  771,  591, 1113,  825,  593,  800,  809,  313,  461,  735,  814,  691,  424,  941,  333,   99,  901,  703,  772,  557,  288,  127,  428,  630, 1142,  798,  399,  803,  787, 1025,  908,  951,  681,  741,  218,  418, 1116,  626,  465,  293,  744,  423,  574,  965,  789,  611,  698,  734,  678,  520,   88,  815,  664,  644,  936,  740,  787,  671,  471,  590,  728,  727,  385,   61,  729,  695,  769,  266,   81,  647,  851],
        [  654,    0,  270,  387,  467,  452,  435,  408,  370,    0,  518,  536,  384,  614,  431,  257,  599,  405,  323,  743,  476,  404,  494,  457,   87,  221,  458,  539,  322,   61,  585,  121,  469,  532,  521,  598,  247,   89,  361,   66,  454,  772,  446,   33,  606,  427,  664,  554,  619,  318,  571,  255,  164,  747,  286,  125,  106,  380,   91,  319,  608,  514,  371,  398,  387,  345,  201,  288,  453,  298,  291,  593,  452,  419,  363,  115,  235,  368,  496,  298,  384,  483,  432,  557,  201,  378,  427,  714],
        [  635,    0,  386,  866,  460,  110,  830,  735,  739,  518,    0,  683,  285,  470,  920,  754,  535,  595,  770,  725,  363,  147,  844,  376,  597,  716,  128,  925,  469,  528,  772,  637,  816,  538,   78,  114,  677,  579,  639,  532,  122,  738,  695,  493,   94,  646,  537,  428,  362,  409,  107,  522,  668,  771,  646,  405,  610,  601,  578,  199,  477,  906,  148,  193,  334,  287,  332,  696,  434,  435,  613,  391,  841,  484,  221,  430,  380,  619,  937,  815,  786,   60,  111,   41,  478,  688,  887, 1191],
        [  206,    0,  732,  516,  231,  708,  348,  943,  901,  536,  683,    0,  400,  332,  567,  515,  245,  132,  415,  254,  337,  686,  290,  316,  589,  499,  556,  381,  251,  479,   91,  579,  999,  179,  743,  797,  381,  613,  895,  475,  721,  286,  133,  513,  766,  118,  321,  318,  449,  300,  787,  777,  511,  230,  294,  483,  610,  157,  480,  573,  319,  378,  604,  493,  351,  407,  481,  815,  255,  290,  263,  393,  342,  200,  474,  462,  380,  176,  473,  649,  904,  624,  577,  716,  715,  914,  484,  725],
        [  385,    0,  426,  644,  186,  314,  571,  737,  717,  384,  285,  400,    0,  264,  702,  556,  293,  312,  537,  481,  118,  299,  573,  115,  469,  520,  160,  659,  193,  361,  488,  494,  811,  270,  344,  399,  448,  469,  659,  363,  328,  500,  414,  351,  372,  364,  329,  205,  237,  135,  388,  526,  488,  515,  395,  262,  489,  322,  403,  202,  264,  642,  216,   94,   50,   40,  198,  648,  159,  167,  355,  220,  579,  200,   81,  269,  158,  342,  689,  653,  747,  226,  178,  320,  463,  695,  652,  953],
        [  184,    0,  690,  771,  162,  540,  639,  993,  969,  614,  470,  332,  264,    0,  828,  720,   91,  339,  659,  262,  148,  540,  604,  160,  694,  690,  354,  697,  314,  576,  416,  707, 1065,  156,  545,  573,  588,  702,  919,  575,  555,  270,  426,  581,  529,  379,   68,   62,  134,  298,  574,  787,  675,  316,  508,  505,  715,  369,  605,  460,   13,  689,  462,  328,  237,  300,  453,  894,  166,  323,  463,   84,  640,  226,  335,  502,  381,  400,  768,  839,  993,  418,  394,  490,  723,  953,  758, 1033],
        [  766,    0,  692,   59,  669,  872,  229,  661,  600,  431,  920,  567,  702,  828,    0,  175,  768,  494,  171,  820,  740,  826,  311,  713,  386,  212,  831,  267,  532,  400,  547,  338,  673,  686,  937, 1014,  255,  421,  675,  395,  876,  853,  435,  445, 1013,  467,  849,  784,  895,  576,  988,  630,  268,  789,  322,  520,  389,  462,  350,  726,  818,  248,  778,  759,  677,  674,  589,  525,  673,  543,  367,  850,  241,  604,  723,  493,  554,  431,  148,  216,  566,  874,  818,  960,  601,  660,   89,  284],
        [  693,    0,  520,  134,  559,  701,  252,  530,  473,  257,  754,  515,  556,  720,  175,    0,  673,  410,  123,  763,  612,  655,  336,  586,  216,   39,  672,  341,  409,  228,  523,  171,  559,  593,  767,  844,  138,  253,  528,  223,  704,  795,  387,  272,  846,  400,  752,  668,  768,  442,  818,  466,   93,  744,  226,  350,  223,  377,  178,  558,  711,  316,  610,  603,  538,  524,  423,  390,  556,  409,  266,  728,  270,  495,  566,  325,  401,  348,  262,  136,  452,  711,  656,  794,  432,  521,  184,  458],
        [  102,    0,  711,  712,  133,  593,  568,  994,  964,  599,  535,  245,  293,   91,  768,  673,    0,  274,  601,  192,  181,  587,  526,  179,  674,  647,  412,  619,  282,  554,  327,  681, 1062,   83,  607,  643,  538,  687,  926,  553,  608,  208,  351,  568,  602,  308,   82,  109,  222,  284,  641,  796,  639,  238,  454,  502,  696,  306,  577,  495,   79,  613,  505,  373,  254,  323,  462,  885,  151,  302,  410,  168,  567,  185,  372,  494,  376,  338,  697,  799,  983,  479,  448,  559,  731,  956,  693,  959],
        [  283,    0,  604,  438,  191,  605,  301,  812,  771,  405,  595,  132,  312,  339,  494,  410,  274,    0,  329,  356,  286,  577,  276,  260,  461,  389,  472,  368,  133,  348,  197,  454,  870,  192,  647,  708,  273,  484,  763,  344,  616,  388,  104,  381,  683,   52,  355,  303,  428,  190,  694,  646,  393,  349,  186,  353,  482,   34,  353,  461,  328,  357,  498,  402,  266,  309,  357,  686,  204,  172,  146,  376,  303,  131,  377,  332,  258,   65,  430,  542,  777,  537,  485,  631,  583,  782,  420,  695],
        [  606,    0,  593,  113,  500,  733,  131,  647,  591,  323,  770,  415,  537,  659,  171,  123,  601,  329,    0,  667,  570,  690,  214,  543,  310,  131,  673,  226,  363,  276,  412,  271,  679,  519,  795,  870,   94,  347,  636,  270,  739,  700,  283,  326,  864,  306,  682,  614,  726,  409,  846,  561,  182,  642,  152,  383,  322,  296,  233,  583,  649,  201,  633,  600,  509,  512,  444,  506,  503,  375,  197,  680,  149,  434,  564,  354,  395,  264,  176,  252,  573,  721,  665,  810,  517,  634,  118,  421],
        [   97,    0,  888,  769,  303,  784,  598, 1148, 1113,  743,  725,  254,  481,  262,  820,  763,  192,  356,  667,    0,  371,  777,  532,  367,  808,  743,  603,  617,  424,  691,  289,  807, 1211,  221,  798,  832,  626,  827, 1088,  688,  799,   33,  386,  715,  789,  364,  203,  298,  391,  445,  831,  961,  749,   67,  538,  661,  830,  389,  703,  681,  253,  619,  695,  563,  438,  507,  633, 1030,  327,  454,  501,  345,  591,  330,  560,  648,  539,  415,  720,  896, 1124,  670,  639,  748,  896, 1114,  736,  961],
        [  277,    0,  544,  682,  107,  414,  578,  848,  825,  476,  363,  337,  118,  148,  740,  612,  181,  286,  570,  371,    0,  407,  561,   28,  559,  579,  236,  653,  208,  444,  428,  577,  920,  176,  432,  474,  489,  564,  772,  444,  429,  389,  388,  444,  437,  336,  211,   88,  157,  172,  469,  640,  556,  412,  419,  362,  580,  307,  478,  318,  147,  640,  325,  193,   92,  153,  307,  752,   85,  203,  375,  119,  582,  156,  193,  362,  242,  335,  703,  722,  851,  305,  269,  390,  576,  807,  679,  970],
        [  682,    0,  240,  776,  485,   49,  769,  588,  593,  404,  147,  686,  299,  540,  826,  655,  587,  577,  690,  777,  407,    0,  798,  411,  476,  617,  194,  870,  445,  427,  769,  520,  669,  569,  119,  197,  598,  453,  492,  432,   50,  795,  669,  385,  215,  625,  608,  487,  457,  389,  167,  376,  564,  814,  586,  309,  487,  575,  477,  117,  543,  848,   84,  214,  346,  282,  250,  554,  458,  407,  560,  471,  782,  489,  219,  337,  329,  586,  863,  699,  641,  154,  150,  177,  335,  541,  806, 1105],
        [  496,    0,  753,  273,  465,  833,   88,  854,  800,  494,  844,  290,  573,  604,  311,  336,  526,  276,  214,  532,  561,  798,    0,  535,  504,  341,  729,   94,  380,  437,  246,  472,  890,  448,  886,  954,  252,  539,  836,  431,  843,  564,  178,  487,  936,  228,  605,  575,  703,  440,  936,  746,  384,  491,  219,  512,  520,  256,  408,  682,  591,   89,  727,  656,  532,  560,  551,  714,  479,  411,  238,  649,   72,  406,  625,  483,  471,  231,  189,  461,  785,  789,  734,  883,  695,  838,  223,  436],
        [  272,    0,  536,  655,   86,  421,  550,  834,  809,  457,  376,  316,  115,  160,  713,  586,  179,  260,  543,  367,   28,  411,  535,    0,  538,  554,  249,  626,  181,  422,  407,  555,  905,  163,  443,  488,  462,  544,  760,  422,  435,  386,  362,  424,  454,  311,  220,   99,  183,  148,  482,  628,  532,  404,  392,  345,  560,  280,  455,  316,  157,  613,  328,  198,   78,  145,  293,  735,   62,  178,  348,  143,  555,  130,  194,  344,  222,  308,  676,  698,  834,  318,  278,  405,  564,  794,  652,  943],
        [  723,    0,  309,  349,  543,  524,  434,  360,  313,   87,  597,  589,  469,  694,  386,  216,  674,  461,  310,  808,  559,  476,  504,  538,    0,  186,  542,  535,  393,  120,  628,   49,  411,  604,  595,  672,  253,   38,  332,  122,  525,  839,  485,  119,  683,  474,  742,  635,  704,  396,  643,  252,  130,  808,  315,  211,   22,  433,  110,  400,  688,  509,  450,  484,  471,  431,  287,  227,  531,  373,  331,  677,  452,  491,  449,  201,  318,  415,  473,  224,  317,  565,  515,  636,  216,  337,  398,  668],
        [  670,    0,  486,  167,  529,  662,  262,  516,  461,  221,  716,  499,  520,  690,  212,   39,  647,  389,  131,  743,  579,  617,  341,  554,  186,    0,  634,  356,  378,  190,  514,  144,  550,  567,  729,  806,  118,  224,  507,  185,  666,  775,  374,  234,  807,  382,  724,  638,  734,  408,  780,  438,   59,  728,  206,  312,  196,  355,  140,  519,  681,  331,  571,  565,  503,  488,  384,  375,  526,  376,  243,  695,  280,  466,  529,  287,  365,  328,  287,  154,  444,  673,  618,  756,  401,  503,  212,  494],
        [  512,    0,  398,  775,  333,  187,  721,  741,  735,  458,  128,  556,  160,  354,  831,  672,  412,  472,  673,  603,  236,  194,  729,  249,  542,  634,    0,  812,  349,  455,  645,  577,  821,  411,  196,  242,  580,  531,  652,  458,  202,  618,  573,  429,  212,  523,  422,  307,  263,  290,  234,  524,  592,  647,  540,  335,  559,  480,  503,  161,  359,  795,  132,   74,  208,  169,  258,  679,  306,  319,  503,  280,  730,  357,  109,  354,  278,  500,  833,  750,  775,   70,   46,  161,  469,  696,  790, 1093],
        [  586,    0,  805,  245,  558,  908,  105,  870,  814,  539,  925,  381,  659,  697,  267,  341,  619,  368,  226,  617,  653,  870,   94,  626,  535,  356,  812,    0,  466,  485,  329,  497,  899,  542,  963, 1033,  293,  571,  862,  479,  916,  648,  272,  536, 1018,  321,  698,  668,  796,  525, 1013,  784,  407,  573,  285,  574,  547,  346,  449,  755,  685,   26,  802,  739,  619,  644,  621,  729,  571,  494,  313,  742,   90,  498,  707,  544,  548,  320,  124,  451,  791,  871,  815,  964,  738,  859,  185,  345],
        [  333,    0,  484,  474,  155,  473,  381,  725,  691,  322,  469,  251,  193,  314,  532,  409,  282,  133,  363,  424,  208,  445,  380,  181,  393,  378,  349,  466,    0,  274,  327,  400,  789,  211,  518,  581,  282,  408,  666,  272,  484,  452,  228,  292,  559,  181,  354,  261,  364,   60,  565,  541,  362,  434,  213,  241,  415,  134,  296,  329,  306,  450,  366,  277,  154,  182,  230,  609,  149,   40,  169,  320,  388,   98,  249,  226,  130,  151,  502,  526,  705,  412,  358,  506,  477,  691,  473,  768],
        [  604,    0,  320,  351,  424,  473,  381,  465,  424,   61,  528,  479,  361,  576,  400,  228,  554,  348,  276,  691,  444,  427,  437,  422,  120,  190,  455,  485,  274,    0,  526,  134,  523,  484,  540,  617,  193,  137,  421,    7,  477,  721,  386,   51,  619,  368,  623,  517,  592,  278,  590,  315,  140,  693,  226,  124,  142,  322,   51,  331,  569,  461,  383,  390,  357,  325,  199,  339,  412,  254,  231,  562,  397,  372,  354,  101,  206,  308,  451,  296,  434,  488,  434,  568,  260,  436,  385,  680],
        [  269,    0,  800,  501,  322,  793,  319,  987,  941,  585,  772,   91,  488,  416,  547,  523,  327,  197,  412,  289,  428,  769,  246,  407,  628,  514,  645,  329,  327,  526,    0,  612, 1038,  267,  831,  886,  398,  656,  946,  521,  806,  320,  144,  565,  856,  161,  398,  407,  537,  381,  875,  834,  536,  246,  318,  548,  648,  211,  519,  655,  403,  332,  687,  581,  439,  493,  554,  854,  346,  367,  298,  481,  310,  288,  560,  524,  455,  219,  435,  658,  939,  713,  665,  805,  773,  961,  461,  673],
        [  724,    0,  357,  303,  553,  568,  399,  384,  333,  121,  637,  579,  494,  707,  338,  171,  681,  454,  271,  807,  577,  520,  472,  555,   49,  144,  577,  497,  400,  134,  612,    0,  427,  608,  638,  716,  225,   84,  366,  133,  569,  838,  468,  149,  725,  463,  752,  649,  725,  410,  687,  296,   90,  802,  295,  243,   53,  424,  105,  439,  700,  471,  490,  516,  491,  456,  319,  245,  542,  384,  317,  695,  416,  497,  480,  228,  339,  404,  430,  179,  328,  603,  552,  676,  263,  366,  354,  620],
        [ 1122,    0,  431,  667,  930,  711,  810,   82,   99,  469,  816,  999,  811, 1065,  673,  559, 1062,  870,  679, 1211,  920,  669,  890,  905,  411,  550,  821,  899,  789,  523, 1038,  427,    0,  999,  775,  840,  650,  387,  179,  526,  703, 1240,  894,  497,  875,  885, 1122, 1004, 1044,  778,  809,  298,  511, 1215,  722,  562,  390,  842,  520,  661, 1062,  874,  694,  788,  829,  772,  615,  185,  912,  762,  741, 1031,  828,  886,  762,  569,  688,  825,  806,  459,  108,  811,  780,  844,  354,  129,  727,  910],
        [  126,    0,  668,  629,   85,  582,  487,  933,  901,  532,  538,  179,  270,  156,  686,  593,   83,  192,  519,  221,  176,  569,  448,  163,  604,  567,  411,  542,  211,  484,  267,  608,  999,    0,  605,  650,  457,  619,  870,  482,  596,  246,  272,  503,  613,  227,  164,  141,  271,  225,  644,  742,  562,  247,  372,  443,  626,  224,  504,  467,  144,  534,  485,  359,  223,  291,  413,  820,  111,  237,  329,  214,  487,  114,  350,  432,  320,  255,  617,  720,  916,  480,  440,  566,  677,  897,  611,  879],
        [  707,    0,  350,  886,  526,   71,  865,  694,  703,  521,   78,  743,  344,  545,  937,  767,  607,  647,  795,  798,  432,  119,  886,  443,  595,  729,  196,  963,  518,  540,  831,  638,  775,  605,    0,   78,  702,  572,  597,  545,   74,  812,  745,  499,  101,  698,  612,  501,  440,  458,   52,  487,  678,  843,  681,  418,  605,  651,  590,  213,  551,  943,  163,  251,  393,  339,  352,  669,  499,  482,  651,  467,  877,  544,  272,  446,  416,  665,  966,  817,  754,  129,  167,   80,  450,  647,  912, 1213],
        [  744,    0,  421,  962,  573,  148,  936,  759,  772,  598,  114,  797,  399,  573, 1014,  844,  643,  708,  870,  832,  474,  197,  954,  488,  672,  806,  242, 1033,  581,  617,  886,  716,  840,  650,   78,    0,  777,  650,  662,  621,  150,  843,  808,  577,   54,  759,  639,  535,  457,  521,   32,  557,  755,  880,  752,  495,  683,  714,  667,  288,  581, 1014,  237,  306,  448,  400,  427,  741,  547,  546,  720,  492,  947,  598,  332,  522,  486,  730, 1039,  894,  824,  173,  223,   85,  524,  713,  987, 1289],
        [  556,    0,  513,  197,  427,  640,  189,  608,  557,  247,  677,  381,  448,  588,  255,  138,  538,  273,   94,  626,  489,  598,  252,  462,  253,  118,  580,  293,  282,  193,  398,  225,  650,  457,  702,  777,    0,  288,  584,  187,  647,  659,  257,  244,  770,  264,  617,  539,  645,  323,  753,  496,  140,  610,   89,  292,  270,  240,  158,  490,  578,  269,  540,  508,  423,  420,  351,  469,  427,  289,  129,  601,  206,  362,  472,  263,  302,  212,  265,  270,  547,  628,  571,  717,  447,  589,  211,  515],
        [  740,    0,  275,  386,  555,  502,  470,  331,  288,   89,  579,  613,  469,  702,  421,  253,  687,  484,  347,  827,  564,  453,  539,  544,   38,  224,  531,  571,  408,  137,  656,   84,  387,  619,  572,  650,  288,    0,  298,  140,  501,  857,  514,  121,  663,  500,  752,  642,  705,  406,  620,  215,  167,  829,  345,  207,   35,  457,  138,  384,  696,  546,  433,  476,  474,  430,  280,  203,  541,  385,  359,  680,  488,  506,  443,  202,  323,  441,  510,  252,  298,  550,  501,  617,  180,  306,  435,  703],
        [  995,    0,  256,  654,  795,  533,  764,   98,  127,  361,  639,  895,  659,  919,  675,  528,  926,  763,  636, 1088,  772,  492,  836,  760,  332,  507,  652,  862,  666,  421,  946,  366,  179,  870,  597,  662,  584,  298,    0,  426,  525, 1115,  806,  383,  697,  787,  979,  858,  886,  645,  631,  133,  456, 1099,  641,  427,  316,  740,  434,  493,  917,  837,  523,  625,  682,  621,  467,  159,  775,  634,  651,  877,  782,  758,  602,  440,  551,  728,  788,  466,  188,  637,  609,  667,  196,   52,  710,  941],
        [  602,    0,  326,  345,  423,  478,  375,  469,  428,   66,  532,  475,  363,  575,  395,  223,  553,  344,  270,  688,  444,  432,  431,  422,  122,  185,  458,  479,  272,    7,  521,  133,  526,  482,  545,  621,  187,  140,  426,    0,  482,  718,  381,   58,  624,  363,  622,  517,  593,  278,  595,  320,  136,  689,  221,  128,  144,  318,   46,  335,  569,  455,  387,  393,  358,  326,  202,  343,  411,  253,  226,  562,  391,  370,  356,  105,  207,  304,  445,  294,  436,  492,  438,  572,  266,  440,  379,  675],
        [  705,    0,  277,  826,  513,   16,  816,  622,  630,  454,  122,  721,  328,  555,  876,  704,  608,  616,  739,  799,  429,   50,  843,  435,  525,  666,  202,  916,  484,  477,  806,  569,  703,  596,   74,  150,  647,  501,  525,  482,    0,  815,  711,  434,  174,  665,  623,  505,  462,  427,  120,  413,  614,  839,  632,  358,  535,  616,  527,  162,  559,  895,  119,  237,  376,  315,  297,  595,  486,  447,  605,  482,  828,  523,  249,  386,  373,  628,  912,  748,  680,  148,  162,  143,  376,  575,  854, 1154],
        [  121,    0,  912,  801,  326,  801,  630, 1177, 1142,  772,  738,  286,  500,  270,  853,  795,  208,  388,  700,   33,  389,  795,  564,  386,  839,  775,  618,  648,  452,  721,  320,  838, 1240,  246,  812,  843,  659,  857, 1115,  718,  815,    0,  419,  744,  798,  396,  208,  312,  397,  471,  843,  988,  780,   86,  570,  689,  861,  421,  734,  702,  262,  650,  713,  581,  459,  528,  658, 1059,  350,  481,  533,  353,  623,  358,  579,  676,  565,  448,  752,  928, 1154,  684,  655,  759,  923, 1142,  769,  992],
        [  333,    0,  672,  383,  289,  700,  220,  844,  798,  446,  695,  133,  414,  426,  435,  387,  351,  104,  283,  386,  388,  669,  178,  362,  485,  374,  573,  272,  228,  386,  144,  468,  894,  272,  745,  808,  257,  514,  806,  381,  711,  419,    0,  427,  785,   52,  431,  397,  526,  288,  793,  697,  393,  360,  174,  420,  505,   95,  376,  553,  414,  264,  592,  503,  369,  409,  438,  711,  305,  265,  156,  472,  218,  233,  476,  394,  343,   87,  348,  522,  796,  638,  585,  732,  638,  819,  354,  608],
        [  625,    0,  269,  398,  436,  431,  432,  435,  399,   33,  493,  513,  351,  581,  445,  272,  568,  381,  326,  715,  444,  385,  487,  424,  119,  234,  429,  536,  292,   51,  565,  149,  497,  503,  499,  577,  244,  121,  383,   58,  434,  744,  427,    0,  582,  405,  633,  522,  586,  286,  550,  271,  180,  720,  274,   94,  138,  358,   96,  294,  576,  512,  346,  368,  354,  313,  171,  318,  421,  267,  274,  561,  448,  389,  333,   83,  203,  347,  501,  324,  415,  456,  404,  532,  213,  403,  434,  727],
        [  703,    0,  450,  959,  539,  168,  923,  794,  803,  606,   94,  766,  372,  529, 1013,  846,  602,  683,  864,  789,  437,  215,  936,  454,  683,  807,  212, 1018,  559,  619,  856,  725,  875,  613,  101,   54,  770,  663,  697,  624,  174,  798,  785,  582,    0,  735,  593,  494,  409,  499,   76,  587,  759,  839,  740,  496,  695,  691,  669,  289,  537,  999,  237,  282,  419,  378,  424,  767,  513,  527,  706,  447,  934,  568,  312,  521,  474,  709, 1030,  903,  853,  148,  204,   54,  549,  747,  981, 1284],
        [  301,    0,  640,  412,  238,  654,  261,  831,  787,  427,  646,  118,  364,  379,  467,  400,  308,   52,  306,  364,  336,  625,  228,  311,  474,  382,  523,  321,  181,  368,  161,  463,  885,  227,  698,  759,  264,  500,  787,  363,  665,  396,   52,  405,  735,    0,  389,  348,  475,  240,  744,  674,  394,  346,  177,  388,  495,   52,  365,  509,  368,  311,  546,  454,  318,  360,  399,  700,  253,  219,  146,  422,  261,  181,  427,  364,  302,   60,  391,  534,  789,  588,  536,  682,  613,  803,  388,  654],
        [  141,    0,  754,  793,  200,  608,  649, 1051, 1025,  664,  537,  321,  329,   68,  849,  752,   82,  355,  682,  203,  211,  608,  605,  220,  742,  724,  422,  698,  354,  623,  398,  752, 1122,  164,  612,  639,  617,  752,  979,  622,  623,  208,  431,  633,  593,  389,    0,  124,  190,  347,  641,  848,  714,  263,  534,  560,  764,  387,  649,  527,   66,  693,  529,  396,  298,  363,  513,  948,  212,  369,  490,  147,  648,  259,  402,  555,  435,  419,  778,  876, 1046,  485,  462,  556,  783, 1012,  775, 1039],
        [  210,    0,  631,  726,  115,  490,  604,  932,  908,  554,  428,  318,  205,   62,  784,  668,  109,  303,  614,  298,   88,  487,  575,   99,  635,  638,  307,  668,  261,  517,  407,  649, 1004,  141,  501,  535,  539,  642,  858,  517,  505,  312,  397,  522,  494,  348,  124,    0,  131,  240,  534,  726,  620,  346,  462,  444,  656,  331,  548,  403,   60,  659,  407,  274,  176,  240,  392,  833,  113,  267,  417,   76,  606,  181,  278,  442,  320,  361,  732,  785,  932,  373,  344,  451,  662,  892,  716,  998],
        [  317,    0,  641,  837,  238,  447,  727,  968,  951,  619,  362,  449,  237,  134,  895,  768,  222,  428,  726,  391,  157,  457,  703,  183,  704,  734,  263,  796,  364,  592,  537,  725, 1044,  271,  440,  457,  645,  705,  886,  593,  462,  397,  526,  586,  409,  475,  190,  131,    0,  327,  462,  754,  709,  449,  574,  499,  724,  453,  630,  400,  145,  785,  388,  263,  236,  277,  433,  884,  227,  359,  530,   57,  730,  300,  284,  504,  387,  483,  854,  876,  983,  317,  308,  376,  693,  925,  833, 1121],
        [  351,    0,  447,  518,  152,  415,  437,  711,  681,  318,  409,  300,  135,  298,  576,  442,  284,  190,  409,  445,  172,  389,  440,  148,  396,  408,  290,  525,   60,  278,  381,  410,  778,  225,  458,  521,  323,  406,  645,  278,  427,  471,  288,  286,  499,  240,  347,  240,  327,    0,  506,  517,  385,  463,  263,  219,  418,  193,  309,  275,  292,  508,  308,  218,  101,  122,  191,  602,  136,   34,  221,  290,  445,  117,  189,  210,   95,  211,  556,  551,  700,  352,  298,  446,  452,  674,  522,  821],
        [  742,    0,  390,  937,  566,  120,  916,  728,  741,  571,  107,  787,  388,  574,  988,  818,  641,  694,  846,  831,  469,  167,  936,  482,  643,  780,  234, 1013,  565,  590,  875,  687,  809,  644,   52,   32,  753,  620,  631,  595,  120,  843,  793,  550,   76,  744,  641,  534,  462,  506,    0,  526,  729,  877,  731,  469,  653,  698,  641,  264,  581,  994,  214,  294,  436,  385,  403,  710,  539,  530,  701,  495,  927,  587,  318,  497,  466,  714, 1017,  866,  793,  165,  210,   87,  493,  681,  963, 1265],
        [  867,    0,  137,  598,  665,  420,  682,  218,  218,  255,  522,  777,  526,  787,  630,  466,  796,  646,  561,  961,  640,  376,  746,  628,  252,  438,  524,  784,  541,  315,  834,  296,  298,  742,  487,  557,  496,  215,  133,  320,  413,  988,  697,  271,  587,  674,  848,  726,  754,  517,  526,    0,  382,  975,  540,  301,  244,  625,  339,  364,  785,  759,  397,  494,  551,  488,  336,  189,  645,  508,  544,  745,  699,  631,  470,  317,  423,  616,  725,  437,  268,  514,  482,  552,   66,  173,  649,  908],
        [  671,    0,  428,  225,  516,  610,  309,  471,  418,  164,  668,  511,  488,  675,  268,   93,  639,  393,  182,  749,  556,  564,  384,  532,  130,   59,  592,  407,  362,  140,  536,   90,  511,  562,  678,  755,  140,  167,  456,  136,  614,  780,  393,  180,  759,  394,  714,  620,  709,  385,  729,  382,    0,  738,  220,  263,  141,  361,   91,  470,  667,  382,  522,  525,  476,  453,  338,  331,  509,  355,  249,  674,  327,  455,  489,  240,  330,  337,  344,  167,  407,  627,  573,  708,  343,  455,  270,  551],
        [  137,    0,  910,  740,  331,  824,  563, 1155, 1116,  747,  771,  230,  515,  316,  789,  744,  238,  349,  642,   67,  412,  814,  491,  404,  808,  728,  647,  573,  434,  693,  246,  802, 1215,  247,  843,  880,  610,  829, 1099,  689,  839,   86,  360,  720,  839,  346,  263,  346,  449,  463,  877,  975,  738,    0,  523,  675,  829,  379,  700,  713,  306,  577,  731,  602,  470,  538,  654, 1032,  358,  468,  489,  399,  554,  347,  595,  659,  556,  402,  680,  879, 1124,  715,  680,  796,  910, 1122,  703,  914],
        [  468,    0,  537,  264,  348,  624,  185,  674,  626,  286,  646,  294,  395,  508,  322,  226,  454,  186,  152,  538,  419,  586,  219,  392,  315,  206,  540,  285,  213,  226,  318,  295,  722,  372,  681,  752,   89,  345,  641,  221,  632,  570,  174,  274,  740,  177,  534,  462,  574,  263,  731,  540,  220,  523,    0,  294,  334,  152,  208,  471,  498,  263,  519,  466,  363,  373,  337,  538,  351,  229,   46,  528,  197,  283,  432,  265,  267,  124,  295,  358,  622,  594,  537,  686,  485,  651,  261,  559],
        [  568,    0,  253,  468,  370,  353,  471,  493,  465,  125,  405,  483,  262,  505,  520,  350,  502,  353,  383,  661,  362,  309,  512,  345,  211,  312,  335,  574,  241,  124,  548,  243,  562,  443,  418,  495,  292,  207,  427,  128,  358,  689,  420,   94,  496,  388,  560,  444,  499,  219,  469,  301,  263,  675,  294,    0,  230,  337,  174,  208,  501,  551,  260,  274,  271,  223,   77,  390,  351,  208,  280,  477,  485,  332,  239,   30,  126,  334,  557,  416,  489,  365,  312,  445,  236,  455,  497,  797],
        [  745,    0,  310,  355,  565,  535,  448,  341,  293,  106,  610,  610,  489,  715,  389,  223,  696,  482,  322,  830,  580,  487,  520,  560,   22,  196,  559,  547,  415,  142,  648,   53,  390,  626,  605,  683,  270,   35,  316,  144,  535,  861,  505,  138,  695,  495,  764,  656,  724,  418,  653,  244,  141,  829,  334,  230,    0,  454,  131,  414,  709,  522,  463,  502,  491,  450,  304,  206,  552,  395,  352,  697,  466,  513,  467,  221,  339,  436,  482,  217,  295,  579,  530,  648,  213,  320,  406,  670],
        [  316,    0,  589,  406,  217,  605,  274,  787,  744,  380,  601,  157,  322,  369,  462,  377,  306,   34,  296,  389,  307,  575,  256,  280,  433,  355,  480,  346,  134,  322,  211,  424,  842,  224,  651,  714,  240,  457,  740,  318,  616,  421,   95,  358,  691,   52,  387,  331,  453,  193,  698,  625,  361,  379,  152,  337,  454,    0,  324,  459,  358,  334,  498,  409,  278,  315,  347,  658,  227,  170,  113,  402,  277,  154,  382,  313,  251,   32,  402,  509,  748,  544,  491,  638,  563,  758,  389,  668],
        [  620,    0,  360,  302,  449,  523,  346,  468,  423,   91,  578,  480,  403,  605,  350,  178,  577,  353,  233,  703,  478,  477,  408,  455,  110,  140,  503,  449,  296,   51,  519,  105,  520,  504,  590,  667,  158,  138,  434,   46,  527,  734,  376,   96,  669,  365,  649,  548,  630,  309,  641,  339,   91,  700,  208,  174,  131,  324,    0,  381,  598,  424,  433,  436,  395,  367,  248,  336,  440,  282,  222,  597,  362,  393,  400,  150,  245,  306,  407,  251,  425,  537,  483,  618,  290,  444,  339,  631],
        [  585,    0,  243,  674,  383,  153,  655,  582,  574,  319,  199,  573,  202,  460,  726,  558,  495,  461,  583,  681,  318,  117,  682,  316,  400,  519,  161,  755,  329,  331,  655,  439,  661,  467,  213,  288,  490,  384,  493,  335,  162,  702,  553,  294,  289,  509,  527,  403,  400,  275,  264,  364,  470,  713,  471,  208,  414,  459,  381,    0,  462,  734,   53,  138,  244,  176,  139,  520,  356,  290,  444,  402,  668,  379,  125,  234,  212,  469,  754,  617,  615,  167,  122,  239,  308,  536,  699, 1001],
        [  173,    0,  690,  760,  153,  544,  628,  990,  965,  608,  477,  319,  264,   13,  818,  711,   79,  328,  649,  253,  147,  543,  591,  157,  688,  681,  359,  685,  306,  569,  403,  700, 1062,  144,  551,  581,  578,  696,  917,  569,  559,  262,  414,  576,  537,  368,   66,   60,  145,  292,  581,  785,  667,  306,  498,  501,  709,  358,  598,  462,    0,  677,  465,  331,  235,  299,  450,  890,  159,  317,  453,   93,  628,  217,  337,  497,  376,  389,  757,  831,  988,  423,  399,  497,  721,  951,  747, 1021],
        [  584,    0,  781,  222,  547,  887,   81,  845,  789,  514,  906,  378,  642,  689,  248,  316,  613,  357,  201,  619,  640,  848,   89,  613,  509,  331,  795,   26,  450,  461,  332,  471,  874,  534,  943, 1014,  269,  546,  837,  455,  895,  650,  264,  512,  999,  311,  693,  659,  785,  508,  994,  759,  382,  577,  263,  551,  522,  334,  424,  734,  677,    0,  782,  721,  604,  626,  600,  704,  560,  477,  294,  732,   67,  486,  689,  522,  528,  306,  109,  427,  766,  852,  796,  945,  713,  834,  164,  347],
        [  600,    0,  268,  725,  402,  108,  703,  614,  611,  371,  148,  604,  216,  462,  778,  610,  505,  498,  633,  695,  325,   84,  727,  328,  450,  571,  132,  802,  366,  383,  687,  490,  694,  485,  163,  237,  540,  433,  523,  387,  119,  713,  592,  346,  237,  546,  529,  407,  388,  308,  214,  397,  522,  731,  519,  260,  463,  498,  433,   53,  465,  782,    0,  134,  263,  198,  190,  561,  375,  328,  490,  397,  715,  406,  136,  286,  256,  510,  803,  668,  654,  121,   88,  187,  345,  568,  750, 1052],
        [  469,    0,  379,  703,  277,  223,  647,  711,  698,  398,  193,  493,   94,  328,  759,  603,  373,  402,  600,  563,  193,  214,  656,  198,  484,  565,   74,  739,  277,  390,  581,  516,  788,  359,  251,  306,  508,  476,  625,  393,  237,  581,  503,  368,  282,  454,  396,  274,  263,  218,  294,  494,  525,  602,  466,  274,  502,  409,  436,  138,  331,  721,  134,    0,  143,   96,  198,  637,  250,  246,  429,  266,  657,  294,   37,  290,  206,  428,  760,  686,  734,  135,   85,  229,  435,  666,  717, 1020],
        [  342,    0,  459,  619,  140,  362,  535,  757,  734,  387,  334,  351,   50,  237,  677,  538,  254,  266,  509,  438,   92,  346,  532,   78,  471,  503,  208,  619,  154,  357,  439,  491,  829,  223,  393,  448,  423,  474,  682,  358,  376,  459,  369,  354,  419,  318,  298,  176,  236,  101,  436,  551,  476,  470,  363,  271,  491,  278,  395,  244,  235,  604,  263,  143,    0,   69,  216,  661,  113,  135,  321,  207,  542,  151,  128,  272,  153,  301,  655,  642,  760,  275,  227,  368,  486,  717,  623,  921],
        [  411,    0,  392,  617,  207,  302,  553,  698,  678,  345,  287,  407,   40,  300,  674,  524,  323,  309,  512,  507,  153,  282,  560,  145,  431,  488,  169,  644,  182,  325,  493,  456,  772,  291,  339,  400,  420,  430,  621,  326,  315,  528,  409,  313,  378,  360,  363,  240,  277,  122,  385,  488,  453,  538,  373,  223,  450,  315,  367,  176,  299,  626,  198,   96,   69,    0,  158,  608,  181,  150,  335,  259,  562,  209,   68,  231,  124,  332,  668,  617,  707,  230,  177,  324,  425,  657,  628,  930],
        [  538,    0,  257,  536,  333,  290,  520,  542,  520,  201,  332,  481,  198,  453,  589,  423,  462,  357,  444,  633,  307,  250,  551,  293,  287,  384,  258,  621,  230,  199,  554,  319,  615,  413,  352,  427,  351,  280,  467,  202,  297,  658,  438,  171,  424,  399,  513,  392,  433,  191,  403,  336,  338,  654,  337,   77,  304,  347,  248,  139,  450,  600,  190,  198,  216,  158,    0,  451,  311,  192,  314,  416,  533,  307,  164,   98,  101,  352,  615,  492,  550,  290,  236,  372,  271,  501,  560,  862],
        [  941,    0,  321,  508,  753,  600,  636,  142,   88,  288,  696,  815,  648,  894,  525,  390,  885,  686,  506, 1030,  752,  554,  714,  735,  227,  375,  679,  729,  609,  339,  854,  245,  185,  820,  669,  741,  469,  203,  159,  343,  595, 1059,  711,  318,  767,  700,  948,  833,  884,  602,  710,  189,  331, 1032,  538,  390,  206,  658,  336,  520,  890,  704,  561,  637,  661,  608,  451,    0,  737,  584,  557,  865,  654,  706,  607,  393,  514,  641,  646,  312,  100,  681,  642,  729,  219,  136,  567,  784],
        [  231,    0,  563,  615,   28,  472,  500,  843,  815,  453,  434,  255,  159,  166,  673,  556,  151,  204,  503,  327,   85,  458,  479,   62,  531,  526,  306,  571,  149,  412,  346,  542,  912,  111,  499,  547,  427,  541,  775,  411,  486,  350,  305,  421,  513,  253,  212,  113,  227,  136,  539,  645,  509,  358,  351,  351,  552,  227,  440,  356,  159,  560,  375,  250,  113,  181,  311,  737,    0,  158,  306,  178,  503,   74,  239,  345,  225,  256,  627,  674,  835,  375,  333,  464,  580,  806,  608,  894],
        [  362,    0,  447,  485,  171,  436,  405,  697,  664,  298,  435,  290,  167,  323,  543,  409,  302,  172,  375,  454,  203,  407,  411,  178,  373,  376,  319,  494,   40,  254,  367,  384,  762,  237,  482,  546,  289,  385,  634,  253,  447,  481,  265,  267,  527,  219,  369,  267,  359,   34,  530,  508,  355,  468,  229,  208,  395,  170,  282,  290,  317,  477,  328,  246,  135,  150,  192,  584,  158,    0,  188,  320,  413,  124,  215,  195,   92,  184,  523,  521,  681,  379,  324,  473,  443,  661,  489,  787],
        [  428,    0,  529,  309,  303,  596,  219,  690,  644,  291,  613,  263,  355,  463,  367,  266,  410,  146,  197,  501,  375,  560,  238,  348,  331,  243,  503,  313,  169,  231,  298,  317,  741,  329,  651,  720,  129,  359,  651,  226,  605,  533,  156,  274,  706,  146,  490,  417,  530,  221,  701,  544,  249,  489,   46,  280,  352,  113,  222,  444,  453,  294,  490,  429,  321,  335,  314,  557,  306,  188,    0,  483,  228,  238,  396,  252,  235,   88,  335,  396,  644,  559,  503,  652,  486,  664,  305,  600],
