{
    "name": "random-14-28391",
    "comment": "size=14 seed=28391",
    "nodes": ["+0", "-0", "+1", "-1", "+2", "-2", "+3", "-3", "+4", "-4", "+5", "-5", "+6", "-6", "+7", "-7", "+8", "-8", "+9", "-9", "+10", "-10", "+11", "-11", "+12", "-12", "+13", "-13", "+14", "-14"],
    "precedence": {
        "+0": "-0",
        "+1": "-1",
        "+2": "-2",
        "+3": "-3",
        "+4": "-4",
        "+5": "-5",
        "+6": "-6",
        "+7": "-7",
        "+8": "-8",
        "+9": "-9",
        "+10": "-10",
        "+11": "-11",
        "+12": "-12",
        "+13": "-13",
        "+14": "-14"
    },
    "edges": [
        [    0,    0,  259,  470,   52,  394,  524,  393,  655,  564,  515,  299,  509,  591,  543,  330,  450,  340,  700,  194,  271,  393,  467,  576,  318,  523,  457,  261,  565,  527],
        [    0,    0,  259,  470,   52,  394,  524,  393,  655,  564,  515,  299,  509,  591,  543,  330,  450,  340,  700,  194,  271,  393,  467,  576,  318,  523,  457,  261,  565,  527],
        [  259,  259,    0,  215,  310,  357,  267,  614,  426,  345,  593,  366,  682,  850,  501,  124,  462,  166,  806,  451,  112,  646,  683,  673,  344,  732,  363,  497,  680,  605],
        [  470,  470,  215,    0,  520,  492,   60,  794,  329,  290,  759,  489,  881, 1059,  512,  168,  606,  271,  975,  657,  274,  860,  893,  843,  448,  941,  456,  689,  857,  771],
        [   52,   52,  310,  520,    0,  427,  575,  350,  706,  614,  521,  303,  492,  540,  559,  377,  473,  390,  696,  143,  321,  346,  436,  577,  330,  493,  496,  216,  561,  533],
        [  394,  394,  357,  492,  427,    0,  511,  771,  438,  351,  276,  659,  458,  849,  848,  478,  115,  222,  489,  537,  247,  616,  534,  362,  657,  562,   98,  636,  385,  287],
        [  524,  524,  267,   60,  575,  511,    0,  853,  289,  265,  783,  548,  917, 1115,  560,  228,  625,  295,  998,  713,  311,  912,  937,  868,  506,  983,  463,  747,  885,  794],
        [  393,  393,  614,  794,  350,  771,  853,    0, 1036,  948,  809,  348,  686,  384,  573,  628,  802,  729,  936,  241,  658,  359,  563,  841,  400,  618,  845,  136,  811,  818],
        [  655,  655,  426,  329,  706,  438,  289, 1036,    0,   96,  701,  781,  896, 1224,  840,  464,  535,  320,  899,  847,  385,  999,  960,  783,  750,  994,  350,  912,  814,  710],
        [  564,  564,  345,  290,  614,  351,  265,  948,   96,    0,  619,  708,  806, 1129,  790,  401,  453,  226,  824,  754,  293,  904,  867,  703,  680,  901,  268,  822,  731,  629],
        [  515,  515,  593,  759,  521,  276,  783,  809,  701,  619,    0,  813,  243,  755, 1043,  716,  167,  489,  216,  572,  494,  537,  372,   86,  827,  373,  352,  684,  114,   13],
        [  299,  299,  366,  489,  303,  659,  548,  348,  781,  708,  813,    0,  792,  700,  267,  324,  735,  523,  997,  348,  455,  578,  721,  875,   53,  780,  699,  298,  862,  825],
        [  509,  509,  682,  881,  492,  458,  917,  686,  896,  806,  243,  792,    0,  542, 1049,  795,  377,  630,  258,  478,  608,  354,  150,  210,  821,  133,  551,  584,  164,  242],
        [  591,  591,  850, 1059,  540,  849, 1115,  384, 1224, 1129,  755,  700,  542,    0,  948,  909,  826,  906,  792,  403,  846,  234,  393,  747,  750,  420,  943,  404,  703,  759],
        [  543,  543,  501,  512,  559,  848,  560,  573,  840,  790, 1043,  267, 1049,  948,    0,  398,  941,  664, 1239,  614,  610,  843,  986, 1112,  230, 1045,  863,  555, 1105, 1055],
        [  330,  330,  124,  168,  377,  478,  228,  628,  464,  401,  716,  324,  795,  909,  398,    0,  585,  273,  929,  506,  232,  722,  784,  796,  288,  836,  476,  527,  801,  729],
        [  450,  450,  462,  606,  473,  115,  625,  802,  535,  453,  167,  735,  377,  826,  941,  585,    0,  336,  376,  562,  354,  595,  477,  252,  740,  494,  186,  669,  279,  177],
        [  340,  340,  166,  271,  390,  222,  295,  729,  320,  226,  489,  523,  630,  906,  664,  273,  336,    0,  705,  529,   73,  683,  667,  574,  506,  708,  203,  600,  591,  501],
        [  700,  700,  806,  975,  696,  489,  998,  936,  899,  824,  216,  997,  258,  792, 1239,  929,  376,  705,    0,  714,  709,  611,  404,  133, 1017,  373,  557,  824,  136,  205],
        [  194,  194,  451,  657,  143,  537,  713,  241,  847,  754,  572,  348,  478,  403,  614,  506,  562,  529,  714,    0,  462,  234,  382,  610,  390,  441,  617,  113,  584,  581],
        [  271,  271,  112,  274,  321,  247,  311,  658,  385,  293,  494,  455,  608,  846,  610,  232,  354,   73,  709,  462,    0,  627,  629,  577,  441,  674,  254,  530,  587,  506],
        [  393,  393,  646,  860,  346,  616,  912,  359,  999,  904,  537,  578,  354,  234,  843,  722,  595,  683,  611,  234,  627,    0,  214,  543,  622,  263,  710,  296,  503,  543],
        [  467,  467,  683,  893,  436,  534,  937,  563,  960,  867,  372,  721,  150,  393,  986,  784,  477,  667,  404,  382,  629,  214,    0,  355,  757,   60,  631,  477,  311,  375],
        [  576,  576,  673,  843,  577,  362,  868,  841,  783,  703,   86,  875,  210,  747, 1112,  796,  252,  574,  133,  610,  577,  543,  355,    0,  892,  342,  436,  723,   48,   76],
        [  318,  318,  344,  448,  330,  657,  506,  400,  750,  680,  827,   53,  821,  750,  230,  288,  740,  506, 1017,  390,  441,  622,  757,  892,    0,  816,  690,  347,  882,  839],
        [  523,  523,  732,  941,  493,  562,  983,  618,  994,  901,  373,  780,  133,  420, 1045,  836,  494,  708,  373,  441,  674,  263,   60,  342,  816,    0,  658,  535,  296,  374],
        [  457,  457,  363,  456,  496,   98,  463,  845,  350,  268,  352,  699,  551,  943,  863,  476,  186,  203,  557,  617,  254,  710,  631,  436,  690,  658,    0,  710,  465,  361],
        [  261,  261,  497,  689,  216,  636,  747,  136,  912,  822,  684,  298,  584,  404,  555,  527,  669,  600,  824,  113,  530,  296,  477,  723,  347,  535,  710,    0,  696,  694],
        [  565,  565,  680,  857,  561,  385,  885,  811,  814,  731,  114,  862,  164,  703, 1105,  801,  279,  591,  136,  584,  587,  503,  311,   48,  882,  296,  465,  696,    0,  107],
        [  527,  527,  605,  771,  533,  287,  794,  818,  710,  629,   13,  825,  242,  759, 1055,  729,  177,  501,  205,  581,  506,  543,  375,   76,  839,  374,  361,  694,  107,    0]
    ]
}
