{
    "name": "random-6-31004",
    "comment": "size=6 seed=31004",
    "nodes": ["+0", "-0", "+1", "-1", "+2", "-2", "+3", "-3", "+4", "-4", "+5", "-5", "+6", "-6"],
    "precedence": {
        "+0": "-0",
        "+1": "-1",
        "+2": "-2",
        "+3": "-3",
        "+4": "-4",
        "+5": "-5",
        "+6": "-6"
    },
    "edges": [
        [    0,    0,  279,  755,  653,  869,  310,  783,  503,  414,  261,  399,  643,  647],
        [    0,    0,  279,  755,  653,  869,  310,  783,  503,  414,  261,  399,  643,  647],
        [  279,  279,    0,  647,  674,  747,   89,  974,  746,  662,  517,  540,  628,  821],
        [  755,  755,  647,    0,  321,  116,  558,  876,  887,  851,  999,  567,  238,  733],
        [  653,  653,  674,  321,    0,  409,  597,  556,  611,  597,  848,  323,   89,  418],
        [  869,  869,  747,  116,  409,    0,  659,  961,  995,  962, 1115,  678,  333,  826],
        [  310,  310,   89,  558,  597,  659,    0,  935,  735,  654,  565,  497,  546,  779],
        [  783,  783,  974,  876,  556,  961,  935,    0,  341,  415,  811,  440,  639,  161],
        [  503,  503,  746,  887,  611,  995,  735,  341,    0,   90,  476,  323,  667,  284],
        [  414,  414,  662,  851,  597,  962,  654,  415,   90,    0,  397,  285,  643,  330],
        [  261,  261,  517,  999,  848, 1115,  565,  811,  476,  397,    0,  542,  857,  713],
        [  399,  399,  540,  567,  323,  678,  497,  440,  323,  285,  542,    0,  360,  283],
        [  643,  643,  628,  238,   89,  333,  546,  639,  667,  643,  857,  360,    0,  496],
        [  647,  647,  821,  733,  418,  826,  779,  161,  284,  330,  713,  283,  496,    0]
    ]
}
