{
    "name": "random-53-25053",
    "comment": "size=53 seed=25053",
    "nodes": ["+0", "-0", "+1", "-1", "+2", "-2", "+3", "-3", "+4", "-4", "+5", "-5", "+6", "-6", "+7", "-7", "+8", "-8", "+9", "-9", "+10", "-10", "+11", "-11", "+12", "-12", "+13", "-13", "+14", "-14", "+15", "-15", "+16", "-16", "+17", "-17", "+18", "-18", "+19", "-19", "+20", "-20", "+21", "-21", "+22", "-22", "+23", "-23", "+24", "-24", "+25", "-25", "+26", "-26", "+27", "-27", "+28", "-28", "+29", "-29", "+30", "-30", "+31", "-31", "+32", "-32", "+33", "-33", "+34", "-34", "+35", "-35", "+36", "-36", "+37", "-37", "+38", "-38", "+39", "-39", "+40", "-40", "+41", "-41", "+42", "-42", "+43", "-43", "+44", "-44", "+45", "-45", "+46", "-46", "+47", "-47", "+48", "-48", "+49", "-49", "+50", "-50", "+51", "-51", "+52", "-52", "+53", "-53"],
    "precedence": {
        "+0": "-0",
        "+1": "-1",
        "+2": "-2",
        "+3": "-3",
        "+4": "-4",
        "+5": "-5",
        "+6": "-6",
        "+7": "-7",
        "+8": "-8",
        "+9": "-9",
        "+10": "-10",
        "+11": "-11",
        "+12": "-12",
        "+13": "-13",
        "+14": "-14",
        "+15": "-15",
        "+16": "-16",
        "+17": "-17",
        "+18": "-18",
        "+19": "-19",
        "+20": "-20",
        "+21": "-21",
        "+22": "-22",
        "+23": "-23",
        "+24": "-24",
        "+25": "-25",
        "+26": "-26",
        "+27": "-27",
        "+28": "-28",
        "+29": "-29",
        "+30": "-30",
        "+31": "-31",
        "+32": "-32",
        "+33": "-33",
        "+34": "-34",
        "+35": "-35",
        "+36": "-36",
        "+37": "-37",
        "+38": "-38",
        "+39": "-39",
        "+40": "-40",
        "+41": "-41",
        "+42": "-42",
        "+43": "-43",
        "+44": "-44",
        "+45": "-45",
        "+46": "-46",
        "+47": "-47",
        "+48": "-48",
        "+49": "-49",
        "+50": "-50",
        "+51": "-51",
        "+52": "-52",
        "+53": "-53"
    },
    "edges": [
        [    0,    0,  290,  344,  507,  674,  595,  670,  128,  687,  686,  798,  171,  618,  600,  114,  851,  180,  206,  259,  428,  685,  732,  426,  217,  634,  291,  368,  361,   55,  545,  120,  287,  853,  122,  583,  589,  266,  324,  758,  204,  506,  187,  497,  604,  592,  646,  369,  514,  633,  491,  463,  117,  385,  202,  325,  150,  255,  620,  246,  694,  222,  458,  447,  232,  644,  184,  397,  388,  688,  256,  450,  412,  714,  468,  745,  316,  675,  147,  643,  487,  136,  775,  484,  504,  187,  456,  918,  649,  208,  499,  761,  452,  709,  167,  669,  462,  376,  144,  669,  760,  736,  408,  472,  692,  626,  670,  594],
        [    0,    0,    0,    0,    0,    0,    0,    0,    0,    0,    0,    0,    0,    0,    0,    0,    0,    0,    0,    0,    0,    0,    0,    0,    0,    0,    0,    0,    0,    0,    0,    0,    0,    0,    0,    0,    0,    0,    0,    0,    0,    0,    0,    0,    0,    0,    0,    0,    0,    0,    0,    0,    0,    0,    0,    0,    0,    0,    0,    0,    0,    0,    0,    0,    0,    0,    0,    0,    0,    0,    0,    0,    0,    0,    0,    0,    0,    0,    0,    0,    0,    0,    0,    0,    0,    0,    0,    0,    0,    0,    0,    0,    0,    0,    0,    0,    0,    0,    0,    0,    0,    0,    0,    0,    0,    0,    0,    0],
        [  290,    0,    0,  627,  545,  408,  307,  400,  235,  745,  757,  702,  264,  577,  572,  332,  715,  396,  423,  491,  208,  430,  523,  199,  403,  464,  523,  475,  159,  268,  274,  174,  132,  664,  193,  295,  301,  424,  580,  723,  285,  328,  145,  504,  326,  618,  363,  376,  264,  352,  540,  246,  354,  493,  461,  202,  166,  394,  550,  535,  547,  447,  289,  352,  521,  368,  115,  570,  434,  594,  535,  695,  333,  653,  559,  649,  444,  490,  152,  551,  626,  355,  605,  328,  279,  406,  537,  772,  360,  149,  579,  566,  164,  868,  251,  633,  354,  630,  321,  715,  717,  840,  122,  620,  750,  413,  587,  439],
        [  344,    0,  627,    0,  576,  979,  934, 1014,  409,  680,  661,  942,  476,  737,  711,  309, 1027,  271,  256,  347,  768,  981,  986,  767,  410,  865,  355,  420,  702,  360,  861,  463,  628, 1080,  438,  922,  928,  333,  303,  845,  496,  763,  529,  603,  923,  646,  969,  530,  857,  975,  554,  802,  283,  425,  290,  656,  468,  357,  767,  132,  897,  357,  717,  659,  136,  987,  514,  335,  500,  845,   94,  204,  624,  834,  489,  894,  378,  914,  476,  806,  431,  365,  989,  730,  792,  362,  494, 1096,  986,  548,  520, 1000,  791,  557,  478,  772,  680,  139,  337,  680,  854,  658,  740,  409,  684,  892,  819,  819],
        [  507,    0,  545,  576,    0,  641,  748,  891,  401,  200,  214,  373,  655,  169,  141,  402,  472,  366,  359,  744,  752,  614,  530,  743,  722,  398,  773,  161,  701,  456,  585,  527,  654,  570,  444,  737,  743,  268,  775,  272,  690,  380,  589,   61,  641,   85,  692,  170,  793,  822,   23,  789,  415,  152,  674,  724,  444,  263,  216,  601,  384,  717,  362,  251,  586,  850,  480,  255,  123,  292,  514,  462,  242,  262,   98,  331,  212,  447,  469,  263,  201,  641,  475,  341,  463,  687,   84,  540,  777,  612,   82,  517,  650,  392,  645,  198,  266,  463,  366,  172,  280,  309,  575,  217,  205,  481,  263,  355],
        [  674,    0,  408,  979,  641,    0,  246,  388,  574,  803,  831,  550,  670,  556,  571,  672,  494,  714,  735,  897,  464,   51,  223,  452,  810,  287,  930,  675,  477,  636,  134,  573,  508,  360,  556,  245,  246,  690,  984,  660,  688,  263,  552,  581,   96,  673,  104,  526,  415,  316,  651,  476,  698,  687,  862,  558,  526,  657,  498,  912,  368,  853,  292,  396,  897,  350,  493,  804,  591,  485,  887,  986,  416,  573,  711,  517,  676,  263,  528,  464,  811,  760,  357,  303,  195,  812,  686,  522,  227,  553,  712,  281,  302, 1031,  657,  597,  378,  941,  644,  766,  644,  939,  292,  817,  807,  177,  499,  310],
        [  595,    0,  307,  934,  748,  246,    0,  155,  535,  936,  958,  759,  531,  713,  720,  635,  722,  695,  721,  769,  254,  294,  460,  245,  671,  484,  798,  729,  292,  574,  182,  478,  349,  602,  498,   13,    7,  705,  864,  840,  539,  396,  427,  694,  161,  802,  145,  596,  181,   80,  751,  253,  659,  746,  752,  374,  469,  673,  664,  840,  575,  725,  394,  503,  826,  113,  420,  843,  663,  674,  842,  991,  506,  756,  793,  717,  712,  478,  459,  643,  879,  642,  587,  426,  303,  687,  769,  759,   57,  418,  805,  517,  144, 1117,  521,  763,  492,  931,  619,  902,  827, 1057,  201,  878,  941,  381,  680,  489],
        [  670,    0,  400, 1014,  891,  388,  155,    0,  635, 1083, 1102,  913,  570,  865,  870,  730,  873,  796,  823,  801,  259,  438,  608,  255,  700,  639,  827,  857,  320,  660,  337,  551,  392,  747,  591,  163,  159,  821,  900,  994,  568,  549,  487,  838,  311,  949,  285,  733,  163,   76,  892,  235,  751,  875,  797,  389,  565,  789,  817,  907,  730,  759,  544,  650,  895,   43,  513,  963,  799,  829,  925, 1094,  650,  910,  929,  872,  834,  631,  549,  797, 1009,  688,  738,  577,  457,  725,  905,  908,  162,  471,  943,  665,  249, 1250,  562,  916,  641, 1029,  721, 1049,  981, 1199,  322, 1006, 1087,  535,  835,  644],
        [  128,    0,  235,  409,  401,  574,  535,  635,    0,  591,  595,  673,  255,  496,  480,  101,  724,  162,  189,  386,  420,  580,  612,  414,  337,  509,  418,  281,  356,   74,  453,  131,  290,  729,   51,  522,  529,  202,  448,  640,  290,  385,  203,  383,  515,  484,  561,  250,  492,  585,  388,  458,  127,  300,  328,  350,   71,  178,  495,  340,  567,  349,  336,  320,  325,  602,  123,  349,  279,  562,  316,  460,  285,  591,  379,  619,  237,  552,   91,  517,  421,  259,  649,  360,  393,  312,  363,  791,  585,  228,  406,  638,  395,  658,  245,  549,  335,  397,   87,  569,  640,  659,  336,  411,  596,  509,  544,  468],
        [  687,    0,  745,  680,  200,  803,  936, 1083,  591,    0,   37,  394,  844,  253,  234,  576,  511,  526,  512,  906,  951,  769,  653,  942,  898,  532,  933,  320,  901,  640,  766,  720,  853,  652,  637,  926,  931,  428,  923,  236,  879,  551,  785,  246,  817,  134,  866,  369,  990, 1012,  207,  988,  584,  304,  835,  922,  639,  433,  316,  736,  486,  885,  543,  434,  724, 1041,  677,  348,  317,  364,  640,  518,  433,  289,  220,  375,  374,  575,  665,  360,  249,  817,  564,  516,  641,  859,  232,  569,  960,  809,  189,  626,  845,  292,  834,  231,  445,  549,  544,   37,  254,  146,  770,  272,    6,  632,  338,  497],
        [  686,    0,  757,  661,  214,  831,  958, 1102,  595,   37,    0,  430,  845,  285,  265,  574,  547,  520,  504,  899,  964,  798,  686,  955,  894,  562,  924,  319,  912,  640,  789,  725,  862,  687,  641,  947,  952,  423,  911,  272,  880,  576,  791,  265,  841,  159,  891,  382, 1006, 1033,  218, 1002,  580,  302,  827,  930,  646,  432,  348,  723,  519,  879,  566,  456,  711, 1062,  686,  333,  326,  398,  625,  494,  453,  324,  218,  410,  371,  606,  671,  393,  231,  813,  599,  540,  665,  854,  233,  605,  983,  815,  189,  659,  863,  256,  836,  265,  468,  528,  543,   70,  290,  113,  788,  254,   36,  661,  371,  527],
        [  798,    0,  702,  942,  373,  550,  759,  913,  673,  394,  430,    0,  906,  206,  233,  717,  119,  704,  705, 1055,  877,  503,  340,  865, 1009,  275, 1087,  522,  850,  744,  578,  770,  832,  280,  698,  752,  755,  616, 1105,  163,  938,  387,  806,  340,  605,  326,  642,  436,  877,  838,  395,  907,  737,  519,  991,  904,  683,  599,  181,  949,  185, 1020,  415,  363,  933,  871,  695,  628,  446,  111,  872,  835,  393,  115,  470,   55,  565,  288,  704,  157,  564,  931,  213,  376,  469,  984,  457,  177,  761,  824,  446,  292,  725,  684,  893,  182,  354,  835,  677,  363,  143,  536,  663,  583,  395,  381,  130,  276],
        [  171,    0,  264,  476,  655,  670,  531,  570,  255,  844,  845,  906,    0,  743,  729,  283,  940,  351,  377,  238,  312,  693,  778,  315,  142,  702,  268,  528,  251,  208,  536,  137,  184,  913,  215,  520,  526,  432,  334,  889,   36,  565,  119,  635,  585,  739,  617,  501,  407,  549,  642,  341,  288,  546,  228,  187,  224,  417,  734,  353,  775,  194,  520,  543,  344,  552,  215,  568,  533,  795,  399,  612,  513,  834,  628,  851,  479,  735,  202,  749,  656,  120,  845,  554,  535,  157,  613, 1003,  588,  118,  657,  816,  395,  880,   14,  797,  554,  534,  306,  823,  887,  902,  379,  641,  849,  667,  780,  669],
        [  618,    0,  577,  737,  169,  556,  713,  865,  496,  253,  285,  206,  743,    0,   29,  526,  304,  505,  504,  869,  774,  520,  401,  763,  832,  279,  900,  317,  734,  563,  535,  608,  702,  414,  529,  704,  708,  414,  912,  148,  777,  318,  657,  135,  580,  140,  627,  249,  795,  791,  191,  808,  544,  313,  803,  774,  520,  400,   63,  749,  237,  837,  323,  228,  734,  823,  543,  424,  246,  126,  669,  631,  245,  100,  267,  162,  362,  322,  544,  109,  366,  752,  322,  289,  411,  803,  253,  372,  730,  677,  246,  376,  643,  521,  731,   57,  231,  630,  486,  217,  145,  397,  571,  383,  257,  382,   97,  247],
        [  600,    0,  572,  711,  141,  571,  720,  870,  480,  234,  265,  233,  729,   29,    0,  506,  332,  483,  481,  849,  771,  536,  423,  760,  815,  298,  880,  291,  729,  546,  543,  595,  694,  441,  515,  710,  715,  390,  890,  160,  764,  326,  646,  110,  590,  115,  638,  231,  795,  797,  163,  805,  523,  287,  782,  766,  507,  377,   86,  725,  261,  818,  327,  227,  710,  829,  532,  396,  223,  154,  644,  603,  239,  124,  239,  190,  337,  342,  531,  134,  338,  735,  348,  294,  418,  785,  225,  400,  739,  667,  218,  400,  644,  496,  718,   70,  232,  603,  467,  197,  160,  376,  572,  355,  238,  398,  125,  264],
        [  114,    0,  332,  309,  402,  672,  635,  730,  101,  576,  574,  717,  283,  526,  506,    0,  780,   72,  100,  344,  504,  675,  695,  500,  322,  584,  374,  256,  438,   81,  553,  195,  368,  803,  140,  622,  629,  152,  388,  662,  316,  468,  271,  400,  615,  487,  661,  282,  583,  683,  385,  542,   27,  273,  277,  418,  167,  143,  537,  252,  632,  315,  420,  384,  236,  699,  218,  286,  287,  609,  216,  366,  348,  625,  357,  664,  204,  629,  181,  565,  374,  241,  719,  439,  487,  285,  346,  849,  685,  295,  388,  716,  494,  599,  276,  575,  402,  299,   41,  560,  665,  623,  437,  359,  581,  595,  588,  540],
        [  851,    0,  715, 1027,  472,  494,  722,  873,  724,  511,  547,  119,  940,  304,  332,  780,    0,  776,  781, 1109,  872,  444,  272,  859, 1054,  255, 1141,  610,  853,  797,  548,  807,  846,  174,  742,  717,  719,  696, 1166,  281,  971,  388,  833,  430,  563,  435,  593,  505,  859,  799,  494,  897,  803,  610, 1049,  915,  723,  675,  261, 1022,  168, 1072,  427,  405, 1006,  833,  726,  725,  528,  183,  951,  933,  439,  226,  570,  144,  649,  246,  741,  221,  669,  979,  137,  390,  455, 1034,  555,   70,  715,  848,  549,  216,  711,  801,  927,  292,  390,  928,  740,  480,  262,  654,  656,  687,  512,  343,  211,  276],
        [  180,    0,  396,  271,  366,  714,  695,  796,  162,  526,  520,  704,  351,  505,  483,   72,  776,    0,   29,  382,  574,  712,  716,  570,  376,  598,  409,  210,  509,  153,  600,  267,  439,  815,  206,  682,  688,  100,  410,  634,  384,  493,  343,  373,  663,  448,  711,  272,  651,  746,  347,  612,   64,  224,  310,  490,  231,  106,  524,  246,  636,  359,  447,  393,  230,  763,  283,  218,  260,  600,  183,  299,  357,  605,  307,  652,  156,  646,  248,  557,  310,  296,  726,  460,  523,  334,  300,  846,  743,  367,  339,  732,  556,  530,  346,  550,  413,  237,   76,  513,  639,  562,  495,  294,  531,  622,  576,  552],
        [  206,    0,  423,  256,  359,  735,  721,  823,  189,  512,  504,  705,  377,  504,  481,  100,  781,   29,    0,  395,  603,  732,  730,  598,  395,  610,  422,  200,  537,  180,  623,  295,  467,  825,  234,  708,  714,   91,  417,  629,  409,  509,  371,  371,  686,  440,  735,  278,  679,  773,  339,  640,   90,  212,  323,  518,  259,  106,  526,  245,  645,  375,  463,  404,  230,  791,  311,  194,  259,  603,  172,  272,  369,  604,  294,  654,  147,  658,  276,  561,  289,  317,  736,  475,  543,  353,  289,  851,  769,  395,  326,  744,  583,  504,  372,  547,  424,  212,  102,  500,  634,  541,  521,  272,  516,  638,  578,  564],
        [  259,    0,  491,  347,  744,  897,  769,  801,  386,  906,  899, 1055,  238,  869,  849,  344, 1109,  382,  395,    0,  543,  916,  981,  547,  102,  889,   34,  591,  485,  313,  764,  328,  420, 1107,  373,  758,  763,  481,  100, 1006,  234,  758,  349,  743,  816,  828,  851,  622,  639,  784,  726,  567,  329,  605,   73,  413,  396,  482,  875,  219,  951,   45,  710,  705,  221,  785,  413,  576,  630,  945,  311,  535,  670,  967,  688, 1001,  537,  929,  385,  900,  678,  138, 1031,  738,  745,   85,  681, 1176,  825,  353,  720, 1013,  632,  864,  248,  918,  720,  457,  383,  894, 1009,  929,  610,  658,  911,  873,  926,  850],
        [  428,    0,  208,  768,  752,  464,  254,  259,  420,  951,  964,  877,  312,  774,  771,  504,  872,  574,  603,  543,    0,  504,  642,   13,  442,  618,  569,  679,   68,  428,  347,  313,  141,  789,  371,  247,  250,  619,  642,  917,  310,  492,  241,  710,  369,  824,  380,  583,   97,  248,  747,   39,  522,  698,  540,  131,  351,  592,  740,  655,  708,  501,  465,  546,  645,  244,  299,  766,  641,  776,  683,  869,  532,  842,  766,  828,  645,  631,  329,  735,  829,  431,  749,  504,  417,  467,  744,  922,  308,  221,  786,  693,  168, 1070,  305,  829,  545,  798,  504,  922,  909, 1048,  216,  822,  956,  540,  772,  604],
        [  685,    0,  430,  981,  614,   51,  294,  438,  580,  769,  798,  503,  693,  520,  536,  675,  444,  712,  732,  916,  504,    0,  173,  491,  832,  245,  949,  659,  512,  644,  162,  589,  538,  310,  565,  293,  294,  681, 1000,  617,  713,  242,  574,  553,  139,  641,  154,  509,  459,  366,  625,  518,  701,  670,  878,  591,  536,  649,  460,  919,  322,  872,  277,  374,  904,  399,  507,  789,  572,  442,  889,  977,  398,  531,  688,  472,  664,  217,  540,  424,  790,  778,  308,  282,  189,  831,  664,  472,  277,  578,  688,  230,  338, 1005,  680,  558,  355,  936,  644,  733,  601,  908,  320,  797,  773,  138,  458,  273],
        [  732,    0,  523,  986,  530,  223,  460,  608,  612,  653,  686,  340,  778,  401,  423,  695,  272,  716,  730,  981,  642,  173,    0,  629,  908,  133, 1015,  613,  637,  684,  298,  656,  647,  148,  612,  457,  458,  663, 1056,  472,  803,  228,  661,  470,  300,  536,  325,  470,  612,  535,  545,  662,  721,  621,  933,  709,  586,  634,  338,  946,  173,  940,  277,  331,  930,  569,  571,  744,  522,  299,  898,  946,  364,  387,  617,  317,  632,   83,  597,  294,  723,  844,  136,  257,  245,  899,  595,  300,  448,  670,  609,   58,  475,  915,  764,  428,  310,  918,  659,  617,  453,  798,  435,  735,  657,  111,  321,  179],
        [  426,    0,  199,  767,  743,  452,  245,  255,  414,  942,  955,  865,  315,  763,  760,  500,  859,  570,  598,  547,   13,  491,  629,    0,  446,  605,  574,  672,   67,  425,  334,  310,  140,  776,  366,  237,  240,  613,  646,  906,  314,  479,  239,  700,  357,  814,  368,  574,   93,  241,  738,   47,  519,  690,  543,  136,  345,  585,  729,  656,  696,  505,  453,  535,  645,  239,  293,  760,  632,  764,  681,  866,  522,  831,  758,  816,  638,  619,  324,  723,  822,  433,  736,  492,  404,  470,  736,  909,  299,  220,  778,  681,  155, 1063,  307,  818,  534,  795,  499,  912,  898, 1039,  204,  815,  947,  527,  761,  592],
        [  217,    0,  403,  410,  722,  810,  671,  700,  337,  898,  894, 1009,  142,  832,  815,  322, 1054,  376,  395,  102,  442,  832,  908,  446,    0,  824,  128,  578,  385,  270,  676,  253,  322, 1039,  313,  660,  666,  471,  201,  974,  133,  689,  259,  713,  726,  807,  759,  585,  538,  684,  706,  466,  315,  594,  123,  312,  332,  465,  832,  278,  892,   63,  643,  651,  276,  685,  338,  586,  603,  898,  354,  580,  618,  928,  678,  955,  525,  861,  315,  852,  684,   82,  967,  674,  668,   49,  668, 1119,  728,  259,  709,  944,  537,  889,  154,  884,  664,  501,  357,  882,  975,  936,  520,  666,  903,  799,  881,  788],
        [  634,    0,  464,  865,  398,  287,  484,  639,  509,  532,  562,  275,  702,  279,  298,  584,  255,  598,  610,  889,  618,  245,  133,  605,  824,    0,  922,  483,  600,  582,  304,  572,  594,  221,  517,  478,  481,  538,  957,  373,  730,  138,  590,  338,  332,  409,  372,  342,  609,  563,  413,  644,  609,  489,  836,  662,  494,  510,  218,  834,   93,  849,  183,  206,  818,  597,  489,  613,  391,  199,  780,  816,  241,  287,  485,  234,  504,   52,  509,  179,  591,  754,  144,  151,  202,  809,  463,  309,  488,  603,  477,  135,  459,  785,  688,  314,  186,  791,  546,  495,  357,  674,  402,  602,  535,  111,  213,   47],
        [  291,    0,  523,  355,  773,  930,  798,  827,  418,  933,  924, 1087,  268,  900,  880,  374, 1141,  409,  422,   34,  569,  949, 1015,  574,  128,  922,    0,  618,  513,  345,  796,  361,  450, 1141,  406,  787,  793,  508,   80, 1036,  261,  791,  380,  773,  848,  856,  882,  653,  665,  812,  754,  593,  359,  632,   99,  439,  430,  511,  907,  230,  984,   77,  743,  738,  235,  812,  446,  599,  660,  977,  327,  547,  703,  998,  715, 1033,  565,  962,  418,  932,  701,  172, 1064,  772,  778,  118,  708, 1209,  855,  384,  747, 1047,  662,  883,  279,  949,  753,  470,  414,  921, 1039,  951,  642,  681,  937,  906,  958,  884],
        [  368,    0,  475,  420,  161,  675,  729,  857,  281,  320,  319,  522,  528,  317,  291,  256,  610,  210,  200,  591,  679,  659,  613,  672,  578,  483,  618,    0,  621,  322,  590,  412,  563,  683,  330,  717,  723,  111,  616,  432,  563,  418,  483,  183,  651,  240,  703,  150,  736,  795,  140,  718,  265,   19,  520,  627,  339,  114,  350,  441,  495,  567,  384,  289,  426,  819,  385,  132,   92,  428,  355,  335,  262,  415,  102,  475,   54,  534,  364,  391,  153,  497,  589,  378,  482,  540,   91,  680,  767,  507,  132,  614,  609,  394,  519,  354,  309,  319,  225,  305,  439,  378,  537,  150,  325,  541,  401,  436],
        [  361,    0,  159,  702,  701,  477,  292,  320,  356,  901,  912,  850,  251,  734,  729,  438,  853,  509,  537,  485,   68,  512,  637,   67,  385,  600,  513,  621,    0,  361,  351,  246,   74,  783,  306,  283,  288,  557,  583,  880,  252,  468,  174,  662,  383,  776,  403,  532,  159,  300,  695,  104,  456,  640,  478,   84,  288,  530,  705,  590,  687,  442,  436,  508,  579,  302,  238,  703,  588,  745,  615,  803,  490,  808,  710,  799,  585,  618,  265,  703,  769,  368,  735,  475,  402,  406,  689,  907,  348,  154,  732,  686,  177, 1010,  242,  790,  509,  732,  440,  872,  872,  992,  202,  761,  906,  531,  740,  581],
        [   55,    0,  268,  360,  456,  636,  574,  660,   74,  640,  640,  744,  208,  563,  546,   81,  797,  153,  180,  313,  428,  644,  684,  425,  270,  582,  345,  322,  361,    0,  510,  116,  290,  802,   81,  562,  568,  226,  375,  705,  242,  457,  192,  444,  570,  541,  614,  315,  509,  618,  441,  465,   95,  339,  254,  338,  111,  210,  565,  277,  640,  277,  408,  393,  262,  631,  155,  365,  336,  634,  268,  442,  358,  659,  422,  690,  272,  625,  116,  588,  449,  190,  722,  433,  460,  241,  409,  864,  626,  216,  452,  711,  431,  678,  200,  615,  409,  371,   99,  620,  706,  695,  381,  435,  645,  579,  615,  542],
        [  545,    0,  274,  861,  585,  134,  182,  337,  453,  766,  789,  578,  536,  535,  543,  553,  548,  600,  623,  764,  347,  162,  298,  334,  676,  304,  796,  590,  351,  510,    0,  441,  376,  445,  429,  175,  179,  588,  851,  659,  554,  217,  418,  528,   64,  632,  114,  446,  315,  262,  591,  365,  579,  605,  730,  429,  399,  555,  484,  786,  396,  720,  224,  335,  771,  295,  363,  713,  514,  492,  768,  883,  345,  574,  641,  535,  583,  303,  399,  461,  735,  627,  416,  251,  125,  679,  616,  590,  196,  420,  648,  353,  179,  966,  523,  583,  322,  833,  527,  730,  646,  892,  159,  737,  770,  206,  499,  308],
        [  120,    0,  174,  463,  527,  573,  478,  551,  131,  720,  725,  770,  137,  608,  595,  195,  807,  267,  295,  328,  313,  589,  656,  310,  253,  572,  361,  412,  246,  116,  441,    0,  174,  787,   84,  465,  471,  328,  412,  754,  170,  437,   77,  504,  497,  610,  536,  368,  397,  514,  515,  350,  211,  430,  290,  224,   88,  307,  598,  363,  643,  285,  390,  408,  350,  525,   86,  473,  405,  659,  374,  557,  377,  698,  510,  716,  367,  608,   66,  613,  550,  190,  716,  423,  417,  245,  493,  871,  532,  101,  537,  691,  334,  785,  124,  663,  419,  486,  203,  697,  752,  790,  295,  539,  725,  547,  644,  538],
        [  287,    0,  132,  628,  654,  508,  349,  392,  290,  853,  862,  832,  184,  702,  694,  368,  846,  439,  467,  420,  141,  538,  647,  140,  322,  594,  450,  563,   74,  290,  376,  174,    0,  790,  240,  338,  344,  492,  517,  849,  191,  458,  100,  619,  417,  732,  444,  486,  231,  367,  646,  177,  384,  581,  409,   73,  225,  466,  678,  516,  679,  377,  421,  479,  505,  371,  178,  639,  537,  725,  542,  731,  458,  781,  655,  780,  524,  619,  201,  681,  709,  299,  735,  459,  404,  340,  635,  903,  406,   81,  678,  692,  218,  947,  174,  758,  483,  659,  372,  826,  843,  938,  218,  699,  858,  538,  716,  571],
        [  853,    0,  664, 1080,  570,  360,  602,  747,  729,  652,  687,  280,  913,  414,  441,  803,  174,  815,  825, 1107,  789,  310,  148,  776, 1039,  221, 1141,  683,  783,  802,  445,  787,  790,    0,  735,  600,  601,  749, 1177,  437,  940,  351,  798,  517,  443,  554,  463,  551,  759,  675,  589,  809,  828,  686, 1055,  854,  712,  723,  356, 1054,  189, 1067,  398,  423, 1038,  709,  702,  808,  592,  291,  996, 1016,  459,  365,  665,  281,  711,  179,  725,  309,  770,  972,   95,  370,  386, 1027,  646,  174,  586,  809,  651,   98,  622,  933,  899,  423,  403,  998,  765,  618,  417,  798,  581,  785,  654,  253,  319,  264],
        [  122,    0,  193,  438,  444,  556,  498,  591,   51,  637,  641,  698,  215,  529,  515,  140,  742,  206,  234,  373,  371,  565,  612,  366,  313,  517,  406,  330,  306,   81,  429,   84,  240,  735,    0,  485,  491,  253,  444,  675,  249,  387,  153,  422,  490,  527,  534,  286,  445,  544,  432,  409,  162,  349,  322,  299,   31,  228,  523,  357,  581,  333,  338,  338,  342,  560,   79,  399,  322,  587,  346,  505,  306,  622,  427,  644,  287,  557,   42,  541,  472,  239,  659,  366,  383,  294,  410,  807,  549,  178,  454,  642,  356,  709,  204,  583,  352,  439,  134,  614,  674,  708,  302,  461,  642,  505,  571,  479],
        [  583,    0,  295,  922,  737,  245,   13,  163,  522,  926,  947,  752,  520,  704,  710,  622,  717,  682,  708,  758,  247,  293,  457,  237,  660,  478,  787,  717,  283,  562,  175,  465,  338,  600,  485,    0,    7,  693,  853,  832,  528,  387,  416,  683,  157,  792,  146,  585,  176,   88,  740,  247,  646,  734,  740,  365,  456,  660,  655,  827,  569,  714,  384,  493,  814,  121,  408,  831,  652,  666,  830,  978,  496,  748,  781,  710,  699,  473,  446,  635,  867,  631,  583,  416,  294,  676,  757,  755,   68,  407,  793,  513,  132, 1105,  510,  754,  482,  919,  607,  891,  819, 1046,  188,  866,  930,  376,  672,  482],
        [  589,    0,  301,  928,  743,  246,    7,  159,  529,  931,  952,  755,  526,  708,  715,  629,  719,  688,  714,  763,  250,  294,  458,  240,  666,  481,  793,  723,  288,  568,  179,  471,  344,  601,  491,    7,    0,  699,  859,  836,  534,  391,  422,  688,  159,  797,  145,  590,  178,   84,  745,  250,  652,  740,  746,  370,  463,  667,  659,  834,  572,  719,  389,  498,  820,  117,  414,  837,  657,  670,  836,  985,  501,  752,  787,  713,  706,  476,  452,  639,  873,  636,  585,  421,  299,  681,  763,  757,   62,  413,  799,  515,  138, 1111,  515,  759,  487,  925,  613,  896,  823, 1052,  194,  872,  936,  378,  676,  486],
        [  266,    0,  424,  333,  268,  690,  705,  821,  202,  428,  423,  616,  432,  414,  390,  152,  696,  100,   91,  481,  619,  681,  663,  613,  471,  538,  508,  111,  557,  226,  588,  328,  492,  749,  253,  693,  699,    0,  507,  538,  466,  449,  403,  280,  651,  350,  702,  198,  687,  765,  248,  658,  157,  125,  410,  550,  270,   34,  438,  335,  565,  458,  407,  333,  321,  785,  320,  147,  170,  516,  256,  297,  299,  514,  208,  567,   57,  588,  292,  475,  224,  391,  658,  412,  495,  432,  200,  766,  749,  428,  240,  672,  574,  457,  425,  456,  354,  257,  128,  414,  543,  471,  506,  211,  433,  577,  491,  491],
        [  324,    0,  580,  303,  775,  984,  864,  900,  448,  923,  911, 1105,  334,  912,  890,  388, 1166,  410,  417,  100,  642, 1000, 1056,  646,  201,  957,   80,  616,  583,  375,  851,  412,  517, 1177,  444,  853,  859,  507,    0, 1043,  333,  830,  441,  781,  906,  856,  942,  669,  738,  882,  755,  667,  368,  629,  123,  512,  471,  515,  924,  193, 1014,  142,  781,  765,  203,  884,  494,  581,  668,  997,  294,  503,  730, 1011,  709, 1052,  564,  999,  462,  953,  684,  226, 1097,  807,  824,  178,  705, 1235,  921,  447,  741, 1085,  726,  849,  344,  958,  782,  429,  429,  914, 1047,  929,  701,  662,  927,  949,  976,  916],
        [  758,    0,  723,  845,  272,  660,  840,  994,  640,  236,  272,  163,  889,  148,  160,  662,  281,  634,  629, 1006,  917,  617,  472,  906,  974,  373, 1036,  432,  880,  705,  659,  754,  849,  437,  675,  832,  836,  538, 1043,    0,  923,  446,  804,  263,  697,  200,  741,  391,  934,  919,  293,  950,  678,  423,  938,  921,  667,  529,  179,  872,  300,  976,  459,  373,  857,  952,  690,  516,  376,  176,  785,  714,  392,   87,  357,  159,  482,  403,  690,  199,  437,  894,  359,  422,  538,  943,  351,  335,  852,  825,  328,  432,  781,  527,  877,   92,  373,  727,  623,  209,   20,  375,  711,  458,  236,  483,  162,  355],
        [  204,    0,  285,  496,  690,  688,  539,  568,  290,  879,  880,  938,   36,  777,  764,  316,  971,  384,  409,  234,  310,  713,  803,  314,  133,  730,  261,  563,  252,  242,  554,  170,  191,  940,  249,  528,  534,  466,  333,  923,    0,  593,  143,  670,  601,  773,  631,  535,  406,  551,  677,  335,  320,  581,  235,  180,  258,  451,  767,  370,  805,  192,  549,  575,  362,  552,  245,  601,  568,  827,  423,  639,  546,  868,  663,  884,  513,  763,  235,  782,  689,  133,  874,  583,  559,  159,  648, 1033,  595,  136,  692,  843,  407,  913,   46,  832,  586,  561,  340,  858,  922,  937,  397,  675,  884,  693,  813,  699],
        [  506,    0,  328,  763,  380,  263,  396,  549,  385,  551,  576,  387,  565,  318,  326,  468,  388,  493,  509,  758,  492,  242,  228,  479,  689,  138,  791,  418,  468,  457,  217,  437,  458,  351,  387,  387,  391,  449,  830,  446,  593,    0,  452,  320,  266,  419,  315,  268,  494,  475,  388,  521,  494,  429,  708,  527,  362,  417,  269,  719,  221,  717,   49,  133,  703,  507,  353,  549,  331,  288,  674,  741,  157,  364,  448,  338,  426,  172,  375,  252,  550,  622,  281,   41,   93,  677,  424,  445,  413,  465,  450,  256,  341,  769,  552,  368,  115,  705,  432,  515,  434,  682,  277,  556,  556,  130,  290,  114],
        [  187,    0,  145,  529,  589,  552,  427,  487,  203,  785,  791,  806,  119,  657,  646,  271,  833,  343,  371,  349,  241,  574,  661,  239,  259,  590,  380,  483,  174,  192,  418,   77,  100,  798,  153,  416,  422,  403,  441,  804,  143,  452,    0,  561,  468,  670,  503,  425,  328,  455,  579,  276,  286,  501,  325,  148,  146,  380,  641,  421,  667,  304,  409,  445,  409,  463,  114,  548,  468,  696,  442,  632,  418,  743,  579,  753,  440,  621,  121,  651,  624,  216,  733,  444,  417,  265,  561,  895,  483,   25,  604,  701,  286,  860,  106,  712,  453,  560,  279,  760,  801,  860,  263,  613,  790,  550,  684,  559],
        [  497,    0,  504,  603,   61,  581,  694,  838,  383,  246,  265,  340,  635,  135,  110,  400,  430,  373,  371,  743,  710,  553,  470,  700,  713,  338,  773,  183,  662,  444,  528,  504,  619,  517,  422,  683,  688,  280,  781,  263,  670,  320,  561,    0,  582,  115,  633,  137,  746,  768,   75,  746,  416,  181,  675,  690,  418,  268,  170,  615,  329,  714,  304,  193,  600,  797,  449,  297,  114,  247,  534,  506,  188,  234,  150,  293,  227,  388,  443,  214,  256,  632,  422,  281,  405,  681,  130,  499,  721,  583,  140,  460,  600,  453,  624,  177,  207,  499,  361,  213,  266,  365,  525,  269,  250,  421,  220,  295],
        [  604,    0,  326,  923,  641,   96,  161,  311,  515,  817,  841,  605,  585,  580,  590,  615,  563,  663,  686,  816,  369,  139,  300,  357,  726,  332,  848,  651,  383,  570,   64,  497,  417,  443,  490,  157,  159,  651,  906,  697,  601,  266,  468,  582,    0,  684,   52,  506,  321,  237,  647,  381,  641,  666,  786,  464,  460,  618,  526,  846,  421,  772,  279,  390,  831,  271,  421,  776,  574,  527,  830,  946,  403,  612,  700,  566,  645,  321,  458,  499,  795,  681,  427,  302,  178,  732,  675,  599,  156,  468,  706,  357,  207, 1024,  573,  626,  375,  896,  590,  781,  683,  946,  206,  798,  821,  225,  536,  343],
        [  592,    0,  618,  646,   85,  673,  802,  949,  484,  134,  159,  326,  739,  140,  115,  487,  435,  448,  440,  828,  824,  641,  536,  814,  807,  409,  856,  240,  776,  541,  632,  610,  732,  554,  527,  792,  797,  350,  856,  200,  773,  419,  670,  115,  684,    0,  733,  247,  859,  878,  102,  860,  499,  229,  757,  802,  525,  346,  201,  679,  375,  801,  409,  300,  665,  908,  559,  316,  206,  265,  590,  516,  300,  212,  158,  292,  293,  455,  551,  248,  240,  725,  462,  382,  508,  772,  154,  500,  827,  693,  128,  515,  713,  381,  728,  144,  311,  527,  450,  100,  212,  267,  638,  261,  139,  505,  236,  371],
        [  646,    0,  363,  969,  692,  104,  145,  285,  561,  866,  891,  642,  617,  627,  638,  661,  593,  711,  735,  851,  380,  154,  325,  368,  759,  372,  882,  703,  403,  614,  114,  536,  444,  463,  534,  146,  145,  702,  942,  741,  631,  315,  503,  633,   52,  733,    0,  558,  320,  213,  698,  387,  687,  718,  823,  485,  504,  668,  572,  890,  458,  807,  331,  441,  875,  246,  463,  827,  626,  569,  876,  997,  455,  655,  751,  605,  696,  356,  501,  543,  847,  717,  457,  352,  229,  767,  727,  624,  124,  500,  757,  382,  228, 1076,  605,  672,  426,  945,  638,  830,  726,  997,  242,  850,  870,  262,  579,  387],
        [  369,    0,  376,  530,  170,  526,  596,  733,  250,  369,  382,  436,  501,  249,  231,  282,  505,  272,  278,  622,  583,  509,  470,  574,  585,  342,  653,  150,  532,  315,  446,  368,  486,  551,  286,  585,  590,  198,  669,  391,  535,  268,  425,  137,  506,  247,  558,    0,  627,  667,  165,  620,  302,  162,  557,  556,  282,  173,  256,  518,  368,  590,  235,  141,  502,  693,  313,  281,   68,  329,  450,  477,  112,  345,  197,  384,  163,  392,  307,  286,  289,  504,  460,  229,  334,  555,  173,  574,  630,  447,  210,  476,  488,  522,  489,  300,  162,  450,  241,  341,  391,  470,  413,  292,  374,  392,  307,  295],
        [  514,    0,  264,  857,  793,  415,  181,  163,  492,  990, 1006,  877,  407,  795,  795,  583,  859,  651,  679,  639,   97,  459,  612,   93,  538,  609,  665,  736,  159,  509,  315,  397,  231,  759,  445,  176,  178,  687,  738,  934,  406,  494,  328,  746,  321,  859,  320,  627,    0,  156,  790,   79,  602,  755,  635,  227,  422,  657,  755,  747,  701,  597,  475,  569,  736,  149,  370,  832,  689,  781,  770,  949,  561,  854,  817,  830,  707,  614,  403,  744,  888,  526,  729,  513,  409,  562,  794,  903,  229,  311,  835,  667,  154, 1130,  400,  849,  564,  880,  578,  959,  924, 1095,  224,  883,  995,  518,  782,  602],
        [  633,    0,  352,  975,  822,  316,   80,   76,  585, 1012, 1033,  838,  549,  791,  797,  683,  799,  746,  773,  784,  248,  366,  535,  241,  684,  563,  812,  795,  300,  618,  262,  514,  367,  675,  544,   88,   84,  765,  882,  919,  551,  475,  455,  768,  237,  878,  213,  667,  156,    0,  824,  235,  706,  812,  775,  377,  517,  733,  743,  874,  654,  741,  471,  579,  862,   35,  466,  905,  733,  753,  885, 1045,  581,  835,  863,  796,  775,  556,  504,  722,  947,  665,  663,  504,  382,  705,  839,  834,   93,  442,  876,  592,  192, 1186,  540,  842,  569,  982,  671,  978,  906, 1131,  260,  945, 1017,  459,  760,  569],
        [  491,    0,  540,  554,   23,  651,  751,  892,  388,  207,  218,  395,  642,  191,  163,  385,  494,  347,  339,  726,  747,  625,  545,  738,  706,  413,  754,  140,  695,  441,  591,  515,  646,  589,  432,  740,  745,  248,  755,  293,  677,  388,  579,   75,  647,  102,  698,  165,  790,  824,    0,  784,  397,  131,  656,  715,  433,  244,  237,  580,  402,  700,  368,  258,  566,  852,  471,  233,  111,  313,  493,  441,  246,  284,   77,  353,  192,  463,  459,  283,  182,  624,  494,  349,  470,  670,   62,  562,  781,  602,   65,  534,  649,  381,  632,  220,  274,  441,  349,  182,  301,  308,  574,  197,  212,  494,  284,  370],
        [  463,    0,  246,  802,  789,  476,  253,  235,  458,  988, 1002,  907,  341,  808,  805,  542,  897,  612,  640,  567,   39,  518,  662,   47,  466,  644,  593,  718,  104,  465,  365,  350,  177,  809,  409,  247,  250,  658,  667,  950,  335,  521,  276,  746,  381,  860,  387,  620,   79,  235,  784,    0,  559,  736,  568,  156,  389,  630,  773,  688,  735,  526,  496,  580,  677,  226,  338,  805,  679,  806,  717,  906,  567,  874,  804,  858,  684,  655,  367,  766,  868,  461,  772,  534,  443,  493,  782,  946,  304,  256,  824,  715,  188, 1109,  334,  863,  578,  835,  542,  958,  942, 1086,  245,  860,  993,  562,  804,  632],
        [  117,    0,  354,  283,  415,  698,  659,  751,  127,  584,  580,  737,  288,  544,  523,   27,  803,   64,   90,  329,  522,  701,  721,  519,  315,  609,  359,  265,  456,   95,  579,  211,  384,  828,  162,  646,  652,  157,  368,  678,  320,  494,  286,  416,  641,  499,  687,  302,  602,  706,  397,  559,    0,  280,  260,  431,  190,  153,  556,  226,  656,  303,  446,  407,  210,  721,  240,  282,  302,  630,  190,  348,  371,  643,  364,  685,  211,  655,  203,  586,  374,  235,  743,  464,  513,  276,  355,  872,  709,  310,  396,  741,  517,  593,  282,  592,  426,  278,   64,  569,  682,  624,  461,  357,  589,  621,  608,  565],
        [  385,    0,  493,  425,  152,  687,  746,  875,  300,  304,  302,  519,  546,  313,  287,  273,  610,  224,  212,  605,  698,  670,  621,  690,  594,  489,  632,   19,  640,  339,  605,  430,  581,  686,  349,  734,  740,  125,  629,  423,  581,  429,  501,  181,  666,  229,  718,  162,  755,  812,  131,  736,  280,    0,  534,  645,  358,  131,  349,  451,  498,  582,  396,  299,  436,  837,  404,  124,  100,  427,  363,  330,  273,  410,   85,  473,   70,  540,  383,  392,  135,  513,  592,  389,  495,  555,   77,  679,  783,  526,  116,  620,  627,  376,  537,  348,  319,  319,  242,  290,  431,  360,  554,  134,  309,  550,  400,  443],
        [  202,    0,  461,  290,  674,  862,  752,  797,  328,  835,  827,  991,  228,  803,  782,  277, 1049,  310,  323,   73,  540,  878,  933,  543,  123,  836,   99,  520,  478,  254,  730,  290,  409, 1055,  322,  740,  746,  410,  123,  938,  235,  708,  325,  675,  786,  757,  823,  557,  635,  775,  656,  568,  260,  534,    0,  413,  348,  412,  811,  158,  894,   68,  659,  646,  158,  779,  371,  504,  562,  883,  243,  469,  611,  901,  617,  938,  466,  877,  340,  838,  606,  111,  976,  686,  701,   80,  610, 1117,  808,  334,  649,  963,  611,  794,  236,  851,  662,  390,  317,  823,  941,  857,  582,  586,  839,  826,  862,  796],
        [  325,    0,  202,  656,  724,  558,  374,  389,  350,  922,  930,  904,  187,  774,  766,  418,  915,  490,  518,  413,  131,  591,  709,  136,  312,  662,  439,  627,   84,  338,  429,  224,   73,  854,  299,  365,  370,  550,  512,  921,  180,  527,  148,  690,  464,  802,  485,  556,  227,  377,  715,  156,  431,  645,  413,    0,  288,  527,  750,  537,  748,  371,  491,  551,  528,  375,  245,  696,  605,  796,  574,  775,  530,  853,  721,  851,  585,  685,  263,  753,  770,  306,  801,  529,  469,  338,  702,  971,  430,  124,  745,  756,  259, 1007,  181,  830,  555,  700,  427,  895,  915, 1003,  275,  760,  927,  601,  788,  640],
        [  150,    0,  166,  468,  444,  526,  469,  565,   71,  639,  646,  683,  224,  520,  507,  167,  723,  231,  259,  396,  351,  536,  586,  345,  332,  494,  430,  339,  288,  111,  399,   88,  225,  712,   31,  456,  463,  270,  471,  667,  258,  362,  146,  418,  460,  525,  504,  282,  422,  517,  433,  389,  190,  358,  348,  288,    0,  243,  511,  387,  561,  356,  314,  322,  372,  533,   53,  416,  323,  572,  375,  530,  290,  611,  434,  629,  299,  533,   26,  526,  485,  261,  637,  344,  355,  316,  415,  788,  520,  170,  459,  618,  328,  724,  212,  575,  334,  465,  157,  615,  665,  716,  272,  475,  644,  479,  557,  457],
