{
    "name": "random-49-28890",
    "comment": "size=49 seed=28890",
    "nodes": ["+0", "-0", "+1", "-1", "+2", "-2", "+3", "-3", "+4", "-4", "+5", "-5", "+6", "-6", "+7", "-7", "+8", "-8", "+9", "-9", "+10", "-10", "+11", "-11", "+12", "-12", "+13", "-13", "+14", "-14", "+15", "-15", "+16", "-16", "+17", "-17", "+18", "-18", "+19", "-19", "+20", "-20", "+21", "-21", "+22", "-22", "+23", "-23", "+24", "-24", "+25", "-25", "+26", "-26", "+27", "-27", "+28", "-28", "+29", "-29", "+30", "-30", "+31", "-31", "+32", "-32", "+33", "-33", "+34", "-34", "+35", "-35", "+36", "-36", "+37", "-37", "+38", "-38", "+39", "-39", "+40", "-40", "+41", "-41", "+42", "-42", "+43", "-43", "+44", "-44", "+45", "-45", "+46", "-46", "+47", "-47", "+48", "-48", "+49", "-49"],
    "precedence": {
        "+0": "-0",
        "+1": "-1",
        "+2": "-2",
        "+3": "-3",
        "+4": "-4",
        "+5": "-5",
        "+6": "-6",
        "+7": "-7",
        "+8": "-8",
        "+9": "-9",
        "+10": "-10",
        "+11": "-11",
        "+12": "-12",
        "+13": "-13",
        "+14": "-14",
        "+15": "-15",
        "+16": "-16",
        "+17": "-17",
        "+18": "-18",
        "+19": "-19",
        "+20": "-20",
        "+21": "-21",
        "+22": "-22",
        "+23": "-23",
        "+24": "-24",
        "+25": "-25",
        "+26": "-26",
        "+27": "-27",
        "+28": "-28",
        "+29": "-29",
        "+30": "-30",
        "+31": "-31",
        "+32": "-32",
        "+33": "-33",
        "+34": "-34",
        "+35": "-35",
        "+36": "-36",
        "+37": "-37",
        "+38": "-38",
        "+39": "-39",
        "+40": "-40",
        "+41": "-41",
        "+42": "-42",
        "+43": "-43",
        "+44": "-44",
        "+45": "-45",
        "+46": "-46",
        "+47": "-47",
        "+48": "-48",
        "+49": "-49"
    },
    "edges": [
        [    0,    0,  936,  795,  516,  658, 1016,  662,  204,  371,  921,  368,  770, 1035,  935, 1058,  593,  550,  621,  300, 1057,  733, 1148,  330,  365, 1038,  936,   80,  951,  724,  706,  706,  741,  363,  303,  349,  830,  655,  513,   21,  871,  742,  586,  412,  992,  297,  689,  237,  849,  166,  190,  292,  406,  210,  758,  936,  542,  299,  684, 1031,  731,  842,  280,  356,  264,  376,  742,  637,  602,  970,  757,  610,  954, 1094,  285,  636,  926,  849,  734, 1045,  721,  922, 1176,  196,  399,  554,  810,  913,  747,  840,  783,  463,  621,  972,  901,  741, 1103,  248,  445,  610],
        [    0,    0,    0,    0,    0,    0,    0,    0,    0,    0,    0,    0,    0,    0,    0,    0,    0,    0,    0,    0,    0,    0,    0,    0,    0,    0,    0,    0,    0,    0,    0,    0,    0,    0,    0,    0,    0,    0,    0,    0,    0,    0,    0,    0,    0,    0,    0,    0,    0,    0,    0,    0,    0,    0,    0,    0,    0,    0,    0,    0,    0,    0,    0,    0,    0,    0,    0,    0,    0,    0,    0,    0,    0,    0,    0,    0,    0,    0,    0,    0,    0,    0,    0,    0,    0,    0,    0,    0,    0,    0,    0,    0,    0,    0,    0,    0,    0,    0,    0,    0],
        [  936,    0,    0,  386,  737,  303,  305,  315,  733,  566,  535,  604,  248,  146,  145,  160,  634,  402,  440,  869,  200,  380,  214,  783,  815,  119,  195,  880,   55,  773,  497,  230,  335,  576,  859,  595,  165,  580,  774,  923,  385,  259,  383,  529,  204,  683,  561,  790,   94,  857,  841,  905,  614,  774,  739,  107,  402,  763,  294,  190,  644,  706,  711,  772,  822,  872,  669,  579,  646,  618,  682,  345,  228,  163,  887,  704,  132,  159,  537,  263,  806,   57,  255,  884,  797,  769,  184,  205,  575,  629,  413,  748,  374,  185,  487,  517,  219,  688,  546,  330],
        [  795,    0,  386,    0,  414,  431,  245,  459,  609,  478,  833,  589,  490,  530,  509,  392,  774,  447,  175,  859,  585,  603,  546,  789,  542,  496,  231,  720,  352,  395,  702,  321,   89,  509,  850,  537,  452,  754,  866,  776,  684,  475,  470,  486,  276,  499,  193,  582,  315,  785,  780,  888,  639,  590,  356,  299,  427,  751,  455,  329,  848,  944,  519,  791,  797,  894,  873,  743,  300,  919,  891,  432,  223,  464,  869,  858,  272,  229,  754,  298,  429,  332,  503,  827,  836,  880,  214,  207,  192,  880,   29,  445,  502,  269,  784,  136,  404,  579,  352,  305],
        [  516,    0,  737,  414,    0,  603,  657,  627,  410,  404, 1016,  531,  715,  877,  816,  790,  809,  537,  298,  713,  922,  770,  931,  678,  163,  855,  632,  437,  721,  210,  822,  557,  416,  437,  709,  460,  724,  829,  829,  496,  897,  689,  584,  458,  683,  279,  234,  282,  646,  590,  598,  728,  602,  320,  243,  679,  513,  632,  638,  735,  930, 1047,  273,  694,  650,  776,  952,  812,  120, 1094,  971,  570,  632,  854,  712,  888,  657,  590,  871,  711,  212,  695,  908,  637,  749,  859,  557,  607,  275, 1006,  389,   54,  631,  672,  976,  299,  812,  414,  261,  464],
        [  658,    0,  303,  431,  603,    0,  515,   29,  461,  298,  425,  306,  122,  380,  278,  454,  362,  108,  354,  566,  400,  180,  505,  480,  624,  388,  397,  613,  337,  719,  272,  119,  343,  297,  556,  310,  173,  329,  485,  647,  295,   93,   80,  248,  441,  449,  520,  556,  240,  561,  544,  602,  311,  527,  704,  348,  119,  461,   36,  457,  419,  514,  478,  469,  520,  570,  444,  321,  554,  507,  462,   48,  429,  466,  584,  443,  353,  296,  324,  506,  745,  312,  558,  585,  497,  487,  270,  385,  563,  452,  446,  593,   80,  417,  380,  509,  510,  414,  352,  148],
        [ 1016,    0,  305,  245,  657,  515,    0,  538,  820,  670,  836,  757,  517,  419,  450,  212,  876,  576,  404, 1035,  476,  650,  371,  957,  785,  372,  122,  945,  251,  609,  765,  399,  276,  694, 1026,  720,  447,  837,  996,  999,  683,  516,  581,  660,  103,  725,  430,  816,  296,  984,  975, 1068,  792,  819,  562,  201,  563,  925,  524,  141,  916,  992,  747,  953,  978, 1058,  941,  831,  542,  920,  957,  538,   88,  290, 1049,  955,  181,  220,  811,   70,  644,  254,  292, 1021,  991, 1001,  247,  130,  411,  918,  269,  689,  595,  120,  787,  366,  194,  784,  573,  446],
        [  662,    0,  315,  459,  627,   29,  538,    0,  468,  308,  398,  303,  110,  382,  276,  469,  338,  115,  382,  557,  398,  152,  511,  470,  642,  393,  419,  619,  352,  745,  243,  145,  372,  304,  546,  314,  173,  302,  466,  652,  271,   82,   76,  255,  462,  463,  548,  570,  258,  558,  541,  593,  302,  539,  732,  367,  131,  453,   24,  476,  391,  485,  492,  458,  513,  557,  416,  295,  580,  480,  434,   60,  452,  477,  575,  418,  373,  319,  295,  527,  772,  328,  570,  580,  483,  466,  295,  409,  591,  423,  474,  615,   60,  438,  354,  538,  526,  421,  373,  176],
        [  204,    0,  733,  609,  410,  461,  820,  468,    0,  168,  768,  199,  577,  836,  738,  856,  472,  354,  435,  304,  860,  557,  946,  275,  303,  836,  736,  152,  748,  614,  551,  504,  548,  164,  300,  157,  632,  520,  444,  190,  698,  549,  394,  214,  792,  135,  531,  163,  646,  188,  192,  320,  258,  114,  637,  733,  344,  230,  490,  830,  610,  727,  137,  295,  241,  368,  627,  501,  465,  828,  643,  414,  755,  891,  303,  536,  723,  647,  588,  846,  620,  719,  973,  235,  350,  481,  608,  714,  591,  710,  600,  363,  433,  771,  741,  574,  900,   48,  259,  407],
        [  371,    0,  566,  478,  404,  298,  670,  308,  168,    0,  648,  132,  417,  669,  573,  691,  406,  194,  313,  382,  695,  417,  778,  318,  363,  669,  578,  318,  582,  583,  437,  336,  406,   36,  374,   64,  467,  431,  435,  358,  557,  389,  239,   62,  633,  165,  446,  266,  479,  314,  306,  410,  201,  232,  591,  569,  180,  277,  329,  668,  530,  648,  192,  324,  319,  424,  551,  413,  414,  717,  570,  251,  599,  724,  391,  484,  561,  485,  482,  690,  598,  552,  807,  352,  375,  462,  446,  557,  505,  615,  475,  373,  282,  612,  614,  475,  737,  123,  164,  242],
        [  921,    0,  535,  833, 1016,  425,  836,  398,  768,  648,    0,  570,  343,  476,  396,  680,  346,  480,  778,  695,  439,  248,  617,  620, 1008,  520,  717,  906,  590, 1143,  218,  516,  750,  627,  686,  621,  394,  273,  487,  919,  154,  359,  433,  586,  737,  813,  943,  908,  547,  772,  748,  728,  518,  867, 1128,  635,  504,  634,  392,  723,  237,  214,  839,  596,  687,  650,  245,  290,  977,   87,  246,  449,  752,  639,  718,  350,  655,  638,  189,  797, 1169,  583,  725,  770,  580,  455,  632,  718,  983,  142,  852,  999,  386,  717,   50,  928,  736,  725,  757,  573],
        [  368,    0,  604,  589,  531,  306,  757,  303,  199,  132,  570,    0,  408,  684,  579,  745,  286,  203,  434,  279,  700,  365,  809,  202,  469,  693,  654,  341,  630,  714,  353,  383,  510,   97,  269,   72,  476,  325,  303,  362,  505,  382,  228,  103,  706,  269,  575,  348,  527,  256,  239,  311,   72,  303,  723,  629,  204,  169,  326,  734,  420,  538,  290,  202,  223,  306,  438,  306,  546,  630,  456,  260,  680,  766,  293,  360,  626,  555,  390,  768,  729,  602,  856,  281,  250,  331,  519,  636,  634,  514,  589,  496,  256,  683,  544,  600,  797,  158,  296,  312],
        [  770,    0,  248,  490,  715,  122,  517,  110,  577,  417,  343,  408,    0,  284,  174,  408,  387,  224,  449,  649,  293,  135,  422,  562,  744,  302,  396,  729,  295,  816,  251,  176,  408,  414,  639,  423,   85,  332,  531,  761,  196,   30,  184,  364,  428,  570,  610,  677,  222,  662,  643,  686,  398,  647,  796,  326,  239,  550,   89,  429,  402,  476,  599,  547,  610,  642,  427,  331,  657,  429,  442,  167,  431,  400,  669,  456,  339,  305,  296,  493,  844,  278,  495,  681,  565,  523,  293,  392,  646,  404,  510,  709,  153,  405,  295,  589,  466,  530,  470,  253],
        [ 1035,    0,  146,  530,  877,  380,  419,  382,  836,  669,  476,  684,  284,    0,  111,  221,  654,  487,  581,  932,   58,  390,  149,  845,  946,   49,  326,  986,  183,  918,  499,  343,  480,  673,  922,  688,  209,  589,  805, 1024,  341,  306,  456,  624,  317,  801,  706,  910,  232,  939,  922,  968,  680,  889,  884,  239,  494,  832,  359,  283,  633,  671,  830,  830,  892,  924,  654,  592,  789,  550,  665,  427,  354,  166,  952,  712,  266,  304,  528,  362,  951,  199,  250,  961,  847,  792,  328,  340,  720,  593,  558,  886,  434,  305,  432,  662,  272,  789,  673,  448],
        [  935,    0,  145,  509,  816,  278,  450,  276,  738,  573,  396,  579,  174,  111,    0,  285,  545,  386,  526,  823,  123,  280,  256,  735,  870,  139,  339,  889,  199,  880,  392,  264,  443,  574,  812,  587,  106,  481,  694,  925,  250,  198,  352,  525,  348,  714,  667,  822,  194,  833,  815,  859,  572,  798,  851,  251,  395,  724,  253,  329,  531,  578,  743,  720,  784,  813,  553,  484,  738,  477,  565,  326,  372,  252,  843,  605,  275,  283,  425,  405,  912,  199,  344,  854,  736,  683,  295,  346,  690,  501,  534,  819,  326,  330,  349,  631,  342,  691,  595,  367],
        [ 1058,    0,  160,  392,  790,  454,  212,  469,  856,  691,  680,  745,  408,  221,  285,    0,  793,  545,  501, 1017,  276,  539,  162,  932,  893,  173,  162,  997,  118,  784,  656,  363,  375,  706, 1007,  727,  325,  739,  932, 1044,  533,  418,  532,  662,  123,  787,  584,  891,  219,  994,  980, 1052,  762,  881,  742,  123,  541,  909,  449,   72,  803,  860,  814,  922,  967, 1024,  827,  738,  685,  759,  840,  492,  174,   79, 1034,  863,  139,  214,  695,  147,  819,  144,  121, 1024,  951,  928,  253,  186,  581,  783,  420,  811,  529,  124,  633,  527,   59,  813,  641,  450],
        [  593,    0,  634,  774,  809,  362,  876,  338,  472,  406,  346,  286,  387,  654,  545,  793,    0,  329,  653,  349,  645,  265,  800,  277,  755,  682,  757,  592,  678,  979,  164,  480,  686,  374,  340,  355,  471,   77,  156,  594,  356,  376,  305,  353,  798,  555,  814,  630,  592,  435,  411,  383,  217,  583,  980,  701,  350,  297,  354,  808,  140,  256,  576,  251,  345,  307,  155,   66,  808,  382,  171,  346,  790,  785,  373,   85,  709,  657,  163,  864,  997,  658,  880,  428,  235,  139,  631,  747,  867,  248,  783,  778,  283,  775,  340,  823,  851,  438,  558,  469],
        [  550,    0,  402,  447,  537,  108,  576,  115,  354,  194,  480,  203,  224,  487,  386,  545,  329,    0,  330,  473,  508,  236,  608,  389,  537,  493,  465,  506,  429,  677,  290,  185,  359,  190,  463,  202,  280,  318,  425,  540,  371,  195,   48,  141,  514,  351,  495,  457,  327,  457,  441,  508,  220,  425,  670,  431,   25,  365,  136,  538,  418,  527,  380,  382,  423,  486,  443,  305,  507,  557,  461,   60,  494,  564,  490,  413,  430,  363,  341,  578,  700,  402,  654,  483,  416,  436,  330,  449,  545,  477,  455,  520,   96,  491,  441,  497,  597,  307,  277,  142],
        [  621,    0,  440,  175,  298,  354,  404,  382,  435,  313,  778,  434,  449,  581,  526,  501,  653,  330,    0,  695,  628,  533,  636,  629,  393,  558,  349,  547,  425,  368,  613,  277,  131,  346,  687,  375,  441,  648,  725,  603,  642,  426,  366,  332,  404,  326,  167,  413,  349,  614,  610,  722,  491,  418,  351,  385,  306,  589,  386,  453,  747,  854,  346,  634,  631,  736,  772,  634,  213,  861,  790,  337,  356,  561,  703,  738,  365,  294,  665,  444,  396,  398,  621,  657,  683,  744,  260,  324,  216,  799,  166,  312,  407,  389,  733,  171,  530,  407,  178,  206],
        [  300,    0,  869,  859,  713,  566, 1035,  557,  304,  382,  695,  279,  649,  932,  823, 1017,  349,  473,  695,    0,  938,  565, 1067,   88,  597,  948,  932,  338,  900,  917,  498,  657,  783,  351,   11,  322,  727,  424,  229,  310,  687,  627,  487,  377,  984,  437,  818,  451,  799,  142,  124,   37,  256,  404,  938,  903,  479,  111,  579, 1010,  476,  574,  441,  105,   66,   77,  481,  408,  763,  726,  492,  526,  958, 1032,   24,  367,  902,  832,  509, 1045,  924,  874, 1123,  105,  118,  270,  796,  914,  878,  589,  857,  666,  500,  961,  687,  852, 1070,  307,  533,  590],
        [ 1057,    0,  200,  585,  922,  400,  476,  398,  860,  695,  439,  700,  293,   58,  123,  276,  645,  508,  628,  938,    0,  383,  179,  851,  985,  105,  383, 1011,  240,  970,  486,  379,  531,  697,  928,  709,  229,  576,  798, 1047,  314,  318,  473,  647,  375,  833,  758,  942,  281,  954,  935,  975,  690,  919,  937,  297,  517,  841,  375,  340,  612,  641,  862,  835,  902,  925,  632,  582,  838,  510,  642,  448,  412,  215,  959,  698,  324,  358,  510,  419, 1003,  254,  291,  973,  848,  783,  379,  398,  774,  563,  612,  929,  446,  363,  398,  715,  324,  813,  710,  483],
        [  733,    0,  380,  603,  770,  180,  650,  152,  557,  417,  248,  365,  135,  390,  280,  539,  265,  236,  533,  565,  383,    0,  536,  480,  771,  418,  529,  704,  428,  896,  118,  283,  517,  402,  555,  402,  215,  202,  416,  727,  142,  136,  188,  356,  562,  580,  699,  681,  355,  604,  582,  602,  333,  645,  883,  460,  259,  478,  150,  563,  268,  346,  608,  461,  537,  545,  292,  204,  730,  329,  308,  202,  563,  524,  587,  327,  473,  435,  162,  627,  922,  412,  619,  615,  468,  403,  419,  523,  742,  278,  620,  755,  141,  539,  206,  688,  598,  511,  512,  327],
        [ 1148,    0,  214,  546,  931,  505,  371,  511,  946,  778,  617,  809,  422,  149,  256,  162,  800,  608,  636, 1067,  179,  536,    0,  980, 1021,  120,  317, 1093,  213,  940,  646,  443,  518,  787, 1056,  805,  341,  736,  949, 1136,  488,  441,  583,  740,  284,  896,  735, 1002,  305, 1064, 1048, 1103,  812,  987,  900,  254,  611,  964,  488,  234,  781,  817,  924,  967, 1024, 1063,  803,  739,  832,  688,  813,  549,  334,   84, 1086,  860,  278,  343,  676,  304,  975,  241,  118, 1089,  986,  938,  377,  340,  737,  739,  574,  948,  567,  283,  575,  682,  184,  901,  757,  544],
        [  330,    0,  783,  789,  678,  480,  957,  470,  275,  318,  620,  202,  562,  845,  735,  932,  277,  389,  629,   88,  851,  480,  980,    0,  578,  861,  851,  348,  815,  877,  417,  574,  710,  284,   77,  255,  640,  348,  184,  335,  604,  540,  401,  303,  902,  400,  761,  435,  714,  165,  141,  124,  171,  385,  893,  820,  397,   47,  492,  927,  410,  516,  409,   27,   69,  107,  419,  331,  717,  658,  432,  441,  878,  945,  108,  309,  819,  750,  433,  964,  887,  789, 1038,  152,   76,  225,  715,  833,  821,  523,  788,  635,  414,  879,  609,  792,  986,  265,  476,  511],
        [  365,    0,  815,  542,  163,  624,  785,  642,  303,  363, 1008,  469,  744,  946,  870,  893,  755,  537,  393,  597,  985,  771, 1021,  578,    0,  931,  742,  289,  809,  364,  800,  608,  523,  388,  594,  402,  770,  789,  745,  345,  907,  715,  584,  424,  796,  201,  382,  146,  721,  463,  475,  606,  539,  194,  402,  774,  515,  532,  658,  845,  887, 1005,  180,  597,  537,  666,  906,  771,  273, 1079,  924,  583,  747,  949,  591,  826,  755,  682,  844,  833,  358,  781, 1013,  509,  652,  780,  645,  716,  430,  976,  521,  112,  632,  781,  973,  445,  922,  324,  277,  505],
        [ 1038,    0,  119,  496,  855,  388,  372,  393,  836,  669,  520,  693,  302,   49,  139,  173,  682,  493,  558,  948,  105,  418,  120,  861,  931,    0,  284,  985,  145,  887,  530,  337,  451,  676,  937,  692,  222,  619,  830, 1026,  381,  322,  466,  627,  271,  794,  676,  902,  211,  948,  931,  984,  694,  884,  851,  200,  497,  846,  370,  235,  668,  711,  823,  847,  906,  943,  690,  621,  763,  596,  702,  434,  311,  120,  967,  743,  227,  273,  562,  314,  920,  165,  208,  972,  867,  820,  300,  300,  687,  633,  524,  866,  448,  260,  475,  629,  223,  790,  661,  440],
        [  936,    0,  195,  231,  632,  397,  122,  419,  736,  578,  717,  654,  396,  326,  339,  162,  757,  465,  349,  932,  383,  529,  317,  851,  742,  284,    0,  870,  145,  624,  643,  283,  220,  599,  922,  624,  327,  716,  880,  920,  564,  394,  466,  561,   57,  653,  423,  752,  175,  890,  879,  965,  684,  748,  583,   89,  455,  822,  404,  104,  795,  871,  678,  845,  876,  950,  820,  711,  525,  802,  835,  423,   36,  234,  946,  835,   64,  103,  690,  114,  659,  140,  276,  925,  881,  884,  136,   26,  421,  797,  259,  656,  477,   40,  668,  366,  181,  697,  503,  343],
        [   80,    0,  880,  720,  437,  613,  945,  619,  152,  318,  906,  341,  729,  986,  889,  997,  592,  506,  547,  338, 1011,  704, 1093,  348,  289,  985,  870,    0,  892,  646,  689,  651,  669,  316,  338,  307,  783,  648,  531,   60,  844,  700,  545,  365,  926,  222,  610,  157,  791,  197,  216,  337,  390,  132,  679,  874,  495,  310,  641,  967,  731,  845,  203,  373,  290,  413,  745,  629,  523,  961,  760,  565,  886, 1036,  326,  644,  862,  785,  722,  977,  644,  863, 1116,  237,  422,  572,  746,  846,  668,  837,  707,  385,  583,  906,  882,  663, 1039,  199,  372,  551],
        [  951,    0,   55,  352,  721,  337,  251,  352,  748,  582,  590,  630,  295,  183,  199,  118,  678,  429,  425,  900,  240,  428,  213,  815,  809,  145,  145,  892,    0,  744,  546,  249,  311,  595,  890,  615,  214,  627,  815,  937,  439,  303,  415,  550,  150,  688,  534,  794,  104,  880,  866,  935,  645,  781,  707,   58,  426,  793,  332,  137,  694,  758,  716,  805,  851,  907,  719,  625,  625,  672,  733,  375,  177,  145,  917,  750,   85,  133,  587,  208,  777,   30,  227,  910,  833,  812,  166,  159,  543,  682,  380,  736,  411,  132,  541,  485,  174,  704,  547,  342],
        [  724,    0,  773,  395,  210,  719,  609,  745,  614,  583, 1143,  714,  816,  918,  880,  784,  979,  677,  368,  917,  970,  896,  940,  877,  364,  887,  624,  646,  744,    0,  966,  643,  440,  618,  912,  643,  804,  988, 1016,  704, 1009,  793,  719,  629,  665,  481,  214,  491,  692,  797,  804,  934,  783,  529,   55,  692,  652,  831,  752,  719, 1090, 1202,  479,  890,  853,  977, 1113,  973,  172, 1225, 1132,  696,  612,  858,  917, 1061,  666,  615, 1018,  674,   36,  722,  891,  844,  945, 1044,  592,  601,  204, 1153,  366,  262,  764,  660, 1098,  259,  791,  613,  422,  571],
        [  706,    0,  497,  702,  822,  272,  765,  243,  551,  437,  218,  353,  251,  499,  392,  656,  164,  290,  613,  498,  486,  118,  646,  417,  800,  530,  643,  689,  546,  966,    0,  386,  614,  414,  488,  406,  332,   91,  319,  703,  193,  250,  248,  376,  678,  601,  779,  693,  471,  561,  537,  533,  301,  651,  958,  576,  315,  425,  250,  680,  152,  243,  627,  395,  481,  465,  177,   99,  796,  280,  194,  277,  678,  639,  521,  214,  589,  548,   53,  743,  989,  529,  734,  563,  390,  300,  529,  637,  826,  188,  717,  800,  206,  655,  196,  775,  715,  509,  561,  410],
        [  706,    0,  230,  321,  557,  119,  399,  145,  504,  336,  516,  383,  176,  343,  264,  363,  480,  185,  277,  657,  379,  283,  443,  574,  608,  337,  283,  651,  249,  643,  386,    0,  235,  347,  647,  367,  168,  447,  598,  693,  372,  157,  183,  302,  331,  459,  435,  567,  146,  632,  618,  692,  405,  548,  622,  247,  180,  549,  137,  354,  535,  626,  487,  566,  606,  670,  560,  439,  488,  601,  578,  140,  314,  389,  673,  561,  246,  181,  437,  395,  672,  220,  475,  662,  599,  602,  152,  270,  470,  560,  338,  557,  198,  307,  468,  414,  414,  459,  332,  105],
        [  741,    0,  335,   89,  416,  343,  276,  372,  548,  406,  750,  510,  408,  480,  443,  375,  686,  359,  131,  783,  531,  517,  518,  710,  523,  451,  220,  669,  311,  440,  614,  235,    0,  434,  774,  462,  377,  666,  781,  724,  603,  391,  382,  408,  274,  449,  227,  542,  253,  718,  711,  813,  556,  543,  408,  265,  340,  675,  368,  323,  759,  857,  472,  711,  722,  815,  785,  655,  315,  835,  803,  344,  226,  439,  794,  770,  241,  179,  666,  314,  472,  286,  494,  758,  755,  793,  153,  194,  247,  793,  104,  437,  414,  260,  702,  188,  400,  514,  298,  218],
        [  363,    0,  576,  509,  437,  297,  694,  304,  164,   36,  627,   97,  414,  673,  574,  706,  374,  190,  346,  351,  697,  402,  787,  284,  388,  676,  599,  316,  595,  618,  414,  347,  434,    0,  342,   30,  469,  402,  400,  351,  543,  385,  231,   50,  653,  188,  481,  282,  492,  292,  281,  380,  166,  243,  626,  585,  180,  244,  326,  687,  501,  619,  213,  290,  289,  390,  521,  384,  450,  694,  540,  250,  621,  736,  361,  451,  578,  504,  458,  712,  633,  566,  821,  327,  340,  427,  466,  578,  540,  588,  506,  405,  272,  631,  596,  509,  754,  117,  200,  258],
        [  303,    0,  859,  850,  709,  556, 1026,  546,  300,  374,  686,  269,  639,  922,  812, 1007,  340,  463,  687,   11,  928,  555, 1056,   77,  594,  937,  922,  338,  890,  912,  488,  647,  774,  342,    0,  314,  716,  414,  222,  312,  677,  617,  477,  368,  974,  432,  811,  449,  789,  142,  123,   48,  246,  400,  932,  893,  469,  101,  569, 1000,  467,  566,  436,   95,   60,   76,  473,  398,  757,  718,  484,  515,  948, 1021,   33,  359,  891,  822,  500, 1036,  919,  863, 1113,  108,  110,  263,  786,  904,  871,  581,  848,  662,  490,  951,  677,  845, 1060,  301,  526,  581],
        [  349,    0,  595,  537,  460,  310,  720,  314,  157,   64,  621,   72,  423,  688,  587,  727,  355,  202,  375,  322,  709,  402,  805,  255,  402,  692,  624,  307,  615,  643,  406,  367,  462,   30,  314,    0,  482,  388,  374,  339,  543,  395,  239,   66,  678,  201,  510,  288,  512,  267,  256,  352,  143,  246,  653,  608,  195,  215,  336,  710,  485,  603,  224,  261,  261,  361,  505,  369,  476,  685,  523,  262,  647,  755,  333,  430,  601,  527,  447,  737,  657,  587,  842,  302,  312,  402,  490,  603,  569,  576,  535,  425,  277,  656,  591,  538,  776,  110,  227,  282],
        [  830,    0,  165,  452,  724,  173,  447,  173,  632,  467,  394,  476,   85,  209,  106,  325,  471,  280,  441,  727,  229,  215,  341,  640,  770,  222,  327,  783,  214,  804,  332,  168,  377,  469,  716,  482,    0,  415,  614,  819,  241,  101,  248,  419,  353,  609,  593,  718,  154,  731,  713,  763,  473,  693,  779,  250,  289,  625,  150,  350,  481,  547,  638,  626,  685,  722,  505,  414,  654,  479,  519,  220,  362,  316,  746,  539,  266,  245,  374,  417,  834,  200,  411,  753,  646,  607,  243,  326,  622,  473,  475,  724,  227,  331,  344,  564,  384,  585,  494,  267],
        [  655,    0,  580,  754,  829,  329,  837,  302,  520,  431,  273,  325,  332,  589,  481,  739,   77,  318,  648,  424,  576,  202,  736,  348,  789,  619,  716,  648,  627,  988,   91,  447,  666,  402,  414,  388,  415,    0,  231,  654,  281,  326,  286,  373,  754,  589,  812,  672,  546,  502,  478,  458,  262,  627,  985,  654,  342,  364,  314,  760,  102,  218,  612,  324,  415,  384,  126,   19,  817,  315,  144,  323,  750,  726,  447,  125,  664,  618,   86,  819, 1009,  608,  821,  498,  311,  209,  596,  708,  863,  191,  766,  802,  253,  730,  264,  815,  798,  481,  572,  452],
        [  513,    0,  774,  866,  829,  485,  996,  466,  444,  435,  487,  303,  531,  805,  694,  932,  156,  425,  725,  229,  798,  416,  949,  184,  745,  830,  880,  531,  815, 1016,  319,  598,  781,  400,  222,  374,  614,  231,    0,  518,  511,  516,  416,  398,  925,  555,  875,  607,  723,  347,  324,  256,  237,  557, 1026,  832,  442,  223,  484,  941,  256,  347,  569,  159,  249,  168,  257,  221,  849,  508,  266,  459,  912,  930,  251,  142,  837,  778,  313,  991, 1030,  793, 1024,  326,  115,   42,  749,  867,  932,  369,  871,  790,  407,  902,  488,  894,  989,  423,  598,  565],
        [   21,    0,  923,  776,  496,  647,  999,  652,  190,  358,  919,  362,  761, 1024,  925, 1044,  594,  540,  603,  310, 1047,  727, 1136,  335,  345, 1026,  920,   60,  937,  704,  703,  693,  724,  351,  312,  339,  819,  654,  518,    0,  866,  733,  577,  401,  976,  278,  669,  217,  835,  173,  196,  304,  402,  191,  737,  921,  531,  302,  674, 1016,  733,  844,  261,  361,  271,  386,  744,  636,  582,  969,  759,  600,  937, 1081,  296,  639,  911,  834,  732, 1029,  701,  908, 1162,  206,  406,  560,  795,  897,  727,  841,  764,  443,  612,  956,  898,  722, 1087,  236,  427,  596],
        [  871,    0,  385,  684,  897,  295,  683,  271,  698,  557,  154,  505,  196,  341,  250,  533,  356,  371,  642,  687,  314,  142,  488,  604,  907,  381,  564,  844,  439, 1009,  193,  372,  603,  543,  677,  543,  241,  281,  511,  866,    0,  217,  324,  496,  585,  719,  805,  822,  394,  737,  715,  722,  468,  785,  991,  483,  393,  607,  260,  573,  300,  331,  747,  582,  665,  657,  319,  291,  847,  239,  328,  329,  599,  498,  709,  394,  502,  485,  203,  646, 1037,  431,  589,  745,  581,  489,  481,  565,  841,  253,  705,  886,  277,  565,  104,  785,  591,  652,  643,  440],
        [  742,    0,  259,  475,  689,   93,  516,   82,  549,  389,  359,  382,   30,  306,  198,  418,  376,  195,  426,  627,  318,  136,  441,  540,  715,  322,  394,  700,  303,  793,  250,  157,  391,  385,  617,  395,  101,  326,  516,  733,  217,    0,  157,  335,  429,  541,  588,  648,  222,  636,  618,  663,  375,  619,  774,  329,  210,  527,   60,  434,  401,  481,  570,  526,  587,  622,  426,  323,  633,  445,  442,  138,  429,  415,  647,  448,  340,  300,  297,  495,  821,  283,  509,  656,  546,  511,  285,  388,  626,  411,  494,  681,  129,  406,  312,  569,  476,  502,  442,  227],
        [  586,    0,  383,  470,  584,   80,  581,   76,  394,  239,  433,  228,  184,  456,  352,  532,  305,   48,  366,  487,  473,  188,  583,  401,  584,  466,  466,  545,  415,  719,  248,  183,  382,  231,  477,  239,  248,  286,  416,  577,  324,  157,    0,  182,  512,  398,  532,  503,  316,  483,  466,  523,  231,  470,  711,  423,   71,  382,   99,  532,  383,  488,  426,  391,  441,  493,  408,  274,  550,  511,  426,   43,  496,  545,  505,  389,  425,  363,  300,  577,  743,  389,  637,  506,  420,  422,  334,  452,  580,  435,  481,  567,   48,  489,  394,  531,  587,  347,  325,  167],
        [  412,    0,  529,  486,  458,  248,  660,  255,  214,   62,  586,  103,  364,  624,  525,  662,  353,  141,  332,  377,  647,  356,  740,  303,  424,  627,  561,  365,  550,  629,  376,  302,  408,   50,  368,   66,  419,  373,  398,  401,  496,  335,  182,    0,  614,  227,  478,  326,  447,  332,  320,  408,  161,  290,  633,  543,  131,  268,  276,  646,  473,  590,  254,  305,  318,  409,  495,  355,  458,  655,  513,  200,  585,  690,  389,  433,  537,  464,  422,  674,  646,  521,  776,  365,  352,  420,  426,  541,  535,  555,  487,  430,  224,  592,  553,  499,  711,  167,  207,  218],
        [  992,    0,  204,  276,  683,  441,  103,  462,  792,  633,  737,  706,  428,  317,  348,  123,  798,  514,  404,  984,  375,  562,  284,  902,  796,  271,   57,  926,  150,  665,  678,  331,  274,  653,  974,  678,  353,  754,  925,  976,  585,  429,  512,  614,    0,  710,  468,  808,  208,  944,  933, 1017,  734,  804,  621,  103,  505,  874,  445,   55,  829,  899,  735,  895,  929, 1000,  854,  750,  573,  821,  869,  470,   54,  201,  998,  875,   90,  152,  723,   66,  700,  155,  228,  979,  930,  927,  189,   81,  462,  825,  303,  708,  520,   24,  688,  410,  130,  752,  559,  397],
        [  297,    0,  683,  499,  279,  449,  725,  463,  135,  165,  813,  269,  570,  801,  714,  787,  555,  351,  326,  437,  833,  580,  896,  400,  201,  794,  653,  222,  688,  481,  601,  459,  449,  188,  432,  201,  609,  589,  555,  278,  719,  541,  398,  227,  710,    0,  401,  109,  591,  322,  326,  454,  339,   95,  502,  665,  333,  354,  482,  753,  686,  804,   30,  416,  373,  498,  706,  570,  331,  881,  724,  404,  668,  832,  437,  628,  651,  574,  645,  758,  489,  659,  908,  369,  471,  588,  535,  629,  461,  775,  487,  236,  444,  691,  779,  449,  826,  135,  152,  354],
        [  689,    0,  561,  193,  234,  520,  430,  548,  531,  446,  943,  575,  610,  706,  667,  584,  814,  495,  167,  818,  758,  699,  735,  761,  382,  676,  423,  610,  534,  214,  779,  435,  227,  481,  811,  510,  593,  812,  875,  669,  805,  588,  532,  478,  468,  401,    0,  458,  479,  718,  719,  841,  639,  479,  187,  484,  470,  718,  551,  522,  912, 1020,  412,  770,  753,  867,  937,  798,  115, 1027,  955,  503,  416,  654,  822,  898,  459,  404,  832,  488,  246,  511,  696,  764,  821,  897,  379,  399,   61,  966,  166,  274,  574,  461,  897,   66,  597,  514,  286,  373],
        [  237,    0,  790,  582,  282,  556,  816,  570,  163,  266,  908,  348,  677,  910,  822,  891,  630,  457,  413,  451,  942,  681, 1002,  435,  146,  902,  752,  157,  794,  491,  693,  567,  542,  282,  449,  288,  718,  672,  607,  217,  822,  648,  503,  326,  808,  109,  458,    0,  698,  318,  330,  460,  413,   50,  522,  768,  440,  390,  589,  853,  766,  884,   80,  455,  392,  521,  784,  653,  366,  973,  801,  511,  764,  938,  446,  697,  753,  677,  734,  854,  490,  765, 1011,  364,  510,  643,  638,  728,  514,  861,  566,  230,  547,  790,  877,  513,  928,  192,  250,  463],
        [  849,    0,   94,  315,  646,  240,  296,  258,  646,  479,  547,  527,  222,  232,  194,  219,  592,  327,  349,  799,  281,  355,  305,  714,  721,  211,  175,  791,  104,  692,  471,  146,  253,  492,  789,  512,  154,  546,  723,  835,  394,  222,  316,  447,  208,  591,  479,  698,    0,  777,  763,  834,  544,  683,  661,  110,  324,  691,  240,  218,  622,  696,  619,  705,  749,  808,  647,  542,  558,  633,  662,  275,  210,  246,  816,  667,  119,   93,  516,  274,  724,   76,  330,  807,  735,  722,  102,  172,  498,  623,  341,  656,  317,  185,  498,  439,  272,  602,  453,  240],
        [  166,    0,  857,  785,  590,  561,  984,  558,  188,  314,  772,  256,  662,  939,  833,  994,  435,  457,  614,  142,  954,  604, 1064,  165,  463,  948,  890,  197,  880,  797,  561,  632,  718,  292,  142,  267,  731,  502,  347,  173,  737,  636,  483,  332,  944,  322,  718,  318,  777,    0,   25,  144,  271,  272,  822,  874,  455,  139,  581,  977,  572,  680,  319,  192,   99,  217,  581,  484,  652,  815,  595,  515,  912, 1019,  131,  473,  868,  794,  583, 1002,  801,  852, 1107,   48,  234,  389,  756,  869,  778,  683,  779,  540,  509,  922,  756,  760, 1043,  208,  441,  549],
        [  190,    0,  841,  780,  598,  544,  975,  541,  192,  306,  748,  239,  643,  922,  815,  980,  411,  441,  610,  124,  935,  582, 1048,  141,  475,  931,  879,  216,  866,  804,  537,  618,  711,  281,  123,  256,  713,  478,  324,  196,  715,  618,  466,  320,  933,  326,  719,  330,  763,   25,    0,  131,  250,  283,  828,  861,  440,  115,  564,  965,  547,  655,  326,  167,   76,  198,  557,  460,  656,  791,  571,  499,  902, 1004,  117,  448,  856,  783,  560,  992,  809,  838, 1092,   47,  211,  365,  745,  859,  779,  658,  775,  549,  490,  911,  732,  759, 1030,  206,  439,  537],
        [  292,    0,  905,  888,  728,  602, 1068,  593,  320,  410,  728,  311,  686,  968,  859, 1052,  383,  508,  722,   37,  975,  602, 1103,  124,  606,  984,  965,  337,  935,  934,  533,  692,  813,  380,   48,  352,  763,  458,  256,  304,  722,  663,  523,  408, 1017,  454,  841,  460,  834,  144,  131,    0,  292,  414,  956,  938,  513,  144,  615, 1044,  506,  602,  456,  141,   91,   92,  510,  442,  783,  758,  521,  561,  991, 1067,   19,  396,  936,  865,  543, 1079,  939,  909, 1159,  100,  149,  296,  829,  947,  901,  620,  885,  680,  536,  994,  721,  877, 1105,  328,  557,  623],
        [  406,    0,  614,  639,  602,  311,  792,  302,  258,  201,  518,   72,  398,  680,  572,  762,  217,  220,  491,  256,  690,  333,  812,  171,  539,  694,  684,  390,  645,  783,  301,  405,  556,  166,  246,  143,  473,  262,  237,  402,  468,  375,  231,  161,  734,  339,  639,  413,  544,  271,  250,  292,    0,  367,  791,  650,  229,  152,  324,  758,  353,  471,  359,  162,  213,  267,  371,  243,  614,  572,  388,  270,  712,  776,  274,  289,  650,  582,  333,  797,  798,  619,  868,  285,  200,  262,  548,  667,  696,  452,  642,  567,  247,  710,  496,  659,  816,  222,  363,  348],
        [  210,    0,  774,  590,  320,  527,  819,  539,  114,  232,  867,  303,  647,  889,  798,  881,  583,  425,  418,  404,  919,  645,  987,  385,  194,  884,  748,  132,  781,  529,  651,  548,  543,  243,  400,  246,  693,  627,  557,  191,  785,  619,  470,  290,  804,   95,  479,   50,  683,  272,  283,  414,  367,    0,  558,  759,  409,  340,  559,  847,  719,  837,   72,  406,  344,  472,  737,  608,  395,  930,  754,  481,  762,  925,  399,  648,  745,  668,  691,  853,  531,  752, 1002,  319,  460,  594,  629,  724,  538,  816,  577,  270,  513,  786,  837,  531,  921,  146,  246,  445],
        [  758,    0,  739,  356,  243,  704,  562,  732,  637,  591, 1128,  723,  796,  884,  851,  742,  980,  670,  351,  938,  937,  883,  900,  893,  402,  851,  583,  679,  707,   55,  958,  622,  408,  626,  932,  653,  779,  985, 1026,  737,  991,  774,  711,  633,  621,  502,  187,  522,  661,  822,  828,  956,  791,  558,    0,  654,  646,  848,  736,  675, 1086, 1197,  503,  905,  873,  995, 1110,  970,  178, 1211, 1129,  685,  569,  816,  939, 1063,  627,  580, 1010,  628,   87,  686,  846,  869,  959, 1052,  559,  561,  164, 1145,  328,  296,  754,  618, 1083,  223,  746,  632,  428,  556],
        [  936,    0,  107,  299,  679,  348,  201,  367,  733,  569,  635,  629,  326,  239,  251,  123,  701,  431,  385,  903,  297,  460,  254,  820,  774,  200,   89,  874,   58,  692,  576,  247,  265,  585,  893,  608,  250,  654,  832,  921,  483,  329,  423,  543,  103,  665,  484,  768,  110,  874,  861,  938,  650,  759,  654,    0,  425,  795,  349,  109,  727,  797,  691,  812,  851,  915,  752,  650,  579,  719,  767,  382,  122,  176,  919,  776,   28,   93,  621,  168,  726,   53,  244,  906,  843,  832,  131,  102,  490,  722,  327,  697,  426,   82,  587,  433,  169,  691,  519,  328],
        [  542,    0,  402,  427,  513,  119,  563,  131,  344,  180,  504,  204,  239,  494,  395,  541,  350,   25,  306,  479,  517,  259,  611,  397,  515,  497,  455,  495,  426,  652,  315,  180,  340,  180,  469,  195,  289,  342,  442,  531,  393,  210,   71,  131,  505,  333,  470,  440,  324,  455,  440,  513,  229,  409,  646,  425,    0,  370,  150,  531,  442,  552,  362,  391,  427,  496,  467,  329,  482,  581,  485,   72,  483,  564,  495,  435,  423,  354,  366,  568,  675,  399,  652,  484,  428,  454,  319,  438,  521,  502,  434,  496,  119,  482,  464,  474,  593,  297,  254,  124],
        [  299,    0,  763,  751,  632,  461,  925,  453,  230,  277,  634,  169,  550,  832,  724,  909,  297,  365,  589,  111,  841,  478,  964,   47,  532,  846,  822,  310,  793,  831,  425,  549,  675,  244,  101,  215,  625,  364,  223,  302,  607,  527,  382,  268,  874,  354,  718,  390,  691,  139,  115,  144,  152,  340,  848,  795,  370,    0,  476,  901,  434,  544,  363,   66,   61,  149,  445,  346,  672,  677,  459,  419,  848,  926,  125,  338,  792,  722,  446,  936,  841,  766, 1017,  138,  121,  263,  686,  804,  778,  545,  750,  589,  399,  851,  620,  750,  962,  219,  433,  480],
        [  684,    0,  294,  455,  638,   36,  524,   24,  490,  329,  392,  326,   89,  359,  253,  449,  354,  136,  386,  579,  375,  150,  488,  492,  658,  370,  404,  641,  332,  752,  250,  137,  368,  326,  569,  336,  150,  314,  484,  674,  260,   60,   99,  276,  445,  482,  551,  589,  240,  581,  564,  615,  324,  559,  736,  349,  150,  476,    0,  457,  399,  490,  511,  480,  536,  579,  425,  308,  588,  476,  442,   79,  437,  455,  598,  432,  356,  305,  301,  511,  778,  309,  548,  603,  504,  483,  282,  395,  593,  426,  471,  628,   81,  421,  347,  538,  506,  442,  387,  182],
        [ 1031,    0,  190,  329,  735,  457,  141,  476,  830,  668,  723,  734,  429,  283,  329,   72,  808,  538,  453, 1010,  340,  563,  234,  927,  845,  235,  104,  967,  137,  719,  680,  354,  323,  687, 1000,  710,  350,  760,  941, 1016,  573,  434,  532,  646,   55,  753,  522,  853,  218,  977,  965, 1044,  758,  847,  675,  109,  531,  901,  457,    0,  830,  894,  778,  919,  957, 1023,  854,  757,  627,  805,  868,  490,  108,  151, 1026,  882,  109,  184,  723,   80,  754,  152,  174, 1010,  951,  940,  223,  130,  516,  818,  357,  759,  535,   64,  675,  464,   77,  789,  603,  429],
        [  731,    0,  644,  848,  930,  419,  916,  391,  610,  530,  237,  420,  402,  633,  531,  803,  140,  418,  747,  476,  612,  268,  781,  410,  887,  668,  795,  731,  694, 1090,  152,  535,  759,  501,  467,  485,  481,  102,  256,  733,  300,  401,  383,  473,  829,  686,  912,  766,  622,  572,  547,  506,  353,  719, 1086,  727,  442,  434,  399,  830,    0,  119,  708,  384,  479,  423,   26,  119,  918,  253,   44,  418,  829,  781,  499,  115,  740,  699,  108,  894, 1110,  679,  875,  561,  359,  221,  680,  788,  962,  114,  861,  902,  347,  806,  247,  913,  862,  574,  673,  549],
        [  842,    0,  706,  944, 1047,  514,  992,  485,  727,  648,  214,  538,  476,  671,  578,  860,  256,  527,  854,  574,  641,  346,  817,  516, 1005,  711,  871,  845,  758, 1202,  243,  626,  857,  619,  566,  603,  547,  218,  347,  844,  331,  481,  488,  590,  899,  804, 1020,  884,  696,  680,  655,  602,  471,  837, 1197,  797,  552,  544,  490,  894,  119,    0,  826,  489,  584,  514,  101,  236, 1031,  187,   86,  520,  906,  829,  596,  208,  812,  780,  191,  963, 1224,  746,  919,  665,  457,  307,  765,  867, 1068,   79,  959, 1019,  448,  877,  246, 1018,  918,  692,  788,  652],
