{
    "name": "random-2-27432",
    "comment": "size=2 seed=27432",
    "nodes": ["+0", "-0", "+1", "-1", "+2", "-2"],
    "precedence": {
        "+0": "-0",
        "+1": "-1",
        "+2": "-2"
    },
    "edges": [
        [    0,    0,  447,  714,   88,  633],
        [    0,    0,  447,  714,   88,  633],
        [  447,  447,    0,  271,  416,  245],
        [  714,  714,  271,    0,  674,  265],
        [   88,   88,  416,  674,    0,  625],
        [  633,  633,  245,  265,  625,    0]
    ]
}
