{
    "name": "random-17-31635",
    "comment": "size=17 seed=31635",
    "nodes": ["+0", "-0", "+1", "-1", "+2", "-2", "+3", "-3", "+4", "-4", "+5", "-5", "+6", "-6", "+7", "-7", "+8", "-8", "+9", "-9", "+10", "-10", "+11", "-11", "+12", "-12", "+13", "-13", "+14", "-14", "+15", "-15", "+16", "-16", "+17", "-17"],
    "precedence": {
        "+0": "-0",
        "+1": "-1",
        "+2": "-2",
        "+3": "-3",
        "+4": "-4",
        "+5": "-5",
        "+6": "-6",
        "+7": "-7",
        "+8": "-8",
        "+9": "-9",
        "+10": "-10",
        "+11": "-11",
        "+12": "-12",
        "+13": "-13",
        "+14": "-14",
        "+15": "-15",
        "+16": "-16",
        "+17": "-17"
    },
    "edges": [
        [    0,    0,  557,  787,  919,  552,  533,  392,  362,  500,  357,  144,  425,  395,  197, 1027,  618,  944,  440,  124,  409,  894,  355,  839,  117,  943,  822,  690,  349,  556,  239,  434,  317,  772,  945,  361],
        [    0,    0,  557,  787,  919,  552,  533,  392,  362,  500,  357,  144,  425,  395,  197, 1027,  618,  944,  440,  124,  409,  894,  355,  839,  117,  943,  822,  690,  349,  556,  239,  434,  317,  772,  945,  361],
        [  557,  557,    0,  796,  884, 1035,  726,  657,  201,  962,  465,  423,  693,  736,  731, 1077,  742, 1043,  247,  662,  732,  722,  294,  407,  573,  579,  673,  198,  399,  561,  642,  808,  461,  501,  725,  386],
        [  787,  787,  796,    0,  135,  771,  296,  423,  711,  698,  451,  796,  408,  485,  769,  282,  195,  257,  569,  764,  463,  263,  578,  632,  681,  550,  225,  707,  494,  258,  591,  523,  488,  403,  344,  494],
        [  919,  919,  884,  135,    0,  890,  428,  557,  820,  819,  577,  922,  541,  617,  903,  216,  327,  248,  671,  898,  595,  235,  691,  661,  814,  544,  236,  771,  615,  378,  725,  651,  615,  437,  304,  613],
        [  552,  552, 1035,  771,  890,    0,  496,  440,  839,   82,  614,  686,  423,  343,  360,  875,  586,  766,  828,  430,  360, 1001,  752, 1172,  479, 1197,  937, 1101,  667,  693,  394,  274,  598, 1006, 1078,  683],
        [  533,  533,  726,  296,  428,  496,    0,  142,  577,  418,  272,  579,  117,  190,  481,  498,  102,  412,  480,  486,  168,  506,  444,  725,  418,  716,  441,  713,  337,  219,  311,  232,  293,  529,  582,  347],
        [  392,  392,  657,  423,  557,  440,  142,    0,  485,  358,  195,  449,   39,   97,  347,  639,  236,  553,  421,  345,   83,  598,  364,  735,  277,  761,  528,  682,  260,  262,  170,  169,  198,  570,  668,  274],
        [  362,  362,  201,  711,  820,  839,  577,  485,    0,  768,  306,  238,  523,  555,  531,  990,  615,  939,  157,  462,  553,  706,  138,  512,  373,  651,  643,  336,  241,  456,  447,  624,  290,  517,  730,  234],
        [  500,  500,  962,  698,  819,   82,  418,  358,  768,    0,  534,  627,  342,  262,  317,  817,  510,  709,  751,  381,  278,  923,  677, 1091,  417, 1116,  858, 1022,  589,  612,  322,  193,  520,  925,  999,  605],
        [  357,  357,  465,  451,  577,  614,  272,  195,  306,  534,    0,  346,  229,  283,  413,  715,  318,  650,  226,  375,  274,  538,  174,  566,  271,  625,  466,  491,   67,  203,  247,  357,   41,  439,  592,   80],
        [  144,  144,  423,  796,  922,  686,  579,  449,  238,  627,  346,    0,  486,  480,  338, 1056,  650,  984,  350,  264,  488,  860,  276,  741,  214,  864,  791,  573,  313,  546,  331,  532,  309,  708,  901,  318],
        [  425,  425,  693,  408,  541,  423,  117,   39,  523,  342,  229,  486,    0,   85,  365,  612,  216,  523,  454,  370,   65,  597,  400,  756,  309,  774,  528,  712,  295,  271,  196,  150,  234,  583,  669,  308],
        [  395,  395,  736,  485,  617,  343,  190,   97,  555,  262,  283,  480,   85,    0,  301,  671,  291,  575,  507,  320,   23,  682,  442,  831,  281,  856,  613,  773,  344,  355,  156,   75,  277,  665,  754,  359],
        [  197,  197,  731,  769,  903,  360,  481,  347,  531,  317,  413,  338,  365,  301,    0,  972,  580,  876,  570,   74,  321,  928,  484,  961,  163, 1036,  856,  839,  436,  581,  182,  308,  378,  852,  991,  452],
        [ 1027, 1027, 1077,  282,  216,  875,  498,  639,  990,  817,  715, 1056,  612,  671,  972,    0,  410,  110,  850,  982,  651,  449,  855,  876,  914,  758,  451,  978,  765,  535,  807,  682,  749,  651,  512,  767],
        [  618,  618,  742,  195,  327,  586,  102,  236,  615,  510,  318,  650,  216,  291,  580,  410,    0,  335,  497,  580,  269,  417,  477,  684,  506,  652,  357,  702,  376,  191,  406,  330,  347,  473,  496,  382],
        [  944,  944, 1043,  257,  248,  766,  412,  553,  939,  709,  650,  984,  523,  575,  876,  110,  335,    0,  807,  891,  556,  478,  801,  883,  829,  784,  463,  963,  705,  486,  717,  581,  681,  654,  550,  709],
        [  440,  440,  247,  569,  671,  828,  480,  421,  157,  751,  226,  350,  454,  507,  570,  850,  497,  807,    0,  512,  500,  549,   87,  400,  408,  514,  487,  275,  164,  321,  440,  581,  232,  366,  575,  149],
        [  124,  124,  662,  764,  898,  430,  486,  345,  462,  381,  375,  264,  370,  320,   74,  982,  580,  891,  512,    0,  338,  904,  426,  907,  107,  992,  832,  777,  389,  557,  176,  342,  338,  811,  963,  404],
        [  409,  409,  732,  463,  595,  360,  168,   83,  553,  278,  274,  488,   65,   23,  321,  651,  269,  556,  500,  338,    0,  661,  438,  816,  293,  838,  592,  763,  337,  336,  170,   87,  272,  647,  733,  352],
        [  894,  894,  722,  263,  235, 1001,  506,  598,  706,  923,  538,  860,  597,  682,  928,  449,  417,  478,  549,  904,  661,    0,  595,  438,  805,  310,   73,  578,  551,  348,  747,  735,  578,  230,   81,  543],
        [  355,  355,  294,  578,  691,  752,  444,  364,  138,  677,  174,  276,  400,  442,  484,  855,  477,  801,   87,  426,  438,  595,    0,  486,  322,  592,  529,  357,  108,  321,  361,  515,  167,  433,  630,   98],
        [  839,  839,  407,  632,  661, 1172,  725,  735,  512, 1091,  566,  741,  756,  831,  961,  876,  684,  883,  400,  907,  816,  438,  486,    0,  801,  186,  426,  211,  527,  506,  811,  903,  592,  230,  402,  511],
        [  117,  117,  573,  681,  814,  479,  418,  277,  373,  417,  271,  214,  309,  281,  163,  914,  506,  829,  408,  107,  293,  805,  322,  801,    0,  885,  733,  676,  282,  461,  125,  324,  233,  705,  862,  297],
        [  943,  943,  579,  550,  544, 1197,  716,  761,  651, 1116,  625,  864,  774,  856, 1036,  758,  652,  784,  514,  992,  838,  310,  592,  186,  885,    0,  326,  389,  604,  505,  869,  923,  658,  191,  251,  589],
        [  822,  822,  673,  225,  236,  937,  441,  528,  643,  858,  466,  791,  528,  613,  856,  451,  357,  463,  487,  832,  592,   73,  529,  426,  733,  326,    0,  542,  481,  276,  675,  669,  506,  201,  141,  473],
        [  690,  690,  198,  707,  771, 1101,  713,  682,  336, 1022,  491,  573,  712,  773,  839,  978,  702,  963,  275,  777,  763,  578,  357,  211,  676,  389,  542,    0,  434,  512,  715,  847,  503,  349,  565,  418],
        [  349,  349,  399,  494,  615,  667,  337,  260,  241,  589,   67,  313,  295,  344,  436,  765,  376,  705,  164,  389,  337,  551,  108,  527,  282,  604,  481,  434,    0,  238,  286,  418,   69,  425,  598,   17],
        [  556,  556,  561,  258,  378,  693,  219,  262,  456,  612,  203,  546,  271,  355,  581,  535,  191,  486,  321,  557,  336,  348,  321,  506,  461,  505,  276,  512,  238,    0,  400,  419,  242,  315,  411,  237],
        [  239,  239,  642,  591,  725,  394,  311,  170,  447,  322,  247,  331,  196,  156,  182,  807,  406,  717,  440,  176,  170,  747,  361,  811,  125,  869,  675,  715,  286,  400,    0,  202,  220,  681,  811,  302],
        [  434,  434,  808,  523,  651,  274,  232,  169,  624,  193,  357,  532,  150,   75,  308,  682,  330,  581,  581,  342,   87,  735,  515,  903,  324,  923,  669,  847,  418,  419,  202,    0,  350,  732,  810,  433],
        [  317,  317,  461,  488,  615,  598,  293,  198,  290,  520,   41,  309,  234,  277,  378,  749,  347,  681,  232,  338,  272,  578,  167,  592,  233,  658,  506,  503,   69,  242,  220,  350,    0,  475,  631,   86],
        [  772,  772,  501,  403,  437, 1006,  529,  570,  517,  925,  439,  708,  583,  665,  852,  651,  473,  654,  366,  811,  647,  230,  433,  230,  705,  191,  201,  349,  425,  315,  681,  732,  475,    0,  224,  413],
        [  945,  945,  725,  344,  304, 1078,  582,  668,  730,  999,  592,  901,  669,  754,  991,  512,  496,  550,  575,  963,  733,   81,  630,  402,  862,  251,  141,  565,  598,  411,  811,  810,  631,  224,    0,  588],
        [  361,  361,  386,  494,  613,  683,  347,  274,  234,  605,   80,  318,  308,  359,  452,  767,  382,  709,  149,  404,  352,  543,   98,  511,  297,  589,  473,  418,   17,  237,  302,  433,   86,  413,  588,    0]
    ]
}
