{
    "name": "random-3-17570",
    "comment": "size=3 seed=17570",
    "nodes": ["+0", "-0", "+1", "-1", "+2", "-2", "+3", "-3"],
    "precedence": {
        "+0": "-0",
        "+1": "-1",
        "+2": "-2",
        "+3": "-3"
    },
    "edges": [
        [    0,    0, 1059,  333, 1031,  701,  903,  934],
        [    0,    0, 1059,  333, 1031,  701,  903,  934],
        [ 1059, 1059,    0,  815,   67,  515,  190,  708],
        [  333,  333,  815,    0,  773,  381,  637,  603],
        [ 1031, 1031,   67,  773,    0,  457,  138,  642],
        [  701,  701,  515,  381,  457,    0,  326,  326],
        [  903,  903,  190,  637,  138,  326,    0,  549],
        [  934,  934,  708,  603,  642,  326,  549,    0]
    ]
}
