{
    "name": "random-14-5884",
    "comment": "size=14 seed=5884",
    "nodes": ["+0", "-0", "+1", "-1", "+2", "-2", "+3", "-3", "+4", "-4", "+5", "-5", "+6", "-6", "+7", "-7", "+8", "-8", "+9", "-9", "+10", "-10", "+11", "-11", "+12", "-12", "+13", "-13", "+14", "-14"],
    "precedence": {
        "+0": "-0",
        "+1": "-1",
        "+2": "-2",
        "+3": "-3",
        "+4": "-4",
        "+5": "-5",
        "+6": "-6",
        "+7": "-7",
        "+8": "-8",
        "+9": "-9",
        "+10": "-10",
        "+11": "-11",
        "+12": "-12",
        "+13": "-13",
        "+14": "-14"
    },
    "edges": [
        [    0,    0,  874,  954,  156,  363,  409,  387,  739,  595,  638, 1015,  921,  263,  764,  950,  534,  916,  428,  659,  426,  466,  785,  197,  404,  960,  764,  239,  737,  336],
        [    0,    0,  874,  954,  156,  363,  409,  387,  739,  595,  638, 1015,  921,  263,  764,  950,  534,  916,  428,  659,  426,  466,  785,  197,  404,  960,  764,  239,  737,  336],
        [  874,  874,    0,  126,  798,  525,  749,  494,  414,  805,  568,  480,  154,  635,  326,   77,  459,  473,  470,  348,  704,  412,  418,  708,  690,  497,  350,  636,  592,  861],
        [  954,  954,  126,    0,  891,  595,  863,  567,  387,  927,  692,  582,   63,  728,  299,   93,  576,  588,  533,  358,  819,  488,  542,  776,  803,  609,  475,  718,  717,  970],
        [  156,  156,  798,  891,    0,  336,  254,  348,  739,  441,  490,  880,  867,  163,  746,  874,  407,  778,  402,  641,  271,  413,  651,  240,  250,  822,  638,  197,  588,  198],
        [  363,  363,  525,  595,  336,    0,  447,   36,  405,  610,  505,  773,  559,  198,  412,  599,  332,  692,   68,  306,  425,  116,  560,  184,  396,  737,  513,  140,  599,  487],
        [  409,  409,  749,  863,  254,  447,    0,  438,  825,  190,  282,  695,  857,  260,  803,  820,  292,  589,  496,  709,   47,  462,  479,  446,   61,  629,  491,  347,  366,  136],
        [  387,  387,  494,  567,  348,   36,  438,    0,  399,  595,  478,  738,  534,  200,  399,  568,  303,  658,   59,  294,  412,   82,  526,  215,  385,  703,  478,  156,  571,  487],
        [  739,  739,  414,  387,  739,  405,  825,  399,    0,  959,  780,  863,  326,  599,   90,  453,  607,  825,  341,  121,  793,  363,  725,  542,  767,  861,  655,  543,  848,  886],
        [  595,  595,  805,  927,  441,  610,  190,  595,  959,    0,  246,  628,  933,  440,  923,  869,  364,  524,  649,  839,  192,  601,  449,  633,  221,  556,  488,  528,  282,  280],
        [  638,  638,  568,  692,  490,  505,  282,  478,  780,  246,    0,  415,  704,  402,  730,  628,  181,  308,  521,  660,  240,  453,  208,  597,  250,  347,  242,  479,  102,  417],
        [ 1015, 1015,  480,  582,  880,  773,  695,  738,  863,  628,  415,    0,  629,  756,  782,  491,  482,  107,  753,  765,  652,  673,  231,  922,  658,   74,  261,  810,  348,  831],
        [  921,  921,  154,   63,  867,  559,  857,  534,  326,  933,  704,  629,    0,  705,  238,  147,  575,  626,  495,  305,  814,  458,  568,  738,  796,  650,  499,  687,  737,  957],
        [  263,  263,  635,  728,  163,  198,  260,  200,  599,  440,  402,  756,  705,    0,  595,  711,  274,  659,  258,  492,  249,  254,  526,  201,  220,  704,  502,   89,  503,  289],
        [  764,  764,  326,  299,  746,  412,  803,  399,   90,  923,  730,  782,  238,  595,    0,  363,  564,  750,  345,  106,  768,  346,  656,  569,  744,  784,  585,  551,  791,  877],
        [  950,  950,   77,   93,  874,  599,  820,  568,  453,  869,  628,  491,  147,  711,  363,    0,  529,  501,  543,  403,  775,  487,  464,  782,  762,  519,  400,  712,  643,  934],
        [  534,  534,  459,  576,  407,  332,  292,  303,  607,  364,  181,  482,  575,  274,  564,  529,    0,  387,  342,  487,  246,  273,  253,  450,  235,  432,  232,  334,  269,  413],
        [  916,  916,  473,  588,  778,  692,  589,  658,  825,  524,  308,  107,  626,  659,  750,  501,  387,    0,  679,  719,  546,  599,  135,  833,  553,   46,  184,  718,  243,  725],
        [  428,  428,  470,  533,  402,   68,  496,   59,  341,  649,  521,  753,  495,  258,  345,  543,  342,  679,    0,  240,  469,   81,  550,  244,  442,  723,  497,  207,  610,  546],
        [  659,  659,  348,  358,  641,  306,  709,  294,  121,  839,  660,  765,  305,  492,  106,  403,  487,  719,  240,    0,  676,  247,  613,  465,  651,  757,  544,  446,  730,  776],
        [  426,  426,  704,  819,  271,  425,   47,  412,  793,  192,  240,  652,  814,  249,  768,  775,  246,  546,  469,  676,    0,  431,  434,  443,   30,  587,  445,  337,  329,  181],
        [  466,  466,  412,  488,  413,  116,  462,   82,  363,  601,  453,  673,  458,  254,  346,  487,  273,  599,   81,  247,  431,    0,  471,  297,  405,  643,  416,  230,  538,  531],
        [  785,  785,  418,  542,  651,  560,  479,  526,  725,  449,  208,  231,  568,  526,  656,  464,  253,  135,  550,  613,  434,  471,    0,  698,  436,  180,   72,  584,  185,  614],
        [  197,  197,  708,  776,  240,  184,  446,  215,  542,  633,  597,  922,  738,  201,  569,  782,  450,  833,  244,  465,  443,  297,  698,    0,  414,  878,  662,  119,  698,  432],
        [  404,  404,  690,  803,  250,  396,   61,  385,  767,  221,  250,  658,  796,  220,  744,  762,  235,  553,  442,  651,   30,  405,  436,  414,    0,  594,  443,  308,  343,  182],
        [  960,  960,  497,  609,  822,  737,  629,  703,  861,  556,  347,   74,  650,  704,  784,  519,  432,   46,  723,  757,  587,  643,  180,  878,  594,    0,  227,  764,  276,  764],
        [  764,  764,  350,  475,  638,  513,  491,  478,  655,  488,  242,  261,  499,  502,  585,  400,  232,  184,  497,  544,  445,  416,   72,  662,  443,  227,    0,  552,  244,  624],
        [  239,  239,  636,  718,  197,  140,  347,  156,  543,  528,  479,  810,  687,   89,  551,  712,  334,  718,  207,  446,  337,  230,  584,  119,  308,  764,  552,    0,  579,  361],
        [  737,  737,  592,  717,  588,  599,  366,  571,  848,  282,  102,  348,  737,  503,  791,  643,  269,  243,  610,  730,  329,  538,  185,  698,  343,  276,  244,  579,    0,  499],
        [  336,  336,  861,  970,  198,  487,  136,  487,  886,  280,  417,  831,  957,  289,  877,  934,  413,  725,  546,  776,  181,  531,  614,  432,  182,  764,  624,  361,  499,    0]
    ]
}
