{
    "name": "random-88-6109",
    "comment": "size=88 seed=6109",
    "nodes": ["+0", "-0", "+1", "-1", "+2", "-2", "+3", "-3", "+4", "-4", "+5", "-5", "+6", "-6", "+7", "-7", "+8", "-8", "+9", "-9", "+10", "-10", "+11", "-11", "+12", "-12", "+13", "-13", "+14", "-14", "+15", "-15", "+16", "-16", "+17", "-17", "+18", "-18", "+19", "-19", "+20", "-20", "+21", "-21", "+22", "-22", "+23", "-23", "+24", "-24", "+25", "-25", "+26", "-26", "+27", "-27", "+28", "-28", "+29", "-29", "+30", "-30", "+31", "-31", "+32", "-32", "+33", "-33", "+34", "-34", "+35", "-35", "+36", "-36", "+37", "-37", "+38", "-38", "+39", "-39", "+40", "-40", "+41", "-41", "+42", "-42", "+43", "-43", "+44", "-44", "+45", "-45", "+46", "-46", "+47", "-47", "+48", "-48", "+49", "-49", "+50", "-50", "+51", "-51", "+52", "-52", "+53", "-53", "+54", "-54", "+55", "-55", "+56", "-56", "+57", "-57", "+58", "-58", "+59", "-59", "+60", "-60", "+61", "-61", "+62", "-62", "+63", "-63", "+64", "-64", "+65", "-65", "+66", "-66", "+67", "-67", "+68", "-68", "+69", "-69", "+70", "-70", "+71", "-71", "+72", "-72", "+73", "-73", "+74", "-74", "+75", "-75", "+76", "-76", "+77", "-77", "+78", "-78", "+79", "-79", "+80", "-80", "+81", "-81", "+82", "-82", "+83", "-83", "+84", "-84", "+85", "-85", "+86", "-86", "+87", "-87", "+88", "-88"],
    "precedence": {
        "+0": "-0",
        "+1": "-1",
        "+2": "-2",
        "+3": "-3",
        "+4": "-4",
        "+5": "-5",
        "+6": "-6",
        "+7": "-7",
        "+8": "-8",
        "+9": "-9",
        "+10": "-10",
        "+11": "-11",
        "+12": "-12",
        "+13": "-13",
        "+14": "-14",
        "+15": "-15",
        "+16": "-16",
        "+17": "-17",
        "+18": "-18",
        "+19": "-19",
        "+20": "-20",
        "+21": "-21",
        "+22": "-22",
        "+23": "-23",
        "+24": "-24",
        "+25": "-25",
        "+26": "-26",
        "+27": "-27",
        "+28": "-28",
        "+29": "-29",
        "+30": "-30",
        "+31": "-31",
        "+32": "-32",
        "+33": "-33",
        "+34": "-34",
        "+35": "-35",
        "+36": "-36",
        "+37": "-37",
        "+38": "-38",
        "+39": "-39",
        "+40": "-40",
        "+41": "-41",
        "+42": "-42",
        "+43": "-43",
        "+44": "-44",
        "+45": "-45",
        "+46": "-46",
        "+47": "-47",
        "+48": "-48",
        "+49": "-49",
        "+50": "-50",
        "+51": "-51",
        "+52": "-52",
        "+53": "-53",
        "+54": "-54",
        "+55": "-55",
        "+56": "-56",
        "+57": "-57",
        "+58": "-58",
        "+59": "-59",
        "+60": "-60",
        "+61": "-61",
        "+62": "-62",
        "+63": "-63",
        "+64": "-64",
        "+65": "-65",
        "+66": "-66",
        "+67": "-67",
        "+68": "-68",
        "+69": "-69",
        "+70": "-70",
        "+71": "-71",
        "+72": "-72",
        "+73": "-73",
        "+74": "-74",
        "+75": "-75",
        "+76": "-76",
        "+77": "-77",
        "+78": "-78",
        "+79": "-79",
        "+80": "-80",
        "+81": "-81",
        "+82": "-82",
        "+83": "-83",
        "+84": "-84",
        "+85": "-85",
        "+86": "-86",
        "+87": "-87",
        "+88": "-88"
    },
    "edges": [
        [    0,    0,  932,  357,  821,  613,  740,  353,  549,  690,  858,  590,  653,  439,  192,  358,  564,  608,  563,  973,  952,  471,  373,  247,  594,  170,  236,  696,  423,  637,  591,  833,  398, 1018,  597,  534,  541,  555,  514,  517,  436,  636,  304,  428,  740,  844,  212,  506,  612,  637,  810,  865,  572,  722,  747,  495,  209,  450, 1110,  390,  715,  936,  481,  442,  368,  754,  547,  723,  855,  631,  450,  388,  352,  569, 1020,  764,  227,  383,  579,  402,  245, 1091,  953,  694,  933,  581,  728,  806,  630,  439,  521,  161,  230,  659,  719,  461,  398,  131,  117,  935, 1036,  494,  936,  131,  662,   69,  178,  522,  371,  778,   84,  736,  310,  181,  348,  947,  299,  569,  397,  347,  951,  638,  830,  964,  635,  955,  635,  557,  532,  979,  837,  345,  427,   79,  913,  420,  763,   73,  458,  275,  711,  446,  603,  383,  914,  601,  512,  770,  691,  416,  916,  526,  992,  448,  410,  973,  168,  179,  934,  343,  287,  112,  907,  154,  806,  738,  213,  943,  234,  199,  356,  810,  497,  732, 1019,  522,  393,  200],
        [    0,    0,    0,    0,    0,    0,    0,    0,    0,    0,    0,    0,    0,    0,    0,    0,    0,    0,    0,    0,    0,    0,    0,    0,    0,    0,    0,    0,    0,    0,    0,    0,    0,    0,    0,    0,    0,    0,    0,    0,    0,    0,    0,    0,    0,    0,    0,    0,    0,    0,    0,    0,    0,    0,    0,    0,    0,    0,    0,    0,    0,    0,    0,    0,    0,    0,    0,    0,    0,    0,    0,    0,    0,    0,    0,    0,    0,    0,    0,    0,    0,    0,    0,    0,    0,    0,    0,    0,    0,    0,    0,    0,    0,    0,    0,    0,    0,    0,    0,    0,    0,    0,    0,    0,    0,    0,    0,    0,    0,    0,    0,    0,    0,    0,    0,    0,    0,    0,    0,    0,    0,    0,    0,    0,    0,    0,    0,    0,    0,    0,    0,    0,    0,    0,    0,    0,    0,    0,    0,    0,    0,    0,    0,    0,    0,    0,    0,    0,    0,    0,    0,    0,    0,    0,    0,    0,    0,    0,    0,    0,    0,    0,    0,    0,    0,    0,    0,    0,    0,    0,    0,    0,    0,    0,    0,    0,    0,    0],
        [  932,    0,    0,  576,  348,  858,  693,  653, 1068,  283,  382,  346,  900,  899,  907,  575,  802,  379,  842,  594,  349, 1062,  840,  699, 1047,  832,  697,  329,  652,  310,  351,  389,  889,  582,  343, 1072,  525,  703, 1022,  483,  701,  555,  637,  957,  197,  293,  865,  732,  687,  530,  129,   92,  379,  496,  279,  476,  797,  655,  572,  737,  239,  360, 1038,  694,  744,  266, 1109,  323,   95,  354,  497,  556,  586,  495,  612,  563,  801,  886,  874, 1039,  848,  607,   45,  761,  217,  362,  409,  296,  308,  699,  702,  792,  855,  442,  357,  682,  535,  902,  832,  382,  438,  852,   24,  894,  871,  865,  759,  659,  564,  646,  922,  673,  992,  772,  948,  310,  931,  374,  967,  591,  145,  400,  224,  278,  706,  303,  828, 1084,  909,  626,  280,  650,  759,  874,  175,  611,  456,  932,  654,  660,  460,  813, 1066,  550,  182, 1111,  721,  723,  255,  905,  260,  411,  352,  611,  872,  587,  893,  974,  306, 1018,  983,  913,   72,  973,  485,  413,  774,  576,  904,  786,  679,  170, 1023,  503,  566,  417,  946,  733],
        [  357,    0,  576,    0,  514,  545,  554,  197,  637,  350,  547,  234,  596,  464,  358,   10,  477,  285,  502,  710,  639,  594,  397,  135,  648,  284,  122,  363,  272,  290,  238,  524,  451,  743,  243,  632,  294,  407,  589,  231,  306,  413,   79,  500,  384,  523,  337,  408,  445,  382,  456,  512,  233,  451,  408,  191,  261,  280,  819,  321,  367,  628,  583,  326,  291,  421,  663,  392,  501,  293,  127,   89,   43,  307,  754,  517,  262,  422,  532,  547,  320,  811,  597,  550,  596,  236,  439,  485,  275,  328,  400,  229,  334,  363,  410,  312,   48,  346,  259,  632,  723,  463,  580,  338,  586,  290,  185,  370,   50,  563,  356,  540,  487,  211,  454,  616,  419,  218,  492,   62,  604,  321,  493,  636,  474,  622,  543,  651,  524,  724,  503,  183,  368,  303,  571,  205,  476,  359,  308,   87,  426,  423,  665,   29,  566,  691,  384,  591,  342,  473,  587,  177,  666,  238,  444,  707,  348,  426,  614,  521,  471,  352,  552,  411,  527,  436,  222,  678,  370,  242,  232,  462,  581,  464,  739,  170,  491,  159],
        [  821,    0,  348,  514,    0,  984,  887,  475, 1134,  197,  656,  386, 1033,  956,  870,  508,  917,  230,  952,  880,  132, 1101,  602,  646, 1133,  676,  619,  509,  431,  261,  409,  652,  640,  882,  400, 1131,  291,  822, 1085,  304,  768,  253,  592, 1001,  346,   58,  684,  456,  832,  691,  269,  264,  290,  700,  492,  332,  634,  726,  896,  507,  223,  116, 1086,  451,  781,  131, 1165,  523,  267,  480,  389,  445,  547,  259,  908,  780,  775,  923,  985, 1058,  833,  921,  392,  929,  170,  298,  103,   59,  379,  456,  424,  661,  668,  613,  105,  760,  467,  746,  753,  118,  762,  935,  370,  739, 1012,  765,  681,  388,  476,  859,  782,  868,  774,  641,  964,  626,  932,  425,  998,  491,  239,  550,  127,  163,  858,  623,  966, 1148,  998,  909,  552,  481,  510,  747,  189,  656,  681,  848,  414,  595,  660,  551, 1151,  502,  500, 1185,  822,  923,  244,  650,  128,  352,  676,  675,  620,  873,  724,  799,  123,  791,  772,  763,  397,  913,  727,  628,  735,  855,  883,  633,  486,  199, 1080,  712,  868,  437,  700,  633],
        [  613,    0,  858,  545,  984,    0,  231,  729,  258,  788,  548,  599,   52,  190,  428,  554,   69,  773,   50,  514, 1086,  303,  891,  479,  210,  698,  531,  531,  811,  723,  577,  526,  937,  569,  587,  271,  833,  163,  228,  761,  239,  951,  487,  236,  690,  969,  764,  945,  173,  330,  796,  849,  705,  382,  580,  716,  707,  270,  681,  843,  772, 1081,  270,  862,  274,  860,  306,  536,  837,  523,  654,  633,  503,  839,  554,  349,  398,  239,   43,  334,  369,  638,  850,  142,  994,  691,  939,  937,  613,  863,  941,  635,  774,  416,  893,  235,  576,  713,  521, 1093,  677,  120,  847,  709,   50,  572,  521,  914,  595,  295,  683,  243,  904,  634,  303,  669,  339,  559,  273,  603,  963,  463,  910, 1052,  159,  680,   43,  271,  109,  501,  609,  714,  892,  637,  954,  346,  434,  548,  849,  516,  409,  940,  227,  538,  727,  281,  166,  235,  747,  959, 1008,  646,  686,  318,  939,  518,  742,  784, 1048,  939,  881,  703,  796,  500,  437,  458,  433,  494,  388,  684,  760,  846,  242,  379,  580,  549,  958,  568],
        [  740,    0,  693,  554,  887,  231,    0,  750,  488,  693,  341,  511,  248,  389,  581,  562,  220,  706,  251,  285,  969,  528,  943,  543,  438,  780,  589,  386,  822,  636,  486,  322,  995,  340,  494,  501,  803,  187,  456,  726,  305,  914,  523,  446,  556,  861,  845,  958,  129,  199,  659,  705,  640,  199,  421,  682,  776,  300,  451,  873,  665,  969,  495,  877,  373,  757,  537,  381,  693,  408,  630,  630,  516,  801,  326,  136,  514,  420,  268,  548,  509,  410,  677,   91,  861,  619,  865,  833,  510,  879,  946,  714,  850,  275,  810,  282,  567,  814,  631,  984,  450,  311,  678,  808,  215,  685,  604,  911,  597,   66,  795,   21,  996,  706,  496,  459,  518,  476,  478,  615,  816,  338,  792,  923,  109,  471,  189,  501,  331,  275,  421,  736,  921,  742,  818,  359,  240,  688,  855,  560,  237,  976,  455,  535,  539,  509,  231,   39,  644, 1017,  884,  591,  468,  324,  991,  288,  835,  894,  928, 1032,  975,  809,  625,  661,  225,  281,  533,  264,  547,  753,  785,  719,  469,  190,  350,  486, 1027,  635],
        [  353,    0,  653,  197,  475,  729,  750,    0,  783,  379,  715,  360,  779,  620,  449,  189,  663,  284,  683,  895,  606,  726,  212,  260,  805,  201,  210,  522,   87,  344,  374,  695,  266,  925,  375,  774,  189,  599,  737,  181,  492,  287,  243,  644,  488,  505,  217,  217,  640,  575,  524,  572,  275,  640,  557,  177,  159,  471,  992,  125,  416,  590,  722,  134,  461,  430,  800,  551,  564,  453,  169,  130,  236,  218,  938,  709,  383,  571,  711,  668,  441,  990,  684,  745,  605,  294,  379,  469,  397,  135,  214,  194,  204,  547,  377,  501,  191,  272,  311,  587,  885,  635,  663,  264,  773,  307,  253,  195,  156,  759,  307,  737,  341,  175,  583,  766,  539,  363,  627,  136,  637,  497,  505,  627,  669,  770,  731,  795,  694,  912,  654,   16,  171,  276,  594,  398,  659,  393,  126,  215,  611,  227,  820,  217,  692,  838,  573,  787,  398,  287,  581,  257,  819,  433,  256,  892,  252,  331,  593,  370,  331,  288,  650,  469,  711,  614,  337,  863,  475,  159,   36,  504,  726,  653,  919,  321,  315,  196],
        [  549,    0, 1068,  637, 1134,  258,  488,  783,    0,  946,  793,  766,  251,  178,  363,  646,  285,  908,  245,  771, 1249,   86,  896,  526,   67,  685,  573,  742,  869,  880,  749,  769,  932,  826,  758,   20,  929,  376,   49,  868,  374, 1047,  562,  140,  884, 1130,  744,  991,  411,  556,  988, 1044,  844,  622,  796,  826,  708,  420,  938,  876,  942, 1241,   69,  911,  354, 1021,   50,  754, 1032,  717,  762,  723,  598,  944,  810,  601,  402,  216,  222,  154,  346,  894, 1067,  399, 1175,  836, 1071, 1094,  790,  910,  994,  634,  760,  636, 1034,  389,  680,  674,  499, 1249,  931,  217, 1060,  672,  283,  536,  535,  977,  685,  552,  632,  499,  858,  642,  207,  913,  256,  727,  159,  682, 1156,  669, 1081, 1228,  406,  924,  300,   16,  167,  757,  841,  769,  923,  602, 1139,  481,  676,  477,  909,  576,  644,  959,   64,  642,  957,   56,  349,  490,  915,  952, 1180,  783,  935,  468,  940,  775,  709,  726, 1216,  891,  835,  658, 1012,  400,  686,  692,  447,  751,  325,  688,  806, 1026,   58,  623,  837,  703,  937,  592],
        [  690,    0,  283,  350,  197,  788,  693,  379,  946,    0,  489,  190,  837,  768,  707,  346,  721,   97,  757,  710,  303,  918,  559,  484,  942,  570,  467,  322,  370,   67,  213,  480,  607,  718,  203,  944,  244,  626,  897,  203,  576,  292,  425,  816,  178,  185,  595,  452,  635,  496,  157,  196,  119,  510,  315,  204,  531,  533,  749,  455,   50,  296,  901,  411,  595,   75,  979,  340,  189,  286,  241,  302,  376,  216,  742,  591,  607,  739,  790,  880,  662,  766,  320,  733,  246,  116,  182,  150,  183,  416,  424,  539,  582,  419,  123,  567,  303,  641,  605,  306,  620,  743,  297,  633,  815,  628,  531,  380,  323,  668,  667,  674,  714,  517,  786,  485,  758,  229,  817,  345,  262,  356,  144,  288,  661,  484,  769,  961,  805,  736,  392,  378,  477,  624,  224,  466,  497,  705,  372,  436,  470,  531,  960,  332,  374,  996,  627,  729,   54,  623,  240,  175,  538,  483,  590,  703,  627,  707,  271,  739,  707,  654,  297,  760,  545,  443,  570,  682,  715,  524,  402,  125,  894,  523,  707,  245,  664,  492],
        [  858,    0,  382,  547,  656,  548,  341,  715,  793,  489,    0,  367,  578,  651,  757,  552,  509,  545,  549,  225,  705,  812,  927,  615,  755,  828,  641,  195,  759,  456,  347,   27,  981,  230,  349,  802,  684,  422,  753,  611,  481,  768,  565,  714,  314,  615,  883,  881,  383,  251,  392,  420,  496,  172,  176,  578,  807,  443,  278,  833,  445,  711,  782,  814,  547,  531,  840,  167,  411,  263,  553,  586,  529,  668,  254,  206,  659,  660,  576,  812,  685,  283,  356,  424,  581,  470,  669,  598,  340,  818,  860,  768,  880,  201,  609,  454,  531,  884,  743,  730,  179,  584,  363,  876,  546,  791,  686,  817,  569,  283,  884,  322, 1033,  752,  734,  121,  737,  355,  736,  596,  520,  227,  539,  645,  391,  133,  510,  808,  627,  254,  107,  705,  873,  828,  536,  445,  118,  829,  780,  601,  160,  932,  773,  519,  208,  825,  458,  362,  435, 1002,  614,  475,  146,  423,  970,  218,  892,  966,  661, 1067, 1017,  887,  310,  837,  117,  122,  654,  200,  737,  788,  750,  462,  761,  171,  219,  395, 1028,  689],
        [  590,    0,  346,  234,  386,  599,  511,  360,  766,  190,  367,    0,  647,  589,  563,  234,  533,  198,  569,  570,  489,  745,  569,  353,  758,  508,  354,  175,  394,  127,   26,  351,  622,  590,   19,  766,  320,  437,  717,  246,  393,  416,  292,  641,  152,  371,  552,  514,  446,  313,  235,  294,  136,  341,  199,  211,  478,  348,  644,  471,  177,  483,  725,  448,  420,  262,  802,  201,  281,  114,  192,  237,  241,  308,  609,  421,  458,  565,  602,  713,  508,  649,  365,  546,  410,  112,  354,  339,   42,  452,  493,  460,  545,  245,  301,  381,  198,  574,  487,  495,  530,  558,  348,  566,  626,  522,  415,  451,  233,  493,  588,  493,  694,  440,  619,  408,  597,   40,  645,  262,  398,  181,  317,  462,  473,  412,  580,  781,  620,  593,  296,  351,  508,  537,  375,  287,  340,  587,  414,  316,  303,  567,  776,  207,  338,  815,  439,  548,  151,  642,  416,  108,  461,  299,  610,  565,  572,  652,  453,  725,  681,  583,  318,  627,  392,  287,  429,  540,  563,  463,  393,  262,  715,  354,  582,   72,  673,  393],
        [  653,    0,  900,  596, 1033,   52,  248,  779,  251,  837,  578,  647,    0,  221,  466,  605,  120,  823,   98,  525, 1133,  309,  940,  528,  195,  744,  580,  573,  862,  772,  625,  557,  985,  580,  635,  267,  884,  211,  231,  812,  290, 1002,  537,  258,  735, 1017,  810,  996,  213,  371,  841,  893,  755,  416,  621,  767,  754,  321,  692,  893,  820, 1129,  276,  913,  322,  909,  300,  577,  881,  569,  706,  684,  554,  890,  563,  375,  443,  274,   75,  349,  410,  647,  890,  158, 1040,  741,  989,  985,  661,  913,  991,  682,  820,  458,  942,  286,  627,  757,  565, 1141,  698,  160,  887,  753,   34,  615,  568,  965,  646,  313,  725,  263,  948,  681,  331,  699,  371,  608,  295,  654, 1007,  507,  957, 1099,  195,  710,   72,  263,  130,  510,  645,  764,  942,  681,  999,  397,  466,  587,  900,  566,  446,  989,  210,  589,  763,  265,  217,  244,  796, 1007, 1055,  697,  712,  369,  987,  530,  786,  827, 1096,  983,  925,  746,  836,  534,  465,  495,  479,  507,  424,  731,  810,  892,  247,  412,  592,  599, 1004,  616],
        [  439,    0,  899,  464,  956,  190,  389,  620,  178,  768,  651,  589,  221,    0,  249,  472,  170,  731,  147,  669, 1071,  165,  754,  361,  186,  548,  411,  577,  706,  702,  573,  626,  795,  722,  583,  177,  757,  232,  129,  693,  200,  875,  390,   63,  712,  952,  612,  833,  281,  404,  814,  871,  667,  480,  633,  651,  565,  246,  831,  722,  765, 1063,  139,  751,  176,  843,  213,  592,  858,  546,  587,  550,  423,  770,  712,  476,  248,   57,  150,  163,  202,  794,  900,  311,  999,  659,  894,  917,  615,  751,  834,  491,  625,  478,  857,  218,  505,  551,  362, 1071,  805,   78,  892,  548,  237,  408,  382,  814,  512,  447,  515,  394,  741,  494,  113,  768,  151,  551,   90,  512,  981,  503,  904, 1051,  287,  779,  224,  193,   94,  662,  687,  606,  770,  475,  963,  303,  534,  370,  746,  408,  495,  811,  202,  466,  799,  230,  194,  404,  738,  816, 1003,  605,  796,  293,  800,  671,  583,  616, 1039,  776,  719,  538,  846,  314,  554,  541,  291,  644,  207,  543,  646,  850,  126,  483,  730,  525,  807,  437],
        [  192,    0,  907,  358,  870,  428,  581,  449,  363,  707,  757,  563,  466,  249,    0,  364,  386,  642,  380,  837,  997,  291,  535,  224,  404,  324,  254,  624,  532,  645,  556,  731,  570,  885,  564,  350,  619,  396,  326,  574,  289,  730,  282,  238,  710,  881,  382,  642,  455,  515,  797,  855,  590,  602,  680,  540,  349,  318,  986,  525,  719,  984,  296,  566,  218,  779,  368,  647,  843,  569,  481,  426,  332,  641,  883,  628,  107,  193,  392,  226,   75,  959,  920,  523,  952,  592,  789,  843,  600,  565,  650,  278,  397,  558,  766,  316,  406,  312,  142,  987,  930,  308,  906,  310,  477,  173,  198,  640,  394,  627,  272,  580,  499,  288,  159,  860,  109,  533,  208,  381,  955,  555,  850,  994,  473,  869,  454,  373,  342,  837,  758,  436,  570,  239,  925,  317,  649,  122,  572,  275,  600,  601,  415,  376,  853,  417,  351,  607,  693,  590,  945,  533,  899,  335,  578,  837,  347,  370,  972,  533,  476,  296,  869,   82,  685,  636,  138,  808,   43,  331,  465,  814,  310,  610,  889,  492,  574,  254],
        [  358,    0,  575,   10,  508,  554,  562,  189,  646,  346,  552,  234,  605,  472,  364,    0,  486,  279,  511,  716,  633,  602,  390,  140,  657,  281,  124,  366,  263,  287,  239,  529,  443,  749,  244,  640,  286,  416,  597,  223,  315,  404,   86,  508,  384,  517,  332,  399,  454,  389,  454,  510,  228,  458,  411,  183,  256,  289,  824,  312,  363,  621,  591,  317,  300,  416,  671,  395,  499,  296,  120,   80,   52,  299,  760,  524,  268,  430,  541,  554,  327,  817,  596,  559,  592,  232,  432,  480,  275,  319,  391,  227,  329,  369,  404,  321,   43,  343,  262,  625,  727,  472,  579,  335,  595,  291,  187,  361,   41,  571,  355,  549,  482,  208,  462,  620,  426,  220,  500,   54,  601,  326,  489,  631,  483,  626,  552,  659,  533,  731,  507,  175,  360,  303,  567,  214,  482,  362,  299,   91,  432,  415,  673,   33,  568,  699,  393,  599,  338,  465,  582,  174,  670,  247,  437,  713,  345,  423,  608,  516,  466,  350,  552,  415,  533,  442,  228,  684,  376,  238,  224,  459,  589,  471,  745,  172,  484,  159],
        [  564,    0,  802,  477,  917,   69,  220,  663,  285,  721,  509,  533,  120,  170,  386,  486,    0,  705,   41,  502, 1020,  313,  829,  416,  250,  640,  468,  474,  744,  656,  511,  485,  876,  556,  521,  294,  764,  100,  246,  692,  172,  882,  421,  227,  629,  904,  706,  879,  127,  277,  735,  789,  637,  339,  525,  647,  646,  201,  667,  778,  707, 1016,  280,  796,  212,  794,  332,  481,  776,  461,  586,  565,  435,  770,  545,  318,  344,  207,   73,  329,  321,  628,  796,  143,  931,  623,  871,  871,  549,  797,  874,  576,  715,  362,  825,  167,  508,  659,  467, 1027,  650,   92,  791,  654,  111,  519,  461,  846,  526,  279,  631,  226,  848,  573,  280,  629,  308,  493,  260,  535,  902,  404,  846,  988,  124,  640,   72,  299,  119,  494,  561,  648,  827,  583,  892,  277,  392,  503,  782,  450,  362,  875,  268,  469,  678,  318,   97,  235,  682,  898,  944,  578,  650,  249,  877,  505,  686,  732,  984,  884,  826,  649,  741,  462,  402,  410,  375,  479,  348,  623,  694,  782,  256,  339,  565,  481,  898,  506],
        [  608,    0,  379,  285,  230,  773,  706,  284,  908,   97,  545,  198,  823,  731,  642,  279,  705,    0,  737,  759,  355,  873,  462,  418,  910,  479,  394,  361,  274,   91,  223,  532,  510,  774,  216,  904,  152,  614,  859,  106,  547,  224,  363,  774,  250,  240,  500,  361,  632,  508,  251,  293,   68,  537,  369,  113,  439,  508,  814,  359,  141,  343,  858,  316,  555,  148,  938,  385,  286,  310,  163,  222,  318,  128,  795,  618,  546,  696,  770,  829,  604,  827,  415,  735,  326,   87,  167,  202,  211,  321,  334,  452,  488,  442,  127,  543,  238,  550,  530,  347,  691,  714,  392,  542,  805,  548,  457,  290,  249,  690,  579,  688,  617,  431,  735,  558,  703,  230,  770,  267,  354,  378,  224,  358,  660,  558,  759,  922,  777,  783,  456,  285,  381,  538,  311,  435,  533,  628,  276,  367,  499,  436,  928,  272,  456,  960,  608,  743,  131,  527,  309,  128,  612,  458,  494,  753,  535,  614,  331,  642,  610,  564,  389,  689,  584,  480,  506,  729,  654,  433,  306,  221,  853,  551,  763,  226,  568,  413],
        [  563,    0,  842,  502,  952,   50,  251,  683,  245,  757,  549,  569,   98,  147,  380,  511,   41,  737,    0,  535, 1057,  278,  843,  431,  209,  649,  483,  514,  766,  692,  548,  525,  888,  589,  558,  256,  791,  140,  209,  721,  196,  910,  441,  199,  668,  940,  714,  899,  167,  318,  774,  828,  670,  379,  565,  676,  657,  231,  700,  796,  744, 1052,  245,  816,  225,  830,  293,  522,  815,  500,  614,  590,  459,  799,  576,  356,  348,  192,   34,  300,  319,  660,  836,  167,  969,  657,  903,  906,  586,  817,  895,  586,  724,  402,  859,  196,  534,  663,  471, 1062,  687,   73,  832,  659,  100,  522,  471,  869,  551,  313,  633,  260,  854,  585,  260,  669,  293,  529,  234,  559,  941,  444,  883, 1026,  161,  680,   77,  260,   82,  525,  602,  668,  845,  587,  930,  306,  432,  499,  804,  469,  402,  892,  227,  496,  719,  278,  131,  261,  719,  910,  981,  610,  690,  280,  890,  538,  692,  734, 1020,  889,  831,  653,  782,  452,  441,  451,  383,  512,  340,  634,  713,  820,  220,  378,  599,  515,  908,  519],
        [  973,    0,  594,  710,  880,  514,  285,  895,  771,  710,  225,  570,  525,  669,  837,  716,  502,  759,  535,    0,  927,  812, 1104,  745,  719,  977,  783,  398,  950,  672,  548,  230, 1158,   56,  552,  784,  890,  448,  741,  815,  549,  982,  708,  728,  537,  839, 1037, 1078,  392,  340,  616,  642,  704,  260,  395,  778,  963,  526,  168, 1018,  668,  933,  779, 1006,  620,  755,  820,  375,  633,  458,  743,  766,  682,  877,   47,  210,  754,  695,  552,  830,  763,  126,  562,  373,  801,  679,  890,  822,  549, 1009, 1059,  913, 1038,  349,  831,  521,  705, 1024,  858,  953,  208,  592,  573, 1017,  492,  911,  814, 1019,  741,  223, 1015,  276, 1190,  900,  772,  290,  789,  550,  759,  766,  737,  401,  763,  864,  383,  300,  472,  784,  615,   33,  330,  883, 1061,  959,  756,  558,  237,  931,  975,  746,  285, 1119,  734,  685,  414,  789,  493,  282,  656, 1180,  836,  675,  267,  527, 1150,    9, 1038, 1106,  883, 1225, 1172, 1023,  523,  919,  185,  285,  761,   33,  808,  942,  931,  686,  753,  248,   69,  582, 1200,  831],
        [  952,    0,  349,  639,  132, 1086,  969,  606, 1249,  303,  705,  489, 1133, 1071,  997,  633, 1020,  355, 1057,  927,    0, 1220,  726,  773, 1244,  807,  747,  584,  560,  370,  509,  705,  761,  921,  500, 1247,  421,  923, 1200,  435,  879,  370,  717, 1119,  414,  119,  814,  573,  927,  779,  317,  286,  410,  776,  556,  461,  765,  835,  919,  633,  314,   22, 1204,  576,  897,  229, 1282,  593,  295,  569,  517,  574,  670,  390,  950,  853,  900, 1041, 1090, 1180,  958,  952,  391, 1020,  132,  415,  230,  156,  473,  581,  542,  793,  797,  696,  234,  869,  592,  877,  883,   42,  785, 1045,  372,  870, 1111,  896,  810,  509,  603,  935,  913,  950,  899,  772, 1086,  654, 1055,  528, 1118,  620,  209,  636,  178,   78,  951,  648, 1064, 1264, 1107,  958,  599,  612,  633,  878,  175,  769,  749,  978,  540,  722,  736,  671, 1262,  625,  524, 1299,  927, 1004,  339,  770,   92,  471,  698,  785,  740,  920,  855,  929,   45,  915,  898,  894,  413, 1042,  790,  698,  861,  905, 1008,  764,  616,  251, 1196,  786,  906,  547,  820,  763],
        [  471,    0, 1062,  594, 1101,  303,  528,  726,   86,  918,  812,  745,  309,  165,  291,  602,  313,  873,  278,  812, 1220,    0,  826,  475,  149,  614,  518,  741,  811,  852,  730,  787,  860,  867,  739,   68,  881,  391,   80,  824,  361,  997,  517,  106,  872, 1101,  671,  928,  435,  567,  973, 1031,  812,  641,  797,  784,  640,  407,  978,  812,  918, 1211,   34,  850,  326,  993,   78,  756, 1018,  708,  721,  677,  557,  898,  854,  630,  345,  180,  263,   70,  286,  937, 1064,  442, 1154,  806, 1032, 1065,  773,  849,  934,  567,  687,  642,  999,  381,  639,  598,  431, 1217,  960,  229, 1055,  597,  338,  463,  474,  920,  640,  590,  554,  537,  780,  576,  144,  930,  189,  708,  103,  634, 1140,  667, 1057, 1204,  436,  941,  344,   90,  198,  802,  850,  712,  858,  528, 1120,  459,  695,  399,  851,  526,  658,  892,  150,  602,  963,  132,  357,  536,  892,  879, 1156,  750,  956,  452,  868,  816,  634,  647, 1189,  812,  757,  581, 1009,  320,  711,  704,  391,  790,  256,  620,  746, 1007,   63,  643,  876,  678,  861,  532],
        [  373,    0,  840,  397,  602,  891,  943,  212,  896,  559,  927,  569,  940,  754,  535,  390,  829,  462,  843, 1104,  726,  826,    0,  414,  930,  212,  363,  734,  189,  537,  585,  906,   54, 1135,  585,  884,  323,  780,  855,  358,  663,  358,  421,  763,  690,  645,  161,  166,  826,  778,  712,  754,  471,  847,  767,  372,  190,  652, 1203,  104,  602,  706,  830,  153,  619,  594,  903,  763,  747,  664,  378,  342,  431,  356, 1148,  914,  507,  699,  867,  760,  555, 1201,  875,  928,  756,  493,  500,  613,  606,  148,  194,  264,  143,  756,  521,  678,  400,  245,  397,  697, 1097,  785,  853,  243,  938,  364,  374,  219,  363,  958,  293,  932,  175,  261,  690,  976,  641,  574,  738,  339,  802,  708,  664,  764,  854,  980,  900,  906,  838, 1120,  865,  223,   94,  302,  754,  585,  869,  438,  192,  386,  820,   78,  943,  421,  897,  950,  748,  980,  588,   76,  723,  464, 1029,  621,   49, 1101,  207,  247,  724,  190,  178,  265,  846,  523,  920,  825,  465, 1072,  572,  212,  177,  680,  841,  860, 1130,  533,  107,  324],
        [  247,    0,  699,  135,  646,  479,  543,  260,  526,  484,  615,  353,  528,  361,  224,  140,  416,  418,  431,  745,  773,  475,  414,    0,  546,  238,   53,  449,  346,  423,  351,  590,  462,  786,  358,  518,  407,  369,  480,  354,  250,  523,   62,  387,  504,  657,  303,  473,  420,  406,  583,  641,  367,  488,  501,  318,  235,  244,  873,  366,  499,  761,  467,  391,  207,  556,  547,  476,  629,  384,  257,  206,  113,  426,  791,  539,  132,  313,  458,  422,  192,  857,  717,  517,  730,  369,  568,  619,  392,  391,  474,  172,  309,  416,  542,  267,  182,  279,  136,  764,  793,  378,  701,  272,  525,  179,   72,  453,  172,  567,  272,  534,  454,  164,  332,  700,  292,  329,  374,  161,  736,  392,  627,  770,  446,  708,  486,  539,  435,  754,  591,  245,  415,  216,  704,  190,  524,  235,  385,   53,  473,  461,  561,  154,  669,  581,  335,  577,  473,  484,  721,  311,  746,  223,  462,  744,  296,  361,  748,  490,  434,  278,  669,  278,  570,  495,   89,  714,  238,  212,  286,  594,  469,  499,  785,  283,  488,   94],
        [  594,    0, 1047,  648, 1133,  210,  438,  805,   67,  942,  755,  758,  195,  186,  404,  657,  250,  910,  209,  719, 1244,  149,  930,  546,    0,  721,  595,  719,  891,  875,  739,  732,  969,  774,  749,   86,  942,  347,   81,  877,  366, 1060,  576,  169,  868, 1126,  783, 1016,  375,  526,  973, 1029,  845,  586,  772,  835,  741,  410,  886,  904,  934, 1237,  123,  935,  359, 1016,  110,  729, 1016,  700,  771,  735,  607,  954,  757,  558,  428,  235,  180,  211,  376,  841, 1043,  348, 1164,  835, 1075, 1091,  779,  935, 1018,  667,  797,  609, 1035,  377,  688,  715,  534, 1247,  886,  200, 1038,  713,  228,  575,  563,  999,  697,  503,  675,  452,  903,  673,  246,  876,  296,  719,  198,  697, 1141,  648, 1074, 1219,  365,  887,  251,   73,  140,  704,  810,  790,  951,  642, 1127,  477,  639,  522,  931,  594,  611,  991,   19,  649,  927,   71,  327,  438,  908,  989, 1173,  783,  894,  460,  975,  723,  750,  772, 1210,  936,  880,  700,  988,  450,  645,  659,  473,  700,  364,  720,  830, 1015,   99,  585,  785,  698,  977,  619],
        [  170,    0,  832,  284,  676,  698,  780,  201,  685,  570,  828,  508,  744,  548,  324,  281,  640,  479,  649,  977,  807,  614,  212,  238,  721,    0,  196,  646,  260,  526,  516,  805,  248, 1015,  520,  672,  388,  604,  645,  379,  483,  474,  270,  553,  653,  705,   66,  337,  656,  639,  706,  757,  457,  718,  691,  367,   43,  481, 1096,  220,  602,  790,  618,  273,  429,  626,  691,  675,  748,  576,  336,  278,  300,  418, 1022,  774,  304,  493,  671,  548,  348, 1085,  860,  751,  803,  472,  579,  669,  549,  270,  352,   67,   77,  638,  578,  503,  311,   72,  188,  787, 1005,  587,  840,   64,  746,  152,  180,  354,  276,  805,  108,  772,  216,   78,  479,  900,  429,  499,  527,  247,  831,  602,  701,  827,  683,  906,  712,  695,  635,  988,  787,  197,  258,   93,  789,  427,  749,  229,  292,  232,  698,  281,  733,  313,  846,  739,  567,  814,  581,  269,  781,  423,  950,  461,  255,  975,   64,  144,  794,  252,  197,   87,  820,  314,  798,  714,  266,  945,  361,   47,  195,  694,  630,  730, 1013,  451,  260,  147],
        [  236,    0,  697,  122,  619,  531,  589,  210,  573,  467,  641,  354,  580,  411,  254,  124,  468,  394,  483,  783,  747,  518,  363,   53,  595,  196,    0,  467,  296,  409,  355,  617,  411,  821,  361,  565,  367,  419,  527,  320,  301,  481,   77,  434,  505,  633,  258,  423,  468,  444,  577,  633,  348,  523,  517,  288,  188,  292,  905,  314,  486,  734,  513,  341,  259,  536,  592,  495,  622,  400,  231,  174,  118,  388,  828,  579,  174,  361,  510,  463,  233,  892,  718,  567,  713,  354,  536,  595,  394,  341,  424,  131,  262,  447,  515,  317,  166,  244,  139,  736,  819,  430,  701,  237,  577,  169,   64,  405,  146,  611,  245,  579,  411,  119,  375,  721,  333,  334,  419,  128,  724,  416,  609,  750,  495,  728,  538,  586,  487,  793,  609,  196,  363,  190,  689,  232,  557,  239,  336,   41,  505,  409,  610,  148,  681,  628,  386,  624,  462,  433,  701,  296,  769,  267,  411,  781,  256,  327,  725,  447,  391,  246,  672,  296,  605,  524,  128,  751,  274,  165,  236,  582,  516,  535,  820,  287,  439,   49],
        [  696,    0,  329,  363,  509,  531,  386,  522,  742,  322,  195,  175,  573,  577,  624,  366,  474,  361,  514,  398,  584,  741,  734,  449,  719,  646,  467,    0,  565,  276,  153,  177,  788,  417,  156,  747,  494,  374,  696,  420,  382,  584,  393,  636,  171,  478,  698,  688,  360,  204,  274,  323,  306,  193,   57,  385,  622,  337,  472,  639,  286,  585,  715,  620,  434,  379,  784,   30,  310,   71,  358,  394,  351,  479,  436,  272,  519,  569,  546,  724,  556,  475,  325,  443,  476,  281,  502,  453,  151,  624,  667,  589,  694,  116,  444,  360,  342,  706,  583,  600,  364,  526,  319,  698,  546,  627,  519,  625,  379,  352,  712,  366,  846,  572,  637,  255,  627,  161,  650,  407,  436,   74,  407,  538,  381,  261,  502,  757,  581,  422,  143,  513,  679,  656,  433,  308,  176,  677,  587,  427,  152,  738,  738,  334,  230,  784,  394,  420,  269,  808,  498,  281,  304,  300,  777,  393,  710,  787,  543,  879,  831,  711,  270,  699,  225,  122,  503,  369,  612,  604,  557,  334,  699,  204,  408,  202,  836,  513],
        [  423,    0,  652,  272,  431,  811,  822,   87,  869,  370,  759,  394,  862,  706,  532,  263,  744,  274,  766,  950,  560,  811,  189,  346,  891,  260,  296,  565,    0,  350,  413,  741,  238,  976,  412,  860,  142,  678,  823,  170,  573,  215,  325,  730,  505,  469,  255,  137,  716,  640,  524,  566,  285,  699,  593,  188,  217,  550, 1036,   85,  414,  542,  808,   57,  545,  408,  886,  593,  559,  497,  208,  192,  313,  175,  991,  772,  468,  657,  795,  753,  526, 1038,  687,  821,  576,  309,  330,  435,  428,   60,  130,  268,  238,  604,  342,  582,  255,  325,  393,  536,  924,  720,  665,  319,  854,  384,  338,  109,  226,  826,  367,  807,  349,  251,  669,  799,  624,  405,  713,  211,  617,  549,  480,  590,  745,  802,  812,  881,  778,  968,  689,  101,  115,  345,  571,  476,  713,  469,   40,  300,  668,  174,  906,  287,  713,  924,  654,  859,  400,  256,  546,  287,  853,  509,  223,  946,  299,  370,  553,  371,  344,  344,  658,  548,  766,  666,  422,  918,  560,  224,   69,  493,  812,  712,  969,  369,  295,  281],
        [  637,    0,  310,  290,  261,  723,  636,  344,  880,   67,  456,  127,  772,  702,  645,  287,  656,   91,  692,  672,  370,  852,  537,  423,  875,  526,  409,  276,  350,    0,  151,  444,  587,  685,  142,  878,  240,  562,  831,  181,  510,  313,  363,  750,  160,  251,  556,  448,  573,  438,  181,  232,   70,  459,  280,  168,  489,  467,  724,  434,   78,  363,  835,  397,  528,  142,  913,  298,  223,  231,  191,  252,  313,  218,  707,  540,  543,  673,  725,  815,  598,  737,  341,  672,  308,   56,  230,  216,  129,  401,  422,  490,  546,  365,  175,  501,  244,  596,  548,  372,  600,  677,  320,  588,  752,  573,  473,  378,  267,  614,  620,  617,  684,  469,  721,  467,  693,  165,  751,  291,  315,  301,  207,  353,  599,  468,  705,  894,  739,  697,  366,  341,  462,  573,  281,  400,  450,  648,  358,  377,  420,  518,  893,  270,  368,  930,  561,  673,   56,  605,  305,  113,  522,  417,  572,  666,  585,  666,  338,  711,  674,  608,  309,  700,  500,  396,  507,  643,  651,  479,  371,  174,  827,  472,  674,  178,  643,  438],
        [  591,    0,  351,  238,  409,  577,  486,  374,  749,  213,  347,   26,  625,  573,  556,  239,  511,  223,  548,  548,  509,  730,  585,  351,  739,  516,  355,  153,  413,  151,    0,  330,  639,  568,   10,  749,  343,  415,  700,  268,  375,  441,  290,  625,  155,  393,  562,  535,  423,  288,  246,  304,  160,  316,  183,  232,  487,  330,  624,  489,  196,  505,  709,  467,  405,  284,  785,  181,  292,   90,  208,  249,  240,  332,  586,  396,  450,  550,  582,  699,  499,  628,  367,  522,  427,  137,  379,  361,   45,  471,  514,  465,  556,  220,  326,  363,  206,  581,  486,  516,  513,  539,  352,  573,  604,  522,  414,  473,  242,  468,  593,  468,  706,  446,  606,  393,  585,   24,  631,  270,  411,  156,  336,  481,  449,  397,  557,  764,  601,  569,  280,  366,  527,  540,  391,  271,  316,  585,  434,  316,  278,  586,  757,  210,  330,  797,  418,  523,  171,  659,  435,  129,  445,  281,  627,  543,  580,  659,  473,  737,  692,  588,  319,  622,  368,  264,  423,  517,  554,  472,  408,  278,  699,  329,  560,   69,  688,  396],
        [  833,    0,  389,  524,  652,  526,  322,  695,  769,  480,   27,  351,  557,  626,  731,  529,  485,  532,  525,  230,  705,  787,  906,  590,  732,  805,  617,  177,  741,  444,  330,    0,  960,  242,  332,  778,  669,  397,  729,  595,  455,  756,  541,  688,  307,  612,  860,  864,  359,  225,  390,  422,  481,  147,  165,  561,  784,  417,  297,  814,  438,  710,  758,  796,  521,  525,  816,  150,  412,  244,  534,  565,  505,  653,  263,  187,  633,  634,  553,  786,  658,  299,  365,  403,  583,  455,  661,  594,  325,  799,  843,  744,  858,  175,  601,  428,  510,  860,  717,  728,  204,  560,  371,  852,  525,  766,  661,  801,  547,  266,  860,  303, 1011,  729,  709,  144,  711,  336,  710,  574,  525,  204,  536,  647,  368,  156,  488,  784,  603,  258,  110,  684,  854,  804,  538,  419,   94,  804,  763,  577,  134,  913,  750,  496,  220,  802,  432,  346,  426,  981,  615,  458,  172,  397,  950,  224,  868,  942,  662, 1044,  994,  863,  318,  811,  100,   96,  628,  204,  711,  765,  730,  459,  736,  147,  232,  375, 1007,  665],
        [  398,    0,  889,  451,  640,  937,  995,  266,  932,  607,  981,  622,  985,  795,  570,  443,  876,  510,  888, 1158,  761,  860,   54,  462,  969,  248,  411,  788,  238,  587,  639,  960,    0, 1189,  639,  919,  368,  829,  892,  408,  712,  392,  472,  801,  742,  685,  189,  191,  877,  831,  761,  802,  522,  900,  821,  423,  232,  701, 1257,  154,  651,  741,  865,  197,  665,  639,  937,  817,  795,  718,  432,  396,  483,  400, 1201,  967,  548,  740,  912,  793,  595, 1255,  924,  977,  798,  545,  539,  655,  659,  192,  221,  305,  173,  810,  563,  727,  454,  268,  435,  731, 1150,  829,  902,  267,  984,  397,  418,  253,  417, 1010,  316,  983,  154,  304,  726, 1030,  676,  628,  775,  392,  846,  762,  708,  803,  904, 1033,  947,  942,  880, 1173,  918,  277,  133,  333,  797,  636,  922,  466,  237,  436,  874,   92,  981,  475,  949,  986,  796, 1031,  638,   23,  763,  517, 1083,  672,   22, 1155,  230,  253,  762,  159,  164,  287,  896,  551,  974,  879,  508, 1126,  608,  254,  231,  727,  877,  913, 1184,  587,   60,  370],
        [ 1018,    0,  582,  743,  882,  569,  340,  925,  826,  718,  230,  590,  580,  722,  885,  749,  556,  774,  589,   56,  921,  867, 1135,  786,  774, 1015,  821,  417,  976,  685,  568,  242, 1189,    0,  572,  839,  910,  500,  795,  836,  597,  997,  746,  782,  543,  838, 1074, 1102,  444,  382,  615,  636,  722,  299,  406,  800,  999,  572,  113, 1046,  675,  929,  834, 1032,  668,  759,  875,  391,  628,  480,  768,  795,  718,  895,   33,  258,  800,  747,  607,  884,  811,   74,  547,  428,  793,  697,  898,  823,  566, 1035, 1082,  951, 1074,  380,  839,  569,  736, 1064,  902,  949,  170,  646,  560, 1056,  547,  954,  856, 1041,  772,  277, 1056,  330, 1227,  938,  824,  273,  840,  573,  812,  798,  725,  429,  762,  856,  436,  281,  527,  839,  670,   77,  330,  913, 1088, 1000,  748,  600,  268,  977, 1000,  784,  318, 1147,  789,  717,  401,  844,  544,  337,  665, 1211,  830,  696,  240,  570, 1180,   52, 1076, 1146,  877, 1261, 1209, 1063,  512,  967,  218,  311,  806,   79,  857,  978,  960,  685,  808,  287,   19,  607, 1233,  870],
