{
    "name": "random-84-28148",
    "comment": "size=84 seed=28148",
    "nodes": ["+0", "-0", "+1", "-1", "+2", "-2", "+3", "-3", "+4", "-4", "+5", "-5", "+6", "-6", "+7", "-7", "+8", "-8", "+9", "-9", "+10", "-10", "+11", "-11", "+12", "-12", "+13", "-13", "+14", "-14", "+15", "-15", "+16", "-16", "+17", "-17", "+18", "-18", "+19", "-19", "+20", "-20", "+21", "-21", "+22", "-22", "+23", "-23", "+24", "-24", "+25", "-25", "+26", "-26", "+27", "-27", "+28", "-28", "+29", "-29", "+30", "-30", "+31", "-31", "+32", "-32", "+33", "-33", "+34", "-34", "+35", "-35", "+36", "-36", "+37", "-37", "+38", "-38", "+39", "-39", "+40", "-40", "+41", "-41", "+42", "-42", "+43", "-43", "+44", "-44", "+45", "-45", "+46", "-46", "+47", "-47", "+48", "-48", "+49", "-49", "+50", "-50", "+51", "-51", "+52", "-52", "+53", "-53", "+54", "-54", "+55", "-55", "+56", "-56", "+57", "-57", "+58", "-58", "+59", "-59", "+60", "-60", "+61", "-61", "+62", "-62", "+63", "-63", "+64", "-64", "+65", "-65", "+66", "-66", "+67", "-67", "+68", "-68", "+69", "-69", "+70", "-70", "+71", "-71", "+72", "-72", "+73", "-73", "+74", "-74", "+75", "-75", "+76", "-76", "+77", "-77", "+78", "-78", "+79", "-79", "+80", "-80", "+81", "-81", "+82", "-82", "+83", "-83", "+84", "-84"],
    "precedence": {
        "+0": "-0",
        "+1": "-1",
        "+2": "-2",
        "+3": "-3",
        "+4": "-4",
        "+5": "-5",
        "+6": "-6",
        "+7": "-7",
        "+8": "-8",
        "+9": "-9",
        "+10": "-10",
        "+11": "-11",
        "+12": "-12",
        "+13": "-13",
        "+14": "-14",
        "+15": "-15",
        "+16": "-16",
        "+17": "-17",
        "+18": "-18",
        "+19": "-19",
        "+20": "-20",
        "+21": "-21",
        "+22": "-22",
        "+23": "-23",
        "+24": "-24",
        "+25": "-25",
        "+26": "-26",
        "+27": "-27",
        "+28": "-28",
        "+29": "-29",
        "+30": "-30",
        "+31": "-31",
        "+32": "-32",
        "+33": "-33",
        "+34": "-34",
        "+35": "-35",
        "+36": "-36",
        "+37": "-37",
        "+38": "-38",
        "+39": "-39",
        "+40": "-40",
        "+41": "-41",
        "+42": "-42",
        "+43": "-43",
        "+44": "-44",
        "+45": "-45",
        "+46": "-46",
        "+47": "-47",
        "+48": "-48",
        "+49": "-49",
        "+50": "-50",
        "+51": "-51",
        "+52": "-52",
        "+53": "-53",
        "+54": "-54",
        "+55": "-55",
        "+56": "-56",
        "+57": "-57",
        "+58": "-58",
        "+59": "-59",
        "+60": "-60",
        "+61": "-61",
        "+62": "-62",
        "+63": "-63",
        "+64": "-64",
        "+65": "-65",
        "+66": "-66",
        "+67": "-67",
        "+68": "-68",
        "+69": "-69",
        "+70": "-70",
        "+71": "-71",
        "+72": "-72",
        "+73": "-73",
        "+74": "-74",
        "+75": "-75",
        "+76": "-76",
        "+77": "-77",
        "+78": "-78",
        "+79": "-79",
        "+80": "-80",
        "+81": "-81",
        "+82": "-82",
        "+83": "-83",
        "+84": "-84"
    },
    "edges": [
        [    0,    0,  250,  741,  837,  380,   57,  553,  709,  469,  548,  607,  279,  295,  400,  219,  537,  657,  348,  316,  641,  574,  617,  366,  579,  385,  573,   42,  412,  503,  253,  423,  480,  488,  306,  524,  430,  450,  449,   46,  398,  121,  640,  450,  342,  170,  336,  265,  625,  146,  496,  426,  127,  722,  267,  624,  376,  148,  160,  223,  139,  191,  467,  431,  458,  464,  365,  338,  685,  614,  298,  410,  478,  479,   38,  208,  310,  369,  361,  210,  299,  196,  775,  225,  204,  501,   32,  648,  508,  357,  615,  415,  256,  732,  121,  530,  310,  293,  254,  256,  408,  104,  599,  340,  164,  368,   89,  261,  257,  639,   95,  303,  444,  273,  498,  427,  261,  547,  159,  375,  286,  427,  227,  656,  534,  269,  285,  507,  480,  443,  359,  258,  351,  700,  288,  252,  378,  540,  535,  492,  430,  410,  509,  384,  211,  601,  402,  390,  399,  725,  406,  172,  354,  510,  338,  496,  458,  621,  429,  772,  300,  609,  425,  419,  204,  377,  679,  291,  287,  702],
        [    0,    0,    0,    0,    0,    0,    0,    0,    0,    0,    0,    0,    0,    0,    0,    0,    0,    0,    0,    0,    0,    0,    0,    0,    0,    0,    0,    0,    0,    0,    0,    0,    0,    0,    0,    0,    0,    0,    0,    0,    0,    0,    0,    0,    0,    0,    0,    0,    0,    0,    0,    0,    0,    0,    0,    0,    0,    0,    0,    0,    0,    0,    0,    0,    0,    0,    0,    0,    0,    0,    0,    0,    0,    0,    0,    0,    0,    0,    0,    0,    0,    0,    0,    0,    0,    0,    0,    0,    0,    0,    0,    0,    0,    0,    0,    0,    0,    0,    0,    0,    0,    0,    0,    0,    0,    0,    0,    0,    0,    0,    0,    0,    0,    0,    0,    0,    0,    0,    0,    0,    0,    0,    0,    0,    0,    0,    0,    0,    0,    0,    0,    0,    0,    0,    0,    0,    0,    0,    0,    0,    0,    0,    0,    0,    0,    0,    0,    0,    0,    0,    0,    0,    0,    0,    0,    0,    0,    0,    0,    0,    0,    0,    0,    0,    0,    0,    0,    0,    0,    0],
        [  250,    0,    0,  980, 1077,  544,  281,  770,  953,  706,  722,  755,  372,  334,  191,  289,  690,  875,  536,  557,  827,  767,  664,  510,  716,  376,  594,  209,  547,  667,  502,  353,  469,  720,  551,  706,  202,  669,  661,  247,  502,  370,  816,  696,  225,  336,  493,  483,  784,  395,  693,  638,  133,  769,  467,  838,  601,  396,  230,  340,  286,  437,  600,  645,  375,  571,  471,  516,  767,  835,  428,  377,  669,  681,  287,  174,   79,  456,  583,  167,  535,  421, 1014,  114,  103,  738,  219,  895,  623,  512,  852,  170,  346,  977,  133,  779,  172,  368,  239,  475,  620,  353,  814,  544,  408,  302,  162,  101,  293,  735,  180,  541,  202,  102,  514,  578,  480,  694,  307,  617,  378,  213,  440,  828,  612,  348,  534,  740,  542,  643,  547,  506,  598,  916,  106,  499,  277,  771,  728,  699,  617,  647,  650,  458,  432,  778,  338,  392,  444,  950,  626,  298,  600,  522,  580,  735,  432,  863,  224, 1012,  529,  774,  448,  220,  170,  550,  894,  245,  506,  761],
        [  741,    0,  980,    0,  100,  527,  735,  615,   81,  502,  790,  889,  702,  776, 1076,  753,  501,  198,  718,  426,  362,  348,  794,  821,  545,  845,  840,  779,  583,  477,  511,  938,  870,  527,  517,  758, 1121,  330,  638,  764,  653,  625,  404,  305, 1066,  772,  567,  503,  471,  611,  699,  373,  867,  831,  695,  230,  385,  596,  862,  835,  797,  552,  573,  362,  970,  922,  887,  743,  727,  195,  830,  883,  400,  363,  706,  934, 1021,  690,  405,  939,  571,  560,   38,  964,  945,  242,  768,  154,  926,  797,  128, 1128,  716,   89,  847,  271,  959,  902,  839,  647,  639,  644,  238,  463,  622,  914,  823,  951,  924,  676,  833,  556, 1181, 1014,  829,  539,  647,  519,  796,  368,  704, 1103,  676,  423,  704,  890,  498,  243,  735,  684,  719,  521,  467,  194, 1029,  540,  957,  531,  720,  660,  440,  518,  543,  714,  663,  405,  923,  830,  761,  134,  368,  820,  474,  839,  516,  246,  889,  124, 1094,   41,  596,  448,  801, 1080,  931,  757,  207,  996,  480,  794],
        [  837,    0, 1077,  100,    0,  624,  828,  666,  139,  565,  847,  945,  801,  875, 1175,  852,  589,  281,  792,  522,  440,  436,  881,  896,  629,  943,  930,  876,  678,  568,  602, 1036,  965,  586,  600,  816, 1220,  430,  701,  858,  749,  719,  482,  395, 1158,  861,  665,  602,  550,  704,  759,  471,  963,  911,  776,  316,  484,  691,  954,  921,  888,  647,  666,  461, 1068,  993,  965,  819,  807,  288,  911,  981,  495,  460,  802, 1028, 1120,  787,  504, 1032,  652,  658,   63, 1059, 1040,  340,  865,  217,  993,  873,  227, 1227,  815,  125,  945,  346, 1058,  986,  939,  730,  707,  739,  328,  562,  713, 1013,  920, 1050, 1012,  757,  928,  638, 1278, 1109,  923,  635,  729,  606,  885,  463,  802, 1202,  761,  498,  794,  975,  586,  342,  828,  749,  793,  610,  549,  266, 1124,  628, 1056,  583,  776,  719,  537,  589,  633,  810,  749,  487, 1021,  928,  858,  202,  467,  910,  555,  933,  596,  343,  986,  216, 1194,   66,  676,  529,  898, 1180, 1025,  830,  283, 1086,  579,  874],
        [  380,    0,  544,  527,  624,    0,  414,  707,  536,  573,  793,  879,  191,  261,  584,  263,  157,  366,  613,  259,  285,  231,  337,  680,  202,  320,  347,  399,   72,  125,  345,  413,  347,  605,  427,  761,  634,  205,  642,  423,  130,  329,  273,  364,  710,  516,   52,  165,  247,  349,  711,  161,  477,  420,  540,  327,  192,  312,  539,  583,  506,  288,  107,  172,  444,  792,  707,  620,  348,  341,  635,  357,  138,  167,  365,  581,  558,  164,  174,  581,  473,  216,  565,  579,  555,  324,  390,  514,  825,  662,  411,  657,  212,  563,  431,  459,  466,  659,  342,  497,  612,  342,  307,  107,  390,  395,  423,  482,  635,  292,  466,  463,  739,  615,  314,   54,  501,  168,  520,  288,  190,  608,  497,  285,  233,  636,  377,  303,  230,  664,  622,  370,  427,  402,  627,  390,  441,  649,  749,  686,   89,  533,  134,  188,  474,  235,  399,  304,  235,  451,  184,  540,  438,  326,  462,  331,  363,  441,  595,  567,  495,  233,  276,  580,  576,  655,  379,  669,  163,  389],
        [   57,    0,  281,  735,  828,  414,    0,  503,  697,  427,  492,  550,  330,  351,  445,  275,  570,  666,  292,  312,  663,  595,  668,  310,  615,  441,  627,   87,  453,  534,  231,  479,  536,  443,  271,  469,  471,  460,  397,   35,  444,  113,  666,  436,  334,  115,  374,  283,  655,  125,  442,  441,  149,  772,  212,  634,  384,  141,  135,  174,   93,  186,  507,  445,  514,  409,  312,  281,  731,  620,  243,  466,  501,  497,   51,  201,  348,  418,  372,  205,  255,  213,  767,  233,  217,  497,   82,  632,  453,  301,  610,  450,  309,  719,  163,  509,  361,  247,  311,  204,  356,   93,  609,  362,  128,  425,  129,  307,  223,  683,  105,  261,  466,  285,  553,  464,  210,  582,  109,  368,  338,  471,  174,  683,  582,  224,  258,  507,  531,  389,  303,  231,  319,  708,  300,  220,  433,  495,  480,  439,  456,  368,  546,  435,  160,  627,  458,  446,  452,  729,  416,  127,  321,  565,  300,  491,  515,  613,  475,  763,  253,  637,  479,  466,  197,  320,  688,  272,  302,  751],
        [  553,    0,  770,  615,  666,  707,  503,    0,  539,  140,  186,  280,  749,  801,  946,  732,  815,  692,  247,  450,  799,  736, 1039,  326,  874,  898, 1031,  589,  775,  772,  373,  958,  978,  107,  288,  160,  968,  580,  111,  534,  809,  468,  827,  401,  717,  436,  701,  549,  860,  433,  115,  602,  640, 1126,  304,  687,  536,  460,  550,  455,  486,  453,  811,  596,  995,  380,  402,  275, 1050,  645,  388,  931,  690,  657,  522,  628,  844,  811,  546,  635,  263,  530,  626,  687,  681,  501,  583,  462,  360,  308,  551,  938,  740,  544,  665,  362,  862,  479,  794,  299,  151,  472,  668,  602,  397,  908,  631,  809,  543,  992,  593,  265,  924,  737,  974,  756,  294,  835,  467,  437,  756,  972,  332,  850,  936,  483,  335,  533,  916,  142,  238,  350,  280,  725,  752,  338,  925,   85,  115,   84,  679,  175,  822,  835,  344,  798,  937,  895,  870,  701,  563,  482,  269,  987,  250,  486,  970,  520,  976,  617,  255,  833,  909,  968,  628,  255,  717,  632,  546, 1095],
        [  709,    0,  953,   81,  139,  536,  697,  539,    0,  430,  716,  815,  700,  774, 1061,  743,  533,  249,  654,  396,  411,  385,  826,  758,  582,  849,  864,  748,  597,  504,  468,  940,  882,  454,  462,  685, 1104,  332,  567,  727,  665,  589,  453,  261, 1024,  724,  571,  487,  516,  572,  627,  376,  835,  871,  638,  273,  374,  561,  819,  784,  753,  518,  595,  365,  974,  856,  826,  681,  769,  231,  773,  888,  420,  380,  672,  895,  999,  699,  395,  899,  514,  537,   89,  929,  910,  224,  737,   80,  857,  735,  127, 1106,  711,   28,  820,  207,  946,  848,  830,  592,  571,  608,  274,  459,  578,  912,  793,  932,  875,  715,  798,  499, 1152,  979,  846,  556,  591,  552,  749,  336,  702, 1089,  623,  473,  731,  837,  449,  236,  754,  614,  655,  474,  411,  256,  994,  492,  953,  454,  646,  587,  454,  452,  571,  723,  611,  447,  924,  835,  771,  203,  363,  773,  416,  857,  457,  223,  898,   97, 1081,   80,  538,  491,  812, 1068,  892,  692,  263,  951,  465,  834],
        [  469,    0,  706,  502,  565,  573,  427,  140,  430,    0,  291,  391,  632,  689,  869,  624,  677,  559,  246,  315,  660,  597,  908,  347,  736,  785,  904,  508,  642,  634,  253,  852,  859,   34,  172,  258,  897,  440,  137,  460,  681,  367,  688,  262,  693,  389,  570,  420,  720,  333,  199,  463,  573,  992,  264,  551,  398,  353,  504,  428,  434,  337,  676,  457,  889,  433,  422,  275,  913,  511,  385,  820,  551,  517,  434,  585,  774,  686,  409,  592,  172,  410,  518,  638,  628,  364,  501,  351,  429,  325,  423,  875,  625,  440,  588,  236,  774,  472,  694,  237,  147,  376,  531,  467,  305,  805,  554,  730,  523,  855,  527,  167,  878,  691,  851,  621,  233,  696,  421,  298,  638,  896,  275,  711,  804,  469,  213,  396,  787,  184,  243,  233,  149,  593,  706,  228,  828,   79,  223,  160,  541,   59,  685,  711,  277,  659,  832,  781,  749,  574,  424,  440,  139,  864,  134,  349,  855,  396,  897,  509,  179,  693,  789,  887,  584,  276,  584,  610,  414,  960],
        [  548,    0,  722,  790,  847,  793,  492,  186,  716,  291,    0,  100,  792,  830,  910,  756,  921,  845,  201,  551,  933,  866, 1110,  217,  979,  925, 1088,  575,  855,  878,  449,  970, 1015,  264,  370,   35,  923,  704,  164,  517,  876,  499,  956,  543,  618,  394,  775,  628,  979,  467,   94,  718,  602, 1205,  283,  834,  647,  502,  492,  383,  442,  511,  899,  714, 1005,  221,  279,  213, 1141,  796,  298,  954,  805,  777,  526,  559,  800,  867,  653,  567,  320,  590,  804,  623,  623,  646,  573,  637,  187,  212,  713,  882,  777,  724,  642,  526,  844,  377,  802,  309,  184,  496,  813,  695,  425,  916,  610,  782,  453, 1085,  558,  331,  845,  667, 1022,  845,  304,  939,  420,  557,  800,  933,  326,  978, 1011,  390,  420,  676,  978,  130,  190,  423,  388,  881,  680,  404,  924,  266,   72,  132,  784,  292,  920,  889,  347,  923,  949,  927,  917,  864,  679,  425,  377, 1035,  341,  632,  999,  686,  942,  795,  299,  953,  951,  936,  560,  175,  871,  537,  631, 1178],
        [  607,    0,  755,  889,  945,  879,  550,  280,  815,  391,  100,    0,  864,  897,  946,  821, 1012,  945,  270,  643, 1029,  962, 1189,  248, 1068,  990, 1162,  630,  939,  969,  537, 1028, 1082,  364,  462,  134,  954,  800,  262,  571,  955,  573, 1051,  642,  623,  443,  858,  714, 1072,  543,  193,  811,  644, 1287,  351,  933,  740,  579,  528,  417,  488,  594,  984,  808, 1062,  202,  288,  273, 1226,  895,  329, 1016,  898,  871,  590,  585,  834,  943,  745,  593,  409,  671,  903,  649,  653,  745,  628,  736,  152,  252,  813,  907,  847,  822,  689,  626,  891,  393,  860,  385,  278,  568,  911,  784,  500,  973,  659,  824,  471, 1170,  604,  421,  858,  689, 1093,  932,  381, 1029,  465,  652,  872,  967,  396, 1074, 1092,  410,  511,  775, 1056,  225,  260,  512,  484,  981,  700,  491,  976,  363,  170,  232,  874,  391, 1008,  964,  418, 1018, 1007,  993,  990,  964,  773,  466,  473, 1106,  435,  731, 1064,  786,  978,  893,  386, 1047, 1022,  973,  588,  233,  970,  548,  719, 1260],
        [  279,    0,  372,  702,  801,  191,  330,  749,  700,  632,  792,  864,    0,   74,  393,   84,  322,  554,  595,  347,  472,  421,  339,  635,  345,  159,  299,  278,  177,  303,  379,  242,  229,  660,  464,  764,  444,  372,  663,  323,  132,  294,  455,  485,  564,  445,  141,  231,  416,  326,  724,  330,  336,  444,  513,  515,  329,  294,  427,  501,  417,  297,  228,  341,  278,  738,  642,  592,  414,  525,  572,  196,  328,  352,  282,  447,  375,   93,  308,  445,  490,  222,  740,  429,  405,  478,  273,  665,  780,  622,  579,  470,   28,  727,  280,  583,  276,  570,  153,  484,  626,  297,  493,  242,  368,  213,  284,  298,  527,  374,  340,  486,  559,  456,  230,  212,  489,  323,  436,  399,    8,  418,  469,  464,  259,  546,  419,  465,  202,  672,  606,  401,  485,  591,  466,  412,  256,  710,  763,  709,  277,  580,  279,  106,  447,  419,  225,  151,  126,  637,  338,  450,  494,  243,  502,  481,  224,  604,  405,  740,  504,  409,  161,  390,  441,  631,  568,  539,  248,  425],
        [  295,    0,  334,  776,  875,  261,  351,  801,  774,  689,  830,  897,   74,    0,  328,   77,  379,  626,  631,  415,  537,  490,  340,  660,  395,   97,  283,  284,  235,  366,  437,  171,  186,  716,  519,  804,  379,  446,  709,  337,  176,  337,  517,  556,  541,  464,  213,  300,  473,  371,  767,  404,  323,  447,  548,  586,  402,  342,  429,  514,  431,  353,  282,  414,  207,  758,  659,  625,  434,  598,  592,  131,  399,  425,  308,  434,  323,  127,  381,  431,  540,  283,  813,  406,  383,  551,  281,  738,  803,  650,  653,  411,   67,  801,  265,  654,  214,  579,   97,  524,  671,  336,  566,  315,  410,  139,  278,  248,  527,  402,  338,  536,  508,  426,  206,  275,  529,  378,  452,  469,   73,  351,  505,  524,  279,  554,  477,  539,  211,  715,  642,  456,  544,  662,  434,  465,  182,  766,  807,  755,  348,  635,  333,  125,  484,  482,  153,   97,  115,  709,  412,  462,  552,  217,  557,  554,  170,  677,  337,  814,  551,  468,  132,  322,  429,  664,  639,  527,  319,  434],
        [  400,    0,  191, 1076, 1175,  584,  445,  946, 1061,  869,  910,  946,  393,  328,    0,  326,  706,  943,  719,  672,  863,  814,  599,  699,  717,  316,  516,  361,  563,  693,  642,  250,  386,  887,  704,  892,   53,  750,  838,  413,  501,  511,  844,  816,  388,  519,  533,  575,  798,  542,  876,  711,  310,  696,  647,  904,  692,  532,  419,  530,  470,  566,  608,  721,  254,  762,  662,  701,  718,  911,  618,  298,  720,  742,  436,  365,  113,  451,  672,  357,  698,  527, 1113,  302,  294,  839,  369, 1013,  814,  700,  949,  106,  373, 1087,  282,  907,  119,  558,  242,  648,  797,  498,  882,  617,  564,  222,  316,  140,  483,  700,  356,  702,  227,  275,  443,  602,  653,  704,  491,  732,  395,   28,  615,  851,  575,  538,  679,  834,  502,  825,  730,  652,  747,  981,  271,  649,  174,  939,  912,  879,  668,  810,  659,  441,  603,  809,  245,  337,  410, 1024,  710,  485,  751,  447,  738,  839,  344,  967,   33, 1112,  697,  795,  395,   33,  361,  736,  958,  428,  598,  696],
        [  219,    0,  289,  753,  852,  263,  275,  732,  743,  624,  756,  821,   84,   77,  326,    0,  402,  617,  556,  367,  547,  493,  408,  584,  427,  170,  357,  210,  258,  382,  374,  228,  262,  650,  453,  730,  375,  425,  638,  262,  215,  265,  533,  512,  482,  388,  211,  258,  497,  300,  694,  386,  257,  514,  473,  579,  370,  274,  357,  439,  355,  290,  311,  395,  265,  682,  583,  549,  493,  585,  516,  200,  397,  416,  232,  369,  296,  172,  350,  366,  470,  227,  790,  347,  323,  520,  207,  701,  727,  574,  627,  395,   57,  770,  200,  608,  208,  505,   87,  451,  599,  263,  556,  292,  338,  183,  208,  219,  456,  454,  267,  468,  478,  373,  280,  291,  456,  405,  376,  424,   90,  353,  430,  543,  336,  480,  414,  512,  274,  642,  567,  392,  483,  656,  383,  398,  215,  701,  734,  684,  345,  569,  361,  180,  410,  496,  208,  172,  184,  698,  386,  387,  490,  292,  491,  521,  244,  648,  342,  790,  480,  488,  207,  328,  363,  589,  633,  462,  280,  499],
        [  537,    0,  690,  501,  589,  157,  570,  815,  533,  677,  921, 1012,  322,  379,  706,  402,    0,  309,  752,  372,  171,  154,  294,  826,   60,  408,  343,  555,  146,   44,  476,  501,  398,  710,  551,  888,  758,  246,  764,  580,  207,  480,  142,  434,  865,  670,  204,  306,   95,  497,  835,  215,  631,  343,  683,  273,  280,  461,  696,  737,  662,  432,  100,  223,  525,  939,  858,  762,  247,  306,  786,  441,  131,  171,  521,  737,  696,  256,  271,  737,  603,  367,  536,  732,  708,  360,  546,  534,  969,  807,  409,  789,  347,  559,  583,  517,  593,  814,  472,  638,  738,  495,  264,  230,  537,  498,  577,  619,  791,  189,  622,  591,  880,  766,  347,  114,  641,   21,  675,  379,  318,  729,  642,  146,  207,  792,  502,  330,  251,  791,  760,  501,  540,  333,  778,  522,  547,  748,  871,  807,  138,  645,   51,  270,  619,  114,  492,  389,  311,  393,  253,  695,  552,  355,  582,  372,  428,  448,  713,  541,  627,   90,  342,  698,  732,  796,  311,  825,  297,  306],
        [  657,    0,  875,  198,  281,  366,  666,  692,  249,  559,  845,  945,  554,  626,  943,  617,  309,    0,  728,  362,  165,  156,  601,  825,  349,  683,  651,  690,  410,  291,  472,  777,  694,  590,  510,  812,  991,  208,  683,  689,  482,  554,  207,  304,  997,  730,  413,  395,  273,  551,  753,  237,  778,  634,  685,   40,  283,  526,  799,  798,  743,  482,  391,  230,  807,  935,  880,  749,  530,   51,  814,  720,  229,  202,  627,  863,  904,  524,  297,  865,  569,  463,  232,  880,  859,  202,  679,  281,  950,  802,  153, 1008,  572,  271,  747,  333,  825,  872,  701,  635,  672,  574,   62,  332,  575,  760,  728,  830,  877,  479,  752,  554, 1076,  925,  649,  366,  636,  326,  747,  320,  554,  969,  655,  226,  515,  855,  475,  176,  553,  724,  733,  490,  472,   43,  940,  513,  807,  611,  781,  716,  278,  555,  355,  545,  637,  208,  764,  666,  592,   86,  252,  772,  482,  658,  524,  215,  718,  193,  957,  238,  596,  251,  630,  942,  859,  772,   26,  937,  373,  597],
        [  348,    0,  536,  718,  792,  613,  292,  247,  654,  246,  201,  270,  595,  631,  719,  556,  752,  728,    0,  393,  788,  719,  919,  105,  807,  725,  892,  376,  672,  710,  279,  769,  815,  240,  220,  177,  737,  558,  139,  318,  686,  303,  806,  430,  470,  201,  590,  450,  819,  274,  158,  562,  410, 1017,   83,  710,  491,  310,  309,  209,  251,  326,  718,  560,  805,  208,  177,   30,  959,  678,  144,  753,  646,  624,  326,  384,  613,  673,  492,  392,  161,  402,  740,  445,  442,  528,  373,  576,  224,   81,  617,  701,  579,  669,  445,  448,  648,  235,  601,  116,  105,  298,  686,  523,  230,  716,  412,  587,  297,  904,  365,  175,  680,  494,  824,  666,  113,  769,  230,  415,  603,  744,  127,  827,  823,  237,  262,  553,  786,  109,   12,  255,  259,  768,  508,  232,  724,  278,  193,  168,  617,  206,  744,  694,  148,  770,  749,  727,  720,  764,  526,  240,  250,  837,  207,  515,  799,  600,  751,  732,  133,  795,  753,  744,  385,   45,  754,  386,  457,  991],
        [  316,    0,  557,  426,  522,  259,  312,  450,  396,  315,  551,  643,  347,  415,  672,  367,  372,  362,  393,    0,  397,  327,  594,  479,  430,  505,  596,  354,  329,  328,  116,  586,  566,  347,  181,  518,  712,  168,  393,  339,  371,  201,  413,  146,  646,  369,  260,  118,  430,  192,  464,  170,  442,  678,  335,  335,   99,  172,  443,  437,  384,  127,  362,  168,  622,  592,  526,  407,  601,  313,  458,  543,  255,  231,  281,  512,  604,  383,  102,  516,  236,  145,  460,  539,  519,  186,  343,  342,  615,  458,  299,  712,  349,  421,  424,  241,  559,  511,  451,  286,  367,  220,  309,  153,  214,  547,  398,  539,  517,  543,  408,  223,  757,  588,  549,  308,  288,  390,  387,   61,  352,  699,  300,  435,  491,  494,  133,  196,  478,  421,  400,  139,  171,  404,  603,  162,  582,  391,  500,  436,  234,  277,  374,  409,  280,  378,  567,  497,  452,  419,  133,  411,  182,  562,  211,  180,  569,  306,  694,  456,  262,  405,  493,  681,  509,  437,  385,  580,  105,  646],
        [  641,    0,  827,  362,  440,  285,  663,  799,  411,  660,  933, 1029,  472,  537,  863,  547,  171,  165,  788,  397,    0,   71,  448,  875,  196,  575,  507,  666,  303,  172,  512,  669,  569,  693,  572,  899,  914,  231,  769,  679,  371,  559,   43,  399,  980,  747,  336,  381,  111,  566,  841,  230,  750,  472,  731,  140,  300,  534,  795,  816,  750,  495,  267,  230,  694,  989,  919,  804,  368,  184,  850,  609,  163,  169,  617,  847,  842,  419,  303,  849,  630,  450,  394,  853,  830,  301,  656,  434, 1011,  854,  301,  940,  494,  434,  709,  457,  747,  893,  624,  682,  751,  577,  145,  302,  599,  662,  697,  766,  884,  319,  732,  616, 1023,  893,  517,  262,  684,  182,  759,  378,  469,  887,  694,   62,  372,  873,  527,  268,  421,  805,  795,  535,  545,  175,  905,  558,  711,  722,  874,  807,  212,  643,  221,  435,  673,   58,  659,  556,  479,  239,  264,  782,  556,  525,  595,  315,  598,  344,  873,  401,  656,   92,  512,  858,  843,  833,  158,  931,  362,  435],
        [  574,    0,  767,  348,  436,  231,  595,  736,  385,  597,  866,  962,  421,  490,  814,  493,  154,  156,  719,  327,   71,    0,  447,  805,  198,  537,  496,  601,  263,  137,  443,  632,  542,  630,  503,  832,  864,  163,  703,  612,  334,  490,   91,  337,  915,  678,  282,  313,  136,  496,  775,  160,  686,  486,  661,  120,  230,  465,  728,  747,  681,  425,  237,  160,  660,  919,  849,  734,  384,  156,  780,  573,   99,  100,  550,  782,  787,  379,  233,  783,  561,  382,  384,  790,  766,  244,  591,  396,  942,  784,  266,  887,  442,  410,  647,  403,  697,  823,  573,  612,  684,  508,  113,  235,  529,  620,  633,  711,  815,  330,  667,  547,  966,  830,  494,  219,  614,  171,  690,  310,  420,  839,  624,  115,  359,  804,  458,  211,  398,  738,  725,  465,  478,  183,  843,  489,  668,  661,  808,  742,  151,  577,  199,  398,  603,   67,  620,  519,  444,  241,  195,  713,  489,  503,  527,  258,  568,  307,  825,  389,  587,  109,  480,  810,  777,  763,  160,  864,  294,  449],
        [  617,    0,  664,  794,  881,  337,  668, 1039,  826,  908, 1110, 1189,  339,  340,  599,  408,  294,  601,  919,  594,  448,  447,    0,  969,  253,  292,   88,  615,  266,  323,  670,  351,  214,  939,  755, 1080,  649,  518,  967,  662,  235,  618,  409,  695,  879,  782,  339,  491,  340,  646, 1034,  478,  663,  107,  840,  566,  525,  611,  763,  839,  755,  600,  242,  489,  355, 1075,  980,  920,  130,  600,  909,  302,  410,  452,  619,  774,  636,  250,  509,  771,  795,  521,  830,  745,  722,  639,  610,  822, 1115,  955,  701,  700,  362,  852,  604,  787,  513,  908,  428,  805,  934,  625,  557,  443,  690,  381,  615,  569,  863,  143,  674,  787,  814,  761,  157,  293,  809,  276,  775,  624,  331,  613,  795,  400,  104,  884,  706,  612,  137,  984,  930,  695,  761,  620,  768,  711,  425,  984, 1073, 1013,  391,  865,  256,  233,  773,  396,  354,  274,  226,  683,  510,  789,  771,  152,  792,  649,  256,  738,  592,  835,  813,  356,  217,  578,  769,  959,  600,  867,  494,   99],
        [  366,    0,  510,  821,  896,  680,  310,  326,  758,  347,  217,  248,  635,  660,  699,  584,  826,  825,  105,  479,  875,  805,  969,    0,  878,  750,  933,  385,  733,  785,  363,  783,  845,  339,  316,  209,  709,  646,  227,  327,  738,  355,  890,  529,  404,  198,  650,  520,  898,  332,  218,  647,  396, 1070,  145,  804,  576,  369,  281,  170,  241,  395,  782,  646,  816,  114,   77,   78, 1019,  774,   82,  775,  727,  708,  354,  343,  588,  719,  575,  351,  257,  464,  844,  407,  409,  626,  385,  680,  147,   24,  718,  666,  615,  773,  442,  552,  643,  162,  616,  194,  202,  345,  780,  597,  290,  728,  412,  576,  236,  967,  356,  272,  628,  451,  861,  733,  192,  841,  218,  508,  643,  722,  185,  911,  877,  173,  352,  649,  832,  185,  106,  341,  358,  865,  463,  318,  729,  372,  242,  243,  694,  310,  813,  738,  207,  853,  763,  755,  759,  864,  611,  218,  350,  873,  307,  614,  824,  703,  732,  836,  230,  875,  788,  726,  345,   74,  850,  321,  530, 1046],
        [  579,    0,  716,  545,  629,  202,  615,  874,  582,  736,  979, 1068,  345,  395,  717,  427,   60,  349,  807,  430,  196,  198,  253,  878,    0,  410,  313,  594,  172,  102,  532,  499,  385,  769,  609,  946,  769,  305,  822,  622,  219,  530,  159,  493,  900,  718,  243,  359,   93,  548,  893,  274,  667,  290,  737,  316,  339,  512,  738,  784,  707,  484,  117,  282,  520,  991,  908,  816,  191,  353,  836,  439,  189,  229,  565,  774,  716,  268,  329,  774,  660,  417,  580,  766,  742,  417,  585,  587, 1023,  860,  460,  805,  371,  607,  616,  574,  607,  860,  490,  693,  795,  544,  310,  285,  589,  502,  613,  640,  835,  134,  660,  648,  901,  797,  330,  152,  696,   40,  721,  438,  340,  738,  695,  153,  179,  838,  559,  386,  237,  849,  816,  557,  599,  368,  808,  578,  553,  807,  929,  865,  196,  704,   70,  276,  672,  143,  493,  389,  311,  430,  312,  741,  610,  336,  640,  429,  419,  500,  721,  585,  683,  105,  338,  706,  769,  850,  348,  864,  351,  253],
        [  385,    0,  376,  845,  943,  320,  441,  898,  849,  785,  925,  990,  159,   97,  316,  170,  408,  683,  725,  505,  575,  537,  292,  750,  410,    0,  219,  369,  275,  405,  532,   95,   99,  812,  615,  899,  368,  518,  806,  425,  205,  433,  550,  643,  595,  554,  279,  389,  497,  467,  864,  475,  394,  396,  643,  643,  482,  439,  507,  599,  517,  449,  309,  486,  125,  845,  745,  718,  405,  660,  680,   39,  455,  486,  401,  502,  345,  159,  461,  498,  636,  377,  883,  465,  443,  630,  368,  819,  891,  741,  726,  413,  161,  877,  336,  741,  222,  660,  147,  620,  768,  432,  625,  393,  507,   95,  355,  278,  603,  384,  416,  633,  524,  475,  139,  319,  625,  403,  538,  556,  154,  335,  600,  553,  259,  636,  573,  614,  187,  811,  736,  553,  640,  716,  480,  561,  145,  863,  903,  852,  408,  732,  359,  141,  580,  519,   84,   21,   99,  768,  487,  547,  648,  147,  653,  634,   74,  753,  316,  885,  648,  497,   80,  301,  497,  758,  693,  593,  405,  390],
        [  573,    0,  594,  840,  930,  347,  627, 1031,  864,  904, 1088, 1162,  299,  283,  516,  357,  343,  651,  892,  596,  507,  496,   88,  933,  313,  219,    0,  566,  276,  363,  658,  267,  131,  935,  744, 1059,  565,  544,  952,  617,  225,  590,  471,  710,  813,  741,  336,  484,  404,  621, 1016,  501,  605,  181,  811,  615,  538,  587,  712,  795,  711,  582,  269,  512,  269, 1036,  938,  891,  218,  645,  869,  222,  444,  485,  580,  715,  560,  222,  520,  711,  778,  503,  876,  681,  659,  665,  563,  853, 1078,  921,  738,  619,  319,  890,  546,  805,  436,  861,  362,  780,  917,  595,  603,  450,  664,  301,  560,  496,  810,  223,  621,  772,  734,  693,   81,  313,  785,  328,  731,  632,  292,  529,  767,  465,  137,  837,  696,  640,  118,  965,  903,  682,  756,  675,  699,  697,  344,  982, 1055,  998,  416,  858,  298,  199,  745,  452,  273,  203,  175,  736,  528,  743,  766,   73,  782,  673,  173,  773,  508,  880,  795,  417,  152,  494,  709,  930,  654,  807,  492,  182],
        [   42,    0,  209,  779,  876,  399,   87,  589,  748,  508,  575,  630,  278,  284,  361,  210,  555,  690,  376,  354,  666,  601,  615,  385,  594,  369,  566,    0,  425,  523,  294,  399,  466,  526,  347,  553,  390,  482,  483,   59,  403,  162,  664,  489,  315,  188,  352,  296,  645,  188,  528,  456,   89,  721,  297,  656,  409,  189,  150,  231,  148,  230,  480,  462,  433,  477,  376,  364,  690,  647,  312,  391,  504,  507,   79,  183,  269,  370,  394,  183,  338,  228,  813,  191,  169,  538,   11,  688,  524,  378,  652,  373,  254,  772,   81,  571,  274,  295,  231,  291,  442,  145,  631,  368,  205,  344,   48,  222,  250,  646,   68,  342,  404,  237,  489,  443,  296,  563,  170,  413,  286,  388,  260,  679,  536,  271,  327,  543,  479,  475,  388,  299,  392,  732,  251,  293,  349,  578,  566,  526,  455,  449,  524,  383,  246,  625,  378,  376,  393,  760,  438,  179,  395,  501,  379,  534,  442,  660,  390,  810,  337,  630,  415,  381,  178,  402,  711,  271,  318,  703],
        [  412,    0,  547,  583,  678,   72,  453,  775,  597,  642,  855,  939,  177,  235,  563,  258,  146,  410,  672,  329,  303,  263,  266,  733,  172,  275,  276,  425,    0,  132,  409,  369,  287,  674,  493,  824,  614,  270,  707,  457,   72,  378,  282,  434,  729,  560,   83,  229,  240,  402,  775,  227,  496,  352,  596,  371,  263,  365,  571,  625,  545,  346,   56,  238,  398,  843,  755,  676,  288,  392,  683,  311,  184,  220,  402,  604,  551,  117,  245,  603,  536,  270,  620,  595,  571,  391,  417,  580,  879,  716,  471,  644,  202,  625,  445,  529,  448,  699,  327,  556,  676,  390,  354,  178,  444,  359,  442,  474,  669,  235,  491,  527,  735,  626,  249,   45,  560,  147,  560,  359,  173,  586,  552,  289,  162,  676,  443,  368,  161,  727,  681,  435,  496,  442,  637,  453,  408,  719,  814,  752,  144,  601,  104,  136,  529,  248,  358,  257,  182,  496,  252,  579,  507,  260,  529,  399,  309,  504,  571,  623,  557,  234,  221,  556,  599,  713,  419,  695,  230,  323],
        [  503,    0,  667,  477,  568,  125,  534,  772,  504,  634,  878,  969,  303,  366,  693,  382,   44,  291,  710,  328,  172,  137,  323,  785,  102,  405,  363,  523,  132,    0,  433,  499,  405,  667,  508,  845,  744,  206,  721,  545,  201,  441,  152,  393,  835,  632,  175,  266,  123,  457,  792,  173,  602,  379,  641,  253,  237,  421,  662,  700,  625,  391,  101,  181,  525,  898,  818,  720,  287,  282,  746,  440,   91,  133,  485,  705,  677,  248,  228,  705,  560,  328,  513,  703,  680,  322,  514,  500,  928,  766,  379,  772,  327,  530,  555,  477,  578,  776,  455,  596,  695,  457,  240,  188,  496,  491,  548,  600,  756,  228,  590,  548,  859,  739,  358,   92,  599,   63,  638,  336,  300,  717,  600,  162,  228,  754,  459,  293,  262,  748,  718,  458,  497,  319,  751,  480,  540,  706,  828,  763,   95,  602,   68,  265,  578,  117,  488,  386,  309,  377,  211,  659,  508,  367,  539,  333,  432,  416,  702,  517,  584,  109,  344,  687,  700,  754,  297,  793,  255,  343],
        [  253,    0,  502,  511,  602,  345,  231,  373,  468,  253,  449,  537,  379,  437,  642,  374,  476,  472,  279,  116,  512,  443,  670,  363,  532,  532,  658,  294,  409,  433,    0,  601,  607,  281,   86,  416,  677,  284,  298,  263,  438,  133,  528,  208,  557,  264,  331,  181,  540,  108,  367,  284,  376,  761,  219,  448,  214,  111,  352,  329,  286,   85,  451,  283,  638,  477,  411,  292,  693,  423,  344,  567,  367,  346,  215,  427,  560,  438,  213,  432,  129,  158,  542,  464,  447,  283,  284,  402,  501,  342,  391,  666,  373,  490,  372,  279,  539,  401,  447,  170,  267,  149,  423,  248,  111,  556,  341,  504,  415,  636,  335,  119,  694,  515,  601,  397,  172,  493,  285,  154,  386,  670,  185,  549,  569,  386,   41,  300,  544,  319,  287,   26,  110,  514,  531,   47,  581,  331,  405,  344,  339,  202,  472,  462,  166,  492,  581,  528,  498,  523,  249,  310,  117,  614,  124,  274,  602,  388,  668,  537,  152,  517,  537,  657,  424,  323,  497,  485,  183,  732],
        [  423,    0,  353,  938, 1036,  413,  479,  958,  940,  852,  970, 1028,  242,  171,  250,  228,  501,  777,  769,  586,  669,  632,  351,  783,  499,   95,  267,  399,  369,  499,  601,    0,  137,  877,  681,  946,  299,  610,  861,  457,  299,  491,  642,  726,  577,  586,  371,  471,  587,  525,  915,  566,  403,  447,  688,  738,  570,  501,  522,  623,  544,  517,  402,  577,   38,  871,  769,  759,  473,  754,  708,   60,  549,  579,  445,  502,  304,  253,  549,  497,  696,  451,  975,  456,  437,  719,  400,  907,  919,  777,  817,  353,  238,  967,  348,  824,  183,  676,  169,  671,  822,  487,  719,  482,  562,   56,  374,  253,  613,  461,  434,  694,  470,  455,  196,  413,  676,  494,  566,  639,  239,  263,  647,  644,  339,  653,  641,  705,  268,  861,  781,  619,  710,  811,  457,  626,   80,  929,  953,  906,  501,  797,  451,  234,  628,  612,   21,  113,  191,  862,  577,  571,  717,  199,  719,  722,   95,  844,  242,  977,  704,  589,  162,  228,  497,  799,  787,  588,  489,  448],
        [  480,    0,  469,  870,  965,  347,  536,  978,  882,  859, 1015, 1082,  229,  186,  386,  262,  398,  694,  815,  566,  569,  542,  214,  845,  385,   99,  131,  466,  287,  405,  607,  137,    0,  888,  692,  988,  436,  552,  890,  521,  218,  518,  538,  696,  691,  649,  318,  449,  477,  552,  950,  507,  493,  311,  733,  655,  528,  521,  606,  696,  613,  526,  305,  519,  145,  942,  842,  810,  338,  678,  776,   93,  471,  507,  493,  600,  431,  187,  508,  596,  718,  450,  907,  562,  541,  669,  464,  859,  987,  835,  757,  489,  240,  910,  434,  794,  307,  758,  246,  708,  852,  519,  639,  437,  593,  172,  453,  370,  702,  329,  515,  714,  604,  570,   61,  331,  713,  388,  635,  612,  222,  400,  689,  536,  213,  734,  647,  650,  149,  897,  826,  629,  712,  724,  574,  640,  214,  937,  989,  936,  430,  808,  348,  162,  669,  512,  143,   90,  116,  780,  527,  644,  721,   62,  730,  675,   43,  788,  379,  910,  731,  483,   74,  365,  595,  850,  701,  691,  462,  311],
        [  488,    0,  720,  527,  586,  605,  443,  107,  454,   34,  264,  364,  660,  716,  887,  650,  710,  590,  240,  347,  693,  630,  939,  339,  769,  812,  935,  526,  674,  667,  281,  877,  888,    0,  197,  232,  914,  474,  118,  476,  712,  390,  721,  295,  698,  398,  602,  451,  753,  356,  174,  496,  588, 1024,  269,  583,  431,  377,  514,  432,  445,  364,  708,  490,  914,  418,  414,  270,  946,  542,  382,  846,  584,  550,  454,  594,  790,  716,  442,  601,  189,  438,  542,  649,  640,  396,  519,  375,  411,  317,  452,  890,  652,  462,  606,  264,  795,  472,  717,  247,  137,  398,  563,  499,  325,  829,  572,  748,  526,  888,  541,  187,  889,  701,  880,  654,  243,  729,  429,  331,  666,  914,  285,  744,  836,  470,  241,  428,  818,  166,  236,  260,  179,  624,  716,  252,  851,   53,  195,  134,  574,   81,  718,  741,  290,  692,  857,  808,  778,  603,  458,  448,  169,  893,  159,  382,  882,  424,  916,  533,  192,  727,  817,  906,  594,  266,  615,  614,  446,  992],
        [  306,    0,  551,  517,  600,  427,  271,  288,  462,  172,  370,  462,  464,  519,  704,  453,  551,  510,  220,  181,  572,  503,  755,  316,  609,  615,  744,  347,  493,  508,   86,  681,  692,  197,    0,  337,  736,  341,  215,  305,  523,  197,  591,  216,  574,  267,  416,  266,  610,  164,  285,  350,  420,  845,  180,  491,  278,  182,  372,  323,  302,  167,  533,  347,  718,  426,  374,  239,  775,  460,  315,  649,  436,  410,  269,  452,  615,  524,  283,  458,   60,  243,  543,  497,  483,  311,  338,  389,  443,  293,  406,  718,  456,  481,  427,  259,  606,  387,  523,  131,  187,  208,  467,  327,  143,  633,  394,  565,  416,  718,  375,   45,  734,  550,  687,  479,  131,  569,  294,  196,  470,  732,  161,  613,  653,  376,   51,  334,  629,  240,  225,   63,   53,  550,  565,   57,  657,  249,  322,  260,  414,  117,  551,  548,  151,  557,  660,  611,  584,  550,  312,  318,   52,  700,   39,  299,  686,  395,  732,  537,   87,  585,  622,  721,  450,  264,  535,  495,  265,  815],
