{
    "name": "random-94-1760",
    "comment": "size=94 seed=1760",
    "nodes": ["+0", "-0", "+1", "-1", "+2", "-2", "+3", "-3", "+4", "-4", "+5", "-5", "+6", "-6", "+7", "-7", "+8", "-8", "+9", "-9", "+10", "-10", "+11", "-11", "+12", "-12", "+13", "-13", "+14", "-14", "+15", "-15", "+16", "-16", "+17", "-17", "+18", "-18", "+19", "-19", "+20", "-20", "+21", "-21", "+22", "-22", "+23", "-23", "+24", "-24", "+25", "-25", "+26", "-26", "+27", "-27", "+28", "-28", "+29", "-29", "+30", "-30", "+31", "-31", "+32", "-32", "+33", "-33", "+34", "-34", "+35", "-35", "+36", "-36", "+37", "-37", "+38", "-38", "+39", "-39", "+40", "-40", "+41", "-41", "+42", "-42", "+43", "-43", "+44", "-44", "+45", "-45", "+46", "-46", "+47", "-47", "+48", "-48", "+49", "-49", "+50", "-50", "+51", "-51", "+52", "-52", "+53", "-53", "+54", "-54", "+55", "-55", "+56", "-56", "+57", "-57", "+58", "-58", "+59", "-59", "+60", "-60", "+61", "-61", "+62", "-62", "+63", "-63", "+64", "-64", "+65", "-65", "+66", "-66", "+67", "-67", "+68", "-68", "+69", "-69", "+70", "-70", "+71", "-71", "+72", "-72", "+73", "-73", "+74", "-74", "+75", "-75", "+76", "-76", "+77", "-77", "+78", "-78", "+79", "-79", "+80", "-80", "+81", "-81", "+82", "-82", "+83", "-83", "+84", "-84", "+85", "-85", "+86", "-86", "+87", "-87", "+88", "-88", "+89", "-89", "+90", "-90", "+91", "-91", "+92", "-92", "+93", "-93", "+94", "-94"],
    "precedence": {
        "+0": "-0",
        "+1": "-1",
        "+2": "-2",
        "+3": "-3",
        "+4": "-4",
        "+5": "-5",
        "+6": "-6",
        "+7": "-7",
        "+8": "-8",
        "+9": "-9",
        "+10": "-10",
        "+11": "-11",
        "+12": "-12",
        "+13": "-13",
        "+14": "-14",
        "+15": "-15",
        "+16": "-16",
        "+17": "-17",
        "+18": "-18",
        "+19": "-19",
        "+20": "-20",
        "+21": "-21",
        "+22": "-22",
        "+23": "-23",
        "+24": "-24",
        "+25": "-25",
        "+26": "-26",
        "+27": "-27",
        "+28": "-28",
        "+29": "-29",
        "+30": "-30",
        "+31": "-31",
        "+32": "-32",
        "+33": "-33",
        "+34": "-34",
        "+35": "-35",
        "+36": "-36",
        "+37": "-37",
        "+38": "-38",
        "+39": "-39",
        "+40": "-40",
        "+41": "-41",
        "+42": "-42",
        "+43": "-43",
        "+44": "-44",
        "+45": "-45",
        "+46": "-46",
        "+47": "-47",
        "+48": "-48",
        "+49": "-49",
        "+50": "-50",
        "+51": "-51",
        "+52": "-52",
        "+53": "-53",
        "+54": "-54",
        "+55": "-55",
        "+56": "-56",
        "+57": "-57",
        "+58": "-58",
        "+59": "-59",
        "+60": "-60",
        "+61": "-61",
        "+62": "-62",
        "+63": "-63",
        "+64": "-64",
        "+65": "-65",
        "+66": "-66",
        "+67": "-67",
        "+68": "-68",
        "+69": "-69",
        "+70": "-70",
        "+71": "-71",
        "+72": "-72",
        "+73": "-73",
        "+74": "-74",
        "+75": "-75",
        "+76": "-76",
        "+77": "-77",
        "+78": "-78",
        "+79": "-79",
        "+80": "-80",
        "+81": "-81",
        "+82": "-82",
        "+83": "-83",
        "+84": "-84",
        "+85": "-85",
        "+86": "-86",
        "+87": "-87",
        "+88": "-88",
        "+89": "-89",
        "+90": "-90",
        "+91": "-91",
        "+92": "-92",
        "+93": "-93",
        "+94": "-94"
    },
    "edges": [
        [    0,    0,  289,   70,  259,  742,  752,  508,  180,  363,  103,  644,  484,  606,  628,  657,  777,  416,  928,  404,  753,  699,  774,  144,  415,  638,  351,  459,  445,  293,  636,  677,  787,  704,  289,  615,  339,  746,  382,  302,  685,  596,  189,  691,  673,  293,  759,  481,  269,  609,  545,   97,  596,  867,  173,  681,  753,  559,  561,  192,  243,  384,  515,   20,  848,  802,  193,  298,  290,  813,  523,  714,  783,  141,  660,  588,  453,  587,  647,  703,  415,  671,  506,  772,  302,  731,  392,  796,  368,  671,  396,  641,  752,  756,  525,  253,  771,  177,  747,  593,  630,  539,  809,  488,  375,  780,  120,  538,  504,  325,  671,  970,  834,  694,  650,  386,  198,  573,  351,  301,  116,  720,  194,  394,  696,  726,  295,  482,  688,  855,  330,  518,  235,  488,  151,  355,  302,  287,  293,  697,  193,  491,  252,  308,  765,  164,  497,  794,  870,  765,  426,  494,  628,  312,  700,  273,  180,  303,  627,  426,  770,  750,  388,  866,  374,  505,  311,  225,  184,  820,  288,  654,  642,  631,  600,  640,  248,  536,  646,  637,  594,  291,  846,  774,  310,  434,  802,  360,  301,  513],
        [    0,    0,    0,    0,    0,    0,    0,    0,    0,    0,    0,    0,    0,    0,    0,    0,    0,    0,    0,    0,    0,    0,    0,    0,    0,    0,    0,    0,    0,    0,    0,    0,    0,    0,    0,    0,    0,    0,    0,    0,    0,    0,    0,    0,    0,    0,    0,    0,    0,    0,    0,    0,    0,    0,    0,    0,    0,    0,    0,    0,    0,    0,    0,    0,    0,    0,    0,    0,    0,    0,    0,    0,    0,    0,    0,    0,    0,    0,    0,    0,    0,    0,    0,    0,    0,    0,    0,    0,    0,    0,    0,    0,    0,    0,    0,    0,    0,    0,    0,    0,    0,    0,    0,    0,    0,    0,    0,    0,    0,    0,    0,    0,    0,    0,    0,    0,    0,    0,    0,    0,    0,    0,    0,    0,    0,    0,    0,    0,    0,    0,    0,    0,    0,    0,    0,    0,    0,    0,    0,    0,    0,    0,    0,    0,    0,    0,    0,    0,    0,    0,    0,    0,    0,    0,    0,    0,    0,    0,    0,    0,    0,    0,    0,    0,    0,    0,    0,    0,    0,    0,    0,    0,    0,    0,    0,    0,    0,    0,    0,    0,    0,    0,    0,    0,    0,    0,    0,    0,    0,    0],
        [  289,    0,    0,  223,  266,  631,  764,  435,  149,  315,  299,  445,  466,  628,  424,  596,  501,  221,  656,  118,  718,  583,  730,  185,  204,  433,  323,  297,  318,   83,  379,  407,  589,  449,  478,  446,  131,  607,  231,  557,  560,  383,  432,  406,  426,  132,  548,  216,  557,  322,  443,  366,  447,  585,  302,  613,  503,  353,  577,  369,  519,  413,  235,  271,  589,  515,  151,   94,  108,  603,  415,  690,  509,  398,  449,  304,  448,  615,  528,  428,  305,  423,  505,  485,   96,  443,  515,  600,  492,  385,  314,  669,  665,  711,  441,  534,  641,  217,  470,  362,  550,  281,  569,  201,  148,  580,  408,  338,  343,  537,  388,  707,  552,  718,  486,  318,  459,  452,  470,  283,  262,  435,  219,  327,  442,  456,   81,  243,  619,  569,   86,  368,   92,  407,  317,  406,  415,  245,  568,  607,  474,  600,   93,  383,  623,  446,  234,  530,  630,  485,  370,  235,  423,  515,  450,   41,  441,  576,  363,  209,  566,  464,  409,  608,  452,  459,  174,  123,  390,  550,  571,  371,  368,  370,  638,  635,  321,  379,  464,  479,  354,  578,  621,  677,  212,  249,  770,  354,  587,  573],
        [   70,    0,  223,    0,  248,  723,  764,  494,  136,  347,  103,  604,  482,  618,  586,  650,  717,  350,  870,  336,  753,  679,  772,   80,  367,  573,  305,  396,  416,  224,  581,  619,  748,  650,  336,  581,  287,  722,  344,  367,  663,  551,  225,  623,  621,  225,  717,  423,  337,  541,  525,  162,  566,  805,  190,  672,  701,  515,  570,  196,  312,  390,  446,   57,  794,  738,  127,  228,  238,  771,  469,  716,  724,  184,  594,  525,  454,  600,  625,  633,  389,  619,  509,  707,  232,  663,  424,  758,  399,  602,  342,  655,  740,  754,  476,  322,  749,  124,  687,  525,  617,  470,  760,  420,  306,  741,  188,  472,  469,  379,  602,  915,  772,  708,  618,  368,  245,  550,  380,  254,  125,  651,  141,  376,  642,  668,  239,  413,  679,  791,  261,  486,  180,  438,  179,  365,  326,  234,  361,  683,  262,  522,  199,  322,  740,  233,  428,  738,  821,  704,  379,  438,  563,  363,  647,  211,  244,  371,  558,  358,  730,  682,  392,  812,  393,  497,  271,  156,  201,  762,  357,  585,  573,  562,  616,  646,  256,  475,  610,  606,  525,  359,  801,  759,  278,  391,  803,  319,  370,  532],
        [  259,    0,  266,  248,    0,  484,  526,  250,  143,  105,  346,  416,  236,  382,  404,  402,  619,  482,  757,  363,  507,  441,  525,  296,  235,  699,  523,  553,  201,  334,  458,  515,  550,  519,  249,  373,  198,  491,  168,  375,  429,  381,  447,  623,  482,  370,  530,  341,  452,  536,  288,  261,  347,  722,  111,  425,  558,  343,  332,  441,  377,  155,  479,  242,  660,  680,  313,  344,  174,  581,  658,  471,  623,  398,  714,  470,  209,  366,  390,  668,  168,  479,  266,  663,  347,  645,  253,  559,  232,  602,  540,  422,  495,  507,  676,  403,  514,  351,  595,  627,  373,  540,  600,  431,  412,  546,  340,  603,  267,  316,  613,  781,  691,  473,  405,  130,  451,  318,  209,  473,  145,  654,  365,  137,  510,  561,  202,  508,  432,  730,  350,  276,  176,  639,  145,  141,  158,  442,  415,  439,  353,  335,  174,  118,  510,  334,  492,  614,  658,  620,  588,  342,  688,  289,  508,  226,  294,  418,  615,  474,  537,  673,  154,  675,  187,  250,  131,  317,  439,  649,  438,  598,  611,  623,  386,  403,   68,  637,  408,  389,  617,  470,  624,  516,   96,  226,  557,  545,  466,  312],
        [  742,    0,  631,  723,  484,    0,  322,  235,  595,  380,  825,  266,  289,  313,  284,  133,  560,  830,  609,  647,  201,   48,  185,  753,  434,  989,  950,  909,  317,  713,  439,  499,  247,  435,  623,  211,  500,   75,  403,  775,   75,  321,  930,  747,  406,  762,  282,  498,  903,  688,  199,  734,  190,  652,  583,  111,  421,  323,  304,  919,  814,  393,  712,  725,  495,  679,  750,  723,  532,  288, 1036,  216,  554,  881,  994,  574,  321,  326,  103,  833,  339,  405,  295,  694,  725,  730,  512,  244,  517,  733,  943,  328,   65,  175, 1067,  845,   54,  805,  560,  900,  123,  798,  394,  658,  756,  254,  817,  918,  291,  676,  759,  575,  639,  329,  178,  357,  932,  180,  511,  906,  628,  772,  816,  349,  431,  509,  553,  806,  107,  705,  704,  264,  582, 1035,  615,  429,  514,  869,  838,   63,  808,  489,  566,  474,   82,  796,  759,  494,  417,  590, 1000,  477,  980,  652,  412,  599,  743,  836,  829,  806,  262,  763,  384,  498,  450,  251,  472,  738,  920,  541,  873,  751,  799,  841,  347,  253,  508,  983,  223,  174,  879,  918,  353,   55,  451,  385,  230,  979,  906,  393],
        [  752,    0,  764,  764,  526,  322,    0,  345,  668,  451,  852,  549,  299,  147,  560,  223,  856,  985,  924,  825,  124,  338,  149,  821,  614, 1181, 1049, 1061,  472,  843,  711,  778,  566,  726,  523,  476,  647,  395,  549,  656,  362,  583,  921, 1000,  692,  886,  596,  712,  817,  926,  367,  704,  436,  955,  580,  228,  724,  568,  195,  944,  723,  375,  919,  741,  809,  967,  838,  854,  657,  608, 1175,  108,  851,  872, 1192,  821,  320,  166,  356, 1075,  471,  690,  262,  974,  857,  995,  390,  564,  409,  982, 1062,  112,  261,  152, 1197,  754,  373,  876,  850, 1098,  276,  999,  709,  863,  910,  572,  783, 1094,  493,  550, 1004,  895,  937,   61,  460,  447,  909,  387,  418,  998,  642, 1028,  890,  438,  720,  799,  685,  987,  228, 1000,  849,  468,  687, 1161,  602,  399,  456,  967,  728,  274,  739,  311,  677,  445,  403,  738,  954,  799,  737,  880, 1113,  697, 1171,  535,  704,  725,  676,  722, 1051,  969,  579, 1028,  374,  813,  380,  310,  592,  839,  933,  846,  772,  993, 1030, 1062,  155,  131,  508, 1143,  506,  448, 1082,  826,  673,  286,  553,  565,  124, 1070,  805,  247],
        [  508,    0,  435,  494,  250,  235,  345,    0,  371,  147,  594,  264,   92,  234,  265,  162,  554,  651,  657,  483,  284,  196,  295,  531,  270,  839,  742,  729,  128,  517,  395,  463,  358,  428,  405,  193,  310,  254,  208,  556,  188,  272,  696,  662,  390,  563,  359,  369,  673,  585,   57,  499,  150,  660,  348,  182,  444,  246,  190,  689,  587,  172,  575,  491,  544,  652,  535,  528,  329,  398,  849,  258,  553,  647,  849,  483,  112,  231,  150,  733,  131,  387,  127,  651,  530,  663,  316,  363,  313,  643,  745,  272,  246,  276,  875,  617,  271,  585,  541,  754,  124,  655,  458,  519,  576,  357,  582,  755,  157,  465,  664,  654,  636,  310,  206,  128,  698,   98,  301,  694,  394,  691,  596,  119,  420,  493,  354,  646,  189,  692,  517,  137,  370,  841,  381,  206,  292,  660,  615,  190,  577,  330,  356,  247,  272,  563,  610,  516,  506,  571,  799,  356,  829,  439,  409,  399,  512,  614,  707,  632,  355,  695,  161,  554,  239,   48,  263,  528,  688,  561,  647,  652,  687,  718,  259,  216,  274,  809,  234,  188,  738,  689,  454,  267,  232,  221,  335,  768,  679,  246],
        [  180,    0,  149,  136,  143,  595,  668,  371,    0,  228,  238,  468,  374,  525,  451,  531,  602,  349,  752,  263,  642,  549,  659,  161,  235,  571,  381,  415,  283,  200,  457,  500,  612,  525,  330,  446,  159,  589,  208,  413,  531,  418,  359,  547,  494,  230,  582,  306,  434,  460,  396,  235,  432,  696,  154,  552,  573,  381,  475,  329,  384,  297,  382,  161,  669,  638,  170,  209,  111,  636,  516,  608,  608,  316,  588,  421,  349,  509,  494,  575,  257,  491,  407,  612,  213,  579,  376,  622,  353,  525,  397,  564,  615,  640,  533,  403,  617,  215,  574,  505,  494,  429,  629,  343,  284,  606,  294,  472,  333,  389,  531,  791,  664,  616,  483,  243,  376,  418,  331,  331,  118,  577,  227,  252,  517,  549,  122,  386,  558,  690,  223,  351,   65,  496,  169,  282,  274,  300,  431,  558,  343,  467,   78,  250,  607,  317,  382,  615,  690,  593,  446,  317,  560,  367,  520,  116,  302,  438,  511,  344,  594,  602,  296,  687,  322,  381,  135,  174,  336,  643,  440,  514,  515,  518,  529,  543,  183,  499,  474,  471,  499,  455,  667,  633,  145,  256,  693,  404,  460,  453],
        [  363,    0,  315,  347,  105,  380,  451,  147,  228,    0,  448,  330,  153,  314,  321,  304,  569,  535,  695,  387,  416,  337,  432,  387,  206,  740,  605,  611,  114,  393,  403,  467,  457,  456,  309,  278,  207,  388,  127,  451,  325,  307,  551,  615,  418,  435,  442,  319,  547,  531,  184,  362,  248,  674,  210,  326,  488,  270,  263,  542,  466,  118,  495,  346,  591,  645,  395,  404,  208,  490,  725,  383,  570,  502,  753,  447,  135,  302,  286,  673,   82,  415,  191,  634,  406,  629,  264,  464,  251,  595,  614,  355,  393,  413,  747,  495,  410,  442,  548,  661,  270,  567,  522,  441,  462,  453,  443,  649,  182,  375,  611,  710,  646,  403,  307,   29,  555,  215,  231,  556,  249,  646,  454,   34,  447,  508,  237,  545,  333,  691,  400,  184,  237,  712,  244,  131,  197,  523,  500,  336,  448,  322,  227,  146,  406,  432,  519,  551,  578,  575,  666,  313,  729,  348,  442,  275,  386,  502,  631,  521,  446,  659,  109,  605,  183,  154,  144,  392,  542,  590,  528,  597,  620,  641,  326,  322,  143,  693,  316,  291,  648,  564,  537,  413,  103,  175,  467,  630,  557,  270],
        [  103,    0,  299,  103,  346,  825,  852,  594,  238,  448,    0,  703,  578,  706,  685,  748,  799,  368,  954,  402,  848,  780,  869,  116,  464,  579,  263,  396,  518,  275,  672,  704,  848,  741,  388,  683,  383,  824,  445,  379,  765,  650,  133,  681,  714,  257,  815,  511,  302,  603,  627,  184,  668,  883,  272,  771,  793,  614,  660,   95,  306,  481,  500,  111,  883,  809,  163,  275,  334,  871,  442,  810,  807,  103,  602,  602,  548,  687,  727,  678,  491,  711,  602,  775,  279,  725,  494,  858,  470,  661,  317,  742,  840,  850,  439,  306,  851,  114,  769,  546,  717,  508,  855,  484,  344,  841,  161,  482,  570,  417,  656, 1004,  849,  794,  720,  468,  163,  652,  453,  217,  211,  707,  128,  477,  734,  754,  332,  445,  778,  862,  314,  588,  276,  402,  252,  454,  403,  213,  353,  783,  252,  593,  294,  407,  842,  226,  471,  826,  916,  783,  339,  527,  570,  407,  740,  297,  261,  365,  597,  385,  829,  741,  485,  902,  475,  595,  372,  199,   99,  848,  337,  640,  619,  600,  701,  738,  345,  467,  711,  708,  551,  322,  898,  860,  380,  491,  898,  267,  340,  614],
        [  644,    0,  445,  604,  416,  266,  549,  264,  468,  330,  703,    0,  356,  478,   23,  326,  308,  610,  394,  424,  444,  227,  437,  606,  244,  742,  763,  687,  218,  520,  174,  235,  146,  178,  637,   76,  326,  207,  263,  780,  198,   67,  827,  482,  145,  570,  115,  260,  867,  427,  212,  671,  120,  409,  526,  324,  183,   93,  443,  790,  792,  417,  465,  625,  280,  420,  588,  529,  372,  169,  817,  442,  304,  783,  744,  313,  373,  481,  194,  570,  251,  143,  390,  432,  529,  465,  570,  156,  563,  469,  742,  510,  326,  422,  853,  819,  246,  651,  302,  652,  274,  551,  196,  414,  541,  138,  747,  681,  150,  702,  495,  391,  389,  534,   91,  302,  842,  175,  548,  726,  547,  507,  657,  300,  172,  251,  381,  570,  326,  452,  500,  148,  430,  824,  560,  445,  523,  688,  828,  285,  768,  594,  412,  473,  216,  748,  518,  257,  249,  333,  800,  238,  734,  675,  156,  425,  709,  830,  572,  582,  126,  498,  405,  291,  489,  311,  334,  566,  802,  303,  853,  488,  539,  584,  508,  439,  470,  754,   45,  102,  630,  885,  208,  320,  338,  213,  484,  795,  881,  509],
        [  484,    0,  466,  482,  236,  289,  299,   92,  374,  153,  578,  356,    0,  166,  357,  179,  643,  687,  748,  532,  272,  259,  291,  531,  330,  887,  754,  763,  195,  545,  481,  549,  446,  518,  334,  285,  352,  324,  258,  486,  260,  361,  666,  735,  479,  587,  449,  438,  617,  655,  147,  459,  242,  749,  313,  204,  536,  333,  115,  672,  527,  107,  633,  469,  636,  737,  544,  556,  359,  486,  877,  235,  642,  617,  899,  559,   33,  156,  224,  802,  183,  477,   43,  734,  558,  741,  231,  450,  232,  716,  765,  207,  281,  273,  899,  557,  334,  586,  629,  806,  167,  709,  550,  578,  612,  446,  542,  798,  241,  389,  735,  746,  724,  253,  295,  150,  663,  187,  224,  705,  369,  766,  600,  142,  510,  582,  387,  693,  211,  778,  551,  224,  389,  863,  343,  142,  226,  672,  549,  232,  523,  238,  379,  190,  342,  514,  663,  607,  597,  658,  817,  427,  877,  365,  499,  427,  458,  547,  768,  672,  444,  772,  100,  646,  162,   48,  294,  543,  667,  652,  585,  722,  752,  778,  183,  170,  237,  845,  325,  277,  792,  631,  544,  306,  254,  287,  322,  778,  618,  155],
        [  606,    0,  628,  618,  382,  313,  147,  234,  525,  314,  706,  478,  166,    0,  484,  182,  781,  849,  869,  697,  180,  307,  210,  676,  494, 1052,  905,  924,  355,  705,  625,  693,  532,  652,  388,  403,  517,  375,  423,  528,  323,  499,  777,  895,  615,  746,  550,  600,  684,  817,  273,  561,  359,  884,  434,  202,  660,  476,   52,  798,  590,  229,  798,  595,  754,  883,  694,  716,  522,  575, 1036,  137,  778,  728, 1064,  717,  180,   22,  301,  964,  347,  613,  125,  884,  719,  897,  256,  533,  272,  876,  921,   42,  270,  198, 1056,  621,  366,  730,  770,  971,  217,  874,  660,  743,  775,  535,  640,  962,  391,  422,  896,  854,  863,   91,  399,  315,  766,  304,  278,  854,  496,  924,  745,  307,  645,  721,  550,  858,  206,  921,  714,  369,  547, 1019,  457,  253,  311,  823,  599,  251,  601,  194,  539,  299,  388,  598,  828,  734,  698,  800,  970,  587, 1042,  404,  631,  589,  537,  594,  932,  835,  538,  929,  229,  761,  235,  190,  457,  697,  787,  781,  641,  884,  915,  943,   35,   64,  362, 1007,  439,  383,  957,  694,  638,  300,  417,  449,  218,  926,  675,  110],
        [  628,    0,  424,  586,  404,  284,  560,  265,  451,  321,  685,   23,  357,  484,    0,  338,  298,  587,  392,  402,  458,  244,  452,  587,  224,  721,  742,  665,  208,  498,  157,  220,  166,  169,  629,   85,  306,  227,  247,  771,  214,   44,  810,  464,  133,  548,  131,  238,  853,  406,  215,  657,  127,  401,  514,  337,  180,   72,  448,  771,  780,  412,  443,  608,  280,  407,  567,  507,  352,  186,  795,  454,  295,  766,  722,  293,  371,  486,  208,  550,  241,  131,  391,  417,  507,  448,  566,  177,  558,  450,  720,  518,  343,  437,  830,  806,  266,  631,  290,  630,  284,  529,  202,  392,  519,  158,  731,  658,  139,  695,  476,  394,  380,  543,  108,  293,  825,  181,  542,  705,  532,  489,  636,  291,  162,  240,  361,  548,  339,  441,  478,  141,  411,  802,  547,  439,  516,  667,  817,  300,  755,  593,  393,  465,  237,  735,  495,  252,  257,  321,  778,  215,  712,  667,  148,  405,  697,  819,  551,  559,  145,  481,  401,  292,  484,  312,  317,  545,  784,  298,  841,  469,  518,  563,  514,  447,  459,  731,   62,  115,  608,  872,  221,  339,  323,  195,  499,  774,  869,  510],
        [  657,    0,  596,  650,  402,  133,  223,  162,  531,  304,  748,  326,  179,  182,  338,    0,  633,  809,  705,  636,  129,  127,  135,  690,  419,  990,  904,  888,  281,  678,  490,  556,  356,  504,  505,  254,  468,  194,  367,  656,  146,  363,  842,  785,  469,  725,  379,  507,  793,  715,  160,  637,  215,  733,  490,   26,  503,  351,  172,  843,  702,  285,  719,  642,  590,  744,  696,  689,  490,  399, 1010,  117,  629,  793,  998,  606,  211,  194,  134,  863,  291,  468,  173,  753,  691,  777,  387,  356,  395,  768,  906,  202,  105,  117, 1036,  733,  186,  745,  627,  903,   55,  802,  492,  663,  734,  360,  720,  909,  285,  554,  791,  682,  715,  213,  238,  289,  840,  170,  391,  856,  542,  812,  757,  279,  498,  576,  515,  799,   33,  777,  676,  258,  532, 1002,  520,  320,  402,  822,  721,   70,  701,  357,  518,  368,  207,  692,  759,  578,  525,  658,  961,  489,  980,  532,  482,  560,  635,  719,  846,  789,  365,  810,  278,  595,  332,  153,  425,  690,  840,  625,  759,  781,  822,  858,  216,  125,  413,  966,  283,  225,  885,  807,  463,  133,  394,  368,  178,  930,  792,  262],
        [  777,    0,  501,  717,  619,  560,  856,  554,  602,  569,  799,  308,  643,  781,  298,  633,    0,  555,  156,  410,  749,  528,  740,  685,  386,  591,  753,  615,  464,  542,  166,  105,  339,  130,  866,  382,  446,  491,  454,  991,  500,  284,  932,  263,  166,  582,  289,  296, 1036,  265,  509,  835,  424,  106,  717,  630,  143,  311,  742,  866,  979,  678,  364,  757,  131,  124,  646,  546,  492,  313,  736,  749,   13,  897,  582,  203,  652,  781,  501,  355,  491,  169,  681,  153,  544,  218,  831,  347,  819,  262,  707,  815,  624,  726,  778, 1001,  527,  710,   32,  508,  581,  429,  199,  344,  513,  328,  894,  569,  404,  933,  290,  222,   83,  841,  397,  545,  958,  478,  799,  733,  711,  273,  708,  547,  137,   62,  482,  480,  632,  145,  507,  420,  542,  761,  746,  698,  762,  698, 1023,  589,  943,  874,  526,  711,  493,  918,  422,   83,  229,   40,  761,  286,  585,  907,  152,  506,  895, 1028,  400,  522,  314,  245,  667,  149,  748,  602,  496,  613,  890,   62, 1037,  294,  355,  411,  809,  745,  685,  654,  351,  409,  483, 1056,  273,  613,  524,  397,  787,  787, 1060,  798],
        [  416,    0,  221,  350,  482,  830,  985,  651,  349,  535,  368,  610,  687,  849,  587,  809,  555,    0,  706,  186,  934,  782,  944,  273,  397,  226,  205,   80,  528,  149,  492,  489,  744,  555,  667,  631,  341,  796,  443,  716,  757,  544,  480,  355,  545,  126,  696,  351,  668,  301,  652,  511,  641,  609,  496,  824,  611,  523,  798,  388,  658,  632,  193,  406,  672,  519,  224,  140,  328,  748,  208,  907,  566,  467,  246,  360,  669,  836,  728,  326,  520,  543,  726,  476,  136,  409,  724,  755,  701,  340,  153,  890,  870,  925,  243,  664,  833,  255,  524,  179,  761,  156,  685,  217,   76,  733,  522,  125,  540,  719,  325,  776,  577,  938,  670,  538,  519,  656,  679,  201,  442,  374,  241,  547,  550,  532,  300,   88,  830,  568,  136,  567,  307,  217,  502,  623,  622,  177,  708,  813,  606,  814,  312,  596,  811,  578,  139,  611,  741,  526,  207,  373,  215,  700,  564,  261,  594,  718,  240,   33,  718,  414,  629,  692,  667,  678,  393,  195,  423,  614,  698,  311,  272,  240,  859,  855,  531,  159,  639,  666,  184,  689,  749,  879,  433,  447,  985,  238,  705,  792],
        [  928,    0,  656,  870,  757,  609,  924,  657,  752,  695,  954,  394,  748,  869,  392,  705,  156,  706,    0,  565,  808,  587,  793,  840,  528,  718,  906,  762,  585,  698,  300,  252,  364,  240, 1000,  468,  594,  535,  590, 1131,  562,  393, 1086,  386,  278,  737,  329,  447, 1184,  408,  605,  983,  513,  115,  859,  697,  213,  427,  836, 1022, 1124,  798,  513,  909,  116,  210,  802,  702,  641,  326,  878,  816,  148, 1051,  706,  359,  762,  873,  573,  470,  615,  281,  783,  255,  700,  332,  953,  369,  942,  391,  858,  899,  673,  782,  922, 1147,  566,  866,  188,  641,  657,  571,  216,  498,  667,  356, 1045,  708,  520, 1067,  417,   88,  138,  918,  471,  669, 1113,  569,  924,  888,  858,  386,  864,  670,  249,  203,  633,  627,  697,  185,  662,  529,  694,  907,  889,  822,  891,  853, 1167,  651, 1090,  984,  677,  840,  532, 1066,  570,  145,  201,  181,  910,  435,  714, 1040,  254,  660, 1040, 1171,  530,  673,  347,  349,  787,  112,  870,  704,  640,  769, 1045,  109, 1183,  424,  484,  540,  900,  825,  821,  794,  430,  487,  616, 1205,  265,  656,  663,  531,  838,  940, 1207,  902],
        [  404,    0,  118,  336,  363,  647,  825,  483,  263,  387,  402,  424,  532,  697,  402,  636,  410,  186,  565,    0,  764,  600,  771,  286,  218,  357,  356,  265,  357,  134,  316,  327,  559,  383,  589,  445,  181,  611,  277,  674,  574,  358,  533,  289,  368,  173,  512,  166,  672,  205,  477,  484,  458,  485,  414,  650,  439,  338,  647,  460,  637,  497,  120,  387,  513,  408,  242,  137,  190,  566,  394,  740,  419,  504,  367,  207,  520,  687,  547,  313,  355,  366,  573,  374,  135,  327,  615,  571,  594,  268,  323,  738,  690,  752,  429,  651,  648,  304,  378,  274,  586,  180,  511,   84,  119,  549,  523,  274,  359,  651,  270,  626,  451,  784,  485,  383,  564,  477,  571,  329,  379,  318,  301,  391,  377,  374,  162,  163,  655,  461,   98,  387,  201,  401,  432,  496,  518,  292,  685,  635,  591,  694,  196,  480,  625,  563,  132,  452,  569,  388,  381,  188,  347,  627,  390,  148,  559,  694,  253,  160,  534,  347,  491,  532,  546,  516,  246,  207,  486,  464,  688,  253,  253,  261,  712,  694,  423,  336,  453,  481,  261,  694,  572,  698,  289,  269,  814,  389,  704,  656],
        [  753,    0,  718,  753,  507,  201,  124,  284,  642,  416,  848,  444,  272,  180,  458,  129,  749,  934,  808,  764,    0,  223,   31,  801,  547, 1118, 1020, 1012,  408,  800,  613,  678,  447,  621,  562,  375,  593,  275,  491,  706,  250,  487,  932,  911,  588,  846,  480,  635,  857,  843,  288,  720,  339,  846,  581,  123,  614,  477,  206,  943,  764,  370,  848,  739,  693,  864,  811,  811,  612,  489, 1133,   44,  744,  883, 1126,  733,  301,  201,  251,  991,  414,  587,  248,  875,  813,  902,  432,  445,  446,  895, 1026,  172,  138,   28, 1158,  795,  250,  856,  746, 1031,  183,  931,  593,  792,  859,  454,  802, 1036,  414,  600,  919,  775,  830,  149,  354,  405,  926,  299,  449,  971,  639,  939,  869,  395,  615,  694,  638,  926,  120,  894,  800,  387,  650, 1123,  608,  401,  474,  938,  776,  161,  771,  374,  638,  450,  282,  765,  888,  688,  618,  776, 1080,  618, 1108,  581,  598,  681,  706,  771,  975,  915,  462,  935,  365,  697,  398,  263,  546,  807,  936,  735,  817,  909,  950,  986,  208,  123,  505, 1092,  400,  343, 1014,  868,  553,  162,  512,  496,   52, 1045,  851,  288],
        [  699,    0,  583,  679,  441,   48,  338,  196,  549,  337,  780,  227,  259,  307,  244,  127,  528,  782,  587,  600,  223,    0,  212,  707,  386,  943,  903,  861,  270,  665,  400,  462,  231,  401,  592,  166,  452,   69,  355,  744,   30,  278,  887,  706,  370,  714,  259,  451,  868,  644,  155,  695,  143,  623,  543,  113,  391,  278,  291,  874,  780,  360,  666,  682,  472,  644,  703,  675,  484,  273,  988,  230,  522,  839,  948,  531,  289,  317,   56,  790,  293,  369,  271,  658,  677,  691,  487,  230,  490,  691,  896,  328,  100,  199, 1019,  810,   76,  759,  526,  853,   97,  751,  372,  611,  708,  236,  777,  871,  243,  648,  716,  559,  608,  337,  136,  314,  891,  133,  482,  858,  586,  731,  769,  306,  395,  474,  505,  759,  112,  673,  656,  217,  535,  987,  576,  395,  482,  822,  805,   65,  772,  472,  519,  439,   85,  759,  713,  466,  401,  556,  952,  431,  933,  623,  378,  552,  707,  804,  784,  758,  242,  724,  350,  476,  420,  217,  425,  691,  877,  513,  840,  708,  755,  796,  341,  252,  470,  936,  183,  130,  833,  883,  338,  100,  405,  337,  259,  932,  872,  377],
        [  774,    0,  730,  772,  525,  185,  149,  295,  659,  432,  869,  437,  291,  210,  452,  135,  740,  944,  793,  771,   31,  212,    0,  818,  553, 1124, 1035, 1022,  416,  812,  608,  672,  431,  612,  589,  370,  603,  259,  501,  734,  241,  483,  955,  909,  581,  858,  466,  638,  884,  843,  294,  744,  337,  835,  603,  123,  603,  476,  233,  963,  791,  392,  852,  760,  679,  856,  826,  822,  623,  472, 1144,   74,  734,  906, 1131,  732,  321,  230,  246,  991,  425,  580,  270,  868,  825,  898,  460,  428,  473,  894, 1039,  202,  121,   19, 1170,  822,  231,  873,  737, 1037,  186,  935,  578,  796,  868,  438,  826, 1044,  417,  629,  918,  758,  820,  179,  346,  419,  950,  300,  476,  987,  659,  936,  886,  410,  607,  686,  649,  933,  119,  885,  811,  390,  664, 1135,  631,  424,  499,  953,  804,  153,  797,  404,  651,  474,  264,  791,  893,  677,  601,  768, 1093,  620, 1114,  609,  590,  693,  732,  799,  977,  924,  446,  931,  387,  682,  424,  278,  558,  821,  957,  724,  845,  909,  951,  989,  238,  151,  527, 1101,  393,  337, 1018,  895,  536,  141,  526,  503,   48, 1061,  878,  317],
        [  144,    0,  185,   80,  296,  753,  821,  531,  161,  387,  116,  606,  531,  676,  587,  690,  685,  273,  840,  286,  801,  707,  818,    0,  363,  495,  233,  317,  438,  161,  561,  591,  752,  631,  413,  594,  282,  744,  358,  444,  688,  549,  248,  567,  605,  151,  716,  399,  401,  488,  555,  239,  584,  767,  259,  712,  684,  515,  626,  187,  385,  447,  387,  134,  772,  693,   51,  163,  236,  771,  391,  766,  693,  218,  517,  486,  505,  659,  652,  569,  414,  603,  562,  660,  166,  610,  496,  762,  471,  547,  265,  714,  775,  799,  400,  393,  773,   56,  654,  450,  654,  402,  748,  368,  236,  744,  252,  395,  483,  458,  543,  891,  734,  766,  632,  403,  279,  575,  451,  182,  196,  593,   70,  412,  624,  640,  227,  342,  718,  747,  200,  503,  178,  362,  253,  426,  396,  157,  435,  718,  334,  593,  196,  385,  761,  305,  362,  714,  809,  668,  305,  416,  485,  442,  631,  187,  322,  445,  491,  284,  731,  627,  447,  791,  458,  540,  284,   86,  206,  734,  427,  527,  509,  494,  676,  698,  318,  396,  618,  622,  452,  422,  795,  793,  303,  397,  852,  252,  436,  595],
        [  415,    0,  204,  367,  235,  434,  614,  270,  235,  206,  464,  244,  330,  494,  224,  419,  386,  397,  528,  218,  547,  386,  553,  363,    0,  572,  526,  476,  142,  284,  228,  282,  390,  294,  484,  243,   82,  405,   80,  606,  361,  187,  591,  411,  261,  334,  353,  114,  660,  328,  260,  459,  246,  487,  332,  432,  340,  153,  445,  548,  597,  323,  306,  395,  438,  447,  344,  294,  130,  409,  602,  525,  390,  549,  580,  242,  325,  486,  332,  472,  148,  258,  372,  432,  295,  424,  466,  400,  449,  391,  513,  535,  474,  535,  633,  620,  440,  407,  361,  486,  368,  386,  395,  250,  322,  382,  526,  491,  144,  551,  407,  560,  457,  577,  283,  190,  610,  260,  428,  486,  332,  442,  413,  196,  285,  328,  137,  380,  437,  496,  271,  171,  189,  602,  362,  334,  384,  449,  640,  418,  564,  527,  170,  336,  421,  540,  341,  387,  455,  385,  570,  110,  562,  524,  287,  182,  513,  644,  439,  374,  369,  454,  314,  455,  386,  307,  112,  323,  562,  419,  656,  394,  422,  450,  513,  484,  302,  552,  260,  276,  469,  680,  435,  483,  140,   51,  597,  557,  681,  470],
        [  638,    0,  433,  573,  699,  989, 1181,  839,  571,  740,  579,  742,  887, 1052,  721,  990,  591,  226,  718,  357, 1118,  943, 1124,  495,  572,    0,  352,  184,  712,  372,  590,  562,  857,  638,  892,  781,  536,  944,  633,  939,  915,  678,  676,  333,  641,  352,  805,  492,  880,  335,  831,  733,  801,  607,  720, 1002,  689,  668, 1001,  578,  878,  844,  279,  628,  721,  510,  447,  363,  534,  851,  210, 1096,  603,  672,   26,  440,  874, 1041,  893,  253,  711,  640,  928,  464,  359,  387,  946,  868,  922,  330,  284, 1093, 1037, 1106,  251,  882,  983,  468,  563,   91,  938,  193,  763,  332,  288,  846,  737,  101,  708,  945,  303,  801,  581, 1139,  818,  738,  717,  826,  900,  377,  667,  334,  453,  746,  636,  591,  505,  195, 1007,  546,  350,  736,  524,  258,  727,  839,  844,  370,  927,  984,  825, 1033,  526,  815,  956,  797,  232,  665,  810,  553,  302,  513,   11,  926,  654,  474,  816,  938,  192,  227,  830,  373,  840,  739,  885,  872,  597,  420,  616,  651,  914,  298,  237,  181, 1066, 1051,  751,  131,  779,  818,  114,  900,  835, 1042,  639,  622, 1168,  374,  918, 1005],
        [  351,    0,  323,  305,  523,  950, 1049,  742,  381,  605,  263,  763,  754,  905,  742,  904,  753,  205,  906,  356, 1020,  903, 1035,  233,  526,  352,    0,  180,  634,  244,  671,  679,  905,  738,  638,  769,  453,  930,  548,  641,  881,  699,  332,  559,  722,  194,  861,  516,  550,  505,  758,  443,  769,  812,  491,  923,  794,  672,  855,  234,  567,  676,  395,  350,  864,  723,  211,  235,  419,  916,  181,  988,  764,  338,  378,  553,  730,  888,  847,  523,  617,  720,  788,  680,  235,  613,  728,  916,  703,  544,   69,  944,  981, 1016,  176,  565,  963,  182,  721,  350,  862,  358,  866,  410,  241,  895,  422,  270,  665,  675,  529,  973,  780,  995,  809,  617,  375,  771,  683,   52,  428,  578,  165,  626,  732,  724,  398,  292,  930,  772,  266,  689,  373,  139,  483,  657,  629,   83,  614,  923,  514,  825,  387,  618,  946,  488,  343,  803,  924,  726,   76,  538,  345,  662,  745,  352,  523,  626,  437,  237,  881,  618,  676,  884,  691,  758,  481,  215,  272,  811,  593,  515,  473,  434,  907,  924,  550,  225,  785,  801,  365,  569,  925,  995,  510,  571, 1072,   34,  591,  827],
        [  459,    0,  297,  396,  553,  909, 1061,  729,  415,  611,  396,  687,  763,  924,  665,  888,  615,   80,  762,  265, 1012,  861, 1022,  317,  476,  184,  180,    0,  607,  220,  564,  557,  819,  625,  724,  710,  420,  875,  522,  760,  836,  621,  493,  395,  617,  186,  771,  428,  697,  354,  731,  555,  720,  661,  557,  903,  680,  602,  873,  397,  697,  705,  253,  451,  736,  567,  272,  210,  404,  823,  130,  985,  627,  488,  208,  427,  744,  911,  808,  348,  598,  615,  801,  522,  206,  451,  789,  831,  765,  382,  114,  965,  949, 1003,  168,  700,  912,  286,  584,  171,  840,  194,  755,  286,  155,  809,  555,   92,  619,  773,  363,  836,  630, 1014,  749,  614,  535,  735,  744,  197,  500,  409,  271,  623,  620,  597,  377,  136,  909,  613,  213,  646,  379,  147,  559,  694,  687,  186,  746,  893,  644,  882,  386,  664,  889,  616,  194,  676,  809,  583,  154,  450,  175,  755,  636,  336,  638,  757,  263,  106,  793,  450,  702,  756,  736,  755,  470,  250,  434,  676,  732,  351,  302,  259,  933,  931,  597,   84,  717,  745,  186,  717,  821,  959,  509,  526, 1063,  208,  735,  864],
        [  445,    0,  318,  416,  201,  317,  472,  128,  283,  114,  518,  218,  195,  355,  208,  281,  464,  528,  585,  357,  408,  270,  416,  438,  142,  712,  634,  607,    0,  401,  298,  364,  349,  346,  422,  172,  188,  307,   87,  564,  251,  194,  633,  541,  307,  449,  331,  245,  652,  462,  126,  460,  151,  569,  312,  297,  376,  158,  308,  611,  575,  215,  447,  427,  479,  548,  433,  411,  216,  381,  730,  384,  464,  586,  721,  365,  196,  349,  215,  609,   34,  305,  237,  543,  413,  547,  369,  358,  358,  522,  631,  395,  348,  397,  758,  603,  336,  489,  445,  627,  233,  527,  409,  391,  453,  345,  539,  629,   69,  488,  541,  597,  543,  436,  206,   86,  643,  138,  340,  589,  339,  571,  499,   86,  338,  402,  238,  519,  302,  593,  396,   75,  265,  724,  346,  238,  310,  553,  611,  290,  554,  412,  249,  259,  325,  535,  483,  440,  464,  474,  686,  233,  702,  461,  331,  284,  493,  613,  580,  508,  337,  578,  204,  493,  286,  166,  156,  421,  616,  481,  637,  529,  561,  591,  376,  343,  253,  686,  208,  192,  611,  670,  425,  361,  139,   94,  458,  662,  665,  344],
        [  293,    0,   83,  224,  334,  713,  843,  517,  200,  393,  275,  520,  545,  705,  498,  678,  542,  149,  698,  134,  800,  665,  812,  161,  284,  372,  244,  220,  401,    0,  438,  456,  662,  507,  523,  526,  214,  688,  314,  583,  642,  456,  403,  407,  487,   51,  620,  277,  559,  329,  526,  382,  529,  618,  349,  695,  562,  429,  654,  327,  534,  485,  227,  279,  641,  539,  112,   11,  189,  675,  333,  771,  551,  377,  390,  340,  526,  692,  610,  411,  388,  485,  583,  503,   14,  451,  575,  673,  552,  387,  231,  746,  747,  793,  359,  545,  723,  172,  511,  311,  633,  247,  632,  211,   87,  653,  409,  272,  424,  578,  383,  756,  584,  795,  566,  398,  436,  535,  530,  208,  299,  433,  167,  407,  500,  504,  164,  194,  701,  592,   40,  450,  159,  324,  357,  475,  474,  170,  584,  690,  485,  665,  167,  447,  704,  456,  204,  581,  691,  521,  287,  298,  361,  557,  511,  119,  463,  593,  335,  146,  639,  467,  482,  661,  519,  540,  255,   77,  355,  596,  581,  367,  350,  339,  714,  714,  382,  303,  542,  559,  308,  580,  687,  760,  291,  330,  851,  276,  592,  645],
        [  636,    0,  379,  581,  458,  439,  711,  395,  457,  403,  672,  174,  481,  625,  157,  490,  166,  492,  300,  316,  613,  400,  608,  561,  228,  590,  671,  564,  298,  438,    0,   69,  267,   70,  704,  238,  298,  379,  292,  832,  370,  129,  803,  310,   53,  484,  215,  163,  887,  262,  353,  686,  276,  272,  560,  491,  125,  150,  584,  747,  825,  513,  321,  616,  213,  258,  530,  445,  347,  262,  693,  607,  167,  764,  589,  151,  489,  624,  363,  399,  325,   52,  520,  263,  444,  292,  666,  278,  653,  298,  638,  661,  499,  593,  732,  848,  417,  595,  148,  500,  436,  403,  195,  279,  434,  256,  750,  541,  241,  771,  325,  335,  245,  690,  264,  379,  826,  326,  634,  642,  560,  334,  597,  382,   63,  105,  343,  435,  494,  298,  409,  259,  402,  708,  590,  533,  597,  605,  867,  456,  792,  709,  384,  547,  386,  768,  378,  159,  254,  177,  695,  145,  582,  744,   74,  375,  741,  872,  410,  461,  240,  325,  502,  231,  583,  442,  340,  500,  767,  192,  884,  320,  373,  422,  652,  594,  523,  620,  217,  271,  477,  907,  258,  494,  364,  234,  655,  705,  909,  635],
