{
    "name": "random-7-11126",
    "comment": "size=7 seed=11126",
    "nodes": ["+0", "-0", "+1", "-1", "+2", "-2", "+3", "-3", "+4", "-4", "+5", "-5", "+6", "-6", "+7", "-7"],
    "precedence": {
        "+0": "-0",
        "+1": "-1",
        "+2": "-2",
        "+3": "-3",
        "+4": "-4",
        "+5": "-5",
        "+6": "-6",
        "+7": "-7"
    },
    "edges": [
        [    0,    0,  689,  520,  675,  346,  208,  671,  631,  517,  301,  918,   37,  716,  236,  406],
        [    0,    0,  689,  520,  675,  346,  208,  671,  631,  517,  301,  918,   37,  716,  236,  406],
        [  689,  689,    0,  703,  509,  602,  668,  564,  768,  213,  400,  263,  725,  198,  789,  337],
        [  520,  520,  703,    0, 1001,  186,  315,  259,  113,  499,  440,  800,  540,  851,  360,  403],
        [  675,  675,  509, 1001,    0,  833,  797,  974, 1100,  574,  563,  743,  698,  336,  888,  613],
        [  346,  346,  602,  186,  833,    0,  155,  340,  297,  389,  272,  754,  371,  721,  247,  270],
        [  208,  208,  668,  315,  797,  155,    0,  494,  425,  463,  279,  856,  226,  751,  122,  336],
        [  671,  671,  564,  259,  974,  340,  494,    0,  253,  404,  468,  588,  700,  746,  579,  374],
        [  631,  631,  768,  113, 1100,  297,  425,  253,    0,  574,  543,  833,  650,  930,  459,  493],
        [  517,  517,  213,  499,  574,  389,  463,  404,  574,    0,  216,  404,  553,  356,  584,  127],
        [  301,  301,  400,  440,  563,  272,  279,  468,  543,  216,    0,  619,  338,  472,  397,  116],
        [  918,  918,  263,  800,  743,  754,  856,  588,  833,  404,  619,    0,  955,  409,  976,  525],
        [   37,   37,  725,  540,  698,  371,  226,  700,  650,  553,  338,  955,    0,  749,  235,  442],
        [  716,  716,  198,  851,  336,  721,  751,  746,  930,  356,  472,  409,  749,    0,  866,  454],
        [  236,  236,  789,  360,  888,  247,  122,  579,  459,  584,  397,  976,  235,  866,    0,  457],
        [  406,  406,  337,  403,  613,  270,  336,  374,  493,  127,  116,  525,  442,  454,  457,    0]
    ]
}
