{
    "name": "random-32-22085",
    "comment": "size=32 seed=22085",
    "nodes": ["+0", "-0", "+1", "-1", "+2", "-2", "+3", "-3", "+4", "-4", "+5", "-5", "+6", "-6", "+7", "-7", "+8", "-8", "+9", "-9", "+10", "-10", "+11", "-11", "+12", "-12", "+13", "-13", "+14", "-14", "+15", "-15", "+16", "-16", "+17", "-17", "+18", "-18", "+19", "-19", "+20", "-20", "+21", "-21", "+22", "-22", "+23", "-23", "+24", "-24", "+25", "-25", "+26", "-26", "+27", "-27", "+28", "-28", "+29", "-29", "+30", "-30", "+31", "-31", "+32", "-32"],
    "precedence": {
        "+0": "-0",
        "+1": "-1",
        "+2": "-2",
        "+3": "-3",
        "+4": "-4",
        "+5": "-5",
        "+6": "-6",
        "+7": "-7",
        "+8": "-8",
        "+9": "-9",
        "+10": "-10",
        "+11": "-11",
        "+12": "-12",
        "+13": "-13",
        "+14": "-14",
        "+15": "-15",
        "+16": "-16",
        "+17": "-17",
        "+18": "-18",
        "+19": "-19",
        "+20": "-20",
        "+21": "-21",
        "+22": "-22",
        "+23": "-23",
        "+24": "-24",
        "+25": "-25",
        "+26": "-26",
        "+27": "-27",
        "+28": "-28",
        "+29": "-29",
        "+30": "-30",
        "+31": "-31",
        "+32": "-32"
    },
    "edges": [
        [    0,    0,  286,  186,  507,  499,  307,  507,  503,  677,  362,  213,  671,  404,  230,  519,   88,  384,  396,  313,  320,  397,  483,  219,  347,  481,  378,  114,  435,  353,  378,  296,  249,  114,  676,  329,  535,  429,  649,  653,  602,  581,  322,  335,  492,  360,  459,  572,  466,  330,  353,  500,  151,  550,  150,  338,  134,  580,  351,  564,  443,  403,  416,  490,  642,  564],
        [    0,    0,  286,  186,  507,  499,  307,  507,  503,  677,  362,  213,  671,  404,  230,  519,   88,  384,  396,  313,  320,  397,  483,  219,  347,  481,  378,  114,  435,  353,  378,  296,  249,  114,  676,  329,  535,  429,  649,  653,  602,  581,  322,  335,  492,  360,  459,  572,  466,  330,  353,  500,  151,  550,  150,  338,  134,  580,  351,  564,  443,  403,  416,  490,  642,  564],
        [  286,  286,    0,  218,  288,  777,  278,  727,  523,  851,  560,  301,  786,  580,  210,  800,  244,  288,  633,  150,  363,  664,  260,  237,  370,  754,  663,  247,  441,  515,  528,  133,  517,  225,  441,  357,  548,  180,  414,  938,  792,  515,  606,  485,  440,  611,  654,  854,  299,  571,  184,  507,  329,  801,  212,  621,  153,  455,  567,  469,  182,  688,  458,  650,  919,  845],
        [  186,  186,  218,    0,  501,  601,  124,  693,  351,  859,  546,   84,  840,  584,  310,  626,  222,  449,  426,  329,  168,  475,  473,  319,  469,  652,  520,  246,  555,  297,  311,  146,  428,   73,  658,  170,  381,  397,  630,  797,  787,  673,  477,  507,  587,  413,  642,  682,  495,  515,  372,  624,  128,  731,  250,  497,  154,  639,  536,  639,  400,  546,  271,  668,  806,  670],
        [  507,  507,  288,  501,    0,  999,  563,  791,  805,  848,  629,  584,  727,  621,  298, 1017,  429,  198,  894,  194,  650,  903,   29,  325,  346,  895,  856,  414,  360,  796,  811,  412,  674,  490,  170,  644,  828,  113,  143, 1112,  813,  329,  790,  527,  295,  863,  702, 1068,   95,  685,  156,  400,  597,  902,  367,  799,  387,  222,  652,  265,  125,  878,  744,  661, 1061, 1062],
        [  499,  499,  777,  601,  999,    0,  664,  541,  688,  746,  543,  548,  855,  600,  706,   30,  570,  848,  243,  806,  598,  136,  976,  684,  752,  318,  175,  586,  823,  429,  448,  745,  368,  560, 1168,  616,  711,  926, 1142,  259,  665,  992,  242,  616,  909,  214,  580,   83,  946,  437,  843,  868,  474,  450,  633,  247,  631, 1030,  504,  998,  941,  170,  623,  665,  353,   70],
        [  307,  307,  278,  124,  563,  664,    0,  813,  247,  982,  669,  121,  963,  708,  420,  691,  346,  546,  457,  415,   97,  531,  535,  433,  584,  756,  609,  368,  668,  289,  292,  153,  541,  196,  705,   85,  274,  452,  679,  881,  909,  774,  576,  630,  691,  459,  765,  747,  575,  634,  455,  737,  208,  844,  368,  597,  269,  727,  658,  735,  447,  636,  182,  792,  904,  734],
        [  507,  507,  727,  693,  791,  541,  813,    0,  980,  210,  169,  708,  325,  173,  535,  534,  496,  595,  664,  650,  811,  567,  781,  504,  448,  235,  381,  485,  465,  758,  786,  788,  287,  621,  936,  823, 1010,  780,  915,  457,  127,  615,  340,  265,  562,  607,   94,  551,  704,  182,  663,  472,  626,  141,  516,  322,  595,  704,  162,  651,  804,  376,  893,  171,  342,  558],
        [  503,  503,  523,  351,  805,  688,  247,  980,    0, 1168,  856,  292, 1174,  903,  660,  717,  565,  792,  446,  662,  186,  555,  777,  669,  819,  871,  696,  590,  905,  261,  240,  394,  694,  410,  939,  182,   32,  692,  914,  937, 1089, 1019,  685,  838,  935,  477,  949,  767,  821,  799,  702,  975,  360,  980,  600,  708,  505,  974,  838,  981,  686,  720,   88,  990,  993,  751],
        [  677,  677,  851,  859,  848,  746,  982,  210, 1168,    0,  315,  886,  184,  277,  644,  737,  645,  655,  873,  745,  992,  777,  845,  615,  512,  432,  590,  628,  491,  958,  986,  934,  485,  787,  969, 1003, 1199,  864,  952,  629,   84,  598,  550,  367,  574,  816,  220,  749,  755,  376,  747,  467,  809,  309,  648,  532,  740,  709,  331,  651,  890,  584, 1080,  201,  496,  757],
        [  362,  362,  560,  546,  629,  543,  669,  169,  856,  315,    0,  572,  339,   59,  367,  545,  337,  434,  603,  482,  678,  528,  617,  336,  291,  301,  369,  323,  326,  658,  686,  629,  199,  473,  779,  689,  887,  612,  757,  539,  242,  489,  306,  106,  423,  547,   98,  578,  545,  107,  496,  350,  497,  275,  350,  298,  434,  563,   40,  515,  637,  376,  768,  141,  453,  580],
        [  213,  213,  301,   84,  584,  548,  121,  708,  292,  886,  572,    0,  883,  616,  381,  575,  273,  526,  355,  410,  108,  417,  557,  386,  533,  638,  489,  300,  620,  214,  228,  214,  429,  121,  741,  117,  323,  480,  714,  761,  810,  747,  456,  547,  660,  349,  667,  631,  577,  526,  454,  689,   88,  730,  314,  477,  226,  718,  557,  716,  483,  515,  206,  702,  784,  618],
        [  671,  671,  786,  840,  727,  855,  963,  325, 1174,  184,  339,  883,    0,  283,  577,  852,  618,  547,  941,  660,  990,  860,  729,  552,  419,  559,  686,  595,  372,  993, 1021,  888,  537,  771,  828,  998, 1205,  763,  815,  778,  222,  442,  632,  336,  437,  885,  277,  873,  633,  435,  652,  329,  817,  455,  602,  619,  701,  560,  372,  501,  789,  687, 1087,  199,  654,  878],
        [  404,  404,  580,  584,  621,  600,  708,  173,  903,  277,   59,  616,  283,    0,  378,  601,  368,  423,  661,  488,  723,  587,  611,  347,  276,  345,  426,  351,  296,  712,  740,  658,  257,  512,  764,  733,  935,  615,  743,  583,  213,  452,  364,   98,  393,  605,   82,  632,  533,  164,  497,  310,  544,  299,  373,  355,  463,  534,   97,  484,  640,  431,  815,   88,  488,  634],
        [  230,  230,  210,  310,  298,  706,  420,  535,  660,  644,  367,  381,  577,  378,    0,  722,  144,  155,  626,  118,  478,  618,  278,   32,  167,  604,  559,  122,  249,  568,  589,  317,  378,  262,  466,  479,  689,  252,  440,  816,  589,  366,  492,  281,  279,  588,  456,  772,  242,  401,  145,  318,  357,  627,   80,  501,  157,  352,  381,  340,  274,  580,  580,  443,  771,  766],
        [  519,  519,  800,  626, 1017,   30,  691,  534,  717,  737,  545,  575,  852,  601,  722,    0,  589,  862,  272,  825,  626,  164,  994,  699,  763,  307,  180,  604,  832,  458,  478,  770,  376,  584, 1186,  644,  740,  946, 1159,  231,  658, 1001,  249,  622,  920,  243,  578,   56,  962,  439,  861,  876,  500,  437,  650,  251,  652, 1042,  506, 1009,  961,  170,  652,  664,  331,   46],
        [   88,   88,  244,  222,  429,  570,  346,  496,  565,  645,  337,  273,  618,  368,  144,  589,    0,  297,  483,  236,  379,  477,  406,  132,  265,  511,  435,   28,  353,  436,  460,  293,  274,  155,  599,  385,  595,  361,  572,  703,  577,  495,  372,  286,  406,  445,  434,  640,  383,  331,  274,  420,  228,  560,   65,  385,  100,  493,  335,  477,  378,  458,  479,  450,  676,  634],
        [  384,  384,  288,  449,  198,  848,  546,  595,  792,  655,  434,  526,  547,  423,  155,  862,  297,    0,  780,  139,  615,  768,  191,  168,  148,  709,  692,  274,  177,  720,  740,  418,  500,  410,  347,  614,  820,  216,  325,  935,  617,  229,  623,  331,  152,  741,  505,  910,  112,  497,  113,  233,  510,  708,  235,  629,  301,  197,  459,  191,  243,  712,  717,  465,  874,  905],
        [  396,  396,  633,  426,  894,  243,  457,  664,  446,  873,  603,  355,  941,  661,  626,  272,  483,  780,    0,  702,  377,  119,  868,  613,  723,  486,  300,  507,  807,  191,  208,  568,  405,  410, 1060,  395,  469,  803, 1033,  498,  789,  966,  325,  640,  877,   57,  671,  322,  861,  508,  744,  865,  305,  615,  546,  344,  507,  975,  569,  955,  811,  317,  386,  742,  574,  306],
        [  313,  313,  150,  329,  194,  806,  415,  650,  662,  745,  482,  410,  660,  488,  118,  825,  236,  139,  702,    0,  491,  709,  171,  150,  241,  721,  668,  223,  300,  616,  634,  281,  492,  305,  364,  488,  689,  134,  337,  930,  696,  366,  602,  390,  291,  670,  567,  876,  167,  519,   44,  364,  411,  745,  176,  613,  197,  313,  497,  322,  156,  690,  591,  546,  889,  869],
        [  320,  320,  363,  168,  650,  598,   97,  811,  186,  992,  678,  108,  990,  723,  478,  626,  379,  615,  377,  491,    0,  463,  622,  485,  634,  726,  565,  405,  721,  198,  197,  246,  528,  225,  797,   19,  217,  540,  771,  828,  915,  840,  541,  655,  755,  387,  773,  681,  654,  629,  533,  790,  185,  825,  415,  563,  322,  802,  662,  806,  538,  591,  103,  809,  864,  666],
        [  397,  397,  664,  475,  903,  136,  531,  567,  555,  777,  528,  417,  860,  587,  618,  164,  477,  768,  119,  709,  463,    0,  879,  601,  690,  375,  191,  497,  769,  296,  316,  620,  333,  442, 1072,  481,  580,  823, 1045,  383,  694,  934,  230,  581,  848,   80,  585,  218,  859,  426,  749,  822,  348,  505,  541,  246,  524,  958,  491,  932,  834,  204,  488,  663,  456,  204],
        [  483,  483,  260,  473,   29,  976,  535,  781,  777,  845,  617,  557,  729,  611,  278,  994,  406,  191,  868,  171,  622,  879,    0,  306,  338,  878,  836,  392,  359,  768,  784,  384,  655,  463,  194,  616,  801,   86,  167, 1094,  807,  341,  769,  517,  301,  838,  693, 1046,   98,  670,  135,  404,  570,  889,  345,  779,  361,  240,  639,  279,  100,  858,  716,  655, 1045, 1039],
        [  219,  219,  237,  319,  325,  684,  433,  504,  669,  615,  336,  386,  552,  347,   32,  699,  132,  168,  613,  150,  485,  601,  306,    0,  151,  574,  534,  107,  237,  564,  587,  338,  350,  265,  491,  488,  699,  283,  466,  788,  558,  366,  466,  251,  278,  573,  425,  749,  263,  370,  173,  306,  354,  596,   74,  475,  166,  362,  349,  346,  305,  555,  588,  414,  741,  743],
        [  347,  347,  370,  469,  346,  752,  584,  448,  819,  512,  291,  533,  419,  276,  167,  763,  265,  148,  723,  241,  634,  690,  338,  151,    0,  578,  586,  238,   89,  699,  724,  483,  389,  412,  490,  638,  849,  353,  468,  810,  470,  244,  516,  186,  158,  677,  357,  806,  257,  365,  237,  157,  493,  565,  220,  519,  316,  283,  319,  246,  379,  603,  737,  318,  739,  804],
        [  481,  481,  754,  652,  895,  318,  756,  235,  871,  432,  301,  638,  559,  345,  604,  307,  511,  709,  486,  721,  726,  375,  878,  574,  578,    0,  187,  512,  624,  622,  649,  777,  237,  586, 1055,  742,  900,  854, 1032,  239,  354,  790,  187,  401,  721,  433,  297,  318,  820,  214,  747,  651,  551,  133,  555,  164,  603,  858,  265,  813,  875,  171,  789,  386,  168,  326],
        [  378,  378,  663,  520,  856,  175,  609,  381,  696,  590,  369,  489,  686,  426,  559,  180,  435,  692,  300,  668,  565,  191,  836,  534,  586,  187,    0,  446,  653,  441,  467,  658,  198,  464, 1024,  582,  723,  795,  998,  279,  508,  823,   71,  442,  742,  246,  410,  221,  796,  263,  701,  696,  403,  316,  492,   72,  511,  867,  330,  832,  812,   27,  617,  493,  300,  219],
        [  114,  114,  247,  246,  414,  586,  368,  485,  590,  628,  323,  300,  595,  351,  122,  604,   28,  274,  507,  223,  405,  497,  392,  107,  238,  512,  446,    0,  326,  463,  487,  308,  277,  180,  583,  410,  621,  350,  556,  711,  561,  469,  381,  266,  380,  467,  419,  655,  363,  325,  258,  393,  256,  555,   47,  393,  113,  469,  324,  451,  369,  468,  505,  431,  679,  648],
        [  435,  435,  441,  555,  360,  823,  668,  465,  905,  491,  326,  620,  372,  296,  249,  832,  353,  177,  807,  300,  721,  769,  359,  237,   89,  624,  653,  326,    0,  787,  812,  561,  456,  499,  481,  724,  935,  392,  463,  861,  463,  170,  583,  224,   98,  759,  372,  873,  266,  415,  285,   70,  581,  593,  307,  583,  401,  239,  360,  190,  419,  667,  823,  313,  778,  871],
        [  353,  353,  515,  297,  796,  429,  289,  758,  261,  958,  658,  214,  993,  712,  568,  458,  436,  720,  191,  616,  198,  296,  768,  564,  699,  622,  441,  463,  787,    0,   29,  422,  474,  312,  954,  215,  286,  694,  927,  677,  876,  930,  440,  665,  841,  217,  742,  509,  782,  582,  659,  853,  211,  739,  491,  462,  422,  916,  632,  907,  697,  464,  195,  798,  736,  494],
        [  378,  378,  528,  311,  811,  448,  292,  786,  240,  986,  686,  228, 1021,  740,  589,  478,  460,  740,  208,  634,  197,  316,  784,  587,  724,  649,  467,  487,  812,   29,    0,  430,  502,  332,  968,  213,  264,  708,  941,  699,  904,  953,  467,  693,  864,  238,  770,  528,  800,  611,  677,  878,  233,  767,  514,  489,  442,  936,  660,  929,  710,  490,  180,  826,  761,  512],
        [  296,  296,  133,  146,  412,  745,  153,  788,  394,  934,  629,  214,  888,  658,  317,  770,  293,  418,  568,  281,  246,  620,  384,  338,  483,  777,  658,  308,  561,  422,  430,    0,  544,  194,  552,  237,  418,  300,  526,  936,  868,  646,  610,  569,  568,  557,  726,  826,  431,  619,  317,  629,  273,  844,  289,  629,  195,  587,  628,  601,  295,  684,  334,  736,  936,  815],
        [  249,  249,  517,  428,  674,  368,  541,  287,  694,  485,  199,  429,  537,  257,  378,  376,  274,  500,  405,  492,  528,  333,  655,  350,  389,  237,  198,  277,  456,  474,  502,  544,    0,  358,  839,  542,  724,  624,  814,  439,  403,  626,  128,  251,  545,  349,  272,  418,  607,  110,  522,  501,  344,  304,  321,  130,  367,  671,  166,  635,  644,  214,  607,  338,  403,  416],
        [  114,  114,  225,   73,  490,  560,  196,  621,  410,  787,  473,  121,  771,  512,  262,  584,  155,  410,  410,  305,  225,  442,  463,  265,  412,  586,  464,  180,  499,  312,  332,  194,  358,    0,  653,  230,  441,  394,  626,  742,  714,  628,  416,  436,  540,  387,  570,  639,  470,  443,  348,  568,  108,  661,  193,  435,  111,  605,  464,  600,  402,  490,  326,  597,  743,  629],
        [  676,  676,  441,  658,  170, 1168,  705,  936,  939,  969,  779,  741,  828,  764,  466, 1186,  599,  347, 1060,  364,  797, 1072,  194,  491,  490, 1055, 1024,  583,  481,  954,  968,  552,  839,  653,    0,  789,  960,  261,   28, 1277,  944,  393,  957,  675,  396, 1031,  844, 1237,  236,  843,  326,  504,  761, 1054,  536,  966,  554,  272,  806,  330,  260, 1046,  885,  793, 1220, 1231],
        [  329,  329,  357,  170,  644,  616,   85,  823,  182, 1003,  689,  117,  998,  733,  479,  644,  385,  614,  395,  488,   19,  481,  616,  488,  638,  742,  582,  410,  724,  215,  213,  237,  542,  230,  789,    0,  212,  533,  762,  846,  926,  840,  557,  663,  755,  405,  784,  699,  650,  641,  529,  793,  198,  839,  418,  579,  323,  800,  674,  804,  530,  608,  103,  819,  880,  684],
        [  535,  535,  548,  381,  828,  711,  274, 1010,   32, 1199,  887,  323, 1205,  935,  689,  740,  595,  820,  469,  689,  217,  580,  801,  699,  849,  900,  723,  621,  935,  286,  264,  418,  724,  441,  960,  212,    0,  716,  935,  962, 1120, 1047,  714,  869,  964,  501,  980,  790,  847,  830,  729, 1004,  391, 1010,  630,  737,  534, 1000,  869, 1009,  708,  747,  120, 1021, 1020,  774],
        [  429,  429,  180,  397,  113,  926,  452,  780,  692,  864,  612,  480,  763,  615,  252,  946,  361,  216,  803,  134,  540,  823,   86,  283,  353,  854,  795,  350,  392,  694,  708,  300,  624,  394,  261,  533,  716,    0,  234, 1061,  819,  406,  731,  518,  352,  776,  695,  999,  160,  652,  118,  446,  501,  877,  304,  743,  300,  316,  629,  348,   27,  818,  633,  668, 1022,  991],
        [  649,  649,  414,  630,  143, 1142,  679,  915,  914,  952,  757,  714,  815,  743,  440, 1159,  572,  325, 1033,  337,  771, 1045,  167,  466,  468, 1032,  998,  556,  463,  927,  941,  526,  814,  626,   28,  762,  935,  234,    0, 1252,  926,  383,  931,  654,  381, 1004,  824, 1210,  213,  820,  299,  489,  733, 1031,  510,  940,  526,  262,  783,  319,  233, 1020,  859,  775, 1197, 1204],
        [  653,  653,  938,  797, 1112,  259,  881,  457,  937,  629,  539,  761,  778,  583,  816,  231,  703,  935,  498,  930,  828,  383, 1094,  788,  810,  239,  279,  711,  861,  677,  699,  936,  439,  742, 1277,  846,  962, 1061, 1252,    0,  561, 1027,  333,  638,  957,  461,  531,  197, 1043,  447,  960,  889,  678,  324,  757,  319,  785, 1092,  502, 1049, 1079,  253,  867,  619,  139,  213],
        [  602,  602,  792,  787,  813,  665,  909,  127, 1089,   84,  242,  810,  222,  213,  589,  658,  577,  617,  789,  696,  915,  694,  807,  558,  470,  354,  508,  561,  463,  876,  904,  868,  403,  714,  944,  926, 1120,  819,  926,  561,    0,  589,  466,  308,  553,  732,  145,  671,  722,  294,  702,  451,  732,  238,  585,  449,  673,  692,  253,  636,  845,  502, 1002,  153,  434,  679],
        [  581,  581,  515,  673,  329,  992,  774,  615, 1019,  598,  489,  747,  442,  452,  366, 1001,  495,  229,  966,  366,  840,  934,  341,  366,  244,  790,  823,  469,  170,  930,  953,  646,  626,  628,  393,  840, 1047,  406,  383, 1027,  589,    0,  753,  391,   90,  921,  522, 1042,  248,  583,  333,  143,  720,  749,  440,  753,  521,  122,  526,   66,  430,  837,  942,  450,  940, 1041],
        [  322,  322,  606,  477,  790,  242,  576,  340,  685,  550,  306,  456,  632,  364,  492,  249,  372,  623,  325,  602,  541,  230,  769,  466,  516,  187,   71,  381,  583,  440,  467,  610,  128,  416,  957,  557,  714,  731,  931,  333,  466,  753,    0,  374,  672,  268,  357,  291,  727,  201,  635,  627,  369,  300,  428,   23,  453,  797,  268,  762,  749,   89,  603,  436,  329,  289],
        [  335,  335,  485,  507,  527,  616,  630,  265,  838,  367,  106,  547,  336,   98,  281,  622,  286,  331,  640,  390,  655,  581,  517,  251,  186,  401,  442,  266,  224,  665,  693,  569,  251,  436,  675,  663,  869,  518,  654,  638,  308,  391,  374,    0,  320,  587,  178,  659,  441,  192,  400,  256,  482,  379,  282,  371,  376,  459,  137,  413,  543,  454,  751,  167,  557,  659],
        [  492,  492,  440,  587,  295,  909,  691,  562,  935,  574,  423,  660,  437,  393,  279,  920,  406,  152,  877,  291,  755,  848,  301,  278,  158,  721,  742,  380,   98,  841,  864,  568,  545,  540,  396,  755,  964,  352,  381,  957,  553,   90,  672,  320,    0,  833,  468,  962,  203,  510,  263,  109,  631,  691,  351,  674,  434,  143,  457,   93,  378,  758,  857,  406,  876,  961],
        [  360,  360,  611,  413,  863,  214,  459,  607,  477,  816,  547,  349,  885,  605,  588,  243,  445,  741,   57,  670,  387,   80,  838,  573,  677,  433,  246,  467,  759,  217,  238,  557,  349,  387, 1031,  405,  501,  776, 1004,  461,  732,  921,  268,  587,  833,    0,  615,  296,  826,  452,  711,  817,  287,  560,  509,  288,  478,  934,  513,  913,  786,  265,  409,  686,  528,  281],
        [  459,  459,  654,  642,  702,  580,  765,   94,  949,  220,   98,  667,  277,   82,  456,  578,  434,  505,  671,  567,  773,  585,  693,  425,  357,  297,  410,  419,  372,  742,  770,  726,  272,  570,  844,  784,  980,  695,  824,  531,  145,  522,  357,  178,  468,  615,    0,  602,  614,  164,  578,  380,  590,  228,  445,  343,  531,  610,  112,  558,  720,  411,  861,   90,  425,  606],
        [  572,  572,  854,  682, 1068,   83,  747,  551,  767,  749,  578,  631,  873,  632,  772,   56,  640,  910,  322,  876,  681,  218, 1046,  749,  806,  318,  221,  655,  873,  509,  528,  826,  418,  639, 1237,  699,  790,  999, 1210,  197,  671, 1042,  291,  659,  962,  296,  602,    0, 1011,  472,  912,  914,  556,  443,  701,  290,  705, 1087,  538, 1052, 1014,  206,  704,  689,  313,   17],
        [  466,  466,  299,  495,   95,  946,  575,  704,  821,  755,  545,  577,  633,  533,  242,  962,  383,  112,  861,  167,  654,  859,   98,  263,  257,  820,  796,  363,  266,  782,  800,  431,  607,  470,  236,  650,  847,  160,  213, 1043,  722,  248,  727,  441,  203,  826,  614, 1011,    0,  608,  124,  307,  575,  819,  319,  735,  361,  160,  570,  188,  183,  816,  753,  570,  984, 1006],
        [  330,  330,  571,  515,  685,  437,  634,  182,  799,  376,  107,  526,  435,  164,  401,  439,  331,  497,  508,  519,  629,  426,  670,  370,  365,  214,  263,  325,  415,  582,  611,  619,  110,  443,  843,  641,  830,  652,  820,  447,  294,  583,  201,  192,  510,  452,  164,  472,  608,    0,  541,  448,  444,  230,  363,  192,  430,  646,   68,  602,  674,  269,  711,  237,  377,  474],
        [  353,  353,  184,  372,  156,  843,  455,  663,  702,  747,  496,  454,  652,  497,  145,  861,  274,  113,  744,   44,  533,  749,  135,  173,  237,  747,  701,  258,  285,  659,  677,  317,  522,  348,  326,  529,  729,  118,  299,  960,  702,  333,  635,  400,  263,  711,  578,  912,  124,  541,    0,  345,  454,  764,  211,  645,  240,  272,  515,  285,  144,  723,  632,  551,  914,  906],
        [  500,  500,  507,  624,  400,  868,  737,  472,  975,  467,  350,  689,  329,  310,  318,  876,  420,  233,  865,  364,  790,  822,  404,  306,  157,  651,  696,  393,   70,  853,  878,  629,  501,  568,  504,  793, 1004,  446,  489,  889,  451,  143,  627,  256,  109,  817,  380,  914,  307,  448,  345,    0,  648,  606,  376,  625,  471,  243,  388,  186,  473,  709,  892,  309,  798,  914],
        [  151,  151,  329,  128,  597,  474,  208,  626,  360,  809,  497,   88,  817,  544,  357,  500,  228,  510,  305,  411,  185,  348,  570,  354,  493,  551,  403,  256,  581,  211,  233,  273,  344,  108,  761,  198,  391,  501,  733,  678,  732,  720,  369,  482,  631,  287,  590,  556,  575,  444,  454,  648,    0,  643,  281,  390,  215,  706,  479,  697,  508,  430,  272,  631,  697,  544],
        [  550,  550,  801,  731,  902,  450,  844,  141,  980,  309,  275,  730,  455,  299,  627,  437,  560,  708,  615,  745,  825,  505,  889,  596,  565,  133,  316,  555,  593,  739,  767,  844,  304,  661, 1054,  839, 1010,  877, 1031,  324,  238,  749,  300,  379,  691,  560,  228,  443,  819,  230,  764,  606,  643,    0,  593,  278,  658,  832,  250,  782,  900,  302,  896,  310,  202,  453],
        [  150,  150,  212,  250,  367,  633,  368,  516,  600,  648,  350,  314,  602,  373,   80,  650,   65,  235,  546,  176,  415,  541,  345,   74,  220,  555,  492,   47,  307,  491,  514,  289,  321,  193,  536,  418,  630,  304,  510,  757,  585,  440,  428,  282,  351,  509,  445,  701,  319,  363,  211,  376,  281,  593,    0,  439,  100,  431,  356,  418,  323,  515,  517,  448,  722,  695],
        [  338,  338,  621,  497,  799,  247,  597,  322,  708,  532,  298,  477,  619,  355,  501,  251,  385,  629,  344,  613,  563,  246,  779,  475,  519,  164,   72,  393,  583,  462,  489,  629,  130,  435,  966,  579,  737,  743,  940,  319,  449,  753,   23,  371,  674,  288,  343,  290,  735,  192,  645,  625,  390,  278,  439,    0,  469,  801,  259,  764,  761,   85,  626,  424,  309,  289],
        [  134,  134,  153,  154,  387,  631,  269,  595,  505,  740,  434,  226,  701,  463,  157,  652,  100,  301,  507,  197,  322,  524,  361,  166,  316,  603,  511,  113,  401,  422,  442,  195,  367,  111,  554,  323,  534,  300,  526,  785,  673,  521,  453,  376,  434,  478,  531,  705,  361,  430,  240,  471,  215,  658,  100,  469,    0,  495,  434,  491,  312,  536,  424,  542,  767,  697],
        [  580,  580,  455,  639,  222, 1030,  727,  704,  974,  709,  563,  718,  560,  534,  352, 1042,  493,  197,  975,  313,  802,  958,  240,  362,  283,  858,  867,  469,  239,  916,  936,  587,  671,  605,  272,  800, 1000,  316,  262, 1092,  692,  122,  797,  459,  143,  934,  610, 1087,  160,  646,  272,  243,  706,  832,  431,  801,  495,    0,  595,   59,  337,  884,  903,  547, 1015, 1084],
        [  351,  351,  567,  536,  652,  504,  658,  162,  838,  331,   40,  557,  372,   97,  381,  506,  335,  459,  569,  497,  662,  491,  639,  349,  319,  265,  330,  324,  360,  632,  660,  628,  166,  464,  806,  674,  869,  629,  783,  502,  253,  526,  268,  137,  457,  513,  112,  538,  570,   68,  515,  388,  479,  250,  356,  259,  434,  595,    0,  549,  653,  336,  750,  173,  421,  540],
        [  564,  564,  469,  639,  265,  998,  735,  651,  981,  651,  515,  716,  501,  484,  340, 1009,  477,  191,  955,  322,  806,  932,  279,  346,  246,  813,  832,  451,  190,  907,  929,  601,  635,  600,  330,  804, 1009,  348,  319, 1049,  636,   66,  762,  413,   93,  913,  558, 1052,  188,  602,  285,  186,  697,  782,  418,  764,  491,   59,  549,    0,  370,  848,  907,  492,  968, 1050],
        [  443,  443,  182,  400,  125,  941,  447,  804,  686,  890,  637,  483,  789,  640,  274,  961,  378,  243,  811,  156,  538,  834,  100,  305,  379,  875,  812,  369,  419,  697,  710,  295,  644,  402,  260,  530,  708,   27,  233, 1079,  845,  430,  749,  543,  378,  786,  720, 1014,  183,  674,  144,  473,  508,  900,  323,  761,  312,  337,  653,  370,    0,  835,  628,  694, 1043, 1006],
        [  403,  403,  688,  546,  878,  170,  636,  376,  720,  584,  376,  515,  687,  431,  580,  170,  458,  712,  317,  690,  591,  204,  858,  555,  603,  171,   27,  468,  667,  464,  490,  684,  214,  490, 1046,  608,  747,  818, 1020,  253,  502,  837,   89,  454,  758,  265,  411,  206,  816,  269,  723,  709,  430,  302,  515,   85,  536,  884,  336,  848,  835,    0,  642,  496,  275,  206],
        [  416,  416,  458,  271,  744,  623,  182,  893,   88, 1080,  768,  206, 1087,  815,  580,  652,  479,  717,  386,  591,  103,  488,  716,  588,  737,  789,  617,  505,  823,  195,  180,  334,  607,  326,  885,  103,  120,  633,  859,  867, 1002,  942,  603,  751,  857,  409,  861,  704,  753,  711,  632,  892,  272,  896,  517,  626,  424,  903,  750,  907,  628,  642,    0,  902,  916,  689],
        [  490,  490,  650,  668,  661,  665,  792,  171,  990,  201,  141,  702,  199,   88,  443,  664,  450,  465,  742,  546,  809,  663,  655,  414,  318,  386,  493,  431,  313,  798,  826,  736,  338,  597,  793,  819, 1021,  668,  775,  619,  153,  450,  436,  167,  406,  686,   90,  689,  570,  237,  551,  309,  631,  310,  448,  424,  542,  547,  173,  492,  694,  496,  902,    0,  510,  694],
        [  642,  642,  919,  806, 1061,  353,  904,  342,  993,  496,  453,  784,  654,  488,  771,  331,  676,  874,  574,  889,  864,  456, 1045,  741,  739,  168,  300,  679,  778,  736,  761,  936,  403,  743, 1220,  880, 1020, 1022, 1197,  139,  434,  940,  329,  557,  876,  528,  425,  313,  984,  377,  914,  798,  697,  202,  722,  309,  767, 1015,  421,  968, 1043,  275,  916,  510,    0,  327],
        [  564,  564,  845,  670, 1062,   70,  734,  558,  751,  757,  580,  618,  878,  634,  766,   46,  634,  905,  306,  869,  666,  204, 1039,  743,  804,  326,  219,  648,  871,  494,  512,  815,  416,  629, 1231,  684,  774,  991, 1204,  213,  679, 1041,  289,  659,  961,  281,  606,   17, 1006,  474,  906,  914,  544,  453,  695,  289,  697, 1084,  540, 1050, 1006,  206,  689,  694,  327,    0]
    ]
}
