{
    "name": "random-37-11114",
    "comment": "size=37 seed=11114",
    "nodes": ["+0", "-0", "+1", "-1", "+2", "-2", "+3", "-3", "+4", "-4", "+5", "-5", "+6", "-6", "+7", "-7", "+8", "-8", "+9", "-9", "+10", "-10", "+11", "-11", "+12", "-12", "+13", "-13", "+14", "-14", "+15", "-15", "+16", "-16", "+17", "-17", "+18", "-18", "+19", "-19", "+20", "-20", "+21", "-21", "+22", "-22", "+23", "-23", "+24", "-24", "+25", "-25", "+26", "-26", "+27", "-27", "+28", "-28", "+29", "-29", "+30", "-30", "+31", "-31", "+32", "-32", "+33", "-33", "+34", "-34", "+35", "-35", "+36", "-36", "+37", "-37"],
    "precedence": {
        "+0": "-0",
        "+1": "-1",
        "+2": "-2",
        "+3": "-3",
        "+4": "-4",
        "+5": "-5",
        "+6": "-6",
        "+7": "-7",
        "+8": "-8",
        "+9": "-9",
        "+10": "-10",
        "+11": "-11",
        "+12": "-12",
        "+13": "-13",
        "+14": "-14",
        "+15": "-15",
        "+16": "-16",
        "+17": "-17",
        "+18": "-18",
        "+19": "-19",
        "+20": "-20",
        "+21": "-21",
        "+22": "-22",
        "+23": "-23",
        "+24": "-24",
        "+25": "-25",
        "+26": "-26",
        "+27": "-27",
        "+28": "-28",
        "+29": "-29",
        "+30": "-30",
        "+31": "-31",
        "+32": "-32",
        "+33": "-33",
        "+34": "-34",
        "+35": "-35",
        "+36": "-36",
        "+37": "-37"
    },
    "edges": [
        [    0,    0, 1138,  717, 1187,  409,  981,  866,  694,  585,  922, 1122,  684, 1255,   56,  710,  450,  450,  486,  657,  815,  562, 1201,  303,  694,  402,  666, 1037,  777,  951,  633,  899,  101,  828,  926, 1151,  841,  581,  291,  835,  435,  815, 1190, 1136, 1092, 1075,  380,  518, 1133,  919,  749, 1087,  547,  701,  558, 1085,  559,  440,  891,  842,  610,  634, 1042,  892,  835,  807,  159,  606,  650,  758, 1085, 1059,  649,  826,  703,  889],
        [    0,    0, 1138,  717, 1187,  409,  981,  866,  694,  585,  922, 1122,  684, 1255,   56,  710,  450,  450,  486,  657,  815,  562, 1201,  303,  694,  402,  666, 1037,  777,  951,  633,  899,  101,  828,  926, 1151,  841,  581,  291,  835,  435,  815, 1190, 1136, 1092, 1075,  380,  518, 1133,  919,  749, 1087,  547,  701,  558, 1085,  559,  440,  891,  842,  610,  634, 1042,  892,  835,  807,  159,  606,  650,  758, 1085, 1059,  649,  826,  703,  889],
        [ 1138, 1138,    0,  748,  133,  739,  525,  410,  766,  778,  496,  100,  457,  119, 1096,  486,  701,  807,  693,  820,  498,  657,  136,  970,  584,  901,  852,  203,  675,  347,  704,  737, 1048,  526,  389,   96,  340,  631,  871,  762,  709,  704,  106,  119,   53,  237,  936,  622,  220,  329,  745,  184,  598,  748,  870,   98,  654,  708,  642,  405,  529,  769,  100,  346,  460,  429, 1090,  644,  671,  687,  106,  339,  686,  353,  754,  308],
        [  717,  717,  748,    0,  717,  417,  323,  340,   27,  836,  295,  798,  441,  851,  662,  313,  555,  736,  323,  931,  252,  679,  730,  421,  755,  792,  109,  788,  914,  416,  114,  183,  683,  228,  373,  702,  427,  670,  626, 1022,  536,  967,  737,  821,  730,  559,  347,  431,  614,  762,  945,  600,  395,  909,  893,  760,  255,  407,  981,  345,  448,   84,  695,  403,  290,  325,  582,  720,  796,  908,  766,  486,  810,  417,   15,  445],
        [ 1187, 1187,  133,  717,    0,  781,  451,  383,  737,  880,  438,  231,  506,  157, 1142,  498,  768,  894,  720,  930,  469,  746,   15,  991,  689,  987,  824,  332,  793,  302,  691,  674, 1104,  489,  344,   46,  353,  721,  936,  884,  773,  825,   33,  249,  176,  161,  948,  671,  117,  449,  861,  117,  641,  861,  971,  228,  668,  749,  768,  389,  581,  751,  207,  328,  432,  420, 1123,  740,  775,  803,  237,  255,  791,  368,  725,  308],
        [  409,  409,  739,  417,  781,    0,  604,  464,  404,  444,  539,  735,  282,  857,  363,  305,  160,  327,  100,  541,  426,  311,  794,  262,  427,  376,  427,  665,  570,  547,  306,  584,  334,  448,  525,  745,  432,  313,  215,  666,  136,  621,  785,  752,  696,  667,  267,  121,  725,  569,  580,  679,  141,  537,  486,  697,  180,   32,  663,  438,  214,  347,  647,  485,  440,  403,  353,  361,  435,  557,  697,  656,  444,  418,  406,  481],
        [  981,  981,  525,  323,  451,  604,    0,  194,  348,  921,   70,  602,  451,  604,  927,  328,  686,  864,  508, 1004,  183,  756,  463,  710,  779,  943,  428,  638,  931,  193,  358,  227,  925,  157,  163,  452,  315,  738,  814, 1041,  676,  980,  479,  627,  527,  295,  645,  550,  336,  671,  982,  347,  506,  959,  999,  573,  429,  580,  962,  226,  507,  388,  510,  239,  183,  245,  868,  780,  847,  932,  581,  197,  863,  317,  335,  292],
        [  866,  866,  410,  340,  383,  464,  194,    0,  358,  734,  129,  466,  264,  512,  815,  162,  517,  688,  380,  814,   89,  571,  397,  630,  586,  771,  444,  475,  738,   90,  309,  347,  797,  118,   62,  365,  124,  550,  661,  848,  511,  786,  401,  490,  395,  232,  578,  386,  291,  487,  789,  266,  344,  767,  815,  430,  311,  436,  770,   34,  327,  369,  364,   66,   50,   63,  775,  591,  656,  739,  437,  194,  672,  124,  346,  116],
        [  694,  694,  766,   27,  737,  404,  348,  358,    0,  829,  319,  813,  445,  870,  639,  321,  546,  726,  312,  924,  270,  673,  751,  397,  753,  779,   87,  800,  912,  436,  107,  206,  662,  249,  394,  722,  440,  665,  610, 1019,  525,  965,  757,  836,  746,  580,  323,  425,  636,  769,  941,  621,  391,  904,  883,  775,  248,  395,  981,  362,  447,   62,  710,  421,  308,  340,  558,  715,  792,  905,  781,  509,  805,  430,   14,  461],
        [  585,  585,  778,  836,  880,  444,  921,  734,  829,    0,  852,  718,  471,  878,  578,  598,  287,  142,  521,   98,  746,  166,  890,  654,  195,  191,  865,  605,  198,  783,  723,  979,  487,  781,  785,  835,  633,  184,  325,  253,  310,  231,  867,  721,  725,  841,  690,  406,  883,  465,  165,  824,  445,  116,   92,  693,  581,  442,  313,  701,  418,  777,  681,  715,  738,  678,  651,  146,  110,  178,  687,  883,   97,  625,  828,  677],
        [  922,  922,  496,  295,  438,  539,   70,  129,  319,  852,    0,  566,  382,  584,  869,  259,  617,  795,  444,  935,  115,  687,  451,  659,  711,  874,  403,  591,  865,  151,  310,  242,  864,   94,  112,  432,  253,  668,  748,  975,  607,  914,  462,  590,  491,  278,  597,  481,  328,  614,  915,  326,  438,  891,  929,  534,  366,  514,  899,  160,  437,  350,  469,  182,  114,  176,  814,  711,  779,  865,  541,  194,  795,  253,  306,  236],
        [ 1122, 1122,  100,  798,  231,  735,  602,  466,  813,  718,  566,    0,  457,  161, 1084,  513,  676,  763,  701,  751,  551,  612,  233,  979,  524,  856,  897,  118,  598,  415,  741,  805, 1029,  583,  455,  195,  374,  587,  846,  679,  688,  624,  203,   25,   76,  325,  952,  615,  316,  256,  669,  273,  598,  677,  810,   40,  673,  705,  556,  454,  521,  809,  103,  401,  514,  473, 1088,  592,  610,  612,   38,  425,  624,  386,  802,  354],
        [  684,  684,  457,  441,  506,  282,  451,  264,  445,  471,  382,  457,    0,  575,  641,  139,  271,  429,  246,  553,  281,  307,  519,  523,  335,  517,  512,  400,  493,  321,  345,  540,  599,  319,  317,  468,  177,  287,  434,  604,  272,  544,  507,  475,  415,  411,  501,  167,  464,  335,  537,  413,  142,  511,  551,  418,  234,  251,  546,  231,   77,  416,  366,  252,  269,  207,  634,  329,  398,  491,  420,  428,  413,  165,  438,  226],
        [ 1255, 1255,  119,  851,  157,  857,  604,  512,  870,  878,  584,  161,  575,    0, 1214,  601,  816,  916,  810,  912,  600,  765,  149, 1087,  683, 1010,  956,  278,  759,  440,  813,  824, 1165,  625,  483,  153,  453,  740,  987,  838,  826,  783,  127,  165,  165,  310, 1052,  740,  273,  417,  830,  259,  716,  838,  969,  186,  769,  826,  712,  511,  646,  877,  214,  451,  562,  538, 1208,  749,  769,  773,  191,  408,  784,  468,  858,  418],
        [   56,   56, 1096,  662, 1142,  363,  927,  815,  639,  578,  869, 1084,  641, 1214,    0,  661,  418,  439,  436,  656,  762,  539, 1156,  249,  673,  401,  612, 1002,  766,  901,  579,  844,   95,  776,  876, 1107,  794,  557,  268,  829,  401,  806, 1146, 1099, 1051, 1027,  326,  475, 1085,  888,  742, 1041,  503,  693,  559, 1047,  507,  394,  878,  792,  568,  579, 1002,  843,  784,  757,  114,  586,  635,  747, 1046, 1009,  635,  779,  648,  842],
        [  710,  710,  486,  313,  498,  305,  328,  162,  321,  598,  259,  513,  139,  601,  661,    0,  360,  537,  227,  684,  149,  432,  512,  494,  473,  616,  397,  484,  632,  243,  233,  401,  638,  185,  223,  469,  148,  415,  501,  742,  352,  683,  508,  535,  455,  368,  453,  227,  427,  449,  674,  388,  184,  646,  672,  474,  171,  276,  684,  134,  180,  304,  412,  183,  147,  100,  630,  461,  532,  629,  478,  352,  547,  134,  313,  190],
        [  450,  450,  701,  555,  768,  160,  686,  517,  546,  287,  617,  676,  271,  816,  418,  360,    0,  185,  235,  384,  504,  154,  781,  400,  280,  257,  579,  588,  414,  586,  442,  708,  354,  534,  576,  728,  447,  161,  171,  508,   25,  464,  766,  689,  652,  682,  420,  137,  735,  471,  422,  682,  181,  378,  338,  641,  301,  155,  512,  486,  196,  493,  603,  518,  507,  455,  449,  205,  277,  400,  639,  695,  286,  434,  546,  497],
        [  450,  450,  807,  736,  894,  327,  864,  688,  726,  142,  795,  763,  429,  916,  439,  537,  185,    0,  415,  232,  683,  151,  905,  516,  262,   95,  753,  658,  328,  750,  624,  892,  351,  715,  744,  850,  604,  177,  183,  394,  202,  367,  886,  770,  755,  829,  556,  320,  878,  522,  306,  821,  363,  257,  161,  732,  485,  331,  441,  655,  361,  671,  707,  680,  683,  627,  510,  177,  203,  309,  728,  856,  200,  593,  727,  652],
        [  486,  486,  693,  323,  720,  100,  508,  380,  312,  521,  444,  701,  246,  810,  436,  227,  235,  415,    0,  617,  333,  372,  734,  278,  471,  471,  346,  646,  624,  466,  210,  485,  421,  352,  441,  688,  367,  368,  315,  727,  215,  677,  727,  720,  654,  595,  255,  132,  653,  567,  644,  613,  118,  604,  572,  662,   81,   85,  708,  357,  199,  258,  607,  409,  350,  322,  404,  418,  495,  614,  664,  574,  507,  352,  313,  413],
        [  657,  657,  820,  931,  930,  541, 1004,  814,  924,   98,  935,  751,  553,  912,  656,  684,  384,  232,  617,    0,  831,  255,  939,  747,  244,  256,  962,  635,  172,  858,  819, 1071,  563,  868,  863,  885,  708,  270,  413,  182,  407,  183,  915,  752,  767,  904,  785,  501,  943,  496,  110,  883,  539,   78,  105,  730,  676,  539,  276,  781,  506,  874,  726,  790,  822,  760,  736,  225,  161,  153,  724,  954,  145,  701,  923,  749],
        [  815,  815,  498,  252,  469,  426,  183,   89,  270,  746,  115,  551,  281,  600,  762,  149,  504,  683,  333,  831,    0,  580,  483,  562,  615,  761,  357,  553,  772,  170,  228,  276,  753,   40,  131,  452,  190,  563,  634,  882,  494,  822,  488,  575,  481,  315,  505,  368,  373,  551,  818,  352,  324,  791,  821,  515,  257,  400,  815,   98,  329,  283,  449,  152,   39,   90,  713,  608,  678,  770,  521,  260,  693,  184,  258,  198],
        [  562,  562,  657,  679,  746,  311,  756,  571,  673,  166,  687,  612,  307,  765,  539,  432,  154,  151,  372,  255,  580,    0,  757,  552,  134,  245,  716,  508,  260,  623,  567,  816,  461,  616,  623,  703,  474,   26,  272,  357,  179,  311,  738,  620,  605,  691,  574,  249,  736,  375,  273,  679,  285,  232,  245,  581,  425,  301,  359,  537,  252,  625,  557,  554,  573,  513,  587,   52,  125,  247,  578,  725,  135,  464,  672,  519],
        [ 1201, 1201,  136,  730,   15,  794,  463,  397,  751,  890,  451,  233,  519,  149, 1156,  512,  781,  905,  734,  939,  483,  757,    0, 1005,  699,  999,  837,  337,  801,  315,  705,  686, 1117,  502,  357,   55,  367,  732,  949,  891,  786,  833,   31,  250,  181,  173,  962,  685,  128,  456,  869,  131,  654,  870,  981,  232,  682,  763,  774,  403,  595,  765,  215,  342,  446,  434, 1137,  751,  785,  811,  241,  266,  801,  382,  738,  322],
        [  303,  303,  970,  421,  991,  262,  710,  630,  397,  654,  659,  979,  523, 1087,  249,  494,  400,  516,  278,  747,  562,  552, 1005,    0,  679,  524,  364,  919,  810,  719,  352,  602,  297,  567,  686,  961,  640,  560,  341,  897,  376,  858, 1001,  997,  932,  857,   77,  378,  916,  829,  808,  880,  385,  761,  670,  940,  324,  287,  911,  613,  466,  339,  885,  670,  590,  578,  162,  604,  672,  795,  941,  820,  678,  625,  407,  683],
        [  694,  694,  584,  755,  689,  427,  779,  586,  753,  195,  711,  524,  335,  683,  673,  473,  280,  262,  471,  244,  615,  134,  699,  679,    0,  348,  806,  412,  160,  622,  648,  872,  593,  654,  631,  644,  473,  120,  405,  270,  304,  213,  675,  528,  531,  661,  693,  341,  699,  272,  204,  640,  366,  184,  287,  498,  510,  411,  237,  553,  308,  712,  487,  555,  600,  536,  721,   89,   87,  156,  493,  714,  103,  467,  750,  511],
        [  402,  402,  901,  792,  987,  376,  943,  771,  779,  191,  874,  856,  517, 1010,  401,  616,  257,   95,  471,  256,  761,  245,  999,  524,  348,    0,  797,  750,  388,  837,  681,  955,  308,  791,  829,  945,  692,  271,  185,  435,  269,  420,  980,  863,  849,  921,  575,  394,  970,  614,  352,  914,  438,  304,  158,  826,  547,  387,  503,  739,  446,  721,  802,  768,  763,  710,  488,  267,  279,  368,  822,  944,  273,  681,  782,  741],
        [  666,  666,  852,  109,  824,  427,  428,  444,   87,  865,  403,  897,  512,  956,  612,  397,  579,  753,  346,  962,  357,  716,  837,  364,  806,  797,    0,  880,  963,  523,  168,  255,  647,  336,  481,  808,  523,  711,  621, 1069,  557, 1016,  844,  920,  831,  667,  287,  470,  722,  843,  988,  707,  441,  948,  913,  859,  297,  425, 1038,  447,  506,   97,  794,  506,  395,  424,  521,  761,  838,  955,  864,  595,  850,  512,  100,  546],
        [ 1037, 1037,  203,  788,  332,  665,  638,  475,  800,  605,  591,  118,  400,  278, 1002,  484,  588,  658,  646,  635,  553,  508,  337,  919,  412,  750,  880,    0,  481,  445,  717,  822,  941,  589,  480,  290,  364,  484,  754,  563,  602,  507,  308,  117,  157,  389,  900,  545,  396,  141,  552,  343,  534,  561,  696,  105,  630,  637,  441,  456,  454,  787,  141,  413,  518,  467, 1016,  485,  496,  495,   97,  482,  510,  373,  790,  359],
        [  777,  777,  675,  914,  793,  570,  931,  738,  912,  198,  865,  598,  493,  759,  766,  632,  414,  328,  624,  172,  772,  260,  801,  810,  160,  388,  963,  481,    0,  766,  806, 1032,  678,  811,  779,  748,  621,  258,  503,  111,  438,   53,  774,  596,  623,  789,  833,  495,  821,  347,   72,  761,  524,   96,  264,  581,  667,  558,  115,  706,  468,  869,  586,  702,  755,  691,  830,  210,  138,   21,  574,  852,  134,  617,  909,  655],
        [  951,  951,  347,  416,  302,  547,  193,   90,  436,  783,  151,  415,  321,  440,  901,  243,  586,  750,  466,  858,  170,  623,  315,  719,  622,  837,  523,  445,  766,    0,  396,  392,  880,  188,   43,  289,  151,  601,  738,  874,  582,  811,  322,  440,  341,  146,  667,  461,  204,  483,  822,  185,  420,  805,  867,  383,  400,  518,  786,  110,  392,  452,  319,   70,  135,  145,  864,  638,  697,  769,  391,  110,  714,  159,  424,  112],
        [  633,  633,  704,  114,  691,  306,  358,  309,  107,  723,  310,  741,  345,  813,  579,  233,  442,  624,  210,  819,  228,  567,  705,  352,  648,  681,  168,  717,  806,  396,    0,  280,  590,  222,  358,  670,  367,  559,  518,  913,  423,  859,  708,  763,  678,  541,  287,  319,  599,  676,  835,  575,  285,  798,  780,  702,  143,  294,  877,  304,  343,   72,  638,  365,  262,  276,  511,  609,  686,  799,  707,  486,  699,  355,  105,  396],
        [  899,  899,  737,  183,  674,  584,  227,  347,  206,  979,  242,  805,  540,  824,  844,  401,  708,  892,  485, 1071,  276,  816,  686,  602,  872,  955,  255,  822, 1032,  392,  280,    0,  864,  237,  351,  671,  465,  803,  797, 1142,  691, 1083,  701,  830,  731,  515,  527,  576,  561,  827, 1071,  565,  535, 1040, 1043,  772,  409,  569, 1084,  369,  569,  266,  706,  410,  307,  365,  762,  851,  926, 1028,  779,  422,  940,  460,  196,  463],
        [  101,  101, 1048,  683, 1104,  334,  925,  797,  662,  487,  864, 1029,  599, 1165,   95,  638,  354,  351,  421,  563,  753,  461, 1117,  297,  593,  308,  647,  941,  678,  880,  590,  864,    0,  771,  858, 1066,  762,  481,  191,  738,  342,  716, 1105, 1042, 1002,  998,  369,  433, 1055,  821,  652, 1008,  467,  603,  465,  993,  498,  363,  791,  771,  524,  601,  952,  818,  770,  736,  197,  505,  550,  659,  992,  989,  549,  747,  670,  811],
        [  828,  828,  526,  228,  489,  448,  157,  118,  249,  781,   94,  583,  319,  625,  776,  185,  534,  715,  352,  868,   40,  616,  502,  567,  654,  791,  336,  589,  811,  188,  222,  237,  771,    0,  146,  475,  228,  599,  658,  921,  523,  861,  510,  607,  512,  331,  506,  398,  387,  590,  856,  373,  354,  829,  855,  547,  273,  424,  855,  133,  364,  270,  481,  183,   71,  129,  721,  644,  715,  809,  554,  266,  731,  223,  236,  231],
        [  926,  926,  389,  373,  344,  525,  163,   62,  394,  785,  112,  455,  317,  483,  876,  223,  576,  744,  441,  863,  131,  623,  357,  686,  631,  829,  481,  480,  779,   43,  358,  351,  858,  146,    0,  332,  159,  602,  722,  888,  570,  826,  365,  479,  381,  187,  633,  446,  243,  509,  833,  228,  404,  813,  868,  422,  371,  497,  804,   91,  384,  412,  357,   78,   98,  123,  834,  641,  704,  781,  430,  134,  720,  164,  381,  131],
        [ 1151, 1151,   96,  702,   46,  745,  452,  365,  722,  835,  432,  195,  468,  153, 1107,  469,  728,  850,  688,  885,  452,  703,   55,  961,  644,  945,  808,  290,  748,  289,  670,  671, 1066,  475,  332,    0,  322,  677,  897,  840,  733,  781,   40,  215,  134,  158,  921,  634,  129,  404,  816,  107,  605,  816,  927,  187,  639,  714,  724,  367,  543,  732,  162,  306,  415,  397, 1091,  696,  731,  758,  196,  258,  746,  337,  710,  280],
        [  841,  841,  340,  427,  353,  432,  315,  124,  440,  633,  253,  374,  177,  453,  794,  148,  447,  604,  367,  708,  190,  474,  367,  640,  473,  692,  523,  364,  621,  151,  367,  465,  762,  228,  159,  322,    0,  451,  606,  729,  446,  668,  362,  397,  311,  238,  600,  331,  294,  364,  675,  248,  295,  656,  718,  336,  318,  401,  648,   97,  251,  435,  272,   83,  159,  104,  771,  488,  548,  622,  341,  253,  564,   15,  430,   51],
        [  581,  581,  631,  670,  721,  313,  738,  550,  665,  184,  668,  587,  287,  740,  557,  415,  161,  177,  368,  270,  563,   26,  732,  560,  120,  271,  711,  484,  258,  601,  559,  803,  481,  599,  602,  677,  451,    0,  291,  359,  185,  310,  712,  595,  579,  667,  578,  242,  712,  351,  278,  654,  275,  240,  267,  556,  417,  300,  352,  517,  236,  618,  532,  532,  555,  494,  601,   51,  128,  247,  552,  703,  141,  443,  663,  497],
        [  291,  291,  871,  626,  936,  215,  814,  661,  610,  325,  748,  846,  434,  987,  268,  501,  171,  183,  315,  413,  634,  272,  949,  341,  405,  185,  621,  754,  503,  738,  518,  797,  191,  658,  722,  897,  606,  291,    0,  575,  164,  546,  935,  858,  823,  843,  390,  278,  898,  631,  487,  847,  318,  438,  330,  810,  395,  236,  614,  632,  358,  551,  773,  672,  643,  599,  329,  318,  369,  485,  809,  848,  371,  593,  614,  657],
        [  835,  835,  762, 1022,  884,  666, 1041,  848, 1019,  253,  975,  679,  604,  838,  829,  742,  508,  394,  727,  182,  882,  357,  891,  897,  270,  435, 1069,  563,  111,  874,  913, 1142,  738,  921,  888,  840,  729,  359,  575,    0,  533,   63,  864,  674,  711,  891,  926,  599,  920,  436,   89,  860,  630,  138,  286,  666,  774,  657,  130,  816,  577,  975,  678,  811,  866,  801,  903,  309,  233,  115,  658,  957,  223,  726, 1017,  763],
        [  435,  435,  709,  536,  773,  136,  676,  511,  525,  310,  607,  688,  272,  826,  401,  352,   25,  202,  215,  407,  494,  179,  786,  376,  304,  269,  557,  602,  438,  582,  423,  691,  342,  523,  570,  733,  446,  185,  164,  533,    0,  489,  772,  701,  662,  682,  395,  126,  736,  488,  446,  684,  170,  402,  358,  652,  283,  133,  536,  480,  196,  472,  612,  515,  498,  449,  428,  230,  302,  425,  651,  692,  310,  433,  526,  496],
        [  815,  815,  704,  967,  825,  621,  980,  786,  965,  231,  914,  624,  544,  783,  806,  683,  464,  367,  677,  183,  822,  311,  833,  858,  213,  420, 1016,  507,   53,  811,  859, 1083,  716,  861,  826,  781,  668,  310,  546,   63,  489,    0,  806,  619,  653,  829,  883,  547,  859,  377,   74,  799,  576,  118,  284,  609,  720,  610,   94,  754,  520,  922,  619,  749,  805,  740,  874,  261,  187,   64,  601,  895,  180,  664,  961,  700],
        [ 1190, 1190,  106,  737,   33,  785,  479,  401,  757,  867,  462,  203,  507,  127, 1146,  508,  766,  886,  727,  915,  488,  738,   31, 1001,  675,  980,  844,  308,  774,  322,  708,  701, 1105,  510,  365,   40,  362,  712,  935,  864,  772,  806,    0,  220,  153,  186,  960,  674,  146,  429,  843,  138,  644,  845,  959,  203,  679,  754,  746,  404,  582,  769,  190,  343,  451,  435, 1130,  729,  762,  785,  211,  283,  778,  376,  745,  319],
        [ 1136, 1136,  119,  821,  249,  752,  627,  490,  836,  721,  590,   25,  475,  165, 1099,  535,  689,  770,  720,  752,  575,  620,  250,  997,  528,  863,  920,  117,  596,  440,  763,  830, 1042,  607,  479,  215,  397,  595,  858,  674,  701,  619,  220,    0,  100,  348,  972,  632,  338,  258,  667,  296,  615,  677,  812,   62,  693,  722,  549,  478,  538,  832,  127,  425,  538,  497, 1104,  598,  613,  610,   57,  449,  626,  409,  825,  378],
        [ 1092, 1092,   53,  730,  176,  696,  527,  395,  746,  725,  491,   76,  415,  165, 1051,  455,  652,  755,  654,  767,  481,  605,  181,  932,  531,  849,  831,  157,  623,  341,  678,  731, 1002,  512,  381,  134,  311,  579,  823,  711,  662,  653,  153,  100,    0,  250,  901,  578,  246,  277,  693,  199,  556,  696,  817,   55,  619,  665,  593,  385,  484,  746,   50,  330,  443,  407, 1048,  591,  618,  635,   64,  350,  633,  324,  735,  286],
        [ 1075, 1075,  237,  559,  161,  667,  295,  232,  580,  841,  278,  325,  411,  310, 1027,  368,  682,  829,  595,  904,  315,  691,  173,  857,  661,  921,  667,  389,  789,  146,  541,  515,  998,  331,  187,  158,  238,  667,  843,  891,  682,  829,  186,  348,  250,    0,  808,  568,   60,  467,  852,   54,  532,  843,  929,  302,  534,  636,  788,  245,  487,  597,  249,  187,  279,  279,  997,  695,  744,  796,  311,  103,  761,  252,  567,  188],
        [  380,  380,  936,  347,  948,  267,  645,  578,  323,  690,  597,  952,  501, 1052,  326,  453,  420,  556,  255,  785,  505,  574,  962,   77,  693,  575,  287,  900,  833,  667,  287,  527,  369,  506,  633,  921,  600,  578,  390,  926,  395,  883,  960,  972,  901,  808,    0,  372,  867,  821,  838,  835,  370,  792,  714,  913,  283,  287,  929,  564,  453,  266,  855,  623,  536,  530,  236,  624,  696,  819,  915,  765,  704,  586,  333,  641],
        [  518,  518,  622,  431,  671,  121,  550,  386,  425,  406,  481,  615,  167,  740,  475,  227,  137,  320,  132,  501,  368,  249,  685,  378,  341,  394,  470,  545,  495,  461,  319,  576,  433,  398,  446,  634,  331,  242,  278,  599,  126,  547,  674,  632,  578,  568,  372,    0,  624,  452,  519,  575,   44,  480,  468,  577,  177,   92,  577,  356,   95,  377,  529,  394,  372,  324,  473,  292,  369,  486,  578,  570,  382,  317,  424,  381],
        [ 1133, 1133,  220,  614,  117,  725,  336,  291,  636,  883,  328,  316,  464,  273, 1085,  427,  735,  878,  653,  943,  373,  736,  128,  916,  699,  970,  722,  396,  821,  204,  599,  561, 1055,  387,  243,  129,  294,  712,  898,  920,  736,  859,  146,  338,  246,   60,  867,  624,    0,  489,  886,   61,  589,  879,  973,  300,  594,  694,  812,  304,  541,  655,  256,  246,  338,  338, 1056,  739,  784,  829,  310,  139,  800,  308,  623,  244],
        [  919,  919,  329,  762,  449,  569,  671,  487,  769,  465,  614,  256,  335,  417,  888,  449,  471,  522,  567,  496,  551,  375,  456,  829,  272,  614,  843,  141,  347,  483,  676,  827,  821,  590,  509,  404,  364,  351,  631,  436,  488,  377,  429,  258,  277,  467,  821,  452,  489,    0,  417,  431,  451,  422,  555,  235,  568,  543,  323,  461,  369,  747,  242,  433,  522,  462,  912,  347,  356,  359,  229,  546,  369,  368,  762,  379],
        [  749,  749,  745,  945,  861,  580,  982,  789,  941,  165,  915,  669,  537,  830,  742,  674,  422,  306,  644,  110,  818,  273,  869,  808,  204,  352,  988,  552,   72,  822,  835, 1071,  652,  856,  833,  816,  675,  278,  487,   89,  446,   74,  843,  667,  693,  852,  838,  519,  886,  417,    0,  826,  551,   50,  211,  651,  694,  572,  166,  757,  503,  895,  655,  757,  803,  740,  815,  227,  150,   59,  644,  911,  138,  670,  939,  712],
        [ 1087, 1087,  184,  600,  117,  679,  347,  266,  621,  824,  326,  273,  413,  259, 1041,  388,  682,  821,  613,  883,  352,  679,  131,  880,  640,  914,  707,  343,  761,  185,  575,  565, 1008,  373,  228,  107,  248,  654,  847,  860,  684,  799,  138,  296,  199,   54,  835,  575,   61,  431,  826,    0,  541,  819,  914,  252,  557,  648,  753,  273,  489,  634,  203,  213,  315,  306, 1016,  680,  724,  769,  261,  156,  740,  262,  608,  200],
        [  547,  547,  598,  395,  641,  141,  506,  344,  391,  445,  438,  598,  142,  716,  503,  184,  181,  363,  118,  539,  324,  285,  654,  385,  366,  438,  441,  534,  524,  420,  285,  535,  467,  354,  404,  605,  295,  275,  318,  630,  170,  576,  644,  615,  556,  532,  370,   44,  589,  451,  551,  541,    0,  514,  510,  559,  144,  110,  600,  315,   83,  346,  508,  355,  329,  282,  492,  325,  402,  515,  560,  530,  415,  281,  388,  345],
        [  701,  701,  748,  909,  861,  537,  959,  767,  904,  116,  891,  677,  511,  838,  693,  646,  378,  257,  604,   78,  791,  232,  870,  761,  184,  304,  948,  561,   96,  805,  798, 1040,  603,  829,  813,  816,  656,  240,  438,  138,  402,  118,  845,  677,  696,  843,  792,  480,  879,  422,   50,  819,  514,    0,  169,  657,  656,  530,  205,  734,  471,  857,  656,  738,  779,  715,  766,  190,  115,   76,  650,  897,  100,  650,  902,  695],
        [  558,  558,  870,  893,  971,  486,  999,  815,  883,   92,  929,  810,  551,  969,  559,  672,  338,  161,  572,  105,  821,  245,  981,  670,  287,  158,  913,  696,  264,  867,  780, 1043,  465,  855,  868,  927,  718,  267,  330,  286,  358,  284,  959,  812,  817,  929,  714,  468,  973,  555,  211,  914,  510,  169,    0,  784,  639,  490,  374,  782,  493,  829,  772,  798,  816,  757,  645,  235,  200,  243,  779,  969,  186,  709,  884,  763],
        [ 1085, 1085,   98,  760,  228,  697,  573,  430,  775,  693,  534,   40,  418,  186, 1047,  474,  641,  732,  662,  730,  515,  581,  232,  940,  498,  826,  859,  105,  581,  383,  702,  772,  993,  547,  422,  187,  336,  556,  810,  666,  652,  609,  203,   62,   55,  302,  913,  577,  300,  235,  651,  252,  559,  657,  784,    0,  634,  666,  545,  418,  483,  771,   67,  365,  478,  436, 1050,  564,  584,  593,   10,  401,  599,  348,  765,  318],
        [  559,  559,  654,  255,  668,  180,  429,  311,  248,  581,  366,  673,  234,  769,  507,  171,  301,  485,   81,  676,  257,  425,  682,  324,  510,  547,  297,  630,  667,  400,  143,  409,  498,  273,  371,  639,  318,  417,  395,  774,  283,  720,  679,  693,  619,  534,  283,  177,  594,  568,  694,  557,  144,  656,  639,  634,    0,  161,  742,  292,  212,  202,  574,  348,  277,  257,  465,  468,  545,  659,  637,  505,  558,  304,  247,  360],
        [  440,  440,  708,  407,  749,   32,  580,  436,  395,  442,  514,  705,  251,  826,  394,  276,  155,  331,   85,  539,  400,  301,  763,  287,  411,  387,  425,  637,  558,  518,  294,  569,  363,  424,  497,  714,  401,  300,  236,  657,  133,  610,  754,  722,  665,  636,  287,   92,  694,  543,  572,  648,  110,  530,  490,  666,  161,    0,  648,  409,  184,  340,  616,  455,  413,  375,  384,  349,  425,  546,  667,  627,  435,  387,  397,  450],
        [  891,  891,  642,  981,  768,  663,  962,  770,  981,  313,  899,  556,  546,  712,  878,  684,  512,  441,  708,  276,  815,  359,  774,  911,  237,  503, 1038,  441,  115,  786,  877, 1084,  791,  855,  804,  724,  648,  352,  614,  130,  536,   94,  746,  549,  593,  788,  929,  577,  812,  323,  166,  753,  600,  205,  374,  545,  742,  648,    0,  740,  534,  943,  563,  727,  794,  730,  939,  308,  245,  136,  537,  861,  244,  647,  976,  676],
        [  842,  842,  405,  345,  389,  438,  226,   34,  362,  701,  160,  454,  231,  511,  792,  134,  486,  655,  357,  781,   98,  537,  403,  613,  553,  739,  447,  456,  706,  110,  304,  369,  771,  133,   91,  367,   97,  517,  632,  816,  480,  754,  404,  478,  385,  245,  564,  356,  304,  461,  757,  273,  315,  734,  782,  418,  292,  409,  740,    0,  295,  367,  352,   61,   63,   36,  756,  558,  623,  706,  424,  218,  639,   95,  351,  101],
        [  610,  610,  529,  448,  581,  214,  507,  327,  447,  418,  437,  521,   77,  646,  568,  180,  196,  361,  199,  506,  329,  252,  595,  466,  308,  446,  506,  454,  468,  392,  343,  569,  524,  364,  384,  543,  251,  236,  358,  577,  196,  520,  582,  538,  484,  487,  453,   95,  541,  369,  503,  489,   83,  471,  493,  483,  212,  184,  534,  295,    0,  409,  435,  323,  324,  267,  567,  283,  357,  462,  484,  500,  372,  239,  443,  301],
        [  634,  634,  769,   84,  751,  347,  388,  369,   62,  777,  350,  809,  416,  877,  579,  304,  493,  671,  258,  874,  283,  625,  765,  339,  712,  721,   97,  787,  869,  452,   72,  266,  601,  270,  412,  732,  435,  618,  551,  975,  472,  922,  769,  832,  746,  597,  266,  377,  655,  747,  895,  634,  346,  857,  829,  771,  202,  340,  943,  367,  409,    0,  707,  427,  320,  340,  500,  669,  746,  861,  776,  535,  758,  424,   70,  462],
        [ 1042, 1042,  100,  695,  207,  647,  510,  364,  710,  681,  469,  103,  366,  214, 1002,  412,  603,  707,  607,  726,  449,  557,  215,  885,  487,  802,  794,  141,  586,  319,  638,  706,  952,  481,  357,  162,  272,  532,  773,  678,  612,  619,  190,  127,   50,  249,  855,  529,  256,  242,  655,  203,  508,  656,  772,   67,  574,  616,  563,  352,  435,  707,    0,  299,  412,  370,  999,  545,  574,  597,   73,  344,  590,  284,  699,  252],
        [  892,  892,  346,  403,  328,  485,  239,   66,  421,  715,  182,  401,  252,  451,  843,  183,  518,  680,  409,  790,  152,  554,  342,  670,  555,  768,  506,  413,  702,   70,  365,  410,  818,  183,   78,  306,   83,  532,  672,  811,  515,  749,  343,  425,  330,  187,  623,  394,  246,  433,  757,  213,  355,  738,  798,  365,  348,  455,  727,   61,  323,  427,  299,    0,  114,   93,  811,  569,  630,  704,  372,  177,  646,   90,  409,   55],
        [  835,  835,  460,  290,  432,  440,  183,   50,  308,  738,  114,  514,  269,  562,  784,  147,  507,  683,  350,  822,   39,  573,  446,  590,  600,  763,  395,  518,  755,  135,  262,  307,  770,   71,   98,  415,  159,  555,  643,  866,  498,  805,  451,  538,  443,  279,  536,  372,  338,  522,  803,  315,  329,  779,  816,  478,  277,  413,  794,   63,  324,  320,  412,  114,    0,   65,  739,  598,  666,  755,  484,  230,  682,  154,  296,  161],
        [  807,  807,  429,  325,  420,  403,  245,   63,  340,  678,  176,  473,  207,  538,  757,  100,  455,  627,  322,  760,   90,  513,  434,  578,  536,  710,  424,  467,  691,  145,  276,  365,  736,  129,  123,  397,  104,  494,  599,  801,  449,  740,  435,  497,  407,  279,  530,  324,  338,  462,  740,  306,  282,  715,  757,  436,  257,  375,  730,   36,  267,  340,  370,   93,   65,    0,  721,  536,  603,  690,  441,  253,  619,   96,  329,  122],
        [  159,  159, 1090,  582, 1123,  353,  868,  775,  558,  651,  814, 1088,  634, 1208,  114,  630,  449,  510,  404,  736,  713,  587, 1137,  162,  721,  488,  521, 1016,  830,  864,  511,  762,  197,  721,  834, 1091,  771,  601,  329,  903,  428,  874, 1130, 1104, 1048,  997,  236,  473, 1056,  912,  815, 1016,  492,  766,  645, 1050,  465,  384,  939,  756,  567,  500,  999,  811,  739,  721,    0,  637,  695,  812, 1050,  968,  697,  756,  568,  817],
        [  606,  606,  644,  720,  740,  361,  780,  591,  715,  146,  711,  592,  329,  749,  586,  461,  205,  177,  418,  225,  608,   52,  751,  604,   89,  267,  761,  485,  210,  638,  609,  851,  505,  644,  641,  696,  488,   51,  318,  309,  230,  261,  729,  598,  591,  695,  624,  292,  739,  347,  227,  680,  325,  190,  235,  564,  468,  349,  308,  558,  283,  669,  545,  569,  598,  536,  637,    0,   78,  197,  559,  737,   91,  480,  713,  531],
        [  650,  650,  671,  796,  775,  435,  847,  656,  792,  110,  779,  610,  398,  769,  635,  532,  277,  203,  495,  161,  678,  125,  785,  672,   87,  279,  838,  496,  138,  697,  686,  926,  550,  715,  704,  731,  548,  128,  369,  233,  302,  187,  762,  613,  618,  744,  696,  369,  784,  356,  150,  724,  402,  115,  200,  584,  545,  425,  245,  623,  357,  746,  574,  630,  666,  603,  695,   78,    0,  124,  579,  793,   17,  541,  790,  589],
        [  758,  758,  687,  908,  803,  557,  932,  739,  905,  178,  865,  612,  491,  773,  747,  629,  400,  309,  614,  153,  770,  247,  811,  795,  156,  368,  955,  495,   21,  769,  799, 1028,  659,  809,  781,  758,  622,  247,  485,  115,  425,   64,  785,  610,  635,  796,  819,  486,  829,  359,   59,  769,  515,   76,  243,  593,  659,  546,  136,  706,  462,  861,  597,  704,  755,  690,  812,  197,  124,    0,  586,  856,  117,  618,  902,  658],
        [ 1085, 1085,  106,  766,  237,  697,  581,  437,  781,  687,  541,   38,  420,  191, 1046,  478,  639,  728,  664,  724,  521,  578,  241,  941,  493,  822,  864,   97,  574,  391,  707,  779,  992,  554,  430,  196,  341,  552,  809,  658,  651,  601,  211,   57,   64,  311,  915,  578,  310,  229,  644,  261,  560,  650,  779,   10,  637,  667,  537,  424,  484,  776,   73,  372,  484,  441, 1050,  559,  579,  586,    0,  410,  594,  353,  770,  324],
        [ 1059, 1059,  339,  486,  255,  656,  197,  194,  509,  883,  194,  425,  428,  408, 1009,  352,  695,  856,  574,  954,  260,  725,  266,  820,  714,  944,  595,  482,  852,  110,  486,  422,  989,  266,  134,  258,  253,  703,  848,  957,  692,  895,  283,  449,  350,  103,  765,  570,  139,  546,  911,  156,  530,  897,  969,  401,  505,  627,  861,  218,  500,  535,  344,  177,  230,  253,  968,  737,  793,  856,  410,    0,  809,  264,  496,  207],
        [  649,  649,  686,  810,  791,  444,  863,  672,  805,   97,  795,  624,  413,  784,  635,  547,  286,  200,  507,  145,  693,  135,  801,  678,  103,  273,  850,  510,  134,  714,  699,  940,  549,  731,  720,  746,  564,  141,  371,  223,  310,  180,  778,  626,  633,  761,  704,  382,  800,  369,  138,  740,  415,  100,  186,  599,  558,  435,  244,  639,  372,  758,  590,  646,  682,  619,  697,   91,   17,  117,  594,  809,    0,  557,  803,  605],
        [  826,  826,  353,  417,  368,  418,  317,  124,  430,  625,  253,  386,  165,  468,  779,  134,  434,  593,  352,  701,  184,  464,  382,  625,  467,  681,  512,  373,  617,  159,  355,  460,  747,  223,  164,  337,   15,  443,  593,  726,  433,  664,  376,  409,  324,  252,  586,  317,  308,  368,  670,  262,  281,  650,  709,  348,  304,  387,  647,   95,  239,  424,  284,   90,  154,   96,  756,  480,  541,  618,  353,  264,  557,    0,  420,   65],
        [  703,  703,  754,   15,  725,  406,  335,  346,   14,  828,  306,  802,  438,  858,  648,  313,  546,  727,  313,  923,  258,  672,  738,  407,  750,  782,  100,  790,  909,  424,  105,  196,  670,  236,  381,  710,  430,  663,  614, 1017,  526,  961,  745,  825,  735,  567,  333,  424,  623,  762,  939,  608,  388,  902,  884,  765,  247,  397,  976,  351,  443,   70,  699,  409,  296,  329,  568,  713,  790,  902,  770,  496,  803,  420,    0,  450],
        [  889,  889,  308,  445,  308,  481,  292,  116,  461,  677,  236,  354,  226,  418,  842,  190,  497,  652,  413,  749,  198,  519,  322,  683,  511,  741,  546,  359,  655,  112,  396,  463,  811,  231,  131,  280,   51,  497,  657,  763,  496,  700,  319,  378,  286,  188,  641,  381,  244,  379,  712,  200,  345,  695,  763,  318,  360,  450,  676,  101,  301,  462,  252,   55,  161,  122,  817,  531,  589,  658,  324,  207,  605,   65,  450,    0]
    ]
}
