{
    "name": "random-91-16897",
    "comment": "size=91 seed=16897",
    "nodes": ["+0", "-0", "+1", "-1", "+2", "-2", "+3", "-3", "+4", "-4", "+5", "-5", "+6", "-6", "+7", "-7", "+8", "-8", "+9", "-9", "+10", "-10", "+11", "-11", "+12", "-12", "+13", "-13", "+14", "-14", "+15", "-15", "+16", "-16", "+17", "-17", "+18", "-18", "+19", "-19", "+20", "-20", "+21", "-21", "+22", "-22", "+23", "-23", "+24", "-24", "+25", "-25", "+26", "-26", "+27", "-27", "+28", "-28", "+29", "-29", "+30", "-30", "+31", "-31", "+32", "-32", "+33", "-33", "+34", "-34", "+35", "-35", "+36", "-36", "+37", "-37", "+38", "-38", "+39", "-39", "+40", "-40", "+41", "-41", "+42", "-42", "+43", "-43", "+44", "-44", "+45", "-45", "+46", "-46", "+47", "-47", "+48", "-48", "+49", "-49", "+50", "-50", "+51", "-51", "+52", "-52", "+53", "-53", "+54", "-54", "+55", "-55", "+56", "-56", "+57", "-57", "+58", "-58", "+59", "-59", "+60", "-60", "+61", "-61", "+62", "-62", "+63", "-63", "+64", "-64", "+65", "-65", "+66", "-66", "+67", "-67", "+68", "-68", "+69", "-69", "+70", "-70", "+71", "-71", "+72", "-72", "+73", "-73", "+74", "-74", "+75", "-75", "+76", "-76", "+77", "-77", "+78", "-78", "+79", "-79", "+80", "-80", "+81", "-81", "+82", "-82", "+83", "-83", "+84", "-84", "+85", "-85", "+86", "-86", "+87", "-87", "+88", "-88", "+89", "-89", "+90", "-90", "+91", "-91"],
    "precedence": {
        "+0": "-0",
        "+1": "-1",
        "+2": "-2",
        "+3": "-3",
        "+4": "-4",
        "+5": "-5",
        "+6": "-6",
        "+7": "-7",
        "+8": "-8",
        "+9": "-9",
        "+10": "-10",
        "+11": "-11",
        "+12": "-12",
        "+13": "-13",
        "+14": "-14",
        "+15": "-15",
        "+16": "-16",
        "+17": "-17",
        "+18": "-18",
        "+19": "-19",
        "+20": "-20",
        "+21": "-21",
        "+22": "-22",
        "+23": "-23",
        "+24": "-24",
        "+25": "-25",
        "+26": "-26",
        "+27": "-27",
        "+28": "-28",
        "+29": "-29",
        "+30": "-30",
        "+31": "-31",
        "+32": "-32",
        "+33": "-33",
        "+34": "-34",
        "+35": "-35",
        "+36": "-36",
        "+37": "-37",
        "+38": "-38",
        "+39": "-39",
        "+40": "-40",
        "+41": "-41",
        "+42": "-42",
        "+43": "-43",
        "+44": "-44",
        "+45": "-45",
        "+46": "-46",
        "+47": "-47",
        "+48": "-48",
        "+49": "-49",
        "+50": "-50",
        "+51": "-51",
        "+52": "-52",
        "+53": "-53",
        "+54": "-54",
        "+55": "-55",
        "+56": "-56",
        "+57": "-57",
        "+58": "-58",
        "+59": "-59",
        "+60": "-60",
        "+61": "-61",
        "+62": "-62",
        "+63": "-63",
        "+64": "-64",
        "+65": "-65",
        "+66": "-66",
        "+67": "-67",
        "+68": "-68",
        "+69": "-69",
        "+70": "-70",
        "+71": "-71",
        "+72": "-72",
        "+73": "-73",
        "+74": "-74",
        "+75": "-75",
        "+76": "-76",
        "+77": "-77",
        "+78": "-78",
        "+79": "-79",
        "+80": "-80",
        "+81": "-81",
        "+82": "-82",
        "+83": "-83",
        "+84": "-84",
        "+85": "-85",
        "+86": "-86",
        "+87": "-87",
        "+88": "-88",
        "+89": "-89",
        "+90": "-90",
        "+91": "-91"
    },
    "edges": [
        [    0,    0,   39,  675,  282,  789,  448,  802,  547,  700,   90,  429,  721,  869,  701,  402,  429,  187,  624,  573,  433,  229,   32,  472,  754,  286,  845,  202,   45,  916,  728,  561,  681,  598,  422,  284,  284,  632,  290,  912,  403,  235,  623,  950,  521,  745,  430,  618,  130,  866,  297,  637,  252,  651,  587,  718,   95,  420,  770,  904,  533,  682,  321,  799,  731,  585,  752,  709,  825,  904,  203,  753,  645,  272,  906,  652,  238,  815, 1052,  559,  569,  610,  541,  845,  547,   92,  826,  471,  714,  650,  450,  324,  942,  685,  653,  639,  976,  228,  734,  837,  777,  447,  205,  730,  387,  304,  331,  555,  570,  633,  622,   81,  842,  726,  494,  306,  218,  677,  530,  889,  395,  630,  206,  251,  671,  566,  599,  722,  136,  675,  819,  243,  711,  136,  534,  536,  697,  657,  176,  916,  681,  965,  383,  338,  110,  859,  715,  645,  322,  411,  651,  684,  746,  298,  333,  745,  524,  184,  715,  721,  899,   78,  118,  865,  453, 1076,  314,  301,  244,  129,  675,  227,  302,  704,  636,   40,  705,  574,  398,  220,  270,  127,  553,  414],
        [    0,    0,    0,    0,    0,    0,    0,    0,    0,    0,    0,    0,    0,    0,    0,    0,    0,    0,    0,    0,    0,    0,    0,    0,    0,    0,    0,    0,    0,    0,    0,    0,    0,    0,    0,    0,    0,    0,    0,    0,    0,    0,    0,    0,    0,    0,    0,    0,    0,    0,    0,    0,    0,    0,    0,    0,    0,    0,    0,    0,    0,    0,    0,    0,    0,    0,    0,    0,    0,    0,    0,    0,    0,    0,    0,    0,    0,    0,    0,    0,    0,    0,    0,    0,    0,    0,    0,    0,    0,    0,    0,    0,    0,    0,    0,    0,    0,    0,    0,    0,    0,    0,    0,    0,    0,    0,    0,    0,    0,    0,    0,    0,    0,    0,    0,    0,    0,    0,    0,    0,    0,    0,    0,    0,    0,    0,    0,    0,    0,    0,    0,    0,    0,    0,    0,    0,    0,    0,    0,    0,    0,    0,    0,    0,    0,    0,    0,    0,    0,    0,    0,    0,    0,    0,    0,    0,    0,    0,    0,    0,    0,    0,    0,    0,    0,    0,    0,    0,    0,    0,    0,    0,    0,    0,    0,    0,    0,    0,    0,    0,    0,    0,    0,    0],
        [   39,    0,    0,  714,  304,  822,  482,  840,  582,  739,   98,  458,  759,  907,  735,  433,  468,  210,  660,  611,  452,  266,   51,  496,  790,  325,  884,  213,   43,  951,  766,  587,  717,  616,  459,  303,  261,  659,  307,  946,  425,  258,  659,  986,  548,  777,  462,  657,  156,  905,  305,  673,  287,  671,  621,  752,  114,  455,  809,  941,  552,  714,  352,  833,  767,  623,  783,  741,  863,  943,  174,  791,  684,  288,  940,  687,  269,  849, 1090,  591,  608,  642,  573,  878,  582,   58,  863,  499,  747,  671,  469,  347,  980,  720,  680,  659, 1013,  235,  770,  869,  809,  485,  213,  764,  409,  322,  360,  592,  603,  669,  659,  118,  875,  760,  520,  343,  252,  712,  569,  928,  422,  662,  208,  268,  685,  596,  635,  744,  127,  705,  853,  245,  744,  144,  571,  574,  723,  696,  214,  955,  711, 1004,  417,  360,  140,  898,  738,  683,  327,  426,  686,  723,  785,  321,  363,  777,  561,  200,  748,  760,  934,   85,  139,  904,  459, 1113,  345,  340,  277,  103,  708,  261,  323,  723,  673,   66,  738,  605,  410,  228,  282,   89,  590,  419],
        [  675,    0,  714,    0,  595,  476,  401,  166,  339,   44,  687,  447,  205,  303,  369,  456,  252,  585,  184,  103,  601,  475,  677,  524,  229,  395,  175,  658,  700,  370,  103,  506,  226,  661,  336,  628,  895,  485,  610,  442,  589,  568,  301,  380,  468,  424,  393,   59,  601,  219,  683,  225,  471,  631,  383,  327,  643,  322,  169,  283,  601,  371,  479,  372,  301,  153,  510,  467,  171,  253,  849,  246,   53,  619,  433,  255,  504,  356,  422,  414,  108,  419,  382,  480,  263,  758,  271,  454,  354,  615,  595,  543,  315,  304,  503,  634,  399,  703,  330,  450,  497,  282,  675,  410,  551,  630,  507,  278,  327,  247,  231,  603,  479,  411,  495,  415,  497,  361,  214,  228,  536,  445,  721,  639,  747,  428,  233,  619,  741,  415,  441,  739,  421,  685,  265,  165,  539,   81,  505,  256,  512,  299,  420,  591,  606,  190,  609,  104,  706,  638,  319,   16,   94,  582,  503,  406,  273,  629,  362,  161,  365,  688,  639,  200,  747,  454,  496,  374,  503,  781,  359,  489,  566,  674,  241,  658,  360,  453,  664,  673,  645,  802,  259,  739],
        [  282,    0,  304,  595,    0,  546,  234,  673,  341,  604,  212,  561,  560,  696,  481,  170,  358,  400,  625,  508,  632,  174,  256,  635,  752,  254,  740,  453,  263,  921,  679,  705,  694,  791,  264,   33,  333,  756,  510,  951,  122,  437,  426,  945,  655,  823,  534,  550,  352,  735,  545,  655,  154,  823,  361,  764,  348,  475,  630,  869,  716,  753,  117,  844,  535,  570,  498,  461,  765,  773,  329,  579,  587,  498,  943,  682,  394,  849, 1014,  322,  492,  371,  636,  608,  586,  361,  820,  604,  772,  817,  644,  509,  904,  729,  780,  814,  969,  126,  529,  902,  528,  315,  462,  499,  571,   41,   95,  376,  638,  661,  452,  223,  605,  495,  642,  192,  360,  459,  394,  768,  126,  384,  157,   54,  876,  678,  624,  876,  228,  764,  589,  158,  476,  173,  367,  514,  828,  546,  291,  850,  421,  891,  185,   56,  178,  750,  867,  526,  574,  626,  446,  609,  685,   21,   99,  816,  356,  423,  776,  577,  908,  223,  166,  751,  696, 1044,  100,  301,  118,  291,  743,  364,  500,  880,  461,  306,  768,  324,  624,  474,  507,  361,  383,  662],
        [  789,    0,  822,  476,  546,    0,  342,  393,  255,  443,  745,  812,  277,  291,  117,  390,  477,  813,  643,  485,  952,  569,  772,  902,  703,  554,  482,  889,  787,  827,  572,  920,  697, 1063,  390,  567,  870,  924,  894,  912,  448,  825,  210,  825,  872,  893,  759,  487,  794,  420,  956,  686,  541, 1054,  204,  798,  816,  670,  349,  711,  990,  834,  470,  847,  177,  590,   72,   87,  594,  442,  875,  246,  516,  892,  903,  719,  757,  831,  810,  231,  459,  180,  801,   65,  688,  879,  736,  839,  823, 1041,  954,  849,  728,  772,  945, 1053,  837,  669,  146,  925,   35,  397,  904,   74,  888,  554,  466,  280,  760,  706,  266,  711,   62,   75,  885,  496,  730,  136,  356,  463,  423,  163,  702,  599, 1155,  852,  681, 1064,  772,  872,   68,  695,   82,  713,  310,  561,  988,  397,  690,  635,  144,  645,  407,  502,  682,  479, 1053,  377,  985,  972,  180,  489,  549,  526,  464,  876,  314,  854,  831,  324,  826,  752,  691,  469, 1074,  846,  479,  579,  546,  833,  821,  727,  860, 1105,  250,  797,  828,  223,  987,  910,  913,  895,  295, 1052],
        [  448,    0,  482,  401,  234,  342,    0,  449,  108,  399,  410,  537,  329,  462,  256,   66,  223,  482,  485,  335,  656,  229,  432,  626,  596,  230,  524,  555,  449,  758,  497,  669,  554,  791,   89,  263,  566,  697,  573,  809,  191,  501,  192,  775,  617,  721,  492,  369,  457,  509,  630,  524,  200,  801,  139,  642,  476,  409,  404,  683,  715,  651,  134,  713,  302,  425,  311,  264,  570,  547,  553,  346,  407,  569,  801,  555,  436,  710,  821,  114,  312,  163,  568,  397,  481,  539,  656,  573,  658,  791,  662,  541,  715,  608,  721,  796,  795,  359,  298,  783,  332,  137,  569,  282,  590,  257,  141,  146,  548,  536,  222,  370,  394,  279,  619,  160,  405,  233,  188,  545,  140,  187,  388,  287,  883,  618,  501,  833,  444,  676,  372,  392,  263,  384,  143,  373,  769,  337,  356,  649,  250,  683,   66,  209,  343,  532,  822,  314,  660,  667,  214,  416,  494,  216,  137,  709,  133,  521,  664,  351,  749,  417,  355,  531,  761,  854,  146,  267,  205,  503,  639,  404,  545,  857,  229,  456,  658,  139,  677,  577,  587,  558,  156,  734],
        [  802,    0,  840,  166,  673,  393,  449,    0,  356,  123,  800,  612,  135,  150,  312,  513,  374,  734,  343,  253,  766,  585,  799,  690,  348,  516,   91,  809,  821,  443,  219,  669,  371,  825,  411,  704,  993,  644,  769,  537,  637,  721,  285,  436,  633,  564,  557,  218,  743,   65,  841,  381,  573,  792,  377,  466,  782,  483,   50,  320,  766,  520,  557,  493,  225,  318,  446,  414,  207,  104,  960,  150,  217,  776,  528,  407,  655,  470,  420,  419,  245,  403,  546,  377,  428,  889,  361,  620,  496,  776,  761,  703,  336,  450,  659,  795,  445,  792,  255,  571,  422,  367,  826,  344,  714,  702,  579,  304,  489,  403,  230,  725,  377,  346,  660,  514,  644,  315,  282,   97,  588,  421,  815,  723,  909,  590,  394,  774,  849,  566,  341,  827,  363,  790,  308,  327,  693,  146,  641,  243,  473,  259,  488,  656,  720,   91,  764,  157,  865,  802,  287,  169,  186,  656,  575,  544,  319,  779,  504,  100,  444,  802,  748,   86,  911,  456,  574,  506,  600,  896,  508,  637,  725,  832,  228,  790,  504,  450,  827,  825,  802,  927,  293,  902],
        [  547,    0,  582,  339,  341,  255,  108,  356,    0,  327,  515,  572,  229,  356,  155,  172,  236,  559,  459,  298,  704,  321,  533,  662,  555,  300,  438,  635,  551,  708,  441,  691,  525,  826,  136,  369,  673,  708,  640,  771,  284,  570,   85,  719,  641,  707,  521,  321,  541,  414,  702,  502,  296,  826,   60,  620,  565,  433,  309,  619,  751,  641,  240,  685,  195,  400,  242,  191,  502,  450,  660,  242,  358,  638,  762,  534,  502,  677,  750,   77,  272,  100,  580,  303,  478,  638,  607,  602,  640,  814,  708,  598,  648,  589,  730,  823,  738,  467,  191,  759,  253,  147,  650,  188,  640,  362,  248,   62,  549,  518,  127,  467,  301,  185,  649,  245,  475,  131,  141,  452,  237,  130,  496,  395,  918,  631,  486,  847,  551,  672,  274,  499,  174,  490,   82,  356,  777,  266,  436,  573,  204,  603,  169,  312,  444,  444,  836,  241,  731,  722,  107,  355,  432,  322,  245,  693,   78,  600,  647,  257,  701,  521,  460,  441,  822,  784,  253,  325,  307,  608,  628,  472,  607,  880,  129,  550,  642,  117,  736,  656,  658,  661,   81,  798],
        [  700,    0,  739,   44,  604,  443,  399,  123,  327,    0,  708,  489,  168,  259,  339,  458,  273,  619,  228,  135,  643,  493,  701,  567,  262,  417,  146,  693,  724,  392,  130,  550,  266,  705,  341,  636,  911,  529,  648,  471,  589,  604,  279,  397,  512,  464,  435,   96,  632,  180,  721,  268,  487,  675,  366,  366,  673,  361,  126,  293,  644,  413,  487,  407,  266,  196,  481,  440,  175,  215,  869,  207,   96,  657,  462,  297,  539,  389,  424,  400,  132,  400,  426,  443,  307,  785,  296,  497,  394,  659,  638,  582,  321,  344,  546,  677,  414,  716,  297,  486,  465,  290,  710,  379,  592,  637,  513,  267,  371,  290,  210,  627,  443,  381,  538,  429,  530,  334,  213,  193,  537,  424,  736,  650,  791,  472,  276,  662,  760,  457,  404,  752,  392,  703,  258,  205,  582,   63,  534,  250,  488,  288,  424,  596,  627,  159,  652,   87,  745,  679,  294,   52,  110,  590,  510,  445,  267,  663,  402,  122,  389,  709,  658,  166,  788,  458,  505,  400,  517,  803,  400,  522,  604,  718,  218,  685,  401,  438,  705,  709,  682,  827,  250,  780],
        [   90,    0,   98,  687,  212,  745,  410,  800,  515,  708,    0,  496,  708,  853,  665,  355,  436,  267,  660,  587,  516,  216,   59,  548,  791,  294,  853,  291,   55,  957,  751,  634,  721,  682,  401,  207,  222,  701,  376,  963,  333,  315,  595,  988,  591,  804,  490,  633,  210,  865,  386,  678,  229,  731,  548,  768,  182,  465,  765,  933,  614,  738,  277,  850,  705,  616,  702,  661,  846,  904,  162,  736,  664,  358,  956,  697,  305,  863, 1082,  515,  580,  565,  602,  803,  592,  151,  863,  539,  767,  728,  532,  402,  971,  735,  723,  719, 1015,  140,  705,  894,  729,  436,  295,  690,  467,  227,  279,  532,  623,  677,  604,   97,  800,  687,  567,  288,  278,  642,  521,  891,  334,  583,  116,  172,  757,  631,  642,  798,   60,  736,  780,  154,  669,   47,  514,  563,  769,  659,  220,  937,  627,  983,  347,  267,   82,  865,  791,  644,  412,  497,  621,  698,  766,  230,  282,  802,  504,  270,  769,  714,  941,   13,   56,  870,  542, 1108,  267,  321,  209,   97,  730,  286,  383,  785,  616,  127,  760,  524,  485,  309,  358,  151,  533,  504],
        [  429,    0,  458,  447,  561,  812,  537,  612,  572,  489,  496,    0,  606,  738,  696,  543,  337,  251,  297,  367,  155,  388,  451,   91,  398,  325,  610,  291,  472,  534,  439,  145,  323,  256,  453,  586,  712,  205,  203,  505,  640,  207,  602,  574,   96,  323,   56,  395,  302,  665,  269,  283,  414,  268,  631,  318,  346,  144,  606,  565,  180,  267,  494,  394,  672,  298,  812,  761,  530,  697,  630,  649,  397,  220,  500,  281,  192,  416,  703,  632,  385,  670,  124,  843,  198,  472,  465,   44,  305,  260,  150,  131,  603,  293,  228,  261,  602,  597,  692,  418,  818,  425,  304,  739,  109,  601,  527,  533,  174,  268,  555,  403,  842,  738,   84,  406,  219,  677,  457,  668,  599,  699,  593,  571,  348,  139,  250,  316,  554,  251,  806,  627,  734,  525,  504,  287,  274,  483,  284,  614,  772,  667,  495,  597,  438,  626,  307,  488,  284,  192,  633,  447,  470,  562,  526,  326,  501,  279,  305,  578,  514,  488,  478,  638,  301,  718,  504,  278,  446,  557,  263,  212,  161,  325,  572,  393,  295,  667,  220,  295,  244,  531,  517,  297],
        [  721,    0,  759,  205,  560,  277,  329,  135,  229,  168,  708,  606,    0,  150,  182,  394,  310,  681,  383,  243,  757,  495,  714,  691,  429,  440,  224,  759,  735,  552,  297,  689,  430,  842,  308,  589,  888,  679,  734,  636,  512,  677,  152,  552,  646,  628,  550,  230,  681,  187,  805,  426,  479,  820,  244,  531,  715,  465,   86,  439,  775,  574,  448,  574,  100,  339,  321,  284,  321,  222,  863,   45,  251,  739,  627,  457,  608,  557,  551,  286,  222,  268,  566,  276,  447,  811,  460,  623,  558,  805,  755,  676,  460,  507,  698,  821,  565,  682,  131,  653,  301,  274,  775,  218,  699,  585,  465,  184,  516,  447,  108,  642,  275,  220,  667,  420,  591,  182,  192,  227,  465,  286,  708,  611,  930,  615,  427,  817,  752,  616,  237,  716,  234,  691,  196,  325,  738,  133,  575,  372,  340,  392,  376,  537,  630,  226,  806,  120,  831,  787,  153,  217,  273,  542,  461,  610,  207,  726,  566,   48,  550,  711,  654,  220,  895,  586,  464,  441,  501,  803,  561,  585,  694,  867,  101,  715,  564,  316,  809,  777,  763,  844,  178,  881],
        [  869,    0,  907,  303,  696,  291,  462,  150,  356,  259,  853,  738,  150,    0,  250,  527,  458,  829,  486,  371,  891,  643,  862,  820,  497,  589,  220,  906,  882,  583,  368,  808,  519,  963,  453,  724, 1027,  788,  878,  682,  635,  823,  272,  572,  768,  713,  683,  346,  829,  144,  949,  525,  625,  934,  353,  615,  864,  602,  135,  455,  900,  668,  588,  642,  169,  453,  356,  339,  351,  156, 1007,  118,  355,  883,  673,  553,  755,  619,  532,  397,  356,  365,  684,  257,  564,  960,  508,  751,  644,  918,  888,  817,  464,  597,  804,  936,  578,  821,  187,  720,  324,  422,  923,  265,  836,  718,  602,  324,  629,  547,  250,  790,  258,  269,  793,  567,  738,  264,  340,  183,  592,  373,  848,  749, 1049,  730,  535,  920,  896,  713,  228,  853,  291,  835,  340,  452,  839,  255,  724,  366,  404,  366,  516,  668,  777,  211,  909,  253,  975,  924,  257,  310,  336,  677,  598,  693,  350,  874,  652,  162,  587,  858,  799,  197, 1033,  568,  603,  590,  645,  949,  656,  732,  836,  976,  238,  864,  653,  418,  947,  924,  908,  992,  321, 1020],
        [  701,    0,  735,  369,  481,  117,  256,  312,  155,  339,  665,  696,  182,  250,    0,  314,  363,  709,  529,  370,  838,  475,  686,  786,  597,  450,  402,  786,  704,  730,  468,  803,  586,  947,  287,  505,  812,  808,  785,  809,  400,  718,   95,  731,  755,  781,  643,  375,  694,  352,  849,  573,  450,  938,  120,  686,  719,  554,  263,  620,  875,  720,  389,  739,   90,  476,  142,  103,  501,  382,  806,  164,  405,  784,  800,  606,  649,  724,  731,  161,  344,  119,  684,  152,  572,  792,  635,  722,  711,  924,  839,  738,  641,  659,  829,  936,  745,  606,   64,  817,  131,  286,  801,   44,  774,  495,  392,  167,  644,  593,  150,  621,  150,   44,  769,  400,  623,   24,  240,  395,  364,  123,  637,  534, 1038,  736,  566,  947,  699,  757,  120,  636,   54,  639,  196,  445,  872,  289,  588,  553,  162,  570,  320,  443,  597,  402,  937,  267,  878,  859,   63,  383,  448,  461,  389,  764,  202,  751,  718,  228,  727,  672,  611,  394,  962,  767,  401,  471,  460,  758,  707,  620,  749,  989,  135,  705,  715,  173,  876,  806,  806,  813,  181,  941],
        [  402,    0,  433,  456,  170,  390,   66,  513,  172,  458,  355,  543,  394,  527,  314,    0,  254,  457,  525,  383,  650,  196,  383,  629,  642,  222,  586,  527,  398,  807,  550,  680,  595,  794,  126,  198,  502,  715,  556,  852,  133,  481,  256,  825,  628,  752,  503,  420,  425,  574,  607,  562,  165,  810,  195,  678,  439,  425,  468,  738,  717,  681,   82,  753,  366,  465,  351,  308,  627,  611,  492,  411,  458,  549,  844,  592,  421,  752,  878,  160,  362,  211,  588,  448,  510,  491,  704,  582,  692,  801,  658,  531,  771,  644,  739,  804,  847,  295,  360,  819,  376,  180,  540,  336,  585,  192,   79,  210,  574,  572,  287,  325,  446,  332,  626,  142,  388,  291,  245,  609,   80,  229,  325,  223,  884,  636,  536,  848,  386,  703,  426,  327,  315,  326,  206,  411,  788,  397,  331,  708,  282,  744,   50,  144,  293,  595,  838,  374,  637,  657,  277,  471,  549,  151,   76,  741,  195,  493,  697,  415,  797,  363,  301,  594,  745,  910,   89,  266,  160,  445,  670,  389,  532,  866,  294,  413,  690,  172,  664,  548,  565,  505,  220,  716],
        [  429,    0,  468,  252,  358,  477,  223,  374,  236,  273,  436,  337,  310,  458,  363,  254,    0,  371,  273,  155,  475,  223,  428,  427,  396,  144,  418,  449,  451,  564,  324,  457,  343,  591,  135,  390,  644,  478,  430,  601,  381,  369,  269,  588,  406,  500,  286,  200,  373,  438,  498,  309,  221,  591,  295,  425,  410,  198,  346,  513,  517,  430,  247,  500,  352,  215,  476,  425,  415,  476,  598,  350,  233,  432,  593,  338,  299,  500,  660,  300,  144,  335,  349,  513,  259,  515,  463,  367,  438,  580,  477,  377,  549,  390,  501,  588,  611,  457,  368,  566,  482,   92,  466,  405,  412,  396,  280,  198,  326,  319,  232,  354,  511,  403,  414,  169,  281,  342,  128,  461,  329,  364,  472,  397,  683,  400,  282,  615,  490,  454,  477,  493,  399,  433,  168,  160,  549,  229,  269,  505,  438,  549,  207,  366,  355,  431,  605,  218,  526,  497,  301,  263,  334,  348,  277,  488,  165,  416,  444,  301,  552,  437,  388,  437,  602,  689,  264,  134,  255,  530,  418,  275,  391,  645,  249,  416,  437,  338,  514,  468,  456,  555,  183,  582],
        [  187,    0,  210,  585,  400,  813,  482,  734,  559,  619,  267,  251,  681,  829,  709,  457,  371,    0,  491,  485,  250,  262,  214,  286,  614,  260,  759,   78,  232,  767,  615,  377,  538,  415,  424,  415,  470,  450,  113,  750,  508,   49,  620,  804,  339,  573,  265,  526,   58,  796,  151,  494,  294,  465,  611,  558,   97,  282,  712,  775,  347,  514,  383,  638,  716,  466,  792,  743,  713,  832,  383,  720,  545,   99,  745,  504,   82,  657,  920,  594,  490,  642,  371,  860,  401,  221,  686,  291,  550,  463,  265,  137,  814,  529,  470,  453,  832,  392,  727,  667,  809,  426,   95,  746,  201,  433,  408,  546,  409,  487,  597,  189,  858,  743,  310,  323,   91,  686,  495,  811,  483,  668,  378,  389,  491,  389,  457,  535,  320,  501,  828,  415,  732,  306,  519,  427,  513,  589,  127,  804,  732,  855,  421,  450,  234,  775,  529,  583,  180,  233,  651,  591,  640,  409,  408,  575,  511,   46,  550,  670,  749,  257,  268,  784,  298,  940,  385,  243,  310,  312,  509,   98,  116,  519,  614,  148,  540,  620,  227,   98,  110,  280,  537,  264],
        [  624,    0,  660,  184,  625,  643,  485,  343,  459,  228,  660,  297,  383,  486,  529,  525,  273,  491,    0,  164,  445,  470,  634,  360,  132,  381,  322,  554,  658,  300,  144,  328,   70,  484,  401,  657,  880,  302,  486,  328,  654,  462,  447,  329,  295,  252,  250,  156,  522,  387,  557,   45,  478,  449,  514,  162,  569,  210,  353,  285,  429,  192,  518,  229,  473,   61,  667,  619,  234,  414,  817,  426,  134,  499,  320,   77,  410,  228,  431,  535,  190,  553,  207,  654,  100,  694,  204,  292,  183,  433,  436,  413,  323,  131,  319,  452,  355,  711,  501,  301,  659,  349,  570,  573,  405,  665,  552,  401,  148,   65,  381,  565,  654,  573,  327,  434,  416,  517,  319,  382,  602,  582,  721,  659,  567,  248,   52,  436,  718,  233,  615,  747,  579,  670,  378,  114,  356,  251,  448,  320,  654,  373,  479,  638,  582,  339,  425,  268,  576,  487,  472,  177,  178,  617,  549,  236,  382,  532,  190,  343,  285,  656,  621,  352,  594,  454,  535,  343,  514,  745,  179,  407,  441,  491,  395,  598,  187,  575,  516,  565,  525,  746,  381,  592],
        [  573,    0,  611,  103,  508,  485,  335,  253,  298,  135,  587,  367,  243,  371,  370,  383,  155,  485,  164,    0,  520,  377,  575,  451,  262,  294,  277,  559,  599,  425,  172,  448,  228,  599,  258,  540,  798,  442,  516,  477,  515,  470,  285,  443,  404,  415,  312,   46,  499,  313,  589,  207,  375,  579,  351,  325,  541,  232,  241,  361,  533,  352,  393,  388,  322,  107,  505,  457,  261,  349,  749,  287,   80,  524,  468,  240,  405,  381,  507,  374,   27,  390,  324,  502,  207,  655,  322,  382,  346,  565,  517,  451,  397,  294,  462,  580,  465,  610,  347,  462,  499,  203,  576,  413,  466,  544,  424,  239,  278,  225,  220,  502,  501,  413,  425,  322,  396,  356,  158,  326,  462,  419,  626,  549,  688,  374,  197,  581,  642,  388,  463,  646,  418,  587,  217,   83,  505,  117,  403,  351,  491,  397,  341,  510,  506,  291,  570,  123,  613,  554,  311,  112,  180,  496,  420,  399,  222,  529,  353,  212,  415,  587,  540,  300,  663,  537,  411,  272,  409,  680,  339,  388,  473,  627,  235,  555,  349,  414,  578,  575,  549,  699,  219,  652],
        [  433,    0,  452,  601,  632,  952,  656,  766,  704,  643,  516,  155,  757,  891,  838,  650,  475,  250,  445,  520,    0,  471,  462,   92,  534,  429,  762,  245,  478,  651,  589,  176,  462,  166,  578,  652,  711,  256,  145,  602,  729,  204,  743,  694,  169,  409,  209,  549,  307,  819,  176,  426,  501,  222,  763,  435,  340,  292,  760,  701,  103,  371,  589,  500,  819,  452,  946,  895,  676,  850,  621,  801,  551,  165,  599,  418,  239,  527,  831,  758,  537,  800,  249,  987,  347,  446,  595,  154,  415,  223,   19,  124,  737,  417,  269,  209,  721,  639,  838,  503,  955,  558,  251,  879,   66,  669,  619,  672,  309,  409,  701,  436,  985,  878,  130,  509,  273,  817,  600,  821,  694,  829,  626,  630,  245,  232,  396,  301,  568,  339,  951,  664,  873,  555,  643,  441,  300,  637,  342,  758,  900,  811,  605,  677,  479,  779,  296,  641,  175,   48,  775,  600,  621,  638,  619,  419,  639,  253,  412,  731,  631,  506,  515,  791,  149,  842,  596,  389,  527,  554,  373,  270,  136,  272,  718,  394,  402,  791,   81,  237,  176,  506,  657,  153],
        [  229,    0,  266,  475,  174,  569,  229,  585,  321,  493,  216,  388,  495,  643,  475,  196,  223,  262,  470,  377,  471,    0,  219,  466,  600,   89,  637,  331,  240,  769,  544,  532,  536,  625,  194,  202,  421,  582,  364,  789,  258,  289,  395,  796,  482,  653,  360,  422,  230,  649,  412,  495,   32,  653,  366,  599,  247,  304,  550,  731,  549,  583,  122,  680,  502,  419,  540,  493,  637,  688,  377,  526,  455,  356,  782,  519,  234,  687,  879,  342,  367,  392,  463,  622,  419,  320,  671,  431,  604,  646,  482,  349,  768,  564,  606,  645,  821,  242,  506,  735,  560,  222,  344,  507,  408,  215,  150,  327,  467,  499,  394,  149,  619,  503,  471,   78,  200,  452,  307,  676,  225,  416,  253,  194,  712,  504,  462,  703,  268,  592,  594,  278,  489,  211,  306,  363,  655,  444,  138,  727,  475,  772,  164,  210,  136,  650,  694,  428,  442,  472,  424,  486,  556,  175,  149,  647,  296,  297,  608,  499,  755,  218,  166,  654,  554,  907,  126,  131,   58,  312,  573,  202,  345,  710,  408,  230,  600,  363,  475,  353,  370,  349,  325,  523],
        [   32,    0,   51,  677,  256,  772,  432,  799,  533,  701,   59,  451,  714,  862,  686,  383,  428,  214,  634,  575,  462,  219,    0,  498,  765,  285,  846,  233,   24,  929,  734,  586,  693,  627,  412,  256,  261,  655,  320,  929,  377,  262,  611,  962,  544,  765,  450,  621,  157,  864,  328,  649,  240,  678,  571,  734,  125,  433,  766,  912,  560,  700,  302,  815,  720,  594,  733,  690,  830,  902,  185,  745,  650,  302,  922,  666,  259,  830, 1061,  541,  570,  592,  561,  828,  561,  109,  838,  493,  731,  677,  478,  350,  951,  701,  676,  667,  988,  197,  722,  856,  758,  440,  237,  714,  414,  276,  310,  545,  587,  647,  613,   74,  826,  711,  519,  296,  236,  663,  525,  888,  372,  612,  174,  222,  701,  588,  612,  748,  107,  695,  803,  212,  694,  104,  524,  543,  721,  656,  187,  922,  661,  970,  367,  311,   90,  859,  741,  642,  353,  441,  638,  687,  751,  272,  312,  764,  514,  214,  733,  717,  912,   47,   90,  865,  484, 1086,  294,  305,  228,  112,  693,  245,  329,  732,  626,   70,  723,  554,  428,  251,  301,  130,  543,  445],
        [  472,    0,  496,  524,  635,  902,  626,  690,  662,  567,  548,   91,  691,  820,  786,  629,  427,  286,  360,  451,   92,  466,  498,    0,  444,  408,  680,  303,  517,  560,  504,   95,  373,  166,  543,  658,  755,  174,  203,  514,  721,  238,  692,  603,   78,  322,  144,  475,  342,  740,  253,  338,  493,  189,  721,  344,  382,  233,  687,  610,   90,  281,  576,  410,  760,  373,  903,  852,  590,  770,  669,  735,  473,  224,  511,  329,  248,  437,  740,  722,  470,  760,  160,  933,  265,  500,  505,   70,  324,  184,   79,  149,  647,  326,  191,  180,  630,  660,  781,  417,  908,  515,  314,  829,   90,  674,  609,  624,  220,  320,  644,  459,  931,  828,   39,  490,  281,  767,  546,  740,  682,  789,  652,  641,  258,  141,  310,  251,  604,  251,  896,  687,  825,  581,  594,  369,  230,  566,  350,  669,  862,  722,  582,  675,  499,  697,  244,  573,  259,  139,  723,  522,  537,  638,  608,  330,  592,  302,  321,  662,  540,  539,  538,  710,  238,  751,  585,  364,  523,  598,  282,  275,  175,  245,  661,  434,  312,  757,  171,  301,  242,  560,  607,  244],
        [  754,    0,  790,  229,  752,  703,  596,  348,  555,  262,  791,  398,  429,  497,  597,  642,  396,  614,  132,  262,  534,  600,  765,  444,    0,  512,  293,  673,  789,  169,  133,  387,   77,  537,  517,  784, 1011,  335,  597,  217,  773,  581,  526,  198,  370,  222,  360,  234,  649,  371,  666,  120,  607,  485,  604,  128,  696,  337,  374,  168,  496,  195,  643,  147,  527,  183,  739,  694,  168,  387,  949,  467,  198,  612,  208,  118,  535,  128,  308,  631,  286,  642,  285,  704,  213,  822,   73,  383,  159,  468,  522,  524,  206,  127,  344,  492,  224,  842,  557,  226,  725,  463,  689,  638,  504,  791,  675,  494,  227,  131,  457,  697,  704,  639,  407,  561,  543,  589,  417,  352,  720,  669,  852,  788,  608,  310,  158,  448,  850,  243,  665,  877,  649,  801,  475,  239,  367,  309,  579,  231,  737,  282,  598,  762,  713,  308,  438,  332,  681,  579,  546,  215,  163,  743,  672,  202,  481,  653,  167,  383,  157,  788,  752,  324,  681,  327,  660,  474,  643,  876,  186,  534,  553,  515,  468,  727,  171,  671,  611,  682,  637,  875,  474,  686],
        [  286,    0,  325,  395,  254,  554,  230,  516,  300,  417,  294,  325,  440,  589,  450,  222,  144,  260,  381,  294,  429,   89,  285,  408,  512,    0,  562,  336,  307,  681,  459,  465,  448,  572,  164,  284,  506,  509,  344,  702,  317,  273,  362,  708,  414,  570,  289,  340,  246,  580,  404,  407,  101,  592,  353,  513,  277,  223,  485,  645,  496,  499,  170,  593,  462,  331,  535,  486,  553,  619,  455,  475,  371,  340,  694,  432,  206,  600,  793,  339,  287,  386,  385,  601,  333,  374,  583,  365,  519,  584,  436,  312,  682,  478,  533,  585,  734,  330,  471,  649,  550,  171,  352,  486,  364,  295,  204,  289,  384,  412,  346,  211,  598,  484,  408,   82,  177,  427,  249,  604,  275,  413,  341,  281,  663,  430,  374,  635,  349,  511,  569,  366,  473,  295,  263,  276,  582,  372,  140,  644,  479,  690,  177,  280,  212,  575,  625,  359,  433,  438,  392,  405,  473,  251,  203,  563,  254,  302,  523,  437,  666,  294,  247,  580,  531,  820,  182,   49,  137,  387,  489,  175,  315,  649,  361,  276,  515,  368,  447,  357,  360,  412,  281,  504],
        [  845,    0,  884,  175,  740,  482,  524,   91,  438,  146,  853,  610,  224,  220,  402,  586,  418,  759,  322,  277,  762,  637,  846,  680,  293,  562,    0,  832,  869,  364,  181,  648,  333,  804,  477,  772, 1053,  612,  782,  463,  714,  742,  371,  353,  617,  514,  558,  234,  775,   81,  855,  352,  630,  762,  463,  419,  817,  493,  140,  235,  750,  480,  624,  433,  315,  312,  536,  504,  133,   95, 1014,  241,  218,  792,  455,  374,  679,  407,  329,  503,  277,  491,  528,  463,  416,  930,  292,  611,  450,  746,  755,  713,  248,  408,  625,  767,  360,  856,  345,  509,  512,  428,  849,  434,  716,  771,  648,  382,  468,  374,  312,  772,  464,  437,  648,  571,  672,  405,  347,   61,  663,  510,  877,  788,  883,  568,  373,  736,  904,  528,  428,  891,  454,  846,  381,  337,  654,  196,  678,  153,  563,  169,  557,  728,  771,   17,  725,  215,  877,  802,  375,  170,  146,  725,  644,  494,  392,  804,  457,  184,  368,  854,  802,   32,  910,  365,  641,  545,  659,  947,  469,  664,  737,  799,  312,  830,  460,  537,  829,  847,  818,  972,  368,  905],
        [  202,    0,  213,  658,  453,  889,  555,  809,  635,  693,  291,  291,  759,  906,  786,  527,  449,   78,  554,  559,  245,  331,  233,  303,  673,  336,  832,    0,  245,  820,  683,  398,  597,  406,  500,  464,  470,  476,  102,  795,  567,   93,  697,  859,  368,  611,  316,  600,  103,  871,   96,  554,  362,  466,  686,  607,  111,  347,  788,  837,  347,  557,  450,  684,  794,  534,  866,  817,  780,  907,  378,  798,  617,   81,  790,  560,  155,  706,  980,  668,  565,  716,  415,  936,  461,  202,  744,  325,  595,  467,  263,  162,  875,  579,  494,  453,  886,  426,  805,  706,  884,  503,   18,  822,  214,  483,  472,  623,  459,  544,  675,  233,  934,  819,  334,  396,  169,  763,  573,  884,  546,  742,  406,  435,  473,  424,  517,  544,  336,  538,  905,  444,  808,  335,  596,  498,  533,  665,  200,  870,  804,  922,  493,  506,  278,  848,  538,  659,  123,  214,  728,  663,  709,  465,  473,  615,  589,   35,  595,  746,  801,  279,  305,  857,  252,  999,  450,  320,  374,  313,  554,  174,  133,  516,  691,  164,  585,  692,  198,   22,   71,  261,  614,  214],
        [   45,    0,   43,  700,  263,  787,  449,  821,  551,  724,   55,  472,  735,  882,  704,  398,  451,  232,  658,  599,  478,  240,   24,  517,  789,  307,  869,  245,    0,  952,  757,  605,  717,  643,  431,  261,  240,  675,  335,  952,  384,  280,  630,  985,  565,  787,  472,  644,  175,  886,  339,  673,  259,  696,  588,  757,  139,  457,  788,  936,  578,  722,  318,  838,  739,  617,  747,  705,  854,  924,  162,  765,  673,  316,  945,  689,  281,  853, 1085,  557,  593,  607,  583,  844,  584,   98,  861,  514,  754,  694,  495,  368,  974,  724,  697,  684, 1012,  193,  740,  878,  773,  461,  247,  730,  432,  280,  323,  564,  610,  670,  633,   97,  842,  727,  538,  316,  258,  680,  546,  910,  383,  626,  168,  226,  715,  609,  636,  766,   92,  717,  820,  204,  710,  102,  544,  567,  741,  678,  211,  945,  674,  993,  384,  319,  108,  882,  759,  664,  363,  455,  656,  710,  774,  281,  326,  786,  534,  228,  755,  738,  935,   43,   99,  887,  494, 1110,  309,  328,  245,   88,  716,  267,  347,  749,  646,   85,  746,  568,  442,  262,  314,  110,  563,  455],
        [  916,    0,  951,  370,  921,  827,  758,  443,  708,  392,  957,  534,  552,  583,  730,  807,  564,  767,  300,  425,  651,  769,  929,  560,  169,  681,  364,  820,  952,    0,  268,  485,  236,  615,  682,  953, 1178,  414,  736,  110,  939,  730,  669,   45,  483,  261,  505,  391,  806,  442,  801,  280,  776,  548,  753,  217,  853,  497,  481,  134,  592,  280,  811,  157,  651,  352,  871,  831,  236,  444, 1113,  583,  352,  753,  103,  265,  690,  126,  192,  784,  447,  789,  411,  817,  370,  980,  103,  509,  237,  532,  636,  664,  144,  242,  414,  559,   71, 1010,  682,  197,  852,  627,  835,  768,  633,  960,  843,  647,  362,  283,  600,  862,  818,  770,  522,  730,  702,  725,  575,  410,  886,  814, 1020,  957,  669,  419,  317,  488, 1016,  319,  781, 1046,  783,  968,  631,  408,  417,  449,  742,  233,  879,  264,  764,  929,  880,  374,  480,  474,  812,  698,  686,  355,  283,  912,  840,  245,  638,  803,  240,  504,   21,  953,  919,  389,  791,  195,  828,  642,  812, 1039,  279,  692,  693,  563,  608,  887,  250,  823,  731,  827,  777, 1035,  627,  802],
        [  728,    0,  766,  103,  679,  572,  497,  219,  441,  130,  751,  439,  297,  368,  468,  550,  324,  615,  144,  172,  589,  544,  734,  504,  133,  459,  181,  683,  757,  268,    0,  468,  154,  623,  426,  712,  965,  433,  622,  342,  682,  591,  403,  279,  438,  345,  390,  130,  639,  252,  695,  172,  545,  582,  485,  247,  684,  336,  242,  190,  571,  303,  564,  279,  396,  150,  610,  567,   99,  275,  912,  334,   93,  634,  332,  194,  533,  260,  336,  516,  189,  522,  349,  571,  242,  805,  169,  436,  277,  566,  580,  551,  226,  232,  446,  587,  299,  780,  426,  358,  595,  371,  700,  509,  546,  715,  594,  379,  289,  193,  333,  661,  571,  510,  470,  492,  533,  461,  311,  242,  629,  547,  796,  720,  703,  388,  195,  559,  807,  350,  533,  817,  521,  753,  365,  192,  477,  183,  553,  190,  614,  241,  510,  680,  670,  197,  548,  207,  714,  630,  421,   88,   35,  667,  591,  326,  372,  658,  285,  250,  263,  749,  706,  212,  737,  366,  582,  430,  579,  841,  292,  524,  577,  620,  343,  706,  286,  555,  659,  696,  660,  853,  360,  735],
        [  561,    0,  587,  506,  705,  920,  669,  669,  691,  550,  634,  145,  689,  808,  803,  680,  457,  377,  328,  448,  176,  532,  586,   95,  387,  465,  648,  398,  605,  485,  468,    0,  323,  157,  582,  730,  845,   81,  298,  429,  782,  329,  711,  528,   52,  235,  178,  463,  432,  714,  346,  297,  557,  136,  751,  274,  473,  261,  674,  549,  110,  206,  635,  330,  767,  355,  928,  877,  544,  741,  760,  733,  454,  318,  426,  279,  330,  360,  670,  756,  470,  790,  125,  944,  244,  593,  441,  102,  249,  123,  159,  241,  584,  262,   97,  134,  555,  740,  790,  328,  929,  547,  408,  847,  185,  745,  669,  647,  181,  276,  656,  543,  943,  846,   68,  545,  360,  785,  565,  709,  739,  820,  734,  715,  242,   80,  277,  172,  691,  167,  906,  769,  845,  665,  618,  365,  137,  559,  427,  617,  894,  669,  631,  740,  580,  665,  163,  570,  349,  223,  741,  501,  503,  706,  667,  246,  617,  395,  245,  655,  464,  625,  619,  678,  308,  678,  646,  418,  589,  688,  210,  353,  268,  189,  672,  524,  236,  793,  256,  396,  336,  653,  629,  322],
