{
    "name": "random-4-22651",
    "comment": "size=4 seed=22651",
    "nodes": ["+0", "-0", "+1", "-1", "+2", "-2", "+3", "-3", "+4", "-4"],
    "precedence": {
        "+0": "-0",
        "+1": "-1",
        "+2": "-2",
        "+3": "-3",
        "+4": "-4"
    },
    "edges": [
        [    0,    0,  290,  465,  327,  331,  116,  316,  707,  181],
        [    0,    0,  290,  465,  327,  331,  116,  316,  707,  181],
        [  290,  290,    0,  294,  327,  536,  403,  605,  607,  331],
        [  465,  465,  294,    0,  618,  532,  571,  728,  320,  585],
        [  327,  327,  327,  618,    0,  657,  374,  564,  923,  175],
        [  331,  331,  536,  532,  657,    0,  314,  296,  619,  499],
        [  116,  116,  403,  571,  374,  314,    0,  210,  790,  201],
        [  316,  316,  605,  728,  564,  296,  210,    0,  890,  390],
        [  707,  707,  607,  320,  923,  619,  790,  890,    0,  860],
        [  181,  181,  331,  585,  175,  499,  201,  390,  860,    0]
    ]
}
