{
    "name": "random-42-10680",
    "comment": "size=42 seed=10680",
    "nodes": ["+0", "-0", "+1", "-1", "+2", "-2", "+3", "-3", "+4", "-4", "+5", "-5", "+6", "-6", "+7", "-7", "+8", "-8", "+9", "-9", "+10", "-10", "+11", "-11", "+12", "-12", "+13", "-13", "+14", "-14", "+15", "-15", "+16", "-16", "+17", "-17", "+18", "-18", "+19", "-19", "+20", "-20", "+21", "-21", "+22", "-22", "+23", "-23", "+24", "-24", "+25", "-25", "+26", "-26", "+27", "-27", "+28", "-28", "+29", "-29", "+30", "-30", "+31", "-31", "+32", "-32", "+33", "-33", "+34", "-34", "+35", "-35", "+36", "-36", "+37", "-37", "+38", "-38", "+39", "-39", "+40", "-40", "+41", "-41", "+42", "-42"],
    "precedence": {
        "+0": "-0",
        "+1": "-1",
        "+2": "-2",
        "+3": "-3",
        "+4": "-4",
        "+5": "-5",
        "+6": "-6",
        "+7": "-7",
        "+8": "-8",
        "+9": "-9",
        "+10": "-10",
        "+11": "-11",
        "+12": "-12",
        "+13": "-13",
        "+14": "-14",
        "+15": "-15",
        "+16": "-16",
        "+17": "-17",
        "+18": "-18",
        "+19": "-19",
        "+20": "-20",
        "+21": "-21",
        "+22": "-22",
        "+23": "-23",
        "+24": "-24",
        "+25": "-25",
        "+26": "-26",
        "+27": "-27",
        "+28": "-28",
        "+29": "-29",
        "+30": "-30",
        "+31": "-31",
        "+32": "-32",
        "+33": "-33",
        "+34": "-34",
        "+35": "-35",
        "+36": "-36",
        "+37": "-37",
        "+38": "-38",
        "+39": "-39",
        "+40": "-40",
        "+41": "-41",
        "+42": "-42"
    },
    "edges": [
        [    0,    0,  674,  903,  488,  642,  688,  392,  522,  388,  120,  492,  191,  917,  881,  835,  902,  229,  189,  610,   59,  571,  458, 1169,  215,  982,  607,  424,  834, 1124,  476,  356,  968,  469,  945, 1055,  464,  832,  626,  610,  980,  384,  216,  527,  694,  631,  494,  703,  488,  700,  567,  799,  538,  654,  332,   35, 1092,  408,  597,  403,  265,  985,  159,  309,  750,  826,  459,  282,  822,  687,  199,  856,  888,  576,  729,  693,   67,  677,  632,  947,  793,  594,   47, 1051,  132,  627],
        [    0,    0,  674,  903,  488,  642,  688,  392,  522,  388,  120,  492,  191,  917,  881,  835,  902,  229,  189,  610,   59,  571,  458, 1169,  215,  982,  607,  424,  834, 1124,  476,  356,  968,  469,  945, 1055,  464,  832,  626,  610,  980,  384,  216,  527,  694,  631,  494,  703,  488,  700,  567,  799,  538,  654,  332,   35, 1092,  408,  597,  403,  265,  985,  159,  309,  750,  826,  459,  282,  822,  687,  199,  856,  888,  576,  729,  693,   67,  677,  632,  947,  793,  594,   47, 1051,  132,  627],
        [  674,  674,    0,  492,  585,  120,  763,  731,  498,  622,  557,  278,  554,  421,  358,  272,  364,  447,  581,  262,  733,  120,  439,  643,  524,  361,  105,  622,  175,  619,  656,  747,  409,  226,  512,  522,  572,  512,  856,   75,  546,  705,  547,  154,   23,  196,  329,  236,  350,  780,  757,  337,  296,  498,  482,  650,  582,  597,  173,  272,  486,  433,  765,  529,  140,  162,  592,  523,  150,  327,  502,  318,  257,   99,  678,  778,  608,  740,  806,  440,  144,  490,  707,  500,  743,  500],
        [  903,  903,  492,    0,  508,  610,  529,  714,  420,  615,  793,  432,  879,  877,  813,  726,  180,  736,  730,  748,  954,  573,  881,  285,  858,  324,  583,  588,  412,  233,  579,  756,  210,  505,   44,  205,  518,  111,  693,  474,   78,  694,  695,  573,  478,  685,  413,  726,  417,  542,  615,  817,  375,  294,  579,  896,  210,  580,  654,  615,  639,  200, 1046,  615,  607,  431,  537,  894,  462,  818,  815,  200,  655,  523,  395,  545,  843,  511,  626,  888,  571,  348,  948,  225, 1018,  323],
        [  488,  488,  585,  508,    0,  643,  226,  207,  101,  116,  416,  309,  560,  985,  927,  848,  590,  436,  300,  716,  523,  561,  713,  793,  555,  721,  597,   83,  661,  740,   79,  250,  654,  392,  552,  702,   26,  409,  272,  514,  580,  186,  280,  523,  591,  688,  256,  763,  235,  243,  173,  879,  293,  215,  191,  497,  717,   84,  642,  451,  262,  660,  646,  188,  720,  667,   32,  622,  683,  811,  505,  561,  841,  523,  242,  237,  449,  208,  229, 1009,  727,  162,  533,  712,  619,  186],
        [  642,  642,  120,  610,  643,    0,  839,  763,  567,  661,  532,  337,  497,  342,  285,  212,  483,  415,  582,  144,  700,   85,  337,  759,  466,  467,   47,  667,  274,  737,  708,  773,  525,  255,  631,  638,  627,  624,  914,  150,  665,  738,  552,  130,  138,   76,  392,  128,  412,  857,  816,  241,  371,  588,  511,  614,  699,  640,   63,  250,  496,  550,  712,  554,  109,  257,  645,  449,  234,  210,  454,  437,  247,  122,  766,  854,  579,  817,  870,  366,  158,  572,  670,  615,  692,  587],
        [  688,  688,  763,  529,  226,  839,    0,  322,  275,  302,  633,  505,  781, 1178, 1117, 1034,  665,  661,  508,  927,  714,  761,  938,  796,  778,  813,  794,  267,  802,  741,  213,  371,  720,  598,  567,  733,  251,  419,  174,  698,  584,  319,  495,  728,  765,  892,  449,  963,  429,   18,  140, 1079,  470,  283,  417,  703,  729,  288,  847,  669,  485,  718,  845,  408,  902,  813,  245,  847,  834, 1021,  729,  652, 1010,  718,  137,   17,  659,   23,  109, 1200,  899,  274,  731,  754,  819,  270],
        [  392,  392,  731,  714,  207,  763,  322,    0,  301,  113,  372,  457,  527, 1098, 1045,  975,  790,  445,  243,  804,  405,  679,  744,  999,  534,  916,  718,  129,  835,  947,  141,   50,  856,  512,  758,  908,  199,  614,  234,  657,  786,   26,  251,  635,  742,  792,  415,  870,  396,  330,  186,  985,  461,  421,  253,  414,  924,  146,  747,  532,  282,  863,  542,  212,  855,  838,  179,  609,  848,  898,  490,  758,  986,  652,  406,  322,  380,  317,  246, 1125,  874,  368,  430,  917,  518,  392],
        [  522,  522,  498,  420,  101,  567,  275,  301,    0,  197,  433,  231,  560,  907,  847,  766,  491,  424,  335,  653,  565,  488,  678,  703,  551,  621,  521,  173,  564,  652,  179,  340,  556,  323,  463,  608,  103,  327,  361,  430,  494,  278,  306,  454,  502,  618,  175,  690,  155,  293,  263,  806,  203,  136,  195,  525,  627,  161,  572,  400,  268,  563,  678,  214,  635,  571,  123,  610,  587,  746,  501,  461,  751,  445,  236,  289,  473,  253,  309,  930,  639,   76,  569,  617,  650,  107],
        [  388,  388,  622,  615,  116,  661,  302,  113,  197,    0,  334,  346,  486,  999,  944,  871,  681,  380,  207,  712,  417,  576,  674,  899,  487,  805,  615,   38,  723,  848,   90,  145,  748,  407,  659,  804,   99,  520,  279,  548,  689,   88,  197,  534,  632,  694,  303,  772,  283,  315,  196,  888,  348,  326,  155,  401,  824,   36,  649,  439,  204,  756,  545,  124,  749,  726,   84,  559,  737,  807,  439,  648,  878,  546,  350,  308,  357,  290,  262, 1025,  765,  268,  431,  812,  519,  296],
        [  120,  120,  557,  793,  416,  532,  633,  372,  433,  334,    0,  376,  156,  823,  782,  731,  785,  119,  130,  514,  178,  458,  393, 1055,  164,  863,  495,  367,  715, 1011,  422,  349,  851,  350,  835,  939,  391,  728,  599,  492,  870,  356,  139,  412,  576,  528,  382,  603,  377,  647,  526,  705,  424,  558,  238,  104,  979,  346,  491,  288,  165,  868,  253,  229,  640,  708,  391,  240,  704,  598,  124,  739,  778,  459,  654,  640,   53,  618,  593,  853,  679,  501,  160,  935,  226,  533],
        [  492,  492,  278,  432,  309,  337,  505,  457,  231,  346,  376,    0,  448,  678,  618,  539,  410,  305,  348,  426,  548,  257,  485,  681,  427,  499,  291,  344,  384,  639,  379,  477,  477,   99,  470,  565,  296,  389,  581,  206,  507,  431,  311,  225,  287,  388,   57,  459,   76,  522,  482,  576,   60,  278,  219,  480,  606,  319,  343,  200,  247,  493,  623,  266,  411,  384,  314,  466,  393,  518,  384,  365,  535,  215,  444,  519,  428,  482,  535,  701,  422,  246,  535,  560,  597,  268],
        [  191,  191,  554,  879,  560,  497,  781,  527,  560,  486,  156,  448,    0,  740,  709,  672,  841,  145,  286,  439,  235,  440,  268, 1122,   32,  894,  470,  517,  725, 1083,  573,  503,  903,  389,  917, 1002,  535,  828,  755,  502,  954,  512,  290,  401,  576,  471,  471,  537,  473,  796,  680,  623,  504,  675,  372,  156, 1048,  495,  443,  292,  299,  923,  215,  374,  604,  714,  537,   93,  704,  508,   64,  792,  738,  458,  791,  789,  158,  765,  747,  771,  654,  622,  197,  992,  197,  653],
        [  917,  917,  421,  877,  985,  342, 1178, 1098,  907,  999,  823,  678,  740,    0,   66,  153,  714,  706,  899,  309,  970,  425,  490,  942,  710,  629,  389, 1007,  469,  937, 1050, 1103,  729,  596,  886,  837,  969,  919, 1256,  481,  915, 1074,  873,  466,  425,  307,  733,  229,  754, 1196, 1158,  119,  708,  918,  846,  885,  902,  980,  352,  569,  823,  754,  943,  887,  283,  449,  986,  663,  417,  233,  719,  680,  234,  463, 1098, 1193,  861, 1156, 1212,   32,  307,  908,  934,  805,  931,  920],
        [  881,  881,  358,  813,  927,  285, 1117, 1045,  847,  944,  782,  618,  709,   66,    0,   88,  651,  664,  852,  272,  935,  369,  469,  882,  678,  569,  331,  951,  405,  877,  993, 1052,  667,  539,  822,  776,  911,  854, 1198,  419,  851, 1020,  824,  411,  361,  258,  673,  181,  694, 1134, 1099,   92,  647,  855,  793,  849,  841,  925,  301,  520,  773,  692,  917,  835,  219,  385,  929,  637,  353,  210,  683,  616,  175,  404, 1035, 1132,  823, 1094, 1153,   83,  242,  846,  900,  745,  903,  857],
        [  835,  835,  272,  726,  848,  212, 1034,  975,  766,  871,  731,  539,  672,  153,   88,    0,  566,  613,  791,  238,  891,  297,  453,  805,  641,  491,  258,  876,  321,  797,  916,  984,  586,  464,  736,  696,  834,  767, 1120,  337,  765,  949,  762,  342,  274,  204,  593,  137,  614, 1051, 1021,  118,  565,  769,  722,  805,  761,  850,  241,  458,  707,  611,  885,  765,  133,  300,  852,  608,  268,  207,  640,  530,  109,  326,  949, 1049,  775, 1011, 1073,  169,  155,  762,  858,  665,  869,  772],
        [  902,  902,  364,  180,  590,  483,  665,  790,  491,  681,  785,  410,  841,  714,  651,  566,    0,  705,  749,  626,  957,  468,  790,  287,  815,  151,  466,  662,  246,  257,  667,  826,   68,  452,  176,  164,  593,  266,  815,  370,  201,  767,  713,  481,  346,  559,  416,  586,  428,  680,  727,  666,  368,  395,  605,  889,  219,  647,  536,  555,  650,   83, 1030,  648,  458,  266,  613,  837,  299,  684,  779,   50,  486,  422,  538,  682,  837,  645,  750,  722,  414,  433,  944,  152, 1004,  418],
        [  229,  229,  447,  736,  436,  415,  661,  445,  424,  380,  119,  305,  145,  706,  664,  613,  705,    0,  208,  398,  287,  343,  300,  983,  128,  769,  378,  407,  611,  942,  462,  433,  769,  255,  775,  864,  411,  684,  658,  386,  811,  425,  195,  298,  467,  410,  327,  485,  329,  677,  574,  588,  361,  534,  245,  204,  908,  381,  372,  175,  178,  787,  328,  259,  523,  602,  417,  188,  596,  484,   81,  657,  660,  349,  658,  671,  165,  644,  640,  736,  564,  482,  261,  856,  304,  513],
        [  189,  189,  581,  730,  300,  582,  508,  243,  335,  207,  130,  348,  286,  899,  852,  791,  749,  208,    0,  594,  230,  501,  506, 1003,  292,  846,  540,  241,  721,  956,  296,  226,  817,  358,  772,  894,  276,  652,  469,  510,  806,  227,   38,  454,  598,  595,  334,  672,  323,  521,  397,  782,  382,  468,  151,  198,  927,  223,  552,  334,  102,  831,  347,  121,  685,  718,  272,  366,  720,  684,  247,  707,  822,  488,  541,  514,  151,  494,  464,  928,  716,  409,  235,  895,  320,  441],
        [  610,  610,  262,  748,  716,  144,  927,  804,  653,  712,  514,  426,  439,  309,  272,  238,  626,  398,  594,    0,  664,  181,  221,  902,  408,  607,  166,  725,  413,  880,  773,  805,  668,  330,  771,  782,  697,  754,  981,  277,  806,  781,  570,  202,  281,   69,  482,  101,  500,  945,  885,  191,  472,  697,  557,  578,  843,  698,   95,  274,  524,  693,  649,  594,  212,  395,  712,  371,  369,   95,  412,  580,  320,  233,  869,  941,  553,  905,  944,  339,  271,  671,  629,  758,  634,  691],
        [   59,   59,  733,  954,  523,  700,  714,  405,  565,  417,  178,  548,  235,  970,  935,  891,  957,  287,  230,  664,    0,  630,  503, 1222,  263, 1039,  665,  454,  892, 1177,  503,  366, 1024,  527,  996, 1109,  500,  880,  638,  669, 1031,  401,  261,  585,  752,  687,  547,  758,  540,  725,  587,  852,  593,  698,  378,   87, 1146,  441,  654,  461,  315, 1040,  138,  351,  808,  885,  492,  324,  881,  739,  253,  912,  945,  634,  763,  717,  126,  703,  650, 1000,  851,  638,   41, 1106,  116,  670],
        [  571,  571,  120,  573,  561,   85,  761,  679,  488,  576,  458,  257,  440,  425,  369,  297,  468,  343,  501,  181,  630,    0,  324,  751,  409,  479,   40,  583,  294,  724,  625,  688,  518,  171,  599,  629,  545,  575,  832,  101,  635,  654,  470,   47,  142,  132,  313,  203,  333,  779,  734,  319,  297,  519,  426,  545,  686,  556,   89,  172,  413,  541,  653,  469,  185,  280,  562,  405,  266,  267,  391,  419,  323,   53,  695,  776,  506,  739,  789,  450,  222,  498,  602,  610,  632,  515],
        [  458,  458,  439,  881,  713,  337,  938,  744,  678,  674,  393,  485,  268,  490,  469,  453,  790,  300,  506,  221,  503,  324,    0, 1075,  243,  799,  334,  697,  608, 1046,  751,  731,  842,  390,  912,  952,  690,  863,  953,  420,  948,  724,  494,  311,  461,  279,  531,  319,  543,  955,  865,  379,  542,  759,  528,  423, 1009,  671,  275,  286,  471,  865,  457,  551,  427,  592,  700,  181,  571,  260,  270,  741,  540,  369,  911,  950,  415,  919,  930,  521,  485,  718,  464,  934,  447,  744],
        [ 1169, 1169,  643,  285,  793,  759,  796,  999,  703,  899, 1055,  681, 1122,  942,  882,  805,  287,  983, 1003,  902, 1222,  751, 1075,    0, 1097,  314,  747,  873,  497,   55,  863, 1041,  235,  734,  242,  123,  803,  389,  965,  656,  216,  978,  968,  766,  623,  834,  675,  851,  683,  806,  894,  915,  631,  578,  854, 1159,   77,  864,  816,  839,  909,  211, 1304,  892,  716,  517,  821, 1122,  548,  951, 1059,  336,  709,  707,  659,  810, 1106,  780,  898,  943,  664,  632, 1213,  144, 1277,  607],
        [  215,  215,  524,  858,  555,  466,  778,  534,  551,  487,  164,  427,   32,  710,  678,  641,  815,  128,  292,  408,  263,  409,  243, 1097,    0,  867,  439,  517,  696, 1059,  573,  513,  877,  364,  896,  977,  530,  810,  759,  473,  933,  518,  291,  371,  546,  440,  453,  506,  456,  793,  682,  593,  484,  662,  366,  181, 1024,  493,  412,  264,  294,  897,  247,  371,  573,  685,  534,   76,  674,  478,   51,  766,  706,  429,  783,  787,  175,  762,  748,  741,  623,  610,  225,  967,  229,  640],
        [  982,  982,  361,  324,  721,  467,  813,  916,  621,  805,  863,  499,  894,  629,  569,  491,  151,  769,  846,  607, 1039,  479,  799,  314,  867,    0,  465,  789,  194,  310,  800,  948,  120,  515,  310,  211,  722,  416,  958,  395,  325,  891,  809,  505,  338,  538,  518,  545,  534,  828,  868,  603,  469,  537,  710,  964,  276,  771,  527,  603,  745,  139, 1096,  756,  409,  213,  743,  876,  241,  646,  837,  163,  396,  444,  687,  829,  916,  792,  894,  631,  354,  570, 1022,  178, 1072,  558],
        [  607,  607,  105,  583,  597,   47,  794,  718,  521,  615,  495,  291,  470,  389,  331,  258,  466,  378,  540,  166,  665,   40,  334,  747,  439,  465,    0,  621,  276,  722,  662,  727,  513,  208,  606,  625,  581,  591,  868,  113,  641,  692,  509,   86,  127,  106,  347,  170,  367,  812,  770,  285,  327,  547,  465,  580,  685,  594,   72,  209,  452,  537,  684,  508,  146,  260,  598,  429,  243,  244,  423,  419,  285,   77,  724,  809,  542,  772,  824,  413,  187,  528,  636,  604,  663,  544],
        [  424,  424,  622,  588,   83,  667,  267,  129,  173,   38,  367,  344,  517, 1007,  951,  876,  662,  407,  241,  725,  454,  583,  697,  873,  517,  789,  621,    0,  715,  821,   56,  169,  727,  413,  632,  779,   71,  490,  258,  549,  661,  107,  229,  542,  631,  704,  297,  781,  277,  281,  168,  898,  340,  296,  172,  437,  797,   28,  658,  453,  229,  734,  582,  148,  752,  719,   52,  588,  731,  820,  468,  630,  878,  551,  313,  274,  392,  254,  234, 1033,  765,  241,  468,  789,  555,  267],
        [  834,  834,  175,  412,  661,  274,  802,  835,  564,  723,  715,  384,  725,  469,  405,  321,  246,  611,  721,  413,  892,  294,  608,  497,  696,  194,  276,  715,    0,  482,  739,  859,  268,  368,  418,  381,  655,  468,  922,  225,  446,  809,  685,  326,  152,  345,  420,  355,  440,  819,  826,  424,  375,  521,  602,  812,  445,  693,  335,  438,  621,  294,  934,  649,  220,   22,  676,  697,   54,  455,  671,  213,  244,  268,  694,  819,  767,  780,  865,  478,  171,  533,  870,  354,  911,  533],
        [ 1124, 1124,  619,  233,  740,  737,  741,  947,  652,  848, 1011,  639, 1083,  937,  877,  797,  257,  942,  956,  880, 1177,  724, 1046,   55, 1059,  310,  722,  821,  482,    0,  810,  989,  215,  697,  189,  102,  751,  335,  911,  626,  162,  926,  921,  736,  600,  812,  631,  834,  637,  751,  840,  905,  588,  526,  806, 1115,   38,  813,  792,  803,  863,  190, 1261,  844,  701,  503,  769, 1086,  535,  933, 1020,  306,  704,  678,  605,  756, 1062,  726,  843,  940,  652,  580, 1168,  133, 1235,  555],
        [  476,  476,  656,  579,   79,  708,  213,  141,  179,   90,  422,  379,  573, 1050,  993,  916,  667,  462,  296,  773,  503,  625,  751,  863,  573,  800,  662,   56,  739,  810,    0,  188,  731,  455,  622,  776,   85,  477,  209,  584,  649,  125,  285,  585,  664,  749,  328,  825,  307,  226,  115,  942,  367,  286,  225,  490,  789,   81,  703,  502,  284,  737,  633,  204,  789,  744,   65,  644,  758,  868,  524,  639,  913,  590,  272,  219,  446,  201,  179, 1074,  799,  237,  519,  787,  607,  258],
        [  356,  356,  747,  756,  250,  773,  371,   50,  340,  145,  349,  477,  503, 1103, 1052,  984,  826,  433,  226,  805,  366,  688,  731, 1041,  513,  948,  727,  169,  859,  989,  188,    0,  892,  525,  800,  947,  239,  658,  273,  673,  829,   64,  240,  643,  759,  797,  440,  875,  421,  378,  234,  989,  487,  464,  266,  381,  966,  180,  752,  535,  281,  900,  503,  220,  867,  861,  220,  589,  870,  898,  471,  792, 1000,  665,  455,  370,  351,  366,  291, 1131,  889,  409,  392,  956,  479,  435],
        [  968,  968,  409,  210,  654,  525,  720,  856,  556,  748,  851,  477,  903,  729,  667,  586,   68,  769,  817,  668, 1024,  518,  842,  235,  877,  120,  513,  727,  268,  215,  731,  892,    0,  515,  192,  114,  658,  310,  874,  423,  206,  833,  780,  535,  388,  600,  483,  620,  495,  734,  788,  691,  435,  455,  673,  955,  177,  713,  581,  615,  718,   26, 1095,  716,  487,  289,  679,  897,  321,  719,  842,  113,  497,  475,  590,  736,  904,  700,  808,  734,  438,  496, 1011,   92, 1069,  480],
        [  469,  469,  226,  505,  392,  255,  598,  512,  323,  407,  350,   99,  389,  596,  539,  464,  452,  255,  358,  330,  527,  171,  390,  734,  364,  515,  208,  413,  368,  697,  455,  525,  515,    0,  540,  614,  375,  476,  661,  153,  577,  487,  323,  132,  241,  297,  153,  372,  170,  615,  563,  488,  154,  376,  260,  450,  661,  386,  251,  111,  261,  534,  583,  306,  343,  363,  391,  391,  363,  424,  328,  404,  476,  140,  543,  612,  402,  576,  620,  620,  365,  345,  507,  604,  558,  367],
        [  945,  945,  512,   44,  552,  631,  567,  758,  463,  659,  835,  470,  917,  886,  822,  736,  176,  775,  772,  771,  996,  599,  912,  242,  896,  310,  606,  632,  418,  189,  622,  800,  192,  540,    0,  167,  562,  150,  732,  499,   38,  737,  738,  602,  497,  706,  454,  744,  458,  579,  656,  831,  415,  337,  622,  938,  167,  624,  678,  649,  682,  178, 1087,  658,  621,  438,  580,  930,  470,  838,  854,  206,  660,  549,  432,  582,  884,  550,  665,  895,  582,  392,  990,  192, 1059,  366],
        [ 1055, 1055,  522,  205,  702,  638,  733,  908,  608,  804,  939,  565, 1002,  837,  776,  696,  164,  864,  894,  782, 1109,  629,  952,  123,  977,  211,  625,  779,  381,  102,  776,  947,  114,  614,  167,    0,  709,  315,  897,  533,  159,  885,  858,  644,  502,  713,  563,  734,  572,  745,  818,  803,  517,  491,  746, 1043,   66,  768,  694,  717,  798,   89, 1187,  786,  600,  402,  729, 1000,  433,  833,  940,  214,  604,  585,  598,  749,  991,  715,  830,  840,  551,  540, 1098,   36, 1161,  519],
        [  464,  464,  572,  518,   26,  627,  251,  199,  103,   99,  391,  296,  535,  969,  911,  834,  593,  411,  276,  697,  500,  545,  690,  803,  530,  722,  581,   71,  655,  751,   85,  239,  658,  375,  562,  709,    0,  421,  287,  501,  591,  177,  255,  506,  580,  670,  244,  746,  223,  267,  189,  862,  283,  227,  167,  473,  727,   65,  624,  430,  237,  665,  622,  163,  706,  660,   22,  597,  674,  792,  480,  562,  829,  508,  266,  261,  424,  233,  248,  993,  716,  171,  509,  719,  595,  197],
        [  832,  832,  512,  111,  409,  624,  419,  614,  327,  520,  728,  389,  828,  919,  854,  767,  266,  684,  652,  754,  880,  575,  863,  389,  810,  416,  591,  490,  468,  335,  477,  658,  310,  476,  150,  315,  421,    0,  583,  479,  173,  594,  619,  566,  502,  696,  358,  747,  356,  432,  507,  848,  330,  195,  502,  829,  316,  485,  661,  585,  568,  304,  981,  533,  640,  485,  439,  854,  514,  833,  765,  269,  708,  522,  285,  435,  776,  401,  516,  933,  614,  253,  878,  335,  953,  225],
        [  626,  626,  856,  693,  272,  914,  174,  234,  361,  279,  599,  581,  755, 1256, 1198, 1120,  815,  658,  469,  981,  638,  832,  953,  965,  759,  958,  868,  258,  922,  911,  209,  273,  874,  661,  732,  897,  287,  583,    0,  786,  751,  245,  469,  793,  862,  957,  528, 1032,  507,  169,  100, 1149,  562,  421,  430,  647,  896,  286,  911,  710,  483,  874,  775,  403,  991,  930,  271,  833,  948, 1076,  712,  795, 1111,  795,  308,  163,  612,  187,   68, 1280,  998,  393,  663,  915,  751,  400],
        [  610,  610,   75,  474,  514,  150,  698,  657,  430,  548,  492,  206,  502,  481,  419,  337,  370,  386,  510,  277,  669,  101,  420,  656,  473,  395,  113,  549,  225,  626,  584,  673,  423,  153,  499,  533,  501,  479,  786,    0,  535,  631,  475,  112,   89,  219,  258,  276,  279,  716,  687,  387,  229,  441,  408,  588,  589,  523,  183,  213,  413,  446,  709,  455,  206,  217,  520,  481,  213,  356,  447,  321,  330,   52,  620,  714,  543,  676,  737,  502,  218,  428,  645,  515,  686,  441],
        [  980,  980,  546,   78,  580,  665,  584,  786,  494,  689,  870,  507,  954,  915,  851,  765,  201,  811,  806,  806, 1031,  635,  948,  216,  933,  325,  641,  661,  446,  162,  649,  829,  206,  577,   38,  159,  591,  173,  751,  535,    0,  765,  772,  639,  530,  741,  490,  777,  494,  595,  678,  862,  451,  365,  656,  973,  146,  653,  713,  687,  716,  188, 1122,  691,  652,  466,  609,  967,  498,  871,  891,  236,  687,  585,  448,  599,  920,  567,  684,  923,  612,  421, 1025,  189, 1095,  394],
        [  384,  384,  705,  694,  186,  738,  319,   26,  278,   88,  356,  431,  512, 1074, 1020,  949,  767,  425,  227,  781,  401,  654,  724,  978,  518,  891,  692,  107,  809,  926,  125,   64,  833,  487,  737,  885,  177,  594,  245,  631,  765,    0,  231,  610,  716,  767,  389,  846,  370,  328,  187,  960,  435,  401,  228,  404,  903,  121,  722,  508,  259,  840,  536,  187,  829,  812,  157,  593,  822,  875,  473,  734,  960,  626,  395,  320,  368,  312,  249, 1100,  848,  347,  423,  895,  511,  372],
        [  216,  216,  547,  695,  280,  552,  495,  251,  306,  197,  139,  311,  290,  873,  824,  762,  713,  195,   38,  570,  261,  470,  494,  968,  291,  809,  509,  229,  685,  921,  285,  240,  780,  323,  738,  858,  255,  619,  469,  475,  772,  231,    0,  423,  563,  567,  297,  645,  287,  509,  391,  756,  346,  438,  117,  220,  891,  208,  524,  305,   65,  794,  372,   94,  653,  682,  253,  365,  685,  661,  244,  670,  790,  455,  519,  502,  170,  480,  458,  901,  683,  379,  263,  858,  344,  411],
        [  527,  527,  154,  573,  523,  130,  728,  635,  454,  534,  412,  225,  401,  466,  411,  342,  481,  298,  454,  202,  585,   47,  311,  766,  371,  505,   86,  542,  326,  736,  585,  643,  535,  132,  602,  644,  506,  566,  793,  112,  639,  610,  423,    0,  176,  165,  281,  240,  300,  746,  695,  357,  270,  495,  382,  501,  699,  515,  119,  126,  367,  558,  612,  425,  231,  315,  522,  372,  303,  294,  350,  431,  370,   61,  668,  742,  461,  706,  752,  492,  268,  470,  558,  627,  591,  489],
        [  694,  694,   23,  478,  591,  138,  765,  742,  502,  632,  576,  287,  576,  425,  361,  274,  346,  467,  598,  281,  752,  142,  461,  623,  546,  338,  127,  631,  152,  600,  664,  759,  388,  241,  497,  502,  580,  502,  862,   89,  530,  716,  563,  176,    0,  214,  336,  248,  357,  782,  763,  346,  301,  496,  495,  670,  562,  606,  193,  293,  501,  413,  787,  542,  142,  139,  599,  546,  129,  342,  524,  300,  250,  119,  676,  780,  627,  742,  811,  442,  137,  491,  728,  479,  765,  500],
        [  631,  631,  196,  685,  688,   76,  892,  792,  618,  694,  528,  388,  471,  307,  258,  204,  559,  410,  595,   69,  687,  132,  279,  834,  440,  538,  106,  704,  345,  812,  749,  797,  600,  297,  706,  713,  670,  696,  957,  219,  741,  767,  567,  165,  214,    0,  444,   79,  463,  909,  859,  194,  428,  650,  541,  601,  775,  677,   46,  263,  516,  624,  685,  581,  149,  326,  686,  412,  301,  138,  437,  513,  270,  181,  826,  906,  571,  870,  916,  335,  207,  630,  655,  690,  668,  647],
        [  494,  494,  329,  413,  256,  392,  449,  415,  175,  303,  382,   57,  471,  733,  673,  593,  416,  327,  334,  482,  547,  313,  531,  675,  453,  518,  347,  297,  420,  631,  328,  440,  483,  153,  454,  563,  244,  358,  528,  258,  490,  389,  297,  281,  336,  444,    0,  515,   22,  466,  429,  631,   50,  228,  192,  485,  599,  274,  399,  246,  236,  497,  633,  238,  464,  423,  264,  499,  435,  574,  407,  374,  585,  271,  390,  463,  432,  426,  480,  756,  472,  192,  538,  562,  606,  215],
        [  703,  703,  236,  726,  763,  128,  963,  870,  690,  772,  603,  459,  537,  229,  181,  137,  586,  485,  672,  101,  758,  203,  319,  851,  506,  545,  170,  781,  355,  834,  825,  875,  620,  372,  744,  734,  746,  747, 1032,  276,  777,  846,  645,  240,  248,   79,  515,    0,  535,  981,  935,  117,  496,  715,  619,  672,  797,  754,  124,  341,  595,  645,  748,  659,  137,  335,  762,  471,  305,  101,  506,  543,  223,  247,  893,  978,  644,  941,  991,  256,  194,  698,  724,  708,  732,  713],
        [  488,  488,  350,  417,  235,  412,  429,  396,  155,  283,  377,   76,  473,  754,  694,  614,  428,  329,  323,  500,  540,  333,  543,  683,  456,  534,  367,  277,  440,  637,  307,  421,  495,  170,  458,  572,  223,  356,  507,  279,  494,  370,  287,  300,  357,  463,   22,  535,    0,  447,  408,  651,   66,  217,  178,  480,  606,  254,  418,  259,  227,  508,  630,  222,  485,  443,  243,  504,  455,  593,  410,  387,  606,  291,  374,  444,  427,  407,  460,  776,  493,  177,  532,  572,  602,  202],
        [  700,  700,  780,  542,  243,  857,   18,  330,  293,  315,  647,  522,  796, 1196, 1134, 1051,  680,  677,  521,  945,  725,  779,  955,  806,  793,  828,  812,  281,  819,  751,  226,  378,  734,  615,  579,  745,  267,  432,  169,  716,  595,  328,  509,  746,  782,  909,  466,  981,  447,    0,  146, 1097,  488,  299,  433,  715,  740,  302,  864,  687,  501,  732,  857,  423,  920,  830,  261,  862,  851, 1038,  744,  667, 1028,  735,  148,    9,  672,   41,  107, 1217,  917,  292,  743,  766,  831,  287],
        [  567,  567,  757,  615,  173,  816,  140,  186,  263,  196,  526,  482,  680, 1158, 1099, 1021,  727,  574,  397,  885,  587,  734,  865,  894,  682,  868,  770,  168,  826,  840,  115,  234,  788,  563,  656,  818,  189,  507,  100,  687,  678,  187,  391,  695,  763,  859,  429,  935,  408,  146,    0, 1051,  463,  333,  339,  586,  823,  195,  813,  616,  397,  790,  722,  316,  892,  833,  174,  754,  850,  980,  634,  705, 1012,  696,  250,  138,  545,  141,   67, 1182,  899,  299,  608,  834,  697,  310],
        [  799,  799,  337,  817,  879,  241, 1079,  985,  806,  888,  705,  576,  623,  119,   92,  118,  666,  588,  782,  191,  852,  319,  379,  915,  593,  603,  285,  898,  424,  905,  942,  989,  691,  488,  831,  803,  862,  848, 1149,  387,  862,  960,  756,  357,  346,  194,  631,  117,  651, 1097, 1051,    0,  611,  827,  734,  767,  868,  870,  240,  454,  708,  717,  829,  774,  211,  403,  879,  549,  371,  119,  601,  627,  226,  362, 1006, 1094,  743, 1057, 1107,  149,  254,  812,  816,  774,  816,  827],
        [  538,  538,  296,  375,  293,  371,  470,  461,  203,  348,  424,   60,  504,  708,  647,  565,  368,  361,  382,  472,  593,  297,  542,  631,  484,  469,  327,  340,  375,  588,  367,  487,  435,  154,  415,  517,  283,  330,  562,  229,  451,  435,  346,  270,  301,  428,   50,  496,   66,  488,  463,  611,    0,  226,  242,  528,  555,  318,  385,  258,  283,  449,  674,  287,  434,  379,  303,  525,  392,  562,  441,  325,  550,  250,  399,  485,  475,  448,  511,  730,  437,  202,  582,  515,  648,  219],
        [  654,  654,  498,  294,  215,  588,  283,  421,  136,  326,  558,  278,  675,  918,  855,  769,  395,  534,  468,  697,  698,  519,  759,  578,  662,  537,  547,  296,  521,  526,  286,  464,  455,  376,  337,  491,  227,  195,  421,  441,  365,  401,  438,  495,  496,  650,  228,  715,  217,  299,  333,  827,  226,    0,  323,  654,  504,  291,  608,  474,  394,  458,  807,  348,  637,  532,  245,  716,  554,  786,  614,  374,  736,  470,  181,  299,  602,  261,  358,  937,  628,   61,  700,  505,  779,   30],
        [  332,  332,  482,  579,  191,  511,  417,  253,  195,  155,  238,  219,  372,  846,  793,  722,  605,  245,  151,  557,  378,  426,  528,  854,  366,  710,  465,  172,  602,  806,  225,  266,  673,  260,  622,  746,  167,  502,  430,  408,  656,  228,  117,  382,  495,  541,  192,  619,  178,  433,  339,  734,  242,  323,    0,  332,  777,  145,  495,  284,   74,  685,  485,   48,  603,  602,  174,  431,  609,  652,  316,  564,  735,  400,  420,  427,  280,  399,  403,  873,  624,  264,  378,  748,  457,  296],
        [   35,   35,  650,  896,  497,  614,  703,  414,  525,  401,  104,  480,  156,  885,  849,  805,  889,  204,  198,  578,   87,  545,  423, 1159,  181,  964,  580,  437,  812, 1115,  490,  381,  955,  450,  938, 1043,  473,  829,  647,  588,  973,  404,  220,  501,  670,  601,  485,  672,  480,  715,  586,  767,  528,  654,  332,    0, 1083,  420,  568,  378,  262,  971,  153,  314,  723,  804,  469,  248,  799,  654,  167,  842,  860,  552,  738,  708,   54,  690,  651,  915,  766,  596,   58, 1039,  126,  628],
        [ 1092, 1092,  582,  210,  717,  699,  729,  924,  627,  824,  979,  606, 1048,  902,  841,  761,  219,  908,  927,  843, 1146,  686, 1009,   77, 1024,  276,  685,  797,  445,   38,  789,  966,  177,  661,  167,   66,  727,  316,  896,  589,  146,  903,  891,  699,  562,  775,  599,  797,  606,  740,  823,  868,  555,  504,  777, 1083,    0,  788,  754,  767,  832,  152, 1228,  815,  664,  466,  746, 1051,  498,  896,  985,  268,  669,  641,  593,  744, 1030,  712,  829,  905,  615,  557, 1137,   99, 1202,  532],
        [  408,  408,  597,  580,   84,  640,  288,  146,  161,   36,  346,  319,  495,  980,  925,  850,  647,  381,  223,  698,  441,  556,  671,  864,  493,  771,  594,   28,  693,  813,   81,  180,  713,  386,  624,  768,   65,  485,  286,  523,  653,  121,  208,  515,  606,  677,  274,  754,  254,  302,  195,  870,  318,  291,  145,  420,  788,    0,  631,  426,  204,  721,  567,  123,  726,  696,   53,  564,  708,  793,  444,  614,  853,  524,  323,  295,  373,  273,  260, 1006,  740,  233,  453,  777,  540,  261],
        [  597,  597,  173,  654,  642,   63,  847,  747,  572,  649,  491,  343,  443,  352,  301,  241,  536,  372,  552,   95,  654,   89,  275,  816,  412,  527,   72,  658,  335,  792,  703,  752,  581,  251,  678,  694,  624,  661,  911,  183,  713,  722,  524,  119,  193,   46,  399,  124,  418,  864,  813,  240,  385,  608,  495,  568,  754,  631,    0,  219,  472,  605,  658,  536,  163,  318,  640,  391,  296,  178,  404,  489,  295,  140,  783,  861,  535,  825,  870,  379,  217,  586,  622,  672,  640,  603],
        [  403,  403,  272,  615,  451,  250,  669,  532,  400,  439,  288,  200,  292,  569,  520,  458,  555,  175,  334,  274,  461,  172,  286,  839,  264,  603,  209,  453,  438,  803,  502,  535,  615,  111,  649,  717,  430,  585,  710,  213,  687,  508,  305,  126,  293,  263,  246,  341,  259,  687,  616,  454,  258,  474,  284,  378,  767,  426,  219,    0,  254,  636,  497,  321,  355,  429,  443,  284,  421,  368,  235,  505,  493,  174,  630,  682,  337,  649,  677,  597,  393,  435,  436,  705,  474,  460],
        [  265,  265,  486,  639,  262,  496,  485,  282,  268,  204,  165,  247,  299,  823,  773,  707,  650,  178,  102,  524,  315,  413,  471,  909,  294,  745,  452,  229,  621,  863,  284,  281,  718,  261,  682,  798,  237,  568,  483,  413,  716,  259,   65,  367,  501,  516,  236,  595,  227,  501,  397,  708,  283,  394,   74,  262,  832,  204,  472,  254,    0,  732,  414,   81,  595,  618,  241,  362,  622,  617,  244,  607,  732,  395,  493,  494,  209,  469,  463,  851,  623,  336,  310,  797,  387,  368],
        [  985,  985,  433,  200,  660,  550,  718,  863,  563,  756,  868,  493,  923,  754,  692,  611,   83,  787,  831,  693, 1040,  541,  865,  211,  897,  139,  537,  734,  294,  190,  737,  900,   26,  534,  178,   89,  665,  304,  874,  446,  188,  840,  794,  558,  413,  624,  497,  645,  508,  732,  790,  717,  449,  458,  685,  971,  152,  721,  605,  636,  732,    0, 1112,  727,  512,  315,  685,  918,  346,  744,  861,  131,  522,  498,  586,  734,  920,  699,  808,  759,  464,  501, 1027,   70, 1087,  483],
        [  159,  159,  765, 1046,  646,  712,  845,  542,  678,  545,  253,  623,  215,  943,  917,  885, 1030,  328,  347,  649,  138,  653,  457, 1304,  247, 1096,  684,  582,  934, 1261,  633,  503, 1095,  583, 1087, 1187,  622,  981,  775,  709, 1122,  536,  372,  612,  787,  685,  633,  748,  630,  857,  722,  829,  674,  807,  485,  153, 1228,  567,  658,  497,  414, 1112,    0,  466,  819,  924,  617,  281,  915,  711,  263,  982,  952,  668,  887,  849,  206,  834,  785,  974,  868,  748,  115, 1181,   28,  781],
        [  309,  309,  529,  615,  188,  554,  408,  212,  214,  124,  229,  266,  374,  887,  835,  765,  648,  259,  121,  594,  351,  469,  551,  892,  371,  756,  508,  148,  649,  844,  204,  220,  716,  306,  658,  786,  163,  533,  403,  455,  691,  187,   94,  425,  542,  581,  238,  659,  222,  423,  316,  774,  287,  348,   48,  314,  815,  123,  536,  321,   81,  727,  466,    0,  648,  649,  164,  441,  656,  688,  322,  608,  781,  445,  426,  416,  264,  392,  382,  914,  670,  288,  355,  789,  438,  320],
        [  750,  750,  140,  607,  720,  109,  902,  855,  635,  749,  640,  411,  604,  283,  219,  133,  458,  523,  685,  212,  808,  185,  427,  716,  573,  409,  146,  752,  220,  701,  789,  867,  487,  343,  621,  600,  706,  640,  991,  206,  652,  829,  653,  231,  142,  149,  464,  137,  485,  920,  892,  211,  434,  637,  603,  723,  664,  726,  163,  355,  595,  512,  819,  648,    0,  199,  725,  554,  169,  237,  563,  417,  139,  203,  817,  918,  687,  879,  943,  301,   60,  630,  778,  573,  800,  640],
        [  826,  826,  162,  431,  667,  257,  813,  838,  571,  726,  708,  384,  714,  449,  385,  300,  266,  602,  718,  395,  885,  280,  592,  517,  685,  213,  260,  719,   22,  503,  744,  861,  289,  363,  438,  402,  660,  485,  930,  217,  466,  812,  682,  315,  139,  326,  423,  335,  443,  830,  833,  403,  379,  532,  602,  804,  466,  696,  318,  429,  618,  315,  924,  649,  199,    0,  681,  684,   33,  435,  661,  232,  225,  257,  707,  829,  760,  790,  874,  458,  150,  542,  862,  374,  902,  543],
        [  459,  459,  592,  537,   32,  645,  245,  179,  123,   84,  391,  314,  537,  986,  929,  852,  613,  417,  272,  712,  492,  562,  700,  821,  534,  743,  598,   52,  676,  769,   65,  220,  679,  391,  580,  729,   22,  439,  271,  520,  609,  157,  253,  522,  599,  686,  264,  762,  243,  261,  174,  879,  303,  245,  174,  469,  746,   53,  640,  443,  241,  685,  617,  164,  725,  681,    0,  602,  695,  807,  484,  583,  848,  526,  272,  254,  421,  229,  234, 1011,  735,  190,  504,  739,  590,  215],
        [  282,  282,  523,  894,  622,  449,  847,  609,  610,  559,  240,  466,   93,  663,  637,  608,  837,  188,  366,  371,  324,  405,  181, 1122,   76,  876,  429,  588,  697, 1086,  644,  589,  897,  391,  930, 1000,  597,  854,  833,  481,  967,  593,  365,  372,  546,  412,  499,  471,  504,  862,  754,  549,  525,  716,  431,  248, 1051,  564,  391,  284,  362,  918,  281,  441,  554,  684,  602,    0,  670,  431,  121,  788,  682,  433,  845,  856,  249,  830,  820,  694,  607,  666,  285,  987,  269,  696],
        [  822,  822,  150,  462,  683,  234,  834,  848,  587,  737,  704,  393,  704,  417,  353,  268,  299,  596,  720,  369,  881,  266,  571,  548,  674,  241,  243,  731,   54,  535,  758,  870,  321,  363,  470,  433,  674,  514,  948,  213,  498,  822,  685,  303,  129,  301,  435,  305,  455,  851,  850,  371,  392,  554,  609,  799,  498,  708,  296,  421,  622,  346,  915,  656,  169,   33,  695,  670,    0,  406,  652,  264,  195,  248,  731,  850,  756,  811,  892,  426,  118,  562,  856,  405,  893,  565],
        [  687,  687,  327,  818,  811,  210, 1021,  898,  746,  807,  598,  518,  508,  233,  210,  207,  684,  484,  684,   95,  739,  267,  260,  951,  478,  646,  244,  820,  455,  933,  868,  898,  719,  424,  838,  833,  792,  833, 1076,  356,  871,  875,  661,  294,  342,  138,  574,  101,  593, 1038,  980,  119,  562,  786,  652,  654,  896,  793,  178,  368,  617,  744,  711,  688,  237,  435,  807,  431,  406,    0,  489,  640,  308,  317,  960, 1035,  634,  999, 1039,  264,  294,  763,  702,  807,  699,  781],
        [  199,  199,  502,  815,  505,  454,  729,  490,  501,  439,  124,  384,   64,  719,  683,  640,  779,   81,  247,  412,  253,  391,  270, 1059,   51,  837,  423,  468,  671, 1020,  524,  471,  842,  328,  854,  940,  480,  765,  712,  447,  891,  473,  244,  350,  524,  437,  407,  506,  410,  744,  634,  601,  441,  614,  316,  167,  985,  444,  404,  235,  244,  861,  263,  322,  563,  661,  484,  121,  652,  489,    0,  731,  698,  405,  733,  737,  147,  712,  700,  749,  609,  561,  219,  931,  242,  592],
        [  856,  856,  318,  200,  561,  437,  652,  758,  461,  648,  739,  365,  792,  680,  616,  530,   50,  657,  707,  580,  912,  419,  741,  336,  766,  163,  419,  630,  213,  306,  639,  792,  113,  404,  206,  214,  562,  269,  795,  321,  236,  734,  670,  431,  300,  513,  374,  543,  387,  667,  705,  627,  325,  374,  564,  842,  268,  614,  489,  505,  607,  131,  982,  608,  417,  232,  583,  788,  264,  640,  731,    0,  456,  373,  529,  668,  791,  631,  732,  690,  377,  407,  898,  201,  957,  395],
