{
    "name": "random-70-18423",
    "comment": "size=70 seed=18423",
    "nodes": ["+0", "-0", "+1", "-1", "+2", "-2", "+3", "-3", "+4", "-4", "+5", "-5", "+6", "-6", "+7", "-7", "+8", "-8", "+9", "-9", "+10", "-10", "+11", "-11", "+12", "-12", "+13", "-13", "+14", "-14", "+15", "-15", "+16", "-16", "+17", "-17", "+18", "-18", "+19", "-19", "+20", "-20", "+21", "-21", "+22", "-22", "+23", "-23", "+24", "-24", "+25", "-25", "+26", "-26", "+27", "-27", "+28", "-28", "+29", "-29", "+30", "-30", "+31", "-31", "+32", "-32", "+33", "-33", "+34", "-34", "+35", "-35", "+36", "-36", "+37", "-37", "+38", "-38", "+39", "-39", "+40", "-40", "+41", "-41", "+42", "-42", "+43", "-43", "+44", "-44", "+45", "-45", "+46", "-46", "+47", "-47", "+48", "-48", "+49", "-49", "+50", "-50", "+51", "-51", "+52", "-52", "+53", "-53", "+54", "-54", "+55", "-55", "+56", "-56", "+57", "-57", "+58", "-58", "+59", "-59", "+60", "-60", "+61", "-61", "+62", "-62", "+63", "-63", "+64", "-64", "+65", "-65", "+66", "-66", "+67", "-67", "+68", "-68", "+69", "-69", "+70", "-70"],
    "precedence": {
        "+0": "-0",
        "+1": "-1",
        "+2": "-2",
        "+3": "-3",
        "+4": "-4",
        "+5": "-5",
        "+6": "-6",
        "+7": "-7",
        "+8": "-8",
        "+9": "-9",
        "+10": "-10",
        "+11": "-11",
        "+12": "-12",
        "+13": "-13",
        "+14": "-14",
        "+15": "-15",
        "+16": "-16",
        "+17": "-17",
        "+18": "-18",
        "+19": "-19",
        "+20": "-20",
        "+21": "-21",
        "+22": "-22",
        "+23": "-23",
        "+24": "-24",
        "+25": "-25",
        "+26": "-26",
        "+27": "-27",
        "+28": "-28",
        "+29": "-29",
        "+30": "-30",
        "+31": "-31",
        "+32": "-32",
        "+33": "-33",
        "+34": "-34",
        "+35": "-35",
        "+36": "-36",
        "+37": "-37",
        "+38": "-38",
        "+39": "-39",
        "+40": "-40",
        "+41": "-41",
        "+42": "-42",
        "+43": "-43",
        "+44": "-44",
        "+45": "-45",
        "+46": "-46",
        "+47": "-47",
        "+48": "-48",
        "+49": "-49",
        "+50": "-50",
        "+51": "-51",
        "+52": "-52",
        "+53": "-53",
        "+54": "-54",
        "+55": "-55",
        "+56": "-56",
        "+57": "-57",
        "+58": "-58",
        "+59": "-59",
        "+60": "-60",
        "+61": "-61",
        "+62": "-62",
        "+63": "-63",
        "+64": "-64",
        "+65": "-65",
        "+66": "-66",
        "+67": "-67",
        "+68": "-68",
        "+69": "-69",
        "+70": "-70"
    },
    "edges": [
        [    0,    0,  283,  777,  669,  297,  607,  578,  679,  302,  270,  755,  425,  679,  192,  531,  186,  301,  565,  429,  321,  434,  524,  593,  544,  285,  369,  451,  180,  585,  205,  264,  792,  387,  769,  555,  395,  465,  707,  354,  568,  661,  569,  334,  202,  728,  642,  293,  552,  597,  660,  289,  241,  564,  500,  179,  391,  644,  745,  468,  613,  357,  460,  793,  499,  479,  451,  189,  343,  506,  329,  358,  434,  464,  564,  241,  359,  327,  248,  288,  346,  397,  613,  289,  443,  445,  652,  473,  230,  272,  574,  515,  186,  307,  319,  325,  103,  189,  609,  385,  661,  461,  424,  614,  395,  172,   90,  751,  745,  374,  718,  585,  736,  306,  502,  552,  372,  544,  367,  654,  636,  309,  620,  339,  324,  220,  618,  394,  258,  352,  573,  242,  238,   64,  710,  673,  514,  383,  218,  452,  250,  303],
        [    0,    0,    0,    0,    0,    0,    0,    0,    0,    0,    0,    0,    0,    0,    0,    0,    0,    0,    0,    0,    0,    0,    0,    0,    0,    0,    0,    0,    0,    0,    0,    0,    0,    0,    0,    0,    0,    0,    0,    0,    0,    0,    0,    0,    0,    0,    0,    0,    0,    0,    0,    0,    0,    0,    0,    0,    0,    0,    0,    0,    0,    0,    0,    0,    0,    0,    0,    0,    0,    0,    0,    0,    0,    0,    0,    0,    0,    0,    0,    0,    0,    0,    0,    0,    0,    0,    0,    0,    0,    0,    0,    0,    0,    0,    0,    0,    0,    0,    0,    0,    0,    0,    0,    0,    0,    0,    0,    0,    0,    0,    0,    0,    0,    0,    0,    0,    0,    0,    0,    0,    0,    0,    0,    0,    0,    0,    0,    0,    0,    0,    0,    0,    0,    0,    0,    0,    0,    0,    0,    0,    0,    0],
        [  283,    0,    0, 1003,  927,   57,  870,  850,  922,  554,   63, 1016,  596,  933,  134,  775,  346,  421,  671,  615,  503,  706,  783,  868,  729,  239,  575,  669,  387,  867,  467,  526, 1046,  264,  999,  563,  508,  746,  966,   74,  822,  686,  851,  329,  479,  701,  652,  284,  721,  765,  930,  161,  271,  846,  299,  342,  653,  907, 1006,  619,  812,  634,  738, 1044,  704,  758,  457,  140,  623,  568,   66,  629,  452,  696,  523,  517,  495,   69,   95,  366,  549,  643,  894,  554,  606,  613,  890,  446,  303,  552,  790,  753,  261,  462,  195,  578,  376,  463,  861,  283,  914,  710,  603,  887,  576,  133,  340, 1015,  994,  476,  932,  827,  993,  573,  780,  828,  392,  788,  543,  868,  593,   93,  898,  425,  506,  493,  900,  254,   88,  463,  712,  421,  455,  226,  939,  663,  769,  653,  286,  710,   33,  525],
        [  777,    0, 1003,    0,  212,  983,  264,  334,  129,  479,  956,  227,  427,  180,  961,  860,  658,  604,  484,  977,  936,  412,  792,  690,  301,  817,  912,  914,  621,  568,  577,  749,  178,  894,   26,  697,  550,  579,  205, 1057,  832,  668,  579,  755,  698,  799,  699, 1062,  334,  309,  299, 1063, 1008,  554, 1271,  902,  747,  799,  219,  431,  215,  487,  634,  150,  967,  620,  709,  960,  628,  594, 1016,  462,  693,  878,  793,  693, 1015, 1009, 1009, 1021,  456,  384,  453,  504,  426,  415,  936,  763,  984,  569,  976,  878,  746,  551, 1095,  780,  678,  716,  210,  869,  184,  326,  414,  339,  437,  872,  691,  250,  132,  580,   88,  202,  191,  493,  423,  664,  708,  868,  965,  141,  810,  969,  645,  626,  501,  577,  590,  916, 1016,  580,  399,  583,  552,  837,   69,  747,  804,  437,  729,  352,  977,  482],
        [  669,    0,  927,  212,    0,  918,   68,  131,   95,  374,  890,   92,  428,   32,  860,  658,  595,  578,  555,  794,  769,  247,  589,  480,  348,  779,  733,  724,  544,  357,  466,  581,  125,  873,  188,  749,  556,  380,   39,  989,  626,  753,  370,  737,  546,  884,  775,  933,  394,  393,   90,  957,  879,  345, 1168,  762,  558,  588,   80,  458,  293,  330,  435,  133,  775,  419,  729,  858,  449,  640,  953,  316,  710,  684,  835,  533,  850,  947,  914,  876,  411,  287,  242,  381,  439,  426,  728,  784,  850,  420,  775,  678,  688,  519,  985,  602,  566,  566,   75,  852,   37,  220,  410,  128,  422,  795,  592,   98,   97,  580,  238,  132,   68,  364,  227,  456,  705,  665,  792,  228,  870,  912,  434,  615,  464,  451,  379,  894,  923,  572,  475,  527,  478,  732,  167,  825,  602,  290,  680,  219,  898,  412],
        [  297,    0,   57,  983,  918,    0,  863,  847,  907,  547,   29, 1008,  568,  922,  178,  807,  327,  389,  630,  657,  544,  705,  811,  888,  702,  194,  614,  707,  374,  880,  465,  551, 1034,  208,  980,  512,  472,  760,  956,   75,  851,  635,  865,  283,  498,  647,  600,  338,  690,  733,  926,  218,  322,  858,  346,  381,  679,  934,  997,  587,  786,  636,  756, 1031,  744,  775,  408,  184,  639,  524,   35,  629,  405,  731,  468,  536,  542,   31,  149,  416,  528,  632,  900,  551,  576,  584,  924,  393,  351,  559,  828,  787,  237,  435,  251,  607,  381,  483,  850,  228,  902,  699,  576,  885,  550,  129,  341, 1008,  980,  440,  909,  812,  983,  571,  783,  848,  346,  820,  586,  846,  538,   36,  916,  388,  483,  495,  914,  197,  143,  428,  676,  401,  442,  246,  920,  610,  798,  651,  257,  703,   71,  510],
        [  607,    0,  870,  264,   68,  863,    0,   71,  137,  317,  835,  148,  399,   92,  798,  598,  543,  536,  544,  728,  701,  181,  529,  428,  338,  732,  666,  659,  490,  307,  405,  514,  191,  829,  242,  726,  524,  317,  103,  933,  568,  742,  317,  695,  479,  870,  760,  867,  386,  392,   79,  894,  814,  292, 1105,  696,  493,  537,  139,  435,  300,  263,  372,  200,  710,  358,  698,  796,  382,  618,  898,  252,  678,  620,  808,  465,  782,  892,  853,  809,  369,  236,  199,  319,  413,  400,  672,  752,  784,  354,  714,  616,  636,  477,  921,  535,  505,  499,   69,  809,   82,  172,  381,   85,  389,  738,  532,  146,  162,  546,  273,  124,  133,  301,  162,  401,  667,  605,  724,  248,  848,  858,  387,  576,  422,  388,  333,  849,  862,  535,  468,  479,  425,  670,  209,  810,  542,  226,  630,  161,  840,  363],
        [  578,    0,  850,  334,  131,  847,   71,    0,  207,  304,  818,  190,  425,  159,  769,  529,  536,  544,  583,  666,  645,  145,  460,  358,  384,  729,  606,  594,  479,  238,  383,  460,  245,  830,  312,  754,  544,  249,  158,  916,  498,  780,  248,  701,  434,  906,  795,  826,  431,  442,   83,  862,  774,  222, 1072,  652,  429,  467,  184,  467,  356,  224,  304,  259,  645,  289,  716,  766,  324,  647,  882,  221,  695,  554,  832,  416,  727,  877,  826,  762,  380,  239,  135,  297,  441,  429,  602,  769,  742,  314,  645,  548,  627,  486,  887,  476,  477,  453,  135,  812,  151,  185,  406,   41,  410,  720,  510,  180,  227,  562,  342,  182,  188,  277,   99,  331,  679,  536,  666,  312,  876,  846,  318,  588,  432,  359,  265,  849,  835,  549,  512,  478,  419,  641,  279,  845,  473,  197,  626,  158,  819,  364],
        [  679,    0,  922,  129,   95,  907,  137,  207,    0,  378,  880,  151,  380,   65,  867,  732,  581,  546,  485,  852,  815,  288,  664,  565,  280,  755,  788,  787,  536,  443,  475,  627,  140,  842,  108,  688,  509,  451,  106,  980,  704,  681,  454,  703,  582,  812,  706,  956,  324,  315,  184,  967,  902,  428, 1177,  791,  620,  674,  140,  401,  213,  367,  506,  128,  840,  492,  680,  865,  503,  580,  941,  345,  661,  751,  778,  574,  895,  935,  919,  908,  384,  283,  331,  396,  387,  374,  809,  734,  876,  452,  848,  750,  672,  488,  997,  656,  577,  600,   83,  819,   60,  219,  364,  216,  382,  789,  596,  169,   77,  537,  144,   96,  111,  382,  295,  538,  665,  740,  842,  140,  807,  897,  522,  577,  434,  469,  467,  863,  927,  532,  402,  508,  467,  741,   74,  756,  676,  319,  659,  236,  894,  398],
        [  302,    0,  554,  479,  374,  547,  317,  304,  378,    0,  518,  463,  222,  381,  490,  533,  233,  259,  407,  560,  491,  170,  488,  476,  290,  427,  490,  527,  176,  408,   98,  319,  494,  530,  469,  513,  293,  314,  412,  617,  538,  576,  401,  407,  246,  685,  577,  583,  317,  355,  381,  590,  530,  383,  800,  427,  380,  568,  452,  278,  338,  133,  346,  494,  584,  352,  449,  488,  256,  418,  582,  105,  427,  509,  573,  257,  562,  576,  543,  548,  132,   96,  382,   47,  245,  238,  646,  497,  507,  138,  626,  536,  324,  207,  620,  372,  200,  259,  310,  514,  362,  160,  209,  344,  190,  422,  220,  462,  445,  300,  426,  284,  440,   59,  258,  432,  396,  546,  528,  363,  629,  543,  473,  309,  165,  105,  446,  548,  551,  281,  372,  180,  118,  363,  410,  622,  490,  117,  323,  157,  524,   83],
        [  270,    0,   63,  956,  890,   29,  835,  818,  880,  518,    0,  980,  543,  894,  164,  783,  300,  366,  611,  638,  525,  676,  786,  862,  677,  177,  593,  685,  346,  852,  437,  526, 1007,  206,  953,  501,  450,  732,  928,  101,  827,  624,  837,  267,  471,  641,  590,  330,  666,  710,  897,  216,  310,  830,  360,  361,  654,  908,  969,  563,  761,  608,  729, 1003,  724,  748,  395,  170,  612,  507,   64,  600,  390,  708,  462,  509,  526,   59,  143,  403,  501,  604,  871,  523,  552,  560,  901,  384,  337,  531,  807,  764,  211,  410,  252,  582,  353,  457,  822,  223,  874,  671,  551,  857,  525,  101,  312,  980,  953,  418,  883,  785,  955,  543,  754,  821,  330,  797,  567,  820,  532,   46,  889,  367,  457,  466,  886,  198,  139,  406,  654,  374,  414,  221,  893,  601,  774,  622,  232,  674,   63,  482],
        [  755,    0, 1016,  227,   92, 1008,  148,  190,  151,  463,  980,    0,  516,   99,  946,  697,  686,  668,  634,  852,  835,  326,  626,  504,  427,  871,  794,  775,  634,  381,  553,  650,   66,  964,  202,  832,  644,  428,   54, 1079,  658,  830,  397,  828,  622,  962,  854, 1012,  472,  465,  115, 1042,  960,  374, 1252,  840,  613,  607,   12,  543,  363,  408,  481,   91,  823,  463,  817,  943,  514,  724, 1043,  399,  798,  733,  921,  605,  917, 1037, 1001,  951,  502,  377,  262,  467,  525,  512,  755,  872,  929,  499,  815,  720,  779,  610, 1069,  665,  652,  642,  165,  943,  117,  311,  498,  169,  511,  884,  679,   24,   96,  669,  281,  218,   41,  449,  288,  487,  795,  702,  855,  290,  953, 1002,  451,  705,  555,  536,  395,  985, 1010,  662,  551,  618,  568,  818,  209,  905,  641,  373,  771,  307,  986,  503],
        [  425,    0,  596,  427,  428,  568,  399,  425,  380,  222,  543,  516,    0,  418,  580,  754,  259,  180,  186,  768,  687,  339,  708,  684,  134,  392,  698,  744,  245,  598,  277,  530,  520,  468,  429,  330,  130,  522,  462,  642,  758,  366,  596,  329,  450,  486,  375,  716,  129,  174,  477,  683,  665,  574,  882,  590,  601,  781,  504,   57,  219,  342,  561,  507,  801,  563,  302,  581,  477,  223,  600,  307,  283,  729,  410,  469,  749,  593,  619,  707,   94,  205,  541,  268,   24,   21,  867,  357,  653,  358,  847,  757,  335,  134,  719,  588,  349,  459,  354,  444,  399,  241,   19,  463,   33,  470,  336,  525,  457,  157,  346,  298,  481,  278,  425,  641,  285,  767,  728,  286,  452,  551,  672,  200,  101,  309,  635,  490,  625,  155,  157,  187,  194,  472,  371,  424,  710,  304,  312,  277,  573,  151],
        [  679,    0,  933,  180,   32,  922,   92,  159,   65,  381,  894,   99,  418,    0,  869,  687,  597,  574,  537,  819,  790,  265,  618,  511,  330,  778,  757,  750,  548,  388,  475,  602,  114,  870,  156,  735,  547,  407,   46,  994,  655,  735,  400,  733,  564,  866,  758,  947,  376,  371,  121,  968,  894,  375, 1178,  778,  584,  619,   87,  445,  271,  347,  462,  115,  801,  447,  720,  867,  472,  626,  956,  331,  701,  711,  822,  552,  871,  951,  923,  894,  408,  291,  273,  392,  427,  414,  758,  774,  866,  437,  803,  706,  690,  515,  996,  626,  576,  583,   72,  848,   20,  224,  401,  159,  415,  800,  600,  111,   72,  572,  208,  121,   64,  375,  253,  486,  698,  694,  814,  202,  855,  915,  466,  609,  460,  463,  410,  891,  932,  565,  456,  528,  481,  742,  137,  808,  631,  305,  680,  228,  904,  414],
        [  192,    0,  134,  961,  860,  178,  798,  769,  867,  490,  164,  946,  580,  869,    0,  644,  321,  422,  689,  482,  369,  625,  656,  749,  709,  296,  442,  537,  344,  759,  395,  404,  982,  359,  953,  621,  517,  638,  898,  203,  693,  740,  742,  379,  368,  776,  712,  175,  709,  754,  851,  104,  147,  739,  311,  209,  530,  782,  936,  614,  785,  547,  624,  983,  570,  645,  512,    6,  513,  603,  198,  549,  501,  564,  599,  403,  364,  200,   60,  240,  515,  584,  798,  479,  595,  599,  758,  513,  173,  459,  656,  622,  262,  449,  139,  452,  294,  350,  799,  371,  850,  649,  583,  804,  555,  135,  271,  942,  934,  489,  897,  772,  927,  497,  691,  711,  437,  657,  410,  832,  672,  209,  784,  442,  482,  411,  790,  355,   71,  471,  715,  395,  411,  128,  894,  731,  642,  574,  296,  642,  108,  480],
        [  531,    0,  775,  860,  658,  807,  598,  529,  732,  533,  783,  697,  754,  687,  644,    0,  654,  744,  939,  228,  300,  470,   72,  215,  802,  811,  220,  133,  604,  323,  502,  270,  761,  916,  839, 1020,  810,  282,  680,  846,   63, 1100,  305,  843,  348, 1197, 1095,  578,  838,  870,  585,  686,  548,  326,  850,  438,  157,  168,  695,  811,  820,  425,  227,  780,  150,  241,  933,  639,  278,  938,  834,  461,  913,   87, 1057,  313,  360,  834,  699,  475,  663,  576,  438,  487,  778,  771,  123,  969,  506,  398,  118,   32,  702,  712,  689,  206,  499,  353,  652,  912,  678,  589,  741,  534,  723,  695,  545,  679,  754,  807,  853,  678,  708,  478,  438,  216,  862,   14,  281,  806, 1124,  827,  275,  796,  686,  460,  323,  924,  710,  784,  902,  656,  600,  565,  800, 1136,   57,  475,  726,  547,  744,  609],
        [  186,    0,  346,  658,  595,  327,  543,  536,  581,  233,  300,  686,  259,  597,  321,  654,    0,  115,  382,  596,  495,  400,  630,  661,  390,  196,  530,  600,   61,  618,  177,  389,  710,  302,  655,  380,  210,  508,  634,  400,  678,  480,  607,  194,  307,  556,  464,  465,  388,  433,  611,  424,  416,  594,  624,  364,  500,  734,  675,  294,  469,  347,  522,  705,  653,  536,  283,  322,  408,  322,  361,  329,  264,  602,  405,  341,  541,  355,  361,  472,  203,  309,  610,  251,  274,  278,  775,  316,  412,  294,  719,  645,   93,  129,  460,  454,  158,  305,  526,  288,  578,  375,  263,  576,  235,  215,  117,  688,  654,  189,  587,  486,  659,  272,  486,  617,  209,  667,  540,  523,  474,  318,  672,  157,  163,  220,  655,  319,  367,  166,  397,   76,  118,  221,  595,  498,  624,  346,   92,  384,  320,  184],
        [  301,    0,  421,  604,  578,  389,  536,  544,  546,  259,  366,  668,  180,  574,  422,  744,  115,    0,  269,  705,  607,  424,  713,  726,  314,  213,  637,  702,  144,  666,  246,  487,  682,  297,  604,  277,   97,  566,  615,  463,  763,  369,  658,  160,  403,  454,  356,  575,  301,  344,  610,  523,  528,  641,  713,  478,  588,  809,  657,  199,  399,  390,  590,  673,  757,  600,  194,  424,  483,  208,  421,  363,  173,  699,  319,  434,  655,  413,  454,  587,  167,  306,  638,  293,  188,  196,  864,  239,  525,  361,  818,  739,  164,   59,  560,  551,  262,  404,  504,  275,  554,  365,  191,  584,  168,  300,  228,  674,  622,   74,  526,  456,  637,  312,  513,  681,  138,  758,  651,  464,  382,  371,  728,   53,  115,  289,  704,  318,  458,   52,  295,   90,  151,  333,  546,  394,  710,  374,  135,  387,  400,  183],
        [  565,    0,  671,  484,  555,  630,  544,  583,  485,  407,  611,  634,  186,  537,  689,  939,  382,  269,    0,  943,  854,  518,  894,  867,  208,  437,  873,  924,  392,  776,  453,  708,  621,  474,  495,  216,  173,  706,  583,  700,  944,  199,  775,  351,  626,  329,  221,  844,  162,  176,  622,  787,  796,  753,  968,  740,  785,  966,  622,  130,  277,  527,  746,  602,  981,  748,  255,  691,  662,  124,  657,  491,  246,  911,  313,  649,  911,  649,  716,  852,  277,  385,  709,  453,  163,  172, 1052,  302,  793,  542, 1030,  941,  427,  261,  825,  768,  508,  633,  486,  447,  521,  408,  201,  618,  217,  562,  484,  648,  557,  200,  396,  426,  595,  463,  599,  825,  289,  952,  897,  356,  327,  604,  852,  248,  262,  488,  813,  497,  719,  219,   86,  327,  359,  601,  449,  271,  896,  487,  394,  449,  655,  332],
        [  429,    0,  615,  977,  794,  657,  728,  666,  852,  560,  638,  852,  768,  819,  482,  228,  596,  705,  943,    0,  114,  566,  282,  425,  849,  710,   71,   96,  562,  509,  492,  242,  910,  804,  959,  975,  788,  425,  824,  682,  290, 1073,  489,  763,  319, 1151, 1059,  376,  876,  915,  737,  498,  358,  503,  639,  279,  240,  395,  847,  822,  889,  495,  376,  925,   97,  397,  875,  476,  350,  911,  679,  526,  857,  146,  992,  304,  141,  681,  528,  270,  675,  632,  609,  517,  792,  787,  308,  900,  318,  429,  185,  196,  615,  689,  493,  198,  443,  310,  769,  807,  806,  667,  759,  683,  735,  567,  479,  836,  890,  776,  950,  779,  853,  517,  568,  411,  798,  236,   73,  895, 1063,  684,  482,  751,  681,  462,  520,  808,  539,  752,  924,  624,  584,  440,  911, 1093,  262,  548,  646,  632,  589,  618],
        [  321,    0,  503,  936,  769,  544,  701,  645,  815,  491,  525,  835,  687,  790,  369,  300,  495,  607,  854,  114,    0,  528,  335,  465,  779,  598,   81,  175,  466,  526,  411,  188,  889,  692,  920,  872,  694,  424,  801,  571,  358,  974,  505,  655,  246, 1047,  958,  279,  801,  842,  722,  393,  253,  515,  551,  165,  247,  460,  829,  739,  827,  450,  382,  901,  202,  406,  770,  364,  322,  814,  566,  476,  753,  214,  884,  244,   83,  568,  418,  175,  595,  572,  611,  451,  709,  706,  401,  793,  211,  371,  289,  272,  507,  596,  392,  175,  348,  233,  734,  695,  776,  616,  679,  668,  654,  454,  379,  822,  862,  679,  901,  735,  831,  455,  548,  440,  692,  311,   46,  842,  957,  570,  516,  651,  594,  388,  544,  695,  428,  655,  843,  531,  497,  327,  868,  991,  317,  500,  539,  586,  476,  539],
        [  434,    0,  706,  412,  247,  705,  181,  145,  288,  170,  676,  326,  339,  265,  625,  470,  400,  424,  518,  566,  528,    0,  410,  353,  344,  595,  500,  507,  342,  260,  240,  340,  371,  699,  394,  661,  442,  199,  283,  773,  456,  705,  258,  575,  300,  824,  714,  687,  387,  412,  227,  719,  634,  236,  929,  516,  341,  457,  317,  391,  352,   83,  248,  379,  562,  243,  608,  622,  217,  558,  739,   77,  586,  474,  729,  288,  608,  735,  682,  630,  272,  135,  215,  154,  360,  349,  566,  658,  604,  174,  580,  482,  490,  368,  744,  369,  333,  319,  206,  683,  250,  122,  322,  182,  316,  577,  366,  319,  337,  455,  389,  215,  313,  134,   91,  313,  561,  480,  554,  338,  780,  704,  334,  472,  319,  215,  296,  717,  691,  438,  461,  349,  287,  497,  345,  762,  418,   55,  491,   78,  675,  241],
        [  524,    0,  783,  792,  589,  811,  529,  460,  664,  488,  786,  626,  708,  618,  656,   72,  630,  713,  894,  282,  335,  410,    0,  147,  747,  797,  259,  187,  577,  251,  468,  261,  689,  904,  770,  987,  773,  216,  610,  855,   51, 1061,  233,  822,  330, 1163, 1058,  608,  785,  815,  515,  707,  572,  254,  882,  455,  134,  128,  624,  764,  761,  371,  163,  709,  216,  173,  905,  651,  234,  900,  840,  408,  884,  136, 1030,  292,  403,  839,  713,  508,  619,  522,  366,  442,  732,  723,  159,  944,  530,  358,  190,   99,  686,  676,  714,  205,  479,  338,  585,  898,  610,  530,  694,  464,  678,  693,  526,  607,  684,  772,  788,  614,  637,  431,  371,  144,  837,   77,  324,  743, 1095,  828,  206,  766,  647,  425,  252,  914,  724,  750,  852,  624,  565,  565,  733, 1101,   20,  419,  707,  487,  751,  567],
        [  593,    0,  868,  690,  480,  888,  428,  358,  565,  476,  862,  504,  684,  511,  749,  215,  661,  726,  867,  425,  465,  353,  147,    0,  696,  844,  394,  331,  602,  124,  486,  346,  569,  953,  667,  989,  769,  163,  496,  941,  163, 1048,  112,  854,  391, 1160, 1052,  726,  739,  763,  398,  813,  685,  137, 1000,  561,  227,  110,  504,  738,  694,  345,  139,  591,  363,  127,  919,  744,  256,  893,  920,  379,  898,  281, 1044,  353,  539,  918,  808,  631,  604,  483,  243,  435,  706,  696,  252,  963,  644,  368,  327,  245,  731,  680,  824,  308,  526,  406,  492,  944,  507,  473,  667,  352,  657,  764,  573,  483,  572,  774,  699,  531,  520,  419,  288,   45,  858,  216,  461,  663, 1104,  901,   60,  778,  641,  442,  112,  966,  819,  754,  813,  638,  575,  644,  637, 1097,  167,  380,  746,  429,  836,  558],
        [  544,    0,  729,  301,  348,  702,  338,  384,  280,  290,  677,  427,  134,  330,  709,  802,  390,  314,  208,  849,  779,  344,  747,  696,    0,  525,  779,  812,  368,  594,  371,  607,  418,  595,  307,  409,  250,  542,  376,  776,  795,  406,  596,  457,  534,  537,  428,  837,   48,   69,  416,  812,  784,  572, 1013,  699,  656,  801,  415,  130,   88,  378,  589,  401,  869,  586,  410,  709,  527,  302,  733,  341,  393,  789,  500,  546,  847,  726,  750,  819,  198,  227,  514,  333,  128,  119,  905,  464,  769,  422,  904,  809,  469,  267,  847,  658,  458,  547,  278,  570,  314,  224,  127,  416,  155,  602,  454,  441,  354,  281,  217,  218,  388,  334,  414,  657,  408,  813,  816,  162,  528,  684,  673,  329,  227,  392,  628,  618,  756,  284,  130,  315,  307,  596,  253,  479,  752,  328,  445,  268,  706,  246],
        [  285,    0,  239,  817,  779,  194,  732,  729,  755,  427,  177,  871,  392,  778,  296,  811,  196,  213,  437,  710,  598,  595,  797,  844,  525,    0,  652,  736,  256,  810,  370,  542,  889,  109,  817,  329,  284,  697,  817,  264,  844,  451,  798,   90,  468,  481,  419,  470,  508,  549,  802,  378,  435,  786,  537,  440,  664,  910,  859,  403,  611,  542,  706,  881,  783,  721,  221,  300,  589,  330,  220,  524,  214,  747,  304,  506,  622,  212,  303,  518,  372,  497,  805,  446,  397,  406,  932,  218,  450,  483,  858,  797,  114,  267,  416,  605,  321,  460,  708,  102,  759,  561,  404,  769,  380,  163,  273,  874,  830,  251,  738,  663,  841,  467,  682,  801,  154,  824,  644,  677,  377,  168,  860,  200,  321,  410,  846,  124,  303,  243,  486,  254,  310,  273,  758,  436,  789,  541,  105,  575,  229,  369],
        [  369,    0,  575,  912,  733,  614,  666,  606,  788,  490,  593,  794,  698,  757,  442,  220,  530,  637,  873,   71,   81,  500,  259,  394,  779,  652,    0,   96,  494,  465,  422,  172,  851,  750,  894,  909,  719,  372,  764,  644,  279, 1005,  444,  701,  248, 1086,  992,  359,  806,  845,  680,  472,  332,  456,  631,  234,  187,  382,  789,  752,  820,  428,  325,  865,  132,  348,  811,  436,  286,  843,  638,  458,  792,  133,  929,  234,  146,  639,  493,  255,  604,  563,  558,  447,  721,  717,  321,  838,  290,  360,  215,  192,  554,  620,  472,  132,  376,  240,  705,  751,  744,  599,  689,  625,  665,  516,  413,  780,  828,  708,  883,  713,  794,  447,  508,  373,  734,  231,   68,  827, 1000,  638,  447,  685,  611,  391,  480,  755,  504,  684,  854,  556,  515,  386,  845, 1028,  240,  480,  584,  565,  547,  548],
        [  451,    0,  669,  914,  724,  707,  659,  594,  787,  527,  685,  775,  744,  750,  537,  133,  600,  702,  924,   96,  175,  507,  187,  331,  812,  736,   96,    0,  558,  421,  473,  217,  836,  836,  895,  977,  779,  347,  751,  739,  196, 1068,  401,  779,  301, 1155, 1058,  453,  843,  879,  661,  567,  427,  417,  722,  328,  167,  301,  772,  799,  844,  443,  295,  852,   58,  315,  883,  531,  292,  905,  731,  477,  864,   51, 1003,  276,  228,  732,  588,  348,  650,  589,  526,  481,  767,  762,  226,  913,  385,  391,  124,  103,  633,  679,  567,  156,  443,  298,  705,  836,  739,  616,  733,  607,  711,  605,  485,  759,  820,  770,  895,  721,  780,  478,  497,  319,  808,  142,  150,  842, 1073,  730,  389,  752,  663,  437,  429,  842,  599,  747,  898,  617,  570,  474,  850, 1095,  167,  496,  661,  578,  641,  594],
        [  180,    0,  387,  621,  544,  374,  490,  479,  536,  176,  346,  634,  245,  548,  344,  604,   61,  144,  392,  562,  466,  342,  577,  602,  368,  256,  494,  558,    0,  558,  118,  344,  661,  362,  615,  420,  228,  448,  583,  446,  626,  512,  547,  252,  260,  597,  500,  471,  373,  418,  556,  447,  420,  533,  653,  350,  449,  678,  624,  289,  442,  287,  464,  658,  613,  477,  330,  344,  352,  350,  409,  269,  310,  556,  454,  292,  520,  404,  390,  465,  172,  258,  550,  191,  264,  265,  725,  368,  409,  235,  674,  597,  149,  132,  482,  408,  119,  260,  476,  348,  528,  325,  245,  519,  216,  254,   94,  635,  608,  214,  554,  441,  609,  212,  427,  558,  261,  618,  510,  489,  521,  369,  612,  194,  145,  161,  595,  379,  397,  191,  394,   65,   69,  229,  555,  538,  572,  288,  152,  330,  359,  139],
        [  585,    0,  867,  568,  357,  880,  307,  238,  443,  408,  852,  381,  598,  388,  759,  323,  618,  666,  776,  509,  526,  260,  251,  124,  594,  810,  465,  421,  558,    0,  441,  371,  446,  918,  544,  916,  696,  121,  372,  939,  279,  964,   21,  807,  392, 1082,  972,  764,  639,  659,  274,  835,  718,   25, 1033,  591,  280,  232,  381,  650,  583,  277,  145,  468,  461,  122,  856,  755,  247,  815,  913,  305,  835,  373,  980,  357,  605,  910,  819,  679,  527,  394,  120,  374,  619,  608,  375,  904,  679,  328,  440,  349,  697,  615,  851,  354,  503,  409,  372,  905,  384,  372,  581,  229,  574,  752,  548,  361,  449,  706,  579,  415,  397,  355,  180,  108,  802,  326,  532,  547, 1035,  888,   81,  717,  570,  401,   38,  933,  830,  688,  716,  583,  518,  642,  516, 1020,  269,  299,  707,  329,  835,  488],
        [  205,    0,  467,  577,  466,  465,  405,  383,  475,   98,  437,  553,  277,  475,  395,  502,  177,  246,  453,  492,  411,  240,  468,  486,  371,  370,  422,  473,  118,  441,    0,  256,  588,  477,  567,  520,  310,  331,  504,  533,  518,  600,  430,  369,  174,  696,  594,  486,  391,  433,  463,  493,  432,  417,  704,  333,  345,  565,  543,  331,  428,  175,  348,  589,  529,  360,  438,  393,  238,  437,  500,  164,  417,  463,  564,  197,  478,  495,  449,  453,  184,  194,  440,   87,  300,  296,  621,  480,  410,  118,  582,  499,  258,  210,  523,  317,  103,  183,  405,  465,  456,  256,  269,  421,  244,  338,  128,  550,  541,  305,  522,  381,  533,  107,  319,  442,  374,  515,  452,  459,  627,  466,  495,  298,  191,   44,  478,  493,  458,  283,  433,  157,   99,  267,  508,  635,  465,  186,  267,  248,  436,  128],
        [  264,    0,  526,  749,  581,  551,  514,  460,  627,  319,  526,  650,  530,  602,  404,  270,  389,  487,  708,  242,  188,  340,  261,  346,  607,  542,  172,  217,  344,  371,  256,    0,  703,  647,  732,  763,  562,  256,  614,  599,  305,  851,  352,  575,   85,  940,  842,  393,  635,  673,  539,  469,  348,  355,  663,  221,  128,  383,  644,  585,  649,  262,  228,  714,  273,  251,  671,  400,  139,  688,  581,  290,  651,  213,  793,   62,  269,  580,  463,  312,  436,  392,  438,  275,  554,  549,  392,  704,  309,  189,  331,  258,  433,  462,  483,   66,  232,   85,  546,  643,  588,  431,  520,  485,  497,  433,  277,  638,  674,  554,  716,  548,  645,  276,  364,  309,  598,  283,  217,  658,  862,  568,  384,  537,  447,  222,  397,  656,  474,  530,  685,  401,  353,  306,  681,  880,  250,  313,  457,  399,  495,  380],
        [  792,    0, 1046,  178,  125, 1034,  191,  245,  140,  494, 1007,   66,  520,  114,  982,  761,  710,  682,  621,  910,  889,  371,  689,  569,  418,  889,  851,  836,  661,  446,  588,  703,    0,  978,  154,  826,  649,  489,   89, 1107,  723,  814,  461,  840,  670,  946,  841, 1057,  461,  447,  176, 1080, 1004,  438, 1291,  886,  672,  673,   66,  540,  345,  454,  543,   29,  885,  525,  819,  980,  569,  719, 1069,  440,  801,  794,  917,  655,  971, 1063, 1036, 1000,  518,  404,  327,  504,  526,  514,  820,  874,  974,  544,  878,  782,  802,  624, 1108,  721,  689,  689,  185,  956,  133,  337,  503,  229,  520,  914,  713,   88,   64,  675,  245,  227,   58,  487,  343,  551,  803,  766,  911,  267,  945, 1027,  516,  715,  569,  575,  460,  999, 1045,  670,  536,  639,  593,  854,  177,  891,  704,  414,  791,  341, 1017,  526],
        [  387,    0,  264,  894,  873,  208,  829,  830,  842,  530,  206,  964,  468,  870,  359,  916,  302,  297,  474,  804,  692,  699,  904,  953,  595,  109,  750,  836,  362,  918,  477,  647,  978,    0,  896,  318,  346,  805,  910,  258,  950,  440,  906,  140,  575,  440,  402,  532,  572,  610,  901,  422,  505,  894,  545,  529,  771, 1018,  953,  468,  683,  648,  815,  969,  881,  830,  226,  364,  698,  355,  220,  630,  230,  850,  263,  613,  708,  212,  348,  594,  463,  595,  911,  552,  469,  479, 1037,  197,  526,  592,  959,  901,  223,  355,  457,  710,  429,  566,  800,   28,  850,  658,  482,  870,  461,  241,  381,  969,  918,  315,  812,  752,  933,  573,  787,  910,  191,  930,  736,  753,  330,  173,  969,  268,  410,  518,  955,   23,  345,  314,  537,  353,  413,  365,  838,  406,  896,  646,  211,  674,  268,  467],
        [  769,    0,  999,   26,  188,  980,  242,  312,  108,  469,  953,  202,  429,  156,  953,  839,  655,  604,  495,  959,  920,  394,  770,  667,  307,  817,  894,  895,  615,  544,  567,  732,  154,  896,    0,  707,  554,  558,  180, 1054,  810,  682,  556,  757,  684,  813,  712, 1051,  342,  319,  275, 1055,  997,  531, 1264,  889,  728,  775,  194,  436,  223,  471,  613,  127,  948,  599,  716,  952,  610,  603, 1014,  447,  699,  858,  802,  678,  999, 1007, 1003, 1008,  452,  374,  429,  492,  429,  418,  913,  770,  973,  554,  955,  857,  744,  550, 1087,  763,  668,  702,  190,  872,  161,  314,  415,  315,  437,  867,  683,  225,  107,  583,  101,  188,  166,  480,  402,  642,  712,  846,  948,  145,  822,  968,  621,  628,  499,  565,  566,  918, 1010,  583,  410,  580,  546,  829,   61,  761,  783,  422,  727,  337,  972,  476],
        [  555,    0,  563,  697,  749,  512,  726,  754,  688,  513,  501,  832,  330,  735,  621, 1020,  380,  277,  216,  975,  872,  661,  987,  989,  409,  329,  909,  977,  420,  916,  520,  763,  826,  318,  707,    0,  221,  827,  780,  572, 1037,  124,  911,  242,  679,  178,   91,  792,  367,  389,  805,  706,  753,  892,  857,  731,  864, 1078,  820,  292,  486,  646,  856,  809, 1031,  864,  110,  624,  755,  109,  531,  614,  122,  975,   98,  710,  913,  522,  631,  827,  390,  528,  868,  554,  314,  327, 1140,  122,  760,  631, 1094, 1015,  376,  312,  744,  827,  535,  680,  676,  293,  717,  570,  349,  792,  347,  486,  496,  845,  762,  216,  610,  617,  795,  571,  749,  945,  187, 1034,  918,  565,  122,  480,  985,  226,  349,  563,  954,  338,  631,  238,  299,  365,  422,  569,  658,  119,  985,  618,  341,  605,  557,  431],
        [  395,    0,  508,  550,  556,  472,  524,  544,  509,  293,  450,  644,  130,  547,  517,  810,  210,   97,  173,  788,  694,  442,  773,  769,  250,  284,  719,  779,  228,  696,  310,  562,  649,  346,  554,  221,    0,  607,  591,  544,  823,  290,  691,  209,  478,  392,  286,  671,  226,  266,  602,  617,  624,  672,  803,  572,  654,  859,  632,  122,  337,  426,  638,  636,  834,  644,  175,  519,  539,  128,  501,  394,  155,  772,  289,  505,  746,  493,  547,  682,  170,  311,  652,  335,  125,  137,  928,  229,  621,  416,  891,  807,  257,  100,  654,  625,  346,  482,  482,  321,  528,  359,  147,  583,  136,  392,  318,  653,  586,   33,  467,  427,  610,  351,  531,  725,  159,  823,  738,  409,  339,  450,  765,   85,  129,  350,  734,  369,  550,   47,  205,  164,  211,  429,  497,  330,  772,  398,  225,  390,  489,  211],
        [  465,    0,  746,  579,  380,  760,  317,  249,  451,  314,  732,  428,  522,  407,  638,  282,  508,  566,  706,  425,  424,  199,  216,  163,  542,  697,  372,  347,  448,  121,  331,  256,  489,  805,  558,  827,  607,    0,  405,  818,  260,  886,  105,  700,  271,  998,  889,  649,  584,  610,  314,  715,  601,  102,  915,  474,  187,  260,  425,  577,  549,  183,   56,  506,  396,   45,  759,  634,  126,  731,  793,  217,  738,  306,  884,  237,  505,  790,  698,  567,  442,  324,  187,  274,  545,  535,  369,  804,  563,  214,  398,  300,  583,  519,  732,  249,  385,  289,  370,  794,  398,  321,  506,  260,  495,  632,  430,  412,  476,  613,  572,  398,  434,  257,  157,  120,  700,  290,  436,  528,  942,  769,  165,  618,  479,  289,  154,  820,  709,  593,  655,  480,  416,  522,  518,  935,  227,  220,  596,  277,  714,  396],
        [  707,    0,  966,  205,   39,  956,  103,  158,  106,  412,  928,   54,  462,   46,  898,  680,  634,  615,  583,  824,  801,  283,  610,  496,  376,  817,  764,  751,  583,  372,  504,  614,   89,  910,  180,  780,  591,  405,    0, 1028,  646,  781,  386,  774,  582,  912,  804,  969,  422,  417,   98,  995,  916,  362, 1206,  798,  586,  602,   43,  490,  316,  366,  459,  102,  801,  442,  764,  896,  481,  672,  991,  353,  744,  710,  868,  567,  883,  986,  953,  912,  448,  325,  254,  419,  472,  459,  746,  818,  887,  456,  798,  701,  726,  556, 1022,  633,  604,  601,  111,  889,   64,  259,  444,  147,  458,  834,  630,   65,   77,  615,  246,  165,   31,  402,  256,  475,  741,  686,  823,  246,  901,  950,  447,  651,  501,  489,  391,  931,  961,  608,  502,  565,  516,  770,  173,  854,  624,  327,  718,  257,  936,  451],
        [  354,    0,   74, 1057,  989,   75,  933,  916,  980,  617,  101, 1079,  642,  994,  203,  846,  400,  463,  700,  682,  571,  773,  855,  941,  776,  264,  644,  739,  446,  939,  533,  599, 1107,  258, 1054,  572,  544,  818, 1028,    0,  894,  695,  923,  351,  552,  696,  658,  336,  764,  806,  995,  205,  331,  918,  288,  412,  726,  980, 1069,  660,  860,  702,  811, 1104,  772,  831,  471,  209,  695,  591,   44,  696,  469,  767,  520,  589,  558,   52,  154,  426,  602,  704,  964,  620,  650,  658,  960,  451,  366,  622,  859,  825,  311,  510,  232,  651,  445,  536,  922,  282,  974,  771,  650,  954,  624,  196,  407, 1079, 1053,  512,  983,  885, 1055,  640,  849,  901,  414,  859,  610,  920,  587,   96,  971,  460,  557,  561,  972,  243,  145,  501,  748,  475,  514,  298,  994,  664,  842,  719,  331,  773,  106,  583],
        [  568,    0,  822,  832,  626,  851,  568,  498,  704,  538,  827,  658,  758,  655,  693,   63,  678,  763,  944,  290,  358,  456,   51,  163,  795,  844,  279,  196,  626,  279,  518,  305,  723,  950,  810, 1037,  823,  260,  646,  894,    0, 1111,  262,  870,  377, 1213, 1109,  635,  834,  864,  549,  740,  603,  285,  908,  489,  180,  106,  657,  814,  807,  421,  208,  743,  212,  216,  954,  688,  284,  950,  880,  457,  934,  148, 1079,  339,  421,  879,  749,  533,  670,  571,  397,  493,  782,  773,  111,  993,  561,  408,  166,   95,  733,  726,  744,  245,  527,  384,  626,  945,  649,  577,  744,  500,  728,  736,  574,  639,  721,  822,  830,  657,  672,  481,  413,  172,  886,   58,  342,  787, 1144,  870,  222,  815,  697,  475,  273,  960,  760,  800,  901,  674,  616,  607,  774, 1151,   55,  468,  755,  534,  791,  617],
        [  661,    0,  686,  668,  753,  635,  742,  780,  681,  576,  624,  830,  366,  735,  740, 1100,  480,  369,  199, 1073,  974,  705, 1061, 1048,  406,  451, 1005, 1068,  512,  964,  600,  851,  814,  440,  682,  124,  290,  886,  781,  695, 1111,    0,  961,  363,  767,  132,   44,  910,  359,  367,  820,  828,  869,  940,  980,  839,  943, 1142,  819,  316,  470,  704,  921,  794, 1123,  925,  230,  744,  827,  163,  654,  670,  239, 1062,  195,  795, 1019,  646,  753,  940,  445,  571,  903,  620,  346,  357, 1217,  245,  874,  704, 1180, 1097,  489,  390,  866,  914,  630,  770,  684,  415,  719,  601,  384,  815,  392,  605,  596,  846,  751,  298,  582,  624,  791,  634,  790, 1005,  304, 1113, 1019,  548,  167,  603, 1037,  324,  415,  640, 1001,  459,  753,  322,  280,  451,  501,  681,  640,   82, 1060,  669,  454,  640,  679,  495],
        [  569,    0,  851,  579,  370,  865,  317,  248,  454,  401,  837,  397,  596,  400,  742,  305,  607,  658,  775,  489,  505,  258,  233,  112,  596,  798,  444,  401,  547,   21,  430,  352,  461,  906,  556,  911,  691,  105,  386,  923,  262,  961,    0,  797,  374, 1078,  968,  745,  640,  661,  289,  816,  699,   26, 1014,  572,  259,  220,  396,  648,  588,  268,  125,  483,  441,  102,  849,  738,  229,  811,  898,  298,  828,  353,  973,  340,  585,  895,  802,  659,  522,  392,  135,  365,  617,  606,  360,  896,  660,  315,  422,  330,  685,  608,  833,  334,  489,  392,  381,  894,  396,  373,  578,  242,  571,  737,  534,  377,  462,  700,  588,  422,  412,  346,  183,   91,  794,  308,  511,  554, 1029,  873,   78,  709,  564,  389,   50,  921,  812,  681,  716,  574,  509,  626,  526, 1016,  250,  294,  696,  329,  818,  482],
