{
    "name": "random-64-26407",
    "comment": "size=64 seed=26407",
    "nodes": ["+0", "-0", "+1", "-1", "+2", "-2", "+3", "-3", "+4", "-4", "+5", "-5", "+6", "-6", "+7", "-7", "+8", "-8", "+9", "-9", "+10", "-10", "+11", "-11", "+12", "-12", "+13", "-13", "+14", "-14", "+15", "-15", "+16", "-16", "+17", "-17", "+18", "-18", "+19", "-19", "+20", "-20", "+21", "-21", "+22", "-22", "+23", "-23", "+24", "-24", "+25", "-25", "+26", "-26", "+27", "-27", "+28", "-28", "+29", "-29", "+30", "-30", "+31", "-31", "+32", "-32", "+33", "-33", "+34", "-34", "+35", "-35", "+36", "-36", "+37", "-37", "+38", "-38", "+39", "-39", "+40", "-40", "+41", "-41", "+42", "-42", "+43", "-43", "+44", "-44", "+45", "-45", "+46", "-46", "+47", "-47", "+48", "-48", "+49", "-49", "+50", "-50", "+51", "-51", "+52", "-52", "+53", "-53", "+54", "-54", "+55", "-55", "+56", "-56", "+57", "-57", "+58", "-58", "+59", "-59", "+60", "-60", "+61", "-61", "+62", "-62", "+63", "-63", "+64", "-64"],
    "precedence": {
        "+0": "-0",
        "+1": "-1",
        "+2": "-2",
        "+3": "-3",
        "+4": "-4",
        "+5": "-5",
        "+6": "-6",
        "+7": "-7",
        "+8": "-8",
        "+9": "-9",
        "+10": "-10",
        "+11": "-11",
        "+12": "-12",
        "+13": "-13",
        "+14": "-14",
        "+15": "-15",
        "+16": "-16",
        "+17": "-17",
        "+18": "-18",
        "+19": "-19",
        "+20": "-20",
        "+21": "-21",
        "+22": "-22",
        "+23": "-23",
        "+24": "-24",
        "+25": "-25",
        "+26": "-26",
        "+27": "-27",
        "+28": "-28",
        "+29": "-29",
        "+30": "-30",
        "+31": "-31",
        "+32": "-32",
        "+33": "-33",
        "+34": "-34",
        "+35": "-35",
        "+36": "-36",
        "+37": "-37",
        "+38": "-38",
        "+39": "-39",
        "+40": "-40",
        "+41": "-41",
        "+42": "-42",
        "+43": "-43",
        "+44": "-44",
        "+45": "-45",
        "+46": "-46",
        "+47": "-47",
        "+48": "-48",
        "+49": "-49",
        "+50": "-50",
        "+51": "-51",
        "+52": "-52",
        "+53": "-53",
        "+54": "-54",
        "+55": "-55",
        "+56": "-56",
        "+57": "-57",
        "+58": "-58",
        "+59": "-59",
        "+60": "-60",
        "+61": "-61",
        "+62": "-62",
        "+63": "-63",
        "+64": "-64"
    },
    "edges": [
        [    0,    0,  443,  395,  327,  751,  432,  388,  150,  274,  367,  382,  115,  444,  411,  536,  703,  535,  270,  312,  292,  698,  313,  513,  464,  327,  361,  351,   30,  789,  472,  462,  546,  194,  315,  295,  588,  330,  738,  286,  382,  481,  383,  174,  538,  516,  229,  497,  147,  354,  471,  204,  155,  319,  184,  104,  200,  502,  381,  322,  278,  307,  504,  716,  150,  217,  629,  173,  568,  540,  288,  193,  565,  259,  250,  588,  244,  277,  632,  493,  452,  690,  224,  427,  480,  733,  497,  356,  572,  281,  142,  648,  531,  237,  324,  279,  159,  521,  303,  177,  433,  535,  285,  413,  629,  504,  504,  327,  244,  139,  605,  123,  127,   67,  595,  274,  543,  409,  445,   87,  564,  347,  521,  429,  481,  591,  187,  446,   70,  121],
        [    0,    0,    0,    0,    0,    0,    0,    0,    0,    0,    0,    0,    0,    0,    0,    0,    0,    0,    0,    0,    0,    0,    0,    0,    0,    0,    0,    0,    0,    0,    0,    0,    0,    0,    0,    0,    0,    0,    0,    0,    0,    0,    0,    0,    0,    0,    0,    0,    0,    0,    0,    0,    0,    0,    0,    0,    0,    0,    0,    0,    0,    0,    0,    0,    0,    0,    0,    0,    0,    0,    0,    0,    0,    0,    0,    0,    0,    0,    0,    0,    0,    0,    0,    0,    0,    0,    0,    0,    0,    0,    0,    0,    0,    0,    0,    0,    0,    0,    0,    0,    0,    0,    0,    0,    0,    0,    0,    0,    0,    0,    0,    0,    0,    0,    0,    0,    0,    0,    0,    0,    0,    0,    0,    0,    0,    0,    0,    0,    0,    0],
        [  443,    0,    0,  616,  513,  426,  820,  678,  440,  637,  419,  691,  411,  138,  398,  829,  279,  788,  326,  260,  449,  351,  167,   80,  623,  546,  252,  598,  470,  433,  159,  489,  448,  260,  752,  666,  526,  430,  476,  166,  144,  499,  177,  617,  792,  503,  216,  863,  589,  108,  244,  496,  515,  430,  285,  483,  613,  667,  310,  498,  496,  687,  493,  314,  343,  287,  208,  590,  463,  179,  699,  616,  206,  698,  657,  407,  206,  196,  271,  814,  830,  290,  616,  693,  821,  340,  648,  319,  141,  220,  553,  399,  746,  210,  568,  716,  438,  796,  498,  606,   78,  103,  525,  298,  259,  457,  125,  394,  428,  469,  168,  409,  526,  506,  292,  678,  237,  384,   60,  498,  122,  679,   88,  185,   86,  292,  257,  778,  487,  368],
        [  395,    0,  616,    0,  104,  684,  737,  102,  544,  206,  218,  131,  505,  697,  270,  220,  771,  172,  291,  358,  682,  957,  584,  695,   91,  722,  682,   48,  380,  746,  530,  224,  903,  410,  546,  221,  349,  714,  613,  534,  646,  236,  453,  434,  177,  275,  463,  817,  433,  586,  769,  192,  249,  188,  377,  493,  300,  113,  335,  716,  134,  241,  881,  747,  512,  554,  822,  308,  925,  780,  309,  323,  601,  407,  574,  456,  508,  431,  642,  225,  765,  725,  573,  809,  823,  748,  117,  313,  683,  400,  304,  957,  142,  498,  717,  522,  248,  182,  697,  338,  655,  660,  114,  367,  869,  306,  591,  703,  200,  257,  774,  294,  500,  374,  874,  594,  546,  772,  578,  324,  708,  712,  653,  710,  692,  562,  456,  799,  451,  494],
        [  327,    0,  513,  104,    0,  610,  710,  178,  470,  219,  131,  201,  428,  595,  189,  319,  677,  276,  188,  255,  602,  853,  484,  592,  142,  651,  585,   92,  317,  669,  432,  176,  809,  311,  533,  244,  314,  630,  551,  433,  544,  194,  352,  403,  280,  235,  363,  786,  395,  483,  668,  132,  201,   89,  278,  429,  286,  184,  240,  640,   50,  267,  792,  657,  426,  461,  719,  284,  831,  676,  324,  306,  508,  402,  536,  390,  409,  327,  553,  314,  735,  634,  527,  751,  784,  661,  174,  216,  584,  296,  268,  856,  241,  398,  650,  504,  169,  284,  622,  316,  551,  559,   58,  275,  765,  250,  492,  616,  101,  192,  672,  212,  443,  321,  771,  557,  455,  680,  476,  269,  607,  662,  551,  608,  588,  477,  360,  755,  390,  411],
        [  751,    0,  426,  684,  610,    0, 1177,  781,  811,  817,  480,  807,  771,  556,  421,  891,  249,  822,  500,  442,  858,  666,  578,  436,  632,  951,  677,  697,  767,   70,  298,  464,  866,  566, 1057,  845,  379,  847,  113,  552,  569,  457,  373,  912,  826,  426,  558, 1234,  890,  520,  659,  683,  738,  532,  568,  828,  848,  663,  392,  908,  629,  869,  918,  181,  713,  678,  482,  833,  878,  553,  913,  860,  221,  960,  998,  231,  579,  484,  156,  907, 1193,  184,  965, 1096, 1203,  153,  639,  421,  318,  472,  801,  775,  758,  577,  969, 1022,  656,  848,  904,  860,  500,  342,  657,  354,  586,  384,  303,  813,  588,  697,  426,  656,  866,  796,  663, 1021,  214,  809,  377,  763,  372, 1060,  355,  607,  484,  160,  601, 1162,  815,  728],
        [  432,    0,  820,  737,  710, 1177,    0,  677,  381,  539,  785,  654,  413,  764,  835,  771, 1097,  810,  700,  742,  418,  960,  657,  871,  825,  337,  628,  691,  422, 1210,  888,  872,  676,  611,  205,  534, 1006,  463, 1168,  656,  709,  891,  804,  307,  812,  930,  627,   83,  316,  714,  733,  580,  509,  731,  609,  349,  438,  849,  812,  387,  662,  525,  584, 1122,  478,  535,  961,  431,  693,  849,  454,  415,  978,  343,  182, 1019,  618,  694, 1048,  708,   31, 1096,  212,  248,  120, 1143,  854,  786,  959,  705,  443,  850,  839,  617,  307,  219,  566,  780,  373,  400,  780,  921,  655,  844,  921,  926,  909,  494,  655,  529,  957,  545,  311,  402,  852,  159,  965,  573,  840,  449,  937,  166,  906,  725,  826, 1017,  582,  132,  364,  457],
        [  388,    0,  678,  102,  178,  781,  677,    0,  536,  141,  307,   31,  502,  745,  362,  157,  855,  148,  355,  427,  679, 1008,  624,  757,  183,  705,  711,   87,  367,  842,  609,  324,  922,  449,  478,  144,  450,  716,  713,  577,  690,  337,  525,  385,  151,  376,  504,  759,  390,  634,  807,  201,  234,  266,  416,  475,  246,  188,  418,  707,  183,  158,  889,  835,  522,  574,  885,  261,  944,  832,  230,  269,  685,  337,  527,  555,  545,  485,  730,  138,  706,  812,  532,  777,  771,  838,  202,  394,  758,  458,  269,  994,  162,  535,  697,  459,  266,  134,  687,  287,  708,  732,  153,  453,  923,  405,  667,  711,  251,  259,  841,  310,  473,  351,  918,  544,  633,  787,  646,  306,  778,  672,  723,  751,  748,  654,  488,  752,  432,  499],
        [  150,    0,  440,  544,  470,  811,  381,  536,    0,  416,  491,  529,   46,  395,  526,  682,  717,  684,  378,  397,  145,  622,  279,  494,  610,  182,  274,  501,  170,  839,  516,  590,  417,  251,  341,  434,  707,  187,  817,  276,  335,  608,  439,  241,  687,  640,  254,  427,  214,  335,  387,  353,  304,  450,  262,   76,  328,  649,  478,  172,  423,  443,  363,  743,   99,  156,  591,  302,  439,  486,  409,  314,  604,  346,  224,  681,  240,  329,  674,  636,  392,  718,  180,  301,  393,  766,  643,  457,  579,  348,  278,  545,  680,  239,  184,  308,  302,  669,  154,  294,  404,  541,  433,  504,  567,  621,  531,  193,  381,  287,  581,  260,  110,  192,  514,  244,  597,  281,  461,  232,  558,  250,  526,  363,  450,  652,  211,  352,  114,   84],
        [  274,    0,  637,  206,  219,  817,  539,  141,  416,    0,  340,  122,  387,  680,  400,  268,  850,  283,  337,  410,  560,  943,  551,  715,  296,  577,  623,  162,  248,  872,  600,  393,  819,  385,  343,   30,  530,  601,  766,  509,  620,  410,  509,  245,  286,  451,  438,  620,  251,  574,  727,  145,  130,  286,  354,  349,  106,  314,  429,  583,  189,   54,  776,  841,  420,  480,  841,  124,  841,  772,  107,  129,  686,  202,  387,  604,  472,  442,  741,  220,  567,  816,  394,  640,  632,  849,  322,  401,  738,  423,  139,  910,  302,  463,  566,  321,  199,  261,  563,  147,  652,  706,  164,  467,  863,  468,  652,  600,  234,  172,  804,  233,  341,  225,  846,  404,  642,  682,  616,  188,  748,  534,  696,  677,  697,  674,  411,  612,  306,  393],
        [  367,    0,  419,  218,  131,  480,  785,  307,  491,  340,    0,  330,  446,  520,   61,  437,  553,  382,  125,  165,  606,  768,  428,  495,  205,  670,  541,  221,  368,  539,  315,  100,  771,  276,  625,  368,  222,  624,  426,  377,  479,  118,  246,  486,  387,  150,  317,  857,  471,  413,  607,  220,  286,   57,  248,  468,  388,  249,  118,  649,  152,  392,  771,  530,  424,  439,  619,  380,  792,  593,  442,  406,  384,  506,  605,  264,  364,  257,  425,  440,  808,  507,  587,  788,  845,  532,  229,  101,  470,  222,  355,  791,  333,  354,  675,  593,  220,  398,  635,  411,  470,  449,  178,  149,  677,  142,  377,  603,  131,  258,  568,  245,  492,  384,  696,  628,  328,  653,  374,  337,  499,  713,  443,  544,  500,  348,  330,  812,  436,  418],
        [  382,    0,  691,  131,  201,  807,  654,   31,  529,  122,  330,    0,  497,  753,  387,  155,  875,  162,  371,  443,  673, 1017,  630,  771,  214,  695,  714,  111,  359,  867,  628,  353,  921,  456,  454,  121,  480,  711,  741,  584,  697,  366,  542,  366,  164,  405,  511,  736,  373,  644,  812,  206,  229,  287,  423,  465,  227,  218,  439,  699,  199,  132,  885,  857,  521,  575,  899,  245,  943,  842,  204,  250,  706,  312,  508,  582,  551,  497,  753,  124,  684,  834,  516,  761,  751,  861,  232,  414,  776,  472,  256,  999,  185,  541,  685,  436,  270,  141,  679,  269,  718,  748,  169,  475,  933,  433,  685,  707,  265,  259,  856,  313,  461,  341,  926,  524,  655,  785,  661,  298,  794,  655,  740,  757,  760,  677,  493,  732,  422,  497],
        [  115,    0,  411,  505,  428,  771,  413,  502,   46,  387,  446,  497,    0,  378,  481,  650,  686,  649,  333,  353,  178,  617,  256,  469,  569,  226,  270,  462,  140,  801,  478,  545,  435,  208,  352,  407,  661,  215,  774,  246,  317,  563,  399,  237,  652,  595,  215,  464,  208,  308,  383,  314,  269,  405,  217,   77,  306,  608,  433,  212,  381,  418,  390,  709,   69,  137,  573,  279,  458,  472,  390,  294,  567,  339,  247,  637,  207,  288,  637,  607,  426,  683,  206,  346,  433,  731,  601,  412,  549,  305,  252,  550,  643,  205,  230,  318,  261,  635,  195,  276,  381,  511,  393,  459,  556,  576,  496,  213,  337,  249,  559,  217,  119,  167,  510,  268,  558,  298,  428,  200,  530,  291,  496,  352,  429,  611,  171,  393,  100,   44],
        [  444,    0,  138,  697,  595,  556,  764,  745,  395,  680,  520,  753,  378,    0,  510,  900,  375,  868,  410,  357,  362,  264,  132,  129,  718,  459,  145,  672,  474,  555,  295,  602,  312,  298,  730,  707,  653,  332,  612,  171,   63,  614,  296,  608,  873,  623,  243,  796,  579,  112,  107,  550,  551,  520,  331,  454,  636,  763,  423,  407,  568,  726,  364,  424,  312,  242,  198,  610,  326,   96,  724,  633,  339,  702,  619,  542,  208,  269,  400,  877,  770,  403,  574,  605,  747,  454,  746,  426,  247,  302,  574,  273,  834,  218,  485,  695,  486,  871,  411,  619,   61,  216,  595,  418,  186,  579,  260,  295,  499,  508,  198,  448,  496,  510,  177,  637,  374,  263,  196,  516,  203,  611,  203,   53,   76,  428,  270,  703,  471,  342],
        [  411,    0,  398,  270,  189,  421,  835,  362,  526,  400,   61,  387,  481,  510,    0,  486,  506,  427,  149,  161,  632,  749,  430,  470,  242,  702,  546,  277,  415,  481,  277,   92,  777,  295,  680,  428,  181,  646,  366,  380,  474,  104,  221,  539,  431,  121,  328,  905,  523,  407,  603,  277,  342,  116,  272,  510,  447,  283,   88,  677,  212,  452,  784,  478,  451,  458,  591,  437,  797,  575,  501,  463,  337,  563,  654,  204,  374,  259,  373,  494,  857,  457,  633,  826,  890,  478,  261,   86,  432,  223,  411,  782,  372,  365,  709,  647,  271,  446,  664,  467,  456,  415,  238,  107,  656,   95,  340,  622,  186,  311,  537,  291,  537,  433,  683,  677,  279,  665,  348,  389,  466,  756,  411,  539,  482,  293,  349,  856,  480,  448],
        [  536,    0,  829,  220,  319,  891,  771,  157,  682,  268,  437,  155,  650,  900,  486,    0,  990,   79,  504,  574,  826, 1163,  780,  908,  259,  844,  867,  231,  512,  956,  749,  428, 1075,  605,  567,  256,  531,  865,  811,  732,  845,  435,  670,  503,   77,  468,  660,  853,  514,  789,  963,  357,  383,  406,  571,  616,  368,  234,  554,  850,  334,  256, 1039,  964,  675,  729, 1036,  390, 1098,  987,  320,  389,  820,  430,  641,  661,  701,  638,  859,   65,  801,  943,  654,  901,  875,  964,  257,  532,  902,  610,  406, 1150,  147,  691,  833,  555,  422,   44,  830,  409,  862,  877,  306,  586, 1077,  508,  810,  861,  404,  413,  990,  466,  608,  492, 1074,  654,  764,  939,  794,  451,  925,  792,  870,  907,  902,  778,  644,  861,  573,  651],
        [  703,    0,  279,  771,  677,  249, 1097,  855,  717,  850,  553,  875,  686,  375,  506,  990,    0,  933,  514,  441,  724,  425,  446,  246,  746,  821,  515,  769,  727,  214,  251,  581,  665,  510, 1018,  880,  547,  701,  350,  441,  410,  582,  342,  877,  937,  565,  479, 1141,  850,  386,  465,  706,  743,  589,  527,  756,  850,  786,  438,  772,  678,  903,  733,   70,  619,  565,  246,  830,  673,  340,  930,  857,  170,  948,  931,  388,  480,  430,  146,  991, 1108,   68,  891,  969, 1100,  101,  763,  462,  139,  437,  793,  547,  877,  482,  845,  981,  660,  950,  773,  850,  334,  177,  709,  405,  352,  515,  202,  664,  619,  697,  199,  642,  798,  762,  439,  953,  229,  637,  260,  743,  173,  958,  192,  427,  299,  233,  523, 1056,  755,  642],
        [  535,    0,  788,  172,  276,  822,  810,  148,  684,  283,  382,  162,  649,  868,  427,   79,  933,    0,  463,  529,  826, 1128,  753,  866,  191,  853,  847,  199,  514,  888,  697,  361, 1063,  578,  607,  280,  457,  862,  738,  704,  816,  366,  623,  527,    5,  397,  632,  892,  534,  757,  937,  341,  380,  359,  544,  623,  389,  160,  500,  855,  301,  287, 1033,  904,  665,  714,  994,  406, 1085,  952,  357,  411,  763,  467,  668,  592,  676,  602,  798,  131,  840,  882,  677,  922,  910,  901,  184,  481,  851,  572,  416, 1126,   69,  665,  845,  592,  404,   39,  835,  430,  827,  829,  276,  530, 1041,  439,  759,  855,  370,  403,  945,  450,  620,  499, 1044,  684,  705,  929,  749,  453,  878,  816,  822,  879,  864,  715,  622,  892,  579,  644],
        [  270,    0,  326,  291,  188,  500,  700,  355,  378,  337,  125,  371,  333,  410,  149,  504,  514,  463,    0,   74,  484,  666,  308,  405,  309,  553,  418,  273,  279,  548,  264,  223,  648,  151,  561,  367,  330,  500,  473,  256,  363,  240,  174,  416,  468,  267,  193,  767,  396,  299,  490,  194,  240,  111,  125,  365,  350,  354,  113,  529,  173,  390,  646,  506,  303,  315,  533,  334,  669,  490,  422,  362,  350,  460,  519,  320,  240,  142,  407,  492,  721,  480,  494,  678,  749,  515,  338,   86,  406,  109,  302,  676,  426,  230,  561,  527,  157,  470,  515,  361,  365,  378,  203,  148,  578,  244,  318,  478,  107,  198,  487,  159,  395,  303,  587,  542,  309,  528,  292,  266,  424,  611,  369,  428,  401,  347,  205,  713,  339,  300],
        [  312,    0,  260,  358,  255,  442,  742,  427,  397,  410,  165,  443,  353,  357,  161,  574,  441,  529,   74,    0,  485,  606,  270,  338,  365,  563,  386,  344,  326,  485,  191,  250,  617,  148,  616,  440,  331,  494,  427,  220,  316,  264,  100,  471,  534,  281,  172,  804,  448,  249,  445,  266,  307,  171,  137,  398,  417,  410,   86,  533,  245,  463,  625,  435,  310,  305,  465,  399,  637,  430,  492,  427,  279,  523,  561,  285,  215,   98,  338,  564,  761,  409,  532,  696,  781,  446,  392,   75,  333,   63,  365,  627,  487,  207,  574,  581,  224,  539,  522,  424,  306,  306,  275,  107,  516,  246,  244,  468,  180,  263,  417,  216,  432,  355,  532,  585,  242,  506,  221,  323,  352,  640,  297,  381,  339,  284,  199,  743,  378,  314],
        [  292,    0,  449,  682,  602,  858,  418,  679,  145,  560,  606,  673,  178,  362,  632,  826,  724,  826,  484,  485,    0,  543,  284,  482,  743,   98,  219,  640,  314,  875,  562,  705,  287,  339,  443,  578,  811,   51,  882,  307,  316,  723,  502,  372,  830,  750,  319,  439,  347,  344,  317,  492,  446,  570,  360,  216,  471,  784,  570,   51,  556,  586,  222,  762,  183,  185,  555,  445,  309,  439,  549,  456,  640,  477,  310,  761,  285,  399,  710,  780,  418,  738,  265,  246,  387,  789,  776,  554,  587,  427,  422,  440,  820,  290,  123,  415,  436,  812,   50,  436,  392,  551,  569,  590,  506,  725,  561,   77,  507,  427,  560,  392,  238,  336,  435,  322,  648,  162,  486,  376,  554,  256,  535,  317,  432,  705,  287,  343,  257,  192],
        [  698,    0,  351,  957,  853,  666,  960, 1008,  622,  943,  768, 1017,  617,  264,  749, 1163,  425, 1128,  666,  606,  543,    0,  392,  282,  971,  628,  349,  934,  728,  638,  492,  840,  332,  561,  963,  970,  868,  498,  753,  434,  323,  849,  528,  853, 1133,  852,  507,  975,  824,  374,  235,  813,  813,  775,  594,  691,  894, 1016,  661,  575,  830,  988,  428,  493,  556,  485,  186,  868,  328,  177,  983,  890,  491,  952,  840,  732,  471,  527,  525, 1140,  959,  483,  794,  757,  917,  525,  997,  670,  366,  558,  833,  153, 1091,  480,  657,  930,  750, 1132,  587,  875,  302,  360,  857,  647,   93,  804,  435,  467,  760,  771,  246,  711,  731,  764,  110,  856,  546,  391,  403,  774,  313,  797,  356,  270,  268,  587,  532,  874,  715,  586],
        [  313,    0,  167,  584,  484,  578,  657,  624,  279,  551,  428,  630,  256,  132,  430,  780,  446,  753,  308,  270,  284,  392,    0,  215,  615,  380,  118,  555,  342,  592,  285,  519,  348,  175,  606,  578,  593,  270,  611,   52,   70,  533,  244,  480,  757,  550,  121,  697,  451,   61,  185,  425,  421,  417,  209,  331,  504,  660,  350,  334,  452,  596,  366,  480,  187,  123,  319,  478,  368,  227,  593,  501,  358,  571,  501,  509,   80,  172,  428,  753,  666,  455,  458,  527,  655,  506,  645,  345,  308,  208,  443,  373,  724,   90,  401,  570,  361,  752,  332,  488,  126,  270,  477,  356,  317,  512,  278,  236,  385,  380,  304,  320,  373,  379,  296,  521,  371,  247,  203,  384,  281,  513,  254,  128,  174,  429,  140,  611,  343,  216],
        [  513,    0,   80,  695,  592,  436,  871,  757,  494,  715,  495,  771,  469,  129,  470,  908,  246,  866,  405,  338,  482,  282,  215,    0,  699,  580,  270,  678,  540,  430,  211,  561,  432,  335,  817,  744,  587,  456,  503,  229,  167,  569,  250,  685,  871,  571,  288,  909,  656,  162,  226,  575,  592,  508,  362,  544,  688,  744,  383,  530,  575,  765,  491,  296,  401,  338,  129,  664,  443,  123,  775,  690,  228,  770,  715,  456,  271,  275,  281,  894,  880,  275,  673,  727,  864,  326,  724,  394,  121,  300,  627,  351,  824,  277,  604,  781,  517,  874,  532,  679,   92,   95,  605,  367,  189,  522,  158,  419,  507,  546,   93,  486,  586,  577,  240,  736,  274,  392,  123,  571,   74,  724,   85,  182,   54,  323,  327,  820,  552,  428],
        [  464,    0,  623,   91,  142,  632,  825,  183,  610,  296,  205,  214,  569,  718,  242,  259,  746,  191,  309,  365,  743,  971,  615,  699,    0,  790,  720,  135,  453,  698,  517,  171,  947,  447,  635,  311,  276,  771,  552,  563,  672,  177,  450,  520,  195,  209,  496,  904,  516,  608,  798,  263,  327,  199,  414,  565,  388,   46,  321,  780,  188,  330,  933,  715,  567,  601,  824,  394,  968,  794,  400,  411,  578,  496,  658,  403,  543,  450,  609,  283,  852,  694,  654,  886,  907,  712,   33,  306,  672,  416,  386,  985,  131,  532,  788,  611,  309,  216,  763,  425,  670,  653,  181,  347,  880,  250,  580,  757,  241,  327,  772,  352,  576,  451,  895,  678,  518,  820,  578,  400,  703,  792,  648,  736,  703,  526,  497,  881,  525,  552],
        [  327,    0,  546,  722,  651,  951,  337,  705,  182,  577,  670,  695,  226,  459,  702,  844,  821,  853,  553,  563,   98,  628,  380,  580,  790,    0,  315,  677,  342,  970,  654,  769,  342,  416,  398,  589,  883,  132,  970,  399,  413,  788,  590,  359,  856,  818,  403,  348,  339,  440,  408,  531,  476,  630,  432,  231,  478,  828,  647,   54,  603,  594,  257,  859,  254,  274,  650,  455,  361,  533,  547,  460,  735,  460,  264,  844,  374,  483,  805,  793,  333,  834,  225,  148,  293,  885,  823,  629,  685,  508,  439,  514,  855,  377,   31,  377,  483,  835,   49,  439,  489,  648,  612,  670,  597,  797,  656,  167,  562,  465,  656,  441,  237,  355,  521,  270,  739,  238,  581,  402,  651,  172,  632,  413,  529,  796,  367,  249,  274,  254],
        [  361,    0,  252,  682,  585,  677,  628,  711,  274,  623,  541,  714,  270,  145,  546,  867,  515,  847,  418,  386,  219,  349,  118,  270,  720,  315,    0,  649,  390,  684,  393,  633,  232,  274,  615,  647,  711,  187,  719,  167,  109,  648,  361,  506,  851,  666,  225,  656,  478,  162,  114,  510,  493,  525,  308,  343,  560,  765,  467,  263,  549,  663,  250,  560,  212,  145,  337,  533,  252,  222,  648,  553,  456,  607,  494,  625,  178,  288,  523,  834,  632,  537,  448,  461,  605,  589,  751,  461,  383,  323,  500,  289,  824,  189,  342,  582,  446,  843,  268,  536,  184,  348,  572,  473,  296,  629,  375,  151,  484,  457,  342,  402,  382,  425,  241,  511,  478,  134,  301,  442,  343,  471,  333,   98,  218,  535,  227,  561,  369,  243],
        [  351,    0,  598,   48,   92,  697,  691,   87,  501,  162,  221,  111,  462,  672,  277,  231,  769,  199,  273,  344,  640,  934,  555,  678,  135,  677,  649,    0,  335,  757,  524,  246,  867,  380,  501,  180,  378,  673,  632,  506,  619,  260,  441,  387,  203,  301,  434,  770,  385,  561,  739,  149,  203,  180,  346,  448,  253,  160,  332,  672,  104,  201,  841,  749,  472,  517,  805,  261,  889,  757,  268,  276,  599,  362,  527,  473,  478,  408,  644,  223,  718,  726,  525,  763,  776,  752,  163,  308,  674,  379,  256,  928,  181,  467,  672,  476,  208,  199,  654,  291,  632,  648,   78,  366,  847,  326,  583,  663,  174,  214,  760,  255,  453,  328,  847,  546,  547,  734,  564,  278,  695,  665,  641,  682,  671,  568,  424,  751,  405,  453],
        [   30,    0,  470,  380,  317,  767,  422,  367,  170,  248,  368,  359,  140,  474,  415,  512,  727,  514,  279,  326,  314,  728,  342,  540,  453,  342,  390,  335,    0,  807,  493,  461,  573,  217,  294,  268,  590,  354,  750,  314,  411,  480,  402,  150,  517,  516,  255,  490,  125,  382,  500,  191,  135,  318,  204,  113,  171,  488,  391,  341,  268,  280,  529,  738,  179,  246,  657,  144,  596,  569,  259,  163,  585,  231,  240,  598,  272,  299,  652,  468,  443,  712,  219,  434,  477,  754,  485,  365,  596,  300,  113,  677,  513,  265,  338,  258,  153,  499,  322,  147,  461,  560,  273,  425,  658,  508,  527,  353,  242,  127,  632,  125,  127,   38,  625,  263,  561,  436,  469,   62,  590,  348,  546,  459,  509,  608,  214,  445,   73,  150],
        [  789,    0,  433,  746,  669,   70, 1210,  842,  839,  872,  539,  867,  801,  555,  481,  956,  214,  888,  548,  485,  875,  638,  592,  430,  698,  970,  684,  757,  807,    0,  323,  529,  860,  601, 1100,  901,  447,  861,  180,  572,  575,  522,  408,  954,  892,  493,  586, 1264,  931,  533,  655,  735,  787,  588,  606,  862,  897,  730,  444,  925,  686,  925,  919,  146,  740,  699,  457,  882,  871,  540,  966,  909,  236, 1007, 1034,  297,  603,  517,  166,  970, 1226,  159,  999, 1116, 1231,  114,  706,  472,  310,  509,  848,  756,  824,  602,  990, 1064,  705,  913,  922,  907,  503,  339,  714,  406,  563,  449,  315,  825,  640,  745,  405,  701,  901,  838,  646, 1057,  247,  814,  390,  808,  361, 1087,  353,  608,  481,  202,  630, 1189,  851,  757],
        [  472,    0,  159,  530,  432,  298,  888,  609,  516,  600,  315,  628,  478,  295,  277,  749,  251,  697,  264,  191,  562,  492,  285,  211,  517,  654,  393,  524,  493,  323,    0,  364,  603,  280,  786,  630,  376,  553,  327,  256,  289,  369,   94,  642,  701,  366,  263,  942,  617,  231,  401,  456,  495,  344,  289,  540,  603,  559,  197,  612,  430,  653,  641,  248,  418,  381,  321,  584,  619,  331,  681,  611,   93,  705,  713,  249,  282,  196,  161,  746,  903,  222,  677,  799,  908,  263,  537,  217,  156,  194,  548,  555,  646,  280,  672,  750,  412,  711,  607,  606,  235,  140,  460,  171,  399,  316,   64,  520,  369,  450,  264,  397,  579,  525,  446,  736,   87,  526,  100,  501,  192,  765,  139,  341,  240,  144,  307,  867,  531,  434],
        [  462,    0,  489,  224,  176,  464,  872,  324,  590,  393,  100,  353,  545,  602,   92,  428,  581,  361,  223,  250,  705,  840,  519,  561,  171,  769,  633,  246,  461,  529,  364,    0,  865,  373,  703,  417,  138,  722,  390,  468,  565,   20,  313,  568,  365,   59,  412,  946,  556,  497,  693,  295,  366,  144,  347,  564,  459,  206,  180,  748,  216,  440,  867,  547,  523,  537,  681,  455,  885,  667,  499,  478,  415,  576,  694,  234,  458,  347,  441,  445,  896,  527,  678,  885,  937,  543,  183,  176,  518,  311,  434,  874,  300,  449,  774,  673,  309,  385,  734,  486,  548,  503,  233,  195,  748,   82,  427,  701,  220,  344,  625,  339,  586,  473,  775,  716,  353,  749,  438,  424,  554,  808,  500,  629,  573,  357,  427,  905,  530,  516],
        [  546,    0,  448,  903,  809,  866,  676,  922,  417,  819,  771,  921,  435,  312,  777, 1075,  665, 1063,  648,  617,  287,  332,  348,  432,  947,  342,  232,  867,  573,  860,  603,  865,    0,  502,  729,  840,  940,  237,  924,  398,  317,  880,  585,  655, 1067,  897,  455,  675,  629,  382,  207,  723,  694,  753,  534,  493,  741,  991,  697,  297,  770,  852,   99,  723,  401,  350,  433,  714,   23,  326,  824,  728,  651,  761,  595,  845,  408,  519,  710, 1037,  669,  704,  551,  448,  612,  754,  978,  692,  552,  555,  686,  189, 1045,  418,  372,  702,  660, 1055,  316,  709,  371,  524,  790,  702,  342,  859,  572,  225,  708,  663,  468,  614,  521,  602,  247,  605,  684,  138,  505,  632,  501,  511,  512,  263,  382,  739,  450,  571,  530,  426],
        [  194,    0,  260,  410,  311,  566,  611,  449,  251,  385,  276,  456,  208,  298,  295,  605,  510,  578,  151,  148,  339,  561,  175,  335,  447,  416,  274,  380,  217,  601,  280,  373,  502,    0,  509,  413,  472,  352,  567,  128,  241,  390,  194,  367,  582,  415,   55,  668,  341,  190,  360,  252,  258,  253,   34,  262,  354,  491,  232,  386,  278,  433,  496,  523,  162,  164,  459,  331,  523,  388,  441,  357,  372,  441,  434,  431,   98,   85,  440,  580,  627,  496,  400,  549,  640,  540,  477,  216,  381,   97,  294,  548,  551,   88,  427,  472,  189,  577,  374,  347,  268,  345,  303,  255,  480,  387,  310,  329,  211,  214,  426,  153,  301,  252,  470,  457,  355,  379,  253,  239,  378,  498,  331,  302,  313,  406,   55,  601,  252,  168],
        [  315,    0,  752,  546,  533, 1057,  205,  478,  341,  343,  625,  454,  352,  730,  680,  567, 1018,  607,  561,  616,  443,  963,  606,  817,  635,  398,  615,  501,  294, 1100,  786,  703,  729,  509,    0,  334,  841,  494, 1033,  589,  669,  722,  695,  146,  609,  762,  540,  287,  170,  655,  728,  409,  340,  569,  497,  276,  249,  656,  673,  435,  488,  323,  652, 1031,  420,  489,  924,  249,  749,  823,  252,  228,  878,  142,  135,  876,  547,  592,  945,  504,  235, 1004,  178,  383,  314, 1048,  663,  646,  884,  594,  271,  878,  639,  542,  373,   37,  411,  577,  415,  218,  731,  847,  476,  709,  907,  766,  819,  514,  495,  370,  908,  403,  235,  262,  854,  130,  854,  603,  758,  296,  873,  268,  833,  703,  779,  900,  496,  307,  265,  391],
        [  295,    0,  666,  221,  244,  845,  534,  144,  434,   30,  368,  121,  407,  707,  428,  256,  880,  280,  367,  440,  578,  970,  578,  744,  311,  589,  647,  180,  268,  901,  630,  417,  840,  413,  334,    0,  553,  620,  793,  537,  647,  434,  539,  248,  282,  475,  466,  615,  258,  602,  752,  175,  157,  314,  383,  364,  113,  326,  459,  598,  217,   25,  795,  871,  442,  504,  870,  135,  863,  800,   89,  133,  716,  193,  389,  631,  500,  471,  770,  204,  563,  846,  400,  646,  631,  879,  336,  431,  768,  452,  156,  935,  305,  490,  577,  315,  228,  254,  578,  154,  680,  736,  191,  496,  891,  493,  682,  620,  264,  200,  833,  261,  353,  242,  872,  404,  672,  703,  645,  209,  777,  538,  726,  703,  725,  703,  439,  612,  321,  415],
        [  588,    0,  526,  349,  314,  379, 1006,  450,  707,  530,  222,  480,  661,  653,  181,  531,  547,  457,  330,  331,  811,  868,  593,  587,  276,  883,  711,  378,  590,  447,  376,  138,  940,  472,  841,  553,    0,  823,  285,  545,  628,  121,  359,  704,  460,   80,  502, 1078,  691,  560,  753,  432,  502,  275,  452,  689,  597,  297,  246,  857,  354,  576,  954,  499,  631,  634,  694,  593,  959,  704,  636,  616,  397,  714,  826,  161,  545,  426,  401,  559, 1030,  485,  808, 1006, 1067,  488,  274,  258,  517,  393,  571,  923,  390,  537,  890,  810,  441,  487,  844,  624,  595,  512,  371,  239,  775,   87,  435,  798,  352,  477,  635,  467,  714,  605,  818,  849,  334,  835,  469,  558,  563,  934,  513,  689,  611,  315,  526, 1034,  658,  629],
        [  330,    0,  430,  714,  630,  847,  463,  716,  187,  601,  624,  711,  215,  332,  646,  865,  701,  862,  500,  494,   51,  498,  270,  456,  771,  132,  187,  673,  354,  861,  553,  722,  237,  352,  494,  620,  823,    0,  877,  300,  291,  740,  501,  420,  866,  766,  324,  480,  395,  328,  276,  525,  484,  592,  376,  261,  515,  813,  579,   79,  586,  629,  176,  742,  205,  189,  520,  489,  259,  402,  595,  500,  627,  526,  361,  764,  285,  403,  697,  821,  462,  719,  316,  275,  425,  770,  804,  565,  566,  433,  464,  391,  854,  291,  161,  466,  467,  850,   90,  481,  368,  530,  601,  596,  465,  737,  547,   37,  533,  461,  529,  421,  286,  378,  390,  373,  640,  112,  472,  415,  529,  300,  515,  283,  404,  697,  298,  381,  301,  221],
        [  738,    0,  476,  613,  551,  113, 1168,  713,  817,  766,  426,  741,  774,  612,  366,  811,  350,  738,  473,  427,  882,  753,  611,  503,  552,  970,  719,  632,  750,  180,  327,  390,  924,  567, 1033,  793,  285,  877,    0,  578,  614,  379,  381,  889,  742,  344,  568, 1231,  869,  558,  718,  641,  702,  482,  562,  824,  809,  579,  361,  932,  578,  817,  967,  285,  723,  698,  568,  798,  938,  624,  867,  825,  276,  925,  987,  162,  598,  490,  229,  833, 1187,  283,  959, 1111, 1206,  260,  555,  388,  392,  470,  768,  851,  672,  594,  985,  999,  624,  767,  925,  827,  553,  409,  603,  326,  669,  308,  353,  845,  546,  665,  509,  632,  859,  775,  738, 1011,  242,  853,  421,  737,  447, 1064,  419,  661,  546,  185,  608, 1167,  805,  733],
        [  286,    0,  166,  534,  433,  552,  656,  577,  276,  509,  377,  584,  246,  171,  380,  732,  441,  704,  256,  220,  307,  434,   52,  229,  563,  399,  167,  506,  314,  572,  256,  468,  398,  128,  589,  537,  545,  300,  578,    0,  114,  482,  202,  457,  708,  500,   73,  702,  428,   69,  236,  380,  381,  365,  162,  318,  469,  609,  301,  357,  403,  556,  411,  469,  179,  128,  344,  444,  418,  263,  557,  468,  336,  544,  492,  468,   43,  122,  407,  707,  667,  443,  451,  545,  663,  493,  593,  294,  304,  157,  407,  423,  674,   50,  418,  553,  316,  704,  352,  456,  148,  266,  429,  309,  355,  463,  259,  268,  335,  338,  320,  278,  361,  351,  342,  513,  342,  292,  186,  350,  286,  520,  251,  176,  196,  399,  102,  620,  324,  203],
        [  382,    0,  144,  646,  544,  569,  709,  690,  335,  620,  479,  697,  317,   63,  474,  845,  410,  816,  363,  316,  316,  323,   70,  167,  672,  413,  109,  619,  411,  575,  289,  565,  317,  241,  669,  647,  628,  291,  614,  114,    0,  578,  270,  546,  821,  591,  186,  744,  517,   69,  129,  492,  491,  473,  275,  393,  574,  717,  390,  363,  516,  665,  353,  452,  250,  181,  257,  548,  334,  158,  663,  571,  348,  640,  559,  529,  148,  223,  414,  820,  716,  429,  515,  561,  697,  480,  701,  389,  275,  258,  512,  314,  785,  158,  438,  634,  429,  817,  365,  557,   77,  240,  542,  390,  248,  550,  267,  255,  447,  449,  249,  389,  435,  448,  229,  579,  373,  241,  194,  454,  239,  559,  225,   65,  118,  430,  209,  653,  409,  280],
        [  481,    0,  499,  236,  194,  457,  891,  337,  608,  410,  118,  366,  563,  614,  104,  435,  582,  366,  240,  264,  723,  849,  533,  569,  177,  788,  648,  260,  480,  522,  369,   20,  880,  390,  722,  434,  121,  740,  379,  482,  578,    0,  323,  587,  370,   42,  428,  965,  576,  510,  706,  314,  384,  163,  364,  583,  477,  209,  191,  766,  235,  456,  883,  545,  541,  554,  688,  474,  900,  677,  516,  497,  417,  594,  713,  227,  474,  361,  440,  455,  916,  526,  697,  904,  956,  540,  185,  190,  523,  326,  453,  886,  304,  465,  792,  692,  328,  392,  752,  505,  559,  509,  251,  203,  757,   74,  432,  718,  239,  363,  632,  358,  605,  492,  786,  735,  355,  765,  447,  443,  560,  827,  506,  642,  584,  355,  444,  924,  550,  535],
        [  383,    0,  177,  453,  352,  373,  804,  525,  439,  509,  246,  542,  399,  296,  221,  670,  342,  623,  174,  100,  502,  528,  244,  250,  450,  590,  361,  441,  402,  408,   94,  313,  585,  194,  695,  539,  359,  501,  381,  202,  270,  323,    0,  551,  627,  329,  188,  861,  526,  203,  395,  365,  402,  265,  199,  456,  510,  494,  134,  552,  344,  562,  609,  341,  343,  317,  374,  491,  603,  355,  588,  518,  186,  612,  627,  266,  218,  112,  250,  662,  821,  315,  593,  731,  831,  355,  474,  145,  234,  102,  455,  568,  577,  213,  605,  659,  318,  634,  544,  513,  239,  208,  374,  123,  436,  284,  144,  470,  280,  356,  323,  304,  494,  434,  465,  650,  161,  491,  129,  409,  256,  688,  201,  331,  262,  213,  229,  791,  444,  356],
        [  174,    0,  617,  434,  403,  912,  307,  385,  241,  245,  486,  366,  237,  608,  539,  503,  877,  527,  416,  471,  372,  853,  480,  685,  520,  359,  506,  387,  150,  954,  642,  568,  655,  367,  146,  248,  704,  420,  889,  457,  546,  587,  551,    0,  530,  627,  402,  385,   30,  524,  620,  274,  204,  430,  353,  166,  140,  546,  529,  380,  356,  247,  592,  888,  299,  370,  798,  127,  677,  703,  191,  117,  735,  106,  143,  733,  415,  449,  801,  446,  334,  861,  152,  399,  390,  904,  549,  501,  746,  449,  136,  785,  546,  408,  342,  111,  268,  502,  358,   99,  602,  709,  348,  564,  790,  627,  677,  431,  355,  229,  776,  258,  134,  117,  747,  160,  709,  521,  619,  152,  738,  290,  695,  587,  650,  754,  360,  368,  139,  268],
        [  538,    0,  792,  177,  280,  826,  812,  151,  687,  286,  387,  164,  652,  873,  431,   77,  937,    5,  468,  534,  830, 1133,  757,  871,  195,  856,  851,  203,  517,  892,  701,  365, 1067,  582,  609,  282,  460,  866,  742,  708,  821,  370,  627,  530,    0,  401,  636,  894,  537,  761,  942,  345,  384,  364,  549,  626,  391,  164,  505,  858,  306,  289, 1037,  908,  669,  718,  998,  409, 1089,  956,  358,  413,  768,  469,  671,  596,  680,  607,  802,  130,  842,  887,  679,  925,  912,  906,  188,  485,  856,  576,  419, 1130,   72,  669,  848,  594,  408,   39,  838,  433,  831,  833,  281,  534, 1045,  443,  763,  859,  374,  406,  949,  454,  623,  502, 1048,  686,  710,  933,  754,  456,  882,  819,  827,  884,  868,  719,  626,  894,  583,  648],
        [  516,    0,  503,  275,  235,  426,  930,  376,  640,  451,  150,  405,  595,  623,  121,  468,  565,  397,  267,  281,  750,  852,  550,  571,  209,  818,  666,  301,  516,  493,  366,   59,  897,  415,  762,  475,   80,  766,  344,  500,  591,   42,  329,  627,  401,    0,  449, 1003,  614,  523,  719,  354,  424,  200,  391,  618,  518,  238,  202,  795,  275,  497,  905,  525,  569,  578,  686,  514,  917,  682,  557,  537,  404,  635,  751,  197,  495,  379,  422,  490,  954,  507,  734,  938,  993,  518,  214,  206,  516,  344,  493,  895,  332,  486,  824,  732,  366,  424,  781,  545,  567,  505,  292,  206,  759,   52,  428,  743,  276,  401,  628,  394,  641,  530,  793,  773,  341,  786,  449,  481,  556,  862,  504,  655,  588,  335,  469,  961,  585,  565],
        [  229,    0,  216,  463,  363,  558,  627,  504,  254,  438,  317,  511,  215,  243,  328,  660,  479,  632,  193,  172,  319,  507,  121,  288,  496,  403,  225,  434,  255,  586,  263,  412,  455,   55,  540,  466,  502,  324,  568,   73,  186,  428,  188,  402,  636,  449,    0,  679,  375,  136,  306,  307,  310,  300,   89,  280,  402,  541,  257,  368,  331,  485,  456,  497,  156,  135,  409,  378,  476,  335,  490,  403,  352,  483,  455,  443,   48,   81,  422,  634,  641,  471,  417,  543,  646,  517,  527,  245,  345,  110,  341,  494,  604,   38,  418,  504,  243,  632,  359,  392,  216,  308,  357,  273,  426,  417,  283,  297,  264,  266,  380,  206,  321,  291,  415,  477,  344,  338,  219,  284,  336,  503,  293,  248,  262,  399,   46,  605,  277,  172],
