{
    "name": "random-40-7055",
    "comment": "size=40 seed=7055",
    "nodes": ["+0", "-0", "+1", "-1", "+2", "-2", "+3", "-3", "+4", "-4", "+5", "-5", "+6", "-6", "+7", "-7", "+8", "-8", "+9", "-9", "+10", "-10", "+11", "-11", "+12", "-12", "+13", "-13", "+14", "-14", "+15", "-15", "+16", "-16", "+17", "-17", "+18", "-18", "+19", "-19", "+20", "-20", "+21", "-21", "+22", "-22", "+23", "-23", "+24", "-24", "+25", "-25", "+26", "-26", "+27", "-27", "+28", "-28", "+29", "-29", "+30", "-30", "+31", "-31", "+32", "-32", "+33", "-33", "+34", "-34", "+35", "-35", "+36", "-36", "+37", "-37", "+38", "-38", "+39", "-39", "+40", "-40"],
    "precedence": {
        "+0": "-0",
        "+1": "-1",
        "+2": "-2",
        "+3": "-3",
        "+4": "-4",
        "+5": "-5",
        "+6": "-6",
        "+7": "-7",
        "+8": "-8",
        "+9": "-9",
        "+10": "-10",
        "+11": "-11",
        "+12": "-12",
        "+13": "-13",
        "+14": "-14",
        "+15": "-15",
        "+16": "-16",
        "+17": "-17",
        "+18": "-18",
        "+19": "-19",
        "+20": "-20",
        "+21": "-21",
        "+22": "-22",
        "+23": "-23",
        "+24": "-24",
        "+25": "-25",
        "+26": "-26",
        "+27": "-27",
        "+28": "-28",
        "+29": "-29",
        "+30": "-30",
        "+31": "-31",
        "+32": "-32",
        "+33": "-33",
        "+34": "-34",
        "+35": "-35",
        "+36": "-36",
        "+37": "-37",
        "+38": "-38",
        "+39": "-39",
        "+40": "-40"
    },
    "edges": [
        [    0,    0,  346,  397,  253,  560,  838,  102,  825,  328,  372,  382,  695,  316,  597,  424,  383,  963,  160,  297,  424,  630,  388,  857,  765,  964,  761,  573,   86,  539,  174,  563,  976,  571,  318,  395,  830,  809,  888,  417,  841,  937,  557,  425,  429,  488,  465,   94,  167,  823,  341,  435,  620,  905,  598,  805,  529,  912,  545,  599,  563,  303,  223,  573,  477,  155,  628,  445,  667,  808,  605,  907,  819,  896,  363,  486,  344,  880,  516,  388,  787,  800],
        [    0,    0,  346,  397,  253,  560,  838,  102,  825,  328,  372,  382,  695,  316,  597,  424,  383,  963,  160,  297,  424,  630,  388,  857,  765,  964,  761,  573,   86,  539,  174,  563,  976,  571,  318,  395,  830,  809,  888,  417,  841,  937,  557,  425,  429,  488,  465,   94,  167,  823,  341,  435,  620,  905,  598,  805,  529,  912,  545,  599,  563,  303,  223,  573,  477,  155,  628,  445,  667,  808,  605,  907,  819,  896,  363,  486,  344,  880,  516,  388,  787,  800],
        [  346,  346,    0,  190,  496,  843,  979,  395, 1051,   71,  629,  266,  592,  620,  645,  641,  436,  984,  479,  166,  727,  846,  719,  940,  856,  968,  637,  786,  409,  737,  172,  434,  898,  753,  120,  675,  840,  795,  905,  350,  780,  918,  617,  664,   85,  803,  281,  388,  180,  785,  503,  745,  846,  909,  285,  801,  220,  814,  554,  872,  615,  647,  399,  570,  364,  226,  615,  383,  733, 1053,  274, 1022,  848, 1078,  702,  283,  686,  787,  788,  321,  734, 1039],
        [  397,  397,  190,    0,  442,  777,  831,  398,  938,  127,  561,   96,  403,  589,  480,  549,  298,  802,  480,  100,  684,  737,  707,  773,  695,  783,  449,  679,  478,  626,  256,  244,  709,  633,   95,  619,  659,  610,  723,  179,  591,  732,  457,  582,  193,  768,   94,  394,  252,  598,  403,  707,  743,  725,  226,  617,  164,  626,  383,  798,  453,  688,  336,  394,  178,  242,  436,  208,  569,  951,  255,  863,  670,  944,  706,  102,  731,  598,  717,  156,  546,  935],
        [  253,  253,  496,  442,    0,  347,  589,  152,  579,  446,  134,  373,  579,  153,  396,  171,  240,  748,  139,  364,  242,  379,  281,  622,  530,  758,  649,  321,  301,  286,  354,  492,  815,  318,  409,  181,  628,  621,  679,  352,  680,  744,  355,  178,  565,  326,  465,  160,  339,  648,  123,  266,  372,  702,  667,  613,  605,  767,  380,  377,  365,  345,  107,  409,  420,  275,  460,  364,  449,  569,  694,  661,  608,  643,  297,  491,  387,  736,  292,  340,  625,  559],
        [  560,  560,  843,  777,  347,    0,  472,  469,  311,  792,  217,  696,  794,  246,  528,  241,  513,  766,  402,  707,  144,  205,  245,  590,  519,  796,  860,  201,  568,  238,  694,  763,  937,  273,  754,  170,  697,  723,  722,  651,  818,  814,  500,  200,  911,  137,  782,  478,  681,  770,  380,  149,  177,  755, 1000,  706,  941,  921,  577,   48,  513,  440,  450,  600,  712,  620,  632,  649,  520,  270, 1032,  565,  658,  439,  302,  809,  456,  893,   61,  650,  772,  269],
        [  838,  838,  979,  831,  589,  472,    0,  738,  268,  911,  501,  735,  607,  611,  362,  425,  544,  343,  717,  814,  566,  271,  684,  163,  164,  386,  648,  302,  888,  312,  894,  677,  590,  273,  862,  522,  347,  405,  334,  654,  517,  433,  376,  442, 1017,  602,  782,  746,  879,  461,  506,  588,  297,  370, 1005,  384,  970,  616,  463,  434,  382,  859,  630,  463,  681,  808,  450,  629,  280,  334, 1055,   94,  302,  152,  738,  803,  887,  598,  452,  675,  495,  313],
        [  102,  102,  395,  398,  152,  469,  738,    0,  725,  360,  272,  358,  640,  231,  511,  322,  310,  874,   86,  303,  339,  528,  325,  762,  669,  879,  708,  471,  159,  437,  231,  523,  907,  469,  336,  301,  746,  729,  801,  373,  771,  856,  470,  324,  473,  411,  449,    9,  219,  748,  246,  354,  519,  820,  616,  724,  548,  849,  470,  505,  478,  295,  138,  499,  439,  173,  553,  397,  577,  711,  631,  808,  731,  794,  313,  473,  338,  817,  421,  349,  717,  701],
        [  825,  825, 1051,  938,  579,  311,  268,  725,    0,  989,  454,  845,  813,  532,  537,  414,  642,  610,  676,  894,  447,  206,  555,  429,  403,  653,  866,  266,  851,  315,  928,  843,  849,  307,  943,  440,  601,  651,  596,  776,  761,  696,  531,  402, 1105,  446,  913,  734,  913,  705,  548,  458,  208,  633, 1142,  629, 1095,  864,  625,  264,  542,  750,  658,  636,  821,  845,  643,  761,  480,   71, 1185,  350,  555,  156,  612,  938,  767,  843,  328,  788,  730,   55],
        [  328,  328,   71,  127,  446,  792,  911,  360,  989,    0,  576,  197,  528,  578,  575,  582,  368,  914,  445,   98,  681,  784,  683,  870,  787,  899,  576,  725,  400,  674,  160,  370,  834,  689,   50,  626,  771,  726,  835,  280,  714,  850,  547,  608,  120,  760,  220,  354,  163,  718,  442,  701,  786,  840,  274,  732,  205,  752,  484,  819,  546,  630,  344,  500,  297,  188,  546,  314,  664,  994,  278,  953,  778, 1013,  672,  226,  671,  724,  736,  251,  668,  980],
        [  372,  372,  629,  561,  134,  217,  501,  272,  454,  576,    0,  483,  629,  117,  397,   86,  314,  714,  226,  491,  141,  262,  229,  565,  476,  732,  699,  209,  402,  189,  486,  572,  826,  230,  537,   65,  611,  619,  653,  446,  695,  730,  360,   60,  695,  226,  572,  281,  472,  655,  176,  171,  250,  680,  785,  606,  725,  791,  414,  244,  372,  367,  233,  441,  511,  408,  485,  450,  425,  439,  816,  583,  582,  533,  269,  599,  401,  761,  160,  441,  643,  429],
        [  382,  382,  266,   96,  373,  696,  735,  358,  845,  197,  483,    0,  344,  524,  386,  463,  204,  718,  433,  117,  612,  645,  648,  680,  601,  703,  401,  588,  467,  534,  277,  193,  648,  539,  149,  543,  575,  530,  639,   86,  523,  655,  362,  498,  285,  698,   94,  357,  269,  524,  318,  638,  652,  644,  305,  536,  251,  570,  291,  714,  359,  653,  269,  305,  109,  233,  350,  118,  475,  860,  343,  769,  583,  848,  653,  120,  696,  541,  636,   61,  475,  843],
        [  695,  695,  592,  403,  579,  794,  607,  640,  813,  528,  629,  344,    0,  718,  281,  565,  341,  444,  692,  461,  770,  655,  848,  486,  444,  413,   71,  617,  779,  566,  620,  159,  307,  544,  486,  692,  314,  250,  373,  283,  195,  350,  298,  610,  581,  852,  312,  642,  610,  217,  465,  799,  675,  362,  469,  266,  465,  226,  218,  792,  285,  917,  510,  195,  236,  563,  172,  251,  336,  854,  526,  598,  344,  753,  873,  316,  960,  197,  736,  314,  161,  833],
        [  316,  316,  620,  589,  153,  246,  611,  231,  532,  578,  117,  524,  718,    0,  505,  202,  386,  830,  157,  505,  109,  358,  130,  681,  592,  847,  789,  312,  324,  302,  461,  642,  933,  344,  546,   95,  725,  729,  767,  504,  800,  843,  466,  173,  695,  183,  616,  239,  449,  763,  253,  125,  341,  795,  814,  717,  749,  894,  509,  287,  478,  251,  256,  538,  572,  395,  585,  514,  539,  505,  837,  695,  697,  630,  158,  643,  285,  862,  208,  492,  747,  499],
        [  597,  597,  645,  480,  396,  528,  362,  511,  537,  575,  397,  386,  281,  505,    0,  318,  225,  367,  532,  481,  529,  376,  625,  295,  216,  368,  340,  341,  669,  292,  595,  317,  429,  267,  525,  454,  235,  226,  291,  302,  299,  348,   42,  362,  671,  605,  423,  517,  581,  259,  275,  559,  396,  310,  643,  217,  611,  398,  102,  520,   35,  738,  376,  103,  320,  515,  110,  273,   89,  575,  694,  385,  222,  494,  662,  443,  778,  369,  474,  328,  249,  554],
        [  424,  424,  641,  549,  171,  241,  425,  322,  414,  582,   86,  463,  565,  202,  318,    0,  273,  628,  293,  491,  212,  211,  311,  480,  391,  646,  633,  152,  466,  116,  514,  524,  745,  152,  539,  137,  527,  536,  567,  413,  617,  646,  283,   46,  701,  290,  545,  331,  500,  575,  146,  242,  207,  595,  768,  523,  712,  715,  347,  253,  296,  452,  245,  372,  473,  431,  412,  410,  340,  412,  803,  503,  497,  472,  354,  572,  486,  685,  180,  413,  566,  399],
        [  383,  383,  436,  298,  240,  513,  544,  310,  642,  368,  314,  204,  341,  386,  225,  273,    0,  589,  353,  271,  453,  443,  516,  512,  425,  586,  411,  387,  461,  332,  371,  259,  598,  336,  319,  378,  452,  426,  512,  141,  462,  555,  190,  314,  476,  539,  276,  314,  357,  441,  139,  481,  451,  526,  503,  424,  453,  540,  163,  525,  192,  577,  174,  190,  200,  290,  245,  137,  308,  658,  544,  588,  445,  649,  536,  303,  620,  508,  452,  147,  407,  641],
        [  963,  963,  984,  802,  748,  766,  343,  874,  610,  914,  714,  718,  444,  830,  367,  628,  589,    0,  886,  827,  822,  565,  934,  185,  248,   50,  448,  568, 1032,  547,  955,  578,  279,  505,  866,  758,  144,  197,   80,  635,  270,  119,  406,  663,  993,  880,  724,  881,  942,  229,  632,  849,  592,   83,  910,  186,  898,  337,  437,  738,  401, 1077,  740,  417,  626,  878,  369,  601,  300,  676,  967,  271,  145,  481,  980,  736, 1113,  333,  729,  666,  285,  654],
        [  160,  160,  479,  480,  139,  402,  717,   86,  676,  445,  226,  433,  692,  157,  532,  293,  353,  886,    0,  386,  265,  487,  240,  759,  667,  895,  761,  434,  176,  408,  313,  586,  944,  445,  421,  240,  765,  756,  816,  437,  808,  879,  491,  284,  558,  331,  526,   92,  302,  780,  258,  276,  475,  839,  700,  748,  632,  891,  506,  441,  500,  226,  183,  535,  505,  258,  588,  457,  587,  654,  716,  793,  746,  758,  228,  550,  270,  860,  359,  417,  754,  647],
        [  297,  297,  166,  100,  364,  707,  814,  303,  894,   98,  491,  117,  461,  505,  481,  491,  271,  827,  386,    0,  604,  690,  618,  775,  691,  814,  516,  630,  379,  579,  165,  307,  765,  593,   50,  544,  684,  642,  748,  194,  640,  768,  452,  518,  212,  686,  177,  299,  159,  638,  348,  626,  692,  754,  314,  646,  247,  687,  392,  732,  451,  590,  259,  411,  225,  143,  459,  228,  569,  901,  334,  857,  688,  915,  613,  193,  632,  657,  650,  162,  591,  886],
        [  424,  424,  727,  684,  242,  144,  566,  339,  447,  681,  141,  612,  770,  109,  529,  212,  453,  822,  265,  604,    0,  298,  119,  659,  576,  844,  839,  266,  426,  275,  569,  711,  956,  318,  647,   78,  731,  745,  767,  582,  827,  851,  494,  168,  800,   87,  703,  348,  557,  785,  315,   31,  275,  797,  909,  731,  846,  926,  554,  189,  507,  305,  349,  580,  648,  501,  622,  588,  546,  411,  936,  655,  698,  561,  174,  730,  327,  896,  122,  574,  777,  409],
        [  630,  630,  846,  737,  379,  205,  271,  528,  206,  784,  262,  645,  655,  358,  376,  211,  443,  565,  487,  690,  298,    0,  416,  386,  320,  597,  715,   60,  663,  112,  724,  661,  754,  114,  739,  265,  507,  542,  525,  580,  644,  620,  360,  205,  901,  332,  717,  537,  709,  592,  343,  319,   28,  560,  945,  523,  895,  749,  450,  174,  372,  598,  454,  466,  630,  640,  485,  568,  344,  216,  986,  363,  466,  273,  471,  743,  623,  723,  182,  589,  603,  199],
        [  388,  388,  719,  707,  281,  245,  684,  325,  555,  683,  229,  648,  848,  130,  625,  311,  516,  934,  240,  618,  119,  416,    0,  774,  690,  955,  918,  384,  367,  390,  551,  772, 1054,  433,  656,  177,  838,  847,  876,  632,  923,  957,  588,  272,  797,  120,  741,  331,  541,  883,  383,  100,  393,  905,  931,  834,  865, 1018,  637,  292,  600,  197,  380,  665,  700,  496,  710,  643,  651,  513,  951,  773,  807,  676,   58,  767,  213,  988,  237,  619,  871,  513],
        [  857,  857,  940,  773,  622,  590,  163,  762,  429,  870,  565,  680,  486,  681,  295,  480,  512,  185,  759,  775,  659,  386,  774,    0,   93,  225,  516,  397,  919,  385,  881,  584,  430,  342,  820,  601,  195,  258,  172,  595,  367,  271,  325,  510,  964,  710,  710,  769,  867,  312,  517,  685,  414,  208,  921,  237,  895,  461,  391,  559,  325,  931,  637,  381,  606,  798,  351,  565,  207,  493,  975,  115,  151,  310,  824,  727,  965,  446,  558,  622,  354,  471],
        [  765,  765,  856,  695,  530,  519,  164,  669,  403,  787,  476,  601,  444,  592,  216,  391,  425,  248,  667,  691,  576,  320,  690,   93,    0,  278,  484,  320,  826,  301,  791,  521,  449,  258,  737,  515,  199,  249,  207,  517,  360,  304,  240,  422,  885,  632,  637,  676,  777,  304,  424,  603,  347,  242,  855,  228,  825,  462,  316,  492,  243,  842,  545,  311,  534,  708,  290,  489,  127,  460,  907,  170,  154,  313,  738,  656,  876,  442,  481,  541,  334,  438],
        [  964,  964,  968,  783,  758,  796,  386,  879,  653,  899,  732,  703,  413,  847,  368,  646,  586,   50,  895,  814,  844,  597,  955,  225,  278,    0,  412,  596, 1036,  571,  948,  554,  230,  530,  851,  778,  134,  174,   80,  620,  231,   73,  409,  683,  973,  906,  703,  884,  935,  196,  639,  872,  624,   61,  881,  168,  872,  290,  429,  770,  402, 1091,  743,  406,  606,  873,  355,  586,  310,  717,  938,  318,  151,  527,  999,  713, 1129,  288,  756,  652,  253,  696],
        [  761,  761,  637,  449,  649,  860,  648,  708,  866,  576,  699,  401,   71,  789,  340,  633,  411,  448,  761,  516,  839,  715,  918,  516,  484,  412,    0,  680,  845,  630,  677,  209,  268,  606,  537,  762,  331,  265,  384,  345,  182,  343,  362,  678,  618,  921,  357,  710,  668,  221,  536,  869,  736,  367,  485,  284,  491,  180,  286,  856,  349,  986,  579,  261,  293,  625,  232,  316,  387,  910,  543,  630,  368,  796,  943,  356, 1030,  156,  803,  376,  168,  889],
        [  573,  573,  786,  679,  321,  201,  302,  471,  266,  725,  209,  588,  617,  312,  341,  152,  387,  568,  434,  630,  266,   60,  384,  397,  320,  596,  680,    0,  609,   56,  664,  612,  738,   75,  679,  221,  496,  524,  521,  525,  622,  613,  320,  150,  841,  314,  662,  480,  650,  572,  284,  290,   65,  554,  890,  507,  839,  726,  406,  183,  332,  558,  394,  425,  577,  581,  449,  515,  322,  273,  930,  390,  458,  325,  437,  688,  586,  699,  162,  533,  578,  257],
        [   86,   86,  409,  478,  301,  568,  888,  159,  851,  400,  402,  467,  779,  324,  669,  466,  461, 1032,  176,  379,  426,  663,  367,  919,  826, 1036,  845,  609,    0,  581,  241,  648, 1057,  616,  396,  413,  903,  885,  959,  501,  922, 1012,  628,  459,  493,  478,  549,  152,  238,  901,  404,  431,  650,  978,  673,  880,  604,  994,  623,  610,  635,  244,  294,  651,  562,  238,  706,  530,  735,  827,  675,  961,  889,  934,  331,  569,  280,  963,  530,  473,  867,  821],
        [  539,  539,  737,  626,  286,  238,  312,  437,  315,  674,  189,  534,  566,  302,  292,  116,  332,  547,  408,  579,  275,  112,  390,  385,  301,  571,  630,   56,  581,    0,  621,  557,  700,   44,  628,  217,  464,  487,  494,  470,  580,  582,  269,  130,  790,  335,  607,  445,  606,  532,  234,  303,  120,  526,  835,  470,  784,  683,  353,  228,  282,  552,  349,  373,  522,  536,  399,  459,  283,  327,  876,  394,  428,  359,  439,  633,  583,  655,  189,  478,  534,  310],
        [  174,  174,  172,  256,  354,  694,  894,  231,  928,  160,  486,  277,  620,  461,  595,  514,  371,  955,  313,  165,  569,  724,  551,  881,  791,  948,  677,  664,  241,  621,    0,  470,  919,  644,  164,  525,  815,  781,  877,  341,  790,  909,  560,  529,  255,  641,  341,  223,   15,  783,  392,  585,  720,  888,  434,  782,  364,  845,  520,  727,  562,  476,  272,  542,  385,   86,  595,  375,  678,  922,  435,  949,  813,  975,  532,  356,  516,  814,  643,  309,  739,  910],
        [  563,  563,  434,  244,  492,  763,  677,  523,  843,  370,  572,  193,  159,  642,  317,  524,  259,  578,  586,  307,  711,  661,  772,  584,  521,  554,  209,  612,  648,  557,  470,    0,  465,  547,  329,  636,  439,  382,  502,  150,  349,  496,  313,  567,  425,  797,  155,  523,  461,  362,  397,  740,  675,  498,  338,  393,  320,  383,  220,  770,  303,  811,  405,  214,   88,  421,  233,  130,  397,  873,  393,  688,  458,  810,  788,  161,  855,  354,  703,  176,  308,  853],
        [  976,  976,  898,  709,  815,  937,  590,  907,  849,  834,  826,  648,  307,  933,  429,  745,  598,  279,  944,  765,  956,  754, 1054,  430,  449,  230,  268,  738, 1057,  700,  919,  465,    0,  664,  792,  882,  251,  214,  258,  579,  137,  164,  467,  788,  884, 1028,  618,  911,  909,  171,  693,  985,  780,  223,  750,  232,  758,   92,  439,  920,  456, 1160,  770,  410,  540,  857,  356,  545,  417,  908,  807,  536,  296,  739, 1090,  620, 1201,  113,  889,  611,  191,  886],
        [  571,  571,  753,  633,  318,  273,  273,  469,  307,  689,  230,  539,  544,  344,  267,  152,  336,  505,  445,  593,  318,  114,  433,  342,  258,  530,  606,   75,  616,   44,  644,  547,  664,    0,  642,  260,  425,  451,  454,  471,  547,  543,  247,  172,  803,  376,  608,  478,  629,  498,  253,  345,  131,  486,  837,  433,  789,  651,  336,  258,  260,  594,  373,  354,  518,  559,  375,  457,  248,  327,  879,  353,  388,  331,  483,  633,  626,  624,  228,  482,  503,  309],
        [  318,  318,  120,   95,  409,  754,  862,  336,  943,   50,  537,  149,  486,  546,  525,  539,  319,  866,  421,   50,  647,  739,  656,  820,  737,  851,  537,  679,  396,  628,  164,  329,  792,  642,    0,  589,  723,  679,  787,  232,  670,  803,  497,  566,  163,  728,  185,  331,  162,  672,  397,  669,  741,  792,  283,  684,  214,  711,  434,  779,  496,  616,  305,  451,  253,  168,  498,  266,  614,  949,  296,  903,  729,  964,  648,  196,  658,  683,  696,  201,  622,  935],
        [  395,  395,  675,  619,  181,  170,  522,  301,  440,  626,   65,  543,  692,   95,  454,  137,  378,  758,  240,  544,   78,  265,  177,  601,  515,  778,  762,  221,  413,  217,  525,  636,  882,  260,  589,    0,  662,  673,  700,  509,  753,  781,  419,   96,  745,  162,  633,  310,  512,  711,  240,  108,  247,  729,  843,  660,  782,  851,  477,  205,  431,  338,  286,  503,  574,  451,  545,  513,  475,  416,  873,  608,  631,  536,  223,  660,  367,  820,  121,  503,  702,  409],
        [  830,  830,  840,  659,  628,  697,  347,  746,  601,  771,  611,  575,  314,  725,  235,  527,  452,  144,  765,  684,  731,  507,  838,  195,  199,  134,  331,  496,  903,  464,  815,  439,  251,  425,  723,  662,    0,   67,   65,  492,  173,  120,  276,  566,  850,  798,  582,  752,  802,  118,  508,  760,  534,   75,  773,   49,  758,  269,  296,  676,  269,  966,  610,  275,  483,  739,  226,  458,  187,  658,  829,  309,   47,  498,  879,  595, 1004,  252,  653,  523,  165,  636],
        [  809,  809,  795,  610,  621,  723,  405,  729,  651,  726,  619,  530,  250,  729,  226,  536,  426,  197,  756,  642,  745,  542,  847,  258,  249,  174,  265,  524,  885,  487,  781,  382,  214,  451,  679,  673,   67,    0,  124,  449,  112,  130,  267,  578,  800,  816,  530,  734,  768,   56,  499,  775,  567,  116,  714,   22,  702,  214,  265,  706,  257,  964,  592,  240,  433,  708,  186,  414,  204,  706,  770,  373,  107,  557,  886,  541, 1003,  194,  675,  481,   98,  684],
        [  888,  888,  905,  723,  679,  722,  334,  801,  596,  835,  653,  639,  373,  767,  291,  567,  512,   80,  816,  748,  767,  525,  876,  172,  207,   80,  384,  521,  959,  494,  877,  502,  258,  454,  787,  700,   65,  124,    0,  556,  213,  100,  332,  604,  915,  829,  647,  807,  864,  165,  560,  795,  552,   37,  836,  110,  822,  296,  359,  697,  325, 1012,  666,  338,  547,  800,  290,  522,  231,  658,  892,  279,   72,  481,  920,  659, 1049,  286,  681,  587,  218,  636],
        [  417,  417,  350,  179,  352,  651,  654,  373,  776,  280,  446,   86,  283,  504,  302,  413,  141,  635,  437,  194,  582,  580,  632,  595,  517,  620,  345,  525,  501,  470,  341,  150,  579,  471,  232,  509,  492,  449,  556,    0,  450,  575,  279,  452,  370,  668,  138,  374,  331,  446,  272,  609,  590,  561,  366,  453,  321,  505,  206,  664,  275,  663,  258,  220,   69,  282,  267,   35,  391,  796,  410,  685,  498,  771,  645,  163,  707,  475,  590,   33,  399,  778],
        [  841,  841,  780,  591,  680,  818,  517,  771,  761,  714,  695,  523,  195,  800,  299,  617,  462,  270,  808,  640,  827,  644,  923,  367,  360,  231,  182,  622,  922,  580,  790,  349,  137,  547,  670,  753,  173,  112,  213,  450,    0,  161,  335,  660,  773,  903,  503,  775,  779,   57,  558,  857,  669,  190,  660,  134,  659,  105,  303,  804,  323, 1024,  634,  274,  418,  725,  220,  415,  301,  815,  718,  481,  217,  668,  958,  509, 1066,   82,  767,  483,   55,  793],
        [  937,  937,  918,  732,  744,  814,  433,  856,  696,  850,  730,  655,  350,  843,  348,  646,  555,  119,  879,  768,  851,  620,  957,  271,  304,   73,  343,  613, 1012,  582,  909,  496,  164,  543,  803,  781,  120,  130,  100,  575,  161,    0,  389,  686,  919,  917,  648,  861,  897,  135,  622,  879,  647,   64,  818,  133,  812,  218,  394,  791,  381, 1083,  719,  369,  555,  837,  315,  540,  306,  758,  875,  374,  156,  579,  998,  656, 1122,  216,  770,  607,  190,  736],
        [  557,  557,  617,  457,  355,  500,  376,  470,  531,  547,  360,  362,  298,  466,   42,  283,  190,  406,  491,  452,  494,  360,  588,  325,  240,  409,  362,  320,  628,  269,  560,  313,  467,  247,  497,  419,  276,  267,  332,  279,  335,  389,    0,  328,  646,  572,  406,  476,  546,  298,  234,  524,  378,  351,  631,  258,  594,  433,   94,  495,   14,  697,  335,  107,  306,  478,  132,  253,  119,  565,  680,  408,  262,  501,  623,  428,  737,  402,  445,  302,  284,  545],
        [  425,  425,  664,  582,  178,  200,  442,  324,  402,  608,   60,  498,  610,  173,  362,   46,  314,  663,  284,  518,  168,  205,  272,  510,  422,  683,  678,  150,  459,  130,  529,  567,  788,  172,  566,   96,  566,  578,  604,  452,  660,  686,  328,    0,  727,  245,  583,  333,  515,  618,  181,  198,  195,  634,  802,  564,  745,  759,  392,  217,  340,  423,  266,  417,  513,  448,  457,  450,  380,  393,  837,  524,  535,  475,  317,  609,  456,  729,  139,  451,  610,  382],
        [  429,  429,   85,  193,  565,  911, 1017,  473, 1105,  120,  695,  285,  581,  695,  671,  701,  476,  993,  558,  212,  800,  901,  797,  964,  885,  973,  618,  841,  493,  790,  255,  425,  884,  803,  163,  745,  850,  800,  915,  370,  773,  919,  646,  727,    0,  878,  272,  467,  263,  785,  559,  819,  903,  915,  214,  808,  156,  797,  574,  939,  643,  731,  463,  587,  368,  302,  628,  400,  760, 1111,  194, 1053,  862, 1123,  783,  265,  770,  772,  855,  344,  732, 1097],
        [  488,  488,  803,  768,  326,  137,  602,  411,  446,  760,  226,  698,  852,  183,  605,  290,  539,  880,  331,  686,   87,  332,  120,  710,  632,  906,  921,  314,  478,  335,  641,  797, 1028,  376,  728,  162,  798,  816,  829,  668,  903,  917,  572,  245,  878,    0,  788,  418,  630,  858,  401,   61,  306,  861,  993,  801,  929, 1003,  635,  183,  585,  314,  433,  661,  734,  577,  701,  674,  614,  399, 1018,  694,  763,  576,  174,  815,  325,  973,  153,  660,  853,  400],
        [  465,  465,  281,   94,  465,  782,  782,  449,  913,  220,  572,   94,  312,  616,  423,  545,  276,  724,  526,  177,  703,  717,  741,  710,  637,  703,  357,  662,  549,  607,  341,  155,  618,  608,  185,  633,  582,  530,  647,  138,  503,  648,  406,  583,  272,  788,    0,  448,  335,  514,  402,  729,  726,  646,  229,  539,  189,  534,  322,  797,  400,  743,  362,  329,  104,  312,  364,  155,  511,  933,  275,  806,  597,  904,  746,   27,  787,  507,  721,  133,  461,  915],
        [   94,   94,  388,  394,  160,  478,  746,    9,  734,  354,  281,  357,  642,  239,  517,  331,  314,  881,   92,  299,  348,  537,  331,  769,  676,  884,  710,  480,  152,  445,  223,  523,  911,  478,  331,  310,  752,  734,  807,  374,  775,  861,  476,  333,  467,  418,  448,    0,  212,  753,  253,  362,  528,  826,  611,  729,  543,  852,  475,  514,  483,  296,  143,  503,  439,  167,  558,  398,  583,  719,  626,  815,  737,  803,  318,  471,  340,  820,  430,  349,  721,  710],
        [  167,  167,  180,  252,  339,  681,  879,  219,  913,  163,  472,  269,  610,  449,  581,  500,  357,  942,  302,  159,  557,  709,  541,  867,  777,  935,  668,  650,  238,  606,   15,  461,  909,  629,  162,  512,  802,  768,  864,  331,  779,  897,  546,  515,  263,  630,  335,  212,    0,  771,  377,  573,  706,  875,  436,  769,  366,  835,  507,  714,  548,  470,  257,  529,  376,   71,  582,  365,  664,  907,  439,  934,  800,  960,  523,  351,  510,  804,  629,  298,  728,  896],
        [  823,  823,  785,  598,  648,  770,  461,  748,  705,  718,  655,  524,  217,  763,  259,  575,  441,  229,  780,  638,  785,  592,  883,  312,  304,  196,  221,  572,  901,  532,  783,  362,  171,  498,  672,  711,  118,   56,  165,  446,   57,  135,  298,  618,  785,  858,  514,  753,  771,    0,  526,  815,  617,  147,  685,   78,  678,  160,  279,  754,  286,  993,  611,  251,  422,  714,  196,  411,  250,  760,  743,  426,  162,  612,  920,  522, 1033,  138,  720,  478,   57,  738],
        [  341,  341,  503,  403,  123,  380,  506,  246,  548,  442,  176,  318,  465,  253,  275,  146,  139,  632,  258,  348,  315,  343,  383,  517,  424,  639,  536,  284,  404,  234,  392,  397,  693,  253,  397,  240,  508,  499,  560,  272,  558,  622,  234,  181,  559,  401,  402,  253,  377,  526,    0,  343,  345,  582,  622,  491,  566,  647,  260,  397,  243,  467,  125,  288,  336,  306,  339,  274,  333,  553,  658,  569,  490,  584,  408,  429,  509,  615,  320,  270,  504,  539],
        [  435,  435,  745,  707,  266,  149,  588,  354,  458,  701,  171,  638,  799,  125,  559,  242,  481,  849,  276,  626,   31,  319,  100,  685,  603,  872,  869,  290,  431,  303,  585,  740,  985,  345,  669,  108,  760,  775,  795,  609,  857,  879,  524,  198,  819,   61,  729,  362,  573,  815,  343,    0,  295,  825,  933,  760,  869,  956,  584,  195,  537,  292,  372,  610,  676,  519,  652,  616,  575,  418,  958,  678,  727,  577,  156,  755,  311,  926,  139,  601,  807,  417],
        [  620,  620,  846,  743,  372,  177,  297,  519,  208,  786,  250,  652,  675,  341,  396,  207,  451,  592,  475,  692,  275,   28,  393,  414,  347,  624,  736,   65,  650,  120,  720,  675,  780,  131,  741,  247,  534,  567,  552,  590,  669,  647,  378,  195,  903,  306,  726,  528,  706,  617,  345,  295,    0,  587,  954,  549,  903,  773,  467,  146,  391,  577,  452,  484,  641,  637,  505,  579,  368,  209,  994,  389,  493,  290,  448,  752,  601,  747,  157,  597,  627,  194],
        [  905,  905,  909,  725,  702,  755,  370,  820,  633,  840,  680,  644,  362,  795,  310,  595,  526,   83,  839,  754,  797,  560,  905,  208,  242,   61,  367,  554,  978,  526,  888,  498,  223,  486,  792,  729,   75,  116,   37,  561,  190,   64,  351,  634,  915,  861,  646,  826,  875,  147,  582,  825,  587,    0,  828,  108,  817,  266,  369,  731,  343, 1037,  684,  346,  548,  813,  296,  527,  257,  694,  885,  313,   99,  517,  948,  656, 1075,  258,  713,  593,  203,  672],
        [  598,  598,  285,  226,  667, 1000, 1005,  616, 1142,  274,  785,  305,  469,  814,  643,  768,  503,  910,  700,  314,  909,  945,  931,  921,  855,  881,  485,  890,  673,  835,  434,  338,  750,  837,  283,  843,  773,  714,  836,  366,  660,  818,  631,  802,  214,  993,  229,  611,  436,  685,  622,  933,  954,  828,    0,  727,   70,  659,  543, 1018,  624,  898,  561,  544,  326,  450,  570,  383,  729, 1161,   58, 1023,  795, 1131,  927,  205,  940,  639,  940,  357,  629, 1144],
        [  805,  805,  801,  617,  613,  706,  384,  724,  629,  732,  606,  536,  266,  717,  217,  523,  424,  186,  748,  646,  731,  523,  834,  237,  228,  168,  284,  507,  880,  470,  782,  393,  232,  433,  684,  660,   49,   22,  110,  453,  134,  133,  258,  564,  808,  801,  539,  729,  769,   78,  491,  760,  549,  108,  727,    0,  713,  235,  264,  688,  249,  954,  587,  240,  441,  708,  188,  419,  188,  685,  783,  352,   86,  535,  873,  550,  993,  215,  659,  485,  118,  663],
        [  529,  529,  220,  164,  605,  941,  970,  548, 1095,  205,  725,  251,  465,  749,  611,  712,  453,  898,  632,  247,  846,  895,  865,  895,  825,  872,  491,  839,  604,  784,  364,  320,  758,  789,  214,  782,  758,  702,  822,  321,  659,  812,  594,  745,  156,  929,  189,  543,  366,  678,  566,  869,  903,  817,   70,  713,    0,  669,  510,  961,  588,  829,  498,  515,  291,  381,  546,  342,  698, 1111,   92,  994,  777, 1091,  859,  169,  871,  646,  881,  307,  623, 1094],
        [  912,  912,  814,  626,  767,  921,  616,  849,  864,  752,  791,  570,  226,  894,  398,  715,  540,  337,  891,  687,  926,  749, 1018,  461,  462,  290,  180,  726,  994,  683,  845,  383,   92,  651,  711,  851,  269,  214,  296,  505,  105,  218,  433,  759,  797, 1003,  534,  852,  835,  160,  647,  956,  773,  266,  659,  235,  669,    0,  388,  908,  420, 1112,  713,  359,  462,  786,  309,  473,  406,  919,  717,  573,  314,  766, 1051,  534, 1154,   32,  869,  538,  150,  897],
        [  545,  545,  554,  383,  380,  577,  463,  470,  625,  484,  414,  291,  218,  509,  102,  347,  163,  437,  506,  392,  554,  450,  637,  391,  316,  429,  286,  406,  623,  353,  520,  220,  439,  336,  434,  477,  296,  265,  359,  206,  303,  394,   94,  392,  574,  635,  322,  475,  507,  279,  260,  584,  467,  369,  543,  264,  510,  388,    0,  576,   84,  724,  333,   30,  219,  444,   84,  175,  189,  658,  593,  485,  296,  593,  666,  342,  766,  356,  519,  234,  248,  638],
        [  599,  599,  872,  798,  377,   48,  434,  505,  264,  819,  244,  714,  792,  287,  520,  253,  525,  738,  441,  732,  189,  174,  292,  559,  492,  770,  856,  183,  610,  228,  727,  770,  920,  258,  779,  205,  676,  706,  697,  664,  804,  791,  495,  217,  939,  183,  797,  514,  714,  754,  397,  195,  146,  731, 1018,  688,  961,  908,  576,    0,  508,  487,  476,  598,  724,  651,  626,  660,  504,  223, 1053,  527,  636,  394,  349,  824,  503,  881,   85,  665,  760,  222],
        [  563,  563,  615,  453,  365,  513,  382,  478,  542,  546,  372,  359,  285,  478,   35,  296,  192,  401,  500,  451,  507,  372,  600,  325,  243,  402,  349,  332,  635,  282,  562,  303,  456,  260,  496,  431,  269,  257,  325,  275,  323,  381,   14,  340,  643,  585,  400,  483,  548,  286,  243,  537,  391,  343,  624,  249,  588,  420,   84,  508,    0,  708,  342,   95,  299,  481,  119,  248,  119,  577,  673,  411,  257,  509,  635,  421,  748,  390,  458,  299,  271,  557],
        [  303,  303,  647,  688,  345,  440,  859,  295,  750,  630,  367,  653,  917,  251,  738,  452,  577, 1077,  226,  590,  305,  598,  197,  931,  842, 1091,  986,  558,  244,  552,  476,  811, 1160,  594,  616,  338,  966,  964, 1012,  663, 1024, 1083,  697,  423,  731,  314,  743,  296,  470,  993,  467,  292,  577, 1037,  898,  954,  829, 1112,  724,  487,  708,    0,  409,  753,  730,  450,  805,  683,  782,  708,  907,  945,  941,  864,  141,  767,   45, 1080,  426,  641,  970,  708],
        [  223,  223,  399,  336,  107,  450,  630,  138,  658,  344,  233,  269,  510,  256,  376,  245,  174,  740,  183,  259,  349,  454,  380,  637,  545,  743,  579,  394,  294,  349,  272,  405,  770,  373,  305,  286,  610,  592,  666,  258,  634,  719,  335,  266,  463,  433,  362,  143,  257,  611,  125,  372,  452,  684,  561,  587,  498,  713,  333,  476,  342,  409,    0,  361,  327,  187,  416,  276,  445,  656,  588,  692,  597,  704,  388,  388,  453,  681,  392,  241,  580,  644],
        [  573,  573,  570,  394,  409,  600,  463,  499,  636,  500,  441,  305,  195,  538,  103,  372,  190,  417,  535,  411,  580,  466,  665,  381,  311,  406,  261,  425,  651,  373,  542,  214,  410,  354,  451,  503,  275,  240,  338,  220,  274,  369,  107,  417,  587,  661,  329,  503,  529,  251,  288,  610,  484,  346,  544,  240,  515,  359,   30,  598,   95,  753,  361,    0,  226,  469,   56,  188,  185,  672,  597,  479,  278,  597,  695,  347,  795,  327,  542,  250,  219,  651],
        [  477,  477,  364,  178,  420,  712,  681,  439,  821,  297,  511,  109,  236,  572,  320,  473,  200,  626,  505,  225,  648,  630,  700,  606,  534,  606,  293,  577,  562,  522,  385,   88,  540,  518,  253,  574,  483,  433,  547,   69,  418,  555,  306,  513,  368,  734,  104,  439,  376,  422,  336,  676,  641,  548,  326,  441,  291,  462,  219,  724,  299,  730,  327,  226,    0,  334,  262,   64,  408,  845,  375,  703,  496,  805,  713,  123,  774,  433,  652,   91,  371,  827],
        [  155,  155,  226,  242,  275,  620,  808,  173,  845,  188,  408,  233,  563,  395,  515,  431,  290,  878,  258,  143,  501,  640,  496,  798,  708,  873,  625,  581,  238,  536,   86,  421,  857,  559,  168,  451,  739,  708,  800,  282,  725,  837,  478,  448,  302,  577,  312,  167,   71,  714,  306,  519,  637,  813,  450,  708,  381,  786,  444,  651,  481,  450,  187,  469,  334,    0,  522,  314,  596,  841,  461,  864,  735,  889,  484,  332,  492,  755,  566,  250,  673,  828],
        [  628,  628,  615,  436,  460,  632,  450,  553,  643,  546,  485,  350,  172,  585,  110,  412,  245,  369,  588,  459,  622,  485,  710,  351,  290,  355,  232,  449,  706,  399,  595,  233,  356,  375,  498,  545,  226,  186,  290,  267,  220,  315,  132,  457,  628,  701,  364,  558,  582,  196,  339,  652,  505,  296,  570,  188,  546,  309,   84,  626,  119,  805,  416,   56,  262,  522,    0,  233,  171,  683,  624,  456,  235,  590,  742,  379,  847,  278,  576,  298,  166,  662],
        [  445,  445,  383,  208,  364,  649,  629,  397,  761,  314,  450,  118,  251,  514,  273,  410,  137,  601,  457,  228,  588,  568,  643,  565,  489,  586,  316,  515,  530,  459,  375,  130,  545,  457,  266,  513,  458,  414,  522,   35,  415,  540,  253,  450,  400,  674,  155,  398,  365,  411,  274,  616,  579,  527,  383,  419,  342,  473,  175,  660,  248,  683,  276,  188,   64,  314,  233,    0,  362,  783,  429,  657,  465,  750,  659,  178,  727,  442,  589,   68,  365,  765],
        [  667,  667,  733,  569,  449,  520,  280,  577,  480,  664,  425,  475,  336,  539,   89,  340,  308,  300,  587,  569,  546,  344,  651,  207,  127,  310,  387,  322,  735,  283,  678,  397,  417,  248,  614,  475,  187,  204,  231,  391,  301,  306,  119,  380,  760,  614,  511,  583,  664,  250,  333,  575,  368,  257,  729,  188,  698,  406,  189,  504,  119,  782,  445,  185,  408,  596,  171,  362,    0,  526,  781,  296,  160,  419,  693,  530,  819,  380,  472,  416,  260,  504],
        [  808,  808, 1053,  951,  569,  270,  334,  711,   71,  994,  439,  860,  854,  505,  575,  412,  658,  676,  654,  901,  411,  216,  513,  493,  460,  717,  910,  273,  827,  327,  922,  873,  908,  327,  949,  416,  658,  706,  658,  796,  815,  758,  565,  393, 1111,  399,  933,  719,  907,  760,  553,  418,  209,  694, 1161,  685, 1111,  919,  658,  223,  577,  708,  656,  672,  845,  841,  683,  783,  526,    0, 1202,  419,  613,  226,  569,  958,  723,  896,  297,  805,  781,   23],
        [  605,  605,  274,  255,  694, 1032, 1055,  631, 1185,  278,  816,  343,  526,  837,  694,  803,  544,  967,  716,  334,  936,  986,  951,  975,  907,  938,  543,  930,  675,  876,  435,  393,  807,  879,  296,  873,  829,  770,  892,  410,  718,  875,  680,  837,  194, 1018,  275,  626,  439,  743,  658,  958,  994,  885,   58,  783,   92,  717,  593, 1053,  673,  907,  588,  597,  375,  461,  624,  429,  781, 1202,    0, 1075,  851, 1179,  944,  253,  948,  696,  972,  398,  687, 1185],
        [  907,  907, 1022,  863,  661,  565,   94,  808,  350,  953,  583,  769,  598,  695,  385,  503,  588,  271,  793,  857,  655,  363,  773,  115,  170,  318,  630,  390,  961,  394,  949,  688,  536,  353,  903,  608,  309,  373,  279,  685,  481,  374,  408,  524, 1053,  694,  806,  815,  934,  426,  569,  678,  389,  313, 1023,  352,  994,  573,  485,  527,  411,  945,  692,  479,  703,  864,  456,  657,  296,  419, 1075,    0,  266,  212,  826,  825,  974,  559,  543,  709,  469,  399],
        [  819,  819,  848,  670,  608,  658,  302,  731,  555,  778,  582,  583,  344,  697,  222,  497,  445,  145,  746,  688,  698,  466,  807,  151,  154,  151,  368,  458,  889,  428,  813,  458,  296,  388,  729,  631,   47,  107,   72,  498,  217,  156,  262,  535,  862,  763,  597,  737,  800,  162,  490,  727,  493,   99,  795,   86,  777,  314,  296,  636,  257,  941,  597,  278,  496,  735,  235,  465,  160,  613,  851,  266,    0,  452,  850,  611,  978,  297,  615,  528,  204,  591],
        [  896,  896, 1078,  944,  643,  439,  152,  794,  156, 1013,  533,  848,  753,  630,  494,  472,  649,  481,  758,  915,  561,  273,  676,  310,  313,  527,  796,  325,  934,  359,  975,  810,  739,  331,  964,  536,  498,  557,  481,  771,  668,  579,  501,  475, 1123,  576,  904,  803,  960,  612,  584,  577,  290,  517, 1131,  535, 1091,  766,  593,  394,  509,  864,  704,  597,  805,  889,  590,  750,  419,  226, 1179,  212,  452,    0,  732,  927,  887,  749,  439,  789,  646,  210],
        [  363,  363,  702,  706,  297,  302,  738,  313,  612,  672,  269,  653,  873,  158,  662,  354,  536,  980,  228,  613,  174,  471,   58,  824,  738,  999,  943,  437,  331,  439,  532,  788, 1090,  483,  648,  223,  879,  886,  920,  645,  958,  998,  623,  317,  783,  174,  746,  318,  523,  920,  408,  156,  448,  948,  927,  873,  859, 1051,  666,  349,  635,  141,  388,  695,  713,  484,  742,  659,  693,  569,  944,  826,  850,  732,    0,  771,  155, 1020,  294,  628,  905,  570],
        [  486,  486,  283,  102,  491,  809,  803,  473,  938,  226,  599,  120,  316,  643,  443,  572,  303,  736,  550,  193,  730,  743,  767,  727,  656,  713,  356,  688,  569,  633,  356,  161,  620,  633,  196,  660,  595,  541,  659,  163,  509,  656,  428,  609,  265,  815,   27,  471,  351,  522,  429,  755,  752,  656,  205,  550,  169,  534,  342,  824,  421,  767,  388,  347,  123,  332,  379,  178,  530,  958,  253,  825,  611,  927,  771,    0,  811,  508,  748,  159,  468,  941],
