{
    "name": "random-93-20473",
    "comment": "size=93 seed=20473",
    "nodes": ["+0", "-0", "+1", "-1", "+2", "-2", "+3", "-3", "+4", "-4", "+5", "-5", "+6", "-6", "+7", "-7", "+8", "-8", "+9", "-9", "+10", "-10", "+11", "-11", "+12", "-12", "+13", "-13", "+14", "-14", "+15", "-15", "+16", "-16", "+17", "-17", "+18", "-18", "+19", "-19", "+20", "-20", "+21", "-21", "+22", "-22", "+23", "-23", "+24", "-24", "+25", "-25", "+26", "-26", "+27", "-27", "+28", "-28", "+29", "-29", "+30", "-30", "+31", "-31", "+32", "-32", "+33", "-33", "+34", "-34", "+35", "-35", "+36", "-36", "+37", "-37", "+38", "-38", "+39", "-39", "+40", "-40", "+41", "-41", "+42", "-42", "+43", "-43", "+44", "-44", "+45", "-45", "+46", "-46", "+47", "-47", "+48", "-48", "+49", "-49", "+50", "-50", "+51", "-51", "+52", "-52", "+53", "-53", "+54", "-54", "+55", "-55", "+56", "-56", "+57", "-57", "+58", "-58", "+59", "-59", "+60", "-60", "+61", "-61", "+62", "-62", "+63", "-63", "+64", "-64", "+65", "-65", "+66", "-66", "+67", "-67", "+68", "-68", "+69", "-69", "+70", "-70", "+71", "-71", "+72", "-72", "+73", "-73", "+74", "-74", "+75", "-75", "+76", "-76", "+77", "-77", "+78", "-78", "+79", "-79", "+80", "-80", "+81", "-81", "+82", "-82", "+83", "-83", "+84", "-84", "+85", "-85", "+86", "-86", "+87", "-87", "+88", "-88", "+89", "-89", "+90", "-90", "+91", "-91", "+92", "-92", "+93", "-93"],
    "precedence": {
        "+0": "-0",
        "+1": "-1",
        "+2": "-2",
        "+3": "-3",
        "+4": "-4",
        "+5": "-5",
        "+6": "-6",
        "+7": "-7",
        "+8": "-8",
        "+9": "-9",
        "+10": "-10",
        "+11": "-11",
        "+12": "-12",
        "+13": "-13",
        "+14": "-14",
        "+15": "-15",
        "+16": "-16",
        "+17": "-17",
        "+18": "-18",
        "+19": "-19",
        "+20": "-20",
        "+21": "-21",
        "+22": "-22",
        "+23": "-23",
        "+24": "-24",
        "+25": "-25",
        "+26": "-26",
        "+27": "-27",
        "+28": "-28",
        "+29": "-29",
        "+30": "-30",
        "+31": "-31",
        "+32": "-32",
        "+33": "-33",
        "+34": "-34",
        "+35": "-35",
        "+36": "-36",
        "+37": "-37",
        "+38": "-38",
        "+39": "-39",
        "+40": "-40",
        "+41": "-41",
        "+42": "-42",
        "+43": "-43",
        "+44": "-44",
        "+45": "-45",
        "+46": "-46",
        "+47": "-47",
        "+48": "-48",
        "+49": "-49",
        "+50": "-50",
        "+51": "-51",
        "+52": "-52",
        "+53": "-53",
        "+54": "-54",
        "+55": "-55",
        "+56": "-56",
        "+57": "-57",
        "+58": "-58",
        "+59": "-59",
        "+60": "-60",
        "+61": "-61",
        "+62": "-62",
        "+63": "-63",
        "+64": "-64",
        "+65": "-65",
        "+66": "-66",
        "+67": "-67",
        "+68": "-68",
        "+69": "-69",
        "+70": "-70",
        "+71": "-71",
        "+72": "-72",
        "+73": "-73",
        "+74": "-74",
        "+75": "-75",
        "+76": "-76",
        "+77": "-77",
        "+78": "-78",
        "+79": "-79",
        "+80": "-80",
        "+81": "-81",
        "+82": "-82",
        "+83": "-83",
        "+84": "-84",
        "+85": "-85",
        "+86": "-86",
        "+87": "-87",
        "+88": "-88",
        "+89": "-89",
        "+90": "-90",
        "+91": "-91",
        "+92": "-92",
        "+93": "-93"
    },
    "edges": [
        [    0,    0,  992,  517,   57,  816,  454, 1048,  259,  768,  308,  194,  200,  541,  932,  916,  135,  278,  862,  406,  445,  270,  597,  572,  532,  658,  266,  858,  758,  516,  654,  763,  666,  635, 1114,  510,  142,  406,  411,  642,  209,  206,  879,  770,  731,  971,  495,  453,  843,  449,  669,   98,  441,  441, 1022,  881,  285,  347,  236,  416,  764,  567,  666,  380,  553,  790,  975,   85,  895,  907,  692,  619,  531,  606,  445, 1035,  254,  170,  333,  428,  421,  249,  590,  692,  858,  553,  101,  259,  553,  428,  111,   28,  628,  257, 1107,  236,  963,  239, 1024, 1114,  315,  523,  407,  439,  757,  378,  670,  814,  211,  514,  587,  907,  377,  475,  772, 1047,  253,  330,  371,  893,  992,  775, 1034, 1112,  706,  769,  719,  476,  580,  419,  678,  768,  244,  929,  780,  286,  456,   75,  889,  947,  474,  639,  339,   23,  993, 1051,  368,  379,  277, 1019,   46,  784,  254,  531,  426,  361,  511,  186,  731,   53,  782,  270,  901,  281,  547,  626,  653,  380,  710,  775,  219,  560,  924,  585,  774,  146,  451,  554,  402,  237,  572,  854,  845, 1041,  420,  580,  613,  248],
        [    0,    0,    0,    0,    0,    0,    0,    0,    0,    0,    0,    0,    0,    0,    0,    0,    0,    0,    0,    0,    0,    0,    0,    0,    0,    0,    0,    0,    0,    0,    0,    0,    0,    0,    0,    0,    0,    0,    0,    0,    0,    0,    0,    0,    0,    0,    0,    0,    0,    0,    0,    0,    0,    0,    0,    0,    0,    0,    0,    0,    0,    0,    0,    0,    0,    0,    0,    0,    0,    0,    0,    0,    0,    0,    0,    0,    0,    0,    0,    0,    0,    0,    0,    0,    0,    0,    0,    0,    0,    0,    0,    0,    0,    0,    0,    0,    0,    0,    0,    0,    0,    0,    0,    0,    0,    0,    0,    0,    0,    0,    0,    0,    0,    0,    0,    0,    0,    0,    0,    0,    0,    0,    0,    0,    0,    0,    0,    0,    0,    0,    0,    0,    0,    0,    0,    0,    0,    0,    0,    0,    0,    0,    0,    0,    0,    0,    0,    0,    0,    0,    0,    0,    0,    0,    0,    0,    0,    0,    0,    0,    0,    0,    0,    0,    0,    0,    0,    0,    0,    0,    0,    0,    0,    0,    0,    0,    0,    0,    0,    0,    0,    0,    0,    0,    0,    0,    0,    0],
        [  992,    0,    0,  548, 1049,  465,  963,   57, 1004,  425,  769,  975, 1081,  706,   64,  346, 1084,  725,  136,  908,  572,  723,  676,  481,  555,  695, 1064,  219,  472,  488,  648,  827,  448,  361,  189,  810,  890,  587, 1033,  351,  828, 1051,  117,  308,  426,   94,  547,  558,  522,  804,  922,  904,  703,  555,  234,  331, 1178,  995,  866,  991,  242,  489,  935,  630,  976,  634,  926, 1013,  220,  751,  605,  938,  596,  460,  652,  266,  791,  823,  836,  602,  698, 1176,  403,  422,  200,  672, 1073,  766,  660,  619, 1056,  966,  406, 1014,  132,  975,  353, 1182,  248,  147,  681,  670,  595,  556,  678,  617,  653,  204, 1096,  544,  501,  793,  692,  582,  933,   95,  788,  692, 1001,  683,  208,  918,  176,  125,  892,  388,  821,  519,  694,  577,  315,  268,  808,  926,  217, 1106,  896, 1024,  571,  201,  519,  355, 1068, 1010,   59,   61,  848,  614, 1083,  149,  975,  501, 1044,  467, 1035,  786,  513,  807,  391,  947,  424,  801,  321,  928,  564,  494,  767,  672,  283,  592,  979,  600,  443,  619,  300,  858,  706,  604,  729,  760,  552,  142,  189,   58,  852,  601,  741, 1154],
        [  517,    0,  548,    0,  571,  622,  717,  604,  642,  252,  234,  586,  670,  199,  501,  638,  639,  247,  415,  647,  308,  277,  592,  375,  415,  653,  691,  507,  575,  269,  228,  814,  149,  218,  714,  287,  386,  189,  743,  257,  436,  652,  433,  268,  215,  564,  352,  105,  680,  265,  816,  420,  487,  235,  670,  598,  771,  681,  334,  716,  387,  379,  823,  152,  784,  709, 1005,  569,  549,  863,  614,  797,  460,  397,  104,  695,  425,  364,  289,   94,  150,  750,  211,  176,  495,  553,  615,  259,  542,   89,  611,  490,  143,  649,  678,  608,  680,  746,  678,  691,  228,  526,  152,  230,  714,  192,  245,  347,  685,   10,  420,  887,  153,  376,  886,  627,  271,  188,  698,  812,  634,  878,  653,  673,  819,  526,  782,  227,  211,  243,  287,  426,  440,  978,  378,  729,  668,  572,  744,  591,  207,  232,  730,  539,  571,  608,  300,  235,  709,  630,  518,  618,  670,  247,  753,  239,  319,  353,  486,  487,  564,  271,  610,  592,  444,  111,  317,  386,  299,  671,  602,  494,  698,  147,  463,  421,  162,  492,  181,  338,   75,  409,  369,  584,  610,  126,  654,  738],
        [   57,    0, 1049,  571,    0,  866,  471, 1104,  267,  821,  356,  210,  185,  585,  989,  968,  104,  333,  918,  430,  500,  327,  638,  626,  583,  698,  261,  913,  808,  571,  699,  795,  719,  692, 1170,  547,  190,  463,  418,  698,  257,  200,  935,  826,  785, 1027,  548,  509,  891,  488,  693,  152,  485,  497, 1077,  933,  255,  359,  276,  429,  821,  620,  690,  436,  571,  832, 1005,   90,  950,  946,  737,  641,  579,  659,  496, 1089,  302,  226,  372,  483,  469,  212,  647,  746,  914,  595,   64,  312,  597,  482,   90,   84,  684,  263, 1163,  250, 1015,  198, 1078, 1170,  371,  567,  463,  496,  798,  435,  715,  871,  192,  568,  639,  943,  428,  526,  797, 1103,  304,  385,  381,  934, 1047,  802, 1089, 1169,  733,  821,  751,  532,  624,  475,  735,  824,  291,  959,  836,  273,  481,   72,  934, 1002,  530,  696,  338,   40, 1049, 1108,  404,  436,  268, 1075,   85,  832,  253,  587,  433,  404,  566,  242,  783,  105,  833,  317,  954,  304,  597,  678,  692,  431,  766,  819,  233,  607,  974,  633,  828,  199,  497,  602,  448,  292,  624,  910,  901, 1097,  450,  629,  651,  217],
        [  816,    0,  465,  622,  866,    0,  594,  491,  712,  689,  739,  713,  819,  821,  415,  149,  856,  633,  433,  560,  397,  601,  279,  271,  287,  265,  771,  250,   59,  373,  830,  368,  634,  429,  443,  901,  776,  510,  681,  382,  610,  783,  434,  566,  663,  378,  338,  551,   66,  864,  485,  760,  393,  444,  309,  141,  898,  666,  807,  636,  310,  272,  499,  587,  573,  171,  468,  798,  246,  294,  175,  514,  287,  240,  697,  300,  564,  674,  831,  604,  735,  915,  415,  626,  272,  302,  863,  692,  295,  634,  834,  796,  531,  723,  492,  695,  182,  929,  301,  485,  586,  320,  548,  449,  219,  538,  843,  475,  832,  613,  240,  334,  691,  347,  477,  439,  720,  643,  663,  228,  302,  460,  361,  518,  445,  104,  370,  426,  832,  457,  369,  253,  576,  464,  347,  810,  528,  814,  129,  278,  443,  414,  745,  827,  418,  493,  862,  499,  787,  367,  782,   46,  754,  384,  677,  794,  341,  657,  139,  764,   61,  751,  158,  633,  270,  653,  935,  437,  383,  131,  705,  263,  110,  760,  201,  673,  765,  269,  758,  597,  677,  428,  501,  519,  505,  738,  324,  885],
        [  454,    0,  963,  717,  471,  594,    0, 1008,  209,  937,  630,  262,  322,  847,  900,  736,  398,  515,  865,   71,  441,  469,  316,  487,  411,  340,  242,  762,  548,  523,  930,  364,  836,  691, 1012,  864,  527,  530,   93,  666,  320,  289,  877,  873,  899,  903,  436,  614,  585,  804,  232,  476,  266,  501,  886,  715,  357,  118,  619,   52,  726,  478,  226,  574,  100,  481,  557,  382,  784,  542,  421,  176,  368,  505,  709,  884,  308,  440,  704,  632,  713,  395,  641,  851,  775,  301,  428,  554,  312,  654,  392,  453,  749,  216, 1039,  221,  774,  417,  881, 1038,  506,  296,  566,  505,  430,  527,  948,  855,  327,  709,  463,  526,  651,  399,  337,  978,  573,  576,  100,  556,  869,  344,  925, 1057,  281,  607,  323,  528,  880,  485,  690,  696,  298,  507,  760,  266,   69,  400,  602,  832,  542,  684,  181,  447,  938, 1012,  744,  483,  250,  922,  409,  549,  237,  553,   86,  704,  477,  436,  588,  416,  593,  608,  736,  175,  400,  818,  979,  340,  725,  491,  239,  366,  696,  847,  670,  384,  752,  362,  712,  409,  792,  857,  890, 1021,  116,  831,  278,  362],
        [ 1048,    0,   57,  604, 1104,  491, 1008,    0, 1055,  472,  826, 1027, 1134,  760,  116,  361, 1138,  781,  192,  954,  625,  779,  716,  530,  602,  730, 1115,  253,  503,  541,  697,  856,  501,  417,  153,  864,  946,  643, 1080,  406,  881, 1104,  174,  360,  475,  114,  597,  614,  545,  859,  958,  960,  750,  610,  229,  352, 1231, 1043,  923, 1038,  293,  538,  971,  686, 1018,  661,  945, 1068,  246,  771,  640,  977,  641,  507,  708,  259,  844,  879,  892,  658,  754, 1229,  459,  474,  237,  714, 1128,  823,  702,  675, 1111, 1021,  461, 1065,   82, 1027,  361, 1235,  243,   99,  737,  714,  651,  610,  707,  673,  702,  259, 1149,  600,  547,  814,  748,  632,  964,   69,  844,  749, 1049,  702,  211,  948,  165,   69,  925,  422,  853,  574,  747,  632,  370,  314,  861,  948,  270, 1158,  941, 1078,  590,  216,  575,  411, 1117, 1066,   74,    4,  904,  669, 1134,  143, 1030,  529, 1095,  521, 1081,  842,  564,  862,  429, 1003,  454,  858,  339,  979,  610,  547,  816,  723,  339,  620, 1031,  644,  457,  672,  340,  912,  761,  648,  785,  815,  606,  199,  242,   45,  899,  654,  779, 1206],
        [  259,    0, 1004,  642,  267,  712,  209, 1055,    0,  886,  496,   69,  119,  731,  941,  839,  190,  405,  888,  183,  435,  368,  446,  529,  464,  492,   61,  827,  658,  522,  830,  558,  781,  681, 1087,  726,  361,  474,  153,  669,  207,   84,  902,  850,  847,  960,  458,  549,  720,  664,  438,  305,  324,  472,  974,  811,  187,   93,  459,  164,  763,  522,  433,  491,  307,  636,  759,  179,  857,  725,  555,  383,  438,  557,  605,  979,  226,  301,  554,  549,  597,  207,  630,  802,  834,  413,  220,  425,  419,  564,  185,  264,  712,   11, 1099,   36,  883,  225,  972, 1102,  415,  392,  497,  473,  592,  458,  847,  860,  127,  636,  523,  714,  539,  425,  543, 1038,  435,  470,  115,  726,  950,  549, 1001, 1112,  483,  697,  514,  506,  767,  450,  701,  747,  210,  711,  789,  103,  234,  196,  751,  908,  513,  679,   92,  248,  990, 1058,  593,  430,   79,  993,  216,  671,   43,  548,  168,  565,  492,  304,  667,  232,  695,  466,  832,   80,  465,  752,  857,  333,  736,  634,   45,  453,  821,  750,  735,  237,  634,  448,  589,  305,  712,  880,  894, 1059,  222,  739,  436,  175],
        [  768,    0,  425,  252,  821,  689,  937,  472,  886,    0,  473,  833,  920,  317,  403,  648,  890,  498,  321,  868,  501,  525,  752,  511,  574,  803,  937,  490,  658,  429,  231,  964,  106,  278,  613,  420,  634,  415,  975,  322,  680,  901,  335,  132,   40,  480,  523,  337,  754,  433,  999,  671,  685,  436,  617,  613, 1022,  916,  571,  944,  386,  518, 1008,  400,  991,  819, 1131,  820,  526,  969,  742,  990,  625,  517,  331,  648,  663,  615,  505,  344,  368, 1001,  317,   87,  470,  722,  866,  509,  710,  340,  862,  741,  192,  893,  553,  851,  680,  997,  629,  569,  475,  702,  389,  433,  839,  428,  233,  246,  935,  256,  555, 1002,  396,  556, 1052,  518,  518,  439,  931,  909,  582, 1041,  578,  537,  991,  585,  940,  412,  293,  453,  324,  442,  679, 1113,  355,  976,  881,  824,  818,  549,  396,  291,  971,  790,  469,  475,  501,  461,  955,  551,  770,  701,  916,  398,  983,  455,  482,  604,  555,  739,  629,  513,  617,  829,  600,  143,  347,  598,  306,  776,  847,  652,  732,  229,  493,  671,  356,  652,  397,  584,  201,  319,  243,  438,  825,  219,  821,  988],
        [  308,    0,  769,  234,  356,  739,  630,  826,  496,  473,    0,  431,  490,  238,  717,  794,  440,  126,  634,  563,  350,  173,  616,  469,  471,  683,  531,  690,  683,  370,  347,  829,  378,  415,  922,  235,  167,  230,  628,  440,  311,  481,  653,  502,  440,  772,  409,  217,  786,  174,  788,  215,  470,  296,  859,  754,  585,  560,  100,  613,  576,  468,  791,  157,  716,  779, 1039,  376,  732,  924,  676,  753,  500,  500,  143,  879,  325,  197,   94,  168,  114,  554,  385,  407,  682,  570,  409,   76,  563,  152,  413,  284,  369,  500,  896,  463,  840,  546,  864,  907,  161,  538,  198,  291,  766,  202,  363,  572,  504,  235,  504,  938,   81,  413,  877,  841,   62,   96,  581,  887,  824,  874,  853,  894,  806,  660,  790,  317,  276,  284,  476,  601,  333, 1002,  578,  563,  599,  375,  845,  779,  303,  424,  588,  331,  785,  829,  130,  244,  547,  832,  322,  721,  513,  367,  640,   75,  399,  197,  617,  293,  688,   40,  771,  470,  498,  333,  361,  365,  498,  749,  452,  536,  833,  277,  625,  261,  144,  532,   96,  224,  273,  627,  597,  809,  545,  273,  663,  549],
        [  194,    0,  975,  586,  210,  713,  262, 1027,   69,  833,  431,    0,  109,  666,  912,  833,  152,  345,  854,  222,  403,  310,  458,  509,  449,  511,  105,  808,  657,  489,  767,  593,  728,  641, 1068,  659,  292,  426,  218,  633,  156,   77,  870,  805,  794,  936,  434,  497,  727,  597,  485,  236,  320,  431,  960,  802,  204,  154,  391,  223,  735,  502,  481,  435,  362,  652,  800,  121,  840,  752,  564,  432,  430,  539,  544,  967,  185,  236,  486,  493,  534,  207,  590,  750,  813,  420,  173,  361,  425,  505,  138,  197,  664,   71, 1076,   42,  878,  218,  959, 1079,  359,  396,  445,  432,  612,  407,  784,  822,  124,  581,  508,  746,  476,  403,  589, 1014,  369,  410,  177,  748,  935,  594,  983, 1087,  526,  687,  549,  466,  703,  409,  666,  724,  168,  753,  759,  143,  274,  138,  762,  892,  472,  640,  159,  186,  964, 1031,  525,  383,  123,  973,  150,  674,   85,  513,  233,  499,  464,  241,  655,  164,  690,  400,  823,   97,  455,  696,  791,  307,  701,  646,   25,  450,  822,  689,  717,  172,  570,  445,  524,  249,  654,  846,  856, 1029,  249,  679,  459,  181],
        [  200,    0, 1081,  670,  185,  819,  322, 1134,  119,  920,  490,  109,    0,  727, 1018,  941,   86,  424,  959,  301,  510,  396,  559,  617,  558,  608,   85,  916,  764,  594,  834,  676,  815,  742, 1177,  705,  332,  521,  251,  737,  255,   37,  974,  900,  882, 1044,  542,  587,  831,  644,  553,  278,  427,  533, 1069,  910,  102,  204,  431,  273,  842,  610,  547,  521,  418,  751,  876,  117,  948,  843,  667,  497,  538,  647,  616, 1076,  290,  308,  528,  577,  599,   98,  692,  839,  921,  524,  124,  427,  529,  585,   95,  217,  759,  110, 1183,  126,  986,  111, 1068, 1187,  446,  501,  536,  533,  708,  500,  851,  924,   16,  665,  617,  833,  546,  512,  658, 1122,  430,  486,  224,  843, 1043,  665, 1092, 1194,  600,  796,  632,  569,  765,  510,  771,  832,  274,  827,  865,   89,  352,  126,  864, 1000,  573,  742,  161,  181, 1072, 1137,  565,  482,   87, 1082,  170,  780,   85,  617,  266,  551,  572,  317,  763,  198,  798,  454,  931,  190,  563,  781,  845,  415,  805,  748,  114,  557,  928,  760,  825,  249,  633,  552,  585,  340,  734,  951,  957, 1134,  339,  752,  553,   73],
        [  541,    0,  706,  199,  585,  821,  847,  760,  731,  317,  238,  666,  727,    0,  668,  834,  674,  334,  580,  778,  485,  379,  771,  569,  601,  835,  768,  698,  773,  461,  119,  993,  259,  411,  884,  105,  400,  353,  855,  453,  536,  718,  597,  401,  297,  738,  536,  282,  878,  122,  979,  451,  649,  413,  855,  794,  822,  789,  310,  836,  577,  572,  984,  285,  926,  902, 1192,  613,  739, 1055,  805,  952,  642,  593,  144,  881,  541,  431,  220,  238,  135,  789,  410,  287,  683,  729,  641,  306,  720,  209,  649,  518,  320,  735,  838,  696,  876,  779,  864,  853,  343,  700,  309,  408,  903,  341,  132,  505,  741,  209,  613, 1077,  197,  554, 1057,  793,  298,  272,  809, 1007,  819, 1051,  832,  828,  988,  725,  958,  414,   39,  414,  480,  620,  552, 1161,  563,  800,  808,  610,  942,  777,  395,  425,  822,  563,  739,  763,  202,  392,  784,  807,  559,  816,  749,  442,  867,  182,  509,  428,  685,  530,  763,  274,  806,  698,  630,  213,  134,  542,  487,  865,  687,  677,  896,   90,  660,  495,   97,  675,  143,  440,  160,  575,  518,  732,  751,  106,  830,  785],
        [  932,    0,   64,  501,  989,  415,  900,  116,  941,  403,  717,  912, 1018,  668,    0,  307, 1022,  667,   89,  844,  509,  664,  616,  418,  491,  636, 1001,  165,  417,  425,  618,  772,  413,  305,  217,  771,  833,  528,  970,  291,  765,  988,   72,  278,  398,   78,  483,  503,  475,  761,  864,  846,  640,  494,  222,  287, 1115,  931,  813,  928,  179,  426,  876,  574,  915,  582,  880,  952,  175,  705,  548,  878,  533,  396,  605,  255,  728,  763,  787,  549,  650, 1114,  344,  388,  144,  610, 1012,  710,  598,  568,  995,  906,  358,  951,  180,  912,  322, 1119,  235,  191,  623,  608,  538,  495,  624,  558,  624,  165, 1033,  496,  438,  747,  640,  518,  878,  127,  733,  637,  937,  637,  190,  863,  176,  181,  834,  333,  765,  458,  659,  516,  254,  206,  745,  878,  154, 1043,  833,  962,  527,  170,  459,  297, 1004,  950,   71,  120,  801,  554, 1019,  149,  914,  449,  980,  405,  972,  737,  449,  747,  332,  887,  370,  747,  280,  865,  501,  455,  737,  608,  224,  539,  916,  538,  404,  582,  241,  796,  661,  542,  681,  699,  511,   94,  161,  121,  789,  563,  681, 1091],
        [  916,    0,  346,  638,  968,  149,  736,  361,  839,  648,  794,  833,  941,  834,  307,    0,  970,  701,  351,  697,  476,  677,  421,  346,  388,  413,  899,  160,  188,  427,  822,  512,  615,  424,  296,  924,  857,  566,  821,  381,  715,  906,  346,  517,  629,  253,  422,  587,  189,  895,  633,  849,  516,  505,  162,   41, 1025,  801,  873,  775,  267,  350,  647,  638,  720,  312,  584,  908,  134,  410,  321,  662,  403,  312,  727,  152,  671,  761,  882,  641,  769, 1038,  428,  600,  183,  438,  972,  758,  429,  669,  946,  893,  521,  850,  351,  819,   48, 1050,  153,  343,  653,  452,  597,  509,  364,  597,  833,  410,  954,  629,  330,  453,  734,  442,  620,  303,  786,  699,  800,  341,  159,  604,  217,  380,  592,  148,  517,  479,  838,  523,  356,  216,  684,  588,  294,  940,  669,  922,  229,  146,  492,  409,  880,  929,  292,  363,  907,  566,  916,  228,  885,  194,  882,  428,  818,  839,  412,  744,  186,  864,  145,  813,   31,  760,  379,  643,  935,  539,  356,  277,  828,  387,   98,  762,  175,  771,  793,  392,  795,  686,  679,  348,  428,  396,  641,  740,  471, 1010],
        [  135,    0, 1084,  639,  104,  856,  398, 1138,  190,  890,  440,  152,   86,  674, 1022,  970,    0,  393,  957,  369,  519,  375,  609,  636,  583,  662,  169,  932,  799,  598,  786,  743,  787,  735, 1192,  643,  275,  508,  333,  735,  261,  111,  974,  883,  853, 1054,  559,  566,  874,  583,  628,  226,  465,  530, 1090,  938,  152,  281,  370,  352,  849,  630,  622,  495,  496,  803,  947,   73,  966,  904,  713,  572,  571,  668,  574, 1100,  303,  278,  467,  547,  552,  115,  687,  812,  935,  570,   41,  386,  573,  551,   29,  157,  740,  183, 1192,  185, 1016,  108, 1090, 1198,  424,  544,  516,  530,  763,  483,  802,  917,   91,  635,  642,  897,  505,  532,  733, 1131,  383,  452,  302,  899, 1063,  739, 1109, 1201,  671,  824,  698,  566,  713,  507,  771,  845,  288,  899,  869,  172,  420,   67,  912, 1019,  568,  737,  246,  113, 1079, 1142,  501,  473,  172, 1096,  121,  819,  165,  618,  348,  495,  583,  291,  789,  152,  830,  402,  959,  248,  593,  749,  787,  434,  804,  795,  169,  594,  966,  715,  843,  230,  583,  588,  534,  327,  698,  950,  949, 1135,  400,  710,  610,  115],
        [  278,    0,  725,  247,  333,  633,  515,  781,  405,  498,  126,  345,  424,  334,  667,  701,  393,    0,  592,  447,  237,   49,  492,  364,  355,  559,  449,  615,  575,  276,  426,  704,  394,  365,  861,  354,  166,  142,  523,  378,  204,  407,  610,  493,  461,  713,  297,  176,  675,  296,  664,  183,  345,  197,  783,  663,  525,  457,  175,  503,  509,  362,  668,  103,  597,  660,  914,  323,  655,  802,  556,  631,  379,  397,  201,  801,  208,  117,  216,  155,  199,  503,  324,  419,  611,  445,  371,   61,  439,  162,  365,  250,  351,  411,  845,  370,  748,  500,  787,  854,   49,  413,  132,  193,  644,  111,  443,  540,  439,  243,  394,  815,  137,  295,  752,  787,   89,   66,  476,  768,  751,  748,  786,  848,  681,  561,  664,  226,  368,  179,  415,  524,  219,  877,  519,  486,  480,  327,  732,  705,  217,  371,  495,  298,  732,  785,  255,  136,  466,  768,  273,  611,  429,  281,  534,  199,  294,  107,  519,  242,  586,  124,  681,  366,  380,  358,  465,  240,  444,  631,  363,  415,  732,  346,  540,  176,  238,  411,  198,  107,  311,  584,  570,  771,  424,  335,  538,  491],
        [  862,    0,  136,  415,  918,  433,  865,  192,  888,  321,  634,  854,  959,  580,   89,  351,  957,  592,    0,  805,  453,  592,  597,  379,  454,  627,  947,  193,  423,  366,  531,  773,  325,  227,  305,  682,  757,  456,  929,  223,  704,  930,   19,  192,  313,  162,  436,  423,  497,  673,  851,  772,  600,  428,  297,  322, 1058,  885,  731,  888,  144,  387,  863,  496,  888,  593,  900,  886,  219,  727,  544,  860,  500,  363,  518,  329,  670,  692,  702,  467,  564, 1053,  272,  300,  169,  586,  945,  632,  573,  484,  929,  835,  272,  897,  264,  857,  375, 1057,  309,  277,  549,  578,  461,  428,  628,  485,  538,   77,  974,  410,  406,  766,  557,  472,  875,  215,  653,  558,  893,  660,  263,  861,  260,  260,  826,  339,  761,  392,  571,  451,  188,  191,  686,  893,  107,  989,  799,  896,  555,  232,  391,  223,  956,  880,  159,  196,  715,  485,  966,  233,  846,  460,  926,  342,  932,  652,  398,  677,  327,  818,  381,  666,  321,  814,  469,  367,  650,  556,  154,  548,  860,  511,  444,  494,  238,  729,  574,  514,  595,  632,  422,    9,   81,  180,  751,  474,  666, 1031],
        [  406,    0,  908,  647,  430,  560,   71,  954,  183,  868,  563,  222,  301,  778,  844,  697,  369,  447,  805,    0,  374,  400,  283,  428,  354,  319,  230,  712,  510,  457,  860,  376,  767,  625,  965,  797,  468,  460,  127,  602,  255,  266,  818,  807,  830,  851,  373,  544,  558,  737,  264,  418,  206,  433,  843,  673,  355,  110,  557,   84,  669,  420,  261,  504,  155,  464,  579,  341,  736,  544,  392,  213,  314,  449,  639,  843,  240,  376,  639,  562,  644,  385,  575,  782,  723,  259,  394,  488,  269,  584,  358,  402,  681,  192,  989,  185,  738,  404,  839,  988,  437,  248,  496,  436,  416,  457,  878,  793,  309,  639,  408,  532,  582,  336,  368,  927,  507,  507,  104,  548,  824,  373,  878, 1005,  304,  563,  332,  460,  810,  416,  627,  641,  231,  532,  701,  263,   52,  359,  582,  785,  474,  619,  188,  402,  885,  958,  680,  413,  242,  874,  361,  516,  220,  488,  128,  637,  413,  371,  540,  364,  553,  543,  694,  127,  345,  748,  910,  272,  663,  467,  202,  317,  665,  777,  619,  322,  684,  312,  644,  341,  722,  797,  828,  965,   57,  761,  260,  352],
        [  445,    0,  572,  308,  500,  397,  441,  625,  435,  501,  350,  403,  510,  485,  509,  476,  519,  237,  453,  374,    0,  205,  287,  131,  123,  351,  494,  415,  339,   88,  536,  509,  403,  253,  674,  543,  383,  134,  489,  235,  259,  480,  468,  434,  462,  536,   61,  207,  439,  495,  510,  374,  185,   74,  577,  439,  607,  439,  411,  453,  333,  128,  518,  210,  491,  431,  708,  450,  451,  580,  329,  494,  158,  165,  344,  590,  220,  286,  443,  247,  371,  606,  202,  415,  417,  246,  513,  297,  236,  277,  492,  422,  310,  445,  675,  405,  523,  612,  579,  680,  192,  218,  177,   79,  424,  154,  553,  428,  525,  299,  158,  598,  316,   70,  578,  614,  325,  256,  450,  540,  548,  571,  592,  685,  511,  331,  475,   89,  508,   72,  266,  327,  237,  677,  356,  537,  382,  463,  497,  503,  106,  249,  506,  460,  563,  628,  477,  106,  513,  579,  419,  375,  474,  116,  495,  412,   66,  269,  290,  395,  352,  358,  458,  363,  150,  392,  615,  106,  301,  400,  408,  194,  498,  453,  329,  301,  407,  191,  387,  211,  382,  445,  462,  626,  327,  433,  347,  582],
        [  270,    0,  723,  277,  327,  601,  469,  779,  368,  525,  173,  310,  396,  379,  664,  677,  375,   49,  592,  400,  205,    0,  447,  335,  319,  514,  415,  600,  543,  257,  468,  658,  419,  366,  851,  402,  181,  137,  479,  373,  163,  377,  609,  508,  486,  705,  264,  192,  641,  344,  616,  183,  298,  178,  767,  639,  498,  414,  211,  458,  499,  332,  619,  125,  550,  619,  868,  303,  639,  760,  516,  583,  339,  368,  243,  783,  162,  101,  262,  183,  245,  481,  321,  443,  598,  401,  357,  103,  395,  197,  346,  243,  366,  374,  840,  333,  724,  480,  770,  847,   50,  369,  141,  175,  602,  109,  485,  545,  412,  271,  362,  771,  182,  258,  704,  780,  130,  108,  433,  728,  735,  701,  773,  844,  633,  534,  618,  211,  412,  157,  410,  509,  174,  830,  513,  453,  432,  310,  696,  690,  206,  370,  457,  289,  726,  782,  301,  115,  433,  757,  258,  577,  394,  267,  490,  247,  266,   86,  493,  228,  556,  167,  658,  323,  342,  387,  511,  195,  441,  593,  326,  374,  702,  386,  521,  148,  284,  370,  246,   64,  345,  584,  577,  771,  376,  373,  492,  466],
        [  597,    0,  676,  592,  638,  279,  316,  716,  446,  752,  616,  458,  559,  771,  616,  421,  609,  492,  597,  283,  287,  447,    0,  243,  180,   68,  502,  464,  234,  331,  819,  223,  666,  477,  703,  825,  595,  419,  402,  438,  391,  523,  606,  657,  717,  605,  241,  492,  276,  774,  255,  564,  159,  360,  574,  402,  630,  391,  654,  357,  454,  236,  267,  492,  304,  195,  425,  559,  480,  317,  110,  263,  132,  243,  629,  571,  348,  487,  708,  534,  654,  652,  436,  671,  479,   47,  622,  550,   53,  563,  590,  581,  563,  457,  737,  434,  459,  669,  569,  734,  456,   80,  463,  364,  162,  435,  836,  607,  571,  582,  202,  325,  596,  218,  300,  678,  577,  529,  386,  297,  559,  291,  616,  758,  239,  299,  191,  365,  794,  358,  450,  412,  355,  391,  492,  540,  249,  577,  305,  525,  385,  465,  470,  602,  643,  718,  745,  384,  517,  616,  556,  235,  488,  359,  399,  685,  277,  473,  287,  545,  280,  614,  422,  370,  153,  665,  901,  253,  481,  189,  447,  101,  383,  738,  376,  464,  691,  102,  667,  417,  663,  590,  640,  734,  230,  717,   71,  621],
        [  572,    0,  481,  375,  626,  271,  487,  530,  529,  511,  469,  509,  617,  569,  418,  346,  636,  364,  379,  428,  131,  335,  243,    0,   76,  293,  590,  300,  215,  109,  598,  455,  429,  235,  560,  640,  513,  240,  553,  196,  376,  585,  390,  415,  476,  431,   78,  290,  319,  599,  495,  504,  223,  174,  455,  309,  710,  514,  538,  511,  241,    9,  505,  318,  513,  335,  634,  570,  332,  488,  241,  493,  125,   34,  437,  465,  334,  416,  561,  340,  471,  715,  196,  432,  306,  218,  634,  423,  205,  371,  610,  549,  324,  540,  571,  503,  393,  724,  455,  573,  317,  205,  279,  179,  341,  268,  614,  374,  632,  365,   46,  513,  423,  106,  542,  509,  451,  373,  520,  439,  428,  531,  475,  585,  482,  200,  429,  159,  585,  186,  212,  219,  349,  610,  273,  632,  421,  584,  380,  384,  178,  223,  588,  586,  462,  533,  592,  229,  608,  465,  543,  255,  570,  129,  555,  525,   71,  399,  160,  521,  223,  481,  329,  451,   95,  433,  692,  203,  245,  297,  509,  144,  369,  521,  209,  427,  503,  145,  492,  341,  440,  371,  409,  538,  373,  499,  312,  689],
        [  532,    0,  555,  415,  583,  287,  411,  602,  464,  574,  471,  449,  558,  601,  491,  388,  583,  355,  454,  354,  123,  319,  180,   76,    0,  239,  524,  365,  228,  151,  642,  401,  487,  302,  624,  663,  491,  254,  479,  267,  328,  524,  466,  485,  539,  501,   66,  319,  323,  616,  426,  474,  149,  189,  512,  355,  647,  443,  528,  437,  316,   68,  435,  331,  438,  309,  592,  520,  394,  458,  207,  421,   52,   96,  462,  519,  283,  387,  565,  365,  491,  655,  258,  493,  374,  149,  585,  416,  136,  396,  559,  511,  384,  474,  640,  439,  434,  666,  511,  641,  312,  131,  297,  194,  304,  276,  658,  450,  572,  405,   60,  478,  438,   62,  480,  578,  444,  378,  447,  417,  487,  471,  538,  655,  417,  241,  371,  189,  621,  193,  286,  289,  297,  563,  349,  566,  345,  535,  378,  445,  208,  292,  518,  543,  533,  605,  599,  229,  542,  530,  499,  260,  505,  179,  481,  535,   97,  371,  206,  480,  251,  478,  376,  385,   30,  485,  728,  153,  319,  278,  447,   80,  393,  561,  272,  387,  526,   79,  508,  311,  485,  447,  484,  612,  299,  541,  248,  628],
        [  658,    0,  695,  653,  698,  265,  340,  730,  492,  803,  683,  511,  608,  835,  636,  413,  662,  559,  627,  319,  351,  514,   68,  293,  239,    0,  546,  478,  232,  388,  880,  163,  721,  526,  703,  891,  661,  484,  431,  485,  454,  572,  634,  702,  769,  618,  302,  555,  247,  840,  228,  628,  224,  423,  571,  399,  673,  429,  721,  386,  485,  287,  242,  558,  309,  145,  359,  617,  488,  252,   93,  251,  194,  287,  694,  564,  412,  553,  775,  598,  719,  699,  488,  724,  496,  114,  678,  617,  120,  628,  645,  643,  616,  503,  745,  484,  446,  716,  564,  740,  523,  147,  528,  428,  101,  500,  896,  644,  619,  643,  249,  258,  662,  281,  252,  688,  644,  595,  421,  237,  560,  240,  619,  768,  200,  309,  138,  426,  857,  422,  493,  438,  418,  327,  523,  581,  279,  634,  264,  530,  446,  513,  506,  662,  657,  733,  812,  450,  560,  621,  616,  220,  533,  415,  425,  752,  335,  539,  305,  606,  281,  681,  419,  419,  210,  722,  964,  320,  521,  152,  498,  159,  360,  799,  397,  528,  756,  161,  733,  483,  723,  620,  676,  752,  272,  778,   62,  667],
        [  266,    0, 1064,  691,  261,  771,  242, 1115,   61,  937,  531,  105,   85,  768, 1001,  899,  169,  449,  947,  230,  494,  415,  502,  590,  524,  546,    0,  888,  717,  581,  870,  601,  831,  738, 1148,  756,  385,  527,  167,  728,  258,   62,  962,  905,  898, 1020,  519,  601,  777,  694,  474,  329,  384,  528, 1034,  871,  128,  126,  485,  192,  823,  583,  467,  539,  336,  690,  798,  182,  918,  773,  611,  417,  498,  618,  648, 1039,  282,  339,  581,  597,  636,  155,  687,  853,  895,  471,  205,  463,  477,  609,  173,  277,  766,   51, 1160,   90,  943,  176, 1032, 1163,  463,  451,  548,  530,  644,  510,  888,  918,   86,  685,  584,  760,  580,  485,  578, 1098,  470,  514,  143,  778, 1011,  586, 1062, 1173,  522,  757,  558,  563,  805,  507,  760,  808,  265,  749,  849,   43,  279,  195,  806,  969,  570,  737,   78,  251, 1050, 1119,  619,  484,   19, 1053,  229,  730,   22,  607,  182,  598,  552,  345,  727,  251,  755,  499,  892,  141,  526,  801,  891,  393,  795,  690,   90,  513,  879,  793,  796,  276,  672,  508,  625,  353,  759,  939,  952, 1119,  275,  783,  488,  122],
        [  858,    0,  219,  507,  913,  250,  762,  253,  827,  490,  690,  808,  916,  698,  165,  160,  932,  615,  193,  712,  415,  600,  464,  300,  365,  478,  888,    0,  254,  344,  674,  609,  465,  290,  261,  793,  778,  473,  838,  254,  672,  884,  189,  359,  473,  142,  375,  475,  311,  771,  706,  780,  512,  423,  169,  130, 1009,  806,  778,  794,  121,  307,  719,  536,  767,  417,  717,  864,   43,  542,  388,  724,  399,  271,  604,  190,  631,  694,  772,  527,  648, 1014,  308,  448,   24,  465,  928,  667,  453,  553,  906,  833,  379,  838,  277,  802,  190, 1022,  174,  277,  567,  467,  496,  425,  460,  505,  684,  251,  931,  500,  307,  583,  622,  405,  715,  217,  692,  600,  809,  474,  136,  700,  177,  296,  674,  171,  603,  390,  698,  443,  222,   92,  646,  713,  139,  930,  694,  877,  366,   90,  398,  277,  882,  874,  180,  256,  793,  486,  906,  166,  834,  284,  869,  335,  838,  726,  350,  677,  177,  809,  206,  714,  130,  749,  368,  497,  790,  502,  212,  375,  808,  397,  252,  621,   94,  715,  668,  401,  676,  622,  540,  189,  269,  275,  655,  599,  527,  988],
        [  758,    0,  472,  575,  808,   59,  548,  503,  658,  658,  683,  657,  764,  773,  417,  188,  799,  575,  423,  510,  339,  543,  234,  215,  228,  232,  717,  254,    0,  320,  787,  356,  597,  390,  473,  850,  718,  455,  634,  344,  551,  728,  426,  539,  630,  390,  280,  499,  106,  811,  458,  701,  337,  389,  342,  169,  844,  616,  750,  588,  290,  216,  472,  533,  535,  170,  481,  740,  259,  313,  139,  482,  230,  185,  646,  337,  506,  615,  776,  552,  683,  860,  371,  591,  274,  252,  805,  635,  243,  582,  777,  737,  492,  669,  514,  640,  228,  873,  335,  509,  529,  267,  494,  393,  207,  482,  802,  457,  776,  565,  182,  348,  637,  289,  462,  457,  663,  588,  613,  251,  329,  447,  388,  538,  423,   86,  351,  372,  785,  400,  335,  235,  518,  470,  329,  757,  482,  756,  170,  299,  390,  375,  694,  768,  430,  506,  807,  442,  734,  390,  723,   44,  701,  333,  631,  740,  285,  598,  104,  705,   50,  695,  189,  579,  211,  612,  890,  378,  354,  126,  650,  207,  167,  716,  185,  614,  714,  213,  705,  538,  633,  418,  485,  528,  455,  693,  287,  831],
        [  516,    0,  488,  269,  571,  373,  523,  541,  522,  429,  370,  489,  594,  461,  425,  427,  598,  276,  366,  457,   88,  257,  331,  109,  151,  388,  581,  344,  320,    0,  494,  551,  338,  169,  599,  533,  436,  141,  575,  148,  340,  565,  382,  352,  392,  457,   95,  182,  425,  492,  571,  437,  261,   80,  511,  387,  692,  526,  447,  538,  251,  111,  580,  216,  567,  442,  738,  528,  383,  595,  346,  561,  200,  135,  329,  527,  304,  350,  461,  233,  364,  689,  119,  345,  343,  296,  590,  332,  285,  264,  571,  490,  237,  532,  595,  492,  474,  694,  514,  601,  228,  274,  175,   83,  445,  171,  510,  340,  609,  259,  152,  618,  319,  129,  630,  534,  360,  275,  536,  547,  480,  621,  519,  603,  566,  290,  521,   54,  478,  100,  179,  254,  321,  711,  272,  623,  462,  540,  487,  434,   71,  163,  594,  532,  482,  545,  490,  143,  600,  504,  494,  360,  560,   32,  580,  422,   55,  333,  248,  467,  320,  387,  405,  450,  179,  335,  585,  193,  214,  405,  494,  230,  464,  415,  265,  375,  396,  229,  386,  280,  336,  358,  375,  541,  408,  394,  397,  667],
        [  654,    0,  648,  228,  699,  830,  930,  697,  830,  231,  347,  767,  834,  119,  618,  822,  786,  426,  531,  860,  536,  468,  819,  598,  642,  880,  870,  674,  787,  494,    0, 1041,  211,  403,  832,  204,  512,  412,  946,  449,  629,  824,  547,  341,  223,  692,  579,  331,  891,  237, 1043,  561,  712,  463,  820,  783,  931,  881,  426,  924,  557,  602, 1049,  357, 1003,  931, 1231,  722,  714, 1084,  838, 1021,  688,  616,  225,  849,  627,  532,  338,  301,  236,  900,  417,  231,  657,  780,  754,  409,  770,  277,  760,  629,  302,  835,  778,  795,  860,  892,  830,  794,  425,  754,  370,  458,  938,  408,   18,  454,  849,  238,  643, 1110,  291,  603, 1114,  739,  405,  361,  900, 1031,  784, 1106,  789,  764, 1046,  729, 1009,  455,   82,  469,  468,  607,  640, 1204,  536,  905,  886,  721,  956,  746,  435,  418,  920,  676,  687,  700,  320,  456,  887,  763,  668,  831,  851,  469,  957,  297,  546,  527,  692,  638,  770,  384,  792,  790,  671,  179,  120,  608,  466,  891,  786,  721,  894,   85,  652,  595,  203,  720,  252,  531,  158,  527,  460,  665,  828,  103,  882,  895],
        [  763,    0,  827,  814,  795,  368,  364,  856,  558,  964,  829,  593,  676,  993,  772,  512,  743,  704,  773,  376,  509,  658,  223,  455,  401,  163,  601,  609,  356,  551, 1041,    0,  883,  687,  807, 1045,  789,  641,  455,  645,  572,  641,  777,  861,  931,  743,  463,  715,  324,  992,  154,  750,  360,  582,  672,  509,  720,  477,  858,  416,  633,  449,  167,  713,  291,  200,  214,  709,  611,  185,  230,  207,  354,  448,  851,  659,  535,  682,  920,  756,  874,  756,  650,  886,  629,  265,  765,  761,  274,  785,  731,  753,  778,  567,  859,  558,  534,  777,  663,  852,  672,  295,  685,  587,  150,  656, 1058,  796,  683,  804,  411,  162,  815,  440,  109,  806,  786,  746,  461,  219,  668,   93,  727,  886,  100,  440,   45,  587, 1016,  580,  651,  582,  537,  173,  672,  629,  325,  727,  306,  646,  607,  674,  545,  763,  783,  859,  958,  605,  611,  735,  719,  328,  593,  578,  444,  901,  497,  670,  447,  715,  404,  824,  525,  497,  372,  885, 1124,  465,  678,  237,  575,  321,  436,  960,  536,  648,  912,  323,  886,  619,  885,  766,  828,  883,  346,  940,  167,  723],
