{
    "name": "random-95-27626",
    "comment": "size=95 seed=27626",
    "nodes": ["+0", "-0", "+1", "-1", "+2", "-2", "+3", "-3", "+4", "-4", "+5", "-5", "+6", "-6", "+7", "-7", "+8", "-8", "+9", "-9", "+10", "-10", "+11", "-11", "+12", "-12", "+13", "-13", "+14", "-14", "+15", "-15", "+16", "-16", "+17", "-17", "+18", "-18", "+19", "-19", "+20", "-20", "+21", "-21", "+22", "-22", "+23", "-23", "+24", "-24", "+25", "-25", "+26", "-26", "+27", "-27", "+28", "-28", "+29", "-29", "+30", "-30", "+31", "-31", "+32", "-32", "+33", "-33", "+34", "-34", "+35", "-35", "+36", "-36", "+37", "-37", "+38", "-38", "+39", "-39", "+40", "-40", "+41", "-41", "+42", "-42", "+43", "-43", "+44", "-44", "+45", "-45", "+46", "-46", "+47", "-47", "+48", "-48", "+49", "-49", "+50", "-50", "+51", "-51", "+52", "-52", "+53", "-53", "+54", "-54", "+55", "-55", "+56", "-56", "+57", "-57", "+58", "-58", "+59", "-59", "+60", "-60", "+61", "-61", "+62", "-62", "+63", "-63", "+64", "-64", "+65", "-65", "+66", "-66", "+67", "-67", "+68", "-68", "+69", "-69", "+70", "-70", "+71", "-71", "+72", "-72", "+73", "-73", "+74", "-74", "+75", "-75", "+76", "-76", "+77", "-77", "+78", "-78", "+79", "-79", "+80", "-80", "+81", "-81", "+82", "-82", "+83", "-83", "+84", "-84", "+85", "-85", "+86", "-86", "+87", "-87", "+88", "-88", "+89", "-89", "+90", "-90", "+91", "-91", "+92", "-92", "+93", "-93", "+94", "-94", "+95", "-95"],
    "precedence": {
        "+0": "-0",
        "+1": "-1",
        "+2": "-2",
        "+3": "-3",
        "+4": "-4",
        "+5": "-5",
        "+6": "-6",
        "+7": "-7",
        "+8": "-8",
        "+9": "-9",
        "+10": "-10",
        "+11": "-11",
        "+12": "-12",
        "+13": "-13",
        "+14": "-14",
        "+15": "-15",
        "+16": "-16",
        "+17": "-17",
        "+18": "-18",
        "+19": "-19",
        "+20": "-20",
        "+21": "-21",
        "+22": "-22",
        "+23": "-23",
        "+24": "-24",
        "+25": "-25",
        "+26": "-26",
        "+27": "-27",
        "+28": "-28",
        "+29": "-29",
        "+30": "-30",
        "+31": "-31",
        "+32": "-32",
        "+33": "-33",
        "+34": "-34",
        "+35": "-35",
        "+36": "-36",
        "+37": "-37",
        "+38": "-38",
        "+39": "-39",
        "+40": "-40",
        "+41": "-41",
        "+42": "-42",
        "+43": "-43",
        "+44": "-44",
        "+45": "-45",
        "+46": "-46",
        "+47": "-47",
        "+48": "-48",
        "+49": "-49",
        "+50": "-50",
        "+51": "-51",
        "+52": "-52",
        "+53": "-53",
        "+54": "-54",
        "+55": "-55",
        "+56": "-56",
        "+57": "-57",
        "+58": "-58",
        "+59": "-59",
        "+60": "-60",
        "+61": "-61",
        "+62": "-62",
        "+63": "-63",
        "+64": "-64",
        "+65": "-65",
        "+66": "-66",
        "+67": "-67",
        "+68": "-68",
        "+69": "-69",
        "+70": "-70",
        "+71": "-71",
        "+72": "-72",
        "+73": "-73",
        "+74": "-74",
        "+75": "-75",
        "+76": "-76",
        "+77": "-77",
        "+78": "-78",
        "+79": "-79",
        "+80": "-80",
        "+81": "-81",
        "+82": "-82",
        "+83": "-83",
        "+84": "-84",
        "+85": "-85",
        "+86": "-86",
        "+87": "-87",
        "+88": "-88",
        "+89": "-89",
        "+90": "-90",
        "+91": "-91",
        "+92": "-92",
        "+93": "-93",
        "+94": "-94",
        "+95": "-95"
    },
    "edges": [
        [    0,    0,  465,  476,  325,  175,  291,  709,  511,  765,  873,  567,  107,  770,  468,  942,  836,  976,  245,  713,  175,  662,  734,   57,  418,  220,  611,  529,  765,  534,  708,  454,  685,  739,  818,  192,  356,  256,  641,  262,  567,  187,  567,  330,  361,  584,   12,   75,  611,  594,   81,  775,  553,  752,  611,  658,  520,  864,  501,  613,  681,  651,  623,  815,  656,  488,  252,  650,  146,  448,  765,  341,  439,  337,  242,  661,  240,  216,  349,  441,  527,  516,  448,  606,  742,  595,  801,  504,  846,  534,  258,  839,  642,  561,  946,  852,  787,  823,  657,  258,  287,  302,  513,  255,  479,  348,  703,  599,  534,  179,  611,  764,  520,  113,  653,  635,  201,  245,  525,  839,  853,  507,  627,  161,  428,  972,  639,  780,  360,  748,  270,  652, 1024,  822,  690,  731,  260,  597,  629,  644,  323,  274,  281,  524,  306,  837,  264,  764,  353,  344,  670,  293,  622,  614,  386,  461,  111,  454,  262,  292,  435,  662,  167,  297,  399,  571,  414,  822,  281,  466,  277,  852,  722,  650,  429,  623,  694,  788,  322,  931,  843,  245,  360,  309,  567,  426,  336,  111,  595,  299,  312,  229],
        [    0,    0,    0,    0,    0,    0,    0,    0,    0,    0,    0,    0,    0,    0,    0,    0,    0,    0,    0,    0,    0,    0,    0,    0,    0,    0,    0,    0,    0,    0,    0,    0,    0,    0,    0,    0,    0,    0,    0,    0,    0,    0,    0,    0,    0,    0,    0,    0,    0,    0,    0,    0,    0,    0,    0,    0,    0,    0,    0,    0,    0,    0,    0,    0,    0,    0,    0,    0,    0,    0,    0,    0,    0,    0,    0,    0,    0,    0,    0,    0,    0,    0,    0,    0,    0,    0,    0,    0,    0,    0,    0,    0,    0,    0,    0,    0,    0,    0,    0,    0,    0,    0,    0,    0,    0,    0,    0,    0,    0,    0,    0,    0,    0,    0,    0,    0,    0,    0,    0,    0,    0,    0,    0,    0,    0,    0,    0,    0,    0,    0,    0,    0,    0,    0,    0,    0,    0,    0,    0,    0,    0,    0,    0,    0,    0,    0,    0,    0,    0,    0,    0,    0,    0,    0,    0,    0,    0,    0,    0,    0,    0,    0,    0,    0,    0,    0,    0,    0,    0,    0,    0,    0,    0,    0,    0,    0,    0,    0,    0,    0,    0,    0,    0,    0,    0,    0,    0,    0,    0,    0,    0,    0],
        [  465,    0,    0,  791,  615,  580,  259,  280,   49,  565,  721,  595,  364,  759,  479,  711,  721,  767,  529,  328,  426,  823,  271,  415,   54,  255,  418,   66,  356,  840,  489,  237,  257,  294,  354,  397,  485,  481,  521,  635,  132,  291,  140,  621,  755,  155,  475,  398,  149,  617,  467,  315,  470,  607,  181,  607,  678,  406,  147,  557,  217,  199,  851,  351,  516,  141,  421,  746,  401,  787,  321,  165,  420,  499,  392,  638,  498,  330,  428,   50,  374,  576,  563,  143,  413,  136,  403,  696,  727,  801,  546,  724,  794,  284,  788,  670,  344,  585,  232,  663,  386,  284,  162,  635,  651,  647,  734,  736,  792,  286,  895,  422,  609,  477,  201,  556,  265,  348,  496,  781,  589,  216,  621,  350,  765,  737,  808,  318,  172,  285,  249,  540,  830,  358,  536,  575,  693,  203,  748,  180,  330,  303,  206,  141,  188,  614,  408,  645,  248,  716,  434,  173,  417,  794,   95,  625,  373,  710,  581,  372,  357,  456,  404,  373,  293,  415,  169,  366,  246,  626,  239,  770,  723,  577,   78,  463,  302,  336,  467,  663,  537,  681,  662,  281,  730,  708,  171,  457,  172,  435,  269,  663],
        [  476,    0,  791,    0,  178,  305,  532,  924,  838,  727,  746,  407,  505,  536,  418,  877,  685,  880,  270,  878,  651,  285, 1009,  522,  738,  564,  643,  853,  943,   58,  714,  885, 1046, 1083, 1110,  666,  327,  310,  585,  216,  830,  535,  926,  768,  172,  942,  478,  533,  930,  419,  407, 1038,  520,  663,  969,  520,  242, 1180,  734,  510,  969,  988,  188, 1110,  610,  877,  370,  354,  620,   49,  992,  743,  452,  303,  399,  492,  297,  677,  384,  794,  581,  364,  304,  922,  839,  923,  957,  194,  694,   91,  252,  687,  285,  697,  804,  763, 1008,  801,  880,  241,  408,  753,  737,  655,  225,  146,  453,  284,  102,  574,  138,  867,  329,  377,  990,  542,  594,  713,  462,  628,  848,  922,  460,  469,   56,  904,  264, 1088,  623, 1025,  544,  581,  901, 1118,  640,  664,  285,  810,  318,  942,  786,  730,  689,  764,  606,  796,  739,  644,  793,  150,  709,  648,  658,  237,  697,  239,  478,  109,  227,  763,  509,  676,  642,  423,  540,  596,  824, 1061,  714,  243,  553,  661,  496,  541,  721,  617,  871, 1120,  797,  909,  884,  296,  785,  514,  242,   87,  620,  391,  958,  775,  525,  298],
        [  325,    0,  615,  178,    0,  177,  357,  765,  663,  629,  684,  335,  334,  515,  298,  795,  631,  810,   94,  728,  497,  345,  841,  363,  562,  387,  517,  678,  791,  231,  600,  709,  870,  908,  941,  508,  178,  134,  486,  112,  661,  359,  749,  642,  188,  766,  329,  371,  756,  357,  248,  872,  406,  581,  793,  450,  220, 1008,  567,  423,  799,  813,  298,  940,  508,  700,  195,  358,  462,  174,  832,  566,  314,  148,  223,  434,  120,  511,  228,  617,  444,  282,  205,  748,  704,  749,  811,  191,  640,  214,   76,  633,  329,  546,  751,  686,  849,  701,  718,  165,  237,  583,  571,  542,  181,   32,  436,  295,  211,  400,  300,  731,  263,  216,  815,  454,  419,  548,  353,  600,  744,  745,  399,  293,  151,  825,  322,  917,  449,  858,  367,  486,  843,  948,  542,  574,  227,  649,  329,  771,  619,  561,  513,  596,  429,  702,  580,  574,  620,  136,  585,  471,  532,  295,  521,  174,  307,  130,   64,  600,  360,  558,  484,  253,  379,  469,  647,  900,  541,  180,  377,  625,  469,  459,  547,  501,  718,  946,  644,  813,  767,  230,  666,  341,  257,  106,  445,  226,  782,  619,  352,  220],
        [  175,    0,  580,  305,  177,    0,  348,  785,  628,  743,  823,  485,  232,  678,  415,  917,  776,  941,  136,  769,  349,  521,  836,  226,  528,  326,  607,  646,  828,  363,  700,  615,  821,  869,  929,  366,  285,  183,  605,   89,  658,  291,  700,  470,  190,  717,  176,  241,  728,  510,  121,  873,  518,  710,  744,  592,  394,  985,  575,  557,  787,  776,  464,  926,  624,  632,  222,  531,  321,  274,  848,  487,  407,  256,  234,  585,  154,  387,  308,  567,  525,  431,  354,  721,  771,  715,  857,  367,  785,  371,  137,  779,  505,  596,  893,  814,  868,  809,  734,   88,  273,  470,  584,  366,  354,  191,  602,  471,  372,  312,  442,  797,  421,  103,  778,  584,  334,  419,  475,  758,  847,  662,  549,  230,  255,  947,  497,  896,  438,  851,  342,  610,  980,  934,  659,  696,  116,  668,  504,  753,  495,  443,  428,  602,  397,  817,  438,  711,  516,  169,  673,  413,  620,  470,  489,  343,  213,  300,  116,  466,  430,  654,  341,  290,  421,  561,  565,  911,  440,  348,  352,  779,  631,  594,  526,  604,  754,  914,  493,  922,  854,  107,  492,  349,  433,  265,  422,  124,  730,  473,  357,   88],
        [  291,    0,  259,  532,  357,  348,    0,  438,  306,  495,  623,  389,  191,  582,  268,  669,  600,  710,  274,  429,  356,  585,  493,  265,  206,  106,  334,  321,  485,  581,  431,  398,  515,  551,  590,  342,  234,  224,  392,  388,  313,  119,  396,  566,  508,  411,  303,  253,  400,  415,  256,  528,  311,  500,  438,  442,  434,  654,  228,  390,  447,  456,  600,  588,  400,  359,  163,  524,  315,  530,  501,  250,  215,  244,  135,  460,  243,  298,  182,  266,  254,  356,  323,  392,  451,  392,  517,  446,  608,  544,  291,  603,  557,  271,  697,  591,  521,  545,  387,  424,  129,  324,  237,  528,  403,  389,  537,  501,  536,  164,  638,  474,  381,  253,  458,  403,  163,  336,  308,  630,  571,  417,  434,  133,  508,  699,  568,  563,   94,  509,   32,  406,  764,  597,  431,  474,  464,  321,  519,  417,  376,  319,  219,  255,   80,  563,  395,  522,  335,  465,  387,  145,  343,  551,  165,  377,  180,  452,  328,  387,  176,  385,  332,  118,  120,  302,  325,  564,  269,  380,   35,  631,  539,  422,  191,  357,  412,  590,  471,  650,  554,  454,  604,   35,  488,  450,   88,  233,  428,  436,   29,  435],
        [  709,    0,  280,  924,  765,  785,  438,    0,  255,  430,  587,  611,  603,  711,  528,  523,  612,  587,  696,   96,  699,  868,  134,  667,  307,  490,  348,  242,   83,  962,  363,  491,  326,  303,  225,  672,  597,  640,  463,  818,  150,  523,  302,  899,  935,  301,  720,  650,  213,  623,  689,  135,  460,  504,  303,  569,  747,  312,  211,  531,  146,  255,  930,  230,  446,  379,  582,  767,  670,  934,   69,  444,  480,  622,  560,  610,  665,  606,  541,  326,  365,  617,  639,  206,  213,  234,  133,  780,  615,  908,  711,  615,  838,  235,  640,  524,   85,  414,   53,  858,  533,  563,  201,  906,  734,  794,  718,  782,  896,  536, 1000,  204,  657,  690,  255,  514,  519,  626,  511,  700,  397,  447,  609,  565,  913,  543,  859,  236,  352,  148,  448,  481,  653,  236,  447,  472,  901,  118,  781,  166,  608,  582,  480,  186,  404,  449,  686,  550,  525,  888,  317,  427,  338,  855,  329,  710,  603,  825,  751,  651,  417,  357,  676,  515,  386,  378,  438,  139,  524,  709,  439,  674,  690,  533,  284,  398,   79,  298,  746,  456,  323,  891,  941,  439,  791,  837,  374,  670,  313,  714,  430,  872],
        [  511,    0,   49,  838,  663,  628,  306,  255,    0,  578,  736,  630,  411,  788,  517,  716,  741,  775,  577,  315,  463,  863,  230,  461,  102,  303,  438,   19,  336,  886,  502,  240,  211,  246,  308,  434,  529,  529,  546,  683,  118,  339,  101,  653,  804,  113,  521,  443,  101,  651,  515,  274,  500,  626,  138,  636,  720,  357,  166,  586,  175,  151,  895,  304,  539,  132,  469,  784,  441,  835,  289,  198,  458,  544,  440,  668,  546,  367,  472,   77,  401,  614,  605,   95,  411,   88,  384,  739,  747,  847,  594,  744,  834,  301,  802,  683,  312,  592,  213,  712,  432,  313,  177,  673,  694,  694,  767,  776,  838,  332,  941,  417,  648,  526,  153,  583,  311,  381,  530,  806,  592,  207,  654,  399,  812,  742,  849,  270,  217,  242,  297,  565,  839,  312,  556,  594,  742,  199,  787,  136,  355,  335,  246,  151,  236,  622,  438,  666,  271,  764,  447,  220,  436,  836,  143,  668,  421,  755,  629,  400,  394,  473,  442,  418,  332,  440,  183,  329,  280,  669,  287,  792,  754,  604,  119,  485,  290,  287,  494,  664,  535,  730,  694,  326,  771,  755,  218,  505,  132,  463,  315,  711],
        [  765,    0,  565,  727,  629,  743,  495,  430,  578,    0,  161,  323,  678,  315,  334,  178,  184,  216,  611,  336,  850,  553,  563,  752,  548,  599,  162,  577,  383,  742,   76,  797,  735,  726,  651,  835,  462,  560,  144,  727,  473,  613,  668, 1060,  815,  674,  776,  743,  599,  316,  705,  560,  226,   88,  688,  219,  492,  739,  418,  218,  564,  658,  650,  657,  122,  704,  529,  439,  810,  758,  480,  681,  336,  493,  529,  258,  589,  785,  436,  609,  242,  364,  430,  590,  224,  612,  360,  538,  186,  672,  616,  186,  527,  281,  224,  106,  480,   75,  425,  780,  483,  789,  404, 1016,  503,  647,  354,  485,  657,  657,  747,  243,  399,  686,  659,  186,  653,  821,  277,  279,  124,  780,  280,  608,  742,  208,  554,  666,  479,  577,  524,  147,  273,  663,   88,   69,  840,  392,  467,  569,  843,  793,  680,  428,  532,   75,  883,  134,  778,  763,  132,  599,  156,  562,  533,  489,  660,  618,  653,  866,  331,  114,  826,  471,  375,  195,  724,  540,  734,  485,  523,  248,  312,  190,  506,  143,  352,  727,  957,  184,  183,  837, 1098,  467,  513,  650,  508,  673,  691,  922,  467,  821],
        [  873,    0,  721,  746,  684,  823,  623,  587,  736,  161,    0,  350,  795,  242,  411,  154,   67,  136,  687,  492,  976,  521,  721,  868,  701,  729,  307,  736,  534,  749,  236,  951,  895,  885,  805,  965,  538,  643,  234,  791,  633,  738,  827, 1183,  862,  834,  883,  861,  760,  332,  805,  715,  321,  124,  848,  235,  505,  893,  574,  267,  724,  818,  632,  812,  224,  861,  625,  412,  935,  784,  634,  829,  434,  567,  632,  255,  671,  919,  527,  764,  374,  403,  479,  750,  377,  773,  505,  553,   61,  677,  688,   67,  501,  437,   74,   66,  631,  181,  585,  846,  586,  932,  561, 1127,  528,  696,  311,  474,  662,  786,  737,  392,  427,  782,  819,  240,  785,  957,  351,  167,  219,  936,  290,  723,  772,  173,  529,  823,  622,  734,  654,  222,  159,  817,  194,  151,  907,  553,  447,  729,  986,  933,  822,  586,  671,  148, 1017,  112,  926,  811,  290,  740,  305,  545,  683,  522,  774,  643,  721, 1005,  449,  265,  953,  576,  505,  325,  876,  690,  876,  517,  654,  125,  264,  229,  659,  270,  509,  885, 1092,  223,  301,  907, 1219,  592,  511,  680,  649,  772,  852, 1058,  595,  893],
        [  567,    0,  595,  407,  335,  485,  389,  611,  630,  323,  350,    0,  513,  204,  122,  472,  296,  480,  350,  540,  703,  259,  726,  577,  553,  485,  273,  638,  603,  420,  321,  782,  833,  849,  827,  700,  212,  316,  186,  444,  569,  479,  730,  894,  513,  743,  577,  575,  696,   28,  491,  742,  151,  257,  766,  117,  170,  910,  477,  106,  702,  760,  337,  830,  211,  723,  318,  158,  662,  440,  677,  637,  179,  235,  335,  100,  340,  671,  227,  622,  248,   55,  133,  686,  470,  699,  603,  216,  306,  350,  348,  298,  229,  379,  416,  359,  687,  397,  580,  499,  296,  711,  471,  819,  183,  346,  148,  176,  335,  533,  428,  497,   79,  463,  762,  137,  539,  711,  103,  275,  446,  791,   64,  441,  426,  500,  252,  822,  438,  742,  419,  178,  508,  837,  238,  258,  561,  517,  171,  688,  761,  702,  607,  503,  463,  390,  764,  242,  724,  462,  331,  532,  288,  253,  519,  173,  487,  299,  377,  765,  238,  291,  682,  295,  304,  235,  706,  747,  656,  168,  424,  294,  157,  135,  518,  233,  542,  870,  838,  503,  490,  561,  926,  355,  196,  334,  455,  458,  761,  806,  363,  549],
        [  107,    0,  364,  505,  334,  232,  191,  603,  411,  678,  795,  513,    0,  716,  403,  854,  764,  892,  242,  608,  191,  647,  630,   75,  315,  114,  520,  429,  660,  561,  617,  386,  594,  645,  717,  190,  309,  229,  562,  306,  462,   81,  474,  389,  420,  490,  118,   66,  511,  540,  112,  671,  475,  672,  518,  592,  497,  766,  395,  544,  578,  554,  626,  714,  574,  402,  200,  617,  149,  485,  660,  256,  365,  298,  179,  601,  224,  178,  287,  344,  437,  467,  408,  506,  640,  496,  696,  491,  773,  547,  259,  767,  624,  460,  869,  769,  681,  732,  550,  319,  218,  249,  407,  339,  458,  363,  656,  574,  544,   82,  633,  661,  478,  133,  556,  563,  105,  217,  456,  778,  759,  431,  569,   74,  463,  884,  626,  680,  255,  645,  167,  574,  943,  722,  607,  650,  338,  491,  601,  542,  285,  227,  196,  418,  200,  748,  259,  689,  290,  391,  576,  191,  530,  603,  281,  436,   30,  459,  278,  271,  349,  571,  170,  224,  305,  483,  334,  716,  212,  441,  173,  787,  670,  579,  324,  537,  589,  692,  330,  838,  744,  325,  425,  213,  548,  440,  230,  115,  503,  300,  215,  306],
        [  770,    0,  759,  536,  515,  678,  582,  711,  788,  315,  242,  204,  716,    0,  317,  394,  175,  374,  546,  625,  906,  285,  839,  780,  724,  682,  367,  793,  680,  529,  358,  964,  978,  984,  935,  902,  415,  517,  251,  626,  707,  679,  887, 1097,  674,  898,  779,  779,  839,  177,  693,  845,  290,  227,  918,  152,  305, 1022,  625,  203,  827,  902,  399,  940,  266,  895,  521,  184,  865,  579,  771,  823,  368,  436,  539,  123,  539,  871,  430,  793,  387,  254,  327,  829,  526,  846,  666,  349,  182,  457,  542,  175,  268,  502,  282,  286,  775,  377,  692,  680,  499,  906,  616, 1020,  338,  518,   83,  253,  442,  732,  506,  550,  257,  665,  903,  206,  738,  911,  275,   93,  425,  966,  149,  644,  571,  414,  295,  940,  617,  855,  613,  232,  379,  947,  267,  253,  741,  640,  220,  820,  957,  899,  800,  646,  650,  353,  965,  183,  914,  627,  396,  722,  376,  315,  694,  341,  690,  442,  565,  964,  415,  355,  885,  496,  482,  352,  887,  836,  850,  336,  617,  131,   48,  185,  685,  316,  634,  996, 1040,  454,  496,  744, 1129,  547,  294,  483,  638,  660,  916, 1007,  555,  734],
        [  468,    0,  479,  418,  298,  415,  268,  528,  517,  334,  411,  122,  403,  317,    0,  504,  370,  526,  280,  469,  592,  351,  632,  471,  435,  366,  225,  526,  534,  447,  304,  661,  724,  744,  735,  587,  130,  233,  192,  394,  466,  362,  617,  789,  485,  630,  478,  467,  589,  147,  397,  653,  109,  296,  654,  191,  220,  814,  370,  146,  604,  653,  402,  737,  213,  605,  217,  268,  550,  441,  596,  516,   60,  161,  228,  199,  261,  554,  120,  504,  167,   98,  116,  579,  421,  590,  543,  254,  379,  386,  284,  373,  321,  293,  483,  400,  608,  404,  491,  447,  185,  591,  367,  722,  209,  319,  269,  263,  373,  415,  475,  449,  134,  372,  654,  171,  421,  594,   61,  375,  447,  671,  168,  330,  422,  534,  338,  725,  318,  649,  298,  196,  567,  745,  248,  283,  507,  424,  270,  585,  641,  583,  486,  398,  342,  407,  649,  300,  603,  432,  293,  411,  241,  330,  400,  186,  378,  311,  320,  647,  124,  262,  570,  180,  186,  178,  585,  666,  536,  185,  303,  385,  272,  183,  402,  205,  466,  769,  723,  517,  472,  505,  823,  234,  266,  334,  334,  363,  648,  691,  242,  490],
        [  942,    0,  711,  877,  795,  917,  669,  523,  716,  178,  154,  472,  854,  394,  504,    0,  220,   66,  784,  430, 1023,  669,  653,  928,  702,  772,  335,  712,  455,  886,  240,  947,  846,  826,  726, 1008,  634,  734,  313,  897,  603,  787,  797, 1234,  979,  801,  953,  919,  719,  459,  882,  639,  400,  216,  811,  357,  637,  811,  566,  374,  668,  772,  777,  734,  293,  847,  705,  557,  983,  912,  557,  841,  512,  665,  706,  388,  763,  955,  611,  758,  418,  520,  592,  710,  315,  736,  417,  684,  215,  814,  788,  220,  647,  435,  153,  116,  550,  129,  534,  951,  660,  954,  551, 1192,  654,  811,  459,  615,  799,  831,  879,  319,  551,  862,  772,  342,  825,  990,  445,  320,  127,  922,  418,  784,  898,   31,  675,  752,  646,  664,  698,  310,  131,  738,  258,  223, 1011,  520,  590,  681, 1007,  960,  845,  571,  702,  106, 1052,  236,  938,  927,  289,  766,  327,  689,  693,  644,  836,  771,  824, 1033,  508,  285,  999,  648,  550,  371,  876,  603,  900,  640,  696,  278,  412,  340,  660,  320,  452,  816, 1125,   82,  204, 1009, 1273,  642,  649,  805,  675,  850,  817, 1091,  642,  994],
        [  836,    0,  721,  685,  631,  776,  600,  612,  741,  184,   67,  296,  764,  175,  370,  220,    0,  201,  640,  519,  949,  455,  745,  835,  696,  706,  304,  742,  566,  686,  251,  946,  910,  905,  834,  939,  494,  599,  210,  740,  643,  712,  835, 1153,  806,  843,  847,  830,  773,  276,  766,  743,  291,  115,  859,  184,  445,  922,  576,  224,  744,  833,  567,  840,  208,  861,  586,  347,  907,  724,  664,  818,  400,  521,  595,  198,  626,  897,  488,  762,  359,  350,  427,  763,  407,  784,  542,  492,   10,  613,  640,    4,  435,  441,  121,  118,  663,  225,  604,  794,  551,  916,  564, 1091,  470,  641,  245,  410,  598,  762,  672,  426,  371,  741,  834,  202,  762,  936,  312,  105,  269,  936,  233,  691,  713,  240,  463,  848,  608,  759,  631,  195,  216,  846,  185,  148,  856,  566,  382,  745,  969,  915,  806,  591,  654,  195,  995,   79,  914,  756,  302,  725,  306,  480,  675,  465,  742,  583,  671,  985,  424,  270,  926,  542,  484,  312,  870,  723,  860,  460,  633,   67,  198,  187,  655,  260,  534,  908, 1070,  284,  348,  856, 1188,  567,  448,  621,  635,  733,  861, 1036,  571,  844],
        [  976,    0,  767,  880,  810,  941,  710,  587,  775,  216,  136,  480,  892,  374,  526,   66,  201,    0,  806,  493, 1065,  656,  718,  966,  756,  815,  378,  771,  520,  884,  286, 1003,  909,  890,  791, 1051,  656,  759,  338,  915,  662,  828,  858, 1276,  991,  862,  987,  957,  781,  463,  913,  704,  427,  231,  872,  363,  639,  876,  622,  388,  731,  834,  767,  799,  321,  904,  734,  547, 1025,  917,  622,  893,  541,  686,  738,  388,  787, 1000,  638,  814,  457,  530,  605,  772,  377,  797,  482,  686,  194,  811,  809,  200,  636,  488,  105,  127,  615,  183,  597,  969,  691, 1003,  606, 1228,  660,  824,  446,  609,  796,  873,  872,  383,  557,  892,  835,  358,  869, 1036,  467,  291,  190,  980,  421,  821,  904,   58,  664,  816,  694,  729,  740,  331,   66,  803,  287,  246, 1030,  580,  582,  743, 1057, 1008,  894,  628,  748,  155, 1098,  238,  990,  940,  339,  814,  371,  680,  744,  652,  873,  775,  843, 1081,  544,  329, 1041,  680,  591,  409,  931,  669,  949,  647,  739,  249,  398,  352,  714,  355,  515,  881, 1172,  145,  268, 1029, 1314,  682,  646,  812,  723,  880,  878, 1137,  683, 1015],
        [  245,    0,  529,  270,   94,  136,  274,  696,  577,  611,  687,  350,  242,  546,  280,  784,  640,  806,    0,  668,  412,  417,  764,  277,  475,  295,  482,  592,  730,  324,  572,  616,  782,  822,  862,  421,  150,   58,  471,  125,  584,  265,  661,  571,  239,  677,  252,  284,  672,  375,  165,  797,  385,  575,  705,  457,  276,  927,  492,  421,  720,  727,  385,  861,  491,  608,  115,  410,  376,  260,  762,  473,  279,  121,  140,  450,   32,  419,  181,  527,  402,  296,  220,  665,  657,  664,  754,  259,  650,  306,   19,  643,  398,  489,  757,  680,  781,  680,  648,  174,  165,  490,  499,  481,  236,  125,  473,  355,  302,  306,  393,  683,  290,  133,  729,  449,  325,  458,  340,  624,  719,  652,  414,  199,  238,  814,  395,  836,  367,  780,  280,  476,  845,  869,  527,  563,  230,  579,  386,  690,  527,  469,  420,  522,  342,  685,  493,  576,  526,  193,  549,  380,  496,  370,  435,  219,  214,  218,   55,  511,  311,  527,  398,  182,  315,  435,  554,  829,  448,  225,  290,  644,  499,  458,  464,  475,  656,  862,  559,  792,  732,  226,  598,  262,  322,  199,  359,  139,  693,  533,  273,  210],
        [  713,    0,  328,  878,  728,  769,  429,   96,  315,  336,  492,  540,  608,  625,  469,  430,  519,  493,  668,    0,  727,  798,  229,  677,  342,  498,  270,  306,   65,  913,  272,  555,  417,  398,  315,  703,  554,  611,  380,  792,  198,  528,  379,  934,  906,  381,  725,  662,  295,  550,  684,  225,  390,  412,  387,  488,  686,  403,  218,  453,  239,  344,  868,  322,  361,  446,  556,  693,  694,  893,  147,  486,  427,  582,  538,  529,  638,  638,  501,  377,  303,  553,  584,  287,  118,  314,   89,  722,  522,  854,  681,  522,  769,  183,  545,  429,  151,  320,  109,  837,  505,  607,  203,  928,  678,  756,  637,  715,  841,  551,  944,  111,  594,  680,  344,  433,  536,  664,  445,  609,  303,  518,  532,  561,  872,  451,  791,  331,  354,  242,  445,  398,  559,  327,  359,  381,  884,  128,  710,  253,  656,  623,  513,  202,  411,  354,  726,  459,  575,  857,  230,  450,  257,  789,  353,  655,  604,  775,  722,  694,  371,  271,  703,  487,  354,  306,  495,  212,  562,  653,  437,  582,  607,  451,  310,  317,   26,  393,  790,  365,  232,  875,  975,  422,  727,  792,  380,  661,  395,  757,  415,  857],
        [  175,    0,  426,  651,  497,  349,  356,  699,  463,  850,  976,  703,  191,  906,  592, 1023,  949, 1065,  412,  727,    0,  827,  692,  136,  392,  252,  689,  481,  769,  709,  784,  330,  596,  657,  761,   32,  498,  411,  743,  437,  550,  239,  490,  213,  530,  505,  174,  132,  555,  730,  250,  737,  659,  853,  529,  780,  680,  791,  510,  731,  637,  579,  795,  756,  753,  397,  389,  804,   42,  622,  745,  267,  551,  485,  369,  790,  401,   98,  477,  387,  609,  657,  596,  553,  781,  535,  811,  669,  958,  708,  427,  952,  806,  606, 1050,  945,  768,  898,  649,  428,  408,  174,  526,  211,  641,  521,  846,  759,  707,  193,  786,  799,  667,  282,  582,  748,  200,   98,  644,  967,  920,  392,  759,  263,  603, 1053,  805,  716,  387,  703,  326,  757, 1119,  763,  785,  828,  420,  601,  786,  597,  171,  144,  220,  526,  328,  918,   91,  872,  231,  517,  738,  278,  697,  781,  374,  620,  218,  626,  434,  128,  527,  739,   25,  412,  475,  657,  316,  791,  186,  625,  327,  974,  859,  765,  419,  712,  704,  710,  148, 1000,  895,  405,  253,  385,  730,  599,  358,  274,  512,  124,  383,  391],
        [  662,    0,  823,  285,  345,  521,  585,  868,  863,  553,  521,  259,  647,  285,  351,  669,  455,  656,  417,  798,  827,    0,  979,  692,  776,  660,  531,  874,  861,  261,  568,  981, 1072, 1094, 1081,  833,  355,  419,  434,  445,  816,  642,  962,  985,  449,  976,  668,  697,  939,  251,  582,  997,  409,  472, 1001,  336,  153, 1163,  720,  353,  953, 1002,  118, 1084,  458,  941,  456,  115,  789,  334,  934,  832,  408,  355,  484,  295,  427,  823,  403,  843,  503,  255,  263,  929,  725,  939,  860,  159,  462,  196,  405,  456,   30,  634,  566,  555,  945,  625,  835,  489,  463,  881,  717,  886,  190,  332,  211,   88,  184,  693,  224,  752,  217,  550, 1004,  380,  706,  863,  357,  375,  675, 1001,  278,  586,  333,  692,   24, 1074,  655,  996,  609,  421,  663, 1092,  478,  485,  546,  770,   89,  935,  925,  865,  791,  748,  665,  609,  904,  438,  907,  412,  585,  727,  545,   52,  738,  213,  618,  226,  408,  917,  474,  545,  811,  470,  532,  493,  909, 1004,  831,  210,  617,  415,  258,  369,  746,  488,  800, 1119,  973,  719,  732,  553, 1010,  554,  100,  266,  666,  555,  994,  945,  565,  548],
        [  734,    0,  271, 1009,  841,  836,  493,  134,  230,  563,  721,  726,  630,  839,  632,  653,  745,  718,  764,  229,  692,  979,    0,  686,  317,  519,  473,  212,  201, 1051,  496,  431,  210,  175,  103,  663,  684,  711,  589,  880,  181,  554,  228,  877, 1000,  220,  744,  668,  143,  740,  729,   46,  577,  636,  211,  694,  851,  185,  276,  653,   56,  153, 1033,  105,  573,  322,  650,  883,  670, 1014,  103,  426,  579,  706,  625,  733,  733,  595,  626,  306,  478,  726,  739,  142,  346,  165,  245,  879,  749, 1002,  780,  748,  949,  348,  773,  658,  120,  548,  148,  915,  605,  536,  273,  902,  833,  872,  840,  892,  990,  555, 1095,  336,  765,  735,  152,  638,  535,  607,  624,  831,  528,  376,  730,  607,  992,  672,  969,  103,  400,   17,  494,  607,  783,  113,  577,  603,  951,  210,  894,   95,  573,  560,  475,  246,  440,  582,  662,  682,  488,  956,  448,  442,  464,  962,  350,  808,  637,  915,  818,  621,  514,  487,  671,  589,  471,  497,  396,  107,  508,  808,  485,  807,  815,  658,  310,  524,  212,  165,  712,  583,  451,  940,  918,  502,  897,  923,  414,  715,  226,  683,  492,  921],
        [   57,    0,  415,  522,  363,  226,  265,  667,  461,  752,  868,  577,   75,  780,  471,  928,  835,  966,  277,  677,  136,  692,  686,    0,  370,  180,  594,  479,  727,  580,  692,  397,  630,  685,  768,  146,  368,  277,  635,  311,  523,  151,  513,  319,  414,  530,   64,   19,  560,  604,  116,  728,  547,  745,  556,  660,  546,  812,  462,  614,  632,  598,  660,  764,  647,  432,  260,  671,  100,  496,  722,  286,  435,  353,  243,  667,  265,  161,  353,  389,  511,  528,  465,  555,  713,  543,  765,  534,  844,  575,  292,  838,  670,  533,  941,  842,  744,  806,  615,  312,  286,  246,  475,  265,  506,  388,  717,  624,  573,  132,  655,  734,  536,  147,  600,  634,  151,  193,  526,  845,  834,  450,  635,  145,  476,  959,  670,  728,  324,  699,  240,  646, 1016,  772,  681,  723,  316,  557,  652,  595,  269,  219,  226,  483,  267,  823,  218,  760,  296,  394,  650,  245,  605,  645,  341,  486,   94,  491,  301,  242,  422,  645,  122,  293,  380,  558,  358,  776,  224,  490,  245,  855,  733,  649,  385,  611,  657,  735,  283,  913,  819,  302,  353,  288,  595,  466,  297,  139,  540,  257,  289,  285],
        [  418,    0,   54,  738,  562,  528,  206,  307,  102,  548,  701,  553,  315,  724,  435,  702,  696,  756,  475,  342,  392,  776,  317,  370,    0,  205,  395,  119,  378,  787,  473,  251,  309,  347,  403,  366,  434,  428,  492,  582,  158,  240,  190,  594,  702,  206,  428,  353,  201,  576,  416,  358,  435,  584,  233,  573,  629,  458,  138,  522,  264,  252,  801,  400,  490,  172,  368,  702,  364,  734,  356,  146,  376,  447,  339,  602,  445,  300,  379,   70,  342,  531,  515,  194,  416,  189,  423,  646,  703,  749,  493,  699,  747,  268,  770,  653,  378,  574,  257,  611,  334,  266,  154,  600,  602,  594,  695,  689,  741,  240,  843,  428,  563,  425,  255,  523,  219,  323,  456,  751,  583,  243,  583,  298,  711,  729,  760,  369,  122,  331,  196,  510,  818,  408,  512,  553,  642,  215,  702,  228,  316,  281,  174,  142,  135,  602,  384,  619,  240,  663,  419,  126,  396,  746,   42,  575,  323,  658,  528,  353,  315,  437,  369,  321,  250,  386,  176,  407,  221,  577,  186,  742,  686,  544,   43,  437,  318,  389,  449,  659,  538,  630,  636,  229,  681,  656,  118,  405,  223,  416,  218,  611],
        [  220,    0,  255,  564,  387,  326,  106,  490,  303,  599,  729,  485,  114,  682,  366,  772,  706,  815,  295,  498,  252,  660,  519,  180,  205,    0,  438,  321,  548,  618,  533,  326,  497,  543,  607,  237,  306,  260,  498,  387,  348,   36,  375,  464,  507,  392,  230,  164,  403,  512,  213,  559,  416,  605,  420,  545,  507,  660,  283,  494,  468,  450,  659,  604,  505,  315,  208,  611,  213,  553,  546,  180,  316,  306,  179,  561,  268,  192,  265,  242,  358,  447,  403,  397,  538,  390,  586,  511,  714,  592,  313,  709,  634,  359,  803,  696,  568,  646,  438,  411,  199,  227,  296,  436,  472,  419,  632,  579,  586,   59,  683,  558,  467,  223,  453,  508,   57,  231,  410,  733,  670,  358,  533,  100,  531,  802,  641,  573,  145,  533,   76,  512,  869,  612,  537,  580,  439,  379,  601,  432,  276,  217,  132,  305,   87,  666,  290,  628,  247,  471,  487,   88,  446,  621,  169,  448,  119,  500,  342,  283,  282,  488,  228,  195,  225,  407,  261,  603,  174,  451,   76,  736,  638,  526,  211,  462,  478,  588,  365,  749,  647,  427,  503,  139,  561,  489,  118,  203,  406,  331,  135,  408],
        [  611,    0,  418,  643,  517,  607,  334,  348,  438,  162,  307,  273,  520,  367,  225,  335,  304,  378,  482,  270,  689,  531,  473,  594,  395,  438,    0,  440,  331,  669,   98,  645,  616,  618,  571,  674,  341,  427,  116,  604,  345,  452,  534,  900,  704,  543,  623,  585,  477,  281,  556,  482,  127,  190,  560,  221,  429,  657,  273,  184,  460,  539,  607,  576,  104,  558,  387,  424,  649,  666,  412,  523,  205,  372,  382,  262,  456,  623,  302,  460,   85,  293,  339,  467,  200,  486,  330,  470,  310,  605,  490,  307,  502,  140,  378,  263,  419,  212,  326,  655,  338,  629,  261,  859,  427,  540,  370,  449,  591,  496,  691,  227,  334,  540,  540,  166,  491,  659,  185,  371,  244,  633,  262,  452,  647,  365,  525,  574,  318,  489,  363,  135,  435,  582,  119,  158,  711,  274,  443,  455,  683,  632,  519,  290,  371,  230,  721,  228,  620,  652,   69,  438,   16,  525,  376,  407,  504,  535,  529,  704,  180,   51,  665,  323,  216,   49,  570,  480,  574,  405,  362,  355,  343,  185,  353,   51,  274,  629,  795,  321,  251,  706,  938,  308,  466,  559,  347,  525,  561,  760,  308,  689],
        [  529,    0,   66,  853,  678,  646,  321,  242,   19,  577,  736,  638,  429,  793,  526,  712,  742,  771,  592,  306,  481,  874,  212,  479,  119,  321,  440,    0,  323,  901,  501,  251,  199,  231,  290,  452,  542,  544,  549,  700,  111,  357,   95,  670,  820,  106,  539,  461,   83,  659,  533,  256,  506,  627,  128,  641,  731,  340,  169,  592,  156,  136,  907,  286,  542,  140,  484,  793,  458,  850,  273,  215,  468,  558,  455,  674,  562,  384,  485,   95,  407,  624,  616,   77,  404,   72,  372,  751,  747,  860,  610,  745,  845,  302,  800,  681,  296,  588,  201,  729,  446,  329,  180,  691,  706,  709,  774,  786,  851,  350,  954,  409,  658,  543,  138,  588,  329,  398,  538,  809,  587,  213,  660,  416,  828,  737,  860,  252,  231,  224,  313,  568,  835,  294,  558,  595,  759,  193,  796,  118,  371,  352,  264,  151,  252,  619,  455,  668,  286,  780,  446,  238,  437,  847,  159,  680,  439,  769,  645,  416,  403,  473,  460,  432,  343,  443,  197,  311,  297,  681,  303,  794,  759,  609,  133,  488,  280,  271,  510,  658,  528,  747,  711,  340,  782,  770,  234,  522,  124,  479,  329,  728],
        [  765,    0,  356,  943,  791,  828,  485,   83,  336,  383,  534,  603,  660,  680,  534,  455,  566,  520,  730,   65,  769,  861,  201,  727,  378,  548,  331,  323,    0,  977,  324,  573,  403,  375,  273,  743,  618,  673,  439,  854,  225,  579,  385,  972,  968,  383,  777,  711,  296,  612,  740,  185,  453,  463,  385,  547,  751,  360,  266,  514,  225,  335,  932,  281,  419,  461,  617,  755,  738,  957,  103,  519,  492,  646,  598,  589,  700,  677,  565,  404,  367,  617,  648,  289,  159,  317,   50,  787,  568,  919,  743,  568,  832,  246,  581,  469,   98,  356,  124,  897,  566,  639,  253,  973,  742,  820,  696,  778,  906,  599, 1008,  142,  658,  737,  335,  493,  582,  700,  508,  659,  332,  530,  593,  616,  936,  473,  855,  297,  406,  210,  499,  456,  585,  285,  414,  433,  943,  170,  773,  248,  686,  657,  552,  245,  461,  390,  761,  510,  603,  919,  286,  493,  318,  853,  395,  719,  657,  840,  784,  727,  435,  328,  745,  548,  416,  369,  518,  158,  598,  718,  491,  630,  664,  510,  350,  378,   75,  362,  823,  383,  252,  934, 1013,  480,  791,  856,  430,  717,  396,  790,  472,  916],
        [  534,    0,  840,   58,  231,  363,  581,  962,  886,  742,  749,  420,  561,  529,  447,  886,  686,  884,  324,  913,  709,  261, 1051,  580,  787,  618,  669,  901,  977,    0,  734,  940, 1095, 1131, 1153,  724,  368,  362,  603,  274,  873,  589,  976,  824,  221,  992,  536,  591,  977,  428,  464, 1079,  544,  673, 1019,  530,  251, 1225,  776,  525, 1013, 1035,  152, 1153,  628,  930,  420,  345,  678,   97, 1030,  797,  486,  346,  450,  499,  351,  734,  425,  844,  613,  382,  331,  969,  867,  971,  989,  205,  694,   73,  306,  687,  267,  732,  803,  771, 1045,  816,  919,  297,  455,  810,  779,  711,  243,  200,  447,  278,   88,  630,   81,  895,  344,  435, 1038,  557,  649,  770,  485,  621,  865,  976,  469,  523,  111,  912,  243, 1133,  670, 1068,  594,  597,  901, 1161,  657,  677,  338,  850,  309,  987,  844,  787,  744,  806,  656,  809,  797,  651,  849,  204,  734,  701,  685,  218,  746,  262,  534,  138,  283,  821,  546,  699,  699,  469,  581,  623,  878, 1100,  770,  265,  604,  657,  492,  553,  769,  639,  907, 1167,  855,  922,  905,  349,  841,  561,  239,  132,  669,  448, 1008,  833,  572,  353],
        [  708,    0,  489,  714,  600,  700,  431,  363,  502,   76,  236,  321,  617,  358,  304,  240,  251,  286,  572,  272,  784,  568,  496,  692,  473,  533,   98,  501,  324,  734,    0,  722,  662,  655,  587,  769,  427,  518,  136,  692,  397,  549,  592,  996,  787,  599,  720,  682,  525,  321,  652,  496,  196,  141,  613,  236,  487,  674,  342,  217,  493,  585,  657,  592,  111,  628,  482,  456,  745,  740,  418,  608,  294,  458,  478,  278,  548,  716,  393,  534,  182,  353,  411,  515,  169,  538,  308,  531,  255,  667,  579,  254,  540,  206,  300,  181,  420,  115,  354,  744,  433,  717,  328,  956,  492,  622,  382,  493,  653,  592,  748,  192,  392,  636,  586,  189,  586,  751,  253,  337,  148,  704,  291,  549,  723,  269,  566,  598,  408,  510,  459,  147,  346,  598,   94,  110,  802,  318,  480,  496,  771,  722,  608,  352,  463,  134,  814,  188,  705,  735,   56,  528,   88,  571,  459,  475,  601,  605,  618,  795,  276,   47,  760,  419,  313,  140,  648,  481,  663,  472,  457,  312,  346,  201,  431,  100,  285,  658,  887,  224,  171,  798, 1034,  405,  516,  633,  437,  621,  616,  852,  404,  781],
