{
    "name": "random-17-5368",
    "comment": "size=17 seed=5368",
    "nodes": ["+0", "-0", "+1", "-1", "+2", "-2", "+3", "-3", "+4", "-4", "+5", "-5", "+6", "-6", "+7", "-7", "+8", "-8", "+9", "-9", "+10", "-10", "+11", "-11", "+12", "-12", "+13", "-13", "+14", "-14", "+15", "-15", "+16", "-16", "+17", "-17"],
    "precedence": {
        "+0": "-0",
        "+1": "-1",
        "+2": "-2",
        "+3": "-3",
        "+4": "-4",
        "+5": "-5",
        "+6": "-6",
        "+7": "-7",
        "+8": "-8",
        "+9": "-9",
        "+10": "-10",
        "+11": "-11",
        "+12": "-12",
        "+13": "-13",
        "+14": "-14",
        "+15": "-15",
        "+16": "-16",
        "+17": "-17"
    },
    "edges": [
        [    0,    0,  510,  926,  282,  583,  548,  820,  171,  463,  640,  301,  612,  730,  497,  922,  541,  335, 1242,  573,  834,  674,   59,  404,  762,  584,  784,  643,  662,  873,  846, 1037,  735,  872,  368,  803],
        [    0,    0,  510,  926,  282,  583,  548,  820,  171,  463,  640,  301,  612,  730,  497,  922,  541,  335, 1242,  573,  834,  674,   59,  404,  762,  584,  784,  643,  662,  873,  846, 1037,  735,  872,  368,  803],
        [  510,  510,    0,  540,  239,   75,  115,  349,  396,  309,  533,  351,  251,  538,  262,  781,   55,  432,  951,  553,  973,  822,  456,  108,  851,  497,  950,  328,  153,  869,  947,  754,  268,  831,  175,  293],
        [  926,  926,  540,    0,  732,  512,  435,  249,  760,  472,  438,  637,  322,  330,  430,  462,  564,  651,  434,  537,  891,  805,  868,  619,  761,  464,  903,  284,  477,  670,  833,  273,  292,  607,  580,  459],
        [  282,  282,  239,  732,    0,  310,  307,  576,  219,  341,  577,  259,  411,  628,  338,  859,  263,  346, 1107,  553,  925,  763,  235,  132,  822,  526,  889,  468,  389,  885,  916,  902,  492,  862,  160,  528],
        [  583,  583,   75,  512,  310,    0,  130,  298,  470,  356,  565,  418,  257,  555,  302,  796,   58,  496,  934,  596, 1021,  874,  530,  181,  896,  534, 1001,  336,   80,  902,  991,  744,  225,  860,  245,  220],
        [  548,  548,  115,  435,  307,  130,    0,  274,  407,  233,  435,  326,  137,  428,  175,  671,  158,  393,  839,  469,  895,  751,  490,  186,  769,  405,  877,  214,  172,  772,  863,  641,  188,  730,  180,  293],
        [  820,  820,  349,  249,  576,  298,  274,    0,  671,  431,  523,  572,  239,  452,  369,  655,  355,  619,  681,  599, 1010,  893,  762,  449,  878,  522, 1009,  270,  244,  827,  963,  516,   86,  771,  452,  212],
        [  171,  171,  396,  760,  219,  470,  407,  671,    0,  293,  476,  131,  452,  561,  331,  761,  438,  179, 1072,  418,  733,  570,  117,  303,  644,  420,  691,  477,  545,  735,  734,  867,  588,  725,  230,  684],
        [  463,  463,  309,  472,  341,  356,  233,  431,  293,    0,  241,  166,  192,  289,   64,  519,  363,  190,  787,  245,  666,  519,  406,  296,  543,  195,  646,  191,  404,  568,  638,  581,  358,  536,  191,  518],
        [  640,  640,  533,  438,  577,  565,  435,  523,  476,  241,    0,  351,  327,  118,  272,  287,  585,  307,  618,  103,  488,  375,  591,  536,  355,   57,  486,  262,  594,  338,  444,  424,  481,  299,  431,  677],
        [  301,  301,  351,  637,  259,  418,  326,  572,  131,  166,  351,    0,  341,  431,  212,  638,  401,   90,  942,  305,  668,  507,  247,  285,  563,  295,  634,  355,  485,  633,  657,  737,  492,  616,  178,  617],
        [  612,  612,  251,  322,  411,  257,  137,  239,  452,  192,  327,  341,    0,  300,  132,  540,  292,  381,  707,  382,  807,  676,  554,  308,  677,  309,  797,   80,  270,  659,  768,  507,  170,  612,  258,  353],
        [  730,  730,  538,  330,  628,  555,  428,  452,  561,  289,  118,  431,  300,    0,  295,  244,  585,  404,  515,  220,  569,  476,  677,  563,  437,  162,  577,  222,  568,  376,  516,  314,  426,  322,  471,  629],
        [  497,  497,  262,  430,  338,  302,  175,  369,  331,   64,  272,  212,  132,  295,    0,  535,  315,  250,  772,  295,  721,  577,  439,  269,  595,  235,  703,  147,  345,  608,  690,  567,  295,  571,  178,  455],
        [  922,  922,  781,  462,  859,  796,  671,  655,  761,  519,  287,  638,  540,  244,  535,    0,  828,  587,  402,  352,  486,  466,  875,  804,  378,  343,  519,  461,  804,  235,  418,  271,  648,  170,  707,  851],
        [  541,  541,   55,  564,  263,   58,  158,  355,  438,  363,  585,  401,  292,  585,  315,  828,    0,  484,  983,  607, 1027,  876,  489,  139,  905,  549, 1004,  371,  131,  921, 1001,  790,  280,  882,  224,  267],
        [  335,  335,  432,  651,  346,  496,  393,  619,  179,  190,  307,   90,  381,  404,  250,  587,  484,    0,  918,  240,  580,  418,  289,  373,  478,  251,  544,  377,  559,  558,  571,  717,  543,  547,  263,  686],
        [ 1242, 1242,  951,  434, 1107,  934,  839,  681, 1072,  787,  618,  942,  707,  515,  772,  402,  983,  918,    0,  711,  875,  868, 1188, 1014,  777,  671,  914,  640,  907,  621,  804,  207,  723,  562,  947,  890],
        [  573,  573,  553,  537,  553,  596,  469,  599,  418,  245,  103,  305,  382,  220,  295,  352,  607,  240,  711,    0,  428,  295,  528,  535,  301,   78,  416,  330,  636,  333,  396,  522,  547,  312,  423,  734],
        [  834,  834,  973,  891,  925, 1021,  895, 1010,  733,  666,  488,  668,  807,  569,  721,  486, 1027,  580,  875,  428,    0,  164,  813,  939,  133,  498,   63,  748, 1063,  255,   71,  755,  967,  317,  826, 1160],
        [  674,  674,  822,  805,  763,  874,  751,  893,  570,  519,  375,  507,  676,  476,  577,  466,  876,  418,  868,  295,  164,    0,  651,  782,  112,  371,  129,  624,  921,  276,  175,  717,  841,  317,  669, 1026],
        [   59,   59,  456,  868,  235,  530,  490,  762,  117,  406,  591,  247,  554,  677,  439,  875,  489,  289, 1188,  528,  813,  651,    0,  352,  734,  534,  765,  585,  609,  837,  820,  983,  677,  832,  311,  749],
        [  404,  404,  108,  619,  132,  181,  186,  449,  303,  296,  536,  285,  308,  563,  269,  804,  139,  373, 1014,  535,  939,  782,  352,    0,  825,  491,  910,  375,  260,  863,  920,  812,  365,  832,  114,  400],
        [  762,  762,  851,  761,  822,  896,  769,  878,  644,  543,  355,  563,  677,  437,  595,  378,  905,  478,  777,  301,  133,  112,  734,  825,    0,  368,  146,  616,  936,  168,   96,  640,  835,  217,  711, 1029],
        [  584,  584,  497,  464,  526,  534,  405,  522,  420,  195,   57,  295,  309,  162,  235,  343,  549,  251,  671,   78,  498,  371,  534,  491,  368,    0,  490,  254,  569,  374,  461,  474,  472,  342,  384,  662],
        [  784,  784,  950,  903,  889, 1001,  877, 1009,  691,  646,  486,  634,  797,  577,  703,  519, 1004,  544,  914,  416,   63,  129,  765,  910,  146,  490,    0,  742, 1047,  295,  122,  784,  961,  353,  797, 1149],
        [  643,  643,  328,  284,  468,  336,  214,  270,  477,  191,  262,  355,   80,  222,  147,  461,  371,  377,  640,  330,  748,  624,  585,  375,  616,  254,  742,    0,  346,  587,  705,  437,  220,  538,  310,  417],
        [  662,  662,  153,  477,  389,   80,  172,  244,  545,  404,  594,  485,  270,  568,  345,  804,  131,  559,  907,  636, 1063,  921,  609,  260,  936,  569, 1047,  346,    0,  928, 1029,  725,  185,  882,  318,  141],
        [  873,  873,  869,  670,  885,  902,  772,  827,  735,  568,  338,  633,  659,  376,  608,  235,  921,  558,  621,  333,  255,  276,  837,  863,  168,  374,  295,  587,  928,    0,  185,  505,  800,   66,  753, 1002],
        [  846,  846,  947,  833,  916,  991,  863,  963,  734,  638,  444,  657,  768,  516,  690,  418, 1001,  571,  804,  396,   71,  175,  820,  920,   96,  461,  122,  705, 1029,  185,    0,  687,  924,  248,  807, 1120],
        [ 1037, 1037,  754,  273,  902,  744,  641,  516,  867,  581,  424,  737,  507,  314,  567,  271,  790,  717,  207,  522,  755,  717,  983,  812,  640,  474,  784,  437,  725,  505,  687,    0,  543,  440,  742,  727],
        [  735,  735,  268,  292,  492,  225,  188,   86,  588,  358,  481,  492,  170,  426,  295,  648,  280,  543,  723,  547,  967,  841,  677,  365,  835,  472,  961,  220,  185,  800,  924,  543,    0,  747,  367,  204],
        [  872,  872,  831,  607,  862,  860,  730,  771,  725,  536,  299,  616,  612,  322,  571,  170,  882,  547,  562,  312,  317,  317,  832,  832,  217,  342,  353,  538,  882,   66,  248,  440,  747,    0,  725,  950],
        [  368,  368,  175,  580,  160,  245,  180,  452,  230,  191,  431,  178,  258,  471,  178,  707,  224,  263,  947,  423,  826,  669,  311,  114,  711,  384,  797,  310,  318,  753,  807,  742,  367,  725,    0,  455],
        [  803,  803,  293,  459,  528,  220,  293,  212,  684,  518,  677,  617,  353,  629,  455,  851,  267,  686,  890,  734, 1160, 1026,  749,  400, 1029,  662, 1149,  417,  141, 1002, 1120,  727,  204,  950,  455,    0]
    ]
}
