{
    "name": "random-31-24957",
    "comment": "size=31 seed=24957",
    "nodes": ["+0", "-0", "+1", "-1", "+2", "-2", "+3", "-3", "+4", "-4", "+5", "-5", "+6", "-6", "+7", "-7", "+8", "-8", "+9", "-9", "+10", "-10", "+11", "-11", "+12", "-12", "+13", "-13", "+14", "-14", "+15", "-15", "+16", "-16", "+17", "-17", "+18", "-18", "+19", "-19", "+20", "-20", "+21", "-21", "+22", "-22", "+23", "-23", "+24", "-24", "+25", "-25", "+26", "-26", "+27", "-27", "+28", "-28", "+29", "-29", "+30", "-30", "+31", "-31"],
    "precedence": {
        "+0": "-0",
        "+1": "-1",
        "+2": "-2",
        "+3": "-3",
        "+4": "-4",
        "+5": "-5",
        "+6": "-6",
        "+7": "-7",
        "+8": "-8",
        "+9": "-9",
        "+10": "-10",
        "+11": "-11",
        "+12": "-12",
        "+13": "-13",
        "+14": "-14",
        "+15": "-15",
        "+16": "-16",
        "+17": "-17",
        "+18": "-18",
        "+19": "-19",
        "+20": "-20",
        "+21": "-21",
        "+22": "-22",
        "+23": "-23",
        "+24": "-24",
        "+25": "-25",
        "+26": "-26",
        "+27": "-27",
        "+28": "-28",
        "+29": "-29",
        "+30": "-30",
        "+31": "-31"
    },
    "edges": [
        [    0,    0,  770,  278,  434,  345,  364,  229,  412,  362,  581,   81,   79,  609,  470,  592,  404,  797,  705,  576,  900,  557,  598,  272,  679,  201,  155,  196,  613,  330,  367,  575,  756,  370,  598,  812,  410,  275,  157,  624,  796,  660,  365,  520,  558,  843,  326,  340,  167,  613,  686,  626,  345,   94,  541,  561,  255,  716,   82,  763,  173,  588,  478,  558],
        [    0,    0,  770,  278,  434,  345,  364,  229,  412,  362,  581,   81,   79,  609,  470,  592,  404,  797,  705,  576,  900,  557,  598,  272,  679,  201,  155,  196,  613,  330,  367,  575,  756,  370,  598,  812,  410,  275,  157,  624,  796,  660,  365,  520,  558,  843,  326,  340,  167,  613,  686,  626,  345,   94,  541,  561,  255,  716,   82,  763,  173,  588,  478,  558],
        [  770,  770,    0,  823,  877,  762,  409,  584,  371,  409,  801,  848,  786,  675,  697,  264,  523,  302,  439,  969,  184,  214,  224,  879,  331,  792,  924,  593,  484,  586,  900,  548,   24,  565,  369,  235,  885,  527,  833,  151,  190,  352,  508,  422,  219,  478,  560,  592,  767,  320,  460,  150,  496,  761,  393,  521,  570,  126,  847,  396,  799,  242,  324,  612],
        [  278,  278,  823,    0,  712,  618,  440,  442,  460,  454,  849,  268,  200,  857,  729,  582,  319,  941,  600,  853,  986,  633,  715,  544,  618,  479,  315,  276,  819,  242,  642,  799,  803,  598,  771,  783,  686,  461,  137,  699,  907,  827,  571,  450,  647,  730,  549,  239,  444,  770,  882,  705,  327,  187,  720,  431,  468,  732,  313,  936,  106,  711,  609,  797],
        [  434,  434,  877,  712,    0,  127,  589,  372,  643,  567,  214,  462,  512,  332,  206,  822,  754,  743, 1010,  143,  929,  692,  654,  188,  945,  234,  465,  537,  472,  705,   95,  398,  874,  315,  544, 1019,   34,  412,  585,  735,  803,  595,  376,  828,  673, 1140,  332,  718,  269,  587,  547,  733,  669,  526,  499,  909,  365,  886,  416,  656,  607,  637,  561,  336],
        [  345,  345,  762,  618,  127,    0,  463,  247,  517,  441,  240,  389,  423,  303,  154,  697,  632,  655,  884,  260,  828,  571,  542,  170,  819,  156,  412,  420,  396,  587,  142,  329,  758,  198,  448,  896,  125,  286,  501,  618,  704,  504,  256,  703,  553, 1013,  209,  600,  180,  487,  475,  616,  546,  432,  398,  786,  239,  764,  347,  579,  515,  525,  443,  280],
        [  364,  364,  409,  440,  589,  463,    0,  224,   56,   28,  611,  441,  377,  549,  479,  244,  225,  505,  423,  716,  555,  201,  276,  525,  358,  430,  518,  186,  437,  237,  576,  447,  394,  308,  356,  460,  583,  178,  428,  269,  469,  405,  246,  248,  210,  551,  269,  249,  397,  344,  482,  273,  144,  352,  316,  348,  225,  353,  444,  513,  398,  272,  179,  476],
        [  229,  229,  584,  442,  372,  247,  224,    0,  279,  206,  435,  307,  285,  418,  304,  466,  388,  572,  640,  506,  692,  374,  388,  306,  581,  212,  371,  190,  389,  351,  353,  360,  574,  157,  370,  677,  363,   58,  362,  433,  580,  432,  138,  457,  365,  772,  108,  364,  185,  387,  460,  434,  300,  276,  313,  540,   28,  557,  288,  534,  355,  375,  268,  356],
        [  412,  412,  371,  460,  643,  517,   56,  279,    0,   77,  657,  486,  419,  587,  526,  189,  207,  498,  371,  769,  527,  173,  266,  581,  303,  485,  565,  225,  461,  239,  632,  479,  353,  355,  371,  406,  638,  232,  463,  240,  450,  413,  292,  203,  190,  497,  319,  249,  452,  351,  499,  245,  141,  392,  337,  310,  280,  304,  492,  518,  429,  267,  190,  514],
        [  362,  362,  409,  454,  567,  441,   28,  206,   77,    0,  585,  439,  380,  521,  453,  261,  251,  488,  447,  693,  548,  197,  261,  509,  379,  414,  516,  192,  411,  260,  557,  420,  394,  282,  333,  473,  562,  156,  435,  265,  457,  383,  219,  274,  202,  574,  244,  272,  383,  322,  457,  268,  168,  357,  291,  375,  204,  361,  440,  491,  407,  257,  158,  449],
        [  581,  581,  801,  849,  214,  240,  611,  435,  657,  585,    0,  628,  658,  148,  134,  812,  814,  605, 1025,  200,  812,  651,  581,  385,  942,  394,  648,  624,  333,  785,  306,  259,  803,  304,  435,  981,  247,  451,  737,  677,  687,  471,  366,  858,  625, 1142,  347,  798,  419,  484,  393,  672,  725,  665,  408,  956,  416,  839,  586,  503,  749,  563,  521,  191],
        [   81,   81,  848,  268,  462,  389,  441,  307,  486,  439,  628,    0,   88,  669,  526,  662,  456,  877,  760,  599,  980,  636,  679,  283,  742,  236,   80,  265,  687,  378,  383,  645,  833,  441,  676,  882,  433,  354,  132,  702,  876,  738,  442,  579,  637,  898,  400,  385,  210,  692,  761,  705,  408,  118,  619,  609,  332,  790,   47,  840,  167,  668,  558,  623],
        [   79,   79,  786,  200,  512,  423,  377,  285,  419,  380,  658,   88,    0,  681,  545,  587,  371,  841,  675,  653,  927,  577,  631,  346,  661,  279,  162,  194,  674,  291,  442,  641,  770,  435,  648,  805,  487,  322,   81,  644,  830,  709,  423,  496,  581,  813,  389,  298,  245,  658,  744,  648,  328,   31,  592,  522,  312,  721,  123,  814,   95,  623,  513,  628],
        [  609,  609,  675,  857,  332,  303,  549,  418,  587,  521,  148,  669,  681,    0,  150,  720,  766,  460,  942,  346,  672,  547,  462,  470,  851,  450,  705,  605,  195,  752,  412,  128,  680,  264,  306,  870,  360,  415,  761,  563,  548,  333,  310,  789,  519, 1051,  314,  765,  464,  356,  247,  557,  678,  681,  291,  895,  394,  726,  633,  357,  764,  445,  425,   74],
        [  470,  470,  697,  729,  206,  154,  479,  304,  526,  453,  134,  526,  545,  150,    0,  686,  681,  539,  895,  273,  732,  532,  474,  322,  815,  302,  558,  494,  267,  653,  273,  193,  697,  172,  346,  863,  228,  318,  625,  564,  605,  393,  235,  726,  508, 1015,  214,  666,  318,  392,  341,  561,  592,  548,  307,  823,  284,  723,  487,  450,  632,  456,  400,  133],
        [  592,  592,  264,  582,  822,  697,  244,  466,  189,  261,  812,  662,  587,  720,  686,    0,  269,  499,  229,  942,  446,  183,  295,  769,  132,  673,  741,  398,  561,  341,  817,  600,  241,  520,  449,  221,  820,  416,  618,  208,  413,  470,  455,  159,  214,  332,  492,  345,  641,  412,  575,  216,  265,  558,  438,  262,  464,  153,  673,  557,  578,  307,  296,  648],
        [  404,  404,  523,  319,  754,  632,  225,  388,  207,  251,  814,  456,  371,  766,  681,  269,    0,  700,  305,  891,  698,  363,  468,  644,  302,  551,  532,  224,  661,   84,  718,  670,  501,  513,  576,  465,  740,  364,  379,  422,  640,  619,  458,  133,  386,  443,  468,   82,  512,  557,  703,  428,   90,  340,  539,  161,  402,  421,  481,  724,  335,  470,  395,  695],
        [  797,  797,  302,  941,  743,  655,  505,  572,  498,  488,  605,  877,  841,  460,  539,  499,  700,    0,  714,  798,  221,  340,  233,  809,  605,  741,  942,  672,  275,  736,  795,  351,  320,  474,  211,  536,  761,  523,  907,  294,  116,  152,  446,  641,  314,  774,  497,  746,  730,  186,  213,  286,  638,  823,  267,  754,  548,  411,  860,  111,  886,  233,  333,  419],
        [  705,  705,  439,  600, 1010,  884,  423,  640,  371,  447, 1025,  760,  675,  942,  895,  229,  305,  714,    0, 1139,  618,  411,  523,  927,  110,  832,  837,  515,  789,  386,  991,  824,  415,  725,  678,  254, 1003,  599,  680,  430,  616,  697,  661,  188,  442,  139,  690,  381,  795,  640,  803,  437,  363,  645,  665,  171,  645,  314,  784,  781,  635,  535,  519,  869],
        [  576,  576,  969,  853,  143,  260,  716,  506,  769,  693,  200,  599,  653,  346,  273,  942,  891,  798, 1139,    0,  999,  799,  746,  318, 1068,  375,  595,  678,  524,  846,  218,  448,  969,  423,  615, 1130,  167,  541,  725,  835,  873,  658,  488,  960,  776, 1265,  451,  858,  412,  663,  589,  832,  805,  668,  579, 1045,  496,  992,  553,  700,  748,  728,  666,  380],
        [  900,  900,  184,  986,  929,  828,  555,  692,  527,  548,  812,  980,  927,  672,  732,  446,  698,  221,  618,  999,    0,  356,  305,  966,  513,  887, 1053,  740,  479,  756,  969,  554,  208,  633,  387,  391,  943,  636,  982,  288,  127,  342,  589,  604,  347,  642,  642,  763,  869,  343,  429,  283,  662,  904,  432,  705,  673,  308,  972,  331,  952,  318,  425,  622],
        [  557,  557,  214,  633,  692,  571,  201,  374,  173,  197,  651,  636,  577,  547,  532,  183,  363,  340,  411,  799,  356,    0,  117,  674,  310,  584,  712,  386,  380,  408,  704,  424,  201,  379,  267,  332,  695,  317,  628,   69,  279,  289,  316,  305,   32,  507,  363,  417,  558,  230,  393,   73,  312,  552,  260,  419,  362,  194,  634,  382,  597,  126,  133,  477],
        [  598,  598,  224,  715,  654,  542,  276,  388,  266,  261,  581,  679,  631,  462,  474,  295,  468,  233,  523,  746,  305,  117,    0,  669,  419,  586,  750,  451,  281,  504,  681,  335,  224,  344,  163,  409,  663,  332,  692,  103,  199,  175,  292,  420,   87,  610,  345,  514,  566,  119,  282,   96,  406,  611,  173,  535,  369,  265,  669,  266,  666,   18,  121,  396],
        [  272,  272,  879,  544,  188,  170,  525,  306,  581,  509,  385,  283,  346,  470,  322,  769,  644,  809,  927,  318,  966,  674,  669,    0,  879,   97,  278,  420,  560,  582,  101,  496,  872,  336,  598,  982,  156,  360,  412,  730,  845,  658,  378,  740,  662, 1063,  325,  593,  133,  632,  639,  729,  568,  365,  544,  804,  314,  861,  237,  740,  439,  653,  557,  449],
        [  679,  679,  331,  618,  945,  819,  358,  581,  303,  379,  942,  742,  661,  851,  815,  132,  302,  605,  110, 1068,  513,  310,  419,  879,    0,  783,  821,  484,  690,  385,  934,  730,  308,  648,  577,  175,  940,  534,  678,  323,  507,  593,  583,  170,  341,  201,  618,  384,  748,  537,  700,  331,  335,  631,  568,  219,  582,  206,  760,  674,  635,  432,  427,  779],
        [  201,  201,  792,  479,  234,  156,  430,  212,  485,  414,  394,  236,  279,  450,  302,  673,  551,  741,  832,  375,  887,  584,  586,   97,  783,    0,  257,  328,  508,  492,  172,  451,  783,  268,  530,  887,  209,  268,  354,  642,  769,  592,  300,  645,  574,  967,  247,  503,   40,  560,  586,  642,  473,  293,  474,  710,  223,  768,  192,  681,  374,  571,  471,  415],
        [  155,  155,  924,  315,  465,  412,  518,  371,  565,  516,  648,   80,  162,  705,  558,  741,  532,  942,  837,  595, 1053,  712,  750,  278,  821,  257,    0,  344,  740,  452,  378,  693,  910,  494,  738,  961,  433,  422,  181,  778,  947,  801,  502,  657,  712,  974,  456,  459,  242,  757,  817,  780,  486,  193,  681,  683,  395,  869,   83,  900,  224,  739,  630,  665],
        [  196,  196,  593,  276,  537,  420,  186,  190,  225,  192,  624,  265,  194,  605,  494,  398,  224,  672,  515,  678,  740,  386,  451,  420,  484,  328,  344,    0,  547,  168,  496,  532,  577,  342,  496,  618,  522,  193,  243,  454,  648,  553,  303,  328,  394,  653,  292,  181,  289,  496,  608,  458,  153,  168,  445,  384,  212,  528,  277,  661,  216,  445,  339,  539],
        [  613,  613,  484,  819,  472,  396,  437,  389,  461,  411,  333,  687,  674,  195,  267,  561,  661,  275,  789,  524,  479,  380,  281,  560,  690,  508,  740,  547,    0,  666,  532,   77,  491,  247,  118,  688,  493,  359,  750,  383,  355,  139,  252,  655,  349,  886,  288,  678,  507,  166,   79,  377,  578,  664,  126,  768,  362,  545,  660,  185,  741,  265,  276,  145],
        [  330,  330,  586,  242,  705,  587,  237,  351,  239,  260,  785,  378,  291,  752,  653,  341,   84,  736,  386,  846,  756,  408,  504,  582,  385,  492,  452,  168,  666,    0,  662,  666,  566,  492,  593,  545,  689,  339,  296,  472,  687,  642,  443,  216,  427,  523,  443,   14,  453,  580,  716,  478,   98,  260,  550,  232,  370,  491,  405,  749,  252,  504,  415,  683],
        [  367,  367,  900,  642,   95,  142,  576,  353,  632,  557,  306,  383,  442,  412,  273,  817,  718,  795,  991,  218,  969,  704,  681,  101,  934,  172,  378,  496,  532,  662,    0,  461,  895,  338,  589, 1023,   61,  402,  511,  754,  845,  644,  392,  805,  688, 1124,  342,  674,  211,  628,  609,  752,  638,  460,  539,  877,  354,  895,  337,  716,  537,  665,  578,  405],
        [  575,  575,  548,  799,  398,  329,  447,  360,  479,  420,  259,  645,  641,  128,  193,  600,  670,  351,  824,  448,  554,  424,  335,  496,  730,  451,  693,  532,   77,  666,  461,    0,  553,  206,  180,  743,  420,  340,  719,  436,  429,  212,  230,  679,  394,  929,  253,  679,  455,  229,  149,  430,  584,  635,  165,  789,  333,  599,  615,  258,  714,  318,  306,   69],
        [  756,  756,   24,  803,  874,  758,  394,  574,  353,  394,  803,  833,  770,  680,  697,  241,  501,  320,  415,  969,  208,  201,  224,  872,  308,  783,  910,  577,  491,  566,  895,  553,    0,  561,  375,  217,  881,  517,  816,  142,  210,  361,  503,  399,  210,  458,  554,  571,  758,  326,  471,  143,  476,  744,  396,  498,  561,  102,  833,  410,  781,  242,  317,  616],
        [  370,  370,  565,  598,  315,  198,  308,  157,  355,  282,  304,  441,  435,  264,  172,  520,  513,  474,  725,  423,  633,  379,  344,  336,  648,  268,  494,  342,  247,  492,  338,  206,  561,    0,  263,  708,  320,  153,  514,  421,  511,  324,   66,  555,  359,  847,   51,  505,  262,  297,  324,  419,  424,  430,  208,  653,  132,  572,  413,  414,  510,  327,  247,  199],
        [  598,  598,  369,  771,  544,  448,  356,  370,  371,  333,  435,  676,  648,  306,  346,  449,  576,  211,  678,  615,  387,  267,  163,  598,  577,  530,  738,  496,  118,  593,  589,  180,  375,  263,    0,  570,  559,  326,  719,  266,  261,   63,  238,  555,  236,  771,  287,  604,  521,   50,  130,  259,  499,  634,   58,  669,  344,  427,  656,  167,  703,  148,  181,  245],
        [  812,  812,  235,  783, 1019,  896,  460,  677,  406,  473,  981,  882,  805,  870,  863,  221,  465,  536,  254, 1130,  391,  332,  409,  982,  175,  887,  961,  618,  688,  545, 1023,  743,  217,  708,  570,    0, 1020,  624,  832,  307,  424,  568,  644,  335,  357,  252,  688,  546,  856,  524,  678,  313,  480,  776,  579,  393,  672,  144,  893,  625,  791,  426,  464,  801],
        [  410,  410,  885,  686,   34,  125,  583,  363,  638,  562,  247,  433,  487,  360,  228,  820,  740,  761, 1003,  167,  943,  695,  663,  156,  940,  209,  433,  522,  493,  689,   61,  420,  881,  320,  559, 1020,    0,  407,  558,  741,  818,  612,  380,  819,  677, 1134,  333,  701,  246,  601,  568,  739,  657,  502,  512,  897,  359,  888,  387,  677,  581,  646,  566,  360],
        [  275,  275,  527,  461,  412,  286,  178,   58,  232,  156,  451,  354,  322,  415,  318,  416,  364,  523,  599,  541,  636,  317,  332,  360,  534,  268,  422,  193,  359,  339,  402,  340,  517,  153,  326,  624,  407,    0,  395,  376,  526,  387,  111,  420,  308,  728,  105,  353,  242,  339,  426,  377,  275,  309,  270,  510,   49,  501,  340,  493,  383,  320,  212,  348],
        [  157,  157,  833,  137,  585,  501,  428,  362,  463,  435,  737,  132,   81,  761,  625,  618,  379,  907,  680,  725,  982,  628,  692,  412,  678,  354,  181,  243,  750,  296,  511,  719,  816,  514,  719,  832,  558,  395,    0,  696,  890,  779,  498,  510,  636,  815,  467,  299,  322,  727,  819,  700,  353,   86,  664,  518,  389,  759,  177,  886,   46,  684,  576,  707],
        [  624,  624,  151,  699,  735,  618,  269,  433,  240,  265,  677,  702,  644,  563,  564,  208,  422,  294,  430,  835,  288,   69,  103,  730,  323,  642,  778,  454,  383,  472,  754,  436,  142,  421,  266,  307,  741,  376,  696,    0,  219,  272,  362,  349,   69,  510,  412,  480,  617,  221,  382,    8,  376,  620,  272,  462,  420,  164,  699,  352,  665,  119,  176,  495],
        [  796,  796,  190,  907,  803,  704,  469,  580,  450,  457,  687,  876,  830,  548,  605,  413,  640,  116,  616,  873,  127,  279,  199,  845,  507,  769,  947,  648,  355,  687,  845,  429,  210,  511,  261,  424,  818,  526,  890,  219,    0,  217,  469,  564,  261,  667,  523,  696,  753,  218,  309,  212,  590,  809,  307,  674,  559,  306,  865,  221,  863,  208,  318,  497],
        [  660,  660,  352,  827,  595,  504,  405,  432,  413,  383,  471,  738,  709,  333,  393,  470,  619,  152,  697,  658,  342,  289,  175,  658,  593,  592,  801,  553,  139,  642,  644,  212,  361,  324,   63,  568,  612,  387,  779,  272,  217,    0,  300,  588,  258,  781,  349,  653,  583,   63,  111,  265,  547,  694,  120,  703,  406,  427,  718,  109,  762,  164,  227,  281],
        [  365,  365,  508,  571,  376,  256,  246,  138,  292,  219,  366,  442,  423,  310,  235,  455,  458,  446,  661,  488,  589,  316,  292,  378,  583,  300,  502,  303,  252,  443,  392,  230,  503,   66,  238,  644,  380,  111,  498,  362,  469,  300,    0,  493,  298,  782,   54,  456,  286,  262,  322,  360,  369,  413,  180,  593,  111,  510,  419,  399,  489,  276,  187,  241],
        [  520,  520,  422,  450,  828,  703,  248,  457,  203,  274,  858,  579,  496,  789,  726,  159,  133,  641,  188,  960,  604,  305,  420,  740,  170,  645,  657,  328,  655,  216,  805,  679,  399,  555,  555,  335,  819,  420,  510,  349,  564,  588,  493,    0,  334,  325,  516,  214,  608,  526,  684,  357,  176,  465,  530,  116,  464,  308,  600,  685,  466,  427,  380,  716],
        [  558,  558,  219,  647,  673,  553,  210,  365,  190,  202,  625,  637,  581,  519,  508,  214,  386,  314,  442,  776,  347,   32,   87,  662,  341,  574,  712,  394,  349,  427,  688,  394,  210,  359,  236,  357,  677,  308,  636,   69,  261,  258,  298,  334,    0,  537,  347,  437,  549,  199,  361,   70,  330,  558,  230,  448,  352,  216,  633,  352,  607,   95,  112,  448],
        [  843,  843,  478,  730, 1140, 1013,  551,  772,  497,  574, 1142,  898,  813, 1051, 1015,  332,  443,  774,  139, 1265,  642,  507,  610, 1063,  201,  967,  974,  653,  886,  523, 1124,  929,  458,  847,  771,  252, 1134,  728,  815,  510,  667,  781,  782,  325,  537,    0,  815,  518,  931,  729,  891,  517,  501,  782,  766,  300,  775,  365,  922,  854,  770,  624,  627,  979],
        [  326,  326,  560,  549,  332,  209,  269,  108,  319,  244,  347,  400,  389,  314,  214,  492,  468,  497,  690,  451,  642,  363,  345,  325,  618,  247,  456,  292,  288,  443,  342,  253,  554,   51,  287,  688,  333,  105,  467,  412,  523,  349,   54,  516,  347,  815,    0,  457,  234,  314,  362,  411,  378,  382,  230,  611,   82,  556,  375,  445,  462,  329,  237,  249],
        [  340,  340,  592,  239,  718,  600,  249,  364,  249,  272,  798,  385,  298,  765,  666,  345,   82,  746,  381,  858,  763,  417,  514,  593,  384,  503,  459,  181,  678,   14,  674,  679,  571,  505,  604,  546,  701,  353,  299,  480,  696,  653,  456,  214,  437,  518,  457,    0,  464,  592,  728,  486,  108,  268,  562,  225,  383,  495,  413,  760,  255,  514,  427,  696],
        [  167,  167,  767,  444,  269,  180,  397,  185,  452,  383,  419,  210,  245,  464,  318,  641,  512,  730,  795,  412,  869,  558,  566,  133,  748,   40,  242,  289,  507,  453,  211,  455,  758,  262,  521,  856,  246,  242,  322,  617,  753,  583,  286,  608,  549,  931,  234,  464,    0,  548,  585,  617,  435,  258,  464,  672,  199,  740,  170,  676,  339,  552,  449,  424],
        [  613,  613,  320,  770,  587,  487,  344,  387,  351,  322,  484,  692,  658,  356,  392,  412,  557,  186,  640,  663,  343,  230,  119,  632,  537,  560,  757,  496,  166,  580,  628,  229,  326,  297,   50,  524,  601,  339,  727,  221,  218,   63,  262,  526,  199,  729,  314,  592,  548,    0,  164,  214,  485,  642,   90,  641,  363,  381,  675,  170,  708,  106,  165,  294],
        [  686,  686,  460,  882,  547,  475,  482,  460,  499,  457,  393,  761,  744,  247,  341,  575,  703,  213,  803,  589,  429,  393,  282,  639,  700,  586,  817,  608,   79,  716,  609,  149,  471,  324,  130,  678,  568,  426,  819,  382,  309,  111,  322,  684,  361,  891,  362,  728,  585,  164,    0,  374,  625,  733,  167,  798,  433,  538,  735,  112,  808,  269,  310,  213],
        [  626,  626,  150,  705,  733,  616,  273,  434,  245,  268,  672,  705,  648,  557,  561,  216,  428,  286,  437,  832,  283,   73,   96,  729,  331,  642,  780,  458,  377,  478,  752,  430,  143,  419,  259,  313,  739,  377,  700,    8,  212,  265,  360,  357,   70,  517,  411,  486,  617,  214,  374,    0,  382,  624,  267,  469,  420,  170,  702,  344,  670,  113,  175,  490],
        [  345,  345,  496,  327,  669,  546,  144,  300,  141,  168,  725,  408,  328,  678,  592,  265,   90,  638,  363,  805,  662,  312,  406,  568,  335,  473,  486,  153,  578,   98,  638,  584,  476,  424,  499,  480,  657,  275,  353,  376,  590,  547,  369,  176,  330,  501,  378,  108,  435,  485,  625,  382,    0,  298,  459,  241,  313,  409,  426,  654,  314,  406,  320,  607],
        [   94,   94,  761,  187,  526,  432,  352,  276,  392,  357,  665,  118,   31,  681,  548,  558,  340,  823,  645,  668,  904,  552,  611,  365,  631,  293,  193,  168,  664,  260,  460,  635,  744,  430,  634,  776,  502,  309,   86,  620,  809,  694,  413,  465,  558,  782,  382,  268,  258,  642,  733,  624,  298,    0,  579,  492,  304,  693,  150,  801,   85,  603,  494,  625],
        [  541,  541,  393,  720,  499,  398,  316,  313,  337,  291,  408,  619,  592,  291,  307,  438,  539,  267,  665,  579,  432,  260,  173,  544,  568,  474,  681,  445,  126,  550,  539,  165,  396,  208,   58,  579,  512,  270,  664,  272,  307,  120,  180,  530,  230,  766,  230,  562,  464,   90,  167,  267,  459,  579,    0,  642,  287,  436,  598,  223,  650,  156,  151,  223],
        [  561,  561,  521,  431,  909,  786,  348,  540,  310,  375,  956,  609,  522,  895,  823,  262,  161,  754,  171, 1045,  705,  419,  535,  804,  219,  710,  683,  384,  768,  232,  877,  789,  498,  653,  669,  393,  897,  510,  518,  462,  674,  703,  593,  116,  448,  300,  611,  225,  672,  641,  798,  469,  241,  492,  642,    0,  551,  401,  637,  800,  472,  542,  492,  822],
        [  255,  255,  570,  468,  365,  239,  225,   28,  280,  204,  416,  332,  312,  394,  284,  464,  402,  548,  645,  496,  673,  362,  369,  314,  582,  223,  395,  212,  362,  370,  354,  333,  561,  132,  344,  672,  359,   49,  389,  420,  559,  406,  111,  464,  352,  775,   82,  383,  199,  363,  433,  420,  313,  304,  287,  551,    0,  548,  313,  508,  382,  355,  251,  330],
        [  716,  716,  126,  732,  886,  764,  353,  557,  304,  361,  839,  790,  721,  726,  723,  153,  421,  411,  314,  992,  308,  194,  265,  861,  206,  768,  869,  528,  545,  491,  895,  599,  102,  572,  427,  144,  888,  501,  759,  164,  306,  427,  510,  308,  216,  365,  556,  495,  740,  381,  538,  170,  409,  693,  436,  401,  548,    0,  796,  491,  721,  282,  326,  658],
        [   82,   82,  847,  313,  416,  347,  444,  288,  492,  440,  586,   47,  123,  633,  487,  673,  481,  860,  784,  553,  972,  634,  669,  237,  760,  192,   83,  277,  660,  405,  337,  615,  833,  413,  656,  893,  387,  340,  177,  699,  865,  718,  419,  600,  633,  922,  375,  413,  170,  675,  735,  702,  426,  150,  598,  637,  313,  796,    0,  818,  210,  658,  549,  589],
        [  763,  763,  396,  936,  656,  579,  513,  534,  518,  491,  503,  840,  814,  357,  450,  557,  724,  111,  781,  700,  331,  382,  266,  740,  674,  681,  900,  661,  185,  749,  716,  258,  410,  414,  167,  625,  677,  493,  886,  352,  221,  109,  399,  685,  352,  854,  445,  760,  676,  170,  112,  344,  654,  801,  223,  800,  508,  491,  818,    0,  870,  259,  334,  323],
        [  173,  173,  799,  106,  607,  515,  398,  355,  429,  407,  749,  167,   95,  764,  632,  578,  335,  886,  635,  748,  952,  597,  666,  439,  635,  374,  224,  216,  741,  252,  537,  714,  781,  510,  703,  791,  581,  383,   46,  665,  863,  762,  489,  466,  607,  770,  462,  255,  339,  708,  808,  670,  314,   85,  650,  472,  382,  721,  210,  870,    0,  660,  553,  707],
        [  588,  588,  242,  711,  637,  525,  272,  375,  267,  257,  563,  668,  623,  445,  456,  307,  470,  233,  535,  728,  318,  126,   18,  653,  432,  571,  739,  445,  265,  504,  665,  318,  242,  327,  148,  426,  646,  320,  684,  119,  208,  164,  276,  427,   95,  624,  329,  514,  552,  106,  269,  113,  406,  603,  156,  542,  355,  282,  658,  259,  660,    0,  110,  378],
        [  478,  478,  324,  609,  561,  443,  179,  268,  190,  158,  521,  558,  513,  425,  400,  296,  395,  333,  519,  666,  425,  133,  121,  557,  427,  471,  630,  339,  276,  415,  578,  306,  317,  247,  181,  464,  566,  212,  576,  176,  318,  227,  187,  380,  112,  627,  237,  427,  449,  165,  310,  175,  320,  494,  151,  492,  251,  326,  549,  334,  553,  110,    0,  352],
        [  558,  558,  612,  797,  336,  280,  476,  356,  514,  449,  191,  623,  628,   74,  133,  648,  695,  419,  869,  380,  622,  477,  396,  449,  779,  415,  665,  539,  145,  683,  405,   69,  616,  199,  245,  801,  360,  348,  707,  495,  497,  281,  241,  716,  448,  979,  249,  696,  424,  294,  213,  490,  607,  625,  223,  822,  330,  658,  589,  323,  707,  378,  352,    0]
    ]
}
