{
    "name": "random-16-30829",
    "comment": "size=16 seed=30829",
    "nodes": ["+0", "-0", "+1", "-1", "+2", "-2", "+3", "-3", "+4", "-4", "+5", "-5", "+6", "-6", "+7", "-7", "+8", "-8", "+9", "-9", "+10", "-10", "+11", "-11", "+12", "-12", "+13", "-13", "+14", "-14", "+15", "-15", "+16", "-16"],
    "precedence": {
        "+0": "-0",
        "+1": "-1",
        "+2": "-2",
        "+3": "-3",
        "+4": "-4",
        "+5": "-5",
        "+6": "-6",
        "+7": "-7",
        "+8": "-8",
        "+9": "-9",
        "+10": "-10",
        "+11": "-11",
        "+12": "-12",
        "+13": "-13",
        "+14": "-14",
        "+15": "-15",
        "+16": "-16"
    },
    "edges": [
        [    0,    0,  876,  911,  788, 1033,  670, 1029, 1058,  874,  295,  293,  645,  860,  462,  642,  571,  767,  724,  929,  736,  938,  516,  920,  794,  427,  720,  720,  788,  636,  623,  502,  313,  979],
        [    0,    0,  876,  911,  788, 1033,  670, 1029, 1058,  874,  295,  293,  645,  860,  462,  642,  571,  767,  724,  929,  736,  938,  516,  920,  794,  427,  720,  720,  788,  636,  623,  502,  313,  979],
        [  876,  876,    0,  278,  224,  315,  526,  404,  237,  341,  674,  589,  354,  397,  414,  639,  549,  541,  505,  294,  581,  787,  579,   79,  147,  482,  221,  403,  583,  402,  300,  448,  563,  452],
        [  911,  911,  278,    0,  134,  124,  354,  145,  477,   83,  647,  664,  270,  144,  495,  859,  422,  324,  748,   22,  376,  534,  766,  348,  402,  608,  449,  647,  835,  292,  487,  412,  622,  175],
        [  788,  788,  224,  134,    0,  248,  308,  275,  456,  146,  536,  533,  164,  189,  363,  736,  349,  317,  635,  155,  358,  566,  637,  303,  311,  475,  340,  536,  726,  202,  364,  297,  492,  278],
        [ 1033, 1033,  315,  124,  248,    0,  467,  111,  462,  187,  770,  780,  393,  238,  607,  939,  541,  422,  815,  109,  476,  596,  858,  367,  458,  714,  519,  713,  896,  415,  574,  535,  739,  200],
        [  670,  670,  526,  354,  308,  467,    0,  414,  762,  280,  376,  512,  188,  235,  415,  874,  100,   98,  821,  362,   85,  334,  743,  604,  575,  539,  569,  737,  917,  140,  541,  230,  462,  336],
        [ 1029, 1029,  404,  145,  275,  111,  414,    0,  570,  156,  752,  796,  386,  181,  633, 1003,  500,  351,  889,  124,  405,  494,  910,  464,  539,  749,  591,  788,  975,  395,  632,  528,  751,   99],
        [ 1058, 1058,  237,  477,  456,  462,  762,  570,    0,  552,  890,  766,  590,  612,  604,  677,  785,  771,  519,  487,  814, 1007,  667,  161,  265,  637,  340,  436,  566,  638,  439,  675,  750,  642],
        [  874,  874,  341,   83,  146,  187,  280,  156,  552,    0,  598,  643,  231,   62,  485,  881,  356,  243,  781,   85,  295,  455,  777,  415,  450,  604,  485,  682,  871,  240,  509,  372,  598,  133],
        [  295,  295,  674,  647,  536,  770,  376,  752,  890,  598,    0,  242,  378,  577,  304,  688,  277,  472,  705,  663,  442,  652,  542,  735,  635,  358,  580,  660,  792,  358,  498,  240,  208,  693],
        [  293,  293,  589,  664,  533,  780,  512,  796,  766,  643,  242,    0,  417,  645,  178,  447,  428,  606,  479,  684,  593,  833,  302,  630,  502,  142,  428,  451,  560,  427,  331,  291,   51,  764],
        [  645,  645,  354,  270,  164,  393,  188,  386,  590,  231,  378,  417,    0,  228,  272,  712,  195,  243,  643,  287,  263,  506,  591,  430,  388,  398,  382,  556,  739,   50,  361,  144,  370,  348],
        [  860,  860,  397,  144,  189,  238,  235,  181,  612,   62,  577,  645,  228,    0,  496,  911,  320,  186,  819,  143,  239,  395,  801,  472,  499,  619,  527,  722,  911,  225,  541,  363,  597,  121],
        [  462,  462,  414,  495,  363,  607,  415,  633,  604,  485,  304,  178,  272,  496,    0,  462,  355,  497,  431,  516,  499,  748,  328,  460,  342,  127,  279,  368,  525,  298,  194,  190,  150,  612],
        [  642,  642,  639,  859,  736,  939,  874, 1003,  677,  881,  688,  447,  712,  911,  462,    0,  816,  951,  160,  880,  958, 1207,  146,  624,  493,  347,  421,  245,  166,  748,  373,  651,  482, 1014],
        [  571,  571,  549,  422,  349,  541,  100,  500,  785,  356,  277,  428,  195,  320,  355,  816,    0,  196,  778,  434,  170,  406,  679,  624,  572,  472,  552,  703,  874,  149,  508,  167,  378,  429],
        [  767,  767,  541,  324,  317,  422,   98,  351,  771,  243,  472,  606,  243,  186,  497,  951,  196,    0,  886,  327,   55,  264,  823,  619,  612,  622,  618,  798,  982,  203,  603,  318,  555,  262],
        [  724,  724,  505,  748,  635,  815,  821,  889,  519,  781,  705,  479,  643,  819,  431,  160,  778,  886,    0,  767,  902, 1148,  213,  480,  358,  347,  299,  102,   97,  685,  283,  613,  500,  912],
        [  929,  929,  294,   22,  155,  109,  362,  124,  487,   85,  663,  684,  287,  143,  516,  880,  434,  327,  767,    0,  380,  528,  787,  362,  421,  629,  469,  666,  854,  307,  508,  430,  641,  159],
        [  736,  736,  581,  376,  358,  476,   85,  405,  814,  295,  442,  593,  263,  239,  499,  958,  170,   55,  902,  380,    0,  250,  827,  660,  643,  623,  644,  817,  998,  218,  621,  313,  543,  316],
        [  938,  938,  787,  534,  566,  596,  334,  494, 1007,  455,  652,  833,  506,  395,  748, 1207,  406,  264, 1148,  528,  250,    0, 1076,  863,  870,  871,  881, 1061, 1244,  464,  866,  561,  783,  397],
        [  516,  516,  579,  766,  637,  858,  743,  910,  667,  777,  542,  302,  591,  801,  328,  146,  679,  823,  213,  787,  827, 1076,    0,  582,  441,  207,  360,  243,  273,  622,  286,  516,  337,  910],
        [  920,  920,   79,  348,  303,  367,  604,  464,  161,  415,  735,  630,  430,  472,  460,  624,  624,  619,  480,  362,  660,  863,  582,    0,  142,  512,  225,  382,  549,  478,  318,  516,  609,  520],
        [  794,  794,  147,  402,  311,  458,  575,  539,  265,  450,  635,  502,  388,  499,  342,  493,  572,  612,  358,  421,  643,  870,  441,  142,    0,  376,   84,  257,  439,  438,  179,  437,  486,  574],
        [  427,  427,  482,  608,  475,  714,  539,  749,  637,  604,  358,  142,  398,  619,  127,  347,  472,  622,  347,  629,  623,  871,  207,  512,  376,    0,  298,  311,  435,  424,  199,  310,  154,  734],
        [  720,  720,  221,  449,  340,  519,  569,  591,  340,  485,  580,  428,  382,  527,  279,  421,  552,  618,  299,  469,  644,  881,  360,  225,   84,  298,    0,  198,  387,  429,   99,  403,  417,  615],
        [  720,  720,  403,  647,  536,  713,  737,  788,  436,  682,  660,  451,  556,  722,  368,  245,  703,  798,  102,  666,  817, 1061,  243,  382,  257,  311,  198,    0,  190,  600,  197,  540,  463,  812],
        [  788,  788,  583,  835,  726,  896,  917,  975,  566,  871,  792,  560,  739,  911,  525,  166,  874,  982,   97,  854,  998, 1244,  273,  549,  439,  435,  387,  190,    0,  781,  379,  708,  585, 1001],
        [  636,  636,  402,  292,  202,  415,  140,  395,  638,  240,  358,  427,   50,  225,  298,  748,  149,  203,  685,  307,  218,  464,  622,  478,  438,  424,  429,  600,  781,    0,  404,  139,  378,  345],
        [  623,  623,  300,  487,  364,  574,  541,  632,  439,  509,  498,  331,  361,  541,  194,  373,  508,  603,  283,  508,  621,  866,  286,  318,  179,  199,   99,  197,  379,  404,    0,  348,  324,  641],
        [  502,  502,  448,  412,  297,  535,  230,  528,  675,  372,  240,  291,  144,  363,  190,  651,  167,  318,  613,  430,  313,  561,  516,  516,  437,  310,  403,  540,  708,  139,  348,    0,  241,  483],
        [  313,  313,  563,  622,  492,  739,  462,  751,  750,  598,  208,   51,  370,  597,  150,  482,  378,  555,  500,  641,  543,  783,  337,  609,  486,  154,  417,  463,  585,  378,  324,  241,    0,  717],
        [  979,  979,  452,  175,  278,  200,  336,   99,  642,  133,  693,  764,  348,  121,  612, 1014,  429,  262,  912,  159,  316,  397,  910,  520,  574,  734,  615,  812, 1001,  345,  641,  483,  717,    0]
    ]
}
