{
    "name": "random-65-31375",
    "comment": "size=65 seed=31375",
    "nodes": ["+0", "-0", "+1", "-1", "+2", "-2", "+3", "-3", "+4", "-4", "+5", "-5", "+6", "-6", "+7", "-7", "+8", "-8", "+9", "-9", "+10", "-10", "+11", "-11", "+12", "-12", "+13", "-13", "+14", "-14", "+15", "-15", "+16", "-16", "+17", "-17", "+18", "-18", "+19", "-19", "+20", "-20", "+21", "-21", "+22", "-22", "+23", "-23", "+24", "-24", "+25", "-25", "+26", "-26", "+27", "-27", "+28", "-28", "+29", "-29", "+30", "-30", "+31", "-31", "+32", "-32", "+33", "-33", "+34", "-34", "+35", "-35", "+36", "-36", "+37", "-37", "+38", "-38", "+39", "-39", "+40", "-40", "+41", "-41", "+42", "-42", "+43", "-43", "+44", "-44", "+45", "-45", "+46", "-46", "+47", "-47", "+48", "-48", "+49", "-49", "+50", "-50", "+51", "-51", "+52", "-52", "+53", "-53", "+54", "-54", "+55", "-55", "+56", "-56", "+57", "-57", "+58", "-58", "+59", "-59", "+60", "-60", "+61", "-61", "+62", "-62", "+63", "-63", "+64", "-64", "+65", "-65"],
    "precedence": {
        "+0": "-0",
        "+1": "-1",
        "+2": "-2",
        "+3": "-3",
        "+4": "-4",
        "+5": "-5",
        "+6": "-6",
        "+7": "-7",
        "+8": "-8",
        "+9": "-9",
        "+10": "-10",
        "+11": "-11",
        "+12": "-12",
        "+13": "-13",
        "+14": "-14",
        "+15": "-15",
        "+16": "-16",
        "+17": "-17",
        "+18": "-18",
        "+19": "-19",
        "+20": "-20",
        "+21": "-21",
        "+22": "-22",
        "+23": "-23",
        "+24": "-24",
        "+25": "-25",
        "+26": "-26",
        "+27": "-27",
        "+28": "-28",
        "+29": "-29",
        "+30": "-30",
        "+31": "-31",
        "+32": "-32",
        "+33": "-33",
        "+34": "-34",
        "+35": "-35",
        "+36": "-36",
        "+37": "-37",
        "+38": "-38",
        "+39": "-39",
        "+40": "-40",
        "+41": "-41",
        "+42": "-42",
        "+43": "-43",
        "+44": "-44",
        "+45": "-45",
        "+46": "-46",
        "+47": "-47",
        "+48": "-48",
        "+49": "-49",
        "+50": "-50",
        "+51": "-51",
        "+52": "-52",
        "+53": "-53",
        "+54": "-54",
        "+55": "-55",
        "+56": "-56",
        "+57": "-57",
        "+58": "-58",
        "+59": "-59",
        "+60": "-60",
        "+61": "-61",
        "+62": "-62",
        "+63": "-63",
        "+64": "-64",
        "+65": "-65"
    },
    "edges": [
        [    0,    0,  490,  600,  444,  591,  456,  889,  423,  404,  561,  393,  257,  465,  852,  843,  114,  419,  615,  347,  262,  470,  643,  578,  929,  777,  343,  464,  817,  564,  568,  692,  229,  370,  583,  863,  173,  393,  479,  823,  461,  357,  704,  523,  508,  701,  818,  300,  603,  238,  495,  339,  555,  483,  395,  949,  295,  620,  147,  132,  357,  638,  549,  147,  527,  402,  301,  301,  356,  244,   86,  826,  439,  129,  288,  757,  240,  278,   76,  518,  734,  429,  311,  825,  504,  301,   46,  592,  167,  454,  480,  520,  675,  479,  177,  617,  607,  449,  181,  687,  431,  165,  207,   89,  573,  527,  317,  820,  769,  588,  102,  294,  288,  260,   52,  756,  312,  507,  700,  729,  382,  427,  541,  441,  948,  241,  561,  562,  554,  253,  240,  363],
        [    0,    0,    0,    0,    0,    0,    0,    0,    0,    0,    0,    0,    0,    0,    0,    0,    0,    0,    0,    0,    0,    0,    0,    0,    0,    0,    0,    0,    0,    0,    0,    0,    0,    0,    0,    0,    0,    0,    0,    0,    0,    0,    0,    0,    0,    0,    0,    0,    0,    0,    0,    0,    0,    0,    0,    0,    0,    0,    0,    0,    0,    0,    0,    0,    0,    0,    0,    0,    0,    0,    0,    0,    0,    0,    0,    0,    0,    0,    0,    0,    0,    0,    0,    0,    0,    0,    0,    0,    0,    0,    0,    0,    0,    0,    0,    0,    0,    0,    0,    0,    0,    0,    0,    0,    0,    0,    0,    0,    0,    0,    0,    0,    0,    0,    0,    0,    0,    0,    0,    0,    0,    0,    0,    0,    0,    0,    0,    0,    0,    0,    0,    0],
        [  490,    0,    0,  124,  196,  422,  549,  627,  676,   94,  301,  824,  312,  527,  506,  765,  458,  810,  834,  835,  289,  837,  676,  861,  620,  643,  747,   68,  903,  517,  886,  852,  357,  790,  426,  540,  610,  106,  218,  646,  185,  190,  962,  375,   74,  318, 1045,  621,  559,  612,  425,  426,  601,  180,  283,  753,  472,  493,  370,  571,  845,  914,  716,  609,  568,  771,  395,  193,  183,  469,  549,  647,  383,  363,  715,  725,  270,  768,  416,  852,  375,  390,  308, 1064,  810,  587,  507,  463,  619,   51,  387,   90,  805,  646,  478,  239,  192,  406,  327,  265,  825,  369,  284,  415,  465,  593,  752,  865,  439,  126,  528,  228,  689,  329,  491,  996,  453,  660,  763,  494,  790,  401,   53,  860,  676,  710,  813,   86,  857,  311,  427,  282],
        [  600,    0,  124,    0,  306,  511,  666,  670,  799,  217,  383,  946,  435,  642,  526,  848,  577,  933,  953,  941,  372,  961,  781,  983,  647,  720,  870,  138, 1008,  619, 1009,  967,  480,  911,  516,  567,  729,  208,  319,  713,  291,  313, 1082,  473,  164,  343, 1162,  744,  659,  735,  531,  547,  711,  185,  399,  809,  595,  582,  470,  669,  950, 1035,  834,  726,  678,  895,  518,  311,  306,  593,  665,  713,  495,  472,  836,  818,  368,  877,  525,  975,  404,  504,  431, 1182,  934,  711,  621,  555,  717,  174,  493,  171,  918,  765,  601,  286,  230,  518,  428,  276,  949,  490,  397,  531,  561,  705,  873,  966,  473,   27,  645,  318,  811,  406,  606, 1115,  576,  777,  868,  557,  912,  515,   76,  982,  713,  827,  934,   40,  979,  435,  551,  402],
        [  444,    0,  196,  306,    0,  240,  362,  494,  509,  144,  141,  703,  197,  337,  418,  580,  370,  672,  651,  782,  351,  690,  481,  689,  511,  465,  620,  243,  708,  322,  721,  662,  240,  666,  241,  437,  512,  215,   41,  481,   21,   94,  782,  184,  143,  258,  858,  478,  365,  489,  230,  256,  407,  354,   99,  598,  317,  306,  376,  558,  793,  738,  530,  525,  374,  629,  238,  184,   99,  331,  476,  482,  190,  340,  600,  533,  304,  706,  382,  693,  293,  199,  161,  879,  646,  439,  443,  275,  602,  150,  192,  139,  613,  463,  364,  175,  177,  213,  337,  250,  688,  285,  263,  356,  274,  400,  638,  670,  337,  315,  443,  294,  565,  396,  424,  812,  292,  474,  567,  341,  661,  210,  231,  731,  550,  621,  636,  274,  689,  200,  292,  113],
        [  591,    0,  422,  511,  240,    0,  270,  300,  458,  383,  129,  726,  342,  237,  307,  343,  488,  669,  534,  890,  574,  665,  293,  606,  350,  226,  641,  478,  512,  138,  654,  509,  363,  687,   13,  300,  592,  455,  207,  248,  243,  313,  666,   70,  355,  265,  715,  491,  164,  535,  113,  273,  252,  592,  213,  371,  344,   72,  570,  720,  902,  640,  412,  620,  231,  620,  298,  407,  322,  387,  590,  249,  155,  522,  644,  308,  522,  810,  549,  643,  245,  167,  286,  740,  588,  449,  573,   50,  757,  383,  113,  343,  452,  371,  449,  249,  299,  153,  540,  316,  684,  429,  462,  506,   67,  263,  679,  462,  233,  527,  549,  524,  599,  617,  554,  683,  315,  367,  379,  142,  674,  174,  445,  737,  359,  698,  544,  488,  619,  347,  366,  242],
        [  456,    0,  549,  666,  362,  270,    0,  531,  189,  471,  350,  471,  295,   34,  575,  395,  343,  406,  291,  683,  562,  396,  188,  343,  601,  359,  388,  580,  386,  156,  387,  306,  277,  433,  258,  563,  387,  526,  358,  421,  378,  369,  423,  243,  504,  518,  497,  247,  175,  309,  168,  144,  100,  676,  267,  540,  162,  247,  504,  585,  695,  385,  169,  424,   77,  356,  191,  430,  378,  212,  419,  425,  176,  447,  404,  304,  506,  604,  448,  373,  511,  165,  261,  517,  319,  209,  421,  236,  610,  499,  195,  500,  263,  107,  281,  474,  508,  156,  493,  553,  420,  334,  428,  394,  211,   72,  435,  373,  503,  673,  378,  535,  357,  595,  407,  452,  150,  113,  253,  395,  416,  153,  590,  475,  588,  478,  285,  632,  352,  299,  224,  269],
        [  889,    0,  627,  670,  494,  300,  531,    0,  714,  623,  353, 1002,  637,  501,  174,  316,  787,  935,  730, 1186,  844,  919,  450,  824,   91,  214,  918,  693,  594,  376,  881,  665,  661,  963,  308,  127,  888,  694,  453,  146,  487,  583,  848,  366,  554,  329,  859,  773,  363,  824,  406,  570,  469,  806,  501,  156,  637,  289,  857, 1017, 1198,  842,  624,  917,  467,  886,  597,  676,  590,  683,  889,  142,  454,  813,  929,  369,  796, 1107,  844,  883,  268,  466,  581,  888,  827,  732,  872,  309, 1055,  604,  412,  538,  607,  611,  747,  391,  444,  450,  823,  399,  949,  726,  746,  803,  332,  493,  962,  523,  199,  694,  848,  787,  883,  888,  853,  846,  610,  597,  506,  160,  947,  471,  627, 1005,   60,  991,  761,  663,  846,  641,  665,  532],
        [  423,    0,  676,  799,  509,  458,  189,  714,    0,  588,  528,  297,  376,  222,  764,  531,  328,  222,  193,  554,  610,  207,  306,  186,  787,  528,  223,  693,  413,  341,  212,  272,  339,  262,  446,  752,  291,  628,  516,  594,  528,  487,  299,  425,  645,  699,  404,  129,  352,  202,  352,  254,  250,  771,  410,  705,  207,  434,  522,  534,  565,  242,  145,  334,  248,  174,  282,  519,  495,  226,  357,  598,  345,  468,  258,  433,  559,  481,  447,  189,  696,  331,  369,  415,  139,  123,  379,  425,  545,  626,  374,  645,  267,  108,  264,  646,  673,  330,  527,  726,  235,  368,  482,  395,  400,  223,  279,  434,  691,  801,  324,  602,  212,  632,  372,  344,  224,  131,  324,  583,  241,  319,  723,  293,  769,  351,  147,  762,  181,  378,  264,  400],
        [  404,    0,   94,  217,  144,  383,  471,  623,  588,    0,  276,  731,  219,  452,  525,  723,  366,  716,  751,  750,  235,  745,  612,  773,  630,  608,  654,  110,  837,  458,  796,  776,  264,  696,  384,  552,  518,   73,  179,  622,  143,  103,  877,  326,  108,  343,  964,  528,  502,  519,  363,  341,  532,  214,  210,  737,  383,  449,  296,  495,  761,  827,  636,  518,  497,  678,  307,  104,   95,  377,  459,  623,  314,  280,  621,  673,  202,  681,  332,  761,  393,  319,  220,  982,  721,  495,  418,  418,  542,   51,  326,  122,  731,  564,  385,  256,  225,  338,  253,  306,  732,  277,  198,  326,  415,  521,  659,  804,  449,  215,  436,  174,  595,  280,  401,  913,  365,  579,  697,  478,  696,  329,  146,  766,  677,  619,  727,  178,  767,  218,  335,  202],
        [  561,    0,  301,  383,  141,  129,  350,  353,  528,  276,    0,  766,  305,  319,  291,  467,  473,  721,  634,  887,  491,  727,  414,  693,  374,  342,  680,  361,  638,  253,  735,  622,  339,  727,  136,  304,  601,  348,  101,  348,  135,  231,  767,  111,  230,  172,  827,  531,  286,  559,  185,  298,  361,  476,  169,  461,  369,  201,  510,  683,  898,  734,  510,  620,  333,  674,  302,  324,  238,  400,  580,  349,  185,  470,  672,  437,  444,  809,  507,  716,  181,  199,  254,  850,  664,  489,  553,  176,  725,  266,  156,  217,  567,  456,  450,  128,  172,  199,  474,  203,  737,  397,  398,  473,  186,  364,  709,  589,  208,  400,  542,  435,  631,  536,  534,  789,  340,  459,  502,  202,  718,  211,  319,  785,  409,  709,  634,  361,  701,  309,  369,  199],
        [  393,    0,  824,  946,  703,  726,  471, 1002,  297,  731,  766,    0,  519,  501, 1032,  826,  372,   88,  405,  311,  651,  145,  602,  312, 1069,  822,   87,  818,  669,  626,  265,  512,  473,   40,  715, 1026,  226,  745,  724,  888,  723,  647,  424,  679,  817,  935,  543,  237,  643,  216,  614,  469,  545,  861,  614, 1001,  397,  715,  538,  436,  320,  359,  428,  247,  539,  127,  470,  636,  651,  374,  309,  892,  587,  504,  112,  728,  618,  261,  458,  215,  945,  572,  543,  537,  246,  279,  354,  700,  420,  779,  624,  823,  531,  405,  347,  867,  880,  579,  565,  947,   85,  457,  560,  429,  676,  517,   77,  706,  954,  940,  311,  672,  139,  653,  362,  480,  426,  427,  609,  860,   56,  562,  876,   53, 1058,  170,  340,  907,  275,  518,  412,  592],
        [  257,    0,  312,  435,  197,  342,  295,  637,  376,  219,  305,  519,    0,  287,  595,  634,  174,  499,  551,  587,  270,  526,  468,  561,  673,  547,  439,  320,  679,  347,  580,  592,   47,  483,  336,  607,  318,  253,  228,  584,  216,  129,  672,  273,  299,  452,  766,  309,  391,  304,  261,  151,  379,  396,  138,  710,  170,  383,  233,  381,  599,  617,  445,  328,  345,  460,  105,  144,  133,  159,  280,  587,  201,  181,  412,  560,  213,  511,  208,  543,  480,  195,   57,  782,  505,  277,  250,  352,  422,  263,  237,  305,  555,  370,  173,  371,  371,  217,  211,  446,  515,   93,  137,  169,  337,  359,  450,  661,  512,  434,  246,  242,  381,  306,  230,  712,  159,  390,  544,  477,  481,  198,  362,  551,  696,  425,  519,  397,  553,    6,  117,  107],
        [  465,    0,  527,  642,  337,  237,   34,  501,  222,  452,  319,  501,  287,    0,  542,  380,  352,  437,  319,  705,  556,  429,  184,  375,  569,  335,  418,  561,  394,  126,  420,  326,  274,  463,  225,  530,  408,  510,  331,  394,  353,  351,  452,  211,  479,  486,  522,  274,  150,  332,  136,  139,   94,  659,  245,  515,  172,  215,  504,  596,  717,  416,  195,  444,   63,  388,  186,  417,  360,  223,  434,  398,  149,  448,  431,  292,  499,  626,  452,  406,  478,  139,  248,  543,  352,  235,  433,  203,  623,  477,  164,  475,  280,  138,  292,  443,  478,  128,  491,  521,  452,  335,  422,  398,  179,   73,  463,  375,  470,  650,  392,  526,  384,  590,  417,  478,  155,  142,  258,  362,  447,  127,  567,  507,  558,  502,  316,  609,  385,  291,  228,  250],
        [  852,    0,  506,  526,  418,  307,  575,  174,  764,  525,  291, 1032,  595,  542,    0,  468,  762,  976,  820, 1175,  757,  971,  548,  902,  122,  343,  946,  573,  728,  429,  953,  772,  629,  992,  319,   48,  884,  589,  378,  291,  405,  511,  947,  355,  437,  189,  975,  796,  435,  835,  419,  570,  540,  681,  459,  330,  642,  336,  793,  972, 1187,  930,  703,  907,  526,  927,  584,  598,  516,  680,  869,  289,  449,  756,  946,  498,  716, 1096,  796,  946,  132,  463,  544, 1003,  891,  753,  843,  341, 1014,  494,  409,  420,  713,  672,  735,  271,  315,  454,  754,  251,  991,  687,  680,  763,  365,  558,  982,  661,   83,  552,  830,  697,  902,  802,  824,  954,  613,  664,  620,  191,  980,  472,  495, 1044,  198,  992,  839,  525,  918,  599,  652,  490],
        [  843,    0,  765,  848,  580,  343,  395,  316,  531,  723,  467,  826,  634,  380,  468,    0,  730,  746,  475, 1072,  893,  713,  225,  581,  406,  134,  753,  821,  284,  287,  644,  387,  636,  792,  341,  427,  780,  794,  550,  177,  585,  643,  573,  398,  697,  551,  561,  631,  244,  698,  377,  506,  298,  934,  531,  214,  550,  275,  865,  974, 1084,  583,  402,  819,  320,  700,  550,  732,  653,  602,  813,  180,  437,  810,  783,   99,  838,  995,  823,  661,  503,  440,  582,  590,  607,  598,  812,  306, 1002,  726,  408,  684,  336,  425,  672,  571,  626,  418,  843,  618,  756,  701,  768,  771,  310,  328,  808,  212,  447,  867,  771,  850,  736,  934,  796,  560,  531,  400,  234,  313,  770,  436,  785,  814,  344,  866,  523,  828,  611,  639,  604,  555],
        [  114,    0,  458,  577,  370,  488,  343,  787,  328,  366,  473,  372,  174,  352,  762,  730,    0,  373,  520,  415,  296,  415,  530,  497,  831,  667,  302,  447,  709,  452,  497,  590,  134,  340,  479,  770,  153,  374,  401,  715,  389,  294,  620,  422,  460,  624,  730,  215,  490,  173,  387,  228,  442,  492,  304,  841,  182,  512,  197,  245,  427,  557,  444,  156,  414,  345,  192,  267,  296,  131,  108,  718,  334,  147,  261,  643,  254,  338,  119,  451,  651,  323,  220,  739,  427,  205,   86,  485,  276,  415,  376,  468,  569,  372,   67,  544,  543,  341,  209,  619,  388,   90,  190,   69,  465,  414,  297,  709,  679,  570,   74,  305,  243,  311,   68,  669,  199,  399,  589,  628,  345,  319,  510,  412,  846,  256,  471,  538,  478,  171,  128,  274],
        [  419,    0,  810,  933,  672,  669,  406,  935,  222,  716,  721,   88,  499,  437,  976,  746,  373,    0,  318,  393,  665,   63,  523,  226, 1006,  749,   77,  810,  582,  560,  183,  425,  454,   70,  657,  967,  246,  739,  689,  816,  692,  626,  342,  627,  795,  892,  462,  195,  573,  202,  558,  426,  472,  864,  579,  926,  358,  652,  556,  483,  403,  276,  346,  278,  469,   50,  435,  628,  631,  344,  334,  820,  538,  515,  136,  648,  626,  337,  474,  132,  897,  523,  515,  459,  159,  235,  376,  639,  475,  762,  573,  799,  445,  329,  334,  829,  847,  528,  577,  910,   17,  450,  561,  437,  615,  445,  123,  620,  900,  930,  325,  678,  133,  673,  380,  398,  385,  349,  525,  799,   46,  512,  861,   71,  990,  226,  252,  894,  189,  499,  386,  560],
        [  615,    0,  834,  953,  651,  534,  291,  730,  193,  751,  634,  405,  551,  319,  820,  475,  520,  318,    0,  703,  798,  267,  280,  109,  813,  521,  359,  860,  266,  398,  173,  108,  519,  382,  523,  797,  472,  799,  648,  591,  668,  648,  134,  524,  793,  796,  216,  317,  386,  386,  450,  411,  284,  946,  554,  679,  383,  487,  714,  721,  713,  113,  125,  515,  305,  286,  449,  694,  657,  412,  545,  595,  467,  659,  412,  383,  746,  638,  639,  202,  779,  455,  533,  232,  160,  316,  571,  490,  729,  783,  482,  790,  142,  189,  456,  760,  797,  446,  717,  837,  323,  555,  667,  587,  468,  272,  421,  313,  758,  959,  515,  785,  375,  822,  564,  163,  392,  178,  242,  630,  357,  443,  877,  377,  777,  512,   67,  918,  144,  554,  446,  552],
        [  347,    0,  835,  941,  782,  890,  683, 1186,  554,  750,  887,  311,  587,  705, 1175, 1072,  415,  393,  703,    0,  580,  454,  850,  618, 1238, 1039,  345,  804,  959,  826,  575,  806,  549,  325,  880, 1180,  300,  735,  814, 1097,  800,  700,  734,  828,  855, 1038,  853,  442,  855,  375,  781,  617,  776,  805,  718, 1219,  550,  902,  472,  283,   13,  668,  698,  270,  759,  418,  594,  647,  700,  504,  308, 1100,  735,  472,  297,  976,  574,   80,  420,  524, 1065,  723,  634,  847,  547,  475,  340,  879,  240,  801,  778,  866,  815,  653,  442,  956,  950,  738,  514, 1029,  394,  497,  553,  430,  856,  745,  283,  986, 1092,  927,  345,  626,  342,  561,  359,  790,  578,  679,  877, 1031,  350,  717,  885,  356, 1246,  206,  637,  903,  582,  584,  525,  689],
        [  262,    0,  289,  372,  351,  574,  562,  844,  610,  235,  491,  651,  270,  556,  757,  893,  296,  665,  798,  580,    0,  710,  737,  787,  858,  794,  591,  239,  947,  609,  791,  851,  287,  624,  571,  782,  426,  184,  391,  821,  359,  263,  907,  507,  337,  578, 1012,  508,  653,  467,  517,  418,  648,  226,  365,  942,  419,  629,  116,  301,  589,  847,  703,  407,  614,  639,  371,  169,  255,  386,  344,  823,  457,  150,  542,  825,   57,  524,  194,  746,  627,  455,  315, 1024,  720,  492,  298,  597,  348,  275,  487,  353,  819,  627,  351,  491,  459,  477,   88,  539,  679,  243,  135,  229,  587,  627,  574,  930,  680,  355,  342,   63,  533,   46,  289,  953,  418,  650,  813,  690,  632,  461,  331,  697,  900,  502,  756,  338,  771,  265,  354,  340],
        [  470,    0,  837,  961,  690,  665,  396,  919,  207,  745,  727,  145,  526,  429,  971,  713,  415,   63,  267,  454,  710,    0,  493,  168,  993,  726,  134,  842,  533,  548,  122,  375,  482,  132,  653,  958,  299,  772,  703,  795,  709,  650,  281,  628,  818,  898,  400,  217,  556,  243,  556,  437,  452,  903,  593,  901,  374,  641,  603,  542,  463,  215,  312,  334,  453,   71,  452,  660,  657,  369,  386,  799,  543,  560,  195,  615,  668,  399,  522,   71,  899,  528,  536,  397,  110,  252,  426,  631,  535,  788,  575,  820,  400,  308,  369,  840,  861,  530,  622,  921,   61,  486,  600,  482,  607,  426,  185,  575,  897,  959,  373,  718,  183,  720,  428,  337,  399,  325,  487,  790,  108,  517,  887,  110,  973,  288,  203,  923,  131,  527,  411,  578],
        [  643,    0,  676,  781,  481,  293,  188,  450,  306,  612,  414,  602,  468,  184,  548,  225,  530,  523,  280,  850,  737,  493,    0,  377,  534,  242,  528,  719,  228,  163,  437,  225,  458,  567,  283,  522,  563,  675,  463,  312,  492,  516,  401,  310,  618,  555,  430,  408,  130,  478,  252,  323,   91,  824,  402,  409,  350,  230,  688,  772,  862,  393,  183,  602,  124,  476,  370,  591,  526,  400,  603,  316,  298,  632,  559,  127,  681,  773,  635,  446,  527,  294,  425,  457,  391,  378,  608,  244,  796,  629,  290,  610,  165,  200,  467,  539,  586,  275,  674,  608,  534,  519,  604,  581,  229,  117,  584,  195,  495,  793,  562,  704,  511,  773,  594,  406,  336,  176,   88,  359,  546,  286,  709,  592,  498,  644,  315,  752,  402,  473,  411,  416],
        [  578,    0,  861,  983,  689,  606,  343,  824,  186,  773,  693,  312,  561,  375,  902,  581,  497,  226,  109,  618,  787,  168,  377,    0,  905,  618,  280,  879,  372,  474,   64,  215,  523,  293,  594,  882,  419,  814,  692,  689,  707,  672,  128,  585,  828,  860,  246,  282,  469,  340,  510,  437,  363,  956,  590,  782,  392,  566,  693,  671,  627,   61,  201,  460,  377,  204,  467,  704,  680,  409,  500,  693,  515,  642,  339,  487,  739,  559,  614,   98,  850,  502,  554,  249,   76,  296,  533,  565,  672,  810,  538,  827,  251,  237,  437,  816,  847,  497,  702,  895,  227,  548,  663,  566,  542,  345,  340,  421,  836,  986,  476,  784,  309,  806,  529,  182,  409,  240,  348,  713,  268,  490,  907,  277,  873,  438,   63,  947,   38,  563,  448,  583],
        [  929,    0,  620,  647,  511,  350,  601,   91,  787,  630,  374, 1069,  673,  569,  122,  406,  831, 1006,  813, 1238,  858,  993,  534,  905,    0,  302,  984,  687,  684,  446,  961,  752,  701, 1030,  360,   81,  942,  697,  470,  236,  501,  603,  934,  411,  549,  306,  947,  837,  439,  883,  462,  623,  546,  797,  535,  231,  693,  354,  884, 1053, 1250,  926,  705,  969,  540,  956,  645,  694,  609,  736,  936,  232,  504,  843,  991,  458,  814, 1159,  878,  960,  246,  516,  618,  976,  904,  795,  915,  369, 1094,  604,  461,  532,  693,  686,  797,  382,  430,  503,  847,  372, 1020,  764,  771,  841,  394,  569, 1026,  613,  182,  672,  896,  799,  946,  904,  896,  934,  665,  674,  594,  210, 1015,  523,  612, 1075,   83, 1047,  842,  644,  926,  677,  714,  567],
        [  777,    0,  643,  720,  465,  226,  359,  214,  528,  608,  342,  822,  547,  335,  343,  134,  667,  749,  521, 1039,  794,  726,  242,  618,  302,    0,  743,  701,  387,  216,  678,  452,  557,  786,  226,  307,  741,  680,  431,   71,  467,  537,  636,  289,  572,  417,  646,  606,  185,  666,  287,  439,  278,  815,  430,  181,  496,  166,  780,  909, 1051,  633,  422,  775,  286,  701,  477,  629,  546,  546,  759,   75,  347,  728,  763,  158,  741,  960,  747,  684,  369,  353,  492,  675,  628,  568,  751,  198,  942,  606,  311,  559,  394,  421,  615,  439,  495,  332,  753,  484,  762,  624,  676,  699,  211,  306,  793,  318,  315,  739,  717,  747,  715,  837,  734,  633,  472,  402,  293,  179,  767,  353,  659,  819,  257,  836,  556,  701,  643,  552,  539,  457],
        [  343,    0,  747,  870,  620,  641,  388,  918,  223,  654,  680,   87,  439,  418,  946,  753,  302,   77,  359,  345,  591,  134,  528,  280,  984,  743,    0,  744,  616,  543,  248,  462,  393,   47,  629,  940,  170,  672,  640,  807,  640,  567,  403,  593,  737,  850,  523,  151,  561,  136,  528,  383,  467,  794,  530,  922,  312,  631,  481,  409,  355,  336,  361,  202,  458,   77,  385,  562,  572,  290,  257,  811,  501,  442,   62,  655,  554,  280,  399,  195,  859,  486,  461,  523,  207,  193,  300,  616,  402,  700,  539,  742,  473,  329,  270,  782,  796,  493,  504,  863,   89,  383,  491,  365,  591,  437,   62,  647,  868,  865,  250,  606,   60,  598,  304,  459,  341,  353,  543,  776,   43,  476,  799,  113,  975,  159,  293,  831,  247,  438,  330,  509],
        [  464,    0,   68,  138,  243,  478,  580,  693,  693,  110,  361,  818,  320,  561,  573,  821,  447,  810,  860,  804,  239,  842,  719,  879,  687,  701,  744,    0,  945,  564,  899,  886,  362,  784,  481,  607,  597,   73,  272,  708,  237,  213,  985,  426,  140,  385, 1073,  626,  607,  610,  469,  449,  641,  115,  319,  817,  487,  547,  333,  532,  813,  933,  745,  592,  607,  774,  413,  183,  204,  477,  530,  709,  422,  335,  707,  776,  231,  740,  388,  862,  442,  428,  327, 1091,  824,  596,  486,  517,  580,   96,  432,  156,  841,  673,  476,  306,  259,  446,  291,  331,  826,  362,  262,  396,  517,  630,  743,  911,  506,  126,  513,  182,  685,  276,  471, 1022,  471,  689,  805,  557,  787,  439,   95,  856,  743,  693,  834,  101,  871,  318,  436,  312],
        [  817,    0,  903, 1008,  708,  512,  386,  594,  413,  837,  638,  669,  679,  394,  728,  284,  709,  582,  266,  959,  947,  533,  228,  372,  684,  387,  616,  945,    0,  390,  433,  159,  662,  643,  504,  693,  702,  899,  690,  449,  720,  739,  319,  537,  846,  767,  281,  539,  352,  613,  479,  530,  306, 1049,  627,  497,  537,  444,  886,  938,  970,  351,  272,  745,  341,  547,  576,  810,  749,  582,  762,  453,  524,  829,  663,  230,  891,  890,  823,  467,  731,  519,  642,  311,  425,  523,  777,  463,  954,  856,  517,  837,  147,  339,  643,  761,  810,  500,  877,  825,  588,  716,  813,  768,  452,  322,  677,   74,  689, 1021,  725,  920,  621,  980,  766,  292,  532,  311,  141,  549,  618,  509,  936,  642,  626,  760,  331,  980,  408,  684,  603,  639],
        [  564,    0,  517,  619,  322,  138,  156,  376,  341,  458,  253,  626,  347,  126,  429,  287,  452,  560,  398,  826,  609,  548,  163,  474,  446,  216,  543,  564,  390,    0,  525,  372,  350,  588,  127,  412,  527,  525,  301,  271,  332,  368,  529,  148,  457,  402,  578,  399,   45,  455,   96,  225,  115,  672,  254,  394,  280,   94,  578,  696,  838,  505,  277,  560,   98,  511,  266,  452,  378,  331,  544,  275,  153,  524,  556,  218,  553,  746,  539,  519,  382,  154,  296,  603,  463,  359,  537,   92,  727,  471,  133,  448,  316,  244,  400,  379,  424,  132,  557,  450,  574,  416,  482,  488,   71,  130,  589,  349,  363,  632,  502,  569,  510,  648,  520,  545,  256,  236,  251,  243,  571,  150,  548,  630,  433,  625,  412,  592,  490,  352,  325,  273],
        [  568,    0,  886, 1009,  721,  654,  387,  881,  212,  796,  735,  265,  580,  420,  953,  644,  497,  183,  173,  575,  791,  122,  437,   64,  961,  678,  248,  899,  433,  525,    0,  277,  539,  253,  642,  936,  402,  832,  727,  748,  740,  696,  160,  629,  857,  904,  279,  284,  523,  331,  554,  466,  417,  970,  622,  844,  414,  618,  692,  651,  584,   95,  257,  441,  428,  174,  491,  721,  703,  423,  487,  752,  554,  643,  309,  549,  745,  520,  611,   54,  897,  540,  579,  276,   76,  306,  523,  615,  648,  835,  579,  857,  314,  284,  442,  855,  884,  537,  705,  935,  182,  556,  672,  566,  591,  396,  304,  484,  886, 1010,  468,  793,  287,  807,  522,  216,  434,  290,  411,  766,  228,  528,  933,  224,  932,  406,  122,  971,   36,  581,  464,  612],
        [  692,    0,  852,  967,  662,  509,  306,  665,  272,  776,  622,  512,  592,  326,  772,  387,  590,  425,  108,  806,  851,  375,  225,  215,  752,  452,  462,  886,  159,  372,  277,    0,  566,  487,  498,  744,  562,  831,  652,  522,  676,  674,  187,  513,  804,  773,  207,  401,  348,  473,  443,  444,  262,  980,  570,  598,  433,  451,  777,  805,  817,  201,  149,  605,  292,  391,  487,  732,  683,  471,  628,  526,  472,  721,  512,  303,  797,  739,  707,  309,  749,  464,  564,  233,  267,  391,  649,  461,  817,  803,  479,  798,   60,  225,  523,  749,  791,  450,  775,  822,  431,  612,  718,  654,  443,  263,  523,  208,  719,  975,  594,  832,  472,  880,  640,  183,  435,  202,  160,  583,  462,  452,  892,  484,  707,  610,  173,  934,  251,  595,  499,  574],
        [  229,    0,  357,  480,  240,  363,  277,  661,  339,  264,  339,  473,   47,  274,  629,  636,  134,  454,  519,  549,  287,  482,  458,  523,  701,  557,  393,  362,  662,  350,  539,  566,    0,  437,  356,  638,  273,  293,  268,  599,  259,  175,  636,  295,  345,  492,  734,  265,  392,  258,  271,  136,  368,  433,  170,  725,  136,  396,  232,  357,  560,  580,  418,  286,  335,  415,   89,  182,  179,  116,  241,  602,  213,  176,  366,  558,  232,  471,  190,  501,  517,  205,   86,  749,  465,  235,  215,  367,  395,  309,  253,  351,  533,  342,  127,  413,  415,  226,  217,  489,  470,   68,  153,  144,  350,  345,  404,  648,  546,  478,  205,  268,  335,  318,  196,  678,  132,  365,  530,  501,  435,  205,  407,  505,  720,  381,  484,  441,  513,   46,   76,  141],
        [  370,    0,  790,  911,  666,  687,  433,  963,  262,  696,  727,   40,  483,  463,  992,  792,  340,   70,  382,  325,  624,  132,  567,  293, 1030,  786,   47,  784,  643,  588,  253,  487,  437,    0,  676,  986,  199,  712,  686,  851,  686,  611,  411,  639,  781,  896,  531,  198,  605,  179,  575,  430,  509,  831,  576,  965,  358,  677,  512,  423,  335,  345,  396,  224,  502,   97,  431,  602,  615,  336,  284,  854,  547,  475,   83,  693,  589,  268,  431,  201,  906,  533,  506,  528,  224,  240,  329,  662,  411,  743,  585,  786,  503,  369,  312,  829,  842,  540,  537,  909,   74,  423,  529,  400,  637,  480,   57,  678,  914,  906,  283,  642,  102,  628,  335,  467,  387,  392,  577,  822,   26,  523,  841,   73, 1020,  160,  315,  872,  258,  482,  375,  554],
        [  583,    0,  426,  516,  241,   13,  258,  308,  446,  384,  136,  715,  336,  225,  319,  341,  479,  657,  523,  880,  571,  653,  283,  594,  360,  226,  629,  481,  504,  127,  642,  498,  356,  676,    0,  311,  583,  455,  210,  251,  245,  312,  655,   65,  359,  276,  704,  480,  154,  524,  102,  264,  241,  594,  209,  375,  334,   67,  565,  713,  892,  628,  400,  610,  219,  608,  289,  405,  321,  377,  581,  253,  147,  516,  633,  302,  519,  800,  543,  631,  257,  158,  280,  729,  576,  437,  565,   41,  750,  386,  104,  348,  441,  359,  440,  258,  307,  143,  536,  325,  672,  422,  457,  499,   56,  252,  668,  454,  245,  532,  541,  522,  588,  615,  546,  672,  305,  355,  369,  152,  662,  164,  449,  725,  368,  688,  532,  493,  607,  341,  357,  238],
        [  863,    0,  540,  567,  437,  300,  563,  127,  752,  552,  304, 1026,  607,  530,   48,  427,  770,  967,  797, 1180,  782,  958,  522,  882,   81,  307,  940,  607,  693,  412,  936,  744,  638,  986,  311,    0,  887,  619,  397,  250,  426,  530,  922,  355,  469,  225,  945,  791,  414,  833,  413,  570,  520,  716,  469,  283,  641,  319,  812,  986, 1192,  908,  682,  911,  509,  917,  587,  620,  536,  681,  876,  247,  449,  773,  943,  463,  739, 1101,  810,  931,  166,  462,  553,  973,  875,  748,  852,  328, 1028,  525,  407,  452,  685,  656,  739,  302,  350,  451,  774,  292,  981,  698,  699,  775,  352,  540,  978,  624,  103,  592,  837,  723,  899,  827,  833,  926,  612,  646,  590,  170,  973,  470,  532, 1035,  151,  994,  819,  564,  900,  611,  656,  501],
        [  173,    0,  610,  729,  512,  592,  387,  888,  291,  518,  601,  226,  318,  408,  884,  780,  153,  246,  472,  300,  426,  299,  563,  419,  942,  741,  170,  597,  702,  527,  402,  562,  273,  199,  583,  887,    0,  525,  540,  797,  532,  443,  546,  533,  611,  761,  664,  163,  557,   90,  483,  319,  483,  636,  436,  920,  251,  602,  314,  252,  312,  479,  431,   44,  463,  232,  301,  419,  446,  207,   88,  801,  439,  279,  116,  686,  393,  220,  233,  350,  781,  426,  355,  668,  344,  186,  131,  580,  257,  567,  481,  618,  556,  373,  151,  685,  688,  440,  339,  762,  258,  242,  337,  205,  557,  453,  149,  717,  802,  721,   86,  446,  117,  430,  137,  600,  279,  401,  602,  734,  209,  419,  662,  271,  947,  109,  412,  690,  392,  316,  233,  409],
        [  393,    0,  106,  208,  215,  455,  526,  694,  628,   73,  348,  745,  253,  510,  589,  794,  374,  739,  799,  735,  184,  772,  675,  814,  697,  680,  672,   73,  899,  525,  832,  831,  293,  712,  455,  619,  525,    0,  251,  694,  215,  161,  923,  396,  157,  404, 1014,  557,  570,  538,  430,  390,  594,  150,  274,  808,  423,  520,  266,  467,  744,  870,  688,  519,  559,  704,  351,  112,  151,  409,  458,  695,  378,  264,  634,  741,  165,  670,  318,  794,  457,  382,  268, 1031,  757,  528,  414,  488,  515,   96,  394,  174,  789,  614,  405,  319,  281,  401,  223,  360,  754,  290,  190,  324,  485,  580,  671,  869,  516,  198,  440,  122,  613,  225,  399,  962,  409,  632,  759,  549,  715,  391,  153,  784,  746,  620,  771,  170,  805,  251,  368,  261],
        [  479,    0,  218,  319,   41,  207,  358,  453,  516,  179,  101,  724,  228,  331,  378,  550,  401,  689,  648,  814,  391,  703,  463,  692,  470,  431,  640,  272,  690,  301,  727,  652,  268,  686,  210,  397,  540,  251,    0,  444,   37,  134,  780,  157,  156,  224,  852,  495,  342,  511,  213,  266,  394,  385,  111,  559,  332,  276,  415,  595,  826,  739,  525,  554,  362,  644,  255,  225,  139,  351,  507,  445,  182,  379,  623,  507,  345,  738,  419,  702,  256,  193,  186,  873,  654,  455,  476,  246,  639,  177,  175,  148,  601,  462,  390,  145,  159,  204,  378,  224,  705,  318,  303,  391,  247,  390,  661,  649,  297,  331,  473,  335,  586,  436,  457,  808,  305,  471,  550,  302,  679,  206,  247,  749,  509,  648,  638,  291,  695,  231,  314,  133],
        [  823,    0,  646,  713,  481,  248,  421,  146,  594,  622,  348,  888,  584,  394,  291,  177,  715,  816,  591, 1097,  821,  795,  312,  689,  236,   71,  807,  708,  449,  271,  748,  522,  599,  851,  251,  250,  797,  694,  444,    0,  480,  559,  706,  316,  574,  392,  714,  668,  247,  726,  329,  489,  344,  823,  459,  127,  549,  204,  815,  954, 1109,  703,  492,  831,  349,  768,  524,  653,  568,  599,  811,    5,  387,  765,  825,  224,  769, 1017,  788,  754,  339,  395,  528,  743,  698,  628,  800,  233,  989,  614,  348,  560,  464,  488,  666,  428,  484,  375,  786,  462,  829,  666,  708,  742,  251,  372,  856,  378,  277,  734,  769,  770,  778,  864,  782,  702,  524,  471,  362,  158,  832,  397,  658,  886,  187,  895,  627,  698,  713,  589,  588,  488],
        [  461,    0,  185,  291,   21,  243,  378,  487,  528,  143,  135,  723,  216,  353,  405,  585,  389,  692,  668,  800,  359,  709,  492,  707,  501,  467,  640,  237,  720,  332,  740,  676,  259,  686,  245,  426,  532,  215,   37,  480,    0,  107,  799,  191,  128,  241,  874,  498,  374,  509,  241,  275,  421,  350,  118,  595,  336,  311,  389,  573,  811,  756,  546,  544,  388,  648,  258,  194,  111,  351,  494,  481,  205,  355,  620,  540,  314,  725,  398,  712,  279,  214,  181,  895,  665,  459,  461,  280,  618,  142,  203,  123,  627,  480,  384,  157,  157,  227,  350,  231,  708,  303,  277,  373,  281,  415,  658,  680,  325,  302,  462,  301,  585,  404,  442,  829,  311,  491,  579,  337,  681,  226,  218,  751,  542,  640,  654,  261,  708,  219,  312,  133],
        [  357,    0,  190,  313,   94,  313,  369,  583,  487,  103,  231,  647,  129,  351,  511,  643,  294,  626,  648,  700,  263,  650,  516,  672,  603,  537,  567,  213,  739,  368,  696,  674,  175,  611,  312,  530,  443,  161,  134,  559,  107,    0,  775,  249,  171,  347,  861,  434,  413,  432,  273,  238,  434,  310,  115,  680,  283,  372,  283,  467,  711,  725,  533,  450,  399,  585,  205,   95,   10,  283,  397,  561,  219,  248,  540,  585,  214,  626,  292,  662,  385,  222,  118,  879,  621,  399,  360,  340,  512,  140,  237,  177,  630,  461,  301,  261,  251,  242,  245,  330,  641,  206,  170,  271,  333,  421,  578,  710,  430,  315,  367,  211,  509,  308,  342,  811,  264,  477,  599,  428,  609,  231,  238,  679,  640,  549,  624,  276,  667,  130,  241,  101],
        [  704,    0,  962, 1082,  782,  666,  423,  848,  299,  877,  767,  424,  672,  452,  947,  573,  620,  342,  134,  734,  907,  281,  401,  128,  934,  636,  403,  985,  319,  529,  160,  187,  636,  411,  655,  922,  546,  923,  780,  706,  799,  775,    0,  657,  923,  929,  121,  407,  514,  467,  583,  537,  415, 1067,  684,  784,  502,  616,  816,  798,  743,   68,  258,  587,  437,  327,  572,  815,  783,  525,  627,  710,  599,  764,  463,  488,  858,  678,  738,  211,  911,  587,  658,  122,  203,  417,  659,  621,  799,  911,  615,  921,  243,  319,  559,  893,  930,  578,  824,  970,  340,  666,  781,  689,  600,  405,  461,  382,  888, 1087,  602,  900,  436,  928,  655,   57,  515,  311,  346,  756,  386,  575, 1006,  382,  892,  561,  153, 1047,  157,  674,  562,  681],
        [  523,    0,  375,  473,  184,   70,  243,  366,  425,  326,  111,  679,  273,  211,  355,  398,  422,  627,  524,  828,  507,  628,  310,  585,  411,  289,  593,  426,  537,  148,  629,  513,  295,  639,   65,  355,  533,  396,  157,  316,  191,  249,  657,    0,  312,  276,  717,  442,  186,  480,   75,  216,  251,  538,  144,  440,  288,  124,  501,  652,  840,  625,  400,  558,  223,  579,  234,  341,  258,  327,  526,  318,   95,  453,  591,  350,  454,  748,  480,  613,  272,  108,  217,  740,  560,  400,  507,   93,  690,  332,   55,  303,  458,  348,  386,  237,  279,  100,  471,  313,  642,  360,  393,  438,   91,  254,  627,  493,  276,  487,  486,  459,  548,  550,  488,  679,  258,  350,  398,  207,  628,  117,  403,  693,  426,  640,  526,  447,  594,  278,  303,  173],
        [  508,    0,   74,  164,  143,  355,  504,  554,  645,  108,  230,  817,  299,  479,  437,  697,  460,  795,  793,  855,  337,  818,  618,  828,  549,  572,  737,  140,  846,  457,  857,  804,  345,  781,  359,  469,  611,  157,  156,  574,  128,  171,  923,  312,    0,  250, 1000,  602,  498,  603,  368,  392,  548,  253,  239,  680,  446,  426,  403,  602,  865,  878,  672,  615,  515,  754,  367,  209,  166,  451,  559,  574,  332,  386,  710,  660,  309,  784,  437,  826,  305,  341,  282, 1021,  782,  566,  519,  397,  649,   63,  330,   18,  754,  605,  471,  168,  125,  355,  360,  203,  811,  371,  304,  427,  401,  542,  748,  804,  367,  176,  532,  275,  680,  381,  502,  955,  424,  616,  706,  421,  779,  353,   92,  849,  604,  715,  776,  135,  826,  300,  410,  245],
        [  701,    0,  318,  343,  258,  265,  518,  329,  699,  343,  172,  935,  452,  486,  189,  551,  624,  892,  796, 1038,  578,  898,  555,  860,  306,  417,  850,  385,  767,  402,  904,  773,  492,  896,  276,  225,  761,  404,  224,  392,  241,  347,  929,  276,  250,    0,  980,  701,  427,  726,  351,  467,  516,  492,  326,  474,  538,  327,  625,  813, 1050,  899,  672,  777,  492,  845,  468,  426,  350,  566,  731,  391,  356,  595,  839,  547,  541,  962,  639,  887,   62,  370,  407, 1005,  834,  659,  700,  313,  858,  309,  326,  233,  716,  624,  610,   88,  126,  370,  584,   72,  908,  542,  515,  613,  331,  524,  876,  710,  131,  368,  696,  516,  799,  623,  681,  947,  510,  624,  639,  239,  888,  382,  307,  956,  370,  870,  801,  339,  870,  455,  531,  353],
