{
    "name": "random-53-13241",
    "comment": "size=53 seed=13241",
    "nodes": ["+0", "-0", "+1", "-1", "+2", "-2", "+3", "-3", "+4", "-4", "+5", "-5", "+6", "-6", "+7", "-7", "+8", "-8", "+9", "-9", "+10", "-10", "+11", "-11", "+12", "-12", "+13", "-13", "+14", "-14", "+15", "-15", "+16", "-16", "+17", "-17", "+18", "-18", "+19", "-19", "+20", "-20", "+21", "-21", "+22", "-22", "+23", "-23", "+24", "-24", "+25", "-25", "+26", "-26", "+27", "-27", "+28", "-28", "+29", "-29", "+30", "-30", "+31", "-31", "+32", "-32", "+33", "-33", "+34", "-34", "+35", "-35", "+36", "-36", "+37", "-37", "+38", "-38", "+39", "-39", "+40", "-40", "+41", "-41", "+42", "-42", "+43", "-43", "+44", "-44", "+45", "-45", "+46", "-46", "+47", "-47", "+48", "-48", "+49", "-49", "+50", "-50", "+51", "-51", "+52", "-52", "+53", "-53"],
    "precedence": {
        "+0": "-0",
        "+1": "-1",
        "+2": "-2",
        "+3": "-3",
        "+4": "-4",
        "+5": "-5",
        "+6": "-6",
        "+7": "-7",
        "+8": "-8",
        "+9": "-9",
        "+10": "-10",
        "+11": "-11",
        "+12": "-12",
        "+13": "-13",
        "+14": "-14",
        "+15": "-15",
        "+16": "-16",
        "+17": "-17",
        "+18": "-18",
        "+19": "-19",
        "+20": "-20",
        "+21": "-21",
        "+22": "-22",
        "+23": "-23",
        "+24": "-24",
        "+25": "-25",
        "+26": "-26",
        "+27": "-27",
        "+28": "-28",
        "+29": "-29",
        "+30": "-30",
        "+31": "-31",
        "+32": "-32",
        "+33": "-33",
        "+34": "-34",
        "+35": "-35",
        "+36": "-36",
        "+37": "-37",
        "+38": "-38",
        "+39": "-39",
        "+40": "-40",
        "+41": "-41",
        "+42": "-42",
        "+43": "-43",
        "+44": "-44",
        "+45": "-45",
        "+46": "-46",
        "+47": "-47",
        "+48": "-48",
        "+49": "-49",
        "+50": "-50",
        "+51": "-51",
        "+52": "-52",
        "+53": "-53"
    },
    "edges": [
        [    0,    0,  434,  287,  163,  356,  252,  236,  253,  384,  434,  158,  509,  312,  639,  403,  693,  125,  419,  286,  505,  509,  588,  560,  413,  352,  417,  555,   92,  401,  254,  283,  416,  307,  328,  418,  614,  206,  460,  517,  551,  339,  387,  374,  534,  499,  393,  393,  242,  401,  756,  617,  462,  568,  212,  542,  186,  187,  331,  241,  266,  625,  202,  408,  479,  237,  303,  536,  612,  513,  338,  641,  406,  364,  444,  405,  428,  362,  523,  284,  360,  212,  523,  544,  406,  377,  383,  272,  400,  479,  522,   90,  375,  348,  459,  688,  389,  530,  624,  704,  522,  460,  185,  453,  242,  337,  299,  274],
        [    0,    0,    0,    0,    0,    0,    0,    0,    0,    0,    0,    0,    0,    0,    0,    0,    0,    0,    0,    0,    0,    0,    0,    0,    0,    0,    0,    0,    0,    0,    0,    0,    0,    0,    0,    0,    0,    0,    0,    0,    0,    0,    0,    0,    0,    0,    0,    0,    0,    0,    0,    0,    0,    0,    0,    0,    0,    0,    0,    0,    0,    0,    0,    0,    0,    0,    0,    0,    0,    0,    0,    0,    0,    0,    0,    0,    0,    0,    0,    0,    0,    0,    0,    0,    0,    0,    0,    0,    0,    0,    0,    0,    0,    0,    0,    0,    0,    0,    0,    0,    0,    0,    0,    0,    0,    0,    0,    0],
        [  434,    0,    0,  719,  330,  554,  465,  261,  671,   77,  368,  588,  798,  682,  793,  373,  877,  413,  842,  710,  929,  749, 1020,  129,  253,  713,  830,  798,  447,  526,  356,  230,  833,  662,  758,  674, 1044,  251,  685,  941,  977,  772,  816,  160,  749,  518,  362,  821,  648,  715, 1189,  194,  785,  739,  544,  975,  619,  529,  712,  629,  699, 1058,  339,  597,  691,  670,  160,  785,  905,  935,  179,  809,   79,  653,  288,  373,  855,  356,  930,  464,  684,  419,  948,  883,  814,  797,  158,  251,  427,  815,  883,  521,   67,  689,  757,  873,  170,  884, 1055,  874,  680,  891,  551,  886,  304,  609,  639,  374],
        [  287,    0,  719,    0,  418,  450,  401,  507,  107,  670,  647,  135,  480,  229,  698,  612,  688,  351,  159,   77,  237,  500,  302,  845,  663,  290,  212,  530,  302,  527,  472,  556,  174,  255,   78,  457,  329,  487,  483,  246,  290,   56,  114,  652,  570,  653,  605,  141,  148,  352,  470,  900,  375,  632,  303,  258,  106,  272,  247,  216,   31,  340,  450,  510,  536,   55,  582,  540,  520,  266,  609,  691,  688,  395,  685,  614,  154,  591,  286,  454,  350,  398,  250,  411,  190,  137,  654,  532,  583,  369,  362,  199,  660,  321,  436,  683,  658,  380,  338,  708,  608,  190,  239,  167,  497,  399,  276,  480],
        [  163,    0,  330,  418,    0,  272,  162,  243,  351,  306,  274,  283,  662,  352,  763,  246,  623,  243,  521,  393,  607,  459,  712,  445,  253,  514,  574,  509,  237,  286,  103,  275,  509,  333,  473,  561,  730,  193,  399,  620,  699,  473,  501,  333,  671,  359,  234,  541,  323,  395,  881,  493,  465,  694,  364,  675,  331,  199,  494,  403,  404,  756,  262,  531,  613,  377,  175,  681,  597,  665,  192,  769,  281,  513,  282,  247,  538,  407,  602,  390,  517,  109,  627,  560,  487,  474,  238,  115,  253,  492,  556,  229,  264,  507,  613,  617,  241,  557,  743,  627,  642,  603,  222,  581,  278,  480,  311,  128],
        [  356,    0,  554,  450,  272,    0,  113,  515,  345,  554,  270,  356,  846,  251,  994,  238,  351,  476,  469,  385,  535,  196,  678,  642,  353,  667,  656,  245,  448,   83,  201,  547,  440,  218,  526,  768,  673,  464,  132,  551,  730,  499,  474,  597,  886,  213,  240,  590,  304,  196,  832,  667,  260,  923,  561,  663,  419,  196,  634,  554,  454,  732,  524,  764,  833,  439,  400,  882,  354,  713,  378,  996,  484,  711,  350,  240,  497,  676,  489,  635,  696,  165,  560,  357,  402,  422,  411,  306,  183,  296,  378,  353,  490,  677,  796,  346,  404,  371,  694,  357,  878,  629,  222,  569,  546,  688,  189,  181],
        [  252,    0,  465,  401,  162,  113,    0,  403,  305,  455,  252,  286,  753,  250,  889,  217,  463,  367,  457,  349,  535,  299,  664,  564,  300,  582,  595,  348,  343,  150,  112,  436,  435,  222,  472,  668,  669,  353,  238,  549,  690,  454,  451,  492,  784,  261,  212,  539,  266,  252,  827,  598,  323,  818,  461,  639,  347,  130,  552,  467,  398,  714,  411,  657,  730,  378,  306,  785,  443,  665,  296,  892,  400,  613,  309,  219,  481,  564,  507,  525,  603,   53,  558,  421,  403,  408,  335,  215,  183,  354,  428,  265,  398,  587,  703,  458,  331,  425,  686,  469,  771,  589,  162,  543,  434,  587,  193,  102],
        [  236,    0,  261,  507,  243,  515,  403,    0,  487,  191,  461,  389,  540,  541,  570,  444,  865,  164,  650,  518,  736,  697,  803,  387,  382,  454,  583,  747,  209,  526,  335,   49,  649,  532,  530,  419,  835,   52,  640,  747,  737,  553,  614,  148,  505,  580,  431,  587,  477,  614,  969,  454,  681,  507,  286,  751,  401,  399,  456,  377,  481,  834,   78,  353,  445,  453,  217,  534,  824,  692,  275,  581,  276,  393,  422,  445,  656,  167,  758,  211,  423,  350,  752,  769,  641,  611,  302,  268,  472,  703,  752,  321,  229,  429,  498,  860,  315,  759,  843,  870,  450,  659,  408,  670,   50,  350,  518,  361],
        [  253,    0,  671,  107,  351,  345,  305,  487,    0,  630,  555,  103,  566,  127,  767,  520,  588,  350,  172,   45,  258,  397,  366,  792,  583,  375,  318,  430,  300,  423,  388,  535,  164,  150,  185,  525,  380,  458,  378,  271,  388,  155,  152,  626,  642,  551,  514,  246,   42,  251,  533,  842,  284,  699,  343,  335,  130,  177,  334,  280,  119,  413,  444,  562,  602,  115,  523,  620,  435,  369,  541,  763,  630,  462,  601,  522,  188,  598,  271,  481,  426,  310,  278,  336,  155,  127,  587,  461,  486,  284,  297,  168,  607,  399,  519,  582,  589,  311,  394,  607,  668,  287,  145,  239,  488,  458,  169,  392],
        [  384,    0,   77,  670,  306,  554,  455,  191,  630,    0,  401,  541,  723,  654,  718,  399,  890,  348,  800,  667,  887,  748,  970,  197,  292,  644,  768,  798,  387,  536,  353,  155,  793,  637,  703,  599,  997,  188,  685,  899,  918,  720,  770,   88,  673,  547,  388,  764,  611,  699, 1138,  265,  770,  663,  476,  923,  566,  501,  645,  564,  647, 1006,  268,  521,  615,  619,  157,  709,  897,  875,  198,  733,  127,  579,  331,  399,  811,  281,  895,  389,  612,  405,  905,  865,  778,  756,  194,  250,  447,  798,  860,  473,   85,  618,  683,  885,  208,  863, 1007,  888,  604,  835,  520,  836,  231,  536,  616,  375],
        [  434,    0,  368,  647,  274,  270,  252,  461,  555,  401,    0,  522,  935,  497, 1021,   36,  528,  512,  708,  600,  784,  439,  915,  417,  117,  786,  829,  482,  510,  204,  183,  470,  685,  467,  714,  831,  920,  413,  377,  799,  936,  702,  703,  474,  938,  152,   43,  782,  517,  466, 1078,  425,  530,  954,  637,  890,  579,  379,  764,  674,  640,  966,  509,  793,  879,  618,  259,  951,  608,  909,  206, 1030,  290,  786,   93,   34,  733,  622,  750,  648,  790,  250,  808,  626,  651,  660,  211,  194,   88,  566,  648,  484,  319,  781,  886,  524,  199,  641,  938,  520,  900,  836,  411,  794,  507,  751,  437,  169],
        [  158,    0,  588,  135,  283,  356,  286,  389,  103,  541,  522,    0,  502,  201,  685,  487,  646,  248,  262,  130,  348,  454,  434,  712,  531,  316,  310,  493,  198,  425,  343,  438,  261,  212,  193,  445,  457,  363,  421,  360,  419,  190,  230,  531,  564,  546,  479,  262,  109,  317,  603,  766,  364,  615,  251,  393,   63,  162,  280,  207,  121,  475,  343,  471,  519,   96,  448,  549,  518,  388,  474,  682,  554,  383,  554,  490,  270,  496,  372,  381,  355,  273,  366,  428,  256,  222,  520,  398,  465,  371,  395,   69,  527,  332,  453,  640,  523,  407,  468,  662,  580,  321,  134,  300,  387,  372,  218,  354],
        [  509,    0,  798,  480,  662,  846,  753,  540,  566,  723,  935,  502,    0,  690,  254,  907, 1146,  427,  612,  552,  660,  954,  613,  917,  891,  191,  326,  991,  426,  903,  760,  569,  639,  708,  420,  126,  668,  567,  922,  660,  454,  472,  563,  653,  133, 1007,  896,  409,  595,  813,  723,  987,  848,  209,  299,  550,  445,  652,  234,  295,  455,  604,  465,  223,  151,  452,  741,   77,  998,  407,  794,  238,  815,  152,  927,  909,  590,  474,  739,  334,  151,  719,  658,  890,  665,  610,  830,  753,  908,  846,  841,  493,  768,  171,   51, 1141,  841,  858,  659, 1163,  227,  455,  630,  535,  495,  192,  719,  782],
        [  312,    0,  682,  229,  352,  251,  250,  541,  127,  654,  497,  201,  690,    0,  885,  462,  462,  429,  218,  154,  289,  272,  427,  795,  549,  500,  440,  304,  382,  333,  354,  586,  191,   33,  306,  643,  425,  502,  257,  304,  489,  267,  227,  667,  762,  463,  459,  361,   96,  125,  585,  837,  163,  815,  451,  414,  248,  154,  459,  401,  244,  482,  513,  672,  719,  241,  526,  743,  317,  477,  530,  881,  629,  581,  559,  464,  247,  673,  258,  575,  548,  276,  312,  234,  155,  172,  573,  447,  418,  172,  212,  247,  616,  522,  643,  456,  572,  219,  445,  481,  781,  389,  136,  322,  552,  572,   62,  351],
        [  639,    0,  793,  698,  763,  994,  889,  570,  767,  718, 1021,  685,  254,  885,    0,  999, 1322,  524,  844,  764,  900, 1132,  864,  894,  951,  415,  574, 1174,  547, 1036,  865,  579,  867,  896,  650,  243,  918,  613, 1091,  902,  707,  702,  794,  634,  131, 1121,  987,  651,  790, 1002,  976,  964, 1047,   71,  440,  801,  639,  812,  458,  488,  670,  857,  513,  233,  166,  660,  787,  178, 1201,  660,  845,   25,  833,  306,  991, 1000,  826,  438,  974,  374,  349,  845,  901, 1102,  887,  834,  871,  828, 1015, 1051, 1058,  655,  784,  379,  279, 1317,  884, 1074,  910, 1336,  122,  703,  798,  778,  521,  314,  901,  890],
        [  403,    0,  373,  612,  246,  238,  217,  444,  520,  399,   36,  487,  907,  462,  999,    0,  512,  486,  673,  564,  749,  413,  880,  432,  130,  755,  795,  457,  482,  176,  151,  457,  649,  432,  679,  805,  884,  395,  350,  764,  901,  666,  667,  468,  913,  148,   13,  747,  482,  433, 1042,  445,  498,  932,  609,  854,  545,  343,  732,  642,  605,  930,  488,  769,  855,  583,  251,  925,  581,  874,  202, 1007,  295,  758,  115,    3,  697,  607,  715,  625,  761,  215,  772,  595,  616,  624,  215,  176,   61,  534,  615,  451,  319,  751,  858,  508,  204,  609,  902,  506,  878,  801,  375,  758,  489,  725,  402,  134],
        [  693,    0,  877,  688,  623,  351,  463,  865,  588,  890,  528,  646, 1146,  462, 1322,  512,    0,  817,  625,  612,  651,  193,  803,  943,  641,  958,  896,  159,  783,  354,  543,  897,  589,  440,  764, 1087,  774,  815,  234,  664,  916,  720,  656,  942, 1206,  384,  520,  813,  554,  337,  917,  952,  323, 1252,  883,  816,  702,  511,  918,  853,  705,  861,  872, 1097, 1158,  701,  733, 1194,  231,  916,  700, 1322,  801, 1026,  620,  513,  658, 1027,  566,  976, 1000,  516,  673,  345,  548,  595,  723,  640,  454,  343,  404,  668,  817,  977, 1098,    6,  712,  383,  798,   29, 1210,  826,  525,  741,  897, 1010,  428,  518],
        [  125,    0,  413,  351,  243,  476,  367,  164,  350,  348,  512,  248,  427,  429,  524,  486,  817,    0,  502,  374,  585,  634,  643,  541,  465,  305,  420,  680,   51,  513,  345,  211,  506,  427,  368,  320,  677,  163,  584,  595,  573,  395,  462,  311,  429,  599,  474,  423,  349,  524,  807,  606,  584,  455,  137,  590,  247,  312,  300,  217,  324,  672,   99,  292,  371,  297,  321,  440,  735,  529,  371,  529,  408,  276,  501,  488,  504,  249,  618,  160,  289,  322,  600,  662,  503,  466,  410,  327,  494,  599,  635,  185,  367,  287,  379,  812,  419,  645,  683,  827,  405,  496,  308,  511,  146,  240,  421,  369],
        [  419,    0,  842,  159,  521,  469,  457,  650,  172,  800,  708,  262,  612,  218,  844,  673,  625,  502,    0,  134,   87,  454,  210,  964,  747,  430,  301,  470,  451,  551,  551,  699,   36,  251,  194,  605,  213,  624,  458,  100,  292,  142,   50,  792,  714,  681,  668,  211,  200,  312,  370, 1014,  303,  780,  461,  200,  257,  338,  387,  371,  189,  264,  599,  665,  685,  211,  695,  678,  423,  294,  711,  835,  801,  545,  763,  675,   33,  746,  131,  612,  496,  472,  107,  302,   78,   49,  757,  630,  632,  283,  245,  331,  779,  466,  572,  620,  758,  265,  230,  649,  760,  204,  307,  117,  645,  553,  280,  552],
        [  286,    0,  710,   77,  393,  385,  349,  518,   45,  667,  600,  130,  552,  154,  764,  564,  612,  374,  134,    0,  220,  425,  322,  832,  628,  362,  286,  454,  323,  465,  432,  567,  133,  181,  152,  521,  337,  491,  410,  232,  346,  115,  108,  659,  637,  593,  558,  209,   84,  276,  489,  884,  299,  697,  351,  291,  137,  222,  319,  277,   97,  369,  470,  567,  600,  105,  564,  610,  446,  329,  584,  758,  671,  459,  646,  566,  146,  620,  245,  495,  418,  355,  239,  339,  133,   93,  630,  504,  531,  295,  295,  198,  647,  390,  507,  607,  632,  311,  351,  632,  669,  245,  190,  195,  515,  459,  204,  437],
        [  505,    0,  929,  237,  607,  535,  535,  736,  258,  887,  784,  348,  660,  289,  900,  749,  651,  585,   87,  220,    0,  494,  154, 1050,  829,  487,  337,  502,  535,  618,  632,  784,  101,  320,  255,  666,  138,  710,  508,   16,  283,  208,  124,  878,  770,  747,  745,  251,  284,  362,  298, 1099,  339,  839,  536,  170,  340,  419,  445,  442,  266,  212,  683,  734,  745,  291,  780,  730,  434,  300,  796,  889,  887,  608,  842,  751,   83,  827,   95,  689,  556,  553,   25,  311,  134,  133,  841,  714,  706,  311,  251,  417,  865,  525,  624,  646,  842,  272,  160,  677,  823,  218,  390,  128,  730,  621,  350,  632],
        [  509,    0,  749,  500,  459,  196,  299,  697,  397,  748,  439,  454,  954,  272, 1132,  413,  193,  634,  454,  425,  494,    0,  647,  833,  537,  766,  710,   50,  597,  237,  396,  733,  419,  249,  576,  896,  627,  649,   65,  508,  743,  536,  479,  790, 1015,  327,  417,  629,  363,  149,  779,  854,  156, 1062,  693,  651,  510,  324,  727,  661,  515,  705,  696,  909,  968,  511,  595, 1002,  170,  738,  572, 1132,  678,  834,  527,  414,  486,  854,  420,  792,  808,  351,  517,  222,  377,  418,  603,  501,  353,  188,  268,  478,  685,  785,  906,  187,  596,  252,  650,  210, 1022,  648,  335,  569,  724,  820,  236,  376],
        [  588,    0, 1020,  302,  712,  678,  664,  803,  366,  970,  915,  434,  613,  427,  864,  880,  803,  643,  210,  322,  154,  647,    0, 1146,  948,  468,  294,  655,  595,  760,  752,  852,  239,  460,  277,  649,   57,  786,  659,  140,  173,  251,  215,  950,  737,  890,  874,  235,  400,  513,  170, 1200,  492,  810,  563,   65,  405,  540,  432,  460,  324,   59,  741,  731,  724,  352,  881,  688,  582,  211,  904,  850,  987,  597,  966,  882,  183,  869,  239,  717,  540,  674,  131,  461,  279,  257,  949,  824,  841,  464,  401,  499,  960,  511,  587,  798,  952,  422,   46,  829,  806,  167,  509,  135,  789,  620,  489,  756],
        [  560,    0,  129,  845,  445,  642,  564,  387,  792,  197,  417,  712,  917,  795,  894,  432,  943,  541,  964,  832, 1050,  833, 1146,    0,  303,  840,  958,  880,  576,  600,  453,  351,  953,  772,  886,  793, 1168,  379,  768, 1063, 1105,  898,  939,  266,  861,  567,  424,  949,  767,  815, 1314,   71,  886,  843,  671, 1101,  745,  642,  839,  757,  825, 1184,  465,  710,  803,  797,  271,  899,  995, 1064,  269,  911,  166,  775,  326,  431,  978,  460, 1046,  583,  808,  524, 1070,  984,  932,  917,  231,  350,  491,  918,  989,  647,  186,  815,  879,  939,  238,  988, 1180,  936,  784, 1018,  667, 1011,  427,  731,  748,  467],
        [  413,    0,  253,  663,  253,  353,  300,  382,  583,  292,  117,  531,  891,  549,  951,  130,  641,  465,  747,  628,  829,  537,  948,  303,    0,  758,  826,  583,  474,  302,  197,  381,  728,  521,  722,  779,  959,  339,  474,  843,  948,  718,  734,  370,  878,  269,  122,  791,  549,  541, 1115,  318,  609,  887,  599,  916,  581,  410,  742,  651,  651,  995,  441,  728,  818,  626,  166,  898,  703,  916,  108,  961,  174,  740,   41,  128,  769,  534,  806,  583,  753,  277,  851,  708,  699,  699,   98,  142,  189,  644,  722,  480,  208,  747,  844,  637,   85,  717,  975,  634,  830,  851,  441,  820,  430,  701,  493,  199],
        [  352,    0,  713,  290,  514,  667,  582,  454,  375,  644,  786,  316,  191,  500,  415,  755,  958,  305,  430,  362,  487,  766,  468,  840,  758,    0,  178,  802,  285,  729,  605,  494,  454,  518,  237,  182,  519,  465,  736,  489,  336,  288,  381,  591,  284,  841,  744,  241,  405,  623,  604,  906,  657,  352,  170,  404,  257,  472,   44,  115,  265,  473,  377,  265,  260,  261,  624,  251,  807,  286,  671,  405,  713,  130,  791,  757,  412,  450,  560,  289,   73,  554,  489,  700,  477,  423,  712,  617,  747,  655,  652,  317,  671,   43,  146,  952,  721,  669,  514,  975,  340,  302,  447,  367,  418,  158,  530,  624],
        [  417,    0,  830,  212,  574,  656,  595,  583,  318,  768,  829,  310,  326,  440,  574,  795,  896,  420,  301,  286,  337,  710,  294,  958,  826,  178,    0,  738,  383,  730,  648,  628,  333,  466,  135,  356,  346,  581,  695,  336,  162,  177,  256,  728,  445,  854,  787,   90,  358,  561,  427, 1021,  578,  518,  307,  230,  251,  469,  147,  206,  203,  296,  510,  443,  431,  219,  716,  399,  715,  113,  754,  561,  816,  307,  854,  797,  275,  611,  422,  451,  249,  582,  334,  598,  366,  312,  799,  687,  775,  567,  543,  348,  779,  221,  295,  891,  805,  562,  340,  917,  513,  130,  438,  210,  556,  334,  487,  661],
        [  555,    0,  798,  530,  509,  245,  348,  747,  430,  798,  482,  493,  991,  304, 1174,  457,  159,  680,  470,  454,  502,   50,  655,  880,  583,  802,  738,    0,  642,  282,  445,  783,  434,  284,  605,  936,  631,  698,  114,  516,  761,  562,  499,  839, 1056,  363,  463,  654,  397,  179,  780,  900,  167, 1104,  735,  664,  547,  369,  762,  699,  547,  713,  744,  952, 1009,  544,  644, 1041,  134,  759,  620, 1173,  726,  875,  571,  459,  502,  902,  422,  838,  847,  401,  525,  211,  393,  438,  651,  550,  397,  192,  264,  520,  734,  822,  943,  154,  643,  245,  655,  181, 1065,  669,  379,  586,  773,  861,  275,  425],
        [   92,    0,  447,  302,  237,  448,  343,  209,  300,  387,  510,  198,  426,  382,  547,  482,  783,   51,  451,  323,  535,  597,  595,  576,  474,  285,  383,  642,    0,  491,  335,  257,  455,  383,  321,  329,  628,  199,  550,  545,  532,  346,  412,  356,  443,  586,  470,  379,  300,  482,  760,  639,  539,  477,  128,  543,  196,  273,  273,  185,  275,  625,  149,  317,  388,  247,  342,  448,  692,  489,  387,  550,  436,  278,  509,  484,  453,  299,  567,  197,  281,  301,  549,  615,  453,  415,  428,  334,  484,  553,  587,  136,  397,  274,  377,  777,  437,  597,  635,  794,  431,  451,  266,  462,  196,  247,  378,  358],
        [  401,    0,  526,  527,  286,   83,  150,  526,  423,  536,  204,  425,  903,  333, 1036,  176,  354,  513,  551,  465,  618,  237,  760,  600,  302,  729,  730,  282,  491,    0,  194,  553,  523,  301,  602,  818,  756,  475,  175,  633,  810,  577,  556,  590,  934,  130,  181,  667,  382,  273,  915,  619,  332,  966,  611,  745,  487,  263,  698,  615,  529,  815,  547,  804,  879,  512,  380,  934,  405,  791,  347, 1040,  451,  763,  291,  178,  580,  692,  570,  669,  752,  192,  642,  427,  485,  505,  374,  287,  116,  369,  453,  413,  464,  736,  852,  349,  365,  444,  776,  353,  917,  709,  293,  651,  563,  737,  272,  168],
        [  254,    0,  356,  472,  103,  201,  112,  335,  388,  353,  183,  343,  760,  354,  865,  151,  543,  345,  551,  432,  632,  396,  752,  453,  197,  605,  648,  445,  335,  194,    0,  359,  532,  328,  536,  662,  763,  283,  333,  646,  760,  527,  538,  400,  773,  256,  141,  604,  353,  363,  919,  488,  433,  797,  462,  722,  399,  214,  582,  492,  463,  800,  362,  634,  715,  439,  200,  781,  549,  730,  185,  872,  290,  613,  214,  153,  572,  500,  612,  493,  613,   80,  654,  532,  503,  502,  224,  106,  150,  465,  539,  302,  291,  602,  711,  537,  221,  537,  779,  544,  745,  661,  244,  626,  374,  581,  301,   27],
        [  283,    0,  230,  556,  275,  547,  436,   49,  535,  155,  470,  438,  569,  586,  579,  457,  897,  211,  699,  567,  784,  733,  852,  351,  381,  494,  628,  783,  257,  553,  359,    0,  698,  576,  578,  445,  884,   86,  674,  795,  783,  602,  663,  100,  524,  598,  444,  634,  525,  655, 1017,  420,  723,  519,  328,  800,  450,  442,  498,  422,  530,  882,  119,  371,  465,  502,  216,  556,  864,  738,  274,  592,  256,  425,  422,  458,  704,  153,  806,  235,  459,  383,  801,  813,  689,  659,  295,  282,  490,  746,  797,  369,  208,  467,  529,  891,  308,  803,  891,  900,  461,  706,  452,  718,   77,  381,  561,  385],
        [  416,    0,  833,  174,  509,  440,  435,  649,  164,  793,  685,  261,  639,  191,  867,  649,  589,  506,   36,  133,  101,  419,  239,  953,  728,  454,  333,  434,  455,  523,  532,  698,    0,  223,  219,  627,  235,  621,  424,  115,  328,  167,   78,  789,  737,  652,  645,  243,  186,  278,  395, 1001,  268,  802,  474,  234,  265,  319,  411,  389,  203,  295,  602,  683,  706,  222,  683,  704,  388,  330,  697,  859,  789,  566,  742,  652,   69,  752,  115,  623,  519,  452,  124,  268,   43,   40,  742,  615,  607,  248,  211,  329,  769,  489,  598,  584,  742,  231,  255,  613,  780,  239,  291,  153,  647,  572,  253,  532],
        [  307,    0,  662,  255,  333,  218,  222,  532,  150,  637,  467,  212,  708,   33,  896,  432,  440,  427,  251,  181,  320,  249,  460,  772,  521,  518,  466,  284,  383,  301,  328,  576,  223,    0,  332,  656,  457,  491,  229,  335,  520,  296,  258,  653,  775,  431,  429,  389,  114,  107,  616,  813,  157,  826,  460,  446,  263,  137,  478,  416,  268,  514,  508,  680,  730,  262,  505,  758,  310,  507,  507,  893,  607,  594,  530,  434,  279,  669,  285,  578,  564,  251,  344,  238,  186,  204,  549,  423,  387,  173,  224,  250,  596,  539,  660,  435,  547,  228,  477,  459,  790,  420,  125,  353,  545,  583,   31,  323],
        [  328,    0,  758,   78,  473,  526,  472,  530,  185,  703,  714,  193,  420,  306,  650,  679,  764,  368,  194,  152,  255,  576,  277,  886,  722,  237,  135,  605,  321,  602,  536,  578,  219,  332,    0,  413,  316,  517,  561,  259,  227,   52,  145,  677,  520,  727,  671,   69,  225,  428,  440,  944,  447,  587,  290,  222,  143,  343,  193,  190,   74,  305,  465,  479,  493,   97,  630,  485,  589,  196,  661,  641,  733,  354,  747,  681,  177,  593,  324,  445,  303,  464,  261,  475,  246,  191,  706,  587,  654,  439,  423,  245,  701,  273,  380,  758,  711,  442,  319,  784,  569,  133,  311,  149,  513,  366,  353,  546],
        [  418,    0,  674,  457,  561,  768,  668,  419,  525,  599,  831,  445,  126,  643,  243,  805, 1087,  320,  605,  521,  666,  896,  649,  793,  779,  182,  356,  936,  329,  818,  662,  445,  627,  656,  413,    0,  700,  449,  857,  669,  507,  464,  556,  528,  120,  914,  793,  423,  548,  762,  778,  863,  806,  176,  208,  585,  397,  580,  223,  246,  429,  650,  346,  105,   80,  417,  624,  121,  959,  457,  679,  239,  694,   63,  817,  807,  590,  349,  736,  211,  111,  629,  670,  859,  646,  593,  713,  644,  811,  809,  816,  420,  647,  142,   97, 1081,  725,  831,  695, 1101,  158,  483,  563,  549,  372,   82,  662,  685],
        [  614,    0, 1044,  329,  730,  673,  669,  835,  380,  997,  920,  457,  668,  425,  918,  884,  774,  677,  213,  337,  138,  627,   57, 1168,  959,  519,  346,  631,  628,  756,  763,  884,  235,  457,  316,  700,    0,  815,  644,  123,  229,  283,  230,  981,  790,  885,  880,  281,  411,  499,  160, 1220,  471,  863,  605,  119,  434,  550,  481,  503,  354,   98,  776,  780,  776,  382,  901,  742,  549,  267,  921,  904, 1007,  647,  975,  886,  192,  908,  210,  760,  591,  684,  114,  430,  272,  261,  966,  840,  842,  441,  371,  525,  983,  561,  640,  770,  968,  391,   25,  801,  857,  218,  519,  168,  823,  668,  487,  764],
        [  206,    0,  251,  487,  193,  464,  353,   52,  458,  188,  413,  363,  567,  502,  613,  395,  815,  163,  624,  491,  710,  649,  786,  379,  339,  465,  581,  698,  199,  475,  283,   86,  621,  491,  517,  449,  815,    0,  590,  722,  730,  536,  591,  169,  541,  530,  382,  577,  444,  570,  953,  443,  637,  549,  296,  737,  382,  357,  462,  378,  463,  820,  104,  390,  482,  435,  177,  566,  778,  688,  234,  623,  251,  417,  378,  396,  632,  218,  728,  245,  441,  300,  728,  728,  610,  583,  265,  219,  421,  661,  713,  294,  207,  443,  523,  810,  277,  719,  824,  819,  492,  648,  368,  652,   95,  375,  476,  309],
        [  460,    0,  685,  483,  399,  132,  238,  640,  378,  685,  377,  421,  922,  257, 1091,  350,  234,  584,  458,  410,  508,   65,  659,  768,  474,  736,  695,  114,  550,  175,  333,  674,  424,  229,  561,  857,  644,  590,    0,  523,  741,  524,  477,  728,  977,  274,  354,  618,  340,  147,  800,  790,  181, 1020,  652,  657,  480,  279,  699,  628,  495,  716,  642,  864,  927,  487,  531,  966,  231,  732,  507, 1091,  613,  797,  464,  352,  490,  798,  442,  743,  774,  291,  532,  264,  382,  418,  539,  437,  290,  217,  302,  437,  621,  752,  873,  228,  531,  289,  666,  245,  978,  644,  295,  570,  668,  780,  210,  312],
        [  517,    0,  941,  246,  620,  551,  549,  747,  271,  899,  799,  360,  660,  304,  902,  764,  664,  595,  100,  232,   16,  508,  140, 1063,  843,  489,  336,  516,  545,  633,  646,  795,  115,  335,  259,  669,  123,  722,  523,    0,  275,  214,  133,  889,  771,  762,  760,  252,  298,  377,  282, 1112,  353,  841,  543,  160,  349,  434,  447,  448,  274,  198,  693,  738,  748,  300,  794,  731,  446,  294,  810,  890,  900,  611,  857,  766,   92,  836,  104,  697,  559,  567,   10,  323,  149,  146,  855,  728,  721,  325,  263,  428,  878,  528,  625,  659,  856,  284,  145,  690,  827,  214,  404,  126,  740,  625,  365,  647],
        [  551,    0,  977,  290,  699,  730,  690,  737,  388,  918,  936,  419,  454,  489,  707,  901,  916,  573,  292,  346,  283,  743,  173, 1105,  948,  336,  162,  761,  532,  810,  760,  783,  328,  520,  227,  507,  229,  730,  741,  275,    0,  236,  265,  883,  583,  939,  894,  159,  429,  597,  272, 1165,  595,  658,  467,  119,  369,  561,  309,  364,  298,  151,  666,  600,  577,  323,  854,  530,  710,   51,  886,  691,  956,  463,  972,  903,  259,  772,  377,  613,  405,  687,  269,  587,  369,  325,  932,  814,  872,  574,  528,  471,  923,  378,  434,  911,  937,  549,  214,  940,  660,  102,  528,  175,  713,  494,  546,  770],
        [  339,    0,  772,   56,  473,  499,  454,  553,  155,  720,  702,  190,  472,  267,  702,  666,  720,  395,  142,  115,  208,  536,  251,  898,  718,  288,  177,  562,  346,  577,  527,  602,  167,  296,   52,  464,  283,  536,  524,  214,  236,    0,   93,  699,  572,  705,  659,   94,  196,  387,  418,  954,  402,  638,  331,  204,  154,  325,  245,  235,   74,  287,  493,  527,  543,  102,  636,  537,  540,  215,  664,  693,  742,  404,  740,  668,  127,  628,  272,  485,  354,  453,  216,  425,  195,  139,  709,  587,  637,  391,  372,  252,  713,  324,  431,  715,  713,  391,  290,  742,  619,  135,  293,  117,  540,  414,  319,  535],
        [  387,    0,  816,  114,  501,  474,  451,  614,  152,  770,  703,  230,  563,  227,  794,  667,  656,  462,   50,  108,  124,  479,  215,  939,  734,  381,  256,  499,  412,  556,  538,  663,   78,  258,  145,  556,  230,  591,  477,  133,  265,   93,    0,  758,  664,  686,  662,  166,  186,  333,  382,  991,  334,  730,  415,  190,  216,  326,  337,  323,  143,  264,  561,  617,  636,  167,  671,  629,  462,  261,  692,  785,  778,  496,  752,  669,   42,  704,  180,  567,  447,  460,  138,  343,  112,   61,  737,  612,  630,  318,  288,  298,  753,  417,  523,  651,  739,  307,  243,  679,  711,  170,  295,   96,  607,  505,  286,  542],
        [  374,    0,  160,  652,  333,  597,  492,  148,  626,   88,  474,  531,  653,  667,  634,  468,  942,  311,  792,  659,  878,  790,  950,  266,  370,  591,  728,  839,  356,  590,  400,  100,  789,  653,  677,  528,  981,  169,  728,  889,  883,  699,  758,    0,  595,  615,  456,  734,  612,  726, 1115,  337,  795,  581,  426,  898,  547,  517,  596,  522,  627,  981,  219,  444,  538,  599,  219,  634,  930,  838,  269,  650,  213,  514,  410,  469,  799,  197,  896,  320,  552,  440,  895,  888,  778,  751,  274,  305,  511,  820,  877,  462,  167,  562,  616,  937,  288,  881,  989,  943,  522,  806,  532,  816,  174,  470,  636,  424],
        [  534,    0,  749,  570,  671,  886,  784,  505,  642,  673,  938,  564,  133,  762,  131,  913, 1206,  429,  714,  637,  770, 1015,  737,  861,  878,  284,  445, 1056,  443,  934,  773,  524,  737,  775,  520,  120,  790,  541,  977,  771,  583,  572,  664,  595,    0, 1026,  901,  521,  666,  881,  853,  931,  924,   76,  326,  673,  515,  699,  328,  363,  542,  731,  438,  154,   60,  533,  718,   62, 1077,  535,  775,  122,  778,  182,  917,  914,  696,  403,  844,  296,  220,  744,  771,  975,  759,  705,  806,  747,  922,  926,  931,  540,  730,  249,  150, 1201,  818,  947,  782, 1221,  102,  574,  682,  648,  456,  199,  781,  796],
        [  499,    0,  518,  653,  359,  213,  261,  580,  551,  547,  152,  546, 1007,  463, 1121,  148,  384,  599,  681,  593,  747,  327,  890,  567,  269,  841,  854,  363,  586,  130,  256,  598,  652,  431,  727,  914,  885,  530,  274,  762,  939,  705,  686,  615, 1026,    0,  159,  793,  510,  396, 1044,  571,  449, 1052,  710,  875,  607,  386,  812,  726,  654,  944,  616,  889,  970,  636,  397, 1033,  495,  918,  349, 1127,  440,  862,  241,  148,  709,  746,  696,  748,  858,  288,  771,  537,  614,  634,  361,  316,  109,  485,  571,  525,  466,  843,  957,  380,  348,  559,  905,  373, 1000,  837,  417,  780,  623,  832,  401,  231],
        [  393,    0,  362,  605,  234,  240,  212,  431,  514,  388,   43,  479,  896,  459,  987,   13,  520,  474,  668,  558,  745,  417,  874,  424,  122,  744,  787,  463,  470,  181,  141,  444,  645,  429,  671,  793,  880,  382,  354,  760,  894,  659,  662,  456,  901,  159,    0,  740,  476,  433, 1038,  439,  499,  919,  597,  848,  537,  337,  722,  632,  598,  925,  475,  757,  842,  575,  238,  913,  585,  866,  191,  995,  285,  747,  111,   14,  692,  595,  713,  613,  750,  208,  768,  597,  613,  619,  205,  164,   68,  534,  616,  442,  308,  740,  847,  516,  194,  609,  897,  515,  865,  794,  369,  752,  477,  713,  399,  126],
        [  393,    0,  821,  141,  541,  590,  539,  587,  246,  764,  782,  262,  409,  361,  651,  747,  813,  423,  211,  209,  251,  629,  235,  949,  791,  241,   90,  654,  379,  667,  604,  634,  243,  389,   69,  423,  281,  577,  618,  252,  159,   94,  166,  734,  521,  793,  740,    0,  287,  480,  388, 1008,  492,  592,  331,  174,  211,  410,  202,  227,  142,  252,  519,  500,  501,  166,  696,  479,  627,  127,  728,  639,  798,  368,  815,  749,  186,  638,  333,  484,  313,  533,  251,  509,  277,  223,  773,  655,  721,  480,  453,  313,  766,  282,  374,  807,  778,  473,  280,  834,  581,   73,  378,  127,  566,  388,  412,  615],
        [  242,    0,  648,  148,  323,  304,  266,  477,   42,  611,  517,  109,  595,   96,  790,  482,  554,  349,  200,   84,  284,  363,  400,  767,  549,  405,  358,  397,  300,  382,  353,  525,  186,  114,  225,  548,  411,  444,  340,  298,  429,  196,  186,  612,  666,  510,  476,  287,    0,  219,  566,  815,  258,  720,  358,  373,  152,  140,  365,  305,  156,  450,  440,  579,  624,  149,  497,  647,  412,  410,  512,  786,  604,  485,  566,  484,  220,  597,  285,  489,  452,  274,  305,  320,  168,  152,  557,  430,  447,  264,  288,  165,  584,  427,  548,  548,  558,  299,  427,  572,  687,  328,  109,  277,  482,  478,  130,  356],
        [  401,    0,  715,  352,  395,  196,  252,  614,  251,  699,  466,  317,  813,  125, 1002,  433,  337,  524,  312,  276,  362,  149,  513,  815,  541,  623,  561,  179,  482,  273,  363,  655,  278,  107,  428,  762,  499,  570,  147,  377,  597,  387,  333,  726,  881,  396,  433,  480,  219,    0,  656,  848,   71,  932,  564,  511,  369,  217,  583,  522,  368,  570,  599,  784,  836,  365,  556,  864,  212,  591,  547,  999,  652,  700,  542,  435,  344,  759,  302,  678,  669,  296,  387,  170,  236,  273,  586,  467,  379,  103,  183,  352,  648,  645,  765,  332,  581,  177,  521,  357,  895,  501,  216,  425,  633,  688,  104,  350],
        [  756,    0, 1189,  470,  881,  832,  827,  969,  533, 1138, 1078,  603,  723,  585,  976, 1042,  917,  807,  370,  489,  298,  779,  170, 1314, 1115,  604,  427,  780,  760,  915,  919, 1017,  395,  616,  440,  778,  160,  953,  800,  282,  272,  418,  382, 1115,  853, 1044, 1038,  388,  566,  656,    0, 1369,  624,  928,  719,  218,  572,  706,  573,  614,  492,  136,  904,  869,  849,  520, 1050,  799,  688,  321, 1072,  959, 1156,  733, 1132, 1045,  347, 1026,  360,  871,  675,  840,  273,  573,  431,  419, 1118,  993, 1001,  592,  517,  668, 1129,  647,  705,  913, 1120,  536,  141,  944,  931,  316,  675,  303,  952,  761,  646,  921],
        [  617,    0,  194,  900,  493,  667,  598,  454,  842,  265,  425,  766,  987,  837,  964,  445,  952,  606, 1014,  884, 1099,  854, 1200,   71,  318,  906, 1021,  900,  639,  619,  488,  420, 1001,  813,  944,  863, 1220,  443,  790, 1112, 1165,  954,  991,  337,  931,  571,  439, 1008,  815,  848, 1369,    0,  918,  914,  737, 1157,  802,  686,  905,  821,  881, 1240,  532,  780,  874,  853,  320,  970, 1019, 1125,  307,  981,  213,  844,  333,  444, 1029,  530, 1091,  653,  877,  562, 1120, 1017,  978,  966,  265,  390,  505,  951, 1026,  703,  243,  882,  948,  948,  268, 1023, 1233,  943,  855, 1077,  712, 1066,  495,  800,  787,  498],
        [  462,    0,  785,  375,  465,  260,  323,  681,  284,  770,  530,  364,  848,  163, 1047,  498,  323,  584,  303,  299,  339,  156,  492,  886,  609,  657,  578,  167,  539,  332,  433,  723,  268,  157,  447,  806,  471,  637,  181,  353,  595,  402,  334,  795,  924,  449,  499,  492,  258,   71,  624,  918,    0,  978,  614,  498,  409,  282,  616,  562,  396,  550,  662,  834,  881,  397,  626,  903,  155,  594,  617, 1044,  722,  743,  608,  500,  336,  823,  265,  734,  709,  367,  362,  100,  226,  273,  656,  537,  442,   37,  123,  407,  719,  682,  802,  318,  651,  112,  494,  346,  944,  503,  278,  420,  698,  735,  164,  420],
        [  568,    0,  739,  632,  694,  923,  818,  507,  699,  663,  954,  615,  209,  815,   71,  932, 1252,  455,  780,  697,  839, 1062,  810,  843,  887,  352,  518, 1104,  477,  966,  797,  519,  802,  826,  587,  176,  863,  549, 1020,  841,  658,  638,  730,  581,   76, 1052,  919,  592,  720,  932,  928,  914,  978,    0,  369,  746,  570,  742,  395,  420,  604,  806,  448,  163,   97,  592,  724,  135, 1131,  610,  781,   76,  775,  238,  926,  933,  763,  385,  910,  307,  284,  775,  841, 1034,  821,  768,  809,  762,  946,  982,  991,  584,  726,  315,  225, 1246,  822, 1006,  856, 1265,   60,  647,  727,  718,  458,  244,  830,  821],
        [  212,    0,  544,  303,  364,  561,  461,  286,  343,  476,  637,  251,  299,  451,  440,  609,  883,  137,  461,  351,  536,  693,  563,  671,  599,  170,  307,  735,  128,  611,  462,  328,  474,  460,  290,  208,  605,  296,  652,  543,  467,  331,  415,  426,  326,  710,  597,  331,  358,  564,  719,  737,  614,  369,    0,  504,  215,  374,  171,  105,  273,  583,  209,  221,  276,  252,  458,  324,  768,  419,  507,  440,  544,  153,  634,  611,  454,  308,  588,  155,  155,  424,  546,  677,  483,  436,  546,  459,  610,  621,  640,  216,  502,  150,  250,  877,  556,  653,  607,  896,  331,  403,  358,  439,  253,  128,  462,  484],
        [  542,    0,  975,  258,  675,  663,  639,  751,  335,  923,  890,  393,  550,  414,  801,  854,  816,  590,  200,  291,  170,  651,   65, 1101,  916,  404,  230,  664,  543,  745,  722,  800,  234,  446,  222,  585,  119,  737,  657,  160,  119,  204,  190,  898,  673,  875,  848,  174,  373,  511,  218, 1157,  498,  746,  504,    0,  357,  512,  369,  400,  277,   83,  687,  668,  660,  305,  840,  624,  603,  150,  866,  786,  945,  533,  936,  856,  168,  811,  263,  658,  476,  645,  153,  480,  276,  242,  911,  788,  819,  474,  420,  455,  916,  447,  523,  811,  915,  441,  111,  841,  742,  104,  480,   97,  735,  557,  474,  727],
        [  186,    0,  619,  106,  331,  419,  347,  401,  130,  566,  579,   63,  445,  248,  639,  545,  702,  247,  257,  137,  340,  510,  405,  745,  581,  257,  251,  547,  196,  487,  399,  450,  265,  263,  143,  397,  434,  382,  480,  349,  369,  154,  216,  547,  515,  607,  537,  211,  152,  369,  572,  802,  409,  570,  215,  357,    0,  224,  219,  153,   81,  440,  345,  433,  473,   53,  487,  495,  562,  335,  518,  635,  591,  334,  607,  547,  258,  489,  379,  359,  301,  331,  354,  465,  270,  226,  563,  445,  525,  413,  426,  103,  560,  276,  397,  696,  568,  440,  443,  719,  539,  276,  197,  270,  392,  329,  274,  411],
