{
    "name": "random-82-15969",
    "comment": "size=82 seed=15969",
    "nodes": ["+0", "-0", "+1", "-1", "+2", "-2", "+3", "-3", "+4", "-4", "+5", "-5", "+6", "-6", "+7", "-7", "+8", "-8", "+9", "-9", "+10", "-10", "+11", "-11", "+12", "-12", "+13", "-13", "+14", "-14", "+15", "-15", "+16", "-16", "+17", "-17", "+18", "-18", "+19", "-19", "+20", "-20", "+21", "-21", "+22", "-22", "+23", "-23", "+24", "-24", "+25", "-25", "+26", "-26", "+27", "-27", "+28", "-28", "+29", "-29", "+30", "-30", "+31", "-31", "+32", "-32", "+33", "-33", "+34", "-34", "+35", "-35", "+36", "-36", "+37", "-37", "+38", "-38", "+39", "-39", "+40", "-40", "+41", "-41", "+42", "-42", "+43", "-43", "+44", "-44", "+45", "-45", "+46", "-46", "+47", "-47", "+48", "-48", "+49", "-49", "+50", "-50", "+51", "-51", "+52", "-52", "+53", "-53", "+54", "-54", "+55", "-55", "+56", "-56", "+57", "-57", "+58", "-58", "+59", "-59", "+60", "-60", "+61", "-61", "+62", "-62", "+63", "-63", "+64", "-64", "+65", "-65", "+66", "-66", "+67", "-67", "+68", "-68", "+69", "-69", "+70", "-70", "+71", "-71", "+72", "-72", "+73", "-73", "+74", "-74", "+75", "-75", "+76", "-76", "+77", "-77", "+78", "-78", "+79", "-79", "+80", "-80", "+81", "-81", "+82", "-82"],
    "precedence": {
        "+0": "-0",
        "+1": "-1",
        "+2": "-2",
        "+3": "-3",
        "+4": "-4",
        "+5": "-5",
        "+6": "-6",
        "+7": "-7",
        "+8": "-8",
        "+9": "-9",
        "+10": "-10",
        "+11": "-11",
        "+12": "-12",
        "+13": "-13",
        "+14": "-14",
        "+15": "-15",
        "+16": "-16",
        "+17": "-17",
        "+18": "-18",
        "+19": "-19",
        "+20": "-20",
        "+21": "-21",
        "+22": "-22",
        "+23": "-23",
        "+24": "-24",
        "+25": "-25",
        "+26": "-26",
        "+27": "-27",
        "+28": "-28",
        "+29": "-29",
        "+30": "-30",
        "+31": "-31",
        "+32": "-32",
        "+33": "-33",
        "+34": "-34",
        "+35": "-35",
        "+36": "-36",
        "+37": "-37",
        "+38": "-38",
        "+39": "-39",
        "+40": "-40",
        "+41": "-41",
        "+42": "-42",
        "+43": "-43",
        "+44": "-44",
        "+45": "-45",
        "+46": "-46",
        "+47": "-47",
        "+48": "-48",
        "+49": "-49",
        "+50": "-50",
        "+51": "-51",
        "+52": "-52",
        "+53": "-53",
        "+54": "-54",
        "+55": "-55",
        "+56": "-56",
        "+57": "-57",
        "+58": "-58",
        "+59": "-59",
        "+60": "-60",
        "+61": "-61",
        "+62": "-62",
        "+63": "-63",
        "+64": "-64",
        "+65": "-65",
        "+66": "-66",
        "+67": "-67",
        "+68": "-68",
        "+69": "-69",
        "+70": "-70",
        "+71": "-71",
        "+72": "-72",
        "+73": "-73",
        "+74": "-74",
        "+75": "-75",
        "+76": "-76",
        "+77": "-77",
        "+78": "-78",
        "+79": "-79",
        "+80": "-80",
        "+81": "-81",
        "+82": "-82"
    },
    "edges": [
        [    0,    0,  846,  795,  684,  856,  280,  687,  116,  963,  546,  575,  707,  866,  521,  802,  565,  941,  452,  798,  745,  682,  451,  898,  411,  465,  792,  727,  444,  304, 1035,  882,  635,   88,  750,  311,    9,  772,  773,  715,  280,  452,  671,  373,  133,  606,  275,  557,  604,  775,  807,  288, 1088,  502,  656,  556,  913,  578,  903,  455,  325,  849,  859,  691,  769,  546,  480, 1007,  679,  312,  955, 1004,  276,  851,  191,  406,  735,  719,  874,  417, 1039,  939,  453, 1004,  521,  873,  992,  967,  568,  774,  828,  464,  411,  833,  424,  323,  770,  741,  551,  822,  998,  217,  107,  389,  942,  534,  565,  514,  637,  735,  824,  373,  500,  505,  564,  135,  791,  966,  928,  679,  361,  275,  497,  413,  797, 1056,  872,  478,  341,  749,  358,  767,  282,  185,  305,  590,  759,  794,  144,  696,  188,  933, 1038,  576, 1032,  430,  241,  502,  398,  227, 1054,  677,  590,  901,  890,  343,  973,  313,  958,  491, 1109,  488,  485,  336,  600,  414],
        [    0,    0,    0,    0,    0,    0,    0,    0,    0,    0,    0,    0,    0,    0,    0,    0,    0,    0,    0,    0,    0,    0,    0,    0,    0,    0,    0,    0,    0,    0,    0,    0,    0,    0,    0,    0,    0,    0,    0,    0,    0,    0,    0,    0,    0,    0,    0,    0,    0,    0,    0,    0,    0,    0,    0,    0,    0,    0,    0,    0,    0,    0,    0,    0,    0,    0,    0,    0,    0,    0,    0,    0,    0,    0,    0,    0,    0,    0,    0,    0,    0,    0,    0,    0,    0,    0,    0,    0,    0,    0,    0,    0,    0,    0,    0,    0,    0,    0,    0,    0,    0,    0,    0,    0,    0,    0,    0,    0,    0,    0,    0,    0,    0,    0,    0,    0,    0,    0,    0,    0,    0,    0,    0,    0,    0,    0,    0,    0,    0,    0,    0,    0,    0,    0,    0,    0,    0,    0,    0,    0,    0,    0,    0,    0,    0,    0,    0,    0,    0,    0,    0,    0,    0,    0,    0,    0,    0,    0,    0,    0,    0,    0,    0,    0,    0,    0],
        [  846,    0,    0,  368,  340,   15,  574,  685,  845,  118,  784, 1066,  497,  249,  738,  118,  502,  225,  646,  325,  141,  566,  514,  663,  874,  618,  654,  652,  502,  703,  541,  220,  836,  838,  136,  888,  851,   83,  241,  224,  639,  752,  178,  473,  779,  256,  793,  735,  634,  376,  168,  790,  584,  368,  318,  392,   69,  612,  123,  802,  800,  195,  413,  350,  270,  767,  672,  328,  485,  874,  123,  579,  581,  679,  659,  501,  229,  731,  370,  750,  312,  105,  398,  570,  537,  259,  295,  545,  327,  340,   25,  528,  616,  692,  429,  754,  670,  344,  439,  308,  613,  852,  739,  623,  291,  593,  576,  349,  338,  345,  372,  562,  605,  599,  308,  780,  231,  141,  102,  644,  700,  921,  375,  802,  341,  509,  180,  733,  620,  459,  936,  627,  675,  681,  826,  505,   96,  320,  737,  153,  852,  118,  328, 1077,  469,  549,  678,  887,  456,  674,  499,  479,  762,  280,  635,  581,  231,  548,  606,  409,  639,  555,  375,  863,  362,  591],
        [  795,    0,  368,    0,  613,  381,  530,  352,  744,  434,  504,  804,  161,  149,  468,  457,  714,  239,  420,  651,  437,  236,  349,  297,  988,  782,  293,  306,  644,  541,  257,  186,  527,  750,  257,  960,  796,  314,  130,  511,  522,  901,  371,  497,  684,  436,  864,  450,  334,  689,  508,  619,  312,  498,  574,  590,  383,  327,  490,  557,  611,  549,   73,  627,  588,  486,  426,  695,  167,  689,  371,  257,  529,  313,  615,  390,  529,  391,   81,  885,  677,  369,  404,  251,  306,  614,  247,  216,  265,  655,  347,  687,  423,  327,  496,  849,  314,  645,  245,  644,  276,  892,  703,  750,  191,  789,  787,  335,  583,  644,   30,  426,  363,  356,  293,  683,  561,  362,  351,  314,  510,  755,  332,  575,  665,  265,  541,  481,  471,  106,  737,  270,  749,  689,  906,  731,  310,   49,  741,  317,  880,  477,  694,  816,  238,  691,  565,  627,  515,  573,  261,  163,  465,  639,  269,  456,  273,  493,  256,  556,  349,  729,  482,  950,  202,  728],
        [  684,    0,  340,  613,    0,  339,  476,  829,  729,  416,  853, 1080,  681,  548,  804,  227,  179,  555,  690,  115,  203,  728,  552,  894,  578,  314,  847,  819,  247,  673,  842,  532,  930,  711,  371,  620,  691,  330,  493,  117,  587,  444,  243,  359,  670,  190,  535,  817,  751,  103,  192,  750,  891,  215,   45,  128,  396,  720,  305,  830,  774,  208,  679,   14,  101,  839,  728,  331,  657,  832,  456,  863,  489,  889,  532,  498,  113,  880,  650,  451,  373,  438,  354,  856,  620,  203,  627,  823,  410,   91,  341,  246,  640,  893,  298,  484,  851,   59,  537,  140,  887,  612,  585,  349,  611,  270,  247,  368,   52,   54,  631,  553,  675,  672,  372,  672,  140,  476,  439,  792,  698,  854,  397,  813,  115,  821,  238,  781,  603,  668,  899,  815,  436,  499,  558,  175,  327,  572,  547,  298,  621,  349,  366, 1088,  782,  278,  610,  918,  315,  595,  812,  651,  853,  226,  868,  556,  567,  472,  869,  199,  941,  253,  243,  586,  488,  314],
        [  856,    0,   15,  381,  339,    0,  585,  699,  856,  107,  798, 1080,  511,  260,  752,  114,  503,  232,  660,  319,  143,  580,  527,  676,  878,  621,  668,  666,  507,  716,  551,  230,  850,  849,  150,  894,  861,   96,  254,  224,  652,  755,  187,  483,  790,  263,  799,  749,  648,  371,  162,  803,  593,  375,  319,  395,   63,  627,  110,  816,  813,  186,  425,  348,  265,  781,  686,  315,  499,  887,  120,  590,  592,  692,  669,  513,  227,  746,  382,  753,  299,  102,  409,  581,  551,  249,  301,  556,  340,  335,   39,  532,  630,  706,  438,  760,  684,  340,  453,  301,  624,  859,  749,  628,  299,  594,  577,  361,  338,  342,  385,  575,  619,  613,  321,  791,  225,  139,  101,  658,  713,  934,  388,  816,  335,  517,  169,  747,  633,  473,  949,  640,  682,  690,  832,  506,  109,  333,  746,  165,  859,  104,  314, 1091,  477,  553,  690,  901,  465,  685,  507,  493,  776,  269,  647,  594,  236,  559,  618,  415,  648,  558,  383,  868,  376,  595],
        [  280,    0,  574,  530,  476,  585,    0,  511,  274,  691,  442,  615,  470,  589,  399,  544,  420,  662,  290,  585,  487,  465,  213,  685,  500,  388,  591,  534,  288,  209,  780,  604,  534,  265,  472,  446,  283,  497,  496,  474,  121,  457,  403,  119,  208,  351,  357,  426,  420,  577,  558,  277,  834,  265,  438,  356,  639,  387,  643,  388,  306,  604,  598,  486,  543,  434,  330,  772,  440,  357,  679,  759,   14,  648,   89,  148,  497,  555,  607,  429,  796,  663,  176,  757,  300,  639,  714,  719,  289,  565,  554,  329,  233,  637,  180,  361,  577,  534,  295,  603,  760,  368,  177,  319,  666,  436,  457,  235,  425,  529,  559,  149,  311,  314,  285,  210,  555,  688,  651,  489,  250,  380,  218,  361,  588,  795,  623,  364,  165,  501,  424,  561,  261,  165,  401,  447,  484,  523,  212,  422,  353,  669,  799,  622,  768,  306,  136,  470,  162,  120,  791,  437,  465,  670,  670,  128,  694,   39,  723,  280,  862,  371,  240,  445,  330,  320],
        [  687,    0,  685,  352,  829,  699,  511,    0,  595,  771,  196,  480,  194,  500,  187,  745,  864,  590,  237,  902,  706,  120,  311,  234, 1009,  879,  123,   60,  752,  384,  458,  536,  183,  613,  553,  945,  684,  612,  453,  756,  426,  965,  615,  557,  556,  641,  863,  152,   92,  924,  789,  422,  498,  644,  785,  756,  717,  125,  804,  285,  394,  837,  361,  843,  841,  183,  208, 1001,  200,  459,  715,  398,  501,  175,  562,  382,  780,   51,  408,  939,  995,  710,  500,  403,  224,  897,  591,  376,  421,  897,  661,  799,  287,  152,  593,  871,   92,  877,  293,  905,  372,  856,  631,  820,  537,  912,  923,  464,  785,  873,  367,  363,  201,  198,  458,  553,  826,  708,  692,   41,  328,  532,  439,  321,  913,  506,  837,  224,  363,  246,  481,  115,  772,  666,  906,  888,  603,  392,  699,  580,  835,  802, 1008,  493,  504,  787,  456,  322,  598,  474,  510,  206,  142,  926,  238,  386,  624,  480,  329,  694,  493,  845,  618,  950,  347,  812],
        [  116,    0,  845,  744,  729,  856,  274,  595,    0,  962,  440,  461,  639,  832,  420,  817,  631,  913,  366,  842,  760,  603,  396,  815,  524,  548,  706,  639,  503,  217,  972,  852,  527,   30,  736,  426,  109,  767,  740,  742,  224,  553,  676,  387,   67,  623,  383,  457,  517,  825,  829,  180, 1023,  529,  696,  602,  910,  494,  916,  346,  216,  874,  803,  737,  805,  442,  389, 1039,  612,  196,  946,  934,  265,  764,  199,  367,  764,  623,  824,  519, 1066,  931,  448,  935,  452,  905,  957,  900,  542,  819,  825,  531,  335,  744,  445,  425,  681,  787,  500,  863,  925,  331,  155,  471,  905,  614,  643,  499,  679,  781,  773,  319,  419,  425,  546,   66,  822,  954,  918,  591,  269,  163,  477,  304,  843,  999,  895,  378,  275,  685,  244,  683,  368,  249,  417,  658,  753,  749,  228,  693,  302,  942, 1068,  463,  978,  498,  181,  388,  422,  178,  997,  612,  488,  935,  809,  291,  947,  298,  883,  530, 1039,  561,  507,  450,  559,  490],
        [  963,    0,  118,  434,  416,  107,  691,  771,  962,    0,  885, 1172,  579,  293,  840,  192,  589,  231,  754,  370,  237,  652,  625,  720,  974,  713,  726,  733,  606,  817,  558,  257,  931,  955,  241,  994,  967,  198,  318,  308,  756,  847,  293,  590,  896,  367,  900,  835,  729,  426,  225,  905,  594,  479,  403,  489,   57,  710,  120,  909,  913,  226,  463,  423,  328,  868,  777,  295,  572,  988,   73,  608,  698,  744,  776,  616,  305,  815,  415,  848,  260,   67,  515,  598,  641,  278,  288,  578,  439,  392,  138,  627,  727,  760,  544,  859,  746,  404,  544,  346,  646,  963,  856,  726,  306,  681,  660,  466,  425,  408,  431,  676,  709,  704,  424,  897,  285,   92,   84,  731,  812, 1037,  491,  912,  386,  516,  199,  838,  735,  534, 1049,  701,  784,  796,  932,  588,  211,  387,  852,  270,  964,   78,  281, 1184,  477,  651,  795,  993,  571,  790,  505,  566,  859,  287,  691,  697,  219,  665,  647,  515,  651,  650,  488,  967,  467,  692],
        [  546,    0,  784,  504,  853,  798,  442,  196,  440,  885,    0,  300,  346,  643,   50,  819,  847,  736,  164,  943,  771,  276,  302,  428,  912,  830,  318,  254,  720,  257,  650,  676,   94,  463,  649,  832,  541,  704,  577,  803,  330,  893,  675,  525,  416,  676,  763,   54,  171,  954,  856,  261,  691,  645,  809,  756,  829,  180,  895,   99,  226,  905,  531,  866,  886,   18,  126, 1078,  337,  276,  838,  591,  430,  368,  464,  358,  828,  202,  573,  863, 1081,  830,  500,  596,  250,  960,  750,  568,  474,  932,  760,  765,  219,  342,  576,  783,  286,  906,  348,  952,  568,  739,  513,  761,  694,  875,  893,  491,  804,  902,  525,  311,  184,  188,  505,  413,  881,  836,  813,  216,  201,  348,  461,  140,  951,  694,  913,   80,  279,  404,  289,  309,  691,  570,  804,  873,  693,  535,  591,  654,  714,  901, 1092,  313,  689,  745,  343,  129,  572,  365,  697,  341,   56,  990,  433,  320,  771,  422,  524,  685,  689,  809,  617,  845,  423,  762],
        [  575,    0, 1066,  804, 1080, 1080,  615,  480,  461, 1172,  300,    0,  646,  941,  338, 1086, 1034, 1034,  420, 1182, 1034,  574,  557,  697,  984,  981,  595,  539,  900,  409,  938,  974,  303,  490,  933,  885,  567,  984,  872, 1052,  497, 1007,  937,  725,  480,  921,  843,  354,  471, 1183, 1117,  342,  975,  866, 1039,  967, 1115,  478, 1170,  265,  310, 1167,  830, 1092, 1131,  318,  396, 1341,  637,  275, 1130,  874,  602,  635,  593,  592, 1076,  467,  873,  973, 1351, 1121,  732,  880,  532, 1215, 1050,  855,  744, 1166, 1042,  939,  456,  606,  785,  881,  562, 1137,  629, 1195,  845,  791,  599,  904,  994, 1039, 1064,  744, 1029, 1132,  825,  531,  464,  470,  770,  478, 1133, 1129, 1104,  508,  384,  301,  713,  270, 1188,  986, 1178,  335,  478,  704,  218,  594,  811,  684,  877, 1061,  972,  834,  679,  926,  762, 1181, 1359,   14,  983,  912,  482,  181,  772,  502,  990,  641,  344, 1246,  708,  525, 1070,  611,  803,  892,  965,  978,  838,  910,  706,  916],
        [  707,    0,  497,  161,  681,  511,  470,  194,  639,  579,  346,  646,    0,  307,  314,  566,  746,  398,  286,  739,  533,   76,  261,  227,  961,  787,  167,  156,  652,  425,  335,  343,  367,  650,  368,  916,  707,  428,  261,  594,  428,  892,  449,  473,  585,  492,  824,  293,  176,  768,  614,  493,  385,  521,  638,  628,  525,  175,  618,  408,  478,  659,  187,  695,  677,  329,  283,  819,   31,  554,  521,  297,  464,  210,  544,  323,  615,  237,  227,  871,  808,  517,  393,  297,  188,  722,  405,  261,  278,  738,  474,  698,  305,  213,  492,  820,  177,  722,  181,  738,  293,  837,  627,  741,  350,  808,  813,  338,  641,  719,  180,  338,  228,  221,  315,  583,  657,  515,  499,  155,  383,  624,  321,  431,  752,  368,  657,  333,  368,   58,  596,  136,  717,  634,  868,  767,  421,  199,  679,  406,  820,  612,  823,  659,  354,  694,  468,  472,  505,  481,  368,   35,  305,  750,  207,  367,  433,  433,  254,  577,  402,  743,  499,  912,  196,  726],
        [  866,    0,  249,  149,  548,  260,  589,  500,  832,  293,  643,  941,  307,    0,  604,  356,  679,   94,  541,  562,  352,  383,  443,  428, 1000,  769,  439,  454,  635,  644,  297,   38,  672,  833,  180,  989,  868,  220,   93,  435,  608,  897,  315,  527,  768,  396,  891,  590,  475,  607,  408,  727,  344,  485,  515,  556,  247,  464,  366,  688,  725,  442,  171,  561,  501,  625,  554,  570,  308,  804,  226,  331,  591,  453,  677,  466,  449,  539,  124,  886,  546,  226,  432,  322,  423,  506,  127,  297,  300,  571,  233,  673,  533,  470,  508,  866,  462,  568,  342,  549,  365,  932,  766,  751,   78,  763,  754,  363,  529,  568,  141,  515,  487,  480,  312,  768,  467,  215,  209,  461,  622,  864,  372,  701,  577,  273,  428,  612,  567,  254,  857,  417,  771,  735,  930,  690,  223,  109,  790,  258,  924,  346,  564,  953,  234,  684,  652,  763,  532,  655,  264,  304,  607,  528,  398,  542,  129,  554,  360,  540,  396,  711,  477,  972,  274,  725],
        [  521,    0,  738,  468,  804,  752,  399,  187,  420,  840,   50,  338,  314,  604,    0,  771,  799,  697,  115,  894,  723,  247,  253,  420,  876,  786,  308,  242,  674,  223,  628,  636,  136,  441,  603,  800,  517,  657,  535,  754,  290,  852,  626,  478,  389,  627,  727,   38,  140,  905,  807,  242,  672,  597,  760,  708,  784,  142,  848,  100,  211,  857,  500,  817,  837,   36,   77, 1030,  301,  272,  795,  574,  386,  362,  426,  309,  778,  206,  540,  823, 1034,  786,  451,  578,  202,  911,  714,  547,  425,  883,  714,  719,  172,  338,  528,  745,  279,  857,  300,  902,  553,  707,  480,  718,  657,  830,  847,  442,  755,  853,  490,  264,  136,  140,  457,  387,  832,  794,  769,  198,  166,  345,  412,  134,  902,  671,  864,   43,  235,  372,  296,  294,  651,  533,  769,  825,  646,  497,  556,  606,  683,  855, 1044,  350,  662,  700,  307,  160,  525,  328,  673,  305,   71,  942,  422,  275,  732,  377,  509,  637,  674,  763,  569,  810,  376,  718],
        [  802,    0,  118,  457,  227,  114,  544,  745,  817,  192,  819, 1086,  566,  356,  771,    0,  397,  342,  669,  208,   58,  629,  529,  753,  783,  522,  730,  719,  418,  701,  652,  331,  881,  806,  202,  808,  808,  144,  327,  116,  628,  655,  150,  432,  752,  196,  715,  774,  683,  259,   53,  787,  697,  303,  212,  299,  169,  657,  102,  823,  802,   94,  511,  236,  152,  803,  700,  260,  550,  872,  229,  685,  553,  762,  622,  501,  115,  793,  472,  657,  265,  211,  375,  677,  570,  158,  412,  649,  346,  222,  126,  437,  631,  772,  378,  672,  742,  227,  473,  194,  716,  782,  696,  537,  405,  489,  470,  345,  233,  229,  467,  563,  636,  631,  317,  753,  114,  250,  213,  705,  708,  911,  375,  817,  225,  623,   94,  760,  621,  537,  937,  701,  602,  627,  745,  398,  148,  410,  681,  167,  785,  137,  274, 1096,  582,  462,  663,  911,  404,  654,  613,  544,  805,  184,  725,  577,  349,  524,  706,  332,  750,  458,  318,  779,  403,  503],
        [  565,    0,  502,  714,  179,  503,  420,  864,  631,  589,  847, 1034,  746,  679,  799,  397,    0,  703,  685,  276,  361,  779,  560,  970,  400,  139,  905,  866,  134,  629,  960,  670,  933,  609,  500,  450,  573,  474,  608,  282,  540,  265,  365,  323,  581,  284,  373,  820,  778,  233,  368,  693, 1012,  226,  186,  125,  563,  745,  482,  804,  724,  387,  785,  176,  279,  835,  724,  496,  719,  768,  622,  970,  434,  954,  448,  494,  285,  914,  765,  273,  544,  604,  365,  964,  643,  377,  773,  929,  470,  247,  498,  102,  628,  953,  274,  317,  903,  217,  579,  306,  989,  455,  478,  189,  749,   93,   76,  409,  165,  211,  736,  537,  684,  684,  434,  584,  318,  641,  603,  832,  666,  776,  430,  779,  267,  948,  417,  769,  574,  747,  834,  873,  291,  385,  389,   28,  467,  680,  422,  422,  469,  525,  535, 1040,  910,  135,  552,  888,  275,  533,  940,  713,  859,  397,  947,  529,  720,  430,  965,  172, 1057,   84,  249,  413,  551,  157],
        [  941,    0,  225,  239,  555,  232,  662,  590,  913,  231,  736, 1034,  398,   94,  697,  342,  703,    0,  632,  549,  353,  474,  530,  501, 1047,  805,  524,  543,  676,  731,  329,   63,  764,  913,  212, 1043,  944,  230,  175,  439,  691,  936,  342,  589,  848,  428,  945,  683,  568,  600,  392,  815,  366,  527,  528,  584,  199,  557,  326,  780,  814,  417,  247,  567,  493,  718,  646,  523,  401,  893,  159,  378,  665,  532,  751,  547,  448,  629,  196,  928,  490,  166,  497,  368,  514,  479,   72,  349,  374,  564,  217,  710,  622,  552,  563,  916,  548,  565,  430,  532,  416,  992,  838,  795,   75,  790,  778,  430,  544,  567,  226,  598,  579,  572,  379,  848,  455,  143,  152,  552,  711,  952,  444,  792,  566,  289,  398,  705,  652,  345,  947,  503,  826,  800,  984,  711,  237,  201,  856,  288,  986,  297,  511, 1046,  249,  724,  734,  856,  588,  736,  279,  396,  700,  496,  472,  625,   36,  628,  420,  580,  423,  744,  524, 1024,  359,  766],
        [  452,    0,  646,  420,  690,  660,  290,  237,  366,  754,  164,  420,  286,  541,  115,  669,  685,  632,    0,  783,  619,  240,  142,  449,  779,  674,  341,  275,  560,  150,  619,  570,  249,  382,  513,  710,  450,  564,  462,  645,  191,  746,  522,  363,  322,  516,  631,  138,  152,  792,  703,  208,  668,  482,  647,  593,  697,  128,  751,  156,  193,  753,  466,  703,  727,  151,   41,  926,  264,  271,  714,  575,  279,  399,  329,  195,  669,  274,  498,  718,  933,  704,  337,  577,  119,  804,  659,  542,  324,  771,  622,  606,   59,  381,  413,  645,  318,  745,  210,  792,  562,  621,  395,  608,  603,  717,  733,  332,  641,  740,  446,  150,   59,   66,  352,  320,  724,  715,  688,  227,  100,  339,  302,  161,  791,  653,  762,   92,  130,  339,  318,  318,  548,  435,  675,  711,  552,  440,  465,  507,  598,  761,  942,  431,  638,  588,  219,  242,  410,  238,  653,  265,  177,  835,  443,  164,  668,  265,  520,  522,  679,  650,  454,  717,  288,  606],
        [  798,    0,  325,  651,  115,  319,  585,  902,  842,  370,  943, 1182,  739,  562,  894,  208,  276,  549,  783,    0,  215,  794,  642,  942,  674,  414,  906,  885,  360,  777,  858,  539, 1016,  825,  396,  724,  806,  344,  523,  146,  693,  537,  291,  467,  782,  268,  643,  904,  829,   58,  158,  856,  904,  321,  147,  243,  366,  800,  251,  927,  879,  144,  709,  109,   64,  928,  818,  222,  718,  939,  424,  888,  598,  944,  645,  594,  124,  952,  675,  548,  269,  408,  451,  880,  703,  108,  620,  851,  482,   30,  334,  355,  735,  950,  406,  590,  914,   61,  613,   31,  917,  722,  699,  456,  613,  360,  331,  453,  163,   67,  664,  652,  761,  759,  446,  784,   95,  446,  414,  863,  798,  964,  483,  913,   17,  830,  173,  874,  704,  719, 1006,  875,  548,  614,  663,  263,  344,  606,  661,  337,  733,  295,  260, 1190,  790,  389,  718, 1016,  424,  704,  821,  712,  939,  123,  915,  657,  554,  578,  904,  312,  957,  356,  347,  688,  555,  422],
        [  745,    0,  141,  437,  203,  143,  487,  706,  760,  237,  771, 1034,  533,  352,  723,   58,  361,  353,  619,  215,    0,  593,  478,  729,  738,  480,  699,  684,  369,  646,  648,  332,  836,  749,  182,  758,  751,  132,  309,   87,  572,  613,   98,  375,  695,  139,  664,  727,  640,  256,   85,  732,  695,  248,  178,  254,  204,  614,  158,  772,  748,  135,  496,  214,  152,  755,  651,  308,  515,  817,  262,  675,  496,  734,  565,  446,   97,  756,  461,  613,  318,  244,  319,  667,  524,  192,  424,  637,  298,  221,  139,  391,  579,  742,  322,  623,  709,  217,  428,  208,  704,  729,  639,  489,  410,  452,  436,  292,  197,  217,  450,  509,  588,  584,  267,  696,  125,  281,  242,  666,  655,  855,  322,  765,  229,  623,  144,  710,  566,  509,  882,  669,  550,  571,  696,  365,  131,  392,  625,  128,  731,  191,  325, 1044,  584,  414,  606,  860,  348,  598,  614,  509,  759,  221,  702,  522,  365,  467,  690,  280,  747,  416,  262,  731,  361,  456],
        [  682,    0,  566,  236,  728,  580,  465,  120,  603,  652,  276,  574,   76,  383,  247,  629,  779,  474,  240,  794,  593,    0,  254,  221,  963,  808,  129,   92,  676,  387,  385,  418,  291,  617,  435,  910,  680,  495,  334,  648,  405,  905,  505,  487,  554,  538,  822,  223,  108,  820,  675,  446,  432,  554,  684,  665,  597,  115,  686,  344,  427,  722,  256,  742,  732,  259,  228,  885,   81,  501,  595,  337,  458,  184,  531,  323,  671,  166,  300,  882,  877,  591,  417,  339,  167,  783,  480,  306,  319,  791,  543,  723,  271,  177,  515,  823,  125,  772,  201,  795,  323,  828,  609,  756,  425,  834,  842,  371,  686,  770,  254,  323,  185,  179,  357,  552,  715,  590,  573,   80,  339,  572,  350,  371,  806,  425,  722,  271,  342,  132,  537,   98,  721,  628,  866,  801,  486,  275,  669,  466,  809,  683,  891,  587,  416,  715,  442,  403,  524,  457,  427,   87,  232,  812,  210,  351,  508,  430,  280,  608,  440,  768,  530,  910,  240,  744],
        [  451,    0,  514,  349,  552,  527,  213,  311,  396,  625,  302,  557,  261,  443,  253,  529,  560,  530,  142,  642,  478,  254,    0,  473,  710,  568,  380,  326,  443,  202,  584,  468,  380,  402,  385,  658,  452,  431,  355,  503,  174,  656,  381,  246,  336,  375,  569,  266,  221,  652,  562,  287,  637,  348,  508,  460,  569,  188,  614,  294,  290,  612,  409,  565,  586,  288,  177,  785,  231,  367,  592,  555,  206,  437,  283,   72,  528,  359,  429,  631,  794,  580,  201,  554,   90,  663,  568,  517,  188,  630,  490,  490,  103,  427,  287,  570,  368,  605,  104,  651,  553,  578,  367,  509,  514,  602,  615,  191,  503,  601,  377,   79,  125,  124,  213,  335,  582,  595,  565,  284,  188,  424,  160,  290,  650,  606,  622,  234,  125,  299,  426,  350,  469,  376,  613,  585,  419,  354,  419,  370,  560,  627,  802,  568,  584,  476,  217,  382,  289,  226,  604,  229,  303,  694,  459,  109,  565,  177,  515,  392,  660,  535,  320,  657,  172,  501],
        [  898,    0,  663,  297,  894,  676,  685,  234,  815,  720,  428,  697,  227,  428,  420,  753,  970,  501,  449,  942,  729,  221,  473,    0, 1181, 1013,  112,  180,  878,  599,  260,  464,  395,  831,  551, 1130,  896,  610,  426,  799,  624, 1117,  655,  698,  769,  708, 1041,  385,  299,  976,  804,  648,  286,  745,  852,  850,  673,  322,  786,  518,  623,  845,  257,  908,  879,  416,  428,  991,  256,  690,  652,  188,  678,   63,  751,  540,  819,  231,  306, 1095,  970,  653,  619,  196,  388,  910,  474,  184,  501,  944,  643,  924,  488,   91,  718, 1040,  142,  931,  406,  937,  152, 1048,  829,  966,  431, 1033, 1038,  563,  858,  929,  292,  543,  399,  394,  537,  767,  854,  639,  636,  226,  547,  764,  547,  553,  956,  317,  837,  455,  560,  226,  714,  132,  938,  848, 1085,  990,  605,  345,  889,  606, 1029,  770,  988,  710,  330,  920,  659,  551,  731,  676,  325,  261,  373,  935,   30,  571,  527,  649,  114,  802,  269,  969,  724, 1129,  419,  952],
        [  411,    0,  874,  988,  578,  878,  500, 1009,  524,  974,  912,  984,  961, 1000,  876,  783,  400, 1047,  779,  674,  738,  963,  710, 1181,    0,  264, 1090, 1033,  373,  655, 1245, 1001, 1005,  495,  835,  111,  419,  827,  914,  669,  589,  139,  710,  494,  514,  624,  149,  908,  917,  627,  761,  674, 1300,  520,  576,  485,  940,  886,  875,  833,  712,  785, 1060,  576,  678,  907,  816,  893,  930,  716,  996, 1236,  509, 1147,  451,  641,  677, 1051, 1057,  128,  942,  978,  585, 1232,  798,  776, 1113, 1195,  724,  645,  865,  347,  724, 1136,  496,  142, 1076,  616,  780,  704, 1243,  196,  402,  253, 1077,  315,  346,  654,  554,  610, 1016,  647,  808,  811,  699,  517,  716, 1014,  974,  988,  711,  685,  657,  795,  664, 1248,  814,  835,  649,  983,  767, 1060,  244,  345,  109,  411,  817,  967,  321,  760,  226,  917,  932,  986, 1215,  326,  569,  896,  474,  548, 1242,  926,  946,  795, 1165,  623, 1070,  534, 1210,  469, 1335,  327,  524,   76,  792,  284],
        [  465,    0,  618,  782,  314,  621,  388,  879,  548,  713,  830,  981,  787,  769,  786,  522,  139,  805,  674,  414,  480,  808,  568, 1013,  264,    0,  937,  889,  138,  590, 1036,  765,  921,  523,  595,  313,  474,  579,  690,  407,  505,  134,  464,  323,  508,  378,  241,  811,  788,  370,  498,  641, 1089,  287,  313,  226,  683,  755,  612,  773,  676,  521,  854,  313,  415,  821,  714,  634,  758,  708,  740, 1037,  401,  990,  389,  497,  414,  926,  842,  137,  682,  722,  395, 1032,  656,  514,  874,  996,  522,  385,  611,   97,  616,  984,  296,  183,  930,  355,  610,  444, 1051,  326,  394,   78,  843,   70,  104,  454,  291,  349,  807,  526,  685,  686,  491,  511,  452,  759,  719,  850,  636,  704,  467,  743,  405, 1030,  551,  751,  552,  798,  771,  905,  184,  302,  253,  154,  570,  753,  325,  517,  343,  654,  673,  986,  995,   94,  506,  852,  284,  485, 1023,  753,  850,  535,  993,  512,  826,  410, 1022,  230, 1130,   64,  301,  276,  600,   69],
        [  792,    0,  654,  293,  847,  668,  591,  123,  706,  726,  318,  595,  167,  439,  308,  730,  905,  524,  341,  906,  699,  129,  380,  112, 1090,  937,    0,   68,  804,  491,  344,  477,  293,  722,  530, 1033,  790,  590,  414,  761,  521, 1033,  616,  616,  662,  658,  947,  274,  190,  935,  779,  537,  380,  680,  804,  789,  675,  215,  777,  407,  512,  823,  280,  861,  843,  305,  318,  979,  191,  579,  663,  280,  582,   59,  652,  450,  782,  129,  331, 1010,  966,  662,  545,  286,  292,  886,  512,  262,  441,  905,  632,  851,  383,   48,  643,  950,   34,  888,  329,  905,  252,  949,  727,  884,  462,  962,  970,  497,  807,  886,  300,  446,  294,  289,  478,  660,  823,  654,  644,  116,  438,  652,  476,  442,  919,  396,  820,  343,  457,  196,  603,   33,  848,  751,  991,  927,  583,  340,  790,  572,  929,  767,  981,  608,  400,  843,  555,  443,  653,  572,  402,  196,  263,  914,  116,  472,  555,  556,  209,  735,  372,  896,  657, 1035,  360,  873],
        [  727,    0,  652,  306,  819,  666,  534,   60,  639,  733,  254,  539,  156,  454,  242,  719,  866,  543,  275,  885,  684,   92,  326,  180, 1033,  889,   68,    0,  760,  425,  399,  491,  240,  656,  523,  974,  725,  583,  416,  739,  458,  982,  596,  568,  596,  630,  889,  208,  124,  911,  765,  470,  439,  642,  775,  753,  680,  151,  773,  341,  445,  812,  308,  833,  823,  240,  251,  973,  170,  512,  674,  339,  525,  125,  591,  397,  762,   86,  357,  957,  963,  670,  503,  344,  237,  874,  540,  317,  410,  882,  629,  806,  320,  107,  599,  894,   44,  864,  288,  886,  314,  888,  665,  834,  487,  919,  928,  460,  777,  861,  318,  387,  231,  226,  448,  594,  806,  666,  652,   49,  371,  585,  437,  375,  897,  448,  811,  276,  394,  201,  537,   56,  793,  692,  933,  889,  575,  349,  729,  557,  867,  768,  978,  552,  447,  797,  491,  381,  607,  509,  452,  176,  201,  902,  181,  412,  576,  500,  270,  695,  435,  852,  617,  976,  332,  824],
        [  444,    0,  502,  644,  247,  507,  288,  752,  503,  606,  720,  900,  652,  635,  674,  418,  134,  676,  560,  360,  369,  676,  443,  878,  373,  138,  804,  760,    0,  496,  898,  633,  809,  482,  465,  390,  452,  454,  554,  309,  408,  262,  337,  198,  450,  251,  298,  697,  663,  332,  405,  560,  952,  151,  227,  125,  569,  630,  515,  674,  591,  437,  716,  251,  341,  710,  600,  576,  623,  635,  624,  899,  302,  856,  316,  374,  323,  801,  705,  253,  616,  606,  260,  894,  529,  446,  743,  858,  385,  334,  492,   47,  503,  852,  162,  254,  799,  301,  476,  386,  913,  370,  351,  122,  710,  160,  174,  317,  206,  294,  669,  411,  565,  565,  353,  452,  371,  641,  601,  722,  536,  644,  331,  648,  357,  894,  465,  642,  445,  661,  701,  772,  191,  260,  327,  161,  444,  616,  304,  388,  377,  554,  611,  907,  859,   49,  419,  757,  154,  399,  887,  618,  736,  471,  857,  401,  699,  301,  885,   97,  993,   93,  163,  362,  462,   91],
        [  304,    0,  703,  541,  673,  716,  209,  384,  217,  817,  257,  409,  425,  644,  223,  701,  629,  731,  150,  777,  646,  387,  202,  599,  655,  590,  491,  425,  496,    0,  759,  669,  350,  232,  579,  577,  301,  621,  557,  653,   89,  641,  552,  316,  172,  523,  506,  258,  302,  775,  726,   88,  810,  458,  632,  559,  762,  278,  793,  185,  103,  775,  596,  684,  728,  253,  177,  948,  399,  172,  789,  719,  195,  549,  210,  203,  677,  416,  622,  610,  964,  776,  332,  720,  240,  818,  768,  685,  379,  760,  680,  537,  121,  530,  376,  528,  467,  731,  304,  792,  709,  485,  258,  517,  714,  643,  665,  358,  622,  725,  569,  141,  203,  209,  395,  170,  734,  794,  761,  377,   58,  222,  330,  153,  782,  789,  789,  182,   83,  474,  236,  468,  439,  316,  548,  656,  608,  553,  335,  553,  460,  811,  969,  417,  770,  513,   88,  263,  364,  110,  788,  400,  294,  849,  593,  125,  766,  203,  667,  483,  824,  579,  431,  589,  373,  523],
        [ 1035,    0,  541,  257,  842,  551,  780,  458,  972,  558,  650,  938,  335,  297,  628,  652,  960,  329,  619,  858,  648,  385,  584,  260, 1245, 1036,  344,  399,  898,  759,    0,  322,  637,  982,  471, 1216, 1035,  517,  353,  730,  756, 1156,  603,  753,  916,  677, 1120,  600,  491,  904,  704,  826,   55,  750,  806,  836,  526,  500,  652,  727,  810,  736,  185,  855,  798,  635,  612,  850,  360,  885,  486,   74,  777,  317,  861,  636,  745,  473,  196, 1141,  818,  494,  660,   65,  521,  800,  274,   83,  522,  868,  527,  940,  639,  344,  752, 1106,  377,  864,  487,  845,  117, 1146,  948, 1006,  255, 1038, 1034,  592,  818,  864,  230,  663,  561,  554,  549,  915,  764,  468,  480,  435,  717,  956,  589,  755,  874,   61,  720,  655,  699,  287,  921,  344, 1005,  942, 1162,  974,  518,  283,  991,  545, 1132,  625,  838,  951,   88,  945,  798,  778,  772,  809,   70,  361,  598,  820,  239,  693,  342,  742,  147,  808,  100,  981,  736, 1206,  457,  983],
        [  882,    0,  220,  186,  532,  230,  604,  536,  852,  257,  676,  974,  343,   38,  636,  331,  670,   63,  570,  539,  332,  418,  468,  464, 1001,  765,  477,  491,  633,  669,  322,    0,  708,  852,  171,  994,  885,  202,  113,  417,  630,  895,  306,  535,  788,  389,  896,  623,  510,  586,  384,  753,  366,  483,  501,  548,  213,  497,  335,  719,  752,  414,  207,  544,  480,  659,  585,  538,  343,  831,  189,  361,  606,  490,  693,  486,  429,  576,  159,  885,  511,  190,  442,  352,  452,  479,  113,  327,  315,  550,  206,  669,  560,  508,  513,  869,  499,  548,  368,  525,  396,  940,  780,  751,   80,  755,  745,  374,  516,  549,  178,  537,  517,  511,  323,  787,  444,  178,  173,  497,  649,  890,  386,  731,  555,  292,  399,  644,  590,  291,  885,  454,  776,  746,  935,  680,  207,  144,  801,  249,  933,  312,  530,  986,  252,  682,  673,  795,  538,  675,  283,  338,  642,  499,  435,  564,   98,  569,  393,  538,  420,  705,  478,  976,  297,  723],
        [  635,    0,  836,  527,  930,  850,  534,  183,  527,  931,   94,  303,  367,  672,  136,  881,  933,  764,  249, 1016,  836,  291,  380,  395, 1005,  921,  293,  240,  809,  350,  637,  708,    0,  551,  701,  925,  630,  758,  616,  874,  423,  986,  740,  612,  506,  749,  856,  114,  203, 1030,  921,  349,  673,  727,  886,  839,  875,  225,  951,  182,  312,  970,  542,  944,  958,  101,  209, 1140,  365,  352,  879,  572,  521,  333,  557,  441,  898,  165,  588,  956, 1140,  873,  580,  578,  314, 1026,  770,  554,  539, 1007,  812,  854,  306,  305,  661,  877,  260,  983,  409, 1023,  543,  831,  606,  852,  715,  965,  982,  564,  882,  979,  544,  398,  256,  258,  573,  504,  950,  875,  855,  216,  295,  422,  535,  224, 1025,  687,  975,  172,  370,  422,  352,  294,  784,  664,  897,  959,  748,  564,  684,  714,  806,  954, 1151,  316,  686,  835,  436,  170,  658,  458,  691,  370,   78, 1057,  406,  410,  799,  512,  500,  769,  663,  898,  699,  938,  479,  853],
        [   88,    0,  838,  750,  711,  849,  265,  613,   30,  955,  463,  490,  650,  833,  441,  806,  609,  913,  382,  825,  749,  617,  402,  831,  495,  523,  722,  656,  482,  232,  982,  852,  551,    0,  732,  397,   81,  761,  741,  729,  229,  525,  667,  375,   67,  611,  354,  478,  533,  807,  817,  203, 1033,  515,  679,  584,  903,  509,  906,  370,  240,  861,  811,  719,  790,  464,  407, 1025,  622,  224,  941,  946,  257,  781,  185,  368,  750,  643,  830,  491, 1053,  926,  441,  946,  462,  891,  959,  910,  541,  802,  818,  508,  347,  761,  432,  397,  699,  769,  505,  846,  938,  302,  132,  445,  907,  589,  619,  495,  662,  763,  779,  324,  433,  439,  543,   68,  807,  950,  914,  608,  286,  192,  474,  329,  825, 1007,  882,  399,  283,  695,  273,  699,  341,  225,  388,  636,  747,  753,  201,  686,  273,  933, 1054,  492,  985,  475,  186,  415,  408,  179, 1005,  622,  510,  920,  824,  295,  946,  292,  896,  513, 1051,  537,  494,  420,  562,  466],
        [  750,    0,  136,  257,  371,  150,  472,  553,  736,  241,  649,  933,  368,  180,  603,  202,  500,  212,  513,  396,  182,  435,  385,  551,  835,  595,  530,  523,  465,  579,  471,  171,  701,  732,    0,  833,  754,   61,  128,  260,  522,  725,  136,  386,  670,  219,  735,  600,  499,  436,  253,  666,  521,  316,  336,  378,  184,  477,  252,  669,  673,  295,  314,  384,  333,  632,  538,  451,  354,  749,  211,  495,  477,  560,  560,  379,  276,  600,  281,  717,  443,  198,  298,  488,  403,  359,  279,  457,  201,  402,  112,  500,  486,  571,  354,  705,  544,  395,  305,  388,  523,  785,  645,  583,  250,  585,  576,  238,  349,  394,  268,  439,  470,  465,  191,  671,  305,  219,  184,  512,  572,  800,  259,  671,  411,  452,  290,  599,  497,  336,  810,  501,  615,  598,  773,  511,   54,  211,  654,   79,  780,  253,  456,  944,  413,  513,  563,  753,  380,  561,  444,  348,  627,  386,  523,  461,  237,  441,  509,  369,  570,  535,  313,  813,  228,  555],
        [  311,    0,  888,  960,  620,  894,  446,  945,  426,  994,  832,  885,  916,  989,  800,  808,  450, 1043,  710,  724,  758,  910,  658, 1130,  111,  313, 1033,  974,  390,  577, 1216,  994,  925,  397,  833,    0,  319,  833,  899,  697,  519,  216,  716,  466,  424,  633,   98,  834,  855,  682,  793,  585, 1270,  523,  611,  511,  956,  824,  904,  749,  624,  822, 1031,  620,  720,  829,  745,  945,  885,  620, 1009, 1200,  453, 1092,  383,  593,  709,  984, 1033,  190,  991,  992,  561, 1198,  744,  822, 1106, 1160,  700,  695,  877,  376,  658, 1079,  482,  137, 1017,  664,  738,  753, 1204,   96,  320,  273, 1066,  375,  409,  631,  588,  658,  989,  589,  745,  749,  679,  427,  754, 1025,  985,  927,  634,  585,  629,  710,  716, 1224,  850,  758,  582,  944,  668, 1005,  218,  283,   63,  466,  822,  944,  246,  761,  124,  944,  983,  886, 1193,  347,  494,  806,  457,  474, 1219,  882,  870,  844, 1116,  562, 1070,  483, 1168,  480, 1302,  368,  522,   43,  760,  308],
