{
    "name": "random-48-21756",
    "comment": "size=48 seed=21756",
    "nodes": ["+0", "-0", "+1", "-1", "+2", "-2", "+3", "-3", "+4", "-4", "+5", "-5", "+6", "-6", "+7", "-7", "+8", "-8", "+9", "-9", "+10", "-10", "+11", "-11", "+12", "-12", "+13", "-13", "+14", "-14", "+15", "-15", "+16", "-16", "+17", "-17", "+18", "-18", "+19", "-19", "+20", "-20", "+21", "-21", "+22", "-22", "+23", "-23", "+24", "-24", "+25", "-25", "+26", "-26", "+27", "-27", "+28", "-28", "+29", "-29", "+30", "-30", "+31", "-31", "+32", "-32", "+33", "-33", "+34", "-34", "+35", "-35", "+36", "-36", "+37", "-37", "+38", "-38", "+39", "-39", "+40", "-40", "+41", "-41", "+42", "-42", "+43", "-43", "+44", "-44", "+45", "-45", "+46", "-46", "+47", "-47", "+48", "-48"],
    "precedence": {
        "+0": "-0",
        "+1": "-1",
        "+2": "-2",
        "+3": "-3",
        "+4": "-4",
        "+5": "-5",
        "+6": "-6",
        "+7": "-7",
        "+8": "-8",
        "+9": "-9",
        "+10": "-10",
        "+11": "-11",
        "+12": "-12",
        "+13": "-13",
        "+14": "-14",
        "+15": "-15",
        "+16": "-16",
        "+17": "-17",
        "+18": "-18",
        "+19": "-19",
        "+20": "-20",
        "+21": "-21",
        "+22": "-22",
        "+23": "-23",
        "+24": "-24",
        "+25": "-25",
        "+26": "-26",
        "+27": "-27",
        "+28": "-28",
        "+29": "-29",
        "+30": "-30",
        "+31": "-31",
        "+32": "-32",
        "+33": "-33",
        "+34": "-34",
        "+35": "-35",
        "+36": "-36",
        "+37": "-37",
        "+38": "-38",
        "+39": "-39",
        "+40": "-40",
        "+41": "-41",
        "+42": "-42",
        "+43": "-43",
        "+44": "-44",
        "+45": "-45",
        "+46": "-46",
        "+47": "-47",
        "+48": "-48"
    },
    "edges": [
        [    0,    0,  835,  295,  341,  780,  396,  623,  292,  823,  764,  903,  888, 1076,  465,  727,  259,  255,  572,  681,  584, 1019,  137, 1174,  126,  229,  483,  175, 1091,  399,  203, 1157,  610,  837,  872,  642, 1069,  192,  920,  580,  519,  842,  582,  412,  499,  831,  290,  684,  850,  793, 1011,  107,  390,  764,  534,   84,  562,  969,  165,  914,  388,  468,  946,  812,  796,  995,  501,  492,  193,  868,  780, 1008,  293,  771,  376,  835,  829,  718,  735,  348,  340,  564,  720,  473,  406,  369,  169,  873,  495,  381,  435,  265,  641,  106,  657,  736,  455,  327],
        [    0,    0,    0,    0,    0,    0,    0,    0,    0,    0,    0,    0,    0,    0,    0,    0,    0,    0,    0,    0,    0,    0,    0,    0,    0,    0,    0,    0,    0,    0,    0,    0,    0,    0,    0,    0,    0,    0,    0,    0,    0,    0,    0,    0,    0,    0,    0,    0,    0,    0,    0,    0,    0,    0,    0,    0,    0,    0,    0,    0,    0,    0,    0,    0,    0,    0,    0,    0,    0,    0,    0,    0,    0,    0,    0,    0,    0,    0,    0,    0,    0,    0,    0,    0,    0,    0,    0,    0,    0,    0,    0,    0,    0,    0,    0,    0,    0,    0],
        [  835,    0,    0,  747,  716,  496,  776,  816,  897,   74,  338, 1069,  429,  495,  724,  218,  824,  652,  377,  768,  348,  687,  711,  592,  775,  657,  369, 1009,  550,  521,  956,  591,  842,  143,  667,  356,  613,  880,  638,  354,  362,   46,  921,  502,  874,  806,  585,  281, 1018,   47,  692,  789,  541,  220,  663,  870,  301,  400,  720,  258,  458,  478,  444,  311,  298,  744,  344,  776,  930,  151,  807,  549,  574,  802,  760,   19,   49,  934,  108,  494,  591,  290,  596,  501,  471,  505,  678,  536,  414,  577,  407,  596,  215,  740,  562,  837,  798,  513],
        [  295,    0,  747,    0,   52,  534,  105,  329,  152,  710,  802,  620,  665,  856,  171,  718,   85,  126,  396,  386,  618,  750,  314,  945,  374,  392,  385,  394,  859,  501,  256,  926,  319,  700,  596,  453,  819,  175,  652,  413,  541,  769,  310,  246,  226,  537,  191,  700,  564,  701,  741,  365,  504,  757,  250,  249,  554,  761,  371,  742,  411,  557,  723,  836,  608,  716,  415,  199,  230,  729,  486,  766,  396,  477,   83,  741,  725,  432,  640,  374,  158,  546,  450,  266,  466,  252,  209,  622,  548,  174,  365,  373,  606,  308,  394,  441,  166,  290],
        [  341,    0,  716,   52,    0,  484,   82,  290,  193,  676,  792,  589,  615,  807,  126,  701,  133,  136,  356,  341,  611,  698,  345,  895,  410,  415,  361,  445,  808,  508,  307,  875,  284,  661,  544,  410,  768,  227,  600,  375,  533,  740,  290,  215,  210,  491,  188,  687,  532,  670,  689,  403,  513,  739,  199,  299,  541,  712,  401,  699,  409,  560,  674,  823,  563,  665,  391,  162,  281,  690,  440,  715,  409,  431,   59,  709,  691,  400,  610,  375,  136,  530,  398,  225,  467,  234,  236,  571,  546,  140,  348,  389,  586,  342,  343,  399,  139,  286],
        [  780,    0,  496,  534,  484,    0,  491,  401,  667,  425,  766,  590,  149,  331,  404,  632,  616,  526,  258,  323,  657,  260,  717,  412,  796,  730,  404,  918,  326,  703,  790,  393,  435,  365,  176,  203,  289,  709,  173,  269,  605,  540,  535,  379,  526,  316,  499,  665,  545,  463,  257,  799,  720,  658,  310,  765,  562,  257,  760,  315,  578,  711,  202,  763,  202,  278,  418,  432,  764,  376,  329,  232,  670,  325,  491,  480,  450,  491,  430,  580,  440,  543,  129,  310,  637,  437,  620,   94,  655,  400,  453,  671,  533,  732,  148,  375,  475,  516],
        [  396,    0,  776,  105,   82,  491,    0,  228,  180,  730,  869,  515,  632,  821,   90,  774,  150,  216,  405,  294,  689,  684,  418,  903,  478,  493,  431,  476,  816,  590,  320,  882,  216,  710,  525,  451,  766,  248,  588,  426,  612,  802,  209,  283,  128,  446,  269,  763,  460,  729,  673,  469,  595,  812,  184,  341,  617,  734,  475,  735,  490,  642,  689,  898,  598,  640,  462,   98,  297,  737,  392,  718,  490,  383,   25,  767,  747,  327,  670,  457,  212,  606,  390,  275,  549,  310,  311,  572,  626,  207,  423,  469,  658,  412,  344,  342,   61,  367],
        [  623,    0,  816,  329,  290,  401,  228,    0,  384,  756,  986,  308,  548,  719,  169,  872,  374,  417,  448,   93,  823,  518,  634,  782,  699,  698,  537,  696,  698,  766,  532,  760,   36,  715,  360,  460,  626,  469,  433,  471,  749,  851,  139,  403,  165,  233,  449,  877,  250,  772,  506,  692,  775,  908,  165,  568,  737,  656,  690,  702,  649,  807,  598, 1005,  569,  456,  566,  131,  512,  736,  176,  595,  679,  168,  247,  803,  778,  128,  720,  625,  375,  721,  273,  353,  714,  455,  523,  454,  777,  347,  551,  664,  754,  632,  269,  116,  171,  533],
        [  292,    0,  897,  152,  193,  667,  180,  384,    0,  861,  931,  630,  804,  995,  270,  857,   75,  254,  546,  463,  745,  863,  370, 1079,  405,  464,  532,  317,  993,  603,  150, 1059,  361,  851,  704,  602,  945,  103,  767,  564,  668,  917,  306,  396,  230,  614,  325,  833,  580,  851,  853,  390,  602,  895,  364,  215,  689,  903,  423,  891,  533,  666,  862,  969,  756,  818,  560,  267,  132,  880,  557,  896,  492,  549,  177,  891,  875,  452,  790,  493,  307,  683,  569,  416,  580,  396,  293,  750,  668,  325,  506,  465,  747,  352,  522,  499,  219,  419],
        [  823,    0,   74,  710,  676,  425,  730,  756,  861,    0,  400, 1002,  356,  432,  673,  271,  789,  623,  326,  704,  382,  614,  704,  531,  772,  660,  344,  995,  484,  537,  930,  528,  783,   72,  595,  296,  543,  851,  565,  305,  381,  119,  865,  466,  822,  736,  559,  330,  952,   59,  619,  785,  557,  281,  606,  851,  319,  332,  719,  193,  459,  502,  373,  377,  226,  671,  323,  723,  903,   86,  740,  479,  577,  734,  716,   56,   26,  872,   93,  491,  556,  304,  528,  455,  482,  476,  660,  463,  437,  538,  389,  596,  238,  732,  497,  772,  748,  497],
        [  764,    0,  338,  802,  792,  766,  869,  986,  931,  400,    0, 1277,  739,  831,  850,  135,  858,  680,  555,  966,  187,  993,  628,  929,  664,  541,  451,  932,  883,  369,  938,  927, 1004,  469,  940,  576,  938,  878,  929,  533,  264,  300, 1057,  594,  990, 1045,  612,  109, 1221,  342,  995,  683,  382,  120,  822,  827,  254,  730,  610,  592,  399,  301,  765,   57,  594, 1037,  421,  906,  916,  485, 1030,  871,  472, 1023,  848,  355,  380, 1114,  346,  441,  657,  267,  832,  634,  363,  559,  651,  828,  271,  665,  447,  501,  239,  659,  779, 1041,  911,  514],
        [  903,    0, 1069,  620,  589,  590,  515,  308,  630, 1002, 1277,    0,  717,  842,  474, 1156,  645,  721,  725,  311, 1122,  569,  932,  871,  993, 1002,  833,  944,  801, 1073,  774,  848,  305,  949,  458,  720,  705,  729,  526,  747, 1049, 1109,  325,  707,  406,  280,  756, 1168,   58, 1029,  555,  983, 1082, 1189,  464,  838, 1033,  817,  989,  903,  955, 1113,  750, 1290,  789,  480,  861,  428,  761,  963,  263,  703,  986,  268,  538, 1054, 1025,  189,  984,  932,  682, 1016,  475,  650, 1020,  761,  824,  598, 1081,  654,  853,  970, 1041,  927,  510,  237,  455,  840],
        [  888,    0,  429,  665,  615,  149,  632,  548,  804,  356,  739,  717,    0,  192,  547,  605,  748,  638,  326,  468,  664,  258,  809,  286,  888,  807,  459, 1037,  203,  750,  919,  270,  583,  287,  266,  256,  210,  837,  218,  326,  627,  474,  683,  477,  673,  438,  600,  650,  676,  407,  263,  893,  769,  623,  454,  883,  575,  109,  846,  197,  632,  744,   59,  726,  147,  319,  463,  578,  892,  286,  462,  141,  738,  459,  629,  411,  381,  634,  393,  644,  552,  555,  276,  417,  684,  527,  723,  122,  682,  515,  513,  744,  525,  828,  294,  515,  620,  596],
        [ 1076,    0,  495,  856,  807,  331,  821,  719,  995,  432,  831,  842,  192,    0,  735,  702,  940,  828,  507,  633,  793,  291,  991,  106, 1069,  982,  629, 1227,   62,  907, 1111,   98,  754,  364,  388,  437,  161, 1029,  317,  504,  770,  537,  857,  665,  855,  569,  787,  757,  809,  490,  303, 1076,  927,  712,  641, 1073,  712,  115, 1025,  240,  797,  891,  134,  806,  295,  379,  627,  762, 1084,  347,  606,  139,  908,  606,  819,  478,  452,  789,  499,  814,  742,  693,  449,  607,  842,  711,  909,  266,  827,  705,  684,  917,  647, 1012,  479,  668,  806,  775],
        [  465,    0,  724,  171,  126,  404,   90,  169,  270,  673,  850,  474,  547,  735,    0,  745,  235,  249,  348,  216,  677,  594,  466,  815,  534,  530,  401,  559,  728,  603,  408,  794,  170,  646,  436,  384,  676,  334,  498,  370,  601,  754,  208,  256,  150,  367,  283,  742,  417,  678,  584,  527,  611,  782,   95,  419,  597,  651,  522,  661,  491,  648,  603,  874,  523,  552,  432,   57,  384,  671,  315,  629,  513,  307,   98,  713,  692,  288,  621,  464,  211,  584,  300,  226,  554,  299,  355,  483,  624,  189,  405,  496,  627,  466,  257,  275,   78,  371],
        [  727,    0,  218,  718,  701,  632,  774,  872,  857,  271,  135, 1156,  605,  702,  745,    0,  782,  603,  432,  846,  159,  858,  593,  802,  642,  518,  345,  901,  753,  356,  882,  799,  892,  339,  808,  447,  805,  816,  794,  409,  209,  188,  952,  493,  890,  917,  532,   67, 1101,  213,  861,  659,  374,   39,  709,  780,  170,  599,  586,  463,  342,  298,  632,  135,  460,  902,  314,  801,  858,  357,  905,  737,  439,  898,  754,  232,  254,  998,  212,  384,  566,  174,  704,  523,  326,  468,  593,  694,  245,  568,  354,  466,  119,  624,  653,  920,  811,  439],
        [  259,    0,  824,   85,  133,  616,  150,  374,   75,  789,  858,  645,  748,  940,  235,  782,    0,  180,  478,  443,  671,  825,  314, 1027,  359,  404,  458,  326,  941,  535,  176, 1008,  357,  781,  669,  537,  899,   99,  728,  495,  595,  843,  323,  324,  240,  596,  250,  758,  593,  778,  815,  346,  535,  820,  323,  195,  615,  845,  369,  826,  460,  596,  806,  895,  692,  786,  486,  247,  151,  810,  541,  847,  424,  533,  137,  818,  803,  461,  717,  421,  234,  608,  527,  350,  508,  322,  227,  702,  596,  255,  431,  399,  672,  300,  474,  489,  204,  345],
        [  255,    0,  652,  126,  136,  526,  216,  417,  254,  623,  680,  721,  638,  828,  249,  603,  180,    0,  333,  456,  495,  765,  221,  923,  293,  282,  284,  400,  839,  376,  307,  906,  416,  623,  621,  399,  814,  229,  667,  345,  418,  670,  425,  169,  344,  598,   71,  580,  664,  607,  758,  290,  380,  641,  296,  247,  436,  724,  276,  683,  286,  431,  696,  716,  557,  745,  310,  294,  280,  654,  553,  754,  274,  544,  192,  648,  635,  533,  546,  249,   87,  429,  468,  221,  340,  148,  110,  618,  423,  126,  253,  254,  494,  225,  403,  520,  274,  167],
        [  572,    0,  377,  396,  356,  258,  405,  448,  546,  326,  555,  725,  326,  507,  348,  432,  478,  333,    0,  415,  417,  517,  485,  608,  563,  483,  147,  730,  528,  446,  635,  593,  471,  306,  416,   71,  525,  553,  429,   24,  356,  409,  545,  164,  497,  493,  283,  447,  670,  332,  514,  569,  463,  465,  289,  578,  323,  398,  521,  352,  321,  455,  381,  566,  225,  531,  163,  399,  608,  334,  476,  458,  417,  469,  393,  366,  345,  571,  276,  325,  252,  304,  285,  132,  380,  205,  404,  347,  403,  224,  196,  421,  317,  505,  226,  489,  423,  271],
        [  681,    0,  768,  386,  341,  323,  294,   93,  463,  704,  966,  311,  468,  633,  216,  846,  443,  456,  415,    0,  813,  426,  676,  692,  746,  731,  524,  769,  610,  778,  609,  670,  128,  658,  268,  414,  535,  541,  341,  438,  742,  806,  230,  405,  254,  153,  475,  858,  256,  727,  413,  740,  790,  879,  166,  633,  723,  576,  731,  632,  656,  813,  515,  980,  505,  365,  552,  198,  588,  676,  100,  505,  702,   91,  309,  754,  727,  171,  679,  637,  398,  706,  195,  344,  722,  464,  565,  367,  776,  364,  547,  689,  730,  678,  208,   76,  244,  547],
        [  584,    0,  348,  618,  611,  657,  689,  823,  745,  382,  187, 1122,  664,  793,  677,  159,  671,  495,  417,  813,    0,  904,  448,  897,  490,  366,  289,  755,  837,  199,  752,  890,  837,  438,  826,  455,  873,  691,  827,  399,   78,  329,  883,  423,  813,  907,  428,  103, 1065,  326,  904,  508,  216,  189,  660,  643,   95,  682,  435,  559,  212,  140,  702,  230,  519,  934,  262,  733,  730,  463,  886,  803,  292,  878,  667,  358,  371,  951,  297,  254,  478,  115,  701,  472,  179,  381,  464,  732,   90,  490,  274,  320,  147,  479,  641,  888,  734,  329],
        [ 1019,    0,  687,  750,  698,  260,  684,  518,  863,  614,  993,  569,  258,  291,  594,  858,  825,  765,  517,  426,  904,    0,  967,  303, 1046,  987,  663, 1143,  241,  962, 1000,  281,  553,  544,  161,  458,  139,  923,   99,  526,  858,  732,  654,  632,  677,  316,  748,  900,  545,  664,   15, 1047,  979,  879,  503,  994,  811,  313, 1013,  445,  837,  967,  251,  982,  399,   91,  675,  602,  975,  542,  366,  160,  928,  369,  691,  669,  638,  554,  647,  839,  683,  791,  301,  559,  896,  692,  866,  173,  910,  641,  712,  928,  771,  981,  363,  436,  650,  773],
        [  137,    0,  711,  314,  345,  717,  418,  634,  370,  704,  628,  932,  809,  991,  466,  593,  314,  221,  485,  676,  448,  967,    0, 1092,   80,   99,  375,  309, 1012,  264,  323, 1078,  629,  725,  831,  555, 1001,  284,  870,  488,  384,  715,  622,  338,  538,  818,  220,  549,  876,  671,  961,   85,  256,  629,  515,  204,  430,  880,   58,  812,  257,  333,  865,  676,  702,  955,  387,  506,  306,  756,  773,  937,  157,  764,  395,  712,  708,  744,  614,  218,  291,  433,  677,  409,  270,  283,  112,  810,  359,  331,  322,  129,  511,   32,  610,  739,  479,  219],
        [ 1174,    0,  592,  945,  895,  412,  903,  782, 1079,  531,  929,  871,  286,  106,  815,  802, 1027,  923,  608,  692,  897,  303, 1092,    0, 1171, 1085,  733, 1322,   87, 1012, 1201,   24,  818,  465,  433,  538,  167, 1119,  358,  606,  875,  633,  921,  763,  926,  609,  885,  859,  844,  590,  317, 1177, 1032,  810,  720, 1168,  817,  220, 1127,  341,  902,  996,  228,  902,  399,  393,  732,  838, 1174,  446,  652,  188, 1012,  654,  903,  575,  550,  840,  602,  918,  837,  798,  521,  703,  947,  811, 1008,  334,  932,  800,  788, 1021,  751, 1113,  559,  719,  883,  877],
        [  126,    0,  775,  374,  410,  796,  478,  699,  405,  772,  664,  993,  888, 1069,  534,  642,  359,  293,  563,  746,  490, 1046,   80, 1171,    0,  125,  449,  272, 1090,  296,  328, 1156,  692,  796,  909,  634, 1080,  309,  949,  566,  434,  775,  677,  417,  593,  891,  299,  593,  938,  736, 1040,   21,  283,  676,  588,  208,  485,  958,   56,  886,  317,  364,  944,  714,  779, 1033,  460,  570,  317,  828,  844, 1016,  204,  835,  456,  777,  775,  805,  681,  282,  367,  491,  755,  488,  317,  362,  184,  890,  401,  408,  395,  180,  569,   69,  688,  808,  539,  296],
        [  229,    0,  657,  392,  415,  730,  493,  698,  464,  660,  541, 1002,  807,  982,  530,  518,  404,  282,  483,  731,  366,  987,   99, 1085,  125,    0,  354,  392, 1008,  173,  421, 1072,  697,  689,  860,  552, 1007,  382,  892,  482,  311,  655,  701,  358,  618,  867,  258,  468,  945,  620,  982,  143,  162,  552,  566,  302,  363,  869,   70,  786,  201,  242,  861,  591,  688,  983,  359,  575,  404,  720,  825,  941,   83,  816,  469,  660,  661,  814,  567,  172,  334,  370,  708,  432,  193,  296,  183,  823,  277,  372,  298,   66,  448,  126,  640,  798,  553,  215],
        [  483,    0,  369,  385,  361,  404,  431,  537,  532,  344,  451,  833,  459,  629,  401,  345,  458,  284,  147,  524,  289,  663,  375,  733,  449,  354,    0,  653,  657,  300,  588,  720,  554,  354,  560,  207,  664,  511,  575,  137,  220,  387,  609,  149,  546,  622,  216,  342,  776,  324,  660,  459,  317,  383,  373,  508,  201,  516,  401,  438,  176,  310,  510,  473,  335,  677,   31,  457,  561,  386,  598,  596,  280,  590,  412,  365,  354,  665,  263,  186,  228,  185,  423,  185,  234,  137,  318,  492,  261,  224,   56,  289,  228,  400,  359,  599,  467,  158],
        [  175,    0, 1009,  394,  445,  918,  476,  696,  317,  995,  932,  944, 1037, 1227,  559,  901,  326,  400,  730,  769,  755, 1143,  309, 1322,  272,  392,  653,    0, 1237,  565,  170, 1304,  676, 1006,  989,  798, 1206,  228, 1045,  741,  692, 1017,  622,  567,  547,  921,  449,  856,  896,  967, 1134,  252,  553,  937,  643,  154,  737, 1123,  324, 1078,  563,  633, 1095,  982,  955, 1109,  672,  572,  186, 1037,  866, 1149,  464,  858,  462, 1009, 1002,  769,  908,  522,  486,  739,  843,  620,  577,  532,  336, 1009,  666,  523,  606,  436,  816,  278,  784,  812,  527,  499],
        [ 1091,    0,  550,  859,  808,  326,  816,  698,  993,  484,  883,  801,  203,   62,  728,  753,  941,  839,  528,  610,  837,  241, 1012,   87, 1090, 1008,  657, 1237,    0,  942, 1114,   68,  734,  415,  354,  458,  104, 1033,  281,  527,  809,  593,  837,  680,  841,  534,  802,  806,  772,  542,  254, 1096,  961,  764,  634, 1083,  753,  156, 1048,  292,  828,  929,  148,  860,  327,  330,  658,  752, 1088,  400,  574,  105,  937,  575,  817,  532,  505,  760,  547,  842,  753,  734,  435,  619,  876,  730,  925,  248,  866,  715,  712,  944,  692, 1031,  472,  639,  797,  798],
        [  399,    0,  521,  501,  508,  703,  590,  766,  603,  537,  369, 1073,  750,  907,  603,  356,  535,  376,  446,  778,  199,  962,  264, 1012,  296,  173,  300,  565,  942,    0,  583, 1002,  772,  579,  856,  505,  958,  533,  874,  436,  160,  511,  797,  375,  718,  898,  323,  301, 1015,  489,  959,  314,   21,  387,  614,  467,  220,  793,  242,  690,  128,   69,  798,  419,  615,  974,  289,  655,  564,  608,  865,  889,  113,  856,  566,  527,  533,  890,  445,  142,  393,  233,  712,  443,   67,  315,  310,  791,  112,  419,  253,  141,  306,  294,  645,  851,  644,  234],
        [  203,    0,  956,  256,  307,  790,  320,  532,  150,  930,  938,  774,  919, 1111,  408,  882,  176,  307,  635,  609,  752, 1000,  323, 1201,  328,  421,  588,  170, 1114,  583,    0, 1182,  510,  930,  843,  698, 1074,   83,  903,  649,  680,  970,  452,  473,  379,  761,  372,  848,  726,  911,  990,  309,  577,  920,  498,  121,  713, 1013,  363,  986,  543,  650,  978,  981,  855,  959,  612,  412,   28,  960,  705, 1021,  471,  697,  310,  952,  941,  600,  850,  501,  384,  711,  702,  512,  576,  454,  290,  877,  667,  413,  551,  442,  783,  296,  649,  648,  366,  449],
        [ 1157,    0,  591,  926,  875,  393,  882,  760, 1059,  528,  927,  848,  270,   98,  794,  799, 1008,  906,  593,  670,  890,  281, 1078,   24, 1156, 1072,  720, 1304,   68, 1002, 1182,    0,  795,  461,  410,  523,  144, 1100,  335,  592,  866,  632,  898,  747,  905,  586,  869,  855,  822,  587,  294, 1162, 1022,  808,  700, 1150,  809,  210, 1113,  337,  890,  987,  213,  901,  388,  370,  720,  817, 1155,  443,  629,  167, 1000,  631,  883,  574,  548,  817,  597,  905,  820,  790,  499,  686,  937,  796,  992,  313,  923,  782,  775, 1008,  744, 1097,  538,  696,  862,  863],
        [  610,    0,  842,  319,  284,  435,  216,   36,  361,  783, 1004,  305,  583,  754,  170,  892,  357,  416,  471,  128,  837,  553,  629,  818,  692,  697,  554,  676,  734,  772,  510,  795,    0,  744,  395,  488,  662,  450,  468,  494,  762,  877,  104,  415,  136,  263,  453,  895,  249,  798,  540,  683,  780,  928,  184,  552,  753,  691,  685,  734,  658,  816,  633, 1024,  601,  489,  583,  123,  491,  766,  205,  630,  682,  198,  237,  830,  805,  119,  745,  632,  380,  738,  308,  370,  722,  465,  519,  489,  788,  355,  564,  665,  774,  625,  301,  140,  156,  540],
        [  837,    0,  143,  700,  661,  365,  710,  715,  851,   72,  469,  949,  287,  364,  646,  339,  781,  623,  306,  658,  438,  544,  725,  465,  796,  689,  354, 1006,  415,  579,  930,  461,  744,    0,  531,  263,  472,  850,  498,  287,  428,  188,  831,  459,  794,  679,  562,  394,  900,  128,  549,  808,  600,  350,  573,  859,  367,  261,  745,  125,  489,  550,  302,  448,  163,  603,  338,  694,  903,   32,  686,  408,  608,  681,  698,  125,   95,  827,  141,  518,  549,  350,  475,  437,  520,  479,  671,  396,  485,  527,  404,  624,  292,  752,  451,  723,  722,  511],
        [  872,    0,  667,  596,  544,  176,  525,  360,  704,  595,  940,  458,  266,  388,  436,  808,  669,  621,  416,  268,  826,  161,  831,  433,  909,  860,  560,  989,  354,  856,  843,  410,  395,  531,    0,  371,  270,  767,   75,  431,  770,  711,  497,  503,  517,  182,  612,  839,  423,  636,  149,  908,  872,  834,  347,  842,  732,  361,  880,  461,  729,  870,  293,  938,  370,  124,  578,  442,  819,  539,  221,  252,  809,  222,  533,  650,  620,  408,  605,  725,  542,  712,  154,  429,  791,  565,  726,  144,  818,  501,  604,  805,  707,  842,  222,  287,  490,  649],
        [  642,    0,  356,  453,  410,  203,  451,  460,  602,  296,  576,  720,  256,  437,  384,  447,  537,  399,   71,  414,  455,  458,  555,  538,  634,  552,  207,  798,  458,  505,  698,  523,  488,  263,  371,    0,  458,  616,  375,   71,  402,  393,  570,  232,  531,  471,  352,  472,  667,  314,  457,  640,  523,  477,  311,  645,  361,  328,  591,  290,  383,  509,  311,  581,  158,  480,  217,  431,  670,  288,  462,  390,  484,  456,  441,  343,  318,  579,  265,  391,  316,  341,  257,  187,  439,  275,  474,  287,  453,  285,  260,  489,  339,  576,  211,  485,  460,  340],
        [ 1069,    0,  613,  819,  768,  289,  766,  626,  945,  543,  938,  705,  210,  161,  676,  805,  899,  814,  525,  535,  873,  139, 1001,  167, 1080, 1007,  664, 1206,  104,  958, 1074,  144,  662,  472,  270,  458,    0,  994,  196,  528,  837,  658,  765,  664,  777,  444,  785,  853,  679,  599,  152, 1084,  977,  820,  582, 1053,  784,  216, 1042,  358,  839,  953,  173,  920,  354,  229,  670,  693, 1048,  463,  489,   70,  941,  491,  769,  595,  566,  677,  594,  848,  729,  765,  377,  597,  892,  719,  908,  198,  892,  689,  717,  945,  732, 1018,  425,  557,  740,  793],
        [  192,    0,  880,  175,  227,  709,  248,  469,  103,  851,  878,  729,  837, 1029,  334,  816,   99,  229,  553,  541,  691,  923,  284, 1119,  309,  382,  511,  228, 1033,  533,   83, 1100,  450,  850,  767,  616,  994,    0,  825,  568,  618,  896,  405,  392,  325,  693,  295,  785,  678,  834,  913,  293,  529,  854,  421,  113,  646,  931,  333,  904,  480,  599,  896,  919,  773,  885,  537,  344,   56,  880,  638,  940,  420,  630,  236,  875,  863,  548,  773,  438,  302,  643,  624,  429,  519,  376,  228,  797,  609,  331,  477,  392,  712,  262,  569,  585,  299,  378],
        [  920,    0,  638,  652,  600,  173,  588,  433,  767,  565,  929,  526,  218,  317,  498,  794,  728,  667,  429,  341,  827,   99,  870,  358,  949,  892,  575, 1045,  281,  874,  903,  335,  468,  498,   75,  375,  196,  825,    0,  441,  777,  683,  571,  536,  587,  254,  651,  831,  493,  611,   91,  950,  891,  818,  406,  895,  733,  302,  917,  415,  748,  883,  234,  922,  342,  108,  590,  508,  878,  502,  295,  179,  836,  296,  594,  621,  590,  483,  587,  748,  585,  714,  203,  463,  808,  597,  769,  103,  827,  543,  622,  835,  700,  883,  264,  362,  556,  679],
        [  580,    0,  354,  413,  375,  269,  426,  471,  564,  305,  533,  747,  326,  504,  370,  409,  495,  345,   24,  438,  399,  526,  488,  606,  566,  482,  137,  741,  527,  436,  649,  592,  494,  287,  431,   71,  528,  568,  441,    0,  340,  386,  568,  177,  520,  513,  292,  426,  693,  309,  524,  573,  454,  443,  312,  589,  304,  393,  522,  339,  313,  443,  380,  544,  216,  544,  150,  422,  622,  316,  498,  461,  413,  490,  413,  344,  323,  595,  253,  320,  266,  285,  303,  152,  370,  212,  412,  355,  388,  241,  189,  419,  295,  510,  246,  511,  445,  272],
        [  519,    0,  362,  541,  533,  605,  612,  749,  668,  381,  264, 1049,  627,  770,  601,  209,  595,  418,  356,  742,   78,  858,  384,  875,  434,  311,  220,  692,  809,  160,  680,  866,  762,  428,  770,  402,  837,  618,  777,  340,    0,  352,  806,  347,  735,  842,  350,  168,  992,  331,  857,  451,  180,  245,  587,  574,   62,  657,  378,  543,  138,  123,  670,  302,  485,  882,  196,  657,  657,  456,  818,  767,  231,  810,  589,  368,  376,  876,  290,  180,  400,   78,  639,  400,  118,  304,  391,  686,   58,  413,  198,  257,  147,  415,  577,  817,  657,  251],
        [  842,    0,   46,  769,  740,  540,  802,  851,  917,  119,  300, 1109,  474,  537,  754,  188,  843,  670,  409,  806,  329,  732,  715,  633,  775,  655,  387, 1017,  593,  511,  970,  632,  877,  188,  711,  393,  658,  896,  683,  386,  352,    0,  953,  525,  904,  848,  601,  253, 1057,   80,  737,  790,  531,  184,  696,  881,  294,  444,  720,  302,  459,  464,  489,  270,  343,  789,  360,  807,  944,  195,  848,  594,  573,  842,  786,   64,   94,  971,  134,  497,  612,  286,  637,  530,  466,  523,  688,  581,  402,  601,  420,  596,  208,  744,  601,  876,  827,  524],
        [  582,    0,  921,  310,  290,  535,  209,  139,  306,  865, 1057,  325,  683,  857,  208,  952,  323,  425,  545,  230,  883,  654,  622,  921,  677,  701,  609,  622,  837,  797,  452,  898,  104,  831,  497,  570,  765,  405,  571,  568,  806,  953,    0,  463,   85,  355,  475,  949,  275,  876,  641,  666,  802,  989,  259,  514,  804,  791,  679,  828,  692,  846,  734, 1081,  693,  588,  639,  152,  438,  854,  298,  733,  698,  293,  233,  909,  886,  149,  820,  661,  410,  791,  409,  431,  753,  503,  518,  592,  826,  394,  611,  678,  834,  614,  397,  229,  153,  569],
        [  412,    0,  502,  246,  215,  379,  283,  403,  396,  466,  594,  707,  477,  665,  256,  493,  324,  169,  164,  405,  423,  632,  338,  763,  417,  358,  149,  567,  680,  375,  473,  747,  415,  459,  503,  232,  664,  392,  536,  177,  347,  525,  463,    0,  398,  524,  123,  487,  649,  456,  626,  421,  387,  531,  243,  414,  342,  558,  382,  515,  252,  408,  535,  620,  388,  626,  180,  312,  446,  489,  491,  601,  310,  482,  264,  496,  480,  530,  396,  235,   91,  329,  351,   74,  317,   64,  246,  473,  375,   76,  150,  304,  376,  355,  283,  479,  319,  150],
        [  499,    0,  874,  226,  210,  526,  128,  165,  230,  822,  990,  406,  673,  855,  150,  890,  240,  344,  497,  254,  813,  677,  538,  926,  593,  618,  546,  547,  841,  718,  379,  905,  136,  794,  517,  531,  777,  325,  587,  520,  735,  904,   85,  398,    0,  397,  397,  883,  354,  828,  665,  582,  723,  928,  226,  433,  737,  780,  595,  803,  616,  769,  727, 1017,  666,  619,  577,  101,  362,  818,  339,  739,  617,  332,  152,  863,  841,  223,  771,  584,  336,  725,  407,  375,  676,  432,  435,  593,  752,  325,  543,  596,  773,  530,  381,  276,   80,  493],
        [  831,    0,  806,  537,  491,  316,  446,  233,  614,  736, 1045,  280,  438,  569,  367,  917,  596,  598,  493,  153,  907,  316,  818,  609,  891,  867,  622,  921,  534,  898,  761,  586,  263,  679,  182,  471,  444,  693,  254,  513,  842,  848,  355,  524,  397,    0,  610,  938,  242,  769,  302,  886,  911,  947,  303,  785,  814,  538,  872,  626,  772,  925,  471, 1051,  517,  239,  646,  350,  740,  691,   59,  432,  830,   66,  461,  790,  761,  239,  729,  758,  534,  795,  214,  455,  837,  586,  708,  319,  882,  496,  654,  821,  806,  822,  267,  128,  396,  672],
        [  290,    0,  585,  191,  188,  499,  269,  449,  325,  559,  612,  756,  600,  787,  283,  532,  250,   71,  283,  475,  428,  748,  220,  885,  299,  258,  216,  449,  802,  323,  372,  869,  453,  562,  612,  352,  785,  295,  651,  292,  350,  601,  475,  123,  397,  610,    0,  511,  699,  540,  741,  301,  329,  571,  309,  298,  366,  680,  269,  629,  222,  373,  657,  647,  507,  736,  242,  334,  345,  593,  569,  723,  230,  560,  246,  581,  569,  571,  479,  188,   77,  359,  458,  190,  280,   84,  123,  593,  359,  115,  183,  216,  423,  234,  391,  544,  322,  100],
        [  684,    0,  281,  700,  687,  665,  763,  877,  833,  330,  109, 1168,  650,  757,  742,   67,  758,  580,  447,  858,  103,  900,  549,  859,  593,  468,  342,  856,  806,  301,  848,  855,  895,  394,  839,  472,  853,  785,  831,  426,  168,  253,  949,  487,  883,  938,  511,    0, 1112,  271,  902,  611,  318,   89,  713,  741,  147,  651,  537,  519,  306,  239,  681,  137,  504,  939,  312,  798,  825,  415,  923,  785,  393,  916,  742,  295,  314, 1005,  261,  348,  552,  159,  727,  525,  280,  454,  559,  732,  192,  559,  341,  421,  133,  580,  672,  933,  804,  414],
        [  850,    0, 1018,  564,  532,  545,  460,  250,  580,  952, 1221,   58,  676,  809,  417, 1101,  593,  664,  670,  256, 1065,  545,  876,  844,  938,  945,  776,  896,  772, 1015,  726,  822,  249,  900,  423,  667,  679,  678,  493,  693,  992, 1057,  275,  649,  354,  242,  699, 1112,    0,  978,  530,  928, 1024, 1135,  407,  786,  976,  778,  933,  859,  898, 1055,  712, 1235,  741,  458,  805,  371,  712,  916,  217,  672,  929,  221,  483, 1003,  975,  133,  932,  875,  625,  959,  426,  593,  963,  703,  767,  559, 1023,  596,  795,  913,  985,  872,  457,  183,  399,  782],
        [  793,    0,   47,  701,  670,  463,  729,  772,  851,   59,  342, 1029,  407,  490,  678,  213,  778,  607,  332,  727,  326,  664,  671,  590,  736,  620,  324,  967,  542,  489,  911,  587,  798,  128,  636,  314,  599,  834,  611,  309,  331,   80,  876,  456,  828,  769,  540,  271,  978,    0,  668,  750,  510,  223,  618,  827,  270,  389,  682,  251,  420,  451,  427,  322,  269,  717,  299,  730,  885,  145,  769,  533,  537,  763,  714,   42,   45,  892,   62,  454,  545,  257,  558,  455,  437,  459,  635,  508,  386,  531,  363,  558,  186,  699,  521,  796,  752,  470],
        [ 1011,    0,  692,  741,  689,  257,  673,  506,  853,  619,  995,  555,  263,  303,  584,  861,  815,  758,  514,  413,  904,   15,  961,  317, 1040,  982,  660, 1134,  254,  959,  990,  294,  540,  549,  149,  457,  152,  913,   91,  524,  857,  737,  641,  626,  665,  302,  741,  902,  530,  668,    0, 1041,  976,  882,  493,  985,  811,  322, 1007,  452,  834,  965,  259,  985,  402,   77,  673,  591,  966,  548,  352,  171,  924,  355,  680,  674,  643,  540,  651,  836,  675,  791,  292,  554,  893,  687,  860,  172,  909,  634,  709,  924,  772,  974,  355,  422,  638,  768],
        [  107,    0,  789,  365,  403,  799,  469,  692,  390,  785,  683,  983,  893, 1076,  527,  659,  346,  290,  569,  740,  508, 1047,   85, 1177,   21,  143,  459,  252, 1096,  314,  309, 1162,  683,  808,  908,  640, 1084,  293,  950,  573,  451,  790,  666,  421,  582,  886,  301,  611,  928,  750, 1041,    0,  302,  694,  584,  190,  501,  965,   74,  896,  332,  383,  950,  733,  787, 1032,  470,  562,  299,  839,  839, 1020,  221,  830,  447,  791,  788,  795,  694,  296,  367,  506,  755,  490,  334,  367,  183,  892,  419,  408,  405,  196,  584,   67,  688,  801,  530,  304],
        [  390,    0,  541,  504,  513,  720,  595,  775,  602,  557,  382, 1082,  769,  927,  611,  374,  535,  380,  463,  790,  216,  979,  256, 1032,  283,  162,  317,  553,  961,   21,  577, 1022,  780,  600,  872,  523,  977,  529,  891,  454,  180,  531,  802,  387,  723,  911,  329,  318, 1024,  510,  976,  302,    0,  405,  624,  459,  241,  813,  230,  710,  144,   82,  817,  433,  635,  990,  308,  663,  558,  629,  877,  908,  111,  869,  571,  547,  553,  899,  465,  153,  401,  254,  727,  457,   86,  327,  309,  809,  131,  429,  269,  138,  326,  285,  660,  862,  650,  243],
        [  764,    0,  220,  757,  739,  658,  812,  908,  895,  281,  120, 1189,  623,  712,  782,   39,  820,  641,  465,  879,  189,  879,  629,  810,  676,  552,  383,  937,  764,  387,  920,  808,  928,  350,  834,  477,  820,  854,  818,  443,  245,  184,  989,  531,  928,  947,  571,   89, 1135,  223,  882,  694,  405,    0,  744,  817,  208,  611,  621,  473,  379,  327,  648,  105,  480,  926,  352,  838,  896,  366,  937,  753,  474,  930,  792,  236,  261, 1033,  232,  421,  604,  213,  734,  560,  361,  507,  630,  716,  277,  606,  393,  501,  156,  660,  685,  953,  849,  478],
        [  534,    0,  663,  250,  199,  310,  184,  165,  364,  606,  822,  464,  454,  641,   95,  709,  323,  296,  289,  166,  660,  503,  515,  720,  588,  566,  373,  643,  634,  614,  498,  700,  184,  573,  347,  311,  582,  421,  406,  312,  587,  696,  259,  243,  226,  303,  309,  713,  407,  618,  493,  584,  624,  744,    0,  498,  573,  559,  569,  578,  493,  650,  510,  841,  441,  466,  402,  126,  473,  596,  260,  535,  536,  251,  189,  651,  627,  292,  564,  473,  233,  557,  206,  189,  558,  299,  405,  388,  617,  198,  389,  523,  591,  520,  163,  238,  166,  382],
        [   84,    0,  870,  249,  299,  765,  341,  568,  215,  851,  827,  838,  883, 1073,  419,  780,  195,  247,  578,  633,  643,  994,  204, 1168,  208,  302,  508,  154, 1083,  467,  121, 1150,  552,  859,  842,  645, 1053,  113,  895,  589,  574,  881,  514,  414,  433,  785,  298,  741,  786,  827,  985,  190,  459,  817,  498,    0,  612,  970,  243,  927,  439,  535,  941,  872,  802,  963,  529,  439,  109,  890,  732,  996,  357,  723,  324,  869,  860,  654,  767,  397,  332,  611,  693,  466,  465,  382,  193,  856,  556,  369,  464,  328,  686,  176,  633,  683,  398,  358],
        [  562,    0,  301,  554,  541,  562,  617,  737,  689,  319,  254, 1033,  575,  712,  597,  170,  615,  436,  323,  723,   95,  811,  430,  817,  485,  363,  201,  737,  753,  220,  713,  809,  753,  367,  732,  361,  784,  646,  733,  304,   62,  294,  804,  342,  737,  814,  366,  147,  976,  270,  811,  501,  241,  208,  573,  612,    0,  600,  429,  483,  174,  184,  616,  283,  431,  840,  172,  653,  689,  394,  794,  715,  281,  786,  596,  307,  314,  865,  228,  216,  406,   21,  607,  385,  172,  307,  423,  639,  119,  412,  195,  306,   87,  460,  547,  798,  658,  271],
        [  969,    0,  400,  761,  712,  257,  734,  656,  903,  332,  730,  817,  109,  115,  651,  599,  845,  724,  398,  576,  682,  313,  880,  220,  958,  869,  516, 1123,  156,  793, 1013,  210,  691,  261,  361,  328,  216,  931,  302,  393,  657,  444,  791,  558,  780,  538,  680,  651,  778,  389,  322,  965,  813,  611,  559,  970,  600,    0,  913,  143,  683,  778,   68,  709,  181,  389,  514,  684,  986,  249,  566,  158,  794,  564,  730,  382,  354,  741,  392,  700,  639,  581,  384,  505,  728,  602,  801,  220,  714,  603,  571,  804,  537,  902,  400,  621,  725,  663],
        [  165,    0,  720,  371,  401,  760,  475,  690,  423,  719,  610,  989,  846, 1025,  522,  586,  369,  276,  521,  731,  435, 1013,   58, 1127,   56,   70,  401,  324, 1048,  242,  363, 1113,  685,  745,  880,  591, 1042,  333,  917,  522,  378,  720,  679,  382,  595,  872,  269,  537,  933,  682, 1007,   74,  230,  621,  569,  243,  429,  913,    0,  837,  263,  310,  901,  660,  733, 1004,  410,  563,  349,  776,  828,  976,  149,  819,  452,  723,  721,  801,  627,  229,  342,  435,  726,  454,  261,  323,  167,  853,  346,  382,  346,  125,  513,   71,  658,  795,  536,  251],
        [  914,    0,  258,  742,  699,  315,  735,  702,  891,  193,  592,  903,  197,  240,  661,  463,  826,  683,  352,  632,  559,  445,  812,  341,  886,  786,  438, 1078,  292,  690,  986,  337,  734,  125,  461,  290,  358,  904,  415,  339,  543,  302,  828,  515,  803,  626,  629,  519,  859,  251,  452,  896,  710,  473,  578,  927,  483,  143,  837,    0,  591,  666,  195,  568,  138,  513,  428,  703,  958,  108,  643,  297,  707,  639,  727,  241,  213,  802,  263,  614,  603,  466,  439,  477,  628,  547,  746,  318,  601,  574,  492,  721,  413,  836,  433,  689,  738,  594],
        [  388,    0,  458,  411,  409,  578,  490,  649,  533,  459,  399,  955,  632,  797,  491,  342,  460,  286,  321,  656,  212,  837,  257,  902,  317,  201,  176,  563,  828,  128,  543,  890,  658,  489,  729,  383,  839,  480,  748,  313,  138,  459,  692,  252,  616,  772,  222,  306,  898,  420,  834,  332,  144,  379,  493,  439,  174,  683,  263,  591,    0,  158,  683,  440,  503,  847,  171,  546,  520,  520,  741,  770,  119,  732,  467,  461,  460,  776,  366,   43,  282,  177,  585,  318,   66,  195,  254,  667,  138,  304,  126,  138,  254,  287,  518,  730,  540,  124],
        [  468,    0,  478,  557,  560,  711,  642,  807,  666,  502,  301, 1113,  744,  891,  648,  298,  596,  431,  455,  813,  140,  967,  333,  996,  364,  242,  310,  633,  929,   69,  650,  987,  816,  550,  870,  509,  953,  599,  883,  443,  123,  464,  846,  408,  769,  925,  373,  239, 1055,  451,  965,  383,   82,  327,  650,  535,  184,  778,  310,  666,  158,    0,  789,  352,  604,  985,  294,  702,  631,  578,  896,  884,  180,  887,  618,  486,  495,  933,  412,  186,  438,  201,  731,  472,   94,  353,  374,  795,   66,  461,  271,  209,  265,  363,  666,  887,  694,  278],
        [  946,    0,  444,  723,  674,  202,  689,  598,  862,  373,  765,  750,   59,  134,  603,  632,  806,  696,  381,  515,  702,  251,  865,  228,  944,  861,  510, 1095,  148,  798,  978,  213,  633,  302,  293,  311,  173,  896,  234,  380,  670,  489,  734,  535,  727,  471,  657,  681,  712,  427,  259,  950,  817,  648,  510,  941,  616,   68,  901,  195,  683,  789,    0,  748,  185,  324,  512,  633,  951,  296,  500,  106,  790,  499,  687,  426,  397,  678,  422,  696,  610,  596,  325,  476,  732,  584,  780,  153,  726,  573,  565,  797,  560,  885,  349,  558,  675,  651],
