{
    "name": "random-62-13319",
    "comment": "size=62 seed=13319",
    "nodes": ["+0", "-0", "+1", "-1", "+2", "-2", "+3", "-3", "+4", "-4", "+5", "-5", "+6", "-6", "+7", "-7", "+8", "-8", "+9", "-9", "+10", "-10", "+11", "-11", "+12", "-12", "+13", "-13", "+14", "-14", "+15", "-15", "+16", "-16", "+17", "-17", "+18", "-18", "+19", "-19", "+20", "-20", "+21", "-21", "+22", "-22", "+23", "-23", "+24", "-24", "+25", "-25", "+26", "-26", "+27", "-27", "+28", "-28", "+29", "-29", "+30", "-30", "+31", "-31", "+32", "-32", "+33", "-33", "+34", "-34", "+35", "-35", "+36", "-36", "+37", "-37", "+38", "-38", "+39", "-39", "+40", "-40", "+41", "-41", "+42", "-42", "+43", "-43", "+44", "-44", "+45", "-45", "+46", "-46", "+47", "-47", "+48", "-48", "+49", "-49", "+50", "-50", "+51", "-51", "+52", "-52", "+53", "-53", "+54", "-54", "+55", "-55", "+56", "-56", "+57", "-57", "+58", "-58", "+59", "-59", "+60", "-60", "+61", "-61", "+62", "-62"],
    "precedence": {
        "+0": "-0",
        "+1": "-1",
        "+2": "-2",
        "+3": "-3",
        "+4": "-4",
        "+5": "-5",
        "+6": "-6",
        "+7": "-7",
        "+8": "-8",
        "+9": "-9",
        "+10": "-10",
        "+11": "-11",
        "+12": "-12",
        "+13": "-13",
        "+14": "-14",
        "+15": "-15",
        "+16": "-16",
        "+17": "-17",
        "+18": "-18",
        "+19": "-19",
        "+20": "-20",
        "+21": "-21",
        "+22": "-22",
        "+23": "-23",
        "+24": "-24",
        "+25": "-25",
        "+26": "-26",
        "+27": "-27",
        "+28": "-28",
        "+29": "-29",
        "+30": "-30",
        "+31": "-31",
        "+32": "-32",
        "+33": "-33",
        "+34": "-34",
        "+35": "-35",
        "+36": "-36",
        "+37": "-37",
        "+38": "-38",
        "+39": "-39",
        "+40": "-40",
        "+41": "-41",
        "+42": "-42",
        "+43": "-43",
        "+44": "-44",
        "+45": "-45",
        "+46": "-46",
        "+47": "-47",
        "+48": "-48",
        "+49": "-49",
        "+50": "-50",
        "+51": "-51",
        "+52": "-52",
        "+53": "-53",
        "+54": "-54",
        "+55": "-55",
        "+56": "-56",
        "+57": "-57",
        "+58": "-58",
        "+59": "-59",
        "+60": "-60",
        "+61": "-61",
        "+62": "-62"
    },
    "edges": [
        [    0,    0,  477,   84,  427,  340,  296,  417,  348,  147,  285,  339,  684,  479,  492,  386,  456,  548,  274,  592,  453,  634,  316,  286,  550,  316,   68,  445,  235,  122,  329,   77,  147,  266,  341,  559,  299,  445,  471,  273,  399,  305,  474,  397,  230,  571,   93,  464,  458,  538,  672,  361,  151,  691,  410,  438,  486,  469,  367,  569,   71,  514,  630,  377,  231,  358,  572,  262,  197,  379,  521,  360,  213,  368,  195,  217,  293,  362,  320,  430,  340,  399,  568,  310,  432,  412,  617,  260,  441,  178,  434,  705,   52,  258,  435,  239,  416,  425,  341,  527,  559,  460,  576,  413,  453,  386,  416,  479,  543,  561,  502,  415,  508,  385,  174,  685,  616,  467,  515,  554,  368,  471,  404,  463,  219,  303],
        [    0,    0,    0,    0,    0,    0,    0,    0,    0,    0,    0,    0,    0,    0,    0,    0,    0,    0,    0,    0,    0,    0,    0,    0,    0,    0,    0,    0,    0,    0,    0,    0,    0,    0,    0,    0,    0,    0,    0,    0,    0,    0,    0,    0,    0,    0,    0,    0,    0,    0,    0,    0,    0,    0,    0,    0,    0,    0,    0,    0,    0,    0,    0,    0,    0,    0,    0,    0,    0,    0,    0,    0,    0,    0,    0,    0,    0,    0,    0,    0,    0,    0,    0,    0,    0,    0,    0,    0,    0,    0,    0,    0,    0,    0,    0,    0,    0,    0,    0,    0,    0,    0,    0,    0,    0,    0,    0,    0,    0,    0,    0,    0,    0,    0,    0,    0,    0,    0,    0,    0,    0,    0,    0,    0,    0,    0],
        [  477,    0,    0,  537,  580,  578,  771,  757,  725,  331,  699,  358, 1142,  955,  831,  851,  209, 1007,  717,  754,  883, 1065,  548,  315,  876,  720,  430,  796,  683,  573,  435,  464,  388,  673,  473, 1016,  401,  868,  759,  619,  307,  367,  669,  465,  567,  169,  387,  705,  934,  954,  687,  413,  484, 1145,  860,  857,  789,  842,  228,  925,  535,   80,  190,  807,  606,  821, 1032,  700,  312,  846,  254,  548,  654,  432,  418,  679,  761,  773,  555,  767,  297,  456,  208,  644,   61,  616, 1068,  441,  668,  654,  605, 1157,  483,  265,  376,  248,  606,  348,  137,  752,  798,  657,  145,  885,  289,  666,  876,  913,  880,  495,  416,  859,  945,  494,  337,  760,  142,   87,  886,  980,  208,  885,  760,  292,  445,  580],
        [   84,    0,  537,    0,  499,  406,  239,  454,  267,  208,  304,  423,  610,  428,  411,  315,  535,  474,  192,  534,  371,  553,  268,  369,  470,  233,  108,  477,  154,   39,  311,  156,  231,  183,  314,  484,  382,  448,  398,  200,  413,  389,  539,  376,  166,  643,  170,  521,  403,  455,  637,  443,  223,  615,  395,  355,  410,  492,  446,  487,  104,  566,  700,  379,  275,  334,  499,  269,  277,  351,  547,  433,  224,  353,  276,  143,  225,  279,  270,  466,  357,  380,  645,  358,  488,  359,  541,  340,  502,  131,  504,  629,   55,  337,  436,  291,  484,  508,  405,  585,  491,  405,  646,  377,  471,  319,  342,  398,  574,  549,  498,  406,  428,  357,  255,  639,  678,  537,  432,  472,  446,  388,  323,  545,  198,  245],
        [  427,    0,  580,  499,    0,  106,  582,  260,  761,  443,  337,  223,  974,  690,  907,  700,  401,  851,  652, 1014,  818,  979,  737,  278,  966,  719,  467,  296,  616,  528,  715,  351,  317,  674,  738,  867,  191,  443,  896,  698,  713,  220,   90,  782,  657,  545,  398,  141,  691,  908, 1065,  168,  277,  991,  496,  816,  909,  354,  353,  975,  401,  655,  615,  417,  268,  509,  871,  380,  349,  537,  772,   67,  372,  746,  252,  581,  616,  755,  741,  264,  659,  780,  506,  213,  579,  833,  930,  185,  105,  500,   28, 1007,  478,  351,  775,  494,   43,  255,  488,  174,  986,  883,  576,  585,  746,  813,  739,  836,  346,  917,  842,  478,  858,  782,  342, 1094,  670,  509,  918,  911,  373,  849,  819,  332,  623,  729],
        [  340,    0,  578,  406,  106,    0,  477,  192,  663,  382,  235,  232,  870,  588,  809,  594,  426,  746,  550,  931,  713,  873,  655,  264,  868,  620,  388,  232,  515,  432,  647,  266,  253,  576,  666,  762,  180,  358,  804,  606,  665,  214,  135,  715,  568,  573,  327,  138,  588,  804,  998,  191,  191,  887,  400,  713,  814,  287,  360,  874,  305,  648,  644,  323,  163,  408,  766,  276,  305,  436,  742,   54,  267,  681,  191,  478,  511,  654,  659,  200,  608,  714,  542,  114,  567,  751,  825,  141,  107,  397,  102,  903,  391,  324,  721,  449,   80,  295,  468,  198,  896,  800,  599,  484,  704,  723,  634,  731,  305,  861,  790,  385,  754,  711,  291, 1020,  685,  518,  817,  806,  377,  746,  721,  371,  547,  643],
        [  296,    0,  771,  239,  582,  477,    0,  421,  286,  440,  264,  590,  406,  189,  408,  118,  740,  274,  149,  638,  250,  397,  431,  556,  463,  235,  344,  424,  146,  210,  518,  329,  419,  224,  508,  289,  536,  316,  452,  311,  642,  555,  585,  573,  319,  863,  388,  543,  165,  338,  794,  591,  358,  419,  230,  261,  445,  410,  650,  443,  248,  804,  924,  262,  315,  157,  297,  213,  485,  156,  781,  522,  211,  559,  437,  117,   55,  236,  429,  430,  590,  580,  857,  380,  724,  494,  352,  480,  540,  118,  576,  434,  291,  545,  654,  528,  552,  679,  636,  599,  555,  526,  870,  160,  702,  415,  158,  262,  504,  747,  711,  251,  281,  544,  460,  769,  911,  761,  386,  334,  654,  290,  337,  732,  413,  389],
        [  417,    0,  757,  454,  260,  192,  421,    0,  670,  511,  164,  422,  769,  473,  810,  532,  617,  661,  537,  986,  671,  804,  722,  445,  869,  621,  481,   40,  511,  466,  745,  362,  392,  587,  757,  678,  367,  190,  829,  642,  797,  400,  209,  814,  618,  764,  445,  149,  483,  758, 1087,  383,  300,  791,  261,  680,  832,   95,  546,  859,  356,  822,  835,  184,  188,  299,  677,  214,  460,  322,  894,  241,  242,  784,  344,  469,  469,  641,  724,   13,  738,  816,  733,  118,  738,  812,  740,  318,  166,  387,  238,  807,  463,  494,  844,  593,  218,  487,  637,  188,  929,  857,  789,  366,  844,  764,  571,  681,  130,  976,  912,  239,  697,  801,  440, 1093,  870,  702,  800,  750,  562,  710,  728,  563,  635,  698],
        [  348,    0,  725,  267,  761,  663,  286,  670,    0,  433,  507,  685,  457,  422,  147,  249,  773,  341,  140,  356,  181,  349,  216,  626,  206,   52,  342,  683,  160,  234,  339,  422,  493,   88,  312,  342,  647,  597,  167,  107,  495,  652,  791,  369,  159,  860,  420,  765,  387,  233,  529,  708,  488,  450,  515,  145,  163,  680,  690,  222,  361,  730,  907,  538,  514,  442,  363,  458,  526,  442,  643,  694,  430,  372,  542,  202,  232,   74,  211,  681,  461,  379,  872,  596,  668,  237,  376,  607,  751,  284,  763,  459,  304,  581,  477,  486,  742,  768,  609,  826,  269,  256,  855,  439,  553,  144,  242,  211,  772,  528,  516,  535,  242,  331,  508,  491,  862,  748,  170,  265,  685,  167,   59,  797,  283,  169],
        [  147,    0,  331,  208,  443,  382,  440,  511,  433,    0,  407,  282,  817,  625,  563,  523,  341,  682,  395,  591,  570,  753,  321,  213,  617,  414,  102,  544,  359,  245,  274,  157,  129,  364,  301,  691,  268,  574,  517,  335,  288,  257,  511,  340,  282,  438,   69,  519,  604,  648,  623,  323,  211,  822,  549,  548,  540,  579,  259,  650,  211,  367,  493,  508,  329,  502,  706,  394,  108,  524,  389,  382,  345,  304,  194,  351,  432,  466,  326,  523,  229,  338,  443,  395,  286,  415,  746,  258,  488,  324,  458,  835,  154,  153,  340,   94,  446,  353,  197,  579,  588,  465,  439,  560,  334,  423,  549,  598,  640,  480,  409,  552,  629,  343,  104,  657,  472,  329,  602,  669,  253,  579,  480,  369,  197,  330],
        [  285,    0,  699,  304,  337,  235,  264,  164,  507,  407,    0,  416,  639,  353,  647,  379,  600,  520,  374,  828,  512,  656,  571,  411,  705,  457,  352,  178,  347,  310,  609,  250,  312,  424,  616,  536,  356,  170,  667,  483,  682,  385,  326,  676,  463,  742,  338,  281,  354,  601,  941,  396,  216,  658,  175,  519,  668,  188,  516,  696,  216,  754,  811,  109,   99,  173,  538,   52,  388,  201,  795,  287,   82,  649,  288,  306,  309,  478,  572,  175,  623,  679,  722,  125,  669,  658,  600,  296,  280,  224,  326,  674,  323,  437,  720,  497,  302,  498,  568,  336,  767,  701,  760,  249,  734,  604,  419,  525,  272,  844,  786,  166,  543,  659,  363,  940,  827,  661,  638,  596,  528,  550,  565,  566,  496,  543],
        [  339,    0,  358,  423,  223,  232,  590,  422,  685,  282,  416,    0,  995,  744,  825,  700,  195,  862,  608,  872,  787,  965,  602,   73,  882,  654,  348,  462,  570,  459,  549,  273,  193,  604,  579,  875,   61,  569,  791,  599,  516,   36,  311,  611,  550,  342,  268,  350,  734,  874,  890,   57,  233, 1007,  590,  775,  811,  515,  132,  906,  352,  433,  413,  520,  318,  576,  885,  437,  175,  604,  557,  194,  405,  574,  155,  545,  606,  701,  607,  431,  467,  607,  313,  323,  358,  696,  937,  120,  312,  481,  248, 1022,  381,  148,  583,  303,  249,   90,  271,  394,  867,  746,  368,  650,  540,  699,  735,  811,  536,  726,  647,  581,  839,  619,  183,  933,  455,  290,  853,  887,  151,  808,  738,  151,  479,  607],
        [  684,    0, 1142,  610,  974,  870,  406,  769,  457,  817,  639,  995,    0,  298,  450,  299, 1138,  136,  426,  738,  277,  154,  672,  958,  464,  440,  716,  757,  460,  573,  795,  730,  819,  479,  769,  127,  942,  601,  549,  555,  947,  960,  962,  825,  597, 1253,  776,  911,  288,  250,  945,  997,  764,   30,  512,  313,  519,  720, 1048,  396,  648, 1161, 1309,  585,  711,  473,  112,  595,  880,  448, 1095,  918,  608,  828,  841,  468,  393,  390,  667,  775,  908,  835, 1252,  764, 1089,  681,   83,  886,  916,  517,  964,   44,  664,  941,  933,  894,  940, 1085, 1012,  957,  621,  685, 1256,  404, 1007,  586,  269,  247,  807,  979,  972,  537,  217,  788,  856,  880, 1283, 1146,  377,  209, 1050,  298,  457, 1136,  722,  626],
        [  479,    0,  955,  428,  690,  588,  189,  473,  422,  625,  353,  744,  298,    0,  506,  174,  908,  208,  308,  774,  301,  362,  602,  720,  550,  377,  531,  459,  321,  399,  700,  502,  589,  386,  687,  225,  686,  304,  577,  477,  829,  709,  670,  751,  496, 1038,  569,  616,   36,  361,  950,  735,  515,  322,  214,  332,  560,  423,  819,  507,  423,  991, 1101,  289,  437,  181,  217,  315,  660,  154,  970,  639,  340,  740,  595,  301,  219,  354,  600,  478,  778,  759, 1028,  477,  910,  652,  281,  627,  624,  302,  677,  338,  479,  719,  838,  715,  653,  831,  819,  660,  675,  677, 1048,  108,  889,  564,  192,  293,  511,  923,  892,  239,  291,  719,  634,  912, 1094,  940,  458,  336,  825,  348,  459,  892,  599,  557],
        [  492,    0,  831,  411,  907,  809,  408,  810,  147,  563,  647,  825,  450,  506,    0,  338,  901,  366,  274,  289,  211,  309,  287,  764,   60,  192,  479,  820,  301,  380,  412,  566,  634,  234,  377,  360,  790,  723,  102,  228,  569,  792,  937,  418,  281,  977,  558,  909,  471,  201,  495,  851,  633,  434,  635,  175,   69,  813,  821,   95,  507,  825, 1018,  668,  659,  564,  383,  597,  661,  558,  711,  840,  572,  433,  686,  342,  354,  173,  280,  821,  548,  429,  993,  740,  772,  253,  371,  751,  896,  426,  909,  439,  445,  714,  533,  604,  888,  906,  725,  971,  176,  243,  967,  547,  622,  171,  315,  230,  907,  547,  556,  658,  250,  379,  646,  432,  963,  864,   76,  242,  815,  169,   89,  930,  390,  252],
        [  386,    0,  851,  315,  700,  594,  118,  532,  249,  523,  379,  700,  299,  174,  338,    0,  839,  164,  149,  601,  147,  280,  439,  660,  386,  206,  422,  531,  174,  279,  546,  432,  521,  222,  528,  176,  648,  405,  404,  313,  686,  664,  702,  591,  339,  956,  479,  659,  139,  228,  778,  704,  469,  308,  312,  169,  388,  510,  750,  353,  351,  876, 1014,  362,  432,  246,  188,  329,  581,  233,  831,  639,  328,  585,  545,  173,   95,  180,  436,  540,  639,  600,  954,  497,  801,  482,  238,  593,  656,  219,  693,  323,  369,  642,  686,  604,  669,  789,  719,  713,  503,  505,  960,  212,  747,  392,   40,  151,  604,  761,  736,  336,  166,  557,  557,  739,  992,  850,  299,  219,  752,  192,  285,  838,  455,  393],
        [  456,    0,  209,  535,  401,  426,  740,  617,  773,  341,  600,  195, 1138,  908,  901,  839,    0, 1002,  726,  886,  905, 1087,  640,  191,  953,  754,  436,  656,  688,  573,  553,  411,  322,  703,  589, 1014,  252,  759,  847,  674,  465,  219,  491,  601,  621,  148,  365,  537,  894,  986,  856,  239,  397, 1146,  773,  885,  873,  709,   90,  990,  492,  288,  219,  707,  501,  750, 1026,  615,  259,  777,  453,  385,  577,  564,  317,  672,  745,  805,  646,  625,  433,  593,  122,  515,  238,  724, 1072,  307,  500,  624,  428, 1160,  484,  199,  537,  304,  434,  150,  201,  575,  906,  771,  176,  822,  467,  752,  871,  932,  729,  672,  591,  765,  962,  620,  283,  917,  270,  124,  942, 1005,   89,  917,  819,   84,  519,  659],
        [  548,    0, 1007,  474,  851,  746,  274,  661,  341,  682,  520,  862,  136,  208,  366,  164, 1002,    0,  292,  654,  165,  154,  553,  823,  395,  316,  581,  653,  325,  437,  672,  595,  684,  350,  648,   18,  809,  506,  458,  432,  821,  827,  845,  707,  470, 1117,  640,  797,  185,  179,  852,  865,  631,  145,  413,  204,  431,  622,  913,  337,  514, 1028, 1174,  480,  585,  363,   26,  473,  744,  341,  969,  793,  481,  707,  708,  332,  258,  269,  549,  668,  779,  717, 1116,  643,  955,  573,   80,  754,  799,  382,  842,  160,  528,  805,  811,  760,  818,  951,  877,  847,  542,  584, 1120,  302,  881,  478,  133,  139,  713,  868,  854,  438,  117,  671,  720,  797, 1148, 1010,  301,  144,  915,  199,  352, 1001,  593,  506],
        [  274,    0,  717,  192,  652,  550,  149,  537,  140,  395,  374,  608,  426,  308,  274,  149,  726,  292,    0,  490,  180,  362,  295,  559,  332,   88,  294,  547,   39,  154,  398,  336,  419,   79,  382,  300,  563,  458,  306,  170,  538,  574,  673,  445,  191,  832,  362,  641,  275,  267,  649,  623,  390,  428,  376,  168,  301,  542,  638,  327,  261,  736,  887,  399,  393,  303,  317,  323,  469,  304,  684,  587,  301,  437,  457,   72,   97,  106,  292,  548,  492,  453,  835,  472,  664,  349,  353,  515,  630,  156,  651,  441,  244,  529,  538,  469,  628,  696,  588,  701,  409,  379,  833,  306,  598,  267,  163,  206,  634,  617,  589,  396,  236,  413,  447,  621,  858,  724,  269,  281,  638,  202,  195,  736,  307,  250],
        [  592,    0,  754,  534, 1014,  931,  638,  986,  356,  591,  828,  872,  738,  774,  289,  601,  886,  654,  490,    0,  494,  591,  278,  802,  278,  405,  547, 1005,  500,  520,  334,  666,  703,  418,  299,  649,  856,  942,  199,  346,  450,  847, 1065,  291,  369,  919,  620, 1053,  739,  489,  214,  913,  741,  720,  865,  456,  223, 1012,  824,  349,  637,  721,  942,  879,  809,  792,  672,  784,  698,  794,  561,  948,  747,  325,  766,  539,  586,  421,  273,  997,  461,  300,  949,  892,  696,  181,  659,  835, 1032,  610, 1023,  723,  540,  734,  387,  588, 1006,  938,  688, 1117,  119,  132,  899,  794,  483,  227,  586,  516, 1099,  329,  374,  884,  538,  267,  693,  143,  864,  813,  362,  530,  811,  455,  316,  938,  396,  290],
        [  453,    0,  883,  371,  818,  713,  250,  671,  181,  570,  512,  787,  277,  301,  211,  147,  905,  165,  180,  494,    0,  184,  396,  738,  250,  167,  470,  672,  219,  333,  518,  514,  598,  211,  493,  163,  741,  551,  296,  280,  672,  752,  829,  549,  325, 1007,  540,  790,  267,   91,  689,  800,  566,  271,  458,   40,  272,  655,  817,  208,  438,  896, 1058,  506,  553,  391,  186,  461,  647,  379,  820,  754,  452,  552,  635,  244,  205,  114,  391,  680,  635,  559, 1012,  624,  828,  410,  196,  691,  785,  319,  814,  281,  421,  707,  657,  638,  791,  875,  759,  847,  385,  420, 1005,  358,  731,  314,  114,   31,  749,  706,  696,  483,   63,  512,  626,  636, 1023,  896,  157,  101,  816,   47,  188,  915,  451,  349],
        [  634,    0, 1065,  553,  979,  873,  397,  804,  349,  753,  656,  965,  154,  362,  309,  280, 1087,  154,  362,  591,  184,    0,  559,  919,  315,  346,  653,  799,  400,  515,  686,  693,  778,  393,  656,  138,  916,  657,  411,  454,  842,  930,  980,  707,  502, 1190,  723,  936,  338,  117,  801,  975,  739,  132,  563,  209,  378,  772,  999,  245,  614, 1075, 1241,  627,  711,  508,  150,  607,  830,  489,  990,  918,  607,  715,  811,  421,  365,  293,  554,  812,  809,  718, 1195,  776, 1009,  553,   95,  864,  935,  488,  972,  133,  604,  890,  820,  820,  949, 1053,  942,  989,  473,  550, 1188,  453,  900,  460,  240,  156,  863,  851,  852,  589,  127,  669,  808,  732, 1204, 1080,  234,   85,  999,  182,  333, 1096,  629,  515],
        [  316,    0,  548,  268,  737,  655,  431,  722,  216,  321,  571,  602,  672,  602,  287,  439,  640,  553,  295,  278,  396,  559,    0,  533,  328,  239,  270,  745,  285,  263,  128,  389,  426,  218,   98,  555,  581,  704,  212,  127,  286,  575,  789,  155,  114,  700,  344,  780,  569,  442,  373,  640,  465,  665,  638,  360,  242,  758,  568,  381,  367,  539,  737,  636,  540,  568,  577,  532,  428,  578,  432,  671,  489,  157,  489,  316,  387,  285,    7,  734,  261,  165,  721,  622,  488,   97,  591,  558,  757,  368,  746,  674,  266,  470,  262,  337,  729,  673,  451,  843,  269,  147,  688,  590,  342,  119,  442,  426,  841,  323,  302,  653,  457,  119,  420,  372,  678,  588,  349,  477,  558,  380,  229,  682,  125,   48],
        [  286,    0,  315,  369,  278,  264,  556,  445,  626,  213,  411,   73,  958,  720,  764,  660,  191,  823,  559,  802,  738,  919,  533,    0,  820,  599,  285,  484,  520,  407,  478,  229,  141,  548,  508,  836,   89,  573,  726,  537,  446,   59,  363,  539,  486,  332,  206,  394,  707,  824,  818,  123,  207,  968,  583,  723,  746,  533,  106,  847,  310,  385,  401,  519,  313,  559,  847,  424,  106,  587,  494,  237,  386,  502,  126,  499,  566,  647,  539,  455,  396,  535,  313,  336,  305,  627,  896,  128,  357,  442,  301,  982,  324,   77,  512,  231,  298,  143,  210,  444,  799,  676,  351,  631,  472,  633,  694,  764,  566,  655,  577,  576,  793,  547,  118,  861,  426,  258,  795,  839,  119,  756,  678,  179,  409,  540],
        [  550,    0,  876,  470,  966,  868,  463,  869,  206,  617,  705,  882,  464,  550,   60,  386,  953,  395,  332,  278,  250,  315,  328,  820,    0,  251,  535,  878,  360,  439,  449,  624,  691,  293,  413,  386,  848,  777,  123,  284,  604,  850,  996,  447,  335, 1025,  615,  969,  515,  219,  490,  909,  692,  445,  689,  219,   89,  870,  874,   73,  566,  866, 1064,  724,  719,  617,  409,  655,  716,  611,  744,  899,  631,  467,  744,  401,  409,  229,  322,  879,  587,  459, 1042,  799,  816,  280,  387,  809,  956,  485,  969,  447,  503,  768,  563,  654,  947,  962,  774, 1030,  160,  260, 1014,  597,  655,  210,  359,  264,  963,  563,  580,  712,  278,  410,  702,  418, 1006,  912,   95,  259,  867,  204,  148,  984,  438,  298],
        [  316,    0,  720,  233,  719,  620,  235,  621,   52,  414,  457,  654,  440,  377,  192,  206,  754,  316,   88,  405,  167,  346,  239,  599,  251,    0,  319,  632,  111,  197,  356,  387,  462,   51,  333,  319,  614,  546,  218,  116,  507,  621,  747,  393,  158,  848,  395,  719,  343,  236,  573,  675,  450,  437,  463,  138,  214,  629,  668,  257,  321,  730,  898,  487,  469,  390,  340,  408,  501,  390,  655,  653,  382,  392,  508,  152,  181,   54,  235,  632,  469,  403,  856,  549,  663,  276,  361,  571,  706,  235,  721,  447,  275,  559,  496,  476,  699,  740,  598,  780,  321,  300,  845,  389,  567,  187,  205,  197,  721,  559,  540,  484,  229,  358,  482,  539,  859,  737,  201,  262,  665,  167,  108,  772,  285,  192],
        [   68,    0,  430,  108,  467,  388,  344,  481,  342,  102,  352,  348,  716,  531,  479,  422,  436,  581,  294,  547,  470,  653,  270,  285,  535,  319,    0,  510,  258,  144,  266,  124,  160,  268,  281,  590,  318,  512,  445,  252,  332,  317,  522,  335,  203,  539,   81,  518,  508,  550,  614,  378,  199,  721,  475,  450,  464,  535,  350,  562,  138,  461,  594,  444,  293,  420,  605,  329,  184,  440,  456,  402,  280,  304,  221,  250,  332,  369,  274,  493,  273,  336,  542,  371,  382,  367,  645,  290,  492,  230,  477,  734,   54,  241,  368,  185,  461,  428,  297,  581,  526,  416,  540,  472,  387,  355,  448,  498,  607,  496,  435,  481,  529,  326,  168,  632,  571,  431,  512,  570,  348,  482,  393,  455,  160,  265],
        [  445,    0,  796,  477,  296,  232,  424,   40,  683,  544,  178,  462,  757,  459,  820,  531,  656,  653,  547, 1005,  672,  799,  745,  484,  878,  632,  510,    0,  523,  486,  773,  393,  428,  601,  784,  670,  406,  165,  844,  660,  830,  440,  239,  841,  638,  804,  478,  176,  472,  758, 1112,  423,  335,  779,  246,  684,  845,   58,  585,  865,  382,  860,  874,  174,  218,  291,  668,  225,  497,  313,  929,  280,  259,  813,  382,  481,  474,  649,  746,   33,  770,  844,  773,  154,  776,  833,  732,  357,  199,  400,  274,  795,  489,  532,  875,  628,  254,  526,  675,  206,  944,  878,  829,  354,  878,  781,  570,  681,   98, 1005,  943,  222,  696,  828,  477, 1115,  910,  742,  807,  748,  601,  714,  740,  603,  662,  719],
        [  235,    0,  683,  154,  616,  515,  146,  511,  160,  359,  347,  570,  460,  321,  301,  174,  688,  325,   39,  500,  219,  400,  285,  520,  360,  111,  258,  523,    0,  116,  380,  297,  380,   82,  367,  334,  525,  443,  323,  165,  514,  535,  639,  431,  176,  796,  324,  610,  290,  305,  648,  585,  353,  464,  366,  206,  322,  521,  600,  360,  223,  704,  851,  382,  361,  293,  350,  298,  430,  298,  659,  551,  272,  420,  418,   42,  103,  140,  284,  522,  466,  439,  798,  440,  631,  349,  388,  477,  598,  125,  616,  477,  207,  491,  518,  435,  594,  657,  553,  670,  425,  383,  797,  306,  575,  274,  194,  244,  612,  605,  572,  385,  274,  400,  409,  626,  824,  688,  302,  319,  600,  240,  218,  697,  283,  243],
        [  122,    0,  573,   39,  528,  432,  210,  466,  234,  245,  310,  459,  573,  399,  380,  279,  573,  437,  154,  520,  333,  515,  263,  407,  439,  197,  144,  486,  116,    0,  322,  190,  268,  149,  320,  447,  418,  443,  374,  179,  434,  425,  563,  384,  153,  681,  208,  542,  373,  417,  635,  478,  254,  577,  384,  317,  383,  496,  485,  453,  128,  600,  737,  375,  292,  318,  462,  269,  315,  333,  572,  461,  228,  364,  311,  107,  190,  242,  264,  477,  381,  389,  683,  376,  523,  349,  503,  374,  524,  112,  531,  591,   92,  375,  452,  326,  511,  546,  441,  605,  469,  392,  684,  356,  494,  300,  305,  359,  581,  558,  512,  396,  389,  361,  294,  631,  714,  574,  398,  433,  485,  350,  292,  583,  211,  234],
        [  329,    0,  435,  311,  715,  647,  518,  745,  339,  274,  609,  549,  795,  700,  412,  546,  553,  672,  398,  334,  518,  686,  128,  478,  449,  356,  266,  773,  380,  322,    0,  389,  399,  326,   38,  675,  541,  758,  328,  240,  158,  527,  779,   69,  207,  595,  320,  780,  669,  569,  352,  595,  461,  789,  705,  484,  361,  795,  491,  506,  394,  418,  625,  690,  558,  639,  696,  577,  378,  653,  305,  653,  531,   42,  464,  402,  481,  406,  134,  758,  140,   71,  620,  636,  375,  181,  714,  531,  752,  434,  729,  798,  286,  406,  141,  256,  715,  609,  355,  842,  364,  223,  578,  673,  215,  241,  554,  549,  871,  238,  194,  716,  580,   70,  377,  384,  560,  485,  476,  603,  478,  505,  356,  605,  114,  171],
        [   77,    0,  464,  156,  351,  266,  329,  362,  422,  157,  250,  273,  730,  502,  566,  432,  411,  595,  336,  666,  514,  693,  389,  229,  624,  387,  124,  393,  297,  190,  389,    0,   90,  337,  405,  608,  229,  419,  547,  349,  437,  238,  400,  458,  307,  537,   88,  394,  486,  602,  737,  289,   76,  740,  399,  503,  562,  424,  321,  642,   82,  512,  600,  353,  176,  358,  619,  240,  159,  383,  545,  284,  192,  426,  122,  272,  338,  430,  393,  374,  378,  458,  529,  249,  427,  486,  668,  186,  369,  214,  359,  754,  128,  218,  482,  248,  341,  361,  328,  457,  635,  535,  547,  423,  487,  463,  466,  539,  490,  615,  550,  399,  567,  450,  133,  755,  599,  440,  587,  614,  325,  536,  478,  407,  284,  379],
        [  147,    0,  388,  231,  317,  253,  419,  392,  493,  129,  312,  193,  819,  589,  634,  521,  322,  684,  419,  703,  598,  778,  426,  141,  691,  462,  160,  428,  380,  268,  399,   90,    0,  412,  422,  696,  158,  481,  604,  410,  414,  160,  382,  466,  362,  450,   83,  390,  574,  684,  750,  219,   98,  828,  473,  584,  622,  468,  232,  714,  172,  443,  515,  419,  222,  439,  708,  312,   77,  465,  502,  255,  268,  431,   66,  358,  426,  509,  431,  404,  356,  465,  440,  275,  358,  523,  756,  133,  360,  303,  331,  843,  189,  132,  469,  202,  317,  278,  256,  451,  686,  573,  462,  507,  456,  515,  554,  623,  521,  608,  537,  471,  652,  465,   52,  778,  520,  357,  661,  699,  237,  617,  546,  319,  308,  425],
        [  266,    0,  673,  183,  674,  576,  224,  587,   88,  364,  424,  604,  479,  386,  234,  222,  703,  350,   79,  418,  211,  393,  218,  548,  293,   51,  268,  601,   82,  149,  326,  337,  412,    0,  307,  355,  564,  525,  244,   92,  471,  570,  704,  369,  120,  799,  344,  678,  353,  285,  571,  625,  402,  478,  447,  186,  246,  601,  618,  305,  274,  685,  849,  463,  428,  375,  375,  376,  450,  378,  619,  607,  346,  364,  459,  123,  175,  103,  215,  598,  430,  378,  806,  510,  617,  271,  401,  522,  664,  201,  676,  489,  225,  508,  466,  428,  655,  689,  549,  740,  345,  303,  796,  383,  532,  193,  230,  241,  692,  540,  514,  466,  273,  336,  432,  546,  812,  688,  250,  309,  615,  216,  146,  721,  244,  172],
        [  341,    0,  473,  314,  738,  666,  508,  757,  312,  301,  616,  579,  769,  687,  377,  528,  589,  648,  382,  299,  493,  656,   98,  508,  413,  333,  281,  784,  367,  320,   38,  405,  422,  307,    0,  651,  568,  761,  292,  218,  192,  556,  800,   65,  192,  632,  341,  798,  655,  539,  333,  623,  479,  762,  703,  457,  325,  803,  526,  471,  402,  455,  663,  692,  571,  636,  672,  582,  406,  648,  336,  675,  536,   60,  487,  392,  469,  381,  103,  769,  178,   73,  658,  650,  413,  143,  688,  555,  771,  431,  751,  771,  295,  438,  165,  289,  736,  641,  392,  861,  326,  186,  616,  665,  247,  206,  535,  523,  881,  240,  208,  716,  554,   45,  404,  357,  597,  522,  443,  574,  513,  477,  325,  640,  123,  144],
        [  559,    0, 1016,  484,  867,  762,  289,  678,  342,  691,  536,  875,  127,  225,  360,  176, 1014,   18,  300,  649,  163,  138,  555,  836,  386,  319,  590,  670,  334,  447,  675,  608,  696,  355,  651,    0,  823,  523,  453,  435,  825,  840,  861,  709,  475, 1127,  651,  814,  202,  169,  849,  879,  645,  133,  430,  202,  426,  639,  924,  327,  526, 1036, 1184,  497,  601,  380,   24,  489,  755,  358,  973,  808,  496,  710,  721,  343,  270,  271,  551,  685,  785,  719, 1127,  659,  963,  572,   64,  768,  815,  395,  858,  147,  538,  816,  814,  768,  834,  965,  886,  864,  536,  581, 1130,  319,  885,  477,  143,  136,  730,  868,  856,  456,  111,  672,  732,  792, 1157, 1020,  293,  132,  926,  195,  350, 1014,  599,  508],
        [  299,    0,  401,  382,  191,  180,  536,  367,  647,  268,  356,   61,  942,  686,  790,  648,  252,  809,  563,  856,  741,  916,  581,   89,  848,  614,  318,  406,  525,  418,  541,  229,  158,  564,  568,  823,    0,  509,  762,  567,  525,   35,  275,  606,  520,  399,  240,  306,  677,  829,  888,   62,  179,  954,  530,  730,  780,  458,  181,  868,  303,  472,  469,  460,  258,  516,  832,  378,  165,  544,  581,  149,  347,  569,  107,  497,  555,  659,  586,  375,  472,  603,  372,  264,  393,  677,  885,   60,  269,  430,  213,  969,  346,  160,  589,  307,  209,  146,  298,  356,  843,  727,  423,  591,  556,  672,  684,  764,  484,  732,  655,  520,  791,  610,  165,  924,  506,  339,  814,  840,  198,  764,  702,  211,  461,  582],
        [  445,    0,  868,  448,  443,  358,  316,  190,  597,  574,  170,  569,  601,  304,  723,  405,  759,  506,  458,  942,  551,  657,  704,  573,  777,  546,  512,  165,  443,  443,  758,  419,  481,  525,  761,  523,  509,    0,  763,  600,  844,  541,  398,  823,  591,  903,  506,  337,  322,  631, 1076,  540,  385,  625,   95,  569,  758,  120,  679,  754,  375,  924,  973,   69,  263,  161,  518,  184,  557,  173,  961,  410,  233,  800,  453,  403,  370,  551,  704,  191,  785,  828,  880,  249,  838,  783,  583,  452,  354,  337,  423,  641,  477,  604,  877,  666,  401,  645,  737,  370,  866,  822,  924,  205,  898,  716,  441,  555,  208,  995,  942,   69,  564,  802,  532, 1065,  994,  827,  697,  615,  691,  595,  651,  718,  645,  670],
        [  471,    0,  759,  398,  896,  804,  452,  829,  167,  517,  667,  791,  549,  577,  102,  404,  847,  458,  306,  199,  296,  411,  212,  726,  123,  218,  445,  844,  323,  374,  328,  547,  604,  244,  292,  453,  762,  763,    0,  199,  482,  761,  936,  325,  243,  911,  524,  915,  542,  300,  397,  823,  619,  535,  681,  257,   36,  844,  772,  187,  500,  746,  948,  704,  664,  608,  476,  619,  621,  607,  621,  829,  588,  345,  662,  365,  398,  225,  205,  840,  468,  336,  931,  747,  699,  158,  469,  729,  898,  444,  902,  539,  421,  669,  441,  545,  882,  868,  662,  977,  103,  142,  899,  603,  533,   96,  388,  319,  935,  446,  459,  702,  343,  287,  609,  341,  887,  799,  178,  341,  763,  259,  119,  884,  329,  189],
        [  273,    0,  619,  200,  698,  606,  311,  642,  107,  335,  483,  599,  555,  477,  228,  313,  674,  432,  170,  346,  280,  454,  127,  537,  284,  116,  252,  660,  165,  179,  240,  349,  410,   92,  218,  435,  567,  600,  199,    0,  392,  568,  738,  280,   54,  756,  332,  720,  444,  339,  484,  628,  421,  551,  528,  247,  214,  667,  593,  316,  303,  623,  801,  535,  471,  456,  456,  439,  433,  462,  540,  631,  402,  276,  465,  200,  264,  167,  124,  654,  356,  289,  769,  554,  561,  185,  475,  532,  701,  266,  704,  561,  223,  486,  380,  382,  684,  679,  504,  783,  291,  222,  750,  470,  452,  122,  317,  311,  754,  449,  426,  545,  342,  245,  419,  465,  756,  644,  271,  370,  587,  272,  146,  702,  176,   81],
        [  399,    0,  307,  413,  713,  665,  642,  797,  495,  288,  682,  516,  947,  829,  569,  686,  465,  821,  538,  450,  672,  842,  286,  446,  604,  507,  332,  830,  514,  434,  158,  437,  414,  471,  192,  825,  525,  844,  482,  392,    0,  503,  789,  164,  352,  474,  353,  803,  800,  726,  392,  568,  498,  943,  804,  638,  516,  861,  425,  662,  470,  273,  493,  775,  613,  745,  845,  660,  365,  763,  149,  659,  611,  138,  475,  529,  612,  558,  292,  809,   60,  154,  508,  681,  250,  328,  867,  532,  771,  543,  732,  952,  372,  370,   73,  219,  723,  555,  268,  862,  504,  363,  451,  789,   61,  398,  699,  702,  926,  212,  132,  811,  734,  198,  376,  456,  416,  373,  634,  759,  408,  661,  513,  532,  232,  328],
        [  305,    0,  367,  389,  220,  214,  555,  400,  652,  257,  385,   36,  960,  709,  792,  664,  219,  827,  574,  847,  752,  930,  575,   59,  850,  621,  317,  440,  535,  425,  527,  238,  160,  570,  556,  840,   35,  541,  761,  568,  503,    0,  306,  590,  519,  366,  237,  338,  699,  840,  871,   68,  198,  971,  559,  740,  780,  491,  147,  873,  317,  440,  436,  490,  286,  542,  850,  405,  150,  570,  553,  181,  371,  553,  120,  510,  571,  667,  580,  409,  452,  587,  340,  296,  362,  670,  902,   89,  302,  446,  243,  986,  348,  134,  568,  287,  241,  125,  269,  387,  838,  720,  389,  616,  531,  669,  700,  776,  518,  711,  634,  550,  804,  597,  155,  911,  472,  305,  820,  852,  164,  774,  705,  183,  452,  578],
        [  474,    0,  669,  539,   90,  135,  585,  209,  791,  511,  326,  311,  962,  670,  937,  702,  491,  845,  673, 1065,  829,  980,  789,  363,  996,  747,  522,  239,  639,  563,  779,  400,  382,  704,  800,  861,  275,  398,  936,  738,  789,  306,    0,  847,  702,  634,  460,   64,  675,  919, 1130,  257,  325,  981,  464,  831,  945,  295,  442,  999,  436,  744,  704,  385,  280,  490,  863,  374,  425,  516,  855,  131,  378,  812,  318,  601,  625,  778,  793,  209,  733,  846,  595,  206,  667,  885,  925,  258,   47,  518,   64,  997,  526,  433,  848,  571,   67,  344,  573,   84, 1029,  934,  665,  563,  825,  857,  742,  845,  269,  989,  916,  444,  865,  844,  415, 1154,  760,  598,  941,  918,  462,  864,  850,  420,  681,  777],
        [  397,    0,  465,  376,  782,  715,  573,  814,  369,  340,  676,  611,  825,  751,  418,  591,  601,  707,  445,  291,  549,  707,  155,  539,  447,  393,  335,  841,  431,  384,   69,  458,  466,  369,   65,  709,  606,  823,  325,  280,  164,  590,  847,    0,  256,  629,  388,  848,  719,  590,  284,  658,  530,  817,  767,  512,  360,  863,  545,  510,  461,  436,  653,  754,  627,  700,  731,  643,  441,  713,  297,  720,  597,   38,  531,  456,  533,  439,  159,  826,  171,   12,  659,  705,  406,  168,  744,  597,  821,  495,  796,  825,  354,  466,  116,  312,  782,  667,  401,  911,  340,  199,  609,  730,  209,  250,  596,  579,  939,  176,  148,  779,  609,   39,  443,  323,  580,  523,  487,  627,  531,  531,  374,  658,  180,  202],
        [  230,    0,  567,  166,  657,  568,  319,  618,  159,  282,  463,  550,  597,  496,  281,  339,  621,  470,  191,  369,  325,  502,  114,  486,  335,  158,  203,  638,  176,  153,  207,  307,  362,  120,  192,  475,  520,  591,  243,   54,  352,  519,  702,  256,    0,  703,  283,  686,  464,  389,  486,  580,  380,  594,  524,  294,  262,  649,  540,  369,  269,  573,  749,  524,  440,  455,  494,  421,  382,  464,  499,  590,  381,  246,  419,  203,  278,  211,  114,  629,  311,  264,  716,  524,  510,  196,  518,  487,  666,  254,  664,  605,  179,  434,  347,  329,  645,  628,  451,  750,  329,  240,  697,  478,  412,  156,  349,  355,  734,  429,  398,  539,  387,  226,  368,  478,  705,  591,  324,  417,  534,  321,  199,  650,  127,   81],
        [  571,    0,  169,  643,  545,  573,  863,  764,  860,  438,  742,  342, 1253, 1038,  977,  956,  148, 1117,  832,  919, 1007, 1190,  700,  332, 1025,  848,  539,  804,  796,  681,  595,  537,  450,  799,  632, 1127,  399,  903,  911,  756,  474,  366,  634,  629,  703,    0,  478,  682, 1022, 1083,  855,  385,  534, 1258,  913,  984,  940,  856,  226, 1069,  616,  228,   71,  850,  644,  886, 1141,  754,  379,  913,  415,  531,  713,  595,  456,  785,  863,  901,  707,  772,  460,  620,   52,  661,  225,  774, 1183,  453,  645,  745,  572, 1272,  590,  319,  544,  375,  579,  291,  253,  717,  957,  817,   40,  956,  457,  817,  985, 1035,  876,  662,  584,  907, 1066,  656,  405,  928,  144,  113, 1026, 1106,  216, 1014,  901,  215,  588,  727],
        [   93,    0,  387,  170,  398,  327,  388,  445,  420,   69,  338,  268,  776,  569,  558,  479,  365,  640,  362,  620,  540,  723,  344,  206,  615,  395,   81,  478,  324,  208,  320,   88,   83,  344,  341,  651,  240,  506,  524,  332,  353,  237,  460,  388,  283,  478,    0,  462,  549,  623,  671,  299,  147,  783,  483,  523,  544,  511,  277,  641,  148,  430,  537,  440,  262,  437,  665,  326,  108,  461,  457,  334,  277,  354,  147,  309,  385,  444,  348,  457,  293,  387,  476,  330,  346,  440,  709,  216,  433,  270,  410,  796,  120,  167,  401,  161,  396,  348,  251,  524,  604,  490,  483,  498,  401,  434,  508,  567,  574,  538,  469,  485,  597,  385,   89,  697,  526,  374,  590,  641,  277,  555,  472,  378,  226,  343],
        [  464,    0,  705,  521,  141,  138,  543,  149,  765,  519,  281,  350,  911,  616,  909,  659,  537,  797,  641, 1053,  790,  936,  780,  394,  969,  719,  518,  176,  610,  542,  780,  394,  390,  678,  798,  814,  306,  337,  915,  720,  803,  338,   64,  848,  686,  682,  462,    0,  624,  880, 1130,  299,  320,  931,  408,  795,  922,  232,  481,  967,  418,  778,  752,  329,  251,  438,  814,  331,  442,  463,  878,  158,  341,  815,  329,  570,  586,  746,  783,  147,  745,  848,  645,  170,  698,  875,  877,  277,   38,  486,  114,  947,  514,  458,  858,  586,  104,  393,  601,   64, 1010,  923,  712,  509,  842,  840,  699,  804,  208,  998,  927,  386,  823,  842,  428, 1148,  803,  639,  909,  876,  499,  827,  824,  470,  677,  764],
        [  458,    0,  934,  403,  691,  588,  165,  483,  387,  604,  354,  734,  288,   36,  471,  139,  894,  185,  275,  739,  267,  338,  569,  707,  515,  343,  508,  472,  290,  373,  669,  486,  574,  353,  655,  202,  677,  322,  542,  444,  800,  699,  675,  719,  464, 1022,  549,  624,    0,  330,  915,  728,  503,  309,  229,  298,  524,  439,  805,  474,  406,  968, 1084,  299,  433,  186,  197,  313,  643,  161,  942,  638,  333,  709,  584,  272,  189,  319,  567,  489,  750,  727, 1013,  479,  888,  618,  262,  619,  629,  281,  679,  325,  455,  703,  807,  692,  655,  822,  799,  670,  639,  642, 1031,  119,  861,  529,  157,  260,  529,  891,  861,  254,  259,  687,  618,  877, 1074,  922,  424,  306,  810,  314,  423,  881,  570,  524],
