{
    "name": "random-29-12532",
    "comment": "size=29 seed=12532",
    "nodes": ["+0", "-0", "+1", "-1", "+2", "-2", "+3", "-3", "+4", "-4", "+5", "-5", "+6", "-6", "+7", "-7", "+8", "-8", "+9", "-9", "+10", "-10", "+11", "-11", "+12", "-12", "+13", "-13", "+14", "-14", "+15", "-15", "+16", "-16", "+17", "-17", "+18", "-18", "+19", "-19", "+20", "-20", "+21", "-21", "+22", "-22", "+23", "-23", "+24", "-24", "+25", "-25", "+26", "-26", "+27", "-27", "+28", "-28", "+29", "-29"],
    "precedence": {
        "+0": "-0",
        "+1": "-1",
        "+2": "-2",
        "+3": "-3",
        "+4": "-4",
        "+5": "-5",
        "+6": "-6",
        "+7": "-7",
        "+8": "-8",
        "+9": "-9",
        "+10": "-10",
        "+11": "-11",
        "+12": "-12",
        "+13": "-13",
        "+14": "-14",
        "+15": "-15",
        "+16": "-16",
        "+17": "-17",
        "+18": "-18",
        "+19": "-19",
        "+20": "-20",
        "+21": "-21",
        "+22": "-22",
        "+23": "-23",
        "+24": "-24",
        "+25": "-25",
        "+26": "-26",
        "+27": "-27",
        "+28": "-28",
        "+29": "-29"
    },
    "edges": [
        [    0,    0,  774,  146,  802,  368,  210,  604,  626,  405,  742,  462,  193,  166,  183,  785,  520,  797,  168,  853, 1020,  562,  689,   95,  283,  332,  115,  312,  123,  809,  809,  671,  720,  368,  637,   70,  146,  305,  357,  479,  380,  681,  499,  579,   71,  163,  536,  415,  663,  764,  633,  508,  898,  289,  568,  793,  374,  519,  171,  784],
        [    0,    0,  774,  146,  802,  368,  210,  604,  626,  405,  742,  462,  193,  166,  183,  785,  520,  797,  168,  853, 1020,  562,  689,   95,  283,  332,  115,  312,  123,  809,  809,  671,  720,  368,  637,   70,  146,  305,  357,  479,  380,  681,  499,  579,   71,  163,  536,  415,  663,  764,  633,  508,  898,  289,  568,  793,  374,  519,  171,  784],
        [  774,  774,    0,  919,  399,  567,  804,  228,  407,  987,  385,  562,  810,  609,  956,  245,  258,  693,  629,  575,  592,  721,  668,  866,  503,  604,  706,  965,  834,  347,  324, 1094,  264,  676,  668,  761,  866,  476,  582,  999,  453,  180,  519,  380,  803,  740,  353,  798,  522,   11,  177,  985,  375,  666,  226,  285,  760,  727,  633,   57],
        [  146,  146,  919,    0,  926,  477,  244,  748,  747,  368,  865,  564,  244,  312,   44,  920,  664,  883,  301,  959, 1134,  631,  774,   66,  423,  450,  241,  259,  155,  947,  948,  654,  854,  465,  720,  180,  123,  447,  477,  455,  519,  821,  608,  705,  142,  242,  676,  456,  770,  909,  778,  495, 1026,  378,  710,  933,  426,  584,  309,  927],
        [  802,  802,  399,  926,    0,  455,  725,  536,  179,  836,   61,  384,  921,  671,  969,  156,  401,  320,  635,  178,  238,  458,  338,  895,  538,  797,  788,  861,  905,  736,  715,  841,  149,  883,  365,  824,  830,  529,  786,  814,  647,  251,  332,  224,  858,  691,  638,  614,  211,  393,  493,  781,  119,  565,  342,  675,  597,  487,  731,  346],
        [  368,  368,  567,  477,  455,    0,  272,  503,  277,  423,  396,   96,  526,  286,  520,  479,  334,  437,  213,  486,  658,  249,  334,  454,  191,  502,  392,  420,  485,  757,  746,  549,  410,  581,  288,  407,  375,  211,  507,  433,  413,  414,  132,  245,  433,  238,  517,  236,  296,  556,  500,  422,  563,  113,  344,  715,  195,  222,  360,  551],
        [  210,  210,  804,  244,  725,  272,    0,  683,  548,  218,  666,  345,  402,  280,  283,  749,  550,  645,  203,  734,  916,  389,  535,  252,  314,  509,  307,  163,  325,  920,  914,  464,  680,  561,  481,  279,  123,  345,  528,  278,  503,  671,  395,  516,  277,   77,  650,  215,  548,  793,  698,  302,  835,  160,  580,  891,  183,  342,  332,  798],
        [  604,  604,  228,  748,  536,  503,  683,    0,  463,  889,  499,  536,  605,  440,  782,  407,  181,  769,  487,  695,  761,  716,  713,  689,  370,  385,  518,  844,  642,  256,  244, 1051,  388,  452,  696,  577,  718,  339,  360,  920,  243,  286,  511,  413,  620,  610,  126,  736,  581,  222,   52,  918,  553,  575,  213,  213,  691,  707,  445,  269],
        [  626,  626,  407,  747,  179,  277,  548,  463,    0,  672,  119,  213,  753,  502,  790,  229,  294,  307,  459,  258,  398,  328,  263,  717,  370,  652,  619,  688,  732,  700,  682,  714,  166,  739,  263,  650,  651,  366,  646,  658,  513,  227,  160,   59,  684,  512,  541,  453,  120,  398,  433,  631,  288,  388,  251,  644,  431,  345,  566,  368],
        [  405,  405,  987,  368,  836,  423,  218,  889,  672,    0,  783,  460,  586,  497,  392,  893,  741,  671,  418,  799,  991,  410,  570,  409,  520,  723,  513,  111,  499, 1131, 1125,  287,  824,  769,  518,  474,  267,  551,  743,   90,  719,  836,  513,  656,  459,  294,  864,  225,  634,  976,  898,  138,  953,  322,  761, 1099,  242,  367,  547,  974],
        [  742,  742,  385,  865,   61,  396,  666,  499,  119,  783,    0,  328,  862,  611,  908,  156,  353,  312,  574,  198,  293,  415,  309,  834,  478,  742,  729,  804,  845,  712,  691,  801,  122,  829,  329,  763,  770,  470,  733,  764,  595,  221,  275,  164,  798,  631,  595,  562,  170,  378,  459,  733,  171,  506,  297,  652,  543,  440,  672,  336],
        [  462,  462,  562,  564,  384,   96,  345,  536,  213,  460,  328,    0,  621,  379,  607,  435,  358,  342,  308,  395,  573,  182,  241,  546,  273,  587,  487,  477,  579,  791,  778,  533,  367,  668,  198,  502,  457,  288,  590,  451,  484,  393,   54,  199,  528,  323,  570,  246,  206,  552,  525,  429,  498,  189,  350,  744,  219,  171,  453,  538],
        [  193,  193,  810,  244,  921,  526,  402,  605,  753,  586,  862,  621,    0,  252,  250,  875,  578,  962,  314,  998, 1151,  743,  857,  184,  385,  242,  136,  484,   90,  761,  766,  860,  817,  232,  809,  128,  319,  394,  271,  665,  363,  757,  650,  700,  128,  352,  506,  606,  811,  802,  646,  697, 1003,  466,  636,  759,  563,  701,  192,  832],
        [  166,  166,  609,  312,  671,  286,  280,  440,  502,  497,  611,  379,  252,    0,  348,  635,  357,  720,   91,  746,  899,  523,  619,  258,  134,  240,  118,  427,  239,  656,  654,  727,  573,  308,  573,  159,  283,  148,  255,  553,  229,  524,  403,  449,  199,  204,  382,  427,  562,  599,  467,  569,  757,  258,  408,  635,  378,  487,   75,  620],
        [  183,  183,  956,   44,  969,  520,  283,  782,  790,  392,  908,  607,  250,  348,    0,  962,  703,  925,  343, 1002, 1177,  671,  815,   93,  463,  470,  269,  282,  166,  975,  976,  678,  896,  479,  761,  208,  162,  486,  498,  480,  550,  861,  651,  748,  166,  285,  705,  494,  813,  947,  813,  523, 1069,  421,  750,  963,  466,  625,  339,  966],
        [  785,  785,  245,  920,  156,  479,  749,  407,  229,  893,  156,  435,  875,  635,  962,    0,  309,  466,  619,  334,  356,  554,  463,  880,  505,  717,  749,  899,  874,  588,  565,  941,   70,  800,  478,  793,  839,  487,  702,  884,  561,  129,  383,  238,  832,  701,  521,  679,  319,  241,  359,  859,  147,  592,  247,  526,  652,  573,  684,  191],
        [  520,  520,  258,  664,  401,  334,  550,  181,  294,  741,  353,  358,  578,  357,  703,  309,    0,  597,  372,  540,  637,  536,  535,  613,  246,  408,  461,  712,  590,  435,  420,  880,  264,  492,  516,  513,  609,  219,  394,  763,  253,  183,  330,  239,  555,  483,  248,  570,  408,  248,  168,  755,  451,  420,   63,  387,  527,  529,  391,  264],
        [  797,  797,  693,  883,  320,  437,  645,  769,  307,  671,  312,  342,  962,  720,  925,  466,  597,    0,  649,  171,  349,  266,  110,  875,  606,  916,  828,  733,  917, 1005,  985,  584,  430, 1000,  165,  842,  766,  614,  915,  619,  794,  519,  321,  358,  864,  646,  842,  459,  190,  685,  739,  574,  419,  510,  557,  947,  470,  312,  793,  646],
        [  168,  168,  629,  301,  635,  213,  203,  487,  459,  418,  574,  308,  314,   91,  343,  619,  372,  649,    0,  691,  854,  438,  545,  262,  127,  331,  181,  360,  276,  718,  714,  638,  554,  398,  497,  196,  238,  155,  345,  469,  302,  520,  339,  411,  226,  127,  447,  336,  503,  619,  506,  482,  730,  168,  413,  691,  287,  400,  163,  632],
        [  853,  853,  575,  959,  178,  486,  734,  695,  258,  799,  198,  395,  998,  746, 1002,  334,  540,  171,  691,    0,  193,  392,  238,  939,  619,  909,  862,  846,  966,  908,  887,  746,  317,  996,  284,  887,  850,  618,  903,  759,  770,  417,  354,  317,  916,  718,  786,  577,  190,  570,  656,  718,  257,  582,  488,  848,  575,  433,  815,  523],
        [ 1020, 1020,  592, 1134,  238,  658,  916,  761,  398,  991,  293,  573, 1151,  899, 1177,  356,  637,  349,  854,  193,    0,  584,  429, 1110,  767, 1034, 1016, 1035, 1128,  938,  915,  932,  378, 1120,  477, 1047, 1029,  760, 1024,  951,  885,  476,  527,  451, 1080,  894,  869,  768,  369,  589,  714,  910,  218,  761,  577,  876,  764,  625,  962,  536],
        [  562,  562,  721,  631,  458,  249,  389,  716,  328,  410,  415,  182,  743,  523,  671,  554,  536,  266,  438,  392,  584,    0,  161,  631,  439,  748,  616,  468,  685,  970,  956,  387,  493,  826,  109,  617,  510,  458,  755,  367,  659,  544,  208,  343,  632,  403,  751,  194,  248,  711,  702,  328,  576,  277,  522,  921,  208,   48,  597,  690],
        [  689,  689,  668,  774,  338,  334,  535,  713,  263,  570,  309,  241,  857,  619,  815,  463,  535,  110,  545,  238,  429,  161,    0,  766,  511,  824,  725,  627,  810,  958,  941,  513,  413,  907,   55,  736,  656,  522,  825,  524,  711,  488,  229,  303,  757,  537,  773,  353,  147,  659,  688,  482,  451,  402,  503,  903,  361,  206,  693,  627],
        [   95,   95,  866,   66,  895,  454,  252,  689,  717,  409,  834,  546,  184,  258,   93,  880,  613,  875,  262,  939, 1110,  631,  766,    0,  377,  384,  177,  304,   95,  883,  885,  690,  815,  401,  713,  116,  146,  399,  412,  492,  457,  776,  586,  672,   77,  230,  613,  467,  750,  856,  721,  529,  992,  365,  663,  871,  432,  585,  247,  877],
        [  283,  283,  503,  423,  538,  191,  314,  370,  370,  520,  478,  273,  385,  134,  463,  505,  246,  606,  127,  619,  767,  439,  511,  377,    0,  314,  251,  476,  371,  612,  605,  707,  441,  396,  471,  290,  364,   31,  318,  558,  226,  399,  286,  316,  328,  243,  350,  392,  438,  493,  384,  562,  624,  218,  288,  579,  343,  411,  197,  507],
        [  332,  332,  604,  450,  797,  502,  509,  385,  652,  723,  742,  587,  242,  240,  470,  717,  408,  916,  331,  909, 1034,  748,  824,  384,  314,    0,  218,  639,  307,  519,  525,  965,  669,   87,  784,  273,  477,  302,   30,  786,  158,  590,  596,  594,  308,  436,  273,  666,  739,  597,  431,  805,  858,  494,  471,  520,  617,  716,  177,  636],
        [  115,  115,  706,  241,  788,  392,  307,  518,  619,  513,  729,  487,  136,  118,  269,  749,  461,  828,  181,  862, 1016,  616,  725,  177,  251,  218,    0,  425,  129,  707,  708,  771,  689,  257,  677,   61,  260,  263,  243,  583,  282,  635,  514,  566,  103,  243,  437,  493,  676,  696,  552,  609,  874,  341,  516,  695,  448,  576,   74,  722],
        [  312,  312,  965,  259,  861,  420,  163,  844,  688,  111,  804,  477,  484,  427,  282,  899,  712,  733,  360,  846, 1035,  468,  627,  304,  476,  639,  425,    0,  396, 1078, 1073,  397,  830,  679,  572,  379,  167,  507,  662,  199,  655,  828,  529,  663,  360,  235,  806,  274,  669,  955,  860,  245,  974,  309,  741, 1051,  271,  422,  467,  958],
        [  123,  123,  834,  155,  905,  485,  325,  642,  732,  499,  845,  579,   90,  239,  166,  874,  590,  917,  276,  966, 1128,  685,  810,   95,  371,  307,  129,  396,    0,  819,  822,  777,  812,  313,  759,   82,  233,  387,  336,  580,  403,  762,  614,  682,   53,  285,  554,  535,  778,  825,  678,  615,  995,  411,  644,  811,  496,  642,  202,  851],
        [  809,  809,  347,  947,  736,  757,  920,  256,  700, 1131,  712,  791,  761,  656,  975,  588,  435, 1005,  718,  908,  938,  970,  958,  883,  612,  519,  707, 1078,  819,    0,   25, 1305,  592,  554,  945,  768,  938,  581,  490, 1168,  430,  492,  764,  656,  809,  844,  274,  989,  820,  350,  271, 1168,  721,  824,  456,   63,  943,  962,  639,  403],
        [  809,  809,  324,  948,  715,  746,  914,  244,  682, 1125,  691,  778,  766,  654,  976,  565,  420,  985,  714,  887,  915,  956,  941,  885,  605,  525,  708, 1073,  822,   25,    0, 1294,  571,  563,  929,  769,  936,  574,  496, 1160,  430,  472,  749,  638,  811,  839,  273,  979,  802,  327,  255, 1159,  698,  815,  439,   40,  933,  948,  640,  380],
        [  671,  671, 1094,  654,  841,  549,  464, 1051,  714,  287,  801,  533,  860,  727,  678,  941,  880,  584,  638,  746,  932,  387,  513,  690,  707,  965,  771,  397,  777, 1305, 1294,    0,  879, 1023,  477,  741,  545,  735,  981,  200,  929,  922,  576,  722,  733,  531, 1055,  317,  632, 1084, 1047,  164,  958,  490,  881, 1263,  365,  371,  789, 1068],
        [  720,  720,  264,  854,  149,  410,  680,  388,  166,  824,  122,  367,  817,  573,  896,   70,  264,  430,  554,  317,  378,  493,  413,  815,  441,  669,  689,  830,  812,  592,  571,  879,    0,  754,  423,  731,  771,  426,  656,  817,  515,  103,  315,  169,  769,  633,  493,  612,  267,  257,  344,  793,  189,  522,  202,  531,  584,  510,  625,  217],
        [  368,  368,  676,  465,  883,  581,  561,  452,  739,  769,  829,  668,  232,  308,  479,  800,  492, 1000,  398,  996, 1120,  826,  907,  401,  396,   87,  257,  679,  313,  554,  563, 1023,  754,    0,  866,  302,  513,  386,   99,  838,  240,  673,  680,  680,  329,  493,  332,  732,  825,  669,  501,  862,  942,  565,  554,  563,  684,  792,  237,  711],
        [  637,  637,  668,  720,  365,  288,  481,  696,  263,  518,  329,  198,  809,  573,  761,  478,  516,  165,  497,  284,  477,  109,   55,  713,  471,  784,  677,  572,  759,  945,  929,  477,  423,  866,    0,  686,  602,  484,  787,  475,  677,  489,  196,  294,  706,  484,  749,  299,  159,  659,  675,  434,  481,  350,  490,  892,  306,  152,  648,  631],
        [   70,   70,  761,  180,  824,  407,  279,  577,  650,  474,  763,  502,  128,  159,  208,  793,  513,  842,  196,  887, 1047,  617,  736,  116,  290,  273,   61,  379,   82,  768,  769,  741,  731,  302,  686,    0,  212,  306,  300,  549,  342,  683,  535,  600,   44,  225,  498,  479,  699,  751,  610,  578,  913,  340,  566,  755,  436,  575,  133,  775],
        [  146,  146,  866,  123,  830,  375,  123,  718,  651,  267,  770,  457,  319,  283,  162,  839,  609,  766,  238,  850, 1029,  510,  656,  146,  364,  477,  260,  167,  233,  938,  936,  545,  771,  513,  602,  212,    0,  392,  501,  348,  509,  749,  504,  614,  193,  139,  664,  333,  662,  856,  741,  384,  935,  269,  648,  917,  304,  464,  310,  868],
        [  305,  305,  476,  447,  529,  211,  345,  339,  366,  551,  470,  288,  394,  148,  486,  487,  219,  614,  155,  618,  760,  458,  522,  399,   31,  302,  263,  507,  387,  581,  574,  735,  426,  386,  484,  306,  392,    0,  304,  588,  203,  378,  295,  310,  346,  273,  321,  419,  441,  466,  354,  591,  611,  246,  264,  549,  370,  432,  203,  481],
        [  357,  357,  582,  477,  786,  507,  528,  360,  646,  743,  733,  590,  271,  255,  498,  702,  394,  915,  345,  903, 1024,  755,  825,  412,  318,   30,  243,  662,  336,  490,  496,  981,  656,   99,  787,  300,  501,  304,    0,  805,  141,  574,  597,  587,  336,  455,  245,  679,  736,  575,  407,  823,  844,  506,  456,  491,  630,  724,  197,  614],
        [  479,  479,  999,  455,  814,  433,  278,  920,  658,   90,  764,  451,  665,  553,  480,  884,  763,  619,  469,  759,  951,  367,  524,  492,  558,  786,  583,  199,  580, 1168, 1160,  200,  817,  838,  475,  549,  348,  588,  805,    0,  769,  840,  503,  650,  538,  351,  907,  206,  606,  989,  925,   53,  932,  346,  776, 1133,  240,  330,  610,  981],
        [  380,  380,  453,  519,  647,  413,  503,  243,  513,  719,  595,  484,  363,  229,  550,  561,  253,  794,  302,  770,  885,  659,  711,  457,  226,  158,  282,  655,  403,  430,  430,  929,  515,  240,  677,  342,  509,  203,  141,  769,    0,  434,  483,  455,  384,  426,  157,  615,  610,  445,  284,  778,  703,  440,  315,  414,  566,  634,  211,  481],
        [  681,  681,  180,  821,  251,  414,  671,  286,  227,  836,  221,  393,  757,  524,  861,  129,  183,  519,  520,  417,  476,  544,  488,  776,  399,  590,  635,  828,  762,  492,  472,  922,  103,  673,  489,  683,  749,  378,  574,  840,  434,    0,  347,  202,  723,  615,  395,  635,  343,  172,  242,  821,  274,  521,  122,  433,  601,  553,  567,  146],
        [  499,  499,  519,  608,  332,  132,  395,  511,  160,  513,  275,   54,  650,  403,  651,  383,  330,  321,  339,  354,  527,  208,  229,  586,  286,  596,  514,  529,  614,  764,  749,  576,  315,  680,  196,  535,  504,  295,  597,  503,  483,  347,    0,  149,  563,  368,  555,  297,  165,  509,  495,  479,  445,  236,  315,  714,  272,  208,  475,  492],
        [  579,  579,  380,  705,  224,  245,  516,  413,   59,  656,  164,  199,  700,  449,  748,  238,  239,  358,  411,  317,  451,  343,  303,  672,  316,  594,  566,  663,  682,  656,  638,  722,  169,  680,  294,  600,  614,  310,  587,  650,  455,  202,  149,    0,  635,  475,  485,  444,  169,  370,  386,  627,  322,  357,  201,  601,  416,  352,  511,  348],
        [   71,   71,  803,  142,  858,  433,  277,  620,  684,  459,  798,  528,  128,  199,  166,  832,  555,  864,  226,  916, 1080,  632,  757,   77,  328,  308,  103,  360,   53,  809,  811,  733,  769,  329,  706,   44,  193,  346,  336,  538,  384,  723,  563,  635,    0,  233,  539,  484,  727,  794,  653,  570,  950,  358,  607,  797,  444,  589,  176,  817],
        [  163,  163,  740,  242,  691,  238,   77,  610,  512,  294,  631,  323,  352,  204,  285,  701,  483,  646,  127,  718,  894,  403,  537,  230,  243,  436,  243,  235,  285,  844,  839,  531,  633,  493,  484,  225,  139,  273,  455,  351,  426,  615,  368,  475,  233,    0,  574,  254,  529,  729,  627,  370,  796,  137,  518,  816,  212,  358,  260,  737],
        [  536,  536,  353,  676,  638,  517,  650,  126,  541,  864,  595,  570,  506,  382,  705,  521,  248,  842,  447,  786,  869,  751,  773,  613,  350,  273,  437,  806,  554,  274,  273, 1055,  493,  332,  749,  498,  664,  321,  245,  907,  157,  395,  555,  485,  539,  574,    0,  738,  652,  347,  177,  911,  668,  567,  299,  258,  690,  734,  367,  394],
        [  415,  415,  798,  456,  614,  236,  215,  736,  453,  225,  562,  246,  606,  427,  494,  679,  570,  459,  336,  577,  768,  194,  353,  467,  392,  666,  493,  274,  535,  989,  979,  317,  612,  732,  299,  479,  333,  419,  679,  206,  615,  635,  297,  444,  484,  254,  738,    0,  410,  788,  735,  187,  731,  176,  577,  949,   50,  148,  496,  778],
        [  663,  663,  522,  770,  211,  296,  548,  581,  120,  634,  170,  206,  811,  562,  813,  319,  408,  190,  503,  190,  369,  248,  147,  750,  438,  739,  676,  669,  778,  820,  802,  632,  267,  825,  159,  699,  662,  441,  736,  606,  610,  343,  165,  169,  727,  529,  652,  410,    0,  513,  552,  572,  329,  394,  369,  764,  400,  278,  632,  480],
        [  764,  764,   11,  909,  393,  556,  793,  222,  398,  976,  378,  552,  802,  599,  947,  241,  248,  685,  619,  570,  589,  711,  659,  856,  493,  597,  696,  955,  825,  350,  327, 1084,  257,  669,  659,  751,  856,  466,  575,  989,  445,  172,  509,  370,  794,  729,  347,  788,  513,    0,  171,  975,  372,  655,  215,  288,  750,  717,  624,   55],
        [  633,  633,  177,  778,  493,  500,  698,   52,  433,  898,  459,  525,  646,  467,  813,  359,  168,  739,  506,  656,  714,  702,  688,  721,  384,  431,  552,  860,  678,  271,  255, 1047,  344,  501,  675,  610,  741,  354,  407,  925,  284,  242,  495,  386,  653,  627,  177,  735,  552,  171,    0,  919,  505,  580,  185,  220,  692,  696,  479,  217],
        [  508,  508,  985,  495,  781,  422,  302,  918,  631,  138,  733,  429,  697,  569,  523,  859,  755,  574,  482,  718,  910,  328,  482,  529,  562,  805,  609,  245,  615, 1168, 1159,  164,  793,  862,  434,  578,  384,  591,  823,   53,  778,  821,  479,  627,  570,  370,  911,  187,  572,  975,  919,    0,  899,  346,  764, 1130,  229,  295,  629,  964],
        [  898,  898,  375, 1026,  119,  563,  835,  553,  288,  953,  171,  498, 1003,  757, 1069,  147,  451,  419,  730,  257,  218,  576,  451,  992,  624,  858,  874,  974,  995,  721,  698,  958,  189,  942,  481,  913,  935,  611,  844,  932,  703,  274,  445,  322,  950,  796,  668,  731,  329,  372,  505,  899,    0,  675,  388,  659,  713,  605,  812,  319],
        [  289,  289,  666,  378,  565,  113,  160,  575,  388,  322,  506,  189,  466,  258,  421,  592,  420,  510,  168,  582,  761,  277,  402,  365,  218,  494,  341,  309,  411,  824,  815,  490,  522,  565,  350,  340,  269,  246,  506,  346,  440,  521,  236,  357,  358,  137,  567,  176,  394,  655,  580,  346,  675,    0,  440,  787,  127,  236,  330,  655],
        [  568,  568,  226,  710,  342,  344,  580,  213,  251,  761,  297,  350,  636,  408,  750,  247,   63,  557,  413,  488,  577,  522,  503,  663,  288,  471,  516,  741,  644,  456,  439,  881,  202,  554,  490,  566,  648,  264,  456,  776,  315,  122,  315,  201,  607,  518,  299,  577,  369,  215,  185,  764,  388,  440,    0,  403,  538,  520,  447,  221],
        [  793,  793,  285,  933,  675,  715,  891,  213,  644, 1099,  652,  744,  759,  635,  963,  526,  387,  947,  691,  848,  876,  921,  903,  871,  579,  520,  695, 1051,  811,   63,   40, 1263,  531,  563,  892,  755,  917,  549,  491, 1133,  414,  433,  714,  601,  797,  816,  258,  949,  764,  288,  220, 1130,  659,  787,  403,    0,  903,  915,  625,  341],
        [  374,  374,  760,  426,  597,  195,  183,  691,  431,  242,  543,  219,  563,  378,  466,  652,  527,  470,  287,  575,  764,  208,  361,  432,  343,  617,  448,  271,  496,  943,  933,  365,  584,  684,  306,  436,  304,  370,  630,  240,  566,  601,  272,  416,  444,  212,  690,   50,  400,  750,  692,  229,  713,  127,  538,  903,    0,  161,  448,  742],
        [  519,  519,  727,  584,  487,  222,  342,  707,  345,  367,  440,  171,  701,  487,  625,  573,  529,  312,  400,  433,  625,   48,  206,  585,  411,  716,  576,  422,  642,  962,  948,  371,  510,  792,  152,  575,  464,  432,  724,  330,  634,  553,  208,  352,  589,  358,  734,  148,  278,  717,  696,  295,  605,  236,  520,  915,  161,    0,  561,  698],
        [  171,  171,  633,  309,  731,  360,  332,  445,  566,  547,  672,  453,  192,   75,  339,  684,  391,  793,  163,  815,  962,  597,  693,  247,  197,  177,   74,  467,  202,  639,  640,  789,  625,  237,  648,  133,  310,  203,  197,  610,  211,  567,  475,  511,  176,  260,  367,  496,  632,  624,  479,  629,  812,  330,  447,  625,  448,  561,    0,  650],
        [  784,  784,   57,  927,  346,  551,  798,  269,  368,  974,  336,  538,  832,  620,  966,  191,  264,  646,  632,  523,  536,  690,  627,  877,  507,  636,  722,  958,  851,  403,  380, 1068,  217,  711,  631,  775,  868,  481,  614,  981,  481,  146,  492,  348,  817,  737,  394,  778,  480,   55,  217,  964,  319,  655,  221,  341,  742,  698,  650,    0]
    ]
}
