{
    "name": "random-28-8453",
    "comment": "size=28 seed=8453",
    "nodes": ["+0", "-0", "+1", "-1", "+2", "-2", "+3", "-3", "+4", "-4", "+5", "-5", "+6", "-6", "+7", "-7", "+8", "-8", "+9", "-9", "+10", "-10", "+11", "-11", "+12", "-12", "+13", "-13", "+14", "-14", "+15", "-15", "+16", "-16", "+17", "-17", "+18", "-18", "+19", "-19", "+20", "-20", "+21", "-21", "+22", "-22", "+23", "-23", "+24", "-24", "+25", "-25", "+26", "-26", "+27", "-27", "+28", "-28"],
    "precedence": {
        "+0": "-0",
        "+1": "-1",
        "+2": "-2",
        "+3": "-3",
        "+4": "-4",
        "+5": "-5",
        "+6": "-6",
        "+7": "-7",
        "+8": "-8",
        "+9": "-9",
        "+10": "-10",
        "+11": "-11",
        "+12": "-12",
        "+13": "-13",
        "+14": "-14",
        "+15": "-15",
        "+16": "-16",
        "+17": "-17",
        "+18": "-18",
        "+19": "-19",
        "+20": "-20",
        "+21": "-21",
        "+22": "-22",
        "+23": "-23",
        "+24": "-24",
        "+25": "-25",
        "+26": "-26",
        "+27": "-27",
        "+28": "-28"
    },
    "edges": [
        [    0,    0,  767,  733,  536,  593,  906,  784,  809,  300,  498,  882,  245,  444,  226,  853,  574,  276,  857,  204, 1009,  964,  761,  381,  396,  259,  466,  427,  139,  629,  146,  568,  852,  764,  578,  509,  553,  793,  895,  919,  783,  979,  446,  780,  616,  496,  471,  430,  511,  455,  633,  966,  117,  738,  301,  651, 1058,  739],
        [    0,    0,  767,  733,  536,  593,  906,  784,  809,  300,  498,  882,  245,  444,  226,  853,  574,  276,  857,  204, 1009,  964,  761,  381,  396,  259,  466,  427,  139,  629,  146,  568,  852,  764,  578,  509,  553,  793,  895,  919,  783,  979,  446,  780,  616,  496,  471,  430,  511,  455,  633,  966,  117,  738,  301,  651, 1058,  739],
        [  767,  767,    0,  277, 1010,  480,  528,  536,  172,  488,  480,  464,  825, 1005,  722,   97,  242,  897,  136,  859,  757,  713,  178,  699,  440,  552,  389,  655,  747,  182,  737,  723,   86,  374,  746,  321,  508,  624,  566,  190,  826,  644,  383,  566,  418,  379,  944,  746,  285,  350,  206,  594,  651,  626,  466,  508,  294,   30],
        [  733,  733,  277,    0,  822,  246,  269,  260,  144,  434,  636,  211,  705,  844,  771,  353,  408,  775,  406,  758,  488,  442,  106,  804,  339,  477,  520,  472,  764,  376,  653,  495,  307,   99,  517,  462,  287,  348,  298,  268,  561,  384,  498,  290,  181,  526,  764,  560,  408,  456,  410,  340,  623,  356,  467,  252,  485,  279],
        [  536,  536, 1010,  822,    0,  579,  833,  692,  956,  582,  964,  848,  293,  121,  759, 1107,  924,  269, 1138,  339,  800,  773,  906,  910,  581,  519,  886,  357,  675,  955,  413,  349, 1080,  786,  333,  895,  535,  637,  793, 1084,  469,  840,  855,  667,  642,  915,   74,  266,  867,  839,  977,  859,  564,  579,  662,  595, 1286,  992],
        [  593,  593,  480,  246,  579,    0,  317,  193,  386,  333,  677,  303,  500,  611,  699,  571,  505,  565,  615,  563,  435,  387,  340,  778,  230,  342,  561,  241,  664,  503,  480,  251,  533,  211,  273,  525,   48,  224,  303,  512,  358,  387,  530,  194,   67,  578,  525,  323,  474,  492,  535,  374,  504,  188,  408,   63,  726,  471],
        [  906,  906,  528,  269,  833,  317,    0,  143,  361,  629,  897,   64,  810,  891,  992,  584,  675,  871,  643,  876,  234,  196,  352, 1047,  523,  651,  780,  541,  967,  645,  796,  485,  532,  177,  500,  726,  361,  206,   54,  439,  438,  117,  754,  166,  293,  788,  793,  608,  671,  713,  678,   72,  811,  257,  687,  267,  655,  536],
        [  784,  784,  536,  260,  692,  193,  143,    0,  391,  522,  836,  160,  672,  749,  889,  611,  634,  732,  665,  739,  255,  206,  363,  960,  417,  534,  717,  402,  856,  616,  666,  344,  562,  165,  360,  671,  231,   93,  114,  497,  326,  196,  689,   34,  191,  730,  651,  467,  617,  648,  649,  187,  696,  124,  591,  134,  720,  537],
        [  809,  809,  172,  144,  956,  386,  361,  391,    0,  511,  616,  298,  815,  970,  810,  225,  374,  887,  282,  862,  594,  552,   52,  815,  432,  565,  511,  602,  818,  326,  749,  636,  174,  226,  659,  445,  424,  482,  403,  129,  702,  477,  496,  423,  320,  508,  895,  691,  397,  456,  356,  426,  695,  496,  520,  395,  342,  187],
        [  300,  300,  488,  434,  582,  333,  629,  522,  511,    0,  406,  597,  345,  545,  367,  581,  346,  416,  597,  372,  768,  720,  462,  453,  107,   68,  310,  284,  339,  386,  250,  422,  571,  474,  441,  313,  306,  554,  627,  625,  620,  715,  277,  527,  338,  338,  510,  350,  286,  258,  402,  694,  190,  509,   93,  396,  782,  463],
        [  498,  498,  480,  636,  964,  677,  897,  836,  616,  406,    0,  845,  687,  902,  332,  524,  243,  743,  497,  678, 1090, 1041,  590,  240,  470,  457,  119,  689,  400,  298,  565,  824,  552,  720,  844,  175,  669,  895,  915,  669, 1010, 1006,  148,  852,  649,  111,  891,  753,  228,  188,  276,  969,  416,  865,  314,  735,  710,  452],
        [  882,  882,  464,  211,  848,  303,   64,  160,  298,  597,  845,    0,  802,  898,  955,  521,  619,  866,  579,  866,  298,  259,  289, 1002,  492,  624,  728,  538,  935,  586,  779,  500,  468,  128,  517,  672,  350,  241,  111,  376,  478,  180,  704,  191,  267,  735,  804,  612,  618,  662,  619,  131,  783,  283,  648,  262,  594,  474],
        [  245,  245,  825,  705,  293,  500,  810,  672,  815,  345,  687,  802,    0,  215,  467,  919,  688,   73,  939,   74,  859,  820,  764,  617,  389,  278,  622,  272,  383,  730,  123,  381,  904,  704,  383,  644,  453,  654,  785,  939,  585,  857,  594,  659,  546,  652,  226,  230,  626,  587,  746,  858,  276,  594,  406,  544, 1116,  801],
        [  444,  444, 1005,  844,  121,  611,  891,  749,  970,  545,  902,  898,  215,    0,  669, 1101,  891,  169, 1127,  241,  885,  854,  920,  824,  566,  478,  835,  373,  581,  929,  338,  410, 1080,  822,  399,  852,  564,  705,  856, 1098,  564,  912,  806,  727,  669,  865,  106,  289,  831,  796,  947,  926,  490,  645,  615,  638, 1290,  984],
        [  226,  226,  722,  771,  759,  699,  992,  889,  810,  367,  332,  955,  467,  669,    0,  793,  492,  501,  782,  429, 1133, 1086,  769,  158,  473,  368,  352,  595,   89,  553,  353,  742,  806,  828,  756,  413,  670,  918,  992,  900,  955, 1081,  346,  893,  702,  374,  692,  622,  439,  374,  546, 1058,  221,  870,  307,  761,  995,  693],
        [  853,  853,   97,  353, 1107,  571,  584,  611,  225,  581,  524,  521,  919, 1101,  793,    0,  302,  991,   60,  952,  818,  776,  249,  754,  536,  646,  448,  752,  824,  240,  830,  816,   54,  446,  840,  382,  600,  700,  627,  181,  911,  699,  448,  642,  507,  433, 1040,  842,  355,  419,  253,  647,  737,  707,  552,  595,  206,  118],
        [  574,  574,  242,  408,  924,  505,  675,  634,  374,  346,  243,  619,  688,  891,  492,  302,    0,  756,  292,  705,  883,  835,  351,  458,  353,  413,  148,  595,  528,   63,  581,  704,  321,  500,  726,   80,  511,  706,  700,  430,  860,  788,  146,  656,  461,  138,  852,  676,   63,  121,   60,  747,  463,  686,  286,  555,  504,  214],
        [  276,  276,  897,  775,  269,  565,  871,  732,  887,  416,  743,  866,   73,  169,  501,  991,  756,    0, 1011,   73,  909,  871,  836,  656,  461,  348,  685,  331,  413,  800,  181,  425,  976,  771,  424,  709,  518,  708,  845, 1011,  620,  913,  657,  717,  613,  715,  212,  275,  694,  652,  814,  917,  328,  647,  472,  606, 1188,  873],
        [  857,  857,  136,  406, 1138,  615,  643,  665,  282,  597,  497,  579,  939, 1127,  782,   60,  292, 1011,    0,  968,  876,  833,  303,  732,  561,  663,  432,  785,  819,  232,  845,  857,  114,  501,  881,  369,  642,  754,  685,  238,  960,  758,  437,  695,  553,  414, 1071,  875,  350,  413,  236,  706,  743,  758,  560,  642,  215,  148],
        [  204,  204,  859,  758,  339,  563,  876,  739,  862,  372,  678,  866,   74,  241,  429,  952,  705,   73,  968,    0,  932,  892,  811,  584,  431,  307,  625,  341,  341,  751,  125,  454,  941,  763,  456,  654,  517,  725,  853,  984,  658,  927,  599,  727,  606,  655,  278,  303,  642,  597,  764,  925,  263,  665,  419,  610, 1152,  834],
        [ 1009, 1009,  757,  488,  800,  435,  234,  255,  594,  768, 1090,  298,  859,  885, 1133,  818,  883,  909,  876,  932,    0,   50,  580, 1211,  664,  770,  971,  594, 1093,  860,  879,  485,  765,  390,  490,  924,  464,  217,  192,  672,  338,  126,  943,  243,  445,  984,  780,  634,  870,  903,  894,  181,  931,  272,  841,  373,  884,  764],
        [  964,  964,  713,  442,  773,  387,  196,  206,  552,  720, 1041,  259,  820,  854, 1086,  776,  835,  871,  833,  892,   50,    0,  536, 1163,  616,  724,  922,  553, 1047,  813,  836,  450,  724,  344,  457,  876,  417,  172,  149,  634,  320,  101,  894,  194,  396,  935,  749,  596,  821,  854,  847,  153,  885,  229,  793,  325,  849,  719],
        [  761,  761,  178,  106,  906,  340,  352,  363,   52,  462,  590,  289,  764,  920,  769,  249,  351,  836,  303,  811,  580,  536,    0,  781,  381,  515,  481,  552,  773,  307,  699,  590,  202,  199,  613,  417,  377,  452,  389,  179,  666,  468,  463,  393,  274,  480,  846,  642,  366,  423,  340,  419,  647,  461,  475,  354,  386,  185],
        [  381,  381,  699,  804,  910,  778, 1047,  960,  815,  453,  240, 1002,  617,  824,  158,  754,  458,  656,  732,  584, 1211, 1163,  781,    0,  550,  473,  311,  713,  247,  519,  499,  860,  777,  875,  876,  378,  756, 1001, 1055,  886, 1067, 1146,  320,  969,  769,  322,  841,  752,  421,  359,  502, 1116,  354,  960,  371,  841,  947,  670],
        [  396,  396,  440,  339,  581,  230,  523,  417,  432,  107,  470,  492,  389,  566,  473,  536,  353,  461,  561,  431,  664,  616,  381,  550,    0,  139,  361,  242,  445,  377,  319,  359,  517,  370,  381,  344,  208,  452,  520,  553,  541,  609,  328,  422,  231,  384,  512,  325,  303,  297,  401,  588,  292,  411,  179,  292,  728,  418],
        [  259,  259,  552,  477,  519,  342,  651,  534,  565,   68,  457,  624,  278,  478,  368,  646,  413,  348,  663,  307,  770,  724,  515,  473,  139,    0,  369,  243,  324,  453,  187,  388,  634,  505,  404,  377,  307,  554,  643,  682,  594,  729,  337,  534,  359,  397,  446,  297,  353,  321,  470,  712,  162,  504,  145,  402,  845,  528],
        [  466,  466,  389,  520,  886,  561,  780,  717,  511,  310,  119,  728,  622,  835,  352,  448,  148,  685,  432,  625,  971,  922,  481,  311,  361,  369,    0,  590,  398,  210,  505,  718,  468,  603,  739,   68,  554,  777,  797,  576,  899,  888,   34,  734,  531,   31,  813,  659,  115,   70,  197,  851,  366,  748,  224,  618,  647,  360],
        [  427,  427,  655,  472,  357,  241,  541,  402,  602,  284,  689,  538,  272,  373,  595,  752,  595,  331,  785,  341,  594,  553,  552,  713,  242,  243,  590,    0,  534,  617,  289,  148,  724,  451,  163,  581,  193,  384,  515,  730,  361,  586,  557,  388,  297,  616,  294,   91,  543,  531,  642,  587,  375,  325,  376,  276,  930,  638],
        [  139,  139,  747,  764,  675,  664,  967,  856,  818,  339,  400,  935,  383,  581,   89,  824,  528,  413,  819,  341, 1093, 1047,  773,  247,  445,  324,  398,  534,    0,  588,  274,  680,  832,  811,  692,  454,  630,  877,  963,  916,  895, 1050,  386,  857,  675,  424,  609,  552,  471,  407,  586, 1031,  164,  826,  300,  725, 1029,  718],
        [  629,  629,  182,  376,  955,  503,  645,  616,  326,  386,  298,  586,  730,  929,  553,  240,   63,  800,  232,  751,  860,  813,  307,  519,  377,  453,  210,  617,  588,    0,  627,  716,  259,  472,  739,  143,  515,  692,  673,  372,  860,  760,  208,  639,  453,  197,  885,  701,  119,  181,   35,  715,  516,  678,  335,  549,  442,  155],
        [  146,  146,  737,  653,  413,  480,  796,  666,  749,  250,  565,  779,  123,  338,  353,  830,  581,  181,  845,  125,  879,  836,  699,  499,  319,  187,  505,  289,  274,  627,    0,  426,  820,  669,  434,  531,  436,  665,  779,  868,  640,  859,  477,  659,  514,  535,  343,  285,  518,  474,  639,  851,  153,  608,  295,  533, 1031,  712],
        [  568,  568,  723,  495,  349,  251,  485,  344,  636,  422,  824,  500,  381,  410,  742,  816,  704,  425,  857,  454,  485,  450,  590,  860,  359,  388,  718,  148,  680,  716,  426,    0,  781,  445,   24,  702,  217,  296,  448,  762,  215,  503,  685,  320,  317,  742,  309,  152,  659,  656,  745,  516,  522,  236,  514,  252,  976,  711],
        [  852,  852,   86,  307, 1080,  533,  532,  562,  174,  571,  552,  468,  904, 1080,  806,   54,  321,  976,  114,  941,  765,  724,  202,  777,  517,  634,  468,  724,  832,  259,  820,  781,    0,  397,  804,  401,  565,  653,  575,  131,  867,  647,  465,  594,  468,  456, 1015,  815,  367,  433,  278,  594,  736,  662,  551,  553,  212,  114],
        [  764,  764,  374,   99,  786,  211,  177,  165,  226,  474,  720,  128,  704,  822,  828,  446,  500,  771,  501,  763,  390,  344,  199,  875,  370,  505,  603,  451,  811,  472,  669,  445,  397,    0,  466,  549,  258,  256,  201,  337,  480,  289,  578,  197,  159,  611,  734,  534,  494,  536,  506,  249,  661,  273,  522,  193,  559,  378],
        [  578,  578,  746,  517,  333,  273,  500,  360,  659,  441,  844,  517,  383,  399,  756,  840,  726,  424,  881,  456,  490,  457,  613,  876,  381,  404,  739,  163,  692,  739,  434,   24,  804,  466,    0,  724,  240,  307,  461,  784,  207,  514,  706,  335,  339,  764,  297,  154,  681,  677,  768,  529,  535,  248,  533,  273,  999,  734],
        [  509,  509,  321,  462,  895,  525,  726,  671,  445,  313,  175,  672,  644,  852,  413,  382,   80,  709,  369,  654,  924,  876,  417,  378,  344,  377,   68,  581,  454,  143,  531,  702,  401,  549,  724,    0,  524,  736,  746,  508,  872,  836,   68,  690,  489,   64,  822,  657,   55,   58,  133,  797,  402,  711,  238,  580,  582,  293],
        [  553,  553,  508,  287,  535,   48,  361,  231,  424,  306,  669,  350,  453,  564,  670,  600,  511,  518,  642,  517,  464,  417,  377,  756,  208,  307,  554,  193,  630,  515,  436,  217,  565,  258,  240,  524,    0,  249,  344,  552,  349,  426,  522,  228,  107,  574,  479,  277,  475,  487,  546,  416,  468,  204,  386,   98,  762,  496],
        [  793,  793,  624,  348,  637,  224,  206,   93,  482,  554,  895,  241,  654,  705,  918,  700,  706,  708,  754,  725,  217,  172,  452, 1001,  452,  554,  777,  384,  877,  692,  665,  296,  653,  256,  307,  736,  249,    0,  159,  589,  238,  208,  747,   60,  247,  793,  604,  435,  683,  708,  726,  223,  714,   62,  631,  162,  812,  623],
        [  895,  895,  566,  298,  793,  303,   54,  114,  403,  627,  915,  111,  785,  856,  992,  627,  700,  845,  685,  853,  192,  149,  389, 1055,  520,  643,  797,  515,  963,  673,  779,  448,  575,  201,  461,  746,  344,  159,    0,  487,  387,   92,  771,  130,  290,  807,  756,  577,  691,  729,  707,   73,  804,  215,  690,  247,  705,  573],
        [  919,  919,  190,  268, 1084,  512,  439,  497,  129,  625,  669,  376,  939, 1098,  900,  181,  430, 1011,  238,  984,  672,  634,  179,  886,  553,  682,  576,  730,  916,  372,  868,  762,  131,  337,  784,  508,  552,  589,  487,    0,  817,  548,  567,  530,  447,  567, 1023,  819,  468,  531,  395,  494,  803,  609,  623,  518,  223,  218],
        [  783,  783,  826,  561,  469,  358,  438,  326,  702,  620, 1010,  478,  585,  564,  955,  911,  860,  620,  960,  658,  338,  320,  666, 1067,  541,  594,  899,  361,  895,  860,  640,  215,  867,  480,  207,  872,  349,  238,  387,  817,    0,  404,  866,  292,  413,  920,  459,  359,  824,  832,  892,  439,  735,  208,  710,  319, 1039,  820],
        [  979,  979,  644,  384,  840,  387,  117,  196,  477,  715, 1006,  180,  857,  912, 1081,  699,  788,  913,  758,  927,  126,  101,  468, 1146,  609,  729,  888,  586, 1050,  760,  859,  503,  647,  289,  514,  836,  426,  208,   92,  548,  404,    0,  862,  201,  380,  898,  810,  642,  781,  820,  793,   56,  891,  269,  780,  329,  759,  653],
        [  446,  446,  383,  498,  855,  530,  754,  689,  496,  277,  148,  704,  594,  806,  346,  448,  146,  657,  437,  599,  943,  894,  463,  320,  328,  337,   34,  557,  386,  208,  477,  685,  465,  578,  706,   68,  522,  747,  771,  567,  866,  862,    0,  704,  501,   61,  782,  627,  101,   43,  201,  826,  342,  717,  193,  588,  649,  354],
        [  780,  780,  566,  290,  667,  194,  166,   34,  423,  527,  852,  191,  659,  727,  893,  642,  656,  717,  695,  727,  243,  194,  393,  969,  422,  534,  734,  388,  857,  639,  659,  320,  594,  197,  335,  690,  228,   60,  130,  530,  292,  201,  704,    0,  204,  748,  628,  448,  636,  665,  673,  201,  696,   93,  599,  132,  753,  566],
        [  616,  616,  418,  181,  642,   67,  293,  191,  320,  338,  649,  267,  546,  669,  702,  507,  461,  613,  553,  606,  445,  396,  274,  769,  231,  359,  531,  297,  675,  453,  514,  317,  468,  159,  339,  489,  107,  247,  290,  447,  413,  380,  501,  204,    0,  546,  586,  383,  436,  462,  486,  357,  519,  226,  401,   96,  660,  410],
        [  496,  496,  379,  526,  915,  578,  788,  730,  508,  338,  111,  735,  652,  865,  374,  433,  138,  715,  414,  655,  984,  935,  480,  322,  384,  397,   31,  616,  424,  197,  535,  742,  456,  611,  764,   64,  574,  793,  807,  567,  920,  898,   61,  748,  546,    0,  842,  687,  118,   88,  181,  860,  396,  765,  253,  635,  628,  351],
        [  471,  471,  944,  764,   74,  525,  793,  651,  895,  510,  891,  804,  226,  106,  692, 1040,  852,  212, 1071,  278,  780,  749,  846,  841,  512,  446,  813,  294,  609,  885,  343,  309, 1015,  734,  297,  822,  479,  604,  756, 1023,  459,  810,  782,  628,  586,  842,    0,  205,  795,  767,  906,  825,  493,  544,  589,  546, 1223,  925],
        [  430,  430,  746,  560,  266,  323,  608,  467,  691,  350,  753,  612,  230,  289,  622,  842,  676,  275,  875,  303,  634,  596,  642,  752,  325,  297,  659,   91,  552,  701,  285,  152,  815,  534,  154,  657,  277,  435,  577,  819,  359,  642,  627,  448,  383,  687,  205,    0,  622,  605,  725,  648,  402,  374,  440,  351, 1020,  728],
        [  511,  511,  285,  408,  867,  474,  671,  617,  397,  286,  228,  618,  626,  831,  439,  355,   63,  694,  350,  642,  870,  821,  366,  421,  303,  353,  115,  543,  471,  119,  518,  659,  367,  494,  681,   55,  475,  683,  691,  468,  824,  781,  101,  636,  436,  118,  795,  622,    0,   66,  123,  743,  400,  659,  223,  528,  559,  256],
        [  455,  455,  350,  456,  839,  492,  713,  648,  456,  258,  188,  662,  587,  796,  374,  419,  121,  652,  413,  597,  903,  854,  423,  359,  297,  321,   70,  531,  407,  181,  474,  656,  433,  536,  677,   58,  487,  708,  729,  531,  832,  820,   43,  665,  462,   88,  767,  605,   66,    0,  180,  784,  347,  679,  181,  549,  623,  321],
        [  633,  633,  206,  410,  977,  535,  678,  649,  356,  402,  276,  619,  746,  947,  546,  253,   60,  814,  236,  764,  894,  847,  340,  502,  401,  470,  197,  642,  586,   35,  639,  745,  278,  506,  768,  133,  546,  726,  707,  395,  892,  793,  201,  673,  486,  181,  906,  725,  123,  180,    0,  749,  523,  711,  346,  581,  450,  179],
        [  966,  966,  594,  340,  859,  374,   72,  187,  426,  694,  969,  131,  858,  926, 1058,  647,  747,  917,  706,  925,  181,  153,  419, 1116,  588,  712,  851,  587, 1031,  715,  851,  516,  594,  249,  529,  797,  416,  223,   73,  494,  439,   56,  826,  201,  357,  860,  825,  648,  743,  784,  749,    0,  874,  282,  755,  319,  704,  604],
        [  117,  117,  651,  623,  564,  504,  811,  696,  695,  190,  416,  783,  276,  490,  221,  737,  463,  328,  743,  263,  931,  885,  647,  354,  292,  162,  366,  375,  164,  516,  153,  522,  736,  661,  535,  402,  468,  714,  804,  803,  735,  891,  342,  696,  519,  396,  493,  402,  400,  347,  523,  874,    0,  663,  185,  564,  942,  624],
        [  738,  738,  626,  356,  579,  188,  257,  124,  496,  509,  865,  283,  594,  645,  870,  707,  686,  647,  758,  665,  272,  229,  461,  960,  411,  504,  748,  325,  826,  678,  608,  236,  662,  273,  248,  711,  204,   62,  215,  609,  208,  269,  717,   93,  226,  765,  544,  374,  659,  679,  711,  282,  663,    0,  590,  132,  832,  622],
        [  301,  301,  466,  467,  662,  408,  687,  591,  520,   93,  314,  648,  406,  615,  307,  552,  286,  472,  560,  419,  841,  793,  475,  371,  179,  145,  224,  376,  300,  335,  295,  514,  551,  522,  533,  238,  386,  631,  690,  623,  710,  780,  193,  599,  401,  253,  589,  440,  223,  181,  346,  755,  185,  590,    0,  470,  757,  439],
        [  651,  651,  508,  252,  595,   63,  267,  134,  395,  396,  735,  262,  544,  638,  761,  595,  555,  606,  642,  610,  373,  325,  354,  841,  292,  402,  618,  276,  725,  549,  533,  252,  553,  193,  273,  580,   98,  162,  247,  518,  319,  329,  588,  132,   96,  635,  546,  351,  528,  549,  581,  319,  564,  132,  470,    0,  736,  502],
        [ 1058, 1058,  294,  485, 1286,  726,  655,  720,  342,  782,  710,  594, 1116, 1290,  995,  206,  504, 1188,  215, 1152,  884,  849,  386,  947,  728,  845,  647,  930, 1029,  442, 1031,  976,  212,  559,  999,  582,  762,  812,  705,  223, 1039,  759,  649,  753,  660,  628, 1223, 1020,  559,  623,  450,  704,  942,  832,  757,  736,    0,  320],
        [  739,  739,   30,  279,  992,  471,  536,  537,  187,  463,  452,  474,  801,  984,  693,  118,  214,  873,  148,  834,  764,  719,  185,  670,  418,  528,  360,  638,  718,  155,  712,  711,  114,  378,  734,  293,  496,  623,  573,  218,  820,  653,  354,  566,  410,  351,  925,  728,  256,  321,  179,  604,  624,  622,  439,  502,  320,    0]
    ]
}
