{
    "name": "random-80-8332",
    "comment": "size=80 seed=8332",
    "nodes": ["+0", "-0", "+1", "-1", "+2", "-2", "+3", "-3", "+4", "-4", "+5", "-5", "+6", "-6", "+7", "-7", "+8", "-8", "+9", "-9", "+10", "-10", "+11", "-11", "+12", "-12", "+13", "-13", "+14", "-14", "+15", "-15", "+16", "-16", "+17", "-17", "+18", "-18", "+19", "-19", "+20", "-20", "+21", "-21", "+22", "-22", "+23", "-23", "+24", "-24", "+25", "-25", "+26", "-26", "+27", "-27", "+28", "-28", "+29", "-29", "+30", "-30", "+31", "-31", "+32", "-32", "+33", "-33", "+34", "-34", "+35", "-35", "+36", "-36", "+37", "-37", "+38", "-38", "+39", "-39", "+40", "-40", "+41", "-41", "+42", "-42", "+43", "-43", "+44", "-44", "+45", "-45", "+46", "-46", "+47", "-47", "+48", "-48", "+49", "-49", "+50", "-50", "+51", "-51", "+52", "-52", "+53", "-53", "+54", "-54", "+55", "-55", "+56", "-56", "+57", "-57", "+58", "-58", "+59", "-59", "+60", "-60", "+61", "-61", "+62", "-62", "+63", "-63", "+64", "-64", "+65", "-65", "+66", "-66", "+67", "-67", "+68", "-68", "+69", "-69", "+70", "-70", "+71", "-71", "+72", "-72", "+73", "-73", "+74", "-74", "+75", "-75", "+76", "-76", "+77", "-77", "+78", "-78", "+79", "-79", "+80", "-80"],
    "precedence": {
        "+0": "-0",
        "+1": "-1",
        "+2": "-2",
        "+3": "-3",
        "+4": "-4",
        "+5": "-5",
        "+6": "-6",
        "+7": "-7",
        "+8": "-8",
        "+9": "-9",
        "+10": "-10",
        "+11": "-11",
        "+12": "-12",
        "+13": "-13",
        "+14": "-14",
        "+15": "-15",
        "+16": "-16",
        "+17": "-17",
        "+18": "-18",
        "+19": "-19",
        "+20": "-20",
        "+21": "-21",
        "+22": "-22",
        "+23": "-23",
        "+24": "-24",
        "+25": "-25",
        "+26": "-26",
        "+27": "-27",
        "+28": "-28",
        "+29": "-29",
        "+30": "-30",
        "+31": "-31",
        "+32": "-32",
        "+33": "-33",
        "+34": "-34",
        "+35": "-35",
        "+36": "-36",
        "+37": "-37",
        "+38": "-38",
        "+39": "-39",
        "+40": "-40",
        "+41": "-41",
        "+42": "-42",
        "+43": "-43",
        "+44": "-44",
        "+45": "-45",
        "+46": "-46",
        "+47": "-47",
        "+48": "-48",
        "+49": "-49",
        "+50": "-50",
        "+51": "-51",
        "+52": "-52",
        "+53": "-53",
        "+54": "-54",
        "+55": "-55",
        "+56": "-56",
        "+57": "-57",
        "+58": "-58",
        "+59": "-59",
        "+60": "-60",
        "+61": "-61",
        "+62": "-62",
        "+63": "-63",
        "+64": "-64",
        "+65": "-65",
        "+66": "-66",
        "+67": "-67",
        "+68": "-68",
        "+69": "-69",
        "+70": "-70",
        "+71": "-71",
        "+72": "-72",
        "+73": "-73",
        "+74": "-74",
        "+75": "-75",
        "+76": "-76",
        "+77": "-77",
        "+78": "-78",
        "+79": "-79",
        "+80": "-80"
    },
    "edges": [
        [    0,    0,  199,  325,  862,   13,  863,  603,  567,  615,  974,  525,  419,  700,  569,  812,  309,   78,  267,  103,  691,  778, 1080,  743,  529,  630,  814,  626,   65,  506,  871,  405,  676,  770,  302,  632,  630,  204,  491,  407,  547,  504,  679,  889,  762,  490,  105,  984,  671,  804,  820,  105,  601,  764,  413,  861,  886,  388,  784,  789,   44,  700,  197,   84,  140,  696,  799,  926,  646,  333,  899,  562,  638,  708,  643,  558,  741,  836,  749,  618,  211,  239,  954,  906, 1048,  398,  972,  769,  738,  774,  177,  834,  729,  578,  439,  248,  243,  761,  152,  890, 1051,  427,  713,  888,  889,  396,  761,  837, 1080,  433,  859,  109,  318,  436,  875,  904, 1105,  964,  551,  896,  740,  329,  588,  185,  349,  316,  290,  196,  371,  503,  210,  135,  725,  321,  110,  756,  569,  213,  175,  188,  883,  920,   92,  644,  172,  672,  834,  584,  366, 1007,  785,  736,  597,  562,  317,  869,  981,  799,  341,  646,  101,  363],
        [    0,    0,    0,    0,    0,    0,    0,    0,    0,    0,    0,    0,    0,    0,    0,    0,    0,    0,    0,    0,    0,    0,    0,    0,    0,    0,    0,    0,    0,    0,    0,    0,    0,    0,    0,    0,    0,    0,    0,    0,    0,    0,    0,    0,    0,    0,    0,    0,    0,    0,    0,    0,    0,    0,    0,    0,    0,    0,    0,    0,    0,    0,    0,    0,    0,    0,    0,    0,    0,    0,    0,    0,    0,    0,    0,    0,    0,    0,    0,    0,    0,    0,    0,    0,    0,    0,    0,    0,    0,    0,    0,    0,    0,    0,    0,    0,    0,    0,    0,    0,    0,    0,    0,    0,    0,    0,    0,    0,    0,    0,    0,    0,    0,    0,    0,    0,    0,    0,    0,    0,    0,    0,    0,    0,    0,    0,    0,    0,    0,    0,    0,    0,    0,    0,    0,    0,    0,    0,    0,    0,    0,    0,    0,    0,    0,    0,    0,    0,    0,    0,    0,    0,    0,    0,    0,    0,    0,    0,    0,    0,    0,    0],
        [  199,    0,    0,  148,  665,  192,  711,  611,  482,  458,  892,  438,  296,  532,  417,  711,  129,  164,  109,  234,  623,  821,  959,  546,  336,  577,  711,  438,  151,  572,  754,  217,  630,  830,  412,  444,  560,  297,  292,  237,  572,  306,  484,  744,  565,  560,  130,  868,  614,  646,  723,  190,  404,  721,  214,  670,  753,  197,  849,  590,  178,  685,  206,  153,  260,  590,  632,  798,  451,  178,  778,  438,  445,  589,  566,  367,  552,  740,  637,  585,  139,   99,  868,  792,  919,  440,  874,  593,  738,  588,   41,  785,  641,  380,  240,  104,  114,  644,  169,  816,  955,  361,  525,  811,  698,  389,  830,  694,  963,  465,  662,  236,  373,  496,  764,  722,  965,  823,  553,  838,  541,  336,  509,  184,  448,  155,   93,  136,  175,  564,  309,   76,  571,  169,  267,  719,  634,  354,   26,  192,  828,  734,  255,  490,  278,  571,  663,  386,  437,  924,  677,  546,  585,  365,  207,  682,  815,  720,  428,  626,  133,  200],
        [  325,    0,  148,    0,  584,  320,  718,  735,  564,  473,  959,  521,  368,  525,  442,  769,   19,  308,   61,  321,  708,  952,  993,  463,  210,  674,  768,  398,  264,  713,  797,  210,  729,  967,  560,  403,  647,  344,  215,  265,  703,  221,  418,  759,  486,  701,  276,  907,  707,  647,  783,  273,  334,  818,  136,  609,  780,  192,  987,  500,  314,  797,  233,  297,  333,  650,  622,  828,  386,   50,  815,  491,  388,  637,  648,  236,  501,  801,  689,  692,  151,  215,  933,  836,  946,  579,  930,  567,  855,  542,  151,  877,  711,  275,  171,  215,   96,  691,  316,  892, 1010,  465,  479,  883,  636,  516,  969,  712, 1000,  601,  581,  381,  516,  637,  810,  683,  979,  840,  677,  923,  441,  471,  593,  329,  595,  224,  121,  276,  159,  704,  457,  191,  581,  244,  409,  819,  774,  500,  162,  336,  915,  687,  353,  507,  338,  636,  646,  306,  581,  989,  730,  494,  701,  296,  307,  633,  800,  794,  574,  737,  278,  250],
        [  862,    0,  665,  584,    0,  853,  422,  918,  637,  392,  820,  626,  556,  316,  426,  653,  592,  809,  641,  892,  724, 1137,  708,  122,  398,  753,  646,  259,  815, 1010,  607,  461,  794, 1188,  969,  254,  699,  927,  376,  482,  932,  366,  185,  472,  101, 1008,  771,  669,  756,  367,  669,  844,  262,  848,  459,   96,  532,  477, 1213,   95,  832,  904,  817,  797,  910,  593,  316,  577,  218,  613,  597,  519,  230,  544,  680,  390,  163,  682,  583,  807,  734,  636,  790,  636,  644,  891,  749,  245,  973,  167,  695,  868,  668,  315,  428,  628,  677,  566,  768,  806,  809,  672,  193,  788,  105,  788, 1206,  463,  726,  887,    4,  865,  873,  952,  632,  217,  619,  531,  875,  872,  164,  794,  658,  755,  979,  564,  573,  705,  492,  997,  889,  738,  385,  569,  903,  865, 1051,  958,  690,  760,  874,  186,  917,  399,  919,  604,  294,  282,  934,  836,  610,  162,  857,  301,  617,  157,  383,  735,  949,  858,  775,  526],
        [   13,    0,  192,  320,  853,    0,  851,  593,  555,  604,  962,  513,  407,  689,  558,  800,  304,   66,  263,  113,  680,  770, 1068,  734,  523,  618,  802,  616,   65,  498,  858,  396,  664,  762,  296,  622,  618,  213,  483,  396,  538,  497,  670,  877,  753,  482,   93,  972,  660,  793,  808,  111,  592,  753,  405,  852,  874,  378,  777,  781,   32,  690,  201,   72,  150,  684,  787,  914,  637,  331,  887,  550,  628,  695,  631,  553,  731,  824,  737,  607,  211,  228,  942,  894, 1036,  388,  960,  759,  728,  764,  172,  822,  718,  571,  431,  237,  241,  749,  140,  878, 1039,  415,  703,  876,  879,  385,  754,  825, 1068,  423,  850,  101,  309,  428,  863,  893, 1094,  952,  541,  884,  732,  318,  577,  173,  342,  305,  282,  184,  362,  495,  202,  130,  713,  310,  106,  745,  561,  209,  168,  177,  872,  909,  103,  632,  182,  660,  822,  576,  358,  995,  773,  726,  587,  553,  305,  859,  969,  787,  334,  636,   89,  352],
        [  863,    0,  711,  718,  422,  851,    0,  632,  378,  253,  403,  397,  446,  198,  296,  260,  714,  788,  751,  934,  387,  816,  303,  434,  633,  446,  252,  348,  844,  779,  193,  512,  467,  881,  829,  345,  394, 1007,  531,  475,  672,  536,  392,   53,  414,  784,  758,  250,  429,   75,  274,  896,  444,  489,  590,  329,  112,  532,  906,  467,  821,  575,  913,  780,  965,  261,  118,  156,  405,  765,  177,  313,  384,  214,  370,  647,  310,  283,  220,  506,  834,  631,  373,  217,  244,  699,  328,  198,  639,  276,  751,  487,  312,  555,  557,  623,  784,  197,  722,  403,  388,  492,  304,  383,  331,  600,  907,   56,  318,  677,  422,  814,  719,  745,  218,  226,  262,  128,  608,  474,  510,  641,  382,  694,  817,  559,  635,  668,  564,  766,  788,  782,  141,  549,  852,  510,  798,  862,  734,  694,  479,  269,  945,  222,  987,  285,  129,  481,  759,  416,  227,  317,  568,  466,  547,  270,  147,  353,  787,  547,  762,  512],
        [  603,    0,  611,  735,  918,  593,  632,    0,  283,  526,  478,  294,  411,  610,  494,  414,  718,  537,  716,  705,  253,  229,  676,  847,  829,  186,  421,  678,  636,  183,  505,  597,  178,  271,  359,  682,  239,  806,  715,  532,   69,  732,  767,  620,  846,  197,  537,  585,  209,  624,  410,  697,  740,  221,  696,  856,  574,  601,  296,  901,  565,  116,  773,  539,  742,  372,  658,  584,  748,  778,  542,  400,  724,  420,  263,  861,  756,  416,  416,  126,  737,  522,  473,  521,  678,  212,  520,  694,  136,  758,  638,  287,  330,  809,  689,  521,  724,  439,  473,  388,  579,  285,  726,  398,  875,  223,  289,  579,  665,  173,  916,  498,  289,  202,  492,  813,  766,  656,   58,  357,  897,  282,  265,  444,  317,  520,  616,  478,  622,  173,  405,  633,  562,  501,  515,  201,  176,  447,  615,  437,  342,  850,  689,  523,  774,  348,  700,  756,  265,  509,  423,  757,   65,  722,  431,  822,  778,  339,  301,   96,  539,  515],
        [  567,    0,  482,  564,  637,  555,  378,  283,    0,  245,  412,   45,  197,  328,  218,  246,  551,  490,  567,  659,  144,  502,  521,  572,  600,  127,  248,  405,  572,  405,  314,  379,  179,  552,  461,  408,   86,  750,  479,  312,  306,  494,  493,  381,  569,  409,  470,  423,  149,  354,  254,  633,  477,  261,  484,  574,  353,  390,  577,  625,  524,  277,  682,  485,  695,  138,  383,  382,  477,  613,  348,  121,  452,  170,   85,  629,  475,  269,  194,  173,  620,  384,  390,  346,  499,  322,  405,  413,  346,  476,  520,  315,  163,  562,  467,  379,  588,  212,  416,  335,  484,  142,  446,  329,  593,  229,  571,  331,  519,  300,  635,  490,  352,  368,  314,  535,  571,  438,  245,  360,  627,  280,   31,  383,  444,  343,  447,  382,  419,  392,  439,  535,  285,  324,  524,  268,  432,  509,  497,  380,  352,  571,  658,  241,  723,  111,  425,  499,  384,  445,  224,  477,  221,  467,  276,  541,  523,  238,  415,  225,  474,  315],
        [  615,    0,  458,  473,  392,  604,  253,  526,  245,    0,  523,  235,  210,   97,   49,  331,  467,  543,  502,  683,  348,  746,  522,  331,  425,  365,  327,  171,  593,  628,  334,  264,  410,  796,  624,  172,  312,  754,  309,  223,  542,  319,  255,  289,  326,  628,  511,  440,  373,  190,  347,  644,  260,  475,  352,  334,  308,  283,  821,  383,  575,  517,  660,  535,  713,  230,  187,  357,  246,  521,  347,  127,  220,  195,  296,  447,  230,  364,  247,  416,  582,  380,  494,  373,  474,  520,  477,  183,  587,  234,  498,  509,  308,  364,  322,  372,  533,  240,  480,  478,  555,  296,  201,  464,  355,  415,  814,  241,  530,  509,  391,  576,  519,  576,  352,  319,  510,  369,  484,  531,  392,  437,  268,  456,  623,  307,  383,  423,  316,  615,  566,  530,  113,  297,  615,  489,  664,  639,  481,  457,  528,  348,  695,   35,  734,  232,  226,  291,  570,  549,  286,  232,  465,  265,  305,  309,  366,  388,  593,  468,  515,  259],
        [  974,    0,  892,  959,  820,  962,  403,  478,  412,  523,    0,  456,  599,  538,  535,  194,  948,  897,  970, 1068,  284,  560,  237,  813,  947,  353,  197,  684,  982,  661,  214,  757,  320,  636,  809,  683,  344, 1161,  828,  696,  544,  840,  754,  357,  797,  674,  880,  184,  311,  454,  179, 1044,  780,  258,  858,  729,  292,  772,  658,  854,  930,  369, 1093,  893, 1105,  310,  505,  257,  755, 1009,  227,  468,  731,  331,  332,  970,  689,  161,  278,  386, 1030,  794,   31,  186,  271,  653,   84,  581,  399,  663,  930,  199,  251,  886,  834,  789,  994,  284,  823,   92,  104,  548,  674,   88,  733,  596,  669,  357,  218,  617,  820,  888,  713,  668,  189,  628,  363,  327,  495,  137,  886,  661,  388,  790,  776,  746,  847,  793,  804,  651,  820,  946,  457,  728,  917,  279,  647,  881,  908,  786,  151,  670, 1065,  494, 1134,  324,  528,  813,  717,   34,  238,  695,  437,  787,  686,  672,  503,  176,  753,  387,  883,  711],
        [  525,    0,  438,  521,  626,  513,  397,  294,   45,  235,  456,    0,  155,  325,  201,  287,  508,  447,  523,  616,  187,  519,  560,  554,  565,  160,  289,  385,  528,  398,  351,  341,  214,  564,  433,  388,  126,  707,  445,  273,  307,  461,  474,  405,  553,  400,  427,  462,  188,  367,  296,  589,  452,  300,  445,  569,  383,  350,  589,  608,  481,  305,  638,  443,  652,  174,  390,  416,  456,  570,  383,  109,  431,  198,  129,  595,  464,  312,  229,  196,  576,  340,  434,  385,  534,  303,  448,  411,  372,  469,  475,  356,  207,  531,  430,  335,  544,  245,  374,  379,  527,  104,  434,  373,  589,  203,  581,  354,  558,  284,  624,  451,  324,  353,  353,  539,  603,  467,  249,  403,  606,  248,   73,  341,  420,  300,  404,  338,  379,  384,  404,  490,  293,  280,  485,  304,  430,  475,  453,  339,  395,  574,  615,  237,  680,  149,  432,  471,  362,  489,  263,  465,  235,  439,  231,  540,  541,  283,  390,  248,  431,  273],
        [  419,    0,  296,  368,  556,  407,  446,  411,  197,  210,  599,  155,    0,  305,  162,  416,  355,  343,  373,  498,  340,  640,  669,  463,  421,  311,  416,  298,  407,  462,  461,  191,  366,  674,  421,  303,  281,  581,  305,  124,  402,  322,  382,  471,  468,  458,  315,  575,  342,  393,  428,  464,  338,  454,  294,  520,  469,  198,  697,  517,  377,  447,  500,  336,  531,  295,  396,  511,  356,  417,  487,  146,  336,  296,  281,  452,  401,  445,  342,  338,  433,  201,  574,  499,  633,  337,  579,  387,  511,  420,  335,  511,  348,  399,  283,  194,  396,  351,  276,  527,  660,  129,  369,  520,  544,  236,  685,  418,  671,  336,  554,  369,  320,  399,  469,  525,  687,  545,  357,  556,  500,  239,  226,  249,  425,  148,  251,  223,  225,  450,  357,  357,  312,  130,  407,  457,  509,  430,  314,  249,  548,  550,  504,  233,  556,  277,  435,  349,  378,  630,  382,  399,  363,  316,  102,  507,  572,  430,  395,  388,  319,  119],
        [  700,    0,  532,  525,  316,  689,  198,  610,  328,   97,  538,  325,  305,    0,  145,  354,  522,  630,  561,  762,  409,  825,  493,  278,  438,  439,  349,  155,  673,  721,  332,  323,  480,  878,  721,  152,  385,  827,  334,  297,  631,  340,  216,  244,  266,  722,  597,  424,  441,  124,  371,  720,  252,  534,  394,  247,  281,  344,  904,  325,  661,  590,  728,  621,  790,  279,  101,  332,  220,  570,  335,  217,  197,  233,  365,  454,  160,  386,  276,  495,  647,  462,  508,  368,  438,  615,  480,   87,  659,  150,  571,  558,  356,  363,  361,  453,  595,  262,  570,  508,  552,  393,  138,  491,  265,  511,  898,  206,  504,  603,  314,  667,  615,  671,  354,  222,  458,  324,  571,  569,  349,  533,  347,  547,  720,  386,  450,  511,  374,  708,  661,  606,   82,  380,  706,  550,  755,  734,  556,  549,  568,  252,  777,   89,  809,  290,  134,  289,  667,  560,  309,  164,  548,  271,  396,  215,  284,  428,  689,  545,  601,  338],
        [  569,    0,  417,  442,  426,  558,  296,  494,  218,   49,  535,  201,  162,  145,    0,  341,  435,  497,  467,  639,  334,  718,  552,  355,  415,  342,  338,  188,  549,  587,  356,  233,  391,  764,  577,  190,  292,  713,  295,  184,  506,  307,  276,  328,  353,  587,  465,  466,  355,  236,  356,  601,  266,  462,  328,  375,  340,  251,  789,  408,  528,  494,  621,  488,  670,  231,  235,  388,  261,  491,  374,   98,  236,  204,  279,  440,  265,  374,  257,  390,  544,  336,  506,  396,  507,  475,  495,  229,  563,  274,  457,  502,  305,  361,  301,  327,  497,  255,  433,  482,  574,  252,  234,  469,  397,  370,  781,  278,  558,  466,  425,  528,  472,  533,  372,  366,  549,  407,  449,  529,  410,  390,  243,  408,  576,  264,  346,  376,  284,  574,  518,  488,  157,  253,  567,  473,  626,  591,  439,  409,  525,  394,  650,   75,  692,  227,  274,  293,  525,  562,  298,  265,  435,  263,  257,  353,  414,  388,  546,  442,  469,  217],
        [  812,    0,  711,  769,  653,  800,  260,  414,  246,  331,  194,  287,  416,  354,  341,    0,  759,  734,  784,  901,  164,  569,  281,  632,  754,  239,    9,  494,  813,  584,   92,  565,  237,  638,  690,  494,  204,  990,  635,  505,  467,  646,  568,  230,  618,  593,  713,  183,  206,  290,   17,  873,  588,  235,  665,  567,  171,  581,  663,  677,  768,  334,  915,  729,  937,  121,  340,  172,  567,  819,  129,  279,  542,  138,  183,  777,  510,   34,   85,  293,  848,  615,  166,  110,  269,  539,  164,  409,  391,  490,  750,  227,   92,  694,  640,  609,  809,   93,  660,  155,  245,  388,  492,  138,  575,  461,  667,  206,  276,  508,  653,  735,  584,  570,   79,  481,  354,  247,  407,  220,  703,  520,  229,  628,  664,  562,  660,  623,  613,  572,  680,  770,  274,  544,  768,  258,  589,  747,  729,  625,  222,  523,  902,  302,  964,  141,  371,  621,  604,  222,   46,  516,  355,  595,  510,  515,  394,   94,  638,  320,  716,  523],
        [  309,    0,  129,   19,  592,  304,  714,  718,  551,  467,  948,  508,  355,  522,  435,  759,    0,  290,   50,  309,  695,  935,  986,  470,  224,  660,  758,  399,  249,  694,  789,  204,  714,  949,  541,  404,  634,  336,  219,  255,  685,  227,  423,  754,  493,  683,  257,  900,  693,  643,  773,  260,  339,  804,  138,  613,  773,  185,  969,  508,  297,  781,  226,  278,  322,  640,  620,  822,  390,   63,  808,  481,  391,  628,  635,  251,  504,  790,  679,  677,  143,  198,  922,  828,  940,  561,  920,  567,  839,  544,  134,  864,  700,  285,  173,  197,   86,  683,  297,  880, 1001,  450,  482,  872,  641,  499,  951,  707,  993,  583,  589,  363,  497,  619,  802,  685,  975,  835,  660,  911,  451,  453,  580,  310,  576,  210,  106,  258,  152,  686,  438,  174,  576,  229,  391,  805,  756,  482,  144,  318,  902,  690,  339,  501,  328,  625,  645,  312,  563,  979,  721,  497,  685,  300,  292,  637,  799,  783,  556,  721,  260,  239],
        [   78,    0,  164,  308,  809,   66,  788,  537,  490,  543,  897,  447,  343,  630,  497,  734,  290,    0,  257,  174,  615,  723, 1002,  692,  500,  554,  736,  565,  100,  455,  793,  349,  601,  720,  267,  572,  553,  273,  446,  341,  485,  461,  624,  814,  709,  441,   38,  906,  595,  732,  743,  161,  549,  690,  373,  802,  810,  333,  736,  741,   34,  631,  241,   12,  212,  618,  728,  849,  592,  327,  822,  485,  582,  630,  565,  531,  681,  758,  671,  545,  227,  175,  877,  829,  971,  338,  895,  703,  671,  712,  158,  759,  652,  539,  395,  184,  242,  683,   74,  813,  973,  349,  652,  811,  830,  324,  714,  761, 1002,  371,  806,   74,  260,  382,  798,  838, 1029,  888,  483,  820,  696,  258,  511,  108,  309,  251,  246,  121,  320,  451,  165,  127,  652,  253,  103,  683,  519,  194,  146,  111,  808,  856,  169,  571,  242,  595,  764,  536,  315,  930,  707,  676,  527,  511,  242,  806,  909,  722,  296,  575,   34,  297],
        [  267,    0,  109,   61,  641,  263,  751,  716,  567,  502,  970,  523,  373,  561,  467,  784,   50,  257,    0,  260,  710,  928, 1018,  519,  271,  670,  783,  443,  205,  680,  817,  240,  724,  938,  516,  449,  648,  287,  267,  284,  679,  276,  470,  790,  542,  668,  228,  930,  706,  682,  797,  212,  387,  815,  186,  661,  806,  220,  957,  558,  260,  786,  178,  246,  273,  663,  661,  854,  438,   72,  838,  506,  438,  655,  651,  297,  550,  814,  705,  683,   94,  196,  945,  856,  973,  549,  946,  610,  840,  590,   99,  877,  720,  334,  219,  198,   37,  710,  275,  899, 1027,  457,  527,  892,  689,  494,  938,  742, 1023,  573,  638,  330,  481,  604,  830,  730, 1011,  871,  658,  926,  500,  444,  595,  292,  553,  225,  124,  244,  188,  672,  412,  134,  612,  244,  356,  814,  742,  450,  115,  300,  917,  736,  292,  535,  279,  647,  687,  360,  545, 1001,  747,  544,  687,  348,  299,  683,  841,  802,  535,  726,  229,  261],
        [  103,    0,  234,  321,  892,  113,  934,  705,  659,  683, 1068,  616,  498,  762,  639,  901,  309,  174,  260,    0,  787,  879, 1165,  771,  530,  727,  903,  671,   91,  605,  956,  450,  775,  868,  396,  677,  725,  102,  516,  465,  649,  527,  714,  964,  792,  589,  189, 1070,  769,  872,  911,   49,  632,  864,  434,  902,  966,  431,  881,  812,  143,  802,  125,  176,   38,  784,  862, 1008,  681,  314,  983,  643,  676,  791,  736,  556,  784,  927,  835,  718,  177,  303, 1048,  993, 1130,  499, 1063,  825,  840,  821,  198,  933,  822,  592,  464,  312,  227,  846,  247,  985, 1143,  520,  758,  983,  930,  497,  858,  912, 1166,  535,  888,  210,  420,  536,  962,  956, 1183, 1041,  653,  994,  758,  430,  682,  280,  444,  377,  325,  279,  407,  602,  309,  158,  795,  386,  204,  856,  668,  303,  209,  285,  982,  968,   38,  713,   70,  761,  894,  610,  465, 1101,  873,  779,  699,  592,  397,  916, 1045,  893,  440,  748,  186,  425],
        [  691,    0,  623,  708,  724,  680,  387,  253,  144,  348,  284,  187,  340,  409,  334,  164,  695,  615,  710,  787,    0,  431,  439,  677,  737,   77,  170,  517,  702,  421,  254,  521,   80,  494,  536,  519,   63,  882,  615,  454,  304,  630,  602,  371,  669,  430,  599,  343,   44,  392,  163,  764,  600,  128,  626,  650,  322,  532,  519,  728,  648,  189,  819,  612,  824,  135,  433,  332,  592,  757,  291,  242,  566,  186,   61,  764,  567,  172,  168,  130,  760,  524,  267,  273,  432,  382,  297,  484,  256,  559,  659,  173,   79,  692,  607,  519,  730,  191,  541,  199,  369,  268,  542,  197,  664,  315,  520,  333,  430,  349,  723,  605,  434,  409,  242,  586,  517,  404,  244,  217,  739,  378,  115,  508,  507,  486,  590,  515,  562,  409,  538,  671,  344,  467,  634,  142,  427,  601,  636,  504,  208,  627,  782,  331,  853,  120,  472,  626,  447,  317,  171,  571,  193,  595,  416,  607,  532,  110,  482,  162,  602,  458],
        [  778,    0,  821,  952, 1137,  770,  816,  229,  502,  746,  560,  519,  640,  825,  718,  569,  935,  723,  928,  879,  431,    0,  789, 1072, 1056,  386,  577,  904,  822,  276,  659,  825,  353,   77,  492,  907,  442,  979,  943,  761,  250,  961,  992,  795, 1070,  293,  731,  711,  392,  822,  560,  880,  968,  336,  922, 1070,  739,  828,   99, 1126,  746,  242,  963,  727,  915,  564,  861,  737,  974,  993,  693,  622,  950,  615,  463, 1089,  976,  559,  597,  331,  938,  737,  567,  663,  807,  387,  625,  906,  179,  974,  843,  368,  505, 1038,  917,  738,  932,  620,  669,  484,  662,  513,  947,  501, 1087,  437,  111,  761,  773,  357, 1136,  670,  464,  343,  639, 1015,  901,  814,  284,  424, 1124,  485,  479,  643,  442,  744,  836,  685,  848,  277,  570,  832,  769,  725,  677,  312,  217,  589,  821,  636,  410, 1055,  856,  739,  947,  545,  901,  985,  414,  583,  593,  978,  284,  951,  654, 1032,  958,  479,  441,  281,  731,  741],
        [ 1080,    0,  959,  993,  708, 1068,  303,  676,  521,  522,  237,  560,  669,  493,  552,  281,  986, 1002, 1018, 1165,  439,  789,    0,  735,  930,  515,  276,  647, 1075,  855,  210,  784,  502,  864,  970,  644,  484, 1249,  823,  734,  736,  830,  695,  252,  713,  865,  978,   99,  478,  376,  278, 1133,  744,  466,  873,  613,  215,  802,  887,  764, 1036,  578, 1165,  997, 1199,  386,  420,  165,  707, 1042,  182,  524,  686,  374,  463,  947,  612,  267,  332,  564, 1092,  869,  224,  176,   64,  819,  164,  500,  621,  575, 1000,  422,  372,  855,  842,  861, 1047,  320,  930,  305,  151,  662,  607,  290,  608,  741,  896,  288,   23,  786,  709, 1010,  865,  847,  207,  494,  135,  179,  679,  369,  811,  799,  507,  898,  944,  806,  896,  887,  835,  843,  959, 1024,  420,  791, 1044,  490,  851, 1027,  980,  896,  381,  532, 1169,  488, 1225,  411,  425,  781,  883,  224,  298,  619,  624,  763,  769,  552,  337,  338,  918,  581,  982,  762],
        [  743,    0,  546,  463,  122,  734,  434,  847,  572,  331,  813,  554,  463,  278,  355,  632,  470,  692,  519,  771,  677, 1072,  735,    0,  282,  694,  626,  170,  696,  923,  602,  346,  740, 1117,  865,  166,  642,  806,  255,  375,  853,  245,   82,  486,   28,  920,  655,  682,  703,  367,  648,  723,  144,  804,  338,  165,  539,  361, 1142,   56,  715,  847,  695,  681,  789,  553,  318,  588,  108,  493,  599,  451,  128,  509,  627,  277,  126,  663,  554,  744,  613,  522,  783,  636,  673,  799,  749,  238,  916,  160,  575,  833,  630,  196,  307,  514,  556,  540,  656,  786,  817,  585,  141,  769,  190,  697, 1133,  464,  750,  798,  119,  751,  774,  861,  626,  276,  665,  556,  800,  847,   77,  697,  597,  645,  878,  453,  454,  593,  373,  911,  781,  618,  358,  459,  789,  818,  968,  848,  571,  650,  846,  261,  797,  347,  798,  559,  310,  161,  837,  833,  587,  119,  789,  182,  512,  213,  436,  705,  849,  796,  659,  417],
        [  529,    0,  336,  210,  398,  523,  633,  829,  600,  425,  947,  565,  421,  438,  415,  754,  224,  500,  271,  530,  737, 1056,  930,  282,    0,  724,  750,  286,  471,  848,  756,  232,  778, 1084,  729,  289,  684,  546,  122,  298,  812,  108,  263,  681,  308,  840,  464,  857,  748,  559,  769,  482,  192,  860,  141,  443,  717,  230, 1107,  307,  512,  866,  436,  488,  541,  645,  521,  768,  239,  225,  766,  496,  253,  617,  677,   34,  356,  787,  669,  757,  358,  361,  918,  795,  875,  713,  901,  450,  931,  400,  352,  908,  718,   88,  140,  355,  304,  665,  489,  896,  978,  545,  345,  883,  469,  629, 1092,  643,  941,  726,  395,  570,  663,  775,  775,  539,  889,  761,  773,  941,  242,  602,  630,  492,  756,  322,  261,  435,  215,  838,  630,  395,  512,  339,  602,  867,  904,  684,  357,  498,  936,  532,  562,  457,  544,  639,  533,  154,  731,  974,  709,  348,  783,  168,  410,  480,  681,  802,  732,  808,  467,  316],
        [  630,    0,  577,  674,  753,  618,  446,  186,  127,  365,  353,  160,  311,  439,  342,  239,  660,  554,  670,  727,   77,  386,  515,  694,  724,    0,  245,  529,  645,  347,  327,  499,   56,  443,  461,  531,   56,  824,  603,  431,  232,  619,  617,  435,  690,  355,  542,  419,   43,  441,  239,  708,  603,  145,  604,  684,  391,  508,  469,  747,  587,  153,  767,  552,  765,  186,  478,  405,  602,  722,  364,  245,  577,  235,   78,  753,  592,  248,  231,   61,  714,  479,  338,  349,  508,  306,  372,  520,  223,  589,  611,  209,  150,  688,  589,  475,  687,  254,  481,  264,  443,  216,  565,  266,  701,  244,  466,  393,  507,  272,  752,  539,  361,  332,  318,  632,  592,  475,  170,  267,  752,  309,   99,  448,  431,  451,  554,  461,  536,  334,  467,  620,  384,  431,  566,  147,  356,  529,  588,  443,  255,  671,  720,  355,  795,  163,  518,  626,  371,  386,  242,  595,  123,  594,  372,  646,  593,  184,  406,  106,  544,  429],
        [  814,    0,  711,  768,  646,  802,  252,  421,  248,  327,  197,  289,  416,  349,  338,    9,  758,  736,  783,  903,  170,  577,  276,  626,  750,  245,    0,  489,  814,  591,   85,  563,  244,  646,  694,  489,  209,  991,  632,  504,  474,  643,  563,  222,  612,  600,  715,  178,  213,  283,   23,  874,  584,  243,  663,  560,  163,  579,  671,  671,  770,  341,  916,  731,  938,  121,  333,  164,  562,  818,  122,  278,  537,  135,  188,  773,  504,   38,   82,  299,  848,  616,  168,  105,  263,  544,  164,  402,  399,  484,  751,  235,   97,  690,  638,  609,  809,   88,  662,  161,  245,  390,  486,  143,  568,  465,  675,  198,  272,  513,  646,  738,  589,  576,   73,  473,  347,  239,  414,  227,  697,  523,  232,  630,  670,  561,  660,  624,  612,  578,  684,  771,  269,  544,  771,  266,  596,  751,  729,  627,  230,  516,  904,  298,  965,  142,  363,  617,  609,  224,   42,  510,  362,  591,  510,  508,  386,  102,  643,  327,  718,  523],
        [  626,    0,  438,  398,  259,  616,  348,  678,  405,  171,  684,  385,  298,  155,  188,  494,  399,  565,  443,  671,  517,  904,  647,  170,  286,  529,  489,    0,  588,  756,  482,  222,  577,  948,  710,    7,  479,  723,  191,  228,  685,  193,   89,  396,  172,  753,  529,  577,  541,  274,  510,  626,   98,  645,  263,  238,  435,  241,  973,  224,  592,  681,  618,  555,  695,  401,  237,  486,   75,  440,  488,  285,   50,  362,  464,  301,  116,  527,  412,  577,  534,  391,  654,  520,  591,  634,  630,  172,  750,  150,  474,  680,  478,  209,  228,  382,  479,  402,  518,  645,  704,  417,   88,  630,  265,  531,  964,  360,  658,  631,  257,  616,  615,  695,  503,  288,  605,  476,  631,  700,  223,  535,  431,  502,  720,  316,  347,  455,  265,  744,  633,  513,  233,  317,  655,  658,  800,  703,  463,  506,  698,  297,  692,  194,  710,  403,  254,  135,  675,  708,  449,  112,  620,  119,  359,  245,  406,  558,  690,  629,  533,  273],
        [   65,    0,  151,  264,  815,   65,  844,  636,  572,  593,  982,  528,  407,  673,  549,  813,  249,  100,  205,   91,  702,  822, 1075,  696,  471,  645,  814,  588,    0,  553,  866,  366,  694,  817,  356,  594,  640,  180,  442,  377,  584,  454,  635,  874,  715,  537,  104,  980,  686,  782,  822,   63,  555,  784,  361,  821,  875,  347,  833,  740,   78,  728,  143,   97,  125,  695,  773,  918,  602,  270,  893,  552,  596,  701,  650,  499,  702,  839,  745,  639,  146,  213,  961,  903, 1040,  437,  975,  738,  770,  737,  122,  852,  734,  524,  390,  222,  179,  756,  166,  900, 1055,  435,  675,  897,  848,  421,  811,  822, 1076,  470,  812,  158,  359,  480,  873,  870, 1093,  950,  582,  911,  688,  356,  595,  198,  401,  288,  244,  191,  326,  548,  258,   79,  705,  296,  170,  777,  616,  272,  126,  204,  900,  884,  105,  623,  152,  672,  806,  536,  412, 1015,  783,  697,  624,  515,  307,  832,  956,  807,  391,  672,  101,  335],
        [  506,    0,  572,  713, 1010,  498,  779,  183,  405,  628,  661,  398,  462,  721,  587,  584,  694,  455,  680,  605,  421,  276,  855,  923,  848,  347,  591,  756,  553,    0,  673,  624,  353,  265,  216,  760,  392,  704,  747,  568,  119,  765,  842,  775,  927,   18,  468,  761,  379,  759,  583,  608,  798,  404,  708,  961,  736,  621,  281,  978,  475,  297,  695,  461,  640,  522,  786,  751,  818,  749,  710,  505,  796,  566,  416,  881,  850,  590,  573,  292,  677,  501,  655,  694,  852,  136,  701,  808,  295,  861,  588,  470,  496,  847,  711,  503,  679,  595,  409,  571,  762,  339,  819,  580,  983,  227,  260,  729,  844,  126, 1008,  398,  200,   76,  663,  937,  938,  820,  178,  539,  961,  247,  398,  388,  167,  526,  604,  438,  634,   14,  297,  572,  688,  510,  402,  384,   64,  313,  568,  381,  524,  971,  581,  634,  672,  496,  828,  807,  141,  692,  587,  850,  231,  774,  439,  936,  926,  517,  166,  276,  468,  537],
        [  871,    0,  754,  797,  607,  858,  193,  505,  314,  334,  214,  351,  461,  332,  356,   92,  789,  793,  817,  956,  254,  659,  210,  602,  756,  327,   85,  482,  866,  673,    0,  588,  328,  729,  770,  481,  287, 1041,  642,  534,  557,  651,  547,  152,  585,  682,  769,  115,  297,  241,   99,  924,  580,  323,  683,  517,   88,  606,  753,  642,  827,  425,  960,  787,  990,  177,  292,   80,  551,  846,   38,  317,  527,  166,  265,  777,  477,  101,  123,  383,  888,  661,  183,   40,  186,  622,  149,  369,  481,  451,  794,  307,  178,  689,  655,  654,  845,  111,  720,  212,  223,  454,  464,  192,  521,  538,  757,  144,  211,  592,  607,  801,  662,  656,   26,  418,  265,  156,  496,  285,  676,  594,  303,  689,  747,  601,  694,  678,  639,  661,  753,  817,  251,  585,  835,  347,  680,  822,  773,  687,  291,  461,  959,  301, 1016,  203,  316,  614,  686,  231,   91,  484,  446,  592,  560,  460,  313,  181,  720,  411,  773,  559],
        [  405,    0,  217,  210,  461,  396,  512,  597,  379,  264,  757,  341,  191,  323,  233,  565,  204,  349,  240,  450,  521,  825,  784,  346,  232,  499,  563,  222,  366,  624,  588,    0,  554,  854,  530,  228,  464,  507,  124,   68,  582,  141,  276,  552,  362,  617,  312,  699,  527,  443,  579,  406,  203,  639,  106,  456,  570,   21,  877,  396,  374,  638,  406,  338,  475,  447,  423,  619,  243,  259,  606,  290,  234,  431,  461,  264,  337,  597,  483,  529,  324,  177,  730,  628,  737,  491,  724,  378,  702,  372,  254,  693,  514,  224,   93,  168,  273,  484,  310,  695,  804,  313,  309,  685,  484,  401,  863,  504,  790,  500,  458,  405,  450,  554,  603,  506,  772,  632,  542,  733,  359,  380,  409,  301,  549,  109,  128,  247,   52,  613,  440,  292,  374,  120,  443,  645,  678,  505,  242,  306,  726,  518,  470,  298,  491,  436,  452,  197,  516,  786,  525,  331,  552,  167,  186,  466,  605,  598,  522,  578,  316,   87],
        [  676,    0,  630,  729,  794,  664,  467,  178,  179,  410,  320,  214,  366,  480,  391,  237,  714,  601,  724,  775,   80,  353,  502,  740,  778,   56,  244,  577,  694,  353,  328,  554,    0,  415,  490,  579,   99,  872,  657,  486,  235,  673,  664,  450,  735,  364,  591,  409,   40,  470,  233,  757,  654,   91,  659,  723,  400,  563,  440,  793,  633,  112,  818,  600,  812,  212,  510,  408,  651,  777,  365,  294,  625,  263,  115,  807,  635,  239,  248,   66,  766,  533,  309,  344,  501,  333,  350,  557,  180,  629,  664,  159,  157,  740,  644,  529,  741,  271,  529,  229,  415,  269,  609,  234,  738,  284,  440,  412,  491,  297,  793,  582,  395,  351,  315,  663,  589,  481,  179,  221,  800,  351,  150,  496,  456,  505,  609,  512,  591,  342,  506,  671,  418,  485,  608,   92,  353,  564,  641,  491,  208,  703,  766,  397,  843,  194,  549,  677,  397,  353,  249,  638,  123,  646,  426,  681,  611,  164,  434,   84,  593,  484],
        [  770,    0,  830,  967, 1188,  762,  881,  271,  552,  796,  636,  564,  674,  878,  764,  638,  949,  720,  938,  868,  494,   77,  864, 1117, 1084,  443,  646,  948,  817,  265,  729,  854,  415,    0,  474,  952,  498,  967,  975,  792,  273,  992, 1037,  862, 1116,  280,  732,  785,  453,  882,  630,  873, 1007,  407,  947, 1124,  808,  855,   26, 1171,  740,  307,  959,  725,  903,  626,  920,  807, 1017, 1006,  764,  670,  993,  676,  520, 1117, 1026,  630,  662,  385,  941,  753,  642,  735,  881,  391,  700,  961,  248, 1027,  850,  443,  570, 1071,  945,  754,  939,  684,  672,  559,  738,  545,  996,  575, 1142,  457,   35,  826,  848,  367, 1186,  662,  463,  339,  710, 1075,  974,  884,  319,  500, 1166,  497,  532,  649,  425,  767,  854,  695,  872,  270,  561,  835,  826,  748,  665,  383,  202,  571,  828,  641,  486, 1113,  843,  792,  935,  605,  960, 1022,  406,  659,  659, 1027,  331,  988,  677, 1088, 1025,  549,  429,  338,  732,  769],
        [  302,    0,  412,  560,  969,  296,  829,  359,  461,  624,  809,  433,  421,  721,  577,  690,  541,  267,  516,  396,  536,  492,  970,  865,  729,  461,  694,  710,  356,  216,  770,  530,  490,  474,    0,  716,  487,  494,  648,  490,  292,  665,  787,  838,  876,  199,  290,  872,  502,  791,  693,  406,  727,  564,  591,  939,  813,  520,  487,  918,  278,  472,  497,  275,  430,  598,  805,  841,  758,  587,  805,  520,  741,  629,  507,  762,  819,  705,  653,  424,  493,  369,  797,  798,  955,  157,  832,  805,  490,  840,  418,  634,  599,  748,  603,  375,  506,  672,  245,  719,  902,  338,  787,  723,  964,  233,  463,  787,  964,  195,  966,  198,  110,  160,  766,  942, 1030,  898,  322,  703,  887,  190,  468,  238,   50,  421,  470,  295,  523,  217,  104,  392,  712,  411,  193,  549,  276,   98,  401,  231,  688,  970,  370,  641,  462,  570,  846,  725,   95,  842,  679,  817,  380,  695,  354,  927,  969,  644,   59,  432,  288,  450],
        [  632,    0,  444,  403,  254,  622,  345,  682,  408,  172,  683,  388,  303,  152,  190,  494,  404,  572,  449,  677,  519,  907,  644,  166,  289,  531,  489,    7,  594,  760,  481,  228,  579,  952,  716,    0,  481,  729,  196,  234,  688,  197,   86,  393,  168,  758,  535,  575,  543,  270,  510,  632,  101,  647,  268,  232,  433,  247,  976,  221,  598,  684,  624,  561,  701,  401,  233,  484,   74,  445,  486,  287,   49,  362,  466,  304,  110,  526,  412,  580,  540,  397,  653,  518,  587,  639,  628,  167,  753,  144,  480,  681,  479,  212,  233,  388,  485,  402,  524,  645,  702,  422,   82,  630,  259,  536,  967,  358,  656,  636,  252,  622,  620,  700,  502,  282,  601,  472,  634,  701,  221,  540,  433,  508,  725,  322,  353,  461,  271,  748,  639,  519,  231,  323,  661,  660,  804,  709,  469,  512,  698,  291,  698,  195,  716,  404,  249,  137,  680,  707,  448,  106,  623,  123,  365,  239,  401,  558,  695,  632,  539,  279],
        [  630,    0,  560,  647,  699,  618,  394,  239,   86,  312,  344,  126,  281,  385,  292,  204,  634,  553,  648,  725,   63,  442,  484,  642,  684,   56,  209,  479,  640,  392,  287,  464,   99,  498,  487,  481,    0,  819,  563,  397,  280,  578,  565,  385,  637,  399,  537,  386,   65,  386,  207,  702,  556,  176,  569,  629,  345,  475,  524,  695,  587,  206,  756,  550,  762,  134,  422,  363,  552,  696,  324,  196,  527,  181,   25,  713,  538,  219,  182,  115,  698,  462,  325,  313,  471,  336,  351,  465,  276,  534,  596,  230,  113,  644,  552,  457,  668,  204,  479,  261,  426,  206,  511,  258,  646,  260,  521,  341,  478,  306,  697,  545,  382,  370,  281,  577,  552,  429,  217,  279,  701,  321,   56,  446,  461,  425,  529,  452,  504,  378,  482,  609,  328,  406,  576,  184,  406,  547,  574,  442,  269,  615,  721,  301,  791,  109,  463,  580,  401,  377,  198,  541,  175,  548,  353,  591,  540,  169,  435,  162,  540,  399],
