{
    "name": "random-85-9434",
    "comment": "size=85 seed=9434",
    "nodes": ["+0", "-0", "+1", "-1", "+2", "-2", "+3", "-3", "+4", "-4", "+5", "-5", "+6", "-6", "+7", "-7", "+8", "-8", "+9", "-9", "+10", "-10", "+11", "-11", "+12", "-12", "+13", "-13", "+14", "-14", "+15", "-15", "+16", "-16", "+17", "-17", "+18", "-18", "+19", "-19", "+20", "-20", "+21", "-21", "+22", "-22", "+23", "-23", "+24", "-24", "+25", "-25", "+26", "-26", "+27", "-27", "+28", "-28", "+29", "-29", "+30", "-30", "+31", "-31", "+32", "-32", "+33", "-33", "+34", "-34", "+35", "-35", "+36", "-36", "+37", "-37", "+38", "-38", "+39", "-39", "+40", "-40", "+41", "-41", "+42", "-42", "+43", "-43", "+44", "-44", "+45", "-45", "+46", "-46", "+47", "-47", "+48", "-48", "+49", "-49", "+50", "-50", "+51", "-51", "+52", "-52", "+53", "-53", "+54", "-54", "+55", "-55", "+56", "-56", "+57", "-57", "+58", "-58", "+59", "-59", "+60", "-60", "+61", "-61", "+62", "-62", "+63", "-63", "+64", "-64", "+65", "-65", "+66", "-66", "+67", "-67", "+68", "-68", "+69", "-69", "+70", "-70", "+71", "-71", "+72", "-72", "+73", "-73", "+74", "-74", "+75", "-75", "+76", "-76", "+77", "-77", "+78", "-78", "+79", "-79", "+80", "-80", "+81", "-81", "+82", "-82", "+83", "-83", "+84", "-84", "+85", "-85"],
    "precedence": {
        "+0": "-0",
        "+1": "-1",
        "+2": "-2",
        "+3": "-3",
        "+4": "-4",
        "+5": "-5",
        "+6": "-6",
        "+7": "-7",
        "+8": "-8",
        "+9": "-9",
        "+10": "-10",
        "+11": "-11",
        "+12": "-12",
        "+13": "-13",
        "+14": "-14",
        "+15": "-15",
        "+16": "-16",
        "+17": "-17",
        "+18": "-18",
        "+19": "-19",
        "+20": "-20",
        "+21": "-21",
        "+22": "-22",
        "+23": "-23",
        "+24": "-24",
        "+25": "-25",
        "+26": "-26",
        "+27": "-27",
        "+28": "-28",
        "+29": "-29",
        "+30": "-30",
        "+31": "-31",
        "+32": "-32",
        "+33": "-33",
        "+34": "-34",
        "+35": "-35",
        "+36": "-36",
        "+37": "-37",
        "+38": "-38",
        "+39": "-39",
        "+40": "-40",
        "+41": "-41",
        "+42": "-42",
        "+43": "-43",
        "+44": "-44",
        "+45": "-45",
        "+46": "-46",
        "+47": "-47",
        "+48": "-48",
        "+49": "-49",
        "+50": "-50",
        "+51": "-51",
        "+52": "-52",
        "+53": "-53",
        "+54": "-54",
        "+55": "-55",
        "+56": "-56",
        "+57": "-57",
        "+58": "-58",
        "+59": "-59",
        "+60": "-60",
        "+61": "-61",
        "+62": "-62",
        "+63": "-63",
        "+64": "-64",
        "+65": "-65",
        "+66": "-66",
        "+67": "-67",
        "+68": "-68",
        "+69": "-69",
        "+70": "-70",
        "+71": "-71",
        "+72": "-72",
        "+73": "-73",
        "+74": "-74",
        "+75": "-75",
        "+76": "-76",
        "+77": "-77",
        "+78": "-78",
        "+79": "-79",
        "+80": "-80",
        "+81": "-81",
        "+82": "-82",
        "+83": "-83",
        "+84": "-84",
        "+85": "-85"
    },
    "edges": [
        [    0,    0,  598,  267,  773,  708,  663,  544,  524,  246,  518,  823,  460,  526,  311,  243,  656,  563,  584,  248,  195,  750,  685,  191,  562, 1065,  784,   85,  717,  564,  640,  238,  648,  216,  541,  333,  794,  115,  876,  567,  785,  347,  890,  154,  841,  841, 1053,  501,  744,  530,  400,  691,   80,  830,  666,  768,  858,  579,  391,  292,  913,  490,  502,  166,  586,  159,  303,  589,  871,  276,  544,  143,  928,  485,  810,  693,  458,  905,  468,  935,  500,  204,  482,  403,  725,  695,  409,  637,   94,  662,  993,  651,  183,  132,  244,  395,  370,  111,  172,  554,  522,  164, 1005,  669,  284,  440,  606,  679,  770,   24,  527,  223,  399,  281,  866,  516,  313,  191,  211,  791,  436,  599,  811,  451,  517,  191,  590,  532,  550,  826,  693,  539,  538,  200,  550,  470,  684,  276,  279,  391,  561,  293,  691, 1000,  617,  569, 1069,  454,  869,   81,  342, 1059,  194,  636,  354,  529,  715,  292,  153,  731,  751,  248,  671,  202,  328,  237,   67, 1035,  663,  379,  185,  871],
        [    0,    0,    0,    0,    0,    0,    0,    0,    0,    0,    0,    0,    0,    0,    0,    0,    0,    0,    0,    0,    0,    0,    0,    0,    0,    0,    0,    0,    0,    0,    0,    0,    0,    0,    0,    0,    0,    0,    0,    0,    0,    0,    0,    0,    0,    0,    0,    0,    0,    0,    0,    0,    0,    0,    0,    0,    0,    0,    0,    0,    0,    0,    0,    0,    0,    0,    0,    0,    0,    0,    0,    0,    0,    0,    0,    0,    0,    0,    0,    0,    0,    0,    0,    0,    0,    0,    0,    0,    0,    0,    0,    0,    0,    0,    0,    0,    0,    0,    0,    0,    0,    0,    0,    0,    0,    0,    0,    0,    0,    0,    0,    0,    0,    0,    0,    0,    0,    0,    0,    0,    0,    0,    0,    0,    0,    0,    0,    0,    0,    0,    0,    0,    0,    0,    0,    0,    0,    0,    0,    0,    0,    0,    0,    0,    0,    0,    0,    0,    0,    0,    0,    0,    0,    0,    0,    0,    0,    0,    0,    0,    0,    0,    0,    0,    0,    0,    0,    0,    0,    0,    0,    0],
        [  598,    0,    0,  462,  907,  685,  695,  918,  195,  438,  589,  601,  328, 1039,  701,  658,  335,  384,  704,  397,  740,  431, 1153,  763, 1020,  990, 1223,  583,  728,  537,   57,  582, 1135,  758,  998,  405,  524,  500,  764,  848, 1001,  279,  897,  648,  816,  796,  992,  422,  624,  452,  660, 1029,  548,  921, 1121,  948,  788, 1002,  408,  761,  989,  119,  202,  434,  252,  504,  822,  837,  971,  327,  953,  678,  966,  187,  766,  210,  536,  813,  862,  982,  103,  749,  633,  202,  205,  685,  789,  496,  555,  972,  927,  551,  776,  532,  690,  218,  688,  677,  427,  741, 1024,  654,  954,  563,  361,  797,  917,  335,  636,  618,  228,  376,  489,  319,  980,  172,  882,  585,  657,  476,  308,  413,  899,  736,   89,  788,  363,  804,  486,  750,  993,  801,  920,  419,  705,  887,  623,  353,  868,  685,  960,  786, 1001,  927, 1013, 1056, 1007,  407,  836,  653,  510,  989,  513,  944,  602,  336, 1117,  848,  670, 1165,  838,  375,  253,  436,  314,  662,  631,  939, 1133,  703,  646,  861],
        [  267,    0,  462,    0,  573,  456,  421,  469,  318,  353,  271,  556,  213,  580,  240,  200,  409,  302,  362,   89,  313,  493,  693,  351,  559,  817,  767,  321,  473,  302,  485,  122,  674,  482,  537,   77,  530,  163,  617,  427,  623,  187,  655,  407,  595,  591,  807,  236,  480,  263,  228,  596,  187,  617,  662,  587,  605,  545,  127,  551,  699,  391,  297,  215,  356,  108,  372,  431,  663,  252,  497,  407,  702,  293,  559,  484,  205,  650,  406,  713,  391,  471,  260,  324,  524,  445,  333,  371,  177,  547,  745,  386,  387,  137,  493,  335,  238,  377,  182,  359,  564,  418,  760,  404,  110,  345,  488,  434,  506,  289,  308,  218,  139,  196,  663,  322,  452,  407,  206,  532,  200,  336,  596,  303,  407,  418,  334,  383,  284,  570,  573,  384,  469,  124,  339,  429,  424,  127,  462,  242,  507,  556,  577,  750,  562,  595,  824,  190,  623,  347,   95,  812,   80,  518,  163,  278,  667,  413,  414,  710,  532,  124,  445,  299,  150,  206,  332,  783,  672,  253,  203,  630],
        [  773,    0,  907,  573,    0,  256,  218,  363,  713,  925,  327,  483,  584,  623,  477,  537,  627,  530,  215,  657,  664,  605,  579,  712,  512,  382,  562,  852,  206,  371,  898,  538,  606,  960,  504,  569,  544,  710,  344,  246,  136,  710,  196,  926,  224,  251,  360,  486,  364,  456,  373,  316,  707,   74,  539,   70,  286,  447,  531, 1057,  147,  893,  706,  784,  672,  648,  608,  206,  101,  818,  418,  907,  184,  726,  250,  792,  392,  324,  405,  183,  884,  949,  314,  857,  837,  247,  413,  440,  688,  262,  327,  384,  772,  659, 1016,  875,  407,  866,  752,  220,  596,  936,  318,  380,  662,  378,  267,  646,  376,  788,  680,  790,  457,  756,   94,  736,  717,  953,  572,  599,  611,  513,   69,  328,  896,  818,  562,  261,  422,  292,  250,  250,  377,  696,  234,  436,  317,  685,  781,  383,  403, 1050,  265,  339,  402,  577,  372,  508,  239,  842,  479,  373,  606,  259,  426,  573,  445,  680,  922,  522,   83,  691,  725,  870,  679,  546,  836,  385,  570,  401,  597,  210],
        [  708,    0,  685,  456,  256,    0,   67,  496,  492,  796,  191,  240,  383,  745,  479,  514,  380,  301,  172,  523,  663,  350,  754,  712,  653,  362,  766,  773,   51,  167,  667,  478,  767,  918,  639,  420,  291,  616,  177,  366,  384,  537,  217,  857,  144,  136,  353,  282,  113,  245,  349,  516,  631,  245,  713,  317,  151,  598,  365,  999,  306,  691,  491,  665,  438,  556,  648,  325,  293,  667,  555,  850,  283,  515,  104,  547,  252,  199,  501,  299,  680,  906,  242,  673,  590,   17,  468,  194,  615,  452,  290,  137,  768,  578,  945,  695,  403,  814,  633,  244,  719,  867,  307,  129,  513,  442,  425,  396,  132,  727,  459,  654,  318,  601,  306,  519,  760,  862,  547,  344,  415,  274,  225,  357,  688,  810,  325,  345,  209,  120,  454,  334,  508,  573,  213,  538,   65,  536,  807,  377,  547, 1000,  468,  295,  570,  716,  370,  320,  170,  786,  368,  358,  517,  435,  367,  352,  643,  717,  860,  717,  174,  552,  480,  746,  513,  525,  774,  329,  740,  407,  565,  185],
        [  663,    0,  695,  421,  218,   67,    0,  430,  501,  769,  150,  302,  380,  679,  420,  459,  409,  314,  107,  494,  606,  395,  689,  656,  587,  402,  703,  732,   54,  160,  683,  430,  702,  870,  573,  395,  346,  577,  238,  300,  337,  523,  235,  814,  178,  180,  390,  279,  174,  245,  290,  455,  588,  226,  648,  273,  203,  532,  345,  955,  299,  691,  496,  634,  456,  516,  586,  260,  276,  646,  489,  805,  289,  518,  151,  574,  217,  253,  435,  302,  681,  859,  187,  664,  619,   51,  404,  222,  571,  390,  330,  168,  713,  535,  903,  685,  343,  768,  601,  178,  653,  825,  342,  166,  490,  377,  361,  428,  195,  682,  468,  628,  286,  581,  285,  526,  699,  824,  493,  395,  409,  295,  205,  293,  691,  756,  344,  279,  210,  178,  394,  267,  442,  542,  148,  472,  108,  513,  748,  317,  481,  954,  408,  337,  505,  650,  407,  309,  206,  740,  329,  397,  475,  372,  315,  360,  580,  657,  816,  653,  143,  525,  507,  717,  496,  470,  730,  375,  675,  346,  512,  210],
        [  544,    0,  918,  469,  363,  496,  430,    0,  745,  761,  395,  726,  607,  262,  247,  314,  747,  622,  330,  552,  377,  778,  266,  415,  159,  742,  310,  629,  464,  485,  931,  366,  272,  682,  146,  514,  755,  533,  654,  133,  296,  653,  551,  682,  552,  571,  721,  546,  600,  539,  259,  147,  507,  437,  225,  317,  604,  104,  514,  790,  503,  858,  729,  627,  745,  483,  287,  176,  455,  705,   60,  652,  547,  735,  555,  883,  413,  652,   77,  544,  857,  673,  323,  792,  929,  480,  142,  594,  487,  134,  682,  559,  474,  476,  768,  801,  232,  608,  603,  257,  235,  691,  677,  567,  578,  124,   98,  772,  623,  550,  721,  659,  437,  659,  439,  758,  381,  735,  339,  793,  617,  629,  428,  188,  873,  518,  663,  154,  522,  593,  164,  164,   15,  565,  295,   88,  527,  594,  453,  234,   52,  774,  158,  693,   96,  223,  734,  535,  576,  591,  408,  734,  450,  117,  317,  639,  200,  352,  670,  252,  400,  585,  825,  706,  617,  317,  594,  739,  249,  217,  365,  556],
        [  524,    0,  195,  318,  713,  492,  501,  745,    0,  446,  397,  439,  139,  893,  547,  516,  181,  193,  511,  283,  625,  290,  992,  658,  860,  812, 1053,  537,  535,  343,  192,  439,  978,  719,  838,  247,  371,  412,  585,  664,  808,  179,  707,  617,  627,  609,  812,  228,  441,  257,  486,  847,  457,  727,  957,  754,  604,  835,  232,  750,  796,  211,   23,  380,   85,  393,  690,  650,  777,  302,  785,  636,  775,   46,  578,  171,  347,  633,  696,  791,  196,  708,  446,  229,  208,  492,  625,  308,  457,  788,  746,  361,  683,  424,  680,  254,  520,  622,  360,  551,  875,  625,  772,  374,  244,  627,  734,  193,  456,  547,   35,  331,  308,  257,  785,   28,  767,  574,  523,  337,  129,  225,  705,  559,  201,  706,  178,  621,  292,  566,  807,  617,  749,  325,  514,  724,  432,  249,  768,  513,  790,  768,  815,  747,  840,  902,  827,  217,  648,  594,  342,  810,  387,  760,  432,  142,  942,  728,  634,  995,  643,  277,  152,  421,  197,  523,  573,  763,  971,  535,  519,  672],
        [  246,    0,  438,  353,  925,  796,  769,  761,  446,    0,  620,  844,  452,  771,  515,  448,  618,  566,  715,  275,  438,  725,  926,  435,  799, 1156, 1022,  184,  820,  633,  490,  406,  891,  333,  778,  377,  793,  230,  944,  756,  965,  288, 1003,  223,  939,  932, 1149,  533,  798,  570,  564,  903,  256,  970,  905,  935,  941,  810,  433,  324, 1052,  320,  427,  142,  527,  286,  545,  768, 1016,  146,  770,  260, 1054,  401,  899,  593,  552,  982,  687, 1065,  336,  325,  612,  241,  612,  788,  620,  670,  275,  866, 1084,  703,  419,  287,  253,  221,  553,  275,  173,  708,  766,  226, 1103,  720,  285,  645,  807,  635,  821,  255,  465,  143,  483,  206, 1016,  427,  556,  149,  424,  771,  419,  606,  949,  631,  350,  412,  578,  715,  601,  904,  895,  719,  757,  229,  691,  695,  755,  262,  514,  567,  785,  349,  896, 1089,  842,  811, 1165,  487,  966,  260,  448, 1152,  325,  838,  503,  517,  944,  537,  247,  967,  884,  245,  595,   57,  296,  445,  240, 1118,  904,  566,  400,  977],
        [  518,    0,  589,  271,  327,  191,  150,  395,  397,  620,    0,  359,  262,  612,  305,  330,  357,  236,  115,  346,  480,  383,  660,  529,  541,  549,  697,  584,  203,   91,  587,  289,  661,  728,  522,  249,  370,  428,  363,  286,  412,  385,  384,  667,  326,  324,  538,  171,  247,  152,  179,  467,  441,  357,  620,  360,  341,  497,  205,  809,  437,  567,  388,  485,  373,  367,  479,  262,  406,  501,  448,  660,  435,  404,  293,  506,   69,  389,  373,  446,  559,  716,   76,  531,  552,  178,  322,  201,  425,  404,  477,  176,  583,  388,  756,  550,  235,  624,  452,  159,  588,  678,  491,  189,  344,  305,  357,  381,  275,  537,  367,  480,  138,  437,  410,  418,  588,  675,  361,  401,  286,  237,  336,  217,  571,  623,  276,  248,  129,  310,  419,  240,  404,  393,  119,  409,  177,  367,  628,  212,  446,  810,  429,  483,  485,  597,  555,  184,  354,  596,  180,  544,  328,  379,  181,  266,  578,  545,  670,  642,  270,  378,  443,  568,  355,  341,  584,  518,  642,  242,  378,  360],
        [  823,    0,  601,  556,  483,  240,  302,  726,  439,  844,  359,    0,  393,  964,  662,  679,  267,  279,  397,  594,  828,  177,  988,  875,  881,  400, 1004,  871,  285,  277,  566,  623,  998, 1038,  865,  494,   84,  715,  187,  599,  616,  558,  366,  958,  288,  259,  406,  324,  128,  293,  537,  755,  743,  452,  947,  549,  234,  829,  434, 1101,  487,  648,  448,  735,  358,  664,  836,  561,  492,  700,  784,  962,  441,  477,  243,  414,  389,  236,  720,  459,  632, 1026,  432,  661,  448,  254,  677,  186,  732,  691,  346,  185,  923,  693, 1039,  686,  593,  933,  705,  470,  939,  968,  377,  171,  569,  656,  662,  267,  109,  845,  408,  705,  431,  638,  511,  466,  944,  942,  706,  144,  426,  238,  436,  568,  635,  961,  270,  573,  275,  207,  693,  562,  737,  649,  433,  757,  199,  589,  979,  570,  778, 1110,  707,  343,  805,  942,  420,  372,  293,  903,  494,  401,  633,  673,  531,  329,  881,  901,  967,  954,  402,  613,  354,  803,  549,  690,  887,  346,  973,  601,  719,  328],
        [  460,    0,  328,  213,  584,  383,  380,  607,  139,  452,  262,  393,    0,  768,  421,  400,  198,  115,  377,  214,  525,  292,  858,  563,  727,  726,  916,  494,  420,  221,  330,  324,  847,  670,  706,  136,  346,  346,  505,  525,  674,  167,  600,  579,  524,  510,  723,  102,  356,  138,  349,  708,  384,  605,  822,  621,  512,  700,  100,  720,  678,  312,  127,  347,  148,  309,  575,  511,  655,  309,  649,  589,  663,  143,  478,  283,  209,  548,  561,  678,  302,  658,  307,  292,  327,  379,  492,  223,  378,  649,  657,  264,  598,  341,  655,  315,  387,  567,  319,  413,  749,  589,  679,  281,  183,  492,  595,  223,  377,  483,  114,  314,  171,  246,  661,  158,  662,  554,  413,  334,   35,  155,  583,  421,  312,  626,  133,  482,  174,  473,  668,  478,  612,  268,  377,  591,  329,  200,  674,  378,  654,  733,  677,  660,  702,  773,  739,   79,  548,  537,  211,  724,  291,  621,  299,   71,  804,  622,  592,  859,  519,  226,  237,  412,  157,  408,  519,  683,  838,  402,  413,  567],
        [  526,    0, 1039,  580,  623,  745,  679,  262,  893,  771,  612,  964,  768,    0,  347,  382,  938,  813,  574,  643,  333,  989,  175,  341,  119, 1003,  287,  600,  718,  702, 1065,  458,  128,  579,  120,  647,  982,  569,  909,  391,  541,  760,  813,  622,  812,  830,  982,  733,  841,  736,  441,  346,  527,  697,  175,  573,  862,  184,  669,  690,  760,  955,  874,  663,  915,  543,  228,  435,  712,  764,  205,  582,  806,  872,  812, 1051,  608,  910,  245,  803,  959,  574,  537,  876, 1094,  729,  292,  812,  512,  374,  944,  786,  378,  521,  691,  878,  390,  542,  650,  502,   27,  628,  939,  797,  679,  309,  356,  965,  866,  521,  877,  710,  607,  737,  694,  900,  238,  695,  384, 1011,  767,  829,  689,  397,  976,  410,  854,  401,  729,  848,  398,  413,  248,  633,  534,  208,  767,  688,  310,  408,  221,  665,  385,  955,  238,   67,  995,  709,  836,  538,  557,  995,  527,  368,  475,  815,  276,  240,  602,  248,  661,  669, 1002,  723,  726,  377,  550, 1001,  157,  378,  399,  817],
        [  311,    0,  701,  240,  477,  479,  420,  247,  547,  515,  305,  662,  421,  347,    0,   70,  597,  473,  320,  315,  191,  657,  454,  241,  320,  809,  531,  395,  471,  386,  723,  124,  435,  484,  298,  301,  664,  287,  655,  256,  475,  426,  622,  460,  589,  597,  793,  393,  551,  402,  131,  388,  264,  541,  423,  463,  622,  310,  322,  584,  622,  628,  528,  381,  568,  237,  175,  282,  577,  461,  264,  436,  646,  528,  570,  704,  279,  672,  175,  651,  629,  473,  238,  556,  747,  463,  105,  491,  244,  354,  739,  477,  300,  230,  549,  563,   77,  393,  357,  269,  329,  470,  745,  491,  346,  131,  296,  623,  579,  322,  530,  414,  264,  419,  569,  555,  284,  501,  101,  685,  420,  494,  524,  149,  646,  345,  513,  224,  402,  597,  384,  232,  244,  321,  279,  192,  479,  359,  329,  104,  276,  575,  383,  748,  333,  357,  808,  364,  617,  371,  211,  802,  207,  327,  136,  471,  438,  241,  452,  474,  470,  347,  656,  460,  390,   75,  369,  789,  433,   78,  127,  610],
        [  243,    0,  658,  200,  537,  514,  459,  314,  516,  448,  330,  679,  400,  382,   70,    0,  586,  467,  366,  264,  150,  656,  505,  199,  372,  856,  589,  326,  512,  402,  684,   78,  481,  424,  350,  270,  673,  220,  690,  324,  543,  380,  672,  393,  633,  638,  841,  389,  576,  404,  173,  457,  195,  599,  477,  528,  662,  370,  302,  521,  680,  578,  496,  315,  547,  174,  176,  347,  637,  400,  327,  372,  701,  493,  610,  679,  291,  711,  240,  707,  580,  413,  273,  502,  721,  500,  173,  501,  175,  423,  785,  495,  254,  163,  483,  507,  131,  329,  293,  323,  367,  403,  793,  511,  298,  200,  365,  612,  604,  255,  503,  351,  260,  363,  630,  521,  271,  432,   35,  688,  394,  492,  581,  211,  597,  297,  504,  289,  409,  633,  453,  297,  310,  262,  327,  252,  507,  309,  300,  155,  340,  514,  453,  793,  397,  401,  857,  353,  662,  306,  199,  849,  150,  396,  150,  456,  501,  228,  387,  532,  524,  293,  636,  393,  345,   11,  302,  833,  484,  138,   60,  658],
        [  656,    0,  335,  409,  627,  380,  409,  747,  181,  618,  357,  267,  198,  938,  597,  586,    0,  126,  455,  409,  718,  109, 1009,  758,  883,  656, 1053,  685,  429,  274,  304,  513, 1005,  863,  863,  333,  193,  542,  431,  642,  742,  335,  578,  769,  496,  473,  659,  206,  299,  209,  501,  823,  581,  624,  970,  680,  461,  846,  286,  907,  683,  385,  195,  533,   96,  506,  761,  617,  672,  472,  796,  782,  651,  224,  445,  168,  336,  481,  714,  669,  369,  852,  426,  409,  211,  384,  651,  188,  576,  759,  595,  245,  795,  538,  840,  435,  549,  762,  507,  514,  917,  778,  623,  251,  375,  643,  714,   27,  307,  679,  155,  491,  333,  418,  685,  207,  854,  736,  603,  157,  220,  121,  604,  561,  370,  824,   85,  604,  228,  424,  772,  596,  754,  461,  473,  748,  315,  388,  869,  534,  797,  922,  783,  595,  839,  935,  674,  234,  512,  732,  389,  656,  488,  735,  464,  132,  934,  812,  783,  997,  549,  416,  101,  586,  339,  595,  713,  605,  990,  562,  606,  541],
        [  563,    0,  384,  302,  530,  301,  314,  622,  193,  566,  236,  279,  115,  813,  473,  467,  126,    0,  342,  323,  605,  192,  883,  647,  758,  625,  929,  603,  345,  162,  370,  397,  879,  776,  738,  230,  234,  451,  400,  521,  636,  280,  514,  689,  435,  417,  623,   81,  253,   85,  375,  703,  485,  538,  845,  577,  414,  721,  176,  831,  605,  397,  193,  460,  143,  407,  640,  498,  588,  422,  671,  697,  582,  220,  386,  271,  211,  445,  589,  599,  384,  764,  302,  394,  317,  301,  526,  118,  476,  640,  558,  169,  687,  438,  766,  418,  424,  672,  431,  395,  792,  699,  582,  182,  294,  518,  592,  152,  270,  586,  159,  428,  210,  360,  598,  219,  736,  667,  486,  230,  148,   41,  517,  436,  391,  719,   41,  481,  112,  375,  655,  474,  629,  377,  355,  622,  240,  313,  757,  408,  672,  842,  665,  559,  715,  809,  639,  116,  456,  642,  269,  623,  382,  615,  340,   55,  811,  694,  700,  873,  457,  338,  207,  526,  271,  476,  624,  579,  865,  436,  492,  479],
        [  584,    0,  704,  362,  215,  172,  107,  330,  511,  715,  115,  397,  377,  574,  320,  366,  455,  342,    0,  445,  509,  463,  592,  559,  485,  491,  615,  658,  153,  182,  701,  347,  602,  784,  470,  355,  430,  508,  343,  204,  298,  496,  308,  737,  270,  278,  476,  284,  270,  260,  194,  374,  512,  255,  551,  245,  305,  433,  317,  874,  337,  681,  502,  576,  482,  446,  483,  169,  302,  604,  387,  724,  345,  519,  252,  612,  178,  355,  330,  354,  674,  773,  105,  643,  658,  156,  298,  280,  494,  309,  420,  236,  617,  461,  827,  661,  243,  684,  544,   74,  548,  747,  428,  241,  448,  271,  270,  478,  295,  601,  480,  578,  243,  541,  303,  533,  595,  755,  400,  472,  401,  335,  234,  188,  686,  661,  379,  177,  231,  283,  319,  166,  341,  486,   43,  367,  198,  471,  647,  217,  382,  871,  331,  429,  410,  547,  492,  299,  298,  658,  268,  484,  404,  286,  230,  377,  493,  554,  736,  563,  170,  478,  547,  661,  464,  376,  649,  470,  577,  244,  422,  293],
        [  248,    0,  397,   89,  657,  523,  494,  552,  283,  275,  346,  594,  214,  643,  315,  264,  409,  323,  445,    0,  348,  506,  767,  377,  634,  884,  846,  281,  545,  361,  428,  192,  744,  456,  611,  105,  556,  134,  676,  515,  711,  119,  729,  367,  665,  658,  875,  272,  532,  306,  316,  682,  176,  698,  738,  674,  669,  625,  164,  509,  780,  314,  261,  145,  340,  112,  425,  519,  746,  164,  578,  376,  780,  249,  626,  453,  278,  712,  487,  791,  317,  445,  344,  241,  489,  513,  414,  411,  174,  634,  811,  437,  401,  142,  445,  250,  323,  354,  113,  446,  630,  377,  829,  454,   40,  429,  575,  432,  557,  271,  282,  135,  209,  108,  746,  280,  490,  350,  261,  548,  189,  361,  677,  391,  334,  424,  346,  471,  334,  633,  661,  473,  552,   55,  424,  507,  484,   45,  486,  329,  588,  520,  665,  817,  644,  665,  892,  224,  692,  324,  179,  879,  117,  606,  252,  284,  749,  454,  378,  789,  612,   36,  426,  224,   89,  268,  305,  847,  746,  338,  249,  702],
        [  195,    0,  740,  313,  664,  663,  606,  377,  625,  438,  480,  828,  525,  333,  191,  150,  718,  605,  509,  348,    0,  796,  491,   50,  371,  999,  592,  272,  658,  552,  775,  209,  454,  307,  351,  389,  818,  246,  839,  431,  648,  466,  812,  311,  778,  785,  983,  529,  726,  547,  317,  522,  201,  730,  474,  644,  809,  395,  433,  414,  810,  645,  604,  335,  669,  238,  110,  463,  764,  441,  365,  277,  836,  595,  757,  794,  440,  859,  301,  840,  652,  298,  421,  561,  832,  648,  259,  647,  189,  505,  929,  644,  109,  209,  393,  559,  267,  233,  327,  460,  328,  319,  935,  660,  387,  294,  453,  744,  753,  191,  618,  387,  403,  425,  755,  626,  143,  373,  122,  830,  512,  633,  713,  338,  669,  155,  640,  405,  556,  782,  536,  415,  367,  323,  469,  294,  657,  390,  153,  293,  383,  400,  532,  938,  437,  375,  999,  490,  806,  220,  340,  992,  239,  482,  300,  587,  531,  108,  296,  541,  661,  366,  758,  391,  436,  140,  227,  978,  470,  269,  114,  801],
        [  750,    0,  431,  493,  605,  350,  395,  778,  290,  725,  383,  177,  292,  989,  657,  656,  109,  192,  463,  506,  796,    0, 1043,  838,  923,  576, 1076,  784,  400,  293,  393,  588, 1044,  961,  904,  420,   95,  637,  358,  662,  730,  440,  524,  870,  442,  415,  582,  268,  248,  256,  548,  836,  673,  590, 1003,  665,  397,  880,  367, 1009,  638,  491,  304,  635,  205,  596,  827,  631,  635,  579,  831,  881,  599,  333,  393,  238,  382,  408,  755,  617,  474,  950,  458,  518,  272,  359,  698,  185,  666,  771,  520,  230,  879,  628,  943,  544,  600,  858,  608,  530,  966,  879,  550,  229,  473,  685,  732,   99,  247,  774,  264,  596,  397,  523,  651,  315,  926,  840,  677,   48,  319,  164,  571,  599,  475,  911,  161,  628,  260,  364,  780,  619,  787,  559,  489,  790,  289,  489,  948,  582,  829, 1023,  793,  518,  866,  978,  596,  307,  454,  828,  458,  577,  573,  749,  522,  222,  955,  883,  883, 1022,  524,  516,  180,  692,  441,  666,  810,  522, 1025,  611,  683,  486],
        [  685,    0, 1153,  693,  579,  754,  689,  266,  992,  926,  660,  988,  858,  175,  454,  505, 1009,  883,  592,  767,  491, 1043,    0,  507,  134,  956,  113,  762,  718,  750, 1173,  576,   53,  753,  156,  751, 1020,  712,  902,  390,  469,  879,  774,  791,  792,  814,  933,  805,  861,  801,  512,  266,  674,  650,   42,  517,  849,  163,  761,  864,  698, 1081,  974,  808, 1001,  677,  382,  429,  653,  903,  213,  751,  752,  977,  802, 1138,  673,  893,  297,  745, 1082,  747,  586, 1006, 1183,  739,  367,  859,  658,  319,  905,  823,  549,  660,  862, 1011,  472,  710,  791,  520,  168,  798,  895,  831,  799,  368,  330, 1034,  883,  682,  971,  851,  689,  868,  632, 1003,  411,  861,  516, 1058,  864,  892,  647,  448, 1099,  582,  924,  418,  786,  842,  331,  428,  256,  766,  559,  268,  790,  812,  484,  481,  214,  839,  316,  917,  185,  117,  944,  790,  812,  705,  650,  948,  654,  327,  560,  895,  148,  409,  772,   87,  635,  797, 1083,  875,  843,  503,  715,  963,   22,  457,  536,  787],
        [  191,    0,  763,  351,  712,  712,  656,  415,  658,  435,  529,  875,  563,  341,  241,  199,  758,  647,  559,  377,   50,  838,  507,    0,  394, 1049,  612,  260,  708,  599,  800,  254,  466,  267,  376,  427,  863,  264,  889,  477,  692,  493,  862,  285,  828,  835, 1033,  573,  774,  592,  367,  559,  216,  778,  494,  691,  859,  424,  474,  377,  858,  663,  636,  346,  705,  266,  134,  510,  812,  454,  399,  248,  885,  625,  807,  828,  487,  908,  341,  889,  671,  259,  471,  578,  865,  698,  305,  694,  209,  546,  979,  692,   61,  236,  362,  574,  317,  205,  342,  509,  341,  292,  985,  708,  417,  340,  496,  784,  802,  182,  653,  400,  448,  445,  802,  656,  124,  355,  169,  873,  549,  676,  762,  387,  689,  107,  682,  453,  602,  832,  577,  463,  405,  346,  519,  330,  706,  417,  111,  343,  417,  360,  572,  988,  470,  390, 1049,  532,  856,  198,  385, 1042,  274,  523,  349,  627,  559,  102,  268,  563,  710,  392,  794,  392,  465,  189,  209, 1028,  487,  318,  158,  850],
        [  562,    0, 1020,  559,  512,  653,  587,  159,  860,  799,  541,  881,  727,  119,  320,  372,  883,  758,  485,  634,  371,  923,  134,  394,    0,  893,  223,  642,  622,  631, 1040,  442,  122,  652,   23,  618,  907,  582,  812,  291,  424,  745,  704,  678,  709,  729,  871,  679,  755,  676,  383,  228,  546,  585,  107,  459,  762,   67,  629,  763,  645,  947,  842,  678,  871,  545,  262,  334,  598,  771,  100,  641,  693,  844,  713, 1009,  548,  809,  170,  689,  949,  645,  466,  873, 1054,  638,  236,  741,  528,  257,  836,  709,  442,  529,  755,  878,  341,  598,  660,  412,   94,  685,  829,  719,  665,  240,  246,  909,  779,  561,  840,  720,  559,  735,  579,  870,  315,  744,  385,  941,  732,  769,  579,  325,  965,  480,  798,  309,  664,  751,  280,  321,  146,  633,  449,  137,  682,  678,  391,  352,  110,  741,  268,  847,  120,   65,  883,  661,  732,  589,  518,  884,  521,  254,  429,  767,  172,  303,  661,  170,  555,  663,  955,  748,  709,  370,  597,  893,  113,  327,  405,  710],
        [ 1065,    0,  990,  817,  382,  362,  402,  742,  812, 1156,  549,  400,  726, 1003,  809,  856,  656,  625,  491,  884,  999,  576,  956, 1049,  893,    0,  927, 1133,  348,  524,  960,  831,  986, 1271,  885,  780,  483,  977,  227,  618,  491,  889,  193, 1216,  225,  227,   25,  631,  373,  593,  684,  691,  989,  309,  917,  440,  216,  828,  724, 1356,  264, 1021,  816, 1027,  740,  916,  963,  574,  306, 1024,  798, 1207,  206,  843,  259,  812,  613,  180,  776,  216, 1007, 1260,  587, 1016,  847,  373,  769,  508,  973,  642,   73,  463, 1107,  936, 1304, 1040,  732, 1169,  994,  542,  976, 1226,   65,  446,  872,  736,  648,  661,  357, 1084,  778, 1014,  680,  958,  328,  839, 1075, 1223,  890,  542,  760,  589,  315,  667, 1012, 1151,  635,  620,  559,  254,  626,  608,  756,  934,  531,  810,  403,  895, 1132,  706,  784, 1356,  641,   68,  783,  958,   26,  673,  196, 1142,  728,   10,  876,  640,  715,  680,  816, 1036, 1218,  893,  348,  912,  750, 1107,  869,  866, 1131,   56,  949,  731,  911,  199],
        [  784,    0, 1223,  767,  562,  766,  703,  310, 1053, 1022,  697, 1004,  916,  287,  531,  589, 1053,  929,  615,  846,  592, 1076,  113,  612,  223,  927,    0,  864,  724,  785, 1239,  655,  164,  863,  244,  819, 1044,  803,  899,  414,  437,  954,  754,  897,  783,  807,  903,  854,  876,  845,  568,  251,  768,  627,  119,  495,  843,  222,  822,  974,  664, 1157, 1037,  899, 1054,  763,  483,  447,  622,  989,  271,  858,  722, 1042,  800, 1192,  721,  884,  362,  712, 1158,  857,  628, 1087, 1237,  751,  435,  891,  750,  315,  882,  850,  657,  749,  970, 1094,  536,  816,  880,  547,  278,  904,  868,  856,  875,  428,  346, 1077,  897,  783, 1030,  939,  746,  950,  600, 1066,  521,  964,  605, 1087,  925,  933,  628,  497, 1174,  692,  969,  450,  826,  841,  317,  458,  305,  850,  587,  340,  808,  890,  595,  541,  264,  949,  302,  894,  215,  226,  912,  844,  800,  809,  714,  918,  736,  332,  623,  947,  123,  516,  879,   58,  628,  877, 1133,  970,  917,  588,  818,  940,  130,  521,  626,  771],
        [   85,    0,  583,  321,  852,  773,  732,  629,  537,  184,  584,  871,  494,  600,  395,  326,  685,  603,  658,  281,  272,  784,  762,  260,  642, 1133,  864,    0,  786,  622,  630,  314,  724,  182,  622,  378,  836,  159,  938,  650,  868,  359,  962,   87,  909,  907, 1122,  548,  800,  580,  479,  775,  146,  907,  746,  849,  923,  662,  438,  230,  990,  469,  515,  158,  607,  218,  382,  671,  949,  256,  628,  100, 1002,  495,  876,  702,  522,  969,  552, 1011,  482,  172,  554,  382,  730,  761,  493,  687,  164,  747, 1060,  706,  237,  198,  172,  370,  451,   96,  179,  632,  598,   97, 1074,  724,  311,  524,  690,  706,  826,   82,  545,  212,  459,  282,  945,  525,  377,  107,  295,  827,  466,  640,  887,  533,  498,  228,  626,  614,  604,  889,  777,  621,  622,  226,  625,  554,  745,  297,  330,  472,  645,  240,  776, 1067,  701,  646, 1138,  500,  937,   76,  405, 1128,  257,  720,  429,  564,  798,  362,   99,  812,  826,  270,  687,  154,  347,  320,   56, 1101,  742,  461,  269,  941],
        [  717,    0,  728,  473,  206,   51,   54,  464,  535,  820,  203,  285,  420,  718,  471,  512,  429,  345,  153,  545,  658,  400,  718,  708,  622,  348,  724,  786,    0,  200,  713,  483,  734,  924,  609,  445,  340,  631,  193,  332,  335,  569,  185,  868,  124,  127,  337,  319,  161,  283,  342,  474,  642,  196,  676,  268,  152,  564,  393, 1008,  261,  730,  533,  686,  484,  569,  635,  290,  245,  695,  523,  859,  244,  556,  100,  596,  269,  202,  475,  258,  719,  912,  240,  708,  639,   45,  449,  242,  625,  410,  276,  185,  765,  589,  957,  730,  394,  822,  653,  219,  691,  879,  289,  178,  539,  421,  388,  445,  176,  736,  501,  678,  338,  629,  257,  561,  748,  878,  545,  394,  451,  321,  176,  340,  729,  808,  371,  317,  247,  131,  411,  305,  477,  594,  195,  512,  114,  562,  798,  368,  514, 1008,  425,  284,  534,  686,  353,  353,  153,  794,  382,  343,  529,  395,  368,  394,  602,  706,  870,  677,  124,  576,  528,  768,  543,  522,  783,  322,  705,  396,  566,  158],
        [  564,    0,  537,  302,  371,  167,  160,  485,  343,  633,   91,  277,  221,  702,  386,  402,  274,  162,  182,  361,  552,  293,  750,  599,  631,  524,  785,  622,  200,    0,  528,  350,  752,  778,  613,  257,  281,  464,  317,  372,  475,  371,  382,  708,  310,  300,  517,  120,  180,   86,  265,  551,  485,  385,  710,  416,  309,  587,  200,  851,  458,  532,  338,  505,  304,  407,  561,  345,  435,  501,  538,  706,  443,  359,  268,  431,  112,  351,  464,  458,  522,  766,  167,  509,  477,  161,  411,  111,  471,  487,  452,   93,  649,  432,  794,  530,  320,  673,  472,  242,  678,  719,  471,  109,  349,  395,  443,  297,  207,  585,  310,  490,  165,  436,  443,  367,  667,  706,  430,  311,  252,  153,  364,  308,  532,  688,  197,  336,   52,  272,  499,  328,  494,  413,  200,  500,  124,  372,  702,  298,  537,  856,  510,  457,  574,  688,  534,  154,  336,  644,  224,  520,  371,  463,  254,  203,  665,  624,  714,  731,  301,  388,  366,  584,  347,  413,  630,  486,  733,  329,  444,  351],
        [  640,    0,   57,  485,  898,  667,  683,  931,  192,  490,  587,  566,  330, 1065,  723,  684,  304,  370,  701,  428,  775,  393, 1173,  800, 1040,  960, 1239,  630,  713,  528,    0,  607, 1157,  807, 1018,  423,  487,  539,  735,  854,  998,  309,  876,  698,  794,  773,  963,  417,  600,  444,  673, 1037,  587,  908, 1139,  942,  763, 1019,  418,  813,  973,  172,  204,  478,  230,  538,  851,  841,  957,  374,  969,  726,  947,  197,  744,  162,  538,  785,  879,  964,  155,  798,  637,  252,  151,  669,  807,  476,  592,  978,  899,  532,  815,  566,  742,  270,  704,  723,  469,  742, 1049,  704,  927,  542,  390,  812,  925,  300,  609,  661,  221,  421,  497,  359,  967,  174,  917,  637,  685,  436,  315,  394,  886,  747,  143,  830,  343,  811,  477,  726,  998,  807,  935,  455,  705,  906,  604,  385,  906,  699,  976,  838, 1006,  898, 1026, 1079,  978,  408,  813,  698,  525,  960,  542,  951,  616,  326, 1130,  881,  719, 1181,  826,  409,  214,  486,  341,  689,  676,  908, 1152,  719,  676,  839],
        [  238,    0,  582,  122,  538,  478,  430,  366,  439,  406,  289,  623,  324,  458,  124,   78,  513,  397,  347,  192,  209,  588,  576,  254,  442,  831,  655,  314,  483,  350,  607,    0,  554,  441,  420,  193,  610,  178,  652,  350,  563,  305,  654,  391,  607,  608,  818,  321,  528,  339,  166,  503,  170,  593,  546,  539,  629,  434,  228,  528,  676,  505,  418,  267,  471,  121,  253,  365,  636,  339,  387,  378,  690,  415,  578,  602,  238,  677,  298,  698,  507,  430,  245,  433,  643,  465,  225,  441,  150,  461,  759,  442,  300,  123,  481,  439,  148,  339,  240,  319,  443,  402,  770,  458,  224,  245,  402,  539,  555,  255,  426,  294,  195,  296,  631,  444,  341,  415,   90,  621,  317,  425,  574,  227,  524,  339,  433,  310,  350,  598,  490,  315,  365,  199,  313,  316,  462,  236,  361,  163,  399,  526,  492,  766,  455,  475,  834,  282,  635,  312,  132,  825,   85,  433,  117,  383,  561,  299,  390,  598,  514,  223,  560,  350,  269,   85,  303,  804,  555,  161,   97,  636],
        [  648,    0, 1135,  674,  606,  767,  702,  272,  978,  891,  661,  998,  847,  128,  435,  481, 1005,  879,  602,  744,  454, 1044,   53,  466,  122,  986,  164,  724,  734,  752, 1157,  554,    0,  707,  142,  735, 1026,  682,  920,  402,  502,  858,  801,  749,  814,  835,  963,  800,  871,  798,  505,  299,  643,  678,   76,  547,  869,  170,  749,  817,  731, 1058,  960,  777,  992,  650,  346,  444,  684,  874,  215,  709,  783,  962,  821, 1129,  669,  915,  291,  776, 1061,  702,  586,  982, 1174,  752,  356,  862,  626,  345,  933,  829,  506,  631,  818,  985,  461,  668,  762,  529,  126,  755,  923,  837,  778,  362,  349, 1030,  895,  644,  959,  822,  680,  843,  664,  988,  365,  821,  489, 1062,  851,  890,  674,  446, 1077,  537,  920,  425,  785,  860,  361,  436,  261,  740,  566,  258,  799,  789,  437,  473,  221,  792,  347,  944,  205,   81,  975,  782,  835,  664,  637,  977,  630,  349,  549,  888,  191,  367,  729,  138,  658,  773, 1076,  841,  823,  478,  675,  990,   44,  447,  507,  811],
        [  216,    0,  758,  482,  960,  918,  870,  682,  719,  333,  728, 1038,  670,  579,  484,  424,  863,  776,  784,  456,  307,  961,  753,  267,  652, 1271,  863,  182,  924,  778,  807,  441,  707,    0,  635,  547, 1008,  326, 1089,  735,  953,  540, 1092,  111, 1047, 1049, 1258,  716,  958,  745,  594,  826,  295, 1022,  746,  946, 1068,  688,  606,  112, 1103,  642,  697,  340,  788,  374,  400,  764, 1060,  434,  665,   83, 1124,  677, 1019,  883,  671, 1116,  607, 1130,  656,   12,  685,  557,  911,  905,  564,  852,  308,  811, 1199,  866,  212,  347,  123,  542,  554,  106,  360,  746,  586,  107, 1210,  883,  489,  599,  759,  886,  985,  194,  726,  393,  614,  464, 1052,  707,  343,  188,  389, 1003,  644,  812, 1004,  632,  671,  172,  802,  706,  766, 1037,  842,  715,  672,  403,  747,  597,  897,  477,  271,  578,  684,   93,  838, 1207,  735,  638, 1274,  669, 1076,  136,  555, 1265,  408,  788,  556,  740,  821,  349,   88,  817,  947,  449,  869,  322,  528,  414,  152, 1244,  734,  559,  365, 1075],
        [  541,    0,  998,  537,  504,  639,  573,  146,  838,  778,  522,  865,  706,  120,  298,  350,  863,  738,  470,  611,  351,  904,  156,  376,   23,  885,  244,  622,  609,  613, 1018,  420,  142,  635,    0,  596,  889,  560,  799,  278,  422,  723,  695,  659,  698,  717,  863,  659,  740,  657,  363,  230,  524,  578,  128,  453,  750,   66,  608,  747,  640,  925,  820,  657,  850,  522,  243,  321,  592,  749,   88,  623,  687,  822,  700,  988,  528,  797,  150,  683,  927,  628,  447,  851, 1032,  623,  215,  723,  507,  254,  827,  692,  425,  507,  737,  856,  320,  580,  638,  397,   94,  667,  821,  701,  643,  221,  238,  889,  764,  541,  819,  698,  538,  713,  574,  849,  301,  724,  363,  923,  710,  749,  571,  306,  943,  464,  778,  294,  645,  738,  278,  306,  133,  611,  432,  116,  666,  656,  378,  331,  101,  725,  267,  838,  121,   78,  876,  640,  721,  570,  497,  876,  499,  248,  408,  746,  186,  287,  643,  191,  545,  641,  934,  726,  687,  348,  578,  884,  135,  305,  384,  701],
