{
    "name": "random-91-12837",
    "comment": "size=91 seed=12837",
    "nodes": ["+0", "-0", "+1", "-1", "+2", "-2", "+3", "-3", "+4", "-4", "+5", "-5", "+6", "-6", "+7", "-7", "+8", "-8", "+9", "-9", "+10", "-10", "+11", "-11", "+12", "-12", "+13", "-13", "+14", "-14", "+15", "-15", "+16", "-16", "+17", "-17", "+18", "-18", "+19", "-19", "+20", "-20", "+21", "-21", "+22", "-22", "+23", "-23", "+24", "-24", "+25", "-25", "+26", "-26", "+27", "-27", "+28", "-28", "+29", "-29", "+30", "-30", "+31", "-31", "+32", "-32", "+33", "-33", "+34", "-34", "+35", "-35", "+36", "-36", "+37", "-37", "+38", "-38", "+39", "-39", "+40", "-40", "+41", "-41", "+42", "-42", "+43", "-43", "+44", "-44", "+45", "-45", "+46", "-46", "+47", "-47", "+48", "-48", "+49", "-49", "+50", "-50", "+51", "-51", "+52", "-52", "+53", "-53", "+54", "-54", "+55", "-55", "+56", "-56", "+57", "-57", "+58", "-58", "+59", "-59", "+60", "-60", "+61", "-61", "+62", "-62", "+63", "-63", "+64", "-64", "+65", "-65", "+66", "-66", "+67", "-67", "+68", "-68", "+69", "-69", "+70", "-70", "+71", "-71", "+72", "-72", "+73", "-73", "+74", "-74", "+75", "-75", "+76", "-76", "+77", "-77", "+78", "-78", "+79", "-79", "+80", "-80", "+81", "-81", "+82", "-82", "+83", "-83", "+84", "-84", "+85", "-85", "+86", "-86", "+87", "-87", "+88", "-88", "+89", "-89", "+90", "-90", "+91", "-91"],
    "precedence": {
        "+0": "-0",
        "+1": "-1",
        "+2": "-2",
        "+3": "-3",
        "+4": "-4",
        "+5": "-5",
        "+6": "-6",
        "+7": "-7",
        "+8": "-8",
        "+9": "-9",
        "+10": "-10",
        "+11": "-11",
        "+12": "-12",
        "+13": "-13",
        "+14": "-14",
        "+15": "-15",
        "+16": "-16",
        "+17": "-17",
        "+18": "-18",
        "+19": "-19",
        "+20": "-20",
        "+21": "-21",
        "+22": "-22",
        "+23": "-23",
        "+24": "-24",
        "+25": "-25",
        "+26": "-26",
        "+27": "-27",
        "+28": "-28",
        "+29": "-29",
        "+30": "-30",
        "+31": "-31",
        "+32": "-32",
        "+33": "-33",
        "+34": "-34",
        "+35": "-35",
        "+36": "-36",
        "+37": "-37",
        "+38": "-38",
        "+39": "-39",
        "+40": "-40",
        "+41": "-41",
        "+42": "-42",
        "+43": "-43",
        "+44": "-44",
        "+45": "-45",
        "+46": "-46",
        "+47": "-47",
        "+48": "-48",
        "+49": "-49",
        "+50": "-50",
        "+51": "-51",
        "+52": "-52",
        "+53": "-53",
        "+54": "-54",
        "+55": "-55",
        "+56": "-56",
        "+57": "-57",
        "+58": "-58",
        "+59": "-59",
        "+60": "-60",
        "+61": "-61",
        "+62": "-62",
        "+63": "-63",
        "+64": "-64",
        "+65": "-65",
        "+66": "-66",
        "+67": "-67",
        "+68": "-68",
        "+69": "-69",
        "+70": "-70",
        "+71": "-71",
        "+72": "-72",
        "+73": "-73",
        "+74": "-74",
        "+75": "-75",
        "+76": "-76",
        "+77": "-77",
        "+78": "-78",
        "+79": "-79",
        "+80": "-80",
        "+81": "-81",
        "+82": "-82",
        "+83": "-83",
        "+84": "-84",
        "+85": "-85",
        "+86": "-86",
        "+87": "-87",
        "+88": "-88",
        "+89": "-89",
        "+90": "-90",
        "+91": "-91"
    },
    "edges": [
        [    0,    0,  339,  706,  516,  456,  328,  285,  594,  310,  255,  503,  565,  495,  650,  560,  387,  268,  330,  344,  361,  474,  740,  750,  421,  593,  547,  402,  436,  186,  312,  518,  283,  178,  583,  553,  423,  630,  161,  266,  441,  616,  700,  277,  468,  794,  716,  872,  182,  648,  817,  354,  755,  798,  241,  645,  416,  527,  275,  521,  475,  687,  136,  247,  343,  301,  217,  478,  270,  421,  578,  578,  334,  724,  476,  829,  232,  571,  420,  468,  417,  194,  241,  671,   97,  288,  377,  249,  445,  420,  368,  463,  332,  120,  150,  487,  439,  473,  532,  474,  653,  233,  568,  204,  165,  620,  196,  410,  630,  529,  409,  493,  663,  406,   80,  468,  251,  275,  451,  361,  152,  569,  304,  439,  739,  754,  193,  353,  388,  638,  764,  730,   37,  289,  887,  727,  705,  451,  147,  265,  258,  326,  115,  284,  337,  185,  288,   98,  430,  629,  340,  616,   95,  286,  328,  254,  505,  178,  551,  604,  165,  449,  436,  428,   70,  234,  476,  491,  746,  340,  317,  509,  247,  271,  424,  415,  435,  172,  214,  289,  531,  433,  271,  333],
        [    0,    0,    0,    0,    0,    0,    0,    0,    0,    0,    0,    0,    0,    0,    0,    0,    0,    0,    0,    0,    0,    0,    0,    0,    0,    0,    0,    0,    0,    0,    0,    0,    0,    0,    0,    0,    0,    0,    0,    0,    0,    0,    0,    0,    0,    0,    0,    0,    0,    0,    0,    0,    0,    0,    0,    0,    0,    0,    0,    0,    0,    0,    0,    0,    0,    0,    0,    0,    0,    0,    0,    0,    0,    0,    0,    0,    0,    0,    0,    0,    0,    0,    0,    0,    0,    0,    0,    0,    0,    0,    0,    0,    0,    0,    0,    0,    0,    0,    0,    0,    0,    0,    0,    0,    0,    0,    0,    0,    0,    0,    0,    0,    0,    0,    0,    0,    0,    0,    0,    0,    0,    0,    0,    0,    0,    0,    0,    0,    0,    0,    0,    0,    0,    0,    0,    0,    0,    0,    0,    0,    0,    0,    0,    0,    0,    0,    0,    0,    0,    0,    0,    0,    0,    0,    0,    0,    0,    0,    0,    0,    0,    0,    0,    0,    0,    0,    0,    0,    0,    0,    0,    0,    0,    0,    0,    0,    0,    0,    0,    0,    0,    0,    0,    0],
        [  339,    0,    0,  514,  189,  480,  328,  615,  278,  612,  257,  467,  572,  247,  586,  636,  264,  595,  508,  485,  190,  256,  588,  453,  411,  577,  384,  245,  314,  513,  177,  269,  473,  207,  302,  445,  188,  355,  339,  599,  350,  490,  400,  348,  181,  469,  426,  557,  498,  374,  509,  669,  572,  644,  460,  319,   84,  678,  593,  183,  540,  357,  264,  249,  583,  498,  133,  763,  559,  390,  271,  259,  454,  549,  156,  672,  564,  239,  492,  508,  547,  201,  318,  372,  389,  561,  159,  588,  518,  418,  501,  369,   13,  449,  405,  249,  190,  456,  524,  601,  494,  542,  288,  163,  502,  500,  412,  440,  345,  294,  555,  472,  329,  174,  311,  192,  586,  114,  533,  328,  482,  426,   44,  694,  514,  437,  500,  490,   70,  435,  646,  391,  375,  563,  571,  389,  376,  169,  468,  487,  568,  358,  452,  536,  301,  246,   77,  266,  561,  411,  581,  416,  347,  624,  187,  567,  540,  483,  341,  523,  493,  342,  230,   93,  392,  445,  492,  456,  583,  653,  554,  502,  561,  602,  455,  601,  465,  500,  307,   57,  204,  497,  384,  650],
        [  706,    0,  514,    0,  562,  383,  401,  875,  628,  811,  453,  297,  364,  269,  252, 1147,  775,  960,  588,  537,  701,  261,  104,  779,  924,  328,  871,  753,  272,  884,  690,  725,  595,  679,  257,  191,  678,  220,  797,  872,  277,  142,  737,  846,  344,  699,  774,  803,  763,  768,  792,  876,   59,  142,  917,  386,  460, 1173,  975,  480, 1050,  406,  571,  461, 1036,  968,  604,  884,  756,  330,  647,  610,  508,   48,  571,  166,  843,  417,  999,  406, 1044,  518,  810,  276,  796,  990,  368,  899, 1026,  359,  995,  260,  526,  755,  837,  719,  671,  970, 1037, 1100,   76,  938,  262,  526,  821,  149,  613,  951,  244,  754,  559,  319,  569,  670,  632,  328,  873,  620,  467,  363,  780,  916,  505,  784,   78,  714,  898,  533,  450,   80,  189,  536,  731,  736,  805,  510,  627,  350,  851,  945,  962,  866,  808,  694,  813,  521,  583,  609,  541,  858,  699,  876,  641,  919,  389,  801,  401,  883,  808,  215,  863,  850,  724,  466,  714,  905, 1005,  301,   85,  863, 1007,  336,  950,  869,  394, 1081,  393,  787,  511,  556,  399,  440,  506,  867],
        [  516,    0,  189,  562,    0,  636,  496,  798,   93,  800,  437,  605,  715,  311,  700,  676,  286,  758,  692,  665,  230,  343,  655,  272,  445,  711,  323,  252,  442,  679,  258,  169,  660,  358,  307,  555,  165,  354,  479,  781,  484,  584,  219,  444,  235,  281,  250,  368,  683,  217,  323,  855,  619,  703,  588,  232,  148,  751,  751,   83,  587,  253,  453,  430,  706,  613,  300,  952,  747,  539,   95,   72,  633,  605,   43,  728,  746,  159,  551,  667,  625,  389,  428,  333,  550,  699,  291,  764,  573,  573,  588,  499,  192,  631,  553,  173,  148,  475,  533,  670,  567,  697,  300,  352,  680,  595,  601,  488,  334,  198,  733,  615,  150,  170,  498,  253,  766,  249,  700,  487,  664,  369,  232,  882,  535,  249,  657,  669,  182,  487,  727,  231,  552,  751,  382,  238,  190,  238,  633,  613,  722,  432,  625,  725,  361,  434,  229,  452,  737,  297,  769,  315,  534,  802,  346,  754,  694,  640,  252,  636,  660,  337,  203,  133,  575,  573,  522,  596,  642,  840,  678,  646,  718,  785,  615,  698,  625,  683,  493,  229,  164,  663,  566,  836],
        [  456,    0,  480,  383,  636,    0,  158,  529,  727,  448,  246,   87,  110,  371,  211,  999,  710,  659,  217,  167,  646,  328,  359,  906,  816,  139,  855,  704,  209,  596,  611,  749,  238,  526,  452,  193,  665,  464,  599,  532,  167,  245,  854,  692,  423,  878,  885,  981,  436,  845,  947,  511,  406,  409,  696,  593,  489,  980,  684,  579,  907,  632,  340,  256,  796,  756,  482,  503,  399,   99,  730,  705,  148,  373,  618,  437,  510,  566,  851,   32,  865,  336,  652,  534,  552,  733,  345,  574,  878,   63,  815,  164,  486,  452,  606,  728,  668,  869,  935,  923,  308,  661,  443,  370,  512,  240,  291,  823,  482,  773,  177,   65,  726,  650,  378,  407,  540,  533,   87,  152,  466,  892,  444,  402,  451,  867,  628,  160,  456,  357,  347,  741,  466,  373,  990,  723,  787,  412,  577,  721,  681,  731,  523,  331,  707,  304,  510,  382,  160,  891,  324,  894,  365,  584,  295,  453,   60,  617,  819,  190,  578,  790,  703,  504,  431,  688,  888,   82,  377,  499,  770,   60,  666,  526,   32,  870,   22,  466,  249,  484,  523,   57,  188,  506],
        [  328,    0,  328,  401,  496,  158,    0,  476,  588,  420,   89,  179,  262,  278,  325,  850,  552,  565,  225,  183,  489,  239,  418,  767,  661,  280,  698,  546,  140,  492,  453,  596,  212,  372,  372,  230,  510,  401,  456,  472,  124,  293,  715,  541,  307,  754,  744,  853,  363,  699,  815,  486,  443,  475,  562,  495,  349,  842,  583,  449,  756,  537,  198,  100,  670,  620,  324,  524,  363,   95,  588,  567,  149,  410,  474,  506,  443,  451,  701,  184,  722,  180,  501,  463,  424,  614,  212,  499,  728,  103,  671,  143,  333,  357,  474,  574,  515,  713,  780,  779,  338,  551,  360,  213,  423,  295,  213,  670,  413,  620,  243,  173,  602,  494,  249,  295,  473,  376,  205,   39,  380,  735,  290,  433,  451,  736,  514,  185,  314,  347,  437,  631,  346,  348,  864,  616,  660,  292,  465,  588,  574,  578,  416,  308,  550,  155,  353,  241,  243,  737,  329,  739,  248,  518,  151,  404,  218,  501,  664,  277,  472,  632,  547,  364,  321,  552,  734,  167,  427,  472,  643,  196,  561,  469,  130,  735,  141,  386,  116,  328,  406,  170,  111,  474],
        [  285,    0,  615,  875,  798,  529,  476,    0,  878,  104,  448,  606,  618,  722,  740,  720,  659,  196,  318,  365,  642,  691,  878, 1035,  654,  659,  814,  679,  614,  199,  593,  801,  292,  460,  817,  693,  707,  856,  396,   24,  599,  755,  985,  511,  715, 1078, 1001, 1156,  122,  931, 1102,   93,  913,  932,  391,  904,  686,  634,  233,  795,  659,  946,  363,  445,  413,  439,  500,  242,  134,  549,  862,  862,  383,  879,  759,  961,   54,  836,  611,  523,  571,  434,  486,  909,  293,  338,  614,   88,  630,  527,  534,  616,  610,  167,  332,  770,  723,  700,  745,  614,  808,  253,  802,  461,  130,  754,  264,  627,  862,  811,  389,  588,  943,  690,  306,  711,   48,  559,  476,  514,  135,  829,  576,  261,  926, 1039,  254,  373,  654,  822,  876, 1004,  250,  165, 1172,  998,  987,  698,  229,  397,  254,  563,  198,  203,  595,  401,  572,  350,  416,  905,  234,  889,  274,   67,  551,   77,  552,  259,  828,  715,  201,  711,  717,  700,  224,  395,  687,  597,  892,   85,  403,  589,  239,   15,  505,  519,  511,  115,  378,  569,  793,  481,  370,   73],
        [  594,    0,  278,  628,   93,  727,  588,  878,    0,  885,  528,  693,  803,  392,  783,  683,  312,  825,  783,  757,  273,  426,  726,  180,  460,  798,  300,  277,  530,  748,  311,  153,  750,  428,  372,  638,  199,  413,  539,  860,  573,  663,  127,  487,  318,  202,  160,  281,  766,  140,  232,  939,  684,  770,  640,  266,  240,  773,  815,  157,  601,  273,  540,  522,  753,  658,  378, 1039,  834,  629,   31,   22,  725,  674,  123,  794,  825,  213,  573,  758,  652,  478,  477,  378,  619,  754,  382,  839,  591,  664,  621,  587,  279,  711,  616,  172,  180,  480,  532,  692,  641,  760,  368,  440,  757,  675,  689,  508,  390,  175,  825,  704,  112,  211,  582,  336,  844,  321,  791,  579,  744,  344,  321,  971,  593,  161,  722,  761,  274,  557,  801,  204,  630,  839,  295,  221,  122,  324,  702,  663,  785,  466,  699,  814,  395,  523,  307,  536,  829,  244,  859,  269,  619,  878,  438,  837,  784,  705,  223,  719,  730,  343,  222,  225,  656,  625,  530,  685,  711,  924,  727,  735,  782,  864,  706,  733,  716,  764,  584,  313,  233,  754,  658,  919],
        [  310,    0,  612,  811,  800,  448,  420,  104,  885,    0,  410,  530,  530,  684,  656,  802,  696,  295,  233,  282,  669,  649,  804, 1050,  713,  572,  856,  712,  559,  282,  620,  824,  217,  486,  780,  624,  729,  815,  448,  120,  539,  683,  998,  567,  688, 1080, 1018, 1165,  130,  952, 1113,   66,  844,  856,  466,  880,  676,  725,  331,  787,  734,  923,  350,  410,  505,  520,  512,  170,   58,  482,  872,  867,  306,  810,  763,  884,  126,  818,  683,  439,  652,  418,  537,  872,  348,  430,  585,  186,  705,  455,  611,  553,  609,  195,  395,  794,  743,  762,  812,  698,  740,  342,  766,  451,  192,  681,  217,  691,  823,  837,  295,  510,  939,  711,  304,  682,  141,  575,  387,  457,  170,  876,  571,  162,  867, 1046,  335,  289,  642,  764,  795,  992,  281,   76, 1180,  984,  988,  671,  300,  477,  348,  619,  256,  118,  641,  378,  580,  349,  322,  939,  136,  926,  267,  170,  519,   61,  465,  337,  860,  637,  278,  756,  744,  691,  241,  468,  754,  521,  819,   52,  491,  507,  333,  110,  427,  608,  432,  149,  339,  573,  774,  396,  310,   58],
        [  255,    0,  257,  453,  437,  246,   89,  448,  528,  410,    0,  266,  351,  275,  410,  762,  466,  508,  257,  229,  405,  243,  485,  707,  572,  369,  615,  462,  183,  431,  367,  521,  229,  283,  371,  300,  431,  409,  371,  439,  187,  362,  653,  453,  280,  706,  681,  801,  328,  630,  758,  474,  501,  544,  481,  473,  293,  757,  523,  401,  668,  516,  120,   11,  594,  538,  237,  537,  353,  180,  525,  508,  197,  469,  409,  575,  407,  418,  613,  269,  636,   91,  413,  463,  349,  542,  177,  455,  640,  192,  585,  209,  260,  307,  395,  497,  438,  624,  691,  694,  399,  486,  357,  125,  373,  367,  193,  581,  416,  544,  299,  261,  556,  415,  180,  273,  436,  291,  282,  113,  335,  651,  216,  456,  492,  683,  447,  234,  258,  389,  513,  597,  279,  345,  814,  585,  612,  264,  399,  508,  510,  489,  355,  310,  462,   72,  270,  162,  305,  660,  345,  660,  190,  481,  110,  381,  305,  432,  585,  358,  410,  546,  466,  309,  262,  471,  645,  253,  491,  459,  566,  285,  497,  438,  216,  653,  227,  346,   71,  247,  372,  250,  130,  459],
        [  503,    0,  467,  297,  605,   87,  179,  606,  693,  530,  266,    0,  111,  317,  148, 1027,  713,  724,  299,  249,  645,  276,  275,  869,  832,  111,  849,  703,  163,  657,  615,  732,  315,  547,  389,  109,  654,  393,  634,  607,  121,  159,  819,  718,  379,  831,  852,  935,  506,  819,  905,  593,  320,  327,  739,  534,  461, 1020,  746,  540,  933,  571,  376,  276,  845,  798,  492,  589,  478,   86,  699,  672,  225,  287,  592,  356,  583,  516,  877,  110,  900,  355,  678,  465,  600,  787,  318,  645,  905,   85,  849,  108,  475,  515,  650,  714,  655,  884,  952,  958,  222,  719,  381,  384,  578,  155,  356,  844,  414,  758,  263,   23,  681,  640,  423,  362,  613,  536,  171,  154,  533,  889,  436,  488,  366,  825,  684,  243,  432,  275,  272,  687,  517,  454,  943,  666,  742,  371,  634,  765,  740,  752,  582,  412,  720,  333,  508,  419,  245,  875,  409,  881,  417,  658,  282,  530,  113,  672,  807,  110,  638,  794,  695,  475,  487,  730,  907,   13,  292,  581,  819,   48,  726,  602,  103,  913,  100,  535,  290,  481,  477,  144,  248,  587],
        [  565,    0,  572,  364,  715,  110,  262,  618,  803,  530,  351,  111,    0,  427,  136, 1107,  811,  760,  300,  255,  745,  386,  311,  980,  922,   45,  952,  803,  274,  700,  712,  839,  330,  633,  494,  198,  759,  494,  708,  623,  231,  224,  929,  800,  489,  941,  962, 1045,  533,  928, 1016,  588,  372,  351,  805,  641,  570, 1089,  786,  651, 1015,  676,  449,  362,  903,  864,  585,  556,  485,  183,  809,  782,  245,  341,  701,  375,  604,  626,  959,  100,  974,  441,  760,  566,  661,  839,  426,  670,  986,  160,  924,  218,  579,  555,  714,  820,  761,  975, 1042, 1032,  289,  765,  488,  475,  613,  215,  393,  930,  516,  865,  238,  101,  791,  744,  487,  472,  633,  634,  143,  248,  567,  991,  538,  456,  439,  935,  734,  247,  540,  361,  277,  795,  573,  456, 1053,  774,  852,  481,  683,  829,  784,  838,  628,  416,  812,  412,  608,  491,  213,  982,  398,  987,  472,  676,  386,  543,   66,  723,  912,  149,  683,  891,  798,  584,  537,  797,  995,  119,  334,  579,  878,   71,  769,  616,  141,  979,  131,  565,  358,  581,  587,  141,  295,  586],
        [  495,    0,  247,  269,  311,  371,  278,  722,  392,  684,  275,  317,  427,    0,  392,  882,  506,  761,  502,  460,  433,   43,  351,  562,  657,  415,  606,  484,  163,  680,  423,  465,  488,  427,   97,  248,  411,  137,  554,  712,  205,  273,  513,  587,   78,  515,  548,  619,  601,  526,  592,  748,  328,  404,  676,  223,  192,  917,  769,  236,  785,  263,  370,  277,  799,  723,  350,  800,  626,  274,  404,  371,  425,  307,  312,  431,  679,  200,  736,  403,  787,  302,  554,  189,  573,  763,  120,  723,  763,  313,  739,  212,  259,  573,  605,  455,  405,  701,  768,  842,  259,  725,   83,  294,  638,  285,  467,  686,  141,  494,  513,  332,  365,  402,  434,   61,  707,  356,  451,  250,  603,  651,  243,  711,  269,  511,  683,  461,  181,  190,  418,  371,  526,  616,  626,  352,  426,   82,  641,  705,  750,  602,  607,  579,  547,  324,  319,  399,  508,  603,  605,  617,  455,  751,  172,  656,  422,  667,  547,  328,  659,  581,  456,  200,  523,  663,  738,  311,  342,  733,  770,  363,  740,  712,  360,  832,  367,  616,  346,  292,  163,  413,  383,  734],
        [  650,    0,  586,  252,  700,  211,  325,  740,  783,  656,  410,  148,  136,  392,    0, 1169,  842,  867,  424,  376,  771,  358,  181,  952,  969,   92,  970,  828,  273,  802,  745,  842,  448,  687,  437,  146,  772,  423,  780,  743,  240,  130,  904,  860,  466,  896,  940, 1001,  646,  916,  979,  717,  247,  217,  886,  584,  565, 1166,  891,  627, 1074,  615,  522,  420,  992,  944,  628,  691,  609,  231,  794,  762,  359,  220,  694,  240,  721,  587, 1019,  218, 1045,  498,  820,  493,  747,  934,  429,  785, 1047,  231,  994,  219,  596,  659,  797,  827,  771, 1020, 1088, 1103,  184,  865,  434,  523,  721,  118,  499,  983,  447,  870,  369,  159,  752,  760,  571,  448,  750,  667,  272,  297,  675, 1012,  560,  590,  329,  899,  831,  368,  541,  271,  142,  741,  664,  581, 1007,  717,  812,  462,  780,  912,  886,  892,  728,  540,  856,  479,  636,  566,  345,  984,  527,  994,  564,  795,  408,  663,  194,  819,  921,   65,  783,  922,  815,  577,  633,  877, 1046,  160,  206,  706,  966,  152,  871,  737,  239, 1059,  231,  676,  437,  608,  554,  260,  392,  713],
        [  560,    0,  636, 1147,  676,  999,  850,  720,  683,  802,  762, 1027, 1107,  882, 1169,    0,  393,  538,  889,  903,  461,  887, 1212,  722,  233, 1130,  401,  425,  912,  522,  460,  531,  842,  483,  933, 1046,  513,  986,  403,  696,  934, 1101,  699,  310,  815,  841,  686,  856,  688,  614,  794,  812, 1204, 1270,  338,  903,  704,  141,  502,  743,   97,  928,  659,  752,  320,  283,  548,  961,  787,  941,  653,  685,  891, 1179,  641, 1300,  679,  823,  151, 1016,  151,  673,  350,  989,  476,  389,  780,  634,  123,  952,  194,  957,  624,  629,  420,  513,  528,  204,  160,  109, 1117,  469,  920,  647,  611, 1108,  754,  197,  973,  512,  969, 1023,  795,  512,  630,  828,  672,  527, 1006,  874,  642,  371,  642,  959, 1150,  781,  468,  912,  704, 1068, 1259,  886,  566,  815,  875,  902,  795,  805,  503,  326,  473,  282,  553,  824,  336,  696,  564,  618,  989,  505,  881,  472,  654,  669,  773,  743, 1053,  466,  475, 1114,  525,  341,  474,  704,  612,  338,  155, 1015, 1210,  803,  322, 1044,  486,  707,  967,  215,  978,  659,  751,  592,  808,  984,  823,  791],
        [  387,    0,  264,  775,  286,  710,  552,  659,  312,  696,  466,  713,  811,  506,  842,  393,    0,  558,  675,  668,   74,  519,  851,  412,  161,  822,  162,   36,  571,  490,   99,  173,  631,  216,  546,  704,  122,  598,  270,  637,  602,  752,  370,  185,  434,  499,  374,  547,  567,  297,  485,  737,  833,  906,  346,  511,  319,  466,  540,  351,  302,  537,  406,  455,  449,  353,  231,  864,  656,  630,  284,  308,  644,  812,  250,  935,  605,  431,  266,  734,  342,  380,  187,  597,  369,  461,  420,  599,  287,  652,  310,  623,  252,  503,  346,  145,  139,  198,  264,  385,  757,  485,  534,  341,  529,  761,  549,  203,  584,  169,  741,  715,  418,  119,  415,  448,  617,  177,  745,  563,  532,  190,  283,  820,  769,  444,  452,  676,  326,  696,  908,  508,  416,  672,  565,  519,  432,  426,  447,  365,  507,  155,  462,  661,   86,  420,  206,  378,  754,  247,  715,  231,  452,  640,  434,  639,  769,  437,  172,  781,  477,   81,   90,  316,  456,  332,  241,  701,  845,  723,  424,  742,  508,  644,  681,  422,  692,  553,  487,  234,  416,  714,  569,  715],
        [  268,    0,  595,  960,  758,  659,  565,  196,  825,  295,  508,  724,  760,  761,  867,  538,  558,    0,  470,  507,  562,  739,  982,  962,  512,  796,  699,  585,  689,   83,  518,  720,  432,  400,  850,  794,  635,  897,  291,  176,  687,  857,  915,  384,  735, 1027,  925, 1092,  229,  850, 1033,  286, 1006, 1039,  233,  909,  676,  442,   38,  776,  488,  949,  395,  502,  222,  267,  464,  435,  305,  652,  804,  812,  515,  973,  716, 1070,  174,  832,  447,  661,  392,  460,  371,  938,  209,  150,  644,  110,  462,  640,  363,  707,  586,  210,  214,  689,  653,  551,  586,  430,  901,   77,  835,  471,  147,  859,  369,  476,  897,  723,  550,  709,  908,  620,  331,  736,  154,  510,  624,  602,  193,  705,  565,  456,  999,  980,  106,  516,  650,  896,  994,  981,  236,  338, 1109,  981,  943,  718,  127,  229,   65,  431,  155,  366,  480,  444,  533,  363,  576,  801,  411,  779,  320,  136,  592,  247,  694,  122,  728,  832,  104,  592,  632,  687,  247,  242,  528,  713,  992,  280,  216,  717,   56,  187,  630,  329,  638,  196,  451,  541,  793,  619,  477,  268],
        [  330,    0,  508,  588,  692,  217,  225,  318,  783,  233,  257,  299,  300,  502,  424,  889,  675,  470,    0,   52,  627,  463,  574,  960,  743,  341,  834,  680,  356,  421,  582,  762,   47,  464,  596,  398,  668,  623,  490,  324,  327,  456,  907,  602,  527,  963,  933, 1058,  242,  878, 1014,  295,  618,  625,  560,  717,  550,  844,  499,  657,  805,  760,  270,  263,  639,  620,  451,  303,  186,  262,  778,  763,   82,  584,  663,  653,  307,  669,  749,  207,  744,  312,  564,  687,  415,  569,  427,  374,  775,  230,  696,  337,  509,  278,  471,  735,  677,  796,  857,  798,  515,  488,  584,  353,  327,  453,  135,  737,  636,  782,   83,  279,  813,  651,  270,  516,  335,  515,  159,  255,  281,  864,  465,  209,  649,  939,  462,   57,  514,  548,  562,  849,  324,  158, 1070,  836,  868,  511,  413,  580,  504,  650,  357,  117,  646,  267,  505,  299,  107,  895,  111,  890,  238,  377,  360,  243,  235,  455,  817,  406,  406,  749,  696,  566,  279,  556,  803,  292,  590,  283,  618,  275,  488,  317,  197,  728,  201,  275,  201,  487,  624,  164,  128,  290],
        [  344,    0,  485,  537,  665,  167,  183,  365,  757,  282,  229,  249,  255,  460,  376,  903,  668,  507,   52,    0,  616,  419,  523,  935,  747,  295,  825,  671,  310,  453,  573,  745,   76,  462,  553,  347,  652,  577,  501,  369,  279,  405,  882,  610,  489,  932,  909, 1028,  280,  858,  986,  345,  567,  574,  580,  678,  520,  866,  535,  625,  817,  720,  265,  236,  666,  641,  441,  351,  234,  212,  753,  736,   35,  533,  638,  603,  350,  633,  761,  159,  761,  296,  570,  642,  434,  598,  392,  416,  787,  179,  712,  288,  487,  308,  490,  719,  660,  800,  863,  817,  464,  520,  541,  337,  362,  402,  152,  744,  591,  766,   73,  228,  780,  635,  276,  478,  379,  502,  117,  211,  316,  857,  443,  256,  599,  910,  492,   10,  485,  498,  513,  813,  343,  207, 1040,  799,  837,  474,  441,  602,  537,  655,  386,  165,  646,  252,  489,  298,   88,  880,  162,  878,  249,  422,  326,  289,  189,  483,  804,  356,  437,  745,  683,  536,  301,  575,  810,  241,  540,  333,  643,  226,  521,  362,  146,  751,  150,  312,  184,  469,  588,  116,  102,  340],
        [  361,    0,  190,  701,  230,  646,  489,  642,  273,  669,  405,  645,  745,  433,  771,  461,   74,  562,  627,  616,    0,  445,  778,  400,  230,  755,  211,   58,  500,  489,   50,  160,  585,  184,  474,  633,   75,  527,  272,  621,  533,  679,  353,  217,  361,  470,  364,  530,  542,  291,  471,  715,  760,  833,  368,  446,  246,  524,  549,  286,  368,  475,  357,  395,  482,  387,  176,  834,  625,  563,  248,  264,  590,  738,  190,  861,  588,  365,  327,  672,  397,  322,  205,  528,  362,  483,  348,  590,  350,  587,  359,  553,  179,  480,  350,  129,   94,  271,  337,  444,  683,  494,  462,  282,  515,  689,  506,  267,  513,  169,  689,  648,  372,   63,  376,  375,  603,  115,  686,  498,  511,  247,  212,  784,  696,  420,  457,  623,  252,  622,  836,  458,  393,  638,  547,  467,  394,  352,  444,  391,  517,  203,  450,  623,  133,  365,  138,  335,  700,  272,  676,  265,  414,  631,  365,  615,  706,  441,  194,  710,  474,  152,   75,  244,  429,  353,  311,  634,  772,  700,  455,  676,  516,  628,  618,  469,  629,  532,  433,  165,  347,  654,  515,  693],
        [  474,    0,  256,  261,  343,  328,  239,  691,  426,  649,  243,  276,  386,   43,  358,  887,  519,  739,  463,  419,  445,    0,  333,  599,  665,  375,  627,  498,  120,  659,  431,  490,  449,  422,  134,  213,  430,  166,  545,  682,  162,  244,  549,  587,  109,  556,  584,  660,  571,  559,  631,  714,  318,  388,  666,  265,  214,  915,  749,  271,  790,  305,  345,  246,  788,  715,  346,  762,  591,  231,  437,  405,  385,  294,  339,  417,  650,  241,  739,  360,  786,  281,  552,  226,  557,  749,  109,  696,  766,  271,  737,  170,  267,  547,  592,  479,  426,  711,  779,  841,  239,  706,  122,  278,  612,  255,  433,  691,  175,  519,  472,  290,  406,  420,  409,   91,  678,  360,  408,  209,  576,  671,  245,  671,  273,  551,  665,  420,  196,  183,  395,  414,  504,  580,  668,  395,  467,  106,  621,  695,  731,  605,  584,  542,  554,  298,  323,  377,  465,  631,  566,  643,  428,  722,  147,  624,  379,  649,  571,  294,  638,  596,  475,  224,  497,  653,  746,  269,  327,  699,  759,  321,  720,  681,  317,  826,  324,  587,  313,  295,  202,  371,  345,  700],
        [  740,    0,  588,  104,  655,  359,  418,  878,  726,  804,  485,  275,  311,  351,  181, 1212,  851,  982,  574,  523,  778,  333,    0,  880,  995,  270,  957,  831,  308,  910,  762,  814,  589,  735,  355,  189,  761,  322,  846,  878,  299,  126,  837,  906,  429,  802,  874,  906,  773,  865,  895,  867,   71,   59,  963,  489,  543, 1229, 1001,  574, 1115,  510,  605,  494, 1078, 1017,  665,  858,  752,  332,  742,  706,  499,   58,  661,   90,  852,  515, 1063,  376, 1102,  561,  869,  380,  834, 1027,  435,  912, 1090,  352, 1052,  278,  600,  774,  879,  806,  756, 1043, 1110, 1159,   96,  968,  358,  575,  839,  125,  622, 1018,  347,  843,  532,  295,  671,  752,  663,  412,  882,  688,  435,  382,  795, 1002,  574,  757,  173,  816,  930,  517,  528,  169,   85,  640,  761,  728,  909,  614,  729,  432,  881,  990,  991,  930,  833,  686,  883,  556,  653,  646,  511,  951,  683,  966,  665,  927,  442,  802,  361,  916,  897,  171,  890,  929,  806,  551,  738,  951, 1075,  283,   27,  855, 1050,  304,  978,  873,  378, 1131,  374,  800,  533,  625,  494,  415,  512,  861],
        [  750,    0,  453,  779,  272,  906,  767, 1035,  180, 1050,  707,  869,  980,  562,  952,  722,  412,  962,  960,  935,  400,  599,  880,    0,  527,  973,  324,  380,  707,  889,  447,  242,  926,  576,  527,  809,  330,  560,  671, 1015,  749,  829,   54,  596,  492,  135,   39,  137,  928,  116,   75, 1101,  832,  920,  756,  396,  419,  834,  947,  330,  655,  386,  710,  700,  858,  762,  539, 1209, 1001,  808,  183,  201,  903,  826,  298,  941,  981,  369,  642,  937,  728,  652,  596,  511,  761,  872,  561,  989,  654,  843,  706,  763,  453,  870,  749,  273,  313,  529,  563,  757,  801,  892,  526,  613,  910,  841,  862,  578,  535,  243, 1004,  881,  211,  346,  748,  510,  998,  477,  971,  758,  902,  353,  496, 1145,  734,   82,  856,  940,  454,  713,  959,  268,  785, 1008,  156,  295,  157,  499,  843,  776,  915,  562,  848,  985,  496,  698,  471,  703, 1008,  219, 1032,  253,  785, 1029,  617, 1000,  963,  841,  257,  889,  873,  409,  330,  404,  815,  742,  580,  861,  863, 1087,  834,  912,  914, 1021,  885,  817,  895,  922,  760,  481,  399,  934,  835, 1081],
        [  421,    0,  411,  924,  445,  816,  661,  654,  460,  713,  572,  832,  922,  657,  969,  233,  161,  512,  743,  747,  230,  665,  995,  527,    0,  939,  211,  193,  702,  463,  234,  310,  697,  291,  703,  837,  281,  756,  267,  631,  730,  889,  495,  147,  588,  633,  489,  664,  586,  412,  601,  741,  982, 1051,  280,  671,  475,  314,  486,  511,  142,  697,  486,  561,  350,  260,  341,  882,  683,  747,  431,  460,  728,  959,  410, 1081,  604,  591,  116,  837,  201,  481,  181,  757,  366,  385,  561,  580,  131,  763,  184,  752,  399,  521,  323,  288,  297,   54,  120,  234,  900,  436,  690,  449,  528,  898,  610,   51,  742,  296,  817,  831,  570,  280,  474,  601,  608,  307,  838,  679,  544,  202,  422,  856,  923,  575,  414,  755,  477,  845, 1047,  661,  440,  706,  683,  675,  576,  578,  427,  289,  452,   95,  460,  704,  114,  513,  343,  449,  834,  323,  761,  294,  506,  621,  563,  653,  873,  403,  270,  910,  456,  121,  244,  473,  486,  271,   82,  820,  991,  729,  332,  855,  458,  640,  785,  293,  797,  564,  576,  371,  576,  811,  655,  719],
        [  593,    0,  577,  328,  711,  139,  280,  659,  798,  572,  369,  111,   45,  415,   92, 1130,  822,  796,  341,  295,  755,  375,  270,  973,  939,    0,  960,  813,  270,  735,  724,  841,  369,  652,  476,  175,  764,  471,  733,  663,  230,  191,  923,  821,  481,  928,  957, 1033,  571,  926, 1006,  631,  332,  308,  833,  623,  569, 1116,  821,  644, 1036,  657,  473,  380,  934,  892,  600,  600,  527,  193,  806,  777,  282,  302,  700,  332,  643,  614,  981,  137,  999,  460,  781,  543,  690,  872,  427,  709, 1008,  179,  948,  213,  585,  590,  743,  824,  765,  991, 1059, 1057,  254,  799,  470,  491,  649,  181,  428,  949,  494,  868,  281,  109,  779,  751,  515,  464,  673,  646,  185,  261,  603, 1000,  546,  500,  404,  925,  767,  287,  541,  331,  233,  779,  604,  498, 1040,  757,  841,  475,  716,  858,  819,  857,  662,  457,  828,  434,  618,  516,  256,  984,  441,  991,  503,  716,  392,  583,  107,  756,  917,  113,  717,  903,  805,  582,  569,  825, 1013,  122,  293,  621,  908,   86,  804,  657,  170, 1007,  160,  602,  383,  591,  577,  179,  326,  629],
        [  547,    0,  384,  871,  323,  855,  698,  814,  300,  856,  615,  849,  952,  606,  970,  401,  162,  699,  834,  825,  211,  627,  957,  324,  211,  960,    0,  155,  698,  638,  253,  155,  791,  377,  624,  828,  198,  673,  420,  792,  734,  869,  299,  315,  529,  441,  287,  459,  726,  214,  396,  894,  930, 1009,  473,  552,  415,  511,  676,  404,  333,  567,  564,  605,  557,  464,  385, 1024,  816,  769,  271,  308,  800,  912,  304, 1036,  761,  482,  323,  881,  410,  532,  331,  656,  522,  585,  541,  750,  333,  795,  395,  753,  375,  662,  492,  154,  202,  207,  243,  435,  864,  623,  615,  493,  684,  879,  710,  261,  655,  128,  898,  853,  411,  211,  575,  546,  771,  325,  896,  705,  690,   46,  414,  981,  853,  381,  595,  832,  433,  794, 1022,  501,  575,  833,  478,  520,  401,  526,  596,  487,  643,  269,  617,  822,  221,  574,  346,  538,  910,  112,  876,   84,  613,  791,  568,  798,  915,  581,   79,  907,  626,  107,  155,  407,  616,  461,  257,  838,  948,  881,  537,  882,  646,  800,  827,  503,  838,  711,  642,  371,  483,  864,  725,  873],
        [  402,    0,  245,  753,  252,  704,  546,  679,  277,  712,  462,  703,  803,  484,  828,  425,   36,  585,  680,  671,   58,  498,  831,  380,  193,  813,  155,    0,  556,  516,   99,  140,  637,  227,  519,  689,   88,  571,  296,  657,  590,  735,  338,  217,  410,  465,  343,  515,  584,  266,  453,  755,  811,  886,  377,  479,  294,  501,  568,  319,  335,  504,  410,  452,  482,  386,  230,  879,  670,  621,  249,  273,  645,  790,  217,  914,  625,  399,  300,  729,  377,  378,  217,  568,  392,  493,  403,  622,  321,  644,  345,  610,  235,  520,  372,  111,  105,  227,  290,  420,  737,  513,  508,  339,  550,  744,  557,  237,  556,  139,  743,  705,  383,   88,  424,  425,  638,  172,  743,  555,  550,  190,  269,  832,  744,  411,  479,  678,  304,  674,  890,  473,  433,  685,  533,  485,  397,  403,  471,  397,  536,  190,  484,  671,  120,  420,  195,  386,  755,  227,  725,  215,  462,  663,  422,  656,  763,  464,  150,  766,  502,   98,   56,  290,  471,  363,  272,  691,  824,  741,  458,  733,  536,  664,  675,  457,  686,  571,  488,  223,  387,  711,  570,  733],
        [  436,    0,  314,  272,  442,  209,  140,  614,  530,  559,  183,  163,  274,  163,  273,  912,  571,  689,  356,  310,  500,  120,  308,  707,  702,  270,  698,  556,    0,  613,  475,  574,  350,  431,  248,  135,  501,  268,  539,  608,   44,  190,  656,  603,  217,  672,  689,  775,  498,  657,  744,  625,  319,  367,  655,  385,  300,  922,  704,  378,  815,  424,  301,  190,  771,  709,  364,  658,  502,  112,  537,  509,  276,  288,  431,  398,  578,  358,  762,  241,  796,  253,  565,  335,  528,  722,  159,  631,  789,  151,  746,   58,  323,  486,  572,  557,  500,  752,  821,  854,  218,  668,  238,  269,  552,  197,  351,  721,  283,  601,  356,  175,  520,  488,  361,  201,  608,  398,  289,  103,  511,  740,  288,  564,  314,  663,  628,  309,  272,  210,  348,  533,  460,  487,  784,  514,  581,  208,  580,  682,  692,  631,  537,  447,  589,  251,  365,  340,  348,  716,  464,  725,  370,  653,  140,  542,  261,  614,  651,  211,  592,  651,  543,  313,  443,  643,  781,  155,  312,  611,  742,  206,  679,  606,  198,  823,  204,  519,  241,  337,  317,  252,  250,  613],
        [  186,    0,  513,  884,  679,  596,  492,  199,  748,  282,  431,  657,  700,  680,  802,  522,  490,   83,  421,  453,  489,  659,  910,  889,  463,  735,  638,  516,  613,    0,  443,  648,  379,  321,  768,  721,  560,  815,  221,  176,  613,  785,  841,  325,  653,  950,  853, 1018,  184,  779,  959,  291,  931,  967,  192,  826,  594,  445,   92,  694,  460,  867,  316,  424,  227,  241,  383,  440,  276,  582,  728,  735,  456,  899,  637,  998,  158,  750,  413,  601,  372,  379,  307,  856,  130,  153,  562,  118,  432,  573,  335,  633,  505,  146,  146,  617,  578,  506,  548,  418,  827,   68,  753,  389,   98,  787,  307,  432,  816,  653,  502,  644,  828,  545,  253,  654,  152,  430,  569,  529,  140,  648,  482,  442,  921,  904,   55,  462,  568,  819,  926,  901,  155,  308, 1034,  900,  865,  636,   47,  198,   85,  376,   77,  327,  417,  365,  453,  282,  528,  736,  379,  716,  245,  158,  512,  225,  636,   61,  662,  764,   22,  532,  561,  605,  172,  198,  490,  646,  918,  282,  211,  654,   70,  186,  566,  328,  576,  151,  377,  460,  711,  561,  411,  270],
        [  312,    0,  177,  690,  258,  611,  453,  593,  311,  620,  367,  615,  712,  423,  745,  460,   99,  518,  582,  573,   50,  431,  762,  447,  234,  724,  253,   99,  475,  443,    0,  209,  539,  135,  473,  610,  118,  527,  229,  573,  506,  659,  399,  189,  356,  511,  411,  575,  493,  339,  517,  665,  748,  818,  332,  462,  245,  511,  505,  304,  364,  493,  312,  357,  449,  356,  133,  785,  576,  531,  288,  301,  548,  725,  216,  848,  539,  379,  318,  635,  381,  282,  171,  535,  315,  445,  329,  543,  344,  553,  339,  527,  165,  431,  306,  177,  136,  281,  349,  431,  667,  451,  461,  243,  466,  668,  459,  264,  515,  218,  645,  616,  405,  103,  328,  368,  554,   79,  647,  465,  462,  286,  190,  736,  690,  463,  413,  580,  244,  612,  816,  488,  344,  590,  592,  495,  432,  345,  397,  356,  475,  187,  402,  575,  125,  322,  111,  288,  658,  321,  628,  312,  366,  583,  337,  565,  670,  397,  242,  685,  427,  180,  125,  247,  380,  317,  315,  603,  758,  651,  421,  643,  473,  579,  582,  445,  593,  483,  390,  139,  356,  615,  473,  644],
        [  518,    0,  269,  725,  169,  749,  596,  801,  153,  824,  521,  732,  839,  465,  842,  531,  173,  720,  762,  745,  160,  490,  814,  242,  310,  841,  155,  140,  574,  648,  209,    0,  723,  341,  474,  697,   97,  522,  430,  781,  612,  734,  198,  357,  387,  327,  205,  375,  698,  131,  315,  872,  783,  864,  516,  397,  278,  624,  705,  251,  450,  413,  498,  512,  621,  525,  317,  987,  778,  657,  123,  157,  716,  767,  155,  890,  747,  328,  424,  777,  506,  450,  355,  501,  521,  632,  416,  750,  441,  686,  478,  630,  263,  638,  507,   32,   85,  328,  380,  543,  723,  650,  465,  409,  674,  745,  650,  359,  502,   30,  817,  739,  265,  114,  526,  404,  763,  253,  800,  597,  669,  201,  307,  931,  702,  272,  615,  751,  302,  648,  883,  356,  552,  789,  393,  373,  266,  386,  603,  537,  673,  327,  610,  770,  258,  496,  257,  483,  825,  144,  821,  153,  564,  791,  454,  771,  808,  599,   84,  778,  633,  192,   89,  267,  585,  502,  378,  722,  803,  857,  597,  769,  673,  787,  723,  591,  734,  690,  562,  276,  331,  765,  643,  851],
