{
    "name": "random-57-772",
    "comment": "size=57 seed=772",
    "nodes": ["+0", "-0", "+1", "-1", "+2", "-2", "+3", "-3", "+4", "-4", "+5", "-5", "+6", "-6", "+7", "-7", "+8", "-8", "+9", "-9", "+10", "-10", "+11", "-11", "+12", "-12", "+13", "-13", "+14", "-14", "+15", "-15", "+16", "-16", "+17", "-17", "+18", "-18", "+19", "-19", "+20", "-20", "+21", "-21", "+22", "-22", "+23", "-23", "+24", "-24", "+25", "-25", "+26", "-26", "+27", "-27", "+28", "-28", "+29", "-29", "+30", "-30", "+31", "-31", "+32", "-32", "+33", "-33", "+34", "-34", "+35", "-35", "+36", "-36", "+37", "-37", "+38", "-38", "+39", "-39", "+40", "-40", "+41", "-41", "+42", "-42", "+43", "-43", "+44", "-44", "+45", "-45", "+46", "-46", "+47", "-47", "+48", "-48", "+49", "-49", "+50", "-50", "+51", "-51", "+52", "-52", "+53", "-53", "+54", "-54", "+55", "-55", "+56", "-56", "+57", "-57"],
    "precedence": {
        "+0": "-0",
        "+1": "-1",
        "+2": "-2",
        "+3": "-3",
        "+4": "-4",
        "+5": "-5",
        "+6": "-6",
        "+7": "-7",
        "+8": "-8",
        "+9": "-9",
        "+10": "-10",
        "+11": "-11",
        "+12": "-12",
        "+13": "-13",
        "+14": "-14",
        "+15": "-15",
        "+16": "-16",
        "+17": "-17",
        "+18": "-18",
        "+19": "-19",
        "+20": "-20",
        "+21": "-21",
        "+22": "-22",
        "+23": "-23",
        "+24": "-24",
        "+25": "-25",
        "+26": "-26",
        "+27": "-27",
        "+28": "-28",
        "+29": "-29",
        "+30": "-30",
        "+31": "-31",
        "+32": "-32",
        "+33": "-33",
        "+34": "-34",
        "+35": "-35",
        "+36": "-36",
        "+37": "-37",
        "+38": "-38",
        "+39": "-39",
        "+40": "-40",
        "+41": "-41",
        "+42": "-42",
        "+43": "-43",
        "+44": "-44",
        "+45": "-45",
        "+46": "-46",
        "+47": "-47",
        "+48": "-48",
        "+49": "-49",
        "+50": "-50",
        "+51": "-51",
        "+52": "-52",
        "+53": "-53",
        "+54": "-54",
        "+55": "-55",
        "+56": "-56",
        "+57": "-57"
    },
    "edges": [
        [    0,    0,  244,  679,  525,  343,  295,  693,  441,  739,  663,  646,  874,  378,  389,  942,  569,  827,   73,  524,  789,  397,  623,  931, 1117,  946,  326,  631,  310,  806,  877,  606,  873,  636,  839,  316,  406,  807, 1134,  793,  547, 1057, 1005,  642,  332,  913,  252,  660,  621,  780,  911,  520,  930,  591,  596,  921,  349,  522,   56,  949,  581,  288,  495,  906, 1010,  864,  850, 1094,  550,  930,  209,  658,  936,  961,  195,  997,  630,  612,  348,  750,  793,  650,  642, 1283,  598,  626,  296, 1060,  603,  196,  236,  255,  248,  905,  262,  315, 1143,  298,  537,  852, 1147,  600,  143,  326,  865,   32,  564,  933, 1031,  597,  823,  224,  291,  849,  594,  986],
        [    0,    0,    0,    0,    0,    0,    0,    0,    0,    0,    0,    0,    0,    0,    0,    0,    0,    0,    0,    0,    0,    0,    0,    0,    0,    0,    0,    0,    0,    0,    0,    0,    0,    0,    0,    0,    0,    0,    0,    0,    0,    0,    0,    0,    0,    0,    0,    0,    0,    0,    0,    0,    0,    0,    0,    0,    0,    0,    0,    0,    0,    0,    0,    0,    0,    0,    0,    0,    0,    0,    0,    0,    0,    0,    0,    0,    0,    0,    0,    0,    0,    0,    0,    0,    0,    0,    0,    0,    0,    0,    0,    0,    0,    0,    0,    0,    0,    0,    0,    0,    0,    0,    0,    0,    0,    0,    0,    0,    0,    0,    0,    0,    0,    0,    0,    0],
        [  244,    0,    0,  650,  533,  140,   67,  496,  270,  598,  546,  568,  788,  148,  228,  764,  561,  854,  187,  284,  620,  159,  642,  954,  957,  714,  138,  469,   81,  639,  755,  392,  634,  568,  598,  325,  449,  774,  974,  560,  356,  890,  803,  527,  366,  737,  137,  503,  382,  539,  914,  388,  701,  350,  414,  683,  184,  351,  280,  806,  417,  272,  258,  785,  820,  702,  609,  965,  412,  883,   74,  416,  715,  750,   94,  826,  539,  399,  419,  718,  569,  511,  400, 1108,  574,  383,  338,  851,  432,  368,  157,  348,  268,  842,   43,  419,  967,  376,  497,  839,  960,  456,  278,  153,  633,  275,  568,  891,  912,  416,  581,  144,  418,  646,  629,  964],
        [  679,    0,  650,    0,  166,  549,  609,  508,  446,  327,  249,  146,  248,  598,  455,  553,  115,  247,  626,  774,  438,  726,  130,  328,  618,  818,  534,  381,  607,  439,  335,  551, 1029,  123,  967,  364,  290,  129,  629,  736,  468,  592,  692,  247,  349,  524,  516,  366,  853,  810,  271,  328,  783,  711,  442,  858,  486,  420,  647,  442,  389,  403,  786,  349,  640,  450,  835,  518,  330,  253,  589,  740,  740,  703,  579,  565,  185,  553,  355,   72,  674,  314,  749,  802,   82,  759,  385,  764,  408,  546,  504,  439,  435,  238,  612,  410,  690,  399,  154,  191,  735,  331,  543,  512,  768,  687,  131,  255,  440,  438,  946,  520,  450,  598,  176,  315],
        [  525,    0,  533,  166,    0,  457,  503,  529,  385,  404,  308,  219,  403,  513,  376,  646,   52,  321,  478,  706,  508,  635,  109,  422,  748,  852,  437,  401,  506,  515,  465,  537, 1000,  193,  943,  218,  126,  288,  761,  744,  444,  711,  771,  296,  194,  616,  396,  401,  796,  801,  391,  303,  820,  669,  439,  876,  394,  391,  489,  567,  387,  266,  710,  485,  733,  543,  839,  666,  319,  415,  465,  711,  788,  766,  451,  673,  238,  540,  191,  234,  695,  354,  714,  932,   94,  718,  230,  842,  412,  382,  378,  278,  289,  403,  499,  245,  809,  236,  106,  328,  844,  345,  385,  414,  790,  530,   40,  415,  591,  436,  921,  393,  285,  652,  106,  461],
        [  343,    0,  140,  549,  457,    0,   75,  361,  133,  462,  415,  449,  662,   61,   98,  626,  475,  771,  273,  260,  481,  179,  564,  867,  818,  605,   26,  331,   66,  500,  621,  264,  594,  454,  547,  281,  402,  668,  835,  454,  218,  751,  671,  397,  327,  599,  113,  365,  358,  454,  819,  258,  587,  272,  275,  585,   65,  212,  363,  667,  279,  230,  256,  651,  684,  563,  518,  828,  279,  768,  135,  335,  594,  621,  149,  687,  417,  271,  391,  613,  450,  375,  325,  970,  479,  316,  311,  722,  293,  408,  142,  347,  250,  723,   98,  411,  829,  361,  399,  739,  824,  320,  320,   46,  524,  372,  487,  778,  777,  277,  528,  143,  423,  513,  560,  858],
        [  295,    0,   67,  609,  503,   75,    0,  430,  207,  536,  487,  517,  733,   85,  169,  697,  526,  822,  230,  253,  554,  142,  612,  920,  891,  654,   79,  405,   16,  573,  694,  327,  601,  519,  560,  308,  433,  730,  908,  501,  290,  824,  737,  469,  352,  671,  116,  439,  353,  487,  876,  329,  640,  298,  348,  626,  128,  286,  323,  742,  353,  254,  236,  725,  754,  636,  556,  902,  352,  834,   92,  365,  651,  684,  112,  759,  485,  333,  411,  674,  506,  449,  350, 1042,  535,  337,  329,  785,  367,  392,  144,  352,  261,  791,   33,  421,  901,  374,  456,  799,  893,  394,  301,   99,  573,  325,  536,  843,  851,  350,  542,  136,  426,  579,  603,  920],
        [  693,    0,  496,  508,  529,  361,  430,    0,  255,  219,  262,  363,  468,  354,  306,  274,  510,  753,  621,  405,  159,  445,  599,  821,  479,  323,  372,  131,  417,  177,  365,  118,  545,  387,  481,  496,  562,  575,  496,  228,  147,  407,  313,  261,  531,  251,  442,  143,  439,  313,  749,  238,  292,  288,  106,  352,  345,  181,  702,  363,  148,  473,  440,  392,  325,  240,  329,  529,  214,  621,  492,  281,  269,  272,  502,  340,  324,  113,  593,  538,  168,  196,  300,  616,  483,  321,  539,  369,  121,  701,  462,  603,  516,  558,  458,  640,  475,  593,  426,  661,  464,  186,  631,  369,  263,  720,  536,  638,  501,  107,  460,  472,  670,  156,  624,  739],
        [  441,    0,  270,  446,  385,  133,  207,  255,    0,  329,  285,  330,  533,  162,   52,  505,  390,  681,  369,  330,  355,  290,  484,  771,  691,  542,  134,  200,  199,  373,  488,  189,  618,  339,  563,  268,  366,  556,  708,  404,  109,  626,  566,  267,  311,  476,  189,  233,  413,  435,  716,  130,  519,  285,  155,  541,   95,   83,  447,  536,  148,  232,  342,  518,  570,  435,  487,  695,  148,  648,  247,  332,  512,  526,  254,  563,  294,  195,  377,  503,  379,  243,  333,  849,  384,  335,  309,  623,  166,  454,  208,  365,  271,  599,  228,  414,  707,  364,  306,  633,  708,  187,  379,  123,  466,  466,  408,  659,  645,  157,  542,  218,  437,  411,  490,  744],
        [  739,    0,  598,  327,  404,  462,  536,  219,  329,    0,   97,  192,  249,  481,  372,  243,  368,  559,  669,  593,  112,  599,  442,  616,  381,  499,  461,  139,  527,  114,  164,  310,  763,  220,  699,  464,  481,  368,  397,  440,  269,  328,  370,  114,  484,  212,  499,  104,  643,  531,  541,  220,  463,  491,  213,  548,  417,  253,  730,  211,  187,  465,  621,  194,  329,  142,  539,  367,  191,  403,  567,  495,  415,  376,  569,  278,  167,  308,  531,  339,  370,   90,  512,  556,  330,  530,  506,  442,  181,  686,  507,  575,  512,  339,  556,  587,  422,  550,  303,  454,  447,  144,  639,  447,  458,  759,  395,  420,  318,  209,  679,  521,  624,  273,  477,  522],
        [  663,    0,  546,  249,  308,  415,  487,  262,  285,   97,    0,  104,  250,  446,  319,  340,  275,  491,  595,  585,  201,  570,  353,  560,  469,  570,  410,  141,  480,  207,  216,  324,  797,  131,  734,  375,  385,  316,  484,  490,  257,  420,  463,   21,  391,  309,  434,  120,  649,  571,  489,  159,  535,  498,  214,  610,  362,  223,  650,  292,  168,  382,  607,  245,  426,  239,  590,  432,  138,  380,  506,  515,  494,  463,  505,  374,   73,  324,  436,  276,  427,   68,  528,  648,  239,  542,  415,  535,  177,  597,  437,  484,  428,  324,  503,  493,  516,  457,  206,  402,  543,  107,  555,  393,  520,  681,  302,  394,  372,  210,  713,  452,  530,  353,  386,  490],
        [  646,    0,  568,  146,  219,  449,  517,  363,  330,  192,  104,    0,  229,  490,  352,  430,  179,  391,  584,  651,  301,  618,  251,  465,  531,  674,  439,  236,  512,  305,  253,  411,  888,   29,  825,  338,  316,  231,  545,  590,  332,  492,  561,  102,  342,  400,  442,  221,  723,  666,  400,  202,  639,  577,  300,  712,  389,  288,  625,  350,  249,  359,  668,  277,  517,  326,  690,  465,  196,  319,  517,  601,  598,  565,  511,  454,   41,  411,  375,  183,  529,  168,  612,  715,  139,  623,  372,  633,  265,  552,  438,  438,  401,  275,  526,  433,  591,  405,  130,  313,  626,  189,  524,  419,  622,  660,  206,  330,  394,  296,  804,  454,  472,  457,  286,  416],
        [  874,    0,  788,  248,  403,  662,  733,  468,  533,  249,  250,  229,    0,  695,  565,  385,  352,  392,  812,  831,  334,  820,  374,  416,  389,  720,  655,  376,  727,  323,  136,  556, 1011,  239,  947,  563,  521,  190,  398,  683,  502,  380,  533,  267,  562,  364,  667,  344,  888,  778,  334,  405,  683,  736,  453,  780,  606,  472,  851,  232,  414,  587,  855,  131,  464,  298,  781,  272,  387,  163,  741,  743,  626,  568,  737,  372,  251,  555,  584,  203,  610,  306,  760,  569,  310,  777,  594,  602,  417,  770,  665,  657,  628,   97,  745,  641,  472,  621,  344,  260,  529,  355,  749,  636,  692,  887,  373,  183,  194,  448,  926,  681,  682,  492,  421,  286],
        [  378,    0,  148,  598,  513,   61,   85,  354,  162,  481,  446,  490,  695,    0,  143,  625,  529,  825,  312,  200,  487,  129,  619,  919,  824,  570,   85,  345,   70,  506,  643,  246,  536,  497,  491,  341,  462,  713,  841,  416,  222,  755,  657,  428,  387,  600,  168,  380,  298,  406,  869,  292,  555,  220,  281,  543,  120,  230,  404,  682,  295,  290,  198,  673,  678,  571,  473,  845,  309,  809,  171,  285,  568,  602,  189,  689,  455,  252,  451,  659,  421,  399,  273,  969,  530,  262,  370,  703,  305,  460,  197,  405,  309,  760,  117,  470,  827,  421,  451,  787,  817,  345,  372,  106,  488,  408,  542,  820,  799,  284,  472,  196,  481,  500,  617,  903],
        [  389,    0,  228,  455,  376,   98,  169,  306,   52,  372,  319,  352,  565,  143,    0,  556,  388,  683,  317,  331,  405,  271,  480,  777,  739,  588,   91,  249,  163,  423,  528,  235,  640,  357,  587,  233,  340,  572,  756,  446,  160,  675,  618,  301,  277,  527,  138,  281,  422,  469,  726,  161,  566,  307,  207,  582,   45,  134,  396,  582,  197,  191,  336,  558,  621,  484,  525,  739,  185,  670,  198,  359,  561,  577,  203,  613,  319,  240,  344,  517,  426,  285,  357,  899,  388,  355,  271,  675,  216,  406,  156,  323,  227,  625,  185,  376,  758,  325,  308,  645,  759,  229,  329,   75,  511,  415,  403,  680,  685,  208,  566,  166,  397,  462,  481,  762],
        [  942,    0,  764,  553,  646,  626,  697,  274,  505,  243,  340,  430,  385,  625,  556,    0,  608,  761,  870,  669,  156,  718,  676,  799,  210,  366,  633,  313,  685,  141,  250,  391,  722,  458,  660,  695,  722,  558,  226,  389,  408,  136,  149,  356,  719,   32,  692,  287,  685,  495,  717,  432,  331,  544,  352,  442,  599,  422,  942,  169,  362,  688,  707,  258,   88,  104,  469,  302,  401,  544,  751,  518,  266,  194,  758,   69,  409,  385,  770,  546,  316,  313,  542,  345,  569,  566,  738,  219,  340,  915,  706,  806,  734,  479,  724,  825,  204,  785,  546,  638,  209,  353,  859,  626,  366,  966,  636,  565,  308,  350,  643,  719,  861,  170,  714,  666],
        [  569,    0,  561,  115,   52,  475,  526,  510,  390,  368,  275,  179,  352,  529,  388,  608,    0,  297,  519,  717,  475,  653,   95,  394,  702,  831,  457,  380,  527,  480,  419,  528,  999,  152,  940,  257,  176,  240,  715,  730,  438,  668,  737,  265,  237,  578,  424,  376,  803,  793,  355,  294,  798,  671,  426,  860,  411,  385,  535,  522,  373,  301,  724,  438,  696,  505,  827,  617,  306,  367,  495,  708,  763,  737,  483,  632,  203,  531,  241,  185,  677,  326,  714,  887,   44,  720,  273,  809,  396,  431,  409,  325,  328,  352,  525,  296,  766,  284,   88,  286,  804,  325,  431,  434,  772,  575,   28,  367,  541,  423,  918,  424,  336,  624,  114,  419],
        [  827,    0,  854,  247,  321,  771,  822,  753,  681,  559,  491,  391,  392,  825,  683,  761,  297,    0,  789, 1010,  668,  950,  213,  104,  777, 1057,  753,  626,  824,  666,  519,  797, 1275,  369, 1213,  537,  424,  204,  785,  980,  713,  770,  908,  492,  505,  737,  717,  610, 1093, 1057,  113,  571, 1021,  954,  689, 1101,  708,  663,  784,  622,  636,  586, 1019,  521,  846,  663, 1080,  642,  575,  275,  786,  985,  974,  929,  772,  759,  431,  799,  479,  220,  918,  558,  994,  953,  297, 1003,  540,  979,  654,  657,  699,  573,  605,  318,  819,  518,  863,  530,  376,  137,  920,  578,  685,  730, 1010,  827,  287,  259,  567,  685, 1192,  714,  551,  832,  234,  225],
        [   73,    0,  187,  626,  478,  273,  230,  621,  369,  669,  595,  584,  812,  312,  317,  870,  519,  789,    0,  470,  717,  344,  580,  892, 1046,  877,  255,  559,  245,  734,  810,  535,  820,  575,  784,  263,  365,  754, 1063,  725,  474,  986,  933,  574,  286,  841,  180,  588,  568,  716,  867,  450,  860,  528,  524,  854,  277,  450,   94,  879,  509,  227,  444,  839,  938,  793,  784, 1026,  480,  875,  141,  594,  865,  889,  125,  926,  565,  541,  314,  697,  723,  580,  580, 1212,  544,  565,  250,  988,  531,  198,  164,  223,  192,  847,  198,  291, 1071,  263,  480,  804, 1075,  529,  118,  254,  796,  100,  516,  879,  964,  525,  767,  152,  275,  777,  555,  937],
        [  524,    0,  284,  774,  706,  260,  253,  405,  330,  593,  585,  651,  831,  200,  331,  669,  717, 1010,  470,    0,  562,  129,  809, 1100,  878,  496,  285,  457,  241,  581,  754,  290,  351,  663,  316,  541,  661,  880,  895,  348,  329,  804,  655,  572,  587,  650,  362,  490,  101,  289, 1044,  450,  494,  128,  380,  442,  318,  365,  563,  767,  418,  489,   44,  783,  699,  644,  363,  933,  456,  962,  341,  180,  529,  586,  362,  737,  612,  294,  650,  829,  388,  525,  155,  995,  713,  130,  570,  684,  415,  644,  391,  600,  506,  908,  279,  667,  859,  619,  634,  960,  831,  478,  553,  305,  419,  555,  733,  976,  900,  385,  300,  386,  676,  512,  811, 1066],
        [  789,    0,  620,  438,  508,  481,  554,  159,  355,  112,  201,  301,  334,  487,  405,  156,  475,  668,  717,  562,    0,  591,  551,  722,  338,  393,  486,  158,  543,   20,  215,  273,  685,  329,  621,  541,  574,  474,  355,  352,  266,  271,  264,  213,  566,  125,  540,  132,  596,  451,  645,  277,  356,  446,  207,  448,  449,  272,  788,  206,  209,  533,  595,  240,  234,   85,  448,  372,  246,  494,  602,  436,  306,  265,  607,  209,  273,  269,  619,  448,  278,  161,  457,  495,  439,  478,  584,  334,  189,  760,  553,  652,  579,  429,  579,  673,  355,  632,  404,  559,  364,  197,  704,  477,  359,  812,  502,  513,  344,  205,  601,  566,  708,  165,  586,  616],
        [  397,    0,  159,  726,  635,  179,  142,  445,  290,  599,  570,  618,  820,  129,  271,  718,  653,  950,  344,  129,  591,    0,  742, 1045,  923,  600,  198,  461,  135,  611,  762,  328,  477,  626,  443,  448,  572,  842,  940,  446,  332,  851,  729,  554,  493,  696,  258,  496,  225,  405,  996,  419,  593,  222,  390,  556,  243,  350,  436,  792,  414,  394,  100,  792,  761,  675,  478,  957,  434,  937,  223,  286,  618,  666,  244,  784,  583,  333,  553,  787,  472,  520,  265, 1057,  657,  244,  470,  766,  419,  525,  286,  492,  403,  888,  162,  562,  917,  516,  577,  915,  898,  467,  434,  221,  520,  428,  666,  948,  915,  394,  428,  278,  566,  576,  737, 1031],
        [  623,    0,  642,  130,  109,  564,  612,  599,  484,  442,  353,  251,  374,  619,  480,  676,   95,  213,  580,  809,  551,  742,    0,  315,  748,  918,  544,  469,  614,  555,  465,  622, 1093,  223, 1034,  325,  218,  219,  759,  821,  532,  721,  811,  346,  295,  646,  505,  462,  897,  886,  289,  388,  884,  765,  518,  950,  500,  479,  584,  571,  465,  374,  815,  479,  763,  572,  919,  646,  399,  346,  573,  803,  846,  815,  560,  692,  282,  624,  278,  177,  766,  410,  808,  932,  117,  814,  331,  883,  488,  465,  487,  371,  394,  349,  608,  325,  819,  328,  182,  236,  863,  414,  482,  521,  861,  626,   77,  341,  568,  515, 1013,  501,  362,  706,   48,  371],
        [  931,    0,  954,  328,  422,  867,  920,  821,  771,  616,  560,  465,  416,  919,  777,  799,  394,  104,  892, 1100,  722, 1045,  315,    0,  787, 1114,  849,  699,  921,  717,  550,  875, 1353,  446, 1290,  639,  528,  249,  793, 1049,  794,  790,  947,  563,  608,  776,  817,  679, 1180, 1130,   83,  656, 1077, 1038,  765, 1163,  803,  747,  888,  647,  713,  688, 1111,  547,  880,  706, 1149,  641,  657,  271,  887, 1065, 1026,  975,  873,  788,  506,  876,  583,  284,  983,  627, 1076,  955,  389, 1086,  643, 1017,  730,  760,  800,  677,  708,  328,  919,  621,  878,  634,  469,  163,  940,  654,  789,  827, 1073,  930,  386,  250,  570,  761, 1269,  815,  654,  886,  338,  178],
        [ 1117,    0,  957,  618,  748,  818,  891,  479,  691,  381,  469,  531,  389,  824,  739,  210,  702,  777, 1046,  878,  338,  923,  748,  787,    0,  539,  823,  491,  880,  319,  284,  597,  916,  556,  856,  844,  845,  578,   18,  591,  603,   75,  288,  489,  860,  229,  872,  460,  894,  697,  706,  598,  507,  754,  545,  622,  784,  608, 1111,  182,  543,  846,  915,  269,  209,  256,  662,  162,  568,  517,  937,  726,  441,  361,  941,  142,  525,  592,  901,  587,  520,  468,  751,  185,  658,  775,  884,  327,  526, 1065,  883,  953,  893,  462,  916,  959,   98,  925,  660,  642,  170,  518, 1020,  813,  557, 1138,  727,  537,  220,  542,  840,  897,  997,  376,  792,  626],
        [  946,    0,  714,  818,  852,  605,  654,  323,  542,  499,  570,  674,  720,  570,  588,  366,  831, 1057,  877,  496,  393,  600,  918, 1114,  539,    0,  625,  452,  639,  399,  591,  354,  391,  700,  337,  805,  882,  865,  552,  155,  439,  472,  252,  574,  844,  373,  709,  457,  458,  217, 1037,  558,   38,  379,  421,   87,  616,  487,  967,  531,  469,  773,  540,  608,  331,  426,  152,  664,  536,  883,  737,  317,  101,  179,  753,  419,  638,  348,  908,  837,  164,  508,  341,  583,  802,  366,  847,  236,  442,  994,  735,  906,  813,  816,  687,  951,  476,  902,  748,  951,  419,  508,  914,  630,   82,  976,  857,  902,  674,  423,  326,  740,  977,  230,  945, 1005],
        [  326,    0,  138,  534,  437,   26,   79,  372,  134,  461,  410,  439,  655,   85,   91,  633,  457,  753,  255,  285,  486,  198,  544,  849,  823,  625,    0,  333,   74,  505,  618,  280,  619,  442,  572,  257,  379,  654,  840,  474,  227,  757,  684,  391,  303,  606,   89,  367,  383,  478,  803,  252,  606,  296,  282,  607,   50,  215,  343,  669,  281,  205,  279,  649,  694,  567,  541,  828,  275,  757,  120,  359,  611,  636,  132,  694,  407,  287,  367,  599,  468,  374,  349,  978,  462,  341,  286,  736,  298,  384,  118,  322,  225,  713,   95,  386,  837,  336,  383,  724,  834,  319,  297,   24,  544,  354,  468,  766,  776,  284,  553,  119,  398,  526,  539,  845],
        [  631,    0,  469,  381,  401,  331,  405,  131,  200,  139,  141,  236,  376,  345,  249,  313,  380,  626,  559,  457,  158,  461,  469,  699,  491,  452,  333,    0,  395,  175,  302,  184,  656,  259,  593,  392,  443,  457,  508,  356,  131,  428,  399,  136,  422,  283,  383,   36,  513,  432,  630,  125,  420,  361,   77,  482,  293,  119,  630,  338,   53,  379,  484,  332,  386,  236,  455,  500,   95,  517,  446,  375,  390,  377,  451,  367,  196,  183,  480,  415,  298,   74,  389,  653,  353,  404,  436,  464,   43,  608,  396,  503,  425,  458,  427,  531,  513,  486,  297,  542,  520,   57,  548,  322,  393,  654,  406,  533,  455,   73,  572,  408,  563,  259,  494,  630],
        [  310,    0,   81,  607,  506,   66,   16,  417,  199,  527,  480,  512,  727,   70,  163,  685,  527,  824,  245,  241,  543,  135,  614,  921,  880,  639,   74,  395,    0,  562,  686,  312,  588,  516,  546,  314,  438,  728,  897,  485,  278,  812,  723,  462,  359,  659,  124,  429,  342,  472,  876,  323,  625,  284,  336,  611,  124,  276,  338,  732,  343,  260,  226,  716,  741,  625,  540,  892,  344,  830,  106,  350,  637,  670,  126,  747,  480,  319,  419,  672,  491,  441,  336, 1029,  535,  322,  337,  771,  356,  405,  153,  362,  270,  786,   48,  430,  888,  383,  456,  797,  880,  386,  314,   96,  558,  340,  538,  840,  843,  339,  528,  147,  436,  566,  606,  918],
        [  806,    0,  639,  439,  515,  500,  573,  177,  373,  114,  207,  305,  323,  506,  423,  141,  480,  666,  734,  581,   20,  611,  555,  717,  319,  399,  505,  175,  562,    0,  202,  292,  700,  333,  635,  554,  584,  469,  336,  365,  285,  253,  257,  220,  579,  110,  558,  148,  615,  465,  639,  292,  363,  465,  227,  457,  467,  291,  804,  187,  227,  547,  614,  225,  223,   65,  460,  353,  261,  485,  620,  454,  310,  265,  625,  192,  278,  288,  630,  446,  290,  173,  475,  478,  443,  496,  597,  329,  208,  774,  570,  665,  594,  419,  597,  685,  338,  644,  412,  554,  350,  212,  719,  495,  369,  829,  508,  504,  326,  224,  616,  583,  720,  170,  590,  607],
        [  877,    0,  755,  335,  465,  621,  694,  365,  488,  164,  216,  253,  136,  643,  528,  250,  419,  519,  810,  754,  215,  762,  465,  550,  284,  591,  618,  302,  686,  202,    0,  468,  900,  276,  836,  582,  569,  315,  297,  566,  432,  259,  398,  236,  592,  229,  648,  267,  800,  666,  469,  370,  554,  648,  376,  655,  572,  414,  863,  108,  349,  594,  783,   31,  330,  166,  661,  217,  344,  296,  719,  645,  495,  434,  719,  241,  255,  465,  627,  312,  491,  246,  665,  469,  375,  684,  619,  468,  344,  801,  652,  687,  639,  230,  712,  685,  356,  656,  382,  391,  405,  301,  766,  603,  568,  895,  444,  317,  158,  371,  816,  667,  725,  364,  509,  419],
        [  606,    0,  392,  551,  537,  264,  327,  118,  189,  310,  324,  411,  556,  246,  235,  391,  528,  797,  535,  290,  273,  328,  622,  875,  597,  354,  280,  184,  312,  292,  468,    0,  478,  430,  416,  455,  543,  637,  614,  217,   94,  525,  412,  316,  496,  369,  360,  213,  333,  265,  809,  235,  332,  181,  111,  354,  264,  147,  621,  478,  163,  420,  323,  496,  435,  356,  306,  644,  224,  700,  399,  192,  331,  358,  411,  458,  370,    7,  561,  593,  192,  257,  206,  730,  510,  221,  496,  459,  147,  640,  384,  553,  459,  641,  357,  601,  590,  551,  441,  722,  574,  223,  562,  282,  277,  634,  551,  716,  612,  115,  395,  391,  625,  255,  638,  813],
        [  873,    0,  634, 1029, 1000,  594,  601,  545,  618,  763,  797,  888, 1011,  536,  640,  722,  999, 1275,  820,  351,  685,  477, 1093, 1353,  916,  391,  619,  656,  588,  700,  900,  478,    0,  908,   65,  868,  980, 1112,  931,  337,  563,  845,  636,  791,  914,  718,  703,  680,  253,  235, 1285,  707,  415,  334,  588,  305,  641,  615,  912,  870,  640,  820,  379,  924,  708,  748,  255, 1022,  700, 1165,  690,  291,  479,  559,  711,  785,  848,  477,  980, 1070,  413,  729,  286,  973,  984,  285,  902,  626,  624,  992,  733,  941,  844, 1102,  629, 1004,  862,  954,  911, 1198,  809,  700,  901,  637,  360,  904, 1019, 1182, 1016,  592,   85,  730, 1017,  556, 1105, 1282],
        [  636,    0,  568,  123,  193,  454,  519,  387,  339,  220,  131,   29,  239,  497,  357,  458,  152,  369,  575,  663,  329,  626,  223,  446,  556,  700,  442,  259,  516,  333,  276,  430,  908,    0,  846,  325,  294,  218,  569,  614,  349,  518,  589,  127,  326,  428,  440,  246,  738,  688,  383,  214,  666,  594,  321,  737,  393,  303,  613,  374,  268,  349,  679,  298,  545,  354,  713,  484,  212,  315,  515,  620,  625,  593,  508,  481,   63,  431,  354,  167,  554,  193,  630,  740,  111,  641,  356,  661,  286,  534,  434,  421,  390,  276,  527,  412,  617,  387,  109,  297,  653,  210,  511,  421,  647,  649,  179,  324,  412,  317,  825,  450,  452,  484,  258,  406],
        [  839,    0,  598,  967,  943,  547,  560,  481,  563,  699,  734,  825,  947,  491,  587,  660,  940, 1213,  784,  316,  621,  443, 1034, 1290,  856,  337,  572,  593,  546,  635,  836,  416,   65,  846,    0,  817,  926, 1049,  871,  274,  503,  784,  578,  728,  863,  656,  658,  616,  224,  171, 1222,  647,  360,  281,  526,  252,  591,  555,  877,  807,  578,  770,  349,  860,  649,  684,  195,  960,  639, 1101,  650,  232,  422,  501,  671,  724,  785,  415,  929, 1007,  349,  666,  231,  919,  924,  233,  852,  572,  561,  950,  688,  894,  796, 1038,  589,  955,  804,  905,  852, 1135,  753,  637,  860,  589,  300,  870,  961, 1118,  953,  530,   22,  686,  970,  493, 1047, 1218],
        [  316,    0,  325,  364,  218,  281,  308,  496,  268,  464,  375,  338,  563,  341,  233,  695,  257,  537,  263,  541,  541,  448,  325,  639,  844,  805,  257,  392,  314,  554,  582,  455,  868,  325,  817,    0,  125,  492,  859,  671,  366,  792,  790,  355,   47,  664,  193,  410,  639,  701,  608,  268,  778,  537,  391,  808,  228,  319,  289,  666,  353,   55,  535,  609,  774,  603,  754,  798,  298,  614,  254,  592,  764,  764,  238,  740,  328,  460,  112,  435,  641,  383,  588, 1020,  283,  585,   44,  855,  380,  222,  170,  112,   72,  589,  297,  147,  885,   98,  222,  542,  904,  344,  187,  236,  731,  327,  256,  618,  730,  390,  797,  182,  174,  645,  306,  675],
        [  406,    0,  449,  290,  126,  402,  433,  562,  366,  481,  385,  316,  521,  462,  340,  722,  176,  424,  365,  661,  574,  572,  218,  528,  845,  882,  379,  443,  438,  584,  569,  543,  980,  294,  926,  125,    0,  413,  860,  758,  450,  802,  834,  368,   85,  691,  318,  452,  757,  799,  506,  325,  853,  646,  462,  894,  344,  398,  367,  664,  415,  180,  657,  592,  806,  623,  847,  777,  350,  541,  377,  697,  829,  819,  360,  758,  321,  547,   66,  360,  719,  414,  696, 1028,  214,  695,  118,  903,  442,  256,  294,  154,  186,  527,  422,  121,  899,  112,  187,  449,  927,  388,  265,  357,  812,  409,  164,  541,  704,  460,  906,  306,  162,  701,  190,  584],
        [  807,    0,  774,  129,  288,  668,  730,  575,  556,  368,  316,  231,  190,  713,  572,  558,  240,  204,  754,  880,  474,  842,  219,  249,  578,  865,  654,  457,  728,  469,  315,  637, 1112,  218, 1049,  492,  413,    0,  587,  802,  562,  568,  705,  322,  476,  534,  641,  434,  954,  886,  175,  431,  829,  807,  527,  915,  605,  518,  774,  419,  477,  531,  896,  318,  642,  462,  902,  453,  426,  129,  715,  828,  779,  730,  706,  555,  270,  637,  478,   58,  735,  384,  841,  758,  210,  853,  512,  776,  490,  669,  630,  564,  563,  136,  735,  530,  662,  523,  280,   87,  717,  416,  670,  632,  825,  814,  250,  128,  375,  522, 1028,  646,  569,  638,  265,  191],
        [ 1134,    0,  974,  629,  761,  835,  908,  496,  708,  397,  484,  545,  398,  841,  756,  226,  715,  785, 1063,  895,  355,  940,  759,  793,   18,  552,  840,  508,  897,  336,  297,  614,  931,  569,  871,  859,  860,  587,    0,  606,  620,   91,  301,  504,  875,  245,  889,  477,  910,  712,  712,  614,  521,  770,  562,  636,  801,  625, 1127,  196,  560,  862,  932,  280,  223,  273,  677,  162,  584,  523,  953,  743,  455,  374,  958,  158,  540,  609,  916,  597,  536,  484,  767,  173,  671,  792,  899,  337,  543, 1081,  900,  968,  909,  468,  933,  973,  100,  940,  674,  649,  174,  535, 1036,  830,  571, 1155,  740,  543,  224,  559,  855,  913, 1012,  392,  804,  630],
        [  793,    0,  560,  736,  744,  454,  501,  228,  404,  440,  490,  590,  683,  416,  446,  389,  730,  980,  725,  348,  352,  446,  821, 1049,  591,  155,  474,  356,  485,  365,  566,  217,  337,  614,  274,  671,  758,  802,  606,    0,  309,  518,  328,  489,  712,  383,  561,  371,  325,  107,  976,  442,  148,  226,  305,  138,  470,  361,  816,  533,  358,  635,  392,  589,  389,  412,  101,  687,  425,  841,  585,  169,  184,  252,  601,  454,  551,  212,  777,  766,   76,  423,  194,  675,  706,  220,  712,  343,  334,  850,  587,  767,  672,  776,  533,  817,  549,  767,  644,  889,  508,  408,  768,  482,   74,  823,  754,  859,  679,  308,  256,  592,  840,  221,  842,  961],
        [  547,    0,  356,  468,  444,  218,  290,  147,  109,  269,  257,  332,  502,  222,  160,  408,  438,  713,  474,  329,  266,  332,  532,  794,  603,  439,  227,  131,  278,  285,  432,   94,  563,  349,  503,  366,  450,  562,  620,  309,    0,  535,  459,  245,  406,  381,  296,  166,  393,  357,  731,  144,  414,  246,   60,  445,  198,   54,  555,  462,   89,  336,  354,  462,  468,  350,  399,  626,  138,  636,  346,  273,  404,  417,  356,  470,  292,   98,  471,  515,  275,  197,  282,  753,  421,  292,  408,  515,   89,  561,  315,  468,  377,  580,  316,  512,  611,  463,  350,  645,  607,  150,  487,  223,  366,  573,  460,  650,  584,   63,  482,  325,  538,  303,  547,  743],
        [ 1057,    0,  890,  592,  711,  751,  824,  407,  626,  328,  420,  492,  380,  755,  675,  136,  668,  770,  986,  804,  271,  851,  721,  790,   75,  472,  757,  428,  812,  253,  259,  525,  845,  518,  784,  792,  802,  568,   91,  518,  535,    0,  224,  439,  811,  156,  810,  398,  820,  624,  708,  539,  439,  680,  477,  554,  719,  543, 1053,  152,  479,  791,  842,  251,  142,  194,  591,  202,  508,  523,  872,  652,  373,  293,  878,   68,  481,  519,  856,  570,  447,  411,  677,  229,  625,  701,  833,  271,  460, 1014,  822,  902,  838,  462,  849,  912,   99,  876,  618,  638,  150,  459,  964,  748,  486, 1079,  694,  543,  239,  474,  768,  835,  950,  302,  764,  638],
        [ 1005,    0,  803,  692,  771,  671,  737,  313,  566,  370,  463,  561,  533,  657,  618,  149,  737,  908,  933,  655,  264,  729,  811,  947,  288,  252,  684,  399,  723,  257,  398,  412,  636,  589,  578,  790,  834,  705,  301,  328,  459,  224,    0,  476,  820,  172,  754,  383,  649,  429,  866,  523,  222,  528,  413,  336,  657,  489, 1013,  314,  440,  774,  697,  407,   83,  245,  384,  422,  493,  693,  803,  485,  157,   78,  814,  181,  535,  406,  876,  691,  269,  422,  511,  348,  700,  537,  834,   73,  414, 1004,  773,  901,  820,  627,  766,  928,  227,  884,  667,  786,  180,  449,  939,  681,  280, 1032,  764,  713,  445,  412,  564,  784,  961,  158,  846,  815],
        [  642,    0,  527,  247,  296,  397,  469,  261,  267,  114,   21,  102,  267,  428,  301,  356,  265,  492,  574,  572,  213,  554,  346,  563,  489,  574,  391,  136,  462,  220,  236,  316,  791,  127,  728,  355,  368,  322,  504,  489,  245,  439,  476,    0,  372,  324,  414,  119,  637,  567,  495,  140,  540,  488,  205,  611,  343,  208,  629,  312,  157,  362,  593,  265,  441,  255,  589,  453,  120,  392,  486,  507,  501,  473,  485,  391,   65,  316,  418,  280,  428,   67,  520,  667,  231,  533,  396,  547,  169,  577,  417,  464,  407,  337,  484,  474,  534,  438,  192,  407,  560,   96,  534,  374,  521,  660,  292,  406,  392,  201,  707,  432,  512,  361,  377,  499],
        [  332,    0,  366,  349,  194,  327,  352,  531,  311,  484,  391,  342,  562,  387,  277,  719,  237,  505,  286,  587,  566,  493,  295,  608,  860,  844,  303,  422,  359,  579,  592,  496,  914,  326,  863,   47,   85,  476,  875,  712,  406,  811,  820,  372,    0,  688,  237,  438,  685,  745,  582,  298,  817,  582,  427,  849,  274,  357,  298,  680,  386,  100,  581,  617,  800,  624,  797,  806,  328,  601,  293,  636,  800,  797,  277,  761,  338,  501,   67,  421,  680,  407,  633, 1039,  269,  631,   36,  886,  414,  210,  212,   96,  102,  581,  340,  109,  906,   66,  218,  521,  927,  372,  194,  282,  771,  338,  233,  603,  736,  426,  843,  223,  142,  678,  272,  654],
        [  913,    0,  737,  524,  616,  599,  671,  251,  476,  212,  309,  400,  364,  600,  527,   32,  578,  737,  841,  650,  125,  696,  646,  776,  229,  373,  606,  283,  659,  110,  229,  369,  718,  428,  656,  664,  691,  534,  245,  383,  381,  156,  172,  324,  688,    0,  663,  257,  671,  489,  696,  402,  336,  527,  324,  445,  570,  394,  912,  159,  333,  657,  688,  241,  118,   76,  467,  305,  370,  525,  723,  504,  274,  206,  729,   90,  379,  364,  739,  520,  308,  282,  528,  373,  539,  552,  707,  243,  311,  884,  677,  775,  704,  459,  697,  794,  232,  754,  515,  615,  240,  322,  828,  598,  365,  936,  605,  546,  303,  322,  638,  690,  829,  163,  684,  648],
        [  252,    0,  137,  516,  396,  113,  116,  442,  189,  499,  434,  442,  667,  168,  138,  692,  424,  717,  180,  362,  540,  258,  505,  817,  872,  709,   89,  383,  124,  558,  648,  360,  703,  440,  658,  193,  318,  641,  889,  561,  296,  810,  754,  414,  237,  663,    0,  413,  462,  566,  778,  280,  690,  384,  344,  694,   98,  271,  261,  710,  332,  139,  350,  678,  759,  617,  629,  862,  309,  752,   76,  447,  691,  711,   72,  749,  416,  366,  295,  584,  551,  410,  437, 1035,  438,  428,  213,  810,  353,  296,   30,  240,  146,  715,  105,  307,  894,  259,  362,  704,  896,  357,  209,   79,  629,  278,  431,  760,  805,  346,  639,   32,  315,  598,  493,  830],
        [  660,    0,  503,  366,  401,  365,  439,  143,  233,  104,  120,  221,  344,  380,  281,  287,  376,  610,  588,  490,  132,  496,  462,  679,  460,  457,  367,   36,  429,  148,  267,  213,  680,  246,  616,  410,  452,  434,  477,  371,  166,  398,  383,  119,  438,  257,  413,    0,  545,  452,  608,  146,  423,  392,  111,  492,  325,  153,  657,  303,   87,  401,  518,  297,  364,  205,  471,  465,  114,  489,  478,  402,  388,  368,  482,  339,  183,  212,  493,  396,  309,   53,  417,  624,  346,  433,  454,  451,   78,  629,  425,  522,  448,  429,  460,  546,  485,  503,  296,  521,  496,   67,  572,  355,  402,  682,  402,  505,  420,  106,  595,  438,  580,  252,  489,  603],
        [  621,    0,  382,  853,  796,  358,  353,  439,  413,  643,  649,  723,  888,  298,  422,  685,  803, 1093,  568,  101,  596,  225,  897, 1180,  894,  458,  383,  513,  342,  615,  800,  333,  253,  738,  224,  639,  757,  954,  910,  325,  393,  820,  649,  637,  685,  671,  462,  545,    0,  242, 1121,  525,  464,  153,  437,  392,  413,  436,  661,  800,  481,  587,  127,  828,  702,  675,  313,  964,  528, 1028,  442,  168,  509,  576,  463,  753,  684,  336,  749,  905,  382,  585,  144,  995,  796,  120,  668,  667,  473,  744,  491,  701,  606,  970,  380,  767,  865,  718,  718, 1035,  829,  542,  653,  403,  389,  652,  820, 1042,  940,  441,  211,  487,  776,  520,  901, 1136],
        [  780,    0,  539,  810,  801,  454,  487,  313,  435,  531,  571,  666,  778,  406,  469,  495,  793, 1057,  716,  289,  451,  405,  886, 1130,  697,  217,  478,  432,  472,  465,  666,  265,  235,  688,  171,  701,  799,  886,  712,  107,  357,  624,  429,  567,  745,  489,  566,  452,  242,    0, 1060,  500,  226,  190,  369,  154,  484,  411,  809,  638,  423,  659,  332,  690,  493,  515,   75,  793,  488,  933,  576,  123,  278,  352,  595,  561,  627,  262,  811,  846,  181,  503,  141,  775,  773,  162,  739,  436,  403,  860,  594,  789,  691,  870,  519,  844,  653,  794,  705,  972,  608,  479,  774,  490,  153,  811,  815,  951,  784,  373,  151,  596,  864,  327,  903, 1051],
        [  911,    0,  914,  271,  391,  819,  876,  749,  716,  541,  489,  400,  334,  869,  726,  717,  355,  113,  867, 1044,  645,  996,  289,   83,  706, 1037,  803,  630,  876,  639,  469,  809, 1285,  383, 1222,  608,  506,  175,  712,  976,  731,  708,  866,  495,  582,  696,  778,  608, 1121, 1060,    0,  596, 1000,  976,  699, 1088,  755,  686,  872,  565,  648,  654, 1057,  465,  798,  626, 1076,  561,  594,  190,  850, 1000,  948,  896,  838,  706,  440,  810,  566,  217,  909,  557, 1012,  875,  342, 1023,  618,  936,  663,  750,  763,  659,  679,  246,  877,  609,  796,  616,  421,   88,  858,  587,  770,  780,  998,  914,  352,  170,  489,  695, 1201,  778,  645,  808,  322,  114],
        [  520,    0,  388,  328,  303,  258,  329,  238,  130,  220,  159,  202,  405,  292,  161,  432,  294,  571,  450,  450,  277,  419,  388,  656,  598,  558,  252,  125,  323,  292,  370,  235,  707,  214,  647,  268,  325,  431,  614,  442,  144,  539,  523,  140,  298,  402,  280,  146,  525,  500,  596,    0,  529,  384,  139,  576,  204,   93,  514,  431,   91,  256,  466,  400,  509,  346,  537,  583,   32,  519,  350,  417,  505,  499,  351,  482,  165,  238,  358,  381,  397,  131,  424,  767,  278,  432,  311,  588,  118,  484,  287,  378,  303,  469,  345,  407,  629,  362,  206,  511,  641,   81,  427,  235,  492,  541,  316,  531,  527,  137,  626,  302,  439,  380,  404,  618],
        [  930,    0,  701,  783,  820,  587,  640,  292,  519,  463,  535,  639,  683,  555,  566,  331,  798, 1021,  860,  494,  356,  593,  884, 1077,  507,   38,  606,  420,  625,  363,  554,  332,  415,  666,  360,  778,  853,  829,  521,  148,  414,  439,  222,  540,  817,  336,  690,  423,  464,  226, 1000,  529,    0,  373,  392,  115,  595,  460,  949,  495,  439,  748,  538,  571,  299,  389,  168,  629,  505,  846,  721,  315,   67,  147,  736,  385,  604,  326,  880,  801,  140,  474,  340,  560,  768,  366,  821,  214,  412,  971,  714,  882,  789,  779,  672,  924,  448,  876,  716,  915,  394,  476,  893,  611,   76,  959,  824,  865,  638,  394,  347,  721,  951,  193,  912,  968],
