{
    "name": "random-9-17568",
    "comment": "size=9 seed=17568",
    "nodes": ["+0", "-0", "+1", "-1", "+2", "-2", "+3", "-3", "+4", "-4", "+5", "-5", "+6", "-6", "+7", "-7", "+8", "-8", "+9", "-9"],
    "precedence": {
        "+0": "-0",
        "+1": "-1",
        "+2": "-2",
        "+3": "-3",
        "+4": "-4",
        "+5": "-5",
        "+6": "-6",
        "+7": "-7",
        "+8": "-8",
        "+9": "-9"
    },
    "edges": [
        [    0,    0,  938,  341,  262,  296,  756,  574,  267,  848,  378,  200,  204,  696,  367,  107,  279,  357,  570,  227],
        [    0,    0,  938,  341,  262,  296,  756,  574,  267,  848,  378,  200,  204,  696,  367,  107,  279,  357,  570,  227],
        [  938,  938,    0,  599,  910, 1137,  418,  915,  695,  404, 1253, 1126,  759,  641,  855,  990, 1001,  845,  673,  833],
        [  341,  341,  599,    0,  393,  556,  456,  532,  150,  545,  667,  528,  168,  481,  362,  393,  442,  392,  384,  302],
        [  262,  262,  910,  393,    0,  547,  848,  803,  246,  935,  609,  411,  360,  854,  594,  367,  538,  115,  740,   91],
        [  296,  296, 1137,  556,  547,    0,  858,  477,  539,  947,  119,  169,  389,  721,  338,  192,  155,  650,  597,  523],
        [  756,  756,  418,  456,  848,  858,    0,  526,  603,   93,  976,  904,  553,  227,  530,  764,  706,  834,  291,  757],
        [  574,  574,  915,  532,  803,  477,  526,    0,  634,  593,  574,  605,  453,  317,  210,  506,  342,  860,  243,  730],
        [  267,  267,  695,  150,  246,  539,  603,  634,    0,  690,  636,  467,  192,  625,  439,  352,  461,  245,  521,  156],
        [  848,  848,  404,  545,  935,  947,   93,  593,  690,    0, 1064,  996,  645,  281,  615,  856,  794,  917,  367,  845],
        [  378,  378, 1253,  667,  609,  119,  976,  574,  636, 1064,    0,  199,  500,  834,  453,  284,  271,  718,  712,  599],
        [  200,  200, 1126,  528,  411,  169,  904,  605,  467,  996,  199,    0,  370,  803,  428,  142,  263,  521,  675,  407],
        [  204,  204,  759,  168,  360,  389,  553,  453,  192,  645,  500,  370,    0,  507,  251,  231,  282,  407,  386,  281],
        [  696,  696,  641,  481,  854,  721,  227,  317,  625,  281,  834,  803,  507,    0,  384,  673,  567,  870,  129,  766],
        [  367,  367,  855,  362,  594,  338,  530,  210,  439,  615,  453,  428,  251,  384,    0,  310,  184,  654,  259,  523],
        [  107,  107,  990,  393,  367,  192,  764,  506,  352,  856,  284,  142,  231,  673,  310,    0,  184,  463,  544,  333],
        [  279,  279, 1001,  442,  538,  155,  706,  342,  461,  794,  271,  263,  282,  567,  184,  184,    0,  624,  443,  490],
        [  357,  357,  845,  392,  115,  650,  834,  860,  245,  917,  718,  521,  407,  870,  654,  463,  624,    0,  765,  136],
        [  570,  570,  673,  384,  740,  597,  291,  243,  521,  367,  712,  675,  386,  129,  259,  544,  443,  765,    0,  653],
        [  227,  227,  833,  302,   91,  523,  757,  730,  156,  845,  599,  407,  281,  766,  523,  333,  490,  136,  653,    0]
    ]
}
