{
    "name": "random-55-12700",
    "comment": "size=55 seed=12700",
    "nodes": ["+0", "-0", "+1", "-1", "+2", "-2", "+3", "-3", "+4", "-4", "+5", "-5", "+6", "-6", "+7", "-7", "+8", "-8", "+9", "-9", "+10", "-10", "+11", "-11", "+12", "-12", "+13", "-13", "+14", "-14", "+15", "-15", "+16", "-16", "+17", "-17", "+18", "-18", "+19", "-19", "+20", "-20", "+21", "-21", "+22", "-22", "+23", "-23", "+24", "-24", "+25", "-25", "+26", "-26", "+27", "-27", "+28", "-28", "+29", "-29", "+30", "-30", "+31", "-31", "+32", "-32", "+33", "-33", "+34", "-34", "+35", "-35", "+36", "-36", "+37", "-37", "+38", "-38", "+39", "-39", "+40", "-40", "+41", "-41", "+42", "-42", "+43", "-43", "+44", "-44", "+45", "-45", "+46", "-46", "+47", "-47", "+48", "-48", "+49", "-49", "+50", "-50", "+51", "-51", "+52", "-52", "+53", "-53", "+54", "-54", "+55", "-55"],
    "precedence": {
        "+0": "-0",
        "+1": "-1",
        "+2": "-2",
        "+3": "-3",
        "+4": "-4",
        "+5": "-5",
        "+6": "-6",
        "+7": "-7",
        "+8": "-8",
        "+9": "-9",
        "+10": "-10",
        "+11": "-11",
        "+12": "-12",
        "+13": "-13",
        "+14": "-14",
        "+15": "-15",
        "+16": "-16",
        "+17": "-17",
        "+18": "-18",
        "+19": "-19",
        "+20": "-20",
        "+21": "-21",
        "+22": "-22",
        "+23": "-23",
        "+24": "-24",
        "+25": "-25",
        "+26": "-26",
        "+27": "-27",
        "+28": "-28",
        "+29": "-29",
        "+30": "-30",
        "+31": "-31",
        "+32": "-32",
        "+33": "-33",
        "+34": "-34",
        "+35": "-35",
        "+36": "-36",
        "+37": "-37",
        "+38": "-38",
        "+39": "-39",
        "+40": "-40",
        "+41": "-41",
        "+42": "-42",
        "+43": "-43",
        "+44": "-44",
        "+45": "-45",
        "+46": "-46",
        "+47": "-47",
        "+48": "-48",
        "+49": "-49",
        "+50": "-50",
        "+51": "-51",
        "+52": "-52",
        "+53": "-53",
        "+54": "-54",
        "+55": "-55"
    },
    "edges": [
        [    0,    0,  507,  360,  617,  794,  531,  671,  467,  158,  673,  212,  968,  657,  816,   84,  407,  410,  842,  920,  931,  559,  838,  901,  883,  115,  908,  575,  489,  301,  886,  333,  359, 1023,  665,  191,  565,  770,  462,  568,  313,  669,  826,  868,  573,  545,  562,  625,  603,   77,  782,  810,  434,   71,  595,  853,  282,  676,  270,  498,  186,  691,  270,  612,  867,  330,  631,  656,  356, 1063,  543,  104,  879,  172,  606,  313,  672,  120,  799,  895,  100,  915,  837,  554,  131,  629,  878,  736,  721,  873,  834,  228,  566,  704,  698,  437,  783,  111,  937,  490,  434,  139,  445,  562,  199,  531, 1006,  735,  780,  316,  880,  763],
        [    0,    0,    0,    0,    0,    0,    0,    0,    0,    0,    0,    0,    0,    0,    0,    0,    0,    0,    0,    0,    0,    0,    0,    0,    0,    0,    0,    0,    0,    0,    0,    0,    0,    0,    0,    0,    0,    0,    0,    0,    0,    0,    0,    0,    0,    0,    0,    0,    0,    0,    0,    0,    0,    0,    0,    0,    0,    0,    0,    0,    0,    0,    0,    0,    0,    0,    0,    0,    0,    0,    0,    0,    0,    0,    0,    0,    0,    0,    0,    0,    0,    0,    0,    0,    0,    0,    0,    0,    0,    0,    0,    0,    0,    0,    0,    0,    0,    0,    0,    0,    0,    0,    0,    0,    0,    0,    0,    0,    0,    0,    0,    0],
        [  507,    0,    0,  161,  332,  324,  429,  165,  233,  360,  652,  401,  720,  227,  375,  555,  645,  559,  531,  531,  622,  430,  457,  395,  539,  405,  624,  771,  414,  387,  403,  182,  477,  603,  249,  586,   87,  273,   62,  256,  195,  280,  321,  364,  132,  641,  645,  263,  333,  482,  362,  312,  665,  576,  498,  504,  300,  535,  240,  230,  325,  185,  515,  578,  360,  200,  208,  201,  295,  648,   93,  467,  428,  356,  668,  323,  252,  499,  447,  431,  604,  651,  790,  659,  490,  271,  426,  259,  214,  415,  353,  451,  758,  593,  308,  158,  277,  575,  687,  471,  241,  446,  428,  721,  456,  255,  593,  233,  397,  280,  692,  629],
        [  360,    0,  161,    0,  418,  438,  452,  318,  273,  227,  668,  241,  816,  307,  468,  399,  577,  510,  642,  667,  735,  464,  589,  552,  661,  269,  729,  724,  424,  324,  528,   29,  425,  750,  384,  469,  239,  411,  139,  254,   61,  333,  470,  522,  216,  617,  626,  375,  413,  325,  504,  451,  600,  430,  528,  627,  225,  585,  114,  192,  175,  337,  429,  593,  514,  131,  281,  300,  263,  794,  229,  309,  581,  231,  657,  176,  389,  340,  569,  588,  452,  750,  822,  634,  330,  302,  579,  416,  372,  521,  512,  293,  712,  636,  363,  192,  432,  418,  783,  468,  260,  286,  416,  683,  296,  325,  738,  378,  528,  131,  767,  683],
        [  617,    0,  332,  418,    0,  576,  184,  377,  158,  467,  368,  621,  399,  534,  647,  693,  519,  414,  232,  309,  325,  162,  228,  485,  266,  504,  313,  580,  204,  341,  620,  417,  364,  421,  158,  588,  267,  488,  299,  587,  399,  597,  480,  443,  454,  426,  421,   92,   19,  633,  213,  512,  526,  670,  217,  237,  336,  220,  401,  559,  492,  390,  462,  306,  484,  326,  523,  498,  262,  455,  244,  633,  321,  449,  425,  590,  164,  671,  184,  351,  713,  333,  478,  444,  668,  597,  322,  275,  374,  665,  340,  677,  568,  281,  621,  228,  421,  719,  366,  260,  187,  629,  253,  520,  669,   96,  400,  442,  179,  546,  360,  305],
        [  794,    0,  324,  438,  576,    0,  722,  201,  537,  663,  937,  633,  895,  144,   78,  824,  968,  880,  697,  623,  769,  715,  580,  253,  675,  706,  790, 1089,  717,  710,   95,  466,  799,  636,  429,  901,  331,   97,  385,  274,  492,  170,  157,  260,  222,  952,  953,  486,  586,  751,  475,   98,  987,  864,  781,  645,  623,  796,  545,  328,  610,  187,  838,  867,  205,  520,  169,  138,  617,  680,  363,  730,  466,  665,  971,  525,  425,  753,  602,  442,  882,  826, 1053,  970,  741,  215,  462,  336,  209,   93,  357,  668, 1076,  857,  160,  475,  190,  838,  866,  777,  553,  699,  739, 1036,  685,  534,  639,  137,  540,  499,  906,  877],
        [  531,    0,  429,  452,  184,  722,    0,  523,  196,  406,  224,  596,  438,  653,  786,  613,  343,  238,  342,  462,  419,   33,  390,  662,  396,  430,  389,  398,   42,  230,  778,  438,  208,  580,  333,  453,  393,  641,  377,  673,  410,  709,  647,  621,  561,  245,  241,  264,  166,  567,  395,  671,  348,  570,   78,  376,  278,  149,  388,  628,  457,  539,  317,  149,  657,  327,  636,  622,  205,  608,  363,  575,  502,  384,  251,  599,  340,  611,  337,  534,  616,  390,  371,  263,  613,  698,  503,  450,  533,  814,  522,  650,  385,  189,  736,  279,  587,  640,  409,   79,  197,  582,   93,  338,  634,  189,  558,  595,  353,  560,  352,  243],
        [  671,    0,  165,  318,  377,  201,  523,    0,  343,  524,  737,  551,  716,  182,  271,  717,  786,  693,  518,  471,  598,  515,  413,  234,  506,  569,  613,  898,  520,  534,  259,  342,  615,  514,  235,  747,  137,  121,  218,  293,  358,  249,  157,  208,  154,  756,  757,  287,  386,  643,  306,  156,  803,  740,  581,  473,  456,  596,  404,  307,  488,   21,  667,  667,  197,  361,  184,  142,  436,  560,  170,  627,  332,  520,  773,  460,  233,  657,  424,  323,  767,  646,  854,  775,  647,  268,  329,  167,   58,  291,  233,  598,  884,  657,  266,  291,  114,  736,  686,  580,  363,  603,  546,  843,  606,  335,  510,   75,  363,  421,  716,  680],
        [  467,    0,  233,  273,  158,  537,  196,  343,    0,  313,  420,  464,  549,  458,  597,  540,  451,  353,  390,  454,  482,  200,  371,  519,  422,  353,  469,  555,  182,  220,  601,  267,  281,  558,  214,  465,  207,  464,  181,  479,  246,  513,  482,  479,  365,  415,  417,  161,  148,  478,  322,  497,  466,  524,  268,  391,  187,  315,  243,  437,  334,  361,  355,  345,  503,  169,  441,  429,  123,  596,  175,  476,  425,  296,  437,  439,  222,  514,  335,  447,  565,  486,  562,  434,  511,  502,  425,  315,  365,  629,  406,  520,  542,  369,  541,   86,  425,  566,  516,  241,   34,  472,  203,  501,  511,   66,  540,  417,  314,  395,  495,  412],
        [  158,    0,  360,  227,  467,  663,  406,  524,  313,    0,  581,  205,  834,  534,  695,  227,  389,  351,  696,  766,  787,  431,  684,  750,  733,   46,  767,  552,  366,  188,  751,  198,  277,  868,  508,  244,  411,  628,  310,  467,  172,  557,  680,  716,  442,  481,  495,  469,  454,  167,  625,  668,  415,  223,  477,  703,  134,  554,  121,  399,   80,  544,  233,  512,  718,  173,  508,  526,  212,  907,  387,  171,  722,   23,  535,  256,  515,  208,  648,  738,  257,  778,  745,  494,  208,  522,  721,  579,  571,  747,  678,  253,  541,  590,  586,  279,  634,  253,  803,  382,  281,  177,  331,  523,  233,  378,  851,  591,  626,  236,  756,  647],
        [  673,    0,  652,  668,  368,  937,  224,  737,  420,  581,    0,  783,  395,  874, 1004,  756,  342,  276,  408,  558,  447,  224,  508,  849,  471,  593,  402,  291,  245,  393,  986,  652,  315,  673,  525,  540,  611,  852,  600,  896,  622,  931,  848,  807,  783,  165,  145,  459,  356,  726,  553,  878,  330,  694,  157,  467,  471,  164,  592,  849,  646,  751,  412,   76,  851,  540,  858,  843,  409,  687,  582,  740,  649,  558,  111,  803,  531,  773,  453,  685,  742,  382,  166,  170,  778,  921,  651,  641,  740, 1027,  697,  833,  282,  117,  958,  502,  789,  783,  377,  204,  419,  754,  258,  235,  813,  405,  648,  806,  493,  767,  276,  158],
        [  212,    0,  401,  241,  621,  633,  596,  551,  464,  205,  783,    0, 1009,  491,  642,  203,  581,  554,  852,  896,  945,  618,  815,  784,  879,  207,  932,  748,  559,  392,  728,  225,  482,  985,  617,  392,  479,  629,  377,  380,  229,  488,  696,  758,  423,  685,  699,  597,  611,  141,  738,  668,  608,  270,  671,  847,  318,  743,  221,  313,  140,  569,  428,  713,  744,  295,  465,  499,  393, 1028,  467,  114,  820,  227,  739,  113,  623,  125,  789,  828,  270,  948,  947,  698,  111,  445,  818,  656,  607,  703,  752,   57,  738,  784,  515,  400,  664,  211,  977,  582,  438,   77,  530,  724,   56,  526,  971,  602,  755,  135,  941,  839],
        [  968,    0,  720,  816,  399,  895,  438,  716,  549,  834,  395, 1009,    0,  894,  972, 1050,  722,  634,  199,  304,  136,  409,  318,  711,  226,  864,  105,  685,  480,  668,  907,  814,  635,  379,  486,  882,  643,  799,  695,  971,  794,  960,  758,  678,  830,  554,  536,  458,  404, 1000,  421,  808,  714, 1008,  382,  253,  702,  300,  789,  950,  874,  721,  746,  407,  736,  717,  889,  854,  623,  371,  628, 1004,  460,  813,  505,  986,  487, 1042,  294,  496, 1054,   71,  343,  562, 1042,  969,  464,  560,  689,  971,  557, 1065,  676,  297,  980,  625,  709, 1076,   33,  492,  572, 1007,  528,  630, 1053,  492,  357,  761,  356,  943,  122,  240],
        [  657,    0,  227,  307,  534,  144,  653,  182,  458,  534,  874,  491,  894,    0,  161,  683,  863,  781,  696,  652,  779,  651,  594,  351,  687,  575,  791,  995,  640,  603,  238,  336,  698,  690,  409,  775,  268,  169,  285,  139,  365,   68,  248,  342,   99,  867,  871,  450,  539,  611,  488,  200,  884,  727,  719,  654,  510,  748,  418,  186,  475,  183,  724,  801,  302,  406,   27,   41,  518,  735,  294,  589,  509,  537,  894,  382,  407,  612,  603,  495,  743,  823, 1006,  885,  599,   92,  506,  348,  226,  216,  404,  525,  982,  808,   88,  384,  248,  697,  863,  697,  467,  558,  654,  946,  542,  472,  687,  171,  544,  357,  886,  837],
        [  816,    0,  375,  468,  647,   78,  786,  271,  597,  695, 1004,  642,  972,  161,    0,  838, 1018,  933,  775,  701,  847,  781,  658,  322,  753,  735,  868, 1145,  779,  759,  125,  497,  851,  712,  503,  936,  394,  174,  436,  266,  526,  155,  231,  333,  257, 1011, 1014,  557,  656,  767,  553,  174, 1038,  886,  848,  722,  667,  866,  579,  330,  635,  259,  883,  933,  276,  564,  187,  175,  669,  756,  425,  744,  543,  698, 1033,  530,  500,  765,  679,  519,  900,  903, 1124, 1030,  751,  201,  539,  413,  285,   64,  434,  671, 1132,  927,  133,  530,  268,  850,  943,  838,  611,  711,  798, 1094,  691,  600,  715,  213,  617,  510,  982,  950],
        [   84,    0,  555,  399,  693,  824,  613,  717,  540,  227,  756,  203, 1050,  683,  838,    0,  482,  492,  920,  993, 1010,  642,  911,  949,  959,  189,  988,  648,  572,  384,  917,  375,  442, 1094,  731,  257,  621,  808,  516,  580,  362,  687,  869,  918,  606,  626,  643,  695,  679,   74,  850,  848,  508,   89,  679,  929,  358,  759,  325,  512,  231,  736,  351,  696,  913,  393,  657,  687,  434, 1134,  601,   95,  944,  245,  687,  314,  738,   80,  874,  959,   69,  996,  920,  634,   95,  644,  943,  795,  769,  897,  893,  197,  640,  787,  714,  502,  830,   27, 1019,  574,  508,  128,  528,  639,  169,  605, 1077,  776,  852,  329,  963,  847],
        [  407,    0,  645,  577,  519,  968,  343,  786,  451,  389,  342,  581,  722,  863, 1018,  482,    0,  106,  674,  804,  740,  373,  733,  969,  733,  376,  702,  169,  316,  260, 1042,  551,  172,  922,  650,  230,  649,  906,  584,  830,  517,  902,  932,  928,  764,  179,  199,  583,  501,  478,  731,  941,   27,  402,  358,  716,  355,  432,  467,  767,  468,  805,  156,  315,  954,  459,  840,  843,  352,  948,  617,  500,  839,  372,  242,  645,  657,  525,  679,  868,  446,  692,  485,  179,  534,  876,  840,  761,  814, 1060,  845,  617,  160,  425,  932,  496,  875,  505,  698,  265,  426,  527,  267,  159,  591,  486,  899,  861,  693,  623,  608,  483],
        [  410,    0,  559,  510,  414,  880,  238,  693,  353,  351,  276,  554,  634,  781,  933,  492,  106,    0,  574,  700,  643,  269,  628,  869,  631,  350,  607,  216,  211,  187,  950,  486,   85,  818,  546,  265,  556,  813,  498,  761,  452,  825,  835,  828,  683,  135,  152,  479,  396,  472,  626,  848,  115,  423,  260,  613,  285,  338,  406,  701,  427,  711,  142,  232,  855,  384,  760,  759,  264,  845,  523,  490,  734,  331,  196,  601,  554,  520,  575,  764,  470,  600,  434,  146,  527,  802,  735,  659,  717,  972,  742,  597,  203,  340,  855,  405,  778,  517,  609,  161,  331,  511,  163,  175,  573,  384,  795,  767,  589,  574,  525,  400],
        [  842,    0,  531,  642,  232,  697,  342,  518,  390,  696,  408,  852,  199,  696,  775,  920,  674,  574,    0,  153,   94,  310,  129,  524,   64,  731,   96,  685,  379,  553,  713,  643,  549,  265,  291,  791,  451,  601,  512,  778,  628,  763,  564,  489,  635,  534,  521,  270,  243,  862,  224,  612,  674,  891,  318,   68,  563,  254,  632,  761,  723,  523,  657,  382,  545,  557,  692,  657,  486,  282,  439,  863,  281,  677,  505,  816,  291,  901,   96,  318,  935,  129,  435,  548,  898,  774,  284,  362,  491,  775,  366,  908,  674,  291,  782,  455,  513,  946,  169,  414,  418,  860,  433,  624,  900,  326,  241,  563,  158,  771,  228,  265],
        [  920,    0,  531,  667,  309,  623,  462,  471,  454,  766,  558,  896,  304,  652,  701,  993,  804,  700,  153,    0,  169,  432,   83,  415,   91,  806,  208,  829,  495,  649,  621,  675,  664,  119,  284,  895,  444,  528,  529,  755,  667,  719,  475,  385,  610,  676,  664,  301,  325,  929,  171,  530,  806,  976,  454,   92,  639,  399,  683,  752,  779,  470,  767,  526,  445,  609,  653,  612,  568,  147,  443,  926,  163,  750,  651,  843,  280,  963,  127,  196, 1017,  247,  585,  691,  958,  738,  168,  304,  430,  690,  269,  952,  818,  441,  733,  499,  434, 1018,  284,  539,  486,  917,  548,  768,  948,  389,   96,  498,  143,  798,  369,  417],
        [  931,    0,  622,  735,  325,  769,  419,  598,  482,  787,  447,  945,  136,  779,  847, 1010,  740,  643,   94,  169,    0,  387,  190,  578,   95,  821,   48,  734,  459,  638,  777,  737,  627,  253,  377,  871,  540,  673,  605,  866,  721,  846,  629,  545,  722,  588,  573,  363,  335,  953,  296,  680,  738,  978,  384,  126,  654,  309,  725,  851,  816,  601,  736,  435,  604,  650,  776,  739,  576,  253,  530,  955,  326,  767,  551,  909,  377,  992,  177,  361, 1023,   82,  440,  601,  990,  858,  330,  437,  566,  843,  425, 1001,  724,  333,  863,  549,  582, 1036,  117,  487,  510,  952,  511,  674,  993,  420,  230,  637,  236,  865,  212,  292],
        [  559,    0,  430,  464,  162,  715,   33,  515,  200,  431,  224,  618,  409,  651,  781,  642,  373,  269,  310,  432,  387,    0,  361,  645,  365,  457,  357,  420,   73,  260,  768,  453,  241,  550,  315,  485,  388,  632,  381,  679,  426,  709,  633,  603,  561,  265,  259,  246,  145,  594,  370,  660,  377,  600,   68,  345,  302,  125,  406,  636,  480,  530,  349,  153,  641,  343,  636,  619,  226,  577,  359,  601,  476,  409,  265,  616,  322,  638,  307,  509,  646,  359,  362,  283,  639,  700,  478,  433,  522,  806,  501,  672,  407,  173,  736,  285,  574,  669,  378,  108,  206,  607,  125,  359,  657,  182,  527,  585,  325,  576,  326,  222],
        [  838,    0,  457,  589,  228,  580,  390,  413,  371,  684,  508,  815,  318,  594,  658,  911,  733,  628,  129,   83,  190,  361,    0,  396,   95,  724,  214,  768,  420,  569,  589,  595,  588,  193,  208,  816,  371,  484,  451,  689,  587,  661,  441,  361,  544,  613,  603,  219,  245,  847,  108,  491,  737,  894,  391,   66,  557,  345,  601,  681,  697,  415,  689,  469,  419,  527,  593,  554,  486,  227,  367,  843,  153,  667,  594,  764,  205,  881,   56,  190,  935,  252,  557,  629,  876,  677,  156,  249,  378,  654,  239,  871,  757,  394,  678,  417,  393,  936,  292,  468,  404,  835,  473,  707,  867,  307,  173,  449,   62,  719,  356,  380],
        [  901,    0,  395,  552,  485,  253,  662,  234,  519,  750,  849,  784,  711,  351,  322,  949,  969,  869,  524,  415,  578,  645,  396,    0,  485,  795,  608, 1058,  672,  732,  217,  575,  799,  400,  330,  962,  342,  183,  441,  487,  589,  404,  104,   42,  373,  906,  903,  399,  500,  876,  309,  158,  983,  969,  701,  461,  667,  690,  632,  520,  720,  216,  868,  790,   50,  581,  367,  320,  631,  442,  370,  860,  252,  744,  909,  690,  323,  891,  435,  220,  998,  647,  933,  925,  881,  441,  248,  213,  181,  293,  160,  830, 1045,  749,  404,  493,  121,  969,  687,  733,  547,  836,  710,  999,  840,  486,  408,  189,  376,  653,  750,  752],
        [  883,    0,  539,  661,  266,  675,  396,  506,  422,  733,  471,  879,  226,  687,  753,  959,  733,  631,   64,   91,   95,  365,   95,  485,    0,  770,  124,  748,  432,  599,  683,  665,  603,  202,  291,  841,  454,  579,  527,  777,  652,  754,  534,  452,  633,  596,  583,  286,  280,  899,  201,  586,  734,  934,  378,   35,  602,  317,  661,  766,  755,  508,  709,  445,  511,  586,  685,  647,  527,  219,  447,  898,  235,  715,  568,  836,  289,  935,   93,  272,  978,  163,  495,  610,  932,  768,  239,  343,  472,  748,  331,  935,  737,  355,  771,  480,  487,  985,  202,  471,  453,  893,  486,  687,  929,  357,  177,  543,  145,  791,  279,  328],
        [  115,    0,  405,  269,  504,  706,  430,  569,  353,   46,  593,  207,  864,  575,  735,  189,  376,  350,  731,  806,  821,  457,  724,  795,  770,    0,  800,  542,  390,  205,  795,  240,  283,  909,  551,  209,  457,  673,  355,  502,  215,  595,  725,  761,  484,  482,  498,  510,  491,  137,  668,  713,  402,  178,  500,  741,  169,  578,  166,  433,  106,  589,  221,  527,  763,  218,  549,  569,  245,  948,  433,  147,  765,   57,  540,  276,  558,  183,  686,  782,  214,  809,  758,  495,  186,  559,  765,  624,  616,  789,  723,  248,  531,  611,  625,  323,  679,  216,  833,  399,  320,  163,  350,  517,  224,  418,  892,  636,  666,  263,  781,  669],
        [  908,    0,  624,  729,  313,  790,  389,  613,  469,  767,  402,  932,  105,  791,  868,  988,  702,  607,   96,  208,   48,  357,  214,  608,  124,  800,    0,  690,  429,  612,  803,  729,  595,  299,  386,  841,  545,  694,  603,  872,  712,  858,  654,  574,  730,  547,  531,  362,  322,  934,  316,  704,  699,  953,  347,  148,  634,  270,  712,  854,  800,  618,  705,  394,  632,  638,  787,  752,  556,  301,  532,  936,  359,  747,  507,  902,  386,  974,  190,  395,  999,   40,  392,  558,  973,  869,  363,  456,  585,  866,  453,  988,  680,  289,  877,  540,  605, 1015,   79,  453,  495,  936,  481,  631,  979,  408,  275,  657,  252,  858,  166,  246],
        [  575,    0,  771,  724,  580, 1089,  398,  898,  555,  552,  291,  748,  685,  995, 1145,  648,  169,  216,  685,  829,  734,  420,  768, 1058,  748,  542,  690,    0,  386,  401, 1156,  700,  300,  947,  729,  393,  761, 1018,  711,  976,  666, 1040, 1034, 1016,  897,  156,  166,  660,  563,  646,  789, 1051,  142,  566,  379,  738,  500,  432,  619,  916,  631,  915,  321,  304, 1049,  599,  974,  972,  478,  966,  729,  668,  894,  534,  183,  807,  736,  693,  713,  927,  609,  671,  389,  140,  702, 1018,  896,  846,  917, 1181,  919,  785,   14,  401, 1070,  615,  975,  670,  667,  325,  537,  695,  353,   62,  759,  574,  923,  972,  740,  782,  564,  448],
        [  489,    0,  414,  424,  204,  717,   42,  520,  182,  366,  245,  559,  480,  640,  779,  572,  316,  211,  379,  495,  459,   73,  420,  672,  432,  390,  429,  386,    0,  189,  777,  409,  171,  612,  344,  413,  386,  639,  359,  652,  379,  694,  650,  630,  546,  238,  238,  275,  186,  527,  416,  670,  323,  528,  113,  411,  241,  189,  354,  605,  419,  536,  279,  170,  663,  296,  622,  611,  170,  641,  355,  534,  524,  344,  255,  566,  352,  571,  369,  554,  575,  431,  400,  257,  572,  680,  525,  460,  534,  809,  537,  612,  373,  226,  722,  260,  591,  599,  450,   62,  176,  542,   54,  328,  595,  189,  590,  593,  379,  527,  392,  282],
        [  301,    0,  387,  324,  341,  710,  230,  534,  220,  188,  393,  392,  668,  603,  759,  384,  260,  187,  553,  649,  638,  260,  569,  732,  599,  205,  612,  401,  189,    0,  787,  300,  103,  761,  433,  249,  399,  652,  326,  576,  265,  643,  684,  693,  505,  303,  315,  376,  324,  341,  536,  689,  281,  342,  296,  573,   99,  376,  221,  515,  256,  553,  136,  324,  711,  200,  581,  584,  101,  795,  368,  351,  642,  166,  352,  423,  441,  387,  524,  666,  388,  617,  558,  318,  390,  619,  642,  533,  567,  801,  625,  441,  389,  406,  673,  243,  630,  411,  637,  195,  189,  363,  146,  361,  421,  273,  741,  608,  517,  392,  580,  465],
        [  886,    0,  403,  528,  620,   95,  778,  259,  601,  751,  986,  728,  907,  238,  125,  917, 1042,  950,  713,  621,  777,  768,  589,  217,  683,  795,  803, 1156,  777,  787,    0,  556,  872,  616,  466,  986,  395,  138,  463,  367,  580,  260,  150,  238,  313, 1014, 1014,  529,  632,  844,  489,  109, 1060,  956,  831,  655,  703,  838,  632,  423,  701,  241,  918,  919,  177,  602,  263,  231,  691,  658,  428,  823,  458,  751, 1029,  620,  461,  847,  619,  429,  975,  840, 1093, 1033,  835,  306,  454,  358,  247,   78,  353,  763, 1143,  899,  246,  547,  204,  931,  880,  838,  621,  793,  804, 1101,  779,  590,  622,  185,  557,  593,  931,  914],
        [  333,    0,  182,   29,  417,  466,  438,  342,  267,  198,  652,  225,  814,  336,  497,  375,  551,  486,  643,  675,  737,  453,  595,  575,  665,  240,  729,  700,  409,  300,  556,    0,  402,  761,  394,  440,  255,  438,  152,  280,   35,  361,  495,  545,  244,  596,  605,  380,  410,  301,  514,  478,  574,  403,  515,  631,  201,  575,   86,  217,  148,  361,  402,  577,  538,  113,  310,  329,  245,  804,  242,  286,  595,  202,  638,  174,  399,  318,  573,  603,  426,  749,  808,  612,  309,  330,  593,  433,  395,  549,  529,  279,  688,  625,  391,  189,  456,  394,  781,  451,  250,  265,  398,  660,  280,  322,  748,  403,  534,  130,  761,  673],
        [  359,    0,  477,  425,  364,  799,  208,  615,  281,  277,  315,  482,  635,  698,  851,  442,  172,   85,  549,  664,  627,  241,  588,  799,  603,  283,  595,  300,  171,  103,  872,  402,    0,  780,  484,  248,  479,  735,  416,  676,  367,  741,  761,  759,  600,  204,  218,  420,  346,  412,  573,  771,  189,  383,  254,  581,  201,  336,  323,  617,  351,  634,  111,  255,  783,  299,  676,  677,  182,  811,  446,  427,  681,  256,  258,  522,  492,  460,  538,  709,  431,  593,  479,  218,  465,  718,  682,  593,  643,  891,  679,  528,  288,  353,  771,  325,  704,  469,  608,  144,  255,  445,  117,  259,  506,  320,  759,  690,  543,  493,  536,  414],
        [ 1023,    0,  603,  750,  421,  636,  580,  514,  558,  868,  673,  985,  379,  690,  712, 1094,  922,  818,  265,  119,  253,  550,  193,  400,  202,  909,  299,  947,  612,  761,  616,  761,  780,    0,  368, 1008,  516,  546,  611,  805,  757,  754,  481,  381,  663,  794,  782,  400,  438, 1028,  247,  539,  925, 1081,  573,  210,  744,  516,  777,  811,  874,  508,  881,  644,  441,  705,  695,  650,  675,   47,  521, 1022,  182,  852,  768,  922,  363, 1059,  244,  196, 1122,  335,  689,  809, 1053,  779,  185,  353,  464,  691,  286, 1039,  936,  556,  764,  594,  452, 1119,  367,  657,  591, 1011,  665,  886, 1038,  495,   25,  524,  245,  878,  464,  528],
        [  665,    0,  249,  384,  158,  429,  333,  235,  214,  508,  525,  617,  486,  409,  503,  731,  650,  546,  291,  284,  377,  315,  208,  330,  291,  551,  386,  729,  344,  433,  466,  394,  484,  368,    0,  678,  164,  337,  246,  489,  389,  475,  324,  289,  345,  577,  573,   70,  172,  663,  122,  358,  661,  727,  374,  256,  393,  373,  411,  476,  508,  244,  567,  463,  327,  339,  403,  370,  336,  411,  160,  656,  215,  494,  580,  559,    8,  693,  201,  235,  764,  416,  628,  595,  687,  484,  214,  118,  222,  515,  196,  672,  716,  434,  495,  230,  265,  755,  455,  404,  247,  644,  385,  670,  670,  165,  355,  293,  149,  514,  481,  450],
        [  191,    0,  586,  469,  588,  901,  453,  747,  465,  244,  540,  392,  882,  775,  936,  257,  230,  265,  791,  895,  871,  485,  816,  962,  841,  209,  841,  393,  413,  249,  986,  440,  248, 1008,  678,    0,  621,  859,  530,  709,  411,  800,  902,  925,  681,  391,  410,  623,  571,  267,  784,  898,  255,  174,  501,  817,  296,  583,  358,  641,  314,  767,  137,  492,  936,  387,  750,  765,  343, 1042,  593,  293,  889,  238,  455,  479,  686,  310,  769,  912,  217,  840,  697,  396,  322,  765,  889,  771,  788,  987,  867,  417,  386,  596,  830,  470,  852,  278,  855,  391,  432,  325,  361,  389,  388,  521,  988,  818,  765,  469,  780,  657],
        [  565,    0,   87,  239,  267,  331,  393,  137,  207,  411,  611,  479,  643,  268,  394,  621,  649,  556,  451,  444,  540,  388,  371,  342,  454,  457,  545,  761,  386,  399,  395,  255,  479,  516,  164,  621,    0,  258,  106,  329,  260,  330,  285,  306,  189,  621,  623,  187,  272,  548,  275,  293,  667,  633,  455,  420,  327,  481,  297,  312,  390,  156,  534,  540,  315,  240,  256,  234,  300,  561,   33,  536,  343,  404,  640,  407,  167,  570,  364,  349,  664,  573,  738,  640,  562,  331,  341,  178,  168,  423,  275,  531,  748,  541,  355,  157,  232,  642,  611,  446,  226,  518,  410,  707,  534,  207,  506,  212,  312,  364,  623,  570],
        [  770,    0,  273,  411,  488,   97,  641,  121,  464,  628,  852,  629,  799,  169,  174,  808,  906,  813,  601,  528,  673,  632,  484,  183,  579,  673,  694, 1018,  639,  652,  138,  438,  735,  546,  337,  859,  258,    0,  331,  306,  459,  222,   80,  178,  207,  877,  877,  397,  498,  734,  379,   41,  924,  840,  696,  548,  571,  707,  508,  345,  585,  104,  784,  784,  134,  472,  186,  140,  555,  591,  290,  715,  372,  627,  892,  527,  333,  743,  506,  351,  862,  730,  963,  895,  731,  259,  368,  240,  115,  179,  263,  670, 1005,  768,  225,  411,   96,  825,  770,  700,  483,  688,  666,  964,  683,  453,  548,   47,  444,  494,  811,  786],
        [  462,    0,   62,  139,  299,  385,  377,  218,  181,  310,  600,  377,  695,  285,  436,  516,  584,  498,  512,  529,  605,  381,  451,  441,  527,  355,  603,  711,  359,  326,  463,  152,  416,  611,  246,  530,  106,  331,    0,  298,  155,  336,  373,  407,  189,  582,  587,  243,  298,  443,  365,  369,  604,  530,  448,  492,  241,  491,  193,  261,  285,  238,  455,  525,  410,  143,  266,  261,  234,  655,   91,  431,  443,  304,  611,  314,  250,  465,  434,  452,  560,  627,  742,  601,  457,  322,  442,  282,  262,  476,  380,  430,  698,  548,  364,  100,  326,  537,  662,  414,  184,  413,  369,  661,  431,  214,  599,  289,  391,  269,  658,  586],
        [  568,    0,  256,  254,  587,  274,  673,  293,  479,  467,  896,  380,  971,  139,  266,  580,  830,  761,  778,  755,  866,  679,  689,  487,  777,  502,  872,  976,  652,  576,  367,  280,  676,  805,  489,  709,  329,  306,  298,    0,  314,  111,  385,  475,  146,  863,  870,  515,  589,  511,  586,  339,  853,  635,  746,  743,  477,  788,  365,   70,  397,  300,  681,  821,  439,  378,  121,  168,  506,  851,  345,  487,  624,  475,  898,  268,  490,  504,  689,  615,  645,  901, 1040,  880,  491,   66,  620,  455,  346,  329,  524,  407,  964,  846,  136,  395,  379,  590,  939,  704,  478,  453,  655,  933,  427,  509,  800,  302,  633,  254,  947,  883],
        [  313,    0,  195,   61,  399,  492,  410,  358,  246,  172,  622,  229,  794,  365,  526,  362,  517,  452,  628,  667,  721,  426,  587,  589,  652,  215,  712,  666,  379,  265,  580,   35,  367,  757,  389,  411,  260,  459,  155,  314,    0,  393,  513,  557,  271,  562,  572,  369,  391,  289,  510,  499,  540,  383,  487,  619,  167,  549,   54,  251,  131,  378,  368,  547,  554,   84,  340,  356,  213,  800,  243,  277,  595,  173,  605,  194,  395,  311,  561,  605,  409,  730,  779,  579,  303,  362,  593,  437,  409,  577,  535,  285,  654,  598,  423,  173,  471,  383,  761,  419,  226,  259,  367,  626,  282,  304,  743,  423,  526,  152,  738,  647],
        [  669,    0,  280,  333,  597,  170,  709,  249,  513,  557,  931,  488,  960,   68,  155,  687,  902,  825,  763,  719,  846,  709,  661,  404,  754,  595,  858, 1040,  694,  643,  260,  361,  741,  754,  475,  800,  330,  222,  336,  111,  393,    0,  301,  399,  149,  917,  922,  514,  601,  616,  555,  248,  924,  738,  777,  721,  547,  809,  446,  176,  492,  250,  759,  857,  354,  444,   74,  108,  563,  800,  355,  593,  574,  563,  946,  377,  474,  612,  670,  559,  750,  890, 1066,  935,  599,   47,  571,  415,  292,  218,  469,  517, 1027,  869,   31,  435,  308,  698,  929,  749,  519,  559,  704,  993,  537,  531,  753,  232,  611,  358,  950,  900],
        [  826,    0,  321,  470,  480,  157,  647,  157,  482,  680,  848,  696,  758,  248,  231,  869,  932,  835,  564,  475,  629,  633,  441,  104,  534,  725,  654, 1034,  650,  684,  150,  495,  761,  481,  324,  902,  285,   80,  373,  385,  513,  301,    0,  103,  277,  887,  886,  390,  493,  795,  340,   59,  948,  895,  695,  506,  610,  696,  560,  421,  642,  137,  819,  783,   54,  516,  265,  218,  585,  525,  316,  778,  314,  676,  897,  598,  318,  807,  470,  289,  921,  691,  948,  906,  796,  338,  310,  212,  118,  215,  207,  739, 1021,  756,  302,  441,   60,  887,  731,  711,  506,  752,  682,  977,  751,  461,  485,   94,  408,  563,  782,  768],
        [  868,    0,  364,  522,  443,  260,  621,  208,  479,  716,  807,  758,  678,  342,  333,  918,  928,  828,  489,  385,  545,  603,  361,   42,  452,  761,  574, 1016,  630,  693,  238,  545,  759,  381,  289,  925,  306,  178,  407,  475,  557,  399,  103,    0,  353,  865,  861,  358,  459,  845,  270,  162,  942,  936,  660,  427,  630,  649,  599,  504,  688,  191,  829,  748,   61,  545,  356,  308,  592,  423,  333,  830,  222,  709,  867,  666,  281,  862,  398,  192,  966,  612,  894,  883,  852,  434,  218,  171,  152,  311,  123,  805, 1003,  708,  402,  456,   98,  938,  653,  691,  507,  808,  669,  957,  813,  445,  386,  174,  338,  628,  713,  713],
        [  573,    0,  132,  216,  454,  222,  561,  154,  365,  442,  783,  423,  830,   99,  257,  606,  764,  683,  635,  610,  722,  561,  544,  373,  633,  484,  730,  897,  546,  505,  313,  244,  600,  663,  345,  681,  189,  207,  189,  146,  271,  149,  277,  353,    0,  770,  775,  376,  458,  532,  440,  246,  785,  643,  629,  599,  412,  663,  324,  153,  389,  166,  627,  709,  328,  308,   78,   85,  420,  709,  210,  512,  482,  444,  799,  321,  346,  538,  545,  475,  663,  760,  919,  789,  526,  143,  479,  311,  211,  306,  386,  463,  884,  722,  176,  288,  256,  621,  798,  602,  372,  483,  557,  848,  476,  384,  657,  185,  489,  288,  812,  755],
        [  545,    0,  641,  617,  426,  952,  245,  756,  415,  481,  165,  685,  554,  867, 1011,  626,  179,  135,  534,  676,  588,  265,  613,  906,  596,  482,  547,  156,  238,  303, 1014,  596,  204,  794,  577,  391,  621,  877,  582,  863,  562,  917,  887,  865,  770,    0,   20,  508,  410,  606,  634,  908,  166,  555,  223,  585,  398,  282,  522,  807,  554,  774,  275,  154,  900,  487,  848,  841,  357,  814,  590,  624,  739,  460,   64,  725,  584,  654,  558,  772,  602,  532,  308,   19,  661,  898,  740,  694,  772, 1044,  766,  729,  144,  260,  946,  484,  828,  651,  533,  177,  401,  644,  214,   95,  706,  426,  770,  830,  585,  694,  436,  314],
        [  562,    0,  645,  626,  421,  953,  241,  757,  417,  495,  145,  699,  536,  871, 1014,  643,  199,  152,  521,  664,  573,  259,  603,  903,  583,  498,  531,  166,  238,  315, 1014,  605,  218,  782,  573,  410,  623,  877,  587,  870,  572,  922,  886,  861,  775,   20,    0,  504,  404,  623,  627,  907,  185,  573,  214,  573,  408,  268,  532,  816,  567,  774,  293,  139,  897,  496,  852,  844,  365,  801,  591,  640,  730,  473,   45,  737,  580,  671,  547,  764,  620,  515,  288,   28,  677,  904,  732,  691,  771, 1045,  760,  744,  155,  243,  950,  488,  827,  668,  516,  177,  405,  660,  218,  105,  721,  425,  758,  830,  576,  706,  418,  296],
        [  625,    0,  263,  375,   92,  486,  264,  287,  161,  469,  459,  597,  458,  450,  557,  695,  583,  479,  270,  301,  363,  246,  219,  399,  286,  510,  362,  660,  275,  376,  529,  380,  420,  400,   70,  623,  187,  397,  243,  515,  369,  514,  390,  358,  376,  508,  504,    0,  104,  630,  161,  420,  594,  683,  306,  252,  346,  311,  382,  493,  479,  299,  506,  395,  395,  308,  441,  413,  282,  440,  171,  625,  266,  453,  511,  551,   77,  662,  194,  291,  723,  388,  568,  526,  658,  518,  267,  188,  283,  574,  263,  653,  647,  372,  537,  199,  331,  720,  425,  335,  195,  616,  318,  600,  648,  103,  383,  351,  159,  506,  437,  393],
        [  603,    0,  333,  413,   19,  586,  166,  386,  148,  454,  356,  611,  404,  539,  656,  679,  501,  396,  243,  325,  335,  145,  245,  500,  280,  491,  322,  563,  186,  324,  632,  410,  346,  438,  172,  571,  272,  498,  298,  589,  391,  601,  493,  459,  458,  410,  404,  104,    0,  620,  231,  523,  508,  655,  203,  252,  322,  211,  391,  558,  481,  399,  444,  292,  498,  317,  527,  504,  247,  472,  248,  621,  339,  435,  409,  583,  178,  658,  200,  369,  698,  339,  469,  427,  656,  600,  340,  289,  386,  675,  357,  667,  551,  272,  626,  222,  434,  705,  371,  242,  176,  618,  235,  503,  658,   89,  417,  452,  197,  539,  361,  299],
        [   77,    0,  482,  325,  633,  751,  567,  643,  478,  167,  726,  141, 1000,  611,  767,   74,  478,  472,  862,  929,  953,  594,  847,  876,  899,  137,  934,  646,  527,  341,  844,  301,  412, 1028,  663,  267,  548,  734,  443,  511,  289,  616,  795,  845,  532,  606,  623,  630,  620,    0,  783,  774,  505,  130,  636,  868,  300,  715,  255,  442,  159,  662,  334,  662,  839,  324,  584,  614,  379, 1069,  529,   28,  875,  187,  666,  248,  670,   49,  812,  888,  134,  944,  891,  617,   57,  574,  874,  723,  695,  826,  822,  152,  637,  747,  644,  435,  756,   94,  968,  535,  447,   65,  487,  630,  122,  543, 1012,  702,  788,  259,  918,  806],
        [  782,    0,  362,  504,  213,  475,  395,  306,  322,  625,  553,  738,  421,  488,  553,  850,  731,  626,  224,  171,  296,  370,  108,  309,  201,  668,  316,  789,  416,  536,  489,  514,  573,  247,  122,  784,  275,  379,  365,  586,  510,  555,  340,  270,  440,  634,  627,  161,  231,  783,    0,  388,  739,  843,  415,  170,  506,  390,  531,  581,  628,  308,  665,  501,  324,  459,  487,  447,  443,  291,  277,  777,  109,  611,  625,  678,  116,  813,  130,  139,  881,  352,  626,  651,  807,  571,  110,  142,  271,  551,  150,  793,  777,  446,  571,  349,  289,  875,  393,  472,  355,  765,  465,  728,  791,  263,  234,  342,   69,  633,  444,  445],
        [  810,    0,  312,  451,  512,   98,  671,  156,  497,  668,  878,  668,  808,  200,  174,  848,  941,  848,  612,  530,  680,  660,  491,  158,  586,  713,  704, 1051,  670,  689,  109,  478,  771,  539,  358,  898,  293,   41,  369,  339,  499,  248,   59,  162,  246,  908,  907,  420,  523,  774,  388,    0,  959,  880,  723,  556,  609,  730,  548,  381,  625,  137,  821,  811,  109,  511,  220,  176,  591,  583,  325,  755,  370,  666,  921,  566,  353,  783,  517,  346,  902,  740,  985,  926,  771,  288,  366,  253,  138,  163,  262,  709, 1038,  791,  246,  447,  100,  865,  780,  731,  518,  728,  699,  996,  722,  483,  542,   81,  455,  534,  827,  806],
        [  434,    0,  665,  600,  526,  987,  348,  803,  466,  415,  330,  608,  714,  884, 1038,  508,   27,  115,  674,  806,  738,  377,  737,  983,  734,  402,  699,  142,  323,  281, 1060,  574,  189,  925,  661,  255,  667,  924,  604,  853,  540,  924,  948,  942,  785,  166,  185,  594,  508,  505,  739,  959,    0,  428,  357,  718,  378,  429,  491,  791,  494,  822,  183,  308,  969,  481,  861,  863,  370,  950,  634,  527,  847,  398,  226,  671,  669,  552,  683,  877,  472,  687,  468,  163,  561,  898,  848,  773,  830, 1079,  856,  644,  133,  418,  954,  514,  891,  531,  692,  270,  442,  554,  277,  135,  618,  498,  902,  878,  700,  649,  599,  475],
        [   71,    0,  576,  430,  670,  864,  570,  740,  524,  223,  694,  270, 1008,  727,  886,   89,  402,  423,  891,  976,  978,  600,  894,  969,  934,  178,  953,  566,  528,  342,  956,  403,  383, 1081,  727,  174,  633,  840,  530,  635,  383,  738,  895,  936,  643,  555,  573,  683,  655,  130,  843,  880,  428,    0,  630,  906,  338,  712,  338,  566,  256,  760,  283,  638,  936,  395,  701,  726,  409, 1120,  609,  157,  941,  234,  618,  376,  734,  159,  853,  959,   48,  958,  855,  562,  173,  697,  941,  801,  789,  943,  900,  276,  559,  735,  766,  500,  852,  106,  978,  522,  491,  194,  481,  560,  247,  588, 1064,  805,  837,  383,  915,  795],
        [  595,    0,  498,  528,  217,  781,   78,  581,  268,  477,  157,  671,  382,  719,  848,  679,  358,  260,  318,  454,  384,   68,  391,  701,  378,  500,  347,  379,  113,  296,  831,  515,  254,  573,  374,  501,  455,  696,  448,  746,  487,  777,  695,  660,  629,  223,  214,  306,  203,  636,  415,  723,  357,  630,    0,  364,  353,   83,  464,  703,  532,  595,  364,   89,  700,  404,  704,  687,  281,  595,  426,  645,  518,  455,  211,  676,  380,  681,  335,  552,  677,  342,  296,  240,  683,  768,  520,  491,  585,  872,  553,  724,  367,  113,  804,  352,  636,  706,  355,  110,  271,  654,  151,  317,  707,  249,  549,  650,  363,  637,  285,  170],
