{
    "name": "random-27-6213",
    "comment": "size=27 seed=6213",
    "nodes": ["+0", "-0", "+1", "-1", "+2", "-2", "+3", "-3", "+4", "-4", "+5", "-5", "+6", "-6", "+7", "-7", "+8", "-8", "+9", "-9", "+10", "-10", "+11", "-11", "+12", "-12", "+13", "-13", "+14", "-14", "+15", "-15", "+16", "-16", "+17", "-17", "+18", "-18", "+19", "-19", "+20", "-20", "+21", "-21", "+22", "-22", "+23", "-23", "+24", "-24", "+25", "-25", "+26", "-26", "+27", "-27"],
    "precedence": {
        "+0": "-0",
        "+1": "-1",
        "+2": "-2",
        "+3": "-3",
        "+4": "-4",
        "+5": "-5",
        "+6": "-6",
        "+7": "-7",
        "+8": "-8",
        "+9": "-9",
        "+10": "-10",
        "+11": "-11",
        "+12": "-12",
        "+13": "-13",
        "+14": "-14",
        "+15": "-15",
        "+16": "-16",
        "+17": "-17",
        "+18": "-18",
        "+19": "-19",
        "+20": "-20",
        "+21": "-21",
        "+22": "-22",
        "+23": "-23",
        "+24": "-24",
        "+25": "-25",
        "+26": "-26",
        "+27": "-27"
    },
    "edges": [
        [    0,    0,  562,  186,  776,  364,  104,  629,  725,  432,  458,  423,  953,  416,  421,   48,  495,  183,   88,  418,  586,  591,  451,  159,  719,  708,  736,  715,  714,  452,  371,  940,  552,  348,  864,  630,  336,  358,  980,  363,  234,  325,  759,  252,  408,  875,  814,  698,  724,   39,  889,  687,  676,  689,  471,  183],
        [    0,    0,  562,  186,  776,  364,  104,  629,  725,  432,  458,  423,  953,  416,  421,   48,  495,  183,   88,  418,  586,  591,  451,  159,  719,  708,  736,  715,  714,  452,  371,  940,  552,  348,  864,  630,  336,  358,  980,  363,  234,  325,  759,  252,  408,  875,  814,  698,  724,   39,  889,  687,  676,  689,  471,  183],
        [  562,  562,    0,  737,  911,  265,  661,  852,  878,  871,  946,  775,  526,  155,  441,  519,  642,  644,  555,  846,  834,  623,  950,  504,  217,  424,  711,  493,  537,  125,  192,  902,   35,  634,  626,  292,  775,  892, 1044,  588,  785,  481,  334,  804,  321,  999,  467,  919,  416,  524,  539,  273,  775,  918,  780,  380],
        [  186,  186,  737,    0,  742,  511,  132,  577,  689,  299,  292,  347, 1079,  596,  593,  234,  504,  151,  186,  294,  530,  623,  278,  257,  875,  816,  764,  806,  793,  632,  547,  951,  723,  340,  945,  761,  226,  174,  953,  381,   49,  396,  896,   68,  591,  834,  927,  638,  837,  221,  998,  827,  668,  625,  407,  361],
        [  776,  776,  911,  742,    0,  685,  827,  170,   53,  509,  610,  400,  832,  880, 1114,  792,  301,  614,  689,  493,  218,  288,  638,  634,  866,  599,  256,  523,  467,  903,  825,  283,  877,  429,  538,  679,  528,  717,  212,  422,  752,  503,  773,  760, 1033,  100,  676,  139,  628,  770,  696,  754,  137,  152,  337,  781],
        [  364,  364,  265,  511,  685,    0,  467,  603,  646,  609,  689,  511,  593,  196,  469,  332,  396,  396,  326,  584,  580,  410,  696,  259,  364,  368,  530,  398,  418,  220,  141,  738,  239,  370,  553,  270,  516,  651,  846,  327,  558,  219,  396,  577,  366,  780,  464,  673,  379,  327,  541,  324,  552,  670,  518,  208],
        [  104,  104,  661,  132,  827,  467,    0,  670,  774,  423,  423,  448, 1056,  511,  466,  143,  561,  213,  166,  415,  624,  667,  410,  247,  822,  807,  812,  811,  807,  547,  470, 1011,  652,  404,  958,  733,  339,  300, 1035,  430,  169,  412,  863,  183,  476,  923,  915,  735,  825,  142,  989,  791,  737,  724,  504,  282],
        [  629,  629,  852,  577,  170,  603,  670,    0,  120,  340,  443,  232,  875,  794,  994,  650,  210,  458,  544,  323,   49,  274,  470,  499,  847,  613,  327,  549,  500,  822,  736,  432,  820,  286,  609,  663,  359,  547,  381,  296,  585,  396,  777,  592,  926,  258,  710,   73,  644,  627,  747,  743,  168,   68,  170,  660],
        [  725,  725,  878,  689,   53,  646,  774,  120,    0,  459,  561,  348,  829,  841, 1068,  741,  256,  562,  638,  442,  167,  261,  589,  584,  845,  586,  257,  513,  458,  865,  785,  320,  845,  377,  543,  658,  475,  665,  265,  372,  699,  458,  758,  708,  990,  150,  670,  103,  615,  719,  696,  734,  112,  114,  285,  734],
        [  432,  432,  871,  299,  509,  609,  423,  340,  459,    0,  112,  141, 1074,  760,  851,  472,  377,  258,  371,   28,  294,  503,  136,  382,  948,  796,  618,  757,  724,  796,  702,  764,  847,  260,  864,  790,  102,  212,  717,  319,  286,  407,  925,  286,  821,  588,  907,  382,  824,  450,  964,  869,  480,  368,  193,  552],
        [  458,  458,  946,  292,  610,  689,  423,  443,  561,  112,    0,  252, 1178,  825,  877,  503,  487,  307,  415,  137,  398,  614,   29,  445, 1038,  900,  729,  865,  833,  861,  768,  871,  925,  361,  974,  887,  177,  148,  813,  420,  262,  500, 1023,  255,  862,  683, 1013,  478,  927,  484, 1071,  964,  589,  464,  304,  603],
        [  423,  423,  775,  347,  400,  511,  448,  232,  348,  141,  252,    0,  939,  682,  822,  453,  236,  242,  344,  115,  184,  363,  274,  324,  830,  661,  480,  619,  585,  715,  622,  637,  749,  143,  723,  664,  128,  325,  612,  195,  353,  297,  797,  361,  773,  490,  771,  291,  689,  430,  826,  744,  349,  279,   64,  498],
        [  953,  953,  526, 1079,  832,  593, 1056,  875,  829, 1074, 1178,  939,    0,  650,  962,  924,  712,  941,  903, 1046,  887,  605, 1194,  825,  312,  278,  576,  328,  376,  634,  648,  661,  505,  818,  307,  324, 1007, 1188,  855,  759, 1122,  695,  203, 1140,  842,  881,  169,  916,  251,  918,  137,  277,  723,  922,  906,  798],
        [  416,  416,  155,  596,  880,  196,  511,  794,  841,  760,  825,  682,  650,    0,  320,  371,  590,  518,  419,  737,  769,  603,  826,  381,  355,  491,  715,  544,  576,   37,   61,  920,  157,  545,  692,  364,  661,  758, 1038,  509,  644,  402,  448,  663,  202,  975,  561,  866,  491,  378,  637,  377,  747,  862,  697,  235],
        [  421,  421,  441,  593, 1114,  469,  466,  994, 1068,  851,  877,  822,  962,  320,    0,  380,  814,  596,  483,  835,  959,  863,  868,  501,  657,  808,  993,  855,  882,  329,  343, 1203,  458,  712, 1007,  683,  752,  765, 1295,  700,  634,  611,  763,  648,  121, 1213,  880, 1067,  810,  401,  957,  695,  990, 1060,  858,  335],
        [   48,   48,  519,  234,  792,  332,  143,  650,  741,  472,  503,  453,  924,  371,  380,    0,  503,  218,  109,  456,  608,  591,  496,  161,  681,  685,  735,  697,  699,  407,  328,  942,  510,  366,  849,  601,  373,  405,  992,  373,  281,  322,  728,  299,  361,  891,  789,  720,  700,   24,  865,  655,  685,  711,  497,  140],
        [  495,  495,  642,  504,  301,  396,  561,  210,  256,  377,  487,  236,  712,  590,  814,  503,    0,  358,  408,  351,  197,  129,  508,  343,  645,  437,  262,  387,  350,  616,  533,  451,  610,  165,  488,  465,  337,  539,  491,  133,  529,  203,  588,  542,  734,  400,  544,  279,  466,  482,  594,  546,  183,  276,  196,  481],
        [  183,  183,  644,  151,  614,  396,  213,  458,  562,  258,  307,  242,  941,  518,  596,  218,  358,    0,  114,  240,  413,  474,  308,  140,  757,  673,  616,  659,  644,  555,  463,  808,  625,  195,  795,  628,  158,  256,  823,  232,  186,  250,  765,  203,  564,  711,  785,  524,  695,  195,  854,  698,  529,  514,  294,  298],
        [   88,   88,  555,  186,  689,  326,  166,  544,  638,  371,  415,  344,  903,  419,  483,  109,  408,  114,    0,  353,  501,  507,  412,   83,  690,  647,  652,  647,  642,  456,  367,  855,  539,  262,  794,  582,  271,  339,  893,  276,  233,  247,  715,  252,  451,  788,  756,  614,  667,   86,  830,  645,  589,  604,  389,  190],
        [  418,  418,  846,  294,  493,  584,  415,  323,  442,   28,  137,  115, 1046,  737,  835,  456,  351,  240,  353,    0,  276,  477,  159,  360,  921,  768,  594,  730,  697,  772,  678,  744,  822,  233,  838,  762,   83,  225,  702,  291,  286,  380,  897,  288,  802,  575,  880,  369,  796,  434,  937,  841,  458,  356,  171,  531],
        [  586,  586,  834,  530,  218,  580,  624,   49,  167,  294,  398,  184,  887,  769,  959,  608,  197,  413,  501,  276,    0,  282,  425,  460,  842,  619,  354,  559,  513,  798,  710,  474,  803,  247,  630,  660,  311,  499,  429,  264,  537,  368,  779,  544,  893,  306,  720,  113,  649,  585,  761,  740,  200,  103,  123,  625],
        [  591,  591,  623,  623,  288,  410,  667,  274,  261,  503,  614,  363,  605,  603,  863,  591,  129,  474,  507,  477,  282,    0,  636,  433,  585,  340,  146,  278,  233,  623,  551,  352,  590,  287,  362,  398,  465,  667,  436,  243,  650,  271,  506,  664,  771,  377,  438,  325,  370,  572,  481,  476,  152,  328,  316,  543],
        [  451,  451,  950,  278,  638,  696,  410,  470,  589,  136,   29,  274, 1194,  826,  868,  496,  508,  308,  412,  159,  425,  636,    0,  447, 1048,  917,  753,  883,  853,  862,  770,  898,  930,  377,  995,  900,  189,  125,  842,  436,  245,  511, 1036,  237,  856,  712, 1029,  506,  944,  478, 1089,  977,  615,  492,  329,  601],
        [  159,  159,  504,  257,  634,  259,  247,  499,  584,  382,  445,  324,  825,  381,  501,  161,  343,  140,   83,  360,  460,  433,  447,    0,  622,  566,  578,  565,  560,  417,  324,  783,  485,  214,  712,  505,  281,  393,  832,  214,  302,  167,  640,  321,  450,  734,  676,  571,  586,  141,  749,  571,  525,  563,  357,  175],
        [  719,  719,  217,  875,  866,  364,  822,  847,  845,  948, 1038,  830,  312,  355,  657,  681,  645,  757,  690,  921,  842,  585, 1048,  622,    0,  289,  631,  370,  425,  333,  369,  792,  201,  691,  469,  188,  862, 1012,  960,  636,  922,  541,  138,  941,  537,  942,  287,  907,  268,  681,  347,  115,  734,  908,  818,  544],
        [  708,  708,  424,  816,  599,  368,  807,  613,  586,  796,  900,  661,  278,  491,  808,  685,  437,  673,  647,  768,  619,  340,  917,  566,  289,    0,  351,   82,  138,  491,  467,  503,  392,  540,  204,  134,  730,  915,  674,  482,  856,  423,  176,  874,  692,  666,  114,  662,   31,  675,  183,  176,  475,  666,  630,  574],
        [  736,  736,  711,  764,  256,  530,  812,  327,  257,  618,  729,  480,  576,  715,  993,  735,  262,  616,  652,  594,  354,  146,  753,  578,  631,  351,    0,  272,  215,  731,  668,  212,  677,  426,  287,  449,  593,  797,  334,  386,  790,  414,  526,  803,  895,  316,  421,  351,  379,  717,  441,  516,  160,  360,  425,  680],
        [  715,  715,  493,  806,  523,  398,  811,  549,  513,  757,  865,  619,  328,  544,  855,  697,  387,  659,  647,  730,  559,  278,  883,  565,  370,   82,  272,    0,   58,  547,  512,  423,  459,  509,  156,  204,  700,  891,  592,  452,  844,  410,  256,  861,  742,  587,  161,  594,  108,  685,  208,  256,  403,  599,  583,  597],
        [  714,  714,  537,  793,  467,  418,  807,  500,  458,  724,  833,  585,  376,  576,  882,  699,  350,  644,  642,  697,  513,  233,  853,  560,  425,  138,  215,   58,    0,  583,  540,  371,  503,  483,  153,  252,  672,  868,  536,  427,  828,  399,  313,  845,  771,  530,  212,  542,  165,  686,  249,  310,  349,  547,  544,  608],
        [  452,  452,  125,  632,  903,  220,  547,  822,  865,  796,  861,  715,  634,   37,  329,  407,  616,  555,  456,  772,  798,  623,  862,  417,  333,  491,  731,  547,  583,    0,   94,  933,  133,  577,  693,  361,  697,  794, 1056,  540,  681,  432,  435,  699,  209,  997,  554,  893,  488,  415,  630,  366,  769,  889,  728,  271],
        [  371,  371,  192,  547,  825,  141,  470,  736,  785,  702,  768,  622,  648,   61,  343,  328,  533,  463,  367,  678,  710,  551,  770,  324,  369,  467,  668,  512,  540,   94,    0,  875,  183,  485,  665,  346,  603,  705,  987,  449,  595,  343,  445,  614,  232,  921,  546,  808,  470,  333,  624,  372,  693,  803,  637,  189],
        [  940,  940,  902,  951,  283,  738, 1011,  432,  320,  764,  871,  637,  661,  920, 1203,  942,  451,  808,  855,  744,  474,  352,  898,  783,  792,  503,  212,  423,  371,  933,  875,    0,  868,  613,  356,  622,  761,  961,  200,  582,  972,  622,  670,  983, 1103,  270,  537,  420,  525,  923,  527,  678,  289,  433,  576,  891],
        [  552,  552,   35,  723,  877,  239,  652,  820,  845,  847,  925,  749,  505,  157,  458,  510,  610,  625,  539,  822,  803,  590,  930,  485,  201,  392,  677,  459,  503,  133,  183,  868,    0,  607,  595,  259,  753,  875, 1009,  560,  771,  454,  309,  790,  338,  965,  439,  887,  384,  514,  512,  245,  741,  886,  752,  370],
        [  348,  348,  634,  340,  429,  370,  404,  286,  377,  260,  361,  143,  818,  545,  712,  366,  165,  195,  262,  233,  247,  287,  377,  214,  691,  540,  426,  509,  483,  577,  485,  613,  607,    0,  630,  530,  191,  386,  633,   59,  365,  155,  665,  378,  651,  527,  653,  358,  567,  343,  714,  609,  335,  349,  153,  380],
        [  864,  864,  626,  945,  538,  553,  958,  609,  543,  864,  974,  723,  307,  692, 1007,  849,  488,  795,  794,  838,  630,  362,  995,  712,  469,  204,  287,  156,  153,  693,  665,  356,  595,  630,    0,  337,  818, 1016,  549,  576,  980,  551,  335,  996,  892,  578,  190,  638,  212,  836,  172,  365,  445,  646,  678,  752],
        [  630,  630,  292,  761,  679,  270,  733,  663,  658,  790,  887,  664,  324,  364,  683,  601,  465,  628,  582,  762,  660,  398,  900,  505,  188,  134,  449,  204,  252,  361,  346,  622,  259,  530,  337,    0,  712,  880,  781,  472,  805,  390,  138,  823,  565,  756,  200,  721,  128,  595,  278,   82,  547,  723,  645,  477],
        [  336,  336,  775,  226,  528,  516,  339,  359,  475,  102,  177,  128, 1007,  661,  752,  373,  337,  158,  271,   83,  311,  465,  189,  281,  862,  730,  593,  700,  672,  697,  603,  761,  753,  191,  818,  712,    0,  204,  739,  249,  227,  324,  848,  234,  720,  617,  843,  416,  757,  352,  905,  789,  473,  403,  191,  451],
        [  358,  358,  892,  174,  717,  651,  300,  547,  665,  212,  148,  325, 1188,  758,  765,  405,  539,  256,  339,  225,  499,  667,  125,  393, 1012,  915,  797,  891,  868,  794,  705,  961,  875,  386, 1016,  880,  204,    0,  926,  441,  132,  494, 1017,  119,  764,  799, 1028,  593,  939,  390, 1093,  952,  673,  579,  387,  525],
        [  980,  980, 1044,  953,  212,  846, 1035,  381,  265,  717,  813,  612,  855, 1038, 1295,  992,  491,  823,  893,  702,  429,  436,  842,  832,  960,  674,  334,  592,  536, 1056,  987,  200, 1009,  633,  549,  781,  739,  926,    0,  619,  964,  688,  846,  972, 1206,  132,  723,  336,  699,  970,  720,  845,  308,  350,  549,  967],
        [  363,  363,  588,  381,  422,  327,  430,  296,  372,  319,  420,  195,  759,  509,  700,  373,  133,  232,  276,  291,  264,  243,  436,  214,  636,  482,  386,  452,  427,  540,  449,  582,  560,   59,  576,  472,  249,  441,  619,    0,  410,  109,  607,  425,  630,  521,  594,  369,  508,  351,  656,  552,  314,  363,  192,  365],
        [  234,  234,  785,   49,  752,  558,  169,  585,  699,  286,  262,  353, 1122,  644,  634,  281,  529,  186,  233,  286,  537,  650,  245,  302,  922,  856,  790,  844,  828,  681,  595,  972,  771,  365,  980,  805,  227,  132,  964,  410,    0,  435,  941,   20,  637,  843,  968,  642,  878,  269, 1038,  872,  686,  629,  416,  410],
        [  325,  325,  481,  396,  503,  219,  412,  396,  458,  407,  500,  297,  695,  402,  611,  322,  203,  250,  247,  380,  368,  271,  511,  167,  541,  423,  414,  410,  399,  432,  343,  622,  454,  155,  551,  390,  324,  494,  688,  109,  435,    0,  527,  452,  533,  602,  536,  468,  447,  304,  604,  466,  381,  463,  300,  280],
        [  759,  759,  334,  896,  773,  396,  863,  777,  758,  925, 1023,  797,  203,  448,  763,  728,  588,  765,  715,  897,  779,  506, 1036,  640,  138,  176,  526,  256,  313,  435,  445,  670,  309,  665,  335,  138,  848, 1017,  846,  607,  941,  527,    0,  959,  643,  841,  149,  830,  148,  723,  210,   74,  646,  834,  775,  598],
        [  252,  252,  804,   68,  760,  577,  183,  592,  708,  286,  255,  361, 1140,  663,  648,  299,  542,  203,  252,  288,  544,  664,  237,  321,  941,  874,  803,  861,  845,  699,  614,  983,  790,  378,  996,  823,  234,  119,  972,  425,   20,  452,  959,    0,  653,  850,  986,  648,  896,  287, 1056,  891,  697,  635,  424,  428],
        [  408,  408,  321,  591, 1033,  366,  476,  926,  990,  821,  862,  773,  842,  202,  121,  361,  734,  564,  451,  802,  893,  771,  856,  450,  537,  692,  895,  742,  771,  209,  232, 1103,  338,  651,  892,  565,  720,  764, 1206,  630,  637,  533,  643,  653,    0, 1131,  761,  999,  692,  379,  837,  574,  905,  992,  802,  275],
        [  875,  875,  999,  834,  100,  780,  923,  258,  150,  588,  683,  490,  881,  975, 1213,  891,  400,  711,  788,  575,  306,  377,  712,  734,  942,  666,  316,  587,  530,  997,  921,  270,  965,  527,  578,  756,  617,  799,  132,  521,  843,  602,  841,  850, 1131,    0,  733,  207,  694,  869,  744,  828,  229,  221,  428,  880],
        [  814,  814,  467,  927,  676,  464,  915,  710,  670,  907, 1013,  771,  169,  561,  880,  789,  544,  785,  756,  880,  720,  438, 1029,  676,  287,  114,  421,  161,  212,  554,  546,  537,  439,  653,  190,  200,  843, 1028,  723,  594,  968,  536,  149,  986,  761,  733,    0,  753,   91,  780,   79,  195,  561,  759,  738,  671],
        [  698,  698,  919,  638,  139,  673,  735,   73,  103,  382,  478,  291,  916,  866, 1067,  720,  279,  524,  614,  369,  113,  325,  506,  571,  907,  662,  351,  594,  542,  893,  808,  420,  887,  358,  638,  721,  416,  593,  336,  369,  642,  468,  830,  648,  999,  207,  753,    0,  692,  698,  785,  800,  195,   14,  232,  733],
        [  724,  724,  416,  837,  628,  379,  825,  644,  615,  824,  927,  689,  251,  491,  810,  700,  466,  695,  667,  796,  649,  370,  944,  586,  268,   31,  379,  108,  165,  488,  470,  525,  384,  567,  212,  128,  757,  939,  699,  508,  878,  447,  148,  896,  692,  694,   91,  692,    0,  691,  165,  157,  504,  697,  659,  586],
        [   39,   39,  524,  221,  770,  327,  142,  627,  719,  450,  484,  430,  918,  378,  401,   24,  482,  195,   86,  434,  585,  572,  478,  141,  681,  675,  717,  685,  686,  415,  333,  923,  514,  343,  836,  595,  352,  390,  970,  351,  269,  304,  723,  287,  379,  869,  780,  698,  691,    0,  856,  650,  664,  688,  474,  145],
        [  889,  889,  539,  998,  696,  541,  989,  747,  696,  964, 1071,  826,  137,  637,  957,  865,  594,  854,  830,  937,  761,  481, 1089,  749,  347,  183,  441,  208,  249,  630,  624,  527,  512,  714,  172,  278,  905, 1093,  720,  656, 1038,  604,  210, 1056,  837,  744,   79,  785,  165,  856,    0,  267,  590,  791,  790,  749],
        [  687,  687,  273,  827,  754,  324,  791,  743,  734,  869,  964,  744,  277,  377,  695,  655,  546,  698,  645,  841,  740,  476,  977,  571,  115,  176,  516,  256,  310,  366,  372,  678,  245,  609,  365,   82,  789,  952,  845,  552,  872,  466,   74,  891,  574,  828,  195,  800,  157,  650,  267,    0,  623,  802,  727,  524],
        [  676,  676,  775,  668,  137,  552,  737,  168,  112,  480,  589,  349,  723,  747,  990,  685,  183,  529,  589,  458,  200,  152,  615,  525,  734,  475,  160,  403,  349,  769,  693,  289,  741,  335,  445,  547,  473,  673,  308,  314,  686,  381,  646,  697,  905,  229,  561,  195,  504,  664,  590,  623,    0,  202,  289,  660],
        [  689,  689,  918,  625,  152,  670,  724,   68,  114,  368,  464,  279,  922,  862, 1060,  711,  276,  514,  604,  356,  103,  328,  492,  563,  908,  666,  360,  599,  547,  889,  803,  433,  886,  349,  646,  723,  403,  579,  350,  363,  629,  463,  834,  635,  992,  221,  759,   14,  697,  688,  791,  802,  202,    0,  221,  726],
        [  471,  471,  780,  407,  337,  518,  504,  170,  285,  193,  304,   64,  906,  697,  858,  497,  196,  294,  389,  171,  123,  316,  329,  357,  818,  630,  425,  583,  544,  728,  637,  576,  752,  153,  678,  645,  191,  387,  549,  192,  416,  300,  775,  424,  802,  428,  738,  232,  659,  474,  790,  727,  289,  221,    0,  529],
        [  183,  183,  380,  361,  781,  208,  282,  660,  734,  552,  603,  498,  798,  235,  335,  140,  481,  298,  190,  531,  625,  543,  601,  175,  544,  574,  680,  597,  608,  271,  189,  891,  370,  380,  752,  477,  451,  525,  967,  365,  410,  280,  598,  428,  275,  880,  671,  733,  586,  145,  749,  524,  660,  726,  529,    0]
    ]
}
