{
    "name": "random-7-30364",
    "comment": "size=7 seed=30364",
    "nodes": ["+0", "-0", "+1", "-1", "+2", "-2", "+3", "-3", "+4", "-4", "+5", "-5", "+6", "-6", "+7", "-7"],
    "precedence": {
        "+0": "-0",
        "+1": "-1",
        "+2": "-2",
        "+3": "-3",
        "+4": "-4",
        "+5": "-5",
        "+6": "-6",
        "+7": "-7"
    },
    "edges": [
        [    0,    0,  255,  797,  209,  391,  135,  576,  299,  628,  203,  235,  381,  529,  209,  642],
        [    0,    0,  255,  797,  209,  391,  135,  576,  299,  628,  203,  235,  381,  529,  209,  642],
        [  255,  255,    0,  594,  354,  552,  168,  586,  238,  792,  301,  128,  525,  746,  458,  740],
        [  797,  797,  594,    0,  945,  854,  663,  597,  522, 1018,  894,  714,  811, 1101,  947,  848],
        [  209,  209,  354,  945,    0,  575,  320,  784,  490,  798,   64,  253,  573,  656,  318,  839],
        [  391,  391,  552,  854,  575,    0,  388,  349,  384,  243,  588,  600,   43,  248,  289,  276],
        [  135,  135,  168,  663,  320,  388,    0,  485,  171,  630,  292,  220,  365,  579,  307,  599],
        [  576,  576,  586,  597,  784,  349,  485,    0,  349,  435,  770,  690,  312,  573,  586,  252],
        [  299,  299,  238,  522,  490,  384,  171,  349,    0,  605,  459,  346,  347,  617,  425,  518],
        [  628,  628,  792, 1018,  798,  243,  630,  435,  605,    0,  819,  842,  268,  227,  489,  210],
        [  203,  203,  301,  894,   64,  588,  292,  770,  459,  819,    0,  193,  581,  691,  351,  844],
        [  235,  235,  128,  714,  253,  600,  220,  690,  346,  842,  193,    0,  580,  762,  442,  818],
        [  381,  381,  525,  811,  573,   43,  365,  312,  347,  268,  581,  580,    0,  290,  303,  268],
        [  529,  529,  746, 1101,  656,  248,  579,  573,  617,  227,  691,  762,  290,    0,  341,  408],
        [  209,  209,  458,  947,  318,  289,  307,  586,  425,  489,  351,  442,  303,  341,    0,  565],
        [  642,  642,  740,  848,  839,  276,  599,  252,  518,  210,  844,  818,  268,  408,  565,    0]
    ]
}
