{
    "name": "random-96-31686",
    "comment": "size=96 seed=31686",
    "nodes": ["+0", "-0", "+1", "-1", "+2", "-2", "+3", "-3", "+4", "-4", "+5", "-5", "+6", "-6", "+7", "-7", "+8", "-8", "+9", "-9", "+10", "-10", "+11", "-11", "+12", "-12", "+13", "-13", "+14", "-14", "+15", "-15", "+16", "-16", "+17", "-17", "+18", "-18", "+19", "-19", "+20", "-20", "+21", "-21", "+22", "-22", "+23", "-23", "+24", "-24", "+25", "-25", "+26", "-26", "+27", "-27", "+28", "-28", "+29", "-29", "+30", "-30", "+31", "-31", "+32", "-32", "+33", "-33", "+34", "-34", "+35", "-35", "+36", "-36", "+37", "-37", "+38", "-38", "+39", "-39", "+40", "-40", "+41", "-41", "+42", "-42", "+43", "-43", "+44", "-44", "+45", "-45", "+46", "-46", "+47", "-47", "+48", "-48", "+49", "-49", "+50", "-50", "+51", "-51", "+52", "-52", "+53", "-53", "+54", "-54", "+55", "-55", "+56", "-56", "+57", "-57", "+58", "-58", "+59", "-59", "+60", "-60", "+61", "-61", "+62", "-62", "+63", "-63", "+64", "-64", "+65", "-65", "+66", "-66", "+67", "-67", "+68", "-68", "+69", "-69", "+70", "-70", "+71", "-71", "+72", "-72", "+73", "-73", "+74", "-74", "+75", "-75", "+76", "-76", "+77", "-77", "+78", "-78", "+79", "-79", "+80", "-80", "+81", "-81", "+82", "-82", "+83", "-83", "+84", "-84", "+85", "-85", "+86", "-86", "+87", "-87", "+88", "-88", "+89", "-89", "+90", "-90", "+91", "-91", "+92", "-92", "+93", "-93", "+94", "-94", "+95", "-95", "+96", "-96"],
    "precedence": {
        "+0": "-0",
        "+1": "-1",
        "+2": "-2",
        "+3": "-3",
        "+4": "-4",
        "+5": "-5",
        "+6": "-6",
        "+7": "-7",
        "+8": "-8",
        "+9": "-9",
        "+10": "-10",
        "+11": "-11",
        "+12": "-12",
        "+13": "-13",
        "+14": "-14",
        "+15": "-15",
        "+16": "-16",
        "+17": "-17",
        "+18": "-18",
        "+19": "-19",
        "+20": "-20",
        "+21": "-21",
        "+22": "-22",
        "+23": "-23",
        "+24": "-24",
        "+25": "-25",
        "+26": "-26",
        "+27": "-27",
        "+28": "-28",
        "+29": "-29",
        "+30": "-30",
        "+31": "-31",
        "+32": "-32",
        "+33": "-33",
        "+34": "-34",
        "+35": "-35",
        "+36": "-36",
        "+37": "-37",
        "+38": "-38",
        "+39": "-39",
        "+40": "-40",
        "+41": "-41",
        "+42": "-42",
        "+43": "-43",
        "+44": "-44",
        "+45": "-45",
        "+46": "-46",
        "+47": "-47",
        "+48": "-48",
        "+49": "-49",
        "+50": "-50",
        "+51": "-51",
        "+52": "-52",
        "+53": "-53",
        "+54": "-54",
        "+55": "-55",
        "+56": "-56",
        "+57": "-57",
        "+58": "-58",
        "+59": "-59",
        "+60": "-60",
        "+61": "-61",
        "+62": "-62",
        "+63": "-63",
        "+64": "-64",
        "+65": "-65",
        "+66": "-66",
        "+67": "-67",
        "+68": "-68",
        "+69": "-69",
        "+70": "-70",
        "+71": "-71",
        "+72": "-72",
        "+73": "-73",
        "+74": "-74",
        "+75": "-75",
        "+76": "-76",
        "+77": "-77",
        "+78": "-78",
        "+79": "-79",
        "+80": "-80",
        "+81": "-81",
        "+82": "-82",
        "+83": "-83",
        "+84": "-84",
        "+85": "-85",
        "+86": "-86",
        "+87": "-87",
        "+88": "-88",
        "+89": "-89",
        "+90": "-90",
        "+91": "-91",
        "+92": "-92",
        "+93": "-93",
        "+94": "-94",
        "+95": "-95",
        "+96": "-96"
    },
    "edges": [
        [    0,    0,  555,  619,  456,  470,  421,  118,  397,  643,  327,  606,  164,  413,  361,  217,  184,  336,  235,  553,  356,  160,  925,  398,  629,  596,  689,  572,   83,  457,  188,  316,  584,  639,  414,  469,  733,  623,  376,  560,  548,  744,  898,  229,  747,  360,  165,  327,  360,  206,  180,  369,  586,  229,  402,  690,  385,  421,  567,  745,  783,  735,  456,  372,  536,  328,  377,  371,  595,  289,  573,  720,  458,  821,  563,  719,  228,  648,  256,  291,  770,  434,   73,  657,  256,  776,  465,  698,  501,  755,   63,  131,  460,  323,  331,  288,  616,  429,  482,  255,  192,  323,  838,  252,  258,  326,  679,  773,  638,  402,  612,  485,  141,   34,  766,  823,  164,  726,  267,  251,  558,  421,  630,  862,  101,  625,  710,  416,  350,  228,   92,  416,  185,  371,  521,  513,  158,  649,  361,   63,  925,  662,  130,  462,  122,  333,  339,  813,  741,  547,  649,  122,   77,   46,  303,   88,  115,  700,  608,  213,  372,  762,  343,  543,  615,  627,  118,  162,  359,  570,  444,  266,  587,  674,  235,  479,  841,  318,  234,  386,  356,  325,  480,  807,  232,  407,  318,  792,   31,  466,  106,  146,  584,  719],
        [    0,    0,    0,    0,    0,    0,    0,    0,    0,    0,    0,    0,    0,    0,    0,    0,    0,    0,    0,    0,    0,    0,    0,    0,    0,    0,    0,    0,    0,    0,    0,    0,    0,    0,    0,    0,    0,    0,    0,    0,    0,    0,    0,    0,    0,    0,    0,    0,    0,    0,    0,    0,    0,    0,    0,    0,    0,    0,    0,    0,    0,    0,    0,    0,    0,    0,    0,    0,    0,    0,    0,    0,    0,    0,    0,    0,    0,    0,    0,    0,    0,    0,    0,    0,    0,    0,    0,    0,    0,    0,    0,    0,    0,    0,    0,    0,    0,    0,    0,    0,    0,    0,    0,    0,    0,    0,    0,    0,    0,    0,    0,    0,    0,    0,    0,    0,    0,    0,    0,    0,    0,    0,    0,    0,    0,    0,    0,    0,    0,    0,    0,    0,    0,    0,    0,    0,    0,    0,    0,    0,    0,    0,    0,    0,    0,    0,    0,    0,    0,    0,    0,    0,    0,    0,    0,    0,    0,    0,    0,    0,    0,    0,    0,    0,    0,    0,    0,    0,    0,    0,    0,    0,    0,    0,    0,    0,    0,    0,    0,    0,    0,    0,    0,    0,    0,    0,    0,    0,    0,    0,    0,    0,    0,    0],
        [  555,    0,    0,  820,  948,  975,  325,  527,  916,  537,  667,  924,  649,  927,  310,  770,  416,  307,  538,  892,  899,  458,  986,  370,  639,   42,  796,  544,  636,  964,  649,  675,   40,  904,  295,  202,  494,  519,  210,  907,  927,  425,  973,  521,  811,  730,  720,  421,  712,  713,  732,  198,  890,  783,  592,  595,  417,  679,  679,  896,  927,  955,  601,  381,  822,  789,  384,  870,  802,  326,  843,  303,  644,  929,  427,  218,  677,  939,  454,  531,  599,  188,  495,  973,  350,  889,  196,  480,  331,  419,  524,  425,  817,  590,  553,  667,  352,  227,  140,  450,  364,  787,  852,  322,  693,  270,  269,  370,  732,  944,  111,  371,  537,  523,  634,  906,  668,  270,  550,  576,  860,  136,  228,  987,  529,  654,  793,  499,  224,  481,  586,  566,  371,  406, 1008,  508,  627,  180,  354,  554,  964,  467,  681,  891,  613,  417,  695,  831,  697,   39,  187,  501,  536,  593,  605,  605,  642,  796,  334,  617,  714,  415,  396,  113,  280,  990,  545,  714,  296,  905,  752,  815,  758,  339,  759,  200,  844,  444,  567,  383,  899,  417,  232,  801,  741,  626,  843,  806,  534,  450,  567,  700, 1041,  562],
        [  619,    0,  820,    0,  485,  527,  496,  731,  540,  389,  297,  183,  484,  533,  521,  681,  734,  535,  397,  204,  619,  514,  329,  927,  254,  844,  130,  318,  642,  528,  798,  313,  819,  110,  899,  620,  538,  389,  790,  219,  273,  628,  298,  835,  199,  290,  651,  421,  276,  784,  683,  663,  153,  664,  249,  373,  938,  199,  153,  130,  166,  137,  222,  909,  128,  405,  440,  480,   25,  787,  100,  726, 1070,  215,  442,  822,  836,  158,  433,  896,  472,  844,  583,  206,  767,  176,  625,  511,  506,  650,  567,  628,  235,  305,  938,  905,  559,  594,  857,  438,  639,  412,  299,  591,  865,  587,  708,  730,  143,  632,  783,  460,  756,  631,  426,  232,  505,  772,  878,  868,  145,  726,  693,  246,  714,  231,  165,  323,  762,  821,  532,  262,  632,  920,  497,  326,  477,  761,  474,  557,  342,  485,  602,  348,  512,  423,  294,  280,  319,  786,  753,  724,  547,  647,  318,  547,  705,  146,  571,  831,  262,  664,  439,  724,  630,  273,  504,  617,  846,  202,  193,  620,   64,  632,  529,  623,  311,  890,  850,  922,  619,  884,  593,  301,  496, 1020,  539,  272,  598,  374,  725,  647,  451,  447],
        [  456,    0,  948,  485,    0,   43,  689,  562,   87,  766,  320,  340,  309,   71,  663,  345,  639,  654,  418,  293,  187,  492,  801,  853,  669,  986,  610,  676,  410,   44,  546,  303,  967,  420,  867,  795,  907,  754,  809,  284,  233,  966,  769,  665,  681,  264,  353,  562,  289,  490,  375,  751,  350,  318,  461,  781,  838,  387,  556,  598,  627,  520,  504,  827,  358,  162,  619,   85,  469,  739,  388, 1007,  865,  686,  751, 1054,  569,  394,  504,  723,  885,  870,  483,  367,  708,  654,  795,  872,  750,  984,  451,  560,  255,  403,  758,  653,  854,  754,  910,  508,  612,  162,  782,  628,  592,  680,  973, 1039,  598,  174,  969,  711,  578,  488,  854,  711,  297, 1034,  692,  666,  345,  816,  936,  698,  546,  651,  644,  558,  780,  676,  383,  498,  603,  825,   65,  640,  328,  982,  631,  421,  820,  836,  344,  138,  351,  568,  293,  762,  770,  928,  978,  574,  432,  447,  375,  374,  459,  626,  856,  601,  297,  996,  590,  896,  893,  292,  410,  328,  811,  303,  324,  250,  504,  929,  225,  804,  794,  769,  652,  841,  187,  778,  788,  779,  225,  814,  153,  751,  459,  639,  530,  365,  142,  844],
        [  470,    0,  975,  527,   43,    0,  724,  571,   78,  807,  358,  379,  331,   61,  695,  340,  653,  685,  450,  333,  169,  518,  842,  866,  711, 1014,  652,  717,  418,   15,  546,  340,  995,  460,  883,  827,  947,  795,  831,  323,  272, 1005,  809,  672,  723,  304,  355,  596,  329,  486,  373,  778,  391,  312,  501,  823,  849,  428,  598,  639,  668,  559,  545,  840,  400,  195,  653,  106,  511,  756,  430, 1043,  865,  727,  790, 1087,  567,  432,  536,  729,  927,  891,  502,  403,  724,  696,  827,  912,  786, 1023,  470,  580,  298,  441,  761,  650,  891,  786,  933,  540,  633,  194,  824,  655,  588,  708, 1008, 1076,  641,  147, 1000,  747,  585,  503,  895,  753,  316, 1068,  697,  669,  386,  842,  970,  738,  556,  694,  687,  597,  801,  685,  403,  538,  624,  836,   67,  680,  351, 1015,  665,  440,  861,  876,  352,  180,  371,  602,  332,  804,  812,  956, 1011,  585,  453,  457,  412,  391,  463,  668,  893,  603,  338, 1034,  624,  927,  929,  326,  434,  332,  827,  342,  366,  245,  546,  966,  236,  836,  836,  779,  656,  853,  169,  789,  821,  821,  242,  814,  156,  794,  475,  677,  537,  368,  157,  885],
        [  421,    0,  325,  496,  689,  724,    0,  468,  679,  271,  378,  608,  432,  686,   68,  618,  397,   96,  277,  580,  693,  266,  686,  512,  334,  350,  478,  242,  497,  715,  589,  392,  325,  582,  460,  126,  319,  249,  336,  597,  623,  324,  669,  529,  503,  442,  566,  129,  419,  624,  590,  193,  572,  620,  275,  329,  541,  366,  357,  576,  608,  631,  278,  504,  505,  529,   72,  623,  478,  386,  523,  322,  737,  616,  163,  368,  626,  618,  196,  572,  380,  378,  349,  655,  383,  574,  130,  286,   81,  335,  364,  323,  514,  294,  610,  658,  195,  100,  377,  194,  284,  530,  560,  201,  653,  141,  286,  365,  415,  733,  300,   77,  490,  403,  393,  597,  458,  345,  572,  581,  543,  243,  247,  673,  459,  345,  480,  176,  316,  496,  399,  246,  284,  523,  742,  194,  408,  297,   64,  384,  669,  254,  513,  606,  413,  122,  407,  537,  417,  291,  292,  446,  363,  467,  318,  423,  534,  480,  189,  586,  418,  343,  101,  233,  209,  679,  345,  546,  419,  593,  443,  627,  434,  258,  547,  131,  555,  521,  566,  514,  693,  504,  105,  513,  518,  699,  620,  512,  392,  130,  491,  549,  758,  330],
        [  118,    0,  527,  731,  562,  571,  468,    0,  496,  715,  442,  724,  281,  512,  402,  270,  113,  374,  338,  671,  439,  237, 1029,  300,  718,  569,  792,  651,  155,  557,  127,  432,  561,  755,  331,  485,  786,  693,  327,  678,  666,  783, 1003,  111,  847,  477,  230,  398,  477,  186,  229,  365,  703,  292,  504,  765,  279,  532,  667,  855,  892,  849,  555,  273,  651,  443,  438,  478,  707,  218,  689,  737,  342,  928,  623,  715,  162,  765,  337,  173,  837,  377,  151,  775,  187,  883,  480,  753,  546,  791,  165,  145,  578,  429,  213,  194,  656,  450,  430,  335,  191,  437,  934,  273,  187,  347,  695,  796,  738,  484,  603,  539,   26,  100,  839,  927,  278,  734,  149,  138,  675,  401,  643,  971,   18,  716,  812,  501,  306,  114,  210,  512,  189,  267,  626,  592,  276,  650,  415,  178, 1026,  719,  220,  578,  240,  403,  456,  909,  827,  527,  651,   27,  185,  116,  413,  205,  127,  802,  646,  120,  489,  796,  408,  539,  641,  745,  228,  243,  282,  687,  560,  346,  695,  705,  338,  496,  936,  208,  120,  286,  439,  220,  504,  900,  341,  291,  416,  887,  134,  537,   42,  213,  694,  786],
        [  397,    0,  916,  540,   87,   78,  679,  496,    0,  786,  330,  411,  268,   18,  645,  263,  581,  633,  403,  360,  100,  458,  863,  792,  701,  955,  660,  697,  342,   64,  468,  310,  938,  487,  811,  776,  921,  772,  763,  354,  307,  972,  831,  595,  731,  285,  277,  551,  309,  409,  295,  719,  417,  235,  477,  807,  774,  414,  592,  659,  691,  590,  525,  765,  413,  161,  610,   64,  522,  685,  447, 1000,  787,  748,  758, 1038,  489,  465,  487,  652,  910,  824,  434,  443,  653,  713,  776,  885,  746,  989,  402,  512,  305,  408,  684,  573,  854,  735,  867,  490,  567,  157,  833,  594,  511,  652,  964, 1037,  641,   95,  947,  709,  509,  431,  882,  770,  250, 1023,  620,  591,  406,  782,  924,  764,  481,  685,  694,  565,  735,  609,  335,  513,  558,  761,  141,  655,  290,  965,  618,  372,  880,  849,  276,  202,  305,  558,  307,  812,  807,  899,  962,  510,  386,  382,  377,  322,  386,  676,  855,  525,  320, 1000,  579,  873,  887,  373,  371,  256,  756,  372,  363,  168,  551,  928,  164,  785,  844,  703,  579,  779,  100,  714,  772,  826,  176,  736,   80,  800,  405,  645,  461,  291,  227,  865],
        [  643,    0,  537,  389,  766,  807,  271,  715,  786,    0,  457,  558,  595,  787,  334,  807,  659,  363,  433,  556,  831,  486,  455,  782,  138,  546,  305,   90,  706,  802,  826,  477,  521,  498,  727,  350,  151,   22,  602,  573,  618,  241,  445,  789,  295,  504,  759,  318,  480,  848,  788,  458,  522,  801,  309,   60,  811,  381,  242,  410,  431,  501,  263,  774,  465,  626,  278,  723,  383,  656,  463,  354, 1004,  416,  115,  468,  866,  544,  388,  836,  130,  637,  577,  591,  652,  382,  357,  122,  217,  262,  581,  572,  529,  386,  875,  908,  200,  349,  625,  389,  545,  630,  317,  464,  894,  411,  346,  346,  254,  861,  464,  195,  739,  634,  126,  385,  623,  405,  833,  839,  501,  497,  347,  475,  703,  161,  288,  237,  583,  759,  593,  275,  543,  793,  803,  137,  574,  420,  306,  592,  430,   99,  703,  647,  594,  313,  480,  298,  161,  498,  411,  696,  572,  687,  417,  616,  756,  299,  217,  833,  470,  276,  307,  425,  280,  646,  541,  732,  688,  561,  451,  788,  329,  259,  695,  347,  308,  790,  822,  784,  831,  773,  316,  266,  661,  965,  748,  274,  614,  179,  731,  746,  788,   81],
        [  327,    0,  667,  297,  320,  358,  378,  442,  330,  457,    0,  292,  189,  332,  363,  395,  465,  361,  138,  245,  378,  254,  616,  674,  382,  701,  385,  368,  345,  351,  502,   22,  679,  314,  661,  493,  592,  443,  572,  256,  265,  648,  587,  550,  451,   64,  359,  254,   46,  488,  392,  477,  266,  381,  148,  481,  675,  107,  284,  425,  462,  408,  199,  652,  210,  170,  307,  267,  273,  538,  247,  690,  783,  506,  432,  746,  540,  327,  214,  612,  582,  632,  302,  344,  512,  463,  494,  556,  433,  665,  280,  361,  157,   85,  653,  610,  535,  454,  660,  219,  389,  173,  551,  370,  569,  399,  658,  720,  347,  406,  670,  392,  467,  343,  557,  515,  211,  720,  591,  578,  237,  545,  623,  542,  425,  369,  413,  239,  542,  541,  238,  183,  381,  659,  368,  326,  180,  674,  325,  265,  622,  520,  308,  228,  216,  260,   30,  526,  493,  641,  669,  439,  259,  352,   62,  252,  409,  398,  537,  537,   52,  677,  282,  599,  577,  336,  216,  326,  605,  261,  119,  350,  275,  610,  255,  500,  558,  619,  560,  666,  378,  618,  480,  531,  219,  733,  294,  509,  308,  320,  432,  354,  381,  537],
        [  606,    0,  924,  183,  340,  379,  608,  724,  411,  558,  292,    0,  448,  400,  615,  608,  755,  622,  425,   56,  504,  544,  467,  965,  429,  954,  310,  478,  604,  383,  763,  296,  930,   86,  951,  733,  709,  554,  856,   58,  107,  793,  435,  833,  376,  247,  589,  505,  250,  733,  620,  747,   37,  585,  334,  549,  966,  246,  317,  269,  294,  181,  337,  943,  104,  315,  542,  361,  181,  829,   96,  877, 1063,  355,  592,  961,  797,   55,  490,  896,  651,  915,  590,   53,  803,  328,  736,  679,  637,  814,  566,  652,  147,  346,  936,  875,  709,  700,  938,  495,  679,  323,  470,  652,  825,  668,  853,  889,  325,  505,  906,  591,  747,  626,  607,  385,  460,  918,  872,  855,   66,  814,  831,  360,  706,  407,  345,  434,  826,  828,  514,  363,  671,  950,  337,  470,  449,  894,  571,  547,  490,  650,  551,  209,  486,  509,  272,  454,  502,  894,  887,  724,  544,  622,  342,  522,  667,  326,  719,  807,  241,  827,  529,  840,  773,   91,  503,  556,  895,   41,  179,  529,  233,  785,  452,  738,  484,  909,  839,  957,  504,  908,  712,  480,  425, 1011,  434,  450,  591,  503,  708,  591,  277,  622],
        [  164,    0,  649,  484,  309,  331,  432,  281,  268,  595,  189,  448,    0,  279,  388,  216,  338,  373,  165,  394,  263,  192,  805,  555,  547,  688,  572,  512,  160,  318,  319,  172,  671,  489,  561,  517,  710,  577,  501,  399,  385,  744,  776,  391,  636,  205,  174,  309,  211,  300,  206,  452,  431,  208,  306,  631,  545,  294,  463,  613,  650,  588,  362,  530,  386,  167,  369,  226,  461,  433,  425,  752,  617,  695,  540,  778,  355,  493,  237,  453,  724,  562,  175,  497,  402,  652,  515,  674,  506,  759,  144,  253,  301,  220,  493,  429,  620,  475,  603,  239,  304,  162,  734,  327,  384,  387,  714,  796,  530,  304,  683,  476,  303,  191,  709,  703,   29,  770,  428,  409,  405,  514,  670,  730,  264,  538,  598,  359,  471,  392,   78,  331,  295,  530,  372,  458,   24,  706,  369,  116,  810,  637,  120,  299,   44,  316,  192,  709,  661,  632,  703,  286,  124,  175,  191,   77,  223,  585,  617,  360,  225,  768,  335,  610,  640,  464,  104,  142,  505,  410,  298,  198,  463,  688,  116,  526,  740,  480,  392,  544,  263,  485,  517,  710,   93,  565,  196,  691,  158,  429,  261,  167,  427,  675],
        [  413,    0,  927,  533,   71,   61,  686,  512,   18,  787,  332,  400,  279,    0,  653,  281,  596,  642,  410,  350,  116,  470,  855,  808,  700,  966,  655,  698,  358,   47,  486,  313,  948,  477,  826,  785,  924,  774,  777,  343,  295,  977,  823,  612,  726,  285,  294,  558,  309,  427,  313,  730,  407,  253,  479,  807,  790,  413,  589,  651,  682,  580,  526,  781,  406,  163,  617,   65,  515,  700,  439, 1007,  805,  740,  762, 1046,  507,  454,  495,  669,  910,  837,  448,  431,  667,  705,  785,  888,  752,  994,  416,  526,  299,  412,  701,  590,  859,  743,  880,  498,  580,  160,  828,  605,  528,  662,  971, 1043,  637,  107,  956,  715,  526,  446,  882,  762,  263, 1030,  637,  609,  398,  793,  931,  755,  497,  683,  689,  569,  748,  625,  349,  515,  571,  777,  124,  657,  301,  974,  626,  385,  872,  852,  292,  192,  318,  565,  308,  807,  804,  909,  970,  526,  399,  398,  381,  336,  403,  671,  860,  543,  320, 1005,  586,  883,  893,  359,  383,  273,  771,  361,  359,  185,  546,  933,  178,  794,  839,  719,  596,  795,  116,  731,  781,  821,  188,  754,   96,  795,  419,  649,  478,  308,  210,  866],
        [  361,    0,  310,  521,  663,  695,   68,  402,  645,  334,  363,  615,  388,  653,    0,  563,  330,   29,  245,  583,  650,  210,  735,  453,  385,  341,  518,  297,  439,  685,  524,  373,  319,  599,  405,  133,  385,  313,  283,  598,  619,  385,  716,  462,  549,  427,  511,  112,  407,  562,  533,  145,  581,  568,  284,  392,  479,  370,  392,  612,  645,  657,  299,  443,  513,  502,   82,  591,  501,  323,  536,  367,  671,  658,  229,  394,  561,  631,  159,  506,  446,  331,  289,  665,  318,  615,  133,  353,  145,  395,  306,  257,  509,  282,  544,  591,  257,   93,  338,  156,  217,  501,  613,  134,  587,   79,  327,  416,  455,  692,  309,  143,  423,  341,  458,  643,  413,  382,  505,  514,  551,  206,  283,  713,  393,  394,  523,  199,  260,  429,  347,  261,  217,  461,  718,  243,  364,  321,   47,  329,  720,  321,  460,  590,  364,  107,  392,  589,  475,  281,  317,  379,  307,  406,  301,  371,  473,  522,  248,  520,  407,  402,   86,  237,  258,  681,  295,  493,  361,  596,  443,  580,  462,  314,  504,  142,  609,  456,  498,  454,  650,  440,  129,  568,  478,  632,  581,  564,  332,  178,  427,  494,  742,  396],
        [  217,    0,  770,  681,  345,  340,  618,  270,  263,  807,  395,  608,  216,  281,  563,    0,  376,  542,  375,  552,  182,  354, 1008,  567,  763,  812,  779,  725,  135,  326,  211,  376,  800,  666,  601,  680,  915,  788,  584,  552,  520,  939,  978,  352,  846,  392,   53,  506,  406,  147,   42,  585,  600,   28,  521,  844,  540,  501,  676,  810,  846,  770,  577,  539,  570,  293,  563,  272,  659,  485,  608,  928,  527,  895,  743,  934,  228,  659,  431,  403,  936,  639,  283,  651,  452,  854,  677,  879,  696,  952,  259,  347,  469,  435,  431,  311,  812,  639,  690,  432,  408,  285,  945,  466,  248,  539,  888,  978,  741,  224,  828,  672,  276,  248,  922,  907,  189,  937,  369,  338,  579,  636,  840,  925,  260,  753,  807,  571,  559,  374,  220,  546,  401,  530,  404,  671,  234,  863,  555,  235, 1016,  842,  106,  415,  214,  513,  390,  921,  876,  763,  862,  292,  257,  178,  406,  196,  145,  793,  806,  269,  420,  960,  528,  758,  820,  597,  274,   76,  551,  567,  489,   96,  668,  875,  157,  690,  952,  468,  328,  552,  182,  484,  688,  924,  187,  476,  195,  903,  240,  636,  229,   71,  487,  886],
        [  184,    0,  416,  734,  639,  653,  397,  113,  581,  659,  465,  755,  338,  596,  330,  376,    0,  301,  340,  706,  535,  221, 1012,  218,  683,  457,  778,  606,  249,  640,  234,  459,  451,  775,  231,  393,  712,  637,  214,  715,  711,  698,  988,  133,  826,  511,  331,  355,  505,  298,  335,  265,  730,  395,  493,  713,  212,  540,  649,  852,  889,  861,  537,  193,  672,  504,  383,  554,  711,  109,  707,  640,  351,  918,  558,  609,  263,  791,  310,  179,  775,  265,  168,  807,   77,  873,  387,  681,  472,  704,  196,  107,  613,  431,  219,  270,  575,  361,  317,  306,  115,  499,  907,  196,  283,  263,  598,  701,  720,  581,  495,  472,  122,  151,  784,  913,  343,  633,  176,  187,  701,  293,  546,  966,  119,  684,  794,  466,  193,  100,  261,  493,  117,  196,  703,  547,  325,  546,  353,  223, 1005,  650,  309,  635,  294,  358,  484,  882,  786,  418,  548,   88,  218,  205,  423,  266,  236,  787,  563,  208,  515,  708,  357,  435,  551,  788,  254,  337,  178,  722,  582,  443,  691,  617,  418,  403,  907,  156,  172,  207,  535,  154,  415,  868,  414,  308,  501,  858,  181,  487,  154,  313,  763,  725],
        [  336,    0,  307,  535,  654,  685,   96,  374,  633,  363,  361,  622,  373,  642,   29,  542,  301,    0,  237,  587,  635,  190,  758,  427,  409,  340,  538,  322,  415,  675,  497,  370,  319,  609,  381,  144,  414,  341,  262,  602,  621,  411,  738,  433,  572,  425,  489,  118,  406,  536,  511,  129,  589,  547,  294,  419,  452,  377,  410,  630,  664,  671,  314,  416,  521,  493,  101,  581,  514,  296,  546,  387,  643,  679,  258,  406,  534,  641,  152,  477,  475,  312,  264,  672,  290,  635,  143,  382,  173,  421,  284,  230,  511,  284,  515,  563,  284,  102,  323,  147,  189,  493,  637,  105,  560,   55,  347,  438,  475,  676,  316,  172,  395,  315,  486,  664,  397,  399,  476,  486,  558,  194,  300,  733,  366,  417,  545,  216,  237,  400,  328,  274,  189,  434,  711,  268,  349,  333,   66,  307,  744,  349,  439,  587,  347,  115,  390,  613,  501,  280,  331,  351,  286,  382,  300,  351,  448,  543,  274,  492,  408,  427,   97,  243,  280,  685,  277,  473,  336,  601,  448,  562,  478,  338,  489,  154,  634,  428,  470,  428,  635,  412,  147,  593,  464,  604,  567,  589,  308,  203,  400,  472,  738,  425],
        [  235,    0,  538,  397,  418,  450,  277,  338,  403,  433,  138,  425,  165,  410,  245,  375,  340,  237,    0,  381,  420,  121,  692,  542,  399,  574,  455,  352,  282,  441,  423,  140,  554,  437,  526,  378,  545,  414,  435,  393,  401,  581,  666,  440,  512,  197,  327,  150,  183,  428,  357,  345,  397,  370,  168,  471,  547,  201,  332,  518,  556,  522,  222,  521,  336,  257,  209,  348,  373,  404,  369,  598,  674,  590,  375,  638,  462,  457,   87,  500,  562,  495,  188,  477,  380,  545,  378,  509,  346,  596,  176,  233,  294,   93,  541,  522,  458,  337,  524,   91,  255,  257,  603,  233,  492,  268,  562,  638,  403,  458,  552,  313,  363,  240,  549,  590,  194,  621,  483,  475,  367,  412,  522,  634,  322,  393,  476,  197,  405,  424,  165,  182,  246,  530,  474,  297,  143,  565,  216,  174,  691,  472,  271,  354,  162,  156,  163,  578,  512,  515,  561,  329,  159,  272,   85,  187,  339,  466,  457,  446,  189,  606,  177,  479,  485,  473,  119,  300,  470,  396,  247,  363,  358,  529,  275,  386,  607,  495,  457,  535,  420,  491,  371,  573,  245,  625,  344,  557,  209,  264,  338,  315,  503,  512],
        [  553,    0,  892,  204,  293,  333,  580,  671,  360,  556,  245,   56,  394,  350,  583,  552,  706,  587,  381,    0,  451,  498,  509,  917,  433,  923,  333,  472,  549,  336,  708,  247,  900,  128,  905,  704,  706,  550,  814,   18,   69,  785,  477,  781,  402,  196,  534,  472,  202,  677,  564,  711,   58,  529,  306,  553,  917,  215,  317,  307,  335,  230,  318,  895,   91,  259,  512,  308,  194,  782,  105,  861, 1009,  395,  579,  940,  742,  108,  450,  843,  657,  874,  540,  104,  756,  365,  707,  675,  615,  806,  515,  603,   94,  306,  883,  820,  695,  670,  899,  455,  633,  267,  500,  611,  770,  631,  836,  877,  337,  455,  880,  570,  694,  574,  616,  422,  405,  900,  819,  802,   60,  778,  811,  406,  653,  411,  368,  410,  784,  776,  461,  339,  625,  901,  297,  457,  396,  872,  539,  495,  529,  643,  496,  159,  433,  476,  223,  482,  516,  863,  865,  672,  493,  568,  299,  468,  612,  349,  703,  752,  193,  819,  497,  812,  755,  100,  453,  500,  849,   17,  140,  474,  241,  771,  396,  710,  513,  859,  785,  909,  451,  859,  685,  504,  369,  958,  379,  475,  539,  484,  654,  536,  248,  624],
        [  356,    0,  899,  619,  187,  169,  693,  439,  100,  831,  378,  504,  263,  116,  650,  182,  535,  635,  420,  451,    0,  450,  946,  738,  758,  940,  735,  743,  287,  156,  392,  357,  925,  576,  765,  778,  958,  815,  731,  446,  403, 1000,  915,  530,  805,  346,  210,  568,  368,  326,  220,  705,  506,  155,  524,  858,  715,  474,  655,  743,  776,  680,  576,  711,  495,  219,  628,  143,  600,  642,  531, 1014,  707,  831,  790, 1039,  408,  558,  498,  582,  957,  790,  406,  539,  610,  794,  777,  922,  765, 1016,  376,  481,  387,  446,  612,  490,  877,  736,  837,  500,  540,  213,  907,  580,  426,  645,  976, 1056,  710,   47,  942,  733,  448,  390,  934,  851,  238, 1032,  549,  519,  493,  764,  932,  851,  426,  744,  767,  601,  704,  548,  315,  557,  532,  704,  235,  696,  286,  967,  630,  346,  961,  885,  227,  295,  290,  575,  360,  885,  867,  886,  964,  457,  364,  331,  414,  295,  319,  750,  876,  450,  381, 1026,  595,  869,  902,  471,  360,  198,  712,  464,  434,   94,  623,  948,  147,  788,  917,  643,  508,  723,    0,  657,  779,  896,  176,  657,   85,  871,  370,  677,  400,  226,  325,  911],
        [  160,    0,  458,  514,  492,  518,  266,  237,  458,  486,  254,  544,  192,  470,  210,  354,  221,  190,  121,  498,  450,    0,  798,  422,  482,  497,  562,  418,  232,  507,  341,  252,  480,  557,  408,  331,  574,  465,  326,  509,  513,  589,  773,  330,  614,  308,  301,  168,  297,  365,  325,  261,  517,  358,  274,  534,  427,  320,  434,  632,  669,  641,  322,  401,  456,  337,  218,  413,  490,  285,  489,  576,  563,  700,  404,  591,  381,  576,  101,  387,  612,  387,   91,  596,  260,  655,  329,  539,  345,  600,  100,  114,  408,  211,  429,  429,  460,  290,  422,   99,  136,  334,  699,  137,  409,  196,  536,  625,  506,  493,  493,  326,  262,  149,  609,  697,  213,  588,  374,  371,  486,  324,  489,  747,  223,  480,  579,  265,  295,  310,  139,  278,  128,  410,  554,  358,  169,  519,  204,  119,  793,  503,  250,  452,  160,  174,  277,  674,  591,  441,  517,  223,   98,  205,  205,  162,  274,  571,  454,  353,  305,  608,  184,  420,  467,  587,   90,  284,  352,  514,  367,  373,  471,  522,  305,  341,  701,  376,  353,  415,  450,  371,  336,  664,  284,  515,  387,  651,  130,  308,  247,  285,  596,  560],
        [  925,    0,  986,  329,  801,  842,  686, 1029,  863,  455,  616,  467,  805,  855,  735, 1008, 1012,  758,  692,  509,  946,  798,    0, 1180,  352,  999,  237,  446,  958,  844, 1110,  634,  973,  383, 1138,  791,  556,  470, 1017,  519,  573,  659,   33, 1127,  187,  617,  975,  664,  602, 1103, 1007,  877,  451,  991,  526,  401, 1200,  512,  364,  204,  174,  291,  476, 1167,  452,  733,  657,  806,  351, 1044,  417,  794, 1360,  116,  560,  916, 1149,  417,  703, 1184,  446, 1063,  878,  457, 1030,  155,  798,  547,  657,  679,  868,  908,  560,  603, 1226, 1213,  653,  780, 1061,  706,  905,  740,  140,  840, 1179,  812,  793,  770,  293,  957,  918,  622, 1054,  931,  394,  103,  827,  848, 1171, 1165,  458,  928,  800,  115, 1013,  342,  219,  551,  994, 1106,  844,  520,  900, 1182,  803,  493,  794,  873,  693,  863,   40,  542,  924,  665,  827,  663,  618,  157,  296,  948,  864, 1018,  850,  958,  624,  862, 1020,  227,  670, 1138,  588,  692,  671,  877,  733,  541,  808,  941, 1091,  500,  521,  949,  342,  704,  857,  790,  153, 1163, 1148, 1179,  946, 1152,  758,  192,  824, 1313,  867,  181,  900,  558, 1029,  970,  740,  457],
        [  398,    0,  370,  927,  853,  866,  512,  300,  792,  782,  674,  965,  555,  808,  453,  567,  218,  427,  542,  917,  738,  422, 1180,    0,  835,  404,  954,  749,  453,  853,  379,  670,  409,  978,   77,  453,  797,  760,  188,  927,  926,  755, 1159,  223,  994,  724,  529,  518,  716,  454,  525,  326,  938,  590,  679,  840,   49,  739,  824, 1037, 1073, 1058,  716,   28,  877,  721,  526,  769,  904,  140,  910,  659,  274, 1095,  670,  587,  389,  998,  494,  198,  881,  184,  384, 1017,  162, 1050,  445,  772,  570,  755,  413,  314,  826,  629,  203,  346,  649,  439,  232,  489,  289,  716, 1063,  341,  394,  374,  620,  726,  892,  783,  477,  587,  291,  366,  901, 1085,  559,  634,  228,  262,  908,  306,  570, 1147,  313,  842,  964,  631,  200,  194,  478,  672,  297,   44,  918,  694,  542,  542,  491,  440, 1169,  747,  517,  851,  511,  519,  695, 1039,  927,  392,  548,  283,  434,  411,  626,  482,  423,  960,  633,  326,  725,  755,  510,  442,  600, 1002,  469,  541,   94,  933,  788,  645,  878,  668,  631,  460, 1061,  107,  262,   18,  738,   85,  485, 1019,  630,  261,  712, 1015,  398,  629,  339,  512,  980,  834],
        [  629,    0,  639,  254,  669,  711,  334,  718,  701,  138,  382,  429,  547,  700,  385,  763,  683,  409,  399,  433,  758,  482,  352,  835,    0,  654,  170,   95,  680,  708,  817,  403,  629,  364,  789,  440,  285,  143,  667,  450,  499,  378,  337,  806,  173,  417,  719,  328,  393,  826,  750,  525,  394,  753,  242,  121,  858,  287,  117,  275,  299,  364,  186,  824,  343,  543,  310,  637,  250,  701,  335,  488, 1033,  292,  218,  597,  857,  411,  381,  859,  224,  711,  570,  459,  691,  254,  447,  259,  308,  400,  567,  584,  421,  328,  900,  910,  327,  428,  709,  384,  571,  549,  229,  499,  886,  463,  476,  484,  116,  784,  579,  271,  743,  627,  186,  268,  574,  538,  850,  850,  375,  576,  472,  351,  704,   24,  158,  218,  645,  780,  563,  218,  567,  840,  699,  142,  530,  544,  345,  571,  336,  236,  664,  542,  556,  325,  399,  205,  114,  601,  535,  703,  554,  669,  358,  585,  737,  165,  342,  834,  381,  414,  329,  531,  405,  519,  516,  689,  745,  437,  347,  729,  197,  393,  634,  440,  226,  827,  833,  835,  758,  814,  408,  186,  599,  989,  674,  180,  601,  208,  727,  709,  674,  194],
        [  596,    0,   42,  844,  986, 1014,  350,  569,  955,  546,  701,  954,  688,  966,  341,  812,  457,  340,  574,  923,  940,  497,  999,  404,  654,    0,  814,  560,  677, 1002,  691,  710,   26,  931,  328,  225,  492,  530,  250,  938,  960,  416,  987,  561,  826,  764,  761,  452,  746,  754,  773,  237,  919,  825,  621,  603,  451,  709,  700,  916,  946,  978,  627,  415,  851,  826,  412,  908,  826,  366,  871,  286,  678,  945,  439,  188,  717,  967,  489,  570,  600,  223,  536, 1002,  391,  906,  220,  481,  347,  408,  565,  466,  849,  623,  590,  707,  356,  254,  172,  485,  405,  825,  863,  362,  734,  307,  256,  352,  751,  985,   95,  389,  578,  565,  638,  921,  708,  247,  589,  616,  889,  177,  221, 1004,  571,  670,  810,  525,  265,  521,  626,  594,  412,  440, 1045,  528,  666,  163,  384,  595,  975,  471,  722,  926,  653,  448,  730,  843,  707,   61,  171,  542,  577,  634,  639,  645,  684,  814,  337,  658,  747,  403,  426,  123,  279, 1021,  585,  755,  333,  936,  783,  856,  782,  334,  799,  222,  854,  481,  607,  417,  940,  454,  252,  811,  780,  661,  883,  818,  576,  472,  608,  742, 1077,  566],
        [  689,    0,  796,  130,  610,  652,  478,  792,  660,  305,  385,  310,  572,  655,  518,  779,  778,  538,  455,  333,  735,  562,  237,  954,  170,  814,    0,  258,  723,  652,  874,  404,  789,  230,  917,  595,  446,  312,  799,  348,  402,  543,  211,  891,   72,  394,  743,  436,  376,  869,  776,  663,  281,  764,  289,  274,  971,  279,  131,  105,  132,  201,  242,  939,  253,  517,  438,  599,  142,  816,  228,  657, 1124,  142,  385,  765,  913,  276,  469,  949,  364,  849,  642,  326,  800,   97,  601,  423,  468,  565,  631,  674,  357,  366,  991,  976,  496,  577,  853,  473,  674,  524,  174,  613,  942,  593,  646,  651,   64,  751,  743,  426,  818,  694,  314,  136,  595,  707,  935,  929,  274,  720,  640,  196,  776,  149,   36,  325,  774,  871,  608,  286,  668,  953,  625,  288,  560,  711,  474,  626,  239,  404,  691,  473,  592,  436,  390,  153,  201,  759,  702,  782,  613,  722,  388,  626,  784,   17,  511,  901,  362,  579,  447,  692,  573,  399,  571,  710,  867,  331,  301,  726,  113,  562,  633,  596,  185,  931,  911,  952,  735,  921,  564,  172,  599, 1077,  653,  143,  663,  349,  792,  738,  580,  348],
        [  572,    0,  544,  318,  676,  717,  242,  651,  697,   90,  368,  478,  512,  698,  297,  725,  606,  322,  352,  472,  743,  418,  446,  749,   95,  560,  258,    0,  631,  712,  758,  388,  535,  424,  700,  346,  236,   80,  577,  490,  532,  315,  431,  733,  267,  415,  678,  254,  390,  774,  708,  434,  442,  718,  220,  120,  773,  291,  166,  362,  389,  441,  173,  738,  382,  536,  226,  633,  309,  617,  383,  409,  956,  386,  128,  510,  797,  469,  317,  784,  215,  619,  508,  515,  608,  346,  353,  204,  214,  336,  510,  513,  441,  298,  824,  845,  243,  335,  615,  319,  493,  540,  318,  417,  826,  375,  393,  413,  197,  773,  487,  176,  676,  566,  198,  362,  540,  456,  778,  780,  418,  483,  383,  444,  639,  111,  250,  157,  555,  705,  515,  186,  489,  756,  714,   60,  492,  454,  259,  518,  428,  172,  622,  558,  513,  250,  390,  295,  180,  507,  446,  634,  498,  614,  330,  538,  683,  255,  256,  769,  380,  349,  250,  437,  318,  565,  464,  650,  657,  478,  363,  703,  256,  314,  609,  346,  314,  746,  763,  749,  743,  731,  314,  272,  575,  913,  660,  270,  543,  121,  664,  666,  700,  169],
        [   83,    0,  636,  642,  410,  418,  497,  155,  342,  706,  345,  604,  160,  358,  439,  135,  249,  415,  282,  549,  287,  232,  958,  453,  680,  677,  723,  631,    0,  404,  160,  330,  665,  648,  478,  550,  803,  686,  452,  554,  534,  820,  930,  256,  785,  364,   85,  395,  370,  147,   98,  451,  589,  149,  445,  750,  433,  447,  607,  770,  807,  747,  500,  426,  545,  304,  448,  326,  618,  357,  584,  800,  467,  850,  633,  801,  196,  650,  321,  315,  835,  509,  152,  653,  325,  806,  546,  768,  576,  831,  133,  212,  458,  360,  351,  271,  692,  509,  558,  321,  273,  297,  880,  334,  225,  408,  759,  853,  677,  333,  694,  557,  169,  113,  827,  856,  145,  807,  285,  261,  563,  502,  710,  887,  140,  674,  747,  474,  427,  268,  118,  463,  266,  421,  474,  573,  166,  731,  435,  116,  961,  732,   66,  439,  131,  401,  351,  855,  793,  629,  730,  171,  137,   45,  336,   98,   64,  735,  685,  204,  384,  839,  413,  625,  695,  614,  167,   89,  426,  566,  457,  194,  617,  752,  186,  560,  884,  362,  246,  439,  287,  374,  560,  852,  195,  415,  262,  835,  109,  531,  121,   66,  545,  784],
        [  457,    0,  964,  528,   44,   15,  715,  557,   64,  802,  351,  383,  318,   47,  685,  326,  640,  675,  441,  336,  156,  507,  844,  853,  708, 1002,  652,  712,  404,    0,  532,  333,  984,  464,  870,  817,  942,  790,  818,  327,  276,  998,  812,  658,  723,  298,  340,  587,  323,  472,  359,  767,  394,  298,  496,  819,  835,  424,  595,  641,  671,  564,  540,  826,  401,  186,  645,   95,  512,  743,  431, 1034,  851,  730,  783, 1078,  553,  437,  526,  715,  923,  879,  489,  409,  711,  698,  817,  906,  778, 1016,  457,  567,  297,  434,  747,  636,  884,  776,  920,  530,  621,  185,  825,  643,  574,  697,  999, 1068,  639,  136,  990,  740,  572,  489,  892,  755,  304, 1059,  683,  655,  388,  831,  961,  741,  542,  691,  687,  590,  789,  671,  390,  532,  612,  822,   80,  675,  339, 1005,  655,  427,  864,  870,  338,  181,  359,  593,  326,  804,  810,  945, 1001,  571,  440,  443,  404,  378,  449,  668,  885,  589,  333, 1027,  615,  917,  921,  333,  422,  319,  814,  346,  364,  231,  546,  958,  222,  826,  836,  765,  642,  840,  156,  776,  811,  821,  229,  800,  142,  794,  462,  670,  523,  354,  169,  880],
