{
    "name": "random-85-23547",
    "comment": "size=85 seed=23547",
    "nodes": ["+0", "-0", "+1", "-1", "+2", "-2", "+3", "-3", "+4", "-4", "+5", "-5", "+6", "-6", "+7", "-7", "+8", "-8", "+9", "-9", "+10", "-10", "+11", "-11", "+12", "-12", "+13", "-13", "+14", "-14", "+15", "-15", "+16", "-16", "+17", "-17", "+18", "-18", "+19", "-19", "+20", "-20", "+21", "-21", "+22", "-22", "+23", "-23", "+24", "-24", "+25", "-25", "+26", "-26", "+27", "-27", "+28", "-28", "+29", "-29", "+30", "-30", "+31", "-31", "+32", "-32", "+33", "-33", "+34", "-34", "+35", "-35", "+36", "-36", "+37", "-37", "+38", "-38", "+39", "-39", "+40", "-40", "+41", "-41", "+42", "-42", "+43", "-43", "+44", "-44", "+45", "-45", "+46", "-46", "+47", "-47", "+48", "-48", "+49", "-49", "+50", "-50", "+51", "-51", "+52", "-52", "+53", "-53", "+54", "-54", "+55", "-55", "+56", "-56", "+57", "-57", "+58", "-58", "+59", "-59", "+60", "-60", "+61", "-61", "+62", "-62", "+63", "-63", "+64", "-64", "+65", "-65", "+66", "-66", "+67", "-67", "+68", "-68", "+69", "-69", "+70", "-70", "+71", "-71", "+72", "-72", "+73", "-73", "+74", "-74", "+75", "-75", "+76", "-76", "+77", "-77", "+78", "-78", "+79", "-79", "+80", "-80", "+81", "-81", "+82", "-82", "+83", "-83", "+84", "-84", "+85", "-85"],
    "precedence": {
        "+0": "-0",
        "+1": "-1",
        "+2": "-2",
        "+3": "-3",
        "+4": "-4",
        "+5": "-5",
        "+6": "-6",
        "+7": "-7",
        "+8": "-8",
        "+9": "-9",
        "+10": "-10",
        "+11": "-11",
        "+12": "-12",
        "+13": "-13",
        "+14": "-14",
        "+15": "-15",
        "+16": "-16",
        "+17": "-17",
        "+18": "-18",
        "+19": "-19",
        "+20": "-20",
        "+21": "-21",
        "+22": "-22",
        "+23": "-23",
        "+24": "-24",
        "+25": "-25",
        "+26": "-26",
        "+27": "-27",
        "+28": "-28",
        "+29": "-29",
        "+30": "-30",
        "+31": "-31",
        "+32": "-32",
        "+33": "-33",
        "+34": "-34",
        "+35": "-35",
        "+36": "-36",
        "+37": "-37",
        "+38": "-38",
        "+39": "-39",
        "+40": "-40",
        "+41": "-41",
        "+42": "-42",
        "+43": "-43",
        "+44": "-44",
        "+45": "-45",
        "+46": "-46",
        "+47": "-47",
        "+48": "-48",
        "+49": "-49",
        "+50": "-50",
        "+51": "-51",
        "+52": "-52",
        "+53": "-53",
        "+54": "-54",
        "+55": "-55",
        "+56": "-56",
        "+57": "-57",
        "+58": "-58",
        "+59": "-59",
        "+60": "-60",
        "+61": "-61",
        "+62": "-62",
        "+63": "-63",
        "+64": "-64",
        "+65": "-65",
        "+66": "-66",
        "+67": "-67",
        "+68": "-68",
        "+69": "-69",
        "+70": "-70",
        "+71": "-71",
        "+72": "-72",
        "+73": "-73",
        "+74": "-74",
        "+75": "-75",
        "+76": "-76",
        "+77": "-77",
        "+78": "-78",
        "+79": "-79",
        "+80": "-80",
        "+81": "-81",
        "+82": "-82",
        "+83": "-83",
        "+84": "-84",
        "+85": "-85"
    },
    "edges": [
        [    0,    0,  339,  535,  544,  160,  510,  619,  235,  417,  472,  207,  427,  240,  584,  380,  202,  266,  506,  560,  168,  287,  246,  457,  401,  157,  123,  347,  390,  190,  554,  514,  402,  284,  342,  450,  202,  378,  458,  595,  357,  315,  280,  295,  446,  425,  509,   88,  561,  531,  603,  282,  239,  351,  579,  486,  570,  632,  232,  297,  389,  490,  285,  439,  319,  305,  380,  291,  488,  412,  603,  209,  617,  388,  456,  568,  237,  415,  635,  587,  490,  277,  763,  434,  204,  663,  377,  284,  585,  338,  463,  586,  192,  605,  429,  410,  337,  364,  127,  573,  488,  203,  374,  712,  132,  549,  281,  393,  284,   74,  504,  310,  290,  263,   98,  601,  467,  440,  327,  375,  568,  235,  436,   83,  509,  438,  509,  468,  401,  555,  432,  331,  458,  576,  452,  564,  300,  274,  109,  506,  445,  298,  591,  494,  392,  227,  575,  525,  276,  393,  552,  335,  553,  264,  454,  324,  116,  278,  423,  712,  203,  522,  461,  504,  440,  199,  121,  602,  191,  331,  336,  485],
        [    0,    0,    0,    0,    0,    0,    0,    0,    0,    0,    0,    0,    0,    0,    0,    0,    0,    0,    0,    0,    0,    0,    0,    0,    0,    0,    0,    0,    0,    0,    0,    0,    0,    0,    0,    0,    0,    0,    0,    0,    0,    0,    0,    0,    0,    0,    0,    0,    0,    0,    0,    0,    0,    0,    0,    0,    0,    0,    0,    0,    0,    0,    0,    0,    0,    0,    0,    0,    0,    0,    0,    0,    0,    0,    0,    0,    0,    0,    0,    0,    0,    0,    0,    0,    0,    0,    0,    0,    0,    0,    0,    0,    0,    0,    0,    0,    0,    0,    0,    0,    0,    0,    0,    0,    0,    0,    0,    0,    0,    0,    0,    0,    0,    0,    0,    0,    0,    0,    0,    0,    0,    0,    0,    0,    0,    0,    0,    0,    0,    0,    0,    0,    0,    0,    0,    0,    0,    0,    0,    0,    0,    0,    0,    0,    0,    0,    0,    0,    0,    0,    0,    0,    0,    0,    0,    0,    0,    0,    0,    0,    0,    0,    0,    0,    0,    0,    0,    0,    0,    0,    0,    0],
        [  339,    0,    0,  532,  500,  184,  848,  906,  281,  539,  707,  164,  621,  421,  920,  647,  216,  315,  763,  879,  272,  548,  574,  791,  670,  406,  320,  439,  705,  264,  453,  728,  174,  386,  623,  782,  250,  170,  797,  453,  616,  638,  538,  601,  343,  388,  754,  333,  854,  865,  898,  470,  458,  425,  888,  814,  896,  443,  570,   82,  411,  662,   77,  615,  622,  596,  278,  164,  824,  670,  758,  138,  904,  674,  655,  682,  269,  754,  477,  856,  245,  603, 1008,  406,  542,  485,  560,  299,  374,   24,  774,  776,  458,  504,  675,  630,  500,  370,  453,  874,  380,  490,   70,  953,  408,  867,  614,  391,  412,  342,  834,  179,  315,  561,  435,  926,  722,  440,   89,  708,  812,  446,  761,  356,  826,  686,  339,  798,  682,  643,  613,  621,  645,  891,  658,  728,  532,  612,  447,  473,  248,  148,  491,  499,  103,  505,  890,  273,  400,  728,  367,  637,  886,   82,  785,  268,  434,  334,  303,  977,  526,  498,  568,  808,  340,  301,  292,  507,  230,  636,  430,  238],
        [  535,    0,  532,    0,  997,  531,  877,  660,  316,  939,  426,  579,  962,  767,  951,  901,  628,  740,  498,  734,  380,  420,  577,  739,  473,  413,  635,  200,  607,  655,  155,  400,  703,  788,  859,  720,  360,  374,  804,  222,  884,  591,  811,  525,  203,  873,  469,  612, 1050,  803, 1086,  813,  773,  189,  709,  916,  777,  307,  630,  582,  148,  300,  469,  972,  528,  491,  780,  374,  789,  936,  328,  542,  659,  510,  340,  225,  320,  773,  258,  583,  384,  750,  652,  889,  615,  301,  293,  743,  333,  509,  936,  390,  424, 1022,  957,  368,  866,  831,  636, 1050,  185,  458,  601,  601,  445, 1000,  624,  153,  264,  604,  921,  674,  756,  777,  558, 1030,  990,  912,  608,  802,  505,  351,  677,  461,  966,  964,  269,  720,  504,  169,  966,  496,  317, 1029,  354,  321,  369,  658,  595,  963,  777,  388, 1008,   42,  461,  443,  731,  393,  268,  803,  287,  837,  956,  487,  877,  271,  637,  261,  241,  666,  696,   41,  175,  983,  202,  340,  420,  151,  630,  537,  843,  386],
        [  544,    0,  500,  997,    0,  471,  866, 1136,  690,  251, 1014,  419,  377,  350,  914,  511,  376,  279, 1043, 1039,  637,  830,  744,  903,  938,  698,  423,  848,  890,  362,  945, 1057,  342,  273,  526,  906,  645,  667,  855,  952,  481,  813,  454,  817,  830,  125, 1049,  459,  696,  961,  735,  348,  390,  843, 1073,  774, 1031,  941,  694,  428,  856, 1028,  540,  348,  841,  836,  224,  630,  910,  505, 1140,  456, 1134,  918,  998, 1092,  682,  818,  976, 1117,  741,  621, 1299,  112,  673,  984,  915,  266,  871,  523,  686, 1128,  735,   99,  485,  953,  310,  181,  550,  731,  870,  743,  446, 1250,  675,  773,  756,  845,  796,  476,  802,  329,  256,  531,  606,  844,  527,  108,  412,  722, 1107,  772,  912,  622,  740,  497,  838,  930,  932, 1067,  354,  862,  998,  784,  995, 1102,  843,  723,  584,   39,  279,  619,   91,  958,  600,  768, 1059,  766,  785,  752,  867,  574,  852,  517,  766,  729,  528,  750,  791, 1241,  574,  969,  977,  691,  826,  680,  615,  999,  378,  851,  237,  735],
        [  160,    0,  184,  531,  471,    0,  665,  760,  219,  423,  586,   61,  478,  271,  737,  479,   97,  211,  632,  714,  168,  410,  402,  616,  531,  264,  148,  378,  542,  128,  504,  618,  253,  266,  450,  608,  174,  265,  616,  529,  450,  470,  370,  442,  387,  347,  629,  153,  680,  690,  724,  321,  297,  372,  730,  631,  727,  546,  391,  139,  387,  572,  144,  479,  464,  444,  268,  192,  647,  505,  680,   50,  758,  526,  551,  624,  213,  573,  563,  720,  374,  420,  886,  361,  363,  583,  461,  212,  488,  186,  595,  680,  312,  511,  514,  515,  364,  300,  270,  698,  431,  337,  215,  833,  254,  686,  439,  379,  329,  160,  651,  175,  225,  383,  257,  744,  559,  382,  170,  525,  688,  325,  592,  197,  645,  525,  425,  626,  537,  597,  475,  470,  547,  711,  551,  644,  407,  433,  265,  436,  308,  190,  497,  491,  253,  356,  728,  408,  317,  545,  464,  458,  703,  117,  602,  271,  251,  279,  354,  844,  343,  507,  509,  630,  382,  210,  156,  557,  100,  478,  320,  368],
        [  510,    0,  848,  877,  866,  665,    0,  443,  685,  626,  526,  701,  521,  536,   77,  369,  672,  661,  486,  281,  636,  458,  313,  162,  436,  510,  553,  689,  287,  636,  966,  583,  880,  620,  344,  182,  674,  872,   75, 1025,  393,  287,  413,  353,  885,  789,  516,  527,  304,  150,  312,  522,  489,  707,  337,  118,  241, 1084,  286,  797,  769,  646,  793,  554,  352,  387,  807,  785,  118,  390,  729,  713,  441,  392,  590,  770,  693,  107, 1068,  484,  981,  261,  649,  787,  312, 1105,  593,  690, 1054,  847,  217,  661,  475,  958,  420,  540,  557,  726,  398,  276,  919,  435,  875,  625,  488,  193,  264,  787,  635,  514,   95,  781,  686,  341,  417,  177,  401,  766,  824,  151,  540,  541,  229,  516,  189,  413,  969,  198,  404,  795,  545,  386,  610,  214,  576,  694,  509,  245,  401,  833,  901,  795,  946,  843,  899,  442,  306, 1015,  637,  124, 1012,  293,   92,  773,  106,  779,  420,  694,  877,  563,  333,  886,  721,  246,  878,  641,  592,  999,  657,  344,  637,  977],
        [  619,    0,  906,  660, 1136,  760,  443,    0,  643,  940,  238,  817,  873,  789,  483,  733,  821,  871,  165,  165,  635,  358,  393,  295,  238,  502,  727,  542,  249,  806,  798,  262, 1013,  864,  691,  279,  663,  844,  387,  867,  742,  324,  718,  325,  768, 1028,  192,  690,  739,  297,  753,  803,  756,  564,  109,  551,  212,  947,  446,  894,  621,  361,  832,  902,  302,  317,  998,  774,  328,  764,  384,  806,    3,  235,  322,  467,  656,  395,  908,   80,  928,  552,  206, 1033,  465,  951,  394,  894,  946,  894,  634,  303,  451, 1211,  796,  309,  856,  963,  587,  716,  784,  424,  961,  185,  507,  634,  385,  649,  526,  673,  534,  927,  898,  640,  537,  617,  796, 1029,  927,  498,  163,  464,  248,  564,  624,  794,  861,  257,  225,  515,  893,  291,  344,  657,  309,  365,  381,  424,  554, 1099, 1063,  790, 1197,  642,  909,  405,  142,  955,  536,  473,  897,  640,  532,  825,  521,  712,  609,  613,  781,  121,  574,  687,  487,  675,  762,  611,  617,  809,  810,  290,  904,  926],
        [  235,    0,  281,  316,  690,  219,  685,  643,    0,  625,  431,  273,  655,  455,  762,  614,  316,  426,  491,  644,   68,  292,  375,  587,  407,  177,  322,  165,  476,  340,  319,  448,  431,  473,  575,  573,   46,  205,  620,  363,  592,  424,  514,  370,  213,  565,  479,  303,  788,  661,  829,  503,  466,  156,  643,  689,  670,  407,  402,  301,  169,  382,  205,  663,  386,  354,  480,  131,  629,  647,  481,  239,  641,  420,  374,  413,   13,  580,  403,  586,  303,  492,  729,  580,  379,  435,  279,  430,  370,  264,  683,  495,  221,  725,  664,  353,  554,  519,  354,  796,  254,  262,  347,  674,  198,  762,  424,  165,  131,  297,  702,  378,  443,  495,  289,  806,  702,  600,  332,  572,  536,  182,  541,  180,  724,  673,  287,  583,  424,  382,  658,  374,  364,  790,  378,  449,  263,  441,  321,  655,  499,  148,  711,  275,  266,  265,  651,  335,  120,  583,  330,  564,  746,  210,  653,   96,  348,   61,  197,  704,  425,  295,  297,  727,  207,   45,  115,  367,  317,  400,  528,  300],
        [  417,    0,  539,  939,  251,  423,  626,  940,  625,    0,  856,  395,  129,  178,  669,  263,  337,  225,  871,  824,  560,  676,  556,  682,  768,  570,  305,  760,  692,  297,  927,  906,  441,  159,  283,  688,  581,  677,  623,  951,  235,  619,  226,  638,  810,  222,  884,  331,  448,  733,  487,  143,  192,  761,  865,  528,  810,  963,  496,  457,  792,  898,  545,  103,  660,  664,  309,  614,  682,  255, 1011,  435,  937,  740,  859,  984,  621,  590,  984,  933,  776,  397, 1120,  210,  480, 1002,  788,  240,  900,  556,  437,  984,  594,  348,  235,  807,   86,  189,  369,  482,  853,  589,  512, 1074,  540,  523,  556,  789,  698,  343,  556,  369,  225,  306,  444,  594,  279,  172,  459,  487,  937,  648,  702,  499,  491,  247,  845,  713,  756,  971,  107,  688,  863,  534,  852,  971,  703,  517,  412,  224,  411,  609,  339,  898,  638,  615,  846,  808,  690,  518,  882,  335,  605,  516,  523,  691,  354,  679,  777, 1052,  367,  919,  877,  441,  805,  600,  522,  979,  328,  668,  109,  770],
        [  472,    0,  707,  426, 1014,  586,  526,  238,  431,  856,    0,  646,  820,  686,  590,  703,  663,  737,   73,  319,  437,  185,  315,  367,  100,  325,  592,  309,  242,  660,  561,   59,  835,  748,  657,  346,  458,  623,  453,  630,  702,  277,  654,  229,  533,  896,   50,  556,  777,  414,  802,  713,  665,  331,  286,  603,  366,  710,  383,  708,  386,  134,  630,  843,  213,  197,  844,  561,  417,  739,  204,  626,  236,  141,   86,  255,  443,  438,  671,  166,  699,  516,  302,  905,  388,  714,  161,  755,  710,  692,  660,  142,  281, 1076,  768,   78,  770,  835,  487,  764,  548,  273,  768,  248,  342,  693,  338,  414,  304,  539,  597,  760,  762,  586,  415,  700,  783,  909,  742,  511,  106,  264,  299,  399,  670,  770,  626,  337,  126,  293,  835,  177,  109,  721,   73,  169,  180,  385,  445,  976,  893,  578, 1062,  406,  694,  247,  311,  724,  315,  497,  661,  614,  616,  629,  566,  487,  503,  391,  549,  275,  505,  451,  251,  707,  528,  406,  432,  573,  655,  211,  796,  698],
        [  207,    0,  164,  579,  419,   61,  701,  817,  273,  395,  646,    0,  465,  261,  771,  484,   59,  173,  691,  765,  226,  469,  452,  662,  589,  323,  158,  434,  594,  104,  541,  678,  197,  237,  461,  656,  228,  283,  656,  559,  453,  521,  375,  497,  423,  294,  688,  176,  691,  735,  736,  310,  295,  428,  783,  658,  776,  568,  434,   98,  438,  632,  151,  461,  519,  501,  209,  223,  690,  507,  739,   41,  815,  583,  611,  682,  265,  613,  591,  778,  384,  449,  946,  310,  406,  607,  521,  168,  506,  174,  614,  740,  371,  454,  513,  575,  346,  254,  303,  712,  466,  394,  176,  892,  312,  707,  486,  427,  387,  188,  680,  115,  182,  401,  303,  768,  559,  334,  124,  557,  748,  385,  642,  254,  666,  524,  451,  674,  594,  653,  459,  527,  607,  731,  611,  704,  467,  476,  306,  384,  248,  216,  439,  541,  251,  414,  780,  417,  376,  579,  487,  475,  732,  122,  631,  314,  282,  333,  388,  903,  372,  553,  566,  646,  419,  268,  216,  595,   70,  533,  288,  378],
        [  427,    0,  621,  962,  377,  478,  521,  873,  655,  129,  820,  465,    0,  208,  556,  153,  408,  311,  825,  744,  588,  650,  508,  599,  726,  567,  338,  772,  630,  361,  970,  874,  547,  239,  186,  607,  616,  742,  529, 1002,  134,  562,  167,  594,  855,  347,  841,  353,  320,  641,  359,  157,  190,  777,  789,  415,  723, 1024,  442,  542,  816,  880,  614,   33,  613,  624,  422,  669,  591,  135,  992,  501,  871,  693,  835,  977,  655,  501, 1038,  876,  848,  322, 1063,  336,  433, 1060,  776,  333,  966,  635,  320,  955,  580,  475,  110,  781,  122,  305,  344,  355,  899,  566,  605, 1022,  535,  401,  497,  817,  708,  360,  444,  465,  320,  237,  426,  472,  151,  300,  550,  394,  891,  643,  628,  504,  371,  121,  902,  632,  710,  972,   25,  645,  843,  410,  826,  951,  684,  453,  390,  352,  527,  668,  467,  920,  715,  591,  767,  881,  700,  424,  942,  240,  490,  585,  416,  734,  336,  704,  826,  990,  316,  947,  878,  318,  850,  624,  544, 1020,  396,  619,  208,  842],
        [  240,    0,  421,  767,  350,  271,  536,  789,  455,  178,  686,  261,  208,    0,  593,  236,  206,  135,  706,  689,  388,  504,  397,  555,  601,  393,  133,  584,  541,  158,  765,  734,  378,   85,  225,  557,  414,  535,  514,  795,  203,  465,  135,  475,  650,  256,  716,  156,  448,  616,  492,   51,   49,  587,  723,  461,  682,  816,  345,  345,  620,  722,  408,  211,  498,  498,  278,  462,  566,  253,  835,  296,  786,  577,  684,  806,  453,  475,  831,  774,  642,  279,  959,  256,  324,  853,  612,  164,  758,  433,  392,  811,  418,  433,  255,  633,  100,  191,  204,  474,  693,  416,  415,  912,  364,  487,  406,  619,  522,  166,  487,  283,  156,  196,  272,  554,  303,  243,  358,  386,  772,  471,  562,  322,  448,  267,  695,  581,  592,  794,  206,  522,  688,  506,  678,  796,  528,  373,  243,  313,  380,  460,  420,  725,  512,  442,  709,  675,  513,  416,  734,  258,  540,  379,  444,  529,  185,  507,  620,  896,  224,  749,  700,  415,  644,  427,  348,  816,  192,  507,  115,  635],
        [  584,    0,  920,  951,  914,  737,   77,  483,  762,  669,  590,  771,  556,  593,    0,  407,  740,  723,  544,  319,  712,  532,  390,  223,  503,  587,  621,  764,  354,  702, 1042,  646,  946,  677,  388,  244,  750,  948,  148, 1101,  435,  361,  465,  427,  961,  843,  576,  596,  299,  189,  296,  576,  546,  783,  375,  142,  273, 1161,  362,  868,  844,  713,  867,  589,  424,  461,  868,  860,  174,  422,  792,  785,  481,  459,  658,  837,  770,  183, 1145,  532, 1057,  326,  687,  840,  388, 1182,  665,  752, 1130,  920,  239,  721,  552, 1007,  450,  608,  605,  782,  469,  266,  996,  511,  946,  667,  564,  183,  340,  863,  712,  584,  113,  847,  746,  398,  492,  140,  424,  816,  894,  216,  594,  617,  291,  592,  195,  442, 1045,  255,  471,  865,  581,  458,  678,  196,  643,  758,  583,  322,  475,  882,  965,  871,  997,  918,  974,  518,  342, 1091,  714,  193, 1088,  342,   71,  847,  150,  856,  489,  771,  954,  599,  400,  961,  793,  255,  955,  718,  668, 1074,  725,  416,  689, 1053],
        [  380,    0,  647,  901,  511,  479,  369,  733,  614,  263,  703,  484,  153,  236,  407,    0,  434,  369,  699,  597,  547,  547,  389,  451,  606,  491,  332,  704,  495,  387,  933,  760,  613,  306,   47,  461,  581,  739,  378,  974,   34,  434,  110,  475,  825,  456,  719,  330,  213,  491,  257,  198,  193,  713,  644,  266,  574, 1008,  321,  575,  760,  779,  622,  185,  492,  509,  506,  658,  441,   37,  887,  514,  730,  569,  730,  885,  616,  351, 1013,  742,  850,  189,  928,  449,  319, 1041,  682,  397,  957,  657,  175,  842,  492,  607,   66,  674,  209,  400,  266,  240,  867,  470,  648,  889,  458,  265,  369,  767,  639,  329,  294,  519,  387,  127,  345,  336,   89,  420,  591,  244,  765,  561,  486,  443,  230,   68,  885,  486,  586,  887,  176,  527,  741,  280,  719,  847,  587,  323,  308,  481,  610,  660,  597,  861,  730,  493,  621,  885,  634,  274,  927,   94,  343,  594,  264,  702,  268,  653,  801,  852,  211,  893,  795,  186,  819,  576,  499,  980,  419,  496,  301,  845],
        [  202,    0,  216,  628,  376,   97,  672,  821,  316,  337,  663,   59,  408,  206,  740,  434,    0,  116,  702,  758,  262,  481,  443,  646,  599,  338,  120,  473,  589,   48,  596,  699,  209,  179,  413,  641,  271,  341,  632,  616,  402,  514,  326,  497,  478,  251,  703,  148,  644,  717,  688,  255,  243,  468,  779,  622,  764,  626,  417,  141,  484,  660,  209,  404,  520,  505,  182,  279,  671,  456,  769,   98,  818,  589,  635,  717,  309,  589,  648,  786,  442,  415,  959,  265,  390,  665,  547,  115,  564,  229,  571,  765,  383,  420,  459,  595,  288,  204,  277,  666,  521,  401,  216,  907,  322,  665,  473,  475,  421,  163,  645,  112,  129,  359,  292,  728,  506,  285,  160,  525,  762,  407,  632,  265,  625,  471,  509,  661,  601,  692,  401,  532,  632,  688,  633,  733,  485,  457,  288,  340,  245,  273,  406,  588,  308,  423,  774,  475,  410,  550,  545,  433,  698,  180,  597,  366,  255,  375,  444,  912,  341,  603,  603,  602,  474,  305,  242,  649,   16,  533,  230,  436],
        [  266,    0,  315,  740,  279,  211,  661,  871,  426,  225,  737,  173,  311,  135,  723,  369,  116,    0,  769,  789,  367,  552,  481,  664,  663,  419,  146,  577,  629,   87,  712,  779,  244,   73,  360,  662,  381,  454,  633,  732,  335,  552,  270,  548,  594,  160,  773,  184,  581,  729,  625,  173,  183,  575,  817,  593,  788,  740,  440,  234,  595,  750,  321,  302,  571,  563,  146,  395,  680,  384,  862,  213,  869,  646,  720,  817,  420,  592,  763,  846,  552,  401, 1026,  169,  416,  779,  636,   30,  676,  332,  527,  849,  457,  341,  381,  675,  190,   99,  292,  608,  637,  466,  295,  975,  397,  622,  501,  588,  522,  201,  619,  155,   27,  326,  335,  689,  429,  178,  240,  511,  831,  494,  661,  343,  582,  393,  623,  685,  660,  796,  301,  589,  719,  641,  716,  823,  565,  475,  318,  241,  245,  389,  327,  700,  414,  491,  807,  583,  511,  539,  659,  391,  672,  293,  574,  481,  269,  484,  560,  971,  336,  717,  704,  550,  590,  410,  340,  765,  112,  583,  117,  545],
        [  506,    0,  763,  498, 1043,  632,  486,  165,  491,  871,   73,  691,  825,  706,  544,  699,  702,  769,    0,  256,  491,  222,  318,  325,  106,  368,  623,  379,  214,  695,  634,  110,  883,  773,  654,  304,  515,  688,  415,  703,  701,  266,  660,  234,  604,  928,   34,  585,  753,  362,  775,  729,  681,  401,  218,  572,  305,  782,  383,  759,  457,  203,  687,  850,  213,  209,  883,  622,  372,  733,  252,  674,  163,  132,  158,  319,  504,  406,  744,   96,  767,  511,  258,  935,  394,  787,  231,  788,  782,  749,  638,  177,  321, 1109,  764,  146,  785,  865,  504,  737,  620,  303,  822,  207,  381,  662,  331,  485,  368,  569,  564,  804,  794,  588,  438,  662,  774,  936,  792,  490,   67,  317,  258,  439,  642,  765,  697,  290,  116,  361,  841,  184,  181,  689,  145,  224,  232,  377,  464, 1005,  939,  639, 1095,  479,  756,  280,  245,  793,  378,  473,  733,  607,  577,  683,  537,  553,  522,  456,  619,  215,  510,  524,  324,  684,  599,  463,  480,  646,  693,  206,  818,  766],
        [  560,    0,  879,  734, 1039,  714,  281,  165,  644,  824,  319,  765,  744,  689,  319,  597,  758,  789,  256,    0,  619,  356,  315,  146,  263,  478,  651,  580,  174,  735,  856,  365,  961,  769,  559,  137,  652,  848,  231,  923,  611,  245,  599,  279,  804,  939,  289,  616,  581,  133,  592,  695,  650,  602,   57,  392,   51,  996,  349,  852,  664,  453,  809,  774,  260,  290,  925,  768,  169,  626,  506,  762,  163,  233,  401,  573,  655,  248,  965,  219,  943,  428,  369,  942,  374, 1007,  445,  814,  983,  870,  481,  428,  428, 1120,  658,  367,  743,  873,  497,  556,  828,  391,  925,  349,  472,  473,  289,  689,  547,  599,  374,  868,  815,  519,  466,  453,  652,  932,  883,  355,  291,  465,  128,  523,  465,  654,  896,  112,  235,  612,  765,  270,  425,  495,  387,  479,  396,  316,  474, 1002, 1002,  783, 1107,  709,  900,  381,   25,  974,  554,  327,  936,  505,  369,  798,  366,  726,  520,  628,  809,  282,  466,  754,  561,  519,  798,  605,  589,  876,  745,  246,  802,  941],
        [  168,    0,  272,  380,  637,  168,  636,  635,   68,  560,  437,  226,  588,  388,  712,  547,  262,  367,  491,  619,    0,  278,  332,  549,  398,  142,  256,  212,  447,  281,  387,  463,  402,  410,  509,  536,   39,  238,  574,  428,  525,  387,  447,  341,  278,  512,  484,  235,  724,  623,  766,  436,  398,  208,  623,  632,  641,  468,  350,  273,  233,  409,  197,  596,  360,  330,  435,  153,  588,  580,  514,  198,  633,  404,  393,  457,   69,  533,  468,  584,  346,  431,  739,  526,  325,  498,  299,  374,  426,  259,  621,  519,  192,  678,  597,  362,  488,  462,  289,  734,  320,  229,  331,  685,  153,  703,  379,  231,  162,  229,  646,  337,  386,  430,  229,  750,  635,  544,  306,  516,  542,  175,  509,  121,  664,  605,  346,  549,  411,  431,  591,  354,  385,  731,  394,  479,  261,  391,  259,  601,  465,  166,  664,  339,  282,  239,  628,  380,  150,  529,  389,  500,  692,  193,  597,  157,  282,  120,  258,  706,  362,  361,  341,  664,  272,   43,   50,  435,  260,  374,  465,  342],
        [  287,    0,  548,  420,  830,  410,  458,  358,  292,  676,  185,  469,  650,  504,  532,  547,  481,  552,  222,  356,  278,    0,  169,  325,  122,  147,  408,  236,  197,  476,  517,  231,  662,  563,  501,  307,  306,  496,  385,  580,  540,  172,  484,  106,  452,  711,  223,  371,  654,  394,  687,  534,  485,  256,  352,  503,  387,  648,  233,  539,  319,  233,  474,  671,  111,   74,  662,  420,  374,  583,  343,  453,  356,  129,  186,  342,  304,  354,  624,  311,  589,  367,  479,  720,  229,  663,  143,  570,  630,  536,  537,  308,   99,  892,  610,  132,  591,  650,  310,  649,  480,   89,  604,  426,  159,  590,  210,  342,  194,  354,  506,  582,  577,  423,  233,  614,  631,  724,  572,  394,  282,  111,  268,  217,  559,  614,  544,  311,  134,  353,  663,   87,  195,  619,  177,  302,   52,  251,  265,  791,  717,  436,  877,  386,  554,   63,  361,  618,  200,  390,  584,  464,  538,  468,  464,  371,  323,  273,  455,  435,  339,  429,  269,  585,  446,  256,  261,  545,  472,  122,  612,  586],
        [  246,    0,  574,  577,  744,  402,  313,  393,  375,  556,  315,  452,  508,  397,  390,  389,  443,  481,  318,  315,  332,  169,    0,  219,  219,  199,  339,  382,  149,  421,  655,  371,  647,  471,  343,  209,  370,  570,  245,  713,  387,   72,  343,   86,  572,  636,  334,  303,  486,  294,  519,  416,  367,  398,  338,  340,  325,  772,   69,  540,  459,  396,  509,  533,  106,  120,  613,  484,  257,  425,  501,  451,  390,  186,  344,  510,  385,  207,  756,  378,  676,  204,  564,  641,   77,  793,  311,  505,  742,  568,  369,  453,  163,  819,  454,  288,  470,  571,  195,  481,  607,  123,  615,  519,  180,  425,   50,  476,  325,  286,  345,  554,  507,  273,  152,  454,  470,  636,  571,  227,  384,  230,  191,  220,  393,  456,  657,  225,  202,  521,  524,  139,  357,  454,  333,  461,  217,   83,  163,  706,  687,  496,  805,  540,  608,  134,  331,  709,  326,  226,  700,  302,  383,  494,  301,  469,  216,  382,  566,  499,  193,  581,  436,  417,  566,  332,  293,  690,  430,  113,  512,  672],
        [  457,    0,  791,  739,  903,  616,  162,  295,  587,  682,  367,  662,  599,  555,  223,  451,  646,  664,  325,  146,  549,  325,  219,    0,  281,  411,  533,  561,  134,  618,  841,  423,  854,  638,  413,   22,  585,  786,   95,  904,  466,  164,  457,  223,  772,  809,  355,  500,  446,   75,  462,  557,  514,  581,  196,  258,  128,  970,  230,  754,  644,  491,  727,  629,  215,  252,  804,  701,   51,  480,  570,  665,  293,  238,  436,  615,  597,  102,  948,  327,  889,  286,  500,  810,  257,  987,  449,  690,  947,  786,  340,  500,  367,  988,  512,  388,  603,  743,  375,  424,  802,  326,  830,  471,  396,  345,  178,  665,  515,  484,  245,  758,  690,  378,  361,  338,  507,  797,  784,  209,  379,  422,   68,  438,  330,  508,  860,   39,  249,  644,  620,  244,  456,  370,  421,  536,  375,  190,  359,  867,  888,  714,  975,  708,  826,  326,  171,  922,  519,  181,  902,  360,  253,  712,  227,  677,  398,  584,  770,  416,  332,  752,  576,  380,  765,  544,  511,  870,  632,  204,  667,  886],
        [  401,    0,  670,  473,  938,  531,  436,  238,  407,  768,  100,  589,  726,  601,  503,  606,  599,  663,  106,  263,  398,  122,  219,  281,    0,  268,  517,  319,  149,  590,  593,  158,  783,  668,  560,  260,  425,  609,  362,  660,  605,  178,  560,  133,  545,  822,  116,  480,  678,  336,  705,  626,  577,  342,  246,  507,  304,  734,  286,  661,  403,  211,  595,  750,  115,  104,  779,  537,  331,  641,  299,  575,  235,   45,  156,  335,  419,  343,  703,  189,  696,  418,  363,  830,  294,  744,  182,  683,  725,  657,  561,  241,  219, 1004,  671,  109,  682,  759,  400,  666,  568,  199,  726,  313,  278,  597,  240,  429,  294,  463,  502,  701,  689,  491,  332,  607,  684,  831,  694,  413,  171,  227,  213,  336,  572,  672,  639,  254,   33,  364,  741,   81,  176,  625,  141,  262,  145,  286,  359,  899,  837,  553,  990,  446,  671,  176,  263,  724,  303,  399,  677,  516,  524,  589,  469,  479,  417,  380,  554,  314,  411,  492,  302,  608,  540,  374,  382,  613,  589,  112,  713,  694],
        [  157,    0,  406,  413,  698,  264,  510,  502,  177,  570,  325,  323,  567,  393,  587,  491,  338,  419,  368,  478,  142,  147,  199,  411,  268,    0,  279,  214,  306,  338,  467,  362,  515,  440,  448,  397,  176,  376,  444,  521,  476,  248,  406,  200,  377,  577,  366,  245,  640,  485,  678,  431,  385,  224,  483,  522,  500,  576,  232,  393,  277,  333,  334,  582,  219,  191,  520,  293,  453,  526,  446,  307,  499,  268,  301,  415,  187,  405,  564,  457,  479,  340,  624,  587,  212,  599,  221,  435,  544,  396,  529,  431,   52,  754,  549,  257,  488,  518,  227,  644,  413,   88,  460,  570,   33,  601,  248,  290,  149,  230,  533,  436,  443,  365,  147,  640,  580,  595,  426,  406,  426,   79,  368,   77,  564,  555,  459,  409,  277,  406,  575,  215,  301,  630,  297,  407,  147,  268,  184,  660,  571,  307,  740,  372,  423,   99,  487,  512,  145,  413,  502,  425,  575,  325,  485,  270,  232,  186,  368,  581,  284,  408,  312,  575,  370,  134,  116,  507,  331,  233,  492,  475],
        [  123,    0,  320,  635,  423,  148,  553,  727,  322,  305,  592,  158,  338,  133,  621,  332,  120,  146,  623,  651,  256,  408,  339,  533,  517,  279,    0,  457,  488,   85,  633,  635,  328,  162,  305,  530,  281,  411,  514,  664,  302,  411,  223,  403,  518,  305,  628,   38,  536,  602,  580,  182,  152,  458,  677,  503,  654,  688,  305,  254,  488,  612,  290,  343,  427,  417,  274,  334,  555,  358,  724,  183,  724,  501,  579,  687,  320,  472,  700,  701,  521,  296,  880,  313,  279,  724,  499,  168,  633,  327,  456,  708,  313,  487,  367,  532,  232,  243,  160,  555,  561,  321,  331,  830,  254,  549,  363,  486,  396,   55,  526,  229,  172,  243,  191,  611,  411,  318,  277,  405,  686,  356,  524,  204,  509,  378,  566,  551,  514,  670,  338,  444,  580,  573,  574,  685,  423,  343,  178,  384,  356,  334,  473,  594,  399,  346,  669,  555,  387,  430,  606,  318,  578,  263,  477,  396,  137,  375,  489,  825,  221,  617,  577,  489,  512,  296,  218,  683,  105,  438,  216,  515],
        [  347,    0,  439,  200,  848,  378,  689,  542,  165,  760,  309,  434,  772,  584,  764,  704,  473,  577,  379,  580,  212,  236,  382,  561,  319,  214,  457,    0,  432,  491,  281,  310,  594,  616,  661,  543,  208,  324,  617,  345,  688,  404,  616,  340,  227,  723,  358,  429,  850,  629,  887,  628,  585,   23,  565,  720,  616,  416,  432,  465,   85,  229,  364,  785,  347,  309,  643,  278,  609,  739,  320,  402,  540,  347,  236,  249,  175,  583,  388,  474,  391,  550,  593,  737,  416,  429,  149,  585,  407,  419,  737,  344,  225,  887,  761,  234,  683,  673,  439,  852,  249,  261,  507,  538,  246,  803,  430,  110,   65,  419,  727,  542,  596,  578,  360,  835,  792,  754,  496,  605,  409,  153,  503,  268,  768,  768,  321,  546,  346,  220,  778,  320,  220,  832,  244,  290,  188,  462,  397,  812,  663,  295,  873,  161,  403,  248,  581,  416,   72,  607,  358,  637,  764,  372,  681,  186,  441,  107,  241,  580,  497,  200,  133,  784,  222,  169,  240,  311,  471,  358,  670,  390],
        [  390,    0,  705,  607,  890,  542,  287,  249,  476,  692,  242,  594,  630,  541,  354,  495,  589,  629,  214,  174,  447,  197,  149,  134,  149,  306,  488,  432,    0,  569,  713,  300,  791,  618,  452,  114,  481,  679,  213,  777,  501,   78,  471,  107,  649,  784,  240,  451,  540,  198,  563,  555,  508,  453,  190,  362,  195,  845,  198,  679,  516,  360,  636,  657,   90,  126,  761,  598,  185,  528,  445,  590,  246,  106,  304,  484,  487,  196,  820,  248,  778,  309,  434,  788,  217,  860,  315,  653,  826,  697,  425,  381,  257,  966,  560,  255,  607,  718,  341,  525,  677,  219,  752,  394,  299,  452,  137,  539,  390,  434,  356,  699,  655,  394,  299,  458,  566,  782,  711,  277,  276,  302,   71,  350,  430,  559,  739,  115,  118,  511,  648,  112,  324,  479,  290,  409,  245,  178,  311,  852,  834,  612,  953,  576,  728,  211,  187,  809,  395,  260,  780,  402,  375,  624,  325,  562,  363,  465,  650,  362,  325,  620,  442,  471,  642,  436,  416,  739,  577,   77,  656,  775],
        [  190,    0,  264,  655,  362,  128,  636,  806,  340,  297,  660,  104,  361,  158,  702,  387,   48,   87,  695,  735,  281,  476,  421,  618,  590,  338,   85,  491,  569,    0,  631,  699,  245,  139,  367,  614,  295,  384,  599,  655,  355,  493,  279,  481,  514,  240,  698,  120,  597,  687,  641,  207,  196,  488,  759,  581,  739,  668,  390,  189,  509,  666,  253,  359,  505,  493,  192,  317,  640,  408,  778,  141,  803,  577,  638,  731,  335,  556,  688,  776,  487,  376,  953,  251,  363,  706,  553,   97,  607,  276,  527,  768,  379,  417,  412,  595,  243,  184,  245,  620,  558,  392,  262,  901,  318,  621,  447,  502,  436,  136,  604,  146,  107,  315,  271,  685,  459,  264,  205,  487,  756,  411,  608,  262,  581,  423,  549,  635,  590,  709,  356,  520,  637,  644,  635,  740,  485,  428,  262,  325,  271,  313,  403,  614,  355,  416,  752,  520,  425,  513,  587,  388,  657,  225,  557,  398,  222,  398,  481,  901,  304,  632,  618,  556,  509,  323,  254,  684,   35,  517,  192,  481],
        [  554,    0,  453,  155,  945,  504,  966,  798,  319,  927,  561,  541,  970,  765, 1042,  933,  596,  712,  634,  856,  387,  517,  655,  841,  593,  467,  633,  281,  713,  631,    0,  543,  625,  770,  894,  823,  355,  284,  895,   70,  911,  684,  833,  620,  118,  826,  608,  618, 1102,  910, 1142,  814,  781,  261,  837,  988,  894,  154,  698,  518,  199,  444,  405,  975,  627,  590,  723,  319,  890,  966,  482,  501,  797,  625,  477,  379,  318,  860,  111,  724,  256,  803,  804,  843,  678,  153,  412,  708,  180,  429,  994,  542,  493,  957,  983,  495,  863,  793,  671, 1108,   76,  533,  518,  753,  496, 1067,  704,  180,  331,  613,  998,  617,  723,  813,  601, 1105, 1021,  872,  538,  872,  649,  426,  783,  494, 1031,  991,  133,  827,  622,  324,  970,  601,  455, 1096,  489,  473,  469,  732,  635,  915,  700,  328,  943,  159,  364,  524,  855,  257,  330,  877,  138,  880, 1037,  430,  951,  237,  666,  284,  155,  813,  740,  118,  314, 1039,  123,  358,  434,   55,  602,  638,  823,  260],
        [  514,    0,  728,  400, 1057,  618,  583,  262,  448,  906,   59,  678,  874,  734,  646,  760,  699,  779,  110,  365,  463,  231,  371,  423,  158,  362,  635,  310,  300,  699,  543,    0,  863,  793,  714,  402,  479,  632,  511,  613,  757,  335,  707,  286,  527,  937,   77,  599,  835,  467,  861,  763,  715,  331,  327,  661,  414,  694,  439,  736,  381,  100,  651,  896,  270,  252,  881,  576,  472,  795,  147,  656,  261,  200,   75,  209,  460,  496,  652,  184,  700,  573,  284,  947,  443,  695,  169,  795,  701,  711,  718,   84,  323, 1115,  824,  105,  821,  877,  538,  822,  538,  319,  791,  229,  383,  751,  396,  409,  318,  583,  655,  792,  803,  641,  463,  757,  840,  953,  768,  570,  106,  294,  356,  437,  728,  826,  619,  391,  184,  254,  888,  234,   92,  779,   70,  115,  215,  442,  494, 1019,  925,  593, 1101,  385,  707,  293,  355,  723,  329,  556,  652,  671,  673,  652,  624,  495,  553,  403,  547,  274,  559,  429,  229,  765,  522,  428,  463,  550,  692,  269,  842,  699],
        [  402,    0,  174,  703,  342,  253,  880, 1013,  431,  441,  835,  197,  547,  378,  946,  613,  209,  244,  883,  961,  402,  662,  647,  854,  783,  515,  328,  594,  791,  245,  625,  863,    0,  313,  601,  848,  391,  342,  841,  622,  579,  717,  511,  693,  516,  247,  879,  357,  825,  925,  869,  417,  423,  583,  980,  824,  970,  604,  625,  130,  577,  808,  236,  533,  716,  697,  136,  331,  879,  628,  910,  209, 1010,  779,  794,  842,  420,  798,  643,  972,  403,  621, 1136,  265,  597,  647,  700,  218,  533,  197,  765,  920,  565,  334,  624,  762,  428,  253,  485,  851,  553,  590,  108, 1082,  507,  860,  679,  559,  558,  371,  848,  100,  230,  557,  496,  926,  673,  305,   99,  731,  938,  572,  837,  450,  820,  636,  507,  868,  789,  806,  533,  723,  786,  881,  794,  877,  656,  665,  495,  321,   75,  316,  322,  669,  266,  609,  976,  426,  546,  757,  532,  628,  901,  223,  801,  436,  463,  488,  476, 1096,  548,  670,  726,  791,  513,  439,  404,  679,  224,  729,  340,  397],
        [  284,    0,  386,  788,  273,  266,  620,  864,  473,  159,  748,  237,  239,   85,  677,  306,  179,   73,  773,  769,  410,  563,  471,  638,  668,  440,  162,  616,  618,  139,  770,  793,  313,    0,  302,  639,  428,  520,  598,  793,  272,  541,  214,  545,  652,  172,  781,  196,  517,  700,  560,  109,  131,  615,  802,  543,  764,  805,  423,  305,  641,  773,  387,  230,  568,  565,  200,  456,  649,  317,  886,  277,  861,  646,  738,  849,  469,  559,  826,  845,  620,  363, 1028,  173,  401,  844,  660,   96,  743,  402,  470,  867,  472,  351,  312,  691,  118,  107,  277,  545,  696,  476,  367,  979,  414,  564,  484,  637,  557,  211,  569,  226,   84,  280,  336,  633,  361,  165,  312,  470,  838,  517,  642,  366,  526,  324,  687,  662,  661,  831,  229,  591,  740,  582,  733,  847,  582,  454,  312,  235,  305,  451,  338,  747,  483,  501,  789,  652,  547,  500,  724,  339,  622,  359,  527,  535,  256,  529,  619,  969,  306,  767,  738,  489,  647,  451,  376,  822,  170,  579,   56,  614],
        [  342,    0,  623,  859,  526,  450,  344,  691,  575,  283,  657,  461,  186,  225,  388,   47,  413,  360,  654,  559,  509,  501,  343,  413,  560,  448,  305,  661,  452,  367,  894,  714,  601,  302,    0,  422,  544,  708,  345,  937,   53,  389,   90,  429,  787,  460,  674,  299,  231,  457,  275,  195,  178,  670,  604,  248,  538,  973,  275,  554,  719,  733,  593,  217,  446,  463,  501,  624,  406,   83,  841,  488,  689,  524,  683,  839,  578,  315,  976,  699,  819,  144,  885,  455,  273, 1005,  636,  388,  923,  631,  169,  796,  447,  620,  111,  628,  218,  402,  224,  253,  829,  424,  628,  845,  415,  263,  324,  726,  596,  296,  277,  504,  380,   83,  302,  332,  133,  430,  572,  209,  720,  517,  445,  402,  225,  114,  850,  447,  540,  842,  208,  481,  695,  282,  673,  801,  541,  278,  265,  494,  603,  628,  609,  818,  703,  447,  582,  854,  591,  240,  892,   54,  327,  567,  241,  665,  228,  613,  765,  809,  166,  851,  750,  191,  781,  536,  461,  940,  398,  450,  305,  814],
