{
    "name": "random-50-15582",
    "comment": "size=50 seed=15582",
    "nodes": ["+0", "-0", "+1", "-1", "+2", "-2", "+3", "-3", "+4", "-4", "+5", "-5", "+6", "-6", "+7", "-7", "+8", "-8", "+9", "-9", "+10", "-10", "+11", "-11", "+12", "-12", "+13", "-13", "+14", "-14", "+15", "-15", "+16", "-16", "+17", "-17", "+18", "-18", "+19", "-19", "+20", "-20", "+21", "-21", "+22", "-22", "+23", "-23", "+24", "-24", "+25", "-25", "+26", "-26", "+27", "-27", "+28", "-28", "+29", "-29", "+30", "-30", "+31", "-31", "+32", "-32", "+33", "-33", "+34", "-34", "+35", "-35", "+36", "-36", "+37", "-37", "+38", "-38", "+39", "-39", "+40", "-40", "+41", "-41", "+42", "-42", "+43", "-43", "+44", "-44", "+45", "-45", "+46", "-46", "+47", "-47", "+48", "-48", "+49", "-49", "+50", "-50"],
    "precedence": {
        "+0": "-0",
        "+1": "-1",
        "+2": "-2",
        "+3": "-3",
        "+4": "-4",
        "+5": "-5",
        "+6": "-6",
        "+7": "-7",
        "+8": "-8",
        "+9": "-9",
        "+10": "-10",
        "+11": "-11",
        "+12": "-12",
        "+13": "-13",
        "+14": "-14",
        "+15": "-15",
        "+16": "-16",
        "+17": "-17",
        "+18": "-18",
        "+19": "-19",
        "+20": "-20",
        "+21": "-21",
        "+22": "-22",
        "+23": "-23",
        "+24": "-24",
        "+25": "-25",
        "+26": "-26",
        "+27": "-27",
        "+28": "-28",
        "+29": "-29",
        "+30": "-30",
        "+31": "-31",
        "+32": "-32",
        "+33": "-33",
        "+34": "-34",
        "+35": "-35",
        "+36": "-36",
        "+37": "-37",
        "+38": "-38",
        "+39": "-39",
        "+40": "-40",
        "+41": "-41",
        "+42": "-42",
        "+43": "-43",
        "+44": "-44",
        "+45": "-45",
        "+46": "-46",
        "+47": "-47",
        "+48": "-48",
        "+49": "-49",
        "+50": "-50"
    },
    "edges": [
        [    0,    0,  236,  368,  615,  769,  346,  250,   81,  443,  600,  557,  214,  635,  677,  792,  277,  529,  378,  681,  368,  225,  106,  289,  138,  602,  264,  677,  356,  337,  670,  810,  325,  172,  408,  452,  747,  604,  332,  497,  409,  406,  155,  328,  512,  307,  213,  459,  574,  608,  605,  325,  594,  642,  678,  500,  205,  653,  459,  320,  180,  278,  412,  777,  430,  930,  245,  405,  455,  559,  708,  799,  234,  423,  336,  221,  446,  965,  655,  283,  616,  244,  249,  179,  443,  785,  601,  537,  494,  446,  691,  159,  204,   95,  448,  255,  617,  655,  548,  366,  682,  728],
        [    0,    0,    0,    0,    0,    0,    0,    0,    0,    0,    0,    0,    0,    0,    0,    0,    0,    0,    0,    0,    0,    0,    0,    0,    0,    0,    0,    0,    0,    0,    0,    0,    0,    0,    0,    0,    0,    0,    0,    0,    0,    0,    0,    0,    0,    0,    0,    0,    0,    0,    0,    0,    0,    0,    0,    0,    0,    0,    0,    0,    0,    0,    0,    0,    0,    0,    0,    0,    0,    0,    0,    0,    0,    0,    0,    0,    0,    0,    0,    0,    0,    0,    0,    0,    0,    0,    0,    0,    0,    0,    0,    0,    0,    0,    0,    0,    0,    0,    0,    0,    0,    0],
        [  236,    0,    0,  390,  386,  538,  476,  334,  160,  330,  436,  451,  439,  419,  468,  583,  169,  533,  301,  586,  149,  322,  210,  520,  362,  395,  416,  595,  407,  109,  450,  577,  353,  143,  360,  262,  548,  536,  187,  372,  359,  300,  342,  332,  411,  359,  131,  391,  340,  411,  549,  166,  372,  466,  493,  450,  431,  431,  254,  334,   80,  449,  183,  588,  341,  694,   98,  254,  476,  457,  472,  570,  469,  276,  147,  420,  344,  730,  524,  357,  425,  301,  384,  404,  208,  552,  375,  539,  514,  273,  499,  189,  435,  152,  327,  488,  429,  565,  313,  137,  479,  551],
        [  368,    0,  390,    0,  701,  836,  712,  129,  378,  716,  822,  276,  526,  541,  553,  932,  236,  876,  158,  360,  522,  154,  267,  567,  471,  756,  629,  978,  714,  399,  580,  766,  673,  262,  725,  645,  911,  267,  263,  761,  119,  204,  277,   60,  796,  663,  260,  766,  641,  469,  923,  555,  532,  848,  869,  166,  518,  767,  395,   57,  323,  637,  534,  957,  183,  930,  297,  277,  806,  270,  737,  874,  469,  273,  536,  567,  209,  971,  383,  644,  798,  124,  187,  369,  488,  739,  549,  883,  846,  326,  869,  233,  407,  324,  238,  532,  457,  333,  601,  496,  840,  930],
        [  615,    0,  386,  701,    0,  154,  749,  691,  536,  372,  285,  604,  799,  312,  366,  240,  474,  645,  556,  715,  249,  685,  593,  884,  727,  133,  721,  549,  622,  314,  308,  289,  568,  513,  480,  221,  243,  718,  439,  358,  617,  522,  725,  644,  414,  595,  483,  462,   62,  386,  562,  328,  265,  264,  251,  677,  793,   78,  327,  652,  460,  762,  204,  298,  563,  334,  433,  440,  629,  614,  126,  185,  848,  454,  296,  761,  547,  364,  609,  614,  199,  652,  754,  788,  214,  275,  246,  646,  654,  405,  231,  561,  818,  537,  514,  855,  419,  707,  104,  250,  183,  309],
        [  769,    0,  538,  836,  154,    0,  888,  836,  689,  491,  360,  705,  951,  374,  414,  182,  616,  753,  685,  802,  402,  832,  745, 1036,  879,  222,  866,  616,  754,  462,  354,  242,  703,  663,  603,  357,  229,  820,  576,  465,  743,  647,  877,  781,  515,  732,  631,  576,  202,  461,  649,  475,  343,  319,  285,  793,  944,  139,  447,  790,  612,  908,  358,  278,  685,  205,  581,  565,  748,  716,  114,   40, 1001,  576,  447,  911,  666,  225,  690,  754,  269,  796,  901,  941,  356,  244,  323,  752,  768,  524,  255,  710,  971,  690,  631, 1008,  493,  798,  238,  403,  209,  324],
        [  346,    0,  476,  712,  749,  888,    0,  589,  361,  414,  590,  890,  251,  888,  941,  838,  595,  291,  713, 1018,  528,  564,  450,  299,  260,  674,   85,  518,  149,  581,  916, 1010,  189,  497,  309,  532,  774,  946,  640,  459,  751,  734,  461,  673,  434,  157,  530,  358,  733,  887,  429,  428,  837,  643,  688,  844,  254,  751,  730,  665,  470,   97,  579,  781,  765, 1083,  540,  714,  224,  892,  869,  906,  361,  735,  467,  175,  777, 1110,  980,  136,  653,  589,  569,  410,  657,  989,  836,  299,  246,  744,  713,  499,  397,  412,  772,  301,  904,  993,  725,  548,  729,  714],
        [  250,    0,  334,  129,  691,  836,  589,    0,  276,  641,  767,  382,  398,  589,  612,  909,  222,  772,  221,  481,  480,   26,  159,  440,  344,  724,  506,  895,  604,  377,  627,  803,  568,  192,  634,  595,  879,  392,  271,  690,  216,  267,  149,  115,  718,  554,  211,  679,  635,  529,  833,  489,  567,  800,  826,  288,  389,  749,  422,  103,  256,  511,  503,  920,  266,  956,  260,  317,  700,  379,  748,  872,  343,  322,  479,  440,  290,  996,  489,  532,  757,   41,   78,  243,  481,  776,  581,  780,  740,  369,  831,  148,  281,  228,  310,  405,  525,  454,  598,  460,  809,  885],
        [   81,    0,  160,  378,  536,  689,  361,  276,    0,  378,  527,  530,  280,  569,  615,  713,  236,  499,  354,  659,  288,  255,  117,  361,  204,  523,  287,  624,  338,  265,  603,  736,  296,  137,  359,  374,  669,  590,  284,  431,  396,  374,  219,  329,  452,  287,  170,  406,  495,  549,  558,  248,  526,  568,  602,  490,  272,  572,  396,  325,  117,  312,  332,  701,  405,  852,  187,  359,  429,  532,  629,  719,  313,  379,  257,  270,  417,  887,  620,  270,  539,  259,  296,  258,  367,  711,  531,  506,  469,  394,  614,  147,  284,   55,  412,  329,  562,  634,  470,  287,  604,  654],
        [  443,    0,  330,  716,  372,  491,  414,  641,  378,    0,  179,  761,  549,  606,  665,  424,  498,  276,  628,  895,  245,  623,  489,  630,  494,  270,  413,  266,  270,  373,  621,  657,  227,  457,  112,  161,  360,  857,  506,   55,  688,  621,  595,  659,   81,  260,  458,   93,  378,  642,  230,  165,  549,  232,  276,  776,  545,  353,  505,  659,  394,  457,  278,  372,  664,  693,  428,  559,  259,  769,  497,  503,  633,  581,  197,  486,  662,  716,  815,  289,  240,  615,  672,  614,  378,  641,  540,  278,  283,  559,  300,  495,  628,  417,  640,  611,  670,  876,  388,  279,  316,  309],
        [  600,    0,  436,  822,  285,  360,  590,  767,  527,  179,    0,  810,  724,  580,  637,  254,  589,  401,  708,  937,  302,  753,  627,  807,  666,  154,  592,  264,  443,  435,  584,  567,  404,  576,  282,  178,  186,  917,  581,  131,  771,  689,  745,  763,  167,  438,  565,  239,  319,  638,  290,  282,  526,   54,  100,  851,  720,  234,  531,  766,  511,  636,  305,  193,  734,  563,  525,  615,  410,  819,  401,  361,  804,  635,  289,  664,  726,  579,  843,  468,   92,  735,  809,  776,  393,  557,  511,  400,  423,  600,  127,  620,  794,  556,  698,  787,  670,  923,  347,  332,  157,  131],
        [  557,    0,  451,  276,  604,  705,  890,  382,  530,  761,  810,    0,  754,  346,  333,  843,  297,  984,  181,  135,  522,  401,  455,  810,  687,  700,  814, 1023,  850,  389,  378,  568,  799,  394,  809,  640,  843,  116,  264,  792,  167,  157,  522,  267,  840,  800,  362,  835,  543,  257,  989,  600,  363,  819,  826,  126,  745,  680,  284,  280,  426,  834,  507,  895,  128,  745,  361,  203,  925,   12,  593,  744,  719,  181,  565,  777,  114,  787,  108,  791,  758,  354,  454,  619,  420,  543,  383,  989,  964,  210,  816,  399,  659,  479,  125,  774,  232,  115,  502,  488,  776,  890],
        [  214,    0,  439,  526,  799,  951,  251,  398,  280,  549,  724,  754,    0,  847,  890,  947,  488,  523,  575,  869,  551,  373,  304,   86,   78,  763,  178,  727,  349,  545,  881, 1015,  352,  383,  473,  609,  893,  785,  543,  602,  596,  608,  251,  502,  598,  320,  426,  528,  765,  821,  642,  481,  805,  774,  815,  680,   10,  825,  671,  492,  391,  154,  600,  914,  628, 1124,  458,  616,  449,  754,  902,  977,  110,  633,  505,   79,  646, 1158,  856,  286,  762,  411,  356,  174,  646,  990,  811,  531,  480,  659,  833,  362,  151,  308,  652,   63,  830,  843,  744,  557,  835,  855],
        [  635,    0,  419,  541,  312,  374,  888,  589,  569,  606,  580,  346,  847,    0,   59,  534,  382,  874,  385,  430,  378,  595,  564,  923,  770,  437,  833,  833,  795,  310,   39,  228,  738,  475,  692,  449,  552,  458,  325,  614,  429,  338,  683,  499,  671,  754,  432,  696,  264,   90,  828,  484,   57,  569,  561,  452,  839,  388,  178,  511,  456,  867,  333,  607,  363,  402,  392,  273,  837,  357,  261,  413,  856,  270,  441,  837,  340,  443,  317,  760,  503,  549,  665,  771,  238,  202,   69,  877,  870,  221,  542,  511,  808,  541,  306,  889,  120,  428,  233,  350,  495,  621],
        [  677,    0,  468,  553,  366,  414,  941,  612,  615,  665,  637,  333,  890,   59,    0,  581,  416,  932,  400,  401,  435,  621,  601,  965,  814,  493,  884,  892,  851,  360,   61,  237,  794,  513,  750,  508,  603,  441,  358,  673,  437,  353,  716,  516,  729,  808,  470,  754,  320,   85,  887,  541,  116,  625,  616,  448,  882,  440,  219,  528,  500,  916,  391,  658,  372,  416,  433,  297,  894,  344,  303,  452,  894,  291,  498,  883,  347,  457,  287,  814,  559,  573,  689,  806,  294,  214,  128,  935,  928,  246,  596,  546,  844,  583,  316,  930,  102,  402,  291,  406,  548,  675],
        [  792,    0,  583,  932,  240,  182,  838,  909,  713,  424,  254,  843,  947,  534,  581,    0,  700,  651,  792,  952,  435,  900,  792, 1032,  882,  191,  832,  475,  693,  536,  521,  424,  650,  722,  532,  342,   71,  957,  671,  382,  853,  760,  921,  874,  420,  683,  698,  492,  302,  616,  525,  471,  494,  201,  156,  916,  942,  167,  566,  881,  663,  876,  406,  103,  802,  353,  650,  678,  664,  853,  282,  158, 1014,  693,  457,  894,  787,  357,  843,  710,  188,  871,  965,  970,  447,  425,  474,  649,  676,  645,  127,  769,  995,  728,  753, 1008,  649,  944,  344,  450,  113,  165],
        [  277,    0,  169,  236,  474,  616,  595,  222,  236,  498,  589,  297,  488,  382,  416,  700,    0,  694,  133,  430,  288,  222,  188,  556,  414,  521,  523,  763,  554,  165,  420,  587,  504,  106,  526,  411,  676,  371,   58,  538,  191,  141,  301,  177,  579,  503,   67,  559,  417,  339,  717,  333,  353,  613,  634,  281,  479,  536,  207,  182,  129,  546,  299,  721,  178,  735,   71,  129,  633,  301,  526,  653,  480,  146,  308,  496,  185,  775,  385,  494,  563,  182,  293,  390,  261,  560,  366,  701,  672,  174,  634,  131,  429,  189,  177,  521,  345,  406,  378,  261,  606,  695],
        [  529,    0,  533,  876,  645,  753,  291,  772,  499,  276,  401,  984,  523,  874,  932,  651,  694,    0,  827, 1118,  500,  749,  614,  584,  505,  533,  346,  240,  179,  609,  891,  931,  205,  621,  183,  436,  581, 1065,  720,  289,  879,  831,  677,  825,  238,  224,  638,  184,  653,  902,  152,  398,  818,  452,  496,  973,  524,  618,  754,  822,  569,  379,  541,  572,  871,  957,  626,  784,   76,  989,  770,  759,  630,  807,  440,  445,  875,  976, 1053,  252,  487,  758,  777,  655,  640,  915,  810,    9,   46,  796,  526,  644,  653,  552,  860,  581,  927, 1097,  662,  532,  558,  499],
        [  378,    0,  301,  158,  556,  685,  713,  221,  354,  628,  708,  181,  575,  385,  400,  792,  133,  827,    0,  306,  407,  235,  275,  633,  507,  624,  636,  893,  683,  274,  424,  609,  634,  218,  659,  530,  777,  240,  128,  666,   63,   48,  350,  116,  709,  632,  191,  691,  495,  316,  849,  463,  375,  727,  743,  149,  566,  626,  241,  129,  259,  654,  407,  825,   54,  773,  204,  122,  764,  182,  584,  723,  545,  116,  435,  597,   73,  815,  282,  620,  673,  186,  298,  446,  345,  582,  392,  833,  803,  169,  740,  219,  486,  301,   90,  597,  308,  281,  454,  376,  707,  806],
        [  681,    0,  586,  360,  715,  802, 1018,  481,  659,  895,  937,  135,  869,  430,  401,  952,  430, 1118,  306,    0,  654,  504,  576,  919,  805,  820,  941, 1155,  983,  523,  456,  635,  933,  523,  943,  769,  957,   98,  399,  924,  274,  289,  628,  370,  973,  933,  493,  969,  656,  341, 1123,  734,  460,  943,  947,  195,  860,  792,  407,  381,  559,  958,  636, 1011,  254,  814,  495,  337, 1060,  130,  689,  841,  824,  315,  699,  898,  245,  855,  115,  923,  880,  461,  546,  724,  545,  613,  481, 1124, 1099,  339,  935,  522,  762,  606,  259,  884,  310,   28,  616,  620,  893, 1010],
        [  368,    0,  149,  522,  249,  402,  528,  480,  288,  245,  302,  522,  551,  378,  435,  435,  288,  500,  407,  654,    0,  469,  358,  636,  478,  246,  487,  502,  421,  136,  400,  484,  364,  290,  317,  124,  400,  623,  280,  271,  469,  391,  488,  463,  321,  383,  271,  328,  215,  403,  475,  107,  323,  326,  349,  551,  545,  286,  260,  467,  228,  526,   52,  441,  435,  575,  226,  321,  460,  530,  353,  431,  599,  343,   64,  517,  430,  607,  572,  394,  279,  444,  532,  544,  142,  462,  318,  504,  493,  316,  352,  336,  571,  295,  404,  607,  429,  637,  200,   35,  331,  409],
        [  225,    0,  322,  154,  685,  832,  564,   26,  255,  623,  753,  401,  373,  595,  621,  900,  222,  749,  235,  504,  469,    0,  138,  417,  318,  714,  480,  876,  580,  372,  634,  807,  545,  180,  613,  583,  868,  415,  274,  673,  235,  279,  126,  135,  700,  530,  203,  659,  631,  539,  812,  473,  572,  786,  814,  311,  364,  742,  425,  123,  243,  486,  494,  909,  282,  957,  253,  324,  677,  398,  747,  868,  321,  331,  465,  415,  306,  996,  508,  508,  746,   49,   71,  221,  477,  780,  585,  757,  716,  376,  820,  134,  260,  208,  324,  382,  536,  476,  595,  451,  799,  872],
        [  106,    0,  210,  267,  593,  745,  450,  159,  117,  489,  627,  455,  304,  564,  601,  792,  188,  614,  275,  576,  358,  138,    0,  369,  233,  603,  369,  739,  448,  289,  601,  756,  410,   91,  475,  463,  754,  499,  246,  539,  304,  306,  133,  224,  564,  398,  133,  522,  544,  526,  675,  345,  529,  664,  694,  395,  295,  641,  386,  217,  133,  383,  392,  791,  328,  890,  177,  316,  543,  455,  671,  778,  293,  331,  343,  322,  345,  927,  554,  378,  628,  145,  184,  209,  399,  730,  539,  622,  583,  361,  703,   59,  245,   72,  349,  334,  532,  550,  513,  346,  686,  750],
        [  289,    0,  520,  567,  884, 1036,  299,  440,  361,  630,  807,  810,   86,  923,  965, 1032,  556,  584,  633,  919,  636,  417,  369,    0,  159,  848,  241,  797,  417,  624,  958, 1097,  426,  454,  550,  694,  977,  831,  613,  683,  647,  670,  292,  550,  676,  393,  497,  605,  849,  893,  711,  566,  883,  857,  898,  727,   92,  910,  747,  539,  468,  206,  684,  998,  685, 1208,  532,  685,  512,  809,  986, 1062,  102,  700,  590,  147,  705, 1242,  914,  359,  847,  459,  386,  199,  728, 1072,  889,  592,  540,  729,  917,  427,  163,  383,  714,   36,  900,  892,  827,  641,  919,  938],
        [  138,    0,  362,  471,  727,  879,  260,  344,  204,  494,  666,  687,   78,  770,  814,  882,  414,  505,  507,  805,  478,  318,  233,  159,    0,  696,  177,  692,  326,  468,  804,  939,  317,  309,  430,  542,  830,  723,  469,  549,  532,  538,  205,  441,  550,  288,  351,  485,  691,  745,  611,  413,  728,  714,  754,  618,   69,  755,  595,  432,  315,  172,  526,  854,  560, 1050,  381,  542,  429,  687,  827,  906,  139,  559,  434,   97,  577, 1084,  786,  255,  699,  351,  313,  153,  570,  914,  734,  513,  463,  583,  771,  291,  149,  232,  581,  129,  754,  779,  668,  483,  770,  797],
        [  602,    0,  395,  756,  133,  222,  674,  724,  523,  270,  154,  700,  763,  437,  493,  191,  521,  533,  624,  820,  246,  714,  603,  848,  696,    0,  659,  418,  536,  357,  437,  414,  487,  535,  382,  155,  156,  811,  499,  244,  687,  597,  732,  697,  296,  518,  514,  354,  174,  503,  438,  283,  386,  133,  128,  757,  757,   85,  417,  703,  474,  702,  223,  202,  641,  426,  467,  517,  527,  709,  248,  234,  826,  535,  267,  714,  629,  446,  719,  542,   67,  688,  778,  781,  284,  404,  369,  533,  547,  492,  117,  582,  805,  538,  597,  823,  536,  808,  208,  265,   86,  191],
        [  264,    0,  416,  629,  721,  866,   85,  506,  287,  413,  592,  814,  178,  833,  884,  832,  523,  346,  636,  941,  487,  480,  369,  241,  177,  659,    0,  558,  177,  524,  863,  969,  194,  421,  320,  510,  771,  867,  570,  463,  672,  659,  377,  591,  448,  159,  456,  374,  698,  826,  471,  394,  784,  645,  688,  764,  180,  731,  669,  584,  401,   44,  539,  785,  688, 1054,  472,  645,  273,  816,  836,  886,  287,  665,  429,  100,  702, 1084,  907,  126,  645,  506,  485,  329,  608,  947,  785,  354,  302,  677,  711,  420,  318,  336,  699,  235,  841,  916,  686,  503,  721,  720],
        [  677,    0,  595,  978,  549,  616,  518,  895,  624,  266,  264, 1023,  727,  833,  892,  475,  763,  240,  893, 1155,  502,  876,  739,  797,  692,  418,  558,    0,  381,  634,  841,  831,  376,  717,  269,  393,  406, 1121,  771,  232,  953,  885,  831,  921,  185,  408,  721,  218,  578,  883,   90,  430,  777,  298,  332, 1041,  726,  497,  757,  921,  655,  596,  525,  379,  929,  815,  693,  821,  295, 1031,  665,  611,  827,  843,  460,  652,  926,  825, 1071,  442,  355,  872,  918,  831,  624,  821,  764,  234,  282,  817,  363,  752,  837,  668,  903,  788,  913, 1138,  602,  536,  408,  310],
        [  356,    0,  407,  714,  622,  754,  149,  604,  338,  270,  443,  850,  349,  795,  851,  693,  554,  179,  683,  983,  421,  580,  448,  417,  326,  536,  177,  381,    0,  501,  819,  894,   58,  469,  162,  402,  628,  921,  588,  313,  730,  694,  500,  666,  286,   52,  492,  209,  613,  807,  295,  315,  741,  497,  542,  824,  349,  616,  651,  662,  425,  216,  470,  634,  731,  953,  489,  659,  104,  854,  744,  769,  454,  681,  357,  273,  738,  978,  929,   74,  509,  593,  603,  476,  559,  874,  737,  188,  140,  680,  568,  485,  474,  392,  727,  409,  828,  960,  610,  447,  586,  566],
        [  337,    0,  109,  399,  314,  462,  581,  377,  265,  373,  435,  389,  545,  310,  360,  536,  165,  609,  274,  523,  136,  372,  289,  624,  468,  357,  524,  634,  501,    0,  341,  474,  445,  204,  428,  258,  512,  488,  146,  404,  336,  256,  421,  341,  451,  455,  170,  449,  260,  308,  601,  214,  263,  454,  472,  416,  536,  373,  151,  347,  161,  557,  136,  558,  300,  601,  120,  187,  559,  397,  383,  497,  568,  209,  177,  529,  295,  638,  446,  458,  401,  339,  440,  494,  110,  448,  267,  614,  596,  189,  471,  250,  528,  246,  269,  591,  328,  504,  226,  104,  442,  534],
        [  670,    0,  450,  580,  308,  354,  916,  627,  603,  621,  584,  378,  881,   39,   61,  521,  420,  891,  424,  456,  400,  634,  601,  958,  804,  437,  863,  841,  819,  341,    0,  191,  762,  511,  711,  462,  543,  490,  363,  626,  467,  377,  721,  538,  683,  779,  469,  712,  265,  122,  839,  506,   80,  570,  559,  488,  873,  381,  215,  550,  491,  897,  353,  598,  401,  367,  428,  312,  857,  389,  242,  392,  892,  309,  463,  869,  377,  409,  342,  786,  504,  587,  703,  808,  261,  166,   83,  894,  889,  260,  538,  548,  845,  575,  344,  924,  149,  456,  240,  373,  489,  617],
        [  810,    0,  577,  766,  289,  242, 1010,  803,  736,  657,  567,  568, 1015,  228,  237,  424,  587,  931,  609,  635,  484,  807,  756, 1097,  939,  414,  969,  831,  894,  474,  191,    0,  838,  666,  761,  500,  467,  677,  533,  646,  655,  563,  883,  721,  702,  861,  626,  748,  282,  312,  850,  583,  237,  537,  511,  678, 1007,  335,  382,  732,  634, 1008,  432,  519,  590,  180,  580,  492,  911,  579,  167,  270, 1041,  493,  544,  992,  567,  220,  521,  875,  476,  763,  878,  964,  370,   27,  222,  933,  938,  441,  484,  708,  999,  719,  533, 1064,  336,  638,  285,  467,  434,  558],
        [  325,    0,  353,  673,  568,  703,  189,  568,  296,  227,  404,  799,  352,  738,  794,  650,  504,  205,  634,  933,  364,  545,  410,  426,  317,  487,  194,  376,   58,  445,  762,  838,    0,  423,  127,  348,  586,  873,  536,  273,  683,  644,  475,  624,  255,   35,  444,  181,  557,  750,  294,  258,  684,  457,  502,  778,  351,  565,  595,  620,  376,  236,  413,  596,  681,  900,  438,  606,  134,  803,  690,  720,  451,  628,  300,  280,  688,  926,  876,   69,  464,  554,  573,  461,  501,  818,  680,  213,  173,  625,  526,  442,  464,  350,  676,  414,  772,  910,  554,  389,  541,  530],
        [  172,    0,  143,  262,  513,  663,  497,  192,  137,  457,  576,  394,  383,  475,  513,  722,  106,  621,  218,  523,  290,  180,   91,  454,  309,  535,  421,  717,  469,  204,  511,  666,  423,    0,  464,  404,  689,  455,  161,  504,  262,  239,  219,  206,  536,  417,   43,  505,  462,  440,  662,  300,  439,  608,  635,  356,  374,  566,  297,  205,   66,  442,  317,  730,  269,  802,   87,  234,  555,  396,  585,  698,  382,  252,  288,  391,  281,  840,  487,  404,  567,  160,  243,  298,  313,  640,  449,  628,  595,  276,  641,   48,  335,   85,  279,  419,  447,  498,  428,  273,  620,  693],
        [  408,    0,  360,  725,  480,  603,  309,  634,  359,  112,  282,  809,  473,  692,  750,  532,  526,  183,  659,  943,  317,  613,  475,  550,  430,  382,  320,  269,  162,  428,  711,  761,  127,  464,    0,  262,  466,  895,  546,  151,  714,  659,  563,  670,  128,  162,  475,   56,  480,  719,  200,  216,  636,  335,  380,  807,  471,  465,  572,  669,  407,  363,  360,  473,  701,  804,  456,  607,  151,  815,  604,  615,  567,  630,  258,  404,  703,  827,  873,  195,  350,  613,  652,  565,  458,  744,  629,  187,  180,  616,  406,  494,  573,  407,  685,  536,  745,  923,  485,  349,  426,  405],
        [  452,    0,  262,  645,  221,  357,  532,  595,  374,  161,  178,  640,  609,  449,  508,  342,  411,  436,  530,  769,  124,  583,  463,  694,  542,  155,  510,  393,  402,  258,  462,  500,  348,  404,  262,    0,  295,  743,  403,  166,  593,  513,  587,  585,  222,  376,  390,  253,  219,  492,  379,  130,  392,  205,  233,  674,  603,  222,  366,  589,  340,  552,  134,  329,  558,  552,  348,  441,  412,  648,  344,  377,  673,  462,  120,  561,  551,  579,  681,  397,  166,  562,  642,  631,  232,  482,  382,  438,  440,  431,  241,  449,  654,  394,  524,  668,  521,  753,  227,  155,  230,  290],
        [  747,    0,  548,  911,  243,  229,  774,  879,  669,  360,  186,  843,  893,  552,  603,   71,  676,  581,  777,  957,  400,  868,  754,  977,  830,  156,  771,  406,  628,  512,  543,  467,  586,  689,  466,  295,    0,  956,  652,  316,  839,  748,  881,  852,  352,  620,  669,  425,  301,  628,  455,  423,  507,  133,   87,  907,  888,  166,  561,  858,  627,  815,  378,   56,  791,  415,  622,  667,  595,  853,  313,  213,  964,  684,  414,  837,  778,  422,  852,  648,  132,  843,  931,  925,  433,  466,  488,  579,  606,  639,   61,  736,  948,  688,  746,  954,  661,  948,  342,  420,   71,   99],
        [  604,    0,  536,  267,  718,  820,  946,  392,  590,  857,  917,  116,  785,  458,  441,  957,  371, 1065,  240,   98,  623,  415,  499,  831,  723,  811,  867, 1121,  921,  488,  490,  677,  873,  455,  895,  743,  956,    0,  352,  891,  195,  237,  540,  283,  937,  870,  430,  925,  657,  369, 1082,  693,  478,  928,  937,  105,  776,  794,  395,  293,  498,  881,  612, 1008,  195,  855,  441,  303, 1003,  105,  708,  859,  734,  282,  661,  817,  195,  896,  171,  858,  868,  374,  453,  634,  529,  653,  498, 1071, 1043,  320,  928,  448,  672,  536,  220,  796,  342,   72,  616,  590,  889, 1001],
        [  332,    0,  187,  263,  439,  576,  640,  271,  284,  506,  581,  264,  543,  325,  358,  671,   58,  720,  128,  399,  280,  274,  246,  613,  469,  499,  570,  771,  588,  146,  363,  533,  536,  161,  546,  403,  652,  352,    0,  542,  191,  115,  359,  207,  586,  539,  119,  574,  379,  281,  731,  342,  298,  600,  617,  273,  534,  505,  152,  215,  170,  595,  280,  700,  158,  685,  101,   76,  662,  270,  481,  613,  538,   96,  311,  549,  158,  725,  342,  532,  546,  231,  345,  448,  226,  506,  311,  726,  700,  116,  614,  189,  487,  240,  140,  578,  287,  378,  339,  249,  582,  679],
        [  497,    0,  372,  761,  358,  465,  459,  690,  431,   55,  131,  792,  602,  614,  673,  382,  538,  289,  666,  924,  271,  673,  539,  683,  549,  244,  463,  232,  313,  404,  626,  646,  273,  504,  151,  166,  316,  891,  542,    0,  727,  656,  648,  703,   57,  308,  501,  113,  373,  658,  214,  206,  558,  185,  230,  814,  599,  329,  527,  704,  439,  507,  296,  323,  700,  669,  469,  590,  286,  800,  482,  473,  687,  612,  232,  539,  697,  689,  841,  338,  203,  662,  723,  668,  395,  632,  547,  290,  304,  586,  256,  543,  683,  468,  672,  665,  687,  907,  388,  305,  278,  258],
        [  409,    0,  359,  119,  617,  743,  751,  216,  396,  688,  771,  167,  596,  429,  437,  853,  191,  879,   63,  274,  469,  235,  304,  647,  532,  687,  672,  953,  730,  336,  467,  655,  683,  262,  714,  593,  839,  195,  191,  727,    0,   97,  358,  101,  768,  679,  241,  749,  556,  353,  907,  523,  424,  790,  806,   95,  587,  687,  297,  114,  310,  687,  470,  888,   66,  823,  261,  178,  815,  163,  640,  782,  554,  169,  496,  625,   91,  865,  274,  665,  735,  189,  288,  454,  407,  629,  443,  886,  854,  222,  802,  253,  494,  342,  123,  612,  340,  248,  514,  439,  769,  869],
        [  406,    0,  300,  204,  522,  647,  734,  267,  374,  621,  689,  157,  608,  338,  353,  760,  141,  831,   48,  289,  391,  279,  306,  670,  538,  597,  659,  885,  694,  256,  377,  563,  644,  239,  659,  513,  748,  237,  115,  656,   97,    0,  391,  164,  701,  644,  205,  689,  461,  268,  845,  457,  330,  705,  719,  162,  599,  594,  201,  176,  270,  680,  386,  798,   45,  729,  207,   83,  771,  161,  543,  686,  584,   73,  425,  626,   45,  770,  250,  635,  649,  231,  344,  487,  315,  536,  348,  837,  811,  126,  714,  248,  527,  323,   45,  634,  261,  267,  419,  359,  679,  782],
        [  155,    0,  342,  277,  725,  877,  461,  149,  219,  595,  745,  522,  251,  683,  716,  921,  301,  677,  350,  628,  488,  126,  133,  292,  205,  732,  377,  831,  500,  421,  721,  883,  475,  219,  563,  587,  881,  540,  359,  648,  358,  391,    0,  259,  665,  454,  258,  614,  677,  637,  759,  465,  652,  785,  818,  436,  243,  772,  507,  248,  265,  376,  524,  916,  400, 1020,  305,  422,  602,  520,  803,  910,  197,  433,  468,  300,  422, 1058,  628,  427,  753,  169,  109,   97,  530,  856,  663,  685,  640,  471,  828,  176,  137,  194,  436,  257,  638,  601,  645,  478,  814,  871],
        [  328,    0,  332,   60,  644,  781,  673,  115,  329,  659,  763,  267,  502,  499,  516,  874,  177,  825,  116,  370,  463,  135,  224,  550,  441,  697,  591,  921,  666,  341,  538,  721,  624,  206,  670,  585,  852,  283,  207,  703,  101,  164,  259,    0,  739,  615,  202,  710,  585,  432,  868,  497,  485,  788,  810,  178,  493,  710,  345,   14,  266,  602,  475,  898,  155,  882,  238,  230,  757,  264,  685,  819,  455,  229,  477,  536,  180,  923,  375,  598,  739,   92,  188,  355,  431,  694,  502,  832,  796,  280,  810,  182,  394,  275,  204,  515,  424,  343,  545,  437,  782,  871],
        [  512,    0,  411,  796,  414,  515,  434,  718,  452,   81,  167,  840,  598,  671,  729,  420,  579,  238,  709,  973,  321,  700,  564,  676,  550,  296,  448,  185,  286,  451,  683,  702,  255,  536,  128,  222,  352,  937,  586,   57,  768,  701,  665,  739,    0,  290,  538,   77,  430,  712,  158,  246,  614,  220,  265,  857,  595,  381,  579,  739,  473,  491,  349,  351,  744,  720,  508,  638,  244,  848,  537,  521,  688,  660,  276,  530,  742,  738,  892,  323,  249,  693,  746,  678,  450,  688,  603,  238,  257,  636,  294,  573,  690,  493,  719,  661,  741,  955,  445,  355,  322,  281],
        [  307,    0,  359,  663,  595,  732,  157,  554,  287,  260,  438,  800,  320,  754,  808,  683,  503,  224,  632,  933,  383,  530,  398,  393,  288,  518,  159,  408,   52,  455,  779,  861,   35,  417,  162,  376,  620,  870,  539,  308,  679,  644,  454,  615,  290,    0,  442,  216,  582,  762,  324,  279,  700,  491,  535,  773,  319,  595,  606,  610,  375,  202,  433,  630,  680,  928,  439,  610,  149,  804,  716,  750,  420,  632,  320,  246,  688,  955,  880,   35,  497,  542,  554,  435,  518,  841,  698,  232,  187,  632,  559,  433,  436,  341,  677,  381,  783,  909,  576,  407,  573,  564],
        [  213,    0,  131,  260,  483,  631,  530,  211,  170,  458,  565,  362,  426,  432,  470,  698,   67,  638,  191,  493,  271,  203,  133,  497,  351,  514,  456,  721,  492,  170,  469,  626,  444,   43,  475,  390,  669,  430,  119,  501,  241,  205,  258,  202,  538,  442,    0,  512,  430,  397,  670,  296,  397,  594,  619,  335,  417,  539,  254,  203,   70,  480,  292,  711,  239,  765,   50,  193,  574,  365,  550,  666,  425,  211,  278,  431,  249,  803,  451,  431,  549,  175,  271,  340,  278,  599,  407,  645,  614,  234,  622,   83,  377,  123,  243,  461,  405,  469,  395,  250,  599,  678],
        [  459,    0,  391,  766,  462,  576,  358,  679,  406,   93,  239,  835,  528,  696,  754,  492,  559,  184,  691,  969,  328,  659,  522,  605,  485,  354,  374,  218,  209,  449,  712,  748,  181,  505,   56,  253,  425,  925,  574,  113,  749,  689,  614,  710,   77,  216,  512,    0,  470,  729,  159,  235,  639,  293,  338,  840,  526,  439,  587,  709,  444,  416,  365,  427,  731,  779,  488,  632,  174,  841,  587,  585,  622,  655,  273,  459,  732,  800,  894,  249,  315,  657,  700,  618,  465,  732,  630,  186,  194,  637,  366,  537,  627,  452,  712,  591,  756,  949,  479,  361,  390,  357],
        [  574,    0,  340,  641,   62,  202,  733,  635,  495,  378,  319,  543,  765,  264,  320,  302,  417,  653,  495,  656,  215,  631,  544,  849,  691,  174,  698,  578,  613,  260,  265,  282,  557,  462,  480,  219,  301,  657,  379,  373,  556,  461,  677,  585,  430,  582,  430,  470,    0,  331,  583,  306,  212,  306,  300,  615,  758,  137,  265,  593,  412,  739,  165,  355,  502,  360,  380,  379,  630,  553,  138,  237,  807,  392,  270,  732,  486,  394,  552,  598,  240,  596,  700,  743,  156,  264,  195,  655,  658,  344,  283,  509,  774,  492,  452,  819,  364,  647,   42,  209,  238,  361],
        [  608,    0,  411,  469,  386,  461,  887,  529,  549,  642,  638,  257,  821,   90,   85,  616,  339,  902,  316,  341,  403,  539,  526,  893,  745,  503,  826,  883,  807,  308,  122,  312,  750,  440,  719,  492,  628,  369,  281,  658,  353,  268,  637,  432,  712,  762,  397,  729,  331,    0,  869,  505,  122,  633,  630,  367,  812,  463,  158,  444,  433,  856,  365,  683,  287,  489,  364,  216,  858,  268,  348,  500,  819,  208,  462,  819,  262,  530,  229,  765,  568,  491,  607,  729,  264,  287,  142,  906,  894,  167,  613,  470,  767,  514,  231,  858,   34,  338,  295,  371,  568,  691],
        [  605,    0,  549,  923,  562,  649,  429,  833,  558,  230,  290,  989,  642,  828,  887,  525,  717,  152,  849, 1123,  475,  812,  675,  711,  611,  438,  471,   90,  295,  601,  839,  850,  294,  662,  200,  379,  455, 1082,  731,  214,  907,  845,  759,  868,  158,  324,  670,  159,  583,  869,    0,  390,  771,  333,  374,  998,  641,  521,  734,  867,  602,  509,  505,  437,  888,  852,  646,  787,  206,  996,  684,  649,  744,  809,  425,  567,  888,  866, 1045,  358,  381,  812,  851,  754,  606,  837,  760,  146,  192,  788,  405,  693,  758,  606,  867,  703,  898, 1104,  601,  509,  444,  365],
        [  325,    0,  166,  555,  328,  475,  428,  489,  248,  165,  282,  600,  481,  484,  541,  471,  333,  398,  463,  734,  107,  473,  345,  566,  413,  283,  394,  430,  315,  214,  506,  583,  258,  300,  216,  130,  423,  693,  342,  206,  523,  457,  465,  497,  246,  279,  296,  235,  306,  505,  390,    0,  429,  320,  354,  612,  475,  345,  356,  498,  235,  435,  156,  453,  500,  661,  263,  398,  355,  607,  443,  499,  544,  420,   44,  436,  499,  691,  660,  293,  292,  459,  528,  503,  247,  562,  424,  403,  389,  402,  366,  341,  525,  275,  477,  540,  529,  715,  298,  135,  359,  406],
        [  594,    0,  372,  532,  265,  343,  837,  567,  526,  549,  526,  363,  805,   57,  116,  494,  353,  818,  375,  460,  323,  572,  529,  883,  728,  386,  784,  777,  741,  263,   80,  237,  684,  439,  636,  392,  507,  478,  298,  558,  424,  330,  652,  485,  614,  700,  397,  639,  212,  122,  771,  429,    0,  517,  511,  459,  797,  341,  147,  497,  415,  819,  277,  562,  361,  400,  354,  256,  781,  374,  231,  383,  819,  259,  386,  791,  339,  441,  350,  707,  451,  527,  642,  737,  183,  210,   21,  821,  814,  206,  494,  478,  774,  500,  304,  849,  155,  455,  179,  295,  447,  572],
        [  642,    0,  466,  848,  264,  319,  643,  800,  568,  232,   54,  819,  774,  569,  625,  201,  613,  452,  727,  943,  326,  786,  664,  857,  714,  133,  645,  298,  497,  454,  570,  537,  457,  608,  335,  205,  133,  928,  600,  185,  790,  705,  785,  788,  220,  491,  594,  293,  306,  633,  333,  320,  517,    0,   46,  867,  769,  203,  537,  792,  544,  688,  321,  141,  750,  520,  551,  629,  463,  828,  371,  316,  851,  648,  322,  715,  740,  533,  845,  520,   67,  766,  845,  820,  400,  529,  501,  450,  475,  609,   75,  653,  839,  594,  711,  836,  666,  930,  339,  353,  111,   87],
        [  678,    0,  493,  869,  251,  285,  688,  826,  602,  276,  100,  826,  815,  561,  616,  156,  634,  496,  743,  947,  349,  814,  694,  898,  754,  128,  688,  332,  542,  472,  559,  511,  502,  635,  380,  233,   87,  937,  617,  230,  806,  719,  818,  810,  265,  535,  619,  338,  300,  630,  374,  354,  511,   46,    0,  880,  810,  182,  543,  814,  572,  732,  337,  100,  763,  483,  574,  641,  508,  836,  348,  279,  890,  659,  352,  757,  752,  495,  846,  564,   71,  792,  875,  856,  408,  505,  494,  494,  520,  618,   32,  681,  877,  626,  722,  877,  663,  936,  336,  373,   78,   64],
        [  500,    0,  450,  166,  677,  793,  844,  288,  490,  776,  851,  126,  680,  452,  448,  916,  281,  973,  149,  195,  551,  311,  395,  727,  618,  757,  764, 1041,  824,  416,  488,  678,  778,  356,  807,  674,  907,  105,  273,  814,   95,  162,  436,  178,  857,  773,  335,  840,  615,  367,  998,  612,  459,  867,  880,    0,  671,  750,  351,  189,  404,  777,  547,  958,  118,  853,  352,  241,  909,  117,  685,  832,  630,  224,  583,  713,  130,  895,  227,  759,  810,  269,  352,  530,  475,  653,  479,  979,  948,  272,  874,  346,  569,  436,  163,  692,  347,  167,  573,  519,  838,  943],
        [  205,    0,  431,  518,  793,  944,  254,  389,  272,  545,  720,  745,   10,  839,  882,  942,  479,  524,  566,  860,  545,  364,  295,   92,   69,  757,  180,  726,  349,  536,  873, 1007,  351,  374,  471,  603,  888,  776,  534,  599,  587,  599,  243,  493,  595,  319,  417,  526,  758,  812,  641,  475,  797,  769,  810,  671,    0,  819,  663,  483,  383,  158,  593,  910,  619, 1117,  449,  607,  450,  745,  895,  971,  107,  624,  499,   81,  637, 1151,  847,  285,  757,  402,  348,  167,  638,  983,  802,  532,  481,  650,  828,  353,  146,  299,  643,   67,  821,  834,  736,  550,  829,  851],
        [  653,    0,  431,  767,   78,  139,  751,  749,  572,  353,  234,  680,  825,  388,  440,  167,  536,  618,  626,  792,  286,  742,  641,  910,  755,   85,  731,  497,  616,  373,  381,  335,  565,  566,  465,  222,  166,  794,  505,  329,  687,  594,  772,  710,  381,  595,  539,  439,  137,  463,  521,  345,  341,  203,  182,  750,  819,    0,  401,  717,  509,  774,  249,  221,  635,  341,  490,  512,  611,  690,  169,  156,  881,  527,  321,  781,  621,  363,  686,  618,  142,  711,  808,  829,  281,  327,  322,  618,  632,  479,  158,  613,  856,  580,  587,  883,  496,  784,  179,  295,  109,  237],
        [  459,    0,  254,  395,  327,  447,  730,  422,  396,  505,  531,  284,  671,  178,  219,  566,  207,  754,  241,  407,  260,  425,  386,  747,  595,  417,  669,  757,  651,  151,  215,  382,  595,  297,  572,  366,  561,  395,  152,  527,  297,  201,  507,  345,  579,  606,  254,  587,  265,  158,  734,  356,  147,  537,  543,  351,  663,  401,    0,  355,  281,  700,  233,  613,  239,  538,  215,  120,  707,  293,  344,  486,  678,  130,  315,  665,  222,  578,  315,  608,  475,  381,  496,  593,  138,  355,  160,  759,  743,   79,  533,  333,  631,  364,  188,  712,  177,  394,  223,  226,  494,  607],
        [  320,    0,  334,   57,  652,  790,  665,  103,  325,  659,  766,  280,  492,  511,  528,  881,  182,  822,  129,  381,  467,  123,  217,  539,  432,  703,  584,  921,  662,  347,  550,  732,  620,  205,  669,  589,  858,  293,  215,  704,  114,  176,  248,   14,  739,  610,  203,  709,  593,  444,  867,  498,  497,  792,  814,  189,  483,  717,  355,    0,  266,  594,  480,  903,  168,  893,  242,  241,  753,  276,  694,  828,  444,  241,  480,  527,  193,  933,  387,  593,  744,   81,  175,  343,  439,  705,  513,  829,  793,  292,  815,  178,  383,  271,  217,  504,  436,  354,  554,  442,  787,  875],
        [  180,    0,   80,  323,  460,  612,  470,  256,  117,  394,  511,  426,  391,  456,  500,  663,  129,  569,  259,  559,  228,  243,  133,  468,  315,  474,  401,  655,  425,  161,  491,  634,  376,   66,  407,  340,  627,  498,  170,  439,  310,  270,  265,  266,  473,  375,   70,  444,  412,  433,  602,  235,  415,  544,  572,  404,  383,  509,  281,  266,    0,  427,  260,  667,  306,  761,   72,  245,  506,  430,  541,  645,  408,  266,  223,  386,  314,  798,  511,  365,  504,  225,  304,  334,  270,  608,  422,  576,  545,  278,  578,  110,  368,   86,  305,  434,  445,  535,  381,  215,  559,  629],
