{
    "name": "random-19-26915",
    "comment": "size=19 seed=26915",
    "nodes": ["+0", "-0", "+1", "-1", "+2", "-2", "+3", "-3", "+4", "-4", "+5", "-5", "+6", "-6", "+7", "-7", "+8", "-8", "+9", "-9", "+10", "-10", "+11", "-11", "+12", "-12", "+13", "-13", "+14", "-14", "+15", "-15", "+16", "-16", "+17", "-17", "+18", "-18", "+19", "-19"],
    "precedence": {
        "+0": "-0",
        "+1": "-1",
        "+2": "-2",
        "+3": "-3",
        "+4": "-4",
        "+5": "-5",
        "+6": "-6",
        "+7": "-7",
        "+8": "-8",
        "+9": "-9",
        "+10": "-10",
        "+11": "-11",
        "+12": "-12",
        "+13": "-13",
        "+14": "-14",
        "+15": "-15",
        "+16": "-16",
        "+17": "-17",
        "+18": "-18",
        "+19": "-19"
    },
    "edges": [
        [    0,    0,  406,  493,  302,  686,  464,  352,  352,  472,  152,   90,  533,  320,  439,  302,  485,  145,  270,  198,  713,  415,  385,  235,  585,  426,  303,  314,  436,  264,  330,  388,  460,  141,  423,  341,  479,  205,  362,  670],
        [    0,    0,  406,  493,  302,  686,  464,  352,  352,  472,  152,   90,  533,  320,  439,  302,  485,  145,  270,  198,  713,  415,  385,  235,  585,  426,  303,  314,  436,  264,  330,  388,  460,  141,  423,  341,  479,  205,  362,  670],
        [  406,  406,    0,   87,  180,  859,  851,  515,  174,  419,  384,  393,  833,  363,  314,  124,  105,  522,  672,  306,  903,  779,   37,  440,  988,  822,  501,  243,  712,  664,  684,  790,  563,  268,  326,  192,  865,  213,  205,  796],
        [  493,  493,   87,    0,  247,  919,  935,  584,  227,  452,  466,  479,  909,  421,  352,  206,   81,  608,  758,  382,  964,  862,  114,  517, 1074,  908,  575,  302,  788,  749,  767,  876,  622,  354,  362,  253,  950,  298,  260,  849],
        [  302,  302,  180,  247,    0,  893,  703,  534,   50,  270,  349,  329,  805,  185,  427,  181,  284,  442,  568,  141,  930,  713,  187,  430,  879,  727,  504,   69,  693,  532,  622,  685,  612,  197,  184,  284,  781,  187,  307,  847],
        [  686,  686,  859,  919,  893,    0,  910,  359,  936, 1135,  560,  606,  293,  991,  581,  749,  852,  576,  632,  859,   52,  471,  823,  470,  741,  610,  395,  940,  288,  754,  461,  651,  297,  707, 1065,  669,  568,  707,  659,  103],
        [  464,  464,  851,  935,  703,  910,    0,  703,  744,  717,  578,  524,  637,  599,  888,  761,  940,  427,  292,  563,  911,  446,  837,  620,  313,  318,  652,  676,  626,  207,  453,  264,  811,  600,  726,  803,  384,  666,  823,  944],
        [  352,  352,  515,  584,  534,  359,  703,    0,  577,  779,  209,  264,  343,  638,  294,  397,  528,  287,  415,  506,  397,  375,  479,  119,  662,  487,   53,  582,  221,  507,  295,  494,  113,  350,  707,  332,  490,  348,  330,  324],
        [  352,  352,  174,  227,   50,  936,  744,  577,    0,  250,  397,  378,  854,  195,  451,  207,  276,  492,  617,  182,  974,  763,  190,  476,  927,  776,  549,   77,  741,  578,  672,  733,  651,  246,  159,  310,  830,  230,  331,  887],
        [  472,  472,  419,  452,  270, 1135,  717,  779,  250,    0,  576,  536, 1004,  153,  696,  451,  516,  614,  691,  279, 1168,  875,  439,  665,  967,  848,  741,  206,  905,  609,  797,  794,  868,  430,   93,  554,  914,  444,  577, 1100],
        [  152,  152,  384,  466,  349,  560,  578,  209,  397,  576,    0,   63,  460,  432,  312,  261,  435,  163,  325,  299,  592,  397,  353,   91,  631,  456,  166,  387,  345,  371,  301,  436,  312,  153,  510,  252,  489,  178,  265,  532],
        [   90,   90,  393,  479,  329,  606,  524,  264,  378,  536,   63,    0,  479,  388,  365,  276,  457,  130,  288,  257,  635,  390,  366,  146,  601,  431,  217,  357,  372,  318,  297,  404,  371,  136,  476,  288,  472,  181,  305,  585],
        [  533,  533,  833,  909,  805,  293,  637,  343,  854, 1004,  460,  479,    0,  852,  635,  710,  861,  393,  385,  729,  282,  192,  799,  394,  449,  326,  338,  835,  123,  511,  221,  373,  375,  609,  952,  664,  277,  636,  665,  361],
        [  320,  320,  363,  421,  185,  991,  599,  638,  195,  153,  432,  388,  852,    0,  594,  354,  467,  461,  542,  133, 1022,  723,  371,  522,  828,  701,  598,  121,  754,  468,  644,  649,  733,  293,  129,  453,  765,  322,  477,  961],
        [  439,  439,  314,  352,  427,  581,  888,  294,  451,  696,  312,  365,  635,  594,    0,  246,  278,  471,  631,  481,  629,  652,  281,  294,  922,  744,  311,  493,  514,  682,  562,  735,  290,  335,  607,  143,  762,  281,  120,  503],
        [  302,  302,  124,  206,  181,  749,  761,  397,  207,  451,  261,  276,  710,  354,  246,    0,  184,  405,  560,  257,  790,  657,   92,  317,  875,  706,  380,  248,  589,  565,  562,  677,  456,  162,  362,  103,  746,   98,  127,  692],
        [  485,  485,  105,   81,  284,  852,  940,  528,  276,  516,  435,  457,  861,  467,  278,  184,    0,  586,  742,  407,  898,  829,  106,  473, 1057,  886,  524,  347,  739,  747,  734,  859,  556,  344,  424,  198,  923,  282,  199,  779],
        [  145,  145,  522,  608,  442,  576,  427,  287,  492,  614,  163,  130,  393,  461,  471,  405,  586,    0,  162,  343,  597,  272,  495,  194,  472,  301,  235,  458,  306,  224,  185,  275,  399,  259,  567,  412,  345,  310,  427,  577],
        [  270,  270,  672,  758,  568,  632,  292,  415,  617,  691,  325,  288,  385,  542,  631,  560,  742,  162,    0,  447,  640,  205,  648,  345,  317,  161,  366,  570,  345,  127,  173,  119,  521,  405,  663,  573,  224,  463,  589,  658],
        [  198,  198,  306,  382,  141,  859,  563,  506,  182,  279,  299,  257,  729,  133,  481,  257,  407,  343,  447,    0,  890,  611,  302,  390,  751,  607,  465,  124,  627,  397,  527,  561,  601,  163,  225,  345,  667,  201,  370,  829],
        [  713,  713,  903,  964,  930,   52,  911,  397,  974, 1168,  592,  635,  282, 1022,  629,  790,  898,  597,  640,  890,    0,  468,  866,  504,  726,  605,  429,  976,  298,  764,  468,  649,  343,  742, 1100,  713,  558,  745,  705,  153],
        [  415,  415,  779,  862,  713,  471,  446,  375,  763,  875,  397,  390,  192,  723,  652,  657,  829,  272,  205,  611,  468,    0,  749,  365,  296,  141,  343,  729,  203,  329,   96,  183,  453,  525,  835,  639,  117,  568,  647,  520],
        [  385,  385,   37,  114,  187,  823,  837,  479,  190,  439,  353,  366,  799,  371,  281,   92,  106,  495,  648,  302,  866,  749,    0,  406,  964,  796,  466,  254,  678,  645,  653,  766,  527,  245,  347,  155,  837,  186,  169,  759],
        [  235,  235,  440,  517,  430,  470,  620,  119,  476,  665,   91,  146,  394,  522,  294,  317,  473,  194,  345,  390,  504,  365,  406,    0,  628,  450,   76,  473,  273,  417,  272,  443,  226,  239,  597,  278,  471,  249,  284,  441],
        [  585,  585,  988, 1074,  879,  741,  313,  662,  927,  967,  631,  601,  449,  828,  922,  875, 1057,  472,  317,  751,  726,  296,  964,  628,    0,  179,  624,  874,  497,  360,  368,  199,  748,  721,  954,  882,  181,  778,  895,  804],
        [  426,  426,  822,  908,  727,  610,  318,  487,  776,  848,  456,  431,  326,  701,  744,  706,  886,  301,  161,  607,  605,  141,  796,  450,  179,    0,  447,  730,  341,  252,  193,   62,  577,  557,  823,  707,   74,  610,  719,  660],
        [  303,  303,  501,  575,  504,  395,  652,   53,  549,  741,  166,  217,  338,  598,  311,  380,  524,  235,  366,  465,  429,  343,  466,   76,  624,  447,    0,  548,  215,  455,  258,  450,  165,  314,  672,  327,  456,  320,  328,  368],
        [  314,  314,  243,  302,   69,  940,  676,  582,   77,  206,  387,  357,  835,  121,  493,  248,  347,  458,  570,  124,  976,  729,  254,  473,  874,  730,  548,    0,  728,  519,  642,  684,  666,  235,  125,  350,  788,  240,  374,  900],
        [  436,  436,  712,  788,  693,  288,  626,  221,  741,  905,  345,  372,  123,  754,  514,  589,  739,  306,  345,  627,  298,  203,  678,  273,  497,  341,  215,  728,    0,  468,  174,  373,  268,  497,  847,  541,  316,  519,  543,  322],
        [  264,  264,  664,  749,  532,  754,  207,  507,  578,  609,  371,  318,  511,  468,  682,  565,  747,  224,  127,  397,  764,  329,  645,  417,  360,  252,  455,  519,  468,    0,  298,  192,  618,  404,  594,  600,  324,  468,  620,  774],
        [  330,  330,  684,  767,  622,  461,  453,  295,  672,  797,  301,  297,  221,  644,  562,  562,  734,  185,  173,  527,  468,   96,  653,  272,  368,  193,  258,  642,  174,  298,    0,  209,  386,  432,  752,  544,  200,  473,  553,  492],
        [  388,  388,  790,  876,  685,  651,  264,  494,  733,  794,  436,  404,  373,  649,  735,  677,  859,  275,  119,  561,  649,  183,  766,  443,  199,   62,  450,  684,  373,  192,  209,    0,  591,  523,  772,  686,  136,  580,  701,  694],
        [  460,  460,  563,  622,  612,  297,  811,  113,  651,  868,  312,  371,  375,  733,  290,  456,  556,  399,  521,  601,  343,  453,  527,  226,  748,  577,  165,  666,  268,  618,  386,  591,    0,  440,  790,  373,  570,  426,  363,  237],
        [  141,  141,  268,  354,  197,  707,  600,  350,  246,  430,  153,  136,  609,  293,  335,  162,  344,  259,  405,  163,  742,  525,  245,  239,  721,  557,  314,  235,  497,  404,  432,  523,  440,    0,  359,  214,  603,   66,  238,  671],
        [  423,  423,  326,  362,  184, 1065,  726,  707,  159,   93,  510,  476,  952,  129,  607,  362,  424,  567,  663,  225, 1100,  835,  347,  597,  954,  823,  672,  125,  847,  594,  752,  772,  790,  359,    0,  465,  885,  365,  488, 1025],
        [  341,  341,  192,  253,  284,  669,  803,  332,  310,  554,  252,  288,  664,  453,  143,  103,  198,  412,  573,  345,  713,  639,  155,  278,  882,  707,  327,  350,  541,  600,  544,  686,  373,  214,  465,    0,  738,  152,   26,  605],
        [  479,  479,  865,  950,  781,  568,  384,  490,  830,  914,  489,  472,  277,  765,  762,  746,  923,  345,  224,  667,  558,  117,  837,  471,  181,   74,  456,  788,  316,  324,  200,  136,  570,  603,  885,  738,    0,  653,  748,  626],
        [  205,  205,  213,  298,  187,  707,  666,  348,  230,  444,  178,  181,  636,  322,  281,   98,  282,  310,  463,  201,  745,  568,  186,  249,  778,  610,  320,  240,  519,  468,  473,  580,  426,   66,  365,  152,  653,    0,  176,  661],
        [  362,  362,  205,  260,  307,  659,  823,  330,  331,  577,  265,  305,  665,  477,  120,  127,  199,  427,  589,  370,  705,  647,  169,  284,  895,  719,  328,  374,  543,  620,  553,  701,  363,  238,  488,   26,  748,  176,    0,  592],
        [  670,  670,  796,  849,  847,  103,  944,  324,  887, 1100,  532,  585,  361,  961,  503,  692,  779,  577,  658,  829,  153,  520,  759,  441,  804,  660,  368,  900,  322,  774,  492,  694,  237,  671, 1025,  605,  626,  661,  592,    0]
    ]
}
