{
    "name": "random-73-8255",
    "comment": "size=73 seed=8255",
    "nodes": ["+0", "-0", "+1", "-1", "+2", "-2", "+3", "-3", "+4", "-4", "+5", "-5", "+6", "-6", "+7", "-7", "+8", "-8", "+9", "-9", "+10", "-10", "+11", "-11", "+12", "-12", "+13", "-13", "+14", "-14", "+15", "-15", "+16", "-16", "+17", "-17", "+18", "-18", "+19", "-19", "+20", "-20", "+21", "-21", "+22", "-22", "+23", "-23", "+24", "-24", "+25", "-25", "+26", "-26", "+27", "-27", "+28", "-28", "+29", "-29", "+30", "-30", "+31", "-31", "+32", "-32", "+33", "-33", "+34", "-34", "+35", "-35", "+36", "-36", "+37", "-37", "+38", "-38", "+39", "-39", "+40", "-40", "+41", "-41", "+42", "-42", "+43", "-43", "+44", "-44", "+45", "-45", "+46", "-46", "+47", "-47", "+48", "-48", "+49", "-49", "+50", "-50", "+51", "-51", "+52", "-52", "+53", "-53", "+54", "-54", "+55", "-55", "+56", "-56", "+57", "-57", "+58", "-58", "+59", "-59", "+60", "-60", "+61", "-61", "+62", "-62", "+63", "-63", "+64", "-64", "+65", "-65", "+66", "-66", "+67", "-67", "+68", "-68", "+69", "-69", "+70", "-70", "+71", "-71", "+72", "-72", "+73", "-73"],
    "precedence": {
        "+0": "-0",
        "+1": "-1",
        "+2": "-2",
        "+3": "-3",
        "+4": "-4",
        "+5": "-5",
        "+6": "-6",
        "+7": "-7",
        "+8": "-8",
        "+9": "-9",
        "+10": "-10",
        "+11": "-11",
        "+12": "-12",
        "+13": "-13",
        "+14": "-14",
        "+15": "-15",
        "+16": "-16",
        "+17": "-17",
        "+18": "-18",
        "+19": "-19",
        "+20": "-20",
        "+21": "-21",
        "+22": "-22",
        "+23": "-23",
        "+24": "-24",
        "+25": "-25",
        "+26": "-26",
        "+27": "-27",
        "+28": "-28",
        "+29": "-29",
        "+30": "-30",
        "+31": "-31",
        "+32": "-32",
        "+33": "-33",
        "+34": "-34",
        "+35": "-35",
        "+36": "-36",
        "+37": "-37",
        "+38": "-38",
        "+39": "-39",
        "+40": "-40",
        "+41": "-41",
        "+42": "-42",
        "+43": "-43",
        "+44": "-44",
        "+45": "-45",
        "+46": "-46",
        "+47": "-47",
        "+48": "-48",
        "+49": "-49",
        "+50": "-50",
        "+51": "-51",
        "+52": "-52",
        "+53": "-53",
        "+54": "-54",
        "+55": "-55",
        "+56": "-56",
        "+57": "-57",
        "+58": "-58",
        "+59": "-59",
        "+60": "-60",
        "+61": "-61",
        "+62": "-62",
        "+63": "-63",
        "+64": "-64",
        "+65": "-65",
        "+66": "-66",
        "+67": "-67",
        "+68": "-68",
        "+69": "-69",
        "+70": "-70",
        "+71": "-71",
        "+72": "-72",
        "+73": "-73"
    },
    "edges": [
        [    0,    0,  563,  411,  344,  359,  210,  435,  862,  346,  262,  823,  479,  624,  511,  626,  740,  451,  860,  289,  533,  154,  730,  352,  714,  407,  683,  513,  559,  381,  284,  661,  725,  126,  132,  156,  739,  718,   44,  652,  626,  613,  414,  332,  589,  406,  376,  758,  752,  509,  675,  266,  473,  773,  778,  741,  821,  212,  341,  713,  578,  474,  436,  413,  228,  431,  201,  519,  552,  717,  208,  517,  405,  657,  834,  174,  603,  208,  151,  837,  715,  328,  516,  454,  701,  324,   61,  749,  593,  460,  464,  658,  398,  268,  329,  480,  170,  368,   42,  675,  293,  417,  355,  301,  104,  571,  572,  517,  837,  727,  648,  349,  413,  609,  617,  574,  156,  389,  283,  667,  441,  568,  317,  416,  475,  372,  243,  141,  575,  438,  400,  356,  159,  217,  738,  416,  224,  323,  760,  635,  847,  784,  328,  568,  205,  677,  275,  501],
        [    0,    0,    0,    0,    0,    0,    0,    0,    0,    0,    0,    0,    0,    0,    0,    0,    0,    0,    0,    0,    0,    0,    0,    0,    0,    0,    0,    0,    0,    0,    0,    0,    0,    0,    0,    0,    0,    0,    0,    0,    0,    0,    0,    0,    0,    0,    0,    0,    0,    0,    0,    0,    0,    0,    0,    0,    0,    0,    0,    0,    0,    0,    0,    0,    0,    0,    0,    0,    0,    0,    0,    0,    0,    0,    0,    0,    0,    0,    0,    0,    0,    0,    0,    0,    0,    0,    0,    0,    0,    0,    0,    0,    0,    0,    0,    0,    0,    0,    0,    0,    0,    0,    0,    0,    0,    0,    0,    0,    0,    0,    0,    0,    0,    0,    0,    0,    0,    0,    0,    0,    0,    0,    0,    0,    0,    0,    0,    0,    0,    0,    0,    0,    0,    0,    0,    0,    0,    0,    0,    0,    0,    0,    0,    0,    0,    0,    0,    0],
        [  563,    0,    0,  414,  348,  219,  405,  357,  303,  366,  413,  262,  245,  194,  359,  167,  182,  470,  299,  487,   74,  698,  574,  397,  379,  772,  476, 1016,  480,  220,  831,  376,  508,  437,  480,  709,  765,  743,  577,  740,  746,  624,  843,  865,   39,  547,  363,  263,  662,  140,  211,  675,  282,  238,  582,  285,  283,  617,  420,  666,  711,  968,  477,  472,  397,  905,  755,  765,   92,  504,  758,  691,  258,   94,  655,  570,  152,  645,  708,  281,  210,  236,  119,  796,  570,  286,  618,  557,   94,  405,  325,  222,  498,  520,  332,  950,  618,  779,  604,  434,  441,  873,  896,  323,  462,  563,  276,  801,  660,  591,  659,  641,  437,  566,  344,   73,  710,  346,  482,  438,  563,   83,  246,  294,  245,  349,  514,  658,  337,  462,  322,  684,  647,  527,  558,  474,  783,  488,  330,  204,  707,  228,  365,  311,  516,  326,  440,  773],
        [  411,    0,  414,    0,  101,  372,  214,  580,  680,  520,  152,  604,  180,  585,  632,  566,  527,  665,  674,  568,  344,  561,  886,   63,  753,  793,  802,  921,  737,  411,  680,  727,  843,  336,  438,  488,  999,  975,  391,  936,  924,  852,  818,  735,  453,  684,  541,  677,  948,  281,  383,  655,  146,  648,  914,  692,  688,  592,  557,  930,  878,  884,   65,   59,  440,  842,  524,  866,  340,  836,  606,  830,  479,  482,  984,  290,  340,  344,  494,  670,  441,  292,  464,  835,  869,  186,  434,  884,  372,   51,  106,  354,   89,  183,  474,  891,  340,  766,  444,  772,  121,  826,  753,  167,  335,  793,  228,  880,  989,  894,  891,  698,  619,  817,  684,  473,  488,   73,  146,  770,  150,  477,  304,  121,  178,   79,  553,  551,  656,  652,   94,  722,  381,  226,  880,  645,  608,  592,  733,  596, 1022,  621,  503,  635,  527,  700,  137,  858],
        [  344,    0,  348,  101,    0,  274,  136,  480,  634,  420,   92,  567,  153,  503,  534,  488,  485,  565,  629,  471,  284,  498,  788,   53,  664,  706,  706,  857,  638,  314,  624,  634,  747,  251,  350,  447,  899,  875,  333,  836,  825,  752,  739,  675,  385,  585,  440,  606,  849,  230,  368,  572,  135,  586,  817,  616,  629,  507,  457,  830,  779,  817,  160,  146,  342,  770,  488,  772,  288,  740,  549,  733,  381,  427,  887,  261,  309,  329,  450,  619,  420,  194,  379,  747,  770,   88,  378,  788,  326,  133,  120,  344,  162,  180,  374,  819,  314,  684,  381,  677,   98,  751,  697,   68,  256,  693,  236,  788,  892,  796,  791,  606,  519,  717,  590,  399,  447,   46,  139,  675,  231,  401,  204,   80,  149,   30,  460,  481,  561,  552,   58,  633,  352,  204,  783,  545,  556,  494,  653,  515,  924,  568,  403,  541,  436,  612,  103,  765],
        [  359,    0,  219,  372,  274,    0,  253,  214,  508,  178,  291,  479,  281,  274,  261,  271,  400,  314,  506,  280,  217,  484,  515,  325,  404,  563,  432,  797,  370,   40,  616,  367,  474,  237,  264,  512,  643,  620,  381,  594,  591,  495,  628,  648,  237,  364,  188,  403,  579,  232,  390,  459,  304,  414,  544,  392,  462,  399,  228,  565,  549,  750,  434,  419,  179,  688,  558,  577,  245,  467,  544,  516,  108,  310,  614,  408,  314,  482,  509,  480,  410,   81,  158,  591,  498,  187,  418,  514,  279,  390,  331,  386,  433,  396,  133,  733,  449,  564,  399,  405,  335,  656,  679,  215,  264,  434,  365,  607,  618,  523,  534,  436,  271,  452,  321,  217,  513,  301,  368,  402,  502,  210,   73,  273,  278,  293,  300,  442,  289,  302,  288,  476,  469,  384,  509,  304,  572,  289,  419,  285,  651,  428,  168,  271,  299,  356,  325,  580],
        [  210,    0,  405,  214,  136,  253,    0,  424,  706,  347,   66,  652,  273,  520,  489,  512,  569,  488,  702,  367,  358,  363,  739,  152,  655,  580,  668,  722,  576,  289,  491,  615,  711,  123,  226,  324,  816,  793,  201,  744,  728,  673,  607,  541,  438,  488,  373,  641,  787,  320,  479,  442,  264,  637,  776,  638,  683,  379,  373,  761,  681,  682,  254,  232,  245,  635,  368,  658,  371,  703,  415,  629,  344,  495,  842,  165,  410,  241,  326,  686,  524,  184,  397,  622,  717,  128,  247,  746,  413,  258,  255,  458,  229,  148,  307,  684,  213,  553,  248,  647,  112,  617,  564,   97,  123,  619,  365,  669,  846,  743,  712,  488,  443,  648,  569,  437,  324,  180,  129,  642,  290,  436,  184,  207,  269,  164,  346,  346,  533,  475,  191,  510,  244,  132,  739,  462,  426,  395,  668,  531,  871,  632,  328,  518,  317,  608,   95,  648],
        [  435,    0,  357,  580,  480,  214,  424,    0,  570,   89,  477,  577,  492,  271,   77,  292,  514,  113,  572,  193,  392,  505,  316,  529,  288,  454,  252,  739,  158,  179,  620,  231,  295,  350,  304,  585,  431,  408,  472,  389,  392,  283,  542,  632,  352,  200,   59,  401,  369,  428,  563,  398,  517,  449,  355,  363,  493,  359,  111,  352,  355,  690,  640,  623,  210,  620,  627,  415,  421,  286,  562,  336,  112,  424,  420,  549,  493,  614,  578,  536,  566,  290,  242,  467,  294,  394,  494,  325,  444,  602,  545,  567,  633,  570,  118,  658,  576,  478,  465,  241,  524,  581,  667,  416,  376,  222,  571,  456,  423,  320,  322,  321,   85,  239,  190,  310,  586,  511,  551,  233,  701,  297,  277,  487,  489,  502,  244,  453,  146,  106,  500,  368,  582,  544,  317,  122,  600,  174,  362,  277,  448,  492,  108,  148,  269,  262,  511,  427],
        [  862,    0,  303,  680,  634,  508,  706,  570,    0,  615,  708,   97,  501,  301,  533,  279,  156,  672,   10,  742,  352,  991,  650,  678,  413, 1021,  557, 1290,  634,  496, 1123,  453,  568,  737,  770, 1010,  891,  872,  878,  898,  916,  773, 1104, 1152,  274,  769,  600,  200,  751,  405,  326,  944,  536,  127,  630,  257,  101,  892,  664,  776,  893, 1241,  737,  738,  677, 1174, 1056,  979,  347,  569, 1051,  892,  506,  212,  693,  870,  343,  945, 1009,   36,  268,  537,  359, 1036,  662,  584,  918,  616,  310,  657,  578,  357,  768,  812,  594, 1217,  919, 1039,  903,  511,  731, 1139, 1184,  620,  762,  720,  480, 1023,  698,  673,  800,  887,  654,  706,  451,  292, 1011,  622,  772,  521,  827,  300,  546,  567,  503,  628,  780,  948,  474,  669,  597,  933,  948,  825,  625,  690, 1079,  734,  297,  298,  756,   81,  621,  453,  790,  382,  732,  994],
        [  346,    0,  366,  520,  420,  178,  347,   89,  615,    0,  405,  609,  455,  327,  166,  341,  538,  146,  616,  128,  385,  422,  398,  465,  373,  410,  339,  678,  231,  154,  540,  318,  382,  264,  216,  497,  480,  456,  383,  422,  416,  333,  489,  557,  371,  188,   31,  462,  440,  408,  559,  332,  476,  501,  440,  431,  547,  286,   54,  415,  373,  629,  577,  558,  121,  561,  539,  403,  414,  374,  479,  339,  112,  446,  502,  463,  485,  527,  490,  583,  572,  240,  264,  431,  373,  337,  405,  410,  443,  547,  498,  558,  565,  492,   47,  602,  489,  424,  377,  330,  452,  524,  591,  353,  289,  275,  542,  437,  505,  400,  372,  277,  100,  302,  275,  335,  498,  455,  476,  322,  631,  324,  224,  438,  452,  444,  170,  370,  232,  133,  447,  322,  494,  463,  401,  129,  516,  123,  437,  335,  526,  535,   20,  229,  189,  342,  438,  409],
        [  262,    0,  413,  152,   92,  291,   66,  477,  708,  405,    0,  647,  243,  548,  540,  536,  564,  548,  704,  431,  357,  414,  792,   91,  694,  643,  717,  774,  632,  330,  537,  657,  760,  187,  291,  356,  877,  854,  245,  807,  792,  733,  667,  590,  449,  552,  430,  661,  843,  309,  456,  505,  226,  650,  827,  664,  695,  442,  433,  819,  745,  735,  189,  167,  307,  692,  396,  723,  365,  752,  462,  694,  390,  498,  894,  171,  394,  242,  360,  691,  507,  215,  423,  686,  771,  128,  290,  797,  405,  199,  209,  433,  165,  109,  363,  741,  224,  615,  296,  693,   49,  675,  610,   91,  185,  678,  327,  734,  898,  797,  772,  553,  502,  706,  612,  454,  356,  132,   77,  689,  228,  454,  219,  171,  239,  116,  411,  401,  578,  534,  148,  575,  261,  118,  790,  523,  468,  459,  698,  559,  925,  638,  386,  561,  382,  645,   35,  713],
        [  823,    0,  262,  604,  567,  479,  652,  577,   97,  609,  647,    0,  426,  323,  552,  295,   84,  685,   88,  735,  295,  959,  701,  608,  467, 1019,  604, 1274,  662,  475, 1093,  497,  622,  697,  742,  966,  932,  912,  834,  929,  944,  806, 1096, 1127,  244,  776,  599,  257,  800,  339,  236,  931,  459,  179,  688,  313,  175,  874,  661,  820,  917, 1226,  658,  661,  656, 1161, 1012,  992,  283,  621, 1019,  909,  498,  169,  754,  814,  265,  887,  965,  112,  176,  495,  346, 1038,  709,  527,  877,  671,  242,  577,  500,  267,  692,  747,  582, 1205,  864, 1031,  864,  558,  665, 1128, 1157,  561,  721,  750,  394, 1033,  759,  723,  835,  885,  662,  741,  487,  275,  967,  550,  706,  567,  748,  286,  506,  495,  428,  558,  768,  920,  502,  680,  525,  931,  896,  764,  678,  699, 1044,  731,  359,  323,  816,  109,  612,  479,  773,  427,  668, 1004],
        [  479,    0,  245,  180,  153,  281,  273,  492,  501,  455,  243,  426,    0,  430,  527,  408,  348,  594,  495,  540,  172,  632,  773,  185,  609,  803,  681,  985,  644,  314,  762,  593,  719,  368,  454,  595,  923,  899,  474,  875,  870,  774,  849,  810,  284,  639,  468,  507,  848,  107,  216,  678,   38,  472,  792,  529,  511,  613,  503,  839,  828,  943,  238,  238,  415,  891,  637,  844,  163,  713,  686,  791,  381,  304,  865,  413,  162,  482,  597,  491,  270,  220,  319,  839,  761,  158,  519,  764,  194,  161,   81,  191,  268,  329,  409,  939,  466,  790,  519,  645,  248,  867,  834,  178,  381,  713,   97,  868,  869,  785,  813,  689,  551,  729,  554,  311,  595,  126,  288,  646,  327,  318,  237,   74,    5,  137,  543,  608,  534,  583,  102,  722,  503,  356,  762,  583,  698,  556,  573,  441,  910,  442,  444,  510,  527,  556,  255,  843],
        [  624,    0,  194,  585,  503,  274,  520,  271,  301,  327,  548,  323,  430,    0,  233,   32,  277,  371,  304,  453,  265,  733,  397,  556,  186,  725,  297, 1004,  340,  245,  859,  191,  324,  507,  512,  779,  614,  593,  650,  607,  622,  484,  811,  881,  162,  469,  308,  137,  491,  329,  389,  659,  466,  178,  397,  120,  222,  611,  372,  505,  596,  954,  649,  641,  412,  886,  825,  678,  286,  321,  792,  592,  227,  204,  469,  680,  342,  754,  775,  267,  367,  337,  126,  737,  399,  425,  684,  374,  283,  584,  507,  406,  663,  656,  315,  926,  722,  746,  662,  252,  585,  849,  914,  461,  535,  428,  470,  722,  474,  416,  514,  591,  354,  419,  170,  123,  780,  513,  623,  258,  731,  114,  337,  466,  430,  512,  496,  685,  180,  368,  492,  638,  742,  651,  377,  390,  825,  441,  151,   12,  524,  226,  336,  156,  512,  133,  579,  693],
        [  511,    0,  359,  632,  534,  261,  489,   77,  533,  166,  540,  552,  527,  233,    0,  259,  497,  141,  536,  264,  406,  580,  255,  584,  215,  507,  180,  801,  122,  222,  692,  156,  223,  423,  381,  661,  408,  385,  548,  384,  394,  266,  600,  702,  346,  244,  136,  351,  321,  451,  569,  465,  556,  408,  288,  307,  448,  430,  184,  314,  365,  751,  694,  678,  285,  681,  704,  447,  434,  215,  636,  360,  154,  412,  355,  621,  504,  688,  654,  498,  564,  341,  241,  514,  238,  447,  570,  257,  451,  650,  587,  578,  691,  637,  189,  717,  650,  537,  541,  165,  586,  641,  737,  472,  449,  205,  598,  492,  359,  263,  301,  376,  136,  209,  117,  300,  662,  561,  615,  158,  759,  287,  330,  531,  524,  553,  316,  528,   75,  141,  547,  423,  658,  614,  251,  166,  675,  241,  299,  236,  390,  459,  184,   86,  343,  195,  574,  463],
        [  626,    0,  167,  566,  488,  271,  512,  292,  279,  341,  536,  295,  408,   32,  259,    0,  246,  395,  281,  468,  240,  739,  428,  540,  215,  743,  328, 1018,  369,  246,  867,  222,  355,  507,  517,  780,  644,  623,  650,  636,  650,  513,  828,  891,  134,  490,  324,  133,  522,  304,  358,  673,  444,  160,  428,  129,  206,  623,  388,  536,  623,  969,  630,  623,  419,  901,  826,  702,  259,  352,  799,  617,  237,  173,  500,  674,  313,  749,  776,  245,  336,  328,  116,  758,  430,  412,  685,  405,  254,  563,  485,  376,  646,  645,  326,  942,  717,  763,  665,  284,  572,  864,  924,  448,  534,  456,  443,  745,  505,  447,  544,  610,  376,  449,  201,   97,  781,  495,  611,  290,  714,   90,  331,  447,  407,  494,  509,  692,  210,  391,  473,  656,  738,  642,  408,  411,  831,  457,  167,   38,  556,  202,  349,  185,  523,  163,  567,  716],
        [  740,    0,  182,  527,  485,  400,  569,  514,  156,  538,  564,   84,  348,  277,  497,  246,    0,  625,  149,  662,  211,  878,  669,  527,  442,  947,  570, 1197,  612,  399, 1011,  462,  593,  614,  661,  883,  890,  869,  751,  879,  891,  757, 1021, 1046,  168,  711,  531,  248,  766,  256,  176,  855,  382,  177,  663,  298,  196,  797,  591,  781,  861, 1149,  582,  584,  578, 1085,  928,  928,  200,  591,  938,  849,  427,   93,  732,  730,  188,  804,  882,  152,  124,  412,  276,  969,  674,  443,  793,  643,  160,  502,  423,  206,  615,  665,  508, 1130,  780,  957,  782,  525,  583, 1052, 1076,  478,  637,  699,  325,  968,  737,  689,  789,  815,  598,  694,  446,  206,  883,  470,  624,  532,  672,  218,  424,  415,  350,  477,  693,  839,  455,  618,  445,  859,  812,  681,  648,  635,  961,  661,  347,  280,  791,  117,  539,  430,  696,  397,  586,  939],
        [  451,    0,  470,  665,  565,  314,  488,  113,  672,  146,  548,  685,  594,  371,  141,  395,  625,    0,  674,  166,  503,  486,  282,  610,  341,  369,  253,  669,  112,  283,  584,  279,  292,  393,  320,  588,  334,  311,  492,  281,  281,  187,  465,  586,  464,  105,  127,  492,  305,  536,  675,  344,  617,  548,  333,  447,  589,  322,  117,  274,  243,  619,  722,  703,  248,  549,  626,  308,  532,  283,  536,  225,  221,  536,  385,  590,  604,  647,  579,  637,  679,  383,  354,  373,  252,  482,  504,  305,  556,  692,  641,  679,  709,  630,  192,  582,  608,  404,  472,  263,  596,  508,  621,  498,  415,  131,  677,  352,  387,  278,  227,  242,   46,  162,  250,  421,  589,  600,  617,  251,  775,  408,  368,  581,  591,  589,  219,  433,  212,   14,  591,  289,  607,  597,  293,   38,  578,  134,  437,  375,  398,  596,  163,  226,  254,  330,  581,  323],
        [  860,    0,  299,  674,  629,  506,  702,  572,   10,  616,  704,   88,  495,  304,  536,  281,  149,  674,    0,  743,  347,  989,  656,  673,  419, 1022,  562, 1290,  638,  495, 1121,  458,  575,  734,  768, 1008,  896,  877,  875,  902,  920,  777, 1104, 1151,  272,  771,  601,  206,  756,  400,  318,  945,  529,  132,  637,  263,  108,  891,  665,  782,  897, 1241,  730,  731,  677, 1175, 1054,  981,  341,  575, 1050,  895,  506,  208,  700,  866,  337,  941, 1006,   41,  260,  534,  359, 1038,  668,  579,  916,  622,  304,  650,  571,  349,  762,  807,  594, 1217,  915, 1039,  901,  517,  726, 1139, 1183,  616,  759,  725,  472, 1025,  705,  678,  804,  888,  656,  711,  456,  291, 1008,  616,  767,  527,  820,  300,  544,  561,  497,  622,  780,  947,  478,  671,  591,  935,  945,  820,  631,  692, 1077,  735,  304,  301,  763,   81,  621,  456,  790,  387,  727,  996],
        [  289,    0,  487,  568,  471,  280,  367,  193,  742,  128,  431,  735,  540,  453,  264,  468,  662,  166,  743,    0,  497,  323,  447,  507,  478,  286,  413,  551,  277,  268,  430,  418,  454,  254,  165,  423,  458,  437,  332,  380,  362,  326,  362,  439,  495,  124,  146,  587,  463,  510,  670,  207,  554,  628,  498,  553,  673,  167,   83,  425,  314,  502,  617,  596,  129,  434,  461,  306,  524,  445,  376,  263,  238,  570,  549,  441,  594,  492,  414,  710,  688,  321,  389,  311,  417,  399,  340,  470,  558,  603,  568,  665,  595,  498,  155,  475,  453,  297,  308,  416,  478,  397,  474,  405,  271,  282,  632,  330,  552,  442,  362,  156,  137,  320,  380,  460,  424,  512,  492,  406,  656,  449,  304,  508,  535,  498,   55,  270,  337,  155,  509,  198,  448,  458,  458,  129,  417,   34,  555,  460,  559,  662,  124,  341,   89,  455,  461,  304],
        [  533,    0,   74,  344,  284,  217,  358,  392,  352,  385,  357,  295,  172,  265,  406,  240,  211,  503,  347,  497,    0,  675,  634,  332,  449,  780,  537, 1007,  527,  231,  809,  441,  572,  408,  465,  673,  813,  790,  542,  780,  783,  668,  844,  848,  112,  571,  387,  336,  718,   66,  175,  673,  209,  305,  646,  358,  346,  612,  438,  718,  745,  960,  406,  402,  393,  900,  718,  788,   30,  567,  734,  720,  284,  143,  719,  520,  102,  595,  673,  335,  194,  208,  170,  808,  627,  233,  585,  619,   63,  332,  252,  176,  429,  461,  345,  946,  570,  780,  575,  497,  380,  870,  876,  269,  430,  606,  206,  820,  724,  649,  705,  652,  466,  614,  406,  143,  673,  278,  421,  500,  493,  152,  222,  224,  172,  282,  517,  640,  394,  494,  254,  693,  602,  473,  620,  502,  756,  503,  403,  275,  769,  284,  380,  369,  513,  395,  381,  793],
        [  154,    0,  698,  561,  498,  484,  363,  505,  991,  422,  414,  959,  632,  733,  580,  739,  878,  486,  989,  323,  675,    0,  765,  503,  793,  313,  736,  361,  597,  498,  134,  735,  776,  270,  223,  141,  721,  703,  171,  625,  592,  616,  289,  179,  720,  412,  449,  869,  766,  657,  824,  190,  626,  893,  818,  845,  941,  172,  397,  720,  547,  324,  580,  557,  321,  288,  160,  456,  696,  767,   61,  481,  506,  791,  864,  296,  750,  295,  129,  963,  862,  468,  636,  363,  732,  476,  131,  790,  737,  610,  618,  808,  539,  404,  420,  336,  268,  260,  118,  738,  441,  282,  203,  455,  253,  587,  726,  439,  866,  757,  646,  308,  459,  628,  694,  699,  142,  542,  426,  728,  573,  692,  455,  569,  627,  526,  269,   54,  651,  476,  554,  294,  235,  351,  778,  449,   95,  353,  856,  742,  866,  911,  407,  650,  238,  763,  424,  432],
        [  730,    0,  574,  886,  788,  515,  739,  316,  650,  398,  792,  701,  773,  397,  255,  428,  669,  282,  656,  447,  634,  765,    0,  838,  237,  590,  100,  898,  172,  475,  854,  207,   83,  661,  599,  869,  254,  239,  771,  297,  331,  193,  691,  848,  550,  357,  369,  451,  101,  687,  781,  607,  803,  527,   58,  394,  551,  596,  391,  138,  334,  851,  948,  933,  516,  781,  908,  465,  660,   82,  812,  373,  408,  600,  105,  860,  726,  922,  861,  615,  763,  595,  464,  575,   35,  701,  785,   44,  668,  902,  837,  795,  945,  886,  433,  805,  883,  640,  754,  145,  839,  739,  883,  726,  685,  187,  836,  517,  108,   25,  195,  489,  318,  146,  231,  505,  871,  815,  866,  139, 1013,  493,  584,  783,  770,  807,  500,  712,  241,  294,  800,  529,  885,  859,   29,  319,  855,  415,  355,  392,  138,  594,  418,  266,  536,  274,  826,  493],
        [  352,    0,  397,   63,   53,  325,  152,  529,  678,  465,   91,  608,  185,  556,  584,  540,  527,  610,  673,  507,  332,  503,  838,    0,  717,  731,  757,  863,  686,  365,  624,  687,  799,  274,  376,  438,  943,  920,  334,  878,  865,  797,  757,  678,  435,  624,  487,  657,  897,  274,  399,  593,  158,  634,  868,  668,  677,  530,  500,  878,  819,  826,  113,   95,  380,  782,  476,  805,  333,  791,  550,  770,  431,  473,  938,  243,  346,  305,  443,  665,  454,  245,  432,  773,  820,  139,  378,  839,  369,  108,  130,  373,  109,  146,  420,  831,  295,  704,  386,  729,   70,  766,  698,  113,  273,  739,  255,  818,  942,  846,  836,  636,  564,  764,  643,  450,  438,   59,  105,  726,  179,  453,  254,  113,  182,   51,  492,  492,  613,  597,   84,  660,  335,  181,  833,  589,  554,  532,  706,  567,  974,  614,  447,  593,  465,  665,   83,  797],
        [  714,    0,  379,  753,  664,  404,  655,  288,  413,  373,  694,  467,  609,  186,  215,  215,  442,  341,  419,  478,  449,  793,  237,  717,    0,  708,  146, 1009,  259,  366,  907,   62,  156,  612,  587,  867,  482,  464,  747,  501,  526,  379,  805,  916,  348,  444,  345,  214,  338,  511,  572,  678,  644,  291,  222,  157,  314,  645,  398,  366,  513,  960,  817,  806,  487,  889,  911,  622,  471,  156,  849,  529,  316,  383,  291,  803,  528,  874,  861,  379,  545,  480,  292,  708,  250,  580,  773,  205,  468,  758,  683,  591,  825,  799,  385,  922,  838,  744,  747,  103,  736,  848,  951,  612,  640,  336,  655,  672,  296,  260,  399,  582,  348,  312,   99,  307,  868,  680,  771,  115,  895,  298,  475,  637,  608,  676,  530,  741,  143,  345,  660,  629,  851,  785,  212,  373,  888,  454,  120,  178,  351,  359,  390,  146,  557,   54,  727,  645],
        [  407,    0,  772,  793,  706,  563,  580,  454, 1021,  410,  643, 1019,  803,  725,  507,  743,  947,  369, 1022,  286,  780,  313,  590,  731,  708,    0,  601,  310,  457,  553,  325,  646,  631,  458,  357,  454,  461,  449,  445,  361,  322,  403,  102,  292,  780,  265,  421,  853,  554,  788,  951,  142,  811,  902,  647,  812,  946,  202,  359,  500,  286,  262,  829,  806,  393,  192,  469,  162,  807,  623,  324,  227,  521,  855,  672,  579,  875,  597,  442,  988,  972,  592,  673,   50,  555,  651,  422,  626,  841,  836,  817,  945,  796,  672,  441,  218,  565,   64,  394,  622,  683,  150,  323,  646,  459,  404,  899,  131,  672,  574,  420,  134,  373,  445,  618,  744,  455,  751,  682,  609,  845,  733,  575,  759,  799,  735,  265,  283,  579,  367,  754,   89,  539,  622,  611,  341,  366,  288,  805,  730,  654,  942,  408,  592,  277,  699,  665,  131],
        [  683,    0,  476,  802,  706,  432,  668,  252,  557,  339,  717,  604,  681,  297,  180,  328,  570,  253,  562,  413,  537,  736,  100,  757,  146,  601,    0,  909,  146,  393,  837,  109,   44,  601,  551,  829,  336,  318,  721,  358,  386,  238,  701,  837,  451,  347,  309,  357,  197,  593,  682,  595,  713,  433,  113,  301,  459,  574,  345,  220,  378,  860,  865,  851,  460,  789,  870,  497,  563,   35,  788,  403,  328,  501,  185,  800,  628,  865,  821,  522,  663,  513,  368,  594,  106,  619,  740,   84,  569,  815,  747,  697,  865,  815,  368,  818,  827,  645,  710,   47,  763,  747,  873,  646,  627,  205,  741,  548,  189,  120,  255,  486,  278,  174,  132,  406,  830,  730,  793,   39,  934,  394,  504,  695,  679,  723,  467,  683,  148,  262,  714,  530,  833,  793,   83,  290,  829,  384,  266,  293,  232,  498,  359,  171,  500,  177,  751,  522],
        [  513,    0, 1016,  921,  857,  797,  722,  739, 1290,  678,  774, 1274,  985, 1004,  801, 1018, 1197,  669, 1290,  551, 1007,  361,  898,  863, 1009,  310,  909,    0,  764,  800,  252,  948,  940,  618,  543,  457,  750,  742,  531,  653,  612,  710,  208,  191, 1031,  566,  697, 1138,  858,  998, 1167,  346,  983, 1178,  956, 1101, 1224,  400,  633,  803,  584,   50,  939,  916,  619,  121,  441,  449, 1031,  932,  318,  530,  785, 1106,  978,  648, 1091,  628,  448, 1259, 1198,  802,  932,  327,  864,  828,  489,  935, 1069,  971,  976, 1154,  895,  759,  697,   96,  610,  266,  478,  927,  801,  162,  184,  810,  606,  713, 1081,  401,  979,  882,  723,  427,  665,  754,  916, 1002,  458,  901,  784,  915,  924,  992,  787,  926,  981,  885,  510,  378,  875,  665,  912,  381,  571,  707,  920,  637,  328,  566, 1099, 1011,  956, 1209,  671,  884,  502,  995,  784,  417],
        [  559,    0,  480,  737,  638,  370,  576,  158,  634,  231,  632,  662,  644,  340,  122,  369,  612,  112,  638,  277,  527,  597,  172,  686,  259,  457,  146,  764,    0,  333,  694,  199,  182,  491,  427,  698,  286,  264,  599,  268,  283,  146,  557,  692,  466,  201,  204,  441,  212,  571,  691,  450,  671,  507,  222,  389,  542,  432,  219,  196,  261,  715,  797,  780,  346,  644,  737,  364,  556,  173,  647,  271,  264,  530,  276,  691,  626,  751,  690,  598,  685,  447,  362,  453,  144,  552,  613,  194,  572,  759,  700,  699,  789,  722,  270,  674,  712,  499,  582,  166,  680,  602,  728,  573,  515,   88,  718,  414,  279,  171,  180,  340,  146,   87,  185,  420,  700,  669,  705,  153,  857,  407,  434,  643,  641,  659,  331,  544,  161,  123,  656,  384,  714,  693,  181,  149,  689,  245,  369,  341,  296,  564,  250,  184,  366,  263,  666,  387],
        [  381,    0,  220,  411,  314,   40,  289,  179,  496,  154,  330,  475,  314,  245,  222,  246,  399,  283,  495,  268,  231,  498,  475,  365,  366,  553,  393,  800,  333,    0,  628,  328,  434,  263,  276,  535,  609,  586,  406,  564,  562,  461,  624,  657,  232,  341,  160,  378,  541,  256,  405,  457,  339,  396,  504,  363,  444,  400,  207,  528,  522,  751,  473,  459,  182,  687,  581,  557,  260,  427,  558,  492,   69,  307,  574,  442,  331,  515,  531,  467,  420,  121,  139,  579,  459,  227,  440,  474,  291,  428,  368,  404,  473,  434,  115,  732,  480,  559,  420,  366,  374,  654,  689,  254,  290,  400,  394,  590,  578,  484,  500,  424,  242,  416,  282,  204,  536,  340,  407,  363,  542,  196,  113,  311,  310,  332,  295,  453,  250,  272,  326,  466,  499,  420,  469,  276,  588,  272,  387,  256,  612,  415,  149,  232,  298,  319,  364,  562],
        [  284,    0,  831,  680,  624,  616,  491,  620, 1123,  540,  537, 1093,  762,  859,  692,  867, 1011,  584, 1121,  430,  809,  134,  854,  624,  907,  325,  837,  252,  694,  628,    0,  847,  875,  404,  354,  206,  775,  760,  292,  675,  639,  689,  260,   63,  853,  497,  566,  995,  842,  790,  957,  249,  755, 1023,  909,  969, 1070,  264,  509,  792,  597,  226,  692,  670,  449,  217,  192,  484,  830,  866,   77,  533,  632,  924,  949,  399,  884,  377,  197, 1095,  995,  602,  766,  370,  821,  607,  247,  884,  871,  730,  744,  941,  648,  511,  544,  257,  360,  262,  244,  843,  559,  231,   74,  585,  385,  670,  855,  454,  951,  844,  714,  372,  564,  712,  808,  831,  207,  667,  539,  833,  674,  824,  589,  698,  758,  651,  377,  175,  765,  576,  681,  341,  320,  460,  870,  548,   77,  456,  977,  868,  943, 1043,  527,  767,  352,  881,  543,  455],
        [  661,    0,  376,  727,  634,  367,  615,  231,  453,  318,  657,  497,  593,  191,  156,  222,  462,  279,  458,  418,  441,  735,  207,  687,   62,  646,  109,  948,  199,  328,  847,    0,  134,  564,  532,  813,  439,  420,  696,  450,  473,  326,  743,  856,  349,  383,  289,  254,  305,  499,  578,  617,  626,  327,  208,  198,  356,  585,  339,  325,  457,  898,  791,  778,  434,  827,  856,  563,  465,  130,  791,  470,  271,  394,  280,  758,  527,  828,  807,  417,  557,  445,  275,  647,  213,  549,  720,  183,  468,  735,  663,  594,  795,  760,  333,  861,  791,  682,  693,   63,  701,  786,  891,  579,  592,  280,  646,  612,  285,  228,  349,  521,  287,  259,   46,  304,  814,  654,  734,   71,  865,  293,  439,  614,  591,  649,  471,  683,   87,  283,  636,  567,  802,  744,  187,  311,  830,  394,  171,  185,  334,  391,  335,   97,  499,   71,  691,  585],
        [  725,    0,  508,  843,  747,  474,  711,  295,  568,  382,  760,  622,  719,  324,  223,  355,  593,  292,  575,  454,  572,  776,   83,  799,  156,  631,   44,  940,  182,  434,  875,  134,    0,  644,  594,  871,  334,  318,  764,  368,  399,  254,  732,  874,  482,  382,  352,  370,  183,  628,  711,  631,  751,  447,   75,  312,  469,  613,  387,  217,  396,  892,  906,  892,  503,  821,  911,  520,  597,   10,  827,  426,  370,  527,  148,  843,  660,  908,  863,  534,  690,  555,  404,  622,  102,  660,  782,   50,  601,  855,  786,  727,  907,  859,  411,  848,  870,  677,  752,   75,  806,  779,  909,  688,  670,  230,  776,  572,  153,  106,  264,  520,  318,  194,  166,  437,  872,  771,  836,   74,  976,  426,  546,  735,  717,  764,  508,  723,  187,  301,  754,  563,  876,  836,   57,  329,  869,  423,  273,  318,  201,  514,  402,  210,  541,  197,  794,  546],
        [  126,    0,  437,  336,  251,  237,  123,  350,  737,  264,  187,  697,  368,  507,  423,  507,  614,  393,  734,  254,  408,  270,  661,  274,  612,  458,  601,  618,  491,  263,  404,  564,  644,    0,  104,  276,  710,  688,  144,  633,  615,  572,  489,  446,  463,  377,  293,  639,  697,  387,  555,  322,  367,  650,  703,  626,  698,  258,  276,  666,  567,  576,  376,  354,  146,  524,  322,  537,  428,  635,  328,  512,  298,  531,  765,  200,  481,  265,  273,  712,  592,  203,  394,  500,  635,  210,  182,  673,  469,  379,  366,  539,  348,  244,  234,  573,  228,  434,  168,  587,  231,  503,  473,  195,   29,  522,  463,  547,  768,  661,  610,  366,  349,  555,  519,  450,  276,  296,  240,  580,  405,  445,  192,  312,  363,  280,  227,  241,  478,  379,  302,  388,  240,  206,  664,  363,  348,  285,  648,  518,  786,  659,  244,  468,  196,  571,  213,  526],
        [  132,    0,  480,  438,  350,  264,  226,  304,  770,  216,  291,  742,  454,  512,  381,  517,  661,  320,  768,  165,  465,  223,  599,  376,  587,  357,  551,  543,  427,  276,  354,  532,  594,  104,    0,  281,  622,  600,  172,  540,  519,  489,  395,  386,  500,  286,  246,  648,  624,  457,  625,  225,  458,  671,  646,  626,  719,  160,  209,  588,  470,  497,  479,  457,  102,  440,  325,  434,  489,  585,  283,  414,  286,  573,  703,  277,  549,  329,  275,  742,  657,  260,  414,  398,  570,  298,  190,  617,  528,  481,  462,  613,  451,  341,  204,  488,  290,  337,  161,  544,  334,  414,  416,  290,  113,  444,  551,  444,  706,  597,  526,  263,  282,  480,  489,  478,  282,  395,  341,  536,  507,  470,  245,  405,  450,  379,  128,  179,  446,  308,  399,  285,  287,  298,  606,  286,  314,  198,  640,  521,  718,  690,  198,  442,   94,  552,  317,  423],
        [  156,    0,  709,  488,  447,  512,  324,  585, 1010,  497,  356,  966,  595,  779,  661,  780,  883,  588, 1008,  423,  673,  141,  869,  438,  867,  454,  829,  457,  698,  535,  206,  813,  871,  276,  281,    0,  849,  831,  133,  756,  725,  736,  424,  267,  737,  528,  526,  912,  881,  642,  802,  327,  581,  925,  919,  896,  973,  298,  485,  839,  678,  430,  494,  472,  381,  408,   47,  594,  689,  862,  148,  614,  560,  802,  972,  200,  733,  172,   12,  986,  847,  474,  669,  503,  839,  450,   96,  891,  731,  539,  564,  782,  448,  312,  482,  453,  156,  400,  121,  824,  370,  410,  276,  421,  249,  701,  682,  579,  974,  864,  768,  440,  554,  740,  769,  725,    2,  487,  344,  816,  470,  720,  465,  525,  591,  471,  371,  180,  727,  576,  504,  430,  115,  264,  879,  551,  129,  456,  915,  789,  980,  933,  479,  722,  334,  831,  356,  571],
        [  739,    0,  765,  999,  899,  643,  816,  431,  891,  480,  877,  932,  923,  614,  408,  644,  890,  334,  896,  458,  813,  721,  254,  943,  482,  461,  336,  750,  286,  609,  775,  439,  334,  710,  622,  849,    0,   24,  783,  101,  140,  149,  556,  750,  750,  336,  460,  692,  159,  855,  976,  535,  947,  765,  296,  635,  794,  553,  445,  117,  178,  708, 1055, 1036,  572,  645,  879,  304,  841,  331,  754,  243,  542,  811,  276,  898,  912,  946,  839,  856,  969,  716,  648,  428,  233,  816,  782,  295,  858, 1026,  973,  985, 1040,  953,  525,  655,  907,  523,  749,  381,  925,  604,  783,  832,  729,  210, 1001,  350,  274,  229,  110,  413,  380,  200,  446,  704,  851,  934,  944,  370, 1105,  691,  701,  914,  919,  923,  498,  673,  436,  347,  925,  435,  897,  915,  282,  355,  798,  426,  601,  612,  229,  829,  496,  462,  535,  510,  909,  336],
        [  718,    0,  743,  975,  875,  620,  793,  408,  872,  456,  854,  912,  899,  593,  385,  623,  869,  311,  877,  437,  790,  703,  239,  920,  464,  449,  318,  742,  264,  586,  760,  420,  318,  688,  600,  831,   24,    0,  762,   90,  130,  125,  546,  737,  728,  314,  437,  673,  149,  832,  954,  519,  924,  746,  284,  617,  775,  534,  422,  102,  164,  699, 1032, 1013,  549,  635,  861,  294,  818,  315,  737,  228,  519,  789,  270,  877,  889,  925,  820,  837,  947,  692,  625,  418,  217,  792,  762,  282,  835, 1003,  950,  962, 1017,  931,  502,  647,  886,  510,  729,  362,  902,  593,  770,  809,  707,  187,  977,  342,  268,  215,   87,  396,  356,  178,  426,  682,  832,  911,  921,  352, 1082,  669,  678,  891,  896,  900,  477,  655,  415,  324,  901,  419,  877,  893,  268,  332,  782,  405,  584,  591,  227,  809,  473,  440,  514,  490,  887,  326],
        [   44,    0,  577,  391,  333,  381,  201,  472,  878,  383,  245,  834,  474,  650,  548,  650,  751,  492,  875,  332,  542,  171,  771,  334,  747,  445,  721,  531,  599,  406,  292,  696,  764,  144,  172,  133,  783,  762,    0,  696,  670,  656,  446,  345,  605,  450,  413,  782,  794,  513,  676,  305,  464,  793,  818,  768,  841,  253,  381,  756,  622,  495,  410,  387,  263,  456,  179,  561,  559,  755,  217,  560,  436,  670,  875,  135,  606,  164,  132,  854,  719,  342,  538,  493,  742,  323,   46,  788,  601,  440,  452,  658,  369,  236,  363,  505,  127,  403,   56,  712,  270,  446,  365,  297,  117,  614,  565,  558,  878,  769,  692,  392,  454,  651,  651,  593,  133,  375,  255,  704,  408,  588,  332,  408,  470,  359,  287,  171,  609,  479,  389,  397,  116,  184,  778,  457,  225,  366,  788,  661,  889,  800,  364,  602,  249,  708,  254,  543],
        [  652,    0,  740,  936,  836,  594,  744,  389,  898,  422,  807,  929,  875,  607,  384,  636,  879,  281,  902,  380,  780,  625,  297,  878,  501,  361,  358,  653,  268,  564,  675,  450,  368,  633,  540,  756,  101,   90,  696,    0,   42,  125,  457,  650,  729,  257,  407,  701,  222,  816,  949,  438,  897,  771,  349,  647,  804,  459,  380,  167,   79,  610,  989,  970,  500,  546,  784,  205,  809,  363,  656,  145,  500,  795,  346,  815,  881,  859,  745,  862,  947,  661,  622,  329,  268,  757,  692,  340,  830,  966,  919,  955,  971,  877,  468,  558,  821,  423,  659,  398,  855,  505,  683,  769,  650,  181,  958,  253,  345,  274,  104,  317,  324,  192,  447,  683,  757,  874,  870,  386, 1034,  670,  645,  859,  871,  862,  414,  578,  427,  293,  867,  336,  809,  836,  325,  293,  700,  350,  619,  607,  311,  830,  436,  451,  450,  519,  839,  237],
        [  626,    0,  746,  924,  825,  591,  728,  392,  916,  416,  792,  944,  870,  622,  394,  650,  891,  281,  920,  362,  783,  592,  331,  865,  526,  322,  386,  612,  283,  562,  639,  473,  399,  615,  519,  725,  140,  130,  670,   42,    0,  148,  417,  612,  737,  241,  404,  722,  261,  816,  954,  404,  891,  789,  384,  669,  824,  429,  371,  206,   49,  569,  976,  956,  486,  505,  752,  164,  812,  393,  622,  112,  501,  805,  385,  793,  884,  834,  714,  881,  955,  655,  629,  289,  300,  747,  664,  374,  835,  956,  912,  958,  956,  858,  462,  517,  796,  384,  632,  424,  839,  464,  644,  758,  630,  196,  955,  212,  384,  309,  136,  286,  321,  215,  466,  693,  727,  864,  853,  412, 1017,  680,  639,  852,  867,  852,  392,  547,  443,  291,  858,  302,  782,  816,  358,  287,  666,  334,  643,  623,  351,  846,  429,  466,  428,  541,  823,  197],
