{
    "name": "random-24-25492",
    "comment": "size=24 seed=25492",
    "nodes": ["+0", "-0", "+1", "-1", "+2", "-2", "+3", "-3", "+4", "-4", "+5", "-5", "+6", "-6", "+7", "-7", "+8", "-8", "+9", "-9", "+10", "-10", "+11", "-11", "+12", "-12", "+13", "-13", "+14", "-14", "+15", "-15", "+16", "-16", "+17", "-17", "+18", "-18", "+19", "-19", "+20", "-20", "+21", "-21", "+22", "-22", "+23", "-23", "+24", "-24"],
    "precedence": {
        "+0": "-0",
        "+1": "-1",
        "+2": "-2",
        "+3": "-3",
        "+4": "-4",
        "+5": "-5",
        "+6": "-6",
        "+7": "-7",
        "+8": "-8",
        "+9": "-9",
        "+10": "-10",
        "+11": "-11",
        "+12": "-12",
        "+13": "-13",
        "+14": "-14",
        "+15": "-15",
        "+16": "-16",
        "+17": "-17",
        "+18": "-18",
        "+19": "-19",
        "+20": "-20",
        "+21": "-21",
        "+22": "-22",
        "+23": "-23",
        "+24": "-24"
    },
    "edges": [
        [    0,    0, 1006, 1000,  893,  864,  602,  356,  740,  481,  659,  930,  802,  822,  679,  714,  431,  887,  867,  730,  570,  347,  269,  937,  318,  716, 1151,  398,  871,  861,  865,  942,  640,  851,  829,  287,  742,  701,  364,  968,  544,  527,  813,  492,  656,  926,  483, 1238,  179, 1028],
        [    0,    0, 1006, 1000,  893,  864,  602,  356,  740,  481,  659,  930,  802,  822,  679,  714,  431,  887,  867,  730,  570,  347,  269,  937,  318,  716, 1151,  398,  871,  861,  865,  942,  640,  851,  829,  287,  742,  701,  364,  968,  544,  527,  813,  492,  656,  926,  483, 1238,  179, 1028],
        [ 1006, 1006,    0,  368,  159,  246,  431,  921,  648,  672,  800,  249,  393,  514,  576,  571,  797,  447,  167,  499,  704,  680,  744,  339,  710,  814,  217,  740,  829,  414,  329,  589,  370,  222,  242,  771,  387,  308,  816,  122,  837,  636,  342,  532,  499,  193,  636,  336, 1024,  242],
        [ 1000, 1000,  368,    0,  260,  552,  586,  789,  913,  546,  557,  138,  198,  810,  366,  828,  654,  766,  450,  290,  516,  655,  737,   68,  778,  549,  280,  633,  511,  726,  143,  242,  501,  514,  242,  718,  261,  404,  700,  474,  638,  816,  631,  523,  349,  195,  793,  292,  953,  136],
        [  893,  893,  159,  260,    0,  293,  369,  775,  664,  522,  642,  123,  237,  553,  418,  580,  647,  507,  191,  341,  548,  554,  626,  211,  618,  656,  261,  595,  676,  467,  180,  451,  290,  255,   84,  640,  229,  201,  671,  230,  681,  596,  373,  405,  343,   67,  584,  361,  893,  178],
        [  864,  864,  246,  552,  293,    0,  263,  866,  403,  644,  835,  415,  489,  271,  623,  327,  762,  215,  102,  565,  713,  583,  626,  502,  549,  865,  462,  689,  921,  176,  457,  729,  249,   40,  335,  680,  447,  260,  761,  138,  837,  418,   97,  457,  529,  358,  430,  581,  921,  454],
        [  602,  602,  431,  586,  369,  263,    0,  628,  362,  439,  666,  462,  439,  325,  489,  281,  542,  345,  274,  462,  532,  334,  367,  520,  289,  708,  618,  461,  801,  306,  451,  680,   86,  250,  347,  430,  372,  183,  527,  371,  637,  231,  228,  236,  396,  427,  215,  727,  663,  542],
        [  356,  356,  921,  789,  775,  866,  628,    0,  906,  255,  324,  765,  603,  933,  426,  850,  136,  969,  827,  500,  281,  297,  300,  738,  450,  377, 1006,  182,  533,  932,  678,  664,  618,  839,  695,  210,  565,  629,  107,  927,  202,  682,  853,  410,  451,  782,  630, 1066,  208,  859],
        [  740,  740,  648,  913,  664,  403,  362,  906,    0,  772, 1013,  779,  792,  153,  850,   86,  854,  243,  492,  824,  876,  618,  608,  853,  463, 1059,  864,  770, 1161,  254,  790, 1037,  438,  429,  673,  696,  728,  525,  820,  537,  966,  226,  307,  577,  757,  730,  278,  982,  868,  838],
        [  481,  481,  672,  546,  522,  644,  439,  255,  772,    0,  247,  511,  353,  762,  199,  701,  126,  780,  592,  259,  114,  191,  261,  491,  383,  300,  752,   89,  433,  740,  427,  462,  404,  613,  441,  198,  311,  393,  156,  688,  199,  568,  650,  203,  200,  528,  519,  815,  409,  606],
        [  659,  659,  800,  557,  642,  835,  666,  324, 1013,  247,    0,  583,  414,  990,  224,  939,  230,  997,  763,  303,  137,  432,  492,  525,  626,   58,  818,  288,  213,  955,  490,  372,  616,  799,  559,  409,  415,  576,  296,  848,  122,  813,  859,  437,  310,  622,  765,  848,  530,  661],
        [  930,  930,  249,  138,  123,  415,  462,  765,  779,  511,  583,    0,  171,  673,  367,  694,  631,  629,  313,  285,  511,  584,  663,   92,  681,  589,  243,  594,  586,  589,   94,  341,  378,  377,  117,  660,  201,  282,  666,  344,  642,  693,  494,  440,  314,   60,  674,  310,  907,   98],
        [  802,  802,  393,  198,  237,  489,  439,  603,  792,  353,  414,  171,    0,  714,  196,  707,  468,  690,  397,  114,  341,  458,  541,  138,  591,  423,  412,  439,  442,  647,   78,  247,  356,  450,  162,  521,   72,  268,  508,  461,  472,  660,  546,  331,  154,  209,  630,  464,  758,  259],
        [  822,  822,  514,  810,  553,  271,  325,  933,  153,  762,  990,  673,  714,    0,  804,  116,  860,   90,  368,  764,  856,  636,  646,  754,  518, 1030,  730,  778, 1115,  104,  699,  960,  380,  303,  577,  725,  657,  449,  837,  397,  960,  298,  180,  560,  708,  619,  339,  849,  928,  721],
        [  679,  679,  576,  366,  418,  623,  489,  426,  850,  199,  224,  367,  196,  804,    0,  769,  291,  800,  545,   83,  150,  363,  443,  321,  539,  244,  606,  286,  313,  757,  273,  265,  424,  586,  336,  393,  191,  368,  343,  626,  277,  675,  657,  292,   97,  401,  634,  651,  602,  452],
        [  714,  714,  571,  828,  580,  327,  281,  850,   86,  701,  939,  694,  707,  116,  769,    0,  789,  201,  411,  741,  803,  557,  556,  767,  418,  983,  786,  705, 1081,  198,  705,  953,  354,  350,  588,  640,  644,  439,  759,  464,  897,  188,  231,  502,  676,  646,  234,  904,  828,  755],
        [  431,  431,  797,  654,  647,  762,  542,  136,  854,  126,  230,  631,  468,  860,  291,  789,    0,  886,  714,  365,  151,  238,  278,  603,  425,  287,  873,   84,  441,  847,  544,  536,  518,  732,  566,  188,  432,  515,   68,  812,  127,  638,  761,  310,  317,  651,  587,  931,  320,  724],
        [  887,  887,  447,  766,  507,  215,  345,  969,  243,  780,  997,  629,  690,   90,  800,  201,  886,    0,  317,  752,  867,  673,  692,  714,  575, 1034,  661,  806, 1108,   44,  666,  934,  382,  252,  543,  766,  639,  435,  870,  327,  979,  370,  145,  579,  703,  573,  406,  780,  981,  668],
        [  867,  867,  167,  450,  191,  102,  274,  827,  492,  592,  763,  313,  397,  368,  545,  411,  714,  317,    0,  481,  648,  559,  614,  400,  560,  789,  376,  646,  834,  278,  359,  631,  228,   66,  238,  655,  361,  200,  720,  103,  776,  470,  189,  420,  454,  256,  472,  494,  904,  354],
        [  730,  730,  499,  290,  341,  565,  462,  500,  824,  259,  303,  285,  114,  764,   83,  741,  365,  752,  481,    0,  230,  398,  480,  241,  557,  316,  524,  348,  357,  709,  191,  235,  389,  527,  261,  444,  121,  318,  412,  556,  360,  665,  608,  297,   82,  320,  628,  571,  668,  370],
        [  570,  570,  704,  516,  548,  713,  532,  281,  876,  114,  137,  511,  341,  856,  150,  803,  151,  867,  648,  230,    0,  304,  370,  470,  497,  187,  752,  176,  321,  825,  419,  386,  485,  679,  464,  298,  321,  455,  212,  739,  134,  677,  730,  301,  206,  540,  630,  800,  470,  599],
        [  347,  347,  680,  655,  554,  583,  334,  297,  618,  191,  432,  584,  458,  636,  363,  557,  238,  673,  559,  398,  304,    0,   83,  592,  195,  487,  809,  156,  623,  637,  518,  625,  337,  560,  486,   98,  396,  373,  203,  662,  358,  400,  561,  150,  319,  582,  349,  892,  346,  682],
        [  269,  269,  744,  737,  626,  626,  367,  300,  608,  261,  492,  663,  541,  646,  443,  556,  278,  692,  614,  480,  370,   83,    0,  673,  152,  548,  883,  205,  691,  660,  599,  706,  387,  608,  561,   94,  477,  437,  226,  717,  403,  383,  593,  224,  402,  657,  332,  970,  296,  760],
        [  937,  937,  339,   68,  211,  502,  520,  738,  853,  491,  525,   92,  138,  754,  321,  767,  603,  714,  400,  241,  470,  592,  673,    0,  711,  523,  294,  577,  505,  673,   76,  251,  435,  463,  180,  657,  196,  339,  646,  436,  597,  750,  577,  457,  292,  151,  726,  330,  896,  138],
        [  318,  318,  710,  778,  618,  549,  289,  450,  463,  383,  626,  681,  591,  518,  539,  418,  425,  575,  560,  557,  497,  195,  152,  711,    0,  681,  877,  346,  815,  547,  635,  791,  340,  538,  569,  245,  521,  417,  377,  659,  548,  237,  496,  262,  476,  662,  187,  976,  411,  774],
        [  716,  716,  814,  549,  656,  865,  708,  377, 1059,  300,   58,  589,  423, 1030,  244,  983,  287, 1034,  789,  316,  187,  487,  548,  523,  681,    0,  817,  345,  157,  992,  496,  346,  653,  828,  576,  467,  433,  607,  354,  870,  176,  863,  894,  483,  337,  631,  816,  839,  585,  661],
        [ 1151, 1151,  217,  280,  261,  462,  618, 1006,  864,  752,  818,  243,  412,  730,  606,  786,  873,  661,  376,  524,  752,  809,  883,  294,  877,  817,    0,  833,  790,  630,  334,  521,  545,  436,  324,  891,  442,  461,  906,  335,  883,  837,  558,  660,  556,  228,  831,  120, 1141,  157],
        [  398,  398,  740,  633,  595,  689,  461,  182,  770,   89,  288,  594,  439,  778,  286,  705,   84,  806,  646,  348,  176,  156,  205,  577,  346,  345,  833,    0,  491,  767,  512,  546,  442,  661,  517,  124,  393,  448,   76,  746,  203,  555,  683,  233,  286,  607,  504,  900,  321,  690],
        [  871,  871,  829,  511,  676,  921,  801,  533, 1161,  433,  213,  586,  442, 1115,  313, 1081,  441, 1108,  834,  357,  321,  623,  691,  505,  815,  157,  790,  491,    0, 1064,  500,  275,  736,  882,  603,  614,  475,  673,  508,  903,  332,  979,  964,  593,  408,  637,  934,  790,  741,  639],
        [  861,  861,  414,  726,  467,  176,  306,  932,  254,  740,  955,  589,  647,  104,  757,  198,  847,   44,  278,  709,  825,  637,  660,  673,  547,  992,  630,  767, 1064,    0,  624,  891,  340,  212,  501,  731,  596,  392,  832,  296,  938,  352,  102,  539,  660,  533,  385,  748,  950,  630],
        [  865,  865,  329,  143,  180,  457,  451,  678,  790,  427,  490,   94,   78,  699,  273,  705,  544,  666,  359,  191,  419,  518,  599,   76,  635,  496,  334,  512,  500,  624,    0,  273,  366,  418,  124,  587,  123,  270,  583,  410,  550,  679,  525,  382,  228,  139,  654,  389,  829,  181],
        [  942,  942,  589,  242,  451,  729,  680,  664, 1037,  462,  372,  341,  247,  960,  265,  953,  536,  934,  631,  235,  386,  625,  706,  251,  791,  346,  521,  546,  275,  891,  273,    0,  600,  689,  394,  658,  310,  515,  596,  680,  479,  894,  791,  532,  316,  398,  859,  516,  855,  375],
        [  640,  640,  370,  501,  290,  249,   86,  618,  438,  404,  616,  378,  356,  380,  424,  354,  518,  382,  228,  389,  485,  337,  387,  435,  340,  653,  545,  442,  736,  340,  366,  600,    0,  224,  263,  433,  291,   98,  513,  330,  601,  316,  247,  209,  329,  345,  297,  650,  679,  461],
        [  851,  851,  222,  514,  255,   40,  250,  839,  429,  613,  799,  377,  450,  303,  586,  350,  732,  252,   66,  527,  679,  560,  608,  463,  538,  828,  436,  661,  882,  212,  418,  689,  224,    0,  295,  657,  408,  225,  733,  127,  804,  424,  124,  429,  492,  321,  432,  554,  901,  419],
        [  829,  829,  242,  242,   84,  335,  347,  695,  673,  441,  559,  117,  162,  577,  336,  588,  566,  543,  238,  261,  464,  486,  561,  180,  569,  576,  324,  517,  603,  501,  124,  394,  263,  295,    0,  568,  146,  166,  592,  300,  598,  578,  402,  338,  259,   97,  558,  411,  819,  206],
        [  287,  287,  771,  718,  640,  680,  430,  210,  696,  198,  409,  660,  521,  725,  393,  640,  188,  766,  655,  444,  298,   98,   94,  657,  245,  467,  891,  124,  614,  731,  587,  658,  433,  657,  568,    0,  464,  465,  133,  758,  314,  473,  657,  240,  371,  663,  421,  969,  254,  757],
        [  742,  742,  387,  261,  229,  447,  372,  565,  728,  311,  415,  201,   72,  657,  191,  644,  432,  639,  361,  121,  321,  396,  477,  196,  521,  433,  442,  393,  475,  596,  123,  310,  291,  408,  146,  464,    0,  209,  466,  437,  454,  590,  495,  263,  117,  221,  559,  508,  708,  297],
        [  701,  701,  308,  404,  201,  260,  183,  629,  525,  393,  576,  282,  268,  449,  368,  439,  515,  435,  200,  318,  455,  373,  437,  339,  417,  607,  461,  448,  673,  392,  270,  515,   98,  225,  166,  465,  209,    0,  522,  299,  580,  413,  291,  227,  272,  251,  393,  561,  718,  366],
        [  364,  364,  816,  700,  671,  761,  527,  107,  820,  156,  296,  666,  508,  837,  343,  759,   68,  870,  720,  412,  212,  203,  226,  646,  377,  354,  906,   76,  508,  832,  583,  596,  513,  733,  592,  133,  466,  522,    0,  821,  188,  600,  750,  305,  355,  681,  548,  971,  260,  761],
        [  968,  968,  122,  474,  230,  138,  371,  927,  537,  688,  848,  344,  461,  397,  626,  464,  812,  327,  103,  556,  739,  662,  717,  436,  659,  870,  335,  746,  903,  296,  410,  680,  330,  127,  300,  758,  437,  299,  821,    0,  869,  551,  233,  522,  539,  285,  559,  454, 1007,  357],
        [  544,  544,  837,  638,  681,  837,  637,  202,  966,  199,  122,  642,  472,  960,  277,  897,  127,  979,  776,  360,  134,  358,  403,  597,  548,  176,  883,  203,  332,  938,  550,  479,  601,  804,  598,  314,  454,  580,  188,  869,    0,  755,  847,  402,  339,  673,  704,  926,  410,  729],
        [  527,  527,  636,  816,  596,  418,  231,  682,  226,  568,  813,  693,  660,  298,  675,  188,  638,  370,  470,  665,  677,  400,  383,  750,  237,  863,  837,  555,  979,  352,  679,  894,  316,  424,  578,  473,  590,  413,  600,  551,  755,    0,  336,  386,  590,  656,   52,  949,  644,  771],
        [  813,  813,  342,  631,  373,   97,  228,  853,  307,  650,  859,  494,  546,  180,  657,  231,  761,  145,  189,  608,  730,  561,  593,  577,  496,  894,  558,  683,  964,  102,  525,  791,  247,  124,  402,  657,  495,  291,  750,  233,  847,  336,    0,  451,  561,  440,  356,  676,  887,  542],
        [  492,  492,  532,  523,  405,  457,  236,  410,  577,  203,  437,  440,  331,  560,  292,  502,  310,  579,  420,  297,  301,  150,  224,  457,  262,  483,  660,  233,  593,  539,  382,  532,  209,  429,  338,  240,  263,  227,  305,  522,  402,  386,  451,    0,  217,  434,  343,  747,  493,  537],
        [  656,  656,  499,  349,  343,  529,  396,  451,  757,  200,  310,  314,  154,  708,   97,  676,  317,  703,  454,   82,  206,  319,  402,  292,  476,  337,  556,  286,  408,  660,  228,  316,  329,  492,  259,  371,  117,  272,  355,  539,  339,  590,  561,  217,    0,  337,  552,  616,  605,  408],
        [  926,  926,  193,  195,   67,  358,  427,  782,  730,  528,  622,   60,  209,  619,  401,  646,  651,  573,  256,  320,  540,  582,  657,  151,  662,  631,  228,  607,  637,  533,  139,  398,  345,  321,   97,  663,  221,  251,  681,  285,  673,  656,  440,  434,  337,    0,  641,  315,  913,  116],
        [  483,  483,  636,  793,  584,  430,  215,  630,  278,  519,  765,  674,  630,  339,  634,  234,  587,  406,  472,  628,  630,  349,  332,  726,  187,  816,  831,  504,  934,  385,  654,  859,  297,  432,  558,  421,  559,  393,  548,  559,  704,   52,  356,  343,  552,  641,    0,  941,  595,  757],
        [ 1238, 1238,  336,  292,  361,  581,  727, 1066,  982,  815,  848,  310,  464,  849,  651,  904,  931,  780,  494,  571,  800,  892,  970,  330,  976,  839,  120,  900,  790,  748,  389,  516,  650,  554,  411,  969,  508,  561,  971,  454,  926,  949,  676,  747,  616,  315,  941,    0, 1215,  212],
        [  179,  179, 1024,  953,  893,  921,  663,  208,  868,  409,  530,  907,  758,  928,  602,  828,  320,  981,  904,  668,  470,  346,  296,  896,  411,  585, 1141,  321,  741,  950,  829,  855,  679,  901,  819,  254,  708,  718,  260, 1007,  410,  644,  887,  493,  605,  913,  595, 1215,    0, 1004],
        [ 1028, 1028,  242,  136,  178,  454,  542,  859,  838,  606,  661,   98,  259,  721,  452,  755,  724,  668,  354,  370,  599,  682,  760,  138,  774,  661,  157,  690,  639,  630,  181,  375,  461,  419,  206,  757,  297,  366,  761,  357,  729,  771,  542,  537,  408,  116,  757,  212, 1004,    0]
    ]
}
