{
    "name": "random-85-1257",
    "comment": "size=85 seed=1257",
    "nodes": ["+0", "-0", "+1", "-1", "+2", "-2", "+3", "-3", "+4", "-4", "+5", "-5", "+6", "-6", "+7", "-7", "+8", "-8", "+9", "-9", "+10", "-10", "+11", "-11", "+12", "-12", "+13", "-13", "+14", "-14", "+15", "-15", "+16", "-16", "+17", "-17", "+18", "-18", "+19", "-19", "+20", "-20", "+21", "-21", "+22", "-22", "+23", "-23", "+24", "-24", "+25", "-25", "+26", "-26", "+27", "-27", "+28", "-28", "+29", "-29", "+30", "-30", "+31", "-31", "+32", "-32", "+33", "-33", "+34", "-34", "+35", "-35", "+36", "-36", "+37", "-37", "+38", "-38", "+39", "-39", "+40", "-40", "+41", "-41", "+42", "-42", "+43", "-43", "+44", "-44", "+45", "-45", "+46", "-46", "+47", "-47", "+48", "-48", "+49", "-49", "+50", "-50", "+51", "-51", "+52", "-52", "+53", "-53", "+54", "-54", "+55", "-55", "+56", "-56", "+57", "-57", "+58", "-58", "+59", "-59", "+60", "-60", "+61", "-61", "+62", "-62", "+63", "-63", "+64", "-64", "+65", "-65", "+66", "-66", "+67", "-67", "+68", "-68", "+69", "-69", "+70", "-70", "+71", "-71", "+72", "-72", "+73", "-73", "+74", "-74", "+75", "-75", "+76", "-76", "+77", "-77", "+78", "-78", "+79", "-79", "+80", "-80", "+81", "-81", "+82", "-82", "+83", "-83", "+84", "-84", "+85", "-85"],
    "precedence": {
        "+0": "-0",
        "+1": "-1",
        "+2": "-2",
        "+3": "-3",
        "+4": "-4",
        "+5": "-5",
        "+6": "-6",
        "+7": "-7",
        "+8": "-8",
        "+9": "-9",
        "+10": "-10",
        "+11": "-11",
        "+12": "-12",
        "+13": "-13",
        "+14": "-14",
        "+15": "-15",
        "+16": "-16",
        "+17": "-17",
        "+18": "-18",
        "+19": "-19",
        "+20": "-20",
        "+21": "-21",
        "+22": "-22",
        "+23": "-23",
        "+24": "-24",
        "+25": "-25",
        "+26": "-26",
        "+27": "-27",
        "+28": "-28",
        "+29": "-29",
        "+30": "-30",
        "+31": "-31",
        "+32": "-32",
        "+33": "-33",
        "+34": "-34",
        "+35": "-35",
        "+36": "-36",
        "+37": "-37",
        "+38": "-38",
        "+39": "-39",
        "+40": "-40",
        "+41": "-41",
        "+42": "-42",
        "+43": "-43",
        "+44": "-44",
        "+45": "-45",
        "+46": "-46",
        "+47": "-47",
        "+48": "-48",
        "+49": "-49",
        "+50": "-50",
        "+51": "-51",
        "+52": "-52",
        "+53": "-53",
        "+54": "-54",
        "+55": "-55",
        "+56": "-56",
        "+57": "-57",
        "+58": "-58",
        "+59": "-59",
        "+60": "-60",
        "+61": "-61",
        "+62": "-62",
        "+63": "-63",
        "+64": "-64",
        "+65": "-65",
        "+66": "-66",
        "+67": "-67",
        "+68": "-68",
        "+69": "-69",
        "+70": "-70",
        "+71": "-71",
        "+72": "-72",
        "+73": "-73",
        "+74": "-74",
        "+75": "-75",
        "+76": "-76",
        "+77": "-77",
        "+78": "-78",
        "+79": "-79",
        "+80": "-80",
        "+81": "-81",
        "+82": "-82",
        "+83": "-83",
        "+84": "-84",
        "+85": "-85"
    },
    "edges": [
        [    0,    0,  777,  569,  405,  367,  935,  240,  366,  750,  475,  235,  332,  362,  599,  423,  384,  320,  436,  242,  693,  137,  350,  697,  191,  235,  294,  672,  353,  664,  891,  653,  238,  609,  381,  226,  501,  836,  402,  533,  439,  142,  602,  206,  321,  444,  135,  485,  506,  483,  395,  642,  231,  278,   72,  291,  752,  204,  635,  415,  774,  494,  477,  527,  316,  677,  113,  881,  113,  599,  209,   71,  252,  136,  249,  425,  407,  178,  165,  344,  103,  686,  180,  614,  337,  583,  495,  426,  349,   86,  515,  666,  188,  631,  853,  907,  564,  584,  322,  536,   78,  590,  389,  630,  551,  295,  464,  397,  393,  536,  748,  320,  328,  522,  342,  408,  160,  536,  591,  434,  736,  674,  343,  735,  178,  516,  735,  540,  532,  390,  454,  569,  378,  204,  350,  281,  136,  402,  518,  480,  626,  549,  307,  203,  348,  287,  224,  599,  367,  818,  286,  428,  115,  362,  440,  478,  793,  521,  558,  597,  171,  422,  350,  263,  400,  404,  380,  308,  231,  928,  436,  109],
        [    0,    0,    0,    0,    0,    0,    0,    0,    0,    0,    0,    0,    0,    0,    0,    0,    0,    0,    0,    0,    0,    0,    0,    0,    0,    0,    0,    0,    0,    0,    0,    0,    0,    0,    0,    0,    0,    0,    0,    0,    0,    0,    0,    0,    0,    0,    0,    0,    0,    0,    0,    0,    0,    0,    0,    0,    0,    0,    0,    0,    0,    0,    0,    0,    0,    0,    0,    0,    0,    0,    0,    0,    0,    0,    0,    0,    0,    0,    0,    0,    0,    0,    0,    0,    0,    0,    0,    0,    0,    0,    0,    0,    0,    0,    0,    0,    0,    0,    0,    0,    0,    0,    0,    0,    0,    0,    0,    0,    0,    0,    0,    0,    0,    0,    0,    0,    0,    0,    0,    0,    0,    0,    0,    0,    0,    0,    0,    0,    0,    0,    0,    0,    0,    0,    0,    0,    0,    0,    0,    0,    0,    0,    0,    0,    0,    0,    0,    0,    0,    0,    0,    0,    0,    0,    0,    0,    0,    0,    0,    0,    0,    0,    0,    0,    0,    0,    0,    0,    0,    0,    0,    0],
        [  777,    0,    0,  519,  377,  423,  810,  974,  637,  508, 1132, 1009,  513,  732, 1205,  792,  769, 1011,  344,  963,  845,  777,  455,  363,  890,  859,  587,  763,  572,  187,  749,  718,  988, 1207,  738,  849,  415,  119,  435,  363,  647,  898, 1045,  664,  458,  741,  685,  468,  427, 1003,  897,  159,  547,  499,  720,  794,  340,  929,  199,  821,  115,  659,  328,  877, 1031,  182,  890,  808,  703,  958,  813,  716,  973,  859,  843,  572,  394,  801,  935,  435,  874,  398,  942,  628,  947, 1160,  972,  359,  634,  746, 1027,  397,  837,  869,  792,  819,  313, 1036,  694,  283,  853, 1237,  546,  919,  764,  914,  316,  601,  872,  470,  863,  955,  479,  732,  967,  406,  676,  792,  865,  380,  742,  854,  548,  588,  799,  993,  615,  833,  604,  532,  334, 1072,  645,  639,  659,  799,  897,  541,  362,  782,  470,  345,  606,  887, 1089,  933,  830,  206, 1052,  747,  577, 1115,  842,  751,  381,  492,  675, 1168,  972, 1001,  828, 1124,  763,  517, 1076,  479, 1017,  672,  666,  781,  343,  730],
        [  569,    0,  519,    0,  338,  453,  405,  808,  226,  185,  714,  776,  557,  777,  751,  325,  321,  641,  413,  810,  329,  478,  290,  201,  565,  772,  606,  249,  217,  332,  350,  205,  677,  748,  793,  493,  620,  634,  230,  601,  181,  709,  549,  367,  423,  264,  434,  107,  125,  540,  896,  373,  419,  410,  498,  772,  262,  772,  543,  359,  601,  162,  483,  378,  676,  338,  654,  370,  575,  452,  730,  500,  637,  700,  472,  149,  477,  702,  721,  408,  665,  169,  658,  114,  880,  697,  498,  326,  238,  492,  556,  156,  503,  352,  344,  391,  583,  544,  294,  277,  637,  800,  181,  404,  251,  527,  410,  183,  426,   63,  353,  871,  297,  225,  891,  501,  584,  284,  352,  260,  252,  335,  229,  172,  471,  515,  180,  327,   93,  181,  443,  592,  222,  365,  715,  408,  702,  653,  584,  290,   75,  187,  264,  552,  747,  839,  749,  336,  668,  299,  286,  721,  559,  316,  249,  671,  249,  739,  477,  499,  713,  739,  789,  385,  680,  592,  610,  696,  633,  389,  356,  467],
        [  405,    0,  377,  338,    0,  120,  738,  620,  316,  464,  769,  640,  233,  470,  856,  476,  444,  640,   83,  612,  630,  402,   92,  354,  515,  529,  296,  564,  245,  265,  680,  525,  611,  860,  484,  480,  286,  452,  118,  275,  360,  535,  735,  294,  111,  442,  309,  233,  216,  667,  614,  237,  176,  134,  345,  494,  394,  576,  277,  498,  395,  398,  157,  582,  657,  278,  517,  706,  347,  670,  483,  341,  597,  503,  478,  285,  140,  463,  567,   87,  505,  360,  565,  442,  631,  817,  646,   23,  307,  369,  694,  342,  464,  618,  681,  727,  268,  723,  355,  143,  482,  879,  238,  653,  506,  550,   94,  297,  535,  276,  668,  631,  112,  468,  647,  164,  332,  520,  598,   78,  586,  627,  213,  495,  427,  668,  510,  553,  375,  224,  115,  745,  329,  267,  401,  443,  532,  321,  257,  489,  349,  199,  260,  513,  713,  604,  502,  196,  682,  636,  219,  747,  465,  421,   90,  334,  581,  808,  665,  700,  485,  753,  491,  143,  708,  257,  655,  392,  350,  719,   38,  353],
        [  367,    0,  423,  453,  120,    0,  856,  552,  394,  584,  788,  593,  116,  356,  889,  546,  509,  646,   83,  541,  730,  404,  176,  470,  514,  442,  185,  670,  326,  356,  799,  632,  595,  895,  368,  497,  189,  471,  225,  196,  450,  479,  798,  322,   56,  521,  308,  347,  334,  715,  507,  312,  151,  106,  322,  391,  506,  507,  268,  562,  408,  495,  111,  657,  656,  368,  479,  822,  282,  745,  395,  316,  593,  437,  501,  381,   45,  381,  518,   53,  458,  479,  542,  553,  537,  855,  701,  138,  381,  357,  745,  461,  473,  709,  797,  844,  211,  784,  415,  250,  439,  902,  330,  738,  598,  572,  111,  385,  587,  393,  772,  540,  182,  560,  555,   60,  253,  608,  684,  197,  698,  724,  293,  614,  438,  724,  628,  636,  482,  318,   90,  798,  408,  291,  285,  481,  478,  202,  178,  570,  468,  317,  325,  516,  703,  516,  413,  282,  691,  752,  276,  756,  451,  484,  209,  223,  699,  830,  732,  770,  406,  759,  379,  141,  721,  140,  677,  280,  252,  837,  119,  348],
        [  935,    0,  810,  405,  738,  856,    0, 1166,  570,  306,  911, 1110,  962, 1179,  886,  560,  586,  901,  809, 1173,  316,  819,  694,  454,  873, 1156, 1010,  284,  596,  645,   62,  288,  978,  876, 1196,  793, 1015,  927,  635,  989,  496, 1067,  636,  731,  828,  513,  804,  512,  523,  706, 1291,  704,  819,  814,  868, 1168,  471, 1137,  900,  588,  915,  442,  874,  520,  943,  643,  999,   66,  963,  531, 1117,  873,  926, 1070,  766,  521,  878, 1088, 1068,  812, 1020,  424,  979,  325, 1264,  827,  655,  724,  587,  851,  703,  433,  818,  405,   90,   43,  963,  643,  618,  649,  993,  955,  568,  455,  414,  794,  802,  542,  653,  464,  271, 1251,  701,  430, 1272,  902,  979,  445,  444,  661,  204,  344,  618,  246,  796,  658,  229,  470,  407,  573,  836,  708,  558,  739, 1119,  702, 1058, 1057,  974,  496,  394,  558,  635,  856, 1015, 1218, 1136,  684,  911,  117,  670,  943,  894,  599,  649, 1071,  158,  917,  589,  582, 1094,  969, 1190,  787,  908,  995,  838, 1099, 1033,   32,  753,  827],
        [  240,    0,  974,  808,  620,  552, 1166,    0,  600,  990,  536,  124,  476,  365,  672,  631,  595,  399,  632,   24,  907,  349,  579,  933,  327,  155,  410,  896,  592,  884, 1125,  881,  275,  686,  378,  399,  631, 1015,  635,  675,  671,  100,  755,  443,  520,  663,  374,  724,  743,  626,  289,  853,  445,  487,  311,  261,  986,   46,  808,  615,  951,  726,  653,  721,  369,  897,  173, 1111,  274,  779,  186,  309,  327,  118,  428,  663,  583,  183,  108,  544,  147,  923,  230,  848,  179,  677,  654,  642,  584,  319,  655,  904,  366,  836, 1082, 1137,  717,  736,  549,  758,  174,  637,  628,  824,  770,  440,  660,  634,  574,  775,  963,  150,  558,  744,  169,  576,  299,  749,  793,  660,  965,  885,  582,  973,  377,  671,  972,  745,  768,  629,  641,  703,  611,  443,  400,  481,  109,  502,  665,  693,  865,  781,  545,  346,  352,  128,  178,  815,  434, 1050,  525,  475,  280,  577,  667,  582, 1029,  580,  728,  765,  153,  456,  335,  482,  466,  534,  484,  363,  325, 1161,  645,  343],
        [  366,    0,  637,  226,  316,  394,  570,  600,    0,  410,  511,  556,  464,  641,  571,  162,  133,  421,  397,  605,  356,  258,  227,  404,  339,  588,  488,  316,   72,  465,  526,  291,  451,  571,  659,  268,  582,  736,  211,  582,   76,  500,  421,  161,  344,  128,  235,  187,  226,  367,  732,  479,  289,  307,  299,  611,  466,  568,  587,  186,  688,  132,  471,  266,  453,  475,  437,  518,  400,  354,  552,  303,  412,  501,  248,   82,  433,  522,  506,  342,  454,  380,  434,  249,  696,  523,  338,  320,   18,  282,  391,  363,  277,  319,  489,  543,  583,  409,   69,  355,  426,  608,   91,  345,  214,  308,  410,   45,  236,  219,  405,  682,  214,  177,  703,  453,  423,  217,  292,  269,  373,  344,  105,  378,  246,  359,  375,  243,  170,  105,  429,  438,   16,  173,  592,  187,  492,  566,  564,  176,  297,  304,   76,  326,  523,  649,  570,  432,  451,  454,  125,  508,  337,  115,  264,  610,  430,  542,  350,  385,  526,  524,  645,  270,  467,  521,  400,  563,  488,  563,  351,  258],
        [  750,    0,  508,  185,  464,  584,  306,  990,  410,    0,  881,  961,  696,  929,  902,  488,  493,  820,  525,  990,  392,  663,  443,  149,  749,  945,  754,  309,  400,  340,  244,  271,  861,  897,  943,  675,  725,  626,  381,  695,  358,  891,  678,  550,  566,  427,  616,  269,  261,  694, 1060,  399,  583,  564,  679,  936,  174,  953,  597,  523,  612,  324,  583,  515,  856,  338,  838,  300,  748,  571,  902,  681,  819,  880,  653,  334,  598,  875,  905,  547,  848,  120,  843,  208, 1053,  845,  648,  447,  422,  675,  705,  131,  687,  449,  285,  312,  665,  677,  477,  355,  820,  957,  363,  508,  379,  705,  513,  368,  592,  217,  389, 1046,  457,  366, 1065,  622,  752,  416,  466,  389,  257,  410,  408,   90,  656,  661,  119,  458,  255,  361,  549,  732,  404,  547,  862,  589,  884,  784,  681,  441,  127,  270,  448,  735,  928, 1014,  921,  381,  844,  241,  466,  893,  744,  492,  378,  787,  169,  902,  610,  624,  888,  913,  945,  546,  853,  719,  782,  848,  794,  279,  471,  651],
        [  475,    0, 1132,  714,  769,  788,  911,  536,  511,  881,    0,  416,  790,  827,  136,  393,  394,  155,  832,  558,  597,  386,  681,  909,  286,  649,  764,  637,  566,  971,  895,  650,  267,  151,  845,  292,  954, 1219,  697,  977,  535,  484,  305,  476,  733,  455,  481,  697,  737,  206,  812,  975,  637,  683,  483,  740,  971,  544, 1041,  359, 1164,  559,  893,  393,  171,  982,  410,  846,  586,  390,  648,  491,  228,  533,  292,  590,  832,  622,  444,  746,  454,  881,  324,  677,  713,  151,  257,  782,  508,  441,  213,  865,  316,  508,  822,  871,  998,  291,  445,  852,  446,  116,  597,  463,  518,  220,  855,  554,  290,  725,  647,  684,  659,  520,  704,  842,  633,  481,  468,  752,  721,  569,  586,  819,  350,  256,  803,  447,  629,  610,  859,  231,  508,  505,  823,  333,  475,  872,  960,  443,  789,  813,  527,  278,  193,  658,  654,  928,  110,  810,  556,   64,  361,  402,  751,  944,  828,   47,  328,  346,  600,   90,  808,  650,   75,  863,  115,  781,  705,  920,  806,  444],
        [  235,    0, 1009,  776,  640,  593, 1110,  124,  556,  961,  416,    0,  537,  470,  552,  557,  526,  285,  667,  147,  833,  299,  583,  922,  241,  264,  480,  831,  563,  899, 1073,  822,  163,  566,  485,  320,  701, 1063,  633,  741,  623,  121,  651,  413,  552,  598,  354,  704,  729,  522,  411,  876,  464,  511,  301,  368,  979,  144,  858,  537, 1000,  673,  700,  636,  252,  912,  127, 1051,  314,  686,  281,  302,  219,  175,  349,  628,  630,  268,   76,  575,  136,  908,  134,  801,  303,  560,  555,  660,  542,  291,  549,  889,  293,  756, 1023, 1077,  778,  632,  497,  770,  158,  514,  601,  737,  702,  345,  695,  595,  487,  752,  889,  273,  560,  681,  292,  627,  352,  677,  712,  667,  906,  809,  560,  934,  314,  569,  930,  667,  724,  605,  681,  594,  565,  421,  492,  409,  119,  582,  728,  621,  840,  779,  514,  260,  229,  251,  280,  834,  316,  994,  504,  353,  219,  512,  672,  662,  981,  459,  631,  666,  238,  333,  442,  497,  348,  602,  372,  452,  398, 1107,  670,  314],
        [  332,    0,  513,  557,  233,  116,  962,  476,  464,  696,  790,  537,    0,  241,  903,  603,  563,  641,  193,  462,  813,  407,  269,  585,  506,  348,   75,  759,  402,  467,  905,  725,  569,  911,  253,  507,  169,  542,  327,  205,  529,  417,  843,  356,  134,  589,  318,  450,  442,  747,  395,  419,  180,  158,  308,  284,  621,  431,  334,  613,  477,  578,  186,  717,  643,  479,  436,  925,  227,  803,  304,  301,  578,  369,  518,  467,  123,  295,  462,  151,  406,  593,  511,  651,  435,  876,  741,  253,  449,  350,  778,  575,  477,  782,  898,  947,  242,  828,  471,  365,  394,  906,  415,  805,  676,  584,  218,  464,  626,  499,  859,  443,  267,  638,  455,  108,  186,  680,  754,  308,  795,  804,  371,  722,  447,  764,  735,  703,  575,  405,  188,  833,  479,  326,  169,  513,  419,  103,  192,  636,  578,  431,  390,  513,  680,  421,  319,  393,  687,  854,  340,  751,  435,  537,  319,  158,  804,  835,  782,  821,  324,  749,  265,  195,  719,   73,  685,  167,  155,  944,  235,  348],
        [  362,    0,  732,  777,  470,  356, 1179,  365,  641,  929,  827,  470,  241,    0,  956,  750,  709,  673,  433,  344,  995,  488,  489,  824,  550,  210,  175,  953,  593,  706, 1126,  923,  568,  967,   20,  586,  327,  739,  551,  379,  713,  359,  958,  496,  364,  753,  432,  672,  669,  843,  167,  656,  362,  367,  386,  104,  862,  330,  538,  751,  676,  768,  413,  862,  660,  718,  420, 1137,  263,  942,  189,  379,  599,  304,  606,  666,  361,  209,  407,  385,  377,  830,  507,  859,  245,  943,  851,  491,  624,  427,  875,  811,  549,  949, 1110, 1161,  428,  940,  625,  606,  381,  940,  616,  960,  852,  656,  457,  654,  742,  723, 1046,  265,  480,  817,  268,  341,  225,  848,  914,  542, 1000,  982,  567,  946,  532,  873,  956,  862,  779,  609,  424,  930,  656,  474,   74,  626,  366,  193,  375,  797,  807,  668,  566,  564,  672,  259,  191,  632,  718, 1068,  521,  774,  475,  683,  553,  257, 1024,  873,  907,  948,  235,  763,   36,  393,  752,  255,  740,   81,  154, 1164,  475,  439],
        [  599,    0, 1205,  751,  856,  889,  886,  672,  571,  902,  136,  552,  903,  956,    0,  428,  441,  285,  926,  693,  572,  496,  766,  950,  408,  783,  883,  627,  634, 1035,  879,  649,  402,   17,  974,  396, 1063, 1300,  772, 1082,  577,  619,  251,  569,  833,  488,  587,  752,  793,  211,  947, 1047,  741,  784,  599,  871, 1011,  679, 1132,  395, 1247,  589,  991,  389,  306, 1045,  542,  821,  709,  356,  780,  606,  360,  666,  389,  643,  934,  753,  579,  844,  586,  919,  458,  694,  848,   60,  255,  867,  572,  556,  197,  905,  427,  486,  799,  844, 1099,  244,  512,  923,  577,   77,  661,  432,  525,  320,  946,  610,  335,  771,  616,  820,  745,  536,  840,  945,  755,  487,  453,  829,  710,  544,  659,  830,  456,  242,  810,  446,  660,  674,  954,  179,  564,  600,  948,  414,  609,  989, 1065,  463,  825,  874,  602,  397,  327,  794,  787, 1000,  243,  795,  639,  199,  484,  456,  826, 1059,  824,   94,  301,  304,  733,  222,  939,  749,  209,  975,  220,  906,  829,  899,  894,  555],
        [  423,    0,  792,  325,  476,  546,  560,  631,  162,  488,  393,  557,  603,  750,  428,    0,   42,  346,  556,  641,  277,  289,  386,  524,  318,  657,  615,  278,  233,  614,  531,  276,  418,  426,  769,  238,  734,  894,  372,  738,  151,  535,  260,  256,  493,   63,  319,  328,  370,  218,  815,  634,  424,  451,  372,  702,  585,  608,  748,   35,  847,  166,  629,  115,  386,  624,  458,  499,  492,  201,  629,  379,  366,  552,  209,  221,  587,  598,  526,  494,  487,  493,  424,  287,  759,  376,  182,  481,  170,  339,  238,  479,  267,  208,  471,  525,  741,  248,  133,  512,  462,  475,  249,  211,  147,  235,  570,  192,  104,  344,  333,  739,  371,  135,  762,  605,  525,  120,  168,  430,  357,  255,  264,  430,  255,  201,  416,  117,  237,  264,  588,  281,  150,  281,  711,  150,  525,  704,  720,   65,  400,  452,  221,  299,  459,  706,  645,  588,  362,  448,  270,  407,  351,   67,  425,  755,  450,  415,  189,  225,  594,  429,  748,  412,  368,  665,  296,  677,  598,  562,  512,  320],
        [  384,    0,  769,  321,  444,  509,  586,  595,  133,  493,  394,  526,  563,  709,  441,   42,    0,  331,  522,  605,  313,  251,  352,  516,  288,  618,  574,  306,  203,  595,  554,  299,  393,  441,  727,  208,  697,  869,  343,  702,  141,  499,  292,  214,  455,   74,  278,  311,  353,  235,  775,  611,  384,  412,  332,  661,  578,  572,  718,   55,  821,  171,  594,  155,  369,  605,  423,  526,  451,  241,  589,  338,  343,  514,  180,  203,  551,  558,  492,  458,  451,  488,  394,  298,  720,  392,  205,  449,  139,  299,  258,  472,  234,  247,  498,  552,  707,  279,   94,  488,  425,  483,  224,  252,  176,  216,  537,  170,  108,  333,  368,  701,  336,  156,  724,  568,  484,  155,  209,  402,  382,  292,  233,  440,  219,  227,  429,  157,  238,  238,  554,  305,  125,  241,  670,  118,  489,  664,  684,   98,  396,  433,  186,  271,  442,  668,  605,  564,  352,  472,  233,  401,  316,   27,  397,  716,  468,  420,  224,  261,  554,  421,  707,  374,  361,  626,  290,  636,  556,  586,  480,  280],
        [  320,    0, 1011,  641,  640,  646,  901,  399,  421,  820,  155,  285,  641,  673,  285,  346,  331,    0,  697,  418,  599,  243,  557,  824,  135,  500,  611,  619,  463,  861,  876,  621,  124,  297,  691,  163,  806, 1092,  582,  832,  463,  336,  371,  348,  592,  403,  339,  604,  640,  243,  664,  859,  496,  543,  333,  587,  886,  400,  906,  316, 1034,  500,  754,  391,   43,  873,  258,  838,  432,  421,  495,  341,   76,  382,  175,  502,  690,  469,  299,  608,  302,  800,  175,  628,  570,  281,  283,  655,  414,  293,  268,  783,  176,  514,  812,  864,  855,  353,  352,  737,  293,  270,  498,  483,  490,  116,  721,  465,  249,  639,  654,  542,  533,  480,  563,  698,  479,  457,  470,  633,  700,  573,  477,  770,  214,  294,  758,  434,  566,  508,  722,  311,  422,  374,  668,  235,  326,  719,  816,  407,  714,  711,  418,  131,  114,  514,  503,  812,   47,  791,  437,  111,  208,  328,  634,  793,  795,  201,  362,  393,  448,  114,  655,  512,   81,  713,   88,  626,  551,  905,  677,  299],
        [  436,    0,  344,  413,   83,   83,  809,  632,  397,  525,  832,  667,  193,  433,  926,  556,  522,  697,    0,  622,  712,  455,  171,  401,  568,  524,  266,  645,  325,  275,  750,  605,  657,  930,  444,  541,  208,  401,  200,  193,  442,  555,  814,  358,  116,  523,  360,  311,  289,  741,  588,  229,  209,  160,  384,  473,  433,  587,  209,  576,  341,  480,   75,  662,  711,  287,  549,  780,  360,  751,  478,  379,  649,  516,  542,  367,   76,  463,  592,   94,  531,  414,  607,  520,  620,  888,  722,   89,  387,  415,  769,  398,  522,  700,  756,  800,  187,  801,  431,  177,  511,  944,  320,  735,  588,  614,   29,  379,  610,  350,  749,  623,  187,  550,  638,   99,  334,  602,  680,  154,  663,  709,  293,  564,  485,  745,  581,  635,  456,  306,   33,  821,  410,  328,  360,  513,  553,  264,  175,  571,  416,  256,  337,  568,  763,  599,  495,  200,  741,  710,  293,  806,  511,  499,  165,  263,  652,  873,  744,  780,  488,  810,  458,  186,  769,  196,  719,  360,  334,  788,   57,  402],
        [  242,    0,  963,  810,  612,  541, 1173,   24,  605,  990,  558,  147,  462,  344,  693,  641,  605,  418,  622,    0,  917,  357,  575,  930,  341,  134,  394,  904,  594,  877, 1130,  888,  295,  707,  356,  412,  614, 1002,  632,  660,  677,  107,  771,  447,  511,  672,  376,  724,  741,  643,  266,  845,  439,  479,  312,  240,  983,   38,  795,  626,  938,  732,  641,  734,  390,  890,  185, 1118,  266,  793,  167,  310,  346,  113,  441,  666,  571,  168,  123,  536,  155,  922,  248,  853,  157,  697,  670,  635,  589,  323,  672,  902,  378,  847, 1089, 1144,  702,  753,  556,  752,  181,  659,  630,  837,  779,  456,  650,  638,  587,  775,  973,  128,  554,  752,  147,  563,  288,  759,  805,  655,  972,  896,  583,  976,  387,  687,  976,  756,  773,  631,  630,  721,  616,  445,  380,  492,  116,  485,  649,  703,  865,  778,  548,  360,  374,  105,  158,  807,  454, 1056,  525,  496,  291,  586,  663,  564, 1033,  602,  743,  780,  138,  478,  313,  477,  487,  519,  503,  344,  310, 1167,  637,  347],
        [  693,    0,  845,  329,  630,  730,  316,  907,  356,  392,  597,  833,  813,  995,  572,  277,  313,  599,  712,  917,    0,  563,  555,  500,  592,  926,  843,   85,  412,  659,  307,  129,  688,  563, 1014,  513,  914,  961,  513,  904,  286,  811,  324,  505,  686,  250,  576,  409,  442,  392, 1078,  701,  643,  656,  636,  961,  549,  884,  866,  297,  929,  236,  786,  210,  641,  664,  735,  250,  748,  217,  894,  642,  633,  825,  485,  350,  764,  863,  803,  679,  763,  462,  699,  218, 1030,  513,  340,  625,  372,  608,  388,  458,  544,   90,  228,  275,  893,  330,  376,  601,  737,  641,  401,  141,  145,  498,  716,  350,  353,  386,   57, 1012,  551,  179, 1034,  786,  776,  158,  131,  561,  148,   29,  443,  304,  531,  343,  277,  167,  259,  413,  744,  394,  340,  523,  947,  427,  801,  916,  886,  215,  378,  514,  431,  574,  711,  979,  911,  664,  603,  224,  479,  632,  628,  333,  551,  952,  265,  602,  274,  270,  862,  658,  998,  620,  598,  865,  529,  918,  842,  328,  658,  587],
        [  137,    0,  777,  478,  402,  404,  819,  349,  258,  663,  386,  299,  407,  488,  496,  289,  251,  243,  455,  357,  563,    0,  324,  634,  114,  370,  389,  547,  268,  638,  779,  533,  216,  505,  508,  102,  569,  852,  359,  592,  326,  251,  470,  122,  350,  316,   97,  412,  441,  356,  531,  628,  253,  300,  106,  425,  693,  322,  664,  279,  794,  379,  512,  391,  257,  651,  181,  763,  227,  463,  345,  114,  196,  264,  119,  330,  448,  314,  250,  366,  203,  616,  184,  505,  470,  472,  363,  418,  244,   63,  388,  597,   71,  497,  734,  789,  614,  452,  201,  510,  176,  501,  306,  494,  423,  178,  480,  297,  257,  457,  618,  451,  300,  396,  473,  457,  269,  405,  456,  405,  617,  542,  270,  636,   45,  385,  632,  406,  427,  312,  480,  443,  267,  141,  465,  145,  241,  494,  575,  349,  543,  500,  219,  113,  313,  418,  360,  582,  288,  703,  218,  353,   81,  231,  407,  563,  685,  430,  423,  463,  307,  356,  480,  270,  317,  479,  278,  426,  345,  814,  438,   59],
        [  350,    0,  455,  290,   92,  176,  694,  579,  227,  443,  681,  583,  269,  489,  766,  386,  352,  557,  171,  575,  555,  324,    0,  358,  437,  510,  317,  495,  156,  318,  639,  458,  538,  769,  504,  395,  361,  538,   63,  357,  277,  488,  644,  209,  136,  354,  237,  184,  183,  575,  617,  305,  142,  122,  283,  493,  409,  538,  369,  407,  483,  320,  244,  493,  577,  331,  458,  656,  316,  581,  465,  282,  519,  463,  390,  206,  211,  441,  515,  125,  453,  355,  497,  382,  616,  725,  554,  102,  216,  300,  602,  335,  382,  536,  630,  679,  356,  631,  263,  189,  428,  790,  156,  568,  425,  462,  185,  212,  443,  234,  597,  612,   25,  386,  630,  232,  313,  436,  513,   84,  526,  549,  123,  458,  344,  576,  469,  467,  308,  143,  203,  653,  241,  184,  426,  353,  483,  368,  339,  402,  319,  203,  168,  433,  636,  582,  484,  259,  598,  586,  128,  661,  394,  329,   90,  397,  538,  719,  574,  610,  458,  669,  503,  104,  622,  312,  567,  408,  351,  678,  129,  281],
        [  697,    0,  363,  201,  354,  470,  454,  933,  404,  149,  909,  922,  585,  824,  950,  524,  516,  824,  401,  930,  500,  634,  358,    0,  733,  867,  650,  415,  368,  191,  393,  372,  844,  948,  837,  668,  592,  481,  299,  558,  376,  838,  749,  513,  463,  463,  568,  223,  194,  740,  966,  252,  500,  472,  626,  844,   62,  892,  450,  557,  464,  363,  452,  579,  855,  190,  796,  447,  674,  649,  822,  627,  810,  818,  650,  323,  476,  799,  859,  440,  798,   38,  817,  288,  973,  897,  699,  333,  411,  632,  757,   46,  671,  540,  430,  460,  525,  744,  473,  225,  772,  998,  331,  596,  448,  712,  385,  360,  623,  186,  510,  969,  377,  425,  988,  500,  670,  483,  546,  287,  383,  513,  365,  226,  636,  716,  253,  526,  294,  323,  422,  792,  404,  501,  754,  590,  832,  665,  545,  491,  130,  158,  417,  722,  925,  940,  841,  237,  855,  385,  419,  911,  713,  508,  277,  659,  313,  936,  677,  698,  816,  927,  844,  462,  870,  597,  801,  746,  700,  427,  352,  609],
        [  191,    0,  890,  565,  515,  514,  873,  327,  339,  749,  286,  241,  506,  550,  408,  318,  288,  135,  568,  341,  592,  114,  437,  733,    0,  395,  478,  593,  365,  749,  840,  586,  113,  418,  569,   81,  672,  966,  469,  698,  397,  242,  434,  231,  461,  361,  209,  510,  542,  307,  561,  741,  364,  412,  199,  472,  793,  314,  776,  296,  907,  444,  623,  397,  144,  761,  159,  814,  301,  453,  382,  206,   83,  277,  109,  418,  558,  354,  220,  478,  199,  713,  107,  573,  480,  393,  330,  532,  328,  159,  338,  694,   63,  516,  786,  840,  722,  415,  273,  622,  181,  402,  403,  500,  463,  116,  593,  382,  249,  552,  649,  456,  412,  444,  478,  565,  348,  437,  472,  517,  670,  569,  372,  711,   98,  348,  704,  427,  501,  411,  592,  390,  345,  253,  540,  172,  232,  586,  682,  382,  634,  606,  317,   20,  200,  424,  393,  695,  181,  759,  326,  246,   77,  276,  519,  659,  750,  332,  402,  440,  338,  245,  536,  383,  214,  579,  190,  499,  421,  873,  551,  167],
        [  235,    0,  859,  772,  529,  442, 1156,  155,  588,  945,  649,  264,  348,  210,  783,  657,  618,  500,  524,  134,  926,  370,  510,  867,  395,    0,  276,  900,  562,  791, 1108,  878,  384,  796,  224,  450,  490,  889,  571,  538,  663,  166,  826,  428,  421,  677,  354,  676,  687,  701,  167,  752,  368,  399,  292,  107,  916,  121,  681,  649,  824,  719,  532,  761,  479,  804,  243, 1105,  198,  831,   47,  286,  425,  119,  476,  637,  466,   70,  210,  446,  199,  864,  326,  831,  109,  779,  720,  552,  571,  319,  732,  844,  413,  865, 1077, 1131,  582,  807,  552,  672,  214,  757,  594,  864,  783,  510,  552,  614,  623,  729,  980,  103,  492,  752,  121,  454,  199,  770,  825,  583,  961,  907,  544,  942,  410,  740,  946,  774,  749,  592,  528,  785,  602,  417,  248,  514,  175,  357,  529,  714,  819,  711,  522,  412,  479,   75,   30,  718,  541, 1040,  489,  592,  327,  595,  592,  436, 1009,  695,  787,  826,   64,  577,  180,  406,  575,  398,  577,  213,  194, 1146,  548,  340],
        [  294,    0,  587,  606,  296,  185, 1010,  410,  488,  754,  764,  480,   75,  175,  883,  615,  574,  611,  266,  394,  843,  389,  317,  650,  478,  276,    0,  794,  433,  540,  955,  762,  529,  892,  189,  491,  222,  613,  378,  266,  557,  359,  844,  361,  189,  608,  310,  500,  496,  740,  323,  493,  200,  197,  285,  210,  689,  366,  405,  621,  549,  610,  260,  729,  609,  552,  389,  970,  182,  813,  233,  277,  545,  308,  505,  503,  197,  227,  406,  210,  355,  655,  469,  693,  361,  860,  740,  317,  472,  328,  772,  637,  458,  804,  943,  993,  308,  828,  484,  433,  346,  880,  452,  822,  701,  567,  291,  495,  626,  550,  890,  369,  310,  665,  381,  182,  136,  702,  773,  367,  835,  831,  404,  774,  432,  762,  785,  721,  615,  443,  262,  827,  504,  334,  109,  509,  362,  109,  255,  654,  633,  494,  413,  487,  640,  348,  247,  465,  658,  900,  364,  720,  404,  548,  378,  186,  854,  810,  787,  827,  257,  716,  195,  226,  691,  125,  663,   97,   85,  994,  303,  332],
        [  672,    0,  763,  249,  564,  670,  284,  896,  316,  309,  637,  831,  759,  953,  627,  278,  306,  619,  645,  904,   85,  547,  495,  415,  593,  900,  794,    0,  362,  576,  260,   45,  696,  620,  971,  513,  849,  879,  448,  836,  241,  798,  386,  474,  629,  234,  547,  337,  367,  434, 1047,  621,  595,  602,  609,  926,  464,  869,  790,  305,  848,  186,  718,  245,  660,  581,  725,  222,  715,  277,  866,  615,  643,  806,  485,  293,  701,  835,  794,  619,  750,  378,  699,  136, 1007,  569,  383,  557,  333,  586,  436,  373,  539,  147,  194,  248,  823,  389,  351,  525,  723,  692,  345,  206,  131,  511,  647,  301,  370,  309,  106,  991,  493,  152, 1013,  724,  738,  162,  175,  492,   85,  102,  391,  222,  521,  390,  196,  190,  189,  355,  676,  450,  301,  488,  901,  423,  788,  861,  819,  214,  294,  435,  389,  575,  732,  958,  883,  585,  629,  175,  433,  664,  619,  321,  481,  892,  197,  647,  327,  331,  837,  689,  959,  569,  628,  807,  557,  874,  802,  288,  589,  563],
        [  353,    0,  572,  217,  245,  326,  596,  592,   72,  400,  566,  563,  402,  593,  634,  233,  203,  463,  325,  594,  412,  268,  156,  368,  365,  562,  433,  362,    0,  405,  547,  331,  476,  636,  611,  302,  513,  668,  141,  512,  127,  493,  492,  151,  277,  199,  218,  146,  179,  434,  696,  414,  234,  245,  282,  573,  429,  556,  516,  257,  619,  177,  399,  338,  491,  416,  439,  548,  368,  426,  522,  285,  443,  485,  288,   75,  364,  493,  506,  274,  449,  350,  451,  271,  671,  589,  407,  248,   65,  276,  459,  331,  304,  384,  521,  573,  511,  481,  123,  289,  421,  667,   39,  413,  274,  354,  338,   62,  302,  190,  458,  659,  145,  237,  680,  384,  384,  283,  359,  199,  408,  403,   34,  383,  268,  429,  385,  312,  190,   47,  358,  508,   85,  149,  540,  234,  486,  505,  494,  246,  277,  249,   50,  355,  558,  627,  541,  367,  497,  481,   75,  557,  348,  182,  195,  544,  447,  599,  421,  456,  502,  570,  600,  209,  516,  456,  453,  514,  443,  585,  280,  252],
        [  664,    0,  187,  332,  265,  356,  645,  884,  465,  340,  971,  899,  467,  706, 1035,  614,  595,  861,  275,  877,  659,  638,  318,  191,  749,  791,  540,  576,  405,    0,  583,  532,  853, 1035,  716,  698,  433,  303,  280,  391,  467,  798,  864,  519,  371,  561,  554,  287,  245,  829,  862,   65,  440,  398,  600,  747,  190,  840,  264,  645,  277,  475,  301,  694,  885,   14,  774,  636,  612,  774,  744,  597,  831,  767,  688,  394,  346,  726,  828,  345,  766,  223,  814,  441,  890,  987,  795,  243,  465,  618,  851,  217,  691,  683,  618,  649,  352,  855,  527,  130,  742, 1071,  375,  733,  578,  757,  250,  426,  700,  284,  677,  892,  342,  547,  907,  366,  595,  607,  679,  235,  559,  667,  386,  412,  653,  815,  437,  648,  417,  362,  283,  894,  471,  497,  633,  638,  794,  529,  381,  599,  285,  163,  445,  743,  948,  866,  763,   75,  899,  572,  425,  960,  710,  579,  231,  506,  502, 1004,  790,  818,  749,  971,  732,  404,  919,  460,  857,  634,  606,  618,  244,  598],
        [  891,    0,  749,  350,  680,  799,   62, 1125,  526,  244,  895, 1073,  905, 1126,  879,  531,  554,  876,  750, 1130,  307,  779,  639,  393,  840, 1108,  955,  260,  547,  583,    0,  256,  946,  870, 1142,  760,  955,  866,  579,  929,  454, 1026,  631,  686,  772,  480,  759,  456,  466,  691, 1241,  643,  767,  759,  823, 1117,  410, 1094,  839,  561,  854,  401,  814,  503,  916,  582,  960,   80,  914,  524, 1069,  827,  896, 1026,  733,  472,  819, 1040, 1029,  755,  979,  362,  944,  278, 1217,  820,  640,  666,  543,  808,  692,  372,  782,  394,   87,   77,  902,  636,  578,  589,  951,  946,  517,  448,  387,  765,  742,  496,  628,  407,  270, 1205,  646,  398, 1226,  843,  928,  421,  430,  603,  176,  335,  568,  186,  759,  646,  171,  450,  360,  522,  777,  700,  515,  693, 1064,  668, 1017, 1000,  914,  469,  334,  498,  588,  823,  989, 1172, 1088,  622,  888,   86,  621,  924,  856,  564,  591, 1012,  102,  904,  579,  577, 1048,  948, 1138,  733,  887,  937,  816, 1045,  981,   39,  694,  784],
        [  653,    0,  718,  205,  525,  632,  288,  881,  291,  271,  650,  822,  725,  923,  649,  276,  299,  621,  605,  888,  129,  533,  458,  372,  586,  878,  762,   45,  331,  532,  256,    0,  691,  642,  941,  506,  810,  834,  409,  796,  216,  782,  414,  451,  593,  225,  525,  295,  325,  450, 1021,  577,  564,  568,  588,  900,  422,  852,  747,  306,  804,  160,  677,  261,  661,  537,  712,  231,  690,  305,  842,  593,  640,  787,  479,  259,  662,  812,  781,  583,  734,  335,  691,   92,  986,  591,  400,  516,  308,  567,  455,  330,  530,  179,  202,  257,  781,  414,  333,  481,  707,  711,  311,  238,  133,  510,  606,  271,  374,  266,  149,  971,  458,  143,  993,  685,  711,  170,  200,  451,   85,  142,  358,  188,  509,  409,  164,  205,  151,  320,  636,  474,  277,  463,  869,  415,  773,  825,  778,  214,  250,  392,  362,  569,  734,  938,  860,  541,  635,  173,  404,  674,  606,  311,  441,  854,  178,  662,  350,  359,  816,  697,  930,  536,  636,  770,  564,  844,  773,  287,  549,  544],
        [  238,    0,  988,  677,  611,  595,  978,  275,  451,  861,  267,  163,  569,  568,  402,  418,  393,  124,  657,  295,  688,  216,  538,  844,  113,  384,  529,  696,  476,  853,  946,  691,    0,  415,  586,  188,  738, 1057,  575,  769,  508,  219,  489,  337,  545,  467,  303,  621,  653,  360,  546,  842,  449,  497,  274,  476,  904,  278,  862,  393,  997,  554,  705,  485,   96,  866,  149,  917,  348,  528,  384,  280,   58,  269,  214,  530,  637,  361,  178,  564,  192,  825,   62,  683,  448,  403,  394,  629,  440,  243,  387,  806,  175,  607,  889,  943,  798,  471,  385,  725,  189,  375,  514,  584,  565,  191,  683,  495,  336,  664,  744,  420,  513,  549,  441,  641,  394,  537,  563,  620,  774,  663,  482,  822,  209,  408,  814,  521,  612,  522,  678,  432,  457,  356,  572,  279,  209,  637,  754,  483,  746,  715,  428,  126,  111,  393,  390,  796,  160,  864,  433,  209,  147,  383,  623,  715,  859,  312,  472,  506,  337,  196,  547,  473,  194,  641,  210,  530,  460,  978,  646,  258],
        [  609,    0, 1207,  748,  860,  895,  876,  686,  571,  897,  151,  566,  911,  967,   17,  426,  441,  297,  930,  707,  563,  505,  769,  948,  418,  796,  892,  620,  636, 1035,  870,  642,  415,    0,  985,  404, 1070, 1302,  774, 1088,  576,  632,  241,  574,  839,  486,  594,  752,  793,  209,  960, 1049,  747,  790,  607,  883, 1009,  693, 1136,  394, 1250,  587,  996,  383,  319, 1045,  555,  811,  718,  347,  792,  615,  372,  678,  395,  643,  939,  765,  592,  850,  599,  916,  471,  689,  862,   52,  251,  870,  573,  564,  193,  903,  435,  477,  789,  834, 1104,  234,  514,  924,  589,   91,  662,  422,  519,  327,  950,  610,  335,  770,  606,  834,  748,  532,  854,  951,  765,  481,  445,  832,  702,  535,  661,  824,  464,  237,  804,  440,  657,  675,  959,  170,  565,  605,  958,  418,  622,  998, 1071,  459,  822,  874,  605,  407,  342,  807,  799, 1002,  256,  786,  642,  214,  495,  457,  829, 1067,  816,  110,  294,  294,  745,  237,  950,  754,  222,  982,  229,  917,  839,  890,  897,  563],
        [  381,    0,  738,  793,  484,  368, 1196,  378,  659,  943,  845,  485,  253,   20,  974,  769,  727,  691,  444,  356, 1014,  508,  504,  837,  569,  224,  189,  971,  611,  716, 1142,  941,  586,  985,    0,  605,  329,  741,  566,  381,  731,  375,  977,  515,  378,  771,  451,  687,  684,  862,  165,  665,  379,  383,  405,  118,  874,  344,  543,  770,  679,  785,  421,  881,  678,  728,  438, 1154,  282,  961,  205,  398,  617,  321,  625,  683,  371,  226,  423,  398,  395,  843,  524,  876,  251,  962,  870,  504,  642,  446,  894,  825,  568,  968, 1127, 1178,  431,  959,  644,  618,  399,  958,  633,  979,  870,  675,  467,  671,  762,  738, 1064,  273,  496,  835,  274,  351,  244,  866,  933,  556, 1017, 1000,  584,  962,  551,  892,  972,  881,  796,  626,  434,  949,  674,  493,   84,  645,  383,  197,  379,  815,  822,  682,  584,  583,  689,  269,  206,  642,  736, 1085,  539,  792,  494,  702,  567,  258, 1040,  891,  927,  967,  252,  781,   44,  410,  770,  262,  759,   98,  172, 1181,  487,  458],
