{
    "name": "random-39-27519",
    "comment": "size=39 seed=27519",
    "nodes": ["+0", "-0", "+1", "-1", "+2", "-2", "+3", "-3", "+4", "-4", "+5", "-5", "+6", "-6", "+7", "-7", "+8", "-8", "+9", "-9", "+10", "-10", "+11", "-11", "+12", "-12", "+13", "-13", "+14", "-14", "+15", "-15", "+16", "-16", "+17", "-17", "+18", "-18", "+19", "-19", "+20", "-20", "+21", "-21", "+22", "-22", "+23", "-23", "+24", "-24", "+25", "-25", "+26", "-26", "+27", "-27", "+28", "-28", "+29", "-29", "+30", "-30", "+31", "-31", "+32", "-32", "+33", "-33", "+34", "-34", "+35", "-35", "+36", "-36", "+37", "-37", "+38", "-38", "+39", "-39"],
    "precedence": {
        "+0": "-0",
        "+1": "-1",
        "+2": "-2",
        "+3": "-3",
        "+4": "-4",
        "+5": "-5",
        "+6": "-6",
        "+7": "-7",
        "+8": "-8",
        "+9": "-9",
        "+10": "-10",
        "+11": "-11",
        "+12": "-12",
        "+13": "-13",
        "+14": "-14",
        "+15": "-15",
        "+16": "-16",
        "+17": "-17",
        "+18": "-18",
        "+19": "-19",
        "+20": "-20",
        "+21": "-21",
        "+22": "-22",
        "+23": "-23",
        "+24": "-24",
        "+25": "-25",
        "+26": "-26",
        "+27": "-27",
        "+28": "-28",
        "+29": "-29",
        "+30": "-30",
        "+31": "-31",
        "+32": "-32",
        "+33": "-33",
        "+34": "-34",
        "+35": "-35",
        "+36": "-36",
        "+37": "-37",
        "+38": "-38",
        "+39": "-39"
    },
    "edges": [
        [    0,    0,  869,  976,  304,  724,  495,  475,  572,  375,  749,  441,  589,  425,  662,  536,  754,  114,  796,  324,  617,  330,  200,  372,  365,  528,  788,  384,  554,  704,  426,  882, 1073,  411,  290,  539,  651,  595,  567, 1051,  928,  493,  324,  734,  541,  468,  236,  663,  464,  451,  358,  167,  551,  419,  819,  413,  183,  564,  399,  638,  512,  715,  201,  631,  488,  563,  176,  484,  774,  827,  770,  597,  354,  272,  286,  738,  805,  465,  339,  823],
        [    0,    0,  869,  976,  304,  724,  495,  475,  572,  375,  749,  441,  589,  425,  662,  536,  754,  114,  796,  324,  617,  330,  200,  372,  365,  528,  788,  384,  554,  704,  426,  882, 1073,  411,  290,  539,  651,  595,  567, 1051,  928,  493,  324,  734,  541,  468,  236,  663,  464,  451,  358,  167,  551,  419,  819,  413,  183,  564,  399,  638,  512,  715,  201,  631,  488,  563,  176,  484,  774,  827,  770,  597,  354,  272,  286,  738,  805,  465,  339,  823],
        [  869,  869,    0,  926,  836, 1088,  632,  796,  311,  501, 1069,  493,  360,  668,  704,  588,  413,  774, 1078,  547,  988,  918,  732, 1034,  799,  349,  626,  506,  562,  270,  913,  551,  958,  459, 1063,  413,  402, 1277,  466,  948,  711,  528,  689,  780, 1248, 1054,  856,  439,  913,  418,  524,  811,  326,  459,  733,  457,  897,  733,  661,  315,  812,  681,  980,  472,  400,  425, 1003, 1141,  658,  418, 1137,  670,  687,  600, 1097, 1351, 1113, 1016,  702,  662],
        [  976,  976,  926,    0,  684,  452,  511,  505,  775,  799,  404,  680,  665,  566,  330,  497,  517,  985,  364,  835,  462,  702,  789,  765,  616,  900,  307,  758,  498,  681,  603,  386,  104,  829,  896,  652,  568,  856,  567,   81,  228,  582,  664,  245,  875,  685,  757,  524,  564,  854,  784, 1078,  790,  911,  206,  854,  828,  414,  596,  675,  471,  300,  887,  513,  753,  613,  950,  778,  284,  510,  464,  400,  633,  841,  958,  810,  398,  648,  644,  267],
        [  304,  304,  836,  684,    0,  432,  268,  180,  529,  372,  451,  344,  487,  198,  394,  322,  582,  352,  496,  357,  318,   83,  172,  198,   73,  561,  545,  348,  350,  601,  132,  666,  785,  425,  260,  430,  501,  445,  410,  762,  672,  330,  148,  450,  413,  236,   73,  493,  166,  474,  344,  443,  520,  484,  550,  443,  145,  287,  190,  538,  214,  454,  214,  452,  443,  432,  273,  309,  522,  650,  481,  340,  153,  319,  314,  544,  507,  210,  136,  572],
        [  724,  724, 1088,  452,  432,    0,  469,  326,  827,  739,   49,  655,  738,  464,  399,  505,  710,  783,   99,  746,  119,  396,  597,  397,  398,  909,  541,  703,  529,  819,  301,  683,  548,  788,  536,  694,  688,  412,  626,  527,  587,  580,  514,  355,  440,  293,  491,  654,  266,  832,  713,  873,  829,  864,  464,  812,  544,  357,  487,  777,  296,  444,  566,  618,  761,  671,  628,  361,  502,  749,   53,  420,  492,  723,  594,  361,   87,  275,  490,  534],
        [  495,  495,  632,  511,  268,  469,    0,  165,  358,  301,  460,  195,  274,   74,  181,   56,  319,  483,  482,  329,  361,  335,  297,  447,  204,  447,  294,  261,   85,  370,  294,  402,  599,  341,  528,  226,  250,  665,  168,  578,  433,  111,  171,  270,  648,  438,  325,  233,  287,  379,  282,  574,  360,  423,  330,  367,  394,  124,   97,  318,  181,  224,  475,  191,  296,  208,  527,  535,  280,  384,  521,  112,  143,  331,  581,  723,  511,  397,  159,  328],
        [  475,  475,  796,  505,  180,  326,  165,    0,  512,  414,  328,  333,  437,  140,  224,  215,  470,  501,  362,  424,  210,  214,  303,  310,  112,  585,  386,  377,  244,  535,  141,  518,  605,  463,  417,  386,  413,  507,  333,  582,  502,  270,  196,  271,  495,  280,  252,  391,  125,  507,  388,  595,  512,  539,  375,  486,  324,  117,  161,  482,   39,  286,  389,  349,  441,  371,  450,  381,  357,  529,  378,  184,  170,  405,  476,  558,  384,  238,  172,  406],
        [  572,  572,  311,  775,  529,  827,  358,  512,    0,  197,  816,  187,  110,  376,  482,  327,  301,  489,  835,  249,  717,  611,  422,  726,  498,  136,  474,  197,  309,  161,  615,  475,  836,  166,  753,  135,  212,  972,  217,  821,  604,  247,  382,  573,  941,  753,  545,  255,  621,  143,  217,  543,   26,  205,  569,  174,  586,  475,  363,  116,  535,  484,  670,  263,   89,  168,  696,  837,  492,  358,  878,  428,  383,  300,  787, 1056,  866,  717,  396,  518],
        [  375,  375,  501,  799,  372,  739,  301,  414,  197,    0,  740,  121,  229,  279,  473,  303,  422,  297,  770,   56,  622,  452,  236,  561,  362,  190,  531,   42,  302,  336,  482,  581,  878,   54,  569,  192,  315,  813,  256,  859,  674,  218,  236,  566,  776,  607,  371,  343,  498,  103,   28,  362,  178,  126,  602,   74,  401,  422,  254,  272,  446,  500,  482,  325,  116,  228,  503,  678,  534,  492,  792,  406,  251,  104,  598,  915,  795,  577,  257,  574],
        [  749,  749, 1069,  404,  451,   49,  460,  328,  816,  740,    0,  650,  724,  462,  372,  491,  683,  801,   54,  751,  133,  422,  612,  434,  410,  904,  507,  702,  514,  800,  324,  647,  500,  787,  573,  683,  668,  460,  611,  479,  545,  570,  520,  320,  488,  332,  514,  633,  286,  830,  715,  893,  820,  865,  425,  811,  570,  343,  487,  760,  294,  413,  598,  598,  755,  657,  661,  405,  467,  719,   73,  400,  497,  730,  632,  408,   58,  310,  496,  497],
        [  441,  441,  493,  680,  344,  655,  195,  333,  187,  121,  650,    0,  154,  194,  357,  186,  319,  385,  675,  167,  542,  426,  261,  541,  311,  255,  411,   83,  182,  272,  429,  467,  758,  151,  579,  100,  213,  786,  140,  739,  554,   98,  197,  450,  756,  566,  367,  233,  436,  185,  112,  463,  182,  234,  482,  177,  416,  318,  178,  206,  360,  380,  502,  209,  108,  124,  536,  650,  413,  391,  707,  291,  196,  194,  618,  870,  703,  531,  210,  453],
        [  589,  589,  360,  665,  487,  738,  274,  437,  110,  229,  724,  154,    0,  309,  378,  234,  204,  522,  739,  284,  634,  567,  414,  683,  443,  242,  365,  208,  211,  119,  554,  374,  727,  222,  730,   57,  105,  921,  115,  711,  496,  168,  342,  466,  895,  696,  517,  146,  554,  221,  237,  590,  128,  286,  459,  240,  568,  382,  304,   53,  454,  376,  655,  153,  122,   68,  689,  786,  382,  269,  789,  329,  335,  327,  771,  992,  772,  657,  351,  408],
        [  425,  425,  668,  566,  198,  464,   74,  140,  376,  279,  462,  194,  309,    0,  241,  126,  385,  420,  492,  295,  349,  270,  228,  385,  140,  446,  367,  240,  152,  416,  245,  475,  658,  326,  458,  255,  306,  614,  217,  637,  504,  142,  101,  322,  592,  388,  252,  296,  247,  368,  255,  513,  374,  404,  396,  350,  321,  157,   31,  358,  169,  291,  402,  254,  302,  247,  454,  481,  350,  452,  517,  174,   71,  286,  509,  684,  517,  349,   86,  399],
        [  662,  662,  704,  330,  394,  399,  181,  224,  482,  473,  372,  357,  378,  241,    0,  171,  312,  660,  375,  507,  322,  437,  468,  531,  322,  595,  167,  432,  179,  435,  358,  307,  419,  507,  640,  350,  304,  702,  266,  398,  279,  260,  341,   94,  700,  485,  463,  265,  331,  538,  456,  753,  493,  590,  158,  533,  536,  108,  270,  405,  205,   64,  607,  235,  443,  315,  666,  588,  135,  352,  443,   70,  310,  511,  699,  720,  412,  442,  324,  183],
        [  536,  536,  588,  497,  322,  505,   56,  215,  327,  303,  491,  186,  234,  126,  171,    0,  263,  514,  508,  339,  401,  390,  337,  502,  259,  430,  254,  262,   30,  323,  348,  352,  580,  337,  582,  193,  199,  719,  123,  560,  397,   89,  215,  264,  702,  491,  377,  178,  338,  368,  287,  603,  334,  419,  305,  362,  445,  149,  143,  274,  226,  200,  527,  136,  277,  167,  578,  589,  246,  329,  555,  106,  189,  349,  634,  772,  540,  449,  207,  292],
        [  754,  754,  413,  517,  582,  710,  319,  470,  301,  422,  683,  319,  204,  385,  312,  263,    0,  704,  684,  476,  626,  652,  562,  765,  521,  436,  214,  393,  235,  168,  608,  175,  560,  423,  841,  231,  107,  976,  187,  548,  316,  266,  459,  376,  963,  750,  631,   93,  594,  424,  424,  780,  323,  490,  321,  443,  695,  373,  395,  185,  471,  276,  780,  131,  324,  197,  826,  849,  246,   73,  755,  300,  439,  511,  891, 1017,  721,  707,  457,  251],
        [  114,  114,  774,  985,  352,  783,  483,  501,  489,  297,  801,  385,  522,  420,  660,  514,  704,    0,  845,  242,  669,  398,  199,  461,  397,  428,  768,  316,  527,  632,  482,  847, 1078,  324,  396,  478,  598,  697,  522, 1056,  911,  456,  321,  741,  645,  550,  296,  617,  517,  358,  286,   95,  466,  318,  812,  320,  264,  572,  391,  568,  539,  707,  305,  589,  412,  508,  288,  579,  759,  776,  831,  592,  352,  196,  398,  834,  858,  539,  342,  806],
        [  796,  796, 1078,  364,  496,   99,  482,  362,  835,  770,   54,  675,  739,  492,  375,  508,  684,  845,    0,  783,  180,  471,  653,  487,  451,  929,  497,  731,  529,  808,  371,  633,  457,  816,  626,  701,  677,  509,  625,  436,  521,  591,  556,  312,  539,  386,  560,  639,  332,  857,  746,  938,  840,  895,  408,  840,  619,  361,  518,  773,  326,  409,  649,  606,  777,  673,  713,  458,  457,  714,  100,  412,  531,  766,  685,  448,   40,  363,  532,  483],
        [  324,  324,  547,  835,  357,  746,  329,  424,  249,   56,  751,  167,  284,  295,  507,  339,  476,  242,  783,    0,  628,  435,  205,  538,  358,  218,  576,   85,  341,  391,  475,  632,  918,   89,  534,  246,  369,  791,  305,  898,  720,  259,  234,  598,  751,  593,  346,  395,  496,  133,   55,  307,  228,  128,  642,   96,  367,  446,  267,  328,  458,  538,  445,  374,  170,  281,  460,  658,  577,  546,  799,  438,  255,   54,  560,  900,  807,  566,  258,  618],
        [  617,  617,  988,  462,  318,  119,  361,  210,  717,  622,  133,  542,  634,  349,  322,  401,  626,  669,  180,  628,    0,  292,  481,  318,  280,  794,  480,  586,  427,  721,  192,  623,  565,  672,  456,  587,  592,  403,  523,  542,  552,  471,  396,  303,  416,  226,  381,  562,  154,  716,  596,  761,  718,  747,  421,  695,  439,  258,  370,  675,  183,  376,  472,  523,  649,  567,  536,  316,  442,  672,  171,  327,  374,  605,  517,  399,  190,  194,  372,  482],
        [  330,  330,  918,  702,   83,  396,  335,  214,  611,  452,  422,  426,  567,  270,  437,  390,  652,  398,  471,  435,  292,    0,  240,  117,  132,  641,  596,  429,  418,  680,  104,  724,  805,  505,  204,  510,  576,  363,  486,  782,  715,  407,  229,  480,  331,  161,  104,  565,  145,  554,  425,  484,  602,  562,  588,  523,  149,  329,  266,  618,  239,  499,  187,  523,  525,  510,  251,  227,  569,  718,  441,  392,  232,  393,  263,  467,  477,  143,  217,  619],
        [  200,  200,  732,  789,  172,  597,  297,  303,  422,  236,  612,  261,  414,  228,  468,  337,  562,  199,  653,  205,  481,  240,    0,  336,  203,  421,  589,  226,  355,  532,  303,  684,  884,  286,  334,  360,  463,  589,  375,  862,  730,  298,  127,  545,  548,  400,  144,  470,  333,  334,  210,  293,  407,  330,  623,  298,  166,  375,  201,  465,  341,  518,  248,  436,  334,  378,  277,  457,  576,  634,  648,  401,  158,  157,  365,  705,  669,  379,  145,  624],
        [  372,  372, 1034,  765,  198,  397,  447,  310,  726,  561,  434,  541,  683,  385,  531,  502,  765,  461,  487,  538,  318,  117,  336,    0,  246,  750,  695,  541,  531,  796,  173,  827,  869,  614,  140,  627,  691,  253,  601,  846,  805,  523,  345,  560,  216,  107,  193,  679,  206,  663,  534,  537,  716,  665,  675,  629,  198,  426,  382,  734,  327,  594,  181,  637,  639,  627,  238,  122,  665,  829,  434,  493,  349,  493,  199,  375,  483,  125,  333,  713],
        [  365,  365,  799,  616,   73,  398,  204,  112,  498,  362,  410,  311,  443,  140,  322,  259,  521,  397,  451,  358,  280,  132,  203,  246,    0,  546,  474,  331,  287,  554,  121,  597,  716,  414,  328,  387,  446,  478,  356,  693,  600,  280,  126,  379,  454,  256,  143,  434,  139,  462,  334,  491,  492,  482,  478,  435,  216,  215,  140,  493,  148,  382,  286,  392,  416,  384,  345,  344,  450,  587,  449,  269,  116,  328,  383,  560,  467,  220,  106,  500],
        [  528,  528,  349,  900,  561,  909,  447,  585,  136,  190,  904,  255,  242,  446,  595,  430,  436,  428,  929,  218,  794,  641,  421,  750,  546,    0,  605,  215,  416,  290,  666,  610,  966,  137,  752,  249,  346, 1002,  335,  950,  737,  342,  421,  687,  964,  795,  559,  387,  680,   88,  217,  462,  115,  111,  695,  123,  584,  570,  426,  252,  613,  605,  662,  390,  154,  288,  676,  867,  619,  492,  961,  535,  432,  270,  777, 1103,  957,  764,  441,  649],
        [  788,  788,  626,  307,  545,  541,  294,  386,  474,  531,  507,  411,  365,  367,  167,  254,  214,  768,  497,  576,  480,  596,  589,  695,  474,  605,    0,  493,  241,  375,  523,  144,  362,  551,  799,  361,  264,  867,  280,  347,  145,  319,  465,  187,  866,  651,  610,  220,  497,  569,  522,  855,  492,  630,  108,  575,  682,  270,  391,  370,  370,  106,  759,  217,  465,  321,  814,  754,   40,  223,  579,  206,  436,  595,  856,  879,  536,  608,  453,   44],
        [  384,  384,  506,  758,  348,  703,  261,  377,  197,   42,  702,   83,  208,  240,  432,  262,  393,  316,  731,   85,  586,  429,  226,  541,  331,  215,  493,    0,  261,  321,  452,  547,  838,   86,  558,  164,  286,  792,  220,  819,  636,  178,  207,  525,  756,  581,  354,  310,  466,  131,   31,  388,  181,  165,  562,  110,  391,  382,  217,  255,  408,  460,  474,  289,  109,  197,  500,  656,  495,  464,  755,  364,  218,  120,  591,  888,  757,  549,  226,  535],
        [  554,  554,  562,  498,  350,  529,   85,  244,  309,  302,  514,  182,  211,  152,  179,   30,  235,  527,  529,  341,  427,  418,  355,  531,  287,  416,  241,  261,    0,  295,  378,  330,  577,  331,  609,  174,  170,  748,   98,  558,  385,   84,  237,  272,  731,  521,  402,  149,  368,  360,  288,  615,  317,  414,  301,  357,  470,  172,  167,  249,  254,  199,  553,  107,  264,  145,  602,  619,  237,  301,  579,  120,  213,  356,  661,  801,  561,  479,  231,  281],
        [  704,  704,  270,  681,  601,  819,  370,  535,  161,  336,  800,  272,  119,  416,  435,  323,  168,  632,  808,  391,  721,  680,  532,  796,  554,  290,  375,  321,  295,    0,  660,  338,  728,  317,  847,  175,  132, 1030,  203,  715,  484,  275,  459,  514, 1007,  804,  634,  171,  656,  302,  348,  694,  187,  366,  479,  330,  687,  464,  415,   67,  548,  416,  773,  203,  222,  170,  808,  896,  402,  209,  868,  400,  449,  438,  889, 1093,  844,  763,  466,  415],
        [  426,  426,  913,  603,  132,  301,  294,  141,  615,  482,  324,  429,  554,  245,  358,  348,  608,  482,  371,  475,  192,  104,  303,  173,  121,  666,  523,  452,  378,  660,    0,  658,  707,  534,  294,  500,  544,  371,  459,  683,  632,  387,  246,  389,  355,  144,  190,  526,   42,  582,  454,  572,  610,  601,  502,  555,  248,  255,  253,  603,  155,  422,  289,  484,  535,  492,  353,  242,  493,  669,  350,  325,  236,  442,  355,  441,  380,  104,  226,  541],
        [  882,  882,  551,  386,  666,  683,  402,  518,  475,  581,  647,  467,  374,  475,  307,  352,  175,  847,  633,  632,  623,  724,  684,  827,  597,  610,  144,  547,  330,  338,  658,    0,  408,  588,  924,  392,  271, 1008,  328,  400,  162,  392,  567,  328, 1005,  790,  726,  239,  634,  594,  578,  929,  497,  659,  228,  609,  795,  404,  495,  359,  506,  248,  876,  259,  492,  354,  928,  892,  182,  135,  719,  334,  541,  661,  979, 1022,  672,  746,  558,  151],
        [ 1073, 1073,  958,  104,  785,  548,  599,  605,  836,  878,  500,  758,  727,  658,  419,  580,  560, 1078,  457,  918,  565,  805,  884,  869,  716,  966,  362,  838,  577,  728,  707,  408,    0,  904, 1000,  721,  626,  955,  637,   24,  248,  661,  758,  340,  977,  788,  857,  582,  668,  926,  865, 1171,  854,  985,  277,  929,  929,  510,  688,  731,  572,  380,  989,  577,  824,  680, 1052,  880,  348,  541,  556,  488,  727,  927, 1061,  904,  489,  752,  739,  319],
        [  411,  411,  459,  829,  425,  788,  341,  463,  166,   54,  787,  151,  222,  326,  507,  337,  423,  324,  816,   89,  672,  505,  286,  614,  414,  137,  551,   86,  331,  317,  534,  588,  904,    0,  618,  196,  318,  866,  272,  886,  692,  248,  288,  600,  828,  660,  423,  351,  550,   50,   81,  379,  143,   83,  628,   26,  450,  464,  302,  258,  494,  529,  530,  338,  100,  236,  548,  731,  558,  490,  841,  441,  302,  142,  646,  968,  842,  630,  309,  594],
        [  290,  290, 1063,  896,  260,  536,  528,  417,  753,  569,  573,  579,  730,  458,  640,  582,  841,  396,  626,  534,  456,  204,  334,  140,  328,  752,  799,  558,  609,  847,  294,  924, 1000,  618,    0,  673,  756,  309,  665,  977,  919,  584,  390,  681,  253,  244,  214,  751,  332,  666,  544,  455,  738,  655,  791,  629,  168,  532,  447,  782,  441,  702,   94,  710,  664,  681,  122,  215,  772,  909,  571,  594,  405,  483,   62,  458,  622,  264,  387,  822],
        [  539,  539,  413,  652,  430,  694,  226,  386,  135,  192,  683,  100,   57,  255,  350,  193,  231,  478,  701,  246,  587,  510,  360,  627,  387,  249,  361,  164,  174,  175,  500,  392,  721,  196,  673,    0,  124,  865,   86,  704,  500,  117,  285,  441,  839,  641,  460,  155,  501,  208,  194,  551,  144,  271,  448,  219,  512,  341,  248,  109,  406,  356,  599,  146,  104,   41,  634,  731,  373,  301,  746,  294,  278,  283,  715,  939,  732,  603,  294,  405],
        [  651,  651,  402,  568,  501,  688,  250,  413,  212,  315,  668,  213,  105,  306,  304,  199,  107,  598,  677,  369,  592,  576,  463,  691,  446,  346,  264,  286,  170,  132,  544,  271,  626,  318,  756,  124,    0,  915,   92,  610,  392,  173,  368,  386,  896,  688,  543,   45,  536,  323,  317,  673,  232,  388,  363,  339,  603,  335,  311,  108,  422,  290,  689,   71,  221,   90,  731,  784,  285,  179,  736,  269,  352,  405,  803,  970,  712,  646,  369,  307],
        [  595,  595, 1277,  856,  445,  412,  665,  507,  972,  813,  460,  786,  921,  614,  702,  719,  976,  697,  509,  791,  403,  363,  589,  253,  478, 1002,  867,  792,  748, 1030,  371, 1008,  955,  866,  309,  865,  915,    0,  829,  933,  953,  756,  591,  702,   61,  228,  446,  896,  383,  915,  786,  762,  964,  918,  821,  882,  441,  610,  618,  971,  508,  762,  395,  854,  887,  861,  429,  136,  832, 1034,  419,  684,  590,  746,  335,  160,  487,  270,  576,  876],
        [  567,  567,  466,  567,  410,  626,  168,  333,  217,  256,  611,  140,  115,  217,  266,  123,  187,  522,  625,  305,  523,  486,  375,  601,  356,  335,  280,  220,   98,  203,  459,  328,  637,  272,  665,   86,   92,  829,    0,  619,  421,   82,  277,  357,  808,  602,  452,   97,  454,  290,  251,  601,  228,  351,  363,  296,  513,  269,  221,  152,  346,  271,  598,   70,  188,   50,  641,  697,  289,  260,  676,  215,  260,  333,  712,  890,  658,  562,  278,  323],
        [ 1051, 1051,  948,   81,  762,  527,  578,  582,  821,  859,  479,  739,  711,  637,  398,  560,  548, 1056,  436,  898,  542,  782,  862,  846,  693,  950,  347,  819,  558,  715,  683,  400,   24,  886,  977,  704,  610,  933,  619,    0,  238,  642,  736,  317,  954,  765,  834,  567,  645,  909,  845, 1149,  838,  967,  258,  911,  906,  488,  666,  716,  549,  360,  966,  561,  806,  663, 1029,  858,  331,  531,  536,  467,  705,  907, 1038,  883,  469,  729,  717,  304],
        [  928,  928,  711,  228,  672,  587,  433,  502,  604,  674,  545,  554,  496,  504,  279,  397,  316,  911,  521,  720,  552,  715,  730,  805,  600,  737,  145,  636,  385,  484,  632,  162,  248,  692,  919,  500,  392,  953,  421,  238,    0,  464,  604,  251,  959,  749,  740,  351,  601,  707,  666,  999,  623,  770,  133,  716,  813,  387,  530,  493,  479,  219,  886,  355,  603,  459,  944,  850,  154,  294,  615,  335,  575,  739,  977,  942,  560,  707,  590,  106],
        [  493,  493,  528,  582,  330,  580,  111,  270,  247,  218,  570,   98,  168,  142,  260,   89,  266,  456,  591,  259,  471,  407,  298,  523,  280,  342,  319,  178,   84,  275,  387,  392,  661,  248,  584,  117,  173,  756,   82,  642,  464,    0,  195,  353,  733,  530,  371,  174,  386,  279,  205,  540,  250,  331,  385,  274,  432,  230,  141,  216,  290,  283,  517,  138,  189,  106,  561,  622,  319,  338,  631,  195,  180,  276,  630,  824,  621,  491,  197,  361],
        [  324,  324,  689,  664,  148,  514,  171,  196,  382,  236,  520,  197,  342,  101,  341,  215,  459,  321,  556,  234,  396,  229,  127,  345,  126,  421,  465,  207,  237,  459,  246,  567,  758,  288,  390,  285,  368,  591,  277,  736,  604,  195,    0,  420,  560,  376,  177,  367,  264,  336,  208,  415,  373,  357,  497,  309,  237,  251,   75,  394,  233,  392,  323,  329,  297,  292,  368,  455,  450,  530,  566,  275,   32,  210,  436,  683,  577,  343,   25,  499],
        [  734,  734,  780,  245,  450,  355,  270,  271,  573,  566,  320,  450,  466,  322,   94,  264,  376,  741,  312,  598,  303,  480,  545,  560,  379,  687,  187,  525,  272,  514,  389,  328,  340,  600,  681,  441,  386,  702,  357,  317,  251,  353,  420,    0,  708,  499,  522,  344,  355,  631,  548,  834,  584,  683,  119,  626,  594,  171,  352,  490,  242,  100,  659,  319,  536,  406,  721,  600,  148,  403,  393,  161,  389,  600,  741,  699,  350,  457,  400,  181],
        [  541,  541, 1248,  875,  413,  440,  648,  495,  941,  776,  488,  756,  895,  592,  700,  702,  963,  645,  539,  751,  416,  331,  548,  216,  454,  964,  866,  756,  731, 1007,  355, 1005,  977,  828,  253,  839,  896,   61,  808,  954,  959,  733,  560,  708,    0,  216,  406,  880,  373,  877,  749,  707,  931,  877,  827,  843,  394,  603,  593,  946,  501,  761,  341,  838,  855,  837,  373,  114,  832, 1023,  454,  676,  562,  704,  276,  220,  520,  259,  547,  877],
        [  468,  468, 1054,  685,  236,  293,  438,  280,  753,  607,  332,  566,  696,  388,  485,  491,  750,  550,  386,  593,  226,  161,  400,  107,  256,  795,  651,  581,  521,  804,  144,  790,  788,  660,  244,  641,  688,  228,  602,  765,  749,  530,  376,  499,  216,    0,  262,  669,  158,  709,  579,  630,  746,  720,  617,  678,  288,  388,  394,  745,  285,  547,  285,  627,  671,  635,  344,  103,  618,  809,  328,  460,  371,  553,  301,  309,  380,   44,  358,  664],
        [  236,  236,  856,  757,   73,  491,  325,  252,  545,  371,  514,  367,  517,  252,  463,  377,  631,  296,  560,  346,  381,  104,  144,  193,  143,  559,  610,  354,  402,  634,  190,  726,  857,  423,  214,  460,  543,  446,  452,  834,  740,  371,  177,  522,  406,  262,    0,  540,  229,  472,  344,  383,  533,  473,  620,  438,   73,  357,  237,  569,  286,  522,  151,  501,  457,  468,  205,  314,  588,  701,  538,  406,  193,  300,  260,  562,  570,  246,  175,  638],
        [  663,  663,  439,  524,  493,  654,  233,  391,  255,  343,  633,  233,  146,  296,  265,  178,   93,  617,  639,  395,  562,  565,  470,  679,  434,  387,  220,  310,  149,  171,  526,  239,  582,  351,  751,  155,   45,  896,   97,  567,  351,  174,  367,  344,  880,  669,  540,    0,  515,  360,  341,  695,  273,  424,  319,  373,  603,  305,  305,  152,  397,  247,  689,   43,  256,  116,  734,  767,  241,  164,  702,  236,  348,  426,  800,  945,  675,  627,  366,  264],
        [  464,  464,  913,  564,  166,  266,  287,  125,  621,  498,  286,  436,  554,  247,  331,  338,  594,  517,  332,  496,  154,  145,  333,  206,  139,  680,  497,  466,  368,  656,   42,  634,  668,  550,  332,  501,  536,  383,  454,  645,  601,  386,  264,  355,  373,  158,  229,  515,    0,  597,  471,  608,  618,  620,  470,  572,  289,  231,  259,  601,  128,  393,  330,  473,  544,  490,  394,  260,  465,  652,  316,  303,  249,  466,  394,  438,  342,  114,  241,  512],
        [  451,  451,  418,  854,  474,  832,  379,  507,  143,  103,  830,  185,  221,  368,  538,  368,  424,  358,  857,  133,  716,  554,  334,  663,  462,   88,  569,  131,  360,  302,  582,  594,  926,   50,  666,  208,  323,  915,  290,  909,  707,  279,  336,  631,  877,  709,  472,  360,  597,    0,  130,  404,  118,   66,  652,   39,  498,  502,  346,  249,  537,  555,  577,  353,  105,  249,  593,  780,  579,  488,  884,  474,  349,  186,  692, 1017,  884,  678,  357,  613],
        [  358,  358,  524,  784,  344,  713,  282,  388,  217,   28,  715,  112,  237,  255,  456,  287,  424,  286,  746,   55,  596,  425,  210,  534,  334,  217,  522,   31,  288,  348,  454,  578,  865,   81,  544,  194,  317,  786,  251,  845,  666,  205,  208,  548,  749,  579,  344,  341,  471,  130,    0,  357,  199,  151,  589,  101,  376,  401,  229,  283,  421,  486,  458,  320,  131,  228,  480,  651,  523,  495,  766,  388,  224,   91,  574,  887,  770,  549,  230,  564],
        [  167,  167,  811, 1078,  443,  873,  574,  595,  543,  362,  893,  463,  590,  513,  753,  603,  780,   95,  938,  307,  761,  484,  293,  537,  491,  462,  855,  388,  615,  694,  572,  929, 1171,  379,  455,  551,  673,  762,  601, 1149,  999,  540,  415,  834,  707,  630,  383,  695,  608,  404,  357,    0,  519,  353,  904,  369,  343,  665,  483,  633,  633,  798,  368,  670,  474,  583,  337,  651,  848,  851,  921,  684,  446,  269,  445,  905,  950,  623,  436,  894],
        [  551,  551,  326,  790,  520,  829,  360,  512,   26,  178,  820,  182,  128,  374,  493,  334,  323,  466,  840,  228,  718,  602,  407,  716,  492,  115,  492,  181,  317,  187,  610,  497,  854,  143,  738,  144,  232,  964,  228,  838,  623,  250,  373,  584,  931,  746,  533,  273,  618,  118,  199,  519,    0,  180,  585,  150,  571,  480,  359,  140,  536,  497,  654,  278,   77,  179,  678,  828,  508,  382,  881,  436,  376,  280,  772, 1051,  871,  711,  389,  536],
        [  419,  419,  459,  911,  484,  864,  423,  539,  205,  126,  865,  234,  286,  404,  590,  419,  490,  318,  895,  128,  747,  562,  330,  665,  482,  111,  630,  165,  414,  366,  601,  659,  985,   83,  655,  271,  388,  918,  351,  967,  770,  331,  357,  683,  877,  720,  473,  424,  620,   66,  151,  353,  180,    0,  710,   58,  489,  545,  379,  314,  571,  611,  563,  415,  168,  312,  572,  785,  638,  554,  917,  524,  374,  174,  676, 1028,  920,  692,  379,  673],
        [  819,  819,  733,  206,  550,  464,  330,  375,  569,  602,  425,  482,  459,  396,  158,  305,  321,  812,  408,  642,  421,  588,  623,  675,  478,  695,  108,  562,  301,  479,  502,  228,  277,  628,  791,  448,  363,  821,  363,  258,  133,  385,  497,  119,  827,  617,  620,  319,  470,  652,  589,  904,  585,  710,    0,  653,  692,  264,  424,  470,  350,  107,  763,  307,  550,  408,  822,  718,   79,  328,  497,  223,  466,  653,  850,  815,  447,  575,  480,   78],
        [  413,  413,  457,  854,  443,  812,  367,  486,  174,   74,  811,  177,  240,  350,  533,  362,  443,  320,  840,   96,  695,  523,  298,  629,  435,  123,  575,  110,  357,  330,  555,  609,  929,   26,  629,  219,  339,  882,  296,  911,  716,  274,  309,  626,  843,  678,  438,  373,  572,   39,  101,  369,  150,   58,  653,    0,  462,  489,  326,  273,  518,  554,  540,  362,  119,  259,  554,  748,  582,  509,  864,  467,  324,  148,  655,  986,  866,  649,  331,  619],
        [  183,  183,  897,  828,  145,  544,  394,  324,  586,  401,  570,  416,  568,  321,  536,  445,  695,  264,  619,  367,  439,  149,  166,  198,  216,  584,  682,  391,  470,  687,  248,  795,  929,  450,  168,  512,  603,  441,  513,  906,  813,  432,  237,  594,  394,  288,   73,  603,  289,  498,  376,  343,  571,  489,  692,  462,    0,  429,  303,  620,  358,  594,   87,  565,  497,  524,  134,  317,  660,  766,  589,  479,  258,  317,  203,  572,  625,  282,  240,  710],
        [  564,  564,  733,  414,  287,  357,  124,  117,  475,  422,  343,  318,  382,  157,  108,  149,  373,  572,  361,  446,  258,  329,  375,  426,  215,  570,  270,  382,  172,  464,  255,  404,  510,  464,  532,  341,  335,  610,  269,  488,  387,  230,  251,  171,  603,  388,  357,  305,  231,  502,  401,  665,  480,  545,  264,  489,  429,    0,  187,  420,  103,  170,  500,  265,  418,  315,  559,  490,  241,  426,  407,   74,  220,  441,  591,  644,  392,  344,  230,  290],
        [  399,  399,  661,  596,  190,  487,   97,  161,  363,  254,  487,  178,  304,   31,  270,  143,  395,  391,  518,  267,  370,  266,  201,  382,  140,  426,  391,  217,  167,  415,  253,  495,  688,  302,  447,  248,  311,  618,  221,  666,  530,  141,   75,  352,  593,  394,  237,  305,  259,  346,  229,  483,  359,  379,  424,  326,  303,  187,    0,  354,  193,  318,  387,  265,  285,  245,  436,  483,  376,  465,  539,  202,   47,  256,  496,  694,  542,  356,   64,  425],
        [  638,  638,  315,  675,  538,  777,  318,  482,  116,  272,  760,  206,   53,  358,  405,  274,  185,  568,  773,  328,  675,  618,  465,  734,  493,  252,  370,  255,  249,   67,  603,  359,  731,  258,  782,  109,  108,  971,  152,  716,  493,  216,  394,  490,  946,  745,  569,  152,  601,  249,  283,  633,  140,  314,  470,  273,  620,  420,  354,    0,  498,  395,  707,  172,  160,  112,  741,  836,  392,  242,  827,  362,  386,  373,  823, 1039,  807,  706,  402,  413],
        [  512,  512,  812,  471,  214,  296,  181,   39,  535,  446,  294,  360,  454,  169,  205,  226,  471,  539,  326,  458,  183,  239,  341,  327,  148,  613,  370,  408,  254,  548,  155,  506,  572,  494,  441,  406,  422,  508,  346,  549,  479,  290,  233,  242,  501,  285,  286,  397,  128,  537,  421,  633,  536,  571,  350,  518,  358,  103,  193,  498,    0,  268,  419,  356,  467,  388,  481,  387,  339,  527,  348,  176,  206,  441,  501,  549,  350,  242,  209,  387],
        [  715,  715,  681,  300,  454,  444,  224,  286,  484,  500,  413,  380,  376,  291,   64,  200,  276,  707,  409,  538,  376,  499,  518,  594,  382,  605,  106,  460,  199,  416,  422,  248,  380,  529,  702,  356,  290,  762,  271,  360,  219,  283,  392,  100,  761,  547,  522,  247,  393,  555,  486,  798,  497,  611,  107,  554,  594,  170,  318,  395,  268,    0,  668,  225,  456,  318,  726,  650,   72,  307,  485,  118,  361,  548,  761,  775,  447,  504,  376,  120],
        [  201,  201,  980,  887,  214,  566,  475,  389,  670,  482,  598,  502,  655,  402,  607,  527,  780,  305,  649,  445,  472,  187,  248,  181,  286,  662,  759,  474,  553,  773,  289,  876,  989,  530,   94,  599,  689,  395,  598,  966,  886,  517,  323,  659,  341,  285,  151,  689,  330,  577,  458,  368,  654,  563,  763,  540,   87,  500,  387,  707,  419,  668,    0,  649,  582,  611,   65,  286,  735,  850,  606,  554,  342,  392,  118,  538,  650,  293,  324,  785],
        [  631,  631,  472,  513,  452,  618,  191,  349,  263,  325,  598,  209,  153,  254,  235,  136,  131,  589,  606,  374,  523,  523,  436,  637,  392,  390,  217,  289,  107,  203,  484,  259,  577,  338,  710,  146,   71,  854,   70,  561,  355,  138,  329,  319,  838,  627,  501,   43,  473,  353,  320,  670,  278,  415,  307,  362,  565,  265,  265,  172,  356,  225,  649,    0,  250,  105,  696,  725,  230,  202,  666,  199,  308,  402,  760,  904,  641,  585,  326,  260],
        [  488,  488,  400,  753,  443,  761,  296,  441,   89,  116,  755,  108,  122,  302,  443,  277,  324,  412,  777,  170,  649,  525,  334,  639,  416,  154,  465,  109,  264,  222,  535,  492,  824,  100,  664,  104,  221,  887,  188,  806,  603,  189,  297,  536,  855,  671,  457,  256,  544,  105,  131,  474,   77,  168,  550,  119,  497,  418,  285,  160,  467,  456,  582,  250,    0,  145,  608,  751,  476,  391,  813,  382,  301,  219,  699,  976,  807,  636,  313,  509],
        [  563,  563,  425,  613,  432,  671,  208,  371,  168,  228,  657,  124,   68,  247,  315,  167,  197,  508,  673,  281,  567,  510,  378,  627,  384,  288,  321,  197,  145,  170,  492,  354,  680,  236,  681,   41,   90,  861,   50,  663,  459,  106,  292,  406,  837,  635,  468,  116,  490,  249,  228,  583,  179,  312,  408,  259,  524,  315,  245,  112,  388,  318,  611,  105,  145,    0,  650,  727,  333,  268,  722,  263,  280,  315,  726,  928,  705,  595,  297,  365],
        [  176,  176, 1003,  950,  273,  628,  527,  450,  696,  503,  661,  536,  689,  454,  666,  578,  826,  288,  713,  460,  536,  251,  277,  238,  345,  676,  814,  500,  602,  808,  353,  928, 1052,  548,  122,  634,  731,  429,  641, 1029,  944,  561,  368,  721,  373,  344,  205,  734,  394,  593,  480,  337,  678,  572,  822,  554,  134,  559,  436,  741,  481,  726,   65,  696,  608,  650,    0,  333,  793,  897,  668,  611,  390,  407,  110,  580,  713,  355,  372,  843],
        [  484,  484, 1141,  778,  309,  361,  535,  381,  837,  678,  405,  650,  786,  481,  588,  589,  849,  579,  458,  658,  316,  227,  457,  122,  344,  867,  754,  656,  619,  896,  242,  892,  880,  731,  215,  731,  784,  136,  697,  858,  850,  622,  455,  600,  114,  103,  314,  767,  260,  780,  651,  651,  828,  785,  718,  748,  317,  490,  483,  836,  387,  650,  286,  725,  751,  727,  333,    0,  720,  910,  385,  562,  455,  613,  260,  256,  445,  146,  441,  766],
        [  774,  774,  658,  284,  522,  502,  280,  357,  492,  534,  467,  413,  382,  350,  135,  246,  246,  759,  457,  577,  442,  569,  576,  665,  450,  619,   40,  495,  237,  402,  493,  182,  348,  558,  772,  373,  285,  832,  289,  331,  154,  319,  450,  148,  832,  618,  588,  241,  465,  579,  523,  848,  508,  638,   79,  582,  660,  241,  376,  392,  339,   72,  735,  230,  476,  333,  793,  720,    0,  261,  540,  182,  421,  592,  830,  840,  496,  575,  436,   50],
        [  827,  827,  418,  510,  650,  749,  384,  529,  358,  492,  719,  391,  269,  452,  352,  329,   73,  776,  714,  546,  672,  718,  634,  829,  587,  492,  223,  464,  301,  209,  669,  135,  541,  490,  909,  301,  179, 1034,  260,  531,  294,  338,  530,  403, 1023,  809,  701,  164,  652,  488,  495,  851,  382,  554,  328,  509,  766,  426,  465,  242,  527,  307,  850,  202,  391,  268,  897,  910,  261,    0,  791,  353,  509,  583,  960, 1068,  753,  766,  527,  252],
        [  770,  770, 1137,  464,  481,   53,  521,  378,  878,  792,   73,  707,  789,  517,  443,  555,  755,  831,  100,  799,  171,  441,  648,  434,  449,  961,  579,  755,  579,  868,  350,  719,  556,  841,  571,  746,  736,  419,  676,  536,  615,  631,  566,  393,  454,  328,  538,  702,  316,  884,  766,  921,  881,  917,  497,  864,  589,  407,  539,  827,  348,  485,  606,  666,  813,  722,  668,  385,  540,  791,    0,  468,  544,  775,  627,  349,   69,  314,  542,  569],
        [  597,  597,  670,  400,  340,  420,  112,  184,  428,  406,  400,  291,  329,  174,   70,  106,  300,  592,  412,  438,  327,  392,  401,  493,  269,  535,  206,  364,  120,  400,  325,  334,  488,  441,  594,  294,  269,  684,  215,  467,  335,  195,  275,  161,  676,  460,  406,  236,  303,  474,  388,  684,  436,  524,  223,  467,  479,   74,  202,  362,  176,  118,  554,  199,  382,  263,  611,  562,  182,  353,  468,    0,  244,  441,  651,  717,  445,  417,  258,  232],
        [  354,  354,  687,  633,  153,  492,  143,  170,  383,  251,  497,  196,  335,   71,  310,  189,  439,  352,  531,  255,  374,  232,  158,  349,  116,  432,  436,  218,  213,  449,  236,  541,  727,  302,  405,  278,  352,  590,  260,  705,  575,  180,   32,  389,  562,  371,  193,  348,  249,  349,  224,  446,  376,  374,  466,  324,  258,  220,   47,  386,  206,  361,  342,  308,  301,  280,  390,  455,  421,  509,  544,  244,    0,  235,  453,  675,  553,  336,   19,  470],
        [  272,  272,  600,  841,  319,  723,  331,  405,  300,  104,  730,  194,  327,  286,  511,  349,  511,  196,  766,   54,  605,  393,  157,  493,  328,  270,  595,  120,  356,  438,  442,  661,  927,  142,  483,  283,  405,  746,  333,  907,  739,  276,  210,  600,  704,  553,  300,  426,  466,  186,   91,  269,  280,  174,  653,  148,  317,  441,  256,  373,  441,  548,  392,  402,  219,  315,  407,  613,  592,  583,  775,  441,  235,    0,  507,  859,  787,  528,  234,  636],
        [  286,  286, 1097,  958,  314,  594,  581,  476,  787,  598,  632,  618,  771,  509,  699,  634,  891,  398,  685,  560,  517,  263,  365,  199,  383,  777,  856,  591,  661,  889,  355,  979, 1061,  646,   62,  715,  803,  335,  712, 1038,  977,  630,  436,  741,  276,  301,  260,  800,  394,  692,  574,  445,  772,  676,  850,  655,  203,  591,  496,  823,  501,  761,  118,  760,  699,  726,  110,  260,  830,  960,  627,  651,  453,  507,    0,  490,  680,  324,  435,  880],
        [  738,  738, 1351,  810,  544,  361,  723,  558, 1056,  915,  408,  870,  992,  684,  720,  772, 1017,  834,  448,  900,  399,  467,  705,  375,  560, 1103,  879,  888,  801, 1093,  441, 1022,  904,  968,  458,  939,  970,  160,  890,  883,  942,  824,  683,  699,  220,  309,  562,  945,  438, 1017,  887,  905, 1051, 1028,  815,  986,  572,  644,  694, 1039,  549,  775,  538,  904,  976,  928,  580,  256,  840, 1068,  349,  717,  675,  859,  490,    0,  417,  340,  664,  879],
        [  805,  805, 1113,  398,  507,   87,  511,  384,  866,  795,   58,  703,  772,  517,  412,  540,  721,  858,   40,  807,  190,  477,  669,  483,  467,  957,  536,  757,  561,  844,  380,  672,  489,  842,  622,  732,  712,  487,  658,  469,  560,  621,  577,  350,  520,  380,  570,  675,  342,  884,  770,  950,  871,  920,  447,  866,  625,  392,  542,  807,  350,  447,  650,  641,  807,  705,  713,  445,  496,  753,   69,  445,  553,  787,  680,  417,    0,  360,  553,  522],
        [  465,  465, 1016,  648,  210,  275,  397,  238,  717,  577,  310,  531,  657,  349,  442,  449,  707,  539,  363,  566,  194,  143,  379,  125,  220,  764,  608,  549,  479,  763,  104,  746,  752,  630,  264,  603,  646,  270,  562,  729,  707,  491,  343,  457,  259,   44,  246,  627,  114,  678,  549,  623,  711,  692,  575,  649,  282,  344,  356,  706,  242,  504,  293,  585,  636,  595,  355,  146,  575,  766,  314,  417,  336,  528,  324,  340,  360,    0,  324,  621],
