{
    "name": "random-96-8913",
    "comment": "size=96 seed=8913",
    "nodes": ["+0", "-0", "+1", "-1", "+2", "-2", "+3", "-3", "+4", "-4", "+5", "-5", "+6", "-6", "+7", "-7", "+8", "-8", "+9", "-9", "+10", "-10", "+11", "-11", "+12", "-12", "+13", "-13", "+14", "-14", "+15", "-15", "+16", "-16", "+17", "-17", "+18", "-18", "+19", "-19", "+20", "-20", "+21", "-21", "+22", "-22", "+23", "-23", "+24", "-24", "+25", "-25", "+26", "-26", "+27", "-27", "+28", "-28", "+29", "-29", "+30", "-30", "+31", "-31", "+32", "-32", "+33", "-33", "+34", "-34", "+35", "-35", "+36", "-36", "+37", "-37", "+38", "-38", "+39", "-39", "+40", "-40", "+41", "-41", "+42", "-42", "+43", "-43", "+44", "-44", "+45", "-45", "+46", "-46", "+47", "-47", "+48", "-48", "+49", "-49", "+50", "-50", "+51", "-51", "+52", "-52", "+53", "-53", "+54", "-54", "+55", "-55", "+56", "-56", "+57", "-57", "+58", "-58", "+59", "-59", "+60", "-60", "+61", "-61", "+62", "-62", "+63", "-63", "+64", "-64", "+65", "-65", "+66", "-66", "+67", "-67", "+68", "-68", "+69", "-69", "+70", "-70", "+71", "-71", "+72", "-72", "+73", "-73", "+74", "-74", "+75", "-75", "+76", "-76", "+77", "-77", "+78", "-78", "+79", "-79", "+80", "-80", "+81", "-81", "+82", "-82", "+83", "-83", "+84", "-84", "+85", "-85", "+86", "-86", "+87", "-87", "+88", "-88", "+89", "-89", "+90", "-90", "+91", "-91", "+92", "-92", "+93", "-93", "+94", "-94", "+95", "-95", "+96", "-96"],
    "precedence": {
        "+0": "-0",
        "+1": "-1",
        "+2": "-2",
        "+3": "-3",
        "+4": "-4",
        "+5": "-5",
        "+6": "-6",
        "+7": "-7",
        "+8": "-8",
        "+9": "-9",
        "+10": "-10",
        "+11": "-11",
        "+12": "-12",
        "+13": "-13",
        "+14": "-14",
        "+15": "-15",
        "+16": "-16",
        "+17": "-17",
        "+18": "-18",
        "+19": "-19",
        "+20": "-20",
        "+21": "-21",
        "+22": "-22",
        "+23": "-23",
        "+24": "-24",
        "+25": "-25",
        "+26": "-26",
        "+27": "-27",
        "+28": "-28",
        "+29": "-29",
        "+30": "-30",
        "+31": "-31",
        "+32": "-32",
        "+33": "-33",
        "+34": "-34",
        "+35": "-35",
        "+36": "-36",
        "+37": "-37",
        "+38": "-38",
        "+39": "-39",
        "+40": "-40",
        "+41": "-41",
        "+42": "-42",
        "+43": "-43",
        "+44": "-44",
        "+45": "-45",
        "+46": "-46",
        "+47": "-47",
        "+48": "-48",
        "+49": "-49",
        "+50": "-50",
        "+51": "-51",
        "+52": "-52",
        "+53": "-53",
        "+54": "-54",
        "+55": "-55",
        "+56": "-56",
        "+57": "-57",
        "+58": "-58",
        "+59": "-59",
        "+60": "-60",
        "+61": "-61",
        "+62": "-62",
        "+63": "-63",
        "+64": "-64",
        "+65": "-65",
        "+66": "-66",
        "+67": "-67",
        "+68": "-68",
        "+69": "-69",
        "+70": "-70",
        "+71": "-71",
        "+72": "-72",
        "+73": "-73",
        "+74": "-74",
        "+75": "-75",
        "+76": "-76",
        "+77": "-77",
        "+78": "-78",
        "+79": "-79",
        "+80": "-80",
        "+81": "-81",
        "+82": "-82",
        "+83": "-83",
        "+84": "-84",
        "+85": "-85",
        "+86": "-86",
        "+87": "-87",
        "+88": "-88",
        "+89": "-89",
        "+90": "-90",
        "+91": "-91",
        "+92": "-92",
        "+93": "-93",
        "+94": "-94",
        "+95": "-95",
        "+96": "-96"
    },
    "edges": [
        [    0,    0,  658,  300,  755,  815,  278,  943,  531,  997,  641,  683,  711,  301,  731,  342,  670,  706,  935,  896,  705,  818,  702,  734,  716,  890,  770,  625,  896,  849,  378,  594,  845,  825,  717, 1115,  806,  568,  754,  738,  369,  828,  713,  951,  662, 1119,  996,  693,  185,  733,  943,  863,  351,  222,  327,   23,  752,  338,  705,  492,  557,  603, 1131,  561,  369,  552,  352,  165,  846,  773,  825,  532,  719,  920,  840,  734,  832,  171,  753,  417, 1046,  243,  722,  190,  422,  921,  998,  771,  639,   62,  692,  490,  510,  631,  642,  827,  344,  612,  663,  303,  697,  287,  788,  598,  122,  483,  598,  695,   80,  886,  318,  559,  789,  132,  674,  598,  628,  128,  822,  351, 1098,  681,  684,  820,  187, 1019,  413,  582,  333,  492,  781,  442,  232,  677,  679,  404,  539,  495,  758,  686,  825,  714,  830,  962,  463, 1037,  738,  950,  858, 1148,   97,  829,  166,  141,  526,  660,  740,  387,  774,  453,  916,  767,  768,  970,  755,  857,  186,  533,  542,  476,  144,  839,  659,  411,  760,  889,  314,  602,  977,  278,  750,  715,  407,  585,  857, 1080,  716,  604,  682,  218,   89,  876,  919,  623],
        [    0,    0,    0,    0,    0,    0,    0,    0,    0,    0,    0,    0,    0,    0,    0,    0,    0,    0,    0,    0,    0,    0,    0,    0,    0,    0,    0,    0,    0,    0,    0,    0,    0,    0,    0,    0,    0,    0,    0,    0,    0,    0,    0,    0,    0,    0,    0,    0,    0,    0,    0,    0,    0,    0,    0,    0,    0,    0,    0,    0,    0,    0,    0,    0,    0,    0,    0,    0,    0,    0,    0,    0,    0,    0,    0,    0,    0,    0,    0,    0,    0,    0,    0,    0,    0,    0,    0,    0,    0,    0,    0,    0,    0,    0,    0,    0,    0,    0,    0,    0,    0,    0,    0,    0,    0,    0,    0,    0,    0,    0,    0,    0,    0,    0,    0,    0,    0,    0,    0,    0,    0,    0,    0,    0,    0,    0,    0,    0,    0,    0,    0,    0,    0,    0,    0,    0,    0,    0,    0,    0,    0,    0,    0,    0,    0,    0,    0,    0,    0,    0,    0,    0,    0,    0,    0,    0,    0,    0,    0,    0,    0,    0,    0,    0,    0,    0,    0,    0,    0,    0,    0,    0,    0,    0,    0,    0,    0,    0,    0,    0,    0,    0,    0,    0,    0,    0,    0,    0,    0,    0,    0,    0,    0,    0],
        [  658,    0,    0,  499,  992,  659,  382,  714,  894,  753,   35,  387,  493,  365,  841,  318,   53,  422,  579, 1053,  996,  846,  570,  454, 1060,  735,  738,  192, 1139,  677,  311,  520,  665,  713, 1087,  934,  686,  244, 1001, 1028,  307,  392,  789, 1226,  468,  952,  857,  343,  803,  243, 1032,  940,  658,  797,  713,  679,  215,  565,  567,  400,  342,  654,  834,  949,  459,  618,  473,  766, 1086, 1076,  461,  134,  213,  967,  411,  237,  549,  679,  703,  861,  780,  738,  505,  486,  867, 1255,  846,  114,  144,  607,   43,  505,  795, 1040,  812,  427,  882,  592,  645,  839,  375,  414,  156,  790,  777,  176,  821,   54,  579,  597,  386,  999,  941,  534,  450,  259,   80,  774, 1008,  497,  794,  786, 1019,  973,  736,  948,  579,  356,  592,  471, 1037,  421,  666,  101,  924,  923,  954,  651, 1017,  359,  422,   68, 1150,  751,  805,  713,   82,  622, 1135,  949,  629,  902,  650,  796,  154,  711,  594,  614,  940,  206,  797,  612,  303,  930,  327,  558,  790,  954,  617,  571,  518,  990,  564,  340,  922,  626,  392,  891,  663,  781,   99, 1084,  595,  850, 1145,  887,  736,  305,  634,  642,  684,  744, 1072,  917],
        [  300,    0,  499,    0,  573,  518,  205,  644,  414,  699,  497,  396,  413,  187,  488,  236,  489,  416,  640,  684,  551,  555,  404,  440,  596,  595,  488,  392,  726,  552,  195,  296,  548,  533,  615,  823,  513,  322,  578,  585,  206,  552,  457,  800,  364,  829,  706,  415,  355,  486,  708,  618,  168,  326,  215,  310,  516,   82,  407,  201,  278,  326,  831,  465,   73,  273,   54,  316,  671,  630,  536,  412,  480,  669,  562,  489,  534,  213,  467,  363,  747,  249,  424,  151,  370,  804,  707,  603,  423,  241,  520,  192,  334,  555,  416,  544,  390,  321,  376,  349,  414,  111,  588,  378,  405,  347,  395,  518,  259,  588,  125,  505,  568,  195,  379,  343,  441,  360,  619,   53,  799,  432,  557,  602,  267,  742,  144,  299,  103,  193,  611,  149,  176,  476,  496,  426,  464,  241,  588,  405,  543,  566,  700,  665,  323,  739,  566,  653,  704,  855,  214,  581,  187,  397,  346,  390,  442,  148,  559,  334,  627,  469,  507,  698,  486,  561,  335,  463,  264,  193,  254,  621,  362,  166,  542,  590,  119,  438,  679,  288,  570,  613,  149,  405,  710,  786,  443,  334,  392,  157,  263,  584,  707,  464],
        [  755,    0,  992,  573,    0,  503,  778,  605,  241,  641, 1004,  672,  585,  758,  191,  803,  960,  655,  747,  159,   81,  280,  496,  645,  159,  507,  361,  818,  153,  522,  742,  488,  531,  451,  203,  624,  462,  752,   17,   78,  761,  810,  243,  235,  576,  611,  519,  723,  647,  852,  247,  224,  424,  582,  430,  749,  898,  492,  501,  593,  656,  346,  761,  244,  568,  375,  564,  632,   98,  112,  733,  948,  866,  278,  804,  858,  646,  585,  385,  370,  686,  519,  582,  706,  368,  275,  534, 1068,  866,  723,  995,  488,  250,  256,  182,  771,  495,  418,  383,  508,  695,  683, 1015,  204,  791,  885,  180,  987,  767,  661,  690,  310,  118,  724,  603,  747,  915,  711,   85,  542,  754,  225,  143,  121,  581,  453,  440,  649,  476,  521,   48,  579,  526,  926,   79,  453,  283,  349,   36,  702,  774, 1057,  178,  590,  293,  748, 1033,  721,  144,  662,  666,  223,  593,  749,  852,  305,  501,  426,   99,  882,  471,  506,  830,  396,  793,  668,  627,  291,  375,  426,  794,  129,  472,  676,  109,  632,  684,  154,  713,  496, 1027,  201,  429,  174,  156,  619,  313,  706,  409,  545,  670,  479,  180,  137],
        [  815,    0,  659,  518,  503,    0,  658,  135,  579,  188,  683,  272,  167,  625,  313,  640,  611,  237,  244,  479,  556,  245,  117,  208,  643,   83,  143,  468,  608,   35,  557,  224,   35,   63,  685,  312,   43,  434,  519,  573,  581,  344,  264,  700,  202,  322,  208,  319,  821,  443,  419,  341,  510,  768,  575,  823,  488,  482,  116,  361,  352,  248,  327,  627,  455,  283,  469,  786,  566,  614,  256,  682,  467,  344,  333,  449,  154,  689,  121,  651,  240,  676,  154,  659,  654,  770,  202,  692,  515,  757,  643,  326,  478,  696,  363,  300,  760,  208,  175,  740,  286,  576,  615,  383,  911,  636,  419,  631,  776,  159,  558,  706,  399,  710,  213,  408,  581,  851,  470,  466,  301,  293,  609,  420,  727,  290,  412,  327,  495,  330,  549,  396,  625,  565,  476,  756,  657,  362,  538,  301,  304,  710,  680,  148,  535,  265,  665,  219,  632,  340,  723,  312,  674,  891,  571,  232,   80,  451,  412,  653,  140,   53,  398,  276,  361,  170,  797,  663,  294,  346,  761,  430,  156,  480,  397,  130,  557,  505,  218,  689,  650,  683,  423,  468,  648,  272,  197,  363,  146,  623,  763,   86,  491,  521],
        [  278,    0,  382,  205,  778,  658,    0,  769,  609,  822,  367,  459,  518,   35,  686,   65,  392,  490,  718,  886,  754,  741,  541,  523,  795,  740,  661,  358,  930,  690,  118,  439,  682,  687,  811,  969,  663,  313,  782,  788,  101,  582,  649, 1004,  470,  979,  860,  455,  425,  469,  904,  812,  365,  427,  395,  299,  482,  287,  542,  298,  333,  511,  944,  657,  226,  459,  223,  390,  876,  832,  598,  262,  452,  860,  597,  469,  630,  313,  634,  538,  866,  384,  531,  110,  544, 1004,  857,  495,  366,  226,  415,  353,  537,  744,  619,  591,  527,  486,  547,  482,  468,   98,  511,  581,  398,  207,  599,  418,  200,  688,  103,  687,  770,  153,  473,  346,  351,  393,  823,  241,  907,  628,  757,  804,  368,  913,  344,  361,  305,  336,  816,  264,  321,  400,  700,  577,  650,  441,  792,  454,  587,  441,  902,  797,  520,  837,  461,  744,  908,  997,  251,  774,  285,  416,  249,  577,  579,  352,  761,  179,  783,  606,  511,  874,  505,  653,  414,  647,  452,  381,  146,  823,  508,  183,  744,  699,  105,  641,  776,  429,  473,  809,  352,  609,  913,  928,  625,  364,  555,  294,  304,  734,  909,  667],
        [  943,    0,  714,  644,  605,  135,  769,    0,  707,   55,  743,  340,  254,  735,  420,  745,  663,  303,  185,  551,  666,  329,  241,  268,  754,   98,  254,  531,  690,  102,  662,  349,  101,  160,  797,  221,  162,  513,  621,  679,  685,  349,  378,  779,  300,  238,  164,  375,  955,  479,  472,  412,  645,  903,  709,  952,  519,  614,  238,  473,  447,  382,  192,  752,  578,  418,  593,  920,  655,  717,  262,  759,  507,  395,  332,  485,  166,  822,  243,  783,  105,  810,  240,  781,  787,  860,  147,  728,  574,  884,  691,  453,  608,  816,  484,  304,  894,  342,  309,  874,  345,  693,  642,  508, 1042,  721,  544,  678,  900,  123,  672,  831,  492,  834,  301,  483,  641,  983,  558,  593,  167,  411,  723,  506,  861,  278,  545,  419,  627,  453,  648,  514,  759,  615,  589,  889,  784,  497,  640,  362,  309,  757,  778,   40,  667,  144,  705,  141,  722,  238,  853,  393,  806, 1024,  650,  360,  203,  585,  509,  742,  149,  177,  424,  291,  392,  160,  931,  790,  428,  479,  882,  513,  285,  588,  497,   89,  673,  627,  116,  824,  688,  795,  556,  592,  740,  174,  317,  442,  280,  756,  895,  126,  558,  640],
        [  531,    0,  894,  414,  241,  579,  609,  707,    0,  753,  898,  651,  595,  597,  316,  648,  873,  647,  804,  398,  178,  429,  522,  650,  190,  616,  456,  747,  368,  608,  604,  463,  613,  548,  203,  788,  546,  674,  235,  209,  619,  810,  339,  420,  566,  782,  670,  695,  408,  809,  473,  421,  246,  344,  220,  522,  851,  336,  527,  510,  590,  345,  888,   57,  437,  338,  425,  396,  321,  242,  752,  822,  815,  481,  811,  814,  691,  363,  464,  129,  804,  289,  597,  519,  127,  400,  681,  986,  790,  507,  906,  412,  112,  147,  229,  782,  255,  413,  413,  267,  675,  522,  952,  199,  554,  756,  165,  902,  555,  724,  538,  128,  318,  523,  593,  680,  825,  474,  322,  401,  871,  301,  155,  339,  350,  637,  317,  594,  312,  444,  256,  477,  313,  849,  178,  218,   79,  267,  234,  676,  783,  961,  302,  704,   91,  844,  950,  791,  327,  827,  449,  401,  376,  511,  743,  348,  543,  280,  297,  746,  603,  560,  805,  579,  772,  717,  389,   85,  331,  341,  593,  354,  482,  556,  291,  703,  532,   99,  796,  260,  949,  201,  300,  119,  327,  771,  391,  649,  444,  337,  444,  591,  419,  107],
        [  997,    0,  753,  699,  641,  188,  822,   55,  753,    0,  782,  386,  305,  788,  460,  796,  702,  349,  198,  575,  704,  362,  296,  314,  792,  138,  299,  574,  717,  154,  714,  403,  155,  206,  836,  186,  212,  560,  657,  716,  736,  377,  421,  804,  352,  207,  161,  418, 1009,  514,  491,  439,  698,  956,  762, 1006,  552,  668,  293,  526,  497,  434,  139,  798,  633,  471,  648,  974,  685,  752,  294,  803,  543,  415,  359,  520,  207,  876,  291,  834,   52,  864,  292,  835,  837,  889,  142,  760,  614,  939,  728,  508,  657,  859,  528,  334,  945,  395,  361,  927,  389,  746,  672,  555, 1096,  768,  590,  715,  955,  157,  725,  877,  526,  888,  351,  528,  681, 1038,  589,  647,  118,  456,  763,  537,  914,  278,  599,  469,  681,  507,  682,  568,  813,  653,  629,  939,  830,  549,  676,  406,  339,  793,  810,   52,  717,  116,  740,  150,  753,  197,  907,  424,  860, 1078,  695,  409,  258,  639,  543,  789,  173,  231,  458,  302,  428,  196,  985,  837,  481,  533,  935,  542,  339,  640,  533,  130,  726,  672,  114,  877,  721,  834,  610,  638,  770,  139,  363,  489,  333,  810,  949,  165,  581,  683],
        [  641,    0,   35,  497, 1004,  683,  367,  743,  898,  782,    0,  412,  517,  354,  857,  304,   86,  448,  611, 1069, 1005,  866,  592,  481, 1067,  761,  758,  216, 1152,  703,  306,  537,  691,  737, 1092,  963,  710,  262, 1013, 1037,  300,  424,  805, 1238,  490,  980,  884,  370,  791,  275, 1051,  958,  659,  788,  712,  662,  249,  566,  589,  411,  359,  668,  866,  953,  462,  631,  475,  755, 1098, 1085,  492,  111,  245,  987,  443,  270,  578,  670,  724,  860,  810,  732,  530,  474,  866, 1264,  873,  134,  170,  592,   75,  516,  801, 1043,  824,  459,  876,  608,  663,  833,  402,  408,  188,  801,  759,  162,  831,   87,  561,  626,  380, 1000,  956,  520,  473,  280,  103,  759, 1022,  499,  825,  801, 1026,  988,  727,  973,  584,  375,  592,  483, 1049,  429,  661,  133,  935,  919,  956,  660, 1028,  385,  454,   74, 1159,  780,  808,  745,  108,  653, 1146,  978,  617,  920,  641,  780,  156,  727,  617,  618,  955,  189,  822,  636,  335,  954,  358,  587,  779,  955,  630,  581,  500, 1005,  584,  343,  936,  655,  387,  899,  694,  775,  128, 1090,  600,  858, 1155,  916,  754,  326,  653,  636,  671,  769, 1088,  925],
        [  683,    0,  387,  396,  672,  272,  459,  340,  651,  386,  412,    0,  108,  425,  496,  423,  340,   38,  260,  699,  699,  476,  193,   73,  777,  349,  364,  197,  806,  292,  344,  191,  280,  328,  813,  558,  301,  174,  685,  725,  365,  165,  441,  897,   98,  574,  473,   52,  749,  184,  663,  573,  478,  712,  549,  697,  231,  406,  190,  196,  129,  330,  493,  708,  324,  318,  343,  710,  756,  773,  143,  419,  204,  593,  170,  191,  181,  605,  329,  673,  423,  625,  119,  500,  678,  947,  463,  426,  243,  622,  371,  253,  541,  793,  496,  149,  747,  256,  292,  714,   24,  402,  355,  490,  796,  383,  528,  360,  624,  237,  375,  776,  596,  558,   72,  143,  309,  755,  668,  355,  455,  449,  738,  625,  657,  562,  367,  102,  430,  227,  720,  248,  557,  294,  619,  766,  726,  385,  703,   32,  148,  439,  846,  375,  577,  381,  396,  286,  815,  578,  606,  538,  582,  792,  310,  369,  211,  415,  601,  404,  411,  227,  159,  545,  123,  199,  727,  729,  323,  318,  590,  640,  203,  281,  583,  257,  377,  612,  322,  654,  383,  811,  385,  569,  828,  512,  377,  104,  272,  544,  658,  357,  716,  635],
        [  711,    0,  493,  413,  585,  167,  518,  254,  595,  305,  517,  108,    0,  484,  402,  492,  447,   77,  232,  599,  620,  372,   92,   60,  702,  247,  259,  302,  713,  190,  409,  140,  179,  221,  740,  465,  194,  269,  599,  644,  432,  225,  347,  805,   50,  478,  372,  158,  751,  288,  558,  470,  457,  707,  527,  723,  334,  401,   88,  225,  194,  255,  427,  649,  342,  259,  360,  713,  665,  690,  158,  517,  309,  487,  221,  294,  122,  610,  225,  635,  348,  616,   14,  539,  640,  860,  363,  533,  350,  651,  479,  235,  484,  730,  415,  190,  724,  183,  203,  696,  125,  446,  460,  417,  818,  474,  456,  467,  661,  176,  423,  722,  501,  594,   48,  242,  415,  768,  573,  364,  392,  361,  664,  528,  657,  456,  346,  167,  421,  223,  633,  271,  554,  401,  538,  734,  672,  337,  618,  138,  192,  546,  762,  284,  530,  327,  504,  241,  725,  488,  626,  435,  590,  807,  406,  282,  104,  392,  508,  492,  306,  119,  252,  438,  214,  148,  728,  676,  267,  285,  636,  542,  117,  336,  490,  182,  424,  543,  267,  639,  490,  738,  361,  501,  740,  420,  280,  198,  178,  545,  674,  252,  615,  564],
        [  301,    0,  365,  187,  758,  625,   35,  735,  597,  788,  354,  425,  484,    0,  660,   54,  372,  456,  684,  863,  738,  713,  508,  488,  782,  707,  630,  329,  911,  656,   85,  407,  649,  655,  799,  936,  630,  281,  763,  772,   70,  550,  622,  986,  436,  946,  828,  421,  438,  439,  877,  786,  352,  435,  387,  321,  454,  269,  509,  264,  298,  483,  909,  647,  200,  431,  198,  402,  856,  816,  564,  252,  422,  832,  564,  439,  596,  319,  603,  533,  831,  386,  497,  121,  539,  990,  824,  477,  339,  246,  396,  323,  521,  735,  596,  557,  530,  456,  516,  485,  434,   77,  488,  560,  422,  192,  579,  398,  226,  653,   74,  680,  746,  172,  439,  313,  329,  411,  801,  218,  872,  602,  742,  780,  375,  882,  321,  326,  289,  304,  797,  232,  319,  377,  681,  577,  641,  417,  774,  420,  554,  427,  887,  763,  507,  803,  443,  709,  890,  963,  264,  747,  290,  436,  226,  549,  545,  334,  738,  169,  750,  572,  480,  843,  473,  619,  425,  640,  424,  354,  175,  799,  475,  149,  720,  665,   77,  625,  742,  430,  453,  797,  330,  591,  896,  895,  596,  330,  524,  293,  319,  702,  885,  651],
        [  731,    0,  841,  488,  191,  313,  686,  420,  316,  460,  857,  496,  402,  660,    0,  698,  804,  475,  557,  213,  246,  114,  311,  462,  334,  324,  171,  658,  311,  334,  626,  323,  342,  264,  377,  474,  272,  597,  206,  260,  647,  625,   56,  403,  399,  466,  357,  547,  668,  679,  220,  133,  380,  604,  416,  731,  725,  415,  316,  450,  499,  190,  588,  350,  461,  235,  463,  642,  263,  302,  545,  816,  695,  190,  618,  685,  456,  569,  195,  424,  508,  522,  397,  636,  425,  462,  370,  907,  707,  686,  839,  352,  249,  402,   96,  585,  551,  251,  204,  547,  518,  589,  846,  140,  794,  755,  157,  830,  723,  471,  587,  429,  101,  668,  425,  587,  762,  719,  172,  445,  576,   59,  303,  132,  584,  323,  346,  488,  409,  382,  237,  450,  502,  766,  170,  527,  386,  249,  225,  527,  588,  904,  368,  409,  313,  564,  873,  531,  325,  513,  635,   99,  567,  760,  712,  131,  313,  353,  106,  758,  296,  317,  652,  266,  614,  478,  644,  394,  239,  306,  735,  149,  294,  552,   89,  442,  584,  222,  525,  515,  865,  375,  342,  199,  340,  459,  124,  544,  226,  514,  656,  296,  233,  229],
        [  342,    0,  318,  236,  803,  640,   65,  745,  648,  796,  304,  423,  492,   54,  698,    0,  328,  456,  680,  903,  785,  744,  525,  490,  832,  723,  657,  303,  956,  670,   83,  429,  662,  675,  850,  951,  649,  265,  809,  819,   60,  535,  657, 1033,  445,  962,  846,  412,  488,  414,  913,  821,  403,  487,  440,  363,  424,  317,  525,  281,  300,  516,  913,  699,  238,  466,  240,  452,  901,  865,  558,  200,  395,  865,  550,  414,  599,  372,  628,  586,  838,  439,  505,  171,  592, 1039,  841,  430,  307,  290,  351,  353,  569,  787,  637,  547,  583,  483,  544,  539,  429,  127,  448,  603,  462,  143,  624,  354,  264,  656,  114,  733,  786,  217,  445,  299,  288,  457,  843,  262,  875,  639,  792,  820,  428,  906,  365,  328,  339,  331,  843,  258,  373,  338,  727,  631,  694,  459,  820,  414,  543,  378,  935,  774,  558,  803,  397,  709,  937,  977,  314,  782,  343,  480,  187,  582,  561,  381,  779,  117,  770,  588,  460,  870,  456,  620,  476,  692,  460,  392,  207,  839,  495,  162,  761,  670,  119,  673,  743,  484,  409,  848,  375,  638,  943,  908,  627,  323,  549,  346,  368,  720,  925,  699],
        [  670,    0,   53,  489,  960,  611,  392,  663,  873,  702,   86,  340,  447,  372,  804,  328,    0,  375,  527, 1015,  968,  805,  526,  406, 1034,  687,  695,  149, 1106,  629,  308,  482,  617,  667, 1062,  883,  640,  209,  970,  999,  308,  339,  752, 1194,  425,  901,  808,  294,  807,  191,  992,  899,  642,  796,  700,  690,  164,  549,  523,  371,  306,  619,  782,  929,  442,  586,  458,  769, 1053, 1047,  409,  166,  161,  925,  359,  185,  498,  678,  661,  847,  728,  732,  458,  491,  853, 1226,  797,  115,   99,  617,   35,  476,  772, 1019,  779,  375,  876,  554,  606,  834,  327,  413,  123,  760,  790,  191,  793,   30,  591,  546,  382,  981,  904,  542,  405,  219,   49,  782,  973,  481,  741,  750,  993,  936,  735,  901,  557,  317,  577,  442, 1006,  397,  660,   50,  894,  914,  935,  624,  986,  311,  370,  101, 1121,  701,  785,  661,   78,  570, 1103,  898,  634,  862,  649,  807,  148,  674,  549,  595,  905,  224,  750,  566,  251,  885,  275,  507,  792,  936,  586,  544,  533,  953,  523,  325,  887,  575,  389,  865,  611,  774,   83, 1060,  574,  823, 1114,  836,  696,  263,  593,  636,  689,  696, 1034,  891],
        [  706,    0,  422,  416,  655,  237,  490,  303,  647,  349,  448,   38,   77,  456,  475,  456,  375,    0,  230,  675,  685,  449,  167,   36,  765,  313,  336,  233,  785,  256,  376,  184,  244,  295,  802,  521,  268,  211,  668,  711,  397,  164,  419,  877,   82,  536,  436,   82,  765,  211,  635,  546,  486,  726,  557,  720,  258,  419,  163,  216,  158,  317,  458,  703,  343,  310,  362,  726,  737,  757,  122,  456,  233,  563,  165,  218,  145,  622,  301,  676,  387,  637,   86,  526,  681,  930,  426,  457,  279,  645,  406,  259,  536,  786,  481,  139,  755,  243,  273,  724,   49,  430,  384,  479,  818,  419,  517,  394,  650,  201,  403,  773,  574,  583,   55,  181,  345,  775,  646,  371,  420,  430,  726,  602,  672,  527,  373,  130,  441,  237,  703,  267,  571,  328,  604,  771,  723,  383,  686,   64,  139,  473,  830,  338,  576,  348,  429,  254,  796,  540,  628,  511,  599,  812,  348,  351,  180,  422,  580,  441,  375,  194,  178,  512,  140,  164,  743,  727,  317,  321,  619,  617,  183,  310,  563,  220,  405,  603,  288,  665,  415,  800,  391,  560,  810,  475,  354,  140,  250,  559,  678,  322,  691,  625],
        [  935,    0,  579,  640,  747,  244,  718,  185,  804,  198,  611,  260,  232,  684,  557,  680,  527,  230,    0,  717,  797,  485,  285,  202,  884,  264,  387,  416,  850,  230,  603,  369,  219,  301,  925,  382,  286,  422,  762,  815,  623,  190,  506,  941,  278,  404,  348,  271,  982,  337,  647,  577,  687,  938,  757,  948,  369,  633,  280,  444,  387,  460,  256,  856,  568,  478,  586,  944,  809,  858,  126,  648,  366,  569,  171,  342,  116,  841,  363,  858,  209,  847,  224,  756,  862, 1014,  330,  573,  449,  874,  550,  466,  696,  930,  599,  153,  953,  397,  392,  926,  252,  660,  483,  613, 1045,  624,  651,  536,  880,   86,  633,  932,  643,  813,  262,  388,  514,  997,  713,  593,  215,  532,  849,  662,  888,  463,  576,  360,  652,  453,  793,  494,  785,  478,  717,  960,  882,  559,  782,  267,  158,  612,  924,  222,  748,  135,  556,   49,  875,  387,  853,  552,  820, 1036,  548,  464,  262,  623,  656,  650,  327,  247,  277,  474,  254,   89,  960,  887,  487,  515,  848,  671,  327,  539,  641,  119,  635,  739,   89,  870,  536,  923,  592,  699,  892,  335,  437,  358,  362,  776,  902,  290,  727,  756],
        [  896,    0, 1053,  684,  159,  479,  886,  551,  398,  575, 1069,  699,  599,  863,  213,  903, 1015,  675,  717,    0,  237,  235,  508,  657,  299,  457,  344,  868,  145,  488,  834,  534,  499,  418,  339,  517,  436,  809,  169,  221,  855,  814,  264,  229,  603,  501,  431,  751,  800,  883,  104,  140,  553,  735,  570,  892,  930,  606,  512,  663,  711,  402,  679,  403,  666,  445,  665,  782,  129,  230,  730, 1028,  901,  165,  805,  889,  631,  727,  377,  526,  613,  666,  592,  827,  524,  320,  449, 1116,  918,  859, 1050,  563,  387,  408,  269,  772,  653,  462,  411,  663,  720,  790, 1053,  308,  940,  967,  300, 1041,  900,  633,  791,  467,  118,  852,  628,  797,  974,  861,   77,  646,  679,  270,  294,   84,  729,  340,  543,  699,  595,  593,  166,  660,  664,  976,  223,  612,  441,  446,  178,  730,  775, 1115,  261,  527,  439,  690, 1083,  682,  192,  554,  803,  167,  731,  900,  924,  342,  501,  541,  126,  969,  404,  498,  851,  291,  813,  648,  779,  450,  449,  513,  921,   65,  498,  762,  143,  599,  787,  305,  666,  647, 1074,  338,  536,  313,  210,  523,  323,  754,  428,  681,  814,  429,   24,  291],
        [  705,    0,  996,  551,   81,  556,  754,  666,  178,  704, 1005,  699,  620,  738,  246,  785,  968,  685,  797,  237,    0,  347,  533,  679,   89,  569,  415,  830,  192,  578,  730,  510,  586,  508,  132,  698,  516,  761,   68,   35,  747,  844,  292,  252,  604,  687,  590,  748,  585,  874,  327,  301,  392,  521,  385,  698,  919,  469,  538,  598,  667,  370,  829,  170,  556,  388,  549,  573,  144,   80,  772,  943,  885,  357,  841,  879,  692,  536,  435,  305,  751,  465,  618,  674,  302,  259,  605, 1078,  877,  678, 1003,  493,  218,  176,  205,  809,  426,  443,  418,  443,  722,  661, 1031,  211,  732,  878,  176,  996,  724,  712,  672,  230,  193,  686,  632,  759,  922,  651,  165,  526,  819,  266,   63,  201,  526,  530,  427,  664,  450,  527,   80,  577,  481,  937,   82,  381,  207,  346,   60,  728,  811, 1063,  154,  653,  246,  809, 1042,  774,  156,  737,  619,  296,  546,  688,  851,  340,  543,  405,  172,  872,  537,  552,  857,  473,  821,  715,  566,  216,  386,  426,  757,  210,  504,  670,  177,  685,  667,  113,  770,  437, 1038,  130,  414,  149,  159,  691,  360,  722,  446,  502,  619,  541,  256,   88],
        [  818,    0,  846,  555,  280,  245,  741,  329,  429,  362,  866,  476,  372,  713,  114,  744,  805,  449,  485,  235,  347,    0,  283,  428,  434,  231,  114,  657,  366,  256,  667,  333,  267,  185,  477,  361,  202,  605,  296,  355,  690,  582,  107,  457,  383,  353,  246,  528,  769,  659,  187,   99,  471,  707,  515,  820,  706,  489,  287,  477,  509,  231,  483,  463,  515,  284,  521,  742,  328,  391,  496,  839,  679,  123,  572,  666,  397,  662,  148,  535,  407,  621,  364,  706,  536,  533,  260,  900,  707,  770,  839,  392,  357,  511,  205,  539,  660,  266,  206,  655,  495,  646,  831,  246,  889,  783,  269,  828,  802,  400,  640,  541,  164,  743,  405,  588,  767,  817,  230,  507,  475,  143,  407,  179,  683,  213,  415,  492,  488,  416,  320,  488,  594,  763,  277,  638,  499,  325,  314,  508,  542,  905,  450,  311,  421,  471,  868,  453,  395,  400,  722,   68,  657,  858,  730,  166,  271,  433,  182,  791,  192,  265,  623,  157,  585,  414,  746,  507,  292,  364,  807,  187,  283,  589,  172,  367,  637,  335,  440,  618,  857,  475,  416,  311,  412,  348,  118,  543,  213,  603,  747,  203,  247,  340],
        [  702,    0,  570,  404,  496,  117,  541,  241,  522,  296,  592,  193,   92,  508,  311,  525,  526,  167,  285,  508,  533,  283,    0,  151,  617,  199,  171,  379,  621,  150,  442,  109,  144,  153,  656,  429,  126,  334,  509,  556,  466,  314,  256,  713,  102,  438,  321,  245,  720,  376,  470,  381,  413,  670,  481,  711,  423,  374,    6,  245,  245,  178,  430,  574,  339,  195,  354,  683,  574,  602,  240,  579,  396,  401,  309,  383,  170,  584,  137,  575,  345,  578,   87,  543,  579,  770,  317,  617,  428,  644,  559,  213,  413,  652,  329,  277,  674,  114,  116,  650,  213,  459,  548,  336,  801,  530,  374,  548,  661,  209,  441,  650,  409,  595,  123,  313,  490,  745,  482,  352,  400,  271,  580,  437,  625,  390,  308,  222,  389,  214,  543,  280,  522,  482,  452,  677,  600,  276,  528,  225,  279,  626,  673,  262,  464,  350,  587,  278,  635,  457,  612,  345,  567,  785,  468,  194,   39,  351,  417,  544,  247,   66,  343,  364,  305,  197,  696,  605,  204,  243,  645,  451,   46,  364,  399,  198,  441,  462,  293,  595,  575,  654,  321,  421,  649,  388,  188,  267,   88,  518,  655,  195,  524,  482],
        [  734,    0,  454,  440,  645,  208,  523,  268,  650,  314,  481,   73,   60,  488,  462,  490,  406,   36,  202,  657,  679,  428,  151,    0,  761,  281,  315,  267,  772,  224,  409,  190,  212,  267,  799,  486,  241,  246,  658,  703,  431,  166,  406,  864,   87,  502,  403,  112,  786,  236,  613,  526,  500,  745,  571,  746,  282,  438,  146,  243,  191,  313,  424,  705,  368,  313,  386,  747,  724,  750,  105,  491,  260,  540,  163,  243,  110,  644,  281,  685,  352,  655,   65,  555,  690,  920,  393,  485,  312,  673,  436,  274,  539,  787,  474,  132,  769,  240,  263,  739,   80,  459,  409,  475,  844,  455,  514,  424,  679,  167,  434,  777,  560,  612,   64,  216,  378,  798,  632,  394,  386,  420,  723,  587,  693,  497,  388,  163,  459,  256,  693,  293,  591,  359,  598,  782,  727,  389,  677,   97,  133,  504,  821,  303,  582,  315,  458,  222,  785,  505,  653,  492,  622,  836,  383,  341,  157,  436,  567,  476,  344,  167,  196,  483,  158,  131,  764,  731,  320,  332,  649,  600,  175,  341,  550,  185,  435,  601,  254,  681,  443,  797,  405,  558,  799,  440,  339,  176,  237,  580,  702,  292,  672,  622],
        [  716,    0, 1060,  596,  159,  643,  795,  754,  190,  792, 1067,  777,  702,  782,  334,  832, 1034,  765,  884,  299,   89,  434,  617,  761,    0,  657,  503,  900,  212,  666,  783,  587,  673,  596,   44,  782,  603,  829,  144,   83,  798,  926,  380,  240,  684,  770,  676,  825,  578,  949,  397,  383,  431,  516,  409,  706,  993,  516,  622,  665,  738,  449,  916,  155,  610,  463,  601,  571,  182,   75,  856,  998,  959,  436,  923,  955,  778,  550,  523,  301,  839,  473,  701,  708,  296,  211,  691, 1146,  946,  695, 1069,  561,  267,  116,  288,  891,  408,  523,  502,  433,  801,  706, 1103,  288,  728,  933,  250, 1063,  744,  799,  720,  187,  277,  713,  711,  830,  987,  648,  237,  577,  907,  352,   42,  279,  531,  612,  484,  737,  494,  595,  134,  639,  502, 1006,  168,  355,  184,  411,  128,  806,  893, 1127,  114,  741,  276,  897, 1110,  862,  157,  821,  636,  381,  565,  681,  912,  425,  629,  455,  256,  925,  625,  638,  935,  555,  899,  801,  561,  191,  459,  491,  782,  285,  586,  727,  263,  772,  714,  170,  858,  439, 1107,   42,  468,  213,  151,  777,  447,  794,  531,  526,  628,  629,  315,  145],
        [  890,    0,  735,  595,  507,   83,  740,   98,  616,  138,  761,  349,  247,  707,  324,  723,  687,  313,  264,  457,  569,  231,  199,  281,  657,    0,  161,  546,  594,   58,  640,  304,   70,   71,  700,  230,   84,  515,  523,  581,  663,  400,  283,  684,  284,  240,  126,  393,  886,  512,  383,  317,  574,  831,  636,  897,  556,  554,  198,  444,  435,  306,  273,  660,  534,  347,  547,  853,  558,  619,  310,  763,  538,  306,  386,  518,  204,  758,  156,  699,  188,  739,  234,  739,  702,  763,  119,  763,  592,  833,  717,  404,  521,  721,  390,  354,  813,  278,  234,  797,  360,  657,  682,  418,  982,  718,  452,  705,  854,  185,  639,  739,  395,  788,  294,  488,  658,  920,  461,  543,  255,  318,  626,  409,  793,  218,  482,  409,  565,  410,  550,  478,  693,  639,  493,  805,  693,  422,  543,  376,  358,  784,  680,   88,  582,  241,  737,  226,  625,  260,  797,  297,  744,  961,  652,  274,  162,  518,  411,  735,   67,  136,  463,  215,  427,  211,  862,  699,  358,  416,  841,  416,  235,  562,  399,  148,  639,  534,  210,  749,  721,  698,  491,  500,  642,  192,  226,  444,  210,  693,  835,   29,  465,  546],
        [  770,    0,  738,  488,  361,  143,  661,  254,  456,  299,  758,  364,  259,  630,  171,  657,  695,  336,  387,  344,  415,  114,  171,  315,  503,  161,    0,  547,  468,  163,  577,  232,  172,   95,  545,  355,  102,  498,  376,  431,  600,  471,  125,  560,  272,  355,  232,  415,  746,  546,  300,  212,  436,  688,  491,  774,  593,  433,  174,  381,  403,  168,  433,  500,  439,  219,  447,  715,  425,  472,  386,  737,  567,  231,  462,  553,  291,  625,   35,  543,  348,  597,  251,  638,  545,  628,  239,  788,  597,  717,  728,  308,  363,  562,  230,  428,  660,  175,  115,  647,  383,  569,  718,  258,  853,  683,  292,  718,  744,  301,  558,  579,  257,  682,  293,  479,  658,  786,  329,  438,  416,  158,  471,  280,  654,  255,  358,  384,  438,  327,  406,  400,  558,  652,  337,  649,  532,  282,  395,  395,  431,  795,  538,  249,  425,  396,  757,  361,  490,  391,  674,  178,  615,  827,  627,  120,  158,  386,  269,  693,  155,  154,  510,  214,  472,  310,  722,  539,  229,  297,  741,  291,  175,  498,  255,  272,  556,  374,  355,  603,  745,  543,  363,  340,  506,  328,   66,  434,  110,  562,  707,  135,  359,  386],
        [  625,    0,  192,  392,  818,  468,  358,  531,  747,  574,  216,  197,  302,  329,  658,  303,  149,  233,  416,  868,  830,  657,  379,  267,  900,  546,  547,    0,  962,  488,  247,  336,  476,  522,  930,  751,  495,   74,  829,  860,  259,  244,  605, 1050,  277,  768,  669,  157,  736,  112,  844,  751,  529,  715,  592,  643,  128,  438,  376,  237,  163,  474,  668,  803,  333,  444,  351,  696,  909,  908,  292,  233,   94,  777,  262,  111,  367,  598,  513,  735,  605,  640,  314,  436,  741, 1087,  659,  250,   50,  566,  182,  340,  641,  893,  637,  267,  780,  408,  458,  740,  188,  343,  206,  620,  745,  212,  654,  173,  553,  419,  311,  861,  758,  494,  259,   72,  113,  723,  828,  372,  627,  605,  859,  790,  655,  758,  432,  171,  466,  306,  865,  273,  568,  109,  754,  812,  813,  489,  845,  171,  263,  249,  983,  568,  661,  549,  216,  454,  961,  768,  570,  714,  570,  753,  136,  528,  402,  474,  760,  241,  607,  421,  160,  739,  167,  380,  718,  815,  445,  410,  503,  806,  375,  229,  741,  445,  316,  730,  494,  679,  209,  928,  450,  688,  973,  704,  548,  115,  445,  547,  626,  554,  887,  756],
        [  896,    0, 1139,  726,  153,  608,  930,  690,  368,  717, 1152,  806,  713,  911,  311,  956, 1106,  785,  850,  145,  192,  366,  621,  772,  212,  594,  468,  962,    0,  621,  894,  628,  631,  550,  240,  661,  565,  897,  149,  160,  913,  934,  367,   93,  709,  644,  575,  858,  775,  988,  245,  279,  574,  710,  574,  889, 1035,  644,  626,  741,  800,  488,  823,  353,  721,  522,  717,  763,   56,  138,  852, 1100, 1004,  309,  926,  995,  758,  726,  498,  494,  756,  656,  707,  857,  491,  176,  593, 1211, 1011,  867, 1141,  637,  399,  327,  329,  893,  611,  556,  514,  631,  828,  835, 1155,  356,  922, 1036,  333, 1132,  913,  765,  842,  398,  213,  872,  735,  890, 1062,  842,  140,  695,  822,  359,  226,  189,  717,  484,  592,  792,  627,  670,  117,  730,  670, 1070,  230,  562,  387,  501,  141,  837,  896, 1204,  132,  668,  435,  830, 1177,  817,   61,  698,  809,  299,  736,  877, 1002,  438,  620,  578,  206, 1034,  545,  621,  962,  435,  924,  777,  756,  395,  523,  577,  943,  179,  604,  828,  224,  732,  837,  297,  804,  628, 1170,  240,  582,  324,   76,  667,  434,  849,  536,  691,  810,  566,  146,  275],
        [  849,    0,  677,  552,  522,   35,  690,  102,  608,  154,  703,  292,  190,  656,  334,  670,  629,  256,  230,  488,  578,  256,  150,  224,  666,   58,  163,  488,  621,    0,  588,  258,   14,   72,  708,  281,   64,  458,  538,  593,  611,  348,  287,  712,  229,  292,  182,  336,  856,  456,  422,  349,  544,  803,  609,  857,  500,  517,  149,  392,  379,  281,  293,  655,  489,  317,  503,  821,  581,  634,  258,  706,  481,  345,  335,  462,  153,  724,  146,  683,  206,  710,  177,  693,  686,  786,  174,  706,  534,  792,  660,  360,  508,  722,  389,  303,  793,  242,  208,  773,  303,  608,  626,  411,  945,  662,  447,  648,  810,  145,  590,  734,  415,  744,  237,  431,  600,  885,  484,  500,  268,  318,  633,  433,  761,  274,  447,  354,  529,  364,  567,  429,  660,  582,  499,  788,  686,  396,  557,  319,  307,  727,  698,  114,  567,  236,  680,  199,  648,  308,  758,  323,  708,  926,  595,  261,  112,  486,  429,  679,  122,   85,  408,  266,  372,  164,  832,  692,  328,  381,  795,  442,  190,  510,  415,  112,  590,  532,  193,  723,  665,  706,  457,  496,  664,  239,  222,  387,  180,  658,  798,   71,  499,  546],
