{
    "name": "random-60-23855",
    "comment": "size=60 seed=23855",
    "nodes": ["+0", "-0", "+1", "-1", "+2", "-2", "+3", "-3", "+4", "-4", "+5", "-5", "+6", "-6", "+7", "-7", "+8", "-8", "+9", "-9", "+10", "-10", "+11", "-11", "+12", "-12", "+13", "-13", "+14", "-14", "+15", "-15", "+16", "-16", "+17", "-17", "+18", "-18", "+19", "-19", "+20", "-20", "+21", "-21", "+22", "-22", "+23", "-23", "+24", "-24", "+25", "-25", "+26", "-26", "+27", "-27", "+28", "-28", "+29", "-29", "+30", "-30", "+31", "-31", "+32", "-32", "+33", "-33", "+34", "-34", "+35", "-35", "+36", "-36", "+37", "-37", "+38", "-38", "+39", "-39", "+40", "-40", "+41", "-41", "+42", "-42", "+43", "-43", "+44", "-44", "+45", "-45", "+46", "-46", "+47", "-47", "+48", "-48", "+49", "-49", "+50", "-50", "+51", "-51", "+52", "-52", "+53", "-53", "+54", "-54", "+55", "-55", "+56", "-56", "+57", "-57", "+58", "-58", "+59", "-59", "+60", "-60"],
    "precedence": {
        "+0": "-0",
        "+1": "-1",
        "+2": "-2",
        "+3": "-3",
        "+4": "-4",
        "+5": "-5",
        "+6": "-6",
        "+7": "-7",
        "+8": "-8",
        "+9": "-9",
        "+10": "-10",
        "+11": "-11",
        "+12": "-12",
        "+13": "-13",
        "+14": "-14",
        "+15": "-15",
        "+16": "-16",
        "+17": "-17",
        "+18": "-18",
        "+19": "-19",
        "+20": "-20",
        "+21": "-21",
        "+22": "-22",
        "+23": "-23",
        "+24": "-24",
        "+25": "-25",
        "+26": "-26",
        "+27": "-27",
        "+28": "-28",
        "+29": "-29",
        "+30": "-30",
        "+31": "-31",
        "+32": "-32",
        "+33": "-33",
        "+34": "-34",
        "+35": "-35",
        "+36": "-36",
        "+37": "-37",
        "+38": "-38",
        "+39": "-39",
        "+40": "-40",
        "+41": "-41",
        "+42": "-42",
        "+43": "-43",
        "+44": "-44",
        "+45": "-45",
        "+46": "-46",
        "+47": "-47",
        "+48": "-48",
        "+49": "-49",
        "+50": "-50",
        "+51": "-51",
        "+52": "-52",
        "+53": "-53",
        "+54": "-54",
        "+55": "-55",
        "+56": "-56",
        "+57": "-57",
        "+58": "-58",
        "+59": "-59",
        "+60": "-60"
    },
    "edges": [
        [    0,    0,  559,  804,  838,  730,  550,   44, 1079,  730,  403,  233,  936,  243,  661,  691,  768,  120, 1058,  674,  975,  640,  577,  473, 1107,  945,  648,  663,  416,  822, 1075,  596, 1030,  937,  572,  964,  126,  815,  604,  548, 1132,  864,  774,  952,  739,  904,  542,  430,  816, 1108,  266,  943,  827,  942,  288,  516,  194,  605,  467,  194,  688,   88,  381,  711,  672,  589,  514,  805,  962,  932,  590,   99,  450,  588,  728,  702,  836,  777,  418,  583,  911,  711,  892,  464,  728,  496,  877,  590,  409,  679,  874,  585,  471,  454,  770, 1085,  936,  493,   96,  274,  814,  169, 1139,  660,  431, 1156,  361,  270,  732, 1015,  747,  915,  856,  488,  384,  228,  441,  525,  265,  528,  801,  364],
        [    0,    0,    0,    0,    0,    0,    0,    0,    0,    0,    0,    0,    0,    0,    0,    0,    0,    0,    0,    0,    0,    0,    0,    0,    0,    0,    0,    0,    0,    0,    0,    0,    0,    0,    0,    0,    0,    0,    0,    0,    0,    0,    0,    0,    0,    0,    0,    0,    0,    0,    0,    0,    0,    0,    0,    0,    0,    0,    0,    0,    0,    0,    0,    0,    0,    0,    0,    0,    0,    0,    0,    0,    0,    0,    0,    0,    0,    0,    0,    0,    0,    0,    0,    0,    0,    0,    0,    0,    0,    0,    0,    0,    0,    0,    0,    0,    0,    0,    0,    0,    0,    0,    0,    0,    0,    0,    0,    0,    0,    0,    0,    0,    0,    0,    0,    0,    0,    0,    0,    0,    0,    0],
        [  559,    0,    0,  264,  349,  467,  643,  537,  690,  733,  177,  468,  436,  375,  431,  220,  613,  457,  698,  131,  427,  241,  497,  290,  746,  456,  480,  227,  182,  522,  632,  770,  568,  517,  388,  406,  490,  579,  535,  431,  696,  442,  451,  526,  808,  396,   41,  267,  258,  766,  365,  454,  374,  452,  378,  309,  401,  137,  433,  536,  158,  515,  674,  169,  179,  375,  730,  574,  694,  506,  494,  463,  353,   66,  365,  390,  518,  315,  575,  129,  381,  416,  387,  107,  456,  542,  498,  775,  656,  340,  370,   28,  245,  197,  717,  756,  420,  714,  468,  612,  257,  411,  719,  688,  569,  747,  489,  435,  523,  726,  481,  365,  307,   83,  325,  354,  119,  602,  350,   32,  391,  339],
        [  804,    0,  264,    0,  137,  629,  885,  776,  726,  948,  440,  667,  409,  590,  617,  337,  793,  692,  756,  222,  173,  235,  720,  533,  795,  439,  679,  196,  445,  651,  628, 1017,  556,  561,  604,  205,  717,  730,  755,  657,  690,  504,  585,  561, 1033,  369,  268,  521,   87,  826,  573,  438,  429,  435,  642,  539,  627,  206,  677,  799,  247,  748,  936,  221,  145,  583,  984,  728,  810,  547,  713,  706,  599,  219,  501,  548,  638,  385,  831,  227,  315,  575,  143,  342,  616,  786,  580, 1022,  916,  500,  130,  237,  491,  452,  917,  826,  372,  969,  709,  876,  157,  668,  723,  914,  823,  758,  748,  698,  697,  824,  637,  247,  218,  346,  489,  614,  375,  845,  613,  292,  481,  509],
        [  838,    0,  349,  137,    0,  758,  989,  805,  861, 1066,  516,  669,  541,  606,  741,  466,  920,  721,  892,  345,  214,  206,  834,  635,  930,  572,  801,  176,  527,  785,  760, 1118,  688,  697,  720,  301,  736,  861,  870,  769,  820,  641,  717,  697, 1147,  503,  338,  616,  222,  962,  586,  571,  565,  568,  717,  649,  649,  241,  780,  863,  374,  771, 1017,  350,  177,  701, 1079,  859,  945,  683,  828,  739,  700,  289,  633,  677,  773,  520,  923,  262,  446,  704,   61,  397,  745,  890,  716, 1123, 1003,  628,   45,  324,  591,  546, 1040,  962,  503, 1063,  742,  947,  293,  721,  855, 1027,  917,  891,  836,  773,  825,  960,  767,  372,  351,  428,  484,  673,  442,  949,  682,  370,  616,  505],
        [  730,    0,  467,  629,  758,    0,  384,  737,  362,  354,  431,  786,  381,  692,   70,  293,  167,  693,  331,  415,  715,  705,  206,  272,  380,  366,  113,  686,  402,   93,  397,  510,  383,  266,  159,  618,  742,  113,  213,  194,  439,  227,   76,  284,  452,  381,  504,  323,  560,  379,  698,  366,  258,  367,  443,  226,  684,  600,  279,  579,  385,  743,  565,  409,  625,  143,  525,  108,  247,  270,  188,  675,  281,  527,  132,   82,  111,  267,  427,  595,  437,   55,  771,  520,   14,  326,  186,  521,  521,  132,  759,  477,  297,  346,  304,  356,  413,  522,  680,  583,  497,  569,  434,  348,  411,  442,  410,  466,   72,  293,   18,  505,  473,  434,  725,  521,  476,  361,  473,  470,  191,  729],
        [  550,    0,  643,  885,  989,  384,    0,  578,  720,  183,  500,  713,  751,  648,  337,  583,  303,  580,  674,  667, 1015,  863,  188,  355,  715,  741,  274,  860,  479,  460,  777,  136,  767,  649,  298,  941,  625,  398,  172,  238,  813,  607,  459,  667,  197,  742,  662,  378,  841,  698,  665,  741,  621,  741,  345,  346,  614,  770,  210,  357,  652,  606,  226,  682,  821,  324,  143,  389,  522,  654,  203,  549,  291,  706,  481,  425,  484,  608,  132,  755,  788,  410, 1021,  630,  393,  101,  569,  144,  178,  447, 1005,  666,  399,  447,  238,  669,  777,  144,  552,  299,  794,  452,  801,  114,  121,  802,  209,  315,  334,  581,  394,  840,  794,  569,  748,  442,  576,   41,  396,  626,  560,  741],
        [   44,    0,  537,  776,  805,  737,  578,    0, 1081,  756,  388,  190,  925,  204,  668,  681,  784,   85, 1062,  656,  948,  605,  593,  474, 1112,  936,  660,  630,  404,  828, 1072,  631, 1025,  934,  579,  941,   83,  825,  622,  560, 1130,  861,  777,  949,  769,  892,  517,  428,  791, 1114,  227,  934,  820,  933,  295,  518,  157,  575,  481,  225,  671,   44,  418,  693,  642,  594,  550,  816,  973,  929,  606,   74,  457,  562,  727,  704,  840,  769,  447,  553,  897,  715,  860,  439,  735,  519,  878,  626,  445,  679,  841,  562,  468,  445,  793, 1092,  923,  529,   70,  311,  793,  168, 1139,  687,  458, 1157,  383,  286,  743, 1025,  754,  897,  838,  469,  344,  223,  420,  551,  266,  506,  797,  324],
        [ 1079,    0,  690,  726,  861,  362,  720, 1081,    0,  625,  731, 1101,  323, 1004,  429,  471,  426, 1028,   63,  581,  728,  892,  560,  608,   74,  292,  467,  861,  705,  271,  127,  830,  188,  175,  515,  608, 1075,  324,  557,  555,  113,  248,  307,  169,  721,  359,  731,  655,  640,  114, 1005,  293,  319,  296,  793,  564, 1006,  796,  640,  938,  546, 1082,  920,  552,  791,  495,  863,  332,  235,  187,  543, 1015,  633,  732,  359,  378,  251,  378,  784,  801,  420,  370,  848,  778,  359,  680,  206,  842,  874,  405,  843,  687,  618,  652,  552,  130,  364,  863, 1020,  944,  570,  914,   86,  651,  767,   82,  771,  823,  391,  195,  346,  501,  511,  696, 1003,  860,  750,  705,  816,  707,  304, 1012],
        [  730,    0,  733,  948, 1066,  354,  183,  756,  625,    0,  619,  879,  734,  806,  338,  620,  208,  750,  571,  726, 1056,  967,  236,  450,  604,  717,  272,  959,  594,  399,  706,  225,  713,  598,  347,  966,  798,  314,  198,  303,  730,  576,  426,  615,  100,  735,  760,  489,  890,  579,  822,  716,  612,  718,  500,  424,  777,  867,  326,  538,  703,  781,  402,  732,  910,  366,  288,  308,  401,  605,  240,  721,  400,  798,  480,  423,  424,  616,  313,  856,  790,  399, 1089,  744,  367,  243,  518,  238,  355,  461, 1075,  752,  495,  550,   77,  548,  767,  299,  725,  482,  834,  619,  710,   70,  300,  703,  377,  481,  285,  457,  356,  855,  819,  671,  893,  601,  690,  205,  551,  723,  545,  888],
        [  403,    0,  177,  440,  516,  431,  500,  388,  731,  619,    0,  371,  540,  274,  374,  295,  543,  316,  724,  275,  602,  365,  388,  177,  774,  552,  402,  367,   29,  509,  701,  619,  648,  569,  303,  572,  358,  540,  426,  325,  763,  493,  444,  582,  681,  506,  179,  131,  431,  785,  275,  550,  442,  549,  203,  216,  280,  280,  297,  360,  286,  375,  502,  310,  340,  302,  570,  533,  676,  562,  389,  314,  220,  228,  374,  371,  514,  388,  414,  262,  509,  391,  558,  131,  423,  401,  526,  622,  489,  331,  540,  204,  138,   86,  619,  768,  536,  553,  319,  436,  418,  243,  777,  565,  411,  800,  324,  260,  467,  719,  448,  514,  456,   95,  296,  184,   78,  459,  174,  149,  431,  299],
        [  233,    0,  468,  667,  669,  786,  713,  190, 1101,  879,  371,    0,  895,   98,  722,  656,  867,  139, 1093,  597,  838,  464,  684,  515, 1143,  911,  731,  496,  397,  871, 1070,  787, 1014,  940,  638,  853,  109,  887,  718,  636, 1132,  863,  810,  952,  909,  857,  437,  463,  701, 1152,  103,  909,  809,  908,  382,  561,  105,  462,  571,  385,  621,  146,  587,  636,  524,  646,  710,  879, 1031,  932,  692,  173,  522,  471,  744,  736,  878,  752,  586,  441,  848,  752,  728,  361,  780,  636,  896,  783,  605,  700,  710,  487,  492,  451,  904, 1134,  884,  689,  171,  480,  718,  262, 1147,  812,  594, 1170,  505,  399,  808, 1078,  803,  831,  773,  423,  186,  282,  367,  680,  334,  439,  802,  165],
        [  936,    0,  436,  409,  541,  381,  751,  925,  323,  734,  540,  895,    0,  798,  416,  245,  534,  855,  361,  308,  409,  598,  564,  490,  395,   32,  482,  563,  522,  346,  220,  883,  149,  177,  465,  291,  897,  437,  583,  524,  283,  161,  308,  170,  832,   42,  474,  519,  322,  429,  792,   31,  131,   28,  675,  461,  814,  511,  590,  842,  278,  914,  896,  271,  492,  437,  886,  440,  459,  163,  549,  852,  544,  459,  271,  327,  323,  162,  761,  522,   98,  344,  526,  539,  369,  675,  234,  893,  858,  310,  521,  423,  475,  483,  677,  435,   44,  878,  857,  882,  254,  768,  315,  728,  747,  350,  712,  721,  449,  455,  378,  179,  192,  473,  760,  709,  529,  721,  678,  461,  193,  774],
        [  243,    0,  375,  590,  606,  692,  648,  204, 1004,  806,  274,   98,  798,    0,  630,  559,  780,  124,  996,  504,  761,  404,  601,  422, 1046,  814,  643,  430,  300,  776,  972,  733,  916,  842,  547,  769,  131,  796,  637,  550, 1034,  766,  714,  855,  843,  761,  347,  370,  616, 1056,   25,  813,  711,  811,  307,  468,   50,  385,  490,  347,  527,  167,  547,  543,  450,  554,  662,  788,  938,  834,  609,  152,  435,  385,  647,  640,  783,  655,  526,  363,  754,  657,  663,  269,  687,  565,  799,  731,  559,  603,  644,  397,  397,  354,  826, 1038,  789,  641,  153,  446,  629,  204, 1050,  742,  531, 1073,  440,  334,  718,  984,  710,  740,  682,  326,  142,  207,  270,  612,  256,  346,  704,  124],
        [  661,    0,  431,  617,  741,   70,  337,  668,  429,  338,  374,  722,  416,  630,    0,  284,  183,  626,  400,  397,  718,  671,  151,  208,  449,  405,   69,  655,  345,  163,  457,  468,  437,  322,   90,  629,  675,  167,  168,  128,  503,  272,  131,  340,  432,  409,  465,  260,  555,  448,  637,  404,  286,  405,  374,  163,  619,  566,  212,  510,  370,  676,  504,  398,  597,   77,  474,  159,  310,  324,  135,  608,  212,  494,  147,   90,  179,  281,  366,  559,  459,   74,  759,  473,   71,  269,  244,  478,  461,  123,  746,  444,  237,  290,  301,  425,  443,  469,  612,  517,  496,  501,  500,  319,  350,  510,  343,  397,   95,  359,   87,  520,  482,  389,  670,  454,  426,  309,  405,  429,  224,  673],
        [  691,    0,  220,  337,  466,  293,  583,  681,  471,  620,  295,  656,  245,  559,  284,    0,  457,  611,  480,  127,  438,  437,  404,  265,  527,  257,  349,  411,  277,  324,  417,  719,  358,  298,  287,  358,  653,  396,  434,  346,  481,  223,  254,  307,  710,  213,  261,  284,  272,  548,  555,  256,  156,  254,  439,  248,  572,  334,  391,  608,   94,  670,  687,  117,  345,  263,  703,  393,  492,  287,  393,  608,  328,  266,  168,  211,  315,   98,  561,  336,  230,  239,  479,  312,  279,  492,  281,  726,  656,  164,  467,  218,  241,  240,  584,  539,  246,  691,  612,  658,  215,  525,  502,  593,  549,  529,  496,  489,  361,  517,  302,  262,  213,  235,  537,  465,  291,  547,  437,  238,  173,  548],
        [  768,    0,  613,  793,  920,  167,  303,  784,  426,  208,  543,  867,  534,  780,  183,  457,    0,  756,  375,  576,  882,  853,  191,  368,  414,  515,  141,  837,  514,  193,  500,  405,  506,  391,  241,  783,  805,  107,  167,  232,  526,  374,  230,  408,  307,  539,  647,  418,  726,  396,  791,  515,  418,  516,  494,  327,  763,  749,  303,  592,  547,  799,  520,  573,  780,  245,  443,  101,  220,  399,  179,  733,  346,  676,  298,  246,  218,  432,  393,  742,  598,  220,  935,  651,  181,  290,  312,  417,  471,  293,  923,  627,  406,  461,  144,  366,  570,  446,  737,  568,  663,  624,  510,  226,  376,  506,  413,  498,   97,  279,  163,  669,  639,  568,  837,  588,  602,  296,  536,  611,  351,  837],
        [  120,    0,  457,  692,  721,  693,  580,   85, 1028,  750,  316,  139,  855,  124,  626,  611,  756,    0, 1012,  578,  864,  521,  568,  424, 1063,  867,  625,  546,  335,  782, 1011,  649,  961,  875,  538,  860,   50,  788,  600,  527, 1070,  800,  727,  890,  775,  821,  435,  375,  709, 1068,  148,  866,  755,  865,  263,  469,   75,  491,  454,  246,  595,   60,  448,  616,  557,  550,  572,  779,  934,  869,  578,   34,  417,  479,  670,  653,  793,  702,  451,  469,  822,  666,  776,  356,  689,  509,  823,  645,  467,  623,  757,  481,  411,  382,  780, 1047,  851,  551,   33,  342,  713,  134, 1082,  683,  460, 1101,  375,  270,  706,  984,  710,  819,  760,  392,  265,  172,  341,  548,  222,  425,  737,  247],
        [ 1058,    0,  698,  756,  892,  331,  674, 1062,   63,  571,  724, 1093,  361,  996,  400,  480,  375, 1012,    0,  597,  769,  910,  522,  590,   51,  330,  431,  881,  697,  238,  185,  779,  238,  196,  488,  650, 1061,  277,  516,  523,  176,  261,  286,  196,  665,  394,  739,  638,  671,   71,  998,  331,  336,  334,  771,  545,  995,  811,  609,  909,  561, 1066,  880,  570,  811,  470,  816,  287,  175,  210,  504,  998,  609,  744,  351,  360,  223,  392,  745,  814,  457,  348,  882,  781,  331,  641,  202,  792,  833,  394,  876,  698,  604,  642,  496,   75,  404,  817, 1003,  909,  600,  894,  146,  600,  728,  133,  738,  796,  351,  133,  314,  540,  544,  697, 1003,  843,  749,  661,  797,  713,  308, 1011],
        [  674,    0,  131,  222,  345,  415,  667,  656,  581,  726,  275,  597,  308,  504,  397,  127,  576,  578,  597,    0,  352,  314,  499,  321,  642,  330,  458,  286,  268,  450,  511,  801,  445,  407,  382,  302,  614,  521,  533,  436,  576,  337,  380,  414,  811,  268,  166,  319,  175,  666,  495,  329,  263,  326,  459,  321,  527,  215,  463,  626,   36,  637,  738,   39,  219,  362,  774,  518,  618,  395,  491,  582,  388,  154,  294,  334,  441,  205,  623,  221,  251,  361,  364,  237,  402,  570,  402,  807,  713,  284,  350,  116,  283,  256,  697,  659,  291,  760,  586,  691,  145,  517,  601,  692,  614,  632,  547,  514,  481,  641,  425,  242,  183,  187,  453,  458,  238,  629,  442,  159,  294,  468],
        [  975,    0,  427,  173,  214,  715, 1015,  948,  728, 1056,  602,  838,  409,  761,  718,  438,  882,  864,  769,  352,    0,  391,  840,  672,  801,  439,  785,  353,  604,  717,  613, 1149,  543,  582,  723,  121,  889,  803,  871,  780,  667,  545,  658,  578, 1147,  379,  436,  669,  177,  837,  744,  439,  478,  436,  800,  670,  799,  377,  813,  962,  364,  920, 1088,  334,  314,  699, 1125,  803,  857,  568,  830,  877,  739,  388,  584,  638,  699,  451,  975,  399,  314,  664,  165,  512,  702,  920,  624, 1156, 1064,  596,  173,  399,  634,  603, 1016,  843,  366, 1111,  881, 1034,  223,  835,  705, 1030,  966,  742,  897,  857,  786,  860,  720,  231,  245,  508,  658,  780,  542,  977,  776,  456,  541,  678],
        [  640,    0,  241,  235,  206,  705,  863,  605,  892,  967,  365,  464,  598,  404,  671,  437,  853,  521,  910,  314,  391,    0,  732,  519,  955,  624,  720,   40,  385,  755,  813,  983,  743,  719,  627,  439,  534,  816,  770,  666,  878,  650,  684,  724, 1038,  556,  209,  486,  302,  980,  383,  623,  575,  620,  556,  544,  449,  106,  656,  685,  350,  570,  856,  341,  106,  614,  933,  812,  926,  706,  729,  542,  576,  178,  597,  626,  749,  519,  778,  113,  516,  653,  265,  235,  694,  763,  715,  986,  848,  576,  247,  228,  473,  420,  955,  973,  569,  915,  545,  775,  353,  536,  906,  919,  775,  939,  686,  609,  763,  953,  718,  464,  419,  297,  279,  495,  288,  822,  514,  246,  607,  300],
        [  577,    0,  497,  720,  834,  206,  188,  593,  560,  236,  388,  684,  564,  601,  151,  404,  191,  568,  522,  499,  840,  732,    0,  215,  567,  555,   94,  723,  361,  291,  602,  321,  586,  470,  118,  760,  617,  251,   39,   67,  643,  422,  278,  488,  314,  555,  524,  257,  669,  558,  613,  554,  434,  555,  306,  189,  579,  632,  114,  404,  479,  609,  361,  509,  675,  142,  324,  241,  394,  473,   18,  543,  172,  563,  294,  238,  313,  422,  224,  620,  602,  225,  860,  509,  213,  122,  390,  330,  316,  260,  845,  517,  260,  315,  232,  531,  590,  318,  548,  390,  617,  435,  636,  194,  208,  642,  226,  308,  172,  451,  218,  656,  613,  435,  672,  402,  456,  158,  350,  487,  374,  669],
        [  473,    0,  290,  533,  635,  272,  355,  474,  608,  450,  177,  515,  490,  422,  208,  265,  368,  424,  590,  321,  672,  519,  215,    0,  640,  492,  227,  512,  149,  359,  604,  485,  564,  465,  128,  612,  472,  374,  254,  150,  660,  395,  304,  481,  520,  466,  312,   52,  495,  644,  430,  491,  368,  490,  191,   47,  413,  421,  145,  354,  311,  476,  425,  341,  468,  132,  454,  366,  517,  462,  215,  409,   68,  354,  256,  231,  369,  328,  304,  408,  492,  242,  667,  295,  267,  255,  404,  490,  396,  207,  651,  312,   46,  100,  444,  624,  501,  440,  414,  395,  457,  307,  667,  401,  294,  683,  233,  233,  297,  564,  290,  525,  472,  222,  470,  254,  242,  315,  209,  276,  332,  470],
        [ 1107,    0,  746,  795,  930,  380,  715, 1112,   74,  604,  774, 1143,  395, 1046,  449,  527,  414, 1063,   51,  642,  801,  955,  567,  640,    0,  364,  477,  925,  747,  287,  200,  817,  262,  238,  538,  681, 1111,  320,  560,  571,  173,  306,  336,  235,  697,  430,  787,  689,  709,   42, 1048,  365,  380,  367,  820,  595, 1045,  856,  657,  957,  606, 1116,  924,  615,  855,  519,  856,  330,  204,  251,  550, 1048,  658,  791,  401,  410,  272,  437,  790,  860,  492,  398,  919,  830,  380,  685,  251,  829,  877,  444,  914,  745,  654,  693,  529,   67,  437,  858, 1053,  956,  639,  944,  136,  636,  773,  111,  786,  845,  396,  152,  363,  573,  582,  746, 1053,  893,  799,  704,  847,  761,  356, 1061],
        [  945,    0,  456,  439,  572,  366,  741,  936,  292,  717,  552,  911,   32,  814,  405,  257,  515,  867,  330,  330,  439,  624,  555,  492,  364,    0,  470,  590,  533,  325,  191,  872,  120,  148,  459,  321,  910,  416,  572,  517,  254,  142,  292,  140,  816,   70,  494,  524,  352,  398,  809,    2,  127,    5,  680,  461,  828,  536,  587,  846,  298,  926,  892,  294,  520,  432,  877,  420,  432,  135,  539,  863,  544,  482,  263,  317,  302,  168,  756,  546,  129,  332,  557,  558,  355,  668,  210,  882,  854,  305,  552,  445,  480,  491,  659,  404,   74,  871,  868,  882,  284,  777,  286,  714,  742,  320,  710,  724,  433,  426,  362,  210,  222,  489,  780,  717,  545,  712,  685,  480,  182,  793],
        [  648,    0,  480,  679,  801,  113,  274,  660,  467,  272,  402,  731,  482,  643,   69,  349,  141,  625,  431,  458,  785,  720,   94,  227,  477,  470,    0,  706,  374,  198,  508,  403,  494,  378,  100,  697,  675,  167,  103,  101,  550,  334,  186,  396,  364,  477,  512,  277,  620,  470,  652,  470,  354,  470,  366,  187,  627,  616,  183,  484,  433,  671,  455,  461,  652,  106,  413,  158,  315,  381,   77,  604,  210,  545,  215,  158,  219,  350,  317,  608,  528,  139,  821,  512,  121,  215,  298,  413,  410,  191,  807,  496,  265,  321,  240,  445,  511,  410,  609,  479,  562,  496,  543,  250,  301,  549,  310,  379,   85,  369,  125,  588,  549,  430,  696,  455,  462,  249,  404,  476,  290,  697],
        [  663,    0,  227,  196,  176,  686,  860,  630,  861,  959,  367,  496,  563,  430,  655,  411,  837,  546,  881,  286,  353,   40,  723,  512,  925,  590,  706,    0,  384,  732,  780,  984,  709,  688,  615,  400,  561,  796,  761,  657,  843,  620,  661,  693, 1032,  521,  200,  483,  263,  950,  410,  589,  545,  586,  563,  535,  474,   92,  652,  698,  322,  596,  864,  311,   71,  601,  937,  792,  902,  675,  720,  565,  571,  162,  574,  606,  725,  490,  780,  106,  479,  633,  233,  239,  674,  760,  688,  987,  853,  556,  215,  211,  467,  414,  943,  945,  533,  919,  568,  786,  316,  552,  873,  912,  777,  906,  690,  617,  745,  927,  698,  425,  382,  292,  311,  508,  290,  820,  523,  237,  580,  332],
        [  416,    0,  182,  445,  527,  402,  479,  404,  705,  594,   29,  397,  522,  300,  345,  277,  514,  335,  697,  268,  604,  385,  361,  149,  747,  533,  374,  384,    0,  481,  678,  600,  626,  545,  274,  568,  379,  511,  400,  298,  739,  469,  417,  559,  657,  489,  190,  105,  430,  758,  302,  531,  420,  530,  197,  188,  303,  295,  274,  360,  276,  394,  492,  302,  352,  273,  554,  504,  648,  538,  362,  331,  195,  239,  348,  343,  486,  367,  398,  279,  496,  362,  568,  152,  395,  379,  500,  603,  476,  304,  550,  209,  110,   57,  592,  741,  520,  537,  336,  431,  413,  252,  753,  540,  394,  775,  309,  254,  438,  691,  419,  505,  447,  100,  325,  192,   98,  438,  175,  158,  407,  328],
        [  822,    0,  522,  651,  785,   93,  460,  828,  271,  399,  509,  871,  346,  776,  163,  324,  193,  782,  238,  450,  717,  755,  291,  359,  287,  325,  198,  732,  481,    0,  318,  579,  316,  199,  251,  610,  831,   92,  292,  286,  354,  185,   72,  217,  499,  356,  561,  410,  575,  287,  780,  325,  240,  327,  535,  313,  770,  650,  371,  671,  416,  833,  652,  436,  667,  234,  602,   95,  173,  207,  273,  765,  373,  578,  158,  139,   26,  270,  515,  648,  418,  119,  791,  587,   94,  412,  120,  590,  606,  185,  780,  529,  379,  425,  336,  266,  384,  601,  770,  674,  507,  660,  346,  407,  498,  352,  502,  559,  126,  211,   77,  494,  472,  501,  800,  611,  547,  440,  563,  529,  176,  805],
        [ 1075,    0,  632,  628,  760,  397,  777, 1072,  127,  706,  701, 1070,  220,  972,  457,  417,  500, 1011,  185,  511,  613,  813,  602,  604,  200,  191,  508,  780,  678,  318,    0,  896,   73,  140,  534,  492, 1056,  393,  607,  583,   65,  211,  327,  124,  805,  261,  671,  646,  542,  240,  970,  192,  262,  195,  795,  565,  980,  723,  664,  951,  478, 1068,  960,  478,  709,  509,  919,  400,  341,  143,  584, 1002,  642,  665,  350,  386,  294,  320,  822,  731,  315,  387,  742,  728,  390,  722,  213,  907,  917,  398,  739,  624,  605,  630,  637,  256,  258,  916, 1007,  970,  474,  906,   95,  722,  806,  131,  795,  831,  444,  312,  384,  392,  411,  652,  953,  850,  708,  755,  810,  653,  275,  965],
        [  596,    0,  770, 1017, 1118,  510,  136,  631,  830,  225,  619,  787,  883,  733,  468,  719,  405,  649,  779,  801, 1149,  983,  321,  485,  817,  872,  403,  984,  600,  579,  896,    0,  891,  774,  433, 1076,  690,  508,  301,  373,  928,  736,  586,  791,  171,  876,  787,  504,  975,  795,  753,  872,  754,  872,  444,  480,  694,  894,  340,  408,  786,  665,  221,  816,  948,  459,   85,  500,  617,  779,  336,  616,  419,  833,  614,  557,  603,  743,  212,  878,  922,  541, 1152,  749,  521,  231,  692,   14,  187,  581, 1135,  794,  528,  574,  300,  765,  910,  105,  619,  324,  929,  531,  913,  181,  211,  910,  304,  402,  454,  674,  519,  975,  930,  694,  846,  535,  696,  173,  494,  752,  692,  837],
        [ 1030,    0,  568,  556,  688,  383,  767, 1025,  188,  713,  648, 1014,  149,  916,  437,  358,  506,  961,  238,  445,  543,  743,  586,  564,  262,  120,  494,  709,  626,  316,   73,  891,    0,  118,  507,  422, 1005,  400,  595,  560,  135,  171,  309,  100,  813,  189,  607,  602,  470,  300,  913,  121,  206,  124,  755,  527,  927,  654,  637,  916,  412, 1018,  939,  410,  639,  481,  907,  406,  374,  114,  569,  953,  607,  598,  314,  357,  291,  262,  801,  663,  243,  364,  670,  667,  374,  705,  199,  902,  897,  361,  667,  559,  560,  580,  647,  312,  186,  903,  958,  941,  402,  861,  168,  721,  785,  203,  766,  795,  438,  354,  373,  320,  339,  593,  891,  803,  649,  742,  766,  590,  233,  903],
        [  937,    0,  517,  561,  697,  266,  649,  934,  175,  598,  569,  940,  177,  842,  322,  298,  391,  875,  196,  407,  582,  719,  470,  465,  238,  148,  378,  688,  545,  199,  140,  774,  118,    0,  396,  466,  921,  286,  478,  447,  196,   77,  193,   18,  697,  204,  558,  507,  476,  266,  841,  149,  145,  151,  656,  425,  848,  621,  527,  812,  371,  931,  825,  378,  618,  371,  790,  291,  284,   15,  453,  865,  502,  558,  210,  247,  174,  204,  687,  626,  269,  250,  688,  608,  258,  589,   82,  785,  782,  259,  682,  513,  467,  495,  533,  266,  220,  787,  870,  832,  405,  769,  208,  604,  671,  233,  657,  692,  321,  279,  256,  351,  351,  527,  833,  712,  582,  626,  672,  535,  139,  843],
        [  572,    0,  388,  604,  720,  159,  298,  579,  515,  347,  303,  638,  465,  547,   90,  287,  241,  538,  488,  382,  723,  627,  118,  128,  538,  459,  100,  615,  274,  251,  534,  433,  507,  396,    0,  645,  588,  251,  152,   61,  583,  337,  211,  413,  430,  451,  418,  179,  551,  537,  556,  458,  334,  459,  285,   88,  535,  524,  131,  423,  362,  587,  435,  392,  564,   28,  424,  242,  396,  396,  110,  519,  123,  454,  198,  150,  266,  314,  298,  514,  493,  148,  744,  414,  158,  212,  323,  441,  395,  155,  729,  407,  166,  222,  329,  514,  486,  415,  524,  436,  500,  412,  583,  310,  283,  595,  262,  308,  171,  447,  176,  543,  498,  334,  597,  366,  363,  263,  317,  382,  280,  598],
        [  964,    0,  406,  205,  301,  618,  941,  941,  608,  966,  572,  853,  291,  769,  629,  358,  783,  860,  650,  302,  121,  439,  760,  612,  681,  321,  697,  400,  568,  610,  492, 1076,  422,  466,  645,    0,  890,  699,  789,  704,  547,  433,  556,  460, 1060,  264,  426,  617,  153,  717,  755,  320,  371,  317,  760,  603,  800,  396,  747,  928,  303,  918, 1035,  273,  344,  619, 1059,  700,  744,  452,  748,  868,  678,  385,  488,  544,  591,  352,  914,  416,  198,  569,  266,  504,  605,  849,  512, 1084, 1007,  507,  268,  380,  578,  556,  921,  724,  247, 1047,  873,  992,  157,  813,  585,  946,  903,  622,  842,  815,  690,  744,  621,  117,  148,  480,  683,  755,  524,  905,  743,  437,  436,  701],
        [  126,    0,  490,  717,  736,  742,  625,   83, 1075,  798,  358,  109,  897,  131,  675,  653,  805,   50, 1061,  614,  889,  534,  617,  472, 1111,  910,  675,  561,  379,  831, 1056,  690, 1005,  921,  588,  890,    0,  837,  649,  576, 1116,  846,  775,  935,  820,  862,  465,  423,  739, 1116,  152,  908,  799,  907,  312,  518,   91,  513,  504,  284,  633,   40,  484,  652,  578,  600,  611,  829,  983,  915,  628,   77,  467,  507,  717,  701,  841,  745,  495,  491,  860,  714,  793,  387,  738,  556,  870,  686,  506,  671,  774,  513,  458,  427,  829, 1096,  892,  590,   73,  377,  746,  183, 1128,  729,  505, 1148,  421,  318,  756, 1034,  760,  854,  795,  430,  266,  222,  376,  595,  272,  459,  783,  246],
        [  815,    0,  579,  730,  861,  113,  398,  825,  324,  314,  540,  887,  437,  796,  167,  396,  107,  788,  277,  521,  803,  816,  251,  374,  320,  416,  167,  796,  511,   92,  393,  508,  400,  286,  251,  699,  837,    0,  240,  267,  421,  277,  147,  303,  414,  447,  616,  426,  657,  308,  803,  416,  330,  418,  531,  329,  785,  711,  350,  650,  489,  836,  604,  512,  734,  243,  540,   10,  148,  295,  234,  768,  371,  639,  229,  190,  115,  354,  471,  707,  509,  164,  871,  632,  124,  366,  209,  520,  557,  241,  860,  589,  403,  455,  248,  281,  475,  541,  773,  640,  590,  660,  406,  330,  454,  405,  474,  546,   83,  202,   99,  583,  559,  546,  835,  616,  588,  384,  566,  582,  264,  838],
        [  604,    0,  535,  755,  870,  213,  172,  622,  557,  198,  426,  718,  583,  637,  168,  434,  167,  600,  516,  533,  871,  770,   39,  254,  560,  572,  103,  761,  400,  292,  607,  301,  595,  478,  152,  789,  649,  240,    0,  105,  645,  436,  288,  496,  278,  577,  562,  296,  701,  548,  649,  571,  454,  572,  338,  227,  614,  670,  147,  426,  512,  640,  365,  542,  712,  173,  313,  231,  379,  483,   43,  574,  210,  600,  315,  257,  315,  446,  232,  658,  625,  240,  895,  548,  222,  127,  398,  311,  318,  285,  881,  555,  298,  354,  194,  520,  611,  310,  579,  404,  648,  467,  636,  160,  215,  639,  247,  336,  167,  437,  224,  683,  641,  474,  710,  436,  495,  149,  384,  525,  391,  707],
        [  548,    0,  431,  657,  769,  194,  238,  560,  555,  303,  325,  636,  524,  550,  128,  346,  232,  527,  523,  436,  780,  666,   67,  150,  571,  517,  101,  657,  298,  286,  583,  373,  560,  447,   61,  704,  576,  267,  105,    0,  630,  392,  257,  465,  379,  511,  458,  195,  607,  567,  560,  516,  393,  517,  266,  123,  531,  565,   86,  387,  418,  572,  380,  448,  609,   88,  364,  258,  414,  448,   65,  505,  115,  496,  255,  204,  305,  374,  242,  554,  553,  197,  796,  444,  197,  152,  371,  381,  338,  215,  781,  451,  194,  250,  295,  542,  546,  356,  509,  390,  558,  396,  627,  259,  227,  636,  216,  279,  184,  469,  210,  603,  557,  369,  613,  357,  392,  203,  306,  421,  337,  612],
        [ 1132,    0,  696,  690,  820,  439,  813, 1130,  113,  730,  763, 1132,  283, 1034,  503,  481,  526, 1070,  176,  576,  667,  878,  643,  660,  173,  254,  550,  843,  739,  354,   65,  928,  135,  196,  583,  547, 1116,  421,  645,  630,    0,  271,  373,  181,  827,  324,  736,  703,  603,  215, 1032,  256,  326,  258,  850,  619, 1042,  787,  712, 1003,  542, 1127, 1003,  542,  773,  560,  955,  429,  347,  202,  626, 1061,  695,  729,  405,  437,  331,  384,  866,  795,  375,  436,  800,  792,  434,  764,  261,  940,  959,  454,  798,  688,  663,  690,  658,  237,  318,  954, 1066, 1018,  537,  964,   41,  750,  849,   78,  844,  885,  479,  308,  425,  450,  473,  715, 1017,  908,  771,  794,  867,  717,  334, 1029],
        [  864,    0,  442,  504,  641,  227,  607,  861,  248,  576,  493,  863,  161,  766,  272,  223,  374,  800,  261,  337,  545,  650,  422,  395,  306,  142,  334,  620,  469,  185,  211,  736,  171,   77,  337,  433,  846,  277,  436,  392,  271,    0,  152,   90,  675,  173,  483,  435,  422,  330,  764,  141,   77,  143,  586,  357,  772,  551,  468,  745,  301,  857,  770,  310,  551,  311,  746,  280,  313,   69,  406,  791,  437,  485,  143,  189,  163,  132,  633,  555,  237,  199,  637,  532,  216,  539,   79,  746,  730,  191,  629,  440,  394,  420,  518,  326,  199,  740,  796,  770,  351,  696,  285,  574,  618,  309,  596,  624,  292,  321,  222,  316,  304,  451,  756,  639,  506,  580,  600,  460,   64,  766],
        [  774,    0,  451,  585,  717,   76,  459,  777,  307,  426,  444,  810,  308,  714,  131,  254,  230,  727,  286,  380,  658,  684,  278,  304,  336,  292,  186,  661,  417,   72,  327,  586,  309,  193,  211,  556,  775,  147,  288,  257,  373,  152,    0,  211,  525,  311,  490,  353,  511,  343,  718,  291,  189,  293,  487,  259,  711,  579,  339,  633,  347,  780,  634,  368,  596,  189,  599,  146,  244,  196,  261,  712,  327,  507,   88,   75,   70,  208,  496,  577,  369,   64,  725,  518,   66,  397,  114,  597,  591,  116,  714,  457,  319,  361,  372,  325,  342,  595,  717,  645,  444,  609,  373,  423,  480,  385,  471,  517,  142,  278,   71,  441,  414,  432,  733,  557,  479,  434,  512,  459,  121,  739],
        [  952,    0,  526,  561,  697,  284,  667,  949,  169,  615,  582,  952,  170,  855,  340,  307,  408,  890,  196,  414,  578,  724,  488,  481,  235,  140,  396,  693,  559,  217,  124,  791,  100,   18,  413,  460,  935,  303,  496,  465,  181,   90,  211,    0,  714,  200,  566,  523,  476,  266,  853,  141,  153,  144,  672,  442,  861,  628,  544,  829,  378,  946,  843,  384,  623,  388,  808,  308,  295,   21,  471,  880,  519,  565,  227,  264,  192,  212,  705,  633,  264,  268,  687,  618,  276,  607,  100,  803,  800,  275,  681,  521,  482,  509,  550,  267,  213,  805,  885,  849,  405,  784,  196,  622,  689,  222,  674,  709,  339,  286,  274,  347,  349,  539,  843,  727,  594,  644,  688,  545,  153,  853],
        [  739,    0,  808, 1033, 1147,  452,  197,  769,  721,  100,  681,  909,  832,  843,  432,  710,  307,  775,  665,  811, 1147, 1038,  314,  520,  697,  816,  364, 1032,  657,  499,  805,  171,  813,  697,  430, 1060,  820,  414,  278,  379,  827,  675,  525,  714,    0,  833,  832,  553,  979,  670,  861,  815,  709,  817,  539,  500,  810,  940,  384,  546,  790,  799,  381,  819,  986,  451,  250,  407,  494,  705,  321,  744,  463,  873,  575,  518,  523,  711,  325,  928,  887,  495, 1173,  809,  465,  285,  617,  182,  339,  554, 1158,  829,  565,  619,  170,  639,  865,  267,  747,  475,  924,  648,  807,  120,  316,  798,  405,  511,  384,  548,  455,  950,  912,  741,  941,  638,  755,  232,  591,  795,  642,  935],
        [  904,    0,  396,  369,  503,  381,  742,  892,  359,  735,  506,  857,   42,  761,  409,  213,  539,  821,  394,  268,  379,  556,  555,  466,  430,   70,  477,  521,  489,  356,  261,  876,  189,  204,  451,  264,  862,  447,  577,  511,  324,  173,  311,  200,  833,    0,  434,  492,  283,  463,  755,   69,  124,   66,  648,  440,  779,  470,  574,  817,  239,  880,  878,  230,  451,  424,  874,  449,  481,  189,  541,  819,  523,  418,  263,  320,  335,  140,  745,  480,   66,  340,  490,  500,  368,  662,  250,  885,  842,  297,  485,  383,  448,  452,  682,  466,   36,  866,  824,  860,  214,  738,  355,  725,  732,  390,  692,  696,  451,  481,  380,  149,  153,  436,  721,  678,  492,  711,  649,  422,  191,  734],
        [  542,    0,   41,  268,  338,  504,  662,  517,  731,  760,  179,  437,  474,  347,  465,  261,  647,  435,  739,  166,  436,  209,  524,  312,  787,  494,  512,  200,  190,  561,  671,  787,  607,  558,  418,  426,  465,  616,  562,  458,  736,  483,  490,  566,  832,  434,    0,  284,  275,  806,  335,  493,  414,  491,  381,  336,  376,  109,  453,  533,  196,  493,  680,  205,  163,  406,  744,  610,  733,  547,  521,  445,  372,   51,  405,  427,  558,  355,  587,   97,  415,  453,  380,   79,  493,  562,  538,  791,  666,  378,  362,   52,  267,  215,  746,  796,  457,  727,  449,  613,  283,  401,  759,  713,  583,  788,  499,  437,  558,  765,  518,  394,  337,   93,  288,  347,  108,  621,  348,   37,  431,  302],
        [  430,    0,  267,  521,  616,  323,  378,  428,  655,  489,  131,  463,  519,  370,  260,  284,  418,  375,  638,  319,  669,  486,  257,   52,  689,  524,  277,  483,  105,  410,  646,  504,  602,  507,  179,  617,  423,  426,  296,  195,  703,  435,  353,  523,  553,  492,  284,    0,  492,  694,  378,  522,  401,  522,  157,   98,  361,  392,  170,  326,  315,  428,  420,  345,  445,  184,  465,  418,  569,  503,  259,  361,   91,  330,  299,  279,  419,  357,  310,  378,  513,  292,  652,  256,  318,  278,  450,  508,  396,  251,  635,  292,   44,   71,  488,  674,  526,  449,  366,  377,  461,  262,  711,  436,  303,  729,  229,  206,  349,  616,  341,  538,  482,  192,  420,  206,  202,  338,  165,  249,  372,  420],
        [  816,    0,  258,   87,  222,  560,  841,  791,  640,  890,  431,  701,  322,  616,  555,  272,  726,  709,  671,  175,  177,  302,  669,  495,  709,  352,  620,  263,  430,  575,  542,  975,  470,  476,  551,  153,  739,  657,  701,  607,  603,  422,  511,  476,  979,  283,  275,  492,    0,  741,  602,  351,  347,  348,  626,  495,  649,  246,  637,  790,  190,  767,  911,  160,  200,  529,  949,  656,  730,  462,  660,  719,  563,  232,  430,  480,  561,  307,  798,  265,  229,  507,  217,  353,  547,  745,  499,  981,  887,  435,  208,  232,  457,  426,  855,  741,  286,  935,  723,  860,   72,  669,  637,  861,  789,  672,  720,  682,  630,  742,  567,  165,  131,  337,  531,  612,  376,  802,  604,  289,  402,  550],
        [ 1108,    0,  766,  826,  962,  379,  698, 1114,  114,  579,  785, 1152,  429, 1056,  448,  548,  396, 1068,   71,  666,  837,  980,  558,  644,   42,  398,  470,  950,  758,  287,  240,  795,  300,  266,  537,  717, 1116,  308,  548,  567,  215,  330,  343,  266,  670,  463,  806,  694,  741,    0, 1059,  399,  406,  402,  821,  599, 1053,  880,  652,  953,  630, 1120,  911,  640,  881,  520,  838,  318,  179,  280,  541, 1052,  659,  813,  413,  417,  275,  461,  779,  883,  526,  402,  952,  847,  380,  674,  269,  808,  863,  454,  946,  766,  661,  702,  503,   32,  472,  841, 1056,  947,  670,  947,  177,  615,  762,  151,  779,  843,  387,  123,  361,  608,  614,  762, 1068,  897,  813,  689,  850,  780,  376, 1075],
