{
    "name": "random-14-31119",
    "comment": "size=14 seed=31119",
    "nodes": ["+0", "-0", "+1", "-1", "+2", "-2", "+3", "-3", "+4", "-4", "+5", "-5", "+6", "-6", "+7", "-7", "+8", "-8", "+9", "-9", "+10", "-10", "+11", "-11", "+12", "-12", "+13", "-13", "+14", "-14"],
    "precedence": {
        "+0": "-0",
        "+1": "-1",
        "+2": "-2",
        "+3": "-3",
        "+4": "-4",
        "+5": "-5",
        "+6": "-6",
        "+7": "-7",
        "+8": "-8",
        "+9": "-9",
        "+10": "-10",
        "+11": "-11",
        "+12": "-12",
        "+13": "-13",
        "+14": "-14"
    },
    "edges": [
        [    0,    0,  106,  205,  912,  288,  390,  471,  446,  692,  931,  123,  537,  705,  670,  412,  900,  445,  187,  414,  733,   98,  521,  366,  656,  953,  443,  696,  902,  469],
        [    0,    0,  106,  205,  912,  288,  390,  471,  446,  692,  931,  123,  537,  705,  670,  412,  900,  445,  187,  414,  733,   98,  521,  366,  656,  953,  443,  696,  902,  469],
        [  106,  106,    0,  277,  926,  184,  383,  436,  354,  618,  871,  132,  467,  662,  633,  476,  847,  534,  292,  440,  789,   27,  575,  303,  603,  985,  543,  641,  835,  468],
        [  205,  205,  277,    0,  740,  448,  282,  405,  510,  689,  884,  164,  537,  631,  587,  208,  838,  265,  168,  247,  530,  284,  319,  377,  607,  761,  301,  646,  871,  339],
        [  912,  912,  926,  740,    0, 1009,  546,  556,  847,  727,  656,  802,  702,  489,  458,  578,  576,  710,  896,  500,  385,  947,  471,  721,  569,  179,  823,  573,  708,  461],
        [  288,  288,  184,  448, 1009,    0,  468,  467,  263,  552,  825,  287,  422,  661,  645,  633,  818,  711,  474,  560,  930,  192,  720,  302,  585, 1094,  725,  618,  776,  551],
        [  390,  390,  383,  282,  546,  468,    0,  137,  370,  444,  608,  269,  312,  351,  306,  291,  558,  451,  445,  131,  498,  407,  316,  215,  335,  626,  534,  373,  601,   86],
        [  471,  471,  436,  405,  556,  467,  137,    0,  295,  309,  480,  349,  189,  235,  200,  426,  437,  587,  561,  258,  595,  462,  436,  168,  202,  670,  670,  242,  468,  154],
        [  446,  446,  354,  510,  847,  263,  370,  295,    0,  290,  564,  366,  173,  428,  425,  631,  563,  760,  610,  496,  867,  378,  681,  157,  343,  965,  811,  371,  514,  431],
        [  692,  692,  618,  689,  727,  552,  444,  309,  290,    0,  278,  586,  157,  239,  272,  734,  290,  894,  826,  566,  876,  644,  739,  328,  161,  881,  972,  155,  224,  454],
        [  931,  931,  871,  884,  656,  825,  608,  480,  564,  278,    0,  815,  408,  264,  316,  872,   81, 1041, 1039,  701,  919,  897,  841,  569,  280,  832, 1136,  239,   75,  579],
        [  123,  123,  132,  164,  802,  287,  269,  349,  366,  586,  815,    0,  430,  584,  548,  349,  781,  428,  246,  310,  658,  149,  445,  259,  538,  855,  457,  578,  789,  350],
        [  537,  537,  467,  537,  702,  422,  312,  189,  173,  157,  408,  430,    0,  257,  260,  601,  397,  754,  671,  440,  782,  493,  622,  172,  171,  835,  825,  200,  369,  342],
        [  705,  705,  662,  631,  489,  661,  351,  235,  428,  239,  264,  584,  257,    0,   53,  609,  208,  778,  792,  437,  677,  689,  580,  368,   90,  647,  873,   84,  276,  315],
        [  670,  670,  633,  587,  458,  645,  306,  200,  425,  272,  316,  548,  260,   53,    0,  557,  256,  727,  749,  387,  627,  660,  528,  347,  112,  610,  823,  123,  328,  265],
        [  412,  412,  476,  208,  578,  633,  291,  426,  631,  734,  872,  349,  601,  609,  557,    0,  811,  170,  332,  173,  323,  486,  118,  477,  614,  571,  273,  649,  876,  295],
        [  900,  900,  847,  838,  576,  818,  558,  437,  563,  290,   81,  781,  397,  208,  256,  811,    0,  981,  997,  642,  843,  874,  773,  545,  245,  752, 1078,  206,  140,  521],
        [  445,  445,  534,  265,  710,  711,  451,  587,  760,  894, 1041,  428,  754,  778,  727,  170,  981,    0,  298,  341,  384,  537,  243,  613,  780,  668,  113,  816, 1044,  463],
        [  187,  187,  292,  168,  896,  474,  445,  561,  610,  826, 1039,  246,  671,  792,  749,  332,  997,  298,    0,  412,  645,  283,  449,  502,  760,  902,  268,  801, 1021,  506],
        [  414,  414,  440,  247,  500,  560,  131,  258,  496,  566,  701,  310,  440,  437,  387,  173,  642,  341,  412,    0,  378,  458,  186,  340,  441,  546,  437,  476,  704,  123],
        [  733,  733,  789,  530,  385,  930,  498,  595,  867,  876,  919,  658,  782,  677,  627,  323,  843,  384,  645,  378,    0,  802,  214,  712,  723,  294,  488,  747,  948,  443],
        [   98,   98,   27,  284,  947,  192,  407,  462,  378,  644,  897,  149,  493,  689,  660,  486,  874,  537,  283,  458,  802,    0,  588,  329,  629, 1004,  540,  668,  861,  491],
        [  521,  521,  575,  319,  471,  720,  316,  436,  681,  739,  841,  445,  622,  580,  528,  118,  773,  243,  449,  186,  214,  588,    0,  524,  602,  454,  356,  634,  855,  286],
        [  366,  366,  303,  377,  721,  302,  215,  168,  157,  328,  569,  259,  172,  368,  347,  477,  545,  613,  502,  340,  712,  329,  524,    0,  302,  825,  674,  340,  536,  282],
        [  656,  656,  603,  607,  569,  585,  335,  202,  343,  161,  280,  538,  171,   90,  112,  614,  245,  780,  760,  441,  723,  629,  602,  302,    0,  721,  868,   41,  267,  321],
        [  953,  953,  985,  761,  179, 1094,  626,  670,  965,  881,  832,  855,  835,  647,  610,  571,  752,  668,  902,  546,  294, 1004,  454,  825,  721,    0,  777,  729,  881,  547],
        [  443,  443,  543,  301,  823,  725,  534,  670,  811,  972, 1136,  457,  825,  873,  823,  273, 1078,  113,  268,  437,  488,  540,  356,  674,  868,  777,    0,  906, 1134,  558],
        [  696,  696,  641,  646,  573,  618,  373,  242,  371,  155,  239,  578,  200,   84,  123,  649,  206,  816,  801,  476,  747,  668,  634,  340,   41,  729,  906,    0,  229,  356],
        [  902,  902,  835,  871,  708,  776,  601,  468,  514,  224,   75,  789,  369,  276,  328,  876,  140, 1044, 1021,  704,  948,  861,  855,  536,  267,  881, 1134,  229,    0,  582],
        [  469,  469,  468,  339,  461,  551,   86,  154,  431,  454,  579,  350,  342,  315,  265,  295,  521,  463,  506,  123,  443,  491,  286,  282,  321,  547,  558,  356,  582,    0]
    ]
}
