{
    "name": "random-60-11560",
    "comment": "size=60 seed=11560",
    "nodes": ["+0", "-0", "+1", "-1", "+2", "-2", "+3", "-3", "+4", "-4", "+5", "-5", "+6", "-6", "+7", "-7", "+8", "-8", "+9", "-9", "+10", "-10", "+11", "-11", "+12", "-12", "+13", "-13", "+14", "-14", "+15", "-15", "+16", "-16", "+17", "-17", "+18", "-18", "+19", "-19", "+20", "-20", "+21", "-21", "+22", "-22", "+23", "-23", "+24", "-24", "+25", "-25", "+26", "-26", "+27", "-27", "+28", "-28", "+29", "-29", "+30", "-30", "+31", "-31", "+32", "-32", "+33", "-33", "+34", "-34", "+35", "-35", "+36", "-36", "+37", "-37", "+38", "-38", "+39", "-39", "+40", "-40", "+41", "-41", "+42", "-42", "+43", "-43", "+44", "-44", "+45", "-45", "+46", "-46", "+47", "-47", "+48", "-48", "+49", "-49", "+50", "-50", "+51", "-51", "+52", "-52", "+53", "-53", "+54", "-54", "+55", "-55", "+56", "-56", "+57", "-57", "+58", "-58", "+59", "-59", "+60", "-60"],
    "precedence": {
        "+0": "-0",
        "+1": "-1",
        "+2": "-2",
        "+3": "-3",
        "+4": "-4",
        "+5": "-5",
        "+6": "-6",
        "+7": "-7",
        "+8": "-8",
        "+9": "-9",
        "+10": "-10",
        "+11": "-11",
        "+12": "-12",
        "+13": "-13",
        "+14": "-14",
        "+15": "-15",
        "+16": "-16",
        "+17": "-17",
        "+18": "-18",
        "+19": "-19",
        "+20": "-20",
        "+21": "-21",
        "+22": "-22",
        "+23": "-23",
        "+24": "-24",
        "+25": "-25",
        "+26": "-26",
        "+27": "-27",
        "+28": "-28",
        "+29": "-29",
        "+30": "-30",
        "+31": "-31",
        "+32": "-32",
        "+33": "-33",
        "+34": "-34",
        "+35": "-35",
        "+36": "-36",
        "+37": "-37",
        "+38": "-38",
        "+39": "-39",
        "+40": "-40",
        "+41": "-41",
        "+42": "-42",
        "+43": "-43",
        "+44": "-44",
        "+45": "-45",
        "+46": "-46",
        "+47": "-47",
        "+48": "-48",
        "+49": "-49",
        "+50": "-50",
        "+51": "-51",
        "+52": "-52",
        "+53": "-53",
        "+54": "-54",
        "+55": "-55",
        "+56": "-56",
        "+57": "-57",
        "+58": "-58",
        "+59": "-59",
        "+60": "-60"
    },
    "edges": [
        [    0,    0,  838,  901,  351, 1054,  913,  110,  379,  238,  671,  788,  870,  242,  992,  844, 1111,  998,  205,  859,  908,  246, 1135,   92,  771, 1227,  415, 1009,  531,  786,  713,  834,  503,  425,  808, 1109,  662,  751,  203,  610,  678,  739, 1201,  171,  564,  906,  270, 1209,  714,  848, 1121,  293,  925,  744,  500, 1072,  489,  870,  894,  777,  467, 1036,  532,  787,  494,  966,  909,  907,  732,  857, 1139,  327,  523,  334, 1012,  719, 1040,  612, 1026,  652,  770,  421, 1286, 1010,  959,  688,  713,  482,  402,  368,  201,  954,  975,  572, 1041,  648,  784,  769,  460,  307,  502,  861, 1212,  437,  897,  305,  583,  311,  102,  675,  898,  373, 1018,  413, 1093,  499,  617,  415,  824,  979,  111,  892],
        [    0,    0,    0,    0,    0,    0,    0,    0,    0,    0,    0,    0,    0,    0,    0,    0,    0,    0,    0,    0,    0,    0,    0,    0,    0,    0,    0,    0,    0,    0,    0,    0,    0,    0,    0,    0,    0,    0,    0,    0,    0,    0,    0,    0,    0,    0,    0,    0,    0,    0,    0,    0,    0,    0,    0,    0,    0,    0,    0,    0,    0,    0,    0,    0,    0,    0,    0,    0,    0,    0,    0,    0,    0,    0,    0,    0,    0,    0,    0,    0,    0,    0,    0,    0,    0,    0,    0,    0,    0,    0,    0,    0,    0,    0,    0,    0,    0,    0,    0,    0,    0,    0,    0,    0,    0,    0,    0,    0,    0,    0,    0,    0,    0,    0,    0,    0,    0,    0,    0,    0,    0,    0],
        [  838,    0,    0,  272,  562,  329,  630,  729,  475,  618,  729,  452,  324,  764,  403,  374,  288,  298,  709,  464,  249,  689,  533,  762,  418,  472,  644,  522,  308,  257,  127,  629,  456,  505,  678,  537,  808,  246,  638,  382,  702,  267,  409,  669,  294,   99,  604,  445,  496,  549,  536,  570,  874,  708,  547,  359,  450,  289,  511,   73,  422,  244,  323,  117,  541,  323,  645,  356,  201,   20,  384,  527,  443,  585,  333,  244,  409,  286,  229,  326,  556,  420,  547,  172,  714,  173,  702,  656,  692,  605,  773,  369,  146,  403,  222,  368,  223,  766,  770,  533,  444,  543,  539,  411,  101,  535,  646,  594,  745,  233,  873,  492,  271,  475,  270,  505,  794,  665,  444,  417,  727,  165],
        [  901,    0,  272,    0,  564,  158,  384,  798,  525,  723,  568,  243,   73,  756,  136,  644,  298,  101,  726,  222,   29,  694,  281,  845,  221,  329,  587,  251,  434,  523,  323,  407,  416,  676,  468,  276,  655,  506,  723,  306,  538,  524,  324,  734,  468,  348,  724,  315,  321,  316,  278,  609,  651,  521,  472,  172,  638,   42,  260,  248,  435,  459,  385,  188,  471,  587,  402,  627,  184,  276,  246,  576,  396,  733,  112,  495,  158,  496,  443,  254,  353,  537,  385,  297,  465,  390,  525,  569,  633,  579,  779,   99,  245,  618,  247,  272,  122,  575,  684,  608,  637,  305,  323,  540,  190,  611,  518,  604,  800,  464,  657,  627,  510,  631,  284,  445,  655,  604,  217,  147,  795,  112],
        [  351,    0,  562,  564,    0,  720,  575,  261,  115,  262,  391,  438,  526,  203,  645,  707,  805,  663,  163,  509,  575,  133,  786,  319,  421,  892,  140,  659,  294,  607,  452,  502,  153,  382,  489,  760,  421,  570,  226,  263,  386,  567,  877,  204,  364,  649,  293,  877,  368,  504,  771,   85,  643,  443,  164,  735,  409,  530,  546,  492,  141,  793,  241,  482,  156,  781,  574,  750,  411,  581,  807,   96,  174,  354,  674,  535,  694,  434,  780,  311,  430,  240,  947,  723,  631,  455,  415,  203,  173,   66,  218,  608,  680,  469,  736,  300,  453,  483,  269,  153,  419,  516,  866,  267,  596,  156,  283,   41,  251,  478,  622,  285,  795,  331,  787,  152,  382,  158,  473,  631,  257,  573],
        [ 1054,    0,  329,  158,  720,    0,  475,  949,  676,  867,  706,  378,  214,  913,  161,  691,  194,   58,  883,  336,  147,  851,  226,  994,  364,  173,  744,  289,  566,  582,  422,  519,  573,  800,  585,  244,  794,  575,  870,  464,  676,  596,  171,  885,  586,  369,  864,  157,  464,  427,  236,  762,  751,  649,  628,   31,  755,  196,  357,  340,  589,  435,  530,  295,  628,  599,  494,  658,  325,  324,   88,  727,  554,  865,   62,  573,  125,  600,  420,  411,  482,  674,  237,  262,  546,  486,  658,  723,  789,  737,  936,  165,  227,  721,  179,  429,  271,  699,  838,  756,  751,  413,  210,  675,  229,  759,  666,  760,  953,  555,  762,  762,  498,  759,  188,  602,  797,  761,  345,  190,  946,  182],
        [  913,    0,  630,  384,  575,  475,    0,  834,  613,  822,  313,  192,  315,  695,  315,  978,  662,  440,  709,  167,  412,  668,  356,  892,  228,  582,  504,  206,  639,  852,  627,   87,  444,  865,  146,  316,  390,  826,  796,  376,  288,  839,  631,  778,  707,  720,  842,  587,  215,   88,  333,  654,  277,  230,  414,  463,  854,  352,  124,  580,  519,  841,  551,  519,  421,  953,   20,  978,  453,  640,  541,  642,  429,  883,  415,  804,  360,  763,  825,  385,  145,  696,  593,  680,   85,  686,  255,  444,  530,  546,  732,  315,  629,  868,  624,  351,  410,  260,  525,  696,  858,   89,  468,  713,  567,  700,  346,  610,  819,  757,  290,  784,  888,  811,  651,  425,  413,  509,  188,  286,  830,  491],
        [  110,    0,  729,  798,  261,  949,  834,    0,  273,  139,  617,  697,  770,  216,  893,  747, 1002,  893,  148,  767,  803,  186, 1038,   60,  678, 1121,  351,  917,  422,  683,  604,  759,  408,  334,  739, 1014,  621,  648,   96,  513,  619,  636, 1094,   64,  457,  798,  177, 1103,  628,  764, 1024,  192,  874,  683,  420,  967,  394,  768,  806,  668,  364,  928,  424,  679,  413,  864,  832,  808,  626,  748, 1033,  223,  428,  250,  909,  615,  939,  508,  918,  551,  690,  313, 1182,  901,  886,  580,  652,  422,  350,  292,  181,  853,  866,  476,  932,  550,  679,  714,  425,  198,  407,  776, 1111,  329,  788,  196,  520,  224,   39,  569,  849,  271,  912,  314,  984,  412,  576,  357,  731,  881,    4,  784],
        [  379,    0,  475,  525,  115,  676,  613,  273,    0,  214,  479,  450,  501,  298,  625,  593,  736,  620,  235,  517,  531,  221,  773,  321,  425,  848,  250,  662,  185,  496,  356,  550,  170,  281,  551,  751,  521,  458,  200,  254,  468,  454,  822,  210,  251,  555,  230,  831,  398,  533,  761,   95,  722,  518,  234,  695,  300,  497,  561,  408,   99,  695,  155,  411,  224,  671,  615,  637,  353,  494,  760,   54,  185,  275,  636,  423,  669,  320,  683,  283,  470,  127,  909,  643,  679,  351,  493,  304,  287,  180,  302,  585,  604,  356,  666,  290,  406,  565,  382,   88,  309,  542,  841,  153,  523,   92,  368,  132,  280,  367,  704,  186,  693,  228,  718,  202,  485,  269,  480,  615,  271,  513],
        [  238,    0,  618,  723,  262,  867,  822,  139,  214,    0,  651,  663,  706,  316,  832,  609,  899,  813,  235,  730,  725,  257,  981,  150,  638, 1038,  390,  875,  313,  548,  492,  756,  379,  196,  748,  961,  673,  514,   55,  467,  647,  502, 1001,  113,  333,  678,   42, 1017,  608,  744,  970,  178,  905,  705,  423,  888,  255,  699,  774,  563,  312,  803,  339,  583,  414,  729,  823,  671,  543,  636,  948,  181,  396,  118,  833,  482,  873,  376,  794,  492,  678,  199, 1103,  790,  884,  459,  676,  459,  406,  317,  292,  791,  760,  337,  830,  502,  602,  745,  494,  127,  268,  754, 1044,  208,  687,  123,  545,  240,  172,  440,  884,  136,  783,  177,  881,  400,  632,  402,  693,  824,  140,  694],
        [  671,    0,  729,  568,  391,  706,  313,  617,  479,  651,    0,  329,  498,  433,  563, 1003,  865,  656,  473,  376,  593,  432,  650,  676,  348,  848,  267,  495,  593,  884,  670,  228,  336,  760,  170,  612,   89,  849,  610,  355,   31,  855,  875,  574,  672,  828,  683,  845,  248,  300,  628,  475,  258,   87,  247,  705,  773,  526,  374,  661,  418,  970,  503,  615,  257, 1028,  300, 1025,  528,  745,  787,  483,  334,  744,  645,  819,  617,  742,  954,  405,  227,  598,  874,  839,  322,  709,   59,  196,  270,  336,  474,  545,  786,  815,  810,  362,  522,   98,  229,  541,  781,  317,  758,  622,  706,  545,  111,  412,  592,  762,  234,  664,  998,  706,  850,  286,  102,  261,  362,  537,  613,  644],
        [  788,    0,  452,  243,  438,  378,  192,  697,  450,  663,  329,    0,  171,  597,  244,  789,  540,  328,  590,   72,  269,  552,  361,  753,   37,  526,  408,  223,  452,  663,  438,  178,  290,  685,  231,  330,  417,  636,  644,  199,  299,  649,  548,  636,  517,  546,  678,  521,   92,  104,  343,  508,  423,  278,  297,  378,  669,  202,  111,  396,  352,  678,  367,  337,  300,  772,  203,  792,  264,  464,  460,  488,  271,  711,  317,  614,  298,  571,  661,  196,  112,  518,  561,  529,  274,  496,  283,  369,  447,  427,  628,  219,  476,  678,  489,  168,  230,  333,  476,  537,  672,  105,  456,  533,  403,  541,  296,  477,  689,  565,  425,  608,  718,  631,  526,  290,  420,  420,   40,  220,  693,  332],
        [  870,    0,  324,   73,  526,  214,  315,  770,  501,  706,  498,  171,    0,  711,  126,  690,  369,  160,  688,  151,  101,  653,  277,  820,  152,  376,  535,  207,  435,  566,  353,  335,  374,  680,  395,  261,  585,  545,  700,  264,  468,  562,  384,  706,  480,  408,  712,  366,  253,  244,  268,  579,  579,  448,  419,  220,  648,   37,  192,  287,  406,  527,  373,  223,  419,  645,  332,  679,  189,  331,  300,  548,  354,  728,  157,  530,  170,  518,  510,  220,  281,  529,  424,  368,  397,  419,  454,  510,  579,  534,  736,   85,  315,  636,  320,  227,  128,  502,  625,  586,  648,  234,  342,  536,  253,  589,  453,  566,  769,  493,  584,  621,  574,  631,  356,  396,  587,  551,  144,  121,  767,  176],
        [  242,    0,  764,  756,  203,  913,  695,  216,  298,  316,  433,  597,  711,    0,  824,  876, 1006,  856,   83,  667,  769,   78,  956,  268,  588, 1083,  193,  817,  483,  788,  651,  612,  340,  497,  579,  926,  421,  751,  261,  450,  442,  745, 1074,  205,  544,  849,  357, 1070,  513,  640,  939,  211,  685,  510,  300,  926,  543,  719,  696,  694,  344,  991,  441,  685,  297,  966,  689,  926,  611,  783, 1001,  252,  360,  433,  863,  716,  875,  610,  979,  504,  558,  403, 1134,  926,  733,  648,  478,  253,  168,  177,   42,  789,  883,  617,  938,  486,  650,  530,  219,  279,  556,  655, 1044,  428,  798,  281,  354,  170,  181,  662,  658,  409,  990,  459,  988,  315,  376,  187,  635,  806,  213,  773],
        [  992,    0,  403,  136,  645,  161,  315,  893,  625,  832,  563,  244,  126,  824,    0,  776,  352,  135,  806,  188,  154,  770,  152,  944,  241,  285,  642,  133,  557,  657,  458,  364,  493,  802,  431,  141,  651,  640,  825,  383,  534,  659,  320,  830,  598,  471,  837,  283,  335,  273,  145,  702,  591,  500,  527,  150,  767,  140,  200,  383,  530,  566,  498,  323,  528,  710,  334,  756,  308,  405,  229,  672,  472,  852,  104,  630,   55,  630,  550,  343,  337,  654,  318,  394,  385,  525,  512,  609,  684,  649,  852,   42,  348,  750,  324,  346,  245,  547,  719,  711,  766,  257,  221,  660,  313,  714,  539,  686,  891,  599,  603,  746,  623,  754,  344,  509,  660,  656,  206,   29,  890,  238],
        [  844,    0,  374,  644,  707,  691,  978,  747,  593,  609, 1003,  789,  690,  876,  776,    0,  583,  667,  800,  817,  623,  800,  905,  753,  753,  806,  833,  893,  422,  126,  352,  961,  675,  420,  998,  910, 1069,  156,  654,  654,  982,  148,  725,  707,  345,  325,  575,  777,  808,  892,  908,  667, 1195, 1006,  773,  721,  356,  656,  867,  403,  604,  335,  504,  467,  765,  162,  991,   75,  526,  374,  728,  628,  672,  514,  704,  184,  782,  274,  338,  616,  879,  474,  883,  455, 1062,  299,  992,  872,  875,  769,  868,  742,  471,  273,  540,  659,  572, 1063,  968,  598,  343,  890,  900,  449,  469,  597,  901,  722,  778,  242, 1188,  480,  275,  434,  571,  729, 1042,  854,  791,  790,  748,  539],
        [ 1111,    0,  288,  298,  805,  194,  662, 1002,  736,  899,  865,  540,  369, 1006,  352,  583,    0,  222,  962,  512,  273,  937,  408, 1040,  518,  230,  858,  482,  587,  497,  411,  698,  673,  792,  761,  432,  952,  501,  914,  573,  835,  524,  143,  940,  581,  270,  888,  201,  617,  606,  422,  829,  936,  817,  746,  215,  736,  339,  540,  337,  665,  275,  581,  326,  743,  461,  680,  535,  396,  272,  172,  789,  655,  872,  248,  511,  319,  571,  264,  513,  650,  701,  306,  132,  736,  460,  822,  850,  905,  835, 1023,  347,  142,  684,   70,  544,  365,  871,  967,  805,  729,  592,  355,  694,  215,  807,  810,  842, 1014,  513,  945,  777,  344,  762,   19,  712,  950,  876,  512,  380, 1000,  236],
        [  998,    0,  298,  101,  663,   58,  440,  893,  620,  813,  656,  328,  160,  856,  135,  667,  222,    0,  825,  292,   90,  794,  238,  939,  311,  230,  687,  268,  515,  554,  380,  477,  516,  752,  542,  248,  744,  543,  815,  407,  626,  563,  225,  829,  539,  351,  812,  215,  412,  385,  243,  706,  714,  602,  572,   76,  709,  140,  319,  298,  532,  435,  475,  248,  571,  587,  459,  640,  271,  295,  145,  671,  496,  815,   37,  538,  118,  557,  419,  353,  435,  622,  291,  262,  515,  445,  610,  667,  733,  679,  878,  125,  218,  679,  190,  372,  214,  654,  782,  701,  706,  371,  248,  623,  199,  703,  613,  703,  897,  516,  723,  710,  494,  710,  212,  545,  746,  704,  296,  161,  890,  139],
        [  205,    0,  709,  726,  163,  883,  709,  148,  235,  235,  473,  590,  688,   83,  806,  800,  962,  825,    0,  662,  737,   42,  944,  205,  577, 1054,  211,  813,  417,  716,  591,  630,  314,  415,  604,  916,  473,  678,  180,  425,  477,  672, 1038,  125,  473,  790,  276, 1039,  513,  646,  929,  142,  729,  543,  298,  898,  463,  692,  695,  641,  298,  930,  386,  638,  293,  895,  705,  852,  570,  728,  969,  185,  334,  352,  836,  644,  855,  537,  918,  473,  567,  329, 1109,  875,  755,  583,  511,  280,  205,  165,   69,  769,  834,  538,  893,  462,  615,  570,  277,  203,  475,  659, 1026,  353,  751,  204,  381,  123,  120,  591,  704,  328,  925,  378,  944,  302,  429,  213,  627,  790,  144,  733],
        [  859,    0,  464,  222,  509,  336,  167,  767,  517,  730,  376,   72,  151,  667,  188,  817,  512,  292,  662,    0,  250,  623,  293,  823,   93,  472,  478,  152,  505,  692,  468,  187,  360,  743,  251,  260,  463,  666,  713,  264,  346,  681,  503,  707,  565,  553,  744,  470,  158,   95,  274,  577,  429,  314,  368,  332,  723,  187,   52,  417,  419,  676,  424,  354,  371,  787,  183,  814,  293,  473,  414,  556,  340,  774,  275,  647,  242,  615,  660,  251,  149,  578,  502,  518,  250,  530,  325,  436,  516,  498,  699,  172,  466,  726,  467,  230,  246,  364,  540,  604,  725,   84,  391,  592,  401,  608,  358,  548,  759,  602,  435,  670,  722,  690,  499,  361,  472,  489,   37,  162,  764,  326],
        [  908,    0,  249,   29,  575,  147,  412,  803,  531,  725,  593,  269,  101,  769,  154,  623,  273,   90,  737,  250,    0,  706,  294,  850,  246,  319,  604,  275,  430,  503,  309,  435,  429,  670,  495,  292,  680,  487,  726,  321,  563,  506,  307,  740,  460,  322,  724,  303,  345,  344,  293,  617,  678,  547,  489,  165,  630,   67,  288,  232,  443,  432,  387,  173,  488,  562,  430,  604,  183,  252,  233,  582,  409,  730,  110,  478,  169,  484,  416,  266,  380,  536,  380,  269,  493,  376,  551,  587,  650,  593,  791,  121,  217,  606,  220,  287,  125,  601,  704,  612,  628,  333,  326,  538,  164,  614,  540,  614,  808,  449,  684,  625,  483,  627,  258,  460,  678,  621,  245,  168,  801,   86],
        [  246,    0,  689,  694,  133,  851,  668,  186,  221,  257,  432,  552,  653,   78,  770,  800,  937,  794,   42,  623,  706,    0,  907,  245,  539, 1022,  170,  774,  405,  711,  575,  588,  280,  428,  562,  879,  435,  673,  205,  391,  436,  668, 1009,  154,  466,  773,  297, 1008,  473,  605,  891,  133,  689,  501,  258,  865,  471,  659,  655,  620,  272,  915,  366,  613,  253,  889,  663,  849,  543,  708,  938,  175,  300,  372,  803,  638,  820,  532,  902,  441,  526,  326, 1076,  853,  713,  571,  470,  239,  165,  126,   86,  734,  811,  543,  868,  427,  585,  530,  243,  204,  483,  619,  991,  351,  727,  206,  339,   96,  160,  584,  664,  337,  913,  387,  919,  264,  391,  172,  589,  754,  182,  705],
        [ 1135,    0,  533,  281,  786,  226,  356, 1038,  773,  981,  650,  361,  277,  956,  152,  905,  408,  238,  944,  293,  294,  907,    0, 1090,  369,  246,  769,  155,  709,  790,  602,  429,  633,  953,  496,   41,  734,  777,  973,  526,  622,  797,  320,  975,  748,  588,  988,  260,  450,  351,   24,  846,  618,  575,  656,  198,  917,  291,  278,  524,  676,  660,  649,  466,  659,  823,  374,  877,  459,  532,  242,  819,  613, 1003,  202,  770,  126,  777,  646,  491,  430,  805,  240,  487,  402,  669,  594,  728,  807,  783,  986,  194,  450,  898,  404,  489,  395,  613,  831,  859,  916,  334,  113,  812,  436,  863,  647,  826, 1035,  742,  637,  897,  723,  906,  406,  644,  750,  781,  322,  158, 1035,  370],
        [   92,    0,  762,  845,  319,  994,  892,   60,  321,  150,  676,  753,  820,  268,  944,  753, 1040,  939,  205,  823,  850,  245, 1090,    0,  733, 1167,  411,  972,  455,  697,  636,  818,  464,  334,  799, 1067,  678,  663,  126,  566,  678,  650, 1136,  117,  481,  826,  179, 1148,  686,  822, 1077,  246,  933,  742,  479, 1014,  398,  817,  862,  704,  415,  952,  466,  719,  471,  877,  890,  816,  670,  781, 1078,  272,  483,  242,  956,  631,  989,  526,  943,  601,  748,  343, 1229,  934,  945,  607,  711,  481,  409,  351,  231,  904,  902,  481,  970,  603,  725,  773,  481,  239,  411,  834, 1161,  355,  826,  237,  579,  283,   88,  589,  908,  286,  932,  324, 1022,  470,  634,  416,  787,  933,   64,  827],
        [  771,    0,  418,  221,  421,  364,  228,  678,  425,  638,  348,   37,  152,  588,  241,  753,  518,  311,  577,   93,  246,  539,  369,  733,    0,  519,  402,  240,  418,  627,  401,  213,  270,  653,  262,  340,  435,  599,  622,  172,  318,  612,  534,  616,  482,  513,  652,  512,  102,  141,  353,  487,  457,  304,  288,  367,  636,  179,  139,  361,  327,  646,  335,  302,  291,  738,  239,  756,  228,  430,  448,  465,  250,  683,  304,  577,  295,  536,  630,  163,  141,  488,  558,  501,  310,  459,  306,  369,  443,  415,  617,  212,  447,  644,  464,  138,  196,  360,  480,  512,  638,  140,  459,  502,  372,  516,  304,  460,  671,  529,  457,  578,  685,  600,  503,  276,  436,  416,   56,  220,  674,  304],
        [ 1227,    0,  472,  329,  892,  173,  582, 1121,  848, 1038,  848,  526,  376, 1083,  285,  806,  230,  230, 1054,  472,  319, 1022,  246, 1167,  519,    0,  910,  378,  733,  710,  579,  643,  744,  962,  711,  283,  935,  709, 1042,  634,  818,  731,   95, 1058,  748,  485, 1034,   30,  616,  554,  268,  935,  854,  782,  794,  158,  914,  365,  480,  497,  762,  505,  701,  460,  794,  690,  601,  762,  497,  462,   91,  900,  724, 1032,  221,  713,  231,  754,  494,  582,  621,  844,   78,  352,  640,  639,  796,  885,  955,  907, 1107,  308,  340,  873,  267,  598,  443,  828,  998,  928,  909,  538,  152,  843,  375,  931,  821,  932, 1126,  703,  870,  929,  574,  924,  239,  770,  944,  926,  489,  312, 1119,  347],
        [  415,    0,  644,  587,  140,  744,  504,  351,  250,  390,  267,  408,  535,  193,  642,  833,  858,  687,  211,  478,  604,  170,  769,  411,  402,  910,    0,  627,  413,  727,  548,  422,  190,  522,  394,  737,  284,  690,  345,  286,  268,  690,  910,  307,  488,  738,  424,  900,  322,  448,  751,  217,  524,  333,  117,  754,  548,  548,  504,  572,  235,  884,  341,  549,  117,  894,  498,  871,  466,  663,  832,  236,  205,  490,  691,  656,  695,  560,  870,  345,  366,  377,  956,  793,  546,  564,  301,   72,   49,   76,  229,  609,  746,  605,  792,  317,  494,  364,  135,  291,  558,  462,  861,  403,  659,  294,  170,  151,  328,  598,  500,  425,  895,  471,  840,  146,  244,   21,  447,  622,  347,  622],
        [ 1009,    0,  522,  251,  659,  289,  206,  917,  662,  875,  495,  223,  207,  817,  133,  893,  482,  268,  813,  152,  275,  774,  155,  972,  240,  378,  627,    0,  629,  770,  559,  274,  509,  872,  342,  118,  579,  750,  860,  409,  467,  768,  432,  856,  681,  597,  886,  384,  305,  197,  134,  726,  477,  420,  518,  272,  846,  237,  126,  492,  564,  698,  556,  429,  522,  837,  225,  878,  393,  526,  344,  704,  489,  911,  236,  737,  166,  722,  682,  386,  277,  713,  388,  527,  264,  625,  439,  582,  663,  649,  849,  156,  480,  840,  457,  373,  333,  459,  681,  750,  846,  180,  265,  724,  438,  753,  497,  699,  910,  699,  493,  806,  753,  821,  475,  512,  596,  638,  186,  110,  914,  361],
        [  531,    0,  308,  434,  294,  566,  639,  422,  185,  313,  593,  452,  435,  483,  557,  422,  587,  515,  417,  505,  430,  405,  709,  455,  418,  733,  413,  629,    0,  315,  183,  598,  259,  245,  618,  696,  653,  278,  330,  269,  575,  277,  691,  363,   80,  378,  303,  712,  436,  552,  701,  276,  809,  610,  354,  589,  218,  418,  555,  251,  183,  514,   93,  275,  345,  488,  647,  459,  251,  327,  643,  233,  259,  300,  539,  244,  591,  151,  503,  256,  512,  114,  802,  480,  717,  167,  590,  451,  456,  352,  485,  516,  448,  232,  518,  289,  314,  664,  547,  228,  221,  555,  755,  110,  375,  229,  487,  316,  439,  186,  797,  197,  509,  198,  569,  311,  624,  433,  470,  556,  420,  387],
        [  786,    0,  257,  523,  607,  582,  852,  683,  496,  548,  884,  663,  566,  788,  657,  126,  497,  554,  716,  692,  503,  711,  790,  697,  627,  710,  727,  770,  315,    0,  227,  835,  561,  376,  873,  793,  952,   38,  587,  532,  862,   47,  635,  636,  245,  228,  520,  682,  683,  766,  792,  578, 1070,  884,  659,  612,  309,  533,  742,  279,  494,  288,  391,  343,  651,  182,  865,  145,  400,  260,  628,  537,  556,  471,  589,   73,  665,  180,  285,  492,  754,  387,  787,  366,  936,  176,  870,  761,  770,  667,  784,  621,  371,  231,  445,  535,  447,  941,  862,  515,  298,  764,  792,  364,  356,  514,  784,  627,  710,  130, 1064,  413,  247,  374,  483,  615,  927,  748,  665,  669,  683,  421],
        [  713,    0,  127,  323,  452,  422,  627,  604,  356,  492,  670,  438,  353,  651,  458,  352,  411,  380,  591,  468,  309,  575,  602,  636,  401,  579,  548,  559,  183,  227,    0,  610,  365,  385,  648,  598,  743,  199,  512,  315,  646,  213,  526,  545,  171,  199,  478,  555,  459,  541,  600,  450,  846,  663,  462,  450,  335,  324,  519,   83,  317,  342,  212,  136,  455,  359,  640,  360,  176,  145,  489,  408,  356,  462,  411,  180,  477,  178,  329,  269,  528,  294,  652,  299,  711,   68,  652,  569,  595,  500,  657,  419,  270,  300,  344,  313,  228,  721,  679,  410,  330,  539,  627,  285,  207,  411,  576,  481,  621,  142,  840,  366,  348,  352,  393,  418,  723,  569,  441,  465,  603,  242],
        [  834,    0,  629,  407,  502,  519,   87,  759,  550,  756,  228,  178,  335,  612,  364,  961,  698,  477,  630,  187,  435,  588,  429,  818,  213,  643,  422,  274,  598,  835,  610,    0,  382,  813,   69,  390,  308,  806,  726,  330,  202,  818,  683,  705,  670,  724,  778,  644,  162,   93,  406,  584,  246,  148,  340,  512,  808,  370,  164,  573,  461,  854,  507,  515,  347,  950,   77,  967,  439,  641,  593,  576,  368,  824,  458,  782,  414,  730,  837,  351,   86,  643,  660,  701,  129,  664,  170,  361,  446,  469,  650,  355,  648,  829,  653,  312,  407,  186,  438,  631,  813,  107,  539,  662,  579,  635,  261,  536,  742,  731,  250,  727,  895,  758,  686,  356,  329,  426,  192,  335,  755,  505],
        [  503,    0,  456,  416,  153,  573,  444,  408,  170,  379,  336,  290,  374,  340,  493,  675,  673,  516,  314,  360,  429,  280,  633,  464,  270,  744,  190,  509,  259,  561,  365,  382,    0,  439,  385,  607,  395,  525,  356,  111,  319,  528,  734,  347,  338,  551,  399,  730,  230,  366,  619,  218,  564,  361,   99,  587,  443,  380,  400,  384,   85,  697,  172,  360,   91,  719,  446,  705,  279,  475,  661,  200,   21,  443,  524,  493,  542,  409,  683,  164,  301,  270,  797,  605,  510,  390,  338,  205,  238,  165,  363,  455,  557,  481,  606,  148,  312,  412,  315,  253,  450,  376,  713,  292,  471,  257,  228,  194,  402,  435,  548,  349,  711,  383,  655,   54,  368,  210,  324,  478,  405,  437],
        [  425,    0,  505,  676,  382,  800,  865,  334,  281,  196,  760,  685,  680,  497,  802,  420,  792,  752,  415,  743,  670,  428,  953,  334,  653,  962,  522,  872,  245,  376,  385,  813,  439,    0,  822,  940,  800,  346,  246,  490,  749,  329,  911,  303,  215,  544,  158,  939,  654,  780,  946,  311, 1000,  796,  514,  825,   67,  662,  792,  467,  355,  650,  319,  506,  504,  551,  871,  485,  494,  520,  872,  286,  449,   96,  779,  317,  834,  226,  644,  492,  729,  171, 1034,  670,  938,  333,  772,  582,  550,  447,  478,  760,  651,  149,  726,  518,  558,  845,  645,  234,   79,  786,  996,  153,  591,  231,  649,  378,  367,  289,  983,   98,  620,   56,  775,  479,  762,  538,  707,  800,  335,  619],
        [  808,    0,  678,  468,  489,  585,  146,  739,  551,  748,  170,  231,  395,  579,  431,  998,  761,  542,  604,  251,  495,  562,  496,  799,  262,  711,  394,  342,  618,  873,  648,   69,  385,  822,    0,  457,  244,  842,  715,  352,  148,  852,  750,  689,  693,  774,  774,  712,  190,  159,  473,  573,  198,   85,  327,  579,  822,  429,  232,  618,  468,  908,  526,  562,  336,  995,  131, 1008,  483,  691,  660,  570,  374,  825,  524,  816,  482,  757,  891,  382,  123,  653,  728,  759,  156,  699,  112,  327,  411,  448,  618,  421,  706,  849,  715,  340,  457,  118,  391,  627,  828,  174,  606,  674,  634,  631,  226,  520,  720,  763,  195,  733,  946,  767,  749,  351,  269,  394,  251,  403,  735,  562],
        [ 1109,    0,  537,  276,  760,  244,  316, 1014,  751,  961,  612,  330,  261,  926,  141,  910,  432,  248,  916,  260,  292,  879,   41, 1067,  340,  283,  737,  118,  696,  793,  598,  390,  607,  940,  457,    0,  696,  778,  951,  502,  584,  797,  353,  951,  738,  597,  969,  295,  417,  314,   18,  822,  578,  536,  626,  219,  907,  280,  242,  523,  654,  677,  632,  463,  629,  834,  335,  886,  448,  537,  272,  796,  587,  988,  211,  769,  130,  770,  662,  470,  394,  789,  280,  504,  363,  665,  556,  695,  775,  754,  957,  182,  464,  891,  423,  465,  384,  574,  796,  838,  906,  296,  153,  797,  443,  842,  612,  800, 1009,  739,  597,  881,  739,  892,  429,  616,  713,  749,  291,  140, 1010,  372],
        [  662,    0,  808,  655,  421,  794,  390,  621,  521,  673,   89,  417,  585,  421,  651, 1069,  952,  744,  473,  463,  680,  435,  734,  678,  435,  935,  284,  579,  653,  952,  743,  308,  395,  800,  244,  696,    0,  917,  627,  430,  119,  921,  963,  585,  732,  907,  708,  933,  335,  385,  712,  501,  272,  161,  299,  793,  819,  613,  460,  739,  472, 1051,  565,  696,  308, 1102,  375, 1095,  608,  825,  875,  516,  397,  774,  733,  886,  704,  803, 1035,  483,  314,  644,  961,  924,  387,  778,  141,  219,  272,  359,  462,  633,  871,  868,  896,  441,  606,  141,  203,  573,  828,  402,  842,  670,  790,  577,  169,  435,  592,  828,  242,  703, 1077,  747,  937,  342,   46,  272,  450,  624,  617,  730],
        [  751,    0,  246,  506,  570,  575,  826,  648,  458,  514,  849,  636,  545,  751,  640,  156,  501,  543,  678,  666,  487,  673,  777,  663,  599,  709,  690,  750,  278,   38,  199,  806,  525,  346,  842,  778,  917,    0,  552,  499,  828,   23,  637,  600,  208,  232,  486,  681,  652,  739,  778,  541, 1039,  851,  623,  604,  280,  514,  717,  259,  457,  309,  354,  322,  615,  218,  838,  182,  374,  251,  624,  499,  521,  440,  578,   35,  652,  143,  305,  460,  724,  350,  786,  370,  909,  143,  837,  725,  733,  629,  747,  604,  370,  205,  446,  503,  424,  908,  824,  478,  268,  737,  784,  327,  346,  477,  748,  589,  674,   92, 1032,  379,  275,  341,  486,  578,  891,  710,  639,  651,  648,  408],
        [  203,    0,  638,  723,  226,  870,  796,   96,  200,   55,  610,  644,  700,  261,  825,  654,  914,  815,  180,  713,  726,  205,  973,  126,  622, 1042,  345,  860,  330,  587,  512,  726,  356,  246,  715,  951,  627,  552,    0,  452,  607,  541, 1010,   58,  361,  704,   97, 1023,  584,  721,  961,  143,  865,  667,  389,  890,  302,  695,  755,  578,  298,  833,  342,  594,  380,  768,  796,  714,  546,  656,  953,  157,  374,  173,  833,  519,  869,  412,  823,  483,  651,  219, 1105,  810,  855,  485,  638,  415,  358,  275,  237,  785,  777,  383,  845,  488,  602,  705,  444,  115,  316,  731, 1040,  234,  701,  112,  505,  198,  124,  473,  843,  176,  816,  221,  896,  371,  585,  356,  677,  815,   96,  701],
        [  610,    0,  382,  306,  263,  464,  376,  513,  254,  467,  355,  199,  264,  450,  383,  654,  573,  407,  425,  264,  321,  391,  526,  566,  172,  634,  286,  409,  269,  532,  315,  330,  111,  490,  352,  502,  430,  499,  452,    0,  331,  507,  627,  450,  342,  481,  480,  621,  168,  291,  512,  321,  545,  353,  174,  476,  480,  270,  309,  311,  155,  626,  178,  275,  171,  673,  382,  672,  188,  400,  551,  295,   91,  513,  414,  471,  432,  406,  611,   61,  244,  322,  686,  515,  451,  357,  339,  281,  333,  273,  474,  345,  466,  500,  508,   38,  208,  409,  398,  341,  484,  297,  603,  338,  380,  345,  265,  303,  509,  416,  536,  411,  649,  436,  555,  141,  413,  304,  227,  370,  509,  337],
        [  678,    0,  702,  538,  386,  676,  288,  619,  468,  647,   31,  299,  468,  442,  534,  982,  835,  626,  477,  346,  563,  436,  622,  678,  318,  818,  268,  467,  575,  862,  646,  202,  319,  749,  148,  584,  119,  828,  607,  331,    0,  834,  845,  574,  654,  801,  677,  815,  219,  271,  600,  470,  259,   69,  235,  675,  760,  496,  345,  635,  403,  943,  484,  588,  245, 1004,  275, 1003,  501,  718,  757,  476,  317,  736,  615,  798,  587,  723,  927,  380,  197,  585,  845,  811,  303,  687,   37,  197,  276,  333,  482,  515,  758,  800,  780,  336,  494,   98,  245,  534,  767,  288,  729,  608,  678,  538,  103,  409,  595,  742,  238,  654,  972,  694,  820,  272,  129,  264,  332,  507,  615,  615],
        [  739,    0,  267,  524,  567,  596,  839,  636,  454,  502,  855,  649,  562,  745,  659,  148,  524,  563,  672,  681,  506,  668,  797,  650,  612,  731,  690,  768,  277,   47,  213,  818,  528,  329,  852,  797,  921,   23,  541,  507,  834,    0,  660,  590,  204,  254,  473,  704,  663,  752,  797,  535, 1049,  859,  626,  625,  263,  531,  732,  277,  458,  329,  357,  340,  618,  228,  851,  183,  388,  273,  646,  494,  525,  424,  598,   37,  672,  136,  325,  470,  735,  343,  808,  393,  922,  154,  844,  727,  732,  627,  740,  622,  393,  186,  468,  513,  440,  916,  824,  470,  251,  751,  805,  319,  367,  469,  753,  585,  664,   94, 1041,  367,  292,  327,  509,  582,  895,  710,  653,  670,  636,  428],
        [ 1201,    0,  409,  324,  877,  171,  631, 1094,  822, 1001,  875,  548,  384, 1074,  320,  725,  143,  225, 1038,  503,  307, 1009,  320, 1136,  534,   95,  910,  432,  691,  635,  526,  683,  734,  911,  750,  353,  963,  637, 1010,  627,  845,  660,    0, 1031,  697,  408,  994,   69,  634,  591,  339,  913,  906,  816,  795,  172,  858,  364,  519,  446,  741,  415,  670,  418,  794,  602,  650,  677,  470,  397,   91,  875,  715,  985,  231,  644,  271,  695,  405,  571,  651,  804,  166,  271,  696,  581,  827,  891,  956,  898, 1094,  332,  268,  812,  192,  593,  424,  865, 1007,  898,  853,  576,  240,  800,  320,  900,  837,  916, 1102,  641,  920,  886,  484,  876,  154,  766,  967,  927,  514,  348, 1091,  310],
        [  171,    0,  669,  734,  204,  885,  778,   64,  210,  113,  574,  636,  706,  205,  830,  707,  940,  829,  125,  707,  740,  154,  975,  117,  616, 1058,  307,  856,  363,  636,  545,  705,  347,  303,  689,  951,  585,  600,   58,  450,  574,  590, 1031,    0,  403,  740,  154, 1040,  570,  706,  962,  130,  831,  636,  366,  904,  358,  704,  746,  607,  301,  873,  361,  617,  358,  817,  777,  765,  562,  688,  969,  159,  367,  231,  845,  566,  875,  458,  863,  487,  633,  257, 1118,  840,  833,  524,  606,  378,  314,  242,  179,  790,  805,  438,  870,  487,  615,  670,  396,  137,  371,  718, 1047,  276,  726,  135,  473,  169,   77,  518,  807,  228,  860,  275,  922,  354,  542,  316,  670,  818,   61,  721],
        [  564,    0,  294,  468,  364,  586,  707,  457,  251,  333,  672,  517,  480,  544,  598,  345,  581,  539,  473,  565,  460,  466,  748,  481,  482,  748,  488,  681,   80,  245,  171,  670,  338,  215,  693,  738,  732,  208,  361,  342,  654,  204,  697,  403,    0,  347,  314,  724,  508,  619,  743,  334,  885,  687,  434,  612,  171,  459,  616,  252,  261,  472,  171,  292,  424,  423,  716,  386,  292,  311,  657,  292,  338,  291,  567,  173,  626,   72,  462,  323,  584,  147,  819,  464,  786,  127,  669,  529,  530,  425,  542,  557,  440,  162,  514,  359,  355,  742,  623,  275,  169,  621,  785,  128,  377,  275,  566,  382,  479,  118,  874,  201,  457,  182,  563,  390,  703,  509,  532,  600,  456,  404],
        [  906,    0,   99,  348,  649,  369,  720,  798,  555,  678,  828,  546,  408,  849,  471,  325,  270,  351,  790,  553,  322,  773,  588,  826,  513,  485,  738,  597,  378,  228,  199,  724,  551,  544,  774,  597,  907,  232,  704,  481,  801,  254,  408,  740,  347,    0,  660,  456,  594,  641,  593,  649,  969,  806,  643,  399,  483,  372,  599,  170,  512,  147,  409,  214,  637,  240,  735,  290,  300,   84,  404,  606,  539,  631,  387,  244,  468,  318,  133,  425,  652,  485,  562,  139,  803,  220,  800,  752,  786,  695,  856,  442,  147,  422,  218,  467,  318,  864,  865,  606,  474,  634,  576,  472,  159,  607,  744,  679,  816,  256,  969,  547,  173,  522,  256,  601,  892,  759,  536,  489,  796,  237],
        [  270,    0,  604,  724,  293,  864,  842,  177,  230,   42,  683,  678,  712,  357,  837,  575,  888,  812,  276,  744,  724,  297,  988,  179,  652, 1034,  424,  886,  303,  520,  478,  778,  399,  158,  774,  969,  708,  486,   97,  480,  677,  473,  994,  154,  314,  660,    0, 1013,  628,  763,  977,  209,  935,  734,  450,  887,  220,  702,  789,  552,  327,  780,  341,  577,  440,  699,  844,  638,  542,  622,  944,  205,  414,   77,  833,  455,  877,  352,  772,  501,  699,  191, 1101,  775,  907,  440,  706,  492,  442,  350,  333,  796,  748,  303,  819,  514,  603,  775,  532,  148,  233,  771, 1046,  195,  677,  144,  575,  274,  212,  415,  914,  114,  757,  146,  870,  425,  667,  437,  707,  831,  178,  689],
        [ 1209,    0,  445,  315,  877,  157,  587, 1103,  831, 1017,  845,  521,  366, 1070,  283,  777,  201,  215, 1039,  470,  303, 1008,  260, 1148,  512,   30,  900,  384,  712,  682,  555,  644,  730,  939,  712,  295,  933,  681, 1023,  621,  815,  704,   69, 1040,  724,  456, 1013,    0,  611,  554,  280,  918,  860,  782,  783,  146,  889,  352,  481,  473,  745,  476,  682,  437,  783,  661,  606,  733,  478,  435,   71,  882,  710, 1009,  210,  686,  231,  728,  465,  568,  619,  823,  106,  323,  647,  614,  794,  876,  944,  893, 1093,  302,  312,  848,  239,  585,  426,  829,  990,  909,  884,  539,  173,  821,  350,  912,  815,  917, 1109,  677,  875,  908,  545,  902,  210,  758,  940,  916,  485,  311, 1101,  325],
        [  714,    0,  496,  321,  368,  464,  215,  628,  398,  608,  248,   92,  253,  513,  335,  808,  617,  412,  513,  158,  345,  473,  450,  686,  102,  616,  322,  305,  436,  683,  459,  162,  230,  654,  190,  417,  335,  652,  584,  168,  219,  663,  634,  570,  508,  594,  628,  611,    0,  137,  431,  444,  388,  213,  216,  466,  646,  279,  183,  433,  305,  732,  345,  380,  221,  809,  219,  819,  297,  510,  548,  429,  214,  669,  405,  627,  389,  570,  716,  193,   77,  484,  652,  594,  285,  510,  210,  279,  359,  348,  546,  309,  541,  667,  562,  151,  280,  270,  385,  483,  651,  148,  547,  502,  462,  486,  205,  405,  617,  574,  382,  570,  766,  599,  603,  217,  335,  333,  130,  311,  625,  398],
        [  848,    0,  549,  316,  504,  427,   88,  764,  533,  744,  300,  104,  244,  640,  273,  892,  606,  385,  646,   95,  344,  605,  351,  822,  141,  554,  448,  197,  552,  766,  541,   93,  366,  780,  159,  314,  385,  739,  721,  291,  271,  752,  591,  706,  619,  641,  763,  554,  137,    0,  330,  580,  335,  229,  348,  420,  767,  280,   75,  497,  437,  768,  464,  436,  354,  871,   99,  894,  367,  560,  501,  565,  349,  801,  366,  717,  325,  675,  751,  297,   84,  612,  576,  612,  170,  599,  245,  395,  479,  481,  675,  263,  559,  780,  562,  264,  328,  275,  489,  618,  771,   18,  458,  628,  492,  622,  304,  541,  752,  669,  341,  700,  811,  726,  594,  353,  400,  456,  106,  245,  761,  418],
