{
    "name": "random-80-6940",
    "comment": "size=80 seed=6940",
    "nodes": ["+0", "-0", "+1", "-1", "+2", "-2", "+3", "-3", "+4", "-4", "+5", "-5", "+6", "-6", "+7", "-7", "+8", "-8", "+9", "-9", "+10", "-10", "+11", "-11", "+12", "-12", "+13", "-13", "+14", "-14", "+15", "-15", "+16", "-16", "+17", "-17", "+18", "-18", "+19", "-19", "+20", "-20", "+21", "-21", "+22", "-22", "+23", "-23", "+24", "-24", "+25", "-25", "+26", "-26", "+27", "-27", "+28", "-28", "+29", "-29", "+30", "-30", "+31", "-31", "+32", "-32", "+33", "-33", "+34", "-34", "+35", "-35", "+36", "-36", "+37", "-37", "+38", "-38", "+39", "-39", "+40", "-40", "+41", "-41", "+42", "-42", "+43", "-43", "+44", "-44", "+45", "-45", "+46", "-46", "+47", "-47", "+48", "-48", "+49", "-49", "+50", "-50", "+51", "-51", "+52", "-52", "+53", "-53", "+54", "-54", "+55", "-55", "+56", "-56", "+57", "-57", "+58", "-58", "+59", "-59", "+60", "-60", "+61", "-61", "+62", "-62", "+63", "-63", "+64", "-64", "+65", "-65", "+66", "-66", "+67", "-67", "+68", "-68", "+69", "-69", "+70", "-70", "+71", "-71", "+72", "-72", "+73", "-73", "+74", "-74", "+75", "-75", "+76", "-76", "+77", "-77", "+78", "-78", "+79", "-79", "+80", "-80"],
    "precedence": {
        "+0": "-0",
        "+1": "-1",
        "+2": "-2",
        "+3": "-3",
        "+4": "-4",
        "+5": "-5",
        "+6": "-6",
        "+7": "-7",
        "+8": "-8",
        "+9": "-9",
        "+10": "-10",
        "+11": "-11",
        "+12": "-12",
        "+13": "-13",
        "+14": "-14",
        "+15": "-15",
        "+16": "-16",
        "+17": "-17",
        "+18": "-18",
        "+19": "-19",
        "+20": "-20",
        "+21": "-21",
        "+22": "-22",
        "+23": "-23",
        "+24": "-24",
        "+25": "-25",
        "+26": "-26",
        "+27": "-27",
        "+28": "-28",
        "+29": "-29",
        "+30": "-30",
        "+31": "-31",
        "+32": "-32",
        "+33": "-33",
        "+34": "-34",
        "+35": "-35",
        "+36": "-36",
        "+37": "-37",
        "+38": "-38",
        "+39": "-39",
        "+40": "-40",
        "+41": "-41",
        "+42": "-42",
        "+43": "-43",
        "+44": "-44",
        "+45": "-45",
        "+46": "-46",
        "+47": "-47",
        "+48": "-48",
        "+49": "-49",
        "+50": "-50",
        "+51": "-51",
        "+52": "-52",
        "+53": "-53",
        "+54": "-54",
        "+55": "-55",
        "+56": "-56",
        "+57": "-57",
        "+58": "-58",
        "+59": "-59",
        "+60": "-60",
        "+61": "-61",
        "+62": "-62",
        "+63": "-63",
        "+64": "-64",
        "+65": "-65",
        "+66": "-66",
        "+67": "-67",
        "+68": "-68",
        "+69": "-69",
        "+70": "-70",
        "+71": "-71",
        "+72": "-72",
        "+73": "-73",
        "+74": "-74",
        "+75": "-75",
        "+76": "-76",
        "+77": "-77",
        "+78": "-78",
        "+79": "-79",
        "+80": "-80"
    },
    "edges": [
        [    0,    0,  357,  708,  982,  770,  334,  572,  281,  278,  748,  420,  547,  822,  586,  735, 1005,  203,  353,  479,  792,  686,  818,  394,  634,  982,  607,  775,  965,  965,  256,  937,  363,  487,  829,  178,  457,  189,  718,  391,  723,  917,  494,  467,  363,  387,  531,  581,  764,  308,  714,  312,  518, 1026,  217,  776,  607,  306,  909,  334, 1047,  622,  427,  514,   95,  689,  348,  785,  602,  748,  645,  647,  440, 1045,  743,  438,  911,  829,  535,  290,  393,  476,  973,  965,  567,  134,  257,  574,  827,  800,  459,  248,  150,  832,  629,  699,  338, 1047,  753,  973,  746,  924,  431,  822,  751,  520,  372,  659,  882,  966,  128,  386,  616,  581,  734,  544,  358,  684,  448,  631,  304,  364,  301,  275,  164,  249,  557,  642,  639,  234,  503,  849,  310,  452,  513,  617,  994,   66, 1015,  825,  183,  298, 1011,  764,  812,  560,  466,  582,  768,  769,  418,  382,  649,  326,  414,  262,  324,   56,  616,  857,  449,  499],
        [    0,    0,    0,    0,    0,    0,    0,    0,    0,    0,    0,    0,    0,    0,    0,    0,    0,    0,    0,    0,    0,    0,    0,    0,    0,    0,    0,    0,    0,    0,    0,    0,    0,    0,    0,    0,    0,    0,    0,    0,    0,    0,    0,    0,    0,    0,    0,    0,    0,    0,    0,    0,    0,    0,    0,    0,    0,    0,    0,    0,    0,    0,    0,    0,    0,    0,    0,    0,    0,    0,    0,    0,    0,    0,    0,    0,    0,    0,    0,    0,    0,    0,    0,    0,    0,    0,    0,    0,    0,    0,    0,    0,    0,    0,    0,    0,    0,    0,    0,    0,    0,    0,    0,    0,    0,    0,    0,    0,    0,    0,    0,    0,    0,    0,    0,    0,    0,    0,    0,    0,    0,    0,    0,    0,    0,    0,    0,    0,    0,    0,    0,    0,    0,    0,    0,    0,    0,    0,    0,    0,    0,    0,    0,    0,    0,    0,    0,    0,    0,    0,    0,    0,    0,    0,    0,    0,    0,    0,    0,    0,    0,    0],
        [  357,    0,    0,  617,  966,  900,  639,  667,  102,  379,  667,   72,  301,  654,  303,  459,  785,  296,  693,  668,  504,  736,  885,  395,  424,  925,  812,  911,  812,  808,  574, 1000,  691,  355,  541,  202,  320,  488,  561,  566,  446,  683,  654,  141,  201,  649,  559,  751,  588,  298,  857,   99,  164, 1082,  409,  868,  638,  327,  878,  577,  848,  524,  723,  720,  418,  465,   30,  923,  555,  544,  373,  824,  695, 1122,  580,  276,  964,  828,  760,  350,  586,  561, 1047,  827,  235,  430,  548,  457,  915,  584,  711,  199,  210,  969,  313,  725,  338, 1135,  911,  789,  459, 1031,  518,  915,  899,  498,  110,  644,  927,  792,  257,  119,  666,  233,  517,  713,  698,  788,  263,  761,  319,  611,  506,  553,  197,  534,  206,  764,  655,  578,  286,  577,  626,  504,  208,  413, 1049,  383,  813,  819,  345,  408,  896,  484,  825,  517,  756,  468,  878,  792,  126,   60,  313,  555,   80,  539,  342,  400,  705,  671,  126,  222],
        [  708,    0,  617,    0,  363,  496,  700,  338,  680,  440,   51,  655,  362,  178,  412,  389,  392,  506,  819,  498,  437,  278,  386,  315,  259,  308,  579,  512,  272,  276,  700,  467,  778,  263,  449,  583,  299,  645,  132,  465,  391,  358,  447,  529,  425,  621,  236,  491,  172,  405,  491,  699,  673,  530,  524,  414,  225,  403,  272,  572,  392,   94,  718,  543,  673,  272,  589,  524,  117,  227,  379,  534,  624,  587,  142,  342,  427,  254,  593,  420,  493,  327,  520,  263,  774,  639,  645,  160,  438,  264,  625,  503,  627,  551,  484,  232,  371,  611,  552,  311,  420,  552,  343,  446,  526,  197,  727,  143,  387,  293,  599,  735,  260,  727,  256,  476,  823,  391,  355,  423,  405,  584,  514,  624,  619,  631,  595,  411,  199,  767,  346,  413,  717,  299,  477,  255,  500,  666,  370,  243,  530,  430,  303,  404,  270,  154,  723,  149,  449,  262,  736,  562,  550,  549,  562,  621,  385,  699,  335,  231,  530,  435],
        [  982,    0,  966,  363,    0,  400,  857,  438, 1018,  706,  314, 1011,  724,  445,  773,  729,  578,  796,  977,  605,  764,  311,  246,  607,  617,  116,  599,  414,  379,  390,  889,  215,  926,  613,  765,  895,  647,  864,  472,  634,  733,  607,  558,  889,  768,  758,  452,  535,  486,  713,  440, 1041, 1034,  223,  770,  314,  376,  699,   91,  740,  520,  448,  835,  621,  922,  620,  938,  418,  413,  554,  735,  530,  734,  291,  468,  692,  189,  154,  655,  702,  651,  513,  254,  339, 1136,  881,  837,  516,  290,  567,  726,  823,  937,  413,  843,  286,  672,  324,  474,  466,  758,  339,  554,  302,  447,  481, 1075,  332,  175,  439,  897, 1084,  372, 1089,  590,  547,  979,  378,  708,  444,  704,  736,  716,  811,  932,  828,  958,  426,  343,  966,  706,  717,  883,  531,  839,  615,  205,  926,  523,  158,  801,  684,  274,  737,  175,  453,  822,  505,  354,  219, 1089,  915,  908,  727,  918,  814,  679,  957,  400,  482,  889,  796],
        [  770,    0,  900,  496,  400,    0,  538,  234,  912,  539,  476,  964,  769,  664,  833,  865,  863,  638,  646,  298,  920,  219,  157,  509,  714,  488,  223,   17,  687,  696,  594,  223,  593,  614,  937,  755,  633,  603,  624,  380,  863,  848,  277,  880,  713,  438,  360,  197,  667,  603,   60,  943, 1022,  300,  560,   94,  301,  575,  399,  453,  834,  520,  487,  283,  686,  747,  872,   29,  438,  719,  828,  153,  397,  293,  637,  673,  224,  312,  296,  558,  379,  340,  233,  655, 1119,  643,  553,  563,  112,  759,  383,  711,  787,   69,  913,  264,  563,  286,   74,  760,  894,  158,  383,  100,   47,  440,  994,  358,  226,  735,  732, 1007,  262, 1090,  744,  229,  647,  118,  698,  143,  583,  434,  470,  527,  787,  551,  977,  137,  309,  672,  727,  906,  569,  398,  857,  702,  277,  705,  824,  322,  615,  509,  626,  885,  278,  449,  464,  557,   52,  255, 1023,  866,  976,  453,  883,  535,  560,  728,  201,  716,  873,  812],
        [  334,    0,  639,  700,  857,  538,    0,  422,  590,  325,  722,  710,  711,  861,  769,  888, 1072,  357,  122,  255,  951,  548,  639,  432,  748,  896,  330,  537,  971,  975,   79,  746,   78,  585,  983,  438,  572,  154,  768,  239,  879, 1007,  300,  707,  546,  103,  467,  345,  821,  426,  479,  624,  801,  831,  249,  579,  511,  399,  807,  129, 1088,  644,   94,  256,  242,  803,  620,  544,  584,  833,  808,  390,  144,  831,  792,  581,  732,  712,  250,  364,  213,  378,  767,  957,  870,  215,   92,  627,  627,  887,  161,  458,  440,  587,  834,  583,  420,  823,  496, 1007,  908,  695,  358,  618,  505,  510,  685,  592,  714,  992,  385,  700,  498,  871,  834,  320,  125,  492,  602,  426,  404,  123,  195,   94,  450,  107,  811,  443,  549,  142,  658,  985,   33,  402,  729,  730,  804,  277, 1063,  713,  302,  313,  975,  916,  685,  552,  134,  630,  556,  641,  729,  641,  875,  152,  671,  105,  403,  278,  458,  909,  691,  698],
        [  572,    0,  667,  338,  438,  234,  422,    0,  684,  317,  341,  730,  546,  516,  611,  663,  730,  416,  543,  177,  722,  128,  247,  275,  508,  476,  242,  246,  588,  594,  451,  365,  494,  388,  744,  531,  404,  432,  449,  198,  659,  692,  126,  648,  479,  325,  137,  154,  499,  371,  197,  714,  789,  454,  356,  209,  114,  344,  386,  303,  723,  328,  411,  211,  499,  549,  639,  259,  244,  539,  614,  205,  311,  477,  467,  443,  340,  291,  259,  330,  214,  108,  403,  566,  885,  456,  400,  355,  260,  586,  307,  481,  566,  303,  691,  163,  330,  483,  258,  643,  691,  368,  154,  256,  240,  220,  763,  200,  313,  622,  514,  775,   85,  857,  557,  140,  545,  122,  468,  104,  352,  300,  284,  373,  565,  392,  746,  101,  146,  529,  501,  722,  447,  164,  628,  493,  423,  511,  704,  292,  402,  288,  568,  686,  264,  240,  407,  351,  212,  220,  791,  633,  752,  290,  649,  377,  328,  538,   44,  569,  640,  583],
        [  281,    0,  102,  680, 1018,  912,  590,  684,    0,  375,  729,  147,  391,  736,  401,  558,  878,  280,  630,  657,  604,  767,  914,  423,  510,  986,  800,  921,  893,  890,  519, 1032,  634,  418,  641,  165,  382,  437,  639,  556,  544,  778,  651,  242,  256,  616,  590,  748,  670,  317,  864,   35,  244, 1117,  383,  890,  671,  341,  932,  547,  938,  587,  679,  706,  356,  555,  114,  933,  606,  631,  470,  820,  665, 1151,  660,  342,  998,  873,  741,  355,  572,  576, 1076,  905,  287,  376,  502,  522,  939,  674,  682,  204,  151,  980,  415,  762,  359, 1161,  915,  876,  559, 1051,  531,  937,  906,  540,   95,  689,  963,  876,  209,  110,  695,  303,  606,  710,  635,  805,  335,  770,  333,  581,  484,  511,  143,  489,  304,  776,  693,  512,  368,  676,  573,  526,  307,  497, 1084,  320,  903,  866,  318,  406,  970,  584,  867,  565,  715,  533,  895,  831,  139,  155,  414,  529,  180,  497,  358,  331,  724,  756,  226,  316],
        [  278,    0,  379,  440,  706,  539,  325,  317,  375,    0,  477,  448,  387,  574,  446,  564,  775,  100,  424,  289,  627,  418,  558,  128,  429,  705,  433,  548,  706,  708,  292,  678,  397,  265,  660,  216,  249,  218,  473,  188,  555,  699,  278,  406,  233,  296,  255,  375,  524,  104,  490,  407,  525,  765,   89,  525,  333,   75,  632,  222,  804,  362,  387,  342,  233,  485,  353,  559,  329,  524,  484,  447,  333,  792,  498,  256,  648,  554,  384,   40,  210,  211,  718,  702,  611,  201,  243,  326,  576,  578,  346,  180,  250,  606,  515,  426,   97,  799,  540,  726,  584,  683,  165,  573,  532,  246,  461,  382,  617,  715,  199,  475,  346,  596,  520,  337,  428,  437,  278,  396,   81,  253,  143,  232,  249,  226,  512,  403,  364,  344,  334,  664,  327,  176,  415,  410,  733,  228,  775,  549,   96,   31,  741,  593,  538,  288,  412,  332,  526,  497,  495,  359,  560,  196,  385,  222,   79,  261,  360,  616,  392,  380],
        [  748,    0,  667,   51,  314,  476,  722,  341,  729,  477,    0,  706,  412,  189,  461,  429,  395,  547,  842,  508,  473,  263,  355,  354,  306,  258,  578,  492,  251,  257,  727,  428,  799,  313,  483,  628,  349,  676,  168,  485,  432,  373,  456,  579,  474,  639,  255,  491,  199,  449,  477,  749,  723,  487,  558,  390,  228,  444,  223,  594,  383,  144,  734,  550,  709,  315,  639,  503,  148,  261,  425,  528,  638,  546,  173,  392,  388,  213,  599,  459,  512,  345,  481,  235,  825,  674,  672,  210,  409,  291,  637,  549,  672,  528,  531,  214,  413,  572,  536,  303,  460,  519,  367,  417,  509,  231,  777,  141,  348,  282,  643,  785,  258,  777,  293,  480,  846,  378,  405,  417,  447,  604,  541,  649,  664,  659,  645,  403,  196,  796,  396,  443,  740,  326,  527,  302,  458,  703,  365,  201,  569,  464,  265,  442,  232,  189,  737,  199,  427,  231,  786,  613,  597,  572,  612,  647,  426,  736,  331,  241,  581,  485],
        [  420,    0,   72,  655, 1011,  964,  710,  730,  147,  448,  706,    0,  317,  675,  304,  454,  788,  367,  762,  737,  491,  794,  942,  456,  442,  963,  881,  975,  833,  828,  644, 1055,  761,  398,  527,  272,  365,  558,  587,  635,  440,  685,  722,  140,  255,  721,  617,  819,  609,  363,  921,  127,   98, 1136,  480,  928,  695,  393,  922,  649,  857,  564,  794,  790,  486,  477,   96,  987,  603,  559,  373,  891,  766, 1178,  605,  320, 1019,  876,  830,  418,  656,  625, 1103,  851,  164,  500,  619,  497,  974,  595,  782,  269,  277, 1032,  296,  779,  401, 1192,  977,  803,  448, 1091,  583,  975,  964,  552,   99,  694,  981,  808,  327,   98,  725,  163,  529,  781,  767,  851,  303,  825,  385,  682,  577,  624,  265,  605,  165,  828,  709,  645,  314,  569,  696,  567,  208,  434, 1103,  450,  822,  867,  417,  477,  924,  476,  876,  568,  828,  508,  940,  845,   85,  100,  281,  627,   94,  611,  407,  466,  767,  687,  131,  235],
        [  547,    0,  301,  362,  724,  769,  711,  546,  391,  387,  412,  317,    0,  359,   66,  189,  487,  375,  804,  626,  248,  565,  706,  304,  126,  662,  757,  783,  517,  512,  672,  807,  782,  159,  284,  374,  151,  589,  274,  540,  177,  389,  590,  179,  186,  677,  411,  676,  293,  287,  741,  397,  315,  879,  466,  710,  471,  313,  633,  605,  548,  281,  772,  682,  563,  165,  280,  796,  345,  245,  100,  742,  707,  930,  290,  131,  767,  606,  732,  348,  569,  461,  858,  535,  415,  550,  627,  219,  749,  284,  717,  300,  412,  835,  146,  537,  294,  950,  803,  490,  202,  868,  436,  752,  783,  329,  405,  439,  728,  493,  420,  409,  508,  366,  217,  644,  809,  651,  110,  649,  308,  634,  526,  618,  399,  610,  234,  645,  472,  709,   54,  303,  712,  399,  118,  119,  847,  538,  514,  595,  427,  403,  610,  218,  613,  323,  794,  228,  733,  592,  401,  242,  208,  579,  228,  608,  310,  567,  570,  372,  186,   82],
        [  822,    0,  654,  178,  445,  664,  861,  516,  736,  574,  189,  675,  359,    0,  385,  295,  216,  620,  977,  673,  322,  451,  540,  447,  234,  350,  757,  680,  158,  155,  852,  600,  939,  338,  322,  673,  371,  789,  104,  631,  303,  185,  622,  537,  490,  789,  407,  669,   67,  514,  665,  748,  667,  648,  662,  578,  403,  521,  361,  734,  230,  218,  887,  719,  802,  207,  631,  692,  284,  125,  328,  712,  795,  711,   80,  402,  561,  387,  770,  546,  661,  497,  653,  178,  763,  774,  798,  250,  595,  124,  798,  590,  716,  715,  437,  402,  490,  740,  724,  153,  323,  701,  506,  604,  697,  352,  761,  320,  523,  145,  702,  767,  438,  707,  162,  653,  981,  565,  404,  600,  522,  750,  670,  779,  706,  783,  575,  588,  376,  914,  370,  273,  875,  460,  473,  243,  621,  789,  203,  374,  655,  570,  258,  298,  412,  311,  895,  243,  615,  417,  760,  596,  498,  710,  585,  774,  506,  822,  512,   53,  545,  441],
        [  586,    0,  303,  412,  773,  833,  769,  611,  401,  446,  461,  304,   66,  385,    0,  158,  485,  425,  858,  691,  209,  628,  767,  369,  159,  705,  822,  847,  539,  534,  726,  865,  838,  224,  247,  409,  216,  642,  311,  603,  145,  382,  656,  167,  231,  738,  476,  742,  320,  344,  806,  401,  283,  936,  522,  773,  534,  372,  683,  666,  554,  338,  832,  747,  609,  179,  288,  860,  406,  262,   70,  808,  769,  988,  323,  192,  826,  661,  797,  407,  632,  527,  917,  562,  379,  600,  683,  278,  811,  292,  780,  342,  444,  899,   80,  597,  355, 1009,  868,  502,  163,  930,  501,  814,  848,  394,  399,  499,  786,  509,  459,  401,  572,  324,  229,  710,  863,  716,  169,  714,  366,  695,  587,  675,  431,  666,  191,  711,  534,  760,  117,  276,  768,  464,   98,  159,  904,  582,  519,  650,  479,  464,  640,  185,  670,  386,  855,  287,  797,  650,  388,  246,  144,  640,  225,  665,  371,  610,  635,  388,  179,   89],
        [  735,    0,  459,  389,  729,  865,  888,  663,  558,  564,  429,  454,  189,  295,  158,    0,  341,  561,  986,  773,   64,  648,  772,  463,  156,  643,  893,  880,  433,  425,  853,  856,  961,  307,   97,  560,  316,  773,  262,  697,   14,  237,  731,  320,  374,  844,  528,  807,  244,  468,  848,  557,  415,  916,  647,  792,  567,  491,  641,  775,  417,  345,  941,  828,  750,  119,  445,  893,  427,  176,   91,  867,  869,  975,  262,  312,  815,  642,  879,  526,  728,  597,  909,  463,  499,  736,  806,  309,  822,  178,  877,  488,  597,  926,  166,  609,  468, 1000,  910,  379,   31,  938,  582,  828,  887,  446,  551,  510,  776,  391,  607,  551,  606,  438,  140,  780,  991,  751,  295,  763,  487,  801,  698,  795,  584,  790,  315,  756,  556,  895,  237,  119,  891,  539,  252,  171,  887,  726,  383,  630,  612,  576,  548,   30,  659,  424,  961,  313,  822,  649,  535,  403,  215,  748,  380,  786,  486,  755,  677,  280,  334,  246],
        [ 1005,    0,  785,  392,  578,  863, 1072,  730,  878,  775,  395,  788,  487,  216,  485,  341,    0,  809, 1186,  888,  325,  656,  727,  650,  376,  466,  970,  879,  200,  188, 1060,  767, 1150,  521,  301,  844,  549,  992,  305,  845,  354,  105,  837,  651,  653, 1003,  623,  882,  253,  704,  869,  882,  755,  798,  864,  773,  617,  715,  512,  946,   88,  430, 1101,  934,  996,  325,  766,  890,  499,  258,  416,  922, 1010,  865,  281,  570,  730,  565,  985,  744,  875,  713,  816,  240,  838,  972, 1006,  450,  782,  207, 1013,  763,  886,  909,  506,  607,  685,  897,  927,  113,  355,  879,  720,  793,  899,  565,  883,  532,  696,  140,  881,  885,  650,  777,  275,  868, 1191,  771,  564,  811,  715,  963,  879,  988,  874,  991,  655,  797,  588, 1118,  517,  243, 1085,  674,  582,  392,  776,  980,   63,  553,  850,  774,  317,  324,  595,  524, 1110,  445,  813,  609,  871,  726,  551,  922,  708,  983,  702, 1012,  724,  165,  663,  564],
        [  203,    0,  296,  506,  796,  638,  357,  416,  280,  100,  547,  367,  375,  620,  425,  561,  809,    0,  435,  379,  622,  514,  657,  195,  444,  787,  522,  646,  762,  763,  305,  776,  420,  289,  658,  118,  262,  219,  517,  277,  550,  725,  373,  350,  195,  355,  346,  469,  564,  106,  588,  313,  452,  863,  114,  624,  426,  104,  718,  282,  847,  420,  435,  428,  191,  500,  273,  658,  403,  552,  475,  541,  399,  891,  541,  252,  746,  644,  466,   94,  294,  310,  816,  762,  531,  176,  267,  372,  675,  605,  416,  103,  150,  705,  484,  519,  135,  898,  637,  772,  577,  782,  263,  672,  629,  323,  369,  466,  713,  764,  102,  383,  442,  523,  542,  431,  440,  536,  267,  495,  101,  316,  211,  266,  150,  251,  454,  502,  455,  335,  325,  670,  351,  270,  374,  426,  831,  171,  816,  639,   56,  130,  809,  591,  631,  360,  465,  380,  625,  590,  406,  288,  520,  260,  317,  253,  122,  204,  459,  657,  334,  347],
        [  353,    0,  693,  819,  977,  646,  122,  543,  630,  424,  842,  762,  804,  977,  858,  986, 1186,  435,    0,  373, 1048,  669,  755,  540,  852, 1017,  428,  643, 1090, 1094,  133,  858,   54,  688, 1082,  494,  672,  217,  882,  360,  976, 1117,  420,  778,  630,  220,  588,  457,  934,  518,  587,  662,  857,  942,  339,  693,  633,  495,  929,  249, 1205,  759,  162,  367,  276,  908,  678,  648,  703,  942,  903,  494,  250,  938,  906,  675,  846,  833,  351,  461,  335,  499,  877, 1077,  916,  267,  182,  739,  739,  997,  264,  531,  485,  689,  919,  704,  520,  928,  597, 1124, 1004,  800,  477,  729,  609,  626,  722,  714,  831, 1110,  437,  737,  620,  924,  942,  436,    6,  609,  695,  542,  499,  244,  308,  198,  497,  198,  879,  559,  670,  119,  752, 1087,  103,  520,  809,  833,  916,  312, 1179,  834,  380,  417, 1096, 1015,  805,  669,  194,  742,  667,  761,  768,  704,  954,  270,  736,  205,  502,  300,  578, 1023,  761,  782],
        [  479,    0,  668,  498,  605,  298,  255,  177,  657,  289,  508,  737,  626,  673,  691,  773,  888,  379,  373,    0,  835,  299,  385,  323,  620,  651,  145,  301,  758,  764,  300,  494,  322,  472,  862,  494,  476,  306,  594,  103,  767,  839,   53,  685,  509,  154,  267,  103,  646,  381,  239,  691,  812,  580,  281,  327,  283,  349,  560,  156,  889,  467,  235,   57,  392,  668,  642,  310,  390,  675,  709,  169,  134,  586,  615,  503,  478,  464,  107,  320,   88,  181,  519,  739,  900,  348,  256,  474,  375,  726,  130,  469,  518,  356,  767,  339,  351,  583,  274,  808,  799,  455,  192,  367,  274,  336,  747,  370,  460,  789,  460,  761,  260,  883,  686,   69,  375,  238,  528,  173,  357,  140,  181,  229,  521,  253,  790,  189,  318,  379,  575,  849,  284,  235,  683,  603,  552,  413,  868,  466,  343,  260,  745,  799,  434,  371,  231,  473,  307,  391,  783,  647,  821,  156,  671,  238,  340,  434,  208,  724,  673,  642],
        [  792,    0,  504,  437,  764,  920,  951,  722,  604,  627,  473,  491,  248,  322,  209,   64,  325,  622, 1048,  835,    0,  702,  822,  527,  217,  672,  953,  935,  446,  437,  916,  901, 1024,  371,   38,  617,  379,  835,  306,  760,   73,  224,  793,  363,  433,  907,  587,  867,  280,  531,  905,  601,  441,  958,  710,  845,  624,  554,  678,  838,  408,  400, 1005,  890,  810,  174,  491,  948,  484,  213,  149,  926,  932, 1018,  302,  374,  861,  686,  942,  589,  791,  659,  954,  479,  518,  797,  869,  368,  873,  199,  940,  546,  652,  980,  196,  662,  531, 1044,  967,  382,   47,  988,  644,  880,  943,  507,  589,  563,  821,  398,  665,  589,  663,  456,  181,  841, 1053,  807,  356,  822,  550,  864,  761,  858,  639,  852,  341,  814,  611,  956,  298,   84,  954,  601,  298,  233,  929,  785,  375,  674,  674,  639,  566,   37,  705,  483, 1024,  372,  876,  698,  569,  450,  230,  812,  424,  849,  549,  814,  735,  297,  379,  298],
        [  686,    0,  736,  278,  311,  219,  548,  128,  767,  418,  263,  794,  565,  451,  628,  648,  656,  514,  669,  299,  702,    0,  149,  345,  500,  352,  329,  235,  494,  502,  578,  265,  619,  416,  719,  624,  441,  556,  406,  324,  647,  634,  250,  694,  539,  451,  178,  248,  449,  451,  215,  795,  840,  351,  470,  146,  100,  429,  261,  430,  637,  304,  533,  324,  618,  530,  707,  247,  224,  501,  616,  271,  432,  386,  419,  485,  233,  165,  366,  423,  341,  211,  311,  467,  940,  576,  526,  352,  185,  541,  426,  564,  663,  279,  706,   50,  408,  399,  274,  559,  678,  304,  256,  188,  248,  245,  839,  140,  199,  536,  615,  850,   73,  905,  526,  249,  672,  116,  507,  162,  436,  427,  408,  500,  660,  518,  784,  146,   94,  656,  528,  688,  574,  245,  663,  488,  318,  627,  622,  167,  509,  392,  457,  667,  137,  242,  525,  344,  174,   93,  862,  694,  771,  417,  706,  503,  410,  656,   92,  503,  689,  617],
        [  818,    0,  885,  386,  246,  157,  639,  247,  914,  558,  355,  942,  706,  540,  767,  772,  727,  657,  755,  385,  822,  149,    0,  493,  630,  332,  356,  171,  543,  553,  682,  120,  702,  561,  835,  769,  588,  673,  517,  438,  773,  724,  346,  841,  688,  537,  327,  301,  554,  598,  194,  942,  988,  208,  602,   68,  248,  575,  244,  534,  691,  434,  604,  390,  744,  654,  856,  178,  362,  613,  749,  286,  506,  238,  526,  632,   95,  164,  418,  567,  448,  348,  162,  508, 1088,  701,  634,  489,   56,  646,  495,  711,  806,  185,  845,  170,  556,  250,  230,  620,  803,  166,  394,   67,  202,  392,  987,  269,   78,  594,  757,  999,  220, 1052,  642,  320,  756,  147,  654,  214,  582,  523,  527,  607,  804,  628,  930,  197,  237,  761,  672,  798,  668,  390,  807,  621,  176,  757,  683,  175,  647,  531,  473,  789,  132,  386,  587,  481,  109,  126, 1010,  843,  910,  526,  855,  613,  557,  784,  203,  590,  837,  762],
        [  394,    0,  395,  315,  607,  509,  432,  275,  423,  128,  354,  456,  304,  447,  369,  463,  650,  195,  540,  323,  527,  345,  493,    0,  318,  593,  458,  520,  579,  580,  411,  609,  508,  157,  557,  289,  154,  344,  347,  237,  456,  578,  291,  376,  204,  381,  167,  382,  398,  108,  469,  450,  514,  694,  216,  474,  248,   93,  526,  314,  677,  234,  479,  379,  359,  372,  366,  533,  209,  402,  392,  452,  406,  730,  371,  181,  576,  457,  428,  105,  266,  173,  655,  576,  611,  328,  359,  201,  521,  457,  416,  221,  331,  577,  445,  340,   66,  741,  527,  598,  487,  636,  137,  520,  512,  129,  495,  275,  540,  587,  293,  507,  273,  583,  403,  348,  545,  395,  206,  373,   98,  338,  238,  343,  326,  343,  478,  374,  271,  469,  253,  554,  440,  112,  364,  299,  661,  351,  648,  451,  216,  125,  617,  491,  448,  166,  498,  206,  484,  410,  520,  358,  500,  287,  375,  336,   74,  384,  311,  490,  367,  322],
        [  634,    0,  424,  259,  617,  714,  748,  508,  510,  429,  306,  442,  126,  234,  159,  156,  376,  444,  852,  620,  217,  500,  630,  318,    0,  547,  738,  729,  391,  387,  720,  721,  823,  164,  243,  469,  184,  644,  153,  547,  152,  284,  577,  304,  278,  698,  373,  652,  167,  342,  695,  519,  437,  788,  515,  645,  415,  360,  527,  631,  430,  197,  796,  674,  634,   57,  401,  742,  276,  122,  121,  712,  719,  843,  166,  196,  681,  512,  726,  392,  578,  442,  774,  410,  535,  614,  670,  154,  678,  169,  727,  389,  511,  777,  226,  463,  333,  866,  757,  367,  184,  795,  429,  683,  735,  291,  529,  363,  641,  369,  508,  534,  454,  482,  102,  625,  856,  599,  189,  609,  357,  655,  555,  657,  499,  654,  349,  602,  406,  769,  143,  237,  754,  385,  241,   19,  757,  614,  396,  500,  490,  436,  485,  180,  524,  269,  813,  159,  673,  509,  527,  365,  292,  604,  353,  649,  351,  646,  524,  248,  312,  208],
        [  982,    0,  925,  308,  116,  488,  896,  476,  986,  705,  258,  963,  662,  350,  705,  643,  466,  787, 1017,  651,  672,  352,  332,  593,  547,    0,  668,  502,  267,  278,  918,  324,  969,  570,  670,  877,  606,  883,  396,  663,  649,  502,  601,  834,  731,  800,  456,  595,  400,  695,  519, 1006,  977,  338,  778,  396,  391,  686,   93,  773,  406,  401,  885,  675,  931,  541,  897,  509,  387,  468,  660,  602,  784,  406,  387,  649,  294,  190,  715,  695,  684,  531,  367,  226, 1077,  892,  865,  468,  382,  473,  778,  800,  920,  510,  769,  314,  656,  439,  561,  354,  671,  447,  566,  394,  532,  465, 1034,  325,  272,  327,  886, 1043,  398, 1027,  505,  600, 1020,  442,  662,  505,  690,  774,  738,  839,  913,  854,  894,  487,  354,  994,  652,  619,  920,  535,  779,  548,  320,  931,  410,  186,  800,  687,  159,  648,  223,  430,  877,  457,  438,  263, 1044,  870,  834,  757,  869,  840,  666,  963,  444,  381,  837,  739],
        [  607,    0,  812,  579,  599,  223,  330,  242,  800,  433,  578,  881,  757,  757,  822,  893,  970,  522,  428,  145,  953,  329,  356,  458,  738,  668,    0,  218,  820,  827,  395,  444,  376,  600,  978,  636,  608,  424,  690,  247,  888,  934,  168,  826,  650,  235,  368,   89,  740,  524,  167,  834,  955,  522,  421,  289,  355,  492,  575,  274,  960,  567,  268,   96,  516,  783,  786,  222,  485,  778,  836,   71,  187,  512,  709,  638,  439,  479,   80,  464,  229,  298,  455,  795, 1044,  475,  364,  586,  327,  826,  170,  613,  659,  261,  900,  377,  492,  501,  169,  880,  920,  372,  322,  316,  183,  448,  890,  439,  433,  858,  600,  904,  321, 1026,  794,  114,  429,  226,  664,  167,  500,  246,  319,  340,  663,  366,  931,  184,  383,  469,  707,  960,  362,  359,  821,  722,  499,  542,  942,  485,  484,  404,  785,  917,  445,  475,  242,  584,  254,  408,  926,  790,  957,  283,  814,  351,  482,  558,  248,  810,  815,  779],
        [  775,    0,  911,  512,  414,   17,  537,  246,  921,  548,  492,  975,  783,  680,  847,  880,  879,  646,  643,  301,  935,  235,  171,  520,  729,  502,  218,    0,  703,  712,  594,  232,  590,  627,  953,  763,  646,  606,  640,  385,  878,  865,  282,  893,  724,  437,  373,  199,  683,  613,   62,  952, 1034,  306,  566,  110,  315,  585,  413,  456,  851,  536,  484,  282,  690,  762,  882,   14,  453,  735,  842,  150,  395,  296,  653,  686,  235,  328,  293,  567,  383,  350,  238,  671, 1130,  647,  555,  578,  125,  775,  380,  720,  794,   59,  927,  280,  574,  287,   61,  776,  910,  158,  393,  112,   37,  454, 1003,  374,  239,  751,  739, 1017,  277, 1102,  760,  233,  644,  132,  711,  152,  593,  436,  474,  528,  795,  553,  990,  147,  325,  672,  741,  922,  569,  409,  870,  717,  284,  710,  840,  337,  622,  517,  641,  900,  294,  463,  459,  571,   68,  272, 1033,  877,  990,  456,  894,  537,  570,  732,  214,  732,  885,  825],
        [  965,    0,  812,  272,  379,  687,  971,  588,  893,  706,  251,  833,  517,  158,  539,  433,  200,  762, 1090,  758,  446,  494,  543,  579,  391,  267,  820,  703,    0,   12,  971,  572, 1048,  488,  435,  823,  522,  915,  255,  734,  443,  245,  706,  694,  644,  889,  504,  735,  224,  657,  701,  905,  822,  600,  792,  594,  477,  660,  317,  842,  149,  345,  985,  798,  937,  361,  788,  713,  388,  277,  479,  765,  888,  667,  234,  556,  536,  379,  846,  682,  762,  595,  621,   41,  916,  906,  916,  392,  598,  257,  887,  741,  867,  727,  586,  444,  629,  699,  755,   87,  458,  687,  614,  609,  726,  468,  919,  389,  504,   61,  849,  924,  504,  859,  312,  727, 1094,  607,  559,  655,  662,  853,  785,  895,  857,  902,  728,  639,  442, 1038,  527,  378,  987,  571,  629,  400,  578,  928,  146,  369,  793,  698,  125,  429,  412,  425,  987,  383,  636,  432,  917,  753,  644,  820,  743,  892,  644,  961,  573,  154,  702,  598],
        [  965,    0,  808,  276,  390,  696,  975,  594,  890,  708,  257,  828,  512,  155,  534,  425,  188,  763, 1094,  764,  437,  502,  553,  580,  387,  278,  827,  712,   12,    0,  975,  583, 1052,  487,  425,  822,  521,  918,  254,  739,  435,  235,  712,  690,  642,  894,  509,  742,  221,  658,  710,  902,  816,  611,  794,  604,  483,  661,  328,  847,  139,  346,  990,  805,  939,  355,  785,  722,  392,  272,  472,  773,  894,  678,  231,  554,  547,  389,  853,  683,  767,  600,  632,   53,  910,  908,  920,  392,  608,  249,  893,  740,  866,  737,  579,  452,  630,  710,  764,   76,  449,  698,  618,  619,  735,  471,  915,  395,  515,   49,  849,  920,  511,  853,  306,  733, 1098,  615,  557,  662,  663,  858,  789,  899,  856,  906,  722,  647,  449, 1041,  524,  369,  992,  574,  624,  396,  590,  929,  134,  378,  794,  700,  136,  421,  421,  428,  993,  383,  645,  442,  913,  750,  636,  824,  739,  896,  645,  962,  580,  147,  698,  594],
        [  256,    0,  574,  700,  889,  594,   79,  451,  519,  292,  727,  644,  672,  852,  726,  853, 1060,  305,  133,  300,  916,  578,  682,  411,  720,  918,  395,  594,  971,  975,    0,  793,  118,  557,  950,  373,  540,   88,  755,  256,  843,  988,  337,  651,  498,  160,  475,  397,  807,  386,  534,  553,  737,  879,  207,  626,  529,  363,  832,  149, 1082,  636,  173,  313,  166,  777,  556,  602,  584,  813,  770,  450,  210,  884,  780,  543,  776,  740,  316,  329,  238,  390,  818,  961,  802,  145,   56,  611,  675,  868,  228,  402,  370,  646,  788,  608,  388,  879,  558, 1002,  872,  751,  361,  666,  564,  505,  614,  604,  755,  988,  318,  628,  521,  806,  811,  368,  138,  536,  562,  471,  367,  161,  187,   80,  381,   70,  753,  487,  566,   80,  620,  955,   55,  402,  678,  702,  851,  202, 1055,  740,  249,  287,  986,  882,  715,  548,  212,  615,  606,  670,  658,  580,  824,  162,  611,   80,  370,  201,  491,  898,  634,  650],
        [  937,    0, 1000,  467,  215,  223,  746,  365, 1032,  678,  428, 1055,  807,  600,  865,  856,  767,  776,  858,  494,  901,  265,  120,  609,  721,  324,  444,  232,  572,  583,  793,    0,  806,  668,  910,  888,  696,  788,  595,  554,  858,  779,  459,  950,  801,  644,  443,  402,  625,  715,  277, 1059, 1097,   89,  721,  168,  362,  693,  256,  646,  719,  528,  704,  492,  862,  739,  970,  232,  463,  688,  842,  373,  609,  124,  600,  741,   41,  216,  513,  685,  562,  467,   54,  534, 1198,  819,  747,  588,  120,  715,  596,  828,  925,  213,  941,  276,  673,  145,  291,  656,  886,  125,  514,  130,  268,  504, 1103,  369,   81,  629,  876, 1114,  337, 1159,  720,  427,  860,  259,  762,  322,  700,  633,  644,  720,  923,  742, 1034,  306,  346,  872,  776,  868,  776,  509,  912,  714,   59,  875,  717,  228,  766,  650,  481,  870,  198,  492,  683,  579,  192,  216, 1125,  956, 1007,  640,  966,  726,  675,  902,  321,  646,  946,  867],
        [  363,    0,  691,  778,  926,  593,   78,  494,  634,  397,  799,  761,  782,  939,  838,  961, 1150,  420,   54,  322, 1024,  619,  702,  508,  823,  969,  376,  590, 1048, 1052,  118,  806,    0,  659, 1057,  490,  645,  205,  845,  315,  951, 1084,  370,  768,  612,  169,  545,  404,  898,  496,  534,  667,  854,  889,  317,  641,  587,  471,  880,  207, 1166,  722,  110,  314,  279,  879,  674,  595,  662,  909,  880,  441,  197,  885,  869,  652,  794,  784,  298,  436,  289,  455,  824, 1034,  918,  262,  156,  704,  686,  964,  211,  519,  486,  636,  902,  656,  493,  875,  544, 1085,  980,  747,  436,  677,  556,  588,  728,  669,  779, 1070,  435,  742,  572,  923,  910,  384,   55,  557,  673,  489,  475,  197,  272,  167,  497,  173,  871,  507,  624,  138,  730, 1059,   71,  480,  794,  805,  863,  315, 1141,  785,  365,  387, 1051,  990,  755,  630,  144,  708,  614,  712,  773,  698,  940,  230,  729,  175,  476,  309,  528,  986,  751,  765],
        [  487,    0,  355,  263,  613,  614,  585,  388,  418,  265,  313,  398,  159,  338,  224,  307,  521,  289,  688,  472,  371,  416,  561,  157,  164,  570,  600,  627,  488,  487,  557,  668,  659,    0,  401,  336,   37,  481,  235,  392,  299,  439,  434,  283,  163,  537,  254,  518,  278,  183,  584,  437,  430,  745,  352,  559,  319,  198,  524,  469,  561,  170,  635,  528,  477,  220,  327,  640,  207,  265,  238,  584,  562,  792,  258,   80,  630,  480,  579,  229,  422,  304,  718,  494,  532,  454,  506,  104,  600,  318,  571,  254,  380,  681,  304,  393,  170,  809,  645,  488,  330,  720,  281,  603,  626,  174,  465,  300,  591,  482,  365,  473,  355,  492,  257,  487,  693,  496,   97,  491,  196,  494,  392,  493,  370,  490,  369,  488,  325,  606,  114,  401,  590,  242,  247,  146,  713,  459,  529,  470,  330,  273,  554,  335,  481,  176,  654,  115,  580,  454,  476,  302,  364,  442,  306,  485,  188,  492,  414,  371,  280,  202],
        [  829,    0,  541,  449,  765,  937,  983,  744,  641,  660,  483,  527,  284,  322,  247,   97,  301,  658, 1082,  862,   38,  719,  835,  557,  243,  670,  978,  953,  435,  425,  950,  910, 1057,  401,    0,  654,  412,  869,  318,  790,  108,  203,  819,  400,  469,  938,  611,  891,  286,  565,  924,  638,  475,  964,  743,  860,  644,  588,  681,  870,  386,  420, 1036,  916,  846,  196,  529,  965,  504,  222,  185,  948,  961, 1026,  311,  408,  870,  694,  968,  622,  820,  684,  963,  470,  549,  833,  902,  392,  886,  199,  969,  583,  689,  996,  232,  677,  564, 1052,  986,  366,   85, 1000,  672,  893,  962,  531,  625,  579,  831,  384,  702,  624,  683,  487,  194,  866, 1087,  826,  391,  843,  584,  895,  793,  891,  676,  886,  375,  835,  629,  991,  333,   59,  987,  628,  335,  261,  936,  821,  353,  682,  709,  671,  557,   68,  715,  505, 1054,  395,  892,  710,  605,  487,  261,  843,  462,  882,  582,  851,  756,  291,  416,  335],
        [  178,    0,  202,  583,  895,  755,  438,  531,  165,  216,  628,  272,  374,  673,  409,  560,  844,  118,  494,  494,  617,  624,  769,  289,  469,  877,  636,  763,  823,  822,  373,  888,  490,  336,  654,    0,  302,  287,  570,  393,  548,  752,  490,  293,  192,  455,  451,  586,  611,  183,  705,  198,  365,  975,  219,  739,  532,  198,  814,  385,  892,  491,  524,  542,  220,  523,  185,  775,  490,  587,  470,  658,  503, 1005,  594,  275,  856,  746,  577,  203,  408,  424,  930,  829,  433,  229,  348,  434,  789,  637,  520,   83,   45,  822,  452,  626,  224, 1013,  754,  822,  570,  898,  378,  787,  747,  415,  257,  564,  823,  817,   57,  271,  552,  434,  570,  548,  499,  652,  281,  612,  192,  419,  320,  354,   37,  334,  389,  619,  558,  381,  332,  676,  425,  380,  336,  453,  942,  187,  859,  739,  154,  247,  883,  589,  735,  448,  558,  443,  741,  696,  297,  212,  475,  365,  245,  340,  217,  209,  573,  703,  275,  322],
        [  457,    0,  320,  299,  647,  633,  572,  404,  382,  249,  349,  365,  151,  371,  216,  316,  549,  262,  672,  476,  379,  441,  588,  154,  184,  606,  608,  646,  522,  521,  540,  696,  645,   37,  412,  302,    0,  462,  268,  390,  307,  464,  441,  254,  127,  531,  274,  528,  310,  159,  601,  400,  401,  775,  334,  583,  343,  178,  559,  460,  592,  206,  627,  532,  451,  240,  292,  659,  239,  292,  240,  596,  558,  820,  292,   46,  659,  512,  582,  211,  420,  314,  746,  530,  502,  431,  491,  140,  625,  344,  569,  220,  346,  701,  293,  421,  153,  837,  662,  520,  337,  744,  286,  627,  644,  197,  429,  331,  620,  516,  333,  438,  377,  464,  281,  496,  677,  516,   67,  507,  175,  487,  382,  480,  336,  475,  345,  505,  352,  586,  100,  416,  576,  251,  225,  165,  742,  432,  560,  503,  307,  260,  590,  345,  512,  205,  648,  151,  601,  483,  442,  268,  351,  434,  273,  471,  170,  465,  433,  402,  250,  179],
