{
    "name": "random-29-32591",
    "comment": "size=29 seed=32591",
    "nodes": ["+0", "-0", "+1", "-1", "+2", "-2", "+3", "-3", "+4", "-4", "+5", "-5", "+6", "-6", "+7", "-7", "+8", "-8", "+9", "-9", "+10", "-10", "+11", "-11", "+12", "-12", "+13", "-13", "+14", "-14", "+15", "-15", "+16", "-16", "+17", "-17", "+18", "-18", "+19", "-19", "+20", "-20", "+21", "-21", "+22", "-22", "+23", "-23", "+24", "-24", "+25", "-25", "+26", "-26", "+27", "-27", "+28", "-28", "+29", "-29"],
    "precedence": {
        "+0": "-0",
        "+1": "-1",
        "+2": "-2",
        "+3": "-3",
        "+4": "-4",
        "+5": "-5",
        "+6": "-6",
        "+7": "-7",
        "+8": "-8",
        "+9": "-9",
        "+10": "-10",
        "+11": "-11",
        "+12": "-12",
        "+13": "-13",
        "+14": "-14",
        "+15": "-15",
        "+16": "-16",
        "+17": "-17",
        "+18": "-18",
        "+19": "-19",
        "+20": "-20",
        "+21": "-21",
        "+22": "-22",
        "+23": "-23",
        "+24": "-24",
        "+25": "-25",
        "+26": "-26",
        "+27": "-27",
        "+28": "-28",
        "+29": "-29"
    },
    "edges": [
        [    0,    0,  665,  622,  731,  105,  601,  695,  512,  865,  611,  694,  463,  489,  627,  987,  440,  114,  218,  561,  913,  877,   98,  989,  614,  438,  334,  881,  880,  612,  899,  924,  833,  833,  908, 1030,  616,  532,  797,   86,  587,  736,  835,   80,  544,  576,  531,  317,   76,  805,  473,  523, 1164,  692,  892,   19,  530,  163,  300,  754],
        [    0,    0,  665,  622,  731,  105,  601,  695,  512,  865,  611,  694,  463,  489,  627,  987,  440,  114,  218,  561,  913,  877,   98,  989,  614,  438,  334,  881,  880,  612,  899,  924,  833,  833,  908, 1030,  616,  532,  797,   86,  587,  736,  835,   80,  544,  576,  531,  317,   76,  805,  473,  523, 1164,  692,  892,   19,  530,  163,  300,  754],
        [  665,  665,    0,  147,  864,  665,  613,  835,  754,  639,  225,   97,  316,  751,  110,  643,  228,  619,  546,  827,  312,  729,  573,  521,   55,  536,  334,  216,  330,  761,  583,  852,  957,  281,  566,  453,  111,  769,  141,  746,  296,  669,  382,  743,  123,  155,  621,  707,  595,  974,  793,  148,  659,  149,  462,  648,  824,  617,  616,  253],
        [  622,  622,  147,    0,  720,  600,  469,  693,  624,  500,  343,  243,  199,  624,  235,  523,  201,  555,  464,  696,  292,  585,  525,  431,  118,  409,  295,  304,  271,  622,  454,  707,  812,  427,  442,  417,  230,  638,  205,  696,  151,  522,  276,  694,  159,  256,  483,  602,  561,  831,  671,  193,  590,  292,  354,  604,  697,  541,  513,  154],
        [  731,  731,  864,  720,    0,  628,  251,   37,  220,  423, 1000,  954,  569,  245,  924,  586,  734,  622,  548,  192,  865,  339,  684,  727,  821,  369,  699, 1000,  786,  125,  528,  279,  107, 1142,  558,  889,  915,  202,  904,  726,  571,  250,  667,  734,  810,  915,  258,  419,  745,  111,  280,  824,  866,  995,  652,  721,  229,  572,  437,  709],
        [  105,  105,  665,  600,  628,    0,  511,  592,  409,  786,  646,  708,  420,  385,  644,  916,  438,   46,  148,  457,  885,  789,  112,  934,  611,  353,  333,  878,  844,  510,  828,  829,  729,  862,  839,  994,  632,  428,  788,  117,  540,  646,  786,  121,  547,  598,  438,  213,  146,  700,  368,  533, 1110,  714,  837,   99,  426,   73,  203,  717],
        [  601,  601,  613,  469,  251,  511,    0,  225,  220,  296,  757,  704,  326,  235,  676,  452,  496,  488,  388,  272,  633,  280,  529,  542,  570,  168,  479,  753,  558,  163,  371,  329,  347,  892,  394,  679,  667,  223,  655,  625,  320,  136,  447,  630,  564,  670,   79,  348,  591,  362,  297,  580,  704,  746,  453,  587,  290,  441,  310,  468],
        [  695,  695,  835,  693,   37,  592,  225,    0,  185,  420,  968,  925,  537,  210,  894,  585,  701,  585,  511,  163,  846,  344,  647,  719,  791,  334,  664,  977,  768,   89,  522,  297,  144, 1113,  551,  876,  884,  167,  879,  691,  544,  241,  651,  699,  779,  883,  224,  384,  708,  141,  248,  792,  862,  965,  641,  685,  200,  535,  400,  688],
        [  512,  512,  754,  624,  220,  409,  220,  185,    0,  504,  851,  836,  440,   26,  793,  666,  583,  405,  342,   74,  833,  461,  472,  761,  704,  218,  526,  925,  763,  114,  588,  455,  321, 1021,  612,  891,  782,   21,  825,  507,  487,  323,  659,  514,  676,  772,  158,  200,  531,  296,   81,  683,  924,  867,  671,  503,   75,  356,  225,  660],
        [  865,  865,  639,  500,  423,  786,  296,  420,  504,    0,  840,  735,  470,  524,  735,  166,  627,  756,  648,  539,  510,  110,  781,  314,  617,  433,  657,  696,  428,  413,  110,  244,  462,  906,  141,  494,  729,  501,  616,  902,  379,  186,  307,  906,  647,  752,  374,  641,  841,  510,  585,  675,  444,  788,  260,  849,  566,  713,  594,  405],
        [  611,  611,  225,  343, 1000,  646,  757,  968,  851,  840,    0,  160,  432,  842,  116,  861,  269,  604,  568,  925,  528,  920,  537,  746,  227,  641,  338,  370,  554,  885,  796, 1035, 1102,  225,  782,  669,  117,  869,  341,  696,  470,  839,  604,  691,  198,   90,  744,  752,  535, 1108,  872,  178,  882,  116,  684,  597,  914,  620,  667,  475],
        [  694,  694,   97,  243,  954,  708,  704,  925,  836,  735,  160,    0,  397,  830,   69,  733,  277,  663,  602,  909,  372,  825,  608,  602,  134,  618,  377,  216,  405,  849,  676,  949, 1050,  188,  658,  512,   80,  851,  183,  778,  391,  764,  470,  774,  167,  127,  708,  773,  621, 1065,  870,  176,  729,   57,  549,  678,  904,  667,  683,  344],
        [  463,  463,  316,  199,  569,  420,  326,  537,  440,  470,  432,  397,    0,  436,  358,  554,  172,  378,  277,  513,  468,  524,  366,  528,  265,  222,  189,  502,  424,  457,  469,  622,  670,  583,  470,  574,  348,  455,  403,  526,  125,  419,  373,  527,  242,  346,  315,  404,  415,  677,  479,  256,  703,  431,  434,  445,  509,  356,  315,  298],
        [  489,  489,  751,  624,  245,  385,  235,  210,   26,  524,  842,  830,  436,    0,  787,  684,  574,  383,  323,   85,  839,  483,  450,  775,  700,  215,  513,  925,  771,  139,  605,  480,  345, 1015,  628,  901,  775,   44,  825,  482,  489,  343,  668,  489,  670,  764,  168,  175,  509,  318,   62,  675,  939,  861,  683,  480,   74,  334,  206,  665],
        [  627,  627,  110,  235,  924,  644,  676,  894,  793,  735,  116,   69,  358,  787,    0,  749,  220,  600,  543,  867,  417,  819,  543,  631,  118,  577,  315,  281,  440,  814,  685,  938, 1023,  231,  670,  558,   13,  810,  234,  711,  373,  747,  490,  707,  118,   58,  673,  719,  554, 1034,  823,  116,  768,   75,  570,  612,  860,  606,  630,  361],
        [  987,  987,  643,  523,  586,  916,  452,  585,  666,  166,  861,  733,  554,  684,  749,    0,  687,  883,  773,  704,  436,  255,  897,  189,  635,  570,  740,  646,  361,  578,   89,  374,  617,  885,   85,  379,  746,  665,  584, 1032,  440,  352,  264, 1035,  681,  778,  528,  790,  954,  669,  746,  713,  283,  789,  188,  970,  730,  844,  734,  391],
        [  440,  440,  228,  201,  734,  438,  496,  701,  583,  627,  269,  277,  172,  574,  220,  687,    0,  392,  326,  657,  488,  690,  347,  623,  175,  372,  107,  443,  471,  617,  608,  793,  837,  450,  603,  617,  208,  601,  357,  520,  251,  591,  464,  517,  111,  190,  477,  499,  373,  840,  607,  104,  787,  294,  538,  423,  647,  392,  410,  352],
        [  114,  114,  619,  555,  622,   46,  488,  585,  405,  756,  604,  663,  378,  383,  600,  883,  392,    0,  110,  459,  841,  765,   80,  895,  566,  326,  288,  832,  801,  502,  794,  811,  725,  819,  805,  951,  587,  425,  742,  152,  498,  623,  746,  154,  502,  554,  418,  217,  129,  700,  373,  488, 1071,  670,  798,  101,  430,   50,  188,  674],
        [  218,  218,  546,  464,  548,  148,  388,  511,  342,  648,  568,  602,  277,  323,  543,  773,  326,  110,    0,  406,  744,  661,  142,  787,  492,  222,  232,  754,  700,  424,  684,  715,  654,  771,  695,  849,  531,  362,  660,  261,  394,  522,  639,  264,  436,  505,  323,  189,  205,  636,  330,  428,  963,  617,  689,  202,  383,   79,  118,  574],
        [  561,  561,  827,  696,  192,  457,  272,  163,   74,  539,  925,  909,  513,   85,  867,  704,  657,  459,  406,    0,  897,  482,  530,  812,  778,  292,  598,  995,  825,  127,  630,  456,  281, 1095,  656,  950,  856,   59,  896,  547,  557,  354,  718,  555,  750,  846,  221,  245,  587,  245,   92,  757,  969,  941,  724,  554,   37,  411,  288,  726],
        [  913,  913,  312,  292,  865,  885,  633,  846,  833,  510,  528,  372,  468,  839,  417,  436,  488,  841,  744,  897,    0,  618,  816,  263,  340,  639,  586,  218,   83,  796,  414,  753,  936,  478,  386,  142,  420,  842,  190,  985,  363,  623,  206,  984,  414,  467,  677,  859,  853,  970,  895,  446,  360,  425,  256,  895,  907,  823,  773,  177],
        [  877,  877,  729,  585,  339,  789,  280,  344,  461,  110,  920,  825,  524,  483,  819,  255,  690,  765,  661,  482,  618,    0,  800,  420,  702,  440,  707,  800,  536,  357,  217,  135,  363, 1001,  249,  602,  813,  454,  717,  904,  452,  146,  414,  909,  724,  831,  356,  622,  862,  415,  541,  749,  537,  876,  370,  862,  513,  719,  589,  505],
        [   98,   98,  573,  525,  684,  112,  529,  647,  472,  781,  537,  608,  366,  450,  543,  897,  347,   80,  142,  530,  816,  800,    0,  893,  521,  363,  240,  789,  783,  561,  809,  857,  789,  756,  817,  933,  531,  492,  703,  173,  490,  662,  739,  171,  453,  494,  465,  291,   63,  767,  446,  435, 1068,  610,  797,   80,  502,  121,  248,  656],
        [  989,  989,  521,  431,  727,  934,  542,  719,  761,  314,  746,  602,  528,  775,  631,  189,  623,  895,  787,  812,  263,  420,  893,    0,  527,  617,  698,  480,  201,  692,  205,  550,  775,  733,  173,  190,  631,  764,  434, 1046,  404,  479,  160, 1048,  587,  670,  608,  847,  942,  820,  836,  621,  176,  658,   98,  971,  832,  864,  776,  279],
        [  614,  614,   55,  118,  821,  611,  570,  791,  704,  617,  227,  134,  265,  700,  118,  635,  175,  566,  492,  778,  340,  702,  521,  527,    0,  487,  282,  268,  345,  715,  569,  822,  916,  322,  555,  478,  113,  720,  185,  694,  259,  634,  380,  691,   76,  144,  574,  653,  545,  931,  742,  107,  675,  178,  460,  597,  774,  563,  563,  251],
        [  438,  438,  536,  409,  369,  353,  168,  334,  218,  433,  641,  618,  222,  215,  577,  570,  372,  326,  222,  292,  639,  440,  363,  617,  487,    0,  331,  712,  577,  248,  483,  497,  475,  804,  498,  716,  566,  234,  612,  469,  280,  300,  488,  474,  460,  559,  115,  231,  425,  472,  263,  469,  790,  650,  520,  423,  289,  282,  164,  463],
        [  334,  334,  334,  295,  699,  333,  479,  664,  526,  657,  338,  377,  189,  513,  315,  740,  107,  288,  232,  598,  586,  707,  240,  698,  282,  331,    0,  549,  562,  577,  656,  796,  805,  540,  656,  711,  303,  545,  463,  413,  302,  591,  539,  410,  215,  274,  444,  415,  268,  801,  538,  201,  868,  387,  607,  316,  583,  291,  330,  438],
        [  881,  881,  216,  304, 1000,  878,  753,  977,  925,  696,  370,  216,  502,  925,  281,  646,  443,  832,  754,  995,  218,  800,  789,  480,  268,  712,  549,    0,  286,  912,  612,  933, 1084,  265,  587,  341,  290,  938,  100,  961,  440,  777,  393,  958,  338,  339,  779,  904,  811, 1110,  974,  361,  568,  255,  460,  864,  998,  827,  814,  299],
        [  880,  880,  330,  271,  786,  844,  558,  768,  763,  428,  554,  405,  424,  771,  440,  361,  471,  801,  700,  825,   83,  536,  783,  201,  345,  577,  562,  286,    0,  721,  334,  671,  855,  534,  306,  151,  441,  771,  233,  948,  309,  543,  123,  948,  414,  483,  606,  801,  824,  890,  828,  447,  330,  461,  177,  862,  837,  779,  719,  127],
        [  612,  612,  761,  622,  125,  510,  163,   89,  114,  413,  885,  849,  457,  139,  814,  578,  617,  502,  424,  127,  796,  357,  561,  692,  715,  248,  577,  912,  721,    0,  506,  343,  232, 1037,  533,  838,  804,  101,  814,  613,  475,  227,  608,  620,  699,  801,  142,  307,  623,  225,  190,  711,  846,  886,  608,  602,  157,  452,  315,  630],
        [  899,  899,  583,  454,  528,  828,  371,  522,  588,  110,  796,  676,  469,  605,  685,   89,  608,  794,  684,  630,  414,  217,  809,  205,  569,  483,  656,  612,  334,  506,    0,  349,  570,  838,   32,  386,  681,  588,  540,  944,  359,  283,  220,  947,  610,  710,  445,  705,  866,  618,  667,  641,  341,  731,  159,  882,  654,  755,  647,  335],
        [  924,  924,  852,  707,  279,  829,  329,  297,  455,  244, 1035,  949,  622,  480,  938,  374,  793,  811,  715,  456,  753,  135,  857,  550,  822,  497,  796,  933,  671,  343,  349,    0,  265, 1128,  380,  734,  931,  443,  848,  939,  566,  205,  549,  945,  837,  946,  394,  641,  919,  324,  531,  861,  652,  998,  504,  911,  491,  762,  626,  636],
        [  833,  833,  957,  812,  107,  729,  347,  144,  321,  462, 1102, 1050,  670,  345, 1023,  617,  837,  725,  654,  281,  936,  363,  789,  775,  916,  475,  805, 1084,  855,  232,  570,  265,    0, 1237,  602,  947, 1013,  302,  989,  824,  662,  313,  733,  832,  909, 1015,  362,  519,  849,   62,  371,  925,  899, 1092,  709,  824,  316,  676,  542,  788],
        [  833,  833,  281,  427, 1142,  862,  892, 1113, 1021,  906,  225,  188,  583, 1015,  231,  885,  450,  819,  771, 1095,  478, 1001,  756,  733,  322,  804,  540,  265,  534, 1037,  838, 1128, 1237,    0,  817,  605,  243, 1038,  302,  919,  577,  948,  623,  913,  347,  266,  896,  948,  758, 1252, 1053,  346,  833,  156,  698,  819, 1089,  830,  860,  504],
        [  908,  908,  566,  442,  558,  839,  394,  551,  612,  141,  782,  658,  470,  628,  670,   85,  603,  805,  695,  656,  386,  249,  817,  173,  555,  498,  656,  587,  306,  533,   32,  380,  602,  817,    0,  355,  667,  612,  517,  955,  356,  312,  196,  958,  599,  697,  466,  723,  872,  649,  690,  630,  314,  714,  130,  891,  679,  767,  662,  316],
        [ 1030, 1030,  453,  417,  889,  994,  679,  876,  891,  494,  669,  512,  574,  901,  558,  379,  617,  951,  849,  950,  142,  602,  933,  190,  478,  716,  711,  341,  151,  838,  386,  734,  947,  605,  355,    0,  562,  897,  330, 1098,  457,  640,  233, 1098,  551,  608,  734,  944,  974,  988,  960,  584,  229,  565,  238, 1012,  965,  928,  863,  277],
        [  616,  616,  111,  230,  915,  632,  667,  884,  782,  729,  117,   80,  348,  775,   13,  746,  208,  587,  531,  856,  420,  813,  531,  631,  113,  566,  303,  290,  441,  804,  681,  931, 1013,  243,  667,  562,    0,  799,  239,  700,  366,  739,  488,  695,  107,   50,  663,  707,  542, 1024,  812,  104,  770,   87,  568,  600,  849,  594,  618,  359],
        [  532,  532,  769,  638,  202,  428,  223,  167,   21,  501,  869,  851,  455,   44,  810,  665,  601,  425,  362,   59,  842,  454,  492,  764,  720,  234,  545,  938,  771,  101,  588,  443,  302, 1038,  612,  897,  799,    0,  838,  525,  499,  318,  665,  532,  693,  790,  165,  218,  551,  276,   89,  700,  925,  884,  675,  523,   68,  376,  246,  670],
        [  797,  797,  141,  205,  904,  788,  655,  879,  825,  616,  341,  183,  403,  825,  234,  584,  357,  742,  660,  896,  190,  717,  703,  434,  185,  612,  463,  100,  233,  814,  540,  848,  989,  302,  517,  330,  239,  838,    0,  876,  340,  684,  322,  873,  260,  288,  679,  806,  729, 1014,  874,  288,  549,  235,  396,  779,  898,  734,  716,  212],
        [   86,   86,  746,  696,  726,  117,  625,  691,  507,  902,  696,  778,  526,  482,  711, 1032,  520,  152,  261,  547,  985,  904,  173, 1046,  694,  469,  413,  961,  948,  613,  944,  939,  824,  919,  955, 1098,  700,  525,  876,    0,  648,  760,  896,   10,  625,  661,  551,  308,  161,  791,  456,  606, 1222,  777,  949,  101,  513,  189,  316,  821],
        [  587,  587,  296,  151,  571,  540,  320,  544,  487,  379,  470,  391,  125,  489,  373,  440,  251,  498,  394,  557,  363,  452,  490,  404,  259,  280,  302,  440,  309,  475,  359,  566,  662,  577,  356,  457,  366,  499,  340,  648,    0,  375,  249,  649,  272,  381,  339,  496,  539,  681,  541,  298,  578,  437,  310,  569,  561,  473,  411,  187],
        [  736,  736,  669,  522,  250,  646,  136,  241,  323,  186,  839,  764,  419,  343,  747,  352,  591,  623,  522,  354,  623,  146,  662,  479,  634,  300,  591,  777,  543,  227,  283,  205,  313,  948,  312,  640,  739,  318,  684,  760,  375,    0,  421,  765,  641,  750,  211,  478,  724,  349,  403,  663,  624,  811,  403,  722,  381,  576,  445,  479],
        [  835,  835,  382,  276,  667,  786,  447,  651,  659,  307,  604,  470,  373,  668,  490,  264,  464,  746,  639,  718,  206,  414,  739,  160,  380,  488,  539,  393,  123,  608,  220,  549,  733,  623,  196,  233,  488,  665,  322,  896,  249,  421,    0,  897,  434,  523,  502,  717,  787,  770,  728,  468,  330,  526,   81,  818,  732,  717,  640,  130],
        [   80,   80,  743,  694,  734,  121,  630,  699,  514,  906,  691,  774,  527,  489,  707, 1035,  517,  154,  264,  555,  984,  909,  171, 1048,  691,  474,  410,  958,  948,  620,  947,  945,  832,  913,  958, 1098,  695,  532,  873,   10,  649,  765,  897,    0,  622,  656,  556,  315,  156,  799,  464,  602, 1223,  772,  951,   96,  521,  193,  321,  821],
        [  544,  544,  123,  159,  810,  547,  564,  779,  676,  647,  198,  167,  242,  670,  118,  681,  111,  502,  436,  750,  414,  724,  453,  587,   76,  460,  215,  338,  414,  699,  610,  837,  909,  347,  599,  551,  107,  693,  260,  625,  272,  641,  434,  622,    0,  109,  557,  606,  473,  919,  707,   35,  741,  192,  513,  527,  743,  503,  516,  309],
        [  576,  576,  155,  256,  915,  598,  670,  883,  772,  752,   90,  127,  346,  764,   58,  778,  190,  554,  505,  846,  467,  831,  494,  670,  144,  559,  274,  339,  483,  801,  710,  946, 1015,  266,  697,  608,   50,  790,  288,  661,  381,  750,  523,  656,  109,    0,  660,  685,  502, 1023,  797,   91,  813,  117,  603,  561,  837,  564,  598,  395],
        [  531,  531,  621,  483,  258,  438,   79,  224,  158,  374,  744,  708,  315,  168,  673,  528,  477,  418,  323,  221,  677,  356,  465,  608,  574,  115,  444,  779,  606,  142,  445,  394,  362,  896,  466,  734,  663,  165,  679,  551,  339,  211,  502,  556,  557,  660,    0,  269,  527,  364,  229,  570,  774,  745,  516,  518,  232,  370,  236,  506],
        [  317,  317,  707,  602,  419,  213,  348,  384,  200,  641,  752,  773,  404,  175,  719,  790,  499,  217,  189,  245,  859,  622,  291,  847,  653,  231,  415,  904,  801,  307,  705,  641,  519,  948,  723,  944,  707,  218,  806,  308,  496,  478,  717,  315,  606,  685,  269,    0,  345,  488,  157,  603, 1020,  793,  750,  310,  214,  171,   91,  682],
        [   76,   76,  595,  561,  745,  146,  591,  708,  531,  841,  535,  621,  415,  509,  554,  954,  373,  129,  205,  587,  853,  862,   63,  942,  545,  425,  268,  811,  824,  623,  866,  919,  849,  758,  872,  974,  542,  551,  729,  161,  539,  724,  787,  156,  473,  502,  527,  345,    0,  826,  502,  452, 1116,  618,  847,   63,  558,  176,  308,  698],
        [  805,  805,  974,  831,  111,  700,  362,  141,  296,  510, 1108, 1065,  677,  318, 1034,  669,  840,  700,  636,  245,  970,  415,  767,  820,  931,  472,  801, 1110,  890,  225,  618,  324,   62, 1252,  649,  988, 1024,  276, 1014,  791,  681,  349,  770,  799,  919, 1023,  364,  488,  826,    0,  336,  932,  951, 1104,  751,  797,  279,  651,  521,  817],
        [  473,  473,  793,  671,  280,  368,  297,  248,   81,  585,  872,  870,  479,   62,  823,  746,  607,  373,  330,   92,  895,  541,  446,  836,  742,  263,  538,  974,  828,  190,  667,  531,  371, 1053,  690,  960,  812,   89,  874,  456,  541,  403,  728,  464,  707,  797,  229,  157,  502,  336,    0,  710, 1001,  898,  744,  466,   58,  326,  214,  720],
        [  523,  523,  148,  193,  824,  533,  580,  792,  683,  675,  178,  176,  256,  675,  116,  713,  104,  488,  428,  757,  446,  749,  435,  621,  107,  469,  201,  361,  447,  711,  641,  861,  925,  346,  630,  584,  104,  700,  288,  606,  298,  663,  468,  602,   35,   91,  570,  603,  452,  932,  710,    0,  775,  190,  546,  507,  748,  492,  514,  343],
        [ 1164, 1164,  659,  590,  866, 1110,  704,  862,  924,  444,  882,  729,  703,  939,  768,  283,  787, 1071,  963,  969,  360,  537, 1068,  176,  675,  790,  868,  568,  330,  846,  341,  652,  899,  833,  314,  229,  770,  925,  549, 1222,  578,  624,  330, 1223,  741,  813,  774, 1020, 1116,  951, 1001,  775,    0,  783,  274, 1146,  992, 1040,  950,  437],
        [  692,  692,  149,  292,  995,  714,  746,  965,  867,  788,  116,   57,  431,  861,   75,  789,  294,  670,  617,  941,  425,  876,  610,  658,  178,  650,  387,  255,  461,  886,  731,  998, 1092,  156,  714,  565,   87,  884,  235,  777,  437,  811,  526,  772,  192,  117,  745,  793,  618, 1104,  898,  190,  783,    0,  605,  677,  934,  678,  704,  399],
        [  892,  892,  462,  354,  652,  837,  453,  641,  671,  260,  684,  549,  434,  683,  570,  188,  538,  798,  689,  724,  256,  370,  797,   98,  460,  520,  607,  460,  177,  608,  159,  504,  709,  698,  130,  238,  568,  675,  396,  949,  310,  403,   81,  951,  513,  603,  516,  750,  847,  751,  744,  546,  274,  605,    0,  874,  743,  766,  678,  210],
        [   19,   19,  648,  604,  721,   99,  587,  685,  503,  849,  597,  678,  445,  480,  612,  970,  423,  101,  202,  554,  895,  862,   80,  971,  597,  423,  316,  864,  862,  602,  882,  911,  824,  819,  891, 1012,  600,  523,  779,  101,  569,  722,  818,   96,  527,  561,  518,  310,   63,  797,  466,  507, 1146,  677,  874,    0,  524,  151,  289,  735],
        [  530,  530,  824,  697,  229,  426,  290,  200,   75,  566,  914,  904,  509,   74,  860,  730,  647,  430,  383,   37,  907,  513,  502,  832,  774,  289,  583,  998,  837,  157,  654,  491,  316, 1089,  679,  965,  849,   68,  898,  513,  561,  381,  732,  521,  743,  837,  232,  214,  558,  279,   58,  748,  992,  934,  743,  524,    0,  383,  265,  734],
        [  163,  163,  617,  541,  572,   73,  441,  535,  356,  713,  620,  667,  356,  334,  606,  844,  392,   50,   79,  411,  823,  719,  121,  864,  563,  282,  291,  827,  779,  452,  755,  762,  676,  830,  767,  928,  594,  376,  734,  189,  473,  576,  717,  193,  503,  564,  370,  171,  176,  651,  326,  492, 1040,  678,  766,  151,  383,    0,  138,  653],
        [  300,  300,  616,  513,  437,  203,  310,  400,  225,  594,  667,  683,  315,  206,  630,  734,  410,  188,  118,  288,  773,  589,  248,  776,  563,  164,  330,  814,  719,  315,  647,  626,  542,  860,  662,  863,  618,  246,  716,  316,  411,  445,  640,  321,  516,  598,  236,   91,  308,  521,  214,  514,  950,  704,  678,  289,  265,  138,    0,  597],
        [  754,  754,  253,  154,  709,  717,  468,  688,  660,  405,  475,  344,  298,  665,  361,  391,  352,  674,  574,  726,  177,  505,  656,  279,  251,  463,  438,  299,  127,  630,  335,  636,  788,  504,  316,  277,  359,  670,  212,  821,  187,  479,  130,  821,  309,  395,  506,  682,  698,  817,  720,  343,  437,  399,  210,  735,  734,  653,  597,    0]
    ]
}
