{
    "name": "random-42-27439",
    "comment": "size=42 seed=27439",
    "nodes": ["+0", "-0", "+1", "-1", "+2", "-2", "+3", "-3", "+4", "-4", "+5", "-5", "+6", "-6", "+7", "-7", "+8", "-8", "+9", "-9", "+10", "-10", "+11", "-11", "+12", "-12", "+13", "-13", "+14", "-14", "+15", "-15", "+16", "-16", "+17", "-17", "+18", "-18", "+19", "-19", "+20", "-20", "+21", "-21", "+22", "-22", "+23", "-23", "+24", "-24", "+25", "-25", "+26", "-26", "+27", "-27", "+28", "-28", "+29", "-29", "+30", "-30", "+31", "-31", "+32", "-32", "+33", "-33", "+34", "-34", "+35", "-35", "+36", "-36", "+37", "-37", "+38", "-38", "+39", "-39", "+40", "-40", "+41", "-41", "+42", "-42"],
    "precedence": {
        "+0": "-0",
        "+1": "-1",
        "+2": "-2",
        "+3": "-3",
        "+4": "-4",
        "+5": "-5",
        "+6": "-6",
        "+7": "-7",
        "+8": "-8",
        "+9": "-9",
        "+10": "-10",
        "+11": "-11",
        "+12": "-12",
        "+13": "-13",
        "+14": "-14",
        "+15": "-15",
        "+16": "-16",
        "+17": "-17",
        "+18": "-18",
        "+19": "-19",
        "+20": "-20",
        "+21": "-21",
        "+22": "-22",
        "+23": "-23",
        "+24": "-24",
        "+25": "-25",
        "+26": "-26",
        "+27": "-27",
        "+28": "-28",
        "+29": "-29",
        "+30": "-30",
        "+31": "-31",
        "+32": "-32",
        "+33": "-33",
        "+34": "-34",
        "+35": "-35",
        "+36": "-36",
        "+37": "-37",
        "+38": "-38",
        "+39": "-39",
        "+40": "-40",
        "+41": "-41",
        "+42": "-42"
    },
    "edges": [
        [    0,    0,  162,  493,  606,  185,  236,  519,  319,  224,  396,  535,  171,  341,  172,  822,  695,  317,  649,  605,  614,  135,  687,  713,  260,  110,  547,  597,  389,  829,  682,  341,  339,  501,  719,   64,  542,  463,  493,  425,  260,  451,  213,  289,  389,  718,  267,  164,  599,  534,  665,  508,  827,  470,  580,  626,  409,  721,  426,  615,  267,  494,  752,  469,  474,  746,  168,  456,  280,  521,  446,  838,  248,  361,  160,  718,  557,  509,  636,  407,  290,  387,  573,  529,  727,  395],
        [    0,    0,    0,    0,    0,    0,    0,    0,    0,    0,    0,    0,    0,    0,    0,    0,    0,    0,    0,    0,    0,    0,    0,    0,    0,    0,    0,    0,    0,    0,    0,    0,    0,    0,    0,    0,    0,    0,    0,    0,    0,    0,    0,    0,    0,    0,    0,    0,    0,    0,    0,    0,    0,    0,    0,    0,    0,    0,    0,    0,    0,    0,    0,    0,    0,    0,    0,    0,    0,    0,    0,    0,    0,    0,    0,    0,    0,    0,    0,    0,    0,    0,    0,    0,    0,    0],
        [  162,    0,    0,  592,  533,  160,  155,  378,  470,  193,  235,  378,   34,  481,  209,  778,  658,  371,  745,  669,  713,  293,  709,  552,  333,   73,  386,  518,  291,  747,  781,  217,  422,  505,  643,  100,  617,  427,  353,  417,  104,  290,  112,  444,  252,  832,  266,   79,  553,  510,  747,  642,  802,  310,  606,  470,  248,  607,  407,  685,  286,  334,  762,  308,  448,  679,  329,  428,  281,  419,  473,  810,  185,  354,  306,  819,  604,  595,  503,  438,  320,  262,  681,  574,  607,  238],
        [  493,    0,  592,    0,  593,  452,  720,  757,  294,  716,  789,  936,  572,  231,  386,  645,  537,  770,  157,  172,  122,  407,  351, 1060,  261,  521,  905,  609,  562,  776,  191,  602,  756,  326,  675,  517,  102,  431,  731,  351,  639,  832,  536,  335,  660,  248,  374,  526,  513,  418,  180,  185,  591,  849,  280,  907,  785,  801,  383,  161,  750,  884,  433,  840,  405,  667,  415,  410,  365,  632,  257,  609,  737,  354,  532,  228,  203,   52,  807,  253,  308,  625,   97,  203,  829,  730],
        [  606,    0,  533,  593,    0,  422,  675,  325,  728,  725,  536,  630,  500,  688,  451,  267,  183,  899,  672,  518,  665,  661,  399,  642,  463,  519,  548,   30,  246,  225,  712,  336,  938,  270,  113,  562,  528,  175,  316,  255,  473,  539,  423,  737,  343,  805,  357,  468,  100,  179,  627,  760,  326,  545,  363,  456,  509,  216,  228,  548,  818,  582,  392,  529,  192,  146,  700,  194,  349,  151,  337,  327,  708,  288,  757,  744,  431,  553,  280,  350,  379,  305,  678,  412,  249,  436],
        [  185,    0,  160,  452,  422,    0,  312,  373,  398,  339,  339,  486,  131,  389,   73,  645,  520,  486,  600,  514,  570,  264,  551,  628,  192,  110,  465,  413,  212,  645,  639,  189,  519,  349,  534,  144,  465,  286,  345,  263,  188,  384,   86,  386,  247,  698,  107,   82,  420,  363,  597,  532,  658,  402,  448,  503,  337,  544,  257,  531,  417,  436,  606,  395,  302,  563,  305,  283,  122,  342,  314,  668,  339,  199,  340,  676,  446,  448,  474,  279,  162,  230,  545,  415,  553,  292],
        [  236,    0,  155,  720,  675,  312,    0,  468,  550,   70,  248,  350,  187,  576,  351,  927,  809,  269,  876,  813,  842,  363,  862,  551,  470,  210,  397,  657,  429,  881,  911,  344,  338,  659,  781,  204,  757,  580,  449,  572,  206,  300,  263,  515,  359,  952,  419,  233,  702,  663,  885,  743,  954,  317,  759,  520,  276,  722,  561,  827,  170,  325,  916,  323,  602,  820,  387,  581,  434,  549,  624,  962,   34,  508,  316,  947,  753,  730,  601,  588,  469,  383,  805,  723,  715,  306],
        [  519,    0,  378,  757,  325,  373,  468,    0,  769,  533,  253,  312,  355,  754,  440,  585,  505,  731,  880,  748,  860,  629,  685,  329,  530,  410,  225,  296,  196,  464,  921,  184,  792,  498,  393,  457,  729,  367,   28,  427,  278,  235,  310,  758,  131, 1000,  396,  357,  406,  436,  853,  880,  650,  235,  616,  153,  221,  268,  396,  774,  636,  268,  699,  219,  400,  444,  670,  384,  400,  178,  526,  650,  501,  405,  676,  957,  660,  734,  134,  513,  457,  144,  853,  632,  254,  165],
        [  319,    0,  470,  294,  728,  398,  550,  769,    0,  521,  703,  848,  468,   63,  329,  862,  739,  516,  426,  460,  387,  188,  617, 1014,  266,  402,  847,  732,  591,  944,  446,  586,  486,  509,  832,  372,  386,  554,  741,  479,  556,  756,  473,   46,  645,  449,  391,  438,  677,  585,  468,  211,  831,  776,  522,  900,  712,  903,  501,  454,  522,  803,  697,  772,  544,  841,  169,  537,  394,  705,  430,  847,  555,  441,  278,  475,  461,  337,  860,  400,  351,  625,  333,  446,  921,  681],
        [  224,    0,  193,  716,  725,  339,   70,  533,  521,    0,  317,  415,  227,  553,  365,  970,  850,  200,  872,  822,  837,  336,  885,  617,  476,  230,  465,  708,  481,  935,  905,  399,  269,  686,  833,  210,  761,  618,  513,  601,  264,  369,  304,  483,  420,  940,  444,  267,  745,  699,  886,  722,  993,  386,  780,  589,  345,  783,  594,  833,  103,  393,  943,  392,  637,  870,  354,  617,  459,  604,  644, 1001,   46,  537,  268,  941,  767,  731,  665,  607,  487,  441,  796,  737,  778,  373],
        [  396,    0,  235,  789,  536,  339,  248,  253,  703,  317,    0,  148,  236,  710,  408,  802,  702,  515,  934,  833,  906,  528,  826,  319,  530,  302,  155,  511,  312,  709,  974,  224,  585,  619,  625,  335,  793,  504,  243,  532,  153,   56,  254,  679,  195, 1035,  422,  272,  594,  588,  925,  864,  852,   76,  735,  274,   33,  520,  508,  855,  416,  100,  860,   78,  535,  673,  563,  514,  434,  389,  615,  855,  276,  482,  528, 1011,  755,  782,  383,  588,  488,  236,  883,  725,  506,  101],
        [  535,    0,  378,  936,  630,  486,  350,  312,  848,  415,  148,    0,  382,  856,  556,  895,  807,  601, 1080,  974, 1052,  669,  954,  205,  678,  447,   98,  603,  433,  773, 1119,  354,  677,  750,  705,  477,  937,  629,  315,  665,  301,  107,  401,  821,  311, 1183,  566,  420,  701,  710, 1069, 1012,  955,   93,  869,  252,  152,  566,  640,  996,  504,   54,  981,  106,  661,  755,  702,  641,  578,  480,  753,  956,  370,  620,  655, 1157,  894,  928,  420,  728,  633,  354, 1030,  863,  542,  218],
        [  171,    0,   34,  572,  500,  131,  187,  355,  468,  227,  236,  382,    0,  474,  187,  745,  625,  403,  724,  644,  693,  297,  679,  548,  312,   67,  382,  485,  259,  714,  762,  188,  451,  473,  610,  107,  593,  394,  330,  386,   91,  289,   78,  445,  227,  815,  237,   50,  519,  476,  725,  632,  769,  308,  577,  456,  245,  578,  374,  661,  318,  336,  730,  305,  415,  645,  334,  395,  252,  388,  444,  777,  218,  323,  323,  799,  577,  574,  478,  409,  293,  234,  664,  546,  579,  224],
        [  341,    0,  481,  231,  688,  389,  576,  754,   63,  553,  710,  856,  474,    0,  317,  810,  689,  566,  366,  397,  327,  218,  557, 1014,  234,  410,  849,  695,  570,  900,  388,  575,  540,  459,  790,  387,  324,  514,  726,  436,  559,  761,  469,  105,  634,  398,  365,  439,  632,  539,  407,  169,  775,  780,  464,  891,  715,  871,  461,  391,  563,  809,  638,  775,  501,  796,  210,  496,  366,  677,  379,  791,  584,  404,  325,  418,  401,  274,  837,  351,  318,  611,  274,  387,  891,  678],
        [  172,    0,  209,  386,  451,   73,  351,  440,  329,  365,  408,  556,  187,  317,    0,  653,  526,  488,  538,  463,  506,  213,  522,  701,  126,  142,  537,  446,  268,  675,  575,  259,  510,  330,  563,  156,  409,  296,  412,  253,  256,  455,  157,  321,  318,  630,   98,  141,  433,  363,  539,  460,  656,  474,  416,  574,  409,  593,  256,  478,  430,  506,  584,  467,  304,  586,  253,  288,  110,  391,  281,  667,  375,  190,  310,  612,  403,  387,  535,  243,  123,  297,  478,  373,  606,  364],
        [  822,    0,  778,  645,  267,  645,  927,  585,  862,  970,  802,  895,  745,  810,  653,    0,  128, 1131,  663,  508,  671,  845,  323,  887,  620,  751,  809,  293,  504,  211,  695,  596, 1160,  354,  202,  788,  551,  359,  580,  405,  731,  805,  667,  884,  609,  794,  556,  706,  226,  292,  601,  829,   98,  810,  366,  703,  775,  393,  397,  536, 1058,  847,  263,  795,  349,  150,  880,  366,  543,  417,  433,   86,  959,  464,  959,  718,  444,  594,  513,  465,  549,  570,  704,  443,  431,  702],
        [  695,    0,  658,  537,  183,  520,  809,  505,  739,  850,  702,  807,  625,  689,  526,  128,    0, 1006,  577,  418,  579,  718,  255,  824,  493,  628,  727,  212,  395,  250,  612,  488, 1034,  231,  177,  664,  451,  235,  495,  277,  618,  711,  547,  760,  508,  710,  429,  584,  110,  164,  520,  719,  150,  719,  264,  638,  678,  366,  270,  447,  935,  757,  224,  704,  222,  145,  753,  239,  416,  329,  311,  155,  841,  337,  832,  639,  343,  489,  459,  340,  422,  466,  606,  336,  404,  603],
        [  317,    0,  371,  770,  899,  486,  269,  731,  516,  200,  515,  601,  403,  566,  488, 1131, 1006,    0,  922,  904,  884,  364, 1001,  805,  570,  381,  660,  885,  661, 1116,  949,  587,   80,  817, 1010,  343,  836,  772,  710,  740,  457,  565,  477,  471,  615,  963,  580,  431,  906,  847,  949,  727, 1141,  581,  894,  788,  544,  975,  739,  910,  100,  584, 1068,  589,  786, 1043,  359,  767,  595,  790,  762, 1152,  239,  676,  242,  981,  866,  797,  863,  723,  607,  631,  835,  839,  973,  572],
        [  649,    0,  745,  157,  672,  600,  876,  880,  426,  872,  934, 1080,  724,  366,  538,  663,  577,  922,    0,  159,   39,  560,  342, 1193,  413,  675, 1043,  693,  686,  825,   42,  738,  903,  406,  736,  672,  152,  529,  855,  456,  787,  975,  683,  471,  794,  134,  514,  677,  581,  494,   68,  252,  591,  991,  316, 1032,  928,  887,  489,  130,  904, 1028,  415,  982,  499,  717,  564,  509,  504,  739,  356,  609,  893,  477,  681,   78,  243,  153,  913,  367,  448,  756,   96,  262,  918,  870],
        [  605,    0,  669,  172,  518,  514,  813,  748,  460,  822,  833,  974,  644,  397,  463,  508,  418,  904,  159,    0,  164,  544,  192, 1069,  347,  605,  927,  540,  560,  667,  197,  623,  899,  257,  578,  613,   74,  387,  725,  321,  693,  868,  590,  498,  675,  293,  415,  595,  425,  342,  110,  346,  441,  883,  158,  901,  823,  733,  352,   31,  870,  921,  272,  872,  355,  559,  561,  367,  402,  596,  224,  459,  835,  356,  673,  227,   90,  124,  769,  247,  352,  634,  201,  116,  766,  759],
        [  614,    0,  713,  122,  665,  570,  842,  860,  387,  837,  906, 1052,  693,  327,  506,  671,  579,  884,   39,  164,    0,  522,  353, 1170,  381,  642, 1018,  684,  666,  826,   69,  713,  864,  396,  733,  638,  138,  516,  835,  440,  758,  948,  654,  432,  770,  142,  488,  646,  576,  486,   95,  217,  603,  965,  316, 1012,  901,  878,  473,  136,  867, 1000,  429,  955,  487,  717,  526,  495,  478,  724,  341,  621,  858,  456,  643,  107,  239,  127,  899,  347,  421,  733,   58,  254,  909,  844],
        [  135,    0,  293,  407,  661,  264,  363,  629,  188,  336,  528,  669,  297,  218,  213,  845,  718,  364,  560,  544,  522,    0,  660,  844,  232,  231,  678,  658,  474,  885,  588,  446,  356,  501,  772,  194,  475,  499,  602,  441,  387,  583,  321,  154,  500,  611,  304,  277,  634,  554,  586,  387,  835,  602,  555,  747,  540,  804,  452,  548,  348,  627,  734,  601,  500,  792,   42,  487,  313,  602,  432,  848,  369,  385,  130,  621,  515,  434,  736,  394,  297,  490,  475,  491,  815,  519],
        [  687,    0,  709,  351,  399,  551,  862,  685,  617,  885,  826,  954,  679,  557,  522,  323,  255, 1001,  342,  192,  353,  660,    0, 1014,  434,  656,  890,  426,  522,  502,  373,  603, 1010,  209,  429,  678,  250,  326,  668,  298,  705,  850,  611,  649,  644,  471,  444,  630,  300,  250,  279,  533,  250,  862,  107,  833,  808,  608,  318,  217,  951,  901,   83,  849,  294,  399,  685,  314,  429,  514,  242,  268,  889,  357,  788,  395,  156,  299,  674,  280,  400,  600,  393,  173,  644,  737],
        [  713,    0,  552, 1060,  642,  628,  551,  329, 1014,  617,  319,  205,  548, 1014,  701,  887,  824,  805, 1193, 1069, 1170,  844, 1014,    0,  813,  615,  167,  612,  510,  727, 1234,  458,  881,  824,  687,  652, 1044,  693,  348,  749,  459,  264,  545,  992,  400, 1307,  687,  577,  730,  764, 1172, 1160,  963,  244,  943,  186,  305,  511,  719, 1095,  708,  227, 1025,  245,  727,  739,  880,  710,  695,  503,  846,  960,  573,  718,  846, 1271,  983, 1043,  375,  828,  753,  438, 1156,  954,  478,  337],
        [  260,    0,  333,  261,  463,  192,  470,  530,  266,  476,  530,  678,  312,  234,  126,  620,  493,  570,  413,  347,  381,  232,  434,  813,    0,  264,  653,  467,  340,  681,  450,  359,  577,  270,  569,  268,  287,  290,  503,  220,  379,  575,  277,  276,  418,  506,  135,  266,  419,  332,  416,  351,  604,  593,  327,  674,  528,  639,  238,  359,  527,  627,  504,  585,  283,  581,  263,  274,  134,  444,  200,  618,  490,  175,  356,  487,  297,  263,  606,  162,   86,  389,  354,  270,  658,  478],
        [  110,    0,   73,  521,  519,  110,  210,  410,  402,  230,  302,  447,   67,  410,  142,  751,  628,  381,  675,  605,  642,  231,  656,  615,  264,    0,  448,  508,  289,  739,  711,  234,  420,  457,  631,   48,  550,  394,  384,  372,  157,  355,  107,  379,  281,  760,  214,   57,  526,  472,  680,  570,  767,  374,  552,  519,  311,  618,  366,  620,  308,  402,  714,  371,  411,  663,  269,  391,  229,  422,  417,  777,  234,  308,  267,  748,  544,  526,  528,  380,  260,  280,  610,  514,  623,  289],
        [  547,    0,  386,  905,  548,  465,  397,  225,  847,  465,  155,   98,  382,  849,  537,  809,  727,  660, 1043,  927, 1018,  678,  890,  167,  653,  448,    0,  520,  372,  679, 1083,  306,  732,  692,  616,  485,  896,  565,  232,  611,  292,   99,  381,  826,  253, 1152,  531,  410,  625,  643, 1026,  997,  873,   81,  811,  155,  138,  470,  583,  951,  561,   79,  912,   78,  598,  667,  714,  579,  540,  399,  703,  874,  422,  572,  682, 1121,  843,  891,  324,  682,  598,  294, 1000,  814,  445,  175],
        [  597,    0,  518,  609,   30,  413,  657,  296,  732,  708,  511,  603,  485,  695,  446,  293,  212,  885,  693,  540,  684,  658,  426,  612,  467,  508,  520,    0,  229,  233,  733,  316,  927,  288,  125,  551,  547,  184,  289,  265,  454,  513,  409,  740,  320,  825,  355,  455,  127,  199,  649,  772,  355,  518,  386,  427,  484,  195,  237,  570,  803,  555,  421,  503,  204,  165,  697,  203,  348,  124,  352,  355,  691,  292,  751,  765,  452,  570,  251,  362,  382,  283,  695,  432,  226,  411],
        [  389,    0,  291,  562,  246,  212,  429,  196,  591,  481,  312,  433,  259,  570,  268,  504,  395,  661,  686,  560,  666,  474,  522,  510,  340,  289,  372,  229,    0,  456,  727,   93,  706,  321,  353,  336,  536,  196,  170,  240,  228,  330,  186,  586,  123,  805,  205,  234,  286,  279,  663,  687,  545,  341,  440,  347,  290,  333,  212,  586,  576,  380,  551,  327,  229,  392,  515,  209,  208,  133,  337,  550,  463,  211,  548,  764,  474,  539,  269,  320,  263,   79,  657,  445,  342,  217],
        [  829,    0,  747,  776,  225,  645,  881,  464,  944,  935,  709,  773,  714,  900,  675,  211,  250, 1116,  825,  667,  826,  885,  502,  727,  681,  739,  679,  233,  456,    0,  862,  537, 1158,  453,  113,  783,  695,  392,  468,  465,  676,  698,  640,  956,  529,  959,  581,  686,  269,  365,  770,  953,  307,  699,  511,  550,  678,  217,  443,  696, 1031,  731,  458,  683,  400,  110,  924,  408,  572,  333,  530,  296,  914,  507,  982,  889,  589,  730,  359,  551,  599,  499,  850,  578,  251,  610],
        [  682,    0,  781,  191,  712,  639,  911,  921,  446,  905,  974, 1119,  762,  388,  575,  695,  612,  949,   42,  197,   69,  588,  373, 1234,  450,  711, 1083,  733,  727,  862,    0,  778,  927,  446,  774,  707,  193,  570,  896,  497,  826, 1014,  722,  491,  834,   99,  554,  715,  620,  534,   95,  259,  621, 1031,  354, 1073,  968,  927,  530,  167,  934, 1067,  443, 1022,  540,  754,  591,  550,  544,  780,  397,  639,  927,  517,  708,   38,  282,  192,  954,  408,  487,  797,  115,  302,  958,  910],
        [  341,    0,  217,  602,  336,  189,  344,  184,  586,  399,  224,  354,  188,  575,  259,  596,  488,  587,  738,  623,  713,  446,  603,  458,  359,  234,  306,  316,   93,  537,  778,    0,  638,  397,  438,  281,  591,  281,  157,  312,  139,  249,  129,  575,   61,  849,  229,  178,  378,  366,  721,  709,  637,  262,  515,  317,  206,  390,  287,  646,  498,  301,  637,  250,  312,  480,  487,  291,  237,  206,  400,  642,  378,  268,  500,  816,  541,  587,  295,  378,  295,   46,  698,  511,  392,  137],
        [  339,    0,  422,  756,  938,  519,  338,  792,  486,  269,  585,  677,  451,  540,  510, 1160, 1034,   80,  903,  899,  864,  356, 1010,  881,  577,  420,  732,  927,  706, 1158,  927,  638,    0,  835, 1050,  377,  829,  801,  769,  762,  515,  637,  521,  440,  671,  934,  605,  473,  937,  872,  936,  694, 1164,  653,  903,  857,  613, 1028,  765,  903,  174,  658, 1080,  660,  812, 1081,  341,  795,  619,  837,  774, 1176,  311,  699,  227,  958,  868,  787,  921,  735,  624,  683,  813,  843, 1028,  636],
        [  501,    0,  505,  326,  270,  349,  659,  498,  509,  686,  619,  750,  473,  459,  330,  354,  231,  817,  406,  257,  396,  501,  209,  824,  270,  457,  692,  288,  321,  453,  446,  397,  835,    0,  349,  483,  259,  132,  477,   90,  497,  645,  403,  530,  442,  537,  243,  426,  187,   92,  366,  501,  335,  658,  120,  650,  603,  483,  111,  286,  759,  697,  258,  645,   99,  345,  532,  115,  228,  340,   81,  349,  687,  151,  621,  480,  168,  284,  513,  111,  212,  398,  409,  145,  513,  533],
        [  719,    0,  643,  675,  113,  534,  781,  393,  832,  833,  625,  705,  610,  790,  563,  202,  177, 1010,  736,  578,  733,  772,  429,  687,  569,  631,  616,  125,  353,  113,  774,  438, 1050,  349,    0,  674,  599,  280,  392,  354,  577,  622,  534,  844,  438,  870,  469,  579,  163,  259,  685,  849,  285,  625,  420,  503,  596,  196,  331,  608,  928,  660,  400,  609,  289,   53,  811,  296,  460,  239,  425,  279,  815,  395,  870,  804,  495,  631,  312,  443,  486,  404,  753,  482,  235,  525],
        [   64,    0,  100,  517,  562,  144,  204,  457,  372,  210,  335,  477,  107,  387,  156,  788,  664,  343,  672,  613,  638,  194,  678,  652,  268,   48,  485,  551,  336,  783,  707,  281,  377,  483,  674,    0,  554,  430,  431,  401,  197,  390,  154,  345,  327,  751,  241,  104,  564,  505,  682,  550,  800,  409,  572,  562,  347,  665,  398,  626,  277,  434,  738,  408,  444,  705,  229,  425,  256,  468,  436,  811,  223,  336,  220,  744,  557,  527,  576,  399,  278,  327,  602,  528,  670,  331],
        [  542,    0,  617,  102,  528,  465,  757,  729,  386,  761,  793,  937,  593,  324,  409,  551,  451,  836,  152,   74,  138,  475,  250, 1044,  287,  550,  896,  547,  536,  695,  193,  591,  829,  259,  599,  554,    0,  379,  705,  305,  649,  832,  545,  425,  646,  279,  372,  545,  440,  349,  133,  284,  493,  848,  188,  882,  785,  741,  338,   74,  806,  884,  332,  837,  350,  586,  489,  359,  360,  588,  205,  511,  777,  327,  603,  229,  109,   51,  763,  216,  307,  607,  156,  118,  771,  725],
        [  463,    0,  427,  431,  175,  286,  580,  367,  554,  618,  504,  629,  394,  514,  296,  359,  235,  772,  529,  387,  516,  499,  326,  693,  290,  394,  565,  184,  196,  392,  570,  281,  801,  132,  280,  430,  379,    0,  346,   82,  398,  525,  317,  565,  319,  658,  199,  352,  138,   86,  494,  589,  376,  537,  250,  518,  485,  372,   54,  415,  701,  576,  356,  523,   34,  294,  536,   21,  188,  210,  176,  384,  611,  116,  605,  605,  297,  396,  385,  180,  208,  275,  521,  272,  399,  413],
        [  493,    0,  353,  731,  316,  345,  449,   28,  741,  513,  243,  315,  330,  726,  412,  580,  495,  710,  855,  725,  835,  602,  668,  348,  503,  384,  232,  289,  170,  468,  896,  157,  769,  477,  392,  431,  705,  346,    0,  404,  255,  231,  283,  730,  104,  975,  369,  330,  394,  418,  830,  853,  642,  233,  596,  177,  211,  280,  374,  752,  615,  269,  684,  218,  380,  441,  643,  363,  373,  167,  503,  643,  482,  380,  650,  933,  638,  709,  153,  489,  430,  116,  827,  610,  269,  149],
        [  425,    0,  417,  351,  255,  263,  572,  427,  479,  601,  532,  665,  386,  436,  253,  405,  277,  740,  456,  321,  440,  441,  298,  749,  220,  372,  611,  265,  240,  465,  497,  312,  762,   90,  354,  401,  305,   82,  404,    0,  408,  560,  315,  493,  359,  582,  161,  339,  199,  114,  426,  508,  403,  573,  204,  580,  517,  453,   33,  348,  677,  612,  345,  561,   65,  362,  476,   62,  146,  284,  101,  414,  601,   65,  556,  533,  235,  318,  459,   99,  145,  317,  442,  206,  479,  448],
        [  260,    0,  104,  639,  473,  188,  206,  278,  556,  264,  153,  301,   91,  559,  256,  731,  618,  457,  787,  693,  758,  387,  705,  459,  379,  157,  292,  454,  228,  676,  826,  139,  515,  497,  577,  197,  649,  398,  255,  408,    0,  202,  105,  534,  158,  885,  279,  120,  509,  483,  781,  712,  766,  221,  608,  368,  157,  520,  390,  713,  365,  252,  749,  217,  424,  618,  425,  403,  292,  344,  481,  772,  240,  351,  409,  863,  619,  635,  407,  450,  343,  178,  733,  589,  516,  135],
        [  451,    0,  290,  832,  539,  384,  300,  235,  756,  369,   56,  107,  289,  761,  455,  805,  711,  565,  975,  868,  948,  583,  850,  264,  575,  355,   99,  513,  330,  698, 1014,  249,  637,  645,  622,  390,  832,  525,  231,  560,  202,    0,  299,  733,  208, 1079,  461,  322,  605,  608,  963,  913,  860,   20,  763,  229,   47,  501,  535,  890,  466,   53,  880,   25,  557,  670,  618,  537,  472,  389,  647,  863,  327,  514,  584, 1052,  788,  823,  359,  622,  528,  252,  927,  757,  483,  113],
        [  213,    0,  112,  536,  423,   86,  263,  310,  473,  304,  254,  401,   78,  469,  157,  667,  547,  477,  683,  590,  654,  321,  611,  545,  277,  107,  381,  409,  186,  640,  722,  129,  521,  403,  534,  154,  545,  317,  283,  315,  105,  299,    0,  457,  180,  782,  176,   50,  441,  401,  677,  616,  692,  317,  511,  429,  252,  512,  301,  609,  395,  351,  659,  310,  340,  569,  361,  319,  190,  317,  381,  700,  294,  255,  372,  759,  518,  531,  423,  349,  239,  174,  630,  487,  516,  210],
        [  289,    0,  444,  335,  737,  386,  515,  758,   46,  483,  679,  821,  445,  105,  321,  884,  760,  471,  471,  498,  432,  154,  649,  992,  276,  379,  826,  740,  586,  956,  491,  575,  440,  530,  844,  345,  425,  565,  730,  493,  534,  733,  457,    0,  632,  495,  392,  419,  692,  602,  512,  256,  857,  752,  552,  885,  689,  905,  513,  494,  479,  778,  729,  749,  557,  855,  130,  549,  396,  705,  452,  872,  518,  450,  234,  521,  494,  376,  854,  420,  359,  615,  378,  477,  921,  662],
        [  389,    0,  252,  660,  343,  247,  359,  131,  645,  420,  195,  311,  227,  634,  318,  609,  508,  615,  794,  675,  770,  500,  644,  400,  418,  281,  253,  320,  123,  529,  834,   61,  671,  442,  438,  327,  646,  319,  104,  359,  158,  208,  180,  632,    0,  907,  288,  227,  400,  400,  775,  769,  658,  219,  561,  257,  171,  363,  332,  699,  522,  258,  672,  205,  351,  483,  541,  331,  296,  200,  451,  661,  393,  321,  547,  872,  591,  644,  252,  431,  354,   44,  757,  562,  359,   96],
        [  718,    0,  832,  248,  805,  698,  952, 1000,  449,  940, 1035, 1183,  815,  398,  630,  794,  710,  963,  134,  293,  142,  611,  471, 1307,  506,  760, 1152,  825,  805,  959,   99,  849,  934,  537,  870,  751,  279,  658,  975,  582,  885, 1079,  782,  495,  907,    0,  622,  770,  714,  626,  193,  242,  719, 1096,  450, 1151, 1032, 1019,  614,  263,  959, 1131,  541, 1088,  628,  851,  607,  637,  613,  865,  482,  737,  966,  595,  723,   82,  376,  266, 1040,  488,  555,  871,  153,  394, 1050,  978],
        [  267,    0,  266,  374,  357,  107,  419,  396,  391,  444,  422,  566,  237,  365,   98,  556,  429,  580,  514,  415,  488,  304,  444,  687,  135,  214,  531,  355,  205,  581,  554,  229,  605,  243,  469,  241,  372,  199,  369,  161,  279,  461,  176,  392,  288,  622,    0,  188,  336,  268,  504,  484,  561,  478,  341,  541,  415,  514,  160,  435,  517,  514,  500,  468,  208,  490,  343,  191,   16,  315,  208,  572,  446,   96,  406,  592,  343,  362,  472,  174,   68,  257,  470,  312,  531,  357],
        [  164,    0,   79,  526,  468,   82,  233,  357,  438,  267,  272,  420,   50,  439,  141,  706,  584,  431,  677,  595,  646,  277,  630,  577,  266,   57,  410,  455,  234,  686,  715,  178,  473,  426,  579,  104,  545,  352,  330,  339,  120,  322,   50,  419,  227,  770,  188,    0,  480,  433,  676,  592,  727,  341,  528,  470,  276,  562,  329,  612,  353,  372,  683,  336,  371,  613,  317,  351,  203,  366,  395,  735,  262,  276,  323,  752,  527,  526,  473,  360,  243,  224,  618,  497,  566,  244],
        [  599,    0,  553,  513,  100,  420,  702,  406,  677,  745,  594,  701,  519,  632,  433,  226,  110,  906,  581,  425,  576,  634,  300,  730,  419,  526,  625,  127,  286,  269,  620,  378,  937,  187,  163,  564,  440,  138,  394,  199,  509,  605,  441,  692,  400,  714,  336,  480,    0,   97,  533,  687,  259,  613,  268,  546,  570,  312,  183,  455,  832,  651,  297,  598,  136,  164,  671,  148,  324,  229,  263,  264,  734,  250,  742,  651,  339,  470,  377,  283,  340,  358,  593,  323,  347,  496],
        [  534,    0,  510,  418,  179,  363,  663,  436,  585,  699,  588,  710,  476,  539,  363,  292,  164,  847,  494,  342,  486,  554,  250,  764,  332,  472,  643,  199,  279,  365,  534,  366,  872,   92,  259,  505,  349,   86,  418,  114,  483,  608,  401,  602,  400,  626,  268,  433,   97,    0,  451,  591,  296,  618,  190,  585,  568,  393,  108,  371,  780,  657,  273,  605,   62,  258,  590,   82,  254,  267,  167,  306,  694,  174,  668,  567,  253,  376,  434,  188,  258,  357,  500,  233,  425,  495],
        [  665,    0,  747,  180,  627,  597,  885,  853,  468,  886,  925, 1069,  725,  407,  539,  601,  520,  949,   68,  110,   95,  586,  279, 1172,  416,  680, 1026,  649,  663,  770,   95,  721,  936,  366,  685,  682,  133,  494,  830,  426,  781,  963,  677,  512,  775,  193,  504,  676,  533,  451,    0,  311,  527,  979,  266, 1006,  917,  842,  458,   80,  926, 1016,  350,  968,  463,  663,  595,  475,  492,  704,  327,  545,  904,  455,  711,  120,  199,  156,  878,  344,  439,  735,  151,  223,  875,  855],
        [  508,    0,  642,  185,  760,  532,  743,  880,  211,  722,  864, 1012,  632,  169,  460,  829,  719,  727,  252,  346,  217,  387,  533, 1160,  351,  570,  997,  772,  687,  953,  259,  709,  694,  501,  849,  550,  284,  589,  853,  508,  712,  913,  616,  256,  769,  242,  484,  592,  687,  591,  311,    0,  776,  932,  464, 1024,  867,  960,  538,  328,  730,  963,  615,  926,  568,  844,  376,  569,  480,  778,  425,  793,  753,  495,  488,  281,  387,  236,  948,  411,  425,  740,  160,  387,  985,  823],
        [  827,    0,  802,  591,  326,  658,  954,  650,  831,  993,  852,  955,  769,  775,  656,   98,  150, 1141,  591,  441,  603,  835,  250,  963,  604,  767,  873,  355,  545,  307,  621,  637, 1164,  335,  285,  800,  493,  376,  642,  403,  766,  860,  692,  857,  658,  719,  561,  727,  259,  296,  527,  776,    0,  867,  315,  777,  827,  480,  403,  467, 1075,  905,  179,  852,  357,  236,  867,  377,  547,  476,  408,   19,  986,  466,  955,  641,  389,  540,  591,  444,  543,  616,  641,  394,  518,  753],
        [  470,    0,  310,  849,  545,  402,  317,  235,  776,  386,   76,   93,  308,  780,  474,  810,  719,  581,  991,  883,  965,  602,  862,  244,  593,  374,   81,  518,  341,  699, 1031,  262,  653,  658,  625,  409,  848,  537,  233,  573,  221,   20,  317,  752,  219, 1096,  478,  341,  613,  618,  979,  932,  867,    0,  777,  216,   66,  499,  548,  906,  483,   39,  890,   16,  569,  674,  638,  549,  488,  394,  662,  869,  343,  529,  603, 1069,  802,  839,  355,  637,  544,  263,  944,  772,  479,  126],
        [  580,    0,  606,  280,  363,  448,  759,  616,  522,  780,  735,  869,  577,  464,  416,  366,  264,  894,  316,  158,  316,  555,  107,  943,  327,  552,  811,  386,  440,  511,  354,  515,  903,  120,  420,  572,  188,  250,  596,  204,  608,  763,  511,  552,  561,  450,  341,  528,  268,  190,  266,  464,  315,  777,    0,  768,  720,  578,  230,  188,  844,  815,  180,  764,  217,  402,  581,  234,  326,  454,  136,  332,  785,  258,  682,  384,   80,  229,  623,  174,  294,  518,  343,   80,  612,  651],
        [  626,    0,  470,  907,  456,  503,  520,  153,  900,  589,  274,  252,  456,  891,  574,  703,  638,  788, 1032,  901, 1012,  747,  833,  186,  674,  519,  155,  427,  347,  550, 1073,  317,  857,  650,  503,  562,  882,  518,  177,  580,  368,  229,  429,  885,  257, 1151,  541,  470,  546,  585, 1006, 1024,  777,  216,  768,    0,  245,  334,  549,  927,  689,  231,  842,  205,  552,  555,  787,  536,  547,  320,  679,  775,  550,  557,  776, 1110,  813,  886,  193,  666,  605,  285, 1003,  785,  305,  233],
        [  409,    0,  248,  785,  509,  337,  276,  221,  712,  345,   33,  152,  245,  715,  409,  775,  678,  544,  928,  823,  901,  540,  808,  305,  528,  311,  138,  484,  290,  678,  968,  206,  613,  603,  596,  347,  785,  485,  211,  517,  157,   47,  252,  689,  171, 1032,  415,  276,  570,  568,  917,  867,  827,   66,  720,  245,    0,  488,  492,  845,  445,  100,  840,   61,  516,  644,  576,  496,  426,  361,  602,  830,  305,  470,  547, 1006,  743,  776,  351,  577,  481,  214,  880,  713,  473,   75],
        [  721,    0,  607,  801,  216,  544,  722,  268,  903,  783,  520,  566,  578,  871,  593,  393,  366,  975,  887,  733,  878,  804,  608,  511,  639,  618,  470,  195,  333,  217,  927,  390, 1028,  483,  196,  665,  741,  372,  280,  453,  520,  501,  512,  905,  363, 1019,  514,  562,  312,  393,  842,  960,  480,  499,  578,  334,  488,    0,  423,  763,  884,  528,  589,  483,  396,  245,  845,  392,  510,  203,  545,  473,  755,  470,  880,  959,  646,  764,  147,  551,  554,  346,  889,  626,   39,  428],
        [  426,    0,  407,  383,  228,  257,  561,  396,  501,  594,  508,  640,  374,  461,  256,  397,  270,  739,  489,  352,  473,  452,  318,  719,  238,  366,  583,  237,  212,  443,  530,  287,  765,  111,  331,  398,  338,   54,  374,   33,  390,  535,  301,  513,  332,  614,  160,  329,  183,  108,  458,  538,  403,  548,  230,  549,  492,  423,    0,  379,  673,  586,  360,  535,   49,  344,  489,   36,  146,  252,  133,  413,  590,   68,  563,  566,  265,  350,  427,  130,  158,  289,  474,  237,  448,  422],
        [  615,    0,  685,  161,  548,  531,  827,  774,  454,  833,  855,  996,  661,  391,  478,  536,  447,  910,  130,   31,  136,  548,  217, 1095,  359,  620,  951,  570,  586,  696,  167,  646,  903,  286,  608,  626,   74,  415,  752,  348,  713,  890,  609,  494,  699,  263,  435,  612,  455,  371,   80,  328,  467,  906,  188,  927,  845,  763,  379,    0,  879,  943,  295,  895,  383,  588,  562,  395,  422,  624,  250,  485,  848,  379,  676,  197,  119,  118,  798,  269,  371,  659,  178,  143,  796,  782],
        [  267,    0,  286,  750,  818,  417,  170,  636,  522,  103,  416,  504,  318,  563,  430, 1058,  935,  100,  904,  870,  867,  348,  951,  708,  527,  308,  561,  803,  576, 1031,  934,  498,  174,  759,  928,  277,  806,  701,  615,  677,  365,  466,  395,  479,  522,  959,  517,  353,  832,  780,  926,  730, 1075,  483,  844,  689,  445,  884,  673,  879,    0,  486, 1014,  490,  718,  963,  354,  699,  532,  702,  710, 1084,  140,  612,  247,  968,  823,  771,  768,  671,  552,  540,  822,  795,  880,  475],
        [  494,    0,  334,  884,  582,  436,  325,  268,  803,  393,  100,   54,  336,  809,  506,  847,  757,  584, 1028,  921, 1000,  627,  901,  227,  627,  402,   79,  555,  380,  731, 1067,  301,  658,  697,  660,  434,  884,  576,  269,  612,  252,   53,  351,  778,  258, 1131,  514,  372,  651,  657, 1016,  963,  905,   39,  815,  231,  100,  528,  586,  943,  486,    0,  929,   54,  608,  709,  662,  588,  525,  431,  700,  907,  349,  567,  621, 1105,  840,  875,  383,  675,  580,  301,  979,  810,  507,  165],
        [  752,    0,  762,  433,  392,  606,  916,  699,  697,  943,  860,  981,  730,  638,  584,  263,  224, 1068,  415,  272,  429,  734,   83, 1025,  504,  714,  912,  421,  551,  458,  443,  637, 1080,  258,  400,  738,  332,  356,  684,  345,  749,  880,  659,  729,  672,  541,  500,  683,  297,  273,  350,  615,  179,  890,  180,  842,  840,  589,  360,  295, 1014,  929,    0,  876,  327,  363,  760,  348,  485,  523,  307,  197,  944,  408,  860,  463,  238,  381,  672,  346,  463,  629,  472,  252,  627,  767],
        [  469,    0,  308,  840,  529,  395,  323,  219,  772,  392,   78,  106,  305,  775,  467,  795,  704,  589,  982,  872,  955,  601,  849,  245,  585,  371,   78,  503,  327,  683, 1022,  250,  660,  645,  609,  408,  837,  523,  218,  561,  217,   25,  310,  749,  205, 1088,  468,  336,  598,  605,  968,  926,  852,   16,  764,  205,   61,  483,  535,  895,  490,   54,  876,    0,  555,  658,  636,  536,  479,  379,  650,  854,  350,  518,  605, 1059,  791,  830,  340,  626,  535,  249,  936,  761,  464,  114],
        [  474,    0,  448,  405,  192,  302,  602,  400,  544,  637,  535,  661,  415,  501,  304,  349,  222,  786,  499,  355,  487,  500,  294,  727,  283,  411,  598,  204,  229,  400,  540,  312,  812,   99,  289,  444,  350,   34,  380,   65,  424,  557,  340,  557,  351,  628,  208,  371,  136,   62,  463,  568,  357,  569,  217,  552,  516,  396,   49,  383,  718,  608,  327,  555,    0,  298,  536,   22,  194,  242,  149,  367,  632,  116,  611,  575,  265,  369,  416,  158,  205,  307,  494,  240,  424,  444],
        [  746,    0,  679,  667,  146,  563,  820,  444,  841,  870,  673,  755,  645,  796,  586,  150,  145, 1043,  717,  559,  717,  792,  399,  739,  581,  663,  667,  165,  392,  110,  754,  480, 1081,  345,   53,  705,  586,  294,  441,  362,  618,  670,  569,  855,  483,  851,  490,  613,  164,  258,  663,  844,  236,  674,  402,  555,  644,  245,  344,  588,  963,  709,  363,  658,  298,    0,  830,  308,  479,  285,  423,  229,  854,  410,  895,  782,  480,  621,  365,  445,  501,  447,  741,  469,  283,  572],
        [  168,    0,  329,  415,  700,  305,  387,  670,  169,  354,  563,  702,  334,  210,  253,  880,  753,  359,  564,  561,  526,   42,  685,  880,  263,  269,  714,  697,  515,  924,  591,  487,  341,  532,  811,  229,  489,  536,  643,  476,  425,  618,  361,  130,  541,  607,  343,  317,  671,  590,  595,  376,  867,  638,  581,  787,  576,  845,  489,  562,  354,  662,  760,  636,  536,  830,    0,  524,  352,  643,  461,  880,  389,  421,  118,  623,  537,  446,  777,  424,  332,  531,  477,  514,  857,  557],
        [  456,    0,  428,  410,  194,  283,  581,  384,  537,  617,  514,  641,  395,  496,  288,  366,  239,  767,  509,  367,  495,  487,  314,  710,  274,  391,  579,  203,  209,  408,  550,  291,  795,  115,  296,  425,  359,   21,  363,   62,  403,  537,  319,  549,  331,  637,  191,  351,  148,   82,  475,  569,  377,  549,  234,  536,  496,  392,   36,  395,  699,  588,  348,  536,   22,  308,  524,    0,  178,  230,  156,  386,  612,  103,  596,  585,  278,  375,  405,  160,  193,  287,  500,  252,  419,  424],
        [  280,    0,  281,  365,  349,  122,  434,  400,  394,  459,  434,  578,  252,  366,  110,  543,  416,  595,  504,  402,  478,  313,  429,  695,  134,  229,  540,  348,  208,  572,  544,  237,  619,  228,  460,  256,  360,  188,  373,  146,  292,  472,  190,  396,  296,  613,   16,  203,  324,  254,  492,  480,  547,  488,  326,  547,  426,  510,  146,  422,  532,  525,  485,  479,  194,  479,  352,  178,    0,  312,  193,  558,  461,   81,  418,  581,  328,  352,  473,  159,   59,  263,  462,  298,  528,  367],
        [  521,    0,  419,  632,  151,  342,  549,  178,  705,  604,  389,  480,  388,  677,  391,  417,  329,  790,  739,  596,  724,  602,  514,  503,  444,  422,  399,  124,  133,  333,  780,  206,  837,  340,  239,  468,  588,  210,  167,  284,  344,  389,  317,  705,  200,  865,  315,  366,  229,  267,  704,  778,  476,  394,  454,  320,  361,  203,  252,  624,  702,  431,  523,  379,  242,  285,  643,  230,  312,    0,  384,  477,  583,  284,  680,  815,  507,  601,  176,  380,  360,  167,  725,  481,  217,  288],
        [  446,    0,  473,  257,  337,  314,  624,  526,  430,  644,  615,  753,  444,  379,  281,  433,  311,  762,  356,  224,  341,  432,  242,  846,  200,  417,  703,  352,  337,  530,  397,  400,  774,   81,  425,  436,  205,  176,  503,  101,  481,  647,  381,  452,  451,  482,  208,  395,  263,  167,  327,  425,  408,  662,  136,  679,  602,  545,  133,  250,  710,  700,  307,  650,  149,  423,  461,  156,  193,  384,    0,  422,  650,  133,  556,  433,  141,  220,  559,   39,  159,  411,  345,  111,  573,  536],
        [  838,    0,  810,  609,  327,  668,  962,  650,  847, 1001,  855,  956,  777,  791,  667,   86,  155, 1152,  609,  459,  621,  848,  268,  960,  618,  777,  874,  355,  550,  296,  639,  642, 1176,  349,  279,  811,  511,  384,  643,  414,  772,  863,  700,  872,  661,  737,  572,  735,  264,  306,  545,  793,   19,  869,  332,  775,  830,  473,  413,  485, 1084,  907,  197,  854,  367,  229,  880,  386,  558,  477,  422,    0,  994,  478,  967,  659,  406,  557,  588,  458,  555,  620,  659,  411,  512,  756],
