{
    "name": "random-97-12547",
    "comment": "size=97 seed=12547",
    "nodes": ["+0", "-0", "+1", "-1", "+2", "-2", "+3", "-3", "+4", "-4", "+5", "-5", "+6", "-6", "+7", "-7", "+8", "-8", "+9", "-9", "+10", "-10", "+11", "-11", "+12", "-12", "+13", "-13", "+14", "-14", "+15", "-15", "+16", "-16", "+17", "-17", "+18", "-18", "+19", "-19", "+20", "-20", "+21", "-21", "+22", "-22", "+23", "-23", "+24", "-24", "+25", "-25", "+26", "-26", "+27", "-27", "+28", "-28", "+29", "-29", "+30", "-30", "+31", "-31", "+32", "-32", "+33", "-33", "+34", "-34", "+35", "-35", "+36", "-36", "+37", "-37", "+38", "-38", "+39", "-39", "+40", "-40", "+41", "-41", "+42", "-42", "+43", "-43", "+44", "-44", "+45", "-45", "+46", "-46", "+47", "-47", "+48", "-48", "+49", "-49", "+50", "-50", "+51", "-51", "+52", "-52", "+53", "-53", "+54", "-54", "+55", "-55", "+56", "-56", "+57", "-57", "+58", "-58", "+59", "-59", "+60", "-60", "+61", "-61", "+62", "-62", "+63", "-63", "+64", "-64", "+65", "-65", "+66", "-66", "+67", "-67", "+68", "-68", "+69", "-69", "+70", "-70", "+71", "-71", "+72", "-72", "+73", "-73", "+74", "-74", "+75", "-75", "+76", "-76", "+77", "-77", "+78", "-78", "+79", "-79", "+80", "-80", "+81", "-81", "+82", "-82", "+83", "-83", "+84", "-84", "+85", "-85", "+86", "-86", "+87", "-87", "+88", "-88", "+89", "-89", "+90", "-90", "+91", "-91", "+92", "-92", "+93", "-93", "+94", "-94", "+95", "-95", "+96", "-96", "+97", "-97"],
    "precedence": {
        "+0": "-0",
        "+1": "-1",
        "+2": "-2",
        "+3": "-3",
        "+4": "-4",
        "+5": "-5",
        "+6": "-6",
        "+7": "-7",
        "+8": "-8",
        "+9": "-9",
        "+10": "-10",
        "+11": "-11",
        "+12": "-12",
        "+13": "-13",
        "+14": "-14",
        "+15": "-15",
        "+16": "-16",
        "+17": "-17",
        "+18": "-18",
        "+19": "-19",
        "+20": "-20",
        "+21": "-21",
        "+22": "-22",
        "+23": "-23",
        "+24": "-24",
        "+25": "-25",
        "+26": "-26",
        "+27": "-27",
        "+28": "-28",
        "+29": "-29",
        "+30": "-30",
        "+31": "-31",
        "+32": "-32",
        "+33": "-33",
        "+34": "-34",
        "+35": "-35",
        "+36": "-36",
        "+37": "-37",
        "+38": "-38",
        "+39": "-39",
        "+40": "-40",
        "+41": "-41",
        "+42": "-42",
        "+43": "-43",
        "+44": "-44",
        "+45": "-45",
        "+46": "-46",
        "+47": "-47",
        "+48": "-48",
        "+49": "-49",
        "+50": "-50",
        "+51": "-51",
        "+52": "-52",
        "+53": "-53",
        "+54": "-54",
        "+55": "-55",
        "+56": "-56",
        "+57": "-57",
        "+58": "-58",
        "+59": "-59",
        "+60": "-60",
        "+61": "-61",
        "+62": "-62",
        "+63": "-63",
        "+64": "-64",
        "+65": "-65",
        "+66": "-66",
        "+67": "-67",
        "+68": "-68",
        "+69": "-69",
        "+70": "-70",
        "+71": "-71",
        "+72": "-72",
        "+73": "-73",
        "+74": "-74",
        "+75": "-75",
        "+76": "-76",
        "+77": "-77",
        "+78": "-78",
        "+79": "-79",
        "+80": "-80",
        "+81": "-81",
        "+82": "-82",
        "+83": "-83",
        "+84": "-84",
        "+85": "-85",
        "+86": "-86",
        "+87": "-87",
        "+88": "-88",
        "+89": "-89",
        "+90": "-90",
        "+91": "-91",
        "+92": "-92",
        "+93": "-93",
        "+94": "-94",
        "+95": "-95",
        "+96": "-96",
        "+97": "-97"
    },
    "edges": [
        [    0,    0,  321,  425,  212,  544,  186,  475,  301,   78,  404,  325,  706,  634,  240,  260,  639,  477,  238,  539,  548,  361,  626,  606,  427,  114,  263,  216,  120,  264,  150,  313,  726,  417,  293,  138,  401,  521,  594,  512,  416,  410,  402,  334,  419,  218,  436,  390,  413,  406,  224,  154,  146,  355,  564,  415,  329,  219,  421,  472,  575,  671,  527,  252,  209,  397,  247,  678,  219,  234,  327,  616,  591,  642,  392,  712,  657,  419,  714,  361,  330,  458,  496,  347,  392,  642,  644,  269,  397,  316,  329,  605,  197,  564,  174,  417,  488,  511,  525,  281,  516,  156,  478,  348,  356,  400,  374,  822,  492,  436,  657,  282,  281,  272,  304,  668,  155,  282,  295,  488,  394,  165,  696,  399,  154,  362,  340,  195,  635,  614,  682,  399,  404,  329,  670,   94,  732,  639,  341,  322,  593,  113,  658,  151,   44,  629,  595,  663,  598,  649,  335,  414,  598,  325,  585,  566,  558,  314,  199,  288,  623,  349,  218,  213,   60,  441,  452,  578,  485,  493,  537,  240,  454,  169,  657,  369,  762,  383,  548,  344,  210,  565,  762,  152,  172,  191,  421,  492,  412,  451,  211,  330,  598,  448,  354,  624],
        [    0,    0,    0,    0,    0,    0,    0,    0,    0,    0,    0,    0,    0,    0,    0,    0,    0,    0,    0,    0,    0,    0,    0,    0,    0,    0,    0,    0,    0,    0,    0,    0,    0,    0,    0,    0,    0,    0,    0,    0,    0,    0,    0,    0,    0,    0,    0,    0,    0,    0,    0,    0,    0,    0,    0,    0,    0,    0,    0,    0,    0,    0,    0,    0,    0,    0,    0,    0,    0,    0,    0,    0,    0,    0,    0,    0,    0,    0,    0,    0,    0,    0,    0,    0,    0,    0,    0,    0,    0,    0,    0,    0,    0,    0,    0,    0,    0,    0,    0,    0,    0,    0,    0,    0,    0,    0,    0,    0,    0,    0,    0,    0,    0,    0,    0,    0,    0,    0,    0,    0,    0,    0,    0,    0,    0,    0,    0,    0,    0,    0,    0,    0,    0,    0,    0,    0,    0,    0,    0,    0,    0,    0,    0,    0,    0,    0,    0,    0,    0,    0,    0,    0,    0,    0,    0,    0,    0,    0,    0,    0,    0,    0,    0,    0,    0,    0,    0,    0,    0,    0,    0,    0,    0,    0,    0,    0,    0,    0,    0,    0,    0,    0,    0,    0,    0,    0,    0,    0,    0,    0,    0,    0,    0,    0,    0,    0],
        [  321,    0,    0,  737,  339,  849,  487,  380,  180,  269,  725,  327,  750,  398,  510,  518,  392,  452,  113,  858,  742,  478,  671,  406,  744,  211,  407,  207,  439,  575,  452,  634,  845,  422,  409,  458,  305,  288,  911,  523,  142,  261,  228,  179,  274,  434,  748,  135,  526,  308,  545,  169,  368,  354,  615,  156,  649,  351,  101,  792,  880,  843,  211,  402,  120,  654,  451,  407,  502,  551,  525,  585,  769,  364,  711,  794,  379,  445,  425,  287,  625,  616,  816,  140,  522,  653,  638,   62,  493,  237,  603,  479,  233,  860,  334,  559,  252,  393,  409,  161,  663,  365,  490,  253,  644,  638,  464,  903,  270,  264,  606,  409,   99,  204,  530,  840,  170,  292,  120,  808,   92,  222,  786,  495,  428,  395,   29,  348,  711,  512,  737,  461,  527,  643,  427,  240,  843,  818,  369,  620,  654,  215,  620,  457,  291,  344,  916,  738,  421,  446,  325,  649,  658,  576,  309,  885,  607,  532,  516,  608,  320,  613,  110,  110,  321,  335,  336,  570,  691,  185,  575,  370,  575,  182,  416,  117,  824,  562,  789,  592,  528,  764,  874,  235,  475,  350,  111,  505,   93,  143,  524,  642,  558,  756,  637,  516],
        [  425,    0,  737,    0,  461,  126,  341,  734,  719,  468,  150,  699,  737,  966,  255,  265,  977,  825,  637,  142,  404,  472,  680,  913,  216,  528,  572,  570,  306,  277,  355,  168,  643,  762,  609,  291,  691,  867,  179,  830,  802,  732,  818,  753,  734,  486,   12,  773,  487,  695,  219,  575,  388,  594,  637,  795,  173,  455,  833,  106,  156,  517,  930,  428,  632,  221,  360, 1032,  377,  257,  536,  764,  460, 1004,   75,  688, 1020,  750, 1082,  757,  132,  434,  141,  721,  459,  735,  756,  690,  507,  639,  397,  851,  606,  164,  440,  448,  842,  777,  783,  702,  474,  488,  635,  663,  138,  267,  673,  769,  836,  763,  815,  594,  674,  685,  305,  515,  578,  565,  719,  200,  796,  531,  665,  507,  407,  707,  758,  440,  646,  833,  704,  547,  471,  245, 1002,  518,  660,  485,  696,  131,  641,  522,  800,  347,  465, 1000,  230,  665,  887,  951,  596,  276,  645,  248,  953,  169,  636,  504,  280,  157, 1010,  211,  640,  633,  416,  721,  736,  714,  355,  890,  636,  454,  490,  561,  989,  793,  754,  383,  305,  251,  268,  404,  680,  516,  262,  537,  825,  641,  829,  851,  293,  255,  762,   36,  374,  846],
        [  212,    0,  339,  461,    0,  553,  370,  293,  421,  154,  506,  501,  499,  506,  207,  203,  517,  656,  227,  600,  406,  162,  417,  458,  551,  194,  469,  134,  248,  422,  339,  423,  541,  602,  497,  266,  236,  406,  639,  703,  358,  271,  515,  446,  275,  430,  473,  328,  215,  240,  338,  239,   91,  156,  355,  346,  442,   13,  417,  544,  583,  514,  495,   64,  285,  325,  118,  572,  414,  381,  538,  407,  437,  545,  463,  513,  560,  610,  623,  513,  333,  287,  575,  274,  201,  431,  433,  318,  193,  179,  520,  422,  357,  552,   40,  234,  382,  334,  344,  395,  340,  365,  267,  202,  341,  303,  576,  624,  376,  302,  450,  486,  249,  408,  197,  510,  249,  105,  385,  594,  367,  124,  499,  195,  359,  551,  367,   24,  433,  420,  476,  188,  210,  474,  542,  247,  544,  486,  526,  331,  387,  184,  449,  337,  236,  542,  677,  461,  437,  498,  146,  313,  392,  250,  495,  627,  349,  524,  353,  380,  558,  291,  286,  272,  154,  270,  284,  367,  353,  451,  326,   35,  262,  170,  530,  437,  559,  225,  451,  263,  359,  427,  574,  119,  228,  395,  396,  281,  426,  416,  375,  479,  391,  470,  537,  431],
        [  544,    0,  849,  126,  553,    0,  466,  807,  841,  581,  248,  825,  748, 1050,  349,  351, 1063,  950,  745,  139,  394,  532,  703,  992,  306,  642,  697,  672,  427,  399,  481,  290,  625,  888,  734,  414,  774,  957,  122,  954,  905,  820,  941,  875,  821,  611,  118,  875,  536,  777,  344,  691,  490,  671,  668,  895,  291,  545,  943,  165,   32,  487, 1037,  511,  749,  258,  442, 1122,  501,  382,  657,  807,  445, 1097,  190,  686, 1112,  875, 1175,  882,  226,  462,  187,  822,  510,  765,  790,  805,  562,  731,  512,  915,  729,   56,  537,  491,  934,  849,  854,  823,  489,  613,  689,  752,  213,  302,  797,  753,  927,  851,  858,  719,  781,  808,  374,  486,  695,  653,  839,  262,  903,  637,  663,  561,  533,  832,  872,  534,  658,  892,  716,  607,  520,  360, 1085,  637,  645,  459,  821,  230,  665,  636,  840,  473,  585, 1095,  227,  673,  961, 1028,  677,  305,  668,  314, 1047,  151,  668,  624,  405,  282, 1110,  271,  756,  749,  530,  800,  815,  757,  362,  995,  675,  540,  527,  670, 1073,  912,  752,  429,  273,  309,  394,  387,  660,  622,  376,  663,  932,  693,  942,  956,  418,  369,  809,   97,  485,  905],
        [  186,    0,  487,  341,  370,  466,    0,  653,  411,  262,  262,  363,  833,  819,  285,  313,  823,  484,  418,  418,  602,  490,  757,  791,  264,  294,  231,  400,  131,   91,   36,  183,  815,  422,  269,  120,  582,  706,  480,  492,  596,  594,  502,  445,  603,  146,  349,  571,  535,  587,  130,  321,  282,  523,  697,  596,  190,  373,  587,  349,  495,  731,  697,  388,  368,  414,  353,  861,   52,   87,  216,  773,  655,  824,  283,  821,  840,  410,  895,  427,  302,  550,  362,  530,  509,  786,  793,  428,  530,  499,  152,  783,  295,  502,  331,  524,  672,  690,  703,  400,  607,  156,  632,  531,  336,  437,  335,  926,  677,  621,  818,  253,  462,  373,  375,  728,  318,  456,  429,  334,  568,  349,  802,  531,   72,  366,  500,  348,  753,  787,  805,  544,  523,  160,  855,  248,  826,  697,  356,  292,  721,  295,  815,   35,  201,  810,  452,  778,  781,  834,  508,  452,  725,  365,  767,  442,  693,  189,   63,  185,  800,  368,  378,  378,  227,  621,  633,  731,  538,  667,  677,  389,  567,  353,  842,  506,  879,  472,  562,  383,   74,  615,  853,  335,  192,  202,  594,  645,  571,  624,   50,  158,  759,  373,  170,  797],
        [  475,    0,  380,  734,  293,  807,  653,    0,  544,  400,  797,  674,  397,  258,  483,  470,  276,  817,  320,  876,  532,  280,  329,  189,  844,  398,  698,  270,  538,  713,  619,  715,  538,  777,  716,  557,   82,  207,  907,  881,  283,  122,  607,  553,  109,  683,  745,  265,  296,   77,  631,  412,  384,  142,  286,  261,  734,  295,  390,  826,  834,  588,  397,  308,  419,  554,  376,  345,  693,  673,  792,  210,  532,  337,  747,  462,  348,  795,  411,  654,  603,  399,  859,  240,  313,  290,  269,  408,  261,  171,  802,  131,  541,  793,  329,  345,  211,   43,   51,  521,  418,  610,  166,  141,  602,  515,  788,  561,  188,  131,  227,  709,  296,  554,  434,  585,  422,  197,  488,  884,  332,  317,  462,  262,  628,  738,  404,  317,  385,  143,  393,  211,  308,  766,  290,  465,  529,  574,  711,  604,  325,  391,  242,  619,  482,  349,  958,  407,  155,  222,  148,  518,  329,  494,  308,  903,  279,  784,  643,  672,  395,  537,  413,  399,  426,   45,   46,  207,  509,  354,  246,  288,  331,  337,  279,  495,  475,  392,  630,  499,  650,  555,  557,  328,  520,  624,  349,  176,  419,  344,  664,  771,  182,  736,  822,  151],
        [  301,    0,  180,  719,  421,  841,  411,  544,    0,  291,  671,  151,  889,  574,  534,  551,  568,  275,  230,  821,  818,  579,  808,  585,  674,  233,  260,  314,  414,  502,  382,  585,  958,  243,  251,  428,  465,  467,  880,  344,  319,  430,  102,   35,  443,  313,  729,  314,  632,  469,  505,  183,  409,  489,  747,  335,  596,  433,  245,  752,  872,  932,  353,  482,  140,  690,  510,  576,  408,  491,  382,  742,  854,  531,  677,  920,  545,  267,  583,  110,  630,  707,  769,  312,  620,  799,  789,  137,  604,  383,  492,  652,  117,  863,  399,  654,  430,  563,  579,   26,  760,  261,  631,  408,  656,  687,  294, 1032,  449,  438,  768,  255,  249,   41,  582,  929,  174,  415,   60,  745,  266,  299,  909,  606,  342,  219,  168,  419,  838,  683,  872,  582,  629,  569,  603,  209,  960,  903,  193,  622,  785,  243,  779,  389,  258,  507,  862,  865,  600,  625,  460,  700,  789,  615,  478,  846,  740,  396,  458,  571,  471,  644,  141,  157,  332,  500,  503,  720,  760,  342,  711,  455,  680,  254,  592,  113,  958,  640,  838,  634,  470,  838,  990,  303,  472,  226,  276,  646,  214,  306,  457,  566,  716,  745,  531,  688],
        [   78,    0,  269,  468,  154,  581,  262,  400,  291,    0,  466,  351,  652,  559,  250,  263,  563,  506,  172,  592,  530,  313,  570,  529,  495,   63,  318,  138,  177,  337,  227,  375,  689,  450,  344,  197,  325,  446,  643,  550,  348,  333,  391,  321,  341,  287,  479,  320,  366,  330,  284,  115,  119,  284,  508,  345,  392,  163,  365,  527,  612,  648,  466,  206,  172,  403,  222,  605,  297,  304,  396,  548,  569,  570,  445,  665,  585,  457,  643,  371,  359,  426,  553,  274,  349,  581,  580,  225,  346,  239,  407,  529,  209,  595,  121,  379,  413,  435,  448,  268,  482,  218,  413,  271,  380,  397,  423,  776,  417,  359,  587,  334,  214,  271,  292,  644,  121,  208,  270,  552,  332,   88,  651,  348,  230,  398,  291,  143,  586,  539,  629,  340,  360,  400,  594,   96,  693,  618,  374,  353,  540,   56,  590,  228,   86,  558,  654,  614,  520,  572,  262,  409,  545,  326,  514,  619,  502,  386,  270,  344,  557,  358,  178,  169,   53,  364,  376,  513,  470,  429,  478,  187,  411,   98,  581,  337,  712,  355,  549,  345,  280,  550,  723,   74,  207,  243,  361,  428,  361,  388,  285,  402,  529,  488,  431,  549],
        [  404,    0,  725,  150,  506,  248,  262,  797,  671,  466,    0,  622,  858, 1007,  320,  341, 1015,  731,  638,  161,  542,  560,  794,  963,   68,  517,  481,  590,  289,  176,  289,   92,  780,  670,  517,  270,  742,  900,  225,  724,  813,  772,  764,  705,  777,  396,  149,  785,  586,  746,  182,  557,  420,  656,  745,  809,   77,  503,  824,   94,  270,  661,  930,  491,  610,  348,  428, 1063,  282,  180,  421,  859,  599, 1031,   78,  817, 1047,  653, 1106,  688,  229,  552,  101,  737,  557,  843,  860,  671,  598,  675,  269,  921,  554,  299,  476,  554,  871,  838,  847,  658,  598,  418,  722,  703,  252,  391,  569,  905,  869,  802,  909,  502,  679,  633,  397,  659,  557,  610,  683,   88,  796,  544,  795,  598,  334,  617,  742,  483,  768,  911,  826,  631,  570,  120, 1043,  489,  796,  628,  610,  222,  755,  514,  898,  282,  436, 1022,  193,  789,  943, 1004,  651,  402,  759,  350,  976,  182,  743,  388,  214,  127, 1022,  323,  619,  616,  416,  776,  790,  811,  488,  895,  738,  509,  598,  564, 1030,  760,  882,  489,  452,  360,  202,  545,  818,  528,  280,  464,  824,  731,  814,  853,  215,  128,  853,  183,  239,  923],
        [  325,    0,  327,  699,  501,  825,  363,  674,  151,  351,  622,    0,  992,  724,  562,  584,  718,  156,  355,  780,  872,  662,  910,  732,  611,  309,  150,  421,  414,  447,  345,  546, 1039,  105,  125,  422,  593,  615,  843,  209,  468,  567,  181,  166,  579,  229,  708,  460,  715,  598,  482,  273,  463,  600,  848,  482,  552,  511,  395,  711,  854,  993,  501,  556,  256,  718,  567,  726,  342,  449,  263,  862,  914,  681,  645, 1012,  695,  121,  732,   78,  634,  776,  722,  452,  699,  911,  904,  277,  692,  506,  400,  789,  144,  856,  470,  729,  578,  697,  713,  167,  832,  212,  740,  534,  664,  724,  146, 1124,  595,  578,  892,  135,  383,  125,  628,  990,  263,  521,  209,  684,  416,  391,  999,  694,  294,   69,  318,  492,  932,  816,  972,  679,  709,  509,  752,  256, 1043,  962,   43,  624,  883,  319,  901,  353,  284,  657,  806,  960,  743,  772,  571,  738,  888,  649,  628,  803,  841,  285,  422,  544,  619,  669,  262,  276,  375,  631,  636,  835,  810,  492,  814,  535,  761,  354,  742,  258, 1056,  703,  870,  668,  434,  890, 1073,  390,  482,  163,  426,  756,  363,  456,  412,  503,  838,  730,  441,  822],
        [  706,    0,  750,  737,  499,  748,  833,  397,  889,  652,  858,  992,    0,  608,  563,  536,  630, 1145,  661,  865,  358,  347,   82,  529,  921,  684,  967,  576,  703,  855,  810,  805,  193, 1095,  995,  714,  454,  596,  869, 1198,  676,  512,  969,  906,  501,  921,  745,  655,  299,  451,  750,  720,  564,  401,  144,  654,  823,  490,  779,  842,  764,  317,  794,  456,  751,  516,  481,  701,  884,  811, 1027,  202,  316,  707,  786,   95,  715, 1105,  770,  992,  630,  307,  878,  619,  325,  110,  140,  761,  310,  514,  978,  388,  848,  709,  535,  313,  606,  410,  399,  863,  263,  861,  260,  498,  608,  471, 1075,  167,  582,  526,  224,  984,  654,  887,  473,  316,  731,  475,  841,  931,  720,  601,  111,  308,  842, 1046,  777,  513,   91,  337,   33,  314,  311,  883,  629,  743,  174,  327, 1020,  637,  114,  674,  196,  805,  734,  726,  959,   77,  483,  538,  431,  461,  109,  510,  691,  887,  151, 1009,  795,  758,  781,  536,  748,  732,  647,  435,  441,  191,  388,  751,  179,  467,  268,  641,  622,  866,   79,  374,  486,  499,  796,  371,  192,  603,  647,  893,  740,  245,  806,  739,  821,  891,  230,  720,  983,  346],
        [  634,    0,  398,  966,  506, 1050,  819,  258,  574,  559, 1007,  724,  608,    0,  711,  703,   23,  839,  411, 1105,  790,  534,  556,   80, 1045,  529,  796,  423,  727,  895,  784,  919,  774,  816,  802,  747,  277,  116, 1143,  913,  257,  236,  597,  567,  232,  807,  977,  268,  553,  273,  830,  517,  588,  381,  526,  244,  938,  512,  341, 1049, 1078,  840,  273,  540,  495,  802,  609,   94,  849,  860,  909,  406,  788,  106,  968,  689,  110,  841,  163,  677,  836,  656, 1080,  295,  569,  499,  469,  452,  517,  332,  958,  221,  622, 1040,  533,  603,  152,  223,  227,  558,  674,  734,  419,  305,  839,  766,  861,  774,  143,  206,  391,  801,  369,  601,  677,  837,  524,  402,  516, 1095,  309,  472,  693,  519,  777,  792,  407,  529,  620,  273,  614,  468,  565,  956,   37,  588,  762,  828,  766,  835,  563,  527,  418,  785,  624,  132, 1182,  638,  126,   82,  373,  770,  565,  737,  120, 1132,  520,  910,  826,  880,  198,  780,  485,  476,  601,  253,  238,  428,  766,  253,  490,  512,  588,  468,   24,  482,  685,  646,  887,  744,  836,  813,  788,  487,  727,  731,  303,  426,  377,  277,  843,  959,  380,  972,  986,  266],
        [  240,    0,  510,  255,  207,  349,  285,  483,  534,  250,  320,  562,  563,  711,    0,   29,  723,  710,  402,  395,  323,  241,  492,  659,  375,  312,  475,  324,  164,  293,  271,  250,  531,  649,  511,  167,  437,  613,  432,  738,  557,  477,  636,  566,  480,  405,  266,  526,  274,  441,  188,  364,  143,  342,  437,  547,  269,  200,  600,  343,  379,  450,  689,  176,  421,  157,  109,  778,  336,  249,  497,  541,  373,  751,  265,  541,  767,  647,  830,  600,  126,  268,  376,  473,  245,  533,  546,  472,  281,  385,  420,  604,  436,  353,  189,  251,  589,  526,  533,  513,  324,  368,  403,  408,  137,  163,  589,  643,  582,  509,  590,  497,  435,  509,   92,  447,  370,  310,  519,  405,  557,  291,  521,  281,  316,  593,  534,  187,  478,  592,  533,  311,  259,  322,  747,  327,  542,  417,  573,  124,  454,  304,  581,  264,  283,  748,  476,  502,  634,  698,  342,  178,  458,   87,  701,  422,  434,  472,  237,  203,  761,  110,  426,  416,  203,  468,  483,  493,  258,  647,  425,  200,  296,  328,  735,  585,  602,  192,  309,  107,  236,  337,  569,  277,   94,  414,  586,  412,  602,  609,  263,  330,  534,  264,  421,  605],
        [  260,    0,  518,  265,  203,  351,  313,  470,  551,  263,  341,  584,  536,  703,   29,    0,  715,  733,  408,  406,  296,  219,  466,  649,  398,  325,  501,  326,  191,  321,  298,  274,  503,  673,  536,  195,  428,  607,  440,  762,  558,  471,  652,  582,  472,  432,  276,  527,  249,  431,  215,  377,  151,  330,  412,  547,  293,  195,  606,  357,  380,  424,  692,  164,  434,  140,   95,  772,  364,  277,  524,  519,  346,  747,  282,  513,  762,  671,  825,  620,  134,  240,  391,  474,  220,  508,  522,  483,  258,  381,  448,  589,  456,  350,  190,  224,  584,  512,  519,  529,  296,  393,  382,  402,  138,  140,  614,  615,  577,  502,  569,  522,  439,  527,   64,  421,  383,  304,  532,  425,  561,  297,  493,  258,  343,  616,  543,  184,  451,  574,  506,  291,  234,  348,  739,  344,  514,  391,  596,  135,  427,  317,  558,  292,  303,  744,  490,  475,  622,  687,  332,  154,  432,   65,  697,  433,  409,  500,  265,  227,  760,   96,  439,  428,  219,  456,  472,  471,  232,  649,  400,  191,  269,  336,  726,  598,  574,  164,  289,   85,  264,  312,  541,  284,  121,  438,  590,  391,  609,  612,  291,  356,  513,  270,  449,  587],
        [  639,    0,  392,  977,  517, 1063,  823,  276,  568,  563, 1015,  718,  630,   23,  723,  715,    0,  830,  412, 1116,  808,  550,  578,  102, 1052,  532,  793,  429,  733,  900,  788,  927,  796,  808,  799,  753,  290,  118, 1154,  904,  252,  246,  586,  559,  243,  807,  988,  266,  571,  287,  837,  518,  598,  395,  547,  241,  945,  523,  331, 1059, 1091,  860,  257,  553,  493,  816,  622,   72,  852,  866,  907,  429,  807,   84,  978,  711,   87,  833,  141,  669,  847,  674, 1090,  296,  586,  521,  491,  448,  535,  341,  961,  244,  619, 1054,  542,  620,  152,  242,  247,  552,  693,  734,  439,  315,  852,  781,  856,  797,  147,  215,  414,  798,  369,  595,  691,  857,  524,  413,  510, 1103,  302,  478,  715,  536,  780,  786,  401,  539,  642,  296,  636,  485,  582,  962,   36,  589,  784,  848,  760,  846,  584,  530,  440,  789,  627,  110, 1192,  660,  148,  104,  386,  785,  587,  751,  103, 1143,  541,  909,  832,  889,  177,  793,  483,  474,  607,  269,  254,  450,  783,  240,  510,  524,  606,  471,   26,  473,  708,  662,  904,  758,  842,  831,  810,  493,  736,  730,  294,  446,  366,  267,  848,  964,  402,  984,  989,  289],
        [  477,    0,  452,  825,  656,  950,  484,  817,  275,  506,  731,  156, 1145,  839,  710,  733,  830,    0,  499,  891, 1024,  817, 1064,  856,  708,  464,  254,  572,  556,  558,  473,  663, 1194,   63,  216,  561,  737,  736,  955,   78,  588,  705,  247,  274,  718,  340,  833,  586,  870,  741,  611,  426,  617,  751, 1002,  605,  667,  666,  499,  823,  979, 1147,  592,  711,  401,  864,  721,  828,  452,  569,  324, 1010, 1067,  783,  764, 1167,  795,   79,  823,  166,  772,  930,  830,  587,  854, 1062, 1055,  412,  847,  653,  480,  927,  299,  986,  626,  884,  700,  837,  853,  298,  987,  347,  892,  679,  804,  873,  167, 1279,  720,  713, 1039,  232,  522,  264,  780, 1143,  415,  673,  333,  782,  532,  545, 1154,  849,  420,  120,  436,  647, 1087,  956, 1126,  833,  864,  613,  864,  410, 1198, 1115,  137,  763, 1037,  474, 1049,  481,  437,  756,  905, 1114,  873,  895,  722,  887, 1042,  797,  734,  912,  995,  354,  546,  669,  709,  815,  406,  422,  529,  773,  776,  985,  961,  593,  968,  690,  916,  506,  854,  357, 1211,  856, 1017,  817,  558, 1041, 1228,  544,  626,  299,  537,  908,  464,  563,  533,  606,  985,  857,  520,  962],
        [  238,    0,  113,  637,  227,  745,  418,  320,  230,  172,  638,  355,  661,  411,  402,  408,  412,  499,    0,  763,  631,  370,  581,  398,  664,  125,  393,   97,  349,  501,  382,  547,  743,  458,  405,  368,  239,  296,  813,  562,  178,  216,  309,  245,  228,  397,  648,  153,  420,  244,  456,  107,  259,  261,  522,  179,  563,  240,  199,  699,  776,  734,  295,  290,  100,  543,  339,  445,  443,  471,  500,  513,  659,  406,  617,  698,  422,  475,  477,  338,  520,  507,  725,  117,  414,  570,  560,  101,  388,  154,  550,  437,  226,  754,  222,  451,  260,  343,  359,  205,  556,  324,  402,  180,  537,  526,  473,  809,  269,  232,  540,  401,   44,  236,  418,  731,  115,  191,  180,  723,  160,  112,  688,  391,  370,  419,  140,  236,  615,  461,  646,  360,  420,  566,  445,  178,  743,  708,  392,  516,  560,  125,  551,  385,  218,  392,  826,  642,  401,  441,  231,  537,  565,  466,  350,  790,  514,  500,  436,  516,  386,  503,   94,   79,  224,  276,  282,  490,  580,  258,  484,  258,  470,   76,  433,  215,  732,  451,  677,  481,  447,  653,  773,  125,  375,  324,  189,  418,  202,  216,  448,  567,  487,  654,  580,  468],
        [  539,    0,  858,  142,  600,  139,  418,  876,  821,  592,  161,  780,  865, 1105,  395,  406, 1116,  891,  763,    0,  519,  613,  813, 1053,  197,  648,  641,  703,  420,  335,  442,  237,  755,  830,  677,  402,  832, 1004,   65,  884,  933,  870,  916,  855,  873,  555,  132,  904,  627,  835,  318,  692,  522,  736,  772,  927,  229,  593,  956,   70,  145,  620, 1058,  569,  748,  354,  501, 1170,  441,  333,  579,  903,  573, 1141,  148,  809, 1156,  813, 1218,  845,  273,  567,   65,  853,  599,  871,  893,  808,  647,  776,  425,  992,  705,  195,  576,  586,  978,  918,  925,  807,  603,  573,  776,  801,  278,  401,  729,  883,  974,  901,  954,  662,  802,  785,  447,  619,  694,  704,  828,  136,  923,  661,  786,  647,  489,  777,  878,  578,  774,  975,  832,  688,  611,  279, 1141,  629,  774,  590,  770,  272,  774,  644,  939,  434,  576, 1135,   94,  791, 1028, 1092,  736,  407,  777,  389, 1088,   28,  771,  547,  365,  253, 1142,  350,  757,  752,  540,  862,  877,  853,  478, 1019,  774,  594,  627,  688, 1128,  904,  875,  521,  404,  391,  352,  515,  790,  645,  389,  620,  952,  782,  950,  978,  370,  287,  902,  148,  391,  988],
        [  548,    0,  742,  404,  406,  394,  602,  532,  818,  530,  542,  872,  358,  790,  323,  296,  808, 1024,  631,  519,    0,  275,  324,  717,  609,  586,  796,  535,  486,  591,  592,  512,  240,  964,  831,  488,  535,  726,  515, 1056,  734,  596,  916,  846,  591,  727,  409,  705,  241,  536,  487,  636,  412,  432,  305,  717,  528,  393,  812,  507,  408,  129,  872,  342,  687,  200,  309,  877,  653,  551,  817,  456,   57,  865,  465,  292,  877,  964,  941,  900,  326,  136,  541,  654,  232,  393,  423,  724,  278,  538,  724,  606,  736,  352,  421,  195,  717,  568,  567,  794,  121,  688,  375,  543,  296,  167,  909,  366,  700,  624,  503,  817,  648,  800,  244,  126,  645,  462,  788,  604,  757,  529,  269,  276,  638,  908,  770,  402,  271,  569,  326,  326,  232,  598,  821,  622,  257,   95,  887,  336,  290,  576,  481,  585,  588,  872,  612,  282,  677,  744,  453,  152,  292,  238,  827,  538,  308,  791,  548,  471,  908,  239,  689,  675,  498,  544,  559,  409,   65,  826,  326,  374,  202,  574,  810,  842,  358,  181,  128,  219,  544,   24,  277,  521,  415,  732,  785,  372,  825,  798,  573,  608,  467,  381,  717,  582],
        [  361,    0,  478,  472,  162,  532,  490,  280,  579,  313,  560,  662,  347,  534,  241,  219,  550,  817,  370,  613,  275,    0,  268,  468,  616,  355,  623,  274,  360,  522,  465,  490,  380,  763,  653,  373,  266,  458,  638,  863,  460,  324,  671,  603,  321,  575,  482,  431,   54,  268,  422,  399,  218,  160,  208,  442,  510,  151,  540,  571,  558,  366,  597,  110,  441,  276,  141,  615,  540,  478,  681,  301,  293,  599,  499,  352,  612,  770,  677,  674,  344,  142,  606,  380,   45,  297,  308,  468,   41,  264,  638,  384,  519,  515,  193,   83,  446,  321,  324,  554,  186,  516,  164,  269,  335,  236,  733,  464,  431,  354,  350,  642,  381,  569,  167,  363,  409,  189,  540,  643,  484,  281,  338,   42,  496,  711,  506,  171,  275,  362,  321,   76,   51,  560,  568,  408,  382,  342,  687,  347,  234,  345,  340,  461,  392,  604,  701,  302,  434,  501,  179,  238,  238,  225,  558,  639,  203,  663,  458,  444,  636,  265,  441,  426,  303,  281,  297,  253,  238,  552,  188,  128,  102,  326,  556,  584,  402,  113,  356,  225,  460,  298,  413,  278,  311,  550,  511,  172,  556,  524,  483,  567,  294,  469,  647,  376],
        [  626,    0,  671,  680,  417,  703,  757,  329,  808,  570,  794,  910,   82,  556,  492,  466,  578, 1064,  581,  813,  324,  268,    0,  477,  857,  602,  886,  495,  626,  782,  733,  737,  220, 1013,  914,  638,  379,  532,  821, 1116,  603,  439,  889,  825,  428,  842,  689,  580,  222,  377,  678,  638,  485,  320,   63,  581,  756,  409,  704,  785,  721,  314,  724,  376,  669,  460,  404,  649,  807,  738,  948,  157,  292,  651,  725,  135,  660, 1023,  718,  911,  567,  247,  821,  543,  250,   73,  105,  681,  230,  435,  903,  340,  767,  668,  454,  243,  539,  347,  337,  782,  214,  781,  182,  421,  548,  414,  993,  235,  516,  456,  194,  903,  575,  805,  403,  312,  649,  394,  760,  871,  645,  519,  138,  228,  763,  964,  699,  432,   69,  291,   67,  232,  236,  813,  580,  662,  207,  315,  939,  573,   40,  592,  167,  728,  653,  668,  906,   83,  431,  491,  350,  406,   36,  445,  630,  836,   69,  930,  721,  690,  719,  474,  667,  651,  567,  363,  372,  128,  342,  681,   98,  386,  198,  559,  572,  787,  153,  307,  451,  436,  722,  341,  233,  521,  573,  812,  666,  167,  730,  667,  746,  821,  179,  667,  909,  302],
        [  606,    0,  406,  913,  458,  992,  791,  189,  585,  529,  963,  732,  529,   80,  659,  649,  102,  856,  398, 1053,  717,  468,  477,    0, 1005,  508,  789,  391,  690,  861,  756,  878,  696,  828,  800,  709,  223,  122, 1088,  928,  269,  197,  620,  583,  189,  793,  924,  272,  483,  219,  789,  504,  544,  321,  448,  252,  897,  462,  368, 1000, 1019,  763,  320,  485,  490,  740,  554,  173,  824,  824,  897,  327,  713,  181,  920,  610,  187,  851,  242,  692,  782,  585, 1032,  285,  501,  420,  390,  455,  449,  293,  934,  143,  619,  979,  488,  533,  157,  150,  151,  566,  601,  719,  344,  263,  783,  703,  863,  695,  137,  171,  313,  797,  359,  607,  618,  761,  512,  354,  526, 1051,  326,  442,  614,  450,  754,  799,  421,  481,  542,  195,  535,  399,  496,  920,  105,  571,  683,  753,  772,  782,  484,  504,  340,  756,  601,  203, 1133,  559,   47,   44,  318,  705,  487,  678,  179, 1081,  442,  895,  792,  837,  265,  721,  481,  470,  567,  193,  177,  349,  696,  292,  412,  460,  516,  445,   96,  504,  607,  580,  818,  684,  801,  740,  709,  456,  683,  721,  326,  350,  403,  306,  810,  923,  301,  917,  960,  188],
        [  427,    0,  744,  216,  551,  306,  264,  844,  674,  495,   68,  611,  921, 1045,  375,  398, 1052,  708,  664,  197,  609,  616,  857, 1005,    0,  541,  465,  625,  320,  173,  296,  129,  847,  649,  499,  300,  785,  936,  260,  695,  841,  811,  763,  708,  817,  382,  215,  815,  645,  789,  216,  576,  462,  704,  806,  839,  110,  549,  844,  143,  324,  728,  953,  542,  627,  414,  481, 1098,  271,  194,  390,  916,  666, 1063,  146,  883, 1079,  630, 1138,  681,  293,  615,  132,  768,  616,  903,  919,  688,  655,  714,  232,  970,  558,  358,  518,  615,  905,  885,  894,  664,  663,  416,  778,  743,  318,  457,  544,  972,  906,  841,  965,  484,  707,  636,  456,  726,  575,  653,  692,   74,  820,  577,  860,  656,  333,  599,  760,  528,  832,  962,  890,  686,  630,  106, 1081,  505,  863,  695,  595,  285,  818,  539,  955,  290,  454, 1053,  197,  853,  987, 1047,  697,  468,  822,  413, 1008,  212,  803,  358,  229,  174, 1049,  387,  637,  635,  447,  820,  835,  868,  554,  919,  797,  557,  660,  592, 1068,  770,  947,  551,  519,  423,  218,  612,  885,  561,  324,  458,  847,  787,  831,  877,  222,  109,  909,  248,  197,  974],
        [  114,    0,  211,  528,  194,  642,  294,  398,  233,   63,  517,  309,  684,  529,  312,  325,  532,  464,  125,  648,  586,  355,  602,  508,  541,    0,  301,  128,  230,  376,  258,  426,  734,  412,  323,  248,  318,  415,  700,  514,  303,  315,  332,  262,  325,  288,  538,  278,  408,  323,  336,   53,  178,  299,  540,  303,  442,  205,  309,  582,  673,  700,  414,  252,  110,  464,  278,  568,  321,  348,  396,  565,  622,  530,  501,  704,  546,  422,  602,  320,  420,  476,  607,  237,  394,  606,  602,  164,  384,  229,  429,  525,  165,  656,  168,  426,  380,  429,  444,  209,  531,  215,  436,  261,  442,  457,  399,  816,  387,  337,  600,  315,  169,  217,  351,  697,   60,  220,  208,  601,  280,   86,  691,  386,  249,  363,  231,  188,  624,  540,  663,  371,  404,  442,  564,   67,  737,  671,  337,  414,  574,   10,  605,  261,   95,  517,  707,  651,  504,  551,  273,  469,  579,  388,  474,  675,  533,  390,  313,  398,  509,  420,  116,  107,  113,  358,  368,  533,  527,  379,  507,  228,  455,   64,  551,  274,  748,  408,  609,  406,  324,  606,  767,   82,  266,  227,  308,  451,  302,  337,  324,  443,  543,  548,  458,  549],
        [  263,    0,  407,  572,  469,  697,  231,  698,  260,  318,  481,  150,  967,  796,  475,  501,  793,  254,  393,  641,  796,  623,  886,  789,  465,  301,    0,  429,  314,  307,  222,  411,  986,  191,   38,  316,  617,  681,  705,  266,  543,  606,  322,  287,  617,   87,  580,  528,  675,  622,  359,  289,  408,  597,  824,  553,  415,  478,  493,  573,  726,  922,  605,  513,  302,  623,  506,  813,  201,  316,  123,  863,  843,  770,  512,  974,  785,  180,  829,  225,  524,  717,  581,  506,  654,  898,  897,  347,  658,  527,  251,  822,  175,  733,  433,  678,  645,  727,  742,  263,  775,  109,  730,  558,  557,  637,  114, 1084,  657,  624,  900,   23,  431,  221,  554,  919,  280,  519,  304,  539,  498,  386,  958,  660,  169,  137,  406,  454,  897,  840,  943,  656,  666,  365,  828,  235,  993,  890,  130,  514,  854,  309,  904,  230,  234,  749,  661,  924,  793,  832,  573,  652,  859,  562,  714,  663,  818,  139,  294,  416,  721,  575,  311,  321,  321,  657,  665,  829,  732,  588,  794,  500,  716,  361,  816,  372, 1024,  641,  776,  581,  304,  812, 1022,  379,  386,   76,  516,  745,  467,  548,  279,  359,  843,  604,  291,  849],
        [  216,    0,  207,  570,  134,  672,  400,  270,  314,  138,  590,  421,  576,  423,  324,  326,  429,  572,   97,  703,  535,  274,  495,  391,  625,  128,  429,    0,  305,  473,  365,  501,  649,  525,  448,  325,  192,  312,  748,  629,  234,  195,  400,  334,  204,  414,  581,  204,  325,  197,  410,  149,  183,  179,  434,  225,  519,  146,  284,  642,  702,  638,  367,  196,  175,  456,  249,  474,  434,  438,  522,  442,  562,  441,  559,  607,  457,  539,  517,  416,  447,  411,  670,  151,  317,  491,  484,  195,  294,  103,  544,  398,  281,  676,  137,  354,  281,  303,  317,  288,  459,  341,  320,  135,  460,  436,  523,  718,  282,  221,  476,  441,  116,  311,  329,  634,  159,  102,  270,  677,  236,   51,  597,  296,  366,  480,  235,  145,  525,  413,  559,  269,  324,  534,  459,  195,  649,  612,  454,  444,  471,  121,  482,  366,  214,  433,  772,  552,  383,  434,  151,  446,  476,  380,  387,  730,  427,  516,  404,  465,  440,  419,  173,  158,  179,  232,  242,  414,  485,  324,  398,  163,  374,   69,  446,  311,  645,  355,  585,  394,  414,  558,  680,   65,  315,  355,  265,  336,  293,  287,  421,  536,  419,  584,  569,  421],
        [  120,    0,  439,  306,  248,  427,  131,  538,  414,  177,  289,  414,  703,  727,  164,  191,  733,  556,  349,  420,  486,  360,  626,  690,  320,  230,  314,  305,    0,  175,  110,  199,  690,  493,  350,   20,  473,  617,  474,  578,  525,  494,  514,  448,  501,  242,  317,  497,  404,  478,  107,  273,  157,  404,  567,  521,  216,  249,  538,  353,  458,  614,  642,  259,  329,  310,  222,  778,  182,  135,  335,  646,  536,  744,  273,  692,  760,  489,  819,  461,  221,  422,  378,  450,  378,  656,  664,  388,  400,  397,  279,  668,  304,  451,  210,  394,  586,  578,  589,  397,  480,  209,  504,  427,  251,  325,  427,  798,  587,  523,  692,  336,  391,  382,  250,  611,  274,  343,  413,  375,  508,  257,  673,  401,  153,  436,  459,  225,  623,  667,  675,  416,  392,  231,  763,  212,  700,  580,  419,  212,  590,  226,  687,  104,  159,  734,  478,  649,  675,  732,  391,  340,  595,  249,  689,  447,  562,  312,  106,  169,  733,  262,  337,  332,  128,  510,  524,  602,  422,  606,  546,  264,  437,  275,  750,  488,  749,  345,  463,  269,  112,  500,  727,  242,   73,  258,  536,  517,  530,  564,  128,  234,  633,  331,  292,  679],
        [  264,    0,  575,  277,  422,  399,   91,  713,  502,  337,  176,  447,  855,  895,  293,  321,  900,  558,  501,  335,  591,  522,  782,  861,  173,  376,  307,  473,  175,    0,  124,  109,  817,  496,  343,  157,  647,  783,  399,  556,  679,  665,  592,  536,  673,  221,  283,  653,  561,  652,  107,  408,  332,  578,  726,  678,  110,  423,  675,  267,  425,  719,  785,  429,  457,  395,  382,  941,  107,   45,  260,  816,  646,  905,  209,  833,  921,  481,  977,  513,  271,  559,  276,  610,  533,  818,  829,  517,  562,  569,  134,  843,  386,  440,  385,  543,  750,  753,  764,  491,  614,  244,  674,  599,  305,  426,  400,  933,  753,  693,  862,  328,  544,  463,  385,  716,  406,  518,  519,  243,  654,  423,  813,  563,  161,  443,  589,  399,  771,  842,  826,  584,  547,   69,  931,  335,  829,  685,  435,  261,  745,  376,  857,  119,  286,  892,  363,  795,  848,  904,  566,  440,  749,  361,  849,  357,  722,  228,   70,  131,  885,  353,  466,  466,  295,  685,  698,  771,  529,  753,  709,  437,  587,  432,  918,  597,  894,  485,  533,  377,   64,  601,  855,  408,  211,  289,  680,  686,  661,  710,   53,   68,  803,  311,  129,  853],
