{
    "name": "random-28-10609",
    "comment": "size=28 seed=10609",
    "nodes": ["+0", "-0", "+1", "-1", "+2", "-2", "+3", "-3", "+4", "-4", "+5", "-5", "+6", "-6", "+7", "-7", "+8", "-8", "+9", "-9", "+10", "-10", "+11", "-11", "+12", "-12", "+13", "-13", "+14", "-14", "+15", "-15", "+16", "-16", "+17", "-17", "+18", "-18", "+19", "-19", "+20", "-20", "+21", "-21", "+22", "-22", "+23", "-23", "+24", "-24", "+25", "-25", "+26", "-26", "+27", "-27", "+28", "-28"],
    "precedence": {
        "+0": "-0",
        "+1": "-1",
        "+2": "-2",
        "+3": "-3",
        "+4": "-4",
        "+5": "-5",
        "+6": "-6",
        "+7": "-7",
        "+8": "-8",
        "+9": "-9",
        "+10": "-10",
        "+11": "-11",
        "+12": "-12",
        "+13": "-13",
        "+14": "-14",
        "+15": "-15",
        "+16": "-16",
        "+17": "-17",
        "+18": "-18",
        "+19": "-19",
        "+20": "-20",
        "+21": "-21",
        "+22": "-22",
        "+23": "-23",
        "+24": "-24",
        "+25": "-25",
        "+26": "-26",
        "+27": "-27",
        "+28": "-28"
    },
    "edges": [
        [    0,    0,  247,   71,  366,  667,  714,  792,  480,  944,  674,  138,  405,   14,  616,  618,  130,  697,  302,  823,  576,  725,  929,  295,  385,  403,  170,  820,  915,  478,  775,  275,  232,   53,  481,  843,  870,  900,  911,  716,  763,   99,  128,  507,  786,  729,  335,  811,  599,  210,  552,  823,  648,  256,  289,  721,   60,  809],
        [    0,    0,  247,   71,  366,  667,  714,  792,  480,  944,  674,  138,  405,   14,  616,  618,  130,  697,  302,  823,  576,  725,  929,  295,  385,  403,  170,  820,  915,  478,  775,  275,  232,   53,  481,  843,  870,  900,  911,  716,  763,   99,  128,  507,  786,  729,  335,  811,  599,  210,  552,  823,  648,  256,  289,  721,   60,  809],
        [  247,  247,    0,  318,  352,  482,  505,  597,  242,  742,  487,  312,  159,  259,  377,  475,  156,  474,  348,  577,  347,  495,  697,  222,  204,  353,  113,  656,  693,  250,  544,  245,  178,  257,  395,  598,  679,  654,  755,  499,  614,  295,  295,  354,  547,  495,  255,  565,  541,  399,  405,  678,  423,   10,  343,  480,  272,  565],
        [   71,   71,  318,    0,  401,  727,  778,  853,  550, 1005,  735,  137,  476,   60,  686,  672,  194,  764,  323,  894,  645,  793,  998,  345,  448,  445,  237,  873,  980,  546,  843,  322,  288,   86,  527,  913,  929,  971,  961,  781,  814,   99,  135,  565,  856,  797,  387,  882,  631,  181,  605,  872,  716,  327,  308,  791,   75,  880],
        [  366,  366,  352,  401,    0,  411,  819,  920,  534, 1054,  421,  503,  425,  366,  509,  313,  268,  516,  637,  746,  443,  777,  750,  556,  553,   59,  404,  997,  978,  563,  818,  111,  179,  321,  145,  803, 1004,  848, 1098,  804,  961,  465,  491,  248,  793,  767,  113,  766,  884,  574,  755, 1025,  486,  354,  627,  725,  425,  706],
        [  667,  667,  482,  727,  411,    0,  693,  797,  463,  888,   12,  776,  399,  673,  258,  127,  537,  161,  828,  438,  208,  601,  354,  687,  593,  353,  592,  918,  773,  511,  623,  424,  440,  643,  277,  521,  872,  546, 1015,  663,  911,  748,  759,  170,  564,  581,  354,  487,  959,  862,  757,  970,  173,  476,  824,  511,  715,  381],
        [  714,  714,  505,  778,  819,  693,    0,  107,  286,  238,  689,  701,  395,  728,  436,  774,  659,  561,  578,  388,  488,  115,  632,  453,  331,  797,  545,  231,  209,  260,  138,  728,  670,  743,  796,  322,  188,  370,  324,   37,  246,  710,  688,  685,  213,  141,  708,  322,  445,  765,  240,  294,  526,  498,  589,  214,  709,  433],
        [  792,  792,  597,  853,  920,  797,  107,    0,  389,  153,  793,  764,  497,  806,  540,  880,  747,  662,  623,  467,  593,  204,  715,  515,  410,  900,  625,  142,  189,  358,  206,  826,  767,  825,  901,  391,   84,  430,  224,  135,  182,  778,  752,  791,  286,  229,  809,  399,  435,  821,  271,  213,  629,  591,  635,  305,  781,  519],
        [  480,  480,  242,  550,  534,  463,  286,  389,    0,  521,  462,  511,  109,  493,  242,  518,  397,  375,  461,  368,  261,  256,  545,  304,  165,  511,  317,  481,  456,   49,  303,  444,  390,  497,  516,  369,  472,  428,  582,  272,  460,  506,  495,  415,  307,  254,  422,  341,  505,  591,  295,  523,  326,  233,  465,  242,  493,  373],
        [  944,  944,  742, 1005, 1054,  888,  238,  153,  521,    0,  882,  917,  630,  957,  632,  983,  894,  740,  773,  504,  693,  291,  747,  668,  560, 1029,  775,  212,  139,  497,  265,  964,  907,  975, 1023,  415,   91,  435,  231,  250,  281,  930,  905,  905,  332,  309,  942,  436,  560,  973,  421,  278,  716,  735,  786,  378,  934,  563],
        [  674,  674,  487,  735,  421,   12,  689,  793,  462,  882,    0,  782,  401,  680,  253,  138,  544,  152,  832,  429,  206,  596,  343,  690,  594,  363,  597,  914,  767,  510,  617,  433,  448,  651,  288,  513,  867,  537, 1011,  658,  908,  755,  766,  179,  558,  575,  364,  479,  960,  869,  757,  967,  167,  481,  828,  505,  721,  372],
        [  138,  138,  312,  137,  503,  776,  701,  764,  511,  917,  782,    0,  461,  142,  688,  740,  251,  785,  190,  873,  658,  733, 1008,  249,  378,  538,  203,  768,  908,  495,  783,  408,  357,  188,  613,  879,  836,  938,  851,  709,  704,   41,   18,  625,  808,  741,  463,  850,  502,   88,  503,  759,  734,  321,  174,  748,   80,  868],
        [  405,  405,  159,  476,  425,  399,  395,  497,  109,  630,  401,  461,    0,  417,  232,  433,  306,  347,  453,  419,  220,  359,  553,  300,  194,  404,  259,  584,  561,  143,  405,  337,  286,  413,  413,  440,  580,  497,  685,  380,  557,  448,  444,  322,  397,  354,  313,  407,  562,  547,  373,  620,  295,  150,  453,  328,  428,  408],
        [   14,   14,  259,   60,  366,  673,  728,  806,  493,  957,  680,  142,  417,    0,  626,  623,  137,  706,  311,  835,  586,  738,  939,  307,  398,  404,  184,  833,  928,  491,  788,  277,  236,   47,  483,  855,  883,  912,  923,  729,  776,  102,  133,  513,  799,  742,  339,  823,  610,  209,  564,  835,  657,  268,  297,  734,   63,  820],
        [  616,  616,  377,  686,  509,  258,  436,  540,  242,  632,  253,  688,  232,  626,    0,  353,  499,  135,  681,  238,   69,  344,  322,  526,  401,  464,  486,  663,  523,  289,  368,  462,  439,  613,  427,  299,  614,  340,  759,  405,  661,  671,  671,  295,  316,  324,  408,  261,  745,  775,  528,  719,   92,  368,  682,  257,  647,  203],
        [  618,  618,  475,  672,  313,  127,  774,  880,  518,  983,  138,  740,  433,  623,  353,    0,  492,  282,  820,  557,  290,  693,  479,  693,  622,  255,  576,  991,  875,  563,  720,  353,  387,  587,  170,  636,  958,  665, 1090,  747,  976,  708,  725,  121,  668,  674,  286,  600,  990,  823,  804, 1038,  281,  471,  814,  609,  672,  502],
        [  130,  130,  156,  194,  268,  537,  659,  747,  397,  894,  544,  251,  306,  137,  499,  492,    0,  571,  370,  716,  454,  651,  806,  303,  343,  293,  147,  796,  848,  405,  699,  163,  106,  115,  364,  745,  829,  800,  893,  654,  748,  217,  236,  379,  700,  650,  213,  711,  631,  332,  535,  811,  523,  164,  360,  632,  181,  697],
        [  697,  697,  474,  764,  516,  161,  561,  662,  375,  740,  152,  785,  347,  706,  135,  282,  571,    0,  799,  278,  129,  460,  240,  647,  529,  463,  586,  790,  620,  422,  476,  497,  492,  685,  403,  361,  732,  385,  883,  528,  792,  764,  768,  273,  411,  437,  433,  327,  879,  873,  663,  848,   53,  466,  799,  364,  736,  221],
        [  302,  302,  348,  323,  637,  828,  578,  623,  461,  773,  832,  190,  453,  311,  681,  820,  370,  799,    0,  825,  671,  635,  999,  157,  299,  659,  246,  604,  786,  429,  683,  530,  467,  354,  721,  811,  687,  871,  679,  595,  536,  225,  189,  700,  724,  649,  571,  789,  314,  211,  353,  586,  746,  353,   16,  674,  253,  833],
        [  823,  823,  577,  894,  746,  438,  388,  467,  368,  504,  429,  873,  419,  835,  238,  557,  716,  278,  825,    0,  304,  273,  249,  670,  527,  700,  674,  608,  371,  396,  262,  697,  669,  828,  657,   92,  520,  109,  688,  351,  633,  864,  857,  524,  183,  247,  645,   70,  801,  956,  575,  676,  279,  568,  830,  179,  846,   62],
        [  576,  576,  347,  645,  443,  208,  488,  593,  261,  693,  206,  658,  220,  586,   69,  290,  454,  129,  671,  304,    0,  403,  354,  519,  406,  397,  459,  711,  587,  309,  431,  402,  385,  568,  358,  367,  670,  408,  808,  459,  703,  639,  641,  226,  382,  384,  345,  330,  763,  746,  555,  762,   77,  339,  670,  321,  612,  265],
        [  725,  725,  495,  793,  777,  601,  115,  204,  256,  291,  596,  733,  359,  738,  344,  693,  651,  460,  635,  273,  403,    0,  518,  494,  356,  747,  557,  341,  203,  248,   51,  695,  644,  746,  735,  211,  272,  263,  428,   78,  360,  736,  718,  615,  103,   27,  665,  208,  545,  805,  327,  406,  431,  487,  644,  102,  729,  319],
        [  929,  929,  697,  998,  750,  354,  632,  715,  545,  747,  343, 1008,  553,  939,  322,  479,  806,  240,  999,  249,  354,  518,    0,  843,  710,  694,  806,  856,  610,  586,  510,  736,  731,  920,  626,  332,  767,  316,  936,  595,  877,  990,  991,  503,  431,  492,  671,  318, 1025, 1095,  799,  923,  284,  688, 1001,  419,  965,  200],
        [  295,  295,  222,  345,  556,  687,  453,  515,  304,  668,  690,  249,  300,  307,  526,  693,  303,  647,  157,  670,  519,  494,  843,    0,  145,  566,  156,  528,  661,  274,  543,  446,  378,  338,  615,  660,  589,  719,  617,  464,  469,  263,  238,  572,  577,  505,  470,  636,  330,  313,  260,  529,  594,  225,  161,  523,  271,  676],
        [  385,  385,  204,  448,  553,  593,  331,  410,  165,  560,  594,  378,  194,  398,  401,  622,  343,  529,  299,  527,  406,  356,  710,  145,    0,  548,  216,  455,  534,  131,  406,  448,  382,  416,  578,  515,  489,  575,  553,  335,  411,  383,  364,  507,  435,  365,  451,  492,  369,  451,  202,  474,  478,  200,  304,  379,  380,  536],
        [  403,  403,  353,  445,   59,  353,  797,  900,  511, 1029,  363,  538,  404,  404,  464,  255,  293,  463,  659,  700,  397,  747,  694,  566,  548,    0,  419,  983,  947,  545,  787,  131,  193,  362,   88,  760,  983,  804, 1084,  779,  950,  500,  525,  192,  757,  736,   98,  723,  892,  613,  749, 1015,  434,  353,  650,  689,  462,  658],
        [  170,  170,  113,  237,  404,  592,  545,  625,  317,  775,  597,  203,  259,  184,  486,  576,  147,  586,  246,  674,  459,  557,  806,  156,  216,  419,    0,  661,  745,  310,  607,  294,  227,  201,  477,  685,  704,  743,  755,  546,  608,  191,  186,  456,  622,  561,  327,  655,  484,  290,  395,  670,  534,  121,  240,  558,  176,  666],
        [  820,  820,  656,  873,  997,  918,  231,  142,  481,  212,  914,  768,  584,  833,  663,  991,  796,  790,  604,  608,  711,  341,  856,  528,  455,  983,  661,    0,  309,  442,  347,  896,  833,  859,  995,  532,  126,  570,  102,  266,   74,  788,  759,  895,  427,  367,  889,  540,  356,  812,  269,   73,  754,  651,  618,  442,  799,  658],
        [  915,  915,  693,  980,  978,  773,  209,  189,  456,  139,  767,  908,  561,  928,  523,  875,  848,  620,  786,  371,  587,  203,  610,  661,  534,  947,  745,  309,    0,  443,  161,  897,  846,  940,  932,  281,  187,  298,  356,  200,  365,  916,  895,  807,  210,  212,  866,  305,  622,  973,  441,  381,  601,  685,  797,  267,  913,  431],
        [  478,  478,  250,  546,  563,  511,  260,  358,   49,  497,  510,  495,  143,  491,  289,  563,  405,  422,  429,  396,  309,  248,  586,  274,  131,  545,  310,  442,  443,    0,  298,  469,  411,  499,  554,  388,  441,  447,  543,  251,  417,  494,  480,  458,  314,  252,  453,  362,  457,  573,  247,  480,  374,  242,  434,  254,  484,  407],
        [  775,  775,  544,  843,  818,  623,  138,  206,  303,  265,  617,  783,  405,  788,  368,  720,  699,  476,  683,  262,  431,   51,  510,  543,  406,  787,  607,  347,  161,  298,    0,  739,  690,  796,  771,  187,  262,  233,  427,  104,  376,  786,  768,  648,   80,   51,  707,  193,  580,  855,  367,  416,  451,  535,  692,  113,  779,  314],
        [  275,  275,  245,  322,  111,  424,  728,  826,  444,  964,  433,  408,  337,  277,  462,  353,  163,  497,  530,  697,  402,  695,  736,  446,  448,  131,  294,  896,  897,  469,  739,    0,   69,  238,  207,  744,  909,  793,  996,  716,  857,  371,  395,  255,  722,  688,   70,  707,  774,  485,  649,  921,  458,  248,  520,  653,  333,  664],
        [  232,  232,  178,  288,  179,  440,  670,  767,  390,  907,  448,  357,  286,  236,  439,  387,  106,  492,  467,  669,  385,  644,  731,  378,  382,  193,  227,  833,  846,  411,  690,   69,    0,  204,  259,  709,  850,  761,  932,  660,  792,  322,  342,  277,  679,  639,  108,  673,  706,  438,  583,  855,  448,  182,  458,  609,  285,  641],
        [   53,   53,  257,   86,  321,  643,  743,  825,  497,  975,  651,  188,  413,   47,  613,  587,  115,  685,  354,  828,  568,  746,  920,  338,  416,  362,  201,  859,  940,  499,  796,  238,  204,    0,  443,  853,  904,  909,  951,  742,  804,  148,  179,  480,  803,  748,  302,  820,  648,  253,  591,  864,  638,  266,  341,  736,  109,  810],
        [  481,  481,  395,  527,  145,  277,  796,  901,  516, 1023,  288,  613,  413,  483,  427,  170,  364,  403,  721,  657,  358,  735,  626,  615,  578,   88,  477,  995,  932,  554,  771,  207,  259,  443,    0,  725,  983,  763, 1096,  776,  968,  577,  599,  134,  734,  722,  152,  687,  934,  691,  776, 1032,  382,  394,  713,  668,  538,  610],
        [  843,  843,  598,  913,  803,  521,  322,  391,  369,  415,  513,  879,  440,  855,  299,  636,  745,  361,  811,   92,  367,  211,  332,  660,  515,  760,  685,  532,  281,  388,  187,  744,  709,  853,  725,    0,  437,   60,  607,  286,  563,  874,  863,  592,  110,  187,  697,   38,  753,  959,  532,  602,  356,  588,  818,  139,  860,  153],
        [  870,  870,  679,  929, 1004,  872,  188,   84,  472,   91,  867,  836,  580,  883,  614,  958,  829,  732,  687,  520,  670,  272,  767,  589,  489,  983,  704,  126,  187,  441,  262,  909,  850,  904,  983,  437,    0,  467,  173,  212,  192,  851,  825,  872,  339,  295,  893,  451,  469,  889,  336,  197,  702,  673,  700,  370,  857,  575],
        [  900,  900,  654,  971,  848,  546,  370,  430,  428,  435,  537,  938,  497,  912,  340,  665,  800,  385,  871,  109,  408,  263,  316,  719,  575,  804,  743,  570,  298,  447,  233,  793,  761,  909,  763,   60,  467,    0,  639,  335,  606,  933,  922,  630,  160,  240,  744,   90,  807, 1018,  587,  642,  387,  645,  877,  197,  918,  166],
        [  911,  911,  755,  961, 1098, 1015,  324,  224,  582,  231, 1011,  851,  685,  923,  759, 1090,  893,  883,  679,  688,  808,  428,  936,  617,  553, 1084,  755,  102,  356,  543,  427,  996,  932,  951, 1096,  607,  173,  639,    0,  356,  148,  874,  843,  995,  506,  453,  990,  619,  404,  889,  361,   94,  849,  750,  694,  529,  886,  740],
        [  716,  716,  499,  781,  804,  663,   37,  135,  272,  250,  658,  709,  380,  729,  405,  747,  654,  528,  595,  351,  459,   78,  595,  464,  335,  779,  546,  266,  200,  251,  104,  716,  660,  742,  776,  286,  212,  335,  356,    0,  283,  717,  696,  661,  177,  104,  692,  285,  476,  776,  266,  330,  495,  492,  605,  178,  714,  396],
        [  763,  763,  614,  814,  961,  911,  246,  182,  460,  281,  908,  704,  557,  776,  661,  976,  748,  792,  536,  633,  703,  360,  877,  469,  411,  950,  608,   74,  365,  417,  376,  857,  792,  804,  968,  563,  192,  606,  148,  283,    0,  726,  696,  874,  455,  387,  855,  566,  282,  745,  214,   65,  752,  610,  550,  459,  739,  678],
        [   99,   99,  295,   99,  465,  748,  710,  778,  506,  930,  755,   41,  448,  102,  671,  708,  217,  764,  225,  864,  639,  736,  990,  263,  383,  500,  191,  788,  916,  494,  786,  371,  322,  148,  577,  874,  851,  933,  874,  717,  726,    0,   36,  594,  807,  743,  429,  845,  534,  116,  521,  783,  713,  304,  209,  745,   40,  856],
        [  128,  128,  295,  135,  491,  759,  688,  752,  495,  905,  766,   18,  444,  133,  671,  725,  236,  768,  189,  857,  641,  718,  991,  238,  364,  525,  186,  759,  895,  480,  768,  395,  342,  179,  599,  863,  825,  922,  843,  696,  696,   36,    0,  609,  793,  726,  449,  834,  499,  105,  493,  752,  717,  304,  174,  732,   71,  851],
        [  507,  507,  354,  565,  248,  170,  685,  791,  415,  905,  179,  625,  322,  513,  295,  121,  379,  273,  700,  524,  226,  615,  503,  572,  507,  192,  456,  895,  807,  458,  648,  255,  277,  480,  134,  592,  872,  630,  995,  661,  874,  594,  609,    0,  606,  600,  186,  555,  873,  709,  694,  937,  249,  350,  694,  542,  558,  477],
        [  786,  786,  547,  856,  793,  564,  213,  286,  307,  332,  558,  808,  397,  799,  316,  668,  700,  411,  724,  183,  382,  103,  431,  577,  435,  757,  622,  427,  210,  314,   80,  722,  679,  803,  734,  110,  339,  160,  506,  177,  455,  807,  793,  606,    0,   80,  683,  114,  647,  884,  428,  496,  392,  538,  732,   70,  797,  236],
        [  729,  729,  495,  797,  767,  581,  141,  229,  254,  309,  575,  741,  354,  742,  324,  674,  650,  437,  649,  247,  384,   27,  492,  505,  365,  736,  561,  367,  212,  252,   51,  688,  639,  748,  722,  187,  295,  240,  453,  104,  387,  743,  726,  600,   80,    0,  656,  183,  568,  815,  348,  432,  409,  486,  657,   76,  735,  293],
        [  335,  335,  255,  387,  113,  354,  708,  809,  422,  942,  364,  463,  313,  339,  408,  286,  213,  433,  571,  645,  345,  665,  671,  470,  451,   98,  327,  889,  866,  453,  707,   70,  108,  302,  152,  697,  893,  744,  990,  692,  855,  429,  449,  186,  683,  656,    0,  660,  795,  543,  652,  919,  396,  256,  562,  614,  391,  609],
        [  811,  811,  565,  882,  766,  487,  322,  399,  341,  436,  479,  850,  407,  823,  261,  600,  711,  327,  789,   70,  330,  208,  318,  636,  492,  723,  655,  540,  305,  362,  193,  707,  673,  820,  687,   38,  451,   90,  619,  285,  566,  845,  834,  555,  114,  183,  660,    0,  744,  931,  521,  609,  320,  556,  795,  122,  829,  127],
        [  599,  599,  541,  631,  884,  959,  445,  435,  505,  560,  960,  502,  562,  610,  745,  990,  631,  879,  314,  801,  763,  545, 1025,  330,  369,  892,  484,  356,  622,  457,  580,  774,  706,  648,  934,  753,  469,  807,  404,  476,  282,  534,  499,  873,  647,  568,  795,  744,    0,  518,  226,  312,  830,  541,  329,  623,  558,  831],
        [  210,  210,  399,  181,  574,  862,  765,  821,  591,  973,  869,   88,  547,  209,  775,  823,  332,  873,  211,  956,  746,  805, 1095,  313,  451,  613,  290,  812,  973,  573,  855,  485,  438,  253,  691,  959,  889, 1018,  889,  776,  745,  116,  105,  709,  884,  815,  543,  931,  518,    0,  554,  796,  821,  408,  196,  826,  153,  953],
        [  552,  552,  405,  605,  755,  757,  240,  271,  295,  421,  757,  503,  373,  564,  528,  804,  535,  663,  353,  575,  555,  327,  799,  260,  202,  749,  395,  269,  441,  247,  367,  649,  583,  591,  776,  532,  336,  587,  361,  266,  214,  521,  493,  694,  428,  348,  652,  521,  226,  554,    0,  276,  616,  402,  366,  399,  531,  605],
        [  823,  823,  678,  872, 1025,  970,  294,  213,  523,  278,  967,  759,  620,  835,  719, 1038,  811,  848,  586,  676,  762,  406,  923,  529,  474, 1015,  670,   73,  381,  480,  416,  921,  855,  864, 1032,  602,  197,  642,   94,  330,   65,  783,  752,  937,  496,  432,  919,  609,  312,  796,  276,    0,  810,  674,  601,  507,  797,  725],
        [  648,  648,  423,  716,  486,  173,  526,  629,  326,  716,  167,  734,  295,  657,   92,  281,  523,   53,  746,  279,   77,  431,  284,  594,  478,  434,  534,  754,  601,  374,  451,  458,  448,  638,  382,  356,  702,  387,  849,  495,  752,  713,  717,  249,  392,  409,  396,  320,  830,  821,  616,  810,    0,  414,  746,  339,  686,  229],
        [  256,  256,   10,  327,  354,  476,  498,  591,  233,  735,  481,  321,  150,  268,  368,  471,  164,  466,  353,  568,  339,  487,  688,  225,  200,  353,  121,  651,  685,  242,  535,  248,  182,  266,  394,  588,  673,  645,  750,  492,  610,  304,  304,  350,  538,  486,  256,  556,  541,  408,  402,  674,  414,    0,  349,  471,  281,  555],
        [  289,  289,  343,  308,  627,  824,  589,  635,  465,  786,  828,  174,  453,  297,  682,  814,  360,  799,   16,  830,  670,  644, 1001,  161,  304,  650,  240,  618,  797,  434,  692,  520,  458,  341,  713,  818,  700,  877,  694,  605,  550,  209,  174,  694,  732,  657,  562,  795,  329,  196,  366,  601,  746,  349,    0,  681,  239,  837],
        [  721,  721,  480,  791,  725,  511,  214,  305,  242,  378,  505,  748,  328,  734,  257,  609,  632,  364,  674,  179,  321,  102,  419,  523,  379,  689,  558,  442,  267,  254,  113,  653,  609,  736,  668,  139,  370,  197,  529,  178,  459,  745,  732,  542,   70,   76,  614,  122,  623,  826,  399,  507,  339,  471,  681,    0,  733,  220],
        [   60,   60,  272,   75,  425,  715,  709,  781,  493,  934,  721,   80,  428,   63,  647,  672,  181,  736,  253,  846,  612,  729,  965,  271,  380,  462,  176,  799,  913,  484,  779,  333,  285,  109,  538,  860,  857,  918,  886,  714,  739,   40,   71,  558,  797,  735,  391,  829,  558,  153,  531,  797,  686,  281,  239,  733,    0,  835],
        [  809,  809,  565,  880,  706,  381,  433,  519,  373,  563,  372,  868,  408,  820,  203,  502,  697,  221,  833,   62,  265,  319,  200,  676,  536,  658,  666,  658,  431,  407,  314,  664,  641,  810,  610,  153,  575,  166,  740,  396,  678,  856,  851,  477,  236,  293,  609,  127,  831,  953,  605,  725,  229,  555,  837,  220,  835,    0]
    ]
}
