{
    "name": "random-83-2707",
    "comment": "size=83 seed=2707",
    "nodes": ["+0", "-0", "+1", "-1", "+2", "-2", "+3", "-3", "+4", "-4", "+5", "-5", "+6", "-6", "+7", "-7", "+8", "-8", "+9", "-9", "+10", "-10", "+11", "-11", "+12", "-12", "+13", "-13", "+14", "-14", "+15", "-15", "+16", "-16", "+17", "-17", "+18", "-18", "+19", "-19", "+20", "-20", "+21", "-21", "+22", "-22", "+23", "-23", "+24", "-24", "+25", "-25", "+26", "-26", "+27", "-27", "+28", "-28", "+29", "-29", "+30", "-30", "+31", "-31", "+32", "-32", "+33", "-33", "+34", "-34", "+35", "-35", "+36", "-36", "+37", "-37", "+38", "-38", "+39", "-39", "+40", "-40", "+41", "-41", "+42", "-42", "+43", "-43", "+44", "-44", "+45", "-45", "+46", "-46", "+47", "-47", "+48", "-48", "+49", "-49", "+50", "-50", "+51", "-51", "+52", "-52", "+53", "-53", "+54", "-54", "+55", "-55", "+56", "-56", "+57", "-57", "+58", "-58", "+59", "-59", "+60", "-60", "+61", "-61", "+62", "-62", "+63", "-63", "+64", "-64", "+65", "-65", "+66", "-66", "+67", "-67", "+68", "-68", "+69", "-69", "+70", "-70", "+71", "-71", "+72", "-72", "+73", "-73", "+74", "-74", "+75", "-75", "+76", "-76", "+77", "-77", "+78", "-78", "+79", "-79", "+80", "-80", "+81", "-81", "+82", "-82", "+83", "-83"],
    "precedence": {
        "+0": "-0",
        "+1": "-1",
        "+2": "-2",
        "+3": "-3",
        "+4": "-4",
        "+5": "-5",
        "+6": "-6",
        "+7": "-7",
        "+8": "-8",
        "+9": "-9",
        "+10": "-10",
        "+11": "-11",
        "+12": "-12",
        "+13": "-13",
        "+14": "-14",
        "+15": "-15",
        "+16": "-16",
        "+17": "-17",
        "+18": "-18",
        "+19": "-19",
        "+20": "-20",
        "+21": "-21",
        "+22": "-22",
        "+23": "-23",
        "+24": "-24",
        "+25": "-25",
        "+26": "-26",
        "+27": "-27",
        "+28": "-28",
        "+29": "-29",
        "+30": "-30",
        "+31": "-31",
        "+32": "-32",
        "+33": "-33",
        "+34": "-34",
        "+35": "-35",
        "+36": "-36",
        "+37": "-37",
        "+38": "-38",
        "+39": "-39",
        "+40": "-40",
        "+41": "-41",
        "+42": "-42",
        "+43": "-43",
        "+44": "-44",
        "+45": "-45",
        "+46": "-46",
        "+47": "-47",
        "+48": "-48",
        "+49": "-49",
        "+50": "-50",
        "+51": "-51",
        "+52": "-52",
        "+53": "-53",
        "+54": "-54",
        "+55": "-55",
        "+56": "-56",
        "+57": "-57",
        "+58": "-58",
        "+59": "-59",
        "+60": "-60",
        "+61": "-61",
        "+62": "-62",
        "+63": "-63",
        "+64": "-64",
        "+65": "-65",
        "+66": "-66",
        "+67": "-67",
        "+68": "-68",
        "+69": "-69",
        "+70": "-70",
        "+71": "-71",
        "+72": "-72",
        "+73": "-73",
        "+74": "-74",
        "+75": "-75",
        "+76": "-76",
        "+77": "-77",
        "+78": "-78",
        "+79": "-79",
        "+80": "-80",
        "+81": "-81",
        "+82": "-82",
        "+83": "-83"
    },
    "edges": [
        [    0,    0,  432,  516,  399,  268,  269,  258,  399,  626,  439,  421,  749,  356,  205,  522,  251,  411,  231,  673,   79,  455,  369,  302,  437,  302,  672,  459,  703,  271,   50,  285,  730,  419,  191,  666,  571,  535,  134,  547,  787,  137,  585,  200,  184,  158,  244,  199,  719,  562,  640,  501,  538,  687,  462,  584,   99,  626,  728,  505,  643,  414,  259,  274,  468,  612,  489,  255,  486,  239,  466,  537,  380,  153,  202,  273,  559,  435,  431,  561,   92,  178,  460,  573,  459,  453,   25,  195,  466,  298,  471,  646,  239,  699,  301,  343,  678,  718,  610,  415,  540,   61,  108,  351,  677,  861,  163,  246,  416,  175,  472,  425,  484,  247,  198,  416,  560,  719,   36,  472,  533,  638,  132,  176,  309,  492,  482,  652,  670,  658,   92,  471,  597,  367,  188,  267,  376,  644,  489,  390,  252,  351,  459,  734,  391,  383,  642,  646,  670,  141,   76,  512,  311,  229,  354,  373,  423,  299,  585,  358,  810,  522,  363,  479,  483,  208,  272,  222],
        [    0,    0,    0,    0,    0,    0,    0,    0,    0,    0,    0,    0,    0,    0,    0,    0,    0,    0,    0,    0,    0,    0,    0,    0,    0,    0,    0,    0,    0,    0,    0,    0,    0,    0,    0,    0,    0,    0,    0,    0,    0,    0,    0,    0,    0,    0,    0,    0,    0,    0,    0,    0,    0,    0,    0,    0,    0,    0,    0,    0,    0,    0,    0,    0,    0,    0,    0,    0,    0,    0,    0,    0,    0,    0,    0,    0,    0,    0,    0,    0,    0,    0,    0,    0,    0,    0,    0,    0,    0,    0,    0,    0,    0,    0,    0,    0,    0,    0,    0,    0,    0,    0,    0,    0,    0,    0,    0,    0,    0,    0,    0,    0,    0,    0,    0,    0,    0,    0,    0,    0,    0,    0,    0,    0,    0,    0,    0,    0,    0,    0,    0,    0,    0,    0,    0,    0,    0,    0,    0,    0,    0,    0,    0,    0,    0,    0,    0,    0,    0,    0,    0,    0,    0,    0,    0,    0,    0,    0,    0,    0,    0,    0,    0,    0,    0,    0,    0,    0],
        [  432,    0,    0,  122,  177,  695,  318,  218,  351,  409,  605,  704,  367,   77,  578,  176,  678,  780,  656,  443,  456,  221,  693,  153,  137,  434,  241,  144,  274,  687,  432,  413,  375,  755,  608,  538,  200,  230,  341,  637,  534,  567,  477,  314,  416,  341,  630,  263,  362,  612,  214,  528,  191,  369,  245,  180,  529,  349,  413,  766,  236,  262,  255,  592,  334,  181,  245,  535,   99,  450,  349,  764,  737,  530,  631,  164,  128,  693,  137,  137,  484,  263,  666,  367,  330,  607,  454,  617,  122,  161,  455,  519,  421,  366,  178,  495,  325,  446,  214,  248,  318,  492,  325,  561,  250,  582,  400,  667,  383,  600,  198,  631,  393,  453,  366,   50,  482,  461,  397,  400,  703,  510,  555,  579,  607,  684,  544,  323,  239,  279,  437,  159,  292,  660,  427,  431,  750,  394,  426,  234,  621,  637,  232,  466,  719,  460,  374,  415,  350,  480,  503,  718,  157,  541,  621,  555,  707,  265,  843,  674,  515,  628,  386,  135,  290,  638,  498,  479],
        [  516,    0,  122,    0,  160,  768,  438,  332,  327,  503,  601,  821,  248,  179,  634,   70,  767,  887,  729,  341,  526,  165,  726,  215,  249,  554,  193,   87,  237,  754,  525,  429,  417,  867,  701,  457,  261,  319,  445,  608,  423,  646,  408,  362,  527,  449,  687,  326,  405,  574,  134,  493,  269,  431,  186,   68,  615,  431,  472,  776,  255,  380,  372,  703,  448,  153,  172,  648,  184,  481,  464,  764,  845,  631,  718,  268,  113,  812,  106,  153,  553,  339,  668,  467,  446,  600,  536,  689,  222,  220,  418,  439,  450,  422,  224,  616,  204,  333,  249,  365,  419,  574,  414,  680,  171,  465,  509,  759,  355,  674,  130,  635,  508,  569,  479,  170,  421,  351,  482,  517,  692,  431,  645,  645,  640,  680,  517,  204,  180,  159,  537,   90,  370,  686,  470,  549,  857,  479,  379,  213,  673,  752,  174,  354,  752,  450,  456,  315,  414,  584,  582,  715,  209,  584,  738,  561,  823,  385,  848,  706,  575,  604,  376,   60,  399,  715,  524,  592],
        [  399,    0,  177,  160,    0,  632,  404,  291,  177,  581,  445,  759,  355,  163,  487,  133,  646,  797,  593,  311,  391,   66,  568,  119,  304,  517,  352,   75,  395,  611,  419,  270,  547,  788,  589,  375,  374,  405,  362,  463,  418,  517,  307,  218,  458,  376,  539,  200,  534,  436,  292,  353,  367,  545,   84,  216,  495,  525,  589,  617,  395,  408,  335,  626,  485,  306,  101,  579,  275,  324,  497,  607,  759,  533,  596,  215,  259,  757,   55,  289,  418,  225,  510,  536,  480,  444,  414,  552,  296,  118,  279,  355,  294,  541,  103,  581,  280,  338,  380,  396,  487,  451,  310,  633,  329,  483,  436,  644,  208,  540,   74,  477,  539,  513,  418,  216,  308,  345,  367,  542,  538,  346,  530,  503,  482,  524,  371,  254,  339,  267,  440,   81,  468,  527,  319,  502,  763,  569,  250,   59,  522,  687,   75,  356,  594,  295,  550,  282,  526,  494,  454,  559,  103,  431,  677,  403,  761,  366,  690,  548,  692,  456,  220,  103,  450,  584,  366,  524],
        [  268,    0,  695,  768,  632,    0,  514,  525,  572,  873,  465,  467,  986,  619,  170,  762,  122,  353,   40,  859,  243,  678,  270,  555,  704,  502,  934,  701,  967,   53,  286,  422,  995,  407,  176,  808,  838,  799,  392,  592,  970,  132,  733,  415,  395,  410,  137,  443,  985,  629,  897,  600,  805,  949,  678,  835,  181,  884,  988,  424,  910,  670,  519,  353,  713,  875,  707,  384,  753,  352,  707,  479,  352,  261,  117,  540,  822,  500,  674,  827,  216,  434,  446,  822,  705,  483,  244,   80,  733,  549,  603,  792,  375,  962,  546,  517,  908,  916,  878,  673,  794,  208,  375,  485,  935, 1050,  387,  154,  575,   96,  702,  425,  716,  434,  433,  682,  698,  910,  302,  701,  524,  785,  182,  132,  279,  478,  566,  876,  931,  898,  307,  710,  860,  307,  329,  468,  322,  897,  638,  607,  170,  423,  679,  929,  274,  497,  898,  835,  932,  307,  194,  479,  560,  252,  442,  417,  468,  555,  486,  275, 1064,  564,  517,  724,  737,   64,  345,  391],
        [  269,    0,  318,  438,  404,  514,    0,  114,  508,  360,  658,  388,  684,  264,  473,  478,  449,  484,  483,  714,  340,  469,  634,  288,  242,  117,  526,  426,  543,  529,  234,  465,  497,  447,  369,  764,  366,  305,  138,  742,  820,  387,  688,  333,  130,  112,  513,  278,  488,  741,  523,  664,  328,  442,  488,  498,  334,  373,  479,  760,  453,  160,   69,  292,  201,  466,  504,  230,  316,  452,  197,  783,  438,  275,  414,  189,  423,  376,  403,  405,  359,  242,  696,  309,  192,  668,  293,  452,  279,  291,  609,  744,  437,  459,  314,  180,  638,  736,  417,  166,  282,  318,  202,  243,  555,  879,  130,  427,  537,  431,  466,  659,  216,  141,   83,  276,  676,  746,  247,  205,  760,  734,  336,  443,  565,  725,  659,  628,  532,  596,  208,  441,  357,  625,  404,  114,  460,  383,  605,  434,  521,  323,  478,  755,  657,  556,  386,  685,  427,  219,  339,  750,  305,  484,  306,  593,  391,   59,  841,  621,  551,  722,  504,  431,  225,  451,  498,  177],
        [  258,    0,  218,  332,  291,  525,  114,    0,  405,  388,  582,  489,  580,  155,  447,  368,  484,  564,  489,  601,  311,  356,  595,  176,  181,  229,  443,  314,  467,  529,  241,  383,  473,  538,  408,  655,  315,  277,  138,  655,  707,  393,  580,  250,  199,  130,  493,  188,  461,  648,  429,  568,  281,  431,  375,  395,  346,  374,  473,  705,  393,  174,   45,  375,  244,  382,  390,  318,  240,  384,  249,  720,  520,  323,  441,   76,  334,  481,  290,  325,  336,  158,  628,  335,  237,  591,  283,  453,  213,  179,  509,  634,  363,  442,  203,  292,  529,  623,  359,  170,  295,  317,  159,  351,  464,  766,  185,  469,  435,  433,  353,  591,  283,  237,  149,  183,  570,  632,  227,  279,  686,  625,  362,  429,  518,  654,  568,  517,  447,  490,  235,  329,  341,  576,  341,  219,  536,  399,  500,  323,  494,  421,  365,  642,  619,  466,  393,  572,  414,  269,  334,  683,  194,  439,  406,  520,  492,   82,  786,  579,  560,  637,  407,  320,  240,  463,  433,  262],
        [  399,    0,  351,  327,  177,  572,  508,  405,    0,  744,  278,  809,  458,  319,  406,  277,  619,  809,  535,  288,  358,  166,  441,  241,  468,  608,  518,  240,  563,  539,  436,  152,  723,  817,  580,  269,  550,  575,  421,  287,  399,  482,  189,  203,  521,  444,  453,  238,  710,  262,  451,  178,  541,  719,  151,  370,  479,  695,  764,  459,  571,  554,  445,  665,  631,  478,  176,  631,  449,  222,  641,  441,  778,  550,  569,  336,  433,  816,  228,  465,  378,  275,  346,  696,  625,  275,  405,  497,  466,  235,  108,  250,  197,  717,  208,  668,  371,  346,  556,  543,  648,  434,  349,  706,  484,  479,  496,  625,   33,  491,  202,  317,  679,  585,  495,  384,  170,  339,  377,  678,  366,  241,  520,  440,  359,  356,  194,  331,  503,  385,  470,  237,  640,  392,  245,  585,  773,  736,   98,  119,  429,  737,  159,  358,  465,  128,  719,  264,  700,  526,  429,  391,  225,  332,  733,  248,  811,  486,  527,  420,  866,  280,   62,  267,  605,  537,  246,  583],
        [  626,    0,  409,  503,  581,  873,  360,  388,  744,    0,  962,  630,  686,  426,  826,  571,  799,  777,  842,  843,  690,  630,  981,  508,  278,  393,  446,  552,  430,  889,  593,  761,  229,  719,  720,  947,  255,  185,  493, 1020,  922,  747,  886,  632,  480,  469,  869,  568,  228, 1004,  495,  920,  236,  155,  653,  527,  693,   90,  165, 1092,  319,  216,  372,  599,  160,  414,  653,  539,  321,  771,  167, 1106,  731,  624,  769,  428,  410,  597,  546,  368,  713,  543, 1013,   54,  169,  969,  650,  812,  289,  514,  851,  928,  748,  181,  540,  414,  684,  833,  294,  219,   98,  678,  541,  485,  507,  954,  487,  774,  776,  790,  606,  975,  171,  458,  441,  366,  889,  852,  599,  191, 1065,  919,  693,  801,  905, 1037,  929,  698,  466,  624,  567,  566,  144,  964,  729,  421,  763,   48,  828,  634,  874,  591,  641,  853, 1005,  833,   74,  816,  154,  571,  698, 1067,  522,  826,  565,  902,  632,  328, 1174,  966,  200, 1006,  765,  538,  149,  810,  820,  503],
        [  439,    0,  605,  601,  445,  465,  658,  582,  278,  962,    0,  847,  724,  554,  308,  554,  559,  789,  440,  500,  363,  443,  229,  465,  700,  727,  793,  514,  838,  416,  488,  202,  979,  822,  556,  392,  803,  812,  532,  128,  592,  440,  336,  333,  614,  560,  329,  396,  967,  170,  728,  172,  787,  965,  428,  648,  468,  929, 1010,  186,  836,  753,  612,  701,  826,  750,  452,  691,  700,  207,  831,  163,  772,  574,  520,  535,  702,  867,  498,  731,  364,  425,   71,  911,  818,   18,  428,  416,  708,  457,  221,  382,  222,  967,  434,  776,  637,  570,  818,  747,  866,  436,  458,  789,  762,  674,  591,  579,  254,  422,  479,   53,  862,  681,  611,  628,  297,  554,  439,  856,  104,  378,  509,  362,  187,   80,  130,  594,  779,  659,  530,  513,  880,  176,  258,  695,  753,  963,  271,  389,  296,  781,  437,  575,  245,  151,  951,  487,  946,  577,  419,  115,  454,  233,  787,   67,  848,  658,  250,  213, 1109,   99,  226,  542,  815,  462,  168,  660],
        [  421,    0,  704,  821,  759,  467,  388,  489,  809,  630,  847,    0, 1069,  644,  556,  854,  346,  174,  464, 1063,  488,  823,  713,  642,  624,  279,  911,  797,  924,  514,  377,  706,  831,  100,  306, 1078,  737,  662,  399,  963, 1174,  417,  997,  606,  301,  384,  562,  579,  825,  981,  911,  922,  698,  763,  837,  884,  380,  685,  787,  868,  827,  511,  450,  148,  500,  852,  859,  181,  702,  657,  484,  915,  138,  274,  359,  558,  810,   42,  771,  791,  484,  545,  855,  595,  494,  862,  425,  463,  662,  641,  890, 1058,  660,  786,  658,  229, 1016, 1096,  790,  524,  596,  412,  462,  154,  943, 1241,  323,  314,  830,  448,  828,  824,  463,  253,  344,  664,  975, 1101,  435,  443,  933, 1049,  341,  502,  685,  888,  902, 1002,  919,  979,  340,  812,  694,  734,  607,  275,  179,  671,  903,  772,  589,   73,  830, 1114,  725,  804,  686, 1034,  753,  284,  428,  901,  657,  618,   84,  783,    3,  445,  939,  711,  825,  936,  780,  807,  553,  427,  684,  235],
        [  749,    0,  367,  248,  355,  986,  684,  580,  458,  686,  724, 1069,    0,  426,  837,  227,  999, 1132,  947,  279,  745,  312,  896,  449,  476,  800,  247,  290,  280,  964,  763,  599,  528, 1114,  938,  435,  433,  513,  689,  687,  290,  871,  430,  571,  774,  696,  888,  552,  518,  640,  192,  574,  458,  572,  317,  187,  846,  601,  603,  910,  375,  610,  620,  950,  670,  273,  288,  896,  399,  663,  687,  882, 1091,  873,  949,  515,  287, 1059,  318,  324,  772,  572,  794,  662,  669,  717,  766,  907,  442,  453,  507,  426,  633,  553,  448,  861,   88,  221,  394,  595,  619,  803,  652,  927,  183,  289,  756,  994,  474,  894,  285,  769,  731,  817,  727,  411,  461,  248,  716,  742,  795,  422,  880,  856,  813,  797,  610,  131,  225,   92,  779,  279,  543,  849,  667,  796, 1101,  651,  457,  382,  868, 1000,  313,  235,  921,  581,  624,  272,  559,  828,  808,  832,  439,  774,  985,  704, 1071,  631,  971,  875,  697,  694,  518,  272,  615,  938,  697,  839],
        [  356,    0,   77,  179,  163,  619,  264,  155,  319,  426,  554,  644,  426,    0,  505,  214,  602,  710,  580,  462,  381,  222,  626,   90,  150,  381,  317,  164,  349,  612,  357,  357,  429,  688,  533,  537,  252,  260,  269,  599,  562,  491,  469,  246,  349,  272,  557,  191,  416,  580,  288,  496,  233,  411,  243,  244,  454,  379,  456,  707,  304,  246,  197,  525,  323,  257,  253,  470,  151,  386,  335,  709,  668,  457,  555,   91,  204,  635,  144,  210,  409,  188,  612,  378,  318,  558,  378,  541,  154,   98,  426,  517,  358,  413,  121,  444,  375,  476,  277,  234,  329,  416,  249,  505,  325,  618,  331,  592,  351,  524,  210,  576,  377,  392,  301,   75,  467,  488,  321,  381,  655,  508,  479,  504,  541,  633,  506,  365,  314,  336,  363,  180,  327,  595,  359,  373,  680,  418,  405,  211,  549,  574,  232,  496,  652,  415,  403,  433,  392,  408,  427,  665,  101,  472,  560,  501,  646,  217,  786,  607,  555,  587,  343,  168,  290,  562,  435,  414],
        [  205,    0,  578,  634,  487,  170,  473,  447,  406,  826,  308,  556,  837,  505,    0,  619,  252,  482,  138,  693,  137,  525,  169,  429,  616,  500,  813,  560,  850,  133,  247,  256,  914,  520,  255,  638,  745,  721,  336,  434,  802,  140,  563,  273,  382,  362,   53,  316,  902,  466,  767,  431,  716,  877,  523,  698,  181,  820,  919,  317,  807,  613,  456,  417,  670,  756,  552,  422,  651,  185,  669,  360,  468,  294,  213,  440,  702,  581,  534,  715,  114,  319,  303,  773,  662,  325,  183,  109,  639,  422,  433,  622,  210,  887,  413,  535,  755,  751,  778,  612,  738,  167,  288,  526,  804,  883,  365,  272,  408,  115,  553,  275,  688,  440,  402,  576,  529,  745,  228,  676,  382,  615,  216,   56,  131,  336,  399,  720,  806,  752,  285,  567,  786,  179,  170,  465,  447,  842,  469,  455,   49,  496,  525,  764,  188,  328,  838,  670,  859,  315,  145,  346,  430,   83,  507,  253,  557,  498,  393,  161, 1005,  405,  350,  585,  681,  155,  175,  406],
        [  522,    0,  176,   70,  133,  762,  478,  368,  277,  571,  554,  854,  227,  214,  619,    0,  772,  909,  723,  273,  521,  111,  696,  223,  310,  595,  245,   63,  291,  743,  537,  396,  485,  893,  711,  387,  330,  387,  466,  551,  360,  645,  340,  349,  556,  475,  671,  325,  473,  515,  175,  435,  337,  500,  129,   94,  620,  500,  542,  734,  321,  437,  410,  730,  508,  214,  109,  678,  251,  454,  524,  717,  868,  648,  722,  297,  181,  848,   91,  222,  548,  345,  623,  533,  505,  551,  539,  683,  287,  226,  360,  370,  423,  491,  221,  658,  163,  271,  317,  423,  485,  576,  426,  718,  208,  408,  536,  767,  303,  670,   76,  592,  568,  603,  510,  226,  356,  287,  489,  575,  641,  362,  653,  635,  610,  633,  462,  151,  228,  137,  553,   53,  439,  653,  451,  586,  876,  548,  318,  174,  654,  784,  119,  291,  722,  404,  525,  247,  483,  604,  582,  668,  212,  562,  771,  520,  856,  430,  803,  675,  644,  549,  331,   48,  462,  713,  493,  622],
        [  251,    0,  678,  767,  646,  122,  449,  484,  619,  799,  559,  346,  999,  602,  252,  772,    0,  236,  127,  904,  263,  700,  384,  553,  664,  414,  917,  709,  946,  172,  247,  479,  944,  286,   80,  872,  798,  748,  347,  685, 1017,  137,  793,  437,  321,  358,  238,  447,  934,  716,  888,  676,  762,  891,  704,  834,  153,  821,  928,  540,  877,  608,  469,  241,  641,  856,  732,  281,  723,  412,  633,  592,  232,  176,   51,  516,  804,  381,  681,  803,  242,  429,  549,  751,  633,  577,  233,  143,  697,  548,  667,  854,  429,  907,  551,  419,  926,  955,  842,  614,  729,  196,  354,  377,  926, 1094,  320,   33,  628,  139,  719,  524,  636,  346,  367,  657,  762,  952,  285,  619,  629,  846,  124,  199,  377,  582,  646,  898,  916,  908,  251,  720,  804,  415,  376,  382,  203,  828,  697,  632,  269,  306,  703,  969,  391,  565,  833,  878,  875,  230,  194,  588,  561,  331,  326,  504,  347,  497,  605,  386,  996,  657,  571,  729,  673,   98,  418,  300],
        [  411,    0,  780,  887,  797,  353,  484,  564,  809,  777,  789,  174, 1132,  710,  482,  909,  236,    0,  363, 1083,  457,  858,  619,  687,  725,  396, 1005,  847, 1025,  405,  381,  683,  964,   76,  237, 1073,  849,  782,  444,  913, 1197,  351,  993,  611,  366,  439,  473,  601,  956,  940,  993,  892,  811,  900,  867,  954,  336,  823,  929,  775,  937,  630,  533,  193,  635,  944,  892,  256,  797,  623,  621,  828,   48,  265,  270,  620,  897,  215,  820,  885,  444,  572,  783,  738,  628,  806,  405,  376,  762,  684,  874, 1055,  634,  921,  695,  364, 1070, 1126,  900,  640,  731,  378,  487,  293, 1028, 1270,  381,  211,  824,  368,  870,  757,  607,  345,  418,  746,  966, 1128,  437,  587,  863, 1046,  293,  428,  611,  817,  866, 1049, 1009, 1041,  357,  861,  823,  650,  580,  378,   37,  816,  896,  797,  504,  188,  863, 1143,  626,  777,  828, 1056,  888,  305,  387,  823,  699,  557,  214,  730,  173,  542,  838,  622,  976,  885,  770,  862,  682,  333,  638,  308],
        [  231,    0,  656,  729,  593,   40,  483,  489,  535,  842,  440,  464,  947,  580,  138,  723,  127,  363,    0,  822,  204,  639,  257,  516,  668,  477,  896,  662,  929,   53,  252,  386,  960,  411,  162,  774,  801,  764,  357,  567,  933,   97,  698,  376,  367,  377,  113,  403,  949,  602,  858,  568,  769,  915,  639,  795,  149,  851,  955,  414,  873,  637,  485,  341,  683,  837,  668,  366,  716,  316,  678,  466,  357,  239,  106,  502,  783,  495,  634,  789,  176,  395,  425,  791,  674,  458,  207,   41,  697,  510,  569,  758,  338,  928,  507,  496,  869,  878,  841,  640,  762,  172,  337,  469,  896, 1013,  357,  155,  539,   57,  663,  402,  688,  410,  402,  644,  664,  873,  265,  673,  504,  750,  156,   95,  255,  458,  536,  837,  892,  859,  276,  671,  825,  289,  291,  442,  329,  865,  603,  569,  145,  415,  640,  891,  266,  464,  866,  798,  898,  281,  156,  462,  521,  220,  431,  389,  464,  522,  480,  260, 1032,  538,  481,  685,  705,   39,  312,  368],
        [  673,    0,  443,  341,  311,  859,  714,  601,  288,  843,  500, 1063,  279,  462,  693,  273,  904, 1083,  822,    0,  641,  246,  706,  428,  579,  828,  469,  302,  512,  825,  704,  438,  740, 1084,  860,  158,  599,  659,  665,  434,  114,  767,  169,  474,  763,  681,  738,  487,  729,  382,  394,  332,  609,  765,  228,  330,  760,  770,  804,  683,  575,  702,  645,  924,  775,  462,  211,  882,  523,  508,  790,  645, 1049,  820,  854,  526,  443, 1063,  318,  486,  663,  519,  568,  805,  772,  489,  683,  785,  558,  427,  283,  150,  484,  753,  407,  891,  208,   72,  579,  688,  756,  715,  603,  942,  409,  192,  740,  909,  286,  778,  253,  550,  833,  821,  727,  492,  207,   55,  647,  839,  550,  148,  800,  728,  632,  563,  373,  170,  446,  263,  732,  286,  710,  653,  532,  812, 1048,  819,  234,  291,  712,  990,  237,   76,  727,  381,  796,   30,  749,  788,  712,  596,  412,  616,  982,  499, 1065,  674,  733,  685,  906,  447,  343,  309,  732,  824,  526,  829],
        [   79,    0,  456,  526,  391,  243,  340,  311,  358,  690,  363,  488,  745,  381,  137,  521,  263,  457,  204,  641,    0,  440,  295,  312,  482,  380,  694,  459,  729,  231,  128,  227,  780,  475,  224,  617,  613,  586,  202,  475,  754,  128,  538,  176,  262,  229,  183,  200,  768,  494,  655,  438,  584,  742,  443,  592,  123,  684,  784,  427,  679,  476,  320,  341,  535,  636,  472,  329,  522,  170,  534,  459,  431,  215,  213,  309,  582,  505,  431,  590,   29,  193,  382,  638,  527,  378,   66,  164,  507,  307,  417,  599,  177,  752,  303,  422,  669,  692,  649,  476,  602,   80,  152,  427,  693,  831,  241,  268,  370,  150,  462,  348,  555,  326,  273,  448,  509,  689,   94,  544,  456,  591,  166,  124,  231,  415,  416,  639,  690,  657,  170,  468,  651,  289,  123,  346,  421,  706,  441,  372,  185,  420,  442,  706,  317,  322,  702,  615,  724,  215,   72,  434,  317,  150,  425,  298,  489,  363,  508,  282,  869,  450,  314,  481,  545,  193,  197,  299],
        [  455,    0,  221,  165,   66,  678,  469,  356,  166,  630,  443,  823,  312,  222,  525,  111,  700,  858,  639,  246,  440,    0,  591,  184,  355,  583,  353,   83,  399,  653,  478,  291,  575,  851,  646,  319,  409,  450,  426,  444,  353,  568,  257,  265,  523,  440,  576,  258,  563,  410,  285,  329,  407,  581,   24,  205,  549,  569,  624,  623,  416,  466,  400,  689,  542,  317,   36,  643,  315,  353,  555,  606,  820,  593,  649,  281,  275,  822,   85,  312,  466,  286,  512,  586,  538,  441,  469,  599,  342,  183,  254,  299,  323,  575,  166,  646,  231,  273,  407,  453,  537,  505,  371,  698,  319,  418,  500,  699,  193,  587,   37,  481,  598,  578,  484,  265,  264,  279,  425,  602,  530,  290,  586,  547,  506,  522,  353,  199,  337,  230,  502,   75,  510,  546,  356,  568,  824,  614,  215,   71,  557,  751,   12,  291,  616,  293,  594,  217,  563,  556,  506,  557,  168,  463,  742,  410,  825,  430,  692,  570,  727,  441,  221,  107,  505,  632,  389,  589],
        [  369,    0,  693,  726,  568,  270,  634,  595,  441,  981,  229,  713,  896,  626,  169,  696,  384,  619,  257,  706,  295,  591,    0,  540,  752,  668,  914,  643,  955,  217,  414,  301, 1049,  667,  408,  615,  875,  862,  497,  351,  806,  301,  552,  380,  550,  524,  152,  437, 1036,  398,  859,  394,  850, 1019,  582,  784,  348,  967, 1062,  157,  928,  766,  610,  580,  828,  862,  610,  589,  776,  246,  828,  210,  613,  460,  358,  575,  810,  741,  621,  829,  278,  451,  188,  928,  819,  246,  349,  251,  771,  533,  425,  603,  277, 1026,  517,  703,  810,  772,  902,  763,  889,  336,  440,  694,  896,  889,  531,  411,  429,  266,  623,  179,  850,  608,  566,  700,  513,  760,  388,  838,  262,  598,  379,  217,   87,  218,  353,  771,  904,  819,  453,  647,  929,   54,  267,  633,  586,  993,  472,  523,  127,  658,  587,  780,   26,  326,  987,  688, 1000,  484,  314,  213,  537,  157,  671,  208,  714,  654,  227,   22, 1153,  323,  380,  670,  833,  290,  203,  575],
        [  302,    0,  153,  215,  119,  555,  288,  176,  241,  508,  465,  642,  449,   90,  429,  223,  553,  687,  516,  428,  312,  184,  540,    0,  237,  400,  385,  161,  422,  542,  314,  267,  518,  674,  489,  480,  342,  348,  247,  513,  536,  431,  407,  161,  341,  259,  481,  114,  506,  497,  343,  414,  323,  501,  201,  282,  401,  466,  546,  618,  388,  314,  220,  511,  391,  328,  219,  462,  240,  298,  401,  619,  647,  425,  504,  102,  274,  639,  134,  289,  341,  124,  523,  458,  385,  469,  321,  476,  243,    8,  348,  460,  270,  503,   33,  463,  384,  455,  364,  303,  411,  359,  203,  515,  381,  600,  319,  547,  272,  460,  187,  486,  440,  395,  300,  165,  400,  463,  268,  441,  566,  450,  432,  433,  455,  543,  422,  364,  379,  358,  331,  175,  415,  508,  274,  384,  654,  503,  332,  148,  470,  570,  192,  474,  566,  327,  489,  399,  482,  382,  367,  575,   18,  389,  560,  411,  644,  254,  696,  521,  644,  500,  258,  178,  366,  501,  347,  407],
        [  437,    0,  137,  249,  304,  704,  242,  181,  468,  278,  700,  624,  476,  150,  616,  310,  664,  725,  668,  579,  482,  355,  752,  237,    0,  346,  287,  281,  302,  707,  422,  500,  298,  688,  587,  673,  134,  113,  318,  748,  669,  573,  609,  380,  363,  307,  665,  318,  286,  729,  296,  645,  102,  269,  378,  293,  527,  230,  313,  846,  215,  135,  198,  532,  200,  230,  381,  471,   80,  522,  216,  852,  679,  499,  622,  178,  194,  607,  271,  168,  509,  302,  756,  233,  198,  705,  461,  631,   39,  244,  575,  653,  495,  274,  269,  402,  449,  580,  180,  120,  184,  497,  333,  474,  324,  713,  354,  647,  500,  612,  334,  719,  260,  382,  311,   90,  611,  596,  404,  270,  802,  644,  543,  604,  670,  777,  656,  452,  296,  396,  414,  295,  180,  727,  488,  353,  699,  269,  551,  357,  662,  562,  366,  600,  778,  563,  253,  552,  250,  444,  513,  809,  249,  596,  543,  644,  627,  183,  925,  735,  409,  736,  493,  271,  153,  643,  571,  417],
        [  302,    0,  434,  554,  517,  502,  117,  229,  608,  393,  727,  279,  800,  381,  500,  595,  414,  396,  477,  828,  380,  583,  668,  400,  346,    0,  633,  542,  646,  528,  255,  546,  569,  349,  336,  870,  460,  388,  198,  822,  934,  388,  793,  420,  119,  171,  531,  372,  561,  827,  635,  754,  422,  505,  600,  614,  334,  429,  536,  807,  550,  236,  186,  209,  241,  575,  618,  147,  424,  520,  229,  837,  349,  243,  390,  304,  534,  262,  519,  513,  392,  335,  757,  348,  234,  739,  320,  454,  384,  402,  705,  850,  510,  526,  423,   64,  755,  851,  513,  248,  336,  335,  274,  128,  667,  995,  139,  386,  635,  433,  581,  721,  224,   69,  118,  391,  778,  860,  292,  206,  826,  840,  322,  460,  610,  788,  745,  745,  641,  713,  216,  558,  428,  668,  469,   36,  377,  427,  706,  543,  546,  220,  592,  871,  688,  641,  436,  799,  493,  196,  357,  810,  417,  529,  198,  661,  281,  170,  887,  658,  592,  800,  596,  548,  287,  441,  561,  114],
        [  672,    0,  241,  193,  352,  934,  526,  443,  518,  446,  793,  911,  247,  317,  813,  245,  917, 1005,  896,  469,  694,  353,  914,  385,  287,  633,    0,  280,   47,  925,  670,  621,  283,  972,  845,  610,  200,  286,  576,  795,  518,  807,  576,  542,  639,  572,  865,  498,  272,  759,   76,  679,  233,  325,  372,  153,  769,  359,  357,  968,  129,  412,  473,  814,  457,   62,  353,  753,  210,  669,  475,  956,  960,  764,  870,  401,  114,  894,  298,  121,  722,  502,  860,  428,  458,  792,  694,  856,  249,  391,  605,  595,  638,  307,  401,  688,  271,  434,  153,  398,  390,  732,  565,  760,   66,  532,  627,  905,  545,  839,  317,  828,  516,  666,  588,  262,  595,  459,  637,  531,  883,  588,  794,  817,  828,  873,  706,  301,   24,  210,  673,  281,  303,  876,  654,  638,  977,  408,  562,  406,  853,  848,  362,  453,  940,  643,  381,  450,  313,  712,  743,  908,  384,  769,  829,  754,  913,  468, 1041,  894,  452,  793,  568,  252,  398,  878,  713,  698],
        [  459,    0,  144,   87,   75,  701,  426,  314,  240,  552,  514,  797,  290,  164,  560,   63,  709,  847,  662,  302,  459,   83,  643,  161,  281,  542,  280,    0,  324,  682,  475,  345,  493,  834,  648,  395,  326,  371,  406,  523,  399,  583,  338,  288,  497,  416,  612,  263,  480,  492,  218,  409,  326,  499,  107,  142,  557,  488,  542,  689,  335,  401,  357,  670,  474,  238,  102,  619,  235,  399,  489,  677,  808,  586,  659,  241,  194,  792,   28,  229,  486,  282,  581,  511,  471,  513,  476,  621,  264,  164,  335,  376,  368,  492,  159,  605,  223,  312,  324,  387,  462,  514,  364,  663,  254,  454,  477,  705,  269,  608,   54,  549,  532,  547,  453,  192,  346,  325,  426,  538,  605,  368,  590,  574,  557,  593,  432,  206,  266,  200,  492,   16,  429,  602,  392,  532,  815,  534,  298,  126,  596,  726,   94,  332,  669,  364,  514,  273,  480,  543,  519,  628,  150,  505,  714,  475,  799,  380,  761,  623,  645,  519,  289,   28,  433,  651,  441,  563],
        [  703,    0,  274,  237,  395,  967,  543,  467,  563,  430,  838,  924,  280,  349,  850,  291,  946, 1025,  929,  512,  729,  399,  955,  422,  302,  646,   47,  324,    0,  960,  699,  663,  250,  989,  872,  655,  197,  282,  602,  841,  557,  838,  621,  580,  660,  596,  901,  534,  241,  804,  121,  725,  234,  299,  418,  199,  800,  342,  327, 1012,  113,  419,  493,  833,  457,   94,  399,  771,  229,  710,  475, 1001,  979,  789,  900,  431,  148,  905,  341,  143,  757,  536,  904,  418,  459,  836,  725,  890,  264,  429,  650,  640,  679,  278,  440,  699,  311,  475,  145,  405,  383,  763,  596,  773,  104,  567,  649,  932,  591,  872,  363,  872,  515,  683,  609,  289,  641,  500,  668,  530,  928,  634,  822,  852,  869,  917,  751,  344,   67,  251,  699,  326,  290,  918,  693,  654,  998,  390,  608,  450,  891,  863,  407,  493,  981,  687,  362,  494,  289,  736,  775,  952,  422,  808,  844,  798,  927,  484, 1085,  935,  418,  839,  613,  297,  397,  910,  755,  717],
        [  271,    0,  687,  754,  611,   53,  529,  529,  539,  889,  416,  514,  964,  612,  133,  743,  172,  405,   53,  825,  231,  653,  217,  542,  707,  528,  925,  682,  960,    0,  297,  388, 1001,  457,  215,  767,  839,  805,  401,  544,  934,  143,  693,  395,  417,  422,   91,  429,  990,  582,  884,  555,  808,  958,  652,  819,  197,  895,  998,  372,  908,  682,  528,  394,  730,  867,  681,  419,  751,  317,  725,  426,  403,  291,  157,  537,  813,  546,  656,  821,  203,  424,  394,  838,  721,  434,  247,   78,  734,  536,  563,  751,  342,  970,  531,  549,  884,  883,  877,  684,  807,  214,  374,  522,  922, 1015,  406,  202,  540,   99,  680,  374,  737,  462,  450,  678,  658,  877,  303,  722,  472,  745,  208,  110,  230,  426,  520,  850,  920,  878,  324,  691,  868,  255,  300,  494,  373,  911,  600,  583,  122,  467,  654,  896,  222,  457,  911,  802,  940,  332,  196,  427,  546,  211,  484,  370,  514,  566,  434,  223, 1077,  515,  482,  707,  750,   91,  304,  420],
        [   50,    0,  432,  525,  419,  286,  234,  241,  436,  593,  488,  377,  763,  357,  247,  537,  247,  381,  252,  704,  128,  478,  414,  314,  422,  255,  670,  475,  699,  297,    0,  330,  710,  382,  177,  704,  556,  514,  106,  595,  817,  156,  624,  234,  137,  125,  282,  221,  699,  609,  644,  546,  522,  663,  487,  593,  106,  599,  703,  553,  632,  385,  234,  230,  434,  610,  513,  207,  477,  287,  430,  586,  346,  116,  202,  270,  558,  389,  447,  557,  138,  194,  509,  541,  425,  502,   66,  220,  453,  311,  513,  685,  285,  677,  318,  295,  696,  746,  599,  388,  511,   86,  112,  302,  681,  890,  118,  236,  455,  199,  492,  474,  445,  198,  157,  411,  600,  748,   59,  432,  582,  676,  124,  211,  356,  541,  528,  672,  670,  672,   43,  487,  574,  414,  235,  220,  346,  614,  528,  417,  294,  306,  483,  763,  434,  428,  614,  677,  647,   94,  107,  561,  325,  277,  307,  422,  379,  270,  632,  403,  781,  570,  404,  492,  453,  223,  321,  173],
        [  285,    0,  413,  429,  270,  422,  465,  383,  152,  761,  202,  706,  599,  357,  256,  396,  479,  683,  386,  438,  227,  291,  301,  267,  500,  546,  621,  345,  663,  388,  330,    0,  785,  700,  449,  394,  608,  612,  348,  278,  548,  343,  315,  134,  441,  376,  302,  196,  772,  283,  562,  217,  590,  767,  283,  485,  348,  728,  812,  353,  648,  552,  415,  559,  626,  572,  312,  535,  505,   71,  632,  353,  657,  436,  430,  334,  521,  719,  324,  545,  241,  227,  256,  709,  619,  209,  284,  350,  510,  259,  191,  376,   51,  769,  238,  600,  514,  497,  627,  546,  664,  306,  273,  624,  598,  628,  416,  489,  153,  346,  323,  220,  664,  508,  429,  431,  284,  490,  273,  659,  305,  368,  391,  292,  216,  278,  201,  476,  609,  520,  369,  347,  680,  258,  105,  517,  647,  762,  219,  223,  277,  636,  288,  509,  326,   99,  751,  415,  748,  423,  297,  309,  258,  181,  637,  144,  707,  460,  430,  280,  909,  257,   95,  372,  614,  392,   99,  495],
        [  730,    0,  375,  417,  547,  995,  497,  473,  723,  229,  979,  831,  528,  429,  914,  485,  944,  964,  960,  740,  780,  575, 1049,  518,  298,  569,  283,  493,  250, 1001,  710,  785,    0,  913,  865,  871,  177,  197,  605, 1010,  798,  864,  824,  672,  627,  588,  962,  613,   13,  982,  351,  898,  199,   75,  598,  411,  815,  150,   82, 1135,  166,  339,  477,  776,  332,  279,  588,  713,  280,  814,  348, 1136,  917,  771,  905,  476,  305,  803,  498,  265,  806,  599, 1039,  244,  339,  982,  755,  925,  279,  526,  824,  854,  786,   49,  547,  605,  551,  713,  169,  332,  236,  789,  629,  680,  348,  814,  625,  923,  754,  905,  543, 1004,  373,  624,  578,  354,  837,  736,  698,  392, 1078,  846,  826,  900,  966, 1058,  917,  577,  306,  489,  695,  501,  142, 1021,  783,  589,  945,  182,  790,  605,  960,  783,  586,  732, 1074,  835,  157,  719,   80,  715,  806, 1092,  527,  893,  759,  928,  834,  447, 1214, 1031,  170, 1002,  760,  470,  283,  933,  863,  667],
        [  419,    0,  755,  867,  788,  407,  447,  538,  817,  719,  822,  100, 1114,  688,  520,  893,  286,   76,  411, 1084,  475,  851,  667,  674,  688,  349,  972,  834,  989,  457,  382,  700,  913,    0,  266, 1084,  808,  736,  428,  943, 1196,  383, 1004,  615,  340,  419,  517,  598,  906,  966,  966,  913,  769,  847,  863,  932,  357,  769,  874,  823,  897,  584,  502,  164,  582,  912,  886,  221,  763,  645,  567,  873,   55,  267,  310,  600,  867,  141,  807,  852,  466,  566,  822,  682,  575,  838,  417,  418,  726,  673,  889, 1065,  652,  869,  686,  309, 1056, 1122,  860,  596,  678,  396,  481,  234,  999, 1267,  358,  257,  835,  406,  860,  793,  550,  307,  389,  718,  978, 1126,  440,  530,  901, 1057,  315,  464,  650,  855,  890, 1037,  978, 1023,  352,  848,  774,  693,  598,  336,   92,  759,  908,  794,  547,  130,  857, 1140,  676,  797,  773, 1056,  836,  296,  409,  864,  688,  590,  155,  761,   99,  506,  890,  667,  916,  915,  782,  846,  632,  377,  665,  277],
        [  191,    0,  608,  701,  589,  176,  369,  408,  580,  720,  556,  306,  938,  533,  255,  711,   80,  237,  162,  860,  224,  646,  408,  489,  587,  336,  845,  648,  872,  215,  177,  449,  865,  266,    0,  840,  721,  670,  272,  679,  973,  117,  761,  387,  242,  281,  257,  389,  855,  705,  820,  656,  685,  811,  652,  769,  102,  741,  848,  564,  801,  529,  392,  179,  562,  784,  679,  209,  648,  388,  554,  611,  216,   96,   59,  445,  733,  335,  620,  730,  208,  367,  557,  671,  553,  573,  178,  158,  621,  485,  639,  822,  399,  828,  491,  345,  868,  907,  766,  534,  649,  146,  287,  310,  857, 1049,  240,   61,  593,  144,  662,  528,  557,  268,  287,  584,  732,  907,  223,  540,  636,  814,   60,  199,  385,  590,  630,  842,  845,  847,  175,  660,  725,  430,  345,  304,  200,  748,  664,  581,  285,  253,  649,  923,  420,  541,  753,  834,  796,  151,  153,  600,  499,  324,  269,  496,  306,  418,  634,  407,  916,  651,  537,  667,  593,  125,  403,  223],
        [  666,    0,  538,  457,  375,  808,  764,  655,  269,  947,  392, 1078,  435,  537,  638,  387,  872, 1073,  774,  158,  617,  319,  615,  480,  673,  870,  610,  395,  655,  767,  704,  394,  871, 1084,  840,    0,  716,  765,  688,  302,  211,  736,   81,  472,  788,  709,  677,  504,  858,  247,  534,  222,  720,  887,  296,  462,  740,  882,  928,  565,  706,  782,  698,  933,  859,  595,  294,  899,  629,  460,  871,  519, 1044,  818,  824,  581,  567, 1085,  402,  609,  634,  540,  454,  905,  854,  378,  670,  740,  659,  476,  206,   21,  444,  878,  452,  932,  361,  224,  704,  770,  855,  696,  618,  973,  555,  290,  764,  882,  250,  737,  341,  445,  913,  851,  760,  584,  110,  200,  646,  916,  422,   30,  782,  681,  553,  443,  263,  320,  589,  412,  739,  382,  822,  562,  497,  849, 1037,  929,  178,  333,  647, 1005,  308,  219,  634,  311,  908,  166,  869,  795,  688,  473,  463,  557, 1002,  409, 1080,  734,  605,  596, 1031,  320,  304,  411,  823,  783,  464,  851],
