{
    "name": "random-65-21806",
    "comment": "size=65 seed=21806",
    "nodes": ["+0", "-0", "+1", "-1", "+2", "-2", "+3", "-3", "+4", "-4", "+5", "-5", "+6", "-6", "+7", "-7", "+8", "-8", "+9", "-9", "+10", "-10", "+11", "-11", "+12", "-12", "+13", "-13", "+14", "-14", "+15", "-15", "+16", "-16", "+17", "-17", "+18", "-18", "+19", "-19", "+20", "-20", "+21", "-21", "+22", "-22", "+23", "-23", "+24", "-24", "+25", "-25", "+26", "-26", "+27", "-27", "+28", "-28", "+29", "-29", "+30", "-30", "+31", "-31", "+32", "-32", "+33", "-33", "+34", "-34", "+35", "-35", "+36", "-36", "+37", "-37", "+38", "-38", "+39", "-39", "+40", "-40", "+41", "-41", "+42", "-42", "+43", "-43", "+44", "-44", "+45", "-45", "+46", "-46", "+47", "-47", "+48", "-48", "+49", "-49", "+50", "-50", "+51", "-51", "+52", "-52", "+53", "-53", "+54", "-54", "+55", "-55", "+56", "-56", "+57", "-57", "+58", "-58", "+59", "-59", "+60", "-60", "+61", "-61", "+62", "-62", "+63", "-63", "+64", "-64", "+65", "-65"],
    "precedence": {
        "+0": "-0",
        "+1": "-1",
        "+2": "-2",
        "+3": "-3",
        "+4": "-4",
        "+5": "-5",
        "+6": "-6",
        "+7": "-7",
        "+8": "-8",
        "+9": "-9",
        "+10": "-10",
        "+11": "-11",
        "+12": "-12",
        "+13": "-13",
        "+14": "-14",
        "+15": "-15",
        "+16": "-16",
        "+17": "-17",
        "+18": "-18",
        "+19": "-19",
        "+20": "-20",
        "+21": "-21",
        "+22": "-22",
        "+23": "-23",
        "+24": "-24",
        "+25": "-25",
        "+26": "-26",
        "+27": "-27",
        "+28": "-28",
        "+29": "-29",
        "+30": "-30",
        "+31": "-31",
        "+32": "-32",
        "+33": "-33",
        "+34": "-34",
        "+35": "-35",
        "+36": "-36",
        "+37": "-37",
        "+38": "-38",
        "+39": "-39",
        "+40": "-40",
        "+41": "-41",
        "+42": "-42",
        "+43": "-43",
        "+44": "-44",
        "+45": "-45",
        "+46": "-46",
        "+47": "-47",
        "+48": "-48",
        "+49": "-49",
        "+50": "-50",
        "+51": "-51",
        "+52": "-52",
        "+53": "-53",
        "+54": "-54",
        "+55": "-55",
        "+56": "-56",
        "+57": "-57",
        "+58": "-58",
        "+59": "-59",
        "+60": "-60",
        "+61": "-61",
        "+62": "-62",
        "+63": "-63",
        "+64": "-64",
        "+65": "-65"
    },
    "edges": [
        [    0,    0,  362,  156,  860,   34,  734,  572,  508,  591,  321,  617,  879,  414,  425,  559,  643,  670,  463,  765,  601,  463,  752,  198,  805,  585,  667,  436,  516,  750,  238,  726,  704,  480,  675,  374,  323,  855,  671,  820,  486,  335,  749,  376,  889,  733,  727, 1014,  806,  596,  555,  738,  641,  342,  478,  109,  307,  524,  513,  125,  535,  442,  871,  646,  583,  189,  255, 1046,  527,  749,  752,  220,  282,  449,  895,  796,  374,  324,  449,  847,  313,  454,  541,  229,  801,  670,  320,  583,  289,  778,  122,  954,  939,  545,  587,  410,  550,  218,  410,  595,  878,  409,  599,  151,  797,  253,  552,  587,  204,  501,  608,  117,   75,  602,  487,  389,  442,  715,  357,  187,  197,  677,  638,  195,  297,  840,  450,  383,  802,  297,  268,  347],
        [    0,    0,    0,    0,    0,    0,    0,    0,    0,    0,    0,    0,    0,    0,    0,    0,    0,    0,    0,    0,    0,    0,    0,    0,    0,    0,    0,    0,    0,    0,    0,    0,    0,    0,    0,    0,    0,    0,    0,    0,    0,    0,    0,    0,    0,    0,    0,    0,    0,    0,    0,    0,    0,    0,    0,    0,    0,    0,    0,    0,    0,    0,    0,    0,    0,    0,    0,    0,    0,    0,    0,    0,    0,    0,    0,    0,    0,    0,    0,    0,    0,    0,    0,    0,    0,    0,    0,    0,    0,    0,    0,    0,    0,    0,    0,    0,    0,    0,    0,    0,    0,    0,    0,    0,    0,    0,    0,    0,    0,    0,    0,    0,    0,    0,    0,    0,    0,    0,    0,    0,    0,    0,    0,    0,    0,    0,    0,    0,    0,    0,    0,    0],
        [  362,    0,    0,  340,  530,  389,  570,  403,  344,  296,  207,  364,  546,  183,  386,  221,  521,  510,  329,  464,  346,  106,  624,  463,  444,  472,  366,  447,  237,  498,  350,  404,  404,  656,  514,  145,  274,  557,  606,  477,  318,  493,  470,  321,  616,  401,  555,  765,  557,  471,  255,  401,  382,  418,  451,  405,  119,  176,  641,  451,  541,  329,  512,  287,  326,  395,  270,  811,  431,  448,  436,  426,  475,   99,  543,  462,  235,  303,  124,  487,  477,  616,  700,  343,  642,  432,  561,  331,  428,  417,  302,  674,  681,  504,  230,  122,  507,  230,  519,  372,  605,  253,  291,  308,  440,  455,  657,  354,  369,  154,  592,  389,  301,  418,  353,  614,  317,  618,  600,  358,  173,  378,  430,  220,  499,  496,  585,  153,  636,  321,   95,  522],
        [  156,    0,  340,    0,  869,  150,  821,  651,  585,  496,  390,  503,  885,  457,  534,  493,  740,  757,  547,  662,  647,  423,  851,  353,  764,  683,  693,  560,  548,  803,   83,  740,  605,  634,  761,  291,  416,  886,  786,  743,  559,  197,  789,  475,  934,  740,  811, 1073,  861,  691,  579,  740,  687,  187,  595,  265,  243,  516,  663,  143,  663,  530,  818,  597,  472,  337,  124, 1111,  627,  776,  770,  371,  155,  402,  881,  712,  444,  182,  387,  814,  462,  607,  694,   74,  892,  727,  475,  471,  140,  740,  242,  996,  993,  662,  567,  429,  666,  303,  554,  473,  923,  479,  510,  274,  742,  405,  700,  643,  344,  494,  734,   71,  186,  677,  349,  545,  527,  822,  513,  326,  230,  705,  706,  121,  450,  836,  600,  297,  890,  410,  254,  499],
        [  860,    0,  530,  869,    0,  892,  443,  426,  446,  576,  559,  666,   24,  453,  597,  476,  503,  438,  490,  613,  303,  468,  521,  881,  278,  509,  203,  661,  350,  250,  878,  136,  590,  933,  437,  628,  595,  124,  614,  470,  451, 1017,  192,  582,  217,  129,  424,  358,  261,  491,  307,  131,  275,  933,  620,  861,  641,  355,  872,  967,  684,  516,  347,  369,  647,  805,  795,  420,  530,  143,  114,  820, 1004,  493,  131,  508,  520,  812,  529,  230,  814,  891,  943,  871,  475,  296,  929,  657,  953,  268,  761,  228,  286,  614,  317,  451,  612,  657,  786,  710,  213,  492,  549,  749,  355,  832,  857,  336,  769,  376,  677,  912,  787,  398,  787,  950,  504,  571,  957,  768,  666,  198,  355,  749,  857,   75,  846,  630,  459,  655,  616,  849],
        [   34,    0,  389,  150,  892,    0,  767,  606,  542,  608,  355,  629,  911,  448,  457,  582,  675,  704,  497,  781,  634,  489,  785,  212,  832,  618,  700,  465,  549,  784,  231,  758,  721,  496,  708,  392,  357,  889,  702,  841,  519,  316,  782,  409,  923,  765,  760, 1048,  840,  629,  588,  769,  674,  332,  508,  126,  327,  554,  534,   92,  564,  476,  897,  671,  596,  214,  260, 1080,  559,  782,  785,  242,  260,  473,  925,  816,  408,  326,  471,  875,  335,  472,  557,  223,  835,  704,  331,  596,  274,  806,  155,  988,  973,  576,  616,  441,  580,  252,  434,  605,  911,  443,  618,  183,  822,  273,  574,  621,  231,  531,  637,   98,  109,  636,  491,  401,  476,  746,  367,  216,  227,  710,  672,  210,  315,  871,  471,  400,  835,  329,  295,  366],
        [  734,    0,  570,  821,  443,  767,    0,  173,  238,  795,  432,  885,  465,  391,  320,  682,  107,   65,  275,  911,  253,  592,   80,  653,  652,  156,  324,  347,  350,  194,  869,  376,  865,  580,   61,  715,  412,  336,  185,  819,  265, 1012,  256,  359,  284,  413,   22,  327,  194,  141,  359,  436,  237,  962,  293,  679,  679,  479,  502,  859,  308,  293,  740,  635,  853,  592,  809,  337,  214,  317,  366,  587,  976,  611,  568,  840,  378,  860,  656,  632,  534,  546,  569,  860,   73,  181,  645,  860,  948,  628,  613,  341,  284,  246,  513,  449,  242,  523,  461,  911,  277,  345,  776,  586,  714,  580,  471,  227,  559,  482,  269,  831,  663,  153,  921,  636,  296,  131,  658,  568,  594,  314,  149,  729,  582,  495,  500,  722,   69,  442,  605,  550],
        [  572,    0,  403,  651,  426,  606,  173,    0,   66,  648,  262,  735,  450,  221,  189,  538,  125,  109,  109,  779,  140,  436,  221,  516,  566,   95,  245,  242,  202,  211,  698,  315,  728,  510,  113,  548,  250,  355,  231,  710,   93,  841,  244,  205,  349,  348,  161,  450,  254,   83,  226,  368,  154,  789,  197,  528,  509,  337,  447,  696,  260,  132,  657,  511,  700,  448,  637,  476,  105,  284,  320,  450,  806,  453,  529,  723,  207,  688,  498,  562,  416,  470,  518,  688,  245,  136,  533,  707,  777,  539,  452,  416,  383,  191,  385,  283,  190,  357,  368,  756,  339,  173,  631,  427,  616,  451,  432,  102,  413,  334,  265,  664,  500,   35,  755,  541,  130,  224,  554,  419,  423,  242,   81,  557,  463,  454,  424,  555,  241,  291,  433,  443],
        [  508,    0,  344,  585,  446,  542,  238,   66,    0,  601,  196,  685,  470,  161,  151,  494,  177,  174,   50,  741,  144,  386,  282,  463,  553,  132,  251,  217,  166,  257,  632,  324,  687,  488,  178,  488,  188,  391,  271,  684,   27,  775,  277,  150,  398,  352,  226,  509,  306,  128,  201,  370,  173,  724,  181,  469,  447,  298,  433,  632,  261,   76,  643,  479,  650,  392,  572,  539,  108,  306,  335,  398,  740,  402,  538,  692,  141,  624,  445,  557,  374,  447,  504,  622,  310,  177,  491,  657,  711,  525,  389,  465,  438,  199,  355,  226,  199,  292,  340,  704,  387,  107,  586,  365,  596,  402,  425,  111,  357,  292,  283,  599,  435,   95,  696,  506,   69,  275,  516,  362,  357,  252,  132,  491,  420,  464,  401,  496,  307,  234,  369,  406],
        [  591,    0,  296,  496,  576,  608,  795,  648,  601,    0,  501,   94,  581,  450,  674,  115,  772,  744,  601,  175,  544,  217,  862,  737,  349,  732,  504,  739,  449,  665,  454,  499,  114,  951,  747,  217,  568,  658,  871,  257,  579,  552,  615,  612,  742,  474,  776,  900,  718,  727,  437,  460,  567,  452,  738,  665,  287,  317,  937,  637,  828,  607,  366,  207,   72,  676,  376,  957,  702,  566,  530,  710,  567,  207,  519,  219,  521,  344,  173,  413,  769,  911,  995,  453,  863,  626,  845,   81,  503,  338,  572,  783,  816,  784,  295,  383,  786,  520,  815,  135,  734,  531,   28,  586,  294,  741,  952,  569,  655,  316,  872,  565,  552,  652,  238,  902,  593,  871,  885,  641,  443,  518,  647,  399,  787,  512,  880,  209,  852,  617,  356,  815],
        [  321,    0,  207,  390,  559,  355,  432,  262,  196,  501,    0,  570,  580,  108,  183,  413,  357,  368,  159,  664,  281,  292,  467,  326,  572,  301,  358,  241,  210,  430,  439,  424,  605,  462,  372,  336,   68,  539,  421,  652,  170,  581,  430,  116,  568,  439,  421,  694,  485,  306,  254,  448,  321,  535,  250,  304,  279,  273,  439,  442,  337,  146,  654,  447,  533,  250,  385,  729,  249,  436,  447,  270,  545,  296,  617,  647,   55,  443,  329,  597,  293,  420,  500,  429,  503,  350,  396,  538,  517,  543,  209,  634,  619,  308,  344,  144,  311,  104,  318,  577,  557,   90,  494,  192,  591,  290,  452,  266,  216,  253,  394,  405,  247,  289,  539,  436,  139,  446,  430,  212,  162,  366,  320,  300,  326,  552,  385,  346,  501,  124,  192,  337],
        [  617,    0,  364,  503,  666,  629,  885,  735,  685,   94,  570,    0,  670,  530,  748,  208,  859,  833,  682,  168,  635,  300,  951,  778,  427,  816,  598,  811,  537,  758,  447,  592,  123, 1009,  836,  255,  637,  750,  955,  302,  662,  524,  708,  684,  836,  567,  866,  993,  811,  812,  528,  552,  659,  423,  813,  701,  327,  407, 1001,  645,  903,  685,  430,  298,   39,  723,  379, 1050,  783,  659,  623,  758,  548,  285,  602,  256,  596,  333,  245,  492,  824,  970, 1056,  448,  953,  718,  892,   36,  483,  420,  615,  876,  910,  862,  388,  463,  865,  577,  878,   52,  827,  609,  119,  633,  365,  791, 1019,  658,  706,  404,  951,  573,  588,  740,  190,  952,  672,  958,  932,  691,  491,  611,  737,  422,  838,  600,  942,  245,  943,  681,  407,  870],
        [  879,    0,  546,  885,   24,  911,  465,  450,  470,  581,  580,  670,    0,  474,  620,  484,  526,  461,  514,  610,  326,  481,  543,  903,  273,  532,  226,  685,  371,  273,  892,  157,  590,  956,  460,  641,  617,  141,  637,  464,  474, 1030,  215,  604,  231,  147,  446,  367,  281,  514,  328,  146,  299,  946,  644,  882,  655,  370,  896,  986,  708,  539,  337,  374,  652,  827,  809,  429,  554,  166,  136,  842, 1019,  505,  115,  503,  542,  824,  540,  220,  837,  915,  967,  886,  496,  319,  952,  661,  967,  265,  782,  237,  298,  638,  329,  470,  636,  678,  809,  715,  229,  514,  554,  770,  350,  854,  880,  360,  791,  392,  700,  929,  807,  421,  796,  973,  527,  594,  980,  790,  685,  221,  378,  765,  880,   72,  869,  642,  480,  678,  633,  872],
        [  414,    0,  183,  457,  453,  448,  391,  221,  161,  450,  108,  530,  474,    0,  231,  349,  338,  329,  152,  601,  191,  233,  441,  434,  472,  290,  255,  301,  104,  346,  492,  318,  544,  550,  333,  328,  159,  441,  427,  568,  136,  637,  337,  178,  480,  332,  376,  616,  405,  289,  147,  341,  232,  577,  291,  409,  289,  177,  515,  530,  381,  157,  557,  360,  494,  358,  424,  656,  253,  335,  342,  377,  608,  246,  509,  568,   86,  471,  287,  493,  392,  507,  581,  483,  463,  271,  500,  500,  572,  442,  310,  543,  536,  334,  247,   68,  336,  205,  401,  546,  469,   83,  438,  297,  497,  395,  521,  187,  323,  162,  423,  485,  340,  238,  535,  535,  143,  436,  533,  320,  231,  264,  256,  351,  429,  444,  468,  335,  457,  222,  218,  434],
        [  425,    0,  386,  534,  597,  457,  320,  189,  151,  674,  183,  748,  620,  231,    0,  578,  221,  261,  109,  830,  295,  459,  329,  335,  685,  166,  400,   72,  290,  399,  596,  473,  773,  340,  265,  519,  126,  540,  253,  797,  149,  730,  426,   68,  537,  500,  318,  631,  442,  180,  332,  516,  324,  698,   68,  360,  461,  404,  292,  549,  156,   87,  774,  589,  711,  272,  553,  651,  107,  457,  486,  268,  687,  468,  686,  799,  154,  616,  504,  696,  228,  297,  361,  586,  383,  321,  345,  716,  671,  656,  305,  604,  568,  130,  470,  295,  134,  234,  190,  757,  527,  149,  664,  275,  720,  265,  292,  262,  240,  391,  212,  531,  360,  223,  721,  356,  101,  291,  367,  250,  325,  401,  269,  466,  275,  613,  253,  528,  386,  128,  372,  256],
        [  559,    0,  221,  493,  476,  582,  682,  538,  494,  115,  413,  208,  484,  349,  578,    0,  662,  632,  498,  253,  430,  122,  750,  681,  283,  624,  391,  645,  337,  551,  468,  389,  196,  872,  635,  203,  481,  550,  764,  261,  473,  587,  502,  518,  632,  367,  663,  790,  605,  617,  323,  354,  453,  492,  639,  618,  256,  204,  851,  626,  730,  506,  327,  118,  180,  615,  384,  846,  597,  455,  421,  646,  591,  122,  436,  243,  426,  373,  111,  343,  695,  831,  913,  465,  749,  511,  781,  188,  530,  265,  518,  675,  706,  681,  181,  284,  683,  450,  731,  242,  623,  431,   95,  527,  251,  675,  863,  456,  589,  204,  770,  556,  509,  540,  313,  833,  491,  761,  820,  578,  387,  404,  533,  380,  719,  417,  797,  199,  738,  535,  300,  741],
        [  643,    0,  521,  740,  503,  675,  107,  125,  177,  772,  357,  859,  526,  338,  221,  662,    0,   69,  200,  903,  252,  560,  112,  551,  677,   58,  347,  242,  326,  258,  794,  412,  853,  476,   70,  665,  325,  410,  115,  830,  203,  934,  312,  268,  374,  448,  112,  432,  278,   51,  348,  469,  253,  891,  188,  581,  622,  461,  401,  767,  206,  212,  767,  633,  824,  492,  740,  443,  116,  365,  410,  485,  895,  576,  619,  844,  306,  796,  620,  667,  428,  442,  469,  784,  163,  211,  539,  831,  872,  651,  522,  435,  384,  141,  507,  403,  137,  439,  355,  879,  366,  276,  756,  493,  731,  477,  374,  218,  460,  458,  177,  745,  574,  129,  873,  531,  218,  100,  552,  471,  517,  341,  157,  656,  477,  544,  396,  673,  166,  347,  541,  444],
        [  670,    0,  510,  757,  438,  704,   65,  109,  174,  744,  368,  833,  461,  329,  261,  632,   69,    0,  211,  866,  207,  536,  119,  595,  624,  102,  293,  294,  296,  191,  805,  353,  818,  541,    5,  654,  348,  342,  177,  783,  201,  948,  246,  296,  307,  390,   57,  374,  210,   84,  310,  411,  200,  898,  241,  618,  617,  429,  467,  795,  271,  229,  713,  592,  799,  532,  745,  391,  155,  302,  348,  529,  911,  555,  556,  800,  314,  797,  600,  609,  480,  505,  536,  795,  137,  151,  593,  807,  884,  598,  549,  369,  321,  203,  468,  389,  200,  459,  413,  856,  298,  281,  726,  523,  681,  524,  441,  177,  498,  429,  245,  767,  599,   94,  861,  590,  231,  142,  609,  507,  529,  285,  104,  665,  529,  482,  458,  662,  134,  380,  542,  499],
        [  463,    0,  329,  547,  490,  497,  275,  109,   50,  601,  159,  682,  514,  152,  109,  498,  200,  211,    0,  748,  188,  384,  309,  414,  581,  146,  292,  178,  187,  306,  597,  365,  693,  448,  215,  472,  141,  440,  277,  702,   41,  739,  326,  100,  448,  391,  266,  557,  356,  149,  227,  407,  220,  692,  151,  421,  424,  311,  398,  588,  238,   26,  670,  495,  645,  343,  541,  585,  103,  352,  378,  348,  702,  397,  577,  707,  106,  597,  438,  589,  326,  406,  468,  587,  346,  226,  443,  651,  675,  552,  343,  514,  487,  184,  372,  219,  186,  249,  298,  696,  437,   78,  588,  318,  619,  353,  394,  157,  307,  300,  273,  557,  391,  141,  679,  460,   21,  293,  468,  313,  320,  294,  181,  458,  372,  505,  361,  480,  344,  185,  342,  359],
        [  765,    0,  464,  662,  613,  781,  911,  779,  741,  175,  664,  168,  610,  601,  830,  253,  903,  866,  748,    0,  660,  373,  983,  911,  342,  869,  597,  898,  578,  756,  611,  571,   62, 1120,  869,  391,  732,  715, 1009,  168,  721,  691,  699,  771,  808,  539,  890,  962,  803,  861,  557,  520,  675,  591,  891,  839,  462,  444, 1102,  804,  981,  757,  313,  278,  192,  850,  539, 1022,  846,  642,  598,  883,  715,  369,  522,  119,  678,  498,  342,  404,  940, 1079, 1162,  612,  973,  733, 1019,  195,  650,  346,  747,  836,  882,  932,  399,  536,  933,  692,  981,  214,  800,  683,  174,  760,  267,  914, 1115,  690,  828,  450, 1020,  732,  727,  777,  356, 1075,  742, 1001, 1058,  815,  617,  609,  764,  571,  960,  540, 1047,  383,  961,  784,  530,  986],
        [  601,    0,  346,  647,  303,  634,  253,  140,  144,  544,  281,  635,  326,  191,  295,  430,  252,  207,  188,  660,    0,  346,  323,  589,  428,  234,  108,  360,  110,  156,  679,  181,  613,  632,  209,  484,  302,  261,  365,  578,  148,  824,  149,  281,  289,  211,  233,  426,  215,  220,  108,  230,   41,  759,  323,  581,  462,  228,  576,  719,  395,  213,  518,  385,  603,  515,  607,  469,  239,  165,  191,  526,  798,  368,  395,  594,  233,  647,  413,  423,  512,  590,  646,  670,  319,   88,  629,  611,  759,  400,  489,  354,  346,  328,  262,  228,  327,  385,  484,  663,  278,  200,  524,  471,  480,  535,  565,   38,  479,  233,  404,  675,  526,  124,  685,  648,  202,  346,  655,  480,  422,  108,  105,  539,  557,  321,  545,  490,  308,  360,  403,  546],
        [  463,    0,  106,  423,  468,  489,  592,  436,  386,  217,  292,  300,  481,  233,  459,  122,  560,  536,  384,  373,  346,    0,  654,  568,  345,  517,  334,  525,  242,  485,  417,  355,  315,  751,  540,  161,  360,  516,  656,  372,  363,  551,  446,  398,  587,  344,  573,  742,  543,  513,  242,  338,  376,  466,  522,  510,  182,  127,  730,  544,  612,  390,  409,  184,  265,  499,  332,  793,  485,  411,  388,  529,  544,   25,  461,  360,  306,  344,   69,  393,  575,  710,  791,  411,  661,  433,  664,  272,  489,  320,  407,  639,  657,  567,  153,  166,  569,  332,  609,  321,  577,  314,  206,  413,  336,  557,  742,  365,  472,  115,  655,  479,  405,  443,  343,  714,  376,  659,  702,  461,  278,  348,  444,  303,  600,  423,  676,  163,  652,  413,  196,  620],
        [  752,    0,  624,  851,  521,  785,   80,  221,  282,  862,  467,  951,  543,  441,  329,  750,  112,  119,  309,  983,  323,  654,    0,  652,  730,  169,  401,  339,  414,  273,  905,  455,  935,  544,  116,  768,  436,  411,  131,  896,  308, 1045,  335,  379,  352,  492,  101,  369,  267,  161,  428,  514,  312, 1001,  287,  688,  728,  547,  462,  877,  278,  322,  819,  708,  917,  597,  850,  367,  227,  397,  445,  587, 1006,  672,  647,  915,  415,  904,  717,  711,  523,  514,  526,  895,   74,  258,  629,  924,  983,  706,  631,  404,  340,  228,  585,  504,  223,  550,  440,  974,  347,  385,  844,  602,  791,  576,  427,  295,  566,  547,  224,  855,  685,  211,  976,  612,  328,   67,  637,  578,  628,  392,  219,  767,  571,  574,  470,  776,   86,  456,  649,  533],
        [  198,    0,  463,  353,  881,  212,  653,  516,  463,  737,  326,  778,  903,  434,  335,  681,  551,  595,  414,  911,  589,  568,  652,    0,  887,  498,  679,  314,  534,  720,  435,  747,  850,  285,  599,  525,  288,  848,  548,  939,  448,  526,  735,  314,  861,  764,  652,  964,  768,  513,  578,  774,  626,  539,  365,   89,  452,  588,  328,  285,  396,  388,  965,  745,  742,   76,  443,  985,  440,  752,  768,   67,  470,  561,  942,  923,  361,  514,  575,  918,  141,  263,  347,  426,  712,  639,  123,  743,  484,  859,  165,  928,  898,  427,  659,  459,  432,  242,  243,  764,  850,  391,  739,  155,  896,   79,  371,  565,  112,  567,  469,  308,  194,  550,  670,  192,  395,  602,  162,  115,  296,  685,  593,  368,  108,  877,  267,  534,  717,  231,  383,  161],
        [  805,    0,  444,  764,  278,  832,  652,  566,  553,  349,  572,  427,  273,  472,  685,  283,  677,  624,  581,  342,  428,  345,  730,  887,    0,  661,  331,  757,  395,  470,  747,  278,  329, 1018,  625,  480,  630,  392,  791,  192,  544,  870,  406,  644,  487,  240,  631,  635,  505,  647,  355,  218,  425,  775,  731,  841,  522,  301,  977,  888,  813,  600,   91,  169,  418,  813,  662,  696,  659,  344,  295,  838,  872,  363,  181,  231,  557,  656,  379,   66,  863,  976, 1045,  743,  702,  474,  967,  427,  812,   30,  736,  506,  560,  750,  230,  431,  750,  646,  868,  477,  482,  544,  322,  736,   77,  861,  974,  465,  782,  321,  830,  822,  743,  551,  583, 1006,  585,  765, 1002,  774,  614,  339,  522,  646,  898,  204,  934,  478,  688,  693,  537,  905],
        [  585,    0,  472,  683,  509,  618,  156,   95,  132,  732,  301,  816,  532,  290,  166,  624,   58,  102,  146,  869,  234,  517,  169,  498,  661,    0,  337,  193,  291,  275,  738,  406,  817,  444,  105,  616,  268,  426,  140,  804,  156,  878,  320,  211,  402,  440,  156,  475,  304,   20,  319,  460,  244,  835,  140,  525,  570,  426,  373,  710,  178,  156,  751,  603,  781,  437,  685,  491,   60,  368,  408,  431,  838,  533,  618,  816,  251,  742,  576,  656,  379,  406,  443,  728,  218,  213,  492,  788,  815,  633,  464,  466,  421,  108,  478,  357,  106,  381,  313,  835,  393,  224,  717,  436,  710,  425,  351,  197,  405,  421,  172,  687,  517,  114,  823,  489,  163,  147,  508,  415,  461,  333,  154,  601,  428,  543,  360,  624,  221,  290,  487,  398],
        [  667,    0,  366,  693,  203,  700,  324,  245,  251,  504,  358,  598,  226,  255,  400,  391,  347,  293,  292,  597,  108,  334,  401,  679,  331,  337,    0,  466,  152,  162,  714,   74,  556,  738,  294,  489,  392,  193,  462,  496,  251,  857,  113,  380,  254,  104,  303,  408,  214,  321,  115,  124,   95,  783,  430,  661,  483,  208,  683,  780,  502,  316,  421,  320,  570,  603,  635,  460,  346,   84,   90,  617,  837,  359,  288,  518,  318,  665,  402,  320,  612,  696,  754,  706,  380,  144,  727,  578,  792,  306,  564,  309,  324,  434,  210,  266,  433,  459,  589,  632,  244,  289,  481,  550,  390,  629,  672,  145,  567,  222,  508,  730,  594,  224,  676,  750,  303,  434,  756,  567,  478,   14,  192,  577,  655,  214,  651,  493,  367,  453,  441,  648],
        [  436,    0,  447,  560,  661,  465,  347,  242,  217,  739,  241,  811,  685,  301,   72,  645,  242,  294,  178,  898,  360,  525,  339,  314,  757,  193,  466,    0,  362,  452,  627,  540,  839,  272,  298,  575,  176,  597,  239,  868,  218,  756,  485,  128,  587,  568,  348,  668,  490,  211,  403,  584,  387,  732,   54,  356,  513,  475,  221,  556,  105,  157,  845,  660,  773,  263,  593,  683,  144,  520,  551,  250,  709,  533,  754,  869,  220,  658,  568,  767,  187,  231,  290,  617,  401,  378,  300,  778,  698,  727,  321,  653,  611,  114,  542,  363,  119,  270,  126,  817,  577,  220,  730,  289,  791,  237,  221,  326,  236,  461,  175,  548,  378,  275,  773,  300,  172,  289,  316,  250,  366,  468,  322,  504,  236,  680,  185,  584,  407,  153,  424,  206],
        [  516,    0,  237,  548,  350,  549,  350,  202,  166,  449,  210,  537,  371,  104,  290,  337,  326,  296,  187,  578,  110,  242,  414,  534,  395,  291,  152,  362,    0,  262,  575,  214,  527,  626,  299,  375,  252,  341,  431,  518,  152,  720,  242,  253,  387,  230,  332,  531,  322,  283,   46,  241,  146,  652,  338,  512,  354,  135,  582,  630,  423,  205,  484,  314,  503,  458,  501,  576,  274,  233,  239,  475,  695,  262,  412,  527,  176,  538,  308,  408,  481,  583,  650,  566,  420,  197,  593,  511,  654,  366,  413,  449,  449,  364,  189,  121,  364,  309,  475,  561,  376,  154,  431,  400,  433,  491,  580,  124,  423,  134,  449,  581,  443,  204,  577,  623,  190,  425,  624,  421,  328,  162,  203,  435,  521,  344,  541,  381,  411,  315,  299,  521],
        [  750,    0,  498,  803,  250,  784,  194,  211,  257,  665,  430,  758,  273,  346,  399,  551,  258,  191,  306,  756,  156,  485,  273,  720,  470,  275,  162,  452,  262,    0,  835,  194,  717,  715,  190,  632,  440,  152,  366,  647,  273,  980,   65,  406,  142,  230,  174,  271,   60,  255,  246,  252,  117,  913,  403,  722,  615,  360,  647,  871,  453,  332,  555,  481,  729,  648,  762,  314,  310,  128,  177,  654,  953,  508,  375,  673,  378,  800,  553,  444,  626,  677,  717,  826,  234,   82,  743,  738,  915,  448,  636,  209,  191,  383,  371,  382,  380,  533,  577,  791,  131,  343,  642,  615,  537,  658,  625,  164,  612,  370,  435,  829,  676,  177,  827,  750,  325,  322,  764,  617,  576,  149,  131,  694,  673,  303,  630,  637,  219,  490,  559,  653],
        [  238,    0,  350,   83,  878,  231,  869,  698,  632,  454,  439,  447,  892,  492,  596,  468,  794,  805,  597,  611,  679,  417,  905,  435,  747,  738,  714,  627,  575,  835,    0,  754,  557,  715,  809,  267,  474,  906,  848,  707,  605,  146,  815,  534,  961,  750,  858, 1105,  894,  744,  601,  747,  718,  108,  659,  346,  238,  523,  742,  209,  732,  583,  794,  579,  420,  416,   86, 1147,  683,  796,  785,  450,  127,  394,  877,  672,  492,  115,  370,  802,  541,  686,  774,   11,  941,  762,  557,  417,   80,  726,  316, 1021, 1023,  725,  567,  454,  729,  363,  630,  412,  950,  525,  471,  347,  718,  484,  777,  679,  420,  503,  801,  144,  261,  722,  280,  627,  578,  880,  595,  402,  277,  726,  746,  142,  530,  838,  678,  270,  938,  475,  277,  578],
        [  726,    0,  404,  740,  136,  758,  376,  315,  324,  499,  424,  592,  157,  318,  473,  389,  412,  353,  365,  571,  181,  355,  455,  747,  278,  406,   74,  540,  214,  194,  754,    0,  537,  811,  354,  515,  462,  162,  526,  455,  325,  895,  131,  452,  244,   38,  355,  402,  234,  389,  172,   60,  163,  816,  503,  726,  519,  233,  756,  835,  574,  389,  365,  301,  568,  671,  673,  459,  418,   71,   33,  687,  879,  380,  215,  483,  386,  696,  421,  257,  684,  769,  827,  747,  425,  202,  799,  577,  831,  255,  626,  287,  318,  506,  212,  318,  504,  522,  663,  631,  235,  359,  474,  614,  344,  700,  744,  217,  635,  252,  577,  781,  653,  293,  690,  823,  376,  494,  828,  634,  533,   74,  256,  622,  727,  141,  725,  518,  410,  523,  487,  721],
        [  704,    0,  404,  605,  590,  721,  865,  728,  687,  114,  605,  123,  590,  544,  773,  196,  853,  818,  693,   62,  613,  315,  935,  850,  329,  817,  556,  839,  527,  717,  557,  537,    0, 1059,  821,  331,  672,  687,  956,  181,  667,  643,  661,  712,  777,  506,  845,  933,  766,  809,  508,  488,  631,  542,  834,  778,  401,  392, 1043,  746,  925,  701,  318,  237,  139,  789,  483,  992,  791,  607,  565,  822,  664,  309,  510,  134,  620,  444,  281,  394,  879, 1019, 1102,  557,  929,  689,  958,  144,  599,  329,  685,  810,  852,  876,  353,  478,  878,  631,  921,  174,  769,  626,  113,  699,  259,  853, 1056,  641,  767,  396,  965,  674,  666,  728,  312, 1014,  686,  951,  997,  753,  556,  569,  717,  511,  899,  519,  987,  322,  917,  723,  468,  925],
        [  480,    0,  656,  634,  933,  496,  580,  510,  488,  951,  462, 1009,  956,  550,  340,  872,  476,  541,  448, 1120,  632,  751,  544,  285, 1018,  444,  738,  272,  626,  715,  715,  811, 1059,    0,  543,  756,  396,  864,  415, 1113,  488,  810,  753,  375,  845,  839,  587,  906,  747,  463,  669,  855,  658,  821,  314,  372,  686,  726,   85,  567,  272,  425, 1105,  906,  971,  303,  712,  909,  407,  791,  823,  267,  754,  752, 1025, 1108,  464,  783,  779, 1033,  186,   43,   63,  705,  616,  646,  173,  974,  768,  989,  412,  909,  860,  338,  796,  602,  341,  432,  151, 1004,  836,  475,  947,  387, 1046,  232,  131,  597,  309,  709,  321,  593,  459,  542,  928,  109,  439,  479,  149,  327,  521,  739,  588,  629,  185,  952,   87,  766,  626,  339,  602,  142],
        [  675,    0,  514,  761,  437,  708,   61,  113,  178,  747,  372,  836,  460,  333,  265,  635,   70,    5,  215,  869,  209,  540,  116,  599,  625,  105,  294,  298,  299,  190,  809,  354,  821,  543,    0,  658,  352,  341,  177,  785,  205,  952,  246,  300,  305,  390,   53,  371,  208,   87,  313,  412,  201,  902,  245,  622,  621,  432,  469,  799,  273,  233,  714,  594,  802,  536,  749,  387,  159,  302,  348,  532,  916,  558,  556,  803,  318,  801,  603,  610,  484,  507,  538,  799,  133,  152,  597,  810,  888,  599,  554,  367,  318,  206,  470,  393,  202,  463,  417,  860,  296,  285,  729,  527,  683,  528,  443,  180,  503,  432,  247,  771,  604,   98,  865,  593,  235,  141,  612,  511,  533,  286,  106,  669,  532,  482,  461,  666,  130,  384,  546,  503],
        [  374,    0,  145,  291,  628,  392,  715,  548,  488,  217,  336,  255,  641,  328,  519,  203,  665,  654,  472,  391,  484,  161,  768,  525,  480,  616,  489,  575,  375,  632,  267,  515,  331,  756,  658,    0,  399,  675,  748,  454,  462,  395,  599,  452,  742,  504,  698,  895,  691,  615,  386,  498,  518,  306,  585,  450,   73,  284,  753,  427,  673,  469,  529,  312,  218,  469,  182,  944,  573,  568,  547,  504,  392,  136,  615,  425,  373,  184,  104,  536,  572,  718,  806,  263,  786,  571,  638,  220,  334,  459,  361,  796,  811,  642,  312,  266,  645,  326,  630,  248,  732,  394,  226,  379,  453,  537,  775,  496,  452,  267,  729,  356,  337,  562,  208,  698,  458,  762,  678,  437,  237,  502,  573,  184,  584,  582,  693,   10,  779,  435,  156,  617],
        [  323,    0,  274,  416,  595,  357,  412,  250,  188,  568,   68,  637,  617,  159,  126,  481,  325,  348,  141,  732,  302,  360,  436,  288,  630,  268,  392,  176,  252,  440,  474,  462,  672,  396,  352,  399,    0,  562,  375,  718,  168,  611,  450,   61,  581,  481,  404,  696,  492,  277,  297,  492,  340,  575,  192,  283,  338,  333,  371,  448,  277,  120,  715,  511,  599,  213,  429,  725,  211,  465,  482,  226,  571,  364,  663,  713,   77,  491,  396,  652,  233,  354,  433,  464,  481,  359,  342,  604,  550,  601,  203,  647,  625,  255,  404,  207,  259,  114,  251,  642,  570,  104,  561,  178,  653,  239,  384,  280,  177,  315,  337,  421,  252,  281,  598,  376,  120,  407,  374,  178,  200,  398,  319,  341,  271,  595,  318,  408,  480,   64,  249,  276],
        [  855,    0,  557,  886,  124,  889,  336,  355,  391,  658,  539,  750,  141,  441,  540,  550,  410,  342,  440,  715,  261,  516,  411,  848,  392,  426,  193,  597,  341,  152,  906,  162,  687,  864,  341,  675,  562,    0,  514,  582,  402, 1049,  115,  538,   96,  184,  318,  247,  145,  407,  308,  200,  223,  973,  551,  841,  674,  392,  797,  970,  604,  466,  466,  455,  727,  774,  827,  307,  458,  110,  130,  784, 1030,  541,  254,  617,  493,  854,  582,  349,  765,  825,  868,  898,  359,  220,  882,  736,  984,  378,  747,  126,  168,  534,  374,  458,  531,  642,  723,  791,   91,  460,  632,  730,  467,  792,  777,  285,  738,  409,  586,  921,  781,  323,  852,  894,  457,  466,  906,  740,  669,  182,  277,  770,  811,  195,  778,  678,  343,  618,  634,  795],
        [  671,    0,  606,  786,  614,  702,  185,  231,  271,  871,  421,  955,  637,  427,  253,  764,  115,  177,  277, 1009,  365,  656,  131,  548,  791,  140,  462,  239,  431,  366,  848,  526,  956,  415,  177,  748,  375,  514,    0,  941,  293,  983,  422,  315,  468,  562,  200,  499,  376,  149,  457,  583,  367,  949,  194,  595,  697,  565,  333,  793,  158,  280,  881,  741,  919,  501,  802,  497,  176,  478,  523,  486,  939,  670,  732,  954,  377,  863,  713,  781,  413,  387,  396,  838,  204,  325,  511,  926,  923,  764,  554,  525,  465,  127,  616,  494,  122,  486,  322,  972,  461,  354,  856,  522,  844,  470,  296,  329,  475,  561,   95,  781,  609,  241,  954,  488,  290,   65,  516,  488,  575,  456,  271,  716,  459,  657,  345,  756,  216,  378,  612,  417],
        [  820,    0,  477,  743,  470,  841,  819,  710,  684,  257,  652,  302,  464,  568,  797,  261,  830,  783,  702,  168,  578,  372,  896,  939,  192,  804,  496,  868,  518,  647,  707,  455,  181, 1113,  785,  454,  718,  582,  941,    0,  669,  808,  585,  745,  677,  419,  798,  826,  687,  793,  486,  398,  585,  708,  852,  878,  515,  393, 1083,  880,  939,  716,  147,  209,  309,  871,  626,  887,  792,  524,  477,  901,  822,  379,  366,   50,  653,  600,  372,  247,  943, 1071, 1148,  705,  875,  639, 1035,  316,  759,  205,  777,  697,  750,  882,  330,  512,  882,  704,  967,  353,  671,  649,  237,  784,  116,  928, 1088,  613,  844,  407,  967,  809,  769,  701,  485, 1084,  701,  923, 1073,  833,  647,  507,  680,  636,  970,  395, 1034,  447,  861,  776,  561,  988],
        [  486,    0,  318,  559,  451,  519,  265,   93,   27,  579,  170,  662,  474,  136,  149,  473,  203,  201,   41,  721,  148,  363,  308,  448,  544,  156,  251,  218,  152,  273,  605,  325,  667,  488,  205,  462,  168,  402,  293,  669,    0,  748,  289,  136,  415,  351,  253,  530,  325,  154,  189,  367,  181,  697,  188,  450,  420,  280,  437,  609,  272,   66,  633,  463,  626,  376,  545,  561,  125,  312,  338,  383,  714,  378,  537,  676,  116,  597,  420,  551,  365,  446,  507,  596,  337,  192,  482,  633,  684,  515,  367,  481,  458,  213,  339,  202,  214,  268,  339,  680,  404,   81,  565,  344,  584,  390,  431,  119,  340,  272,  300,  575,  412,  119,  670,  500,   55,  301,  508,  344,  331,  254,  153,  465,  410,  465,  402,  470,  333,  218,  342,  399],
        [  335,    0,  493,  197, 1017,  316, 1012,  841,  775,  552,  581,  524, 1030,  637,  730,  587,  934,  948,  739,  691,  824,  551, 1045,  526,  870,  878,  857,  756,  720,  980,  146,  895,  643,  810,  952,  395,  611, 1049,  983,  808,  748,    0,  959,  671, 1105,  890, 1001, 1250, 1039,  885,  745,  886,  863,  101,  791,  441,  377,  664,  848,  251,  859,  724,  908,  702,  504,  524,  223, 1292,  822,  940,  927,  555,   59,  528, 1009,  768,  634,  214,  498,  927,  648,  787,  872,  155, 1084,  907,  644,  499,   66,  850,  437, 1165, 1168,  858,  703,  599,  862,  498,  744,  480, 1094,  668,  573,  469,  833,  587,  887,  824,  535,  644,  930,  219,  380,  865,  337,  714,  719, 1018,  678,  517,  419,  870,  891,  287,  630,  974,  785,  395, 1081,  606,  422,  681],
        [  749,    0,  470,  789,  192,  782,  256,  244,  277,  615,  430,  708,  215,  337,  426,  502,  312,  246,  326,  699,  149,  446,  335,  735,  406,  320,  113,  485,  242,   65,  815,  131,  661,  753,  246,  599,  450,  115,  422,  585,  289,  959,    0,  424,  147,  167,  236,  297,  105,  301,  216,  189,  110,  888,  440,  730,  589,  319,  689,  866,  497,  352,  491,  425,  681,  662,  739,  348,  347,   63,  113,  671,  936,  470,  313,  613,  382,  772,  514,  380,  651,  713,  760,  807,  298,  108,  768,  690,  894,  385,  638,  208,  213,  427,  321,  362,  424,  534,  611,  743,  136,  349,  591,  620,  474,  678,  670,  171,  625,  333,  486,  820,  674,  212,  788,  781,  343,  382,  792,  628,  567,   99,  167,  676,  697,  240,  667,  603,  283,  505,  540,  681],
        [  376,    0,  321,  475,  582,  409,  359,  205,  150,  612,  116,  684,  604,  178,   68,  518,  268,  296,  100,  771,  281,  398,  379,  314,  644,  211,  380,  128,  253,  406,  534,  452,  712,  375,  300,  452,   61,  538,  315,  745,  136,  671,  424,    0,  547,  475,  353,  654,  455,  221,  298,  489,  316,  635,  135,  324,  394,  354,  338,  501,  222,   74,  731,  537,  646,  244,  489,  680,  153,  446,  469,  249,  629,  405,  660,  744,   94,  550,  441,  660,  233,  332,  404,  524,  426,  325,  348,  651,  610,  615,  255,  614,  586,  195,  423,  237,  199,  173,  225,  691,  536,  101,  603,  227,  673,  255,  345,  254,  209,  339,  279,  477,  307,  238,  654,  372,   82,  348,  376,  215,  260,  384,  280,  401,  276,  590,  292,  461,  427,   86,  305,  270],
        [  889,    0,  616,  934,  217,  923,  284,  349,  398,  742,  568,  836,  231,  480,  537,  632,  374,  307,  448,  808,  289,  587,  352,  861,  487,  402,  254,  587,  387,  142,  961,  244,  777,  845,  305,  742,  581,   96,  468,  677,  415, 1105,  147,  547,    0,  271,  269,  158,   98,  383,  362,  289,  249, 1034,  537,  863,  734,  461,  773, 1008,  577,  473,  561,  543,  811,  790,  885,  216,  444,  179,  214,  795, 1082,  612,  346,  711,  518,  917,  654,  444,  764,  808,  842,  953,  291,  223,  881,  820, 1040,  472,  775,   67,   75,  508,  453,  508,  505,  672,  711,  874,   12,  483,  717,  755,  562,  798,  747,  303,  754,  476,  549,  964,  814,  315,  927,  886,  466,  413,  902,  758,  710,  240,  270,  822,  812,  289,  761,  746,  274,  631,  685,  791],
        [  733,    0,  401,  740,  129,  765,  413,  348,  352,  474,  439,  567,  147,  332,  500,  367,  448,  390,  391,  539,  211,  344,  492,  764,  240,  440,  104,  568,  230,  230,  750,   38,  506,  839,  390,  504,  481,  184,  562,  419,  351,  890,  167,  475,  271,    0,  392,  428,  269,  424,  186,   23,  197,  808,  532,  739,  513,  227,  785,  840,  606,  415,  327,  272,  544,  688,  667,  487,  449,  106,   59,  705,  876,  368,  187,  448,  405,  687,  407,  220,  707,  797,  856,  743,  462,  239,  820,  553,  826,  218,  638,  309,  346,  538,  195,  324,  537,  535,  689,  607,  263,  380,  448,  627,  307,  720,  775,  248,  652,  248,  611,  784,  662,  327,  672,  846,  402,  531,  850,  650,  539,  107,  292,  620,  748,  115,  752,  506,  448,  543,  488,  744],
