{
    "name": "random-68-15755",
    "comment": "size=68 seed=15755",
    "nodes": ["+0", "-0", "+1", "-1", "+2", "-2", "+3", "-3", "+4", "-4", "+5", "-5", "+6", "-6", "+7", "-7", "+8", "-8", "+9", "-9", "+10", "-10", "+11", "-11", "+12", "-12", "+13", "-13", "+14", "-14", "+15", "-15", "+16", "-16", "+17", "-17", "+18", "-18", "+19", "-19", "+20", "-20", "+21", "-21", "+22", "-22", "+23", "-23", "+24", "-24", "+25", "-25", "+26", "-26", "+27", "-27", "+28", "-28", "+29", "-29", "+30", "-30", "+31", "-31", "+32", "-32", "+33", "-33", "+34", "-34", "+35", "-35", "+36", "-36", "+37", "-37", "+38", "-38", "+39", "-39", "+40", "-40", "+41", "-41", "+42", "-42", "+43", "-43", "+44", "-44", "+45", "-45", "+46", "-46", "+47", "-47", "+48", "-48", "+49", "-49", "+50", "-50", "+51", "-51", "+52", "-52", "+53", "-53", "+54", "-54", "+55", "-55", "+56", "-56", "+57", "-57", "+58", "-58", "+59", "-59", "+60", "-60", "+61", "-61", "+62", "-62", "+63", "-63", "+64", "-64", "+65", "-65", "+66", "-66", "+67", "-67", "+68", "-68"],
    "precedence": {
        "+0": "-0",
        "+1": "-1",
        "+2": "-2",
        "+3": "-3",
        "+4": "-4",
        "+5": "-5",
        "+6": "-6",
        "+7": "-7",
        "+8": "-8",
        "+9": "-9",
        "+10": "-10",
        "+11": "-11",
        "+12": "-12",
        "+13": "-13",
        "+14": "-14",
        "+15": "-15",
        "+16": "-16",
        "+17": "-17",
        "+18": "-18",
        "+19": "-19",
        "+20": "-20",
        "+21": "-21",
        "+22": "-22",
        "+23": "-23",
        "+24": "-24",
        "+25": "-25",
        "+26": "-26",
        "+27": "-27",
        "+28": "-28",
        "+29": "-29",
        "+30": "-30",
        "+31": "-31",
        "+32": "-32",
        "+33": "-33",
        "+34": "-34",
        "+35": "-35",
        "+36": "-36",
        "+37": "-37",
        "+38": "-38",
        "+39": "-39",
        "+40": "-40",
        "+41": "-41",
        "+42": "-42",
        "+43": "-43",
        "+44": "-44",
        "+45": "-45",
        "+46": "-46",
        "+47": "-47",
        "+48": "-48",
        "+49": "-49",
        "+50": "-50",
        "+51": "-51",
        "+52": "-52",
        "+53": "-53",
        "+54": "-54",
        "+55": "-55",
        "+56": "-56",
        "+57": "-57",
        "+58": "-58",
        "+59": "-59",
        "+60": "-60",
        "+61": "-61",
        "+62": "-62",
        "+63": "-63",
        "+64": "-64",
        "+65": "-65",
        "+66": "-66",
        "+67": "-67",
        "+68": "-68"
    },
    "edges": [
        [    0,    0,  743,  187,  419,  352,  446,  188,  331,  360,  391,  556,  441,  610,  373,  678,  593,  667,  302,  253,  780,  337,  263,  692,  674,  370,  613,  460,  316,  264,  228,  525,  612,  484,  221,  435,  546,   94,  549,  532,  453,  700,  295,  535,  603,  227,  164,  680,  103,  388,  182,  714,  238,  634,  225,  725,  505,  483,  501,  443,  244,  408,  261,  278,  494,  590,  532,  659,  802,  516,  351,  538,  378,  778,  312,  296,  356,  491,  526,  149,  732,  539,  211,  780,  617,  796,  455,  558,  184,  532,  550,  720,  304,  497,  126,  220,  670,  326,  445,  489,  681,  321,  282,  315,  164,  775,  825,  409,  491,  372,  441,  488,  256,  523,  518,  381,  652,  567,  623,  398,  674,  550,  624,  774,  138,  174,  790,  340,  566,  384,  559,  237,  183,  461,  202,  681,  170,  354],
        [    0,    0,    0,    0,    0,    0,    0,    0,    0,    0,    0,    0,    0,    0,    0,    0,    0,    0,    0,    0,    0,    0,    0,    0,    0,    0,    0,    0,    0,    0,    0,    0,    0,    0,    0,    0,    0,    0,    0,    0,    0,    0,    0,    0,    0,    0,    0,    0,    0,    0,    0,    0,    0,    0,    0,    0,    0,    0,    0,    0,    0,    0,    0,    0,    0,    0,    0,    0,    0,    0,    0,    0,    0,    0,    0,    0,    0,    0,    0,    0,    0,    0,    0,    0,    0,    0,    0,    0,    0,    0,    0,    0,    0,    0,    0,    0,    0,    0,    0,    0,    0,    0,    0,    0,    0,    0,    0,    0,    0,    0,    0,    0,    0,    0,    0,    0,    0,    0,    0,    0,    0,    0,    0,    0,    0,    0,    0,    0,    0,    0,    0,    0,    0,    0,    0,    0,    0,    0],
        [  743,    0,    0,  862,  353, 1093,  318,  560, 1043,  566,  912,  702,  303,  362,  416,  412,  582,  582,  764,  597,  100,  494,  549,   53,  454,  727,  295,  560,  911,  487,  899,  565,  802,  398,  961,  947,  617,  770,  666,  465,  748,   95, 1034,  770,  223,  556,  782,  744,  714,  424,  569,  150,  945,  563,  688,  104,  257,  523,  729,  780,  770, 1135,  536,  961,  893,  852,  500,  288,   77,  675,  596,  708,  484,  156, 1054,  947,  466, 1218,  294,  885,  231,  232,  657,   37,  335,   54,  796,  661,  849,  828,  595,  589,  521,  745,  787,  550,  399,  501,  940,  581,  225,  465,  652,  855,  901,   59,  135, 1108,  745,  526,  955,  459,  497,  803,  625,  382,  810,  323,  160,  369,  103,  519,  652,   94,  625,  753,  148,  912,  180, 1085,  878,  798,  892,  855,  712,  217,  907,  997],
        [  187,    0,  862,    0,  514,  272,  593,  346,  182,  545,  229,  494,  565,  655,  455,  707,  572,  648,  206,  282,  882,  390,  442,  810,  691,  292,  676,  645,  140,  380,  337,  510,  521,  535,  159,  268,  732,  259,  498,  551,  367,  834,  277,  446,  688,  307,   84,  614,  287,  556,  344,  805,  306,  619,  409,  861,  648,  667,  426,  343,  414,  279,  330,  102,  356,  765,  539,  822,  928,  702,  537,  722,  556,  921,  253,  110,  530,  360,  606,  108,  805,  639,  218,  899,  785,  912,  350,  743,   16,  423,  736,  702,  482,  415,  283,  391,  702,  503,  282,  470,  836,  488,  261,  467,  207,  902,  960,  248,  672,  555,  274,  514,  412,  700,  704,  482,  563,  732,  762,  551,  780,  734,  582,  876,  315,  118,  882,  168,  694,  223,  729,  120,  272,  627,  383,  834,  211,  169],
        [  419,    0,  353,  514,    0,  759,  191,  262,  696,  403,  565,  426,  100,  232,   64,  314,  354,  398,  416,  245,  369,  146,  317,  301,  331,  391,  208,  460,  559,  156,  614,  303,  525,  134,  626,  603,  555,  470,  395,  229,  429,  343,  713,  472,  184,  208,  433,  512,  420,  270,  272,  297,  645,  366,  445,  372,  205,  445,  427,  454,  524,  791,  185,  611,  565,  739,  255,  410,  423,  580,  424,  615,  333,  440,  724,  595,  291,  873,  113,  549,  316,  125,  305,  389,  405,  400,  471,  593,  501,  520,  541,  436,  314,  439,  494,  281,  302,  308,  598,  298,  392,  253,  303,  618,  582,  398,  464,  759,  617,  371,  611,  191,  222,  674,  544,   39,  547,  352,  288,  199,  266,  486,  420,  363,  330,  402,  373,  562,  205,  735,  742,  446,  589,  681,  456,  387,  588,  645],
        [  352,    0, 1093,  272,  759,    0,  796,  539,  145,  664,  437,  757,  791,  922,  705,  977,  843,  918,  471,  545, 1126,  650,  594, 1041,  962,  558,  937,  755,  346,  609,  303,  781,  770,  798,  133,  458,  820,  351,  765,  821,  626, 1051,  106,  700,  940,  553,  352,  873,  407,  729,  532, 1055,  236,  891,  499, 1075,  856,  787,  686,  597,  456,  109,  582,  221,  577,  771,  811, 1000, 1153,  769,  645,  778,  706, 1128,   47,  271,  693,  169,  860,  211, 1063,  882,  483, 1130,  953, 1145,  599,  817,  288,  664,  831,  972,  635,  674,  351,  564,  971,  658,  478,  741, 1027,  664,  532,  454,  209, 1126, 1176,  190,  713,  688,  460,  783,  606,  718,  790,  723,  811,  907,  974,  748, 1021,  853,  849, 1119,  482,  386, 1131,  374,  917,  178,  720,  388,  257,  619,  467, 1027,  206,  285],
        [  446,    0,  318,  593,  191,  796,    0,  258,  766,  265,  701,  614,   96,  393,  234,  476,  544,  585,  553,  376,  383,  308,  232,  272,  501,  550,  346,  293,  673,  224,  583,  493,  711,  321,  667,  743,  380,  459,  583,  417,  601,  258,  728,  653,  281,  309,  522,  702,  402,  115,  265,  348,  631,  553,  371,  281,   62,  270,  608,  622,  453,  851,  306,  694,  727,  587,  445,  240,  365,  416,  293,  452,  183,  333,  754,  692,  154,  934,  258,  593,  406,  201,  420,  353,  222,  372,  639,  421,  583,  695,  363,  618,  205,  618,  474,  237,  462,  186,  742,  486,  244,  148,  445,  540,  595,  338,  381,  839,  469,  226,  751,  382,  191,  528,  374,  183,  735,  166,  179,   52,  282,  301,  610,  375,  317,  499,  410,  683,  142,  814,  601,  558,  579,  559,  394,  242,  601,  748],
        [  188,    0,  560,  346,  262,  539,  258,    0,  512,  238,  497,  537,  261,  482,  234,  559,  528,  594,  365,  219,  605,  238,  119,  509,  565,  397,  468,  332,  447,  114,  354,  461,  617,  361,  409,  541,  430,  214,  518,  433,  471,  513,  475,  544,  441,  146,  286,  653,  161,  211,   12,  546,  390,  559,  198,  537,  318,  343,  502,  477,  270,  594,  174,  446,  561,  547,  445,  477,  616,  423,  243,  453,  221,  591,  498,  451,  187,  677,  374,  336,  575,  369,  227,  597,  439,  613,  493,  454,  338,  564,  427,  642,  151,  505,  235,   57,  548,  167,  545,  435,  495,  143,  284,  364,  341,  589,  638,  587,  429,  231,  549,  387,   68,  477,  408,  223,  652,  386,  435,  211,  498,  407,  577,  597,   69,  272,  619,  463,  381,  562,  534,  340,  335,  454,  202,  494,  347,  509],
        [  331,    0, 1043,  182,  696,  145,  766,  512,    0,  682,  297,  631,  744,  832,  637,  879,  728,  803,  354,  462, 1064,  571,  592,  991,  859,  438,  856,  779,  212,  558,  377,  671,  635,  713,  142,  316,  856,  368,  643,  723,  499, 1012,  217,  569,  869,  489,  265,  743,  414,  717,  507,  987,  319,  777,  527, 1038,  823,  806,  559,  467,  506,  101,  512,   94,  436,  845,  708,  988, 1108,  815,  668,  830,  708, 1097,  158,  137,  686,  179,  787,  185,  985,  821,  399, 1080,  947, 1093,  468,  861,  196,  528,  864,  856,  633,  545,  380,  550,  875,  656,  335,  631, 1006,  650,  434,  529,  247, 1081, 1138,   82,  771,  699,  316,  689,  579,  786,  827,  663,  676,  896,  939,  722,  962,  874,  727, 1058,  468,  298, 1063,  236,  873,   58,  800,  278,  316,  696,  496, 1005,  247,  141],
        [  360,    0,  566,  545,  403,  664,  265,  238,  682,    0,  726,  763,  339,  632,  410,  715,  733,  790,  600,  453,  642,  448,  119,  526,  733,  634,  595,  100,  665,  316,  390,  671,  849,  532,  553,  770,  194,  317,  741,  620,  707,  489,  574,  778,  540,  377,  504,  873,  268,  150,  233,  613,  453,  756,  167,  502,  317,  125,  734,  714,  232,  745,  399,  637,  797,  338,  641,  366,  597,  189,   31,  222,   84,  532,  618,  654,  115,  824,  501,  497,  669,  459,  463,  598,  309,  618,  730,  217,  541,  801,  193,  832,   95,  739,  314,  181,  702,   96,  776,  650,  412,  150,  521,  300,  456,  572,  595,  763,  215,   41,  778,  577,  212,  272,  171,  374,  881,  277,  410,  223,  545,  192,  790,  634,  236,  497,  673,  685,  402,  737,  342,  566,  412,  294,  199,  415,  460,  713],
        [  391,    0,  912,  229,  565,  437,  701,  497,  297,  726,    0,  353,  644,  626,  501,  652,  472,  541,  150,  328,  906,  420,  611,  861,  624,  195,  667,  824,   96,  479,  566,  427,  342,  529,  366,   45,  919,  477,  373,  504,  224,  907,  480,  281,  705,  394,  228,  454,  493,  698,  499,  821,  532,  521,  614,  936,  744,  838,  281,  187,  633,  386,  397,  219,  140,  981,  480,  941,  985,  899,  723,  923,  717, 1003,  437,  168,  682,  442,  624,  335,  796,  680,  283,  946,  915,  955,  183,  936,  223,  234,  918,  591,  647,  265,  504,  551,  652,  663,   54,  390,  940,  634,  263,  693,  434,  961, 1028,  303,  880,  726,   53,  483,  550,  913,  893,  545,  382,  859,  847,  671,  817,  903,  454,  902,  491,  230,  894,   66,  767,  293,  949,  160,  501,  848,  592,  936,  438,  162],
        [  556,    0,  702,  494,  426,  757,  614,  537,  631,  763,  353,    0,  525,  351,  381,  343,  140,  195,  289,  324,  663,  320,  649,  660,  305,  202,  413,  845,  421,  449,  782,  137,  102,  316,  652,  362,  945,  648,   36,  238,  133,  732,  769,   84,  479,  392,  431,  124,  631,  668,  546,  575,  775,  184,  724,  761,  630,  842,   73,  167,  778,  727,  366,  540,  250, 1084,  203,  834,  779,  952,  775,  984,  717,  831,  744,  495,  674,  791,  419,  592,  524,  495,  348,  730,  830,  732,  171,  977,  479,  150,  936,  241,  669,   89,  680,  589,  348,  674,  344,  130,  809,  625,  276,  863,  678,  759,  834,  652,  966,  745,  367,  250,  552, 1014,  928,  431,  122,  777,  697,  609,  600,  893,  102,  661,  576,  403,  636,  400,  613,  638, 1070,  374,  727,  984,  716,  803,  684,  508],
        [  441,    0,  303,  565,  100,  791,   96,  261,  744,  339,  644,  525,    0,  301,  153,  384,  450,  490,  495,  318,  345,  233,  277,  251,  408,  479,  258,  381,  627,  186,  609,  401,  624,  227,  659,  684,  472,  473,  494,  322,  524,  270,  733,  570,  203,  262,  488,  610,  419,  194,  270,  292,  650,  458,  415,  298,  107,  361,  525,  547,  498,  834,  250,  665,  656,  671,  351,  312,  365,  504,  365,  539,  261,  361,  752,  656,  224,  918,  166,  582,  335,  122,  371,  340,  306,  355,  564,  512,  553,  616,  456,  523,  262,  536,  493,  260,  370,  249,  681,  397,  299,  199,  383,  589,  600,  338,  396,  812,  550,  303,  692,  288,  202,  608,  464,  103,  646,  253,  204,  118,  238,  396,  517,  337,  328,  461,  362,  634,  130,  788,  680,  513,  595,  629,  433,  295,  606,  709],
        [  610,    0,  362,  655,  232,  922,  393,  482,  832,  632,  626,  351,  301,    0,  248,   84,  222,  224,  495,  377,  313,  276,  548,  327,  111,  431,   68,  681,  654,  369,  824,  219,  447,  127,  793,  652,  772,  677,  315,  124,  425,  409,  894,  427,  149,  384,  572,  383,  634,  492,  493,  225,  846,  202,  673,  436,  376,  661,  391,  461,  750,  931,  350,  740,  571,  968,  154,  554,  437,  803,  655,  839,  558,  504,  893,  710,  518, 1009,  136,  717,  176,  204,  439,  386,  570,  385,  475,  812,  640,  490,  756,  241,  545,  409,  705,  509,   71,  538,  640,  245,  512,  483,  399,  844,  771,  420,  496,  880,  846,  599,  659,  145,  451,  903,  764,  266,  452,  526,  398,  417,  262,  693,  291,  311,  547,  538,  286,  646,  323,  860,  972,  556,  790,  912,  681,  505,  777,  747],
        [  373,    0,  416,  455,   64,  705,  234,  234,  637,  410,  501,  381,  153,  248,    0,  325,  326,  380,  352,  182,  428,   83,  311,  364,  334,  329,  241,  478,  495,  121,  578,  268,  478,  129,  573,  539,  577,  432,  352,  211,  372,  406,  664,  420,  235,  152,  372,  476,  387,  293,  245,  352,  604,  346,  428,  435,  259,  469,  375,  395,  503,  732,  125,  551,  504,  746,  231,  464,  487,  594,  429,  629,  349,  503,  671,  533,  306,  814,  155,  495,  361,  186,  243,  452,  454,  463,  412,  612,  441,  464,  565,  423,  317,  386,  458,  265,  315,  315,  535,  255,  450,  261,  239,  597,  536,  462,  528,  698,  623,  383,  548,  168,  210,  678,  563,   51,  503,  399,  349,  229,  327,  516,  388,  422,  299,  341,  428,  498,  267,  675,  743,  383,  548,  675,  435,  446,  542,  582],
        [  678,    0,  412,  707,  314,  977,  476,  559,  879,  715,  652,  343,  384,   84,  325,    0,  204,  178,  532,  436,  346,  342,  629,  384,   45,  460,  138,  764,  691,  446,  896,  227,  430,  199,  851,  674,  855,  749,  309,  156,  438,  471,  956,  424,  218,  453,  625,  347,  708,  576,  570,  265,  915,  168,  752,  496,  457,  744,  396,  476,  828,  979,  418,  785,  581, 1051,  174,  627,  483,  887,  737,  922,  642,  562,  950,  752,  602, 1054,  219,  776,  195,  283,  495,  431,  647,  427,  488,  895,  691,  490,  839,  178,  628,  414,  777,  589,   15,  621,  660,  262,  582,  566,  446,  922,  836,  470,  545,  921,  929,  682,  681,  194,  531,  986,  848,  347,  427,  605,  469,  501,  318,  775,  263,  347,  623,  591,  310,  680,  398,  903, 1055,  601,  859,  994,  760,  575,  842,  784],
        [  593,    0,  582,  572,  354,  843,  544,  528,  728,  733,  472,  140,  450,  222,  326,  204,    0,   77,  375,  342,  534,  291,  627,  544,  165,  292,  288,  804,  526,  423,  821,   69,  228,  224,  727,  487,  902,  678,  107,  130,  249,  621,  841,  222,  362,  391,  498,  166,  650,  618,  538,  447,  825,   50,  724,  650,  547,  794,  198,  287,  789,  827,  358,  635,  384, 1066,   99,  744,  657,  919,  750,  953,  675,  719,  824,  594,  632,  897,  315,  659,  390,  393,  386,  607,  750,  607,  296,  937,  556,  288,  890,  131,  639,  217,  709,  573,  210,  639,  471,  105,  712,  586,  320,  880,  735,  640,  716,  760,  944,  708,  493,  163,  526,  997,  889,  370,  230,  699,  598,  550,  481,  838,   72,  532,  580,  466,  504,  509,  515,  743, 1059,  455,  773,  982,  723,  705,  741,  618],
        [  667,    0,  582,  648,  398,  918,  585,  594,  803,  790,  541,  195,  490,  224,  380,  178,   77,    0,  450,  415,  523,  356,  687,  550,  134,  366,  292,  856,  599,  485,  894,  143,  265,  265,  803,  553,  952,  751,  169,  171,  317,  633,  917,  278,  372,  460,  574,  170,  721,  667,  604,  440,  900,   35,  791,  660,  581,  843,  262,  355,  858,  902,  426,  710,  444, 1125,  150,  771,  656,  973,  808, 1008,  727,  727,  900,  668,  684,  970,  340,  735,  373,  417,  461,  604,  782,  602,  362,  989,  632,  343,  939,   55,  697,  280,  782,  636,  188,  695,  537,  181,  733,  641,  396,  949,  810,  641,  717,  832, 1003,  763,  559,  213,  586, 1057,  940,  420,  255,  733,  618,  597,  484,  883,   97,  523,  648,  542,  488,  581,  539,  817, 1120,  531,  847, 1047,  791,  726,  816,  690],
        [  302,    0,  764,  206,  416,  471,  553,  365,  354,  600,  150,  289,  495,  495,  352,  532,  375,  450,    0,  179,  763,  272,  482,  714,  510,   88,  530,  696,  159,  333,  513,  318,  321,  389,  364,  190,  793,  395,  295,  378,  164,  758,  482,  245,  562,  248,  150,  409,  395,  557,  368,  679,  496,  424,  509,  787,  595,  706,  221,  145,  543,  453,  248,  260,  199,  881,  359,  793,  837,  781,  602,  808,  582,  853,  456,  221,  545,  525,  480,  306,  661,  533,  140,  799,  769,  809,  155,  815,  191,  232,  791,  503,  515,  212,  426,  421,  530,  529,  189,  279,  791,  495,  114,  616,  397,  812,  880,  390,  772,  595,  198,  350,  411,  811,  770,  395,  363,  713,  697,  525,  671,  769,  379,  758,  372,  130,  753,  153,  618,  372,  855,   86,  452,  759,  492,  787,  402,  253],
        [  253,    0,  597,  282,  245,  545,  376,  219,  462,  453,  328,  324,  318,  377,  182,  436,  342,  415,  179,    0,  606,  110,  335,  546,  426,  184,  395,  543,  314,  158,  480,  273,  400,  254,  417,  368,  643,  337,  309,  284,  254,  584,  521,  326,  409,   78,  198,  444,  311,  388,  226,  527,  488,  382,  400,  612,  417,  548,  284,  263,  456,  560,   70,  373,  357,  763,  281,  615,  668,  641,  461,  671,  421,  678,  516,  353,  381,  640,  326,  341,  524,  368,   64,  633,  593,  644,  279,  670,  267,  348,  638,  467,  362,  287,  368,  273,  429,  372,  366,  239,  613,  330,   72,  543,  403,  642,  707,  519,  646,  441,  377,  242,  248,  693,  623,  220,  435,  537,  521,  350,  508,  607,  378,  601,  252,  165,  603,  318,  443,  497,  747,  201,  434,  660,  393,  609,  409,  400],
        [  780,    0,  100,  882,  369, 1126,  383,  605, 1064,  642,  906,  663,  345,  313,  428,  346,  534,  523,  763,  606,    0,  499,  611,  120,  391,  716,  252,  645,  915,  517,  953,  529,  760,  379,  993,  938,  709,  818,  627,  429,  725,  193, 1074,  736,  202,  576,  799,  690,  763,  495,  614,   89,  994,  508,  751,  204,  327,  611,  699,  759,  834, 1159,  552,  978,  872,  941,  463,  387,  149,  763,  672,  797,  559,  250, 1089,  959,  535, 1241,  283,  916,  153,  245,  669,   98,  432,   86,  774,  753,  868,  798,  687,  522,  587,  716,  838,  603,  336,  569,  929,  550,  324,  528,  653,  922,  942,  145,  212, 1125,  830,  602,  946,  433,  546,  889,  714,  403,  763,  415,  248,  432,  107,  611,  601,    8,  672,  768,   50,  914,  242, 1102,  964,  806,  939,  935,  772,  316,  948, 1005],
        [  337,    0,  494,  390,  146,  650,  308,  238,  571,  448,  420,  320,  233,  276,   83,  342,  291,  356,  272,  110,  499,    0,  338,  443,  340,  247,  288,  526,  418,  134,  556,  226,  412,  150,  520,  458,  626,  409,  295,  201,  294,  488,  619,  349,  300,  112,  306,  425,  372,  350,  248,  418,  573,  322,  435,  517,  338,  523,  303,  316,  503,  669,   77,  482,  423,  777,  208,  543,  566,  636,  462,  669,  398,  585,  620,  461,  355,  749,  217,  443,  415,  263,  173,  529,  529,  539,  333,  659,  375,  388,  617,  405,  353,  312,  438,  283,  334,  356,  453,  203,  531,  306,  159,  596,  496,  541,  609,  628,  656,  427,  466,  155,  237,  708,  610,  130,  440,  473,  431,  294,  402,  575,  344,  493,  293,  274,  494,  419,  349,  606,  769,  308,  518,  692,  436,  527,  502,  507],
        [  263,    0,  549,  442,  317,  594,  232,  119,  592,  119,  611,  649,  277,  548,  311,  629,  627,  687,  482,  335,  611,  338,    0,  502,  642,  515,  521,  215,  555,  205,  354,  563,  732,  438,  473,  655,  312,  244,  628,  521,  589,  485,  514,  660,  477,  260,  393,  761,  188,  138,  114,  566,  407,  653,  141,  505,  293,  229,  617,  595,  224,  664,  284,  538,  679,  440,  538,  407,  594,  306,  127,  337,  116,  548,  550,  550,   99,  746,  424,  408,  611,  398,  345,  584,  359,  603,  611,  336,  436,  682,  309,  732,   42,  621,  252,   63,  617,   65,  660,  540,  438,   84,  402,  313,  386,  567,  603,  671,  319,  116,  663,  476,  102,  371,  289,  283,  765,  313,  404,  180,  507,  295,  681,  603,  128,  383,  634,  573,  371,  646,  434,  452,  358,  365,  163,  439,  391,  609],
        [  692,    0,   53,  810,  301, 1041,  272,  509,  991,  526,  861,  660,  251,  327,  364,  384,  544,  550,  714,  546,  120,  443,  502,    0,  425,  678,  259,  526,  859,  434,  851,  524,  761,  352,  909,  897,  590,  720,  625,  423,  701,   90,  983,  726,  182,  503,  730,  707,  664,  380,  518,  135,  895,  529,  642,  113,  212,  491,  684,  732,  724, 1083,  484,  909,  845,  821,  458,  276,  124,  644,  556,  678,  443,  178, 1003,  895,  422, 1166,  247,  833,  218,  182,  605,   90,  317,  105,  748,  634,  797,  783,  568,  561,  476,  700,  738,  501,  371,  456,  891,  537,  217,  419,  601,  811,  850,  101,  175, 1056,  711,  486,  905,  415,  447,  770,  595,  329,  771,  297,  129,  322,   67,  492,  614,  112,  575,  701,  160,  861,  132, 1032,  845,  746,  842,  817,  665,  209,  856,  945],
        [  674,    0,  454,  691,  331,  962,  501,  565,  859,  733,  624,  305,  408,  111,  334,   45,  165,  134,  510,  426,  391,  340,  642,  425,    0,  434,  173,  786,  667,  452,  895,  197,  389,  206,  838,  643,  879,  748,  272,  143,  406,  511,  946,  387,  255,  451,  610,  303,  709,  597,  576,  309,  911,  126,  761,  537,  486,  768,  361,  445,  835,  959,  416,  766,  547, 1069,  152,  663,  526,  908,  754,  944,  662,  603,  937,  730,  621, 1033,  244,  765,  239,  314,  483,  474,  680,  470,  455,  918,  675,  453,  863,  136,  644,  379,  777,  599,   56,  638,  629,  234,  619,  583,  430,  928,  828,  513,  588,  899,  947,  701,  650,  187,  542, 1004,  871,  361,  385,  636,  506,  523,  359,  802,  221,  391,  627,  577,  354,  654,  432,  881, 1072,  582,  856, 1007,  766,  612,  834,  760],
        [  370,    0,  727,  292,  391,  558,  550,  397,  438,  634,  195,  202,  479,  431,  329,  460,  292,  366,   88,  184,  716,  247,  515,  678,  434,    0,  474,  726,  235,  340,  589,  239,  243,  337,  451,  224,  825,  463,  208,  310,   84,  731,  568,  166,  515,  261,  231,  323,  455,  571,  403,  629,  577,  341,  561,  761,  584,  731,  136,   81,  604,  537,  250,  345,  178,  932,  287,  787,  802,  819,  639,  849,  605,  829,  543,  303,  565,  606,  436,  391,  602,  498,  175,  761,  770,  768,   96,  851,  278,  169,  820,  418,  544,  129,  495,  453,  459,  555,  214,  200,  778,  514,  114,  683,  479,  779,  849,  469,  819,  624,  231,  289,  432,  862,  804,  377,  284,  714,  678,  529,  630,  791,  292,  711,  418,  205,  701,  221,  595,  452,  910,  172,  531,  818,  549,  774,  485,  328],
        [  613,    0,  295,  676,  208,  937,  346,  468,  856,  595,  667,  413,  258,   68,  241,  138,  288,  292,  530,  395,  252,  288,  521,  259,  173,  474,    0,  637,  688,  358,  817,  278,  511,  143,  807,  697,  724,  672,  377,  178,  476,  342,  902,  485,   82,  389,  592,  450,  625,  451,  479,  163,  845,  270,  652,  368,  322,  615,  448,  511,  731,  954,  357,  765,  623,  928,  211,  491,  370,  760,  620,  796,  519,  436,  906,  739,  481, 1034,   97,  729,  131,  148,  458,  320,  510,  320,  526,  766,  661,  547,  707,  307,  514,  465,  698,  488,  123,  503,  686,  300,  447,  450,  427,  825,  775,  353,  429,  909,  808,  560,  704,  186,  428,  866,  719,  246,  517,  468,  333,  375,  194,  642,  358,  249,  535,  559,  230,  682,  261,  887,  937,  585,  789,  882,  664,  440,  781,  780],
        [  460,    0,  560,  645,  460,  755,  293,  332,  779,  100,  824,  845,  381,  681,  478,  764,  804,  856,  696,  543,  645,  526,  215,  526,  786,  726,  637,    0,  765,  398,  470,  745,  934,  593,  648,  869,  101,  413,  821,  685,  797,  473,  661,  865,  573,  467,  603,  950,  366,  190,  328,  629,  536,  822,  257,  481,  330,   42,  821,  805,  308,  839,  485,  737,  892,  298,  708,  319,  578,  124,  112,  160,  130,  498,  709,  754,  173,  918,  546,  595,  694,  493,  558,  588,  259,  609,  822,  134,  641,  891,   95,  895,  183,  826,  407,  276,  751,  173,  874,  727,  375,  221,  613,  359,  549,  555,  565,  860,  186,  103,  877,  644,  297,  244,   85,  436,  965,  243,  401,  264,  556,   99,  864,  637,  335,  596,  681,  785,  413,  835,  319,  665,  500,  303,  289,  379,  552,  813],
        [  316,    0,  911,  140,  559,  346,  673,  447,  212,  665,   96,  421,  627,  654,  495,  691,  526,  599,  159,  314,  915,  418,  555,  859,  667,  235,  688,  765,    0,  450,  475,  473,  425,  545,  270,  131,  856,  396,  435,  537,  289,  896,  385,  358,  715,  367,  162,  532,  418,  655,  447,  833,  438,  575,  541,  924,  721,  783,  349,  256,  552,  307,  379,  126,  234,  902,  517,  910,  981,  830,  660,  853,  666,  988,  343,   76,  634,  372,  632,  242,  818,  680,  257,  946,  879,  957,  257,  871,  136,  319,  858,  651,  593,  335,  421,  498,  689,  611,  146,  434,  915,  588,  263,  606,  341,  956, 1020,  234,  806,  670,  135,  509,  506,  836,  829,  533,  466,  824,  830,  637,  820,  849,  519,  910,  430,  176,  908,   30,  755,  219,  867,  116,  409,  765,  516,  913,  344,   94],
        [  264,    0,  487,  380,  156,  609,  224,  114,  558,  316,  479,  449,  186,  369,  121,  446,  423,  485,  333,  158,  517,  134,  205,  434,  452,  340,  358,  398,  450,    0,  460,  358,  537,  248,  477,  521,  498,  315,  426,  322,  404,  455,  559,  468,  340,   86,  303,  558,  267,  232,  125,  451,  489,  451,  310,  482,  273,  397,  424,  417,  383,  649,   91,  480,  515,  644,  336,  463,  550,  504,  329,  537,  271,  543,  572,  472,  229,  732,  267,  400,  471,  275,  197,  524,  437,  538,  434,  529,  367,  499,  490,  532,  221,  430,  340,  151,  435,  226,  521,  336,  466,  179,  229,  477,  427,  524,  581,  627,  523,  297,  529,  276,  105,  575,  480,  118,  568,  381,  384,  193,  412,  454,  477,  511,  179,  278,  526,  459,  315,  602,  636,  335,  433,  562,  315,  463,  433,  527],
        [  228,    0,  899,  337,  614,  303,  583,  354,  377,  390,  566,  782,  609,  824,  578,  896,  821,  894,  513,  480,  953,  556,  354,  851,  895,  589,  817,  470,  475,  460,    0,  752,  831,  699,  237,  605,  524,  148,  776,  754,  672,  839,  200,  754,  794,  445,  364,  905,  194,  490,  343,  898,   69,  861,  226,  859,  645,  507,  723,  657,  162,  404,  480,  381,  689,  472,  757,  749,  947,  470,  365,  476,  449,  901,  258,  423,  449,  471,  725,  234,  928,  722,  438,  935,  696,  953,  667,  517,  345,  744,  537,  947,  389,  718,  120,  351,  887,  412,  619,  717,  788,  437,  509,  154,  137,  920,  957,  454,  410,  421,  609,  709,  408,  417,  494,  575,  872,  657,  758,  531,  847,  569,  852,  946,  285,  385,  970,  504,  720,  433,  424,  435,   67,  321,  196,  789,  136,  472],
        [  525,    0,  565,  510,  303,  781,  493,  461,  671,  671,  427,  137,  401,  219,  268,  227,   69,  143,  318,  273,  529,  226,  563,  524,  197,  239,  278,  745,  473,  358,  752,    0,  238,  183,  663,  448,  844,  610,  102,  101,  212,  596,  776,  208,  343,  323,  434,  209,  581,  561,  471,  440,  758,  112,  657,  625,  503,  737,  173,  250,  721,  771,  290,  577,  356, 1002,   67,  704,  642,  858,  686,  892,  615,  695,  761,  539,  572,  842,  283,  594,  394,  360,  319,  594,  705,  596,  262,  878,  494,  272,  833,  196,  576,  191,  641,  508,  228,  578,  434,   41,  676,  525,  255,  811,  668,  622,  697,  707,  881,  647,  454,  116,  462,  933,  829,  315,  251,  653,  564,  495,  463,  783,  120,  526,  512,  401,  504,  459,  480,  689,  994,  395,  705,  915,  655,  670,  674,  566],
        [  612,    0,  802,  521,  525,  770,  711,  617,  635,  849,  342,  102,  624,  447,  478,  430,  228,  265,  321,  400,  760,  412,  732,  761,  389,  243,  511,  934,  425,  537,  831,  238,    0,  417,  678,  337, 1034,  706,  137,  338,  160,  833,  796,   78,  579,  473,  471,  122,  695,  761,  625,  672,  817,  264,  796,  862,  729,  933,  116,  178,  844,  727,  450,  550,  212, 1162,  303,  934,  878, 1037,  858, 1069,  807,  932,  763,  501,  764,  782,  520,  625,  617,  596,  411,  829,  929,  831,  172, 1064,  508,  109, 1026,  300,  755,  116,  737,  671,  437,  762,  318,  230,  910,  714,  341,  925,  718,  859,  934,  643, 1046,  832,  340,  351,  639, 1092, 1016,  528,   42,  875,  798,  704,  700,  986,  170,  758,  649,  447,  731,  399,  714,  634, 1144,  404,  773, 1055,  786,  904,  723,  503],
        [  484,    0,  398,  535,  134,  798,  321,  361,  713,  532,  529,  316,  227,  127,  129,  199,  224,  265,  389,  254,  379,  150,  438,  352,  206,  337,  143,  593,  545,  248,  699,  183,  417,    0,  669,  560,  689,  552,  282,   96,  351,  417,  768,  376,  179,  258,  451,  387,  510,  404,  372,  292,  720,  233,  556,  447,  324,  579,  334,  384,  630,  812,  224,  623,  497,  869,  126,  523,  474,  712,  552,  747,  465,  517,  768,  596,  423,  892,  105,  592,  274,  180,  317,  429,  526,  435,  399,  726,  520,  432,  675,  302,  441,  349,  580,  393,  189,  437,  551,  189,  494,  382,  284,  724,  644,  452,  526,  766,  746,  503,  568,   67,  337,  802,  678,  159,  433,  476,  382,  332,  297,  619,  293,  375,  424,  418,  365,  541,  298,  745,  869,  442,  664,  802,  562,  488,  650,  638],
        [  221,    0,  961,  159,  626,  133,  667,  409,  142,  553,  366,  652,  659,  793,  573,  851,  727,  803,  364,  417,  993,  520,  473,  909,  838,  451,  807,  648,  270,  477,  237,  663,  678,  669,    0,  397,  721,  236,  656,  697,  526,  920,  119,  604,  807,  421,  230,  772,  288,  605,  402,  923,  183,  774,  393,  945,  726,  678,  584,  501,  366,  193,  451,  155,  501,  704,  688,  877, 1021,  677,  536,  691,  587,  999,  100,  203,  570,  274,  728,   78,  932,  749,  356,  998,  831, 1013,  506,  723,  174,  577,  730,  857,  514,  574,  243,  438,  845,  537,  414,  624,  901,  539,  411,  388,  107,  995, 1046,  222,  631,  573,  400,  657,  477,  645,  692,  591,  720,  783,  844,  619,  888,  744,  740,  986,  355,  263,  999,  300,  785,  198,  659,  279,  175,  555,  361,  901,  106,  243],
        [  435,    0,  947,  268,  603,  458,  743,  541,  316,  770,   45,  362,  684,  652,  539,  674,  487,  553,  190,  368,  938,  458,  655,  897,  643,  224,  697,  869,  131,  521,  605,  448,  337,  560,  397,    0,  963,  520,  385,  530,  239,  945,  509,  284,  738,  436,  272,  454,  536,  742,  543,  852,  568,  536,  658,  974,  785,  883,  292,  200,  675,  398,  438,  246,  127, 1024,  503,  982, 1021,  943,  768,  967,  761, 1041,  462,  195,  726,  448,  658,  372,  825,  716,  326,  981,  958,  989,  192,  981,  263,  230,  963,  602,  691,  274,  546,  596,  674,  708,   21,  412,  980,  678,  302,  734,  471,  997, 1066,  310,  924,  770,    9,  512,  594,  957,  938,  584,  375,  902,  886,  713,  851,  947,  464,  934,  536,  274,  924,  101,  806,  303,  992,  205,  539,  891,  636,  977,  474,  176],
        [  546,    0,  617,  732,  555,  820,  380,  430,  856,  194,  919,  945,  472,  772,  577,  855,  902,  952,  793,  643,  709,  626,  312,  590,  879,  825,  724,  101,  856,  498,  524,  844, 1034,  689,  721,  963,    0,  489,  921,  782,  897,  526,  721,  965,  656,  566,  695, 1050,  448,  285,  426,  702,  592,  919,  330,  530,  409,  111,  921,  905,  364,  910,  586,  820,  990,  239,  806,  350,  625,   72,  197,   96,  229,  534,  773,  841,  273,  985,  637,  674,  772,  578,  656,  642,  292,  663,  921,   44,  728,  991,   24,  990,  282,  926,  478,  374,  841,  273,  969,  827,  413,  321,  712,  393,  618,  605,  603,  938,  156,  203,  971,  741,  397,  204,   31,  533, 1065,  295,  461,  358,  627,  101,  963,  701,  428,  689,  748,  877,  488,  913,  276,  759,  563,  294,  361,  419,  620,  900],
        [   94,    0,  770,  259,  470,  351,  459,  214,  368,  317,  477,  648,  473,  677,  432,  749,  678,  751,  395,  337,  818,  409,  244,  720,  748,  463,  672,  413,  396,  315,  148,  610,  706,  552,  236,  520,  489,    0,  639,  608,  547,  717,  271,  628,  652,  298,  254,  771,   58,  381,  204,  759,  177,  717,  159,  739,  521,  442,  594,  537,  156,  428,  333,  336,  585,  507,  611,  651,  823,  451,  301,  468,  355,  787,  306,  364,  343,  508,  581,  186,  785,  582,  301,  807,  602,  824,  549,  495,  260,  626,  496,  803,  284,  591,   32,  223,  740,  308,  531,  575,  681,  319,  373,  222,  143,  796,  839,  450,  415,  338,  526,  563,  274,  441,  460,  431,  746,  557,  637,  409,  711,  508,  713,  810,  146,  266,  832,  422,  590,  425,  472,  328,  122,  371,  130,  682,  147,  421],
        [  549,    0,  666,  498,  395,  765,  583,  518,  643,  741,  373,   36,  494,  315,  352,  309,  107,  169,  295,  309,  627,  295,  628,  625,  272,  208,  377,  821,  435,  426,  776,  102,  137,  282,  656,  385,  921,  639,    0,  202,  149,  697,  773,  116,  444,  374,  431,  135,  619,  642,  527,  539,  772,  154,  708,  726,  598,  816,   93,  186,  765,  740,  346,  551,  278, 1065,  167,  801,  743,  929,  754,  962,  692,  796,  750,  507,  649,  806,  384,  593,  489,  460,  339,  694,  799,  696,  193,  953,  484,  182,  911,  219,  646,  111,  671,  569,  314,  650,  368,   98,  775,  600,  268,  851,  677,  723,  799,  668,  945,  721,  390,  215,  530,  995,  904,  402,  153,  746,  663,  581,  564,  866,   85,  625,  560,  402,  601,  416,  579,  653, 1052,  379,  722,  968,  702,  769,  683,  525],
        [  532,    0,  465,  551,  229,  821,  417,  433,  723,  620,  504,  238,  322,  124,  211,  156,  130,  171,  378,  284,  429,  201,  521,  423,  143,  310,  178,  685,  537,  322,  754,  101,  338,   96,  697,  530,  782,  608,  202,    0,  302,  497,  803,  308,  242,  311,  470,  295,  572,  497,  444,  340,  769,  138,  631,  526,  418,  673,  271,  338,  702,  823,  276,  630,  449,  956,   36,  615,  541,  803,  639,  838,  557,  596,  796,  597,  514,  899,  186,  622,  299,  265,  341,  493,  620,  495,  352,  819,  536,  370,  769,  212,  528,  288,  638,  472,  153,  526,  518,  123,  583,  471,  291,  795,  686,  522,  597,  767,  834,  593,  537,   47,  419,  889,  770,  250,  349,  570,  469,  427,  363,  714,  200,  426,  492,  436,  406,  528,  386,  747,  954,  445,  714,  883,  634,  577,  692,  631],
        [  453,    0,  748,  367,  429,  626,  601,  471,  499,  707,  224,  133,  524,  425,  372,  438,  249,  317,  164,  254,  725,  294,  589,  701,  406,   84,  476,  797,  289,  404,  672,  212,  160,  351,  526,  239,  897,  547,  149,  302,    0,  762,  644,   82,  529,  331,  312,  247,  538,  634,  478,  637,  658,  298,  642,  791,  630,  800,   61,   39,  687,  595,  313,  409,  148, 1011,  272,  835,  824,  894,  714,  924,  673,  861,  615,  363,  631,  659,  455,  469,  600,  524,  255,  780,  822,  785,   50,  924,  354,   96,  891,  367,  615,   49,  578,  527,  440,  625,  224,  180,  820,  581,  189,  766,  560,  802,  875,  520,  897,  694,  245,  293,  501,  941,  876,  422,  201,  767,  715,  586,  648,  857,  232,  722,  497,  288,  705,  269,  630,  506,  991,  248,  613,  899,  630,  815,  565,  377],
        [  700,    0,   95,  834,  343, 1051,  258,  513, 1012,  489,  907,  732,  270,  409,  406,  471,  621,  633,  758,  584,  193,  488,  485,   90,  511,  731,  342,  473,  896,  455,  839,  596,  833,  417,  920,  945,  526,  717,  697,  497,  762,    0,  985,  793,  262,  532,  757,  786,  660,  353,  521,  224,  889,  610,  621,   30,  197,  436,  750,  790,  702, 1101,  518,  935,  903,  762,  532,  194,  110,  585,  519,  618,  408,  100, 1010,  926,  395, 1184,  314,  846,  308,  239,  639,  116,  242,  137,  807,  570,  822,  847,  504,  646,  454,  764,  731,  495,  457,  432,  940,  605,  131,  403,  645,  783,  853,   84,  126, 1082,  658,  448,  953,  483,  447,  716,  535,  364,  845,  233,   81,  309,  155,  427,  692,  186,  574,  731,  240,  901,  142, 1057,  790,  781,  837,  772,  647,  124,  858,  978],
        [  295,    0, 1034,  277,  713,  106,  728,  475,  217,  574,  480,  769,  733,  894,  664,  956,  841,  917,  482,  521, 1074,  619,  514,  983,  946,  568,  902,  661,  385,  559,  200,  776,  796,  768,  119,  509,  721,  271,  773,  803,  644,  985,    0,  722,  896,  514,  344,  890,  329,  651,  466, 1009,  132,  887,  408, 1008,  789,  696,  702,  619,  358,  212,  546,  263,  617,  666,  797,  921, 1090,  669,  552,  676,  622, 1057,   64,  314,  613,  273,  819,  183, 1024,  833,  463, 1071,  871, 1087,  624,  716,  291,  695,  733,  970,  554,  692,  264,  492,  949,  578,  527,  737,  952,  590,  522,  350,  134, 1063, 1109,  281,  610,  601,  511,  762,  540,  614,  691,  676,  838,  827,  906,  678,  968,  760,  856, 1067,  412,  376, 1084,  414,  855,  264,  615,  396,  162,  514,  376,  952,  128,  345],
        [  535,    0,  770,  446,  472,  700,  653,  544,  569,  778,  281,   84,  570,  427,  420,  424,  222,  278,  245,  326,  736,  349,  660,  726,  387,  166,  485,  865,  358,  468,  754,  208,   78,  376,  604,  284,  965,  628,  116,  308,   82,  793,  722,    0,  547,  401,  393,  175,  618,  696,  551,  648,  740,  267,  720,  822,  676,  865,   46,  104,  767,  662,  380,  481,  168, 1088,  274,  882,  846,  966,  786,  996,  739,  892,  691,  433,  697,  722,  480,  550,  601,  554,  334,  799,  873,  802,  102,  994,  433,   66,  958,  322,  684,   40,  660,  599,  429,  693,  266,  189,  861,  646,  265,  847,  641,  825,  900,  583,  972,  763,  289,  312,  569, 1017,  946,  471,  119,  819,  753,  643,  668,  921,  184,  734,  574,  370,  712,  334,  668,  571, 1069,  328,  695,  978,  709,  856,  646,  440],
