{
    "name": "random-53-946",
    "comment": "size=53 seed=946",
    "nodes": ["+0", "-0", "+1", "-1", "+2", "-2", "+3", "-3", "+4", "-4", "+5", "-5", "+6", "-6", "+7", "-7", "+8", "-8", "+9", "-9", "+10", "-10", "+11", "-11", "+12", "-12", "+13", "-13", "+14", "-14", "+15", "-15", "+16", "-16", "+17", "-17", "+18", "-18", "+19", "-19", "+20", "-20", "+21", "-21", "+22", "-22", "+23", "-23", "+24", "-24", "+25", "-25", "+26", "-26", "+27", "-27", "+28", "-28", "+29", "-29", "+30", "-30", "+31", "-31", "+32", "-32", "+33", "-33", "+34", "-34", "+35", "-35", "+36", "-36", "+37", "-37", "+38", "-38", "+39", "-39", "+40", "-40", "+41", "-41", "+42", "-42", "+43", "-43", "+44", "-44", "+45", "-45", "+46", "-46", "+47", "-47", "+48", "-48", "+49", "-49", "+50", "-50", "+51", "-51", "+52", "-52", "+53", "-53"],
    "precedence": {
        "+0": "-0",
        "+1": "-1",
        "+2": "-2",
        "+3": "-3",
        "+4": "-4",
        "+5": "-5",
        "+6": "-6",
        "+7": "-7",
        "+8": "-8",
        "+9": "-9",
        "+10": "-10",
        "+11": "-11",
        "+12": "-12",
        "+13": "-13",
        "+14": "-14",
        "+15": "-15",
        "+16": "-16",
        "+17": "-17",
        "+18": "-18",
        "+19": "-19",
        "+20": "-20",
        "+21": "-21",
        "+22": "-22",
        "+23": "-23",
        "+24": "-24",
        "+25": "-25",
        "+26": "-26",
        "+27": "-27",
        "+28": "-28",
        "+29": "-29",
        "+30": "-30",
        "+31": "-31",
        "+32": "-32",
        "+33": "-33",
        "+34": "-34",
        "+35": "-35",
        "+36": "-36",
        "+37": "-37",
        "+38": "-38",
        "+39": "-39",
        "+40": "-40",
        "+41": "-41",
        "+42": "-42",
        "+43": "-43",
        "+44": "-44",
        "+45": "-45",
        "+46": "-46",
        "+47": "-47",
        "+48": "-48",
        "+49": "-49",
        "+50": "-50",
        "+51": "-51",
        "+52": "-52",
        "+53": "-53"
    },
    "edges": [
        [    0,    0,  101,  289,  570,  406,  555,  372,  356,  136,  711,  186,  276,  450,  669,  644,  520,  532,  196,  145,  508,  475,  478,  133,  245,  762,  635,  659,  338,  540,  416,  661,  567,  774,  854,  483,  229,  421,  472,  573,  344,  434,  506,  405,  217,   99,  564,  591,  519,  495,  303,  338,  367,  187,  126,  506,  553,  577,  228,  169,  107,  337,  275,  446,  734,  430,  277,  641,  446,  268,  639,  405,  481,  603,  665,  394,  493,  746,   85,  340,  574,  440,  367,  403,  223,  203,  356,  693,  259,  362,  419,  565,  627,  435,  416,  177,  139,  244,  385,  451,  247,  391,  377,  595,  402,  249,  157,   93],
        [    0,    0,    0,    0,    0,    0,    0,    0,    0,    0,    0,    0,    0,    0,    0,    0,    0,    0,    0,    0,    0,    0,    0,    0,    0,    0,    0,    0,    0,    0,    0,    0,    0,    0,    0,    0,    0,    0,    0,    0,    0,    0,    0,    0,    0,    0,    0,    0,    0,    0,    0,    0,    0,    0,    0,    0,    0,    0,    0,    0,    0,    0,    0,    0,    0,    0,    0,    0,    0,    0,    0,    0,    0,    0,    0,    0,    0,    0,    0,    0,    0,    0,    0,    0,    0,    0,    0,    0,    0,    0,    0,    0,    0,    0,    0,    0,    0,    0,    0,    0,    0,    0,    0,    0,    0,    0,    0,    0],
        [  101,    0,    0,  250,  588,  315,  656,  309,  340,  211,  701,  222,  182,  407,  654,  636,  619,  624,  117,  171,  407,  571,  400,  210,  244,  771,  655,  633,  439,  622,  490,  639,  474,  778,  870,  581,  171,  421,  504,  493,  247,  367,  570,  324,  118,  170,  619,  592,  515,  395,  217,  358,  458,  126,   82,  606,  563,  514,  297,  213,   40,  358,  260,  400,  644,  358,  364,  550,  346,  343,  551,  489,  380,  607,  698,  294,  592,  659,   67,  441,  638,  386,  298,  346,  316,  303,  323,  603,  356,  360,  517,  505,  538,  506,  430,   85,  144,  309,  286,  551,  299,  396,  459,  614,  302,  339,  159,  169],
        [  289,    0,  250,    0,  837,  238,  758,  516,  110,  271,  945,  187,  199,  161,  895,  880,  747,  793,  154,  414,  453,  722,  570,  274,  106, 1020,  904,  867,  538,  817,  702,  875,  579, 1026, 1119,  723,   86,  204,  750,  647,  366,  563,  795,  189,  227,  388,  852,  839,  761,  413,  391,  606,  636,  361,  330,  727,  812,  705,  517,  205,  211,  606,  508,  158,  748,  544,  554,  656,  412,  555,  673,  683,  406,  855,  944,  373,  725,  782,  313,  546,  863,  156,  497,  559,  378,  414,   74,  716,  512,  609,  580,  703,  657,  722,  679,  292,  392,  533,  297,  678,  533,  194,  658,  863,  374,  385,  143,  263],
        [  570,    0,  588,  837,    0,  837,  746,  439,  921,  678,  215,  753,  718,  993,  219,  169,  662,  544,  696,  428,  763,  582,  527,  674,  813,  196,   68,  272,  661,  444,  352,  254,  690,  216,  284,  609,  757,  991,  121,  582,  624,  456,  284,  876,  649,  479,  237,   96,  134,  792,  544,  234,  479,  491,  508,  675,   44,  470,  389,  733,  626,  234,  338,  986,  768,  486,  451,  717,  714,  387,  681,  427,  777,   82,  141,  683,  635,  731,  525,  650,  298,  968,  467,  407,  689,  620,  910,  727,  534,  236,  758,  444,  682,  335,  158,  564,  446,  369,  754,  636,  343,  961,  408,   28,  694,  717,  724,  646],
        [  406,    0,  315,  238,  837,    0,  946,  429,  330,  458,  891,  399,  135,  272,  835,  833,  920,  937,  212,  471,  237,  880,  430,  459,  337,  997,  904,  790,  724,  936,  802,  804,  383,  993, 1104,  887,  210,  419,  779,  482,  232,  453,  874,   72,  206,  484,  915,  812,  732,  188,  301,  630,  772,  356,  365,  905,  803,  573,  610,  410,  299,  630,  502,  256,  540,  425,  678,  454,  215,  656,  481,  804,  186,  832,  964,  199,  895,  584,  376,  729,  941,  219,  402,  472,  574,  589,  270,  515,  663,  602,  784,  579,  464,  817,  687,  288,  438,  620,  102,  851,  603,  420,  773,  864,  194,  588,  328,  431],
        [  555,    0,  656,  758,  746,  946,    0,  854,  750,  492,  959,  571,  825,  886,  949,  903,   87,  228,  736,  579, 1060,  165,  978,  490,  658,  914,  778,  979,  223,  339,  395,  969, 1101,  947,  951,  138,  742,  748,  631, 1073,  892,  914,  478,  927,  771,  517,  551,  826,  799, 1050,  836,  622,  280,  707,  654,   72,  763, 1032,  457,  553,  656,  621,  688,  891, 1257,  924,  353, 1169,  998,  421, 1157,  321, 1036,  822,  735,  946,  111, 1254,  620,  218,  503,  904,  863,  866,  380,  359,  792, 1212,  312,  698,  191, 1011, 1148,  412,  673,  726,  609,  467,  939,  121,  508,  714,  344,  753,  955,  374,  626,  515],
        [  372,    0,  309,  516,  439,  429,  854,    0,  622,  506,  463,  530,  339,  646,  406,  407,  794,  743,  364,  280,  324,  725,  126,  503,  544,  577,  501,  364,  667,  693,  549,  377,  276,  568,  686,  744,  431,  712,  419,  220,  199,   63,  574,  484,  290,  353,  586,  395,  317,  354,  132,  295,  593,  187,  247,  791,  400,  206,  401,  521,  344,  296,  175,  634,  408,   71,  505,  328,  276,  444,  308,  589,  340,  417,  577,  250,  763,  400,  288,  664,  630,  607,   29,   45,  589,  551,  587,  363,  547,  230,  763,  197,  301,  552,  316,  234,  257,  396,  334,  735,  358,  692,  556,  466,  260,  617,  465,  462],
        [  356,    0,  340,  110,  921,  330,  750,  622,    0,  295, 1041,  200,  308,  138,  992,  975,  753,  817,  259,  493,  556,  739,  679,  299,  115, 1108,  987,  968,  541,  855,  751,  975,  686, 1116, 1204,  736,  193,   95,  827,  756,  476,  671,  851,  269,  335,  454,  914,  931,  854,  513,  500,  688,  669,  459,  421,  730,  899,  814,  577,  223,  300,  688,  600,  146,  854,  652,  596,  763,  518,  610,  781,  723,  507,  945, 1020,  481,  734,  890,  398,  551,  919,  169,  604,  664,  381,  432,   63,  823,  542,  699,  564,  811,  765,  773,  764,  394,  476,  595,  401,  686,  601,   90,  701,  946,  481,  380,  199,  303],
        [  136,    0,  211,  271,  678,  458,  492,  506,  295,    0,  834,   96,  346,  417,  795,  767,  477,  526,  254,  270,  605,  452,  607,    5,  184,  873,  740,  789,  270,  560,  461,  790,  684,  888,  958,  452,  251,  336,  570,  702,  454,  567,  565,  436,  307,  202,  632,  709,  641,  584,  427,  450,  374,  320,  259,  457,  665,  712,  301,   73,  192,  450,  406,  419,  854,  562,  303,  760,  547,  326,  761,  428,  571,  719,  758,  496,  455,  870,  219,  277,  631,  425,  500,  538,  117,  143,  319,  814,  247,  486,  327,  700,  749,  484,  529,  296,  271,  321,  465,  408,  338,  301,  408,  700,  502,  134,  134,   44],
        [  711,    0,  701,  945,  215,  891,  959,  463, 1041,  834,    0,  896,  792, 1091,   60,   67,  875,  759,  794,  567,  761,  795,  503,  830,  942,  154,  206,  126,  859,  658,  565,  103,  651,  126,  257,  822,  860, 1121,  328,  523,  661,  450,  498,  943,  731,  633,  445,  136,  194,  802,  591,  390,  687,  584,  620,  888,  197,  395,  571,  879,  741,  391,  442, 1081,  682,  482,  648,  655,  726,  580,  613,  638,  788,  137,  293,  709,  848,  631,  648,  849,  506, 1057,  490,  420,  866,  801, 1018,  647,  728,  350,  959,  373,  619,  548,  314,  655,  574,  552,  796,  847,  518, 1094,  617,  215,  718,  894,  853,  797],
        [  186,    0,  222,  187,  753,  399,  571,  530,  200,   96,  896,    0,  306,  324,  854,  830,  564,  620,  216,  331,  575,  543,  617,  100,   91,  946,  817,  841,  353,  656,  555,  844,  672,  959, 1036,  543,  189,  245,  651,  708,  441,  588,  657,  365,  286,  275,  723,  776,  704,  546,  431,  521,  470,  345,  291,  542,  737,  735,  388,   23,  188,  521,  458,  327,  844,  578,  398,  749,  521,  417,  757,  523,  535,  788,  841,  472,  543,  867,  255,  362,  724,  335,  519,  566,  193,  235,  227,  807,  343,  547,  395,  726,  742,  577,  600,  302,  323,  407,  425,  495,  419,  212,  503,  777,  477,  199,   78,  110],
        [  276,    0,  182,  199,  718,  135,  825,  339,  308,  346,  792,  306,    0,  308,  738,  731,  795,  805,   93,  338,  270,  750,  376,  347,  268,  887,  785,  701,  604,  802,  668,  712,  383,  886,  992,  759,  128,  402,  652,  449,  169,  378,  741,  159,   73,  350,  784,  702,  622,  241,  208,  503,  640,  229,  232,  780,  687,  514,  476,  311,  171,  503,  380,  296,  554,  355,  546,  461,  220,  522,  476,  670,  230,  721,  841,  177,  768,  586,  242,  608,  809,  268,  316,  383,  462,  467,  261,  520,  534,  482,  672,  515,  460,  683,  565,  158,  305,  486,  120,  726,  470,  391,  640,  745,  179,  480,  229,  314],
        [  450,    0,  407,  161,  993,  272,  886,  646,  138,  417, 1091,  324,  308,    0, 1039, 1028,  885,  942,  300,  574,  508,  867,  679,  421,  234, 1174, 1061, 1006,  673,  973,  861, 1016,  653, 1177, 1275,  866,  237,  186,  910,  743,  471,  685,  955,  201,  361,  549, 1013,  991,  912,  459,  516,  764,  789,  510,  485,  863,  967,  820,  678,  346,  370,  764,  660,   17,  811,  662,  710,  725,  483,  715,  750,  839,  457, 1008, 1103,  458,  866,  855,  472,  683, 1023,   55,  623,  690,  513,  558,   99,  786,  664,  762,  700,  822,  734,  881,  836,  437,  550,  694,  365,  818,  694,  205,  815, 1020,  455,  513,  300,  417],
        [  669,    0,  654,  895,  219,  835,  949,  406,  992,  795,   60,  854,  738, 1039,    0,   50,  867,  756,  743,  527,  702,  787,  444,  792,  896,  207,  228,   72,  837,  660,  557,   48,  593,  182,  313,  813,  809, 1074,  320,  465,  604,  392,  501,  888,  679,  596,  455,  126,  160,  743,  536,  359,  673,  534,  573,  878,  190,  337,  543,  838,  694,  360,  397, 1028,  627,  423,  626,  598,  667,  557,  555,  628,  730,  137,  320,  651,  839,  577,  602,  827,  516, 1004,  433,  363,  834,  771,  968,  591,  705,  310,  937,  315,  561,  542,  288,  604,  531,  525,  739,  834,  489, 1048,  605,  226,  660,  862,  808,  757],
        [  644,    0,  636,  880,  169,  833,  903,  407,  975,  767,   67,  830,  731, 1028,   50,    0,  821,  708,  730,  500,  714,  740,  458,  763,  876,  179,  180,  113,  797,  611,  510,   91,  612,  164,  289,  766,  796, 1055,  272,  488,  605,  400,  451,  884,  669,  566,  405,   77,  127,  752,  533,  324,  628,  520,  555,  832,  142,  363,  506,  813,  676,  325,  376, 1018,  658,  432,  586,  623,  675,  517,  582,  582,  738,   87,  273,  655,  793,  611,  581,  787,  466,  995,  435,  366,  800,  736,  954,  621,  665,  283,  897,  339,  587,  495,  249,  591,  508,  487,  740,  789,  453, 1028,  560,  176,  665,  829,  787,  730],
        [  520,    0,  619,  747,  662,  920,   87,  794,  753,  477,  875,  564,  795,  885,  867,  821,    0,  144,  709,  524, 1018,   81,  918,  474,  653,  828,  693,  899,  213,  254,  311,  888, 1048,  861,  865,   55,  722,  761,  549, 1012,  846,  852,  392,  908,  736,  468,  464,  744,  719, 1011,  786,  548,  206,  657,  607,   29,  680,  964,  393,  544,  624,  547,  624,  889, 1199,  864,  289, 1113,  955,  353, 1099,  239,  996,  739,  649,  903,   31, 1193,  576,  203,  417,  898,  804,  802,  373,  336,  789, 1155,  264,  625,  221,  943, 1090,  328,  595,  683,  556,  400,  904,   70,  440,  725,  265,  668,  913,  374,  610,  493],
        [  532,    0,  624,  793,  544,  937,  228,  743,  817,  526,  759,  620,  805,  942,  756,  708,  144,    0,  728,  497, 1001,   91,  868,  522,  709,  698,  567,  796,  297,  112,  208,  783, 1011,  733,  728,  110,  754,  840,  438,  958,  828,  797,  263,  935,  740,  458,  330,  632,  618, 1002,  759,  470,  166,  634,  594,  169,  567,  894,  352,  597,  639,  468,  569,  944, 1150,  814,  262, 1070,  939,  304, 1050,  155,  987,  624,  515,  889,  131, 1137,  570,  284,  279,  948,  758,  744,  441,  386,  844, 1105,  282,  548,  342,  871, 1044,  217,  501,  674,  531,  351,  905,  167,  386,  804,  188,  546,  899,  451,  651,  531],
        [  196,    0,  117,  154,  696,  212,  736,  364,  259,  254,  794,  216,   93,  300,  743,  730,  709,  728,    0,  286,  359,  668,  427,  254,  192,  875,  763,  714,  514,  733,  603,  723,  460,  878,  976,  675,   68,  349,  617,  510,  233,  413,  686,  211,   80,  282,  735,  692,  613,  333,  243,  469,  563,  211,  189,  693,  669,  557,  412,  220,   90,  470,  361,  291,  632,  396,  471,  538,  306,  456,  548,  599,  321,  709,  810,  258,  683,  659,  183,  518,  754,  273,  346,  407,  370,  378,  226,  596,  452,  463,  580,  554,  534,  621,  539,  140,  258,  424,  213,  639,  415,  331,  570,  722,  262,  387,  139,  223],
        [  145,    0,  171,  414,  428,  471,  579,  280,  493,  270,  567,  331,  338,  574,  527,  500,  524,  497,  286,    0,  505,  462,  401,  266,  386,  618,  494,  520,  388,  475,  334,  521,  524,  629,  712,  478,  340,  564,  337,  497,  332,  342,  404,  490,  266,   78,  450,  446,  375,  508,  264,  195,  335,  138,  107,  518,  409,  474,  147,  313,  205,  195,  140,  568,  678,  348,  240,  590,  443,  195,  578,  349,  492,  458,  530,  393,  494,  677,  104,  384,  472,  556,  285,  299,  325,  276,  486,  634,  269,  218,  484,  458,  569,  348,  272,  187,   35,  153,  419,  462,  133,  535,  316,  453,  403,  354,  297,  231],
        [  508,    0,  407,  453,  763,  237, 1060,  324,  556,  605,  761,  575,  270,  508,  702,  714, 1018, 1001,  359,  505,    0,  962,  260,  605,  536,  890,  824,  645,  845,  974,  830,  663,  154,  877, 1000,  975,  396,  648,  738,  276,  174,  315,  876,  308,  299,  551,  898,  713,  638,   54,  247,  601,  838,  368,  412, 1007,  723,  391,  651,  579,  416,  602,  468,  492,  304,  283,  742,  220,   63,  699,  251,  853,   52,  736,  901,  115,  989,  350,  442,  847,  938,  454,  297,  357,  718,  710,  499,  280,  754,  548,  924,  404,  234,  839,  636,  336,  471,  654,  157,  951,  625,  644,  820,  790,  106,  738,  497,  568],
        [  475,    0,  571,  722,  582,  880,  165,  725,  739,  452,  795,  543,  750,  867,  787,  740,   81,   91,  668,  462,  962,    0,  850,  449,  633,  750,  614,  820,  209,  187,  231,  808,  984,  782,  790,   28,  689,  756,  468,  943,  789,  782,  314,  872,  688,  412,  389,  664,  639,  959,  725,  471,  132,  597,  551,   96,  600,  890,  324,  522,  581,  470,  553,  869, 1132,  796,  223, 1048,  899,  281, 1031,  159,  943,  658,  572,  848,   54, 1123,  523,  196,  345,  876,  737,  731,  359,  310,  769, 1087,  217,  549,  252,  869, 1024,  248,  516,  629,  495,  329,  856,   77,  368,  721,  186,  588,  858,  367,  581,  461],
        [  478,    0,  400,  570,  527,  430,  978,  126,  679,  607,  503,  617,  376,  679,  444,  458,  918,  868,  427,  401,  260,  850,    0,  605,  617,  636,  583,  386,  787,  816,  672,  404,  164,  620,  746,  869,  488,  772,  526,   97,  208,   76,  692,  495,  348,  471,  697,  466,  396,  303,  187,  414,  719,  292,  353,  915,  485,  144,  527,  611,  430,  415,  300,  665,  283,   55,  630,  205,  232,  570,  182,  714,  292,  488,  667,  231,  888,  277,  393,  784,  745,  633,  117,  131,  699,  666,  635,  238,  669,  343,  881,  151,  176,  675,  424,  317,  375,  522,  328,  860,  484,  757,  681,  553,  238,  726,  546,  564],
        [  133,    0,  210,  274,  674,  459,  490,  503,  299,    5,  830,  100,  347,  421,  792,  763,  474,  522,  254,  266,  605,  449,  605,    0,  188,  868,  736,  785,  268,  557,  457,  787,  683,  884,  954,  449,  253,  340,  566,  700,  453,  564,  561,  437,  307,  198,  628,  705,  637,  584,  425,  446,  371,  317,  257,  455,  661,  709,  297,   77,  191,  445,  403,  422,  853,  560,  299,  759,  547,  322,  760,  424,  571,  715,  754,  495,  452,  868,  216,  275,  627,  428,  497,  535,  116,  140,  323,  813,  244,  482,  326,  697,  747,  480,  525,  294,  267,  317,  465,  405,  334,  306,  404,  696,  502,  134,  136,   42],
        [  245,    0,  244,  106,  813,  337,  658,  544,  115,  184,  942,   91,  268,  234,  896,  876,  653,  709,  192,  386,  536,  633,  617,  188,    0, 1003,  879,  876,  442,  743,  638,  882,  649, 1013, 1097,  633,  141,  179,  716,  701,  424,  597,  737,  293,  271,  341,  800,  828,  753,  501,  431,  580,  558,  369,  323,  631,  794,  744,  463,  112,  205,  580,  500,  236,  821,  583,  483,  727,  488,  496,  739,  610,  492,  841,  909,  444,  633,  850,  295,  451,  805,  246,  529,  584,  281,  325,  137,  786,  431,  596,  478,  738,  724,  659,  657,  311,  371,  481,  381,  585,  489,  153,  588,  838,  447,  285,   90,  189],
        [  762,    0,  771, 1020,  196,  997,  914,  577, 1108,  873,  154,  946,  887, 1174,  207,  179,  828,  698,  875,  618,  890,  750,  636,  868, 1003,    0,  141,  277,  849,  589,  526,  254,  791,   42,  111,  777,  938, 1182,  312,  667,  773,  576,  437, 1043,  821,  673,  369,  185,  266,  927,  698,  425,  659,  665,  691,  845,  210,  540,  584,  927,  811,  425,  514, 1165,  833,  607,  641,  801,  849,  581,  760,  601,  912,  167,  187,  826,  804,  783,  711,  837,  425, 1145,  605,  537,  884,  815, 1094,  797,  726,  412,  944,  517,  765,  505,  347,  739,  633,  564,  907,  811,  538, 1152,  587,  176,  836,  912,  914,  840],
        [  635,    0,  655,  904,   68,  904,  778,  501,  987,  740,  206,  817,  785, 1061,  228,  180,  693,  567,  763,  494,  824,  614,  583,  736,  879,  141,    0,  291,  709,  461,  388,  270,  746,  170,  219,  641,  824, 1056,  173,  633,  690,  514,  305,  943,  716,  543,  243,  126,  188,  855,  610,  300,  519,  558,  576,  708,  102,  516,  447,  797,  693,  300,  406, 1053,  815,  546,  501,  769,  777,  441,  731,  463,  840,  104,   94,  747,  668,  774,  592,  697,  303, 1036,  529,  468,  747,  677,  977,  775,  586,  303,  804,  491,  733,  368,  225,  632,  513,  427,  820,  673,  403, 1026,  448,   42,  758,  773,  790,  710],
        [  659,    0,  633,  867,  272,  790,  979,  364,  968,  789,  126,  841,  701, 1006,   72,  113,  899,  796,  714,  520,  645,  820,  386,  785,  876,  277,  291,    0,  853,  705,  592,   24,  529,  251,  382,  845,  781, 1053,  359,  399,  559,  341,  546,  847,  646,  593,  507,  177,  181,  688,  495,  371,  700,  509,  554,  908,  237,  270,  556,  826,  672,  372,  384,  995,  557,  371,  646,  530,  614,  575,  487,  661,  675,  193,  385,  602,  870,  507,  587,  844,  568,  968,  390,  320,  837,  777,  940,  522,  720,  310,  954,  250,  494,  580,  308,  576,  520,  539,  692,  862,  501, 1028,  635,  284,  610,  866,  790,  749],
        [  338,    0,  439,  538,  661,  724,  223,  667,  541,  270,  859,  353,  604,  673,  837,  797,  213,  297,  514,  388,  845,  209,  787,  268,  442,  849,  709,  853,    0,  370,  336,  847,  897,  875,  911,  200,  520,  551,  541,  884,  680,  729,  446,  705,  552,  316,  524,  724,  678,  832,  631,  483,  204,  503,  446,  190,  666,  859,  299,  334,  436,  482,  515,  677, 1059,  735,  212,  968,  784,  281,  960,  270,  818,  726,  692,  731,  195, 1062,  409,   15,  497,  688,  671,  685,  161,  137,  577, 1016,  134,  550,  102,  841,  950,  361,  550,  513,  412,  315,  719,  147,  354,  516,  271,  675,  740,  162,  404,  293],
        [  540,    0,  622,  817,  444,  936,  339,  693,  855,  560,  658,  656,  802,  973,  660,  611,  254,  112,  733,  475,  974,  187,  816,  557,  743,  589,  461,  705,  370,    0,  146,  689,  966,  625,  617,  212,  768,  889,  347,  901,  802,  742,  160,  943,  733,  453,  221,  535,  530,  981,  728,  405,  188,  609,  578,  277,  471,  826,  329,  633,  643,  404,  520,  973, 1096,  762,  265, 1020,  912,  282,  997,  136,  965,  525,  405,  865,  237, 1077,  562,  356,  168,  972,  711,  688,  494,  429,  875, 1051,  315,  482,  433,  802,  992,  142,  423,  660,  509,  322,  893,  263,  349,  853,  164,  444,  875,  509,  675,  557],
        [  416,    0,  490,  702,  352,  802,  395,  549,  751,  461,  565,  555,  668,  861,  557,  510,  311,  208,  603,  334,  830,  231,  672,  457,  638,  526,  388,  592,  336,  146,    0,  580,  822,  557,  578,  257,  644,  796,  238,  759,  659,  599,  112,  813,  597,  322,  189,  433,  412,  838,  583,  265,  136,  467,  440,  324,  369,  689,  193,  532,  514,  263,  375,  859,  953,  618,  160,  876,  769,  148,  853,   76,  822,  428,  359,  721,  284,  936,  427,  323,  172,  855,  566,  545,  419,  348,  764,  908,  235,  343,  424,  665,  848,   26,  294,  520,  369,  183,  753,  286,  206,  761,   66,  360,  732,  440,  562,  449],
        [  661,    0,  639,  875,  254,  804,  969,  377,  975,  790,  103,  844,  712, 1016,   48,   91,  888,  783,  723,  521,  663,  808,  404,  787,  882,  254,  270,   24,  847,  689,  580,    0,  550,  228,  359,  834,  790, 1059,  345,  420,  573,  357,  531,  860,  656,  593,  490,  158,  171,  706,  508,  366,  691,  517,  560,  898,  220,  292,  551,  829,  678,  367,  387, 1005,  580,  387,  639,  552,  631,  568,  510,  650,  693,  174,  363,  617,  859,  530,  591,  838,  551,  980,  403,  333,  835,  774,  949,  544,  714,  308,  948,  271,  516,  567,  299,  584,  523,  533,  707,  852,  496, 1034,  625,  264,  626,  864,  795,  751],
        [  567,    0,  474,  579,  690,  383, 1101,  276,  686,  684,  651,  672,  383,  653,  593,  612, 1048, 1011,  460,  524,  154,  984,  164,  683,  649,  791,  746,  529,  897,  966,  822,  550,    0,  773,  901, 1001,  510,  780,  688,  135,  231,  238,  849,  454,  386,  585,  858,  626,  559,  208,  267,  570,  855,  395,  451, 1042,  648,  261,  662,  671,  494,  571,  447,  637,  173,  211,  762,   78,  171,  708,   98,  857,  204,  649,  830,  207, 1018,  205,  489,  896,  905,  601,  256,  291,  789,  768,  633,  138,  790,  503,  984,  280,   82,  826,  585,  391,  493,  660,  290,  986,  625,  772,  824,  716,  205,  812,  595,  643],
        [  774,    0,  778, 1026,  216,  993,  947,  568, 1116,  888,  126,  959,  886, 1177,  182,  164,  861,  733,  878,  629,  877,  782,  620,  884, 1013,   42,  170,  251,  875,  625,  557,  228,  773,    0,  132,  809,  943, 1191,  335,  646,  766,  563,  471, 1041,  821,  687,  405,  187,  266,  915,  692,  438,  688,  668,  697,  877,  223,  518,  604,  940,  817,  439,  519, 1168,  807,  595,  666,  779,  838,  603,  737,  632,  901,  172,  226,  818,  836,  756,  719,  864,  462, 1147,  596,  528,  904,  836, 1099,  772,  750,  418,  971,  496,  743,  537,  359,  741,  642,  584,  901,  842,  556, 1163,  616,  201,  827,  932,  923,  854],
        [  854,    0,  870, 1119,  284, 1104,  951,  686, 1204,  958,  257, 1036,  992, 1275,  313,  289,  865,  728,  976,  712, 1000,  790,  746,  954, 1097,  111,  219,  382,  911,  617,  578,  359,  901,  132,    0,  817, 1039, 1275,  389,  775,  882,  686,  477, 1149,  925,  761,  402,  293,  373, 1037,  806,  517,  713,  768,  790,  885,  308,  648,  663, 1016,  909,  517,  616, 1266,  938,  718,  708,  909,  959,  653,  867,  651, 1023,  273,  220,  936,  843,  887,  808,  898,  450, 1248,  714,  647,  961,  890, 1192,  903,  793,  513, 1001,  626,  873,  555,  441,  842,  730,  642, 1016,  856,  621, 1244,  642,  260,  946,  987, 1008,  928],
        [  483,    0,  581,  723,  609,  887,  138,  744,  736,  452,  822,  543,  759,  866,  813,  766,   55,  110,  675,  478,  975,   28,  869,  449,  633,  777,  641,  845,  200,  212,  257,  834, 1001,  809,  817,    0,  693,  750,  495,  962,  803,  801,  341,  878,  698,  425,  415,  690,  664,  971,  740,  494,  153,  612,  564,   69,  626,  912,  343,  522,  589,  493,  573,  869, 1150,  814,  240, 1065,  913,  301, 1050,  185,  955,  685,  599,  861,   28, 1143,  535,  188,  371,  876,  755,  751,  355,  310,  769, 1105,  225,  572,  234,  890, 1042,  275,  540,  641,  510,  349,  866,   59,  389,  715,  210,  615,  871,  361,  583,  465],
        [  229,    0,  171,   86,  757,  210,  742,  431,  193,  251,  860,  189,  128,  237,  809,  796,  722,  754,   68,  340,  396,  689,  488,  253,  141,  938,  824,  781,  520,  768,  644,  790,  510,  943, 1039,  693,    0,  284,  675,  569,  289,  478,  732,  186,  143,  324,  785,  757,  678,  362,  308,  528,  592,  276,  249,  704,  731,  622,  455,  200,  136,  529,  425,  229,  681,  460,  504,  587,  347,  496,  601,  633,  352,  773,  868,  304,  698,  711,  237,  526,  800,  216,  412,  473,  366,  387,  159,  647,  474,  527,  576,  619,  586,  663,  600,  206,  315,  469,  241,  653,  465,  269,  605,  784,  306,  379,  119,  229],
        [  421,    0,  421,  204,  991,  419,  748,  712,   95,  336, 1121,  245,  402,  186, 1074, 1055,  761,  840,  349,  564,  648,  756,  772,  340,  179, 1182, 1056, 1053,  551,  889,  796, 1059,  780, 1191, 1275,  750,  284,    0,  892,  850,  569,  762,  900,  354,  427,  516,  967, 1007,  932,  604,  591,  758,  702,  544,  501,  736,  972,  906,  632,  267,  381,  758,  679,  199,  947,  744,  638,  856,  611,  660,  875,  759,  599, 1020, 1084,  575,  745,  984,  474,  563,  966,  233,  694,  753,  399,  460,  150,  917,  574,  775,  558,  902,  859,  819,  836,  481,  550,  651,  494,  697,  662,   36,  741, 1015,  575,  391,  269,  355],
        [  472,    0,  504,  750,  121,  779,  631,  419,  827,  570,  328,  651,  652,  910,  320,  272,  549,  438,  617,  337,  738,  468,  526,  566,  716,  312,  173,  359,  541,  347,  238,  345,  688,  335,  389,  495,  675,  892,    0,  597,  584,  451,  191,  810,  580,  377,  173,  196,  184,  760,  502,  150,  360,  424,  429,  560,  132,  502,  275,  630,  540,  149,  279,  903,  791,  478,  331,  728,  683,  269,  696,  311,  744,  191,  194,  645,  521,  762,  438,  530,  227,  889,  444,  397,  574,  504,  822,  747,  415,  191,  638,  476,  695,  223,  104,  495,  360,  254,  705,  519,  233,  861,  290,  136,  656,  601,  629,  542],
        [  573,    0,  493,  647,  582,  482, 1073,  220,  756,  702,  523,  708,  449,  743,  465,  488, 1012,  958,  510,  497,  276,  943,   97,  700,  701,  667,  633,  399,  884,  901,  759,  420,  135,  646,  775,  962,  569,  850,  597,    0,  281,  162,  771,  551,  431,  568,  770,  510,  449,  327,  277,  497,  812,  388,  449, 1010,  539,  129,  620,  703,  521,  498,  391,  729,  196,  150,  724,  137,  270,  662,  100,  804,  319,  533,  721,  286,  982,  181,  489,  881,  821,  694,  213,  215,  795,  763,  709,  151,  765,  422,  977,  150,  101,  760,  497,  409,  472,  614,  382,  955,  576,  837,  771,  606,  290,  822,  635,  658],
        [  344,    0,  247,  366,  624,  232,  892,  199,  476,  454,  661,  441,  169,  471,  604,  605,  846,  828,  233,  332,  174,  789,  208,  453,  424,  773,  690,  559,  680,  802,  659,  573,  231,  766,  882,  803,  289,  569,  584,  281,    0,  222,  710,  292,  156,  379,  738,  590,  511,  181,   82,  441,  665,  195,  240,  837,  588,  350,  478,  440,  263,  442,  307,  457,  403,  195,  569,  309,  111,  526,  317,  680,  165,  611,  758,   64,  817,  427,  272,  680,  773,  426,  171,  241,  562,  546,  429,  366,  583,  396,  762,  352,  302,  669,  485,  167,  297,  481,  135,  781,  454,  557,  647,  652,   75,  584,  365,  414],
        [  434,    0,  367,  563,  456,  453,  914,   63,  671,  567,  450,  588,  378,  685,  392,  400,  852,  797,  413,  342,  315,  782,   76,  564,  597,  576,  514,  341,  729,  742,  599,  357,  238,  563,  686,  801,  478,  762,  451,  162,  222,    0,  617,  513,  336,  415,  622,  400,  327,  353,  172,  339,  650,  248,  308,  850,  414,  148,  459,  579,  401,  340,  230,  673,  354,   32,  563,  280,  276,  501,  255,  643,  339,  423,  596,  261,  821,  342,  349,  725,  670,  643,   70,   56,  651,  613,  632,  310,  607,  268,  825,  141,  250,  601,  349,  288,  319,  453,  353,  795,  414,  743,  610,  482,  270,  679,  520,  523],
        [  506,    0,  570,  795,  284,  874,  478,  574,  851,  565,  498,  657,  741,  955,  501,  451,  392,  263,  686,  404,  876,  314,  692,  561,  737,  437,  305,  546,  446,  160,  112,  531,  849,  471,  477,  341,  732,  900,  191,  771,  710,  617,    0,  893,  669,  409,   79,  375,  374,  891,  631,  280,  243,  526,  510,  409,  312,  685,  278,  635,  598,  279,  410,  952,  966,  640,  268,  897,  817,  242,  869,  178,  874,  365,  259,  774,  368,  942,  504,  432,   69,  945,  596,  562,  529,  458,  860,  922,  346,  350,  530,  660,  866,   87,  278,  588,  437,  263,  817,  379,  272,  866,  176,  285,  785,  551,  658,  549],
        [  405,    0,  324,  189,  876,   72,  927,  484,  269,  436,  943,  365,  159,  201,  888,  884,  908,  935,  211,  490,  308,  872,  495,  437,  293, 1043,  943,  847,  705,  943,  813,  860,  454, 1041, 1149,  878,  186,  354,  810,  551,  292,  513,  893,    0,  230,  492,  938,  858,  778,  259,  353,  661,  771,  388,  386,  890,  845,  638,  621,  379,  301,  661,  539,  185,  611,  486,  681,  525,  286,  665,  552,  808,  257,  877,  999,  266,  883,  655,  389,  711,  960,  147,  458,  528,  550,  572,  207,  586,  657,  641,  758,  642,  535,  830,  723,  315,  459,  633,  170,  838,  621,  358,  780,  904,  262,  561,  302,  415],
        [  217,    0,  118,  227,  649,  206,  771,  290,  335,  307,  731,  286,   73,  361,  679,  669,  736,  740,   80,  266,  299,  688,  348,  307,  271,  821,  716,  646,  552,  733,  597,  656,  386,  821,  925,  698,  143,  427,  580,  431,  156,  336,  669,  230,    0,  283,  711,  637,  556,  281,  165,  431,  574,  159,  160,  723,  619,  479,  405,  286,  118,  432,  311,  350,  559,  318,  479,  464,  240,  452,  472,  602,  267,  654,  770,  189,  709,  583,  172,  555,  736,  326,  270,  333,  420,  416,  298,  521,  473,  414,  627,  476,  458,  612,  494,   86,  233,  415,  169,  668,  398,  410,  571,  676,  196,  440,  210,  270],
        [   99,    0,  170,  388,  479,  484,  517,  353,  454,  202,  633,  275,  350,  549,  596,  566,  468,  458,  282,   78,  551,  412,  471,  198,  341,  673,  543,  593,  316,  453,  322,  593,  585,  687,  761,  425,  324,  516,  377,  568,  379,  415,  409,  492,  283,    0,  465,  507,  440,  547,  320,  249,  293,  191,  140,  459,  465,  550,  131,  255,  192,  249,  217,  545,  744,  419,  197,  654,  488,  174,  645,  320,  532,  517,  569,  436,  439,  747,  112,  314,  477,  537,  356,  374,  248,  200,  455,  700,  206,  286,  410,  534,  635,  340,  328,  218,   97,  146,  447,  403,  148,  484,  290,  503,  446,  277,  256,  168],
        [  564,    0,  619,  852,  237,  915,  551,  586,  914,  632,  445,  723,  784, 1013,  455,  405,  464,  330,  735,  450,  898,  389,  697,  628,  800,  369,  243,  507,  524,  221,  189,  490,  858,  405,  402,  415,  785,  967,  173,  770,  738,  622,   79,  938,  711,  465,    0,  332,  347,  917,  657,  298,  321,  562,  553,  483,  272,  674,  338,  700,  650,  297,  432, 1009,  964,  648,  341,  900,  842,  307,  869,  256,  901,  318,  186,  801,  442,  934,  552,  510,   62, 1000,  609,  567,  603,  531,  919,  920,  422,  356,  608,  648,  867,  164,  274,  628,  480,  320,  851,  456,  321,  933,  254,  231,  812,  626,  718,  613],
        [  591,    0,  592,  839,   96,  812,  826,  395,  931,  709,  136,  776,  702,  991,  126,   77,  744,  632,  692,  446,  713,  664,  466,  705,  828,  185,  126,  177,  724,  535,  433,  158,  626,  187,  293,  690,  757, 1007,  196,  510,  590,  400,  375,  858,  637,  507,  332,    0,   81,  748,  513,  261,  553,  482,  511,  755,   65,  391,  438,  758,  631,  261,  332,  982,  690,  432,  513,  646,  670,  445,  607,  506,  733,   24,  218,  644,  716,  649,  534,  714,  393,  962,  423,  358,  735,  669,  913,  651,  594,  232,  824,  366,  610,  418,  182,  555,  457,  418,  723,  713,  386,  978,  484,  110,  655,  763,  738,  674],
        [  519,    0,  515,  761,  134,  732,  799,  317,  854,  641,  194,  704,  622,  912,  160,  127,  719,  618,  613,  375,  638,  639,  396,  637,  753,  266,  188,  181,  678,  530,  412,  171,  559,  266,  373,  664,  678,  932,  184,  449,  511,  327,  374,  778,  556,  440,  347,   81,    0,  671,  434,  200,  520,  403,  433,  728,   91,  338,  384,  687,  554,  201,  255,  903,  636,  358,  469,  584,  593,  398,  548,  481,  656,  101,  273,  566,  690,  599,  458,  669,  405,  882,  346,  282,  675,  611,  835,  594,  546,  158,  779,  312,  549,  401,  129,  476,  383,  366,  644,  682,  330,  904,  455,  158,  576,  704,  664,  604],
        [  495,    0,  395,  413,  792,  188, 1050,  354,  513,  584,  802,  546,  241,  459,  743,  752, 1011, 1002,  333,  508,   54,  959,  303,  584,  501,  927,  855,  688,  832,  981,  838,  706,  208,  915, 1037,  971,  362,  604,  760,  327,  181,  353,  891,  259,  281,  547,  917,  748,  671,    0,  261,  620,  838,  372,  409,  999,  753,  439,  655,  552,  398,  621,  486,  443,  354,  321,  742,  272,   79,  703,  304,  856,   17,  770,  929,  117,  983,  402,  436,  834,  953,  405,  326,  390,  698,  696,  454,  332,  747,  571,  906,  451,  287,  848,  659,  330,  473,  659,  122,  944,  633,  602,  824,  820,  107,  718,  469,  549],
        [  303,    0,  217,  391,  544,  301,  836,  132,  500,  427,  591,  431,  208,  516,  536,  533,  786,  759,  243,  264,  247,  725,  187,  425,  431,  698,  610,  495,  631,  728,  583,  508,  267,  692,  806,  740,  308,  591,  502,  277,   82,  172,  631,  353,  165,  320,  657,  513,  434,  261,    0,  360,  598,  130,  185,  778,  509,  315,  408,  426,  244,  361,  226,  504,  432,  153,  503,  339,  187,  455,  336,  608,  245,  534,  677,  145,  756,  444,  223,  630,  693,  475,  108,  176,  526,  502,  461,  390,  525,  315,  719,  312,  324,  592,  403,  132,  231,  409,  211,  722,  379,  574,  575,  572,  156,  551,  360,  384],
        [  338,    0,  358,  606,  234,  630,  622,  295,  688,  450,  390,  521,  503,  764,  359,  324,  548,  470,  469,  195,  601,  471,  414,  446,  580,  425,  300,  371,  483,  405,  265,  366,  570,  438,  517,  494,  528,  758,  150,  497,  441,  339,  280,  661,  431,  249,  298,  261,  200,  620,  360,    0,  343,  275,  281,  552,  216,  425,  186,  502,  395,    2,  135,  757,  692,  361,  277,  619,  544,  206,  593,  319,  604,  269,  341,  504,  518,  672,  293,  474,  338,  742,  316,  284,  476,  412,  678,  647,  350,   79,  584,  402,  589,  264,   80,  346,  215,  168,  558,  502,  131,  728,  288,  259,  515,  505,  491,  416],
        [  367,    0,  458,  636,  479,  772,  280,  593,  669,  374,  687,  470,  640,  789,  673,  628,  206,  166,  563,  335,  838,  132,  719,  371,  558,  659,  519,  700,  204,  188,  136,  691,  855,  688,  713,  153,  592,  702,  360,  812,  665,  650,  243,  771,  574,  293,  321,  553,  520,  838,  598,  343,    0,  471,  429,  210,  491,  759,  194,  447,  473,  342,  421,  789, 1001,  664,   97,  917,  776,  150,  900,   67,  822,  550,  494,  725,  175,  992,  405,  190,  295,  791,  606,  599,  308,  243,  691,  956,  128,  420,  289,  738,  893,  159,  394,  509,  369,  198,  740,  162,  237,  666,   72,  489,  735,  325,  493,  373],
        [  187,    0,  126,  361,  491,  356,  707,  187,  459,  320,  584,  345,  229,  510,  534,  520,  657,  634,  211,  138,  368,  597,  292,  317,  369,  665,  558,  509,  503,  609,  467,  517,  395,  668,  768,  612,  276,  544,  424,  388,  195,  248,  526,  388,  159,  191,  562,  482,  403,  372,  130,  275,  471,    0,   62,  649,  462,  393,  284,  335,  165,  275,  153,  501,  556,  244,  376,  465,  306,  332,  458,  486,  356,  499,  612,  256,  627,  563,  103,  502,  592,  480,  181,  222,  408,  377,  435,  513,  396,  256,  593,  383,  447,  478,  336,   74,  103,  288,  291,  593,  262,  520,  453,  518,  267,  435,  285,  276],
        [  126,    0,   82,  330,  508,  365,  654,  247,  421,  259,  620,  291,  232,  485,  573,  555,  607,  594,  189,  107,  412,  551,  353,  257,  323,  691,  576,  554,  446,  578,  440,  560,  451,  697,  790,  564,  249,  501,  429,  449,  240,  308,  510,  386,  160,  140,  553,  511,  433,  409,  185,  281,  429,   62,    0,  598,  483,  453,  250,  278,  122,  281,  179,  478,  615,  305,  333,  523,  349,  297,  518,  450,  394,  526,  621,  298,  578,  623,   41,  445,  577,  462,  242,  280,  347,  318,  404,  572,  344,  279,  534,  442,  506,  454,  351,   82,   73,  257,  315,  542,  239,  475,  418,  535,  307,  373,  236,  215],
        [  506,    0,  606,  727,  675,  905,   72,  791,  730,  457,  888,  542,  780,  863,  878,  832,   29,  169,  693,  518, 1007,   96,  915,  455,  631,  845,  708,  908,  190,  277,  324,  898, 1042,  877,  885,   69,  704,  736,  560, 1010,  837,  850,  409,  890,  723,  459,  483,  755,  728,  999,  778,  552,  210,  649,  598,    0,  692,  965,  391,  523,  610,  551,  623,  867, 1195,  861,  287, 1108,  945,  353, 1095,  250,  985,  751,  667,  893,   42, 1190,  566,  181,  438,  877,  800,  800,  351,  318,  767, 1150,  254,  629,  193,  944, 1086,  342,  602,  672,  549,  400,  891,   57,  441,  701,  273,  682,  902,  351,  591,  476],
        [  553,    0,  563,  812,   44,  803,  763,  400,  899,  665,  197,  737,  687,  967,  190,  142,  680,  567,  669,  409,  723,  600,  485,  661,  794,  210,  102,  237,  666,  471,  369,  220,  648,  223,  308,  626,  731,  972,  132,  539,  588,  414,  312,  845,  619,  465,  272,   65,   91,  753,  509,  216,  491,  462,  483,  692,    0,  427,  385,  718,  602,  217,  309,  959,  725,  445,  455,  674,  675,  388,  638,  443,  738,   60,  183,  645,  653,  688,  502,  655,  332,  941,  427,  367,  684,  617,  886,  684,  537,  206,  765,  401,  639,  354,  138,  535,  424,  365,  719,  650,  335,  943,  421,   68,  656,  712,  704,  632],
