{
    "name": "random-75-10922",
    "comment": "size=75 seed=10922",
    "nodes": ["+0", "-0", "+1", "-1", "+2", "-2", "+3", "-3", "+4", "-4", "+5", "-5", "+6", "-6", "+7", "-7", "+8", "-8", "+9", "-9", "+10", "-10", "+11", "-11", "+12", "-12", "+13", "-13", "+14", "-14", "+15", "-15", "+16", "-16", "+17", "-17", "+18", "-18", "+19", "-19", "+20", "-20", "+21", "-21", "+22", "-22", "+23", "-23", "+24", "-24", "+25", "-25", "+26", "-26", "+27", "-27", "+28", "-28", "+29", "-29", "+30", "-30", "+31", "-31", "+32", "-32", "+33", "-33", "+34", "-34", "+35", "-35", "+36", "-36", "+37", "-37", "+38", "-38", "+39", "-39", "+40", "-40", "+41", "-41", "+42", "-42", "+43", "-43", "+44", "-44", "+45", "-45", "+46", "-46", "+47", "-47", "+48", "-48", "+49", "-49", "+50", "-50", "+51", "-51", "+52", "-52", "+53", "-53", "+54", "-54", "+55", "-55", "+56", "-56", "+57", "-57", "+58", "-58", "+59", "-59", "+60", "-60", "+61", "-61", "+62", "-62", "+63", "-63", "+64", "-64", "+65", "-65", "+66", "-66", "+67", "-67", "+68", "-68", "+69", "-69", "+70", "-70", "+71", "-71", "+72", "-72", "+73", "-73", "+74", "-74", "+75", "-75"],
    "precedence": {
        "+0": "-0",
        "+1": "-1",
        "+2": "-2",
        "+3": "-3",
        "+4": "-4",
        "+5": "-5",
        "+6": "-6",
        "+7": "-7",
        "+8": "-8",
        "+9": "-9",
        "+10": "-10",
        "+11": "-11",
        "+12": "-12",
        "+13": "-13",
        "+14": "-14",
        "+15": "-15",
        "+16": "-16",
        "+17": "-17",
        "+18": "-18",
        "+19": "-19",
        "+20": "-20",
        "+21": "-21",
        "+22": "-22",
        "+23": "-23",
        "+24": "-24",
        "+25": "-25",
        "+26": "-26",
        "+27": "-27",
        "+28": "-28",
        "+29": "-29",
        "+30": "-30",
        "+31": "-31",
        "+32": "-32",
        "+33": "-33",
        "+34": "-34",
        "+35": "-35",
        "+36": "-36",
        "+37": "-37",
        "+38": "-38",
        "+39": "-39",
        "+40": "-40",
        "+41": "-41",
        "+42": "-42",
        "+43": "-43",
        "+44": "-44",
        "+45": "-45",
        "+46": "-46",
        "+47": "-47",
        "+48": "-48",
        "+49": "-49",
        "+50": "-50",
        "+51": "-51",
        "+52": "-52",
        "+53": "-53",
        "+54": "-54",
        "+55": "-55",
        "+56": "-56",
        "+57": "-57",
        "+58": "-58",
        "+59": "-59",
        "+60": "-60",
        "+61": "-61",
        "+62": "-62",
        "+63": "-63",
        "+64": "-64",
        "+65": "-65",
        "+66": "-66",
        "+67": "-67",
        "+68": "-68",
        "+69": "-69",
        "+70": "-70",
        "+71": "-71",
        "+72": "-72",
        "+73": "-73",
        "+74": "-74",
        "+75": "-75"
    },
    "edges": [
        [    0,    0,  359,  628,  933,  214,  323,  852,  979,  641,  661,  476,  425,  638,  343, 1016,  844,  608,  462,  659,  925,  269,  786,  187,   82,  851,  427,  663,  764,  987,  486,  599,  574,  581,  116,  922,  740,  728,  838,  735,  628,  361,  787,  522,  247,  296,  668,  372,  669,  493,  466,  222,  700,  480,  545,  680,  158,  542,  649,   65,  346,  921,  733,  912,  727,  244,  866,  319,  532,  441,  103,  551,  827,  515,  694,  339,  544,  113,  646,  886,  642,  544,  660,  195,  422,  887,  759,   56,  440,  609,  517,  545,   39,  363,  522,  681,  251,  287,  359,  691,  415,  887,  815,  416,  354,  118,  471,  700,  919,  306,  911,  609,  451,  872,  770,  252,  851,  176,  252,  258,  271,  675,  633,  170,  385,  244,  519,  795,  509,  606,  202,  644,  980,  431,  880,  249,  373,  285,  445,  887,  514,  303,  431,  641,  664,  396,  685,  584,  591,  355,  241,  943],
        [    0,    0,    0,    0,    0,    0,    0,    0,    0,    0,    0,    0,    0,    0,    0,    0,    0,    0,    0,    0,    0,    0,    0,    0,    0,    0,    0,    0,    0,    0,    0,    0,    0,    0,    0,    0,    0,    0,    0,    0,    0,    0,    0,    0,    0,    0,    0,    0,    0,    0,    0,    0,    0,    0,    0,    0,    0,    0,    0,    0,    0,    0,    0,    0,    0,    0,    0,    0,    0,    0,    0,    0,    0,    0,    0,    0,    0,    0,    0,    0,    0,    0,    0,    0,    0,    0,    0,    0,    0,    0,    0,    0,    0,    0,    0,    0,    0,    0,    0,    0,    0,    0,    0,    0,    0,    0,    0,    0,    0,    0,    0,    0,    0,    0,    0,    0,    0,    0,    0,    0,    0,    0,    0,    0,    0,    0,    0,    0,    0,    0,    0,    0,    0,    0,    0,    0,    0,    0,    0,    0,    0,    0,    0,    0,    0,    0,    0,    0,    0,    0,    0,    0],
        [  359,    0,    0,  468,  979,  202,  116,  603,  771,  314,  685,  135,  191,  600,  688,  759,  953,  375,  423,  622,  776,  532,  552,  220,  279,  686,  735,  571,  667,  742,  734,  249,  255,  430,  427,  893,  451,  437,  838,  771,  313,  709,  623,  163,  541,  632,  447,  597,  439,  266,  126,  176,  437,  467,  667,  499,  515,  188,  354,  337,  608,  880,  431,  804,  808,  592,  888,  286,  706,  271,  449,  358,  878,  330,  466,   28,  803,  391,  708,  856,  740,  649,  850,  169,  672,  655,  626,  376,  580,  687,  180,  334,  339,  610,  702,  774,  253,  518,  471,  553,  665,  676,  698,  334,  527,  256,  779,  575,  880,  156,  994,  357,  186,  702,  727,  340,  628,  191,  515,  590,  206,  620,  689,  251,  595,  401,  723,  857,  216,  505,  256,  382,  757,  203,  853,  568,  104,  387,  693,  634,  610,  472,  248,  414,  792,   76,  582,  533,  290,  517,  577,  838],
        [  628,    0,  468,    0,  594,  615,  578,  265,  353,  340,  342,  543,  277,  219,  810,  417,  639,  139,  205,  233,  313,  579,  194,  453,  566,  229,  765,  137,  209,  380,  666,  418,  320,   47,  601,  457,  269,  267,  430,  415,  309,  839,  164,  477,  624,  747,  112,  559,  127,  722,  390,  590,  198,  228,  457,   59,  723,  426,  260,  655,  613,  437,  297,  338,  493,  748,  493,  309,  547,  207,  653,  111,  513,  139,  131,  490,  731,  563,  402,  421,  469,  427,  662,  544,  631,  277,  159,  599,  443,  411,  371,  140,  638,  594,  553,  485,  378,  537,  389,   87,  628,  265,  232,  213,  469,  600,  796,  113,  439,  363,  643,  174,  287,  248,  301,  395,  238,  495,  573,  710,  369,  209,  385,  461,  540,  445,  597,  510,  288,   96,  427,  189,  360,  667,  422,  676,  571,  389,  641,  300,  398,  456,  227,  121,  540,  396,  134,  176,  276,  455,  711,  372],
        [  933,    0,  979,  594,    0, 1044, 1063,  756,  672,  933,  295, 1090,  809,  391,  883,  824,  178,  733,  557,  371,  508,  708,  713,  844,  918,  546,  751,  458,  414,  778,  591, 1004,  907,  605,  839,  201,  847,  849,  168,  209,  902,  907,  551, 1044,  758,  842,  696,  609,  712, 1244,  947, 1027,  780,  514,  397,  615,  927, 1001,  854,  990,  669,  232,  881,  402,  212,  887,  102,  706,  450,  723,  888,  686,  107,  693,  705,  991,  606,  824,  289,  214,  298,  392,  415,  970,  618,  717,  490,  881,  498,  325,  944,  717,  964,  640,  465,  260,  765,  670,  577,  526,  621,  663,  438,  645,  586,  980,  751,  497,  226,  829,   99,  767,  835,  558,  299,  706,  690,  902,  718,  831,  795,  388,  304,  829,  587,  692,  500,  140,  860,  511,  796,  783,  715, 1178,  207,  802, 1078,  660,  606,  775,  420,  632,  745,  713,  306,  925,  464,  456,  867,  582,  845,  393],
        [  214,    0,  202,  615, 1044,    0,  120,  789,  945,  515,  753,  284,  352,  696,  556,  949,  983,  549,  508,  718,  927,  459,  731,  200,  159,  842,  637,  691,  793,  928,  678,  448,  454,  571,  318,  993,  646,  633,  923,  836,  512,  572,  777,  350,  450,  509,  619,  550,  614,  280,  327,   28,  624,  542,  682,  657,  367,  386,  549,  166,  539,  985,  629,  939,  850,  457,  963,  347,  694,  408,  316,  515,  938,  481,  642,  175,  741,  296,  757,  956,  772,  673,  832,   76,  613,  836,  767,  255,  581,  727,  381,  497,  180,  551,  686,  809,  281,  464,  479,  694,  606,  850,  834,  432,  506,   98,  681,  711,  985,  253, 1039,  538,  362,  861,  829,  341,  805,  143,  441,  471,  261,  724,  741,  217,  557,  375,  694,  910,  407,  626,  248,  567,  936,  218,  951,  459,  172,  390,  636,  822,  637,  449,  390,  587,  808,  267,  708,  631,  486,  502,  454,  972],
        [  323,    0,  116,  578, 1063,  120,    0,  718,  886,  420,  769,  166,  301,  694,  665,  873, 1022,  489,  510,  716,  888,  544,  667,  244,  254,  799,  734,  673,  772,  857,  758,  342,  364,  538,  415,  990,  563,  550,  929,  854,  422,  683,  735,  237,  542,  615,  562,  624,  554,  194,  235,  103,  552,  551,  727,  611,  480,  280,  467,  283,  623,  979,  541,  912,  881,  566,  976,  358,  753,  375,  423,  470,  959,  440,  581,   90,  824,  386,  783,  953,  808,  713,  895,  135,  693,  770,  735,  356,  632,  758,  287,  446,  293,  630,  747,  844,  306,  540,  524,  661,  687,  791,  806,  425,  567,  206,  779,  682,  979,  236, 1070,  472,  300,  815,  824,  385,  743,  194,  526,  575,  270,  717,  766,  271,  627,  435,  761,  936,  331,  607,  291,  496,  872,  125,  949,  559,   52,  435,  716,  749,  675,  509,  353,  528,  853,  191,  687,  627,  403,  560,  559,  946],
        [  852,    0,  603,  265,  756,  789,  718,    0,  190,  333,  566,  623,  440,  447, 1068,  165,  845,  245,  468,  451,  290,  839,   71,  667,  780,  217, 1028,  351,  348,  140,  929,  435,  365,  302,  844,  574,  174,  186,  591,  621,  315, 1096,  207,  537,  882, 1005,  185,  823,  184,  811,  488,  761,  166,  492,  711,  207,  966,  477,  259,  867,  876,  545,  211,  383,  711, 1000,  658,  545,  804,  411,  893,  303,  700,  339,  159,  630,  993,  805,  635,  548,  706,  681,  910,  728,  895,   65,  273,  832,  706,  652,  443,  307,  854,  858,  812,  714,  605,  798,  652,  269,  892,  116,  319,  459,  732,  800, 1060,  289,  550,  555,  827,  252,  427,  213,  467,  642,   69,  695,  831,  966,  581,  418,  619,  682,  804,  699,  857,  708,  388,  347,  652,  222,  162,  772,  554,  932,  693,  644,  905,   37,  655,  717,  421,  211,  778,  529,  331,  426,  320,  718,  965,  409],
        [  979,    0,  771,  353,  672,  945,  886,  190,    0,  520,  555,  805,  594,  456, 1152,  156,  794,  398,  546,  451,  164,  920,  221,  800,  914,  158, 1089,  372,  315,  115,  968,  622,  546,  399,  953,  474,  363,  374,  521,  585,  500, 1180,  207,  720,  967, 1090,  326,  882,  333,  993,  663,  918,  343,  555,  730,  299, 1075,  661,  442, 1003,  942,  443,  400,  271,  681, 1096,  583,  661,  827,  545, 1005,  434,  640,  470,  306,  797, 1025,  916,  627,  459,  699,  701,  910,  879,  946,  126,  263,  951,  752,  655,  622,  449,  987,  920,  838,  697,  728,  875,  724,  307,  944,   96,  262,  566,  798,  943, 1116,  311,  449,  699,  757,  415,  588,  137,  419,  747,  145,  837,  915, 1055,  715,  417,  615,  811,  860,  794,  886,  659,  558,  400,  778,  393,   47,  950,  467, 1020,  866,  738,  952,  176,  684,  796,  560,  359,  768,  696,  346,  463,  499,  784, 1057,  285],
        [  641,    0,  314,  340,  933,  515,  420,  333,  520,    0,  668,  298,  235,  550,  932,  470,  965,  201,  444,  567,  579,  730,  306,  462,  560,  488,  939,  476,  540,  463,  888,  103,   68,  331,  675,  792,  160,  148,  770,  747,   32,  957,  438,  208,  758,  870,  250,  757,  235,  483,  188,  489,  186,  489,  735,  331,  785,  150,   87,  635,  791,  769,  129,  643,  816,  845,  832,  411,  808,  280,  712,  255,  849,  262,  252,  342,  959,  635,  718,  758,  775,  709,  943,  472,  837,  395,  474,  641,  683,  715,  135,  227,  630,  783,  810,  798,  436,  700,  591,  416,  831,  433,  546,  376,  668,  556,  979,  445,  772,  342,  978,  167,  200,  497,  640,  510,  380,  466,  716,  827,  393,  547,  699,  488,  746,  579,  845,  842,  139,  425,  471,  157,  494,  450,  759,  798,  384,  538,  853,  357,  672,  629,  270,  226,  842,  252,  473,  493,   75,  655,  819,  676],
        [  661,    0,  685,  342,  295,  753,  769,  566,  555,  668,    0,  798,  519,  125,  685,  681,  299,  473,  263,  116,  414,  473,  507,  554,  636,  399,  583,  218,  241,  636,  439,  728,  632,  338,  579,  268,  610,  609,  178,   87,  637,  712,  370,  757,  526,  632,  453,  394,  468,  950,  658,  735,  539,  219,  192,  381,  683,  718,  595,  714,  460,  273,  639,  339,  151,  663,  210,  412,  286,  433,  632,  413,  193,  414,  470,  697,  485,  557,   72,  235,  145,  167,  356,  679,  435,  548,  303,  612,  258,  104,  660,  443,  689,  432,  299,  148,  473,  429,  304,  300,  436,  506,  295,  352,  339,  695,  599,  278,  270,  534,  316,  506,  548,  419,  154,  421,  512,  611,  478,  610,  501,  149,   62,  541,  369,  418,  347,  177,  578,  248,  507,  528,  586,  884,  227,  577,  783,  379,  433,  594,  171,  372,  455,  461,  215,  632,  236,  176,  597,  331,  620,  357],
        [  476,    0,  135,  543, 1090,  284,  166,  623,  805,  298,  798,    0,  282,  703,  813,  767, 1075,  426,  536,  725,  835,  665,  584,  353,  399,  743,  867,  661,  750,  758,  868,  202,  259,  512,  555,  988,  455,  442,  941,  884,  310,  833,  684,   91,  673,  759,  496,  731,  484,  189,  153,  264,  462,  582,  795,  561,  634,  149,  365,  443,  742,  972,  426,  878,  927,  715,  995,  413,  838,  368,  571,  432,  991,  412,  509,  144,  938,  521,  826,  951,  864,  776,  982,  281,  806,  682,  699,  500,  711,  809,  183,  403,  450,  744,  834,  897,  386,  652,  603,  629,  800,  713,  773,  448,  660,  363,  911,  654,  973,  285, 1111,  399,  260,  757,  823,  474,  661,  319,  648,  717,  339,  717,  808,  384,  729,  535,  856,  973,  259,  596,  391,  414,  784,  153,  949,  697,  115,  520,  827,  650,  737,  606,  346,  463,  918,  166,  668,  636,  306,  651,  703,  912],
        [  425,    0,  191,  277,  809,  352,  301,  440,  594,  235,  519,  282,    0,  422,  699,  603,  803,  198,  261,  443,  587,  496,  381,  239,  347,  498,  706,  383,  477,  579,  663,  240,  170,  239,  445,  709,  316,  304,  660,  605,  215,  724,  434,  240,  523,  636,  268,  529,  263,  451,  141,  325,  280,  308,  539,  310,  559,  210,  226,  431,  559,  694,  310,  614,  654,  614,  714,  180,  599,   87,  485,  169,  711,  139,  290,  213,  734,  404,  553,  671,  597,  516,  739,  288,  608,  485,  435,  416,  471,  539,  155,  147,  421,  553,  598,  627,  202,  467,  370,  362,  603,  498,  507,  175,  443,  361,  746,  384,  695,  119,  834,  190,   38,  515,  543,  276,  453,  258,  482,  594,  162,  436,  534,  261,  520,  346,  629,  695,   97,  317,  240,  223,  585,  392,  669,  564,  294,  307,  626,  475,  477,  400,   65,  236,  657,  122,  393,  355,  172,  431,  586,  648],
        [  638,    0,  600,  219,  391,  696,  694,  447,  456,  550,  125,  703,  422,    0,  724,  571,  421,  352,  189,   23,  334,  497,  385,  502,  599,  298,  642,   96,  152,  526,  514,  616,  518,  219,  574,  298,  486,  486,  238,  198,  518,  752,  259,  655,  549,  666,  329,  439,  345,  866,  558,  675,  416,  159,  275,  257,  688,  611,  475,  683,  503,  290,  515,  286,  275,  685,  293,  350,  372,  336,  628,  297,  300,  303,  346,  615,  570,  545,  189,  261,  260,  245,  466,  620,  496,  434,  195,  595,  303,  207,  554,  328,  660,  478,  382,  270,  419,  451,  305,  179,  495,  396,  210,  270,  364,  651,  666,  159,  289,  459,  429,  386,  446,  320,  135,  387,  396,  557,  497,  637,  436,   43,  173,  496,  416,  406,  430,  293,  470,  126,  460,  406,  482,  803,  256,  602,  702,  356,  499,  476,  229,  379,  358,  339,  332,  541,  118,   68,  480,  352,  643,  313],
        [  343,    0,  688,  810,  883,  556,  665, 1068, 1152,  932,  685,  813,  699,  724,    0, 1226,  741,  844,  608,  738, 1055,  233,  998,  479,  415, 1002,  151,  788,  874, 1190,  300,  911,  866,  768,  263,  945,  997,  987,  848,  729,  913,   29,  946,  849,  187,   64,  887,  291,  892,  833,  779,  565,  942,  597,  504,  869,  192,  859,  918,  393,  226,  956, 1000, 1007,  677,  100,  850,  536,  434,  679,  243,  772,  789,  740,  913,  672,  317,  301,  636,  917,  595,  522,  500,  534,  266, 1087,  897,  313,  428,  594,  824,  778,  377,  254,  419,  629,  497,  277,  429,  845,  263, 1071,  931,  611,  360,  460,  179,  843,  951,  593,  826,  856,  733, 1024,  831,  434, 1048,  498,  238,  106,  539,  767,  633,  450,  316,  371,  385,  750,  794,  752,  462,  893, 1166,  773,  907,  137,  714,  425,  278, 1104,  515,  357,  679,  867,  578,  709,  814,  695,  870,  373,  114, 1031],
        [ 1016,    0,  759,  417,  824,  949,  873,  165,  156,  470,  681,  767,  603,  571, 1226,    0,  938,  409,  621,  570,  318,  996,  232,  831,  944,  287, 1180,  478,  444,   47, 1072,  570,  512,  459, 1007,  628,  313,  326,  668,  721,  458, 1254,  313,  678, 1040, 1163,  349,  973,  348,  952,  640,  922,  325,  641,  843,  358, 1129,  618,  407, 1031, 1029,  597,  342,  425,  817, 1161,  732,  708,  939,  575, 1056,  467,  785,  503,  322,  786, 1133,  967,  752,  610,  825,  813, 1034,  889, 1042,  142,  379,  996,  850,  776,  592,  471, 1018, 1009,  948,  827,  768,  953,  805,  401, 1040,  176,  399,  620,  884,  963, 1210,  414,  603,  718,  906,  414,  587,  271,  558,  803,  181,  859,  989, 1125,  746,  535,  739,  846,  953,  859,  995,  801,  544,  489,  816,  382,  111,  918,  618, 1091,  845,  803, 1050,  129,  791,  873,  585,  375,  896,  686,  454,  563,  471,  870, 1125,  440],
        [  844,    0,  953,  639,  178,  983, 1022,  845,  794,  965,  299, 1075,  803,  421,  741,  938,    0,  771,  543,  408,  634,  595,  792,  787,  843,  651,  600,  509,  500,  892,  442, 1022,  928,  636,  739,  351,  906,  905,  276,  227,  934,  762,  640, 1043,  639,  708,  749,  489,  764, 1211,  943,  970,  835,  496,  302,  673,  811, 1008,  894,  905,  542,  379,  936,  533,  151,  759,  222,  669,  321,  720,  783,  710,  155,  709,  764,  960,  445,  732,  252,  349,  214,  311,  250,  913,  480,  816,  573,  789,  406,  267,  951,  740,  878,  514,  335,  179,  716,  563,  504,  588,  484,  767,  539,  630,  490,  908,  595,  563,  372,  798,   91,  804,  835,  667,  382,  643,  784,  844,  607,  702,  754,  436,  271,  767,  470,  613,  359,  138,  870,  546,  738,  826,  833, 1143,  339,  678, 1044,  594,  464,  869,  348,  544,  741,  759,  180,  909,  523,  473,  894,  490,  719,  533],
        [  608,    0,  375,  139,  733,  549,  489,  245,  398,  201,  473,  426,  198,  352,  844,  409,  771,    0,  277,  368,  410,  621,  183,  423,  536,  319,  822,  276,  343,  383,  745,  281,  185,  135,  608,  594,  161,  154,  569,  550,  170,  871,  259,  352,  659,  780,   73,  623,   66,  611,  275,  522,   99,  316,  562,  139,  728,  296,  123,  623,  669,  572,  177,  458,  622,  769,  632,  310,  643,  170,  655,   76,  649,  105,   93,  400,  813,  567,  527,  559,  589,  533,  770,  485,  701,  288,  282,  591,  527,  529,  246,   66,  610,  655,  647,  609,  364,  583,  450,  219,  697,  303,  356,  236,  532,  556,  858,  247,  575,  310,  780,   35,  190,  333,  440,  411,  256,  451,  611,  740,  338,  347,  508,  439,  608,  474,  688,  644,  168,  226,  411,   59,  388,  562,  560,  707,  472,  422,  714,  280,  499,  505,  177,   40,  658,  300,  273,  299,  139,  518,  736,  492],
        [  462,    0,  423,  205,  557,  508,  510,  468,  546,  444,  263,  536,  261,  189,  608,  621,  543,  277,    0,  211,  468,  376,  397,  315,  416,  402,  561,  202,  303,  583,  470,  485,  396,  167,  414,  486,  436,  431,  420,  349,  415,  636,  342,  501,  422,  545,  296,  356,  306,  688,  401,  487,  369,   48,  292,  264,  535,  467,  389,  502,  409,  478,  454,  451,  394,  550,  467,  161,  368,  178,  468,  202,  456,  185,  322,  435,  538,  380,  292,  449,  339,  266,  500,  432,  430,  481,  303,  424,  250,  280,  410,  224,  481,  391,  371,  367,  231,  333,  185,  241,  427,  464,  354,   89,  265,  465,  594,  245,  477,  274,  575,  303,  292,  424,  322,  213,  442,  369,  371,  509,  248,  219,  273,  311,  338,  250,  411,  437,  332,  150,  275,  335,  558,  622,  444,  475,  522,  194,  442,  503,  229,  252,  198,  286,  401,  371,  225,  125,  370,  251,  511,  482],
        [  659,    0,  622,  233,  371,  718,  716,  451,  451,  567,  116,  725,  443,   23,  738,  570,  408,  368,  211,    0,  324,  513,  391,  524,  620,  294,  653,  103,  142,  526,  522,  634,  537,  236,  593,  276,  498,  498,  217,  183,  535,  766,  258,  675,  565,  681,  341,  452,  357,  888,  578,  697,  428,  181,  279,  267,  706,  631,  490,  704,  516,  268,  528,  270,  265,  701,  273,  372,  377,  357,  647,  316,  282,  323,  357,  637,  576,  565,  184,  238,  256,  250,  464,  643,  507,  435,  192,  615,  315,  206,  574,  347,  681,  490,  388,  263,  441,  467,  322,  185,  506,  395,  200,  292,  379,  673,  675,  163,  267,  481,  412,  402,  467,  315,  113,  408,  399,  579,  514,  652,  458,   35,  170,  518,  428,  425,  436,  277,  489,  143,  482,  421,  479,  825,  234,  618,  724,  376,  509,  480,  237,  397,  380,  353,  328,  562,  121,   90,  498,  368,  659,  296],
        [  925,    0,  776,  313,  508,  927,  888,  290,  164,  579,  414,  835,  587,  334, 1055,  318,  634,  410,  468,  324,    0,  825,  280,  760,  870,   93,  976,  270,  183,  273,  844,  676,  587,  357,  882,  311,  438,  447,  359,  432,  553, 1083,  153,  760,  876,  995,  341,  773,  353, 1021,  685,  902,  393,  464,  599,  278, 1001,  702,  493,  959,  836,  280,  477,  108,  529, 1009,  420,  609,  696,  520,  936,  418,  479,  450,  331,  799,  896,  848,  485,  295,  556,  571,  766,  856,  830,  233,  167,  890,  637,  517,  654,  442,  940,  811,  708,  549,  680,  779,  629,  237,  829,  176,  125,  512,  695,  909,  999,  226,  286,  675,  594,  438,  591,   83,  268,  680,  222,  805,  823,  964,  678,  292,  476,  764,  750,  715,  756,  500,  578,  320,  728,  429,  208,  970,  303,  929,  877,  661,  832,  295,  561,  703,  539,  373,  621,  702,  245,  361,  538,  683,  968,  125],
        [  269,    0,  532,  579,  708,  459,  544,  839,  920,  730,  473,  665,  496,  497,  233,  996,  595,  621,  376,  513,  825,    0,  768,  313,  301,  770,  211,  557,  645,  959,  220,  725,  666,  538,  155,  740,  778,  769,  646,  530,  708,  261,  714,  681,   53,  171,  659,  107,  666,  732,  598,  458,  719,  365,  313,  638,  219,  679,  706,  333,   80,  746,  784,  783,  497,  190,  658,  321,  275,  462,  191,  548,  606,  517,  686,  523,  282,  165,  436,  708,  411,  322,  393,  410,  154,  856,  666,  215,  218,  394,  636,  557,  308,   94,  262,  449,  300,   46,  197,  613,  148,  839,  702,  386,  136,  365,  252,  611,  742,  405,  671,  636,  532,  793,  611,  221,  817,  352,   19,  140,  347,  540,  429,  282,  125,  152,  252,  570,  592,  520,  278,  673,  934,  665,  699,  106,  585,  200,  178,  875,  305,  125,  466,  642,  416,  533,  583,  465,  663,  146,  147,  808],
        [  786,    0,  552,  194,  713,  731,  667,   71,  221,  306,  507,  584,  381,  385,  998,  232,  792,  183,  397,  391,  280,  768,    0,  602,  715,  194,  958,  290,  300,  202,  859,  407,  326,  231,  775,  539,  159,  168,  546,  566,  283, 1026,  164,  501,  811,  934,  118,  752,  119,  773,  442,  704,  123,  422,  644,  138,  897,  442,  224,  803,  806,  512,  198,  360,  654,  930,  613,  477,  737,  345,  825,  235,  650,  272,   92,  578,  924,  736,  574,  511,  644,  614,  846,  668,  825,  105,  224,  765,  636,  589,  402,  242,  789,  787,  744,  654,  537,  727,  581,  207,  822,  129,  281,  389,  662,  738,  990,  230,  516,  492,  779,  196,  371,  198,  418,  572,   77,  633,  761,  896,  516,  359,  558,  616,  733,  628,  789,  656,  338,  279,  585,  172,  206,  729,  515,  862,  645,  574,  835,  107,  587,  646,  356,  147,  716,  477,  271,  359,  278,  648,  894,  390],
        [  187,    0,  220,  453,  844,  200,  244,  667,  800,  462,  554,  353,  239,  502,  479,  831,  787,  423,  315,  524,  760,  313,  602,    0,  114,  680,  517,  508,  611,  803,  519,  433,  395,  407,  218,  798,  554,  542,  725,  636,  447,  502,  615,  374,  323,  420,  485,  383,  484,  437,  300,  184,  513,  345,  488,  503,  323,  380,  464,  203,  389,  792,  548,  759,  651,  387,  764,  155,  509,  257,  251,  369,  738,  332,  510,  211,  588,  178,  557,  761,  574,  476,  651,  127,  456,  704,  595,  179,  390,  528,  346,  360,  188,  393,  503,  611,   84,  302,  284,  523,  449,  707,  656,  250,  323,  151,  560,  537,  791,  121,  841,  422,  267,  700,  636,  144,  669,   58,  296,  377,   86,  534,  541,   32,  385,  191,  517,  711,  327,  446,   49,  458,  799,  369,  756,  353,  279,  194,  478,  702,  440,  266,  246,  456,  614,  230,  528,  440,  408,  316,  366,  791],
        [   82,    0,  279,  566,  918,  159,  254,  780,  914,  560,  636,  399,  347,  599,  415,  944,  843,  536,  416,  620,  870,  301,  715,  114,    0,  792,  483,  614,  716,  917,  520,  517,  493,  519,  162,  890,  662,  650,  811,  715,  548,  434,  727,  441,  293,  363,  598,  394,  597,  435,  385,  159,  625,  440,  541,  616,  237,  460,  571,   90,  381,  886,  654,  864,  717,  317,  845,  262,  544,  371,  173,  482,  812,  446,  624,  260,  583,  138,  630,  854,  635,  536,  679,  120,  455,  818,  704,  103,  438,  596,  436,  474,   75,  393,  535,  674,  190,  307,  344,  634,  448,  821,  764,  359,  358,   67,  527,  646,  885,  229,  905,  534,  372,  812,  732,  216,  783,   95,  283,  322,  200,  633,  615,  107,  403,  231,  539,  782,  430,  554,  143,  569,  913,  369,  848,  306,  301,  259,  478,  815,  503,  301,  360,  570,  665,  314,  635,  540,  512,  355,  306,  896],
        [  851,    0,  686,  229,  546,  842,  799,  217,  158,  488,  399,  743,  498,  298, 1002,  287,  651,  319,  402,  294,   93,  770,  194,  680,  792,    0,  934,  216,  159,  241,  811,  584,  494,  274,  815,  358,  352,  359,  385,  435,  461, 1030,   66,  667,  819,  941,  248,  728,  261,  929,  593,  816,  303,  405,  572,  188,  936,  610,  402,  881,  789,  329,  390,  168,  530,  950,  451,  533,  670,  435,  868,  330,  500,  363,  239,  710,  868,  779,  471,  335,  543,  543,  754,  772,  790,  171,  106,  819,  596,  497,  562,  353,  863,  766,  680,  543,  603,  725,  573,  162,  788,  118,  112,  435,  645,  828,  960,  159,  334,  591,  623,  346,  501,   23,  271,  610,  148,  723,  767,  907,  597,  259,  458,  686,  705,  651,  728,  514,  486,  253,  652,  337,  188,  879,  341,  872,  787,  596,  795,  231,  526,  647,  453,  281,  613,  612,  190,  309,  446,  632,  910,  196],
        [  427,    0,  735,  765,  751,  637,  734, 1028, 1089,  939,  583,  867,  706,  642,  151, 1180,  600,  822,  561,  653,  976,  211,  958,  517,  483,  934,    0,  718,  794, 1140,  161,  935,  876,  727,  321,  833,  980,  972,  734,  614,  917,  167,  883,  889,  195,  148,  854,  208,  862,  916,  807,  640,  919,  540,  394,  823,  302,  889,  912,  486,  153,  846,  989,  917,  552,  213,  728,  529,  309,  668,  326,  747,  663,  718,  880,  724,  167,  349,  526,  807,  475,  416,  355,  600,  149, 1039,  828,  383,  340,  485,  846,  759,  465,  171,  294,  506,  510,  241,  377,  785,  149, 1015,  852,  586,  296,  540,   45,  778,  841,  615,  688,  839,  742,  956,  734,  430,  999,  550,  226,  174,  557,  685,  526,  486,  229,  361,  254,  623,  802,  693,  486,  875, 1108,  851,  797,  179,  780,  404,  152, 1064,  419,  317,  674,  839,  447,  741,  745,  626,  871,  311,  194,  938],
        [  663,    0,  571,  137,  458,  691,  673,  351,  372,  476,  218,  661,  383,   96,  788,  478,  509,  276,  202,  103,  270,  557,  290,  508,  614,  216,  718,    0,  103,  435,  598,  551,  453,  153,  613,  328,  398,  399,  294,  283,  445,  816,  168,  603,  607,  728,  242,  512,  258,  833,  511,  668,  328,  194,  365,  165,  732,  555,  397,  702,  573,  311,  429,  251,  367,  740,  356,  354,  462,  301,  668,  235,  377,  250,  256,  589,  657,  580,  284,  291,  355,  336,  560,  617,  575,  340,  111,  625,  380,  302,  498,  266,  681,  550,  471,  365,  426,  511,  360,   83,  573,  305,  152,  261,  430,  659,  744,   65,  313,  443,  508,  311,  401,  239,  166,  414,  302,  559,  555,  695,  432,   74,  269,  508,  490,  446,  518,  376,  414,   67,  472,  326,  394,  773,  290,  660,  674,  392,  580,  381,  315,  434,  323,  256,  427,  505,   27,   93,  411,  417,  699,  283],
        [  764,    0,  667,  209,  414,  793,  772,  348,  315,  540,  241,  750,  477,  152,  874,  444,  500,  343,  303,  142,  183,  645,  300,  611,  716,  159,  794,  103,    0,  398,  663,  624,  527,  239,  711,  252,  437,  440,  247,  278,  510,  902,  142,  686,  696,  815,  292,  590,  308,  926,  598,  770,  372,  290,  419,  210,  829,  635,  456,  804,  654,  230,  472,  149,  373,  831,  313,  456,  517,  397,  765,  318,  353,  340,  298,  686,  716,  679,  313,  219,  385,  391,  596,  719,  647,  318,   77,  725,  454,  341,  580,  348,  783,  629,  528,  385,  528,  599,  450,  125,  646,  270,   59,  363,  514,  762,  816,   97,  233,  544,  481,  377,  491,  178,  120,  514,  286,  661,  644,  784,  534,  109,  301,  610,  567,  543,  576,  362,  496,  167,  574,  384,  346,  868,  221,  750,  770,  490,  650,  370,  378,  525,  419,  315,  454,  598,   86,  185,  481,  502,  790,  180],
        [  987,    0,  742,  380,  778,  928,  857,  140,  115,  463,  636,  758,  579,  526, 1190,   47,  892,  383,  583,  526,  273,  959,  202,  803,  917,  241, 1140,  435,  398,    0, 1030,  564,  501,  423,  974,  583,  304,  316,  622,  676,  448, 1218,  268,  670, 1004, 1127,  319,  933,  320,  945,  625,  901,  306,  601,  799,  321, 1096,  610,  395, 1004,  990,  552,  336,  380,  771, 1126,  686,  676,  896,  547, 1024,  437,  739,  473,  294,  769, 1090,  935,  707,  565,  780,  770,  989,  867, 1002,  103,  334,  965,  809,  731,  580,  444,  991,  969,  905,  782,  738,  916,  767,  359,  999,  131,  353,  586,  845,  938, 1170,  371,  558,  693,  860,  391,  567,  225,  512,  770,  142,  834,  952, 1089,  718,  491,  694,  818,  912,  823,  952,  755,  527,  448,  787,  362,   69,  908,  572, 1055,  831,  768, 1009,  109,  748,  835,  558,  348,  850,  668,  410,  520,  457,  831, 1089,  396],
        [  486,    0,  734,  666,  591,  678,  758,  929,  968,  888,  439,  868,  663,  514,  300, 1072,  442,  745,  470,  522,  844,  220,  859,  519,  520,  811,  161,  598,  663, 1030,    0,  901,  829,  634,  371,  679,  905,  898,  580,  461,  862,  321,  766,  873,  242,  273,  765,  138,  775,  948,  783,  675,  839,  439,  248,  722,  402,  863,  848,  550,  141,  694,  919,  777,  393,  331,  570,  484,  155,  609,  398,  669,  504,  645,  790,  728,   72,  384,  376,  654,  320,  274,  202,  626,   66,  931,  706,  433,  223,  337,  814,  686,  525,  128,  141,  348,  487,  219,  299,  672,   73,  902,  720,  516,  221,  585,  165,  661,  689,  593,  529,  767,  700,  833,  592,  399,  892,  565,  238,  278,  536,  555,  379,  489,  144,  334,   96,  464,  757,  584,  478,  801,  992,  881,  644,  262,  797,  359,   43,  963,  285,  267,  619,  756,  287,  723,  624,  510,  816,  234,  297,  795],
        [  599,    0,  249,  418, 1004,  448,  342,  435,  622,  103,  728,  202,  240,  616,  911,  570, 1022,  281,  485,  634,  676,  725,  407,  433,  517,  584,  935,  551,  624,  564,  901,    0,   99,  400,  650,  874,  262,  250,  844,  810,  124,  935,  532,  113,  746,  851,  341,  766,  326,  384,  134,  423,  285,  533,  773,  418,  750,   62,  184,  584,  793,  853,  229,  735,  871,  819,  905,  418,  837,  309,  680,  319,  914,  315,  346,  275,  972,  610,  771,  839,  823,  749,  976,  416,  845,  498,  562,  608,  709,  764,   89,  288,  583,  788,  836,  850,  426,  700,  609,  499,  839,  535,  635,  406,  682,  503,  977,  527,  855,  322, 1042,  248,  203,  594,  717,  508,  481,  424,  710,  808,  378,  618,  752,  462,  758,  577,  868,  904,  154,  494,  452,  249,  597,  355,  839,  782,  300,  544,  864,  459,  710,  636,  292,  312,  886,  204,  551,  554,  143,  669,  798,  768],
        [  574,    0,  255,  320,  907,  454,  364,  365,  546,   68,  632,  259,  170,  518,  866,  512,  928,  185,  396,  537,  587,  666,  326,  395,  493,  494,  876,  453,  527,  501,  829,   99,    0,  303,  608,  776,  200,  187,  746,  714,   59,  891,  439,  176,  693,  804,  248,  696,  234,  448,  130,  427,  204,  442,  686,  323,  718,  117,  107,  569,  729,  755,  177,  641,  777,  778,  807,  349,  755,  225,  645,  222,  818,  219,  256,  282,  900,  568,  678,  741,  732,  661,  892,  408,  776,  423,  466,  574,  629,  672,   80,  191,  564,  721,  756,  757,  370,  637,  532,  402,  771,  455,  540,  322,  609,  491,  916,  430,  758,  275,  946,  152,  134,  506,  619,  446,  402,  399,  652,  761,  327,  520,  659,  421,  686,  515,  789,  808,   74,  396,  405,  158,  525,  408,  741,  733,  333,  476,  793,  393,  623,  568,  211,  218,  796,  188,  453,  458,   49,  596,  753,  674],
        [  581,    0,  430,   47,  605,  571,  538,  302,  399,  331,  338,  512,  239,  219,  768,  459,  636,  135,  167,  236,  357,  538,  231,  407,  519,  274,  727,  153,  239,  423,  634,  400,  303,    0,  556,  479,  283,  279,  444,  416,  300,  796,  209,  451,  582,  705,  132,  522,  144,  688,  360,  546,  213,  196,  435,  103,  678,  403,  258,  609,  575,  462,  307,  375,  488,  704,  505,  263,  521,  164,  607,   83,  518,  101,  157,  451,  700,  518,  393,  443,  456,  406,  642,  499,  596,  320,  198,  552,  412,  397,  346,  114,  591,  557,  526,  475,  331,  496,  351,  124,  593,  310,  269,  167,  432,  554,  760,  146,  463,  319,  647,  168,  253,  294,  318,  350,  281,  449,  531,  667,  323,  218,  374,  414,  504,  401,  569,  511,  261,   94,  380,  191,  405,  630,  443,  633,  533,  346,  607,  338,  374,  416,  185,  129,  526,  360,  157,  164,  263,  417,  667,  409],
        [  116,    0,  427,  601,  839,  318,  415,  844,  953,  675,  579,  555,  445,  574,  263, 1007,  739,  608,  414,  593,  882,  155,  775,  218,  162,  815,  321,  613,  711,  974,  371,  650,  608,  556,    0,  845,  753,  742,  756,  647,  658,  285,  753,  587,  134,  206,  660,  259,  663,  596,  517,  320,  704,  421,  445,  658,  123,  597,  669,  180,  231,  847,  752,  856,  629,  171,  778,  300,  423,  439,   55,  542,  734,  507,  686,  412,  429,   42,  555,  810,  544,  447,  547,  281,  307,  872,  716,   64,  342,  516,  563,  542,  154,  248,  412,  582,  247,  177,  276,  653,  300,  865,  765,  390,  253,  221,  365,  658,  844,  334,  810,  615,  477,  837,  701,  207,  834,  237,  138,  163,  284,  614,  544,  189,  274,  169,  406,  699,  538,  563,  205,  651,  960,  531,  803,  145,  462,  222,  330,  881,  422,  209,  435,  636,  559,  447,  638,  527,  617,  257,  150,  885],
        [  922,    0,  893,  457,  201,  993,  990,  574,  474,  792,  268,  988,  709,  298,  945,  628,  351,  594,  486,  276,  311,  740,  539,  798,  890,  358,  833,  328,  252,  583,  679,  874,  776,  479,  845,    0,  685,  689,  100,  219,  761,  972,  376,  930,  792,  895,  544,  656,  560, 1158,  838,  972,  622,  453,  442,  462,  950,  881,  707,  972,  721,   32,  721,  204,  294,  928,  130,  647,  525,  624,  898,  561,  203,  578,  548,  910,  712,  821,  310,   38,  359,  424,  542,  918,  687,  529,  323,  875,  523,  352,  825,  592,  948,  692,  539,  334,  715,  696,  569,  376,  689,  473,  259,  566,  606,  945,  843,  347,   26,  755,  294,  628,  728,  367,  167,  675,  506,  853,  745,  875,  733,  274,  313,  790,  631,  681,  583,  237,  740,  392,  754,  636,  518, 1096,   43,  842,  996,  637,  681,  588,  436,  638,  647,  567,  403,  830,  324,  364,  731,  598,  885,  193],
        [  740,    0,  451,  269,  847,  646,  563,  174,  363,  160,  610,  455,  316,  486,  997,  313,  906,  161,  436,  498,  438,  778,  159,  554,  662,  352,  980,  398,  437,  304,  905,  262,  200,  283,  753,  685,    0,   14,  680,  680,  146, 1023,  313,  367,  814,  933,  158,  783,  143,  641,  328,  619,   72,  474,  716,  234,  870,  307,   97,  745,  828,  659,   39,  516,  761,  918,  746,  461,  801,  318,  797,  236,  774,  263,  143,  478,  973,  712,  671,  654,  736,  688,  924,  592,  861,  238,  363,  729,  686,  677,  279,  222,  736,  814,  805,  753,  507,  741,  610,  323,  857,  280,  429,  395,  692,  671, 1017,  350,  663,  434,  905,  142,  292,  356,  549,  563,  227,  572,  767,  892,  473,  471,  653,  575,  768,  628,  847,  774,  240,  364,  550,  105,  335,  606,  657,  860,  533,  579,  874,  197,  655,  664,  319,  154,  806,  380,  387,  443,  161,  677,  887,  546],
        [  728,    0,  437,  267,  849,  633,  550,  186,  374,  148,  609,  442,  304,  486,  987,  326,  905,  154,  431,  498,  447,  769,  168,  542,  650,  359,  972,  399,  440,  316,  898,  250,  187,  279,  742,  689,   14,    0,  682,  680,  133, 1014,  319,  354,  805,  924,  157,  776,  142,  629,  315,  606,   71,  469,  712,  236,  859,  294,   84,  733,  820,  664,   33,  522,  760,  908,  748,  452,  796,  309,  786,  230,  775,  255,  144,  465,  967,  701,  669,  658,  734,  684,  921,  580,  854,  249,  367,  718,  680,  675,  266,  214,  724,  807,  800,  751,  496,  733,  603,  324,  849,  291,  434,  387,  684,  659, 1009,  352,  668,  423,  906,  133,  280,  364,  551,  554,  237,  559,  758,  882,  462,  472,  651,  564,  761,  619,  841,  774,  227,  362,  540,   98,  347,  593,  661,  851,  520,  570,  868,  210,  651,  656,  309,  151,  804,  367,  388,  441,  148,  670,  877,  553],
        [  838,    0,  838,  430,  168,  923,  929,  591,  521,  770,  178,  941,  660,  238,  848,  668,  276,  569,  420,  217,  359,  646,  546,  725,  811,  385,  734,  294,  247,  622,  580,  844,  746,  444,  756,  100,  680,  682,    0,  120,  739,  874,  385,  890,  698,  799,  529,  559,  546, 1103,  794,  903,  613,  382,  344,  448,  858,  845,  689,  890,  624,  117,  714,  257,  198,  833,   67,  578,  426,  573,  809,  526,  121,  537,  538,  852,  613,  735,  212,   80,  260,  327,  446,  848,  589,  555,  323,  789,  429,  255,  787,  557,  866,  595,  440,  235,  643,  603,  482,  359,  590,  502,  275,  505,  513,  869,  744,  330,  111,  693,  239,  604,  683,  398,  132,  596,  526,  781,  652,  779,  666,  227,  218,  714,  535,  596,  484,  148,  703,  352,  679,  617,  561, 1040,   69,  747,  939,  555,  583,  611,  342,  548,  596,  547,  306,  779,  298,  306,  704,  505,  790,  258],
        [  735,    0,  771,  415,  209,  836,  854,  621,  585,  747,   87,  884,  605,  198,  729,  721,  227,  550,  349,  183,  432,  530,  566,  636,  715,  435,  614,  283,  278,  676,  461,  810,  714,  416,  647,  219,  680,  680,  120,    0,  716,  755,  417,  843,  582,  680,  524,  441,  540, 1036,  744,  818,  610,  305,  225,  447,  745,  803,  672,  790,  505,  233,  711,  342,   97,  717,  132,  497,  307,  519,  699,  494,  107,  496,  538,  783,  497,  628,   95,  194,  142,  210,  340,  762,  469,  595,  350,  684,  313,  137,  745,  524,  764,  476,  321,  122,  557,  488,  376,  362,  471,  548,  324,  438,  399,  775,  625,  337,  228,  620,  232,  583,  633,  452,  166,  500,  562,  694,  537,  662,  586,  210,  103,  622,  417,  492,  366,   95,  662,  324,  589,  603,  620,  970,  184,  631,  869,  456,  463,  646,  227,  439,  541,  535,  196,  719,  297,  257,  677,  393,  674,  352],
