{
    "name": "random-74-29636",
    "comment": "size=74 seed=29636",
    "nodes": ["+0", "-0", "+1", "-1", "+2", "-2", "+3", "-3", "+4", "-4", "+5", "-5", "+6", "-6", "+7", "-7", "+8", "-8", "+9", "-9", "+10", "-10", "+11", "-11", "+12", "-12", "+13", "-13", "+14", "-14", "+15", "-15", "+16", "-16", "+17", "-17", "+18", "-18", "+19", "-19", "+20", "-20", "+21", "-21", "+22", "-22", "+23", "-23", "+24", "-24", "+25", "-25", "+26", "-26", "+27", "-27", "+28", "-28", "+29", "-29", "+30", "-30", "+31", "-31", "+32", "-32", "+33", "-33", "+34", "-34", "+35", "-35", "+36", "-36", "+37", "-37", "+38", "-38", "+39", "-39", "+40", "-40", "+41", "-41", "+42", "-42", "+43", "-43", "+44", "-44", "+45", "-45", "+46", "-46", "+47", "-47", "+48", "-48", "+49", "-49", "+50", "-50", "+51", "-51", "+52", "-52", "+53", "-53", "+54", "-54", "+55", "-55", "+56", "-56", "+57", "-57", "+58", "-58", "+59", "-59", "+60", "-60", "+61", "-61", "+62", "-62", "+63", "-63", "+64", "-64", "+65", "-65", "+66", "-66", "+67", "-67", "+68", "-68", "+69", "-69", "+70", "-70", "+71", "-71", "+72", "-72", "+73", "-73", "+74", "-74"],
    "precedence": {
        "+0": "-0",
        "+1": "-1",
        "+2": "-2",
        "+3": "-3",
        "+4": "-4",
        "+5": "-5",
        "+6": "-6",
        "+7": "-7",
        "+8": "-8",
        "+9": "-9",
        "+10": "-10",
        "+11": "-11",
        "+12": "-12",
        "+13": "-13",
        "+14": "-14",
        "+15": "-15",
        "+16": "-16",
        "+17": "-17",
        "+18": "-18",
        "+19": "-19",
        "+20": "-20",
        "+21": "-21",
        "+22": "-22",
        "+23": "-23",
        "+24": "-24",
        "+25": "-25",
        "+26": "-26",
        "+27": "-27",
        "+28": "-28",
        "+29": "-29",
        "+30": "-30",
        "+31": "-31",
        "+32": "-32",
        "+33": "-33",
        "+34": "-34",
        "+35": "-35",
        "+36": "-36",
        "+37": "-37",
        "+38": "-38",
        "+39": "-39",
        "+40": "-40",
        "+41": "-41",
        "+42": "-42",
        "+43": "-43",
        "+44": "-44",
        "+45": "-45",
        "+46": "-46",
        "+47": "-47",
        "+48": "-48",
        "+49": "-49",
        "+50": "-50",
        "+51": "-51",
        "+52": "-52",
        "+53": "-53",
        "+54": "-54",
        "+55": "-55",
        "+56": "-56",
        "+57": "-57",
        "+58": "-58",
        "+59": "-59",
        "+60": "-60",
        "+61": "-61",
        "+62": "-62",
        "+63": "-63",
        "+64": "-64",
        "+65": "-65",
        "+66": "-66",
        "+67": "-67",
        "+68": "-68",
        "+69": "-69",
        "+70": "-70",
        "+71": "-71",
        "+72": "-72",
        "+73": "-73",
        "+74": "-74"
    },
    "edges": [
        [    0,    0,  787,  350,  335,  534,  662,  635,  255,  293,  350,  134,  487,  680,  510,  865,  229,  287,  505,  661,  321,  685,  189,  590,   90,  354,  287,   21,  257,  474,  304,  253,  299,  232,  575,  143,  512,  637,  694,  655,  183,  884,  839,  474,  296,  680,  183,  343,  443,  700,  275,  510,  544,  717,  556,  643,  149,  467,  177,  290,  327,  786,   45,  321,  205,  239,  592,  333,  729,  509,  252,  572,  440,  111,  454,  614,  686,  611,  119,  343,  523,  612,  639,  279,  484,  727,  845,  194,  718,  250,  267,  246,  290,  631,  647,  373,  441,  449,  266,  701,  523,  104,  696,  280,  478,  713,  596,  490,  621,  589,  357,  636,  711,  548,  324,  857,  601,  412,  252,  607,   36,  352,  519,  687,  101,  794,  354,  437,  670,  375,  430,  585,  448,  221,  404,  342,  346,  761,  577,  488,  533,  811,  431,  656,  770,  768,  592,  511,  687,  738],
        [    0,    0,    0,    0,    0,    0,    0,    0,    0,    0,    0,    0,    0,    0,    0,    0,    0,    0,    0,    0,    0,    0,    0,    0,    0,    0,    0,    0,    0,    0,    0,    0,    0,    0,    0,    0,    0,    0,    0,    0,    0,    0,    0,    0,    0,    0,    0,    0,    0,    0,    0,    0,    0,    0,    0,    0,    0,    0,    0,    0,    0,    0,    0,    0,    0,    0,    0,    0,    0,    0,    0,    0,    0,    0,    0,    0,    0,    0,    0,    0,    0,    0,    0,    0,    0,    0,    0,    0,    0,    0,    0,    0,    0,    0,    0,    0,    0,    0,    0,    0,    0,    0,    0,    0,    0,    0,    0,    0,    0,    0,    0,    0,    0,    0,    0,    0,    0,    0,    0,    0,    0,    0,    0,    0,    0,    0,    0,    0,    0,    0,    0,    0,    0,    0,    0,    0,    0,    0,    0,    0,    0,    0,    0,    0,    0,    0,    0,    0,    0,    0],
        [  787,    0,    0, 1080,  933,  318,  439,  328,  982, 1065, 1102,  823,  695,  109,  316,  300,  874,  631,  310,  542,  877,  261,  919,  464,  699, 1101,  578,  804,  732,  333,  876,  937,  997,  575,  291,  671,  701,  240,  221,  218,  829,  290,  362,  481,  844,  252,  928, 1041,  808,  611,  547,  705,  983,  537,  249,  595,  645,  427,  611,  512,  950,  300,  829,  497,  750,  933,  234, 1096,  464,  734,  554,  893,  454,  679,  523,  412,  127,  609,  763,  621, 1008,  434,  331,  649,  606,  224,  291,  908,   89, 1033,  764,  550,  770,  362,  415,  423,  631,  381,  952,  588,  266,  749,  535,  509,  600,  234,  191,  333,  503,  784, 1044,  155,  439,  337,  743,  289,  919,  697,  547,  613,  799,  519,  765,  107,  851,  399,  925,  945,  117, 1122,  509,  234,  546,  834,  516,  447,  812,  350,  818,  676,  389,  404,  574,  240,  489,  452,  260,  401,  199,  466],
        [  350,    0, 1080,    0,  209,  867,  833,  853,  101,  118,   53,  430,  822,  981,  772, 1201,  212,  464,  831,  789,  260, 1020,  169,  759,  430,   41,  507,  330,  366,  799,  573,  465,   91,  508,  909,  491,  846,  887, 1024,  982,  252, 1218, 1182,  823,  278, 1013,  374,   65,  752,  797,  619,  844,  800,  847,  834,  748,  490,  687,  506,  570,  552, 1124,  327,  661,  533,  451,  914,   83,  889,  838,  529,  866,  786,  453,  625,  962,  997,  956,  322,  496,  763,  960,  855,  446,  599, 1058, 1181,  175, 1001,  267,  587,  581,  608,  836,  995,  697,  785,  706,  134, 1049,  831,  445, 1045,  603,  825, 1045,  892,  819,  971,  911,   79,  926,  880,  886,  649, 1192,  891,  746,  587,  704,  321,  573,  842,  975,  367, 1140,  236,  690,  967,   52,  618,  856,  797,  253,  599,  661,  344, 1105,  891,  826,  749, 1157,  779,  902, 1119, 1117,  847,  728, 1013,  896],
        [  335,    0,  933,  209,    0,  767,  640,  674,  166,  287,  257,  458,  816,  842,  617, 1094,  107,  303,  721,  587,   59,  916,  181,  567,  382,  247,  358,  320,  202,  690,  626,  544,  126,  391,  806,  450,  841,  720,  913,  868,  157, 1107, 1088,  761,   90,  907,  451,  146,  778,  591,  551,  839,  867,  644,  684,  543,  430,  517,  430,  445,  630, 1024,  338,  582,  539,  528,  798,  277,  691,  840,  408,  905,  715,  401,  441,  888,  866,  925,  241,  318,  840,  891,  675,  284,  401,  947, 1074,  163,  849,  399,  602,  501,  625,  653,  921,  594,  763,  552,  108, 1008,  704,  438,  993,  508,  794,  936,  753,  715,  916,  922,  138,  781,  684,  792,  658, 1084,  934,  742,  508,  499,  300,  414,  853,  827,  404, 1056,   30,  757,  825,  260,  440,  701,  752,  125,  426,  555,  141, 1014,  911,  814,  573, 1073,  741,  733, 1054, 1044,  685,  554,  897,  698],
        [  534,    0,  318,  867,  767,    0,  527,  418,  767,  826,  877,  536,  383,  218,  280,  334,  683,  486,   58,  607,  720,  153,  699,  504,  445,  879,  425,  554,  574,   82,  565,  638,  796,  376,   42,  398,  393,  340,  162,  126,  631,  352,  321,  167,  684,  147,  644,  843,  491,  679,  263,  396,  667,  633,  238,  638,  385,  381,  362,  326,  640,  259,  571,  214,  449,  635,   85,  864,  585,  424,  360,  582,  137,  423,  473,  163,  192,  330,  549,  506,  690,  179,  424,  502,  566,  194,  314,  694,  294,  764,  454,  289,  458,  445,  189,  174,  316,  299,  753,  350,  131,  471,  307,  265,  289,  180,  189,   53,  242,  483,  850,  225,  556,   38,  428,  325,  610,  380,  283,  635,  555,  399,  454,  261,  576,  295,  769,  628,  223,  901,  443,  266,  230,  649,  433,  213,  678,  249,  512,  365,  394,  311,  257,  359,  322,  300,  311,  388,  159,  591],
        [  662,    0,  439,  833,  640,  527,    0,  119,  751,  865,  871,  762,  853,  412,  253,  717,  627,  390,  474,  104,  582,  598,  707,   76,  601,  866,  376,  670,  473,  465,  890,  895,  743,  441,  537,  618,  871,  213,  568,  532,  602,  714,  758,  659,  558,  586,  843,  778,  916,  173,  565,  873, 1082,  108,  291,  160,  576,  206,  536,  399,  945,  687,  704,  538,  745,  884,  481,  878,   70,  894,  424, 1038,  604,  592,  215,  688,  461,  849,  577,  345, 1086,  706,  114,  404,  241,  593,  703,  689,  357,  896,  790,  526,  808,   86,  709,  464,  777,  267,  702,  877,  397,  686,  832,  480,  772,  592,  361,  491,  769,  970,  774,  350,   50,  564,  805,  705, 1069,  815,  528,  189,  653,  311,  922,  361,  757,  770,  621, 1003,  390,  883,  234,  269,  705,  587,  258,  448,  500,  716,  988,  838,  151,  781,  720,  204,  831,  801,  223,  169,  541,   79],
        [  635,    0,  328,  853,  674,  418,  119,    0,  763,  868,  886,  719,  762,  294,  159,  600,  642,  391,  367,  218,  615,  481,  711,  138,  563,  881,  360,  647,  487,  362,  831,  851,  763,  405,  425,  567,  778,   95,  450,  415,  608,  598,  640,  560,  586,  468,  810,  803,  836,  289,  493,  780, 1007,  225,  180,  268,  528,  171,  487,  352,  892,  569,  679,  459,  687,  841,  366,  888,  168,  804,  385,  953,  507,  551,  234,  576,  343,  745,  567,  359, 1015,  595,    7,  408,  297,  475,  585,  695,  243,  880,  726,  462,  742,   35,  597,  379,  687,  197,  720,  767,  288,  642,  721,  414,  677,  474,  245,  387,  660,  877,  801,  231,  139,  454,  732,  588,  983,  731,  463,  287,  633,  290,  833,  244,  724,  652,  659,  936,  272,  900,  236,  154,  610,  601,  254,  371,  538,  598,  898,  747,  106,  663,  628,   89,  715,  684,  108,  127,  423,  174],
        [  255,    0,  982,  101,  166,  767,  751,  763,    0,  125,  124,  349,  736,  881,  676, 1101,  125,  372,  730,  714,  201,  920,   69,  676,  332,  121,  412,  235,  279,  698,  505,  406,   55,  408,  808,  395,  761,  792,  924,  881,  156, 1117, 1082,  726,  208,  913,  313,   91,  675,  728,  520,  759,  740,  772,  736,  677,  391,  595,  406,  471,  495, 1024,  238,  561,  447,  391,  814,  129,  809,  754,  429,  795,  688,  354,  539,  863,  897,  865,  221,  408,  707,  862,  765,  355,  522,  957, 1080,   74,  903,  237,  505,  481,  527,  748,  896,  596,  695,  609,   60,  956,  731,  355,  950,  503,  733,  944,  793,  719,  875,  831,  107,  827,  798,  786,  566, 1092,  822,  660,  487,  634,  224,  479,  761,  877,  288, 1041,  196,  628,  867,  141,  529,  758,  703,  164,  509,  560,  279, 1005,  813,  738,  658, 1058,  686,  808, 1022, 1019,  752,  637,  912,  817],
        [  293,    0, 1065,  118,  287,  826,  865,  868,  125,    0,   80,  342,  735,  962,  769, 1158,  244,  479,  795,  833,  325,  978,  159,  790,  381,   91,  511,  273,  393,  764,  470,  357,  163,  492,  868,  433,  759,  890,  986,  946,  264, 1177, 1131,  761,  331,  972,  270,  167,  655,  850,  568,  756,  690,  891,  824,  798,  441,  699,  466,  555,  442, 1078,  259,  613,  450,  343,  881,   48,  925,  747,  513,  763,  731,  404,  651,  904,  972,  878,  306,  521,  652,  900,  872,  463,  641, 1019, 1138,  177,  991,  151,  498,  538,  517,  856,  936,  662,  706,  703,  184,  974,  807,  374,  975,  568,  748, 1005,  875,  781,  903,  817,  185,  912,  913,  840,  560, 1150,  786,  661,  543,  755,  272,  580,  749,  962,  282, 1085,  316,  581,  949,  105,  638,  850,  729,  281,  616,  629,  402, 1053,  794,  741,  763, 1102,  707,  907, 1055, 1056,  848,  742,  978,  933],
        [  350,    0, 1102,   53,  257,  877,  871,  886,  124,   80,    0,  415,  808, 1001,  798, 1211,  245,  495,  843,  831,  305, 1030,  184,  797,  435,   14,  534,  329,  400,  812,  548,  435,  134,  528,  919,  492,  832,  915, 1036,  994,  279, 1229, 1188,  823,  320, 1024,  348,  116,  731,  841,  624,  830,  769,  889,  857,  791,  495,  718,  515,  590,  521, 1132,  321,  667,  521,  422,  928,   35,  928,  822,  549,  841,  790,  457,  661,  964, 1014,  948,  339,  530,  731,  961,  888,  478,  640, 1069, 1190,  195, 1024,  229,  572,  589,  591,  870,  996,  709,  776,  731,  171, 1043,  848,  439, 1041,  615,  817, 1056,  912,  830,  968,  893,  131,  947,  918,  894,  633, 1202,  865,  733,  595,  747,  324,  602,  825,  997,  353, 1144,  285,  660,  987,   27,  651,  880,  794,  286,  632,  674,  388, 1110,  871,  813,  781, 1161,  774,  931, 1118, 1118,  875,  760, 1026,  936],
        [  134,    0,  823,  430,  458,  536,  762,  719,  349,  342,  415,    0,  394,  714,  579,  854,  354,  407,  521,  773,  451,  680,  293,  694,  162,  422,  394,  143,  389,  493,  171,  133,  401,  322,  577,  157,  418,  706,  697,  662,  313,  876,  816,  437,  427,  677,  108,  440,  327,  817,  278,  416,  412,  827,  613,  761,  192,  560,  233,  369,  196,  771,  121,  328,  109,  123,  607,  389,  831,  408,  339,  449,  419,  170,  563,  582,  710,  537,  252,  463,  390,  574,  724,  402,  604,  727,  834,  304,  764,  238,  158,  276,  179,  721,  612,  400,  365,  525,  376,  634,  558,   79,  638,  322,  409,  711,  638,  501,  569,  483,  455,  680,  810,  541,  220,  848,  477,  319,  278,  727,  165,  453,  414,  731,   63,  763,  480,  304,  707,  441,  536,  645,  396,  351,  510,  381,  480,  738,  465,  399,  623,  780,  372,  727,  722,  727,  661,  602,  694,  840],
        [  487,    0,  695,  822,  816,  383,  853,  762,  736,  735,  808,  394,    0,  599,  605,  589,  710,  638,  414,  908,  791,  460,  673,  807,  436,  816,  591,  505,  679,  407,  300,  416,  784,  505,  405,  369,   26,  702,  493,  481,  660,  616,  525,  217,  760,  463,  476,  826,  135,  973,  315,   25,  296,  949,  592,  922,  397,  662,  414,  501,  369,  509,  499,  323,  290,  423,  466,  782,  919,   42,  506,  200,  259,  420,  722,  308,  568,  163,  577,  685,  329,  289,  768,  645,  800,  510,  573,  680,  677,  615,  238,  370,  221,  781,  324,  390,   77,  588,  752,  262,  490,  384,  285,  400,   95,  495,  565,  390,  243,  121,  840,  605,  892,  359,  176,  587,  228,   76,  364,  904,  521,  611,   73,  643,  456,  458,  831,  291,  606,  835,  688,  626,  156,  693,  667,  411,  789,  456,  136,   20,  703,  472,  135,  723,  383,  402,  664,  689,  507,  927],
        [  680,    0,  109,  981,  842,  218,  412,  294,  881,  962, 1001,  714,  599,    0,  234,  308,  778,  540,  202,  510,  788,  202,  818,  419,  592, 1000,  484,  698,  640,  225,  768,  828,  899,  474,  197,  562,  608,  200,  166,  143,  731,  307,  348,  383,  753,  191,  819,  945,  708,  582,  438,  611,  884,  517,  163,  557,  537,  352,  504,  411,  842,  278,  722,  388,  641,  824,  134,  993,  452,  639,  453,  799,  351,  572,  452,  335,   51,  528,  662,  537,  906,  357,  299,  559,  541,  185,  292,  808,   83,  926,  656,  442,  664,  328,  345,  314,  533,  294,  854,  522,  158,  641,  470,  402,  505,  188,   90,  226,  426,  695,  948,   69,  424,  241,  637,  296,  825,  596,  438,  568,  693,  431,  670,   57,  743,  367,  836,  841,   23, 1021,  433,  161,  447,  738,  436,  339,  727,  314,  727,  581,  327,  376,  474,  209,  442,  408,  200,  334,  139,  456],
        [  510,    0,  316,  772,  617,  280,  253,  159,  676,  769,  798,  579,  605,  234,    0,  527,  563,  316,  224,  327,  561,  376,  616,  224,  431,  796,  266,  525,  417,  213,  679,  708,  686,  282,  296,  424,  622,  128,  355,  313,  521,  532,  550,  407,  528,  364,  675,  730,  678,  399,  337,  624,  850,  356,   72,  360,  388,  120,  348,  221,  744,  478,  554,  302,  537,  700,  249,  795,  316,  647,  260,  795,  353,  415,  220,  442,  270,  597,  463,  305,  859,  459,  165,  334,  312,  385,  509,  604,  232,  760,  572,  312,  587,  176,  466,  221,  529,   67,  642,  628,  152,  501,  586,  264,  521,  380,  151,  240,  519,  721,  732,  168,  288,  317,  576,  516,  826,  573,  312,  361,  514,  204,  676,  211,  592,  547,  609,  781,  215,  816,  200,   84,  454,  523,  203,  216,  496,  495,  741,  590,  115,  561,  471,  148,  595,  568,   83,  113,  331,  323],
        [  865,    0,  300, 1201, 1094,  334,  717,  600, 1101, 1158, 1211,  854,  589,  308,  527,    0, 1015,  803,  374,  817, 1045,  182, 1033,  726,  778, 1213,  743,  886,  896,  406,  848,  940, 1129,  705,  293,  727,  585,  506,  182,  227,  963,   29,   82,  425, 1009,  189,  961, 1176,  722,  889,  592,  589,  880,  822,  459,  864,  718,  646,  696,  650,  924,   84,  901,  545,  757,  940,  298, 1197,  753,  619,  687,  766,  436,  755,  747,  288,  262,  450,  883,  812,  917,  304,  605,  820,  839,  148,   21, 1028,  365, 1088,  746,  622,  743,  634,  266,  506,  551,  576, 1086,  387,  398,  796,  336,  599,  507,  159,  378,  383,  349,  639, 1183,  374,  727,  318,  703,   13,  784,  624,  616,  875,  888,  702,  646,  357,  900,  149, 1094,  876,  330, 1234,  724,  465,  481,  979,  722,  544,  995,  134,  680,  570,  631,  143,  511,  514,  252,  216,  507,  635,  201,  756],
        [  229,    0,  874,  212,  107,  683,  627,  642,  125,  244,  245,  354,  710,  778,  563, 1015,    0,  253,  641,  590,  103,  835,   98,  552,  279,  240,  298,  214,  156,  609,  523,  445,  123,  311,  723,  347,  736,  676,  834,  791,   55, 1029, 1003,  665,   94,  827,  355,  167,  672,  607,  455,  734,  764,  649,  627,  554,  330,  476,  334,  370,  530,  941,  234,  489,  433,  430,  721,  253,  685,  735,  330,  799,  621,  298,  416,  795,  797,  823,  141,  285,  738,  797,  645,  235,  398,  869,  994,   77,  793,  324,  496,  407,  519,  626,  828,  510,  659,  497,   79,  908,  632,  332,  896,  420,  692,  856,  689,  632,  818,  816,  171,  720,  674,  706,  552, 1005,  829,  637,  414,  511,  194,  362,  747,  769,  301,  968,  127,  654,  763,  259,  407,  647,  652,   42,  388,  471,  164,  928,  805,  710,  538,  984,  640,  691,  960,  952,  637,  517,  821,  693],
        [  287,    0,  631,  464,  303,  486,  390,  391,  372,  479,  495,  407,  638,  540,  316,  803,  253,    0,  435,  376,  248,  629,  321,  316,  251,  491,   61,  291,  102,  406,  562,  535,  375,  135,  522,  296,  662,  424,  621,  576,  217,  814,  804,  520,  214,  619,  469,  417,  649,  414,  328,  662,  787,  434,  382,  357,  256,  224,  228,  163,  602,  737,  325,  339,  427,  522,  505,  497,  454,  673,  140,  782,  466,  253,  176,  626,  566,  707,  188,   57,  778,  633,  394,   19,  198,  655,  783,  304,  547,  508,  486,  272,  509,  378,  658,  322,  570,  250,  331,  775,  407,  341,  749,  255,  588,  645,  451,  433,  672,  757,  418,  478,  439,  516,  523,  792,  814,  576,  278,  322,  271,  112,  694,  524,  386,  781,  297,  690,  523,  510,  160,  399,  531,  211,  138,  282,  193,  735,  760,  631,  287,  797,  530,  439,  794,  779,  386,  266,  603,  462],
        [  505,    0,  310,  831,  721,   58,  474,  367,  730,  795,  843,  521,  414,  202,  224,  374,  641,  435,    0,  551,  673,  195,  663,  448,  416,  845,  374,  524,  525,   32,  567,  630,  756,  332,   87,  375,  426,  294,  194,  152,  589,  389,  369,  199,  637,  187,  628,  803,  512,  623,  244,  429,  688,  579,  188,  582,  357,  324,  330,  278,  641,  303,  544,  194,  442,  627,   87,  831,  533,  455,  314,  612,  156,  394,  416,  219,  190,  378,  510,  452,  708,  235,  374,  452,  509,  228,  354,  657,  270,  743,  455,  260,  462,  393,  246,  135,  342,  242,  713,  404,   80,  452,  362,  229,  322,  216,  152,   25,  296,  520,  810,  193,  505,   94,  436,  364,  640,  401,  255,  578,  524,  344,  486,  236,  556,  348,  722,  641,  202,  866,  386,  219,  258,  605,  377,  171,  628,  300,  547,  396,  338,  364,  282,  314,  379,  356,  262,  332,  183,  540],
        [  661,    0,  542,  789,  587,  607,  104,  218,  714,  833,  831,  773,  908,  510,  327,  817,  590,  376,  551,    0,  531,  690,  677,  104,  611,  824,  379,  666,  443,  538,  913,  904,  699,  456,  621,  639,  928,  311,  662,  625,  573,  815,  855,  726,  512,  678,  844,  730,  959,   74,  606,  929, 1119,   59,  378,   60,  596,  247,  558,  427,  963,  783,  700,  587,  770,  892,  568,  841,  114,  949,  443, 1086,  669,  606,  210,  769,  558,  919,  563,  323, 1118,  785,  213,  387,  192,  689,  802,  658,  459,  881,  821,  561,  840,  183,  793,  520,  833,  324,  661,  955,  478,  700,  913,  520,  832,  687,  453,  566,  846, 1028,  723,  446,  121,  644,  842,  805, 1117,  864,  565,   98,  647,  324,  976,  461,  760,  862,  565, 1033,  488,  840,  239,  360,  766,  552,  265,  498,  447,  809, 1043,  895,  214,  874,  778,  305,  918,  890,  315,  223,  636,  120],
        [  321,    0,  877,  260,   59,  720,  582,  615,  201,  325,  305,  451,  791,  788,  561, 1045,  103,  248,  673,  531,    0,  868,  196,  509,  356,  297,  305,  309,  149,  642,  621,  547,  172,  345,  758,  423,  816,  663,  863,  818,  138, 1057, 1041,  723,   36,  859,  457,  200,  762,  537,  514,  815,  862,  588,  629,  489,  399,  460,  394,  396,  632,  976,  332,  542,  522,  532,  747,  322,  634,  818,  360,  892,  675,  372,  383,  846,  813,  893,  215,  261,  838,  850,  617,  230,  343,  897, 1025,  176,  792,  422,  586,  462,  609,  595,  879,  549,  734,  497,  142,  973,  652,  420,  956,  465,  764,  886,  698,  668,  878,  900,  193,  726,  627,  747,  639, 1034,  921,  719,  469,  445,  287,  358,  832,  771,  400, 1011,   50,  753,  770,  311,  382,  645,  718,  101,  368,  508,   85,  968,  892,  788,  515, 1028,  709,  675, 1013, 1002,  628,  497,  847,  641],
        [  685,    0,  261, 1020,  916,  153,  598,  481,  920,  978, 1030,  680,  460,  202,  376,  182,  835,  629,  195,  690,  868,    0,  852,  592,  597, 1032,  568,  705,  720,  226,  689,  773,  948,  526,  112,  548,  462,  389,   40,   66,  782,  200,  178,  265,  832,   13,  787,  995,  585,  763,  412,  466,  755,  705,  315,  731,  537,  491,  515,  472,  766,  109,  722,  365,  587,  772,  130, 1016,  645,  496,  509,  653,  264,  575,  590,  158,  153,  353,  702,  642,  785,  180,  486,  645,  684,   52,  161,  847,  282,  912,  582,  442,  583,  513,  156,  325,  408,  415,  905,  328,  232,  619,  275,  418,  369,   36,  238,  203,  246,  536, 1002,  252,  617,  140,  546,  173,  676,  479,  436,  735,  707,  533,  526,  259,  724,  173,  917,  734,  221, 1053,  564,  330,  327,  799,  558,  364,  821,  120,  572,  440,  488,  186,  358,  403,  241,  207,  376,  488,   65,  650],
        [  189,    0,  919,  169,  181,  699,  707,  711,   69,  159,  184,  293,  673,  818,  616, 1033,   98,  321,  663,  677,  196,  852,    0,  632,  264,  183,  355,  170,  235,  631,  455,  365,  111,  344,  740,  327,  698,  735,  856,  814,  106, 1050, 1014,  657,  191,  845,  272,  155,  618,  698,  452,  696,  693,  736,  675,  644,  322,  541,  338,  407,  452,  956,  176,  493,  386,  350,  747,  179,  767,  693,  366,  741,  620,  286,  493,  795,  832,  799,  156,  363,  664,  794,  714,  305,  486,  890, 1013,   22,  842,  227,  445,  413,  468,  698,  828,  529,  630,  550,   84,  890,  666,  290,  883,  435,  667,  877,  729,  651,  807,  771,  168,  764,  755,  718,  505, 1024,  769,  598,  419,  602,  157,  423,  701,  814,  233,  973,  208,  582,  804,  204,  480,  698,  636,  127,  458,  493,  261,  937,  755,  675,  606,  990,  619,  752,  954,  951,  694,  584,  846,  775],
        [  590,    0,  464,  759,  567,  504,   76,  138,  676,  790,  797,  694,  807,  419,  224,  726,  552,  316,  448,  104,  509,  592,  632,    0,  532,  791,  304,  598,  398,  434,  826,  826,  668,  373,  519,  553,  827,  225,  566,  527,  527,  726,  760,  623,  484,  580,  772,  704,  863,  176,  510,  828, 1025,  143,  278,  140,  511,  148,  471,  336,  880,  687,  632,  488,  682,  815,  468,  804,  140,  848,  357,  987,  566,  525,  140,  666,  465,  816,  502,  270, 1027,  682,  136,  329,  172,  593,  710,  614,  377,  822,  730,  467,  749,  105,  690,  418,  731,  221,  627,  851,  375,  619,  810,  424,  730,  591,  356,  463,  742,  926,  700,  353,  124,  541,  748,  714, 1019,  765,  470,  151,  581,  241,  875,  375,  687,  764,  549,  943,  397,  809,  161,  264,  663,  512,  186,  398,  428,  711,  942,  794,  110,  777,  676,  224,  817,  789,  220,  120,  540,  148],
        [   90,    0,  699,  430,  382,  445,  601,  563,  332,  381,  435,  162,  436,  592,  431,  778,  279,  251,  416,  611,  356,  597,  264,  532,    0,  438,  234,  109,  255,  385,  311,  294,  370,  161,  487,   69,  461,  558,  606,  566,  226,  796,  754,  394,  325,  592,  247,  416,  416,  658,  190,  460,  541,  666,  472,  601,   61,  400,   89,  213,  353,  699,  131,  233,  181,  283,  502,  419,  670,  463,  180,  548,  357,   23,  402,  532,  597,  545,  142,  307,  528,  531,  568,  249,  447,  639,  757,  264,  632,  335,  243,  157,  267,  562,  565,  284,  381,  372,  332,  631,  435,   90,  621,  192,  414,  625,  509,  401,  545,  546,  427,  549,  649,  460,  290,  769,  579,  364,  163,  569,  111,  291,  478,  601,  162,  710,  396,  441,  582,  459,  374,  503,  376,  259,  349,  254,  360,  676,  540,  434,  465,  727,  362,  578,  691,  688,  512,  443,  598,  679],
        [  354,    0, 1101,   41,  247,  879,  866,  881,  121,   91,   14,  422,  816, 1000,  796, 1213,  240,  491,  845,  824,  297, 1032,  183,  791,  438,    0,  532,  333,  396,  813,  558,  446,  126,  527,  921,  496,  840,  912, 1038,  996,  276, 1230, 1191,  827,  313, 1026,  358,  105,  740,  833,  627,  837,  780,  882,  856,  783,  498,  714,  517,  590,  532, 1135,  327,  670,  528,  432,  929,   48,  922,  830,  548,  850,  793,  460,  656,  968, 1014,  954,  339,  525,  742,  965,  884,  474,  633, 1071, 1192,  193, 1023,  241,  579,  591,  599,  866, 1000,  711,  782,  729,  164, 1049,  848,  445, 1046,  617,  823, 1058,  912,  832,  973,  901,  120,  946,  912,  897,  641, 1204,  875,  740,  597,  740,  327,  599,  833,  996,  360, 1147,  275,  670,  986,   22,  647,  879,  799,  281,  627,  675,  380, 1113,  879,  820,  777, 1164,  780,  928, 1123, 1122,  872,  756, 1027,  930],
        [  287,    0,  578,  507,  358,  425,  376,  360,  412,  511,  534,  394,  591,  484,  266,  743,  298,   61,  374,  379,  305,  568,  355,  304,  234,  532,    0,  295,  157,  345,  540,  526,  421,   89,  461,  267,  614,  381,  561,  516,  256,  754,  743,  464,  270,  558,  469,  465,  611,  425,  278,  615,  757,  433,  329,  369,  225,  189,  191,  104,  586,  676,  329,  283,  399,  514,  445,  534,  443,  627,   86,  743,  408,  230,  170,  566,  508,  652,  208,   95,  751,  574,  363,   78,  220,  595,  723,  341,  496,  524,  456,  222,  477,  351,  598,  262,  521,  199,  376,  718,  348,  323,  691,  199,  536,  584,  395,  372,  614,  711,  467,  424,  425,  456,  487,  732,  775,  532,  228,  339,  279,   70,  650,  472,  384,  720,  354,  665,  468,  552,  144,  349,  478,  257,  118,  222,  254,  674,  716,  583,  255,  736,  478,  398,  734,  718,  341,  233,  543,  452],
        [   21,    0,  804,  330,  320,  554,  670,  647,  235,  273,  329,  143,  505,  698,  525,  886,  214,  291,  524,  666,  309,  705,  170,  598,  109,  333,  295,    0,  254,  493,  313,  254,  280,  245,  595,  163,  530,  651,  714,  674,  171,  904,  860,  494,  285,  700,  180,  324,  458,  704,  296,  528,  554,  723,  572,  647,  169,  478,  196,  305,  332,  806,   35,  341,  221,  240,  611,  312,  737,  526,  266,  586,  461,  131,  461,  635,  705,  630,  115,  346,  532,  632,  651,  282,  487,  747,  865,  175,  735,  235,  283,  266,  306,  642,  667,  392,  461,  462,  248,  722,  541,  122,  716,  299,  498,  733,  614,  509,  641,  606,  337,  653,  719,  568,  340,  877,  615,  430,  271,  611,   24,  362,  536,  704,  101,  815,  340,  446,  688,  354,  438,  601,  468,  209,  413,  361,  338,  782,  593,  506,  544,  832,  451,  670,  791,  789,  606,  522,  706,  746],
        [  257,    0,  732,  366,  202,  574,  473,  487,  279,  393,  400,  389,  679,  640,  417,  896,  156,  102,  525,  443,  149,  720,  235,  398,  255,  396,  157,  254,    0,  495,  556,  508,  277,  201,  611,  316,  704,  525,  715,  670,  131,  909,  894,  588,  114,  711,  430,  317,  670,  468,  383,  703,  792,  501,  483,  413,  283,  323,  268,  248,  584,  828,  286,  405,  435,  494,  599,  406,  533,  710,  215,  803,  537,  265,  261,  704,  665,  766,  140,  130,  776,  710,  490,   83,  252,  749,  876,  217,  648,  443,  498,  328,  521,  471,  737,  403,  616,  352,  233,  841,  503,  337,  820,  324,  641,  738,  551,  521,  742,  794,  317,  579,  521,  601,  544,  886,  834,  611,  336,  372,  232,  214,  728,  626,  355,  866,  198,  688,  623,  414,  252,  501,  590,  115,  234,  363,  113,  822,  791,  674,  383,  883,  584,  539,  872,  860,  487,  363,  698,  541],
        [  474,    0,  333,  799,  690,   82,  465,  362,  698,  764,  812,  493,  407,  225,  213,  406,  609,  406,   32,  538,  642,  226,  631,  434,  385,  813,  345,  493,  495,    0,  545,  605,  725,  300,  117,  346,  421,  295,  226,  183,  558,  421,  400,  198,  606,  218,  600,  771,  499,  609,  216,  424,  675,  568,  186,  566,  327,  304,  299,  247,  618,  334,  514,  166,  417,  601,  118,  800,  526,  449,  283,  604,  149,  363,  394,  238,  217,  385,  479,  425,  693,  252,  369,  422,  487,  260,  385,  625,  288,  713,  433,  229,  441,  385,  267,  103,  334,  222,  681,  418,   84,  423,  379,  197,  318,  248,  164,   30,  309,  518,  778,  207,  498,  116,  418,  396,  633,  389,  224,  560,  492,  317,  479,  253,  527,  376,  691,  624,  222,  834,  364,  220,  252,  574,  353,  139,  598,  329,  542,  390,  325,  392,  274,  316,  401,  381,  259,  316,  215,  533],
        [  304,    0,  876,  573,  626,  565,  890,  831,  505,  470,  548,  171,  300,  768,  679,  848,  523,  562,  567,  913,  621,  689,  455,  826,  311,  558,  540,  313,  556,  545,    0,  121,  559,  457,  601,  275,  319,  801,  714,  687,  483,  873,  796,  426,  598,  689,  201,  594,  190,  964,  345,  315,  241,  965,  698,  908,  318,  684,  356,  491,   77,  764,  290,  389,  146,  131,  646,  518,  960,  298,  471,  293,  430,  311,  705,  561,  754,  461,  421,  618,  220,  548,  837,  560,  756,  739,  829,  468,  831,  333,  113,  369,  108,  838,  587,  472,  304,  635,  538,  561,  622,  222,  578,  417,  351,  723,  705,  544,  522,  355,  611,  748,  936,  558,  145,  843,  318,  237,  368,  877,  336,  590,  292,  796,  224,  734,  649,  133,  767,  575,  675,  733,  368,  522,  649,  466,  649,  720,  327,  312,  743,  750,  338,  823,  673,  686,  757,  724,  718,  968],
        [  253,    0,  937,  465,  544,  638,  895,  851,  406,  357,  435,  133,  416,  828,  708,  940,  445,  535,  630,  904,  547,  773,  365,  826,  294,  446,  526,  254,  508,  605,  121,    0,  461,  454,  676,  284,  436,  834,  794,  763,  414,  964,  894,  516,  529,  772,   94,  491,  311,  948,  392,  433,  336,  959,  737,  891,  323,  692,  364,  500,   89,  856,  223,  441,  189,   16,  714,  404,  964,  417,  471,  408,  510,  303,  695,  658,  820,  575,  369,  592,  302,  646,  856,  530,  733,  822,  921,  381,  884,  214,  197,  399,  204,  853,  685,  519,  411,  655,  447,  675,  675,  210,  688,  447,  458,  806,  757,  609,  628,  476,  509,  800,  943,  637,  249,  935,  431,  349,  401,  857,  277,  585,  412,  850,  154,  835,  569,  226,  824,  461,  668,  771,  464,  452,  642,  504,  588,  817,  448,  427,  755,  851,  436,  855,  781,  791,  788,  734,  795,  972],
        [  299,    0,  997,   91,  126,  796,  743,  763,   55,  163,  134,  401,  784,  899,  686, 1129,  123,  375,  756,  699,  172,  948,  111,  668,  370,  126,  421,  280,  277,  725,  559,  461,    0,  429,  836,  435,  808,  799,  950,  907,  169, 1145, 1113,  764,  188,  941,  367,   47,  727,  708,  556,  807,  794,  757,  749,  658,  427,  598,  439,  490,  549, 1054,  286,  594,  496,  446,  838,  151,  798,  803,  449,  848,  724,  392,  535,  899,  917,  909,  247,  405,  762,  899,  765,  357,  508,  984, 1109,  107,  916,  289,  555,  513,  577,  746,  932,  624,  740,  620,   45,  999,  752,  401,  991,  531,  777,  971,  810,  746,  915,  881,   58,  842,  789,  817,  615, 1120,  875,  708,  520,  614,  266,  485,  811,  891,  340, 1075,  155,  683,  884,  142,  528,  770,  744,  165,  510,  586,  255, 1037,  864,  785,  660, 1092,  728,  814, 1060, 1056,  760,  639,  938,  806],
        [  232,    0,  575,  508,  391,  376,  441,  405,  408,  492,  528,  322,  505,  474,  282,  705,  311,  135,  332,  456,  345,  526,  344,  373,  161,  527,   89,  245,  201,  300,  457,  454,  429,    0,  415,  183,  528,  407,  524,  481,  260,  719,  697,  390,  309,  518,  406,  475,  523,  508,  194,  529,  671,  509,  334,  452,  140,  240,  104,   64,  508,  633,  276,  206,  315,  443,  411,  521,  510,  540,   22,  655,  337,  152,  248,  503,  489,  574,  189,  181,  666,  509,  409,  145,  307,  559,  685,  335,  500,  480,  369,  137,  390,  402,  536,  204,  436,  218,  385,  644,  323,  246,  621,  124,  454,  547,  385,  324,  543,  624,  481,  421,  489,  402,  399,  695,  687,  444,  144,  424,  233,  133,  562,  471,  321,  667,  393,  580,  460,  548,  218,  360,  398,  274,  192,  164,  311,  624,  629,  497,  305,  683,  396,  426,  672,  659,  363,  283,  511,  519],
        [  575,    0,  291,  909,  806,   42,  537,  425,  808,  868,  919,  577,  405,  197,  296,  293,  723,  522,   87,  621,  758,  112,  740,  519,  487,  921,  461,  595,  611,  117,  601,  676,  836,  415,    0,  440,  412,  342,  121,   87,  671,  310,  283,  191,  722,  105,  684,  883,  518,  694,  304,  416,  693,  644,  247,  656,  427,  404,  404,  363,  676,  219,  613,  256,  488,  674,   66,  905,  592,  444,  399,  604,  171,  465,  498,  152,  164,  336,  590,  539,  718,  172,  431,  538,  592,  153,  273,  735,  277,  806,  490,  331,  494,  454,  173,  213,  341,  323,  793,  343,  145,  512,  296,  306,  310,  138,  186,   91,  240,  499,  891,  217,  564,   46,  462,  284,  630,  408,  325,  655,  596,  431,  475,  245,  617,  262,  807,  659,  206,  942,  470,  271,  256,  688,  462,  252,  714,  214,  530,  386,  411,  277,  284,  360,  299,  274,  317,  407,  119,  598],
        [  143,    0,  671,  491,  450,  398,  618,  567,  395,  433,  492,  157,  369,  562,  424,  727,  347,  296,  375,  639,  423,  548,  327,  553,   69,  496,  267,  163,  316,  346,  275,  284,  435,  183,  440,    0,  394,  550,  560,  522,  294,  747,  698,  332,  392,  543,  259,  481,  356,  690,  136,  393,  492,  691,  457,  634,   43,  413,   82,  219,  328,  646,  175,  184,  133,  276,  462,  474,  688,  397,  196,  489,  298,   52,  431,  472,  562,  477,  210,  351,  485,  470,  573,  298,  486,  591,  707,  329,  609,  368,  190,  121,  213,  571,  505,  248,  313,  371,  398,  565,  405,   80,  556,  166,  346,  577,  484,  357,  481,  480,  493,  525,  665,  409,  229,  719,  521,  297,  124,  605,  171,  315,  413,  577,  182,  652,  464,  398,  555,  517,  400,  489,  309,  327,  375,  226,  424,  620,  476,  366,  474,  669,  294,  571,  628,  626,  505,  454,  554,  696],
        [  512,    0,  701,  846,  841,  393,  871,  778,  761,  759,  832,  418,   26,  608,  622,  585,  736,  662,  426,  928,  816,  462,  698,  827,  461,  840,  614,  530,  704,  421,  319,  436,  808,  528,  412,  394,    0,  716,  497,  486,  685,  612,  519,  228,  784,  466,  498,  851,  145,  993,  338,    5,  296,  968,  607,  943,  422,  681,  438,  523,  386,  506,  523,  344,  314,  444,  475,  806,  937,   35,  529,  192,  273,  445,  743,  307,  575,  149,  602,  708,  333,  287,  785,  669,  822,  512,  569,  705,  686,  638,  261,  393,  243,  798,  322,  409,   96,  607,  777,  246,  503,  408,  273,  422,  105,  496,  577,  403,  237,  100,  865,  616,  909,  367,  200,  583,  218,  101,  387,  925,  546,  633,   64,  653,  480,  451,  856,  301,  615,  859,  710,  640,  170,  719,  689,  431,  814,  452,  121,   33,  722,  464,  152,  737,  372,  393,  679,  708,  511,  944],
        [  637,    0,  240,  887,  720,  340,  213,   95,  792,  890,  915,  706,  702,  200,  128,  506,  676,  424,  294,  311,  663,  389,  735,  225,  558,  912,  381,  651,  525,  295,  801,  834,  799,  407,  342,  550,  716,    0,  358,  324,  637,  504,  546,  492,  631,  377,  802,  841,  787,  383,  457,  719,  961,  318,  110,  360,  514,  203,  475,  347,  867,  475,  681,  417,  660,  826,  280,  914,  256,  744,  385,  897,  443,  542,  291,  493,  249,  670,  585,  403,  973,  513,  100,  442,  369,  382,  491,  722,  153,  886,  692,  436,  706,  129,  512,  334,  628,  189,  754,  685,  215,  628,  637,  388,  613,  382,  158,  316,  580,  812,  841,  139,  228,  375,  691,  494,  927,  678,  436,  376,  640,  314,  774,  151,  719,  560,  709,  898,  178,  932,  283,   76,  547,  635,  295,  336,  591,  506,  837,  685,  153,  571,  568,   22,  626,  594,   46,  169,  331,  261],
        [  694,    0,  221, 1024,  913,  162,  568,  450,  924,  986, 1036,  697,  493,  166,  355,  182,  834,  621,  194,  662,  863,   40,  856,  566,  606, 1038,  561,  714,  715,  226,  714,  794,  950,  524,  121,  560,  497,  358,    0,   45,  783,  195,  196,  293,  827,   32,  804,  997,  617,  735,  424,  500,  788,  675,  290,  705,  546,  472,  522,  468,  790,  123,  732,  376,  607,  792,  117, 1023,  613,  530,  506,  688,  285,  584,  572,  195,  115,  392,  704,  631,  817,  218,  456,  638,  665,   35,  163,  850,  245,  926,  605,  449,  607,  483,  195,  328,  438,  398,  906,  368,  217,  632,  315,  422,  401,   26,  211,  206,  284,  572, 1003,  220,  585,  158,  572,  172,  712,  509,  444,  711,  715,  522,  560,  222,  738,  203,  912,  764,  186, 1059,  547,  303,  357,  798,  543,  365,  814,  149,  609,  474,  464,  214,  387,  370,  278,  242,  348,  465,   28,  618],
        [  655,    0,  218,  982,  868,  126,  532,  415,  881,  946,  994,  662,  481,  143,  313,  227,  791,  576,  152,  625,  818,   66,  814,  527,  566,  996,  516,  674,  670,  183,  687,  763,  907,  481,   87,  522,  486,  324,   45,    0,  740,  239,  238,  272,  783,   54,  769,  954,  599,  698,  387,  489,  773,  640,  250,  666,  506,  429,  481,  424,  763,  166,  693,  338,  575,  760,   72,  982,  580,  519,  462,  678,  257,  544,  528,  196,   97,  392,  661,  586,  800,  219,  421,  593,  622,   79,  207,  808,  225,  889,  577,  409,  580,  447,  204,  286,  421,  354,  863,  380,  173,  596,  328,  380,  387,   70,  172,  166,  288,  567,  960,  187,  552,  130,  547,  217,  703,  490,  404,  670,  674,  477,  550,  198,  701,  238,  868,  743,  159, 1017,  503,  265,  337,  754,  499,  322,  769,  185,  601,  461,  423,  251,  366,  339,  303,  271,  311,  424,   33,  585],
