{
    "name": "random-68-28050",
    "comment": "size=68 seed=28050",
    "nodes": ["+0", "-0", "+1", "-1", "+2", "-2", "+3", "-3", "+4", "-4", "+5", "-5", "+6", "-6", "+7", "-7", "+8", "-8", "+9", "-9", "+10", "-10", "+11", "-11", "+12", "-12", "+13", "-13", "+14", "-14", "+15", "-15", "+16", "-16", "+17", "-17", "+18", "-18", "+19", "-19", "+20", "-20", "+21", "-21", "+22", "-22", "+23", "-23", "+24", "-24", "+25", "-25", "+26", "-26", "+27", "-27", "+28", "-28", "+29", "-29", "+30", "-30", "+31", "-31", "+32", "-32", "+33", "-33", "+34", "-34", "+35", "-35", "+36", "-36", "+37", "-37", "+38", "-38", "+39", "-39", "+40", "-40", "+41", "-41", "+42", "-42", "+43", "-43", "+44", "-44", "+45", "-45", "+46", "-46", "+47", "-47", "+48", "-48", "+49", "-49", "+50", "-50", "+51", "-51", "+52", "-52", "+53", "-53", "+54", "-54", "+55", "-55", "+56", "-56", "+57", "-57", "+58", "-58", "+59", "-59", "+60", "-60", "+61", "-61", "+62", "-62", "+63", "-63", "+64", "-64", "+65", "-65", "+66", "-66", "+67", "-67", "+68", "-68"],
    "precedence": {
        "+0": "-0",
        "+1": "-1",
        "+2": "-2",
        "+3": "-3",
        "+4": "-4",
        "+5": "-5",
        "+6": "-6",
        "+7": "-7",
        "+8": "-8",
        "+9": "-9",
        "+10": "-10",
        "+11": "-11",
        "+12": "-12",
        "+13": "-13",
        "+14": "-14",
        "+15": "-15",
        "+16": "-16",
        "+17": "-17",
        "+18": "-18",
        "+19": "-19",
        "+20": "-20",
        "+21": "-21",
        "+22": "-22",
        "+23": "-23",
        "+24": "-24",
        "+25": "-25",
        "+26": "-26",
        "+27": "-27",
        "+28": "-28",
        "+29": "-29",
        "+30": "-30",
        "+31": "-31",
        "+32": "-32",
        "+33": "-33",
        "+34": "-34",
        "+35": "-35",
        "+36": "-36",
        "+37": "-37",
        "+38": "-38",
        "+39": "-39",
        "+40": "-40",
        "+41": "-41",
        "+42": "-42",
        "+43": "-43",
        "+44": "-44",
        "+45": "-45",
        "+46": "-46",
        "+47": "-47",
        "+48": "-48",
        "+49": "-49",
        "+50": "-50",
        "+51": "-51",
        "+52": "-52",
        "+53": "-53",
        "+54": "-54",
        "+55": "-55",
        "+56": "-56",
        "+57": "-57",
        "+58": "-58",
        "+59": "-59",
        "+60": "-60",
        "+61": "-61",
        "+62": "-62",
        "+63": "-63",
        "+64": "-64",
        "+65": "-65",
        "+66": "-66",
        "+67": "-67",
        "+68": "-68"
    },
    "edges": [
        [    0,    0,  483,  461,  298,  575,  511,  660,  393,  577,  573,  407,  408,   44,  279,  581,  571,  619,  850,  518,  393,  873,   26,  167,  516,  272,  527,  697,  340,  316,  141,  207,  154,  656,  203,   93,  116,  455,  281,   21,  191,  249,  792,  298,  629,  542,  465,   32,  739,  674,  389,  562,  368,  752,  249,  442,  271,  504,  655,  674,  507,  408,  213,  172,  262,  393,  117,  307,  535,  197,   71,  103,  544,  448,  591,  602,  292,  131,  537,  366,  553,  293,  307,  753,  695,  688,  307,  380,  325,  216,  421,  294,  381,  463,  501,  529,  285,  354,  560,  778,  619,  377,  371,  664,  455,  441,  611,  691,  435,  578,  614,  584,  346,  357,  663,   89,  363,  509,  162,  561,   74,  751,  315,  609,  463,  579,  420,  282,  410,  482,  433,  645,  156,  847,  614,  572,  469,  580],
        [    0,    0,    0,    0,    0,    0,    0,    0,    0,    0,    0,    0,    0,    0,    0,    0,    0,    0,    0,    0,    0,    0,    0,    0,    0,    0,    0,    0,    0,    0,    0,    0,    0,    0,    0,    0,    0,    0,    0,    0,    0,    0,    0,    0,    0,    0,    0,    0,    0,    0,    0,    0,    0,    0,    0,    0,    0,    0,    0,    0,    0,    0,    0,    0,    0,    0,    0,    0,    0,    0,    0,    0,    0,    0,    0,    0,    0,    0,    0,    0,    0,    0,    0,    0,    0,    0,    0,    0,    0,    0,    0,    0,    0,    0,    0,    0,    0,    0,    0,    0,    0,    0,    0,    0,    0,    0,    0,    0,    0,    0,    0,    0,    0,    0,    0,    0,    0,    0,    0,    0,    0,    0,    0,    0,    0,    0,    0,    0,    0,    0,    0,    0,    0,    0,    0,    0,    0,    0],
        [  483,    0,    0,  361,  521,  577,  462,  421,  160,  623,   97,  726,  882,  470,  222,  476,  722,  160,  381,  159,  455,  402,  501,  323,  554,  511,  259,  394,  789,  695,  345,  679,  604,  489,  334,  392,  597,  292,  502,  496,  574,  501,  359,  750,  351,  436,  238,  473,  314,  459,  864,  493,  539,  306,  518,  300,  230,   60,  177,  564,  309,  397,  310,  587,  627,  248,  562,  593,   62,  302,  438,  431,  317,  517,  626,  569,  455,  353,  731,  834,  138,  664,  204,  271,  250,  609,  334,  319,  645,  271,  671,  770,  256,  614,  523,  611,  389,  530,  281,  296,  204,  853,  200,  293,  266,  194,  513,  221,  236,  583,  136,  489,  796,  423,  390,  542,  317,  214,  643,   88,  533,  277,  174,  272,  503,  117,   64,  219,  603,   72,  402,  323,  637,  367,  597,   99,  681,  176],
        [  461,    0,  361,    0,  677,  853,  747,  768,  447,  884,  438,  846,  753,  481,  267,  785,  940,  368,  688,  512,  686,  700,  486,  332,  198,  286,  598,  751,  627,  770,  355,  577,  491,  198,  265,  389,  542,  595,  656,  482,  416,  293,  703,  755,  702,  741,  557,  476,  665,  802,  738,  790,  248,  646,  309,   62,  397,  321,  434,  237,   86,  652,  266,  448,  431,  126,  463,  353,  416,  412,  470,  488,  119,  755,  892,  859,  219,  368,  927,  697,  291,  458,  408,  544,  390,  270,  155,   86,  759,  373,  830,  661,  526,  286,  166,  854,  186,  715,  165,  555,  312,  730,  469,  654,  575,  168,  823,  431,  125,  858,  405,  796,  633,  141,  743,  550,  567,  178,  575,  369,  535,  485,  361,  629,  753,  357,  349,  267,  300,  296,  668,  681,  570,  638,  883,  444,  863,  537],
        [  298,    0,  521,  677,    0,  298,  272,  476,  368,  287,  580,  206,  597,  255,  420,  347,  277,  680,  805,  462,  145,  831,  284,  349,  783,  560,  410,  540,  584,  208,  330,  442,  430,  871,  423,  312,  347,  317,   22,  284,  487,  538,  711,  329,  476,  322,  362,  266,  658,  473,  580,  317,  653,  690,  541,  636,  311,  570,  689,  910,  692,  201,  415,  463,  556,  571,  403,  604,  547,  268,  241,  211,  723,  171,  302,  332,  565,  318,  252,  577,  642,  584,  324,  756,  770,  935,  532,  592,  134,  309,  157,  497,  288,  750,  762,  236,  535,   60,  719,  786,  714,  568,  328,  559,  335,  588,  367,  739,  603,  300,  652,  344,  589,  612,  496,  247,  229,  652,  377,  608,  257,  791,  367,  499,  195,  637,  465,  421,  701,  560,  222,  513,  375,  834,  337,  575,  187,  524],
        [  575,    0,  577,  853,  298,    0,  115,  289,  427,   61,  588,  398,  891,  532,  589,  133,  207,  720,  717,  444,  186,  742,  567,  566,  999,  813,  345,  373,  881,  467,  558,  738,  719, 1029,  640,  560,  641,  285,  306,  566,  765,  791,  597,  608,  333,  154,  342,  544,  555,  263,  875,   98,  896,  601,  799,  800,  458,  636,  700, 1087,  840,  202,  623,  746,  836,  730,  688,  870,  569,  464,  509,  476,  861,  129,   56,   43,  801,  549,  254,  874,  714,  867,  446,  724,  807, 1122,  733,  775,  382,  494,  300,  794,  333,  994,  974,   97,  755,  239,  840,  754,  778,  863,  394,  452,  312,  719,  120,  756,  748,    7,  675,  120,  886,  828,  329,  540,  287,  768,  674,  648,  548,  790,  493,  405,  113,  681,  543,  588,  952,  640,  186,  387,  671,  774,   40,  581,  257,  484],
        [  511,    0,  462,  747,  272,  115,    0,  219,  314,  166,  475,  426,  863,  470,  486,   76,  294,  605,  621,  331,  129,  647,  508,  476,  901,  729,  235,  297,  835,  470,  471,  692,  662,  920,  547,  481,  592,  170,  272,  506,  697,  709,  506,  599,  244,   58,  228,  481,  460,  207,  845,   52,  807,  503,  718,  692,  356,  521,  587,  980,  730,  107,  529,  682,  768,  623,  627,  792,  455,  373,  442,  409,  750,  120,  167,  113,  710,  464,  326,  838,  600,  801,  340,  617,  693, 1016,  634,  671,  387,  398,  333,  758,  223,  904,  874,  172,  661,  224,  728,  647,  664,  833,  282,  355,  197,  608,  101,  643,  639,  121,  561,   75,  840,  731,  250,  492,  183,  656,  630,  534,  498,  679,  386,  303,   90,  567,  430,  485,  866,  526,   84,  294,  626,  672,  138,  468,  307,  374],
        [  660,    0,  421,  768,  476,  289,  219,    0,  331,  350,  388,  644, 1044,  623,  541,  159,  494,  524,  439,  263,  332,  464,  663,  575,  948,  828,  170,   86,  998,  680,  580,  859,  813,  910,  633,  605,  759,  208,  470,  660,  829,  810,  316,  802,   74,  161,  221,  633,  280,   41, 1026,  197,  889,  329,  823,  708,  432,  477,  484,  984,  727,  277,  610,  823,  898,  644,  774,  902,  386,  482,  591,  562,  737,  338,  342,  254,  793,  578,  536, 1013,  547,  934,  401,  476,  600, 1027,  692,  707,  599,  490,  551,  935,  288,  980,  918,  376,  733,  436,  701,  503,  596, 1013,  324,  186,  216,  607,  172,  538,  646,  294,  471,  170, 1004,  792,   45,  664,  298,  634,  801,  464,  666,  557,  433,  163,  308,  495,  420,  539,  953,  493,  255,  121,  796,  506,  282,  380,  523,  266],
        [  393,    0,  160,  447,  368,  427,  314,  331,    0,  470,  213,  574,  800,  369,  212,  342,  563,  317,  465,  125,  296,  490,  406,  264,  620,  506,  163,  336,  726,  554,  277,  600,  536,  609,  310,  315,  507,  151,  350,  401,  530,  490,  400,  627,  274,  298,  112,  375,  346,  361,  782,  351,  561,  361,  504,  388,  124,  216,  322,  673,  420,  239,  286,  532,  594,  321,  494,  583,  179,  197,  334,  317,  438,  359,  474,  425,  465,  279,  571,  759,  294,  630,   88,  393,  408,  713,  361,  379,  497,  184,  514,  687,   98,  650,  590,  454,  404,  372,  414,  422,  363,  770,   42,  276,  129,  297,  379,  372,  331,  433,  285,  353,  732,  462,  314,  433,  158,  342,  553,  244,  428,  423,  105,  227,  346,  275,  117,  209,  625,  215,  246,  271,  547,  478,  452,  209,  522,  188],
        [  577,    0,  623,  884,  287,   61,  166,  350,  470,    0,  641,  357,  871,  534,  619,  194,  148,  770,  777,  497,  202,  802,  566,  585, 1023,  825,  400,  434,  869,  435,  574,  727,  715, 1065,  660,  571,  633,  334,  299,  566,  768,  803,  658,  580,  394,  212,  392,  545,  615,  323,  855,  157,  912,  661,  810,  833,  488,  682,  753, 1120,  876,  235,  645,  746,  838,  763,  687,  878,  620,  485,  514,  481,  899,  134,   17,   99,  818,  565,  198,  857,  761,  868,  480,  781,  858, 1152,  758,  804,  352,  518,  260,  778,  374, 1010,  998,   55,  776,  227,  881,  811,  826,  843,  434,  512,  361,  757,  180,  809,  784,   56,  726,  181,  873,  851,  390,  533,  322,  809,  663,  698,  543,  845,  528,  464,  131,  731,  586,  618,  966,  684,  224,  447,  660,  833,   79,  634,  211,  539],
        [  573,    0,   97,  438,  580,  588,  475,  388,  213,  641,    0,  786,  976,  557,  319,  474,  754,  137,  285,  145,  494,  305,  590,  417,  635,  607,  247,  343,  884,  765,  438,  773,  698,  541,  431,  484,  688,  309,  562,  585,  671,  597,  267,  831,  315,  439,  250,  561,  228,  428,  957,  497,  631,  213,  614,  379,  311,  119,  114,  622,  375,  429,  407,  683,  724,  334,  657,  689,   39,  386,  525,  514,  374,  549,  641,  574,  549,  445,  769,  929,  167,  761,  280,  183,  220,  670,  427,  406,  709,  358,  722,  863,  297,  703,  603,  637,  484,  580,  330,  211,  208,  946,  253,  230,  282,  273,  508,  169,  316,  595,   87,  488,  891,  514,  351,  627,  360,  273,  734,   79,  620,  213,  260,  227,  531,  108,  155,  315,  695,  145,  429,  276,  728,  275,  603,    8,  726,  123],
        [  407,    0,  726,  846,  206,  398,  426,  644,  574,  357,  786,    0,  554,  375,  605,  495,  253,  885, 1006,  666,  322, 1032,  385,  515,  922,  676,  607,  718,  589,  112,  492,  463,  489, 1043,  582,  460,  396,  514,  225,  388,  569,  654,  906,  251,  658,  483,  563,  383,  855,  632,  541,  458,  774,  889,  652,  813,  509,  772,  895, 1072,  873,  389,  580,  536,  629,  751,  479,  699,  753,  454,  379,  359,  906,  307,  373,  440,  699,  479,  194,  555,  844,  648,  526,  961,  974, 1090,  693,  761,   88,  496,   98,  483,  493,  866,  906,  305,  684,  217,  908,  991,  916,  530,  534,  753,  534,  777,  502,  945,  787,  397,  858,  488,  592,  759,  672,  324,  432,  844,  405,  813,  340,  996,  567,  694,  337,  842,  668,  606,  811,  762,  404,  701,  405, 1037,  431,  781,  149,  727],
        [  408,    0,  882,  753,  597,  891,  863, 1044,  800,  871,  976,  554,    0,  434,  665,  937,  800, 1005, 1256,  925,  734, 1278,  395,  560,  699,  470,  927, 1091,  137,  449,  538,  203,  282,  917,  562,  493,  294,  847,  593,  400,  340,  461, 1199,  303, 1023,  906,  866,  426, 1146, 1051,   19,  911,  539, 1159,  445,  761,  678,  895, 1050,  897,  825,  772,  582,  313,  328,  738,  322,  420,  938,  604,  468,  491,  863,  767,  887,  928,  535,  531,  745,   58,  932,  311,  714, 1152, 1072,  888,  626,  695,  524,  622,  631,  114,  780,  585,  704,  816,  576,  653,  896, 1176,  991,   31,  777, 1068,  852,  801,  961, 1079,  781,  893, 1008,  937,  132,  615, 1053,  382,  750,  863,  249,  956,  382, 1140,  720, 1012,  791,  969,  822,  669,  528,  871,  797, 1044,  254, 1249,  930,  975,  689,  988],
        [   44,    0,  470,  481,  255,  532,  470,  623,  369,  534,  557,  375,  434,    0,  277,  540,  530,  612,  830,  493,  350,  854,   40,  167,  548,  310,  495,  663,  375,  290,  140,  238,  193,  677,  217,   96,  140,  420,  239,   37,  234,  287,  767,  292,  595,  502,  433,   12,  714,  636,  415,  521,  405,  729,  289,  456,  250,  496,  645,  700,  520,  367,  223,  215,  305,  404,  158,  349,  519,  174,   35,   62,  557,  405,  548,  560,  325,  128,  497,  395,  549,  336,  284,  739,  691,  716,  326,  398,  291,  200,  382,  321,  348,  501,  532,  486,  311,  312,  569,  765,  618,  403,  344,  635,  422,  446,  570,  683,  444,  536,  603,  543,  381,  386,  628,   76,  326,  515,  185,  551,   65,  742,  298,  579,  421,  571,  406,  280,  449,  475,  392,  613,  180,  832,  571,  555,  429,  556],
        [  279,    0,  222,  267,  420,  589,  486,  541,  212,  619,  319,  605,  665,  277,    0,  531,  676,  343,  603,  316,  420,  623,  300,  113,  417,  301,  374,  545,  567,  546,  138,  464,  385,  455,  113,  187,  389,  348,  399,  295,  353,  288,  570,  568,  485,  487,  321,  277,  521,  570,  647,  532,  350,  521,  304,  219,  132,  231,  385,  503,  272,  388,   89,  365,  407,  152,  344,  382,  282,  153,  252,  258,  303,  489,  627,  598,  256,  150,  666,  616,  275,  444,  149,  489,  417,  534,  152,  186,  518,  111,  576,  555,  272,  439,  389,  588,  193,  453,  304,  512,  342,  636,  221,  472,  331,  175,  569,  415,  183,  595,  343,  541,  575,  253,  525,  352,  304,  243,  433,  291,  341,  477,  109,  431,  488,  305,  168,    4,  414,  207,  405,  479,  427,  586,  621,  320,  604,  365],
        [  581,    0,  476,  785,  347,  133,   76,  159,  342,  194,  474,  495,  937,  540,  531,    0,  337,  608,  585,  331,  204,  610,  578,  533,  948,  789,  227,  242,  908,  543,  531,  765,  732,  950,  602,  544,  665,  191,  347,  576,  764,  769,  465,  674,  201,   45,  240,  551,  423,  139,  920,   39,  863,  470,  779,  728,  404,  536,  582, 1014,  761,  174,  582,  751,  834,  660,  697,  854,  460,  431,  511,  479,  778,  190,  187,  105,  766,  525,  378,  912,  613,  868,  383,  598,  693, 1053,  682,  713,  460,  452,  399,  833,  260,  959,  920,  218,  713,  298,  751,  627,  672,  907,  316,  320,  215,  638,   38,  638,  672,  139,  561,   15,  913,  781,  197,  565,  236,  680,  703,  540,  570,  668,  426,  276,  160,  573,  453,  529,  923,  544,  149,  255,  700,  643,  135,  466,  368,  362],
        [  571,    0,  722,  940,  277,  207,  294,  494,  563,  148,  754,  253,  800,  530,  676,  337,    0,  876,  914,  613,  269,  940,  555,  619, 1057,  837,  525,  578,  821,  352,  603,  685,  690, 1130,  695,  589,  601,  446,  296,  556,  756,  814,  798,  499,  533,  347,  505,  540,  753,  470,  787,  298,  929,  796,  817,  895,  552,  779,  867, 1176,  945,  326,  684,  729,  823,  826,  669,  877,  729,  529,  518,  487,  972,  206,  159,  246,  841,  592,   62,  795,  857,  849,  553,  907,  966, 1204,  801,  856,  281,  567,  171,  720,  467, 1027, 1036,  123,  809,  229,  960,  937,  926,  775,  524,  648,  473,  831,  326,  922,  853,  203,  837,  324,  824,  886,  533,  508,  406,  890,  621,  803,  521,  963,  601,  597,  223,  835,  677,  676,  977,  777,  325,  585,  620,  965,  225,  747,  113,  663],
        [  619,    0,  160,  368,  680,  720,  605,  524,  317,  770,  137,  885, 1005,  612,  343,  608,  876,    0,  321,  278,  611,  333,  639,  453,  563,  591,  382,  474,  900,  851,  478,  805,  724,  430,  444,  527,  731,  437,  661,  634,  680,  586,  353,  899,  451,  572,  378,  614,  328,  564,  987,  631,  594,  296,  604,  316,  384,  117,   68,  516,  291,  550,  423,  699,  723,  294,  684,  672,  151,  452,  582,  579,  278,  671,  771,  708,  526,  488,  887,  954,   81,  758,  361,  176,   91,  567,  405,  362,  804,  417,  830,  896,  411,  651,  532,  762,  464,  689,  227,  189,   78,  977,  358,  357,  409,  224,  643,   74,  261,  726,   54,  622,  907,  473,  485,  686,  474,  191,  775,   74,  676,  136,  326,  361,  655,   44,  218,  339,  654,  137,  553,  409,  769,  272,  736,  145,  839,  258],
        [  850,    0,  381,  688,  805,  717,  621,  439,  465,  777,  285, 1006, 1256,  830,  603,  585,  914,  321,    0,  348,  688,   27,  865,  699,  883,  887,  401,  357, 1168, 1006,  719, 1053,  980,  737,  715,  764,  965,  493,  791,  860,  955,  879,  126, 1090,  384,  567,  443,  836,  162,  476, 1237,  620,  903,  118,  896,  633,  581,  388,  254,  825,  611,  620,  691,  966, 1008,  602,  939,  970,  321,  657,  796,  781,  596,  725,  771,  688,  827,  725,  945, 1210,  397, 1044,  547,  149,  330,  877,  705,  673,  939,  634,  927, 1143,  521,  967,  852,  791,  762,  789,  544,  149,  388, 1226,  498,  266,  472,  534,  607,  269,  575,  723,  285,  598, 1175,  784,  395,  897,  577,  510, 1011,  329,  891,  235,  536,  319,  700,  333,  438,  599,  966,  416,  609,  330, 1006,   89,  717,  284,  916,  284],
        [  518,    0,  159,  512,  462,  444,  331,  263,  125,  497,  145,  666,  925,  493,  316,  331,  613,  278,  348,    0,  360,  373,  530,  385,  699,  617,  105,  240,  850,  659,  400,  725,  660,  648,  424,  439,  631,  168,  447,  526,  651,  602,  275,  743,  193,  295,  110,  500,  222,  300,  906,  353,  662,  239,  617,  451,  249,  216,  257,  722,  467,  293,  399,  655,  713,  391,  618,  696,  130,  321,  458,  440,  475,  411,  497,  430,  570,  403,  633,  883,  288,  750,  213,  298,  364,  767,  457,  458,  595,  308,  595,  811,  175,  746,  668,  495,  506,  454,  440,  329,  344,  894,  152,  157,  142,  347,  365,  312,  388,  451,  231,  344,  857,  554,  233,  555,  235,  372,  677,  210,  551,  350,  219,  119,  390,  243,  166,  313,  727,  231,  290,  170,  672,  372,  459,  137,  593,   65],
        [  393,    0,  455,  686,  145,  186,  129,  332,  296,  202,  494,  322,  734,  350,  420,  204,  269,  611,  688,  360,    0,  714,  386,  384,  821,  628,  287,  400,  709,  349,  374,  566,  540,  870,  459,  375,  467,  197,  144,  385,  582,  607,  585,  473,  337,  177,  252,  361,  534,  328,  717,  177,  712,  570,  614,  636,  290,  511,  607,  922,  683,   69,  444,  564,  653,  567,  507,  685,  466,  284,  325,  292,  708,   70,  212,  210,  618,  365,  277,  710,  588,  685,  287,  658,  701,  953,  557,  604,  269,  317,  240,  630,  200,  811,  797,  169,  575,  107,  694,  688,  658,  704,  256,  431,  220,  566,  227,  661,  590,  190,  574,  203,  715,  649,  355,  366,  138,  623,  503,  537,  373,  706,  335,  373,   74,  569,  408,  419,  768,  508,   82,  379,  500,  726,  223,  488,  234,  416],
        [  873,    0,  402,  700,  831,  742,  647,  464,  490,  802,  305, 1032, 1278,  854,  623,  610,  940,  333,   27,  373,  714,    0,  889,  721,  895,  906,  427,  381, 1189, 1031,  741, 1076, 1002,  743,  735,  786,  988,  519,  817,  884,  975,  898,  150, 1115,  410,  593,  469,  859,  187,  500, 1260,  646,  920,  145,  915,  647,  605,  406,  267,  832,  622,  646,  711,  987, 1028,  618,  961,  988,  343,  681,  820,  806,  606,  751,  797,  713,  845,  748,  971, 1232,  411, 1064,  571,  158,  335,  884,  722,  688,  965,  657,  953, 1165,  547,  982,  864,  817,  780,  816,  554,  154,  397, 1248,  523,  292,  498,  550,  632,  277,  590,  748,  300,  624, 1196,  800,  420,  921,  603,  523, 1034,  346,  915,  238,  559,  345,  726,  348,  459,  620,  982,  434,  635,  356, 1029,   82,  742,  305,  942,  309],
        [   26,    0,  501,  486,  284,  567,  508,  663,  406,  566,  590,  385,  395,   40,  300,  578,  555,  639,  865,  530,  386,  889,    0,  188,  539,  292,  535,  703,  335,  292,  162,  198,  154,  681,  228,  114,  102,  459,  269,    6,  203,  270,  805,  274,  635,  541,  473,   31,  752,  676,  377,  559,  390,  766,  269,  467,  285,  524,  675,  699,  532,  405,  237,  180,  272,  418,  122,  324,  552,  210,   74,  102,  569,  439,  581,  596,  316,  152,  519,  356,  574,  302,  320,  771,  717,  712,  332,  405,  304,  232,  402,  282,  388,  484,  525,  518,  310,  342,  585,  797,  642,  365,  382,  674,  461,  465,  608,  711,  459,  570,  633,  581,  341,  382,  667,   64,  365,  533,  147,  581,   49,  771,  331,  618,  456,  599,  438,  303,  430,  503,  431,  652,  142,  865,  606,  589,  451,  593],
        [  167,    0,  323,  332,  349,  566,  476,  575,  264,  585,  417,  515,  560,  167,  113,  533,  619,  453,  699,  385,  384,  721,  188,    0,  440,  257,  419,  594,  470,  446,   27,  357,  282,  529,   76,   75,  278,  368,  328,  183,  267,  238,  653,  458,  529,  490,  359,  166,  602,  597,  541,  525,  332,  609,  249,  299,  145,  339,  492,  563,  360,  370,   67,  271,  330,  241,  241,  328,  379,  103,  146,  158,  395,  451,  596,  582,  236,   40,  600,  512,  387,  367,  179,  593,  529,  587,  184,  247,  428,   86,  499,  448,  288,  429,  418,  547,  192,  391,  405,  617,  454,  530,  256,  539,  360,  280,  568,  526,  280,  570,  451,  540,  477,  268,  567,  242,  297,  348,  323,  398,  230,  587,  167,  490,  457,  415,  263,  116,  391,  317,  392,  533,  317,  689,  601,  417,  535,  442],
        [  516,    0,  554,  198,  783,  999,  901,  948,  620, 1023,  635,  922,  699,  548,  417,  948, 1057,  563,  883,  699,  821,  895,  539,  440,    0,  258,  778,  939,  563,  830,  454,  560,  484,  242,  364,  472,  560,  763,  762,  535,  395,  278,  900,  780,  886,  903,  731,  540,  862,  980,  686,  948,  166,  843,  285,  257,  545,  517,  630,  201,  274,  799,  378,  432,  376,  309,  471,  282,  611,  538,  549,  576,  295,  889, 1033, 1012,  224,  466, 1034,  642,  488,  389,  565,  738,  577,  191,  267,  242,  838,  506,  926,  628,  688,  128,   33,  986,  249,  829,  347,  748,  502,  682,  636,  846,  745,  363,  985,  623,  320, 1004,  602,  957,  569,  173,  927,  602,  718,  374,  580,  566,  586,  674,  523,  818,  893,  554,  534,  419,  174,  491,  818,  869,  576,  830, 1033,  640,  967,  730],
        [  272,    0,  511,  286,  560,  813,  729,  828,  506,  825,  607,  676,  470,  310,  301,  789,  837,  591,  887,  617,  628,  906,  292,  257,  258,    0,  668,  841,  341,  579,  259,  308,  228,  450,  197,  255,  303,  624,  542,  290,  141,   23,  867,  522,  779,  746,  610,  300,  820,  852,  455,  780,   98,  816,   28,  303,  397,  500,  648,  442,  363,  623,  221,  177,  145,  299,  213,   83,  573,  358,  319,  350,  400,  692,  838,  833,   69,  266,  806,  413,  511,  174,  428,  759,  640,  444,  186,  240,  596,  341,  691,  384,  544,  192,  252,  782,  128,  613,  438,  777,  558,  448,  506,  773,  613,  369,  824,  663,  337,  817,  610,  795,  348,  146,  818,  352,  554,  420,  323,  561,  337,  723,  402,  730,  702,  564,  465,  305,  142,  472,  646,  777,  319,  857,  850,  609,  738,  666],
        [  527,    0,  259,  598,  410,  345,  235,  170,  163,  400,  247,  607,  927,  495,  374,  227,  525,  382,  401,  105,  287,  427,  535,  419,  778,  668,    0,  175,  865,  616,  428,  732,  677,  745,  472,  460,  634,   94,  398,  531,  682,  651,  301,  716,  112,  193,   63,  504,  249,  204,  908,  252,  724,  284,  664,  538,  275,  317,  357,  816,  560,  219,  448,  680,  748,  474,  636,  744,  235,  336,  461,  436,  572,  328,  399,  328,  628,  428,  550,  890,  392,  784,  242,  383,  467,  859,  524,  537,  544,  335,  527,  814,  148,  813,  748,  404,  567,  390,  539,  413,  448,  896,  164,  150,   78,  438,  261,  413,  477,  351,  334,  241,  872,  624,  151,  548,  188,  470,  679,  315,  546,  446,  267,   91,  304,  347,  251,  372,  788,  330,  209,  118,  674,  442,  358,  240,  517,  140],
        [  697,    0,  394,  751,  540,  373,  297,   86,  336,  434,  343,  718, 1091,  663,  545,  242,  578,  474,  357,  240,  400,  381,  703,  594,  939,  841,  175,    0, 1036,  747,  603,  900,  848,  879,  645,  633,  801,  245,  533,  699,  856,  825,  232,  862,   69,  239,  236,  672,  200,  120, 1073,  280,  894,  251,  839,  690,  450,  445,  427,  957,  703,  340,  621,  853,  922,  631,  808,  918,  349,  509,  629,  603,  708,  414,  426,  340,  800,  602,  618, 1057,  508,  959,  416,  405,  543, 1002,  691,  697,  668,  510,  627,  980,  317,  981,  908,  459,  738,  506,  668,  431,  550, 1060,  339,  120,  242,  586,  257,  479,  627,  379,  421,  255, 1042,  790,   47,  710,  342,  605,  845,  422,  710,  491,  440,  123,  385,  450,  405,  542,  959,  464,  319,   71,  840,  427,  367,  336,  603,  223],
        [  340,    0,  789,  627,  584,  881,  835,  998,  726,  869,  884,  589,  137,  375,  567,  908,  821,  900, 1168,  850,  709, 1189,  335,  470,  563,  341,  865, 1036,    0,  478,  452,  144,  191,  784,  458,  411,  243,  793,  576,  338,  222,  335, 1122,  350,  968,  872,  803,  365, 1070, 1010,  126,  885,  405, 1078,  318,  639,  602,  795,  949,  762,  702,  736,  481,  203,  197,  622,  232,  285,  847,  532,  408,  436,  739,  753,  884,  914,  408,  448,  770,   81,  824,  176,  638, 1055,  962,  752,  508,  574,  540,  543,  651,  112,  720,  449,  569,  816,  455,  643,  775, 1078,  880,  124,  707, 1000,  794,  688,  935,  974,  664,  883,  908,  909,    8,  487, 1001,  343,  700,  748,  208,  856,  338, 1035,  636,  946,  774,  867,  730,  571,  392,  769,  762,  983,  211, 1153,  920,  885,  709,  910],
        [  316,    0,  695,  770,  208,  467,  470,  680,  554,  435,  765,  112,  449,  290,  546,  543,  352,  851, 1006,  659,  349, 1031,  292,  446,  830,  579,  616,  747,  478,    0,  421,  352,  382,  967,  506,  382,  290,  523,  218,  296,  465,  557,  916,  148,  683,  523,  565,  296,  863,  675,  435,  509,  677,  892,  554,  743,  468,  735,  869,  989,  805,  409,  508,  431,  522,  686,  376,  595,  730,  403,  302,  289,  841,  356,  451,  507,  607,  407,  297,  446,  801,  539,  492,  946,  938, 1004,  616,  686,   85,  444,  184,  372,  485,  767,  817,  381,  600,  246,  848,  975,  873,  423,  516,  765,  539,  720,  557,  916,  724,  466,  830,  538,  481,  673,  703,  229,  430,  788,  295,  782,  245,  971,  526,  705,  384,  808,  633,  548,  710,  721,  428,  720,  296, 1028,  503,  761,  242,  723],
        [  141,    0,  345,  355,  330,  558,  471,  580,  277,  574,  438,  492,  538,  140,  138,  531,  603,  478,  719,  400,  374,  741,  162,   27,  454,  259,  428,  603,  452,  421,    0,  335,  263,  551,   93,   49,  254,  373,  310,  157,  254,  238,  670,  432,  537,  488,  367,  140,  619,  601,  520,  522,  339,  627,  248,  323,  155,  364,  516,  583,  385,  365,   89,  255,  320,  266,  221,  325,  400,  101,  120,  134,  421,  440,  586,  576,  244,   14,  582,  492,  413,  356,  190,  616,  555,  606,  204,  269,  405,   94,  479,  426,  293,  437,  433,  535,  206,  375,  431,  641,  480,  508,  265,  553,  366,  306,  566,  550,  306,  562,  475,  537,  459,  283,  574,  216,  296,  375,  299,  422,  204,  611,  185,  502,  447,  439,  284,  141,  396,  342,  388,  544,  293,  712,  594,  438,  517,  459],
        [  207,    0,  679,  577,  442,  738,  692,  859,  600,  727,  773,  463,  203,  238,  464,  765,  685,  805, 1053,  725,  566, 1076,  198,  357,  560,  308,  732,  900,  144,  352,  335,    0,   87,  755,  363,  290,  101,  657,  433,  202,  168,  293,  999,  244,  832,  730,  670,  229,  946,  870,  185,  742,  395,  958,  281,  576,  477,  694,  847,  749,  642,  595,  382,  132,  194,  546,  122,  285,  735,  404,  272,  298,  680,  610,  743,  771,  364,  328,  637,  159,  733,  200,  513,  949,  874,  749,  438,  510,  406,  420,  516,   92,  585,  465,  557,  674,  393,  501,  708,  974,  794,  174,  578,  871,  659,  606,  792,  878,  589,  740,  806,  766,  149,  444,  865,  201,  561,  670,   65,  753,  196,  939,  517,  816,  631,  768,  619,  467,  406,  670,  620,  850,   68, 1046,  777,  772,  573,  786],
        [  154,    0,  604,  491,  430,  719,  662,  813,  536,  715,  698,  489,  282,  193,  385,  732,  690,  724,  980,  660,  540, 1002,  154,  282,  484,  228,  677,  848,  191,  382,  263,   87,    0,  671,  281,  221,   94,  607,  417,  157,   91,  211,  932,  301,  780,  694,  615,  182,  880,  827,  264,  713,  320,  889,  200,  490,  412,  614,  769,  669,  556,  559,  301,   53,  140,  460,   42,  219,  660,  342,  224,  254,  594,  591,  730,  748,  281,  258,  648,  232,  650,  160,  448,  872,  791,  671,  352,  424,  421,  353,  528,  175,  532,  398,  479,  665,  307,  489,  622,  896,  711,  254,  518,  810,  606,  521,  762,  797,  503,  722,  727,  735,  197,  360,  815,  184,  516,  585,   98,  675,  173,  859,  447,  757,  609,  688,  544,  388,  339,  590,  584,  794,   95,  970,  758,  698,  582,  720],
        [  656,    0,  489,  198,  871, 1029,  920,  910,  609, 1065,  541, 1043,  917,  677,  455,  950, 1130,  430,  737,  648,  870,  743,  681,  529,  242,  450,  745,  879,  784,  967,  551,  755,  671,    0,  462,  586,  731,  759,  850,  677,  589,  463,  783,  947,  840,  907,  713,  672,  757,  947,  903,  959,  381,  726,  476,  236,  581,  435,  495,   90,  190,  831,  463,  624,  589,  304,  648,  500,  531,  605,  667,  685,  174,  939, 1072, 1032,  391,  565, 1119,  859,  375,  609,  586,  589,  409,  142,  352,  283,  956,  564, 1025,  833,  697,  369,  224, 1039,  375,  907,  212,  590,  354,  896,  638,  770,  735,  312,  987,  469,  282, 1035,  480,  961,  790,  312,  879,  745,  744,  276,  761,  463,  730,  508,  538,  758,  935,  439,  498,  454,  409,  418,  844,  809,  756,  669, 1057,  548, 1057,  657],
        [  203,    0,  334,  265,  423,  640,  547,  633,  310,  660,  431,  582,  562,  217,  113,  602,  695,  444,  715,  424,  459,  735,  228,   76,  364,  197,  472,  645,  458,  506,   93,  363,  281,  462,    0,  124,  301,  430,  402,  223,  241,  180,  682,  501,  582,  558,  414,  213,  633,  658,  544,  596,  261,  634,  195,  240,  202,  337,  491,  492,  305,  442,   26,  256,  295,  192,  242,  274,  394,  176,  205,  224,  342,  527,  671,  655,  164,  105,  674,  511,  370,  332,  232,  598,  511,  514,  112,  181,  495,  150,  571,  454,  350,  358,  342,  623,  117,  467,  359,  620,  432,  534,  310,  580,  418,  245,  638,  518,  234,  645,  450,  609,  465,  192,  622,  289,  367,  311,  342,  398,  275,  579,  207,  536,  531,  409,  280,  117,  323,  312,  464,  581,  336,  696,  675,  432,  609,  476],
        [   93,    0,  392,  389,  312,  560,  481,  605,  315,  571,  484,  460,  493,   96,  187,  544,  589,  527,  764,  439,  375,  786,  114,   75,  472,  255,  460,  633,  411,  382,   49,  290,  221,  586,  124,    0,  206,  397,  293,  109,  225,  233,  712,  385,  566,  503,  398,   93,  659,  623,  474,  532,  343,  669,  240,  362,  191,  412,  564,  612,  426,  374,  128,  220,  294,  309,  179,  312,  446,  125,   81,  105,  462,  438,  584,  581,  253,   40,  563,  447,  461,  329,  227,  663,  603,  632,  235,  305,  374,  132,  455,  380,  319,  441,  453,  529,  227,  362,  475,  688,  528,  463,  298,  590,  393,  352,  578,  599,  349,  564,  522,  550,  418,  303,  602,  170,  314,  421,  251,  470,  157,  659,  228,  537,  448,  487,  330,  190,  395,  390,  398,  576,  245,  758,  597,  483,  496,  499],
        [  116,    0,  597,  542,  347,  641,  592,  759,  507,  633,  688,  396,  294,  140,  389,  665,  601,  731,  965,  631,  467,  988,  102,  278,  560,  303,  634,  801,  243,  290,  254,  101,   94,  731,  301,  206,    0,  557,  336,  106,  177,  283,  906,  220,  733,  630,  573,  132,  853,  769,  276,  643,  399,  867,  276,  531,  385,  617,  769,  737,  597,  494,  316,  142,  233,  491,   90,  308,  650,  311,  175,  199,  636,  513,  648,  673,  345,  245,  557,  256,  663,  253,  421,  868,  805,  744,  393,  467,  328,  331,  436,  181,  487,  484,  552,  581,  358,  406,  657,  893,  728,  264,  483,  775,  560,  545,  692,  803,  534,  644,  728,  666,  249,  421,  765,  102,  461,  612,   47,  675,   95,  864,  430,  719,  533,  692,  535,  392,  425,  595,  519,  752,   41,  963,  680,  687,  491,  694],
        [  455,    0,  292,  595,  317,  285,  170,  208,  151,  334,  309,  514,  847,  420,  348,  191,  446,  437,  493,  168,  197,  519,  459,  368,  763,  624,   94,  245,  793,  523,  373,  657,  607,  759,  430,  397,  557,    0,  305,  456,  621,  605,  394,  626,  176,  148,   59,  429,  342,  229,  829,  203,  689,  376,  617,  538,  228,  352,  422,  824,  570,  129,  408,  615,  690,  470,  567,  696,  287,  274,  386,  359,  587,  244,  336,  278,  593,  370,  466,  813,  430,  726,  201,  464,  525,  863,  499,  525,  450,  284,  435,  736,   81,  783,  734,  328,  536,  297,  562,  494,  494,  816,  128,  243,   28,  447,  229,  478,  481,  291,  394,  203,  800,  599,  209,  466,   99,  490,  600,  364,  466,  518,  240,  183,  223,  397,  264,  346,  752,  357,  123,  202,  596,  530,  306,  302,  429,  221],
        [  281,    0,  502,  656,   22,  306,  272,  470,  350,  299,  562,  225,  593,  239,  399,  347,  296,  661,  791,  447,  144,  817,  269,  328,  762,  542,  398,  533,  576,  218,  310,  433,  417,  850,  402,  293,  336,  305,    0,  269,  471,  519,  698,  332,  467,  319,  348,  250,  646,  470,  576,  318,  634,  676,  523,  615,  290,  550,  671,  889,  671,  194,  394,  449,  541,  549,  389,  587,  529,  246,  223,  192,  701,  178,  314,  339,  545,  298,  273,  571,  622,  570,  304,  739,  750,  914,  511,  570,  149,  288,  178,  491,  272,  732,  742,  249,  515,   74,  698,  769,  694,  563,  310,  548,  322,  566,  369,  721,  581,  308,  634,  345,  581,  592,  490,  236,  214,  630,  369,  589,  245,  772,  346,  488,  200,  618,  445,  399,  683,  540,  216,  503,  366,  818,  345,  557,  208,  509],
        [   21,    0,  496,  482,  284,  566,  506,  660,  401,  566,  585,  388,  400,   37,  295,  576,  556,  634,  860,  526,  385,  884,    6,  183,  535,  290,  531,  699,  338,  296,  157,  202,  157,  677,  223,  109,  106,  456,  269,    0,  203,  267,  800,  279,  631,  538,  469,   27,  747,  673,  381,  557,  387,  761,  267,  462,  280,  519,  669,  695,  527,  403,  232,  181,  273,  413,  123,  323,  547,  205,   71,   99,  564,  438,  580,  594,  312,  146,  520,  360,  569,  302,  315,  766,  711,  709,  327,  401,  307,  227,  404,  286,  384,  481,  522,  517,  305,  342,  580,  791,  636,  369,  377,  670,  458,  460,  606,  706,  454,  569,  628,  579,  344,  378,  664,   69,  362,  528,  152,  575,   53,  766,  326,  614,  455,  594,  433,  298,  428,  497,  428,  648,  147,  860,  605,  584,  453,  589],
        [  191,    0,  574,  416,  487,  765,  697,  829,  530,  768,  671,  569,  340,  234,  353,  764,  756,  680,  955,  651,  582,  975,  203,  267,  395,  141,  682,  856,  222,  465,  254,  168,   91,  589,  241,  225,  177,  621,  471,  203,    0,  126,  917,  390,  789,  723,  620,  223,  867,  847,  324,  748,  230,  871,  114,  422,  408,  577,  730,  582,  486,  591,  265,   38,   72,  402,   90,  132,  634,  348,  257,  290,  524,  638,  782,  791,  199,  254,  718,  284,  603,  106,  444,  838,  741,  583,  288,  356,  495,  348,  599,  246,  543,  309,  391,  720,  237,  544,  557,  859,  659,  315,  519,  805,  617,  467,  796,  754,  444,  769,  690,  768,  229,  280,  826,  251,  537,  527,  188,  638,  237,  815,  433,  756,  653,  647,  519,  356,  250,  551,  616,  797,  185,  936,  804,  672,  651,  707],
        [  249,    0,  501,  293,  538,  791,  709,  810,  490,  803,  597,  654,  461,  287,  288,  769,  814,  586,  879,  602,  607,  898,  270,  238,  278,   23,  651,  825,  335,  557,  238,  293,  211,  463,  180,  233,  283,  605,  519,  267,  126,    0,  856,  503,  762,  726,  592,  277,  808,  834,  446,  759,  120,  805,   18,  306,  379,  492,  642,  458,  367,  602,  205,  162,  142,  296,  194,   94,  563,  338,  297,  328,  405,  670,  816,  812,   74,  245,  783,  404,  507,  174,  410,  752,  638,  462,  182,  241,  574,  322,  669,  371,  525,  215,  270,  760,  124,  591,  441,  771,  556,  438,  489,  759,  595,  365,  803,  659,  336,  796,  603,  775,  342,  155,  801,  330,  534,  419,  305,  553,  315,  719,  387,  715,  680,  558,  453,  291,  164,  465,  625,  761,  301,  851,  828,  599,  716,  652],
        [  792,    0,  359,  703,  711,  597,  506,  316,  400,  658,  267,  906, 1199,  767,  570,  465,  798,  353,  126,  275,  585,  150,  805,  653,  900,  867,  301,  232, 1122,  916,  670,  999,  932,  783,  682,  712,  906,  394,  698,  800,  917,  856,    0, 1011,  265,  451,  352,  774,   54,  351, 1181,  501,  897,   58,  872,  644,  522,  385,  289,  869,  634,  518,  657,  924,  976,  601,  890,  949,  297,  596,  733,  714,  627,  616,  652,  567,  812,  674,  832, 1157,  418, 1013,  486,  217,  392,  919,  692,  673,  844,  580,  823, 1086,  436,  970,  868,  676,  747,  689,  578,  233,  430, 1169,  425,  154,  377,  539,  485,  325,  581,  603,  305,  478, 1128,  780,  272,  829,  486,  531,  952,  335,  825,  312,  487,  213,  589,  350,  403,  566,  961,  412,  504,  213,  946,  205,  595,  263,  807,  213],
        [  298,    0,  750,  755,  329,  608,  599,  802,  627,  580,  831,  251,  303,  292,  568,  674,  499,  899, 1090,  743,  473, 1115,  274,  458,  780,  522,  716,  862,  350,  148,  432,  244,  301,  947,  501,  385,  220,  626,  332,  279,  390,  503, 1011,    0,  796,  650,  660,  293,  957,  801,  291,  643,  618,  981,  495,  739,  522,  782,  927,  956,  804,  525,  510,  353,  434,  691,  310,  519,  794,  448,  318,  320,  842,  491,  596,  648,  565,  420,  442,  306,  839,  443,  552, 1014,  980,  964,  603,  676,  228,  483,  331,  239,  575,  698,  772,  525,  573,  378,  858, 1042,  908,  280,  593,  865,  638,  737,  692,  968,  733,  608,  886,  671,  351,  640,  820,  216,  529,  805,  203,  835,  229, 1026,  577,  806,  519,  857,  687,  571,  639,  763,  547,  828,  206, 1103,  645,  828,  389,  808],
