{
    "name": "random-42-27160",
    "comment": "size=42 seed=27160",
    "nodes": ["+0", "-0", "+1", "-1", "+2", "-2", "+3", "-3", "+4", "-4", "+5", "-5", "+6", "-6", "+7", "-7", "+8", "-8", "+9", "-9", "+10", "-10", "+11", "-11", "+12", "-12", "+13", "-13", "+14", "-14", "+15", "-15", "+16", "-16", "+17", "-17", "+18", "-18", "+19", "-19", "+20", "-20", "+21", "-21", "+22", "-22", "+23", "-23", "+24", "-24", "+25", "-25", "+26", "-26", "+27", "-27", "+28", "-28", "+29", "-29", "+30", "-30", "+31", "-31", "+32", "-32", "+33", "-33", "+34", "-34", "+35", "-35", "+36", "-36", "+37", "-37", "+38", "-38", "+39", "-39", "+40", "-40", "+41", "-41", "+42", "-42"],
    "precedence": {
        "+0": "-0",
        "+1": "-1",
        "+2": "-2",
        "+3": "-3",
        "+4": "-4",
        "+5": "-5",
        "+6": "-6",
        "+7": "-7",
        "+8": "-8",
        "+9": "-9",
        "+10": "-10",
        "+11": "-11",
        "+12": "-12",
        "+13": "-13",
        "+14": "-14",
        "+15": "-15",
        "+16": "-16",
        "+17": "-17",
        "+18": "-18",
        "+19": "-19",
        "+20": "-20",
        "+21": "-21",
        "+22": "-22",
        "+23": "-23",
        "+24": "-24",
        "+25": "-25",
        "+26": "-26",
        "+27": "-27",
        "+28": "-28",
        "+29": "-29",
        "+30": "-30",
        "+31": "-31",
        "+32": "-32",
        "+33": "-33",
        "+34": "-34",
        "+35": "-35",
        "+36": "-36",
        "+37": "-37",
        "+38": "-38",
        "+39": "-39",
        "+40": "-40",
        "+41": "-41",
        "+42": "-42"
    },
    "edges": [
        [    0,    0,  381,  702,   82,  972,  464,  357,  764,  157,  877,  339, 1039,  162,  890,  146,   25,  346,  775,  871,  881,  279, 1097,  321,  267,  453,  529,   92,  272,  665,  725,  715,  574,  968,  423,   54,  986,  251,  588,  912,  786,  371,  695,  322,  259,  693,  850,  718,  218,  820,  484,  947,  610,  609,  743,  651,   40,  338,  389,  986,  808,  731,  852,  176,  579,  379,  345,  453,  719,  534,  826,  848,  746,  787,  509,  763,  693,  308,  846,  492,  687,  230,  777,  901,  520, 1018],
        [    0,    0,    0,    0,    0,    0,    0,    0,    0,    0,    0,    0,    0,    0,    0,    0,    0,    0,    0,    0,    0,    0,    0,    0,    0,    0,    0,    0,    0,    0,    0,    0,    0,    0,    0,    0,    0,    0,    0,    0,    0,    0,    0,    0,    0,    0,    0,    0,    0,    0,    0,    0,    0,    0,    0,    0,    0,    0,    0,    0,    0,    0,    0,    0,    0,    0,    0,    0,    0,    0,    0,    0,    0,    0,    0,    0,    0,    0,    0,    0,    0,    0,    0,    0,    0,    0],
        [  381,    0,    0,  544,  300,  610,  436,  305,  449,  230,  510,  331,  666,  312,  514,  308,  377,  469,  672,  731,  677,  151,  725,  163,  419,  284,  257,  330,  331,  554,  385,  337,  194,  591,  327,  420,  630,  628,  515,  533,  576,  121,  567,  323,  172,  322,  764,  371,  278,  580,  133,  568,  604,  317,  488,  642,  418,  348,   34,  643,  507,  355,  480,  338,  288,  257,  142,   98,  485,  455,  593,  488,  425,  456,  257,  420,  437,  208,  557,  143,  368,  303,  569,  651,  193,  649],
        [  702,    0,  544,    0,  646,  575,  262,  346,  325,  645,  546,  852,  682,  541,  613,  741,  718,  438,  147,  188,  187,  659,  728,  693,  483,  274,  300,  724,  828,   82,  386,  553,  523,  670,  867,  698,  564,  846,  156,  652,  119,  434,   54,  840,  489,  493,  237,  787,  486,  186,  446,  685,  251,  815,  188,  255,  736,  867,  510,  515,  303,  539,  781,  786,  793,  338,  432,  469,  996,  182,  176,  503,  338,  376,  291,  830,  942,  732,  292,  439,  329,  473,  109,  254,  695,  644],
        [   82,    0,  300,  646,    0,  891,  423,  302,  688,   84,  796,  307,  958,  122,  809,  121,   83,  333,  731,  822,  821,  208, 1016,  255,  254,  387,  454,   83,  248,  616,  646,  634,  492,  887,  380,  122,  906,  329,  543,  830,  724,  292,  644,  290,  182,  611,  810,  644,  164,  754,  403,  865,  580,  542,  674,  622,  120,  310,  308,  907,  733,  650,  773,  165,  512,  314,  268,  372,  663,  486,  760,  768,  669,  709,  436,  690,  634,  250,  773,  411,  610,  183,  715,  834,  446,  937],
        [  972,    0,  610,  575,  891,    0,  736,  706,  263,  835,  105,  905,  109,  851,  147,  917,  973,  888,  702,  662,  518,  757,  155,  752,  887,  589,  471,  936,  927,  651,  256,  296,  425,  135,  859,  999,   34, 1200,  697,  168,  482,  603,  629,  903,  716,  291,  771,  520,  795,  416,  490,  176,  813,  647,  388,  825, 1011,  925,  592,  102,  272,  270,  391,  947,  647,  649,  631,  522,  791,  680,  435,  124,  263,  216,  497,  533,  737,  796,  294,  481,  309,  804,  487,  404,  595,   70],
        [  464,    0,  436,  262,  423,  736,    0,  140,  475,  446,  674,  682,  834,  306,  724,  533,  483,  178,  312,  412,  449,  501,  888,  546,  223,  180,  297,  505,  642,  207,  493,  603,  512,  796,  721,  451,  735,  586,  125,  760,  370,  317,  240,  667,  310,  550,  387,  772,  261,  425,  400,  797,  172,  749,  381,  212,  495,  693,  408,  704,  487,  601,  821,  580,  721,  180,  295,  404,  920,   80,  423,  633,  473,  520,  271,  820,  872,  575,  500,  399,  433,  240,  360,  503,  623,  800],
        [  357,    0,  305,  346,  302,  706,  140,    0,  459,  313,  629,  544,  794,  197,  667,  404,  373,  192,  432,  520,  525,  361,  851,  407,  182,  119,  236,  382,  507,  315,  451,  523,  411,  743,  582,  357,  711,  526,  248,  699,  432,  190,  342,  529,  171,  477,  515,  657,  141,  472,  295,  737,  311,  621,  404,  351,  392,  555,  279,  693,  488,  526,  727,  451,  592,   63,  164,  289,  788,  188,  475,  591,  449,  496,  209,  706,  741,  435,  516,  296,  398,  129,  422,  553,  496,  764],
        [  764,    0,  449,  325,  688,  263,  475,  459,    0,  647,  222,  777,  366,  626,  290,  739,  770,  633,  463,  449,  325,  598,  417,  610,  640,  341,  237,  746,  780,  396,   90,  271,  316,  346,  756,  783,  260,  974,  436,  329,  254,  399,  378,  770,  506,  219,  543,  536,  566,  207,  317,  361,  552,  612,  141,  567,  803,  795,  421,  234,   64,  250,  484,  776,  599,  408,  421,  352,  786,  418,  227,  179,   29,   52,  259,  569,  729,  655,  119,  307,   82,  570,  255,  243,  516,  330],
        [  157,    0,  230,  645,   84,  835,  446,  313,  647,    0,  736,  246,  895,  172,  744,   98,  149,  387,  743,  827,  811,  124,  953,  172,  311,  375,  420,  102,  198,  625,  596,  567,  424,  821,  308,  204,  852,  408,  560,  763,  711,  249,  650,  229,  157,  549,  827,  562,  190,  734,  346,  797,  612,  458,  649,  653,  192,  253,  244,  858,  697,  584,  695,  142,  428,  308,  232,  313,  582,  500,  743,  711,  625,  663,  406,  607,  551,  170,  740,  355,  567,  216,  703,  812,  364,  876],
        [  877,    0,  510,  546,  796,  105,  674,  629,  222,  736,    0,  801,  166,  763,   76,  817,  877,  816,  683,  660,  524,  655,  224,  649,  808,  515,  393,  838,  824,  617,  182,  192,  322,  125,  755,  906,  132, 1110,  651,  113,  468,  511,  599,  800,  624,  189,  760,  426,  708,  411,  394,  142,  769,  547,  361,  786,  916,  821,  493,  177,  255,  166,  315,  846,  546,  570,  541,  425,  697,  626,  431,   44,  211,  171,  421,  444,  642,  693,  294,  385,  242,  719,  471,  419,  491,  141],
        [  339,    0,  331,  852,  307,  905,  682,  544,  777,  246,  801,    0,  940,  416,  785,  194,  317,  631,  966, 1039, 1001,  194,  995,  168,  555,  579,  584,  248,   71,  846,  705,  611,  484,  855,   95,  392,  930,  553,  789,  793,  899,  421,  866,   18,  375,  618, 1053,  493,  434,  908,  462,  821,  851,  349,  817,  892,  351,   20,  362,  953,  836,  636,  658,  167,  325,  524,  421,  427,  402,  728,  920,  788,  751,  778,  579,  526,  391,  124,  886,  472,  696,  461,  892,  980,  323,  931],
        [ 1039,    0,  666,  682,  958,  109,  834,  794,  366,  895,  166,  940,    0,  928,  156,  972, 1038,  980,  810,  769,  624,  807,   59,  796,  974,  679,  558,  996,  969,  758,  345,  334,  474,   90,  885, 1070,  129, 1274,  801,  151,  590,  675,  736,  940,  788,  347,  879,  512,  873,  524,  556,  134,  917,  652,  495,  931, 1077,  959,  652,  196,  380,  313,  360,  998,  657,  735,  706,  586,  778,  781,  543,  203,  362,  317,  585,  515,  728,  838,  402,  548,  402,  885,  595,  510,  621,   40],
        [  162,    0,  312,  541,  122,  851,  306,  197,  626,  172,  763,  416,  928,    0,  787,  240,  179,  216,  616,  711,  721,  277,  987,  328,  140,  300,  390,  204,  363,  504,  598,  621,  485,  865,  479,  162,  863,  350,  428,  813,  628,  255,  534,  399,  146,  588,  692,  680,   61,  665,  379,  850,  459,  600,  592,  501,  196,  422,  306,  855,  664,  632,  789,  285,  569,  225,  223,  356,  741,  373,  669,  730,  611,  655,  367,  728,  705,  337,  698,  385,  554,   68,  618,  746,  489,  903],
        [  890,    0,  514,  613,  809,  147,  724,  667,  290,  744,   76,  785,  156,  787,    0,  819,  888,  857,  752,  733,  598,  653,  212,  641,  843,  558,  434,  844,  814,  681,  236,  179,  321,   79,  731,  923,  180, 1129,  710,   39,  540,  533,  665,  785,  644,  200,  832,  375,  734,  485,  410,   74,  829,  506,  430,  848,  928,  805,  502,  239,  328,  160,  248,  844,  509,  606,  564,  438,  645,  681,  505,  114,  276,  240,  462,  387,  592,  683,  369,  403,  297,  748,  543,  495,  467,  149],
        [  146,    0,  308,  741,  121,  917,  533,  404,  739,   98,  817,  194,  972,  240,  819,    0,  125,  453,  836,  921,  908,  170, 1030,  198,  375,  471,  515,   54,  130,  719,  685,  640,  499,  895,  277,  200,  936,  378,  650,  835,  808,  344,  744,  177,  254,  629,  918,  600,  273,  831,  432,  868,  695,  479,  746,  737,  164,  195,  327,  946,  790,  660,  747,   47,  450,  404,  329,  398,  576,  592,  840,  794,  717,  753,  502,  642,  553,  174,  835,  442,  658,  297,  800,  909,  405,  956],
        [   25,    0,  377,  718,   83,  973,  483,  373,  770,  149,  877,  317, 1038,  179,  888,  125,    0,  369,  794,  889,  895,  267, 1097,  307,  290,  465,  536,   72,  249,  683,  728,  713,  570,  966,  402,   76,  989,  263,  606,  909,  800,  374,  712,  300,  265,  692,  870,  707,  233,  832,  484,  944,  631,  594,  754,  673,   43,  315,  387,  990,  815,  729,  843,  153,  564,  391,  350,  453,  700,  552,  838,  850,  751,  792,  517,  751,  675,  291,  854,  493,  693,  247,  791,  913,  509, 1018],
        [  346,    0,  469,  438,  333,  888,  178,  192,  633,  387,  816,  631,  980,  216,  857,  453,  369,    0,  466,  574,  624,  479, 1036,  530,   80,  301,  424,  412,  578,  376,  636,  714,  600,  932,  691,  317,  891,  417,  290,  889,  548,  369,  411,  615,  304,  668,  527,  836,  207,  602,  483,  927,  275,  781,  553,  314,  368,  638,  450,  866,  652,  718,  916,  497,  751,  254,  338,  474,  936,  257,  600,  777,  627,  674,  396,  885,  895,  546,  671,  485,  579,  179,  537,  680,  660,  949],
        [  775,    0,  672,  147,  731,  702,  312,  432,  463,  743,  683,  966,  810,  616,  752,  836,  794,  466,    0,  112,  224,  775,  852,  813,  529,  391,  440,  812,  935,  121,  530,  699,  667,  805,  989,  762,  687,  882,  188,  791,  221,  556,  107,  952,  594,  639,   93,  933,  567,  289,  584,  823,  210,  955,  323,  189,  806,  979,  639,  631,  432,  685,  927,  882,  932,  442,  549,  604, 1136,  245,  272,  640,  479,  513,  427,  976, 1082,  849,  409,  578,  474,  549,  216,  331,  833,  771],
        [  871,    0,  731,  188,  822,  662,  412,  520,  449,  827,  660, 1039,  769,  711,  733,  921,  889,  574,  112,    0,  149,  846,  806,  881,  632,  460,  483,  902, 1013,  207,  528,  707,  697,  777, 1055,  862,  643,  990,  288,  771,  196,  621,  178, 1026,  673,  648,  121,  955,  659,  249,  629,  801,  322,  995,  313,  300,  904, 1053,  697,  581,  405,  689,  929,  967,  974,  520,  618,  654, 1176,  338,  230,  619,  470,  496,  476,  996, 1121,  919,  370,  622,  479,  643,  196,  266,  877,  730],
        [  881,    0,  677,  187,  821,  518,  449,  525,  325,  811,  524, 1001,  624,  721,  598,  908,  895,  624,  224,  149,    0,  808,  659,  836,  669,  437,  421,  897,  985,  254,  411,  594,  608,  636, 1004,  880,  497, 1032,  338,  636,  102,  581,  218,  990,  654,  537,  267,  853,  664,  119,  560,  663,  412,  910,  205,  402,  917, 1016,  644,  434,  273,  573,  808,  952,  893,  508,  586,  589, 1089,  369,  100,  485,  350,  368,  422,  889, 1033,  878,  230,  551,  372,  654,  110,  118,  799,  585],
        [  279,    0,  151,  659,  208,  757,  501,  361,  598,  124,  655,  194,  807,  277,  653,  170,  267,  479,  775,  846,  808,    0,  864,   52,  411,  386,  393,  206,  183,  655,  535,  474,  334,  728,  221,  327,  777,  529,  601,  668,  707,  228,  674,  183,  191,  467,  863,  440,  273,  718,  283,  700,  672,  335,  627,  712,  310,  209,  178,  792,  655,  495,  580,  192,  304,  335,  228,  247,  465,  540,  729,  635,  574,  606,  387,  485,  431,   75,  703,  293,  517,  301,  699,  791,  242,  792],
        [ 1097,    0,  725,  728, 1016,  155,  888,  851,  417,  953,  224,  995,   59,  987,  212, 1030, 1097, 1036,  852,  806,  659,  864,    0,  852, 1031,  736,  615, 1054, 1025,  805,  401,  391,  532,  141,  938, 1128,  166, 1333,  851,  203,  632,  734,  782,  995,  847,  405,  919,  557,  932,  565,  615,  179,  967,  700,  542,  979, 1136, 1014,  711,  226,  426,  371,  399, 1056,  707,  792,  764,  644,  820,  833,  583,  260,  415,  369,  642,  557,  771,  895,  443,  607,  458,  943,  637,  543,  675,   88],
        [  321,    0,  163,  693,  255,  752,  546,  407,  610,  172,  649,  168,  796,  328,  641,  198,  307,  530,  813,  881,  836,   52,  852,    0,  462,  423,  417,  242,  176,  693,  541,  463,  328,  714,  177,  372,  774,  569,  643,  653,  735,  260,  711,  161,  239,  462,  903,  403,  324,  741,  294,  684,  718,  289,  650,  758,  350,  186,  195,  794,  669,  485,  550,  211,  258,  376,  265,  260,  414,  582,  754,  632,  585,  613,  414,  445,  381,   46,  719,  305,  529,  352,  727,  813,  207,  783],
        [  267,    0,  419,  483,  254,  887,  223,  182,  640,  311,  808,  555,  974,  140,  843,  375,  290,   80,  529,  632,  669,  411, 1031,  462,    0,  301,  417,  332,  500,  429,  632,  691,  567,  920,  618,  241,  893,  363,  345,  873,  586,  330,  463,  538,  248,  649,  595,  789,  143,  635,  452,  911,  347,  724,  576,  387,  290,  561,  404,  874,  667,  697,  881,  418,  693,  239,  298,  437,  873,  302,  635,  771,  631,  677,  390,  838,  834,  475,  692,  456,  579,  117,  576,  715,  606,  945],
        [  453,    0,  284,  274,  387,  589,  180,  119,  341,  375,  515,  579,  679,  300,  558,  471,  465,  301,  391,  460,  437,  386,  736,  423,  301,    0,  124,  461,  555,  272,  335,  426,  333,  632,  599,  461,  593,  640,  233,  591,  339,  166,  288,  567,  218,  375,  482,  595,  239,  368,  223,  629,  332,  585,  293,  366,  491,  593,  252,  574,  371,  426,  642,  516,  559,   75,  159,  232,  761,  175,  374,  476,  331,  377,   96,  643,  711,  460,  401,  221,  280,  237,  330,  448,  459,  649],
        [  529,    0,  257,  300,  454,  471,  297,  236,  237,  420,  393,  584,  558,  390,  434,  515,  536,  424,  440,  483,  421,  393,  615,  417,  417,  124,    0,  517,  574,  329,  216,  307,  233,  509,  584,  547,  478,  739,  319,  468,  320,  172,  333,  574,  272,  253,  532,  501,  331,  325,  147,  505,  431,  516,  235,  460,  568,  600,  224,  466,  280,  304,  528,  555,  494,  178,  188,  172,  697,  272,  337,  355,  221,  266,   28,  547,  643,  460,  321,  140,  165,  336,  313,  399,  395,  529],
        [   92,    0,  330,  724,   83,  936,  505,  382,  746,  102,  838,  248,  996,  204,  844,   54,   72,  412,  812,  902,  897,  206, 1054,  242,  332,  461,  517,    0,  181,  697,  697,  666,  524,  921,  331,  146,  954,  329,  625,  863,  799,  348,  724,  230,  247,  650,  892,  643,  245,  825,  448,  896,  662,  527,  743,  704,  112,  247,  345,  959,  795,  685,  785,   89,  497,  390,  329,  414,  629,  568,  833,  813,  726,  764,  501,  686,  605,  222,  837,  457,  667,  266,  790,  905,  446,  978],
        [  272,    0,  331,  828,  248,  927,  642,  507,  780,  198,  824,   71,  969,  363,  814,  130,  249,  578,  935, 1013,  985,  183, 1025,  176,  500,  555,  574,  181,    0,  816,  714,  637,  503,  886,  163,  325,  950,  483,  754,  824,  884,  405,  838,   55,  342,  637, 1020,  543,  387,  898,  464,  854,  809,  405,  808,  850,  282,   66,  359,  968,  837,  660,  704,   98,  379,  494,  400,  428,  471,  693,  908,  807,  755,  786,  566,  579,  457,  131,  885,  474,  698,  413,  876,  972,  362,  957],
        [  665,    0,  554,   82,  616,  651,  207,  315,  396,  625,  617,  846,  758,  504,  681,  719,  683,  376,  121,  207,  254,  655,  805,  693,  429,  272,  329,  697,  816,    0,  450,  607,  560,  741,  870,  656,  642,  790,   86,  719,  199,  437,   36,  832,  474,  547,  211,  828,  453,  266,  471,  754,  170,  842,  264,  175,  697,  859,  520,  595,  380,  595,  835,  765,  818,  322,  429,  489, 1022,  132,  256,  574,  407,  447,  314,  872,  969,  729,  372,  466,  390,  437,  189,  332,  718,  720],
        [  725,    0,  385,  386,  646,  256,  493,  451,   90,  596,  182,  705,  345,  598,  236,  685,  728,  636,  530,  528,  411,  535,  401,  541,  632,  335,  216,  697,  714,  450,    0,  183,  233,  304,  678,  749,  265,  947,  475,  273,  333,  355,  436,  700,  467,  129,  615,  446,  540,  292,  254,  309,  594,  523,  216,  614,  764,  724,  360,  263,  153,  163,  402,  719,  512,  393,  381,  289,  697,  447,  312,  142,   63,   74,  242,  480,  640,  587,  208,  244,   62,  549,  333,  333,  432,  314],
        [  715,    0,  337,  553,  634,  296,  603,  523,  271,  567,  192,  611,  334,  621,  179,  640,  713,  714,  699,  707,  594,  474,  391,  463,  691,  426,  307,  666,  637,  607,  183,    0,  143,  255,  564,  750,  323,  958,  616,  197,  513,  367,  599,  610,  476,   60,  787,  267,  571,  475,  243,  232,  732,  364,  396,  758,  753,  631,  327,  358,  332,   28,  229,  665,  360,  460,  400,  266,  528,  575,  494,  187,  245,  239,  333,  298,  471,  506,  385,  237,  228,  588,  512,  513,  300,  321],
        [  574,    0,  194,  523,  492,  425,  512,  411,  316,  424,  322,  484,  474,  485,  321,  499,  570,  600,  667,  697,  608,  334,  532,  328,  567,  333,  233,  524,  503,  560,  233,  143,    0,  397,  449,  610,  447,  818,  550,  339,  514,  237,  561,  481,  340,  135,  759,  268,  440,  494,  117,  374,  660,  303,  404,  691,  611,  503,  186,  470,  380,  161,  317,  525,  287,  350,  270,  131,  483,  501,  511,  305,  288,  305,  253,  314,  426,  372,  434,  116,  244,  458,  510,  550,  200,  458],
        [  968,    0,  591,  670,  887,  135,  796,  743,  346,  821,  125,  855,   90,  865,   79,  895,  966,  932,  805,  777,  636,  728,  141,  714,  920,  632,  509,  921,  886,  741,  304,  255,  397,    0,  798, 1001,  167, 1208,  775,   63,  588,  611,  723,  856,  722,  278,  881,  423,  812,  528,  488,   46,  893,  563,  483,  910, 1006,  874,  580,  236,  374,  237,  274,  919,  568,  682,  642,  516,  689,  749,  547,  168,  336,  295,  537,  427,  639,  756,  407,  481,  365,  825,  592,  527,  534,  100],
        [  423,    0,  327,  867,  380,  859,  721,  582,  756,  308,  755,   95,  885,  479,  731,  277,  402,  691,  989, 1055, 1004,  221,  938,  177,  618,  599,  584,  331,  163,  870,  678,  564,  449,  798,    0,  476,  886,  645,  820,  736,  903,  434,  886,  109,  412,  579, 1079,  414,  487,  904,  449,  761,  892,  265,  812,  933,  439,  108,  361,  915,  817,  590,  583,  257,  246,  553,  441,  417,  308,  759,  918,  746,  729,  751,  584,  444,  297,  148,  870,  458,  676,  515,  896,  972,  265,  879],
        [   54,    0,  420,  698,  122,  999,  451,  357,  783,  204,  906,  392, 1070,  162,  923,  200,   76,  317,  762,  862,  880,  327, 1128,  372,  241,  461,  547,  146,  325,  656,  749,  750,  610, 1001,  476,    0, 1012,  209,  575,  946,  788,  397,  687,  375,  283,  725,  833,  765,  222,  826,  515,  982,  588,  660,  753,  628,   53,  390,  425, 1008,  823,  765,  895,  228,  629,  387,  369,  486,  772,  525,  830,  876,  766,  809,  525,  811,  746,  360,  859,  522,  708,  228,  778,  907,  568, 1047],
        [  986,    0,  630,  564,  906,   34,  735,  711,  260,  852,  132,  930,  129,  863,  180,  936,  989,  891,  687,  643,  497,  777,  166,  774,  893,  593,  478,  954,  950,  642,  265,  323,  447,  167,  886, 1012,    0, 1212,  691,  202,  466,  617,  618,  927,  730,  313,  754,  552,  805,  400,  507,  209,  805,  677,  378,  816, 1026,  949,  610,   71,  262,  297,  425,  967,  677,  656,  644,  540,  823,  677,  418,  143,  264,  217,  504,  566,  769,  819,  278,  498,  314,  813,  472,  382,  622,   89],
        [  251,    0,  628,  846,  329, 1200,  586,  526,  974,  408, 1110,  553, 1274,  350, 1129,  378,  263,  417,  882,  990, 1032,  529, 1333,  569,  363,  640,  739,  329,  483,  790,  947,  958,  818, 1208,  645,  209, 1212,    0,  705, 1153,  948,  599,  824,  537,  486,  931,  939,  968,  409,  994,  720, 1189,  685,  855,  929,  721,  220,  546,  633, 1204, 1010,  972, 1102,  389,  826,  568,  570,  693,  950,  665,  995, 1078,  960, 1004,  715, 1013,  931,  550, 1041,  728,  903,  405,  938, 1074,  771, 1251],
        [  588,    0,  515,  156,  543,  697,  125,  248,  436,  560,  651,  789,  801,  428,  710,  650,  606,  290,  188,  288,  338,  601,  851,  643,  345,  233,  319,  625,  754,   86,  475,  616,  550,  775,  820,  575,  691,  705,    0,  748,  274,  395,  122,  774,  414,  558,  268,  817,  380,  337,  450,  784,  119,  816,  316,  143,  619,  800,  483,  650,  431,  608,  843,  697,  791,  267,  381,  462,  993,   62,  330,  608,  441,  485,  298,  864,  942,  676,  432,  446,  414,  361,  264,  409,  691,  765],
        [  912,    0,  533,  652,  830,  168,  760,  699,  329,  763,  113,  793,  151,  813,   39,  835,  909,  889,  791,  771,  636,  668,  203,  653,  873,  591,  468,  863,  824,  719,  273,  197,  339,   63,  736,  946,  202, 1153,  748,    0,  579,  559,  704,  794,  669,  226,  871,  365,  761,  523,  435,   38,  866,  502,  469,  886,  950,  813,  523,  265,  367,  182,  224,  859,  507,  637,  590,  461,  633,  718,  543,  153,  314,  278,  495,  372,  581,  695,  406,  428,  334,  776,  582,  532,  472,  154],
        [  786,    0,  576,  119,  724,  482,  370,  432,  254,  711,  468,  899,  590,  628,  540,  808,  800,  548,  221,  196,  102,  707,  632,  735,  586,  339,  320,  799,  884,  199,  333,  513,  514,  588,  903,  788,  466,  948,  274,  579,    0,  480,  167,  889,  555,  455,  293,  766,  570,   70,  460,  610,  368,  815,  118,  368,  823,  915,  543,  412,  215,  494,  734,  852,  797,  410,  485,  489,  996,  292,   58,  427,  275,  302,  321,  804,  940,  776,  189,  452,  286,  561,   11,  136,  702,  550],
        [  371,    0,  121,  434,  292,  603,  317,  190,  399,  249,  511,  421,  675,  255,  533,  344,  374,  369,  556,  621,  581,  228,  734,  260,  330,  166,  172,  348,  405,  437,  355,  367,  237,  611,  434,  397,  617,  599,  395,  559,  480,    0,  452,  410,  114,  334,  647,  469,  204,  494,  125,  595,  484,  433,  406,  521,  410,  436,   91,  616,  448,  378,  551,  384,  405,  137,   33,  107,  605,  335,  504,  480,  379,  418,  162,  518,  556,  299,  492,  131,  320,  222,  472,  570,  307,  652],
        [  695,    0,  567,   54,  644,  629,  240,  342,  378,  650,  599,  866,  736,  534,  665,  744,  712,  411,  107,  178,  218,  674,  782,  711,  463,  288,  333,  724,  838,   36,  436,  599,  561,  723,  886,  687,  618,  824,  122,  704,  167,  452,    0,  853,  497,  540,  200,  828,  481,  235,  477,  737,  203,  848,  242,  203,  728,  879,  533,  569,  357,  587,  828,  790,  825,  344,  447,  498, 1029,  163,  224,  556,  390,  429,  320,  871,  975,  747,  345,  471,  378,  466,  158,  299,  726,  698],
        [  322,    0,  323,  840,  290,  903,  667,  529,  770,  229,  800,   18,  940,  399,  785,  177,  300,  615,  952, 1026,  990,  183,  995,  161,  538,  567,  574,  230,   55,  832,  700,  610,  481,  856,  109,  375,  927,  537,  774,  794,  889,  410,  853,    0,  360,  615, 1039,  499,  418,  898,  455,  822,  836,  357,  808,  877,  334,   27,  354,  950,  829,  634,  663,  150,  333,  511,  409,  420,  416,  713,  910,  785,  745,  773,  569,  533,  403,  116,  879,  465,  689,  445,  881,  971,  325,  930],
        [  259,    0,  172,  489,  182,  716,  310,  171,  506,  157,  624,  375,  788,  146,  644,  254,  265,  304,  594,  673,  654,  191,  847,  239,  248,  218,  272,  247,  342,  474,  467,  476,  340,  722,  412,  283,  730,  486,  414,  669,  555,  114,  497,  360,    0,  445,  680,  543,  107,  579,  235,  706,  481,  478,  496,  522,  298,  387,  161,  728,  552,  488,  645,  298,  448,  153,   87,  210,  634,  354,  587,  594,  488,  529,  255,  591,  592,  265,  592,  242,  429,  132,  546,  658,  359,  765],
        [  693,    0,  322,  493,  611,  291,  550,  477,  219,  549,  189,  618,  347,  588,  200,  629,  692,  668,  639,  648,  537,  467,  405,  462,  649,  375,  253,  650,  637,  547,  129,   60,  135,  278,  579,  725,  313,  931,  558,  226,  455,  334,  540,  615,  445,    0,  728,  318,  536,  419,  211,  263,  675,  401,  338,  700,  731,  637,  306,  337,  281,   52,  289,  657,  392,  415,  365,  240,  571,  519,  438,  170,  191,  192,  280,  353,  514,  506,  335,  204,  169,  550,  453,  461,  321,  328],
        [  850,    0,  764,  237,  810,  771,  387,  515,  543,  827,  760, 1053,  879,  692,  832,  918,  870,  527,   93,  121,  267,  863,  919,  903,  595,  482,  532,  892, 1020,  211,  615,  787,  759,  881, 1079,  833,  754,  939,  268,  871,  293,  647,  200, 1039,  680,  728,    0, 1024,  647,  356,  677,  902,  255, 1048,  403,  222,  879, 1066,  731,  695,  507,  772, 1014,  964, 1025,  530,  638,  697, 1228,  328,  337,  719,  561,  593,  520, 1067, 1175,  938,  478,  671,  561,  627,  290,  383,  926,  840],
        [  718,    0,  371,  787,  644,  520,  772,  657,  536,  562,  426,  493,  512,  680,  375,  600,  707,  836,  933,  955,  853,  440,  557,  403,  789,  595,  501,  643,  543,  828,  446,  267,  268,  423,  414,  765,  552,  968,  817,  365,  766,  469,  828,  499,  543,  318, 1024,    0,  649,  735,  372,  380,  925,  152,  650,  957,  749,  511,  387,  603,  597,  292,  172,  607,  169,  599,  499,  370,  271,  766,  754,  437,  508,  505,  520,   50,  218,  430,  651,  374,  481,  673,  763,  778,  198,  518],
        [  218,    0,  278,  486,  164,  795,  261,  141,  566,  190,  708,  434,  873,   61,  734,  273,  233,  207,  567,  659,  664,  273,  932,  324,  143,  239,  331,  245,  387,  453,  540,  571,  440,  812,  487,  222,  805,  409,  380,  761,  570,  204,  481,  418,  107,  536,  647,  649,    0,  605,  329,  798,  423,  581,  531,  465,  254,  442,  266,  796,  604,  581,  749,  320,  550,  165,  172,  309,  731,  323,  610,  674,  552,  596,  308,  698,  692,  341,  638,  335,  495,   29,  560,  686,  464,  848],
        [  820,    0,  580,  186,  754,  416,  425,  472,  207,  734,  411,  908,  524,  665,  485,  831,  832,  602,  289,  249,  119,  718,  565,  741,  635,  368,  325,  825,  898,  266,  292,  475,  494,  528,  904,  826,  400,  994,  337,  523,   70,  494,  235,  898,  579,  419,  356,  735,  605,    0,  456,  552,  436,  796,   93,  437,  858,  925,  547,  343,  157,  454,  690,  874,  780,  442,  504,  488,  975,  349,   21,  371,  231,  251,  332,  771,  919,  784,  123,  447,  255,  599,   78,   81,  689,  485],
        [  484,    0,  133,  446,  403,  490,  400,  295,  317,  346,  394,  462,  556,  379,  410,  432,  484,  483,  584,  629,  560,  283,  615,  294,  452,  223,  147,  448,  464,  471,  254,  243,  117,  488,  449,  515,  507,  720,  450,  435,  460,  125,  477,  455,  235,  211,  677,  372,  329,  456,    0,  471,  554,  372,  364,  588,  523,  480,  107,  514,  375,  253,  433,  466,  348,  234,  158,   36,  552,  396,  471,  366,  292,  324,  158,  420,  498,  340,  425,   11,  235,  346,  455,  524,  249,  534],
        [  947,    0,  568,  685,  865,  176,  797,  737,  361,  797,  142,  821,  134,  850,   74,  868,  944,  927,  823,  801,  663,  700,  179,  684,  911,  629,  505,  896,  854,  754,  309,  232,  374,   46,  761,  982,  209, 1189,  784,   38,  610,  595,  737,  822,  706,  263,  902,  380,  798,  552,  471,    0,  902,  522,  501,  921,  985,  840,  558,  277,  396,  218,  228,  891,  529,  675,  627,  497,  645,  754,  572,  183,  348,  310,  533,  382,  595,  725,  433,  465,  370,  813,  612,  556,  499,  146],
        [  610,    0,  604,  251,  580,  813,  172,  311,  552,  612,  769,  851,  917,  459,  829,  695,  631,  275,  210,  322,  412,  672,  967,  718,  347,  332,  431,  662,  809,  170,  594,  732,  660,  893,  892,  588,  805,  685,  119,  866,  368,  484,  203,  836,  481,  675,  255,  925,  423,  436,  554,  902,    0,  914,  428,   42,  636,  861,  574,  761,  544,  725,  958,  742,  887,  348,  465,  563, 1088,  160,  426,  726,  559,  602,  408,  972, 1038,  746,  540,  552,  532,  399,  359,  501,  788,  880],
        [  609,    0,  317,  815,  542,  647,  749,  621,  612,  458,  547,  349,  652,  600,  506,  479,  594,  781,  955,  995,  910,  335,  700,  289,  724,  585,  516,  527,  405,  842,  523,  364,  303,  563,  265,  660,  677,  855,  816,  502,  815,  433,  848,  357,  478,  401, 1048,  152,  581,  796,  372,  522,  914,    0,  706,  950,  637,  366,  343,  720,  675,  392,  324,  478,   32,  570,  457,  355,  182,  760,  814,  549,  583,  591,  529,  179,  127,  306,  730,  377,  544,  608,  811,  850,  127,  653],
        [  743,    0,  488,  188,  674,  388,  381,  404,  141,  649,  361,  817,  495,  592,  430,  746,  754,  553,  323,  313,  205,  627,  542,  650,  576,  293,  235,  743,  808,  264,  216,  396,  404,  483,  812,  753,  378,  929,  316,  469,  118,  406,  242,  808,  496,  338,  403,  650,  531,   93,  364,  501,  428,  706,    0,  438,  782,  834,  456,  334,  117,  377,  617,  788,  689,  367,  418,  395,  885,  312,  109,  318,  159,  191,  245,  688,  829,  693,  120,  354,  170,  528,  117,  165,  597,  457],
        [  651,    0,  642,  255,  622,  825,  212,  351,  567,  653,  786,  892,  931,  501,  848,  737,  673,  314,  189,  300,  402,  712,  979,  758,  387,  366,  460,  704,  850,  175,  614,  758,  691,  910,  933,  628,  816,  721,  143,  886,  368,  521,  203,  877,  522,  700,  222,  957,  465,  437,  588,  921,   42,  950,  438,    0,  677,  903,  612,  769,  554,  750,  985,  783,  923,  387,  503,  598, 1125,  192,  426,  743,  575,  618,  438, 1004, 1075,  786,  547,  585,  553,  441,  360,  497,  824,  893],
        [   40,    0,  418,  736,  120, 1011,  495,  392,  803,  192,  916,  351, 1077,  196,  928,  164,   43,  368,  806,  904,  917,  310, 1136,  350,  290,  491,  568,  112,  282,  697,  764,  753,  611, 1006,  439,   53, 1026,  220,  619,  950,  823,  410,  728,  334,  298,  731,  879,  749,  254,  858,  523,  985,  636,  637,  782,  677,    0,  348,  427, 1025,  847,  769,  886,  185,  607,  416,  384,  492,  739,  566,  863,  888,  785,  826,  548,  794,  716,  333,  884,  531,  727,  264,  813,  938,  552, 1057],
        [  338,    0,  348,  867,  310,  925,  693,  555,  795,  253,  821,   20,  959,  422,  805,  195,  315,  638,  979, 1053, 1016,  209, 1014,  186,  561,  593,  600,  247,   66,  859,  724,  631,  503,  874,  108,  390,  949,  546,  800,  813,  915,  436,  879,   27,  387,  637, 1066,  511,  442,  925,  480,  840,  861,  366,  834,  903,  348,    0,  379,  972,  854,  655,  676,  163,  343,  537,  435,  445,  413,  740,  937,  807,  769,  797,  595,  543,  404,  141,  904,  490,  714,  469,  908,  997,  342,  951],
        [  389,    0,   34,  510,  308,  592,  408,  279,  421,  244,  493,  362,  652,  306,  502,  327,  387,  450,  639,  697,  644,  178,  711,  195,  404,  252,  224,  345,  359,  520,  360,  327,  186,  580,  361,  425,  610,  633,  483,  523,  543,   91,  533,  354,  161,  306,  731,  387,  266,  547,  107,  558,  574,  343,  456,  612,  427,  379,    0,  620,  478,  343,  484,  360,  314,  228,  116,   72,  514,  424,  560,  469,  397,  430,  223,  436,  465,  239,  527,  117,  340,  289,  536,  619,  217,  633],
        [  986,    0,  643,  515,  907,  102,  704,  693,  234,  858,  177,  953,  196,  855,  239,  946,  990,  866,  631,  581,  434,  792,  226,  794,  874,  574,  466,  959,  968,  595,  263,  358,  470,  236,  915, 1008,   71, 1204,  650,  265,  412,  616,  569,  950,  728,  337,  695,  603,  796,  343,  514,  277,  761,  720,  334,  769, 1025,  972,  620,    0,  220,  331,  486,  979,  717,  640,  641,  549,  873,  641,  360,  172,  245,  200,  490,  620,  818,  839,  224,  505,  301,  801,  418,  318,  655,  158],
        [  808,    0,  507,  303,  733,  272,  487,  488,   64,  697,  255,  836,  380,  664,  328,  790,  815,  652,  432,  405,  273,  655,  426,  669,  667,  371,  280,  795,  837,  380,  153,  332,  380,  374,  817,  823,  262, 1010,  431,  367,  215,  448,  357,  829,  552,  281,  507,  597,  604,  157,  375,  396,  544,  675,  117,  554,  847,  854,  478,  220,    0,  309,  538,  829,  663,  442,  467,  410,  849,  422,  177,  215,   92,   97,  299,  630,  792,  714,   56,  365,  141,  605,  218,  182,  580,  341],
        [  731,    0,  355,  539,  650,  270,  601,  526,  250,  584,  166,  636,  313,  632,  160,  660,  729,  718,  685,  689,  573,  495,  371,  485,  697,  426,  304,  685,  660,  595,  163,   28,  161,  237,  590,  765,  297,  972,  608,  182,  494,  378,  587,  634,  488,   52,  772,  292,  581,  454,  253,  218,  725,  392,  377,  750,  769,  655,  343,  331,  309,    0,  242,  686,  387,  464,  410,  279,  554,  570,  474,  160,  224,  215,  331,  322,  498,  529,  362,  247,  212,  597,  494,  490,  326,  298],
        [  852,    0,  480,  781,  773,  391,  821,  727,  484,  695,  315,  658,  360,  789,  248,  747,  843,  916,  927,  929,  808,  580,  399,  550,  881,  642,  528,  785,  704,  835,  402,  229,  317,  274,  583,  895,  425, 1102,  843,  224,  734,  551,  828,  663,  645,  289, 1014,  172,  749,  690,  433,  228,  958,  324,  617,  985,  886,  676,  484,  486,  538,  242,    0,  759,  339,  665,  584,  444,  422,  800,  710,  341,  461,  442,  553,  160,  375,  583,  587,  431,  453,  770,  734,  716,  345,  373],
        [  176,    0,  338,  786,  165,  947,  580,  451,  776,  142,  846,  167,  998,  285,  844,   47,  153,  497,  882,  967,  952,  192, 1056,  211,  418,  516,  555,   89,   98,  765,  719,  665,  525,  919,  257,  228,  967,  389,  697,  859,  852,  384,  790,  150,  298,  657,  964,  607,  320,  874,  466,  891,  742,  478,  788,  783,  185,  163,  360,  979,  829,  686,  759,    0,  450,  449,  371,  431,  562,  638,  883,  824,  754,  789,  543,  647,  543,  177,  874,  475,  695,  343,  844,  951,  415,  983],
        [  579,    0,  288,  793,  512,  647,  721,  592,  599,  428,  546,  325,  657,  569,  509,  450,  564,  751,  932,  974,  893,  304,  707,  258,  693,  559,  494,  497,  379,  818,  512,  360,  287,  568,  246,  629,  677,  826,  791,  507,  797,  405,  825,  333,  448,  392, 1025,  169,  550,  780,  348,  529,  887,   32,  689,  923,  607,  343,  314,  717,  663,  387,  339,  450,    0,  542,  429,  330,  204,  734,  797,  546,  571,  581,  506,  201,  152,  277,  718,  355,  530,  577,  792,  836,  100,  657],
        [  379,    0,  257,  338,  314,  649,  180,   63,  408,  308,  570,  524,  735,  225,  606,  404,  391,  254,  442,  520,  508,  335,  792,  376,  239,   75,  178,  390,  494,  322,  393,  460,  350,  682,  553,  387,  656,  568,  267,  637,  410,  137,  344,  511,  153,  415,  530,  599,  165,  442,  234,  675,  348,  570,  367,  387,  416,  537,  228,  640,  442,  464,  665,  449,  542,    0,  117,  230,  741,  206,  448,  533,  396,  442,  152,  648,  693,  409,  474,  235,  342,  164,  401,  523,  444,  706],
        [  345,    0,  142,  432,  268,  631,  295,  164,  421,  232,  541,  421,  706,  223,  564,  329,  350,  338,  549,  618,  586,  228,  764,  265,  298,  159,  188,  329,  400,  429,  381,  400,  270,  642,  441,  369,  644,  570,  381,  590,  485,   33,  447,  409,   87,  365,  638,  499,  172,  504,  158,  627,  465,  457,  418,  503,  384,  435,  116,  641,  467,  410,  584,  371,  429,  117,    0,  140,  626,  320,  513,  509,  402,  443,  174,  548,  579,  301,  509,  163,  343,  189,  477,  581,  332,  681],
        [  453,    0,   98,  469,  372,  522,  404,  289,  352,  313,  425,  427,  586,  356,  438,  398,  453,  474,  604,  654,  589,  247,  644,  260,  437,  232,  172,  414,  428,  489,  289,  266,  131,  516,  417,  486,  540,  693,  462,  461,  489,  107,  498,  420,  210,  240,  697,  370,  309,  488,   36,  497,  563,  355,  395,  598,  492,  445,   72,  549,  410,  279,  444,  431,  330,  230,  140,    0,  533,  406,  502,  399,  327,  359,  179,  418,  481,  304,  460,   46,  270,  328,  483,  557,  230,  565],
        [  719,    0,  485,  996,  663,  791,  920,  788,  786,  582,  697,  402,  778,  741,  645,  576,  700,  936, 1136, 1176, 1089,  465,  820,  414,  873,  761,  697,  629,  471, 1022,  697,  528,  483,  689,  308,  772,  823,  950,  993,  633,  996,  605, 1029,  416,  634,  571, 1228,  271,  731,  975,  552,  645, 1088,  182,  885, 1125,  739,  413,  514,  873,  849,  554,  422,  562,  204,  741,  626,  533,    0,  936,  993,  706,  758,  762,  709,  264,   57,  414,  904,  558,  721,  759,  992, 1027,  304,  786],
        [  534,    0,  455,  182,  486,  680,   80,  188,  418,  500,  626,  728,  781,  373,  681,  592,  552,  257,  245,  338,  369,  540,  833,  582,  302,  175,  272,  568,  693,  132,  447,  575,  501,  749,  759,  525,  677,  665,   62,  718,  292,  335,  163,  713,  354,  519,  328,  766,  323,  349,  396,  754,  160,  760,  312,  192,  566,  740,  424,  641,  422,  570,  800,  638,  734,  206,  320,  406,  936,    0,  345,  584,  419,  465,  249,  813,  885,  615,  431,  393,  385,  306,  282,  426,  634,  746],
        [  826,    0,  593,  176,  760,  435,  423,  475,  227,  743,  431,  920,  543,  669,  505,  840,  838,  600,  272,  230,  100,  729,  583,  754,  635,  374,  337,  833,  908,  256,  312,  494,  511,  547,  918,  830,  418,  995,  330,  543,   58,  504,  224,  910,  587,  438,  337,  754,  610,   21,  471,  572,  426,  814,  109,  426,  863,  937,  560,  360,  177,  474,  710,  883,  797,  448,  513,  502,  993,  345,    0,  391,  251,  271,  343,  790,  936,  797,  142,  462,  274,  603,   68,   81,  706,  504],
        [  848,    0,  488,  503,  768,  124,  633,  591,  179,  711,   44,  788,  203,  730,  114,  794,  850,  777,  640,  619,  485,  635,  260,  632,  771,  476,  355,  813,  807,  574,  142,  187,  305,  168,  746,  876,  143, 1078,  608,  153,  427,  480,  556,  785,  594,  170,  719,  437,  674,  371,  366,  183,  726,  549,  318,  743,  888,  807,  469,  172,  215,  160,  341,  824,  546,  533,  509,  399,  706,  584,  391,    0,  168,  128,  383,  459,  650,  676,  256,  358,  201,  684,  430,  383,  485,  174],
