{
    "name": "random-60-1990",
    "comment": "size=60 seed=1990",
    "nodes": ["+0", "-0", "+1", "-1", "+2", "-2", "+3", "-3", "+4", "-4", "+5", "-5", "+6", "-6", "+7", "-7", "+8", "-8", "+9", "-9", "+10", "-10", "+11", "-11", "+12", "-12", "+13", "-13", "+14", "-14", "+15", "-15", "+16", "-16", "+17", "-17", "+18", "-18", "+19", "-19", "+20", "-20", "+21", "-21", "+22", "-22", "+23", "-23", "+24", "-24", "+25", "-25", "+26", "-26", "+27", "-27", "+28", "-28", "+29", "-29", "+30", "-30", "+31", "-31", "+32", "-32", "+33", "-33", "+34", "-34", "+35", "-35", "+36", "-36", "+37", "-37", "+38", "-38", "+39", "-39", "+40", "-40", "+41", "-41", "+42", "-42", "+43", "-43", "+44", "-44", "+45", "-45", "+46", "-46", "+47", "-47", "+48", "-48", "+49", "-49", "+50", "-50", "+51", "-51", "+52", "-52", "+53", "-53", "+54", "-54", "+55", "-55", "+56", "-56", "+57", "-57", "+58", "-58", "+59", "-59", "+60", "-60"],
    "precedence": {
        "+0": "-0",
        "+1": "-1",
        "+2": "-2",
        "+3": "-3",
        "+4": "-4",
        "+5": "-5",
        "+6": "-6",
        "+7": "-7",
        "+8": "-8",
        "+9": "-9",
        "+10": "-10",
        "+11": "-11",
        "+12": "-12",
        "+13": "-13",
        "+14": "-14",
        "+15": "-15",
        "+16": "-16",
        "+17": "-17",
        "+18": "-18",
        "+19": "-19",
        "+20": "-20",
        "+21": "-21",
        "+22": "-22",
        "+23": "-23",
        "+24": "-24",
        "+25": "-25",
        "+26": "-26",
        "+27": "-27",
        "+28": "-28",
        "+29": "-29",
        "+30": "-30",
        "+31": "-31",
        "+32": "-32",
        "+33": "-33",
        "+34": "-34",
        "+35": "-35",
        "+36": "-36",
        "+37": "-37",
        "+38": "-38",
        "+39": "-39",
        "+40": "-40",
        "+41": "-41",
        "+42": "-42",
        "+43": "-43",
        "+44": "-44",
        "+45": "-45",
        "+46": "-46",
        "+47": "-47",
        "+48": "-48",
        "+49": "-49",
        "+50": "-50",
        "+51": "-51",
        "+52": "-52",
        "+53": "-53",
        "+54": "-54",
        "+55": "-55",
        "+56": "-56",
        "+57": "-57",
        "+58": "-58",
        "+59": "-59",
        "+60": "-60"
    },
    "edges": [
        [    0,    0,  199,  556,  300,  357,  347,  721,  641,  392,  139,  359,  432,  364,  581,  664,  795,  522,  660,  644,  372,  286,  392,  886,  577,  640,   42,  643,  489,  725,  758,  893,  175,  187,  628,  402,  778,  802,  747,  661,  758,  281,  792,  889,  853,  106,  589,  382,  637,  680,  584,   87,  650,  456,  647,  338,  125,  611,  548,  727,  795,  183,  205,  669,  583,  546,  254,  904,  335,  349,  421,  991,  833,  855,  726,  888,  702,  326,  871,  372,  144,  881,  620,  952,  197,  600,  360,  604, 1075,  349,  460,  883, 1000,  689,  736,  643,  820,  636,  348,  227,  609,  858,  887,  505,  272,  746,  358,  228,  688,  539,  218,  436,  698,  889,  413,  439,  926,  258,  970,  225,  651,  235],
        [    0,    0,    0,    0,    0,    0,    0,    0,    0,    0,    0,    0,    0,    0,    0,    0,    0,    0,    0,    0,    0,    0,    0,    0,    0,    0,    0,    0,    0,    0,    0,    0,    0,    0,    0,    0,    0,    0,    0,    0,    0,    0,    0,    0,    0,    0,    0,    0,    0,    0,    0,    0,    0,    0,    0,    0,    0,    0,    0,    0,    0,    0,    0,    0,    0,    0,    0,    0,    0,    0,    0,    0,    0,    0,    0,    0,    0,    0,    0,    0,    0,    0,    0,    0,    0,    0,    0,    0,    0,    0,    0,    0,    0,    0,    0,    0,    0,    0,    0,    0,    0,    0,    0,    0,    0,    0,    0,    0,    0,    0,    0,    0,    0,    0,    0,    0,    0,    0,    0,    0,    0,    0],
        [  199,    0,    0,  496,  403,  175,  385,  869,  837,  295,  337,  255,  441,  453,  758,  570,  802,  683,  600,  692,  496,  202,  514,  919,  495,  566,  185,  530,  536,  787,  705,  883,  370,  385,  745,  277,  758,  930,  737,  803,  651,  327,  929,  929,  948,   94,  589,  481,  646,  807,  558,  156,  588,  298,  584,  535,   75,  704,  645,  795,  889,   70,  145,  817,  744,  693,  159,  808,  529,  303,  370, 1048,  941,  749,  866,  791,  592,  287,  868,  270,  264,  792,  697, 1036,  186,  790,  557,  557, 1162,  506,  500,  986, 1051,  745,  754,  686,  749,  799,  523,  170,  737,  890,  819,  436,  352,  850,  457,  318,  694,  463,  111,  369,  653,  846,  301,  469,  909,  144,  876,  137,  727,  359],
        [  556,    0,  496,    0,  399,  596,  274,  755,  970,  206,  629,  246,  191,  370,  785,  141,  355,  665,  106,  355,  459,  296,  462,  501,   65,   90,  514,  176,  283,  455,  210,  406,  619,  656,  570,  246,  278,  739,  274,  683,  239,  314,  768,  522,  660,  524,  183,  397,  236,  638,  106,  473,   95,  308,   91,  738,  521,  477,  451,  475,  610,  437,  371,  712,  705,  626,  339,  359,  713,  208,  136,  660,  686,  323,  724,  345,  202,  231,  400,  232,  451,  330,  429,  708,  362,  871,  756,   69,  825,  552,  259,  711,  652,  407,  333,  339,  264,  755,  618,  344,  595,  473,  332,   62,  362,  609,  393,  389,  263,   51,  606,  128,  159,  351,  213,  235,  425,  352,  421,  366,  446,  440],
        [  300,    0,  403,  399,    0,  575,  127,  475,  577,  350,  288,  347,  214,   67,  417,  537,  528,  312,  483,  354,   98,  298,  114,  598,  449,  487,  270,  550,  210,  428,  559,  637,  257,  296,  343,  398,  537,  528,  497,  405,  637,  112,  529,  598,  557,  351,  345,   83,  379,  404,  374,  264,  478,  489,  476,  343,  364,  313,  251,  429,  499,  339,  280,  423,  368,  303,  310,  752,  316,  259,  295,  694,  543,  721,  467,  740,  594,  244,  609,  350,  158,  719,  322,  654,  230,  487,  360,  417,  777,  159,  193,  590,  704,  395,  463,  356,  638,  424,  221,  270,  335,  571,  697,  375,   60,  453,   59,   85,  428,  410,  481,  328,  496,  667,  384,  189,  675,  331,  811,  304,  353,   69],
        [  357,    0,  175,  596,  575,    0,  543, 1044,  996,  392,  492,  355,  585,  621,  930,  636,  931,  857,  693,  843,  669,  332,  687, 1059,  578,  650,  352,  580,  691,  942,  799,  999,  531,  540,  916,  352,  871, 1102,  859,  977,  700,  491, 1103, 1072, 1112,  254,  721,  651,  780,  979,  676,  329,  680,  322,  676,  693,  235,  870,  812,  952, 1053,  237,  303,  991,  918,  867,  295,  860,  691,  434,  490, 1197, 1108,  794, 1039,  842,  641,  424,  989,  368,  438,  852,  858, 1196,  350,  956,  714,  663, 1321,  680,  653, 1151, 1198,  897,  889,  835,  825,  973,  695,  322,  909, 1029,  895,  535,  522, 1018,  628,  491,  825,  554,  156,  478,  754,  941,  384,  620, 1020,  274,  926,  286,  888,  533],
        [  347,    0,  385,  274,  127,  543,    0,  554,  702,  246,  379,  252,   95,  113,  532,  411,  449,  418,  360,  310,  200,  225,  208,  545,  323,  362,  308,  425,  152,  403,  443,  549,  359,  398,  393,  299,  438,  580,  404,  481,  511,   66,  593,  552,  570,  362,  246,  147,  291,  461,  258,  282,  354,  393,  352,  466,  369,  331,  277,  411,  511,  315,  242,  504,  468,  395,  253,  628,  440,  153,  173,  665,  570,  596,  535,  616,  468,  145,  526,  251,  210,  596,  315,  654,  200,  609,  483,  296,  779,  283,  118,  611,  670,  361,  390,  306,  519,  523,  346,  222,  399,  517,  580,  250,   93,  480,  133,  130,  342,  285,  482,  207,  380,  560,  279,   93,  584,  275,  688,  258,  345,  171],
        [  721,    0,  869,  755,  475, 1044,  554,    0,  438,  798,  630,  805,  585,  446,  230,  888,  627,  206,  789,  448,  378,  768,  362,  571,  819,  822,  707,  930,  474,  403,  809,  734,  580,  599,  190,  853,  712,  136,  663,   75,  975,  578,   91,  548,  309,  803,  597,  412,  577,  129,  672,  719,  791,  946,  792,  498,  818,  289,  305,  380,  290,  809,  755,   53,  150,  177,  784, 1033,  474,  706,  712,  541,  247, 1032,   52, 1028,  952,  698,  697,  805,  607,  992,  349,  411,  705,  326,  492,  732,  490,  372,  502,  294,  568,  425,  568,  466,  899,  120,  387,  745,  161,  563,  931,  764,  533,  228,  431,  557,  597,  790,  932,  746,  761,  846,  831,  534,  777,  805, 1072,  778,  348,  511],
        [  641,    0,  837,  970,  577,  996,  702,  438,    0,  916,  504,  903,  780,  601,  229, 1110,  981,  341, 1042,  780,  513,  838,  513,  969, 1023, 1056,  654, 1127,  718,  780, 1099, 1097,  468,  456,  547,  955, 1038,  574,  989,  452, 1209,  682,  525,  951,  741,  746,  870,  575,  877,  528,  924,  690, 1039, 1038, 1038,  303,  765,  628,  600,  762,  711,  804,  785,  424,  340,  406,  832, 1310,  309,  830,  872,  970,  683, 1288,  485, 1300, 1168,  811, 1061,  910,  609, 1273,  686,  848,  743,  120,  282,  976,  927,  420,  726,  732,  994,  782,  913,  793, 1186,  329,  359,  790,  499,  953, 1235,  951,  627,  644,  578,  619,  915,  986,  848,  904, 1039, 1177,  948,  740, 1140,  846, 1363,  811,  701,  557],
        [  392,    0,  295,  206,  350,  392,  246,  798,  916,    0,  493,   41,  232,  357,  767,  280,  543,  659,  307,  484,  440,  107,  451,  678,  201,  272,  352,  252,  353,  587,  414,  607,  498,  531,  631,   58,  480,  816,  468,  725,  368,  239,  833,  694,  780,  337,  339,  391,  399,  700,  286,  305,  295,  150,  291,  644,  330,  557,  511,  603,  724,  242,  188,  749,  711,  640,  146,  521,  625,   94,  108,  826,  791,  466,  778,  504,  311,  108,  598,   26,  325,  501,  526,  848,  200,  834,  665,  272,  971,  507,  316,  826,  823,  540,  507,  473,  455,  766,  559,  165,  642,  649,  525,  145,  294,  704,  376,  298,  439,  169,  404,   88,  364,  555,   34,  280,  629,  153,  588,  175,  552,  359],
        [  139,    0,  337,  629,  288,  492,  379,  630,  504,  493,    0,  467,  474,  353,  464,  751,  815,  425,  727,  640,  328,  393,  346,  883,  661,  717,  160,  740,  497,  706,  818,  921,   50,   49,  568,  514,  816,  726,  779,  578,  848,  321,  708,  882,  804,  244,  622,  359,  662,  611,  635,  205,  719,  579,  716,  202,  263,  573,  512,  704,  749,  315,  320,  580,  484,  462,  370,  986,  201,  432,  498,  969,  776,  942,  643,  971,  795,  409,  895,  478,  179,  958,  596,  910,  294,  471,  223,  666, 1028,  269,  476,  828,  982,  678,  750,  643,  888,  533,  244,  335,  540,  857,  953,  585,  288,  692,  340,  249,  713,  621,  346,  520,  756,  939,  519,  465,  958,  379, 1049,  343,  626,  221],
        [  359,    0,  255,  246,  347,  355,  252,  805,  903,   41,  467,    0,  254,  361,  762,  318,  578,  658,  347,  510,  439,   75,  452,  710,  241,  312,  320,  286,  373,  613,  454,  645,  474,  506,  643,   53,  518,  830,  505,  732,  405,  235,  844,  726,  801,  299,  371,  395,  431,  712,  322,  273,  336,  143,  331,  625,  291,  573,  525,  627,  744,  204,  154,  755,  712,  643,  108,  559,  607,  103,  138,  856,  810,  503,  787,  542,  347,  108,  635,   16,  304,  540,  546,  873,  173,  825,  646,  311,  997,  500,  335,  846,  854,  566,  540,  500,  495,  767,  548,  133,  651,  681,  565,  185,  289,  722,  378,  286,  473,  210,  364,  124,  404,  595,   54,  299,  667,  114,  626,  138,  573,  348],
        [  432,    0,  441,  191,  214,  585,   95,  585,  780,  232,  474,  254,    0,  179,  595,  332,  368,  476,  269,  260,  268,  254,  271,  478,  248,  277,  392,  357,  122,  361,  348,  461,  454,  493,  407,  290,  347,  589,  315,  511,  430,  155,  610,  489,  548,  434,  157,  207,  209,  477,  164,  361,  264,  381,  262,  557,  438,  327,  286,  374,  492,  372,  297,  538,  519,  442,  292,  539,  530,  155,  132,  612,  559,  510,  559,  527,  392,  162,  441,  247,  302,  505,  294,  620,  264,  681,  574,  204,  745,  362,   86,  594,  613,  315,  314,  251,  425,  571,  430,  272,  424,  449,  486,  183,  188,  473,  203,  225,  259,  214,  545,  164,  285,  466,  262,   52,  494,  312,  597,  306,  320,  265],
        [  364,    0,  453,  370,   67,  621,  113,  446,  601,  357,  353,  361,  179,    0,  421,  510,  465,  306,  444,  288,   90,  323,   96,  532,  425,  455,  332,  531,  148,  362,  512,  575,  321,  359,  296,  410,  481,  484,  439,  373,  609,  135,  490,  532,  498,  409,  291,   35,  319,  361,  330,  322,  440,  503,  439,  391,  420,  254,  193,  364,  440,  386,  321,  395,  355,  283,  343,  714,  363,  264,  284,  628,  488,  689,  431,  703,  570,  254,  547,  362,  221,  679,  257,  593,  272,  503,  406,  378,  717,  184,  137,  534,  638,  329,  399,  291,  595,  410,  254,  306,  295,  505,  651,  356,  101,  398,   24,  140,  368,  389,  537,  318,  450,  614,  391,  143,  614,  365,  770,  342,  288,  135],
        [  581,    0,  758,  785,  417,  930,  532,  230,  229,  767,  464,  762,  595,  421,    0,  925,  757,  123,  845,  558,  332,  708,  326,  741,  843,  865,  579,  951,  515,  552,  892,  873,  416,  424,  318,  814,  821,  363,  771,  227, 1021,  529,  320,  723,  519,  677,  664,  390,  664,  301,  725,  603,  844,  904,  843,  294,  695,  402,  379,  534,  486,  710,  672,  204,  111,  181,  712, 1109,  276,  675,  704,  744,  464, 1094,  270, 1101,  986,  660,  837,  766,  500, 1071,  462,  628,  624,  110,  283,  781,  716,  265,  529,  515,  768,  557,  691,  572,  980,  111,  236,  670,  270,  725, 1025,  775,  474,  418,  399,  481,  698,  808,  798,  738,  835,  960,  800,  550,  916,  730, 1158,  698,  475,  422],
        [  664,    0,  570,  141,  537,  636,  411,  888, 1110,  280,  751,  318,  332,  510,  925,    0,  412,  804,  117,  468,  599,  385,  602,  565,   91,   69,  623,   74,  419,  560,  191,  425,  745,  782,  700,  296,  309,  862,  327,  816,  100,  446,  895,  591,  767,  616,  297,  538,  337,  768,  218,  578,  109,  318,  106,  872,  609,  605,  584,  582,  721,  521,  466,  847,  843,  764,  425,  241,  848,  320,  255,  730,  800,  192,  854,  225,   65,  343,  431,  303,  574,  223,  552,  801,  468, 1012,  891,  159,  911,  691,  398,  818,  718,  515,  412,  451,  191,  893,  757,  441,  728,  540,  259,  167,  496,  728,  533,  520,  346,  131,  677,  232,  179,  323,  270,  375,  430,  432,  308,  454,  566,  574],
        [  795,    0,  802,  355,  528,  931,  449,  627,  981,  543,  815,  578,  368,  465,  757,  412,    0,  640,  298,  202,  521,  605,  509,  154,  402,  352,  756,  483,  319,  225,  243,  117,  785,  823,  451,  592,  113,  549,   86,  570,  456,  515,  597,  181,  403,  802,  214,  468,  160,  499,  258,  728,  308,  662,  312,  843,  805,  357,  382,  249,  375,  735,  660,  604,  651,  577,  647,  446,  812,  501,  442,  319,  453,  470,  580,  447,  466,  516,   84,  566,  657,  404,  296,  407,  631,  864,  854,  288,  506,  621,  340,  454,  307,  204,   69,  191,  317,  682,  692,  634,  496,  130,  325,  410,  531,  411,  483,  574,  110,  405,  909,  456,  233,  224,  559,  357,  160,  665,  469,  666,  286,  595],
        [  522,    0,  683,  665,  312,  857,  418,  206,  341,  659,  425,  658,  476,  306,  123,  804,  640,    0,  723,  439,  220,  609,  211,  634,  723,  744,  512,  833,  393,  442,  769,  756,  375,  394,  216,  709,  699,  317,  650,  165,  900,  423,  289,  619,  442,  610,  541,  274,  542,  221,  603,  529,  722,  800,  721,  300,  626,  288,  259,  426,  400,  628,  581,  159,   62,   69,  617,  987,  273,  566,  590,  655,  395,  972,  226,  978,  866,  553,  721,  660,  419,  948,  345,  553,  532,  225,  297,  659,  655,  177,  408,  448,  677,  442,  573,  453,  858,  116,  181,  576,  170,  617,  903,  658,  371,  332,  285,  384,  577,  689,  736,  624,  712,  839,  692,  430,  799,  637, 1035,  607,  361,  330],
        [  660,    0,  600,  106,  483,  693,  360,  789, 1042,  307,  727,  347,  269,  444,  845,  117,  298,  723,    0,  357,  530,  401,  529,  450,  118,   55,  618,  186,  331,  446,  107,  324,  714,  753,  600,  342,  200,  754,  213,  719,  188,  409,  790,  476,  652,  629,  192,  467,  224,  666,  120,  577,   13,  390,   18,  825,  626,  502,  488,  469,  608,  542,  476,  750,  757,  677,  444,  270,  799,  313,  241,  615,  687,  249,  752,  259,  177,  335,  325,  333,  550,  236,  446,  684,  466,  938,  842,   66,  794,  628,  317,  704,  603,  402,  296,  340,  161,  803,  697,  449,  632,  425,  228,  164,  452,  618,  467,  483,  230,  139,  710,  233,   68,  249,  310,  302,  336,  456,  328,  471,  457,  530],
        [  644,    0,  692,  355,  354,  843,  310,  448,  780,  484,  640,  510,  260,  288,  558,  468,  202,  439,  357,    0,  329,  512,  315,  244,  418,  400,  609,  524,  159,  104,  362,  318,  605,  643,  262,  541,  267,  399,  218,  384,  543,  373,  437,  246,  306,  671,  173,  283,  134,  320,  253,  589,  362,  627,  364,  648,  678,  163,  181,  121,  256,  622,  548,  418,  453,  378,  549,  586,  617,  414,  377,  356,  333,  590,  406,  582,  531,  421,  284,  502,  501,  544,  101,  364,  508,  664,  658,  311,  487,  425,  193,  356,  361,   56,  134,   18,  451,  489,  495,  525,  303,  217,  483,  388,  372,  262,  302,  416,  149,  401,  791,  404,  318,  405,  510,  224,  361,  570,  624,  560,  103,  423],
        [  372,    0,  496,  459,   98,  669,  200,  378,  513,  440,  328,  439,  268,   90,  332,  599,  521,  220,  530,  329,    0,  394,   20,  566,  514,  544,  349,  621,  216,  382,  593,  635,  286,  321,  257,  490,  550,  436,  505,  309,  697,  206,  434,  561,  483,  438,  367,   63,  387,  313,  414,  350,  527,  582,  526,  323,  451,  246,  185,  378,  426,  433,  377,  326,  273,  206,  407,  800,  292,  347,  372,  642,  462,  776,  371,  789,  659,  334,  604,  442,  239,  763,  271,  586,  327,  413,  335,  464,  706,  103,  216,  512,  656,  358,  452,  335,  678,  329,  175,  367,  242,  542,  731,  445,  156,  374,   68,  179,  433,  478,  568,  406,  532,  687,  473,  228,  676,  428,  854,  400,  300,  141],
        [  286,    0,  202,  296,  298,  332,  225,  768,  838,  107,  393,   75,  254,  323,  708,  385,  605,  609,  401,  512,  394,    0,  408,  728,  302,  371,  247,  358,  364,  612,  506,  682,  402,  433,  615,  122,  556,  803,  537,  696,  475,  190,  813,  741,  791,  232,  392,  357,  451,  682,  356,  199,  390,  200,  386,  556,  226,  555,  501,  624,  733,  142,   82,  716,  665,  599,   44,  626,  539,  104,  168,  865,  793,  573,  754,  609,  418,   93,  668,   87,  234,  606,  535,  870,  100,  765,  577,  356,  995,  444,  326,  833,  866,  567,  560,  504,  554,  721,  487,   59,  618,  698,  624,  238,  239,  704,  337,  228,  497,  268,  312,  169,  452,  645,  128,  291,  707,   61,  693,   71,  564,  288],
        [  392,    0,  514,  462,  114,  687,  208,  362,  513,  451,  346,  452,  271,   96,  326,  602,  509,  211,  529,  315,   20,  408,    0,  551,  518,  545,  368,  626,  210,  365,  589,  624,  304,  339,  237,  501,  543,  417,  497,  292,  699,  219,  416,  545,  463,  457,  362,   65,  379,  294,  412,  370,  527,  594,  526,  334,  470,  227,  166,  360,  406,  451,  394,  310,  261,  192,  423,  798,  303,  357,  380,  624,  442,  776,  353,  788,  662,  345,  593,  453,  259,  761,  254,  566,  344,  411,  345,  464,  687,  112,  213,  492,  638,  343,  441,  322,  675,  316,  183,  383,  223,  527,  727,  450,  172,  354,   76,  197,  423,  483,  587,  414,  529,  680,  484,  229,  665,  444,  852,  417,  282,  160],
        [  886,    0,  919,  501,  598, 1059,  545,  571,  969,  678,  883,  710,  478,  532,  741,  565,  154,  634,  450,  244,  566,  728,  551,    0,  552,  505,  849,  636,  398,  194,  393,  198,  847,  884,  423,  730,  263,  469,  239,  528,  607,  611,  522,   32,  297,  907,  340,  525,  280,  452,  399,  827,  461,  805,  464,  878,  912,  350,  396,  208,  288,  850,  775,  561,  630,  567,  768,  584,  847,  625,  573,  166,  357,  615,  521,  587,  619,  636,  167,  700,  743,  543,  302,  270,  739,  850,  885,  437,  358,  657,  429,  343,  153,  209,  172,  243,  461,  650,  723,  750,  471,   30,  456,  552,  614,  344,  544,  658,  241,  551, 1022,  591,  386,  344,  697,  455,  233,  788,  596,  784,  278,  666],
        [  577,    0,  495,   65,  449,  578,  323,  819, 1023,  201,  661,  241,  248,  425,  843,   91,  402,  723,  118,  418,  514,  302,  518,  552,    0,   73,  536,  112,  345,  516,  222,  440,  655,  691,  633,  228,  314,  803,  318,  746,  191,  356,  832,  575,  723,  534,  245,  454,  295,  702,  166,  492,  106,  272,  101,  782,  528,  541,  514,  537,  673,  442,  382,  775,  765,  686,  344,  328,  758,  230,  164,  713,  750,  282,  787,  312,  146,  254,  438,  226,  483,  305,  493,  768,  381,  927,  801,  116,  883,  604,  320,  773,  704,  469,  387,  402,  255,  816,  668,  356,  658,  525,  325,   76,  406,  673,  448,  429,  318,   40,  604,  142,  185,  364,  198,  294,  453,  353,  394,  372,  510,  484],
        [  640,    0,  566,   90,  487,  650,  362,  822, 1056,  272,  717,  312,  277,  455,  865,   69,  352,  744,   55,  400,  544,  371,  545,  505,   73,    0,  599,  132,  355,  492,  152,  377,  708,  745,  634,  300,  255,  794,  267,  751,  156,  404,  827,  529,  699,  602,  229,  481,  269,  701,  151,  556,   44,  341,   41,  827,  597,  538,  519,  514,  653,  511,  449,  782,  781,  702,  413,  270,  802,  292,  221,  669,  732,  235,  787,  256,  132,  315,  379,  297,  539,  242,  484,  735,  445,  955,  845,   91,  846,  638,  337,  751,  657,  447,  347,  383,  184,  830,  706,  423,  663,  479,  254,  136,  451,  660,  479,  478,  280,  104,  675,  206,  123,  293,  270,  317,  387,  424,  333,  441,  498,  530],
        [   42,    0,  185,  514,  270,  352,  308,  707,  654,  352,  160,  320,  392,  332,  579,  623,  756,  512,  618,  609,  349,  247,  368,  849,  536,  599,    0,  603,  452,  692,  717,  853,  187,  207,  605,  364,  737,  782,  706,  645,  717,  242,  775,  854,  826,   99,  549,  353,  598,  660,  543,   48,  609,  423,  605,  352,  117,  582,  520,  695,  768,  155,  168,  655,  573,  531,  217,  863,  345,  308,  379,  958,  809,  814,  710,  847,  662,  285,  832,  333,  113,  839,  589,  924,  155,  606,  374,  562, 1047,  336,  422,  858,  966,  655,  698,  607,  778,  627,  344,  188,  588,  821,  846,  464,  238,  720,  329,  194,  649,  498,  225,  394,  657,  848,  374,  400,  886,  223,  929,  189,  620,  209],
        [  643,    0,  530,  176,  550,  580,  425,  930, 1127,  252,  740,  286,  357,  531,  951,   74,  483,  833,  186,  524,  621,  358,  626,  636,  112,  132,  603,    0,  457,  619,  264,  499,  740,  775,  745,  254,  382,  913,  398,  857,  122,  450,  943,  661,  827,  584,  351,  561,  396,  813,  271,  557,  176,  258,  172,  876,  575,  652,  626,  641,  779,  488,  439,  887,  875,  797,  394,  282,  853,  311,  257,  800,  856,  220,  899,  264,   63,  334,  505,  272,  566,  272,  602,  865,  450, 1033,  895,  214,  978,  708,  431,  878,  789,  573,  479,  507,  258,  926,  770,  416,  770,  610,  323,  176,  504,  782,  554,  521,  411,  144,  634,  227,  251,  394,  234,  404,  503,  398,  349,  424,  618,  579],
        [  489,    0,  536,  283,  210,  691,  152,  474,  718,  353,  497,  373,  122,  148,  515,  419,  319,  393,  331,  159,  216,  364,  210,  398,  345,  355,  452,  457,    0,  252,  382,  428,  466,  505,  291,  411,  336,  469,  292,  401,  511,  215,  493,  402,  429,  513,  154,  156,  173,  361,  211,  431,  330,  502,  330,  535,  520,  206,  170,  262,  372,  466,  392,  430,  427,  347,  397,  595,  505,  272,  252,  514,  438,  580,  444,  586,  482,  274,  400,  367,  346,  557,  174,  507,  351,  610,  548,  268,  632,  318,   39,  474,  519,  209,  254,  156,  469,  475,  390,  370,  313,  370,  519,  292,  218,  352,  167,  261,  221,  317,  634,  284,  322,  471,  383,   74,  467,  419,  646,  406,  201,  277],
        [  725,    0,  787,  455,  428,  942,  403,  403,  780,  587,  706,  613,  361,  362,  552,  560,  225,  442,  446,  104,  382,  612,  365,  194,  516,  492,  692,  619,  252,    0,  434,  331,  667,  703,  236,  644,  320,  328,  273,  350,  629,  463,  373,  183,  208,  760,  272,  349,  224,  276,  351,  676,  452,  730,  454,  687,  768,  156,  205,   25,  163,  717,  644,  383,  442,  375,  648,  654,  656,  516,  481,  267,  243,  666,  356,  651,  622,  521,  295,  605,  581,  611,  112,  261,  602,  661,  694,  405,  384,  468,  289,  259,  277,   48,  173,  117,  519,  467,  533,  622,  283,  175,  540,  490,  455,  188,  371,  498,  220,  502,  883,  507,  399,  447,  613,  322,  375,  669,  684,  658,   86,  495],
        [  758,    0,  705,  210,  559,  799,  443,  809, 1099,  414,  818,  454,  348,  512,  892,  191,  243,  769,  107,  362,  593,  506,  589,  393,  222,  152,  717,  264,  382,  434,    0,  236,  801,  840,  621,  448,  131,  757,  166,  742,  214,  497,  798,  422,  633,  733,  229,  531,  234,  682,  185,  677,  119,  492,  123,  901,  730,  521,  520,  458,  595,  647,  580,  776,  796,  717,  549,  225,  873,  415,  343,  559,  676,  233,  768,  220,  233,  436,  246,  439,  642,  183,  460,  648,  567,  990,  917,  155,  748,  694,  378,  685,  543,  396,  265,  345,   90,  838,  765,  553,  658,  372,  139,  270,  536,  618,  535,  570,  216,  246,  816,  337,   63,  143,  416,  371,  240,  562,  267,  575,  465,  613],
        [  893,    0,  883,  406,  637,  999,  549,  734, 1097,  607,  921,  645,  461,  575,  873,  425,  117,  756,  324,  318,  635,  682,  624,  198,  440,  377,  853,  499,  428,  331,  236,    0,  893,  932,  563,  652,  129,  647,  148,  680,  443,  614,  697,  230,  488,  891,  305,  581,  260,  607,  326,  821,  336,  710,  340,  957,  892,  471,  498,  354,  468,  818,  744,  714,  765,  692,  725,  394,  927,  580,  514,  351,  544,  433,  686,  399,  468,  597,   37,  632,  759,  354,  411,  468,  719,  980,  969,  338,  549,  735,  446,  536,  329,  317,  186,  307,  282,  795,  807,  717,  609,  189,  264,  466,  635,  513,  594,  676,  209,  452,  992,  522,  256,  150,  618,  459,   44,  742,  400,  747,  400,  702],
        [  175,    0,  370,  619,  257,  531,  359,  580,  468,  498,   50,  474,  454,  321,  416,  745,  785,  375,  714,  605,  286,  402,  304,  847,  655,  708,  187,  740,  466,  667,  801,  893,    0,   40,  522,  524,  792,  677,  753,  529,  844,  306,  659,  845,  759,  279,  598,  323,  635,  562,  617,  227,  707,  594,  704,  166,  298,  530,  470,  664,  704,  340,  334,  530,  435,  412,  384,  977,  161,  429,  491,  928,  729,  937,  594,  963,  793,  406,  866,  485,  174,  948,  556,  865,  302,  427,  188,  652,  982,  222,  449,  781,  941,  641,  719,  609,  875,  483,  194,  346,  493,  822,  938,  579,  267,  646,  305,  232,  685,  615,  388,  516,  739,  918,  525,  441,  931,  395, 1039,  359,  586,  193],
        [  187,    0,  385,  656,  296,  540,  398,  599,  456,  531,   49,  506,  493,  359,  424,  782,  823,  394,  753,  643,  321,  433,  339,  884,  691,  745,  207,  775,  505,  703,  840,  932,   40,    0,  551,  555,  831,  701,  792,  551,  880,  344,  680,  881,  789,  293,  638,  360,  674,  589,  656,  250,  745,  623,  742,  154,  312,  563,  504,  698,  735,  362,  362,  551,  452,  436,  413, 1014,  156,  465,  528,  962,  757,  973,  616, 1000,  829,  442,  905,  517,  209,  985,  591,  896,  333,  425,  175,  690, 1012,  250,  488,  810,  976,  677,  757,  647,  913,  498,  214,  376,  520,  859,  976,  616,  306,  676,  343,  271,  724,  652,  393,  552,  777,  957,  558,  480,  970,  422, 1077,  387,  620,  232],
        [  628,    0,  745,  570,  343,  916,  393,  190,  547,  631,  568,  643,  407,  296,  318,  700,  451,  216,  600,  262,  257,  615,  237,  423,  633,  634,  605,  745,  291,  236,  621,  563,  522,  551,    0,  687,  528,  188,  479,  123,  786,  430,  203,  405,  240,  693,  408,  266,  388,   71,  484,  605,  602,  780,  603,  496,  706,  100,  122,  217,  190,  680,  616,  156,  208,  148,  638,  845,  466,  541,  537,  441,  208,  843,  155,  839,  765,  536,  526,  640,  495,  803,  162,  350,  567,  427,  498,  543,  462,  301,  323,  260,  461,  247,  388,  279,  711,  232,  349,  602,   49,  408,  745,  582,  394,  126,  289,  428,  410,  606,  823,  571,  572,  665,  663,  356,  606,  660,  885,  637,  165,  397],
        [  402,    0,  277,  246,  398,  352,  299,  853,  955,   58,  514,   53,  290,  410,  814,  296,  592,  709,  342,  541,  490,  122,  501,  730,  228,  300,  364,  254,  411,  644,  448,  652,  524,  555,  687,    0,  524,  873,  515,  779,  375,  286,  889,  748,  837,  333,  392,  444,  452,  756,  335,  317,  329,   94,  325,  676,  323,  614,  568,  660,  781,  235,  197,  802,  762,  692,  148,  532,  659,  147,  164,  880,  848,  473,  833,  515,  316,  157,  644,   49,  354,  517,  584,  905,  222,  877,  697,  314, 1028,  552,  373,  883,  877,  597,  559,  529,  480,  817,  600,  179,  697,  701,  549,  186,  340,  762,  427,  339,  491,  203,  383,  140,  403,  590,   34,  338,  670,  147,  600,  177,  609,  400],
        [  778,    0,  758,  278,  537,  871,  438,  712, 1038,  480,  816,  518,  347,  481,  821,  309,  113,  699,  200,  267,  550,  556,  543,  263,  314,  255,  737,  382,  336,  320,  131,  129,  792,  831,  528,  524,    0,  647,   50,  650,  345,  501,  691,  291,  511,  769,  194,  492,  164,  583,  201,  703,  212,  583,  216,  870,  770,  430,  442,  344,  478,  693,  621,  684,  718,  641,  599,  337,  841,  456,  388,  428,  558,  359,  668,  337,  359,  474,  125,  504,  648,  295,  368,  519,  598,  924,  884,  210,  618,  653,  346,  562,  413,  289,  147,  251,  206,  755,  725,  594,  570,  241,  221,  338,  528,  507,  502,  568,  123,  325,  867,  394,  133,  140,  490,  352,  152,  616,  365,  622,  365,  599],
        [  802,    0,  930,  739,  528, 1102,  580,  136,  574,  816,  726,  830,  589,  484,  363,  862,  549,  317,  754,  399,  436,  803,  417,  469,  803,  794,  782,  913,  469,  328,  757,  647,  677,  701,  188,  873,  647,    0,  600,  153,  941,  618,   56,  442,  183,  873,  566,  452,  532,  124,  645,  786,  759,  966,  760,  616,  887,  264,  305,  303,  181,  865,  803,  164,  271,  266,  826,  979,  590,  728,  720,  416,  119,  987,   95,  976,  926,  724,  611,  827,  675,  937,  311,  279,  754,  462,  613,  704,  354,  459,  504,  161,  443,  362,  500,  417,  844,  253,  489,  789,  194,  465,  867,  758,  581,  140,  475,  612,  542,  780, 1003,  753,  716,  773,  848,  539,  689,  848, 1011,  825,  298,  576],
        [  747,    0,  737,  274,  497,  859,  404,  663,  989,  468,  779,  505,  315,  439,  771,  327,   86,  650,  213,  218,  505,  537,  497,  239,  318,  267,  706,  398,  292,  273,  166,  148,  753,  792,  479,  515,   50,  600,    0,  601,  375,  468,  643,  265,  468,  744,  159,  448,  120,  534,  183,  674,  223,  581,  227,  826,  745,  380,  392,  298,  433,  672,  598,  635,  669,  592,  580,  381,  797,  435,  371,  404,  513,  398,  619,  380,  382,  451,  131,  492,  614,  339,  318,  483,  572,  875,  839,  206,  587,  608,  305,  520,  391,  240,  102,  202,  247,  705,  679,  571,  520,  214,  269,  331,  491,  460,  459,  532,   75,  323,  846,  381,  149,  189,  482,  314,  181,  597,  412,  601,  316,  561],
        [  661,    0,  803,  683,  405,  977,  481,   75,  452,  725,  578,  732,  511,  373,  227,  816,  570,  165,  719,  384,  309,  696,  292,  528,  746,  751,  645,  857,  401,  350,  742,  680,  529,  551,  123,  779,  650,  153,  601,    0,  904,  506,  131,  507,  292,  739,  527,  339,  509,   77,  601,  654,  720,  873,  721,  464,  754,  222,  233,  328,  260,  741,  685,   34,  124,  117,  713,  966,  438,  632,  638,  518,  238,  963,   66,  960,  880,  624,  644,  731,  542,  925,  284,  402,  635,  334,  461,  660,  495,  314,  429,  290,  543,  366,  509,  401,  832,  124,  338,  674,   88,  517,  867,  690,  462,  193,  360,  488,  532,  717,  869,  672,  693,  786,  757,  460,  724,  734, 1007,  708,  286,  445],
        [  758,    0,  651,  239,  637,  700,  511,  975, 1209,  368,  848,  405,  430,  609, 1021,  100,  456,  900,  188,  543,  697,  475,  699,  607,  191,  156,  717,  122,  511,  629,  214,  443,  844,  880,  786,  375,  345,  941,  375,  904,    0,  546,  977,  636,  834,  704,  379,  635,  410,  852,  304,  671,  185,  378,  184,  972,  695,  689,  673,  652,  791,  607,  556,  936,  937,  857,  513,  161,  948,  417,  354,  773,  871,   99,  939,  143,   60,  440,  457,  390,  672,  156,  633,  857,  563, 1109,  991,  245,  961,  790,  492,  886,  757,  586,  469,  526,  169,  985,  856,  532,  817,  585,  223,  266,  596,  805,  632,  619,  410,  230,  756,  329,  232,  316,  354,  471,  438,  518,  228,  543,  644,  674],
        [  281,    0,  327,  314,  112,  491,   66,  578,  682,  239,  321,  235,  155,  135,  529,  446,  515,  423,  409,  373,  206,  190,  219,  611,  356,  404,  242,  450,  215,  463,  497,  614,  306,  344,  430,  286,  501,  618,  468,  506,  546,    0,  625,  617,  622,  298,  310,  168,  357,  496,  315,  217,  402,  377,  399,  427,  306,  379,  321,  470,  563,  258,  189,  526,  478,  410,  209,  673,  404,  149,  194,  728,  617,  635,  565,  659,  498,  132,  591,  238,  147,  642,  370,  710,  142,  597,  446,  346,  835,  268,  182,  660,  733,  423,  456,  370,  569,  534,  324,  173,  430,  582,  633,  280,   56,  527,  147,   75,  408,  316,  420,  224,  435,  620,  272,  159,  648,  231,  734,  209,  401,  129],
        [  792,    0,  929,  768,  529, 1103,  593,   91,  525,  833,  708,  844,  610,  490,  320,  895,  597,  289,  790,  437,  434,  813,  416,  522,  832,  827,  775,  943,  493,  373,  798,  697,  659,  680,  203,  889,  691,   56,  643,  131,  977,  625,    0,  495,  239,  868,  599,  458,  570,  133,  677,  782,  793,  982,  794,  586,  883,  291,  324,  349,  234,  867,  808,  131,  237,  248,  833, 1021,  561,  743,  740,  471,  175, 1026,   66, 1017,  959,  737,  661,  842,  670,  979,  344,  333,  758,  414,  581,  737,  403,  444,  525,  215,  499,  404,  544,  455,  886,  211,  467,  795,  196,  517,  912,  784,  584,  186,  479,  613,  582,  807,  998,  773,  755,  820,  865,  559,  739,  855, 1055,  830,  335,  572],
        [  889,    0,  929,  522,  598, 1072,  552,  548,  951,  694,  882,  726,  489,  532,  723,  591,  181,  619,  476,  246,  561,  741,  545,   32,  575,  529,  854,  661,  402,  183,  422,  230,  845,  881,  405,  748,  291,  442,  265,  507,  636,  617,  495,    0,  268,  914,  356,  523,  296,  430,  419,  832,  486,  824,  489,  869,  920,  337,  387,  194,  262,  860,  785,  539,  612,  551,  780,  615,  838,  638,  588,  140,  329,  646,  497,  618,  646,  649,  199,  716,  746,  574,  294,  239,  748,  832,  876,  459,  327,  650,  435,  313,  131,  205,  190,  247,  491,  629,  715,  760,  453,   51,  488,  572,  617,  320,  543,  661,  260,  572, 1031,  608,  413,  376,  714,  462,  265,  800,  628,  795,  268,  667],
        [  853,    0,  948,  660,  557, 1112,  570,  309,  741,  780,  804,  801,  548,  498,  519,  767,  403,  442,  652,  306,  483,  791,  463,  297,  723,  699,  826,  827,  429,  208,  633,  488,  759,  789,  240,  837,  511,  183,  468,  292,  834,  622,  239,  268,    0,  907,  478,  474,  431,  222,  557,  819,  659,  926,  661,  733,  918,  245,  306,  186,   59,  879,  809,  317,  414,  378,  821,  847,  703,  701,  675,  234,   65,  865,  259,  847,  829,  702,  452,  795,  714,  805,  256,  112,  763,  624,  734,  613,  224,  539,  468,   53,  261,  254,  368,  322,  715,  412,  588,  791,  278,  299,  727,  693,  599,  114,  498,  638,  425,  707, 1035,  704,  603,  624,  808,  503,  527,  843,  871,  827,  229,  618],
        [  106,    0,   94,  524,  351,  254,  362,  803,  746,  337,  244,  299,  434,  409,  677,  616,  802,  610,  629,  671,  438,  232,  457,  907,  534,  602,   99,  584,  513,  760,  733,  891,  279,  293,  693,  333,  769,  873,  744,  739,  704,  298,  868,  914,  907,    0,  589,  433,  643,  750,  570,   88,  618,  373,  615,  443,   20,  662,  601,  766,  848,   98,  154,  750,  671,  626,  192,  857,  439,  319,  391, 1025,  894,  802,  803,  840,  646,  298,  873,  314,  199,  837,  663, 1001,  172,  703,  465,  580, 1125,  433,  479,  941, 1031,  721,  747,  667,  785,  725,  443,  181,  679,  878,  854,  467,  309,  804,  409,  269,  693,  499,  131,  398,  676,  869,  351,  453,  920,  187,  924,  162,  694,  297],
        [  589,    0,  589,  183,  345,  721,  246,  597,  870,  339,  622,  371,  157,  291,  664,  297,  214,  541,  192,  173,  367,  392,  362,  340,  245,  229,  549,  351,  154,  272,  229,  305,  598,  638,  408,  392,  194,  566,  159,  527,  379,  310,  599,  356,  478,  589,    0,  306,   61,  474,   81,  517,  195,  471,  196,  682,  591,  310,  298,  292,  429,  521,  446,  559,  571,  491,  434,  446,  653,  289,  233,  489,  506,  437,  561,  438,  361,  302,  284,  360,  456,  407,  255,  527,  418,  761,  697,  139,  646,  470,  155,  529,  485,  225,  169,  157,  317,  615,  541,  420,  441,  311,  366,  222,  334,  432,  313,  375,  106,  231,  696,  252,  171,  323,  359,  158,  339,  452,  495,  452,  269,  406],
        [  382,    0,  481,  397,   83,  651,  147,  412,  575,  391,  359,  395,  207,   35,  390,  538,  468,  274,  467,  283,   63,  357,   65,  525,  454,  481,  353,  561,  156,  349,  531,  581,  323,  360,  266,  444,  492,  452,  448,  339,  635,  168,  458,  523,  474,  433,  306,    0,  329,  330,  351,  346,  464,  537,  463,  379,  445,  230,  169,  349,  416,  415,  352,  361,  322,  249,  376,  737,  350,  298,  316,  614,  461,  713,  398,  726,  598,  288,  551,  396,  240,  700,  241,  572,  302,  474,  393,  402,  695,  164,  154,  508,  625,  319,  401,  288,  615,  376,  236,  338,  263,  499,  669,  386,  129,  372,   25,  165,  376,  418,  562,  351,  470,  627,  424,  166,  621,  397,  791,  373,  272,  148],
        [  637,    0,  646,  236,  379,  780,  291,  577,  877,  399,  662,  431,  209,  319,  664,  337,  160,  542,  224,  134,  387,  451,  379,  280,  295,  269,  598,  396,  173,  224,  234,  260,  635,  674,  388,  452,  164,  532,  120,  509,  410,  357,  570,  296,  431,  643,   61,  329,    0,  450,  130,  569,  230,  530,  232,  707,  646,  288,  288,  246,  385,  578,  503,  542,  565,  486,  492,  457,  678,  347,  293,  430,  464,  457,  536,  452,  400,  360,  235,  420,  501,  416,  228,  473,  472,  765,  720,  183,  590,  489,  187,  482,  426,  179,  110,  116,  324,  606,  561,  477,  425,  251,  363,  279,  376,  395,  339,  418,   52,  285,  752,  312,  186,  302,  419,  200,  297,  511,  500,  509,  236,  443],
        [  680,    0,  807,  638,  404,  979,  461,  129,  528,  700,  611,  712,  477,  361,  301,  768,  499,  221,  666,  320,  313,  682,  294,  452,  702,  701,  660,  813,  361,  276,  682,  607,  562,  589,   71,  756,  583,  124,  534,   77,  852,  496,  133,  430,  222,  750,  474,  330,  450,    0,  551,  663,  668,  850,  669,  517,  764,  164,  192,  254,  185,  742,  681,  110,  193,  160,  704,  906,  488,  610,  607,  444,  175,  906,   87,  901,  832,  605,  570,  710,  552,  864,  222,  333,  631,  409,  516,  610,  435,  342,  393,  228,  467,  297,  440,  338,  771,  201,  379,  667,   72,  441,  802,  652,  458,  117,  352,  489,  469,  676,  880,  641,  635,  718,  732,  426,  650,  726,  944,  702,  219,  453],
