{
    "name": "random-13-32707",
    "comment": "size=13 seed=32707",
    "nodes": ["+0", "-0", "+1", "-1", "+2", "-2", "+3", "-3", "+4", "-4", "+5", "-5", "+6", "-6", "+7", "-7", "+8", "-8", "+9", "-9", "+10", "-10", "+11", "-11", "+12", "-12", "+13", "-13"],
    "precedence": {
        "+0": "-0",
        "+1": "-1",
        "+2": "-2",
        "+3": "-3",
        "+4": "-4",
        "+5": "-5",
        "+6": "-6",
        "+7": "-7",
        "+8": "-8",
        "+9": "-9",
        "+10": "-10",
        "+11": "-11",
        "+12": "-12",
        "+13": "-13"
    },
    "edges": [
        [    0,    0,  513,  246,  426,  312,  145,  460,  729,  311,  473,  676,  547,  500,  535,  289,  414,  527,  646,  456,  538,  260,  448,  125,  121,  507,  424,  540],
        [    0,    0,  513,  246,  426,  312,  145,  460,  729,  311,  473,  676,  547,  500,  535,  289,  414,  527,  646,  456,  538,  260,  448,  125,  121,  507,  424,  540],
        [  513,  513,    0,  269,  784,  361,  470,  914,  381,  208,  626,  434,  354,   74,  301,  787,  631,  935,  465,  499,   33,  379,  791,  612,  632,  811,  107,  635],
        [  246,  246,  269,    0,  554,  238,  238,  675,  545,   67,  469,  496,  370,  255,  374,  520,  445,  693,  487,  382,  295,  177,  597,  344,  366,  603,  179,  509],
        [  426,  426,  784,  554,    0,  723,  570,  711, 1098,  591,  269,  687,  594,  735,  920,  301,  203,  161,  622,  383,  816,  406,  811,  319,  408,  103,  677,  340],
        [  312,  312,  361,  238,  723,    0,  184,  582,  434,  271,  693,  714,  594,  395,  236,  589,  657,  836,  715,  618,  369,  404,  434,  436,  400,  791,  334,  740],
        [  145,  145,  470,  238,  570,  184,    0,  445,  617,  301,  596,  727,  598,  478,  419,  407,  544,  668,  709,  554,  488,  339,  363,  264,  216,  650,  403,  656],
        [  460,  460,  914,  675,  711,  582,  445,    0,  988,  741,  880, 1135, 1006,  923,  800,  412,  806,  709, 1104,  899,  930,  718,  231,  457,  366,  814,  847,  956],
        [  729,  729,  381,  545, 1098,  434,  617,  988,    0,  517,  986,  802,  734,  454,  198, 1016,  978, 1233,  842,  869,  353,  708,  795,  852,  830, 1145,  466, 1005],
        [  311,  311,  208,   67,  591,  271,  301,  741,  517,    0,  475,  446,  324,  189,  362,  580,  462,  736,  445,  373,  237,  192,  655,  405,  431,  630,  113,  505],
        [  473,  473,  626,  469,  269,  693,  596,  880,  986,  475,    0,  428,  355,  562,  836,  506,   78,  422,  360,  139,  658,  293,  918,  426,  522,  228,  525,   79],
        [  676,  676,  434,  496,  687,  714,  727, 1135,  802,  446,  428,    0,  131,  363,  730,  851,  485,  846,   73,  305,  455,  419, 1089,  707,  779,  656,  393,  381],
        [  547,  547,  354,  370,  594,  594,  598, 1006,  734,  324,  355,  131,    0,  280,  637,  732,  397,  755,  122,  218,  381,  290,  960,  582,  651,  579,  290,  329],
        [  500,  500,   74,  255,  735,  395,  478,  923,  454,  189,  562,  363,  280,    0,  368,  763,  572,  889,  392,  432,  103,  333,  817,  589,  620,  754,   77,  566],
        [  535,  535,  301,  374,  920,  236,  419,  800,  198,  362,  836,  730,  637,  368,    0,  820,  817, 1048,  755,  733,  287,  547,  619,  659,  633,  975,  348,  866],
        [  289,  289,  787,  520,  301,  589,  407,  412, 1016,  580,  506,  851,  732,  763,  820,    0,  429,  311,  801,  566,  815,  456,  539,  176,  192,  404,  689,  585],
        [  414,  414,  631,  445,  203,  657,  544,  806,  978,  462,   78,  485,  397,  572,  817,  429,    0,  362,  420,  182,  664,  271,  854,  355,  453,  186,  526,  156],
        [  527,  527,  935,  693,  161,  836,  668,  709, 1233,  736,  422,  846,  755,  889, 1048,  311,  362,    0,  780,  543,  966,  557,  849,  405,  474,  207,  828,  486],
        [  646,  646,  465,  487,  622,  715,  709, 1104,  842,  445,  360,   73,  122,  392,  755,  801,  420,  780,    0,  244,  490,  386, 1071,  665,  742,  587,  409,  310],
        [  456,  456,  499,  382,  383,  618,  554,  899,  869,  373,  139,  305,  218,  432,  733,  566,  182,  543,  244,    0,  531,  219,  902,  446,  533,  361,  403,  137],
        [  538,  538,   33,  295,  816,  369,  488,  930,  353,  237,  658,  455,  381,  103,  287,  815,  664,  966,  490,  531,    0,  411,  801,  639,  657,  843,  140,  666],
        [  260,  260,  379,  177,  406,  404,  339,  718,  708,  192,  293,  419,  290,  333,  547,  456,  271,  557,  386,  219,  411,    0,  694,  295,  361,  439,  272,  336],
        [  448,  448,  791,  597,  811,  434,  363,  231,  795,  655,  918, 1089,  960,  817,  619,  539,  854,  849, 1071,  902,  801,  694,    0,  505,  408,  908,  747,  987],
        [  125,  125,  612,  344,  319,  436,  264,  457,  852,  405,  426,  707,  582,  589,  659,  176,  355,  405,  665,  446,  639,  295,  505,    0,   98,  410,  515,  501],
        [  121,  121,  632,  366,  408,  400,  216,  366,  830,  431,  522,  779,  651,  620,  633,  192,  453,  474,  742,  533,  657,  361,  408,   98,    0,  502,  544,  596],
        [  507,  507,  811,  603,  103,  791,  650,  814, 1145,  630,  228,  656,  579,  754,  975,  404,  186,  207,  587,  361,  843,  439,  908,  410,  502,    0,  705,  284],
        [  424,  424,  107,  179,  677,  334,  403,  847,  466,  113,  525,  393,  290,   77,  348,  689,  526,  828,  409,  403,  140,  272,  747,  515,  544,  705,    0,  539],
        [  540,  540,  635,  509,  340,  740,  656,  956, 1005,  505,   79,  381,  329,  566,  866,  585,  156,  486,  310,  137,  666,  336,  987,  501,  596,  284,  539,    0]
    ]
}
