{
    "name": "random-89-174",
    "comment": "size=89 seed=174",
    "nodes": ["+0", "-0", "+1", "-1", "+2", "-2", "+3", "-3", "+4", "-4", "+5", "-5", "+6", "-6", "+7", "-7", "+8", "-8", "+9", "-9", "+10", "-10", "+11", "-11", "+12", "-12", "+13", "-13", "+14", "-14", "+15", "-15", "+16", "-16", "+17", "-17", "+18", "-18", "+19", "-19", "+20", "-20", "+21", "-21", "+22", "-22", "+23", "-23", "+24", "-24", "+25", "-25", "+26", "-26", "+27", "-27", "+28", "-28", "+29", "-29", "+30", "-30", "+31", "-31", "+32", "-32", "+33", "-33", "+34", "-34", "+35", "-35", "+36", "-36", "+37", "-37", "+38", "-38", "+39", "-39", "+40", "-40", "+41", "-41", "+42", "-42", "+43", "-43", "+44", "-44", "+45", "-45", "+46", "-46", "+47", "-47", "+48", "-48", "+49", "-49", "+50", "-50", "+51", "-51", "+52", "-52", "+53", "-53", "+54", "-54", "+55", "-55", "+56", "-56", "+57", "-57", "+58", "-58", "+59", "-59", "+60", "-60", "+61", "-61", "+62", "-62", "+63", "-63", "+64", "-64", "+65", "-65", "+66", "-66", "+67", "-67", "+68", "-68", "+69", "-69", "+70", "-70", "+71", "-71", "+72", "-72", "+73", "-73", "+74", "-74", "+75", "-75", "+76", "-76", "+77", "-77", "+78", "-78", "+79", "-79", "+80", "-80", "+81", "-81", "+82", "-82", "+83", "-83", "+84", "-84", "+85", "-85", "+86", "-86", "+87", "-87", "+88", "-88", "+89", "-89"],
    "precedence": {
        "+0": "-0",
        "+1": "-1",
        "+2": "-2",
        "+3": "-3",
        "+4": "-4",
        "+5": "-5",
        "+6": "-6",
        "+7": "-7",
        "+8": "-8",
        "+9": "-9",
        "+10": "-10",
        "+11": "-11",
        "+12": "-12",
        "+13": "-13",
        "+14": "-14",
        "+15": "-15",
        "+16": "-16",
        "+17": "-17",
        "+18": "-18",
        "+19": "-19",
        "+20": "-20",
        "+21": "-21",
        "+22": "-22",
        "+23": "-23",
        "+24": "-24",
        "+25": "-25",
        "+26": "-26",
        "+27": "-27",
        "+28": "-28",
        "+29": "-29",
        "+30": "-30",
        "+31": "-31",
        "+32": "-32",
        "+33": "-33",
        "+34": "-34",
        "+35": "-35",
        "+36": "-36",
        "+37": "-37",
        "+38": "-38",
        "+39": "-39",
        "+40": "-40",
        "+41": "-41",
        "+42": "-42",
        "+43": "-43",
        "+44": "-44",
        "+45": "-45",
        "+46": "-46",
        "+47": "-47",
        "+48": "-48",
        "+49": "-49",
        "+50": "-50",
        "+51": "-51",
        "+52": "-52",
        "+53": "-53",
        "+54": "-54",
        "+55": "-55",
        "+56": "-56",
        "+57": "-57",
        "+58": "-58",
        "+59": "-59",
        "+60": "-60",
        "+61": "-61",
        "+62": "-62",
        "+63": "-63",
        "+64": "-64",
        "+65": "-65",
        "+66": "-66",
        "+67": "-67",
        "+68": "-68",
        "+69": "-69",
        "+70": "-70",
        "+71": "-71",
        "+72": "-72",
        "+73": "-73",
        "+74": "-74",
        "+75": "-75",
        "+76": "-76",
        "+77": "-77",
        "+78": "-78",
        "+79": "-79",
        "+80": "-80",
        "+81": "-81",
        "+82": "-82",
        "+83": "-83",
        "+84": "-84",
        "+85": "-85",
        "+86": "-86",
        "+87": "-87",
        "+88": "-88",
        "+89": "-89"
    },
    "edges": [
        [    0,    0,  662,  340,  488,  587,  335, 1034,  442,  282,  426,   75,  384,  487,  265,  327,  587,  341,  254,   45,  910,  622,  787,  798,  507,  880,  795,  305,  207,  804,  624,  725,  463,  267,  508,  912,  298,  969,   84,  630,  799,  281,  352,  683,  175,  415,  794,  520,  244,  382,  713,  440,  429,  874,  602,  147,  727,  357,  434,  421,  434,  719,  808,  639,  911,  341,  811,  516,  635,  668,  268,  662,  450,  769,   67,  103,  670,  188,  368,  917,  913,  390,  525,  237,  901,  889,  442,  871,  718,  574,  319,  940,  451,  863,  608,  466,  306,  579,  666, 1004,  308,  495,  437,  169,  403,  750,   85,  401,  621,  894,  243,  817,  354,  424,  525,  757,  608,  495,  838,  262,  911,  377,  385,  921,  472,  446,  987,  276,  940,  625,  598,  266,  257,  213,  457,  151,  691,  114,  413,  310,   76,  377,  345,  594,  141,  912,  511,  713,  914,  441,  533,  448,  947,  285,  234,  228,  412,  415,  535,  342,  144,  810,  620,  288,  427,  405,  185,  402,  605,  442,  235,  426,  389,  599,  280,  480,  625,  981,  633,  485],
        [    0,    0,    0,    0,    0,    0,    0,    0,    0,    0,    0,    0,    0,    0,    0,    0,    0,    0,    0,    0,    0,    0,    0,    0,    0,    0,    0,    0,    0,    0,    0,    0,    0,    0,    0,    0,    0,    0,    0,    0,    0,    0,    0,    0,    0,    0,    0,    0,    0,    0,    0,    0,    0,    0,    0,    0,    0,    0,    0,    0,    0,    0,    0,    0,    0,    0,    0,    0,    0,    0,    0,    0,    0,    0,    0,    0,    0,    0,    0,    0,    0,    0,    0,    0,    0,    0,    0,    0,    0,    0,    0,    0,    0,    0,    0,    0,    0,    0,    0,    0,    0,    0,    0,    0,    0,    0,    0,    0,    0,    0,    0,    0,    0,    0,    0,    0,    0,    0,    0,    0,    0,    0,    0,    0,    0,    0,    0,    0,    0,    0,    0,    0,    0,    0,    0,    0,    0,    0,    0,    0,    0,    0,    0,    0,    0,    0,    0,    0,    0,    0,    0,    0,    0,    0,    0,    0,    0,    0,    0,    0,    0,    0,    0,    0,    0,    0,    0,    0,    0,    0,    0,    0,    0,    0,    0,    0,    0,    0,    0,    0],
        [  662,    0,    0,  366,  195,  621,  348,  670,  773,  405,  365,  596,  280,  752,  400,  553,  819,  509,  586,  670,  289,  214,  126,  179,  158,  249,  384,  624,  575,  704,  288,  665,  542,  459,  315,  366,  380,  703,  686,  253,  547,  580,  337,  162,  583,  828,  179,  668,  667,  311,  302,  915,  576,  578,  348,  711,  233,  475,  262,  303,  334,   90,  189,  107,  694,  344,  220,  302,   31,  471,  663,    5,  334,  537,  715,  743,  689,  478,  660,  389,  378,  447,  617,  428,  367,  271,  681,  258,   78,  138,  468,  508,  897,  663,  293,  431,  509,  911,  258,  703,  385,  466,  455,  584,  272,  245,  729,  322,  372,  659,  687,  181,  358,  564,  511,  387,  248,  958,  586,  625,  259,  286,  852,  458,  632,  921,  636,  718,  689,  469,   67,  487,  467,  470,  286,  512,  161,  602,  263,  386,  724,  745,  394,   80,  559,  255,  335,  615,  631,  633,  826,  355,  532,  752,  475,  549,  723,  442,  328,  335,  617,  157,  108,  468,  336,  260,  733,  297,  193,  666,  455,  391,  626,   97,  438,  380,  246,  684,  262,  451],
        [  340,    0,  366,    0,  258,  382,   40,  719,  431,   60,  343,  296,  155,  428,  107,  203,  514,  392,  399,  334,  648,  283,  484,  533,  214,  611,  460,  459,  358,  562,  463,  492,  258,  281,  174,  573,   60,  678,  339,  290,  499,  410,  220,  349,  222,  473,  466,  378,  301,   55,  537,  554,  501,  568,  275,  353,  388,  139,  249,  278,  100,  402,  544,  387,  632,  212,  478,  380,  346,  369,  299,  365,  118,  472,  378,  438,  471,  163,  521,  577,  573,  379,  345,  126,  562,  628,  355,  612,  437,  250,  338,  609,  539,  586,  271,  183,  152,  580,  327,  704,   35,  229,  176,  345,  100,  411,  421,   62,  298,  608,  321,  494,  253,  490,  277,  425,  269,  600,  541,  261,  592,  124,  490,  585,  329,  560,  673,  353,  652,  333,  300,  313,  280,  128,  306,  200,  358,  252,  107,   32,  386,  581,   43,  320,  211,  619,  182,  461,  614,  316,  500,  125,  619,  537,  116,  183,  381,  395,  205,   57,  362,  495,  297,  311,  317,  129,  370,  244,  396,  343,  106,  121,  290,  338,   73,  402,  286,  681,  456,  455],
        [  488,    0,  195,  258,    0,  607,  224,  796,  688,  272,  183,  418,  115,  684,  244,  459,  767,  318,  392,  504,  423,  296,  315,  311,  100,  393,  505,  431,  382,  745,  212,  689,  497,  266,  310,  537,  242,  799,  525,  330,  625,  386,  146,  298,  444,  726,  365,  624,  543,  210,  280,  802,  395,  675,  390,  561,  370,  393,   68,  111,  283,  275,  320,  152,  773,  154,  399,  155,  165,  517,  546,  197,  293,  606,  547,  561,  689,  314,  470,  555,  546,  260,  583,  268,  534,  402,  611,  384,  235,  192,  274,  647,  791,  734,  349,  397,  408,  837,  354,  811,  260,  442,  407,  394,  162,  388,  548,  245,  419,  741,  561,  373,  164,  383,  493,  491,  314,  850,  668,  509,  452,  139,  737,  605,  579,  808,  756,  597,  779,  498,  148,  294,  274,  322,  105,  344,  302,  447,  159,  264,  556,  553,  297,  116,  407,  429,  330,  646,  728,  569,  757,  315,  667,  558,  341,  423,  638,  260,  338,  206,  427,  352,  214,  273,  150,  129,  588,  103,  140,  598,  314,  339,  547,  113,  316,  215,  322,  789,  201,  286],
        [  587,    0,  621,  382,  607,    0,  422,  522,  282,  415,  724,  587,  528,  220,  475,  261,  229,  766,  750,  554,  900,  419,  696,  797,  524,  858,  415,  813,  702,  220,  818,  140,  133,  652,  310,  591,  434,  417,  531,  387,  290,  767,  602,  500,  413,  370,  610,  106,  371,  409,  877,  466,  876,  364,  286,  494,  476,  261,  620,  655,  325,  600,  807,  691,  348,  594,  590,  750,  616,  210,  347,  617,  314,  262,  581,  684,   90,  491,  880,  576,  581,  759,   66,  481,  574,  885,  191,  874,  697,  485,  714,  505,  430,  302,  340,  210,  294,  352,  404,  462,  404,  165,  207,  677,  452,  489,  667,  368,  272,  342,  385,  649,  635,  866,  114,  369,  382,  481,  312,  335,  741,  496,  428,  518,  128,  469,  478,  378,  387,  179,  570,  680,  648,  440,  679,  514,  507,  474,  452,  398,  584,  924,  342,  617,  458,  827,  289,  145,  383,  161,  273,  292,  495,  856,  399,  363,  256,  776,  293,  437,  679,  676,  514,  683,  696,  488,  478,  621,  734,  179,  422,  272,  211,  645,  374,  781,  391,  442,  804,  837],
        [  335,    0,  348,   40,  224,  422,    0,  744,  466,   58,  303,  284,  116,  465,   81,  238,  553,  356,  369,  334,  624,  289,  469,  509,  192,  588,  478,  429,  331,  599,  426,  530,  298,  247,  197,  580,   38,  708,  344,  302,  529,  379,  181,  349,  236,  503,  461,  418,  325,   48,  501,  582,  464,  596,  299,  364,  394,  178,  211,  238,  127,  392,  520,  359,  665,  173,  477,  341,  325,  400,  326,  347,  145,  503,  379,  430,  510,  150,  489,  586,  582,  340,  385,  106,  570,  604,  393,  588,  415,  241,  302,  627,  569,  619,  288,  221,  186,  616,  338,  733,   38,  267,  215,  321,   76,  417,  413,   79,  324,  639,  345,  487,  213,  453,  316,  445,  280,  629,  571,  288,  583,   86,  517,  600,  369,  587,  698,  378,  683,  366,  281,  280,  247,  127,  266,  188,  357,  258,   85,   42,  387,  552,   83,  295,  215,  602,  208,  498,  643,  355,  537,  156,  639,  513,  128,  205,  416,  356,  229,   18,  341,  484,  288,  276,  277,   97,  385,  204,  363,  381,  109,  158,  327,  311,   95,  362,  297,  710,  420,  415],
        [ 1034,    0,  670,  719,  796,  522,  744,    0,  802,  776,  973, 1007,  791,  739,  824,  728,  719, 1080, 1111, 1013,  834,  502,  650,  782,  698,  796,  293, 1169, 1075,  355,  956,  408,  599,  984,  548,  353,  777,  142, 1000,  470,  241, 1118,  882,  513,  868,  891,  525,  626,  865,  703,  969,  986, 1177,  163,  446,  980,  439,  679,  848,  896,  620,  591,  787,  777,  208,  881,  479,  945,  689,  368,  844,  666,  601,  272, 1049, 1136,  491,  879, 1225,  322,  335, 1041,  582,  844,  340,  829,  710,  829,  716,  605, 1027,  170,  949,  238,  464,  569,  733,  846,  443,   93,  753,  543,  599, 1063,  716,  426, 1118,  665,  421,  193,  884,  553,  916, 1165,  525,  308,  489,  997,  211,  822,  586,  769,  949,  224,  643,  988,   47,  886,  162,  412,  670, 1017,  985,  835,  899,  914,  512,  924,  709,  749, 1055, 1294,  699,  725,  893,  718,  538,  380,  141,  674,  780,  596,  142, 1256,  804,  812,  776, 1047,  516,  749, 1080,  598,  591, 1008,  940,  742,  973,  871,  859,  698,  812,  612,  715,  754,  761, 1011,  477,   99,  931, 1082],
        [  442,    0,  773,  431,  688,  282,  466,  802,    0,  425,  740,  477,  580,   69,  473,  229,  152,  725,  671,  399, 1062,  611,  876,  949,  636, 1022,  673,  731,  619,  477,  890,  404,  253,  617,  473,  842,  454,  692,  363,  591,  571,  695,  621,  696,  304,   90,  817,  177,  201,  481,  967,  185,  831,  645,  503,  305,  696,  301,  672,  691,  440,  782,  960,  813,  621,  610,  809,  799,  759,  474,  181,  771,  441,  542,  406,  517,  324,  443,  798,  832,  835,  746,  227,  463,  826, 1044,  104, 1029,  849,  639,  683,  780,  150,  576,  547,  357,  280,  154,  619,  740,  431,  339,  326,  585,  529,  713,  502,  457,  502,  619,  199,  854,  646,  824,  319,  626,  578,  206,  593,  204,  952,  551,  150,  787,  172,  188,  759,  168,  662,  434,  711,  636,  610,  403,  724,  446,  705,  351,  535,  426,  406,  817,  393,  742,  363, 1013,  457,  424,  663,  153,   92,  421,  773,  726,  367,  288,   51,  768,  475,  483,  572,  870,  680,  648,  722,  560,  273,  659,  827,  120,  398,  384,  148,  764,  377,  802,  592,  720,  885,  838],
        [  282,    0,  405,   60,  272,  415,   58,  776,  425,    0,  323,  237,  159,  431,   60,  201,  523,  352,  347,  279,  680,  340,  527,  565,  249,  644,  520,  409,  305,  606,  467,  533,  285,  238,  233,  630,   30,  731,  287,  349,  554,  361,  201,  404,  179,  456,  517,  397,  272,  102,  546,  531,  462,  624,  333,  306,  446,  158,  248,  268,  159,  449,  575,  412,  683,  191,  532,  374,  382,  422,  275,  405,  177,  526,  323,  379,  504,  104,  473,  635,  632,  347,  370,   71,  620,  660,  360,  643,  472,  298,  299,  668,  520,  636,  330,  229,  149,  577,  385,  759,   26,  271,  214,  289,  134,  468,  362,  120,  356,  660,  291,  544,  229,  452,  316,  484,  327,  579,  595,  238,  641,  133,  466,  644,  346,  536,  730,  326,  705,  384,  339,  268,  235,   71,  299,  141,  412,  200,  143,   29,  331,  529,   81,  351,  158,  660,  240,  506,  669,  327,  501,  181,  677,  481,   71,  152,  376,  366,  263,   71,  304,  542,  346,  269,  301,  151,  328,  235,  410,  350,   51,  171,  293,  365,   49,  384,  344,  736,  463,  431],
        [  426,    0,  365,  343,  183,  724,  303,  973,  740,  323,    0,  352,  200,  752,  269,  523,  846,  151,  247,  456,  528,  472,  475,  431,  276,  509,  683,  270,  258,  889,  203,  825,  600,  160,  457,  719,  297,  967,  488,  504,  789,  233,  124,  480,  452,  757,  542,  718,  562,  318,  292,  817,  213,  845,  550,  539,  552,  477,  126,   78,  409,  452,  439,  288,  935,  133,  578,   97,  336,  672,  573,  368,  424,  768,  492,  471,  811,  305,  297,  737,  728,   82,  687,  278,  716,  508,  683,  489,  384,  371,  126,  828,  814,  892,  516,  518,  471,  893,  531,  982,  326,  565,  517,  284,  281,  570,  463,  361,  579,  905,  576,  546,   95,  201,  615,  666,  486,  870,  832,  541,  616,  231,  754,  787,  667,  823,  931,  615,  945,  646,  328,  170,  170,  339,   80,  316,  484,  430,  284,  332,  501,  384,  385,  287,  399,  568,  476,  788,  897,  650,  821,  442,  847,  409,  373,  453,  693,   78,  489,  287,  320,  519,  397,  145,   34,  247,  573,  107,  217,  672,  343,  455,  615,  271,  372,   62,  497,  960,  217,  115],
        [   75,    0,  596,  296,  418,  587,  284, 1007,  477,  237,  352,    0,  317,  514,  207,  328,  616,  273,  197,  108,  839,  573,  722,  728,  443,  810,  756,  255,  146,  799,  550,  721,  458,  193,  469,  863,  246,  951,  144,  584,  777,  223,  280,  629,  183,  462,  735,  532,  277,  331,  638,  498,  367,  850,  567,  204,  677,  341,  362,  347,  394,  658,  737,  569,  897,  269,  755,  442,  569,  645,  297,  597,  412,  748,  141,  149,  674,  134,  321,  869,  865,  318,  529,  180,  853,  818,  462,  799,  650,  516,  247,  904,  506,  849,  567,  443,  296,  622,  621,  983,  262,  478,  417,  110,  345,  700,  134,  356,  588,  877,  281,  757,  279,  362,  513,  720,  563,  553,  817,  282,  849,  314,  440,  880,  482,  504,  960,  318,  923,  603,  534,  194,  183,  173,  382,   97,  636,  127,  355,  265,  150,  346,  308,  526,  130,  845,  474,  705,  893,  452,  568,  413,  912,  269,  204,  226,  442,  343,  498,  287,   97,  747,  561,  215,  352,  344,  242,  329,  532,  459,  196,  395,  402,  529,  247,  406,  579,  960,  558,  414],
        [  384,    0,  280,  155,  115,  528,  116,  791,  580,  159,  200,  317,    0,  581,  130,  353,  668,  290,  335,  395,  534,  300,  405,  420,  129,  502,  508,  386,  311,  689,  311,  625,  408,  202,  259,  576,  129,  774,  414,  325,  595,  336,   91,  333,  329,  614,  427,  531,  429,  120,  388,  688,  388,  655,  356,  447,  395,  293,   95,  128,  209,  344,  430,  263,  738,   90,  452,  226,  252,  474,  433,  280,  224,  572,  439,  464,  614,  203,  437,  589,  582,  254,  495,  155,  570,  514,  508,  496,  335,  216,  237,  657,  678,  695,  328,  320,  301,  731,  357,  792,  149,  366,  322,  314,   82,  416,  450,  162,  384,  710,  447,  444,  126,  376,  417,  484,  305,  737,  638,  396,  534,   33,  624,  622,  483,  694,  748,  483,  751,  447,  218,  235,  207,  207,  152,  235,  339,  334,   86,  154,  448,  512,  197,  211,  293,  529,  277,  588,  705,  470,  653,  243,  673,  496,  226,  309,  530,  265,  292,   99,  343,  432,  256,  222,  170,   50,  474,   95,  252,  496,  199,  257,  443,  218,  205,  255,  318,  770,  306,  315],
        [  487,    0,  752,  428,  684,  220,  465,  739,   69,  431,  752,  514,  581,    0,  484,  230,  102,  751,  705,  445, 1041,  578,  849,  930,  623, 1000,  623,  766,  653,  410,  891,  338,  216,  639,  444,  795,  459,  626,  412,  555,  510,  727,  631,  664,  335,  156,  782,  116,  243,  474,  963,  248,  859,  583,  462,  357,  657,  291,  675,  698,  421,  754,  941,  800,  554,  620,  771,  803,  741,  420,  220,  750,  420,  481,  458,  568,  257,  464,  833,  782,  786,  765,  171,  477,  778, 1023,   73, 1010,  829,  616,  705,  723,  211,  510,  509,  326,  283,  159,  580,  674,  433,  301,  299,  620,  522,  673,  553,  445,  457,  554,  247,  820,  657,  851,  272,  576,  544,  261,  531,  234,  917,  550,  218,  732,  126,  250,  696,  220,  596,  382,  692,  661,  633,  419,  729,  472,  672,  388,  527,  428,  458,  858,  387,  727,  393,  985,  427,  359,  599,  120,   75,  398,  714,  771,  381,  309,   75,  787,  441,  482,  611,  839,  655,  671,  731,  555,  329,  664,  822,   88,  411,  363,  138,  751,  382,  813,  557,  655,  883,  855],
        [  265,    0,  400,  107,  244,  475,   81,  824,  473,   60,  269,  207,  130,  484,    0,  255,  578,  292,  292,  271,  663,  367,  525,  548,  243,  630,  558,  353,  252,  664,  425,  592,  345,  178,  277,  657,   48,  784,  287,  382,  605,  304,  149,  422,  202,  497,  530,  455,  306,  127,  507,  566,  402,  674,  378,  318,  472,  217,  208,  220,  205,  455,  559,  392,  738,  137,  548,  327,  375,  475,  313,  400,  223,  578,  315,  355,  564,   78,  416,  664,  660,  288,  430,   29,  648,  642,  415,  625,  461,  310,  239,  708,  558,  692,  369,  286,  203,  626,  418,  810,   75,  330,  273,  240,  139,  494,  339,  159,  403,  714,  323,  552,  174,  392,  376,  526,  360,  616,  648,  278,  646,  115,  501,  681,  404,  572,  778,  360,  758,  439,  335,  209,  176,   80,  254,  115,  430,  205,  149,   81,  324,  475,  138,  337,  164,  654,  286,  564,  720,  384,  553,  231,  719,  433,  107,  190,  426,  308,  308,   81,  260,  546,  356,  209,  249,  142,  345,  188,  378,  405,   77,  226,  347,  347,  106,  330,  376,  788,  424,  373],
        [  327,    0,  553,  203,  459,  261,  238,  728,  229,  201,  523,  328,  353,  230,  255,    0,  324,  532,  500,  297,  840,  414,  662,  726,  410,  801,  528,  563,  450,  477,  663,  398,  137,  418,  273,  678,  229,  649,  277,  403,  488,  519,  401,  496,  153,  276,  618,  210,  145,  253,  738,  365,  642,  565,  335,  252,  510,   80,  446,  468,  223,  571,  737,  586,  588,  391,  618,  574,  536,  362,  129,  551,  229,  457,  328,  426,  347,  245,  630,  674,  674,  540,  201,  251,  664,  821,  160,  806,  627,  422,  483,  660,  345,  540,  364,  177,   53,  379,  436,  688,  204,  188,  140,  422,  301,  531,  408,  232,  345,  574,  166,  652,  428,  633,  204,  483,  386,  406,  523,   98,  752,  323,  304,  652,  158,  370,  681,  182,  620,  317,  488,  442,  413,  196,  499,  261,  504,  213,  307,  199,  332,  669,  165,  516,  198,  799,  263,  388,  600,  133,  301,  212,  660,  596,  156,  103,  179,  560,  285,  255,  421,  662,  466,  450,  502,  331,  249,  435,  599,  151,  185,  175,   93,  537,  152,  584,  402,  666,  657,  627],
        [  587,    0,  819,  514,  767,  229,  553,  719,  152,  523,  846,  616,  668,  102,  578,  324,    0,  850,  805,  545, 1105,  631,  908,  997,  699, 1064,  644,  867,  754,  371,  976,  311,  277,  738,  505,  820,  550,  595,  511,  604,  505,  828,  723,  716,  436,  222,  830,  152,  343,  557, 1046,  294,  958,  572,  505,  455,  699,  375,  763,  789,  494,  811, 1008,  875,  522,  713,  814,  893,  810,  439,  320,  816,  490,  480,  556,  667,  228,  563,  934,  804,  810,  862,  206,  573,  803, 1089,  164, 1076,  896,  681,  804,  726,  255,  483,  557,  389,  375,  128,  625,  646,  523,  355,  368,  721,  605,  713,  651,  524,  495,  528,  346,  869,  751,  950,  316,  598,  596,  289,  518,  335,  964,  637,  285,  743,  190,  295,  679,  317,  567,  407,  762,  760,  732,  517,  818,  572,  723,  489,  608,  517,  556,  959,  472,  801,  494, 1041,  486,  346,  579,  199,   74,  467,  714,  872,  477,  408,  175,  883,  497,  570,  712,  892,  717,  770,  824,  639,  424,  755,  903,  174,  507,  435,  232,  827,  475,  907,  607,  629,  967,  951],
        [  341,    0,  509,  392,  318,  766,  356, 1080,  725,  352,  151,  273,  290,  751,  292,  532,  850,    0,  108,  379,  677,  587,  623,  581,  399,  659,  797,  120,  139,  954,  341,  883,  635,  115,  542,  851,  335, 1058,  416,  614,  879,   87,  199,  609,  422,  725,  682,  739,  531,  388,  426,  769,  111,  942,  642,  476,  676,  507,  252,  208,  479,  593,  589,  437, 1019,  200,  716,  243,  479,  753,  547,  512,  497,  854,  406,  357,  855,  288,  153,  867,  859,   73,  719,  286,  847,  656,  687,  637,  534,  494,   55,  945,  773,  973,  617,  575,  484,  876,  645, 1079,  365,  620,  564,  174,  366,  697,  353,  430,  669,  991,  539,  690,  167,  102,  666,  773,  594,  823,  922,  522,  764,  313,  708,  908,  687,  774, 1036,  578, 1034,  721,  465,   91,  120,  336,  226,  280,  614,  383,  372,  371,  414,  236,  428,  430,  364,  718,  557,  852,  991,  664,  813,  511,  961,  260,  377,  443,  683,   93,  574,  345,  207,  665,  526,   83,  176,  339,  513,  220,  367,  680,  349,  513,  621,  417,  393,  174,  607, 1057,  359,  152],
        [  254,    0,  586,  399,  392,  750,  369, 1111,  671,  347,  247,  197,  335,  705,  292,  500,  805,  108,    0,  296,  775,  632,  705,  675,  458,  754,  836,   64,   53,  950,  445,  876,  618,  133,  564,  910,  340, 1076,  335,  654,  897,   27,  253,  666,  370,  659,  752,  709,  472,  409,  531,  693,  175,  964,  666,  398,  729,  491,  325,  287,  495,  664,  683,  525, 1030,  249,  782,  343,  556,  767,  491,  588,  513,  870,  317,  254,  839,  260,  131,  923,  916,  178,  697,  277,  904,  754,  647,  735,  619,  549,  124,  986,  702,  983,  650,  576,  458,  818,  688, 1101,  366,  617,  558,   88,  399,  750,  253,  447,  692, 1006,  477,  764,  229,  172,  660,  808,  633,  747,  939,  472,  844,  350,  636,  954,  657,  698, 1066,  514, 1050,  730,  535,  101,  129,  311,  313,  239,  672,  321,  407,  372,  324,  184,  428,  507,  312,  809,  576,  851, 1012,  631,  761,  523, 1000,  167,  352,  402,  633,  200,  597,  363,  112,  743,  587,  119,  266,  380,  436,  289,  462,  642,  330,  517,  583,  499,  380,  280,  648, 1079,  462,  258],
        [   45,    0,  670,  334,  504,  554,  334, 1013,  399,  279,  456,  108,  395,  445,  271,  297,  545,  379,  296,    0,  926,  616,  795,  813,  514,  895,  781,  348,  247,  772,  651,  693,  433,  298,  496,  905,  298,  943,   40,  621,  776,  323,  373,  682,  146,  371,  795,  483,  203,  380,  739,  397,  470,  852,  587,  103,  722,  334,  453,  444,  423,  723,  823,  655,  884,  362,  810,  543,  644,  645,  227,  670,  439,  746,   45,  131,  636,  193,  412,  908,  905,  425,  491,  243,  894,  905,  403,  887,  730,  575,  354,  925,  408,  835,  597,  445,  281,  535,  658,  979,  304,  471,  414,  210,  405,  744,  113,  395,  605,  868,  200,  820,  378,  465,  498,  742,  600,  452,  814,  224,  915,  384,  342,  907,  437,  403,  966,  233,  914,  601,  605,  301,  289,  209,  480,  161,  690,   89,  415,  305,   54,  421,  333,  605,  125,  923,  497,  684,  890,  404,  490,  435,  930,  328,  222,  201,  371,  450,  521,  343,  186,  815,  622,  322,  453,  412,  141,  423,  626,  404,  229,  409,  352,  612,  269,  511,  617,  957,  657,  521],
        [  910,    0,  289,  648,  423,  900,  624,  834, 1062,  680,  528,  839,  534, 1041,  663,  840, 1105,  677,  775,  926,    0,  482,  208,  116,  434,   43,  589,  795,  780,  954,  345,  927,  830,  669,  600,  483,  652,  905,  947,  517,  777,  761,  560,  405,  858, 1116,  324,  954,  948,  593,  280, 1201,  703,  787,  618,  980,  452,  763,  477,  499,  623,  302,  105,  272,  914,  571,  364,  434,  304,  730,  947,  292,  622,  774,  969,  978,  961,  736,  810,  513,  500,  604,  901,  688,  494,   21,  970,   40,  213,  426,  652,  665, 1184,  892,  562,  718,  795, 1200,  508,  891,  662,  751,  743,  800,  550,  451,  966,  609,  637,  877,  968,  288,  567,  693,  794,  610,  519, 1245,  809,  909,  253,  551, 1137,  610,  920, 1206,  811, 1000,  897,  737,  352,  689,  678,  739,  467,  766,  399,  868,  542,  665,  978,  898,  679,  330,  826,  121,  620,  875,  836,  922, 1115,  644,  694,  936,  750,  828, 1012,  589,  610,  609,  836,  246,  389,  665,  511,  529, 1005,  511,  315,  954,  727,  679,  915,  317,  717,  508,  512,  876,  322,  561],
        [  622,    0,  214,  283,  296,  419,  289,  502,  611,  340,  472,  573,  300,  578,  367,  414,  631,  587,  632,  616,  482,    0,  278,  383,  197,  440,  212,  685,  604,  491,  472,  452,  363,  500,  142,  291,  327,  508,  620,   40,  341,  635,  388,   86,  495,  679,  207,  481,  550,  242,  506,  773,  679,  383,  136,  626,  106,  335,  347,  395,  200,  182,  393,  307,  490,  389,  205,  447,  220,  257,  539,  211,  189,  327,  660,  718,  480,  439,  736,  298,  293,  542,  425,  394,  281,  468,  511,  458,  286,  106,  535,  359,  749,  455,   80,  255,  383,  735,   60,  517,  315,  279,  287,  600,  236,  128,  701,  222,  158,  456,  571,  243,  421,  667,  316,  196,   37,  810,  382,  504,  342,  283,  715,  323,  453,  778,  461,  594,  490,  257,  184,  533,  504,  410,  398,  477,   94,  533,  227,  313,  667,  811,  288,  240,  492,  411,  155,  401,  436,  461,  650,  203,  376,  789,  396,  446,  563,  547,  138,  287,  625,  262,  109,  521,  439,  253,  638,  372,  376,  495,  388,  239,  468,  271,  350,  510,   33,  496,  451,  580],
        [  787,    0,  126,  484,  315,  696,  469,  650,  876,  527,  475,  722,  405,  849,  525,  662,  908,  623,  705,  795,  208,  278,    0,  133,  282,  166,  387,  740,  696,  747,  356,  719,  635,  581,  406,  311,  502,  708,  810,  311,  572,  697,  460,  198,  704,  936,  126,  757,  782,  430,  338, 1026,  680,  587,  412,  833,  246,  583,  382,  419,  440,   97,  138,  190,  711,  468,  171,  400,  154,  522,  778,  125,  436,  568,  839,  868,  755,  602,  772,  339,  327,  557,  702,  552,  318,  197,  780,  190,   94,  240,  585,  481, 1005,  687,  357,  524,  621, 1007,  300,  698,  505,  553,  552,  708,  394,  246,  854,  436,  431,  675,  803,  100,  478,  669,  593,  405,  315, 1067,  605,  740,  142,  411,  964,  427,  725, 1031,  622,  833,  698,  531,  190,  608,  589,  593,  398,  637,  192,  725,  384,  507,  848,  858,  508,  200,  682,  138,  423,  667,  638,  730,  922,  456,  509,  872,  596,  667,  826,  549,  411,  457,  740,   56,  197,  587,  448,  384,  853,  418,  275,  764,  577,  493,  729,  207,  557,  479,  306,  682,  328,  547],
        [  798,    0,  179,  533,  311,  797,  509,  782,  949,  565,  431,  728,  420,  930,  548,  726,  997,  581,  675,  813,  116,  383,  133,    0,  319,   83,  517,  700,  676,  867,  268,  834,  721,  563,  493,  440,  537,  838,  834,  420,  697,  663,  451,  313,  743, 1002,  258,  847,  833,  478,  226, 1086,  619,  716,  519,  866,  371,  650,  368,  393,  511,  210,   11,  159,  839,  461,  303,  341,  191,  637,  832,  182,  511,  691,  857,  869,  862,  622,  721,  469,  457,  510,  795,  574,  449,   96,  858,   80,  102,  316,  552,  613, 1070,  813,  463,  609,  680, 1089,  416,  830,  547,  644,  633,  694,  435,  374,  857,  495,  541,  803,  853,  231,  460,  608,  689,  531,  419, 1131,  732,  794,  238,  436, 1022,  559,  811, 1092,  754,  885,  828,  640,  239,  585,  572,  624,  364,  653,  309,  753,  427,  549,  865,  809,  564,  215,  711,  143,  513,  782,  768,  811, 1004,  533,  641,  839,  635,  713,  899,  497,  505,  494,  729,  185,  283,  562,  410,  414,  890,  402,  215,  843,  612,  568,  803,  202,  602,  418,  414,  813,  241,  479],
        [  507,    0,  158,  214,  100,  524,  192,  698,  636,  249,  276,  443,  129,  623,  243,  410,  699,  399,  458,  514,  434,  197,  282,  319,    0,  398,  407,  505,  438,  650,  299,  597,  424,  326,  218,  454,  222,  699,  528,  230,  526,  456,  205,  211,  427,  684,  298,  552,  514,  159,  353,  767,  485,  576,  292,  554,  278,  336,  152,  200,  206,  216,  330,  177,  674,  209,  325,  254,  134,  420,  513,  158,  212,  507,  558,  591,  603,  321,  550,  469,  461,  349,  507,  271,  449,  415,  551,  399,  224,   96,  350,  552,  752,  635,  249,  318,  363,  780,  256,  711,  229,  360,  333,  443,  116,  298,  576,  180,  320,  642,  534,  315,  234,  473,  410,  392,  214,  813,  568,  475,  406,  130,  704,  512,  510,  773,  657,  567,  679,  403,   92,  357,  332,  313,  202,  356,  216,  444,  108,  231,  567,  630,  247,  107,  402,  412,  239,  552,  628,  506,  697,  235,  571,  622,  319,  395,  586,  352,  244,  178,  472,  304,  129,  341,  243,  102,  576,  180,  211,  536,  298,  265,  491,  128,  284,  314,  223,  690,  283,  384],
        [  880,    0,  249,  611,  393,  858,  588,  796, 1022,  644,  509,  810,  502, 1000,  630,  801, 1064,  659,  754,  895,   43,  440,  166,   83,  398,    0,  548,  778,  757,  912,  335,  884,  789,  644,  559,  446,  617,  865,  915,  474,  735,  741,  533,  363,  823, 1077,  283,  913,  911,  556,  278, 1163,  691,  747,  575,  947,  410,  724,  450,  474,  583,  259,   73,  241,  873,  543,  324,  417,  266,  687,  910,  252,  582,  732,  939,  951,  919,  704,  796,  477,  464,  587,  860,  656,  457,   34,  929,   39,  175,  385,  631,  628, 1145,  850,  519,  677,  757, 1159,  466,  852,  626,  710,  702,  775,  513,  409,  939,  570,  595,  836,  931,  248,  541,  681,  752,  568,  476, 1207,  768,  872,  220,  517, 1100,  573,  879, 1168,  772,  963,  857,  695,  313,  666,  653,  705,  444,  735,  357,  835,  505,  628,  948,  884,  641,  294,  793,   94,  578,  832,  796,  881, 1074,  604,  656,  917,  715,  792,  972,  572,  568,  574,  811,  205,  347,  643,  489,  494,  971,  484,  293,  914,  693,  639,  875,  284,  681,  492,  469,  837,  310,  550],
        [  795,    0,  384,  460,  505,  415,  478,  293,  673,  520,  683,  756,  508,  623,  558,  528,  644,  797,  836,  781,  589,  212,  387,  517,  407,  548,    0,  891,  805,  383,  666,  378,  427,  706,  288,  178,  513,  323,  777,  183,  194,  841,  598,  224,  645,  755,  265,  509,  672,  433,  685,  853,  890,  201,  196,  770,  152,  460,  558,  606,  363,  312,  524,  489,  325,  598,  226,  653,  401,  206,  656,  380,  345,  199,  822,  895,  439,  623,  945,  161,  166,  753,  452,  582,  160,  580,  570,  576,  438,  314,  744,  151,  822,  305,  190,  352,  515,  765,  153,  320,  495,  347,  388,  797,  438,  144,  878,  401,  184,  289,  693,  302,  631,  878,  356,   47,  204,  879,  222,  625,  369,  488,  803,  127,  502,  857,  254,  706,  312,  242,  378,  739,  709,  585,  608,  660,  224,  693,  430,  491,  829, 1017,  451,  434,  657,  485,  285,  326,  252,  523,  684,  347,  165,  989,  561,  591,  633,  758,  261,  480,  818,  343,  299,  728,  650,  460,  773,  583,  569,  555,  562,  374,  549,  464,  515,  719,  190,  301,  642,  790],
        [  305,    0,  624,  459,  431,  813,  429, 1169,  731,  409,  270,  255,  386,  766,  353,  563,  867,  120,   64,  348,  795,  685,  740,  700,  505,  778,  891,    0,  114, 1013,  457,  939,  681,  186,  623,  958,  400, 1136,  388,  709,  957,   51,  300,  714,  431,  715,  794,  772,  530,  467,  540,  745,  140, 1024,  725,  451,  779,  554,  364,  322,  555,  706,  708,  556, 1091,  297,  826,  362,  594,  827,  551,  627,  573,  931,  364,  288,  902,  323,   68,  972,  965,  192,  760,  339,  953,  775,  709,  756,  652,  598,  157, 1041,  755, 1045,  707,  638,  521,  876,  742, 1161,  428,  680,  621,  146,  454,  800,  289,  507,  751, 1066,  535,  804,  272,  141,  723,  865,  688,  799,  999,  532,  880,  404,  689, 1007,  720,  750, 1124,  572, 1110,  792,  577,  153,  184,  374,  343,  302,  720,  380,  462,  433,  370,  127,  490,  545,  374,  837,  635,  914, 1071,  693,  821,  583, 1056,  142,  415,  465,  694,  208,  655,  421,  163,  781,  633,  165,  294,  432,  489,  330,  486,  704,  393,  579,  646,  534,  443,  290,  702, 1138,  476,  253],
        [  207,    0,  575,  358,  382,  702,  331, 1075,  619,  305,  258,  146,  311,  653,  252,  450,  754,  139,   53,  247,  780,  604,  696,  676,  438,  757,  805,  114,    0,  904,  460,  829,  570,  116,  528,  886,  300, 1035,  286,  624,  857,   77,  238,  644,  318,  608,  735,  659,  420,  374,  548,  643,  223,  926,  629,  348,  703,  444,  316,  284,  456,  649,  685,  522,  988,  231,  762,  354,  545,  726,  439,  576,  475,  830,  271,  220,  791,  212,  182,  898,  891,  200,  648,  234,  879,  759,  596,  740,  614,  526,  134,  955,  651,  940,  617,  532,  409,  766,  658, 1062,  325,  572,  513,   38,  369,  725,  215,  410,  655,  964,  425,  749,  220,  218,  614,  775,  602,  698,  899,  420,  833,  322,  585,  924,  607,  649, 1029,  462, 1009,  688,  520,   92,  108,  263,  313,  189,  650,  269,  378,  330,  278,  226,  385,  497,  260,  806,  538,  806,  972,  580,  709,  483,  967,  186,  304,  351,  581,  224,  560,  327,   69,  731,  566,  115,  270,  353,  386,  280,  466,  591,  283,  475,  532,  492,  334,  299,  618, 1039,  474,  289],
        [  804,    0,  704,  562,  745,  220,  599,  355,  477,  606,  889,  799,  689,  410,  664,  477,  371,  954,  950,  772,  954,  491,  747,  867,  650,  912,  383, 1013,  904,    0,  947,   80,  342,  842,  437,  549,  619,  225,  750,  452,  192,  965,  773,  554,  629,  565,  636,  311,  590,  574,  992,  653, 1062,  231,  363,  713,  503,  462,  773,  815,  481,  657,  875,  795,  152,  767,  603,  898,  709,  235,  565,  700,  466,  185,  800,  902,  153,  693, 1078,  525,  534,  937,  285,  675,  531,  943,  401,  936,  774,  585,  900,  404,  615,  118,  414,  379,  504,  497,  451,  276,  590,  335,  393,  882,  608,  506,  884,  530,  336,  163,  604,  675,  808, 1051,  291,  350,  458,  657,  181,  554,  750,  659,  627,  438,  345,  655,  321,  595,  197,  247,  670,  873,  840,  642,  832,  720,  559,  690,  606,  584,  803, 1129,  526,  724,  671,  860,  417,  102,  221,  379,  438,  448,  384, 1066,  603,  578,  462,  951,  408,  611,  888,  712,  598,  872,  859,  643,  696,  783,  855,  393,  622,  442,  430,  755,  571,  942,  459,  261,  929, 1004],
        [  624,    0,  288,  463,  212,  818,  426,  956,  890,  467,  203,  550,  311,  891,  425,  663,  976,  341,  445,  651,  345,  472,  356,  268,  299,  335,  666,  457,  460,  947,    0,  895,  709,  361,  516,  650,  437,  979,  680,  510,  812,  427,  284,  443,  624,  921,  458,  835,  731,  420,   89,  990,  358,  853,  586,  726,  517,  602,  219,  210,  494,  374,  273,  181,  961,  296,  502,  109,  267,  715,  737,  292,  504,  797,  689,  673,  899,  481,  467,  674,  663,  268,  794,  443,  653,  326,  818,  308,  264,  368,  327,  795,  983,  925,  539,  609,  611, 1042,  526,  983,  460,  653,  618,  486,  372,  530,  665,  456,  614,  928,  747,  448,  273,  348,  704,  663,  498, 1041,  853,  702,  491,  341,  926,  746,  789,  996,  919,  785,  961,  701,  290,  372,  371,  503,  174,  500,  444,  614,  370,  465,  698,  555,  505,  234,  577,  411,  537,  850,  907,  778,  963,  526,  818,  599,  530,  614,  841,  249,  542,  409,  523,  410,  369,  348,  198,  338,  758,  238,   98,  806,  501,  550,  753,  203,  514,  167,  503,  963,   28,  217],
        [  725,    0,  665,  492,  689,  140,  530,  408,  404,  533,  825,  721,  625,  338,  592,  398,  311,  883,  876,  693,  927,  452,  719,  834,  597,  884,  378,  939,  829,   80,  895,    0,  264,  770,  380,  553,  548,  289,  670,  414,  205,  891,  707,  523,  550,  493,  615,  234,  510,  508,  944,  584,  992,  264,  318,  634,  480,  386,  712,  752,  417,  626,  843,  749,  217,  700,  587,  839,  667,  198,  486,  661,  402,  186,  721,  823,   84,  617, 1004,  531,  539,  869,  206,  602,  535,  914,  324,  906,  737,  539,  829,  429,  546,  174,  373,  309,  426,  438,  419,  338,  519,  264,  320,  806,  545,  487,  805,  465,  294,  219,  525,  655,  741,  981,  217,  339,  417,  591,  210,  475,  737,  594,  554,  455,  266,  586,  369,  516,  260,  197,  625,  800,  768,  566,  771,  643,  528,  611,  544,  513,  724, 1054,  455,  677,  593,  840,  359,   54,  269,  300,  373,  383,  412,  989,  527,  499,  387,  884,  354,  543,  811,  689,  558,  801,  795,  581,  617,  719,  804,  315,  547,  373,  350,  707,  497,  879,  420,  320,  878,  940],
        [  463,    0,  542,  258,  497,  133,  298,  599,  253,  285,  600,  458,  408,  216,  345,  137,  277,  635,  618,  433,  830,  363,  635,  721,  424,  789,  427,  681,  570,  342,  709,  264,    0,  521,  230,  592,  306,  514,  414,  340,  358,  635,  477,  448,  289,  330,  567,  129,  267,  291,  774,  428,  746,  436,  251,  385,  443,  129,  502,  534,  219,  539,  731,  599,  452,  468,  558,  633,  533,  240,  246,  540,  213,  328,  464,  563,  222,  359,  748,  582,  585,  631,   88,  350,  576,  813,  150,  800,  620,  405,  583,  546,  398,  404,  295,  112,  163,  373,  367,  554,  276,   86,   92,  545,  337,  461,  545,  253,  250,  438,  285,  605,  509,  736,   75,  380,  329,  457,  391,  225,  702,  376,  377,  545,   91,  432,  552,  290,  485,  195,  485,  549,  517,  308,  560,  382,  456,  349,  339,  270,  468,  793,  216,  525,  330,  771,  212,  251,  467,  101,  288,  191,  543,  726,  267,  236,  209,  649,  226,  314,  549,  624,  442,  552,  574,  373,  376,  500,  631,  134,  290,  160,  124,  551,  243,  659,  342,  532,  698,  711],
