{
    "name": "random-96-22600",
    "comment": "size=96 seed=22600",
    "nodes": ["+0", "-0", "+1", "-1", "+2", "-2", "+3", "-3", "+4", "-4", "+5", "-5", "+6", "-6", "+7", "-7", "+8", "-8", "+9", "-9", "+10", "-10", "+11", "-11", "+12", "-12", "+13", "-13", "+14", "-14", "+15", "-15", "+16", "-16", "+17", "-17", "+18", "-18", "+19", "-19", "+20", "-20", "+21", "-21", "+22", "-22", "+23", "-23", "+24", "-24", "+25", "-25", "+26", "-26", "+27", "-27", "+28", "-28", "+29", "-29", "+30", "-30", "+31", "-31", "+32", "-32", "+33", "-33", "+34", "-34", "+35", "-35", "+36", "-36", "+37", "-37", "+38", "-38", "+39", "-39", "+40", "-40", "+41", "-41", "+42", "-42", "+43", "-43", "+44", "-44", "+45", "-45", "+46", "-46", "+47", "-47", "+48", "-48", "+49", "-49", "+50", "-50", "+51", "-51", "+52", "-52", "+53", "-53", "+54", "-54", "+55", "-55", "+56", "-56", "+57", "-57", "+58", "-58", "+59", "-59", "+60", "-60", "+61", "-61", "+62", "-62", "+63", "-63", "+64", "-64", "+65", "-65", "+66", "-66", "+67", "-67", "+68", "-68", "+69", "-69", "+70", "-70", "+71", "-71", "+72", "-72", "+73", "-73", "+74", "-74", "+75", "-75", "+76", "-76", "+77", "-77", "+78", "-78", "+79", "-79", "+80", "-80", "+81", "-81", "+82", "-82", "+83", "-83", "+84", "-84", "+85", "-85", "+86", "-86", "+87", "-87", "+88", "-88", "+89", "-89", "+90", "-90", "+91", "-91", "+92", "-92", "+93", "-93", "+94", "-94", "+95", "-95", "+96", "-96"],
    "precedence": {
        "+0": "-0",
        "+1": "-1",
        "+2": "-2",
        "+3": "-3",
        "+4": "-4",
        "+5": "-5",
        "+6": "-6",
        "+7": "-7",
        "+8": "-8",
        "+9": "-9",
        "+10": "-10",
        "+11": "-11",
        "+12": "-12",
        "+13": "-13",
        "+14": "-14",
        "+15": "-15",
        "+16": "-16",
        "+17": "-17",
        "+18": "-18",
        "+19": "-19",
        "+20": "-20",
        "+21": "-21",
        "+22": "-22",
        "+23": "-23",
        "+24": "-24",
        "+25": "-25",
        "+26": "-26",
        "+27": "-27",
        "+28": "-28",
        "+29": "-29",
        "+30": "-30",
        "+31": "-31",
        "+32": "-32",
        "+33": "-33",
        "+34": "-34",
        "+35": "-35",
        "+36": "-36",
        "+37": "-37",
        "+38": "-38",
        "+39": "-39",
        "+40": "-40",
        "+41": "-41",
        "+42": "-42",
        "+43": "-43",
        "+44": "-44",
        "+45": "-45",
        "+46": "-46",
        "+47": "-47",
        "+48": "-48",
        "+49": "-49",
        "+50": "-50",
        "+51": "-51",
        "+52": "-52",
        "+53": "-53",
        "+54": "-54",
        "+55": "-55",
        "+56": "-56",
        "+57": "-57",
        "+58": "-58",
        "+59": "-59",
        "+60": "-60",
        "+61": "-61",
        "+62": "-62",
        "+63": "-63",
        "+64": "-64",
        "+65": "-65",
        "+66": "-66",
        "+67": "-67",
        "+68": "-68",
        "+69": "-69",
        "+70": "-70",
        "+71": "-71",
        "+72": "-72",
        "+73": "-73",
        "+74": "-74",
        "+75": "-75",
        "+76": "-76",
        "+77": "-77",
        "+78": "-78",
        "+79": "-79",
        "+80": "-80",
        "+81": "-81",
        "+82": "-82",
        "+83": "-83",
        "+84": "-84",
        "+85": "-85",
        "+86": "-86",
        "+87": "-87",
        "+88": "-88",
        "+89": "-89",
        "+90": "-90",
        "+91": "-91",
        "+92": "-92",
        "+93": "-93",
        "+94": "-94",
        "+95": "-95",
        "+96": "-96"
    },
    "edges": [
        [    0,    0,  338,  440,  373,  252,  378,  427,   68,  616,  256,  666,  292,  739,  131,  560,  651,  169,   78,  567,  801,  802,  388,  324,  740,  280,  389,  633,  588,  309,   86,   15,  620,   88,  635,  928,  525,   89,  596,  214,  728,  706,  685,   37,  624,  266,  807,  733,  118,  507,  330,  391,  447,  482,  851,  378,  378,  529,  348,  258,  571,  449,  254,  794,  501,  314,  228,  206,  715,  716,  413,  484,  916,  327,  282,  453,  357,  312,  173,  810,  771,  349,  132,  340,  316,  715,  106,  190,  731,  459,  337,  623,  791,  899,  763,  829,  575,  813,  622,  791,  476,  680,  399,  641,  337,  460,  164,  702,  490,  537,  388,   83,  627,  658,  486,  574,  633,  480,  540,  452,  260,  658,  557,  475,  100,  790,   59,  624,  353,  711,  772,  519,  252,  257,  453,  402,  777,  447,  356,  239,  671,  547,  410,  244,  181,  361,   86,  681,  783,  346,  472,  283,  155,  855,  472,  607,  292,  491,  118,  538,  165,  153,  384,  548,  551,  195,  386,  211,  532,  509,   55,  685,  188,  299,  355,  210,  194,  223,  339,  652,  399,  606,   83,  345,  139,  177,  382,  735,  113,  592,  642,  713,  206,  225],
        [    0,    0,    0,    0,    0,    0,    0,    0,    0,    0,    0,    0,    0,    0,    0,    0,    0,    0,    0,    0,    0,    0,    0,    0,    0,    0,    0,    0,    0,    0,    0,    0,    0,    0,    0,    0,    0,    0,    0,    0,    0,    0,    0,    0,    0,    0,    0,    0,    0,    0,    0,    0,    0,    0,    0,    0,    0,    0,    0,    0,    0,    0,    0,    0,    0,    0,    0,    0,    0,    0,    0,    0,    0,    0,    0,    0,    0,    0,    0,    0,    0,    0,    0,    0,    0,    0,    0,    0,    0,    0,    0,    0,    0,    0,    0,    0,    0,    0,    0,    0,    0,    0,    0,    0,    0,    0,    0,    0,    0,    0,    0,    0,    0,    0,    0,    0,    0,    0,    0,    0,    0,    0,    0,    0,    0,    0,    0,    0,    0,    0,    0,    0,    0,    0,    0,    0,    0,    0,    0,    0,    0,    0,    0,    0,    0,    0,    0,    0,    0,    0,    0,    0,    0,    0,    0,    0,    0,    0,    0,    0,    0,    0,    0,    0,    0,    0,    0,    0,    0,    0,    0,    0,    0,    0,    0,    0,    0,    0,    0,    0,    0,    0,    0,    0,    0,    0,    0,    0,    0,    0,    0,    0,    0,    0],
        [  338,    0,    0,  609,  676,  468,   84,  578,  377,  877,  581,  719,  600,  912,  209,  891,  759,  492,  289,  439,  923,  972,  502,  541,  894,  157,  702,  853,  520,  353,  377,  326,  843,  395,  590,  888,  383,  357,  579,  127,  896,  660,  963,  375,  826,  579,  898,  842,  292,  834,   47,  640,  754,  385,  821,  669,   55,  747,  466,  488,  706,  118,  591,  899,  750,   51,  268,  282,  995,  892,  557,  821, 1186,  250,  301,  117,  225,  178,  399, 1048,  968,  637,  367,  674,  280,  787,  300,  516, 1007,  759,  671,  627,  727,  864,  867, 1115,  902,  827,  907,  966,  498,  851,  118,  669,  668,  787,  202,  785,  640,  842,  356,  310,  938,  705,  218,  839,  755,  803,  813,  777,   84,  681,  705,  812,  355,  933,  388,  681,  368,  976,  708,  324,  588,  424,  425,  706, 1004,  782,  305,  120,  926,  828,  111,  551,  519,  564,  423,  984,  880,  218,  808,  133,  242, 1134,  559,  499,  584,  547,  383,  862,  497,  490,  359,  453,  421,  494,  655,  248,  849,  564,  324,  972,  172,   65,  692,  541,  431,  554,   95,  722,  691,  865,  366,  633,  345,  515,  720,  959,  446,  482,  727, 1004,  456,  558],
        [  440,    0,  609,    0,  683,  189,  583,   40,  492,  315,  356,  281,  299,  310,  499,  530,  223,  514,  402,  453,  363,  372,  121,  126,  303,  456,  337,  252,  386,  265,  355,  436,  243,  503,  379,  588,  457,  525,  323,  545,  296,  424,  415,  428,  218,  590,  377,  300,  551,  705,  634,  153,  340,  390,  513,  706,  611,  155,  147,  187,  135,  719,  447,  360,  200,  622,  343,  635,  448,  288,   59,  587,  608,  387,  313,  684,  433,  449,  605,  449,  360,  245,  568,  550,  349,  305,  541,  358,  450,  323,  429,  309,  505,  559,  330,  565,  516,  438,  384,  363,  233,  248,  576,  292,  413,  440,  434,  285,   56,  387,  315,  379,  477,  280,  593,  292,  199,  430,  288,  425,  577,  309,  118,  552,  343,  351,  463,  246,  272,  407,  490,  520,  419,  197,  301,  700,  400,  494,  347,  585,  350,  314,  597,  588,  435,   87,  418,  488,  352,  431,  614,  479,  570,  573,  137,  446,  641,  186,  547,  473,  485,  416,  308,  404,  450,  570,  202,  365,  435,  191,  394,  441,  458,  616,  530,  379,  247,  513,  671,  253,  719,  301,  516,  687,  314,  427,  510,  356,  468,  442,  233,  478,  239,  393],
        [  373,    0,  676,  683,    0,  523,  733,  690,  312,  692,  331,  955,  394,  917,  476,  439,  904,  208,  450,  933, 1022,  974,  688,  560,  938,  651,  418,  770,  939,  659,  405,  388,  757,  291,  976, 1248,  895,  322,  929,  551,  912, 1042,  712,  348,  787,  109, 1054,  974,  384,  191,  651,  559,  468,  847, 1170,   35,  724,  693,  655,  512,  814,  768,  238, 1032,  628,  637,  595,  417,  730,  893,  685,  280,  924,  699,  644,  790,  730,  685,  283,  889,  915,  466,  310,  159,  684,  987,  376,  328,  754,  494,  294,  944, 1129, 1219, 1004,  812,  471, 1112,  645,  960,  806,  870,  759,  948,  309,  396,  534,  967,  737,  531,  747,  448,  577,  951,  853,  652,  877,  428,  611,  401,  592,  966,  791,  305,  438,  992,  315,  916,  705,  759, 1111,  892,  267,  566,  804,   31,  878,  330,  723,  558,  745,  601,  766,  130,  255,  598,  317,  645, 1027,  719,  235,  651,  436,  850,  769,  967,   93,  803,  293,  459,  223,  282,  742,  908,  918,  184,  521,  581,  485,  818,  420,  690,  555,  620,  196,  305,  479,  176,  639,  931,   38,  689,  315,   57,  482,  263,  244,  848,  267,  953,  914,  701,  471,  290],
        [  252,    0,  468,  189,  523,    0,  462,  180,  304,  409,  223,  437,  193,  490,  323,  490,  406,  337,  221,  463,  551,  553,  165,   78,  489,  331,  279,  397,  438,  191,  167,  248,  386,  316,  462,  725,  444,  337,  412,  381,  478,  525,  496,  240,  380,  422,  561,  486,  365,  583,  483,  172,  316,  381,  648,  542,  483,  290,  136,   24,  322,  584,  301,  547,  283,  470,  211,  450,  529,  467,  169,  493,  718,  297,  214,  561,  346,  338,  417,  587,  528,  190,  380,  412,  263,  477,  354,  198,  540,  313,  319,  422,  611,  696,  516,  650,  489,  592,  444,  543,  291,  430,  465,  426,  307,  385,  273,  461,  240,  395,  279,  196,  494,  432,  512,  372,  385,  389,  347,  372,  419,  444,  307,  465,  156,  539,  276,  396,  227,  508,  594,  479,  277,   65,  311,  545,  546,  414,  283,  419,  459,  364,  485,  416,  269,  112,  234,  529,  537,  339,  506,  350,  388,  667,  247,  481,  470,  281,  359,  445,  310,  244,  272,  425,  453,  390,  193,  225,  419,  296,  208,  508,  301,  461,  403,  225,   59,  348,  514,  417,  558,  397,  327,  519,  135,  260,  398,  503,  286,  470,  403,  542,   54,  244],
        [  378,    0,   84,  583,  733,  462,    0,  548,  426,  867,  604,  664,  615,  877,  258,  913,  713,  540,  316,  362,  876,  935,  469,  531,  856,  132,  715,  832,  449,  320,  400,  364,  822,  446,  521,  815,  306,  412,  514,  185,  861,  588,  958,  412,  800,  632,  846,  794,  353,  883,  130,  633,  764,  316,  749,  729,   39,  728,  436,  484,  668,  144,  626,  849,  740,  133,  252,  356,  990,  859,  528,  858, 1175,  202,  270,  102,  166,  135,  464, 1029,  939,  643,  428,  717,  238,  733,  359,  542, 1000,  766,  699,  565,  652,  792,  818, 1111,  922,  761,  906,  930,  445,  817,   35,  609,  695,  807,  222,  734,  607,  850,  303,  333,  948,  648,  137,  832,  713,  821,  809,  797,  152,  620,  670,  844,  373,  891,  433,  627,  324,  966,  633,  242,  620,  410,  366,  763,  982,  810,  254,  191,  914,  826,   33,  606,  556,  548,  460,  988,  830,  162,  848,  113,  308, 1128,  516,  423,  643,  498,  441,  880,  542,  525,  307,  381,  344,  550,  654,  239,  863,  514,  352,  970,  193,  146,  731,  569,  435,  600,  176,  669,  751,  855,  419,  694,  354,  550,  755,  937,  490,  406,  677, 1004,  460,  588],
        [  427,    0,  578,   40,  690,  180,  548,    0,  483,  355,  368,  266,  315,  336,  477,  560,  226,  514,  384,  414,  376,  397,   82,  131,  325,  423,  362,  290,  349,  229,  344,  422,  282,  496,  346,  568,  417,  514,  290,  518,  321,  394,  455,  418,  253,  594,  382,  307,  536,  723,  604,  182,  371,  350,  492,  712,  577,  195,  113,  183,  145,  686,  457,  368,  239,  593,  312,  618,  488,  316,   21,  610,  647,  350,  279,  649,  396,  414,  596,  487,  392,  268,  558,  564,  313,  299,  526,  363,  490,  355,  447,  280,  477,  540,  337,  605,  549,  424,  423,  390,  195,  275,  540,  269,  432,  468,  408,  282,   66,  422,  275,  362,  514,  264,  555,  331,  207,  459,  326,  453,  549,  287,  134,  576,  329,  370,  455,  228,  234,  447,  462,  480,  430,  176,  261,  709,  437,  518,  309,  558,  390,  352,  562,  590,  439,   96,  414,  526,  357,  395,  634,  447,  551,  612,  102,  408,  644,  151,  538,  505,  486,  417,  268,  365,  411,  569,  230,  335,  468,  158,  379,  480,  431,  588,  546,  386,  237,  518,  642,  242,  726,  341,  506,  691,  297,  431,  529,  392,  465,  403,  225,  518,  233,  402],
        [   68,    0,  377,  492,  312,  304,  426,  483,    0,  641,  257,  728,  305,  784,  170,  547,  708,  116,  145,  634,  854,  847,  450,  372,  789,  340,  395,  669,  656,  376,  140,   81,  657,   22,  703,  994,  592,   40,  663,  250,  774,  774,  702,   65,  665,  208,  864,  789,  106,  459,  361,  427,  455,  549,  917,  314,  422,  568,  410,  306,  625,  481,  230,  850,  533,  346,  295,  186,  730,  761,  470,  452,  934,  393,  350,  493,  420,  373,  114,  839,  811,  371,   79,  299,  383,  775,   93,  196,  749,  470,  323,  689,  858,  966,  819,  841,  565,  877,  637,  835,  542,  727,  450,  706,  325,  452,  223,  761,  544,  544,  456,  151,  629,  720,  541,  598,  688,  476,  561,  446,  295,  723,  610,  448,  162,  839,   32,  686,  421,  732,  839,  582,  237,  318,  521,  342,  809,  428,  424,  266,  697,  566,  459,  183,  160,  410,   87,  686,  839,  409,  434,  339,  158,  869,  534,  675,  227,  555,   56,  531,  123,  141,  452,  616,  618,  130,  414,  277,  531,  573,  123,  698,  244,  330,  321,  207,  246,  178,  362,  712,  335,  632,   27,  280,  204,  159,  354,  769,   75,  659,  702,  724,  254,  217],
        [  616,    0,  877,  315,  692,  409,  867,  355,  641,    0,  399,  509,  340,  279,  719,  344,  399,  603,  615,  766,  421,  318,  433,  337,  322,  736,  277,  126,  690,  562,  537,  619,  120,  642,  670,  803,  771,  680,  615,  786,  283,  698,  102,  588,  176,  637,  487,  419,  732,  627,  892,  238,  225,  705,  740,  724,  890,  164,  449,  390,  336,  993,  476,  454,  128,  878,  616,  820,  134,  260,  373,  479,  310,  684,  603,  967,  732,  737,  741,  202,  241,  270,  718,  534,  646,  488,  719,  449,  136,  199,  399,  586,  767,  778,  440,  252,  315,  641,   95,  302,  545,  263,  866,  550,  385,  313,  680,  461,  327,  182,  625,  590,  220,  518,  897,   43,  365,  284,   83,  303,  826,  563,  311,  439,  544,  370,  610,  492,  579,  100,  758,  833,  451,  457,  616,  697,  187,  387,  652,  823,   57,   92,  887,  650,  512,  321,  554,  198,  463,  729,  523,  756,  769,  262,  443,  754,  692,  491,  690,  288,  572,  513,  618,  716,  764,  660,  231,  632,  245,  491,  591,  133,  709,  868,  499,  448,  451,  567,  920,  473,  729,   14,  668,  721,  538,  507,  455,  160,  584,  752,  444,  170,  428,  448],
        [  256,    0,  581,  356,  331,  223,  604,  368,  257,  399,    0,  633,   65,  592,  383,  310,  575,  205,  293,  681,  692,  651,  381,  238,  610,  484,  138,  453,  661,  402,  206,  265,  440,  254,  683,  934,  657,  297,  632,  464,  586,  744,  450,  221,  463,  250,  723,  644,  359,  361,  580,  229,  198,  597,  858,  357,  613,  367,  357,  205,  484,  696,   94,  701,  310,  564,  382,  443,  477,  568,  365,  274,  681,  486,  409,  692,  530,  504,  347,  601,  600,  140,  329,  196,  458,  660,  346,   67,  496,  215,  101,  637,  830,  905,  673,  585,  322,  791,  383,  638,  513,  542,  618,  634,   93,  206,  384,  639,  410,  287,  494,  273,  373,  631,  687,  357,  547,  225,  317,  198,  510,  651,  461,  251,  232,  664,  229,  595,  443,  485,  813,  681,   64,  282,  533,  347,  579,  208,  487,  492,  455,  317,  633,  257,  113,  273,  175,  430,  697,  521,  284,  495,  406,  614,  456,  702,  305,  496,  299,  283,  173,  119,  487,  646,  670,  261,  195,  382,  277,  509,  258,  443,  414,  550,  181,   51,  202,  175,  593,  607,  368,  393,  283,  344,  258,  109,  176,  542,  191,  691,  588,  467,  182,   50],
        [  666,    0,  719,  281,  955,  437,  664,  266,  728,  509,  633,    0,  579,  315,  684,  793,  116,  774,  608,  374,  237,  349,  279,  397,  269,  567,  613,  393,  266,  387,  590,  658,  394,  744,  208,  310,  412,  755,  174,  701,  298,  204,  604,  665,  339,  858,  187,  158,  762,  985,  757,  429,  608,  365,  238,  976,  700,  361,  319,  445,  178,  807,  723,  198,  436,  749,  491,  836,  631,  312,  271,  866,  730,  470,  437,  755,  499,  542,  839,  547,  400,  524,  798,  829,  443,   72,  755,  628,  623,  587,  709,  119,  262,  282,  172,  730,  775,  158,  599,  353,  222,  279,  643,   66,  693,  712,  601,   83,  230,  637,  364,  590,  713,   18,  613,  505,  147,  698,  519,  698,  718,   68,  205,  829,  568,  275,  703,   43,  359,  573,  254,  496,  695,  411,  298,  975,  490,  770,  414,  740,  517,  547,  664,  852,  703,  361,  668,  705,  175,  504,  893,  591,  766,  722,  195,  331,  906,  182,  782,  735,  747,  680,  361,  327,  383,  826,  478,  517,  693,  163,  613,  640,  614,  750,  810,  652,  490,  782,  802,   37,  991,  497,  748,  955,  528,  694,  790,  455,  721,  338,   66,  675,  491,  668],
        [  292,    0,  600,  299,  394,  193,  615,  315,  305,  340,   65,  579,    0,  527,  412,  304,  515,  266,  314,  656,  629,  586,  339,  189,  545,  489,  102,  389,  626,  381,  227,  298,  376,  305,  643,  883,  636,  345,  590,  489,  521,  700,  398,  259,  399,  315,  662,  582,  403,  408,  603,  165,  156,  574,  807,  421,  628,  302,  320,  172,  425,  717,  157,  639,  246,  589,  379,  489,  426,  503,  316,  303,  629,  478,  397,  707,  524,  505,  402,  541,  535,   76,  380,  253,  447,  602,  389,  111,  444,  167,  133,  590,  785,  854,  611,  539,  308,  737,  333,  573,  474,  477,  625,  584,  119,  197,  399,  580,  352,  247,  471,  291,  340,  578,  686,  297,  487,  207,  259,  185,  534,  601,  401,  273,  246,  599,  275,  542,  420,  429,  769,  668,  128,  256,  503,  408,  517,  221,  472,  521,  396,  261,  642,  322,  174,  220,  219,  390,  635,  516,  322,  503,  446,  565,  409,  672,  370,  451,  352,  266,  234,  174,  465,  617,  646,  324,  130,  383,  250,  463,  282,  395,  430,  576,  232,  109,  189,  239,  622,  551,  432,  333,  332,  408,  262,  169,  215,  479,  245,  662,  531,  422,  165,  114],
        [  739,    0,  912,  310,  917,  490,  877,  336,  784,  279,  592,  315,  527,    0,  808,  620,  204,  784,  709,  664,  147,   63,  410,  415,   53,  757,  506,  159,  563,  560,  653,  737,  170,  793,  517,  563,  688,  820,  473,  853,   19,  519,  347,  722,  130,  841,  222,  174,  854,  884,  939,  367,  471,  629,  512,  945,  908,  226,  447,  482,  212, 1018,  683,  187,  291,  928,  648,  940,  366,   25,  356,  741,  422,  676,  612,  977,  718,  743,  896,  238,   86,  453,  863,  765,  640,  265,  843,  620,  349,  444,  628,  425,  568,  541,  183,  441,  592,  405,  371,   54,  458,   62,  866,  375,  612,  573,  743,  241,  273,  454,  585,  685,  497,  330,  864,  300,  184,  548,  334,  561,  884,  382,  208,  701,  646,   92,  754,  321,  555,  301,  564,  767,  654,  506,  544,  928,  183,  645,  628,  893,  258,  356,  888,  847,  695,  379,  704,  465,  202,  719,  782,  780,  877,  425,  366,  631,  897,  397,  839,  562,  752,  684,  579,  613,  668,  842,  398,  671,  518,  387,  698,  387,  766,  923,  735,  631,  547,  765,  978,  283,  954,  272,  810,  935,  621,  688,  698,  158,  747,  635,  257,  417,  533,  639],
        [  131,    0,  209,  499,  476,  323,  258,  477,  170,  719,  383,  684,  412,  808,    0,  690,  691,  285,  105,  510,  850,  870,  420,  401,  801,  188,  512,  720,  554,  299,  187,  120,  708,  189,  612,  914,  461,  155,  583,   84,  794,  685,  796,  168,  703,  375,  844,  775,  106,  628,  199,  486,  568,  432,  840,  474,  253,  613,  378,  337,  620,  318,  384,  836,  598,  184,  197,  155,  827,  786,  460,  613, 1025,  266,  255,  325,  280,  226,  217,  906,  850,  461,  177,  466,  270,  742,  108,  317,  842,  577,  468,  619,  765,  887,  804,  944,  704,  818,  736,  861,  473,  747,  283,  648,  466,  588,   88,  733,  543,  658,  355,  130,  751,  673,  378,  679,  679,  608,  647,  580,  130,  663,  611,  605,  176,  847,  180,  642,  335,  817,  746,  436,  383,  303,  427,  506,  868,  578,  311,  110,  773,  658,  291,  349,  312,  433,  217,  801,  822,  269,  599,  181,   84,  967,  496,  559,  387,  503,  186,  666,  289,  284,  354,  502,  492,  293,  490,  171,  658,  521,  131,  800,   92,  169,  484,  340,  272,  346,  211,  676,  496,  709,  162,  439,  189,  308,  512,  825,  237,  543,  672,  829,  293,  355],
        [  560,    0,  891,  530,  439,  490,  913,  560,  547,  344,  310,  793,  304,  620,  690,    0,  700,  455,  602,  946,  757,  662,  610,  461,  659,  790,  212,  462,  902,  680,  515,  571,  452,  537,  905, 1102,  932,  583,  850,  772,  622,  953,  316,  524,  503,  433,  816,  741,  652,  312,  888,  379,  190,  867, 1031,  474,  923,  440,  603,  467,  618, 1006,  318,  785,  361,  873,  682,  727,  323,  599,  569,  167,  498,  780,  700, 1002,  827,  807,  608,  506,  584,  306,  604,  297,  749,  793,  639,  375,  349,  208,  225,  838, 1033, 1075,  766,  382,   36,  943,  262,  646,  746,  595,  925,  817,  224,  107,  693,  767,  570,  167,  768,  582,  153,  797,  989,  320,  666,  103,  290,  119,  818,  833,  590,  135,  541,  710,  523,  766,  716,  371, 1019,  968,  311,  554,  790,  432,  514,  122,  772,  799,  381,  265,  941,  458,  387,  476,  475,  219,  790,  819,  216,  803,  703,  422,  662,  955,  479,  710,  575,   60,  432,  410,  761,  904,  938,  495,  332,  685,  104,  718,  567,  283,  724,  858,  260,  351,  492,  394,  899,  760,  470,  349,  570,  485,  562,  389,  211,  498,  472,  947,  733,  282,  468,  336],
        [  651,    0,  759,  223,  904,  406,  713,  226,  708,  399,  575,  116,  515,  204,  691,  700,    0,  737,  603,  464,  165,  245,  272,  348,  162,  603,  534,  280,  361,  409,  569,  645,  282,  721,  314,  407,  494,  739,  270,  721,  186,  319,  492,  644,  226,  813,  157,   85,  757,  914,  792,  355,  520,  439,  342,  928,  747,  261,  314,  407,   91,  856,  667,  146,  340,  782,  509,  837,  518,  198,  239,  786,  615,  512,  461,  809,  548,  583,  821,  432,  287,  452,  782,  768,  480,   93,  748,  581,  509,  497,  640,  222,  377,  381,  114,  615,  679,  245,  491,  247,  273,  163,  697,  173,  624,  626,  614,   68,  169,  539,  411,  582,  609,  129,  682,  399,   35,  609,  417,  612,  745,  180,  116,  748,  552,  183,  680,  118,  392,  458,  370,  575,  639,  396,  358,  921,  375,  689,  459,  761,  404,  445,  718,  811,  658,  309,  638,  596,  132,  551,  818,  627,  769,  606,  201,  429,  864,  216,  763,  641,  708,  639,  406,  414,  470,  792,  401,  534,  597,  201,  602,  528,  633,  780,  745,  601,  463,  736,  834,   81,  941,  387,  730,  910,  518,  650,  720,  340,  689,  433,   54,  564,  458,  615],
        [  169,    0,  492,  514,  208,  337,  540,  514,  116,  603,  205,  774,  266,  784,  285,  455,  737,    0,  244,  726,  870,  844,  498,  389,  796,  448,  336,  653,  736,  454,  201,  183,  640,   97,  776, 1056,  687,  140,  731,  365,  775,  844,  651,  141,  658,   99,  891,  813,  211,  344,  475,  417,  396,  640,  978,  217,  537,  560,  463,  331,  649,  595,  142,  873,  510,  460,  388,  276,  676,  759,  505,  344,  880,  492,  438,  608,  524,  480,  154,  805,  799,  340,  152,  187,  477,  813,  200,  164,  697,  416,  239,  750,  930, 1027,  843,  780,  478,  928,  583,  832,  608,  730,  564,  760,  246,  370,  332,  796,  569,  480,  541,  241,  555,  768,  653,  561,  713,  398,  521,  367,  410,  777,  630,  345,  232,  848,  111,  733,  500,  688,  911,  686,  160,  370,  600,  235,  782,  334,  516,  380,  659,  520,  573,   83,   92,  428,  112,  618,  865,  513,  322,  450,  266,  811,  582,  762,  136,  611,  124,  449,   33,  100,  537,  702,  711,   59,  392,  374,  456,  627,  213,  641,  355,  443,  212,  157,  286,   66,  473,  753,  236,  597,  129,  188,  276,   98,  252,  745,   60,  747,  739,  662,  283,  156],
        [   78,    0,  289,  402,  450,  221,  316,  384,  145,  615,  293,  608,  314,  709,  105,  602,  603,  244,    0,  489,  759,  772,  334,  299,  705,  208,  415,  616,  514,  237,   88,   64,  605,  166,  564,  859,  448,  157,  527,  176,  696,  635,  693,  104,  601,  343,  758,  687,  155,  578,  290,  381,  469,  405,  783,  455,  322,  510,  293,  234,  528,  405,  311,  748,  494,  275,  151,  235,  724,  687,  368,  542,  922,  250,  207,  400,  280,  238,  240,  802,  749,  358,  197,  406,  239,  661,  147,  228,  738,  477,  384,  557,  719,  831,  716,  842,  614,  751,  633,  762,  409,  649,  334,  579,  381,  498,   95,  650,  449,  559,  313,   26,  653,  598,  415,  575,  589,  515,  544,  489,  221,  595,  517,  529,   72,  752,  136,  566,  280,  713,  700,  442,  304,  209,  380,  479,  764,  495,  279,  210,  668,  555,  347,  322,  242,  332,  147,  702,  735,  269,  535,  214,  168,  864,  415,  530,  369,  429,  189,  573,  237,  210,  310,  472,  474,  273,  386,  133,  562,  447,   37,  697,  124,  263,  418,  254,  168,  294,  310,  596,  476,  605,  155,  423,   88,  236,  439,  721,  186,  515,  590,  727,  189,  272],
        [  567,    0,  439,  453,  933,  463,  362,  414,  634,  766,  681,  374,  656,  664,  510,  946,  464,  726,  489,    0,  611,  709,  344,  487,  626,  329,  736,  683,  110,  282,  529,  553,  678,  654,  181,  455,   57,  642,  201,  482,  646,  237,  867,  586,  636,  824,  557,  529,  613, 1031,  485,  579,  762,   87,  394,  941,  400,  604,  345,  485,  463,  491,  746,  571,  652,  484,  340,  657,  899,  653,  398,  954, 1045,  245,  289,  431,  234,  291,  719,  870,  742,  641,  676,  856,  251,  445,  612,  641,  900,  752,  780,  256,  291,  434,  545, 1015,  941,  426,  837,  710,  222,  612,  332,  310,  769,  844,  426,  456,  443,  827,  190,  487,  922,  357,  266,  745,  480,  844,  739,  830,  476,  313,  479,  928,  496,  643,  622,  351,  239,  854,  273,  135,  726,  401,  158,  959,  815,  877,  211,  510,  796,  764,  349,  807,  693,  477,  616,  939,  549,  245,  964,  345,  590, 1018,  325,   62,  857,  280,  674,  896,  711,  662,  195,   52,   19,  761,  622,  357,  865,  284,  515,  893,  419,  492,  854,  671,  481,  764,  533,  395,  961,  753,  642,  910,  453,  685,  857,  774,  666,   46,  414,  931,  500,  692],
        [  801,    0,  923,  363, 1022,  551,  876,  376,  854,  421,  692,  237,  629,  147,  850,  757,  165,  870,  759,  611,    0,  141,  432,  485,  100,  767,  624,  297,  503,  573,  717,  796,  306,  865,  443,  429,  646,  887,  410,  883,  139,  427,  493,  790,  255,  938,   83,   84,  911, 1008,  956,  464,  597,  595,  386, 1049,  911,  336,  473,  549,  232, 1020,  785,   50,  411,  946,  671,  993,  512,  162,  392,  869,  552,  676,  625,  972,  712,  747,  967,  373,  219,  558,  930,  876,  644,  169,  901,  709,  495,  571,  741,  356,  459,  409,   66,  583,  731,  279,  514,  152,  434,  163,  860,  302,  725,  702,  775,  155,  312,  591,  574,  737,  641,  254,  841,  438,  172,  679,  468,  689,  908,  302,  245,  829,  703,   59,  825,  262,  556,  447,  459,  729,  756,  551,  519, 1036,  321,  771,  623,  923,  404,  493,  881,  940,  786,  446,  779,  610,   72,  715,  906,  791,  925,  564,  365,  568,  992,  379,  909,  698,  840,  771,  570,  562,  619,  928,  503,  696,  654,  363,  754,  534,  795,  944,  849,  725,  609,  861,  998,  217, 1060,  413,  878, 1034,  672,  779,  817,  303,  827,  575,  203,  564,  600,  736],
        [  802,    0,  972,  372,  974,  553,  935,  397,  847,  318,  651,  349,  586,   63,  870,  662,  245,  844,  772,  709,  141,    0,  470,  478,   84,  816,  560,  208,  606,  619,  716,  799,  220,  855,  555,  569,  737,  883,  514,  915,   76,  549,  374,  785,  188,  901,  222,  195,  917,  935, 1000,  428,  522,  680,  524, 1003,  967,  286,  507,  545,  268, 1076,  741,  189,  346,  989,  709, 1003,  388,   87,  417,  790,  413,  734,  671, 1035,  774,  802,  958,  234,   86,  512,  925,  821,  698,  290,  905,  681,  369,  495,  683,  464,  591,  549,  195,  448,  633,  417,  407,   17,  510,  124,  923,  412,  667,  622,  805,  269,  333,  498,  640,  748,  532,  365,  918,  345,  232,  596,  381,  611,  945,  416,  267,  750,  708,   83,  816,  361,  612,  323,  589,  817,  713,  568,  596,  984,  186,  695,  684,  955,  288,  402,  945,  907,  755,  442,  766,  493,  209,  776,  832,  839,  939,  427,  422,  673,  956,  449,  901,  605,  813,  745,  635,  658,  715,  903,  457,  732,  561,  438,  760,  415,  828,  984,  790,  691,  610,  825, 1039,  320, 1012,  314,  872,  993,  684,  749,  752,  176,  809,  678,  297,  441,  596,  699],
        [  388,    0,  502,  121,  688,  165,  469,   82,  450,  433,  381,  279,  339,  410,  420,  610,  272,  498,  334,  344,  432,  470,    0,  153,  393,  347,  404,  371,  292,  150,  312,  381,  363,  465,  304,  561,  342,  477,  251,  452,  394,  363,  532,  386,  334,  586,  425,  356,  489,  742,  531,  237,  422,  275,  483,  706,  499,  275,   43,  178,  206,  608,  464,  417,  312,  520,  241,  567,  565,  391,   62,  641,  728,  270,  202,  570,  315,  335,  561,  568,  470,  308,  520,  575,  233,  328,  480,  363,  568,  410,  471,  257,  449,  532,  385,  684,  602,  430,  496,  464,  137,  349,  460,  262,  457,  512,  344,  316,  139,  484,  194,  315,  578,  272,  473,  407,  261,  508,  397,  497,  479,  280,  204,  609,  290,  434,  425,  237,  152,  526,  432,  401,  439,  133,  188,  709,  518,  554,  227,  492,  470,  422,  482,  578,  434,  135,  391,  597,  403,  314,  660,  370,  498,  692,   85,  346,  632,  116,  504,  558,  473,  408,  187,  298,  339,  549,  281,  266,  524,  131,  336,  555,  364,  517,  562,  389,  213,  513,  571,  264,  722,  419,  470,  682,  251,  425,  552,  474,  444,  339,  256,  592,  218,  407],
        [  324,    0,  541,  126,  560,   78,  531,  131,  372,  337,  238,  397,  189,  415,  401,  461,  348,  389,  299,  487,  485,  478,  153,    0,  418,  399,  252,  319,  444,  236,  239,  322,  308,  382,  456,  697,  476,  407,  402,  458,  404,  512,  428,  308,  303,  466,  502,  424,  439,  596,  559,  104,  276,  410,  620,  582,  553,  213,  143,   67,  260,  657,  327,  485,  210,  546,  279,  526,  461,  392,  128,  490,  646,  353,  271,  631,  402,  402,  484,  510,  451,  156,  450,  434,  317,  427,  428,  234,  470,  267,  321,  402,  597,  668,  454,  582,  455,  554,  380,  467,  289,  356,  531,  396,  307,  360,  349,  409,  180,  345,  315,  274,  443,  394,  569,  302,  324,  358,  281,  346,  496,  414,  242,  457,  232,  468,  342,  358,  263,  436,  581,  522,  299,  121,  330,  579,  469,  402,  329,  497,  385,  301,  551,  463,  310,   40,  295,  471,  477,  397,  510,  420,  465,  597,  220,  495,  517,  263,  427,  410,  360,  291,  307,  444,  480,  445,  138,  295,  379,  275,  284,  443,  377,  537,  418,  256,  133,  389,  590,  372,  596,  325,  397,  563,  213,  302,  403,  425,  343,  487,  354,  478,  119,  272],
        [  740,    0,  894,  303,  938,  489,  856,  325,  789,  322,  610,  269,  545,   53,  801,  659,  162,  796,  705,  626,  100,   84,  393,  418,    0,  738,  533,  198,  523,  541,  655,  737,  207,  798,  473,  511,  653,  824,  431,  842,   40,  471,  395,  726,  159,  858,  171,  122,  853,  915,  924,  382,  502,  596,  460,  965,  888,  246,  432,  484,  189,  997,  702,  137,  318,  913,  634,  938,  415,   64,  344,  774,  473,  654,  594,  955,  694,  723,  901,  290,  136,  472,  867,  789,  619,  215,  843,  633,  400,  476,  652,  382,  518,  489,  131,  493,  632,  353,  415,   85,  427,   69,  842,  331,  636,  606,  733,  191,  260,  493,  559,  682,  541,  284,  836,  339,  148,  582,  370,  594,  871,  336,  191,  734,  645,   55,  759,  278,  532,  351,  514,  733,  673,  499,  513,  950,  235,  677,  604,  882,  306,  394,  864,  862,  709,  380,  710,  512,  151,  695,  813,  762,  873,  477,  341,  590,  913,  367,  844,  600,  764,  696,  553,  575,  631,  853,  417,  658,  556,  355,  696,  436,  754,  909,  760,  646,  547,  781,  964,  238,  975,  314,  814,  953,  617,  701,  726,  210,  756,  595,  214,  466,  536,  655],
        [  280,    0,  157,  456,  651,  331,  132,  423,  340,  736,  484,  567,  489,  757,  188,  790,  603,  448,  208,  329,  767,  816,  347,  399,  738,    0,  589,  704,  389,  197,  283,  266,  694,  361,  455,  758,  277,  336,  436,  153,  741,  527,  826,  311,  674,  545,  744,  686,  294,  785,  191,  501,  635,  258,  687,  652,  156,  599,  311,  353,  550,  263,  516,  743,  609,  183,  121,  329,  859,  737,  403,  745, 1044,  100,  145,  232,   95,   39,  404,  900,  815,  513,  363,  614,  125,  633,  295,  424,  869,  637,  581,  481,  601,  732,  712,  980,  797,  682,  775,  810,  346,  695,  137,  520,  575,  683,  118,  631,  484,  721,  207,  220,  819,  553,  208,  700,  599,  696,  677,  673,  156,  533,  550,  729,  253,  776,  338,  528,  212,  835,  582,  248,  506,  279,  278,  680,  854,  691,  156,  186,  783,  695,  155,  522,  448,  418,  354,  858,  725,   85,  741,   25,  264,  996,  403,  383,  566,  392,  368,  754,  444,  416,  209,  329,  311,  469,  523,  108,  736,  409,  243,  839,   99,  184,  624,  453,  305,  502,  236,  568,  674,  723,  340,  618,  228,  442,  642,  809,  392,  366,  572,  873,  331,  472],
        [  389,    0,  702,  337,  418,  279,  715,  362,  395,  277,  138,  613,  102,  506,  512,  212,  534,  336,  415,  736,  624,  560,  404,  252,  533,  589,    0,  354,  696,  469,  327,  396,  341,  391,  704,  922,  721,  434,  649,  590,  503,  756,  316,  355,  377,  361,  669,  590,  496,  384,  704,  185,   61,  656,  848,  450,  729,  289,  393,  256,  445,  818,  202,  642,  216,  689,  476,  580,  341,  482,  368,  254,  545,  572,  490,  808,  619,  603,  483,  477,  498,   97,  466,  262,  539,  625,  483,  201,  362,   81,  125,  642,  839,  894,  618,  448,  211,  769,  248,  545,  540,  465,  725,  628,  110,  108,  500,  601,  384,  150,  557,  392,  239,  615,  783,  236,  502,  110,  195,   95,  635,  645,  419,  216,  347,  587,  366,  581,  505,  354,  824,  758,  178,  343,  580,  426,  462,  158,  562,  621,  331,  188,  742,  375,  247,  272,  311,  293,  642,  612,  285,  603,  542,  477,  463,  746,  416,  509,  437,  167,  305,  256,  550,  694,  728,  390,  136,  482,  149,  518,  382,  306,  531,  677,  230,  189,  286,  293,  722,  582,  456,  273,  421,  445,  362,  244,  193,  430,  328,  738,  558,  330,  261,  183],
        [  633,    0,  853,  252,  770,  397,  832,  290,  669,  126,  453,  393,  389,  159,  720,  462,  280,  653,  616,  683,  297,  208,  371,  319,  198,  704,  354,    0,  598,  515,  549,  633,   14,  675,  568,  681,  696,  707,  516,  776,  161,  589,  213,  610,   55,  701,  362,  294,  750,  728,  874,  243,  315,  631,  620,  800,  859,  107,  398,  383,  230,  966,  541,  329,  144,  861,  586,  838,  239,  138,  310,  584,  362,  638,  562,  933,  684,  698,  777,  198,  147,  314,  748,  615,  600,  367,  738,  490,  230,  288,  477,  480,  654,  656,  314,  340,  435,  518,  220,  193,  463,  138,  826,  440,  462,  415,  667,  340,  244,  296,  564,  591,  345,  404,  844,  142,  247,  389,  175,  403,  813,  452,  208,  543,  548,  248,  638,  382,  523,  181,  646,  765,  512,  431,  541,  779,  151,  487,  598,  815,  125,  198,  848,  710,  562,  291,  585,  322,  338,  682,  625,  726,  780,  338,  361,  664,  757,  404,  722,  404,  621,  556,  557,  632,  684,  711,  262,  606,  359,  400,  598,  250,  694,  854,  583,  497,  449,  627,  907,  357,  807,  117,  696,  792,  532,  556,  545,  107,  623,  663,  328,  285,  430,  502],
        [  588,    0,  520,  386,  939,  438,  449,  349,  656,  690,  661,  266,  626,  563,  554,  902,  361,  736,  514,  110,  503,  606,  292,  444,  523,  389,  696,  598,    0,  282,  536,  576,  594,  675,   74,  370,  156,  670,   93,  541,  545,  140,  791,  602,  548,  832,  448,  422,  653, 1019,  564,  526,  714,  135,  301,  952,  487,  527,  306,  457,  371,  585,  735,  462,  584,  560,  366,  708,  823,  555,  337,  929,  957,  293,  308,  527,  300,  354,  752,  778,  644,  599,  708,  847,  285,  336,  650,  629,  821,  700,  756,  147,  213,  345,  437,  935,  893,  320,  767,  608,  157,  515,  422,  201,  743,  803,  467,  348,  364,  770,  202,  506,  862,  249,  368,  673,  380,  799,  672,  789,  544,  204,  391,  898,  505,  538,  640,  246,  237,  774,  193,  241,  712,  382,  136,  964,  723,  844,  244,  574,  716,  699,  441,  818,  691,  426,  624,  872,  440,  309,  943,  409,  638,  935,  250,   68,  870,  201,  702,  849,  717,  660,  205,   71,  122,  777,  571,  388,  814,  200,  534,  821,  467,  565,  840,  659,  468,  766,  612,  289,  970,  677,  668,  923,  460,  682,  836,  682,  676,   73,  310,  858,  482,  679],
        [  309,    0,  353,  265,  659,  191,  320,  229,  376,  562,  402,  387,  381,  560,  299,  680,  409,  454,  237,  282,  573,  619,  150,  236,  541,  197,  469,  515,  282,    0,  254,  297,  506,  395,  327,  623,  256,  393,  290,  315,  544,  399,  658,  320,  482,  551,  555,  493,  386,  750,  384,  339,  504,  196,  547,  670,  349,  414,  118,  214,  353,  458,  465,  552,  436,  374,  104,  453,  691,  541,  209,  675,  866,  123,   53,  421,  171,  185,  476,  713,  620,  379,  433,  576,   86,  449,  380,  359,  697,  498,  501,  322,  483,  595,  520,  811,  679,  520,  614,  613,  175,  499,  312,  349,  491,  575,  214,  443,  289,  579,   93,  226,  678,  375,  336,  531,  403,  579,  514,  562,  336,  365,  353,  650,  223,  580,  359,  346,   46,  659,  464,  290,  445,  127,  146,  685,  664,  601,   94,  354,  605,  535,  333,  536,  414,  242,  343,  707,  535,  168,  683,  221,  382,  824,  209,  310,  588,  207,  424,  634,  436,  383,   87,  251,  270,  495,  372,  130,  608,  225,  254,  676,  228,  372,  573,  390,  200,  487,  426,  383,  689,  549,  390,  641,  178,  406,  576,  620,  395,  297,  382,  712,  220,  410],
