{
    "name": "random-20-28353",
    "comment": "size=20 seed=28353",
    "nodes": ["+0", "-0", "+1", "-1", "+2", "-2", "+3", "-3", "+4", "-4", "+5", "-5", "+6", "-6", "+7", "-7", "+8", "-8", "+9", "-9", "+10", "-10", "+11", "-11", "+12", "-12", "+13", "-13", "+14", "-14", "+15", "-15", "+16", "-16", "+17", "-17", "+18", "-18", "+19", "-19", "+20", "-20"],
    "precedence": {
        "+0": "-0",
        "+1": "-1",
        "+2": "-2",
        "+3": "-3",
        "+4": "-4",
        "+5": "-5",
        "+6": "-6",
        "+7": "-7",
        "+8": "-8",
        "+9": "-9",
        "+10": "-10",
        "+11": "-11",
        "+12": "-12",
        "+13": "-13",
        "+14": "-14",
        "+15": "-15",
        "+16": "-16",
        "+17": "-17",
        "+18": "-18",
        "+19": "-19",
        "+20": "-20"
    },
    "edges": [
        [    0,    0,  556,  310,  292,  748,  741,  951,  211,  776,  805,  908,  374,  835,  855,  972,  503,  864,  560,  120,  180,  535,   86, 1019,  457,  202,  468,  423,  832,  644,  199,  869,  706,  930,  250,  761,  596,  917,  241,  445,  511,  380],
        [    0,    0,  556,  310,  292,  748,  741,  951,  211,  776,  805,  908,  374,  835,  855,  972,  503,  864,  560,  120,  180,  535,   86, 1019,  457,  202,  468,  423,  832,  644,  199,  869,  706,  930,  250,  761,  596,  917,  241,  445,  511,  380],
        [  556,  556,    0,  388,  395,  457,  327,  496,  347,  598,  333,  353,  309,  343,  456,  503,  408,  317,  406,  676,  538,  106,  542,  483,  580,  397,  161,  328,  305,  560,  609,  354,  487,  508,  593,  377,   42,  367,  572,  343,  588,  421],
        [  310,  310,  388,    0,   19,  757,  680,  873,  188,  848,  535,  708,   90,  727,  810,  884,  194,  641,  250,  405,  186,  316,  244,  867,  639,  318,  398,  120,  591,  749,  477,  616,  750,  874,  505,  720,  428,  743,  487,  498,  679,   81],
        [  292,  292,  395,   19,    0,  755,  681,  877,  176,  842,  551,  719,  104,  732,  811,  888,  212,  653,  269,  387,  169,  326,  225,  875,  626,  304,  398,  138,  605,  741,  460,  631,  745,  876,  488,  720,  435,  752,  471,  491,  667,   96],
        [  748,  748,  457,  757,  755,    0,  173,  286,  612,  171,  736,  562,  708,  298,  161,  320,  844,  608,  853,  847,  833,  560,  785,  492,  432,  548,  363,  747,  652,  236,  665,  706,   87,  233,  611,  123,  443,  494,  598,  304,  392,  818],
        [  741,  741,  327,  680,  681,  173,    0,  211,  569,  343,  572,  391,  615,  139,  132,  234,  732,  436,  732,  852,  790,  432,  760,  349,  528,  542,  289,  645,  482,  380,  704,  536,  245,  196,  661,   57,  302,  327,  644,  328,  503,  729],
        [  951,  951,  496,  873,  877,  286,  211,    0,  775,  428,  655,  397,  802,  160,  126,   36,  901,  476,  890, 1062,  994,  595,  969,  242,  709,  752,  494,  824,  544,  521,  909,  590,  372,   66,  863,  201,  463,  309,  847,  532,  674,  914],
        [  211,  211,  347,  188,  176,  612,  569,  775,    0,  682,  602,  699,  206,  646,  693,  793,  364,  653,  410,  330,  223,  325,  199,  819,  451,  132,  282,  262,  623,  572,  319,  661,  591,  764,  333,  598,  387,  711,  313,  328,  492,  268],
        [  776,  776,  598,  848,  842,  171,  343,  428,  682,    0,  897,  732,  812,  466,  310,  464,  961,  776,  978,  859,  891,  697,  829,  653,  375,  590,  476,  858,  818,  146,  653,  872,  112,  366,  592,  293,  591,  664,  584,  354,  322,  917],
        [  805,  805,  333,  535,  551,  736,  572,  655,  602,  897,    0,  292,  449,  505,  676,  644,  417,  196,  369,  919,  720,  286,  762,  506,  912,  693,  493,  421,  119,  882,  907,  101,  787,  697,  903,  628,  321,  374,  881,  676,  921,  514],
        [  908,  908,  353,  708,  719,  562,  391,  397,  699,  732,  292,    0,  619,  274,  453,  377,  652,   96,  618, 1028,  877,  394,  890,  215,  864,  744,  476,  615,  173,  762,  952,  205,  634,  450,  928,  440,  314,   90,  907,  627,  854,  715],
        [  374,  374,  309,   90,  104,  708,  615,  802,  206,  812,  449,  619,    0,  651,  747,  811,  163,  551,  205,  479,  272,  229,  319,  783,  642,  334,  346,   57,  501,  726,  520,  527,  709,  807,  538,  659,  348,  657,  519,  472,  676,  114],
        [  835,  835,  343,  727,  732,  298,  139,  160,  646,  466,  505,  274,  651,    0,  181,  162,  743,  338,  731,  951,  860,  439,  843,  212,  664,  642,  369,  671,  399,  517,  821,  448,  377,  193,  782,  176,  307,  199,  764,  451,  641,  763],
        [  855,  855,  456,  810,  811,  161,  132,  126,  693,  310,  676,  453,  747,  181,    0,  160,  863,  517,  861,  962,  915,  561,  880,  344,  586,  654,  416,  777,  575,  396,  798,  626,  246,   79,  749,   95,  430,  374,  734,  422,  550,  860],
        [  972,  972,  503,  884,  888,  320,  234,   36,  793,  464,  644,  377,  811,  162,  160,    0,  904,  461,  891, 1085, 1010,  600,  988,  211,  740,  774,  512,  831,  531,  556,  936,  574,  406,  101,  891,  231,  468,  288,  874,  559,  707,  923],
        [  503,  503,  408,  194,  212,  844,  732,  901,  364,  961,  417,  652,  163,  743,  863,  904,    0,  568,   62,  592,  359,  306,  432,  841,  805,  494,  487,  108,  503,  883,  669,  512,  855,  916,  693,  781,  439,  707,  674,  630,  839,  128],
        [  864,  864,  317,  641,  653,  608,  436,  476,  653,  776,  196,   96,  551,  338,  517,  461,  568,    0,  531,  982,  816,  334,  838,  310,  868,  713,  460,  541,   78,  789,  925,  114,  673,  525,  908,  489,  284,  180,  887,  627,  864,  641],
        [  560,  560,  406,  250,  269,  853,  732,  890,  410,  978,  369,  618,  205,  731,  861,  891,   62,  531,    0,  651,  419,  301,  491,  815,  843,  539,  502,  149,  462,  907,  721,  467,  870,  909,  742,  782,  432,  679,  723,  656,  874,  188],
        [  120,  120,  676,  405,  387,  847,  852, 1062,  330,  859,  919, 1028,  479,  951,  962, 1085,  592,  982,  651,    0,  239,  653,  162, 1137,  514,  311,  585,  523,  950,  721,  224,  985,  799, 1039,  288,  869,  715, 1037,  287,  545,  571,  465],
        [  180,  180,  538,  186,  169,  833,  790,  994,  223,  891,  720,  877,  272,  860,  915, 1010,  359,  816,  419,  239,    0,  484,   95, 1020,  611,  305,  501,  304,  771,  771,  378,  798,  807,  985,  425,  820,  579,  903,  412,  541,  661,  231],
        [  535,  535,  106,  316,  326,  560,  432,  595,  325,  697,  286,  394,  229,  439,  561,  600,  306,  334,  301,  653,  484,    0,  505,  555,  640,  408,  235,  236,  298,  647,  622,  336,  586,  611,  617,  483,  134,  428,  596,  414,  656,  334],
        [   86,   86,  542,  244,  225,  785,  760,  969,  199,  829,  762,  890,  319,  843,  880,  988,  432,  838,  491,  162,   95,  505,    0, 1017,  529,  241,  477,  361,  800,  702,  284,  833,  751,  954,  332,  786,  582,  908,  321,  485,  581,  306],
        [ 1019, 1019,  483,  867,  875,  492,  349,  242,  819,  653,  506,  215,  783,  212,  344,  211,  841,  310,  815, 1137, 1020,  555, 1017,    0,  875,  834,  555,  789,  387,  722, 1023,  419,  576,  307,  987,  377,  442,  137,  968,  659,  851,  888],
        [  457,  457,  580,  639,  626,  432,  528,  709,  451,  375,  912,  864,  642,  664,  586,  740,  805,  868,  843,  514,  611,  640,  529,  875,    0,  323,  420,  698,  877,  230,  293,  929,  355,  662,  229,  512,  599,  828,  228,  242,   58,  718],
        [  202,  202,  397,  318,  304,  548,  542,  752,  132,  590,  693,  744,  334,  642,  654,  774,  494,  713,  539,  311,  305,  408,  241,  834,  323,    0,  280,  390,  696,  467,  215,  739,  511,  729,  213,  560,  433,  742,  192,  246,  367,  398],
        [  468,  468,  161,  398,  398,  363,  289,  494,  282,  476,  493,  476,  346,  369,  416,  512,  487,  460,  502,  585,  501,  235,  477,  555,  420,  280,    0,  386,  460,  414,  478,  511,  369,  485,  452,  324,  181,  465,  432,  184,  429,  456],
        [  423,  423,  328,  120,  138,  747,  645,  824,  262,  858,  421,  615,   57,  671,  777,  831,  108,  541,  149,  523,  304,  236,  361,  789,  698,  390,  386,    0,  485,  776,  574,  505,  753,  834,  594,  691,  364,  660,  575,  523,  731,  101],
        [  832,  832,  305,  591,  605,  652,  482,  544,  623,  818,  119,  173,  501,  399,  575,  531,  503,   78,  462,  950,  771,  298,  800,  387,  877,  696,  460,  485,    0,  818,  910,   55,  711,  589,  897,  537,  280,  256,  876,  636,  879,  584],
        [  644,  644,  560,  749,  741,  236,  380,  521,  572,  146,  882,  762,  726,  517,  396,  556,  883,  789,  907,  721,  771,  647,  702,  722,  230,  467,  414,  776,  818,    0,  510,  873,  150,  465,  448,  345,  563,  706,  441,  254,  178,  823],
        [  199,  199,  609,  477,  460,  665,  704,  909,  319,  653,  907,  952,  520,  821,  798,  936,  669,  925,  721,  224,  378,  622,  284, 1023,  293,  215,  478,  574,  910,  510,    0,  954,  605,  876,   65,  709,  643,  942,   69,  378,  351,  554],
        [  869,  869,  354,  616,  631,  706,  536,  590,  661,  872,  101,  205,  527,  448,  626,  574,  512,  114,  467,  985,  798,  336,  833,  419,  929,  739,  511,  505,   55,  873,  954,    0,  766,  637,  944,  591,  331,  292,  922,  689,  932,  602],
        [  706,  706,  487,  750,  745,   87,  245,  372,  591,  112,  787,  634,  709,  377,  246,  406,  855,  673,  870,  799,  807,  586,  751,  576,  355,  511,  369,  753,  711,  150,  605,  766,    0,  316,  548,  202,  480,  571,  537,  267,  312,  816],
        [  930,  930,  508,  874,  876,  233,  196,   66,  764,  366,  697,  450,  807,  193,   79,  101,  916,  525,  909, 1039,  985,  611,  954,  307,  662,  729,  485,  834,  589,  465,  876,  637,  316,    0,  827,  170,  478,  364,  812,  500,  624,  920],
        [  250,  250,  593,  505,  488,  611,  661,  863,  333,  592,  903,  928,  538,  782,  749,  891,  693,  908,  742,  288,  425,  617,  332,  987,  229,  213,  452,  594,  897,  448,   65,  944,  548,  827,    0,  662,  625,  912,   22,  333,  287,  584],
        [  761,  761,  377,  720,  720,  123,   57,  201,  598,  293,  628,  440,  659,  176,   95,  231,  781,  489,  782,  869,  820,  483,  786,  377,  512,  560,  324,  691,  537,  345,  709,  591,  202,  170,  662,    0,  355,  372,  646,  332,  482,  772],
        [  596,  596,   42,  428,  435,  443,  302,  463,  387,  591,  321,  314,  348,  307,  430,  468,  439,  284,  432,  715,  579,  134,  582,  442,  599,  433,  181,  364,  280,  563,  643,  331,  480,  478,  625,  355,    0,  326,  604,  359,  603,  458],
        [  917,  917,  367,  743,  752,  494,  327,  309,  711,  664,  374,   90,  657,  199,  374,  288,  707,  180,  679, 1037,  903,  428,  908,  137,  828,  742,  465,  660,  256,  706,  942,  292,  571,  364,  912,  372,  326,    0,  892,  597,  812,  759],
        [  241,  241,  572,  487,  471,  598,  644,  847,  313,  584,  881,  907,  519,  764,  734,  874,  674,  887,  723,  287,  412,  596,  321,  968,  228,  192,  432,  575,  876,  441,   69,  922,  537,  812,   22,  646,  604,  892,    0,  316,  285,  566],
        [  445,  445,  343,  498,  491,  304,  328,  532,  328,  354,  676,  627,  472,  451,  422,  559,  630,  627,  656,  545,  541,  414,  485,  659,  242,  246,  184,  523,  636,  254,  378,  689,  267,  500,  333,  332,  359,  597,  316,    0,  245,  570],
        [  511,  511,  588,  679,  667,  392,  503,  674,  492,  322,  921,  854,  676,  641,  550,  707,  839,  864,  874,  571,  661,  656,  581,  851,   58,  367,  429,  731,  879,  178,  351,  932,  312,  624,  287,  482,  603,  812,  285,  245,    0,  757],
        [  380,  380,  421,   81,   96,  818,  729,  914,  268,  917,  514,  715,  114,  763,  860,  923,  128,  641,  188,  465,  231,  334,  306,  888,  718,  398,  456,  101,  584,  823,  554,  602,  816,  920,  584,  772,  458,  759,  566,  570,  757,    0]
    ]
}
