{
    "name": "random-87-8468",
    "comment": "size=87 seed=8468",
    "nodes": ["+0", "-0", "+1", "-1", "+2", "-2", "+3", "-3", "+4", "-4", "+5", "-5", "+6", "-6", "+7", "-7", "+8", "-8", "+9", "-9", "+10", "-10", "+11", "-11", "+12", "-12", "+13", "-13", "+14", "-14", "+15", "-15", "+16", "-16", "+17", "-17", "+18", "-18", "+19", "-19", "+20", "-20", "+21", "-21", "+22", "-22", "+23", "-23", "+24", "-24", "+25", "-25", "+26", "-26", "+27", "-27", "+28", "-28", "+29", "-29", "+30", "-30", "+31", "-31", "+32", "-32", "+33", "-33", "+34", "-34", "+35", "-35", "+36", "-36", "+37", "-37", "+38", "-38", "+39", "-39", "+40", "-40", "+41", "-41", "+42", "-42", "+43", "-43", "+44", "-44", "+45", "-45", "+46", "-46", "+47", "-47", "+48", "-48", "+49", "-49", "+50", "-50", "+51", "-51", "+52", "-52", "+53", "-53", "+54", "-54", "+55", "-55", "+56", "-56", "+57", "-57", "+58", "-58", "+59", "-59", "+60", "-60", "+61", "-61", "+62", "-62", "+63", "-63", "+64", "-64", "+65", "-65", "+66", "-66", "+67", "-67", "+68", "-68", "+69", "-69", "+70", "-70", "+71", "-71", "+72", "-72", "+73", "-73", "+74", "-74", "+75", "-75", "+76", "-76", "+77", "-77", "+78", "-78", "+79", "-79", "+80", "-80", "+81", "-81", "+82", "-82", "+83", "-83", "+84", "-84", "+85", "-85", "+86", "-86", "+87", "-87"],
    "precedence": {
        "+0": "-0",
        "+1": "-1",
        "+2": "-2",
        "+3": "-3",
        "+4": "-4",
        "+5": "-5",
        "+6": "-6",
        "+7": "-7",
        "+8": "-8",
        "+9": "-9",
        "+10": "-10",
        "+11": "-11",
        "+12": "-12",
        "+13": "-13",
        "+14": "-14",
        "+15": "-15",
        "+16": "-16",
        "+17": "-17",
        "+18": "-18",
        "+19": "-19",
        "+20": "-20",
        "+21": "-21",
        "+22": "-22",
        "+23": "-23",
        "+24": "-24",
        "+25": "-25",
        "+26": "-26",
        "+27": "-27",
        "+28": "-28",
        "+29": "-29",
        "+30": "-30",
        "+31": "-31",
        "+32": "-32",
        "+33": "-33",
        "+34": "-34",
        "+35": "-35",
        "+36": "-36",
        "+37": "-37",
        "+38": "-38",
        "+39": "-39",
        "+40": "-40",
        "+41": "-41",
        "+42": "-42",
        "+43": "-43",
        "+44": "-44",
        "+45": "-45",
        "+46": "-46",
        "+47": "-47",
        "+48": "-48",
        "+49": "-49",
        "+50": "-50",
        "+51": "-51",
        "+52": "-52",
        "+53": "-53",
        "+54": "-54",
        "+55": "-55",
        "+56": "-56",
        "+57": "-57",
        "+58": "-58",
        "+59": "-59",
        "+60": "-60",
        "+61": "-61",
        "+62": "-62",
        "+63": "-63",
        "+64": "-64",
        "+65": "-65",
        "+66": "-66",
        "+67": "-67",
        "+68": "-68",
        "+69": "-69",
        "+70": "-70",
        "+71": "-71",
        "+72": "-72",
        "+73": "-73",
        "+74": "-74",
        "+75": "-75",
        "+76": "-76",
        "+77": "-77",
        "+78": "-78",
        "+79": "-79",
        "+80": "-80",
        "+81": "-81",
        "+82": "-82",
        "+83": "-83",
        "+84": "-84",
        "+85": "-85",
        "+86": "-86",
        "+87": "-87"
    },
    "edges": [
        [    0,    0,  342,  792,  259,  637,  424,  278,  621,  350,  367,  454,  468,  379,  536,  543,  319,  396,  557,  490,   36,  463,  387,  507,  194,  248,  325,  357,  786,  138,  347,  344,  157,  396,  517,  390,  400,  838,  498,  636,  338,  317,  569,  233,  170,  490,  540,   26,  422,  495,  413,  564,  471,  575,  414,  385,  382,  237,   74,  315,  188,  381,  342,  622,  545,  537,  239,  554,  334,  598,  667,   85,  312,  610,  463,  223,  602,  277,  300,  302,  648,  541,  635,  128,  328,  142,  583,  749,  233,  552,  129,  483,  239,  591,  484,  236,  385,  136,  272,  384,  583,  516,  635,  406,  463,  568,  302,  553,  390,  325,  330,  444,  515,  149,  501,  407,  246,  358,  528,  267,  696,  378,  579,   76,  268,  375,  315,  514,  455,  659,  596,  115,  408,  677,  667,  589,  218,  218,  389,  603,  291,  372,  510,  110,  387,  221,  108,  341,  492,  467,  224,  322,  330,  299,  415,  476,  506,  194,  433,  348,  636,  529,  547,  422,  754,  635,  605,  444,  547,  630,  526,  535,  244,  649,  556,  270],
        [    0,    0,    0,    0,    0,    0,    0,    0,    0,    0,    0,    0,    0,    0,    0,    0,    0,    0,    0,    0,    0,    0,    0,    0,    0,    0,    0,    0,    0,    0,    0,    0,    0,    0,    0,    0,    0,    0,    0,    0,    0,    0,    0,    0,    0,    0,    0,    0,    0,    0,    0,    0,    0,    0,    0,    0,    0,    0,    0,    0,    0,    0,    0,    0,    0,    0,    0,    0,    0,    0,    0,    0,    0,    0,    0,    0,    0,    0,    0,    0,    0,    0,    0,    0,    0,    0,    0,    0,    0,    0,    0,    0,    0,    0,    0,    0,    0,    0,    0,    0,    0,    0,    0,    0,    0,    0,    0,    0,    0,    0,    0,    0,    0,    0,    0,    0,    0,    0,    0,    0,    0,    0,    0,    0,    0,    0,    0,    0,    0,    0,    0,    0,    0,    0,    0,    0,    0,    0,    0,    0,    0,    0,    0,    0,    0,    0,    0,    0,    0,    0,    0,    0,    0,    0,    0,    0,    0,    0,    0,    0,    0,    0,    0,    0,    0,    0,    0,    0,    0,    0,    0,    0,    0,    0,    0,    0],
        [  342,    0,    0,  570,  366,  514,  342,  213,  806,  639,   47,  531,  300,  356,  517,  312,  437,  604,  435,  754,  308,  786,  143,  171,  426,  327,  619,  184,  597,  450,  259,  282,  372,  715,  184,  725,  345,  628,  496,  704,  441,  655,  412,  573,  343,  228,  229,  341,  117,  243,  520,  547,  740,  694,  735,  199,  599,  492,  288,  335,  381,  717,  421,  310,  774,  385,  579,  756,  670,  776,  568,  422,  399,  774,  197,  277,  747,  611,  638,  461,  468,  368,  802,  461,  567,  221,  811,  515,  524,  812,  229,  743,  447,  351,  444,  539,  720,  219,  309,  696,  242,  179,  379,  719,  778,  237,  381,  322,  691,  561,  578,  748,  226,  287,  221,  575,  503,  517,  206,  562,  842,   60,  758,  338,  588,  716,   50,  202,  760,  655,  476,  243,  625,  446,  830,  386,  517,  476,  536,  594,  468,  689,  531,  407,  355,  186,  235,  219,  341,  781,  564,  500,   47,  632,  664,  259,  712,  235,  756,  287,  727,  358,  669,  721,  532,  769,  838,  184,  229,  799,  200,  715,  419,  592,  785,  608],
        [  792,    0,  570,    0,  597,  236,  905,  514,  833, 1140,  596,  556,  324,  925,  413,  263,  998,  758,  273,  929,  771, 1245,  440,  464,  950,  579, 1115,  443,   82,  928,  827,  851,  896, 1011,  445, 1157,  420,   62,  440,  592, 1005, 1028,  235,  997,  663,  723,  372,  807,  629,  741,  594,  416,  929,  666, 1199,  415,  769, 1011,  779,  513,  681, 1145,  988,  326,  884,  264, 1003,  830, 1101,  803,  272,  839,  569,  778,  374,  834,  734,  969, 1011,  650,  156,  890,  802,  857,  783,  656,  906,   60,  831,  963,  740,  917,  704,  220,  394, 1027, 1061,  730,  544, 1174,  511,  466,  197, 1194, 1251,  418,  563,  811,  954, 1092, 1104, 1005,  352,  651,  352,  692, 1021,  662,  616, 1057,  791,  601,  793,  833, 1056, 1118,  551,  392, 1245,  455,  256,  681,  780,  125,  813,  203, 1008,  992,  651,  432,  672,  987,  475,  895,  443,  742,  705,  452,  305, 1254,  988, 1050,  539,  983,  850,  781,  809,  599, 1055,  454,  639,  884,  660, 1213,   39,  730,  934,  702,  632,  803,  420,  771,  664,  349,  893,  988],
        [  259,    0,  366,  597,    0,  404,  611,  164,  442,  590,  410,  202,  292,  586,  280,  390,  565,  241,  333,  404,  260,  661,  308,  475,  452,   40,  563,  245,  573,  385,  521,  529,  411,  425,  475,  567,  177,  633,  242,  389,  582,  432,  362,  412,   89,  585,  462,  283,  481,  597,  171,  307,  394,  348,  620,  263,  240,  494,  294,   85,   88,  554,  580,  530,  411,  333,  417,  391,  513,  413,  424,  268,   55,  413,  363,  432,  391,  372,  415,   96,  443,  694,  441,  273,  221,  198,  447,  567,  236,  458,  302,  393,  113,  434,  237,  477,  467,  298,   69,  604,  572,  486,  484,  621,  674,  515,   44,  672,  378,  581,  585,  435,  419,  125,  401,  210,  502,  152,  569,  509,  488,  424,  394,  329,  489,  523,  318,  443,  676,  401,  366,  202,  264,  501,  470,  407,  462,  475,  172,  345,  107,  400,  252,  366,  155,  377,  240,  203,  297,  677,  404,  578,  326,  387,  313,  599,  346,  140,  471,  155,  397,  682,  320,  651,  562,  418,  475,  538,  592,  437,  472,  351,   72,  396,  422,  393],
        [  637,    0,  514,  236,  404,    0,  854,  376,  598,  984,  553,  324,  215,  857,  179,  240,  895,  530,   84,  699,  624, 1065,  373,  480,  817,  397,  958,  340,  182,  773,  766,  785,  766,  795,  465,  970,  238,  250,  209,  363,  906,  830,  108,  816,  484,  718,  399,  657,  608,  736,  366,  181,  700,  432, 1023,  319,  543,  870,  644,  328,  492,  957,  895,  403,  650,  130,  821,  595,  917,  567,   62,  667,  365,  544,  340,  735,  500,  769,  813,  438,  107,  876,  568,  676,  564,  518,  671,  238,  627,  730,  620,  687,  501,  237,  174,  870,  853,  611,  368, 1005,  561,  487,  265, 1023, 1077,  464,  364,  814,  734,  957,  965,  782,  356,  489,  344,  463,  880,  439,  635,  902,  561,  563,  558,  692,  889,  923,  478,  405, 1077,  234,   43,  539,  552,  211,  580,  168,  853,  851,  425,  200,  461,  773,  241,  746,  253,  649,  571,  325,  175, 1081,  808,  932,  471,  781,  623,  764,  576,  450,  839,  292,  408,  867,  425, 1050,  215,  497,  699,  685,  657,  569,  443,  536,  463,  128,  658,  794],
        [  424,    0,  342,  905,  611,  854,    0,  508, 1033,  519,  310,  808,  640,   68,  833,  652,  224,  809,  772,  914,  397,  698,  484,  453,  335,  580,  510,  516,  937,  431,   93,   84,  313,  803,  473,  682,  660,  964,  805,  994,  210,  691,  753,  579,  545,  226,  540,  403,  282,  214,  782,  864,  895,  958,  649,  536,  798,  383,  353,  619,  579,  681,  181,  609,  967,  726,  582,  970,  640, 1007,  905,  498,  660, 1014,  536,  203,  998,  673,  679,  690,  810,  142, 1041,  540,  748,  414, 1005,  848,  656,  976,  318,  907,  643,  688,  762,  468,  769,  319,  580,  598,  456,  455,  709,  621,  672,  516,  644,  208,  809,  400,  424,  859,  554,  491,  553,  806,  390,  750,  341,  472, 1095,  305,  988,  360,  531,  708,  377,  516,  639,  971,  814,  413,  824,  782, 1072,  728,  451,  380,  777,  909,  686,  781,  833,  396,  663,  235,  377,  540,  680,  675,  572,  307,  384,  694,  838,  164,  922,  476,  833,  597, 1007,  132,  931,  597,  868, 1027, 1028,  219,  341, 1036,  497,  943,  634,  921,  977,  650],
        [  278,    0,  213,  514,  164,  376,  508,    0,  597,  627,  259,  319,  191,  498,  326,  269,  520,  405,  293,  566,  258,  735,  147,  312,  444,  125,  602,   91,  512,  415,  416,  430,  392,  566,  313,  653,  155,  562,  298,  497,  532,  543,  296,  492,  177,  439,  306,  293,  329,  453,  308,  356,  555,  482,  688,  116,  403,  501,  271,  123,  209,  642,  522,  380,  574,  264,  498,  551,  597,  566,  417,  331,  189,  562,  211,  363,  535,  488,  525,  259,  373,  566,  591,  355,  381,  145,  609,  472,  369,  621,  244,  555,  264,  317,  257,  513,  593,  235,  100,  661,  408,  322,  363,  682,  739,  355,  171,  531,  528,  586,  596,  586,  267,  144,  250,  369,  511,  311,  410,  544,  630,  272,  548,  322,  544,  624,  163,  285,  732,  464,  334,  169,  427,  400,  619,  312,  494,  482,  327,  402,  270,  540,  329,  382,  156,  283,  196,   64,  217,  743,  483,  556,  169,  507,  475,  463,  508,   86,  611,   92,  517,  555,  457,  700,  476,  557,  637,  394,  433,  588,  311,  506,  229,  420,  585,  499],
        [  621,    0,  806,  833,  442,  598, 1033,  597,    0,  829,  851,  306,  642,  996,  425,  737,  934,  226,  583,  222,  641,  801,  726,  895,  791,  480,  806,  661,  771,  690,  946,  949,  771,  416,  891,  699,  515,  839,  407,  258,  954,  540,  638,  613,  491, 1026,  860,  646,  922, 1038,  296,  418,  240,  167,  783,  668,  240,  804,  685,  479,  455,  684,  962,  909,  122,  625,  615,   73,  669,   33,  566,  571,  408,   57,  761,  837,  101,  497,  534,  351,  694, 1128,   44,  540,  297,  627,  110,  833,  412,  203,  716,  217,  390,  767,  468,  745,  504,  715,  498,  798,  994,  906,  814,  804,  834,  922,  427, 1113,  351,  880,  873,  357,  811,  547,  793,  233,  809,  291, 1006,  773,  112,  865,   49,  695,  718,  626,  757,  847,  857,  398,  585,  622,  214,  790,   64,  711,  740,  789,  271,  404,  350,  412,  366,  697,  493,  803,  657,  615,  620,  837,  611,  917,  764,  492,  233, 1039,  118,  580,  439,  546,  212, 1116,  175,  853,  812,  119,  126,  979, 1030,   39,  882,   92,  402,  491,  121,  538],
        [  350,    0,  639, 1140,  590,  984,  519,  627,  829,    0,  647,  761,  817,  452,  868,  887,  296,  630,  905,  630,  370,  182,  722,  809,  217,  589,   27,  701, 1136,  213,  497,  476,  269,  446,  823,  197,  747, 1188,  829,  926,  314,  305,  919,  217,  503,  696,  862,  334,  677,  693,  714,  894,  608,  843,  136,  730,  611,  151,  367,  658,  504,  203,  342,  945,  720,  887,  215,  757,  186,  817, 1010,  322,  639,  840,  798,  385,  848,  334,  305,  600,  998,  660,  857,  327,  552,  486,  752, 1096,  434,  682,  417,  629,  525,  935,  825,  115,  371,  427,  617,   84,  865,  816,  977,  104,  154,  876,  633,  717,  493,  123,  100,  516,  845,  497,  833,  671,  141,  641,  778,   84,  928,  653,  800,  312,  113,  257,  630,  834,  125,  979,  943,  460,  630, 1024,  888,  938,  133,  165,  671,  928,  581,  438,  833,  247,  732,  461,  439,  689,  841,  157,  220,  217,  645,  344,  596,  653,  715,  543,  451,  697,  914,  650,  817,   84, 1102,  884,  763,  663,  790,  851,  838,  763,  550,  985,  727,  294],
        [  367,    0,   47,  596,  410,  553,  310,  259,  851,  647,    0,  577,  339,  331,  562,  342,  427,  647,  475,  794,  332,  800,  181,  167,  431,  372,  628,  228,  628,  465,  233,  258,  378,  748,  184,  744,  390,  655,  542,  750,  428,  683,  449,  595,  383,  182,  240,  363,   71,  197,  566,  592,  779,  740,  748,  241,  642,  498,  307,  381,  422,  737,  406,  317,  817,  424,  601,  800,  690,  821,  608,  450,  445,  819,  226,  272,  793,  640,  666,  504,  502,  325,  848,  490,  608,  256,  854,  539,  560,  853,  246,  784,  489,  378,  489,  550,  749,  237,  355,  707,  221,  173,  401,  731,  789,  235,  426,  276,  727,  561,  580,  784,  246,  327,  244,  620,  508,  562,  167,  572,  888,   14,  803,  355,  602,  739,   96,  214,  769,  700,  516,  276,  668,  472,  876,  419,  529,  483,  581,  638,  511,  723,  577,  422,  401,  187,  263,  264,  381,  793,  586,  494,   93,  661,  705,  215,  755,  277,  789,  333,  773,  316,  715,  729,  559,  815,  881,  139,  189,  844,  203,  760,  462,  634,  828,  636],
        [  454,    0,  531,  556,  202,  324,  808,  319,  306,  761,  577,    0,  336,  786,  149,  432,  766,  209,  289,  375,  459,  802,  431,  598,  647,  230,  735,  366,  506,  569,  717,  727,  609,  485,  592,  700,  211,  574,  116,  187,  783,  545,  341,  561,  286,  758,  556,  479,  647,  772,   51,  159,  376,  165,  767,  369,  223,  683,  495,  197,  268,  686,  782,  603,  332,  324,  566,  284,  652,  274,  314,  444,  150,  261,  459,  633,  225,  485,  531,  162,  406,  881,  289,  435,  255,  397,  358,  545,  346,  408,  503,  363,  236,  463,  168,  653,  553,  499,  231,  761,  696,  608,  511,  775,  822,  619,  166,  850,  420,  769,  770,  464,  506,  327,  488,  141,  690,  132,  720,  686,  316,  590,  259,  527,  653,  642,  481,  545,  831,  220,  300,  404,  230,  495,  312,  410,  641,  664,  108,  178,  181,  465,   89,  557,  191,  574,  442,  322,  315,  825,  555,  775,  485,  493,  301,  781,  257,  333,  527,  251,  200,  870,  143,  812,  529,  242,  387,  712,  744,  288,  581,  227,  214,  256,  341,  517],
        [  468,    0,  300,  324,  292,  215,  640,  191,  642,  817,  339,  336,    0,  645,  255,  101,  694,  500,  137,  674,  448,  923,  158,  288,  631,  267,  792,  130,  324,  605,  552,  572,  578,  717,  277,  837,  133,  371,  251,  467,  703,  716,  115,  676,  346,  508,  226,  483,  396,  525,  354,  281,  668,  493,  876,  105,  505,  690,  459,  210,  369,  825,  689,  267,  655,   87,  682,  615,  781,  610,  270,  517,  281,  596,  140,  531,  558,  658,  699,  367,  186,  663,  624,  537,  503,  334,  685,  284,  526,  720,  425,  662,  404,  143,  187,  704,  757,  415,  231,  850,  380,  296,  193,  871,  928,  293,  269,  605,  668,  773,  784,  723,  177,  329,  160,  444,  700,  398,  435,  734,  642,  349,  595,  511,  733,  802,  264,  221,  921,  382,  177,  359,  524,  214,  645,  122,  685,  671,  398,  324,  386,  692,  294,  572,  158,  442,  384,  129,   42,  931,  668,  738,  257,  674,  586,  552,  581,  275,  762,  138,  502,  654,  475,  890,  286,  569,  714,  473,  458,  623,  260,  561,  364,  302,  665,  674],
        [  379,    0,  356,  925,  586,  857,   68,  498,  996,  452,  331,  786,  645,    0,  822,  667,  157,  771,  774,  867,  356,  631,  494,  486,  272,  557,  444,  517,  952,  372,   99,   74,  255,  747,  504,  616,  652,  983,  792,  972,  144,  632,  759,  518,  513,  279,  568,  357,  315,  269,  756,  853,  848,  931,  583,  540,  759,  318,  312,  602,  545,  616,  114,  641,  924,  731,  522,  931,  576,  972,  906,  448,  637,  980,  553,  159,  967,  617,  620,  658,  821,  209, 1006,  489,  706,  389,  962,  869,  609,  929,  286,  861,  607,  706,  754,  403,  710,  289,  561,  532,  500,  488,  731,  554,  605,  551,  621,  273,  757,  333,  357,  806,  576,  463,  574,  773,  324,  719,  388,  406, 1063,  328,  952,  311,  466,  645,  383,  543,  572,  959,  816,  385,  785,  801, 1038,  741,  387,  315,  746,  898,  653,  727,  817,  339,  652,  216,  347,  537,  684,  608,  512,  241,  392,  637,  794,  221,  883,  456,  776,  589,  983,  199,  903,  530,  887,  997,  984,  264,  391, 1002,  527,  908,  601,  916,  935,  592],
        [  536,    0,  517,  413,  280,  179,  833,  326,  425,  868,  562,  149,  255,  822,    0,  334,  829,  356,  161,  522,  532,  928,  391,  541,  727,  289,  842,  335,  359,  665,  741,  755,  683,  630,  531,  829,  174,  427,   40,  214,  844,  679,  217,  681,  369,  741,  480,  559,  628,  757,  194,   31,  524,  261,  889,  326,  370,  772,  561,  227,  364,  815,  838,  511,  472,  210,  686,  418,  778,  394,  166,  547,  230,  372,  394,  681,  329,  619,  664,  284,  270,  883,  398,  547,  398,  445,  493,  409,  477,  552,  554,  510,  355,  355,   74,  756,  694,  547,  271,  878,  635,  550,  397,  894,  945,  547,  236,  837,  566,  860,  864,  611,  431,  392,  415,  289,  781,  272,  682,  789,  402,  574,  383,  602,  765,  775,  471,  476,  949,  139,  161,  459,  378,  367,  413,  292,  742,  753,  253,   77,  307,  609,   63,  645,  171,  607,  496,  300,  221,  948,  674,  851,  470,  628,  449,  776,  397,  374,  672,  236,  253,  873,  251,  927,  389,  332,  522,  700,  706,  398,  515,  359,  322,  118,  480,  648],
        [  543,    0,  312,  263,  390,  240,  652,  269,  737,  887,  342,  432,  101,  667,  334,    0,  736,  600,  184,  774,  519, 1003,  178,  242,  691,  361,  863,  186,  286,  677,  571,  594,  637,  814,  227,  921,  233,  318,  337,  547,  743,  807,  135,  760,  437,  491,  160,  555,  386,  508,  452,  356,  768,  584,  955,  158,  605,  753,  523,  308,  462,  910,  726,  178,  754,  127,  766,  713,  865,  705,  301,  599,  380,  689,  116,  572,  650,  750,  789,  466,  164,  654,  717,  623,  603,  403,  783,  212,  622,  820,  481,  762,  502,   49,  273,  776,  851,  470,  326,  927,  322,  249,   96,  948, 1005,  226,  368,  585,  766,  833,  846,  822,  117,  412,  108,  543,  764,  498,  399,  805,  731,  349,  690,  577,  810,  890,  289,  167,  996,  447,  213,  429,  624,  140,  737,   79,  756,  735,  498,  394,  485,  789,  380,  641,  258,  480,  449,  206,  118, 1009,  751,  788,  278,  767,  686,  542,  680,  354,  859,  235,  586,  646,  567,  963,  224,  659,  813,  462,  420,  716,  204,  657,  461,  352,  764,  764],
        [  319,    0,  437,  998,  565,  895,  224,  520,  934,  296,  427,  766,  694,  157,  829,  736,    0,  710,  812,  779,  308,  477,  559,  592,  150,  545,  291,  565, 1014,  259,  222,  197,  164,  636,  609,  470,  670, 1053,  795,  951,   22,  509,  807,  393,  481,  423,  664,  293,  433,  416,  729,  859,  758,  894,  429,  591,  695,  174,  272,  603,  504,  471,   46,  743,  848,  777,  396,  865,  435,  913,  937,  364,  619,  926,  628,  165,  920,  504,  499,  620,  878,  365,  950,  400,  638,  386,  885,  946,  528,  839,  278,  774,  557,  780,  768,  263,  587,  286,  559,  378,  625,  597,  812,  400,  449,  660,  606,  428,  656,  177,  201,  699,  662,  442,  656,  725,  179,  677,  522,  259, 1013,  428,  894,  243,  324,  507,  449,  637,  416,  961,  853,  371,  720,  875,  982,  803,  250,  177,  707,  902,  609,  618,  813,  239,  665,  257,  334,  572,  728,  452,  388,   84,  462,  523,  716,  371,  817,  457,  658,  609,  953,  355,  865,  374,  960,  953,  904,  398,  529,  945,  630,  851,  562,  934,  857,  474],
        [  396,    0,  604,  758,  241,  530,  809,  405,  226,  630,  647,  209,  500,  771,  356,  600,  710,    0,  486,  176,  417,  634,  546,  715,  570,  281,  605,  482,  712,  471,  724,  726,  547,  284,  714,  530,  368,  779,  322,  313,  730,  368,  533,  415,  272,  816,  695,  421,  717,  827,  165,  366,  172,  218,  606,  496,   20,  588,  460,  302,  235,  515,  737,  757,  170,  511,  418,  161,  489,  203,  522,  349,  226,  218,  595,  612,  219,  314,  357,  146,  604,  909,  241,  322,   79,  409,  207,  742,  198,  222,  493,  163,  167,  639,  364,  535,  359,  492,  307,  611,  812,  725,  688,  621,  661,  752,  242,  899,  216,  667,  662,  256,  649,  330,  631,   68,  593,  102,  808,  566,  306,  661,  184,  471,  518,  463,  557,  678,  677,  407,  503,  402,   24,  685,  273,  595,  528,  571,  107,  379,  137,  267,  297,  475,  343,  581,  435,  437,  489,  663,  411,  697,  566,  315,   93,  824,  113,  371,  323,  377,  291,  897,  194,  665,  728,  255,  234,  769,  832,  235,  709,  141,  187,  462,  182,  352],
        [  557,    0,  435,  273,  333,   84,  772,  293,  583,  905,  475,  289,  137,  774,  161,  184,  812,  486,    0,  659,  543,  992,  294,  415,  735,  322,  879,  258,  240,  694,  684,  703,  684,  739,  402,  899,  160,  303,  178,  371,  823,  763,   57,  742,  409,  644,  341,  576,  532,  661,  324,  178,  658,  421,  949,  237,  496,  789,  561,  253,  420,  887,  811,  360,  620,   59,  748,  571,  845,  552,  134,  590,  300,  532,  270,  651,  489,  703,  746,  378,  119,  799,  558,  602,  511,  435,  645,  257,  563,  696,  536,  647,  436,  197,  123,  791,  792,  527,  290,  929,  502,  423,  237,  948, 1002,  408,  296,  740,  681,  875,  883,  732,  294,  409,  281,  421,  799,  389,  567,  823,  562,  485,  540,  610,  812,  855,  396,  343, 1001,  263,   43,  457,  509,  208,  574,  132,  773,  770,  379,  212,  401,  716,  218,  665,  179,  566,  488,  241,   95, 1006,  734,  849,  391,  716,  578,  688,  545,  368,  783,  210,  412,  790,  409,  973,  243,  493,  674,  609,  590,  558,  382,  513,  396,  170,  630,  725],
        [  490,    0,  754,  929,  404,  699,  914,  566,  222,  630,  794,  375,  674,  867,  522,  774,  779,  176,  659,    0,  519,  584,  711,  878,  630,  442,  609,  649,  881,  523,  836,  833,  622,  198,  878,  484,  542,  948,  490,  428,  801,  330,  707,  419,  412,  954,  864,  512,  862,  963,  336,  527,   23,  323,  570,  664,  170,  630,  562,  473,  373,  470,  813,  929,  100,  685,  420,  158,  459,  224,  685,  421,  397,  255,  764,  712,  285,  298,  327,  313,  777, 1028,  261,  381,  187,  543,  125,  915,  259,   62,  607,   13,  307,  814,  537,  559,  285,  610,  472,  590,  973,  888,  863,  593,  620,  919,  412, 1030,  139,  697,  686,  136,  820,  468,  801,  238,  632,  277,  959,  584,  333,  807,  214,  557,  523,  410,  708,  846,  645,  549,  674,  530,  152,  860,  286,  770,  559,  618,  281,  532,  298,  197,  460,  541,  517,  700,  557,  605,  664,  622,  419,  748,  719,  287,   91,  953,  142,  519,  218,  548,  392, 1016,  310,  644,  901,  318,  133,  906,  982,  255,  876,  199,  339,  619,  103,  337],
        [   36,    0,  308,  771,  260,  624,  397,  258,  641,  370,  332,  459,  448,  356,  532,  519,  308,  417,  543,  519,    0,  491,  359,  474,  196,  244,  345,  333,  769,  159,  317,  315,  152,  430,  484,  421,  388,  819,  496,  643,  326,  352,  552,  266,  174,  456,  510,   37,  386,  461,  421,  561,  500,  588,  441,  361,  404,  247,   44,  308,  197,  412,  328,  592,  570,  520,  272,  576,  365,  618,  657,  120,  314,  628,  435,  197,  618,  312,  335,  313,  630,  510,  653,  163,  352,  116,  608,  727,  262,  581,   95,  511,  255,  567,  477,  257,  420,  101,  264,  409,  549,  483,  610,  431,  489,  536,  302,  520,  422,  333,  341,  477,  486,  141,  473,  422,  256,  371,  493,  287,  712,  343,  598,   71,  294,  409,  283,  483,  478,  659,  583,   90,  430,  655,  685,  569,  238,  227,  401,  602,  304,  406,  510,  124,  377,  187,   76,  320,  474,  493,  257,  320,  298,  334,  441,  443,  528,  176,  467,  333,  646,  498,  559,  445,  733,  649,  631,  409,  512,  648,  495,  554,  255,  643,  581,  305],
        [  463,    0,  786, 1245,  661, 1065,  698,  735,  801,  182,  800,  802,  923,  631,  928, 1003,  477,  634,  992,  584,  491,    0,  850,  957,  382,  671,  189,  819, 1230,  338,  672,  651,  428,  387,  969,  105,  833, 1287,  888,  944,  495,  267, 1014,  250,  584,  868, 1000,  455,  838,  865,  751,  949,  563,  850,   52,  847,  614,  321,  501,  740,  574,  119,  523, 1082,  682,  983,  245,  730,  150,  796, 1082,  406,  703,  823,  926,  552,  840,  321,  278,  645, 1095,  840,  835,  391,  561,  605,  708, 1206,  456,  625,  558,  586,  573, 1052,  896,  251,  300,  569,  704,  101, 1021,  965, 1097,   78,   45, 1022,  702,  894,  450,  304,  280,  453,  976,  594,  963,  688,  312,  672,  942,  235,  908,  808,  781,  449,  200,  176,  769,  973,   85, 1021, 1026,  578,  627, 1135,  863, 1044,  272,  330,  700,  978,  624,  389,  883,  380,  814,  618,  566,  798,  941,   45,  258,  398,  785,  319,  576,  827,  696,  650,  374,  792,  924,  829,  827,  116, 1207,  876,  712,  831,  956,  829,  981,  751,  607, 1045,  686,  286],
        [  387,    0,  143,  440,  308,  373,  484,  147,  726,  722,  181,  431,  158,  494,  391,  178,  559,  546,  294,  711,  359,  850,    0,  170,  519,  270,  699,   66,  460,  516,  399,  420,  464,  710,  169,  775,  227,  496,  376,  591,  565,  679,  270,  616,  321,  354,  161,  395,  240,  370,  432,  420,  701,  596,  800,   66,  546,  583,  356,  249,  355,  765,  549,  239,  714,  243,  621,  686,  719,  695,  428,  455,  324,  687,   77,  394,  655,  626,  661,  401,  328,  505,  716,  485,  527,  246,  748,  388,  513,  765,  308,  700,  411,  222,  318,  613,  732,  298,  240,  767,  268,  181,  259,  789,  848,  209,  306,  450,  674,  660,  674,  732,  129,  279,  114,  504,  593,  449,  293,  640,  747,  191,  677,  410,  652,  753,  112,  139,  835,  527,  335,  273,  569,  317,  741,  248,  592,  565,  460,  466,  414,  684,  415,  477,  243,  302,  285,  112,  200,  851,  606,  612,  102,  645,  620,  394,  645,  216,  755,  182,  619,  496,  573,  800,  402,  673,  777,  316,  317,  714,  165,  638,  374,  455,  725,  633],
        [  507,    0,  171,  464,  475,  480,  453,  312,  895,  809,  167,  598,  288,  486,  541,  242,  592,  715,  415,  878,  474,  957,  170,    0,  595,  437,  789,  236,  510,  620,  388,  415,  541,  864,   20,  894,  389,  525,  532,  749,  593,  816,  373,  739,  477,  259,   93,  508,  172,  277,  600,  568,  866,  762,  905,  229,  714,  661,  457,  419,  514,  885,  569,  156,  883,  357,  745,  855,  838,  864,  540,  585,  493,  855,  148,  439,  822,  768,  799,  569,  403,  426,  884,  621,  692,  376,  918,  405,  668,  932,  399,  866,  574,  262,  470,  709,  877,  389,  409,  866,   99,   11,  269,  890,  948,   69,  476,  349,  832,  727,  745,  890,  126,  429,  136,  674,  672,  619,  158,  732,  913,  165,  847,  509,  758,  882,  193,   77,  930,  669,  450,  401,  738,  347,  909,  320,  688,  646,  630,  612,  581,  838,  573,  577,  408,  351,  399,  281,  327,  952,  730,  661,  178,  788,  787,  318,  815,  368,  907,  350,  780,  420,  740,  891,  430,  839,  946,  241,  178,  882,   45,  807,  539,  585,  894,  769],
        [  194,    0,  426,  950,  452,  817,  335,  444,  791,  217,  431,  647,  631,  272,  727,  691,  150,  570,  735,  630,  196,  382,  519,  595,    0,  439,  199,  508,  954,  109,  294,  276,   56,  487,  609,  350,  582, 1001,  690,  827,  172,  363,  740,  248,  363,  487,  651,  169,  461,  485,  605,  756,  609,  762,  330,  536,  553,   67,  174,  503,  380,  347,  188,  734,  702,  708,  251,  721,  306,  772,  851,  221,  505,  787,  594,  171,  783,  355,  353,  492,  816,  474,  810,  253,  495,  300,  738,  903,  382,  690,  211,  625,  425,  738,  672,  136,  442,  222,  459,  284,  649,  602,  777,  307,  364,  662,  495,  518,  507,  143,  156,  550,  638,  336,  628,  590,   77,  546,  563,  147,  875,  437,  753,  126,  198,  374,  420,  624,  340,  852,  775,  278,  578,  830,  842,  749,  118,   53,  577,  796,  479,  469,  703,   95,  572,  245,  248,  503,  660,  367,  242,  129,  435,  374,  569,  449,  674,  367,  511,  525,  826,  463,  734,  300,  911,  817,  756,  450,  576,  804,  625,  710,  435,  838,  711,  327],
        [  248,    0,  327,  579,   40,  397,  580,  125,  480,  589,  372,  230,  267,  557,  289,  361,  545,  281,  322,  442,  244,  671,  270,  437,  439,    0,  562,  209,  560,  380,  488,  498,  394,  454,  437,  579,  163,  618,  252,  416,  561,  451,  346,  421,   88,  547,  426,  271,  442,  559,  204,  318,  431,  381,  627,  228,  278,  485,  275,   70,  103,  567,  557,  495,  450,  315,  427,  430,  525,  451,  422,  270,   81,  450,  328,  405,  427,  392,  434,  135,  426,  658,  479,  281,  257,  168,  486,  546,  261,  496,  275,  430,  144,  407,  237,  475,  491,  270,   36,  608,  533,  447,  457,  627,  681,  478,   64,  635,  410,  572,  577,  467,  384,  104,  366,  249,  494,  191,  530,  507,  524,  385,  432,  314,  492,  539,  278,  406,  680,  417,  357,  177,  303,  478,  508,  384,  459,  465,  210,  359,  145,  429,  269,  358,  145,  345,  215,  168,  276,  684,  413,  563,  287,  408,  351,  562,  386,  105,  499,  129,  427,  647,  354,  653,  543,  453,  514,  500,  553,  475,  435,  389,  106,  401,  461,  410],
        [  325,    0,  619, 1115,  563,  958,  510,  602,  806,   27,  628,  735,  792,  444,  842,  863,  291,  605,  879,  609,  345,  189,  699,  789,  199,  562,    0,  677, 1111,  188,  485,  464,  250,  426,  803,  189,  721, 1162,  803,  900,  309,  285,  894,  193,  477,  682,  840,  309,  659,  679,  687,  867,  586,  818,  139,  706,  586,  135,  343,  632,  478,  194,  337,  923,  697,  862,  191,  733,  171,  793,  984,  296,  612,  815,  775,  369,  823,  312,  284,  573,  973,  652,  833,  300,  527,  461,  730, 1072,  408,  661,  395,  607,  499,  911,  798,   89,  353,  405,  591,   89,  846,  796,  953,  112,  166,  855,  607,  706,  471,  123,  102,  496,  822,  471,  811,  645,  126,  614,  762,   59,  904,  634,  776,  289,   88,  244,  608,  813,  142,  952,  917,  435,  605, 1000,  864,  913,  108,  147,  645,  902,  554,  417,  806,  223,  706,  442,  415,  664,  816,  169,  195,  214,  623,  322,  573,  641,  691,  518,  433,  671,  888,  641,  791,  103, 1077,  859,  741,  648,  774,  827,  817,  738,  524,  958,  704,  272],
        [  357,    0,  184,  443,  245,  340,  516,   91,  661,  701,  228,  366,  130,  517,  335,  186,  565,  482,  258,  649,  333,  819,   66,  236,  508,  209,  677,    0,  451,  491,  427,  446,  454,  656,  233,  739,  166,  494,  317,  529,  574,  633,  244,  579,  268,  407,  218,  369,  293,  423,  366,  365,  639,  531,  770,   29,  482,  569,  338,  183,  299,  729,  560,  289,  649,  215,  584,  620,  683,  629,  390,  417,  259,  621,  120,  402,  590,  579,  615,  337,  314,  551,  650,  444,  465,  217,  683,  396,  460,  701,  299,  637,  352,  235,  262,  590,  683,  289,  177,  741,  334,  246,  279,  762,  820,  271,  242,  503,  616,  650,  662,  674,  177,  233,  159,  439,  579,  384,  355,  619,  682,  240,  612,  391,  624,  712,  141,  198,  811,  473,  300,  243,  505,  324,  676,  242,  570,  550,  395,  411,  351,  631,  354,  455,  179,  312,  264,   46,  167,  824,  569,  611,  137,  597,  558,  442,  580,  172,  701,  116,  556,  542,  508,  777,  404,  608,  712,  366,  380,  648,  228,  572,  314,  409,  660,  589],
        [  786,    0,  597,   82,  573,  182,  937,  512,  771, 1136,  628,  506,  324,  952,  359,  286, 1014,  712,  240,  881,  769, 1230,  460,  510,  954,  560, 1111,  451,    0,  924,  856,  879,  901,  975,  492, 1138,  398,   69,  391,  524, 1023, 1003,  218,  981,  646,  768,  419,  803,  668,  786,  548,  358,  882,  604, 1186,  424,  725, 1013,  781,  491,  659, 1126, 1007,  385,  829,  249,  986,  773, 1084,  741,  205,  826,  539,  715,  402,  850,  670,  943,  986,  616,  139,  934,  737,  840,  745,  656,  849,  126,  802,  911,  748,  869,  675,  252,  353, 1022, 1030,  738,  527, 1164,  568,  514,  244, 1184, 1239,  472,  536,  859,  915, 1096, 1107,  964,  391,  641,  387,  645, 1023,  621,  666, 1053,  723,  634,  733,  833, 1047, 1095,  572,  436, 1236,  384,  212,  680,  734,  165,  746,  213, 1003,  994,  607,  367,  638,  952,  421,  892,  418,  759,  707,  452,  296, 1242,  972, 1061,  561,  956,  805,  823,  755,  594, 1019,  441,  571,  927,  600, 1206,   93,  663,  876,  743,  684,  739,  467,  714,  636,  281,  838,  965],
        [  138,    0,  450,  928,  385,  773,  431,  415,  690,  213,  465,  569,  605,  372,  665,  677,  259,  471,  694,  523,  159,  338,  516,  620,  109,  380,  188,  491,  924,    0,  375,  362,  119,  380,  632,  280,  536,  975,  626,  744,  280,  261,  707,  149,  296,  554,  663,  123,  508,  555,  524,  691,  501,  672,  287,  520,  454,  117,  164,  449,  304,  274,  296,  746,  596,  675,  153,  618,  228,  672,  801,  127,  436,  689,  593,  243,  688,  248,  249,  409,  786,  565,  710,  150,  395,  275,  632,  885,  279,  582,  221,  518,  338,  726,  617,   99,  339,  232,  407,  252,  686,  628,  769,  274,  333,  684,  429,  599,  398,  202,  202,  442,  642,  285,  629,  498,  124,  459,  615,  130,  777,  474,  653,  112,  139,  287,  432,  636,  320,  782,  732,  249,  477,  813,  742,  726,   80,  101,  490,  728,  394,  361,  633,   44,  522,  289,  231,  477,  629,  336,  142,  228,  448,  268,  464,  525,  572,  331,  406,  485,  738,  553,  644,  286,  890,  723,  650,  513,  630,  705,  644,  611,  355,  780,  605,  221],
        [  347,    0,  259,  827,  521,  766,   93,  416,  946,  497,  233,  717,  552,   99,  741,  571,  222,  724,  684,  836,  317,  672,  399,  388,  294,  488,  485,  427,  856,  375,    0,   27,  259,  735,  407,  642,  568,  886,  713,  902,  217,  633,  666,  524,  457,  202,  470,  328,  220,  197,  691,  771,  817,  868,  621,  448,  713,  352,  274,  527,  491,  639,  190,  544,  884,  638,  528,  884,  596,  920,  816,  425,  569,  926,  456,  134,  908,  608,  619,  600,  726,  195,  952,  469,  664,  324,  922,  771,  579,  897,  232,  828,  557,  609,  671,  429,  709,  232,  488,  572,  408,  391,  633,  596,  650,  454,  552,  225,  736,  388,  411,  788,  478,  402,  476,  718,  360,  661,  301,  439, 1005,  230,  900,  290,  490,  660,  289,  445,  621,  879,  726,  325,  740,  704,  983,  645,  410,  344,  687,  817,  598,  713,  741,  336,  571,  145,  290,  449,  592,  653,  516,  303,  297,  629,  756,  156,  836,  384,  768,  506,  915,  183,  840,  579,  790,  937,  945,  176,  307,  948,  430,  856,  545,  830,  894,  589],
        [  344,    0,  282,  851,  529,  785,   84,  430,  949,  476,  258,  727,  572,   74,  755,  594,  197,  726,  703,  833,  315,  651,  420,  415,  276,  498,  464,  446,  879,  362,   27,    0,  244,  727,  433,  625,  584,  909,  726,  912,  190,  621,  687,  511,  462,  227,  496,  323,  246,  220,  700,  786,  814,  875,  601,  468,  715,  332,  272,  539,  495,  622,  163,  570,  884,  658,  515,  886,  580,  924,  835,  419,  578,  930,  479,  124,  915,  599,  608,  606,  748,  204,  957,  462,  665,  331,  922,  796,  576,  895,  234,  826,  560,  633,  686,  411,  698,  235,  499,  552,  435,  418,  658,  575,  629,  480,  562,  244,  730,  365,  387,  782,  503,  408,  500,  722,  340,  667,  327,  420, 1011,  255,  904,  283,  473,  645,  310,  470,  599,  893,  745,  330,  741,  727,  988,  667,  393,  325,  694,  832,  603,  705,  754,  324,  585,  153,  294,  466,  611,  632,  503,  278,  319,  620,  756,  178,  838,  395,  759,  521,  925,  192,  848,  557,  814,  944,  945,  203,  333,  953,  456,  860,  550,  847,  895,  579],
        [  157,    0,  372,  896,  411,  766,  313,  392,  771,  269,  378,  609,  578,  255,  683,  637,  164,  547,  684,  622,  152,  428,  464,  541,   56,  394,  250,  454,  901,  119,  259,  244,    0,  493,  555,  387,  533,  947,  646,  792,  184,  379,  687,  267,  324,  444,  596,  132,  411,  444,  570,  711,  602,  732,  376,  482,  532,  121,  124,  457,  344,  383,  192,  679,  688,  656,  271,  702,  339,  750,  803,  203,  465,  763,  539,  129,  757,  362,  366,  459,  763,  447,  787,  241,  475,  249,  725,  848,  368,  683,  157,  616,  394,  683,  626,  177,  457,  167,  413,  332,  597,  548,  722,  355,  413,  608,  453,  483,  506,  197,  211,  552,  583,  291,  573,  562,  132,  515,  515,  195,  850,  385,  731,   83,  236,  402,  365,  569,  391,  810,  724,  228,  557,  775,  819,  695,  157,  105,  545,  752,  448,  473,  661,   85,  524,  193,  196,  450,  608,  416,  260,  169,  380,  383,  555,  411,  655,  318,  522,  475,  793,  435,  704,  352,  857,  790,  745,  405,  529,  782,  571,  688,  401,  792,  697,  338],
        [  396,    0,  715, 1011,  425,  795,  803,  566,  416,  446,  748,  485,  717,  747,  630,  814,  636,  284,  739,  198,  430,  387,  710,  864,  487,  454,  426,  656,  975,  380,  735,  727,  493,    0,  869,  287,  596, 1040,  592,  590,  658,  142,  777,  248,  390,  885,  871,  410,  809,  890,  436,  643,  177,  488,  374,  678,  266,  471,  468,  508,  358,  273,  675,  945,  296,  751,  248,  348,  267,  414,  795,  313,  443,  443,  776,  604,  466,  132,  144,  361,  855,  929,  452,  269,  232,  494,  322,  986,  197,  241,  524,  201,  313,  859,  622,  391,   88,  530,  490,  397,  952,  874,  909,  399,  423,  915,  452,  948,   70,  527,  513,   71,  833,  436,  815,  349,  472,  358,  914,  411,  525,  760,  401,  446,  345,  213,  677,  848,  449,  690,  763,  473,  269,  923,  480,  829,  395,  463,  378,  660,  339,   27,  573,  409,  571,  616,  489,  619,  719,  425,  251,  590,  690,  114,  205,  871,  318,  497,   46,  580,  561,  917,  469,  451,  978,  501,  326,  838,  934,  446,  871,  375,  354,  741,  300,  164],
