{
    "name": "random-95-15814",
    "comment": "size=95 seed=15814",
    "nodes": ["+0", "-0", "+1", "-1", "+2", "-2", "+3", "-3", "+4", "-4", "+5", "-5", "+6", "-6", "+7", "-7", "+8", "-8", "+9", "-9", "+10", "-10", "+11", "-11", "+12", "-12", "+13", "-13", "+14", "-14", "+15", "-15", "+16", "-16", "+17", "-17", "+18", "-18", "+19", "-19", "+20", "-20", "+21", "-21", "+22", "-22", "+23", "-23", "+24", "-24", "+25", "-25", "+26", "-26", "+27", "-27", "+28", "-28", "+29", "-29", "+30", "-30", "+31", "-31", "+32", "-32", "+33", "-33", "+34", "-34", "+35", "-35", "+36", "-36", "+37", "-37", "+38", "-38", "+39", "-39", "+40", "-40", "+41", "-41", "+42", "-42", "+43", "-43", "+44", "-44", "+45", "-45", "+46", "-46", "+47", "-47", "+48", "-48", "+49", "-49", "+50", "-50", "+51", "-51", "+52", "-52", "+53", "-53", "+54", "-54", "+55", "-55", "+56", "-56", "+57", "-57", "+58", "-58", "+59", "-59", "+60", "-60", "+61", "-61", "+62", "-62", "+63", "-63", "+64", "-64", "+65", "-65", "+66", "-66", "+67", "-67", "+68", "-68", "+69", "-69", "+70", "-70", "+71", "-71", "+72", "-72", "+73", "-73", "+74", "-74", "+75", "-75", "+76", "-76", "+77", "-77", "+78", "-78", "+79", "-79", "+80", "-80", "+81", "-81", "+82", "-82", "+83", "-83", "+84", "-84", "+85", "-85", "+86", "-86", "+87", "-87", "+88", "-88", "+89", "-89", "+90", "-90", "+91", "-91", "+92", "-92", "+93", "-93", "+94", "-94", "+95", "-95"],
    "precedence": {
        "+0": "-0",
        "+1": "-1",
        "+2": "-2",
        "+3": "-3",
        "+4": "-4",
        "+5": "-5",
        "+6": "-6",
        "+7": "-7",
        "+8": "-8",
        "+9": "-9",
        "+10": "-10",
        "+11": "-11",
        "+12": "-12",
        "+13": "-13",
        "+14": "-14",
        "+15": "-15",
        "+16": "-16",
        "+17": "-17",
        "+18": "-18",
        "+19": "-19",
        "+20": "-20",
        "+21": "-21",
        "+22": "-22",
        "+23": "-23",
        "+24": "-24",
        "+25": "-25",
        "+26": "-26",
        "+27": "-27",
        "+28": "-28",
        "+29": "-29",
        "+30": "-30",
        "+31": "-31",
        "+32": "-32",
        "+33": "-33",
        "+34": "-34",
        "+35": "-35",
        "+36": "-36",
        "+37": "-37",
        "+38": "-38",
        "+39": "-39",
        "+40": "-40",
        "+41": "-41",
        "+42": "-42",
        "+43": "-43",
        "+44": "-44",
        "+45": "-45",
        "+46": "-46",
        "+47": "-47",
        "+48": "-48",
        "+49": "-49",
        "+50": "-50",
        "+51": "-51",
        "+52": "-52",
        "+53": "-53",
        "+54": "-54",
        "+55": "-55",
        "+56": "-56",
        "+57": "-57",
        "+58": "-58",
        "+59": "-59",
        "+60": "-60",
        "+61": "-61",
        "+62": "-62",
        "+63": "-63",
        "+64": "-64",
        "+65": "-65",
        "+66": "-66",
        "+67": "-67",
        "+68": "-68",
        "+69": "-69",
        "+70": "-70",
        "+71": "-71",
        "+72": "-72",
        "+73": "-73",
        "+74": "-74",
        "+75": "-75",
        "+76": "-76",
        "+77": "-77",
        "+78": "-78",
        "+79": "-79",
        "+80": "-80",
        "+81": "-81",
        "+82": "-82",
        "+83": "-83",
        "+84": "-84",
        "+85": "-85",
        "+86": "-86",
        "+87": "-87",
        "+88": "-88",
        "+89": "-89",
        "+90": "-90",
        "+91": "-91",
        "+92": "-92",
        "+93": "-93",
        "+94": "-94",
        "+95": "-95"
    },
    "edges": [
        [    0,    0,  957, 1119,  659,  164,   10,  781,  873,  645, 1083,  445,  626,  266,  663,  992,  858,  872,  709,  515,   59,  160,  912,  664,  890,  902,  307,  974,  641,   77,  594,  520,  484,  643, 1246,  384,  534, 1143,   52,  830,  782,  643,  379, 1138,  712,  942,  679,  818,  249,  902,  922,  479,  710,  785,  818,  845,  669,  807,  906,  754, 1029, 1207,  648,  814,  622,   76,  190,  400, 1112,  558,  877, 1194,  682, 1011,  806,  458,  488,  807,  601,  660,  655,  606,   28,  464,   29,  926,  756,  603,  978,  519,  792,  440,  328,  983,  932,  634,  579,  196,  873,  732,  358, 1040, 1031,  594,  700,  551,  406,  744,  501,  930,  834, 1116,  185,  623,  625,  463,  230,  616,  577,  668,  578,  265, 1175,  623,  817,  706,  385,  480,  910,  918,  703,  900,  118,  494,  789,  773, 1184,  681,  826,  757, 1067,  782,  949,  804,  668,  985,  958,  561,  767,  534,  805,  868,  442,  926,  488,  711, 1041,  824, 1217,  393, 1066, 1029,  489,  669,  939, 1048,  213,  240,  876,  780,  769,  730,  484,  314,  426,  464,  312,  247,  484,  836,  937,  880,  475,  596,  348,  702,  350,  120,  526,  369, 1111,  485],
        [    0,    0,    0,    0,    0,    0,    0,    0,    0,    0,    0,    0,    0,    0,    0,    0,    0,    0,    0,    0,    0,    0,    0,    0,    0,    0,    0,    0,    0,    0,    0,    0,    0,    0,    0,    0,    0,    0,    0,    0,    0,    0,    0,    0,    0,    0,    0,    0,    0,    0,    0,    0,    0,    0,    0,    0,    0,    0,    0,    0,    0,    0,    0,    0,    0,    0,    0,    0,    0,    0,    0,    0,    0,    0,    0,    0,    0,    0,    0,    0,    0,    0,    0,    0,    0,    0,    0,    0,    0,    0,    0,    0,    0,    0,    0,    0,    0,    0,    0,    0,    0,    0,    0,    0,    0,    0,    0,    0,    0,    0,    0,    0,    0,    0,    0,    0,    0,    0,    0,    0,    0,    0,    0,    0,    0,    0,    0,    0,    0,    0,    0,    0,    0,    0,    0,    0,    0,    0,    0,    0,    0,    0,    0,    0,    0,    0,    0,    0,    0,    0,    0,    0,    0,    0,    0,    0,    0,    0,    0,    0,    0,    0,    0,    0,    0,    0,    0,    0,    0,    0,    0,    0,    0,    0,    0,    0,    0,    0,    0,    0,    0,    0,    0,    0,    0,    0,    0,    0,    0,    0,    0,    0],
        [  957,    0,    0,  351,  384,  793,  966,  734,  643,  976,  363,  924,  332,  822,  337,  547,  786,  270,  275,  484, 1007,  988,  845,  315,  158,  621,  686,  211,  533,  890,  695,  737,  493,  682,  437,  604,  447,  489,  959,  828,  764,  480,  598,  379,  248,  665,  439,  666,  948,  702,  987,  923,  266,  260,  557,  904,  370,  918,  310,  567,  425,  483,  524,  316,  420, 1004,  825,  947,  388,  764,   87,  372,  399,  556,  320,  508,  816,  529,  429,  642,  496,  824,  945,  668,  985,   44,  822,  393,   61,  631,  426,  940,  696,  585,  296,  752,  635,  804,  797,  997,  615,  350,  112,  424,  720,  460,  683,  228,  575,  894,  626,  243,  875,  368,  360,  611,  761,  498,  508,  299,  411,  704,  438,  636,  283,  452,  572,  487,  907,   43,  448,  104,  903,  464,  386,  238,  390,  671,  352,  761,  301,  632,  608,  266,  584,  110,   38,  805,  803,  440,  714,  432,  527,   61,  631,  991,  519,  333,  474,  592,  458,  609,  479,  891,  132,  471,  774,  738,  684,  830,  662,  267,  551,  646,  540,  772,  660,  932,  942,  163,  203,  213,  536,  557,  610,  446,  945,  949,  569,  824,  300,  624],
        [ 1119,    0,  351,    0,  690,  964, 1126,  609,  473,  916,   54,  937,  564,  914,  629,  308,  626,  248,  434,  605, 1159, 1101,  665,  476,  506,  435,  909,  170,  525, 1044,  666,  736,  640,  630,  127,  736,  700,  153, 1106,  683,  639,  795,  822,   29,  466,  458,  760,  525, 1031,  517,  820,  924,  440,  342,  428,  758,  677,  789,  216,  476,  161,  133,  515,  307,  498, 1147,  950,  978,   51,  741,  412,   85,  717,  306,  663,  673,  819,  413,  719,  589,  496,  776, 1116,  712, 1147,  335,  709,  521,  291,  658,  358,  955,  804,  352,  188,  696,  628,  935,  630,  904,  832,   91,  250,  526,  635,  569,  753,  520,  856,  711,  479,  138,  989,  503,  636,  884,  971,  807,  805,  564,  678,  855,   88,  604,  626,  781,  767,  650,  735,  381,  775,  451, 1099,  675,  728,  559,   66,  602,  698,  647,   59,  513,  395,  320,  540,  243,  315,  778,  685,  687,  578,  781,  753,  317,  676,  906,  247,  679,  126,  727,  165,  351,  640,  817,  482,  191,  911,  881,  512,  707,  547,  573,  642,  841,  759,  791,  809, 1016,  942,  333,  204,  562,  646,  866,  800,  773,  993, 1075,  619,  875,   59,  906],
        [  659,    0,  384,  690,    0,  506,  669,  793,  770,  920,  681,  793,  183,  620,   66,  760,  870,  488,  309,  367,  716,  739,  938,  296,  259,  768,  356,  521,  543,  608,  665,  663,  335,  680,  798,  412,  140,  794,  677,  888,  817,  107,  282,  717,  246,  820,   82,  758,  736,  828, 1045,  808,  294,  398,  674,  951,   14,  945,  542,  645,  696,  817,  539,  477,  402,  722,  586,  795,  711,  707,  299,  734,   43,  777,  148,  314,  720,  646,   59,  655,  517,  781,  641,  563,  686,  375,  849,  336,  432,  559,  553,  805,  505,  783,  551,  735,  601,  562,  884,  972,  304,  650,  490,  374,  741,  375,  542,  170,  198,  981,  737,  614,  641,  324,   87,  238,  436,  118,  125,  143,  101,  456,  773,  628,  160,  116,  306,  308,  982,  341,  110,  292,  577,  224,  148,  148,  743,  691,  173,  802,  632,  713,  783,  424,  608,  466,  405,  744,  840,  150,  789,  242,  230,  387,  538,  958,  765,  168,  814,  402,  737,  823,  308,  864,  310,  736,  530,  494,  802,  866,  731,  119,  436,  358,  249,  667,  428,  721,  825,  361,  490,  232,  405,  177,  338,  107,  773,  691,  495,  671,  652,  244],
        [  164,    0,  793,  964,  506,    0,  173,  684,  756,  615,  930,  425,  462,  211,  504,  858,  765,  716,  548,  361,  216,  242,  826,  502,  729,  782,  170,  815,  509,  103,  495,  432,  325,  541, 1091,  234,  376,  997,  173,  747,  691,  502,  225,  984,  549,  825,  534,  707,  274,  793,  861,  455,  548,  627,  691,  776,  514,  744,  753,  629,  883, 1057,  515,  660,  470,  218,  128,  396,  960,  478,  713, 1037,  532,  878,  653,  296,  426,  676,  448,  549,  517,  539,  154,  354,  193,  763,  677,  445,  815,  402,  649,  426,  206,  855,  778,  548,  465,  113,  781,  696,  202,  887,  868,  440,  604,  397,  294,  581,  367,  850,  717,  955,  172,  464,  465,  334,  114,  476,  436,  505,  419,  114, 1024,  511,  661,  564,  222,  319,  835,  754,  560,  737,  146,  331,  642,  612, 1029,  576,  676,  667,  911,  667,  825,  646,  546,  823,  795,  491,  684,  374,  703,  725,  282,  762,  368,  676,  902,  672, 1066,  241,  921,  901,  329,  614,  778,  905,  101,  105,  766,  701,  660,  570,  340,  152,  265,  388,  158,  264,  465,  674,  778,  721,  326,  466,  184,  559,  353,  191,  393,  315,  953,  363],
        [   10,    0,  966, 1126,  669,  173,    0,  784,  877,  644, 1090,  444,  635,  268,  673,  997,  860,  880,  717,  522,   49,  155,  913,  672,  900,  907,  317,  982,  646,   83,  597,  522,  492,  646, 1253,  391,  544, 1150,   49,  831,  784,  653,  389, 1145,  721,  946,  689,  821,  246,  905,  922,  478,  718,  793,  822,  845,  679,  807,  913,  758, 1035, 1214,  653,  821,  629,   67,  193,  398, 1119,  560,  886, 1202,  691, 1016,  816,  466,  489,  812,  610,  664,  660,  607,   37,  469,   21,  935,  757,  610,  987,  524,  798,  438,  334,  988,  940,  636,  582,  201,  875,  731,  367, 1046, 1039,  601,  703,  558,  410,  753,  511,  931,  838, 1124,  186,  631,  635,  473,  240,  626,  587,  677,  587,  272, 1182,  627,  827,  716,  394,  488,  911,  927,  713,  910,  127,  503,  799,  782, 1192,  684,  836,  759, 1074,  785,  954,  811,  672,  994,  967,  562,  768,  544,  808,  878,  452,  934,  492,  710, 1046,  834, 1224,  400, 1072, 1034,  498,  669,  949, 1054,  219,  247,  880,  781,  773,  740,  490,  323,  435,  466,  319,  245,  482,  844,  945,  890,  481,  605,  357,  712,  348,  117,  531,  370, 1119,  495],
        [  781,    0,  734,  609,  793,  684,  784,    0,  146,  320,  556,  414,  613,  516,  735,  325,   84,  472,  520,  444,  794,  685,  151,  511,  810,  188,  746,  576,  251,  710,  190,  262,  491,  145,  709,  493,  694,  532,  744,   98,   32,  878,  698,  610,  587,  198,  872,   85,  585,  138,  259,  387,  536,  481,  187,  171,  789,  187,  451,  168,  452,  616,  255,  419,  393,  770,  594,  467,  570,  229,  715,  691,  836,  338,  878,  528,  312,  211,  775,  148,  278,  212,  793,  332,  801,  691,  101,  458,  702,  290,  309,  430,  480,  291,  477,  152,  227,  593,  100,  296,  689,  522,  716,  420,   82,  425,  391,  695,  835,  189,  131,  701,  600,  472,  707,  836,  760,  870,  841,  664,  709,  583,  610,  184,  855,  908,  614,  521,  190,  725,  902,  771,  826,  607,  920,  761,  662,  114,  920,   41,  589,  104,  241,  470,  186,  667,  705,  242,   77,  676,   35, 1011,  666,  674,  325,  299,  395,  904,  637,  494,  466,  323,  514,  220,  827,  437,  589,  580,  121,  100,   72,  738,  398,  653,  655,  321,  553,  575,  399,  578,  558,  848,  430,  908,  622,  899,  504,  685,  328,  422,  642,  871],
        [  873,    0,  643,  473,  770,  756,  877,  146,    0,  465,  420,  545,  588,  615,  707,  180,  155,  374,  472,  459,  893,  794,  204,  475,  741,   43,  789,  463,  261,  798,  288,  369,  509,  238,  568,  541,  691,  387,  840,  210,  172,  864,  728,  472,  540,   70,  851,   66,  700,   61,  354,  521,  488,  409,   96,  286,  763,  317,  341,  136,  314,  472,  259,  334,  377,  871,  684,  596,  432,  347,  639,  554,  811,  192,  833,  549,  434,  126,  762,  214,  270,  349,  881,  409,  895,  603,  244,  443,  603,  356,  228,  562,  553,  145,  363,  277,  295,  678,  161,  438,  724,  389,  608,  411,  202,  430,  469,  647,  846,  253,   40,  576,  700,  449,  685,  853,  817,  861,  837,  632,  698,  647,  467,  250,  806,  885,  646,  536,  270,  642,  879,  696,  902,  614,  883,  712,  523,  199,  876,  186,  460,   92,   96,  392,  212,  563,  611,  371,  218,  674,  111,  968,  684,  583,  390,  443,  250,  858,  493,  539,  324,  181,  528,  365,  750,  295,  668,  653,   42,  237,  110,  696,  434,  698,  676,  431,  610,  688,  535,  499,  452,  785,  462,  906,  662,  876,  628,  787,  369,  532,  511,  887],
        [  645,    0,  976,  916,  920,  615,  644,  320,  465,    0,  863,  201,  762,  406,  875,  644,  346,  741,  719,  557,  635,  505,  363,  692, 1014,  507,  740,  855,  444,  593,  282,  258,  586,  299, 1022,  524,  791,  850,  596,  289,  295,  979,  729,  919,  775,  513,  988,  402,  401,  449,  301,  167,  733,  717,  488,  255,  920,  205,  734,  443,  764,  934,  453,  677,  569,  605,  492,  249,  880,  219,  936,  999,  961,  657, 1038,  608,  206,  504,  883,  340,  480,  153,  666,  357,  656,  933,  226,  618,  958,  367,  579,  207,  454,  610,  763,  228,  344,  503,  354,   89,  712,  826,  983,  578,  281,  559,  387,  874,  892,  354,  446,  992,  468,  640,  838,  877,  721,  962,  925,  821,  822,  552,  924,  341, 1025, 1025,  655,  613,  325,  958, 1019,  987,  729,  700, 1064,  937,  972,  319, 1077,  279,  889,  404,  560,  715,  397,  932,  954,  178,  251,  777,  354, 1159,  729,  919,  383,   68,  713, 1064,  954,  532,  781,  641,  612,  100, 1044,  753,  518,  530,  438,  241,  371,  903,  485,  658,  712,  258,  547,  400,  163,  814,  830, 1041,  516,  983,  644, 1017,  299,  528,  433,  301,  942,  913],
        [ 1083,    0,  363,   54,  681,  930, 1090,  556,  420,  863,    0,  889,  545,  872,  618,  256,  573,  218,  410,  570, 1121, 1059,  613,  450,  515,  382,  882,  164,  478, 1007,  616,  688,  607,  579,  169,  699,  681,  126, 1067,  630,  586,  787,  796,   59,  449,  406,  754,  472,  987,  464,  768,  875,  418,  315,  376,  705,  669,  736,  178,  424,  109,  138,  468,  270,  461, 1108,  911,  930,   32,  691,  415,  136,  710,  255,  665,  641,  770,  361,  706,  538,  451,  724, 1080,  667, 1110,  341,  656,  489,  304,  612,  311,  906,  764,  300,  152,  644,  580,  896,  577,  851,  805,   44,  271,  490,  583,  533,  710,  513,  840,  659,  426,  177,  948,  473,  622,  866,  941,  797,  793,  550,  662,  820,   97,  555,  629,  777,  737,  619,  682,  389,  771,  459, 1066,  650,  729,  557,  111,  550,  702,  594,   66,  461,  343,  291,  491,  254,  326,  728,  632,  667,  525,  788,  729,  322,  631,  853,  198,  683,  140,  691,  117,  302,  609,  765,  495,  142,  872,  843,  459,  654,  495,  567,  602,  811,  733,  743,  773,  972,  892,  320,  192,  570,  609,  855,  769,  769,  947, 1034,  576,  829,   99,  889],
        [  445,    0,  924,  937,  793,  425,  444,  414,  545,  201,  889,    0,  658,  215,  759,  709,  471,  725,  651,  455,  436,  307,  510,  615,  931,  585,  564,  843,  418,  393,  275,  202,  469,  318, 1056,  382,  657,  903,  396,  427,  402,  836,  568,  947,  695,  607,  853,  480,  203,  550,  487,   36,  662,  676,  532,  421,  796,  377,  733,  472,  801,  982,  428,  658,  505,  407,  298,   56,  911,  202,  868, 1021,  832,  725,  925,  481,  119,  537,  749,  355,  451,  203,  466,  257,  456,  883,  352,  536,  917,  296,  581,   18,  294,  684,  763,  268,  311,  312,  484,  288,  548,  847,  953,  501,  344,  470,  255,  781,  733,  516,  515,  988,  269,  561,  719,  713,  534,  817,  778,  717,  693,  378,  964,  334,  918,  889,  503,  492,  491,  897,  883,  914,  531,  570,  941,  838,  999,  354,  960,  378,  900,  462,  638,  681,  398,  901,  908,  175,  370,  645,  446, 1035,  581,  872,  294,  267,  773,  950,  999,  392,  828,  724,  494,  238,  968,  802,  331,  350,  531,  374,  436,  799,  382,  490,  563,  153,  384,  200,   41,  765,  812,  948,  405,  830,  484,  881,  102,  328,  356,  125,  952,  748],
        [  626,    0,  332,  564,  183,  462,  635,  613,  588,  762,  545,  658,    0,  516,  122,  589,  688,  335,  140,  207,  677,  667,  756,  117,  282,  587,  360,  397,  363,  560,  495,  505,  190,  505,  684,  294,  137,  646,  630,  708,  638,  278,  271,  589,  100,  640,  264,  577,  640,  646,  867,  667,  129,  238,  493,  774,  177,  770,  386,  463,  540,  682,  359,  310,  221,  676,  505,  670,  576,  545,  251,  623,  225,  606,  277,  190,  570,  465,  179,  477,  336,  617,  614,  411,  654,  304,  673,  156,  359,  396,  375,  672,  391,  608,  401,  564,  430,  483,  703,  807,  286,  508,  415,  196,  564,  204,  404,  128,  297,  800,  555,  519,  558,  142,   98,  322,  432,  278,  262,   60,  122,  378,  641,  453,  263,  298,  241,  173,  802,  293,  292,  279,  573,  133,  310,  180,  624,  514,  317,  624,  506,  531,  604,  264,  428,  375,  337,  584,  662,  123,  608,  404,  199,  307,  380,  795,  601,  303,  684,  282,  582,  649,  168,  698,  326,  577,  451,  415,  620,  689,  550,  142,  280,  315,  210,  519,  337,  624,  686,  236,  361,  291,  254,  330,  279,  290,  656,  625,  330,  543,  537,  346],
        [  266,    0,  822,  914,  620,  211,  268,  516,  615,  406,  872,  215,  516,    0,  597,  747,  592,  676,  550,  339,  279,  189,  646,  507,  797,  647,  353,  789,  403,  199,  331,  254,  331,  381, 1040,  223,  481,  916,  228,  564,  516,  647,  368,  930,  577,  683,  670,  557,  127,  640,  663,  244,  557,  604,  568,  583,  625,  547,  699,  504,  804,  986,  411,  612,  426,  257,   88,  192,  899,  293,  753,  995,  655,  766,  761,  327,  226,  561,  569,  401,  424,  344,  280,  214,  286,  784,  491,  432,  828,  271,  566,  218,  127,  734,  729,  368,  324,   98,  607,  488,  346,  829,  874,  408,  435,  367,  163,  643,  532,  665,  577,  936,   86,  456,  556,  508,  319,  625,  585,  571,  521,  173,  959,  366,  760,  704,  315,  344,  646,  789,  699,  791,  329,  403,  767,  690,  979,  419,  792,  492,  867,  523,  696,  616,  417,  824,  814,  297,  501,  472,  541,  858,  395,  778,  244,  468,  802,  784,  999,  235,  838,  779,  349,  411,  840,  817,  117,  140,  615,  515,  508,  649,  280,  286,  375,  198,  193,  111,  255,  676,  753,  804,  287,  630,  289,  697,  158,  174,  297,  108,  916,  541],
        [  663,    0,  337,  629,   66,  504,  673,  735,  707,  875,  618,  759,  122,  597,    0,  695,  810,  423,  243,  319,  718,  730,  878,  232,  231,  704,  368,  460,  485,  606,  614,  618,  293,  626,  740,  381,  129,  730,  676,  830,  760,  172,  285,  656,  181,  756,  147,  697,  717,  765,  988,  771,  228,  333,  611,  895,   57,  891,  477,  584,  631,  755,  480,  411,  343,  722,  572,  765,  649,  660,  250,  676,  105,  711,  167,  279,  679,  582,   93,  599,  458,  733,  647,  520,  691,  323,  794,  277,  381,  511,  489,  771,  477,  718,  486,  683,  549,  549,  824,  924,  306,  586,  439,  317,  686,  322,  505,  112,  239,  921,  675,  560,  627,  264,   42,  275,  447,  179,  177,   77,   86,  442,  711,  574,  163,  180,  292,  268,  924,  294,  173,  253,  591,  194,  190,  112,  684,  635,  203,  745,  571,  653,  718,  358,  550,  411,  354,  698,  784,  131,  729,  285,  223,  333,  492,  911,  700,  191,  753,  370,  672,  757,  267,  815,  282,  671,  516,  480,  740,  810,  671,   73,  391,  353,  240,  627,  408,  702,  789,  298,  427,  218,  361,  237,  327,  171,  746,  683,  446,  639,  593,  288],
        [  992,    0,  547,  308,  760,  858,  997,  325,  180,  644,  256,  709,  589,  747,  695,    0,  326,  292,  453,  519, 1019,  933,  359,  473,  672,  138,  858,  343,  352,  915,  439,  519,  567,  392,  391,  628,  713,  207,  965,  385,  352,  863,  784,  301,  515,  152,  841,  242,  846,  214,  514,  688,  467,  365,  181,  458,  751,  493,  242,  245,  149,  292,  345,  285,  415, 1001,  806,  757,  261,  508,  566,  383,  798,   20,  792,  607,  594,  186,  767,  358,  342,  521,  996,  534, 1017,  511,  423,  470,  496,  477,  223,  727,  664,   45,  251,  445,  426,  796,  328,  618,  786,  234,  486,  451,  373,  484,  589,  612,  875,  405,  200,  426,  830,  467,  683,  891,  900,  866,  849,  618,  708,  745,  290,  387,  760,  872,  709,  589,  429,  557,  865,  620, 1003,  651,  850,  672,  350,  356,  834,  365,  307,  249,   90,  341,  331,  450,  510,  537,  398,  696,  291,  926,  728,  490,  506,  623,   70,  815,  314,  623,  148,   64,  579,  544,  669,  119,  780,  759,  213,  416,  278,  666,  519,  772,  726,  581,  703,  833,  704,  432,  345,  722,  539,  918,  733,  863,  785,  920,  468,  679,  353,  921],
        [  858,    0,  786,  626,  870,  765,  860,   84,  155,  346,  573,  471,  688,  592,  810,  326,    0,  519,  589,  525,  868,  755,   69,  583,  873,  192,  829,  615,  329,  787,  271,  339,  573,  227,  716,  576,  774,  531,  818,   61,   76,  957,  781,  623,  656,  179,  950,  122,  653,  114,  202,  442,  605,  541,  230,  133,  865,  169,  491,  231,  466,  616,  332,  472,  468,  843,  672,  526,  583,  301,  775,  705,  912,  334,  949,  611,  380,  258,  853,  231,  353,  269,  870,  414,  877,  745,  124,  535,  750,  373,  362,  487,  562,  285,  514,  224,  310,  671,   17,  302,  773,  543,  758,  497,  162,  505,  473,  764,  917,  113,  162,  730,  675,  547,  783,  919,  843,  949,  921,  738,  788,  665,  615,  267,  925,  985,  697,  602,  121,  782,  978,  831,  906,  688,  994,  831,  674,  197,  992,  101,  614,  161,  236,  527,  265,  712,  756,  307,  102,  756,   81, 1083,  749,  726,  408,  310,  395,  975,  638,  577,  473,  307,  596,  252,  887,  444,  669,  662,  115,  106,  139,  809,  481,  736,  738,  395,  636,  644,  452,  636,  601,  913,  513,  989,  706,  976,  566,  758,  411,  494,  665,  954],
        [  872,    0,  270,  248,  488,  716,  880,  472,  374,  741,  218,  725,  335,  676,  423,  292,  519,    0,  196,  358,  913,  860,  577,  233,  381,  352,  664,  118,  309,  797,  467,  526,  392,  443,  375,  489,  470,  312,  860,  564,  503,  594,  579,  269,  244,  397,  566,  399,  797,  433,  721,  718,  206,   99,  290,  641,  477,  659,   55,  309,  209,  352,  299,   68,  253,  902,  707,  760,  249,  541,  276,  323,  522,  305,  503,  425,  609,  263,  505,  401,  275,  591,  868,  483,  900,  230,  565,  273,  231,  433,  166,  743,  562,  325,   68,  513,  417,  690,  529,  749,  588,  178,  245,  279,  469,  322,  517,  328,  631,  625,  359,  264,  747,  256,  419,  655,  724,  600,  591,  349,  455,  608,  314,  405,  470,  593,  520,  403,  640,  271,  587,  331,  851,  433,  563,  384,  313,  425,  544,  502,  195,  369,  342,   74,  345,  196,  237,  582,  544,  455,  449,  636,  512,  210,  446,  746,  282,  525,  357,  480,  250,  356,  393,  649,  383,  249,  665,  634,  415,  570,  401,  383,  399,  594,  516,  573,  561,  781,  736,  141,   90,  431,  401,  656,  553,  585,  769,  832,  385,  648,  241,  680],
        [  709,    0,  275,  434,  309,  548,  717,  520,  472,  719,  410,  651,  140,  550,  243,  453,  589,  196,    0,  212,  755,  723,  655,   46,  297,  465,  475,  273,  284,  637,  439,  471,  229,  436,  557,  338,  274,  508,  704,  617,  548,  411,  388,  458,   69,  517,  390,  471,  676,  531,  778,  653,   17,   98,  376,  688,  300,  692,  247,  358,  401,  547,  277,  171,  151,  749,  561,  674,  442,  502,  219,  499,  347,  469,  363,  252,  547,  346,  316,  401,  250,  568,  701,  395,  738,  236,  594,  120,  279,  362,  248,  667,  426,  475,  263,  502,  376,  542,  602,  750,  399,  372,  326,  151,  486,  186,  409,  177,  436,  700,  442,  408,  609,   95,  231,  459,  540,  414,  401,  166,  261,  447,  507,  386,  337,  421,  337,  229,  707,  247,  415,  269,  674,  241,  411,  243,  496,  435,  405,  538,  377,  428,  476,  124,  345,  278,  264,  544,  579,  259,  509,  498,  319,  228,  358,  742,  462,  388,  550,  326,  442,  515,  220,  642,  325,  438,  513,  478,  507,  607,  452,  224,  276,  413,  325,  501,  401,  660,  672,  128,  235,  331,  264,  468,  372,  413,  671,  687,  297,  550,  413,  485],
        [  515,    0,  484,  605,  367,  361,  522,  444,  459,  557,  570,  455,  207,  339,  319,  519,  525,  358,  212,    0,  556,  513,  594,  169,  477,  472,  340,  462,  201,  440,  298,  299,   51,  318,  732,  132,  252,  640,  504,  534,  464,  440,  271,  625,  244,  522,  441,  429,  465,  509,  686,  462,  219,  273,  374,  592,  366,  581,  393,  324,  525,  698,  201,  300,  111,  547,  354,  471,  599,  341,  420,  680,  410,  538,  482,   92,  364,  351,  338,  298,  190,  415,  511,  204,  543,  447,  488,   94,  490,  192,  299,  469,  215,  524,  419,  368,  236,  336,  541,  605,  269,  527,  536,   80,  382,   37,  203,  326,  393,  633,  421,  607,  399,  118,  283,  397,  384,  429,  398,  266,  274,  251,  664,  267,  470,  478,  191,   78,  630,  453,  472,  462,  499,  164,  509,  385,  670,  335,  520,  446,  553,  383,  504,  290,  262,  487,  476,  379,  481,  235,  447,  603,  226,  440,  174,  592,  554,  507,  706,  122,  565,  570,   71,  497,  515,  550,  309,  277,  482,  506,  391,  349,   74,  254,  218,  313,  204,  448,  481,  338,  425,  494,   53,  465,  214,  469,  464,  480,  128,  345,  597,  431],
        [   59,    0, 1007, 1159,  716,  216,   49,  794,  893,  635, 1121,  436,  677,  279,  718, 1019,  868,  913,  755,  556,    0,  133,  919,  710,  944,  924,  365, 1017,  670,  118,  610,  532,  528,  659, 1286,  424,  590, 1177,   55,  836,  793,  701,  435, 1177,  761,  962,  737,  836,  234,  919,  919,  471,  757,  828,  843,  846,  726,  806,  944,  778, 1063, 1243,  677,  853,  661,   31,  214,  387, 1150,  568,  928, 1235,  739, 1038,  863,  504,  492,  833,  657,  679,  686,  610,   83,  487,   38,  976,  761,  646, 1027,  543,  825,  428,  359, 1009,  972,  644,  600,  226,  883,  723,  413, 1078, 1079,  635,  713,  591,  430,  797,  559,  934,  855, 1160,  194,  667,  680,  521,  288,  674,  635,  720,  633,  309, 1213,  644,  873,  764,  437,  527,  913,  969,  761,  953,  172,  546,  847,  827, 1224,  698,  883,  768, 1108,  802,  972,  846,  692, 1032, 1008,  566,  774,  589,  819,  926,  497,  974,  513,  702, 1070,  881, 1254,  434, 1100, 1054,  536,  667,  993, 1080,  249,  280,  894,  785,  787,  785,  520,  367,  480,  474,  355,  236,  472,  883,  980,  936,  513,  654,  400,  760,  337,  111,  556,  374, 1153,  543],
        [  160,    0,  988, 1101,  739,  242,  155,  685,  794,  505, 1059,  307,  667,  189,  730,  933,  755,  860,  723,  513,  133,    0,  802,  678,  945,  828,  411,  971,  591,  150,  507,  427,  496,  557, 1227,  386,  604, 1104,  109,  719,  680,  742,  461, 1117,  740,  862,  773,  734,  105,  815,  793,  342,  727,  784,  754,  723,  747,  681,  886,  689,  992, 1174,  600,  797,  609,  102,  163,  257, 1087,  457,  914, 1180,  768,  952,  886,  482,  376,  748,  683,  582,  612,  491,  187,  401,  160,  953,  643,  606, 1000,  458,  754,  299,  300,  918,  915,  533,  508,  185,  769,  593,  438, 1016, 1048,  587,  606,  545,  351,  793,  608,  814,  758, 1117,  115,  630,  689,  575,  345,  717,  676,  717,  647,  290, 1147,  549,  891,  804,  438,  502,  792,  952,  800,  946,  272,  542,  879,  832, 1166,  596,  911,  655, 1053,  704,  879,  798,  603,  999,  984,  449,  658,  599,  712,  965,  511,  949,  433,  572,  989,  906, 1187,  397, 1026,  963,  509,  542,  992, 1005,  217,  253,  791,  667,  686,  790,  462,  382,  492,  366,  330,  112,  342,  850,  935,  945,  464,  707,  404,  799,  207,   52,  484,  263, 1101,  603],
        [  912,    0,  845,  665,  938,  826,  913,  151,  204,  363,  613,  510,  756,  646,  878,  359,   69,  577,  655,  594,  919,  802,    0,  650,  936,  235,  894,  667,  398,  843,  332,  396,  641,  291,  747,  641,  842,  559,  871,   84,  136, 1025,  848,  660,  722,  208, 1018,  185,  699,  151,  155,  478,  671,  604,  290,  116,  933,  164,  545,  297,  505,  643,  401,  533,  537,  893,  728,  565,  620,  354,  837,  742,  980,  365, 1016,  679,  428,  319,  922,  298,  422,  312,  925,  476,  930,  804,  160,  603,  807,  438,  423,  524,  623,  316,  567,  279,  375,  729,   54,  303,  839,  586,  812,  565,  224,  573,  534,  831,  985,   49,  220,  775,  728,  615,  851,  986,  906, 1018,  989,  806,  857,  727,  646,  334,  991, 1053,  764,  671,   70,  842, 1047,  893,  965,  757, 1061,  897,  709,  263, 1058,  160,  658,  227,  270,  588,  334,  767,  813,  354,  146,  825,  149, 1150,  817,  785,  472,  316,  426, 1041,  666,  643,  507,  330,  664,  279,  949,  478,  728,  723,  163,  137,  207,  876,  548,  802,  806,  449,  700,  691,  486,  697,  656,  978,  581, 1057,  772, 1044,  608,  809,  478,  545,  708, 1022],
        [  664,    0,  315,  476,  296,  502,  672,  511,  475,  692,  450,  615,  117,  507,  232,  473,  583,  233,   46,  169,  710,  678,  650,    0,  323,  473,  433,  316,  267,  592,  415,  440,  183,  416,  600,  293,  243,  542,  659,  607,  537,  394,  347,  499,   84,  525,  378,  468,  633,  534,  768,  618,   50,  135,  379,  676,  289,  677,  281,  354,  433,  585,  260,  198,  126,  703,  516,  636,  481,  474,  254,  542,  337,  490,  368,  207,  514,  350,  295,  384,  235,  542,  656,  359,  692,  278,  579,   80,  323,  330,  259,  630,  382,  492,  300,  480,  350,  497,  597,  728,  357,  410,  371,  116,  470,  146,  369,  187,  406,  695,  443,  453,  564,   55,  213,  426,  497,  394,  377,  157,  236,  402,  546,  365,  346,  411,  293,  184,  699,  285,  405,  300,  629,  200,  412,  253,  538,  419,  410,  525,  419,  424,  488,  160,  330,  324,  307,  515,  566,  227,  502,  501,  280,  272,  324,  718,  487,  394,  589,  281,  474,  533,  175,  619,  355,  468,  467,  433,  508,  593,  444,  228,  237,  369,  284,  466,  356,  617,  637,  174,  279,  350,  221,  445,  328,  402,  631,  642,  264,  511,  457,  454],
        [  890,    0,  158,  506,  259,  729,  900,  810,  741, 1014,  515,  931,  282,  797,  231,  672,  873,  381,  297,  477,  944,  945,  936,  323,    0,  725,  598,  355,  581,  830,  735,  762,  469,  733,  594,  575,  358,  639,  900,  907,  839,  342,  515,  534,  240,  773,  298,  752,  921,  801, 1068,  937,  283,  333,  648,  980,  245,  987,  431,  644,  565,  639,  573,  408,  446,  946,  784,  946,  541,  796,  107,  529,  263,  684,  166,  471,  835,  619,  313,  697,  546,  864,  875,  677,  918,  174,  889,  399,  218,  652,  514,  945,  672,  706,  425,  799,  672,  761,  885, 1047,  535,  496,  268,  438,  781,  463,  679,  155,  456,  983,  718,  400,  837,  376,  266,  495,  677,  363,  381,  228,  316,  655,  594,  683,  129,  305,  510,  454,  993,  126,  301,   56,  821,  404,  231,  119,  547,  730,  195,  831,  454,  713,  722,  350,  641,  264,  192,  837,  873,  356,  795,  275,  449,  194,  643, 1038,  653,  177,  630,  563,  601,  735,  449,  939,   52,  610,  729,  692,  780,  900,  740,  161,  550,  577,  465,  786,  616,  905,  956,  244,  337,   56,  527,  421,  547,  300,  936,  901,  586,  820,  457,  501],
        [  902,    0,  621,  435,  768,  782,  907,  188,   43,  507,  382,  585,  587,  647,  704,  138,  192,  352,  465,  472,  924,  828,  235,  473,  725,    0,  806,  434,  278,  827,  323,  405,  522,  274,  526,  561,  697,  345,  871,  250,  215,  865,  742,  432,  533,   53,  850,  107,  736,   85,  388,  561,  481,  396,   99,  324,  761,  357,  314,  154,  274,  430,  275,  318,  383,  903,  714,  635,  392,  386,  622,  514,  809,  150,  824,  563,  473,  124,  764,  247,  283,  390,  909,  438,  926,  581,  286,  447,  578,  384,  218,  602,  580,  103,  334,  317,  325,  707,  196,  480,  739,  352,  579,  418,  243,  441,  497,  638,  853,  283,   71,  541,  732,  451,  685,  863,  838,  863,  841,  628,  701,  671,  426,  281,  795,  883,  661,  548,  303,  622,  876,  678,  927,  622,  876,  703,  483,  235,  867,  229,  424,  126,   54,  376,  236,  536,  587,  411,  261,  679,  154,  960,  694,  561,  417,  485,  208,  848,  451,  558,  282,  140,  539,  408,  732,  253,  695,  679,   78,  279,  149,  689,  453,  716,  688,  467,  633,  724,  576,  482,  425,  771,  479,  910,  679,  874,  666,  820,  391,  568,  474,  896],
        [  307,    0,  686,  909,  356,  170,  317,  746,  789,  740,  882,  564,  360,  353,  368,  858,  829,  664,  475,  340,  365,  411,  894,  433,  598,  806,    0,  747,  529,  266,  566,  521,  292,  604, 1032,  254,  243,  967,  332,  822,  759,  337,   90,  932,  457,  855,  373,  750,  439,  835,  954,  590,  471,  568,  709,  864,  366,  840,  709,  654,  853, 1016,  532,  619,  445,  375,  285,  545,  913,  569,  601,  974,  376,  877,  501,  251,  538,  689,  297,  600,  525,  640,  287,  424,  333,  662,  760,  399,  718,  457,  637,  569,  290,  863,  731,  629,  520,  264,  845,  814,   77,  841,  774,  410,  671,  374,  372,  461,  199,  926,  750,  877,  336,  411,  333,  165,   81,  310,  271,  388,  283,  189,  978,  563,  515,  400,  150,  271,  916,  645,  397,  616,  224,  235,  483,  480,  971,  633,  519,  737,  852,  706,  842,  591,  581,  734,  695,  593,  762,  247,  758,  562,  161,  665,  423,  796,  890,  518, 1021,  253,  894,  909,  281,  721,  649,  882,  238,  215,  807,  783,  707,  438,  356,   93,  152,  492,  200,  426,  603,  592,  710,  582,  328,  297,  128,  396,  507,  359,  423,  443,  888,  195],
        [  974,    0,  211,  170,  521,  815,  982,  576,  463,  855,  164,  843,  397,  789,  460,  343,  615,  118,  273,  462, 1017,  971,  667,  316,  355,  434,  747,    0,  426,  900,  584,  643,  491,  558,  287,  594,  533,  285,  965,  663,  607,  626,  659,  197,  298,  473,  592,  498,  911,  518,  816,  835,  277,  190,  390,  741,  508,  762,  125,  417,  215,  297,  416,  185,  363, 1008,  814,  877,  193,  658,  253,  227,  549,  351,  502,  520,  726,  365,  549,  516,  392,  706,  968,  599, 1002,  182,  672,  372,  156,  550,  277,  860,  671,  383,  101,  628,  534,  797,  622,  859,  671,  141,  146,  385,  580,  428,  632,  352,  687,  715,  454,  148,  857,  351,  467,  716,  812,  638,  636,  395,  509,  710,  253,  521,  466,  614,  609,  497,  733,  230,  609,  300,  945,  513,  567,  394,  228,  537,  540,  608,  112,  473,  413,  173,  460,  107,  173,  698,  650,  520,  550,  627,  589,  162,  562,  857,  309,  520,  294,  583,  248,  403,  487,  761,  340,  260,  770,  738,  504,  675,  506,  405,  509,  684,  596,  691,  663,  895,  853,  164,   38,  410,  508,  696,  644,  607,  885,  940,  500,  764,  142,  737],
        [  641,    0,  533,  525,  543,  509,  646,  251,  261,  444,  478,  418,  363,  403,  485,  352,  329,  309,  284,  201,  670,  591,  398,  267,  581,  278,  529,  426,    0,  564,  163,  218,  251,  152,  647,  284,  445,  513,  616,  346,  275,  628,  468,  537,  347,  326,  622,  228,  512,  309,  504,  409,  300,  274,  183,  411,  539,  411,  316,  126,  403,  586,   11,  242,  144,  652,  456,  455,  503,  235,  496,  608,  585,  371,  633,  291,  301,  168,  525,  117,   37,  291,  645,  192,  666,  490,  313,  208,  515,  135,  168,  435,  313,  346,  346,  220,  109,  445,  344,  468,  464,  435,  545,  169,  204,  177,  241,  453,  593,  439,  222,  571,  484,  223,  456,  597,  560,  620,  593,  416,  459,  397,  561,  104,  612,  658,  386,  279,  440,  515,  651,  549,  655,  362,  672,  519,  588,  152,  675,  261,  484,  182,  317,  273,   66,  493,  511,  276,  300,  428,  250,  764,  427,  476,  159,  460,  401,  659,  600,  281,  436,  392,  271,  360,  606,  414,  429,  409,  281,  327,  192,  492,  176,  438,  418,  267,  357,  498,  428,  371,  397,  614,  202,  660,  402,  649,  469,  573,  117,  351,  536,  632],
        [   77,    0,  890, 1044,  608,  103,   83,  710,  798,  593, 1007,  393,  560,  199,  606,  915,  787,  797,  637,  440,  118,  150,  843,  592,  830,  827,  266,  900,  564,    0,  521,  449,  411,  570, 1171,  308,  478, 1067,   71,  762,  712,  602,  327, 1063,  644,  867,  635,  744,  211,  829,  860,  427,  639,  711,  742,  781,  617,  744,  830,  678,  952, 1131,  571,  738,  546,  116,  116,  354, 1036,  490,  811, 1119,  634,  934,  755,  387,  424,  730,  550,  586,  578,  542,   83,  389,  104,  858,  688,  529,  909,  444,  716,  391,  251,  907,  857,  564,  504,  121,  803,  678,  304,  964,  961,  519,  629,  476,  330,  681,  464,  863,  759, 1043,  125,  550,  567,  429,  197,  576,  535,  605,  521,  191, 1099,  548,  764,  664,  321,  409,  844,  852,  661,  837,  139,  430,  744,  714, 1109,  608,  778,  687,  992,  707,  873,  729,  592,  915,  890,  495,  699,  476,  732,  826,  384,  857,  412,  657,  964,  774, 1141,  318,  989,  953,  418,  608,  879,  971,  136,  164,  802,  712,  696,  671,  407,  254,  367,  395,  238,  205,  433,  765,  863,  824,  399,  562,  284,  659,  306,   98,  449,  305, 1037,  455],
        [  594,    0,  695,  666,  665,  495,  597,  190,  288,  282,  616,  275,  495,  331,  614,  439,  271,  467,  439,  298,  610,  507,  332,  415,  735,  323,  566,  584,  163,  521,    0,   82,  338,   51,  783,  315,  548,  629,  558,  257,  197,  737,  526,  674,  497,  355,  739,  227,  413,  310,  395,  259,  453,  437,  260,  302,  663,  286,  467,  198,  527,  708,  173,  402,  290,  587,  406,  320,  638,   76,  655,  750,  707,  456,  771,  370,  157,  263,  636,   82,  199,  130,  604,  144,  615,  652,  197,  344,  678,  113,  312,  293,  292,  418,  498,   71,   65,  404,  287,  314,  515,  575,  706,  304,  110,  292,  203,  599,  675,  361,  252,  726,  416,  365,  579,  670,  574,  725,  692,  552,  572,  395,  690,   63,  754,  776,  443,  368,  351,  676,  769,  707,  637,  457,  803,  664,  727,   90,  811,  173,  631,  198,  375,  435,  126,  654,  673,  115,  197,  532,  212,  897,  505,  638,  145,  304,  501,  797,  725,  318,  554,  460,  363,  205,  763,  528,  399,  392,  285,  219,  179,  633,  236,  473,  491,  144,  369,  401,  277,  533,  556,  764,  270,  756,  446,  767,  346,  502,  170,  245,  684,  706],
