{
    "name": "random-9-16294",
    "comment": "size=9 seed=16294",
    "nodes": ["+0", "-0", "+1", "-1", "+2", "-2", "+3", "-3", "+4", "-4", "+5", "-5", "+6", "-6", "+7", "-7", "+8", "-8", "+9", "-9"],
    "precedence": {
        "+0": "-0",
        "+1": "-1",
        "+2": "-2",
        "+3": "-3",
        "+4": "-4",
        "+5": "-5",
        "+6": "-6",
        "+7": "-7",
        "+8": "-8",
        "+9": "-9"
    },
    "edges": [
        [    0,    0,  601,   79,  417,  698,  889,  564,  243,  357,  100,  578,  229,  649,  328,   80,  768,  487,  586,  292],
        [    0,    0,  601,   79,  417,  698,  889,  564,  243,  357,  100,  578,  229,  649,  328,   80,  768,  487,  586,  292],
        [  601,  601,    0,  561,  190,  942,  457,  238,  427,  383,  693,  640,  689,  648,  404,  679,  555,  854,  108,  464],
        [   79,   79,  561,    0,  384,  637,  820,  499,  257,  369,  173,  501,  184,  571,  254,  148,  690,  438,  533,  320],
        [  417,  417,  190,  384,    0,  857,  583,  276,  242,  224,  506,  588,  531,  618,  289,  493,  596,  729,  212,  290],
        [  698,  698,  942,  637,  857,    0,  863,  727,  869,  966,  742,  319,  475,  356,  568,  718,  585,  236,  849,  943],
        [  889,  889,  457,  820,  583,  863,    0,  331,  809,  807,  988,  557,  857,  508,  571,  966,  283,  894,  377,  869],
        [  564,  564,  238,  499,  276,  727,  331,    0,  483,  496,  663,  414,  568,  414,  264,  642,  330,  675,  131,  548],
        [  243,  243,  427,  257,  242,  869,  809,  483,    0,  115,  306,  668,  440,  722,  351,  301,  768,  687,  450,   79],
        [  357,  357,  383,  369,  224,  966,  807,  496,  115,    0,  413,  744,  551,  790,  423,  411,  806,  794,  433,   92],
        [  100,  100,  693,  173,  506,  742,  988,  663,  306,  413,    0,  657,  268,  731,  425,   27,  861,  518,  683,  334],
        [  578,  578,  640,  501,  588,  319,  557,  414,  668,  744,  657,    0,  419,   80,  321,  631,  298,  350,  541,  747],
        [  229,  229,  689,  184,  531,  475,  857,  568,  440,  551,  268,  419,    0,  497,  305,  244,  670,  259,  637,  504],
        [  649,  649,  648,  571,  618,  356,  508,  414,  722,  790,  731,   80,  497,    0,  371,  704,  234,  422,  544,  800],
        [  328,  328,  404,  254,  289,  568,  571,  264,  351,  423,  425,  321,  305,  371,    0,  401,  444,  451,  338,  430],
        [   80,   80,  679,  148,  493,  718,  966,  642,  301,  411,   27,  631,  244,  704,  401,    0,  836,  496,  665,  336],
        [  768,  768,  555,  690,  596,  585,  283,  330,  768,  806,  861,  298,  670,  234,  444,  836,    0,  647,  448,  842],
        [  487,  487,  854,  438,  729,  236,  894,  675,  687,  794,  518,  350,  259,  422,  451,  496,  647,    0,  778,  756],
        [  586,  586,  108,  533,  212,  849,  377,  131,  450,  433,  683,  541,  637,  544,  338,  665,  448,  778,    0,  501],
        [  292,  292,  464,  320,  290,  943,  869,  548,   79,   92,  334,  747,  504,  800,  430,  336,  842,  756,  501,    0]
    ]
}
