{
    "name": "random-49-14744",
    "comment": "size=49 seed=14744",
    "nodes": ["+0", "-0", "+1", "-1", "+2", "-2", "+3", "-3", "+4", "-4", "+5", "-5", "+6", "-6", "+7", "-7", "+8", "-8", "+9", "-9", "+10", "-10", "+11", "-11", "+12", "-12", "+13", "-13", "+14", "-14", "+15", "-15", "+16", "-16", "+17", "-17", "+18", "-18", "+19", "-19", "+20", "-20", "+21", "-21", "+22", "-22", "+23", "-23", "+24", "-24", "+25", "-25", "+26", "-26", "+27", "-27", "+28", "-28", "+29", "-29", "+30", "-30", "+31", "-31", "+32", "-32", "+33", "-33", "+34", "-34", "+35", "-35", "+36", "-36", "+37", "-37", "+38", "-38", "+39", "-39", "+40", "-40", "+41", "-41", "+42", "-42", "+43", "-43", "+44", "-44", "+45", "-45", "+46", "-46", "+47", "-47", "+48", "-48", "+49", "-49"],
    "precedence": {
        "+0": "-0",
        "+1": "-1",
        "+2": "-2",
        "+3": "-3",
        "+4": "-4",
        "+5": "-5",
        "+6": "-6",
        "+7": "-7",
        "+8": "-8",
        "+9": "-9",
        "+10": "-10",
        "+11": "-11",
        "+12": "-12",
        "+13": "-13",
        "+14": "-14",
        "+15": "-15",
        "+16": "-16",
        "+17": "-17",
        "+18": "-18",
        "+19": "-19",
        "+20": "-20",
        "+21": "-21",
        "+22": "-22",
        "+23": "-23",
        "+24": "-24",
        "+25": "-25",
        "+26": "-26",
        "+27": "-27",
        "+28": "-28",
        "+29": "-29",
        "+30": "-30",
        "+31": "-31",
        "+32": "-32",
        "+33": "-33",
        "+34": "-34",
        "+35": "-35",
        "+36": "-36",
        "+37": "-37",
        "+38": "-38",
        "+39": "-39",
        "+40": "-40",
        "+41": "-41",
        "+42": "-42",
        "+43": "-43",
        "+44": "-44",
        "+45": "-45",
        "+46": "-46",
        "+47": "-47",
        "+48": "-48",
        "+49": "-49"
    },
    "edges": [
        [    0,    0,  352,  317,  668,  714,  316,  121,  494,  693,  296,  498,  148,  836,  394,  639,  430,  605,  452,  644,  388,  158,  381,  606,   88,  925,  783,  437,  101,  124,  610,  713,  420,  407,  338,  235,   90,  143,  562,  677,  681,  186,  451,  257,  363,  101,  375,  806,  397,  224,  412,  690,  508,  520,  389,  642,  574,  533,  573,  511,  550,  650,  466,  167,  788,  442,  161,  184,  617,  590,  363,  374,  400,  574,   82,  418,  247,   68,  224,  486,  216,  407,  219,   77,  139,  640,  740,  519,  301,  493,  473,  217,  427,  421,  387,  627,  213,  502,  403,  530],
        [    0,    0,    0,    0,    0,    0,    0,    0,    0,    0,    0,    0,    0,    0,    0,    0,    0,    0,    0,    0,    0,    0,    0,    0,    0,    0,    0,    0,    0,    0,    0,    0,    0,    0,    0,    0,    0,    0,    0,    0,    0,    0,    0,    0,    0,    0,    0,    0,    0,    0,    0,    0,    0,    0,    0,    0,    0,    0,    0,    0,    0,    0,    0,    0,    0,    0,    0,    0,    0,    0,    0,    0,    0,    0,    0,    0,    0,    0,    0,    0,    0,    0,    0,    0,    0,    0,    0,    0,    0,    0,    0,    0,    0,    0,    0,    0,    0,    0,    0,    0],
        [  352,    0,    0,  578,  985,  966,  112,  247,  779,  862,  589,  607,  486,  784,  745,  649,  460,  808,  348,  818,  738,  491,  607,  617,  342,  881, 1081,  103,  417,  473,  777,  872,  771,  756,  635,  185,  359,  347,  889,  898,  603,  534,  669,  164,  620,  315,  549,  793,  718,  457,  719,  791,  426,  576,  717,  939,  776,  792,  229,  506,  507,  821,  520,  381,  753,  713,  486,  358,  429,  884,  714,  645,   87,  223,  403,  698,  194,  420,  329,  613,  371,  749,  173,  401,  455,  606,  760,  668,  622,  768,  665,  139,  776,  142,  719,  635,  143,  170,  615,  662],
        [  317,    0,  578,    0,  421,  402,  590,  420,  203,  391,  502,  273,  207,  678,  345,  464,  321,  292,  454,  341,  314,  364,   78,  439,  403,  747,  504,  625,  373,  310,  314,  414,  352,  323,  526,  531,  246,  235,  343,  360,  575,  318,  141,  547,   46,  279,  140,  618,  187,  506,  162,  429,  462,  339,  500,  363,  264,  221,  752,  393,  452,  349,  312,  473,  621,  636,  380,  220,  627,  307,  373,   68,  652,  790,  362,  607,  546,  285,  540,  248,  528,  280,  405,  357,  185,  505,  536,  251,  138,  191,  179,  477,  341,  690,  488,  457,  474,  747,  108,  273],
        [  668,    0,  985,  421,    0,  266,  978,  788,  229,  488,  687,  593,  521,  968,  368,  775,  709,  396,  863,  465,  344,  618,  427,  763,  733, 1006,  145, 1041,  671,  589,  481,  516,  344,  329,  681,  902,  630,  639,  115,  353,  923,  551,  403,  923,  388,  672,  517,  884,  272,  770,  267,  631,  856,  678,  585,   99,  403,  270, 1171,  763,  823,  475,  678,  776,  911,  761,  635,  634, 1027,  139,  437,  356, 1052, 1203,  671,  734,  914,  608,  863,  564,  833,  292,  815,  668,  538,  842,  798,  521,  369,  253,  447,  869,  322, 1082,  568,  774,  865, 1151,  440,  551],
        [  714,    0,  966,  402,  266,    0,  989,  821,  232,  248,  831,  438,  583,  753,  547,  585,  588,  194,  756,  242,  514,  722,  360,  583,  796,  776,  206,  998,  753,  677,  274,  271,  532,  506,  838,  932,  647,  633,  321,  111,  745,  661,  299,  949,  356,  680,  425,  663,  368,  877,  329,  406,  726,  518,  766,  175,  219,  182, 1113,  617,  672,  250,  540,  858,  699,  936,  740,  612,  895,  179,  610,  341, 1045, 1166,  746,  907,  948,  671,  934,  413,  915,  454,  795,  742,  577,  663,  581,  357,  439,  225,  315,  876,  510, 1086,  749,  588,  873, 1135,  353,  381],
        [  316,    0,  112,  590,  978,  989,    0,  197,  787,  911,  509,  666,  462,  881,  704,  732,  532,  846,  442,  865,  702,  432,  632,  699,  280,  978, 1085,  210,  358,  426,  825,  924,  732,  721,  554,   96,  351,  357,  875,  931,  701,  485,  699,   71,  635,  313,  588,  884,  707,  370,  716,  857,  520,  647,  647,  943,  814,  811,  318,  587,  596,  869,  589,  299,  847,  623,  424,  380,  538,  889,  665,  656,   95,  282,  347,  611,   98,  383,  232,  667,  278,  723,  209,  347,  441,  696,  844,  718,  610,  780,  703,  114,  740,  105,  651,  718,  117,  193,  645,  717],
        [  121,    0,  247,  420,  788,  821,  197,    0,  607,  777,  349,  557,  268,  852,  508,  670,  457,  697,  433,  728,  505,  245,  475,  637,   97,  945,  900,  342,  170,  231,  692,  794,  535,  524,  395,  115,  175,  203,  682,  775,  684,  291,  544,  137,  466,  150,  451,  834,  516,  233,  529,  753,  501,  562,  471,  758,  666,  640,  475,  531,  559,  734,  504,  154,  808,  484,  239,  238,  580,  706,  471,  482,  284,  464,  156,  465,  129,  186,  155,  550,  174,  526,  162,  155,  253,  656,  778,  593,  420,  603,  559,  109,  544,  302,  472,  657,  105,  386,  493,  598],
        [  494,    0,  779,  203,  229,  232,  787,  607,    0,  339,  601,  373,  357,  765,  336,  562,  480,  227,  635,  299,  301,  491,  199,  546,  572,  815,  302,  827,  525,  448,  298,  368,  326,  297,  611,  721,  437,  434,  185,  240,  703,  430,  179,  740,  164,  475,  288,  688,  142,  646,   98,  449,  627,  456,  546,  161,  219,   79,  953,  537,  597,  310,  451,  631,  707,  711,  510,  422,  798,  105,  393,  136,  852,  992,  519,  682,  735,  446,  709,  343,  688,  242,  607,  515,  356,  624,  601,  308,  208,   29,  227,  674,  306,  888,  531,  559,  671,  948,  211,  338],
        [  693,    0,  862,  391,  488,  248,  911,  777,  339,    0,  889,  262,  597,  508,  667,  357,  422,  113,  587,   51,  632,  754,  317,  362,  781,  529,  453,  869,  760,  700,   86,   30,  661,  631,  908,  875,  609,  575,  504,  140,  519,  705,  250,  886,  353,  628,  328,  416,  467,  895,  419,  162,  539,  323,  865,  390,  132,  260,  967,  424,  470,   44,  364,  856,  455, 1017,  771,  541,  698,  363,  718,  360,  947, 1036,  749,  987,  893,  672,  915,  251,  908,  576,  703,  743,  571,  439,  336,  194,  494,  314,  220,  802,  642,  996,  850,  363,  800, 1025,  292,  203],
        [  296,    0,  589,  502,  687,  831,  509,  349,  601,  889,    0,  749,  303, 1119,  322,  913,  712,  783,  747,  840,  343,  151,  579,  882,  255, 1203,  827,  688,  196,  207,  816,  914,  349,  359,   47,  414,  371,  427,  573,  831,  972,  185,  641,  438,  537,  395,  611, 1079,  464,  143,  503,  926,  802,  788,  153,  703,  759,  667,  817,  795,  839,  849,  739,  210, 1067,  148,  141,  466,  911,  667,  255,  530,  603,  790,  215,  123,  412,  262,  286,  729,  240,  397,  500,  220,  343,  924, 1006,  747,  401,  613,  680,  454,  369,  599,  163,  902,  451,  698,  608,  766],
        [  498,    0,  607,  273,  593,  438,  666,  557,  373,  262,  749,    0,  446,  408,  616,  195,  161,  246,  328,  226,  585,  600,  207,  175,  584,  474,  618,  609,  584,  544,  184,  268,  622,  591,  778,  643,  408,  361,  556,  338,  331,  569,  195,  650,  264,  413,  140,  345,  438,  718,  398,  196,  290,   85,  768,  505,  219,  324,  706,  180,  236,  226,  105,  664,  350,  891,  614,  321,  458,  455,  645,  293,  693,  775,  568,  862,  661,  498,  707,   31,  710,  544,  458,  563,  406,  252,  264,   81,  410,  346,  147,  563,  609,  744,  756,  190,  561,  767,  180,   61],
        [  148,    0,  486,  207,  521,  583,  462,  268,  357,  597,  303,  446,    0,  828,  268,  617,  428,  497,  502,  547,  255,  159,  281,  587,  217,  908,  638,  561,  171,  104,  519,  620,  291,  273,  333,  382,  134,  176,  415,  559,  694,  124,  347,  404,  247,  179,  309,  781,  251,  301,  269,  624,  540,  491,  335,  498,  470,  404,  697,  511,  561,  555,  446,  276,  774,  445,  175,  201,  678,  448,  256,  250,  542,  709,  164,  416,  394,   90,  353,  427,  333,  264,  330,  159,   49,  638,  707,  445,  155,  358,  382,  357,  294,  567,  327,  607,  353,  643,  309,  463],
        [  836,    0,  784,  678,  968,  753,  881,  852,  765,  508, 1119,  408,  828,    0, 1022,  215,  408,  576,  439,  513,  991,  968,  615,  242,  910,   98,  956,  731,  934,  914,  490,  488, 1029,  999, 1154,  899,  751,  696,  950,  643,  181,  951,  595,  895,  672,  738,  540,   94,  845, 1059,  804,  347,  362,  341, 1160,  872,  565,  703,  760,  326,  294,  504,  382,  991,   59, 1265,  979,  655,  399,  831, 1048,  701,  864,  856,  917, 1238,  917,  858, 1006,  437, 1024,  952,  704,  911,  782,  197,  173,  459,  816,  737,  543,  810, 1016,  920, 1151,  223,  810,  897,  587,  429],
        [  394,    0,  745,  345,  368,  547,  704,  508,  336,  667,  322,  616,  268, 1022,    0,  808,  652,  554,  756,  623,   36,  285,  411,  783,  429, 1090,  511,  825,  354,  279,  612,  696,   30,   42,  313,  614,  402,  441,  257,  575,  915,  222,  448,  639,  354,  446,  484,  960,  200,  422,  249,  751,  782,  683,  222,  397,  539,  413,  962,  730,  787,  634,  653,  446,  965,  396,  299,  460,  933,  371,   69,  330,  792,  967,  360,  369,  622,  326,  537,  589,  499,   95,  597,  360,  311,  847,  876,  582,  207,  357,  499,  610,   48,  808,  205,  801,  606,  894,  440,  608],
        [  639,    0,  649,  464,  775,  585,  732,  670,  562,  357,  913,  195,  617,  215,  808,    0,  213,  395,  309,  345,  777,  762,  401,   34,  718,  291,  781,  620,  734,  707,  312,  346,  815,  785,  947,  733,  551,  497,  746,  476,  163,  741,  387,  734,  458,  543,  325,  167,  633,  863,  593,  207,  236,  127,  948,  682,  378,  506,  684,  145,  151,  339,  174,  799,  159, 1058,  774,  456,  361,  637,  833,  488,  734,  770,  717, 1031,  752,  654,  825,  224,  837,  738,  536,  711,  572,   84,  112,  255,  601,  534,  336,  646,  802,  790,  938,   15,  645,  788,  374,  225],
        [  430,    0,  460,  321,  709,  588,  532,  457,  480,  422,  712,  161,  428,  408,  652,  213,    0,  400,  170,  387,  625,  562,  285,  180,  506,  495,  755,  452,  527,  508,  344,  427,  665,  637,  749,  524,  344,  289,  652,  494,  267,  549,  310,  527,  335,  332,  194,  379,  507,  653,  477,  332,  147,  117,  763,  630,  371,  451,  546,   84,  136,  386,   61,  587,  358,  859,  572,  248,  318,  576,  665,  368,  547,  616,  509,  833,  543,  451,  612,  178,  625,  598,  329,  504,  380,  213,  321,  238,  449,  457,  276,  438,  656,  600,  755,  201,  437,  614,  270,  221],
        [  605,    0,  808,  292,  396,  194,  846,  697,  227,  113,  783,  246,  497,  576,  554,  395,  400,    0,  569,   74,  519,  652,  225,  390,  692,  611,  387,  828,  664,  600,   87,  142,  548,  518,  801,  801,  525,  497,  398,   95,  553,  600,  155,  814,  250,  549,  260,  490,  355,  798,  307,  236,  535,  325,  753,  298,   33,  149,  937,  424,  478,   84,  349,  764,  520,  908,  669,  468,  703,  263,  605,  254,  891,  997,  654,  878,  818,  577,  828,  223,  818,  463,  642,  649,  476,  471,  404,  165,  385,  201,  144,  734,  529,  937,  739,  397,  731,  975,  205,  188],
        [  452,    0,  348,  454,  863,  756,  442,  433,  635,  587,  747,  328,  502,  439,  756,  309,  170,  569,    0,  554,  734,  605,  437,  279,  508,  536,  918,  312,  552,  558,  511,  589,  773,  748,  789,  464,  385,  331,  796,  663,  261,  610,  472,  459,  479,  354,  348,  446,  639,  658,  616,  479,   79,  267,  827,  789,  540,  613,  386,  174,  161,  553,  224,  583,  406,  893,  610,  302,  178,  734,  756,  512,  431,  465,  533,  869,  481,  495,  582,  347,  607,  717,  275,  528,  454,  258,  418,  406,  566,  613,  443,  375,  769,  487,  822,  295,  375,  480,  427,  389],
        [  644,    0,  818,  341,  465,  242,  865,  728,  299,   51,  840,  226,  547,  513,  623,  345,  387,   74,  554,    0,  588,  704,  267,  346,  731,  543,  444,  830,  710,  650,   43,   75,  618,  588,  860,  827,  560,  526,  471,  132,  507,  656,  200,  839,  303,  579,  280,  425,  423,  845,  375,  168,  510,  295,  818,  367,   85,  222,  931,  396,  446,   11,  330,  806,  458,  968,  721,  493,  673,  334,  672,  312,  903,  997,  699,  939,  845,  622,  865,  211,  859,  533,  658,  693,  521,  425,  341,  153,  446,  273,  171,  756,  599,  951,  803,  350,  753,  983,  242,  166],
        [  388,    0,  738,  314,  344,  514,  702,  505,  301,  632,  343,  585,  255,  991,   36,  777,  625,  519,  734,  588,    0,  292,  379,  753,  430, 1057,  485,  815,  357,  279,  577,  661,   40,   20,  339,  614,  389,  424,  231,  541,  886,  226,  414,  638,  322,  434,  453,  928,  165,  435,  214,  717,  758,  653,  253,  367,  504,  378,  952,  703,  760,  599,  624,  454,  934,  426,  307,  441,  911,  339,   98,  296,  788,  960,  362,  398,  622,  321,  545,  557,  509,   61,  585,  361,  295,  818,  844,  548,  178,  322,  465,  604,   39,  807,  236,  770,  601,  890,  408,  575],
        [  158,    0,  491,  364,  618,  722,  432,  245,  491,  754,  151,  600,  159,  968,  285,  762,  562,  652,  605,  704,  292,    0,  439,  731,  153, 1052,  749,  583,   75,   57,  677,  778,  314,  311,  188,  339,  223,  279,  505,  709,  823,   68,  504,  364,  403,  251,  464,  928,  364,  156,  396,  781,  655,  638,  232,  615,  626,  549,  718,  645,  690,  712,  589,  163,  916,  298,   19,  317,  773,  571,  236,  401,  524,  707,   89,  271,  343,  112,  254,  582,  218,  330,  374,   91,  195,  774,  856,  603,  284,  499,  540,  352,  327,  534,  232,  751,  349,  625,  467,  620],
        [  381,    0,  607,   78,  427,  360,  632,  475,  199,  317,  579,  207,  281,  615,  411,  401,  285,  225,  437,  267,  379,  439,    0,  379,  468,  679,  490,  643,  444,  385,  238,  340,  416,  385,  603,  581,  301,  278,  367,  302,  524,  395,   71,  595,   58,  328,   92,  549,  233,  579,  196,  353,  432,  281,  576,  355,  195,  188,  764,  349,  409,  275,  264,  541,  557,  714,  456,  253,  601,  300,  444,   88,  686,  811,  432,  684,  597,  355,  604,  179,  594,  338,  436,  427,  254,  450,  466,  175,  208,  178,  102,  519,  402,  728,  563,  395,  516,  777,   31,  199],
        [  606,    0,  617,  439,  763,  583,  699,  637,  546,  362,  882,  175,  587,  242,  783,   34,  180,  390,  279,  346,  753,  731,  379,    0,  685,  322,  775,  590,  701,  676,  310,  354,  791,  761,  916,  700,  519,  464,  730,  475,  164,  711,  369,  701,  436,  510,  300,  200,  612,  830,  573,  220,  209,  100,  919,  672,  371,  493,  658,  113,  125,  340,  143,  766,  187, 1027,  742,  423,  344,  625,  807,  466,  703,  742,  684, 1000,  718,  622,  791,  205,  804,  715,  503,  678,  542,   81,  145,  242,  576,  519,  320,  612,  779,  758,  909,   21,  611,  758,  353,  213],
        [   88,    0,  342,  403,  733,  796,  280,   97,  572,  781,  255,  584,  217,  910,  429,  718,  506,  692,  508,  731,  430,  153,  468,  685,    0, 1000,  854,  438,   78,  151,  698,  801,  457,  449,  300,  187,  176,  224,  624,  762,  749,  207,  538,  212,  448,  175,  462,  884,  465,  151,  486,  776,  570,  602,  375,  714,  662,  615,  570,  585,  620,  738,  546,   82,  863,  393,  145,  265,  664,  665,  386,  457,  372,  555,   69,  373,  194,  127,  139,  572,  128,  458,  248,   69,  220,  713,  821,  607,  372,  572,  561,  204,  467,  382,  377,  705,  201,  473,  490,  617],
        [  925,    0,  881,  747, 1006,  776,  978,  945,  815,  529, 1203,  474,  908,   98, 1090,  291,  495,  611,  536,  543, 1057, 1052,  679,  322, 1000,    0,  981,  828, 1021,  997,  526,  506, 1094, 1064, 1237,  995,  838,  783,  999,  668,  279, 1031,  652,  992,  736,  827,  611,  130,  906, 1148,  862,  376,  459,  417, 1237,  909,  605,  748,  854,  416,  388,  533,  464, 1081,  138, 1348, 1063,  742,  493,  872, 1119,  763,  961,  952, 1004, 1321, 1013,  943, 1099,  501, 1116, 1014,  799,  998,  863,  289,  216,  514,  884,  787,  599,  906, 1080, 1018, 1227,  301,  905,  994,  650,  485],
        [  783,    0, 1081,  504,  145,  206, 1085,  900,  302,  453,  827,  618,  638,  956,  511,  781,  755,  387,  918,  444,  485,  749,  490,  775,  854,  981,    0, 1127,  797,  716,  471,  476,  487,  470,  823, 1015,  734,  735,  255,  315,  938,  682,  447, 1035,  464,  774,  572,  867,  390,  903,  372,  610,  899,  702,  729,  143,  405,  306, 1252,  796,  854,  453,  714,  903,  902,  905,  767,  724, 1070,  198,  579,  437, 1153, 1293,  795,  878, 1028,  728,  988,  591,  960,  430,  908,  791,  648,  856,  784,  539,  484,  316,  480,  973,  465, 1187,  712,  783,  970, 1249,  494,  567],
        [  437,    0,  103,  625, 1041,  998,  210,  342,  827,  869,  688,  609,  561,  731,  825,  620,  452,  828,  312,  830,  815,  583,  643,  590,  438,  828, 1127,    0,  510,  560,  787,  877,  850,  833,  734,  287,  429,  405,  950,  921,  550,  622,  699,  267,  664,  383,  574,  751,  779,  558,  775,  781,  387,  565,  812,  987,  796,  830,  137,  482,  471,  831,  513,  481,  706,  814,  580,  407,  353,  931,  799,  692,  146,  169,  495,  799,  297,  503,  432,  620,  473,  822,  232,  493,  525,  566,  728,  678,  687,  812,  688,  235,  854,  200,  813,  606,  238,  170,  646,  667],
        [  101,    0,  417,  373,  671,  753,  358,  170,  525,  760,  196,  584,  171,  934,  354,  734,  527,  664,  552,  710,  357,   75,  444,  701,   78, 1021,  797,  510,    0,   82,  680,  783,  382,  376,  240,  264,  183,  239,  559,  729,  781,  132,  512,  289,  415,  201,  454,  900,  408,  136,  433,  772,  608,  613,  303,  659,  636,  575,  644,  609,  649,  718,  560,  107,  884,  342,   70,  279,  715,  612,  309,  420,  450,  632,   19,  318,  270,   89,  193,  569,  165,  389,  308,   24,  190,  738,  833,  597,  318,  528,  542,  278,  394,  459,  303,  722,  275,  550,  470,  610],
        [  124,    0,  473,  310,  589,  677,  426,  231,  448,  700,  207,  544,  104,  914,  279,  707,  508,  600,  558,  650,  279,   57,  385,  676,  151,  997,  716,  560,   82,    0,  623,  724,  307,  298,  241,  336,  174,  229,  478,  659,  770,   62,  451,  360,  350,  207,  408,  873,  327,  201,  355,  725,  606,  582,  270,  579,  573,  502,  696,  592,  637,  658,  534,  188,  862,  352,   72,  265,  729,  532,  241,  350,  515,  693,   84,  325,  344,   64,  274,  525,  245,  308,  342,   83,  138,  720,  800,  547,  240,  453,  485,  335,  317,  530,  267,  696,  332,  616,  412,  564],
        [  610,    0,  777,  314,  481,  274,  825,  692,  298,   86,  816,  184,  519,  490,  612,  312,  344,   87,  511,   43,  577,  677,  238,  310,  698,  526,  471,  787,  680,  623,    0,  104,  609,  579,  837,  789,  525,  490,  477,  166,  472,  631,  175,  800,  280,  543,  242,  404,  414,  815,  366,  153,  469,  254,  800,  384,   81,  225,  888,  355,  406,   45,  288,  774,  434,  947,  693,  455,  633,  346,  658,  292,  862,  954,  668,  918,  807,  591,  831,  168,  826,  525,  618,  662,  491,  390,  318,  110,  428,  271,  139,  716,  591,  910,  786,  315,  714,  941,  211,  123],
        [  713,    0,  872,  414,  516,  271,  924,  794,  368,   30,  914,  268,  620,  488,  696,  346,  427,  142,  589,   75,  661,  778,  340,  354,  801,  506,  476,  877,  783,  724,  104,    0,  690,  660,  934,  891,  628,  593,  533,  165,  508,  730,  274,  901,  377,  646,  345,  396,  496,  918,  448,  145,  538,  323,  892,  418,  159,  289,  971,  423,  466,   66,  367,  877,  437, 1043,  794,  558,  693,  391,  746,  386,  958, 1042,  770, 1013,  909,  694,  934,  260,  929,  605,  716,  765,  593,  429,  318,  206,  521,  343,  241,  817,  671, 1007,  877,  353,  814, 1034,  314,  211],
        [  420,    0,  771,  352,  344,  532,  732,  535,  326,  661,  349,  622,  291, 1029,   30,  815,  665,  548,  773,  618,   40,  314,  416,  791,  457, 1094,  487,  850,  382,  307,  609,  690,    0,   31,  339,  642,  425,  462,  234,  564,  925,  251,  448,  667,  358,  470,  492,  964,  196,  451,  244,  751,  797,  691,  243,  377,  534,  404,  986,  742,  799,  629,  663,  475,  971,  419,  328,  479,  950,  354,   95,  332,  819,  993,  389,  392,  650,  352,  567,  594,  529,   85,  620,  388,  332,  857,  880,  584,  217,  349,  500,  636,   23,  836,  226,  808,  632,  921,  444,  611],
        [  407,    0,  756,  323,  329,  506,  721,  524,  297,  631,  359,  591,  273,  999,   42,  785,  637,  518,  748,  588,   20,  311,  385,  761,  449, 1064,  470,  833,  376,  298,  579,  660,   31,    0,  353,  633,  406,  441,  216,  536,  896,  245,  417,  657,  328,  451,  462,  934,  165,  454,  213,  720,  770,  661,  263,  356,  504,  375,  969,  713,  771,  598,  633,  473,  941,  438,  326,  456,  925,  330,  110,  301,  807,  979,  381,  410,  641,  339,  564,  564,  527,   56,  602,  380,  312,  827,  850,  553,  188,  319,  469,  623,   22,  826,  246,  778,  619,  909,  414,  580],
        [  338,    0,  635,  526,  681,  838,  554,  395,  611,  908,   47,  778,  333, 1154,  313,  947,  749,  801,  789,  860,  339,  188,  603,  916,  300, 1237,  823,  734,  240,  241,  837,  934,  339,  353,    0,  459,  410,  466,  569,  844, 1010,  210,  662,  484,  558,  436,  640, 1112,  471,  187,  513,  952,  842,  821,  120,  704,  778,  679,  863,  832,  877,  869,  774,  256, 1102,  113,  180,  504,  954,  670,  245,  549,  649,  835,  258,   85,  457,  300,  330,  758,  283,  396,  545,  263,  375,  961, 1038,  773,  416,  625,  704,  500,  360,  644,  133,  936,  497,  743,  632,  793],
        [  235,    0,  185,  531,  902,  932,   96,  115,  721,  875,  414,  643,  382,  899,  614,  733,  524,  801,  464,  827,  614,  339,  581,  700,  187,  995, 1015,  287,  264,  336,  789,  891,  642,  633,  459,    0,  286,  304,  796,  882,  724,  394,  650,   26,  577,  254,  548,  892,  631,  277,  644,  837,  539,  636,  551,  873,  769,  751,  407,  590,  608,  832,  577,  204,  860,  531,  329,  335,  585,  820,  572,  594,  191,  377,  255,  518,   19,  298,  145,  640,  187,  638,  198,  255,  368,  708,  844,  686,  534,  716,  661,   90,  652,  196,  555,  720,   90,  288,  597,  689],
        [   90,    0,  359,  246,  630,  647,  351,  175,  437,  609,  371,  408,  134,  751,  402,  551,  344,  525,  385,  560,  389,  223,  301,  519,  176,  838,  734,  429,  183,  174,  525,  628,  425,  406,  410,  286,    0,   57,  530,  601,  601,  227,  371,  303,  292,   46,  287,  718,  360,  313,  365,  600,  433,  431,  443,  592,  494,  466,  564,  426,  468,  566,  378,  256,  701,  518,  231,   97,  557,  538,  386,  308,  423,  581,  166,  493,  301,  111,  307,  396,  304,  394,  197,  160,   97,  556,  651,  431,  264,  431,  390,  240,  427,  454,  438,  539,  236,  522,  321,  441],
        [  143,    0,  347,  235,  639,  633,  357,  203,  434,  575,  427,  361,  176,  696,  441,  497,  289,  497,  331,  526,  424,  279,  278,  464,  224,  783,  735,  405,  239,  229,  490,  593,  462,  441,  466,  304,   57,    0,  546,  579,  545,  279,  346,  318,  279,   54,  249,  664,  375,  366,  373,  555,  378,  379,  496,  593,  466,  454,  539,  370,  412,  532,  324,  306,  646,  575,  287,   42,  505,  538,  431,  301,  418,  565,  221,  549,  321,  167,  347,  352,  349,  422,  176,  216,  130,  500,  599,  391,  282,  425,  358,  243,  462,  456,  491,  485,  240,  515,  294,  398],
        [  562,    0,  889,  343,  115,  321,  875,  682,  185,  504,  573,  556,  415,  950,  257,  746,  652,  398,  796,  471,  231,  505,  367,  730,  624,  999,  255,  950,  559,  478,  477,  533,  234,  216,  569,  796,  530,  546,    0,  381,  885,  437,  361,  818,  319,  574,  459,  872,  172,  656,  181,  629,  798,  638,  476,  151,  397,  253, 1082,  714,  774,  482,  629,  663,  892,  652,  522,  545,  966,  147,  325,  285,  952, 1109,  560,  624,  808,  500,  751,  526,  720,  178,  721,  557,  436,  807,  785,  493,  267,  213,  411,  767,  212,  980,  459,  744,  764, 1052,  386,  523],
        [  677,    0,  898,  360,  353,  111,  931,  775,  240,  140,  831,  338,  559,  643,  575,  476,  494,   95,  663,  132,  541,  709,  302,  475,  762,  668,  315,  921,  729,  659,  166,  165,  564,  536,  844,  882,  601,  579,  381,    0,  637,  652,  233,  896,  315,  629,  349,  553,  380,  859,  334,  296,  628,  416,  785,  255,  125,  166, 1030,  516,  569,  140,  443,  831,  589,  948,  726,  552,  795,  236,  633,  310,  979, 1089,  720,  919,  899,  643,  900,  317,  887,  481,  730,  715,  543,  555,  471,  258,  431,  222,  234,  819,  544, 1024,  770,  480,  816, 1066,  287,  280],
        [  681,    0,  603,  575,  923,  745,  701,  684,  703,  519,  972,  331,  694,  181,  915,  163,  267,  553,  261,  507,  886,  823,  524,  164,  749,  279,  938,  550,  781,  770,  472,  508,  925,  896, 1010,  724,  601,  545,  885,  637,    0,  814,  525,  719,  580,  581,  438,  212,  756,  899,  720,  366,  185,  248, 1028,  833,  534,  654,  586,  185,  134,  501,  264,  828,  160, 1119,  832,  506,  231,  785,  931,  612,  683,  681,  763, 1093,  741,  711,  836,  361,  857,  854,  531,  757,  646,   83,  224,  403,  709,  676,  477,  635,  916,  739, 1020,  158,  635,  718,  501,  374],
        [  186,    0,  534,  318,  551,  661,  485,  291,  430,  705,  185,  569,  124,  951,  222,  741,  549,  600,  610,  656,  226,   68,  395,  711,  207, 1031,  682,  622,  132,   62,  631,  730,  251,  245,  210,  394,  227,  279,  437,  652,  814,    0,  457,  418,  353,  264,  431,  905,  299,  222,  333,  743,  655,  615,  217,  549,  575,  490,  758,  632,  681,  665,  569,  229,  897,  322,   85,  312,  783,  506,  181,  347,  575,  754,  139,  293,  400,  123,  319,  549,  285,  263,  402,  139,  170,  760,  830,  564,  223,  438,  496,  396,  263,  588,  212,  731,  393,  676,  424,  583],
        [  451,    0,  669,  141,  403,  299,  699,  544,  179,  250,  641,  195,  347,  595,  448,  387,  310,  155,  472,  200,  414,  504,   71,  369,  538,  652,  447,  699,  512,  451,  175,  274,  448,  417,  662,  650,  371,  346,  361,  233,  525,  457,    0,  664,  105,  397,  128,  522,  256,  647,  211,  304,  456,  278,  627,  321,  125,  142,  816,  360,  420,  209,  275,  610,  537,  772,  521,  319,  627,  268,  488,  120,  749,  868,  501,  743,  666,  424,  674,  165,  664,  366,  499,  496,  323,  446,  436,  138,  255,  152,   53,  586,  433,  793,  614,  383,  583,  838,   55,  167],
        [  257,    0,  164,  547,  923,  949,   71,  137,  740,  886,  438,  650,  404,  895,  639,  734,  527,  814,  459,  839,  638,  364,  595,  701,  212,  992, 1035,  267,  289,  360,  800,  901,  667,  657,  484,   26,  303,  318,  818,  896,  719,  418,  664,    0,  593,  269,  559,  891,  652,  301,  664,  844,  535,  640,  576,  892,  782,  768,  384,  590,  605,  843,  581,  228,  858,  555,  355,  347,  573,  839,  597,  611,  166,  352,  280,  542,   30,  321,  166,  648,  210,  661,  198,  280,  388,  706,  845,  696,  555,  734,  673,   89,  676,  171,  581,  720,   91,  263,  611,  697],
        [  363,    0,  620,   46,  388,  356,  635,  466,  164,  353,  537,  264,  247,  672,  354,  458,  335,  250,  479,  303,  322,  403,   58,  436,  448,  736,  464,  664,  415,  350,  280,  377,  358,  328,  558,  577,  292,  279,  319,  315,  580,  353,  105,  593,    0,  325,  144,  606,  177,  548,  143,  404,  480,  338,  525,  325,  224,  176,  789,  402,  462,  312,  318,  517,  614,  668,  420,  262,  647,  268,  389,   34,  695,  830,  406,  638,  592,  329,  585,  236,  572,  280,  447,  401,  229,  506,  523,  229,  153,  149,  149,  522,  345,  734,  512,  453,  519,  789,   87,  255],
        [  101,    0,  315,  279,  672,  680,  313,  150,  475,  628,  395,  413,  179,  738,  446,  543,  332,  549,  354,  579,  434,  251,  328,  510,  175,  827,  774,  383,  201,  207,  543,  646,  470,  451,  436,  254,   46,   54,  574,  629,  581,  264,  397,  269,  325,    0,  302,  709,  403,  322,  407,  608,  408,  427,  477,  632,  517,  500,  519,  412,  450,  585,  371,  257,  689,  541,  257,   92,  523,  577,  428,  344,  380,  536,  183,  517,  270,  143,  294,  404,  298,  439,  152,  177,  142,  541,  646,  444,  308,  468,  410,  200,  472,  414,  473,  531,  196,  479,  345,  451],
        [  375,    0,  549,  140,  517,  425,  588,  451,  288,  328,  611,  140,  309,  540,  484,  325,  194,  260,  348,  280,  453,  464,   92,  300,  462,  611,  572,  574,  454,  408,  242,  345,  492,  462,  640,  548,  287,  249,  459,  349,  438,  431,  128,  559,  144,  302,    0,  483,  319,  589,  286,  319,  340,  200,  628,  442,  228,  267,  689,  259,  319,  285,  175,  541,  483,  752,  479,  214,  510,  387,  509,  177,  631,  742,  439,  724,  566,  366,  592,  119,  590,  418,  383,  434,  270,  366,  403,  145,  277,  266,  117,  477,  481,  677,  617,  318,  474,  717,   79,  157],
        [  806,    0,  793,  618,  884,  663,  884,  834,  688,  416, 1079,  345,  781,   94,  960,  167,  379,  490,  446,  425,  928,  928,  549,  200,  884,  130,  867,  751,  900,  873,  404,  396,  964,  934, 1112,  892,  718,  664,  872,  553,  212,  905,  522,  891,  606,  709,  483,    0,  776, 1029,  733,  258,  368,  291, 1109,  787,  482,  622,  796,  304,  288,  416,  341,  965,   58, 1224,  940,  622,  442,  749,  990,  633,  876,  889,  883, 1196,  910,  820,  989,  371, 1002,  885,  695,  878,  737,  188,   87,  385,  755,  660,  470,  803,  950,  933, 1099,  179,  803,  920,  520,  356],
        [  397,    0,  718,  187,  272,  368,  707,  516,  142,  467,  464,  438,  251,  845,  200,  633,  507,  355,  639,  423,  165,  364,  233,  612,  465,  906,  390,  779,  408,  327,  414,  496,  196,  165,  471,  631,  360,  375,  172,  380,  756,  299,  256,  652,  177,  403,  319,  776,    0,  520,   49,  556,  649,  514,  406,  252,  340,  216,  912,  577,  636,  434,  493,  514,  787,  571,  382,  376,  812,  207,  253,  146,  782,  938,  405,  541,  643,  339,  598,  409,  572,  112,  550,  402,  267,  682,  691,  393,   98,  159,  308,  598,  179,  811,  390,  628,  594,  882,  260,  421],
        [  224,    0,  457,  506,  770,  877,  370,  233,  646,  895,  143,  718,  301, 1059,  422,  863,  653,  798,  658,  845,  435,  156,  579,  830,  151, 1148,  903,  558,  136,  201,  815,  918,  451,  454,  187,  277,  313,  366,  656,  859,  899,  222,  647,  301,  548,  322,  589, 1029,  520,    0,  551,  907,  721,  744,  293,  770,  770,  702,  683,  733,  769,  853,  690,   79, 1010,  257,  138,  408,  811,  727,  363,  550,  464,  651,  151,  242,  273,  225,  144,  704,   97,  480,  393,  156,  325,  862,  964,  733,  438,  652,  677,  328,  468,  457,  301,  851,  326,  557,  605,  746],
        [  412,    0,  719,  162,  267,  329,  716,  529,   98,  419,  503,  398,  269,  804,  249,  593,  477,  307,  616,  375,  214,  396,  196,  573,  486,  862,  372,  775,  433,  355,  366,  448,  244,  213,  513,  644,  365,  373,  181,  334,  720,  333,  211,  664,  143,  407,  286,  733,   49,  551,    0,  509,  621,  476,  452,  230,  291,  169,  905,  544,  604,  386,  459,  540,  746,  615,  414,  368,  787,  180,  301,  110,  787,  936,  429,  585,  657,  359,  621,  369,  597,  159,  548,  425,  276,  645,  647,  349,  115,  113,  264,  604,  226,  819,  437,  588,  601,  885,  220,  377],
        [  690,    0,  791,  429,  631,  406,  857,  753,  449,  162,  926,  196,  624,  347,  751,  207,  332,  236,  479,  168,  717,  781,  353,  220,  776,  376,  610,  781,  772,  725,  153,  145,  751,  720,  952,  837,  600,  555,  629,  296,  366,  743,  304,  844,  404,  608,  319,  258,  556,  907,  509,    0,  418,  217,  927,  533,  233,  377,  864,  306,  340,  159,  272,  856,  294, 1064,  796,  516,  563,  498,  792,  424,  878,  942,  757, 1035,  856,  684,  901,  205,  903,  667,  650,  751,  588,  290,  175,  179,  556,  421,  255,  756,  734,  930,  915,  215,  754,  945,  322,  162],
        [  508,    0,  426,  462,  856,  726,  520,  501,  627,  539,  802,  290,  540,  362,  782,  236,  147,  535,   79,  510,  758,  655,  432,  209,  570,  459,  899,  387,  608,  606,  469,  538,  797,  770,  842,  539,  433,  378,  798,  628,  185,  655,  456,  535,  480,  408,  340,  368,  649,  721,  621,  418,    0,  216,  871,  776,  508,  596,  450,  116,   86,  508,  187,  648,  328,  948,  663,  343,  172,  723,  789,  513,  509,  535,  589,  924,  557,  544,  652,  313,  675,  735,  346,  584,  491,  181,  343,  371,  585,  604,  420,  450,  791,  566,  865,  222,  450,  556,  417,  349],
        [  520,    0,  576,  339,  678,  518,  647,  562,  456,  323,  788,   85,  491,  341,  683,  127,  117,  325,  267,  295,  653,  638,  281,  100,  602,  417,  702,  565,  613,  582,  254,  323,  691,  661,  821,  636,  431,  379,  638,  416,  248,  615,  278,  640,  338,  427,  200,  291,  514,  744,  476,  217,  216,    0,  821,  590,  300,  409,  651,  102,  154,  293,   59,  683,  285,  933,  650,  337,  380,  540,  707,  369,  663,  727,  596,  906,  654,  531,  716,  114,  724,  616,  443,  590,  447,  170,  221,  163,  476,  429,  231,  551,  680,  716,  811,  119,  550,  729,  256,  137],
        [  389,    0,  717,  500,  585,  766,  647,  471,  546,  865,  153,  768,  335, 1160,  222,  948,  763,  753,  827,  818,  253,  232,  576,  919,  375, 1237,  729,  812,  303,  270,  800,  892,  243,  263,  120,  551,  443,  496,  476,  785, 1028,  217,  627,  576,  525,  477,  628, 1109,  406,  293,  452,  927,  871,  821,    0,  618,  734,  620,  945,  846,  896,  827,  779,  351, 1105,  177,  234,  529,  999,  591,  156,  509,  741,  927,  319,  151,  552,  334,  434,  744,  388,  313,  606,  322,  383,  972, 1031,  750,  373,  564,  673,  579,  265,  742,   18,  939,  576,  838,  606,  773],
        [  642,    0,  939,  363,   99,  175,  943,  758,  161,  390,  703,  505,  498,  872,  397,  682,  630,  298,  789,  367,  367,  615,  355,  672,  714,  909,  143,  987,  659,  579,  384,  418,  377,  356,  704,  873,  592,  593,  151,  255,  833,  549,  321,  892,  325,  632,  442,  787,  252,  770,  230,  533,  776,  590,  618,    0,  308,  182, 1113,  679,  738,  377,  594,  765,  815,  793,  633,  582,  948,   57,  464,  296, 1010, 1153,  656,  765,  886,  588,  849,  476,  823,  309,  767,  652,  506,  752,  702,  430,  343,  178,  360,  830,  355, 1045,  602,  682,  827, 1107,  363,  460],
        [  574,    0,  776,  264,  403,  219,  814,  666,  219,  132,  759,  219,  470,  565,  539,  378,  371,   33,  540,   85,  504,  626,  195,  371,  662,  605,  405,  796,  636,  573,   81,  159,  534,  504,  778,  769,  494,  466,  397,  125,  534,  575,  125,  782,  224,  517,  228,  482,  340,  770,  291,  233,  508,  300,  734,  308,    0,  145,  906,  398,  454,   95,  321,  734,  508,  886,  643,  436,  677,  267,  588,  230,  858,  965,  625,  856,  786,  548,  798,  195,  788,  450,  610,  620,  447,  452,  395,  138,  363,  192,  111,  702,  516,  904,  719,  379,  699,  943,  173,  163],
        [  533,    0,  792,  221,  270,  182,  811,  640,   79,  260,  667,  324,  404,  703,  413,  506,  451,  149,  613,  222,  378,  549,  188,  493,  615,  748,  306,  830,  575,  502,  225,  289,  404,  375,  679,  751,  466,  454,  253,  166,  654,  490,  142,  768,  176,  500,  267,  622,  216,  702,  169,  377,  596,  409,  620,  182,  145,    0,  951,  498,  557,  233,  413,  679,  645,  783,  567,  435,  768,  132,  468,  159,  869,  998,  567,  753,  767,  492,  753,  295,  736,  320,  620,  563,  396,  573,  535,  252,  268,   57,  179,  697,  384,  909,  605,  505,  694,  962,  189,  282],
        [  573,    0,  229,  752, 1171, 1113,  318,  475,  953,  967,  817,  706,  697,  760,  962,  684,  546,  937,  386,  931,  952,  718,  764,  658,  570,  854, 1252,  137,  644,  696,  888,  971,  986,  969,  863,  407,  564,  539, 1082, 1030,  586,  758,  816,  384,  789,  519,  689,  796,  912,  683,  905,  864,  450,  651,  945, 1113,  906,  951,    0,  559,  534,  931,  604,  608,  745,  938,  713,  538,  362, 1057,  935,  818,  231,  102,  630,  924,  413,  640,  550,  721,  594,  957,  368,  627,  661,  619,  787,  780,  820,  937,  800,  367,  990,  266,  947,  671,  370,  183,  764,  766],
        [  511,    0,  506,  393,  763,  617,  587,  531,  537,  424,  795,  180,  511,  326,  730,  145,   84,  424,  174,  396,  703,  645,  349,  113,  585,  416,  796,  482,  609,  592,  355,  423,  742,  713,  832,  590,  426,  370,  714,  516,  185,  632,  360,  590,  402,  412,  259,  304,  577,  733,  544,  306,  116,  102,  846,  679,  398,  498,  559,    0,   61,  394,   86,  666,  279,  942,  655,  330,  279,  627,  746,  435,  592,  639,  591,  916,  608,  534,  686,  206,  701,  672,  393,  585,  463,  130,  257,  261,  526,  511,  319,  502,  733,  647,  837,  131,  501,  649,  329,  237],
        [  550,    0,  507,  452,  823,  672,  596,  559,  597,  470,  839,  236,  561,  294,  787,  151,  136,  478,  161,  446,  760,  690,  409,  125,  620,  388,  854,  471,  649,  637,  406,  466,  799,  771,  877,  608,  468,  412,  774,  569,  134,  681,  420,  605,  462,  450,  319,  288,  636,  769,  604,  340,   86,  154,  896,  738,  454,  557,  534,   61,    0,  442,  146,  700,  253,  986,  699,  373,  229,  687,  800,  495,  590,  620,  631,  960,  626,  578,  713,  264,  731,  731,  412,  625,  513,  101,  258,  316,  583,  571,  378,  519,  790,  647,  888,  138,  518,  640,  389,  291],
        [  650,    0,  821,  349,  475,  250,  869,  734,  310,   44,  849,  226,  555,  504,  634,  339,  386,   84,  553,   11,  599,  712,  275,  340,  738,  533,  453,  831,  718,  658,   45,   66,  629,  598,  869,  832,  566,  532,  482,  140,  501,  665,  209,  843,  312,  585,  285,  416,  434,  853,  386,  159,  508,  293,  827,  377,   95,  233,  931,  394,  442,    0,  329,  813,  450,  978,  729,  498,  670,  345,  682,  321,  906,  998,  706,  948,  850,  629,  872,  212,  866,  544,  662,  701,  528,  420,  332,  154,  456,  284,  178,  760,  610,  954,  813,  344,  757,  985,  249,  166],
