{
    "name": "random-39-1263",
    "comment": "size=39 seed=1263",
    "nodes": ["+0", "-0", "+1", "-1", "+2", "-2", "+3", "-3", "+4", "-4", "+5", "-5", "+6", "-6", "+7", "-7", "+8", "-8", "+9", "-9", "+10", "-10", "+11", "-11", "+12", "-12", "+13", "-13", "+14", "-14", "+15", "-15", "+16", "-16", "+17", "-17", "+18", "-18", "+19", "-19", "+20", "-20", "+21", "-21", "+22", "-22", "+23", "-23", "+24", "-24", "+25", "-25", "+26", "-26", "+27", "-27", "+28", "-28", "+29", "-29", "+30", "-30", "+31", "-31", "+32", "-32", "+33", "-33", "+34", "-34", "+35", "-35", "+36", "-36", "+37", "-37", "+38", "-38", "+39", "-39"],
    "precedence": {
        "+0": "-0",
        "+1": "-1",
        "+2": "-2",
        "+3": "-3",
        "+4": "-4",
        "+5": "-5",
        "+6": "-6",
        "+7": "-7",
        "+8": "-8",
        "+9": "-9",
        "+10": "-10",
        "+11": "-11",
        "+12": "-12",
        "+13": "-13",
        "+14": "-14",
        "+15": "-15",
        "+16": "-16",
        "+17": "-17",
        "+18": "-18",
        "+19": "-19",
        "+20": "-20",
        "+21": "-21",
        "+22": "-22",
        "+23": "-23",
        "+24": "-24",
        "+25": "-25",
        "+26": "-26",
        "+27": "-27",
        "+28": "-28",
        "+29": "-29",
        "+30": "-30",
        "+31": "-31",
        "+32": "-32",
        "+33": "-33",
        "+34": "-34",
        "+35": "-35",
        "+36": "-36",
        "+37": "-37",
        "+38": "-38",
        "+39": "-39"
    },
    "edges": [
        [    0,    0, 1045,  746,   84,  939,  474,  362, 1112,  746,  633,  506,   59,  787,  813,  751,  261,  903,  357,  857,  430,   56,  481,  163,  376,  727,  692,  363,  428,  457,  239,  330,  313,  561,  292,  260,  698,  949,  703,  235,  426,  500, 1039,  602,  383,  523,  627,  788,  762,  760,  174,  627,  280,  806,  789,  692,  217,  599,  460,  767,  665,  640,  840,  505,  507,  450,  573,  600,  878,  564,  205,  665,  849,  322,  132,  914,  779,  945,  250,  122],
        [    0,    0, 1045,  746,   84,  939,  474,  362, 1112,  746,  633,  506,   59,  787,  813,  751,  261,  903,  357,  857,  430,   56,  481,  163,  376,  727,  692,  363,  428,  457,  239,  330,  313,  561,  292,  260,  698,  949,  703,  235,  426,  500, 1039,  602,  383,  523,  627,  788,  762,  760,  174,  627,  280,  806,  789,  692,  217,  599,  460,  767,  665,  640,  840,  505,  507,  450,  573,  600,  878,  564,  205,  665,  849,  322,  132,  914,  779,  945,  250,  122],
        [ 1045, 1045,    0,  538, 1097,  235,  748,  774,  196,  358,  474,  901,  989,  651,  472,  712,  967,  379,  720,  317,  617, 1029,  910,  886,  670,  881,  731,  988,  650,  670, 1235,  792,  770,  486,  814,  828,  632,  156,  768, 1204,  823,  547,   69,  444,  881,  682,  663,  700,  452,  605, 1057,  777,  989,  671,  273,  631, 1122,  452,  661,  740,  383,  578,  288,  630,  848,  833,  607,  459,  283,  837,  951,  967,  727,  760, 1040,  313,  703,  149,  972, 1119],
        [  746,  746,  538,    0,  761,  622,  295,  668,  479,  215,  190,  400,  690,  129,   83,  882,  557,  199,  398,  222,  443,  706,  417,  628,  447,  344,  861,  532,  549,  291,  980,  417,  436,  358,  455,  486,  779,  563,  231,  966,  772,  421,  487,  385,  801,  695,  757,  894,   88,  798,  842,  250,  567,  882,  466,   99,  910,  417,  610,  208,  339,  682,  570,  244,  847,  797,  655,  287,  606,  872,  762,  434,  950,  427,  678,  666,  892,  551,  567,  857],
        [   84,   84, 1097,  761,    0, 1003,  476,  441, 1152,  784,  667,  480,  118,  789,  833,  833,  233,  929,  390,  891,  487,   69,  454,  230,  429,  703,  775,  324,  498,  479,  259,  346,  342,  612,  310,  284,  777, 1009,  693,  268,  509,  558, 1087,  657,  466,  602,  708,  870,  786,  839,  246,  617,  244,  887,  848,  699,  276,  657,  535,  760,  715,  717,  905,  528,  590,  533,  650,  645,  943,  648,  288,  631,  931,  352,   92,  982,  861, 1004,  221,  167],
        [  939,  939,  235,  622, 1003,    0,  748,  619,  425,  408,  488,  914,  888,  749,  580,  485,  918,  523,  663,  435,  520,  935,  918,  777,  582,  951,  509,  964,  515,  649, 1098,  746,  709,  418,  758,  762,  413,   84,  838, 1063,  644,  452,  291,  364,  706,  497,  455,  470,  536,  378,  915,  826,  945,  440,  176,  699,  975,  354,  503,  829,  338,  378,   99,  622,  651,  648,  422,  428,   66,  632,  808, 1016,  494,  701,  961,   78,  473,   95,  921,  992],
        [  474,  474,  748,  295,  476,  748,    0,  512,  742,  392,  275,  168,  422,  314,  373,  838,  263,  482,  186,  470,  331,  427,  170,  389,  293,  303,  798,  247,  435,  110,  712,  151,  195,  348,  189,  224,  742,  717,  241,  704,  625,  360,  715,  401,  632,  604,  696,  861,  341,  783,  598,  170,  273,  861,  573,  223,  663,  425,  506,  298,  411,  647,  667,  126,  714,  655,  595,  321,  709,  755,  540,  305,  925,  191,  389,  765,  856,  707,  273,  592],
        [  362,  362,  774,  668,  441,  619,  512,    0,  888,  564,  491,  640,  327,  761,  704,  398,  480,  756,  326,  682,  226,  381,  625,  225,  229,  814,  342,  574,  133,  423,  481,  386,  329,  342,  363,  337,  337,  649,  741,  444,  114,  266,  787,  356,  134,  162,  267,  433,  640,  399,  298,  678,  511,  448,  501,  662,  356,  335,  117,  784,  431,  282,  523,  450,  205,  144,  217,  411,  554,  251,  192,  803,  496,  329,  439,  580,  425,  648,  475,  383],
        [ 1112, 1112,  196,  479, 1152,  425,  742,  888,    0,  369,  489,  874, 1054,  566,  399,  888,  988,  285,  763,  273,  698, 1087,  889,  960,  742,  807,  900,  989,  757,  688, 1321,  820,  812,  562,  850,  870,  800,  342,  700, 1295,  954,  635,  134,  535, 1007,  822,  822,  880,  407,  781, 1151,  728, 1006,  853,  412,  577, 1219,  553,  783,  657,  462,  734,  460,  642,  992,  969,  752,  512,  465,  990, 1050,  907,  912,  802, 1083,  502,  882,  333,  996, 1200],
        [  746,  746,  358,  215,  784,  408,  392,  564,  369,    0,  122,  543,  688,  344,  189,  699,  624,  196,  394,  119,  350,  719,  553,  599,  384,  547,  686,  634,  433,  323,  962,  453,  443,  222,  481,  502,  596,  354,  433,  939,  652,  299,  324,  221,  694,  547,  587,  706,  133,  606,  799,  428,  643,  690,  252,  293,  868,  251,  478,  421,  152,  505,  356,  278,  712,  673,  492,  156,  392,  727,  704,  620,  758,  433,  714,  451,  705,  342,  631,  839],
        [  633,  633,  474,  190,  667,  488,  275,  491,  489,  122,    0,  433,  575,  310,  214,  694,  502,  276,  278,  225,  267,  603,  441,  492,  286,  471,  671,  514,  367,  201,  855,  332,  325,  169,  362,  383,  591,  448,  361,  835,  591,  235,  445,  197,  624,  506,  568,  707,  150,  613,  700,  339,  521,  697,  316,  230,  769,  229,  424,  368,  164,  494,  418,  157,  661,  615,  465,   98,  459,  684,  609,  528,  765,  315,  595,  518,  705,  438,  509,  732],
        [  506,  506,  901,  400,  480,  914,  168,  640,  874,  543,  433,    0,  466,  363,  482,  991,  248,  598,  325,  606,  486,  452,   27,  472,  440,  224,  948,  167,  583,  275,  736,  254,  312,  516,  280,  311,  899,  880,  235,  739,  752,  523,  862,  569,  748,  751,  849, 1017,  468,  943,  660,  168,  238, 1019,  739,  306,  716,  592,  653,  305,  577,  805,  834,  293,  844,  782,  750,  488,  876,  889,  626,  167, 1081,  312,  390,  932, 1011,  870,  260,  627],
        [   59,   59,  989,  690,  118,  888,  422,  327, 1054,  688,  575,  466,    0,  734,  756,  722,  229,  845,  299,  799,  375,   55,  442,  112,  320,  684,  664,  333,  380,  400,  292,  276,  256,  504,  237,  205,  663,  896,  655,  283,  403,  446,  982,  547,  367,  487,  593,  758,  704,  724,  196,  579,  252,  774,  735,  638,  251,  544,  418,  717,  608,  600,  789,  448,  489,  429,  533,  543,  827,  545,  196,  628,  820,  265,  124,  865,  750,  891,  218,  170],
        [  787,  787,  651,  129,  789,  749,  314,  761,  566,  344,  310,  363,  734,    0,  179, 1003,  567,  283,  463,  334,  541,  741,  386,  689,  534,  242,  978,  519,  651,  352, 1025,  459,  491,  474,  498,  532,  900,  688,  142, 1016,  870,  530,  595,  506,  892,  805,  874, 1016,  214,  922,  902,  196,  570, 1006,  595,  101,  969,  539,  716,   92,  465,  802,  699,  315,  949,  897,  771,  407,  735,  979,  833,  348, 1074,  484,  700,  795, 1014,  675,  578,  903],
        [  813,  813,  472,   83,  833,  580,  373,  704,  399,  189,  214,  482,  756,  179,    0,  883,  634,  117,  459,  156,  480,  775,  500,  686,  493,  414,  867,  613,  580,  356, 1044,  488,  501,  376,  524,  553,  780,  514,  304, 1028,  804,  447,  417,  392,  837,  714,  766,  892,   66,  793,  899,  330,  646,  877,  437,  179,  968,  424,  635,  269,  333,  686,  539,  308,  873,  828,  667,  303,  573,  894,  814,  510,  945,  491,  751,  631,  890,  502,  644,  920],
        [  751,  751,  712,  882,  833,  485,  838,  398,  888,  699,  694,  991,  722, 1003,  883,    0,  869,  883,  668,  791,  508,  776,  982,  623,  552, 1125,   62,  957,  410,  731,  811,  746,  690,  530,  733,  715,  104,  557, 1031,  768,  329,  486,  758,  498,  385,  248,  143,   39,  820,  108,  644,  984,  901,   68,  491,  917,  678,  465,  342, 1054,  550,  201,  429,  737,  269,  311,  243,  597,  430,  219,  555, 1142,   98,  686,  837,  411,   30,  564,  866,  745],
        [  261,  261,  967,  557,  233,  918,  263,  480,  988,  624,  502,  248,  229,  567,  634,  869,    0,  740,  256,  718,  411,  206,  223,  269,  349,  471,  817,  106,  472,  301,  488,  176,  211,  502,  161,  163,  791,  906,  463,  492,  581,  473,  944,  555,  561,  623,  729,  901,  597,  846,  424,  387,   32,  910,  748,  483,  476,  566,  533,  531,  594,  710,  825,  347,  673,  610,  646,  510,  867,  725,  410,  404,  966,  219,  142,  916,  894,  898,   13,  381],
        [  903,  903,  379,  199,  929,  523,  482,  756,  285,  196,  276,  598,  845,  283,  117,  883,  740,    0,  546,   94,  537,  869,  615,  767,  561,  524,  875,  725,  626,  451, 1129,  585,  591,  415,  620,  647,  782,  449,  416, 1110,  847,  491,  318,  416,  887,  742,  779,  887,  144,  786,  975,  446,  754,  868,  407,  295, 1045,  446,  673,  374,  346,  694,  501,  402,  908,  868,  685,  345,  528,  922,  885,  623,  935,  582,  851,  584,  886,  436,  750, 1006],
        [  357,  357,  720,  398,  390,  663,  186,  326,  763,  394,  278,  325,  299,  463,  459,  668,  256,  546,    0,  503,  168,  326,  314,  230,  116,  488,  624,  310,  259,  112,  586,   87,   50,  247,   96,  109,  578,  651,  420,  569,  440,  222,  703,  300,  447,  427,  525,  695,  406,  625,  444,  354,  283,  698,  493,  363,  513,  312,  329,  470,  342,  487,  571,  155,  529,  469,  429,  262,  613,  571,  371,  482,  759,   40,  322,  662,  689,  644,  259,  461],
        [  857,  857,  317,  222,  891,  435,  470,  682,  273,  119,  225,  606,  799,  334,  156,  791,  718,   94,  503,    0,  468,  828,  619,  714,  501,  565,  784,  717,  550,  419, 1077,  553,  550,  340,  585,  608,  690,  365,  453, 1055,  767,  416,  265,  333,  811,  656,  689,  794,  140,  693,  916,  468,  735,  775,  313,  319,  985,  361,  593,  423,  260,  603,  408,  372,  824,  787,  598,  274,  437,  836,  821,  655,  841,  540,  818,  494,  793,  352,  726,  954],
        [  430,  430,  617,  443,  487,  520,  331,  226,  698,  350,  267,  486,  375,  541,  480,  508,  411,  537,  168,  468,    0,  418,  478,  270,   63,  624,  468,  476,  111,  226,  624,  254,  203,  137,  253,  249,  414,  522,  538,  597,  330,   71,  614,  173,  359,  276,  366,  532,  416,  458,  454,  483,  440,  533,  362,  444,  522,  170,  180,  573,  240,  320,  424,  240,  409,  356,  266,  195,  464,  441,  355,  635,  596,  197,  442,  509,  526,  517,  412,  505],
        [   56,   56, 1029,  706,   69,  935,  427,  381, 1087,  719,  603,  452,   55,  741,  775,  776,  206,  869,  326,  828,  418,    0,  427,  164,  361,  673,  718,  307,  431,  419,  288,  289,  279,  544,  251,  223,  717,  940,  653,  288,  456,  489, 1020,  589,  418,  541,  647,  812,  727,  778,  227,  577,  224,  828,  779,  648,  272,  588,  471,  718,  647,  653,  836,  468,  541,  482,  586,  578,  875,  598,  245,  609,  874,  289,   79,  914,  804,  935,  194,  176],
        [  481,  481,  910,  417,  454,  918,  170,  625,  889,  553,  441,   27,  442,  386,  500,  982,  223,  615,  314,  619,  478,  427,    0,  452,  430,  250,  937,  141,  573,  274,  711,  240,  298,  515,  263,  293,  890,  885,  260,  714,  736,  518,  873,  568,  730,  740,  839, 1008,  482,  936,  637,  191,  212, 1010,  742,  325,  693,  590,  642,  330,  580,  798,  836,  296,  828,  766,  742,  491,  878,  875,  605,  188, 1073,  299,  364,  934, 1002,  876,  235,  602],
        [  163,  163,  886,  628,  230,  777,  389,  225,  960,  599,  492,  472,  112,  689,  686,  623,  269,  767,  230,  714,  270,  164,  452,    0,  219,  676,  566,  372,  268,  340,  364,  239,  198,  403,  202,  168,  557,  787,  629,  343,  316,  339,  882,  442,  292,  382,  489,  657,  631,  617,  215,  556,  299,  671,  628,  590,  283,  437,  308,  686,  507,  490,  678,  384,  406,  344,  423,  448,  716,  460,  155,  639,  720,  205,  215,  754,  649,  783,  262,  241],
        [  376,  376,  670,  447,  429,  582,  293,  229,  742,  384,  286,  440,  320,  534,  493,  552,  349,  561,  116,  501,   63,  361,  430,  219,    0,  593,  509,  418,  144,  196,  580,  198,  144,  185,  193,  187,  462,  581,  515,  556,  340,  131,  664,  229,  358,  313,  410,  579,  432,  510,  416,  454,  379,  582,  421,  435,  485,  230,  214,  556,  289,  372,  485,  222,  426,  369,  313,  231,  526,  464,  324,  594,  644,  139,  381,  571,  573,  576,  350,  459],
        [  727,  727,  881,  344,  703,  951,  303,  814,  807,  547,  471,  224,  684,  242,  414, 1125,  471,  524,  488,  565,  624,  673,  250,  676,  593,    0, 1090,  387,  732,  399,  959,  441,  493,  606,  475,  510, 1026,  899,  115,  960,  927,  640,  830,  652,  933,  899,  986, 1146,  431, 1060,  874,  142,  461, 1141,  784,  254,  934,  681,  802,  152,  634,  929,  887,  389, 1016,  957,  883,  555,  927, 1056,  831,  118, 1208,  490,  613,  986, 1141,  888,  483,  848],
        [  692,  692,  731,  861,  775,  509,  798,  342,  900,  686,  671,  948,  664,  978,  867,   62,  817,  875,  624,  784,  468,  718,  937,  566,  509, 1090,    0,  907,  366,  693,  750,  700,  643,  505,  685,  665,  100,  576,  999,  707,  269,  454,  772,  477,  324,  199,  105,  100,  803,  137,  583,  949,  849,  127,  494,  890,  617,  445,  296, 1025,  536,  182,  444,  703,  209,  250,  209,  574,  451,  160,  495, 1102,  157,  640,  780,  439,   91,  582,  813,  684],
        [  363,  363,  988,  532,  324,  964,  247,  574,  989,  634,  514,  167,  333,  519,  613,  957,  106,  725,  310,  717,  476,  307,  141,  372,  418,  387,  907,    0,  552,  320,  582,  224,  274,  548,  226,  242,  874,  942,  399,  589,  679,  531,  958,  602,  662,  710,  815,  987,  586,  926,  528,  327,   83,  994,  790,  447,  578,  618,  616,  469,  630,  788,  874,  358,  772,  709,  726,  542,  917,  823,  516,  308, 1052,  280,  236,  969,  980,  934,  116,  480],
        [  428,  428,  650,  549,  498,  515,  435,  133,  757,  433,  367,  583,  380,  651,  580,  410,  472,  626,  259,  550,  111,  431,  573,  268,  144,  732,  366,  552,    0,  333,  588,  337,  281,  211,  327,  312,  323,  534,  648,  556,  225,  135,  659,  224,  262,  169,  267,  437,  515,  375,  408,  592,  503,  443,  380,  555,  472,  205,   71,  684,  299,  238,  416,  350,  299,  249,  175,  282,  452,  330,  302,  737,  502,  278,  472,  487,  431,  532,  471,  479],
        [  457,  457,  670,  291,  479,  649,  110,  423,  688,  323,  201,  275,  400,  352,  356,  731,  301,  451,  112,  419,  226,  419,  274,  340,  196,  399,  693,  320,  333,    0,  690,  135,  146,  241,  169,  197,  634,  624,  319,  676,  535,  251,  644,  295,  549,  501,  590,  754,  308,  674,  554,  259,  321,  753,  474,  252,  622,  317,  403,  363,  313,  539,  564,   49,  622,  564,  488,  224,  607,  659,  482,  413,  817,  137,  401,  661,  749,  615,  309,  567],
        [  239,  239, 1235,  980,  259, 1098,  712,  481, 1321,  962,  855,  736,  292, 1025, 1044,  811,  488, 1129,  586, 1077,  624,  288,  711,  364,  580,  959,  750,  582,  588,  690,    0,  568,  545,  760,  528,  496,  786, 1122,  940,   45,  492,  691, 1237,  794,  430,  626,  715,  850,  991,  850,  183,  864,  502,  875,  968,  930,  134,  783,  596, 1005,  863,  754, 1001,  738,  543,  504,  693,  810, 1034,  596,  290,  889,  902,  554,  348, 1060,  840, 1120,  476,  125],
        [  330,  330,  792,  417,  346,  746,  151,  386,  820,  453,  332,  254,  276,  459,  488,  746,  176,  585,   87,  553,  254,  289,  240,  239,  198,  441,  700,  224,  337,  135,  568,    0,   58,  329,   40,   74,  659,  731,  391,  558,  498,  308,  770,  383,  497,  502,  604,  774,  442,  708,  448,  318,  201,  779,  574,  363,  513,  396,  405,  449,  419,  569,  655,  184,  590,  528,  510,  335,  697,  636,  392,  418,  839,   60,  266,  747,  768,  723,  181,  445],
        [  313,  313,  770,  436,  342,  709,  195,  329,  812,  443,  325,  312,  256,  491,  501,  690,  211,  591,   50,  550,  203,  279,  298,  198,  144,  493,  643,  274,  281,  146,  545,   58,    0,  294,   51,   59,  603,  699,  436,  531,  441,  263,  753,  346,  442,  445,  547,  718,  450,  653,  412,  365,  239,  723,  540,  393,  479,  356,  348,  490,  391,  515,  615,  193,  533,  471,  454,  311,  657,  578,  347,  475,  783,   10,  273,  706,  711,  692,  213,  421],
        [  561,  561,  486,  358,  612,  418,  348,  342,  562,  222,  169,  516,  504,  474,  376,  530,  502,  415,  247,  340,  137,  544,  515,  403,  185,  606,  505,  548,  211,  241,  760,  329,  294,    0,  343,  350,  428,  405,  505,  733,  432,   77,  480,   55,  473,  339,  401,  546,  311,  456,  589,  467,  529,  539,  246,  387,  657,   77,  261,  524,  105,  330,  327,  227,  498,  455,  298,   74,  370,  518,  489,  643,  606,  285,  558,  423,  543,  399,  506,  641],
        [  292,  292,  814,  455,  310,  758,  189,  363,  850,  481,  362,  280,  237,  498,  524,  733,  161,  620,   96,  585,  253,  251,  263,  202,  193,  475,  685,  226,  327,  169,  528,   40,   51,  343,    0,   36,  649,  747,  429,  518,  473,  313,  796,  395,  468,  487,  591,  762,  477,  700,  409,  355,  189,  769,  589,  402,  474,  406,  392,  487,  437,  562,  665,  218,  566,  503,  500,  356,  707,  613,  356,  446,  827,   59,  234,  756,  756,  740,  163,  406],
        [  260,  260,  828,  486,  284,  762,  224,  337,  870,  502,  383,  311,  205,  532,  553,  715,  163,  647,  109,  608,  249,  223,  293,  168,  187,  510,  665,  242,  312,  197,  496,   74,   59,  350,   36,    0,  633,  755,  464,  485,  446,  313,  812,  401,  438,  468,  573,  745,  504,  686,  374,  390,  193,  753,  595,  435,  439,  409,  375,  522,  448,  549,  668,  246,  539,  476,  486,  370,  709,  588,  322,  477,  810,   69,  214,  756,  738,  748,  163,  373],
        [  698,  698,  632,  779,  777,  413,  742,  337,  800,  596,  591,  899,  663,  900,  780,  104,  791,  782,  578,  690,  414,  717,  890,  557,  462, 1026,  100,  874,  323,  634,  786,  659,  603,  428,  649,  633,    0,  478,  930,  744,  294,  387,  672,  395,  357,  176,   72,  120,  717,   65,  610,  885,  823,  121,  396,  815,  653,  362,  259,  952,  447,   99,  345,  638,  263,  284,  149,  493,  353,  229,  513, 1046,  183,  599,  772,  345,  116,  483,  789,  706],
        [  949,  949,  156,  563, 1009,   84,  717,  649,  342,  354,  448,  880,  896,  688,  514,  557,  906,  449,  651,  365,  522,  940,  885,  787,  581,  899,  576,  942,  534,  624, 1122,  731,  699,  405,  747,  755,  478,    0,  786, 1089,  686,  452,  208,  355,  746,  541,  513,  544,  475,  449,  941,  780,  931,  516,  161,  646, 1003,  352,  533,  771,  313,  430,  137,  592,  703,  693,  466,  401,  127,  689,  834,  971,  572,  690,  960,  160,  547,   13,  910, 1012],
        [  703,  703,  768,  231,  693,  838,  241,  741,  700,  433,  361,  235,  655,  142,  304, 1031,  463,  416,  420,  453,  538,  653,  260,  629,  515,  115,  999,  399,  648,  319,  940,  391,  436,  505,  429,  464,  930,  786,    0,  937,  854,  545,  717,  548,  866,  813,  894, 1049,  317,  961,  837,   77,  460, 1043,  673,  140,  900,  578,  717,   71,  525,  832,  776,  299,  940,  883,  791,  449,  815,  976,  781,  208, 1110,  431,  602,  875, 1045,  774,  475,  823],
        [  235,  235, 1204,  966,  268, 1063,  704,  444, 1295,  939,  835,  739,  283, 1016, 1028,  768,  492, 1110,  569, 1055,  597,  288,  714,  343,  556,  960,  707,  589,  556,  676,   45,  558,  531,  733,  518,  485,  744, 1089,  937,    0,  450,  663, 1208,  765,  388,  587,  674,  807,  973,  808,  148,  861,  507,  832,  935,  920,   92,  753,  560, 1000,  836,  715,  965,  723,  499,  462,  654,  786,  998,  553,  255,  895,  859,  539,  353, 1023,  797, 1087,  480,  114],
        [  426,  426,  823,  772,  509,  644,  625,  114,  954,  652,  591,  752,  403,  870,  804,  329,  581,  847,  440,  767,  330,  456,  736,  316,  340,  927,  269,  679,  225,  535,  492,  498,  441,  432,  473,  446,  294,  686,  854,  450,    0,  358,  844,  435,   65,  147,  224,  367,  739,  358,  317,  792,  611,  389,  552,  772,  359,  410,  175,  896,  510,  273,  552,  561,   93,   30,  222,  504,  578,  145,  227,  915,  425,  442,  523,  593,  358,  687,  575,  417],
        [  500,  500,  547,  421,  558,  452,  360,  266,  635,  299,  235,  523,  446,  530,  447,  486,  473,  491,  222,  416,   71,  489,  518,  339,  131,  640,  454,  531,  135,  251,  691,  308,  263,   77,  313,  313,  387,  452,  545,  663,  358,    0,  547,  104,  397,  276,  350,  507,  382,  424,  517,  498,  501,  503,  291,  438,  585,  100,  190,  572,  174,  290,  356,  252,  427,  382,  246,  147,  397,  451,  416,  663,  569,  255,  511,  444,  502,  447,  474,  573],
        [ 1039, 1039,   69,  487, 1087,  291,  715,  787,  134,  324,  445,  862,  982,  595,  417,  758,  944,  318,  703,  265,  614, 1020,  873,  882,  664,  830,  772,  958,  659,  644, 1237,  770,  753,  480,  796,  812,  672,  208,  717, 1208,  844,  547,    0,  444,  899,  707,  698,  748,  404,  650, 1062,  732,  965,  720,  293,  583, 1128,  456,  677,  685,  376,  611,  329,  602,  875,  856,  634,  443,  332,  869,  958,  919,  779,  743, 1025,  368,  750,  199,  950, 1119],
        [  602,  602,  444,  385,  657,  364,  401,  356,  535,  221,  197,  569,  547,  506,  392,  498,  555,  416,  300,  333,  173,  589,  568,  442,  229,  652,  477,  602,  224,  295,  794,  383,  346,   55,  395,  401,  395,  355,  548,  765,  435,  104,  444,    0,  481,  327,  375,  511,  327,  417,  619,  514,  582,  501,  195,  424,  686,   33,  260,  562,   76,  298,  273,  278,  492,  455,  275,  100,  315,  507,  516,  692,  569,  338,  606,  368,  508,  349,  558,  677],
        [  383,  383,  881,  801,  466,  706,  632,  134, 1007,  694,  624,  748,  367,  892,  837,  385,  561,  887,  447,  811,  359,  418,  730,  292,  358,  933,  324,  662,  262,  549,  430,  497,  442,  473,  468,  438,  357,  746,  866,  388,   65,  397,  899,  481,    0,  210,  287,  423,  773,  421,  260,  801,  590,  446,  609,  793,  297,  458,  225,  912,  557,  337,  614,  580,  125,   75,  284,  543,  640,  182,  179,  913,  479,  444,  489,  656,  414,  747,  553,  361],
        [  523,  523,  682,  695,  602,  497,  604,  162,  822,  547,  506,  751,  487,  805,  714,  248,  623,  742,  427,  656,  276,  541,  740,  382,  313,  899,  199,  710,  169,  501,  626,  502,  445,  339,  487,  468,  176,  541,  813,  587,  147,  276,  707,  327,  210,    0,  108,  279,  649,  238,  446,  759,  654,  291,  414,  712,  496,  297,   99,  845,  397,  129,  407,  515,  171,  152,   76,  412,  431,  181,  344,  906,  344,  442,  597,  446,  272,  543,  619,  538],
        [  627,  627,  663,  757,  708,  455,  696,  267,  822,  587,  568,  849,  593,  874,  766,  143,  729,  779,  525,  689,  366,  647,  839,  489,  410,  986,  105,  815,  267,  590,  715,  604,  547,  401,  591,  573,   72,  513,  894,  674,  224,  350,  698,  375,  287,  108,    0,  172,  702,  136,  538,  845,  761,  183,  411,  785,  583,  343,  199,  921,  436,   88,  377,  599,  201,  215,  105,  470,  392,  177,  441, 1000,  237,  544,  704,  393,  165,  517,  726,  635],
        [  788,  788,  700,  894,  870,  470,  861,  433,  880,  706,  707, 1017,  758, 1016,  892,   39,  901,  887,  695,  794,  532,  812, 1008,  657,  579, 1146,  100,  987,  437,  754,  850,  774,  718,  546,  762,  745,  120,  544, 1049,  807,  367,  507,  748,  511,  423,  279,  172,    0,  830,  102,  682, 1004,  932,   35,  489,  933,  717,  478,  371, 1070,  559,  218,  421,  758,  308,  349,  267,  610,  418,  258,  593, 1166,   66,  714,  872,  394,   10,  552,  898,  783],
        [  762,  762,  452,   88,  786,  536,  341,  640,  407,  133,  150,  468,  704,  214,   66,  820,  597,  144,  406,  140,  416,  727,  482,  631,  432,  431,  803,  586,  515,  308,  991,  442,  450,  311,  477,  504,  717,  475,  317,  973,  739,  382,  404,  327,  773,  649,  702,  830,    0,  732,  842,  329,  611,  816,  384,  180,  911,  360,  570,  296,  271,  623,  488,  259,  808,  763,  602,  238,  523,  828,  755,  516,  884,  440,  708,  583,  828,  463,  606,  867],
        [  760,  760,  605,  798,  839,  378,  783,  399,  781,  606,  613,  943,  724,  922,  793,  108,  846,  786,  625,  693,  458,  778,  936,  617,  510, 1060,  137,  926,  375,  674,  850,  708,  653,  456,  700,  686,   65,  449,  961,  808,  358,  424,  650,  417,  421,  238,  136,  102,  732,    0,  674,  920,  877,   85,  387,  841,  717,  386,  315,  979,  462,  139,  322,  674,  324,  348,  201,  517,  322,  285,  577, 1087,  153,  649,  831,  305,  103,  456,  844,  770],
        [  174,  174, 1057,  842,  246,  915,  598,  298, 1151,  799,  700,  660,  196,  902,  899,  644,  424,  975,  444,  916,  454,  227,  637,  215,  416,  874,  583,  528,  408,  554,  183,  448,  412,  589,  409,  374,  610,  941,  837,  148,  317,  517, 1062,  619,  260,  446,  538,  682,  842,  674,    0,  763,  447,  705,  788,  804,   70,  607,  413,  896,  691,  573,  818,  599,  380,  334,  511,  645,  851,  436,  108,  823,  738,  419,  305,  878,  673,  939,  413,  104],
        [  627,  627,  777,  250,  617,  826,  170,  678,  728,  428,  339,  168,  579,  196,  330,  984,  387,  446,  354,  468,  483,  577,  191,  556,  454,  142,  949,  327,  592,  259,  864,  318,  365,  467,  355,  390,  885,  780,   77,  861,  792,  498,  732,  514,  801,  759,  845, 1004,  329,  920,  763,    0,  386, 1000,  655,  152,  825,  542,  662,  144,  500,  787,  757,  247,  879,  821,  742,  419,  797,  918,  709,  192, 1067,  361,  526,  856, 1000,  768,  399,  747],
        [  280,  280,  989,  567,  244,  945,  273,  511, 1006,  643,  521,  238,  252,  570,  646,  901,   32,  754,  283,  735,  440,  224,  212,  299,  379,  461,  849,   83,  503,  321,  502,  201,  239,  529,  189,  193,  823,  931,  460,  507,  611,  501,  965,  582,  590,  654,  761,  932,  611,  877,  447,  386,    0,  942,  774,  490,  496,  594,  564,  529,  619,  741,  853,  365,  703,  641,  677,  534,  895,  756,  438,  388,  997,  247,  155,  944,  925,  923,   37,  398],
        [  806,  806,  671,  882,  887,  440,  861,  448,  853,  690,  697, 1019,  774, 1006,  877,   68,  910,  868,  698,  775,  533,  828, 1010,  671,  582, 1141,  127,  994,  443,  753,  875,  779,  723,  539,  769,  753,  121,  516, 1043,  832,  389,  503,  720,  501,  446,  291,  183,   35,  816,   85,  705, 1000,  942,    0,  467,  924,  742,  469,  379, 1062,  546,  215,  395,  754,  335,  372,  270,  601,  390,  286,  614, 1165,   69,  719,  886,  363,   42,  524,  908,  805],
        [  789,  789,  273,  466,  848,  176,  573,  501,  412,  252,  316,  739,  735,  595,  437,  491,  748,  407,  493,  313,  362,  779,  742,  628,  421,  784,  494,  790,  380,  474,  968,  574,  540,  246,  589,  595,  396,  161,  673,  935,  552,  291,  293,  195,  609,  414,  411,  489,  384,  387,  788,  655,  774,  467,    0,  536,  851,  192,  388,  669,  162,  323,  105,  447,  583,  563,  342,  252,  143,  579,  681,  844,  532,  531,  800,  203,  490,  156,  752,  855],
        [  692,  692,  631,   99,  699,  699,  223,  662,  577,  293,  230,  306,  638,  101,  179,  917,  483,  295,  363,  319,  444,  648,  325,  590,  435,  254,  890,  447,  555,  252,  930,  363,  393,  387,  402,  435,  815,  646,  140,  920,  772,  438,  583,  424,  793,  712,  785,  933,  180,  841,  804,  152,  490,  924,  536,    0,  871,  456,  621,  139,  393,  717,  640,  215,  853,  799,  681,  324,  678,  884,  734,  337,  992,  385,  612,  738,  929,  634,  494,  808],
        [  217,  217, 1122,  910,  276,  975,  663,  356, 1219,  868,  769,  716,  251,  969,  968,  678,  476, 1045,  513,  985,  522,  272,  693,  283,  485,  934,  617,  578,  472,  622,  134,  513,  479,  657,  474,  439,  653, 1003,  900,   92,  359,  585, 1128,  686,  297,  496,  583,  717,  911,  717,   70,  825,  496,  742,  851,  871,    0,  672,  472,  961,  758,  624,  878,  667,  410,  371,  564,  714,  910,  465,  171,  878,  770,  487,  347,  934,  708, 1001,  464,  111],
        [  599,  599,  452,  417,  657,  354,  425,  335,  553,  251,  229,  592,  544,  539,  424,  465,  566,  446,  312,  361,  170,  588,  590,  437,  230,  681,  445,  618,  205,  317,  783,  396,  356,   77,  406,  409,  362,  352,  578,  753,  410,  100,  456,   33,  458,  297,  343,  478,  360,  386,  607,  542,  594,  469,  192,  456,  672,    0,  235,  594,  102,  265,  260,  304,  464,  428,  243,  133,  302,  477,  502,  719,  537,  348,  610,  352,  476,  348,  569,  668],
        [  460,  460,  661,  610,  535,  503,  506,  117,  783,  478,  424,  653,  418,  716,  635,  342,  533,  673,  329,  593,  180,  471,  642,  308,  214,  802,  296,  616,   71,  403,  596,  405,  348,  261,  392,  375,  259,  533,  717,  560,  175,  190,  677,  260,  225,   99,  199,  371,  570,  315,  413,  662,  564,  379,  388,  621,  472,  235,    0,  751,  335,  183,  406,  419,  238,  195,  117,  334,  438,  264,  306,  808,  436,  345,  519,  465,  364,  533,  530,  495],
        [  767,  767,  740,  208,  760,  829,  298,  784,  657,  421,  368,  305,  717,   92,  269, 1054,  531,  374,  470,  423,  573,  718,  330,  686,  556,  152, 1025,  469,  684,  363, 1005,  449,  490,  524,  487,  522,  952,  771,   71, 1000,  896,  572,  685,  562,  912,  845,  921, 1070,  296,  979,  896,  144,  529, 1062,  669,  139,  961,  594,  751,    0,  530,  854,  773,  335,  979,  924,  817,  462,  811, 1013,  836,  262, 1130,  484,  669,  871, 1067,  759,  543,  887],
        [  665,  665,  383,  339,  715,  338,  411,  431,  462,  152,  164,  577,  608,  465,  333,  550,  594,  346,  342,  260,  240,  647,  580,  507,  289,  634,  536,  630,  299,  313,  863,  419,  391,  105,  437,  448,  447,  313,  525,  836,  510,  174,  376,   76,  557,  397,  436,  559,  271,  462,  691,  500,  619,  546,  162,  393,  758,  102,  335,  530,    0,  354,  259,  285,  565,  529,  341,   90,  301,  577,  589,  686,  614,  381,  658,  358,  558,  305,  599,  744],
        [  640,  640,  578,  682,  717,  378,  647,  282,  734,  505,  494,  805,  600,  802,  686,  201,  710,  694,  487,  603,  320,  653,  798,  490,  372,  929,  182,  788,  238,  539,  754,  569,  515,  330,  562,  549,   99,  430,  832,  715,  273,  290,  611,  298,  337,  129,   88,  218,  623,  139,  573,  787,  741,  215,  323,  717,  624,  265,  183,  854,  354,    0,  294,  541,  274,  273,   68,  396,  313,  260,  470,  951,  280,  510,  702,  321,  214,  434,  708,  663],
        [  840,  840,  288,  570,  905,   99,  667,  523,  460,  356,  418,  834,  789,  699,  539,  429,  825,  501,  571,  408,  424,  836,  836,  678,  485,  887,  444,  874,  416,  564, 1001,  655,  615,  327,  665,  668,  345,  137,  776,  965,  552,  356,  329,  273,  614,  407,  377,  421,  488,  322,  818,  757,  853,  395,  105,  640,  878,  260,  406,  773,  259,  294,    0,  541,  567,  558,  332,  347,   43,  553,  711,  944,  456,  607,  864,  100,  423,  141,  828,  894],
        [  505,  505,  630,  244,  528,  622,  126,  450,  642,  278,  157,  293,  448,  315,  308,  737,  347,  402,  155,  372,  240,  468,  296,  384,  222,  389,  703,  358,  350,   49,  738,  184,  193,  227,  218,  246,  638,  592,  299,  723,  561,  252,  602,  278,  580,  515,  599,  758,  259,  674,  599,  247,  365,  754,  447,  215,  667,  304,  419,  335,  285,  541,  541,    0,  645,  589,  495,  195,  583,  679,  522,  416,  820,  184,  450,  640,  753,  583,  355,  614],
        [  507,  507,  848,  847,  590,  651,  714,  205,  992,  712,  661,  844,  489,  949,  873,  269,  673,  908,  529,  824,  409,  541,  828,  406,  426, 1016,  209,  772,  299,  622,  543,  590,  533,  498,  566,  539,  263,  703,  940,  499,   93,  427,  875,  492,  125,  171,  201,  308,  808,  324,  380,  879,  703,  335,  583,  853,  410,  464,  238,  979,  565,  274,  567,  645,    0,   63,  242,  571,  586,   58,  303, 1007,  360,  533,  611,  592,  299,  706,  667,  483],
        [  450,  450,  833,  797,  533,  648,  655,  144,  969,  673,  615,  782,  429,  897,  828,  311,  610,  868,  469,  787,  356,  482,  766,  344,  369,  957,  250,  709,  249,  564,  504,  528,  471,  455,  503,  476,  284,  693,  883,  462,   30,  382,  856,  455,   75,  152,  215,  349,  763,  348,  334,  821,  641,  372,  563,  799,  371,  428,  195,  924,  529,  273,  558,  589,   63,    0,  227,  527,  582,  117,  248,  945,  405,  472,  550,  594,  340,  695,  604,  435],
        [  573,  573,  607,  655,  650,  422,  595,  217,  752,  492,  465,  750,  533,  771,  667,  243,  646,  685,  429,  598,  266,  586,  742,  423,  313,  883,  209,  726,  175,  488,  693,  510,  454,  298,  500,  486,  149,  466,  791,  654,  222,  246,  634,  275,  284,   76,  105,  267,  602,  201,  511,  742,  677,  270,  342,  681,  564,  243,  117,  817,  341,   68,  332,  495,  242,  227,    0,  368,  356,  241,  406,  900,  331,  450,  635,  373,  261,  468,  644,  599],
        [  600,  600,  459,  287,  645,  428,  321,  411,  512,  156,   98,  488,  543,  407,  303,  597,  510,  345,  262,  274,  195,  578,  491,  448,  231,  555,  574,  542,  282,  224,  810,  335,  311,   74,  356,  370,  493,  401,  449,  786,  504,  147,  443,  100,  543,  412,  470,  610,  238,  517,  645,  419,  534,  601,  252,  324,  714,  133,  334,  462,   90,  396,  347,  195,  571,  527,  368,    0,  389,  591,  548,  602,  669,  302,  583,  445,  607,  393,  515,  689],
        [  878,  878,  283,  606,  943,   66,  709,  554,  465,  392,  459,  876,  827,  735,  573,  430,  867,  528,  613,  437,  464,  875,  878,  716,  526,  927,  451,  917,  452,  607, 1034,  697,  657,  370,  707,  709,  353,  127,  815,  998,  578,  397,  332,  315,  640,  431,  392,  418,  523,  322,  851,  797,  895,  390,  143,  678,  910,  302,  438,  811,  301,  313,   43,  583,  586,  582,  356,  389,    0,  568,  744,  985,  448,  649,  904,   60,  421,  135,  869,  929],
        [  564,  564,  837,  872,  648,  632,  755,  251,  990,  727,  684,  889,  545,  979,  894,  219,  725,  922,  571,  836,  441,  598,  875,  460,  464, 1056,  160,  823,  330,  659,  596,  636,  578,  518,  613,  588,  229,  689,  976,  553,  145,  451,  869,  507,  182,  181,  177,  258,  828,  285,  436,  918,  756,  286,  579,  884,  465,  477,  264, 1013,  577,  260,  553,  679,   58,  117,  241,  591,  568,    0,  360, 1051,  307,  578,  667,  568,  248,  692,  720,  540],
        [  205,  205,  951,  762,  288,  808,  540,  192, 1050,  704,  609,  626,  196,  833,  814,  555,  410,  885,  371,  821,  355,  245,  605,  155,  324,  831,  495,  516,  302,  482,  290,  392,  347,  489,  356,  322,  513,  834,  781,  255,  227,  416,  958,  516,  179,  344,  441,  593,  755,  577,  108,  709,  438,  614,  681,  734,  171,  502,  306,  836,  589,  470,  711,  522,  303,  248,  406,  548,  744,  360,    0,  793,  652,  353,  319,  771,  584,  832,  402,  195],
        [  665,  665,  967,  434,  631, 1016,  305,  803,  907,  620,  528,  167,  628,  348,  510, 1142,  404,  623,  482,  655,  635,  609,  188,  639,  594,  118, 1102,  308,  737,  413,  889,  418,  475,  643,  446,  477, 1046,  971,  208,  895,  915,  663,  919,  692,  913,  906, 1000, 1166,  516, 1087,  823,  192,  388, 1165,  844,  337,  878,  719,  808,  262,  686,  951,  944,  416, 1007,  945,  900,  602,  985, 1051,  793,    0, 1229,  474,  542, 1044, 1160,  960,  416,  784],
        [  849,  849,  727,  950,  931,  494,  925,  496,  912,  758,  765, 1081,  820, 1074,  945,   98,  966,  935,  759,  841,  596,  874, 1073,  720,  644, 1208,  157, 1052,  502,  817,  902,  839,  783,  606,  827,  810,  183,  572, 1110,  859,  425,  569,  779,  569,  479,  344,  237,   66,  884,  153,  738, 1067,  997,   69,  532,  992,  770,  537,  436, 1130,  614,  280,  456,  820,  360,  405,  331,  669,  448,  307,  652, 1229,    0,  779,  935,  416,   73,  581,  962,  839],
        [  322,  322,  760,  427,  352,  701,  191,  329,  802,  433,  315,  312,  265,  484,  491,  686,  219,  582,   40,  540,  197,  289,  299,  205,  139,  490,  640,  280,  278,  137,  554,   60,   10,  285,   59,   69,  599,  690,  431,  539,  442,  255,  743,  338,  444,  442,  544,  714,  440,  649,  419,  361,  247,  719,  531,  385,  487,  348,  345,  484,  381,  510,  607,  184,  533,  472,  450,  302,  649,  578,  353,  474,  779,    0,  282,  698,  708,  683,  221,  430],
        [  132,  132, 1040,  678,   92,  961,  389,  439, 1083,  714,  595,  390,  124,  700,  751,  837,  142,  851,  322,  818,  442,   79,  364,  215,  381,  613,  780,  236,  472,  401,  348,  266,  273,  558,  234,  214,  772,  960,  602,  353,  523,  511, 1025,  606,  489,  597,  704,  872,  708,  831,  305,  526,  155,  886,  800,  612,  347,  610,  519,  669,  658,  702,  864,  450,  611,  550,  635,  583,  904,  667,  319,  542,  935,  282,    0,  947,  864,  955,  130,  246],
        [  914,  914,  313,  666,  982,   78,  765,  580,  502,  451,  518,  932,  865,  795,  631,  411,  916,  584,  662,  494,  509,  914,  934,  754,  571,  986,  439,  969,  487,  661, 1060,  747,  706,  423,  756,  756,  345,  160,  875, 1023,  593,  444,  368,  368,  656,  446,  393,  394,  583,  305,  878,  856,  944,  363,  203,  738,  934,  352,  465,  871,  358,  321,  100,  640,  592,  594,  373,  445,   60,  568,  771, 1044,  416,  698,  947,    0,  398,  171,  918,  959],
        [  779,  779,  703,  892,  861,  473,  856,  425,  882,  705,  705, 1011,  750, 1014,  890,   30,  894,  886,  689,  793,  526,  804, 1002,  649,  573, 1141,   91,  980,  431,  749,  840,  768,  711,  543,  756,  738,  116,  547, 1045,  797,  358,  502,  750,  508,  414,  272,  165,   10,  828,  103,  673, 1000,  925,   42,  490,  929,  708,  476,  364, 1067,  558,  214,  423,  753,  299,  340,  261,  607,  421,  248,  584, 1160,   73,  708,  864,  398,    0,  555,  890,  774],
        [  945,  945,  149,  551, 1004,   95,  707,  648,  333,  342,  438,  870,  891,  675,  502,  564,  898,  436,  644,  352,  517,  935,  876,  783,  576,  888,  582,  934,  532,  615, 1120,  723,  692,  399,  740,  748,  483,   13,  774, 1087,  687,  447,  199,  349,  747,  543,  517,  552,  463,  456,  939,  768,  923,  524,  156,  634, 1001,  348,  533,  759,  305,  434,  141,  583,  706,  695,  468,  393,  135,  692,  832,  960,  581,  683,  955,  171,  555,    0,  902, 1009],
