{
    "name": "random-83-5916",
    "comment": "size=83 seed=5916",
    "nodes": ["+0", "-0", "+1", "-1", "+2", "-2", "+3", "-3", "+4", "-4", "+5", "-5", "+6", "-6", "+7", "-7", "+8", "-8", "+9", "-9", "+10", "-10", "+11", "-11", "+12", "-12", "+13", "-13", "+14", "-14", "+15", "-15", "+16", "-16", "+17", "-17", "+18", "-18", "+19", "-19", "+20", "-20", "+21", "-21", "+22", "-22", "+23", "-23", "+24", "-24", "+25", "-25", "+26", "-26", "+27", "-27", "+28", "-28", "+29", "-29", "+30", "-30", "+31", "-31", "+32", "-32", "+33", "-33", "+34", "-34", "+35", "-35", "+36", "-36", "+37", "-37", "+38", "-38", "+39", "-39", "+40", "-40", "+41", "-41", "+42", "-42", "+43", "-43", "+44", "-44", "+45", "-45", "+46", "-46", "+47", "-47", "+48", "-48", "+49", "-49", "+50", "-50", "+51", "-51", "+52", "-52", "+53", "-53", "+54", "-54", "+55", "-55", "+56", "-56", "+57", "-57", "+58", "-58", "+59", "-59", "+60", "-60", "+61", "-61", "+62", "-62", "+63", "-63", "+64", "-64", "+65", "-65", "+66", "-66", "+67", "-67", "+68", "-68", "+69", "-69", "+70", "-70", "+71", "-71", "+72", "-72", "+73", "-73", "+74", "-74", "+75", "-75", "+76", "-76", "+77", "-77", "+78", "-78", "+79", "-79", "+80", "-80", "+81", "-81", "+82", "-82", "+83", "-83"],
    "precedence": {
        "+0": "-0",
        "+1": "-1",
        "+2": "-2",
        "+3": "-3",
        "+4": "-4",
        "+5": "-5",
        "+6": "-6",
        "+7": "-7",
        "+8": "-8",
        "+9": "-9",
        "+10": "-10",
        "+11": "-11",
        "+12": "-12",
        "+13": "-13",
        "+14": "-14",
        "+15": "-15",
        "+16": "-16",
        "+17": "-17",
        "+18": "-18",
        "+19": "-19",
        "+20": "-20",
        "+21": "-21",
        "+22": "-22",
        "+23": "-23",
        "+24": "-24",
        "+25": "-25",
        "+26": "-26",
        "+27": "-27",
        "+28": "-28",
        "+29": "-29",
        "+30": "-30",
        "+31": "-31",
        "+32": "-32",
        "+33": "-33",
        "+34": "-34",
        "+35": "-35",
        "+36": "-36",
        "+37": "-37",
        "+38": "-38",
        "+39": "-39",
        "+40": "-40",
        "+41": "-41",
        "+42": "-42",
        "+43": "-43",
        "+44": "-44",
        "+45": "-45",
        "+46": "-46",
        "+47": "-47",
        "+48": "-48",
        "+49": "-49",
        "+50": "-50",
        "+51": "-51",
        "+52": "-52",
        "+53": "-53",
        "+54": "-54",
        "+55": "-55",
        "+56": "-56",
        "+57": "-57",
        "+58": "-58",
        "+59": "-59",
        "+60": "-60",
        "+61": "-61",
        "+62": "-62",
        "+63": "-63",
        "+64": "-64",
        "+65": "-65",
        "+66": "-66",
        "+67": "-67",
        "+68": "-68",
        "+69": "-69",
        "+70": "-70",
        "+71": "-71",
        "+72": "-72",
        "+73": "-73",
        "+74": "-74",
        "+75": "-75",
        "+76": "-76",
        "+77": "-77",
        "+78": "-78",
        "+79": "-79",
        "+80": "-80",
        "+81": "-81",
        "+82": "-82",
        "+83": "-83"
    },
    "edges": [
        [    0,    0,  432,  288,  813,  462,  512,  429,  734,  712,  111,   85,  555,  836,  615,  692,  706, 1010,  487,  464,  606,  152,  720,  459,  625,  207,  636,  264,  394,  729,  313,  963,  620,  406,  584,  359,  493,  411,  389,  737,  771,  872,  642,  292,  415,  886,  220,  162,  229,  591,  540,  426,  336,  654,  662,  505,  464,  477,  473,  168,  272,  551,  767,  811,  593,  207, 1000,  270,  721,  800,  662,  324,  688,  429,   60,  192,  655,  596,  218,  931,  471,  465, 1032,  120,  629,  858,  706,  471,   40,  645,  679,  613,  705,  186,  754,  710,  725,  726,  368,  587,  182,  250,  417,  795,  632,  554,  574,  362,  214,  832,  917,  782,  719,  406,  626,  643,  514,  769,  716,  664,  301,  707,  471,  355,  528,  548,  178,  613,  211,  768,  831,  494,  129,  347,  599,  360,  247,  619,  392,  753,  696,  830,  171,  221,  203,  216,  463,  919,  607,  472,  273,  783,  780,  503,  217,  385,  565,  343,  439,  514,  317,  838,  751,  466, 1023,  756,  316,  489],
        [    0,    0,    0,    0,    0,    0,    0,    0,    0,    0,    0,    0,    0,    0,    0,    0,    0,    0,    0,    0,    0,    0,    0,    0,    0,    0,    0,    0,    0,    0,    0,    0,    0,    0,    0,    0,    0,    0,    0,    0,    0,    0,    0,    0,    0,    0,    0,    0,    0,    0,    0,    0,    0,    0,    0,    0,    0,    0,    0,    0,    0,    0,    0,    0,    0,    0,    0,    0,    0,    0,    0,    0,    0,    0,    0,    0,    0,    0,    0,    0,    0,    0,    0,    0,    0,    0,    0,    0,    0,    0,    0,    0,    0,    0,    0,    0,    0,    0,    0,    0,    0,    0,    0,    0,    0,    0,    0,    0,    0,    0,    0,    0,    0,    0,    0,    0,    0,    0,    0,    0,    0,    0,    0,    0,    0,    0,    0,    0,    0,    0,    0,    0,    0,    0,    0,    0,    0,    0,    0,    0,    0,    0,    0,    0,    0,    0,    0,    0,    0,    0,    0,    0,    0,    0,    0,    0,    0,    0,    0,    0,    0,    0,    0,    0,    0,    0,    0,    0],
        [  432,    0,    0,  661,  648,  534,  523,  614,  841,  295,  411,  452,  841,  583,  184,  575,  677,  793,  726,  747,  337,  473,  545,  570,  204,  498,  772,  309,  758,  768,  141,  787,  830,  748,  634,  494,   76,  110,  369,  439,  889,  812,  409,  590,  140,  813,  402,  588,  643,  360,  736,  458,  230,  671,  231,  830,   83,  168,  547,  269,  226,  135, 1002,  776,  163,  587,  792,  190,  295,  499,  584,  248,  484,  230,  380,  325,  261,  211,  633,  788,   41,  591,  826,  340,  868,  762,  753,  182,  409,  217,  272,  195,  283,  502,  580,  537,  582,  582,   74,  259,  331,  558,  462,  770,  334,  454,  377,  411,  256,  564,  762,  919,  292,  478,  764,  672,  778,  960,  970,  923,  689,  279,  432,  311,  244,  116,  577,  890,  518,  777,  751,  399,  554,  733,  168,  337,  189,  869,  607,  811,  829,  613,  430,  586,  236,  230,  302,  772,  191,  628,  161, 1020, 1027,  497,  284,  196,  462,  259,  654,  766,  662,  633,  760,  524,  839,  905,  201,  823],
        [  288,    0,  661,    0,  812,  398,  472,  284,  562,  955,  392,  224,  289,  889,  831,  683,  635, 1018,  268,  214,  712,  405,  743,  364,  863,  172,  461,  552,  107,  606,  522,  949,  395,  123,  488,  307,  703,  600,  438,  834,  586,  792,  719,  124,  681,  813,  278,  168,  323,  679,  342,  413,  480,  562,  888,  224,  664,  642,  403,  433,  550,  792,  511,  724,  805,  377, 1003,  537,  955,  890,  634,  460,  736,  560,  344,  339,  909,  770,  318,  899,  701,  355, 1032,  405,  384,  805,  581,  628,  285,  876,  859,  810,  944,  161,  769,  734,  725,  727,  611,  731,  332,  124,  400,  703,  749,  573,  647,  380,  406,  896,  893,  582,  920,  374,  452,  546,  270,  538,  453,  403,   41,  910,  485,  445,  663,  774,  338,  346,  447,  659,  771,  534,  273,  442,  819,  433,  478,  369,  238,  612,  513,  861,  445,  402,  465,  483,  557,  890,  802,  333,  509,  525,  517,  479,  501,  538,  583,  468,  261,  279,   54,  859,  644,  412, 1008,  553,  592,  205],
        [  813,    0,  648,  812,    0,  416,  341,  548,  484,  794,  880,  756,  755,  167,  638,  130,  233,  206,  639,  710,  318,  946,  105,  456,  733,  679,  502,  888,  842,  354,  611,  151,  634,  802,  360,  508,  597,  550,  425,  280,  521,  229,  243,  689,  786,  213,  604,  880, 1026,  289,  580,  407,  513,  307,  696,  813,  568,  481,  412,  750,  808,  718,  765,  244,  619, 1020,  192,  760,  755,  270,  181,  515,  166,  444,  803,  624,  822,  497, 1016,  140,  660,  472,  223,  815,  695,  152,  362,  468,  774,  713,  529,  570,  771,  704,   69,  113,   90,   88,  689,  412,  634,  698,  419,  257,  337,  260,  275,  460,  632,  199,  115,  567,  618,  442,  502,  325,  692,  670,  776,  756,  852,  621,  346,  464,  405,  660,  988,  768, 1007,  310,  168,  320,  927, 1154,  646,  454,  671,  712,  587,  397,  517,   99,  933, 1034,  742,  755,  378,  125,  564,  508,  675,  779,  801,  335,  833,  495,  249,  492,  589,  670,  770,   75,  306,  401,  211,  576,  809,  826],
        [  462,    0,  534,  398,  416,    0,   76,  142,  313,  800,  556,  387,  382,  510,  642,  287,  250,  621,  255,  314,  394,  611,  355,   51,  713,  283,  239,  632,  429,  273,  417,  552,  315,  391,  124,  106,  532,  430,  166,  491,  359,  415,  370,  275,  632,  433,  245,  485,  644,  348,  227,   77,  307,  192,  709,  419,  487,  418,   14,  473,  575,  659,  486,  352,  614,  657,  606,  534,  781,  536,  237,  291,  363,  323,  474,  308,  787,  528,  635,  503,  568,   74,  634,  510,  365,  414,  250,  399,  426,  710,  609,  593,  782,  310,  377,  347,  331,  333,  528,  455,  314,  289,   73,  335,  437,  200,  308,  130,  357,  522,  496,  387,  693,   64,  230,  182,  314,  430,  467,  428,  438,  687,  134,  224,  392,  615,  620,  414,  672,  307,  383,  192,  552,  775,  638,  199,  435,  374,  174,  304,  296,  473,  617,  675,  483,  502,  271,  494,  585,  119,  456,  503,  516,   92,  569,  341,  207,  277,  189,  293,  355,  467,  290,   18,  611,  371,  598,  427],
        [  512,    0,  523,  472,  341,   76,    0,  215,  321,  773,  599,  442,  449,  435,  611,  212,  195,  547,  323,  386,  338,  658,  280,  122,  688,  348,  267,  657,  505,  250,  419,  479,  366,  466,  112,  171,  511,  415,  163,  425,  369,  360,  305,  349,  633,  375,  293,  551,  706,  290,  285,   88,  305,  157,  679,  491,  467,  390,   75,  501,  594,  640,  531,  302,  584,  713,  532,  550,  750,  467,  164,  293,  291,  299,  518,  342,  767,  488,  697,  434,  553,  142,  561,  547,  421,  350,  232,  370,  474,  682,  564,  557,  754,  374,  302,  272,  255,  257,  528,  409,  350,  360,   96,  287,  381,  133,  248,  155,  380,  449,  425,  404,  651,  110,  261,  153,  381,  464,  519,  484,  512,  647,   93,  224,  351,  593,  677,  477,  720,  272,  321,  143,  611,  836,  609,  200,  450,  432,  250,  290,  317,  397,  659,  730,  506,  524,  236,  424,  549,  186,  467,  548,  563,   29,  595,  327,  137,  275,  261,  360,  430,  392,  254,   61,  539,  394,  612,  500],
        [  429,    0,  614,  284,  548,  142,  215,    0,  306,  897,  536,  346,  248,  650,  746,  421,  353,  751,  120,  173,  527,  579,  494,   94,  807,  224,  207,  646,  296,  326,  482,  676,  219,  255,  205,  121,  627,  519,  269,  630,  342,  508,  509,  171,  690,  530,  245,  405,  571,  484,  125,  196,  387,  279,  811,  278,  582,  525,  141,  490,  605,  746,  389,  440,  718,  600,  735,  572,  883,  676,  367,  368,  504,  429,  459,  328,  874,  644,  564,  621,  652,   76,  762,  507,  254,  524,  301,  506,  400,  809,  729,  704,  881,  248,  515,  486,  466,  468,  593,  579,  329,  201,  185,  420,  569,  341,  444,  211,  394,  663,  618,  354,  808,  158,  197,  262,  179,  359,  357,  312,  322,  801,  268,  313,  513,  709,  561,  287,  636,  376,  489,  326,  491,  700,  739,  289,  479,  257,   47,  338,  268,  611,  598,  622,  509,  530,  391,  614,  695,   50,  505,  407,  413,  233,  583,  434,  348,  361,   49,  161,  234,  604,  361,  159,  733,  330,  636,  286],
        [  734,    0,  841,  562,  484,  313,  321,  306,    0, 1093,  839,  651,  355,  639,  930,  402,  255,  649,  297,  366,  636,  885,  492,  290, 1009,  530,  102,  935,  530,  131,  729,  555,  203,  483,  210,  390,  831,  734,  474,  690,   49,  322,  584,  468,  944,  350,  535,  704,  871,  587,  220,  385,  617,  202,  997,  439,  787,  710,  300,  776,  884,  961,  287,  263,  903,  905,  628,  845, 1068,  712,  347,  602,  537,  620,  760,  610, 1088,  802,  864,  484,  873,  276,  644,  804,  257,  379,  125,  690,  703, 1002,  873,  874, 1073,  554,  491,  489,  440,  441,  840,  718,  614,  503,  384,  243,  677,  427,  546,  442,  666,  664,  497,   89,  962,  375,  112,  191,  320,  187,  310,  305,  593,  960,  414,  534,  667,  913,  865,  340,  942,  182,  344,  459,  795,  997,  929,  509,  746,  279,  348,   93,   54,  577,  901,  927,  790,  810,  556,  485,  866,  262,  768,  299,  323,  349,  872,  646,  425,  587,  308,  301,  508,  557,  181,  320,  599,   93,  909,  462],
        [  712,    0,  295,  955,  794,  800,  773,  897, 1093,    0,  666,  742, 1131,  673,  165,  762,  892,  879, 1013, 1038,  489,  718,  703,  842,   93,  793, 1036,  519, 1052, 1001,  436,  905, 1109, 1043,  884,  777,  271,  379,  636,  523, 1141,  997,  561,  884,  310,  991,  696,  872,  902,  532, 1015,  724,  511,  905,  100, 1123,  316,  384,  812,  544,  458,  163, 1281,  977,  190,  835,  886,  445,   48,  562,  790,  532,  636,  478,  654,  620,   81,  304,  893,  928,  255,  865,  916,  605, 1151,  933,  990,  404,  693,   91,  268,  228,   24,  797,  731,  698,  753,  752,  347,  393,  626,  853,  731,  977,  460,  674,  566,  688,  550,  644,  898, 1176,  190,  751, 1028,  910, 1066, 1230, 1253, 1208,  982,  182,  680,  586,  431,  189,  834, 1179,  748,  997,  932,  634,  823,  973,  164,  610,  478, 1153,  895, 1048, 1089,  726,  667,  829,  510,  497,  538,  912,  235,  905,  448, 1299, 1308,  745,  524,  465,  678,  537,  939, 1053,  956,  752,  982,  788,  945, 1166,  417, 1117],
        [  111,    0,  411,  392,  880,  556,  599,  536,  839,  666,    0,  195,  665,  884,  592,  764,  794, 1069,  597,  574,  642,   69,  782,  558,  586,  316,  742,  172,  497,  827,  320, 1031,  730,  512,  679,  456,  480,  418,  461,  771,  877,  958,  689,  402,  358,  971,  311,  245,  237,  635,  649,  511,  377,  747,  630,  612,  460,  494,  568,  151,  209,  512,  877,  900,  573,  177, 1061,  226,  683,  835,  740,  371,  743,  465,   82,  260,  602,  600,  227, 1004,  445,  566, 1095,   75,  740,  938,  804,  491,  137,  610,  676,  603,  663,  296,  817,  772,  793,  794,  339,  607,  252,  360,  504,  885,  663,  623,  625,  445,  252,  876,  987,  889,  702,  496,  732,  737,  625,  879,  826,  775,  400,  689,  547,  416,  555,  521,  169,  723,  128,  863,  913,  561,  164,  324,  575,  428,  246,  730,  500,  853,  802,  887,   63,  178,  178,  182,  513,  991,  598,  577,  263,  893,  890,  586,  143,  416,  634,  392,  548,  625,  425,  897,  845,  558, 1090,  864,  252,  595],
        [   85,    0,  452,  224,  756,  387,  442,  346,  651,  742,  195,    0,  476,  793,  630,  632,  635,  957,  403,  383,  576,  234,  668,  380,  652,  123,  552,  335,  329,  651,  319,  905,  536,  334,  507,  282,  503,  410,  335,  706,  687,  800,  604,  209,  459,  816,  153,  146,  270,  555,  456,  359,  312,  578,  682,  431,  469,  466,  398,  210,  327,  579,  685,  738,  605,  271,  946,  315,  746,  767,  598,  296,  642,  403,  128,  157,  692,  591,  260,  869,  492,  384,  978,  187,  547,  791,  627,  457,   65,  668,  678,  619,  732,  102,  700,  658,  667,  669,  395,  570,  147,  167,  348,  721,  606,  497,  533,  299,  206,  792,  856,  698,  727,  334,  542,  567,  432,  685,  635,  583,  245,  716,  411,  311,  506,  567,  235,  533,  292,  692,  762,  442,  171,  398,  616,  311,  264,  537,  308,  673,  612,  782,  255,  289,  242,  261,  425,  857,  611,  389,  294,  701,  699,  436,  281,  367,  509,  312,  355,  432,  243,  787,  674,  393,  965,  672,  369,  417],
        [  555,    0,  841,  289,  755,  382,  449,  248,  355, 1131,  665,  476,    0,  878,  984,  637,  532,  949,  128,   97,  773,  688,  720,  332, 1039,  369,  276,  809,  211,  449,  702,  863,  152,  172,  396,  361,  862,  754,  514,  872,  360,  655,  752,  271,  897,  681,  443,  457,  609,  729,  175,  443,  621,  453, 1049,   91,  818,  768,  378,  668,  789,  974,  223,  588,  957,  666,  930,  765, 1120,  915,  579,  600,  739,  673,  603,  527, 1101,  889,  605,  799,  880,  309,  953,  661,  111,  694,  429,  749,  540, 1044,  975,  946, 1115,  379,  734,  713,  683,  685,  809,  826,  525,  312,  432,  566,  816,  580,  689,  454,  599,  894,  804,  340, 1052,  405,  271,  435,   69,  266,  164,  115,  304, 1045,  513,  553,  759,  943,  627,   58,  733,  508,  657,  572,  562,  720,  977,  531,  683,   90,  238,  434,  301,  831,  722,  690,  694,  715,  638,  796,  938,  264,  712,  236,  228,  471,  752,  672,  586,  597,  200,   90,  245,  819,  499,  399,  916,  309,  827,  115],
        [  836,    0,  583,  889,  167,  510,  435,  650,  639,  673,  884,  793,  878,    0,  530,  245,  384,  213,  755,  820,  252,  952,  159,  557,  626,  737,  644,  859,  936,  511,  583,  234,  770,  899,  487,  583,  520,  502,  463,  153,  679,  394,  196,  768,  723,  376,  647,  929, 1060,  249,  705,  477,  507,  448,  580,  925,  500,  424,  510,  741,  774,  624,  913,  410,  516, 1040,  216,  727,  630,  115,  304,  515,  154,  421,  814,  645,  713,  397, 1050,  271,  585,  577,  248,  813,  830,  317,  515,  416,  797,  600,  406,  463,  650,  760,  150,  166,  202,  200,  637,  326,  655,  768,  491,  422,  249,  317,  262,  513,  633,   34,  240,  725,  487,  517,  642,  465,  812,  822,  919,  893,  929,  493,  404,  483,  347,  567, 1013,  898, 1011,  472,  335,  358,  959, 1182,  542,  482,  652,  845,  683,  556,  666,   70,  930, 1051,  726,  735,  374,  256,  459,  618,  648,  928,  949,  419,  811,  472,  308,  494,  696,  790,  854,   97,  466,  493,  272,  731,  767,  935],
        [  615,    0,  184,  831,  638,  642,  611,  746,  930,  165,  592,  630,  984,  530,    0,  599,  728,  741,  863,  894,  327,  653,  544,  685,   97,  663,  876,  475,  923,  837,  312,  758,  953,  909,  721,  626,  128,  234,  480,  378,  978,  836,  401,  749,  270,  831,  561,  769,  826,  369,  861,  566,  365,  741,   68,  984,  169,  224,  653,  452,  398,  112, 1125,  814,   28,  768,  745,  368,  140,  425,  626,  386,  477,  320,  563,  492,  185,  143,  815,  775,  148,  708,  777,  523,  997,  774,  826,  244,  590,   76,  135,   69,  144,  670,  574,  539,  592,  592,  254,  231,  499,  721,  574,  813,  302,  510,  402,  535,  427,  503,  746, 1014,  113,  595,  868,  746,  918, 1070, 1100, 1056,  862,   99,  519,  433,  266,   74,  759, 1030,  694,  833,  771,  471,  737,  913,   19,  457,  370, 1001,  747,  884,  927,  578,  607,  766,  419,  412,  376,  759,   74,  750,  343, 1143, 1153,  583,  461,  313,  514,  388,  789,  904,  826,  603,  818,  629,  801, 1004,  364,  980],
        [  692,    0,  575,  683,  130,  287,  212,  421,  402,  762,  764,  632,  637,  245,  599,    0,  150,  336,  518,  586,  274,  828,   91,  328,  691,  550,  400,  786,  715,  278,  516,  274,  526,  675,  244,  379,  535,  469,  304,  293,  445,  240,  204,  560,  707,  239,  479,  752,  901,  231,  464,  279,  409,  205,  662,  690,  499,  411,  284,  641,  710,  663,  670,  217,  576,  897,  321,  662,  728,  311,   60,  407,  141,  353,  685,  505,  778,  458,  891,  241,  593,  345,  351,  702,  586,  189,  278,  394,  652,  675,  510,  534,  739,  576,   98,   87,   46,   48,  605,  369,  514,  568,  291,  219,  306,  142,  201,  334,  520,  267,  225,  489,  602,  313,  397,  221,  573,  582,  674,  649,  723,  602,  221,  350,  342,  606,  865,  655,  890,  252,  177,  205,  802, 1029,  604,  337,  568,  602,  459,  326,  425,  194,  819,  912,  637,  652,  282,  228,  527,  384,  576,  685,  705,  205,  728,  401,  131,  385,  464,  550,  641,  184,  241,  272,  334,  493,  716,  702],
        [  706,    0,  677,  635,  233,  250,  195,  353,  255,  892,  794,  635,  532,  384,  728,  150,    0,  418,  425,  499,  410,  853,  239,  273,  816,  533,  271,  846,  645,  129,  594,  332,  403,  601,  149,  356,  649,  568,  346,  443,  297,  166,  347,  516,  800,  183,  487,  734,  894,  363,  358,  283,  480,   80,  793,  597,  609,  523,  241,  691,  778,  779,  533,  107,  703,  905,  399,  732,  861,  460,  105,  471,  290,  448,  712,  536,  900,  590,  885,  271,  701,  281,  421,  741,  464,  171,  131,  504,  669,  803,  650,  666,  870,  560,  236,  237,  185,  187,  695,  502,  544,  535,  291,   96,  447,  224,  327,  349,  570,  410,  273,  342,  742,  302,  271,   98,  474,  439,  544,  525,  673,  741,  262,  404,  463,  726,  869,  540,  914,  106,  136,  279,  801, 1024,  730,  384,  633,  482,  398,  176,  285,  323,  853,  923,  694,  712,  375,  266,  658,  307,  647,  547,  569,  209,  785,  488,  218,  451,  387,  451,  587,  305,   93,  243,  387,  348,  792,  613],
        [ 1010,    0,  793, 1018,  206,  621,  547,  751,  649,  879, 1069,  957,  949,  213,  741,  336,  418,    0,  838,  910,  458, 1136,  290,  660,  836,  883,  686, 1060, 1047,  522,  782,   98,  819, 1005,  558,  714,  731,  707,  623,  364,  679,  339,  392,  895,  933,  312,  805, 1084, 1227,  446,  775,  612,  695,  496,  788, 1012,  710,  631,  617,  933,  976,  836,  935,  388,  727, 1216,   23,  929,  835,  318,  386,  700,  328,  615,  995,  819,  923,  609, 1217,  170,  796,  676,   38, 1001,  880,  271,  535,  621,  970,  809,  613,  674,  856,  908,  257,  300,  294,  293,  844,  537,  829,  904,  625,  407,  460,  460,  447,  662,  818,  238,  153,  724,  691,  648,  687,  515,  889,  834,  954,  939, 1058,  698,  548,  656,  553,  779, 1186,  957, 1197,  468,  306,  516, 1127, 1353,  753,  650,  848,  899,  792,  557,  690,  185, 1119, 1229,  921,  932,  558,  166,  670,  711,  847,  947,  971,  540, 1009,  667,  449,  678,  792,  867,  976,  173,  470,  607,   84,  739,  972, 1026],
        [  487,    0,  726,  268,  639,  255,  323,  120,  297, 1013,  597,  403,  128,  755,  863,  518,  425,  838,    0,   75,  646,  631,  597,  204,  921,  284,  200,  726,  235,  362,  590,  756,  135,  189,  281,  237,  743,  634,  389,  745,  319,  563,  624,  196,  793,  588,  338,  422,  586,  601,   79,  315,  502,  346,  928,  174,  698,  644,  251,  576,  696,  859,  288,  495,  835,  630,  820,  666, 1000,  789,  460,  481,  613,  548,  526,  423,  986,  764,  580,  696,  765,  182,  845,  581,  149,  593,  339,  625,  464,  925,  849,  823,  996,  302,  614,  590,  563,  565,  699,  699,  423,  238,  304,  473,  688,  453,  561,  330,  494,  771,  697,  315,  928,  278,  192,  328,   59,  284,  247,  198,  297,  921,  385,  430,  633,  824,  590,  168,  682,  420,  556,  444,  521,  708,  856,  407,  579,  145,  119,  358,  247,  711,  657,  653,  599,  620,  511,  690,  814,  138,  607,  305,  308,  344,  666,  550,  459,  477,   74,   41,  215,  701,  408,  272,  811,  286,  730,  189],
        [  464,    0,  747,  214,  710,  314,  386,  173,  366, 1038,  574,  383,   97,  820,  894,  586,  499,  910,   75,    0,  697,  601,  663,  265,  946,  273,  271,  715,  164,  437,  608,  829,  183,  118,  353,  275,  770,  662,  430,  802,  383,  638,  681,  176,  802,  663,  348,  378,  537,  654,  151,  366,  529,  420,  958,  106,  726,  679,  312,  572,  693,  881,  305,  569,  866,  588,  892,  669, 1029,  849,  530,  508,  676,  585,  510,  431, 1006,  803,  532,  769,  786,  244,  917,  567,  172,  667,  414,  662,  447,  952,  890,  858, 1023,  285,  682,  656,  632,  634,  713,  743,  429,  217,  354,  548,  739,  513,  615,  369,  503,  834,  770,  374,  965,  326,  264,  401,   56,  325,  252,  201,  237,  957,  439,  465,  676,  850,  548,  152,  649,  494,  631,  497,  480,  655,  885,  444,  587,  158,  152,  431,  314,  778,  633,  612,  598,  619,  555,  764,  849,  203,  617,  320,  316,  405,  657,  581,  520,  507,  126,   68,  164,  770,  482,  331,  885,  344,  731,  117],
        [  606,    0,  337,  712,  318,  394,  338,  527,  636,  489,  642,  576,  773,  252,  327,  274,  410,  458,  646,  697,    0,  711,  219,  444,  421,  545,  601,  608,  779,  529,  334,  451,  703,  750,  436,  427,  281,  251,  277,  131,  683,  509,   76,  600,  477,  504,  443,  719,  834,   49,  619,  332,  270,  437,  390,  799,  255,  174,  401,  496,  523,  401,  868,  490,  306,  806,  456,  476,  455,  194,  306,  283,  153,  179,  577,  421,  509,  186,  824,  457,  345,  467,  490,  570,  757,  447,  521,  165,  569,  403,  240,  261,  466,  564,  251,  212,  265,  265,  387,   97,  431,  589,  344,  490,   43,  211,   91,  338,  396,  238,  430,  723,  332,  371,  595,  446,  705,  797,  856,  820,  750,  331,  261,  271,   96,  343,  782,  808,  768,  516,  444,  203,  733,  951,  334,  280,  404,  766,  546,  576,  644,  276,  685,  814,  479,  486,  156,  441,  255,  513,  398,  885,  901,  311,  562,  227,  211,  265,  575,  685,  687,  296,  502,  377,  502,  719,  516,  803],
        [  152,    0,  473,  405,  946,  611,  658,  579,  885,  718,   69,  234,  688,  952,  653,  828,  853, 1136,  631,  601,  711,    0,  849,  610,  640,  356,  786,  206,  507,  880,  387, 1096,  765,  528,  734,  509,  544,  485,  525,  839,  921, 1018,  757,  435,  409, 1031,  367,  244,  190,  703,  688,  571,  445,  803,  687,  628,  526,  561,  623,  219,  261,  568,  905,  959,  635,  118, 1128,  285,  737,  903,  803,  438,  810,  533,  144,  323,  650,  666,  182, 1068,  505,  616, 1161,  143,  770, 1000,  856,  559,  186,  666,  740,  666,  716,  334,  883,  839,  858,  860,  400,  675,  315,  394,  563,  943,  731,  688,  693,  505,  319,  944, 1052,  931,  763,  553,  776,  792,  653,  914,  851,  800,  406,  750,  610,  482,  624,  580,  121,  746,   62,  918,  975,  626,  145,  261,  635,  492,  314,  758,  541,  904,  846,  954,   55,  114,  244,  245,  580, 1056,  661,  623,  329,  920,  915,  647,  195,  485,  699,  460,  588,  656,  444,  964,  900,  615, 1156,  905,  302,  609],
        [  720,    0,  545,  743,  105,  355,  280,  494,  492,  703,  782,  668,  720,  159,  544,   91,  239,  290,  597,  663,  219,  849,    0,  401,  638,  599,  489,  785,  784,  367,  508,  252,  613,  746,  329,  436,  496,  446,  334,  210,  535,  298,  144,  621,  682,  289,  517,  797,  938,  186,  547,  331,  412,  295,  604,  768,  465,  378,  355,  650,  704,  618,  760,  291,  523,  927,  280,  656,  666,  222,  148,  414,   67,  340,  707,  530,  726,  402,  928,  244,  558,  420,  313,  716,  673,  231,  368,  364,  681,  619,  443,  477,  680,  624,   36,   10,   56,   55,  585,  315,  539,  625,  344,  297,  243,  173,  171,  376,  532,  178,  219,  579,  534,  370,  486,  311,  654,  672,  763,  736,  783,  535,  262,  368,  302,  561,  897,  740,  910,  337,  232,  227,  837, 1064,  551,  360,  569,  688,  529,  414,  515,  119,  834,  940,  641,  653,  276,  228,  470,  461,  572,  775,  795,  267,  731,  391,  163,  392,  539,  632,  705,  120,  327,  339,  310,  583,  705,  779],
        [  459,    0,  570,  364,  456,   51,  122,   94,  290,  842,  558,  380,  332,  557,  685,  328,  273,  660,  204,  265,  444,  610,  401,    0,  753,  267,  206,  646,  387,  272,  447,  587,  269,  347,  130,  103,  573,  468,  206,  541,  333,  434,  420,  243,  662,  454,  249,  465,  628,  399,  178,  120,  341,  205,  752,  370,  528,  462,   48,  487,  595,  698,  440,  368,  658,  646,  644,  556,  825,  586,  275,  324,  412,  366,  477,  321,  826,  574,  619,  535,  606,   24,  672,  518,  317,  442,  248,  443,  424,  752,  657,  639,  824,  294,  421,  393,  373,  375,  560,  503,  325,  263,  112,  349,  487,  250,  358,  160,  377,  570,  531,  357,  739,   93,  196,  191,  263,  390,  419,  379,  403,  734,  184,  260,  440,  656,  609,  364,  669,  314,  408,  242,  539,  758,  681,  235,  458,  324,  132,  295,  266,  517,  620,  666,  500,  521,  318,  527,  630,   69,  482,  458,  469,  141,  583,  380,  256,  312,  140,  243,  318,  511,  297,   68,  646,  339,  621,  379],
        [  625,    0,  204,  863,  733,  713,  688,  807, 1009,   93,  586,  652, 1039,  626,   97,  691,  816,  836,  921,  946,  421,  640,  638,  753,    0,  701,  949,  448,  961,  921,  344,  854, 1019,  951,  800,  686,  181,  288,  548,  474, 1057,  929,  495,  792,  235,  924,  604,  784,  822,  460,  925,  636,  420,  824,   63, 1031,  226,  299,  724,  457,  380,   74, 1191,  905,  115,  757,  841,  361,   98,  519,  715,  440,  571,  391,  569,  528,   89,  237,  812,  871,  163,  776,  872,  522, 1060,  868,  909,  319,  605,   34,  226,  165,   81,  705,  669,  633,  686,  685,  258,  324,  534,  761,  642,  903,  397,  595,  492,  598,  459,  598,  842, 1091,  175,  662,  941,  829,  975, 1142, 1163, 1117,  891,  162,  595,  495,  353,   98,  754, 1087,  675,  920,  864,  551,  740,  898,   88,  520,  388, 1062,  803,  967, 1003,  674,  591,  752,  423,  412,  454,  855,  170,  815,  358, 1209, 1218,  660,  446,  375,  600,  446,  848,  962,  865,  699,  904,  700,  897, 1080,  340, 1025],
        [  207,    0,  498,  172,  679,  283,  348,  224,  530,  793,  316,  123,  369,  737,  663,  550,  533,  883,  284,  273,  545,  356,  599,  267,  701,    0,  431,  444,  260,  537,  358,  823,  416,  251,  397,  178,  536,  431,  277,  671,  566,  698,  559,   99,  535,  715,  107,  203,  362,  515,  334,  272,  309,  471,  722,  338,  495,  471,  293,  300,  421,  632,  569,  633,  637,  380,  870,  398,  791,  729,  509,  289,  584,  390,  243,  174,  753,  599,  353,  781,  539,  269,  901,  298,  430,  696,  512,  457,  181,  712,  688,  640,  781,   27,  629,  590,  590,  592,  455,  561,  168,   61,  260,  615,  582,  427,  486,  225,  244,  741,  771,  576,  750,  240,  421,  457,  319,  565,  522,  471,  208,  740,  338,  276,  493,  609,  342,  425,  412,  581,  665,  380,  273,  492,  652,  266,  324,  423,  186,  556,  491,  717,  377,  401,  327,  348,  390,  770,  632,  270,  354,  586,  585,  347,  385,  367,  437,  297,  233,  315,  164,  718,  564,  292,  883,  550,  459,  328],
        [  636,    0,  772,  461,  502,  239,  267,  207,  102, 1036,  742,  552,  276,  644,  876,  400,  271,  686,  200,  271,  601,  786,  489,  206,  949,  431,    0,  845,  434,  174,  652,  596,  134,  388,  167,  301,  769,  668,  404,  672,  136,  380,  558,  367,  867,  407,  443,  603,  769,  552,  122,  315,  544,  197,  943,  354,  724,  653,  227,  686,  797,  897,  273,  314,  848,  804,  666,  760, 1015,  703,  341,  527,  524,  559,  664,  521, 1025,  755,  762,  529,  806,  188,  686,  710,  195,  423,  155,  633,  606,  945,  831,  824, 1017,  454,  495,  484,  442,  444,  764,  675,  524,  402,  310,  292,  643,  390,  510,  364,  581,  666,  537,  153,  918,  296,   10,  180,  230,  197,  276,  255,  493,  914,  358,  462,  618,  852,  764,  274,  843,  233,  386,  410,  694,  896,  873,  436,  663,  214,  247,  161,   62,  588,  804,  826,  702,  723,  501,  527,  815,  166,  686,  289,  307,  296,  782,  579,  391,  515,  206,  209,  408,  572,  225,  250,  646,  134,  825,  374],
        [  264,    0,  309,  552,  888,  632,  657,  646,  935,  519,  172,  335,  809,  859,  475,  786,  846, 1060,  726,  715,  608,  206,  785,  646,  448,  444,  845,    0,  658,  902,  279, 1036,  855,  668,  754,  546,  385,  360,  500,  727,  977, 1003,  668,  540,  213, 1012,  403,  415,  395,  614,  767,  572,  377,  813,  500,  766,  380,  440,  645,  160,   87,  379, 1013,  953,  462,  320, 1055,  133,  543,  790,  775,  380,  734,  446,  209,  326,  449,  518,  387, 1021,  333,  659, 1089,  149,  873,  971,  881,  445,  271,  476,  581,  502,  519,  431,  820,  775,  807,  808,  238,  550,  322,  498,  568,  941,  618,  646,  616,  506,  278,  845, 1001,  996,  588,  569,  835,  806,  762, 1002,  965,  914,  564,  574,  586,  443,  514,  402,  326,  866,  230,  929,  951,  583,  335,  455,  457,  462,  218,  866,  617,  935,  906,  875,  152,  312,  152,  135,  510, 1007,  498,  680,  214, 1029, 1029,  639,   64,  395,  657,  402,  668,  759,  577,  890,  911,  630, 1093,  974,  112,  751],
        [  394,    0,  758,  107,  842,  429,  505,  296,  530, 1052,  497,  329,  211,  936,  923,  715,  645, 1047,  235,  164,  779,  507,  784,  387,  961,  260,  434,  658,    0,  595,  617,  971,  342,   47,  497,  356,  796,  691,  503,  896,  546,  793,  777,  181,  784,  816,  364,  264,  403,  742,  313,  461,  566,  568,  982,  130,  755,  726,  432,  538,  656,  890,  431,  724,  897,  467, 1030,  642, 1051,  949,  662,  545,  785,  639,  450,  433, 1010,  854,  401,  915,  798,  372, 1057,  511,  317,  816,  572,  710,  391,  972,  943,  898, 1040,  256,  806,  775,  759,  761,  711,  808,  427,  203,  448,  703,  818,  620,  707,  442,  503,  946,  913,  535, 1008,  420,  427,  551,  214,  474,  370,  323,  102,  998,  536,  520,  739,  869,  429,  263,  545,  652,  780,  590,  370,  511,  912,  504,  578,  298,  256,  593,  477,  901,  548,  492,  569,  588,  627,  908,  890,  339,  609,  443,  432,  518,  607,  622,  628,  550,  259,  230,   98,  896,  639,  445, 1028,  504,  698,  107],
        [  729,    0,  768,  606,  354,  273,  250,  326,  131, 1001,  827,  651,  449,  511,  837,  278,  129,  522,  362,  437,  529,  880,  367,  272,  921,  537,  174,  902,  595,    0,  669,  429,  306,  549,  149,  372,  749,  659,  413,  570,  169,  206,  470,  496,  882,  233,  516,  729,  894,  480,  286,  332,  555,   98,  904,  525,  706,  624,  260,  743,  841,  880,  415,  141,  812,  917,  501,  799,  973,  588,  228,  543,  417,  540,  746,  580, 1004,  703,  886,  360,  796,  269,  518,  782,  366,  253,   25,  604,  694,  911,  768,  778,  981,  563,  363,  365,  313,  315,  777,  617,  586,  524,  335,  119,  567,  328,  441,  397,  626,  537,  370,  215,  859,  335,  178,   98,  400,  317,  433,  421,  642,  858,  338,  474,  571,  829,  878,  446,  940,   60,  217,  372,  809, 1024,  838,  450,  698,  386,  372,   49,  169,  448,  888,  937,  752,  771,  471,  359,  770,  276,  717,  428,  451,  274,  839,  574,  324,  525,  345,  379,  554,  428,   53,  273,  476,  223,  861,  545],
        [  313,    0,  141,  522,  611,  417,  419,  482,  729,  436,  320,  319,  702,  583,  312,  516,  594,  782,  590,  608,  334,  387,  508,  447,  344,  358,  652,  279,  617,  669,    0,  759,  699,  607,  527,  362,  185,  100,  258,  458,  775,  742,  391,  449,  216,  748,  262,  461,  537,  337,  606,  344,  115,  574,  367,  689,  152,  174,  430,  169,  197,  275,  870,  698,  287,  493,  777,  149,  434,  522,  512,  128,  456,  168,  268,  185,  400,  284,  526,  747,  182,  467,  811,  246,  734,  703,  651,  174,  284,  355,  366,  302,  424,  362,  544,  499,  533,  534,  113,  288,  191,  418,  345,  689,  348,  380,  338,  288,  117,  571,  725,  802,  409,  356,  643,  572,  640,  834,  836,  788,  551,  398,  335,  197,  241,  253,  475,  753,  441,  686,  686,  318,  441,  641,  298,  221,   74,  734,  471,  708,  711,  597,  356,  497,  147,  153,  235,  732,  295,  500,   66,  888,  894,  396,  229,  117,  390,  145,  519,  629,  521,  612,  668,  409,  815,  785,  202,  682],
        [  963,    0,  787,  949,  151,  552,  479,  676,  555,  905, 1031,  905,  863,  234,  758,  274,  332,   98,  756,  829,  451, 1096,  252,  587,  854,  823,  596, 1036,  971,  429,  759,    0,  730,  928,  477,  649,  731,  693,  575,  382,  584,  242,  379,  826,  926,  215,  752, 1025, 1174,  430,  690,  552,  663,  411,  810,  929,  705,  621,  546,  901,  955,  846,  841,  293,  741, 1169,   75,  907,  863,  349,  316,  665,  306,  591,  954,  775,  942,  620, 1164,   73,  796,  600,   90,  965,  790,  177,  444,  609,  924,  830,  637,  690,  882,  849,  217,  262,  239,  238,  832,  540,  784,  838,  564,  313,  463,  410,  422,  607,  782,  266,   60,  628,  721,  585,  598,  430,  805,  739,  862,  848,  989,  726,  494,  615,  544,  787, 1138,  869, 1158,  374,  212,  471, 1076, 1302,  768,  605,  820,  810,  718,  463,  597,  181, 1084, 1184,  892,  905,  527,   71,  685,  633,  823,  853,  877,  477,  982,  643,  399,  643,  714,  783,  905,  157,  376,  539,   61,  644,  955,  944],
        [  620,    0,  830,  395,  634,  315,  366,  219,  203, 1109,  730,  536,  152,  770,  953,  526,  403,  819,  135,  183,  703,  765,  613,  269, 1019,  416,  134,  855,  342,  306,  699,  730,    0,  297,  284,  338,  838,  732,  473,  786,  209,  511,  669,  331,  909,  538,  460,  554,  716,  656,   95,  388,  602,  328, 1020,  239,  793,  730,  306,  702,  820,  960,  173,  446,  925,  763,  799,  788, 1092,  822,  467,  583,  643,  634,  658,  544, 1089,  842,  711,  663,  867,  245,  820,  711,   62,  557,  288,  711,  596, 1019,  923,  907, 1091,  435,  622,  607,  570,  572,  811,  769,  544,  372,  380,  425,  746,  497,  614,  421,  611,  790,  670,  193, 1007,  359,  133,  310,  129,  150,  154,  123,  420, 1002,  447,  524,  707,  921,  723,  141,  816,  365,  520,  504,  654,  836,  948,  499,  696,   81,  239,  285,  150,  717,  791,  787,  723,  744,  585,  661,  898,  204,  723,  191,  201,  392,  794,  645,  500,  574,  188,  117,  343,  702,  358,  330,  780,  162,  853,  262],
        [  406,    0,  748,  123,  802,  391,  466,  255,  483, 1043,  512,  334,  172,  899,  909,  675,  601, 1005,  189,  118,  750,  528,  746,  347,  951,  251,  388,  668,   47,  549,  607,  928,  297,    0,  453,  324,  782,  676,  475,  865,  500,  747,  745,  161,  783,  771,  349,  290,  438,  712,  267,  427,  548,  524,  970,  101,  740,  706,  392,  540,  660,  882,  394,  679,  882,  497,  988,  642, 1039,  916,  621,  527,  750,  617,  459,  423, 1003,  834,  434,  871,  789,  330, 1015,  520,  274,  771,  526,  690,  398,  961,  922,  881, 1030,  251,  767,  737,  720,  721,  705,  784,  418,  190,  414,  657,  790,  585,  676,  413,  495,  910,  870,  489,  990,  386,  380,  506,  168,  431,  334,  286,  133,  981,  503,  496,  715,  858,  458,  227,  569,  606,  736,  558,  395,  549,  899,  479,  573,  256,  217,  546,  431,  863,  566,  522,  570,  590,  600,  865,  873,  296,  604,  407,  397,  480,  615,  604,  593,  530,  215,  184,   92,  857,  593,  407,  985,  459,  701,   83],
        [  584,    0,  634,  488,  360,  124,  112,  205,  210,  884,  679,  507,  396,  487,  721,  244,  149,  558,  281,  353,  436,  734,  329,  130,  800,  397,  167,  754,  497,  149,  527,  477,  284,  453,    0,  226,  622,  526,  270,  506,  258,  306,  392,  370,  742,  326,  368,  595,  758,  387,  221,  185,  414,   76,  789,  454,  578,  501,  112,  595,  694,  752,  439,  239,  695,  775,  540,  652,  860,  539,  185,  400,  359,  411,  598,  431,  879,  595,  749,  419,  665,  134,  565,  634,  344,  320,  128,  481,  548,  793,  668,  666,  864,  423,  341,  324,  289,  291,  637,  513,  437,  392,  187,  220,  478,  225,  345,  249,  478,  507,  418,  293,  757,  186,  162,   61,  333,  362,  436,  407,  526,  754,  205,  331,  459,  704,  738,  412,  794,  185,  285,  251,  669,  888,  720,  307,  552,  359,  250,  183,  209,  436,  740,  794,  604,  623,  347,  412,  658,  158,  572,  455,  472,  140,  691,  439,  225,  383,  239,  310,  439,  424,  168,  125,  533,  285,  716,  469],
        [  359,    0,  494,  307,  508,  106,  171,  121,  390,  777,  456,  282,  361,  583,  626,  379,  356,  714,  237,  275,  427,  509,  436,  103,  686,  178,  301,  546,  356,  372,  362,  649,  338,  324,  226,    0,  506,  399,  156,  541,  432,  521,  421,  185,  573,  538,  147,  381,  539,  388,  244,  107,  266,  297,  692,  374,  461,  407,  117,  387,  497,  625,  509,  458,  598,  551,  700,  461,  763,  593,  334,  247,  431,  312,  375,  221,  753,  529,  530,  604,  531,  114,  729,  416,  375,  519,  348,  389,  323,  688,  616,  586,  760,  204,  463,  427,  420,  422,  474,  469,  225,  190,   93,  440,  468,  267,  352,   95,  281,  592,  596,  453,  692,   67,  291,  285,  293,  473,  478,  432,  348,  685,  181,  194,  401,  588,  514,  405,  569,  411,  488,  234,  446,  669,  619,  171,  364,  377,  124,  397,  362,  555,  518,  570,  402,  422,  281,  594,  578,  140,  390,  527,  534,  174,  483,  314,  276,  240,  164,  278,  271,  553,  393,  115,  709,  432,  525,  377],
