{
    "name": "random-65-425",
    "comment": "size=65 seed=425",
    "nodes": ["+0", "-0", "+1", "-1", "+2", "-2", "+3", "-3", "+4", "-4", "+5", "-5", "+6", "-6", "+7", "-7", "+8", "-8", "+9", "-9", "+10", "-10", "+11", "-11", "+12", "-12", "+13", "-13", "+14", "-14", "+15", "-15", "+16", "-16", "+17", "-17", "+18", "-18", "+19", "-19", "+20", "-20", "+21", "-21", "+22", "-22", "+23", "-23", "+24", "-24", "+25", "-25", "+26", "-26", "+27", "-27", "+28", "-28", "+29", "-29", "+30", "-30", "+31", "-31", "+32", "-32", "+33", "-33", "+34", "-34", "+35", "-35", "+36", "-36", "+37", "-37", "+38", "-38", "+39", "-39", "+40", "-40", "+41", "-41", "+42", "-42", "+43", "-43", "+44", "-44", "+45", "-45", "+46", "-46", "+47", "-47", "+48", "-48", "+49", "-49", "+50", "-50", "+51", "-51", "+52", "-52", "+53", "-53", "+54", "-54", "+55", "-55", "+56", "-56", "+57", "-57", "+58", "-58", "+59", "-59", "+60", "-60", "+61", "-61", "+62", "-62", "+63", "-63", "+64", "-64", "+65", "-65"],
    "precedence": {
        "+0": "-0",
        "+1": "-1",
        "+2": "-2",
        "+3": "-3",
        "+4": "-4",
        "+5": "-5",
        "+6": "-6",
        "+7": "-7",
        "+8": "-8",
        "+9": "-9",
        "+10": "-10",
        "+11": "-11",
        "+12": "-12",
        "+13": "-13",
        "+14": "-14",
        "+15": "-15",
        "+16": "-16",
        "+17": "-17",
        "+18": "-18",
        "+19": "-19",
        "+20": "-20",
        "+21": "-21",
        "+22": "-22",
        "+23": "-23",
        "+24": "-24",
        "+25": "-25",
        "+26": "-26",
        "+27": "-27",
        "+28": "-28",
        "+29": "-29",
        "+30": "-30",
        "+31": "-31",
        "+32": "-32",
        "+33": "-33",
        "+34": "-34",
        "+35": "-35",
        "+36": "-36",
        "+37": "-37",
        "+38": "-38",
        "+39": "-39",
        "+40": "-40",
        "+41": "-41",
        "+42": "-42",
        "+43": "-43",
        "+44": "-44",
        "+45": "-45",
        "+46": "-46",
        "+47": "-47",
        "+48": "-48",
        "+49": "-49",
        "+50": "-50",
        "+51": "-51",
        "+52": "-52",
        "+53": "-53",
        "+54": "-54",
        "+55": "-55",
        "+56": "-56",
        "+57": "-57",
        "+58": "-58",
        "+59": "-59",
        "+60": "-60",
        "+61": "-61",
        "+62": "-62",
        "+63": "-63",
        "+64": "-64",
        "+65": "-65"
    },
    "edges": [
        [    0,    0,  966,  579,  229,  959,  613,  736,  756, 1085,  783,  408,  249,  704,  333,  521,  352,  608,  497,  493,  631,  779,  423,  499,  954,  937,  432,  834,  785,  590,  673,  705,  646, 1035,  284,  538,  837,  959,  355,  614,  464,  584,  115,  283,  798,  149,  941,  773,  901,  590,  579,  747,  873,  570,  998,  854,  693,  703,  980,  675,  438,  336,  467,  805,  604, 1118,  895,  739,  803,  993, 1008,  131, 1134,  797,  913,  548,  892,  428,  480,  702,  646,  422,  596,  866,  536,  514, 1021,  722,  644,  365,  262,  401,  766,  531,  790,  184,  599,  109,  515,  748,  385,  419,  486,  804,  538,  721,  556,  833,  567,  412,  951,  917,  409,  773,   24,  510,  527,  760,  890,  843,  976,  887,  528,  606, 1064,  290,  971,  649,  560,  590,  756,  264],
        [    0,    0,    0,    0,    0,    0,    0,    0,    0,    0,    0,    0,    0,    0,    0,    0,    0,    0,    0,    0,    0,    0,    0,    0,    0,    0,    0,    0,    0,    0,    0,    0,    0,    0,    0,    0,    0,    0,    0,    0,    0,    0,    0,    0,    0,    0,    0,    0,    0,    0,    0,    0,    0,    0,    0,    0,    0,    0,    0,    0,    0,    0,    0,    0,    0,    0,    0,    0,    0,    0,    0,    0,    0,    0,    0,    0,    0,    0,    0,    0,    0,    0,    0,    0,    0,    0,    0,    0,    0,    0,    0,    0,    0,    0,    0,    0,    0,    0,    0,    0,    0,    0,    0,    0,    0,    0,    0,    0,    0,    0,    0,    0,    0,    0,    0,    0,    0,    0,    0,    0,    0,    0,    0,    0,    0,    0,    0,    0,    0,    0,    0,    0],
        [  966,    0,    0,  960,  912,  390,  772,  313,  716,  578,  258,  610,  724,  957,  911,  581,  763,  492,  684,  693,  757,  495,  567,  477,  400,  283,  596,  749,  534,  510,  408,  740,  330,  395,  779,  460,  160,   66,  633,  698,  785,  597, 1001,  734,  440,  861,  423,  232,  189,  378,  492,  220,  205,  618,  260,  116,  671,  461,   89,  342,  919,  782,  764,  683,  447,  480,  318,  622,  192,  228,   70,  983,  391,  203,  226,  661,  210,  704,  507,  931,  321,  764,  455,  581,  432,  504,  226,  265,  561,  960,  944,  657,  493,  439,  186,  784,  368,  956,  460,  347,  761,  554,  506,  838,  482,  603,  658,  805,  497,  593,  205,  105,  932,  415,  943,  477,  615,  312,  345,  461,  397,  423, 1020, 1032,  383,  728,  405,  327,  671,  394,  362,  920],
        [  579,    0,  960,    0,  350,  722,  200,  906,  335,  741,  704,  734,  598,  134,  246,  858,  306,  891,  289,  280,  221,  514,  696,  576, 1166,  769,  755,  381,  490,  453,  552,  279,  770,  794,  361,  548,  800,  916,  666,  270,  202,  937,  693,  417,  567,  652,  686,  886, 1008,  709,  856,  798,  775,  343,  837,  856,  328,  508, 1021,  625,  142,  305,  220,  399,  848,  835, 1075,  394,  770,  851,  963,  705,  907,  894,  786,  301, 1011,  844,  537,  142,  729,  248,  845,  519,  632,  775,  880,  709,  404,  220,  814,  380,  509,  619,  855,  530,  685,  677,  696,  947,  278,  652,  529,  298,  511,  398,  303,  347,  844,  465,  828,  973,  171,  572,  574,  554,  890,  651, 1085,  582, 1181,  640,   96,   73,  832,  696,  724,  769,  290,  757,  608,  315],
        [  229,    0,  912,  350,    0,  818,  399,  747,  552,  914,  688,  476,  307,  476,  104,  605,  171,  668,  312,  306,  420,  618,  461,  440,  995,  819,  501,  626,  616,  452,  552,  496,  629,  896,  134,  454,  764,  890,  406,  414,  252,  680,  343,  183,  649,  315,  793,  760,  892,  565,  634,  704,  777,  396,  886,  797,  497,  559,  946,  583,  209,  150,  261,  607,  643,  967,  919,  552,  729,  887,  940,  356, 1003,  779,  809,  364,  888,  553,  407,  474,  610,  221,  638,  686,  493,  555,  917,  650,  478,  142,  471,  264,  606,  483,  756,  221,  559,  329,  513,  774,  193,  432,  407,  585,  437,  539,  371,  618,  622,  320,  850,  887,  181,  632,  225,  437,  626,  652,  921,  688, 1015,  739,  306,  381,  929,  397,  827,  630,  371,  589,  633,   37],
        [  959,    0,  390,  722,  818,    0,  524,  588,  407,  200,  248,  737,  766,  673,  773,  776,  648,  722,  515,  523,  502,  212,  678,  498,  769,  108,  736,  410,  233,  372,  290,  452,  505,   78,  697,  440,  297,  324,  720,  459,  606,  826, 1034,  679,  170,  907,   41,  509,  551,  502,  703,  414,  210,  429,  147,  359,  395,  261,  478,  321,  737,  669,  588,  354,  662,  163,  676,  330,  301,  176,  347, 1025,  189,  491,  169,  469,  568,  867,  499,  646,  456,  611,  667,  228,  494,  669,  195,  337,  347,  806, 1040,  565,  221,  489,  441,  786,  467,  993,  577,  637,  629,  639,  489,  512,  428,  325,  463,  467,  701,  549,  186,  471,  761,  188,  939,  474,  818,  230,  699,  142,  770,   84,  805,  789,  113,  817,   18,  501,  469,  558,  210,  811],
        [  613,    0,  772,  200,  399,  524,    0,  755,  159,  558,  515,  647,  549,  193,  313,  758,  268,  771,  157,  154,   24,  315,  598,  440, 1011,  570,  663,  228,  292,  278,  367,  100,  619,  596,  339,  397,  614,  725,  586,   75,  150,  835,  720,  372,  368,  643,  488,  722,  837,  562,  737,  627,  581,  168,  638,  673,  131,  314,  838,  447,  238,  281,  148,  221,  721,  642,  917,  197,  585,  653,  770,  726,  709,  726,  589,  137,  843,  774,  404,  170,  572,  194,  720,  329,  491,  661,  682,  532,  212,  323,  808,  284,  310,  477,  683,  506,  533,  693,  570,  800,  233,  549,  393,  194,  357,  200,  134,  221,  727,  355,  631,  794,  269,  374,  602,  413,  795,  461,  930,  383, 1024,  441,  283,  269,  634,  643,  526,  617,  119,  619,  414,  374],
        [  736,    0,  313,  906,  747,  588,  755,    0,  764,  786,  349,  337,  488,  947,  780,  276,  638,  181,  620,  628,  749,  582,  313,  333,  260,  493,  317,  823,  619,  481,  424,  763,  137,  627,  626,  361,  297,  349,  382,  687,  707,  284,  745,  567,  542,  608,  605,   86,  173,  198,  187,  176,  383,  588,  509,  250,  697,  504,  281,  337,  823,  651,  688,  756,  146,  725,  174,  675,  288,  483,  380,  723,  664,  113,  432,  621,  160,  404,  372,  925,  185,  669,  154,  697,  276,  226,  496,  270,  570,  835,  659,  537,  572,  289,  153,  568,  224,  700,  235,   51,  650,  323,  379,  885,  399,  650,  622,  868,  195,  454,  442,  222,  825,  504,  713,  353,  306,  390,  180,  586,  276,  577,  940,  975,  630,  462,  605,  139,  637,  159,  440,  767],
        [  756,    0,  716,  335,  552,  407,  159,  764,    0,  407,  467,  725,  657,  267,  470,  821,  404,  816,  266,  267,  136,  222,  670,  487, 1008,  475,  737,   80,  186,  293,  342,   60,  633,  472,  474,  431,  566,  660,  673,  144,  300,  894,  859,  495,  279,  767,  367,  715,  814,  587,  784,  612,  513,  218,  538,  631,   76,  267,  792,  431,  396,  421,  292,   64,  760,  503,  911,   95,  543,  559,  700,  861,  583,  712,  508,  219,  824,  859,  459,  241,  580,  336,  761,  188,  527,  716,  586,  510,  198,  481,  930,  387,  224,  515,  664,  629,  552,  828,  617,  812,  372,  620,  446,  124,  392,  117,  212,  107,  776,  437,  546,  758,  427,  301,  742,  457,  862,  412,  928,  274, 1018,  330,  427,  394,  510,  744,  405,  630,  203,  649,  358,  529],
        [ 1085,    0,  578,  741,  914,  200,  558,  786,  407,    0,  442,  912,  917,  659,  851,  962,  748,  915,  603,  609,  534,  308,  853,  663,  965,  303,  914,  371,  301,  502,  448,  465,  698,  185,  807,  601,  496,  512,  886,  512,  676, 1017, 1171,  803,  300, 1053,  184,  708,  747,  688,  894,  612,  409,  520,  319,  557,  432,  391,  666,  500,  792,  768,  661,  343,  854,  134,  873,  369,  499,  352,  526, 1166,  248,  690,  366,  551,  764, 1046,  656,  634,  647,  695,  859,  232,  669,  853,  361,  530,  442,  873, 1197,  684,  321,  663,  640,  923,  651, 1132,  758,  836,  722,  810,  645,  474,  580,  378,  544,  422,  891,  689,  375,  665,  821,  335, 1067,  636, 1006,  415,  897,  249,  966,  224,  833,  799,  208,  980,  183,  694,  545,  747,  381,  900],
        [  783,    0,  258,  704,  688,  248,  515,  349,  467,  442,    0,  503,  561,  701,  673,  531,  528,  475,  433,  442,  500,  255,  447,  288,  560,  173,  499,  510,  294,  258,  153,  486,  258,  302,  556,  245,  100,  214,  497,  441,  534,  579,  840,  521,  205,  705,  259,  277,  353,  259,  456,  174,   91,  363,  222,  165,  417,  206,  326,  109,  670,  548,  513,  442,  415,  400,  463,  373,   77,  212,  262,  827,  373,  265,  133,  406,  365,  628,  303,  675,  210,  518,  420,  360,  267,  425,  239,   90,  304,  718,  822,  425,  249,  266,  213,  600,  227,  796,  339,  399,  521,  414,  297,  591,  253,  352,  403,  563,  454,  378,  169,  291,  686,  172,  761,  273,  573,   56,  483,  242,  566,  229,  766,  776,  317,  597,  265,  254,  415,  312,  110,  691],
        [  408,    0,  610,  734,  476,  737,  647,  337,  725,  912,  503,    0,  174,  816,  541,  130,  429,  201,  490,  494,  651,  627,   60,  254,  546,  675,   26,  801,  653,  446,  466,  698,  282,  801,  386,  317,  518,  621,   71,  600,  539,  207,  409,  323,  615,  273,  735,  390,  508,  249,  171,  398,  581,  508,  720,  509,  650,  534,  604,  416,  615,  433,  526,  746,  198,  897,  488,  660,  489,  704,  665,  387,  874,  418,  630,  519,  496,  138,  272,  801,  307,  489,  190,  743,  244,  112,  727,  418,  539,  595,  335,  366,  613,  250,  425,  263,  277,  364,  165,  343,  456,  107,  285,  824,  348,  635,  524,  828,  159,  293,  659,  540,  605,  579,  386,  284,  157,  508,  482,  667,  568,  688,  736,  792,  818,  126,  752,  286,  537,  217,  532,  504],
        [  249,    0,  724,  598,  307,  766,  549,  488,  657,  917,  561,  174,    0,  697,  383,  301,  297,  374,  397,  398,  559,  614,  177,  274,  715,  726,  199,  737,  630,  418,  477,  619,  400,  838,  238,  327,  604,  721,  110,  519,  419,  374,  281,  184,  618,  144,  755,  526,  653,  346,  342,  504,  649,  443,  782,  613,  584,  526,  733,  458,  468,  294,  411,  692,  361,  928,  651,  612,  570,  772,  769,  267,  927,  550,  693,  439,  644,  250,  267,  685,  403,  367,  354,  719,  300,  271,  799,  490,  497,  435,  282,  271,  600,  298,  544,   90,  359,  237,  268,  503,  329,  172,  277,  739,  340,  589,  446,  753,  330,  232,  729,  670,  453,  587,  226,  293,  320,  549,  648,  669,  736,  702,  586,  650,  862,   98,  779,  402,  456,  342,  556,  338],
        [  704,    0,  957,  134,  476,  673,  193,  947,  267,  659,  701,  816,  697,    0,  373,  934,  401,  955,  336,  330,  203,  478,  773,  627, 1203,  735,  835,  288,  446,  471,  556,  224,  810,  738,  465,  588,  800,  907,  751,  265,  280, 1012,  818,  514,  534,  767,  633,  915, 1029,  753,  921,  819,  761,  360,  801,  861,  290,  496, 1026,  638,  268,  405,  291,  325,  907,  765, 1109,  348,  773,  819,  950,  829,  849,  919,  762,  327, 1035,  936,  590,   27,  764,  331,  906,  452,  680,  843,  847,  723,  398,  352,  931,  452,  476,  666,  875,  638,  724,  799,  755,  991,  368,  725,  580,  190,  548,  361,  325,  242,  910,  531,  803,  984,  300,  548,  698,  602,  970,  645, 1122,  537, 1217,  594,  221,  156,  776,  794,  671,  808,  310,  808,  596,  442],
        [  333,    0,  911,  246,  104,  773,  313,  780,  470,  851,  673,  541,  383,  373,    0,  670,  149,  723,  259,  251,  335,  566,  516,  456, 1035,  787,  564,  540,  558,  422,  527,  412,  654,  851,  159,  455,  757,  882,  470,  341,  175,  747,  447,  222,  604,  413,  745,  782,  913,  588,  687,  714,  759,  345,  855,  798,  423,  519,  954,  572,  105,  132,  190,  529,  691,  915,  954,  483,  722,  861,  932,  459,  961,  797,  784,  306,  911,  632,  419,  371,  626,  163,  686,  619,  512,  607,  891,  647,  427,   56,  572,  256,  555,  500,  769,  303,  576,  432,  549,  812,  152,  480,  416,  491,  430,  474,  313,  528,  675,  331,  827,  898,   78,  592,  328,  445,  695,  631,  958,  637, 1053,  691,  208,  280,  885,  478,  780,  654,  309,  622,  604,   70],
        [  521,    0,  581,  858,  605,  776,  758,  276,  821,  962,  531,  130,  301,  934,  670,    0,  555,  100,  602,  607,  760,  697,  162,  335,  440,  700,  106,  894,  727,  532,  530,  800,  278,  832,  514,  396,  521,  605,  201,  706,  660,   79,  503,  451,  676,  377,  780,  349,  445,  275,   90,  391,  596,  609,  734,  496,  747,  606,  556,  463,  743,  560,  646,  835,  134,  930,  397,  749,  498,  714,  643,  477,  892,  379,  647,  626,  430,  130,  363,  917,  321,  611,  126,  816,  305,  111,  733,  441,  629,  725,  392,  483,  684,  315,  401,  390,  312,  461,  212,  263,  580,  210,  376,  927,  432,  723,  630,  927,   85,  404,  669,  496,  733,  638,  500,  366,   44,  549,  386,  727,  463,  739,  863,  918,  844,  232,  792,  283,  644,  219,  583,  634],
        [  352,    0,  763,  306,  171,  648,  268,  638,  404,  748,  528,  429,  297,  401,  149,  555,    0,  595,  147,  142,  283,  448,  395,  309,  895,  651,  451,  482,  447,  283,  386,  354,  508,  725,   71,  306,  609,  735,  361,  262,  125,  634,  455,  114,  479,  376,  623,  635,  765,  443,  560,  566,  615,  228,  718,  649,  342,  388,  805,  425,  191,   22,  121,  453,  558,  797,  811,  390,  575,  721,  785,  459,  832,  650,  643,  199,  764,  540,  272,  390,  478,   75,  554,  521,  366,  479,  751,  498,  308,  201,  541,  107,  436,  354,  620,  241,  428,  427,  411,  672,   35,  353,  268,  461,  282,  375,  207,  486,  548,  185,  686,  749,  188,  462,  339,  297,  585,  488,  816,  518,  912,  568,  311,  364,  758,  394,  656,  508,  210,  481,  466,  166],
        [  608,    0,  492,  891,  668,  722,  771,  181,  816,  915,  475,  201,  374,  955,  723,  100,  595,    0,  620,  626,  771,  669,  208,  333,  347,  638,  177,  885,  702,  523,  501,  802,  217,  772,  564,  386,  450,  522,  266,  713,  690,  108,  597,  501,  641,  467,  731,  261,  348,  237,   36,  318,  531,  613,  666,  416,  743,  580,  461,  424,  786,  604,  674,  822,   61,  871,  299,  737,  432,  643,  557,  573,  823,  290,  581,  636,  331,  229,  368,  937,  268,  644,   58,  789,  289,  117,  659,  386,  619,  778,  492,  511,  657,  302,  319,  462,  275,  554,  202,  164,  617,  244,  379,  929,  425,  710,  639,  922,   48,  427,  599,  402,  780,  602,  586,  362,  126,  501,  288,  690,  369,  694,  906,  955,  781,  320,  739,  222,  654,  174,  543,  694],
        [  497,    0,  684,  289,  312,  515,  157,  620,  266,  603,  433,  490,  397,  336,  259,  602,  147,  620,    0,   10,  164,  309,  442,  294,  879,  531,  506,  345,  304,  176,  281,  223,  484,  592,  213,  260,  525,  646,  429,  124,  102,  680,  595,  230,  345,  502,  487,  598,  721,  423,  586,  511,  513,   87,  600,  576,  198,  262,  739,  343,  238,  166,   81,  310,  572,  659,  788,  244,  493,  608,  695,  597,  702,  606,  534,   53,  724,  617,  256,  317,  441,   96,  571,  375,  348,  508,  638,  426,  169,  294,  665,  128,  298,  334,  568,  364,  397,  564,  420,  662,  120,  393,  246,  342,  223,  228,   61,  357,  575,  198,  577,  689,  256,  335,  481,  269,  639,  385,  798,  380,  894,  433,  337,  359,  627,  489,  522,  482,   64,  475,  352,  299],
        [  493,    0,  693,  280,  306,  523,  154,  628,  267,  609,  442,  494,  398,  330,  251,  607,  142,  626,   10,    0,  162,  316,  446,  301,  887,  540,  511,  347,  311,  185,  290,  223,  491,  600,  209,  268,  534,  656,  433,  125,   92,  685,  593,  229,  353,  501,  495,  606,  729,  431,  592,  520,  522,   94,  609,  585,  201,  270,  748,  352,  229,  161,   72,  313,  579,  666,  796,  249,  502,  617,  704,  594,  710,  615,  543,   59,  732,  620,  263,  312,  450,   89,  577,  381,  355,  514,  647,  435,  177,  286,  665,  131,  305,  341,  577,  363,  405,  561,  426,  669,  114,  398,  253,  341,  232,  234,   66,  357,  581,  203,  586,  698,  247,  343,  478,  277,  644,  394,  806,  387,  902,  441,  328,  351,  635,  491,  530,  490,   68,  482,  361,  292],
        [  631,    0,  757,  221,  420,  502,   24,  749,  136,  534,  500,  651,  559,  203,  335,  760,  283,  771,  164,  162,    0,  294,  602,  439, 1004,  550,  667,  207,  270,  270,  354,   78,  613,  574,  354,  393,  599,  709,  592,   63,  169,  837,  737,  385,  348,  656,  466,  714,  827,  558,  737,  617,  564,  161,  618,  660,  108,  297,  824,  436,  261,  297,  165,  197,  719,  618,  909,  174,  571,  633,  753,  742,  687,  717,  571,  136,  833,  780,  404,  179,  565,  211,  719,  305,  488,  662,  662,  521,  197,  346,  821,  292,  289,  474,  673,  519,  527,  709,  569,  794,  249,  552,  392,  181,  353,  178,  132,  203,  727,  359,  612,  782,  292,  356,  619,  411,  798,  445,  922,  361, 1016,  419,  305,  289,  612,  652,  504,  611,  117,  615,  398,  395],
        [  779,    0,  495,  514,  618,  212,  315,  582,  222,  308,  255,  627,  614,  478,  566,  697,  448,  669,  309,  316,  294,    0,  568,  373,  811,  258,  632,  257,   40,  196,  169,  255,  463,  288,  504,  310,  350,  439,  592,  249,  396,  761,  864,  497,   57,  747,  180,  521,  607,  433,  642,  416,  292,  223,  325,  417,  191,   93,  573,  248,  526,  469,  378,  189,  609,  350,  713,  132,  331,  342,  478,  859,  400,  513,  287,  260,  618,  764,  360,  452,  408,  404,  612,  121,  393,  587,  370,  314,  141,  596,  895,  378,   14,  384,  462,  616,  395,  826,  486,  632,  426,  521,  348,  343,  282,  119,  253,  310,  636,  384,  326,  544,  550,   83,  760,  344,  740,  201,  732,   72,  818,  129,  595,  583,  324,  682,  217,  459,  259,  496,  146,  607],
        [  423,    0,  567,  696,  461,  678,  598,  313,  670,  853,  447,   60,  177,  773,  516,  162,  395,  208,  442,  446,  602,  568,    0,  195,  541,  619,   68,  746,  594,  388,  407,  645,  238,  743,  358,  258,  467,  574,   70,  549,  498,  241,  439,  295,  556,  299,  676,  356,  480,  197,  174,  351,  527,  455,  665,  463,  595,  476,  568,  358,  584,  401,  484,  689,  186,  839,  475,  604,  437,  650,  619,  419,  819,  382,  575,  468,  470,  197,  214,  756,  256,  449,  180,  684,  185,   96,  674,  363,  483,  572,  382,  321,  554,  191,  383,  260,  223,  393,  112,  327,  419,   51,  227,  772,  290,  578,  473,  774,  161,  244,  605,  504,  576,  519,  400,  225,  198,  450,  472,  608,  562,  629,  705,  757,  762,  161,  694,  241,  486,  175,  473,  486],
        [  499,    0,  477,  576,  440,  498,  440,  333,  487,  663,  288,  254,  274,  627,  456,  335,  309,  333,  294,  301,  439,  373,  195,    0,  592,  452,  260,  560,  400,  198,  215,  470,  200,  567,  309,   64,  340,  463,  224,  380,  375,  407,  553,  258,  364,  418,  491,  327,  457,  135,  300,  265,  377,  281,  508,  362,  414,  281,  507,  184,  491,  325,  357,  501,  281,  660,  505,  415,  305,  499,  512,  540,  653,  342,  420,  304,  456,  391,   40,  607,  171,  336,  281,  490,   58,  229,  526,  223,  294,  509,  543,  206,  360,   45,  317,  316,  120,  509,  131,  371,  319,  148,   48,  597,   98,  389,  307,  594,  291,  125,  456,  447,  494,  328,  477,   32,  377,  275,  512,  416,  608,  441,  608,  644,  590,  321,  512,  200,  322,  182,  289,  452],
        [  954,    0,  400, 1166,  995,  769, 1011,  260, 1008,  965,  560,  546,  715, 1203, 1035,  440,  895,  347,  879,  887, 1004,  811,  541,  592,    0,  663,  522, 1062,  850,  735,  666, 1013,  396,  788,  879,  619,  478,  462,  606,  942,  966,  400,  942,  818,  764,  814,  794,  294,  219,  458,  375,  397,  561,  844,  654,  411,  946,  743,  319,  578, 1082,  907,  947,  994,  355,  877,   98,  917,  486,  623,  466,  917,  791,  298,  600,  878,  201,  561,  631, 1181,  440,  928,  362,  919,  535,  446,  625,  500,  819, 1090,  825,  796,  803,  548,  349,  801,  482,  900,  486,  224,  909,  564,  639, 1131,  657,  892,  879, 1110,  387,  712,  592,  302, 1082,  729,  932,  612,  449,  610,   82,  801,   24,  779, 1199, 1235,  779,  666,  785,  397,  894,  415,  665, 1017],
        [  937,    0,  283,  769,  819,  108,  570,  493,  475,  303,  173,  675,  726,  735,  787,  700,  651,  638,  531,  540,  550,  258,  619,  452,  663,    0,  671,  491,  290,  368,  269,  512,  424,  135,  691,  402,  197,  218,  667,  500,  629,  744, 1002,  665,  203,  870,  140,  411,  445,  431,  622,  323,  110,  449,   70,  256,  448,  271,  371,  269,  765,  672,  609,  430,  579,  234,  571,  388,  208,   85,  243,  991,  202,  391,   64,  492,  462,  800,  462,  709,  380,  625,  585,  313,  438,  597,  113,  260,  372,  825,  992,  557,  261,  435,  342,  758,  399,  959,  512,  541,  637,  585,  454,  589,  399,  376,  487,  549,  621,  526,   81,  364,  785,  200,  916,  434,  742,  179,  595,  201,  664,  151,  845,  838,  145,  767,  123,  419,  496,  481,  186,  816],
        [  432,    0,  596,  755,  501,  736,  663,  317,  737,  914,  499,   26,  199,  835,  564,  106,  451,  177,  506,  511,  667,  632,   68,  260,  522,  671,    0,  813,  659,  455,  469,  712,  270,  798,  408,  324,  509,  609,   95,  615,  559,  184,  430,  346,  619,  295,  735,  374,  488,  242,  147,  386,  575,  521,  714,  498,  662,  540,  587,  416,  638,  455,  546,  756,  176,  895,  466,  671,  481,  697,  652,  407,  869,  401,  625,  534,  476,  133,  281,  819,  298,  509,  168,  750,  245,   93,  720,  412,  549,  619,  349,  384,  619,  252,  411,  288,  273,  386,  160,  321,  477,  118,  294,  838,  356,  645,  539,  841,  135,  309,  652,  524,  628,  581,  410,  291,  136,  506,  459,  671,  544,  690,  758,  814,  815,  148,  751,  274,  552,  204,  533,  529],
        [  834,    0,  749,  381,  626,  410,  228,  823,   80,  371,  510,  801,  737,  288,  540,  894,  482,  885,  345,  347,  207,  257,  746,  560, 1062,  491,  813,    0,  217,  364,  399,  130,  696,  466,  552,  501,  606,  690,  750,  223,  375,  966,  937,  574,  311,  847,  369,  769,  861,  653,  854,  665,  545,  296,  550,  673,  153,  320,  829,  487,  459,  498,  368,   68,  828,  482,  964,  150,  587,  574,  727,  940,  573,  764,  532,  299,  872,  936,  533,  264,  642,  412,  829,  182,  597,  788,  599,  562,  267,  547, 1009,  467,  262,  585,  715,  709,  617,  907,  688,  873,  449,  696,  520,  105,  463,  176,  292,   58,  847,  515,  568,  800,  492,  339,  820,  529,  936,  456,  982,  292, 1070,  341,  475,  432,  504,  823,  405,  692,  283,  716,  401,  601],
        [  785,    0,  534,  490,  616,  233,  292,  619,  186,  301,  294,  653,  630,  446,  558,  727,  447,  702,  304,  311,  270,   40,  594,  400,  850,  290,  659,  217,    0,  213,  202,  223,  499,  305,  507,  336,  389,  477,  615,  230,  385,  793,  874,  504,   95,  761,  197,  560,  646,  466,  675,  454,  330,  220,  355,  457,  163,  123,  613,  285,  511,  468,  368,  150,  643,  359,  752,   99,  371,  374,  515,  870,  418,  552,  322,  253,  658,  790,  383,  420,  444,  398,  645,   91,  423,  617,  401,  353,  142,  585,  912,  385,   48,  413,  502,  628,  428,  837,  516,  670,  423,  546,  371,  305,  306,   93,  246,  271,  669,  399,  360,  583,  537,  123,  768,  370,  770,  241,  771,   93,  857,  150,  573,  557,  343,  703,  235,  495,  249,  529,  186,  603],
        [  590,    0,  510,  453,  452,  372,  278,  481,  293,  502,  258,  446,  418,  471,  422,  532,  283,  523,  176,  185,  270,  196,  388,  198,  735,  368,  455,  364,  213,    0,  107,  284,  347,  449,  326,  138,  351,  471,  404,  207,  277,  603,  671,  309,  208,  552,  352,  445,  560,  296,  492,  350,  339,  113,  435,  404,  222,  114,  568,  172,  413,  304,  256,  304,  467,  528,  640,  218,  319,  440,  520,  665,  553,  448,  363,  153,  565,  583,  174,  448,  297,  263,  468,  303,  234,  425,  470,  257,   97,  464,  700,  194,  182,  222,  406,  423,  263,  632,  325,  528,  270,  339,  161,  408,  101,  192,  151,  400,  484,  189,  406,  520,  429,  184,  571,  167,  574,  211,  653,  255,  747,  297,  511,  525,  480,  490,  382,  344,  166,  357,  183,  448],
        [  673,    0,  408,  552,  552,  290,  367,  424,  342,  448,  153,  466,  477,  556,  527,  530,  386,  501,  281,  290,  354,  169,  407,  215,  666,  269,  469,  399,  202,  107,    0,  350,  299,  364,  423,  154,  249,  367,  439,  293,  382,  593,  745,  397,  150,  617,  279,  373,  477,  265,  474,  271,  233,  210,  334,  307,  281,   82,  471,   89,  519,  407,  362,  333,  441,  452,  569,  252,  219,  336,  415,  736,  461,  371,  258,  253,  485,  602,  211,  531,  245,  369,  444,  289,  227,  419,  366,  170,  159,  570,  754,  289,  157,  219,  324,  497,  227,  703,  319,  474,  375,  362,  200,  465,  138,  227,  250,  446,  468,  261,  301,  428,  535,  114,  652,  189,  573,  105,  586,  202,  676,  228,  614,  624,  392,  534,  303,  295,  263,  328,   84,  551],
        [  705,    0,  740,  279,  496,  452,  100,  763,   60,  465,  486,  698,  619,  224,  412,  800,  354,  802,  223,  223,   78,  255,  645,  470, 1013,  512,  712,  130,  223,  284,  350,    0,  630,  520,  425,  418,  585,  687,  643,  100,  245,  875,  809,  450,  311,  723,  414,  720,  826,  580,  770,  620,  540,  192,  578,  649,   70,  281,  812,  437,  336,  370,  239,  123,  748,  557,  917,  124,  560,  596,  729,  813,  633,  720,  540,  182,  834,  830,  439,  198,  579,  283,  748,  241,  515,  698,  624,  519,  194,  422,  887,  349,  253,  502,  673,  585,  546,  780,  601,  811,  321,  595,  426,  127,  378,  138,  176,  135,  761,  407,  580,  774,  368,  327,  692,  441,  840,  430,  932,  315, 1024,  372,  369,  341,  558,  709,  452,  627,  164,  640,  378,  472],
        [  646,    0,  330,  770,  629,  505,  619,  137,  633,  698,  258,  282,  400,  810,  654,  278,  508,  217,  484,  491,  613,  463,  238,  200,  396,  424,  270,  696,  499,  347,  299,  630,    0,  557,  503,  224,  244,  340,  304,  551,  572,  321,  674,  447,  430,  533,  514,  132,  264,   66,  199,  117,  319,  452,  457,  228,  565,  380,  334,  215,  691,  523,  552,  630,  157,  656,  306,  547,  221,  437,  384,  655,  614,  153,  370,  484,  260,  389,  239,  788,   55,  535,  163,  582,  143,  182,  457,  169,  437,  707,  616,  405,  452,  155,  146,  469,   87,  628,  133,  182,  519,  229,  245,  752,  263,  521,  486,  739,  198,  324,  392,  271,  694,  391,  623,  217,  319,  286,  315,  478,  411,  479,  806,  840,  568,  399,  522,    5,  501,   66,  330,  645],
        [ 1035,    0,  395,  794,  896,   78,  596,  627,  472,  185,  302,  801,  838,  738,  851,  832,  725,  772,  592,  600,  574,  288,  743,  567,  788,  135,  798,  466,  305,  449,  364,  520,  557,    0,  774,  511,  331,  330,  787,  534,  682,  878, 1108,  756,  248,  980,  109,  545,  570,  560,  756,  458,  245,  506,  136,  387,  467,  338,  483,  387,  813,  747,  664,  415,  713,   99,  698,  401,  343,  168,  341, 1099,  114,  524,  196,  546,  588,  929,  571,  712,  511,  688,  719,  287,  559,  727,  176,  391,  424,  883, 1110,  642,  297,  556,  476,  861,  527, 1066,  639,  675,  706,  706,  561,  570,  501,  397,  539,  523,  754,  624,  196,  486,  838,  265, 1015,  545,  874,  294,  723,  216,  787,  160,  878,  859,   39,  886,   72,  553,  545,  613,  282,  888],
        [  284,    0,  779,  361,  134,  697,  339,  626,  474,  807,  556,  386,  238,  465,  159,  514,   71,  564,  213,  209,  354,  504,  358,  309,  879,  691,  408,  552,  507,  326,  423,  425,  503,  774,    0,  321,  631,  757,  315,  331,  194,  592,  385,   63,  530,  306,  674,  633,  764,  438,  529,  573,  646,  288,  757,  665,  410,  437,  815,  450,  232,   61,  192,  522,  533,  850,  799,  456,  596,  757,  807,  389,  879,  650,  678,  264,  762,  486,  275,  456,  480,  145,  528,  584,  363,  448,  787,  517,  365,  214,  472,  134,  491,  353,  626,  174,  429,  356,  393,  656,  106,  322,  275,  532,  304,  439,  272,  556,  517,  187,  720,  756,  220,  509,  270,  304,  541,  522,  802,  572,  897,  620,  352,  412,  806,  336,  707,  503,  276,  467,  506,  144],
        [  538,    0,  460,  548,  454,  440,  397,  361,  431,  601,  245,  317,  327,  588,  455,  396,  306,  386,  260,  268,  393,  310,  258,   64,  619,  402,  324,  501,  336,  138,  154,  418,  224,  511,  321,    0,  312,  437,  286,  333,  352,  465,  601,  278,  302,  469,  431,  340,  466,  166,  354,  261,  336,  232,  461,  345,  358,  218,  500,  137,  477,  324,  332,  441,  331,  602,  528,  355,  276,  455,  487,  590,  602,  350,  375,  262,  467,  454,   60,  566,  182,  319,  331,  427,   97,  287,  483,  197,  235,  505,  601,  199,  296,   84,  317,  357,  138,  558,  187,  404,  309,  212,   53,  544,   41,  328,  263,  537,  346,  135,  414,  444,  484,  266,  517,   35,  438,  224,  538,  353,  634,  381,  589,  618,  536,  380,  454,  223,  278,  223,  230,  461],
        [  837,    0,  160,  800,  764,  297,  614,  297,  566,  496,  100,  518,  604,  800,  757,  521,  609,  450,  525,  534,  599,  350,  467,  340,  478,  197,  509,  606,  389,  351,  249,  585,  244,  331,  631,  312,    0,  127,  525,  539,  626,  557,  884,  589,  297,  746,  319,  214,  264,  270,  438,  132,   88,  459,  217,   69,  516,  305,  227,  185,  761,  629,  605,  538,  393,  429,  383,  471,   36,  194,  177,  869,  374,  195,  136,  501,  278,  632,  364,  775,  212,  606,  400,  448,  304,  425,  213,  117,  403,  804,  848,  504,  345,  307,  146,  654,  247,  839,  355,  344,  606,  442,  361,  689,  329,  451,  499,  659,  439,  446,  150,  195,  775,  267,  815,  333,  561,  156,  405,  327,  482,  302,  861,  872,  335,  625,  314,  240,  512,  308,  209,  770],
        [  959,    0,   66,  916,  890,  324,  725,  349,  660,  512,  214,  621,  721,  907,  882,  605,  735,  522,  646,  656,  709,  439,  574,  463,  462,  218,  609,  690,  477,  471,  367,  687,  340,  330,  757,  437,  127,    0,  636,  651,  748,  629, 1001,  715,  382,  862,  358,  264,  247,  379,  517,  224,  148,  576,  195,  112,  619,  412,  155,  310,  883,  754,  727,  625,  472,  416,  377,  568,  162,  163,   51,  985,  332,  236,  162,  619,  267,  725,  489,  881,  320,  730,  480,  519,  424,  520,  164,  242,  514,  928,  955,  630,  437,  428,  205,  776,  363,  956,  464,  388,  731,  556,  486,  781,  455,  550,  616,  746,  521,  572,  139,  161,  898,  361,  936,  458,  642,  266,  402,  400,  459,  360,  980,  988,  319,  735,  339,  336,  629,  405,  312,  896],
        [  355,    0,  633,  666,  406,  720,  586,  382,  673,  886,  497,   71,  110,  751,  470,  201,  361,  266,  429,  433,  592,  592,   70,  224,  606,  667,   95,  750,  615,  404,  439,  643,  304,  787,  315,  286,  525,  636,    0,  544,  473,  278,  371,  253,  587,  231,  714,  424,  548,  258,  233,  415,  580,  455,  717,  526,  598,  501,  635,  401,  545,  364,  461,  698,  252,  882,  542,  614,  494,  704,  683,  352,  868,  450,  627,  462,  539,  188,  233,  737,  317,  422,  245,  706,  230,  161,  729,  417,  494,  525,  326,  303,  579,  233,  449,  196,  278,  325,  174,  395,  388,   84,  245,  767,  311,  589,  468,  775,  221,  237,  659,  572,  534,  552,  332,  251,  227,  494,  538,  639,  627,  665,  666,  723,  808,  101,  735,  307,  480,  242,  512,  434],
        [  614,    0,  698,  270,  414,  459,   75,  687,  144,  512,  441,  600,  519,  265,  341,  706,  262,  713,  124,  125,   63,  249,  549,  380,  942,  500,  615,  223,  230,  207,  293,  100,  551,  534,  331,  333,  539,  651,  544,    0,  166,  782,  715,  353,  299,  625,  425,  652,  765,  497,  679,  555,  508,  101,  568,  599,   84,  240,  764,  374,  283,  278,  154,  193,  660,  586,  847,  144,  511,  582,  696,  718,  647,  655,  516,   83,  771,  732,  346,  241,  503,  195,  660,  280,  428,  606,  611,  459,  137,  361,  788,  249,  242,  415,  611,  487,  466,  685,  511,  733,  229,  499,  334,  224,  292,  139,   77,  234,  670,  308,  559,  720,  311,  302,  600,  352,  745,  386,  860,  318,  954,  376,  347,  340,  571,  609,  463,  549,   65,  555,  340,  394],
        [  464,    0,  785,  202,  252,  606,  150,  707,  300,  676,  534,  539,  419,  280,  175,  660,  125,  690,  102,   92,  169,  396,  498,  375,  966,  629,  559,  375,  385,  277,  382,  245,  572,  682,  194,  352,  626,  748,  473,  166,    0,  739,  571,  236,  437,  499,  575,  691,  816,  509,  655,  608,  614,  181,  698,  676,  249,  359,  839,  444,  137,  134,   21,  356,  646,  743,  877,  308,  593,  707,  796,  577,  794,  701,  634,  138,  818,  657,  337,  267,  533,   52,  644,  444,  432,  574,  737,  526,  260,  201,  665,  179,  386,  419,  664,  365,  487,  546,  495,  746,   91,  452,  328,  342,  317,  299,  144,  370,  643,  263,  677,  787,  157,  431,  452,  355,  694,  486,  886,  467,  982,  523,  238,  269,  718,  515,  611,  571,  138,  556,  451,  230],
        [  584,    0,  597,  937,  680,  826,  835,  284,  894, 1017,  579,  207,  374, 1012,  747,   79,  634,  108,  680,  685,  837,  761,  241,  407,  400,  744,  184,  966,  793,  603,  593,  875,  321,  878,  592,  465,  557,  629,  278,  782,  739,    0,  554,  530,  737,  437,  833,  366,  443,  331,  123,  426,  637,  684,  773,  523,  820,  671,  561,  521,  821,  639,  725,  906,  165,  976,  373,  820,  538,  750,  663,  527,  930,  395,  688,  702,  425,  164,  437,  995,  370,  690,  159,  881,  372,  179,  767,  489,  700,  802,  426,  562,  749,  383,  426,  463,  369,  514,  279,  258,  659,  288,  450, 1002,  503,  793,  706, 1000,  127,  482,  706,  504,  811,  698,  564,  438,   57,  602,  357,  787,  423,  795,  942,  997,  887,  298,  842,  326,  720,  271,  641,  710],
        [  115,    0, 1001,  693,  343, 1034,  720,  745,  859, 1171,  840,  409,  281,  818,  447,  503,  455,  597,  595,  593,  737,  864,  439,  553,  942, 1002,  430,  937,  874,  671,  745,  809,  674, 1108,  385,  601,  884, 1001,  371,  715,  571,  554,    0,  372,  878,  141, 1019,  794,  915,  624,  574,  782,  929,  664, 1060,  893,  793,  783, 1006,  735,  552,  441,  573,  905,  605, 1194,  894,  835,  851, 1052, 1049,   29, 1202,  820,  972,  646,  904,  391,  541,  814,  682,  527,  597,  957,  581,  520, 1079,  771,  734,  479,  169,  490,  850,  579,  819,  249,  639,   46,  543,  750,  489,  448,  549,  913,  607,  816,  654,  940,  563,  486, 1008,  942,  523,  850,  120,  569,  499,  824,  885,  925,  965,  965,  642,  720, 1135,  284, 1046,  677,  659,  612,  827,  378],
        [  283,    0,  734,  417,  183,  679,  372,  567,  495,  803,  521,  323,  184,  514,  222,  451,  114,  501,  230,  229,  385,  497,  295,  258,  818,  665,  346,  574,  504,  309,  397,  450,  447,  756,   63,  278,  589,  715,  253,  353,  236,  530,  372,    0,  516,  273,  660,  578,  709,  382,  466,  523,  611,  293,  728,  619,  426,  422,  765,  413,  293,  113,  230,  537,  470,  836,  739,  465,  554,  726,  765,  370,  857,  596,  646,  278,  706,  428,  228,  503,  427,  185,  466,  586,  310,  385,  755,  473,  363,  277,  437,  119,  483,  300,  574,  135,  376,  337,  333,  595,  146,  259,  229,  565,  269,  445,  285,  584,  454,  144,  687,  705,  282,  492,  264,  258,  479,  491,  742,  561,  837,  605,  413,  471,  786,  281,  690,  447,  293,  408,  480,  200],
        [  798,    0,  440,  567,  649,  170,  368,  542,  279,  300,  205,  615,  618,  534,  604,  676,  479,  641,  345,  353,  348,   57,  556,  364,  764,  203,  619,  311,   95,  208,  150,  311,  430,  248,  530,  302,  297,  382,  587,  299,  437,  737,  878,  516,    0,  756,  145,  477,  557,  406,  616,  372,  236,  260,  271,  365,  246,   95,  519,  217,  570,  500,  419,  244,  580,  321,  667,  188,  281,  287,  421,  871,  358,  467,  230,  300,  569,  751,  357,  508,  376,  441,  584,  156,  376,  566,  315,  273,  178,  637,  898,  399,   59,  368,  416,  629,  368,  838,  467,  593,  459,  512,  345,  399,  280,  174,  294,  365,  611,  393,  269,  491,  594,   40,  778,  336,  719,  155,  686,   52,  770,   91,  645,  636,  282,  680,  178,  426,  301,  468,  102,  641],
        [  149,    0,  861,  652,  315,  907,  643,  608,  767, 1053,  705,  273,  144,  767,  413,  377,  376,  467,  502,  501,  656,  747,  299,  418,  814,  870,  295,  847,  761,  552,  617,  723,  533,  980,  306,  469,  746,  862,  231,  625,  499,  437,  141,  273,  756,    0,  894,  654,  777,  484,  441,  642,  792,  561,  925,  752,  698,  663,  865,  601,  513,  366,  497,  808,  470, 1068,  760,  733,  713,  916,  909,  124, 1070,  680,  837,  550,  766,  280,  409,  759,  542,  450,  462,  847,  443,  383,  942,  633,  624,  457,  166,  384,  733,  441,  679,  139,  500,   95,  402,  615,  411,  307,  419,  836,  480,  711,  557,  857,  429,  364,  872,  802,  489,  726,  131,  436,  380,  692,  753,  805,  836,  842,  619,  692, 1004,  148,  920,  536,  565,  472,  698,  351],
