{
    "name": "random-37-29832",
    "comment": "size=37 seed=29832",
    "nodes": ["+0", "-0", "+1", "-1", "+2", "-2", "+3", "-3", "+4", "-4", "+5", "-5", "+6", "-6", "+7", "-7", "+8", "-8", "+9", "-9", "+10", "-10", "+11", "-11", "+12", "-12", "+13", "-13", "+14", "-14", "+15", "-15", "+16", "-16", "+17", "-17", "+18", "-18", "+19", "-19", "+20", "-20", "+21", "-21", "+22", "-22", "+23", "-23", "+24", "-24", "+25", "-25", "+26", "-26", "+27", "-27", "+28", "-28", "+29", "-29", "+30", "-30", "+31", "-31", "+32", "-32", "+33", "-33", "+34", "-34", "+35", "-35", "+36", "-36", "+37", "-37"],
    "precedence": {
        "+0": "-0",
        "+1": "-1",
        "+2": "-2",
        "+3": "-3",
        "+4": "-4",
        "+5": "-5",
        "+6": "-6",
        "+7": "-7",
        "+8": "-8",
        "+9": "-9",
        "+10": "-10",
        "+11": "-11",
        "+12": "-12",
        "+13": "-13",
        "+14": "-14",
        "+15": "-15",
        "+16": "-16",
        "+17": "-17",
        "+18": "-18",
        "+19": "-19",
        "+20": "-20",
        "+21": "-21",
        "+22": "-22",
        "+23": "-23",
        "+24": "-24",
        "+25": "-25",
        "+26": "-26",
        "+27": "-27",
        "+28": "-28",
        "+29": "-29",
        "+30": "-30",
        "+31": "-31",
        "+32": "-32",
        "+33": "-33",
        "+34": "-34",
        "+35": "-35",
        "+36": "-36",
        "+37": "-37"
    },
    "edges": [
        [    0,    0,  697,  505,  386,  326,  701,  514,   59,  283,  191,  360,  288,  235,  233,  353,  359,  632,  109,  482,  665,  750,  197,  559,  533,  569,  462,  549,  403,  477,  524,  282,  218,  347,  629,  299,  752,  398,   56,  345,  488,  138,  331,  318,  758,  544,  268,  237,  493,  157,  323,  297,  235,  400,  120,  269,  482,  631,  263,  669,  511,  206,  192,  184,  493,  318,  428,  663,  688,  284,  346,  139,  557,  423,  224,  510],
        [    0,    0,  697,  505,  386,  326,  701,  514,   59,  283,  191,  360,  288,  235,  233,  353,  359,  632,  109,  482,  665,  750,  197,  559,  533,  569,  462,  549,  403,  477,  524,  282,  218,  347,  629,  299,  752,  398,   56,  345,  488,  138,  331,  318,  758,  544,  268,  237,  493,  157,  323,  297,  235,  400,  120,  269,  482,  631,  263,  669,  511,  206,  192,  184,  493,  318,  428,  663,  688,  284,  346,  139,  557,  423,  224,  510],
        [  697,  697,    0,  660,  876,  940,  190,  191,  639,  842,  671,  927,  939,  590,  477,  416,  384,  905,  727,  702,  235,  133,  824,  663,  927,  484,  400,  725,  734,  614,  875,  421,  749,  663,  931,  604,  238, 1092,  657,  676, 1184,  778,  810,  983,  172,  705,  584,  552,  849,  802,  384,  849,  533, 1039,  715,  964,  259,  775,  782,  365,  635,  515,  843,  532,  776, 1005,  927,  209,  295,  895, 1028,  817,  929,  326,  603,  353],
        [  505,  505,  660,    0,  886,  475,  789,  504,  473,  375,  660,  864,  523,  277,  393,  309,  594, 1099,  611,   58,  791,  780,  442,   57, 1023,  869,  263,   69,  861,  866, 1003,  418,  713,  787, 1103,  209,  851,  729,  454,  171,  853,  642,  825,  571,  811,   52,  675,  621,  971,  457,  408,  801,  601,  883,  405,  689,  418, 1052,  326,  874,  903,  374,  477,  387,  132,  756,  931,  773,  845,  449,  789,  626, 1044,  618,  285,  307],
        [  386,  386,  876,  886,    0,  634,  793,  739,  414,  637,  240,  100,  568,  610,  541,  673,  496,  294,  278,  867,  737,  871,  536,  938,  158,  509,  791,  933,  176,  339,  176,  559,  175,  221,  277,  678,  822,  525,  433,  730,  525,  258,   70,  566,  861,  928,  296,  339,  157,  497,  599,   97,  362,  248,  501,  381,  748,  374,  635,  671,  350,  538,  511,  518,  878,  352,   53,  749,  726,  606,  344,  301,  188,  551,  602,  824],
        [  326,  326,  940,  475,  634,    0,  987,  750,  359,  107,  506,  565,   73,  353,  473,  531,  662,  917,  402,  424,  960, 1020,  133,  528,  792,  894,  596,  478,  706,  800,  800,  531,  504,  663,  906,  361, 1044,  266,  329,  325,  390,  392,  601,  107, 1037,  486,  593,  562,  773,  170,  561,  537,  558,  511,  240,  289,  689,  942,  169,  983,  833,  432,  137,  419,  381,  354,  660,  954,  992,   47,  385,  336,  821,  722,  339,  655],
        [  701,  701,  190,  789,  793,  987,    0,  286,  649,  900,  624,  860,  972,  656,  515,  502,  346,  768,  702,  823,   60,   90,  860,  802,  814,  332,  527,  857,  631,  488,  757,  458,  696,  572,  797,  688,   63, 1096,  673,  768, 1173,  750,  732, 1010,   69,  838,  520,  505,  735,  831,  434,  786,  493,  988,  750,  954,  372,  624,  844,  185,  501,  557,  873,  568,  891,  984,  840,   44,  110,  940, 1002,  800,  810,  279,  667,  493],
        [  514,  514,  191,  504,  739,  750,  286,    0,  456,  653,  515,  776,  749,  401,  288,  230,  248,  821,  556,  538,  293,  285,  634,  518,  814,  449,  242,  572,  618,  532,  768,  234,  594,  540,  841,  419,  348,  906,  471,  495, 1001,  607,  670,  793,  312,  553,  444,  402,  739,  613,  195,  698,  379,  875,  526,  783,   87,  713,  593,  394,  561,  326,  654,  344,  609,  828,  791,  272,  351,  705,  853,  641,  821,  213,  414,  213],
        [   59,   59,  639,  473,  414,  359,  649,  456,    0,  300,  195,  400,  330,  197,  175,  297,  310,  642,  142,  456,  615,  695,  227,  525,  553,  537,  409,  522,  406,  460,  538,  223,  241,  342,  641,  265,  702,  454,   32,  321,  546,  183,  354,  364,  705,  515,  248,  209,  506,  191,  265,  332,  201,  453,  128,  328,  423,  625,  268,  626,  496,  150,  230,  128,  475,  376,  460,  612,  640,  314,  404,  195,  576,  373,  188,  455],
        [  283,  283,  842,  375,  637,  107,  900,  653,  300,    0,  473,  582,  149,  253,  385,  430,  587,  907,  379,  326,  877,  928,  103,  429,  793,  834,  490,  385,  683,  757,  793,  442,  488,  630,  899,  255,  958,  356,  269,  219,  480,  382,  594,  196,  946,  391,  546,  508,  764,  141,  469,  541,  500,  555,  173,  339,  588,  914,   63,  910,  793,  344,  133,  334,  294,  408,  670,  868,  912,   75,  441,  337,  820,  643,  240,  549],
        [  191,  191,  671,  660,  240,  506,  624,  515,  195,  473,    0,  262,  457,  384,  301,  433,  290,  447,  107,  648,  576,  691,  382,  710,  364,  418,  551,  713,  213,  296,  344,  320,   79,  158,  447,  453,  665,  506,  222,  515,  562,  140,  173,  475,  689,  705,  110,  121,  312,  341,  361,  183,  139,  369,  310,  352,  515,  441,  453,  547,  329,  300,  370,  282,  669,  368,  291,  582,  583,  467,  382,  202,  384,  353,  378,  585],
        [  360,  360,  927,  864,  100,  565,  860,  776,  400,  582,  262,    0,  496,  594,  549,  682,  544,  388,  259,  839,  807,  934,  480,  918,  242,  594,  798,  906,  267,  428,  271,  577,  184,  296,  366,  659,  893,  431,  413,  701,  426,  223,  133,  488,  928,  902,  345,  377,  255,  445,  619,   79,  398,  150,  465,  296,  775,  473,  589,  751,  443,  539,  451,  518,  841,  258,  100,  816,  801,  542,  248,  248,  273,  604,  583,  838],
        [  288,  288,  939,  523,  568,   73,  972,  749,  330,  149,  457,  496,    0,  364,  465,  539,  639,  855,  351,  475,  942, 1012,  116,  577,  726,  857,  616,  532,  650,  752,  737,  522,  446,  612,  842,  385, 1027,  208,  302,  363,  332,  334,  539,   50, 1025,  539,  550,  524,  711,  141,  556,  472,  522,  439,  225,  217,  695,  887,  201,  955,  785,  425,  100,  409,  439,  282,  592,  937,  969,   75,  313,  275,  755,  701,  349,  674],
        [  235,  235,  590,  277,  610,  353,  656,  401,  197,  253,  384,  594,  364,    0,  155,  178,  373,  825,  337,  266,  639,  679,  252,  329,  746,  643,  256,  330,  588,  610,  727,  204,  437,  516,  829,   70,  716,  548,  181,  142,  661,  372,  549,  412,  699,  322,  408,  356,  695,  244,  222,  527,  338,  630,  163,  463,  336,  790,  193,  689,  647,  119,  280,  123,  299,  524,  656,  628,  681,  310,  556,  367,  768,  418,   16,  313],
        [  233,  233,  477,  393,  541,  473,  515,  288,  175,  385,  301,  549,  465,  155,    0,  133,  220,  715,  299,  398,  493,  548,  351,  436,  657,  491,  251,  456,  480,  473,  628,   58,  371,  401,  723,  210,  574,  618,  185,  292,  717,  347,  473,  507,  564,  443,  288,  233,  596,  327,   94,  474,  211,  620,  240,  501,  249,  659,  331,  536,  510,   42,  368,   56,  444,  551,  591,  484,  531,  427,  578,  368,  674,  265,  161,  289],
        [  353,  353,  416,  309,  673,  531,  502,  230,  297,  430,  433,  682,  539,  178,  133,    0,  289,  835,  429,  331,  495,  513,  425,  340,  786,  561,  118,  377,  603,  576,  754,  125,  504,  523,  846,  190,  564,  714,  299,  267,  822,  476,  605,  586,  537,  361,  410,  356,  722,  412,  102,  607,  332,  748,  325,  612,  159,  766,  368,  568,  612,  148,  450,  170,  394,  667,  724,  480,  545,  487,  696,  490,  802,  309,  192,  159],
        [  359,  359,  384,  594,  496,  662,  346,  248,  310,  587,  290,  544,  639,  373,  220,  289,    0,  580,  358,  607,  307,  405,  532,  628,  566,  276,  384,  660,  371,  299,  521,  179,  366,  293,  597,  427,  395,  752,  337,  510,  828,  407,  429,  674,  407,  646,  201,  169,  492,  499,  187,  466,  152,  658,  423,  609,  280,  488,  539,  323,  333,  257,  539,  259,  659,  640,  548,  306,  331,  616,  660,  456,  574,   67,  379,  392],
        [  632,  632,  905, 1099,  294,  917,  768,  821,  642,  907,  447,  388,  855,  825,  715,  835,  580,    0,  529, 1090,  708,  857,  808, 1146,  152,  437,  946, 1155,  238,  293,  119,  711,  420,  314,   38,  894,  775,  818,  668,  960,  808,  527,  317,  856,  834, 1146,  427,  482,  144,  767,  741,  385,  505,  522,  752,  675,  859,  160,  894,  600,  270,  727,  788,  713, 1116,  644,  291,  728,  673,  885,  635,  581,  122,  609,  821,  964],
        [  109,  109,  727,  611,  278,  402,  702,  556,  142,  379,  107,  259,  351,  337,  299,  429,  358,  529,    0,  590,  659,  762,  282,  664,  425,  521,  544,  656,  306,  403,  418,  335,  111,  262,  524,  403,  748,  406,  157,  452,  472,   52,  223,  368,  765,  651,  210,  202,  388,  241,  378,  191,  211,  324,  226,  256,  538,  541,  366,  642,  435,  283,  267,  261,  601,  283,  321,  661,  672,  365,  303,  101,  450,  424,  327,  587],
        [  482,  482,  702,   58,  867,  424,  823,  538,  456,  326,  648,  839,  475,  266,  398,  331,  607, 1090,  590,    0,  822,  819,  400,  105, 1008,  883,  303,   67,  853,  869,  991,  429,  695,  781, 1093,  197,  885,  682,  434,  139,  806,  617,  808,  522,  848,   66,  672,  619,  959,  419,  425,  779,  599,  849,  375,  649,  453, 1052,  281,  898,  906,  373,  436,  383,   78,  717,  910,  805,  873,  401,  750,  597, 1030,  636,  271,  351],
        [  665,  665,  235,  791,  737,  960,   60,  293,  615,  877,  576,  807,  942,  639,  493,  495,  307,  708,  659,  822,    0,  150,  832,  809,  755,  272,  533,  860,  574,  429,  698,  437,  646,  517,  737,  677,   90, 1057,  640,  758, 1131,  706,  678,  978,  128,  842,  471,  460,  676,  801,  418,  734,  449,  937,  721,  913,  378,  564,  823,  131,  441,  534,  842,  544,  888,  940,  784,   27,   63,  914,  957,  758,  751,  242,  649,  505],
        [  750,  750,  133,  780,  871, 1020,   90,  285,  695,  928,  691,  934, 1012,  679,  548,  513,  405,  857,  762,  819,  150,    0,  898,  787,  899,  421,  518,  847,  714,  575,  843,  491,  765,  651,  886,  703,  114, 1147,  717,  779, 1230,  812,  809, 1052,   41,  827,  591,  570,  820,  872,  460,  859,  555, 1058,  787, 1011,  367,  714,  870,  273,  589,  589,  913,  603,  891, 1044,  920,  130,  197,  974, 1064,  858,  897,  339,  691,  476],
        [  197,  197,  824,  442,  536,  133,  860,  634,  227,  103,  382,  480,  116,  252,  351,  425,  532,  808,  282,  400,  832,  898,    0,  498,  692,  762,  506,  464,  588,  672,  693,  408,  389,  539,  800,  280,  916,  301,  197,  274,  419,  282,  494,  161,  912,  466,  464,  431,  665,   42,  442,  439,  426,  459,  111,  250,  580,  821,  121,  852,  707,  310,   36,  295,  381,  318,  568,  826,  862,   88,  351,  235,  719,  592,  237,  564],
        [  559,  559,  663,   57,  938,  528,  802,  518,  525,  429,  710,  918,  577,  329,  436,  340,  628, 1146,  664,  105,  809,  787,  498,    0, 1074,  901,  276,   73,  908,  907, 1052,  455,  765,  833, 1151,  261,  863,  784,  507,  227,  908,  696,  877,  625,  820,   54,  720,  666, 1020,  514,  442,  854,  645,  938,  461,  745,  431, 1094,  381,  897,  944,  419,  533,  434,  168,  812,  984,  789,  864,  503,  845,  681, 1094,  648,  337,  312],
        [  533,  533,  927, 1023,  158,  792,  814,  814,  553,  793,  364,  242,  726,  746,  657,  786,  566,  152,  425, 1008,  755,  899,  692, 1074,    0,  497,  902, 1074,  196,  327,   61,  665,  315,  274,  126,  815,  832,  673,  576,  873,  658,  412,  202,  723,  882, 1067,  381,  433,   79,  653,  701,  255,  458,  371,  651,  535,  838,  277,  788,  665,  321,  662,  668,  644, 1024,  499,  143,  771,  731,  763,  487,  458,   32,  609,  739,  929],
        [  569,  569,  484,  869,  509,  894,  332,  449,  537,  834,  418,  594,  857,  643,  491,  561,  276,  437,  521,  883,  272,  421,  762,  901,  497,    0,  645,  935,  335,  174,  438,  454,  467,  301,  467,  701,  339,  923,  568,  782,  972,  558,  462,  882,  398,  920,  311,  333,  420,  724,  461,  532,  337,  738,  663,  769,  514,  294,  794,  169,  176,  525,  761,  524,  934,  778,  550,  293,  238,  850,  788,  619,  489,  257,  647,  641],
        [  462,  462,  400,  263,  791,  596,  527,  242,  409,  490,  551,  798,  616,  256,  251,  118,  384,  946,  544,  303,  533,  518,  506,  276,  902,  645,    0,  331,  717,  680,  869,  238,  621,  637,  958,  236,  589,  804,  407,  291,  916,  589,  723,  665,  548,  312,  524,  470,  837,  500,  206,  724,  446,  861,  417,  713,  156,  869,  428,  625,  714,  261,  535,  283,  376,  772,  841,  514,  589,  556,  802,  600,  917,  389,  272,   59],
        [  549,  549,  725,   69,  933,  478,  857,  572,  522,  385,  713,  906,  532,  330,  456,  377,  660, 1155,  656,   67,  860,  847,  464,   73, 1074,  935,  331,    0,  917,  928, 1056,  483,  761,  844, 1158,  261,  919,  739,  501,  205,  864,  684,  874,  579,  878,   21,  734,  681, 1025,  484,  476,  846,  661,  915,  442,  713,  486, 1113,  344,  942,  965,  433,  499,  445,  102,  781,  977,  841,  914,  458,  814,  663, 1096,  686,  336,  372],
        [  403,  403,  734,  861,  176,  706,  631,  618,  406,  683,  213,  267,  650,  588,  480,  603,  371,  238,  306,  853,  574,  714,  588,  908,  196,  335,  717,  917,    0,  163,  153,  480,  204,   81,  244,  657,  655,  654,  434,  723,  676,  316,  140,  660,  700,  908,  194,  248,  122,  547,  513,  219,  272,  415,  522,  500,  644,  238,  665,  499,  176,  490,  572,  475,  879,  489,  216,  588,  558,  670,  490,  377,  204,  414,  583,  740],
        [  477,  477,  614,  866,  339,  800,  488,  532,  460,  757,  296,  428,  752,  610,  473,  576,  299,  293,  403,  869,  429,  575,  672,  907,  327,  174,  680,  928,  163,    0,  270,  454,  326,  148,  317,  675,  505,  789,  491,  751,  824,  429,  297,  771,  556,  916,  212,  257,  249,  632,  476,  372,  273,  575,  587,  633,  577,  190,  727,  341,   38,  497,  664,  488,  908,  632,  378,  446,  405,  759,  638,  492,  323,  319,  609,  690],
        [  524,  524,  875, 1003,  176,  800,  757,  768,  538,  793,  344,  271,  737,  727,  628,  754,  521,  119,  418,  991,  698,  843,  693, 1052,   61,  438,  869, 1056,  153,  270,    0,  632,  307,  234,  107,  796,  773,  700,  562,  858,  695,  412,  200,  738,  825, 1049,  345,  399,   33,  653,  665,  267,  423,  410,  643,  556,  796,  220,  783,  606,  262,  636,  672,  620, 1012,  527,  178,  715,  673,  769,  518,  464,   54,  561,  721,  893],
        [  282,  282,  421,  418,  559,  531,  458,  234,  223,  442,  320,  577,  522,  204,   58,  125,  179,  711,  335,  429,  437,  491,  408,  455,  665,  454,  238,  483,  480,  454,  632,    0,  395,  400,  722,  252,  517,  672,  238,  335,  768,  385,  490,  564,  506,  469,  287,  233,  600,  384,   43,  500,  209,  658,  298,  551,  204,  643,  387,  486,  491,   99,  425,  114,  481,  598,  610,  428,  477,  485,  624,  412,  680,  216,  213,  266],
        [  218,  218,  749,  713,  175,  504,  696,  594,  241,  488,   79,  184,  446,  437,  371,  504,  366,  420,  111,  695,  646,  765,  389,  765,  315,  467,  621,  761,  204,  326,  307,  395,    0,  178,  413,  505,  735,  464,  261,  559,  505,  113,  114,  457,  762,  755,  176,  198,  277,  349,  436,  106,  217,  293,  337,  308,  592,  441,  476,  608,  353,  365,  371,  345,  710,  311,  222,  653,  649,  469,  321,  174,  340,  429,  428,  658],
        [  347,  347,  663,  787,  221,  663,  572,  540,  342,  630,  158,  296,  612,  516,  401,  523,  293,  314,  262,  781,  517,  651,  539,  833,  274,  301,  637,  844,   81,  148,  234,  400,  178,    0,  323,  584,  601,  641,  371,  653,  678,  284,  164,  627,  640,  834,  114,  169,  203,  498,  433,  231,  192,  438,  464,  485,  564,  284,  606,  455,  176,  414,  527,  400,  810,  485,  269,  528,  507,  624,  492,  346,  284,  340,  512,  660],
        [  629,  629,  931, 1103,  277,  906,  797,  841,  641,  899,  447,  366,  842,  829,  723,  846,  597,   38,  524, 1093,  737,  886,  800, 1151,  126,  467,  958, 1158,  244,  317,  107,  722,  413,  323,    0,  898,  806,  797,  667,  961,  783,  518,  306,  842,  864, 1150,  437,  491,  137,  760,  753,  371,  515,  496,  749,  657,  876,  196,  889,  632,  298,  734,  778,  718, 1116,  623,  268,  757,  704,  875,  612,  570,   95,  629,  823,  979],
        [  299,  299,  604,  209,  678,  361,  688,  419,  265,  255,  453,  659,  385,   70,  210,  190,  427,  894,  403,  197,  677,  703,  280,  261,  815,  701,  236,  261,  657,  675,  796,  252,  505,  584,  898,    0,  750,  580,  247,   84,  698,  437,  617,  434,  726,  253,  475,  423,  765,  282,  260,  594,  404,  688,  211,  510,  345,  857,  192,  736,  712,  180,  312,  188,  235,  574,  723,  663,  722,  321,  606,  426,  837,  466,   77,  295],
        [  752,  752,  238,  851,  822, 1044,   63,  348,  702,  958,  665,  893, 1027,  716,  574,  564,  395,  775,  748,  885,   90,  114,  916,  863,  832,  339,  589,  919,  655,  505,  773,  517,  735,  601,  806,  750,    0, 1146,  727,  830, 1220,  795,  764, 1065,   75,  900,  559,  549,  753,  887,  495,  821,  538, 1025,  806, 1002,  434,  626,  903,  177,  514,  615,  928,  626,  953, 1029,  868,   91,  102,  997, 1046,  847,  826,  330,  727,  554],
        [  398,  398, 1092,  729,  525,  266, 1096,  906,  454,  356,  506,  431,  208,  548,  618,  714,  752,  818,  406,  682, 1057, 1147,  301,  784,  673,  923,  804,  739,  654,  789,  700,  672,  464,  641,  797,  580, 1146,    0,  435,  567,  125,  366,  521,  161, 1155,  746,  614,  606,  681,  305,  711,  442,  612,  320,  390,  156,  862,  886,  406, 1048,  816,  582,  269,  563,  645,  174,  530, 1057, 1075,  282,  188,  306,  704,  818,  533,  860],
        [   56,   56,  657,  454,  433,  329,  673,  471,   32,  269,  222,  413,  302,  181,  185,  299,  337,  668,  157,  434,  640,  717,  197,  507,  576,  568,  407,  501,  434,  491,  562,  238,  261,  371,  667,  247,  727,  435,    0,  298,  532,  192,  375,  338,  728,  495,  279,  240,  531,  162,  278,  347,  232,  455,   97,  316,  434,  655,  237,  655,  527,  155,  203,  133,  450,  369,  477,  636,  667,  284,  398,  194,  599,  399,  171,  456],
        [  345,  345,  676,  171,  730,  325,  768,  495,  321,  219,  515,  701,  363,  142,  292,  267,  510,  960,  452,  139,  758,  779,  274,  227,  873,  782,  291,  205,  723,  751,  858,  335,  559,  653,  961,   84,  830,  567,  298,    0,  689,  479,  672,  412,  804,  203,  547,  497,  826,  288,  343,  641,  479,  713,  238,  519,  417,  930,  162,  819,  788,  259,  309,  264,  158,  586,  772,  744,  804,  292,  619,  459,  896,  549,  143,  349],
        [  488,  488, 1184,  853,  525,  390, 1173, 1001,  546,  480,  562,  426,  332,  661,  717,  822,  828,  808,  472,  806, 1131, 1230,  419,  908,  658,  972,  916,  864,  676,  824,  695,  768,  505,  678,  783,  698, 1220,  125,  532,  689,    0,  426,  537,  286, 1235,  870,  671,  672,  680,  418,  809,  458,  682,  288,  500,  221,  964,  897,  528, 1108,  847,  684,  386,  663,  769,  195,  518, 1133, 1142,  406,  187,  373,  689,  895,  646,  971],
        [  138,  138,  778,  642,  258,  392,  750,  607,  183,  382,  140,  223,  334,  372,  347,  476,  407,  527,   52,  617,  706,  812,  282,  696,  412,  558,  589,  684,  316,  429,  412,  385,  113,  284,  518,  437,  795,  366,  192,  479,  426,    0,  213,  346,  814,  680,  249,  247,  384,  242,  428,  164,  258,  274,  246,  213,  589,  553,  378,  685,  459,  329,  261,  307,  623,  234,  296,  709,  717,  358,  253,   63,  439,  474,  361,  634],
        [  331,  331,  810,  825,   70,  601,  732,  670,  354,  594,  173,  133,  539,  549,  473,  605,  429,  317,  223,  808,  678,  809,  494,  877,  202,  462,  723,  874,  140,  297,  200,  490,  114,  164,  306,  617,  764,  521,  375,  672,  537,  213,    0,  542,  800,  868,  228,  270,  173,  454,  529,   80,  293,  278,  449,  370,  679,  366,  587,  619,  314,  472,  472,  453,  823,  352,  122,  689,  671,  569,  352,  265,  228,  485,  541,  756],
        [  318,  318,  983,  571,  566,  107, 1010,  793,  364,  196,  475,  488,   50,  412,  507,  586,  674,  856,  368,  522,  978, 1052,  161,  625,  723,  882,  665,  579,  660,  771,  738,  564,  457,  627,  842,  434, 1065,  161,  338,  412,  286,  346,  542,    0, 1065,  586,  573,  551,  713,  181,  599,  472,  551,  417,  268,  198,  740,  897,  250,  987,  802,  468,  140,  451,  484,  257,  586,  974, 1004,  122,  286,  284,  753,  737,  397,  723],
        [  758,  758,  172,  811,  861, 1037,   69,  312,  705,  946,  689,  928, 1025,  699,  564,  537,  407,  834,  765,  848,  128,   41,  912,  820,  882,  398,  548,  878,  700,  556,  825,  506,  762,  640,  864,  726,   75, 1155,  728,  804, 1235,  814,  800, 1065,    0,  859,  587,  570,  803,  885,  479,  853,  556, 1054,  801, 1016,  395,  688,  889,  243,  569,  605,  926,  618,  919, 1047,  909,  113,  166,  990, 1066,  862,  879,  341,  710,  509],
        [  544,  544,  705,   52,  928,  486,  838,  553,  515,  391,  705,  902,  539,  322,  443,  361,  646, 1146,  651,   66,  842,  827,  466,   54, 1067,  920,  312,   21,  908,  916, 1049,  469,  755,  834, 1150,  253,  900,  746,  495,  203,  870,  680,  868,  586,  859,    0,  724,  670, 1017,  485,  460,  841,  650,  914,  440,  715,  467, 1101,  347,  925,  953,  422,  502,  435,  116,  783,  972,  823,  896,  465,  816,  661, 1089,  670,  328,  353],
        [  268,  268,  584,  675,  296,  593,  520,  444,  248,  546,  110,  345,  550,  408,  288,  410,  201,  427,  210,  672,  471,  591,  464,  720,  381,  311,  524,  734,  194,  212,  345,  287,  176,  114,  437,  475,  559,  614,  279,  547,  671,  249,  228,  573,  587,  724,    0,   55,  314,  424,  321,  269,   79,  468,  375,  461,  459,  383,  515,  438,  248,  302,  457,  289,  705,  477,  348,  478,  475,  551,  491,  309,  394,  259,  405,  549],
        [  237,  237,  552,  621,  339,  562,  505,  402,  209,  508,  121,  377,  524,  356,  233,  356,  169,  482,  202,  619,  460,  570,  431,  666,  433,  333,  470,  681,  248,  257,  399,  233,  198,  169,  491,  423,  549,  606,  240,  497,  672,  247,  270,  551,  570,  670,   55,    0,  367,  392,  268,  299,   25,  489,  336,  457,  410,  434,  474,  442,  294,  248,  429,  236,  654,  481,  391,  463,  471,  519,  498,  302,  447,  233,  354,  496],
        [  493,  493,  849,  971,  157,  773,  735,  739,  506,  764,  312,  255,  711,  695,  596,  722,  492,  144,  388,  959,  676,  820,  665, 1020,   79,  420,  837, 1025,  122,  249,   33,  600,  277,  203,  137,  765,  753,  681,  531,  826,  680,  384,  173,  713,  803, 1017,  314,  367,    0,  624,  634,  243,  391,  399,  613,  535,  766,  224,  753,  588,  245,  604,  644,  587,  980,  508,  168,  692,  653,  741,  501,  437,   83,  533,  689,  861],
        [  157,  157,  802,  457,  497,  170,  831,  613,  191,  141,  341,  445,  141,  244,  327,  412,  499,  767,  241,  419,  801,  872,   42,  514,  653,  724,  500,  484,  547,  632,  653,  384,  349,  498,  760,  282,  887,  305,  162,  288,  418,  242,  454,  181,  885,  485,  424,  392,  624,    0,  419,  401,  388,  432,   88,  232,  563,  780,  147,  817,  666,  288,   42,  271,  407,  299,  531,  796,  829,  128,  332,  198,  680,  560,  229,  556],
        [  323,  323,  384,  408,  599,  561,  434,  195,  265,  469,  361,  619,  556,  222,   94,  102,  187,  741,  378,  425,  418,  460,  442,  442,  701,  461,  206,  476,  513,  476,  665,   43,  436,  433,  753,  260,  495,  711,  278,  343,  809,  428,  529,  599,  479,  460,  321,  268,  634,  419,    0,  541,  244,  701,  332,  592,  161,  666,  411,  477,  512,  132,  460,  149,  483,  640,  650,  406,  462,  515,  667,  455,  714,  212,  233,  229],
        [  297,  297,  849,  801,   97,  537,  786,  698,  332,  541,  183,   79,  472,  527,  474,  607,  466,  385,  191,  779,  734,  859,  439,  854,  255,  532,  724,  846,  219,  372,  267,  500,  106,  231,  371,  594,  821,  442,  347,  641,  458,  164,   80,  472,  853,  841,  269,  299,  243,  401,  541,    0,  320,  207,  409,  293,  697,  445,  540,  684,  392,  465,  414,  445,  787,  273,  132,  743,  731,  509,  272,  205,  284,  527,  518,  762],
        [  235,  235,  533,  601,  362,  558,  493,  379,  201,  500,  139,  398,  522,  338,  211,  332,  152,  505,  211,  599,  449,  555,  426,  645,  458,  337,  446,  661,  272,  273,  423,  209,  217,  192,  515,  404,  538,  612,  232,  479,  682,  258,  293,  551,  556,  650,   79,   25,  391,  388,  244,  320,    0,  507,  328,  465,  387,  453,  463,  438,  310,  228,  425,  217,  636,  492,  414,  451,  463,  513,  510,  310,  472,  217,  337,  472],
        [  400,  400, 1039,  883,  248,  511,  988,  875,  453,  555,  369,  150,  439,  630,  620,  748,  658,  522,  324,  849,  937, 1058,  459,  938,  371,  738,  861,  915,  415,  575,  410,  658,  293,  438,  496,  688, 1025,  320,  455,  713,  288,  274,  278,  417, 1054,  914,  468,  489,  399,  432,  701,  207,  507,    0,  479,  223,  861,  620,  577,  890,  591,  601,  425,  579,  838,  161,  233,  945,  937,  500,  135,  263,  402,  721,  617,  906],
        [  120,  120,  715,  405,  501,  240,  750,  526,  128,  173,  310,  465,  225,  163,  240,  325,  423,  752,  226,  375,  721,  787,  111,  461,  651,  663,  417,  442,  522,  587,  643,  298,  337,  464,  749,  211,  806,  390,   97,  238,  500,  246,  449,  268,  801,  440,  375,  336,  613,   88,  332,  409,  328,  479,    0,  301,  475,  748,  144,  744,  622,  201,  129,  185,  378,  364,  541,  715,  752,  194,  396,  222,  676,  483,  148,  472],
        [  269,  269,  964,  689,  381,  289,  954,  783,  328,  339,  352,  296,  217,  463,  501,  612,  609,  675,  256,  649,  913, 1011,  250,  745,  535,  769,  713,  713,  500,  633,  556,  551,  308,  485,  657,  510, 1002,  156,  316,  519,  221,  213,  370,  198, 1016,  715,  461,  457,  535,  232,  592,  293,  465,  223,  301,    0,  749,  734,  370,  897,  660,  470,  214,  449,  629,   69,  395,  914,  927,  279,  102,  155,  566,  676,  448,  766],
        [  482,  482,  259,  418,  748,  689,  372,   87,  423,  588,  515,  775,  695,  336,  249,  159,  280,  859,  538,  453,  378,  367,  580,  431,  838,  514,  156,  486,  644,  577,  796,  204,  592,  564,  876,  345,  434,  862,  434,  417,  964,  589,  679,  740,  395,  467,  459,  410,  766,  563,  161,  697,  387,  861,  475,  749,    0,  763,  527,  475,  608,  281,  603,  301,  525,  799,  800,  358,  435,  645,  826,  615,  848,  263,  350,  131],
        [  631,  631,  775, 1052,  374,  942,  624,  713,  625,  914,  441,  473,  887,  790,  659,  766,  488,  160,  541, 1052,  564,  714,  821, 1094,  277,  294,  869, 1113,  238,  190,  220,  643,  441,  284,  196,  857,  626,  886,  655,  930,  897,  553,  366,  897,  688, 1101,  383,  434,  224,  780,  666,  445,  453,  620,  748,  734,  763,    0,  890,  450,  156,  680,  807,  670, 1087,  717,  391,  586,  525,  905,  714,  614,  255,  502,  788,  879],
        [  263,  263,  782,  326,  635,  169,  844,  593,  268,   63,  453,  589,  201,  193,  331,  368,  539,  894,  366,  281,  823,  870,  121,  381,  788,  794,  428,  344,  665,  727,  783,  387,  476,  606,  889,  192,  903,  406,  237,  162,  528,  378,  587,  250,  889,  347,  515,  474,  753,  147,  411,  540,  463,  577,  144,  370,  527,  890,    0,  861,  763,  290,  156,  282,  261,  438,  672,  814,  861,  132,  471,  341,  814,  593,  180,  487],
        [  669,  669,  365,  874,  671,  983,  185,  394,  626,  910,  547,  751,  955,  689,  536,  568,  323,  600,  642,  898,  131,  273,  852,  897,  665,  169,  625,  942,  499,  341,  606,  486,  608,  455,  632,  736,  177, 1048,  655,  819, 1108,  685,  619,  987,  243,  925,  438,  442,  588,  817,  477,  684,  438,  890,  744,  897,  475,  450,  861,    0,  345,  575,  856,  580,  959,  914,  714,  157,   77,  937,  927,  742,  657,  271,  696,  606],
        [  511,  511,  635,  903,  350,  833,  501,  561,  496,  793,  329,  443,  785,  647,  510,  612,  333,  270,  435,  906,  441,  589,  707,  944,  321,  176,  714,  965,  176,   38,  262,  491,  353,  176,  298,  712,  514,  816,  527,  788,  847,  459,  314,  802,  569,  953,  248,  294,  245,  666,  512,  392,  310,  591,  622,  660,  608,  156,  763,  345,    0,  534,  697,  525,  945,  656,  386,  460,  412,  793,  660,  522,  313,  349,  646,  724],
        [  206,  206,  515,  374,  538,  432,  557,  326,  150,  344,  300,  539,  425,  119,   42,  148,  257,  727,  283,  373,  534,  589,  310,  419,  662,  525,  261,  433,  490,  497,  636,   99,  365,  414,  734,  180,  615,  582,  155,  259,  684,  329,  472,  468,  605,  422,  302,  248,  604,  288,  132,  465,  228,  601,  201,  470,  281,  680,  290,  575,  534,    0,  329,   23,  414,  523,  587,  525,  572,  386,  551,  343,  680,  305,  123,  306],
        [  192,  192,  843,  477,  511,  137,  873,  654,  230,  133,  370,  451,  100,  280,  368,  450,  539,  788,  267,  436,  842,  913,   36,  533,  668,  761,  535,  499,  572,  664,  672,  425,  371,  527,  778,  312,  928,  269,  203,  309,  386,  261,  472,  140,  926,  502,  457,  429,  644,   42,  460,  414,  425,  425,  129,  214,  603,  807,  156,  856,  697,  329,    0,  312,  416,  283,  541,  837,  870,   98,  316,  210,  696,  601,  265,  592],
        [  184,  184,  532,  387,  518,  419,  568,  344,  128,  334,  282,  518,  409,  123,   56,  170,  259,  713,  261,  383,  544,  603,  295,  434,  644,  524,  283,  445,  475,  488,  620,  114,  345,  400,  718,  188,  626,  563,  133,  264,  663,  307,  453,  451,  618,  435,  289,  236,  587,  271,  149,  445,  217,  579,  185,  449,  301,  670,  282,  580,  525,   23,  312,    0,  421,  501,  567,  536,  579,  373,  529,  321,  663,  311,  124,  328],
        [  493,  493,  776,  132,  878,  381,  891,  609,  475,  294,  669,  841,  439,  299,  444,  394,  659, 1116,  601,   78,  888,  891,  381,  168, 1024,  934,  376,  102,  879,  908, 1012,  481,  710,  810, 1116,  235,  953,  645,  450,  158,  769,  623,  823,  484,  919,  116,  705,  654,  980,  407,  483,  787,  636,  838,  378,  629,  525, 1087,  261,  959,  945,  414,  416,  421,    0,  698,  918,  871,  938,  365,  731,  595, 1048,  693,  300,  427],
        [  318,  318, 1005,  756,  352,  354,  984,  828,  376,  408,  368,  258,  282,  524,  551,  667,  640,  644,  283,  717,  940, 1044,  318,  812,  499,  778,  772,  781,  489,  632,  527,  598,  311,  485,  623,  574, 1029,  174,  369,  586,  195,  234,  352,  257, 1047,  783,  477,  481,  508,  299,  640,  273,  492,  161,  364,   69,  799,  717,  438,  914,  656,  523,  283,  501,  698,    0,  357,  943,  950,  346,   34,  188,  530,  707,  510,  823],
        [  428,  428,  927,  931,   53,  660,  840,  791,  460,  670,  291,  100,  592,  656,  591,  724,  548,  291,  321,  910,  784,  920,  568,  984,  143,  550,  841,  977,  216,  378,  178,  610,  222,  269,  268,  723,  868,  530,  477,  772,  518,  296,  122,  586,  909,  972,  348,  391,  168,  531,  650,  132,  414,  233,  541,  395,  800,  391,  672,  714,  386,  587,  541,  567,  918,  357,    0,  797,  772,  634,  345,  333,  174,  602,  647,  875],
        [  663,  663,  209,  773,  749,  954,   44,  272,  612,  868,  582,  816,  937,  628,  484,  480,  306,  728,  661,  805,   27,  130,  826,  789,  771,  293,  514,  841,  588,  446,  715,  428,  653,  528,  757,  663,   91, 1057,  636,  744, 1133,  709,  689,  974,  113,  823,  478,  463,  692,  796,  406,  743,  451,  945,  715,  914,  358,  586,  814,  157,  460,  525,  837,  536,  871,  943,  797,    0,   88,  907,  961,  760,  768,  240,  638,  484],
        [  688,  688,  295,  845,  726,  992,  110,  351,  640,  912,  583,  801,  969,  681,  531,  545,  331,  673,  672,  873,   63,  197,  862,  864,  731,  238,  589,  914,  558,  405,  673,  477,  649,  507,  704,  722,  102, 1075,  667,  804, 1142,  717,  671, 1004,  166,  896,  475,  471,  653,  829,  462,  731,  463,  937,  752,  927,  435,  525,  861,   77,  412,  572,  870,  579,  938,  950,  772,   88,    0,  945,  965,  772,  725,  270,  689,  564],
        [  284,  284,  895,  449,  606,   47,  940,  705,  314,   75,  467,  542,   75,  310,  427,  487,  616,  885,  365,  401,  914,  974,   88,  503,  763,  850,  556,  458,  670,  759,  769,  485,  469,  624,  875,  321,  997,  282,  284,  292,  406,  358,  569,  122,  990,  465,  551,  519,  741,  128,  515,  509,  513,  500,  194,  279,  645,  905,  132,  937,  793,  386,   98,  373,  365,  346,  634,  907,  945,    0,  379,  306,  792,  676,  295,  615],
        [  346,  346, 1028,  789,  344,  385, 1002,  853,  404,  441,  382,  248,  313,  556,  578,  696,  660,  635,  303,  750,  957, 1064,  351,  845,  487,  788,  802,  814,  490,  638,  518,  624,  321,  492,  612,  606, 1046,  188,  398,  619,  187,  253,  352,  286, 1066,  816,  491,  498,  501,  332,  667,  272,  510,  135,  396,  102,  826,  714,  471,  927,  660,  551,  316,  529,  731,   34,  345,  961,  965,  379,    0,  213,  518,  726,  542,  853],
        [  139,  139,  817,  626,  301,  336,  800,  641,  195,  337,  202,  248,  275,  367,  368,  490,  456,  581,  101,  597,  758,  858,  235,  681,  458,  619,  600,  663,  377,  492,  464,  412,  174,  346,  570,  426,  847,  306,  194,  459,  373,   63,  265,  284,  862,  661,  309,  302,  437,  198,  455,  205,  310,  263,  222,  155,  615,  614,  341,  742,  522,  343,  210,  321,  595,  188,  333,  760,  772,  306,  213,    0,  487,  522,  354,  648],
        [  557,  557,  929, 1044,  188,  821,  810,  821,  576,  820,  384,  273,  755,  768,  674,  802,  574,  122,  450, 1030,  751,  897,  719, 1094,   32,  489,  917, 1096,  204,  323,   54,  680,  340,  284,   95,  837,  826,  704,  599,  896,  689,  439,  228,  753,  879, 1089,  394,  447,   83,  680,  714,  284,  472,  402,  676,  566,  848,  255,  814,  657,  313,  680,  696,  663, 1048,  530,  174,  768,  725,  792,  518,  487,    0,  614,  761,  942],
        [  423,  423,  326,  618,  551,  722,  279,  213,  373,  643,  353,  604,  701,  418,  265,  309,   67,  609,  424,  636,  242,  339,  592,  648,  609,  257,  389,  686,  414,  319,  561,  216,  429,  340,  629,  466,  330,  818,  399,  549,  895,  474,  485,  737,  341,  670,  259,  233,  533,  560,  212,  527,  217,  721,  483,  676,  263,  502,  593,  271,  349,  305,  601,  311,  693,  707,  602,  240,  270,  676,  726,  522,  614,    0,  425,  386],
        [  224,  224,  603,  285,  602,  339,  667,  414,  188,  240,  378,  583,  349,   16,  161,  192,  379,  821,  327,  271,  649,  691,  237,  337,  739,  647,  272,  336,  583,  609,  721,  213,  428,  512,  823,   77,  727,  533,  171,  143,  646,  361,  541,  397,  710,  328,  405,  354,  689,  229,  233,  518,  337,  617,  148,  448,  350,  788,  180,  696,  646,  123,  265,  124,  300,  510,  647,  638,  689,  295,  542,  354,  761,  425,    0,  328],
        [  510,  510,  353,  307,  824,  655,  493,  213,  455,  549,  585,  838,  674,  313,  289,  159,  392,  964,  587,  351,  505,  476,  564,  312,  929,  641,   59,  372,  740,  690,  893,  266,  658,  660,  979,  295,  554,  860,  456,  349,  971,  634,  756,  723,  509,  353,  549,  496,  861,  556,  229,  762,  472,  906,  472,  766,  131,  879,  487,  606,  724,  306,  592,  328,  427,  823,  875,  484,  564,  615,  853,  648,  942,  386,  328,    0]
    ]
}
