{
    "name": "random-46-21300",
    "comment": "size=46 seed=21300",
    "nodes": ["+0", "-0", "+1", "-1", "+2", "-2", "+3", "-3", "+4", "-4", "+5", "-5", "+6", "-6", "+7", "-7", "+8", "-8", "+9", "-9", "+10", "-10", "+11", "-11", "+12", "-12", "+13", "-13", "+14", "-14", "+15", "-15", "+16", "-16", "+17", "-17", "+18", "-18", "+19", "-19", "+20", "-20", "+21", "-21", "+22", "-22", "+23", "-23", "+24", "-24", "+25", "-25", "+26", "-26", "+27", "-27", "+28", "-28", "+29", "-29", "+30", "-30", "+31", "-31", "+32", "-32", "+33", "-33", "+34", "-34", "+35", "-35", "+36", "-36", "+37", "-37", "+38", "-38", "+39", "-39", "+40", "-40", "+41", "-41", "+42", "-42", "+43", "-43", "+44", "-44", "+45", "-45", "+46", "-46"],
    "precedence": {
        "+0": "-0",
        "+1": "-1",
        "+2": "-2",
        "+3": "-3",
        "+4": "-4",
        "+5": "-5",
        "+6": "-6",
        "+7": "-7",
        "+8": "-8",
        "+9": "-9",
        "+10": "-10",
        "+11": "-11",
        "+12": "-12",
        "+13": "-13",
        "+14": "-14",
        "+15": "-15",
        "+16": "-16",
        "+17": "-17",
        "+18": "-18",
        "+19": "-19",
        "+20": "-20",
        "+21": "-21",
        "+22": "-22",
        "+23": "-23",
        "+24": "-24",
        "+25": "-25",
        "+26": "-26",
        "+27": "-27",
        "+28": "-28",
        "+29": "-29",
        "+30": "-30",
        "+31": "-31",
        "+32": "-32",
        "+33": "-33",
        "+34": "-34",
        "+35": "-35",
        "+36": "-36",
        "+37": "-37",
        "+38": "-38",
        "+39": "-39",
        "+40": "-40",
        "+41": "-41",
        "+42": "-42",
        "+43": "-43",
        "+44": "-44",
        "+45": "-45",
        "+46": "-46"
    },
    "edges": [
        [    0,    0,  433,  807,  425,  352,  252,  715,  254,  683,  680,  402,  168,  939,  298,  322,  791,  358,  511,  546,  301,  451,  492,  305,  391,  356,  994,  538,  934,  208,  556,  663,  613,  807,  464,  104,  513,  482,  720,  221,  559,  610,  425,  795,  882,  775,  452,  772,  182,  284,  362,  617,  726,  202,  542,  798,  167,  478,  820,  220,   17,  385,  320,  779,  944,  635,  815,  607,  782,  414,  855,  688,  245,  545,  313,  290,  857,  581,   12,  430,  373,  932,  525,  699,  708,  262,  768,  306,  596,  198,  164,  713,  671,  396],
        [    0,    0,    0,    0,    0,    0,    0,    0,    0,    0,    0,    0,    0,    0,    0,    0,    0,    0,    0,    0,    0,    0,    0,    0,    0,    0,    0,    0,    0,    0,    0,    0,    0,    0,    0,    0,    0,    0,    0,    0,    0,    0,    0,    0,    0,    0,    0,    0,    0,    0,    0,    0,    0,    0,    0,    0,    0,    0,    0,    0,    0,    0,    0,    0,    0,    0,    0,    0,    0,    0,    0,    0,    0,    0,    0,    0,    0,    0,    0,    0,    0,    0,    0,    0,    0,    0,    0,    0,    0,    0,    0,    0,    0,    0],
        [  433,    0,    0,  467,  417,  213,  273,  377,  475,  300,  383,  460,  373,  516,  140,  249,  380,  179,  271,  474,  524,  639,  512,  446,  410,  119,  801,  119,  689,  472,  506,  247,  203,  480,  536,  359,   82,  571,  590,  333,  127,  179,  434,  467,  596,  350,   57,  402,  551,  530,  710,  556,  350,  270,  645,  465,  356,  204,  618,  550,  425,  371,  244,  348,  515,  326,  514,  339,  352,  292,  423,  262,  623,  560,  402,  194,  538,  493,  435,  353,  117,  699,  142,  635,  607,  606,  349,  210,  401,  246,  275,  300,  250,   62],
        [  807,    0,  467,    0,  493,  679,  560,   94,  697,  581,  137,  926,  811,  558,  542,  490,  207,  645,  700,  923,  716,  741,  974,  629,  519,  584,  421,  469,  279,  726,  454,  487,  496,   32,  588,  771,  442,  617,  376,  784,  420,  361,  898,   28,  160,  472,  415,   88,  840,  737,  934,  452,  132,  708,  663,   16,  793,  331,  288,  811,  793,  493,  491,  422,  513,  688,   92,  212,  309,  753,  426,  447,  899, 1020,  865,  652,   80,  407,  813,  814,  583,  299,  325,  476,  419,  857,  245,  672,  278,  617,  685,  236,  280,  458],
        [  425,    0,  417,  493,    0,  538,  215,  421,  223,  710,  357,  732,  520,  867,  340,  183,  580,  514,  665,  819,  228,  260,  813,  149,   35,  458,  575,  524,  533,  264,  132,  639,  605,  479,  123,  449,  478,  159,  298,  532,  506,  511,  731,  472,  510,  712,  379,  501,  380,  252,  444,  194,  476,  454,  231,  480,  507,  261,  411,  339,  408,   52,  188,  688,  846,  741,  463,  287,  627,  634,  743,  634,  426,  869,  643,  467,  514,  158,  435,  684,  473,  527,  375,  279,  284,  377,  582,  499,  221,  316,  396,  527,  514,  357],
        [  352,    0,  213,  679,  538,    0,  334,  589,  505,  345,  591,  248,  221,  621,  200,  356,  577,   34,  161,  284,  560,  702,  303,  508,  519,   98,  999,  253,  895,  481,  653,  351,  301,  692,  639,  251,  254,  670,  768,  162,  294,  361,  223,  679,  806,  467,  266,  612,  518,  557,  697,  711,  560,  151,  745,  677,  209,  394,  815,  538,  351,  487,  351,  486,  638,  284,  725,  540,  529,   97,  565,  389,  588,  355,  196,   77,  750,  652,  347,  152,   96,  903,  354,  795,  777,  591,  541,   49,  587,  246,  204,  498,  445,  234],
        [  252,    0,  273,  560,  215,  334,    0,  469,  203,  570,  430,  518,  311,  781,  151,   71,  569,  316,  476,  610,  252,  377,  599,  181,  190,  269,  756,  391,  686,  204,  343,  519,  475,  558,  305,  245,  351,  337,  490,  318,  392,  424,  518,  547,  631,  616,  261,  533,  299,  258,  442,  404,  490,  239,  411,  551,  297,  235,  577,  287,  236,  165,   70,  606,  774,  571,  564,  356,  580,  429,  675,  530,  368,  655,  429,  260,  607,  355,  259,  475,  286,  685,  309,  490,  486,  342,  554,  291,  348,  102,  182,  497,  463,  215],
        [  715,    0,  377,   94,  421,  589,  469,    0,  615,  520,   73,  836,  717,  542,  448,  400,  193,  555,  620,  840,  638,  676,  887,  549,  444,  493,  467,  390,  334,  641,  402,  426,  428,  103,  525,  677,  359,  556,  359,  690,  343,  290,  810,   90,  226,  431,  323,   83,  754,  658,  856,  412,   83,  614,  609,   89,  699,  238,  307,  727,  701,  414,  400,  386,  503,  619,  144,  134,  281,  666,  407,  391,  815,  934,  773,  559,  162,  359,  721,  727,  493,  349,  235,  452,  398,  775,  218,  581,  220,  524,  592,  188,  219,  365],
        [  254,    0,  475,  697,  223,  505,  203,  615,    0,  771,  561,  634,  398,  982,  348,  245,  746,  495,  660,  757,   56,  206,  722,   75,  190,  459,  790,  594,  756,   49,  338,  722,  678,  688,  219,  320,  554,  232,  511,  433,  594,  622,  647,  679,  731,  817,  462,  690,  158,   56,  248,  394,  655,  374,  290,  685,  390,  405,  632,  117,  239,  207,  247,  805,  972,  765,  678,  486,  771,  593,  872,  731,  205,  777,  541,  429,  728,  374,  265,  627,  477,  748,  499,  469,  490,  161,  738,  458,  438,  262,  311,  681,  653,  417],
        [  683,    0,  300,  581,  710,  345,  570,  520,  771,    0,  564,  518,  566,  284,  425,  548,  397,  329,  226,  428,  821,  939,  518,  746,  706,  329,  987,  186,  853,  763,  783,   95,  107,  606,  831,  587,  232,  867,  831,  507,  210,  236,  471,  595,  739,  161,  331,  494,  829,  826,  998,  826,  451,  485,  940,  587,  553,  465,  819,  836,  679,  667,  544,  204,  312,  131,  660,  555,  304,  339,  269,  136,  901,  544,  512,  394,  660,  761,  680,  382,  311,  869,  355,  896,  858,  892,  353,  383,  643,  524,  521,  346,  303,  361],
        [  680,    0,  383,  137,  357,  591,  430,   73,  561,  564,    0,  836,  698,  608,  432,  360,  264,  558,  641,  855,  579,  609,  893,  492,  383,  494,  428,  417,  308,  590,  330,  471,  466,  129,  457,  652,  381,  487,  291,  678,  373,  329,  814,  119,  216,  489,  327,  155,  704,  600,  798,  339,  152,  599,  538,  125,  681,  212,  255,  674,  665,  356,  361,  447,  571,  653,  139,   76,  347,  674,  473,  441,  763,  942,  768,  553,  178,  286,  687,  736,  496,  318,  245,  380,  328,  721,  286,  577,  148,  496,  569,  249,  271,  360],
        [  402,    0,  460,  926,  732,  248,  518,  836,  634,  518,  836,    0,  238,  800,  421,  561,  817,  282,  292,  167,  687,  839,   91,  662,  706,  344, 1236,  486, 1138,  595,  858,  557,  512,  939,  813,  314,  496,  839,  992,  204,  531,  599,   50,  926, 1051,  667,  513,  859,  583,  675,  758,  919,  806,  279,  909,  924,  244,  634, 1051,  621,  412,  682,  557,  697,  829,  407,  971,  781,  758,  188,  773,  602,  639,  145,   93,  287,  997,  866,  392,  136,  344, 1144,  602, 1005,  995,  663,  779,  260,  819,  416,  339,  740,  686,  477],
        [  168,    0,  373,  811,  520,  221,  311,  717,  398,  566,  698,  238,    0,  839,  269,  369,  752,  239,  368,  379,  450,  602,  328,  432,  491,  265, 1062,  453,  982,  358,  651,  565,  515,  817,  587,   78,  441,  611,  800,   62,  486,  547,  259,  804,  912,  681,  410,  760,  350,  438,  529,  713,  709,  105,  679,  805,   18,  487,  880,  386,  176,  473,  365,  695,  853,  497,  837,  632,  721,  261,  774,  599,  411,  382,  147,  186,  872,  666,  158,  266,  278,  984,  496,  799,  797,  429,  722,  186,  647,  215,  133,  672,  622,  359],
        [  939,    0,  516,  558,  867,  621,  781,  542,  982,  284,  608,  800,  839,    0,  655,  740,  355,  600,  510,  698, 1026, 1120,  795,  941,  874,  585,  977,  403,  832,  984,  904,  277,  328,  589,  990,  851,  434, 1025,  899,  783,  391,  362,  753,  582,  712,  167,  520,  478, 1066, 1036, 1223,  931,  459,  750, 1092,  571,  825,  607,  842, 1065,  933,  835,  737,  180,   58,  399,  649,  635,  262,  623,  136,  254, 1139,  815,  795,  659,  627,  870,  938,  665,  569,  854,  495,  985,  935, 1121,  324,  654,  733,  761,  776,  362,  359,  568],
        [  298,    0,  140,  542,  340,  200,  151,  448,  348,  425,  432,  421,  269,  655,    0,  158,  496,  175,  329,  483,  400,  528,  491,  331,  324,  121,  817,  254,  724,  339,  454,  383,  336,  548,  447,  236,  221,  480,  574,  246,  266,  313,  409,  536,  647,  488,  154,  493,  412,  403,  575,  512,  443,  168,  555,  536,  252,  221,  632,  414,  289,  290,  153,  487,  654,  421,  570,  369,  484,  296,  561,  401,  485,  545,  343,  136,  604,  454,  301,  349,  137,  728,  233,  596,  580,  470,  472,  166,  399,  107,  149,  418,  373,   99],
        [  322,    0,  249,  490,  183,  356,   71,  400,  245,  548,  360,  561,  369,  740,  158,    0,  508,  332,  483,  638,  286,  391,  638,  202,  168,  276,  694,  364,  619,  256,  299,  488,  448,  488,  293,  308,  321,  327,  434,  368,  357,  379,  556,  477,  561,  577,  224,  466,  361,  297,  491,  359,  425,  286,  402,  481,  354,  169,  513,  343,  306,  132,    6,  562,  729,  566,  494,  286,  527,  453,  628,  493,  427,  694,  476,  287,  537,  305,  329,  504,  291,  619,  255,  445,  435,  396,  496,  318,  281,  155,  237,  439,  409,  188],
        [  791,    0,  380,  207,  580,  577,  569,  193,  746,  397,  264,  817,  752,  355,  496,  508,    0,  545,  556,  783,  778,  839,  850,  688,  596,  495,  627,  333,  485,  763,  584,  308,  331,  237,  694,  730,  324,  728,  552,  711,  286,  219,  782,  229,  365,  270,  344,  124,  867,  795,  993,  600,  113,  648,  786,  218,  735,  342,  488,  850,  779,  561,  506,  219,  312,  517,  297,  307,  104,  632,  221,  262,  934,  889,  772,  572,  281,  543,  794,  692,  487,  505,  267,  644,  591,  902,   45,  585,  403,  593,  644,   81,  132,  399],
        [  358,    0,  179,  645,  514,   34,  316,  555,  495,  329,  558,  282,  239,  600,  175,  332,  545,    0,  166,  313,  549,  688,  336,  492,  497,   66,  967,  223,  862,  473,  627,  327,  277,  658,  618,  259,  222,  651,  738,  184,  263,  329,  257,  645,  772,  443,  232,  578,  518,  547,  695,  684,  526,  157,  725,  643,  226,  362,  783,  535,  356,  464,  327,  460,  615,  280,  691,  507,  499,  125,  539,  363,  589,  387,  228,   70,  716,  624,  354,  183,   62,  870,  320,  768,  748,  588,  509,   55,  556,  233,  202,  465,  413,  201],
        [  511,    0,  271,  700,  665,  161,  476,  620,  660,  226,  641,  292,  368,  510,  329,  483,  556,  166,    0,  227,  714,  851,  301,  655,  650,  209, 1065,  232,  947,  639,  767,  271,  231,  720,  774,  409,  262,  808,  860,  307,  281,  344,  247,  707,  845,  377,  326,  622,  679,  712,  857,  821,  571,  311,  883,  702,  359,  474,  885,  698,  511,  615,  478,  410,  537,  130,  763,  605,  484,  117,  484,  318,  749,  335,  291,  233,  778,  759,  506,  157,  193,  958,  397,  902,  876,  751,  514,  209,  671,  398,  364,  486,  432,  320],
        [  546,    0,  474,  923,  819,  284,  610,  840,  757,  428,  855,  167,  379,  698,  483,  638,  783,  313,  227,    0,  811,  961,  108,  773,  798,  377, 1274,  457, 1162,  724,  936,  491,  456,  941,  914,  449,  482,  944, 1050,  329,  506,  570,  126,  928, 1064,  587,  530,  847,  728,  803,  907,  994,  796,  384, 1017,  924,  380,  671, 1090,  762,  553,  768,  633,  626,  734,  301,  982,  812,  708,  189,  695,  539,  789,  118,  238,  352, 1000,  936,  537,  136,  368, 1171,  611, 1079, 1061,  807,  741,  321,  867,  513,  448,  712,  659,  510],
        [  301,    0,  524,  716,  228,  560,  252,  638,   56,  821,  579,  687,  450, 1026,  400,  286,  778,  549,  714,  811,    0,  153,  776,   90,  198,  512,  778,  642,  754,   93,  328,  769,  726,  704,  193,  373,  601,  199,  501,  487,  640,  665,  701,  696,  738,  862,  507,  715,  176,   26,  219,  379,  683,  429,  248,  703,  443,  438,  628,  125,  286,  225,  289,  848, 1014,  817,  690,  506,  808,  648,  913,  777,  204,  831,  594,  484,  741,  368,  312,  682,  530,  745,  538,  449,  475,  152,  772,  513,  448,  316,  366,  715,  690,  465],
        [  451,    0,  639,  741,  260,  702,  377,  676,  206,  939,  609,  839,  602, 1120,  528,  391,  839,  688,  851,  961,  153,    0,  927,  197,  247,  646,  717,  754,  721,  245,  299,  877,  839,  723,  154,  525,  711,  129,  454,  638,  745,  759,  852,  717,  729,  960,  613,  757,  305,  168,  252,  330,  734,  577,  129,  726,  595,  515,  593,  252,  438,  286,  395,  940, 1102,  948,  697,  542,  885,  793,  999,  879,  304,  983,  746,  626,  750,  346,  463,  829,  663,  707,  626,  377,  419,  248,  841,  656,  463,  457,  513,  786,  770,  578],
        [  492,    0,  512,  974,  813,  303,  599,  887,  722,  518,  893,   91,  328,  795,  491,  638,  850,  336,  301,  108,  776,  927,    0,  748,  788,  401, 1302,  518, 1198,  685,  937,  571,  531,  989,  897,  404,  536,  925, 1064,  290,  566,  633,   83,  976, 1107,  674,  567,  902,  672,  764,  848,  997,  850,  362,  996,  974,  333,  697, 1117,  712,  502,  762,  633,  710,  829,  396, 1025,  843,  783,  222,  782,  618,  728,   57,  182,  356, 1048,  942,  482,  160,  398, 1206,  653, 1082, 1070,  753,  809,  326,  887,  498,  423,  775,  721,  537],
        [  305,    0,  446,  629,  149,  508,  181,  549,   75,  746,  492,  662,  432,  941,  331,  202,  688,  492,  655,  773,   90,  197,  748,    0,  116,  449,  717,  564,  681,  118,  266,  689,  648,  618,  160,  355,  521,  181,  439,  458,  558,  580,  670,  609,  657,  778,  425,  625,  232,  110,  308,  323,  593,  390,  248,  616,  422,  349,  558,  191,  289,  137,  206,  762,  928,  751,  606,  417,  720,  600,  826,  694,  278,  804,  569,  432,  657,  301,  316,  640,  466,  674,  451,  401,  418,  231,  683,  462,  365,  263,  327,  626,  602,  386],
        [  391,    0,  410,  519,   35,  519,  190,  444,  190,  706,  383,  706,  491,  874,  324,  168,  596,  497,  650,  798,  198,  247,  788,  116,    0,  443,  610,  521,  567,  229,  165,  639,  603,  507,  126,  418,  475,  161,  332,  505,  506,  515,  707,  499,  542,  717,  376,  523,  345,  221,  416,  227,  495,  428,  236,  506,  478,  268,  445,  306,  374,   40,  173,  694,  855,  731,  493,  310,  639,  615,  753,  637,  393,  844,  617,  446,  544,  192,  402,  663,  458,  561,  380,  310,  318,  345,  596,  478,  251,  291,  369,  540,  524,  349],
        [  356,    0,  119,  584,  458,   98,  269,  493,  459,  329,  494,  344,  265,  585,  121,  276,  495,   66,  209,  377,  512,  646,  401,  449,  443,    0,  902,  189,  797,  444,  567,  308,  258,  596,  566,  267,  176,  600,  674,  219,  221,  284,  321,  583,  708,  422,  170,  520,  501,  513,  673,  623,  468,  168,  675,  581,  250,  297,  718,  512,  351,  408,  271,  432,  594,  306,  628,  442,  457,  189,  510,  338,  574,  452,  283,   80,  654,  562,  355,  248,   19,  805,  259,  706,  685,  567,  462,   91,  491,  200,  193,  415,  363,  136],
        [  994,    0,  801,  421,  575,  999,  756,  467,  790,  987,  428, 1236, 1062,  977,  817,  694,  627,  967, 1065, 1274,  778,  717, 1302,  717,  610,  902,    0,  845,  146,  834,  453,  892,  892,  392,  589, 1000,  807,  597,  279, 1056,  800,  754, 1220,  401,  265,  891,  744,  507,  947,  804,  964,  399,  541,  974,  594,  411, 1046,  605,  185,  901,  978,  610,  697,  842,  928, 1081,  333,  463,  729, 1089,  846,  857,  982, 1354, 1158,  949,  350,  418, 1004, 1149,  908,  124,  669,  341,  304,  928,  665,  977,  418,  848,  929,  650,  686,  766],
        [  538,    0,  119,  469,  524,  253,  391,  390,  594,  186,  417,  486,  453,  403,  254,  364,  333,  223,  232,  457,  642,  754,  518,  564,  521,  189,  845,    0,  721,  590,  601,  129,   85,  488,  645,  454,   47,  681,  663,  403,   49,  115,  450,  476,  615,  237,  145,  390,  666,  649,  828,  646,  339,  357,  754,  471,  438,  284,  668,  668,  531,  481,  360,  244,  407,  240,  534,  392,  277,  300,  322,  151,  739,  560,  447,  268,  547,  581,  538,  360,  176,  734,  182,  720,  685,  724,  294,  271,  472,  359,  376,  257,  204,  178],
        [  934,    0,  689,  279,  533,  895,  686,  334,  756,  853,  308, 1138,  982,  832,  724,  619,  485,  862,  947, 1162,  754,  721, 1198,  681,  567,  797,  146,  721,    0,  796,  430,  759,  762,  250,  578,  926,  686,  593,  268,  969,  675,  624, 1118,  261,  121,  750,  633,  366,  912,  779,  957,  391,  403,  887,  609,  270,  965,  505,  129,  871,  918,  559,  622,  701,  783,  953,  194,  357,  587,  980,  702,  721,  956, 1248, 1065,  852,  205,  387,  943, 1042,  801,   26,  552,  361,  308,  905,  524,  878,  339,  770,  849,  512,  551,  662],
        [  208,    0,  472,  726,  264,  481,  204,  641,   49,  763,  590,  595,  358,  984,  339,  256,  763,  473,  639,  724,   93,  245,  685,  118,  229,  444,  834,  590,  796,    0,  383,  718,  673,  718,  267,  282,  552,  280,  556,  397,  594,  627,  611,  708,  767,  818,  464,  713,  118,   80,  240,  440,  676,  343,  336,  714,  352,  422,  674,   87,  194,  242,  258,  809,  977,  748,  712,  514,  781,  565,  878,  731,  174,  739,  503,  406,  760,  418,  220,  596,  462,  790,  509,  516,  536,  140,  752,  433,  473,  244,  282,  694,  664,  416],
        [  556,    0,  506,  454,  132,  653,  343,  402,  338,  783,  330,  858,  651,  904,  454,  299,  584,  627,  767,  936,  328,  299,  937,  266,  165,  567,  453,  601,  430,  383,    0,  703,  677,  433,  149,  580,  555,  170,  174,  660,  574,  564,  854,  428,  431,  760,  459,  484,  495,  354,  527,   63,  472,  580,  210,  438,  637,  318,  303,  449,  539,  179,  304,  728,  875,  830,  402,  277,  650,  749,  773,  689,  532,  992,  771,  585,  455,   48,  566,  802,  579,  420,  431,  148,  154,  479,  596,  617,  183,  444,  524,  547,  546,  450],
        [  663,    0,  247,  487,  639,  351,  519,  426,  722,   95,  471,  557,  565,  277,  383,  488,  308,  327,  271,  491,  769,  877,  571,  689,  639,  308,  892,  129,  759,  718,  703,    0,   51,  512,  761,  575,  168,  797,  742,  511,  133,  145,  514,  501,  644,  117,  265,  401,  795,  777,  957,  743,  357,  474,  869,  493,  551,  386,  726,  797,  657,  599,  484,  141,  288,  210,  566,  465,  220,  371,  217,   49,  867,  603,  536,  383,  567,  678,  662,  423,  292,  775,  272,  811,  770,  853,  263,  380,  555,  488,  500,  252,  209,  305],
        [  613,    0,  203,  496,  605,  301,  475,  428,  678,  107,  466,  512,  515,  328,  336,  448,  331,  277,  231,  456,  726,  839,  531,  648,  603,  258,  892,   85,  762,  673,  677,   51,    0,  520,  727,  524,  129,  763,  727,  460,  104,  138,  471,  507,  650,  167,  228,  412,  747,  733,  911,  720,  365,  423,  836,  501,  500,  359,  721,  750,  607,  564,  444,  187,  339,  193,  570,  452,  253,  325,  265,   91,  820,  566,  488,  332,  576,  655,  612,  379,  242,  776,  249,  791,  753,  806,  287,  329,  538,  440,  449,  267,  217,  263],
        [  807,    0,  480,   32,  479,  692,  558,  103,  688,  606,  129,  939,  817,  589,  548,  488,  237,  658,  720,  941,  704,  723,  989,  618,  507,  596,  392,  488,  250,  718,  433,  512,  520,    0,  570,  774,  460,  598,  348,  792,  440,  383,  913,   14,  133,  500,  426,  117,  833,  726,  922,  428,  156,  715,  642,   20,  799,  333,  257,  802,  792,  482,  489,  452,  544,  712,   61,  205,  338,  768,  457,  473,  890, 1036,  876,  662,   59,  386,  813,  830,  596,  269,  338,  449,  391,  847,  274,  683,  261,  619,  690,  263,  305,  467],
        [  464,    0,  536,  588,  123,  639,  305,  525,  219,  831,  457,  813,  587,  990,  447,  293,  694,  618,  774,  914,  193,  154,  897,  160,  126,  566,  589,  645,  578,  267,  149,  761,  727,  570,    0,  511,  600,   37,  316,  610,  628,  634,  818,  565,  578,  835,  500,  607,  368,  219,  380,  191,  587,  537,  110,  574,  576,  383,  450,  318,  447,  165,  298,  810,  968,  857,  545,  393,  747,  734,  865,  757,  395,  953,  721,  565,  597,  196,  475,  779,  582,  566,  498,  256,  286,  340,  699,  596,  311,  402,  475,  646,  635,  475],
        [  104,    0,  359,  771,  449,  251,  245,  677,  320,  587,  652,  314,   78,  851,  236,  308,  730,  259,  409,  449,  373,  525,  404,  355,  418,  267, 1000,  454,  926,  282,  580,  575,  524,  774,  511,    0,  434,  535,  734,  120,  480,  537,  332,  762,  862,  689,  387,  727,  282,  361,  463,  643,  678,  103,  602,  764,   71,  442,  820,  314,  107,  402,  305,  697,  860,  534,  790,  582,  711,  311,  775,  604,  347,  458,  222,  194,  828,  598,   98,  328,  283,  927,  468,  727,  728,  360,  704,  206,  589,  157,   88,  651,  605,  332],
        [  513,    0,   82,  442,  478,  254,  351,  359,  554,  232,  381,  496,  441,  434,  221,  321,  324,  222,  262,  482,  601,  711,  536,  521,  475,  176,  807,   47,  686,  552,  555,  168,  129,  460,  600,  434,    0,  635,  619,  394,   47,  108,  463,  447,  584,  268,  100,  368,  632,  609,  791,  600,  316,  340,  708,  443,  424,  239,  629,  631,  505,  436,  317,  267,  434,  283,  502,  351,  282,  314,  343,  181,  705,  580,  449,  256,  518,  536,  513,  376,  167,  698,  141,  675,  641,  687,  288,  265,  428,  327,  352,  245,  192,  137],
        [  482,    0,  571,  617,  159,  670,  337,  556,  232,  867,  487,  839,  611, 1025,  480,  327,  728,  651,  808,  944,  199,  129,  925,  181,  161,  600,  597,  681,  593,  280,  170,  797,  763,  598,   37,  535,  635,    0,  328,  636,  664,  670,  846,  593,  601,  871,  536,  639,  374,  223,  368,  203,  620,  565,   76,  602,  601,  419,  465,  322,  466,  201,  332,  846, 1003,  892,  570,  425,  782,  765,  900,  793,  394,  981,  748,  596,  623,  218,  493,  810,  616,  581,  534,  259,  295,  338,  733,  627,  340,  432,  502,  680,  670,  510],
        [  720,    0,  590,  376,  298,  768,  490,  359,  511,  831,  291,  992,  800,  899,  574,  434,  552,  738,  860, 1050,  501,  454, 1064,  439,  332,  674,  279,  663,  268,  556,  174,  742,  727,  348,  316,  734,  619,  328,    0,  802,  626,  598,  982,  348,  299,  775,  536,  434,  669,  527,  694,  126,  441,  720,  342,  360,  786,  387,  141,  623,  704,  336,  438,  735,  861,  902,  299,  278,  637,  862,  764,  719,  705, 1119,  908,  709,  348,  140,  730,  919,  684,  254,  481,  104,   46,  651,  576,  739,  192,  587,  669,  538,  555,  544],
        [  221,    0,  333,  784,  532,  162,  318,  690,  433,  507,  678,  204,   62,  783,  246,  368,  711,  184,  307,  329,  487,  638,  290,  458,  505,  219, 1056,  403,  969,  397,  660,  511,  460,  792,  610,  120,  394,  636,  802,    0,  439,  502,  215,  779,  893,  627,  375,  728,  401,  477,  582,  722,  677,   83,  706,  779,   55,  467,  873,  433,  226,  482,  364,  643,  798,  436,  816,  615,  675,  199,  722,  547,  465,  346,  112,  140,  848,  671,  213,  209,  229,  972,  463,  808,  802,  480,  680,  133,  639,  217,  137,  631,  581,  327],
        [  559,    0,  127,  420,  506,  294,  392,  343,  594,  210,  373,  531,  486,  391,  266,  357,  286,  263,  281,  506,  640,  745,  566,  558,  506,  221,  800,   49,  675,  594,  574,  133,  104,  440,  628,  480,   47,  664,  626,  439,    0,   68,  496,  428,  568,  225,  133,  342,  677,  649,  833,  617,  291,  386,  736,  423,  470,  256,  626,  674,  551,  466,  353,  221,  388,  281,  486,  353,  237,  347,  297,  138,  749,  608,  490,  301,  498,  552,  560,  407,  210,  688,  146,  688,  651,  730,  248,  308,  436,  373,  399,  210,  156,  178],
        [  610,    0,  179,  361,  511,  361,  424,  290,  622,  236,  329,  599,  547,  362,  313,  379,  219,  329,  344,  570,  665,  759,  633,  580,  515,  284,  754,  115,  624,  627,  564,  145,  138,  383,  634,  537,  108,  670,  598,  502,   68,    0,  564,  371,  514,  202,  165,  280,  717,  676,  866,  602,  230,  446,  740,  365,  531,  252,  584,  710,  601,  476,  376,  183,  351,  329,  433,  321,  175,  414,  252,  126,  788,  674,  556,  364,  440,  537,  612,  474,  275,  639,  137,  668,  626,  766,  181,  373,  412,  418,  453,  143,   89,  218],
        [  425,    0,  434,  898,  731,  223,  518,  810,  647,  471,  814,   50,  259,  753,  409,  556,  782,  257,  247,  126,  701,  852,   83,  670,  707,  321, 1220,  450, 1118,  611,  854,  514,  471,  913,  818,  332,  463,  846,  982,  215,  496,  564,    0,  900, 1028,  623,  489,  829,  607,  691,  786,  915,  776,  282,  917,  897,  262,  616, 1036,  644,  434,  680,  551,  654,  783,  358,  947,  762,  720,  150,  729,  560,  667,  138,  114,  274,  971,  859,  416,   92,  319, 1125,  576, 1000,  988,  687,  742,  244,  805,  417,  344,  705,  652,  456],
        [  795,    0,  467,   28,  472,  679,  547,   90,  679,  595,  119,  926,  804,  582,  536,  477,  229,  645,  707,  928,  696,  717,  976,  609,  499,  583,  401,  476,  261,  708,  428,  501,  507,   14,  565,  762,  447,  593,  348,  779,  428,  371,  900,    0,  144,  491,  413,  107,  823,  718,  914,  426,  144,  702,  637,   12,  787,  321,  263,  793,  781,  473,  478,  442,  537,  700,   69,  195,  329,  755,  449,  462,  881, 1023,  863,  649,   72,  382,  802,  817,  583,  279,  325,  449,  392,  838,  265,  671,  255,  607,  677,  252,  293,  454],
        [  882,    0,  596,  160,  510,  806,  631,  226,  731,  739,  216, 1051,  912,  712,  647,  561,  365,  772,  845, 1064,  738,  729, 1107,  657,  542,  708,  265,  615,  121,  767,  431,  644,  650,  133,  578,  862,  584,  601,  299,  893,  568,  514, 1028,  144,    0,  632,  540,  248,  884,  761,  950,  407,  288,  813,  630,  152,  895,  426,  172,  847,  867,  526,  563,  582,  664,  842,   83,  280,  468,  886,  582,  606,  934, 1155,  984,  769,   85,  383,  890,  948,  710,  142,  455,  402,  344,  887,  404,  793,  295,  705,  781,  395,  436,  575],
        [  775,    0,  350,  472,  712,  467,  616,  431,  817,  161,  489,  667,  681,  167,  488,  577,  270,  443,  377,  587,  862,  960,  674,  778,  717,  422,  891,  237,  750,  818,  760,  117,  167,  500,  835,  689,  268,  871,  775,  627,  225,  202,  623,  491,  632,    0,  355,  384,  900,  871, 1057,  793,  352,  589,  940,  481,  667,  452,  737,  899,  768,  677,  574,   52,  172,  290,  558,  501,  167,  482,  109,   88,  972,  703,  650,  498,  549,  729,  774,  532,  407,  769,  338,  853,  808,  954,  228,  496,  597,  594,  612,  244,  221,  402],
        [  452,    0,   57,  415,  379,  266,  261,  323,  462,  331,  327,  513,  410,  520,  154,  224,  344,  232,  326,  530,  507,  613,  567,  425,  376,  170,  744,  145,  633,  464,  459,  265,  228,  426,  500,  387,  100,  536,  536,  375,  133,  165,  489,  413,  540,  355,    0,  354,  553,  517,  703,  508,  302,  306,  609,  412,  393,  150,  562,  547,  442,  337,  220,  345,  513,  372,  459,  282,  331,  348,  416,  270,  624,  616,  451,  239,  485,  443,  454,  409,  171,  642,   90,  585,  555,  602,  318,  258,  346,  257,  300,  265,  220,   56],
        [  772,    0,  402,   88,  501,  612,  533,   83,  690,  494,  155,  859,  760,  478,  493,  466,  124,  578,  622,  847,  715,  757,  902,  625,  523,  520,  507,  390,  366,  713,  484,  401,  412,  117,  607,  727,  368,  639,  434,  728,  342,  280,  829,  107,  248,  384,  354,    0,  824,  734,  933,  493,   53,  656,  692,   97,  743,  298,  365,  800,  759,  491,  465,  336,  434,  604,  175,  216,  223,  681,  344,  360,  887,  947,  803,  592,  167,  441,  778,  743,  517,  385,  265,  530,  475,  849,  159,  611,  302,  578,  640,  149,  195,  402],
        [  182,    0,  551,  840,  380,  518,  299,  754,  158,  829,  704,  583,  350, 1066,  412,  361,  867,  518,  679,  728,  176,  305,  672,  232,  345,  501,  947,  666,  912,  118,  495,  795,  747,  833,  368,  282,  632,  374,  669,  401,  677,  717,  607,  823,  884,  900,  553,  824,    0,  151,  181,  550,  784,  369,  418,  829,  349,  529,  789,   54,  176,  358,  362,  896, 1064,  797,  828,  629,  878,  590,  968,  813,   73,  725,  494,  448,  876,  532,  192,  610,  519,  906,  607,  623,  646,   81,  853,  470,  590,  307,  316,  796,  761,  501],
        [  284,    0,  530,  737,  252,  557,  258,  658,   56,  826,  600,  675,  438, 1036,  403,  297,  795,  547,  712,  803,   26,  168,  764,  110,  221,  513,  804,  649,  779,   80,  354,  777,  733,  726,  219,  361,  609,  223,  527,  477,  649,  676,  691,  718,  761,  871,  517,  734,  151,    0,  200,  405,  701,  422,  270,  725,  432,  454,  653,   99,  270,  245,  300,  859, 1026,  819,  713,  526,  822,  643,  925,  786,  179,  819,  583,  481,  764,  394,  295,  675,  532,  770,  551,  475,  501,  127,  788,  509,  471,  315,  359,  731,  704,  472],
        [  362,    0,  710,  934,  444,  697,  442,  856,  248,  998,  798,  758,  529, 1223,  575,  491,  993,  695,  857,  907,  219,  252,  848,  308,  416,  673,  964,  828,  957,  240,  527,  957,  911,  922,  380,  463,  791,  368,  694,  582,  833,  866,  786,  914,  950, 1057,  703,  933,  181,  200,    0,  570,  900,  549,  380,  921,  529,  652,  829,  162,  356,  443,  493, 1048, 1216,  974,  906,  724, 1018,  771, 1117,  970,  120,  899,  672,  625,  958,  572,  371,  790,  692,  945,  745,  625,  662,  107,  985,  649,  664,  475,  494,  928,  899,  655],
        [  617,    0,  556,  452,  194,  711,  404,  412,  394,  826,  339,  919,  713,  931,  512,  359,  600,  684,  821,  994,  379,  330,  997,  323,  227,  623,  399,  646,  391,  440,   63,  743,  720,  428,  191,  643,  600,  203,  126,  722,  617,  602,  915,  426,  407,  793,  508,  493,  550,  405,  570,    0,  488,  642,  223,  436,  700,  362,  263,  502,  600,  241,  364,  758,  900,  879,  390,  298,  673,  807,  799,  726,  583, 1052,  832,  645,  442,   66,  628,  861,  635,  378,  472,   86,   96,  529,  616,  676,  200,  505,  586,  571,  576,  503],
        [  726,    0,  350,  132,  476,  560,  490,   83,  655,  451,  152,  806,  709,  459,  443,  425,  113,  526,  571,  796,  683,  734,  850,  593,  495,  468,  541,  339,  403,  676,  472,  357,  365,  156,  587,  678,  316,  620,  441,  677,  291,  230,  776,  144,  288,  352,  302,   53,  784,  701,  900,  488,    0,  605,  676,  137,  692,  256,  387,  763,  713,  461,  424,  305,  421,  557,  210,  196,  199,  629,  324,  319,  849,  895,  751,  541,  211,  431,  731,  690,  465,  421,  214,  531,  479,  813,  136,  558,  291,  531,  591,  109,  149,  351],
        [  202,    0,  270,  708,  454,  151,  239,  614,  374,  485,  599,  279,  105,  750,  168,  286,  648,  157,  311,  384,  429,  577,  362,  390,  428,  168,  974,  357,  887,  343,  580,  474,  423,  715,  537,  103,  340,  565,  720,   83,  386,  446,  282,  702,  813,  589,  306,  656,  369,  422,  549,  642,  605,    0,  636,  703,   88,  388,  791,  393,  201,  403,  282,  600,  760,  434,  737,  534,  620,  224,  678,  505,  438,  418,  191,   92,  771,  590,  198,  254,  183,  891,  392,  728,  720,  444,  619,  105,  557,  138,   64,  568,  519,  255],
        [  542,    0,  645,  663,  231,  745,  411,  609,  290,  940,  538,  909,  679, 1092,  555,  402,  786,  725,  883, 1017,  248,  129,  996,  248,  236,  675,  594,  754,  609,  336,  210,  869,  836,  642,  110,  602,  708,   76,  342,  706,  736,  740,  917,  637,  630,  940,  609,  692,  418,  270,  380,  223,  676,  636,    0,  647,  669,  488,  482,  365,  527,  274,  407,  913, 1068,  967,  608,  480,  845,  839,  965,  863,  427, 1052,  817,  670,  661,  256,  554,  883,  691,  593,  603,  255,  302,  371,  795,  701,  390,  505,  573,  743,  735,  584],
        [  798,    0,  465,   16,  480,  677,  551,   89,  685,  587,  125,  924,  805,  571,  536,  481,  218,  643,  702,  924,  703,  726,  974,  616,  506,  581,  411,  471,  270,  714,  438,  493,  501,   20,  574,  764,  443,  602,  360,  779,  423,  365,  897,   12,  152,  481,  412,   97,  829,  725,  921,  436,  137,  703,  647,    0,  788,  323,  274,  799,  784,  480,  482,  432,  526,  693,   79,  201,  319,  752,  438,  454,  887, 1020,  862,  648,   76,  392,  805,  814,  581,  289,  323,  460,  403,  845,  255,  669,  264,  610,  679,  243,  286,  454],
        [  167,    0,  356,  793,  507,  209,  297,  699,  390,  553,  681,  244,   18,  825,  252,  354,  735,  226,  359,  380,  443,  595,  333,  422,  478,  250, 1046,  438,  965,  352,  637,  551,  500,  799,  576,   71,  424,  601,  786,   55,  470,  531,  262,  787,  895,  667,  393,  743,  349,  432,  529,  700,  692,   88,  669,  788,    0,  470,  864,  383,  174,  459,  350,  680,  838,  487,  820,  615,  705,  254,  759,  584,  412,  388,  152,  170,  855,  652,  159,  263,  262,  967,  479,  785,  783,  428,  705,  172,  631,  199,  118,  655,  606,  341],
        [  478,    0,  204,  331,  261,  394,  235,  238,  405,  465,  212,  634,  487,  607,  221,  169,  342,  362,  474,  671,  438,  515,  697,  349,  268,  297,  605,  284,  505,  422,  318,  386,  359,  333,  383,  442,  239,  419,  387,  467,  256,  252,  616,  321,  426,  452,  150,  298,  529,  454,  652,  362,  256,  388,  488,  323,  470,    0,  421,  509,  464,  230,  169,  427,  587,  519,  350,  149,  373,  485,  485,  376,  595,  749,  561,  348,  387,  297,  484,  544,  303,  511,  116,  437,  405,  561,  334,  374,  198,  287,  358,  277,  256,  162],
        [  820,    0,  618,  288,  411,  815,  577,  307,  632,  819,  255, 1051,  880,  842,  632,  513,  488,  783,  885, 1090,  628,  593, 1117,  558,  445,  718,  185,  668,  129,  674,  303,  726,  721,  257,  450,  820,  629,  465,  141,  873,  626,  584, 1036,  263,  172,  737,  562,  365,  789,  653,  829,  263,  387,  791,  482,  274,  864,  421,    0,  746,  804,  440,  516,  692,  798,  906,  199,  280,  584,  905,  708,  695,  831, 1169,  974,  765,  238,  260,  830,  965,  724,  118,  489,  239,  183,  779,  520,  793,  235,  667,  747,  494,  523,  582],
        [  220,    0,  550,  811,  339,  538,  287,  727,  117,  836,  674,  621,  386, 1065,  414,  343,  850,  535,  698,  762,  125,  252,  712,  191,  306,  512,  901,  668,  871,   87,  449,  797,  750,  802,  318,  314,  631,  322,  623,  433,  674,  710,  644,  793,  847,  899,  547,  800,   54,   99,  162,  502,  763,  393,  365,  799,  383,  509,  746,    0,  211,  323,  344,  891, 1059,  813,  794,  599,  867,  616,  962,  812,   89,  765,  532,  466,  843,  487,  231,  640,  530,  863,  594,  573,  598,   56,  838,  490,  554,  313,  335,  781,  749,  497],
        [   17,    0,  425,  793,  408,  351,  236,  701,  239,  679,  665,  412,  176,  933,  289,  306,  779,  356,  511,  553,  286,  438,  502,  289,  374,  351,  978,  531,  918,  194,  539,  657,  607,  792,  447,  107,  505,  466,  704,  226,  551,  601,  434,  781,  867,  768,  442,  759,  176,  270,  356,  600,  713,  201,  527,  784,  174,  464,  804,  211,    0,  368,  305,  771,  937,  634,  800,  592,  772,  417,  847,  681,  241,  555,  322,  287,  843,  564,   28,  435,  369,  916,  513,  682,  691,  255,  758,  305,  580,  186,  158,  702,  660,  386],
        [  385,    0,  371,  493,   52,  487,  165,  414,  207,  667,  356,  682,  473,  835,  290,  132,  561,  464,  615,  768,  225,  286,  762,  137,   40,  408,  610,  481,  559,  242,  179,  599,  564,  482,  165,  402,  436,  201,  336,  482,  466,  476,  680,  473,  526,  677,  337,  491,  358,  245,  443,  241,  461,  403,  274,  480,  459,  230,  440,  323,  368,    0,  137,  655,  816,  693,  472,  282,  601,  583,  714,  597,  411,  818,  593,  416,  521,  197,  395,  633,  423,  554,  341,  327,  327,  366,  559,  447,  232,  266,  346,  503,  485,  311],
        [  320,    0,  244,  491,  188,  351,   70,  400,  247,  544,  361,  557,  365,  737,  153,    6,  506,  327,  478,  633,  289,  395,  633,  206,  173,  271,  697,  360,  622,  258,  304,  484,  444,  489,  298,  305,  317,  332,  438,  364,  353,  376,  551,  478,  563,  574,  220,  465,  362,  300,  493,  364,  424,  282,  407,  482,  350,  169,  516,  344,  305,  137,    0,  559,  726,  561,  496,  287,  525,  448,  626,  489,  428,  689,  471,  282,  538,  309,  327,  499,  286,  622,  252,  450,  439,  398,  494,  313,  284,  151,  233,  437,  407,  183],
        [  779,    0,  348,  422,  688,  486,  606,  386,  805,  204,  447,  697,  695,  180,  487,  562,  219,  460,  410,  626,  848,  940,  710,  762,  694,  432,  842,  244,  701,  809,  728,  141,  187,  452,  810,  697,  267,  846,  735,  643,  221,  183,  654,  442,  582,   52,  345,  336,  896,  859, 1048,  758,  305,  600,  913,  432,  680,  427,  692,  891,  771,  655,  559,    0,  169,  334,  510,  463,  116,  510,   79,   98,  968,  740,  675,  511,  499,  695,  779,  563,  418,  720,  315,  816,  769,  947,  178,  511,  561,  593,  617,  199,  183,  396],
        [  944,    0,  515,  513,  846,  638,  774,  503,  972,  312,  571,  829,  853,   58,  654,  729,  312,  615,  537,  734, 1014, 1102,  829,  928,  855,  594,  928,  407,  783,  977,  875,  288,  339,  544,  968,  860,  434, 1003,  861,  798,  388,  351,  783,  537,  664,  172,  513,  434, 1064, 1026, 1216,  900,  421,  760, 1068,  526,  838,  587,  798, 1059,  937,  816,  726,  169,    0,  434,  604,  603,  227,  648,  104,  257, 1136,  851,  818,  670,  579,  839,  944,  693,  578,  805,  478,  950,  899, 1115,  286,  668,  701,  760,  782,  330,  334,  564],
        [  635,    0,  326,  688,  741,  284,  571,  619,  765,  131,  653,  407,  497,  399,  421,  566,  517,  280,  130,  301,  817,  948,  396,  751,  731,  306, 1081,  240,  953,  748,  830,  210,  193,  712,  857,  534,  283,  892,  902,  436,  281,  329,  358,  700,  842,  290,  372,  604,  797,  819,  974,  879,  557,  434,  967,  693,  487,  519,  906,  813,  634,  693,  561,  334,  434,    0,  762,  632,  429,  245,  398,  257,  869,  418,  417,  350,  768,  815,  631,  275,  288,  967,  422,  956,  923,  867,  473,  330,  711,  505,  482,  457,  409,  385],
