{
    "name": "random-72-11947",
    "comment": "size=72 seed=11947",
    "nodes": ["+0", "-0", "+1", "-1", "+2", "-2", "+3", "-3", "+4", "-4", "+5", "-5", "+6", "-6", "+7", "-7", "+8", "-8", "+9", "-9", "+10", "-10", "+11", "-11", "+12", "-12", "+13", "-13", "+14", "-14", "+15", "-15", "+16", "-16", "+17", "-17", "+18", "-18", "+19", "-19", "+20", "-20", "+21", "-21", "+22", "-22", "+23", "-23", "+24", "-24", "+25", "-25", "+26", "-26", "+27", "-27", "+28", "-28", "+29", "-29", "+30", "-30", "+31", "-31", "+32", "-32", "+33", "-33", "+34", "-34", "+35", "-35", "+36", "-36", "+37", "-37", "+38", "-38", "+39", "-39", "+40", "-40", "+41", "-41", "+42", "-42", "+43", "-43", "+44", "-44", "+45", "-45", "+46", "-46", "+47", "-47", "+48", "-48", "+49", "-49", "+50", "-50", "+51", "-51", "+52", "-52", "+53", "-53", "+54", "-54", "+55", "-55", "+56", "-56", "+57", "-57", "+58", "-58", "+59", "-59", "+60", "-60", "+61", "-61", "+62", "-62", "+63", "-63", "+64", "-64", "+65", "-65", "+66", "-66", "+67", "-67", "+68", "-68", "+69", "-69", "+70", "-70", "+71", "-71", "+72", "-72"],
    "precedence": {
        "+0": "-0",
        "+1": "-1",
        "+2": "-2",
        "+3": "-3",
        "+4": "-4",
        "+5": "-5",
        "+6": "-6",
        "+7": "-7",
        "+8": "-8",
        "+9": "-9",
        "+10": "-10",
        "+11": "-11",
        "+12": "-12",
        "+13": "-13",
        "+14": "-14",
        "+15": "-15",
        "+16": "-16",
        "+17": "-17",
        "+18": "-18",
        "+19": "-19",
        "+20": "-20",
        "+21": "-21",
        "+22": "-22",
        "+23": "-23",
        "+24": "-24",
        "+25": "-25",
        "+26": "-26",
        "+27": "-27",
        "+28": "-28",
        "+29": "-29",
        "+30": "-30",
        "+31": "-31",
        "+32": "-32",
        "+33": "-33",
        "+34": "-34",
        "+35": "-35",
        "+36": "-36",
        "+37": "-37",
        "+38": "-38",
        "+39": "-39",
        "+40": "-40",
        "+41": "-41",
        "+42": "-42",
        "+43": "-43",
        "+44": "-44",
        "+45": "-45",
        "+46": "-46",
        "+47": "-47",
        "+48": "-48",
        "+49": "-49",
        "+50": "-50",
        "+51": "-51",
        "+52": "-52",
        "+53": "-53",
        "+54": "-54",
        "+55": "-55",
        "+56": "-56",
        "+57": "-57",
        "+58": "-58",
        "+59": "-59",
        "+60": "-60",
        "+61": "-61",
        "+62": "-62",
        "+63": "-63",
        "+64": "-64",
        "+65": "-65",
        "+66": "-66",
        "+67": "-67",
        "+68": "-68",
        "+69": "-69",
        "+70": "-70",
        "+71": "-71",
        "+72": "-72"
    },
    "edges": [
        [    0,    0,  315,  333,  565,  601,  211,  716,  239,  109,  335,  135,  652,  549,  582,  512,  467,  796,  468,  663,  577,  428,  723,  540,  572,  169,  781,  495,  246,   34,  399,  356,  496,  357,  396,  620,  651,  713,  598,  505,  502,  215,  719,  358,  692,  273,  503,  207,  803,  609,  384,  833,  686,  409,  189,  317,  639,  424,  897,  445,  704,  677,  275,  284,  644,  283,  426,  238,  365,  516,  307,   71,  499,  352,  494,  590,   16,  321,  624,  407,  293,  494,  501,  875,  263,  496,  337,  410,  742,  587,  417,  749,  300,  777,  812,  547,  544,  643,  544,  469,  496,  652,  421,  513,  596,  684,  769,  641,  746,  372,  630,  178,  777,  336,  411,  404,  607,  129,  648,  135,  245,  326,  522,  486,  436,  619,  315,  279,  221,  197,  286,  645,  456,  592,  600,  416,  328,  323,  648,  363,  457,  300,  374,  521,  551,  153],
        [    0,    0,    0,    0,    0,    0,    0,    0,    0,    0,    0,    0,    0,    0,    0,    0,    0,    0,    0,    0,    0,    0,    0,    0,    0,    0,    0,    0,    0,    0,    0,    0,    0,    0,    0,    0,    0,    0,    0,    0,    0,    0,    0,    0,    0,    0,    0,    0,    0,    0,    0,    0,    0,    0,    0,    0,    0,    0,    0,    0,    0,    0,    0,    0,    0,    0,    0,    0,    0,    0,    0,    0,    0,    0,    0,    0,    0,    0,    0,    0,    0,    0,    0,    0,    0,    0,    0,    0,    0,    0,    0,    0,    0,    0,    0,    0,    0,    0,    0,    0,    0,    0,    0,    0,    0,    0,    0,    0,    0,    0,    0,    0,    0,    0,    0,    0,    0,    0,    0,    0,    0,    0,    0,    0,    0,    0,    0,    0,    0,    0,    0,    0,    0,    0,    0,    0,    0,    0,    0,    0,    0,    0,    0,    0,    0,    0],
        [  315,    0,    0,  521,  811,  575,  126,  894,  264,  422,  642,  412,  596,  266,  703,  661,  750,  806,  176,  410,  333,  642,  548,  788,  720,  274,  918,  710,  514,  320,  602,  669,  228,  205,  404,  386,  880,  828,  533,  546,  565,  240,  721,  133,  809,  575,  236,  311,  691,  332,  161, 1029,  646,  695,  492,  551,  325,  708,  810,  678,  814,  680,  571,  188,  410,  303,  605,  157,  569,  680,  607,  244,  219,  638,  301,  276,  330,   79,  842,  708,  596,  653,  519,  728,  576,  182,  215,  614,  849,  458,  186,  852,  554,  593,  627,  716,  702,  388,  423,  356,  410,  444,  163,  588,  368,  662,  870,  621,  844,  511,  864,  192,  770,   23,  138,   92,  627,  397,  345,  210,  526,  637,  602,  751,  406,  539,  457,  351,  535,  324,  158,  341,  705,  500,  458,  660,  120,  607,  818,  240,  143,  604,  100,  602,  345,  465],
        [  333,    0,  521,    0,  301,  392,  481,  389,  564,  337,  315,  424,  460,  641,  257,  181,  299,  520,  696,  687,  611,  124,  639,  281,  240,  250,  449,  191,  503,  364,   82,  450,  582,  407,  250,  631,  360,  386,  430,  258,  235,  283,  459,  622,  364,  454,  586,  539,  637,  679,  477,  516,  470,  267,  250,   84,  815,  271,  692,  168,  378,  423,  238,  360,  649,  247,   94,  367,   51,  184,  263,  364,  739,  547,  500,  764,  329,  474,  322,  325,  272,  162,  280,  734,  395,  679,  378,   95,  416,  490,  498,  423,  558,  693,  722,  216,  211,  674,  453,  405,  391,  623,  526,  231,  604,  450,  443,  414,  423,   79,  346,  483,  518,  534,  654,  582,  352,  430,  857,  329,  183,  444,  233,  267,  304,  459,   81,  190,  339,  198,  388,  851,  206,  452,  512,  163,  450,  532,  317,  382,  648,  278,  517,  231,  549,  353],
        [  565,    0,  811,  301,    0,  607,  752,  250,  802,  514,  326,  601,  676,  941,  333,  273,  159,  632,  986,  978,  906,  180,  899,   26,  273,  538,  377,  127,  634,  588,  224,  470,  883,  708,  532,  921,  100,  385,  668,  477,  441,  580,  607,  900,  370,  543,  886,  760,  850,  977,  778,  305,  665,  201,  398,  261, 1115,  187,  868,  135,  393,  587,  320,  660,  936,  548,  246,  663,  251,  239,  307,  619, 1027,  616,  794, 1063,  555,  771,  104,  264,  327,  256,  514,  956,  475,  977,  679,  211,  416,  756,  799,  426,  677,  949,  974,  223,  250,  967,  726,  690,  665,  903,  827,  420,  894,  632,  441,  610,  436,  347,   75,  738,  654,  827,  940,  879,  531,  614, 1153,  608,  324,  487,  411,   97,  581,  698,  380,  491,  445,  490,  687, 1147,  110,  703,  780,  153,  749,  615,  235,  681,  944,  325,  816,  409,  839,  504],
        [  601,    0,  575,  392,  607,    0,  621,  512,  762,  661,  705,  730,   71,  511,  297,  336,  671,  233,  713,  464,  425,  455,  310,  598,  353,  435,  458,  484,  833,  633,  422,  832,  472,  372,  206,  410,  609,  359,   77,  137,  169,  406,  149,  707,  350,  814,  470,  770,  249,  511,  433,  648,   86,  651,  614,  475,  738,  652,  306,  509,  340,  111,  625,  398,  414,  326,  380,  449,  420,  370,  653,  585,  760,  907,  338,  695,  606,  497,  561,  714,  660,  351,  113,  352,  765,  646,  361,  430,  363,  200,  426,  360,  889,  354,  374,  393,  365,  462,  198,  231,  174,  358,  465,  188,  391,   89,  371,   47,  346,  314,  609,  663,  196,  573,  702,  577,   95,  728,  811,  504,  565,  821,  197,  620,  176,  102,  336,  323,  706,  406,  424,  803,  556,  127,  223,  525,  456,  886,  447,  335,  633,  666,  504,  199,  348,  693],
        [  211,    0,  126,  481,  752,  621,    0,  867,  153,  312,  545,  290,  654,  390,  696,  642,  671,  845,  258,  528,  448,  595,  646,  728,  702,  236,  909,  664,  390,  208,  559,  555,  347,  275,  428,  499,  830,  827,  592,  565,  577,  230,  761,  150,  806,  456,  356,  190,  771,  455,  260,  996,  700,  614,  398,  493,  436,  627,  884,  623,  814,  719,  482,  226,  524,  310,  572,  173,  524,  656,  516,  142,  289,  515,  398,  390,  225,  173,  797,  616,  503,  630,  546,  821,  463,  296,  273,  571,  851,  538,  291,  856,  429,  695,  730,  690,  680,  507,  499,  425,  472,  550,  276,  596,  479,  709,  875,  666,  850,  490,  811,   67,  815,  148,  201,  215,  658,  275,  439,  153,  445,  522,  608,  681,  446,  604,  431,  344,  427,  289,  205,  436,  643,  569,  543,  599,  204,  484,  793,  303,  257,  510,  216,  608,  449,  353],
        [  716,    0,  894,  389,  250,  512,  867,    0,  952,  696,  556,  787,  571,  956,  222,  235,  404,  450, 1067,  954,  895,  291,  822,  266,  182,  633,  133,  233,  842,  746,  317,  706,  903,  742,  528,  896,  171,  181,  586,  416,  380,  655,  454, 1005,  177,  763,  904,  922,  724,  977,  817,  142,  541,  435,  586,  404, 1160,  424,  708,  294,  197,  450,  526,  715,  906,  596,  296,  737,  352,  214,  524,  753, 1112,  844,  788, 1110,  710,  836,  147,  505,  543,  241,  457,  832,  695, 1035,  716,  307,  202,  699,  828,  212,  890,  864,  882,  178,  194,  947,  682,  672,  629,  859,  863,  353,  872,  502,  220,  497,  226,  383,  191,  871,  486,  905, 1031,  942,  420,  796, 1214,  715,  505,  718,  339,  337,  561,  614,  439,  544,  654,  580,  746, 1207,  311,  632,  724,  330,  805,  839,   78,  707, 1008,  543,  871,  337,  820,  698],
        [  239,    0,  264,  564,  802,  762,  153,  952,    0,  302,  543,  238,  800,  528,  803,  739,  695,  980,  332,  673,  595,  666,  799,  777,  800,  346, 1009,  733,  305,  215,  635,  510,  491,  428,  563,  647,  889,  935,  739,  694,  700,  359,  897,  206,  913,  396,  499,   67,  923,  593,  411, 1071,  843,  636,  413,  555,  526,  651, 1033,  683,  924,  855,  499,  374,  672,  441,  658,  319,  601,  747,  527,  202,  344,  431,  550,  487,  248,  324,  862,  621,  510,  723,  679,  974,  425,  402,  423,  646,  962,  690,  441,  967,  329,  848,  882,  779,  774,  652,  650,  576,  620,  701,  424,  716,  629,  850,  987,  807,  963,  591,  868,  100,  953,  283,  271,  343,  791,  221,  504,  265,  480,  474,  727,  720,  587,  753,  532,  464,  408,  394,  356,  504,  693,  718,  695,  654,  356,  401,  881,  453,  366,  516,  361,  726,  601,  330],
        [  109,    0,  422,  337,  514,  661,  312,  696,  302,    0,  243,   91,  719,  657,  593,  515,  395,  837,  569,  767,  681,  406,  814,  489,  573,  253,  777,  466,  173,  105,  386,  248,  603,  457,  462,  723,  608,  721,  669,  551,  541,  307,  766,  454,  699,  170,  610,  250,  879,  716,  490,  801,  747,  337,  117,  294,  745,  352,  964,  409,  714,  726,  200,  384,  746,  361,  423,  342,  356,  513,  226,  179,  598,  256,  593,  697,   94,  429,  587,  320,  209,  495,  554,  958,  155,  602,  435,  394,  752,  673,  523,  759,  229,  869,  903,  539,  542,  748,  629,  556,  577,  750,  528,  547,  697,  739,  779,  697,  759,  394,  585,  268,  825,  444,  511,  512,  654,  101,  751,  239,  194,  218,  553,  426,  508,  693,  344,  343,  115,  262,  390,  748,  409,  669,  688,  375,  434,  231,  634,  459,  563,  215,  483,  552,  651,   44],
        [  335,    0,  642,  315,  326,  705,  545,  556,  543,  243,    0,  312,  773,  848,  532,  447,  176,  824,  802,  933,  849,  301,  930,  303,  489,  408,  665,  333,  316,  343,  310,  152,  790,  623,  541,  882,  426,  637,  738,  572,  548,  465,  769,  692,  617,  218,  796,  487,  948,  900,  675,  630,  785,  126,  151,  233,  967,  140, 1006,  272,  637,  735,   86,  554,  903,  483,  358,  529,  297,  429,   53,  404,  834,  291,  747,  917,  321,  632,  421,   80,   51,  424,  593, 1042,  152,  823,  596,  310,  670,  780,  704,  680,  354,  985, 1017,  442,  456,  916,  739,  677,  679,  892,  719,  542,  855,  765,  698,  729,  684,  393,  401,  508,  827,  663,  745,  727,  665,  327,  982,  437,  149,  163,  542,  230,  595,  766,  374,  439,  138,  384,  571,  978,  246,  754,  800,  236,  626,  289,  513,  612,  785,   43,  685,  540,  802,  214],
        [  135,    0,  412,  424,  601,  730,  290,  787,  238,   91,  312,    0,  784,  665,  680,  604,  475,  916,  539,  787,  702,  496,  857,  576,  662,  303,  867,  556,  113,  108,  476,  274,  614,  487,  526,  747,  696,  809,  731,  626,  620,  350,  841,  417,  787,  167,  622,  178,  937,  727,  507,  891,  815,  418,  205,  385,  725,  433, 1028,  498,  802,  800,  283,  415,  772,  416,  512,  366,  445,  602,  305,  184,  562,  228,  624,  679,  126,  435,  676,  391,  286,  584,  626, 1010,  188,  586,  469,  484,  840,  722,  540,  847,  165,  911,  945,  629,  631,  767,  678,  603,  630,  783,  539,  628,  724,  811,  867,  768,  846,  477,  673,  233,  901,  434,  479,  503,  729,   18,  720,  265,  284,  239,  635,  511,  569,  752,  425,  407,  175,  325,  414,  718,  497,  725,  735,  465,  449,  198,  725,  496,  547,  291,  487,  633,  681,  100],
        [  652,    0,  596,  460,  676,   71,  654,  571,  800,  719,  773,  784,    0,  500,  361,  404,  741,  236,  721,  432,  405,  525,  255,  668,  419,  484,  507,  554,  889,  684,  493,  897,  467,  392,  258,  382,  675,  410,   64,  207,  240,  450,  160,  728,  404,  875,  464,  812,  179,  490,  446,  705,   56,  721,  677,  543,  728,  722,  245,  580,  391,  137,  692,  429,  382,  372,  450,  483,  490,  438,  721,  631,  768,  968,  333,  688,  659,  518,  627,  783,  727,  421,  181,  282,  828,  648,  385,  500,  409,  174,  434,  405,  945,  294,  311,  460,  432,  434,  188,  241,  187,  322,  472,  258,  366,   89,  414,   76,  390,  382,  676,  701,  189,  592,  716,  587,  153,  780,  806,  548,  631,  885,  266,  691,  218,   66,  401,  377,  768,  460,  452,  797,  626,  104,  192,  595,  477,  946,  509,  357,  639,  733,  517,  268,  331,  752],
        [  549,    0,  266,  641,  941,  511,  390,  956,  528,  657,  848,  665,  500,    0,  739,  727,  919,  735,  276,  154,  106,  761,  348,  921,  775,  441,  942,  822,  772,  563,  718,  902,   60,  235,  429,  154,  988,  843,  444,  549,  581,  385,  654,  352,  829,  821,   55,  577,  527,   66,  174, 1098,  555,  871,  700,  698,  229,  881,  656,  809,  826,  621,  767,  296,  173,  395,  703,  320,  691,  755,  804,  484,  313,  892,  175,  191,  564,  230,  944,  901,  798,  728,  510,  531,  810,  180,  264,  730,  856,  328,  146,  855,  816,  378,  409,  790,  768,  134,  315,  292,  344,  229,  130,  608,  152,  584,  870,  553,  843,  600,  977,  457,  688,  246,  304,  187,  594,  652,  309,  420,  711,  874,  623,  902,  397,  434,  562,  451,  762,  473,  278,  300,  845,  396,  314,  800,  224,  862,  880,  260,  193,  806,  178,  624,  170,  701],
        [  582,    0,  703,  257,  333,  297,  696,  222,  803,  593,  532,  680,  361,  739,    0,   85,  437,  305,  870,  732,  675,  232,  605,  331,   61,  462,  215,  226,  759,  614,  225,  680,  687,  534,  315,  674,  316,  133,  368,  194,  159,  471,  274,  823,  111,  703,  688,  785,  526,  757,  608,  363,  340,  438,  502,  315,  949,  434,  535,  274,  123,  256,  472,  517,  684,  401,  179,  548,  247,  107,  486,  602,  917,  794,  569,  900,  580,  638,  269,  511,  500,  109,  235,  634,  640,  830,  509,  223,  161,  478,  616,  168,  813,  650,  670,  111,   85,  725,  460,  451,  408,  637,  653,  132,  651,  304,  188,  289,  166,  212,  320,  713,  322,  711,  840,  741,  209,  685, 1008,  547,  427,  681,  117,  374,  343,  397,  271,  355,  587,  411,  548, 1000,  317,  412,  503,  303,  603,  782,  152,  497,  805,  504,  667,  116,  599,  609],
        [  512,    0,  661,  181,  273,  336,  642,  235,  739,  515,  447,  604,  404,  727,   85,    0,  359,  384,  833,  738,  673,  149,  634,  266,   62,  406,  271,  154,  678,  543,  140,  595,  673,  509,  299,  679,  279,  206,  400,  210,  173,  424,  343,  775,  184,  620,  674,  717,  578,  752,  583,  374,  393,  356,  420,  231,  927,  353,  601,  194,  200,  318,  387,  481,  692,  362,   95,  505,  164,   35,  401,  538,  879,  711,  564,  877,  509,  602,  231,  428,  416,   24,  250,  684,  556,  801,  482,  139,  237,  497,  596,  245,  732,  683,  706,   64,   42,  729,  472,  450,  414,  651,  630,  150,  655,  362,  265,  338,  246,  153,  276,  652,  396,  671,  799,  708,  260,  610,  980,  490,  344,  597,  139,  299,  338,  430,  211,  310,  504,  354,  512,  973,  239,  438,  522,  221,  571,  698,  158,  475,  774,  419,  637,  137,  601,  528],
        [  467,    0,  750,  299,  159,  671,  671,  404,  695,  395,  176,  475,  741,  919,  437,  359,    0,  741,  919,  980,  901,  217,  936,  140,  383,  487,  526,  213,  491,  484,  249,  313,  860,  685,  548,  925,  257,  518,  719,  534,  502,  538,  701,  820,  500,  394,  865,  645,  919,  964,  748,  462,  740,   59,  283,  225, 1068,   44,  955,  166,  522,  674,  196,  625,  944,  529,  292,  615,  257,  331,  171,  530,  956,  461,  791, 1017,  455,  723,  261,  107,  190,  337,  564, 1021,  327,  926,  656,  241,  550,  787,  773,  560,  530,  990, 1018,  331,  353,  966,  751,  702,  689,  920,  795,  488,  898,  713,  577,  684,  568,  369,  232,  645,  755,  768,  868,  827,  610,  490, 1095,  540,  227,  332,  483,   69,  602,  750,  377,  475,  307,  447,  648, 1090,  121,  746,  810,  146,  709,  463,  376,  665,  890,  186,  773,  481,  843,  376],
        [  796,    0,  806,  520,  632,  233,  845,  450,  980,  837,  824,  916,  236,  735,  305,  384,  741,    0,  945,  665,  641,  532,  469,  633,  362,  640,  345,  530, 1010,  829,  515,  966,  700,  604,  418,  617,  596,  269,  292,  292,  297,  621,   86,  937,  276,  972,  697,  980,  312,  726,  666,  559,  182,  739,  767,  594,  963,  736,  263,  577,  255,  127,  755,  625,  615,  539,  467,  674,  528,  410,  775,  792,  993, 1066,  566,  922,  798,  729,  553,  811,  786,  407,  301,  412,  915,  877,  591,  517,  251,  410,  659,  243, 1066,  493,  498,  414,  390,  668,  421,  463,  406,  553,  698,  292,  602,  151,  241,  187,  227,  449,  606,  881,   53,  805,  934,  810,  190,  916, 1039,  717,  702,  963,  288,  678,  402,  302,  494,  522,  858,  601,  652, 1031,  621,  339,  428,  604,  688, 1049,  413,  567,  865,  791,  737,  290,  566,  862],
        [  468,    0,  176,  696,  986,  713,  258, 1067,  332,  569,  802,  539,  721,  276,  870,  833,  919,  945,    0,  428,  376,  817,  617,  962,  890,  449, 1085,  885,  628,  464,  777,  809,  274,  347,  563,  428, 1055,  993,  659,  704,  727,  414,  861,  127,  975,  706,  280,  396,  785,  333,  280, 1203,  775,  864,  653,  725,  195,  877,  912,  853,  977,  822,  736,  354,  448,  472,  780,  331,  744,  853,  770,  398,   48,  755,  395,  161,  482,  233, 1017,  871,  758,  826,  673,  802,  718,   99,  366,  790, 1012,  564,  288, 1015,  658,  652,  683,  889,  874,  408,  537,  483,  540,  500,  250,  751,  420,  797, 1032,  759, 1005,  684, 1039,  307,  905,  163,   62,  136,  777,  523,  182,  381,  694,  775,  765,  923,  556,  659,  631,  523,  684,  499,  323,  180,  879,  620,  557,  834,  269,  724,  990,  385,   87,  765,  210,  765,  421,  609],
        [  663,    0,  410,  687,  978,  464,  528,  954,  673,  767,  933,  787,  432,  154,  732,  738,  980,  665,  428,    0,   86,  800,  223,  961,  777,  529,  918,  854,  898,  682,  757, 1006,  182,  313,  447,   59, 1011,  818,  388,  538,  574,  471,  592,  504,  807,  935,  174,  718,  413,   97,  280, 1094,  485,  939,  792,  756,  341,  947,  541,  851,  800,  566,  850,  386,   51,  455,  734,  425,  736,  769,  886,  603,  463, 1013,  190,  319,  676,  359,  965,  978,  883,  743,  497,  396,  917,  330,  339,  769,  825,  265,  247,  823,  945,  240,  266,  801,  776,   22,  274,  290,  325,  113,  253,  601,   84,  521,  834,  499,  809,  632, 1004,  595,  615,  391,  458,  338,  556,  776,  430,  529,  789,  980,  615,  954,  402,  370,  607,  507,  864,  550,  378,  421,  893,  338,  243,  850,  339,  983,  881,  322,  347,  890,  313,  617,  140,  810],
        [  577,    0,  333,  611,  906,  425,  448,  895,  595,  681,  849,  702,  405,  106,  675,  673,  901,  641,  376,   86,    0,  726,  243,  888,  716,  445,  870,  783,  813,  596,  683,  921,  109,  228,  378,   54,  944,  770,  353,  481,  516,  386,  563,  437,  757,  850,  101,  638,  422,   86,  196, 1037,  460,  858,  707,  677,  328,  866,  551,  777,  752,  532,  766,  300,   78,  374,  662,  340,  660,  704,  803,  518,  415,  928,  112,  295,  591,  277,  898,  895,  799,  677,  441,  427,  831,  282,  254,  695,  780,  232,  163,  778,  860,  277,  308,  737,  713,   68,  228,  225,  269,  125,  172,  543,   47,  492,  791,  465,  765,  559,  935,  514,  593,  316,  397,  269,  512,  691,  412,  443,  706,  895,  558,  877,  336,  340,  530,  427,  778,  466,  292,  403,  817,  304,  215,  773,  255,  898,  821,  239,  290,  807,  235,  559,   78,  725],
        [  428,    0,  642,  124,  180,  455,  595,  291,  666,  406,  301,  496,  525,  761,  232,  149,  217,  532,  817,  800,  726,    0,  731,  162,  189,  370,  378,   69,  557,  457,   44,  451,  703,  529,  355,  742,  238,  338,  507,  319,  286,  406,  486,  740,  317,  487,  707,  633,  703,  797,  600,  406,  523,  208,  298,  113,  939,  206,  739,   55,  336,  458,  249,  483,  759,  369,   76,  490,   74,  128,  258,  471,  860,  575,  614,  887,  422,  597,  202,  280,  274,  125,  352,  806,  421,  803,  500,   32,  371,  585,  619,  380,  607,  784,  810,  143,  155,  788,  553,  512,  491,  728,  648,  271,  716,  496,  399,  467,  384,  169,  223,  591,  541,  657,  774,  705,  393,  505,  980,  445,  218,  456,  266,  166,  405,  538,  200,  312,  373,  319,  511,  974,  102,  537,  609,   74,  573,  565,  230,  502,  771,  276,  640,  264,  660,  410],
        [  723,    0,  548,  639,  899,  310,  646,  822,  799,  814,  930,  857,  255,  348,  605,  634,  936,  469,  617,  223,  243,  731,    0,  886,  659,  562,  762,  773,  969,  749,  692, 1031,  345,  378,  392,  196,  911,  664,  237,  424,  461,  509,  407,  667,  658,  982,  338,  831,  191,  309,  390,  957,  299,  905,  807,  719,  560,  910,  318,  786,  646,  390,  845,  445,  181,  458,  658,  499,  680,  668,  879,  679,  658, 1069,  250,  533,  734,  478,  863,  958,  880,  646,  386,  185,  949,  525,  391,  702,  664,  150,  362,  660, 1021,   56,   90,  694,  667,  234,  191,  259,  252,  120,  389,  485,  198,  339,  668,  330,  645,  568,  909,  708,  416,  535,  633,  501,  403,  849,  647,  594,  782, 1011,  497,  896,  337,  208,  564,  493,  891,  561,  453,  638,  832,  197,  130,  794,  444, 1043,  756,  363,  531,  887,  450,  499,  204,  854],
        [  540,    0,  788,  281,   26,  598,  728,  266,  777,  489,  303,  576,  668,  921,  331,  266,  140,  633,  962,  961,  888,  162,  886,    0,  272,  515,  390,  115,  609,  563,  205,  448,  863,  688,  516,  904,  123,  392,  657,  467,  431,  558,  604,  876,  375,  519,  866,  734,  843,  958,  757,  328,  658,  178,  372,  238, 1093,  165,  864,  113,  398,  582,  295,  638,  920,  528,  231,  640,  230,  233,  282,  594, 1003,  593,  776, 1042,  530,  749,  121,  243,  302,  248,  503,  949,  451,  955,  659,  193,  423,  743,  778,  433,  652,  938,  963,  221,  247,  950,  711,  674,  650,  888,  806,  411,  877,  627,  449,  604,  443,  330,   99,  713,  653,  804,  916,  856,  525,  588, 1130,  584,  298,  465,  402,   75,  565,  688,  360,  471,  420,  467,  665, 1124,   85,  691,  767,  129,  727,  592,  244,  662,  921,  300,  795,  400,  822,  479],
        [  572,    0,  720,  240,  273,  353,  702,  182,  800,  573,  489,  662,  419,  775,   61,   62,  383,  362,  890,  777,  716,  189,  659,  272,    0,  467,  210,  171,  733,  604,  191,  639,  722,  561,  347,  719,  257,  151,  423,  241,  204,  483,  334,  835,  130,  671,  723,  778,  586,  797,  636,  323,  399,  389,  474,  284,  979,  383,  595,  224,  149,  316,  435,  538,  730,  419,  151,  563,  218,   62,  446,  599,  936,  760,  608,  930,  569,  659,  209,  462,  461,   79,  282,  693,  606,  856,  536,  186,  184,  528,  647,  193,  786,  705,  726,   53,   34,  769,  507,  492,  452,  686,  682,  177,  695,  364,  212,  348,  196,  213,  260,  713,  382,  729,  857,  764,  267,  668, 1034,  551,  396,  643,  164,  318,  381,  452,  272,  369,  556,  414,  569, 1027,  264,  465,  553,  256,  626,  749,  105,  527,  829,  464,  692,  162,  642,  584],
        [  169,    0,  274,  250,  538,  435,  236,  633,  346,  253,  408,  303,  484,  441,  462,  406,  487,  640,  449,  529,  445,  370,  562,  515,  467,    0,  674,  438,  412,  200,  330,  479,  383,  217,  230,  481,  607,  593,  430,  350,  355,   59,  560,  373,  573,  421,  389,  341,  635,  493,  268,  764,  520,  435,  263,  279,  583,  447,  728,  405,  581,  518,  327,  147,  503,  114,  339,  129,  297,  420,  364,  153,  491,  508,  347,  532,  178,  237,  570,  461,  358,  394,  340,  708,  392,  442,  191,  343,  619,  422,  297,  624,  467,  617,  651,  455,  444,  512,  378,  304,  328,  501,  313,  370,  455,  520,  643,  476,  619,  254,  591,  252,  618,  289,  405,  343,  450,  298,  615,   85,  271,  456,  381,  481,  268,  450,  195,  119,  337,   54,  164,  610,  432,  423,  436,  387,  224,  482,  558,  212,  407,  366,  287,  381,  405,  293],
        [  781,    0,  918,  449,  377,  458,  909,  133, 1009,  777,  665,  867,  507,  942,  215,  271,  526,  345, 1085,  918,  870,  378,  762,  390,  210,  674,    0,  333,  933,  813,  392,  817,  893,  746,  526,  862,  304,  100,  535,  394,  364,  685,  368, 1037,  114,  863,  893,  987,  641,  954,  820,  215,  468,  550,  674,  485, 1157,  540,  607,  395,  119,  374,  624,  732,  869,  615,  357,  763,  423,  267,  628,  808, 1131,  949,  769, 1109,  778,  853,  276,  622,  646,  288,  432,  746,  796, 1042,  722,  385,   99,  656,  826,  105,  984,  799,  812,  239,  238,  915,  646,  651,  602,  816,  863,  338,  841,  427,  104,  432,  122,  420,  323,  922,  388,  925, 1055,  954,  364,  874, 1219,  758,  594,  826,  323,  457,  547,  559,  480,  570,  750,  622,  763, 1211,  422,  584,  679,  431,  817,  941,  153,  709, 1018,  647,  881,  323,  792,  786],
        [  495,    0,  710,  191,  127,  484,  664,  233,  733,  466,  333,  556,  554,  822,  226,  154,  213,  530,  885,  854,  783,   69,  773,  115,  171,  438,  333,    0,  610,  522,  110,  485,  765,  592,  408,  797,  170,  309,  543,  352,  316,  473,  495,  809,  290,  533,  768,  698,  729,  856,  664,  339,  545,  222,  354,  178, 1004,  215,  754,   63,  311,  472,  295,  548,  812,  433,  121,  557,  142,  122,  296,  539,  928,  617,  671,  953,  487,  664,  133,  296,  314,  134,  389,  835,  465,  869,  563,   97,  342,  630,  682,  352,  659,  824,  849,  119,  141,  843,  600,  565,  539,  778,  712,  297,  770,  515,  370,  490,  358,  224,  156,  659,  547,  724,  843,  772,  412,  566, 1047,  514,  274,  494,  288,  149,  455,  573,  263,  376,  422,  387,  577, 1041,   95,  577,  654,   99,  639,  610,  181,  563,  838,  315,  706,  286,  715,  466],
        [  246,    0,  514,  503,  634,  833,  390,  842,  305,  173,  316,  113,  889,  772,  759,  678,  491, 1010,  628,  898,  813,  557,  969,  609,  733,  412,  933,  610,    0,  220,  544,  225,  723,  599,  631,  859,  732,  883,  838,  723,  714,  461,  938,  503,  861,  109,  731,  239, 1046,  836,  618,  934,  918,  438,  260,  450,  818,  452, 1134,  548,  878,  898,  318,  527,  883,  525,  584,  478,  516,  672,  328,  296,  646,  128,  736,  775,  236,  543,  719,  393,  308,  657,  726, 1120,  166,  683,  581,  550,  915,  833,  651,  923,   57, 1023, 1057,  696,  701,  878,  789,  714,  740,  895,  648,  719,  835,  911,  943,  869,  924,  564,  708,  327,  998,  537,  567,  605,  826,  123,  806,  377,  340,  190,  725,  539,  676,  860,  517,  512,  190,  430,  526,  805,  538,  834,  846,  513,  559,   97,  786,  608,  645,  310,  594,  723,  793,  151],
        [   34,    0,  320,  364,  588,  633,  208,  746,  215,  105,  343,  108,  684,  563,  614,  543,  484,  829,  464,  682,  596,  457,  749,  563,  604,  200,  813,  522,  220,    0,  429,  350,  511,  379,  428,  641,  676,  746,  630,  538,  536,  244,  752,  350,  724,  258,  518,  177,  833,  624,  402,  861,  719,  426,  202,  345,  641,  440,  928,  470,  737,  710,  289,  307,  665,  314,  457,  259,  395,  547,  320,   80,  494,  332,  516,  593,   36,  333,  650,  417,  304,  526,  534,  904,  257,  499,  361,  439,  775,  616,  435,  781,  272,  803,  838,  578,  575,  662,  572,  496,  526,  675,  436,  547,  617,  716,  801,  673,  779,  405,  655,  165,  811,  342,  406,  410,  641,  100,  646,  157,  266,  318,  555,  506,  468,  650,  348,  312,  220,  230,  307,  643,  479,  622,  628,  440,  344,  302,  678,  388,  460,  311,  386,  554,  574,  146],
        [  399,    0,  602,   82,  224,  422,  559,  317,  635,  386,  310,  476,  493,  718,  225,  140,  249,  515,  777,  757,  683,   44,  692,  205,  191,  330,  392,  110,  544,  429,    0,  456,  660,  485,  312,  700,  279,  342,  472,  286,  255,  364,  464,  702,  320,  481,  663,  605,  671,  754,  556,  439,  494,  231,  284,   94,  896,  231,  712,   96,  338,  433,  247,  440,  716,  326,   49,  448,   35,  129,  262,  438,  820,  571,  571,  844,  394,  555,  241,  299,  276,  117,  316,  772,  417,  760,  456,   14,  374,  545,  576,  382,  596,  745,  772,  154,  158,  745,  512,  470,  450,  686,  605,  243,  673,  469,  402,  437,  384,  127,  265,  557,  521,  616,  734,  663,  366,  484,  938,  407,  206,  457,  239,  204,  364,  502,  156,  268,  366,  278,  468,  932,  140,  500,  569,  103,  530,  560,  250,  458,  729,  280,  598,  237,  617,  395],
        [  356,    0,  669,  450,  470,  832,  555,  706,  510,  248,  152,  274,  897,  902,  680,  595,  313,  966,  809, 1006,  921,  451, 1031,  448,  639,  479,  817,  485,  225,  350,  456,    0,  847,  694,  652,  959,  569,  788,  857,  704,  683,  537,  908,  689,  767,  118,  854,  446, 1069,  961,  733,  774,  914,  272,  225,  373,  990,  284, 1136,  423,  787,  872,  212,  621,  982,  574,  504,  585,  439,  579,  195,  426,  835,  153,  826,  943,  341,  675,  568,  207,  181,  572,  719, 1158,   94,  848,  669,  457,  821,  884,  765,  830,  243, 1087, 1119,  593,  606,  988,  841,  773,  784,  979,  773,  680,  933,  898,  849,  860,  835,  525,  544,  503,  966,  691,  750,  759,  800,  291,  991,  483,  269,   37,  681,  374,  705,  884,  497,  540,  143,  471,  631,  988,  396,  867,  902,  388,  679,  162,  664,  690,  809,  177,  729,  679,  884,  205],
        [  496,    0,  228,  582,  883,  472,  347,  903,  491,  603,  790,  614,  467,   60,  687,  673,  860,  700,  274,  182,  109,  703,  345,  863,  722,  383,  893,  765,  723,  511,  660,  847,    0,  176,  375,  163,  931,  795,  408,  500,  530,  326,  618,  329,  780,  768,    9,  537,  514,  114,  116, 1044,  522,  812,  642,  639,  267,  822,  641,  750,  778,  582,  709,  237,  186,  336,  646,  263,  633,  700,  746,  432,  316,  841,  135,  223,  510,  180,  887,  842,  740,  673,  462,  529,  755,  186,  205,  672,  809,  299,   87,  809,  768,  383,  415,  735,  713,  161,  280,  246,  301,  230,   75,  557,  150,  549,  824,  516,  797,  543,  920,  414,  655,  209,  290,  161,  550,  602,  340,  364,  652,  819,  572,  843,  346,  402,  504,  393,  706,  414,  220,  331,  787,  363,  289,  742,  169,  811,  826,  202,  187,  748,  132,  573,  149,  646],
        [  357,    0,  205,  407,  708,  372,  275,  742,  428,  457,  623,  487,  392,  235,  534,  509,  685,  604,  347,  313,  228,  529,  378,  688,  561,  217,  746,  592,  599,  379,  485,  694,  176,    0,  220,  266,  759,  651,  329,  358,  383,  159,  519,  337,  634,  626,  180,  455,  497,  280,   75,  882,  442,  638,  480,  464,  419,  648,  611,  575,  635,  479,  540,   74,  290,  161,  474,  122,  458,  534,  577,  305,  395,  708,  138,  369,  369,  127,  716,  672,  572,  506,  327,  547,  605,  297,   30,  498,  669,  264,   91,  670,  649,  430,  465,  569,  550,  295,  224,  154,  206,  296,  122,  409,  241,  458,  687,  418,  660,  371,  747,  333,  567,  202,  331,  212,  430,  477,  474,  223,  482,  668,  423,  668,  209,  336,  329,  218,  551,  242,   76,  467,  611,  298,  268,  566,   86,  679,  665,   39,  274,  580,  138,  424,  195,  500],
        [  396,    0,  404,  250,  532,  206,  428,  528,  563,  462,  541,  526,  258,  429,  315,  299,  548,  418,  563,  447,  378,  355,  392,  516,  347,  230,  526,  408,  631,  428,  312,  652,  375,  220,    0,  389,  566,  432,  209,  143,  164,  204,  335,  532,  414,  621,  376,  566,  420,  455,  294,  670,  291,  514,  429,  328,  634,  520,  503,  407,  416,  293,  457,  216,  405,  122,  287,  259,  295,  328,  489,  380,  610,  713,  266,  585,  402,  333,  520,  566,  492,  301,  119,  506,  577,  516,  198,  324,  450,  242,  302,  452,  687,  447,  477,  362,  340,  436,  204,  158,  142,  375,  338,  189,  363,  291,  469,  248,  443,  186,  558,  464,  391,  408,  539,  430,  231,  523,  693,  301,  394,  637,  204,  514,   55,  233,  173,  120,  518,  202,  246,  686,  451,  215,  264,  410,  295,  690,  452,  183,  493,  499,  356,  204,  308,  496],
        [  620,    0,  386,  631,  921,  410,  499,  896,  647,  723,  882,  747,  382,  154,  674,  679,  925,  617,  428,   59,   54,  742,  196,  904,  719,  481,  862,  797,  859,  641,  700,  959,  163,  266,  389,    0,  953,  762,  335,  480,  516,  423,  542,  491,  751,  892,  154,  689,  380,  116,  244, 1037,  436,  884,  743,  701,  367,  892,  509,  794,  744,  513,  798,  340,   25,  401,  676,  383,  679,  711,  834,  564,  466,  971,  136,  338,  634,  327,  907,  925,  831,  685,  439,  378,  870,  333,  290,  712,  770,  211,  211,  768,  907,  225,  256,  743,  718,   53,  217,  232,  267,   77,  224,  543,   28,  470,  780,  446,  754,  574,  946,  565,  567,  369,  451,  323,  501,  737,  453,  486,  737,  934,  558,  897,  343,  318,  550,  452,  816,  498,  335,  444,  836,  285,  191,  793,  303,  942,  823,  271,  343,  839,  287,  559,   83,  766],
        [  651,    0,  880,  360,  100,  609,  830,  171,  889,  608,  426,  696,  675,  988,  316,  279,  257,  596, 1055, 1011,  944,  238,  911,  123,  257,  607,  304,  170,  732,  676,  279,  569,  931,  759,  566,  953,    0,  334,  676,  488,  451,  643,  584,  976,  323,  642,  934,  850,  842, 1019,  832,  206,  655,  300,  491,  338, 1173,  286,  844,  208,  345,  570,  416,  718,  967,  601,  285,  727,  311,  245,  405,  701, 1097,  715,  832, 1122,  642,  834,   49,  363,  425,  270,  528,  950,  574, 1039,  731,  266,  360,  775,  849,  371,  775,  959,  981,  217,  245, 1002,  749,  722,  690,  928,  880,  426,  928,  620,  383,  604,  383,  389,   26,  821,  625,  894, 1012,  942,  524,  707, 1217,  682,  415,  586,  414,  196,  610,  705,  432,  545,  543,  556,  746, 1210,  199,  715,  799,  236,  808,  715,  184,  730, 1007,  423,  876,  413,  873,  600],
        [  713,    0,  828,  386,  385,  359,  827,  181,  935,  721,  637,  809,  410,  843,  133,  206,  518,  269,  993,  818,  770,  338,  664,  392,  151,  593,  100,  309,  883,  746,  342,  788,  795,  651,  432,  762,  334,    0,  436,  296,  268,  600,  278,  951,   23,  822,  795,  917,  551,  855,  725,  299,  373,  531,  624,  435, 1060,  524,  528,  368,   19,  279,  586,  641,  769,  527,  300,  675,  368,  213,  595,  734, 1040,  911,  670, 1013,  711,  761,  295,  605,  611,  227,  334,  658,  757,  947,  629,  337,   33,  556,  730,   43,  937,  703,  717,  196,  184,  815,  546,  552,  502,  716,  767,  243,  741,  333,   62,  335,   51,  344,  347,  845,  306,  835,  966,  861,  265,  815, 1123,  678,  547,  793,  229,  450,  450,  460,  403,  485,  707,  543,  672, 1116,  403,  485,  580,  402,  725,  900,  152,  614,  925,  614,  787,  228,  693,  734],
        [  598,    0,  533,  430,  668,   77,  592,  586,  739,  669,  738,  731,   64,  444,  368,  400,  719,  292,  659,  388,  353,  507,  237,  657,  423,  430,  535,  543,  838,  630,  472,  857,  408,  329,  209,  335,  676,  436,    0,  191,  228,  392,  211,  664,  427,  829,  405,  753,  213,  439,  383,  724,  116,  695,  635,  513,  671,  698,  299,  562,  417,  180,  656,  367,  338,  317,  432,  421,  465,  434,  686,  574,  706,  921,  274,  630,  606,  455,  628,  754,  691,  413,  156,  305,  784,  587,  323,  480,  440,  124,  372,  437,  893,  284,  307,  459,  431,  387,  129,  178,  124,  282,  410,  251,  317,  141,  447,  112,  422,  354,  675,  640,  248,  529,  654,  525,  171,  727,  748,  490,  593,  843,  262,  673,  163,   31,  365,  327,  725,  409,  389,  739,  609,   51,  146,  574,  414,  898,  519,  295,  577,  698,  454,  264,  277,  704],
        [  505,    0,  546,  258,  477,  137,  565,  416,  694,  551,  572,  626,  207,  549,  194,  210,  534,  292,  704,  538,  481,  319,  424,  467,  241,  350,  394,  352,  723,  538,  286,  704,  500,  358,  143,  480,  488,  296,  191,    0,   38,  337,  216,  674,  281,  694,  500,  691,  385,  564,  431,  557,  213,  514,  491,  340,  765,  516,  435,  374,  279,  175,  494,  358,  491,  256,  244,  400,  284,  244,  521,  502,  751,  788,  377,  717,  508,  475,  440,  578,  529,  223,   42,  487,  641,  653,  338,  294,  312,  288,  435,  313,  780,  474,  497,  272,  245,  532,  267,  259,  214,  445,  472,   64,  457,  195,  329,  157,  303,  180,  486,  597,  275,  550,  682,  570,  104,  626,  828,  430,  435,  695,   78,  485,  154,  222,  211,  232,  583,  310,  389,  820,  421,  228,  313,  388,  436,  769,  343,  321,  632,  535,  496,   79,  405,  578],
        [  502,    0,  565,  235,  441,  169,  577,  380,  700,  541,  548,  620,  240,  581,  159,  173,  502,  297,  727,  574,  516,  286,  461,  431,  204,  355,  364,  316,  714,  536,  255,  683,  530,  383,  164,  516,  451,  268,  228,   38,    0,  348,  227,  691,  251,  679,  531,  694,  417,  598,  457,  522,  240,  485,  475,  316,  794,  486,  460,  340,  252,  190,  472,  377,  527,  269,  211,  415,  256,  207,  497,  505,  774,  773,  410,  746,  504,  496,  403,  551,  506,  186,   79,  521,  624,  679,  361,  262,  286,  326,  462,  289,  770,  511,  534,  234,  207,  567,  304,  293,  250,  482,  500,   28,  492,  217,  306,  183,  280,  158,  448,  604,  287,  570,  702,  594,  118,  621,  856,  436,  415,  676,   43,  451,  185,  258,  198,  237,  566,  311,  408,  848,  387,  265,  351,  357,  458,  755,  307,  346,  657,  512,  520,   44,  440,  567],
        [  215,    0,  240,  283,  580,  406,  230,  655,  359,  307,  465,  350,  450,  385,  471,  424,  538,  621,  414,  471,  386,  406,  509,  558,  483,   59,  685,  473,  461,  244,  364,  537,  326,  159,  204,  423,  643,  600,  392,  337,  348,    0,  539,  353,  580,  476,  332,  364,  592,  436,  212,  790,  489,  488,  322,  324,  536,  499,  691,  446,  587,  496,  384,   90,  445,   83,  366,   84,  333,  442,  420,  183,  458,  561,  290,  485,  226,  192,  604,  517,  415,  415,  321,  661,  449,  398,  133,  377,  624,  373,  240,  628,  515,  564,  598,  478,  463,  454,  329,  254,  283,  445,  259,  367,  396,  493,  647,  450,  621,  273,  628,  261,  595,  252,  376,  299,  433,  343,  574,   99,  326,  513,  379,  528,  233,  410,  217,  116,  395,   92,  111,  568,  476,  380,  385,  431,  172,  534,  579,  154,  365,  423,  238,  379,  347,  348],
