{
    "name": "random-56-10825",
    "comment": "size=56 seed=10825",
    "nodes": ["+0", "-0", "+1", "-1", "+2", "-2", "+3", "-3", "+4", "-4", "+5", "-5", "+6", "-6", "+7", "-7", "+8", "-8", "+9", "-9", "+10", "-10", "+11", "-11", "+12", "-12", "+13", "-13", "+14", "-14", "+15", "-15", "+16", "-16", "+17", "-17", "+18", "-18", "+19", "-19", "+20", "-20", "+21", "-21", "+22", "-22", "+23", "-23", "+24", "-24", "+25", "-25", "+26", "-26", "+27", "-27", "+28", "-28", "+29", "-29", "+30", "-30", "+31", "-31", "+32", "-32", "+33", "-33", "+34", "-34", "+35", "-35", "+36", "-36", "+37", "-37", "+38", "-38", "+39", "-39", "+40", "-40", "+41", "-41", "+42", "-42", "+43", "-43", "+44", "-44", "+45", "-45", "+46", "-46", "+47", "-47", "+48", "-48", "+49", "-49", "+50", "-50", "+51", "-51", "+52", "-52", "+53", "-53", "+54", "-54", "+55", "-55", "+56", "-56"],
    "precedence": {
        "+0": "-0",
        "+1": "-1",
        "+2": "-2",
        "+3": "-3",
        "+4": "-4",
        "+5": "-5",
        "+6": "-6",
        "+7": "-7",
        "+8": "-8",
        "+9": "-9",
        "+10": "-10",
        "+11": "-11",
        "+12": "-12",
        "+13": "-13",
        "+14": "-14",
        "+15": "-15",
        "+16": "-16",
        "+17": "-17",
        "+18": "-18",
        "+19": "-19",
        "+20": "-20",
        "+21": "-21",
        "+22": "-22",
        "+23": "-23",
        "+24": "-24",
        "+25": "-25",
        "+26": "-26",
        "+27": "-27",
        "+28": "-28",
        "+29": "-29",
        "+30": "-30",
        "+31": "-31",
        "+32": "-32",
        "+33": "-33",
        "+34": "-34",
        "+35": "-35",
        "+36": "-36",
        "+37": "-37",
        "+38": "-38",
        "+39": "-39",
        "+40": "-40",
        "+41": "-41",
        "+42": "-42",
        "+43": "-43",
        "+44": "-44",
        "+45": "-45",
        "+46": "-46",
        "+47": "-47",
        "+48": "-48",
        "+49": "-49",
        "+50": "-50",
        "+51": "-51",
        "+52": "-52",
        "+53": "-53",
        "+54": "-54",
        "+55": "-55",
        "+56": "-56"
    },
    "edges": [
        [    0,    0, 1067,  626,  711,  475,  645,  814,  456,  650,  605,  500,  823,  195,  101,  292,  630,  358,  883,  808,  182,  421,  724,  403,  931,  191,  468,  414,  580,  630,  785,  289,  536,  907,  409,  927,  291,  665,  261,  398,  690,  506,  922,  695,  949,  707,  203,  392,  736,  454,  462,  806,  360,  625,  197,  134,  749,  636,  675,  438,  129,  519,  532,  269,  673,  494,  513,  177,  604,  672,  607,  195,  404,   85,  145,  988,  394,  780,  592,  250,  569,  519,  102,  209,  694,  488,  523,  233,  509,  435,  866,  512,  633,  462,  230,  343,  312,  166,   75,  142,  294,  235,  357,  202,  455,  240,  240,  414,  725,  819,  246,  910,  511,  758],
        [    0,    0,    0,    0,    0,    0,    0,    0,    0,    0,    0,    0,    0,    0,    0,    0,    0,    0,    0,    0,    0,    0,    0,    0,    0,    0,    0,    0,    0,    0,    0,    0,    0,    0,    0,    0,    0,    0,    0,    0,    0,    0,    0,    0,    0,    0,    0,    0,    0,    0,    0,    0,    0,    0,    0,    0,    0,    0,    0,    0,    0,    0,    0,    0,    0,    0,    0,    0,    0,    0,    0,    0,    0,    0,    0,    0,    0,    0,    0,    0,    0,    0,    0,    0,    0,    0,    0,    0,    0,    0,    0,    0,    0,    0,    0,    0,    0,    0,    0,    0,    0,    0,    0,    0,    0,    0,    0,    0,    0,    0,    0,    0,    0,    0],
        [ 1067,    0,    0,  511,  576,  745,  676,  316,  783,  956,  644,  651,  260, 1262,  989,  844,  447, 1044,  280,  315, 1137,  986,  486,  685,  137,  882, 1033,  980,  816,  508,  284,  853,  889,  237,  667,  141,  788,  730,  816,  965,  572,  918,  208,  683,  182,  664, 1130,  964,  499,  943, 1030,  384,  818,  567,  873, 1177,  684,  485,  502, 1055, 1060,  561,  731, 1318,  910,  662, 1016, 1244,  763,  405,  463, 1262,  673, 1144,  933,  101,  935,  298,  482, 1117,  889,  882, 1092, 1274,  382,  753,  547,  908,  666,  921,  304,  722,  843,  912,  923,  766, 1053, 1057, 1137,  928, 1103,  844,  752, 1212,  981,  839, 1128,  663,  761,  339, 1302,  178,  684,  320],
        [  626,    0,  511,    0,  551,  527,  588,  205,  553,  479,  524,  432,  353,  815,  532,  507,  266,  534,  468,  202,  748,  727,  112,  226,  384,  437,  789,  469,  669,    5,  252,  516,  389,  462,  231,  380,  410,  275,  367,  696,  528,  713,  459,  248,  351,  625,  750,  454,  503,  707,  783,  469,  524,  459,  433,  753,  284,  364,   61,  793,  584,  290,  556,  894,  800,  441,  511,  796,  281,  273,  158,  815,  235,  689,  482,  466,  425,  319,  137,  620,  724,  689,  682,  817,  162,  243,  182,  424,  156,  676,  469,  530,  369,  404,  565,  435,  733,  573,  685,  487,  599,  392,  426,  732,  472,  387,  633,  225,  716,  441,  835,  334,  174,  307],
        [  711,    0,  576,  551,    0,  246,  107,  551,  277,  981,  110,  217,  345,  881,  679,  421,  287,  883,  298,  540,  696,  456,  636,  509,  483,  583,  488,  863,  250,  553,  421,  426,  862,  340,  472,  481,  439,  814,  552,  444,   26,  365,  368,  795,  584,   92,  679,  837,   78,  405,  487,  192,  360,  105,  572,  773,  834,  187,  601,  518,  771,  292,  201,  898,  335,  220,  948,  868,  799,  293,  393,  881,  475,  795,  629,  475,  813,  332,  415,  878,  323,  328,  685,  909,  427,  703,  395,  677,  621,  391,  273,  210,  885,  835,  495,  373,  559,  788,  785,  609,  892,  573,  361,  905,  888,  569,  881,  474,  193,  238,  953,  522,  647,  321],
        [  475,    0,  745,  527,  246,    0,  170,  615,   38,  864,  137,  104,  487,  637,  459,  185,  329,  700,  493,  605,  450,  241,  634,  387,  626,  378,  292,  700,  153,  531,  514,  187,  736,  529,  353,  623,  237,  743,  369,  220,  229,  191,  553,  740,  698,  232,  434,  673,  293,  202,  288,  392,  117,  189,  367,  529,  789,  262,  587,  311,  552,  243,   59,  652,  284,   92,  796,  626,  711,  363,  395,  637,  354,  558,  417,  648,  654,  455,  404,  669,  198,  164,  441,  668,  469,  593,  346,  489,  533,  177,  470,   37,  786,  692,  252,  163,  321,  574,  548,  392,  691,  382,  158,  675,  732,  380,  668,  358,  264,  424,  713,  640,  555,  435],
        [  645,    0,  676,  588,  107,  170,    0,  620,  193,  985,   66,  186,  436,  804,  625,  354,  338,  853,  401,  610,  610,  353,  684,  504,  576,  538,  383,  844,  144,  591,  498,  356,  861,  442,  467,  574,  394,  837,  519,  344,  105,  260,  470,  824,  670,   64,  591,  817,  179,  302,  382,  294,  286,  135,  527,  694,  867,  241,  643,  414,  718,  305,  114,  812,  240,  184,  935,  793,  815,  355,  435,  804,  470,  727,  580,  575,  796,  416,  453,  833,  217,  222,  607,  835,  485,  707,  417,  643,  634,  290,  376,  134,  897,  826,  420,  322,  463,  739,  717,  557,  852,  536,  312,  843,  873,  533,  833,  470,  129,  338,  881,  609,  659,  401],
        [  814,    0,  316,  205,  551,  615,  620,    0,  648,  643,  565,  512,  243, 1007,  725,  648,  290,  738,  360,   11,  918,  843,  173,  413,  204,  624,  901,  669,  733,  202,  135,  658,  574,  337,  406,  201,  566,  419,  554,  815,  534,  805,  323,  374,  147,  639,  916,  655,  483,  812,  896,  405,  647,  486,  618,  936,  383,  381,  187,  912,  783,  377,  626, 1079,  855,  523,  701,  988,  448,  266,  230, 1007,  411,  883,  672,  292,  627,  232,  234,  824,  799,  775,  859, 1012,  147,  442,  308,  625,  359,  784,  371,  605,  530,  599,  718,  570,  875,  774,  878,  673,  804,  581,  558,  933,  668,  575,  837,  401,  739,  363, 1033,  140,  375,  235],
        [  456,    0,  783,  553,  277,   38,  193,  648,    0,  874,  169,  138,  524,  612,  447,  169,  364,  698,  529,  638,  420,  204,  661,  402,  663,  372,  256,  702,  145,  557,  550,  170,  746,  566,  369,  660,  237,  761,  371,  183,  262,  161,  590,  760,  734,  254,  402,  674,  327,  166,  252,  429,   98,  225,  362,  502,  810,  299,  614,  274,  539,  274,   80,  622,  271,  127,  800,  601,  726,  398,  425,  612,  369,  537,  408,  685,  657,  492,  433,  659,  178,  137,  415,  643,  502,  606,  372,  486,  551,  140,  507,   69,  799,  698,  228,  165,  285,  563,  527,  382,  683,  381,  162,  657,  735,  380,  657,  374,  273,  461,  689,  676,  572,  471],
        [  650,    0,  956,  479,  981,  864,  985,  643,  874,    0,  921,  802,  832,  767,  560,  743,  720,  316,  947,  645,  829,  973,  471,  482,  845,  549, 1035,  240, 1016,  480,  727,  749,  129,  941,  519,  841,  645,  227,  516,  942,  956, 1010,  937,  276,  777, 1037,  846,  259,  951,  979, 1029,  939,  799,  878,  555,  772,  291,  805,  464, 1020,  532,  690,  913,  875, 1145,  806,  160,  749,  200,  739,  617,  767,  517,  658,  550,  932,  256,  798,  590,  461, 1048, 1001,  747,  743,  641,  279,  588,  438,  363,  949,  947,  884,  114,  192,  753,  712,  913,  497,  662,  575,  410,  517,  713,  611,  200,  516,  479,  516, 1110,  916,  729,  782,  337,  785],
        [  605,    0,  644,  524,  110,  137,   66,  565,  169,  921,    0,  125,  394,  773,  578,  314,  279,  796,  376,  555,  587,  356,  621,  441,  536,  486,  396,  784,  175,  527,  447,  318,  798,  415,  403,  533,  341,  772,  463,  342,   93,  276,  442,  759,  624,  119,  570,  757,  162,  308,  393,  271,  251,   82,  475,  665,  803,  185,  580,  422,  671,  240,   96,  789,  290,  125,  874,  760,  750,  300,  372,  773,  406,  689,  531,  544,  735,  370,  390,  782,  248,  239,  576,  801,  427,  643,  352,  587,  569,  290,  352,  102,  832,  764,  386,  272,  453,  690,  678,  509,  799,  481,  261,  801,  812,  478,  783,  406,  194,  309,  845,  563,  594,  354],
        [  500,    0,  651,  432,  217,  104,  186,  512,  138,  802,  125,    0,  392,  679,  463,  218,  226,  672,  411,  502,  510,  340,  537,  320,  528,  366,  394,  660,  237,  436,  412,  225,  677,  444,  284,  525,  223,  663,  339,  316,  193,  294,  466,  655,  596,  243,  498,  633,  237,  304,  389,  318,  172,  125,  356,  575,  702,  167,  492,  410,  555,  144,  124,  708,  368,   12,  750,  664,  636,  261,  294,  679,  286,  585,  413,  556,  611,  357,  305,  663,  294,  265,  486,  704,  366,  525,  252,  464,  456,  277,  390,   98,  716,  641,  297,  159,  404,  572,  575,  393,  677,  358,  146,  691,  688,  355,  665,  287,  308,  342,  745,  539,  480,  336],
        [  823,    0,  260,  353,  345,  487,  436,  243,  524,  832,  394,  392,    0, 1016,  753,  587,  194,  851,  120,  234,  881,  728,  387,  465,  142,  644,  777,  799,  569,  353,  113,  595,  739,  110,  440,  140,  538,  620,  583,  706,  335,  664,  110,  584,  240,  437,  873,  779,  270,  687,  774,  171,  559,  315,  635,  926,  605,  226,  375,  798,  830,  307,  477, 1067,  675,  403,  855,  999,  633,  152,  243, 1016,  446,  903,  696,  168,  751,   44,  268,  903,  641,  629,  840, 1032,  192,  584,  317,  688,  491,  663,  129,  465,  721,  744,  666,  510,  794,  832,  895,  688,  896,  611,  495,  982,  810,  605,  912,  438,  538,  125, 1063,  178,  515,   66],
        [  195,    0, 1262,  815,  881,  637,  804, 1007,  612,  767,  773,  679, 1016,    0,  283,  462,  823,  453, 1072, 1001,  215,  520,  909,  595, 1126,  384,  549,  529,  717,  819,  980,  456,  670, 1097,  603, 1121,  481,  824,  453,  507,  861,  623, 1114,  859, 1143,  865,  241,  514,  914,  566,  544,  991,  522,  802,  391,  113,  912,  823,  862,  512,  250,  711,  691,  111,  787,  671,  614,   20,  760,  865,  801,    0,  597,  127,  335, 1181,  525,  974,  786,  310,  690,  644,  197,   45,  888,  655,  717,  403,  689,  555, 1055,  674,  773,  594,  387,  524,  391,  278,  130,  336,  362,  426,  539,  169,  567,  432,  293,  608,  867, 1006,   96, 1104,  688,  951],
        [  101,    0,  989,  532,  679,  459,  625,  725,  447,  560,  578,  463,  753,  283,    0,  278,  562,  288,  822,  719,  271,  457,  627,  313,  853,  110,  511,  330,  583,  536,  706,  278,  442,  842,  324,  849,  242,  565,  174,  430,  656,  527,  855,  595,  863,  688,  287,  306,  694,  481,  505,  752,  349,  585,  119,  234,  649,  581,  579,  488,   94,  456,  517,  367,  689,  459,  432,  264,  505,  603,  527,  283,  319,  158,   57,  914,  304,  709,  509,  214,  584,  534,  189,  288,  611,  388,  443,  134,  410,  457,  807,  493,  536,  370,  240,  307,  367,  118,  153,   71,  245,  146,  319,  233,  370,  152,  211,  329,  719,  760,  313,  827,  412,  687],
        [  292,    0,  844,  507,  421,  185,  354,  648,  169,  743,  314,  218,  587,  462,  278,    0,  399,  538,  623,  640,  296,  236,  618,  307,  714,  212,  300,  551,  307,  511,  580,   10,  615,  653,  284,  710,  106,  664,  228,  204,  401,  270,  673,  673,  760,  417,  286,  524,  453,  236,  294,  535,   72,  341,  202,  357,  727,  374,  566,  294,  370,  286,  243,  490,  420,  210,  652,  448,  619,  440,  419,  462,  282,  375,  241,  754,  510,  547,  415,  491,  317,  267,  268,  489,  507,  493,  343,  330,  458,  207,  604,  220,  682,  559,   80,   80,  228,  395,  365,  215,  517,  230,   94,  490,  587,  230,  488,  290,  442,  556,  532,  710,  475,  525],
        [  630,    0,  447,  266,  287,  329,  338,  290,  364,  720,  279,  226,  194,  823,  562,  399,    0,  685,  265,  279,  690,  564,  350,  291,  315,  453,  619,  645,  444,  268,  188,  408,  611,  281,  260,  312,  344,  535,  395,  539,  265,  518,  294,  513,  372,  367,  683,  622,  238,  529,  615,  223,  379,  204,  443,  733,  549,  101,  315,  634,  642,  115,  337,  874,  567,  237,  714,  806,  529,   43,  109,  823,  266,  710,  506,  360,  595,  152,  134,  722,  510,  487,  647,  839,  149,  449,  144,  507,  360,  502,  255,  317,  617,  600,  477,  320,  614,  647,  702,  496,  720,  422,  306,  793,  661,  417,  730,  259,  462,  213,  871,  317,  385,  129],
        [  358,    0, 1044,  534,  883,  700,  853,  738,  698,  316,  796,  672,  851,  453,  288,  538,  685,    0,  947,  736,  540,  741,  590,  395,  913,  327,  797,   87,  841,  537,  771,  541,  236,  955,  428,  909,  464,  420,  334,  712,  858,  803,  960,  466,  884,  914,  561,   88,  877,  760,  791,  904,  606,  780,  337,  468,  511,  741,  556,  775,  231,  609,  757,  562,  958,  672,  162,  436,  356,  718,  608,  453,  423,  351,  302,  990,  114,  809,  583,  146,  854,  804,  460,  428,  671,  300,  543,  212,  379,  734,  938,  729,  340,  167,  519,  538,  654,  194,  356,  330,   97,  319,  545,  296,  119,  321,  164,  428,  964,  897,  415,  867,  363,  790],
        [  883,    0,  280,  468,  298,  493,  401,  360,  529,  947,  376,  411,  120, 1072,  822,  623,  265,  947,    0,  351,  919,  729,  506,  554,  211,  713,  771,  901,  543,  468,  233,  631,  850,   44,  525,  211,  592,  738,  659,  711,  296,  651,   72,  703,  329,  385,  907,  879,  222,  682,  768,  107,  583,  305,  703,  975,  725,  250,  494,  796,  905,  366,  469, 1112,  631,  421,  963, 1056,  748,  229,  343, 1072,  530,  965,  766,  180,  852,  150,  370,  987,  617,  614,  887, 1091,  307,  692,  405,  771,  599,  663,   25,  464,  837,  850,  703,  551,  811,  911,  956,  754,  985,  685,  536, 1054,  914,  680,  994,  523,  482,   70, 1127,  271,  624,  163],
        [  808,    0,  315,  202,  540,  605,  610,   11,  638,  645,  555,  502,  234, 1001,  719,  640,  279,  736,  351,    0,  910,  833,  176,  407,  201,  617,  891,  668,  723,  199,  125,  649,  574,  329,  399,  197,  558,  422,  548,  805,  523,  795,  316,  378,  150,  629,  909,  653,  473,  802,  886,  396,  637,  476,  611,  929,  388,  370,  188,  902,  778,  368,  616, 1072,  844,  513,  701,  982,  450,  255,  221, 1001,  405,  877,  666,  288,  625,  222,  226,  820,  789,  764,  852, 1006,  137,  440,  299,  620,  357,  774,  362,  595,  532,  599,  709,  561,  866,  770,  872,  666,  801,  575,  549,  928,  668,  569,  833,  394,  729,  354, 1028,  138,  373,  225],
        [  182,    0, 1137,  748,  696,  450,  610,  918,  420,  829,  587,  510,  881,  215,  271,  296,  690,  540,  919,  910,    0,  307,  853,  523, 1004,  322,  335,  595,  511,  752,  865,  288,  713,  949,  518, 1000,  354,  828,  388,  294,  679,  410,  969,  853, 1041,  669,   27,  572,  739,  353,  330,  828,  341,  629,  323,  107,  908,  670,  802,  299,  309,  576,  498,  202,  574,  501,  694,  211,  769,  732,  694,  215,  514,  210,  295, 1048,  573,  840,  685,  423,  478,  434,   82,  256,  783,  648,  612,  401,  652,  345,  899,  486,  806,  640,  216,  372,  176,  346,  201,  278,  471,  368,  387,  332,  636,  372,  410,  524,  661,  850,  308,  995,  660,  818],
        [  421,    0,  986,  727,  456,  241,  353,  843,  204,  973,  356,  340,  728,  520,  457,  236,  564,  741,  729,  833,  307,    0,  837,  540,  867,  428,   64,  768,  225,  730,  751,  229,  845,  766,  515,  864,  341,  900,  459,   32,  446,  109,  791,  907,  935,  403,  282,  741,  518,   54,   58,  625,  203,  424,  421,  409,  960,  503,  787,   71,  537,  466,  261,  496,  268,  329,  871,  515,  855,  600,  615,  520,  513,  487,  441,  888,  731,  695,  619,  663,  176,  141,  341,  560,  696,  728,  551,  545,  692,   67,  706,  266,  916,  785,  224,  294,  132,  570,  476,  413,  700,  457,  302,  614,  806,  458,  656,  521,  371,  660,  611,  879,  710,  675],
        [  724,    0,  486,  112,  636,  634,  684,  173,  661,  471,  621,  537,  387,  909,  627,  618,  350,  590,  506,  176,  853,  837,    0,  330,  376,  538,  900,  515,  772,  108,  274,  627,  407,  491,  340,  372,  520,  247,  469,  807,  615,  822,  482,  203,  310,  716,  857,  504,  580,  817,  894,  528,  635,  551,  535,  854,  219,  450,   52,  903,  671,  393,  660,  993,  902,  546,  536,  890,  278,  346,  249,  909,  343,  783,  580,  463,  476,  362,  234,  691,  830,  797,  785,  908,  215,  291,  290,  511,  225,  787,  512,  634,  358,  440,  675,  546,  843,  655,  779,  587,  665,  492,  537,  814,  509,  487,  706,  334,  810,  494,  922,  312,  232,  356],
        [  403,    0,  685,  226,  509,  387,  504,  413,  402,  482,  441,  320,  465,  595,  313,  307,  291,  395,  554,  407,  523,  540,  330,    0,  549,  213,  604,  360,  539,  230,  401,  315,  357,  566,   38,  544,  202,  363,  143,  508,  484,  551,  574,  368,  551,  558,  527,  335,  492,  531,  598,  510,  343,  405,  208,  529,  421,  350,  279,  600,  376,  221,  433,  670,  671,  325,  440,  576,  325,  326,  225,  595,   35,  471,  260,  617,  309,  422,  203,  438,  579,  536,  456,  600,  303,  206,  150,  225,  153,  500,  545,  404,  399,  327,  352,  250,  524,  373,  466,  262,  432,  169,  246,  528,  381,  164,  448,   36,  628,  503,  623,  517,  172,  402],
        [  931,    0,  137,  384,  483,  626,  576,  204,  663,  845,  536,  528,  142, 1126,  853,  714,  315,  913,  211,  201, 1004,  867,  376,  549,    0,  745,  917,  852,  710,  382,  148,  722,  769,  174,  531,    5,  654,  622,  680,  844,  475,  805,  149,  578,  121,  575,  998,  835,  406,  827,  913,  298,  691,  456,  737, 1042,  586,  365,  383,  937,  924,  429,  618, 1184,  815,  540,  893, 1108,  648,  274,  327, 1126,  536, 1007,  797,   88,  806,  172,  346,  983,  783,  771,  957, 1137,  247,  626,  410,  773,  537,  802,  232,  606,  732,  787,  791,  635,  927,  921, 1001,  792,  970,  708,  620, 1076,  856,  702,  994,  527,  675,  250, 1165,   72,  557,  193],
        [  191,    0,  882,  437,  583,  378,  538,  624,  372,  549,  486,  366,  644,  384,  110,  212,  453,  327,  713,  617,  322,  428,  538,  213,  745,    0,  488,  342,  515,  442,  599,  215,  422,  733,  219,  741,  145,  511,   71,  397,  559,  479,  746,  533,  759,  600,  331,  315,  593,  440,  482,  646,  280,  485,   12,  316,  588,  475,  489,  472,  194,  348,  436,  457,  631,  364,  445,  366,  456,  494,  419,  384,  214,  263,   53,  806,  304,  600,  403,  297,  528,  478,  249,  393,  505,  330,  336,  119,  331,  412,  699,  409,  503,  359,  205,  217,  367,  207,  257,   50,  314,   47,  226,  341,  380,   52,  299,  224,  642,  652,  421,  721,  338,  578],
        [  468,    0, 1033,  789,  488,  292,  383,  901,  256, 1035,  396,  394,  777,  549,  511,  300,  619,  797,  771,  891,  335,   64,  900,  604,  917,  488,    0,  827,  244,  793,  805,  292,  907,  810,  579,  914,  405,  964,  521,   96,  481,  125,  835,  971,  989,  426,  309,  801,  555,   91,    7,  666,  266,  468,  482,  441, 1024,  553,  850,   40,  588,  524,  303,  513,  254,  382,  930,  546,  918,  654,  675,  549,  577,  528,  498,  935,  791,  746,  679,  714,  181,  162,  381,  591,  754,  792,  612,  605,  756,  117,  747,  312,  980,  846,  284,  358,  161,  622,  517,  471,  753,  519,  365,  655,  866,  520,  705,  584,  379,  703,  643,  932,  774,  726],
        [  414,    0,  980,  469,  863,  700,  844,  669,  702,  240,  784,  660,  799,  529,  330,  551,  645,   87,  901,  668,  595,  768,  515,  360,  852,  342,  827,    0,  846,  472,  713,  555,  150,  906,  396,  847,  465,  335,  331,  738,  838,  820,  909,  382,  815,  902,  614,   28,  850,  782,  821,  866,  615,  759,  350,  533,  425,  709,  484,  808,  293,  580,  755,  637,  968,  661,  104,  511,  272,  675,  559,  529,  391,  419,  330,  932,   51,  759,  533,  228,  866,  817,  513,  506,  614,  228,  502,  224,  315,  754,  895,  726,  254,   81,  545,  538,  693,  258,  423,  357,  182,  322,  543,  378,   41,  323,  246,  395,  960,  856,  497,  802,  296,  741],
        [  580,    0,  816,  669,  250,  153,  144,  733,  145, 1016,  175,  237,  569,  717,  583,  307,  444,  841,  543,  723,  511,  225,  772,  539,  710,  515,  244,  846,    0,  672,  619,  306,  888,  584,  505,  708,  381,  894,  515,  223,  247,  121,  611,  889,  798,  182,  489,  819,  322,  171,  244,  437,  236,  256,  505,  605,  937,  357,  727,  278,  674,  380,  113,  709,  133,  228,  944,  708,  862,  470,  526,  717,  506,  658,  547,  715,  801,  545,  539,  796,   74,   85,  524,  753,  591,  745,  488,  630,  684,  169,  519,  140,  938,  842,  352,  309,  347,  700,  647,  521,  823,  525,  306,  782,  879,  524,  793,  509,  151,  478,  802,  737,  707,  528],
        [  630,    0,  508,    5,  553,  531,  591,  202,  557,  480,  527,  436,  353,  819,  536,  511,  268,  537,  468,  199,  752,  730,  108,  230,  382,  442,  793,  472,  672,    0,  251,  520,  390,  462,  235,  378,  414,  274,  371,  700,  530,  717,  458,  246,  348,  628,  754,  456,  505,  711,  787,  469,  528,  462,  437,  757,  282,  366,   58,  796,  588,  293,  559,  898,  803,  445,  513,  800,  281,  274,  160,  819,  239,  693,  486,  465,  427,  319,  139,  623,  728,  693,  686,  821,  162,  245,  186,  428,  158,  680,  469,  533,  369,  406,  569,  439,  737,  576,  689,  491,  602,  396,  430,  736,  474,  391,  636,  229,  719,  442,  839,  331,  176,  307],
        [  785,    0,  284,  252,  421,  514,  498,  135,  550,  727,  447,  412,  113,  980,  706,  580,  188,  771,  233,  125,  865,  751,  274,  401,  148,  599,  805,  713,  619,  251,    0,  589,  640,  218,  383,  144,  513,  512,  533,  726,  406,  701,  210,  474,  185,  511,  860,  694,  351,  715,  801,  271,  565,  366,  590,  898,  493,  263,  266,  821,  776,  295,  517, 1041,  736,  424,  761,  962,  528,  152,  180,  980,  389,  861,  650,  220,  666,   97,  199,  836,  689,  669,  815,  991,  101,  491,  264,  625,  399,  689,  241,  499,  615,  652,  655,  500,  799,  773,  854,  645,  824,  561,  486,  928,  719,  555,  847,  379,  612,  230, 1018,  131,  421,  102],
        [  289,    0,  853,  516,  426,  187,  356,  658,  170,  749,  318,  225,  595,  456,  278,   10,  408,  541,  631,  649,  288,  229,  627,  315,  722,  215,  292,  555,  306,  520,  589,    0,  621,  661,  293,  719,  113,  672,  233,  197,  406,  265,  681,  681,  769,  419,  278,  528,  459,  230,  286,  542,   73,  347,  206,  351,  735,  382,  576,  286,  370,  295,  245,  483,  418,  217,  657,  443,  626,  449,  428,  456,  291,  372,  243,  763,  514,  556,  425,  491,  314,  263,  262,  484,  516,  500,  352,  333,  466,  201,  611,  223,  689,  564,   73,   89,  219,  395,  361,  216,  518,  235,  103,  488,  591,  235,  489,  299,  443,  563,  528,  719,  483,  534],
        [  536,    0,  889,  389,  862,  736,  861,  574,  746,  129,  798,  677,  739,  670,  442,  615,  611,  236,  850,  574,  713,  845,  407,  357,  769,  422,  907,  150,  888,  390,  640,  621,    0,  848,  395,  765,  516,  194,  388,  814,  837,  881,  847,  244,  716,  914,  729,  158,  836,  850,  901,  832,  670,  758,  428,  663,  282,  691,  387,  893,  426,  571,  786,  776, 1016,  681,  131,  652,  136,  634,  512,  670,  392,  555,  427,  853,  146,  702,  484,  376,  919,  872,  631,  651,  548,  162,  474,  316,  253,  821,  847,  757,  105,   77,  626,  583,  788,  394,  557,  451,  331,  389,  584,  525,  123,  388,  394,  392,  985,  813,  644,  712,  227,  687],
        [  907,    0,  237,  462,  340,  529,  442,  337,  566,  941,  415,  444,  110, 1097,  842,  653,  281,  955,   44,  329,  949,  766,  491,  566,  174,  733,  810,  906,  584,  462,  218,  661,  848,    0,  538,  174,  617,  728,  676,  748,  338,  691,   30,  691,  293,  428,  938,  885,  264,  721,  807,  148,  616,  343,  724, 1003,  710,  280,  483,  834,  923,  388,  507, 1141,  674,  454,  964, 1081,  742,  242,  348, 1097,  544,  988,  786,  138,  857,  148,  374, 1002,  658,  654,  914, 1115,  301,  693,  416,  786,  600,  701,   68,  501,  830,  852,  733,  579,  846,  928,  980,  775,  997,  703,  565, 1073,  917,  698, 1010,  536,  525,  107, 1150,  237,  624,  166],
        [  409,    0,  667,  231,  472,  353,  467,  406,  369,  519,  403,  284,  440,  603,  324,  284,  260,  428,  525,  399,  518,  515,  340,   38,  531,  219,  579,  396,  505,  235,  383,  293,  395,  538,    0,  526,  183,  393,  151,  483,  446,  521,  547,  395,  540,  520,  520,  371,  455,  504,  573,  476,  315,  367,  213,  531,  447,  315,  288,  577,  394,  184,  398,  673,  636,  288,  477,  585,  358,  297,  204,  603,    6,  481,  269,  596,  345,  397,  185,  464,  546,  504,  455,  611,  287,  242,  124,  249,  182,  473,  515,  368,  435,  364,  336,  222,  507,  393,  475,  268,  461,  179,  217,  546,  418,  173,  472,    6,  591,  472,  636,  503,  204,  376],
        [  927,    0,  141,  380,  481,  623,  574,  201,  660,  841,  533,  525,  140, 1121,  849,  710,  312,  909,  211,  197, 1000,  864,  372,  544,    5,  741,  914,  847,  708,  378,  144,  719,  765,  174,  526,    0,  650,  618,  676,  841,  473,  803,  150,  574,  120,  573,  994,  830,  405,  824,  910,  297,  688,  453,  733, 1038,  583,  362,  379,  933,  919,  425,  616, 1180,  813,  536,  889, 1104,  644,  271,  323, 1121,  532, 1003,  793,   92,  802,  169,  342,  978,  780,  768,  953, 1133,  243,  622,  406,  768,  533,  799,  231,  603,  728,  783,  787,  631,  924,  917,  996,  788,  965,  703,  617, 1071,  851,  698,  989,  523,  673,  249, 1161,   69,  553,  189],
        [  291,    0,  788,  410,  439,  237,  394,  566,  237,  645,  341,  223,  538,  481,  242,  106,  344,  464,  592,  558,  354,  341,  520,  202,  654,  145,  405,  465,  381,  414,  513,  113,  516,  617,  183,  650,    0,  559,  134,  309,  416,  365,  633,  569,  688,  456,  351,  438,  453,  338,  398,  516,  155,  344,  134,  389,  622,  346,  469,  399,  333,  231,  294,  531,  505,  220,  563,  465,  515,  387,  341,  481,  180,  374,  191,  704,  421,  496,  333,  441,  405,  357,  304,  500,  430,  389,  259,  252,  354,  307,  576,  267,  580,  464,  155,   75,  324,  350,  365,  171,  458,  146,   82,  472,  499,  144,  443,  189,  501,  528,  536,  642,  370,  473],
        [  665,    0,  730,  275,  814,  743,  837,  419,  761,  227,  772,  663,  620,  824,  565,  664,  535,  420,  738,  422,  828,  900,  247,  363,  622,  511,  964,  335,  894,  274,  512,  672,  194,  728,  393,  618,  559,    0,  455,  868,  790,  913,  721,   52,  551,  881,  839,  335,  772,  893,  957,  743,  705,  716,  513,  798,   91,  630,  246,  957,  574,  532,  784,  923, 1026,  670,  320,  805,   66,  547,  428,  824,  393,  701,  534,  709,  314,  590,  402,  551,  939,  897,  750,  811,  433,  181,  422,  433,  211,  862,  741,  755,  116,  254,  697,  612,  869,  548,  701,  552,  511,  468,  608,  695,  314,  465,  568,  388,  965,  715,  812,  558,  191,  580],
        [  261,    0,  816,  367,  552,  369,  519,  554,  371,  516,  463,  339,  583,  453,  174,  228,  395,  334,  659,  548,  388,  459,  469,  143,  680,   71,  521,  331,  515,  371,  533,  233,  388,  676,  151,  676,  134,  455,    0,  427,  527,  496,  688,  473,  690,  580,  394,  304,  554,  463,  515,  597,  287,  451,   66,  387,  528,  427,  419,  510,  248,  297,  425,  528,  639,  338,  430,  435,  403,  435,  354,  453,  145,  330,  119,  743,  287,  540,  336,  334,  538,  489,  317,  460,  438,  276,  271,  125,  266,  434,  646,  397,  459,  332,  245,  207,  415,  253,  325,  120,  342,   28,  213,  399,  365,   23,  339,  155,  631,  600,  486,  654,  276,  518],
        [  398,    0,  965,  696,  444,  220,  344,  815,  183,  942,  342,  316,  706,  507,  430,  204,  539,  712,  711,  805,  294,   32,  807,  508,  844,  397,   96,  738,  223,  700,  726,  197,  814,  748,  483,  841,  309,  868,  427,    0,  433,  117,  772,  876,  910,  397,  270,  711,  503,   60,   90,  609,  173,  406,  390,  395,  929,  481,  757,   98,  511,  438,  246,  489,  282,  305,  841,  500,  823,  576,  587,  507,  482,  466,  411,  868,  700,  672,  590,  637,  184,  142,  322,  545,  669,  696,  522,  515,  661,   56,  688,  247,  885,  754,  194,  263,  125,  543,  455,  384,  674,  426,  271,  594,  776,  426,  631,  489,  372,  642,  596,  854,  678,  652],
        [  690,    0,  572,  528,   26,  229,  105,  534,  262,  956,   93,  193,  335,  861,  656,  401,  265,  858,  296,  523,  679,  446,  615,  484,  475,  559,  481,  838,  247,  530,  406,  406,  837,  338,  446,  473,  416,  790,  527,  433,    0,  359,  366,  772,  572,  106,  663,  812,   75,  396,  479,  190,  341,   80,  548,  754,  811,  165,  579,  510,  748,  267,  188,  880,  341,  198,  922,  848,  775,  273,  371,  861,  450,  774,  606,  471,  788,  319,  392,  855,  321,  322,  666,  889,  407,  678,  371,  652,  596,  381,  272,  194,  860,  810,  475,  350,  545,  764,  763,  586,  868,  548,  338,  883,  862,  544,  857,  448,  207,  233,  932,  510,  622,  306],
        [  506,    0,  918,  713,  365,  191,  260,  805,  161, 1010,  276,  294,  664,  623,  527,  270,  518,  803,  651,  795,  410,  109,  822,  551,  805,  479,  125,  820,  121,  717,  701,  265,  881,  691,  521,  803,  365,  913,  496,  117,  359,    0,  717,  915,  884,  302,  386,  793,  433,   58,  124,  545,  212,  352,  470,  511,  965,  443,  774,  158,  613,  433,  188,  604,  167,  283,  921,  616,  874,  549,  585,  623,  520,  578,  502,  818,  779,  636,  593,  739,   68,   38,  436,  661,  659,  750,  532,  597,  702,   72,  627,  202,  943,  827,  288,  303,  239,  644,  567,  474,  772,  499,  305,  705,  856,  499,  734,  526,  263,  584,  711,  825,  723,  617],
        [  922,    0,  208,  459,  368,  553,  470,  323,  590,  937,  442,  466,  110, 1114,  855,  673,  294,  960,   72,  316,  969,  791,  482,  574,  149,  746,  835,  909,  611,  458,  210,  681,  847,   30,  547,  150,  633,  721,  688,  772,  366,  717,    0,  683,  269,  457,  959,  889,  292,  747,  833,  177,  637,  368,  737, 1020,  700,  301,  476,  860,  935,  403,  533, 1159,  702,  477,  964, 1097,  737,  253,  353, 1114,  553, 1003,  799,  108,  861,  152,  378, 1011,  685,  680,  932, 1131,  300,  693,  424,  795,  600,  726,   97,  526,  825,  853,  753,  598,  869,  938,  995,  789, 1005,  715,  583, 1086,  919,  710, 1019,  545,  553,  134, 1164,  215,  623,  172],
        [  695,    0,  683,  248,  795,  740,  824,  374,  760,  276,  759,  655,  584,  859,  595,  673,  513,  466,  703,  378,  853,  907,  203,  368,  578,  533,  971,  382,  889,  246,  474,  681,  244,  691,  395,  574,  569,   52,  473,  876,  772,  915,  683,    0,  503,  866,  863,  380,  750,  898,  965,  714,  710,  700,  533,  828,   56,  609,  211,  967,  610,  520,  778,  956, 1021,  663,  371,  840,  111,  520,  404,  859,  396,  735,  559,  666,  357,  556,  381,  594,  937,  896,  775,  848,  401,  207,  408,  463,  216,  867,  707,  749,  166,  301,  712,  617,  884,  585,  735,  576,  556,  488,  612,  735,  363,  484,  611,  390,  953,  684,  851,  513,  200,  547],
        [  949,    0,  182,  351,  584,  698,  670,  147,  734,  777,  624,  596,  240, 1143,  863,  760,  372,  884,  329,  150, 1041,  935,  310,  551,  121,  759,  989,  815,  798,  348,  185,  769,  716,  293,  540,  120,  688,  551,  690,  910,  572,  884,  269,  503,    0,  676, 1038,  802,  509,  899,  985,  408,  748,  543,  752, 1067,  503,  443,  332, 1005,  925,  478,  698, 1210,  909,  608,  844, 1124,  587,  336,  347, 1143,  546, 1020,  809,  194,  773,  255,  359,  970,  868,  851,  987, 1150,  258,  588,  431,  768,  506,  873,  348,  682,  665,  745,  834,  681,  982,  917, 1014,  807,  950,  718,  667, 1076,  814,  712,  982,  536,  777,  360, 1173,   63,  522,  271],
        [  707,    0,  664,  625,   92,  232,   64,  639,  254, 1037,  119,  243,  437,  865,  688,  417,  367,  914,  385,  629,  669,  403,  716,  558,  575,  600,  426,  902,  182,  628,  511,  419,  914,  428,  520,  573,  456,  881,  580,  397,  106,  302,  457,  866,  676,    0,  650,  875,  169,  350,  425,  281,  348,  167,  589,  755,  907,  267,  678,  460,  781,  351,  176,  871,  247,  242,  992,  854,  862,  378,  469,  865,  523,  790,  643,  564,  853,  423,  489,  895,  251,  266,  669,  897,  511,  758,  460,  703,  682,  342,  361,  197,  946,  882,  482,  384,  518,  802,  779,  620,  914,  597,  374,  906,  930,  594,  895,  523,  102,  328,  943,  613,  707,  411],
        [  203,    0, 1130,  750,  679,  434,  591,  916,  402,  846,  570,  498,  873,  241,  287,  286,  683,  561,  907,  909,   27,  282,  857,  527,  998,  331,  309,  614,  489,  754,  860,  278,  729,  938,  520,  994,  351,  839,  394,  270,  663,  386,  959,  863, 1038,  650,    0,  591,  724,  329,  304,  815,  327,  615,  331,  134,  918,  659,  806,  272,  331,  569,  480,  222,  549,  488,  714,  237,  782,  725,  691,  241,  516,  236,  307, 1040,  591,  833,  683,  447,  454,  411,  101,  282,  780,  659,  610,  415,  660,  322,  887,  469,  820,  656,  207,  364,  151,  368,  226,  288,  494,  376,  379,  358,  654,  380,  434,  526,  639,  839,  334,  990,  668,  810],
        [  392,    0,  964,  454,  837,  673,  817,  655,  674,  259,  757,  633,  779,  514,  306,  524,  622,   88,  879,  653,  572,  741,  504,  335,  835,  315,  801,   28,  819,  456,  694,  528,  158,  885,  371,  830,  438,  335,  304,  711,  812,  793,  889,  380,  802,  875,  591,    0,  825,  755,  794,  843,  588,  733,  323,  514,  426,  685,  471,  782,  274,  554,  728,  621,  941,  634,  130,  496,  271,  653,  538,  514,  366,  401,  304,  914,   29,  738,  512,  219,  839,  790,  491,  493,  595,  215,  479,  197,  299,  727,  872,  699,  263,   84,  518,  511,  668,  240,  405,  331,  177,  295,  516,  368,   66,  296,  237,  370,  933,  833,  487,  787,  281,  720],
        [  736,    0,  499,  503,   78,  293,  179,  483,  327,  951,  162,  237,  270,  914,  694,  453,  238,  877,  222,  473,  739,  518,  580,  492,  406,  593,  555,  850,  322,  505,  351,  459,  836,  264,  455,  405,  453,  772,  554,  503,   75,  433,  292,  750,  509,  169,  724,  825,    0,  469,  553,  116,  399,  113,  582,  810,  785,  146,  549,  583,  785,  271,  257,  939,  412,  244,  930,  900,  763,  235,  346,  914,  460,  821,  642,  398,  800,  259,  370,  886,  396,  396,  721,  940,  367,  675,  363,  678,  589,  452,  198,  259,  851,  816,  530,  394,  612,  799,  811,  624,  895,  577,  381,  925,  872,  573,  890,  456,  269,  161,  981,  447,  615,  250],
        [  454,    0,  943,  707,  405,  202,  302,  812,  166,  979,  308,  304,  687,  566,  481,  236,  529,  760,  682,  802,  353,   54,  817,  531,  827,  440,   91,  782,  171,  711,  715,  230,  850,  721,  504,  824,  338,  893,  463,   60,  396,   58,  747,  898,  899,  350,  329,  755,  469,    0,   87,  578,  189,  379,  432,  454,  950,  462,  768,  114,  564,  437,  214,  546,  223,  293,  884,  559,  851,  564,  588,  566,  503,  524,  459,  845,  742,  656,  593,  691,  126,   87,  381,  604,  666,  726,  528,  558,  684,   32,  659,  222,  917,  793,  242,  282,  181,  596,  513,  431,  725,  464,  287,  651,  819,  465,  684,  509,  318,  615,  655,  842,  703,  636],
        [  462,    0, 1030,  783,  487,  288,  382,  896,  252, 1029,  393,  389,  774,  544,  505,  294,  615,  791,  768,  886,  330,   58,  894,  598,  913,  482,    7,  821,  244,  787,  801,  286,  901,  807,  573,  910,  398,  957,  515,   90,  479,  124,  833,  965,  985,  425,  304,  794,  553,   87,    0,  663,  260,  465,  475,  436, 1018,  549,  844,   38,  582,  519,  300,  509,  256,  378,  924,  541,  912,  650,  670,  544,  571,  522,  492,  931,  785,  742,  674,  707,  182,  161,  376,  586,  750,  786,  607,  598,  750,  113,  744,  309,  973,  840,  277,  352,  156,  616,  511,  465,  747,  512,  359,  650,  859,  513,  699,  578,  380,  700,  638,  928,  768,  722],
        [  806,    0,  384,  469,  192,  392,  294,  405,  429,  939,  271,  318,  171,  991,  752,  535,  223,  904,  107,  396,  828,  625,  528,  510,  298,  646,  666,  866,  437,  469,  271,  542,  832,  148,  476,  297,  516,  743,  597,  609,  190,  545,  177,  714,  408,  281,  815,  843,  116,  578,  663,    0,  489,  204,  635,  890,  743,  172,  505,  692,  839,  301,  365, 1024,  526,  327,  937,  976,  743,  200,  322,  991,  482,  889,  697,  283,  816,  174,  349,  930,  510,  508,  801, 1013,  315,  671,  365,  716,  580,  559,   82,  362,  832,  822,  614,  467,  713,  848,  880,  683,  933,  623,  452,  985,  883,  618,  936,  476,  380,   49, 1051,  346,  606,  174],
        [  360,    0,  818,  524,  360,  117,  286,  647,   98,  799,  251,  172,  559,  522,  349,   72,  379,  606,  583,  637,  341,  203,  635,  343,  691,  280,  266,  615,  236,  528,  565,   73,  670,  616,  315,  688,  155,  705,  287,  173,  341,  212,  637,  710,  748,  348,  327,  588,  399,  189,  260,  489,    0,  289,  270,  414,  762,  338,  585,  270,  442,  272,  173,  541,  354,  162,  715,  510,  664,  418,  417,  522,  314,  442,  312,  725,  572,  521,  419,  562,  252,  203,  326,  551,  501,  540,  350,  396,  496,  158,  562,  153,  732,  618,  136,   94,  236,  466,  431,  286,  588,  294,  100,  560,  650,  293,  560,  321,  371,  514,  596,  695,  515,  500],
        [  625,    0,  567,  459,  105,  189,  135,  486,  225,  878,   82,  125,  315,  802,  585,  341,  204,  780,  305,  476,  629,  424,  551,  405,  456,  485,  468,  759,  256,  462,  366,  347,  758,  343,  367,  453,  344,  716,  451,  406,   80,  352,  368,  700,  543,  167,  615,  733,  113,  379,  465,  204,  289,    0,  474,  698,  741,  106,  513,  492,  676,  189,  166,  828,  370,  132,  843,  788,  699,  221,  303,  802,  371,  709,  534,  467,  709,  289,  323,  780,  328,  316,  609,  828,  351,  600,  296,  576,  520,  358,  283,  159,  784,  731,  419,  283,  509,  691,  699,  515,  792,  473,  269,  814,  783,  469,  783,  369,  260,  237,  869,  482,  545,  273],
