{
    "name": "random-85-7192",
    "comment": "size=85 seed=7192",
    "nodes": ["+0", "-0", "+1", "-1", "+2", "-2", "+3", "-3", "+4", "-4", "+5", "-5", "+6", "-6", "+7", "-7", "+8", "-8", "+9", "-9", "+10", "-10", "+11", "-11", "+12", "-12", "+13", "-13", "+14", "-14", "+15", "-15", "+16", "-16", "+17", "-17", "+18", "-18", "+19", "-19", "+20", "-20", "+21", "-21", "+22", "-22", "+23", "-23", "+24", "-24", "+25", "-25", "+26", "-26", "+27", "-27", "+28", "-28", "+29", "-29", "+30", "-30", "+31", "-31", "+32", "-32", "+33", "-33", "+34", "-34", "+35", "-35", "+36", "-36", "+37", "-37", "+38", "-38", "+39", "-39", "+40", "-40", "+41", "-41", "+42", "-42", "+43", "-43", "+44", "-44", "+45", "-45", "+46", "-46", "+47", "-47", "+48", "-48", "+49", "-49", "+50", "-50", "+51", "-51", "+52", "-52", "+53", "-53", "+54", "-54", "+55", "-55", "+56", "-56", "+57", "-57", "+58", "-58", "+59", "-59", "+60", "-60", "+61", "-61", "+62", "-62", "+63", "-63", "+64", "-64", "+65", "-65", "+66", "-66", "+67", "-67", "+68", "-68", "+69", "-69", "+70", "-70", "+71", "-71", "+72", "-72", "+73", "-73", "+74", "-74", "+75", "-75", "+76", "-76", "+77", "-77", "+78", "-78", "+79", "-79", "+80", "-80", "+81", "-81", "+82", "-82", "+83", "-83", "+84", "-84", "+85", "-85"],
    "precedence": {
        "+0": "-0",
        "+1": "-1",
        "+2": "-2",
        "+3": "-3",
        "+4": "-4",
        "+5": "-5",
        "+6": "-6",
        "+7": "-7",
        "+8": "-8",
        "+9": "-9",
        "+10": "-10",
        "+11": "-11",
        "+12": "-12",
        "+13": "-13",
        "+14": "-14",
        "+15": "-15",
        "+16": "-16",
        "+17": "-17",
        "+18": "-18",
        "+19": "-19",
        "+20": "-20",
        "+21": "-21",
        "+22": "-22",
        "+23": "-23",
        "+24": "-24",
        "+25": "-25",
        "+26": "-26",
        "+27": "-27",
        "+28": "-28",
        "+29": "-29",
        "+30": "-30",
        "+31": "-31",
        "+32": "-32",
        "+33": "-33",
        "+34": "-34",
        "+35": "-35",
        "+36": "-36",
        "+37": "-37",
        "+38": "-38",
        "+39": "-39",
        "+40": "-40",
        "+41": "-41",
        "+42": "-42",
        "+43": "-43",
        "+44": "-44",
        "+45": "-45",
        "+46": "-46",
        "+47": "-47",
        "+48": "-48",
        "+49": "-49",
        "+50": "-50",
        "+51": "-51",
        "+52": "-52",
        "+53": "-53",
        "+54": "-54",
        "+55": "-55",
        "+56": "-56",
        "+57": "-57",
        "+58": "-58",
        "+59": "-59",
        "+60": "-60",
        "+61": "-61",
        "+62": "-62",
        "+63": "-63",
        "+64": "-64",
        "+65": "-65",
        "+66": "-66",
        "+67": "-67",
        "+68": "-68",
        "+69": "-69",
        "+70": "-70",
        "+71": "-71",
        "+72": "-72",
        "+73": "-73",
        "+74": "-74",
        "+75": "-75",
        "+76": "-76",
        "+77": "-77",
        "+78": "-78",
        "+79": "-79",
        "+80": "-80",
        "+81": "-81",
        "+82": "-82",
        "+83": "-83",
        "+84": "-84",
        "+85": "-85"
    },
    "edges": [
        [    0,    0,  109,  254,  408, 1080,  147, 1068,  686,  486,  181, 1097,  430,  826,  750,  428,  541,  131,  256,  224,  552,  683,  441,  974,  673,  186,  724,  898,  500,  936,  728,  919,  628,  762,  534,  706,  912,  524,  265,  318,  790,  946,  614,  578,  141,  987,  480,  425,  869,  816, 1018,  800,  601,  205, 1138,  912,  222,  116,   96,  852,  164,  789,  177,  270,  558,  537,  763,  461,  967,  425,  905,  618,  855,  608,  812,  360, 1065,  671, 1137,  275,  356,  820,  282,  290,  356,  692,  722,  531,  514,  307,  944,  356,  527,  863,  932,  677,  612,  159,  814,  457,  457, 1187,   30,  740,  677,  969,  663,  736,  329, 1007,  601,  897,  849,  824,  638,  778,  467,  664,  682,  867,  745,  160,  455,  898,  943,  502,  787,  880,  483,  240,  905,  530,  219,  663,  119,  611,  205,  516,  784, 1170,  127, 1029,  934,  628,  875,  677,  770,  519,  523,  835,  384,  630,  210,  810,  457,  383,  671,  304,  519,  446,  171,  623,  728,  811,  759, 1025,  190,  297,  355,  724,  445,  917],
        [    0,    0,    0,    0,    0,    0,    0,    0,    0,    0,    0,    0,    0,    0,    0,    0,    0,    0,    0,    0,    0,    0,    0,    0,    0,    0,    0,    0,    0,    0,    0,    0,    0,    0,    0,    0,    0,    0,    0,    0,    0,    0,    0,    0,    0,    0,    0,    0,    0,    0,    0,    0,    0,    0,    0,    0,    0,    0,    0,    0,    0,    0,    0,    0,    0,    0,    0,    0,    0,    0,    0,    0,    0,    0,    0,    0,    0,    0,    0,    0,    0,    0,    0,    0,    0,    0,    0,    0,    0,    0,    0,    0,    0,    0,    0,    0,    0,    0,    0,    0,    0,    0,    0,    0,    0,    0,    0,    0,    0,    0,    0,    0,    0,    0,    0,    0,    0,    0,    0,    0,    0,    0,    0,    0,    0,    0,    0,    0,    0,    0,    0,    0,    0,    0,    0,    0,    0,    0,    0,    0,    0,    0,    0,    0,    0,    0,    0,    0,    0,    0,    0,    0,    0,    0,    0,    0,    0,    0,    0,    0,    0,    0,    0,    0,    0,    0,    0,    0,    0,    0,    0,    0],
        [  109,    0,    0,  161,  319, 1108,  255, 1095,  713,  414,   73, 1132,  425,  870,  811,  498,  531,  235,  161,  152,  610,  786,  541,  994,  724,   89,  793,  878,  602,  881,  722,  927,  615,  764,  626,  738,  917,  592,  157,  305,  853,  895,  631,  679,   67, 1005,  580,  529,  928,  883, 1059,  796,  539,  116, 1169,  866,  123,  220,  154,  888,  146,  848,  100,  275,  555,  605,  798,  420,  991,  439,  966,  562,  901,  672,  848,  332, 1091,  748, 1174,  247,  398,  808,  203,  386,  291,  635,  760,  528,  589,  356,  923,  380,  580,  911,  983,  779,  543,   55,  847,  409,  560, 1219,  129,  815,  762,  980,  612,  820,  234, 1013,  671,  932,  854,  897,  602,  848,  571,  767,  618,  919,  740,   74,  550,  899,  995,  501,  770,  886,  413,  158,  877,  494,  154,  626,  224,  706,  290,  550,  863, 1202,  168, 1066,  981,  728,  908,  778,  781,  614,  459,  877,  429,  705,  139,  769,  531,  305,  772,  378,  498,  467,   82,  636,  813,  788,  762, 1037,  295,  214,  342,  744,  403,  905],
        [  254,    0,  161,    0,  159, 1059,  390, 1044,  672,  262,  121, 1092,  359,  852,  821,  540,  450,  359,    7,  241,  624,  888,  638,  937,  722,  167,  817,  769,  703,  736,  636,  852,  523,  688,  699,  704,  839,  623,  111,  247,  866,  753,  581,  775,  198,  943,  677,  639,  931,  901, 1031,  709,  394,   49, 1123,  729,   43,  346,  245,  856,  158,  854,  208,  251,  479,  635,  767,  304,  938,  398,  973,  421,  885,  691,  818,  246, 1041,  789, 1138,  181,  405,  711,   59,  479,  155,  492,  735,  455,  634,  380,  812,  362,  587,  898,  971,  876,  391,  148,  812,  284,  664, 1176,  263,  852,  818,  910,  474,  874,   76,  936,  703,  897,  779,  928,  481,  874,  679,  866,  469,  912,  654,  185,  635,  817,  984,  432,  669,  810,  263,  227,  760,  379,   76,  503,  349,  786,  375,  530,  904, 1159,  235, 1033,  963,  817,  871,  873,  715,  696,  313,  856,  435,  743,   69,  639,  576,  151,  866,  436,  403,  434,  184,  580,  867,  677,  686,  967,  417,   61,  275,  691,  287,  805],
        [  408,    0,  319,  159,    0, 1030,  536, 1014,  664,  130,  273, 1072,  355,  859,  858,  617,  413,  501,  159,  380,  673, 1002,  753,  901,  750,  314,  867,  678,  819,  598,  580,  800,  467,  639,  795,  703,  784,  687,  227,  280,  903,  619,  570,  886,  352,  902,  791,  764,  958,  943, 1024,  649,  263,  205, 1096,  602,  199,  490,  382,  850,  280,  886,  356,  315,  447,  698,  765,  240,  907,  415, 1002,  298,  894,  741,  816,  245, 1010,  854, 1120,  233,  466,  637,  129,  598,  117,  362,  740,  428,  709,  458,  718,  407,  632,  910,  982,  986,  249,  303,  804,  210,  783, 1151,  413,  912,  896,  861,  354,  948,   91,  878,  764,  887,  728,  979,  387,  924,  801,  978,  330,  929,  597,  337,  742,  757,  996,  413,  591,  758,  136,  360,  659,  304,  196,  404,  493,  884,  495,  553,  966, 1134,  362, 1020,  968,  922,  859,  981,  678,  798,  188,  860,  492,  808,  201,  524,  654,   60,  973,  534,  354,  455,  334,  562,  942,  587,  638,  916,  555,  112,  290,  671,  228,  724],
        [ 1080,    0, 1108, 1059, 1030,    0, 1051,   19,  396,  925, 1138,   74,  701,  291,  442,  707,  619, 1017, 1066, 1257,  570,  946,  888,  133,  445, 1183,  513,  487,  908,  797,  462,  259,  568,  397,  776,  375,  281,  628, 1168,  817,  437,  762,  480,  889, 1174,  142,  888,  952,  365,  457,  146,  407,  845, 1054,   68,  711, 1085, 1024,  984,  238,  964,  408, 1207,  835,  586,  619,  320,  790,  123,  671,  378,  808,  282,  547,  277,  815,   22,  603,  118,  883,  726,  447, 1007,  899,  931,  800,  365,  608,  672,  776,  488,  729,  576,  290,  266,  914,  892, 1147,  269,  821,  923,  123, 1054,  566,  674,  202,  767,  659, 1068,  230,  590,  192,  318,  521,  682,  505,  942,  922,  851,  314,  446, 1179,  836,  316,  271,  628,  493,  295,  916, 1256,  546,  732,  996,  680, 1023,  802,  911,  565,  583,  106,  956,  112,  234,  856,  209,  898,  352,  817,  876,  276,  698,  604, 1012,  667,  701,  976,  891,  813,  676,  642, 1185,  480,  660,  533,  397,  171, 1002, 1016,  785,  368,  802,  418],
        [  147,    0,  255,  390,  536, 1051,    0, 1041,  669,  595,  327, 1058,  470,  778,  679,  356,  578,   44,  393,  356,  492,  543,  310,  957,  620,  330,  642,  938,  363, 1018,  752,  922,  666,  775,  418,  679,  918,  450,  411,  380,  715, 1024,  612,  442,  281,  974,  347,  285,  799,  735,  972,  820,  697,  341, 1104,  983,  363,   49,  159,  816,  263,  720,  314,  321,  588,  462,  731,  540,  946,  442,  830,  708,  803,  538,  776,  432, 1038,  576, 1094,  360,  340,  850,  408,  179,  465,  780,  687,  562,  427,  287,  984,  368,  478,  808,  874,  539,  715,  304,  783,  544,  320, 1149,  129,  646,  569,  965,  746,  627,  465, 1009,  519,  861,  856,  732,  704,  691,  328,  526,  778,  806,  768,  301,  333,  910,  883,  533,  824,  886,  591,  376,  953,  600,  341,  730,   47,  486,  142,  496,  685, 1133,  188,  986,  880,  496,  843,  540,  772,  396,  624,  789,  361,  540,  335,  877,  376,  502,  535,  239,  572,  451,  312,  626,  620,  856,  772, 1019,   60,  424,  412,  716,  525,  946],
        [ 1068,    0, 1095, 1044, 1014,   19, 1041,    0,  383,  908, 1124,   91,  686,  287,  440,  699,  603, 1006, 1051, 1244,  563,  946,  883,  115,  438, 1169,  511,  469,  904,  779,  444,  241,  551,  380,  772,  364,  263,  621, 1154,  802,  437,  744,  466,  887, 1161,  124,  884,  947,  367,  458,  154,  389,  828, 1040,   86,  693, 1070, 1013,  973,  230,  951,  407, 1194,  821,  570,  613,  311,  774,  107,  658,  382,  790,  280,  541,  268,  800,    4,  601,  135,  869,  714,  429,  992,  890,  915,  783,  356,  592,  666,  765,  470,  717,  567,  289,  270,  913,  874, 1134,  259,  805,  918,  140, 1042,  566,  673,  184,  750,  660, 1052,  213,  586,  186,  300,  523,  665,  506,  937,  921,  833,  315,  429, 1166,  831,  298,  275,  613,  475,  277,  899, 1243,  528,  715,  982,  662, 1013,  800,  901,  553,  585,  124,  944,  119,  237,  854,  200,  897,  336,  813,  859,  272,  687,  600,  998,  648,  694,  960,  891,  803,  660,  629, 1172,  465,  661,  515,  380,  154,  992, 1001,  771,  354,  786,  400],
        [  686,    0,  713,  672,  664,  396,  669,  383,    0,  578,  744,  422,  316,  203,  272,  354,  260,  632,  678,  862,  238,  710,  569,  289,  173,  788,  326,  389,  609,  643,  211,  266,  252,  175,  488,   46,  268,  305,  779,  426,  310,  622,   95,  619,  779,  305,  582,  628,  327,  354,  361,  232,  537,  663,  457,  565,  694,  638,  591,  187,  569,  279,  812,  440,  225,  302,  103,  432,  281,  277,  372,  507,  238,  260,  152,  432,  380,  381,  467,  493,  335,  290,  623,  535,  556,  530,   92,  239,  358,  387,  426,  334,  221,  256,  325,  680,  585,  752,  141,  464,  609,  508,  661,  394,  459,  299,  487,  480,  689,  349,  314,  226,  215,  417,  389,  366,  631,  682,  573,  283,  212,  784,  520,  273,  340,  251,  302,  238,  569,  862,  437,  392,  605,  401,  638,  549,  528,  174,  443,  491,  562,  362,  307,  608,  200,  666,  131,  524,  541,  200,  310,  353,  620,  471,  361,  606,  658,  437,  322,  246,  790,  107,  477,  358,  170,  351,  625,  634,  397,   59,  440,  357],
        [  486,    0,  414,  262,  130,  925,  595,  908,  578,    0,  383,  972,  292,  779,  799,  599,  319,  556,  265,  499,  629, 1009,  767,  794,  687,  428,  818,  551,  832,  475,  467,  686,  358,  530,  788,  621,  669,  655,  350,  262,  844,  494,  485,  892,  459,  793,  803,  788,  889,  886,  931,  533,  135,  299,  992,  474,  305,  547,  437,  761,  333,  822,  469,  316,  355,  665,  681,  149,  803,  363,  934,  168,  815,  696,  729,  210,  904,  818, 1021,  245,  445,  516,  212,  621,  131,  234,  661,  341,  685,  451,  590,  377,  586,  832,  902,  990,  130,  410,  714,  118,  801, 1047,  484,  869,  869,  748,  224,  918,  212,  760,  726,  794,  616,  929,  262,  873,  821,  983,  208,  854,  484,  447,  747,  640,  917,  333,  469,  644,   11,  481,  530,  194,  268,  277,  550,  877,  525,  495,  924, 1030,  410,  925,  885,  921,  766,  983,  574,  798,   59,  778,  465,  773,  279,  394,  636,  112,  975,  539,  257,  401,  445,  473,  912,  461,  529,  802,  602,  203,  255,  576,  146,  600],
        [  181,    0,   73,  121,  273, 1138,  327, 1124,  744,  383,    0, 1166,  443,  912,  861,  556,  544,  307,  118,  127,  661,  857,  611, 1020,  770,   49,  848,  878,  672,  856,  734,  945,  623,  781,  692,  773,  934,  648,   85,  324,  904,  873,  659,  749,   80, 1029,  650,  601,  977,  936, 1097,  808,  514,   93, 1200,  847,   79,  292,  219,  924,  180,  897,   88,  306,  570,  660,  834,  414, 1019,  468, 1016,  540,  943,  724,  885,  339, 1121,  807, 1209,  259,  444,  815,  175,  455,  271,  612,  798,  544,  649,  407,  922,  416,  628,  954, 1027,  850,  511,   31,  882,  397,  631, 1252,  201,  874,  825, 1000,  593,  883,  183, 1030,  727,  967,  872,  954,  594,  904,  643,  838,  590,  964,  752,   65,  619,  914, 1039,  519,  774,  903,  383,  120,  873,  489,  149,  617,  295,  774,  356,  589,  922, 1235,  225, 1102, 1022,  797,  942,  848,  803,  682,  433,  917,  475,  763,  132,  756,  590,  271,  842,  439,  504,  500,   64,  661,  876,  787,  779, 1057,  367,  181,  358,  771,  397,  910],
        [ 1097,    0, 1132, 1092, 1072,   74, 1058,   91,  422,  972, 1166,    0,  735,  283,  420,  708,  660, 1026, 1099, 1282,  570,  915,  876,  192,  442, 1209,  487,  555,  891,  866,  515,  324,  616,  449,  758,  395,  346,  623, 1200,  847,  408,  832,  512,  866, 1198,  209,  873,  940,  329,  422,  102,  465,  899, 1084,   57,  780, 1116, 1034, 1002,  246,  989,  383, 1231,  860,  626,  613,  335,  833,  175,  699,  334,  863,  265,  538,  286,  850,   93,  578,   50,  914,  742,  510, 1042,  899,  970,  859,  376,  646,  663,  791,  558,  752,  581,  268,  228,  883,  946, 1173,  285,  865,  908,   91, 1070,  535,  646,  270,  824,  625, 1106,  302,  577,  201,  376,  481,  736,  473,  927,  892,  909,  286,  501, 1203,  824,  382,  228,  665,  554,  356,  963, 1283,  615,  779, 1027,  736, 1033,  776,  920,  583,  546,   76,  975,   75,  201,  828,  224,  867,  399,  799,  925,  271,  713,  585, 1042,  731,  698, 1017,  861,  819,  720,  667, 1210,  515,  627,  597,  448,  244, 1007, 1052,  817,  403,  844,  487],
        [  430,    0,  425,  359,  355,  701,  470,  686,  316,  292,  443,  735,    0,  506,  508,  329,  112,  426,  366,  567,  338,  754,  530,  579,  398,  490,  526,  472,  592,  571,  300,  503,  200,  340,  522,  352,  493,  370,  468,  121,  554,  570,  224,  639,  490,  587,  561,  568,  604,  595,  677,  372,  309,  356,  765,  524,  385,  425,  340,  502,  281,  534,  519,  160,  130,  378,  415,  149,  580,   73,  648,  299,  541,  404,  466,  116,  682,  529,  780,  185,  185,  391,  308,  414,  242,  358,  387,  103,  406,  216,  518,  120,  295,  556,  628,  731,  349,  456,  457,  177,  569,  818,  411,  578,  585,  558,  315,  630,  374,  589,  437,  541,  430,  638,  247,  581,  591,  726,  378,  575,  317,  491,  499,  475,  643,   76,  359,  462,  283,  563,  484,  162,  298,  272,  426,  609,  347,  204,  633,  801,  306,  677,  616,  658,  514,  721,  360,  539,  274,  508,  194,  484,  314,  415,  363,  296,  713,  310,  107,  110,  496,  221,  624,  388,  338,  615,  448,  318,   86,  333,  148,  488],
        [  826,    0,  870,  852,  859,  291,  778,  287,  203,  779,  912,  283,  506,    0,  159,  426,  461,  748,  859, 1022,  288,  667,  598,  251,  160,  952,  232,  524,  618,  813,  387,  321,  451,  331,  486,  159,  337,  341,  956,  606,  169,  787,  295,  602,  935,  280,  598,  662,  141,  205,  194,  378,  738,  837,  333,  729,  870,  756,  733,   75,  732,  134,  970,  608,  426,  331,  103,  631,  226,  455,  182,  708,   36,  257,   68,  621,  285,  318,  316,  672,  474,  439,  807,  617,  748,  727,  120,  439,  382,  520,  550,  496,  303,   55,  123,  634,  786,  915,   95,  664,  632,  374,  798,  294,  394,  315,  684,  390,  877,  373,  300,  106,  316,  276,  587,  241,  651,  641,  771,   85,  382,  943,  546,  361,  138,  449,  465,  321,  769, 1025,  581,  594,  781,  596,  755,  516,  642,  324,  325,  358,  709,  209,  112,  572,  108,  619,  271,  526,  743,   17,  444,  315,  795,  648,  415,  801,  612,  540,  524,  418,  951,  309,  389,  521,  328,  342,  726,  819,  582,  223,  638,  472],
        [  750,    0,  811,  821,  858,  442,  679,  440,  272,  799,  861,  420,  508,  159,    0,  325,  498,  654,  828,  960,  201,  509,  459,  409,  113,  897,   74,  648,  471,  914,  482,  467,  515,  439,  339,  230,  480,  230,  917,  585,   46,  893,  340,  448,  872,  438,  454,  524,  121,   88,  321,  493,  784,  798,  474,  836,  832,  665,  663,  231,  684,   42,  909,  571,  466,  218,  210,  651,  384,  443,  156,  759,  161,  142,  209,  613,  438,  162,  443,  646,  419,  554,  784,  507,  742,  792,  187,  470,  257,  456,  679,  461,  235,  154,  203,  477,  830,  860,  236,  682,  490,  507,  721,  138,  236,  469,  747,  233,  859,  527,  165,  264,  448,  145,  650,   95,  508,  484,  830,  137,  482,  883,  408,  500,  210,  470,  571,  459,  789,  968,  701,  631,  746,  665,  663,  361,  552,  306,  177,  494,  644,  346,  221,  415,  265,  461,  384,  380,  772,  175,  389,  166,  758,  743,  304,  798,  454,  449,  557,  404,  892,  362,  232,  627,  435,  500,  623,  799,  569,  318,  654,  604],
        [  428,    0,  498,  540,  617,  707,  356,  699,  354,  599,  556,  708,  329,  426,  325,    0,  392,  329,  546,  645,  139,  426,  225,  627,  267,  587,  297,  701,  277,  879,  503,  619,  460,  501,  193,  350,  620,   97,  622,  342,  363,  871,  331,  314,  556,  648,  248,  279,  446,  389,  618,  556,  637,  507,  756,  819,  541,  340,  346,  470,  387,  365,  594,  302,  379,  109,  392,  471,  612,  259,  479,  627,  449,  184,  431,  390,  696,  252,  741,  385,  155,  603,  516,  192,  504,  684,  346,  363,   95,  162,  745,  223,  135,  453,  518,  403,  675,  550,  443,  494,  266,  799,  399,  318,  281,  650,  640,  336,  593,  702,  174,  515,  564,  399,  560,  351,  289,  398,  706,  450,  514,  570,  182,  622,  527,  343,  593,  590,  590,  655,  735,  489,  464,  583,  339,  281,  227,  204,  367,  783,  332,  635,  525,  330,  500,  393,  477,  213,  594,  438,  137,  207,  472,  711,   38,  560,  385,  125,  425,  234,  579,  353,  329,  640,  497,  699,  301,  533,  344,  409,  466,  688],
        [  541,    0,  531,  450,  413,  619,  578,  603,  260,  319,  544,  660,  112,  461,  498,  392,    0,  535,  456,  669,  362,  816,  608,  492,  385,  592,  530,  361,  667,  487,  192,  403,   89,  239,  580,  303,  391,  409,  560,  227,  542,  481,  168,  705,  596,  496,  636,  653,  578,  585,  614,  265,  286,  453,  685,  431,  480,  535,  451,  442,  390,  517,  623,  271,   36,  414,  362,  175,  496,  146,  623,  263,  497,  420,  410,  206,  600,  552,  708,  287,  270,  280,  394,  508,  313,  305,  345,   31,  453,  311,  407,  216,  321,  515,  584,  790,  333,  559,  396,  207,  649,  739,  522,  590,  617,  461,  259,  656,  451,  487,  463,  476,  330,  637,  170,  582,  672,  788,  337,  539,  209,  595,  572,  370,  599,   51,  248,  361,  309,  663,  376,  134,  396,  192,  536,  663,  451,  216,  644,  722,  417,  609,  566,  716,  448,  779,  269,  604,  282,  459,  268,  510,  412,  322,  421,  358,  771,  401,   63,  160,  599,  154,  651,  279,  237,  518,  553,  401,  190,  259,  185,  377],
        [  131,    0,  235,  359,  501, 1017,   44, 1006,  632,  556,  307, 1026,  426,  748,  654,  329,  535,    0,  363,  351,  463,  553,  311,  920,  590,  316,  620,  895,  370,  975,  710,  882,  623,  734,  410,  644,  878,  425,  390,  336,  691,  980,  572,  448,  271,  937,  350,  295,  774,  713,  941,  778,  655,  311, 1071,  940,  336,   16,  121,  782,  225,  694,  306,  277,  545,  437,  697,  497,  910,  400,  806,  665,  773,  512,  742,  389, 1003,  559, 1062,  318,  300,  808,  373,  166,  426,  738,  653,  519,  406,  248,  941,  326,  446,  779,  846,  547,  674,  287,  749,  501,  327, 1116,  106,  628,  558,  926,  703,  616,  433,  970,  497,  828,  816,  714,  660,  671,  337,  534,  736,  778,  726,  290,  328,  869,  855,  490,  781,  846,  551,  369,  910,  557,  305,  686,   13,  484,  106,  459,  670, 1100,  147,  955,  851,  499,  809,  546,  732,  392,  583,  758,  323,  521,  301,  833,  352,  465,  541,  208,  528,  410,  301,  586,  609,  813,  730,  980,   61,  390,  369,  677,  483,  904],
        [  256,    0,  161,    7,  159, 1066,  393, 1051,  678,  265,  118, 1099,  366,  859,  828,  546,  456,  363,    0,  237,  631,  893,  643,  943,  728,  164,  824,  774,  708,  739,  642,  858,  529,  694,  705,  711,  845,  630,  105,  254,  872,  756,  588,  780,  196,  949,  682,  644,  938,  908, 1038,  715,  397,   52, 1130,  732,   41,  350,  250,  863,  163,  861,  205,  258,  486,  642,  774,  309,  944,  405,  979,  424,  892,  698,  825,  252, 1047,  795, 1144,  187,  412,  717,   64,  484,  160,  495,  741,  461,  640,  386,  817,  368,  593,  905,  978,  882,  393,  146,  819,  289,  669, 1183,  266,  858,  824,  916,  478,  880,   74,  942,  709,  904,  785,  934,  486,  881,  684,  871,  472,  919,  660,  183,  641,  823,  991,  438,  674,  816,  266,  222,  765,  384,   83,  507,  353,  792,  380,  537,  910, 1166,  240, 1039,  970,  822,  878,  878,  721,  702,  316,  862,  442,  750,   74,  643,  582,  154,  871,  442,  409,  441,  181,  586,  873,  682,  692,  973,  421,   64,  282,  698,  293,  810],
        [  224,    0,  152,  241,  380, 1257,  356, 1244,  862,  499,  127, 1282,  567, 1022,  960,  645,  669,  351,  237,    0,  760,  898,  662, 1141,  875,   78,  940, 1005,  718,  973,  860, 1069,  750,  906,  758,  888, 1058,  739,  155,  447, 1002,  992,  779,  797,   89, 1151,  700,  640, 1078, 1031, 1210,  933,  632,  220, 1318,  969,  201,  336,  299, 1039,  294,  998,   52,  423,  695,  752,  949,  540, 1139,  587, 1116,  661, 1053,  821,  999,  465, 1240,  891, 1324,  383,  549,  941,  298,  514,  395,  731,  911,  669,  733,  507, 1048,  530,  730, 1062, 1134,  894,  626,  111,  998,  523,  674, 1369,  253,  960,  901, 1124,  714,  959,  290, 1155,  818, 1082,  996, 1043,  719,  995,  683,  881,  706, 1070,  878,   79,  678, 1039, 1146,  643,  901, 1028,  500,   28,  998,  615,  275,  742,  339,  834,  427,  701, 1006, 1352,  317, 1217, 1132,  849, 1058,  895,  925,  742,  552, 1028,  580,  849,  259,  880,  675,  389,  889,  522,  630,  616,   72,  782,  952,  913,  903, 1181,  408,  301,  482,  891,  523, 1037],
        [  552,    0,  610,  624,  673,  570,  492,  563,  238,  629,  661,  570,  338,  288,  201,  139,  362,  463,  631,  760,    0,  480,  334,  495,  129,  696,  195,  615,  371,  831,  422,  500,  408,  404,  252,  224,  505,   67,  717,  395,  244,  817,  247,  382,  672,  518,  345,  396,  319,  278,  481,  461,  638,  599,  618,  762,  633,  473,  463,  333,  483,  239,  708,  374,  338,   65,  258,  486,  478,  267,  356,  620,  311,   69,  295,  431,  560,  192,  603,  452,  220,  515,  590,  330,  557,  666,  212,  331,  120,  255,  655,  269,   44,  316,  383,  451,  681,  659,  308,  515,  373,  661,  523,  241,  256,  526,  620,  296,  666,  580,  102,  378,  453,  307,  530,  252,  395,  451,  697,  317,  429,  683,  284,  511,  394,  321,  514,  476,  619,  767,  657,  483,  549,  549,  471,  319,  358,  146,  296,  645,  443,  497,  389,  377,  364,  437,  369,  286,  611,  300,  190,  149,  560,  658,  132,  614,  429,  255,  411,  229,  691,  271,  290,  567,  400,  572,  439,  606,  384,  297,  486,  591],
        [  683,    0,  786,  888, 1002,  946,  543,  946,  710, 1009,  857,  915,  754,  667,  509,  426,  816,  553,  893,  898,  480,    0,  251,  916,  551,  868,  436, 1094,  186, 1300,  901,  957,  878,  881,  236,  685,  966,  418,  939,  747,  510, 1289,  725,  117,  822,  944,  212,  259,  587,  494,  814,  939, 1060,  844,  971, 1236,  874,  568,  647,  737,  733,  540,  856,  695,  800,  417,  696,  892,  892,  685,  588, 1052,  667,  452,  710,  801,  944,  350,  928,  774,  573,  994,  883,  409,  898, 1110,  656,  786,  368,  559, 1133,  641,  511,  657,  688,   33, 1096,  839,  734,  912,  227,  995,  658,  381,  273,  969, 1065,  291,  956, 1027,  397,  773,  921,  439,  985,  443,  216,   29, 1131,  632,  908,  841,  262,  978,  688,  768,  993,  940, 1001,  918, 1136,  915,  820, 1007,  564,  162,  513,  611,  372,  984,  654,  843,  715,  103,  772,   49,  841,  215, 1011,  683,  560,  363,  822, 1129,  395,  951,   55,  471,  851,  659,  852,  750,  289, 1045,  877, 1005,  493,  901,  758,  768,  884, 1067],
        [  441,    0,  541,  638,  753,  888,  310,  883,  569,  767,  611,  876,  530,  598,  459,  225,  608,  311,  643,  662,  334,  251,    0,  825,  447,  626,  401,  926,   67, 1095,  728,  833,  682,  724,  129,  557,  836,  269,  691,  506,  482, 1089,  555,  139,  581,  849,   40,   65,  570,  489,  778,  779,  828,  594,  928, 1038,  624,  326,  398,  655,  482,  499,  617,  451,  599,  275,  589,  658,  806,  467,  590,  824,  612,  342,  620,  561,  880,  316,  901,  527,  346,  827,  633,  159,  652,  887,  544,  581,  219,  321,  969,  412,  348,  609,  662,  240,  861,  595,  637,  676,   42,  965,  415,  381,  283,  859,  844,  337,  705,  913,  299,  698,  782,  465,  772,  438,   65,  229,  903,  596,  739,  600,   52,  841,  667,  558,  817,  807,  759,  680,  959,  691,  569,  796,  323,  179,  263,  428,  407,  950,  404,  801,  679,  188,  688,  238,  696,   95,  774,  612,  341,  296,  571,  929,  209,  703,  231,  229,  633,  449,  611,  577,  330,  864,  719,  905,  254,  651,  521,  626,  649,  911],
        [  974,    0,  994,  937,  901,  133,  957,  115,  289,  794, 1020,  192,  579,  251,  409,  627,  492,  920,  943, 1141,  495,  916,  825,    0,  380, 1066,  482,  367,  854,  678,  330,  133,  437,  265,  723,  279,  155,  558, 1046,  697,  418,  644,  364,  845, 1061,   31,  831,  888,  367,  449,  207,  275,  713,  934,  200,  591,  964,  926,  878,  179,  849,  384, 1092,  720,  460,  551,  237,  661,   30,  556,  394,  676,  259,  486,  208,  691,  112,  567,  242,  763,  623,  318,  883,  815,  805,  669,  283,  483,  606,  675,  374,  619,  492,  274,  286,  884,  760, 1031,  189,  692,  862,  255,  949,  544,  644,   86,  636,  640,  942,  136,  535,  148,  186,  519,  550,  490,  883,  890,  720,  308,  314, 1064,  773,  191,  296,  505,  363,  164,  785, 1139,  427,  601,  876,  548,  926,  762,  816,  462,  573,  238,  848,  180,  250,  819,  145,  868,  224,  763,  745,  235,  598,  558,  892,  540,  626,  848,  861,  722,  548,  530, 1070,  360,  640,  405,  265,   93,  911,  892,  664,  251,  674,  299],
        [  673,    0,  724,  722,  750,  445,  620,  438,  173,  687,  770,  442,  398,  160,  113,  267,  385,  590,  728,  875,  129,  551,  447,  380,    0,  808,  155,  560,  475,  812,  383,  407,  405,  347,  345,  138,  415,  183,  821,  481,  158,  793,  230,  470,  788,  405,  452,  511,  211,  201,  353,  403,  671,  701,  491,  736,  735,  599,  582,  209,  591,  137,  824,  472,  354,  175,  147,  539,  360,  335,  253,  646,  184,  107,  173,  505,  436,  211,  475,  543,  327,  463,  681,  458,  635,  681,  106,  357,  229,  370,  595,  361,  147,  190,  260,  520,  718,  772,  192,  570,  484,  533,  645,  222,  290,  422,  635,  308,  755,  479,  158,  253,  373,  254,  539,  200,  504,  524,  718,  195,  385,  797,  395,  429,  271,  357,  474,  390,  677,  881,  609,  518,  648,  554,  598,  392,  484,  197,  272,  517,  559,  369,  262,  451,  242,  505,  298,  384,  659,  172,  296,  188,  661,  640,  257,  690,  497,  382,  444,  296,  806,  253,  304,  530,  342,  463,  567,  696,  462,  226,  542,  524],
        [  186,    0,   89,  167,  314, 1183,  330, 1169,  788,  428,   49, 1209,  490,  952,  897,  587,  592,  316,  164,   78,  696,  868,  626, 1066,  808,    0,  880,  927,  685,  902,  782,  992,  672,  828,  713,  815,  981,  680,  102,  370,  939,  919,  704,  763,   54, 1075,  665,  610, 1013,  970, 1139,  856,  560,  142, 1245,  895,  125,  301,  243,  967,  221,  934,   43,  349,  618,  692,  877,  463, 1064,  512, 1052,  587,  984,  759,  927,  387, 1166,  836, 1252,  306,  482,  863,  223,  472,  319,  658,  839,  592,  678,  442,  971,  458,  665,  994, 1066,  862,  556,   37,  925,  446,  642, 1296,  212,  904,  851, 1047,  640,  909,  223, 1078,  759, 1010,  919,  985,  643,  936,  653,  850,  635, 1003,  800,   32,  637,  962, 1078,  566,  823,  951,  429,   74,  921,  538,  197,  665,  304,  793,  378,  630,  951, 1279,  255, 1145, 1063,  813,  986,  862,  849,  700,  479,  958,  513,  793,  181,  804,  619,  317,  856,  467,  552,  543,   23,  707,  902,  835,  826, 1104,  376,  227,  405,  816,  446,  959],
        [  724,    0,  793,  817,  867,  513,  642,  511,  326,  818,  848,  487,  526,  232,   74,  297,  530,  620,  824,  940,  195,  436,  401,  482,  155,  880,    0,  710,  407,  967,  537,  537,  557,  498,  276,  288,  549,  201,  908,  590,   82,  947,  382,  379,  852,  511,  392,  464,  170,   94,  387,  553,  815,  790,  542,  890,  825,  632,  641,  304,  673,  106,  889,  568,  501,  189,  277,  672,  457,  457,  192,  793,  232,  127,  281,  624,  509,   91,  508,  647,  413,  614,  784,  465,  751,  831,  248,  501,  215,  442,  743,  463,  236,  224,  265,  404,  860,  844,  307,  702,  429,  573,  695,   69,  163,  541,  785,  162,  861,  599,  124,  337,  514,  113,  690,   58,  445,  411,  866,  202,  538,  865,  351,  568,  269,  497,  627,  527,  808,  950,  761,  660,  742,  706,  630,  290,  522,  325,  118,  560,  626,  414,  287,  344,  338,  388,  446,  316,  796,  248,  383,  107,  752,  794,  269,  808,  381,  421,  586,  418,  874,  406,  161,  683,  494,  572,  584,  800,  578,  377,  673,  669],
        [  898,    0,  878,  769,  678,  487,  938,  469,  389,  551,  878,  555,  472,  524,  648,  701,  361,  895,  774, 1005,  615, 1094,  926,  367,  560,  927,  710,    0,  975,  312,  198,  235,  273,  215,  865,  423,  213,  679,  875,  581,  678,  278,  373,  996,  940,  347,  946,  979,  665,  720,  567,  158,  433,  785,  549,  225,  806,  895,  810,  460,  742,  643,  962,  630,  351,  679,  440,  466,  390,  498,  704,  394,  551,  647,  458,  546,  466,  770,  603,  633,  614,  101,  711,  852,  616,  357,  463,  377,  731,  662,   47,  571,  587,  571,  614, 1064,  471,  898,  430,  486,  967,  600,  881,  779,  848,  286,  340,  867,  746,  264,  700,  462,  210,  788,  292,  742,  990, 1065,  408,  606,  188,  936,  881,  179,  628,  406,  115,  214,  545,  994,   61,  390,  731,  275,  896,  933,  807,  498,  824,  586,  776,  544,  581,  991,  439, 1051,  265,  897,  494,  512,  604,  741,  748,  193,  720,  640, 1042,  744,  381,  497,  938,  350,  864,   93,  219,  321,  910,  712,  544,  334,  483,   70],
        [  500,    0,  602,  703,  819,  908,  363,  904,  609,  832,  672,  891,  592,  618,  471,  277,  667,  370,  708,  718,  371,  186,   67,  854,  475,  685,  407,  975,    0, 1153,  778,  870,  737,  770,  133,  594,  875,  305,  753,  571,  489, 1146,  603,   80,  640,  879,   31,   84,  576,  489,  792,  826,  892,  659,  945, 1095,  688,  385,  461,  680,  548,  510,  675,  517,  656,  309,  620,  723,  834,  527,  591,  887,  629,  369,  647,  627,  902,  318,  913,  593,  408,  875,  699,  224,  718,  950,  575,  639,  252,  386, 1017,  475,  391,  624,  671,  178,  926,  655,  666,  741,   44,  978,  474,  376,  269,  893,  906,  317,  771,  948,  320,  721,  823,  457,  832,  437,   45,  166,  966,  607,  788,  659,   96,  882,  676,  617,  868,  846,  825,  737, 1011,  753,  635,  856,  382,  146,  328,  479,  394,  965,  468,  816,  691,  137,  714,  178,  738,   92,  839,  633,  401,  306,  637,  986,  255,  769,  172,  294,  694,  507,  670,  626,  311,  916,  765,  936,  311,  717,  586,  667,  714,  957],
        [  936,    0,  881,  736,  598,  797, 1018,  779,  643,  475,  856,  866,  571,  813,  914,  879,  487,  975,  739,  973,  831, 1300, 1095,  678,  812,  902,  967,  312, 1153,    0,  433,  546,  424,  482, 1065,  685,  524,  887,  823,  639,  950,   40,  590, 1191,  931,  658, 1123, 1136,  952,  994,  877,  436,  343,  769,  858,   87,  778,  970,  866,  756,  773,  918,  943,  699,  501,  890,  718,  479,  701,  628,  994,  319,  843,  879,  746,  587,  776, 1010,  914,  664,  752,  377,  682,  984,  590,  246,  730,  516,  934,  786,  312,  690,  794,  863,  913, 1274,  349,  882,  719,  480, 1135,  908,  928, 1034, 1083,  597,  274, 1113,  685,  571,  928,  765,  512, 1059,  324, 1008, 1157, 1272,  268,  897,  434,  920, 1059,  489,  928,  537,  348,  521,  474,  955,  252,  420,  728,  299,  972, 1144,  911,  691, 1084,  895,  834,  854,  882, 1199,  739, 1262,  543, 1090,  424,  802,  754,  974,  743,  174,  907,  586, 1254,  880,  464,  647,  919,  566, 1109,  292,  486,  630, 1008,  676,  609,  599,  494,  380],
        [  728,    0,  722,  636,  580,  462,  752,  444,  211,  467,  734,  515,  300,  387,  482,  503,  192,  710,  642,  860,  422,  901,  728,  330,  383,  782,  537,  198,  778,  433,    0,  221,  115,   66,  670,  253,  206,  484,  746,  418,  518,  411,  176,  800,  787,  326,  749,  781,  525,  562,  491,   74,  385,  643,  529,  354,  669,  711,  636,  340,  580,  486,  814,  458,  170,  485,  289,  343,  341,  311,  568,  348,  420,  459,  323,  396,  441,  587,  564,  478,  421,  101,  580,  656,  493,  351,  298,  197,  536,  471,  242,  385,  391,  440,  498,  872,  432,  750,  298,  371,  769,  584,  708,  604,  663,  282,  313,  688,  630,  301,  511,  361,  149,  627,  222,  576,  792,  872,  399,  472,   19,  786,  684,  181,  513,  226,   94,  179,  458,  853,  236,  276,  586,  223,  712,  740,  618,  300,  653,  567,  602,  478,  471,  798,  332,  858,  124,  701,  416,  379,  409,  554,  602,  263,  523,  530,  850,  549,  235,  305,  790,  153,  684,  148,   68,  337,  721,  585,  381,  168,  357,  195],
        [  919,    0,  927,  852,  800,  259,  922,  241,  266,  686,  945,  324,  503,  321,  467,  619,  403,  882,  858, 1069,  500,  957,  833,  133,  407,  992,  537,  235,  870,  546,  221,    0,  334,  165,  746,  277,   23,  566,  962,  623,  488,  513,  310,  874,  992,  117,  845,  893,  456,  525,  333,  155,  595,  855,  325,  459,  883,  886,  824,  249,  782,  452, 1021,  655,  375,  562,  263,  563,  156,  495,  490,  557,  341,  509,  260,  608,  238,  612,  372,  686,  583,  189,  796,  798,  711,  544,  301,  401,  618,  635,  247,  564,  486,  360,  391,  926,  641,  959,  232,  592,  872,  378,  896,  604,  692,   62,  513,  699,  849,   88,  562,  239,   74,  596,  433,  558,  894,  930,  595,  395,  204,  993,  783,   58,  403,  427,  236,   43,  678, 1064,  296,  497,  798,  428,  886,  798,  781,  430,  642,  363,  792,  309,  356,  857,  221,  911,  151,  783,  634,  306,  562,  594,  814,  408,  626,  750,  903,  696,  453,  476,  998,  298,  697,  275,  167,  117,  881,  803,  588,  211,  577,  170],
        [  628,    0,  615,  523,  467,  568,  666,  551,  252,  358,  623,  616,  200,  451,  515,  460,   89,  623,  529,  750,  408,  878,  682,  437,  405,  672,  557,  273,  737,  424,  115,  334,    0,  173,  642,  297,  320,  463,  633,  313,  556,  412,  176,  770,  679,  436,  707,  729,  579,  600,  581,  187,  291,  532,  635,  360,  557,  623,  539,  418,  475,  527,  705,  358,   84,  467,  349,  229,  446,  229,  623,  258,  486,  459,  392,  285,  547,  592,  665,  369,  351,  194,  466,  590,  379,  279,  343,  107,  511,  395,  319,  302,  370,  505,  570,  851,  339,  640,  372,  258,  723,  689,  610,  621,  662,  394,  235,  696,  516,  415,  507,  446,  262,  659,  138,  604,  745,  849,  321,  533,  132,  677,  642,  295,  585,  135,  160,  292,  349,  742,  290,  165,  475,  150,  624,  721,  537,  267,  674,  673,  505,  572,  547,  776,  417,  839,  217,  669,  310,  446,  346,  553,  492,  252,  486,  416,  830,  482,  121,  236,  681,  153,  691,  192,  172,  451,  640,  472,  276,  231,  243,  291],
        [  762,    0,  764,  688,  639,  397,  775,  380,  175,  530,  781,  449,  340,  331,  439,  501,  239,  734,  694,  906,  404,  881,  724,  265,  347,  828,  498,  215,  770,  482,   66,  165,  173,    0,  655,  211,  153,  469,  798,  460,  472,  458,  172,  786,  830,  264,  741,  780,  470,  515,  426,   58,  451,  691,  464,  400,  719,  737,  668,  279,  620,  438,  858,  495,  211,  468,  236,  401,  276,  339,  512,  414,  362,  433,  265,  444,  376,  556,  498,  523,  438,  116,  632,  666,  548,  416,  253,  238,  522,  489,  252,  411,  379,  383,  438,  852,  498,  795,  239,  430,  765,  519,  740,  566,  634,  223,  378,  654,  686,  250,  487,  297,   92,  582,  288,  533,  787,  853,  465,  416,   55,  831,  677,  137,  452,  264,  135,  123,  521,  900,  264,  337,  633,  289,  737,  720,  637,  299,  613,  502,  636,  412,  409,  779,  269,  838,   61,  689,  480,  321,  422,  527,  650,  318,  516,  588,  829,  561,  289,  325,  835,  153,  651,  191,    5,  280,  739,  639,  424,  122,  414,  188],
        [  534,    0,  626,  699,  795,  776,  418,  772,  488,  788,  692,  758,  522,  486,  339,  193,  580,  410,  705,  758,  252,  236,  129,  723,  345,  713,  276,  865,  133, 1065,  670,  746,  642,  655,    0,  469,  752,  187,  767,  527,  358, 1054,  494,  132,  674,  749,  116,  191,  446,  361,  659,  712,  830,  660,  812, 1001,  693,  424,  474,  549,  542,  378,  710,  481,  564,  188,  491,  663,  703,  452,  463,  820,  496,  239,  516,  578,  770,  189,  781,  563,  345,  765,  684,  245,  685,  876,  448,  551,  134,  340,  906,  414,  279,  491,  540,  211,  867,  680,  536,  686,  154,  846,  506,  252,  156,  765,  831,  212,  760,  822,  189,  589,  703,  336,  750,  310,  170,  208,  899,  475,  678,  690,   87,  761,  544,  533,  762,  724,  779,  773,  905,  682,  626,  772,  422,   90,  336,  377,  279,  832,  472,  684,  559,  137,  583,  200,  619,   41,  785,  501,  329,  174,  631,  894,  160,  741,  192,  264,  617,  424,  701,  518,  205,  813,  651,  807,  359,  702,  534,  547,  657,  842],
