{
    "name": "random-5-14459",
    "comment": "size=5 seed=14459",
    "nodes": ["+0", "-0", "+1", "-1", "+2", "-2", "+3", "-3", "+4", "-4", "+5", "-5"],
    "precedence": {
        "+0": "-0",
        "+1": "-1",
        "+2": "-2",
        "+3": "-3",
        "+4": "-4",
        "+5": "-5"
    },
    "edges": [
        [    0,    0,  459,  479,  533,  427,  367,  526,  490,  589,  637,  650],
        [    0,    0,  459,  479,  533,  427,  367,  526,  490,  589,  637,  650],
        [  459,  459,    0,  930,  897,  743,  812,  875,  908,  840, 1078, 1037],
        [  479,  479,  930,    0,  319,  397,  275,  571,  164,  540,  172,  317],
        [  533,  533,  897,  319,    0,  166,  540,  842,  157,  234,  316,  148],
        [  427,  427,  743,  397,  166,    0,  545,  830,  262,  177,  451,  313],
        [  367,  367,  812,  275,  540,  545,    0,  305,  405,  717,  437,  580],
        [  526,  526,  875,  571,  842,  830,  305,    0,  709, 1005,  720,  883],
        [  490,  490,  908,  164,  157,  262,  405,  709,    0,  383,  193,  180],
        [  589,  589,  840,  540,  234,  177,  717, 1005,  383,    0,  548,  347],
        [  637,  637, 1078,  172,  316,  451,  437,  720,  193,  548,    0,  235],
        [  650,  650, 1037,  317,  148,  313,  580,  883,  180,  347,  235,    0]
    ]
}
