{
    "name": "random-47-28746",
    "comment": "size=47 seed=28746",
    "nodes": ["+0", "-0", "+1", "-1", "+2", "-2", "+3", "-3", "+4", "-4", "+5", "-5", "+6", "-6", "+7", "-7", "+8", "-8", "+9", "-9", "+10", "-10", "+11", "-11", "+12", "-12", "+13", "-13", "+14", "-14", "+15", "-15", "+16", "-16", "+17", "-17", "+18", "-18", "+19", "-19", "+20", "-20", "+21", "-21", "+22", "-22", "+23", "-23", "+24", "-24", "+25", "-25", "+26", "-26", "+27", "-27", "+28", "-28", "+29", "-29", "+30", "-30", "+31", "-31", "+32", "-32", "+33", "-33", "+34", "-34", "+35", "-35", "+36", "-36", "+37", "-37", "+38", "-38", "+39", "-39", "+40", "-40", "+41", "-41", "+42", "-42", "+43", "-43", "+44", "-44", "+45", "-45", "+46", "-46", "+47", "-47"],
    "precedence": {
        "+0": "-0",
        "+1": "-1",
        "+2": "-2",
        "+3": "-3",
        "+4": "-4",
        "+5": "-5",
        "+6": "-6",
        "+7": "-7",
        "+8": "-8",
        "+9": "-9",
        "+10": "-10",
        "+11": "-11",
        "+12": "-12",
        "+13": "-13",
        "+14": "-14",
        "+15": "-15",
        "+16": "-16",
        "+17": "-17",
        "+18": "-18",
        "+19": "-19",
        "+20": "-20",
        "+21": "-21",
        "+22": "-22",
        "+23": "-23",
        "+24": "-24",
        "+25": "-25",
        "+26": "-26",
        "+27": "-27",
        "+28": "-28",
        "+29": "-29",
        "+30": "-30",
        "+31": "-31",
        "+32": "-32",
        "+33": "-33",
        "+34": "-34",
        "+35": "-35",
        "+36": "-36",
        "+37": "-37",
        "+38": "-38",
        "+39": "-39",
        "+40": "-40",
        "+41": "-41",
        "+42": "-42",
        "+43": "-43",
        "+44": "-44",
        "+45": "-45",
        "+46": "-46",
        "+47": "-47"
    },
    "edges": [
        [    0,    0,  649,   61,  582,  747,  873,  652,  401,  221,  420,  183,  887,  859, 1035,  645,  989,  490,  618,  286,   14,  425,  815,  439,  908,  384,  920,  921,  459,  551,  359,  619,  340,  609,  467,  206,  147,  829,  465,  204,  927,  247,  839,  901,  220,  613,  572,  153,  400,  362,  919,  303,  744,  968,  448,  389,  431,  949,  908,  577,  306,  609,  336,  271,   65,  499,  581,  953,  517,  878,  277,  603,  546,  266,  166,  758,  614,  146,  383,  974,  625,  921,  237,  887,  379,  753,  899,  440,  134,  479,  808,  394,  675,  942,  834,  320],
        [    0,    0,    0,    0,    0,    0,    0,    0,    0,    0,    0,    0,    0,    0,    0,    0,    0,    0,    0,    0,    0,    0,    0,    0,    0,    0,    0,    0,    0,    0,    0,    0,    0,    0,    0,    0,    0,    0,    0,    0,    0,    0,    0,    0,    0,    0,    0,    0,    0,    0,    0,    0,    0,    0,    0,    0,    0,    0,    0,    0,    0,    0,    0,    0,    0,    0,    0,    0,    0,    0,    0,    0,    0,    0,    0,    0,    0,    0,    0,    0,    0,    0,    0,    0,    0,    0,    0,    0,    0,    0,    0,    0,    0,    0,    0,    0],
        [  649,    0,    0,  603,  378,   99,  237,  688,  624,  570,  236,  480,  267,  214,  405,  272,  363,  248,  262,  425,  639,  602,  536,  813,  270,  278,  308,  334,  784,  286,  387,  294,  310,  445,  781,  587,  734,  182,  352,  450,  329,  428,  410,  607,  490,  315,  574,  498,  300,  542,  714,  719,  187,  408,  235,  405,  665,  322,  529,  123,  570,  206,  439,  445,  586,  504,  613,  333,  355,  579,  544,  100,  633,  383,  653,  300,  278,  532,  701,  742,  149,  303,  413,  305,  283,  168,  535,  389,  711,  212,  493,  412,  475,  699,  210,  705],
        [   61,    0,  603,    0,  522,  701,  831,  597,  422,  237,  380,  128,  848,  811,  995,  587,  937,  461,  560,  270,   48,  443,  755,  409,  858,  332,  867,  886,  423,  528,  300,  596,  296,  601,  429,  227,  150,  784,  448,  154,  891,  223,  780,  841,  212,  592,  514,  107,  344,  305,  860,  270,  690,  911,  394,  329,  382,  897,  848,  538,  322,  578,  328,  258,   54,  501,  525,  900,  501,  818,  289,  552,  491,  222,  130,  700,  590,   86,  341,  914,  590,  869,  192,  832,  342,  700,  839,  380,  131,  425,  747,  384,  615,  882,  782,  283],
        [  582,    0,  378,  522,    0,  433,  580,  313,  779,  639,  384,  411,  621,  478,  734,  133,  532,  498,  126,  528,  569,  775,  244,  521,  493,  291,  458,  701,  479,  577,  226,  618,  371,  737,  472,  646,  588,  511,  585,  409,  692,  489,  270,  332,  553,  632,  205,  455,  228,  279,  391,  480,  298,  443,  239,  193,  357,  502,  327,  438,  688,  538,  584,  540,  539,  734,  245,  493,  619,  306,  649,  279,  276,  395,  489,  226,  602,  437,  419,  436,  497,  467,  407,  401,  410,  328,  318,  142,  568,  229,  228,  597,  120,  396,  416,  456],
        [  747,    0,   99,  701,  433,    0,  150,  745,  704,  663,  333,  577,  189,  122,  316,  311,  279,  328,  309,  518,  737,  680,  553,  898,  181,  375,  235,  270,  867,  348,  476,  338,  408,  494,  863,  680,  831,   87,  427,  547,  259,  524,  402,  614,  585,  360,  636,  596,  391,  627,  731,  810,  175,  353,  328,  490,  745,  239,  523,  200,  658,  256,  527,  538,  684,  572,  676,  254,  421,  587,  634,  174,  701,  482,  748,  302,  323,  630,  787,  753,  199,  227,  511,  249,  379,  143,  532,  468,  808,  301,  506,  494,  515,  711,  139,  795],
        [  873,    0,  237,  831,  580,  150,    0,  891,  773,  763,  453,  711,   50,  139,  168,  453,  270,  413,  454,  622,  863,  744,  675, 1047,  185,  513,  267,  141, 1016,  403,  623,  367,  535,  515, 1012,  782,  967,   69,  497,  678,  123,  638,  508,  726,  693,  388,  783,  725,  537,  776,  850,  956,  299,  401,  472,  639,  895,  243,  624,  299,  744,  309,  617,  642,  808,  621,  823,  266,  476,  700,  726,  323,  850,  609,  888,  423,  357,  764,  935,  866,  265,  252,  639,  312,  496,  265,  636,  618,  944,  448,  627,  574,  654,  824,  207,  942],
        [  652,    0,  688,  597,  313,  745,  891,    0,  966,  794,  643,  540,  933,  783, 1042,  439,  811,  767,  437,  727,  640,  973,  332,  355,  790,  531,  740, 1014,  302,  851,  402,  902,  597, 1001,  291,  793,  583,  822,  836,  560, 1004,  675,  487,  380,  723,  913,  119,  585,  465,  297,  322,  405,  601,  689,  508,  358,  236,  787,  462,  734,  865,  830,  794,  732,  638,  967,   85,  774,  878,  374,  824,  588,  107,  585,  500,  502,  888,  533,  309,  378,  796,  753,  581,  678,  652,  634,  443,  336,  572,  511,  365,  824,  253,  362,  717,  377],
        [  401,    0,  624,  422,  779,  704,  773,  966,    0,  186,  424,  430,  764,  824,  902,  773,  982,  377,  747,  252,  404,   38, 1019,  830,  885,  490,  931,  757,  841,  371,  578,  415,  409,  311,  847,  196,  546,  758,  279,  407,  773,  296,  971, 1107,  244,  397,  861,  388,  551,  675, 1166,  691,  791, 1026,  552,  623,  784,  942, 1073,  505,  103,  465,  200,  241,  369,  173,  884,  955,  299, 1079,  143,  640,  864,  390,  552,  864,  422,  450,  755, 1213,  514,  926,  388,  925,  383,  782, 1070,  662,  535,  575,  994,  212,  896, 1174,  832,  702],
        [  221,    0,  570,  237,  639,  663,  763,  794,  186,    0,  339,  255,  766,  783,  913,  658,  932,  352,  631,  146,  222,  207,  882,  645,  840,  367,  871,  781,  656,  387,  422,  450,  291,  406,  662,   21,  367,  733,  290,  240,  792,  157,  860,  971,   89,  439,  695,  210,  416,  500, 1016,  506,  711,  947,  435,  465,  602,  891,  951,  468,   87,  466,  153,  126,  184,  284,  714,  900,  334,  944,   60,  558,  690,  245,  367,  761,  450,  268,  571, 1067,  499,  869,  233,  853,  292,  710,  946,  510,  354,  463,  863,  208,  751, 1029,  776,  517],
        [  420,    0,  236,  380,  384,  333,  453,  643,  424,  339,    0,  265,  469,  450,  616,  353,  594,  127,  328,  195,  410,  411,  612,  662,  504,  114,  533,  509,  646,  212,  253,  270,   86,  359,  646,  355,  520,  411,  201,  230,  513,  192,  548,  697,  256,  277,  525,  273,  178,  410,  773,  546,  375,  612,  146,  292,  541,  553,  653,  160,  352,  218,  226,  215,  356,  351,  558,  562,  238,  669,  320,  221,  559,  158,  451,  441,  257,  319,  555,  815,  215,  531,  189,  515,   48,  372,  652,  307,  498,  159,  582,  221,  503,  774,  438,  539],
        [  183,    0,  480,  128,  411,  577,  711,  540,  430,  255,  265,    0,  730,  685,  876,  464,  809,  363,  436,  213,  170,  440,  651,  434,  731,  205,  739,  773,  433,  439,  185,  506,  179,  540,  436,  255,  257,  661,  375,   38,  777,  157,  660,  738,  187,  506,  441,   47,  218,  246,  771,  303,  562,  785,  267,  222,  358,  770,  735,  424,  327,  475,  281,  210,  131,  464,  460,  773,  427,  714,  287,  425,  436,  109,  189,  576,  498,   55,  341,  823,  480,  741,   82,  705,  233,  572,  728,  272,  234,  298,  638,  328,  514,  788,  655,  303],
        [  887,    0,  267,  848,  621,  189,   50,  933,  764,  766,  469,  730,    0,  188,  149,  497,  312,  415,  497,  628,  878,  733,  723, 1079,  231,  537,  314,   92, 1050,  395,  653,  353,  553,  495, 1046,  786,  986,  116,  492,  697,   75,  648,  557,  775,  700,  373,  824,  741,  565,  808,  899,  984,  346,  449,  501,  671,  930,  288,  673,  311,  742,  304,  617,  648,  823,  607,  864,  311,  466,  749,  726,  358,  889,  626,  911,  470,  344,  784,  967,  915,  268,  299,  656,  360,  509,  312,  685,  653,  964,  478,  675,  572,  699,  873,  256,  971],
        [  859,    0,  214,  811,  478,  122,  139,  783,  824,  783,  450,  685,  188,    0,  261,  346,  161,  449,  354,  638,  848,  799,  544,  974,   63,  480,  134,  279,  939,  464,  566,  447,  522,  602,  934,  800,  935,   88,  547,  657,  260,  642,  372,  591,  704,  469,  682,  707,  486,  706,  718,  898,  183,  267,  425,  572,  816,  124,  486,  321,  779,  370,  648,  658,  796,  688,  722,  143,  538,  566,  755,  264,  754,  594,  848,  295,  433,  736,  865,  730,  314,  121,  623,  173,  496,  151,  499,  542,  912,  396,  496,  615,  538,  690,   72,  880],
        [ 1035,    0,  405,  995,  734,  316,  168, 1042,  902,  913,  616,  876,  149,  261,    0,  604,  313,  562,  609,  775, 1026,  870,  800, 1213,  272,  680,  349,  153, 1181,  536,  790,  488,  699,  619, 1177,  932, 1133,  229,  635,  843,  133,  796,  623,  840,  848,  506,  939,  889,  704,  942,  970, 1124,  442,  473,  640,  805, 1060,  307,  730,  459,  885,  449,  763,  795,  970,  740,  979,  330,  605,  816,  871,  489, 1008,  773, 1055,  555,  481,  930, 1102,  978,  416,  333,  803,  409,  657,  409,  745,  782, 1110,  615,  751,  715,  798,  938,  331, 1109],
        [  645,    0,  272,  587,  133,  311,  453,  439,  773,  658,  353,  464,  497,  346,  604,    0,  404,  446,   28,  529,  632,  763,  272,  647,  360,  292,  329,  580,  607,  514,  291,  544,  370,  679,  600,  669,  676,  384,  544,  452,  569,  502,  202,  351,  570,  561,  336,  503,  250,  391,  446,  593,  165,  333,  225,  276,  484,  372,  300,  358,  693,  458,  574,  545,  593,  700,  376,  364,  568,  322,  656,  181,  409,  417,  579,  114,  527,  502,  541,  480,  409,  337,  436,  275,  390,  196,  299,  231,  654,  199,  234,  574,  206,  437,  283,  570],
        [  989,    0,  363,  937,  532,  279,  270,  811,  982,  932,  594,  809,  312,  161,  313,  404,    0,  606,  421,  787,  977,  958,  523, 1050,   99,  606,   76,  395, 1009,  624,  669,  607,  659,  762, 1003,  948, 1051,  242,  705,  785,  372,  785,  341,  547,  849,  629,  726,  837,  599,  791,  680,  991,  254,  163,  544,  665,  887,   42,  432,  477,  933,  531,  801,  807,  928,  849,  763,   40,  698,  527,  907,  386,  803,  728,  959,  312,  593,  857,  944,  680,  475,   69,  755,  134,  641,  238,  449,  627, 1028,  512,  476,  772,  559,  644,  157,  970],
        [  490,    0,  248,  461,  498,  328,  413,  767,  377,  352,  127,  363,  415,  449,  562,  446,  606,    0,  424,  215,  482,  354,  714,  780,  509,  240,  555,  435,  766,   86,  379,  147,  196,  239,  767,  371,  609,  388,  105,  326,  444,  243,  627,  796,  287,  152,  649,  358,  303,  534,  882,  658,  425,  655,  264,  418,  665,  565,  739,  129,  333,  120,  204,  234,  426,  261,  684,  579,  123,  767,  313,  282,  685,  255,  552,  515,  137,  416,  675,  920,  148,  549,  282,  552,  135,  412,  741,  432,  588,  270,  679,  167,  615,  878,  456,  653],
        [  618,    0,  262,  560,  126,  309,  454,  437,  747,  631,  328,  436,  497,  354,  609,   28,  421,  424,    0,  502,  605,  737,  291,  630,  373,  265,  346,  578,  591,  494,  265,  526,  343,  658,  585,  641,  651,  386,  521,  424,  568,  474,  230,  373,  542,  543,  330,  475,  222,  370,  463,  572,  176,  357,  197,  252,  468,  388,  326,  341,  665,  441,  548,  518,  566,  676,  370,  382,  546,  344,  629,  167,  400,  389,  554,  141,  510,  475,  524,  499,  394,  354,  408,  295,  364,  205,  325,  209,  629,  173,  256,  548,  213,  456,  294,  550],
        [  286,    0,  425,  270,  528,  518,  622,  727,  252,  146,  195,  213,  628,  638,  775,  529,  787,  215,  502,    0,  281,  250,  769,  645,  694,  241,  727,  649,  645,  266,  330,  334,  160,  334,  648,  163,  419,  589,  180,  180,  659,   57,  730,  857,   73,  327,  617,  185,  300,  446,  915,  511,  569,  806,  306,  376,  566,  746,  827,  325,  164,  333,   70,   21,  225,  252,  643,  755,  232,  829,  128,  416,  629,  143,  383,  626,  330,  253,  553,  962,  360,  724,  149,  710,  149,  566,  824,  413,  400,  331,  745,  118,  645,  923,  631,  514],
        [   14,    0,  639,   48,  569,  737,  863,  640,  404,  222,  410,  170,  878,  848, 1026,  632,  977,  482,  605,  281,    0,  428,  802,  433,  896,  372,  908,  912,  451,  545,  346,  613,  329,  606,  459,  209,  146,  818,  460,  192,  918,  240,  826,  888,  216,  607,  559,  141,  388,  349,  906,  296,  731,  955,  435,  376,  420,  937,  895,  568,  308,  601,  333,  266,   57,  498,  569,  941,  512,  865,  278,  591,  534,  256,  157,  745,  608,  132,  374,  961,  617,  909,  226,  875,  370,  741,  886,  427,  132,  467,  795,  391,  662,  929,  822,  312],
        [  425,    0,  602,  443,  775,  680,  744,  973,   38,  207,  411,  440,  733,  799,  870,  763,  958,  354,  737,  250,  428,    0, 1013,  850,  860,  485,  909,  724,  859,  342,  580,  383,  404,  274,  864,  220,  571,  732,  253,  415,  740,  299,  958, 1101,  254,  364,  866,  400,  547,  685, 1163,  711,  773, 1007,  544,  625,  796,  918, 1063,  482,  121,  436,  192,  242,  390,  136,  890,  932,  269, 1073,  157,  623,  872,  392,  572,  850,  391,  465,  771, 1210,  487,  903,  393,  905,  373,  763, 1061,  662,  559,  565,  987,  194,  893, 1170,  810,  721],
        [  815,    0,  536,  755,  244,  553,  675,  332, 1019,  882,  612,  651,  723,  544,  800,  272,  523,  714,  291,  769,  802, 1013,    0,  658,  529,  529,  462,  812,  607,  785,  466,  815,  610,  949,  597,  889,  801,  608,  809,  651,  797,  732,  182,   89,  796,  832,  299,  696,  470,  477,  179,  661,  379,  378,  471,  429,  504,  509,  130,  629,  930,  729,  822,  782,  777,  963,  322,  491,  836,   64,  891,  451,  373,  638,  703,  253,  798,  672,  578,  208,  678,  477,  650,  398,  643,  413,  112,  379,  783,  453,   49,  830,  141,  166,  473,  633],
        [  439,    0,  813,  409,  521,  898, 1047,  355,  830,  645,  662,  434, 1079,  974, 1213,  647, 1050,  780,  630,  645,  433,  850,  658,    0, 1000,  559,  975, 1142,   54,  861,  428,  926,  584,  973,   65,  635,  314,  984,  807,  470, 1139,  589,  774,  722,  606,  929,  360,  462,  517,  272,  676,  139,  804,  962,  580,  409,  165, 1017,  784,  804,  730,  879,  712,  640,  461,  894,  336, 1011,  858,  710,  694,  724,  285,  531,  279,  746,  915,  394,  112,  732,  867,  983,  510,  920,  646,  830,  767,  433,  315,  602,  678,  761,  538,  716,  921,  132],
        [  908,    0,  270,  858,  493,  181,  185,  790,  885,  840,  504,  731,  231,   63,  272,  360,   99,  509,  373,  694,  896,  860,  529, 1000,    0,  526,   84,  320,  963,  526,  602,  509,  573,  664,  957,  856,  977,  146,  608,  704,  299,  695,  351,  568,  759,  531,  694,  755,  526,  735,  698,  931,  197,  218,  467,  604,  840,   63,  459,  381,  838,  432,  706,  715,  846,  750,  733,   83,  600,  545,  813,  306,  768,  643,  888,  291,  495,  780,  892,  707,  376,   68,  672,  138,  551,  172,  474,  570,  955,  437,  481,  675,  539,  667,   80,  912],
        [  384,    0,  278,  332,  291,  375,  513,  531,  490,  367,  114,  205,  537,  480,  680,  292,  606,  240,  265,  241,  372,  485,  529,  559,  526,    0,  537,  590,  540,  325,  141,  382,   82,  470,  539,  377,  457,  460,  306,  180,  591,  210,  494,  617,  278,  390,  414,  232,   68,  300,  681,  452,  363,  593,   70,  179,  431,  566,  587,  246,  404,  323,  294,  256,  324,  448,  447,  570,  348,  589,  366,  220,  446,  128,  375,  396,  369,  256,  450,  726,  309,  538,  153,  507,  124,  370,  584,  196,  434,  100,  505,  308,  409,  686,  451,  441],
        [  920,    0,  308,  867,  458,  235,  267,  740,  931,  871,  533,  739,  314,  134,  349,  329,   76,  555,  346,  727,  908,  909,  462,  975,   84,  537,    0,  403,  934,  582,  595,  572,  593,  728,  928,  887,  978,  222,  657,  717,  382,  722,  281,  493,  788,  594,  652,  768,  527,  716,  625,  916,  180,  135,  473,  591,  812,   48,  382,  427,  877,  491,  746,  746,  860,  805,  690,   36,  655,  472,  849,  319,  729,  661,  886,  240,  557,  787,  869,  631,  433,   17,  688,   65,  580,  168,  397,  552,  956,  442,  414,  720,  488,  592,  100,  895],
        [  921,    0,  334,  886,  701,  270,  141, 1014,  757,  781,  509,  773,   92,  279,  153,  580,  395,  435,  578,  649,  912,  724,  812, 1142,  320,  590,  403,    0, 1116,  397,  714,  343,  595,  468, 1113,  801, 1029,  205,  496,  738,   25,  676,  648,  866,  722,  360,  902,  780,  626,  872,  989, 1041,  435,  537,  562,  736,  998,  374,  764,  351,  747,  317,  629,  669,  856,  591,  942,  398,  462,  840,  736,  431,  965,  667,  958,  560,  338,  828, 1031, 1006,  296,  388,  696,  451,  545,  400,  777,  722, 1007,  542,  765,  578,  784,  964,  347, 1029],
        [  459,    0,  784,  423,  479,  867, 1016,  302,  841,  656,  646,  433, 1050,  939, 1181,  607, 1009,  766,  591,  645,  451,  859,  607,   54,  963,  540,  934, 1116,    0,  850,  404,  913,  571,  968,   12,  648,  344,  952,  800,  467, 1112,  589,  727,  670,  611,  917,  310,  464,  493,  244,  623,  158,  766,  917,  555,  380,  124,  978,  734,  783,  740,  862,  713,  641,  475,  895,  285,  970,  851,  659,  703,  693,  234,  524,  295,  703,  902,  397,   93,  679,  847,  943,  505,  879,  633,  793,  717,  400,  341,  574,  628,  760,  489,  663,  884,  141],
        [  551,    0,  286,  528,  577,  348,  403,  851,  371,  387,  212,  439,  395,  464,  536,  514,  624,   86,  494,  266,  545,  342,  785,  861,  526,  325,  582,  397,  850,    0,  464,   69,  279,  165,  850,  407,  677,  392,  100,  401,  410,  306,  685,  865,  338,   68,  733,  429,  388,  618,  955,  738,  472,  692,  346,  503,  749,  586,  801,  166,  350,   95,  234,  284,  488,  225,  768,  601,   75,  836,  340,  341,  770,  333,  626,  574,   64,  490,  757,  992,  150,  574,  358,  588,  217,  454,  805,  516,  657,  349,  748,  182,  692,  950,  484,  734],
        [  359,    0,  387,  300,  226,  476,  623,  402,  578,  422,  253,  185,  653,  566,  790,  291,  669,  379,  265,  330,  346,  580,  466,  428,  602,  141,  595,  714,  404,  464,    0,  522,  196,  604,  402,  427,  387,  563,  436,  186,  712,  282,  481,  555,  340,  529,  289,  230,   89,  162,  594,  334,  415,  622,  153,   46,  292,  631,  551,  380,  481,  463,  395,  338,  314,  566,  317,  630,  482,  530,  440,  305,  311,  188,  292,  405,  509,  214,  317,  645,  444,  600,  191,  552,  254,  433,  543,   88,  365,  176,  454,  422,  331,  608,  523,  319],
        [  619,    0,  294,  596,  618,  338,  367,  902,  415,  450,  270,  506,  353,  447,  488,  544,  607,  147,  526,  334,  613,  383,  815,  926,  509,  382,  572,  343,  913,   69,  522,    0,  343,  156,  913,  470,  746,  368,  161,  469,  358,  374,  703,  892,  404,   22,  784,  497,  443,  679,  989,  804,  481,  690,  395,  559,  810,  570,  821,  187,  407,   89,  298,  351,  556,  255,  820,  588,  120,  863,  400,  365,  825,  400,  694,  592,   17,  558,  821, 1023,  146,  563,  425,  585,  281,  459,  826,  569,  725,  394,  776,  243,  731,  980,  476,  800],
        [  340,    0,  310,  296,  371,  408,  535,  597,  409,  291,   86,  179,  553,  522,  699,  370,  659,  196,  343,  160,  329,  404,  610,  584,  573,   82,  593,  595,  571,  279,  196,  343,    0,  409,  572,  303,  435,  489,  241,  145,  598,  134,  572,  698,  203,  347,  482,  190,  144,  342,  760,  464,  425,  660,  146,  239,  472,  618,  667,  245,  323,  301,  213,  175,  276,  373,  512,  624,  288,  670,  286,  275,  506,   74,  366,  471,  332,  234,  479,  806,  301,  593,  105,  569,   63,  428,  664,  267,  413,  173,  586,  231,  489,  766,  502,  458],
        [  609,    0,  445,  601,  737,  494,  515, 1001,  311,  406,  359,  540,  495,  602,  619,  679,  762,  239,  658,  334,  606,  274,  949,  973,  664,  470,  728,  468,  968,  165,  604,  156,  409,    0,  970,  426,  749,  522,  170,  504,  487,  387,  849, 1029,  391,  135,  883,  518,  536,  749, 1119,  841,  632,  845,  502,  646,  878,  725,  966,  329,  339,  241,  274,  344,  553,  139,  916,  743,  123, 1001,  348,  506,  914,  445,  716,  737,  171,  584,  875, 1156,  300,  718,  464,  741,  350,  612,  969,  666,  731,  508,  913,  217,  854, 1114,  632,  843],
        [  467,    0,  781,  429,  472,  863, 1012,  291,  847,  662,  646,  436, 1046,  934, 1177,  600, 1003,  767,  585,  648,  459,  864,  597,   65,  957,  539,  928, 1113,   12,  850,  402,  913,  572,  970,    0,  654,  353,  948,  802,  470, 1109,  592,  718,  660,  615,  918,  301,  468,  491,  242,  612,  166,  761,  909,  553,  377,  118,  971,  724,  782,  745,  861,  716,  645,  481,  899,  275,  964,  853,  649,  708,  690,  224,  526,  302,  696,  902,  401,   96,  668,  845,  937,  507,  872,  634,  787,  707,  395,  350,  572,  618,  763,  480,  652,  878,  147],
        [  206,    0,  587,  227,  646,  680,  782,  793,  196,   21,  355,  255,  786,  800,  932,  669,  948,  371,  641,  163,  209,  220,  889,  635,  856,  377,  887,  801,  648,  407,  427,  470,  303,  426,  654,    0,  352,  751,  310,  242,  812,  169,  871,  977,  101,  459,  695,  209,  425,  498, 1020,  496,  725,  961,  446,  469,  597,  907,  960,  486,  101,  486,  174,  142,  174,  303,  714,  916,  355,  951,   79,  572,  689,  254,  356,  772,  470,  264,  563, 1071,  519,  885,  239,  867,  308,  725,  955,  515,  340,  475,  871,  229,  756, 1034,  792,  508],
        [  147,    0,  734,  150,  588,  831,  967,  583,  546,  367,  520,  257,  986,  935, 1133,  676, 1051,  609,  651,  419,  146,  571,  801,  314,  977,  457,  978, 1029,  344,  677,  387,  746,  435,  749,  353,  352,    0,  916,  598,  291, 1033,  373,  856,  883,  359,  742,  526,  251,  453,  325,  879,  190,  799, 1008,  511,  402,  349, 1012,  908,  679,  453,  725,  476,  407,  196,  644,  525, 1013,  651,  863,  424,  672,  482,  363,  100,  789,  739,  203,  284,  935,  734,  982,  333,  938,  486,  813,  896,  451,   23,  541,  802,  533,  661,  908,  900,  214],
        [  829,    0,  182,  784,  511,   87,   69,  822,  758,  733,  411,  661,  116,   88,  229,  384,  242,  388,  386,  589,  818,  732,  608,  984,  146,  460,  222,  205,  952,  392,  563,  368,  489,  522,  948,  751,  916,    0,  480,  631,  190,  600,  444,  661,  658,  390,  715,  678,  478,  713,  785,  897,  231,  354,  414,  576,  831,  208,  562,  265,  721,  297,  591,  610,  765,  615,  755,  229,  466,  635,  700,  260,  782,  563,  834,  356,  355,  714,  873,  802,  245,  209,  593,  258,  455,  197,  573,  553,  893,  388,  560,  554,  585,  760,  147,  882],
        [  465,    0,  352,  448,  585,  427,  497,  836,  279,  290,  201,  375,  492,  547,  635,  544,  705,  105,  521,  180,  460,  253,  809,  807,  608,  306,  657,  496,  800,  100,  436,  161,  241,  170,  802,  310,  598,  480,    0,  338,  509,  227,  729,  893,  247,  151,  719,  357,  373,  580,  973,  677,  529,  759,  346,  479,  709,  666,  840,  231,  251,  189,  138,  195,  405,  158,  751,  680,   53,  864,  241,  386,  747,  277,  556,  618,  161,  422,  707, 1013,  236,  651,  297,  656,  184,  516,  841,  502,  579,  358,  776,   83,  703,  972,  558,  677],
        [  204,    0,  450,  154,  409,  547,  678,  560,  407,  240,  230,   38,  697,  657,  843,  452,  785,  326,  424,  180,  192,  415,  651,  470,  704,  180,  717,  738,  467,  401,  186,  469,  145,  504,  470,  242,  291,  631,  338,    0,  742,  124,  651,  740,  164,  468,  457,   53,  203,  270,  779,  340,  541,  768,  245,  227,  387,  745,  731,  389,  306,  439,  249,  179,  145,  431,  478,  749,  390,  714,  265,  400,  458,   73,  226,  562,  460,   91,  374,  830,  444,  718,   44,  685,  197,  549,  724,  274,  269,  276,  637,  294,  517,  794,  630,  339],
        [  927,    0,  329,  891,  692,  259,  123, 1004,  773,  792,  513,  777,   75,  260,  133,  569,  372,  444,  568,  659,  918,  740,  797, 1139,  299,  591,  382,   25, 1112,  410,  712,  358,  598,  487, 1109,  812, 1033,  190,  509,  742,    0,  683,  630,  848,  731,  376,  894,  785,  624,  869,  973, 1041,  420,  516,  560,  733,  993,  352,  746,  354,  760,  327,  640,  678,  862,  609,  934,  375,  477,  823,  748,  424,  957,  671,  961,  545,  352,  831, 1028,  989,  302,  367,  701,  431,  550,  386,  759,  717, 1011,  539,  749,  591,  772,  947,  329, 1029],
        [  247,    0,  428,  223,  489,  524,  638,  675,  296,  157,  192,  157,  648,  642,  796,  502,  785,  243,  474,   57,  240,  299,  732,  589,  695,  210,  722,  676,  589,  306,  282,  374,  134,  387,  592,  169,  373,  600,  227,  124,  683,    0,  704,  820,   69,  370,  567,  131,  263,  391,  873,  456,  557,  792,  278,  327,  510,  744,  796,  339,  200,  362,  126,   58,  184,  308,  592,  751,  280,  793,  160,  405,  575,   95,  330,  604,  368,  198,  497,  921,  382,  720,   95,  700,  146,  558,  792,  367,  353,  306,  710,  173,  604,  883,  628,  458],
        [  839,    0,  410,  780,  270,  402,  508,  487,  971,  860,  548,  660,  557,  372,  623,  202,  341,  627,  230,  730,  826,  958,  182,  774,  351,  494,  281,  648,  727,  685,  481,  703,  572,  849,  718,  871,  856,  444,  729,  651,  630,  704,    0,  219,  772,  722,  421,  701,  450,  548,  347,  748,  229,  203,  426,  457,  611,  327,  121,  521,  893,  615,  772,  746,  790,  886,  454,  309,  747,  195,  857,  346,  500,  618,  758,  112,  686,  694,  680,  359,  559,  296,  637,  217,  588,  259,  130,  407,  836,  400,  135,  767,  241,  318,  302,  722],
        [  901,    0,  607,  841,  332,  614,  726,  380, 1107,  971,  697,  738,  775,  591,  840,  351,  547,  796,  373,  857,  888, 1101,   89,  722,  568,  617,  493,  866,  670,  865,  555,  892,  698, 1029,  660,  977,  883,  661,  893,  740,  848,  820,  219,    0,  884,  910,  370,  784,  558,  558,  134,  736,  439,  391,  557,  517,  574,  539,  116,  706, 1018,  805,  910,  870,  865, 1047,  387,  518,  919,   29,  979,  527,  438,  727,  785,  313,  875,  759,  650,  141,  752,  509,  739,  432,  730,  472,   98,  467,  865,  539,  117,  916,  227,  100,  520,  708],
        [  220,    0,  490,  212,  553,  585,  693,  723,  244,   89,  256,  187,  700,  704,  848,  570,  849,  287,  542,   73,  216,  254,  796,  606,  759,  278,  788,  722,  611,  338,  340,  404,  203,  391,  615,  101,  359,  658,  247,  164,  731,   69,  772,  884,    0,  397,  619,  148,  328,  432,  933,  469,  624,  860,  346,  384,  544,  808,  863,  395,  143,  406,  118,   55,  163,  291,  641,  817,  298,  858,  102,  472,  621,  158,  334,  672,  401,  214,  521,  983,  432,  786,  149,  767,  209,  625,  858,  427,  341,  374,  776,  176,  666,  945,  693,  475],
        [  613,    0,  315,  592,  632,  360,  388,  913,  397,  439,  277,  506,  373,  469,  506,  561,  629,  152,  543,  327,  607,  364,  832,  929,  531,  390,  594,  360,  917,   68,  529,   22,  347,  135,  918,  459,  742,  390,  151,  468,  376,  370,  722,  910,  397,    0,  795,  495,  452,  685, 1005,  805,  501,  711,  406,  568,  816,  592,  840,  204,  392,  109,  287,  343,  551,  235,  830,  610,  106,  881,  387,  383,  834,  400,  693,  611,   38,  557,  825, 1040,  167,  584,  425,  607,  285,  480,  845,  579,  722,  407,  793,  231,  746,  997,  498,  802],
        [  572,    0,  574,  514,  205,  636,  783,  119,  861,  695,  525,  441,  824,  682,  939,  336,  726,  649,  330,  617,  559,  866,  299,  360,  694,  414,  652,  902,  310,  733,  289,  784,  482,  883,  301,  695,  526,  715,  719,  457,  894,  567,  421,  370,  619,  795,    0,  487,  348,  211,  353,  368,  501,  617,  389,  244,  205,  698,  424,  616,  761,  712,  683,  624,  550,  854,   40,  687,  761,  355,  720,  475,   80,  475,  433,  414,  769,  442,  281,  410,  678,  663,  473,  592,  536,  532,  408,  218,  511,  393,  318,  711,  181,  383,  619,  339],
        [  153,    0,  498,  107,  455,  596,  725,  585,  388,  210,  273,   47,  741,  707,  889,  503,  837,  358,  475,  185,  141,  400,  696,  462,  755,  232,  768,  780,  464,  429,  230,  497,  190,  518,  468,  209,  251,  678,  357,   53,  785,  131,  701,  784,  148,  495,  487,    0,  254,  290,  818,  326,  593,  820,  297,  268,  397,  797,  779,  432,  285,  474,  251,  179,   93,  433,  505,  801,  410,  759,  245,  451,  481,  116,  200,  614,  490,   69,  374,  870,  484,  769,   86,  737,  236,  601,  771,  317,  230,  328,  683,  302,  559,  835,  682,  331],
        [  400,    0,  300,  344,  228,  391,  537,  465,  551,  416,  178,  218,  565,  486,  704,  250,  599,  303,  222,  300,  388,  547,  470,  517,  526,   68,  527,  626,  493,  388,   89,  443,  144,  536,  491,  425,  453,  478,  373,  203,  624,  263,  450,  558,  328,  452,  348,  254,    0,  249,  617,  420,  348,  568,   65,  118,  379,  560,  536,  292,  461,  378,  357,  313,  346,  514,  381,  561,  414,  531,  422,  223,  383,  171,  363,  360,  429,  261,  406,  663,  357,  530,  188,  489,  191,  361,  531,  130,  430,   91,  448,  374,  346,  624,  448,  406],
        [  362,    0,  542,  305,  279,  627,  776,  297,  675,  500,  410,  246,  808,  706,  942,  391,  791,  534,  370,  446,  349,  685,  477,  272,  735,  300,  716,  872,  244,  618,  162,  679,  342,  749,  242,  498,  325,  713,  580,  270,  869,  391,  548,  558,  432,  685,  211,  290,  249,    0,  561,  203,  541,  718,  312,  138,  132,  756,  588,  541,  573,  623,  515,  448,  343,  694,  221,  751,  629,  538,  533,  453,  192,  309,  228,  498,  667,  237,  160,  616,  605,  723,  298,  665,  403,  564,  575,  165,  307,  331,  481,  553,  338,  587,  655,  180],
        [  919,    0,  714,  860,  391,  731,  850,  322, 1166, 1016,  773,  771,  899,  718,  970,  446,  680,  882,  463,  915,  906, 1163,  179,  676,  698,  681,  625,  989,  623,  955,  594,  989,  760, 1119,  612, 1020,  879,  785,  973,  779,  973,  873,  347,  134,  933, 1005,  353,  818,  617,  561,    0,  714,  558,  524,  629,  552,  545,  671,  250,  803, 1072,  904,  973,  926,  890, 1123,  357,  651, 1003,  154, 1032,  626,  405,  778,  786,  431,  972,  783,  621,   58,  854,  641,  785,  563,  800,  591,  232,  507,  864,  615,  226,  987,  272,   50,  647,  686],
        [  303,    0,  719,  270,  480,  810,  956,  405,  691,  506,  546,  303,  984,  898, 1124,  593,  991,  658,  572,  511,  296,  711,  661,  139,  931,  452,  916, 1041,  158,  738,  334,  804,  464,  841,  166,  496,  190,  897,  677,  340, 1041,  456,  748,  736,  469,  805,  368,  326,  420,  203,  714,    0,  739,  921,  485,  327,  170,  955,  779,  696,  591,  763,  577,  504,  323,  758,  358,  951,  729,  720,  555,  639,  310,  405,  140,  701,  794,  258,   98,  771,  757,  922,  381,  867,  524,  760,  765,  364,  185,  510,  671,  628,  527,  748,  851,   29],
        [  744,    0,  187,  690,  298,  175,  299,  601,  791,  711,  375,  562,  346,  183,  442,  165,  254,  425,  176,  569,  731,  773,  379,  804,  197,  363,  180,  435,  766,  472,  415,  481,  425,  632,  761,  725,  799,  231,  529,  541,  420,  557,  229,  439,  624,  501,  501,  593,  348,  541,  558,  739,    0,  237,  297,  413,  643,  217,  350,  306,  726,  393,  597,  588,  685,  685,  540,  215,  538,  412,  695,  154,  574,  489,  706,  128,  464,  608,  697,  579,  335,  185,  515,  145,  421,   35,  359,  376,  776,  265,  333,  580,  357,  536,  119,  719],
        [  968,    0,  408,  911,  443,  353,  401,  689, 1026,  947,  612,  785,  449,  267,  473,  333,  163,  655,  357,  806,  955, 1007,  378,  962,  218,  593,  135,  537,  917,  692,  622,  690,  660,  845,  909,  961, 1008,  354,  759,  768,  516,  792,  203,  391,  860,  711,  617,  820,  568,  718,  524,  921,  237,    0,  525,  608,  797,  167,  275,  530,  963,  605,  833,  824,  912,  912,  652,  144,  763,  373,  932,  391,  696,  720,  911,  221,  674,  827,  862,  521,  547,  150,  745,  105,  657,  244,  293,  563,  986,  494,  334,  814,  440,  486,  216,  897],
        [  448,    0,  235,  394,  239,  328,  472,  508,  552,  435,  146,  267,  501,  425,  640,  225,  544,  264,  197,  306,  435,  544,  471,  580,  467,   70,  473,  562,  555,  346,  153,  395,  146,  502,  553,  446,  511,  414,  346,  245,  560,  278,  426,  557,  346,  406,  389,  297,   65,  312,  629,  485,  297,  525,    0,  177,  440,  504,  522,  234,  469,  325,  354,  321,  389,  495,  425,  506,  381,  529,  432,  162,  432,  197,  424,  327,  380,  315,  469,  671,  298,  475,  221,  440,  173,  306,  519,  176,  488,   32,  443,  360,  358,  630,  390,  471],
        [  389,    0,  405,  329,  193,  490,  639,  358,  623,  465,  292,  222,  671,  572,  805,  276,  665,  418,  252,  376,  376,  625,  429,  409,  604,  179,  591,  736,  380,  503,   46,  559,  239,  646,  377,  469,  402,  576,  479,  227,  733,  327,  457,  517,  384,  568,  244,  268,  118,  138,  552,  327,  413,  608,  177,    0,  263,  629,  520,  409,  525,  496,  440,  383,  349,  610,  273,  626,  523,  493,  484,  317,  269,  233,  304,  388,  546,  245,  297,  603,  474,  597,  236,  544,  296,  433,  510,   51,  381,  195,  419,  467,  292,  567,  524,  309],
        [  431,    0,  665,  382,  357,  745,  895,  236,  784,  602,  541,  358,  930,  816, 1060,  484,  887,  665,  468,  566,  420,  796,  504,  165,  840,  431,  812,  998,  124,  749,  292,  810,  472,  878,  118,  597,  349,  831,  709,  387,  993,  510,  611,  574,  544,  816,  205,  397,  379,  132,  545,  170,  643,  797,  440,  263,    0,  855,  627,  671,  681,  754,  635,  566,  429,  817,  190,  848,  758,  560,  641,  573,  141,  434,  271,  582,  798,  334,   77,  602,  735,  821,  420,  757,  534,  670,  611,  278,  339,  457,  520,  677,  378,  580,  761,  142],
        [  949,    0,  322,  897,  502,  239,  243,  787,  942,  891,  553,  770,  288,  124,  307,  372,   42,  565,  388,  746,  937,  918,  509, 1017,   63,  566,   48,  374,  978,  586,  631,  570,  618,  725,  971,  907, 1012,  208,  666,  745,  352,  744,  327,  539,  808,  592,  698,  797,  560,  756,  671,  955,  217,  167,  504,  629,  855,    0,  426,  437,  892,  493,  760,  766,  888,  810,  736,   24,  659,  517,  866,  346,  774,  687,  921,  286,  556,  818,  911,  675,  436,   35,  715,  112,  600,  199,  442,  592,  989,  473,  461,  731,  535,  637,  116,  935],
        [  908,    0,  529,  848,  327,  523,  624,  462, 1073,  951,  653,  735,  673,  486,  730,  300,  432,  739,  326,  827,  895, 1063,  130,  784,  459,  587,  382,  764,  734,  801,  551,  821,  667,  966,  724,  960,  908,  562,  840,  731,  746,  796,  121,  116,  863,  840,  424,  779,  536,  588,  250,  779,  350,  275,  522,  520,  627,  426,    0,  638,  990,  733,  874,  842,  865,  997,  450,  405,  861,  102,  953,  461,  500,  707,  809,  230,  805,  763,  700,  249,  678,  398,  723,  322,  690,  380,   20,  469,  889,  499,  108,  873,  252,  212,  417,  752],
        [  577,    0,  123,  538,  438,  200,  299,  734,  505,  468,  160,  424,  311,  321,  459,  358,  477,  129,  341,  325,  568,  482,  629,  804,  381,  246,  427,  351,  783,  166,  380,  187,  245,  329,  782,  486,  679,  265,  231,  389,  354,  339,  521,  706,  395,  204,  616,  432,  292,  541,  803,  696,  306,  530,  234,  409,  671,  437,  638,    0,  459,  101,  328,  345,  512,  382,  653,  450,  234,  677,  436,  180,  664,  317,  608,  409,  170,  478,  694,  837,   65,  421,  348,  427,  198,  289,  642,  408,  657,  224,  590,  295,  548,  794,  328,  686],
        [  306,    0,  570,  322,  688,  658,  744,  865,  103,   87,  352,  327,  742,  779,  885,  693,  933,  333,  665,  164,  308,  121,  930,  730,  838,  404,  877,  747,  740,  350,  481,  407,  323,  339,  745,  101,  453,  721,  251,  306,  760,  200,  893, 1018,  143,  392,  761,  285,  461,  573, 1072,  591,  726,  963,  469,  525,  681,  892,  990,  459,    0,  438,  132,  149,  269,  208,  783,  903,  287,  991,   41,  573,  762,  295,  452,  789,  410,  347,  653, 1121,  479,  873,  290,  865,  308,  721,  987,  566,  440,  494,  908,  170,  803, 1082,  779,  601],
        [  609,    0,  206,  578,  538,  256,  309,  830,  465,  466,  218,  475,  304,  370,  449,  458,  531,  120,  441,  333,  601,  436,  729,  879,  432,  323,  491,  317,  862,   95,  463,   89,  301,  241,  861,  486,  725,  297,  189,  439,  327,  362,  615,  805,  406,  109,  712,  474,  378,  623,  904,  763,  393,  605,  325,  496,  754,  493,  733,  101,  438,    0,  315,  352,  544,  319,  749,  509,  170,  776,  423,  279,  757,  367,  664,  504,   72,  529,  771,  937,   59,  482,  395,  501,  243,  372,  738,  501,  704,  320,  689,  268,  649,  894,  394,  757],
        [  336,    0,  439,  328,  584,  527,  617,  794,  200,  153,  226,  281,  617,  648,  763,  574,  801,  204,  548,   70,  333,  192,  822,  712,  706,  294,  746,  629,  713,  234,  395,  298,  213,  274,  716,  174,  476,  591,  138,  249,  640,  126,  772,  910,  118,  287,  683,  251,  357,  515,  973,  577,  597,  833,  354,  440,  635,  760,  874,  328,  132,  315,    0,   73,  280,  183,  710,  772,  185,  882,  110,  444,  696,  209,  447,  666,  297,  319,  621, 1019,  352,  741,  217,  734,  184,  591,  872,  475,  458,  376,  796,   59,  702,  979,  648,  581],
        [  271,    0,  445,  258,  540,  538,  642,  732,  241,  126,  215,  210,  648,  658,  795,  545,  807,  234,  518,   21,  266,  242,  782,  640,  715,  256,  746,  669,  641,  284,  338,  351,  175,  344,  645,  142,  407,  610,  195,  179,  678,   58,  746,  870,   55,  343,  624,  179,  313,  448,  926,  504,  588,  824,  321,  383,  566,  766,  842,  345,  149,  352,   73,    0,  212,  255,  649,  775,  246,  843,  111,  435,  633,  150,  375,  644,  347,  247,  550,  974,  380,  744,  152,  729,  168,  586,  839,  422,  388,  347,  759,  127,  656,  935,  651,  509],
        [   65,    0,  586,   54,  539,  684,  808,  638,  369,  184,  356,  131,  823,  796,  970,  593,  928,  426,  566,  225,   57,  390,  777,  461,  846,  324,  860,  856,  475,  488,  314,  556,  276,  553,  481,  174,  196,  765,  405,  145,  862,  184,  790,  865,  163,  551,  550,   93,  346,  343,  890,  323,  685,  912,  389,  349,  429,  888,  865,  512,  269,  544,  280,  212,    0,  450,  563,  892,  457,  840,  236,  542,  532,  203,  183,  705,  551,  108,  391,  944,  561,  861,  174,  829,  314,  693,  857,  399,  179,  421,  767,  337,  639,  910,  773,  335],
