{
    "name": "random-85-4561",
    "comment": "size=85 seed=4561",
    "nodes": ["+0", "-0", "+1", "-1", "+2", "-2", "+3", "-3", "+4", "-4", "+5", "-5", "+6", "-6", "+7", "-7", "+8", "-8", "+9", "-9", "+10", "-10", "+11", "-11", "+12", "-12", "+13", "-13", "+14", "-14", "+15", "-15", "+16", "-16", "+17", "-17", "+18", "-18", "+19", "-19", "+20", "-20", "+21", "-21", "+22", "-22", "+23", "-23", "+24", "-24", "+25", "-25", "+26", "-26", "+27", "-27", "+28", "-28", "+29", "-29", "+30", "-30", "+31", "-31", "+32", "-32", "+33", "-33", "+34", "-34", "+35", "-35", "+36", "-36", "+37", "-37", "+38", "-38", "+39", "-39", "+40", "-40", "+41", "-41", "+42", "-42", "+43", "-43", "+44", "-44", "+45", "-45", "+46", "-46", "+47", "-47", "+48", "-48", "+49", "-49", "+50", "-50", "+51", "-51", "+52", "-52", "+53", "-53", "+54", "-54", "+55", "-55", "+56", "-56", "+57", "-57", "+58", "-58", "+59", "-59", "+60", "-60", "+61", "-61", "+62", "-62", "+63", "-63", "+64", "-64", "+65", "-65", "+66", "-66", "+67", "-67", "+68", "-68", "+69", "-69", "+70", "-70", "+71", "-71", "+72", "-72", "+73", "-73", "+74", "-74", "+75", "-75", "+76", "-76", "+77", "-77", "+78", "-78", "+79", "-79", "+80", "-80", "+81", "-81", "+82", "-82", "+83", "-83", "+84", "-84", "+85", "-85"],
    "precedence": {
        "+0": "-0",
        "+1": "-1",
        "+2": "-2",
        "+3": "-3",
        "+4": "-4",
        "+5": "-5",
        "+6": "-6",
        "+7": "-7",
        "+8": "-8",
        "+9": "-9",
        "+10": "-10",
        "+11": "-11",
        "+12": "-12",
        "+13": "-13",
        "+14": "-14",
        "+15": "-15",
        "+16": "-16",
        "+17": "-17",
        "+18": "-18",
        "+19": "-19",
        "+20": "-20",
        "+21": "-21",
        "+22": "-22",
        "+23": "-23",
        "+24": "-24",
        "+25": "-25",
        "+26": "-26",
        "+27": "-27",
        "+28": "-28",
        "+29": "-29",
        "+30": "-30",
        "+31": "-31",
        "+32": "-32",
        "+33": "-33",
        "+34": "-34",
        "+35": "-35",
        "+36": "-36",
        "+37": "-37",
        "+38": "-38",
        "+39": "-39",
        "+40": "-40",
        "+41": "-41",
        "+42": "-42",
        "+43": "-43",
        "+44": "-44",
        "+45": "-45",
        "+46": "-46",
        "+47": "-47",
        "+48": "-48",
        "+49": "-49",
        "+50": "-50",
        "+51": "-51",
        "+52": "-52",
        "+53": "-53",
        "+54": "-54",
        "+55": "-55",
        "+56": "-56",
        "+57": "-57",
        "+58": "-58",
        "+59": "-59",
        "+60": "-60",
        "+61": "-61",
        "+62": "-62",
        "+63": "-63",
        "+64": "-64",
        "+65": "-65",
        "+66": "-66",
        "+67": "-67",
        "+68": "-68",
        "+69": "-69",
        "+70": "-70",
        "+71": "-71",
        "+72": "-72",
        "+73": "-73",
        "+74": "-74",
        "+75": "-75",
        "+76": "-76",
        "+77": "-77",
        "+78": "-78",
        "+79": "-79",
        "+80": "-80",
        "+81": "-81",
        "+82": "-82",
        "+83": "-83",
        "+84": "-84",
        "+85": "-85"
    },
    "edges": [
        [    0,    0,  937,  311,  560,  844,  862,  594,  316,  675,  687,  743,  635,  546,  760,  279,  111,  513,  115,  645,  692,  356,  664,  324,  622,  684,  766,  721,  145,  189,  772,  232,  719,  698,  192,  928,  662,  638,  663,  346,  658,  561,  747,  306,  475,   22,  624,  313,  772,  574,  425,  362,  418,  567,  653,  124,   88,  599,  140,  724,  477,  195,  577,  669,  704,  590,  613,  752,  618,  495,  201,  515,  303,  659,  741,  489,  449,  101,  640,  357,  817,   88,  686, 1034,  133,  683,  770,  138,  544,  663,  491,  163,  149,  749,  412,  447,  204,  643,  665,  809,  978,  886,  707,  771,  162,  107,  629,  431,  781,  204,  337,  645,  358,  654,  639, 1007,  885,  255,  490,  776,  221,  633,  821,  596,  854,  571,  417,  626,  735,  433,  754,  559,  827,  323,  479,  721,  621,  269,  940,  301,  140,  929,  152,  534,  530,  162,  590,  831,  115,  238,  763,  589,  610,  688,  596,  327,  694,  866,  312,  139,  589,  512,   77,  433,  667,  539,  837,  208,  165,  272,  153,  573],
        [    0,    0,    0,    0,    0,    0,    0,    0,    0,    0,    0,    0,    0,    0,    0,    0,    0,    0,    0,    0,    0,    0,    0,    0,    0,    0,    0,    0,    0,    0,    0,    0,    0,    0,    0,    0,    0,    0,    0,    0,    0,    0,    0,    0,    0,    0,    0,    0,    0,    0,    0,    0,    0,    0,    0,    0,    0,    0,    0,    0,    0,    0,    0,    0,    0,    0,    0,    0,    0,    0,    0,    0,    0,    0,    0,    0,    0,    0,    0,    0,    0,    0,    0,    0,    0,    0,    0,    0,    0,    0,    0,    0,    0,    0,    0,    0,    0,    0,    0,    0,    0,    0,    0,    0,    0,    0,    0,    0,    0,    0,    0,    0,    0,    0,    0,    0,    0,    0,    0,    0,    0,    0,    0,    0,    0,    0,    0,    0,    0,    0,    0,    0,    0,    0,    0,    0,    0,    0,    0,    0,    0,    0,    0,    0,    0,    0,    0,    0,    0,    0,    0,    0,    0,    0,    0,    0,    0,    0,    0,    0,    0,    0,    0,    0,    0,    0,    0,    0,    0,    0,    0,    0],
        [  937,    0,    0,  712,  377,   95,  722,  381,  989,  269,  487,  741,  307,  397,  257,  728, 1045,  425,  922,  297,  805,  929,  689,  613,  468,  255,  674,  798, 1028, 1122,  354, 1126,  696,  241,  956,  127,  649,  581,  714,  872,  595,  422,  751,  919,  891,  918,  714,  626,  797,  522,  830,  667,  791,  789,  375,  996,  973,  788,  798,  317,  491,  877,  525,  375,  429,  350,  656,  207,  321,  651, 1006,  637,  751,  646,  367,  713,  826,  836,  654,  592,  728,  849,  627,  163,  972,  719,  737, 1055,  783,  798,  565,  886,  798,  219,  850,  514,  900,  313,  317,  812,  179,  137,  397,  236,  814,  857,  320,  602,  278,  814,  890,  714,  599,  367,  486,  104,   61,  689,  496,  427,  943,  344,  822,  391,  407,  557,  686,  673,  266,  703,  188,  591,  352,  634,  611,  399,  682,  889,   52,  821,  861,  171,  785,  727,  518, 1009,  391,  551,  822,  949,  342,  744,  820,  764,  344,  674,  358,  257,  895,  844,  592,  665,  873,  641,  374,  846,  413,  896,  958,  899,  997,  562],
        [  311,    0,  712,    0,  359,  617,  560,  334,  282,  485,  633,  449,  408,  322,  493,   33,  414,  315,  375,  418,  415,  239,  364,  183,  322,  484,  462,  440,  341,  458,  480,  431,  419,  497,  452,  738,  683,  629,  712,  521,  654,  443,  455,  215,  274,  303,  678,  173,  487,  531,  199,   55,  536,  297,  536,  423,  388,  326,  213,  446,  372,  172,  271,  556,  404,  405,  308,  566,  399,  188,  300,  537,  399,  678,  449,  556,  214,  242,  335,  277,  517,  252,  694,  839,  419,  387,  474,  381,  274,  748,  187,  190,  174,  569,  204,  347,  192,  400,  514,  524,  800,  700,  412,  608,  307,  304,  455,  129,  504,  118,  524,  697,  133,  533,  582,  763,  671,  136,  402,  474,  465,  487,  537,  329,  553,  549,  467,  324,  471,  495,  525,  555,  716,  283,  169,  425,  320,  469,  703,  451,  341,  665,  213,  605,  232,  313,  326,  521,  234,  482,  474,  661,  714,  401,  377,   40,  578,  587,  508,  175,  279,  550,  235,  451,  554,  298,  535,  188,  258,  478,  302,  553],
        [  560,    0,  377,  359,    0,  284,  626,  127,  640,  127,  354,  577,   85,   52,  242,  367,  669,   49,  551,   93,  602,  594,  494,  237,  269,  129,  538,  610,  654,  745,  316,  753,  529,  143,  594,  383,  472,  399,  526,  544,  424,  155,  586,  573,  591,  542,  506,  249,  633,  296,  519,  325,  487,  533,  216,  624,  600,  547,  421,  240,  161,  512,  291,  236,  308,   51,  439,  208,   62,  371,  639,  378,  408,  467,  295,  440,  523,  460,  452,  226,  606,  473,  467,  486,  602,  528,  587,  679,  519,  594,  273,  517,  422,  211,  534,  170,  537,  112,  169,  662,  442,  343,  285,  252,  444,  484,  102,  279,  279,  448,  559,  517,  232,  210,  314,  450,  327,  314,  186,  369,  586,  151,  675,  147,  421,  331,  379,  460,  217,  405,  196,  357,  377,  269,  319,  301,  466,  542,  382,  482,  492,  390,  409,  474,  244,  638,  136,  493,  446,  595,  300,  515,  589,  567,   46,  319,  250,  357,  558,  471,  366,  404,  497,  336,  233,  573,  410,  533,  589,  553,  625,  337],
        [  844,    0,   95,  617,  284,    0,  665,  288,  895,  185,  441,  671,  213,  303,  181,  633,  953,  331,  832,  202,  729,  837,  612,  520,  384,  166,  608,  726,  933, 1028,  289, 1031,  625,  154,  870,  162,  601,  529,  665,  793,  546,  345,  681,  826,  802,  825,  661,  532,  728,  458,  739,  573,  717,  705,  312,  906,  882,  706,  704,  239,  407,  782,  439,  317,  355,  260,  576,  139,  227,  563,  911,  571,  668,  597,  297,  646,  736,  743,  576,  503,  666,  756,  582,  238,  882,  644,  669,  961,  698,  747,  474,  791,  704,  156,  759,  428,  806,  218,  247,  746,  228,  145,  322,  191,  724,  766,  236,  508,  212,  720,  811,  663,  504,  304,  431,  172,   64,  595,  415,  365,  858,  270,  757,  299,  361,  495,  610,  593,  183,  630,   93,  528,  335,  545,  521,  327,  602,  806,  102,  740,  772,  167,  692,  664,  428,  914,  298,  497,  729,  865,  275,  687,  763,  689,  249,  580,  305,  218,  814,  750,  509,  599,  779,  565,  315,  761,  363,  802,  863,  816,  902,  500],
        [  862,    0,  722,  560,  626,  665,    0,  500,  667,  688,  977,  130,  585,  578,  490,  592,  955,  623,  934,  588,  215,  585,  198,  667,  358,  666,  100,  185,  846,  973,  377,  907,  143,  670, 1011,  827, 1095, 1024, 1145, 1058, 1048,  781,  130,  617,  461,  858, 1121,  667,  139,  919,  465,  517, 1045,  319,  833,  980,  944,  290,  772,  441,  762,  681,  353,  851,  331,  666,  252,  732,  602,  373,  772,  983,  921, 1091,  375, 1031,  443,  801,  225,  743,   50,  811, 1092,  884,  977,  183,  101,  896,  338, 1206,  420,  711,  733,  748,  487,  755,  685,  547,  770,  124,  891,  808,  362,  801,  860,  862,  704,  469,  455,  658, 1065, 1135,  589,  825,  939,  694,  726,  673,  794,  301, 1022,  764,  127,  480,  319,  952,  950,  236,  497,  980,  616,  974,  957,  774,  406,  351,  241, 1018,  679,  986,  898,  567,  770, 1073,  412,  808,  490,  171,  793, 1038,  392, 1122, 1191,  194,  597,  558,  858,  467, 1052,  723,  298, 1006,  788,  918,  848,  377,  311,  680,  756, 1027,  802,  958],
        [  594,    0,  381,  334,  127,  288,  500,    0,  608,  205,  477,  458,  100,   85,  167,  353,  705,  136,  608,  108,  491,  549,  379,  279,  145,  191,  415,  496,  664,  769,  204,  759,  410,  201,  663,  426,  599,  526,  652,  640,  550,  282,  468,  539,  520,  578,  632,  288,  515,  422,  454,  287,  596,  439,  335,  677,  648,  447,  458,  137,  278,  503,  178,  354,  182,  167,  328,  273,  109,  284,  633,  500,  500,  594,  179,  559,  452,  498,  337,  308,  482,  511,  594,  520,  660,  413,  466,  697,  428,  719,  190,  516,  446,  284,  473,  280,  525,   73,  277,  542,  492,  392,  161,  334,  505,  535,  208,  221,  190,  443,  653,  643,  237,  328,  439,  429,  346,  340,  307,  247,  661,  267,  555,   21,  307,  457,  490,  349,  142,  518,  197,  483,  479,  350,  237,  178,  355,  627,  369,  573,  553,  338,  448,  595,  147,  641,   13,  367,  484,  672,  190,  638,  711,  455,   98,  298,  363,  275,  649,  482,  255,  525,  522,  450,  351,  487,  294,  521,  588,  638,  629,  463],
        [  316,    0,  989,  282,  640,  895,  667,  608,    0,  767,  889,  537,  688,  603,  757,  276,  356,  596,  429,  699,  462,   83,  483,  440,  561,  766,  586,  494,  216,  333,  721,  247,  532,  779,  507, 1020,  910,  868,  926,  650,  891,  713,  538,   70,  211,  328,  888,  427,  548,  780,  207,  323,  704,  348,  808,  430,  398,  378,  343,  704,  635,  159,  500,  828,  636,  686,  454,  847,  681,  374,  131,  758,  570,  906,  691,  755,  227,  337,  478,  523,  618,  336,  927, 1120,  446,  488,  567,  267,  331,  943,  433,  178,  301,  851,  184,  607,  134,  677,  793,  582, 1081,  981,  653,  889,  433,  393,  736,  389,  761,  214,  644,  908,  411,  806,  838, 1033,  950,  366,  661,  694,  535,  765,  591,  600,  772,  791,  670,  457,  738,  693,  803,  789,  990,  512,  394,  662,  448,  577,  976,  593,  436,  926,  354,  803,  483,  177,  599,  696,  342,  553,  719,  861,  897,  474,  659,  322,  851,  838,  621,  239,  469,  764,  283,  669,  825,  294,  754,  134,  152,  581,  179,  794],
        [  675,    0,  269,  485,  127,  185,  688,  205,  767,    0,  305,  659,  107,  167,  228,  493,  782,  173,  654,  102,  696,  719,  583,  356,  345,   26,  610,  700,  775,  862,  334,  875,  611,   34,  688,  258,  452,  378,  513,  610,  398,  164,  669,  699,  710,  655,  502,  369,  716,  290,  640,  449,  536,  641,  159,  728,  706,  651,  536,  256,  223,  637,  383,  172,  357,   85,  533,   82,   99,  482,  764,  397,  484,  448,  323,  470,  642,  574,  541,  324,  675,  587,  439,  363,  704,  617,  665,  798,  629,  591,  384,  642,  542,   86,  656,  246,  663,  143,   88,  742,  316,  217,  327,  131,  546,  591,   52,  399,  272,  573,  627,  509,  358,  150,  280,  356,  213,  435,  231,  402,  675,   97,  754,  225,  433,  328,  428,  554,  209,  449,  121,  360,  275,  366,  432,  340,  560,  622,  286,  556,  593,  327,  523,  493,  348,  761,  217,  536,  560,  681,  316,  522,  599,  659,  116,  445,  173,  329,  630,  594,  460,  425,  615,  383,  170,  686,  427,  659,  713,  632,  748,  334],
        [  687,    0,  487,  633,  354,  441,  977,  477,  889,  305,    0,  929,  396,  404,  533,  626,  773,  368,  618,  395,  950,  867,  845,  454,  621,  331,  891,  960,  821,  868,  637,  916,  882,  333,  614,  393,  163,   99,  227,  468,  109,  205,  939,  832,  900,  666,  231,  466,  986,  114,  824,  620,  366,  870,  148,  689,  681,  887,  573,  559,  262,  735,  643,  134,  651,  311,  789,  305,  377,  707,  841,  202,  401,  159,  624,  271,  834,  599,  803,  367,  958,  609,  141,  479,  657,  880,  940,  825,  853,  312,  613,  726,  602,  287,  834,  287,  762,  435,  218, 1015,  406,  361,  624,  253,  527,  582,  276,  601,  576,  676,  489,  229,  506,  156,   52,  590,  429,  524,  232,  703,  589,  216, 1028,  498,  738,  122,  292,  811,  514,  293,  416,  146,  178,  382,  654,  638,  815,  517,  527,  447,  563,  606,  559,  265,  593,  821,  488,  834,  587,  587,  619,  266,  339,  917,  380,  597,  138,  628,  504,  666,  716,  222,  656,  262,  136,  900,  731,  760,  789,  525,  809,  122],
        [  743,    0,  741,  449,  577,  671,  130,  458,  537,  659,  929,    0,  552,  526,  491,  480,  832,  564,  821,  557,   92,  456,   91,  576,  314,  640,   77,   68,  719,  846,  388,  779,   49,  647,  899,  833, 1034,  965, 1080,  960,  990,  727,   11,  489,  332,  740, 1053,  574,   58,  859,  338,  411,  957,  190,  791,  863,  827,  160,  661,  435,  696,  558,  287,  810,  318,  622,  151,  714,  565,  268,  645,  911,  827, 1029,  376,  952,  315,  689,  130,  659,   81,  698, 1035,  903,  862,   62,   30,  770,  210, 1135,  335,  589,  620,  729,  359,  684,  561,  516,  734,   87,  899,  809,  351,  781,  754,  751,  665,  375,  464,  539,  966, 1067,  497,  784,  887,  730,  734,  571,  729,  318,  914,  723,  100,  437,  363,  890,  868,  131,  491,  898,  607,  909,  933,  686,  310,  345,  132,  915,  703,  889,  789,  602,  661,  997,  341,  681,  446,  224,  682,  930,  400, 1048, 1113,   65,  555,  453,  821,  498,  951,  605,  217,  932,  671,  839,  807,  247,  350,  556,  630,  924,  675,  895],
        [  635,    0,  307,  408,   85,  213,  585,  100,  688,  107,  396,  552,    0,   91,  160,  422,  745,  126,  633,   11,  589,  634,  476,  311,  239,   92,  505,  594,  721,  818,  247,  819,  504,  102,  678,  335,  531,  456,  588,  628,  479,  217,  562,  619,  614,  618,  572,  323,  610,  358,  546,  366,  569,  538,  250,  705,  679,  546,  496,  168,  242,  570,  277,  267,  256,   94,  426,  174,   25,  381,  699,  450,  492,  526,  230,  517,  546,  536,  435,  309,  571,  549,  522,  433,  684,  510,  559,  750,  526,  661,  285,  579,  493,  185,  564,  254,  594,   39,  185,  636,  399,  298,  228,  234,  525,  563,  120,  308,  200,  508,  643,  581,  292,  242,  363,  373,  263,  384,  263,  308,  670,  181,  648,  119,  351,  395,  460,  447,  135,  485,  120,  424,  382,  353,  333,  242,  454,  626,  306,  566,  574,  306,  485,  548,  245,  702,  112,  439,  522,  679,  229,  585,  660,  552,   41,  369,  273,  274,  642,  538,  353,  478,  569,  416,  264,  585,  342,  590,  651,  637,  690,  401],
        [  546,    0,  397,  322,   52,  303,  578,   85,  603,  167,  404,  526,   91,    0,  227,  334,  657,   53,  548,  101,  550,  553,  443,  223,  220,  163,  489,  559,  631,  728,  285,  729,  479,  176,  597,  417,  518,  446,  570,  562,  471,  203,  536,  535,  544,  529,  549,  234,  582,  341,  473,  284,  514,  483,  267,  619,  593,  496,  408,  212,  194,  482,  240,  288,  266,  101,  387,  246,   78,  320,  610,  416,  423,  513,  261,  475,  476,  447,  401,  233,  557,  461,  515,  518,  599,  477,  537,  660,  468,  636,  222,  490,  404,  252,  489,  197,  506,   99,  219,  612,  479,  379,  246,  296,  442,  478,  151,  232,  260,  419,  576,  560,  202,  261,  363,  462,  352,  294,  223,  331,  592,  202,  625,  103,  389,  375,  407,  409,  201,  434,  210,  400,  427,  276,  269,  262,  414,  553,  396,  497,  491,  388,  396,  511,  193,  612,   92,  450,  433,  602,  270,  554,  627,  516,   56,  283,  301,  342,  573,  448,  314,  441,  479,  366,  284,  524,  377,  502,  562,  564,  600,  381],
        [  760,    0,  257,  493,  242,  181,  490,  167,  757,  228,  533,  491,  160,  227,    0,  514,  871,  276,  772,  155,  550,  691,  433,  443,  213,  203,  428,  546,  827,  935,  115,  921,  445,  201,  824,  342,  679,  604,  738,  785,  625,  373,  501,  687,  641,  744,  725,  453,  548,  511,  584,  442,  728,  533,  387,  841,  813,  532,  624,   60,  401,  663,  272,  400,  175,  252,  400,  249,  185,  402,  792,  608,  648,  674,  117,  676,  577,  663,  398,  460,  488,  677,  666,  415,  823,  464,  490,  862,  528,  814,  324,  678,  612,  267,  605,  412,  684,  132,  316,  567,  408,  320,  142,  318,  667,  700,  265,  370,   44,  605,  800,  733,  403,  378,  507,  278,  244,  506,  422,  190,  819,  323,  578,  166,  207,  549,  619,  416,   27,  644,  128,  579,  476,  503,  367,  147,  425,  779,  229,  722,  715,  173,  614,  706,  275,  803,  171,  326,  650,  829,   99,  741,  817,  510,  197,  459,  399,  116,  798,  647,  336,  636,  688,  576,  397,  592,  203,  680,  749,  790,  791,  554],
        [  279,    0,  728,   33,  367,  633,  592,  353,  276,  493,  626,  480,  422,  334,  514,    0,  383,  322,  342,  432,  445,  242,  396,  173,  350,  494,  494,  471,  315,  430,  507,  407,  451,  508,  420,  749,  668,  617,  695,  493,  641,  441,  486,  212,  291,  271,  660,  161,  518,  521,  218,   84,  512,  326,  535,  391,  356,  355,  181,  470,  366,  150,  301,  555,  432,  412,  341,  575,  412,  220,  280,  520,  373,  664,  475,  536,  235,  210,  368,  264,  549,  220,  681,  851,  386,  419,  506,  354,  302,  728,  216,  165,  141,  577,  220,  340,  173,  417,  518,  555,  809,  709,  439,  614,  277,  271,  461,  156,  528,   92,  495,  679,  136,  532,  575,  782,  685,  115,  395,  503,  434,  490,  568,  349,  582,  537,  447,  357,  492,  475,  540,  542,  716,  266,  201,  453,  352,  439,  720,  423,  309,  687,  182,  585,  259,  289,  346,  553,  202,  450,  500,  642,  692,  432,  389,   56,  577,  611,  478,  144,  311,  533,  203,  434,  552,  322,  564,  169,  235,  448,  278,  541],
        [  111,    0, 1045,  414,  669,  953,  955,  705,  356,  782,  773,  832,  745,  657,  871,  383,    0,  622,  158,  755,  775,  415,  757,  434,  730,  792,  861,  805,  143,   98,  882,  184,  812,  806,  200, 1033,  730,  715,  722,  380,  732,  662,  836,  367,  543,  128,  683,  423,  858,  661,  504,  467,  469,  650,  751,  104,   95,  682,  249,  835,  578,  275,  684,  766,  812,  698,  709,  858,  728,  595,  226,  589,  376,  727,  850,  552,  528,  210,  736,  460,  908,  197,  756, 1139,  135,  774,  860,   99,  628,  710,  598,  244,  260,  854,  487,  549,  275,  754,  768,  894, 1082,  991,  816,  874,  249,  196,  735,  538,  891,  302,  366,  704,  469,  753,  727, 1117,  993,  366,  588,  884,  234,  736,  905,  707,  962,  654,  490,  721,  846,  501,  863,  637,  921,  423,  582,  831,  715,  302, 1050,  353,  211, 1040,  261,  593,  639,  179,  701,  933,  224,  248,  873,  644,  653,  775,  706,  434,  792,  977,  341,  240,  690,  582,  185,  513,  765,  615,  945,  280,  213,  301,  178,  654],
        [  513,    0,  425,  315,   49,  331,  623,  136,  596,  173,  368,  564,  126,   53,  276,  322,  622,    0,  507,  136,  582,  551,  479,  189,  266,  177,  532,  593,  606,  698,  337,  705,  518,  191,  552,  430,  473,  403,  523,  511,  428,  164,  574,  529,  555,  495,  500,  201,  620,  297,  482,  283,  462,  506,  240,  579,  554,  522,  374,  264,  143,  465,  278,  261,  316,   91,  421,  254,  107,  343,  592,  366,  373,  468,  313,  423,  487,  412,  437,  185,  599,  426,  472,  534,  558,  513,  577,  631,  490,  587,  246,  470,  374,  256,  496,  144,  490,  145,  204,  650,  489,  390,  297,  294,  399,  438,  141,  244,  310,  401,  525,  513,  186,  235,  324,  497,  375,  266,  173,  383,  546,  181,  664,  153,  441,  330,  355,  443,  250,  382,  242,  352,  411,  229,  290,  314,  447,  504,  429,  447,  448,  431,  361,  460,  225,  590,  142,  499,  398,  555,  322,  505,  577,  550,   86,  275,  278,  391,  523,  423,  350,  391,  449,  314,  258,  542,  429,  487,  542,  515,  577,  335],
        [  115,    0,  922,  375,  551,  832,  934,  608,  429,  654,  618,  821,  633,  548,  772,  342,  158,  507,    0,  642,  778,  464,  737,  329,  662,  668,  836,  806,  253,  256,  800,  328,  793,  681,   83,  898,  573,  558,  566,  234,  575,  521,  826,  414,  576,  102,  527,  321,  856,  507,  520,  420,  315,  654,  606,   75,   64,  686,  165,  744,  440,  296,  625,  620,  741,  573,  683,  726,  612,  562,  316,  432,  219,  570,  770,  395,  543,  133,  709,  330,  891,  124,  599, 1003,   52,  760,  847,  233,  631,  559,  539,  266,  201,  720,  510,  413,  310,  647,  630,  893,  943,  856,  739,  735,  109,   76,  605,  480,  798,  289,  224,  548,  385,  609,  573, 1001,  867,  280,  446,  815,  107,  598,  905,  614,  891,  498,  333,  698,  746,  344,  747,  481,  771,  289,  536,  755,  694,  156,  932,  198,   61,  936,  170,  437,  572,  275,  607,  885,  142,  125,  789,  489,  504,  770,  592,  380,  646,  883,  199,  224,  648,  425,  160,  357,  619,  634,  874,  313,  279,  158,  266,  499],
        [  645,    0,  297,  418,   93,  202,  588,  108,  699,  102,  395,  557,   11,  101,  155,  432,  755,  136,  642,    0,  596,  644,  482,  322,  244,   84,  509,  600,  732,  828,  245,  829,  509,   94,  687,  325,  532,  457,  590,  635,  480,  220,  567,  630,  624,  628,  574,  333,  615,  360,  556,  376,  575,  546,  248,  714,  689,  554,  507,  166,  248,  581,  284,  265,  258,   98,  433,  166,   32,  390,  710,  454,  500,  527,  230,  521,  556,  546,  441,  318,  575,  559,  522,  423,  693,  516,  564,  760,  534,  663,  294,  590,  504,  177,  574,  261,  605,   42,  182,  641,  389,  289,  230,  227,  535,  573,  119,  317,  196,  518,  650,  583,  302,  240,  363,  362,  253,  395,  268,  308,  679,  180,  653,  126,  349,  397,  465,  454,  131,  490,  110,  427,  376,  362,  342,  244,  461,  634,  296,  574,  583,  297,  495,  551,  253,  713,  120,  440,  532,  688,  228,  588,  664,  558,   51,  380,  270,  268,  650,  548,  360,  482,  579,  422,  262,  594,  340,  601,  662,  645,  701,  403],
        [  692,    0,  805,  415,  602,  729,  215,  491,  462,  696,  950,   92,  589,  550,  550,  445,  775,  582,  778,  596,    0,  382,  118,  564,  355,  680,  166,   33,  654,  781,  455,  707,  119,  688,  859,  889, 1043,  977, 1084,  935, 1002,  745,   88,  419,  252,  691, 1055,  559,   87,  871,  272,  386,  942,  125,  817,  814,  778,   94,  624,  491,  705,  501,  314,  837,  377,  649,  164,  758,  599,  254,  576,  912,  808, 1038,  438,  947,  248,  648,  156,  653,  167,  656, 1046,  965,  816,   87,  118,  706,  148, 1134,  340,  533,  581,  771,  291,  690,  500,  556,  766,  121,  956,  862,  409,  822,  721,  712,  696,  367,  527,  491,  939, 1071,  486,  811,  905,  802,  793,  546,  738,  390,  876,  751,  132,  472,  444,  899,  860,  143,  547,  890,  658,  915,  970,  674,  304,  406,  137,  884,  770,  865,  752,  675,  626,  993,  358,  615,  479,  312,  642,  892,  465, 1047, 1108,   42,  587,  427,  850,  571,  922,  557,  237,  931,  623,  835,  834,  169,  429,  496,  567,  892,  611,  904],
        [  356,    0,  929,  239,  594,  837,  585,  549,   83,  719,  867,  456,  634,  553,  691,  242,  415,  551,  464,  644,  382,    0,  401,  414,  489,  716,  504,  414,  281,  404,  649,  326,  450,  729,  545,  968,  902,  854,  923,  672,  878,  681,  457,   51,  133,  364,  887,  402,  468,  760,  126,  270,  715,  266,  774,  477,  443,  296,  352,  636,  607,  170,  428,  795,  562,  641,  373,  799,  629,  299,  198,  751,  578,  897,  619,  756,  145,  355,  396,  503,  536,  357,  916, 1066,  489,  406,  485,  333,  248,  947,  367,  199,  306,  804,  102,  581,  154,  620,  752,  502, 1031,  930,  581,  844,  449,  417,  692,  329,  692,  206,  668,  906,  371,  771,  816,  968,  894,  347,  636,  618,  570,  726,  511,  539,  695,  775,  669,  376,  674,  694,  745,  777,  954,  498,  325,  589,  366,  603,  914,  610,  460,  858,  361,  805,  416,  241,  539,  615,  357,  588,  648,  863,  905,  392,  607,  278,  816,  767,  646,  251,  392,  760,  308,  663,  792,  214,  677,  151,  202,  609,  240,  779],
        [  664,    0,  689,  364,  494,  612,  198,  379,  483,  583,  845,   91,  476,  443,  433,  396,  757,  479,  737,  482,  118,  401,    0,  486,  239,  566,  106,  118,  651,  778,  341,  717,   56,  573,  815,  772,  947,  878,  991,  871,  904,  642,   99,  428,  289,  660,  964,  484,  142,  772,  277,  323,  867,  143,  709,  782,  746,  124,  576,  374,  608,  484,  204,  729,  260,  540,   61,  643,  487,  180,  580,  822,  738,  942,  323,  862,  256,  605,   43,  569,  154,  614,  948,  848,  780,   35,  112,  701,  155, 1045,  245,  514,  537,  656,  300,  596,  490,  442,  655,  175,  839,  745,  292,  708,  667,  667,  586,  285,  411,  460,  877,  979,  407,  702,  802,  689,  676,  482,  641,  279,  828,  642,  189,  359,  340,  802,  778,   41,  430,  808,  541,  820,  857,  596,  220,  290,   44,  827,  655,  800,  703,  562,  575,  907,  254,  614,  367,  225,  597,  844,  349,  959, 1024,   78,  476,  365,  740,  459,  863,  525,  129,  842,  590,  749,  726,  210,  324,  484,  561,  836,  607,  808],
        [  324,    0,  613,  183,  237,  520,  667,  279,  440,  356,  454,  576,  311,  223,  443,  173,  434,  189,  329,  322,  564,  414,  486,    0,  348,  363,  568,  584,  420,  509,  474,  519,  537,  377,  386,  613,  501,  446,  533,  393,  471,  274,  584,  380,  456,  307,  500,   14,  624,  349,  381,  185,  381,  458,  369,  399,  371,  483,  186,  415,  195,  293,  324,  389,  423,  271,  426,  436,  294,  312,  414,  357,  255,  497,  445,  384,  394,  225,  449,   95,  632,  238,  512,  718,  381,  516,  597,  443,  437,  574,  248,  292,  187,  435,  387,  168,  320,  321,  362,  659,  668,  571,  417,  464,  227,  257,  315,  202,  469,  230,  402,  518,   80,  368,  403,  683,  563,   81,  223,  497,  387,  332,  673,  286,  569,  366,  297,  446,  418,  326,  430,  373,  551,  111,  267,  433,  446,  363,  616,  322,  274,  609,  174,  432,  265,  407,  278,  584,  211,  399,  462,  487,  545,  541,  272,  151,  412,  554,  392,  240,  370,  373,  260,  275,  387,  471,  553,  317,  362,  373,  394,  370],
        [  622,    0,  468,  322,  269,  384,  358,  145,  561,  345,  621,  314,  239,  220,  213,  350,  730,  266,  662,  244,  355,  489,  239,  348,    0,  327,  270,  356,  662,  779,  162,  749,  266,  335,  728,  539,  738,  666,  788,  736,  690,  423,  324,  492,  429,  611,  766,  352,  372,  561,  376,  268,  707,  322,  480,  723,  690,  323,  500,  154,  407,  490,   62,  498,   83,  311,  195,  404,  252,  193,  614,  629,  595,  733,  132,  682,  367,  537,  199,  406,  338,  549,  735,  622,  711,  273,  322,  703,  316,  852,  136,  511,  475,  418,  398,  402,  507,  204,  421,  398,  606,  510,   94,  469,  568,  587,  352,  194,  205,  439,  746,  778,  279,  472,  582,  488,  447,  383,  438,  155,  731,  411,  411,  124,  233,  594,  606,  214,  202,  635,  306,  617,  620,  443,  168,  104,  222,  710,  441,  666,  613,  371,  493,  722,   92,  632,  134,  241,  525,  744,  159,  768,  839,  316,  243,  297,  508,  278,  738,  493,  126,  653,  546,  569,  495,  379,  215,  502,  577,  720,  622,  600],
        [  684,    0,  255,  484,  129,  166,  666,  191,  766,   26,  331,  640,   92,  163,  203,  494,  792,  177,  668,   84,  680,  716,  566,  363,  327,    0,  590,  683,  782,  871,  309,  881,  592,   15,  704,  255,  478,  403,  539,  630,  424,  187,  650,  698,  702,  666,  528,  376,  698,  316,  633,  446,  559,  628,  185,  742,  719,  637,  546,  232,  242,  640,  368,  198,  336,   95,  517,   84,   89,  471,  767,  421,  503,  474,  299,  494,  634,  584,  525,  338,  655,  597,  465,  358,  718,  600,  645,  806,  617,  617,  374,  646,  549,   94,  650,  263,  665,  124,  114,  723,  316,  216,  305,  143,  559,  603,   74,  393,  246,  576,  647,  534,  360,  176,  306,  338,  201,  441,  252,  378,  692,  123,  735,  210,  408,  354,  450,  538,  184,  472,   96,  386,  293,  380,  422,  318,  544,  640,  268,  575,  607,  303,  533,  518,  336,  766,  203,  513,  569,  699,  291,  548,  625,  642,  109,  445,  198,  303,  650,  599,  444,  449,  623,  405,  195,  675,  402,  661,  718,  651,  753,  359],
        [  766,    0,  674,  462,  538,  608,  100,  415,  586,  610,  891,   77,  505,  489,  428,  494,  861,  532,  836,  509,  166,  504,  106,  568,  270,  590,    0,  144,  756,  883,  321,  822,   56,  595,  912,  770, 1004,  934, 1053,  959,  958,  692,   85,  532,  388,  761, 1028,  567,  125,  828,  381,  418,  947,  242,  749,  883,  847,  216,  673,  374,  669,  589,  257,  768,  258,  581,  154,  660,  520,  275,  685,  888,  822,  999,  311,  935,  360,  703,  127,  645,   68,  714, 1003,  836,  880,  101,   64,  806,  257, 1112,  321,  618,  635,  675,  404,  660,  595,  467,  689,  139,  836,  748,  291,  728,  761,  764,  621,  370,  398,  562,  966, 1042,  490,  742,  851,  658,  670,  574,  701,  248,  924,  681,  150,  394,  288,  860,  853,  140,  431,  883,  548,  882,  882,  676,  307,  283,  147,  918,  634,  887,  799,  530,  671,  978,  316,  719,  404,  148,  695,  939,  334, 1027, 1095,  131,  512,  459,  776,  427,  953,  627,  199,  911,  692,  821,  765,  305,  275,  590,  666,  928,  712,  866],
        [  721,    0,  798,  440,  610,  726,  185,  496,  494,  700,  960,   68,  594,  559,  546,  471,  805,  593,  806,  600,   33,  414,  118,  584,  356,  683,  144,    0,  686,  812,  447,  739,  105,  691,  886,  886, 1057,  990, 1100,  959, 1016,  756,   61,  451,  284,  720, 1071,  580,   55,  884,  303,  409,  963,  155,  826,  843,  807,  123,  650,  488,  719,  531,  320,  845,  372,  657,  172,  760,  605,  273,  607,  928,  830, 1052,  432,  965,  279,  675,  160,  671,  137,  683, 1060,  959,  845,   84,   91,  737,  178, 1151,  354,  563,  607,  774,  322,  705,  531,  559,  772,   90,  953,  860,  405,  825,  747,  739,  703,  385,  521,  520,  963, 1087,  506,  819,  916,  792,  789,  569,  752,  379,  902,  759,  101,  476,  428,  913,  879,  150,  544,  909,  657,  930,  974,  694,  321,  400,  146,  909,  762,  888,  778,  664,  652, 1011,  368,  646,  485,  292,  669,  919,  457, 1064, 1127,   44,  593,  450,  857,  560,  947,  585,  245,  948,  652,  853,  842,  201,  414,  526,  598,  918,  642,  918],
        [  145,    0, 1028,  341,  654,  933,  846,  664,  216,  775,  821,  719,  721,  631,  827,  315,  143,  606,  253,  732,  654,  281,  651,  420,  662,  782,  756,  686,    0,  128,  820,  100,  705,  796,  320, 1032,  805,  777,  807,  486,  798,  680,  722,  237,  413,  165,  767,  407,  739,  707,  384,  395,  562,  532,  774,  230,  205,  564,  251,  784,  595,  174,  609,  792,  743,  691,  609,  855,  707,  503,   86,  655,  446,  801,  789,  633,  407,  223,  635,  473,  798,  213,  827, 1138,  254,  664,  748,   53,  511,  807,  527,  152,  235,  854,  364,  565,  163,  722,  778,  775, 1087,  991,  753,  882,  303,  250,  734,  469,  842,  224,  476,  788,  431,  774,  772, 1090,  980,  341,  613,  812,  352,  747,  785,  662,  891,  708,  558,  618,  805,  575,  841,  698,  952,  446,  502,  765,  611,  409, 1026,  445,  284, 1000,  266,  678,  572,   40,  658,  844,  235,  368,  814,  733,  754,  659,  684,  370,  816,  926,  451,  184,  602,  654,  168,  571,  789,  489,  873,  168,   91,  410,   45,  710],
        [  189,    0, 1122,  458,  745, 1028,  973,  769,  333,  862,  868,  846,  818,  728,  935,  430,   98,  698,  256,  828,  781,  404,  778,  509,  779,  871,  883,  812,  128,    0,  936,  108,  832,  885,  295, 1116,  828,  812,  820,  476,  829,  749,  849,  362,  536,  209,  781,  497,  866,  755,  510,  512,  567,  659,  840,  199,  193,  690,  326,  895,  665,  298,  729,  856,  861,  777,  735,  940,  802,  627,  206,  686,  473,  825,  904,  650,  534,  289,  762,  545,  925,  276,  854, 1222,  231,  791,  875,   78,  638,  807,  645,  272,  325,  937,  491,  636,  289,  823,  853,  901, 1167, 1074,  869,  959,  342,  288,  817,  586,  952,  341,  461,  802,  533,  842,  821, 1189, 1071,  434,  678,  931,  329,  822,  911,  769, 1010,  750,  587,  745,  911,  599,  937,  734, 1013,  511,  623,  882,  737,  399, 1124,  451,  307, 1106,  339,  691,  689,  166,  764,  968,  303,  342,  928,  741,  750,  786,  780,  484,  882, 1037,  436,  289,  726,  680,  250,  609,  855,  615,  992,  294,  218,  397,  172,  750],
        [  772,    0,  354,  480,  316,  289,  377,  204,  721,  334,  637,  388,  247,  285,  115,  507,  882,  337,  800,  245,  455,  649,  341,  474,  162,  309,  321,  447,  820,  936,    0,  909,  344,  310,  860,  451,  776,  702,  834,  844,  724,  463,  398,  653,  580,  759,  818,  481,  444,  604,  532,  426,  799,  457,  490,  866,  834,  451,  643,   80,  476,  650,  221,  505,   89,  340,  318,  363,  270,  351,  775,  693,  704,  772,   32,  756,  521,  681,  310,  511,  378,  694,  767,  516,  851,  369,  384,  860,  456,  906,  296,  669,  623,  380,  555,  481,  667,  209,  421,  459,  516,  432,   69,  432,  700,  726,  363,  352,   78,  597,  857,  827,  417,  481,  607,  349,  351,  524,  502,   76,  860,  423,  470,  192,  105,  641,  691,  331,  127,  718,  243,  669,  590,  553,  329,   60,  341,  829,  316,  777,  748,  223,  635,  790,  249,  792,  202,  211,  669,  872,   18,  829,  904,  414,  275,  452,  506,  122,  852,  648,  266,  720,  697,  650,  502,  520,   96,  662,  736,  840,  781,  647],
        [  232,    0, 1126,  431,  753, 1031,  907,  759,  247,  875,  916,  779,  819,  729,  921,  407,  184,  705,  328,  829,  707,  326,  717,  519,  749,  881,  822,  739,  100,  108,  909,    0,  769,  895,  382, 1132,  893,  869,  891,  559,  889,  778,  780,  291,  457,  253,  852,  506,  793,  803,  442,  484,  642,  589,  872,  286,  270,  620,  350,  876,  694,  260,  694,  890,  830,  790,  680,  955,  805,  581,  139,  746,  534,  890,  878,  718,  465,  319,  706,  572,  858,  309,  917, 1237,  315,  726,  808,   96,  570,  886,  614,  243,  334,  954,  420,  664,  243,  819,  877,  827, 1187, 1090,  841,  982,  393,  339,  834,  558,  934,  317,  546,  873,  528,  873,  868, 1186, 1078,  440,  711,  896,  416,  846,  836,  756,  976,  802,  648,  687,  899,  663,  939,  790, 1050,  543,  586,  853,  679,  480, 1123,  524,  368, 1094,  364,  762,  661,  119,  752,  919,  332,  430,  904,  815,  831,  716,  783,  463,  915, 1017,  521,  282,  680,  743,  266,  664,  888,  539,  957,  248,  174,  480,  130,  803],
        [  719,    0,  696,  419,  529,  625,  143,  410,  532,  611,  882,   49,  504,  479,  445,  451,  812,  518,  793,  509,  119,  450,   56,  537,  266,  592,   56,  105,  705,  832,  344,  769,    0,  599,  870,  786,  989,  920, 1035,  924,  945,  680,   59,  479,  333,  715, 1009,  535,  107,  813,  327,  378,  918,  186,  743,  838,  802,  161,  631,  388,  651,  539,  241,  763,  271,  574,  113,  666,  517,  234,  633,  867,  790,  984,  330,  910,  306,  660,   89,  618,   99,  670,  989,  857,  836,   46,   61,  755,  202, 1091,  293,  569,  592,  681,  350,  640,  544,  468,  686,  133,  852,  761,  304,  733,  722,  722,  618,  336,  418,  515,  930, 1023,  458,  736,  841,  688,  688,  536,  684,  275,  883,  675,  146,  389,  326,  845,  827,   95,  444,  857,  559,  864,  885,  646,  272,  299,   99,  881,  659,  853,  758,  560,  630,  954,  296,  667,  398,  194,  653,  899,  354, 1005, 1071,   80,  508,  419,  773,  456,  917,  581,  172,  889,  646,  797,  760,  250,  311,  539,  615,  891,  661,  850],
        [  698,    0,  241,  497,  143,  154,  670,  201,  779,   34,  333,  647,  102,  176,  201,  508,  806,  191,  681,   94,  688,  729,  573,  377,  335,   15,  595,  691,  796,  885,  310,  895,  599,    0,  717,  242,  483,  408,  544,  642,  428,  197,  657,  711,  714,  680,  534,  390,  705,  323,  645,  459,  569,  639,  188,  755,  733,  647,  560,  234,  254,  654,  377,  200,  340,  109,  526,   73,  101,  482,  781,  430,  515,  478,  301,  503,  646,  598,  533,  352,  660,  611,  468,  344,  731,  607,  652,  820,  627,  623,  385,  660,  563,   84,  662,  275,  679,  132,  116,  729,  303,  203,  309,  135,  573,  617,   84,  405,  245,  590,  659,  540,  374,  179,  310,  325,  187,  455,  264,  380,  705,  129,  741,  219,  407,  361,  461,  546,  184,  482,   88,  393,  288,  394,  433,  321,  553,  653,  255,  587,  621,  294,  547,  526,  346,  780,  213,  515,  584,  712,  292,  554,  631,  650,  122,  458,  198,  298,  662,  613,  453,  458,  637,  415,  197,  686,  402,  675,  732,  663,  768,  366],
        [  192,    0,  956,  452,  594,  870, 1011,  663,  507,  688,  614,  899,  678,  597,  824,  420,  200,  552,   83,  687,  859,  545,  815,  386,  728,  704,  912,  886,  320,  295,  860,  382,  870,  717,    0,  922,  548,  544,  533,  182,  558,  544,  905,  495,  658,  182,  494,  380,  935,  508,  602,  495,  279,  735,  622,   97,  116,  766,  240,  800,  467,  378,  694,  634,  806,  610,  759,  756,  656,  638,  390,  418,  218,  546,  831,  369,  624,  212,  786,  370,  969,  204,  576, 1027,   67,  838,  925,  290,  712,  514,  610,  347,  280,  748,  592,  443,  392,  696,  654,  972,  963,  881,  802,  758,  161,  149,  637,  552,  852,  370,  167,  515,  449,  626,  573, 1040,  899,  347,  468,  880,   35,  623,  985,  671,  954,  493,  323,  776,  798,  326,  788,  471,  777,  326,  610,  818,  772,  107,  971,  170,  115,  983,  242,  405,  639,  346,  663,  956,  218,   49,  848,  452,  456,  849,  637,  454,  659,  937,  142,  306,  722,  406,  242,  356,  633,  716,  938,  394,  356,  103,  339,  493],
