{
    "name": "random-52-27837",
    "comment": "size=52 seed=27837",
    "nodes": ["+0", "-0", "+1", "-1", "+2", "-2", "+3", "-3", "+4", "-4", "+5", "-5", "+6", "-6", "+7", "-7", "+8", "-8", "+9", "-9", "+10", "-10", "+11", "-11", "+12", "-12", "+13", "-13", "+14", "-14", "+15", "-15", "+16", "-16", "+17", "-17", "+18", "-18", "+19", "-19", "+20", "-20", "+21", "-21", "+22", "-22", "+23", "-23", "+24", "-24", "+25", "-25", "+26", "-26", "+27", "-27", "+28", "-28", "+29", "-29", "+30", "-30", "+31", "-31", "+32", "-32", "+33", "-33", "+34", "-34", "+35", "-35", "+36", "-36", "+37", "-37", "+38", "-38", "+39", "-39", "+40", "-40", "+41", "-41", "+42", "-42", "+43", "-43", "+44", "-44", "+45", "-45", "+46", "-46", "+47", "-47", "+48", "-48", "+49", "-49", "+50", "-50", "+51", "-51", "+52", "-52"],
    "precedence": {
        "+0": "-0",
        "+1": "-1",
        "+2": "-2",
        "+3": "-3",
        "+4": "-4",
        "+5": "-5",
        "+6": "-6",
        "+7": "-7",
        "+8": "-8",
        "+9": "-9",
        "+10": "-10",
        "+11": "-11",
        "+12": "-12",
        "+13": "-13",
        "+14": "-14",
        "+15": "-15",
        "+16": "-16",
        "+17": "-17",
        "+18": "-18",
        "+19": "-19",
        "+20": "-20",
        "+21": "-21",
        "+22": "-22",
        "+23": "-23",
        "+24": "-24",
        "+25": "-25",
        "+26": "-26",
        "+27": "-27",
        "+28": "-28",
        "+29": "-29",
        "+30": "-30",
        "+31": "-31",
        "+32": "-32",
        "+33": "-33",
        "+34": "-34",
        "+35": "-35",
        "+36": "-36",
        "+37": "-37",
        "+38": "-38",
        "+39": "-39",
        "+40": "-40",
        "+41": "-41",
        "+42": "-42",
        "+43": "-43",
        "+44": "-44",
        "+45": "-45",
        "+46": "-46",
        "+47": "-47",
        "+48": "-48",
        "+49": "-49",
        "+50": "-50",
        "+51": "-51",
        "+52": "-52"
    },
    "edges": [
        [    0,    0,  551,  226,  607,  102,  413,  262,   35,  206,  366,  758,  179,  410,  309,  332,  255,  742,  396,  386,  407,  497,  498,  305,  831,  492,  547,  575,   71,  263,  250,  371,  128,  323,  520,   84,  664,  195,  249,  500,  452,  605,  564,  507,  209,  323,  418,  308,  660,  534,  371,  463,  358,  759,  239,  412,  735,  425,  368,  598,  560,  255,  636,  316,  394,  103,  637,  748,  417,  697,  300,  269,  457,  715,  694,  591,  386,  302,  642,  340,  756,  588,  291,  506,  312,  684,  306,  330,  425,  434,  197,  552,  762,  468,  500,  303,  531,  768,  246,  763,  742,  362,  449,  200,  256,  846],
        [    0,    0,    0,    0,    0,    0,    0,    0,    0,    0,    0,    0,    0,    0,    0,    0,    0,    0,    0,    0,    0,    0,    0,    0,    0,    0,    0,    0,    0,    0,    0,    0,    0,    0,    0,    0,    0,    0,    0,    0,    0,    0,    0,    0,    0,    0,    0,    0,    0,    0,    0,    0,    0,    0,    0,    0,    0,    0,    0,    0,    0,    0,    0,    0,    0,    0,    0,    0,    0,    0,    0,    0,    0,    0,    0,    0,    0,    0,    0,    0,    0,    0,    0,    0,    0,    0,    0,    0,    0,    0,    0,    0,    0,    0,    0,    0,    0,    0,    0,    0,    0,    0,    0,    0,    0,    0],
        [  551,    0,    0,  329,   66,  601,  646,  798,  518,  673,  699,  477,  540,  205,  523,  788,  624,  541,  452,  770,  267,  935,  736,  322,  425,   72,  361,  297,  621,  507,  792,  682,  544,  726,  293,  546,  224,  706,  548,  232,  102,  256,   19,  155,  690,  832,  831,  445,  188,  302,  580,  189,  776,  388,  725,  139,  436,  262,  337,  252,   20,  303,  265,  806,  164,  610,  202,  456,  193,  149,  429,  299,  689,  574,  359,  136,  654,  698,  535,  702,  217,  582,  535,  847,  489,  572,  327,  390,  707,  579,  724,  119,  427,  919,  459,  704,  536,  246,  471,  286,  194,  836,  828,  386,  445,  547],
        [  226,    0,  329,    0,  388,  294,  417,  470,  193,  385,  477,  624,  234,  229,  336,  479,  330,  637,  352,  528,  258,  674,  571,  127,  623,  275,  422,  377,  296,  296,  474,  470,  256,  472,  374,  241,  444,  381,  269,  333,  234,  395,  341,  286,  370,  532,  578,  282,  459,  389,  410,  246,  478,  594,  432,  191,  593,  226,  260,  388,  340,   81,  461,  514,  169,  283,  444,  610,  197,  477,  205,  105,  522,  632,  536,  367,  462,  445,  565,  465,  530,  550,  333,  633,  316,  610,  132,  261,  514,  448,  412,  348,  610,  651,  372,  408,  489,  543,  258,  541,  522,  553,  593,   80,  187,  712],
        [  607,    0,   66,  388,    0,  652,  711,  858,  576,  719,  731,  442,  603,  236,  554,  852,  688,  514,  472,  805,  290,  972,  757,  387,  436,  117,  353,  345,  678,  542,  845,  712,  592,  764,  289,  597,  245,  767,  613,  233,  156,  296,   64,  212,  752,  879,  867,  476,  136,  295,  606,  251,  841,  342,  772,  198,  400,  326,  362,  293,   50,  356,  232,  851,  227,  670,  160,  420,  258,   91,  494,  349,  711,  554,  322,  170,  682,  737,  523,  737,  186,  582,  568,  875,  519,  557,  392,  419,  734,  597,  775,  108,  385,  958,  518,  769,  540,  226,  509,  285,  135,  879,  860,  449,  510,  506],
        [  102,    0,  601,  294,  652,    0,  510,  277,  128,  105,  271,  740,  279,  435,  251,  392,  347,  711,  358,  285,  416,  398,  410,  392,  914,  536,  533,  661,   96,  210,  196,  279,   74,  223,  518,   56,  738,  246,  349,  511,  499,  686,  616,  579,  275,  238,  317,  274,  686,  531,  300,  538,  429,  758,  143,  464,  722,  509,  362,  679,  608,  298,  645,  223,  455,  181,  658,  734,  490,  742,  400,  304,  372,  675,  691,  659,  300,  202,  602,  243,  813,  535,  228,  406,  264,  641,  394,  311,  334,  368,  124,  583,  755,  370,  599,  384,  481,  831,  208,  834,  786,  266,  348,  288,  356,  827],
        [  413,    0,  646,  417,  711,  510,    0,  423,  399,  608,  778, 1036,  236,  635,  699,  276,  171, 1054,  753,  793,  673,  880,  908,  338,  689,  628,  838,  461,  427,  652,  564,  783,  536,  731,  786,  494,  614,  338,  169,  739,  590,  521,  649,  513,  290,  677,  817,  670,  822,  802,  769,  465,  224,  991,  627,  546, 1002,  390,  675,  517,  664,  497,  855,  689,  503,  337,  821, 1020,  454,  780,  226,  521,  865, 1047,  940,  594,  795,  712,  980,  751,  774,  954,  686,  915,  691, 1024,  332,  666,  836,  824,  559,  719, 1014,  847,  262,  187,  893,  758,  623,  705,  822,  739,  855,  340,  231, 1122],
        [  262,    0,  798,  470,  858,  277,  423,    0,  288,  317,  504, 1011,  290,  671,  527,  178,  269,  987,  635,  480,  668,  507,  650,  509, 1018,  744,  802,  760,  199,  487,  179,  521,  348,  428,  779,  313,  877,  103,  330,  761,  703,  803,  810,  729,  142,  297,  476,  549,  919,  793,  570,  679,  236, 1019,  301,  660,  991,  624,  625,  797,  809,  513,  897,  327,  636,  189,  898, 1004,  640,  946,  450,  528,  622,  952,  954,  817,  554,  422,  879,  469,  992,  810,  504,  595,  541,  918,  507,  581,  573,  639,  222,  810, 1020,  471,  623,  239,  757,  997,  483,  977,  991,  373,  526,  417,  408, 1099],
        [   35,    0,  518,  193,  576,  128,  399,  288,    0,  232,  382,  740,  164,  383,  309,  343,  249,  728,  387,  407,  384,  525,  509,  272,  798,  460,  529,  542,  104,  262,  284,  385,  138,  345,  499,   96,  630,  214,  233,  476,  421,  571,  532,  473,  221,  356,  443,  299,  631,  513,  374,  429,  364,  736,  268,  380,  715,  391,  349,  564,  528,  226,  611,  347,  361,  116,  610,  730,  383,  665,  272,  241,  466,  704,  672,  557,  396,  323,  632,  358,  723,  583,  293,  526,  308,  674,  273,  315,  438,  435,  230,  523,  741,  497,  472,  305,  524,  734,  240,  729,  710,  392,  472,  167,  229,  828],
        [  206,    0,  673,  385,  719,  105,  608,  317,  232,    0,  189,  748,  381,  491,  238,  462,  442,  705,  359,  186,  459,  295,  335,  491, 1008,  605,  550,  759,  183,  212,  175,  204,  132,  125,  548,  147,  826,  316,  450,  552,  572,  780,  690,  668,  354,  161,  213,  288,  737,  559,  262,  630,  506,  783,   53,  541,  736,  606,  396,  773,  678,  374,  682,  133,  537,  273,  705,  745,  581,  809,  504,  375,  305,  660,  716,  743,  237,  110,  589,  156,  889,  507,  213,  308,  262,  624,  494,  338,  257,  332,  101,  640,  773,  269,  703,  470,  460,  910,  229,  920,  851,  169,  247,  388,  460,  832],
        [  366,    0,  699,  477,  731,  271,  778,  504,  382,  189,    0,  647,  543,  497,  178,  650,  617,  584,  283,   81,  444,  250,  147,  600, 1082,  627,  476,  850,  363,  195,  344,   27,  246,   85,  498,  286,  886,  504,  613,  523,  603,  858,  717,  734,  540,  271,  146,  256,  713,  505,  142,  706,  693,  709,  206,  585,  645,  701,  372,  851,  698,  435,  633,  225,  596,  451,  676,  649,  657,  815,  640,  425,  124,  527,  643,  796,   73,   82,  461,   36,  913,  363,  164,  156,  212,  488,  604,  313,   70,  195,  283,  635,  687,  246,  834,  653,  331,  944,  233,  972,  853,  215,  130,  508,  601,  722],
        [  758,    0,  477,  624,  442,  740, 1036, 1011,  740,  748,  647,    0,  851,  402,  512, 1079,  950,  103,  390,  726,  367,  887,  582,  704,  869,  448,  212,  773,  813,  539,  919,  621,  667,  719,  251,  699,  685,  952,  892,  299,  473,  732,  489,  625,  959,  894,  790,  467,  314,  236,  509,  645, 1091,  127,  795,  508,   43,  704,  391,  728,  459,  548,  212,  851,  552,  855,  283,   23,  624,  460,  812,  524,  557,  174,  120,  609,  575,  700,  203,  672,  579,  311,  536,  734,  487,  203,  711,  431,  608,  453,  841,  362,   75,  890,  910, 1024,  321,  631,  533,  711,  465,  855,  756,  704,  806,   90],
        [  179,    0,  540,  234,  603,  279,  236,  290,  164,  381,  543,  851,    0,  462,  467,  249,  100,  854,  531,  563,  484,  665,  673,  228,  729,  498,  644,  471,  207,  420,  374,  548,  301,  501,  601,  259,  592,  188,   70,  564,  457,  515,  548,  449,  158,  473,  592,  445,  688,  617,  535,  398,  245,  827,  407,  411,  822,  338,  469,  509,  554,  304,  694,  477,  377,  127,  676,  838,  364,  687,  162,  327,  629,  839,  768,  538,  559,  480,  768,  518,  718,  731,  453,  684,  462,  812,  225,  449,  601,  593,  347,  578,  841,  633,  348,  175,  671,  717,  393,  691,  732,  525,  626,  158,  119,  939],
        [  410,    0,  205,  229,  236,  435,  635,  671,  383,  491,  497,  402,  462,    0,  320,  703,  559,  430,  251,  570,   68,  737,  532,  303,  616,  134,  216,  432,  478,  307,  630,  479,  369,  529,  155,  382,  413,  592,  496,  105,  120,  414,  223,  285,  589,  652,  632,  242,  252,  170,  376,  282,  706,  366,  544,  129,  368,  323,  133,  408,  202,  162,  233,  621,  167,  492,  228,  386,  246,  322,  411,  143,  485,  439,  309,  320,  450,  502,  384,  502,  417,  405,  333,  643,  286,  426,  310,  186,  503,  377,  556,  150,  382,  723,  524,  636,  352,  450,  275,  487,  363,  647,  626,  307,  406,  488],
        [  309,    0,  523,  336,  554,  251,  699,  527,  309,  238,  178,  512,  467,  320,    0,  636,  557,  469,  123,  254,  267,  424,  236,  462,  915,  451,  319,  693,  341,   48,  410,  160,  186,  223,  329,  229,  716,  492,  531,  348,  428,  695,  541,  568,  515,  384,  318,   79,  538,  338,   74,  545,  666,  554,  284,  414,  501,  550,  194,  688,  521,  278,  465,  344,  430,  411,  502,  509,  496,  638,  525,  263,  187,  428,  487,  625,  135,  199,  355,  187,  736,  284,   25,  325,   35,  392,  468,  135,  189,  126,  333,  458,  540,  415,  706,  611,  231,  768,   80,  799,  676,  355,  307,  386,  493,  595],
        [  332,    0,  788,  479,  852,  392,  276,  178,  343,  462,  650, 1079,  249,  703,  636,    0,  172, 1070,  727,  639,  717,  681,  795,  471,  934,  747,  869,  685,  297,  591,  352,  664,  451,  582,  834,  408,  822,  148,  250,  803,  705,  737,  796,  689,  123,  471,  643,  639,  936,  849,  691,  638,   60, 1066,  459,  660, 1053,  571,  690,  732,  803,  542,  936,  497,  626,  229,  922, 1068,  608,  935,  382,  563,  761, 1045, 1005,  778,  690,  572,  973,  617,  960,  918,  616,  758,  642, 1015,  467,  658,  717,  758,  379,  826, 1076,  645,  514,   99,  861,  955,  577,  920,  979,  545,  691,  407,  351, 1168],
        [  255,    0,  624,  330,  688,  347,  171,  269,  249,  442,  617,  950,  100,  559,  557,  172,    0,  953,  627,  627,  583,  710,  752,  303,  768,  587,  743,  516,  260,  510,  396,  624,  382,  565,  700,  338,  651,  174,   79,  662,  546,  567,  631,  519,  128,  507,  648,  540,  780,  715,  623,  468,  153,  924,  458,  500,  920,  400,  568,  562,  639,  403,  790,  519,  463,  169,  769,  937,  440,  769,  211,  426,  711,  937,  866,  607,  640,  548,  866,  589,  790,  827,  541,  749,  554,  910,  299,  547,  678,  683,  389,  670,  939,  677,  358,   81,  767,  784,  486,  749,  813,  569,  687,  253,  181, 1038],
        [  742,    0,  541,  637,  514,  711, 1054,  987,  728,  705,  584,  103,  854,  430,  469, 1070,  953,    0,  353,  661,  381,  815,  503,  730,  948,  501,  216,  831,  792,  503,  879,  558,  639,  661,  275,  676,  758,  936,  901,  334,  519,  796,  555,  680,  948,  842,  722,  439,  395,  261,  453,  694, 1088,  227,  749,  548,  135,  747,  385,  791,  525,  558,  284,  798,  591,  842,  360,  121,  667,  545,  835,  533,  484,   73,  203,  676,  512,  644,  124,  612,  666,  230,  494,  656,  449,  108,  737,  413,  538,  390,  802,  423,  176,  821,  951, 1023,  254,  717,  504,  792,  554,  797,  684,  715,  823,  145],
        [  396,    0,  452,  352,  472,  358,  753,  635,  387,  359,  283,  390,  531,  251,  123,  727,  627,  353,    0,  363,  186,  532,  285,  472,  866,  383,  198,  667,  441,  151,  530,  259,  287,  341,  217,  325,  663,  588,  589,  248,  370,  658,  471,  528,  605,  507,  428,   89,  435,  222,  143,  515,  751,  433,  407,  368,  379,  537,  120,  651,  447,  277,  351,  466,  395,  499,  396,  387,  471,  549,  555,  254,  240,  320,  366,  570,  220,  319,  247,  300,  657,  202,  148,  410,   97,  288,  478,   92,  269,  127,  452,  368,  417,  527,  717,  690,  141,  694,  153,  737,  583,  476,  408,  419,  530,  474],
        [  386,    0,  770,  528,  805,  285,  793,  480,  407,  186,   81,  726,  563,  570,  254,  639,  627,  661,  363,    0,  520,  171,  192,  647, 1142,  698,  557,  904,  368,  263,  308,  107,  281,   63,  578,  314,  950,  496,  633,  601,  672,  917,  787,  795,  537,  215,   66,  331,  791,  585,  222,  764,  686,  789,  180,  651,  725,  753,  447,  910,  770,  495,  713,  170,  658,  458,  754,  729,  715,  890,  675,  487,  186,  602,  724,  861,  152,   86,  538,   68,  985,  437,  237,  123,  288,  563,  650,  388,  128,  274,  261,  711,  767,  166,  873,  653,  409, 1014,  300, 1038,  928,  147,   66,  549,  634,  800],
        [  407,    0,  267,  258,  290,  416,  673,  668,  384,  459,  444,  367,  484,   68,  267,  717,  583,  381,  186,  520,    0,  689,  470,  351,  683,  197,  166,  498,  471,  262,  609,  424,  345,  484,  118,  366,  480,  597,  526,   95,  188,  482,  286,  352,  599,  620,  584,  190,  278,  133,  317,  348,  726,  352,  512,  195,  338,  384,   73,  476,  262,  181,  230,  586,  231,  498,  246,  354,  310,  372,  454,  158,  423,  383,  289,  387,  393,  457,  324,  452,  474,  338,  283,  586,  232,  367,  358,  133,  445,  312,  533,  192,  360,  678,  581,  657,  284,  510,  234,  551,  409,  607,  573,  337,  443,  456],
        [  497,    0,  935,  674,  972,  398,  880,  507,  525,  295,  250,  887,  665,  737,  424,  681,  710,  815,  532,  171,  689,    0,  318,  785, 1295,  863,  725, 1050,  459,  430,  330,  274,  419,  210,  748,  441, 1107,  554,  733,  771,  835, 1068,  952,  950,  600,  211,  106,  500,  961,  754,  391,  916,  736,  956,  259,  811,  888,  898,  617, 1061,  936,  651,  883,  191,  815,  546,  925,  891,  867, 1058,  797,  646,  332,  752,  891, 1021,  316,  237,  692,  237, 1151,  587,  406,  172,  458,  713,  788,  557,  280,  436,  322,  880,  931,   37,  997,  719,  567, 1178,  464, 1198, 1097,  142,  132,  683,  753,  957],
        [  498,    0,  736,  571,  757,  410,  908,  650,  509,  335,  147,  582,  673,  532,  236,  795,  752,  503,  285,  192,  470,  318,    0,  697, 1143,  665,  449,  928,  504,  275,  489,  132,  372,  227,  489,  416,  941,  648,  741,  530,  649,  927,  754,  798,  683,  405,  239,  304,  712,  491,  164,  778,  836,  665,  352,  641,  588,  785,  400,  920,  732,  514,  616,  360,  661,  590,  672,  588,  730,  833,  752,  498,   50,  437,  604,  849,  115,  229,  382,  182,  942,  274,  238,  154,  262,  398,  702,  352,   78,  160,  429,  653,  634,  330,  939,  793,  265,  979,  313, 1019,  866,  338,  191,  615,  717,  646],
        [  305,    0,  322,  127,  387,  392,  338,  509,  272,  491,  600,  704,  228,  303,  462,  471,  303,  730,  472,  647,  351,  785,  697,    0,  527,  293,  515,  271,  368,  422,  552,  594,  368,  588,  457,  345,  370,  409,  227,  406,  254,  302,  328,  222,  384,  626,  694,  407,  488,  473,  536,  172,  455,  654,  534,  209,  669,  120,  370,  295,  338,  196,  518,  615,  167,  325,  484,  687,  137,  466,  112,  218,  648,  733,  604,  311,  587,  562,  671,  586,  491,  666,  459,  755,  442,  715,    7,  381,  639,  573,  501,  382,  678,  759,  246,  384,  606,  491,  384,  470,  510,  657,  712,  106,  124,  789],
        [  831,    0,  425,  623,  436,  914,  689, 1018,  798, 1008, 1082,  869,  729,  616,  915,  934,  768,  948,  866, 1142,  683, 1295, 1143,  527,    0,  488,  784,  259,  895,  888, 1078, 1069,  878, 1089,  717,  863,  204,  916,  695,  656,  497,  229,  408,  348,  881, 1151, 1197,  840,  556,  726,  981,  380,  896,  757, 1054,  503,  827,  407,  746,  236,  437,  648,  665, 1136,  487,  844,  590,  847,  429,  412,  569,  657, 1094,  990,  751,  297, 1049, 1062,  957, 1077,  301, 1007,  922, 1236,  884,  992,  526,  791, 1103,  991, 1027,  537,  806, 1273,  428,  835,  960,  248,  849,  160,  417, 1176, 1205,  632,  610,  923],
        [  492,    0,   72,  275,  117,  536,  628,  744,  460,  605,  627,  448,  498,  134,  451,  747,  587,  501,  383,  698,  197,  863,  665,  293,  488,    0,  307,  331,  562,  435,  729,  610,  477,  655,  239,  481,  285,  655,  515,  175,   42,  301,   91,  180,  643,  764,  759,  373,  195,  250,  509,  198,  739,  374,  657,   88,  408,  261,  266,  295,   74,  240,  242,  737,  126,  558,  194,  428,  182,  207,  404,  233,  618,  527,  335,  193,  582,  627,  482,  630,  288,  521,  463,  775,  417,  521,  299,  318,  636,  509,  659,   93,  407,  848,  466,  668,  473,  318,  400,  355,  251,  766,  756,  341,  414,  525],
        [  547,    0,  361,  422,  353,  533,  838,  802,  529,  550,  476,  212,  644,  216,  319,  869,  743,  216,  198,  557,  166,  725,  449,  515,  784,  307,    0,  635,  603,  338,  716,  451,  459,  538,   69,  490,  584,  740,  688,  132,  317,  607,  377,  484,  748,  702,  622,  263,  273,   59,  335,  490,  882,  236,  599,  340,  190,  538,  180,  602,  348,  344,  168,  662,  381,  644,  231,  203,  459,  411,  619,  320,  412,  224,  169,  495,  409,  516,  176,  496,  530,  231,  343,  591,  289,  216,  522,  222,  452,  295,  638,  248,  224,  722,  740,  815,  198,  576,  327,  637,  436,  673,  598,  501,  608,  300],
        [  575,    0,  297,  377,  345,  661,  461,  760,  542,  759,  850,  773,  471,  432,  693,  685,  516,  831,  667,  904,  498, 1050,  928,  271,  259,  331,  635,    0,  637,  661,  820,  840,  632,  848,  567,  612,  159,  658,  440,  504,  319,   64,  288,  152,  624,  896,  955,  625,  479,  579,  764,  153,  652,  684,  803,  304,  732,  153,  549,   62,  316,  417,  562,  884,  272,  585,  498,  752,  198,  378,  311,  431,  879,  856,  656,  178,  826,  821,  809,  841,  332,  836,  696, 1006,  666,  850,  269,  583,  879,  786,  771,  412,  724, 1026,  210,  587,  782,  305,  621,  244,  409,  926,  969,  376,  352,  844],
        [   71,    0,  621,  296,  678,   96,  427,  199,  104,  183,  363,  813,  207,  478,  341,  297,  260,  792,  441,  368,  471,  459,  504,  368,  895,  562,  603,  637,    0,  298,  184,  373,  156,  307,  581,  116,  732,  151,  274,  564,  523,  670,  635,  575,  180,  270,  390,  354,  728,  595,  394,  530,  333,  820,  202,  482,  793,  488,  426,  663,  631,  325,  700,  271,  464,   91,  705,  805,  485,  767,  350,  337,  467,  760,  755,  660,  396,  290,  687,  333,  826,  625,  320,  490,  351,  727,  369,  383,  427,  461,  142,  621,  822,  427,  547,  290,  569,  837,  289,  830,  812,  319,  428,  264,  304,  901],
        [  263,    0,  507,  296,  542,  210,  652,  487,  262,  212,  195,  539,  420,  307,   48,  591,  510,  503,  151,  263,  262,  430,  275,  422,  888,  435,  338,  661,  298,    0,  380,  181,  142,  223,  340,  184,  692,  448,  485,  350,  409,  666,  525,  540,  470,  367,  325,   78,  539,  350,  119,  514,  620,  572,  262,  390,  525,  514,  192,  659,  507,  244,  474,  329,  402,  365,  505,  535,  465,  629,  481,  232,  227,  465,  504,  602,  167,  196,  392,  195,  722,  328,   38,  349,   55,  431,  427,  132,  220,  173,  302,  451,  561,  417,  665,  565,  272,  751,   40,  778,  668,  347,  322,  342,  448,  624],
        [  250,    0,  792,  474,  845,  196,  564,  179,  284,  175,  344,  919,  374,  630,  410,  352,  396,  879,  530,  308,  609,  330,  489,  552, 1078,  729,  716,  820,  184,  380,    0,  365,  264,  263,  708,  249,  914,  229,  434,  704,  691,  853,  807,  757,  277,  120,  298,  453,  881,  720,  436,  712,  406,  946,  140,  654,  905,  672,  552,  846,  800,  490,  837,  149,  640,  248,  853,  914,  666,  935,  527,  497,  467,  835,  879,  840,  404,  263,  763,  309, 1001,  681,  386,  420,  433,  798,  552,  498,  413,  506,   79,  778,  939,  294,  721,  393,  635, 1016,  390, 1012,  979,  194,  350,  448,  482, 1003],
        [  371,    0,  682,  470,  712,  279,  783,  521,  385,  204,   27,  621,  548,  479,  160,  664,  624,  558,  259,  107,  424,  274,  132,  594, 1069,  610,  451,  840,  373,  181,  365,    0,  248,  109,  475,  290,  872,  517,  617,  502,  587,  846,  700,  721,  551,  295,  172,  238,  691,  481,  117,  694,  705,  683,  226,  570,  619,  692,  352,  839,  680,  424,  610,  250,  583,  460,  653,  623,  645,  796,  638,  413,  102,  501,  618,  781,   47,  102,  435,   59,  895,  337,  148,  168,  193,  462,  598,  294,   55,  169,  301,  615,  661,  272,  831,  662,  305,  927,  220,  957,  833,  241,  150,  504,  600,  696],
        [  128,    0,  544,  256,  592,   74,  536,  348,  138,  132,  246,  667,  301,  369,  186,  451,  382,  639,  287,  281,  345,  419,  372,  368,  878,  477,  459,  632,  156,  142,  264,  248,    0,  221,  446,   45,  695,  306,  370,  440,  442,  650,  560,  537,  330,  288,  326,  201,  618,  458,  244,  500,  482,  685,  183,  410,  649,  479,  289,  643,  549,  243,  574,  264,  406,  227,  590,  661,  450,  682,  396,  245,  330,  605,  618,  612,  259,  195,  532,  225,  759,  469,  166,  395,  195,  572,  372,  238,  301,  308,  188,  517,  681,  395,  593,  430,  414,  779,  136,  789,  725,  299,  346,  269,  356,  754],
        [  323,    0,  726,  472,  764,  223,  731,  428,  345,  125,   85,  719,  501,  529,  223,  582,  565,  661,  341,   63,  484,  210,  227,  588, 1089,  655,  538,  848,  307,  223,  263,  109,  221,    0,  552,  252,  899,  438,  571,  570,  626,  863,  743,  743,  477,  187,  108,  296,  759,  560,  210,  711,  628,  773,  127,  603,  713,  697,  413,  856,  727,  443,  688,  141,  607,  397,  724,  719,  661,  851,  614,  437,  208,  607,  706,  812,  153,   28,  539,   51,  942,  444,  203,  184,  257,  568,  592,  352,  152,  272,  207,  674,  754,  195,  812,  593,  408,  969,  256,  989,  891,  137,  127,  489,  572,  797],
        [  520,    0,  293,  374,  289,  518,  786,  779,  499,  548,  498,  251,  601,  155,  329,  834,  700,  275,  217,  578,  118,  748,  489,  457,  717,  239,   69,  567,  581,  340,  708,  475,  446,  552,    0,  471,  516,  712,  642,   64,  249,  539,  310,  416,  715,  706,  643,  263,  223,   16,  359,  424,  843,  241,  600,  274,  221,  473,  157,  533,  281,  298,  136,  668,  317,  613,  183,  237,  394,  353,  564,  275,  449,  291,  175,  427,  436,  528,  244,  514,  469,  293,  351,  624,  297,  284,  464,  211,  483,  331,  630,  183,  244,  742,  676,  775,  253,  513,  321,  572,  381,  683,  624,  453,  556,  339],
        [   84,    0,  546,  241,  597,   56,  494,  313,   96,  147,  286,  699,  259,  382,  229,  408,  338,  676,  325,  314,  366,  441,  416,  345,  863,  481,  490,  612,  116,  184,  249,  290,   45,  252,  471,    0,  684,  265,  328,  460,  444,  635,  561,  526,  286,  292,  353,  238,  633,  485,  288,  486,  438,  711,  192,  409,  680,  460,  316,  628,  553,  243,  596,  274,  400,  183,  606,  692,  438,  688,  362,  249,  374,  644,  645,  605,  303,  229,  571,  263,  758,  511,  210,  431,  236,  612,  347,  269,  343,  353,  179,  529,  710,  415,  561,  386,  455,  776,  173,  780,  731,  314,  379,  242,  321,  787],
        [  664,    0,  224,  444,  245,  738,  614,  877,  630,  826,  886,  685,  592,  413,  716,  822,  651,  758,  663,  950,  480, 1107,  941,  370,  204,  285,  584,  159,  732,  692,  914,  872,  695,  899,  516,  684,    0,  777,  573,  455,  294,   95,  207,  159,  749,  976, 1007,  641,  375,  526,  781,  202,  794,  581,  875,  303,  643,  255,  544,   98,  237,  457,  476,  957,  292,  694,  403,  663,  248,  246,  441,  463,  893,  795,  566,   94,  850,  872,  758,  883,  176,  805,  724, 1039,  685,  795,  371,  590,  904,  788,  856,  339,  627, 1087,  368,  727,  757,  147,  653,  100,  269,  994, 1012,  469,  476,  747],
        [  195,    0,  706,  381,  767,  246,  338,  103,  214,  316,  504,  952,  188,  592,  492,  148,  174,  936,  588,  496,  597,  554,  648,  409,  916,  655,  740,  658,  151,  448,  229,  517,  306,  438,  712,  265,  777,    0,  229,  687,  614,  702,  717,  630,   48,  346,  506,  500,  836,  726,  545,  580,  190,  949,  318,  570,  928,  523,  562,  696,  718,  432,  823,  365,  543,  100,  817,  942,  542,  854,  348,  449,  614,  907,  885,  719,  543,  426,  834,  471,  896,  775,  471,  617,  500,  875,  407,  524,  571,  612,  240,  726,  954,  519,  523,  165,  719,  899,  436,  877,  899,  414,  551,  322,  306, 1040],
        [  249,    0,  548,  269,  613,  349,  169,  330,  233,  450,  613,  892,   70,  496,  531,  250,   79,  901,  589,  633,  526,  733,  741,  227,  695,  515,  688,  440,  274,  485,  434,  617,  370,  571,  642,  328,  573,  229,    0,  600,  474,  490,  555,  441,  189,  538,  662,  505,  709,  657,  601,  390,  229,  860,  475,  428,  861,  322,  518,  484,  564,  345,  725,  544,  390,  190,  700,  878,  363,  693,  133,  369,  697,  890,  804,  529,  627,  550,  821,  588,  712,  790,  518,  754,  524,  865,  223,  504,  670,  657,  413,  600,  877,  701,  294,  158,  730,  706,  456,  672,  737,  592,  696,  189,  104,  980],
        [  500,    0,  232,  333,  233,  511,  739,  761,  476,  552,  523,  299,  564,  105,  348,  803,  662,  334,  248,  601,   95,  771,  530,  406,  656,  175,  132,  504,  564,  350,  704,  502,  440,  570,   64,  460,  455,  687,  600,    0,  187,  476,  249,  353,  687,  712,  666,  275,  191,   76,  389,  362,  808,  264,  605,  214,  264,  413,  159,  470,  221,  262,  137,  677,  258,  588,  155,  282,  334,  304,  515,  241,  487,  353,  204,  365,  466,  544,  307,  535,  417,  352,  368,  658,  314,  347,  412,  219,  516,  370,  628,  126,  278,  762,  618,  739,  308,  458,  325,  513,  337,  697,  652,  411,  510,  384],
        [  452,    0,  102,  234,  156,  499,  590,  703,  421,  572,  603,  473,  457,  120,  428,  705,  546,  519,  370,  672,  188,  835,  649,  254,  497,   42,  317,  319,  523,  409,  691,  587,  442,  626,  249,  444,  294,  614,  474,  187,    0,  296,  119,  168,  602,  730,  732,  351,  235,  262,  490,  176,  698,  407,  624,   47,  434,  232,  250,  290,  109,  202,  272,  704,   88,  517,  231,  454,  152,  245,  366,  198,  601,  540,  363,  201,  561,  599,  491,  604,  318,  522,  439,  753,  396,  532,  260,  299,  615,  495,  622,  129,  436,  819,  438,  626,  470,  343,  373,  371,  290,  734,  731,  299,  374,  552],
        [  605,    0,  256,  395,  296,  686,  521,  803,  571,  780,  858,  732,  515,  414,  695,  737,  567,  796,  658,  917,  482, 1068,  927,  302,  229,  301,  607,   64,  670,  666,  853,  846,  650,  863,  539,  635,   95,  702,  490,  476,  296,    0,  244,  131,  670,  923,  970,  623,  431,  550,  764,  153,  707,  637,  826,  290,  691,  182,  538,    8,  274,  423,  521,  908,  267,  624,  453,  711,  202,  321,  359,  434,  878,  826,  614,  126,  829,  835,  782,  851,  269,  817,  700, 1013,  666,  822,  302,  577,  883,  780,  800,  374,  680, 1045,  273,  641,  765,  242,  626,  185,  350,  948,  980,  406,  397,  800],
        [  564,    0,   19,  341,   64,  616,  649,  810,  532,  690,  717,  489,  548,  223,  541,  796,  631,  555,  471,  787,  286,  952,  754,  328,  408,   91,  377,  288,  635,  525,  807,  700,  560,  743,  310,  561,  207,  717,  555,  249,  119,  244,    0,  150,  700,  848,  848,  463,  193,  319,  599,  188,  783,  396,  742,  153,  447,  263,  355,  240,   31,  319,  277,  822,  175,  622,  211,  468,  196,  139,  434,  315,  708,  589,  370,  122,  672,  716,  551,  720,  200,  600,  553,  865,  507,  588,  333,  408,  726,  597,  739,  133,  437,  936,  456,  711,  554,  228,  489,  267,  184,  853,  846,  396,  452,  558],
        [  507,    0,  155,  286,  212,  579,  513,  729,  473,  668,  734,  625,  449,  285,  568,  689,  519,  680,  528,  795,  352,  950,  798,  222,  348,  180,  484,  152,  575,  540,  757,  721,  537,  743,  416,  526,  159,  630,  441,  353,  168,  131,  150,    0,  605,  817,  851,  495,  342,  428,  635,   52,  668,  541,  716,  160,  584,  124,  408,  124,  174,  301,  415,  798,  139,  543,  355,  604,   91,  269,  311,  309,  749,  705,  509,   90,  702,  716,  658,  729,  271,  689,  574,  888,  538,  699,  225,  448,  756,  650,  698,  264,  579,  930,  307,  598,  636,  269,  501,  256,  309,  836,  858,  315,  339,  698],
        [  209,    0,  690,  370,  752,  275,  290,  142,  221,  354,  540,  959,  158,  589,  515,  123,  128,  948,  605,  537,  599,  600,  683,  384,  881,  643,  748,  624,  180,  470,  277,  551,  330,  477,  715,  286,  749,   48,  189,  687,  602,  670,  700,  605,    0,  393,  549,  516,  828,  730,  572,  555,  154,  950,  360,  557,  934,  494,  569,  664,  703,  428,  821,  410,  526,  107,  812,  949,  520,  838,  313,  447,  646,  923,  888,  694,  575,  464,  850,  508,  874,  796,  495,  658,  520,  892,  381,  536,  605,  638,  283,  717,  958,  566,  481,  119,  739,  874,  454,  848,  883,  460,  593,  304,  274, 1048],
        [  323,    0,  832,  532,  879,  238,  677,  297,  356,  161,  271,  894,  473,  652,  384,  471,  507,  842,  507,  215,  620,  211,  405,  626, 1151,  764,  702,  896,  270,  367,  120,  295,  288,  187,  706,  292,  976,  346,  538,  712,  730,  923,  848,  817,  393,    0,  189,  444,  897,  716,  389,  776,  526,  937,  108,  697,  885,  745,  555,  916,  837,  531,  840,   47,  691,  349,  866,  892,  728,  969,  618,  533,  392,  790,  869,  896,  340,  199,  721,  237, 1046,  629,  360,  313,  413,  752,  628,  496,  335,  455,  128,  801,  923,  175,  816,  510,  590, 1066,  387, 1072, 1012,   79,  244,  521,  573,  975],
        [  418,    0,  831,  578,  867,  317,  817,  476,  443,  213,  146,  790,  592,  632,  318,  643,  648,  722,  428,   66,  584,  106,  239,  694, 1197,  759,  622,  955,  390,  325,  298,  172,  326,  108,  643,  353, 1007,  506,  662,  666,  732,  970,  848,  851,  549,  189,    0,  394,  856,  650,  288,  818,  693,  854,  191,  709,  789,  803,  512,  963,  832,  550,  779,  151,  715,  480,  820,  793,  768,  953,  714,  544,  242,  662,  789,  919,  216,  136,  599,  132, 1047,  496,  301,  125,  353,  623,  697,  452,  186,  338,  267,  774,  832,  101,  913,  667,  471, 1075,  360, 1096,  992,  112,   56,  593,  672,  863],
        [  308,    0,  445,  282,  476,  274,  670,  549,  299,  288,  256,  467,  445,  242,   79,  639,  540,  439,   89,  331,  190,  500,  304,  407,  840,  373,  263,  625,  354,   78,  453,  238,  201,  296,  263,  238,  641,  500,  505,  275,  351,  623,  463,  495,  516,  444,  394,    0,  464,  273,  141,  474,  662,  496,  339,  339,  452,  485,  118,  616,  443,  215,  397,  406,  357,  410,  429,  462,  427,  560,  480,  196,  255,  408,  428,  549,  211,  270,  335,  263,  658,  287,   94,  403,   45,  376,  412,   58,  265,  167,  375,  381,  487,  489,  652,  602,  227,  690,   66,  722,  598,  423,  385,  342,  453,  554],
        [  660,    0,  188,  459,  136,  686,  822,  919,  631,  737,  713,  314,  688,  252,  538,  936,  780,  395,  435,  791,  278,  961,  712,  488,  556,  195,  273,  479,  728,  539,  881,  691,  618,  759,  223,  633,  375,  836,  709,  191,  235,  431,  193,  342,  828,  897,  856,  464,    0,  222,  577,  375,  931,  207,  789,  281,  272,  447,  347,  428,  168,  406,  115,  864,  321,  736,   42,  292,  372,  150,  599,  392,  671,  444,  196,  305,  654,  734,  425,  725,  272,  501,  557,  845,  504,  454,  494,  408,  703,  553,  806,  111,  253,  952,  646,  860,  470,  322,  512,  399,  166,  885,  841,  530,  608,  373],
        [  534,    0,  302,  389,  295,  531,  802,  793,  513,  559,  505,  236,  617,  170,  338,  849,  715,  261,  222,  585,  133,  754,  491,  473,  726,  250,   59,  579,  595,  350,  720,  481,  458,  560,   16,  485,  526,  726,  657,   76,  262,  550,  319,  428,  730,  716,  650,  273,  222,    0,  365,  437,  858,  227,  611,  288,  206,  487,  170,  545,  290,  313,  129,  678,  331,  628,  181,  222,  408,  356,  580,  290,  452,  278,  161,  437,  441,  536,  233,  521,  474,  287,  360,  628,  305,  272,  480,  223,  487,  334,  642,  190,  229,  749,  691,  790,  250,  518,  332,  579,  383,  692,  629,  468,  572,  324],
        [  371,    0,  580,  410,  606,  300,  769,  570,  374,  262,  142,  509,  535,  376,   74,  691,  623,  453,  143,  222,  317,  391,  164,  536,  981,  509,  335,  764,  394,  119,  436,  117,  244,  210,  359,  288,  781,  545,  601,  389,  490,  764,  599,  635,  572,  389,  288,  141,  577,  365,    0,  614,  725,  568,  300,  479,  505,  622,  245,  757,  577,  350,  494,  345,  498,  470,  539,  510,  567,  687,  598,  334,  115,  402,  502,  688,   77,  192,  333,  164,  791,  245,   83,  270,   98,  365,  541,  192,  128,   71,  362,  506,  547,  387,  780,  673,  202,  825,  154,  861,  723,  346,  265,  460,  566,  587],
        [  463,    0,  189,  246,  251,  538,  465,  679,  429,  630,  706,  645,  398,  282,  545,  638,  468,  694,  515,  764,  348,  916,  778,  172,  380,  198,  490,  153,  530,  514,  712,  694,  500,  711,  424,  486,  202,  580,  390,  362,  176,  153,  188,   52,  555,  776,  818,  474,  375,  437,  614,    0,  617,  569,  677,  154,  605,   76,  397,  146,  209,  271,  438,  759,  120,  494,  384,  625,   50,  316,  260,  283,  729,  714,  532,  141,  678,  683,  663,  699,  323,  686,  549,  861,  516,  705,  174,  431,  732,  634,  655,  288,  603,  894,  271,  546,  631,  320,  475,  301,  357,  798,  828,  267,  287,  722],
        [  358,    0,  776,  478,  841,  429,  224,  236,  364,  506,  693, 1091,  245,  706,  666,   60,  153, 1088,  751,  686,  726,  736,  836,  455,  896,  739,  882,  652,  333,  620,  406,  705,  482,  628,  843,  438,  794,  190,  229,  808,  698,  707,  783,  668,  154,  526,  693,  662,  931,  858,  725,  617,    0, 1071,  507,  652, 1063,  547,  704,  702,  791,  548,  939,  550,  616,  255,  920, 1079,  591,  921,  357,  570,  800, 1066, 1012,  755,  729,  616,  994,  661,  938,  945,  647,  806,  669, 1037,  451,  676,  759,  790,  428,  822, 1084,  700,  472,   72,  887,  931,  602,  891,  965,  598,  740,  403,  332, 1180],
        [  759,    0,  388,  594,  342,  758,  991, 1019,  736,  783,  709,  127,  827,  366,  554, 1066,  924,  227,  433,  789,  352,  956,  665,  654,  757,  374,  236,  684,  820,  572,  946,  683,  685,  773,  241,  711,  581,  949,  860,  264,  407,  637,  396,  541,  950,  937,  854,  496,  207,  227,  568,  569, 1071,    0,  833,  448,   93,  635,  397,  634,  369,  525,  136,  897,  492,  849,  186,  106,  556,  346,  766,  504,  634,  293,   68,  512,  640,  751,  305,  730,  461,  407,  578,  813,  524,  317,  661,  449,  679,  521,  868,  282,   53,  954,  839, 1001,  401,  514,  557,  598,  345,  908,  827,  672,  766,  167],
        [  239,    0,  725,  432,  772,  143,  627,  301,  268,   53,  206,  795,  407,  544,  284,  459,  458,  749,  407,  180,  512,  259,  352,  534, 1054,  657,  599,  803,  202,  262,  140,  226,  183,  127,  600,  192,  875,  318,  475,  605,  624,  826,  742,  716,  360,  108,  191,  339,  789,  611,  300,  677,  507,  833,    0,  592,  784,  651,  448,  819,  730,  425,  734,   83,  588,  291,  758,  793,  629,  862,  539,  427,  328,  702,  766,  793,  264,  124,  631,  170,  941,  545,  260,  300,  311,  664,  537,  390,  275,  369,   81,  693,  822,  230,  738,  478,  501,  961,  281,  970,  904,  124,  234,  430,  495,  878],
        [  412,    0,  139,  191,  198,  464,  546,  660,  380,  541,  585,  508,  411,  129,  414,  660,  500,  548,  368,  651,  195,  811,  641,  209,  503,   88,  340,  304,  482,  390,  654,  570,  410,  603,  274,  409,  303,  570,  428,  214,   47,  290,  153,  160,  557,  697,  709,  339,  281,  288,  479,  154,  652,  448,  592,    0,  470,  200,  248,  284,  150,  167,  312,  673,   45,  473,  275,  490,  120,  287,  321,  167,  592,  564,  401,  212,  548,  575,  511,  583,  350,  533,  422,  737,  383,  553,  215,  289,  602,  491,  587,  174,  475,  793,  404,  580,  478,  370,  352,  388,  332,  706,  711,  254,  328,  589],
        [  735,    0,  436,  593,  400,  722, 1002,  991,  715,  736,  645,   43,  822,  368,  501, 1053,  920,  135,  379,  725,  338,  888,  588,  669,  827,  408,  190,  732,  793,  525,  905,  619,  649,  713,  221,  680,  643,  928,  861,  264,  434,  691,  447,  584,  934,  885,  789,  452,  272,  206,  505,  605, 1063,   93,  784,  470,    0,  666,  367,  687,  418,  518,  171,  843,  515,  830,  241,   21,  586,  419,  778,  495,  561,  201,   78,  567,  574,  693,  218,  668,  538,  323,  526,  739,  474,  226,  675,  412,  609,  452,  826,  321,   47,  889,  872,  995,  325,  590,  516,  670,  424,  850,  757,  672,  773,  121],
        [  425,    0,  262,  226,  326,  509,  390,  624,  391,  606,  701,  704,  338,  323,  550,  571,  400,  747,  537,  753,  384,  898,  785,  120,  407,  261,  538,  153,  488,  514,  672,  692,  479,  697,  473,  460,  255,  523,  322,  413,  232,  182,  263,  124,  494,  745,  803,  485,  447,  487,  622,   76,  547,  635,  651,  200,  666,    0,  423,  175,  281,  272,  502,  732,  157,  443,  453,  686,   81,  391,  190,  289,  736,  761,  594,  210,  680,  670,  706,  690,  393,  719,  551,  857,  525,  749,  120,  448,  734,  650,  620,  353,  667,  873,  206,  477,  661,  385,  475,  354,  432,  773,  818,  225,  222,  784],
