{
    "name": "random-58-3015",
    "comment": "size=58 seed=3015",
    "nodes": ["+0", "-0", "+1", "-1", "+2", "-2", "+3", "-3", "+4", "-4", "+5", "-5", "+6", "-6", "+7", "-7", "+8", "-8", "+9", "-9", "+10", "-10", "+11", "-11", "+12", "-12", "+13", "-13", "+14", "-14", "+15", "-15", "+16", "-16", "+17", "-17", "+18", "-18", "+19", "-19", "+20", "-20", "+21", "-21", "+22", "-22", "+23", "-23", "+24", "-24", "+25", "-25", "+26", "-26", "+27", "-27", "+28", "-28", "+29", "-29", "+30", "-30", "+31", "-31", "+32", "-32", "+33", "-33", "+34", "-34", "+35", "-35", "+36", "-36", "+37", "-37", "+38", "-38", "+39", "-39", "+40", "-40", "+41", "-41", "+42", "-42", "+43", "-43", "+44", "-44", "+45", "-45", "+46", "-46", "+47", "-47", "+48", "-48", "+49", "-49", "+50", "-50", "+51", "-51", "+52", "-52", "+53", "-53", "+54", "-54", "+55", "-55", "+56", "-56", "+57", "-57", "+58", "-58"],
    "precedence": {
        "+0": "-0",
        "+1": "-1",
        "+2": "-2",
        "+3": "-3",
        "+4": "-4",
        "+5": "-5",
        "+6": "-6",
        "+7": "-7",
        "+8": "-8",
        "+9": "-9",
        "+10": "-10",
        "+11": "-11",
        "+12": "-12",
        "+13": "-13",
        "+14": "-14",
        "+15": "-15",
        "+16": "-16",
        "+17": "-17",
        "+18": "-18",
        "+19": "-19",
        "+20": "-20",
        "+21": "-21",
        "+22": "-22",
        "+23": "-23",
        "+24": "-24",
        "+25": "-25",
        "+26": "-26",
        "+27": "-27",
        "+28": "-28",
        "+29": "-29",
        "+30": "-30",
        "+31": "-31",
        "+32": "-32",
        "+33": "-33",
        "+34": "-34",
        "+35": "-35",
        "+36": "-36",
        "+37": "-37",
        "+38": "-38",
        "+39": "-39",
        "+40": "-40",
        "+41": "-41",
        "+42": "-42",
        "+43": "-43",
        "+44": "-44",
        "+45": "-45",
        "+46": "-46",
        "+47": "-47",
        "+48": "-48",
        "+49": "-49",
        "+50": "-50",
        "+51": "-51",
        "+52": "-52",
        "+53": "-53",
        "+54": "-54",
        "+55": "-55",
        "+56": "-56",
        "+57": "-57",
        "+58": "-58"
    },
    "edges": [
        [    0,    0,  893,  836,  698,  617,  570,  584,  476,  443,  585,  106,  799,  441,  838,   64,  799,  364,  875,  446,  147,  650,  464,  518,   40,  353,  275,  217,  445,  497,  521,  405,  741,  657,  852,   55,  257,  622,  351,  443,  357,  474,  601,  899,  443,  886,  210,  251,  112,  852,  349,  551,  395,  594,  244,  739,  301,  183,  860,  868,  569,  507,  587,  630,  460,  407,  321,  114,  128,  799,  843,  637,  482,  289,  272,  523,  256,  547,  200,   22,  432,  172,  581,  830,  573,  728,  204,  100,  486,  674,  401,  627,  893,  281,  444,  451,  851,  459,  201,  551,  764,  694,  488,  782,  714,  769,  416,  688,  159,  619,  786,  681,  520,  631,  511,  306,  268,  245],
        [    0,    0,    0,    0,    0,    0,    0,    0,    0,    0,    0,    0,    0,    0,    0,    0,    0,    0,    0,    0,    0,    0,    0,    0,    0,    0,    0,    0,    0,    0,    0,    0,    0,    0,    0,    0,    0,    0,    0,    0,    0,    0,    0,    0,    0,    0,    0,    0,    0,    0,    0,    0,    0,    0,    0,    0,    0,    0,    0,    0,    0,    0,    0,    0,    0,    0,    0,    0,    0,    0,    0,    0,    0,    0,    0,    0,    0,    0,    0,    0,    0,    0,    0,    0,    0,    0,    0,    0,    0,    0,    0,    0,    0,    0,    0,    0,    0,    0,    0,    0,    0,    0,    0,    0,    0,    0,    0,    0,    0,    0,    0,    0,    0,    0,    0,    0,    0,    0],
        [  893,    0,    0,  355,  339,  293,  360,  323,  845,  558,  311,  803,  501, 1061,  210,  941,  426,  689,   20, 1192,  950,  658,  519,  828,  932,  698,  631,  740,  520,  809,  937,  646,  354,  443,  310,  839,  877,  382,  542,  735,  594, 1255,  914,   18,  524,  615,  860,  794,  896,   58,  856, 1029,  648,  896, 1049,  779,  604,  721,  206,  850,  335,  783,  948,  266,  437,  819, 1070,  996,  897,  253,   55,  289,  764,  608,  857,  444,  696, 1040,  742,  890,  550,  801,  856,  686,  647,  363,  898,  800,  633,  470,  509,  304,  477,  651,  454,  904,  466,  769,  879,  838,  667,  467,  691,  949,  442,  774,  806,  532,  777,  460,  407,  784,  943,  694,  879,  635,  812,  671],
        [  836,    0,  355,    0,  146,  298,  296,  320,  976,  677,  354,  732,  154,  849,  145,  865,   82,  518,  342, 1008,  837,  359,  374,  573,  869,  531,  567,  632,  627,  562,  684,  469,   97,  191,   48,  791,  720,  218,  531,  515,  481, 1078,  636,  341,  632,  261,  889,  650,  795,  303,  938,  776,  475,  618,  914,  454,  543,  710,  151,  504,  335,  932,  675,  390,  485,  927,  905,  914,  891,  113,  318,  262,  525,  606,  696,  587,  731,  789,  756,  842,  408,  693,  580,  338,  381,  109,  761,  738,  781,  192,  450,  259,  129,  556,  433,  674,  112,  538,  902,  572,  332,  177,  840,  626,  147,  441,  590,  229,  685,  228,   74,  475,  692,  401,  627,  531,  657,  592],
        [  698,    0,  339,  146,    0,  168,  152,  183,  836,  539,  223,  594,  205,  755,  167,  729,  149,  400,  322,  904,  709,  320,  241,  499,  731,  412,  425,  499,  490,  483,  610,  352,   54,  104,  155,  650,  602,   76,  386,  419,  345,  972,  579,  332,  494,  335,  744,  527,  664,  281,  794,  703,  357,  561,  792,  445,  401,  566,  188,  529,  197,  795,  615,  274,  343,  785,  793,  780,  747,  116,  289,  133,  440,  461,  579,  457,  586,  715,  611,  702,  276,  561,  521,  374,  311,   48,  638,  598,  646,  133,  306,  125,  246,  419,  288,  587,  210,  449,  757,  506,  341,  133,  704,  613,  114,  443,  494,  198,  550,  126,  126,  446,  617,  356,  552,  395,  537,  453],
        [  617,    0,  293,  298,  168,    0,   73,   33,  681,  380,   57,  521,  371,  773,  235,  660,  316,  400,  274,  901,  661,  435,  233,  560,  654,  409,  346,  450,  331,  538,  664,  361,  219,  236,  287,  565,  585,  146,  272,  457,  302,  963,  656,  295,  335,  500,  621,  502,  608,  243,  652,  754,  361,  638,  758,  571,  319,  458,  256,  672,   48,  635,  684,  113,  195,  635,  777,  714,  641,  211,  239,   37,  493,  345,  566,  291,  457,  764,  492,  616,  261,  512,  599,  528,  399,  216,  606,  520,  484,  272,  221,   45,  411,  361,  173,  624,  377,  493,  638,  576,  485,  281,  543,  728,  272,  576,  524,  336,  489,  230,  293,  557,  669,  462,  607,  343,  520,  384],
        [  570,    0,  360,  296,  152,   73,    0,   57,  685,  391,  101,  471,  338,  703,  268,  609,  295,  330,  341,  833,  603,  371,  161,  488,  606,  339,  296,  390,  341,  466,  591,  289,  205,  188,  297,  520,  519,   99,  240,  384,  238,  897,  584,  361,  345,  464,  597,  437,  552,  308,  643,  681,  290,  567,  697,  508,  269,  424,  291,  615,   61,  646,  612,  175,  193,  634,  712,  662,  607,  232,  306,   73,  420,  315,  499,  318,  436,  691,  465,  572,  191,  453,  527,  479,  330,  197,  543,  472,  500,  224,  170,   60,  394,  303,  139,  552,  356,  420,  612,  504,  432,  236,  556,  661,  234,  516,  451,  284,  434,  173,  273,  491,  597,  395,  535,  283,  453,  330],
        [  584,    0,  323,  320,  183,   33,   57,    0,  657,  358,   46,  488,  381,  747,  265,  627,  331,  373,  304,  872,  629,  427,  209,  541,  621,  382,  313,  418,  308,  518,  642,  336,  236,  238,  313,  532,  555,  147,  239,  435,  272,  933,  639,  326,  312,  510,  591,  472,  576,  275,  625,  732,  336,  621,  727,  564,  286,  426,  287,  670,   16,  614,  665,  118,  167,  610,  748,  681,  609,  239,  270,   61,  473,  313,  536,  275,  427,  741,  461,  583,  236,  480,  582,  531,  386,  231,  575,  488,  464,  274,  189,   61,  428,  329,  140,  601,  393,  472,  607,  558,  485,  285,  522,  718,  279,  572,  500,  337,  457,  227,  309,  548,  648,  452,  587,  313,  490,  352],
        [  476,    0,  845,  976,  836,  681,  685,  657,    0,  302,  625,  502, 1014,  912,  904,  534,  979,  707,  833,  917,  623,  959,  692,  916,  499,  702,  521,  583,  350,  891,  955,  722,  889,  856,  968,  453,  705,  779,  480,  810,  618,  937, 1016,  859,  346, 1134,  269,  660,  580,  832,  132, 1005,  713, 1005,  716, 1083,  526,  386,  922, 1212,  642,   74, 1015,  613,  493,   72,  797,  566,  359,  890,  815,  716,  859,  423,  710,  408,  303, 1004,  326,  455,  678,  584,  980, 1120,  885,  881,  665,  483,  213,  887,  573,  717, 1079,  570,  559,  885, 1040,  840,  283,  949, 1058,  904,  155, 1176,  911, 1105,  818,  933,  546,  828,  958, 1037,  956,  958,  928,  590,  686,  535],
        [  443,    0,  558,  677,  539,  380,  391,  358,  302,    0,  324,  401,  727,  802,  603,  506,  685,  500,  545,  864,  562,  705,  431,  717,  481,  500,  316,  424,   50,  691,  784,  497,  592,  571,  667,  394,  579,  488,  229,  601,  387,  905,  823,  571,   46,  851,  326,  508,  506,  539,  298,  854,  490,  808,  671,  838,  307,  267,  621,  962,  344,  256,  833,  314,  199,  264,  731,  557,  390,  588,  523,  416,  651,  212,  574,  115,  189,  857,  246,  430,  427,  456,  776,  850,  639,  586,  562,  387,  111,  605,  311,  418,  784,  369,  279,  720,  747,  637,  347,  746,  793,  620,  166,  958,  623,  856,  633,  657,  416,  547,  663,  801,  787,  713,  743,  379,  535,  350],
        [  585,    0,  311,  354,  223,   57,  101,   46,  625,  324,    0,  493,  424,  774,  284,  631,  372,  402,  292,  893,  640,  472,  243,  578,  623,  409,  321,  433,  276,  555,  677,  367,  275,  283,  343,  532,  576,  192,  235,  469,  293,  953,  677,  316,  280,  553,  576,  492,  586,  268,  601,  766,  367,  660,  741,  609,  294,  419,  305,  715,   42,  579,  703,   77,  145,  581,  767,  686,  600,  265,  260,   93,  509,  305,  558,  235,  410,  774,  448,  583,  267,  493,  621,  576,  428,  271,  592,  491,  428,  319,  202,   99,  467,  344,  144,  633,  433,  507,  593,  597,  530,  329,  486,  761,  323,  617,  532,  382,  467,  272,  349,  591,  683,  495,  622,  329,  512,  361],
        [  106,    0,  803,  732,  594,  521,  471,  488,  502,  401,  493,    0,  695,  417,  737,  139,  694,  264,  785,  463,  164,  551,  360,  438,  138,  254,  176,  115,  392,  415,  458,  302,  637,  552,  749,   71,  203,  518,  265,  351,  252,  505,  529,  809,  391,  783,  256,  167,  106,  760,  385,  503,  293,  520,  273,  646,  203,  137,  760,  777,  474,  518,  521,  545,  378,  431,  330,  194,  199,  697,  752,  539,  394,  214,  209,  464,  230,  502,  184,  115,  327,   86,  502,  731,  473,  624,  168,   19,  465,  569,  302,  528,  788,  176,  350,  387,  746,  371,  255,  471,  664,  589,  481,  703,  609,  675,  335,  584,   58,  514,  681,  590,  459,  534,  438,  202,  190,  142],
        [  799,    0,  501,  154,  205,  371,  338,  381, 1014,  727,  424,  695,    0,  739,  293,  817,   76,  450,  487,  905,  774,  226,  345,  452,  828,  462,  548,  585,  677,  446,  561,  402,  162,  159,  202,  760,  642,  240,  542,  418,  449,  978,  501,  489,  681,  130,  887,  583,  740,  446,  958,  649,  411,  484,  837,  303,  529,  702,  302,  351,  392,  980,  542,  479,  528,  958,  815,  862,  873,  249,  459,  336,  416,  612,  616,  654,  742,  663,  755,  808,  373,  640,  448,  186,  270,  160,  689,  704,  836,  131,  451,  326,  103,  523,  455,  562,   67,  434,  898,  445,  179,  112,  892,  474,  105,  288,  489,  117,  642,  191,   95,  330,  568,  269,  506,  497,  584,  563],
        [  441,    0, 1061,  849,  755,  773,  703,  747,  912,  802,  774,  417,  739,    0,  921,  393,  780,  374, 1042,  174,  297,  517,  543,  291,  428,  365,  500,  381,  781,  294,  198,  415,  773,  665,  885,  460,  224,  690,  607,  337,  483,  247,  291, 1060,  781,  763,  650,  300,  333, 1007,  787,  152,  413,  298,  241,  519,  519,  551,  942,  617,  739,  934,  253,  845,  714,  841,  157,  385,  567,  870, 1006,  773,  326,  593,  231,  838,  645,  141,  601,  463,  512,  348,  317,  667,  472,  759,  250,  435,  878,  658,  582,  757,  841,  454,  645,  178,  805,  311,  641,  307,  612,  673,  897,  464,  703,  553,  262,  629,  389,  633,  778,  460,  191,  477,  241,  458,  274,  460],
        [  838,    0,  210,  145,  167,  235,  268,  265,  904,  603,  284,  737,  293,  921,    0,  875,  218,  564,  198, 1069,  863,  470,  399,  663,  874,  575,  563,  651,  555,  647,  774,  516,  159,  263,  102,  787,  764,  235,  502,  585,  496, 1136,  739,  198,  559,  405,  855,  687,  815,  159,  884,  868,  520,  721,  951,  581,  537,  689,   23,  643,  281,  853,  775,  293,  428,  863,  956,  928,  872,   53,  175,  206,  606,  577,  742,  500,  691,  880,  725,  839,  433,  714,  681,  478,  472,  172,  796,  739,  699,  283,  437,  213,  270,  566,  401,  753,  256,  615,  871,  668,  464,  275,  759,  753,  247,  572,  660,  339,  698,  291,  200,  592,  781,  509,  716,  544,  698,  596],
        [   64,    0,  941,  865,  729,  660,  609,  627,  534,  506,  631,  139,  817,  393,  875,    0,  823,  372,  923,  385,   97,  653,  491,  502,   36,  360,  314,  234,  505,  483,  492,  417,  770,  681,  883,  113,  231,  653,  400,  439,  385,  411,  577,  947,  504,  896,  266,  246,   86,  898,  405,  512,  408,  572,  183,  732,  341,  243,  898,  859,  613,  568,  560,  681,  512,  466,  264,   56,  178,  834,  890,  677,  474,  343,  250,  583,  319,  508,  263,   82,  458,  178,  563,  834,  578,  757,  174,  141,  549,  694,  441,  667,  913,  311,  489,  424,  871,  450,  254,  535,  768,  714,  551,  761,  736,  764,  402,  704,  180,  643,  810,  672,  490,  630,  488,  334,  257,  279],
        [  799,    0,  426,   82,  149,  316,  295,  331,  979,  685,  372,  694,   76,  780,  218,  823,    0,  465,  412,  942,  788,  280,  337,  498,  830,  477,  537,  589,  636,  489,  610,  415,   98,  143,  129,  757,  663,  202,  517,  449,  444, 1013,  557,  414,  640,  196,  870,  598,  749,  372,  931,  701,  423,  540,  858,  372,  515,  687,  227,  426,  344,  941,  597,  420,  488,  926,  844,  870,  864,  175,  385,  281,  455,  589,  638,  605,  718,  714,  737,  807,  368,  648,  502,  261,  309,  101,  707,  702,  793,  131,  429,  273,  101,  520,  424,  604,   62,  470,  882,  496,  250,  112,  850,  544,   87,  360,  523,  153,  644,  181,   24,  393,  617,  322,  553,  494,  602,  558],
        [  364,    0,  689,  518,  400,  400,  330,  373,  707,  500,  402,  264,  450,  374,  564,  372,  465,    0,  670,  508,  325,  287,  171,  218,  387,   13,  191,  149,  465,  191,  292,   50,  430,  328,  546,  334,  203,  329,  274,  104,  122,  574,  323,  688,  467,  525,  502,  134,  292,  635,  610,  372,   44,  309,  396,  388,  194,  326,  586,  519,  366,  701,  334,  475,  362,  638,  393,  414,  460,  515,  634,  400,  154,  297,  179,  502,  404,  379,  389,  377,  139,  195,  279,  468,  210,  416,  243,  278,  599,  334,  220,  385,  548,  138,  282,  236,  507,  138,  506,  248,  401,  353,  636,  470,  379,  415,  139,  335,  207,  291,  456,  335,  296,  271,  245,  123,  139,  172],
        [  875,    0,   20,  342,  322,  274,  341,  304,  833,  545,  292,  785,  487, 1042,  198,  923,  412,  670,    0, 1173,  931,  641,  500,  809,  914,  679,  612,  721,  505,  790,  918,  627,  338,  425,  299,  822,  858,  364,  524,  716,  575, 1236,  896,   27,  509,  602,  844,  775,  877,   42,  842, 1010,  629,  878, 1030,  763,  586,  704,  195,  835,  316,  772,  929,  249,  420,  806, 1050,  978,  881,  238,   36,  270,  746,  590,  838,  431,  680, 1021,  725,  872,  531,  783,  838,  671,  629,  347,  879,  782,  621,  453,  491,  285,  466,  632,  436,  885,  453,  750,  863,  820,  652,  450,  679,  933,  426,  758,  787,  516,  758,  442,  393,  767,  924,  677,  860,  616,  792,  652],
        [  446,    0, 1192, 1008,  904,  901,  833,  872,  917,  864,  893,  463,  905,  174, 1069,  385,  942,  508, 1173,    0,  305,  687,  677,  462,  419,  497,  591,  469,  852,  463,  371,  554,  927,  820, 1041,  482,  317,  835,  698,  493,  601,   74,  463, 1193,  852,  934,  649,  401,  359, 1140,  787,  315,  550,  471,  203,  693,  614,  598, 1090,  789,  862,  952,  423,  959,  812,  850,  134,  353,  559, 1019, 1138,  905,  490,  667,  336,  919,  687,  301,  635,  466,  644,  418,  491,  840,  636,  913,  310,  477,  923,  816,  693,  890, 1007,  554,  755,  347,  971,  473,  636,  479,  784,  833,  931,  630,  861,  727,  419,  793,  455,  785,  938,  633,  365,  648,  414,  565,  382,  548],
        [  147,    0,  950,  837,  709,  661,  603,  629,  623,  562,  640,  164,  774,  297,  863,   97,  788,  325,  931,  305,    0,  594,  468,  423,  132,  313,  321,  213,  554,  406,  402,  374,  745,  649,  860,  178,  150,  634,  421,  375,  368,  343,  490,  954,  554,  843,  357,  191,   58,  903,  495,  417,  366,  487,  110,  660,  347,  296,  886,  784,  617,  651,  470,  698,  536,  553,  177,  105,  271,  819,  898,  674,  404,  376,  173,  627,  383,  412,  330,  168,  433,  151,  481,  772,  522,  731,   92,  176,  618,  658,  441,  662,  873,  301,  497,  335,  832,  380,  346,  454,  707,  677,  627,  676,  702,  692,  327,  658,  174,  611,  778,  599,  400,  566,  403,  321,  194,  280],
        [  650,    0,  658,  359,  320,  435,  371,  427,  959,  705,  472,  551,  226,  517,  470,  653,  280,  287,  641,  687,  594,    0,  275,  228,  671,  298,  445,  436,  660,  225,  335,  252,  311,  217,  403,  621,  450,  294,  484,  220,  343,  760,  277,  651,  663,  254,  780,  408,  570,  600,  877,  424,  262,  260,  640,  138,  435,  598,  486,  257,  431,  940,  318,  544,  519,  894,  607,  691,  746,  418,  608,  412,  202,  536,  425,  665,  662,  438,  658,  663,  282,  480,  223,  181,   78,  299,  504,  564,  814,  189,  395,  396,  326,  403,  430,  341,  293,  223,  786,  219,  115,  195,  862,  296,  223,  151,  280,  132,  494,  208,  286,  127,  342,   43,  281,  379,  401,  443],
        [  464,    0,  519,  374,  241,  233,  161,  209,  692,  431,  243,  360,  345,  543,  399,  491,  337,  171,  500,  677,  468,  275,    0,  336,  496,  181,  203,  259,  386,  313,  435,  129,  279,  195,  394,  421,  367,  166,  213,  227,  108,  743,  438,  518,  389,  451,  543,  289,  423,  465,  621,  524,  130,  421,  553,  409,  184,  357,  421,  531,  204,  669,  461,  319,  249,  630,  560,  541,  529,  352,  464,  230,  267,  274,  345,  397,  404,  533,  412,  471,   35,  321,  383,  428,  210,  266,  398,  366,  540,  215,  121,  215,  432,  184,  159,  392,  390,  264,  553,  357,  367,  235,  589,  540,  252,  425,  292,  247,  312,  157,  322,  376,  440,  284,  380,  158,  301,  222],
        [  518,    0,  828,  573,  499,  560,  488,  541,  916,  717,  578,  438,  452,  291,  663,  502,  498,  218,  809,  462,  423,  228,  336,    0,  528,  220,  407,  337,  681,   27,  113,  225,  507,  400,  612,  506,  274,  446,  490,  118,  333,  536,  106,  824,  683,  473,  692,  271,  418,  771,  812,  206,  231,   92,  442,  244,  411,  531,  682,  363,  538,  915,  125,  654,  568,  846,  394,  527,  635,  610,  774,  549,   70,  514,  253,  713,  615,  218,  593,  536,  319,  354,   65,  380,  193,  493,  333,  455,  816,  385,  425,  533,  552,  354,  482,  116,  519,   81,  692,   34,  322,  398,  853,  266,  427,  278,  103,  346,  383,  373,  500,  182,  120,  187,   55,  340,  252,  384],
        [   40,    0,  932,  869,  731,  654,  606,  621,  499,  481,  623,  138,  828,  428,  874,   36,  830,  387,  914,  419,  132,  671,  496,  528,    0,  375,  311,  244,  483,  508,  523,  430,  774,  688,  886,   94,  260,  656,  390,  460,  389,  443,  606,  938,  482,  911,  231,  266,  112,  890,  369,  546,  420,  601,  217,  755,  338,  223,  896,  883,  607,  534,  590,  670,  499,  431,  299,   77,  142,  834,  882,  674,  497,  328,  278,  563,  293,  541,  236,   52,  463,  192,  590,  852,  595,  761,  204,  135,  520,  703,  437,  664,  922,  313,  482,  454,  880,  473,  219,  561,  785,  723,  520,  789,  744,  786,  427,  715,  187,  650,  817,  696,  521,  650,  517,  338,  280,  279],
        [  353,    0,  698,  531,  412,  409,  339,  382,  702,  500,  409,  254,  462,  365,  575,  360,  477,   13,  679,  497,  313,  298,  181,  220,  375,    0,  188,  140,  466,  193,  289,   63,  442,  341,  558,  324,  191,  340,  275,  108,  125,  563,  324,  698,  467,  537,  494,  122,  280,  645,  604,  368,   56,  310,  384,  396,  193,  320,  597,  527,  374,  697,  334,  482,  366,  633,  382,  402,  451,  527,  644,  410,  158,  295,  167,  505,  400,  375,  382,  366,  149,  184,  281,  478,  221,  428,  231,  268,  597,  347,  225,  395,  561,  135,  287,  232,  520,  140,  497,  250,  412,  366,  634,  475,  391,  424,  136,  347,  196,  303,  468,  343,  293,  281,  244,  122,  127,  167],
        [  275,    0,  631,  567,  425,  346,  296,  313,  521,  316,  321,  176,  548,  500,  563,  314,  537,  191,  612,  591,  321,  445,  203,  407,  311,  188,    0,  123,  287,  381,  469,  202,  471,  396,  579,  226,  281,  350,  108,  294,  104,  645,  511,  636,  288,  650,  342,  201,  266,  586,  433,  539,  193,  498,  424,  564,   27,  156,  586,  694,  300,  512,  519,  378,  221,  453,  460,  369,  327,  524,  579,  363,  344,  107,  270,  339,  219,  543,  215,  278,  177,  177,  469,  616,  369,  458,  282,  177,  410,  418,  127,  353,  634,   54,  177,  405,  592,  327,  352,  437,  551,  437,  446,  660,  454,  587,  318,  446,  147,  359,  521,  517,  472,  440,  429,   70,  227,   44],
        [  217,    0,  740,  632,  499,  450,  390,  418,  583,  424,  433,  115,  585,  381,  651,  234,  589,  149,  721,  469,  213,  436,  259,  337,  244,  140,  123,    0,  400,  312,  375,  188,  538,  448,  652,  185,  159,  423,  231,  240,  156,  524,  434,  744,  401,  669,  358,   85,  165,  692,  476,  435,  179,  423,  309,  534,  146,  197,  674,  665,  406,  587,  433,  494,  343,  512,  338,  283,  312,  608,  687,  462,  286,  213,  151,  458,  286,  437,  258,  229,  225,   63,  401,  616,  358,  524,  161,  129,  507,  461,  232,  450,  680,   90,  291,  307,  638,  264,  361,  370,  549,  481,  534,  601,  503,  562,  236,  472,   59,  409,  577,  479,  377,  420,  346,  108,  112,   80],
        [  445,    0,  520,  627,  490,  331,  341,  308,  350,   50,  276,  392,  677,  781,  555,  505,  636,  465,  505,  852,  554,  660,  386,  681,  483,  466,  287,  400,    0,  655,  753,  459,  543,  522,  618,  393,  558,  438,  192,  564,  349,  896,  787,  532,    5,  802,  350,  484,  497,  497,  338,  825,  452,  772,  664,  794,  274,  263,  574,  916,  294,  306,  799,  269,  150,  309,  719,  558,  405,  540,  482,  366,  614,  188,  551,   84,  198,  829,  254,  433,  384,  439,  739,  802,  595,  536,  546,  379,  160,  556,  268,  369,  734,  339,  232,  690,  697,  601,  370,  709,  746,  571,  215,  917,  573,  811,  600,  609,  399,  498,  613,  759,  756,  669,  709,  345,  510,  324],
        [  497,    0,  809,  562,  483,  538,  466,  518,  891,  691,  555,  415,  446,  294,  647,  483,  489,  191,  790,  463,  406,  225,  313,   27,  508,  193,  381,  312,  655,    0,  129,  200,  493,  385,  600,  483,  257,  428,  464,   91,  307,  536,  133,  805,  657,  474,  668,  249,  398,  752,  787,  222,  205,  118,  431,  256,  385,  506,  667,  378,  515,  889,  150,  631,  543,  820,  388,  509,  612,  595,  755,  528,   46,  487,  234,  687,  589,  233,  567,  515,  294,  331,   90,  385,  181,  479,  315,  432,  790,  372,  399,  512,  547,  328,  457,  117,  512,   54,  668,   59,  325,  386,  826,  290,  416,  289,   82,  337,  359,  357,  489,  194,  135,  186,   70,  314,  230,  357],
        [  521,    0,  937,  684,  610,  664,  591,  642,  955,  784,  677,  458,  561,  198,  774,  492,  610,  292,  918,  371,  402,  335,  435,  113,  523,  289,  469,  375,  753,  129,    0,  313,  619,  512,  724,  520,  265,  556,  563,  208,  413,  444,   97,  933,  754,  571,  714,  296,  412,  880,  842,   94,  316,  102,  393,  322,  479,  571,  794,  422,  638,  962,   68,  753,  653,  884,  328,  505,  645,  722,  883,  655,  173,  574,  252,  793,  661,  106,  630,  541,  412,  374,  121,  472,  305,  605,  320,  477,  877,  497,  510,  639,  660,  416,  570,   72,  627,  171,  710,  116,  420,  510,  908,  281,  540,  356,  154,  457,  410,  485,  611,  263,    8,  293,   59,  408,  270,  438],
        [  405,    0,  646,  469,  352,  361,  289,  336,  722,  497,  367,  302,  402,  415,  516,  417,  415,   50,  627,  554,  374,  252,  129,  225,  430,   63,  202,  188,  459,  200,  313,    0,  380,  279,  496,  371,  252,  281,  269,  109,  111,  621,  331,  646,  461,  482,  530,  184,  338,  592,  631,  399,   10,  315,  446,  363,  198,  349,  538,  494,  330,  711,  348,  442,  344,  654,  442,  460,  495,  467,  592,  358,  156,  303,  228,  488,  420,  408,  411,  416,  101,  240,  281,  430,  174,  366,  293,  315,  600,  285,  200,  343,  500,  155,  259,  266,  459,  147,  535,  251,  364,  304,  641,  462,  329,  388,  165,  288,  246,  241,  406,  316,  318,  241,  262,  133,  189,  193],
        [  741,    0,  354,   97,   54,  219,  205,  236,  889,  592,  275,  637,  162,  773,  159,  770,   98,  430,  338,  927,  745,  311,  279,  507,  774,  442,  471,  538,  543,  493,  619,  380,    0,  109,  116,  695,  632,  122,  437,  437,  386,  996,  580,  344,  547,  290,  794,  560,  702,  297,  847,  712,  386,  562,  824,  426,  447,  614,  177,  500,  250,  848,  617,  322,  397,  838,  820,  820,  794,  107,  308,  183,  453,  511,  608,  509,  637,  724,  661,  746,  314,  599,  523,  339,  315,   15,  671,  642,  699,  124,  354,  177,  193,  461,  339,  602,  158,  464,  807,  510,  315,  116,  757,  597,   90,  420,  512,  181,  591,  142,   75,  435,  626,  350,  561,  436,  568,  496],
        [  657,    0,  443,  191,  104,  236,  188,  238,  856,  571,  283,  552,  159,  665,  263,  681,  143,  328,  425,  820,  649,  217,  195,  400,  688,  341,  396,  448,  522,  385,  512,  279,  109,    0,  221,  614,  530,   91,  384,  329,  302,  890,  477,  436,  526,  280,  732,  461,  609,  385,  800,  605,  286,  459,  724,  345,  375,  548,  283,  438,  247,  823,  513,  348,  373,  800,  716,  729,  723,  211,  392,  206,  345,  454,  506,  505,  584,  617,  600,  665,  226,  507,  419,  293,  210,   95,  571,  560,  681,   37,  293,  193,  238,  378,  298,  493,  197,  355,  743,  405,  251,   49,  736,  511,   58,  346,  404,  102,  503,   39,  130,  343,  519,  252,  453,  352,  467,  416],
        [  852,    0,  310,   48,  155,  287,  297,  313,  968,  667,  343,  749,  202,  885,  102,  883,  129,  546,  299, 1041,  860,  403,  394,  612,  886,  558,  579,  652,  618,  600,  724,  496,  116,  221,    0,  805,  748,  231,  536,  549,  499, 1111,  678,  296,  622,  306,  893,  676,  816,  261,  936,  817,  502,  661,  940,  501,  555,  718,  105,  552,  328,  921,  718,  369,  479,  922,  936,  934,  900,   83,  277,  253,  562,  611,  724,  572,  733,  830,  761,  856,  428,  714,  623,  385,  420,  131,  786,  753,  769,  229,  459,  253,  168,  573,  435,  712,  157,  575,  908,  613,  379,  215,  828,  673,  185,  489,  625,  271,  704,  257,  118,  520,  731,  444,  667,  549,  684,  607],
        [   55,    0,  839,  791,  650,  565,  520,  532,  453,  394,  532,   71,  760,  460,  787,  113,  757,  334,  822,  482,  178,  621,  421,  506,   94,  324,  226,  185,  393,  483,  520,  371,  695,  614,  805,    0,  258,  575,  298,  421,  314,  516,  594,  846,  392,  851,  195,  235,  129,  799,  329,  558,  362,  586,  283,  717,  252,  131,  810,  847,  517,  476,  584,  577,  406,  382,  354,  166,  130,  750,  790,  585,  463,  235,  269,  471,  209,  556,  154,   52,  390,  152,  570,  800,  543,  682,  214,   57,  443,  632,  351,  576,  851,  238,  392,  449,  809,  440,  191,  539,  734,  652,  450,  771,  672,  746,  403,  651,  128,  577,  742,  660,  520,  604,  503,  264,  256,  200],
        [  257,    0,  877,  720,  602,  585,  519,  555,  705,  579,  576,  203,  642,  224,  764,  231,  663,  203,  858,  317,  150,  450,  367,  274,  260,  191,  281,  159,  558,  257,  265,  252,  632,  530,  748,  258,    0,  530,  389,  231,  284,  379,  347,  878,  558,  701,  453,   84,  148,  826,  585,  301,  246,  342,  196,  511,  302,  331,  786,  635,  545,  720,  331,  643,  499,  633,  194,  253,  381,  716,  823,  591,  255,  370,   26,  617,  425,  300,  384,  277,  333,  126,  333,  626,  381,  618,   59,  222,  656,  533,  377,  577,  743,  239,  439,  195,  703,  231,  448,  306,  562,  552,  677,  531,  578,  543,  178,  525,  166,  492,  656,  449,  264,  420,  258,  248,   66,  239],
        [  622,    0,  382,  218,   76,  146,   99,  147,  779,  488,  192,  518,  240,  690,  235,  653,  202,  329,  364,  835,  634,  294,  166,  446,  656,  340,  350,  423,  438,  428,  556,  281,  122,   91,  231,  575,  530,    0,  318,  357,  269,  902,  534,  378,  442,  366,  673,  453,  588,  325,  730,  648,  286,  516,  718,  428,  326,  493,  257,  526,  156,  742,  566,  258,  289,  725,  721,  704,  674,  187,  329,  119,  384,  391,  507,  416,  518,  659,  540,  626,  201,  486,  476,  384,  268,  110,  563,  523,  597,  128,  233,  104,  302,  343,  223,  527,  262,  389,  687,  457,  340,  139,  653,  589,  136,  432,  430,  191,  474,   87,  181,  419,  562,  324,  497,  319,  464,  377],
        [  351,    0,  542,  531,  386,  272,  240,  239,  480,  229,  235,  265,  542,  607,  502,  400,  517,  274,  524,  698,  421,  484,  213,  490,  390,  275,  108,  231,  192,  464,  563,  269,  437,  384,  536,  298,  389,  318,    0,  373,  158,  751,  596,  549,  194,  657,  358,  308,  364,  502,  416,  639,  262,  581,  527,  614,   89,  187,  524,  740,  224,  457,  608,  281,  116,  419,  566,  456,  370,  471,  493,  297,  423,   76,  377,  233,  201,  644,  226,  348,  203,  282,  548,  641,  414,  427,  389,  260,  334,  413,   94,  290,  617,  154,  102,  503,  576,  410,  373,  518,  580,  431,  379,  729,  441,  633,  410,  455,  249,  352,  498,  574,  567,  488,  519,  157,  333,  151],
        [  443,    0,  735,  515,  419,  457,  384,  435,  810,  601,  469,  351,  418,  337,  585,  439,  449,  104,  716,  493,  375,  220,  227,  118,  460,  108,  294,  240,  564,   91,  208,  109,  437,  329,  549,  421,  231,  357,  373,    0,  216,  564,  223,  732,  566,  471,  598,  194,  355,  679,  711,  298,  114,  208,  423,  297,  296,  427,  606,  427,  430,  805,  240,  545,  452,  740,  397,  474,  550,  534,  680,  450,   51,  400,  206,  596,  507,  307,  490,  459,  205,  272,  176,  398,  152,  423,  285,  367,  701,  323,  309,  434,  520,  242,  367,  170,  482,   39,  600,  145,  332,  340,  739,  367,  369,  327,   76,  303,  293,  296,  446,  240,  214,  192,  154,  226,  184,  275],
        [  357,    0,  594,  481,  345,  302,  238,  272,  618,  387,  293,  252,  449,  483,  496,  385,  444,  122,  575,  601,  368,  343,  108,  333,  389,  125,  104,  156,  349,  307,  413,  111,  386,  302,  499,  314,  284,  269,  158,  216,    0,  662,  439,  596,  351,  548,  445,  201,  320,  544,  535,  493,  104,  424,  459,  465,   93,  260,  519,  594,  262,  604,  453,  363,  241,  552,  476,  436,  425,  452,  540,  310,  265,  196,  266,  382,  319,  500,  318,  364,   77,  218,  391,  512,  268,  372,  306,  259,  490,  320,  100,  297,  538,   77,  163,  357,  496,  253,  454,  361,  448,  340,  532,  573,  359,  488,  260,  344,  206,  264,  429,  422,  417,  341,  365,   51,  219,  115],
        [  474,    0, 1255, 1078,  972,  963,  897,  933,  937,  905,  953,  505,  978,  247, 1136,  411, 1013,  574, 1236,   74,  343,  760,  743,  536,  443,  563,  645,  524,  896,  536,  444,  621,  996,  890, 1111,  516,  379,  902,  751,  564,  662,    0,  535, 1256,  896, 1008,  670,  461,  400, 1204,  806,  385,  617,  544,  234,  766,  669,  638, 1158,  860,  923,  975,  495, 1017,  865,  871,  187,  372,  579, 1087, 1201,  969,  562,  715,  399,  967,  724,  371,  670,  493,  709,  469,  564,  913,  708,  982,  364,  518,  958,  887,  752,  954, 1080,  611,  813,  420, 1043,  545,  655,  553,  857,  904,  962,  700,  932,  799,  490,  865,  504,  855, 1009,  706,  437,  721,  487,  624,  444,  602],
        [  601,    0,  914,  636,  579,  656,  584,  639, 1016,  823,  677,  529,  501,  291,  739,  577,  557,  323,  896,  463,  490,  277,  438,  106,  606,  324,  511,  434,  787,  133,   97,  331,  580,  477,  678,  594,  347,  534,  596,  223,  439,  535,    0,  909,  789,  494,  784,  362,  494,  857,  908,  159,  336,   19,  488,  236,  517,  630,  757,  327,  637, 1017,   44,  754,  673,  945,  425,  594,  722,  686,  862,  642,  175,  618,  330,  819,  717,  174,  691,  620,  422,  443,   59,  391,  269,  567,  404,  547,  921,  456,  530,  626,  596,  458,  587,  155,  567,  187,  783,   82,  345,  466,  956,  187,  496,  268,  198,  407,  476,  455,  562,  182,  102,  235,   91,  445,  339,  486],
        [  899,    0,   18,  341,  332,  295,  361,  326,  859,  571,  316,  809,  489, 1060,  198,  947,  414,  688,   27, 1193,  954,  651,  518,  824,  938,  698,  636,  744,  532,  805,  933,  646,  344,  436,  296,  846,  878,  378,  549,  732,  596, 1256,  909,    0,  535,  601,  870,  796,  900,   54,  868, 1026,  648,  891, 1052,  770,  609,  729,  192,  838,  338,  797,  943,  275,  446,  832, 1071, 1002,  906,  242,   57,  289,  761,  615,  858,  457,  706, 1037,  751,  897,  550,  805,  851,  674,  641,  354,  900,  806,  647,  462,  513,  304,  463,  655,  459,  902,  452,  766,  889,  834,  657,  458,  705,  941,  433,  764,  804,  524,  781,  454,  396,  776,  939,  687,  875,  638,  813,  675],
        [  443,    0,  524,  632,  494,  335,  345,  312,  346,   46,  280,  391,  681,  781,  559,  504,  640,  467,  509,  852,  554,  663,  389,  683,  482,  467,  288,  401,    5,  657,  754,  461,  547,  526,  622,  392,  558,  442,  194,  566,  351,  896,  789,  535,    0,  805,  347,  484,  497,  501,  334,  826,  455,  774,  663,  797,  276,  262,  578,  919,  298,  302,  800,  273,  154,  305,  718,  557,  403,  544,  486,  370,  616,  189,  552,   87,  196,  831,  252,  432,  387,  439,  741,  806,  598,  540,  546,  378,  156,  559,  271,  373,  738,  340,  235,  692,  701,  603,  367,  711,  749,  575,  211,  920,  577,  814,  602,  612,  399,  502,  617,  762,  757,  672,  711,  347,  511,  325],
        [  886,    0,  615,  261,  335,  500,  464,  510, 1134,  851,  553,  783,  130,  763,  405,  896,  196,  525,  602,  934,  843,  254,  451,  473,  911,  537,  650,  669,  802,  474,  571,  482,  290,  280,  306,  851,  701,  366,  657,  471,  548, 1008,  494,  601,  805,    0,  992,  654,  815,  563, 1071,  652,  491,  481,  892,  265,  633,  806,  410,  264,  520, 1102,  538,  608,  652, 1075,  859,  937,  970,  368,  577,  466,  455,  723,  676,  782,  853,  667,  862,  897,  474,  720,  451,  109,  322,  289,  754,  794,  961,  247,  564,  456,  147,  619,  576,  588,  149,  476, 1001,  457,  152,  231, 1015,  420,  231,  239,  533,  205,  727,  307,  218,  313,  578,  289,  522,  593,  650,  659],
        [  210,    0,  860,  889,  744,  621,  597,  591,  269,  326,  576,  256,  887,  650,  855,  266,  870,  502,  844,  649,  357,  780,  543,  692,  231,  494,  342,  358,  350,  668,  714,  530,  794,  732,  893,  195,  453,  673,  358,  598,  445,  670,  784,  870,  347,  992,    0,  423,  318,  830,  139,  753,  520,  776,  448,  889,  359,  186,  877, 1020,  575,  307,  777,  597,  432,  202,  529,  299,   92,  827,  818,  650,  644,  283,  463,  433,  166,  751,  134,  189,  519,  342,  756,  955,  703,  783,  407,  238,  325,  756,  442,  646,  969,  378,  459,  643,  927,  622,   22,  725,  890,  776,  309,  957,  790,  916,  590,  787,  310,  697,  852,  836,  713,  770,  694,  403,  446,  338],
        [  251,    0,  794,  650,  527,  502,  437,  472,  660,  508,  492,  167,  583,  300,  687,  246,  598,  134,  775,  401,  191,  408,  289,  271,  266,  122,  201,   85,  484,  249,  296,  184,  560,  461,  676,  235,   84,  453,  308,  194,  201,  461,  362,  796,  484,  654,  423,    0,  162,  744,  548,  352,  176,  353,  265,  489,  220,  276,  709,  618,  462,  668,  357,  559,  417,  588,  276,  283,  364,  640,  740,  509,  232,  297,   70,  539,  368,  354,  335,  267,  254,   83,  335,  589,  334,  546,  111,  185,  591,  468,  293,  495,  682,  157,  355,  226,  641,  209,  422,  305,  523,  487,  618,  537,  512,  520,  169,  468,  115,  423,  589,  431,  297,  385,  272,  165,   28,  161],
        [  112,    0,  896,  795,  664,  608,  552,  576,  580,  506,  586,  106,  740,  333,  815,   86,  749,  292,  877,  359,   58,  570,  423,  418,  112,  280,  266,  165,  497,  398,  412,  338,  702,  609,  816,  129,  148,  588,  364,  355,  320,  400,  494,  900,  497,  815,  318,  162,    0,  850,  455,  440,  330,  489,  167,  647,  292,  240,  838,  774,  563,  605,  479,  642,  479,  509,  228,  123,  239,  772,  844,  623,  389,  319,  166,  569,  329,  436,  278,  133,  389,  103,  479,  751,  496,  688,   93,  119,  565,  620,  388,  611,  837,  250,  442,  342,  796,  365,  310,  450,  684,  640,  576,  678,  663,  678,  317,  625,  120,  570,  738,  587,  411,  546,  405,  271,  172,  226],
        [  852,    0,   58,  303,  281,  243,  308,  275,  832,  539,  268,  760,  446, 1007,  159,  898,  372,  635,   42, 1140,  903,  600,  465,  771,  890,  645,  586,  692,  497,  752,  880,  592,  297,  385,  261,  799,  826,  325,  502,  679,  544, 1204,  857,   54,  501,  563,  830,  744,  850,    0,  834,  972,  594,  839, 1001,  722,  559,  684,  159,  794,  287,  773,  890,  234,  402,  802, 1019,  953,  863,  198,   20,  236,  708,  570,  806,  427,  665,  983,  709,  850,  497,  754,  798,  631,  589,  306,  849,  758,  620,  412,  463,  251,  428,  603,  410,  848,  414,  712,  849,  781,  611,  409,  680,  892,  385,  717,  750,  475,  731,  402,  352,  726,  886,  636,  822,  586,  760,  625],
        [  349,    0,  856,  938,  794,  652,  643,  625,  132,  298,  601,  385,  958,  787,  884,  405,  931,  610,  842,  787,  495,  877,  621,  812,  369,  604,  433,  476,  338,  787,  842,  631,  847,  800,  936,  329,  585,  730,  416,  711,  535,  806,  908,  868,  334, 1071,  139,  548,  455,  834,    0,  886,  622,  898,  586,  994,  443,  284,  904, 1125,  609,  181,  904,  605,  458,   72,  668,  435,  228,  863,  819,  685,  759,  348,  593,  412,  218,  885,  222,  327,  602,  469,  876, 1046,  801,  837,  542,  366,  250,  828,  508,  684, 1031,  477,  508,  771,  991,  738,  152,  845,  982,  846,  213, 1075,  856, 1019,  711,  867,  433,  767,  911,  944,  842,  871,  819,  500,  573,  439],
        [  551,    0, 1029,  776,  703,  754,  681,  732, 1005,  854,  766,  503,  649,  152,  868,  512,  701,  372, 1010,  315,  417,  424,  524,  206,  546,  368,  539,  435,  825,  222,   94,  399,  712,  605,  817,  558,  301,  648,  639,  298,  493,  385,  159, 1026,  826,  652,  753,  352,  440,  972,  886,    0,  401,  172,  384,  394,  552,  626,  887,  478,  727, 1017,  116,  841,  733,  933,  305,  515,  678,  815,  975,  746,  265,  642,  295,  871,  718,   15,  682,  572,  500,  422,  203,  549,  397,  698,  347,  522,  942,  590,  592,  730,  748,  487,  654,  137,  716,  262,  747,  206,  501,  602,  969,  316,  632,  427,  235,  549,  461,  578,  703,  340,   87,  381,  152,  482,  325,  505],
