{
    "name": "random-49-22533",
    "comment": "size=49 seed=22533",
    "nodes": ["+0", "-0", "+1", "-1", "+2", "-2", "+3", "-3", "+4", "-4", "+5", "-5", "+6", "-6", "+7", "-7", "+8", "-8", "+9", "-9", "+10", "-10", "+11", "-11", "+12", "-12", "+13", "-13", "+14", "-14", "+15", "-15", "+16", "-16", "+17", "-17", "+18", "-18", "+19", "-19", "+20", "-20", "+21", "-21", "+22", "-22", "+23", "-23", "+24", "-24", "+25", "-25", "+26", "-26", "+27", "-27", "+28", "-28", "+29", "-29", "+30", "-30", "+31", "-31", "+32", "-32", "+33", "-33", "+34", "-34", "+35", "-35", "+36", "-36", "+37", "-37", "+38", "-38", "+39", "-39", "+40", "-40", "+41", "-41", "+42", "-42", "+43", "-43", "+44", "-44", "+45", "-45", "+46", "-46", "+47", "-47", "+48", "-48", "+49", "-49"],
    "precedence": {
        "+0": "-0",
        "+1": "-1",
        "+2": "-2",
        "+3": "-3",
        "+4": "-4",
        "+5": "-5",
        "+6": "-6",
        "+7": "-7",
        "+8": "-8",
        "+9": "-9",
        "+10": "-10",
        "+11": "-11",
        "+12": "-12",
        "+13": "-13",
        "+14": "-14",
        "+15": "-15",
        "+16": "-16",
        "+17": "-17",
        "+18": "-18",
        "+19": "-19",
        "+20": "-20",
        "+21": "-21",
        "+22": "-22",
        "+23": "-23",
        "+24": "-24",
        "+25": "-25",
        "+26": "-26",
        "+27": "-27",
        "+28": "-28",
        "+29": "-29",
        "+30": "-30",
        "+31": "-31",
        "+32": "-32",
        "+33": "-33",
        "+34": "-34",
        "+35": "-35",
        "+36": "-36",
        "+37": "-37",
        "+38": "-38",
        "+39": "-39",
        "+40": "-40",
        "+41": "-41",
        "+42": "-42",
        "+43": "-43",
        "+44": "-44",
        "+45": "-45",
        "+46": "-46",
        "+47": "-47",
        "+48": "-48",
        "+49": "-49"
    },
    "edges": [
        [    0,    0,  333,  195,  876,  692,  734,  505,  580,  223,  104,  542,  677,  384,  470,  307,   56,  663,  751,  361,  421,  459,  506,  306,  342,  421,  255,  590,  684,  302,  335,  505,  708,  648,  709,  621,  147,  725,  242,  572,  745,  186,  668,  925,  814,  798,  138,  307,  223,  372,  685,  376,  362,  618,  404,  780,  332,  412,  361,  528,  256,  184,  173,  207,  222,  166,  340,  401,  229,  292,  898,  668,  528,  857,  818,  579,  708,  611,  974,  706,  768,  728,  715,  503,  568,  817,  474,  317,  908,  480,  575,  162,  738,  888,  787,  929,   10,  543,  521,  230],
        [    0,    0,    0,    0,    0,    0,    0,    0,    0,    0,    0,    0,    0,    0,    0,    0,    0,    0,    0,    0,    0,    0,    0,    0,    0,    0,    0,    0,    0,    0,    0,    0,    0,    0,    0,    0,    0,    0,    0,    0,    0,    0,    0,    0,    0,    0,    0,    0,    0,    0,    0,    0,    0,    0,    0,    0,    0,    0,    0,    0,    0,    0,    0,    0,    0,    0,    0,    0,    0,    0,    0,    0,    0,    0,    0,    0,    0,    0,    0,    0,    0,    0,    0,    0,    0,    0,    0,    0,    0,    0,    0,    0,    0,    0,    0,    0,    0,    0,    0,    0],
        [  333,    0,    0,  141,  882,  704,  708,  173,  679,  523,  433,  459,  689,   95,  568,  489,  353,  509,  953,  385,  135,  274,  763,  395,  133,  127,  420,  480,  582,  554,  622,  173,  758,  887,  795,  366,  263,  474,  564,  790,  957,  478,  558,  808,  885,  997,  234,  401,  545,  620,  837,  537,  601,  488,  587,  591,  664,  242,  470,  675,  582,  246,  502,  151,  156,  498,  221,  347,  555,  623,  857,  788,  320, 1024,  914,  758,  894,  280,  817,  822,  633,  881,  454,  505,  279,  837,  233,  106,  856,  148,  243,  492,  652,  777,  567,  825,  339,  211,  604,  205],
        [  195,    0,  141,    0,  846,  662,  682,  312,  601,  385,  293,  450,  647,  193,  486,  375,  213,  538,  845,  320,  233,  309,  637,  304,  167,  231,  306,  486,  588,  425,  487,  314,  702,  767,  725,  449,  137,  557,  424,  675,  845,  340,  567,  826,  823,  890,  127,  309,  405,  494,  744,  432,  477,  505,  478,  641,  525,  264,  379,  580,  442,  134,  366,   47,  107,  360,  206,  314,  415,  484,  841,  705,  372,  929,  842,  655,  790,  417,  855,  741,  657,  788,  543,  459,  383,  795,  302,  160,  845,  287,  382,  355,  652,  792,  634,  837,  200,  351,  530,  122],
        [  876,    0,  882,  846,    0,  186,  179,  936,  332,  790,  869,  430,  201,  809,  418,  596,  827,  465,  542,  531,  791,  632,  673,  572,  750,  804,  627,  428,  352,  680,  751,  952,  184,  639,  237,  689,  753,  674,  862,  565,  571,  777,  376,  328,  174,  547,  943,  570,  857,  657,  391,  533,  640,  443,  539,  512,  977,  648,  519,  426,  879,  730,  963,  800,  952,  921,  663,  538,  879,  943,  125,  321,  625,  462,  241,  470,  483,  948,  446,  299,  385,  391,  702,  388,  773,   65,  704,  975,  153,  916,  962,  952,  287,  310,  594,  295,  870,  962,  365,  724],
        [  692,    0,  704,  662,  186,    0,   86,  772,  189,  620,  690,  268,   16,  637,  244,  421,  644,  348,  493,  345,  622,  468,  549,  387,  574,  635,  445,  283,  241,  515,  595,  787,   90,  551,  172,  554,  568,  565,  694,  458,  518,  603,  259,  352,  208,  514,  757,  386,  687,  503,  324,  363,  484,  309,  380,  434,  815,  477,  338,  288,  712,  544,  786,  616,  768,  745,  484,  358,  710,  777,  223,  239,  473,  464,  263,  360,  424,  797,  459,  240,  315,  344,  587,  204,  626,  134,  543,  794,  242,  750,  805,  775,  207,  319,  509,  333,  686,  801,  194,  540],
        [  734,    0,  708,  682,  179,   86,    0,  758,  272,  683,  743,  253,   91,  633,  312,  482,  690,  295,  577,  377,  613,  454,  631,  430,  576,  627,  498,  250,  182,  584,  667,  774,  168,  636,  251,  515,  602,  510,  758,  542,  602,  662,  205,  267,  265,  595,  787,  430,  750,  578,  408,  430,  557,  267,  453,  365,  882,  472,  392,  370,  777,  574,  841,  636,  787,  801,  492,  370,  773,  843,  164,  323,  447,  539,  328,  445,  508,  770,  374,  322,  241,  426,  536,  232,  596,  153,  526,  804,  176,  738,  784,  830,  132,  234,  444,  250,  729,  784,  266,  562],
        [  505,    0,  173,  312,  936,  772,  758,    0,  785,  691,  605,  508,  759,  158,  682,  635,  525,  506, 1086,  497,  155,  306,  917,  527,  232,  143,  568,  511,  603,  712,  786,   18,  840, 1034,  890,  305,  426,  399,  735,  932, 1092,  646,  577,  800,  969, 1128,  400,  533,  716,  775,  955,  674,  755,  505,  727,  554,  836,  299,  599,  799,  753,  403,  673,  316,  313,  670,  320,  435,  727,  795,  889,  896,  317, 1142, 1007,  889, 1022,  112,  784,  927,  629,  998,  371,  589,  198,  901,  233,  226,  882,   28,   71,  663,  675,  775,  508,  824,  511,   40,  710,  353],
        [  580,    0,  679,  601,  332,  189,  272,  785,    0,  463,  555,  336,  182,  633,  116,  279,  527,  466,  342,  294,  631,  499,  361,  298,  561,  643,  326,  377,  382,  351,  420,  798,  148,  372,  130,  632,  482,  671,  533,  273,  361,  456,  391,  538,  235,  374,  673,  294,  529,  326,  181,  211,  309,  414,  209,  576,  646,  490,  226,  100,  549,  470,  642,  559,  704,  599,  468,  352,  551,  612,  405,  112,  530,  361,  242,  178,  271,  834,  640,  143,  474,  218,  687,  212,  678,  267,  575,  752,  426,  760,  832,  633,  374,  503,  642,  521,  573,  820,   76,  485],
        [  223,    0,  523,  385,  790,  620,  683,  691,  463,    0,  133,  560,  607,  548,  376,  202,  179,  705,  552,  364,  577,  557,  290,  289,  487,  581,  205,  615,  690,  117,  114,  695,  608,  435,  585,  732,  268,  824,   76,  374,  542,   46,  681,  917,  691,  599,  360,  285,   68,  172,  519,  258,  174,  652,  256,  832,  206,  514,  296,  384,   97,  297,  188,  376,  440,  144,  444,  441,   90,  164,  842,  524,  624,  673,  677,  405,  520,  788,  990,  563,  786,  559,  822,  473,  708,  726,  599,  530,  857,  664,  759,  181,  726,  879,  860,  913,  213,  731,  428,  354],
        [  104,    0,  433,  293,  869,  690,  743,  605,  555,  133,    0,  578,  676,  477,  453,  277,   86,  711,  682,  385,  511,  528,  423,  317,  427,  512,  246,  630,  718,  235,  246,  606,  693,  568,  682,  697,  210,  797,  138,  502,  672,  110,  704,  955,  788,  728,  239,  316,  120,  299,  635,  345,  296,  663,  359,  834,  234,  481,  353,  488,  153,  248,  102,  298,  325,   74,  408,  443,  125,  191,  905,  630,  597,  798,  783,  524,  645,  709, 1014,  669,  808,  677,  790,  517,  654,  807,  554,  420,  918,  579,  675,   90,  764,  917,  850,  955,   97,  644,  506,  302],
        [  542,    0,  459,  450,  430,  268,  253,  508,  336,  560,  578,    0,  255,  381,  279,  375,  508,  152,  676,  197,  361,  203,  621,  271,  327,  374,  355,   57,  143,  492,  586,  523,  344,  682,  407,  299,  397,  337,  634,  574,  693,  526,  127,  384,  471,  709,  565,  275,  622,  517,  516,  357,  492,   96,  404,  279,  765,  220,  280,  396,  656,  363,  680,  404,  551,  647,  248,  142,  643,  721,  399,  439,  207,  690,  518,  494,  605,  530,  437,  460,  230,  551,  352,  130,  360,  394,  276,  557,  399,  487,  538,  668,  203,  348,  326,  391,  539,  535,  273,  335],
        [  677,    0,  689,  647,  201,   16,   91,  759,  182,  607,  676,  255,    0,  623,  232,  407,  630,  340,  493,  330,  609,  455,  541,  372,  559,  622,  431,  272,  235,  504,  583,  774,   96,  547,  175,  544,  553,  556,  681,  452,  517,  589,  252,  357,  218,  515,  742,  371,  674,  493,  324,  350,  473,  300,  368,  430,  803,  463,  323,  280,  700,  529,  772,  601,  753,  731,  469,  343,  697,  765,  235,  238,  461,  468,  271,  355,  423,  784,  462,  243,  313,  346,  579,  189,  614,  149,  530,  779,  253,  737,  792,  761,  205,  323,  504,  340,  671,  788,  182,  525],
        [  384,    0,   95,  193,  809,  637,  633,  158,  633,  548,  477,  381,  623,    0,  527,  478,  393,  417,  929,  342,   43,  186,  762,  369,   75,   38,  412,  397,  496,  560,  637,  168,  698,  877,  742,  273,  281,  382,  599,  775,  935,  503,  472,  717,  827,  971,  310,  375,  581,  621,  800,  516,  599,  401,  569,  497,  710,  162,  441,  642,  618,  253,  557,  180,  243,  547,  165,  286,  593,  667,  776,  744,  227,  988,  861,  732,  865,  242,  723,  775,  543,  843,  363,  444,  193,  768,  138,  200,  774,  131,  218,  546,  568,  687,  473,  735,  388,  197,  557,  200],
        [  470,    0,  568,  486,  418,  244,  312,  682,  116,  376,  453,  279,  232,  527,    0,  178,  418,  426,  414,  186,  529,  410,  348,  183,  454,  540,  215,  330,  366,  273,  356,  694,  241,  404,  243,  558,  367,  613,  450,  296,  426,  361,  367,  563,  347,  452,  558,  179,  443,  269,  274,  119,  247,  370,  144,  547,  572,  393,  112,  124,  468,  354,  546,  445,  589,  504,  363,  256,  466,  534,  467,  221,  450,  461,  358,  221,  346,  739,  652,  256,  464,  316,  625,  151,  591,  355,  483,  638,  483,  656,  732,  535,  380,  526,  602,  553,  462,  718,   54,  371],
        [  307,    0,  489,  375,  596,  421,  482,  635,  279,  202,  277,  375,  407,  478,  178,    0,  253,  526,  470,  192,  493,  423,  288,  124,  405,  501,   70,  432,  497,  117,  211,  643,  417,  400,  407,  595,  240,  674,  277,  302,  471,  183,  491,  718,  513,  516,  416,  117,  269,  154,  381,   70,  130,  470,  103,  653,  404,  389,   98,  222,  297,  245,  368,  344,  466,  326,  331,  280,  291,  363,  641,  361,  482,  560,  512,  282,  417,  713,  795,  400,  594,  425,  678,  275,  596,  533,  482,  535,  656,  607,  695,  357,  528,  681,  692,  713,  299,  674,  231,  285],
        [   56,    0,  353,  213,  827,  644,  690,  525,  527,  179,   86,  508,  630,  393,  418,  253,    0,  636,  697,  320,  426,  445,  455,  260,  342,  428,  203,  558,  649,  249,  289,  526,  657,  596,  656,  612,  126,  714,  211,  518,  691,  138,  635,  889,  762,  743,  185,  260,  193,  319,  630,  322,  309,  589,  349,  756,  318,  398,  310,  473,  229,  164,  180,  214,  262,  159,  325,  370,  203,  275,  854,  613,  514,  802,  764,  524,  653,  627,  943,  652,  737,  673,  706,  460,  569,  767,  469,  352,  864,  498,  594,  168,  700,  852,  769,  892,   47,  564,  470,  218],
        [  663,    0,  509,  538,  465,  348,  295,  506,  466,  705,  711,  152,  340,  417,  426,  526,  636,    0,  807,  342,  385,  237,  771,  417,  386,  398,  501,   97,  114,  642,  736,  523,  435,  825,  511,  227,  516,  218,  779,  718,  826,  669,   91,  301,  553,  836,  662,  421,  765,  668,  641,  508,  643,   57,  555,  128,  909,  277,  432,  538,  800,  479,  813,  496,  630,  783,  334,  269,  786,  865,  393,  559,  194,  803,  610,  634,  735,  495,  317,  573,  126,  672,  242,  276,  321,  448,  284,  613,  382,  492,  517,  800,  180,  271,  178,  320,  661,  524,  412,  440],
        [  751,    0,  953,  845,  542,  493,  577, 1086,  342,  552,  682,  676,  493,  929,  414,  470,  697,  807,    0,  592,  935,  823,  278,  561,  854,  946,  539,  719,  718,  450,  450, 1096,  411,  148,  328,  968,  710, 1012,  590,  180,   31,  574,  729,  835,  370,   47,  876,  555,  597,  383,  170,  417,  389,  756,  368,  914,  650,  805,  488,  291,  595,  714,  733,  812,  934,  690,  767,  669,  613,  637,  657,  256,  862,  146,  308,  197,   72, 1150,  948,  257,  804,  154, 1028,  549, 1005,  491,  896, 1004,  684, 1059, 1140,  728,  698,  805,  982,  810,  742, 1123,  405,  749],
        [  361,    0,  385,  320,  531,  345,  377,  497,  294,  364,  385,  197,  330,  342,  186,  192,  320,  342,  592,    0,  345,  241,  467,   76,  269,  355,  159,  252,  334,  306,  400,  509,  383,  558,  412,  408,  226,  483,  438,  451,  601,  329,  322,  571,  506,  633,  413,   80,  425,  344,  459,  198,  319,  288,  252,  469,  569,  216,  113,  303,  460,  200,  486,  275,  425,  452,  178,   89,  446,  525,  540,  404,  295,  646,  530,  396,  527,  558,  632,  437,  426,  501,  487,  145,  421,  477,  309,  462,  548,  471,  549,  474,  381,  533,  502,  572,  356,  534,  219,  198],
        [  421,    0,  135,  233,  791,  622,  613,  155,  631,  577,  511,  361,  609,   43,  529,  493,  426,  385,  935,  345,    0,  161,  780,  380,   91,   14,  429,  372,  470,  581,  661,  168,  688,  890,  736,  231,  311,  340,  630,  786,  943,  531,  445,  685,  817,  977,  351,  386,  612,  640,  802,  527,  618,  373,  581,  459,  743,  146,  449,  647,  650,  280,  594,  215,  285,  582,  169,  280,  626,  700,  752,  742,  192,  989,  853,  739,  871,  221,  687,  772,  511,  844,  321,  435,  152,  753,  102,  239,  748,  130,  205,  583,  542,  656,  433,  704,  424,  190,  556,  224],
        [  459,    0,  274,  309,  632,  468,  454,  306,  499,  557,  528,  203,  455,  186,  410,  423,  445,  237,  823,  241,  161,    0,  706,  300,  150,  174,  372,  212,  311,  530,  620,  321,  538,  798,  593,  176,  319,  270,  623,  691,  835,  514,  286,  535,  667,  861,  435,  306,  607,  577,  677,  438,  552,  216,  492,  333,  748,   48,  354,  532,  644,  281,  624,  271,  396,  602,  121,  156,  625,  703,  592,  609,   69,  860,  708,  629,  755,  337,  550,  636,  361,  717,  266,  292,  182,  596,   78,  378,  589,  285,  340,  612,  383,  504,  330,  552,  460,  334,  426,  230],
        [  506,    0,  763,  637,  673,  549,  631,  917,  361,  290,  423,  621,  541,  762,  348,  288,  455,  771,  278,  467,  780,  706,    0,  408,  691,  787,  351,  674,  713,  212,  179,  924,  497,  146,  438,  874,  502,  944,  316,  120,  261,  321,  715,  895,  528,  322,  640,  402,  326,  144,  308,  271,  163,  714,  219,  894,  375,  675,  355,  261,  320,  518,  461,  614,  711,  421,  618,  556,  340,  360,  761,  356,  761,  414,  490,  206,  266, 1000,  993,  386,  811,  335,  952,  497,  882,  610,  768,  793,  784,  890,  980,  457,  721,  860,  946,  880,  497,  957,  377,  565],
        [  306,    0,  395,  304,  572,  387,  430,  527,  298,  289,  317,  271,  372,  369,  183,  124,  260,  417,  561,   76,  380,  300,  408,    0,  295,  389,   84,  327,  405,  234,  327,  536,  410,  511,  424,  472,  187,  552,  363,  407,  567,  255,  395,  639,  525,  604,  379,    7,  351,  277,  444,  148,  253,  363,  202,  544,  494,  267,   77,  281,  385,  172,  418,  264,  406,  382,  213,  159,  372,  450,  594,  402,  359,  631,  540,  365,  500,  599,  705,  438,  499,  488,  556,  201,  474,  514,  361,  458,  605,  499,  584,  406,  449,  602,  577,  639,  300,  565,  229,  192],
        [  342,    0,  133,  167,  750,  574,  576,  232,  561,  487,  427,  327,  559,   75,  454,  405,  342,  386,  854,  269,   91,  150,  691,  295,    0,   97,  340,  350,  452,  491,  571,  242,  631,  803,  672,  283,  222,  391,  543,  701,  861,  442,  429,  683,  759,  896,  293,  301,  525,  550,  727,  442,  528,  361,  495,  480,  658,  112,  367,  568,  563,  190,  514,  137,  246,  500,   94,  218,  539,  614,  725,  671,  208,  914,  791,  657,  791,  310,  700,  703,  509,  770,  377,  377,  227,  707,  136,  232,  724,  205,  291,  503,  522,  650,  469,  698,  345,  271,  485,  134],
        [  421,    0,  127,  231,  804,  635,  627,  143,  643,  581,  512,  374,  622,   38,  540,  501,  428,  398,  946,  355,   14,  174,  787,  389,   97,    0,  437,  385,  483,  587,  667,  156,  700,  898,  748,  240,  314,  348,  633,  795,  953,  535,  458,  698,  829,  987,  347,  395,  615,  647,  813,  536,  625,  386,  590,  470,  745,  159,  459,  657,  652,  284,  593,  215,  279,  583,  179,  292,  628,  702,  765,  754,  205, 1000,  866,  749,  881,  213,  699,  784,  523,  855,  328,  447,  156,  766,  114,  229,  761,  118,  196,  582,  555,  668,  442,  717,  424,  179,  567,  229],
        [  255,    0,  420,  306,  627,  445,  498,  568,  326,  205,  246,  355,  431,  412,  215,   70,  203,  501,  539,  159,  429,  372,  351,   84,  340,  437,    0,  410,  487,  158,  249,  575,  455,  469,  455,  547,  172,  631,  280,  372,  540,  173,  477,  718,  560,  584,  353,   80,  268,  212,  444,  129,  189,  447,  172,  628,  411,  334,  108,  282,  301,  176,  344,  274,  399,  306,  271,  240,  290,  367,  660,  417,  435,  626,  565,  350,  485,  649,  786,  455,  582,  489,  633,  275,  539,  566,  426,  465,  673,  540,  629,  333,  527,  680,  659,  716,  248,  607,  267,  217],
        [  590,    0,  480,  486,  428,  283,  250,  511,  377,  615,  630,   57,  272,  397,  330,  432,  558,   97,  719,  252,  372,  212,  674,  327,  350,  385,  410,    0,  103,  548,  642,  527,  366,  731,  436,  272,  444,  295,  690,  624,  737,  581,   82,  341,  490,  750,  605,  331,  677,  572,  555,  412,  548,   41,  458,  223,  820,  239,  337,  444,  711,  409,  732,  441,  585,  700,  281,  189,  698,  776,  381,  475,  198,  724,  542,  541,  647,  521,  385,  493,  179,  588,  313,  180,  347,  400,  278,  582,  378,  492,  534,  720,  172,  307,  273,  352,  587,  535,  319,  376],
        [  684,    0,  582,  588,  352,  241,  182,  603,  382,  690,  718,  143,  235,  496,  366,  497,  649,  114,  718,  334,  470,  311,  713,  405,  452,  483,  487,  103,    0,  612,  704,  619,  330,  751,  410,  338,  540,  329,  766,  647,  739,  659,   26,  242,  443,  744,  706,  408,  754,  626,  549,  465,  602,   98,  505,  197,  896,  341,  400,  465,  787,  506,  819,  542,  687,  785,  383,  285,  776,  853,  287,  465,  286,  702,  502,  557,  647,  602,  300,  475,   99,  576,  354,  225,  427,  335,  373,  684,  280,  585,  620,  807,   73,  206,  269,  250,  681,  624,  340,  476],
        [  302,    0,  554,  425,  680,  515,  584,  712,  351,  117,  235,  492,  504,  560,  273,  117,  249,  642,  450,  306,  581,  530,  212,  234,  491,  587,  158,  548,  612,    0,   94,  718,  497,  348,  470,  704,  292,  786,  183,  271,  443,  125,  606,  829,  575,  497,  432,  229,  180,   71,  404,  155,   62,  587,  142,  770,  300,  492,  213,  268,  199,  310,  304,  404,  500,  259,  428,  392,  202,  263,  738,  408,  592,  563,  561,  291,  411,  800,  909,  446,  710,  445,  789,  389,  696,  616,  583,  581,  756,  685,  777,  296,  640,  791,  808,  821,  293,  752,  322,  361],
        [  335,    0,  622,  487,  751,  595,  667,  786,  420,  114,  246,  586,  583,  637,  356,  211,  289,  736,  450,  400,  661,  620,  179,  327,  571,  667,  249,  642,  704,   94,    0,  791,  567,  325,  530,  795,  361,  879,  141,  275,  436,  151,  699,  917,  632,  496,  472,  322,  148,   95,  439,  241,  112,  681,  215,  864,  230,  581,  306,  327,  149,  384,  284,  472,  549,  242,  514,  485,  164,  202,  817,  459,  683,  578,  609,  324,  425,  878, 1000,  496,  802,  475,  881,  480,  782,  686,  670,  637,  836,  759,  852,  279,  730,  879,  902,  908,  326,  826,  402,  438],
        [  505,    0,  173,  314,  952,  787,  774,   18,  798,  695,  606,  523,  774,  168,  694,  643,  526,  523, 1096,  509,  168,  321,  924,  536,  242,  156,  575,  527,  619,  718,  791,    0,  854, 1042,  903,  322,  431,  415,  737,  941, 1102,  649,  593,  817,  983, 1138,  396,  543,  718,  782,  967,  683,  761,  521,  736,  571,  836,  313,  609,  810,  755,  409,  671,  320,  308,  670,  332,  448,  728,  796,  905,  909,  333, 1154, 1021,  899, 1033,  119,  801,  939,  646, 1009,  387,  602,  215,  916,  249,  219,  899,   39,   74,  662,  692,  792,  525,  841,  511,   40,  722,  360],
        [  708,    0,  758,  702,  184,   90,  168,  840,  148,  608,  693,  344,   96,  698,  241,  417,  657,  435,  411,  383,  688,  538,  497,  410,  631,  700,  455,  366,  330,  497,  567,  854,    0,  481,   84,  637,  596,  652,  679,  395,  436,  598,  347,  426,  130,  428,  788,  407,  675,  473,  243,  352,  457,  394,  356,  524,  794,  542,  348,  244,  696,  577,  784,  657,  807,  741,  539,  413,  697,  759,  266,  160,  550,  374,  177,  298,  343,  871,  538,  155,  404,  259,  674,  255,  703,  120,  614,  842,  290,  817,  877,  774,  295,  395,  599,  403,  701,  871,  188,  581],
        [  648,    0,  887,  767,  639,  551,  636, 1034,  372,  435,  568,  682,  547,  877,  404,  400,  596,  825,  148,  558,  890,  798,  146,  511,  803,  898,  469,  731,  751,  348,  325, 1042,  481,    0,  406,  957,  631, 1016,  461,  109,  124,  464,  757,  902,  475,  187,  780,  504,  471,  278,  249,  364,  292,  770,  310,  942,  510,  772,  446,  288,  464,  642,  607,  740,  847,  566,  723,  643,  485,  499,  743,  323,  846,  293,  422,  195,  167, 1109, 1009,  340,  844,  258, 1027,  552,  978,  580,  866,  925,  768, 1006, 1093,  603,  745,  869, 1002,  881,  639, 1073,  414,  685],
        [  709,    0,  795,  725,  237,  172,  251,  890,  130,  585,  682,  407,  175,  742,  243,  407,  656,  511,  328,  412,  736,  593,  438,  424,  672,  748,  455,  436,  410,  470,  530,  903,   84,  406,    0,  705,  610,  727,  651,  329,  354,  580,  425,  507,  107,  345,  801,  421,  649,  436,  162,  338,  422,  467,  329,  605,  759,  591,  354,  204,  667,  595,  767,  682,  829,  723,  579,  457,  671,  728,  337,   85,  612,  293,  119,  234,  261,  929,  621,   72,  487,  176,  747,  302,  764,  176,  670,  873,  363,  865,  931,  758,  378,  478,  678,  483,  702,  922,  196,  607],
        [  621,    0,  366,  449,  689,  554,  515,  305,  632,  732,  697,  299,  544,  273,  558,  595,  612,  227,  968,  408,  231,  176,  874,  472,  283,  240,  547,  272,  338,  704,  795,  322,  637,  957,  705,    0,  487,  110,  797,  849,  983,  689,  313,  503,  761, 1003,  574,  478,  780,  749,  812,  604,  724,  248,  657,  251,  921,  219,  519,  681,  818,  450,  790,  419,  515,  771,  291,  319,  798,  876,  619,  737,  114,  988,  813,  779,  898,  273,  480,  758,  338,  848,   95,  421,  107,  667,  148,  467,  607,  297,  301,  778,  406,  481,  207,  529,  622,  314,  564,  395],
        [  147,    0,  263,  137,  753,  568,  602,  426,  482,  268,  210,  397,  553,  281,  367,  240,  126,  516,  710,  226,  311,  319,  502,  187,  222,  314,  172,  444,  540,  292,  361,  431,  596,  631,  610,  487,    0,  588,  321,  539,  710,  222,  523,  781,  711,  755,  193,  190,  303,  359,  614,  300,  341,  472,  343,  634,  438,  272,  256,  451,  341,   39,  306,  113,  228,  284,  199,  256,  317,  393,  765,  581,  388,  797,  724,  521,  656,  521,  828,  619,  622,  659,  580,  370,  447,  697,  344,  296,  772,  399,  493,  293,  596,  745,  644,  787,  145,  466,  415,   93],
        [  725,    0,  474,  557,  674,  565,  510,  399,  671,  824,  797,  337,  556,  382,  613,  674,  714,  218, 1012,  483,  340,  270,  944,  552,  391,  348,  631,  295,  329,  786,  879,  415,  652, 1016,  727,  110,  588,    0,  892,  908, 1029,  782,  308,  443,  770, 1044,  682,  558,  876,  826,  849,  674,  801,  260,  725,  182, 1018,  317,  590,  732,  913,  550,  892,  526,  624,  871,  390,  395,  894,  973,  588,  770,  202, 1017,  827,  830,  941,  345,  400,  786,  297,  882,   33,  466,  205,  662,  255,  575,  572,  395,  381,  880,  387,  427,  115,  474,  726,  401,  609,  497],
        [  242,    0,  564,  424,  862,  694,  758,  735,  533,   76,  138,  634,  681,  599,  450,  277,  211,  779,  590,  438,  630,  623,  316,  363,  543,  633,  280,  690,  766,  183,  141,  737,  679,  461,  651,  797,  321,  892,    0,  415,  576,  111,  757,  993,  756,  635,  377,  360,   19,  224,  574,  331,  232,  726,  324,  905,  131,  579,  372,  449,   22,  354,  146,  422,  463,  107,  507,  513,   24,   88,  916,  587,  691,  718,  739,  459,  565,  836, 1065,  625,  861,  612,  889,  548,  766,  797,  660,  558,  932,  709,  804,  143,  802,  955,  932,  989,  234,  774,  501,  411],
        [  572,    0,  790,  675,  565,  458,  542,  932,  273,  374,  502,  574,  452,  775,  296,  302,  518,  718,  180,  451,  786,  691,  120,  407,  701,  795,  372,  624,  647,  271,  275,  941,  395,  109,  329,  849,  539,  908,  415,    0,  173,  394,  653,  809,  413,  227,  699,  401,  421,  204,  189,  260,  210,  663,  206,  837,  488,  666,  340,  183,  422,  547,  556,  645,  761,  513,  619,  535,  438,  469,  661,  245,  738,  304,  371,   99,  151, 1005,  913,  272,  742,  216,  919,  445,  871,  504,  759,  834,  685,  905,  990,  551,  645,  775,  896,  790,  563,  971,  309,  586],
        [  745,    0,  957,  845,  571,  518,  602, 1092,  361,  542,  672,  693,  517,  935,  426,  471,  691,  826,   31,  601,  943,  835,  261,  567,  861,  953,  540,  737,  739,  443,  436, 1102,  436,  124,  354,  983,  710, 1029,  576,  173,    0,  565,  750,  861,  399,   63,  872,  560,  584,  375,  194,  421,  383,  774,  370,  935,  632,  815,  494,  303,  580,  715,  720,  814,  932,  678,  775,  679,  599,  619,  685,  280,  875,  173,  338,  206,   95, 1159,  974,  283,  827,  182, 1044,  565, 1016,  519,  907, 1005,  712, 1065, 1148,  715,  722,  831, 1002,  837,  735, 1130,  421,  752],
        [  186,    0,  478,  340,  777,  603,  662,  646,  456,   46,  110,  526,  589,  503,  361,  183,  138,  669,  574,  329,  531,  514,  321,  255,  442,  535,  173,  581,  659,  125,  151,  649,  598,  464,  580,  689,  222,  782,  111,  394,  565,    0,  649,  889,  687,  620,  322,  252,   97,  191,  527,  246,  186,  616,  254,  795,  241,  471,  271,  383,  133,  252,  187,  330,  398,  144,  399,  403,  118,  196,  823,  525,  582,  688,  678,  415,  536,  743,  959,  564,  753,  568,  780,  445,  663,  714,  554,  487,  837,  619,  714,  178,  698,  852,  821,  887,  177,  685,  413,  308],
        [  668,    0,  558,  567,  376,  259,  205,  577,  391,  681,  704,  127,  252,  472,  367,  491,  635,   91,  729,  322,  445,  286,  715,  395,  429,  458,  477,   82,   26,  606,  699,  593,  347,  757,  425,  313,  523,  308,  757,  653,  750,  649,    0,  260,  463,  756,  686,  398,  744,  624,  561,  463,  599,   73,  504,  186,  887,  318,  394,  471,  778,  488,  806,  522,  665,  773,  361,  268,  766,  844,  313,  478,  261,  718,  521,  564,  658,  576,  311,  489,  105,  590,  332,  222,  401,  357,  347,  661,  306,  560,  594,  794,   99,  226,  255,  271,  665,  598,  345,  457],
        [  925,    0,  808,  826,  328,  352,  267,  800,  538,  917,  955,  384,  357,  717,  563,  718,  889,  301,  835,  571,  685,  535,  895,  639,  683,  698,  718,  341,  242,  829,  917,  817,  426,  902,  507,  503,  781,  443,  993,  809,  861,  889,  260,    0,  487,  849,  946,  641,  983,  832,  668,  676,  809,  323,  707,  262, 1121,  572,  622,  635, 1013,  747, 1056,  781,  923, 1020,  620,  526, 1005, 1080,  205,  585,  494,  778,  556,  712,  768,  775,  119,  578,  175,  682,  475,  445,  608,  356,  584,  912,  179,  788,  803, 1044,  191,   38,  336,   37,  921,  814,  523,  717],
        [  814,    0,  885,  823,  174,  208,  265,  969,  235,  691,  788,  471,  218,  827,  347,  513,  762,  553,  370,  506,  817,  667,  528,  525,  759,  829,  560,  490,  443,  575,  632,  983,  130,  475,  107,  761,  711,  770,  756,  413,  399,  687,  463,  487,    0,  374,  903,  522,  755,  538,  228,  444,  526,  516,  435,  629,  861,  671,  458,  308,  771,  695,  873,  779,  928,  830,  667,  541,  776,  831,  294,  175,  678,  292,   70,  323,  314, 1000,  605,  142,  504,  221,  794,  383,  831,  132,  743,  967,  322,  946, 1006,  864,  396,  464,  708,  458,  807, 1000,  297,  703],
        [  798,    0,  997,  890,  547,  514,  595, 1128,  374,  599,  728,  709,  515,  971,  452,  516,  743,  836,   47,  633,  977,  861,  322,  604,  896,  987,  584,  750,  744,  497,  496, 1138,  428,  187,  345, 1003,  755, 1044,  635,  227,   63,  620,  756,  849,  374,    0,  923,  598,  643,  430,  196,  461,  436,  786,  413,  940,  694,  845,  530,  331,  641,  759,  779,  857,  980,  737,  809,  707,  659,  681,  665,  279,  898,  116,  308,  240,  107, 1190,  964,  274,  827,  170, 1060,  583, 1042,  499,  935, 1049,  692, 1101, 1181,  774,  720,  821, 1010,  822,  789, 1165,  440,  793],
        [  138,    0,  234,  127,  943,  757,  787,  400,  673,  360,  239,  565,  742,  310,  558,  416,  185,  662,  876,  413,  351,  435,  640,  379,  293,  347,  353,  605,  706,  432,  472,  396,  788,  780,  801,  574,  193,  682,  377,  699,  872,  322,  686,  946,  903,  923,    0,  382,  359,  503,  796,  482,  491,  626,  518,  768,  454,  390,  447,  635,  390,  214,  282,  167,   92,  289,  329,  426,  362,  417,  948,  769,  499,  975,  914,  696,  829,  510,  979,  807,  779,  840,  667,  557,  502,  888,  428,  189,  954,  378,  469,  273,  768,  911,  761,  956,  147,  435,  606,  230],
        [  307,    0,  401,  309,  570,  386,  430,  533,  294,  285,  316,  275,  371,  375,  179,  117,  260,  421,  555,   80,  386,  306,  402,    7,  301,  395,   80,  331,  408,  229,  322,  543,  407,  504,  421,  478,  190,  558,  360,  401,  560,  252,  398,  641,  522,  598,  382,    0,  347,  271,  438,  142,  246,  367,  195,  548,  490,  274,   71,  275,  381,  176,  416,  269,  411,  380,  220,  164,  369,  447,  594,  397,  366,  625,  536,  359,  494,  605,  708,  433,  502,  483,  562,  202,  481,  512,  367,  463,  605,  506,  590,  405,  450,  604,  582,  641,  301,  571,  225,  198],
        [  223,    0,  545,  405,  857,  687,  750,  716,  529,   68,  120,  622,  674,  581,  443,  269,  193,  765,  597,  425,  612,  607,  326,  351,  525,  615,  268,  677,  754,  180,  148,  718,  675,  471,  649,  780,  303,  876,   19,  421,  584,   97,  744,  983,  755,  643,  359,  347,    0,  227,  576,  325,  232,  712,  321,  891,  145,  562,  362,  447,   39,  336,  136,  403,  445,   95,  490,  499,   23,  100,  909,  586,  675,  723,  739,  461,  570,  818, 1054,  625,  849,  615,  872,  538,  749,  793,  643,  539,  924,  690,  786,  132,  792,  945,  917,  979,  215,  756,  495,  393],
        [  372,    0,  620,  494,  657,  503,  578,  775,  326,  172,  299,  517,  493,  621,  269,  154,  319,  668,  383,  344,  640,  577,  144,  277,  550,  647,  212,  572,  626,   71,   95,  782,  473,  278,  436,  749,  359,  826,  224,  204,  375,  191,  624,  832,  538,  430,  503,  271,  227,    0,  350,  162,   26,  612,  126,  795,  324,  542,  238,  233,  236,  375,  359,  470,  570,  315,  482,  432,  246,  294,  726,  366,  636,  501,  517,  235,  348,  860,  919,  403,  725,  389,  830,  403,  748,  592,  635,  650,  745,  748,  839,  352,  647,  795,  839,  822,  362,  815,  312,  423],
        [  685,    0,  837,  744,  391,  324,  408,  955,  181,  519,  635,  516,  324,  800,  274,  381,  630,  641,  170,  459,  802,  677,  308,  444,  727,  813,  444,  555,  549,  404,  439,  967,  243,  249,  162,  812,  614,  849,  574,  189,  194,  527,  561,  668,  228,  196,  796,  438,  576,  350,    0,  315,  346,  591,  281,  746,  664,  665,  368,  164,  585,  610,  706,  706,  841,  662,  636,  526,  596,  639,  498,   86,  710,  188,  182,  116,  101, 1010,  780,   93,  634,   45,  867,  392,  857,  334,  752,  900,  524,  929, 1005,  698,  528,  638,  815,  645,  676,  991,  252,  636],
        [  376,    0,  537,  432,  533,  363,  430,  674,  211,  258,  345,  357,  350,  516,  119,   70,  322,  508,  417,  198,  527,  438,  271,  148,  442,  536,  129,  412,  465,  155,  241,  683,  352,  364,  338,  604,  300,  674,  331,  260,  421,  246,  463,  676,  444,  461,  482,  142,  325,  162,  315,    0,  137,  452,   55,  634,  453,  410,   85,  154,  350,  299,  433,  397,  527,  390,  360,  285,  348,  415,  585,  292,  491,  497,  443,  223,  359,  746,  760,  331,  564,  360,  681,  242,  616,  469,  504,  591,  602,  646,  731,  423,  489,  639,  680,  668,  368,  712,  170,  332],
        [  362,    0,  601,  477,  640,  484,  557,  755,  309,  174,  296,  492,  473,  599,  247,  130,  309,  643,  389,  319,  618,  552,  163,  253,  528,  625,  189,  548,  602,   62,  112,  761,  457,  292,  422,  724,  341,  801,  232,  210,  383,  186,  599,  809,  526,  436,  491,  246,  232,   26,  346,  137,    0,  587,  105,  770,  338,  518,  213,  219,  246,  355,  361,  452,  556,  317,  458,  407,  253,  306,  706,  356,  611,  503,  508,  232,  350,  838,  896,  393,  701,  386,  805,  379,  725,  576,  611,  634,  725,  727,  817,  354,  624,  772,  814,  800,  353,  794,  292,  402],
        [  618,    0,  488,  505,  443,  309,  267,  505,  414,  652,  663,   96,  300,  401,  370,  470,  589,   57,  756,  288,  373,  216,  714,  363,  361,  386,  447,   41,   98,  587,  681,  521,  394,  770,  467,  248,  472,  260,  726,  663,  774,  616,   73,  323,  516,  786,  626,  367,  712,  612,  591,  452,  587,    0,  498,  184,  856,  250,  376,  483,  747,  436,  764,  461,  601,  733,  299,  220,  733,  812,  385,  510,  188,  757,  570,  580,  684,  506,  357,  526,  153,  623,  281,  220,  331,  419,  275,  592,  378,  488,  523,  752,  171,  290,  233,  337,  616,  526,  358,  400],
        [  404,    0,  587,  478,  539,  380,  453,  727,  209,  256,  359,  404,  368,  569,  144,  103,  349,  555,  368,  252,  581,  492,  219,  202,  495,  590,  172,  458,  505,  142,  215,  736,  356,  310,  329,  657,  343,  725,  324,  206,  370,  254,  504,  707,  435,  413,  518,  195,  321,  126,  281,   55,  105,  498,    0,  680,  439,  464,  139,  130,  341,  346,  440,  444,  569,  396,  414,  339,  343,  404,  602,  272,  545,  458,  425,  180,  314,  800,  796,  310,  604,  325,  733,  283,  671,  475,  558,  637,  621,  699,  785,  431,  523,  670,  729,  696,  395,  765,  187,  382],
        [  780,    0,  591,  641,  512,  434,  365,  554,  576,  832,  834,  279,  430,  497,  547,  653,  756,  128,  914,  469,  459,  333,  894,  544,  480,  470,  628,  223,  197,  770,  864,  571,  524,  942,  605,  251,  634,  182,  905,  837,  935,  795,  186,  262,  629,  940,  768,  548,  891,  795,  746,  634,  770,  184,  680,    0, 1035,  378,  559,  655,  926,  596,  934,  602,  726,  906,  444,  393,  911,  991,  415,  661,  274,  897,  692,  749,  843,  518,  231,  671,  128,  773,  214,  398,  357,  511,  359,  696,  397,  545,  549,  922,  234,  246,   83,  292,  778,  564,  529,  553],
        [  332,    0,  664,  525,  977,  815,  882,  836,  646,  206,  234,  765,  803,  710,  572,  404,  318,  909,  650,  569,  743,  748,  375,  494,  658,  745,  411,  820,  896,  300,  230,  836,  794,  510,  759,  921,  438, 1018,  131,  488,  632,  241,  887, 1121,  861,  694,  454,  490,  145,  324,  664,  453,  338,  856,  439, 1035,    0,  703,  500,  556,  110,  473,  175,  531,  545,  167,  630,  643,  125,   45, 1038,  689,  817,  788,  837,  550,  638,  942, 1195,  725,  991,  698, 1013,  677,  884,  913,  781,  642, 1055,  811,  906,  182,  931, 1084, 1060, 1116,  326,  875,  621,  530],
        [  412,    0,  242,  264,  648,  477,  472,  299,  490,  514,  481,  220,  463,  162,  393,  389,  398,  277,  805,  216,  146,   48,  675,  267,  112,  159,  334,  239,  341,  492,  581,  313,  542,  772,  591,  219,  272,  317,  579,  666,  815,  471,  318,  572,  671,  845,  390,  274,  562,  542,  665,  410,  518,  250,  464,  378,  703,    0,  327,  515,  600,  234,  577,  224,  354,  555,   74,  139,  580,  658,  617,  601,  117,  850,  708,  609,  738,  346,  593,  630,  399,  706,  311,  290,  208,  608,   94,  343,  615,  276,  342,  565,  411,  539,  377,  586,  412,  332,  415,  182],
        [  361,    0,  470,  379,  519,  338,  392,  599,  226,  296,  353,  280,  323,  441,  112,   98,  310,  432,  488,  113,  449,  354,  355,   77,  367,  459,  108,  337,  400,  213,  306,  609,  348,  446,  354,  519,  256,  590,  372,  340,  494,  271,  394,  622,  458,  530,  447,   71,  362,  238,  368,   85,  213,  376,  139,  559,  500,  327,    0,  205,  392,  246,  450,  339,  480,  410,  281,  201,  384,  458,  554,  327,  407,  555,  468,  291,  425,  666,  698,  364,  497,  412,  597,  178,  533,  458,  421,  534,  567,  572,  654,  439,  432,  584,  601,  618,  354,  636,  162,  268],
        [  528,    0,  675,  580,  426,  288,  370,  799,  100,  384,  488,  396,  280,  642,  124,  222,  473,  538,  291,  303,  647,  532,  261,  281,  568,  657,  282,  444,  465,  268,  327,  810,  244,  288,  204,  681,  451,  732,  449,  183,  303,  383,  471,  635,  308,  331,  635,  275,  447,  233,  164,  154,  219,  483,  130,  655,  556,  515,  205,    0,  464,  446,  568,  542,  678,  524,  479,  378,  469,  525,  504,  142,  573,  350,  295,   99,  225,  860,  735,  181,  560,  209,  746,  267,  714,  362,  605,  737,  526,  772,  851,  560,  465,  600,  715,  619,  520,  836,  127,  473],
        [  256,    0,  582,  442,  879,  712,  777,  753,  549,   97,  153,  656,  700,  618,  468,  297,  229,  800,  595,  460,  650,  644,  320,  385,  563,  652,  301,  711,  787,  199,  149,  755,  696,  464,  667,  818,  341,  913,   22,  422,  580,  133,  778, 1013,  771,  641,  390,  381,   39,  236,  585,  350,  246,  747,  341,  926,  110,  600,  392,  464,    0,  374,  146,  441,  477,  112,  528,  535,   29,   67,  934,  601,  712,  726,  752,  470,  573,  855, 1086,  638,  882,  623,  910,  569,  787,  814,  681,  573,  951,  727,  822,  145,  823,  976,  953, 1009,  249,  792,  519,  431],
        [  184,    0,  246,  134,  730,  544,  574,  403,  470,  297,  248,  363,  529,  253,  354,  245,  164,  479,  714,  200,  280,  281,  518,  172,  190,  284,  176,  409,  506,  310,  384,  409,  577,  642,  595,  450,   39,  550,  354,  547,  715,  252,  488,  747,  695,  759,  214,  176,  336,  375,  610,  299,  355,  436,  346,  596,  473,  234,  246,  446,  374,    0,  344,   99,  235,  322,  161,  222,  352,  429,  737,  572,  350,  795,  712,  522,  658,  494,  792,  609,  587,  655,  543,  344,  413,  675,  308,  292,  743,  375,  469,  331,  563,  711,  606,  754,  183,  443,  400,   58],
