{
    "name": "random-22-5938",
    "comment": "size=22 seed=5938",
    "nodes": ["+0", "-0", "+1", "-1", "+2", "-2", "+3", "-3", "+4", "-4", "+5", "-5", "+6", "-6", "+7", "-7", "+8", "-8", "+9", "-9", "+10", "-10", "+11", "-11", "+12", "-12", "+13", "-13", "+14", "-14", "+15", "-15", "+16", "-16", "+17", "-17", "+18", "-18", "+19", "-19", "+20", "-20", "+21", "-21", "+22", "-22"],
    "precedence": {
        "+0": "-0",
        "+1": "-1",
        "+2": "-2",
        "+3": "-3",
        "+4": "-4",
        "+5": "-5",
        "+6": "-6",
        "+7": "-7",
        "+8": "-8",
        "+9": "-9",
        "+10": "-10",
        "+11": "-11",
        "+12": "-12",
        "+13": "-13",
        "+14": "-14",
        "+15": "-15",
        "+16": "-16",
        "+17": "-17",
        "+18": "-18",
        "+19": "-19",
        "+20": "-20",
        "+21": "-21",
        "+22": "-22"
    },
    "edges": [
        [    0,    0,  236,  327,  547,  495,  920,  788,  688,  854,  695,  484,  230,  394,  828,  143,  831,  761,  814,  954,  642,  621,  942,  542,  541,  641,  840,  452,  208,  589, 1031,  172,  783,  879,  788,  120,  725,  646,  750,  671,  559,  822,  349,  518,  733,  146],
        [    0,    0,  236,  327,  547,  495,  920,  788,  688,  854,  695,  484,  230,  394,  828,  143,  831,  761,  814,  954,  642,  621,  942,  542,  541,  641,  840,  452,  208,  589, 1031,  172,  783,  879,  788,  120,  725,  646,  750,  671,  559,  822,  349,  518,  733,  146],
        [  236,  236,    0,  487,  482,  541,  995,  979,  791,  967,  579,  445,  328,  289,  924,  106,  886,  867,  711, 1022,  778,  532, 1067,  685,  605,  732,  873,  491,  320,  747, 1134,   65,  792,  921,  782,  354,  779,  787,  812,  819,  769,  696,  446,  514,  927,   94],
        [  327,  327,  487,    0,  461,  272,  616,  495,  375,  532,  643,  386,  170,  428,  513,  439,  546,  443,  725,  654,  316,  547,  617,  216,  281,  339,  576,  258,  170,  266,  710,  439,  549,  604,  572,  271,  449,  320,  466,  346,  316,  766,  129,  358,  446,  404],
        [  547,  547,  482,  461,    0,  243,  612,  856,  496,  657,  183,   76,  360,  196,  587,  534,  487,  560,  275,  624,  560,   86,  767,  512,  303,  431,  444,  222,  383,  589,  784,  494,  344,  498,  319,  598,  396,  577,  434,  616,  755,  306,  333,  135,  824,  478],
        [  495,  495,  541,  272,  243,    0,  455,  613,  275,  449,  418,  185,  265,  328,  393,  546,  348,  348,  473,  481,  319,  320,  557,  270,   71,  209,  347,   50,  288,  346,  603,  522,  292,  389,  307,  495,  239,  336,  271,  375,  528,  527,  161,  111,  582,  493],
        [  920,  920,  995,  616,  612,  455,    0,  562,  245,  172,  713,  596,  698,  766,  121,  994,  127,  193,  677,   45,  347,  644,  236,  427,  392,  280,  194,  505,  717,  437,  183,  974,  299,  147,  347,  886,  223,  358,  186,  367,  669,  760,  573,  507,  575,  943],
        [  788,  788,  979,  495,  856,  613,  562,    0,  417,  392, 1027,  794,  663,  896,  452,  919,  598,  403, 1061,  605,  308,  931,  376,  345,  559,  462,  676,  640,  665,  269,  512,  927,  730,  662,  777,  691,  580,  290,  561,  253,  251, 1126,  577,  723,   58,  892],
        [  688,  688,  791,  375,  496,  275,  245,  417,    0,  178,  645,  453,  475,  602,  140,  775,  207,   77,  657,  286,  124,  555,  284,  185,  204,   66,  272,  320,  491,  211,  346,  761,  314,  274,  361,  645,  164,  141,  149,  169,  450,  729,  350,  365,  408,  728],
        [  854,  854,  967,  532,  657,  449,  172,  392,  178,    0,  790,  621,  648,  777,   81,  948,  237,  103,  780,  214,  223,  708,  110,  320,  379,  241,  320,  496,  663,  304,  179,  936,  405,  291,  456,  800,  274,  227,  239,  222,  519,  858,  524,  532,  407,  902],
        [  695,  695,  579,  643,  183,  418,  713, 1027,  645,  790,    0,  258,  532,  304,  714,  653,  588,  701,  135,  715,  724,   99,  898,  687,  469,  584,  525,  402,  553,  762,  893,  608,  417,  578,  375,  761,  517,  742,  554,  781,  937,  129,  515,  308,  998,  600],
        [  484,  484,  445,  386,   76,  185,  596,  794,  453,  621,  258,    0,  287,  174,  557,  485,  475,  522,  349,  613,  504,  162,  731,  449,  252,  387,  444,  155,  310,  526,  761,  448,  353,  495,  339,  528,  374,  521,  412,  559,  683,  381,  258,   91,  759,  428],
        [  230,  230,  328,  170,  360,  265,  698,  663,  475,  648,  532,  287,    0,  275,  612,  301,  603,  550,  635,  730,  451,  444,  744,  357,  312,  422,  611,  224,   24,  420,  820,  290,  555,  650,  563,  244,  496,  460,  523,  491,  480,  660,  126,  300,  615,  255],
        [  394,  394,  289,  428,  196,  328,  766,  896,  602,  777,  304,  174,  275,    0,  717,  352,  646,  675,  431,  785,  631,  245,  884,  558,  398,  537,  617,  283,  289,  632,  925,  308,  525,  669,  508,  472,  543,  645,  580,  683,  743,  430,  320,  259,  854,  297],
        [  828,  828,  924,  513,  587,  393,  121,  452,  140,   81,  714,  557,  612,  717,    0,  912,  157,   75,  700,  165,  229,  634,  185,  314,  323,  192,  240,  441,  629,  318,  211,  896,  324,  215,  375,  784,  198,  238,  161,  246,  549,  779,  487,  466,  460,  864],
        [  143,  143,  106,  439,  534,  546,  994,  919,  775,  948,  653,  485,  301,  352,  912,    0,  893,  850,  782, 1024,  746,  595, 1043,  649,  604,  721,  890,  499,  286,  704, 1121,   48,  818,  934,  815,  262,  785,  753,  815,  782,  697,  775,  426,  541,  866,   58],
        [  831,  831,  886,  546,  487,  348,  127,  598,  207,  237,  588,  475,  603,  646,  157,  893,    0,  196,  558,  139,  330,  518,  331,  386,  291,  212,   84,  397,  624,  417,  306,  870,  177,   68,  227,  809,  109,  345,   81,  367,  657,  639,  482,  387,  599,  840],
        [  761,  761,  867,  443,  560,  348,  193,  403,   77,  103,  701,  522,  550,  675,   75,  850,  196,    0,  702,  237,  155,  615,  210,  240,  277,  139,  274,  394,  566,  245,  271,  837,  339,  261,  389,  713,  195,  166,  166,  178,  478,  777,  425,  433,  404,  803],
        [  814,  814,  711,  725,  275,  473,  677, 1061,  657,  780,  135,  349,  635,  431,  700,  782,  558,  702,    0,  671,  753,  195,  884,  733,  509,  602,  484,  471,  657,  804,  859,  738,  381,  534,  331,  872,  509,  772,  542,  809, 1000,   85,  597,  370, 1038,  728],
        [  954,  954, 1022,  654,  624,  481,   45,  605,  286,  214,  715,  613,  730,  785,  165, 1024,  139,  237,  671,    0,  391,  651,  268,  469,  420,  317,  190,  531,  749,  481,  194, 1002,  298,  138,  343,  923,  244,  402,  211,  411,  713,  754,  606,  526,  619,  972],
        [  642,  642,  778,  316,  560,  319,  347,  308,  124,  223,  724,  504,  451,  631,  229,  746,  330,  155,  753,  391,    0,  630,  301,  100,  258,  156,  396,  355,  463,   91,  402,  740,  432,  397,  476,  580,  283,   19,  272,   57,  328,  820,  336,  425,  291,  705],
        [  621,  621,  532,  547,   86,  320,  644,  931,  555,  708,   99,  162,  444,  245,  634,  595,  518,  615,  195,  651,  630,    0,  817,  590,  373,  493,  464,  304,  465,  665,  822,  552,  357,  518,  322,  678,  438,  648,  475,  686,  839,  220,  419,  210,  901,  540],
        [  942,  942, 1067,  617,  767,  557,  236,  376,  284,  110,  898,  731,  744,  884,  185, 1043,  331,  210,  884,  268,  301,  817,    0,  401,  487,  348,  413,  603,  758,  368,  136, 1033,  505,  375,  556,  880,  382,  299,  346,  281,  552,  963,  622,  642,  407,  999],
        [  542,  542,  685,  216,  512,  270,  427,  345,  185,  320,  687,  449,  357,  558,  314,  649,  386,  240,  733,  469,  100,  590,  401,    0,  224,  179,  439,  295,  367,   77,  499,  644,  451,  451,  489,  481,  314,  105,  315,  135,  286,  792,  248,  380,  312,  609],
        [  541,  541,  605,  281,  303,   71,  392,  559,  204,  379,  469,  252,  312,  398,  323,  604,  291,  277,  509,  420,  258,  373,  487,  224,    0,  139,  303,  119,  334,  296,  534,  583,  269,  339,  294,  528,  184,  275,  212,  314,  499,  570,  194,  169,  532,  552],
        [  641,  641,  732,  339,  431,  209,  280,  462,   66,  241,  584,  387,  422,  537,  192,  721,  212,  139,  602,  317,  156,  493,  348,  179,  139,    0,  260,  256,  440,  227,  403,  705,  279,  276,  322,  607,  136,  174,  137,  209,  462,  672,  296,  300,  446,  672],
        [  840,  840,  873,  576,  444,  347,  194,  676,  272,  320,  525,  444,  611,  617,  240,  890,   84,  274,  484,  190,  396,  464,  413,  439,  303,  260,    0,  392,  633,  480,  376,  863,  108,   55,  154,  830,  129,  412,  125,  438,  718,  567,  496,  362,  674,  835],
        [  452,  452,  491,  258,  222,   50,  505,  640,  320,  496,  402,  155,  224,  283,  441,  499,  397,  394,  471,  531,  355,  304,  603,  295,  119,  256,  392,    0,  248,  372,  652,  474,  331,  436,  340,  461,  288,  370,  321,  409,  536,  518,  135,  101,  605,  445],
        [  208,  208,  320,  170,  383,  288,  717,  665,  491,  663,  553,  310,   24,  289,  629,  286,  624,  566,  657,  749,  463,  465,  758,  367,  334,  440,  633,  248,    0,  428,  837,  277,  578,  672,  587,  220,  517,  471,  544,  501,  475,  681,  144,  324,  616,  242],
        [  589,  589,  747,  266,  589,  346,  437,  269,  211,  304,  762,  526,  420,  632,  318,  704,  417,  245,  804,  481,   91,  665,  368,   77,  296,  227,  480,  372,  428,    0,  480,  703,  506,  484,  547,  516,  362,   80,  355,   87,  240,  866,  319,  456,  237,  667],
        [ 1031, 1031, 1134,  710,  784,  603,  183,  512,  346,  179,  893,  761,  820,  925,  211, 1121,  306,  271,  859,  194,  402,  822,  136,  499,  534,  403,  376,  652,  837,  480,    0, 1106,  481,  327,  529,  979,  389,  404,  351,  395,  681,  942,  695,  671,  542, 1073],
        [  172,  172,   65,  439,  494,  522,  974,  927,  761,  936,  608,  448,  290,  308,  896,   48,  870,  837,  738, 1002,  740,  552, 1033,  644,  583,  705,  863,  474,  277,  703, 1106,    0,  787,  908,  782,  291,  761,  748,  793,  778,  712,  729,  412,  509,  875,   36],
        [  783,  783,  792,  549,  344,  292,  299,  730,  314,  405,  417,  353,  555,  525,  324,  818,  177,  339,  381,  298,  432,  357,  505,  451,  269,  279,  108,  331,  578,  506,  481,  787,    0,  162,   51,  787,  150,  450,  174,  481,  737,  462,  451,  279,  720,  762],
        [  879,  879,  921,  604,  498,  389,  147,  662,  274,  291,  578,  495,  650,  669,  215,  934,   68,  261,  534,  138,  397,  518,  375,  451,  339,  276,   55,  436,  672,  484,  327,  908,  162,    0,  206,  864,  156,  412,  140,  434,  724,  617,  532,  412,  665,  880],
        [  788,  788,  782,  572,  319,  307,  347,  777,  361,  456,  375,  339,  563,  508,  375,  815,  227,  389,  331,  343,  476,  322,  556,  489,  294,  322,  154,  340,  587,  547,  529,  782,   51,  206,    0,  800,  198,  494,  224,  527,  775,  414,  467,  274,  766,  758],
        [  120,  120,  354,  271,  598,  495,  886,  691,  645,  800,  761,  528,  244,  472,  784,  262,  809,  713,  872,  923,  580,  678,  880,  481,  528,  607,  830,  461,  220,  516,  979,  291,  787,  864,  800,    0,  708,  582,  729,  602,  452,  890,  337,  543,  634,  262],
        [  725,  725,  779,  449,  396,  239,  223,  580,  164,  274,  517,  374,  496,  543,  198,  785,  109,  195,  509,  244,  283,  438,  382,  314,  184,  136,  129,  288,  517,  362,  389,  761,  150,  156,  198,  708,    0,  301,   39,  331,  597,  585,  377,  285,  571,  732],
        [  646,  646,  787,  320,  577,  336,  358,  290,  141,  227,  742,  521,  460,  645,  238,  753,  345,  166,  772,  402,   19,  648,  299,  105,  275,  174,  412,  370,  471,   80,  404,  748,  450,  412,  494,  582,  301,    0,  289,   39,  315,  838,  346,  442,  272,  712],
        [  750,  750,  812,  466,  434,  271,  186,  561,  149,  239,  554,  412,  523,  580,  161,  815,   81,  166,  542,  211,  272,  475,  346,  315,  212,  137,  125,  321,  544,  355,  351,  793,  174,  140,  224,  729,   39,  289,    0,  316,  593,  619,  402,  323,  554,  762],
        [  671,  671,  819,  346,  616,  375,  367,  253,  169,  222,  781,  559,  491,  683,  246,  782,  367,  178,  809,  411,   57,  686,  281,  135,  314,  209,  438,  409,  501,   87,  395,  778,  481,  434,  527,  602,  331,   39,  316,    0,  303,  876,  380,  481,  240,  742],
        [  559,  559,  769,  316,  755,  528,  669,  251,  450,  519,  937,  683,  480,  743,  549,  697,  657,  478, 1000,  713,  328,  839,  552,  286,  499,  462,  718,  536,  475,  240,  681,  712,  737,  724,  775,  452,  597,  315,  593,  303,    0, 1053,  432,  634,  194,  677],
        [  822,  822,  696,  766,  306,  527,  760, 1126,  729,  858,  129,  381,  660,  430,  779,  775,  639,  777,   85,  754,  820,  220,  963,  792,  570,  672,  567,  518,  681,  866,  942,  729,  462,  617,  414,  890,  585,  838,  619,  876, 1053,    0,  637,  419, 1101,  724],
        [  349,  349,  446,  129,  333,  161,  573,  577,  350,  524,  515,  258,  126,  320,  487,  426,  482,  425,  597,  606,  336,  419,  622,  248,  194,  296,  496,  135,  144,  319,  695,  412,  451,  532,  467,  337,  377,  346,  402,  380,  432,  637,    0,  232,  534,  378],
        [  518,  518,  514,  358,  135,  111,  507,  723,  365,  532,  308,   91,  300,  259,  466,  541,  387,  433,  370,  526,  425,  210,  642,  380,  169,  300,  362,  101,  324,  456,  671,  509,  279,  412,  274,  543,  285,  442,  323,  481,  634,  419,  232,    0,  692,  485],
        [  733,  733,  927,  446,  824,  582,  575,   58,  408,  407,  998,  759,  615,  854,  460,  866,  599,  404, 1038,  619,  291,  901,  407,  312,  532,  446,  674,  605,  616,  237,  542,  875,  720,  665,  766,  634,  571,  272,  554,  240,  194, 1101,  534,  692,    0,  839],
        [  146,  146,   94,  404,  478,  493,  943,  892,  728,  902,  600,  428,  255,  297,  864,   58,  840,  803,  728,  972,  705,  540,  999,  609,  552,  672,  835,  445,  242,  667, 1073,   36,  762,  880,  758,  262,  732,  712,  762,  742,  677,  724,  378,  485,  839,    0]
    ]
}
