{
    "name": "random-84-5858",
    "comment": "size=84 seed=5858",
    "nodes": ["+0", "-0", "+1", "-1", "+2", "-2", "+3", "-3", "+4", "-4", "+5", "-5", "+6", "-6", "+7", "-7", "+8", "-8", "+9", "-9", "+10", "-10", "+11", "-11", "+12", "-12", "+13", "-13", "+14", "-14", "+15", "-15", "+16", "-16", "+17", "-17", "+18", "-18", "+19", "-19", "+20", "-20", "+21", "-21", "+22", "-22", "+23", "-23", "+24", "-24", "+25", "-25", "+26", "-26", "+27", "-27", "+28", "-28", "+29", "-29", "+30", "-30", "+31", "-31", "+32", "-32", "+33", "-33", "+34", "-34", "+35", "-35", "+36", "-36", "+37", "-37", "+38", "-38", "+39", "-39", "+40", "-40", "+41", "-41", "+42", "-42", "+43", "-43", "+44", "-44", "+45", "-45", "+46", "-46", "+47", "-47", "+48", "-48", "+49", "-49", "+50", "-50", "+51", "-51", "+52", "-52", "+53", "-53", "+54", "-54", "+55", "-55", "+56", "-56", "+57", "-57", "+58", "-58", "+59", "-59", "+60", "-60", "+61", "-61", "+62", "-62", "+63", "-63", "+64", "-64", "+65", "-65", "+66", "-66", "+67", "-67", "+68", "-68", "+69", "-69", "+70", "-70", "+71", "-71", "+72", "-72", "+73", "-73", "+74", "-74", "+75", "-75", "+76", "-76", "+77", "-77", "+78", "-78", "+79", "-79", "+80", "-80", "+81", "-81", "+82", "-82", "+83", "-83", "+84", "-84"],
    "precedence": {
        "+0": "-0",
        "+1": "-1",
        "+2": "-2",
        "+3": "-3",
        "+4": "-4",
        "+5": "-5",
        "+6": "-6",
        "+7": "-7",
        "+8": "-8",
        "+9": "-9",
        "+10": "-10",
        "+11": "-11",
        "+12": "-12",
        "+13": "-13",
        "+14": "-14",
        "+15": "-15",
        "+16": "-16",
        "+17": "-17",
        "+18": "-18",
        "+19": "-19",
        "+20": "-20",
        "+21": "-21",
        "+22": "-22",
        "+23": "-23",
        "+24": "-24",
        "+25": "-25",
        "+26": "-26",
        "+27": "-27",
        "+28": "-28",
        "+29": "-29",
        "+30": "-30",
        "+31": "-31",
        "+32": "-32",
        "+33": "-33",
        "+34": "-34",
        "+35": "-35",
        "+36": "-36",
        "+37": "-37",
        "+38": "-38",
        "+39": "-39",
        "+40": "-40",
        "+41": "-41",
        "+42": "-42",
        "+43": "-43",
        "+44": "-44",
        "+45": "-45",
        "+46": "-46",
        "+47": "-47",
        "+48": "-48",
        "+49": "-49",
        "+50": "-50",
        "+51": "-51",
        "+52": "-52",
        "+53": "-53",
        "+54": "-54",
        "+55": "-55",
        "+56": "-56",
        "+57": "-57",
        "+58": "-58",
        "+59": "-59",
        "+60": "-60",
        "+61": "-61",
        "+62": "-62",
        "+63": "-63",
        "+64": "-64",
        "+65": "-65",
        "+66": "-66",
        "+67": "-67",
        "+68": "-68",
        "+69": "-69",
        "+70": "-70",
        "+71": "-71",
        "+72": "-72",
        "+73": "-73",
        "+74": "-74",
        "+75": "-75",
        "+76": "-76",
        "+77": "-77",
        "+78": "-78",
        "+79": "-79",
        "+80": "-80",
        "+81": "-81",
        "+82": "-82",
        "+83": "-83",
        "+84": "-84"
    },
    "edges": [
        [    0,    0,  482,  581,  558,   74,  246,  147,  215,  367,  480,  257,  686,  455,  448,   51,  508,  380,  692,  665,  368,  377,  315,  343,  246,  667,  467,  473,  214,  501,  394,  555,  385,  195,  449,  621,  464,  172,  408,  382,  305,  388,  653,  196,  404,  377,  547,  310,  469,   95,  427,  610,  472,  637,  271,  507,  459,  464,  557,  334,  194,  325,  154,  263,  774,  378,  706,  591,  457,  280,  228,  725,  604,  362,  375,   33,  463,  240,  581,  395,  546,  279,  471,  155,  229,  396,  332,  448,  409,  625,  543,  587,  352,  520,  382,  428,  307,  645,  228,  541,  648,  637,  437,  466,  256,  532,  468,  368,  508,   41,  252,  378,  242,  230,   83,  286,  524,  428,  537,  314,  580,  485,  379,  569,  184,  344,  252,  238,  206,  507,  252,  595,  434,  170,  270,  301,  155,  598,  340,  444,  343,  458,  504,  667,  479,  332,  438,  390,  515,  519,  616,  450,  501,  231,  606,  586,  612,  432,  382,  513,   30,  158,  243,  381,  382,  155,  380,  600,  104,   93],
        [    0,    0,    0,    0,    0,    0,    0,    0,    0,    0,    0,    0,    0,    0,    0,    0,    0,    0,    0,    0,    0,    0,    0,    0,    0,    0,    0,    0,    0,    0,    0,    0,    0,    0,    0,    0,    0,    0,    0,    0,    0,    0,    0,    0,    0,    0,    0,    0,    0,    0,    0,    0,    0,    0,    0,    0,    0,    0,    0,    0,    0,    0,    0,    0,    0,    0,    0,    0,    0,    0,    0,    0,    0,    0,    0,    0,    0,    0,    0,    0,    0,    0,    0,    0,    0,    0,    0,    0,    0,    0,    0,    0,    0,    0,    0,    0,    0,    0,    0,    0,    0,    0,    0,    0,    0,    0,    0,    0,    0,    0,    0,    0,    0,    0,    0,    0,    0,    0,    0,    0,    0,    0,    0,    0,    0,    0,    0,    0,    0,    0,    0,    0,    0,    0,    0,    0,    0,    0,    0,    0,    0,    0,    0,    0,    0,    0,    0,    0,    0,    0,    0,    0,    0,    0,    0,    0,    0,    0,    0,    0,    0,    0,    0,    0,    0,    0,    0,    0,    0,    0],
        [  482,    0,    0,  532,  234,  530,  591,  344,  563,  844,  837,  388,  650,  690,  768,  440,  897,  576,  551,  653,  850,  858,  698,  734,  365,  530,  838,  646,  695,  551,  470,  227,  821,  509,  930,  269,  477,  419,  779,  602,  181,  782,  652,  400,  882,  229,  247,  180,  859,  553,  852,  239,  916,  687,  554,  805,  486,  565,  949,  741,  399,  767,  605,  220,  678,  685,  701, 1014,  244,  597,  548,  626,  509,  325,  856,  467,  347,  550,  607,  553, 1005,  214,  882,  497,  506,  583,  560,  412,  376,  449,  892,  607,  813,  603,  828,  690,  376,  705,  267,  575,  253, 1063,  833,  223,  381,  676,  232,  204,  915,  494,  731,  769,  270,  711,  411,  387,   47,  440,  393,  179,  879,  872,  840, 1023,  595,  759,  719,  690,  687,  826,  530,  979,  857,  593,  647,  489,  626,  942,  315,  103,  173,  482,  631,  533,  751,  476,  891,  154,  573,  903,  292,  396,  395,  453,  383, 1018,  263,   79,  755,  694,  453,  444,  241,  857,  854,  621,  369,  944,  585,  486],
        [  581,    0,  532,    0,  339,  655,  819,  563,  786,  781, 1061,  719,  123,  340, 1025,  537,  633,  280,  135,  121,  838,  865,  896,  538,  693,  117,  571,  259,  722,  117,  862,  345,  949,  417,  911,  800,  119,  409,  537,  924,  471,  967,  122,  683,  901,  327,  770,  537, 1047,  567,  658,  771, 1025,  170,  826,  463,  125,  173,  676,  912,  680,  635,  729,  513,  194,  950,  170,  772,  289,  411,  791,  144,   54,  743,  855,  549,  816,  405,   99,  241,  839,  450,  655,  450,  774,  925,  317,  854,  808,  150,  577,   94,  895,  154,  683,  370,  745,  189,  558,   97,  781,  817,  601,  310,  329,  239,  301,  358,  673,  621,  713,  557,  589,  713,  583,  298,  530,  862,  146,  547,  511, 1063,  921,  844,  765,  920,  801,  804,  696,  499,  801,  686,  658,  751,  488,  299,  618,  606,  721,  606,  416,  125,  206,  115,  407,  828,  983,  398,  123,  631,  822,  844,  138,  356,  209,  793,  794,  461,  527,  284,  572,  686,  519,  784,  764,  604,  787,  608,  631,  660],
        [  558,    0,  234,  339,    0,  623,  736,  457,  704,  879,  991,  563,  445,  588,  933,  507,  847,  483,  327,  455,  908,  924,  836,  703,  536,  309,  783,  524,  760,  396,  674,    8,  936,  496,  988,  491,  327,  426,  732,  785,  288,  918,  459,  554,  954,  182,  480,  336, 1000,  598,  830,  459, 1027,  507,  714,  716,  339,  429,  897,  870,  551,  767,  706,  346,  455,  850,  501,  979,  111,  555,  696,  406,  303,  533,  919,  531,  573,  520,  429,  448, 1003,  296,  847,  504,  662,  773,  487,  632,  592,  225,  819,  427,  908,  451,  827,  601,  566,  526,  404,  407,  462, 1028,  794,   95,  350,  535,   96,  190,  875,  584,  779,  734,  424,  766,  511,  336,  214,  654,  194,  342,  781, 1014,  936, 1016,  715,  885,  809,  792,  743,  745,  689,  920,  834,  707,  624,  423,  669,  861,  517,  331,  229,  336,  491,  312,  657,  666,  994,  181,  416,  850,  519,  617,  216,  423,  155,  991,  487,  193,  712,  567,  534,  583,  364,  888,  878,  660,  579,  864,  649,  597],
        [   74,    0,  530,  655,  623,    0,  180,  186,  152,  342,  407,  246,  759,  512,  377,  123,  530,  445,  766,  737,  328,  331,  242,  374,  243,  741,  496,  537,  176,  573,  366,  620,  315,  260,  405,  641,  537,  246,  440,  329,  359,  314,  724,  188,  353,  444,  565,  352,  396,  128,  438,  633,  404,  707,  217,  553,  532,  534,  576,  260,  187,  333,   83,  310,  847,  311,  777,  598,  525,  335,  171,  798,  678,  362,  331,  107,  460,  300,  652,  463,  536,  336,  487,  220,  184,  347,  396,  434,  400,  699,  575,  658,  288,  589,  384,  482,  297,  714,  266,  613,  673,  642,  460,  533,  330,  597,  535,  434,  523,   39,  227,  406,  272,  201,  120,  360,  574,  408,  610,  355,  622,  411,  316,  560,  111,  271,  191,  169,  179,  548,  201,  615,  446,   97,  311,  371,  157,  630,  343,  480,  403,  531,  572,  741,  529,  300,  372,  451,  586,  542,  632,  439,  574,  303,  678,  589,  632,  487,  415,  575,   91,  137,  289,  358,  365,  163,  372,  632,   93,   60],
        [  246,    0,  591,  819,  736,  180,    0,  281,   34,  433,  256,  215,  928,  691,  207,  284,  682,  624,  922,  908,  384,  369,  108,  538,  233,  896,  656,  716,  274,  744,  260,  732,  246,  439,  443,  626,  703,  413,  604,  163,  450,  191,  896,  192,  375,  570,  548,  418,  269,  304,  580,  627,  340,  882,   68,  726,  700,  709,  723,  155,  193,  477,  146,  393, 1012,  133,  950,  728,  651,  514,   45,  961,  837,  327,  377,  277,  405,  480,  824,  640,  639,  440,  632,  398,   90,  191,  575,  352,  335,  846,  737,  830,  271,  765,  517,  661,  252,  890,  336,  785,  670,  766,  614,  654,  490,  776,  658,  552,  667,  205,  337,  567,  324,  308,  240,  521,  637,  314,  758,  416,  793,  282,  292,  666,   86,  175,  216,  169,  294,  718,   76,  763,  588,  102,  484,  545,  313,  791,  318,  516,  507,  698,  749,  897,  706,  193,  326,  556,  759,  695,  607,  365,  725,  475,  816,  713,  617,  570,  581,  755,  249,  154,  374,  451,  468,  324,  313,  792,  254,  160],
        [  147,    0,  344,  563,  457,  186,  281,    0,  248,  513,  536,  165,  679,  526,  483,  119,  635,  428,  653,  665,  510,  515,  380,  466,  143,  628,  587,  522,  355,  508,  315,  453,  486,  269,  589,  477,  453,  195,  526,  363,  177,  462,  655,  121,  538,  290,  404,  167,  543,  234,  563,  464,  579,  655,  270,  604,  453,  486,  685,  414,  118,  465,  263,  126,  753,  402,  710,  729,  371,  368,  244,  701,  573,  239,  514,  143,  338,  320,  587,  430,  691,  162,  604,  235,  217,  363,  387,  341,  297,  571,  657,  591,  471,  540,  524,  507,  205,  667,   82,  547,  502,  776,  565,  374,  243,  576,  377,  272,  640,  152,  397,  502,   97,  375,   68,  272,  388,  332,  484,  170,  679,  558,  498,  713,  260,  430,  375,  348,  351,  611,  245,  722,  570,  255,  383,  333,  300,  713,  215,  299,  229,  451,  539,  629,  565,  269,  551,  278,  526,  645,  474,  339,  455,  263,  537,  726,  467,  304,  500,  569,  117,  130,  105,  527,  529,  299,  269,  715,  250,  145],
        [  215,    0,  563,  786,  704,  152,   34,  248,    0,  429,  289,  193,  896,  664,  240,  252,  665,  594,  889,  876,  385,  373,  136,  517,  208,  863,  637,  686,  265,  713,  257,  700,  267,  409,  449,  608,  670,  381,  584,  180,  419,  220,  864,  163,  382,  537,  530,  388,  299,  279,  566,  607,  361,  851,   72,  702,  667,  678,  708,  180,  165,  462,  132,  362,  979,  165,  918,  717,  618,  487,   29,  928,  804,  309,  380,  246,  392,  451,  793,  610,  633,  408,  617,  368,   72,  204,  546,  344,  323,  813,  717,  799,  283,  734,  504,  634,  234,  859,  305,  753,  650,  757,  597,  621,  457,  747,  625,  519,  653,  175,  327,  547,  295,  298,  206,  488,  609,  309,  724,  386,  771,  313,  306,  660,   74,  199,  217,  171,  282,  696,   69,  748,  574,   88,  460,  514,  293,  772,  298,  490,  475,  666,  719,  864,  681,  188,  344,  523,  728,  678,  591,  355,  692,  444,  783,  703,  598,  539,  560,  726,  217,  122,  342,  446,  461,  303,  300,  774,  232,  128],
        [  367,    0,  844,  781,  879,  342,  433,  513,  429,    0,  500,  584,  849,  495,  529,  405,  316,  505,  913,  818,   86,  123,  398,  264,  584,  891,  326,  562,  170,  670,  683,  879,  314,  390,  135,  982,  672,  454,  306,  592,  664,  402,  802,  528,  155,  700,  906,  675,  443,  292,  208,  972,  332,  756,  498,  449,  662,  616,  339,  363,  527,  156,  302,  627,  954,  512,  843,  311,  770,  371,  457,  915,  822,  702,  107,  378,  799,  383,  735,  542,  206,  633,  257,  377,  492,  622,  465,  764,  735,  879,  399,  743,  232,  658,  139,  456,  634,  754,  594,  704, 1012,  342,  271,  785,  533,  618,  784,  701,  283,  366,  116,  267,  607,  142,  447,  552,  884,  732,  799,  680,  488,  457,  240,  233,  356,  351,  222,  269,  164,  422,  496,  378,  215,  343,  294,  494,  219,  441,  684,  810,  690,  663,  617,  890,  465,  614,  287,  734,  673,  330,  974,  772,  757,  464,  884,  290,  972,  787,  297,  576,  396,  475,  608,   18,   43,  225,  708,  442,  263,  401],
        [  480,    0,  837, 1061,  991,  407,  256,  536,  289,  500,    0,  450, 1164,  889,   84,  525,  805,  841, 1170, 1142,  420,  387,  165,  696,  473, 1145,  798,  928,  402,  977,  424,  987,  187,  659,  436,  828,  943,  652,  757,  266,  704,  105, 1129,  441,  369,  825,  754,  668,   70,  510,  695,  836,  219, 1107,  284,  895,  939,  937,  835,  158,  443,  607,  336,  647, 1254,  157, 1181,  808,  906,  716,  295, 1204, 1083,  541,  402,  513,  593,  692, 1056,  863,  686,  696,  747,  621,  333,  299,  792,  523,  525, 1097,  878, 1063,  269,  991,  624,  854,  472, 1113,  589, 1018,  879,  836,  747,  909,  735,  989,  913,  807,  778,  441,  452,  716,  575,  431,  492,  765,  883,  480, 1009,  665,  952,   66,  265,  714,  297,  160,  308,  280,  431,  878,  308,  874,  703,  311,  667,  775,  487,  927,  540,  753,  762,  938,  968, 1145,  889,  381,  243,  810,  990,  819,  803,  540,  975,  708, 1070,  785,  820,  821,  738,  961,  491,  408,  628,  516,  542,  501,  513,  927,  447,  407],
        [  257,    0,  388,  719,  563,  246,  215,  165,  193,  584,  450,    0,  838,  686,  381,  257,  763,  592,  800,  825,  557,  551,  322,  599,   28,  775,  723,  686,  415,  671,  150,  558,  459,  424,  627,  416,  614,  358,  663,  223,  278,  403,  817,   61,  565,  421,  338,  228,  477,  350,  679,  415,  553,  819,  167,  755,  614,  650,  812,  370,   63,  575,  287,  222,  907,  297,  872,  841,  497,  521,  171,  854,  725,  121,  555,  271,  216,  475,  749,  595,  781,  283,  725,  387,  126,  213,  550,  192,  155,  712,  798,  754,  473,  705,  628,  665,   52,  831,  167,  709,  457,  886,  693,  493,  407,  740,  499,  396,  762,  234,  471,  634,  141,  443,  185,  435,  434,  173,  627,  223,  830,  488,  496,  805,  249,  389,  395,  354,  422,  759,  145,  850,  686,  255,  523,  497,  399,  854,  107,  305,  341,  612,  704,  777,  720,  109,  537,  385,  690,  775,  402,  195,  603,  426,  668,  833,  407,  380,  637,  732,  235,  109,  209,  600,  609,  403,  127,  855,  336,  187],
        [  686,    0,  650,  123,  445,  759,  928,  679,  896,  849, 1164,  838,    0,  370, 1133,  645,  659,  346,  152,   35,  913,  942, 1000,  593,  812,  154,  600,  292,  809,  189,  982,  452, 1042,  510,  981,  919,  227,  516,  578, 1040,  593, 1068,   52,  800,  978,  450,  891,  659, 1146,  661,  702,  888, 1114,  119,  939,  477,  229,  237,  695, 1013,  797,  696,  830,  635,  108, 1060,   59,  796,  408,  483,  903,   89,  144,  865,  931,  654,  938,  488,  115,  313,  880,  572,  690,  546,  888, 1042,  391,  976,  931,  229,  590,  107,  983,  191,  737,  406,  866,  134,  679,  149,  898,  837,  639,  428,  441,  248,  419,  480,  702,  726,  792,  604,  710,  796,  695,  410,  646,  984,  259,  670,  508, 1163, 1008,  881,  869, 1019,  893,  900,  781,  515,  915,  699,  701,  855,  557,  392,  705,  608,  843,  727,  538,  231,  235,  151,  427,  946, 1071,  519,  180,  654,  942,  967,  259,  456,  300,  820,  913,  582,  573,  297,  680,  800,  641,  848,  826,  691,  909,  610,  726,  769],
        [  455,    0,  690,  340,  588,  512,  691,  526,  664,  495,  889,  686,  370,    0,  878,  435,  295,  115,  472,  337,  568,  602,  734,  232,  666,  455,  233,   82,  496,  226,  834,  592,  737,  264,  629,  931,  272,  333,  208,  837,  545,  786,  320,  631,  638,  466,  876,  600,  856,  388,  333,  907,  793,  265,  725,  129,  259,  173,  336,  731,  628,  340,  561,  554,  478,  820,  354,  434,  489,  178,  681,  449,  391,  760,  589,  428,  856,  216,  263,  142,  511,  510,  321,  303,  684,  850,  141,  866,  821,  477,  240,  272,  666,  189,  373,   40,  729,  261,  570,  246,  933,  478,  270,  513,  320,  126,  507,  488,  335,  493,  463,  238,  600,  474,  505,  307,  710,  857,  425,  611,  194,  872,  688,  512,  614,  732,  589,  610,  466,  163,  706,  349,  332,  598,  225,  208,  403,  276,  736,  721,  522,  262,  138,  453,   70,  779,  748,  538,  217,  292,  942,  863,  388,  268,  514,  455,  923,  613,  206,   81,  464,  606,  548,  492,  468,  389,  793,  278,  446,  547],
        [  448,    0,  768, 1025,  933,  377,  207,  483,  240,  529,   84,  381, 1133,  878,    0,  489,  822,  820, 1128, 1112,  455,  426,  147,  699,  405, 1103,  809,  910,  409,  948,  343,  928,  231,  636,  484,  748,  908,  618,  763,  185,  645,  131, 1100,  380,  413,  772,  674,  604,  144,  492,  714,  756,  286, 1083,  219,  896,  905,  911,  856,  167,  382,  619,  318,  587, 1218,   84, 1153,  839,  853,  702,  240, 1167, 1043,  464,  439,  480,  512,  673, 1028,  840,  725,  639,  767,  596,  271,  217,  771,  441,  445, 1052,  889, 1034,  305,  966,  644,  845,  398, 1090,  529,  988,  799,  870,  760,  854,  697,  971,  859,  753,  799,  407,  465,  723,  512,  441,  446,  727,  814,  398,  963,  600,  958,  145,  309,  753,  268,  178,  319,  281,  436,  883,  244,  896,  722,  284,  660,  747,  481,  941,  465,  681,  705,  904,  947, 1104,  884,  303,  301,  752,  962,  836,  722,  458,  932,  678, 1020,  818,  740,  758,  743,  946,  454,  354,  569,  546,  570,  494,  434,  942,  433,  366],
        [   51,    0,  440,  537,  507,  123,  284,  119,  252,  405,  525,  257,  645,  435,  489,    0,  518,  351,  645,  625,  413,  424,  361,  350,  241,  620,  472,  445,  259,  461,  402,  505,  435,  172,  494,  594,  420,  129,  411,  409,  260,  436,  613,  199,  452,  326,  522,  272,  517,  118,  445,  580,  523,  601,  301,  499,  417,  428,  568,  382,  196,  347,  204,  223,  730,  416,  667,  611,  406,  266,  261,  680,  558,  351,  421,   28,  451,  221,  542,  362,  576,  232,  486,  133,  254,  419,  304,  445,  403,  577,  545,  547,  402,  484,  406,  411,  304,  610,  196,  502,  617,  658,  448,  416,  210,  503,  417,  318,  522,   85,  292,  386,  215,  273,   72,  240,  481,  430,  488,  277,  574,  533,  430,  597,  229,  393,  302,  288,  249,  503,  279,  605,  452,  217,  270,  265,  188,  600,  328,  409,  295,  416,  472,  621,  465,  345,  488,  342,  477,  528,  592,  445,  453,  193,  556,  608,  584,  386,  386,  488,   36,  173,  204,  418,  417,  185,  375,  602,  148,  125],
        [  508,    0,  897,  633,  847,  530,  682,  635,  665,  316,  805,  763,  659,  295,  822,  518,    0,  373,  766,  625,  402,  439,  680,  169,  753,  749,   65,  376,  416,  518,  895,  849,  624,  390,  432, 1100,  554,  482,  118,  844,  725,  703,  608,  703,  470,  694, 1033,  763,  753,  414,  111, 1082,  647,  546,  736,  185,  541,  463,   53,  656,  701,  206,  536,  712,  766,  789,  635,  140,  739,  301,  690,  741,  684,  867,  423,  497,  968,  347,  556,  411,  235,  689,   60,  410,  712,  868,  361,  955,  916,  766,   90,  564,  542,  483,  182,  265,  814,  538,  704,  540, 1115,  185,   71,  761,  520,  412,  756,  708,   47,  532,  358,  133,  728,  383,  585,  522,  926,  933,  706,  772,  190,  768,  554,  229,  596,  649,  504,  543,  391,  147,  725,   88,  103,  580,  255,  425,  375,  126,  844,  899,  724,  544,  432,  747,  232,  829,  603,  754,  511,   15, 1102,  958,  666,  445,  797,  161, 1091,  824,  142,  362,  531,  660,  698,  304,  275,  367,  888,  126,  439,  584],
        [  380,    0,  576,  280,  483,  445,  624,  428,  594,  505,  841,  592,  346,  115,  820,  351,  373,    0,  414,  317,  567,  597,  680,  259,  571,  394,  308,   95,  467,  166,  741,  485,  705,  186,  637,  818,  184,  235,  265,  759,  433,  740,  302,  540,  633,  352,  764,  489,  816,  331,  382,  794,  772,  269,  649,  235,  172,  111,  420,  685,  537,  356,  506,  445,  450,  756,  349,  510,  380,  138,  607,  411,  326,  658,  585,  350,  751,  150,  232,   40,  563,  399,  384,  226,  604,  769,   50,  766,  720,  398,  337,  240,  642,  157,  403,  120,  633,  273,  465,  200,  819,  557,  330,  404,  209,  153,  397,  374,  407,  420,  447,  280,  496,  451,  417,  193,  596,  760,  334,  500,  305,  832,  666,  570,  553,  689,  555,  567,  439,  263,  628,  440,  383,  537,  212,   99,  365,  380,  634,  608,  408,  174,  128,  392,  178,  690,  728,  424,  169,  373,  829,  762,  294,  167,  425,  526,  810,  499,  252,  141,  383,  522,  440,  506,  486,  351,  694,  382,  395,  471],
        [  692,    0,  551,  135,  327,  766,  922,  653,  889,  913, 1170,  800,  152,  472, 1128,  645,  766,  414,    0,  178,  968,  994, 1006,  673,  773,   26,  704,  391,  847,  251,  936,  334, 1068,  542, 1042,  815,  243,  522,  671, 1014,  533, 1080,  191,  771, 1029,  385,  797,  597, 1161,  688,  793,  784, 1148,  259,  922,  592,  252,  308,  807, 1026,  768,  768,  844,  583,  129, 1051,  209,  905,  322,  543,  891,   83,   92,  806,  985,  660,  868,  534,  214,  375,  974,  520,  789,  571,  869, 1011,  450,  915,  871,  103,  706,  207, 1018,  284,  817,  503,  820,  277,  635,  227,  788,  948,  735,  336,  436,  363,  327,  413,  806,  730,  841,  691,  663,  839,  683,  407,  538,  929,  174,  606,  634, 1177, 1045,  978,  874, 1035,  922,  922,  822,  629,  897,  816,  793,  862,  621,  426,  743,  732,  786,  639,  472,  252,  335,   25,  537,  909, 1107,  442,  256,  763,  842,  903,  199,  476,  173,  926,  811,  491,  661,  410,  680,  781,  594,  916,  897,  730,  852,  734,  751,  764],
        [  665,    0,  653,  121,  455,  737,  908,  665,  876,  818, 1142,  825,   35,  337, 1112,  625,  625,  317,  178,    0,  883,  913,  978,  561,  799,  177,  567,  260,  782,  165,  970,  461, 1017,  485,  951,  921,  212,  496,  545, 1023,  587, 1045,   18,  785,  949,  446,  890,  652, 1123,  636,  669,  891, 1087,   86,  921,  443,  212,  210,  661,  989,  782,  665,  807,  626,  141, 1041,   50,  762,  410,  455,  884,  122,  154,  856,  902,  633,  932,  462,   87,  286,  847,  564,  657,  522,  871, 1026,  363,  968,  922,  246,  556,   80,  957,  161,  705,  374,  854,  101,  668,  125,  902,  803,  606,  430,  424,  214,  421,  476,  668,  705,  764,  572,  699,  768,  678,  394,  650,  974,  264,  663,  475, 1139,  981,  848,  847,  995,  867,  875,  754,  481,  897,  665,  668,  833,  527,  368,  679,  574,  834,  726,  533,  214,  203,  173,  394,  933, 1044,  518,  153,  620,  943,  959,  259,  435,  315,  786,  915,  582,  540,  263,  660,  783,  631,  818,  795,  665,  899,  576,  701,  749],
        [  368,    0,  850,  838,  908,  328,  384,  510,  385,   86,  420,  557,  913,  568,  455,  413,  402,  567,  968,  883,    0,   37,  332,  340,  561,  945,  411,  631,  156,  730,  641,  906,  233,  432,   82,  966,  725,  484,  387,  536,  673,  326,  867,  505,   71,  726,  889,  676,  361,  311,  293,  959,  246,  825,  451,  531,  716,  677,  424,  292,  505,  232,  270,  630, 1016,  447,  911,  390,  800,  430,  413,  976,  876,  677,   22,  386,  769,  434,  798,  602,  271,  645,  343,  412,  453,  568,  524,  728,  702,  926,  484,  806,  152,  722,  224,  529,  605,  825,  591,  766, 1000,  417,  356,  814,  568,  689,  813,  724,  368,  359,  131,  347,  599,  143,  443,  590,  892,  693,  843,  679,  572,  374,  157,  298,  315,  278,  169,  216,  166,  505,  453,  462,  300,  305,  356,  544,  240,  527,  661,  807,  706,  717,  684,  944,  543,  573,  201,  752,  735,  416,  955,  738,  802,  505,  926,  366,  956,  799,  376,  648,  397,  451,  610,  100,  128,  250,  677,  527,  266,  383],
        [  377,    0,  858,  865,  924,  331,  369,  515,  373,  123,  387,  551,  942,  602,  426,  424,  439,  597,  994,  913,   37,    0,  309,  375,  557,  971,  447,  663,  166,  759,  628,  922,  200,  456,   77,  963,  752,  503,  422,  516,  682,  296,  897,  502,   37,  742,  886,  681,  327,  327,  330,  958,  209,  857,  436,  567,  743,  706,  460,  266,  502,  268,  266,  638, 1045,  423,  942,  424,  817,  459,  401, 1004,  903,  671,   16,  398,  761,  461,  828,  631,  300,  655,  379,  433,  443,  549,  553,  717,  693,  950,  521,  836,  121,  752,  260,  563,  598,  857,  596,  795,  999,  449,  393,  830,  588,  721,  830,  738,  405,  364,  154,  382,  602,  160,  448,  611,  900,  681,  866,  685,  609,  340,  123,  328,  305,  250,  157,  202,  181,  541,  440,  498,  337,  297,  387,  569,  259,  564,  656,  810,  718,  743,  715,  970,  578,  560,  165,  765,  764,  453,  951,  728,  825,  528,  947,  399,  954,  809,  411,  681,  405,  448,  617,  136,  164,  270,  669,  564,  278,  383],
        [  315,    0,  698,  896,  836,  242,  108,  380,  136,  398,  165,  322, 1000,  734,  147,  361,  680,  680, 1006,  978,  332,  309,    0,  554,  340,  980,  664,  768,  265,  813,  345,  832,  149,  497,  377,  728,  778,  487,  618,  211,  553,   84,  965,  298,  306,  666,  651,  523,  164,  350,  573,  730,  237,  945,  162,  750,  774,  773,  716,   53,  300,  476,  175,  496, 1089,  115, 1017,  706,  748,  558,  152, 1039,  918,  430,  320,  348,  502,  531,  893,  701,  600,  541,  626,  458,  196,  246,  630,  443,  431,  934,  745,  899,  195,  828,  504,  700,  356,  951,  440,  853,  774,  739,  617,  752,  570,  830,  755,  650,  659,  276,  323,  578,  430,  298,  330,  600,  744,  402,  846,  522,  812,  179,  209,  628,  132,   74,  179,  138,  291,  737,  179,  756,  581,  146,  515,  611,  335,  797,  423,  623,  608,  773,  807,  981,  739,  285,  230,  657,  826,  694,  708,  457,  812,  544,  909,  686,  719,  675,  597,  803,  326,  257,  476,  415,  437,  348,  412,  798,  288,  245],
        [  343,    0,  734,  538,  703,  374,  538,  466,  517,  264,  696,  599,  593,  232,  699,  350,  169,  259,  673,  561,  340,  375,  554,    0,  587,  653,  124,  302,  294,  423,  735,  705,  528,  226,  398,  932,  440,  316,   67,  697,  559,  591,  544,  539,  410,  540,  864,  595,  654,  252,  128,  914,  574,  495,  586,  200,  429,  367,  221,  540,  537,  109,  394,  544,  699,  655,  583,  282,  593,  149,  540,  665,  585,  700,  361,  331,  801,  187,  480,  299,  307,  524,  149,  242,  557,  718,  231,  790,  751,  654,  202,  489,  452,  403,  146,  193,  649,  492,  535,  454,  947,  331,  101,  614,  363,  356,  610,  552,  182,  371,  248,   37,  559,  266,  419,  370,  765,  771,  583,  604,  259,  669,  470,  316,  454,  536,  389,  420,  265,  184,  573,  256,  131,  437,   88,  282,  226,  257,  677,  732,  562,  430,  358,  651,  204,  670,  528,  595,  422,  179,  933,  792,  542,  287,  673,  289,  922,  663,   44,  312,  365,  499,  530,  261,  237,  215,  722,  259,  286,  425],
        [  246,    0,  365,  693,  536,  243,  233,  143,  208,  584,  473,   28,  812,  666,  405,  241,  753,  571,  773,  799,  561,  557,  340,  587,    0,  748,  710,  664,  416,  646,  173,  531,  474,  406,  633,  407,  588,  337,  650,  250,  251,  422,  791,   56,  572,  393,  329,  202,  497,  340,  671,  404,  569,  794,  190,  739,  589,  627,  802,  387,   57,  568,  291,  194,  880,  322,  846,  835,  469,  504,  189,  827,  698,  119,  560,  258,  219,  457,  724,  572,  778,  255,  716,  370,  144,  241,  529,  204,  164,  684,  785,  728,  483,  681,  622,  646,   64,  806,  139,  684,  446,  880,  682,  466,  382,  718,  471,  369,  753,  227,  470,  623,  114,  443,  170,  411,  411,  191,  600,  197,  814,  509,  508,  802,  259,  406,  402,  363,  421,  743,  166,  840,  678,  262,  510,  475,  392,  840,  101,  284,  314,  587,  681,  749,  703,  137,  550,  358,  665,  764,  395,  206,  576,  405,  640,  828,  398,  354,  625,  711,  223,  110,  181,  600,  608,  396,  135,  842,  331,  184],
        [  667,    0,  530,  117,  309,  741,  896,  628,  863,  891, 1145,  775,  154,  455, 1103,  620,  749,  394,   26,  177,  945,  971,  980,  653,  748,    0,  687,  375,  823,  233,  911,  316, 1044,  518, 1020,  796,  220,  497,  653,  989,  509, 1055,  188,  746, 1006,  360,  776,  573, 1136,  663,  774,  765, 1123,  254,  896,  577,  230,  289,  791, 1001,  743,  747,  819,  558,  148, 1025,  212,  888,  298,  522,  866,   98,   69,  782,  962,  635,  844,  512,  203,  355,  955,  495,  771,  547,  844,  986,  428,  891,  847,   84,  692,  196,  994,  269,  797,  486,  795,  273,  609,  211,  769,  933,  717,  313,  411,  350,  305,  388,  789,  705,  818,  672,  638,  816,  658,  381,  519,  904,  150,  582,  622, 1152, 1020,  960,  849, 1010,  898,  897,  798,  614,  871,  801,  774,  836,  599,  402,  719,  719,  762,  617,  448,  229,  320,    4,  522,  884, 1083,  418,  239,  747,  822,  879,  173,  451,  156,  909,  791,  469,  642,  397,  654,  756,  569,  894,  876,  706,  827,  721,  727,  739],
        [  467,    0,  838,  571,  783,  496,  656,  587,  637,  326,  798,  723,  600,  233,  809,  472,   65,  308,  704,  567,  411,  447,  664,  124,  710,  687,    0,  314,  401,  455,  858,  785,  622,  335,  452, 1047,  490,  426,   62,  817,  669,  694,  549,  662,  481,  632,  981,  709,  750,  375,  124, 1028,  655,  490,  707,  135,  477,  400,  115,  645,  660,  192,  511,  658,  708,  770,  579,  203,  676,  242,  661,  681,  621,  822,  432,  453,  923,  289,  496,  347,  284,  633,   93,  357,  679,  839,  297,  914,  874,  702,   82,  504,  542,  421,  188,  202,  772,  483,  653,  478, 1060,  250,   55,  698,  460,  353,  693,  647,  103,  494,  346,   91,  679,  369,  541,  460,  867,  894,  642,  718,  162,  766,  556,  282,  571,  640,  492,  528,  373,  101,  695,  142,  119,  555,  204,  363,  345,  136,  799,  844,  665,  480,  371,  685,  174,  793,  609,  694,  449,   67, 1050,  915,  602,  386,  732,  223, 1038,  765,   87,  304,  488,  622,  645,  317,  288,  335,  845,  137,  407,  548],
        [  473,    0,  646,  259,  524,  537,  716,  522,  686,  562,  928,  686,  292,   82,  910,  445,  376,   95,  391,  260,  631,  663,  768,  302,  664,  375,  314,    0,  545,  147,  835,  528,  785,  278,  696,  896,  200,  328,  286,  853,  515,  826,  243,  634,  699,  418,  846,  574,  900,  419,  411,  871,  847,  195,  743,  206,  187,   97,  417,  771,  631,  408,  594,  532,  400,  847,  282,  515,  431,  214,  700,  369,  311,  749,  651,  443,  841,  238,  183,   97,  590,  482,  401,  319,  698,  863,  142,  858,  812,  398,  319,  192,  718,  108,  446,  115,  726,  194,  555,  165,  893,  559,  349,  455,  295,   62,  448,  443,  416,  513,  518,  312,  586,  526,  511,  275,  661,  853,  352,  585,  261,  916,  741,  592,  644,  773,  636,  651,  516,  241,  722,  428,  410,  627,  278,  190,  446,  351,  725,  686,  483,  190,   58,  372,  148,  784,  802,  492,  137,  373,  909,  853,  317,  260,  440,  536,  888,  568,  281,   50,  477,  616,  528,  561,  537,  432,  785,  353,  481,  564],
        [  214,    0,  695,  722,  760,  176,  274,  355,  265,  170,  402,  415,  809,  496,  409,  259,  416,  467,  847,  782,  156,  166,  265,  294,  416,  823,  401,  545,    0,  621,  516,  758,  242,  306,  236,  816,  605,  342,  356,  437,  518,  298,  767,  360,  195,  578,  740,  521,  362,  165,  310,  808,  306,  734,  336,  494,  598,  573,  454,  246,  359,  212,  135,  475,  908,  373,  815,  454,  654,  332,  292,  863,  755,  534,  162,  233,  629,  321,  695,  496,  371,  491,  363,  277,  325,  464,  419,  595,  566,  796,  481,  703,  176,  623,  244,  459,  465,  736,  437,  660,  848,  493,  353,  666,  428,  606,  666,  573,  397,  205,   63,  316,  446,   35,  288,  453,  737,  564,  710,  525,  551,  378,  200,  397,  192,  243,   96,  128,   30,  477,  331,  494,  319,  178,  271,  423,  105,  533,  516,  653,  553,  598,  592,  822,  489,  447,  263,  600,  630,  430,  807,  603,  670,  373,  789,  439,  807,  645,  337,  572,  242,  306,  455,  186,  198,  118,  539,  534,  113,  233],
        [  501,    0,  551,  117,  396,  573,  744,  508,  713,  670,  977,  671,  189,  226,  948,  461,  518,  166,  251,  165,  730,  759,  813,  423,  646,  233,  455,  147,  621,    0,  819,  401,  854,  322,  801,  814,   75,  333,  420,  863,  452,  880,  152,  628,  794,  326,  773,  517,  959,  473,  542,  786,  926,  150,  759,  352,   66,   57,  561,  825,  624,  521,  642,  483,  287,  877,  206,  657,  316,  301,  721,  246,  167,  713,  748,  469,  795,  301,   81,  129,  723,  425,  539,  358,  709,  868,  207,  824,  778,  252,  465,   86,  796,   55,  568,  254,  703,  164,  520,   41,  803,  702,  485,  340,  266,  141,  332,  355,  557,  541,  607,  440,  552,  609,  516,  236,  559,  826,  212,  528,  405,  975,  821,  728,  683,  831,  705,  712,  595,  387,  736,  574,  542,  668,  377,  204,  518,  497,  689,  608,  407,   70,  100,  231,  294,  777,  884,  402,   22,  516,  832,  816,  182,  270,  296,  677,  807,  475,  411,  179,  496,  622,  485,  671,  651,  504,  754,  499,  538,  586],
        [  394,    0,  470,  862,  674,  366,  260,  315,  257,  683,  424,  150,  982,  834,  343,  402,  895,  741,  936,  970,  641,  628,  345,  735,  173,  911,  858,  835,  516,  819,    0,  669,  493,  572,  703,  406,  759,  507,  800,  159,  404,  412,  963,  204,  634,  552,  333,  344,  470,  484,  804,  416,  580,  967,  193,  899,  761,  799,  941,  398,  207,  699,  382,  353, 1046,  271, 1018,  962,  623,  667,  228,  993,  864,  146,  635,  413,  170,  622,  896,  744,  887,  416,  852,  534,  192,  128,  699,  100,  105,  843,  935,  900,  530,  853,  747,  812,  117,  979,  304,  856,  458, 1004,  825,  616,  555,  890,  623,  525,  889,  365,  577,  769,  274,  549,  331,  583,  513,   58,  762,  336,  973,  477,  549,  913,  329,  419,  473,  426,  530,  901,  189,  981,  812,  340,  663,  647,  522,  991,  158,  371,  467,  758,  853,  913,  867,   70,  575,  505,  838,  907,  380,  117,  741,  576,  794,  950,  398,  483,  775,  881,  377,  237,  344,  701,  714,  529,  103,  993,  458,  311],
        [  555,    0,  227,  345,    8,  620,  732,  453,  700,  879,  987,  558,  452,  592,  928,  505,  849,  485,  334,  461,  906,  922,  832,  705,  531,  316,  785,  528,  758,  401,  669,    0,  933,  496,  987,  484,  331,  425,  733,  780,  284,  915,  465,  549,  952,  181,  473,  331,  996,  596,  831,  452, 1024,  513,  710,  719,  343,  433,  899,  867,  547,  767,  703,  342,  462,  845,  507,  981,  112,  556,  692,  413,  309,  527,  917,  529,  567,  520,  435,  451, 1004,  292,  849,  503,  658,  768,  489,  626,  586,  232,  821,  433,  906,  455,  827,  604,  561,  532,  400,  412,  455, 1030,  795,   94,  350,  540,   96,  187,  877,  582,  778,  735,  419,  764,  508,  337,  207,  648,  200,  337,  784, 1010,  934, 1017,  711,  881,  807,  789,  742,  747,  684,  922,  835,  704,  625,  425,  668,  864,  511,  324,  225,  340,  496,  319,  660,  660,  991,  177,  420,  852,  512,  611,  220,  424,  162,  992,  480,  187,  714,  571,  531,  579,  360,  888,  878,  659,  572,  866,  647,  594],
        [  385,    0,  821,  949,  936,  315,  246,  486,  267,  314,  187,  459, 1042,  737,  231,  435,  624,  705, 1068, 1017,  233,  200,  149,  528,  474, 1044,  622,  785,  242,  854,  493,  933,    0,  534,  253,  872,  831,  549,  586,  355,  663,  101, 1003,  427,  184,  758,  794,  643,  130,  383,  514,  872,   96,  973,  307,  728,  825,  808,  651,   96,  428,  432,  232,  609, 1138,  247, 1052,  622,  839,  572,  289, 1092,  978,  573,  215,  415,  648,  556,  931,  732,  500,  645,  566,  500,  335,  391,  656,  591,  578, 1007,  700,  938,   83,  860,  442,  700,  498,  976,  557,  894,  915,  649,  569,  847,  636,  846,  849,  747,  595,  353,  281,  545,  552,  265,  426,  664,  867,  550,  920,  643,  780,  145,   79,  528,  227,   75,  150,  148,  271,  707,  322,  690,  521,  232,  512,  652,  340,  747,  564,  754,  712,  824,  831, 1044,  728,  432,   82,  761,  864,  638,  853,  605,  882,  594,  991,  598,  863,  789,  569,  813,  405,  379,  589,  330,  356,  355,  558,  748,  318,  342],
        [  195,    0,  509,  417,  496,  260,  439,  269,  409,  390,  659,  424,  510,  264,  636,  172,  390,  186,  542,  485,  432,  456,  497,  226,  406,  518,  335,  278,  306,  322,  572,  496,  534,    0,  510,  713,  300,   92,  274,  577,  335,  561,  471,  368,  490,  323,  649,  375,  638,  152,  346,  694,  608,  448,  466,  336,  293,  278,  443,  505,  365,  272,  324,  325,  605,  571,  523,  506,  385,  101,  423,  560,  450,  507,  447,  167,  605,   52,  399,  205,  510,  299,  374,   41,  422,  589,  137,  608,  565,  494,  398,  406,  478,  332,  333,  241,  469,  455,  325,  361,  726,  556,  325,  403,  147,  338,  400,  330,  407,  235,  303,  261,  353,  299,  242,  163,  541,  596,  412,  384,  412,  654,  504,  525,  369,  511,  385,  391,  281,  345,  446,  475,  350,  353,  139,  119,  202,  452,  483,  510,  338,  293,  312,  518,  297,  516,  567,  372,  333,  398,  718,  607,  370,   75,  495,  512,  704,  438,  249,  319,  201,  343,  313,  397,  385,  189,  537,  454,  217,  287],
        [  449,    0,  930,  911,  988,  405,  443,  589,  449,  135,  436,  627,  981,  629,  484,  494,  432,  637, 1042,  951,   82,   77,  377,  398,  633, 1020,  452,  696,  236,  801,  703,  987,  253,  510,    0, 1040,  800,  565,  437,  586,  753,  353,  935,  578,   72,  807,  962,  755,  371,  392,  329, 1034,  235,  890,  511,  579,  791,  747,  445,  331,  578,  290,  343,  710, 1086,  489,  977,  393,  881,  501,  477, 1047,  951,  748,   75,  467,  838,  509,  868,  673,  258,  726,  373,  491,  519,  620,  595,  793,  770, 1003,  519,  876,  183,  790,  266,  590,  675,  888,  670,  836, 1075,  411,  397,  894,  647,  752,  894,  805,  393,  438,  210,  399,  677,  224,  521,  669,  972,  756,  921,  758,  613,  382,  175,  285,  381,  313,  234,  278,  247,  550,  516,  480,  335,  374,  425,  619,  320,  556,  732,  885,  787,  791,  750, 1019,  598,  635,  197,  833,  805,  446, 1027,  803,  880,  583, 1005,  365, 1030,  880,  430,  710,  477,  524,  690,  138,  165,  330,  745,  556,  347,  458],
