{
    "name": "random-54-15001",
    "comment": "size=54 seed=15001",
    "nodes": ["+0", "-0", "+1", "-1", "+2", "-2", "+3", "-3", "+4", "-4", "+5", "-5", "+6", "-6", "+7", "-7", "+8", "-8", "+9", "-9", "+10", "-10", "+11", "-11", "+12", "-12", "+13", "-13", "+14", "-14", "+15", "-15", "+16", "-16", "+17", "-17", "+18", "-18", "+19", "-19", "+20", "-20", "+21", "-21", "+22", "-22", "+23", "-23", "+24", "-24", "+25", "-25", "+26", "-26", "+27", "-27", "+28", "-28", "+29", "-29", "+30", "-30", "+31", "-31", "+32", "-32", "+33", "-33", "+34", "-34", "+35", "-35", "+36", "-36", "+37", "-37", "+38", "-38", "+39", "-39", "+40", "-40", "+41", "-41", "+42", "-42", "+43", "-43", "+44", "-44", "+45", "-45", "+46", "-46", "+47", "-47", "+48", "-48", "+49", "-49", "+50", "-50", "+51", "-51", "+52", "-52", "+53", "-53", "+54", "-54"],
    "precedence": {
        "+0": "-0",
        "+1": "-1",
        "+2": "-2",
        "+3": "-3",
        "+4": "-4",
        "+5": "-5",
        "+6": "-6",
        "+7": "-7",
        "+8": "-8",
        "+9": "-9",
        "+10": "-10",
        "+11": "-11",
        "+12": "-12",
        "+13": "-13",
        "+14": "-14",
        "+15": "-15",
        "+16": "-16",
        "+17": "-17",
        "+18": "-18",
        "+19": "-19",
        "+20": "-20",
        "+21": "-21",
        "+22": "-22",
        "+23": "-23",
        "+24": "-24",
        "+25": "-25",
        "+26": "-26",
        "+27": "-27",
        "+28": "-28",
        "+29": "-29",
        "+30": "-30",
        "+31": "-31",
        "+32": "-32",
        "+33": "-33",
        "+34": "-34",
        "+35": "-35",
        "+36": "-36",
        "+37": "-37",
        "+38": "-38",
        "+39": "-39",
        "+40": "-40",
        "+41": "-41",
        "+42": "-42",
        "+43": "-43",
        "+44": "-44",
        "+45": "-45",
        "+46": "-46",
        "+47": "-47",
        "+48": "-48",
        "+49": "-49",
        "+50": "-50",
        "+51": "-51",
        "+52": "-52",
        "+53": "-53",
        "+54": "-54"
    },
    "edges": [
        [    0,    0,  728,  466,  625,  342,  247,  285,  430,  423,   60,  431,  914,  159,  595,  497,  547,  588,  454,  700,  181,  167,  497,  103,  643,   36,  466,  278,  618,  768,  563,  860,  621,  666,  368,  280,  243,  554,  169,  172,  139,  270,  233,  364,  336,  587,  763,  583,  503,  251,  170,  651,  386,  592,  671,  361,  469,  844,  162,  365,  164,  702,  154,  350,  432,  690,  740,  275,  185,  376,  831,  453,  815,  792,  433,  422,  575,  553,  534,  396,  892,  475,  547,  447,  533,  364,  613,  957,  467,  260,  691,  692,  152,  174,  729,  349,  613,  500,  398,  620,  413,  874,  669,  649,  664,  730,  596,  382,  273,  584],
        [    0,    0,    0,    0,    0,    0,    0,    0,    0,    0,    0,    0,    0,    0,    0,    0,    0,    0,    0,    0,    0,    0,    0,    0,    0,    0,    0,    0,    0,    0,    0,    0,    0,    0,    0,    0,    0,    0,    0,    0,    0,    0,    0,    0,    0,    0,    0,    0,    0,    0,    0,    0,    0,    0,    0,    0,    0,    0,    0,    0,    0,    0,    0,    0,    0,    0,    0,    0,    0,    0,    0,    0,    0,    0,    0,    0,    0,    0,    0,    0,    0,    0,    0,    0,    0,    0,    0,    0,    0,    0,    0,    0,    0,    0,    0,    0,    0,    0,    0,    0,    0,    0,    0,    0,    0,    0,    0,    0,    0,    0],
        [  728,    0,    0,  307,  974,  802,  649,  640,  895,  862,  728,  579,  487,  848,  546,  256,  185,  192,  876,  314,  727,  810,  249,  830,  960,  726,  432,  969,  281,   98,  899,  403,  112,  321,  744,  726,  726,  785,  564,  730,  601,  675,  885,  546,  529,  950,  120,  798,  570,  481,  581,  646,  722,  873,  305,  371,  260,  523,  877,  518,  648,   33,  580,  378,  630,  685,   16,  585,  775,  808,  552,  372,  556,  638,  383,  780,  415,  928,  935,  548,  495,  297,  294,  331,  527,  669,  121,  496,  471,  697,  449,  655,  795,  888,  187,  536,  856,  882,  629,  937,  402,  236,  314,  572,   67,  455,  950,  353,  588,  146],
        [  466,    0,  307,    0,  684,  496,  478,  333,  590,  558,  483,  505,  485,  609,  315,  221,  186,  129,  573,  254,  428,  517,   67,  567,  674,  474,  150,  734,  164,  316,  607,  417,  234,  446,  439,  561,  546,  503,  298,  523,  366,  512,  589,  242,  223,  656,  390,  522,  299,  258,  301,  418,  419,  588,  224,  185,  143,  449,  625,  410,  354,  293,  340,  160,  336,  464,  314,  427,  566,  502,  455,   78,  447,  481,  315,  478,  454,  632,  636,  249,  471,  249,  330,  262,  271,  549,  229,  521,  191,  528,  550,  442,  570,  607,  404,  419,  578,  583,  329,  651,   96,  409,  443,  362,  243,  338,  658,  191,  283,  201],
        [  625,    0,  974,  684,    0,  284,  852,  408,  203,  203,  685, 1007,  808,  741,  462,  878,  866,  783,  171,  730,  448,  474,  751,  639,   40,  660,  544,  810,  710,  947,   78,  813,  917, 1106,  282,  901,  866,  195,  617,  796,  693,  883,  453,  450,  482,   38, 1071,  191,  407,  714,  575,  399,  285,  109,  717,  761,  805,  694,  703,  915,  504,  967,  681,  725,  348,  392,  978,  855,  807,  251,  654,  609,  634,  536,  906,  227, 1071,   72,   96,  437,  773,  887,  978,  880,  457,  971,  912,  856,  504,  878, 1186,  423,  767,  566, 1087,  908,  141,  127,  358,   45,  590,  967, 1105,  470,  916,  638,   31,  784,  462,  884],
        [  342,    0,  802,  496,  284,    0,  571,  165,  105,   85,  402,  732,  786,  468,  412,  651,  660,  617,  115,  632,  165,  202,  557,  367,  301,  377,  391,  551,  580,  800,  221,  761,  722,  871,   77,  618,  582,  242,  346,  514,  414,  600,  208,  260,  274,  246,  880,  269,  316,  452,  305,  415,  109,  257,  610,  519,  587,  687,  436,  644,  228,  787,  405,  488,  220,  439,  809,  577,  526,   36,  658,  434,  638,  575,  654,  100,  818,  212,  195,  268,  755,  651,  741,  638,  369,  690,  716,  835,  362,  595,  935,  455,  487,  311,  878,  635,  285,  158,  199,  279,  401,  859,  871,  451,  738,  593,  254,  544,  222,  686],
        [  247,    0,  649,  478,  852,  571,    0,  467,  666,  655,  195,  192,  962,  253,  715,  394,  468,  568,  685,  730,  407,  413,  475,  302,  866,  215,  549,  350,  641,  716,  784,  893,  537,  488,  578,   84,   78,  750,  258,  109,  166,   37,  478,  500,  462,  815,  645,  778,  641,  224,  296,  795,  587,  804,  701,  304,  406,  918,  303,  157,  352,  618,  185,  320,  598,  839,  663,   65,  147,  602,  917,  504,  905,  911,  278,  635,  373,  782,  765,  533,  947,  355,  395,  321,  653,  120,  528,  998,  568,   51,  479,  832,  187,  400,  589,  137,  819,  726,  567,  842,  473,  845,  492,  771,  594,  803,  823,  311,  429,  507],
        [  285,    0,  640,  333,  408,  165,  467,    0,  266,  238,  338,  604,  679,  439,  325,  488,  495,  458,  260,  497,  135,  228,  394,  353,  413,  315,  247,  548,  434,  644,  333,  641,  558,  711,  127,  530,  498,  284,  215,  438,  302,  501,  283,  113,  114,  373,  716,  312,  227,  307,  174,  368,  125,  342,  472,  360,  423,  592,  426,  510,  124,  624,  285,  327,  148,  406,  647,  458,  463,  179,  572,  277,  554,  516,  501,  181,  666,  342,  335,  135,  652,  491,  581,  480,  267,  582,  551,  726,  228,  502,  782,  410,  436,  343,  714,  505,  353,  286,  113,  388,  242,  713,  711,  376,  575,  486,  378,  384,   58,  521],
        [  430,    0,  895,  590,  203,  105,  666,  266,    0,   36,  490,  832,  837,  539,  463,  753,  759,  707,   48,  704,  260,  273,  653,  437,  230,  465,  474,  608,  661,  888,  161,  821,  820,  974,  152,  709,  672,  237,  450,  602,  514,  695,  251,  349,  369,  167,  977,  257,  376,  556,  409,  443,  177,  214,  685,  623,  688,  732,  501,  746,  330,  882,  506,  590,  284,  457,  901,  677,  610,   88,  699,  524,  678,  602,  758,  129,  922,  135,  108,  351,  805,  754,  844,  741,  430,  786,  813,  887,  441,  688, 1039,  479,  567,  364,  978,  737,  251,   97,  274,  212,  494,  937,  974,  493,  832,  648,  176,  647,  323,  784],
        [  423,    0,  862,  558,  203,   85,  655,  238,   36,    0,  483,  816,  802,  541,  427,  725,  729,  674,   32,  669,  248,  273,  622,  438,  224,  458,  440,  615,  626,  853,  149,  786,  788,  948,  119,  700,  664,  208,  430,  595,  499,  684,  261,  317,  337,  165,  946,  230,  340,  534,  388,  410,  142,  195,  649,  597,  659,  697,  505,  728,  312,  850,  489,  564,  249,  425,  868,  661,  605,   60,  665,  491,  644,  569,  734,   93,  899,  132,  111,  317,  770,  728,  818,  716,  395,  774,  782,  852,  406,  678, 1016,  447,  565,  371,  949,  719,  230,   83,  239,  204,  462,  902,  948,  458,  799,  613,  174,  621,  295,  753],
        [   60,    0,  728,  483,  685,  402,  195,  338,  490,  483,    0,  384,  945,  126,  639,  488,  544,  601,  514,  726,  240,  224,  507,  116,  703,   25,  500,  251,  641,  775,  622,  888,  619,  640,  426,  221,  184,  611,  189,  113,  127,  215,  284,  408,  377,  647,  754,  640,  550,  248,  203,  700,  443,  651,  696,  358,  468,  880,  149,  326,  215,  701,  149,  353,  484,  740,  741,  231,  127,  436,  870,  480,  855,  837,  409,  481,  541,  613,  593,  441,  924,  461,  527,  430,  576,  309,  610,  987,  505,  203,  655,  740,  100,  209,  714,  309,  672,  560,  449,  680,  441,  887,  643,  694,  665,  766,  655,  377,  320,  583],
        [  431,    0,  579,  505, 1007,  732,  192,  604,  832,  816,  384,    0,  973,  440,  793,  339,  421,  557,  845,  741,  573,  595,  476,  493, 1015,  402,  617,  524,  654,  663,  934,  895,  475,  340,  726,  218,  243,  881,  391,  298,  319,  185,  663,  607,  567,  970,  542,  908,  737,  306,  433,  885,  729,  945,  714,  323,  387,  951,  492,  100,  505,  546,  327,  355,  716,  932,  594,  158,  329,  760,  959,  556,  951,  978,  206,  783,  212,  938,  925,  637,  965,  295,  288,  265,  735,  115,  467, 1002,  646,  208,  301,  918,  375,  591,  470,  101,  954,  882,  688,  990,  536,  802,  346,  847,  538,  841,  977,  314,  556,  455],
        [  914,    0,  487,  485,  808,  786,  962,  679,  837,  802,  945,  973,    0, 1069,  376,  642,  565,  418,  798,  234,  811,  906,  499, 1007,  777,  931,  450, 1192,  323,  393,  754,   85,  539,  797,  710, 1046, 1030,  626,  757, 1001,  840,  997,  960,  570,  587,  802,  601,  621,  471,  741,  745,  411,  678,  702,  263,  666,  587,  116, 1074,  885,  766,  509,  814,  644,  568,  419,  476,  912, 1042,  771,  159,  468,  178,  286,  770,  710,  866,  796,  819,  545,   36,  685,  731,  711,  420, 1030,  543,   50,  456, 1013,  925,  386, 1040, 1018,  674,  897,  667,  774,  592,  764,  506,  292,  792,  347,  483,  195,  796,  666,  659,  541],
        [  159,    0,  848,  609,  741,  468,  253,  439,  539,  541,  126,  440, 1069,    0,  753,  602,  663,  726,  572,  851,  321,  268,  632,  103,  764,  139,  622,  125,  767,  898,  687, 1012,  738,  734,  508,  234,  201,  695,  315,  144,  249,  255,  300,  522,  494,  704,  867,  724,  660,  369,  325,  807,  529,  724,  822,  478,  589, 1001,   56,  406,  321,  819,  273,  476,  587,  845,  861,  309,  113,  503,  989,  604,  973,  950,  510,  558,  624,  671,  647,  554, 1047,  571,  629,  539,  691,  341,  729, 1111,  625,  234,  731,  848,   66,  192,  821,  387,  749,  622,  552,  743,  565, 1012,  738,  807,  786,  887,  713,  495,  431,  702],
        [  595,    0,  546,  315,  462,  412,  715,  325,  463,  427,  639,  793,  376,  753,    0,  536,  491,  365,  425,  269,  459,  550,  374,  674,  439,  619,  177,  868,  266,  500,  397,  361,  518,  757,  335,  792,  767,  269,  467,  720,  561,  751,  595,  232,  263,  448,  656,  273,  100,  499,  440,  105,  303,  354,  260,  475,  458,  276,  746,  694,  433,  547,  537,  440,  195,  150,  546,  682,  754,  395,  250,  245,  231,  199,  621,  335,  768,  436,  454,  199,  345,  563,  644,  573,   63,  812,  516,  425,  149,  760,  865,  128,  738,  666,  693,  697,  328,  406,  223,  420,  258,  506,  754,   57,  497,  186,  444,  489,  322,  494],
        [  497,    0,  256,  221,  878,  651,  394,  488,  753,  725,  488,  339,  642,  602,  536,    0,   82,  225,  746,  416,  538,  608,  166,  597,  873,  489,  368,  721,  335,  329,  800,  562,  145,  230,  611,  471,  471,  708,  348,  478,  362,  420,  685,  428,  397,  847,  267,  730,  514,  247,  376,  639,  598,  790,  391,  142,   79,  635,  636,  266,  454,  225,  344,  167,  536,  684,  270,  330,  523,  667,  649,  295,  645,  693,  135,  659,  237,  819,  818,  445,  638,   45,  109,   77,  491,  419,  136,  668,  407,  442,  330,  663,  546,  667,  236,  283,  785,  766,  521,  849,  298,  465,  229,  582,  204,  533,  850,  118,  431,  118],
        [  547,    0,  185,  186,  866,  660,  468,  495,  759,  729,  544,  421,  565,  663,  491,   82,    0,  152,  747,  343,  563,  641,  120,  648,  858,  543,  335,  784,  266,  249,  789,  483,   75,  267,  611,  547,  545,  688,  387,  546,  418,  496,  717,  419,  392,  838,  225,  707,  484,  298,  409,  595,  594,  773,  319,  187,   80,  563,  693,  347,  481,  157,  397,  199,  519,  640,  199,  405,  591,  671,  581,  263,  578,  634,  216,  654,  305,  812,  814,  430,  562,  127,  170,  158,  453,  500,   66,  588,  376,  517,  382,  615,  611,  710,  222,  363,  764,  761,  509,  834,  277,  384,  264,  532,  127,  467,  840,  169,  439,   40],
        [  588,    0,  192,  129,  783,  617,  568,  458,  707,  674,  601,  557,  418,  726,  365,  225,  152,    0,  687,  192,  556,  645,   95,  690,  769,  593,  241,  850,  117,  188,  708,  339,  155,  411,  556,  651,  642,  594,  420,  628,  479,  600,  717,  359,  345,  759,  293,  609,  381,  362,  427,  469,  533,  682,  168,  265,  171,  412,  746,  472,  483,  186,  454,  255,  439,  511,  196,  511,  673,  620,  430,  184,  428,  489,  352,  590,  456,  737,  745,  358,  413,  267,  321,  293,  340,  622,  154,  445,  280,  619,  531,  483,  682,  734,  329,  485,  667,  691,  439,  747,  217,  287,  406,  400,  134,  317,  759,  260,  409,  139],
        [  454,    0,  876,  573,  171,  115,  685,  260,   48,   32,  514,  845,  798,  572,  425,  746,  747,  687,    0,  673,  278,  305,  638,  470,  193,  489,  450,  646,  634,  864,  119,  785,  805,  970,  136,  731,  695,  191,  457,  626,  528,  714,  290,  331,  355,  134,  962,  211,  342,  560,  416,  399,  155,  168,  655,  620,  678,  691,  536,  756,  340,  865,  518,  586,  255,  412,  882,  691,  637,   86,  657,  504,  636,  558,  759,   98,  924,  100,   81,  329,  765,  750,  841,  739,  396,  804,  799,  847,  415,  709, 1040,  435,  596,  402,  967,  748,  204,   52,  249,  172,  477,  908,  970,  452,  814,  610,  142,  644,  317,  770],
        [  700,    0,  314,  254,  730,  632,  730,  497,  704,  669,  726,  741,  234,  851,  269,  416,  343,  192,  673,    0,  621,  716,  266,  797,  707,  714,  251,  975,   90,  245,  662,  164,  331,  594,  560,  814,  800,  535,  537,  774,  615,  765,  778,  385,  391,  713,  433,  541,  333,  511,  530,  356,  530,  622,   30,  433,  356,  222,  861,  652,  564,  327,  588,  412,  420,  388,  309,  679,  816,  625,  244,  248,  245,  325,  540,  577,  647,  698,  714,  368,  224,  457,  512,  481,  279,  797,  334,  268,  272,  781,  717,  355,  817,  821,  490,  663,  597,  663,  435,  688,  288,  238,  589,  278,  286,  142,  711,  433,  465,  325],
        [  181,    0,  727,  428,  448,  165,  407,  135,  260,  248,  240,  573,  811,  321,  459,  538,  563,  556,  278,  621,    0,   96,  479,  227,  464,  216,  371,  421,  551,  744,  383,  770,  633,  744,  189,  454,  419,  376,  201,  351,  255,  437,  161,  242,  230,  410,  788,  405,  361,  312,  165,  497,  209,  411,  595,  398,  485,  726,  300,  490,   84,  707,  249,  372,  275,  532,  736,  417,  366,  197,  706,  386,  688,  648,  517,  241,  676,  376,  359,  268,  785,  529,  615,  510,  402,  526,  625,  858,  357,  431,  795,  538,  331,  208,  772,  479,  433,  322,  242,  440,  347,  827,  745,  509,  661,  619,  418,  423,  157,  595],
        [  167,    0,  810,  517,  474,  202,  413,  228,  273,  273,  224,  595,  906,  268,  550,  608,  641,  645,  305,  716,   96,    0,  564,  166,  497,  201,  466,  350,  645,  832,  420,  865,  713,  801,  253,  444,  407,  439,  260,  335,  284,  437,   78,  337,  325,  437,  864,  467,  451,  369,  233,  581,  280,  458,  689,  466,  562,  820,  234,  521,  163,  788,  287,  445,  362,  613,  820,  437,  338,  237,  799,  479,  780,  736,  569,  297,  722,  404,  380,  362,  879,  594,  676,  571,  494,  531,  705,  953,  452,  427,  840,  623,  295,  118,  843,  508,  486,  354,  330,  476,  439,  919,  803,  599,  744,  713,  446,  491,  252,  675],
        [  497,    0,  249,   67,  751,  557,  475,  394,  653,  622,  507,  476,  499,  632,  374,  166,  120,   95,  638,  266,  479,  564,    0,  599,  741,  501,  215,  756,  178,  272,  674,  423,  168,  383,  503,  558,  548,  570,  329,  533,  384,  508,  638,  307,  285,  723,  325,  588,  364,  267,  339,  478,  484,  655,  238,  172,   94,  477,  653,  387,  402,  231,  359,  160,  403,  523,  258,  419,  578,  565,  489,  144,  483,  528,  277,  543,  402,  698,  702,  315,  489,  201,  273,  220,  334,  533,  162,  530,  257,  526,  493,  500,  587,  648,  337,  399,  645,  649,  395,  717,  162,  381,  381,  418,  183,  372,  724,  169,  340,  134],
        [  103,    0,  830,  567,  639,  367,  302,  353,  437,  438,  116,  493, 1007,  103,  674,  597,  648,  690,  470,  797,  227,  166,  599,    0,  662,  109,  558,  196,  717,  870,  585,  955,  723,  756,  410,  308,  272,  598,  271,  202,  235,  316,  200,  446,  422,  602,  863,  627,  579,  352,  268,  721,  433,  623,  768,  462,  571,  932,   74,  441,  243,  804,  253,  453,  499,  757,  842,  345,  190,  402,  916,  550,  900,  869,  524,  458,  657,  569,  544,  477,  983,  572,  641,  543,  614,  408,  714, 1051,  555,  299,  770,  762,  141,  101,  826,  423,  649,  520,  465,  641,  510,  975,  759,  727,  766,  820,  611,  483,  354,  686],
        [  643,    0,  960,  674,   40,  301,  866,  413,  230,  224,  703, 1015,  777,  764,  439,  873,  858,  769,  193,  707,  464,  497,  741,  662,    0,  678,  531,  837,  692,  929,   82,  784,  906, 1102,  290,  917,  882,  176,  625,  814,  704,  897,  480,  446,  479,   66, 1059,  167,  390,  718,  583,  370,  288,   88,  696,  760,  799,  663,  728,  922,  515,  954,  691,  724,  339,  359,  963,  865,  827,  268,  622,  598,  602,  502,  908,  233, 1072,   96,  125,  429,  742,  884,  975,  879,  438,  984,  902,  825,  490,  893, 1185,  392,  787,  593, 1078,  916,  112,  144,  353,   26,  582,  944, 1101,  442,  903,  610,   55,  783,  465,  874],
        [   36,    0,  726,  474,  660,  377,  215,  315,  465,  458,   25,  402,  931,  139,  619,  489,  543,  593,  489,  714,  216,  201,  501,  109,  678,    0,  484,  262,  629,  770,  597,  875,  618,  649,  402,  245,  208,  587,  177,  137,  128,  237,  263,  388,  358,  622,  755,  616,  529,  246,  187,  679,  419,  626,  684,  356,  466,  864,  153,  340,  192,  699,  147,  349,  461,  719,  738,  248,  151,  411,  852,  466,  837,  817,  416,  456,  553,  588,  569,  421,  909,  464,  533,  435,  557,  331,  609,  973,  488,  226,  668,  719,  122,  194,  718,  324,  647,  535,  427,  655,  427,  880,  652,  674,  663,  750,  631,  376,  299,  581],
        [  466,    0,  432,  150,  544,  391,  549,  247,  474,  440,  500,  617,  450,  622,  177,  368,  335,  241,  450,  251,  371,  466,  215,  558,  531,  484,    0,  744,  190,  414,  468,  401,  377,  595,  324,  629,  607,  357,  316,  568,  406,  586,  528,  136,  141,  519,  528,  374,  149,  329,  298,  275,  298,  444,  225,  298,  290,  381,  625,  518,  318,  424,  380,  264,  199,  322,  436,  512,  606,  390,  373,   74,  359,  364,  445,  352,  595,  497,  505,  125,  426,  392,  476,  399,  125,  640,  373,  494,   42,  597,  696,  304,  597,  573,  550,  523,  432,  452,  202,  508,   82,  469,  592,  230,  373,  266,  519,  313,  215,  346],
        [  278,    0,  969,  734,  810,  551,  350,  548,  608,  615,  251,  524, 1192,  125,  868,  721,  784,  850,  646,  975,  421,  350,  756,  196,  837,  262,  744,    0,  891, 1022,  763, 1136,  858,  837,  601,  307,  283,  788,  439,  247,  373,  343,  358,  638,  612,  774,  983,  816,  773,  492,  447,  916,  626,  806,  946,  600,  711, 1121,  123,  507,  435,  940,  397,  600,  694,  952,  982,  412,  205,  585, 1108,  728, 1091, 1063,  621,  646,  721,  742,  715,  669, 1169,  688,  740,  655,  807,  414,  849, 1234,  744,  319,  822,  957,  175,  245,  933,  487,  835,  697,  660,  817,  689, 1137,  842,  921,  908, 1008,  784,  616,  546,  824],
        [  618,    0,  281,  164,  710,  580,  641,  434,  661,  626,  641,  654,  323,  767,  266,  335,  266,  117,  634,   90,  551,  645,  178,  717,  692,  629,  190,  891,    0,  238,  638,  253,  269,  527,  512,  724,  710,  516,  453,  686,  527,  675,  711,  324,  323,  689,  394,  527,  304,  422,  449,  366,  485,  605,   61,  343,  270,  301,  779,  564,  488,  284,  501,  322,  380,  405,  280,  589,  728,  578,  316,  168,  312,  373,  454,  536,  569,  671,  683,  313,  312,  374,  435,  396,  255,  708,  270,  358,  221,  691,  647,  375,  730,  746,  439,  574,  584,  630,  388,  671,  209,  280,  523,  293,  237,  201,  688,  344,  396,  255],
        [  768,    0,   98,  316,  947,  800,  716,  644,  888,  853,  775,  663,  393,  898,  500,  329,  249,  188,  864,  245,  744,  832,  272,  870,  929,  770,  414, 1022,  238,    0,  874,  310,  188,  418,  736,  796,  793,  754,  600,  789,  650,  744,  905,  541,  531,  925,  208,  764,  540,  530,  611,  595,  712,  842,  244,  423,  313,  439,  922,  594,  670,  127,  626,  422,  612,  630,   86,  654,  834,  802,  472,  368,  478,  567,  461,  766,  509,  906,  917,  537,  404,  372,  383,  405,  492,  747,  196,  400,  451,  765,  547,  598,  850,  919,  283,  611,  821,  864,  616,  908,  403,  142,  412,  518,  126,  384,  925,  410,  596,  211],
        [  563,    0,  899,  607,   78,  221,  784,  333,  161,  149,  622,  934,  754,  687,  397,  800,  789,  708,  119,  662,  383,  420,  674,  585,   82,  597,  468,  763,  638,  874,    0,  753,  840, 1029,  209,  836,  801,  130,  544,  733,  623,  815,  409,  373,  405,   52,  995,  134,  335,  639,  502,  344,  209,   61,  648,  684,  727,  642,  653,  842,  434,  892,  610,  648,  271,  344,  903,  784,  747,  187,  604,  533,  583,  492,  830,  152,  995,   44,   74,  359,  720,  810,  900,  803,  386,  902,  835,  803,  428,  812, 1109,  373,  708,  520, 1010,  835,  102,   67,  281,   58,  513,  900, 1028,  410,  840,  577,   51,  707,  386,  807],
        [  860,    0,  403,  417,  813,  761,  893,  641,  821,  786,  888,  895,   85, 1012,  361,  562,  483,  339,  785,  164,  770,  865,  423,  955,  784,  875,  401, 1136,  253,  310,  753,    0,  455,  713,  685,  976,  962,  624,  699,  938,  778,  927,  923,  529,  541,  802,  517,  623,  447,  674,  690,  415,  654,  705,  194,  593,  509,  152, 1021,  809,  718,  425,  751,  574,  543,  432,  393,  840,  979,  749,  194,  409,  209,  317,  691,  693,  783,  793,  813,  507,   96,  605,  649,  632,  393,  956,  459,  107,  414,  943,  841,  398,  980,  973,  589,  821,  673,  766,  563,  769,  448,  219,  707,  344,  399,  176,  798,  592,  615,  458],
        [  621,    0,  112,  234,  917,  722,  537,  558,  820,  788,  619,  475,  539,  738,  518,  145,   75,  155,  805,  331,  633,  713,  168,  723,  906,  618,  377,  858,  269,  188,  840,  455,    0,  263,  670,  615,  615,  733,  461,  618,  492,  564,  789,  475,  451,  890,  158,  750,  523,  372,  481,  621,  651,  820,  313,  262,  154,  552,  768,  409,  552,   82,  472,  273,  569,  664,  126,  474,  664,  732,  575,  308,  575,  642,  275,  711,  331,  865,  869,  482,  540,  186,  199,  221,  487,  561,    9,  557,  418,  586,  388,  637,  684,  784,  176,  426,  808,  816,  563,  883,  329,  328,  258,  554,   64,  466,  891,  243,  503,   38],
        [  666,    0,  321,  446, 1106,  871,  488,  711,  974,  948,  640,  340,  797,  734,  757,  230,  267,  411,  970,  594,  744,  801,  383,  756, 1102,  649,  595,  837,  527,  418, 1029,  713,  263,    0,  835,  543,  559,  938,  544,  593,  527,  499,  878,  657,  625, 1075,  236,  959,  742,  434,  579,  861,  825, 1020,  574,  352,  307,  815,  778,  331,  660,  293,  518,  385,  766,  906,  334,  426,  633,  889,  837,  522,  836,  899,  234,  885,  130, 1046, 1044,  675,  801,  221,  130,  234,  716,  453,  261,  812,  635,  523,  129,  882,  670,  840,  152,  351, 1015,  992,  750, 1078,  527,  556,    8,  799,  315,  726, 1078,  327,  653,  272],
        [  368,    0,  744,  439,  282,   77,  578,  127,  152,  119,  426,  726,  710,  508,  335,  611,  611,  556,  136,  560,  189,  253,  503,  410,  290,  402,  324,  601,  512,  736,  209,  685,  670,  835,    0,  634,  600,  188,  335,  534,  416,  611,  275,  198,  219,  247,  828,  217,  240,  432,  294,  341,   33,  227,  539,  485,  542,  610,  482,  634,  227,  731,  402,  452,  144,  368,  750,  576,  552,   67,  582,  373,  562,  501,  628,   57,  792,  215,  209,  200,  679,  615,  706,  605,  293,  696,  664,  759,  292,  608,  908,  382,  519,  368,  832,  627,  246,  160,  126,  265,  343,  789,  835,  375,  681,  517,  252,  510,  183,  634],
        [  280,    0,  726,  561,  901,  618,   84,  530,  709,  700,  221,  218, 1046,  234,  792,  471,  547,  651,  731,  814,  454,  444,  558,  308,  917,  245,  629,  307,  724,  796,  836,  976,  615,  543,  634,    0,   38,  812,  329,  110,  234,   52,  500,  572,  535,  864,  716,  840,  715,  306,  364,  869,  646,  860,  784,  387,  487, 1000,  289,  219,  410,  695,  257,  403,  667,  913,  741,  143,  122,  651,  998,  586,  986,  989,  349,  690,  421,  830,  811,  606, 1030,  431,  462,  396,  729,  109,  606, 1081,  647,   34,  518,  907,  172,  409,  655,  198,  878,  776,  634,  894,  554,  926,  549,  848,  673,  885,  872,  393,  497,  586],
        [  243,    0,  726,  546,  866,  582,   78,  498,  672,  664,  184,  243, 1030,  201,  767,  471,  545,  642,  695,  800,  419,  407,  548,  272,  882,  208,  607,  283,  710,  793,  801,  962,  615,  559,  600,   38,    0,  779,  302,   72,  206,   61,  463,  545,  508,  828,  722,  808,  688,  290,  334,  841,  613,  826,  770,  377,  482,  981,  255,  230,  377,  695,  231,  391,  637,  885,  741,  143,   88,  615,  978,  567,  965,  965,  354,  656,  440,  794,  775,  578, 1014,  433,  470,  398,  704,  141,  606, 1067,  623,   36,  540,  880,  138,  372,  665,  209,  844,  740,  604,  859,  534,  921,  564,  823,  671,  866,  836,  386,  467,  584],
        [  554,    0,  785,  503,  195,  242,  750,  284,  237,  208,  611,  881,  626,  695,  269,  708,  688,  594,  191,  535,  376,  439,  570,  598,  176,  587,  357,  788,  516,  754,  130,  624,  733,  938,  188,  812,  779,    0,  496,  716,  585,  784,  450,  286,  323,  180,  885,   30,  215,  577,  456,  218,  169,   89,  522,  604,  633,  515,  670,  785,  403,  779,  567,  568,  174,  224,  787,  740,  737,  210,  478,  427,  457,  371,  755,  143,  917,  170,  194,  264,  592,  723,  813,  721,  262,  865,  729,  675,  316,  784, 1028,  250,  705,  551,  906,  781,   77,  154,  196,  155,  413,  773,  937,  281,  728,  448,  176,  626,  326,  703],
        [  169,    0,  564,  298,  617,  346,  258,  215,  450,  430,  189,  391,  757,  315,  467,  348,  387,  420,  457,  537,  201,  260,  329,  271,  625,  177,  316,  439,  453,  600,  544,  699,  461,  544,  335,  329,  302,  496,    0,  255,   96,  294,  338,  243,  207,  580,  609,  524,  387,  111,   42,  540,  339,  556,  508,  207,  308,  695,  328,  300,  121,  540,   74,  189,  341,  584,  576,  244,  291,  372,  687,  291,  673,  665,  316,  392,  476,  548,  537,  277,  737,  334,  417,  312,  404,  370,  453,  799,  325,  299,  595,  579,  283,  324,  584,  292,  567,  492,  309,  600,  252,  705,  546,  523,  499,  580,  587,  231,  172,  423],
        [  172,    0,  730,  523,  796,  514,  109,  438,  602,  595,  113,  298, 1001,  144,  720,  478,  546,  628,  626,  774,  351,  335,  533,  202,  814,  137,  568,  247,  686,  789,  733,  938,  618,  593,  534,  110,   72,  716,  255,    0,  163,  115,  391,  493,  459,  759,  738,  745,  637,  267,  282,  790,  549,  760,  744,  367,  476,  946,  195,  264,  315,  700,  189,  374,  580,  832,  744,  167,   46,  547,  940,  535,  926,  919,  374,  589,  480,  725,  705,  527,  983,  443,  493,  410,  657,  207,  610, 1040,  579,   98,  588,  829,   79,  303,  687,  244,  779,  671,  546,  791,  499,  912,  597,  776,  672,  831,  767,  380,  411,  585],
        [  139,    0,  601,  366,  693,  414,  166,  302,  514,  499,  127,  319,  840,  249,  561,  362,  418,  479,  528,  615,  255,  284,  384,  235,  704,  128,  406,  373,  527,  650,  623,  778,  492,  527,  416,  234,  206,  585,   96,  163,    0,  200,  358,  339,  302,  656,  628,  613,  482,  121,  131,  636,  423,  640,  585,  231,  342,  784,  276,  239,  190,  574,   27,  228,  434,  679,  614,  163,  203,  443,  778,  373,  764,  760,  294,  472,  440,  623,  609,  373,  822,  337,  408,  308,  499,  281,  483,  880,  419,  204,  558,  674,  205,  313,  591,  226,  654,  567,  402,  680,  337,  765,  530,  618,  539,  668,  663,  250,  264,  456],
        [  270,    0,  675,  512,  883,  600,   37,  501,  695,  684,  215,  185,  997,  255,  751,  420,  496,  600,  714,  765,  437,  437,  508,  316,  897,  237,  586,  343,  675,  744,  815,  927,  564,  499,  611,   52,   61,  784,  294,  115,  200,    0,  498,  536,  498,  845,  666,  812,  677,  260,  331,  831,  620,  836,  735,  336,  436,  954,  308,  171,  384,  643,  221,  354,  634,  875,  689,   91,  144,  632,  953,  540,  941,  947,  299,  667,  379,  812,  795,  569,  982,  379,  413,  345,  689,   95,  555, 1032,  605,   25,  481,  868,  190,  416,  607,  150,  852,  757,  602,  873,  509,  875,  504,  807,  622,  839,  853,  342,  464,  534],
        [  233,    0,  885,  589,  453,  208,  478,  283,  251,  261,  284,  663,  960,  300,  595,  685,  717,  717,  290,  778,  161,   78,  638,  200,  480,  263,  528,  358,  711,  905,  409,  923,  789,  878,  275,  500,  463,  450,  338,  391,  358,  498,    0,  394,  388,  417,  941,  476,  496,  446,  310,  615,  306,  455,  752,  544,  638,  868,  255,  594,  238,  864,  363,  522,  402,  643,  895,  506,  387,  241,  845,  547,  826,  773,  646,  308,  797,  385,  358,  416,  931,  671,  753,  649,  543,  592,  781, 1007,  510,  486,  915,  656,  339,  114,  920,  579,  487,  342,  372,  461,  507,  987,  880,  641,  819,  766,  427,  568,  316,  751],
        [  364,    0,  546,  242,  450,  260,  500,  113,  349,  317,  408,  607,  570,  522,  232,  428,  419,  359,  331,  385,  242,  337,  307,  446,  446,  388,  136,  638,  324,  541,  373,  529,  475,  657,  198,  572,  545,  286,  243,  493,  339,  536,  394,    0,   40,  420,  632,  310,  144,  301,  212,  297,  177,  363,  360,  319,  355,  488,  517,  508,  203,  534,  316,  282,  113,  341,  553,  476,  525,  262,  471,  175,  454,  430,  470,  237,  632,  393,  396,   34,  544,  440,  530,  436,  170,  605,  469,  617,  116,  541,  743,  336,  507,  448,  640,  507,  362,  343,   93,  421,  146,  604,  656,  287,  483,  379,  423,  341,   92,  440],
        [  336,    0,  529,  223,  482,  274,  462,  114,  369,  337,  377,  567,  587,  494,  263,  397,  392,  345,  355,  391,  230,  325,  285,  422,  479,  358,  141,  612,  323,  531,  405,  541,  451,  625,  219,  535,  508,  323,  207,  459,  302,  498,  388,   40,    0,  451,  609,  347,  180,  262,  178,  334,  203,  398,  365,  282,  325,  510,  492,  469,  180,  515,  279,  246,  151,  378,  536,  437,  492,  281,  496,  164,  480,  462,  432,  263,  595,  423,  423,   72,  562,  406,  497,  401,  200,  567,  445,  632,  133,  504,  707,  372,  476,  433,  613,  468,  399,  371,  128,  454,  129,  602,  624,  319,  465,  398,  454,  305,   74,  416],
        [  587,    0,  950,  656,   38,  246,  815,  373,  167,  165,  647,  970,  802,  704,  448,  847,  838,  759,  134,  713,  410,  437,  723,  602,   66,  622,  519,  774,  689,  925,   52,  802,  890, 1075,  247,  864,  828,  180,  580,  759,  656,  845,  417,  420,  451,    0, 1045,  181,  386,  678,  539,  391,  252,  101,  699,  728,  775,  689,  667,  879,  467,  942,  644,  693,  321,  389,  954,  818,  770,  214,  650,  582,  629,  535,  873,  192, 1037,   34,   60,  408,  767,  855,  946,  848,  437,  934,  885,  850,  479,  841, 1152,  419,  729,  530, 1058,  872,  139,   90,  329,   55,  562,  951, 1074,  459,  891,  627,   11,  751,  428,  856],
        [  763,    0,  120,  390, 1071,  880,  645,  716,  977,  946,  754,  542,  601,  867,  656,  267,  225,  293,  962,  433,  788,  864,  325,  863, 1059,  755,  528,  983,  394,  208,  995,  517,  158,  236,  828,  716,  722,  885,  609,  738,  628,  666,  941,  632,  609, 1045,    0,  901,  673,  512,  632,  758,  809,  972,  423,  403,  303,  641,  901,  499,  706,  110,  610,  421,  724,  798,  127,  580,  782,  889,  671,  463,  675,  757,  369,  868,  352, 1021, 1026,  638,  611,  296,  257,  329,  633,  644,  165,  607,  569,  690,  359,  769,  809,  930,   86,  519,  958,  972,  719, 1036,  486,  333,  229,  686,  160,  574, 1046,  381,  661,  195],
        [  583,    0,  798,  522,  191,  269,  778,  312,  257,  230,  640,  908,  621,  724,  273,  730,  707,  609,  211,  541,  405,  467,  588,  627,  167,  616,  374,  816,  527,  764,  134,  623,  750,  959,  217,  840,  808,   30,  524,  745,  613,  812,  476,  310,  347,  181,  901,    0,  229,  604,  484,  211,  198,   83,  530,  628,  653,  508,  698,  811,  432,  794,  595,  591,  198,  211,  800,  767,  766,  236,  470,  445,  449,  359,  779,  171,  941,  177,  203,  287,  587,  745,  835,  744,  273,  893,  746,  670,  333,  813, 1050,  240,  734,  579,  924,  808,   58,  169,  221,  148,  433,  778,  958,  280,  743,  448,  176,  649,  354,  720],
        [  503,    0,  570,  299,  407,  316,  641,  227,  376,  340,  550,  737,  471,  660,  100,  514,  484,  381,  342,  333,  361,  451,  364,  579,  390,  529,  149,  773,  304,  540,  335,  447,  523,  742,  240,  715,  688,  215,  387,  637,  482,  677,  496,  144,  180,  386,  673,  229,    0,  435,  356,  154,  208,  303,  316,  430,  436,  374,  651,  637,  340,  566,  459,  394,   98,  199,  573,  614,  669,  303,  349,  222,  330,  290,  581,  247,  737,  368,  382,  111,  440,  535,  622,  539,   55,  744,  520,  519,  108,  684,  841,  193,  649,  568,  698,  639,  286,  331,  124,  369,  218,  569,  740,  149,  515,  277,  385,  448,  231,  494],
        [  251,    0,  481,  258,  714,  452,  224,  307,  556,  534,  248,  306,  741,  369,  499,  247,  298,  362,  560,  511,  312,  369,  267,  352,  718,  246,  329,  492,  422,  530,  639,  674,  372,  434,  432,  306,  290,  577,  111,  267,  121,  260,  446,  301,  262,  678,  512,  604,  435,    0,  149,  586,  430,  645,  481,  111,  221,  695,  396,  208,  230,  454,  100,  109,  410,  631,  494,  184,  311,  475,  694,  281,  682,  692,  205,  487,  367,  647,  638,  331,  725,  227,  308,  203,  439,  313,  364,  778,  351,  273,  485,  621,  321,  420,  480,  207,  651,  591,  383,  693,  251,  647,  435,  555,  418,  580,  684,  131,  254,  336],
        [  170,    0,  581,  301,  575,  305,  296,  174,  409,  388,  203,  433,  745,  325,  440,  376,  409,  427,  416,  530,  165,  233,  339,  268,  583,  187,  298,  447,  449,  611,  502,  690,  481,  579,  294,  364,  334,  456,   42,  282,  131,  331,  310,  212,  178,  539,  632,  484,  356,  149,    0,  509,  297,  515,  501,  235,  330,  678,  331,  341,   82,  558,  112,  212,  304,  551,  592,  285,  315,  330,  668,  283,  653,  639,  353,  350,  515,  506,  495,  246,  723,  365,  451,  346,  377,  409,  473,  788,  303,  334,  633,  548,  301,  309,  612,  334,  526,  450,  272,  558,  243,  709,  580,  496,  515,  564,  545,  260,  134,  443],
        [  651,    0,  646,  418,  399,  415,  795,  368,  443,  410,  700,  885,  411,  807,  105,  639,  595,  469,  399,  356,  497,  581,  478,  721,  370,  679,  275,  916,  366,  595,  344,  415,  621,  861,  341,  869,  841,  218,  540,  790,  636,  831,  615,  297,  334,  391,  758,  211,  154,  586,  509,    0,  310,  292,  351,  572,  561,  298,  794,  786,  488,  648,  612,  536,  222,   47,  645,  767,  820,  391,  261,  346,  240,  161,  720,  324,  870,  386,  411,  264,  376,  665,  747,  673,  152,  897,  620,  459,  241,  838,  968,   42,  799,  699,  796,  788,  259,  369,  256,  355,  355,  587,  858,   78,  599,  243,  386,  587,  381,  598],
        [  386,    0,  722,  419,  285,  109,  587,  125,  177,  142,  443,  729,  678,  529,  303,  598,  594,  533,  155,  530,  209,  280,  484,  433,  288,  419,  298,  626,  485,  712,  209,  654,  651,  825,   33,  646,  613,  169,  339,  549,  423,  620,  306,  177,  203,  252,  809,  198,  208,  430,  297,  310,    0,  218,  510,  477,  528,  578,  506,  635,  237,  710,  407,  442,  112,  338,  728,  581,  569,   96,  550,  350,  530,  469,  622,   61,  787,  222,  221,  175,  647,  605,  696,  597,  261,  703,  646,  727,  265,  619,  901,  351,  537,  396,  815,  629,  232,  168,   98,  263,  323,  761,  824,  342,  660,  485,  256,  501,  178,  617],
        [  592,    0,  873,  588,  109,  257,  804,  342,  214,  195,  651,  945,  702,  724,  354,  790,  773,  682,  168,  622,  411,  458,  655,  623,   88,  626,  444,  806,  605,  842,   61,  705,  820, 1020,  227,  860,  826,   89,  556,  760,  640,  836,  455,  363,  398,  101,  972,   83,  303,  645,  515,  292,  218,    0,  610,  680,  715,  589,  692,  851,  453,  867,  625,  644,  255,  288,  875,  799,  776,  222,  550,  512,  529,  435,  829,  171,  993,  104,  135,  345,  667,  803,  893,  799,  351,  921,  815,  750,  404,  834, 1105,  318,  740,  563,  992,  846,   41,  118,  271,   67,  497,  859, 1018,  362,  816,  530,   95,  703,  391,  788],
        [  671,    0,  305,  224,  717,  610,  701,  472,  685,  649,  696,  714,  263,  822,  260,  391,  319,  168,  655,   30,  595,  689,  238,  768,  696,  684,  225,  946,   61,  244,  648,  194,  313,  574,  539,  784,  770,  522,  508,  744,  585,  735,  752,  360,  365,  699,  423,  530,  316,  481,  501,  351,  510,  610,    0,  403,  328,  245,  832,  624,  536,  315,  558,  382,  401,  386,  302,  649,  786,  604,  263,  219,  262,  335,  513,  558,  623,  683,  698,  345,  252,  431,  489,  454,  263,  768,  315,  298,  249,  751,  697,  355,  787,  793,  476,  635,  586,  646,  413,  676,  259,  254,  570,  275,  272,  154,  697,  404,  438,  304],
        [  361,    0,  371,  185,  761,  519,  304,  360,  623,  597,  358,  323,  666,  478,  475,  142,  187,  265,  620,  433,  398,  466,  172,  462,  760,  356,  298,  600,  343,  423,  684,  593,  262,  352,  485,  387,  377,  604,  207,  367,  231,  336,  544,  319,  282,  728,  403,  628,  430,  111,  235,  572,  477,  680,  403,    0,  111,  633,  507,  226,  314,  343,  210,   37,  431,  618,  384,  248,  412,  537,  638,  234,  629,  656,  152,  537,  314,  698,  694,  342,  654,  133,  222,  120,  420,  366,  253,  699,  331,  354,  426,  602,  427,  527,  377,  235,  680,  644,  410,  735,  218,  545,  352,  527,  309,  521,  732,   26,  303,  226],
