{
    "name": "random-78-29887",
    "comment": "size=78 seed=29887",
    "nodes": ["+0", "-0", "+1", "-1", "+2", "-2", "+3", "-3", "+4", "-4", "+5", "-5", "+6", "-6", "+7", "-7", "+8", "-8", "+9", "-9", "+10", "-10", "+11", "-11", "+12", "-12", "+13", "-13", "+14", "-14", "+15", "-15", "+16", "-16", "+17", "-17", "+18", "-18", "+19", "-19", "+20", "-20", "+21", "-21", "+22", "-22", "+23", "-23", "+24", "-24", "+25", "-25", "+26", "-26", "+27", "-27", "+28", "-28", "+29", "-29", "+30", "-30", "+31", "-31", "+32", "-32", "+33", "-33", "+34", "-34", "+35", "-35", "+36", "-36", "+37", "-37", "+38", "-38", "+39", "-39", "+40", "-40", "+41", "-41", "+42", "-42", "+43", "-43", "+44", "-44", "+45", "-45", "+46", "-46", "+47", "-47", "+48", "-48", "+49", "-49", "+50", "-50", "+51", "-51", "+52", "-52", "+53", "-53", "+54", "-54", "+55", "-55", "+56", "-56", "+57", "-57", "+58", "-58", "+59", "-59", "+60", "-60", "+61", "-61", "+62", "-62", "+63", "-63", "+64", "-64", "+65", "-65", "+66", "-66", "+67", "-67", "+68", "-68", "+69", "-69", "+70", "-70", "+71", "-71", "+72", "-72", "+73", "-73", "+74", "-74", "+75", "-75", "+76", "-76", "+77", "-77", "+78", "-78"],
    "precedence": {
        "+0": "-0",
        "+1": "-1",
        "+2": "-2",
        "+3": "-3",
        "+4": "-4",
        "+5": "-5",
        "+6": "-6",
        "+7": "-7",
        "+8": "-8",
        "+9": "-9",
        "+10": "-10",
        "+11": "-11",
        "+12": "-12",
        "+13": "-13",
        "+14": "-14",
        "+15": "-15",
        "+16": "-16",
        "+17": "-17",
        "+18": "-18",
        "+19": "-19",
        "+20": "-20",
        "+21": "-21",
        "+22": "-22",
        "+23": "-23",
        "+24": "-24",
        "+25": "-25",
        "+26": "-26",
        "+27": "-27",
        "+28": "-28",
        "+29": "-29",
        "+30": "-30",
        "+31": "-31",
        "+32": "-32",
        "+33": "-33",
        "+34": "-34",
        "+35": "-35",
        "+36": "-36",
        "+37": "-37",
        "+38": "-38",
        "+39": "-39",
        "+40": "-40",
        "+41": "-41",
        "+42": "-42",
        "+43": "-43",
        "+44": "-44",
        "+45": "-45",
        "+46": "-46",
        "+47": "-47",
        "+48": "-48",
        "+49": "-49",
        "+50": "-50",
        "+51": "-51",
        "+52": "-52",
        "+53": "-53",
        "+54": "-54",
        "+55": "-55",
        "+56": "-56",
        "+57": "-57",
        "+58": "-58",
        "+59": "-59",
        "+60": "-60",
        "+61": "-61",
        "+62": "-62",
        "+63": "-63",
        "+64": "-64",
        "+65": "-65",
        "+66": "-66",
        "+67": "-67",
        "+68": "-68",
        "+69": "-69",
        "+70": "-70",
        "+71": "-71",
        "+72": "-72",
        "+73": "-73",
        "+74": "-74",
        "+75": "-75",
        "+76": "-76",
        "+77": "-77",
        "+78": "-78"
    },
    "edges": [
        [    0,    0,  482,  300,  663,  924,  762,  600,  420,  756,  723,  564,  131,  246,  532,  153,  151,  830,  501,  763,  421,  345,  352,  117,  849,  399,  402,  373,  422,  739,  406,  290,  606,  583,  171,  208,  418,  209,  510,  407,  621,  583,  280,  627,  668,  311,  180,  814,  636,  365,  488,  439,  610,  519,  655,  779,  379,  767,  670,  132,  469,  521,  349,  387,  296,  756,  360,  396,  506,  382,  156,  217,  655,  480,  896,  242,  205,  233,  771,  394,  320,  655,  603,  418,  267,  753,  673,  772,  228,  270,  490,  637,  169,  573,  534,  465,  302,  540,  855,  709,  789,  285,  549,  233,  447,  225,  807,  387,  497,  169,  225,  517,  333,  885,  356,  533,  227,  217,  316,  716,  247,  443,  349,  758,  508,  459,  225,  423,  751,  551,  361,  628,  813,  119,  263,  382,  637,  485,  337,   45,  797,  744,  413,  945,  470,  210,  681,   46,  562,  667,  630,  284,  297,  347,  692,  456,  376,  171],
        [    0,    0,    0,    0,    0,    0,    0,    0,    0,    0,    0,    0,    0,    0,    0,    0,    0,    0,    0,    0,    0,    0,    0,    0,    0,    0,    0,    0,    0,    0,    0,    0,    0,    0,    0,    0,    0,    0,    0,    0,    0,    0,    0,    0,    0,    0,    0,    0,    0,    0,    0,    0,    0,    0,    0,    0,    0,    0,    0,    0,    0,    0,    0,    0,    0,    0,    0,    0,    0,    0,    0,    0,    0,    0,    0,    0,    0,    0,    0,    0,    0,    0,    0,    0,    0,    0,    0,    0,    0,    0,    0,    0,    0,    0,    0,    0,    0,    0,    0,    0,    0,    0,    0,    0,    0,    0,    0,    0,    0,    0,    0,    0,    0,    0,    0,    0,    0,    0,    0,    0,    0,    0,    0,    0,    0,    0,    0,    0,    0,    0,    0,    0,    0,    0,    0,    0,    0,    0,    0,    0,    0,    0,    0,    0,    0,    0,    0,    0,    0,    0,    0,    0,    0,    0,    0,    0,    0,    0],
        [  482,    0,    0,  692,  646,  770,  645,  267,  538,  559,  244,  167,  482,  482,  329,  520,  358,  359,  273,  297,  825,  615,  249,  451,  645,  200,  283,  332,  282,  627,  102,  622,  655,  584,  652,  379,   65,  680,  237,  558,  447,  147,  416,  204,  376,  680,  533,  694,  580,  716,  848,  278,  310,  268,  562,  350,  155,  662,  201,  351,  484,  304,  469,  479,  266,  313,  687,  149,  642,  816,  588,  444,  683,  748,  415,  279,  295,  296,  655,  433,  411,  205,  284,  476,  262,  304,  381,  341,  262,  545,  883,  272,  391,  592,  249,   34,  680,  102,  743,  228,  537,  403,  655,  528,  202,  621,  627,  442,   64,  650,  283,  685,  787,  404,  154,  131,  371,  526,  586,  409,  705,  807,  306,  295,  565,  331,  293,  701,  290,  424,  312,  425,  632,  571,  310,  125,  174,  510,  373,  517,  564,  594,  497,  470,  838,  284,  200,  442,  390,  632,  150,  612,  746,  776,  211,  248,  271,  319],
        [  300,    0,  692,    0,  556,  851,  695,  703,  324,  740,  909,  814,  218,  539,  590,  178,  438, 1050,  783,  927,  135,  163,  474,  415,  819,  535,  489,  667,  709,  673,  645,   94,  472,  491,  249,  315,  637,  180,  615,  696,  628,  746,  306,  773,  730,   36,  453,  738,  563,   80,  189,  524,  693,  610,  601,  907,  549,  690,  846,  395,  420,  592,  646,  684,  578,  997,  103,  562,  347,  137,  145,  514,  521,  228, 1087,  413,  477,  515,  701,  693,  619,  890,  876,  371,  431,  990,  733,  903,  440,  548,  198,  901,  467,  472,  635,  665,   23,  714,  766,  902,  800,  584,  395,  514,  718,   78,  770,  686,  682,  246,  411,  328,  151, 1070,  540,  778,  525,  170,  165,  776,  136,  144,  434,  986,  408,  752,  400,  181,  981,  555,  653,  649,  776,  346,  553,  626,  811,  420,  635,  258,  795,  701,  710, 1158,  170,  416,  875,  340,  589,  571,  827,  537,  120,   99,  892,  556,  662,  389],
        [  663,    0,  646,  556,    0,  297,  153,  445,  250,  252,  729,  813,  538,  870,  326,  535,  694,  911,  890,  696,  622,  394,  435,  749,  297,  458,  378,  864,  857,  137,  683,  470,   92,   80,  745,  469,  638,  703,  419, 1020,  237,  580,  387,  562,  380,  521,  836,  186,   72,  501,  557,  372,  402,  389,  114,  611,  517,  141,  665,  634,  201,  350,  936,  967,  752,  923,  463,  513,  214,  673,  600,  826,   64,  389,  872,  512,  677,  719,  156,  944,  882,  827,  928,  247,  501,  907,  379,  612,  567,  914,  628,  917,  750,   91,  416,  614,  534,  586,  210,  738,  335,  853,  171,  879,  808,  553,  247,  945,  592,  741,  531,  250,  706,  847,  540,  777,  785,  470,  402,  401,  678,  548,  388,  880,  158,  913,  519,  398,  881,  227,  842,  271,  252,  775,  764,  684,  637,  180,  869,  653,  312,  186,  993,  982,  566,  559,  722,  667,  270,   26,  695,  943,  675,  645,  745,  398,  820,  574],
        [  924,    0,  770,  851,  297,    0,  163,  510,  535,  212,  758,  924,  809, 1103,  454,  812,  924,  932, 1039,  697,  918,  688,  628,  994,  137,  626,  565, 1053, 1028,  186,  838,  763,  386,  361, 1026,  719,  786,  990,  538, 1240,  334,  655,  645,  614,  403,  816, 1087,  114,  294,  797,  849,  541,  463,  508,  269,  586,  684,  162,  707,  869,  459,  478, 1151, 1176,  948,  980,  759,  673,  510,  969,  884, 1058,  344,  682,  853,  732,  893,  929,  155, 1145, 1092,  905, 1048,  512,  714,  962,  399,  591,  781, 1154,  921, 1022,  981,  380,  522,  743,  829,  681,   91,  774,  254, 1068,  466, 1121,  962,  843,  143, 1148,  707, 1022,  752,  544, 1001,  826,  713,  895, 1004,  751,  693,  388,  969,  842,  599,  926,  445, 1083,  743,  694,  930,  388, 1030,  348,  139, 1041,  970,  847,  691,  448, 1071,  921,  220,  187, 1201,  973,  860,  780,  769,  920,  399,  281,  761, 1194,  969,  941,  791,  551, 1000,  805],
        [  762,    0,  645,  695,  153,  163,    0,  403,  375,  129,  676,  807,  646,  946,  318,  650,  768,  857,  908,  627,  770,  532,  478,  835,  147,  483,  415,  908,  889,   24,  703,  605,  244,  204,  864,  558,  652,  830,  409, 1087,  199,  548,  483,  517,  310,  660,  927,   54,  133,  645,  708,  395,  355,  378,  108,  528,  542,   23,  617,  711,  297,  343,  999, 1026,  800,  887,  606,  533,  362,  817,  722,  901,  211,  540,  798,  576,  739,  777,   11,  997,  942,  802,  928,  350,  559,  871,  307,  531,  627,  996,  778,  909,  824,  224,  397,  616,  672,  566,  101,  689,  210,  915,  321,  963,  828,  683,   99, 1000,  585,  860,  597,  401,  845,  771,  570,  774,  851,  590,  535,  313,  810,  697,  444,  838,  287,  945,  587,  546,  841,  237,  886,  223,  103,  879,  820,  709,  595,  286,  923,  759,  180,   61, 1052,  914,  717,  625,  678,  759,  259,  131,  661, 1034,  812,  787,  701,  410,  858,  648],
        [  600,    0,  267,  703,  445,  510,  403,    0,  440,  300,  285,  415,  539,  690,  135,  566,  528,  466,  539,  259,  825,  575,  250,  618,  381,  202,  217,  582,  543,  389,  350,  614,  485,  405,  756,  417,  297,  757,   92,  797,  213,  147,  398,  118,  110,  679,  712,  446,  374,  697,  814,  180,   48,   95,  341,  207,  237,  423,  220,  491,  349,  121,  705,  722,  493,  486,  660,  220,  520,  839,  647,  646,  496,  674,  436,  359,  475,  497,  412,  682,  645,  400,  539,  371,  334,  470,  115,  203,  384,  750,  866,  513,  577,  420,   69,  244,  685,  172,  495,  293,  271,  628,  514,  725,  467,  650,  368,  688,  204,  753,  376,  570,  833,  413,  267,  386,  578,  539,  555,  145,  764,  782,  273,  439,  423,  594,  376,  643,  441,  227,  561,  183,  372,  713,  528,  366,  195,  369,  614,  620,  299,  346,  744,  541,  811,  396,  279,  574,  179,  425,  259,  808,  792,  800,  302,  151,  523,  434],
        [  420,    0,  538,  324,  250,  535,  375,  440,    0,  417,  699,  697,  292,  642,  309,  286,  475,  867,  733,  693,  417,  163,  290,  516,  496,  340,  261,  673,  683,  353,  540,  232,  186,  175,  495,  246,  507,  456,  369,  799,  314,  530,  162,  538,  436,  291,  598,  421,  243,  286,  383,  282,  416,  351,  278,  644,  385,  373,  631,  413,  103,  320,  721,  755,  562,  846,  246,  390,  109,  453,  351,  601,  235,  234,  867,  319,  472,  516,  383,  741,  672,  740,  795,   70,  317,  835,  438,  641,  372,  681,  443,  799,  528,  160,  381,  505,  302,  515,  455,  698,  481,  640,  138,  645,  653,  308,  447,  739,  502,  492,  333,  147,  474,  846,  396,  658,  571,  221,  161,  477,  435,  357,  233,  818,   93,  737,  320,  208,  815,  246,  653,  340,  453,  529,  562,  532,  597,   98,  667,  406,  474,  378,  782,  960,  384,  358,  676,  430,  289,  259,  636,  703,  438,  420,  697,  318,  640,  362],
        [  756,    0,  559,  740,  252,  212,  129,  300,  417,    0,  559,  714,  653,  913,  250,  665,  736,  738,  829,  505,  831,  580,  434,  813,   96,  423,  372,  848,  820,  129,  629,  647,  335,  271,  878,  549,  576,  854,  328, 1043,  137,  445,  486,  407,  196,  707,  907,  157,  199,  702,  782,  343,  253,  300,  152,  402,  479,  152,  503,  684,  321,  272,  953,  976,  746,  776,  661,  467,  435,  870,  742,  868,  316,  617,  672,  544,  699,  732,  136,  942,  893,  697,  837,  372,  523,  759,  192,  406,  589,  967,  849,  812,  792,  294,  311,  532,  718,  470,  203,  573,   84,  871,  403,  936,  752,  715,   69,  947,  496,  875,  564,  481,  889,  645,  510,  684,  810,  611,  576,  190,  842,  765,  414,  725,  343,  875,  557,  611,  728,  206,  826,  142,   73,  875,  771,  639,  485,  320,  870,  760,   61,   72, 1001,  789,  788,  592,  565,  745,  201,  227,  554, 1013,  852,  837,  588,  347,  794,  620],
        [  723,    0,  244,  909,  729,  758,  676,  285,  699,  559,    0,  266,  710,  716,  412,  746,  602,  182,  429,   82, 1040,  809,  438,  695,  621,  377,  442,  540,  475,  665,  337,  831,  767,  687,  893,  597,  309,  917,  333,  770,  496,  170,  613,  169,  367,  893,  774,  714,  658,  922, 1049,  417,  329,  356,  623,  192,  363,  697,   69,  593,  619,  393,  686,  688,  500,  228,  889,  348,  790, 1039,  819,  680,  780,  927,  178,  505,  539,  537,  685,  638,  632,  185,  371,  630,  483,  209,  370,  183,  498,  778, 1092,  323,  633,  702,  325,  259,  895,  196,  761,   25,  504,  631,  790,  764,  390,  843,  623,  648,  231,  891,  513,  838, 1018,  163,  376,  264,  607,  741,  784,  371,  938, 1012,  487,  170,  697,  508,  520,  888,  175,  509,  525,  463,  625,  815,  546,  363,  103,  642,  591,  757,  538,  617,  701,  262, 1042,  520,   48,  685,  462,  709,   95,  847,  976,  999,   52,  381,  482,  557],
        [  564,    0,  167,  814,  813,  924,  807,  415,  697,  714,  266,    0,  597,  488,  494,  637,  420,  285,  163,  344,  948,  758,  407,  501,  795,  363,  447,  290,  220,  790,  170,  754,  821,  750,  730,  512,  191,  772,  401,  514,  609,  274,  563,  324,  524,  807,  563,  854,  747,  848,  982,  444,  462,  432,  727,  436,  312,  825,  265,  435,  649,  469,  436,  433,  285,  194,  823,  310,  802,  928,  694,  459,  849,  896,  390,  410,  360,  340,  817,  381,  388,  105,  125,  637,  399,  193,  528,  427,  375,  546, 1010,  106,  432,  758,  410,  200,  805,  244,  904,  242,  683,  395,  818,  540,  141,  739,  782,  393,  223,  729,  407,  843,  891,  390,  302,   39,  391,  656,  727,  549,  805,  940,  465,  208,  729,  245,  419,  846,  199,  589,  279,  585,  786,  630,  330,  189,  259,  675,  345,  605,  713,  754,  443,  401,  970,  399,  222,  520,  554,  798,  194,  618,  851,  889,  215,  415,  238,  426],
        [  131,    0,  482,  218,  538,  809,  646,  539,  292,  653,  710,  597,    0,  370,  450,   40,  233,  841,  568,  738,  351,  219,  292,  239,  744,  349,  326,  461,  497,  623,  429,  176,  477,  460,  227,  123,  425,  219,  448,  532,  522,  554,  168,  589,  591,  215,  311,  697,  517,  264,  396,  364,  540,  450,  541,  734,  349,  649,  650,  182,  350,  443,  466,  503,  365,  782,  250,  364,  376,  334,  111,  336,  527,  360,  887,  206,  263,  304,  655,  502,  428,  676,  659,  297,  228,  776,  595,  728,  224,  399,  415,  684,  273,  448,  470,  458,  211,  517,  736,  700,  695,  393,  419,  363,  501,  142,  699,  496,  480,  224,  200,  387,  308,  872,  335,  562,  328,   89,  189,  639,  230,  352,  269,  774,  382,  542,  191,  302,  769,  449,  446,  534,  705,  237,  344,  409,  615,  364,  437,  115,  699,  633,  530,  951,  381,  201,  673,  152,  469,  544,  623,  415,  266,  295,  688,  389,  450,  172],
        [  246,    0,  482,  539,  870, 1103,  946,  690,  642,  913,  716,  488,  370,    0,  667,  397,  179,  772,  364,  778,  648,  588,  480,  132, 1008,  501,  542,  210,  281,  923,  383,  536,  825,  790,  335,  402,  422,  405,  613,  162,  777,  620,  485,  675,  783,  553,  102,  999,  831,  608,  727,  572,  716,  633,  840,  828,  455,  955,  682,  237,  669,  649,  112,  150,  218,  673,  606,  471,  738,  597,  395,   46,  872,  726,  869,  372,  218,  194,  956,  174,  115,  592,  475,  624,  391,  676,  788,  819,  324,   63,  720,  524,  123,  783,  637,  482,  544,  572, 1044,  696,  928,   95,  778,   54,  347,  467,  973,  163,  525,  336,  351,  754,  536,  865,  424,  470,  114,  459,  559,  828,  455,  682,  504,  695,  723,  292,  360,  668,  686,  715,  213,  774,  979,  211,  173,  358,  656,  690,  154,  283,  944,  917,  174,  887,  707,  323,  670,  219,  713,  869,  623,  132,  508,  568,  673,  574,  251,  299],
        [  532,    0,  329,  590,  326,  454,  318,  135,  309,  250,  412,  494,  450,  667,    0,  471,  493,  591,  591,  392,  706,  452,  189,  575,  344,  173,  132,  599,  575,  299,  386,  498,  355,  276,  674,  332,  335,  665,   94,  794,  121,  255,  292,  244,  143,  563,  670,  368,  257,  576,  687,   97,  107,   64,  233,  335,  230,  334,  345,  444,  215,   26,  704,  727,  496,  597,  537,  219,  386,  726,  552,  622,  372,  542,  570,  303,  451,  483,  328,  693,  644,  502,  613,  241,  281,  582,  146,  333,  344,  724,  743,  598,  547,  290,   90,  299,  571,  261,  418,  418,  262,  621,  381,  694,  511,  544,  315,  697,  271,  671,  324,  436,  727,  547,  260,  460,  562,  433,  435,  190,  665,  657,  184,  556,  289,  630,  318,  515,  556,  100,  577,  109,  320,  650,  522,  394,  315,  235,  620,  545,  277,  271,  751,  672,  685,  349,  400,  515,   61,  308,  370,  773,  687,  688,  423,   97,  546,  382],
        [  153,    0,  520,  178,  535,  812,  650,  566,  286,  665,  746,  637,   40,  397,  471,    0,  269,  878,  607,  771,  312,  193,  322,  266,  754,  380,  351,  498,  535,  627,  468,  142,  469,  458,  215,  153,  463,  195,  475,  559,  537,  587,  182,  621,  613,  177,  331,  699,  519,  226,  358,  389,  565,  476,  546,  764,  384,  651,  685,  220,  354,  466,  496,  533,  403,  821,  215,  399,  361,  296,   82,  365,  519,  330,  923,  242,  302,  342,  658,  535,  461,  715,  699,  301,  263,  815,  617,  758,  263,  422,  375,  723,  306,  445,  497,  495,  172,  552,  737,  736,  710,  426,  406,  385,  540,  103,  708,  529,  516,  211,  237,  367,  273,  908,  371,  602,  362,   69,  165,  661,  198,  313,  294,  812,  378,  580,  228,  272,  807,  463,  483,  551,  714,  246,  381,  449,  650,  366,  471,  126,  713,  641,  560,  989,  342,  240,  709,  181,  486,  543,  659,  431,  231,  257,  724,  416,  488,  212],
        [  151,    0,  358,  438,  694,  924,  768,  528,  475,  736,  602,  420,  233,  179,  493,  269,    0,  693,  352,  652,  565,  446,  304,   95,  831,  331,  365,  230,  273,  745,  271,  409,  654,  615,  311,  230,  294,  358,  445,  327,  600,  479,  314,  530,  614,  443,  185,  821,  653,  494,  624,  396,  549,  463,  662,  685,  292,  776,  556,   62,  493,  475,  247,  281,  146,  613,  482,  309,  576,  531,  300,  134,  700,  590,  769,  194,   64,   83,  777,  272,  201,  515,  453,  450,  214,  611,  619,  677,  149,  232,  633,  488,   57,  609,  469,  348,  436,  433,  866,  585,  754,  167,  612,  202,  297,  361,  795,  269,  386,  310,  173,  597,  483,  760,  262,  391,   98,  318,  415,  660,  397,  579,  326,  619,  552,  314,  181,  533,  611,  537,  216,  598,  801,  215,  115,  245,  526,  515,  205,  194,  768,  738,  309,  809,  607,  145,  557,  106,  536,  692,  507,  282,  446,  495,  566,  402,  227,  121],
        [  830,    0,  359, 1050,  911,  932,  857,  466,  867,  738,  182,  285,  841,  772,  591,  878,  693,    0,  429,  236, 1183,  965,  592,  780,  795,  533,  606,  571,  499,  846,  425,  978,  945,  867, 1000,  736,  417, 1034,  507,  788,  677,  340,  766,  349,  547, 1037,  846,  894,  839, 1071, 1202,  586,  510,  532,  805,  350,  505,  878,  247,  699,  793,  570,  716,  708,  566,  118, 1040,  494,  962, 1174,  946,  743,  961, 1090,  139,  638,  631,  617,  865,  656,  671,  181,  335,  799,  619,  106,  550,  344,  619,  830, 1239,  276,  712,  880,  502,  385, 1038,  352,  940,  174,  679,  679,  965,  824,  425,  979,  800,  669,  373,  998,  641, 1009, 1145,  155,  511,  306,  674,  883,  937,  549, 1061, 1162,  645,   78,  872,  514,  651, 1048,   87,  689,  562,  645,  803,  907,  612,  449,  276,  816,  627,  869,  713,  797,  715,  117, 1193,  642,  193,  788,  642,  890,  232,  902, 1104, 1134,  171,  550,  522,  675],
        [  501,    0,  273,  783,  890, 1039,  908,  539,  733,  829,  429,  163,  568,  364,  591,  607,  352,  429,    0,  506,  913,  760,  459,  413,  917,  432,  512,  154,   85,  889,  207,  740,  882,  819,  653,  512,  256,  707,  503,  360,  711,  411,  580,  466,  649,  783,  453,  958,  829,  831,  964,  520,  582,  533,  817,  592,  373,  924,  422,  389,  706,  566,  291,  280,  207,  320,  813,  379,  841,  882,  649,  346,  917,  904,  546,  418,  307,  270,  918,  228,  253,  260,  111,  683,  417,  326,  654,  583,  369,  416,  980,  162,  343,  823,  518,  298,  779,  371, 1008,  404,  810,  270,  865,  417,   82,  705,  897,  241,  336,  653,  408,  876,  834,  549,  351,  170,  290,  642,  728,  681,  747,  919,  512,  353,  783,   86,  422,  850,  343,  677,  154,  693,  902,  539,  240,  206,  411,  732,  211,  545,  837,  861,  287,  540,  949,  389,  384,  457,  650,  879,  351,  488,  797,  845,  378,  500,  127,  404],
        [  763,    0,  297,  927,  696,  697,  627,  259,  693,  505,   82,  344,  738,  778,  392,  771,  652,  236,  506,    0, 1056,  815,  454,  746,  560,  393,  446,  610,  548,  618,  396,  844,  741,  661,  932,  619,  360,  950,  325,  840,  459,  184,  625,  157,  321,  908,  829,  662,  624,  933, 1056,  416,  296,  343,  586,  116,  390,  649,   97,  636,  606,  376,  755,  759,  561,  303,  898,  374,  777, 1060,  848,  740,  750,  925,  178,  535,  589,  593,  636,  709,  699,  267,  452,  623,  511,  285,  323,  109,  536,  840, 1103,  404,  687,  678,  313,  304,  912,  224,  707,  107,  443,  695,  772,  824,  462,  865,  567,  720,  268,  930,  546,  826, 1044,  155,  410,  338,  667,  759,  792,  316,  966, 1021,  496,  243,  681,  584,  551,  890,  249,  484,  594,  425,  569,  862,  606,  421,  127,  627,  658,  794,  478,  567,  773,  288, 1051,  556,  123,  727,  435,  673,  159,  908, 1002, 1020,  133,  380,  551,  594],
        [  421,    0,  825,  135,  622,  918,  770,  825,  417,  831, 1040,  948,  351,  648,  706,  312,  565, 1183,  913, 1056,    0,  257,  604,  531,  903,  665,  613,  792,  837,  750,  779,  212,  532,  568,  328,  447,  771,  253,  739,  800,  730,  876,  432,  901,  843,  148,  556,  807,  643,  131,  106,  647,  811,  731,  685, 1030,  681,  762,  976,  526,  519,  710,  759,  797,  707, 1131,  172,  694,  409,   75,  266,  629,  577,  243, 1217,  547,  607,  644,  775,  810,  737, 1024, 1008,  475,  564, 1124,  845, 1026,  574,  650,   72, 1034,  589,  547,  758,  798,  146,  845,  829, 1033,  897,  703,  453,  617,  850,  210,  853,  802,  815,  326,  545,  375,  144, 1200,  673,  912,  648,  301,  272,  887,  199,   83,  560, 1120,  489,  878,  534,  225, 1115,  660,  780,  754,  859,  444,  679,  760,  941,  514,  757,  377,  888,  784,  821, 1291,   84,  550, 1007,  463,  698,  641,  959,  627,  151,   85, 1024,  680,  791,  523],
        [  345,    0,  615,  163,  394,  688,  532,  575,  163,  580,  809,  758,  219,  588,  452,  193,  446,  965,  760,  815,  257,    0,  374,  457,  658,  433,  370,  670,  696,  511,  590,   78,  313,  329,  369,  250,  570,  316,  493,  750,  474,  641,  200,  659,  587,  129,  522,  575,  401,  126,  241,  400,  558,  481,  439,  781,  462,  528,  743,  390,  263,  457,  684,  720,  565,  927,   86,  472,  190,  290,  228,  554,  362,  146,  983,  350,  465,  509,  538,  717,  644,  819,  839,  218,  360,  918,  589,  777,  392,  614,  292,  854,  490,  309,  510,  584,  141,  616,  604,  805,  643,  610,  239,  577,  685,  166,  608,  713,  592,  365,  356,  183,  314,  964,  462,  720,  543,  130,   33,  630,  285,  207,  323,  907,  245,  746,  342,   91,  904,  403,  652,  498,  614,  432,  552,  576,  707,  261,  650,  316,  636,  539,  748, 1066,  237,  371,  780,  370,  442,  408,  735,  621,  281,  258,  799,  436,  650,  358],
        [  352,    0,  249,  474,  435,  628,  478,  250,  290,  434,  438,  407,  292,  480,  189,  322,  304,  592,  459,  454,  604,  374,    0,  386,  529,   62,   63,  433,  423,  456,  256,  393,  424,  362,  506,  170,  218,  510,  159,  612,  298,  272,  175,  301,  318,  456,  481,  531,  379,  484,  612,   93,  258,  168,  376,  443,   96,  490,  373,  256,  248,  174,  523,  549,  324,  561,  451,  101,  395,  607,  401,  435,  459,  501,  615,  115,  266,  301,  488,  520,  465,  453,  510,  230,   92,  550,  322,  437,  156,  535,  654,  511,  359,  365,  183,  217,  459,  244,  578,  433,  451,  440,  413,  505,  377,  413,  495,  522,  220,  503,  135,  437,  593,  597,  110,  369,  377,  306,  347,  365,  520,  574,   58,  536,  327,  479,  131,  457,  533,  241,  411,  295,  501,  468,  343,  253,  338,  274,  445,  371,  465,  442,  574,  694,  605,  161,  407,  330,  233,  426,  362,  584,  551,  567,  426,  104,  387,  194],
        [  117,    0,  451,  415,  749,  994,  835,  618,  516,  813,  695,  501,  239,  132,  575,  266,   95,  780,  413,  746,  531,  457,  386,    0,  908,  419,  444,  271,  329,  812,  361,  406,  700,  669,  241,  281,  387,  300,  534,  293,  676,  573,  362,  624,  701,  427,   96,  887,  715,  481,  603,  478,  637,  549,  728,  779,  384,  842,  650,  131,  550,  559,  233,  271,  218,  694,  477,  401,  609,  487,  270,  101,  748,  595,  860,  272,  157,  163,  844,  280,  206,  600,  520,  502,  295,  693,  706,  771,  236,  166,  602,  561,   71,  661,  558,  442,  418,  527,  931,  678,  836,  172,  650,  130,  371,  341,  869,  272,  480,  241,  252,  624,  431,  852,  355,  475,  125,  328,  427,  747,  346,  558,  400,  704,  599,  360,  257,  538,  697,  610,  264,  678,  876,  129,  176,  335,  620,  569,  229,  157,  849,  810,  297,  896,  584,  226,  650,   88,  614,  750,  600,  200,  398,  454,  658,  487,  287,  194],
        [  849,    0,  645,  819,  297,  137,  147,  381,  496,   96,  621,  795,  744, 1008,  344,  754,  831,  795,  917,  560,  903,  658,  529,  908,    0,  517,  467,  941,  911,  161,  719,  727,  387,  336,  968,  642,  666,  941,  419, 1138,  232,  524,  577,  480,  272,  786, 1002,  140,  261,  776,  847,  438,  336,  391,  220,  450,  573,  164,  571,  779,  404,  366, 1047, 1070,  840,  844,  736,  560,  499,  947,  830,  963,  357,  680,  717,  639,  794,  827,  147, 1036,  988,  771,  919,  457,  618,  827,  268,  455,  684, 1063,  917,  891,  887,  358,  401,  619,  797,  553,  167,  638,  118,  965,  462, 1031,  841,  799,   51, 1040,  582,  964,  659,  542,  969,  690,  603,  767,  905,  698,  656,  253,  926,  834,  509,  790,  415,  965,  652,  681,  794,  299,  919,  236,   46,  968,  866,  730,  557,  400,  963,  852,   84,  120, 1094,  837,  855,  687,  633,  840,  296,  273,  627, 1108,  934,  915,  655,  441,  886,  715],
        [  399,    0,  200,  535,  458,  626,  483,  202,  340,  423,  377,  363,  349,  501,  173,  380,  331,  533,  432,  393,  665,  433,   62,  419,  517,    0,   85,  427,  407,  462,  226,  454,  459,  391,  558,  228,  181,  565,  115,  623,  292,  211,  236,  241,  284,  517,  513,  534,  397,  545,  672,   89,  219,  133,  387,  386,   60,  497,  312,  291,  286,  152,  532,  554,  324,  507,  512,   55,  443,  668,  459,  456,  490,  558,  554,  158,  284,  313,  493,  520,  472,  401,  472,  277,  133,  495,  288,  380,  184,  559,  715,  468,  383,  397,  139,  166,  520,  183,  584,  372,  428,  450,  456,  531,  351,  473,  487,  524,  162,  555,  175,  487,  653,  536,   88,  326,  393,  366,  407,  329,  578,  635,  112,  479,  367,  463,  175,  515,  477,  247,  405,  281,  493,  511,  350,  229,  277,  312,  447,  421,  447,  440,  578,  634,  665,  195,  347,  372,  227,  447,  302,  613,  611,  628,  366,   76,  376,  232],
        [  402,    0,  283,  489,  378,  565,  415,  217,  261,  372,  442,  447,  326,  542,  132,  351,  365,  606,  512,  446,  613,  370,   63,  444,  467,   85,    0,  494,  481,  394,  307,  401,  375,  308,  548,  205,  264,  544,  128,  675,  236,  273,  183,  290,  268,  466,  539,  468,  320,  488,  610,   39,  215,  125,  315,  420,  140,  427,  375,  314,  202,  120,  586,  612,  386,  587,  452,  139,  361,  624,  433,  496,  407,  485,  615,  173,  328,  364,  425,  582,  528,  482,  556,  195,  152,  575,  272,  415,  218,  596,  658,  552,  420,  313,  148,  250,  471,  255,  516,  440,  392,  503,  373,  565,  430,  434,  432,  585,  241,  545,  194,  406,  617,  595,  162,  410,  440,  323,  347,  316,  548,  575,   58,  557,  283,  537,  188,  447,  555,  179,  472,  234,  438,  519,  406,  307,  340,  228,  508,  416,  405,  379,  637,  702,  605,  221,  417,  383,  171,  368,  375,  643,  575,  585,  437,   68,  446,  251],
        [  373,    0,  332,  667,  864, 1053,  908,  582,  673,  848,  540,  290,  461,  210,  599,  498,  230,  571,  154,  610,  792,  670,  433,  271,  941,  427,  494,    0,   73,  887,  234,  637,  840,  788,  512,  434,  286,  571,  523,  231,  719,  478,  513,  535,  687,  672,  301,  960,  811,  724,  854,  513,  618,  550,  808,  679,  369,  921,  518,  281,  668,  576,  148,  149,  113,  468,  711,  381,  779,  754,  527,  194,  881,  815,  678,  358,  206,  162,  918,  102,  100,  394,  265,  635,  365,  472,  692,  670,  303,  263,  861,  315,  206,  787,  543,  343,  666,  432, 1009,  518,  844,  116,  811,  264,  152,  590,  913,  111,  388,  512,  341,  808,  701,  678,  340,  280,  148,  544,  638,  726,  615,  808,  477,  494,  738,   89,  355,  758,  485,  671,   23,  707,  919,  393,  118,  217,  498,  693,   58,  417,  866,  867,  166,  686,  837,  316,  493,  330,  654,  857,  451,  336,  667,  719,  493,  502,   61,  316],
        [  422,    0,  282,  709,  857, 1028,  889,  543,  683,  820,  475,  220,  497,  281,  575,  535,  273,  499,   85,  548,  837,  696,  423,  329,  911,  407,  481,   73,    0,  869,  194,  670,  841,  783,  570,  452,  247,  625,  493,  296,  696,  428,  525,  485,  650,  711,  369,  941,  801,  760,  892,  495,  582,  521,  793,  623,  348,  904,  458,  315,  667,  551,  218,  214,  132,  395,  744,  357,  790,  803,  572,  262,  879,  841,  609,  365,  234,  194,  900,  163,  173,  323,  195,  638,  367,  399,  655,  614,  312,  335,  905,  243,  260,  785,  511,  299,  705,  384,  990,  452,  810,  187,  818,  335,   86,  631,  887,  174,  342,  570,  351,  822,  754,  609,  321,  213,  206,  574,  664,  687,  667,  847,  472,  422,  740,   57,  365,  785,  413,  654,   69,  681,  893,  455,  159,  182,  441,  692,  130,  466,  834,  845,  226,  613,  876,  330,  429,  377,  632,  848,  390,  408,  718,  767,  427,  480,   47,  338],
        [  739,    0,  627,  673,  137,  186,   24,  389,  353,  129,  665,  790,  623,  923,  299,  627,  745,  846,  889,  618,  750,  511,  456,  812,  161,  462,  394,  887,  869,    0,  683,  583,  227,  183,  841,  534,  633,  807,  391, 1065,  181,  534,  460,  504,  299,  639,  904,   76,  111,  625,  690,  375,  341,  360,   84,  522,  522,   36,  605,  688,  273,  324,  977, 1004,  779,  874,  585,  513,  343,  797,  699,  878,  198,  522,  790,  553,  717,  755,   33,  975,  919,  787,  911,  327,  537,  858,  297,  524,  605,  973,  760,  892,  801,  204,  380,  597,  651,  550,  123,  677,  212,  893,  303,  940,  809,  660,  111,  978,  568,  837,  574,  383,  824,  764,  549,  757,  828,  567,  513,  306,  787,  678,  421,  826,  266,  924,  564,  526,  828,  216,  864,  208,  115,  856,  798,  689,  582,  263,  901,  736,  184,   57, 1030,  905,  698,  602,  666,  736,  239,  114,  647, 1010,  790,  766,  689,  390,  837,  625],
        [  406,    0,  102,  645,  683,  838,  703,  350,  540,  629,  337,  170,  429,  383,  386,  468,  271,  425,  207,  396,  779,  590,  256,  361,  719,  226,  307,  234,  194,  683,    0,  585,  679,  614,  575,  343,   54,  611,  301,  459,  507,  246,  398,  303,  457,  638,  438,  753,  623,  679,  813,  314,  389,  330,  611,  451,  167,  718,  300,  275,  504,  362,  369,  380,  166,  355,  654,  172,  647,  761,  528,  345,  713,  730,  500,  241,  208,  201,  713,  336,  310,  251,  256,  485,  232,  350,  462,  442,  206,  445,  840,  265,  297,  619,  318,  109,  636,  199,  803,  318,  617,  302,  668,  429,  126,  570,  696,  344,  154,  574,  238,  685,  726,  492,  147,  134,  272,  486,  559,  494,  641,  770,  312,  353,  582,  247,  250,  679,  346,  471,  214,  490,  701,  485,  211,   26,  275,  530,  273,  445,  641,  656,  399,  540,  801,  229,  291,  364,  445,  672,  242,  513,  686,  722,  298,  293,  175,  258],
        [  290,    0,  622,   94,  470,  763,  605,  614,  232,  647,  831,  754,  176,  536,  498,  142,  409,  978,  740,  844,  212,   78,  393,  406,  727,  454,  401,  637,  670,  583,  585,    0,  390,  402,  294,  244,  571,  238,  528,  697,  534,  665,  220,  689,  637,   66,  462,  649,  473,   95,  229,  435,  602,  520,  509,  819,  474,  602,  766,  357,  327,  501,  636,  674,  539,  932,   74,  486,  268,  230,  157,  505,  440,  192, 1007,  346,  437,  479,  612,  676,  602,  824,  826,  277,  361,  924,  640,  815,  381,  556,  262,  846,  447,  384,  547,  594,   74,  636,  680,  824,  706,  567,  316,  520,  669,   90,  678,  670,  607,  290,  348,  258,  243,  989,  468,  718,  503,   99,   72,  683,  208,  186,  349,  916,  319,  717,  336,  135,  912,  461,  621,  555,  684,  365,  520,  568,  730,  328,  612,  256,  701,  609,  701, 1084,  217,  358,  798,  322,  496,  484,  751,  557,  207,  193,  816,  469,  624,  337],
        [  606,    0,  655,  472,   92,  386,  244,  485,  186,  335,  767,  821,  477,  825,  355,  469,  654,  945,  882,  741,  532,  313,  424,  700,  387,  459,  375,  840,  841,  227,  679,  390,    0,   81,  673,  425,  638,  626,  442,  980,  292,  608,  341,  598,  436,  437,  783,  277,  138,  413,  465,  378,  445,  414,  186,  667,  514,  233,  700,  593,  176,  376,  900,  932,  728,  946,  376,  513,  126,  585,  528,  783,   51,  297,  919,  483,  645,  688,  247,  914,  848,  846,  930,  207,  476,  932,  436,  667,  539,  865,  536,  926,  708,   66,  444,  622,  450,  607,  298,  772,  415,  817,   80,  829,  800,  476,  337,  914,  606,  669,  501,  159,  621,  895,  533,  784,  748,  402,  324,  464,  597,  457,  371,  908,  103,  897,  488,  308,  908,  258,  819,  326,  342,  713,  734,  676,  670,  150,  840,  591,  395,  273,  959, 1025,  475,  527,  754,  615,  307,  114,  722,  889,  591,  558,  777,  410,  801,  537],
        [  583,    0,  584,  491,   80,  361,  204,  405,  175,  271,  687,  750,  460,  790,  276,  458,  615,  867,  819,  661,  568,  329,  362,  669,  336,  391,  308,  788,  783,  183,  614,  402,   81,    0,  670,  389,  571,  631,  365,  941,  213,  530,  307,  519,  357,  457,  757,  247,   75,  443,  513,  307,  365,  337,  120,  587,  448,  200,  621,  554,  122,  298,  857,  888,  676,  870,  403,  445,  165,  614,  526,  747,  100,  346,  839,  434,  598,  641,  210,  867,  804,  771,  862,  167,  424,  856,  357,  587,  489,  834,  581,  855,  670,   23,  366,  551,  469,  531,  280,  693,  348,  774,  133,  799,  737,  482,  285,  867,  533,  666,  453,  210,  642,  815,  469,  713,  706,  395,  332,  386,  608,  498,  312,  831,   84,  839,  441,  345,  831,  179,  766,  247,  291,  696,  686,  613,  591,  101,  792,  574,  331,  217,  915,  945,  520,  481,  676,  587,  227,   85,  645,  863,  609,  584,  699,  337,  745,  495],
        [  171,    0,  652,  249,  745, 1026,  864,  756,  495,  878,  893,  730,  227,  335,  674,  215,  311, 1000,  653,  932,  328,  369,  506,  241,  968,  558,  548,  512,  570,  841,  575,  294,  673,  670,    0,  344,  589,   76,  664,  477,  748,  750,  393,  792,  815,  277,  236,  913,  733,  328,  421,  586,  761,  670,  760,  943,  544,  865,  839,  303,  569,  667,  447,  484,  453,  923,  343,  562,  556,  268,  145,  326,  723,  472, 1066,  403,  371,  393,  872,  506,  437,  824,  759,  515,  427,  921,  819,  936,  397,  326,  398,  797,  310,  654,  688,  635,  263,  708,  949,  879,  921,  406,  604,  296,  607,  205,  922,  496,  666,    4,  389,  551,  202, 1055,  523,  701,  366,  276,  351,  863,  129,  379,  492,  927,  587,  600,  386,  420,  920,  675,  504,  761,  928,  124,  414,  551,  806,  579,  466,  139,  925,  855,  507, 1115,  399,  376,  851,  212,  695,  754,  800,  300,  180,  244,  863,  608,  527,  338],
        [  208,    0,  379,  315,  469,  719,  558,  417,  246,  549,  597,  512,  123,  402,  332,  153,  230,  736,  512,  619,  447,  250,  170,  281,  642,  228,  205,  434,  452,  534,  343,  244,  425,  389,  344,    0,  328,  341,  325,  556,  414,  436,   85,  469,  472,  301,  370,  610,  435,  339,  472,  243,  419,  329,  451,  612,  235,  564,  535,  169,  270,  324,  476,  510,  324,  688,  312,  249,  349,  443,  232,  359,  471,  393,  774,  103,  229,  274,  567,  496,  427,  580,  590,  223,  118,  680,  476,  607,  143,  445,  504,  606,  284,  382,  348,  352,  302,  402,  653,  588,  584,  395,  383,  410,  436,  247,  600,  494,  369,  341,  107,  375,  425,  758,  226,  475,  326,  147,  218,  520,  350,  430,  148,  673,  323,  504,   94,  340,  669,  343,  414,  422,  606,  327,  320,  328,  499,  289,  424,  214,  591,  537,  537,  844,  461,  123,  561,  202,  357,  470,  513,  477,  383,  403,  578,  267,  407,  118],
        [  418,    0,   65,  637,  638,  786,  652,  297,  507,  576,  309,  191,  425,  422,  335,  463,  294,  417,  256,  360,  771,  570,  218,  387,  666,  181,  264,  286,  247,  633,   54,  571,  638,  571,  589,  328,    0,  618,  248,  507,  455,  199,  373,  255,  404,  627,  469,  703,  576,  666,  799,  267,  336,  278,  562,  406,  125,  668,  264,  287,  464,  310,  417,  430,  209,  361,  638,  126,  613,  759,  529,  382,  670,  707,  479,  226,  231,  234,  663,  387,  357,  253,  293,  448,  211,  353,  409,  398,  202,  485,  830,  293,  328,  576,  266,   60,  627,  152,  752,  293,  564,  346,  631,  466,  177,  565,  644,  394,  105,  587,  227,  653,  728,  469,  112,  153,  310,  474,  540,  441,  644,  757,  275,  350,  544,  299,  238,  658,  344,  422,  265,  438,  649,  507,  251,   70,  236,  490,  322,  454,  588,  605,  450,  530,  788,  225,  265,  378,  394,  626,  214,  550,  687,  719,  275,  244,  227,  259],
        [  209,    0,  680,  180,  703,  990,  830,  757,  456,  854,  917,  772,  219,  405,  665,  195,  358, 1034,  707,  950,  253,  316,  510,  300,  941,  565,  544,  571,  625,  807,  611,  238,  626,  631,   76,  341,  618,    0,  666,  551,  729,  766,  376,  804,  807,  210,  308,  876,  697,  259,  345,  582,  758,  668,  728,  951,  560,  828,  860,  337,  538,  660,  516,  554,  502,  963,  279,  576,  505,  194,  114,  391,  676,  406, 1092,  416,  413,  440,  837,  573,  502,  861,  810,  484,  439,  959,  811,  945,  420,  400,  323,  845,  366,  614,  689,  660,  196,  727,  910,  904,  903,  470,  554,  369,  654,  151,  894,  564,  687,   74,  405,  495,  132, 1079,  542,  740,  423,  243,  302,  855,   54,  304,  487,  963,  547,  659,  399,  357,  956,  655,  561,  744,  900,  195,  467,  588,  825,  545,  528,  167,  904,  826,  577, 1148,  323,  398,  876,  253,  680,  714,  826,  375,  105,  169,  890,  607,  581,  361],
