{
    "name": "random-93-16356",
    "comment": "size=93 seed=16356",
    "nodes": ["+0", "-0", "+1", "-1", "+2", "-2", "+3", "-3", "+4", "-4", "+5", "-5", "+6", "-6", "+7", "-7", "+8", "-8", "+9", "-9", "+10", "-10", "+11", "-11", "+12", "-12", "+13", "-13", "+14", "-14", "+15", "-15", "+16", "-16", "+17", "-17", "+18", "-18", "+19", "-19", "+20", "-20", "+21", "-21", "+22", "-22", "+23", "-23", "+24", "-24", "+25", "-25", "+26", "-26", "+27", "-27", "+28", "-28", "+29", "-29", "+30", "-30", "+31", "-31", "+32", "-32", "+33", "-33", "+34", "-34", "+35", "-35", "+36", "-36", "+37", "-37", "+38", "-38", "+39", "-39", "+40", "-40", "+41", "-41", "+42", "-42", "+43", "-43", "+44", "-44", "+45", "-45", "+46", "-46", "+47", "-47", "+48", "-48", "+49", "-49", "+50", "-50", "+51", "-51", "+52", "-52", "+53", "-53", "+54", "-54", "+55", "-55", "+56", "-56", "+57", "-57", "+58", "-58", "+59", "-59", "+60", "-60", "+61", "-61", "+62", "-62", "+63", "-63", "+64", "-64", "+65", "-65", "+66", "-66", "+67", "-67", "+68", "-68", "+69", "-69", "+70", "-70", "+71", "-71", "+72", "-72", "+73", "-73", "+74", "-74", "+75", "-75", "+76", "-76", "+77", "-77", "+78", "-78", "+79", "-79", "+80", "-80", "+81", "-81", "+82", "-82", "+83", "-83", "+84", "-84", "+85", "-85", "+86", "-86", "+87", "-87", "+88", "-88", "+89", "-89", "+90", "-90", "+91", "-91", "+92", "-92", "+93", "-93"],
    "precedence": {
        "+0": "-0",
        "+1": "-1",
        "+2": "-2",
        "+3": "-3",
        "+4": "-4",
        "+5": "-5",
        "+6": "-6",
        "+7": "-7",
        "+8": "-8",
        "+9": "-9",
        "+10": "-10",
        "+11": "-11",
        "+12": "-12",
        "+13": "-13",
        "+14": "-14",
        "+15": "-15",
        "+16": "-16",
        "+17": "-17",
        "+18": "-18",
        "+19": "-19",
        "+20": "-20",
        "+21": "-21",
        "+22": "-22",
        "+23": "-23",
        "+24": "-24",
        "+25": "-25",
        "+26": "-26",
        "+27": "-27",
        "+28": "-28",
        "+29": "-29",
        "+30": "-30",
        "+31": "-31",
        "+32": "-32",
        "+33": "-33",
        "+34": "-34",
        "+35": "-35",
        "+36": "-36",
        "+37": "-37",
        "+38": "-38",
        "+39": "-39",
        "+40": "-40",
        "+41": "-41",
        "+42": "-42",
        "+43": "-43",
        "+44": "-44",
        "+45": "-45",
        "+46": "-46",
        "+47": "-47",
        "+48": "-48",
        "+49": "-49",
        "+50": "-50",
        "+51": "-51",
        "+52": "-52",
        "+53": "-53",
        "+54": "-54",
        "+55": "-55",
        "+56": "-56",
        "+57": "-57",
        "+58": "-58",
        "+59": "-59",
        "+60": "-60",
        "+61": "-61",
        "+62": "-62",
        "+63": "-63",
        "+64": "-64",
        "+65": "-65",
        "+66": "-66",
        "+67": "-67",
        "+68": "-68",
        "+69": "-69",
        "+70": "-70",
        "+71": "-71",
        "+72": "-72",
        "+73": "-73",
        "+74": "-74",
        "+75": "-75",
        "+76": "-76",
        "+77": "-77",
        "+78": "-78",
        "+79": "-79",
        "+80": "-80",
        "+81": "-81",
        "+82": "-82",
        "+83": "-83",
        "+84": "-84",
        "+85": "-85",
        "+86": "-86",
        "+87": "-87",
        "+88": "-88",
        "+89": "-89",
        "+90": "-90",
        "+91": "-91",
        "+92": "-92",
        "+93": "-93"
    },
    "edges": [
        [    0,    0,  478,  173,  265,  597,  732, 1034,  299,  479,  898,  571,  687,  659,  484,  398,   66,  715,  980,  786,   81,  278,  369,  700,  517,  561,  980,  386,  796,  150,  369,  464,  452,  857,  283,  961,  436,  777,  196,  625,  838,  814,  290,  577,  752,  630,  524,  410,  792,  472,  252,  850,  312,  493,  127,  371,  654,  549, 1043,  625,  628,  500,  467,  451,  347,  264,  988,  354,  714,  287,  567,  467,  904,  870,  516,  704,  146,  594,  585,  465,  312,  825,  825,  842,  969,  592,  113,  815,  807,   77,  758,   97,  339,  225,  647,  604,  908,  164,  901,  629,  744,  649,  429,  379,  497,  265,  142,   39,  527,  339,  303,  395,  917,  729,  782,  328,  508,  883,  478,  309,  192,  694,  685,  808,  712,  944,  734,  125,  496,  953,  494,  700,  887,  803,  280,  306,  843,  756, 1060,  893,  124,  688,  642,  544,  914,  845,  449,  345,  942,  808,  188,  664,  150,  381,  524,  506,  196,  643,  684,   38,  961,  340,  406,  309,  478,  983,    5,  869,  725,  807,  888, 1088,  664,  601,  970,  612,  419,  403, 1026,  215,  519,  892,  478,  561,  734,   18,  667,  158],
        [    0,    0,    0,    0,    0,    0,    0,    0,    0,    0,    0,    0,    0,    0,    0,    0,    0,    0,    0,    0,    0,    0,    0,    0,    0,    0,    0,    0,    0,    0,    0,    0,    0,    0,    0,    0,    0,    0,    0,    0,    0,    0,    0,    0,    0,    0,    0,    0,    0,    0,    0,    0,    0,    0,    0,    0,    0,    0,    0,    0,    0,    0,    0,    0,    0,    0,    0,    0,    0,    0,    0,    0,    0,    0,    0,    0,    0,    0,    0,    0,    0,    0,    0,    0,    0,    0,    0,    0,    0,    0,    0,    0,    0,    0,    0,    0,    0,    0,    0,    0,    0,    0,    0,    0,    0,    0,    0,    0,    0,    0,    0,    0,    0,    0,    0,    0,    0,    0,    0,    0,    0,    0,    0,    0,    0,    0,    0,    0,    0,    0,    0,    0,    0,    0,    0,    0,    0,    0,    0,    0,    0,    0,    0,    0,    0,    0,    0,    0,    0,    0,    0,    0,    0,    0,    0,    0,    0,    0,    0,    0,    0,    0,    0,    0,    0,    0,    0,    0,    0,    0,    0,    0,    0,    0,    0,    0,    0,    0,    0,    0,    0,    0,    0,    0,    0,    0,    0,    0],
        [  478,    0,    0,  649,  410,  464,  529,  828,  551,  234, 1063,  116,  669,  874,  652,  561,  425,  931, 1188,  493,  398,  755,  640,  979,  574,  511,  779,  780,  449,  627,  783,  731,  448,  896,  751,  791,  447,  871,  672,  148,  987,  893,  765,  138,  998,  786,  649,  409,  615,  443,  263, 1040,  622,   31,  540,  469,  202,  325,  813,  310,  315,  150,  386,  673,  562,  507,  788,  399,  721,  705,  134,  350, 1026,  895,  332,  293,  431,  480,  732,  761,  346,  482,  810,  841,  839,  474,  572,  720,  553,  405,  534,  395,  641,  621,  218,  251, 1085,  504,  824,  922,  762,  725,  714,  109,  807,  467,  540,  500,  503,  675,  196,  635,  706,  398,  594,  162,  194,  808,  713,  174,  517,  748,  256, 1048,  497,  865,  800,  354,  547, 1149,  735,  294,  698,  697,  696,  688,  554,  977,  853,  789,  600,  628,  809,   80,  878,  620,  289,  231,  801,  623,  291,  567,  561,  765,  795,   30,  654,  436,  478,  441,  784,  745,  414,  555,  845,  741,  474,  651,  362,  899,  989,  867,  822,  207,  753,  146,  804,  128,  774,  671,  771,  986,  750,  888,  321,  479,  433,  503],
        [  173,    0,  649,    0,  365,  701,  842, 1127,  327,  625,  868,  737,  746,  625,  500,  438,  234,  676,  927,  914,  252,  107,  360,  631,  574,  646, 1075,  282,  937,   25,  250,  433,  544,  880,  118, 1047,  526,  784,   24,  795,  818,  824,  118,  741,  694,  627,  552,  511,  890,  567,  409,  812,  297,  664,  150,  448,  819,  681, 1143,  768,  770,  658,  579,  447,  377,  316, 1081,  456,  761,  184,  731,  588,  891,  898,  644,  860,  258,  694,  592,  417,  434,  962,  870,  881, 1042,  693,   90,  888,  925,  245,  871,  256,  319,  177,  808,  755,  872,  219,  962,  559,  784,  678,  395,  547,  434,  338,  165,  162,  610,  294,  467,  397, 1017,  869,  885,  500,  661,  943,  463,  481,  235,  726,  845,  749,  827, 1003,  758,  296,  559,  906,  472,  856,  983,  880,  182,  234,  967,  711, 1152,  962,   72,  761,  633,  712,  960,  953,  583,  495, 1021,  907,  359,  751,  149,  286,  480,  676,   71,  761,  798,  209, 1049,  236,  505,  336,  380, 1088,  177,  974,  871,  814,  884, 1184,  658,  759, 1069,  784,  318,  566, 1134,   86,  486,  891,  441,  478,  890,  171,  790,  214],
        [  265,    0,  410,  365,    0,  338,  479,  773,  142,  286,  707,  455,  428,  489,  275,  176,  275,  547,  815,  551,  232,  457,  231,  578,  264,  297,  719,  387,  581,  355,  399,  326,  189,  616,  425,  698,  172,  550,  382,  533,  637,  583,  456,  447,  606,  424,  296,  149,  532,  209,  163,  671,  216,  437,  217,  113,  520,  322,  784,  418,  419,  349,  214,  275,  158,  100,  726,   92,  460,  332,  437,  224,  693,  625,  283,  532,  120,  334,  372,  353,   80,  604,  570,  591,  705,  333,  277,  552,  560,  215,  506,  188,  233,  251,  496,  419,  724,  149,  639,  516,  493,  410,  306,  304,  398,   59,  204,  303,  263,  271,  224,  230,  658,  513,  524,  333,  335,  621,  314,  310,  144,  450,  527,  659,  462,  683,  496,  226,  239,  780,  335,  525,  626,  539,  323,  298,  603,  593,  798,  629,  360,  425,  443,  444,  658,  591,  230,  186,  678,  548,  233,  400,  224,  368,  390,  427,  332,  397,  434,  243,  698,  360,  144,  146,  440,  727,  264,  612,  523,  581,  668,  828,  461,  438,  710,  555,  405,  288,  771,  340,  370,  669,  344,  479,  559,  250,  425,  153],
        [  597,    0,  464,  701,  338,    0,  143,  439,  403,  231,  653,  421,  216,  529,  349,  318,  592,  575,  794,  247,  547,  786,  442,  667,  214,   94,  385,  647,  313,  692,  675,  481,  161,  443,  746,  372,  179,  444,  716,  502,  577,  457,  782,  394,  654,  417,  307,  191,  196,  137,  391,  648,  474,  494,  552,  261,  429,  145,  447,  224,  219,  319,  130,  409,  369,  394,  392,  247,  272,  630,  388,  142,  597,  438,  134,  367,  456,   22,  374,  527,  286,  324,  348,  381,  397,   17,  614,  261,  231,  535,  173,  508,  473,  562,  383,  275,  681,  483,  363,  635,  313,  313,  489,  416,  570,  365,  537,  635,  121,  523,  398,  410,  321,  260,  187,  508,  275,  347,  440,  494,  469,  318,  391,  692,  133,  406,  368,  524,  203,  750,  458,  357,  292,  240,  622,  579,  284,  616,  465,  334,  698,  166,  443,  438,  414,  253,  192,  310,  363,  212,  497,  103,  555,  625,  523,  460,  660,   90,  107,  570,  369,  638,  196,  398,  658,  389,  595,  274,  300,  467,  553,  492,  444,  330,  374,  567,  650,  361,  433,  664,  490,  548,  497,  645,  380,  584,  126,  487],
        [  732,    0,  529,  842,  479,  143,    0,  314,  544,  313,  709,  456,  266,  627,  472,  455,  723,  665,  855,  138,  678,  928,  579,  770,  336,  220,  262,  785,  228,  832,  814,  608,  303,  463,  888,  264,  321,  497,  858,  527,  635,  498,  925,  427,  746,  512,  424,  332,   87,  279,  513,  716,  614,  556,  693,  403,  436,  215,  314,  230,  224,  380,  266,  537,  508,  536,  269,  387,  317,  771,  423,  267,  639,  449,  230,  346,  594,  154,  477,  655,  421,  226,  352,  387,  313,  153,  755,  221,   94,  667,   34,  642,  612,  704,  388,  293,  739,  624,  318,  747,  352,  393,  620,  505,  695,  507,  679,  771,  254,  661,  507,  545,  191,  201,   66,  605,  336,  307,  564,  595,  611,  381,  382,  776,   33,  354,  422,  651,  332,  810,  580,  336,  173,  195,  764,  719,  154,  702,  340,  274,  837,  204,  536,  483,  390,  113,  301,  423,  273,   95,  618,  147,  697,  762,  644,  517,  802,   99,   54,  704,  258,  778,  338,  539,  789,  251,  731,  139,  255,  513,  590,  363,  532,  350,  243,  602,  785,  449,  294,  806,  610,  582,  622,  766,  347,  720,   97,  629],
        [ 1034,    0,  828, 1127,  773,  439,  314,    0,  810,  624,  744,  741,  416,  764,  687,  705, 1030,  781,  885,  345,  985, 1204,  820,  906,  568,  482,   54, 1021,  422, 1121, 1056,  818,  586,  474, 1157,   94,  603,  566, 1140,  799,  688,  544, 1197,  711,  857,  659,  629,  625,  243,  564,  824,  778,  868,  853,  980,  680,  698,  527,   53,  519,  513,  683,  569,  756,  765,  813,   47,  681,  434, 1029,  709,  576,  655,  448,  544,  591,  892,  440,  647,  864,  724,  395,  378,  400,  159,  442, 1043,  267,  276,  973,  299,  947,  859,  973,  654,  580,  776,  910,  263,  906,  443,  540,  841,  816,  896,  791,  964, 1073,  518,  906,  821,  781,  124,  445,  255,  917,  641,  270,  771,  907,  893,  502,  634,  869,  342,  256,  515,  961,  577,  842,  781,  583,  147,  263, 1023,  971,  290,  805,   26,  220, 1131,  379,  678,  772,  338,  210,  614,  736,  144,  228,  930,  377,  979,  999,  833,  812, 1079,  412,  367, 1008,   86, 1025,  629,  802, 1001,  104, 1032,  179,  495,  565,  605,   60,  663,  632,   76,  879, 1013,  760,  107, 1080,  802,  593,  827,  951,  579, 1021,  403,  916],
        [  299,    0,  551,  327,  142,  403,  544,  810,    0,  414,  606,  594,  419,  373,  186,  111,  336,  431,  700,  640,  304,  395,   92,  445,  248,  333,  758,  258,  684,  326,  278,  192,  243,  564,  348,  726,  226,  479,  337,  673,  542,  517,  388,  585,  480,  332,  230,  228,  579,  268,  298,  562,   80,  577,  193,  144,  656,  430,  830,  533,  533,  485,  301,  157,   51,   47,  764,  190,  435,  227,  575,  326,  607,  579,  389,  658,  177,  391,  287,  213,  214,  704,  544,  557,  717,  392,  254,  562,  634,  284,  576,  263,   92,  164,  628,  544,  618,  136,  635,  380,  459,  358,  167,  445,  258,   84,  174,  333,  296,  135,  363,  103,  705,  619,  577,  465,  467,  617,  190,  441,  108,  404,  658,  535,  535,  676,  441,  316,  235,  669,  210,  651,  668,  556,  220,  178,  684,  475,  834,  637,  350,  437,  346,  584,  635,  650,  350,  326,  697,  597,  345,  434,  183,  238,  257,  569,  272,  479,  508,  295,  729,  240,  221,   11,  300,  781,  300,  667,  637,  510,  590,  868,  367,  569,  756,  696,  271,  429,  826,  271,  241,  594,  209,  338,  683,  282,  512,  142],
        [  479,    0,  234,  625,  286,  231,  313,  624,  414,    0,  846,  209,  437,  677,  461,  384,  452,  731,  978,  319,  410,  725,  490,  797,  359,  281,  573,  669,  318,  609,  684,  565,  237,  664,  702,  576,  242,  647,  645,  295,  769,  666,  729,  190,  804,  579,  445,  211,  395,  225,  231,  829,  493,  264,  485,  291,  250,   99,  618,  146,  149,   95,  165,  498,  406,  381,  581,  228,  490,  617,  180,  126,  802,  662,   98,  247,  369,  247,  526,  603,  207,  347,  576,  608,  615,  241,  537,  489,  360,  405,  326,  383,  504,  536,  217,  134,  870,  426,  593,  749,  531,  503,  558,  193,  650,  340,  476,  514,  278,  548,  205,  473,  500,  251,  376,  293,   58,  577,  536,  284,  426,  521,  244,  850,  283,  635,  573,  374,  334,  936,  558,  240,  485,  467,  608,  583,  380,  776,  650,  560,  599,  395,  603,  217,  645,  417,   71,  136,  579,  406,  327,  334,  498,  650,  623,  232,  605,  215,  260,  445,  570,  645,  217,  414,  711,  549,  477,  446,  247,  673,  762,  670,  612,  157,  551,  347,  684,  137,  588,  616,  595,  759,  584,  732,  273,  472,  222,  428],
        [  898,    0, 1063,  868,  707,  653,  709,  744,  606,  846,    0, 1054,  447,  244,  434,  532,  941,  194,  147,  845,  910,  880,  530,  284,  490,  573,  719,  611,  936,  879,  653,  439,  616,  272,  817,  658,  616,  212,  865, 1139,   78,  214,  861, 1031,  206,  284,  419,  655,  661,  622,  864,   67,  589, 1094,  778,  610, 1077,  787,  793,  877,  872,  940,  682,  450,  564,  648,  719,  676,  393,  689, 1023,  721,   92,  297,  759, 1020,  782,  632,  338,  452,  738,  934,  381,  351,  586,  638,  826,  522,  784,  889,  736,  868,  563,  699, 1033,  925,   33,  737,  483,  340,  357,  345,  477,  977,  440,  668,  761,  929,  570,  577,  915,  505,  724,  899,  680, 1033,  901,  479,  421, 1010,  708,  336, 1044,  175,  729,  490,  289,  919,  517,  102,  405, 1010,  682,  543,  690,  635,  846,  167,  755,  532,  918,  508,  265, 1062,  407,  740,  780,  843,  604,  673,  938,  574,  759,  597,  389, 1069,  798,  732,  721,  899,  671,  647,  651,  597,  527,  794,  900,  729,  946,  197,  140,  794,  247,  976,  746, 1191,  580,  938,  829,  785,  385,  153,  429,  426, 1031,  882,  763,  743],
        [  571,    0,  116,  737,  455,  421,  456,  741,  594,  209, 1054,    0,  635,  884,  666,  583,  523,  939, 1186,  398,  491,  843,  678, 1001,  568,  485,  695,  839,  343,  716,  846,  762,  445,  863,  833,  713,  449,  852,  759,   86,  977,  870,  851,   30, 1011,  787,  653,  415,  543,  434,  334, 1037,  670,  127,  617,  489,   88,  277,  721,  227,  233,  116,  373,  698,  596,  554,  703,  421,  690,  772,   34,  334, 1008,  858,  297,  179,  501,  439,  735,  796,  381,  376,  768,  801,  768,  433,  656,  663,  466,  495,  456,  481,  686,  688,  104,  164, 1078,  571,  766,  949,  731,  710,  750,  193,  843,  513,  613,  596,  485,  726,  271,  667,  622,  300,  520,  272,  153,  752,  737,  280,  580,  726,  141, 1057,  424,  805,  778,  447,  543, 1145,  759,  182,  619,  639,  763,  748,  458,  984,  764,  726,  694,  586,  812,   38,  828,  536,  278,  270,  729,  549,  386,  521,  635,  821,  822,   88,  735,  373,  409,  533,  704,  808,  421,  597,  894,  648,  567,  568,  258,  878,  967,  775,  820,  110,  665,  148,  858,  175,  678,  750,  796,  963,  781,  925,  207,  569,  361,  571],
        [  687,    0,  669,  746,  428,  216,  266,  416,  419,  437,  447,  635,    0,  372,  273,  309,  702,  404,  591,  403,  659,  810,  412,  517,  173,  160,  370,  608,  491,  743,  644,  403,  254,  229,  758,  325,  266,  235,  755,  718,  372,  242,  800,  609,  485,  258,  215,  303,  237,  245,  540,  451,  465,  699,  606,  317,  644,  359,  448,  437,  432,  529,  290,  342,  370,  434,  375,  350,   56,  625,  602,  322,  384,  226,  340,  577,  542,  196,  236,  448,  412,  491,  148,  175,  301,  203,  669,  151,  350,  642,  296,  616,  452,  579,  598,  490,  476,  539,  217,  504,   98,  135,  427,  605,  481,  424,  588,  725,  179,  497,  567,  372,  338,  452,  250,  686,  486,  198,  356,  668,  517,  116,  605,  512,  284,  259,  158,  648,  192,  547,  365,  567,  295,  153,  619,  565,  412,  439,  438,  220,  763,   63,  281,  650,  232,  322,  382,  481,  287,  253,  639,  127,  600,  586,  420,  668,  689,  288,  275,  669,  331,  615,  303,  410,  585,  418,  687,  321,  500,  254,  339,  475,  272,  545,  380,  780,  598,  555,  462,  687,  387,  333,  412,  540,  587,  671,  318,  545],
        [  659,    0,  874,  625,  489,  529,  627,  764,  373,  677,  244,  884,  372,    0,  222,  317,  704,   59,  328,  760,  675,  642,  291,  146,  325,  437,  725,  376,  839,  636,  419,  197,  441,  334,  579,  671,  436,  220,  623,  969,  196,  257,  624,  866,  128,  115,  233,  470,  608,  455,  650,  192,  347,  904,  537,  406,  922,  640,  804,  741,  738,  768,  516,  217,  336,  417,  728,  476,  336,  449,  857,  554,  272,  361,  605,  885,  549,  508,  156,  210,  533,  845,  393,  381,  620,  513,  583,  502,  716,  655,  659,  635,  321,  456,  883,  779,  250,  499,  513,  147,  322,  238,  234,  778,  205,  442,  520,  689,  420,  334,  707,  270,  705,  789,  620,  821,  735,  500,  183,  798,  470,  265,  901,  175,  637,  539,  251,  689,  347,  297,  165,  876,  661,  514,  448,  393,  778,  105,  782,  546,  675,  430,   92,  886,  464,  693,  607,  645,  623,  624,  714,  480,  517,  361,  147,  885,  556,  618,  621,  662,  681,  409,  464,  364,  304,  784,  661,  692,  828,  239,  278,  821,  102,  823,  741, 1011,  349,  747,  826,  543,  142,  288,  186,  215,  902,  642,  653,  504],
        [  484,    0,  652,  500,  275,  349,  472,  687,  186,  461,  434,  666,  273,  222,    0,   99,  518,  279,  543,  594,  483,  550,  145,  337,  137,  257,  639,  335,  660,  502,  372,  137,  228,  382,  494,  597,  221,  293,  505,  751,  365,  331,  538,  649,  346,  151,   59,  251,  481,  247,  433,  397,  204,  682,  376,  185,  709,  436,  716,  541,  538,  551,  305,   70,  138,  222,  644,  254,  272,  358,  640,  342,  425,  399,  398,  682,  354,  330,  102,  184,  312,  672,  375,  383,  572,  334,  434,  424,  566,  463,  506,  440,  187,  325,  672,  571,  450,  321,  478,  293,  288,  180,  155,  557,  224,  236,  358,  519,  229,  228,  488,  105,  598,  603,  486,  603,  519,  461,   92,  580,  294,  228,  693,  396,  474,  516,  259,  489,  147,  507,  110,  673,  557,  424,  354,  297,  624,  325,  709,  490,  531,  310,  169,  666,  465,  562,  391,  424,  559,  498,  505,  334,  364,  313,  175,  664,  437,  437,  452,  478,  602,  344,  245,  176,  320,  678,  485,  570,  635,  324,  405,  746,  188,  612,  645,  791,  327,  525,  723,  431,  143,  409,  150,  297,  702,  467,  473,  327],
        [  398,    0,  561,  438,  176,  318,  455,  705,  111,  384,  532,  583,  309,  317,   99,    0,  427,  375,  641,  562,  389,  503,  125,  420,  139,  236,  655,  331,  617,  436,  360,  182,  169,  460,  453,  620,  155,  383,  447,  667,  463,  419,  494,  569,  438,  249,  128,  175,  481,  192,  335,  496,  163,  590,  301,   94,  633,  375,  728,  481,  479,  469,  241,  116,   62,  134,  660,  164,  325,  325,  559,  274,  521,  474,  335,  617,  262,  302,  198,  223,  217,  634,  435,  449,  608,  305,  363,  454,  547,  370,  487,  345,  158,  271,  599,  503,  549,  239,  524,  367,  350,  252,  179,  462,  269,  140,  283,  434,  202,  207,  390,   96,  605,  556,  481,  505,  441,  506,  154,  482,  214,  298,  624,  490,  449,  566,  337,  392,  130,  606,  176,  608,  566,  449,  318,  268,  601,  421,  729,  527,  459,  329,  268,  580,  525,  556,  314,  331,  589,  498,  407,  333,  293,  309,  240,  574,  381,  401,  424,  388,  623,  325,  168,  102,  345,  682,  398,  569,  581,  414,  498,  764,  286,  539,  655,  702,  333,  434,  728,  379,  213,  501,  201,  350,  639,  381,  436,  245],
        [   66,    0,  425,  234,  275,  592,  723, 1030,  336,  452,  941,  523,  702,  704,  518,  427,    0,  761, 1029,  766,   45,  337,  414,  754,  536,  566,  977,  448,  769,  210,  432,  512,  458,  884,  347,  961,  443,  809,  257,  572,  878,  845,  351,  531,  802,  667,  554,  412,  788,  475,  222,  895,  361,  437,  185,  386,  609,  529, 1036,  598,  600,  461,  462,  492,  381,  297,  984,  358,  733,  350,  523,  457,  941,  895,  500,  666,  166,  592,  619,  517,  307,  798,  843,  863,  975,  590,  178,  823,  793,   60,  746,   87,  387,  284,  605,  571,  952,  206,  913,  684,  765,  676,  478,  331,  551,  288,  197,   76,  535,  393,  262,  437,  910,  703,  777,  271,  475,  894,  522,  253,  234,  719,  643,  858,  701,  957,  762,   79,  513, 1000,  540,  662,  883,  809,  343,  366,  824,  804, 1056,  901,  177,  697,  681,  495,  931,  836,  431,  317,  946,  803,  138,  667,  209,  442,  574,  453,  260,  631,  673,   44,  960,  403,  410,  346,  538,  973,   62,  861,  694,  840,  922, 1083,  703,  563,  963,  555,  481,  362, 1016,  280,  566,  926,  527,  618,  696,   76,  651,  201],
        [  715,    0,  931,  676,  547,  575,  665,  781,  431,  731,  194,  939,  404,   59,  279,  375,  761,    0,  270,  800,  733,  687,  348,  128,  376,  483,  745,  418,  881,  687,  460,  251,  494,  331,  624,  689,  490,  221,  672, 1024,  160,  253,  668,  920,   82,  158,  286,  525,  639,  507,  709,  137,  403,  961,  592,  464,  975,  690,  823,  790,  786,  823,  568,  276,  395,  476,  747,  533,  363,  496,  911,  607,  237,  359,  656,  934,  607,  553,  206,  260,  591,  886,  405,  388,  632,  558,  637,  525,  752,  712,  696,  692,  377,  508,  935,  829,  197,  556,  524,  159,  343,  272,  288,  836,  247,  501,  575,  744,  469,  386,  765,  328,  730,  833,  653,  879,  789,  513,  241,  856,  528,  292,  952,  120,  677,  546,  267,  747,  399,  239,  222,  925,  686,  539,  496,  443,  814,   47,  797,  561,  727,  464,  133,  941,  467,  724,  661,  703,  638,  654,  772,  519,  572,  404,  197,  941,  606,  662,  662,  719,  699,  454,  520,  422,  337,  808,  717,  721,  874,  233,  253,  837,  133,  875,  764, 1067,  387,  803,  849,  592,  197,  265,  239,  240,  950,  698,  697,  561],
        [  980,    0, 1188,  927,  815,  794,  855,  885,  700,  978,  147, 1186,  591,  328,  543,  641, 1029,  270,    0,  992, 1001,  922,  616,  300,  619,  710,  863,  653, 1081,  940,  693,  517,  744,  417,  860,  801,  743,  358,  920, 1272,  220,  360,  902, 1165,  233,  403,  540,  780,  808,  753,  975,  150,  669, 1219,  856,  726, 1214,  924,  935, 1017, 1013, 1072,  814,  545,  664,  745,  862,  794,  538,  743, 1157,  853,  231,  441,  895, 1161,  876,  772,  457,  518,  855, 1080,  527,  496,  727,  779,  897,  669,  931,  981,  882,  961,  643,  768, 1171, 1063,  116,  823,  627,  370,  503,  482,  552, 1098,  494,  770,  840, 1008,  704,  646, 1030,  597,  869, 1043,  827, 1146, 1034,  623,  510, 1123,  795,  479, 1183,  178,  874,  630,  434, 1016,  645,   46,  491, 1151,  828,  690,  745,  696,  993,  226,  895,  676,  983,  653,  380, 1193,  547,  887,  910,  964,  747,  820, 1042,  718,  835,  644,  457, 1197,  857,  875,  865,  986,  814,  695,  775,  691,  560,  939,  983,  876, 1089,  344,  282,  933,  368, 1113,  890, 1321,  619, 1062,  973,  841,  463,  294,  503,  456, 1173,  964,  907,  829],
        [  786,    0,  493,  914,  551,  247,  138,  345,  640,  319,  845,  398,  403,  760,  594,  562,  766,  800,  992,    0,  722, 1007,  687,  902,  458,  338,  302,  890,   96,  901,  916,  727,  398,  595,  973,  331,  415,  634,  932,  455,  772,  634, 1006,  369,  881,  645,  549,  415,  197,  374,  546,  853,  714,  515,  767,  496,  355,  238,  323,  187,  182,  354,  342,  655,  610,  624,  309,  464,  454,  865,  368,  327,  775,  580,  271,  249,  658,  265,  608,  773,  481,   89,  483,  518,  400,  261,  825,  345,   78,  715,  110,  691,  716,  792,  310,  242,  876,  700,  432,  876,  489,  529,  735,  498,  816,  590,  754,  822,  367,  765,  523,  656,  231,  101,  174,  601,  319,  424,  685,  596,  691,  518,  292,  912,  123,  462,  559,  689,  448,  946,  703,  241,  240,  320,  857,  817,   63,  838,  368,  382,  899,  341,  670,  431,  511,  150,  337,  450,  359,  192,  646,  282,  774,  868,  768,  474,  882,  162,  143,  754,  320,  879,  421,  636,  904,  251,  783,  181,  152,  649,  725,  377,  667,  290,  270,  535,  895,  444,  282,  889,  735,  716,  742,  890,  241,  776,  129,  704],
        [   81,    0,  398,  252,  232,  547,  678,  985,  304,  410,  910,  491,  659,  675,  483,  389,   45,  733, 1001,  722,    0,  358,  386,  732,  495,  522,  932,  440,  727,  230,  428,  486,  414,  844,  360,  916,  399,  772,  275,  545,  845,  807,  369,  498,  777,  633,  516,  368,  743,  431,  180,  865,  337,  413,  174,  344,  575,  486,  991,  556,  558,  423,  417,  461,  347,  262,  939,  313,  691,  346,  489,  412,  907,  855,  456,  628,  129,  547,  584,  494,  262,  756,  801,  822,  930,  545,  183,  779,  749,   21,  702,   45,  363,  273,  569,  531,  922,  180,  869,  662,  724,  637,  454,  299,  531,  250,  183,  107,  491,  373,  225,  406,  866,  661,  732,  250,  435,  851,  493,  230,  208,  679,  607,  832,  656,  913,  723,   45,  471,  971,  511,  625,  838,  765,  338,  353,  780,  776, 1011,  857,  204,  653,  648,  464,  889,  791,  387,  275,  902,  758,  108,  623,  199,  431,  549,  425,  267,  586,  628,   44,  915,  396,  365,  313,  526,  928,   77,  816,  653,  803,  886, 1038,  669,  525,  919,  532,  471,  326,  971,  286,  539,  889,  502,  600,  658,   82,  607,  176],
        [  278,    0,  755,  107,  457,  786,  928, 1204,  395,  725,  880,  843,  810,  642,  550,  503,  337,  687,  922, 1007,  358,    0,  406,  624,  641,  725, 1152,  271, 1034,  129,  231,  461,  627,  924,   64, 1121,  609,  821,   84,  901,  838,  862,   24,  846,  693,  663,  606,  598,  971,  650,  513,  820,  347,  770,  242,  527,  924,  777, 1223,  867,  868,  762,  668,  490,  442,  393, 1158,  545,  820,  198,  836,  680,  913,  943,  739,  963,  357,  777,  634,  434,  529, 1059,  925,  933, 1110,  777,  190,  956, 1014,  351,  958,  362,  364,  232,  912,  857,  880,  308, 1024,  554,  838,  729,  423,  653,  440,  422,  254,  264,  688,  327,  572,  445, 1097,  967,  967,  606,  763, 1006,  497,  587,  318,  777,  949,  746,  914, 1063,  804,  402,  629,  906,  502,  958, 1061,  951,  200,  258, 1058,  717, 1228, 1029,  165,  831,  664,  818, 1014, 1038,  680,  597, 1091,  988,  465,  828,  234,  283,  496,  782,  127,  851,  886,  315, 1123,  234,  592,  403,  364, 1171,  282, 1056,  971,  849,  912, 1262,  689,  862, 1149,  889,  305,  671, 1216,  124,  509,  920,  465,  468,  992,  277,  881,  304],
        [  369,    0,  640,  360,  231,  442,  579,  820,   92,  490,  530,  678,  412,  291,  145,  125,  414,  348,  616,  687,  386,  406,    0,  353,  253,  360,  770,  207,  740,  365,  238,  101,  291,  522,  350,  732,  276,  425,  364,  759,  471,  465,  394,  667,  392,  270,  201,  289,  601,  315,  389,  481,   63,  667,  250,  202,  736,  493,  845,  599,  597,  567,  360,   88,   84,  139,  776,  263,  416,  215,  657,  389,  540,  540,  452,  730,  263,  427,  233,  122,  298,  757,  519,  527,  712,  429,  302,  561,  671,  366,  611,  347,   43,  184,  706,  616,  539,  209,  621,  288,  432,  324,   75,  535,  167,  175,  232,  400,  326,   87,  454,   40,  724,  677,  603,  557,  545,  604,  110,  533,  180,  372,  733,  447,  574,  660,  400,  403,  250,  586,  126,  722,  684,  559,  210,  154,  726,  390,  843,  631,  397,  442,  278,  670,  609,  678,  423,  413,  697,  619,  435,  453,  233,  184,  166,  657,  294,  525,  549,  372,  736,  205,  282,   86,  224,  802,  371,  691,  701,  455,  528,  879,  302,  646,  772,  785,  209,  517,  848,  288,  153,  534,  118,  249,  754,  352,  560,  214],
        [  700,    0,  979,  631,  578,  667,  770,  906,  445,  797,  284, 1001,  517,  146,  337,  420,  754,  128,  300,  902,  732,  624,  353,    0,  458,  574,  868,  354,  979,  646,  394,  254,  564,  459,  561,  813,  557,  348,  624, 1085,  275,  381,  603,  985,   78,  260,  363,  587,  753,  581,  739,  218,  396, 1008,  574,  513, 1046,  770,  947,  873,  870,  886,  641,  306,  421,  491,  871,  583,  481,  447,  975,  678,  349,  487,  733, 1016,  614,  646,  295,  238,  634,  986,  531,  516,  759,  651,  608,  646,  860,  712,  802,  695,  370,  480, 1009,  907,  273,  552,  651,   73,  465,  382,  281,  878,  204,  524,  559,  725,  554,  362,  801,  348,  849,  926,  765,  908,  855,  639,  267,  884,  525,  410, 1029,  124,  779,  673,  391,  753,  476,  286,  245, 1007,  805,  658,  450,  404,  922,  124,  923,  686,  691,  575,  237,  999,  595,  838,  727,  749,  763,  769,  788,  623,  551,  346,  188,  993,  562,  756,  762,  711,  823,  397,  581,  438,  261,  928,  703,  837,  963,  361,  373,  962,  246,  948,  885, 1121,  320,  853,  970,  545,  209,  386,  236,  157, 1035,  684,  792,  557],
        [  517,    0,  574,  574,  264,  214,  336,  568,  248,  359,  490,  568,  173,  325,  137,  139,  536,  376,  619,  458,  495,  641,  253,  458,    0,  121,  518,  458,  526,  571,  491,  272,  126,  354,  592,  482,  128,  303,  584,  653,  414,  331,  633,  547,  452,  221,   95,  168,  350,  134,  396,  470,  300,  604,  433,  151,  600,  315,  593,  417,  414,  453,  195,  202,  200,  262,  524,  200,  198,  462,  539,  234,  456,  363,  281,  560,  374,  194,  170,  319,  265,  537,  308,  328,  469,  198,  496,  315,  430,  477,  369,  451,  291,  410,  559,  454,  513,  367,  389,  423,  230,  156,  286,  491,  360,  253,  416,  556,   96,  339,  436,  216,  471,  471,  353,  556,  416,  371,  229,  536,  345,  190,  577,  495,  337,  431,  239,  488,   28,  578,  246,  551,  431,  310,  455,  404,  488,  420,  592,  389,  591,  191,  246,  574,  397,  429,  291,  358,  450,  368,  488,  202,  428,  435,  311,  580,  519,  303,  316,  502,  486,  458,  165,  239,  454,  550,  517,  439,  506,  332,  422,  627,  253,  500,  520,  702,  454,  449,  595,  518,  278,  421,  287,  433,  578,  501,  339,  373],
        [  561,    0,  511,  646,  297,   94,  220,  482,  333,  281,  573,  485,  160,  437,  257,  236,  566,  483,  710,  338,  522,  725,  360,  574,  121,    0,  429,  566,  407,  640,  596,  391,  109,  385,  680,  403,  125,  368,  660,  570,  496,  386,  719,  461,  562,  326,  214,  155,  247,   93,  387,  563,  398,  542,  499,  199,  505,  215,  499,  309,  305,  375,  131,  319,  292,  332,  435,  209,  210,  557,  454,  163,  523,  385,  189,  453,  416,   74,  281,  437,  264,  417,  306,  335,  409,   78,  562,  257,  313,  507,  253,  480,  394,  496,  461,  353,  599,  430,  351,  542,  252,  229,  401,  445,  479,  310,  483,  600,   37,  443,  410,  325,  373,  353,  246,  527,  334,  333,  348,  510,  412,  242,  474,  601,  218,  395,  293,  506,  113,  667,  366,  443,  337,  243,  550,  503,  370,  526,  507,  335,  652,  134,  351,  497,  385,  320,  224,  323,  382,  265,  490,  105,  498,  544,  431,  512,  599,  184,  196,  539,  404,  561,  157,  326,  570,  448,  560,  335,  392,  393,  482,  539,  354,  404,  425,  627,  566,  396,  494,  601,  398,  478,  406,  553,  468,  547,  219,  435],
        [  980,    0,  779, 1075,  719,  385,  262,   54,  758,  573,  719,  695,  370,  725,  639,  655,  977,  745,  863,  302,  932, 1152,  770,  868,  518,  429,    0,  972,  384, 1068, 1007,  771,  533,  448, 1106,   63,  550,  534, 1088,  755,  660,  515, 1146,  665,  823,  618,  582,  572,  189,  511,  771,  749,  817,  805,  927,  628,  656,  475,   79,  471,  465,  633,  515,  708,  714,  761,    9,  628,  392,  979,  663,  523,  633,  423,  491,  550,  838,  387,  604,  818,  671,  359,  346,  371,  144,  389,  990,  225,  230,  919,  248,  893,  809,  922,  610,  532,  752,  858,  237,  866,  404,  497,  794,  765,  851,  738,  911, 1019,  465,  856,  768,  732,   74,  401,  202,  866,  591,  242,  725,  856,  841,  462,  593,  837,  290,  239,  478,  907,  526,  819,  735,  542,   94,  217,  972,  921,  252,  771,   80,  189, 1078,  330,  638,  725,  318,  160,  561,  683,  117,  174,  877,  325,  927,  950,  789,  765, 1027,  360,  315,  954,   49,  975,  576,  751,  955,   86,  979,  129,  453,  535,  582,  110,  624,  586,   38,  834,  965,  708,  111, 1028,  757,  570,  781,  908,  540,  967,  352,  863],
        [  386,    0,  780,  282,  387,  647,  785, 1021,  258,  669,  611,  839,  608,  376,  335,  331,  448,  418,  653,  890,  440,  271,  207,  354,  458,  566,  972,    0,  940,  299,   44,  214,  493,  679,  208,  931,  477,  570,  272,  913,  572,  611,  251,  832,  423,  414,  393,  484,  806,  517,  518,  550,  179,  804,  266,  397,  906,  687, 1048,  790,  790,  735,  556,  266,  281,  289,  977,  447,  604,  102,  822,  582,  648,  702,  646,  914,  354,  632,  397,  176,  465,  958,  699,  701,  905,  635,  278,  758,  877,  422,  817,  415,  175,  168,  881,  800,  609,  280,  809,  284,  613,  503,  183,  672,  172,  330,  258,  400,  532,  126,  585,  242,  928,  875,  809,  666,  720,  792,  259,  642,  264,  549,  912,  476,  779,  845,  566,  473,  456,  636,  256,  907,  888,  759,  108,   92,  931,  447, 1043,  824,  346,  643,  411,  825,  785,  884,  607,  569,  894,  824,  525,  658,  242,   23,  233,  802,  215,  728,  754,  407,  937,   48,  477,  259,   99, 1007,  389,  896,  894,  597,  652, 1080,  435,  823,  976,  926,   37,  667, 1052,  197,  252,  660,  212,  199,  940,  373,  763,  282],
        [  796,    0,  449,  937,  581,  313,  228,  422,  684,  318,  936,  343,  491,  839,  660,  617,  769,  881, 1081,   96,  727, 1034,  740,  979,  526,  407,  384,  940,    0,  922,  962,  790,  450,  689, 1005,  419,  465,  724,  956,  387,  861,  726, 1035,  315,  962,  725,  620,  457,  293,  426,  548,  941,  762,  467,  792,  543,  285,  259,  392,  172,  169,  326,  384,  718,  660,  663,  391,  500,  543,  906,  317,  361,  867,  674,  299,  174,  679,  334,  684,  835,  506,   34,  577,  613,  492,  329,  848,  440,  172,  722,  204,  700,  766,  829,  245,  207,  965,  728,  528,  948,  579,  612,  795,  475,  879,  625,  782,  831,  432,  815,  515,  712,  317,   68,  269,  576,  300,  519,  750,  574,  723,  605,  219,  996,  208,  557,  648,  691,  513, 1036,  769,  168,  331,  415,  897,  862,  133,  921,  442,  477,  915,  429,  750,  379,  607,  242,  354,  453,  451,  288,  641,  366,  802,  918,  835,  426,  910,  224,  219,  762,  407,  924,  464,  682,  962,  321,  794,  271,   87,  740,  818,  446,  748,  242,  349,  468,  947,  424,  344,  919,  802,  809,  806,  955,  159,  788,  188,  731],
        [  150,    0,  627,   25,  355,  692,  832, 1121,  326,  609,  879,  716,  743,  636,  502,  436,  210,  687,  940,  901,  230,  129,  365,  646,  571,  640, 1068,  299,  922,    0,  269,  442,  536,  883,  142, 1041,  518,  789,   48,  773,  827,  829,  142,  721,  708,  633,  553,  501,  882,  558,  390,  823,  302,  642,  141,  441,  799,  667, 1135,  753,  754,  639,  568,  452,  377,  311, 1074,  446,  761,  200,  711,  576,  899,  900,  631,  842,  244,  685,  597,  428,  420,  948,  870,  882, 1038,  685,   78,  884,  914,  223,  860,  236,  325,  183,  789,  738,  883,  211,  960,  574,  784,  680,  403,  526,  447,  330,  158,  137,  604,  303,  446,  400, 1009,  854,  876,  477,  643,  941,  469,  458,  229,  728,  826,  763,  816, 1001,  760,  274,  555,  919,  480,  838,  975,  875,  197,  245,  955,  723, 1146,  959,   49,  756,  640,  691,  960,  944,  569,  477, 1016,  899,  337,  744,  144,  302,  491,  654,   85,  750,  788,  187, 1043,  253,  496,  335,  397, 1080,  154,  965,  855,  819,  891, 1177,  664,  740, 1061,  761,  335,  546, 1124,  103,  495,  897,  451,  494,  872,  149,  778,  206],
        [  369,    0,  783,  250,  399,  675,  814, 1056,  278,  684,  653,  846,  644,  419,  372,  360,  432,  460,  693,  916,  428,  231,  238,  394,  491,  596, 1007,   44,  962,  269,    0,  255,  518,  721,  168,  967,  501,  613,  238,  919,  615,  654,  210,  842,  463,  456,  430,  506,  839,  543,  520,  592,  202,  805,  256,  421,  917,  707, 1083,  809,  809,  745,  579,  304,  307,  304, 1012,  465,  642,   83,  831,  603,  691,  743,  666,  930,  353,  661,  438,  219,  478,  982,  739,  742,  943,  663,  258,  795,  905,  412,  846,  407,  203,  163,  894,  816,  651,  280,  848,  324,  653,  542,  223,  674,  215,  345,  250,  379,  561,  153,  588,  276,  962,  897,  840,  662,  733,  831,  299,  639,  268,  589,  925,  516,  807,  884,  607,  464,  487,  677,  298,  923,  921,  794,   91,  102,  958,  489, 1079,  862,  317,  678,  453,  831,  826,  915,  623,  578,  931,  857,  518,  691,  231,   62,  276,  805,  187,  754,  781,  393,  972,   40,  499,  281,  134, 1040,  372,  928,  914,  639,  695, 1115,  478,  836, 1010,  928,   75,  673, 1085,  167,  295,  703,  254,  238,  956,  357,  788,  281],
        [  464,    0,  731,  433,  326,  481,  608,  818,  192,  565,  439,  762,  403,  197,  137,  182,  512,  251,  517,  727,  486,  461,  101,  254,  272,  391,  771,  214,  790,  442,  255,    0,  346,  468,  400,  727,  334,  362,  433,  844,  386,  403,  445,  748,  292,  204,  191,  357,  617,  368,  486,  387,  152,  759,  341,  274,  814,  555,  849,  661,  659,  648,  421,   73,  170,  238,  776,  342,  393,  264,  739,  455,  458,  489,  515,  798,  364,  463,  184,   47,  386,  804,  486,  488,  696,  466,  387,  553,  701,  466,  641,  447,  126,  261,  781,  685,  446,  307,  597,  192,  400,  290,   39,  628,   90,  271,  324,  493,  361,  140,  549,   97,  733,  730,  622,  655,  622,  581,   48,  631,  279,  336,  805,  347,  608,  632,  353,  503,  279,  489,   43,  790,  691,  555,  262,  204,  760,  292,  840,  615,  480,  445,  204,  757,  572,  698,  496,  502,  687,  634,  536,  471,  321,  193,   66,  747,  364,  569,  586,  469,  733,  234,  350,  184,  185,  813,  466,  706,  759,  390,  453,  877,  229,  720,  779,  875,  199,  606,  858,  353,   55,  461,   19,  168,  820,  448,  605,  312],
