{
    "name": "random-40-18453",
    "comment": "size=40 seed=18453",
    "nodes": ["+0", "-0", "+1", "-1", "+2", "-2", "+3", "-3", "+4", "-4", "+5", "-5", "+6", "-6", "+7", "-7", "+8", "-8", "+9", "-9", "+10", "-10", "+11", "-11", "+12", "-12", "+13", "-13", "+14", "-14", "+15", "-15", "+16", "-16", "+17", "-17", "+18", "-18", "+19", "-19", "+20", "-20", "+21", "-21", "+22", "-22", "+23", "-23", "+24", "-24", "+25", "-25", "+26", "-26", "+27", "-27", "+28", "-28", "+29", "-29", "+30", "-30", "+31", "-31", "+32", "-32", "+33", "-33", "+34", "-34", "+35", "-35", "+36", "-36", "+37", "-37", "+38", "-38", "+39", "-39", "+40", "-40"],
    "precedence": {
        "+0": "-0",
        "+1": "-1",
        "+2": "-2",
        "+3": "-3",
        "+4": "-4",
        "+5": "-5",
        "+6": "-6",
        "+7": "-7",
        "+8": "-8",
        "+9": "-9",
        "+10": "-10",
        "+11": "-11",
        "+12": "-12",
        "+13": "-13",
        "+14": "-14",
        "+15": "-15",
        "+16": "-16",
        "+17": "-17",
        "+18": "-18",
        "+19": "-19",
        "+20": "-20",
        "+21": "-21",
        "+22": "-22",
        "+23": "-23",
        "+24": "-24",
        "+25": "-25",
        "+26": "-26",
        "+27": "-27",
        "+28": "-28",
        "+29": "-29",
        "+30": "-30",
        "+31": "-31",
        "+32": "-32",
        "+33": "-33",
        "+34": "-34",
        "+35": "-35",
        "+36": "-36",
        "+37": "-37",
        "+38": "-38",
        "+39": "-39",
        "+40": "-40"
    },
    "edges": [
        [    0,    0,  202,  356,  434,  562,  388,  602,  200,  427,  431,  251,  372,  434,  426,  251,  304,  196,  217,   50,  562,  392,  345,  427,  406,  597,  535,  159,  627,  262,  277,  482,  524,  462,  387,  222,  519,  451,  465,  479,  608,  562,  259,  564,  351,  567,  510,  325,  484,  461,  386,  467,  412,  317,  160,  483,  382,  418,  475,  520,  139,  435,  442,  294,  746,  315,  400,  278,  305,  537,  573,  233,  454,  308,  365,  347,  234,  424,  421,  486,  426,  332],
        [    0,    0,  202,  356,  434,  562,  388,  602,  200,  427,  431,  251,  372,  434,  426,  251,  304,  196,  217,   50,  562,  392,  345,  427,  406,  597,  535,  159,  627,  262,  277,  482,  524,  462,  387,  222,  519,  451,  465,  479,  608,  562,  259,  564,  351,  567,  510,  325,  484,  461,  386,  467,  412,  317,  160,  483,  382,  418,  475,  520,  139,  435,  442,  294,  746,  315,  400,  278,  305,  537,  573,  233,  454,  308,  365,  347,  234,  424,  421,  486,  426,  332],
        [  202,  202,    0,  475,  343,  742,  589,  530,   57,  392,  301,  446,  573,  276,  375,  435,  505,  315,  403,  155,  689,  357,  547,  627,  465,  481,  415,   51,  796,  264,  444,  654,  338,  623,  476,  298,  471,  652,  646,  610,  534,  634,  448,  567,  540,  743,  679,  438,  301,  662,  197,  537,  543,  487,  180,  601,  184,  583,  344,  662,  329,  635,  241,  491,  683,  469,  598,  186,  225,  335,  739,  288,  284,  117,  427,  518,  353,  579,  406,  433,  371,  452],
        [  356,  356,  475,    0,  421,  701,  429,  956,  431,  322,  764,  256,  427,  536,  781,  202,  327,  523,  438,  367,  818,  748,  377,  384,  739,  940,  875,  427,  792,  617,  142,  244,  806,  673,   75,  567,  875,  457,  267,  136,  962,  876,  223,  913,  508,  722,  692,   39,  772,  423,  668,  790,  684,  147,  515,  129,  591,  170,  511,  192,  397,  390,  688,  282, 1101,  573,  481,  619,  364,  763,  753,  199,  571,  519,  130,  159,  126,  655,  775,  841,  358,  630],
        [  434,  434,  343,  421,    0,  981,  756,  855,  292,  119,  607,  568,  745,  161,  714,  526,  649,  617,  642,  395,  993,  699,  703,  750,  799,  780,  715,  334, 1054,  604,  494,  663,  544,  894,  369,  620,  807,  805,  680,  534,  858,  966,  550,  910,  767,  991,  939,  389,  526,  790,  441,  869,  843,  528,  508,  503,  304,  587,   97,  596,  566,  758,  407,  614, 1007,  749,  789,  525,  131,  439, 1002,  267,  197,  276,  299,  553,  367,  857,  749,  769,   75,  758],
        [  562,  562,  742,  701,  981,    0,  278,  817,  756,  942,  817,  450,  276,  995,  688,  504,  374,  444,  346,  610,  268,  651,  326,  355,  468,  904,  870,  711,   97,  582,  561,  587,  989,  152,  772,  489,  724,  278,  537,  734,  827,  453,  480,  632,  215,   34,   89,  700,  947,  333,  877,  445,  280,  557,  587,  767,  924,  598, 1033,  723,  424,  354,  955,  419,  892,  287,  222,  695,  858, 1053,   89,  730, 1014,  858,  799,  557,  655,  199,  622,  717,  956,  350],
        [  388,  388,  589,  429,  756,  278,    0,  846,  585,  698,  762,  191,   20,  803,  682,  241,  109,  374,  217,  437,  461,  642,   55,   96,  520,  895,  844,  546,  373,  530,  293,  318,  895,  297,  502,  435,  750,   66,  270,  457,  855,  590,  216,  712,  143,  303,  290,  433,  853,  102,  764,  536,  372,  283,  483,  490,  769,  321,  822,  449,  272,  100,  827,  151,  959,  288,   59,  613,  644,  923,  343,  492,  828,  695,  537,  280,  402,  304,  637,  730,  719,  376],
        [  602,  602,  530,  956,  855,  817,  846,    0,  587,  920,  254,  810,  827,  735,  178,  832,  822,  483,  637,  590,  596,  214,  834,  928,  350,  140,  170,  562,  808,  345,  871, 1062,  410,  666,  978,  423,   97,  907, 1034, 1080,   11,  415,  832,  214,  720,  796,  729,  923,  393,  946,  431,  378,  538,  908,  442, 1083,  575, 1008,  824, 1119,  616,  935,  502,  837,  153,  571,  816,  349,  752,  554,  757,  799,  721,  580,  942,  935,  831,  622,  210,  120,  895,  485],
        [  200,  200,   57,  431,  292,  756,  585,  587,    0,  336,  356,  428,  569,  244,  431,  410,  493,  344,  413,  150,  722,  412,  539,  614,  510,  536,  470,   48,  815,  313,  413,  622,  377,  646,  427,  336,  527,  646,  618,  566,  591,  678,  426,  621,  549,  759,  699,  393,  341,  650,  237,  581,  574,  456,  220,  555,  188,  549,  302,  620,  335,  622,  266,  475,  740,  493,  599,  242,  170,  353,  760,  238,  259,  111,  375,  487,  312,  603,  460,  489,  315,  484],
        [  427,  427,  392,  322,  119,  942,  698,  920,  336,    0,  680,  508,  690,  275,  766,  460,  589,  620,  615,  398,  986,  746,  644,  679,  819,  858,  792,  368, 1022,  637,  418,  566,  642,  872,  262,  635,  862,  741,  588,  424,  924,  983,  484,  950,  730,  956,  909,  296,  619,  719,  527,  886,  837,  446,  533,  391,  400,  492,  215,  486,  545,  686,  506,  550, 1073,  735,  737,  577,  169,  549,  973,  213,  312,  356,  195,  468,  297,  839,  791,  824,   45,  758],
        [  431,  431,  301,  764,  607,  817,  762,  254,  356,  680,    0,  673,  743,  482,  172,  680,  707,  394,  546,  403,  663,  191,  734,  826,  388,  181,  114,  343,  838,  239,  706,  912,  196,  671,  773,  336,  233,  827,  893,  896,  255,  529,  686,  377,  663,  806,  736,  728,  164,  853,  178,  450,  552,  747,  285,  892,  322,  848,  571,  943,  496,  834,  254,  710,  403,  534,  748,  155,  511,  321,  781,  586,  468,  331,  727,  777,  639,  622,  243,  199,  652,  469],
        [  251,  251,  446,  256,  568,  450,  191,  810,  428,  508,  673,    0,  183,  627,  635,   55,   82,  332,  203,  293,  569,  597,  137,  189,  533,  829,  771,  397,  538,  468,  115,  253,  775,  419,  324,  390,  719,  238,  225,  322,  818,  649,   34,  721,  253,  469,  437,  252,  734,  228,  636,  572,  442,  125,  389,  345,  615,  210,  639,  337,  196,  197,  686,   48,  942,  334,  233,  518,  462,  779,  498,  303,  655,  538,  351,  141,  212,  404,  608,  691,  529,  404],
        [  372,  372,  573,  427,  745,  276,   20,  827,  569,  690,  743,  183,    0,  789,  663,  235,  103,  355,  198,  421,  449,  623,   51,  112,  502,  875,  825,  530,  370,  511,  289,  327,  877,  286,  499,  416,  731,   85,  280,  460,  836,  575,  210,  694,  127,  300,  283,  429,  835,  120,  746,  519,  356,  282,  465,  493,  753,  326,  810,  455,  254,  116,  809,  146,  940,  270,   55,  595,  632,  906,  337,  482,  814,  679,  532,  281,  395,  290,  618,  711,  710,  358],
        [  434,  434,  276,  536,  161,  995,  803,  735,  244,  275,  482,  627,  789,    0,  613,  595,  702,  586,  650,  386,  963,  605,  753,  815,  738,  645,  583,  292, 1057,  533,  577,  768,  391,  888,  498,  574,  700,  859,  777,  662,  736,  906,  616,  819,  785, 1000,  940,  500,  378,  854,  307,  810,  817,  616,  455,  636,  162,  691,   92,  723,  572,  823,  256,  675,  884,  736,  825,  433,  175,  279, 1002,  350,   37,  170,  429,  645,  452,  846,  659,  662,  232,  726],
        [  426,  426,  375,  781,  714,  688,  682,  178,  431,  766,  172,  635,  663,  613,    0,  656,  650,  312,  469,  417,  504,   40,  666,  760,  230,  219,  184,  401,  695,  168,  694,  886,  367,  536,  805,  250,   98,  745,  859,  904,  185,  359,  655,  212,  563,  671,  602,  749,  335,  780,  329,  286,  411,  731,  266,  908,  460,  831,  696,  942,  441,  767,  414,  663,  322,  420,  657,  190,  600,  490,  640,  630,  605,  447,  772,  759,  657,  489,   75,   61,  745,  340],
        [  251,  251,  435,  202,  526,  504,  241,  832,  410,  460,  680,   55,  235,  595,  656,    0,  133,  363,  247,  287,  621,  619,  187,  225,  570,  843,  782,  385,  593,  488,   61,  233,  769,  472,  270,  416,  743,  282,  215,  276,  840,  693,   25,  755,  307,  523,  491,  197,  729,  265,  629,  613,  491,   80,  401,  296,  596,  177,  601,  297,  226,  232,  673,   91,  968,  381,  286,  526,  426,  763,  552,  260,  625,  519,  298,  104,  164,  456,  635,  713,  483,  447],
        [  304,  304,  505,  327,  649,  374,  109,  822,  493,  589,  707,   82,  103,  702,  650,  133,    0,  339,  188,  350,  518,  611,   55,  124,  520,  854,  799,  458,  466,  488,  188,  265,  824,  361,  399,  400,  728,  158,  225,  373,  831,  619,  108,  713,  192,  396,  370,  328,  783,  158,  688,  550,  404,  185,  423,  402,  680,  245,  717,  376,  213,  132,  745,   46,  946,  302,  155,  554,  540,  839,  429,  384,  729,  604,  430,  189,  294,  353,  615,  703,  610,  382],
        [  196,  196,  315,  523,  617,  444,  374,  483,  344,  620,  394,  332,  355,  586,  312,  363,  339,    0,  158,  225,  379,  273,  354,  449,  217,  522,  471,  296,  486,  158,  411,  585,  549,  313,  567,   62,  389,  438,  553,  630,  492,  367,  357,  394,  270,  439,  372,  498,  507,  470,  434,  274,  231,  442,  145,  642,  490,  538,  643,  659,  137,  456,  512,  356,  611,  159,  356,  256,  486,  610,  429,  428,  598,  431,  554,  466,  412,  266,  277,  364,  617,  142],
        [  217,  217,  403,  438,  642,  346,  217,  637,  413,  615,  546,  203,  198,  650,  469,  247,  188,  158,    0,  265,  385,  429,  198,  292,  334,  679,  628,  368,  413,  314,  305,  447,  687,  257,  496,  220,  542,  282,  410,  522,  646,  447,  234,  526,  137,  352,  298,  422,  644,  313,  560,  370,  246,  326,  272,  542,  587,  412,  689,  540,   78,  299,  630,  213,  759,  136,  206,  400,  515,  728,  361,  404,  669,  517,  503,  343,  352,  227,  429,  519,  624,  202],
        [   50,   50,  155,  367,  395,  610,  437,  590,  150,  398,  403,  293,  421,  386,  417,  287,  350,  225,  265,    0,  599,  387,  394,  473,  424,  575,  511,  109,  673,  260,  305,  514,  483,  506,  389,  239,  513,  499,  501,  496,  597,  586,  298,  571,  400,  614,  556,  334,  443,  508,  344,  490,  449,  348,  153,  495,  333,  447,  430,  541,  187,  481,  395,  338,  738,  357,  450,  254,  264,  489,  618,  219,  405,  259,  359,  378,  242,  467,  421,  477,  393,  365],
        [  562,  562,  689,  818,  993,  268,  461,  596,  722,  986,  663,  569,  449,  963,  504,  621,  518,  379,  385,  599,    0,  475,  489,  556,  276,  705,  686,  674,  223,  458,  680,  775,  853,  164,  879,  393,  512,  492,  728,  888,  606,  195,  602,  392,  328,  238,  193,  805,  815,  548,  769,  222,  150,  693,  511,  914,  854,  762, 1022,  894,  444,  558,  855,  559,  647,  253,  404,  579,  863,  949,  185,  781,  973,  803,  887,  704,  736,  166,  431,  516,  988,  238],
        [  392,  392,  357,  748,  699,  651,  642,  214,  412,  746,  191,  597,  623,  605,   40,  619,  611,  273,  429,  387,  475,    0,  626,  720,  200,  258,  220,  379,  661,  132,  659,  848,  386,  500,  775,  211,  127,  705,  820,  870,  222,  340,  618,  215,  523,  635,  566,  717,  351,  741,  333,  260,  376,  695,  235,  875,  457,  795,  687,  907,  403,  727,  420,  625,  354,  381,  617,  175,  582,  501,  605,  602,  600,  438,  744,  722,  625,  452,   57,   95,  727,  303],
        [  345,  345,  547,  377,  703,  326,   55,  834,  539,  644,  734,  137,   51,  753,  666,  187,   55,  354,  198,  394,  489,  626,    0,   95,  519,  875,  822,  502,  419,  508,  239,  286,  860,  327,  449,  416,  739,  107,  241,  412,  843,  604,  162,  712,  162,  349,  329,  379,  818,  120,  726,  542,  386,  232,  453,  444,  725,  279,  770,  409,  240,  102,  786,   97,  953,  292,  104,  584,  592,  882,  385,  438,  779,  650,  483,  232,  348,  326,  625,  716,  665,  377],
        [  427,  427,  627,  384,  750,  355,   96,  928,  614,  679,  826,  189,  112,  815,  760,  225,  124,  449,  292,  473,  556,  720,   95,    0,  610,  968,  915,  580,  452,  602,  262,  232,  947,  392,  458,  511,  833,   80,  182,  386,  937,  686,  202,  803,  238,  384,  380,  395,  906,   41,  811,  629,  467,  239,  543,  423,  801,  250,  824,  370,  331,    9,  868,  141, 1046,  379,  152,  675,  649,  962,  428,  484,  844,  724,  503,  226,  385,  399,  719,  810,  705,  466],
        [  406,  406,  465,  739,  799,  468,  520,  350,  510,  819,  388,  533,  502,  738,  230,  570,  520,  217,  334,  424,  276,  200,  519,  610,    0,  440,  414,  466,  468,  206,  622,  780,  580,  317,  783,  185,  256,  576,  744,  842,  360,  169,  561,  194,  384,  449,  381,  715,  543,  621,  507,   73,  189,  650,  291,  856,  609,  742,  808,  867,  346,  616,  594,  547,  442,  234,  482,  321,  671,  683,  414,  638,  740,  570,  769,  671,  628,  273,  159,  251,  811,  145],
        [  597,  597,  481,  940,  780,  904,  895,  140,  536,  858,  181,  829,  875,  645,  219,  843,  854,  522,  679,  575,  705,  258,  875,  968,  440,    0,   67,  523,  907,  367,  874, 1075,  286,  752,  952,  460,  196,  958, 1053, 1071,  134,  536,  846,  343,  780,  886,  817,  905,  279,  991,  340,  483,  625,  914,  442, 1068,  484, 1015,  736, 1115,  642,  976,  397,  863,  254,  638,  872,  322,  690,  434,  853,  766,  626,  506,  907,  943,  814,  706,  283,  190,  828,  558],
        [  535,  535,  415,  875,  715,  870,  844,  170,  470,  792,  114,  771,  825,  583,  184,  782,  799,  471,  628,  511,  686,  220,  822,  915,  414,   67,    0,  456,  879,  315,  812, 1015,  241,  719,  886,  410,  193,  908,  994, 1007,  167,  527,  787,  346,  735,  854,  785,  840,  226,  939,  277,  465,  594,  852,  382, 1003,  422,  953,  674, 1052,  587,  923,  339,  806,  306,  596,  825,  259,  624,  385,  824,  700,  565,  440,  841,  882,  750,  671,  256,  174,  763,  521],
        [  159,  159,   51,  427,  334,  711,  546,  562,   48,  368,  343,  397,  530,  292,  401,  385,  458,  296,  368,  109,  674,  379,  502,  580,  466,  523,  456,    0,  768,  272,  393,  604,  389,  598,  431,  289,  498,  608,  596,  561,  567,  633,  398,  583,  505,  713,  652,  390,  351,  615,  248,  536,  526,  436,  175,  554,  224,  533,  349,  612,  291,  588,  290,  443,  715,  445,  558,  215,  208,  382,  712,  244,  306,  151,  385,  468,  304,  555,  424,  460,  352,  437],
        [  627,  627,  796,  792, 1054,   97,  373,  808,  815, 1022,  838,  538,  370, 1057,  695,  593,  466,  486,  413,  673,  223,  661,  419,  452,  468,  907,  879,  768,    0,  610,  651,  683, 1018,  175,  862,  524,  719,  374,  633,  829,  818,  417,  570,  611,  293,   71,  118,  789,  977,  430,  915,  430,  287,  649,  631,  862,  975,  693, 1101,  819,  490,  451,  997,  511,  868,  328,  316,  729,  928, 1094,   59,  809, 1074,  913,  886,  650,  739,  222,  625,  717, 1033,  372],
        [  262,  262,  264,  617,  604,  582,  530,  345,  313,  637,  239,  468,  511,  533,  168,  488,  488,  158,  314,  260,  458,  132,  508,  602,  206,  367,  315,  272,  610,    0,  527,  719,  409,  439,  646,   98,  259,  595,  692,  738,  353,  374,  488,  315,  425,  572,  503,  586,  368,  626,  312,  278,  328,  564,  108,  743,  404,  664,  606,  775,  277,  610,  398,  499,  486,  297,  513,  122,  479,  492,  552,  478,  535,  365,  618,  591,  495,  390,  161,  226,  623,  239],
        [  277,  277,  444,  142,  494,  561,  293,  871,  413,  418,  706,  115,  289,  577,  694,   61,  188,  411,  305,  305,  680,  659,  239,  262,  622,  874,  812,  393,  651,  527,    0,  211,  781,  532,  212,  462,  784,  328,  206,  221,  879,  750,   82,  804,  367,  581,  551,  141,  743,  302,  640,  668,  549,   44,  434,  238,  594,  143,  574,  249,  277,  269,  678,  143, 1011,  439,  342,  554,  404,  764,  611,  231,  608,  517,  245,   75,  128,  516,  678,  753,  445,  503],
        [  482,  482,  654,  244,  663,  587,  318, 1062,  622,  566,  912,  253,  327,  768,  886,  233,  265,  585,  447,  514,  775,  848,  286,  232,  780, 1075, 1015,  604,  683,  719,  211,    0,  992,  612,  308,  642,  971,  310,   51,  178, 1070,  883,  231,  971,  447,  615,  608,  274,  953,  258,  851,  814,  668,  168,  633,  220,  801,   77,  752,  143,  448,  233,  887,  234, 1194,  567,  377,  758,  594,  972,  659,  420,  802,  725,  372,  137,  320,  612,  861,  942,  602,  646],
        [  524,  524,  338,  806,  544,  989,  895,  410,  377,  642,  196,  775,  877,  391,  367,  769,  824,  549,  687,  483,  853,  386,  860,  947,  580,  286,  241,  389, 1018,  409,  781,  992,    0,  847,  797,  500,  417,  960,  982,  942,  407,  724,  781,  568,  815,  980,  911,  768,   43,  979,  142,  645,  734,  825,  415,  929,  243,  921,  481,  996,  624,  955,  137,  818,  540,  702,  892,  294,  485,  148,  960,  611,  364,  296,  739,  856,  688,  798,  439,  388,  605,  647],
        [  462,  462,  623,  673,  894,  152,  297,  666,  646,  872,  671,  419,  286,  888,  536,  472,  361,  313,  257,  506,  164,  500,  327,  392,  317,  752,  719,  598,  175,  439,  532,  612,  847,    0,  738,  350,  572,  329,  565,  732,  676,  320,  452,  486,  169,  136,   66,  664,  806,  385,  742,  297,  129,  540,  457,  760,  802,  604,  936,  735,  329,  394,  823,  404,  745,  155,  240,  556,  766,  920,  117,  660,  903,  740,  752,  548,  602,   49,  470,  565,  879,  202],
        [  387,  387,  476,   75,  369,  772,  502,  978,  427,  262,  773,  324,  499,  498,  805,  270,  399,  567,  496,  389,  879,  775,  449,  458,  783,  952,  886,  431,  862,  646,  212,  308,  797,  738,    0,  605,  901,  531,  336,  166,  984,  927,  293,  950,  575,  792,  760,   75,  765,  497,  662,  838,  741,  221,  541,  139,  571,  238,  463,  228,  448,  464,  672,  354, 1126,  631,  552,  635,  332,  740,  821,  189,  534,  504,   70,  233,  155,  717,  806,  866,  301,  682],
        [  222,  222,  298,  567,  620,  489,  435,  423,  336,  635,  336,  390,  416,  574,  250,  416,  400,   62,  220,  239,  393,  211,  416,  511,  185,  460,  410,  289,  524,   98,  462,  642,  500,  350,  605,    0,  330,  499,  612,  679,  431,  349,  413,  346,  327,  482,  413,  540,  458,  532,  392,  252,  251,  495,  119,  689,  463,  593,  637,  710,  194,  518,  474,  415,  553,  203,  416,  207,  491,  571,  466,  454,  581,  411,  587,  520,  450,  302,  219,  303,  628,  159],
        [  519,  519,  471,  875,  807,  724,  750,   97,  527,  862,  233,  719,  731,  700,   98,  743,  728,  389,  542,  513,  512,  127,  739,  833,  256,  196,  193,  498,  719,  259,  784,  971,  417,  572,  901,  330,    0,  811,  941,  996,  107,  341,  741,  154,  623,  704,  636,  843,  392,  850,  406,  291,  444,  820,  361, 1001,  544,  919,  786, 1033,  523,  839,  486,  744,  227,  474,  720,  286,  696,  552,  667,  726,  690,  537,  869,  846,  751,  528,  114,   39,  841,  389],
        [  451,  451,  652,  457,  805,  278,   66,  907,  646,  741,  827,  238,   85,  859,  745,  282,  158,  438,  282,  499,  492,  705,  107,   80,  576,  958,  908,  608,  374,  595,  328,  310,  960,  329,  531,  499,  811,    0,  260,  465,  916,  635,  258,  767,  193,  307,  310,  465,  918,   57,  828,  587,  418,  310,  549,  502,  831,  328,  875,  449,  337,   78,  890,  192, 1017,  343,   96,  679,  697,  987,  354,  539,  885,  756,  572,  301,  445,  344,  698,  791,  765,  431],
        [  465,  465,  646,  267,  680,  537,  270, 1034,  618,  588,  893,  225,  280,  777,  859,  215,  225,  553,  410,  501,  728,  820,  241,  182,  744, 1053,  994,  596,  633,  692,  206,   51,  982,  565,  336,  612,  941,  260,    0,  221, 1042,  842,  208,  935,  402,  565,  559,  293,  943,  208,  842,  775,  625,  164,  612,  262,  799,   99,  766,  192,  419,  183,  883,  199, 1163,  526,  329,  739,  603,  969,  610,  428,  810,  723,  396,  134,  326,  566,  830,  914,  622,  607],
        [  479,  479,  610,  136,  534,  734,  457, 1080,  566,  424,  896,  322,  460,  662,  904,  276,  373,  630,  522,  496,  888,  870,  412,  386,  842, 1071, 1007,  561,  829,  738,  221,  178,  942,  732,  166,  679,  996,  465,  221,    0, 1087,  968,  289, 1023,  564,  759,  740,  174,  907,  419,  803,  888,  764,  197,  639,   43,  726,  137,  628,   63,  497,  390,  823,  329, 1223,  655,  514,  749,  493,  896,  797,  334,  698,  654,  235,  185,  259,  722,  893,  964,  465,  722],
        [  608,  608,  534,  962,  858,  827,  855,   11,  591,  924,  255,  818,  836,  736,  185,  840,  831,  492,  646,  597,  606,  222,  843,  937,  360,  134,  167,  567,  818,  353,  879, 1070,  407,  676,  984,  431,  107,  916, 1042, 1087,    0,  425,  840,  223,  729,  806,  739,  930,  391,  955,  432,  388,  548,  916,  449, 1090,  576, 1016,  825, 1126,  624,  944,  501,  846,  150,  580,  826,  353,  755,  552,  767,  804,  721,  583,  947,  943,  838,  632,  219,  128,  898,  495],
        [  562,  562,  634,  876,  966,  453,  590,  415,  678,  983,  529,  649,  575,  906,  359,  693,  619,  367,  447,  586,  195,  340,  604,  686,  169,  536,  527,  633,  417,  374,  750,  883,  724,  320,  927,  349,  341,  635,  842,  968,  425,    0,  680,  204,  448,  425,  369,  856,  690,  687,  666,   98,  219,  772,  459,  987,  775,  856,  977,  985,  480,  690,  753,  653,  453,  318,  541,  484,  838,  838,  376,  794,  908,  738,  919,  789,  774,  293,  286,  354,  976,  248],
        [  259,  259,  448,  223,  550,  480,  216,  832,  426,  484,  686,   34,  210,  616,  655,   25,  108,  357,  234,  298,  602,  618,  162,  202,  561,  846,  787,  398,  570,  488,   82,  231,  781,  452,  293,  413,  741,  258,  208,  289,  840,  680,    0,  748,  286,  500,  469,  220,  740,  242,  641,  602,  475,   92,  405,  312,  612,  182,  623,  307,  221,  209,  688,   67,  966,  366,  262,  532,  448,  778,  530,  283,  645,  535,  322,  110,  188,  437,  632,  712,  507,  435],
        [  564,  564,  567,  913,  910,  632,  712,  214,  621,  950,  377,  721,  694,  819,  212,  755,  713,  394,  526,  571,  392,  215,  712,  803,  194,  343,  346,  583,  611,  315,  804,  971,  568,  486,  950,  346,  154,  767,  935, 1023,  223,  204,  748,    0,  574,  608,  545,  885,  540,  813,  541,  189,  362,  835,  421, 1034,  670,  929,  901, 1052,  529,  809,  625,  738,  260,  425,  672,  389,  790,  698,  564,  790,  814,  652,  928,  858,  796,  448,  162,  180,  934,  337],
        [  351,  351,  540,  508,  767,  215,  143,  720,  549,  730,  663,  253,  127,  785,  563,  307,  192,  270,  137,  400,  328,  523,  162,  238,  384,  780,  735,  505,  293,  425,  367,  447,  815,  169,  575,  327,  623,  193,  402,  564,  729,  448,  286,  574,    0,  227,  185,  501,  773,  242,  693,  395,  230,  372,  401,  592,  724,  435,  820,  566,  214,  242,  765,  235,  825,  151,   99,  524,  644,  863,  248,  517,  805,  654,  595,  379,  447,  165,  511,  606,  742,  239],
        [  567,  567,  743,  722,  991,   34,  303,  796,  759,  956,  806,  469,  300, 1000,  671,  523,  396,  439,  352,  614,  238,  635,  349,  384,  449,  886,  854,  713,   71,  572,  581,  615,  980,  136,  792,  482,  704,  307,  565,  759,  806,  425,  500,  608,  227,    0,   70,  720,  939,  363,  871,  422,  262,  579,  583,  792,  924,  623, 1040,  750,  429,  383,  951,  441,  867,  281,  246,  688,  866, 1049,   56,  743, 1017,  859,  817,  580,  671,  184,  604,  698,  968,  337],
        [  510,  510,  679,  692,  939,   89,  290,  729,  699,  909,  736,  437,  283,  940,  602,  491,  370,  372,  298,  556,  193,  566,  329,  380,  381,  817,  785,  652,  118,  503,  551,  608,  911,   66,  760,  413,  636,  310,  559,  740,  739,  369,  469,  545,  185,   70,    0,  686,  869,  366,  804,  357,  193,  554,  516,  771,  859,  608,  984,  737,  374,  381,  884,  415,  805,  214,  231,  619,  812,  982,   64,  697,  957,  796,  780,  558,  631,  114,  535,  630,  919,  267],
        [  325,  325,  438,   39,  389,  700,  433,  923,  393,  296,  728,  252,  429,  500,  749,  197,  328,  498,  422,  334,  805,  717,  379,  395,  715,  905,  840,  390,  789,  586,  141,  274,  768,  664,   75,  540,  843,  465,  293,  174,  930,  856,  220,  885,  501,  720,  686,    0,  734,  435,  630,  768,  668,  157,  483,  164,  553,  198,  478,  230,  377,  402,  650,  283, 1070,  557,  482,  585,  327,  725,  748,  161,  535,  481,  109,  174,   92,  643,  746,  809,  330,  610],
        [  484,  484,  301,  772,  526,  947,  853,  393,  341,  619,  164,  734,  835,  378,  335,  729,  783,  507,  644,  443,  815,  351,  818,  906,  543,  279,  226,  351,  977,  368,  743,  953,   43,  806,  765,  458,  392,  918,  943,  907,  391,  690,  740,  540,  773,  939,  869,  734,    0,  937,  105,  609,  694,  786,  373,  895,  223,  883,  469,  960,  582,  914,  123,  776,  529,  660,  849,  252,  459,  162,  920,  578,  354,  268,  709,  817,  652,  757,  405,  361,  584,  606],
        [  461,  461,  662,  423,  790,  333,  102,  946,  650,  719,  853,  228,  120,  854,  780,  265,  158,  470,  313,  508,  548,  741,  120,   41,  621,  991,  939,  615,  430,  626,  302,  258,  979,  385,  497,  532,  850,   57,  208,  419,  955,  687,  242,  813,  242,  363,  366,  435,  937,    0,  844,  636,  470,  278,  572,  457,  837,  283,  864,  398,  359,   34,  902,  180, 1060,  388,  148,  703,  688,  997,  411,  524,  882,  761,  543,  265,  426,  397,  737,  829,  745,  477],
        [  386,  386,  197,  668,  441,  877,  764,  431,  237,  527,  178,  636,  746,  307,  329,  629,  688,  434,  560,  344,  769,  333,  726,  811,  507,  340,  277,  248,  915,  312,  640,  851,  142,  742,  662,  392,  406,  828,  842,  803,  432,  666,  641,  541,  693,  871,  804,  630,  105,  844,    0,  577,  639,  683,  293,  792,  145,  780,  397,  856,  493,  819,   88,  679,  578,  591,  764,  191,  363,  180,  857,  474,  290,  172,  606,  715,  548,  694,  390,  370,  494,  547],
        [  467,  467,  537,  790,  869,  445,  536,  378,  581,  886,  450,  572,  519,  810,  286,  613,  550,  274,  370,  490,  222,  260,  542,  629,   73,  483,  465,  536,  430,  278,  668,  814,  645,  297,  838,  252,  291,  587,  775,  888,  388,   98,  602,  189,  395,  422,  357,  768,  609,  636,  577,    0,  175,  693,  362,  904,  681,  781,  880,  909,  394,  634,  664,  581,  448,  251,  492,  392,  740,  752,  380,  700,  813,  642,  828,  712,  684,  260,  212,  294,  879,  169],
        [  412,  412,  543,  684,  843,  280,  372,  538,  574,  837,  552,  442,  356,  817,  411,  491,  404,  231,  246,  449,  150,  376,  386,  467,  189,  625,  594,  526,  287,  328,  549,  668,  734,  129,  741,  251,  444,  418,  625,  764,  548,  219,  475,  362,  230,  262,  193,  668,  694,  470,  639,  175,    0,  567,  367,  786,  714,  645,  873,  776,  299,  471,  723,  441,  621,  111,  323,  449,  713,  818,  231,  633,  827,  659,  744,  581,  593,   86,  343,  438,  838,   93],
        [  317,  317,  487,  147,  528,  557,  283,  908,  456,  446,  747,  125,  282,  616,  731,   80,  185,  442,  326,  348,  693,  695,  232,  239,  650,  914,  852,  436,  649,  564,   44,  168,  825,  540,  221,  495,  820,  310,  164,  197,  916,  772,   92,  835,  372,  579,  554,  157,  786,  278,  683,  693,  567,    0,  473,  221,  636,  102,  610,  217,  306,  245,  721,  140, 1046,  458,  336,  595,  442,  807,  613,  268,  648,  560,  265,   32,  165,  527,  713,  790,  476,  526],
        [  160,  160,  180,  515,  508,  587,  483,  442,  220,  533,  285,  389,  465,  455,  266,  401,  423,  145,  272,  153,  511,  235,  453,  543,  291,  442,  382,  175,  631,  108,  434,  633,  415,  457,  541,  119,  361,  549,  612,  639,  449,  459,  405,  421,  401,  583,  516,  483,  373,  572,  293,  362,  367,  473,    0,  642,  348,  574,  520,  679,  214,  551,  369,  426,  587,  303,  477,  132,  381,  467,  573,  371,  463,  293,  511,  502,  391,  410,  268,  327,  522,  275],
        [  483,  483,  601,  129,  503,  767,  490, 1083,  555,  391,  892,  345,  493,  636,  908,  296,  402,  642,  542,  495,  914,  875,  444,  423,  856, 1068, 1003,  554,  862,  743,  238,  220,  929,  760,  139,  689, 1001,  502,  262,   43, 1090,  987,  312, 1034,  592,  792,  771,  164,  895,  457,  792,  904,  786,  221,  642,    0,  708,  174,  598,   99,  512,  427,  807,  357, 1228,  676,  547,  748,  470,  878,  828,  319,  672,  638,  208,  213,  255,  748,  900,  968,  433,  740],
        [  382,  382,  184,  591,  304,  924,  769,  575,  188,  400,  322,  615,  753,  162,  460,  596,  680,  490,  587,  333,  854,  457,  725,  801,  609,  484,  422,  224,  975,  404,  594,  801,  243,  802,  571,  463,  544,  831,  799,  726,  576,  775,  612,  670,  724,  924,  859,  553,  223,  837,  145,  681,  714,  636,  348,  708,    0,  726,  253,  783,  512,  809,  107,  662,  723,  648,  781,  291,  247,  172,  918,  393,  147,   78,  509,  667,  483,  756,  513,  507,  363,  621],
        [  418,  418,  583,  170,  587,  598,  321, 1008,  549,  492,  848,  210,  326,  691,  831,  177,  245,  538,  412,  447,  762,  795,  279,  250,  742, 1015,  953,  533,  693,  664,  143,   77,  921,  604,  238,  593,  919,  328,   99,  137, 1016,  856,  182,  929,  435,  623,  608,  198,  883,  283,  780,  781,  645,  102,  574,  174,  726,    0,  675,  132,  402,  253,  814,  205, 1145,  539,  379,  696,  517,  897,  663,  343,  725,  650,  299,   74,  244,  597,  811,  889,  527,  613],
        [  475,  475,  344,  511,   97, 1033,  822,  824,  302,  215,  571,  639,  810,   92,  696,  601,  717,  643,  689,  430, 1022,  687,  770,  824,  808,  736,  674,  349, 1101,  606,  574,  752,  481,  936,  463,  637,  786,  875,  766,  628,  825,  977,  623,  901,  820, 1040,  984,  478,  469,  864,  397,  880,  873,  610,  520,  598,  253,  675,    0,  690,  612,  832,  347,  686,  974,  786,  850,  513,  179,  363, 1047,  344,  118,  250,  393,  637,  446,  896,  740,  748,  170,  784],
        [  520,  520,  662,  192,  596,  723,  449, 1119,  620,  486,  943,  337,  455,  723,  942,  297,  376,  659,  540,  541,  894,  907,  409,  370,  867, 1115, 1052,  612,  819,  775,  249,  143,  996,  735,  228,  710, 1033,  449,  192,   63, 1126,  985,  307, 1052,  566,  750,  737,  230,  960,  398,  856,  909,  776,  217,  679,   99,  783,  132,  690,    0,  523,  372,  879,  336, 1259,  669,  507,  794,  553,  954,  791,  390,  759,  711,  298,  197,  309,  729,  927, 1001,  527,  741],
        [  139,  139,  329,  397,  566,  424,  272,  616,  335,  545,  496,  196,  254,  572,  441,  226,  213,  137,   78,  187,  444,  403,  240,  331,  346,  642,  587,  291,  490,  277,  277,  448,  624,  329,  448,  194,  523,  337,  419,  497,  624,  480,  221,  529,  214,  429,  374,  377,  582,  359,  493,  394,  299,  306,  214,  512,  512,  402,  612,  523,    0,  339,  560,  223,  746,  192,  272,  345,  439,  657,  437,  337,  592,  441,  446,  329,  297,  294,  413,  496,  551,  234],
        [  435,  435,  635,  390,  758,  354,  100,  935,  622,  686,  834,  197,  116,  823,  767,  232,  132,  456,  299,  481,  558,  727,  102,    9,  616,  976,  923,  588,  451,  610,  269,  233,  955,  394,  464,  518,  839,   78,  183,  390,  944,  690,  209,  809,  242,  383,  381,  402,  914,   34,  819,  634,  471,  245,  551,  427,  809,  253,  832,  372,  339,    0,  876,  149, 1052,  385,  154,  683,  656,  970,  429,  491,  852,  733,  509,  232,  393,  403,  726,  817,  712,  472],
        [  442,  442,  241,  688,  407,  955,  827,  502,  266,  506,  254,  686,  809,  256,  414,  673,  745,  512,  630,  395,  855,  420,  786,  868,  594,  397,  339,  290,  997,  398,  678,  887,  137,  823,  672,  474,  486,  890,  883,  823,  501,  753,  688,  625,  765,  951,  884,  650,  123,  902,   88,  664,  723,  721,  369,  807,  107,  814,  347,  879,  560,  876,    0,  732,  644,  671,  831,  277,  353,   99,  939,  490,  232,  169,  612,  752,  575,  775,  476,  451,  468,  631],
        [  294,  294,  491,  282,  614,  419,  151,  837,  475,  550,  710,   48,  146,  675,  663,   91,   46,  356,  213,  338,  559,  625,   97,  141,  547,  863,  806,  443,  511,  499,  143,  234,  818,  404,  354,  415,  744,  192,  199,  329,  846,  653,   67,  738,  235,  441,  415,  283,  776,  180,  679,  581,  441,  140,  426,  357,  662,  205,  686,  336,  223,  149,  732,    0,  966,  336,  199,  556,  509,  825,  474,  348,  703,  585,  387,  145,  254,  394,  633,  718,  573,  413],
        [  746,  746,  683, 1101, 1007,  892,  959,  153,  740, 1073,  403,  942,  940,  884,  322,  968,  946,  611,  759,  738,  647,  354,  953, 1046,  442,  254,  306,  715,  868,  486, 1011, 1194,  540,  745, 1126,  553,  227, 1017, 1163, 1223,  150,  453,  966,  260,  825,  867,  805, 1070,  529, 1060,  578,  448,  621, 1046,  587, 1228,  723, 1145,  974, 1259,  746, 1052,  644,  966,    0,  675,  923,  501,  904,  687,  822,  949,  868,  732, 1092, 1072,  978,  706,  334,  261, 1048,  586],
        [  315,  315,  469,  573,  749,  287,  288,  571,  493,  735,  534,  334,  270,  736,  420,  381,  302,  159,  136,  357,  253,  381,  292,  379,  234,  638,  596,  445,  328,  297,  439,  567,  702,  155,  631,  203,  474,  343,  526,  655,  580,  318,  366,  425,  151,  281,  214,  557,  660,  388,  591,  251,  111,  458,  303,  676,  648,  539,  786,  669,  192,  385,  671,  336,  675,    0,  249,  409,  620,  769,  271,  528,  750,  586,  635,  474,  484,  111,  363,  459,  739,   89],
        [  400,  400,  598,  481,  789,  222,   59,  816,  599,  737,  748,  233,   55,  825,  657,  286,  155,  356,  206,  450,  404,  617,  104,  152,  482,  872,  825,  558,  316,  513,  342,  377,  892,  240,  552,  416,  720,   96,  329,  514,  826,  541,  262,  672,   99,  246,  231,  482,  849,  148,  764,  492,  323,  336,  477,  547,  781,  379,  850,  507,  272,  154,  831,  199,  923,  249,    0,  604,  672,  929,  284,  528,  849,  708,  583,  335,  444,  250,  607,  702,  756,  337],
        [  278,  278,  186,  619,  525,  695,  613,  349,  242,  577,  155,  518,  595,  433,  190,  526,  554,  256,  400,  254,  579,  175,  584,  675,  321,  322,  259,  215,  729,  122,  554,  758,  294,  556,  635,  207,  286,  679,  739,  749,  353,  484,  532,  389,  524,  688,  619,  585,  252,  703,  191,  392,  449,  595,  132,  748,  291,  696,  513,  794,  345,  683,  277,  556,  501,  409,  604,    0,  411,  370,  671,  452,  430,  264,  595,  624,  494,  507,  228,  247,  556,  359],
        [  305,  305,  225,  364,  131,  858,  644,  752,  170,  169,  511,  462,  632,  175,  600,  426,  540,  486,  515,  264,  863,  582,  592,  649,  671,  690,  624,  208,  928,  479,  404,  594,  485,  766,  332,  491,  696,  697,  603,  493,  755,  838,  448,  790,  644,  866,  812,  327,  459,  688,  363,  740,  713,  442,  381,  470,  247,  517,  179,  553,  439,  656,  353,  509,  904,  620,  672,  411,    0,  412,  875,  175,  209,  192,  266,  471,  278,  728,  629,  657,  146,  628],
        [  537,  537,  335,  763,  439, 1053,  923,  554,  353,  549,  321,  779,  906,  279,  490,  763,  839,  610,  728,  489,  949,  501,  882,  962,  683,  434,  385,  382, 1094,  492,  764,  972,  148,  920,  740,  571,  552,  987,  969,  896,  552,  838,  778,  698,  863, 1049,  982,  725,  162,  997,  180,  752,  818,  807,  467,  878,  172,  897,  363,  954,  657,  970,   99,  825,  687,  769,  929,  370,  412,    0, 1036,  564,  246,  248,  677,  838,  655,  872,  557,  520,  507,  727],
        [  573,  573,  739,  753, 1002,   89,  343,  757,  760,  973,  781,  498,  337, 1002,  640,  552,  429,  429,  361,  618,  185,  605,  385,  428,  414,  853,  824,  712,   59,  552,  611,  659,  960,  117,  821,  466,  667,  354,  610,  797,  767,  376,  530,  564,  248,   56,   64,  748,  920,  411,  857,  380,  231,  613,  573,  828,  918,  663, 1047,  791,  437,  429,  939,  474,  822,  271,  284,  671,  875, 1036,    0,  760, 1018,  856,  842,  616,  694,  164,  571,  664,  983,  314],
        [  233,  233,  288,  199,  267,  730,  492,  799,  238,  213,  586,  303,  482,  350,  630,  260,  384,  428,  404,  219,  781,  602,  438,  484,  638,  766,  700,  244,  809,  478,  231,  420,  611,  660,  189,  454,  726,  539,  428,  334,  804,  794,  283,  790,  517,  743,  697,  161,  578,  524,  474,  700,  633,  268,  371,  319,  393,  343,  344,  390,  337,  491,  490,  348,  949,  528,  528,  452,  175,  564,  760,    0,  383,  321,  143,  296,  104,  630,  639,  690,  229,  560],
        [  454,  454,  284,  571,  197, 1014,  828,  721,  259,  312,  468,  655,  814,   37,  605,  625,  729,  598,  669,  405,  973,  600,  779,  844,  740,  626,  565,  306, 1074,  535,  608,  802,  364,  903,  534,  581,  690,  885,  810,  698,  721,  908,  645,  814,  805, 1017,  957,  535,  354,  882,  290,  813,  827,  648,  463,  672,  147,  725,  118,  759,  592,  852,  232,  703,  868,  750,  849,  430,  209,  246, 1018,  383,    0,  172,  466,  677,  485,  860,  655,  653,  268,  736],
        [  308,  308,  117,  519,  276,  858,  695,  580,  111,  356,  331,  538,  679,  170,  447,  519,  604,  431,  517,  259,  803,  438,  650,  724,  570,  506,  440,  151,  913,  365,  517,  725,  296,  740,  504,  411,  537,  756,  723,  654,  583,  738,  535,  652,  654,  859,  796,  481,  268,  761,  172,  642,  659,  560,  293,  638,   78,  650,  250,  711,  441,  733,  169,  585,  732,  586,  708,  264,  192,  248,  856,  321,  172,    0,  444,  591,  408,  696,  491,  499,  324,  567],
        [  365,  365,  427,  130,  299,  799,  537,  942,  375,  195,  727,  351,  532,  429,  772,  298,  430,  554,  503,  359,  887,  744,  483,  503,  769,  907,  841,  385,  886,  618,  245,  372,  739,  752,   70,  587,  869,  572,  396,  235,  947,  919,  322,  928,  595,  817,  780,  109,  709,  543,  606,  828,  744,  265,  511,  208,  509,  299,  393,  298,  446,  509,  612,  387, 1092,  635,  583,  595,  266,  677,  842,  143,  466,  444,    0,  282,  152,  728,  779,  832,  233,  678],
        [  347,  347,  518,  159,  553,  557,  280,  935,  487,  468,  777,  141,  281,  645,  759,  104,  189,  466,  343,  378,  704,  722,  232,  226,  671,  943,  882,  468,  650,  591,   75,  137,  856,  548,  233,  520,  846,  301,  134,  185,  943,  789,  110,  858,  379,  580,  558,  174,  817,  265,  715,  712,  581,   32,  502,  213,  667,   74,  637,  197,  329,  232,  752,  145, 1072,  474,  335,  624,  471,  838,  616,  296,  677,  591,  282,    0,  193,  538,  738,  816,  499,  545],
