{
    "name": "random-94-12663",
    "comment": "size=94 seed=12663",
    "nodes": ["+0", "-0", "+1", "-1", "+2", "-2", "+3", "-3", "+4", "-4", "+5", "-5", "+6", "-6", "+7", "-7", "+8", "-8", "+9", "-9", "+10", "-10", "+11", "-11", "+12", "-12", "+13", "-13", "+14", "-14", "+15", "-15", "+16", "-16", "+17", "-17", "+18", "-18", "+19", "-19", "+20", "-20", "+21", "-21", "+22", "-22", "+23", "-23", "+24", "-24", "+25", "-25", "+26", "-26", "+27", "-27", "+28", "-28", "+29", "-29", "+30", "-30", "+31", "-31", "+32", "-32", "+33", "-33", "+34", "-34", "+35", "-35", "+36", "-36", "+37", "-37", "+38", "-38", "+39", "-39", "+40", "-40", "+41", "-41", "+42", "-42", "+43", "-43", "+44", "-44", "+45", "-45", "+46", "-46", "+47", "-47", "+48", "-48", "+49", "-49", "+50", "-50", "+51", "-51", "+52", "-52", "+53", "-53", "+54", "-54", "+55", "-55", "+56", "-56", "+57", "-57", "+58", "-58", "+59", "-59", "+60", "-60", "+61", "-61", "+62", "-62", "+63", "-63", "+64", "-64", "+65", "-65", "+66", "-66", "+67", "-67", "+68", "-68", "+69", "-69", "+70", "-70", "+71", "-71", "+72", "-72", "+73", "-73", "+74", "-74", "+75", "-75", "+76", "-76", "+77", "-77", "+78", "-78", "+79", "-79", "+80", "-80", "+81", "-81", "+82", "-82", "+83", "-83", "+84", "-84", "+85", "-85", "+86", "-86", "+87", "-87", "+88", "-88", "+89", "-89", "+90", "-90", "+91", "-91", "+92", "-92", "+93", "-93", "+94", "-94"],
    "precedence": {
        "+0": "-0",
        "+1": "-1",
        "+2": "-2",
        "+3": "-3",
        "+4": "-4",
        "+5": "-5",
        "+6": "-6",
        "+7": "-7",
        "+8": "-8",
        "+9": "-9",
        "+10": "-10",
        "+11": "-11",
        "+12": "-12",
        "+13": "-13",
        "+14": "-14",
        "+15": "-15",
        "+16": "-16",
        "+17": "-17",
        "+18": "-18",
        "+19": "-19",
        "+20": "-20",
        "+21": "-21",
        "+22": "-22",
        "+23": "-23",
        "+24": "-24",
        "+25": "-25",
        "+26": "-26",
        "+27": "-27",
        "+28": "-28",
        "+29": "-29",
        "+30": "-30",
        "+31": "-31",
        "+32": "-32",
        "+33": "-33",
        "+34": "-34",
        "+35": "-35",
        "+36": "-36",
        "+37": "-37",
        "+38": "-38",
        "+39": "-39",
        "+40": "-40",
        "+41": "-41",
        "+42": "-42",
        "+43": "-43",
        "+44": "-44",
        "+45": "-45",
        "+46": "-46",
        "+47": "-47",
        "+48": "-48",
        "+49": "-49",
        "+50": "-50",
        "+51": "-51",
        "+52": "-52",
        "+53": "-53",
        "+54": "-54",
        "+55": "-55",
        "+56": "-56",
        "+57": "-57",
        "+58": "-58",
        "+59": "-59",
        "+60": "-60",
        "+61": "-61",
        "+62": "-62",
        "+63": "-63",
        "+64": "-64",
        "+65": "-65",
        "+66": "-66",
        "+67": "-67",
        "+68": "-68",
        "+69": "-69",
        "+70": "-70",
        "+71": "-71",
        "+72": "-72",
        "+73": "-73",
        "+74": "-74",
        "+75": "-75",
        "+76": "-76",
        "+77": "-77",
        "+78": "-78",
        "+79": "-79",
        "+80": "-80",
        "+81": "-81",
        "+82": "-82",
        "+83": "-83",
        "+84": "-84",
        "+85": "-85",
        "+86": "-86",
        "+87": "-87",
        "+88": "-88",
        "+89": "-89",
        "+90": "-90",
        "+91": "-91",
        "+92": "-92",
        "+93": "-93",
        "+94": "-94"
    },
    "edges": [
        [    0,    0,  888,  744,  660, 1136,  839,  773,  614,  821,  812,  987,  636,  836,  492,  494,  789,  314,  920,  827,  378, 1145,  777,  447,  675,  846,  909,  661,  732,  865,  405,  530,  283,  331,  486,  705,  711,  410,  981,  858,  461,  817,  995,  717,  849,  746,  513,  778,  644,  586,  833, 1231,  864,  793,  720,   34,  734, 1067,  385,  414,  161, 1089,  910,  396,  686,  126,  631, 1088,  646,  401,  798,  817,  574, 1120,  863,  642,  599,  835,  787,  773,  740,  917,  571,  567,  913,  147, 1012, 1113, 1001,  713,  678,  154,  728,  547,  322, 1070,  774, 1127,  499, 1107,  480,  841,  867,  535,  615,  303,  859,  341,  733,  959,  374,  706,  597,  696,  266,  457,  873,  475,  515,  529,  664, 1001,  757, 1148,  569,   46,  732,   85,  417,  465,  638,  487,  819,  688, 1025,  527,  728,  861,  207,  932,  198,  902,  886,  578,  904,  392,  671,  501,  300,  576,  831,  852,  526,  809, 1014,  294,  239,  578,  946,  582,  249,  666,    9,  549,  420,  300,  939,  814,  777,  359,  824,  111,  738,  430,  690,  395,  183,  676,  931,  514,  877,  676,  765,  977,  753,  816,   93,  731,  511,  795],
        [    0,    0,    0,    0,    0,    0,    0,    0,    0,    0,    0,    0,    0,    0,    0,    0,    0,    0,    0,    0,    0,    0,    0,    0,    0,    0,    0,    0,    0,    0,    0,    0,    0,    0,    0,    0,    0,    0,    0,    0,    0,    0,    0,    0,    0,    0,    0,    0,    0,    0,    0,    0,    0,    0,    0,    0,    0,    0,    0,    0,    0,    0,    0,    0,    0,    0,    0,    0,    0,    0,    0,    0,    0,    0,    0,    0,    0,    0,    0,    0,    0,    0,    0,    0,    0,    0,    0,    0,    0,    0,    0,    0,    0,    0,    0,    0,    0,    0,    0,    0,    0,    0,    0,    0,    0,    0,    0,    0,    0,    0,    0,    0,    0,    0,    0,    0,    0,    0,    0,    0,    0,    0,    0,    0,    0,    0,    0,    0,    0,    0,    0,    0,    0,    0,    0,    0,    0,    0,    0,    0,    0,    0,    0,    0,    0,    0,    0,    0,    0,    0,    0,    0,    0,    0,    0,    0,    0,    0,    0,    0,    0,    0,    0,    0,    0,    0,    0,    0,    0,    0,    0,    0,    0,    0,    0,    0,    0,    0,    0,    0,    0,    0,    0,    0,    0,    0,    0,    0,    0,    0],
        [  888,    0,    0,  414, 1068,  778,  879, 1214,  438,  498,  143,  740,  260,  804,  812,  716,  816,  595,   45,  607,  688,  820,  200,  491,  626,  126,  188,  285,  425,  888,  709,  418,  888,  577,  418,  567,  899,  539,  702,  526,  625,  661,  850,  950,  759,  434,  386,  297,  304, 1004,  688,  816,  510,  131,  445,  921,  409,  593,  742,  506,  910,  712,  305,  878,  859,  850, 1030,  653,  532,  507,  337, 1161,  321,  667,  222,  296, 1099,  316,  173,  797,  984,   79,  524, 1048,   35,  763,  904,  705,  848,  187,  458,  828,  878,  665,  988,  758,  127,  702,  588,  698,  703,  314,  490,  903,  373,  726,  105,  556,  162,  405,  517,  238,  550,  232,  623,  565,  495,  664,  911,  843, 1132,  886,  878,  666, 1027,  886,  962,  844,  817,  432,  251,  449,  138,  206,  709,  799, 1186,  721,  872,  493,  899,  621,  110,  469,   51,  838,  364,  406,  852,  923, 1119,  930,  852,  212,  569,  596,  706,  661,  140,  830,  769,  987,  880,  709,  799,  668,   58,  778,  635,  546,  142,  796,  197,  988,  942,  618,  706,  819,  390,  377,  534,  539,  214,  261,  528,  433,  873,  576,  967,  539],
        [  744,    0,  414,    0,  688,  463,  465,  827,  130,  112,  272,  367,  295,  391,  462,  371,  402,  439,  408,  204,  407,  493,  217,  550,  221,  292,  280,  493,   16,  474,  407,  238,  618,  425,  467,  156,  496,  336,  337,  154,  318,  252,  458,  549,  349,   21,  442,  119,  500,  635,  280,  539,  148,  291,   37,  772,   12,  337,  443,  533,  693,  401,  204,  563,  458,  655,  653,  374,  145,  515,   91,  761,  408,  402,  220,  484,  738,  132,  244,  384,  582,  373,  188,  689,  448,  597,  507,  413,  458,  407,   74,  624,  471,  303,  708,  417,  413,  421,  272,  406,  366,  137,  141,  541,  159,  475,  485,  431,  393,  219,  476,  213,  186,  460,  521,  293,  148,  337,  555,  480,  759,  489,  468,  423,  665,  763,  560,  740,  495,  454,  354,  278,  485,  391,  363,  436,  804,  315,  636,  196,  665,  244,  323,  166,  384,  525,  103,  304,  576,  550,  714,  516,  491,  204,  287,  522,  669,  286,  552,  451,  533,  598,  738,  341,  476,  449,  424,  364,  222,  406,  273,  634,  240,  666,  544,  359,  589,  417,  193,  340,  171,  138,  204,  299,  114,   76,  689,  163,  616,  134],
        [  660,    0, 1068,  688,    0,  793,  367,  148,  631,  670,  933,  641,  845,  428,  268,  359,  374,  621, 1075,  586,  438,  773,  875,  892,  471,  960,  966, 1003,  674,  388,  401,  674,  380,  629,  860,  539,  228,  593,  663,  677,  461,  533,  566,  180,  480,  673,  862,  798,  997,   81,  524,  890,  695,  938,  652,  660,  688,  844,  381,  852,  502,  782,  886,  280,  250,  542,   40,  825,  548,  827,  779,  158,  885,  854,  906,  986,  102,  819,  900,  377,  169, 1047,  545,  101, 1103,  594,  546,  818,  575,  977,  624,  524,  263,  404,  354,  725, 1015,  837,  488,  815,  375,  824,  713,  175,  698,  457, 1106,  664,  979,  862,  766,  832,  520, 1003,  690,  528,  714,  415,  179,  230,   77,  546,  287,  890,   92,  705,  182,  730,  302,  832,  891,  660, 1088,  951,  708,  272,  118,  523,  456,  770,  463,  643,  998,  600, 1052,  305,  707,  722,  374,  147,  183,  339,  222,  879,  800,  728,  809,  409, 1190,  240,  468,   99,  663,  360,  313,  523, 1093,  431,  524,  649,  938,  602,  872,  235,  167,  503,  673,  285,  845,  776,  688,  551,  860,  984,  599,  717,  569,  545,  153,  617],
        [ 1136,    0,  778,  463,  793,    0,  428,  880,  573,  353,  661,  160,  750,  368,  704,  657,  425,  865,  749,  311,  760,   49,  625, 1012,  462,  661,  591,  942,  467,  410,  738,  693,  929,  854,  930,  434,  569,  761,  156,  311,  676,  322,  237,  613,  324,  449,  904,  529,  951,  785,  311,  101,  316,  692,  465, 1158,  475,  192,  765,  993, 1040,   67,  473,  831,  559, 1024,  775,  130,  500,  974,  482,  771,  868,  129,  561,  936,  883,  481,  646,  427,  628,  707,  579,  850,  804,  994,  278,   79,  228,  842,  497,  993,  535,  594,  990,   71,  829,   91,  640,   84,  667,  481,  326,  733,  621,  835,  875,  870,  822,  374,  931,  655,  545,  901,  956,  690,  319,  663,  757,  691,  868,  269,  508,  153,  824, 1165,  612, 1153,  772,  916,  806,  727,  890,  832,  112,  665,  881,  292,  976,  293, 1003,  238,  668,  595,  731,  806,  566,  763,  890,  714,  704,  465,  701,  590,  210,  965, 1111,  563,  913,  635,  893,  697, 1132,  603,  759,  840,  756,  372,  359,  843,  654, 1028,  668,  901,  629,  745, 1011,  538,  389,  802,  293,  469,  619,  533,  398,  397, 1062,  408,  811,  357],
        [  839,    0,  879,  465,  367,  428,    0,  456,  480,  397,  737,  281,  721,   82,  350,  355,   69,  651,  871,  288,  482,  407,  681,  886,  271,  756,  731,  914,  455,   27,  446,  579,  581,  649,  823,  317,  153,  570,  309,  384,  432,  228,  200,  188,  139,  445,  811,  583,  915,  368,  206,  524,  403,  755,  436,  853,  471,  503,  457,  853,  708,  423,  626,  467,  160,  715,  352,  474,  369,  828,  547,  354,  805,  500,  675,  900,  460,  577,  708,   90,  201,  835,  421,  433,  913,  719,  190,  459,  209,  850,  431,  686,  123,  329,  616,  362,  868,  479,  423,  457,  374,  581,  424,  340,  555,  546,  946,  678,  841,  571,  770,  666,  378,  894,  744,  485,  423,  395,  365,  320,  441,  185,   92,  536,  408,  877,  186,  882,  426,  799,  778,  590,  942,  829,  351,  313,  455,  187,  645,  465,  667,  317,  785,  471,  848,  456,  532,  650,  550,  311,  291,   53,  326,  668,  468,  769,  896,  306, 1016,  262,  593,  274,  837,  306,  420,  583,  886,  104,  246,  653,  738,  745,  699,  509,  208,  507,  769,  163,  562,  705,  388,  352,  668,  721,  352,  458,  751,  304,  410,  347],
        [  773,    0, 1214,  827,  148,  880,  456,    0,  776,  800, 1077,  737,  992,  529,  416,  507,  480,  764, 1218,  708,  583,  854, 1019, 1035,  607, 1104, 1106, 1151,  812,  471,  547,  821,  501,  773, 1006,  675,  343,  740,  763,  802,  608,  651,  645,  289,  584,  811, 1009,  939, 1144,  224,  638,  973,  821, 1083,  790,  769,  827,  954,  526,  995,  613,  878, 1021,  415,  375,  661,  188,  928,  689,  970,  918,  119, 1032,  955, 1046, 1133,  175,  956, 1044,  489,  263, 1190,  691,  213, 1248,  723,  614,  915,  654, 1125,  765,  647,  375,  550,  454,  816, 1163,  934,  635,  912,  523,  962,  840,  323,  844,  597, 1254,  808, 1127,  990,  910,  978,  664, 1151,  830,  676,  840,  563,  324,  378,  111,  618,  392,  991,  219,  818,  283,  848,  445,  978, 1039,  808, 1235, 1099,  806,  420,   46,  631,  576,  893,  577,  758, 1141,  746, 1195,  444,  851,  870,  503,  294,  184,  416,  370, 1021,  914,  868,  941,  553, 1337,  384,  603,  229,  777,  506,  458,  665, 1236,  538,  649,  794, 1081,  728, 1018,  346,  286,  650,  806,  414,  975,  924,  811,  689, 1004, 1119,  732,  850,  685,  677,  289,  746],
        [  614,    0,  438,  130,  631,  573,  480,  776,    0,  224,  303,  456,  241,  420,  380,  284,  412,  310,  445,  279,  291,  597,  246,  446,  210,  332,  353,  435,  120,  495,  298,  121,  504,  296,  369,  174,  469,  206,  433,  266,  207,  306,  524,  518,  392,  136,  349,  188,  437,  568,  334,  656,  266,  308,  112,  643,  120,  464,  334,  423,  569,  515,  311,  464,  428,  528,  593,  495,  112,  403,  193,  726,  331,  525,  294,  422,  665,  234,  270,  391,  553,  419,   87,  615,  473,  468,  566,  531,  526,  372,   77,  498,  452,  228,  598,  519,  397,  540,  163,  524,  273,  240,  264,  468,   75,  353,  484,  304,  367,  346,  358,  203,  114,  414,  393,  169,  270,  237,  478,  407,  695,  549,  458,  549,  593,  633,  531,  610,  397,  351,  298,  154,  472,  350,  467,  363,  748,  371,  514,  323,  544,  340,  371,   40,  422,  423,   80,  194,  463,  486,  689,  526,  417,  256,  412,  397,  544,  224,  563,  393,  410,  550,  608,  271,  379,  322,  463,  391,  266,  278,  309,  504,  242,  571,  507,  235,  460,  389,  319,  241,  285,  134,  231,  396,  180,  205,  561,  196,  536,  219],
        [  821,    0,  498,  112,  670,  353,  397,  800,  224,    0,  359,  258,  406,  317,  477,  396,  341,  528,  483,  112,  462,  381,  310,  660,  206,  372,  337,  603,  114,  400,  453,  341,  663,  515,  577,  142,  459,  423,  226,   43,  372,  170,  356,  513,  267,   96,  553,  206,  610,  628,  195,  433,   43,  384,  113,  847,  123,  246,  487,  641,  753,  293,  230,  591,  425,  722,  639,  273,  179,  622,  162,  721,  520,  303,  283,  595,  733,  185,  335,  326,  543,  444,  250,  688,  530,  675,  408,  308,  355,  513,  149,  691,  429,  325,  745,  305,  513,  317,  328,  300,  397,  188,   50,  542,  268,  535,  578,  526,  497,  192,  580,  320,  229,  568,  615,  365,   54,  377,  561,  485,  744,  390,  419,  328,  662,  844,  521,  826,  524,  563,  464,  378,  583,  499,  252,  444,  783,  225,  692,  116,  721,  134,  396,  251,  461,  556,  214,  411,  622,  544,  667,  449,  496,  286,  193,  620,  767,  300,  637,  444,  595,  575,  816,  355,  507,  522,  497,  293,  155,  500,  357,  711,  342,  687,  514,  428,  678,  387,  176,  450,   62,  154,  299,  327,   79,   65,  758,  128,  622,   54],
        [  812,    0,  143,  272,  933,  661,  737, 1077,  303,  359,    0,  608,  183,  663,  681,  585,  674,  505,  143,  468,  569,  701,   58,  467,  484,   35,  112,  308,  283,  746,  587,  305,  777,  487,  383,  424,  758,  433,  572,  391,  499,  520,  714,  809,  619,  292,  349,  156,  323,  870,  548,  710,  376,   34,  303,  845,  267,  485,  621,  470,  814,  595,  196,  756,  718,  759,  895,  541,  392,  464,  198, 1021,  287,  560,  105,  310,  967,  183,   33,  655,  844,  118,  389,  917,  177,  677,  767,  592,  713,  197,  317,  733,  736,  530,  876,  634,  170,  592,  459,  585,  573,  183,  357,  770,  244,  616,  220,  473,  172,  296,  457,  114,  413,  258,  550,  444,  363,  535,  779,  709,  998,  749,  736,  565,  895,  817,  822,  780,  692,  387,  207,  342,  231,  199,  583,  665, 1050,  581,  770,  370,  798,  487,   76,  337,  120,  715,  226,  313,  739,  788,  978,  788,  719,   74,  453,  531,  659,  524,  280,  693,  664,  849,  805,  573,  674,  564,  161,  636,  493,  457,   13,  713,   76,  865,  802,  502,  633,  678,  276,  302,  400,  397,   74,  197,  386,  296,  786,  434,  837,  399],
        [  987,    0,  740,  367,  641,  160,  281,  737,  456,  258,  608,    0,  662,  213,  546,  502,  269,  729,  719,  178,  609,  159,  562,  901,  313,  616,  563,  860,  366,  267,  585,  576,  772,  720,  823,  297,  415,  627,   41,  220,  529,  171,  126,  461,  165,  349,  800,  459,  866,  628,  155,  260,  233,  635,  358, 1008,  378,  235,  611,  878,  886,  143,  443,  672,  402,  872,  620,  196,  366,  857,  413,  633,  773,  220,  519,  851,  728,  426,  587,  270,  479,  678,  445,  694,  770,  848,  181,  179,  120,  770,  381,  841,  380,  442,  831,   90,  768,  198,  497,  176,  513,  427,  251,  574,  514,  685,  827,  739,  753,  359,  809,  577,  407,  825,  822,  551,  246,  513,  598,  532,  716,  165,  354,  256,  668, 1018,  462, 1009,  615,  805,  720,  605,  836,  756,   71,  506,  734,  133,  821,  253,  847,  125,  633,  470,  698,  648,  466,  649,  734,  556,  568,  324,  542,  534,  213,  835,  979,  411,  879,  476,  742,  544,  983,  448,  602,  695,  729,  215,  212,  712,  604,  880,  597,  742,  476,  601,  871,  380,  362,  694,  208,  336,  553,  525,  277,  316,  910,  271,  653,  240],
        [  636,    0,  260,  295,  845,  750,  721,  992,  241,  406,  183,  662,    0,  658,  580,  487,  653,  336,  287,  495,  438,  783,  165,  294,  450,  215,  290,  200,  297,  735,  464,  173,  631,  318,  207,  409,  704,  283,  632,  447,  387,  534,  748,  750,  626,  314,  175,  228,  205,  774,  562,  817,  438,  159,  308,  668,  285,  598,  495,  292,  651,  686,  338,  631,  663,  592,  806,  646,  352,  284,  272,  955,  122,  671,  261,  190,  863,  287,  164,  632,  785,  282,  313,  812,  289,  505,  794,  692,  749,  134,  296,  569,  690,  448,  732,  709,  173,  696,  357,  684,  471,  290,  425,  673,  167,  469,  266,  299,  135,  425,  275,  103,  350,  174,  372,  321,  432,  430,  677,  615,  902,  777,  697,  684,  793,  638,  765,  600,  573,  207,   60,  195,  244,  110,  655,  573,  960,  599,  613,  463,  640,  538,  253,  257,  270,  590,  199,  147,  597,  698,  921,  767,  624,  206,  556,  350,  477,  453,  354,  613,  511,  773,  628,  491,  556,  409,  306,  629,  497,  287,  195,  540,  116,  739,  737,  366,  454,  625,  398,  122,  462,  371,  160,  371,  396,  355,  616,  428,  729,  426],
        [  836,    0,  804,  391,  428,  368,   82,  529,  420,  317,  663,  213,  658,    0,  360,  343,   58,  622,  795,  207,  466,  354,  608,  842,  216,  681,  653,  854,  382,   84,  433,  526,  593,  618,  775,  250,  202,  533,  236,  303,  404,  148,  164,  249,   57,  371,  760,  508,  856,  417,  124,  467,  322,  682,  364,  852,  398,  426,  451,  811,  716,  355,  545,  484,  193,  714,  408,  400,  309,  787,  470,  431,  749,  428,  597,  841,  516,  499,  635,   66,  268,  757,  370,  483,  838,  708,  177,  391,  171,  784,  364,  684,  168,  302,  640,  299,  799,  410,  387,  388,  359,  503,  343,  371,  493,  536,  875,  644,  774,  489,  731,  597,  327,  831,  716,  448,  341,  373,  396,  338,  504,  165,  142,  464,  457,  872,  250,  872,  435,  752,  716,  542,  872,  764,  280,  320,  524,  106,  651,  383,  675,  236,  709,  415,  772,  467,  465,  599,  558,  349,  370,  134,  346,  593,  388,  738,  871,  274,  942,  279,  588,  331,  834,  289,  426,  564,  809,   30,  170,  618,  663,  736,  628,  541,  263,  480,  749,  177,  481,  652,  306,  287,  595,  641,  278,  379,  751,  234,  447,  268],
        [  492,    0,  812,  462,  268,  704,  350,  416,  380,  477,  681,  546,  580,  360,    0,   97,  307,  365,  822,  425,  177,  701,  625,  633,  273,  711,  729,  736,  447,  377,  137,  408,  233,  371,  595,  336,  222,  326,  552,  497,  194,  390,  524,  237,  388,  451,  596,  560,  729,  195,  396,  805,  511,  683,  425,  504,  458,  695,  128,  594,  358,  673,  665,  127,  195,  366,  229,  695,  318,  568,  550,  399,  617,  726,  669,  718,  287,  592,  648,  295,  266,  798,  293,  236,  846,  383,  531,  704,  531,  711,  390,  339,  237,  160,  286,  635,  751,  721,  225,  699,  110,  598,  525,   94,  440,  217,  844,  405,  714,  663,  507,  575,  279,  735,  445,  261,  528,  150,   99,   45,  323,  522,  266,  760,  215,  531,  252,  541,   77,  567,  624,  393,  823,  685,  600,   41,  382,  413,  295,  589,  317,  498,  751,  345,  800,  107,  459,  454,  200,  125,  385,  361,   49,  634,  644,  479,  582,  179,  929,   91,  252,  215,  491,  123,   72,  273,  841,  344,  363,  388,  688,  404,  616,  211,  212,  237,  447,  189,  642,  508,  513,  331,  610,  759,  399,  508,  402,  351,  157,  429],
        [  494,    0,  716,  371,  359,  657,  355,  507,  284,  396,  585,  502,  487,  343,   97,    0,  299,  307,  726,  361,  127,  660,  529,  564,  203,  615,  633,  649,  355,  380,   91,  315,  275,  308,  518,  257,  260,  247,  502,  421,  105,  336,  502,  291,  357,  361,  515,  465,  644,  289,  348,  756,  434,  587,  335,  512,  366,  626,  110,  527,  384,  619,  574,  196,  223,  374,  320,  632,  228,  501,  457,  477,  531,  664,  574,  632,  383,  499,  552,  282,  324,  701,  197,  332,  750,  366,  519,  648,  508,  619,  298,  343,  262,   72,  350,  589,  657,  663,  130,  642,   21,  505,  445,  188,  344,  194,  749,  340,  621,  578,  440,  479,  186,  646,  395,  173,  449,   58,  195,  129,  417,  508,  285,  697,  311,  529,  307,  530,  128,  491,  533,  304,  730,  593,  549,   88,  474,  372,  320,  511,  346,  436,  654,  248,  703,  161,  363,  367,  235,  213,  455,  379,  138,  538,  574,  425,  544,   99,  834,  137,  246,  292,  492,   56,  111,  229,  745,  321,  302,  319,  591,  394,  520,  296,  271,  165,  414,  199,  555,  422,  439,  246,  513,  667,  318,  422,  412,  276,  253,  353],
        [  789,    0,  816,  402,  374,  425,   69,  480,  412,  341,  674,  269,  653,   58,  307,  299,    0,  589,  809,  237,  424,  412,  617,  819,  203,  694,  673,  846,  391,   88,  390,  511,  540,  586,  756,  252,  147,  505,  290,  334,  369,  177,  219,  195,  107,  383,  743,  520,  846,  360,  160,  524,  353,  690,  372,  804,  407,  474,  404,  787,  664,  410,  570,  430,  135,  666,  352,  452,  302,  762,  486,  388,  737,  481,  616,  832,  459,  518,  644,   22,  218,  773,  353,  426,  850,  664,  225,  445,  227,  782,  365,  636,  112,  266,  584,  356,  801,  464,  358,  442,  316,  523,  373,  314,  487,  492,  881,  613,  774,  522,  704,  599,  310,  826,  682,  419,  372,  334,  339,  283,  450,  215,   89,  517,  400,  826,  198,  828,  383,  732,  710,  523,  875,  761,  335,  268,  473,  152,  601,  419,  623,  278,  724,  403,  786,  414,  466,  582,  507,  291,  330,  115,  291,  606,  434,  706,  835,  241,  952,  224,  541,  276,  787,  247,  374,  524,  825,   58,  187,  589,  675,  691,  634,  484,  208,  445,  710,  121,  512,  636,  340,  285,  604,  667,  291,  401,  703,  240,  390,  289],
        [  314,    0,  595,  439,  621,  865,  651,  764,  310,  528,  505,  729,  336,  622,  365,  307,  589,    0,  622,  556,  189,  882,  465,  271,  423,  539,  597,  419,  429,  674,  229,  216,  317,   19,  252,  433,  566,  105,  715,  568,  220,  561,  765,  594,  618,  445,  264,  464,  407,  542,  583,  954,  571,  489,  420,  345,  429,  772,  241,  231,  317,  811,  597,  356,  529,  256,  583,  800,  366,  206,  487,  762,  308,  831,  550,  400,  607,  523,  477,  569,  626,  614,  287,  559,  623,  173,  794,  832,  770,  437,  380,  234,  568,  323,  416,  805,  493,  843,  238,  824,  287,  528,  571,  451,  302,  171,  585,   47,  451,  649,  146,  395,  323,  437,   95,  179,  577,  258,  443,  410,  660,  780,  589,  856,  547,  327,  610,  302,  320,  223,  352,  174,  551,  410,  755,  382,  725,  616,  284,  632,  309,  627,  580,  278,  604,  322,  359,  193,  290,  488,  750,  681,  413,  497,  720,  119,  252,  349,  675,  439,  190,  579,  307,  348,  309,  101,  641,  595,  519,   49,  516,  210,  430,  453,  571,  145,  150,  503,  622,  219,  588,  397,  453,  663,  468,  514,  282,  459,  477,  511],
        [  920,    0,   45,  408, 1075,  749,  871, 1218,  445,  483,  143,  719,  287,  795,  822,  726,  809,  622,    0,  594,  705,  793,  200,  531,  624,  117,  159,  329,  419,  878,  724,  436,  909,  604,  456,  562,  899,  561,  680,  509,  638,  649,  832,  950,  748,  427,  424,  290,  348, 1012,  676,  784,  492,  141,  440,  953,  404,  562,  758,  544,  936,  684,  279,  894,  859,  878, 1037,  622,  533,  544,  325, 1162,  358,  636,  202,  338, 1109,  299,  175,  791,  984,   43,  531, 1058,   57,  792,  886,  675,  830,  227,  457,  854,  876,  672, 1009,  732,  170,  671,  599,  668,  714,  297,  472,  912,  384,  747,  147,  585,  201,  376,  551,  249,  555,  275,  655,  580,  476,  676,  921,  851, 1140,  869,  875,  633, 1036,  919,  962,  878,  831,  468,  284,  470,  182,  245,  684,  807, 1192,  707,  896,  469,  923,  603,   87,  478,   24,  853,  368,  431,  872,  930, 1118,  922,  861,  204,  541,  629,  743,  666,  164,  835,  792,  991,  912,  715,  813,  691,   20,  769,  626,  573,  138,  826,  208, 1003,  943,  636,  738,  819,  363,  407,  515,  537,  215,  224,  519,  419,  902,  570,  978,  528],
        [  827,    0,  607,  204,  586,  311,  288,  708,  279,  112,  468,  178,  495,  207,  425,  361,  237,  556,  594,    0,  452,  326,  416,  724,  159,  482,  448,  694,  199,  290,  434,  399,  635,  546,  647,  124,  365,  453,  159,   98,  366,   60,  254,  419,  156,  184,  626,  312,  699,  553,   84,  405,  117,  490,  188,  850,  213,  271,  464,  701,  739,  263,  339,  548,  337,  718,  557,  272,  191,  680,  271,  622,  601,  304,  394,  684,  658,  296,  442,  223,  447,  555,  270,  615,  640,  684,  303,  289,  255,  610,  206,  686,  333,  293,  707,  249,  616,  304,  329,  283,  367,  299,  138,  477,  340,  528,  685,  563,  596,  286,  631,  417,  235,  662,  648,  380,  136,  358,  498,  424,  662,  286,  319,  337,  590,  855,  426,  843,  484,  629,  554,  428,  687,  594,  200,  389,  695,  114,  675,  185,  703,   77,  507,  293,  571,  518,  297,  472,  595,  471,  566,  340,  435,  395,  221,  660,  804,  263,  746,  376,  587,  488,  823,  310,  469,  530,  608,  185,   65,  536,  466,  718,  443,  634,  424,  435,  701,  302,  276,  519,  104,  160,  404,  434,  101,  176,  755,   98,  558,   71],
        [  378,    0,  688,  407,  438,  760,  482,  583,  291,  462,  569,  609,  438,  466,  177,  127,  424,  189,  705,  452,    0,  767,  518,  457,  298,  602,  638,  573,  393,  506,   41,  270,  214,  195,  423,  334,  381,  161,  604,  495,   91,  439,  621,  406,  474,  403,  427,  478,  565,  359,  455,  856,  503,  564,  376,  399,  400,  705,   59,  418,  291,  715,  601,  194,  346,  266,  399,  719,  284,  392,  482,  574,  455,  751,  581,  555,  435,  524,  538,  406,  438,  687,  220,  385,  720,  243,  642,  741,  627,  563,  334,  234,  387,  170,  309,  693,  610,  755,  137,  735,  109,  530,  511,  264,  328,   76,  703,  229,  570,  625,  331,  457,  233,  579,  273,  127,  515,   97,  260,  221,  482,  630,  411,  781,  370,  410,  422,  407,  141,  395,  474,  243,  678,  535,  649,  194,  546,  484,  231,  577,  260,  529,  644,  251,  684,  154,  366,  299,  173,  300,  561,  506,  225,  537,  651,  305,  418,  200,  791,  252,  135,  391,  375,  178,  126,  103,  724,  442,  401,  213,  578,  273,  498,  302,  383,   72,  287,  325,  600,  348,  514,  310,  503,  686,  388,  472,  303,  358,  301,  428],
        [ 1145,    0,  820,  493,  773,   49,  407,  854,  597,  381,  701,  159,  783,  354,  701,  660,  412,  882,  793,  326,  767,    0,  663, 1039,  471,  702,  635,  976,  495,  387,  743,  717,  929,  872,  958,  449,  553,  779,  167,  339,  686,  329,  210,  594,  315,  477,  933,  565,  985,  770,  314,  120,  346,  731,  491, 1166,  504,  239,  769, 1019, 1044,  110,  515,  828,  546, 1031,  757,  177,  517,  999,  518,  743,  899,  178,  602,  970,  866,  520,  685,  416,  607,  750,  596,  835,  847, 1005,  245,  127,  201,  879,  521,  999,  519,  600,  986,   78,  868,  139,  652,  132,  671,  519,  358,  723,  648,  843,  916,  889,  859,  417,  953,  690,  560,  937,  974,  705,  352,  671,  748,  685,  847,  238,  491,  201,  810, 1175,  592, 1166,  771,  943,  840,  749,  931,  868,  131,  661,  857,  290,  979,  332, 1005,  258,  711,  616,  774,  805,  595,  789,  891,  703,  676,  440,  695,  629,  253,  985, 1130,  569,  956,  628,  900,  680, 1141,  606,  759,  851,  800,  362,  368,  862,  695, 1038,  704,  893,  612,  757, 1026,  528,  431,  830,  322,  486,  656,  579,  419,  429, 1068,  423,  801,  378],
        [  777,    0,  200,  217,  875,  625,  681, 1019,  246,  310,   58,  562,  165,  608,  625,  529,  617,  465,  200,  416,  518,  663,    0,  457,  426,   87,  133,  324,  227,  690,  533,  258,  727,  448,  371,  367,  700,  387,  527,  343,  445,  467,  665,  752,  565,  237,  338,  104,  336,  813,  495,  681,  329,   75,  246,  809,  211,  456,  568,  456,  770,  559,  178,  702,  660,  717,  837,  510,  334,  447,  150,  963,  281,  531,   97,  322,  911,  144,   27,  598,  786,  173,  333,  860,  234,  638,  717,  559,  664,  219,  259,  691,  679,  473,  826,  594,  207,  561,  404,  552,  517,  145,  312,  713,  191,  567,  270,  437,  197,  273,  433,   72,  355,  279,  518,  392,  318,  480,  723,  653,  940,  699,  679,  540,  838,  784,  764,  749,  638,  371,  204,  298,  274,  213,  542,  608,  992,  528,  723,  332,  752,  439,  127,  281,  177,  662,  168,  276,  689,  731,  920,  732,  662,   42,  420,  502,  636,  466,  335,  636,  618,  791,  769,  516,  619,  518,  218,  581,  438,  419,   63,  674,   51,  811,  744,  452,  600,  620,  249,  275,  354,  340,   16,  208,  331,  247,  745,  377,  781,  346],
        [  447,    0,  491,  550,  892, 1012,  886, 1035,  446,  660,  467,  901,  294,  842,  633,  564,  819,  271,  531,  724,  457, 1039,  457,    0,  628,  495,  578,  224,  546,  906,  496,  326,  571,  263,   88,  613,  821,  320,  878,  702,  464,  748,  964,  854,  825,  564,  120,  513,  205,  812,  774, 1088,  698,  437,  548,  479,  539,  877,  511,   41,  530,  951,  631,  625,  781,  461,  853,  920,  544,   66,  553, 1031,  180,  947,  553,  207,  876,  575,  454,  798,  887,  542,  474,  828,  508,  367, 1003,  962,  967,  305,  521,  452,  818,  562,  663,  962,  365,  969,  464,  955,  544,  579,  690,  720,  392,  440,  436,  228,  330,  714,  126,  394,  517,  268,  220,  404,  697,  509,  714,  676,  930,  987,  835,  964,  817,  431,  870,  383,  591,   97,  260,  302,  392,  287,  909,  645,  995,  811,  520,  738,  538,  784,  527,  435,  522,  592,  448,  253,  552,  756, 1015,  922,  681,  499,  831,  179,  226,  582,  517,  700,  447,  847,  439,  596,  579,  371,  547,  813,  706,  246,  479,  388,  408,  718,  833,  400,  282,  751,  687,  211,  720,  572,  453,  661,  625,  621,  469,  638,  748,  663],
        [  675,    0,  626,  221,  471,  462,  271,  607,  210,  206,  484,  313,  450,  216,  273,  203,  203,  423,  624,  159,  298,  471,  426,  628,    0,  508,  501,  643,  207,  287,  277,  311,  477,  416,  560,   69,  276,  326,  307,  224,  216,  143,  344,  328,  199,  204,  545,  337,  644,  424,  162,  559,  239,  497,  186,  696,  223,  425,  306,  598,  581,  419,  415,  393,  237,  562,  438,  430,   99,  575,  311,  540,  536,  462,  441,  630,  529,  350,  453,  182,  362,  591,  155,  483,  660,  535,  377,  447,  348,  580,  168,  531,  253,  134,  551,  396,  602,  462,  186,  441,  209,  355,  253,  337,  284,  373,  684,  438,  573,  396,  520,  401,  112,  623,  517,  244,  256,  202,  355,  279,  544,  362,  254,  494,  457,  705,  340,  696,  328,  537,  507,  327,  676,  559,  352,  240,  586,  194,  517,  317,  545,  235,  542,  201,  600,  361,  267,  384,  436,  339,  495,  317,  290,  421,  373,  535,  674,  104,  758,  240,  432,  379,  671,  154,  312,  382,  640,  187,  103,  412,  487,  568,  437,  484,  324,  289,  561,  197,  378,  437,  240,   87,  412,  513,  130,  247,  600,   79,  417,  157],
        [  846,    0,  126,  292,  960,  661,  756, 1104,  332,  372,   35,  616,  215,  681,  711,  615,  694,  539,  117,  482,  602,  702,   87,  495,  508,    0,   89,  327,  304,  764,  619,  338,  810,  521,  412,  446,  783,  467,  578,  401,  531,  537,  725,  834,  635,  312,  379,  174,  343,  899,  564,  706,  385,   58,  324,  878,  288,  480,  654,  500,  848,  595,  190,  788,  743,  793,  923,  538,  417,  495,  212, 1046,  315,  555,  100,  330,  997,  191,   65,  675,  868,   87,  419,  947,  158,  711,  779,  590,  723,  215,  341,  767,  760,  559,  909,  637,  180,  588,  490,  583,  604,  189,  366,  800,  276,  649,  215,  506,  189,  291,  490,  147,  441,  275,  584,  476,  371,  566,  809,  739, 1026,  761,  759,  558,  925,  850,  846,  813,  724,  417,  235,  376,  232,  220,  587,  694, 1078,  596,  804,  372,  832,  496,   42,  367,   93,  747,  254,  347,  772,  817, 1002,  807,  749,   88,  452,  563,  690,  552,  265,  721,  698,  876,  838,  602,  705,  598,  134,  654,  511,  491,   25,  747,  110,  897,  827,  535,  666,  703,  273,  335,  409,  421,  102,  175,  404,  308,  820,  454,  867,  415],
        [  909,    0,  188,  280,  966,  591,  731, 1106,  353,  337,  112,  563,  290,  653,  729,  633,  673,  597,  159,  448,  638,  635,  133,  578,  501,   89,    0,  416,  294,  736,  649,  387,  850,  579,  494,  435,  775,  516,  524,  358,  559,  506,  678,  828,  603,  297,  460,  169,  431,  910,  531,  629,  340,  144,  316,  941,  279,  406,  685,  581,  899,  526,  121,  816,  737,  847,  930,  466,  419,  574,  190, 1040,  399,  480,   61,  418, 1011,  155,  127,  655,  861,  117,  437,  961,  213,  770,  733,  518,  676,  304,  343,  820,  749,  571,  947,  574,  267,  515,  516,  511,  625,  151,  320,  813,  312,  692,  289,  569,  278,  218,  563,  204,  451,  363,  651,  512,  323,  590,  825,  752, 1035,  716,  744,  480,  938,  916,  839,  882,  750,  496,  319,  428,  312,  308,  527,  707, 1083,  560,  850,  312,  879,  449,   79,  392,  140,  776,  274,  409,  810,  826,  991,  783,  762,  103,  383,  634,  766,  560,  322,  728,  744,  877,  902,  613,  731,  647,  168,  628,  486,  551,  100,  806,  176,  923,  824,  575,  732,  697,  205,  405,  362,  417,  144,   86,  384,  274,  876,  437,  885,  385],
        [  661,    0,  285,  493, 1003,  942,  914, 1151,  435,  603,  308,  860,  200,  854,  736,  649,  846,  419,  329,  694,  573,  976,  324,  224,  643,  327,  416,    0,  496,  930,  606,  342,  736,  404,  177,  606,  886,  413,  829,  643,  545,  732,  947,  928,  824,  512,  157,  413,   20,  928,  761, 1002,  633,  274,  507,  694,  483,  779,  632,  250,  721,  876,  500,  762,  844,  655,  964,  831,  546,  261,  460, 1125,  119,  854,  411,   20, 1008,  465,  309,  825,  963,  350,  498,  957,  296,  560,  993,  879,  948,  112,  495,  639,  874,  623,  834,  904,  160,  882,  526,  872,  631,  467,  619,  829,  362,  583,  215,  373,  139,  596,  295,  287,  538,   55,  408,  477,  625,  591,  829,  775, 1054,  976,  884,  863,  941,  649,  943,  602,  714,  202,  141,  346,  171,  112,  850,  737, 1116,  798,  699,  650,  721,  736,  348,  445,  325,  724,  398,  283,  708,  859, 1098,  959,  782,  364,  741,  372,  449,  633,  294,  783,  609,  941,  652,  664,  698,  514,  343,  825,  695,  376,  319,  587,  277,  866,  912,  504,  485,  808,  572,  228,  657,  567,  327,  501,  595,  549,  669,  626,  874,  625],
        [  732,    0,  425,   16,  674,  467,  455,  812,  120,  114,  283,  366,  297,  382,  447,  355,  391,  429,  419,  199,  393,  495,  227,  546,  207,  304,  294,  496,    0,  464,  392,  231,  603,  415,  464,  143,  482,  325,  337,  156,  303,  244,  453,  535,  341,   18,  439,  131,  501,  620,  273,  545,  152,  301,   22,  760,   16,  346,  428,  528,  679,  405,  219,  548,  444,  641,  638,  380,  130,  509,  106,  747,  408,  409,  234,  486,  723,  147,  254,  372,  568,  385,  173,  674,  459,  585,  502,  419,  453,  412,   60,  611,  458,  287,  693,  419,  420,  427,  257,  411,  351,  152,  147,  526,  154,  461,  493,  422,  398,  233,  469,  219,  171,  464,  512,  280,  154,  322,  540,  465,  744,  484,  456,  431,  650,  752,  546,  729,  480,  450,  356,  269,  492,  395,  365,  421,  790,  308,  621,  205,  651,  243,  336,  154,  396,  509,  101,  298,  562,  535,  701,  505,  475,  216,  295,  513,  660,  271,  562,  436,  519,  584,  726,  326,  461,  437,  436,  355,  213,  396,  284,  622,  248,  651,  530,  346,  579,  404,  207,  336,  174,  123,  213,  314,  106,   86,  676,  151,  601,  130],
        [  865,    0,  888,  474,  388,  410,   27,  471,  495,  400,  746,  267,  735,   84,  377,  380,   88,  674,  878,  290,  506,  387,  690,  906,  287,  764,  736,  930,  464,    0,  471,  597,  607,  672,  842,  329,  178,  592,  297,  385,  455,  231,  179,  211,  137,  454,  829,  591,  931,  392,  207,  505,  404,  764,  446,  879,  480,  494,  483,  874,  734,  408,  628,  493,  186,  741,  374,  462,  384,  849,  554,  366,  822,  487,  681,  916,  482,  583,  717,  109,  220,  841,  439,  456,  921,  744,  165,  445,  188,  863,  443,  712,  148,  352,  642,  345,  880,  464,  444,  443,  398,  586,  426,  366,  569,  572,  957,  700,  854,  570,  791,  677,  396,  908,  767,  506,  424,  419,  391,  346,  461,  161,  117,  523,  432,  903,  207,  907,  453,  819,  793,  609,  953,  843,  337,  339,  472,  184,  671,  462,  693,  313,  792,  487,  855,  482,  545,  668,  576,  336,  301,   58,  352,  676,  460,  792,  920,  327, 1025,  288,  619,  297,  863,  330,  446,  607,  893,  110,  253,  675,  746,  770,  710,  534,  231,  530,  793,  189,  563,  722,  387,  365,  677,  723,  361,  463,  777,  315,  435,  352],
        [  405,    0,  709,  407,  401,  738,  446,  547,  298,  453,  587,  585,  464,  433,  137,   91,  390,  229,  724,  434,   41,  743,  533,  496,  277,  619,  649,  606,  392,  471,    0,  293,  212,  234,  460,  320,  342,  194,  582,  483,   91,  416,  591,  366,  445,  401,  462,  486,  599,  323,  430,  835,  493,  584,  374,  424,  401,  692,   37,  457,  305,  696,  605,  170,  307,  288,  361,  704,  276,  432,  486,  535,  488,  736,  592,  588,  403,  528,  554,  372,  397,  704,  221,  352,  742,  275,  610,  723,  597,  591,  333,  257,  348,  144,  302,  670,  636,  738,  137,  717,   75,  534,  502,  226,  343,  103,  729,  269,  597,  623,  371,  476,  226,  610,  313,  145,  506,   77,  223,  181,  448,  598,  373,  767,  336,  439,  382,  439,  110,  432,  503,  270,  705,  564,  628,  154,  510,  457,  242,  568,  270,  510,  660,  259,  703,  129,  376,  329,  170,  261,  521,  468,  185,  550,  639,  345,  457,  175,  817,  212,  157,  351,  402,  145,   93,  142,  744,  411,  379,  251,  595,  303,  517,  279,  343,  103,  325,  287,  598,  380,  502,  299,  518,  693,  377,  468,  325,  343,  269,  415],
