{
    "name": "random-63-5992",
    "comment": "size=63 seed=5992",
    "nodes": ["+0", "-0", "+1", "-1", "+2", "-2", "+3", "-3", "+4", "-4", "+5", "-5", "+6", "-6", "+7", "-7", "+8", "-8", "+9", "-9", "+10", "-10", "+11", "-11", "+12", "-12", "+13", "-13", "+14", "-14", "+15", "-15", "+16", "-16", "+17", "-17", "+18", "-18", "+19", "-19", "+20", "-20", "+21", "-21", "+22", "-22", "+23", "-23", "+24", "-24", "+25", "-25", "+26", "-26", "+27", "-27", "+28", "-28", "+29", "-29", "+30", "-30", "+31", "-31", "+32", "-32", "+33", "-33", "+34", "-34", "+35", "-35", "+36", "-36", "+37", "-37", "+38", "-38", "+39", "-39", "+40", "-40", "+41", "-41", "+42", "-42", "+43", "-43", "+44", "-44", "+45", "-45", "+46", "-46", "+47", "-47", "+48", "-48", "+49", "-49", "+50", "-50", "+51", "-51", "+52", "-52", "+53", "-53", "+54", "-54", "+55", "-55", "+56", "-56", "+57", "-57", "+58", "-58", "+59", "-59", "+60", "-60", "+61", "-61", "+62", "-62", "+63", "-63"],
    "precedence": {
        "+0": "-0",
        "+1": "-1",
        "+2": "-2",
        "+3": "-3",
        "+4": "-4",
        "+5": "-5",
        "+6": "-6",
        "+7": "-7",
        "+8": "-8",
        "+9": "-9",
        "+10": "-10",
        "+11": "-11",
        "+12": "-12",
        "+13": "-13",
        "+14": "-14",
        "+15": "-15",
        "+16": "-16",
        "+17": "-17",
        "+18": "-18",
        "+19": "-19",
        "+20": "-20",
        "+21": "-21",
        "+22": "-22",
        "+23": "-23",
        "+24": "-24",
        "+25": "-25",
        "+26": "-26",
        "+27": "-27",
        "+28": "-28",
        "+29": "-29",
        "+30": "-30",
        "+31": "-31",
        "+32": "-32",
        "+33": "-33",
        "+34": "-34",
        "+35": "-35",
        "+36": "-36",
        "+37": "-37",
        "+38": "-38",
        "+39": "-39",
        "+40": "-40",
        "+41": "-41",
        "+42": "-42",
        "+43": "-43",
        "+44": "-44",
        "+45": "-45",
        "+46": "-46",
        "+47": "-47",
        "+48": "-48",
        "+49": "-49",
        "+50": "-50",
        "+51": "-51",
        "+52": "-52",
        "+53": "-53",
        "+54": "-54",
        "+55": "-55",
        "+56": "-56",
        "+57": "-57",
        "+58": "-58",
        "+59": "-59",
        "+60": "-60",
        "+61": "-61",
        "+62": "-62",
        "+63": "-63"
    },
    "edges": [
        [    0,    0,  815,  544,  223,  228,  574,  497,  345,  444,  136,  728,  846,  679,  409,  376,  282,  817,  666,   67,  586,  615,  540,  522,  773,  439,  856,  277,  880,  391,  622,  244,  647,  404,  322,  244,  535,  365,  471,  723,  453,   69,  869,  794,  904,  607,  335,  777,  289,  450,  269,  409,  528,  607,  772,  504,  622,  330,  385,  343,  246,  309,  414,  163,  613,  251,  502,  298,  289,  101,  857,  545,   52,   62,  195,  619,  510,  281,  170,  503,  404,  308,  439,  409,  543,  703,  800,  869,  244,  346,  847,  274,  868,  210,  360,  180,  594,  194,  224,  795,  623,  461,  228,  544,  400,  540,  590,  906,  339,  123,  163,  514,  257,  760,  185,  566,  382,  215,  109,  436,  210,  407,  133,  732,  849,  544,  496,  623],
        [    0,    0,    0,    0,    0,    0,    0,    0,    0,    0,    0,    0,    0,    0,    0,    0,    0,    0,    0,    0,    0,    0,    0,    0,    0,    0,    0,    0,    0,    0,    0,    0,    0,    0,    0,    0,    0,    0,    0,    0,    0,    0,    0,    0,    0,    0,    0,    0,    0,    0,    0,    0,    0,    0,    0,    0,    0,    0,    0,    0,    0,    0,    0,    0,    0,    0,    0,    0,    0,    0,    0,    0,    0,    0,    0,    0,    0,    0,    0,    0,    0,    0,    0,    0,    0,    0,    0,    0,    0,    0,    0,    0,    0,    0,    0,    0,    0,    0,    0,    0,    0,    0,    0,    0,    0,    0,    0,    0,    0,    0,    0,    0,    0,    0,    0,    0,    0,    0,    0,    0,    0,    0,    0,    0,    0,    0,    0,    0],
        [  815,    0,    0,  605,  833,  745,  388,  955,  721,  691,  724,  363,  107,  397,  713,  444,  973,   90,  465,  825,  432,  207,  655,  735,  114, 1099,  350,  940,  347,  453,  225,  578,  304,  761,  918,  622,  686,  458,  511,  686,  872,  860,  167,  108,  183,  356,  542,  635,  966,  740,  679,  598,  861,  531,  633,  478,  486,  508,  554,  731,  732,  883,  520,  977,  265,  710,  880,  597,  605,  883,  205,  309,  825,  874,  778,  285,  530,  935,  693,  333,  558,  630,  839,  687,  626,  328,  625,   74,  774,  554,  244,  955,  202,  613,  724,  762,  598,  873,  930,  329,  270,  715,  848,  484,  720,  407,  658,  209,  907,  782,  722,  805,  591,  413,  694,  250,  548,  689,  874, 1037,  901, 1120,  795,  321,   52,  301,  859,  437],
        [  544,    0,  605,    0,  718,  663,  219,  971,  226,  790,  564,  782,  695,  242,  779,  365,  512,  666,  804,  598,  175,  512,   50,  135,  646,  580,  860,  805,  872,  298,  393,  468,  671,  214,  419,  317,   82,  352,  132,  186,  301,  612,  748,  660,  775,  250,  562,  233,  498,  168,  642,  695,  947,   97,  229,  144,  785,  316,  184,  234,  668,  805,  180,  652,  596,  654,  940,  262,  586,  644,  766,  550,  513,  572,  662,  322,   87,  806,  377,  510,  656,  239,  875,  761,  820,  306,  258,  678,  336,  592,  786,  494,  771,  477,  216,  639,   52,  455,  498,  375,  615,  818,  406,  123,  777,  652,   68,  794,  396,  433,  589,  209,  326,  838,  579,  462,  193,  603,  650,  500,  474,  631,  432,  330,  656,  536,  271,  180],
        [  223,    0,  833,  718,    0,   89,  689,  275,  547,  271,  155,  647,  835,  801,  230,  445,  495,  810,  557,  158,  716,  627,  724,  722,  762,  646,  779,  108,  806,  489,  682,  286,  595,  612,  544,  402,  726,  443,  618,  903,  673,  178,  843,  783,  877,  715,  292,  944,  504,  653,  158,  286,  311,  762,  939,  643,  509,  437,  539,  547,  104,   90,  559,  297,  587,  125,  283,  456,  229,  165,  819,  529,  274,  252,   61,  704,  665,  105,  351,  501,  305,  482,  222,  242,  387,  806,  963,  871,  458,  283,  799,  490,  832,  261,  563,   82,  765,  415,  439,  896,  591,  278,  450,  687,  219,  472,  773,  871,  561,  338,  134,  724,  395,  664,  153,  592,  533,  147,  145,  654,  429,  601,  351,  834,  854,  534,  713,  755],
        [  228,    0,  745,  663,   89,    0,  616,  309,  513,  219,  112,  565,  747,  728,  183,  367,  509,  722,  481,  175,  646,  539,  675,  682,  674,  666,  698,  196,  724,  416,  598,  210,  509,  581,  543,  351,  680,  366,  556,  849,  654,  208,  756,  695,  790,  639,  204,  884,  516,  617,   71,  209,  309,  700,  880,  577,  434,  367,  481,  514,   21,  153,  496,  343,  499,   39,  291,  402,  141,  208,  733,  440,  277,  274,   44,  624,  604,  191,  314,  413,  222,  434,  224,  186,  327,  729,  901,  783,  437,  195,  713,  501,  745,  191,  528,   50,  709,  418,  451,  817,  503,  234,  444,  622,  173,  387,  722,  785,  557,  325,   81,  693,  338,  585,   85,  505,  474,   66,  189,  662,  436,  630,  340,  756,  766,  446,  689,  686],
        [  574,    0,  388,  219,  689,  616,    0,  906,  360,  684,  540,  587,  476,  113,  683,  254,  642,  448,  627,  610,   54,  306,  268,  348,  429,  744,  652,  791,  662,  200,  177,  406,  478,  386,  568,  332,  299,  251,  137,  336,  493,  636,  530,  443,  556,   39,  459,  321,  631,  358,  573,  581,  856,  158,  317,   98,  618,  255,  208,  371,  613,  767,  172,  716,  401,  595,  858,  285,  502,  666,  550,  368,  561,  620,  629,  103,  144,  790,  411,  337,  537,  297,  797,  662,  685,  132,  326,  460,  441,  486,  572,  623,  554,  429,  359,  607,  219,  557,  611,  223,  420,  713,  519,   97,  685,  486,  276,  576,  551,  494,  556,  419,  317,  644,  537,  264,  207,  551,  665,  674,  583,  780,  501,  162,  438,  352,  475,   84],
        [  497,    0,  955,  971,  275,  309,  906,    0,  818,  266,  416,  675,  927, 1018,  243,  653,  760,  909,  560,  431,  942,  764,  984,  989,  862,  905,  796,  250,  824,  711,  857,  509,  668,  884,  816,  660,  988,  657,  860, 1157,  947,  445,  918,  880,  948,  925,  453, 1189,  770,  923,  335,  359,  126, 1004, 1185,  879,  517,  668,  788,  818,  304,  189,  801,  540,  691,  318,   88,  711,  405,  425,  882,  652,  548,  519,  318,  898,  910,  241,  619,  642,  402,  743,  117,  269,  358, 1009, 1205,  975,  732,  429,  850,  757,  895,  496,  833,  340, 1016,  688,  706, 1092,  687,  244,  724,  924,  238,  550, 1031,  934,  835,  613,  387,  996,  646,  668,  393,  746,  781,  369,  407,  921,  699,  851,  626, 1034,  963,  663,  987,  981],
        [  345,    0,  721,  226,  547,  513,  360,  818,    0,  684,  403,  797,  791,  433,  663,  340,  291,  761,  785,  407,  342,  570,  207,  177,  728,  385,  901,  620,  918,  292,  497,  361,  690,   70,  208,  182,  195,  322,  224,  387,  173,  413,  835,  747,  866,  399,  479,  453,  278,  106,  513,  606,  818,  313,  449,  264,  755,  263,  168,   11,  523,  637,  202,  432,  625,  515,  802,  157,  478,  444,  841,  564,  306,  361,  500,  450,  234,  623,  199,  516,  577,  111,  736,  652,  745,  483,  479,  790,  113,  506,  850,  273,  848,  353,   16,  478,  276,  230,  274,  567,  643,  710,  181,  284,  658,  631,  256,  879,  191,  225,  433,  180,  212,  846,  433,  514,  174,  463,  453,  317,  248,  422,  220,  512,  768,  553,  189,  368],
        [  444,    0,  691,  790,  271,  219,  684,  266,  684,    0,  314,  419,  663,  791,   42,  437,  724,  644,  312,  393,  726,  504,  812,  837,  597,  881,  547,  342,  575,  502,  608,  328,  403,  754,  749,  506,  824,  446,  665,  971,  841,  426,  654,  615,  685,  696,  229,  988,  730,  781,  180,  105,  177,  803,  984,  676,  265,  474,  608,  688,  199,  257,  611,  559,  427,  193,  191,  547,  208,  424,  621,  391,  491,  492,  260,  658,  716,  333,  495,  387,  149,  588,  151,   35,  120,  772, 1000,  710,  628,  201,  591,  715,  634,  332,  698,  268,  828,  628,  665,  850,  422,   30,  648,  719,   53,  285,  855,  673,  760,  527,  284,  862,  481,  422,  269,  491,  599,  236,  404,  873,  648,  848,  544,  794,  698,  403,  870,  764],
        [  136,    0,  724,  564,  155,  112,  540,  416,  403,  314,    0,  600,  742,  652,  283,  306,  412,  714,  533,  108,  564,  518,  572,  574,  668,  569,  730,  251,  755,  342,  551,  149,  526,  470,  436,  248,  574,  301,  464,  749,  542,  147,  759,  689,  794,  568,  208,  789,  416,  508,  137,  274,  421,  608,  785,  490,  488,  286,  385,  404,  125,  242,  405,  283,  500,  124,  402,  302,  156,  164,  742,  435,  179,  193,  100,  564,  511,  251,  204,  398,  270,  330,  336,  280,  409,  662,  809,  770,  325,  215,  729,  402,  754,  117,  418,   77,  611,  314,  352,  752,  508,  334,  336,  534,  275,  413,  620,  793,  449,  216,   33,  582,  241,  629,   49,  475,  379,   81,  152,  559,  334,  542,  232,  690,  752,  436,  578,  604],
        [  728,    0,  363,  782,  647,  565,  587,  675,  797,  419,  600,    0,  290,  656,  454,  457,  967,  284,  119,  707,  640,  284,  824,  885,  250, 1117,  133,  741,  160,  511,  426,  496,  112,  857,  948,  635,  849,  475,  654,  922,  968,  745,  260,  259,  284,  575,  394,  899,  965,  859,  495,  363,  561,  744,  896,  639,  159,  534,  649,  805,  546,  664,  628,  882,  187,  527,  590,  641,  445,  757,  217,  236,  759,  789,  608,  505,  695,  734,  676,  283,  343,  686,  567,  431,  318,  604,  898,  348,  799,  386,  179,  952,  230,  527,  806,  602,  798,  859,  911,  645,  168,  435,  854,  669,  464,  188,  848,  265,  947,  751,  582,  939,  599,   58,  555,  324,  639,  533,  742, 1079,  886, 1112,  767,  612,  345,  249,  975,  665],
        [  846,    0,  107,  695,  835,  747,  476,  927,  791,  663,  742,  290,    0,  498,  689,  487, 1028,   31,  402,  847,  524,  234,  744,  821,   74, 1161,  252,  940,  245,  509,  304,  603,  260,  836,  980,  674,  774,  503,  592,  786,  949,  884,   61,   53,   81,  448,  546,  739, 1022,  820,  678,  579,  825,  626,  736,  561,  432,  559,  624,  801,  732,  876,  592, 1008,  248,  711,  848,  656,  609,  905,  101,  309,  862,  907,  784,  374,  616,  934,  740,  345,  544,  693,  813,  664,  583,  430,  729,   59,  833,  553,  143, 1010,   97,  638,  795,  771,  692,  924,  981,  434,  247,  684,  903,  573,  698,  380,  751,  104,  971,  827,  736,  889,  641,  333,  707,  289,  617,  697,  894, 1104,  952, 1175,  841,  425,   64,  306,  940,  534],
        [  679,    0,  397,  242,  801,  728,  113, 1018,  433,  791,  652,  656,  498,    0,  792,  365,  723,  473,  710,  719,   96,  373,  289,  375,  465,  810,  704,  903,  709,  313,  231,  518,  551,  444,  640,  436,  321,  363,  219,  289,  540,  743,  556,  475,  578,   95,  568,  247,  710,  405,  685,  687,  964,  149,  244,  180,  706,  366,  302,  443,  726,  880,  268,  817,  476,  707,  967,  385,  614,  774,  584,  455,  664,  723,  741,  153,  199,  902,  514,  430,  643,  390,  908,  770,  785,   71,  243,  469,  527,  595,  613,  704,  585,  541,  428,  719,  217,  646,  698,  136,  494,  820,  604,  150,  794,  577,  277,  602,  620,  592,  668,  449,  424,  714,  649,  343,  303,  663,  774,  734,  670,  854,  598,   90,  449,  438,  512,   66],
        [  409,    0,  713,  779,  230,  183,  683,  243,  663,   42,  283,  454,  689,  792,    0,  433,  691,  669,  349,  357,  723,  521,  799,  820,  622,  847,  584,  301,  611,  496,  618,  313,  431,  732,  718,  487,  809,  440,  657,  961,  816,  388,  684,  641,  716,  698,  225,  982,  696,  762,  152,  116,  173,  797,  978,  670,  302,  464,  596,  666,  164,  217,  601,  521,  449,  160,  177,  530,  193,  385,  652,  409,  458,  456,  222,  664,  708,  293,  470,  400,  159,  570,  127,   26,  161,  777,  995,  735,  601,  198,  623,  682,  665,  312,  677,  232,  819,  596,  632,  857,  446,   52,  618,  713,   12,  310,  843,  704,  731,  497,  252,  842,  464,  459,  240,  504,  587,  207,  365,  841,  616,  812,  514,  801,  722,  420,  847,  762],
        [  376,    0,  444,  365,  445,  367,  254,  653,  340,  437,  306,  457,  487,  365,  433,    0,  543,  457,  453,  395,  291,  254,  397,  443,  417,  681,  563,  551,  582,   68,  249,  160,  350,  401,  504,  190,  415,   19,  235,  539,  512,  427,  521,  437,  555,  274,  209,  552,  537,  407,  321,  337,  605,  367,  547,  240,  428,   79,  200,  349,  363,  519,  189,  535,  289,  344,  605,  186,  249,  454,  519,  225,  382,  433,  385,  260,  285,  549,  253,  176,  295,  230,  544,  412,  456,  363,  564,  502,  354,  237,  521,  525,  528,  189,  349,  365,  398,  438,  494,  451,  305,  466,  420,  283,  433,  298,  433,  562,  499,  340,  315,  489,  155,  507,  293,  199,  190,  302,  448,  633,  466,  690,  354,  390,  481,  215,  520,  330],
        [  282,    0,  973,  512,  495,  509,  642,  760,  291,  724,  412,  967, 1028,  723,  691,  543,    0,  998,  922,  340,  630,  795,  483,  424,  959,  158, 1088,  517, 1110,  521,  755,  472,  873,  303,  103,  354,  462,  526,  509,  649,  274,  318, 1063,  979, 1097,  681,  586,  727,   17,  356,  548,  682,  805,  603,  723,  549,  882,  470,  436,  282,  528,  573,  473,  237,  823,  532,  777,  378,  553,  336, 1060,  755,  234,  244,  475,  721,  525,  524,  294,  708,  670,  350,  716,  690,  819,  770,  755, 1038,  203,  604, 1059,   19, 1069,  444,  299,  461,  560,  108,   60,  856,  837,  742,  127,  573,  682,  782,  528, 1104,  131,  217,  442,  377,  388, 1007,  459,  740,  439,  492,  354,  162,   82,  148,  200,  799, 1015,  749,  327,  658],
        [  817,    0,   90,  666,  810,  722,  448,  909,  761,  644,  714,  284,   31,  473,  669,  457,  998,    0,  393,  819,  496,  204,  715,  792,   48, 1130,  260,  916,  257,  479,  275,  575,  243,  806,  950,  644,  745,  473,  562,  761,  919,  856,   83,   29,  109,  420,  520,  715,  991,  790,  653,  558,  808,  599,  713,  532,  420,  528,  594,  771,  708,  853,  562,  979,  225,  686,  830,  626,  583,  877,  116,  283,  832,  878,  758,  346,  587,  910,  710,  317,  521,  663,  794,  644,  568,  406,  706,   68,  803,  528,  154,  980,  115,  610,  765,  745,  665,  894,  951,  415,  224,  666,  873,  544,  677,  359,  723,  130,  941,  797,  709,  860,  610,  330,  680,  259,  587,  671,  866, 1073,  922, 1145,  811,  402,   62,  279,  910,  507],
        [  666,    0,  465,  804,  557,  481,  627,  560,  785,  312,  533,  119,  402,  710,  349,  453,  922,  393,    0,  636,  679,  343,  842,  894,  353, 1077,  237,  645,  265,  515,  484,  453,  170,  850,  915,  612,  863,  470,  673,  959,  957,  674,  376,  366,  402,  622,  337,  947,  923,  859,  414,  272,  444,  779,  943,  664,   48,  525,  652,  792,  461,  564,  637,  812,  238,  444,  475,  628,  378,  682,  335,  260,  702,  725,  525,  558,  718,  637,  641,  295,  264,  675,  456,  328,  203,  666,  949,  458,  771,  321,  297,  909,  348,  479,  796,  522,  826,  815,  865,  719,  222,  324,  818,  699,  360,  155,  871,  383,  918,  706,  511,  941,  577,  111,  485,  368,  642,  459,  665, 1047,  841, 1063,  724,  679,  453,  275,  970,  709],
        [   67,    0,  825,  598,  158,  175,  610,  431,  407,  393,  108,  707,  847,  719,  357,  395,  340,  819,  636,    0,  627,  621,  598,  584,  773,  494,  838,  213,  863,  419,  643,  247,  634,  468,  386,  289,  594,  386,  517,  780,  519,   39,  866,  794,  901,  642,  316,  830,  348,  513,  227,  371,  466,  656,  826,  548,  591,  359,  432,  405,  195,  243,  458,  177,  607,  204,  439,  345,  262,   60,  850,  541,  117,  100,  137,  647,  559,  217,  222,  502,  372,  360,  377,  360,  499,  737,  852,  874,  309,  322,  837,  334,  861,  212,  422,  126,  648,  258,  283,  829,  616,  408,  294,  589,  347,  521,  648,  900,  404,  187,  126,  579,  295,  735,  153,  575,  428,  178,   56,  498,  272,  456,  198,  766,  855,  542,  562,  666],
        [  586,    0,  432,  175,  716,  646,   54,  942,  342,  726,  564,  640,  524,   96,  723,  291,  630,  496,  679,  627,    0,  359,  225,  308,  479,  723,  704,  815,  714,  231,  228,  436,  530,  359,  550,  342,  256,  285,  124,  283,  462,  650,  578,  492,  604,   77,  499,  270,  618,  326,  607,  624,  896,  106,  267,   85,  669,  280,  206,  352,  645,  796,  173,  722,  454,  627,  896,  290,  539,  681,  600,  420,  569,  628,  656,  151,  112,  815,  419,  388,  580,  295,  834,  702,  732,  142,  278,  505,  433,  526,  623,  612,  603,  456,  339,  634,  169,  551,  603,  226,  473,  755,  510,   60,  724,  536,  227,  625,  531,  497,  582,  380,  332,  697,  565,  317,  208,  581,  682,  650,  576,  764,  502,  170,  483,  404,  439,   40],
        [  615,    0,  207,  512,  627,  539,  306,  764,  570,  504,  518,  284,  234,  373,  521,  254,  795,  204,  343,  621,  359,    0,  557,  626,  164,  931,  349,  734,  361,  281,  143,  375,  179,  621,  752,  442,  584,  270,  391,  641,  735,  657,  268,  184,  302,  292,  337,  616,  790,  612,  474,  405,  679,  464,  613,  369,  346,  327,  407,  580,  527,  679,  378,  777,  105,  505,  694,  428,  399,  679,  271,  113,  629,  675,  572,  221,  426,  730,  506,  127,  363,  467,  647,  495,  458,  324,  616,  254,  603,  351,  282,  778,  279,  409,  576,  556,  522,  691,  747,  378,  122,  530,  672,  393,  526,  234,  575,  312,  744,  593,  516,  688,  408,  341,  488,   57,  399,  483,  670,  878,  719,  943,  607,  336,  235,  101,  732,  383],
        [  540,    0,  655,   50,  724,  675,  268,  984,  207,  812,  572,  824,  744,  289,  799,  397,  483,  715,  842,  598,  225,  557,    0,   86,  694,  541,  905,  807,  917,  330,  441,  487,  713,  181,  387,  325,   32,  382,  170,  183,  258,  609,  796,  708,  823,  300,  588,  247,  468,  131,  659,  720,  966,  143,  243,  188,  821,  341,  205,  213,  681,  813,  209,  637,  639,  669,  956,  274,  607,  640,  814,  591,  506,  563,  671,  371,  131,  809,  377,  548,  683,  243,  890,  783,  849,  355,  274,  728,  319,  617,  833,  466,  818,  492,  194,  648,   82,  434,  475,  422,  658,  840,  384,  171,  797,  689,   51,  843,  363,  425,  599,  161,  339,  879,  591,  506,  215,  617,  648,  460,  451,  595,  422,  379,  706,  576,  224,  229],
        [  522,    0,  735,  135,  722,  682,  348,  989,  177,  837,  574,  885,  821,  375,  820,  443,  424,  792,  894,  584,  308,  626,   86,    0,  769,  465,  973,  796,  986,  379,  518,  509,  774,  127,  323,  335,   54,  427,  235,  226,  177,  590,  872,  784,  901,  382,  619,  306,  408,   74,  674,  751,  982,  228,  303,  261,  870,  377,  244,  180,  690,  811,  259,  600,  702,  680,  969,  291,  630,  621,  888,  650,  482,  536,  672,  451,  206,  799,  371,  605,  716,  251,  902,  806,  884,  440,  335,  808,  285,  647,  905,  408,  893,  509,  163,  649,  164,  390,  424,  507,  721,  864,  339,  252,  816,  740,  113,  919,  297,  401,  603,   75,  357,  939,  599,  573,  254,  628,  630,  382,  403,  525,  395,  464,  786,  636,  140,  314],
        [  773,    0,  114,  646,  762,  674,  429,  862,  728,  597,  668,  250,   74,  465,  622,  417,  959,   48,  353,  773,  479,  164,  694,  769,    0, 1093,  247,  868,  248,  443,  253,  530,  198,  776,  914,  605,  723,  433,  536,  750,  890,  810,  107,   22,  139,  404,  473,  710,  953,  762,  605,  510,  762,  583,  707,  508,  377,  490,  563,  738,  660,  805,  532,  935,  177,  638,  784,  589,  535,  831,  122,  235,  789,  833,  711,  329,  564,  862,  669,  271,  473,  628,  747,  596,  523,  401,  703,  114,  766,  480,  149,  941,  125,  564,  733,  697,  647,  854,  911,  421,  176,  619,  835,  524,  630,  312,  704,  152,  906,  755,  662,  834,  571,  300,  634,  219,  555,  623,  820, 1039,  882, 1106,  770,  401,  103,  233,  883,  493],
        [  439,    0, 1099,  580,  646,  666,  744,  905,  385,  881,  569, 1117, 1161,  810,  847,  681,  158, 1130, 1077,  494,  723,  931,  541,  465, 1093,    0, 1236,  658, 1257,  652,  876,  625, 1020,  368,  181,  492,  514,  664,  608,  682,  290,  469, 1199, 1113, 1232,  783,  741,  768,  155,  412,  705,  839,  957,  676,  765,  648, 1037,  605,  547,  374,  684,  720,  584,  368,  967,  689,  927,  505,  710,  483, 1199,  900,  391,  396,  630,  833,  613,  665,  441,  852,  826,  469,  867,  847,  977,  865,  798, 1166,  328,  760, 1201,  170, 1208,  599,  386,  617,  622,  262,  217,  946,  982,  899,  264,  664,  838,  934,  578, 1242,  194,  371,  599,  400,  527, 1159,  617,  875,  553,  649,  503,   86,  238,   83,  354,  893, 1143,  893,  337,  745],
        [  856,    0,  350,  860,  779,  698,  652,  796,  901,  547,  730,  133,  252,  704,  584,  563, 1088,  260,  237,  838,  704,  349,  905,  973,  247, 1236,    0,  873,   28,  610,  479,  621,  216,  958, 1063,  748,  932,  581,  738,  983, 1070,  876,  200,  245,  211,  633,  523,  950, 1085,  954,  628,  495,  679,  810,  947,  718,  283,  641,  745,  909,  679,  795,  720, 1012,  276,  660,  710,  748,  577,  889,  153,  339,  885,  917,  740,  559,  775,  866,  795,  387,  476,  792,  692,  561,  440,  643,  945,  309,  913,  517,  109, 1072,  162,  652,  908,  734,  869,  980, 1034,  667,  258,  561,  972,  741,  594,  318,  923,  183, 1060,  873,  714, 1032,  711,  130,  686,  400,  736,  665,  874, 1193, 1007, 1234,  889,  645,  315,  348, 1072,  724],
        [  277,    0,  940,  805,  108,  196,  791,  250,  620,  342,  251,  741,  940,  903,  301,  551,  517,  916,  645,  213,  815,  734,  807,  796,  868,  658,  873,    0,  900,  592,  789,  391,  696,  680,  583,  490,  806,  548,  713,  988,  728,  214,  946,  888,  980,  818,  399, 1034,  529,  725,  263,  379,  327,  856, 1030,  740,  597,  537,  632,  618,  209,   88,  653,  292,  692,  231,  290,  546,  336,  188,  921,  635,  324,  283,  167,  810,  758,   10,  430,  608,  404,  567,  246,  319,  461,  911, 1055,  977,  521,  388,  898,  516,  933,  364,  635,  187,  854,  456,  467, 1000,  695,  341,  498,  784,  290,  572,  857,  973,  604,  399,  236,  791,  489,  754,  259,  700,  626,  255,  173,  679,  463,  602,  409,  939,  961,  641,  772,  855],
        [  880,    0,  347,  872,  806,  724,  662,  824,  918,  575,  755,  160,  245,  709,  611,  582, 1110,  257,  265,  863,  714,  361,  917,  986,  248, 1257,   28,  900,    0,  627,  487,  644,  237,  974, 1083,  768,  945,  600,  752,  991, 1087,  901,  190,  244,  196,  642,  548,  955, 1107,  969,  654,  522,  706,  819,  952,  730,  311,  660,  761,  927,  705,  822,  735, 1037,  293,  686,  738,  767,  602,  915,  145,  358,  909,  942,  767,  567,  787,  893,  817,  407,  502,  810,  720,  588,  467,  648,  950,  301,  933,  542,  103, 1094,  151,  676,  925,  760,  880, 1002, 1056,  668,  277,  588,  993,  752,  621,  343,  934,  167, 1080,  895,  739, 1047,  732,  157,  711,  414,  752,  690,  899, 1213, 1029, 1256,  911,  648,  309,  367, 1088,  732],
        [  391,    0,  453,  298,  489,  416,  200,  711,  292,  502,  342,  511,  509,  313,  496,   68,  521,  479,  515,  419,  231,  281,  330,  379,  443,  652,  610,  592,  627,    0,  239,  206,  402,  348,  472,  170,  350,   57,  167,  472,  461,  448,  549,  462,  581,  227,  273,  486,  514,  348,  376,  403,  668,  301,  482,  174,  493,   62,  138,  301,  415,  568,  123,  544,  335,  396,  667,  147,  309,  477,  552,  276,  388,  443,  430,  229,  218,  591,  245,  229,  362,  186,  604,  476,  524,  320,  500,  517,  324,  302,  559,  503,  560,  229,  299,  407,  330,  421,  478,  411,  353,  531,  396,  218,  496,  361,  365,  592,  464,  334,  357,  429,  142,  563,  337,  225,  129,  351,  474,  597,  449,  668,  345,  349,  495,  264,  464,  271],
        [  622,    0,  225,  393,  682,  598,  177,  857,  497,  608,  551,  426,  304,  231,  618,  249,  755,  275,  484,  643,  228,  143,  441,  518,  253,  876,  479,  789,  487,  239,    0,  403,  322,  537,  695,  408,  471,  258,  289,  505,  649,  675,  355,  268,  383,  155,  407,  475,  746,  517,  541,  505,  785,  333,  472,  258,  484,  298,  330,  507,  590,  747,  295,  780,  247,  569,  795,  378,  465,  702,  374,  236,  624,  678,  623,   81,  313,  786,  484,  223,  460,  408,  741,  593,  581,  183,  473,  295,  554,  429,  396,  736,  378,  435,  499,  604,  395,  657,  714,  245,  265,  636,  628,  271,  622,  362,  452,  402,  683,  572,  557,  586,  380,  483,  532,  122,  324,  536,  696,  813,  685,  899,  584,  197,  273,  220,  637,  246],
        [  244,    0,  578,  468,  286,  210,  406,  509,  361,  328,  149,  496,  603,  518,  313,  160,  472,  575,  453,  247,  436,  375,  487,  509,  530,  625,  621,  391,  644,  206,  403,    0,  408,  430,  464,  180,  497,  158,  352,  653,  525,  282,  625,  551,  660,  430,  122,  680,  471,  455,  176,  246,  479,  495,  676,  370,  415,  160,  285,  366,  209,  362,  294,  406,  370,  192,  472,  219,  121,  305,  613,  302,  267,  306,  226,  419,  402,  389,  190,  260,  218,  260,  408,  297,  385,  521,  696,  628,  323,  146,  605,  458,  624,   35,  374,  205,  510,  364,  416,  610,  381,  355,  365,  415,  310,  311,  531,  662,  468,  256,  156,  536,  153,  535,  133,  329,  276,  146,  297,  595,  391,  616,  273,  549,  609,  300,  549,  476],
        [  647,    0,  304,  671,  595,  509,  478,  668,  690,  403,  526,  112,  260,  551,  431,  350,  873,  243,  170,  634,  530,  179,  713,  774,  198, 1020,  216,  696,  237,  402,  322,  408,    0,  749,  847,  533,  737,  369,  543,  812,  861,  672,  254,  215,  286,  467,  319,  793,  870,  749,  438,  324,  565,  634,  789,  528,  184,  428,  539,  698,  492,  626,  517,  806,   77,  471,  588,  536,  377,  688,  225,  127,  674,  709,  549,  399,  584,  690,  580,  174,  293,  580,  554,  406,  325,  503,  793,  310,  698,  318,  205,  857,  238,  440,  698,  540,  687,  765,  819,  552,   58,  425,  757,  558,  440,  125,  737,  278,  845,  658,  513,  829,  497,  168,  484,  214,  530,  467,  674,  978,  792, 1019,  674,  513,  301,  139,  866,  557],
        [  404,    0,  761,  214,  612,  581,  386,  884,   70,  754,  470,  857,  836,  444,  732,  401,  303,  806,  850,  468,  359,  621,  181,  127,  776,  368,  958,  680,  974,  348,  537,  430,  749,    0,  207,  251,  160,  383,  252,  350,  114,  470,  882,  794,  913,  424,  548,  424,  288,   54,  583,  675,  887,  309,  421,  289,  821,  326,  215,   67,  592,  702,  245,  474,  683,  584,  871,  222,  548,  501,  891,  623,  361,  413,  566,  482,  248,  684,  267,  575,  646,  176,  804,  721,  814,  501,  453,  831,  162,  575,  902,  286,  898,  422,   57,  544,  260,  264,  298,  579,  700,  779,  213,  299,  727,  695,  225,  928,  183,  282,  501,  113,  281,  908,  502,  565,  223,  532,  511,  291,  278,  417,  274,  528,  809,  611,  121,  379],
        [  322,    0,  918,  419,  544,  543,  568,  816,  208,  749,  436,  948,  980,  640,  718,  504,  103,  950,  915,  386,  550,  752,  387,  323,  914,  181, 1063,  583, 1083,  472,  695,  464,  847,  207,    0,  316,  364,  486,  432,  548,  172,  372, 1019,  933, 1052,  606,  584,  628,   87,  257,  569,  693,  848,  512,  624,  472,  878,  427,  368,  198,  559,  627,  404,  321,  791,  559,  823,  325,  561,  396, 1021,  725,  270,  300,  514,  654,  441,  589,  275,  677,  674,  289,  759,  714,  833,  691,  657,  985,  150,  605, 1024,   90, 1029,  441,  212,  497,  466,  129,  124,  775,  807,  769,  102,  491,  711,  768,  430, 1063,   28,  222,  468,  274,  352,  991,  480,  695,  373,  513,  412,  132,  120,  214,  205,  720,  963,  717,  225,  575],
        [  244,    0,  622,  317,  402,  351,  332,  660,  182,  506,  248,  635,  674,  436,  487,  190,  354,  644,  612,  289,  342,  442,  325,  335,  605,  492,  748,  490,  768,  170,  408,  180,  533,  251,  316,    0,  329,  173,  228,  502,  349,  310,  709,  625,  743,  367,  298,  545,  348,  276,  340,  425,  647,  368,  540,  260,  579,  116,  143,  187,  358,  489,  170,  385,  476,  347,  635,   56,  299,  341,  708,  410,  229,  288,  347,  389,  270,  491,   80,  362,  396,   85,  569,  474,  564,  463,  565,  685,  166,  325,  710,  337,  717,  175,  195,  324,  364,  252,  308,  555,  492,  532,  230,  301,  483,  460,  373,  752,  313,  166,  274,  357,   37,  681,  267,  386,  139,  294,  344,  446,  279,  502,  176,  493,  663,  402,  370,  379],
        [  535,    0,  686,   82,  726,  680,  299,  988,  195,  824,  574,  849,  774,  321,  809,  415,  462,  745,  863,  594,  256,  584,   32,   54,  723,  514,  932,  806,  945,  350,  471,  497,  737,  160,  364,  329,    0,  400,  195,  193,  229,  604,  826,  738,  853,  331,  601,  265,  447,  108,  667,  734,  974,  174,  261,  216,  842,  355,  219,  200,  687,  815,  228,  626,  664,  675,  963,  281,  617,  635,  843,  614,  499,  555,  674,  402,  159,  808,  376,  571,  697,  246,  897,  794,  864,  387,  293,  759,  307,  630,  861,  446,  848,  500,  181,  650,  111,  420,  457,  453,  683,  852,  369,  202,  806,  710,   66,  872,  339,  417,  602,  129,  347,  903,  596,  533,  229,  623,  643,  432,  435,  571,  413,  411,  736,  600,  193,  261],
        [  365,    0,  458,  352,  443,  366,  251,  657,  322,  446,  301,  475,  503,  363,  440,   19,  526,  473,  470,  386,  285,  270,  382,  427,  433,  664,  581,  548,  600,   57,  258,  158,  369,  383,  486,  173,  400,    0,  223,  528,  494,  418,  537,  454,  571,  273,  217,  543,  520,  390,  323,  347,  612,  358,  539,  230,  444,   60,  184,  330,  364,  518,  174,  523,  307,  345,  611,  168,  254,  445,  536,  243,  369,  421,  383,  264,  273,  546,  237,  195,  306,  212,  549,  420,  469,  364,  556,  517,  337,  245,  539,  508,  545,  185,  331,  362,  386,  421,  478,  453,  323,  475,  403,  274,  440,  315,  419,  579,  481,  325,  312,  472,  138,  525,  290,  215,  174,  301,  440,  615,  449,  674,  339,  392,  496,  233,  502,  325],
        [  471,    0,  511,  132,  618,  556,  137,  860,  224,  665,  464,  654,  592,  219,  657,  235,  509,  562,  673,  517,  124,  391,  170,  235,  536,  608,  738,  713,  752,  167,  289,  352,  543,  252,  432,  228,  195,  223,    0,  306,  362,  537,  641,  552,  670,  175,  437,  329,  497,  229,  527,  568,  827,  145,  325,   41,  653,  194,   86,  234,  558,  703,   60,  601,  470,  542,  823,  173,  465,  569,  655,  421,  450,  510,  561,  231,   52,  713,  302,  379,  528,  172,  759,  638,  690,  261,  346,  583,  310,  466,  671,  490,  660,  365,  222,  537,  164,  428,  481,  349,  489,  694,  387,   74,  656,  520,  200,  687,  415,  376,  486,  299,  225,  709,  472,  339,   90,  493,  571,  538,  453,  644,  381,  291,  560,  406,  349,  157],
        [  723,    0,  686,  186,  903,  849,  336, 1157,  387,  971,  749,  922,  786,  289,  961,  539,  649,  761,  959,  780,  283,  641,  183,  226,  750,  682,  983,  988,  991,  472,  505,  653,  812,  350,  548,  502,  193,  528,  306,    0,  393,  791,  844,  761,  866,  351,  742,   91,  633,  296,  827,  874, 1131,  180,   89,  301,  945,  497,  369,  392,  854,  990,  361,  818,  736,  840, 1124,  448,  769,  823,  871,  700,  688,  746,  848,  425,  255,  990,  559,  665,  833,  422, 1059,  943,  994,  358,  121,  757,  499,  771,  897,  633,  872,  662,  374,  825,  143,  612,  648,  387,  755,  999,  560,  262,  960,  812,  133,  890,  522,  607,  774,  282,  512,  979,  765,  599,  377,  789,  830,  597,  626,  746,  604,  370,  737,  684,  346,  260],
        [  453,    0,  872,  301,  673,  654,  493,  947,  173,  841,  542,  968,  949,  540,  816,  512,  274,  919,  957,  519,  462,  735,  258,  177,  890,  290, 1070,  728, 1087,  461,  649,  525,  861,  114,  172,  349,  229,  494,  362,  393,    0,  514,  996,  907, 1026,  530,  645,  479,  257,  137,  665,  769,  962,  398,  476,  397,  926,  435,  329,  165,  667,  761,  359,  487,  795,  662,  943,  329,  639,  542, 1005,  734,  405,  448,  633,  592,  352,  733,  346,  687,  742,  283,  877,  807,  909,  602,  509,  944,  217,  671, 1016,  261, 1012,  513,  163,  613,  338,  279,  292,  675,  813,  865,  231,  402,  810,  803,  290, 1041,  145,  335,  574,  112,  382, 1018,  579,  679,  337,  612,  556,  205,  281,  354,  322,  627,  921,  723,   54,  477],
        [   69,    0,  860,  612,  178,  208,  636,  445,  413,  426,  147,  745,  884,  743,  388,  427,  318,  856,  674,   39,  650,  657,  609,  590,  810,  469,  876,  214,  901,  448,  675,  282,  672,  470,  372,  310,  604,  418,  537,  791,  514,    0,  903,  831,  938,  668,  354,  845,  327,  517,  264,  408,  488,  674,  841,  570,  628,  388,  452,  410,  228,  257,  480,  139,  645,  239,  460,  364,  300,   32,  887,  578,  110,   75,  167,  676,  577,  219,  238,  539,  410,  376,  399,  393,  533,  764,  868,  910,  309,  360,  875,  313,  899,  248,  428,  159,  663,  244,  262,  856,  653,  439,  285,  610,  378,  559,  659,  938,  392,  189,  164,  580,  319,  773,  191,  610,  448,  216,   42,  477,  255,  427,  197,  793,  891,  579,  558,  688],
        [  869,    0,  167,  748,  843,  756,  530,  918,  835,  654,  759,  260,   61,  556,  684,  521, 1063,   83,  376,  866,  578,  268,  796,  872,  107, 1199,  200,  946,  190,  549,  355,  625,  254,  882, 1019,  709,  826,  537,  641,  844,  996,  903,    0,   89,   35,  503,  558,  798, 1057,  868,  686,  577,  810,  681,  795,  612,  411,  595,  669,  844,  740,  878,  638, 1031,  259,  718,  836,  695,  619,  922,   48,  325,  888,  930,  794,  428,  667,  940,  772,  366,  545,  734,  805,  659,  567,  489,  788,  111,  871,  562,   93, 1045,   39,  660,  839,  783,  747,  958, 1014,  495,  253,  674,  939,  626,  693,  377,  805,   47, 1012,  858,  751,  939,  675,  295,  722,  325,  661,  709,  910, 1145,  986, 1210,  872,  484,  122,  326,  988,  590],
        [  794,    0,  108,  660,  783,  695,  443,  880,  747,  615,  689,  259,   53,  475,  641,  437,  979,   29,  366,  794,  492,  184,  708,  784,   22, 1113,  245,  888,  244,  462,  268,  551,  215,  794,  933,  625,  738,  454,  552,  761,  907,  831,   89,    0,  120,  417,  493,  719,  973,  779,  626,  529,  779,  596,  716,  524,  392,  510,  581,  757,  680,  825,  549,  956,  197,  659,  802,  609,  556,  852,  110,  256,  810,  855,  731,  342,  579,  883,  690,  292,  493,  647,  765,  615,  539,  409,  711,   96,  786,  501,  142,  961,  112,  586,  751,  718,  661,  875,  931,  425,  196,  637,  855,  538,  649,  331,  718,  135,  925,  776,  683,  851,  591,  307,  655,  240,  573,  644,  841, 1058,  903, 1127,  791,  408,   88,  254,  900,  505],
        [  904,    0,  183,  775,  877,  790,  556,  948,  866,  685,  794,  284,   81,  578,  716,  555, 1097,  109,  402,  901,  604,  302,  823,  901,  139, 1232,  211,  980,  196,  581,  383,  660,  286,  913, 1052,  743,  853,  571,  670,  866, 1026,  938,   35,  120,    0,  528,  592,  817, 1091,  898,  720,  610,  839,  706,  815,  640,  438,  628,  700,  876,  774,  911,  668, 1066,  294,  753,  866,  728,  654,  957,   68,  360,  923,  965,  829,  454,  695,  974,  806,  401,  578,  766,  836,  691,  595,  509,  807,  118,  904,  596,  109, 1079,   55,  695,  871,  817,  772,  992, 1048,  509,  288,  705,  973,  653,  725,  410,  831,   31, 1044,  892,  785,  968,  709,  315,  757,  358,  693,  743,  945, 1177, 1020, 1244,  907,  503,  134,  361, 1018,  614],
        [  607,    0,  356,  250,  715,  639,   39,  925,  399,  696,  568,  575,  448,   95,  698,  274,  681,  420,  622,  642,   77,  292,  300,  382,  404,  783,  633,  818,  642,  227,  155,  430,  467,  424,  606,  367,  331,  273,  175,  351,  530,  668,  503,  417,  528,    0,  475,  326,  670,  394,  594,  593,  870,  180,  322,  136,  615,  284,  246,  409,  636,  791,  210,  751,  391,  617,  874,  321,  522,  698,  525,  364,  596,  654,  655,   76,  180,  817,  446,  337,  549,  335,  815,  676,  691,   96,  328,  429,  480,  501,  549,  662,  528,  455,  397,  633,  245,  595,  649,  188,  410,  726,  557,  131,  700,  486,  303,  549,  590,  530,  582,  453,  350,  632,  562,  256,  244,  574,  697,  712,  620,  818,  537,  126,  407,  348,  511,   92],
        [  335,    0,  542,  562,  292,  204,  459,  453,  479,  229,  208,  394,  546,  568,  225,  209,  586,  520,  337,  316,  499,  337,  588,  619,  473,  741,  523,  399,  548,  273,  407,  122,  319,  548,  584,  298,  601,  217,  437,  742,  645,  354,  558,  493,  592,  475,    0,  759,  587,  568,  138,  133,  398,  574,  755,  447,  297,  248,  383,  484,  191,  345,  383,  489,  299,  169,  399,  330,   64,  369,  538,  238,  368,  395,  239,  445,  488,  394,  311,  210,   99,  374,  340,  204,  267,  557,  771,  580,  444,   30,  523,  573,  550,  143,  492,  226,  599,  480,  528,  640,  305,  258,  484,  490,  226,  206,  628,  589,  589,  371,  195,  651,  268,  426,  166,  305,  373,  152,  356,  714,  505,  727,  388,  581,  563,  243,  667,  538],
        [  777,    0,  635,  233,  944,  884,  321, 1189,  453,  988,  789,  899,  739,  247,  982,  552,  727,  715,  947,  830,  270,  616,  247,  306,  710,  768,  950, 1034,  955,  486,  475,  680,  793,  424,  628,  545,  265,  543,  329,   91,  479,  845,  798,  719,  817,  326,  759,    0,  711,  372,  856,  888, 1154,  186,    5,  313,  938,  522,  405,  459,  887, 1030,  388,  883,  716,  871, 1150,  489,  792,  877,  828,  688,  746,  805,  887,  395,  280, 1035,  609,  657,  845,  470, 1087,  962, 1000,  310,   31,  705,  565,  788,  858,  710,  829,  694,  441,  864,  183,  681,  721,  320,  735, 1017,  631,  269,  982,  806,  200,  842,  602,  666,  812,  368,  549,  957,  800,  581,  412,  821,  882,  683,  698,  830,  665,  315,  686,  672,  432,  238],
