{
    "name": "random-6-6109",
    "comment": "size=6 seed=6109",
    "nodes": ["+0", "-0", "+1", "-1", "+2", "-2", "+3", "-3", "+4", "-4", "+5", "-5", "+6", "-6"],
    "precedence": {
        "+0": "-0",
        "+1": "-1",
        "+2": "-2",
        "+3": "-3",
        "+4": "-4",
        "+5": "-5",
        "+6": "-6"
    },
    "edges": [
        [    0,    0,  932,  357,  821,  613,  740,  353,  549,  690,  858,  590,  653,  439],
        [    0,    0,  932,  357,  821,  613,  740,  353,  549,  690,  858,  590,  653,  439],
        [  932,  932,    0,  576,  348,  858,  693,  653, 1068,  283,  382,  346,  900,  899],
        [  357,  357,  576,    0,  514,  545,  554,  197,  637,  350,  547,  234,  596,  464],
        [  821,  821,  348,  514,    0,  984,  887,  475, 1134,  197,  656,  386, 1033,  956],
        [  613,  613,  858,  545,  984,    0,  231,  729,  258,  788,  548,  599,   52,  190],
        [  740,  740,  693,  554,  887,  231,    0,  750,  488,  693,  341,  511,  248,  389],
        [  353,  353,  653,  197,  475,  729,  750,    0,  783,  379,  715,  360,  779,  620],
        [  549,  549, 1068,  637, 1134,  258,  488,  783,    0,  946,  793,  766,  251,  178],
        [  690,  690,  283,  350,  197,  788,  693,  379,  946,    0,  489,  190,  837,  768],
        [  858,  858,  382,  547,  656,  548,  341,  715,  793,  489,    0,  367,  578,  651],
        [  590,  590,  346,  234,  386,  599,  511,  360,  766,  190,  367,    0,  647,  589],
        [  653,  653,  900,  596, 1033,   52,  248,  779,  251,  837,  578,  647,    0,  221],
        [  439,  439,  899,  464,  956,  190,  389,  620,  178,  768,  651,  589,  221,    0]
    ]
}
