{
    "name": "random-58-15736",
    "comment": "size=58 seed=15736",
    "nodes": ["+0", "-0", "+1", "-1", "+2", "-2", "+3", "-3", "+4", "-4", "+5", "-5", "+6", "-6", "+7", "-7", "+8", "-8", "+9", "-9", "+10", "-10", "+11", "-11", "+12", "-12", "+13", "-13", "+14", "-14", "+15", "-15", "+16", "-16", "+17", "-17", "+18", "-18", "+19", "-19", "+20", "-20", "+21", "-21", "+22", "-22", "+23", "-23", "+24", "-24", "+25", "-25", "+26", "-26", "+27", "-27", "+28", "-28", "+29", "-29", "+30", "-30", "+31", "-31", "+32", "-32", "+33", "-33", "+34", "-34", "+35", "-35", "+36", "-36", "+37", "-37", "+38", "-38", "+39", "-39", "+40", "-40", "+41", "-41", "+42", "-42", "+43", "-43", "+44", "-44", "+45", "-45", "+46", "-46", "+47", "-47", "+48", "-48", "+49", "-49", "+50", "-50", "+51", "-51", "+52", "-52", "+53", "-53", "+54", "-54", "+55", "-55", "+56", "-56", "+57", "-57", "+58", "-58"],
    "precedence": {
        "+0": "-0",
        "+1": "-1",
        "+2": "-2",
        "+3": "-3",
        "+4": "-4",
        "+5": "-5",
        "+6": "-6",
        "+7": "-7",
        "+8": "-8",
        "+9": "-9",
        "+10": "-10",
        "+11": "-11",
        "+12": "-12",
        "+13": "-13",
        "+14": "-14",
        "+15": "-15",
        "+16": "-16",
        "+17": "-17",
        "+18": "-18",
        "+19": "-19",
        "+20": "-20",
        "+21": "-21",
        "+22": "-22",
        "+23": "-23",
        "+24": "-24",
        "+25": "-25",
        "+26": "-26",
        "+27": "-27",
        "+28": "-28",
        "+29": "-29",
        "+30": "-30",
        "+31": "-31",
        "+32": "-32",
        "+33": "-33",
        "+34": "-34",
        "+35": "-35",
        "+36": "-36",
        "+37": "-37",
        "+38": "-38",
        "+39": "-39",
        "+40": "-40",
        "+41": "-41",
        "+42": "-42",
        "+43": "-43",
        "+44": "-44",
        "+45": "-45",
        "+46": "-46",
        "+47": "-47",
        "+48": "-48",
        "+49": "-49",
        "+50": "-50",
        "+51": "-51",
        "+52": "-52",
        "+53": "-53",
        "+54": "-54",
        "+55": "-55",
        "+56": "-56",
        "+57": "-57",
        "+58": "-58"
    },
    "edges": [
        [    0,    0,  440,  482,  427,  157,  324,  667,  440,  197,  377,  563,  633,  465,  760,  245,  627,  599,  625,  345,  323,  754,  182,  862,  481,  854,  312,  805,  531,  785,  606,  156,  107,  793,  677,  345,  577,  734,  715,  277,  348,  199,  806,  275,  523,  564,  746,  245,  205, 1018,  668,  754,  576,  715,  907,   85,  395,  898,  467,  667,  536,  555,  581,  213,  899,  844,  756,  475,  840,  751,  108,  703,  684,  374,  309,  316,  360,  695,  773,  827,  762,  107,  354,  173,  792,  231, 1109,  356,  520,  483,  615,  428,  609,  977,  439,  477,  260,  759,  633,  929,  536,  779,  219,  641,  437,  480,  808,  432,  679,  280,  938,  430,  852,  614,  521,  616,  550, 1003],
        [    0,    0,    0,    0,    0,    0,    0,    0,    0,    0,    0,    0,    0,    0,    0,    0,    0,    0,    0,    0,    0,    0,    0,    0,    0,    0,    0,    0,    0,    0,    0,    0,    0,    0,    0,    0,    0,    0,    0,    0,    0,    0,    0,    0,    0,    0,    0,    0,    0,    0,    0,    0,    0,    0,    0,    0,    0,    0,    0,    0,    0,    0,    0,    0,    0,    0,    0,    0,    0,    0,    0,    0,    0,    0,    0,    0,    0,    0,    0,    0,    0,    0,    0,    0,    0,    0,    0,    0,    0,    0,    0,    0,    0,    0,    0,    0,    0,    0,    0,    0,    0,    0,    0,    0,    0,    0,    0,    0,    0,    0,    0,    0,    0,    0,    0,    0,    0,    0],
        [  440,    0,    0,  682,  490,  284,  717,  418,   33,  263,  188,  603,  351,  702,  372,  207,  652,  162,  208,  149,  152,  672,  574,  446,  554,  444,  233,  568,  226,  346,  495,  474,  440,  355,  254,  279,  252,  700,  584,  166,  141,  534,  485,  572,  706,  728,  800,  438,  235,  656,  333,  771,  534,  641,  566,  370,  190,  692,  301,  502,  659,  206,  173,  384,  713,  565,  573,  641,  525,  695,  380,  660,  739,  300,  691,  273,  241,  489,  770,  639,  735,  377,  281,  557,  833,  275,  708,  160,  324,  622,  321,  434,  730,  942,  589,  451,  514,  465,  459,  803,  263,  719,  425,  641,  711,  313,  377,  190,  244,  684,  921,  685,  434,  334,   82,  699,  169,  645],
        [  482,    0,  682,    0,  215,  505,  337,  575,  705,  593,  747,  219,  598,   57,  800,  515,  257,  822,  886,  691,  667,  440,  349,  926,  180,  909,  449,  638,  587,  950,  404,  327,  378,  950,  801,  407,  622,  378,  469,  596,  689,  292,  738,  215,   43,   87,  307,  271,  545,  955,  673,  343,  318,  408,  837,  452,  507,  665,  873,  485,  110,  876,  853,  330,  644,  713,  550,   54,  755,  411,  414,  370,  260,  394,  309,  410,  760,  542,  375,  597,  389,  418,  407,  343,  354,  649, 1100,  710,  479,   91,  976,  281,  151,  567,   99,  301,  224,  675,  482,  606,  557,  432,  295,  292,  116,  450,  925,  527,  837,  360,  519,   87,  924,  983,  747,  190,  667,  937],
        [  427,    0,  490,  215,    0,  382,  441,  373,  517,  466,  588,  141,  387,  255,  587,  358,  204,  619,  688,  529,  507,  335,  375,  713,   67,  697,  266,  461,  373,  738,  225,  292,  324,  738,  588,  212,  407,  308,  319,  439,  525,  299,  538,  257,  228,  241,  339,  184,  406,  759,  460,  334,  161,  296,  640,  364,  305,  518,  721,  305,  170,  693,  659,  218,  508,  527,  385,  164,  559,  327,  327,  279,  275,  191,  408,  225,  613,  355,  349,  446,  336,  330,  210,  361,  381,  523,  896,  549,  266,  137,  800,   66,  241,  552,  117,   95,  210,  476,  290,  513,  343,  354,  209,  215,  294,  236,  711,  320,  625,  442,  515,  258,  710,  810,  548,  219,  456,  741],
        [  157,    0,  284,  505,  382,    0,  446,  539,  287,   88,  256,  521,  497,  505,  608,   90,  584,  444,  476,  210,  185,  679,  300,  706,  446,  699,  182,  686,  385,  629,  513,  216,  170,  637,  520,  231,  431,  675,  622,  126,  211,  277,  667,  335,  541,  575,  719,  235,   53,  873,  523,  714,  504,  640,  765,   88,  252,  790,  372,  562,  527,  420,  434,  177,  796,  715,  650,  481,  703,  685,  110,  639,  656,  265,  424,  201,  258,  580,  726,  722,  706,  106,  240,  284,  762,  146,  957,  226,  397,  478,  497,  359,  604,  925,  435,  402,  291,  624,  523,  845,  396,  712,  210,  589,  495,  360,  651,  288,  522,  409,  892,  477,  696,  499,  365,  595,  395,  859],
        [  324,    0,  717,  337,  441,  446,    0,  797,  727,  512,  694,  526,  792,  288,  966,  511,  579,  878,  919,  655,  630,  753,  147, 1084,  456, 1072,  517,  901,  728, 1049,  666,  244,  279, 1054,  918,  513,  773,  702,  757,  571,  656,  188,  959,  188,  375,  418,  643,  317,  499, 1182,  851,  678,  597,  717, 1063,  360,  603,  957,  790,  745,  439,  865,  877,  351,  944,  963,  826,  367,  985,  732,  340,  686,  596,  524,   34,  495,  682,  792,  709,  885,  718,  344,  519,  163,  689,  553, 1303,  668,  663,  398,  935,  487,  487,  903,  368,  531,  247,  900,  726,  927,  715,  755,  315,  609,  230,  623, 1052,  637,  935,   48,  855,  251, 1077,  934,  797,  524,  779, 1165],
        [  667,    0,  418,  575,  373,  539,  797,    0,  450,  585,  598,  383,   73,  623,  255,  460,  393,  447,  529,  546,  537,  310,  698,  376,  396,  356,  359,  153,  193,  470,  185,  592,  596,  463,  329,  322,  173,  370,  208,  500,  539,  626,  165,  610,  575,  570,  518,  489,  524,  387,  140,  465,  273,  295,  268,  583,  294,  275,  719,  127,  491,  597,  523,  478,  297,  178,  163,  522,  188,  348,  562,  334,  475,  295,  764,  351,  646,   83,  447,  224,  402,  562,  313,  680,  532,  628,  525,  563,  147,  486,  715,  315,  530,  570,  484,  279,  551,  104,  103,  398,  159,  364,  500,  363,  666,  188,  410,  264,  384,  787,  563,  630,  378,  733,  418,  476,  267,  370],
        [  440,    0,   33,  705,  517,  287,  727,  450,    0,  257,  161,  632,  383,  723,  394,  217,  682,  159,  193,  129,  137,  704,  582,  462,  581,  461,  256,  600,  258,  350,  527,  486,  449,  360,  271,  305,  283,  732,  617,  164,  121,  546,  514,  588,  731,  753,  830,  456,  236,  680,  362,  802,  565,  673,  592,  374,  219,  725,  270,  534,  686,  177,  154,  400,  746,  595,  605,  665,  554,  727,  388,  692,  769,  328,  701,  297,  215,  522,  801,  672,  767,  384,  308,  565,  863,  261,  726,  136,  357,  647,  290,  462,  757,  974,  614,  481,  530,  496,  491,  836,  296,  751,  442,  672,  731,  345,  388,  222,  254,  692,  953,  705,  449,  303,   85,  728,  198,  669],
        [  197,    0,  263,  593,  466,   88,  512,  585,  257,    0,  182,  604,  535,  592,  618,  129,  666,  414,  432,  149,  129,  752,  366,  705,  531,  701,  240,  735,  414,  606,  581,  294,  244,  616,  514,  297,  457,  752,  688,  101,  153,  354,  698,  418,  628,  663,  804,  322,   66,  894,  548,  796,  580,  714,  792,  157,  292,  846,  288,  623,  614,  359,  388,  265,  856,  757,  709,  569,  736,  760,  189,  716,  740,  331,  493,  269,  175,  634,  807,  781,  785,  185,  305,  352,  846,   59,  964,  160,  449,  565,  423,  438,  691, 1004,  523,  479,  377,  662,  582,  914,  433,  788,  298,  670,  579,  416,  640,  324,  507,  471,  972,  563,  694,  424,  340,  681,  404,  881],
        [  377,    0,  188,  747,  588,  256,  694,  598,  161,  182,    0,  719,  534,  753,  553,  234,  775,  287,  277,   60,   82,  826,  547,  613,  655,  614,  326,  750,  407,  478,  648,  470,  423,  490,  425,  386,  437,  843,  746,  152,   66,  531,  673,  590,  779,  809,  920,  478,  207,  839,  520,  902,  670,  791,  752,  337,  330,  872,  134,  668,  751,  184,  234,  419,  890,  751,  746,  716,  712,  843,  364,  803,  857,  417,  674,  366,   55,  664,  906,  815,  877,  360,  392,  533,  958,  151,  878,   40,  487,  705,  243,  545,  826, 1091,  666,  575,  543,  651,  625,  970,  439,  869,  457,  771,  748,  466,  531,  346,  399,  652, 1065,  728,  600,  244,  234,  806,  357,  829],
        [  563,    0,  603,  219,  141,  521,  526,  383,  632,  604,  719,    0,  421,  274,  627,  493,   65,  715,  790,  659,  638,  228,  489,  752,   83,  734,  393,  424,  447,  809,  200,  421,  458,  807,  658,  335,  471,  181,  251,  571,  655,  415,  539,  358,  204,  190,  202,  318,  543,  749,  500,  194,  111,  193,  633,  503,  414,  447,  852,  277,  115,  809,  765,  358,  427,  502,  334,  170,  551,  207,  466,  160,  139,  307,  494,  353,  747,  335,  211,  379,  203,  469,  330,  477,  242,  662,  900,  679,  324,  133,  920,  174,  149,  415,  159,  153,  326,  476,  282,  402,  410,  232,  345,   85,  330,  309,  769,  420,  702,  537,  376,  296,  752,  932,  652,  101,  538,  730],
        [  633,    0,  351,  598,  387,  497,  792,   73,  383,  535,  534,  421,    0,  642,  207,  413,  440,  375,  457,  484,  476,  376,  683,  332,  421,  315,  322,  218,  128,  406,  233,  574,  572,  401,  261,  294,  102,  431,  275,  445,  477,  614,  174,  607,  602,  602,  572,  477,  476,  393,   81,  524,  314,  357,  277,  549,  246,  343,  652,  190,  523,  526,  451,  458,  367,  223,  236,  545,  207,  412,  532,  394,  526,  273,  759,  321,  584,  154,  508,  296,  464,  532,  286,  665,  590,  574,  514,  500,  129,  511,  643,  324,  569,  640,  502,  298,  545,  128,  157,  470,  103,  430,  485,  413,  680,  169,  353,  212,  315,  778,  631,  644,  332,  662,  347,  518,  196,  377],
        [  465,    0,  702,   57,  255,  505,  288,  623,  723,  592,  753,  274,  642,    0,  842,  525,  314,  847,  909,  700,  675,  496,  317,  967,  230,  951,  470,  691,  623,  983,  456,  312,  365,  984,  836,  432,  660,  434,  524,  605,  698,  269,  787,  191,   89,  131,  357,  276,  549, 1005,  715,  396,  371,  464,  887,  445,  534,  721,  876,  537,  166,  892,  874,  335,  700,  765,  604,  106,  805,  467,  408,  426,  313,  424,  262,  432,  763,  593,  429,  652,  444,  412,  433,  314,  403,  647, 1148,  718,  520,  144,  987,  320,  202,  618,  140,  346,  216,  724,  532,  662,  595,  488,  297,  348,   61,  489,  962,  557,  869,  314,  570,   39,  964,  993,  771,  244,  699,  987],
        [  760,    0,  372,  800,  587,  608,  966,  255,  394,  618,  553,  627,  207,  842,    0,  518,  644,  302,  372,  521,  523,  559,  843,  127,  625,  110,  459,  331,  239,  236,  436,  734,  720,  226,  143,  454,  193,  623,  458,  519,  513,  781,  174,  787,  806,  808,  772,  650,  572,  286,  128,  719,  520,  547,  211,  678,  372,  451,  643,  381,  728,  475,  387,  619,  487,  278,  394,  748,  207,  599,  671,  588,  728,  444,  934,  474,  608,  329,  700,  432,  654,  669,  448,  825,  786,  641,  350,  530,  322,  715,  581,  522,  775,  806,  703,  501,  724,  203,  356,  613,  253,  613,  652,  615,  876,  355,  161,  335,  193,  946,  805,  841,  126,  602,  323,  724,  215,  277],
        [  245,    0,  207,  515,  358,   90,  511,  460,  217,  129,  234,  493,  413,  525,  518,    0,  552,  368,  409,  177,  152,  626,  367,  617,  425,  610,  113,  609,  298,  547,  454,  269,  234,  554,  433,  171,  343,  631,  561,   82,  174,  330,  581,  375,  546,  576,  694,  251,   65,  785,  435,  681,  458,  589,  677,  167,  167,  717,  364,  494,  518,  371,  369,  192,  727,  633,  580,  483,  617,  637,  174,  594,  631,  205,  485,  145,  255,  506,  689,  652,  665,  171,  179,  350,  735,  180,  867,  196,  321,  472,  463,  322,  594,  883,  433,  358,  321,  540,  453,  786,  311,  664,  232,  552,  525,  287,  565,  202,  438,  477,  853,  502,  607,  469,  288,  577,  306,  771],
        [  627,    0,  652,  257,  204,  584,  579,  393,  682,  666,  775,   65,  440,  314,  644,  552,    0,  756,  833,  716,  695,  183,  550,  767,  146,  748,  449,  410,  482,  838,  209,  484,  522,  834,  687,  390,  501,  123,  231,  629,  711,  477,  540,  417,  234,  209,  148,  382,  604,  741,  520,  131,  129,  155,  629,  567,  463,  415,  909,  275,  148,  858,  810,  421,  391,  491,  316,  215,  547,  155,  530,  113,   90,  360,  548,  410,  805,  334,  147,  351,  142,  533,  384,  538,  184,  723,  898,  736,  357,  182,  971,  231,  148,  351,  215,  202,  388,  478,  290,  350,  442,  177,  409,   37,  373,  349,  792,  465,  734,  593,  312,  340,  769,  983,  696,   90,  574,  723],
        [  599,    0,  162,  822,  619,  444,  878,  447,  159,  414,  287,  715,  375,  847,  302,  368,  756,    0,   83,  277,  290,  740,  735,  334,  678,  338,  381,  580,  279,  194,  572,  635,  601,  205,  160,  416,  278,  782,  643,  323,  270,  694,  457,  729,  842,  859,  901,  592,  394,  581,  323,  865,  630,  715,  513,  531,  316,  708,  349,  557,  786,  174,   85,  540,  737,  554,  610,  777,  495,  771,  541,  742,  845,  429,  851,  416,  339,  528,  857,  668,  817,  538,  416,  718,  929,  414,  599,  277,  403,  754,  281,  557,  852, 1009,  726,  563,  668,  458,  517,  845,  321,  791,  581,  739,  861,  408,  246,  299,  119,  845,  995,  833,  320,  302,   81,  815,  187,  573],
        [  625,    0,  208,  886,  688,  476,  919,  529,  193,  432,  277,  790,  457,  909,  372,  409,  833,   83,    0,  285,  304,  822,  773,  385,  749,  392,  440,  661,  360,  215,  653,  678,  640,  229,  231,  481,  360,  863,  725,  351,  280,  738,  534,  780,  909,  928,  979,  646,  424,  642,  404,  944,  708,  796,  583,  564,  383,  789,  308,  639,  857,  119,   45,  591,  818,  632,  692,  844,  571,  852,  579,  823,  922,  497,  894,  478,  324,  611,  937,  750,  898,  576,  481,  757, 1008,  420,  643,  279,  482,  822,  209,  628,  925, 1091,  792,  637,  721,  538,  599,  927,  402,  873,  633,  817,  919,  485,  288,  371,  180,  883, 1077,  892,  370,  231,  140,  889,  269,  637],
        [  345,    0,  149,  691,  529,  210,  655,  546,  129,  149,   60,  659,  484,  700,  521,  177,  716,  277,  285,    0,   26,  767,  508,  591,  596,  589,  267,  699,  357,  470,  590,  425,  379,  481,  399,  326,  390,  783,  689,   95,    8,  486,  630,  541,  723,  751,  861,  425,  159,  805,  477,  842,  611,  733,  713,  295,  272,  819,  194,  612,  693,  212,  241,  365,  836,  704,  691,  659,  669,  784,  319,  744,  798,  357,  633,  307,  101,  610,  847,  761,  818,  315,  332,  493,  899,  138,  854,   20,  431,  648,  290,  486,  768, 1032,  609,  516,  491,  605,  569,  914,  388,  810,  404,  712,  696,  409,  515,  291,  381,  615, 1006,  675,  578,  294,  212,  747,  316,  794],
        [  323,    0,  152,  667,  507,  185,  630,  537,  137,  129,   82,  638,  476,  675,  523,  152,  695,  290,  304,   26,    0,  750,  484,  597,  574,  595,  246,  689,  349,  483,  573,  400,  355,  494,  405,  305,  385,  764,  674,   71,   26,  461,  626,  516,  698,  727,  839,  400,  134,  806,  473,  822,  592,  715,  711,  271,  257,  808,  215,  598,  669,  235,  260,  340,  824,  697,  678,  635,  665,  766,  294,  725,  776,  337,  609,  285,  115,  598,  827,  749,  799,  290,  312,  468,  878,  125,  860,   44,  417,  624,  315,  465,  744, 1014,  585,  496,  466,  598,  556,  899,  378,  792,  379,  691,  671,  393,  524,  278,  390,  591,  987,  650,  585,  319,  221,  725,  314,  794],
        [  754,    0,  672,  440,  335,  679,  753,  310,  704,  752,  826,  228,  376,  496,  559,  626,  183,  740,  822,  767,  750,    0,  707,  673,  300,  652,  515,  264,  463,  779,  179,  626,  656,  773,  637,  456,  464,   80,  102,  694,  761,  631,  421,  580,  417,  390,  239,  517,  687,  595,  450,  176,  179,   40,  492,  683,  496,  238,  957,  186,  331,  871,  808,  541,  210,  347,  174,  395,  417,   45,  650,   71,  223,  421,  721,  483,  864,  230,  148,  183,  101,  652,  448,  693,  238,  806,  759,  787,  348,  359,  989,  327,  324,  271,  386,  279,  541,  366,  224,  179,  421,   54,  540,  149,  554,  361,  718,  485,  691,  762,  256,  521,  677, 1004,  696,  266,  553,  577],
        [  182,    0,  574,  349,  375,  300,  147,  698,  582,  366,  547,  489,  683,  317,  843,  367,  550,  735,  773,  508,  484,  707,    0,  957,  410,  946,  387,  816,  605,  910,  590,  110,  134,  916,  785,  392,  651,  669,  692,  425,  509,   77,  854,  137,  391,  435,  644,  210,  353, 1075,  734,  666,  536,  668,  958,  213,  474,  888,  646,  665,  429,  718,  732,  226,  881,  870,  751,  359,  883,  694,  195,  646,  588,  410,  129,  371,  537,  705,  692,  816,  691,  198,  399,   19,  691,  408, 1187,  521,  556,  379,  788,  404,  493,  894,  339,  453,  166,  799,  639,  885,  598,  720,  198,  573,  276,  515,  919,  510,  798,  110,  850,  279,  949,  788,  654,  515,  648, 1059],
        [  862,    0,  446,  926,  713,  706, 1084,  376,  462,  705,  613,  752,  332,  967,  127,  617,  767,  334,  385,  591,  597,  673,  957,    0,  751,   21,  571,  428,  357,  191,  559,  848,  831,  176,  193,  572,  314,  740,  573,  605,  583,  898,  261,  907,  932,  934,  892,  769,  665,  267,  254,  838,  644,  664,  247,  781,  483,  536,  683,  500,  854,  501,  412,  734,  576,  361,  503,  874,  282,  714,  778,  707,  850,  564, 1053,  589,  668,  446,  817,  530,  770,  776,  566,  939,  904,  720,  266,  596,  448,  841,  590,  647,  900,  909,  829,  627,  844,  308,  478,  707,  376,  726,  769,  738, 1001,  480,  102,  448,  217, 1061,  912,  966,   16,  612,  381,  848,  313,  266],
        [  481,    0,  554,  180,   67,  446,  456,  396,  581,  531,  655,   83,  421,  230,  625,  425,  146,  678,  749,  596,  574,  300,  410,  751,    0,  734,  332,  463,  423,  788,  227,  339,  376,  788,  638,  277,  453,  261,  304,  505,  592,  335,  559,  281,  182,  186,  274,  237,  472,  776,  498,  274,  146,  263,  658,  423,  367,  505,  788,  309,  110,  758,  721,  278,  489,  536,  379,  126,  576,  285,  386,  237,  210,  254,  423,  291,  680,  364,  293,  434,  285,  389,  274,  397,  317,  589,  920,  616,  308,   91,  866,  122,  177,  497,   94,  126,  245,  496,  303,  477,  390,  311,  263,  165,  278,  284,  757,  379,  678,  463,  458,  242,  750,  876,  609,  152,  510,  758],
        [  854,    0,  444,  909,  697,  699, 1072,  356,  461,  701,  614,  734,  315,  951,  110,  610,  748,  338,  392,  589,  595,  652,  946,   21,  734,    0,  561,  407,  344,  204,  540,  837,  821,  190,  191,  559,  300,  720,  552,  601,  582,  886,  240,  894,  915,  916,  872,  757,  660,  254,  237,  818,  626,  644,  228,  773,  473,  516,  687,  480,  837,  507,  418,  723,  555,  340,  482,  857,  261,  694,  769,  687,  831,  551, 1040,  578,  668,  426,  796,  509,  750,  767,  554,  928,  884,  718,  266,  596,  432,  824,  599,  632,  882,  888,  813,  610,  831,  287,  459,  686,  361,  705,  758,  718,  985,  465,  115,  437,  220, 1050,  891,  951,   32,  621,  381,  830,  305,  252],
        [  312,    0,  233,  449,  266,  182,  517,  359,  256,  240,  326,  393,  322,  470,  459,  113,  449,  381,  440,  267,  246,  515,  387,  571,  332,  561,    0,  505,  223,  535,  342,  278,  262,  540,  402,   61,  270,  522,  449,  182,  262,  330,  494,  353,  475,  498,  595,  213,  175,  708,  358,  577,  349,  478,  595,  228,   88,  609,  460,  384,  433,  430,  405,  167,  618,  536,  471,  410,  529,  527,  214,  484,  532,   94,  488,   42,  357,  399,  583,  543,  556,  213,   68,  368,  633,  292,  806,  287,  216,  392,  535,  220,  507,  773,  358,  251,  291,  448,  344,  674,  224,  554,  206,  447,  482,  179,  535,  125,  421,  492,  744,  453,  563,  544,  303,  483,  263,  692],
        [  805,    0,  568,  638,  461,  686,  901,  153,  600,  735,  750,  424,  218,  691,  331,  609,  410,  580,  661,  699,  689,  264,  816,  428,  463,  407,  505,    0,  344,  566,  238,  715,  726,  557,  443,  461,  318,  341,  180,  652,  691,  742,  168,  714,  627,  612,  501,  607,  673,  334,  258,  439,  320,  269,  229,  722,  445,  128,  869,  157,  539,  739,  661,  606,  159,   84,   94,  585,  156,  309,  699,  317,  475,  431,  867,  491,  799,  112,  412,  102,  364,  699,  452,  799,  502,  779,  496,  715,  290,  548,  856,  416,  557,  481,  557,  370,  659,  129,  177,  282,  312,  313,  622,  374,  741,  327,  491,  416,  500,  897,  487,  705,  435,  874,  561,  499,  410,  316],
        [  531,    0,  226,  587,  373,  385,  728,  193,  258,  414,  407,  447,  128,  623,  239,  298,  482,  279,  360,  357,  349,  463,  605,  357,  423,  344,  223,  344,    0,  366,  294,  496,  484,  365,  215,  216,   47,  504,  369,  321,  349,  543,  285,  551,  600,  609,  626,  413,  358,  489,  138,  587,  355,  436,  380,  447,  137,  467,  527,  284,  532,  412,  346,  380,  488,  349,  349,  537,  323,  492,  437,  464,  571,  208,  697,  235,  456,  265,  578,  414,  539,  435,  210,  587,  652,  450,  584,  372,  126,  508,  530,  308,  591,  733,  489,  300,  488,  251,  242,  581,   43,  514,  414,  463,  651,  141,  340,  100,  256,  707,  718,  618,  351,  547,  234,  548,   93,  474],
        [  785,    0,  346,  950,  738,  629, 1049,  470,  350,  606,  478,  809,  406,  983,  236,  547,  838,  194,  215,  470,  483,  779,  910,  191,  788,  204,  535,  566,  366,    0,  635,  806,  777,   16,  152,  556,  339,  837,  678,  511,  464,  862,  409,  888,  965,  974,  975,  748,  581,  457,  330,  929,  709,  762,  426,  713,  456,  687,  522,  595,  897,  334,  251,  702,  722,  514,  623,  901,  440,  817,  719,  799,  926,  560, 1020,  565,  529,  551,  914,  665,  870,  716,  554,  893,  995,  607,  434,  471,  486,  873,  410,  672,  955, 1035,  852,  665,  825,  437,  563,  847,  401,  833,  741,  814, 1006,  506,   90,  428,  116, 1019, 1031,  974,  176,  432,  266,  909,  284,  456],
        [  606,    0,  495,  404,  225,  513,  666,  185,  527,  581,  648,  200,  233,  456,  436,  454,  209,  572,  653,  590,  573,  179,  590,  559,  227,  540,  342,  238,  294,  635,    0,  496,  516,  631,  487,  285,  303,  210,  110,  518,  583,  515,  340,  480,  398,  389,  341,  385,  516,  552,  313,  296,   90,  146,  435,  529,  318,  299,  779,   83,  311,  696,  636,  396,  294,  310,  161,  351,  353,  201,  499,  170,  294,  250,  632,  314,  687,  138,  285,  226,  245,  500,  276,  575,  362,  633,  702,  609,  173,  314,  813,  187,  346,  448,  320,  138,  429,  277,   83,  333,  252,  225,  404,  181,  504,  183,  585,  307,  536,  664,  428,  468,  560,  828,  523,  291,  386,  534],
        [  156,    0,  474,  327,  292,  216,  244,  592,  486,  294,  470,  421,  574,  312,  734,  269,  484,  635,  678,  425,  400,  626,  110,  848,  339,  837,  278,  715,  496,  806,  496,    0,   54,  811,  677,  283,  542,  598,  601,  336,  425,   62,  746,  126,  368,  408,  595,  112,  267,  967,  625,  608,  451,  587,  850,  139,  365,  794,  582,  567,  383,  632,  637,  117,  789,  766,  654,  320,  776,  618,  107,  570,  535,  301,  217,  261,  469,  604,  630,  722,  623,  111,  290,   92,  642,  345, 1077,  441,  449,  331,  712,  310,  455,  834,  287,  360,  105,  692,  539,  804,  488,  645,   94,  502,  290,  408,  811,  400,  692,  215,  793,  279,  840,  714,  554,  465,  540,  951],
        [  107,    0,  440,  378,  324,  170,  279,  596,  449,  244,  423,  458,  572,  365,  720,  234,  522,  601,  640,  379,  355,  656,  134,  831,  376,  821,  262,  726,  484,  777,  516,   54,    0,  784,  655,  278,  531,  632,  623,  293,  380,  110,  745,  179,  418,  458,  639,  141,  222,  964,  617,  648,  478,  616,  848,   87,  349,  812,  531,  582,  429,  589,  599,  122,  810,  773,  671,  369,  777,  650,   62,  602,  578,  302,  255,  253,  419,  615,  668,  740,  659,   65,  286,  117,  685,  293, 1067,  394,  451,  377,  665,  333,  503,  873,  332,  383,  155,  693,  551,  832,  481,  678,  116,  538,  343,  409,  789,  386,  666,  244,  833,  332,  822,  666,  521,  509,  519,  948],
        [  793,    0,  355,  950,  738,  637, 1054,  463,  360,  616,  490,  807,  401,  984,  226,  554,  834,  205,  229,  481,  494,  773,  916,  176,  788,  190,  540,  557,  365,   16,  631,  811,  784,    0,  150,  559,  337,  831,  671,  520,  475,  867,  399,  892,  964,  974,  971,  751,  589,  443,  324,  924,  706,  757,  412,  720,  459,  676,  536,  589,  896,  348,  265,  706,  713,  503,  615,  901,  428,  811,  726,  794,  922,  562, 1025,  568,  542,  544,  908,  656,  864,  723,  556,  898,  991,  618,  419,  482,  484,  873,  425,  672,  953, 1028,  852,  664,  829,  428,  557,  838,  399,  827,  746,  810, 1008,  505,   76,  431,  119, 1025, 1024,  976,  161,  447,  276,  907,  286,  441],
        [  677,    0,  254,  801,  588,  520,  918,  329,  271,  514,  425,  658,  261,  836,  143,  433,  687,  160,  231,  399,  405,  637,  785,  193,  638,  191,  402,  443,  215,  152,  487,  677,  655,  150,    0,  415,  188,  691,  536,  415,  391,  731,  304,  750,  815,  824,  826,  610,  477,  422,  191,  781,  559,  618,  353,  599,  317,  569,  505,  451,  746,  334,  245,  568,  601,  405,  488,  752,  341,  673,  599,  653,  776,  415,  889,  427,  479,  412,  768,  538,  724,  597,  411,  767,  848,  528,  456,  405,  335,  723,  439,  523,  804,  899,  703,  514,  687,  316,  417,  719,  250,  691,  606,  664,  861,  355,  135,  286,   57,  892,  891,  829,  180,  460,  191,  758,  140,  414],
        [  345,    0,  279,  407,  212,  231,  513,  322,  305,  297,  386,  335,  294,  432,  454,  171,  390,  416,  481,  326,  305,  456,  392,  572,  277,  559,   61,  461,  216,  556,  285,  283,  278,  559,  415,    0,  261,  462,  393,  242,  321,  328,  467,  338,  429,  450,  536,  198,  232,  686,  342,  517,  289,  419,  571,  262,  102,  560,  520,  332,  381,  481,  449,  167,  566,  499,  420,  364,  500,  467,  241,  424,  473,   35,  481,   31,  417,  353,  523,  492,  496,  241,   10,  374,  573,  350,  795,  346,  176,  343,  589,  161,  453,  713,  312,  191,  274,  416,  294,  618,  206,  494,  199,  387,  451,  135,  547,  129,  441,  493,  684,  420,  565,  599,  341,  426,  275,  670],
        [  577,    0,  252,  622,  407,  431,  773,  173,  283,  457,  437,  471,  102,  660,  193,  343,  501,  278,  360,  390,  385,  464,  651,  314,  453,  300,  270,  318,   47,  339,  303,  542,  531,  337,  188,  261,    0,  511,  366,  361,  382,  588,  243,  595,  632,  639,  641,  457,  402,  443,   93,  598,  372,  441,  336,  494,  184,  445,  552,  280,  561,  425,  351,  426,  469,  314,  335,  571,  282,  496,  483,  472,  589,  251,  741,  281,  488,  252,  587,  397,  545,  482,  255,  633,  664,  490,  537,  405,  148,  540,  542,  341,  617,  732,  523,  329,  531,  215,  241,  570,   65,  516,  459,  478,  690,  172,  304,  147,  234,  753,  720,  656,  308,  560,  246,  571,   94,  429],
        [  734,    0,  700,  378,  308,  675,  702,  370,  732,  752,  843,  181,  431,  434,  623,  631,  123,  782,  863,  783,  764,   80,  669,  740,  261,  720,  522,  341,  504,  837,  210,  598,  632,  831,  691,  462,  511,    0,  169,  704,  777,  595,  493,  538,  351,  320,  161,  491,  688,  673,  508,  100,  174,   77,  569,  669,  517,  316,  976,  243,  269,  903,  846,  524,  285,  424,  249,  337,  492,   37,  633,   41,  146,  429,  671,  487,  878,  295,   78,  262,   36,  636,  455,  657,  165,  808,  837,  803,  382,  305, 1020,  316,  251,  252,  337,  274,  505,  436,  275,  228,  462,   55,  517,   97,  494,  387,  779,  511,  742,  715,  223,  462,  744, 1034,  732,  195,  596,  655],
        [  715,    0,  584,  469,  319,  622,  757,  208,  617,  688,  746,  251,  275,  524,  458,  561,  231,  643,  725,  689,  674,  102,  692,  573,  304,  552,  449,  180,  369,  678,  110,  601,  623,  671,  536,  393,  366,  169,    0,  622,  682,  615,  325,  575,  455,  436,  326,  489,  623,  513,  348,  268,  160,   93,  404,  638,  417,  201,  876,   86,  365,  779,  713,  504,  190,  263,   86,  419,  326,  142,  608,  139,  296,  358,  724,  422,  788,  129,  245,  130,  198,  609,  384,  676,  333,  740,  674,  708,  261,  381,  897,  291,  379,  367,  397,  241,  528,  268,  127,  227,  327,  156,  510,  194,  578,  281,  616,  401,  590,  759,  356,  543,  577,  913,  602,  320,  457,  495],
        [  277,    0,  166,  596,  439,  126,  571,  500,  164,  101,  152,  571,  445,  605,  519,   82,  629,  323,  351,   95,   71,  694,  425,  605,  505,  601,  182,  652,  321,  511,  518,  336,  293,  520,  415,  242,  361,  704,  622,    0,   93,  397,  604,  449,  628,  657,  773,  330,   74,  796,  452,  758,  530,  658,  695,  214,  209,  767,  283,  550,  600,  297,  308,  271,  780,  667,  633,  565,  642,  708,  232,  665,  710,  275,  548,  220,  176,  555,  764,  704,  738,  228,  249,  409,  812,  130,  863,  114,  371,  554,  383,  399,  675,  954,  515,  432,  397,  571,  508,  848,  343,  734,  310,  628,  602,  342,  541,  237,  409,  534,  926,  581,  594,  388,  246,  657,  304,  783],
        [  348,    0,  141,  689,  525,  211,  656,  539,  121,  153,   66,  655,  477,  698,  513,  174,  711,  270,  280,    8,   26,  761,  509,  583,  592,  582,  262,  691,  349,  464,  583,  425,  380,  475,  391,  321,  382,  777,  682,   93,    0,  486,  622,  541,  720,  748,  856,  423,  159,  797,  469,  837,  605,  726,  705,  297,  266,  812,  199,  605,  689,  210,  236,  364,  829,  696,  684,  656,  661,  778,  320,  738,  793,  352,  634,  302,  108,  603,  841,  754,  812,  316,  327,  494,  894,  144,  847,   26,  424,  644,  291,  481,  764, 1026,  606,  510,  490,  597,  562,  907,  380,  804,  403,  706,  695,  402,  507,  284,  374,  617, 1000,  674,  570,  296,  204,  743,  308,  786],
        [  199,    0,  534,  292,  299,  277,  188,  626,  546,  354,  531,  415,  614,  269,  781,  330,  477,  694,  738,  486,  461,  631,   77,  898,  335,  886,  330,  742,  543,  862,  515,   62,  110,  867,  731,  328,  588,  595,  615,  397,  486,    0,  784,   78,  333,  376,  577,  138,  328, 1006,  668,  595,  460,  592,  888,  197,  416,  812,  641,  589,  362,  694,  698,  164,  805,  797,  675,  294,  812,  619,  168,  571,  519,  342,  159,  309,  528,  631,  620,  740,  618,  172,  334,   63,  624,  403, 1121,  502,  486,  311,  773,  328,  430,  824,  269,  377,   90,  727,  565,  809,  532,  645,  130,  499,  239,  445,  865,  450,  748,  165,  781,  232,  891,  775,  613,  447,  592,  989],
        [  806,    0,  485,  738,  538,  667,  959,  165,  514,  698,  673,  539,  174,  787,  174,  581,  540,  457,  534,  630,  626,  421,  854,  261,  559,  240,  494,  168,  285,  409,  340,  746,  745,  399,  304,  467,  243,  493,  325,  604,  622,  784,    0,  772,  736,  728,  650,  647,  642,  224,  154,  592,  429,  418,  105,  721,  415,  279,  778,  266,  651,  627,  541,  630,  317,  105,  248,  685,   40,  464,  705,  463,  616,  445,  925,  494,  725,  207,  568,  269,  520,  705,  459,  836,  657,  732,  362,  643,  298,  649,  738,  479,  683,  649,  648,  444,  712,   64,  258,  447,  271,  473,  656,  507,  830,  339,  329,  380,  360,  947,  653,  794,  269,  758,  457,  627,  317,  207],
        [  275,    0,  572,  215,  257,  335,  188,  610,  588,  418,  590,  358,  607,  191,  787,  375,  417,  729,  780,  541,  516,  580,  137,  907,  281,  894,  353,  714,  551,  888,  480,  126,  179,  892,  750,  338,  595,  538,  575,  449,  541,   78,  772,    0,  257,  300,  507,  141,  384,  996,  669,  530,  416,  543,  876,  264,  434,  775,  705,  559,  292,  745,  741,  189,  764,  776,  641,  222,  798,  564,  230,  516,  451,  344,  154,  324,  592,  605,  556,  703,  558,  234,  342,  130,  554,  470, 1120,  558,  479,  243,  830,  300,  357,  758,  203,  345,   64,  713,  539,  757,  535,  589,  148,  442,  164,  439,  883,  465,  773,  185,  714,  155,  902,  833,  649,  378,  611,  978],
        [  523,    0,  706,   43,  228,  541,  375,  575,  731,  628,  779,  204,  602,   89,  806,  546,  234,  842,  909,  723,  698,  417,  391,  932,  182,  915,  475,  627,  600,  965,  398,  368,  418,  964,  815,  429,  632,  351,  455,  628,  720,  333,  736,  257,    0,   45,  269,  306,  579,  950,  679,  308,  310,  388,  833,  491,  527,  647,  906,  478,   90,  904,  878,  364,  624,  704,  537,   66,  750,  386,  452,  346,  226,  414,  348,  435,  794,  535,  342,  581,  359,  456,  428,  386,  315,  685, 1098,  742,  488,   93, 1005,  293,  114,  530,  118,  306,  264,  673,  478,  578,  568,  405,  332,  270,  149,  461,  936,  546,  852,  399,  482,  124,  931, 1013,  770,  158,  683,  931],
        [  564,    0,  728,   87,  241,  575,  418,  570,  753,  663,  809,  190,  602,  131,  808,  576,  209,  859,  928,  751,  727,  390,  435,  934,  186,  916,  498,  612,  609,  974,  389,  408,  458,  974,  824,  450,  639,  320,  436,  657,  748,  376,  728,  300,   45,    0,  227,  341,  611,  938,  680,  270,  300,  363,  823,  528,  545,  623,  937,  466,   80,  928,  898,  398,  598,  691,  520,   94,  740,  356,  490,  320,  188,  431,  391,  458,  826,  525,  304,  559,  325,  493,  448,  429,  273,  720, 1090,  771,  493,  107, 1031,  305,   74,  488,  143,  311,  304,  665,  471,  546,  576,  374,  367,  245,  191,  469,  942,  561,  863,  443,  440,  168,  933, 1040,  788,  126,  695,  920],
        [  746,    0,  800,  307,  339,  719,  643,  518,  830,  804,  920,  202,  572,  357,  772,  694,  148,  901,  979,  861,  839,  239,  644,  892,  274,  872,  595,  501,  626,  975,  341,  595,  639,  971,  826,  536,  641,  161,  326,  773,  856,  577,  650,  507,  269,  227,    0,  504,  744,  833,  652,   65,  272,  234,  728,  694,  611,  470, 1054,  393,  216, 1005,  957,  550,  436,  585,  408,  285,  651,  195,  656,  188,   64,  507,  615,  555,  948,  448,  101,  421,  143,  659,  530,  635,   48,  862,  997,  881,  501,  266, 1118,  375,  156,  262,  310,  350,  493,  592,  417,  350,  585,  199,  531,  164,  417,  495,  924,  613,  875,  665,  214,  392,  895, 1131,  843,  131,  719,  815],
        [  245,    0,  438,  271,  184,  235,  317,  489,  456,  322,  478,  318,  477,  276,  650,  251,  382,  592,  646,  425,  400,  517,  210,  769,  237,  757,  213,  607,  413,  748,  385,  112,  141,  751,  610,  198,  457,  491,  489,  330,  423,  138,  647,  141,  306,  341,  504,    0,  275,  869,  534,  510,  340,  477,  751,  192,  293,  683,  603,  457,  299,  620,  609,   60,  678,  661,  544,  248,  675,  510,  153,  462,  442,  208,  285,  184,  490,  496,  529,  610,  518,  156,  203,  193,  549,  379,  987,  443,  350,  248,  712,  198,  375,  733,  204,  248,   78,  590,  430,  694,  399,  538,   28,  397,  276,  309,  743,  325,  633,  301,  694,  252,  763,  718,  512,  375,  470,  853],
        [  205,    0,  235,  545,  406,   53,  499,  524,  236,   66,  207,  543,  476,  549,  572,   65,  604,  394,  424,  159,  134,  687,  353,  665,  472,  660,  175,  673,  358,  581,  516,  267,  222,  589,  477,  232,  402,  688,  623,   74,  159,  328,  642,  384,  579,  611,  744,  275,    0,  843,  494,  734,  516,  649,  737,  141,  231,  782,  329,  558,  559,  367,  381,  215,  791,  697,  644,  518,  679,  696,  161,  652,  680,  266,  477,  204,  216,  571,  744,  716,  721,  158,  240,  337,  785,  120,  919,  175,  385,  511,  447,  375,  635,  940,  470,  415,  336,  603,  517,  848,  374,  723,  252,  607,  541,  351,  606,  264,  476,  462,  908,  522,  655,  450,  316,  623,  357,  829],
        [ 1018,    0,  656,  955,  759,  873, 1182,  387,  680,  894,  839,  749,  393, 1005,  286,  785,  741,  581,  642,  805,  806,  595, 1075,  267,  776,  254,  708,  334,  489,  457,  552,  967,  964,  443,  422,  686,  443,  673,  513,  796,  797, 1006,  224,  996,  950,  938,  833,  869,  843,    0,  351,  771,  640,  603,  120,  934,  624,  387,  926,  473,  863,  753,  663,  851,  429,  251,  428,  902,  201,  640,  921,  650,  809,  666, 1149,  711,  893,  415,  741,  417,  695,  920,  678, 1057,  831,  921,  169,  815,  520,  865,  851,  702,  888,  775,  867,  665,  935,  284,  474,  562,  484,  641,  878,  706, 1051,  561,  368,  587,  464, 1169,  792, 1015,  282,  872,  608,  830,  493,   19],
        [  668,    0,  333,  673,  460,  523,  851,  140,  362,  548,  520,  500,   81,  715,  128,  435,  520,  323,  404,  477,  473,  450,  734,  254,  498,  237,  358,  258,  138,  330,  313,  625,  617,  324,  191,  342,   93,  508,  348,  452,  469,  668,  154,  669,  679,  680,  652,  534,  494,  351,    0,  602,  394,  433,  244,  584,  274,  385,  629,  266,  601,  486,  405,  508,  415,  236,  298,  620,  193,  488,  572,  471,  606,  327,  818,  365,  573,  222,  586,  349,  541,  571,  335,  716,  669,  581,  453,  490,  196,  587,  601,  396,  649,  708,  576,  373,  606,  137,  235,  529,  137,  504,  539,  493,  751,  232,  273,  237,  247,  833,  702,  716,  253,  620,  311,  598,  165,  337],
        [  754,    0,  771,  343,  334,  714,  678,  465,  802,  796,  902,  194,  524,  396,  719,  681,  131,  865,  944,  842,  822,  176,  666,  838,  274,  818,  577,  439,  587,  929,  296,  608,  648,  924,  781,  517,  598,  100,  268,  758,  837,  595,  592,  530,  308,  270,   65,  510,  734,  771,  602,    0,  238,  175,  667,  696,  584,  405, 1036,  339,  241,  977,  924,  551,  371,  523,  348,  313,  591,  132,  659,  132,   83,  486,  649,  539,  933,  392,   38,  357,   78,  662,  511,  656,   67,  853,  935,  862,  462,  288, 1091,  360,  197,  229,  328,  327,  508,  535,  367,  288,  545,  134,  536,  132,  457,  461,  874,  583,  832,  697,  186,  429,  841, 1104,  810,  155,  679,  753],
