{
    "name": "random-40-26838",
    "comment": "size=40 seed=26838",
    "nodes": ["+0", "-0", "+1", "-1", "+2", "-2", "+3", "-3", "+4", "-4", "+5", "-5", "+6", "-6", "+7", "-7", "+8", "-8", "+9", "-9", "+10", "-10", "+11", "-11", "+12", "-12", "+13", "-13", "+14", "-14", "+15", "-15", "+16", "-16", "+17", "-17", "+18", "-18", "+19", "-19", "+20", "-20", "+21", "-21", "+22", "-22", "+23", "-23", "+24", "-24", "+25", "-25", "+26", "-26", "+27", "-27", "+28", "-28", "+29", "-29", "+30", "-30", "+31", "-31", "+32", "-32", "+33", "-33", "+34", "-34", "+35", "-35", "+36", "-36", "+37", "-37", "+38", "-38", "+39", "-39", "+40", "-40"],
    "precedence": {
        "+0": "-0",
        "+1": "-1",
        "+2": "-2",
        "+3": "-3",
        "+4": "-4",
        "+5": "-5",
        "+6": "-6",
        "+7": "-7",
        "+8": "-8",
        "+9": "-9",
        "+10": "-10",
        "+11": "-11",
        "+12": "-12",
        "+13": "-13",
        "+14": "-14",
        "+15": "-15",
        "+16": "-16",
        "+17": "-17",
        "+18": "-18",
        "+19": "-19",
        "+20": "-20",
        "+21": "-21",
        "+22": "-22",
        "+23": "-23",
        "+24": "-24",
        "+25": "-25",
        "+26": "-26",
        "+27": "-27",
        "+28": "-28",
        "+29": "-29",
        "+30": "-30",
        "+31": "-31",
        "+32": "-32",
        "+33": "-33",
        "+34": "-34",
        "+35": "-35",
        "+36": "-36",
        "+37": "-37",
        "+38": "-38",
        "+39": "-39",
        "+40": "-40"
    },
    "edges": [
        [    0,    0,  647,  688,  725,  849,  431,   44,  133,   41,  661,  579,  317,  101,  511,  171,  638,  989,  371,  680,  592,  275,  381,  546,  614,  738,  801,  222,  447,  595,  259,  257,  225,  656,  772,  935,  580,  268,  244,  637,  602,  180,  714,  299,  195,  753,  194,  120,  602,  188,  476,  597,  666,  564,  299,  683,  687,  328,  121,  190,  784,  469,  270,  210,  399,  792,  484,  490,  813,  612,  624,  840,  414,  633,  175,  722,  191,  805,  181,  381,  667,  288],
        [    0,    0,  647,  688,  725,  849,  431,   44,  133,   41,  661,  579,  317,  101,  511,  171,  638,  989,  371,  680,  592,  275,  381,  546,  614,  738,  801,  222,  447,  595,  259,  257,  225,  656,  772,  935,  580,  268,  244,  637,  602,  180,  714,  299,  195,  753,  194,  120,  602,  188,  476,  597,  666,  564,  299,  683,  687,  328,  121,  190,  784,  469,  270,  210,  399,  792,  484,  490,  813,  612,  624,  840,  414,  633,  175,  722,  191,  805,  181,  381,  667,  288],
        [  647,  647,    0,  200,  132,  273,  264,  640,  531,  668,  718,  208,  464,  702,  361,  648,  303,  430,  607,  765,  306,  377,  507,  440,  447,  191,  264,  815,  543,  237,  565,  452,  426,  434,  519,  452,  500,  763,  443,  128,  131,  812,  366,  593,  557,  114,  534,  752,  496,  834,  459,  855,  692,  698,  827,  520,  528,  657,  527,  748,  143,  557,  671,  759,  262,  150,  456,  818,  313,  607,  598,  455,  267,  440,  805,  143,  597,  457,  475,  284,  471,  371],
        [  688,  688,  200,    0,  316,  439,  405,  693,  558,  718,  897,  398,  591,  717,  537,  736,  131,  586,  745,  943,  497,  455,  651,  621,  637,   62,  447,  811,  443,  430,  678,  446,  466,  629,  717,  633,  353,  861,  539,   81,  324,  828,  565,  716,  652,  261,  627,  773,  682,  865,  352, 1011,  874,  865,  920,  714,  352,  782,  571,  741,  201,  450,  781,  747,  376,  211,  625,  959,  501,  788,  781,  651,  396,  632,  820,   89,  691,  655,  544,  396,  665,  459],
        [  725,  725,  132,  316,    0,  144,  303,  711,  621,  740,  672,  183,  492,  791,  339,  697,  431,  302,  616,  720,  257,  450,  514,  404,  391,  290,  134,  910,  670,  195,  598,  559,  516,  365,  426,  322,  631,  801,  499,  254,  126,  898,  274,  618,  605,   76,  585,  837,  446,  912,  589,  838,  642,  671,  866,  450,  656,  676,  608,  846,  167,  686,  702,  859,  326,  166,  438,  818,  186,  561,  549,  339,  316,  378,  891,  239,  643,  349,  546,  345,  401,  438],
        [  849,  849,  273,  439,  144,    0,  418,  831,  753,  860,  688,  275,  588,  921,  406,  802,  562,  158,  691,  735,  309,  576,  593,  448,  414,  400,   64, 1042,  814,  270,  694,  698,  648,  374,  393,  200,  769,  896,  613,  388,  249, 1025,  262,  706,  712,  179,  694,  963,  470, 1034,  731,  880,  655,  708,  961,  449,  788,  758,  736,  981,  253,  829,  793,  994,  452,  247,  498,  878,  106,  582,  568,  268,  435,  395, 1018,  353,  747,  296,  668,  469,  405,  562],
        [  431,  431,  264,  405,  303,  418,    0,  413,  346,  442,  507,  149,  201,  509,  162,  395,  443,  558,  347,  550,  191,  164,  249,  245,  287,  427,  370,  633,  520,  169,  303,  327,  249,  305,  424,  514,  552,  504,  197,  326,  178,  609,  314,  330,  303,  347,  282,  548,  315,  616,  467,  607,  488,  464,  568,  373,  624,  393,  322,  576,  405,  542,  408,  591,   60,  411,  229,  560,  385,  403,  401,  441,   25,  295,  603,  389,  341,  417,  251,   63,  334,  147],
        [   44,   44,  640,  693,  711,  831,  413,    0,  150,   30,  619,  559,  284,  143,  481,  128,  652,  968,  328,  637,  566,  264,  343,  512,  580,  741,  782,  259,  479,  572,  218,  276,  228,  623,  738,  910,  607,  230,  220,  639,  587,  209,  686,  257,  157,  743,  159,  152,  566,  204,  502,  555,  624,  522,  266,  647,  713,  285,  124,  232,  779,  501,  227,  252,  386,  787,  449,  448,  791,  572,  584,  810,  397,  600,  204,  723,  149,  775,  166,  366,  633,  273],
        [  133,  133,  531,  558,  621,  753,  346,  150,    0,  168,  680,  494,  296,  171,  459,  248,  506,  900,  401,  708,  526,  183,  376,  512,  577,  610,  711,  290,  339,  515,  283,  127,  106,  612,  733,  860,  460,  369,  196,  511,  504,  281,  651,  332,  217,  641,  201,  221,  577,  309,  354,  660,  678,  594,  412,  655,  565,  381,   49,  230,  665,  363,  338,  245,  302,  674,  458,  563,  730,  612,  620,  779,  325,  593,  274,  596,  237,  750,  121,  288,  630,  202],
        [   41,   41,  668,  718,  740,  860,  442,   30,  168,    0,  637,  588,  311,  127,  509,  141,  673,  997,  347,  654,  594,  292,  367,  538,  607,  767,  811,  237,  488,  602,  240,  294,  253,  650,  764,  939,  620,  229,  249,  665,  616,  183,  714,  276,  182,  772,  186,  127,  591,  175,  516,  563,  644,  539,  258,  672,  727,  299,  147,  215,  807,  510,  239,  236,  415,  815,  475,  455,  820,  594,  607,  838,  426,  627,  178,  749,  169,  803,  195,  395,  659,  302],
        [  661,  661,  718,  897,  672,  688,  507,  619,  680,  637,    0,  511,  394,  761,  361,  499,  949,  735,  291,   49,  418,  565,  310,  278,  282,  906,  626,  872,  977,  486,  405,  746,  644,  315,  328,  613, 1043,  482,  499,  817,  589,  806,  427,  363,  472,  745,  482,  760,  227,  767,  947,  229,   36,  104,  524,  242, 1125,  344,  632,  850,  831, 1001,  409,  870,  555,  833,  278,  295,  588,  112,  123,  473,  523,  297,  804,  860,  471,  429,  565,  543,  284,  546],
        [  579,  579,  208,  398,  183,  275,  149,  559,  494,  588,  511,    0,  316,  657,  161,  528,  476,  411,  434,  559,  100,  312,  332,  234,  240,  398,  224,  781,  629,   35,  422,  463,  394,  232,  332,  369,  632,  625,  340,  318,   78,  757,  193,  438,  437,  246,  419,  696,  289,  762,  563,  661,  484,  498,  690,  317,  686,  495,  470,  723,  325,  649,  524,  738,  194,  328,  259,  636,  237,  399,  391,  311,  169,  235,  751,  350,  473,  297,  399,  207,  268,  295],
        [  317,  317,  464,  591,  492,  588,  201,  284,  296,  311,  394,  316,    0,  414,  203,  218,  605,  710,  157,  428,  295,  176,   85,  229,  297,  620,  532,  538,  584,  319,  107,  352,  250,  340,  455,  638,  661,  310,  105,  517,  369,  492,  409,  130,  134,  544,  125,  435,  287,  480,  560,  433,  388,  320,  375,  367,  750,  194,  251,  498,  605,  608,  210,  516,  216,  611,  168,  369,  530,  318,  325,  530,  200,  317,  488,  585,  164,  493,  176,  196,  350,  159],
        [  101,  101,  702,  717,  791,  921,  509,  143,  171,  127,  761,  657,  414,    0,  602,  267,  650, 1066,  471,  779,  679,  346,  480,  642,  710,  771,  877,  126,  413,  676,  359,  271,  277,  750,  868, 1019,  557,  346,  332,  676,  672,  113,  803,  399,  295,  812,  293,   60,  700,  156,  460,  689,  766,  663,  364,  780,  665,  425,  187,   90,  834,  432,  365,  110,  469,  843,  581,  579,  893,  713,  724,  929,  489,  728,  105,  761,  291,  897,  262,  453,  763,  363],
        [  511,  511,  361,  537,  339,  406,  162,  481,  459,  509,  361,  161,  203,  602,    0,  419,  594,  514,  286,  407,   98,  287,  188,   86,  128,  547,  345,  728,  677,  146,  302,  471,  379,  155,  276,  436,  714,  497,  271,  456,  235,  689,  206,  305,  336,  406,  325,  630,  154,  680,  628,  501,  338,  339,  561,  213,  784,  353,  423,  680,  484,  700,  393,  698,  219,  488,   99,  480,  335,  252,  247,  330,  184,  139,  684,  501,  365,  295,  344,  215,  178,  265],
        [  171,  171,  648,  736,  697,  802,  395,  128,  248,  141,  499,  528,  218,  267,  419,    0,  715,  927,  212,  515,  513,  282,  251,  431,  499,  777,  747,  373,  587,  534,  121,  365,  288,  546,  653,  854,  703,  129,  205,  672,  572,  309,  624,  143,   93,  741,  114,  262,  475,  279,  597,  427,  508,  400,  185,  556,  807,  159,  205,  356,  790,  610,   99,  376,  386,  798,  365,  322,  748,  464,  477,  743,  386,  520,  306,  751,   56,  703,  195,  364,  549,  282],
        [  638,  638,  303,  131,  431,  562,  443,  652,  506,  673,  949,  476,  605,  650,  594,  715,    0,  712,  762,  993,  573,  446,  677,  680,  707,  188,  564,  732,  327,  510,  678,  384,  430,  707,  806,  752,  223,  843,  533,  177,  411,  759,  659,  721,  640,  385,  615,  709,  746,  804,  236, 1037,  929,  904,  898,  789,  226,  787,  529,  661,  332,  330,  775,  664,  400,  341,  672,  971,  615,  843,  840,  756,  429,  706,  751,  219,  678,  755,  521,  416,  742,  455],
        [  989,  989,  430,  586,  302,  158,  558,  968,  900,  997,  735,  411,  710, 1066,  514,  927,  712,    0,  793,  780,  417,  720,  700,  536,  486,  542,  190, 1189,  971,  397,  814,  852,  797,  438,  412,  132,  924, 1010,  749,  541,  400, 1167,  327,  818,  839,  329,  824, 1106,  538, 1172,  888,  946,  700,  775, 1074,  495,  937,  864,  880, 1129,  390,  986,  906, 1143,  598,  382,  594,  961,  180,  640,  623,  265,  578,  463, 1161,  498,  872,  308,  809,  614,  460,  704],
        [  371,  371,  607,  745,  616,  691,  347,  328,  401,  347,  291,  434,  157,  471,  286,  212,  762,  793,    0,  311,  383,  326,  103,  261,  323,  772,  630,  583,  719,  427,  119,  485,  386,  373,  465,  701,  808,  232,  243,  669,  499,  520,  470,   73,  186,  676,  200,  472,  285,  487,  705,  279,  297,  196,  291,  363,  901,   75,  352,  560,  744,  744,  134,  580,  371,  749,  199,  214,  616,  255,  269,  575,  351,  346,  517,  735,  181,  532,  294,  351,  367,  312],
        [  680,  680,  765,  943,  720,  735,  550,  637,  708,  654,   49,  559,  428,  779,  407,  515,  993,  780,  311,    0,  466,  601,  343,  325,  330,  953,  674,  887, 1011,  534,  428,  779,  677,  363,  371,  657, 1081,  486,  531,  862,  636,  818,  474,  383,  496,  793,  508,  776,  275,  776,  984,  200,   81,  116,  523,  289, 1165,  357,  659,  868,  879, 1035,  421,  888,  597,  881,  322,  281,  635,  160,  171,  517,  565,  345,  817,  907,  491,  473,  595,  584,  331,  582],
        [  592,  592,  306,  497,  257,  309,  191,  566,  526,  594,  418,  100,  295,  679,   98,  513,  573,  417,  383,  466,    0,  346,  286,  148,  142,  497,  248,  805,  704,   70,  397,  517,  435,  134,  241,  345,  720,  594,  349,  417,  175,  772,  126,  402,  427,  328,  414,  711,  193,  767,  644,  583,  390,  415,  658,  218,  779,  451,  495,  753,  413,  725,  490,  770,  248,  415,  189,  571,  238,  306,  296,  254,  215,  136,  766,  448,  458,  227,  418,  253,  169,  325],
        [  275,  275,  377,  455,  450,  576,  164,  264,  183,  292,  565,  312,  176,  346,  287,  282,  446,  720,  326,  601,  346,    0,  259,  352,  411,  496,  531,  470,  412,  332,  233,  188,   92,  441,  562,  678,  485,  406,   88,  391,  328,  450,  471,  277,  198,  480,  173,  388,  421,  462,  384,  604,  556,  496,  466,  494,  576,  342,  160,  412,  518,  437,  330,  428,  125,  526,  308,  529,  548,  479,  483,  599,  143,  424,  443,  470,  237,  571,   99,  107,  463,   22],
        [  381,  381,  507,  651,  514,  593,  249,  343,  376,  367,  310,  332,   85,  480,  188,  251,  677,  700,  103,  343,  286,  259,    0,  181,  248,  675,  533,  601,  668,  327,  132,  437,  335,  296,  402,  615,  743,  311,  189,  574,  397,  549,  383,  120,  187,  574,  188,  494,  225,  527,  643,  362,  305,  237,  375,  306,  831,  166,  329,  567,  643,  693,  207,  586,  279,  648,  115,  312,  522,  238,  247,  496,  255,  270,  545,  637,  203,  455,  258,  261,  299,  241],
        [  546,  546,  440,  621,  404,  448,  245,  512,  512,  538,  278,  234,  229,  642,   86,  431,  680,  536,  261,  325,  148,  352,  181,    0,   69,  628,  386,  766,  753,  212,  310,  539,  443,  116,  227,  440,  796,  488,  318,  540,  312,  720,  210,  299,  358,  475,  353,  663,   72,  703,  708,  436,  254,  268,  550,  143,  868,  334,  472,  724,  557,  776,  385,  743,  300,  560,   66,  431,  363,  168,  162,  316,  265,   90,  716,  582,  380,  275,  393,  294,  122,  330],
        [  614,  614,  447,  637,  391,  414,  287,  580,  577,  607,  282,  240,  297,  710,  128,  499,  707,  486,  323,  330,  142,  411,  248,   69,    0,  638,  351,  834,  804,  211,  379,  597,  503,   51,  159,  382,  838,  552,  383,  556,  317,  789,  160,  365,  427,  465,  421,  731,   57,  772,  754,  468,  252,  296,  613,   86,  905,  397,  537,  791,  552,  827,  450,  810,  346,  553,  134,  476,  320,  172,  159,  253,  310,   24,  784,  589,  449,  210,  458,  342,   54,  389],
        [  738,  738,  191,   62,  290,  400,  427,  741,  610,  767,  906,  398,  620,  771,  547,  777,  188,  542,  772,  953,  497,  496,  675,  628,  638,    0,  416,  869,  504,  428,  712,  502,  514,  625,  706,  598,  411,  900,  576,  106,  322,  883,  552,  748,  691,  226,  666,  827,  686,  918,  413, 1032,  881,  881,  961,  711,  402,  813,  620,  798,  153,  511,  817,  805,  405,  161,  639,  986,  472,  795,  788,  628,  422,  631,  875,   52,  731,  637,  588,  427,  662,  497],
        [  801,  801,  264,  447,  134,   64,  370,  782,  711,  811,  626,  224,  532,  877,  345,  747,  564,  190,  630,  674,  248,  531,  533,  386,  351,  416,    0,  999,  795,  214,  637,  664,  608,  311,  338,  189,  762,  838,  563,  387,  211,  979,  200,  647,  657,  191,  641,  917,  407,  985,  716,  817,  593,  645,  903,  388,  789,  698,  691,  940,  277,  812,  735,  954,  409,  273,  436,  815,   58,  520,  506,  223,  389,  332,  972,  366,  692,  244,  621,  424,  343,  515],
        [  222,  222,  815,  811,  910, 1042,  633,  259,  290,  237,  872,  781,  538,  126,  728,  373,  732, 1189,  583,  887,  805,  470,  601,  766,  834,  869,  999,    0,  454,  800,  476,  370,  395,  875,  992, 1145,  606,  426,  458,  778,  793,   82,  929,  512,  415,  927,  415,  112,  823,  150,  519,  779,  880,  772,  427,  904,  711,  531,  312,   71,  943,  469,  467,   70,  591,  952,  705,  666, 1017,  830,  842, 1055,  612,  853,   79,  864,  405, 1022,  387,  576,  887,  487],
        [  447,  447,  543,  443,  670,  814,  520,  479,  339,  488,  977,  629,  584,  413,  677,  587,  327,  971,  719, 1011,  704,  412,  668,  753,  804,  504,  795,  454,    0,  661,  607,  235,  335,  824,  942,  977,  153,  706,  482,  448,  595,  504,  820,  656,  546,  651,  526,  469,  824,  564,   92,  991,  968,  902,  744,  890,  258,  712,  384,  388,  626,   25,  675,  384,  460,  636,  717,  898,  835,  890,  894,  940,  496,  813,  497,  521,  572,  924,  426,  462,  852,  433],
        [  595,  595,  237,  430,  195,  270,  169,  572,  515,  602,  486,   35,  319,  676,  146,  534,  510,  397,  427,  534,   70,  332,  327,  212,  211,  428,  214,  800,  661,    0,  425,  490,  417,  200,  298,  346,  666,  626,  353,  350,  107,  774,  160,  437,  444,  263,  428,  713,  262,  776,  596,  644,  458,  478,  691,  285,  720,  491,  489,  744,  346,  682,  524,  760,  220,  349,  244,  625,  219,  374,  365,  280,  192,  204,  768,  379,  479,  264,  416,  230,  236,  314],
        [  259,  259,  565,  678,  598,  694,  303,  218,  283,  240,  405,  422,  107,  359,  302,  121,  678,  814,  119,  428,  397,  233,  132,  310,  379,  712,  637,  476,  607,  425,    0,  373,  277,  425,  533,  737,  704,  203,  145,  607,  474,  420,  505,   50,   68,  649,   82,  367,  356,  396,  599,  385,  409,  313,  268,  437,  800,  111,  234,  447,  706,  631,  106,  467,  308,  713,  245,  300,  634,  355,  367,  623,  299,  400,  416,  680,   73,  583,  182,  287,  429,  223],
        [  257,  257,  452,  446,  559,  698,  327,  276,  127,  294,  746,  463,  352,  271,  471,  365,  384,  852,  485,  779,  517,  188,  437,  539,  597,  502,  664,  370,  235,  490,  373,    0,  102,  624,  745,  830,  339,  490,  248,  409,  454,  383,  641,  423,  315,  566,  293,  328,  608,  422,  233,  757,  739,  669,  536,  680,  443,  480,  161,  300,  575,  260,  446,  309,  271,  584,  496,  667,  692,  664,  669,  767,  303,  609,  375,  495,  343,  744,  192,  265,  648,  210],
        [  225,  225,  426,  466,  516,  648,  249,  228,  106,  253,  644,  394,  250,  277,  379,  288,  430,  797,  386,  677,  435,   92,  335,  443,  503,  514,  608,  395,  335,  417,  277,  102,    0,  533,  654,  762,  427,  416,  147,  413,  400,  386,  561,  326,  224,  536,  200,  326,  511,  410,  322,  660,  637,  568,  469,  585,  526,  386,  106,  333,  561,  360,  359,  347,  200,  570,  396,  575,  629,  563,  568,  688,  226,  516,  379,  497,  257,  662,   98,  188,  555,  114],
        [  656,  656,  434,  629,  365,  374,  305,  623,  612,  650,  315,  232,  340,  750,  155,  546,  707,  438,  373,  363,  134,  441,  296,  116,   51,  625,  311,  875,  824,  200,  425,  624,  533,    0,  122,  332,  849,  602,  421,  550,  305,  832,  114,  414,  471,  440,  465,  774,  101,  817,  770,  511,  283,  339,  663,   87,  911,  447,  574,  830,  529,  847,  499,  848,  364,  530,  182,  525,  277,  209,  195,  203,  329,   27,  827,  575,  495,  160,  495,  364,   37,  419],
        [  772,  772,  519,  717,  426,  393,  424,  738,  733,  764,  328,  332,  455,  868,  276,  653,  806,  412,  465,  371,  241,  562,  402,  227,  159,  706,  338,  992,  942,  298,  533,  745,  654,  122,    0,  287,  961,  696,  540,  641,  396,  946,  154,  516,  584,  501,  579,  889,  181,  928,  885,  549,  292,  385,  754,  105, 1017,  539,  694,  949,  592,  964,  597,  968,  483,  591,  291,  585,  288,  248,  229,  148,  448,  141,  942,  655,  605,  105,  615,  484,  106,  541],
        [  935,  935,  452,  633,  322,  200,  514,  910,  860,  939,  613,  369,  638, 1019,  436,  854,  752,  132,  701,  657,  345,  678,  615,  440,  382,  598,  189, 1145,  977,  346,  737,  830,  762,  332,  287,    0,  950,  925,  692,  575,  383, 1115,  232,  734,  770,  374,  758, 1054,  431, 1112,  900,  831,  578,  661,  988,  377,  977,  774,  834, 1089,  452,  994,  822, 1105,  563,  446,  503,  855,  142,  525,  507,  140,  536,  359, 1109,  550,  800,  186,  758,  575,  349,  659],
        [  580,  580,  500,  353,  631,  769,  552,  607,  460,  620, 1043,  632,  661,  557,  714,  703,  223,  924,  808, 1081,  720,  485,  743,  796,  838,  411,  762,  606,  153,  666,  704,  339,  427,  849,  961,  950,    0,  828,  566,  384,  582,  654,  824,  752,  650,  595,  627,  615,  867,  711,  107, 1085, 1029,  979,  872,  923,  108,  813,  499,  539,  552,  142,  784,  536,  496,  561,  771, 1002,  809,  947,  948,  935,  531,  843,  646,  440,  680,  926,  524,  505,  881,  502],
        [  268,  268,  763,  861,  801,  896,  504,  230,  369,  229,  482,  625,  310,  346,  497,  129,  843, 1010,  232,  486,  594,  406,  311,  488,  552,  900,  838,  426,  706,  626,  203,  490,  416,  602,  696,  925,  828,    0,  325,  795,  677,  349,  694,  193,  210,  850,  234,  321,  517,  297,  721,  354,  500,  379,   66,  594,  932,  158,  329,  429,  905,  729,  104,  448,  503,  912,  423,  241,  831,  477,  493,  804,  497,  575,  350,  872,  170,  761,  323,  481,  598,  404],
        [  244,  244,  443,  539,  499,  613,  197,  220,  196,  249,  499,  340,  105,  332,  271,  205,  533,  749,  243,  531,  349,   88,  189,  318,  383,  576,  563,  458,  482,  353,  145,  248,  147,  421,  540,  692,  566,  325,    0,  471,  374,  424,  472,  190,  116,  538,   92,  363,  382,  423,  463,  520,  493,  421,  387,  460,  660,  255,  155,  410,  586,  506,  244,  428,  182,  593,  263,  442,  571,  422,  429,  598,  184,  400,  418,  548,  156,  565,   76,  160,  437,   81],
        [  637,  637,  128,   81,  254,  388,  326,  639,  511,  665,  817,  318,  517,  676,  456,  672,  177,  541,  669,  862,  417,  391,  574,  540,  556,  106,  387,  778,  448,  350,  607,  409,  413,  550,  641,  575,  384,  795,  471,    0,  246,  788,  490,  643,  585,  212,  561,  730,  602,  819,  359,  933,  793,  785,  855,  634,  403,  709,  518,  708,  180,  459,  711,  716,  301,  190,  544,  883,  438,  707,  701,  582,  320,  553,  780,   87,  625,  583,  483,  322,  586,  391],
        [  602,  602,  131,  324,  126,  249,  178,  587,  504,  616,  589,   78,  369,  672,  235,  572,  411,  400,  499,  636,  175,  328,  397,  312,  317,  322,  211,  793,  595,  107,  474,  454,  400,  305,  396,  383,  582,  677,  374,  246,    0,  777,  248,  495,  479,  178,  459,  716,  366,  789,  522,  734,  562,  573,  742,  391,  627,  555,  488,  732,  250,  614,  578,  745,  204,  254,  333,  705,  242,  477,  468,  353,  191,  310,  771,  273,  518,  347,  423,  222,  342,  315],
        [  180,  180,  812,  828,  898, 1025,  609,  209,  281,  183,  806,  757,  492,  113,  689,  309,  759, 1167,  520,  818,  772,  450,  549,  720,  789,  883,  979,   82,  504,  774,  420,  383,  386,  832,  946, 1115,  654,  349,  424,  788,  777,    0,  893,  451,  363,  921,  368,   62,  773,   70,  560,  703,  816,  705,  346,  854,  761,  463,  290,  121,  945,  521,  398,  133,  574,  954,  657,  590,  992,  772,  785, 1018,  591,  809,    9,  873,  348,  983,  359,  556,  841,  464],
        [  714,  714,  366,  565,  274,  262,  314,  686,  651,  714,  427,  193,  409,  803,  206,  624,  659,  327,  470,  474,  126,  471,  383,  210,  160,  552,  200,  929,  820,  160,  505,  641,  561,  114,  154,  232,  824,  694,  472,  490,  248,  893,    0,  502,  542,  349,  531,  833,  214,  886,  755,  625,  394,  453,  757,  188,  874,  543,  620,  878,  440,  841,  590,  895,  371,  439,  272,  635,  163,  323,  308,  128,  338,  138,  888,  501,  571,  105,  542,  377,  144,  451],
        [  299,  299,  593,  716,  618,  706,  330,  257,  332,  276,  363,  438,  130,  399,  305,  143,  721,  818,   73,  383,  402,  277,  120,  299,  365,  748,  647,  512,  656,  437,   50,  423,  326,  414,  516,  734,  752,  193,  190,  643,  495,  451,  502,    0,  115,  672,  132,  402,  336,  421,  648,  335,  368,  268,  257,  416,  848,   67,  283,  488,  734,  681,   89,  508,  343,  740,  234,  253,  639,  321,  334,  615,  329,  388,  448,  714,  109,  574,  231,  321,  414,  266],
        [  195,  195,  557,  652,  605,  712,  303,  157,  217,  182,  472,  437,  134,  295,  336,   93,  640,  839,  186,  496,  427,  198,  187,  358,  427,  691,  657,  415,  546,  444,   68,  315,  224,  471,  584,  770,  650,  210,  116,  585,  479,  363,  542,  115,    0,  649,   26,  308,  410,  347,  544,  445,  475,  380,  272,  491,  749,  166,  169,  383,  699,  571,  137,  402,  295,  706,  294,  353,  660,  418,  429,  663,  294,  447,  359,  663,   41,  626,  126,  273,  479,  194],
        [  753,  753,  114,  261,   76,  179,  347,  743,  641,  772,  745,  246,  544,  812,  406,  741,  385,  329,  676,  793,  328,  480,  574,  475,  465,  226,  191,  927,  651,  263,  649,  566,  536,  440,  501,  374,  595,  850,  538,  212,  178,  921,  349,  672,  649,    0,  627,  861,  519,  940,  565,  906,  716,  741,  915,  526,  610,  732,  634,  861,   92,  664,  754,  872,  359,   91,  505,  881,  248,  634,  623,  408,  356,  453,  914,  177,  688,  422,  578,  380,  476,  471],
        [  194,  194,  534,  627,  585,  694,  282,  159,  201,  186,  482,  419,  125,  293,  325,  114,  615,  824,  200,  508,  414,  173,  188,  353,  421,  666,  641,  415,  526,  428,   82,  293,  200,  465,  579,  758,  627,  234,   92,  561,  459,  368,  531,  132,   26,  627,    0,  311,  408,  356,  521,  465,  483,  393,  296,  489,  726,  187,  153,  379,  676,  551,  161,  399,  272,  684,  290,  375,  645,  423,  433,  654,  272,  441,  363,  639,   65,  617,  103,  251,  474,  170],
        [  120,  120,  752,  773,  837,  963,  548,  152,  221,  127,  760,  696,  435,   60,  630,  262,  709, 1106,  472,  776,  711,  388,  494,  663,  731,  827,  917,  112,  469,  713,  367,  328,  326,  774,  889, 1054,  615,  321,  363,  730,  716,   62,  833,  402,  308,  861,  311,    0,  717,   97,  518,  671,  769,  661,  329,  798,  723,  420,  229,  112,  886,  488,  356,  130,  512,  895,  600,  559,  931,  721,  733,  959,  529,  751,   56,  816,  296,  924,  298,  495,  784,  403],
        [  602,  602,  496,  682,  446,  470,  315,  566,  577,  591,  227,  289,  287,  700,  154,  475,  746,  538,  285,  275,  193,  421,  225,   72,   57,  686,  407,  823,  824,  262,  356,  608,  511,  101,  181,  431,  867,  517,  382,  602,  366,  773,  214,  336,  410,  519,  408,  717,    0,  751,  779,  412,  197,  240,  576,   82,  938,  360,  535,  784,  605,  847,  417,  803,  371,  607,  120,  425,  376,  116,  104,  297,  336,   77,  769,  639,  428,  252,  457,  365,   84,  399],
        [  188,  188,  834,  865,  912, 1034,  616,  204,  309,  175,  767,  762,  480,  156,  680,  279,  804, 1172,  487,  776,  767,  462,  527,  703,  772,  918,  985,  150,  564,  776,  396,  422,  410,  817,  928, 1112,  711,  297,  423,  819,  789,   70,  886,  421,  347,  940,  356,   97,  751,    0,  614,  650,  779,  664,  285,  833,  819,  424,  307,  188,  970,  582,  358,  201,  586,  979,  639,  536,  994,  741,  755, 1009,  599,  793,   75,  905,  324,  972,  367,  567,  824,  474],
        [  476,  476,  459,  352,  589,  731,  467,  502,  354,  516,  947,  563,  560,  460,  628,  597,  236,  888,  705,  984,  644,  384,  643,  708,  754,  413,  716,  519,   92,  596,  599,  233,  322,  770,  885,  900,  107,  721,  463,  359,  522,  560,  755,  648,  544,  565,  521,  518,  779,  614,    0,  982,  935,  880,  766,  840,  212,  708,  393,  450,  537,  100,  678,  449,  409,  547,  678,  896,  759,  854,  856,  872,  445,  761,  552,  431,  574,  859,  419,  415,  800,  403],
        [  597,  597,  855, 1011,  838,  880,  607,  555,  660,  563,  229,  661,  433,  689,  501,  427, 1037,  946,  279,  200,  583,  604,  362,  436,  468, 1032,  817,  779,  991,  644,  385,  757,  660,  511,  549,  831, 1085,  354,  520,  933,  734,  703,  625,  335,  445,  906,  465,  671,  412,  650,  982,    0,  263,  173,  372,  454, 1180,  280,  612,  775,  984, 1015,  329,  795,  640,  988,  402,  115,  787,  307,  324,  691,  616,  488,  703,  991,  424,  646,  566,  622,  487,  590],
        [  666,  666,  692,  874,  642,  655,  488,  624,  678,  644,   36,  484,  388,  766,  338,  508,  929,  700,  297,   81,  390,  556,  305,  254,  252,  881,  593,  880,  968,  458,  409,  739,  637,  283,  292,  578, 1029,  500,  493,  793,  562,  816,  394,  368,  475,  716,  483,  769,  197,  779,  935,  263,    0,  123,  544,  208, 1109,  356,  631,  855,  802,  992,  422,  875,  538,  804,  260,  323,  554,   87,   94,  438,  505,  265,  814,  834,  476,  393,  562,  527,  250,  536],
        [  564,  564,  698,  865,  671,  708,  464,  522,  594,  539,  104,  498,  320,  663,  339,  400,  904,  775,  196,  116,  415,  496,  237,  268,  296,  881,  645,  772,  902,  478,  313,  669,  568,  339,  385,  661,  979,  379,  421,  785,  573,  705,  453,  268,  380,  741,  393,  661,  240,  664,  880,  173,  123,    0,  422,  285, 1066,  242,  545,  753,  822,  927,  308,  773,  505,  825,  243,  205,  615,  138,  156,  523,  476,  316,  703,  837,  375,  477,  483,  490,  315,  478],
        [  299,  299,  827,  920,  866,  961,  568,  266,  412,  258,  524,  690,  375,  364,  561,  185,  898, 1074,  291,  523,  658,  466,  375,  550,  613,  961,  903,  427,  744,  691,  268,  536,  469,  663,  754,  988,  872,   66,  387,  855,  742,  346,  757,  257,  272,  915,  296,  329,  576,  285,  766,  372,  544,  422,    0,  651,  977,  217,  376,  440,  969,  767,  169,  458,  566,  976,  486,  259,  895,  529,  546,  865,  561,  636,  348,  934,  232,  822,  379,  544,  657,  465],
        [  683,  683,  520,  714,  450,  449,  373,  647,  655,  672,  242,  317,  367,  780,  213,  556,  789,  495,  363,  289,  218,  494,  306,  143,   86,  711,  388,  904,  890,  285,  437,  680,  585,   87,  105,  377,  923,  594,  460,  634,  391,  854,  188,  416,  491,  526,  489,  798,   82,  833,  840,  454,  208,  285,  651,    0,  989,  437,  613,  864,  615,  913,  496,  883,  432,  615,  200,  483,  347,  148,  131,  238,  396,   83,  850,  662,  509,  192,  535,  428,   50,  472],
        [  687,  687,  528,  352,  656,  788,  624,  713,  565,  727, 1125,  686,  750,  665,  784,  807,  226,  937,  901, 1165,  779,  576,  831,  868,  905,  402,  789,  711,  258,  720,  800,  443,  526,  911, 1017,  977,  108,  932,  660,  403,  627,  761,  874,  848,  749,  610,  726,  723,  938,  819,  212, 1180, 1109, 1066,  977,  989,    0,  911,  603,  645,  552,  244,  884,  641,  571,  561,  849, 1099,  840, 1025, 1024,  977,  605,  907,  753,  441,  781,  973,  624,  582,  944,  592],
        [  328,  328,  657,  782,  676,  758,  393,  285,  381,  299,  344,  495,  194,  425,  353,  159,  787,  864,   75,  357,  451,  342,  166,  334,  397,  813,  698,  531,  712,  491,  111,  480,  386,  447,  539,  774,  813,  158,  255,  709,  555,  463,  543,   67,  166,  732,  187,  420,  360,  424,  708,  280,  356,  242,  217,  437,  911,    0,  333,  514,  796,  737,   66,  534,  408,  802,  271,  189,  686,  323,  339,  649,  393,  420,  461,  779,  146,  606,  290,  387,  441,  332],
        [  121,  121,  527,  571,  608,  736,  322,  124,   49,  147,  632,  470,  251,  187,  423,  205,  529,  880,  352,  659,  495,  160,  329,  472,  537,  620,  691,  312,  384,  489,  234,  161,  106,  574,  694,  834,  499,  329,  155,  518,  488,  290,  620,  283,  169,  634,  153,  229,  535,  307,  393,  612,  631,  545,  376,  613,  603,  333,    0,  259,  664,  408,  292,  276,  284,  672,  416,  516,  707,  566,  575,  747,  303,  554,  283,  603,  189,  716,   80,  267,  591,  176],
        [  190,  190,  748,  741,  846,  981,  576,  232,  230,  215,  850,  723,  498,   90,  680,  356,  661, 1129,  560,  868,  753,  412,  567,  724,  791,  798,  940,   71,  388,  744,  447,  300,  333,  830,  949, 1089,  539,  429,  410,  708,  732,  121,  878,  488,  383,  861,  379,  112,  784,  188,  450,  775,  855,  753,  440,  864,  645,  514,  259,    0,  874,  404,  453,   21,  532,  884,  665,  665,  960,  800,  811, 1005,  555,  809,  115,  794,  380,  974,  337,  517,  845,  431],
        [  784,  784,  143,  201,  167,  253,  405,  779,  665,  807,  831,  325,  605,  834,  484,  790,  332,  390,  744,  879,  413,  518,  643,  557,  552,  153,  277,  943,  626,  346,  706,  575,  561,  529,  592,  452,  552,  905,  586,  180,  250,  945,  440,  734,  699,   92,  676,  886,  605,  970,  537,  984,  802,  822,  969,  615,  552,  796,  664,  874,    0,  637,  812,  884,  404,   10,  582,  953,  334,  719,  709,  497,  408,  541,  937,  113,  739,  512,  616,  426,  566,  513],
        [  469,  469,  557,  450,  686,  829,  542,  501,  363,  510, 1001,  649,  608,  432,  700,  610,  330,  986,  744, 1035,  725,  437,  693,  776,  827,  511,  812,  469,   25,  682,  631,  260,  360,  847,  964,  994,  142,  729,  506,  459,  614,  521,  841,  681,  571,  664,  551,  488,  847,  582,  100, 1015,  992,  927,  767,  913,  244,  737,  408,  404,  637,    0,  699,  399,  483,  647,  741,  923,  853,  914,  918,  960,  519,  836,  514,  530,  596,  945,  450,  485,  875,  457],
        [  270,  270,  671,  781,  702,  793,  408,  227,  338,  239,  409,  524,  210,  365,  393,   99,  775,  906,  134,  421,  490,  330,  207,  385,  450,  817,  735,  467,  675,  524,  106,  446,  359,  499,  597,  822,  784,  104,  244,  711,  578,  398,  590,   89,  137,  754,  161,  356,  417,  358,  678,  329,  422,  308,  169,  496,  884,   66,  292,  453,  812,  699,    0,  473,  414,  818,  320,  226,  727,  387,  403,  701,  405,  473,  396,  785,  104,  659,  262,  392,  497,  324],
        [  210,  210,  759,  747,  859,  994,  591,  252,  245,  236,  870,  738,  516,  110,  698,  376,  664, 1143,  580,  888,  770,  428,  586,  743,  810,  805,  954,   70,  384,  760,  467,  309,  347,  848,  968, 1105,  536,  448,  428,  716,  745,  133,  895,  508,  402,  872,  399,  130,  803,  201,  449,  795,  875,  773,  458,  883,  641,  534,  276,   21,  884,  399,  473,    0,  546,  893,  684,  684,  974,  820,  831, 1022,  570,  828,  126,  802,  400,  991,  354,  532,  863,  447],
        [  399,  399,  262,  376,  326,  452,   60,  386,  302,  415,  555,  194,  216,  469,  219,  386,  400,  598,  371,  597,  248,  125,  279,  300,  346,  405,  409,  591,  460,  220,  308,  271,  200,  364,  483,  563,  496,  503,  182,  301,  204,  574,  371,  343,  295,  359,  272,  512,  371,  586,  409,  640,  538,  505,  566,  432,  571,  408,  284,  532,  404,  483,  414,  546,    0,  412,  278,  584,  429,  454,  454,  496,   36,  354,  567,  372,  335,  474,  221,   23,  393,  113],
        [  792,  792,  150,  211,  166,  247,  411,  787,  674,  815,  833,  328,  611,  843,  488,  798,  341,  382,  749,  881,  415,  526,  648,  560,  553,  161,  273,  952,  636,  349,  713,  584,  570,  530,  591,  446,  561,  912,  593,  190,  254,  954,  439,  740,  706,   91,  684,  895,  607,  979,  547,  988,  804,  825,  976,  615,  561,  802,  672,  884,   10,  647,  818,  893,  412,    0,  586,  958,  330,  721,  711,  494,  415,  542,  946,  122,  746,  509,  624,  434,  566,  520],
        [  484,  484,  456,  625,  438,  498,  229,  449,  458,  475,  278,  259,  168,  581,   99,  365,  672,  594,  199,  322,  189,  308,  115,   66,  134,  639,  436,  705,  717,  244,  245,  496,  396,  182,  291,  503,  771,  423,  263,  544,  333,  657,  272,  234,  294,  505,  290,  600,  120,  639,  678,  402,  260,  243,  486,  200,  849,  271,  416,  665,  582,  741,  320,  684,  278,  586,    0,  383,  419,  177,  178,  382,  246,  156,  652,  595,  315,  341,  338,  267,  186,  287],
        [  490,  490,  818,  959,  818,  878,  560,  448,  563,  455,  295,  636,  369,  579,  480,  322,  971,  961,  214,  281,  571,  529,  312,  431,  476,  986,  815,  666,  898,  625,  300,  667,  575,  525,  585,  855, 1002,  241,  442,  883,  705,  590,  635,  253,  353,  881,  375,  559,  425,  536,  896,  115,  323,  205,  259,  483, 1099,  189,  516,  665,  953,  923,  226,  684,  584,  958,  383,    0,  793,  339,  357,  719,  564,  499,  590,  948,  327,  673,  478,  564,  507,  518],
        [  813,  813,  313,  501,  186,  106,  385,  791,  730,  820,  588,  237,  530,  893,  335,  748,  615,  180,  616,  635,  238,  548,  522,  363,  320,  472,   58, 1017,  835,  219,  634,  692,  629,  277,  288,  142,  809,  831,  571,  438,  242,  992,  163,  639,  660,  248,  645,  931,  376,  994,  759,  787,  554,  615,  895,  347,  840,  686,  707,  960,  334,  853,  727,  974,  429,  330,  419,  793,    0,  485,  470,  166,  406,  300,  986,  422,  693,  191,  634,  443,  305,  531],
        [  612,  612,  607,  788,  561,  582,  403,  572,  612,  594,  112,  399,  318,  713,  252,  464,  843,  640,  255,  160,  306,  479,  238,  168,  172,  795,  520,  830,  890,  374,  355,  664,  563,  209,  248,  525,  947,  477,  422,  707,  477,  772,  323,  321,  418,  634,  423,  721,  116,  741,  854,  307,   87,  138,  529,  148, 1025,  323,  566,  800,  719,  914,  387,  820,  454,  721,  177,  339,  485,    0,   19,  386,  421,  189,  769,  748,  426,  340,  493,  444,  182,  458],
        [  624,  624,  598,  781,  549,  568,  401,  584,  620,  607,  123,  391,  325,  724,  247,  477,  840,  623,  269,  171,  296,  483,  247,  162,  159,  788,  506,  842,  894,  365,  367,  669,  568,  195,  229,  507,  948,  493,  429,  701,  468,  785,  308,  334,  429,  623,  433,  733,  104,  755,  856,  324,   94,  156,  546,  131, 1024,  339,  575,  811,  709,  918,  403,  831,  454,  711,  178,  357,  470,   19,    0,  368,  420,  175,  781,  741,  438,  322,  501,  444,  166,  462],
        [  840,  840,  455,  651,  339,  268,  441,  810,  779,  838,  473,  311,  530,  929,  330,  743,  756,  265,  575,  517,  254,  599,  496,  316,  253,  628,  223, 1055,  940,  280,  623,  767,  688,  203,  148,  140,  935,  804,  598,  582,  353, 1018,  128,  615,  663,  408,  654,  959,  297, 1009,  872,  691,  438,  523,  865,  238,  977,  649,  747, 1005,  497,  960,  701, 1022,  496,  494,  382,  719,  166,  386,  368,    0,  465,  230, 1013,  577,  690,   46,  669,  503,  213,  578],
        [  414,  414,  267,  396,  316,  435,   25,  397,  325,  426,  523,  169,  200,  489,  184,  386,  429,  578,  351,  565,  215,  143,  255,  265,  310,  422,  389,  612,  496,  192,  299,  303,  226,  329,  448,  536,  531,  497,  184,  320,  191,  591,  338,  329,  294,  356,  272,  529,  336,  599,  445,  616,  505,  476,  561,  396,  605,  393,  303,  555,  408,  519,  405,  570,   36,  415,  246,  564,  406,  421,  420,  465,    0,  318,  584,  386,  333,  441,  234,   39,  357,  127],
        [  633,  633,  440,  632,  378,  395,  295,  600,  593,  627,  297,  235,  317,  728,  139,  520,  706,  463,  346,  345,  136,  424,  270,   90,   24,  631,  332,  853,  813,  204,  400,  609,  516,   27,  141,  359,  843,  575,  400,  553,  310,  809,  138,  388,  447,  453,  441,  751,   77,  793,  761,  488,  265,  316,  636,   83,  907,  420,  554,  809,  541,  836,  473,  828,  354,  542,  156,  499,  300,  189,  175,  230,  318,    0,  804,  582,  470,  187,  475,  352,   40,  402],
        [  175,  175,  805,  820,  891, 1018,  603,  204,  274,  178,  804,  751,  488,  105,  684,  306,  751, 1161,  517,  817,  766,  443,  545,  716,  784,  875,  972,   79,  497,  768,  416,  375,  379,  827,  942, 1109,  646,  350,  418,  780,  771,    9,  888,  448,  359,  914,  363,   56,  769,   75,  552,  703,  814,  703,  348,  850,  753,  461,  283,  115,  937,  514,  396,  126,  567,  946,  652,  590,  986,  769,  781, 1013,  584,  804,    0,  866,  344,  978,  353,  550,  837,  458],
        [  722,  722,  143,   89,  239,  353,  389,  723,  596,  749,  860,  350,  585,  761,  501,  751,  219,  498,  735,  907,  448,  470,  637,  582,  589,   52,  366,  864,  521,  379,  680,  495,  497,  575,  655,  550,  440,  872,  548,   87,  273,  873,  501,  714,  663,  177,  639,  816,  639,  905,  431,  991,  834,  837,  934,  662,  441,  779,  603,  794,  113,  530,  785,  802,  372,  122,  595,  948,  422,  748,  741,  577,  386,  582,  866,    0,  703,  586,  565,  394,  612,  470],
