{
    "name": "random-60-2899",
    "comment": "size=60 seed=2899",
    "nodes": ["+0", "-0", "+1", "-1", "+2", "-2", "+3", "-3", "+4", "-4", "+5", "-5", "+6", "-6", "+7", "-7", "+8", "-8", "+9", "-9", "+10", "-10", "+11", "-11", "+12", "-12", "+13", "-13", "+14", "-14", "+15", "-15", "+16", "-16", "+17", "-17", "+18", "-18", "+19", "-19", "+20", "-20", "+21", "-21", "+22", "-22", "+23", "-23", "+24", "-24", "+25", "-25", "+26", "-26", "+27", "-27", "+28", "-28", "+29", "-29", "+30", "-30", "+31", "-31", "+32", "-32", "+33", "-33", "+34", "-34", "+35", "-35", "+36", "-36", "+37", "-37", "+38", "-38", "+39", "-39", "+40", "-40", "+41", "-41", "+42", "-42", "+43", "-43", "+44", "-44", "+45", "-45", "+46", "-46", "+47", "-47", "+48", "-48", "+49", "-49", "+50", "-50", "+51", "-51", "+52", "-52", "+53", "-53", "+54", "-54", "+55", "-55", "+56", "-56", "+57", "-57", "+58", "-58", "+59", "-59", "+60", "-60"],
    "precedence": {
        "+0": "-0",
        "+1": "-1",
        "+2": "-2",
        "+3": "-3",
        "+4": "-4",
        "+5": "-5",
        "+6": "-6",
        "+7": "-7",
        "+8": "-8",
        "+9": "-9",
        "+10": "-10",
        "+11": "-11",
        "+12": "-12",
        "+13": "-13",
        "+14": "-14",
        "+15": "-15",
        "+16": "-16",
        "+17": "-17",
        "+18": "-18",
        "+19": "-19",
        "+20": "-20",
        "+21": "-21",
        "+22": "-22",
        "+23": "-23",
        "+24": "-24",
        "+25": "-25",
        "+26": "-26",
        "+27": "-27",
        "+28": "-28",
        "+29": "-29",
        "+30": "-30",
        "+31": "-31",
        "+32": "-32",
        "+33": "-33",
        "+34": "-34",
        "+35": "-35",
        "+36": "-36",
        "+37": "-37",
        "+38": "-38",
        "+39": "-39",
        "+40": "-40",
        "+41": "-41",
        "+42": "-42",
        "+43": "-43",
        "+44": "-44",
        "+45": "-45",
        "+46": "-46",
        "+47": "-47",
        "+48": "-48",
        "+49": "-49",
        "+50": "-50",
        "+51": "-51",
        "+52": "-52",
        "+53": "-53",
        "+54": "-54",
        "+55": "-55",
        "+56": "-56",
        "+57": "-57",
        "+58": "-58",
        "+59": "-59",
        "+60": "-60"
    },
    "edges": [
        [    0,    0,  392,  535,  471,  358,  329,  345,  217,  153,   67,  496,  477,  655,  471,  278,   91,  554,  385,  596,  432,  320,  542,  585,  261,  335,  370,  580,  466,  264,  500,  430,  187,  288,  636,  605,  472,  581,  372,  348,  399,  362,  280,  249,  669,  337,  699,  249,  672,  411,  547,  292,  486,  307,  586,  456,  633,  416,  442,  518,  397,  392,  208,  646,  284,   82,  312,  593,  659,  480,  489,  337,  382,   80,  377,  248,  301,  179,  132,  354,  464,  466,  690,  640,  456,  180,  100,  109,  687,  626,  564,  365,  380,  194,  492,  419,  515,  324,  170,  299,  292,  188,  492,  648,  511,  616,  261,  490,  565,  408,  202,  651,  520,  307,  424,  494,  632,  381,  658,  311,  496,  487],
        [    0,    0,    0,    0,    0,    0,    0,    0,    0,    0,    0,    0,    0,    0,    0,    0,    0,    0,    0,    0,    0,    0,    0,    0,    0,    0,    0,    0,    0,    0,    0,    0,    0,    0,    0,    0,    0,    0,    0,    0,    0,    0,    0,    0,    0,    0,    0,    0,    0,    0,    0,    0,    0,    0,    0,    0,    0,    0,    0,    0,    0,    0,    0,    0,    0,    0,    0,    0,    0,    0,    0,    0,    0,    0,    0,    0,    0,    0,    0,    0,    0,    0,    0,    0,    0,    0,    0,    0,    0,    0,    0,    0,    0,    0,    0,    0,    0,    0,    0,    0,    0,    0,    0,    0,    0,    0,    0,    0,    0,    0,    0,    0,    0,    0,    0,    0,    0,    0,    0,    0,    0,    0],
        [  392,    0,    0,  307,  807,  696,  357,  637,  496,  242,  431,  873,  530,  956,  858,  669,  471,  442,  579,  824,  144,  511,  671,  610,  236,  283,  684,  341,  394,  577,  731,  681,  578,  488,  841,  479,  506,  710,  327,   45,  341,  679,  271,  609,  548,  611, 1024,  638,  604,  138,  272,  652,  457,  147,  452,  847,  448,  250,  182,  529,  624,  752,  186,  479,  377,  320,  269,  528,  979,  145,  206,  529,  756,  345,  759,  561,  220,  570,  261,  658,   92,  186,  985,  510,  528,  214,  488,  384,  642,  692,  807,  393,  771,  230,  102,  682,  894,  313,  234,  689,  302,  225,  874,  787,  893,  407,  651,  539,  808,   43,  574,  816,  688,  690,  799,  870,  913,  494,  588,  515,  457,  867],
        [  535,    0,  307,    0, 1003,  890,  270,  612,  507,  404,  596,  912,  823, 1179,  987,  778,  625,  748,  838, 1080,  447,  766,  954,  911,  509,  214,  894,  633,  699,  783,  984,  923,  692,  738, 1107,  784,  802,  994,  206,  312,  642,  887,  550,  658,  852,  577, 1231,  766,  910,  444,   63,  826,  760,  435,  757,  934,  746,  556,  128,  829,  874,  776,  396,  780,  647,  454,  231,  835, 1189,  179,  501,  785,  913,  458,  820,  766,  235,  688,  441,  638,  363,  122, 1212,  814,  818,  415,  628,  462,  948,  989, 1057,  683,  884,  465,  296,  919,  937,  242,  377,  783,  583,  453, 1013, 1071, 1031,  703,  775,  834, 1058,  266,  644, 1094,  961,  833,  953,  908, 1147,  771,  894,  766,  761,  915],
        [  471,    0,  807, 1003,    0,  114,  791,  637,  599,  604,  407,  501,  503,  200,  237,  324,  382,  703,  317,  279,  779,  346,  417,  569,  587,  805,  128,  830,  630,  230,  244,  211,  361,  350,  335,  743,  524,  429,  839,  768,  603,  130,  568,  486,  773,  657,  229,  295,  718,  759, 1010,  184,  594,  674,  740,  361,  815,  693,  902,  561,  263,  524,  633,  805,  474,  550,  783,  673,  190,  925,  807,  337,  154,  550,  427,  246,  769,  359,  569,  625,  851,  924,  239,  766,  477,  606,  385,  562,  701,  534,  237,  522,  284,  578,  904,  191,  497,  792,  628,  353,  548,  584,  211,  443,  220,  827,  296,  510,  238,  836,  455,  407,  355,  225,  155,  504,  208,  427,  713,  333,  608,  477],
        [  358,    0,  696,  890,  114,    0,  681,  553,  499,  490,  294,  471,  441,  301,  249,  251,  271,  628,  255,  311,  675,  262,  389,  524,  481,  693,   56,  741,  549,  122,  242,  181,  265,  259,  365,  672,  458,  412,  728,  657,  513,   49,  465,  401,  710,  569,  342,  211,  665,  655,  896,   82,  522,  566,  666,  343,  738,  596,  788,  500,  210,  464,  520,  732,  378,  437,  670,  611,  301,  813,  707,  258,  125,  438,  376,  137,  656,  262,  456,  544,  744,  811,  339,  698,  414,  494,  276,  452,  655,  507,  269,  435,  248,  467,  794,  158,  472,  680,  515,  286,  448,  472,  239,  445,  255,  744,  216,  451,  270,  724,  363,  420,  334,  155,  157,  472,  290,  353,  658,  247,  535,  449],
        [  329,    0,  357,  270,  791,  681,    0,  344,  240,  260,  395,  643,  741,  980,  737,  527,  411,  738,  696,  921,  485,  626,  840,  844,  434,   79,  697,  682,  665,  592,  824,  756,  450,  594,  958,  784,  727,  881,   65,  328,  596,  689,  475,  393,  855,  309, 1018,  524,  888,  471,  313,  607,  710,  402,  759,  672,  776,  549,  253,  765,  717,  506,  299,  802,  542,  263,   88,  807,  980,  331,  552,  644,  679,  250,  555,  576,  138,  447,  295,  370,  446,  276, 1017,  819,  727,  300,  406,  229,  916,  904,  890,  604,  631,  360,  419,  746,  668,   45,  234,  527,  504,  345,  767,  953,  785,  742,  531,  754,  891,  336,  386,  964,  830,  597,  716,  638,  959,  662,  873,  620,  716,  646],
        [  345,    0,  637,  612,  637,  553,  344,    0,  145,  425,  380,  316,  815,  836,  493,  314,  359,  897,  692,  855,  728,  639,  856,  923,  592,  413,  593,  903,  809,  523,  769,  697,  292,  610,  905,  947,  812,  892,  408,  597,  741,  583,  618,  152, 1012,   37,  841,  344, 1015,  709,  656,  471,  830,  612,  927,  387,  969,  743,  587,  859,  686,  181,  492,  985,  628,  359,  409,  937,  815,  658,  793,  653,  490,  327,  262,  512,  441,  298,  433,   27,  726,  612,  875,  982,  792,  473,  332,  274, 1029,  953,  815,  709,  388,  514,  723,  679,  342,  379,  419,  290,  634,  503,  530,  950,  544,  947,  342,  828,  816,  633,  194,  941,  822,  412,  511,  311,  839,  714, 1002,  627,  840,  325],
        [  217,    0,  496,  507,  599,  499,  240,  145,    0,  281,  266,  407,  694,  797,  508,  302,  258,  760,  592,  781,  583,  531,  753,  802,  451,  296,  530,  759,  673,  441,  689,  617,  239,  500,  826,  810,  689,  790,  304,  454,  604,  520,  480,  154,  876,  127,  819,  310,  885,  564,  543,  418,  699,  467,  789,  434,  828,  600,  462,  734,  595,  273,  348,  845,  500,  217,  286,  805,  787,  528,  648,  547,  469,  186,  316,  427,  310,  241,  291,  164,  584,  488,  835,  845,  673,  329,  237,  131,  902,  841,  744,  579,  400,  372,  584,  601,  431,  265,  274,  295,  498,  360,  541,  854,  558,  805,  314,  707,  745,  494,  155,  852,  726,  385,  500,  403,  788,  597,  871,  521,  708,  409],
        [  153,    0,  242,  404,  604,  490,  260,  425,  281,    0,  203,  634,  482,  776,  623,  429,  238,  497,  448,  684,  305,  376,  585,  585,  184,  232,  491,  479,  417,  381,  587,  523,  338,  346,  715,  546,  468,  625,  279,  198,  347,  485,  222,  373,  615,  406,  830,  401,  639,  285,  407,  433,  457,  187,  523,  606,  554,  324,  298,  508,  477,  517,   68,  574,  282,   79,  207,  557,  787,  329,  369,  395,  530,  106,  518,  364,  176,  330,   39,  442,  320,  321,  809,  581,  467,   50,  252,  154,  663,  645,  658,  346,  532,  105,  342,  518,  654,  236,   29,  448,  248,   90,  643,  699,  662,  528,  413,  495,  659,  256,  334,  713,  579,  458,  573,  631,  744,  404,  623,  373,  463,  627],
        [   67,    0,  431,  596,  407,  294,  395,  380,  266,  203,    0,  487,  436,  589,  427,  249,   42,  536,  327,  531,  452,  265,  487,  544,  266,  400,  304,  581,  446,  198,  436,  365,  163,  234,  572,  587,  434,  525,  438,  389,  383,  296,  276,  262,  647,  378,  635,  211,  641,  431,  605,  232,  458,  329,  570,  428,  623,  418,  499,  481,  335,  397,  246,  632,  255,  144,  377,  565,  594,  531,  503,  281,  328,  146,  365,  181,  362,  154,  173,  385,  497,  522,  624,  621,  413,  218,   68,  173,  652,  577,  498,  337,  344,  214,  532,  353,  503,  390,  224,  276,  280,  213,  443,  590,  463,  611,  224,  449,  499,  452,  211,  590,  462,  259,  371,  485,  565,  336,  628,  255,  469,  475],
        [  496,    0,  873,  912,  501,  471,  643,  316,  407,  634,  487,    0,  868,  676,  278,  255,  447, 1011,  699,  772,  927,  674,  852,  966,  751,  703,  525, 1068,  921,  514,  712,  650,  325,  653,  828, 1061,  876,  878,  708,  829,  864,  517,  762,  266, 1114,  353,  646,  306, 1091,  906,  949,  412,  920,  803, 1047,  143, 1105,  904,  866,  924,  668,  138,  697, 1111,  726,  555,  692, 1023,  636,  928,  984,  680,  355,  529,  122,  514,  713,  335,  623,  290,  953,  892,  714, 1093,  841,  671,  419,  491, 1092,  966,  730,  806,  223,  689,  969,  627,   26,  672,  640,  219,  764,  683,  316,  915,  320, 1096,  293,  880,  730,  880,  300,  889,  801,  322,  347,    6,  703,  766, 1081,  658,  932,   25],
        [  477,    0,  530,  823,  503,  441,  741,  815,  694,  482,  436,  868,    0,  554,  689,  615,  460,  212,  188,  358,  423,  195,  157,  109,  319,  705,  392,  373,  168,  357,  296,  295,  563,  217,  352,  245,   29,  190,  754,  513,  193,  396,  276,  691,  271,  812,  648,  564,  226,  413,  798,  468,  107,  390,  247,  763,  325,  301,  697,   60,  240,  812,  450,  309,  201,  499,  680,  171,  601,  674,  412,  191,  562,  525,  752,  356,  638,  553,  448,  820,  520,  708,  568,  265,   28,  443,  489,  575,  224,  167,  362,  142,  664,  383,  595,  313,  877,  714,  508,  652,  244,  398,  680,  264,  695,  347,  576,   14,  363,  571,  639,  303,  199,  555,  598,  868,  492,  104,  218,  211,  119,  850],
        [  655,    0,  956, 1179,  200,  301,  980,  836,  797,  776,  589,  676,  554,    0,  400,  523,  570,  765,  398,  215,  905,  454,  421,  586,  725,  989,  286,  917,  709,  396,  258,  282,  560,  471,  256,  796,  580,  415, 1026,  921,  700,  293,  697,  686,  810,  857,  101,  495,  737,  887, 1180,  380,  658,  815,  800,  534,  878,  803, 1070,  606,  344,  716,  794,  860,  593,  731,  965,  713,   63, 1085,  921,  439,  349,  734,  617,  413,  947,  557,  738,  824,  988, 1091,   40,  812,  533,  770,  577,  752,  709,  523,  196,  618,  471,  733, 1049,  276,  668,  978,  802,  550,  672,  741,  363,  393,  363,  899,  495,  556,  195,  989,  654,  342,  363,  424,  338,  680,   68,  510,  737,  446,  671,  652],
        [  471,    0,  858,  987,  237,  249,  737,  493,  508,  623,  427,  278,  689,  400,    0,  211,  387,  867,  503,  515,  869,  503,  633,  772,  674,  774,  302,  964,  784,  343,  472,  423,  295,  494,  572,  913,  704,  652,  796,  815,  741,  296,  669,  362,  955,  522,  371,  224,  913,  848, 1008,  232,  764,  749,  905,  136,  974,  810,  908,  748,  459,  338,  672,  971,  599,  551,  756,  857,  358,  950,  912,  502,  128,  537,  239,  351,  758,  300,  598,  474,  921,  933,  436,  941,  661,  644,  372,  526,  904,  752,  474,  667,  109,  637,  959,  400,  269,  752,  640,  214,  660,  637,   40,  675,   52,  976,  214,  699,  474,  877,  354,  642,  575,  169,   93,  282,  430,  596,  906,  487,  777,  254],
        [  278,    0,  669,  778,  324,  251,  527,  314,  302,  429,  249,  255,  615,  523,  211,    0,  207,  758,  450,  561,  700,  420,  609,  714,  513,  565,  300,  824,  669,  265,  486,  419,   92,  399,  615,  807,  622,  638,  586,  625,  614,  290,  518,  166,  860,  337,  529,   52,  837,  679,  801,  175,  666,  576,  794,  180,  855,  662,  703,  669,  426,  215,  485,  859,  474,  353,  547,  769,  502,  750,  751,  427,  177,  335,  139,  262,  552,  100,  408,  302,  740,  729,  562,  839,  588,  457,  184,  318,  838,  720,  520,  553,  107,  461,  769,  397,  266,  542,  443,   39,  518,  458,  241,  683,  258,  848,   40,  627,  521,  684,  147,  664,  562,  100,  201,  255,  528,  512,  827,  405,  678,  238],
        [   91,    0,  471,  625,  382,  271,  411,  359,  258,  238,   42,  447,  460,  570,  387,  207,    0,  571,  337,  527,  494,  281,  500,  567,  307,  423,  288,  621,  481,  187,  433,  362,  123,  251,  570,  622,  461,  536,  458,  428,  420,  279,  315,  232,  680,  361,  611,  170,  670,  472,  637,  202,  489,  370,  605,  387,  661,  458,  531,  508,  338,  362,  285,  669,  288,  172,  401,  595,  571,  567,  545,  295,  293,  168,  325,  172,  391,  113,  211,  362,  538,  555,  606,  655,  436,  257,   30,  183,  680,  595,  492,  370,  303,  256,  572,  347,  463,  410,  258,  235,  318,  254,  405,  598,  425,  650,  183,  473,  493,  491,  181,  595,  470,  221,  335,  445,  550,  358,  658,  269,  501,  434],
        [  554,    0,  442,  748,  703,  628,  738,  897,  760,  497,  536, 1011,  212,  765,  867,  758,  571,    0,  387,  568,  304,  366,  359,  220,  314,  683,  584,  176,   90,  525,  508,  501,  689,  374,  557,   51,  186,  384,  733,  444,  156,  586,  281,  797,  118,  885,  860,  709,  163,  305,  710,  638,  110,  338,   38,  923,  114,  196,  623,  165,  442,  932,  443,  105,  285,  544,  661,   95,  812,  578,  264,  371,  741,  575,  890,  519,  613,  679,  475,  908,  398,  627,  780,   86,  234,  449,  601,  630,  204,  313,  574,  206,  826,  394,  476,  517, 1023,  703,  517,  793,  263,  408,  864,  449,  881,  137,  723,  211,  575,  483,  747,  496,  409,  718,  781, 1010,  703,  277,  147,  382,   97,  995],
        [  385,    0,  579,  838,  317,  255,  696,  692,  592,  448,  327,  699,  188,  398,  503,  450,  337,  387,    0,  245,  511,   73,  165,  272,  344,  679,  204,  523,  318,  186,  153,  118,  415,  103,  269,  426,  208,  200,  725,  550,  303,  208,  310,  554,  459,  696,  484,  400,  411,  495,  827,  290,  278,  433,  424,  585,  499,  405,  719,  248,   57,  659,  443,  489,  204,  435,  654,  359,  436,  717,  524,   54,  377,  453,  588,  190,  623,  406,  410,  693,  599,  736,  421,  450,  162,  425,  361,  493,  402,  270,  229,  221,  486,  374,  665,  132,  705,  680,  477,  489,  282,  386,  493,  264,  508,  514,  411,  197,  230,  616,  504,  269,  136,  379,  411,  699,  345,  114,  404,   76,  291,  679],
        [  596,    0,  824, 1080,  279,  311,  921,  855,  781,  684,  531,  772,  358,  215,  515,  561,  527,  568,  245,    0,  748,  316,  213,  376,  589,  913,  263,  730,  523,  341,   98,  167,  564,  343,   57,  594,  386,  201,  956,  795,  528,  273,  554,  705,  601,  867,  316,  519,  525,  734, 1071,  388,  465,  677,  601,  635,  678,  636,  962,  404,  208,  774,  685,  657,  448,  659,  888,  506,  274,  962,  753,  297,  417,  672,  685,  355,  860,  558,  645,  849,  839,  980,  219,  606,  341,  666,  544,  704,  495,  308,   43,  450,  550,  617,  907,  180,  770,  909,  712,  597,  524,  629,  488,  181,  496,  704,  525,  358,   42,  861,  662,  135,  160,  465,  430,  774,  148,  339,  526,  315,  476,  749],
        [  432,    0,  144,  447,  779,  675,  485,  728,  583,  305,  452,  927,  423,  905,  869,  700,  494,  304,  511,  748,    0,  451,  574,  489,  196,  416,  652,  200,  269,  554,  662,  623,  612,  436,  757,  337,  396,  610,  463,  159,  230,  649,  212,  673,  406,  706,  983,  662,  466,   22,  406,  646,  336,  125,  310,  880,  305,  123,  324,  411,  562,  818,  238,  336,  312,  379,  399,  394,  935,  274,   68,  466,  755,  409,  808,  540,  348,  603,  306,  746,   99,  326,  929,  368,  426,  260,  517,  458,  506,  577,  738,  300,  794,  240,  176,  629,  946,  443,  310,  726,  234,  245,  879,  686,  898,  264,  675,  430,  739,  183,  631,  721,  601,  701,  799,  925,  855,  410,  450,  459,  333,  918],
        [  320,    0,  511,  766,  346,  262,  626,  639,  531,  376,  265,  674,  195,  454,  503,  420,  281,  366,   73,  316,  451,    0,  223,  295,  276,  607,  221,  485,  287,  164,  221,  173,  373,   33,  341,  411,  205,  262,  653,  481,  258,  222,  245,  506,  453,  641,  534,  369,  420,  434,  756,  276,  261,  366,  404,  570,  476,  353,  647,  251,  113,  621,  371,  470,  140,  365,  582,  356,  486,  648,  470,   20,  376,  384,  558,  162,  550,  363,  337,  642,  535,  665,  479,  438,  168,  353,  308,  427,  418,  315,  296,  177,  471,  302,  599,  179,  682,  608,  404,  458,  218,  314,  498,  330,  515,  484,  382,  207,  298,  547,  456,  339,  205,  362,  415,  674,  405,   95,  410,   16,  275,  655],
        [  542,    0,  671,  954,  417,  389,  840,  856,  753,  585,  487,  852,  157,  421,  633,  609,  500,  359,  165,  213,  574,  223,    0,  165,  446,  815,  334,  527,  325,  346,  178,  211,  578,  255,  198,  382,  186,   41,  863,  650,  345,  341,  406,  717,  390,  860,  521,  559,  317,  563,  935,  441,  262,  527,  391,  730,  468,  454,  830,  195,  184,  820,  566,  446,  309,  583,  790,  294,  475,  815,  568,  206,  513,  605,  745,  352,  753,  570,  547,  857,  670,  844,  430,  394,  148,  554,  525,  649,  291,  119,  226,  279,  634,  497,  744,  234,  856,  820,  612,  647,  373,  511,  616,  117,  629,  496,  569,  154,  227,  712,  668,  148,   63,  530,  541,  853,  356,  184,  316,  233,  272,  831],
        [  585,    0,  610,  911,  569,  524,  844,  923,  802,  585,  544,  966,  109,  586,  772,  714,  567,  220,  272,  376,  489,  295,  165,    0,  415,  804,  471,  396,  220,  453,  339,  359,  667,  320,  353,  230,  118,  177,  854,  599,  270,  476,  373,  797,  227,  920,  685,  663,  152,  483,  881,  560,  154,  477,  244,  856,  317,  367,  783,   82,  314,  915,  549,  291,  308,  606,  780,  138,  640,  753,  466,  287,  647,  633,  852,  453,  736,  657,  553,  928,  588,  793,  594,  236,  132,  545,  596,  683,  133,   94,  391,  241,  757,  485,  665,  380,  974,  816,  611,  753,  342,  500,  760,  233,  774,  352,  675,   95,  392,  652,  746,  283,  226,  649,  680,  967,  520,  209,  151,  310,  157,  947],
        [  261,    0,  236,  509,  587,  481,  434,  592,  451,  184,  266,  751,  319,  725,  674,  513,  307,  314,  344,  589,  196,  276,  446,  415,    0,  390,  461,  319,  233,  359,  496,  447,  429,  255,  608,  363,  300,  486,  440,  207,  164,  457,   43,  509,  432,  577,  797,  472,  456,  176,  490,  451,  277,   91,  341,  692,  378,  155,  384,  335,  389,  652,  136,  395,  143,  234,  366,  374,  750,  375,  240,  294,  559,  266,  630,  345,  322,  419,  162,  605,  266,  398,  752,  399,  311,  137,  333,  320,  483,  485,  572,  177,  603,   81,  325,  449,  768,  403,  205,  542,   76,   95,  684,  563,  703,  357,  486,  331,  573,  273,  463,  588,  457,  507,  603,  749,  680,  264,  441,  281,  282,  740],
        [  335,    0,  283,  214,  805,  693,   79,  413,  296,  232,  400,  703,  705,  989,  774,  565,  423,  683,  679,  913,  416,  607,  815,  804,  390,    0,  703,  615,  614,  595,  815,  750,  481,  577,  945,  727,  688,  856,   51,  258,  547,  696,  432,  445,  798,  380, 1034,  555,  837,  404,  247,  624,  665,  345,  701,  720,  714,  491,  176,  724,  706,  567,  255,  741,  510,  259,   26,  757,  994,  253,  483,  626,  705,  256,  608,  578,   71,  477,  271,  438,  372,  200, 1024,  761,  693,  263,  423,  251,  868,  870,  884,  565,  671,  322,  341,  742,  727,   36,  204,  569,  463,  308,  802,  930,  820,  677,  564,  717,  886,  260,  430,  945,  811,  625,  744,  698,  963,  633,  822,  604,  669,  704],
        [  370,    0,  684,  894,  128,   56,  697,  593,  530,  491,  304,  525,  392,  286,  302,  300,  288,  584,  204,  263,  652,  221,  334,  471,  461,  703,    0,  705,  508,  111,  188,  126,  303,  224,  316,  626,  410,  356,  741,  647,  478,   10,  441,  443,  662,  607,  342,  256,  614,  633,  897,  126,  477,  549,  622,  398,  695,  566,  788,  451,  157,  514,  514,  688,  347,  445,  680,  562,  298,  807,  680,  215,  180,  450,  428,  128,  662,  298,  455,  587,  726,  809,  321,  651,  365,  489,  298,  470,  603,  452,  223,  397,  304,  456,  780,  103,  528,  694,  517,  336,  421,  463,  290,  390,  304,  704,  263,  401,  224,  714,  402,  367,  278,  207,  210,  527,  263,  308,  608,  208,  490,  504],
        [  580,    0,  341,  633,  830,  741,  682,  903,  759,  479,  581, 1068,  373,  917,  964,  824,  621,  176,  523,  730,  200,  485,  527,  396,  319,  615,  705,    0,  209,  626,  660,  641,  744,  482,  724,  182,  344,  555,  662,  358,  228,  705,  307,  828,  237,  884, 1006,  779,  318,  212,  586,  733,  266,  294,  159, 1000,  117,  165,  516,  335,  579,  971,  414,  154,  366,  545,  597,  267,  958,  455,  135,  494,  841,  576,  946,  616,  547,  734,  470,  918,  271,  514,  935,  201,  389,  430,  649,  629,  365,  489,  730,  309,  906,  391,  342,  654, 1084,  641,  491,  855,  308,  401,  967,  623,  985,   71,  793,  374,  732,  376,  781,  668,  571,  803,  884, 1066,  858,  410,  304,  498,  256, 1055],
        [  466,    0,  394,  699,  630,  549,  665,  809,  673,  417,  446,  921,  168,  709,  784,  669,  481,   90,  318,  523,  269,  287,  325,  220,  233,  614,  508,  209,    0,  442,  452,  435,  599,  291,  520,  141,  140,  356,  664,  388,   71,  509,  197,  707,  204,  798,  799,  620,  224,  264,  666,  553,   68,  273,  126,  836,  191,  147,  572,  144,  374,  842,  366,  191,  196,  459,  591,  143,  751,  537,  248,  294,  658,  490,  801,  434,  544,  589,  392,  819,  368,  579,  726,  175,  182,  370,  511,  544,  255,  309,  522,  118,  739,  313,  445,  449,  934,  631,  438,  704,  176,  327,  783,  429,  800,  197,  634,  172,  524,  436,  657,  470,  365,  632,  699,  921,  650,  205,  209,  302,   64,  906],
        [  264,    0,  577,  783,  230,  122,  592,  523,  441,  381,  198,  514,  357,  396,  343,  265,  187,  525,  186,  341,  554,  164,  346,  453,  359,  595,  111,  626,  442,    0,  249,  177,  236,  152,  386,  572,  369,  378,  634,  539,  400,  105,  344,  377,  616,  532,  452,  214,  583,  534,  786,  113,  423,  445,  563,  407,  632,  478,  677,  415,  166,  474,  404,  629,  261,  337,  571,  520,  408,  697,  587,  167,  217,  343,  403,   17,  552,  228,  344,  520,  623,  699,  430,  600,  330,  379,  204,  368,  579,  456,  305,  325,  308,  348,  674,  161,  522,  586,  406,  303,  329,  354,  342,  429,  360,  634,  225,  369,  306,  606,  330,  419,  304,  199,  259,  515,  369,  259,  574,  148,  437,  495],
        [  500,    0,  731,  984,  244,  242,  824,  769,  689,  587,  436,  712,  296,  258,  472,  486,  433,  508,  153,   98,  662,  221,  178,  339,  496,  815,  188,  660,  452,  249,    0,   73,  479,  247,  138,  540,  323,  186,  858,  701,  448,  198,  463,  621,  557,  780,  353,  440,  491,  647,  975,  311,  401,  585,  543,  581,  620,  554,  866,  350,  111,  701,  589,  604,  356,  562,  790,  459,  306,  868,  672,  203,  360,  575,  616,  262,  762,  472,  548,  765,  751,  884,  275,  557,  275,  569,  452,  608,  468,  293,   76,  368,  489,  521,  817,   91,  712,  812,  615,  523,  434,  532,  450,  205,  461,  641,  448,  300,   78,  768,  576,  179,  115,  395,  381,  713,  198,  257,  489,  219,  413,  689],
        [  430,    0,  681,  923,  211,  181,  756,  697,  617,  523,  365,  650,  295,  282,  423,  419,  362,  501,  118,  167,  623,  173,  211,  359,  447,  750,  126,  641,  435,  177,   73,    0,  407,  193,  210,  538,  318,  231,  792,  649,  420,  134,  417,  550,  564,  708,  367,  372,  507,  606,  918,  244,  392,  537,  538,  524,  614,  521,  808,  352,   63,  633,  530,  601,  312,  494,  725,  464,  319,  815,  639,  157,  304,  506,  551,  190,  699,  401,  485,  693,  708,  827,  307,  559,  270,  509,  380,  537,  491,  330,  135,  338,  429,  464,  771,   24,  653,  745,  551,  456,  391,  475,  406,  266,  419,  630,  380,  301,  137,  716,  504,  247,  153,  331,  331,  652,  233,  232,  503,  167,  405,  629],
        [  187,    0,  578,  692,  361,  265,  450,  292,  239,  338,  163,  325,  563,  560,  295,   92,  123,  689,  415,  564,  612,  373,  578,  667,  429,  481,  303,  744,  599,  236,  479,  407,    0,  347,  614,  739,  567,  611,  506,  534,  540,  293,  438,  143,  796,  305,  581,   75,  780,  591,  713,  183,  602,  488,  724,  270,  781,  580,  614,  614,  401,  250,  394,  788,  404,  261,  462,  708,  548,  660,  665,  383,  232,  244,  203,  227,  464,   10,  318,  286,  650,  639,  598,  772,  537,  366,   96,  231,  785,  683,  524,  485,  197,  373,  678,  388,  340,  460,  351,  114,  440,  369,  321,  664,  340,  771,   83,  575,  525,  593,   99,  652,  539,  148,  267,  324,  555,  460,  769,  358,  614,  312],
        [  288,    0,  488,  738,  350,  259,  594,  610,  500,  346,  234,  653,  217,  471,  494,  399,  251,  374,  103,  343,  436,   33,  255,  320,  255,  577,  224,  482,  291,  152,  247,  193,  347,    0,  371,  421,  223,  294,  622,  457,  255,  224,  226,  479,  467,  610,  548,  348,  438,  418,  729,  264,  273,  345,  412,  554,  481,  343,  620,  271,  137,  596,  343,  478,  125,  333,  551,  372,  500,  623,  459,   51,  367,  352,  537,  146,  520,  338,  307,  613,  517,  638,  498,  450,  190,  324,  279,  395,  440,  344,  321,  176,  455,  275,  579,  196,  663,  577,  374,  437,  202,  286,  492,  362,  509,  486,  361,  229,  322,  524,  428,  371,  237,  347,  408,  653,  426,  114,  428,   29,  286,  636],
        [  636,    0,  841, 1107,  335,  365,  958,  905,  826,  715,  572,  828,  352,  256,  572,  615,  570,  557,  269,   57,  757,  341,  198,  353,  608,  945,  316,  724,  520,  386,  138,  210,  614,  371,    0,  578,  381,  176,  990,  815,  532,  326,  571,  755,  579,  916,  357,  571,  498,  744, 1094,  441,  458,  695,  587,  692,  664,  641,  986,  392,  241,  829,  712,  641,  466,  695,  920,  488,  318,  982,  757,  322,  473,  709,  740,  400,  890,  608,  676,  899,  851, 1003,  253,  587,  339,  694,  589,  744,  465,  277,   99,  458,  606,  643,  921,  227,  827,  944,  743,  651,  540,  655,  545,  138,  552,  693,  578,  350,   99,  880,  712,   86,  158,  520,  487,  831,  190,  350,  500,  343,  468,  805],
        [  605,    0,  479,  784,  743,  672,  784,  947,  810,  546,  587, 1061,  245,  796,  913,  807,  622,   51,  426,  594,  337,  411,  382,  230,  363,  727,  626,  182,  141,  572,  540,  538,  739,  421,  578,    0,  221,  403,  777,  483,  207,  629,  331,  848,   71,  936,  892,  758,  137,  341,  742,  684,  150,  383,   28,  972,   88,  237,  660,  191,  481,  983,  490,   65,  335,  595,  706,   93,  845,  611,  290,  414,  786,  626,  940,  566,  657,  729,  525,  958,  428,  662,  808,   36,  269,  498,  651,  680,  183,  321,  602,  255,  874,  444,  504,  555, 1073,  748,  565,  843,  314,  458,  909,  463,  925,  126,  772,  241,  603,  519,  797,  512,  436,  765,  825, 1060,  733,  319,  122,  426,  137, 1045],
        [  472,    0,  506,  802,  524,  458,  727,  812,  689,  468,  434,  876,   29,  580,  704,  622,  461,  186,  208,  386,  396,  205,  186,  118,  300,  688,  410,  344,  140,  369,  323,  318,  567,  223,  381,  221,    0,  218,  738,  491,  167,  414,  258,  692,  252,  808,  674,  571,  216,  387,  776,  481,   79,  368,  222,  775,  299,  274,  675,   48,  261,  816,  433,  284,  191,  489,  663,  153,  626,  650,  384,  203,  577,  516,  759,  366,  621,  557,  435,  819,  494,  686,  595,  243,   49,  428,  490,  568,  220,  187,  389,  124,  676,  368,  569,  335,  886,  699,  494,  660,  226,  383,  697,  292,  712,  320,  584,   35,  390,  548,  640,  331,  227,  567,  614,  876,  519,  111,  206,  221,   91,  859],
        [  581,    0,  710,  994,  429,  412,  881,  892,  790,  625,  525,  878,  190,  415,  652,  638,  536,  384,  200,  201,  610,  262,   41,  177,  486,  856,  356,  555,  356,  378,  186,  231,  611,  294,  176,  403,  218,    0,  903,  690,  381,  364,  445,  752,  403,  896,  515,  589,  325,  599,  974,  468,  291,  566,  413,  754,  489,  489,  869,  221,  213,  850,  607,  465,  349,  623,  830,  312,  471,  854,  601,  245,  535,  644,  774,  385,  794,  603,  588,  892,  707,  883,  420,  411,  184,  594,  561,  688,  294,  110,  222,  318,  658,  537,  781,  255,  882,  860,  653,  677,  413,  551,  633,   78,  645,  520,  599,  184,  223,  751,  703,  114,   78,  557,  561,  879,  348,  224,  326,  271,  300,  857],
        [  372,    0,  327,  206,  839,  728,   65,  408,  304,  279,  438,  708,  754, 1026,  796,  586,  458,  733,  725,  956,  463,  653,  863,  854,  440,   51,  741,  662,  664,  634,  858,  792,  506,  622,  990,  777,  738,  903,    0,  304,  598,  733,  482,  456,  847,  373, 1067,  580,  887,  451,  249,  657,  715,  395,  751,  735,  762,  540,  199,  774,  750,  571,  305,  790,  558,  299,   75,  807, 1028,  279,  529,  672,  734,  292,  618,  617,  121,  503,  317,  434,  413,  221, 1061,  811,  742,  312,  455,  279,  918,  919,  927,  614,  691,  371,  377,  783,  732,   48,  251,  588,  512,  357,  825,  977,  843,  725,  588,  766,  928,  301,  447,  991,  857,  652,  771,  703, 1002,  681,  872,  649,  719,  711],
        [  348,    0,   45,  312,  768,  657,  328,  597,  454,  198,  389,  829,  513,  921,  815,  625,  428,  444,  550,  795,  159,  481,  650,  599,  207,  258,  647,  358,  388,  539,  701,  649,  534,  457,  815,  483,  491,  690,  304,    0,  330,  642,  246,  566,  553,  571,  988,  595,  604,  148,  286,  611,  448,  124,  457,  803,  460,  249,  185,  517,  593,  708,  143,  490,  350,  276,  241,  526,  942,  168,  226,  499,  714,  301,  715,  522,  190,  526,  218,  617,  130,  196,  951,  516,  509,  171,  445,  341,  640,  678,  776,  374,  727,  191,  145,  649,  850,  285,  190,  645,  278,  185,  831,  767,  851,  422,  607,  524,  778,   68,  530,  793,  663,  647,  758,  826,  880,  470,  588,  484,  449,  823],
        [  399,    0,  341,  642,  603,  513,  596,  741,  604,  347,  383,  864,  193,  700,  741,  614,  420,  156,  303,  528,  230,  258,  345,  270,  164,  547,  478,  228,   71,  400,  448,  420,  540,  255,  532,  207,  167,  381,  598,  330,    0,  478,  127,  643,  273,  729,  786,  566,  293,  220,  612,  509,  120,  210,  188,  784,  242,  110,  515,  188,  358,  780,  297,  250,  143,  390,  524,  211,  738,  485,  226,  269,  616,  420,  742,  391,  478,  530,  322,  752,  328,  524,  721,  242,  197,  300,  449,  475,  321,  352,  522,   83,  689,  243,  403,  431,  878,  563,  368,  647,  108,  257,  742,  456,  760,  237,  580,  201,  523,  383,  593,  492,  375,  583,  658,  863,  645,  192,  278,  271,  123,  850],
        [  362,    0,  679,  887,  130,   49,  689,  583,  520,  485,  296,  517,  396,  293,  296,  290,  279,  586,  208,  273,  649,  222,  341,  476,  457,  696,   10,  705,  509,  105,  198,  134,  293,  224,  326,  629,  414,  364,  733,  642,  478,    0,  438,  433,  665,  598,  347,  246,  619,  630,  890,  116,  479,  545,  624,  390,  697,  565,  781,  455,  163,  504,  508,  690,  345,  438,  672,  566,  304,  801,  678,  216,  173,  442,  419,  122,  655,  288,  448,  577,  722,  803,  329,  654,  369,  483,  289,  462,  608,  459,  233,  397,  295,  451,  776,  111,  519,  686,  510,  327,  419,  458,  285,  399,  300,  706,  253,  405,  234,  710,  392,  376,  286,  198,  204,  518,  272,  310,  612,  208,  493,  495],
        [  280,    0,  271,  550,  568,  465,  475,  618,  480,  222,  276,  762,  276,  697,  669,  518,  315,  281,  310,  554,  212,  245,  406,  373,   43,  432,  441,  307,  197,  344,  463,  417,  438,  226,  571,  331,  258,  445,  482,  246,  127,  438,    0,  528,  398,  605,  773,  475,  418,  193,  530,  442,  236,  124,  310,  695,  354,  144,  425,  293,  357,  669,  178,  367,  107,  264,  408,  336,  726,  412,  245,  262,  551,  295,  640,  331,  364,  428,  196,  630,  291,  439,  723,  366,  268,  176,  343,  350,  443,  443,  538,  135,  604,  117,  355,  421,  777,  445,  244,  549,   33,  132,  676,  522,  695,  337,  489,  288,  540,  310,  480,  548,  418,  504,  595,  760,  650,  224,  403,  251,  243,  749],
        [  249,    0,  609,  658,  486,  401,  393,  152,  154,  373,  262,  266,  691,  686,  362,  166,  232,  797,  554,  705,  673,  506,  717,  797,  509,  445,  443,  828,  707,  377,  621,  550,  143,  479,  755,  848,  692,  752,  456,  566,  643,  433,  528,    0,  908,  171,  695,  193,  902,  652,  690,  320,  719,  550,  830,  280,  880,  664,  603,  739,  543,  145,  438,  892,  517,  295,  432,  826,  667,  662,  733,  518,  342,  267,  163,  368,  449,  150,  367,  145,  692,  629,  725,  882,  666,  414,  202,  226,  911,  819,  665,  599,  254,  440,  705,  530,  289,  416,  376,  149,  537,  432,  397,  806,  412,  865,  191,  704,  666,  615,   52,  795,  680,  262,  366,  262,  687,  588,  889,  493,  730,  264],
        [  669,    0,  548,  852,  773,  710,  855, 1012,  876,  615,  647, 1114,  271,  810,  955,  860,  680,  118,  459,  601,  406,  453,  390,  227,  432,  798,  662,  237,  204,  616,  557,  564,  796,  467,  579,   71,  252,  403,  847,  553,  273,  665,  398,  908,    0, 1001,  908,  810,   93,  410,  810,  729,  195,  453,   97, 1020,  124,  308,  729,  213,  511, 1041,  560,   88,  393,  661,  776,  101,  861,  678,  355,  454,  828,  692,  995,  612,  727,  786,  593, 1022,  494,  731,  819,   39,  298,  567,  710,  747,  140,  309,  615,  311,  922,  512,  569,  583, 1126,  818,  635,  896,  379,  526,  948,  455,  964,  171,  824,  264,  616,  588,  858,  507,  448,  813,  866, 1114,  745,  359,   84,  469,  183, 1098],
        [  337,    0,  611,  577,  657,  569,  309,   37,  127,  406,  378,  353,  812,  857,  522,  337,  361,  885,  696,  867,  706,  641,  860,  920,  577,  380,  607,  884,  798,  532,  780,  708,  305,  610,  916,  936,  808,  896,  373,  571,  729,  598,  605,  171, 1001,    0,  865,  363, 1008,  687,  621,  487,  822,  592,  915,  420,  954,  727,  554,  854,  693,  217,  472,  971,  621,  344,  377,  929,  838,  627,  772,  655,  513,  312,  295,  520,  411,  310,  417,   64,  701,  579,  896,  971,  789,  455,  336,  257, 1023,  954,  828,  701,  416,  498,  695,  690,  378,  345,  397,  316,  623,  486,  559,  956,  573,  931,  362,  825,  829,  605,  207,  949,  828,  433,  535,  348,  857,  713,  994,  629,  832,  361],
        [  699,    0, 1024, 1231,  229,  342, 1018,  841,  819,  830,  635,  646,  648,  101,  371,  529,  611,  860,  484,  316,  983,  534,  521,  685,  797, 1034,  342, 1006,  799,  452,  353,  367,  581,  548,  357,  892,  674,  515, 1067,  988,  786,  347,  773,  695,  908,  865,    0,  510,  837,  965, 1236,  412,  751,  886,  895,  506,  972,  886, 1128,  702,  429,  704,  855,  956,  672,  778, 1011,  810,   49, 1148, 1003,  520,  354,  778,  604,  469,  997,  580,  795,  826, 1062, 1150,  110,  909,  626,  830,  613,  790,  809,  623,  295,  704,  460,  797, 1120,  357,  635, 1020,  855,  551,  749,  804,  333,  494,  327,  992,  508,  652,  294, 1056,  670,  442,  461,  436,  331,  651,  169,  597,  836,  525,  764,  623],
        [  249,    0,  638,  766,  295,  211,  524,  344,  310,  401,  211,  306,  564,  495,  224,   52,  170,  709,  400,  519,  662,  369,  559,  663,  472,  555,  256,  779,  620,  214,  440,  372,   75,  348,  571,  758,  571,  589,  580,  595,  566,  246,  475,  193,  810,  363,  510,    0,  786,  640,  785,  131,  616,  539,  745,  221,  807,  618,  684,  619,  376,  263,  453,  811,  426,  328,  536,  718,  479,  727,  711,  376,  159,  314,  190,  211,  536,   78,  378,  334,  707,  709,  534,  790,  537,  425,  151,  305,  787,  669,  478,  504,  134,  424,  739,  350,  316,  534,  417,   90,  472,  423,  248,  635,  267,  801,   14,  576,  479,  656,  161,  618,  513,   75,  192,  305,  495,  462,  776,  354,  628,  288],
        [  672,    0,  604,  910,  718,  665,  888, 1015,  885,  639,  641, 1091,  226,  737,  913,  837,  670,  163,  411,  525,  466,  420,  317,  152,  456,  837,  614,  318,  224,  583,  491,  507,  780,  438,  498,  137,  216,  325,  887,  604,  293,  619,  418,  902,   93, 1008,  837,  786,    0,  467,  872,  694,  187,  494,  162,  989,  212,  356,  785,  169,  459, 1029,  590,  177,  388,  676,  815,   82,  791,  740,  424,  416,  787,  705,  974,  581,  767,  770,  612, 1024,  560,  789,  743,  120,  254,  592,  700,  759,   48,  224,  542,  307,  890,  534,  637,  528, 1101,  855,  661,  875,  393,  549,  903,  369,  918,  257,  799,  215,  543,  645,  850,  423,  378,  781,  822, 1091,  671,  326,   17,  435,  178, 1074],
        [  411,    0,  138,  444,  759,  655,  471,  709,  564,  285,  431,  906,  413,  887,  848,  679,  472,  305,  495,  734,   22,  434,  563,  483,  176,  404,  633,  212,  264,  534,  647,  606,  591,  418,  744,  341,  387,  599,  451,  148,  220,  630,  193,  652,  410,  687,  965,  640,  467,    0,  406,  626,  330,  104,  314,  858,  313,  117,  320,  404,  545,  797,  217,  343,  295,  359,  386,  393,  917,  275,   85,  450,  734,  389,  787,  520,  335,  582,  286,  726,  108,  323,  913,  372,  415,  240,  496,  438,  506,  569,  722,  286,  773,  219,  183,  612,  925,  430,  291,  705,  216,  223,  858,  676,  877,  274,  654,  421,  724,  179,  610,  710,  587,  680,  778,  904,  838,  395,  451,  442,  328,  897],
