{
    "name": "random-29-25740",
    "comment": "size=29 seed=25740",
    "nodes": ["+0", "-0", "+1", "-1", "+2", "-2", "+3", "-3", "+4", "-4", "+5", "-5", "+6", "-6", "+7", "-7", "+8", "-8", "+9", "-9", "+10", "-10", "+11", "-11", "+12", "-12", "+13", "-13", "+14", "-14", "+15", "-15", "+16", "-16", "+17", "-17", "+18", "-18", "+19", "-19", "+20", "-20", "+21", "-21", "+22", "-22", "+23", "-23", "+24", "-24", "+25", "-25", "+26", "-26", "+27", "-27", "+28", "-28", "+29", "-29"],
    "precedence": {
        "+0": "-0",
        "+1": "-1",
        "+2": "-2",
        "+3": "-3",
        "+4": "-4",
        "+5": "-5",
        "+6": "-6",
        "+7": "-7",
        "+8": "-8",
        "+9": "-9",
        "+10": "-10",
        "+11": "-11",
        "+12": "-12",
        "+13": "-13",
        "+14": "-14",
        "+15": "-15",
        "+16": "-16",
        "+17": "-17",
        "+18": "-18",
        "+19": "-19",
        "+20": "-20",
        "+21": "-21",
        "+22": "-22",
        "+23": "-23",
        "+24": "-24",
        "+25": "-25",
        "+26": "-26",
        "+27": "-27",
        "+28": "-28",
        "+29": "-29"
    },
    "edges": [
        [    0,    0,  944,  732,   55,  225,  764,  161,  227,  217,  398,   42,  561,  640,  718,  778,  479,  430,  533,  636,  914,  937,  584,  925,  278,  553,  245,  334,  166,  281, 1018,  125,  362,  151,  251,  813,  486,   87,  503,  488,  667,  796,  285,  131,  834,  653,  126,  318,  611,  675,  570, 1106, 1040,  734,  824,  756,  588,  278,  454,  740],
        [    0,    0,  944,  732,   55,  225,  764,  161,  227,  217,  398,   42,  561,  640,  718,  778,  479,  430,  533,  636,  914,  937,  584,  925,  278,  553,  245,  334,  166,  281, 1018,  125,  362,  151,  251,  813,  486,   87,  503,  488,  667,  796,  285,  131,  834,  653,  126,  318,  611,  675,  570, 1106, 1040,  734,  824,  756,  588,  278,  454,  740],
        [  944,  944,    0,  223,  932,  932,  504, 1094,  941,  918,  818,  967,  647,  730,  482,  396,  532,  595,  643,  753,  153,  151,  419,  117,  719,  816,  729,  695, 1101,  734,  111,  820,  638, 1056,  824,  744,  469,  920,  623,  556,  455,  421,  666, 1039,  893,  719, 1043,  636,  448,  775,  502,  204,  179,  403,  489,  717,  869,  772,  570,  790],
        [  732,  732,  223,    0,  725,  710,  360,  886,  718,  730,  662,  752,  533,  638,  320,  376,  311,  374,  520,  564,  267,  285,  280,  197,  497,  614,  509,  517,  885,  547,  286,  608,  457,  837,  602,  703,  249,  715,  412,  406,  376,  295,  462,  821,  734,  632,  825,  418,  336,  593,  380,  377,  316,  246,  370,  662,  670,  550,  408,  620],
        [   55,   55,  932,  725,    0,  276,  783,  162,  279,  163,  346,   96,  516,  591,  734,  745,  490,  445,  489,  671,  894,  917,  559,  920,  298,  593,  260,  295,  202,  242, 1010,  121,  329,  200,  289,  764,  483,   33,  526,  454,  633,  809,  267,  180,  874,  605,  173,  319,  579,  711,  536, 1101, 1037,  745,  841,  708,  631,  310,  421,  776],
        [  225,  225,  932,  710,  276,    0,  635,  339,    9,  433,  588,  196,  706,  804,  599,  861,  408,  345,  676,  449,  938,  961,  650,  886,  217,  352,  220,  474,  255,  429,  985,  243,  475,  185,  109,  971,  468,  304,  371,  595,  762,  688,  364,  182,  628,  815,  195,  318,  696,  482,  669, 1063,  992,  637,  697,  913,  377,  161,  558,  546],
        [  764,  764,  504,  360,  783,  635,    0,  922,  642,  858,  872,  765,  814,  932,   55,  728,  305,  339,  793,  278,  610,  622,  579,  400,  486,  372,  523,  702,  875,  706,  489,  665,  649,  810,  541, 1030,  378,  788,  268,  664,  704,   88,  586,  801,  389,  930,  810,  483,  648,  288,  674,  528,  456,  114,   62,  982,  411,  497,  648,  290],
        [  161,  161, 1094,  886,  162,  339,  922,    0,  337,  250,  451,  159,  647,  705,  877,  896,  640,  589,  622,  778, 1054, 1077,  717, 1080,  437,  687,  405,  443,  117,  391, 1171,  279,  484,  172,  395,  877,  642,  178,  658,  606,  783,  956,  429,  165,  966,  720,  151,  476,  733,  815,  687, 1261, 1197,  894,  982,  824,  715,  430,  574,  880],
        [  227,  227,  941,  718,  279,    9,  642,  337,    0,  436,  593,  197,  713,  811,  606,  869,  416,  353,  683,  453,  947,  969,  658,  894,  225,  355,  228,  480,  251,  435,  993,  249,  482,  181,  117,  978,  476,  307,  378,  602,  770,  695,  372,  179,  631,  821,  192,  326,  704,  486,  677, 1071, 1000,  645,  704,  920,  379,  169,  565,  550],
        [  217,  217,  918,  730,  163,  433,  858,  250,  436,    0,  202,  257,  402,  455,  806,  668,  555,  525,  379,  791,  854,  877,  512,  926,  400,  725,  357,  226,  338,  185, 1008,  219,  281,  354,  426,  628,  513,  131,  622,  385,  554,  870,  281,  336, 1003,  471,  327,  376,  514,  832,  462, 1103, 1045,  801,  913,  574,  768,  432,  359,  897],
        [  398,  398,  818,  662,  346,  588,  872,  451,  593,  202,    0,  440,  217,  254,  817,  508,  576,  568,  201,  868,  727,  748,  400,  849,  486,  823,  445,  171,  536,  183,  918,  347,  224,  545,  550,  427,  496,  314,  676,  262,  399,  863,  303,  526, 1086,  270,  518,  417,  377,  910,  321, 1015,  966,  793,  919,  374,  874,  539,  254,  971],
        [   42,   42,  967,  752,   96,  196,  765,  159,  197,  257,  440,    0,  601,  681,  720,  813,  488,  435,  573,  623,  942,  965,  616,  943,  283,  535,  254,  373,  135,  320, 1037,  153,  398,  111,  238,  854,  504,  128,  500,  525,  703,  801,  315,   91,  816,  694,   87,  335,  645,  660,  606, 1124, 1058,  741,  825,  797,  567,  272,  489,  725],
        [  561,  561,  647,  533,  516,  706,  814,  647,  713,  402,  217,  601,    0,  120,  760,  298,  555,  571,   31,  880,  536,  556,  253,  700,  545,  861,  514,  234,  717,  284,  754,  471,  236,  711,  639,  267,  447,  487,  678,  154,  198,  784,  352,  691, 1096,  123,  686,  446,  202,  921,  154,  850,  811,  717,  851,  209,  918,  611,  179,  975],
        [  640,  640,  730,  638,  591,  804,  932,  705,  811,  455,  254,  681,  120,    0,  878,  350,  674,  690,  146,  998,  605,  622,  362,  794,  656,  978,  623,  332,  787,  376,  839,  564,  346,  789,  745,  174,  566,  560,  797,  273,  276,  899,  461,  770, 1215,   18,  763,  561,  302, 1040,  262,  933,  900,  832,  967,  120, 1034,  720,  298, 1094],
        [  718,  718,  482,  320,  734,  599,   55,  877,  606,  806,  817,  720,  760,  878,    0,  682,  252,  290,  739,  278,  577,  591,  528,  384,  440,  361,  475,  647,  834,  652,  478,  616,  594,  770,  501,  979,  323,  739,  229,  610,  654,   93,  533,  760,  417,  877,  769,  431,  596,  296,  621,  526,  453,   80,  108,  930,  406,  455,  593,  309],
        [  778,  778,  396,  376,  745,  861,  728,  896,  869,  668,  508,  813,  298,  350,  682,    0,  565,  610,  308,  885,  258,  274,  214,  480,  657,  903,  644,  454,  943,  506,  506,  664,  417,  920,  769,  349,  450,  722,  695,  292,  114,  670,  506,  900, 1080,  337,  899,  549,  169,  921,  210,  597,  573,  616,  745,  322,  962,  726,  325,  960],
        [  479,  479,  532,  311,  490,  408,  305,  640,  416,  555,  576,  488,  555,  674,  252,  565,    0,   64,  529,  331,  562,  583,  365,  478,  209,  339,  236,  405,  612,  405,  578,  370,  357,  555,  300,  801,  118,  492,  132,  402,  500,  320,  283,  542,  543,  677,  549,  180,  432,  370,  438,  656,  585,  255,  359,  747,  398,  248,  377,  421],
        [  430,  430,  595,  374,  445,  345,  339,  589,  353,  525,  568,  435,  571,  690,  290,  610,   64,    0,  544,  310,  622,  643,  403,  542,  153,  299,  186,  399,  556,  390,  641,  327,  357,  497,  237,  825,  162,  450,  110,  421,  536,  367,  267,  484,  528,  693,  491,  154,  467,  352,  467,  719,  647,  306,  397,  770,  358,  185,  392,  409],
        [  533,  533,  643,  520,  489,  676,  793,  622,  683,  379,  201,  573,   31,  146,  739,  308,  529,  544,    0,  853,  538,  558,  241,  691,  515,  833,  484,  205,  690,  255,  749,  442,  206,  683,  609,  297,  423,  460,  651,  130,  202,  765,  322,  663, 1069,  151,  658,  417,  196,  894,  144,  845,  804,  697,  831,  239,  890,  581,  153,  949],
        [  636,  636,  753,  564,  671,  449,  278,  778,  453,  791,  868,  623,  880,  998,  278,  885,  331,  310,  853,    0,  831,  847,  693,  660,  393,  110,  436,  702,  703,  686,  755,  574,  665,  634,  386, 1131,  447,  688,  202,  729,  828,  362,  566,  630,  220, 1002,  642,  452,  761,   43,  768,  803,  730,  354,  328, 1076,  134,  363,  701,  107],
        [  914,  914,  153,  267,  894,  938,  610, 1054,  947,  854,  727,  942,  536,  605,  577,  258,  562,  622,  538,  831,    0,   24,  343,  261,  722,  879,  724,  628, 1077,  674,  258,  790,  577, 1039,  834,  600,  473,  877,  675,  474,  338,  533,  629, 1021,  994,  593, 1023,  625,  351,  859,  406,  343,  330,  499,  606,  578,  936,  784,  496,  883],
        [  937,  937,  151,  285,  917,  961,  622, 1077,  969,  877,  748,  965,  556,  622,  591,  274,  583,  643,  558,  847,   24,    0,  365,  264,  744,  898,  746,  651, 1100,  696,  251,  813,  600, 1062,  856,  613,  495,  900,  694,  496,  358,  544,  652, 1044, 1008,  610, 1046,  648,  372,  875,  427,  332,  325,  513,  616,  592,  954,  805,  518,  898],
        [  584,  584,  419,  280,  559,  650,  579,  717,  658,  512,  400,  616,  253,  362,  528,  214,  365,  403,  241,  693,  343,  365,    0,  454,  444,  700,  431,  286,  749,  332,  519,  465,  235,  720,  556,  452,  247,  539,  496,  138,  135,  540,  303,  701,  899,  358,  701,  336,   70,  731,  101,  616,  569,  475,  610,  403,  760,  513,  155,  777],
        [  925,  925,  117,  197,  920,  886,  400, 1080,  894,  926,  849,  943,  700,  794,  384,  480,  478,  542,  691,  660,  261,  264,  454,    0,  679,  733,  696,  710, 1075,  742,  101,  802,  651, 1024,  777,  828,  440,  911,  552,  589,  519,  314,  658, 1008,  787,  785, 1014,  609,  498,  679,  548,  182,  119,  307,  378,  795,  783,  725,  596,  688],
        [  278,  278,  719,  497,  298,  217,  486,  437,  225,  400,  486,  283,  545,  656,  440,  657,  209,  153,  515,  393,  722,  744,  444,  679,    0,  338,   44,  332,  404,  304,  776,  187,  310,  348,  114,  811,  252,  308,  229,  412,  565,  519,  196,  334,  608,  664,  341,  109,  496,  435,  478,  858,  789,  459,  546,  753,  389,   70,  377,  499],
        [  553,  553,  816,  614,  593,  352,  372,  687,  355,  725,  823,  535,  861,  978,  361,  903,  339,  299,  833,  110,  879,  898,  700,  733,  338,    0,  379,  665,  606,  641,  831,  507,  635,  536,  305, 1120,  455,  613,  210,  715,  834,  451,  527,  533,  282,  983,  546,  418,  765,  134,  764,  886,  812,  430,  427, 1064,   60,  293,  684,  196],
        [  245,  245,  729,  509,  260,  220,  523,  405,  228,  357,  445,  254,  514,  623,  475,  644,  236,  186,  484,  436,  724,  746,  431,  696,   44,  379,    0,  295,  381,  264,  792,  146,  279,  329,  128,  781,  261,  268,  270,  387,  547,  552,  163,  313,  651,  631,  319,   99,  479,  478,  457,  876,  808,  489,  582,  723,  430,   98,  351,  542],
        [  334,  334,  695,  517,  295,  474,  702,  443,  480,  226,  171,  373,  234,  332,  647,  454,  405,  399,  205,  702,  628,  651,  286,  710,  332,  665,  295,    0,  496,   54,  788,  238,   60,  482,  413,  498,  329,  270,  508,  163,  341,  696,  138,  462,  922,  342,  458,  251,  292,  745,  244,  884,  829,  626,  750,  440,  719,  392,  134,  805],
        [  166,  166, 1101,  885,  202,  255,  875,  117,  251,  338,  536,  135,  717,  787,  834,  943,  612,  556,  690,  703, 1077, 1100,  749, 1075,  404,  606,  381,  496,    0,  443, 1170,  287,  526,   71,  335,  960,  636,  230,  608,  653,  832,  918,  449,   75,  879,  801,   65,  467,  776,  737,  734, 1256, 1188,  861,  936,  905,  627,  379,  618,  801],
        [  281,  281,  734,  547,  242,  429,  706,  391,  435,  185,  183,  320,  284,  376,  652,  506,  405,  390,  255,  686,  674,  696,  332,  742,  304,  641,  264,   54,  443,    0,  823,  189,   97,  430,  376,  545,  342,  217,  497,  215,  393,  707,  124,  410,  904,  387,  406,  237,  342,  728,  296,  918,  861,  637,  757,  487,  693,  360,  183,  790],
        [ 1018, 1018,  111,  286, 1010,  985,  489, 1171,  993, 1008,  918, 1037,  754,  839,  478,  506,  578,  641,  749,  755,  258,  251,  519,  101,  776,  831,  792,  788, 1170,  823,    0,  894,  730, 1120,  876,  853,  534, 1000,  652,  656,  564,  402,  746, 1104,  872,  829, 1109,  703,  553,  772,  607,   98,   74,  402,  460,  827,  880,  824,  667,  778],
        [  125,  125,  820,  608,  121,  243,  665,  279,  249,  219,  347,  153,  471,  564,  616,  664,  370,  327,  442,  574,  790,  813,  465,  802,  187,  507,  146,  238,  287,  189,  894,    0,  252,  257,  211,  733,  364,  123,  415,  379,  556,  689,  163,  237,  785,  576,  236,  198,  496,  615,  459,  984,  919,  625,  723,  675,  551,  214,  342,  680],
        [  362,  362,  638,  457,  329,  475,  649,  484,  482,  281,  224,  398,  236,  346,  594,  417,  357,  357,  206,  665,  577,  600,  235,  651,  310,  635,  279,   60,  526,   97,  730,  252,    0,  506,  403,  503,  273,  307,  467,  128,  306,  640,  116,  486,  884,  354,  484,  217,  251,  707,  209,  825,  770,  570,  696,  445,  690,  376,   92,  765],
        [  151,  151, 1056,  837,  200,  185,  810,  172,  181,  354,  545,  111,  711,  789,  770,  920,  555,  497,  683,  634, 1039, 1062,  720, 1024,  348,  536,  329,  482,   71,  430, 1120,  257,  506,    0,  270,  963,  588,  232,  543,  633,  811,  856,  418,   21,  809,  803,   28,  421,  752,  667,  714, 1204, 1136,  800,  872,  906,  557,  316,  597,  731],
        [  251,  251,  824,  602,  289,  109,  541,  395,  117,  426,  550,  238,  639,  745,  501,  769,  300,  237,  609,  386,  834,  856,  556,  777,  114,  305,  128,  413,  335,  376,  876,  211,  403,  270,    0,  905,  362,  309,  274,  515,  674,  587,  288,  261,  586,  754,  271,  221,  606,  424,  584,  955,  884,  534,  602,  847,  344,   53,  478,  490],
        [  813,  813,  744,  703,  764,  971, 1030,  877,  978,  628,  427,  854,  267,  174,  979,  349,  801,  825,  297, 1131,  600,  613,  452,  828,  811, 1120,  781,  498,  960,  545,  853,  733,  503,  963,  905,    0,  686,  733,  929,  406,  329,  986,  618,  943, 1343,  160,  936,  710,  383, 1171,  365,  942,  922,  923, 1058,   59, 1179,  877,  438, 1221],
        [  486,  486,  469,  249,  483,  468,  378,  642,  476,  513,  496,  504,  447,  566,  323,  450,  118,  162,  423,  447,  473,  495,  247,  440,  252,  455,  261,  329,  636,  342,  534,  364,  273,  588,  362,  686,    0,  477,  250,  294,  382,  368,  233,  572,  657,  567,  576,  170,  314,  487,  322,  621,  555,  298,  423,  633,  514,  311,  273,  535],
        [   87,   87,  920,  715,   33,  304,  788,  178,  307,  131,  314,  128,  487,  560,  739,  722,  492,  450,  460,  688,  877,  900,  539,  911,  308,  613,  268,  270,  230,  217, 1000,  123,  307,  232,  309,  733,  477,    0,  536,  431,  609,  812,  255,  212,  894,  574,  205,  317,  557,  728,  512, 1092, 1029,  746,  846,  677,  653,  325,  398,  793],
        [  503,  503,  623,  412,  526,  371,  268,  658,  378,  622,  676,  500,  678,  797,  229,  695,  132,  110,  651,  202,  675,  694,  496,  552,  229,  210,  270,  508,  608,  497,  652,  415,  467,  543,  274,  929,  250,  536,    0,  527,  631,  318,  374,  534,  419,  801,  543,  260,  563,  243,  568,  718,  645,  272,  329,  874,  269,  230,  500,  299],
        [  488,  488,  556,  406,  454,  595,  664,  606,  602,  385,  262,  525,  154,  273,  610,  292,  402,  421,  130,  729,  474,  496,  138,  589,  412,  715,  387,  163,  653,  215,  656,  379,  128,  633,  515,  406,  294,  431,  527,    0,  180,  638,  231,  613,  944,  275,  611,  307,  130,  770,   82,  753,  705,  570,  703,  349,  773,  481,   38,  823],
        [  667,  667,  455,  376,  633,  762,  704,  783,  770,  554,  399,  703,  198,  276,  654,  114,  500,  536,  202,  828,  338,  358,  135,  519,  565,  834,  547,  341,  832,  393,  564,  556,  306,  811,  674,  329,  382,  609,  631,  180,    0,  657,  401,  791, 1033,  267,  789,  456,   70,  866,   98,  659,  625,  596,  729,  286,  894,  634,  214,  911],
        [  796,  796,  421,  295,  809,  688,   88,  956,  695,  870,  863,  801,  784,  899,   93,  670,  320,  367,  765,  362,  533,  544,  540,  314,  519,  451,  552,  696,  918,  707,  402,  689,  640,  856,  587,  986,  368,  812,  318,  638,  657,    0,  592,  845,  474,  896,  853,  498,  606,  374,  638,  442,  370,   71,   76,  940,  492,  540,  627,  377],
        [  285,  285,  666,  462,  267,  364,  586,  429,  372,  281,  303,  315,  352,  461,  533,  506,  283,  267,  322,  566,  629,  652,  303,  658,  196,  527,  163,  138,  449,  124,  746,  163,  116,  418,  288,  618,  233,  255,  374,  231,  401,  592,    0,  398,  785,  469,  398,  115,  338,  608,  306,  838,  777,  523,  639,  560,  581,  260,  194,  669],
        [  131,  131, 1039,  821,  180,  182,  801,  165,  179,  336,  526,   91,  691,  770,  760,  900,  542,  484,  663,  630, 1021, 1044,  701, 1008,  334,  533,  313,  462,   75,  410, 1104,  237,  486,   21,  261,  943,  572,  212,  534,  613,  791,  845,  398,    0,  808,  783,   14,  404,  732,  664,  694, 1189, 1121,  788,  862,  887,  556,  305,  577,  728],
        [  834,  834,  893,  734,  874,  628,  389,  966,  631, 1003, 1086,  816, 1096, 1215,  417, 1080,  543,  528, 1069,  220,  994, 1008,  899,  787,  608,  282,  651,  922,  879,  904,  872,  785,  884,  809,  586, 1343,  657,  894,  419,  944, 1033,  474,  785,  808,    0, 1218,  821,  671,  968,  177,  979,  899,  831,  496,  412, 1289,  253,  571,  917,  122],
        [  653,  653,  719,  632,  605,  815,  930,  720,  821,  471,  270,  694,  123,   18,  877,  337,  677,  693,  151, 1002,  593,  610,  358,  785,  664,  983,  631,  342,  801,  387,  829,  576,  354,  803,  754,  160,  567,  574,  801,  275,  267,  896,  469,  783, 1218,    0,  777,  567,  296, 1043,  259,  923,  891,  830,  964,  105, 1040,  729,  302, 1097],
        [  126,  126, 1043,  825,  173,  195,  810,  151,  192,  327,  518,   87,  686,  763,  769,  899,  549,  491,  658,  642, 1023, 1046,  701, 1014,  341,  546,  319,  458,   65,  406, 1109,  236,  484,   28,  271,  936,  576,  205,  543,  611,  789,  853,  398,   14,  821,  777,    0,  408,  731,  676,  692, 1194, 1126,  796,  871,  880,  569,  314,  575,  740],
        [  318,  318,  636,  418,  319,  318,  483,  476,  326,  376,  417,  335,  446,  561,  431,  549,  180,  154,  417,  452,  625,  648,  336,  609,  109,  418,   99,  251,  467,  237,  703,  198,  217,  421,  221,  710,  170,  317,  260,  307,  456,  498,  115,  404,  671,  567,  408,    0,  387,  495,  370,  790,  724,  431,  538,  652,  474,  179,  273,  555],
        [  611,  611,  448,  336,  579,  696,  648,  733,  704,  514,  377,  645,  202,  302,  596,  169,  432,  467,  196,  761,  351,  372,   70,  498,  496,  765,  479,  292,  776,  342,  553,  496,  251,  752,  606,  383,  314,  557,  563,  130,   70,  606,  338,  732,  968,  296,  731,  387,    0,  800,   56,  650,  609,  542,  677,  335,  825,  565,  160,  846],
        [  675,  675,  775,  593,  711,  482,  288,  815,  486,  832,  910,  660,  921, 1040,  296,  921,  370,  352,  894,   43,  859,  875,  731,  679,  435,  134,  478,  745,  737,  728,  772,  615,  707,  667,  424, 1171,  487,  728,  243,  770,  866,  374,  608,  664,  177, 1043,  676,  495,  800,    0,  808,  815,  743,  374,  333, 1116,  141,  403,  742,   66],
        [  570,  570,  502,  380,  536,  669,  674,  687,  677,  462,  321,  606,  154,  262,  621,  210,  438,  467,  144,  768,  406,  427,  101,  548,  478,  764,  457,  244,  734,  296,  607,  459,  209,  714,  584,  365,  322,  512,  568,   82,   98,  638,  306,  694,  979,  259,  692,  370,   56,  808,    0,  704,  661,  572,  706,  312,  823,  547,  117,  857],
        [ 1106, 1106,  204,  377, 1101, 1063,  528, 1261, 1071, 1103, 1015, 1124,  850,  933,  526,  597,  656,  719,  845,  803,  343,  332,  616,  182,  858,  886,  876,  884, 1256,  918,   98,  984,  825, 1204,  955,  942,  621, 1092,  718,  753,  659,  442,  838, 1189,  899,  923, 1194,  790,  650,  815,  704,    0,   74,  456,  490,  918,  931,  903,  764,  813],
        [ 1040, 1040,  179,  316, 1037,  992,  456, 1197, 1000, 1045,  966, 1058,  811,  900,  453,  573,  585,  647,  804,  730,  330,  325,  569,  119,  789,  812,  808,  829, 1188,  861,   74,  919,  770, 1136,  884,  922,  555, 1029,  645,  705,  625,  370,  777, 1121,  831,  891, 1126,  724,  609,  743,  661,   74,    0,  383,  421,  893,  858,  832,  713,  743],
        [  734,  734,  403,  246,  745,  637,  114,  894,  645,  801,  793,  741,  717,  832,   80,  616,  255,  306,  697,  354,  499,  513,  475,  307,  459,  430,  489,  626,  861,  637,  402,  625,  570,  800,  534,  923,  298,  746,  272,  570,  596,   71,  523,  788,  496,  830,  796,  431,  542,  374,  572,  456,  383,    0,  135,  877,  478,  485,  557,  388],
        [  824,  824,  489,  370,  841,  697,   62,  982,  704,  913,  919,  825,  851,  967,  108,  745,  359,  397,  831,  328,  606,  616,  610,  378,  546,  427,  582,  750,  936,  757,  460,  723,  696,  872,  602, 1058,  423,  846,  329,  703,  729,   76,  639,  862,  412,  964,  871,  538,  677,  333,  706,  490,  421,  135,    0, 1011,  462,  558,  689,  324],
        [  756,  756,  717,  662,  708,  913,  982,  824,  920,  574,  374,  797,  209,  120,  930,  322,  747,  770,  239, 1076,  578,  592,  403,  795,  753, 1064,  723,  440,  905,  487,  827,  675,  445,  906,  847,   59,  633,  677,  874,  349,  286,  940,  560,  887, 1289,  105,  880,  652,  335, 1116,  312,  918,  893,  877, 1011,    0, 1122,  819,  381, 1167],
        [  588,  588,  869,  670,  631,  377,  411,  715,  379,  768,  874,  567,  918, 1034,  406,  962,  398,  358,  890,  134,  936,  954,  760,  783,  389,   60,  430,  719,  627,  693,  880,  551,  690,  557,  344, 1179,  514,  653,  269,  773,  894,  492,  581,  556,  253, 1040,  569,  474,  825,  141,  823,  931,  858,  478,  462, 1122,    0,  339,  742,  191],
        [  278,  278,  772,  550,  310,  161,  497,  430,  169,  432,  539,  272,  611,  720,  455,  726,  248,  185,  581,  363,  784,  805,  513,  725,   70,  293,   98,  392,  379,  360,  824,  214,  376,  316,   53,  877,  311,  325,  230,  481,  634,  540,  260,  305,  571,  729,  314,  179,  565,  403,  547,  903,  832,  485,  558,  819,  339,    0,  445,  468],
        [  454,  454,  570,  408,  421,  558,  648,  574,  565,  359,  254,  489,  179,  298,  593,  325,  377,  392,  153,  701,  496,  518,  155,  596,  377,  684,  351,  134,  618,  183,  667,  342,   92,  597,  478,  438,  273,  398,  500,   38,  214,  627,  194,  577,  917,  302,  575,  273,  160,  742,  117,  764,  713,  557,  689,  381,  742,  445,    0,  797],
        [  740,  740,  790,  620,  776,  546,  290,  880,  550,  897,  971,  725,  975, 1094,  309,  960,  421,  409,  949,  107,  883,  898,  777,  688,  499,  196,  542,  805,  801,  790,  778,  680,  765,  731,  490, 1221,  535,  793,  299,  823,  911,  377,  669,  728,  122, 1097,  740,  555,  846,   66,  857,  813,  743,  388,  324, 1167,  191,  468,  797,    0]
    ]
}
