{
    "name": "random-21-20850",
    "comment": "size=21 seed=20850",
    "nodes": ["+0", "-0", "+1", "-1", "+2", "-2", "+3", "-3", "+4", "-4", "+5", "-5", "+6", "-6", "+7", "-7", "+8", "-8", "+9", "-9", "+10", "-10", "+11", "-11", "+12", "-12", "+13", "-13", "+14", "-14", "+15", "-15", "+16", "-16", "+17", "-17", "+18", "-18", "+19", "-19", "+20", "-20", "+21", "-21"],
    "precedence": {
        "+0": "-0",
        "+1": "-1",
        "+2": "-2",
        "+3": "-3",
        "+4": "-4",
        "+5": "-5",
        "+6": "-6",
        "+7": "-7",
        "+8": "-8",
        "+9": "-9",
        "+10": "-10",
        "+11": "-11",
        "+12": "-12",
        "+13": "-13",
        "+14": "-14",
        "+15": "-15",
        "+16": "-16",
        "+17": "-17",
        "+18": "-18",
        "+19": "-19",
        "+20": "-20",
        "+21": "-21"
    },
    "edges": [
        [    0,    0,  334,  617,  925,  478,  286,  905,  649,  360,  944,  538,  570,  485,  844,  562,  527,   68,  768,  765,  189,  476,  764,  537,  910,  882,  355,  260,  239,  541,  272,  714,  538,  748,  871,  877,  938,  919,  998,  468,  825,  844,  578,  431],
        [    0,    0,  334,  617,  925,  478,  286,  905,  649,  360,  944,  538,  570,  485,  844,  562,  527,   68,  768,  765,  189,  476,  764,  537,  910,  882,  355,  260,  239,  541,  272,  714,  538,  748,  871,  877,  938,  919,  998,  468,  825,  844,  578,  431],
        [  334,  334,    0,  285,  599,  245,  370,  710,  536,  384,  683,  373,  538,  589,  598,  236,  610,  368,  438,  436,  299,  481,  640,  220,  618,  560,  203,  188,  392,  700,  496,  525,  217,  496,  546,  714,  604,  604,  765,  561,  572,  513,  285,  505],
        [  617,  617,  285,    0,  356,  335,  618,  599,  550,  605,  492,  395,  624,  759,  440,   64,  762,  652,  193,  152,  569,  610,  621,  172,  387,  333,  357,  442,  624,  887,  738,  460,   98,  352,  265,  640,  324,  395,  601,  729,  408,  250,  243,  673],
        [  925,  925,  599,  356,    0,  500,  838,  839,  876,  794,  658,  736,  969, 1114,  662,  419, 1117,  946,  166,  282,  826,  963,  924,  389,  518,   57,  711,  698,  972, 1243, 1084,  755,  454,  612,  304,  905,  166,   97,  783, 1084,  632,  115,  370, 1028],
        [  478,  478,  245,  335,  500,    0,  339,  898,  765,  297,  821,  599,  780,  828,  757,  330,  852,  479,  376,  464,  338,  725,  863,  165,  722,  448,  446,  221,  613,  932,  704,  727,  339,  660,  579,  918,  572,  467,  924,  801,  726,  455,  133,  746],
        [  286,  286,  370,  618,  838,  339,    0, 1069,  856,   82, 1053,  712,  810,  762,  968,  586,  801,  241,  707,  766,  106,  725,  969,  474,  983,  786,  517,  183,  515,  826,  557,  879,  576,  865,  881, 1062,  900,  803, 1133,  742,  942,  787,  470,  700],
        [  905,  905,  710,  599,  839,  898, 1069,    0,  291, 1093,  219,  368,  435,  660,  177,  577,  625,  969,  732,  570,  979,  517,  214,  755,  343,  850,  561,  894,  737,  778,  826,  193,  561,  248,  541,   94,  696,  919,  144,  641,  208,  732,  836,  615],
        [  649,  649,  536,  550,  876,  765,  856,  291,    0,  895,  436,  168,  149,  374,  336,  501,  343,  715,  731,  597,  757,  226,  115,  659,  499,  868,  344,  697,  456,  498,  538,  156,  472,  302,  625,  236,  773,  935,  423,  353,  342,  762,  746,  324],
        [  360,  360,  384,  605,  794,  297,   82, 1093,  895,    0, 1061,  744,  860,  828,  980,  580,  865,  320,  673,  747,  172,  780, 1006,  448,  981,  740,  552,  201,  582,  898,  631,  905,  575,  878,  863, 1092,  868,  751, 1148,  807,  953,  752,  430,  762],
        [  944,  944,  683,  492,  658,  821, 1053,  219,  436, 1061,    0,  430,  584,  805,  108,  492,  778, 1001,  579,  414,  977,  645,  401,  662,  141,  678,  590,  871,  823,  933,  926,  286,  489,  197,  355,  309,  503,  746,  126,  781,  120,  561,  733,  743],
        [  538,  538,  373,  395,  736,  599,  712,  368,  168,  744,  430,    0,  233,  411,  324,  341,  399,  602,  583,  465,  617,  246,  267,  493,  444,  722,  197,  544,  393,  545,  497,  176,  310,  245,  517,  351,  652,  787,  464,  383,  314,  623,  579,  335],
        [  570,  570,  538,  624,  969,  780,  810,  435,  149,  860,  584,  233,    0,  226,  481,  567,  195,  637,  814,  698,  706,   98,  233,  701,  638,  954,  336,  671,  349,  350,  412,  300,  534,  436,  743,  369,  882, 1018,  570,  206,  485,  856,  786,  186],
        [  485,  485,  589,  759, 1114,  828,  762,  660,  374,  828,  805,  411,  226,    0,  700,  696,   50,  546,  951,  861,  658,  166,  453,  792,  847, 1090,  412,  666,  248,  135,  246,  519,  661,  644,  924,  589, 1051, 1148,  795,   30,  700, 1005,  869,   87],
        [  844,  844,  598,  440,  662,  757,  968,  177,  336,  980,  108,  324,  481,  700,    0,  428,  675,  903,  559,  395,  887,  539,  316,  605,  179,  674,  489,  786,  716,  830,  819,  182,  419,  103,  366,  251,  521,  743,  168,  676,   33,  556,  682,  637],
        [  562,  562,  236,   64,  419,  330,  586,  577,  501,  580,  492,  341,  567,  696,  428,    0,  701,  602,  255,  203,  528,  549,  579,  179,  402,  395,  293,  405,  562,  824,  675,  423,   35,  333,  311,  609,  384,  455,  594,  666,  397,  314,  261,  610],
        [  527,  527,  610,  762, 1117,  852,  801,  625,  343,  865,  778,  399,  195,   50,  675,  701,    0,  589,  955,  857,  697,  156,  415,  806,  827, 1095,  424,  698,  288,  156,  295,  494,  666,  624,  916,  551, 1047, 1155,  762,   59,  677, 1006,  885,  107],
        [   68,   68,  368,  652,  946,  479,  241,  969,  715,  320, 1001,  602,  637,  546,  903,  602,  589,    0,  793,  803,  158,  543,  830,  558,  962,  900,  415,  259,  303,  594,  323,  777,  579,  805,  912,  942,  969,  933, 1059,  530,  883,  871,  589,  496],
        [  768,  768,  438,  193,  166,  376,  707,  732,  731,  673,  579,  583,  814,  951,  559,  255,  955,  793,    0,  165,  683,  803,  790,  239,  447,  141,  546,  553,  807, 1079,  919,  623,  290,  491,  246,  788,  197,  205,  701,  921,  526,   81,  245,  865],
        [  765,  765,  436,  152,  282,  464,  766,  570,  597,  747,  414,  465,  698,  861,  395,  203,  857,  803,  165,    0,  720,  702,  643,  301,  286,  283,  480,  592,  754,  993,  869,  474,  231,  334,  117,  629,  192,  353,  536,  831,  363,  169,  349,  777],
        [  189,  189,  299,  569,  826,  338,  106,  979,  757,  172,  977,  617,  706,  658,  887,  528,  697,  158,  683,  720,    0,  620,  870,  445,  917,  777,  421,  131,  411,  726,  460,  788,  513,  785,  834,  967,  870,  803, 1051,  638,  862,  762,  460,  595],
        [  476,  476,  481,  610,  963,  725,  725,  517,  226,  780,  645,  246,   98,  166,  539,  549,  156,  543,  803,  702,  620,    0,  325,  664,  682,  943,  284,  597,  252,  300,  316,  361,  515,  479,  762,  458,  892, 1003,  646,  139,  538,  852,  746,  100],
        [  764,  764,  640,  621,  924,  863,  969,  214,  115, 1006,  401,  267,  233,  453,  316,  579,  415,  830,  790,  643,  870,  325,    0,  746,  493,  923,  455,  807,  566,  567,  641,  170,  553,  319,  652,  137,  805,  991,  356,  437,  332,  811,  832,  418],
        [  537,  537,  220,  172,  389,  165,  474,  755,  659,  448,  662,  493,  701,  792,  605,  179,  806,  558,  239,  301,  445,  664,  746,    0,  559,  345,  382,  314,  610,  910,  715,  597,  197,  511,  417,  785,  427,  385,  769,  763,  573,  318,   88,  706],
        [  910,  910,  618,  387,  518,  722,  983,  343,  499,  981,  141,  444,  638,  847,  179,  402,  827,  962,  447,  286,  917,  682,  493,  559,    0,  540,  565,  801,  823,  979,  933,  344,  408,  203,  216,  425,  364,  607,  266,  820,  161,  424,  623,  776],
        [  882,  882,  560,  333,   57,  448,  786,  850,  868,  740,  678,  722,  954, 1090,  674,  395, 1095,  900,  141,  283,  777,  943,  923,  345,  540,    0,  683,  649,  939, 1217, 1049,  754,  429,  616,  326,  912,  205,   70,  803, 1060,  642,  119,  318, 1004],
        [  355,  355,  203,  357,  711,  446,  517,  561,  344,  552,  590,  197,  336,  412,  489,  293,  424,  415,  546,  480,  421,  284,  455,  382,  565,  683,    0,  353,  275,  535,  390,  369,  259,  393,  567,  547,  670,  739,  645,  382,  470,  607,  463,  325],
        [  260,  260,  188,  442,  698,  221,  183,  894,  697,  201,  871,  544,  671,  666,  786,  405,  698,  259,  553,  592,  131,  597,  807,  314,  801,  649,  353,    0,  430,  754,  505,  705,  394,  684,  707,  892,  740,  678,  953,  642,  760,  632,  334,  592],
        [  239,  239,  392,  624,  972,  613,  515,  737,  456,  582,  823,  393,  349,  248,  716,  562,  288,  303,  807,  754,  411,  252,  566,  610,  823,  939,  275,  430,    0,  325,  115,  557,  529,  633,  842,  692,  943,  989,  850,  230,  705,  873,  676,  193],
        [  541,  541,  700,  887, 1243,  932,  826,  778,  498,  898,  933,  545,  350,  135,  830,  824,  156,  594, 1079,  993,  726,  300,  567,  910,  979, 1217,  535,  754,  325,    0,  272,  648,  790,  777, 1058,  702, 1184, 1274,  917,  163,  831, 1135,  983,  217],
        [  272,  272,  496,  738, 1084,  704,  557,  826,  538,  631,  926,  497,  412,  246,  819,  675,  295,  323,  919,  869,  460,  316,  641,  715,  933, 1049,  390,  505,  115,  272,    0,  653,  643,  740,  956,  772, 1057, 1097,  946,  240,  810,  986,  777,  230],
        [  714,  714,  525,  460,  755,  727,  879,  193,  156,  905,  286,  176,  300,  519,  182,  423,  494,  777,  623,  474,  788,  361,  170,  597,  344,  754,  369,  705,  557,  648,  653,    0,  401,  154,  485,  192,  638,  823,  294,  496,  187,  642,  682,  460],
        [  538,  538,  217,   98,  454,  339,  576,  561,  472,  575,  489,  310,  534,  661,  419,   35,  666,  579,  290,  231,  513,  515,  553,  197,  408,  429,  259,  394,  529,  790,  643,  401,    0,  321,  334,  589,  415,  489,  586,  632,  389,  348,  282,  575],
        [  748,  748,  496,  352,  612,  660,  865,  248,  302,  878,  197,  245,  436,  644,  103,  333,  624,  805,  491,  334,  785,  479,  319,  511,  203,  616,  393,  684,  633,  777,  740,  154,  321,    0,  333,  297,  487,  686,  270,  617,   78,  501,  591,  574],
        [  871,  871,  546,  265,  304,  579,  881,  541,  625,  863,  355,  517,  743,  924,  366,  311,  916,  912,  246,  117,  834,  762,  652,  417,  216,  326,  567,  707,  842, 1058,  956,  485,  334,  333,    0,  614,  156,  392,  480,  896,  337,  210,  460,  844],
        [  877,  877,  714,  640,  905,  918, 1062,   94,  236, 1092,  309,  351,  369,  589,  251,  609,  551,  942,  788,  629,  967,  458,  137,  785,  425,  912,  547,  892,  692,  702,  772,  192,  589,  297,  614,    0,  770,  981,  235,  573,  278,  796,  869,  553],
        [  938,  938,  604,  324,  166,  572,  900,  696,  773,  868,  503,  652,  882, 1051,  521,  384, 1047,  969,  197,  192,  870,  892,  805,  427,  364,  205,  670,  740,  943, 1184, 1057,  638,  415,  487,  156,  770,    0,  262,  628, 1022,  493,  122,  441,  968],
        [  919,  919,  604,  395,   97,  467,  803,  919,  935,  751,  746,  787, 1018, 1148,  743,  455, 1155,  933,  205,  353,  803, 1003,  991,  385,  607,   70,  739,  678,  989, 1274, 1097,  823,  489,  686,  392,  981,  262,    0,  871, 1119,  712,  188,  345, 1062],
        [  998,  998,  765,  601,  783,  924, 1133,  144,  423, 1148,  126,  464,  570,  795,  168,  594,  762, 1059,  701,  536, 1051,  646,  356,  769,  266,  803,  645,  953,  850,  917,  946,  294,  586,  270,  480,  235,  628,  871,    0,  775,  198,  686,  844,  745],
        [  468,  468,  561,  729, 1084,  801,  742,  641,  353,  807,  781,  383,  206,   30,  676,  666,   59,  530,  921,  831,  638,  139,  437,  763,  820, 1060,  382,  642,  230,  163,  240,  496,  632,  617,  896,  573, 1022, 1119,  775,    0,  675,  976,  840,   58],
        [  825,  825,  572,  408,  632,  726,  942,  208,  342,  953,  120,  314,  485,  700,   33,  397,  677,  883,  526,  363,  862,  538,  332,  573,  161,  642,  470,  760,  705,  831,  810,  187,  389,   78,  337,  278,  493,  712,  198,  675,    0,  525,  650,  634],
        [  844,  844,  513,  250,  115,  455,  787,  732,  762,  752,  561,  623,  856, 1005,  556,  314, 1006,  871,   81,  169,  762,  852,  811,  318,  424,  119,  607,  632,  873, 1135,  986,  642,  348,  501,  210,  796,  122,  188,  686,  976,  525,    0,  323,  920],
        [  578,  578,  285,  243,  370,  133,  470,  836,  746,  430,  733,  579,  786,  869,  682,  261,  885,  589,  245,  349,  460,  746,  832,   88,  623,  318,  463,  334,  676,  983,  777,  682,  282,  591,  460,  869,  441,  345,  844,  840,  650,  323,    0,  783],
        [  431,  431,  505,  673, 1028,  746,  700,  615,  324,  762,  743,  335,  186,   87,  637,  610,  107,  496,  865,  777,  595,  100,  418,  706,  776, 1004,  325,  592,  193,  217,  230,  460,  575,  574,  844,  553,  968, 1062,  745,   58,  634,  920,  783,    0]
    ]
}
