{
    "name": "random-83-30932",
    "comment": "size=83 seed=30932",
    "nodes": ["+0", "-0", "+1", "-1", "+2", "-2", "+3", "-3", "+4", "-4", "+5", "-5", "+6", "-6", "+7", "-7", "+8", "-8", "+9", "-9", "+10", "-10", "+11", "-11", "+12", "-12", "+13", "-13", "+14", "-14", "+15", "-15", "+16", "-16", "+17", "-17", "+18", "-18", "+19", "-19", "+20", "-20", "+21", "-21", "+22", "-22", "+23", "-23", "+24", "-24", "+25", "-25", "+26", "-26", "+27", "-27", "+28", "-28", "+29", "-29", "+30", "-30", "+31", "-31", "+32", "-32", "+33", "-33", "+34", "-34", "+35", "-35", "+36", "-36", "+37", "-37", "+38", "-38", "+39", "-39", "+40", "-40", "+41", "-41", "+42", "-42", "+43", "-43", "+44", "-44", "+45", "-45", "+46", "-46", "+47", "-47", "+48", "-48", "+49", "-49", "+50", "-50", "+51", "-51", "+52", "-52", "+53", "-53", "+54", "-54", "+55", "-55", "+56", "-56", "+57", "-57", "+58", "-58", "+59", "-59", "+60", "-60", "+61", "-61", "+62", "-62", "+63", "-63", "+64", "-64", "+65", "-65", "+66", "-66", "+67", "-67", "+68", "-68", "+69", "-69", "+70", "-70", "+71", "-71", "+72", "-72", "+73", "-73", "+74", "-74", "+75", "-75", "+76", "-76", "+77", "-77", "+78", "-78", "+79", "-79", "+80", "-80", "+81", "-81", "+82", "-82", "+83", "-83"],
    "precedence": {
        "+0": "-0",
        "+1": "-1",
        "+2": "-2",
        "+3": "-3",
        "+4": "-4",
        "+5": "-5",
        "+6": "-6",
        "+7": "-7",
        "+8": "-8",
        "+9": "-9",
        "+10": "-10",
        "+11": "-11",
        "+12": "-12",
        "+13": "-13",
        "+14": "-14",
        "+15": "-15",
        "+16": "-16",
        "+17": "-17",
        "+18": "-18",
        "+19": "-19",
        "+20": "-20",
        "+21": "-21",
        "+22": "-22",
        "+23": "-23",
        "+24": "-24",
        "+25": "-25",
        "+26": "-26",
        "+27": "-27",
        "+28": "-28",
        "+29": "-29",
        "+30": "-30",
        "+31": "-31",
        "+32": "-32",
        "+33": "-33",
        "+34": "-34",
        "+35": "-35",
        "+36": "-36",
        "+37": "-37",
        "+38": "-38",
        "+39": "-39",
        "+40": "-40",
        "+41": "-41",
        "+42": "-42",
        "+43": "-43",
        "+44": "-44",
        "+45": "-45",
        "+46": "-46",
        "+47": "-47",
        "+48": "-48",
        "+49": "-49",
        "+50": "-50",
        "+51": "-51",
        "+52": "-52",
        "+53": "-53",
        "+54": "-54",
        "+55": "-55",
        "+56": "-56",
        "+57": "-57",
        "+58": "-58",
        "+59": "-59",
        "+60": "-60",
        "+61": "-61",
        "+62": "-62",
        "+63": "-63",
        "+64": "-64",
        "+65": "-65",
        "+66": "-66",
        "+67": "-67",
        "+68": "-68",
        "+69": "-69",
        "+70": "-70",
        "+71": "-71",
        "+72": "-72",
        "+73": "-73",
        "+74": "-74",
        "+75": "-75",
        "+76": "-76",
        "+77": "-77",
        "+78": "-78",
        "+79": "-79",
        "+80": "-80",
        "+81": "-81",
        "+82": "-82",
        "+83": "-83"
    },
    "edges": [
        [    0,    0,  725,  720,  300,  243,  721,  386,  678,   41,  601,  856, 1100,  173,  571,  104,  715,  550,  811,  366,  724, 1025,  982,  589,  834,  810,  755,  559,  389,  739,  473,  923,  488,  779,  682,  771,  111,  836,  278,  118,  120,   75,  647,  262,  893,  369,  189,  392,  582,  755,  955, 1043,  794,  760,  328,  759, 1057,  564,  665, 1230,  545,  728,  676,  166,  845, 1057,  884,  758,  259,  574,  284,  499,  518,  951,  865,  462,  416,  570,  637, 1203,  693,  672,  757, 1145,  648,  666,  954,  803,  508, 1016,  643,  150,  150,  562,  325,  945,  591,  827, 1057,  677,   73, 1185,  834,  742,  776,  627,  728,  672, 1018,  957, 1008,  811,  619,  893,  788,   66,  984, 1138,  945,  157,  553,  520,  541,  688,  151,  842,  575,  525,  244,  793,  678,  442, 1086,  815,  833,  330,  752,  506,  981,  381,  488,  760,  523,  973,  794,  247,  882,  162,  908,  921,  860,  484,  926,  182,  184,  817,  773,  567,  281,  899,  890,  708,  652,  517,  594,  770,  523, 1149],
        [    0,    0,    0,    0,    0,    0,    0,    0,    0,    0,    0,    0,    0,    0,    0,    0,    0,    0,    0,    0,    0,    0,    0,    0,    0,    0,    0,    0,    0,    0,    0,    0,    0,    0,    0,    0,    0,    0,    0,    0,    0,    0,    0,    0,    0,    0,    0,    0,    0,    0,    0,    0,    0,    0,    0,    0,    0,    0,    0,    0,    0,    0,    0,    0,    0,    0,    0,    0,    0,    0,    0,    0,    0,    0,    0,    0,    0,    0,    0,    0,    0,    0,    0,    0,    0,    0,    0,    0,    0,    0,    0,    0,    0,    0,    0,    0,    0,    0,    0,    0,    0,    0,    0,    0,    0,    0,    0,    0,    0,    0,    0,    0,    0,    0,    0,    0,    0,    0,    0,    0,    0,    0,    0,    0,    0,    0,    0,    0,    0,    0,    0,    0,    0,    0,    0,    0,    0,    0,    0,    0,    0,    0,    0,    0,    0,    0,    0,    0,    0,    0,    0,    0,    0,    0,    0,    0,    0,    0,    0,    0,    0,    0,    0,    0,    0,    0,    0,    0],
        [  725,    0,    0,  613,  809,  485,  503,  561,  450,  741,  313,  653,  744,  680,  505,  684,   30, 1014,   86,  361,  738,  739,  881, 1015,  980, 1069,  349,  956,  339,  880,  393,  762,  654,  848, 1085,  650,  818,  922,  786,  833,  768,  651, 1083,  487, 1058,  530,  706,  855,  360,  551, 1037,  825,  383,  862,  401, 1108,  948,  847,  675,  972,  228, 1090,  723,  679,  763,  818,  520,  745,  843,  516,  736,  911,  339,  785,  408,  449,  336, 1041,  161,  938,  397,  654,  882,  965,  695,  286,  808,  835,  476,  894, 1018,  583,  580,  168,  417,  608,  500, 1028,  796,  337,  661,  966,  561,  743,  511,  927,  671,  755,  807,  754, 1019, 1087,  651,  724,  136,  745,  734,  841, 1039,  581,  271,  375,  260, 1020,  577,  172,  923,  469,  866, 1135, 1050,  313,  789, 1163,  452,  920,   28,  678,  999,  724,  767,  598,  504,  757,  765,  514, 1017,  839,  536,  837,  803,  588,  703,  621,  545,  682, 1130,  666,  452,  909, 1248,   23,  391,  209,  150, 1132,  631,  969],
        [  720,    0,  613,    0,  550,  573,  120,  334,  163,  758,  310,  141,  400,  558,  165,  619,  584,  600,  659,  535,  140,  312,  299,  570,  383,  504,  297,  513,  532,  301,  322,  209,  261,  246,  601,   54,  827,  316,  546,  829,  661,  674,  623,  512,  460,  355,  557,  523,  271,   92,  425,  324,  292,  269,  537,  584,  375,  374,  108,  512,  439,  578,  151,  563,  161,  337,  257,  136,  623,  158,  497,  502,  332,  237,  337,  292,  457,  622,  458,  484,  221,   82,  294,  439,  142,  327,  247,  226,  234,  325,  535,  603,  608,  532,  500,  269,  152,  446,  338,  278,  654,  471,  165,  138,  149,  426,   61,  189,  300,  238,  409,  527,  131,  176,  532,  779,  266,  421,  429,  590,  379,  297,  401,  508,  615,  558,  458,  223,  666,  601,  555,  451,  370,  627,  261,  659,  621,  259,  389,  405,  349,   55,  208,  254,  153,  506,  415,  709,  274,  242,  196,  239,  208,  538,  644,  101,  606,  192,  628,  297,  703,  594,  223,  564,  505,  611,  214,  443],
        [  300,    0,  809,  550,    0,  384,  599,  275,  577,  337,  573,  689,  949,  166,  449,  220,  789,  260,  890,  477,  504,  859,  758,  293,  557,  514,  700,  260,  496,  473,  442,  727,  290,  528,  386,  592,  368,  573,   27,  360,  184,  315,  355,  345,  607,  293,  135,   93,  534,  615,  682,  849,  728,  503,  441,  460,  826,  283,  464, 1032,  586,  429,  456,  171,  634,  869,  774,  540,   76,  446,   74,  200,  501,  752,  797,  398,  474,  282,  673, 1010,  616,  481,  493,  929,  436,  640,  748,  561,  413,  794,  344,  309,  317,  645,  409,  812,  470,  538,  877,  627,  281,  977,  700,  523,  654,  335,  535,  438,  825,  771,  748,  514,  425,  706,  822,  362,  810,  962,  670,  300,  562,  481,  562,  389,  327,  873,  279,  430,  121,  494,  379,  496,  915,  517,  743,  120,  832,  294,  721,  145,  229,  601,  408,  789,  574,  315,  602,  191,  797,  699,  638,  326,  752,  218,  386,  632,  475,  363,  460,  650,  593,  787,  580,  624,  660,  471,  337,  931],
        [  243,    0,  485,  573,  384,    0,  541,  272,  488,  263,  382,  697,  917,  224,  410,  206,  473,  635,  571,  125,  621,  856,  864,  657,  794,  815,  537,  608,  147,  688,  272,  782,  406,  703,  745,  627,  343,  772,  357,  355,  291,  169,  724,   65,  864,  237,  254,  460,  374,  584,  898,  893,  580,  695,   86,  801,  941,  556,  552, 1078,  306,  774,  578,  220,  721,  902,  686,  649,  392,  416,  323,  550,  302,  810,  648,  284,  180,  659,  396, 1048,  489,  549,  701, 1012,  546,  442,  819,  716,  340,  894,  689,   99,   96,  320,   91,  758,  426,  808,  896,  462,  177, 1042,  653,  636,  591,  635,  599,  588,  869,  806,  929,  823,  506,  747,  546,  272,  821,  972,  892,  100,  322,  315,  307,  717,   93,  600,  601,  354,  404,  834,  725,  205,  917,  860,  628,  473,  511,  432,  903,  372,  465,  602,  366,  819,  683,   85,  841,  360,  711,  803,  746,  370,  767,  167,   79,  674,  820,  472,   79,  812,  943,  467,  450,  278,  352,  818,  422, 1016],
        [  721,    0,  503,  120,  599,  541,    0,  346,   61,  757,  215,  168,  380,  573,  154,  627,  473,  689,  543,  479,  259,  315,  384,  665,  503,  621,  177,  605,  472,  418,  272,  272,  318,  366,  705,  149,  831,  436,  589,  836,  681,  666,  722,  486,  579,  354,  579,  589,  188,   52,  541,  364,  174,  388,  489,  695,  456,  468,  215,  543,  351,  687,  263,  578,  261,  368,  176,  255,  667,  155,  537,  586,  261,  299,  226,  263,  397,  712,  353,  512,  106,  188,  413,  497,  246,  217,  317,  344,  214,  403,  637,  589,  593,  440,  458,  225,  133,  565,  359,  166,  651,  515,  114,  258,   57,  530,  181,  301,  342,  280,  517,  644,  219,  233,  415,  776,  284,  431,  546,  578,  292,  234,  316,  616,  599,  439,  554,  197,  708,  714,  660,  385,  376,  741,  155,  714,  508,  326,  498,  458,  426,   96,  202,  290,  268,  487,  534,  737,  198,  336,  301,  273,  234,  542,  617,  180,  717,  270,  584,  409,  819,  484,  121,  479,  408,  722,  272,  500],
        [  386,    0,  561,  334,  275,  272,  346,    0,  313,  424,  299,  471,  719,  228,  192,  286,  537,  454,  637,  293,  355,  641,  607,  457,  524,  561,  426,  399,  303,  418,  173,  539,  136,  432,  532,  386,  494,  501,  260,  496,  336,  343,  525,  207,  597,   39,  233,  300,  259,  374,  627,  658,  457,  424,  273,  569,  683,  308,  289,  845,  333,  546,  310,  233,  466,  671,  518,  385,  333,  193,  204,  351,  232,  567,  527,  124,  250,  481,  412,  818,  345,  292,  431,  764,  278,  365,  572,  446,  141,  639,  467,  276,  282,  409,  230,  569,  213,  545,  672,  353,  320,  801,  456,  371,  402,  391,  346,  317,  633,  572,  659,  572,  242,  508,  556,  446,  599,  753,  621,  262,  298,  207,  303,  481,  290,  604,  373,  159,  371,  599,  502,  264,  701,  627,  479,  395,  581,  162,  633,  165,  219,  376,  145,  588,  421,  191,  571,  392,  542,  545,  486,  103,  541,  204,  329,  432,  590,  201,  344,  543,  712,  539,  307,  405,  412,  590,  152,  768],
        [  678,    0,  450,  163,  577,  488,   61,  313,    0,  712,  156,  228,  429,  537,  129,  586,  421,  689,  496,  422,  295,  371,  443,  670,  541,  650,  148,  609,  413,  450,  218,  332,  308,  405,  717,  201,  788,  477,  565,  794,  645,  620,  730,  436,  618,  315,  545,  576,  128,  112,  588,  424,  161,  423,  433,  715,  515,  476,  241,  602,  291,  704,  290,  540,  315,  427,  208,  297,  642,  134,  511,  584,  202,  359,  224,  216,  339,  713,  297,  570,   61,  216,  447,  557,  269,  165,  377,  388,  174,  462,  648,  542,  545,  381,  403,  271,  109,  598,  416,  115,  606,  575,  166,  297,  103,  543,  223,  327,  402,  340,  569,  671,  233,  293,  372,  730,  342,  487,  591,  530,  232,  177,  256,  633,  550,  401,  561,  156,  682,  736,  674,  326,  432,  763,  167,  695,  458,  321,  550,  441,  423,  152,  170,  350,  315,  439,  575,  704,  232,  392,  354,  255,  294,  501,  565,  237,  737,  274,  528,  459,  843,  432,   62,  419,  349,  741,  265,  561],
        [   41,    0,  741,  758,  337,  263,  757,  424,  712,    0,  631,  894, 1136,  214,  608,  144,  732,  583,  826,  385,  765, 1063, 1023,  625,  875,  849,  785,  596,  407,  780,  505,  962,  528,  819,  717,  810,   80,  876,  316,   93,  155,   97,  681,  290,  933,  407,  230,  429,  614,  792,  996, 1082,  826,  801,  348,  796, 1097,  604,  705, 1269,  568,  764,  716,  207,  885, 1095,  918,  798,  292,  611,  324,  536,  548,  990,  895,  497,  441,  603,  659, 1242,  726,  712,  798, 1185,  688,  695,  994,  844,  544, 1056,  680,  177,  176,  579,  349,  981,  628,  866, 1095,  708,  107, 1224,  870,  782,  811,  667,  767,  712, 1057,  996, 1048,  849,  659,  932,  808,   26, 1022, 1176,  985,  186,  580,  552,  566,  725,  175,  863,  614,  561,  273,  830,  715,  466, 1123,  851,  866,  359,  768,  547, 1021,  422,  528,  798,  560, 1012,  834,  278,  922,  186,  943,  961,  900,  524,  964,  221,  197,  856,  809,  607,  291,  939,  925,  724,  685,  533,  613,  806,  563, 1188],
        [  601,    0,  313,  310,  573,  382,  215,  299,  156,  631,    0,  382,  554,  489,  194,  523,  284,  737,  372,  291,  428,  512,  598,  729,  667,  759,  156,  668,  278,  568,  136,  487,  358,  537,  791,  354,  710,  612,  555,  719,  596,  535,  795,  342,  746,  282,  506,  596,   49,  266,  729,  575,  198,  550,  312,  805,  670,  548,  363,  747,  136,  789,  411,  491,  467,  575,  316,  437,  626,  205,  500,  631,   83,  513,  266,  176,  210,  763,  153,  714,  124,  343,  570,  710,  382,   69,  532,  526,  178,  617,  722,  455,  456,  226,  291,  396,  188,  716,  562,   81,  529,  725,  308,  434,  246,  625,  364,  442,  553,  492,  719,  777,  339,  448,  267,  645,  489,  626,  731,  446,   79,   93,  103,  718,  459,  311,  629,  167,  660,  830,  752,  190,  571,  858,  251,  691,  325,  379,  698,  458,  476,  307,  200,  501,  460,  354,  706,  662,  339,  546,  505,  292,  445,  441,  460,  392,  827,  358,  404,  605,  942,  292,   95,  265,  196,  830,  327,  714],
        [  856,    0,  653,  141,  689,  697,  168,  471,  228,  894,  382,    0,  262,  697,  290,  757,  624,  720,  683,  644,  226,  172,  230,  686,  432,  574,  307,  631,  637,  377,  433,  110,  400,  303,  704,   99,  965,  355,  685,  967,  801,  808,  732,  638,  499,  489,  697,  658,  356,  118,  433,  198,  282,  336,  651,  672,  295,  493,  232,  382,  518,  672,  260,  702,  144,  206,  182,  200,  762,  285,  637,  628,  427,  134,  297,  414,  562,  740,  513,  352,  265,  211,  364,  329,  265,  375,  155,  267,  358,  242,  641,  734,  739,  605,  617,  152,  272,  505,  202,  324,  789,  349,   98,  213,  143,  533,  162,  295,  175,  112,  385,  600,  266,   72,  549,  915,  128,  282,  442,  722,  459,  398,  483,  606,  746,  562,  574,  344,  806,  683,  656,  551,  231,  708,  224,  796,  655,  396,  372,  544,  481,   97,  337,  124,  189,  635,  451,  850,  189,  194,  184,  378,   71,  675,  770,   73,  693,  328,  745,  296,  777,  637,  287,  646,  571,  699,  354,  333],
        [ 1100,    0,  744,  400,  949,  917,  380,  719,  429, 1136,  554,  262,    0,  947,  529, 1003,  719,  975,  744,  842,  478,  105,  341,  937,  638,  791,  420,  886,  831,  611,  646,  265,  660,  530,  946,  360, 1209,  560,  945, 1214, 1053, 1046,  978,  864,  690,  731,  950,  919,  547,  346,  594,  190,  377,  566,  858,  902,  354,  750,  493,  240,  681,  907,  517,  952,  362,  163,  241,  446, 1022,  527,  896,  886,  623,  256,  337,  642,  760,  994,  643,  207,  434,  473,  593,  292,  525,  518,  279,  488,  592,  320,  887,  968,  972,  753,  831,  160,  509,  715,  132,  477, 1030,  260,  266,  462,  327,  782,  422,  549,  198,  212,  511,  817,  527,  266,  615, 1155,  157,  112,  608,  957,  631,  604,  655,  846,  978,  604,  827,  576, 1066,  908,  898,  743,   86,  929,  310, 1058,  737,  657,  511,  804,  743,  350,  578,  195,  424,  866,  642, 1105,  219,  355,  387,  633,  207,  919,  994,  327,  921,  590,  953,  474,  988,  734,  470,  804,  711,  928,  614,  295],
        [  173,    0,  680,  558,  166,  224,  573,  228,  537,  214,  489,  697,  947,    0,  420,   71,  663,  424,  764,  329,  553,  867,  812,  454,  665,  651,  634,  413,  350,  567,  354,  757,  317,  606,  545,  608,  273,  664,  139,  273,  109,  161,  518,  196,  726,  222,   32,  251,  460,  602,  784,  878,  670,  588,  290,  613,  886,  398,  496, 1065,  468,  583,  504,    8,  676,  893,  743,  587,  169,  421,  122,  352,  409,  784,  741,  327,  345,  447,  561, 1039,  562,  505,  586,  976,  478,  557,  786,  631,  363,  846,  497,  144,  152,  513,  265,  797,  441,  661,  896,  557,  128, 1017,  684,  571,  629,  467,  561,  499,  853,  794,  835,  654,  451,  729,  714,  238,  824,  978,  774,  135,  459,  399,  453,  535,  162,  767,  420,  381,  187,  647,  534,  370,  927,  671,  699,  250,  705,  334,  808,  211,  318,  602,  372,  810,  623,  168,  712,  173,  767,  750,  689,  320,  766,   60,  221,  653,  629,  396,  297,  726,  751,  659,  522,  483,  534,  627,  354,  980],
        [  571,    0,  505,  165,  449,  410,  154,  192,  129,  608,  194,  290,  529,  420,    0,  475,  477,  567,  566,  373,  248,  455,  462,  552,  478,  565,  265,  491,  371,  377,  161,  373,  183,  353,  606,  218,  681,  428,  438,  685,  528,  520,  615,  350,  557,  203,  425,  448,  146,  184,  551,  484,  286,  361,  373,  615,  538,  363,  178,  670,  301,  600,  222,  424,  320,  494,  328,  265,  515,   12,  385,  461,  184,  401,  352,  128,  297,  592,  344,  641,  175,  163,  380,  603,  192,  241,  411,  349,   70,  489,  537,  446,  450,  395,  335,  377,   22,  524,  491,  206,  502,  633,  265,  258,  210,  437,  201,  251,  460,  397,  554,  584,  147,  337,  455,  628,  416,  569,  550,  433,  244,  146,  263,  529,  457,  494,  446,   58,  556,  638,  565,  294,  516,  667,  294,  567,  518,  199,  531,  313,  301,  194,   49,  411,  295,  346,  519,  584,  351,  403,  351,  127,  360,  391,  482,  265,  637,  166,  464,  437,  749,  484,  147,  417,  376,  640,  143,  607],
        [  104,    0,  684,  619,  220,  206,  627,  286,  586,  144,  523,  757, 1003,   71,  475,    0,  670,  478,  769,  325,  621,  926,  879,  512,  735,  718,  673,  475,  346,  638,  390,  821,  385,  676,  605,  670,  208,  734,  195,  211,   86,   96,  574,  199,  796,  273,   93,  310,  499,  658,  854,  941,  711,  658,  284,  676,  953,  467,  562, 1129,  485,  645,  573,   64,  742,  956,  793,  655,  201,  477,  189,  414,  441,  849,  782,  372,  357,  500,  578, 1102,  606,  570,  656, 1043,  545,  590,  852,  700,  414,  913,  560,  109,  115,  517,  269,  851,  495,  731,  957,  596,   62, 1082,  739,  639,  682,  534,  625,  569,  917,  856,  905,  721,  516,  792,  731,  168,  884, 1039,  845,  107,  483,  437,  474,  600,  123,  785,  486,  431,  204,  710,  596,  383,  987,  734,  746,  281,  710,  403,  878,  281,  388,  661,  426,  872,  691,  177,  782,  156,  817,  817,  757,  383,  826,   86,  179,  716,  692,  464,  268,  796,  811,  665,  566,  480,  544,  689,  420, 1046],
        [  715,    0,   30,  584,  789,  473,  473,  537,  421,  732,  284,  624,  719,  663,  477,  670,    0,  991,  102,  349,  709,  712,  852,  991,  951, 1041,  320,  931,  327,  852,  368,  733,  628,  819, 1060,  621,  809,  893,  766,  824,  754,  641, 1058,  472, 1029,  507,  688,  833,  332,  521, 1008,  797,  355,  833,  389, 1082,  919,  821,  646,  945,  205, 1064,  694,  662,  734,  790,  493,  716,  825,  488,  715,  887,  313,  756,  382,  424,  319, 1017,  134,  911,  368,  625,  853,  937,  666,  257,  779,  806,  449,  865,  992,  571,  568,  154,  402,  581,  472, 1000,  768,  308,  650,  938,  532,  714,  482,  901,  641,  726,  779,  725,  989, 1059,  623,  695,  117,  736,  706,  814, 1010,  568,  245,  348,  235,  994,  566,  159,  897,  442,  849, 1108, 1024,  295,  762, 1136,  424,  901,   44,  652,  970,  701,  741,  569,  477,  729,  736,  498,  988,  824,  509,  807,  774,  562,  675,  605,  536,  652, 1104,  638,  445,  879, 1221,   17,  362,  201,  130, 1106,  604,  941],
        [  550,    0, 1014,  600,  260,  635,  689,  454,  689,  583,  737,  720,  975,  424,  567,  478,  991,    0, 1090,  714,  498,  874,  707,   56,  427,  324,  831,   90,  730,  387,  624,  720,  385,  466,  139,  624,  599,  476,  286,  586,  430,  573,   98,  588,  448,  486,  393,  176,  691,  685,  551,  833,  849,  431,  681,  229,  761,  228,  494,  996,  786,  196,  461,  430,  619,  859,  854,  530,  292,  559,  312,  107,  682,  738,  911,  570,  694,   27,  864,  981,  741,  519,  409,  876,  460,  797,  725,  507,  560,  744,  130,  567,  575,  860,  644,  866,  584,  377,  875,  771,  539,  932,  764,  514,  737,  203,  560,  427,  812,  771,  639,  312,  474,  711, 1002,  608,  822,  958,  534,  557,  750,  652,  756,  190,  585, 1047,  149,  573,  318,  261,  153,  712,  921,  277,  843,  237, 1035,  369,  615,  291,  267,  654,  542,  790,  555,  559,  462,  410,  872,  658,  606,  448,  769,  472,  644,  651,  237,  419,  712,  571,  345,  992,  713,  849,  866,  231,  425,  877],
        [  811,    0,   86,  659,  890,  571,  543,  637,  496,  826,  372,  683,  744,  764,  566,  769,  102, 1090,    0,  447,  789,  751,  912, 1089, 1033, 1130,  376, 1029,  425,  937,  467,  791,  724,  899, 1156,  691,  903,  972,  868,  918,  854,  737, 1157,  572, 1112,  608,  790,  934,  421,  589, 1083,  842,  403,  915,  487, 1176,  975,  916,  729,  978,  306, 1159,  778,  763,  802,  832,  534,  793,  926,  576,  817,  986,  411,  812,  414,  522,  420, 1117,  228,  944,  439,  707,  937,  982,  752,  334,  836,  883,  543,  922, 1089,  669,  666,  253,  502,  619,  558, 1086,  809,  382,  747,  978,  587,  793,  543,  995,  718,  812,  827,  777, 1058, 1149,  709,  754,  135,  830,  751,  846, 1087,  667,  342,  444,  335, 1088,  663,  142,  994,  535,  951, 1201, 1120,  396,  797, 1229,  469, 1003,   60,  747, 1040,  802,  838,  638,  570,  778,  810,  598, 1069,  924,  546,  871,  843,  658,  727,  706,  630,  719, 1198,  729,  537,  952, 1313,  106,  440,  294,  232, 1200,  697,  986],
        [  366,    0,  361,  535,  477,  125,  479,  293,  422,  385,  291,  644,  842,  329,  373,  325,  349,  714,  447,    0,  609,  792,  834,  728,  810,  853,  442,  674,   23,  702,  214,  739,  424,  703,  811,  588,  464,  776,  452,  478,  410,  293,  797,  134,  885,  254,  358,  542,  296,  527,  903,  842,  486,  702,   41,  857,  910,  599,  537, 1022,  191,  832,  573,  327,  692,  847,  605,  632,  498,  382,  409,  620,  221,  767,  550,  250,   83,  740,  277,  991,  409,  529,  713,  969,  540,  342,  780,  709,  306,  860,  750,  223,  220,  196,   70,  683,  384,  836,  837,  371,  301,  993,  586,  622,  523,  682,  572,  590,  818,  756,  920,  865,  496,  702,  424,  392,  763,  908,  899,  221,  220,  246,  200,  770,  217,  478,  657,  315,  515,  888,  786,  101,  852,  916,  541,  578,  388,  452,  895,  432,  508,  554,  337,  767,  664,  164,  855,  480,  629,  775,  723,  373,  712,  270,  192,  633,  877,  475,  116,  802, 1000,  343,  373,  156,  229,  877,  426,  973],
        [  724,    0,  738,  140,  504,  621,  259,  355,  295,  765,  428,  226,  478,  553,  248,  621,  709,  498,  789,  609,    0,  377,  259,  461,  246,  366,  435,  409,  611,  163,  405,  228,  237,  110,  479,  137,  826,  184,  507,  824,  646,  692,  506,  557,  323,  386,  545,  456,  383,  229,  304,  349,  431,  130,  602,  452,  333,  273,   72,  528,  547,  449,   50,  560,  131,  370,  384,   36,  580,  237,  467,  411,  431,  251,  474,  361,  539,  517,  580,  507,  355,   86,  155,  427,   77,  456,  245,  102,  306,  294,  416,  629,  636,  641,  561,  376,  246,  307,  383,  409,  666,  473,  289,   19,  286,  308,   80,   72,  325,  277,  311,  390,  116,  214,  666,  788,  325,  467,  304,  616,  488,  393,  508,  382,  644,  695,  350,  301,  624,  466,  431,  538,  426,  492,  398,  600,  748,  221,  287,  365,  280,  183,  274,  295,   71,  544,  280,  683,  398,  198,  137,  253,  271,  548,  683,  155,  473,  158,  686,  193,  566,  718,  350,  665,  620,  479,  205,  430],
        [ 1025,    0,  739,  312,  859,  856,  315,  641,  371, 1063,  512,  172,  105,  867,  455,  926,  712,  874,  751,  792,  377,    0,  245,  835,  535,  687,  397,  784,  783,  507,  587,  161,  570,  426,  842,  267, 1134,  456,  856, 1137,  972,  975,  875,  800,  588,  656,  867,  824,  497,  273,  496,  106,  359,  462,  804,  798,  270,  649,  398,  237,  645,  802,  418,  872,  259,   86,  220,  344,  932,  452,  808,  786,  572,  153,  338,  575,  709,  892,  620,  203,  389,  379,  489,  237,  429,  487,  177,  384,  522,  229,  784,  900,  904,  725,  773,  133,  436,  611,   58,  440,  957,  228,  206,  361,  270,  679,  326,  448,  104,  108,  418,  713,  435,  163,  618, 1083,   53,  116,  509,  888,  591,  548,  615,  742,  910,  616,  725,  506,  976,  804,  794,  695,   62,  825,  289,  964,  736,  565,  415,  714,  647,  266,  503,   91,  321,  799,  540, 1021,  206,  252,  283,  549,  107,  844,  931,  229,  817,  497,  898,  371,  885,  727,  421,  772,  685,  823,  525,  241],
        [  982,    0,  881,  299,  758,  864,  384,  607,  443, 1023,  598,  230,  341,  812,  462,  879,  852,  707,  912,  834,  259,  245,    0,  660,  314,  468,  537,  619,  831,  320,  620,  123,  495,  243,  647,  248, 1084,  242,  762, 1083,  904,  947,  687,  801,  354,  634,  803,  701,  564,  334,  254,  154,  512,  277,  833,  588,   77,  500,  319,  290,  732,  599,  308,  818,  143,  183,  398,  225,  833,  453,  725,  637,  629,  107,  520,  588,  756,  721,  737,  277,  488,  316,  299,  173,  335,  599,   80,  203,  530,   38,  598,  882,  888,  823,  795,  335,  450,  390,  211,  548,  922,  226,  327,  241,  371,  504,  265,  320,  144,  153,  175,  494,  366,  159,  779, 1046,  205,  276,  268,  868,  672,  595,  695,  547,  896,  791,  561,  520,  878,  588,  600,  750,  261,  607,  451,  846,  884,  479,  171,  622,  530,  292,  501,  163,  189,  791,  308,  940,  397,   62,  123,  504,  197,  805,  931,  207,  605,  416,  923,  145,  657,  864,  504,  858,  792,  612,  461,  175],
        [  589,    0, 1015,  570,  293,  657,  665,  457,  670,  625,  729,  686,  937,  454,  552,  512,  991,   56, 1089,  728,  461,  835,  660,    0,  374,  268,  815,   62,  743,  340,  623,  678,  373,  420,   93,  591,  644,  426,  318,  632,  470,  607,   69,  606,  392,  491,  424,  203,  682,  658,  496,  790,  830,  385,  698,  177,  711,  198,  463,  949,  788,  144,  427,  460,  578,  816,  826,  491,  335,  544,  337,  109,  679,  696,  889,  568,  702,   62,  862,  935,  725,  489,  361,  827,  429,  787,  682,  462,  552,  696,   74,  595,  603,  866,  659,  833,  568,  322,  834,  758,  573,  885,  735,  476,  711,  158,  527,  392,  769,  730,  586,  257,  448,  672,  996,  649,  782,  915,  480,  584,  748,  647,  756,  135,  613, 1039,  113,  564,  364,  210,   99,  719,  880,  229,  820,  286, 1035,  354,  562,  298,  254,  624,  531,  749,  515,  578,  408,  455,  844,  613,  562,  438,  731,  498,  672,  615,  187,  397,  735,  522,  301,  993,  698,  858,  868,  183,  409,  829],
        [  834,    0,  980,  383,  557,  794,  503,  524,  541,  875,  667,  432,  638,  665,  478,  735,  951,  427, 1033,  810,  246,  535,  314,  374,    0,  155,  680,  348,  815,  108,  623,  376,  389,  138,  342,  368,  920,   80,  571,  913,  732,  821,  387,  730,   79,  562,  646,  477,  621,  469,  128,  462,  674,  118,  794,  276,  350,  274,  305,  596,  778,  289,  257,  672,  291,  491,  610,  250,  626,  467,  552,  386,  659,  383,  711,  572,  749,  435,  819,  587,  600,  327,  100,  467,  287,  700,  361,  167,  524,  347,  304,  775,  783,  871,  752,  581,  481,   77,  516,  654,  790,  528,  516,  246,  525,  235,  322,  228,  447,  428,  212,  181,  332,  387,  912,  900,  485,  588,  114,  762,  722,  621,  740,  246,  793,  940,  298,  524,  668,  275,  298,  754,  565,  294,  635,  614,  991,  363,  189,  455,  348,  420,  492,  444,  247,  710,   48,  747,  619,  284,  256,  437,  449,  680,  842,  364,  292,  336,  867,  170,  351,  959,  594,  888,  854,  299,  384,  468],
        [  810,    0, 1069,  504,  514,  815,  621,  561,  650,  849,  759,  574,  791,  651,  565,  718, 1041,  324, 1130,  853,  366,  687,  468,  268,  155,    0,  795,  266,  863,  204,  691,  527,  432,  272,  209,  499,  882,  232,  534,  872,  697,  811,  259,  754,  135,  599,  626,  425,  710,  594,  250,  616,  795,  241,  832,  128,  500,  260,  409,  747,  855,  148,  360,  658,  437,  645,  746,  381,  574,  554,  530,  320,  736,  536,  840,  635,  804,  324,  908,  739,  710,  435,  213,  617,  382,  801,  514,  309,  597,  500,  195,  778,  786,  944,  789,  725,  573,   79,  669,  759,  778,  678,  652,  372,  652,  185,  445,  323,  601,  579,  348,   27,  422,  535, 1016,  874,  637,  742,  232,  765,  802,  698,  817,  135,  796, 1049,  236,  601,  611,  121,  174,  813,  719,  140,  763,  542, 1083,  405,  330,  448,  351,  548,  567,  596,  386,  730,  167,  698,  758,  438,  406,  493,  598,  679,  851,  504,  141,  404,  892,  324,  203, 1048,  697,  953,  934,  148,  444,  618],
        [  755,    0,  349,  297,  700,  537,  177,  426,  148,  785,  156,  307,  420,  634,  265,  673,  320,  831,  376,  442,  435,  397,  537,  815,  680,  795,    0,  754,  427,  593,  283,  416,  448,  543,  864,  321,  864,  612,  685,  873,  742,  689,  876,  496,  756,  417,  648,  709,  175,  217,  715,  478,   45,  564,  465,  862,  601,  622,  386,  633,  265,  852,  435,  637,  428,  472,  181,  431,  759,  273,  630,  726,  238,  438,  111,  309,  363,  856,  225,  599,   91,  360,  589,  618,  415,  101,  461,  521,  288,  548,  795,  609,  611,  333,  447,  269,  248,  740,  452,   78,  682,  621,  213,  434,  168,  690,  358,  472,  460,  405,  684,  817,  380,  378,  244,  800,  387,  505,  720,  600,  223,  237,  244,  780,  614,  263,  707,  271,  796,  883,  821,  342,  451,  910,  111,  819,  349,  463,  667,  571,  565,  267,  296,  409,  443,  508,  711,  806,  201,  496,  470,  389,  355,  590,  615,  344,  885,  421,  556,  581,  990,  334,  121,  385,  292,  888,  407,  622],
        [  559,    0,  956,  513,  260,  608,  605,  399,  609,  596,  668,  631,  886,  413,  491,  475,  931,   90, 1029,  674,  409,  784,  619,   62,  348,  266,  754,    0,  689,  300,  563,  630,  311,  377,  138,  536,  622,  392,  282,  611,  442,  570,  128,  555,  379,  434,  385,  168,  621,  600,  474,  744,  769,  342,  645,  202,  675,  140,  406,  908,  729,  171,  372,  420,  529,  769,  768,  440,  312,  483,  293,   61,  619,  648,  829,  507,  646,  110,  802,  893,  664,  432,  322,  788,  372,  726,  636,  418,  491,  656,   85,  552,  560,  807,  606,  778,  507,  307,  786,  696,  536,  845,  678,  424,  653,  117,  472,  338,  723,  681,  558,  260,  389,  621,  935,  621,  732,  868,  459,  540,  688,  587,  696,  133,  570,  978,   59,  503,  346,  236,  121,  661,  831,  259,  760,  277,  975,  293,  534,  243,  193,  567,  470,  700,  466,  527,  387,  435,  786,  569,  516,  376,  679,  453,  628,  562,  217,  337,  687,  485,  338,  934,  637,  801,  809,  215,  348,  790],
        [  389,    0,  339,  532,  496,  147,  472,  303,  413,  407,  278,  637,  831,  350,  371,  346,  327,  730,  425,   23,  611,  783,  831,  743,  815,  863,  427,  689,    0,  708,  211,  734,  432,  706,  825,  584,  486,  780,  470,  499,  431,  315,  812,  154,  891,  264,  378,  558,  287,  520,  906,  835,  471,  706,   63,  869,  907,  610,  539, 1015,  172,  845,  575,  348,  690,  839,  593,  632,  518,  380,  427,  635,  212,  762,  535,  251,   76,  756,  257,  983,  398,  529,  718,  964,  542,  327,  776,  711,  306,  856,  763,  245,  242,  174,   87,  672,  381,  843,  829,  358,  323,  986,  577,  623,  514,  693,  571,  594,  812,  749,  921,  875,  498,  697,  403,  414,  755,  899,  903,  243,  205,  240,  184,  782,  239,  457,  670,  314,  536,  900,  799,   89,  843,  928,  528,  597,  366,  459,  897,  446,  520,  549,  338,  761,  664,  183,  860,  501,  616,  773,  721,  379,  706,  290,  213,  629,  889,  480,  133,  803, 1012,  321,  363,  135,  207,  889,  432,  968],
        [  739,    0,  880,  301,  473,  688,  418,  418,  450,  780,  568,  377,  611,  567,  377,  638,  852,  387,  937,  702,  163,  507,  320,  340,  108,  204,  593,  300,  708,    0,  518,  347,  283,   82,  336,  297,  829,  101,  483,  823,  641,  722,  372,  624,  184,  455,  550,  401,  521,  391,  217,  452,  592,   46,  687,  296,  376,  193,  210,  610,  675,  297,  160,  574,  249,  479,  545,  179,  545,  365,  459,  323,  555,  361,  636,  465,  642,  401,  720,  596,  510,  234,   23,  489,  186,  605,  344,  124,  419,  357,  281,  672,  680,  767,  645,  529,  381,  149,  499,  561,  692,  546,  450,  169,  448,  184,  242,  126,  433,  400,  276,  228,  230,  347,  819,  804,  455,  578,  208,  659,  619,  517,  637,  236,  690,  850,  242,  420,  588,  307,  288,  647,  547,  332,  560,  543,  892,  257,  250,  358,  252,  345,  387,  418,  191,  604,  154,  663,  557,  274,  226,  330,  409,  579,  737,  305,  316,  229,  761,  187,  405,  859,  500,  783,  752,  322,  277,  491],
        [  473,    0,  393,  322,  442,  272,  272,  173,  218,  505,  136,  433,  646,  354,  161,  390,  368,  624,  467,  214,  405,  587,  620,  623,  623,  691,  283,  563,  211,  518,    0,  526,  264,  506,  692,  374,  583,  580,  423,  591,  461,  410,  690,  221,  701,  149,  370,  473,  110,  317,  705,  630,  322,  509,  219,  719,  696,  456,  333,  813,  168,  699,  374,  356,  480,  637,  417,  425,  492,  171,  368,  519,   60,  553,  392,   57,  136,  650,  241,  782,  222,  322,  524,  756,  341,  204,  566,  506,  100,  646,  626,  331,  333,  254,  187,  487,  171,  660,  629,  206,  401,  781,  383,  416,  320,  538,  361,  397,  607,  544,  714,  706,  296,  489,  383,  521,  554,  703,  703,  321,  126,   47,  134,  631,  337,  433,  530,  105,  525,  747,  658,  134,  648,  775,  362,  560,  412,  289,  690,  337,  374,  341,  133,  556,  455,  228,  666,  527,  442,  562,  511,  200,  502,  307,  348,  419,  741,  290,  313,  596,  860,  371,  181,  266,  248,  742,  248,  760],
        [  923,    0,  762,  209,  727,  782,  272,  539,  332,  962,  487,  110,  265,  757,  373,  821,  733,  720,  791,  739,  228,  161,  123,  678,  376,  527,  416,  630,  734,  347,  526,    0,  446,  266,  682,  156, 1029,  297,  727, 1030,  857,  881,  716,  721,  433,  562,  753,  683,  458,  221,  350,  123,  390,  302,  743,  637,  186,  498,  265,  309,  623,  642,  274,  763,  101,  143,  277,  193,  802,  366,  684,  636,  527,   29,  398,  500,  659,  737,  621,  284,  373,  253,  329,  231,  291,  483,   46,  224,  442,  133,  625,  810,  816,  712,  707,  220,  358,  452,  157,  432,  859,  263,  205,  210,  252,  522,  197,  299,   99,   54,  288,  553,  309,   40,  658,  984,  110,  240,  361,  797,  564,  495,  587,  582,  823,  669,  571,  430,  847,  643,  634,  650,  202,  665,  328,  826,  764,  436,  278,  584,  506,  186,  417,   72,  165,  714,  384,  899,  277,  101,  122,  439,   80,  742,  852,  109,  656,  368,  835,  218,  726,  746,  392,  750,  679,  663,  404,  235],
        [  488,    0,  654,  261,  290,  406,  318,  136,  308,  528,  358,  400,  660,  317,  183,  385,  628,  385,  724,  424,  237,  570,  495,  373,  389,  432,  448,  311,  432,  283,  264,  446,    0,  301,  434,  304,  589,  367,  286,  588,  412,  457,  437,  342,  462,  174,  309,  271,  310,  328,  493,  568,  468,  290,  407,  456,  569,  194,  182,  754,  431,  437,  188,  323,  360,  586,  492,  271,  363,  176,  239,  278,  315,  472,  532,  207,  372,  410,  496,  729,  358,  194,  296,  661,  161,  415,  472,  319,  181,  530,  366,  399,  406,  517,  364,  523,  201,  412,  592,  387,  430,  703,  412,  255,  372,  274,  250,  188,  544,  486,  530,  446,  138,  421,  625,  552,  523,  676,  487,  385,  384,  280,  396,  368,  415,  667,  271,  192,  407,  484,  397,  382,  627,  512,  470,  401,  671,   28,  503,  145,  119,  312,  159,  504,  307,  323,  436,  454,  513,  434,  373,   67,  465,  313,  459,  346,  478,   80,  479,  416,  597,  632,  329,  522,  511,  479,   48,  664],
        [  779,    0,  848,  246,  528,  703,  366,  432,  405,  819,  537,  303,  530,  606,  353,  676,  819,  466,  899,  703,  110,  426,  243,  420,  138,  272,  543,  377,  706,   82,  506,  266,  301,    0,  417,  232,  874,   76,  536,  870,  688,  754,  453,  638,  214,  467,  592,  464,  492,  332,  201,  371,  537,   37,  693,  374,  303,  260,  176,  532,  654,  377,  133,  613,  169,  398,  477,  113,  603,  342,  505,  395,  536,  279,  575,  458,  637,  480,  689,  516,  464,  195,   64,  414,  165,  566,  263,   43,  406,  280,  363,  699,  706,  747,  651,  454,  353,  204,  418,  519,  726,  469,  382,  109,  388,  263,  185,  115,  351,  319,  230,  297,  210,  268,  776,  844,  374,  497,  198,  685,  595,  498,  615,  317,  715,  804,  319,  403,  647,  382,  369,  638,  466,  406,  498,  608,  858,  278,  204,  402,  301,  283,  373,  337,  115,  622,  170,  716,  488,  193,  145,  334,  330,  611,  759,  232,  394,  232,  772,  122,  474,  828,  460,  769,  727,  400,  282,  416],
        [  682,    0, 1085,  601,  386,  745,  705,  532,  717,  717,  791,  704,  946,  545,  606,  605, 1060,  139, 1156,  811,  479,  842,  647,   93,  342,  209,  864,  138,  825,  336,  692,  682,  434,  417,    0,  614,  736,  406,  410,  723,  563,  700,   52,  692,  342,  568,  516,  295,  742,  691,  455,  786,  874,  381,  782,   94,  690,  244,  494,  934,  859,   64,  452,  552,  584,  813,  857,  505,  427,  597,  427,  196,  747,  696,  930,  636,  781,  128,  929,  923,  774,  521,  355,  807,  461,  845,  679,  460,  615,  682,   69,  686,  694,  940,  743,  854,  620,  278,  834,  812,  666,  867,  763,  491,  747,  176,  551,  414,  767,  735,  550,  192,  487,  681, 1057,  742,  790,  913,  437,  675,  816,  713,  826,  101,  704, 1098,  163,  625,  455,  124,   48,  796,  882,  139,  858,  375, 1103,  412,  529,  380,  319,  652,  591,  753,  523,  664,  368,  547,  873,  606,  562,  500,  742,  588,  763,  632,   99,  444,  824,  504,  209, 1063,  751,  936,  940,   93,  465,  809],
        [  771,    0,  650,   54,  592,  627,  149,  386,  201,  810,  354,   99,  360,  608,  218,  670,  621,  624,  691,  588,  137,  267,  248,  591,  368,  499,  321,  536,  584,  297,  374,  156,  304,  232,  614,    0,  878,  295,  589,  880,  710,  727,  639,  566,  441,  407,  606,  560,  318,  105,  395,  272,  309,  260,  590,  589,  323,  397,  134,  460,  486,  586,  165,  613,  114,  286,  248,  120,  666,  211,  543,  530,  382,  184,  344,  346,  509,  645,  498,  433,  254,  113,  287,  386,  167,  364,  193,  203,  288,  272,  550,  656,  661,  578,  553,  243,  205,  435,  289,  313,  706,  417,  153,  128,  159,  441,   65,  201,  247,  186,  369,  524,  168,  123,  562,  831,  219,  373,  400,  643,  426,  348,  449,  518,  668,  584,  479,  276,  710,  603,  566,  502,  324,  628,  267,  698,  656,  299,  350,  447,  383,   55,  262,  203,  124,  559,  394,  756,  262,  194,  154,  288,  161,  590,  697,   47,  610,  231,  681,  261,  701,  632,  263,  612,  549,  615,  259,  389],
