{
    "name": "random-16-1971",
    "comment": "size=16 seed=1971",
    "nodes": ["+0", "-0", "+1", "-1", "+2", "-2", "+3", "-3", "+4", "-4", "+5", "-5", "+6", "-6", "+7", "-7", "+8", "-8", "+9", "-9", "+10", "-10", "+11", "-11", "+12", "-12", "+13", "-13", "+14", "-14", "+15", "-15", "+16", "-16"],
    "precedence": {
        "+0": "-0",
        "+1": "-1",
        "+2": "-2",
        "+3": "-3",
        "+4": "-4",
        "+5": "-5",
        "+6": "-6",
        "+7": "-7",
        "+8": "-8",
        "+9": "-9",
        "+10": "-10",
        "+11": "-11",
        "+12": "-12",
        "+13": "-13",
        "+14": "-14",
        "+15": "-15",
        "+16": "-16"
    },
    "edges": [
        [    0,    0,   97,  655,  462,  204,  581,  756,  418,  529,  548,  434,  415,  699,  172,  137,  133,  531,  468,  147,  719,  337,  784,  441,  339,  798,  399,  371,  568,  728,  387,  938,  794,  209],
        [    0,    0,   97,  655,  462,  204,  581,  756,  418,  529,  548,  434,  415,  699,  172,  137,  133,  531,  468,  147,  719,  337,  784,  441,  339,  798,  399,  371,  568,  728,  387,  938,  794,  209],
        [   97,   97,    0,  598,  432,  109,  539,  730,  508,  578,  544,  340,  480,  744,  268,  212,  172,  533,  458,  115,  686,  431,  792,  417,  257,  833,  343,  344,  528,  738,  383,  948,  829,  257],
        [  655,  655,  598,    0,  242,  521,  126,  275,  869,  652,  352,  418,  696,  723,  766,  643,  768,  381,  325,  508,  198,  857,  514,  279,  668,  709,  257,  315,  146,  496,  372,  635,  708,  853],
        [  462,  462,  432,  242,    0,  391,  130,  300,  628,  428,  174,  409,  456,  529,  545,  421,  589,  188,  102,  322,  258,  620,  417,   37,  586,  551,  143,   92,  113,  375,  130,  568,  549,  670],
        [  204,  204,  109,  521,  391,    0,  481,  687,  600,  622,  531,  231,  545,  781,  373,  298,  269,  526,  441,  139,  634,  531,  784,  386,  210,  855,  276,  315,  474,  734,  376,  940,  851,  352],
        [  581,  581,  539,  126,  130,  481,    0,  220,  754,  526,  228,  437,  575,  600,  672,  549,  703,  256,  201,  436,  156,  749,  416,  164,  656,  595,  205,  216,   20,  389,  255,  552,  593,  786],
        [  756,  756,  730,  275,  300,  687,  220,    0,  833,  534,  246,  656,  632,  543,  815,  694,  885,  277,  297,  620,   78,  854,  265,  315,  871,  489,  418,  387,  220,  268,  378,  365,  488,  964],
        [  418,  418,  508,  869,  628,  600,  754,  833,    0,  343,  588,  812,  205,  477,  262,  303,  475,  556,  562,  478,  835,  103,  721,  592,  756,  610,  660,  560,  735,  667,  499,  841,  606,  481],
        [  529,  529,  578,  652,  428,  622,  526,  534,  343,    0,  310,  765,  149,  171,  465,  398,  645,  277,  331,  485,  557,  406,  381,  393,  825,  287,  527,  405,  507,  329,  315,  499,  282,  691],
        [  548,  548,  544,  352,  174,  531,  228,  246,  588,  310,    0,  581,  390,  373,  581,  465,  680,   34,   91,  430,  252,  609,  254,  157,  736,  380,  314,  219,  210,  207,  163,  410,  377,  753],
        [  434,  434,  340,  418,  409,  231,  437,  656,  812,  765,  581,    0,  722,  904,  600,  512,  489,  589,  497,  335,  586,  752,  824,  425,  270,  949,  267,  376,  440,  784,  464,  973,  946,  568],
        [  415,  415,  480,  696,  456,  545,  575,  632,  205,  149,  390,  722,    0,  310,  324,  279,  519,  357,  376,  408,  640,  258,  518,  420,  736,  434,  520,  405,  555,  464,  328,  645,  429,  557],
        [  699,  699,  744,  723,  529,  781,  600,  543,  477,  171,  373,  904,  310,    0,  632,  568,  816,  348,  428,  647,  587,  556,  319,  500,  988,  136,  651,  531,  582,  286,  441,  391,  132,  861],
        [  172,  172,  268,  766,  545,  373,  672,  815,  262,  465,  581,  600,  324,  632,    0,  124,  215,  557,  519,  282,  793,  170,  786,  515,  502,  750,  520,  457,  657,  729,  438,  931,  745,  235],
        [  137,  137,  212,  643,  421,  298,  549,  694,  303,  398,  465,  512,  279,  568,  124,    0,  248,  443,  398,  179,  670,  242,  683,  392,  467,  674,  401,  333,  533,  626,  317,  833,  669,  303],
        [  133,  133,  172,  768,  589,  269,  703,  885,  475,  645,  680,  489,  519,  816,  215,  248,    0,  664,  600,  268,  846,  379,  916,  570,  316,  921,  512,  499,  692,  860,  519, 1069,  917,   86],
        [  531,  531,  533,  381,  188,  526,  256,  277,  556,  277,   34,  589,  357,  348,  557,  443,  664,    0,   93,  419,  285,  580,  260,  166,  733,  364,  324,  220,  237,  208,  152,  416,  361,  735],
        [  468,  468,  458,  325,  102,  441,  201,  297,  562,  331,   91,  497,  376,  428,  519,  398,  600,   93,    0,  344,  280,  568,  344,   74,  646,  455,  231,  130,  181,  296,   83,  500,  452,  675],
        [  147,  147,  115,  508,  322,  139,  436,  620,  478,  485,  430,  335,  408,  647,  282,  179,  268,  419,  344,    0,  579,  421,  678,  306,  341,  728,  252,  233,  424,  625,  268,  834,  724,  350],
        [  719,  719,  686,  198,  258,  634,  156,   78,  835,  557,  252,  586,  640,  587,  793,  670,  846,  285,  280,  579,    0,  847,  332,  281,  811,  546,  360,  348,  160,  325,  357,  441,  546,  927],
        [  337,  337,  431,  857,  620,  531,  749,  854,  103,  406,  609,  752,  258,  556,  170,  242,  379,  580,  568,  421,  847,    0,  772,  586,  671,  686,  630,  543,  731,  716,  497,  902,  681,  380],
        [  784,  784,  792,  514,  417,  784,  416,  265,  721,  381,  254,  824,  518,  319,  786,  683,  916,  260,  344,  678,  332,  772,    0,  407,  989,  232,  559,  473,  404,   58,  411,  157,  233,  983],
        [  441,  441,  417,  279,   37,  386,  164,  315,  592,  393,  157,  425,  420,  500,  515,  392,  570,  166,   74,  306,  281,  586,  407,    0,  586,  528,  158,   74,  146,  362,   94,  561,  526,  650],
        [  339,  339,  257,  668,  586,  210,  656,  871,  756,  825,  736,  270,  736,  988,  502,  467,  316,  733,  646,  341,  811,  671,  989,  586,    0, 1064,  454,  517,  653,  940,  584, 1145, 1061,  372],
        [  798,  798,  833,  709,  551,  855,  595,  489,  610,  287,  380,  949,  434,  136,  750,  674,  921,  364,  455,  728,  546,  686,  232,  528, 1064,    0,  686,  575,  579,  222,  490,  265,    5,  973],
        [  399,  399,  343,  257,  143,  276,  205,  418,  660,  527,  314,  267,  520,  651,  520,  401,  512,  324,  231,  252,  360,  630,  559,  158,  454,  686,    0,  123,  200,  517,  213,  710,  683,  596],
        [  371,  371,  344,  315,   92,  315,  216,  387,  560,  405,  219,  376,  405,  531,  457,  333,  499,  220,  130,  233,  348,  543,  473,   74,  517,  575,  123,    0,  201,  425,   92,  628,  572,  579],
        [  568,  568,  528,  146,  113,  474,   20,  220,  735,  507,  210,  440,  555,  582,  657,  533,  692,  237,  181,  424,  160,  731,  404,  146,  653,  579,  200,  201,    0,  375,  237,  543,  577,  774],
        [  728,  728,  738,  496,  375,  734,  389,  268,  667,  329,  207,  784,  464,  286,  729,  626,  860,  208,  296,  625,  325,  716,   58,  362,  940,  222,  517,  425,  375,    0,  359,  210,  222,  926],
        [  387,  387,  383,  372,  130,  376,  255,  378,  499,  315,  163,  464,  328,  441,  438,  317,  519,  152,   83,  268,  357,  497,  411,   94,  584,  490,  213,   92,  237,  359,    0,  568,  487,  594],
        [  938,  938,  948,  635,  568,  940,  552,  365,  841,  499,  410,  973,  645,  391,  931,  833, 1069,  416,  500,  834,  441,  902,  157,  561, 1145,  265,  710,  628,  543,  210,  568,    0,  268, 1134],
        [  794,  794,  829,  708,  549,  851,  593,  488,  606,  282,  377,  946,  429,  132,  745,  669,  917,  361,  452,  724,  546,  681,  233,  526, 1061,    5,  683,  572,  577,  222,  487,  268,    0,  969],
        [  209,  209,  257,  853,  670,  352,  786,  964,  481,  691,  753,  568,  557,  861,  235,  303,   86,  735,  675,  350,  927,  380,  983,  650,  372,  973,  596,  579,  774,  926,  594, 1134,  969,    0]
    ]
}
