{
    "name": "random-71-15639",
    "comment": "size=71 seed=15639",
    "nodes": ["+0", "-0", "+1", "-1", "+2", "-2", "+3", "-3", "+4", "-4", "+5", "-5", "+6", "-6", "+7", "-7", "+8", "-8", "+9", "-9", "+10", "-10", "+11", "-11", "+12", "-12", "+13", "-13", "+14", "-14", "+15", "-15", "+16", "-16", "+17", "-17", "+18", "-18", "+19", "-19", "+20", "-20", "+21", "-21", "+22", "-22", "+23", "-23", "+24", "-24", "+25", "-25", "+26", "-26", "+27", "-27", "+28", "-28", "+29", "-29", "+30", "-30", "+31", "-31", "+32", "-32", "+33", "-33", "+34", "-34", "+35", "-35", "+36", "-36", "+37", "-37", "+38", "-38", "+39", "-39", "+40", "-40", "+41", "-41", "+42", "-42", "+43", "-43", "+44", "-44", "+45", "-45", "+46", "-46", "+47", "-47", "+48", "-48", "+49", "-49", "+50", "-50", "+51", "-51", "+52", "-52", "+53", "-53", "+54", "-54", "+55", "-55", "+56", "-56", "+57", "-57", "+58", "-58", "+59", "-59", "+60", "-60", "+61", "-61", "+62", "-62", "+63", "-63", "+64", "-64", "+65", "-65", "+66", "-66", "+67", "-67", "+68", "-68", "+69", "-69", "+70", "-70", "+71", "-71"],
    "precedence": {
        "+0": "-0",
        "+1": "-1",
        "+2": "-2",
        "+3": "-3",
        "+4": "-4",
        "+5": "-5",
        "+6": "-6",
        "+7": "-7",
        "+8": "-8",
        "+9": "-9",
        "+10": "-10",
        "+11": "-11",
        "+12": "-12",
        "+13": "-13",
        "+14": "-14",
        "+15": "-15",
        "+16": "-16",
        "+17": "-17",
        "+18": "-18",
        "+19": "-19",
        "+20": "-20",
        "+21": "-21",
        "+22": "-22",
        "+23": "-23",
        "+24": "-24",
        "+25": "-25",
        "+26": "-26",
        "+27": "-27",
        "+28": "-28",
        "+29": "-29",
        "+30": "-30",
        "+31": "-31",
        "+32": "-32",
        "+33": "-33",
        "+34": "-34",
        "+35": "-35",
        "+36": "-36",
        "+37": "-37",
        "+38": "-38",
        "+39": "-39",
        "+40": "-40",
        "+41": "-41",
        "+42": "-42",
        "+43": "-43",
        "+44": "-44",
        "+45": "-45",
        "+46": "-46",
        "+47": "-47",
        "+48": "-48",
        "+49": "-49",
        "+50": "-50",
        "+51": "-51",
        "+52": "-52",
        "+53": "-53",
        "+54": "-54",
        "+55": "-55",
        "+56": "-56",
        "+57": "-57",
        "+58": "-58",
        "+59": "-59",
        "+60": "-60",
        "+61": "-61",
        "+62": "-62",
        "+63": "-63",
        "+64": "-64",
        "+65": "-65",
        "+66": "-66",
        "+67": "-67",
        "+68": "-68",
        "+69": "-69",
        "+70": "-70",
        "+71": "-71"
    },
    "edges": [
        [    0,    0,  613,  655,  622,  846,  232,  154,  634,  791,  320,  611,  893,  276,  479,  513,  371,  363,  632,  128,  394,  337,  174,  674,  528,  655,  565,  674,  466,  314,  665,  342,  762,  188,  189,  279,  412,  816,  672,  264,  757,  364,  714,  605,  488,  556,  376,  633,  724,  334,  646,  221,  626,  613,  438,  350,  127,  631,  214,  670,  739,  136,  621,  542,  525,  609,  555,  633,  167,  380,  186,  741,   57,  124,  320,  199,  676,  415,  463,  624,  207,  641,  532,  117,  429,  638,  560,  499,  414,  466,  257,  404,  418,  181,  235,  261,  638,  235,  739,  625,  779,  749,  526,  764,  444,  640,  641,   34,  101,  342,  705,  512,  356,  637,  364,  493,  673,  686,  529,  594,  743,  580,  325,  692,  158,  185,  220,  158,  413,  239,  588,  204,  679,  634,  547,   61,  483,  491,  699,  310,  396,  222,  660,  408],
        [    0,    0,    0,    0,    0,    0,    0,    0,    0,    0,    0,    0,    0,    0,    0,    0,    0,    0,    0,    0,    0,    0,    0,    0,    0,    0,    0,    0,    0,    0,    0,    0,    0,    0,    0,    0,    0,    0,    0,    0,    0,    0,    0,    0,    0,    0,    0,    0,    0,    0,    0,    0,    0,    0,    0,    0,    0,    0,    0,    0,    0,    0,    0,    0,    0,    0,    0,    0,    0,    0,    0,    0,    0,    0,    0,    0,    0,    0,    0,    0,    0,    0,    0,    0,    0,    0,    0,    0,    0,    0,    0,    0,    0,    0,    0,    0,    0,    0,    0,    0,    0,    0,    0,    0,    0,    0,    0,    0,    0,    0,    0,    0,    0,    0,    0,    0,    0,    0,    0,    0,    0,    0,    0,    0,    0,    0,    0,    0,    0,    0,    0,    0,    0,    0,    0,    0,    0,    0,    0,    0,    0,    0,    0,    0],
        [  613,    0,    0,   44,  709,  375,  511,  708,  298,  529,  362,  545,  428,  765,  621,  202,  770,  862,  789,  684,  457,  280,  666,  666,  140,  455,  805,  191,  768,  881,  297,  821,  727,  433,  798,  335,  493, 1010,  686,  355,  560,  367,  499,  130,  520,   59,  404,  669,  372,  453,  402,  811,  111,  559,  228,  861,  628,  298,  429,  453,  226,  746,  666,  619,  429,  413,  249,  752,  702,  256,  484,  708,  661,  490,  835,  452,  134,  202,  859,  784,  466,  598,  423,  643,  438,  454,  603,  444,  378,  176,  403,  521,  303,  667,  568,  514,  923,  834,  818,  925,  319,  959,  629,  896,  508,   46,  157,  630,  543,  620,  325,  200,  429,  136,  544,  243,  712,  346,  636,  148,  711,   54,  935,  647,  706,  434,  535,  721,  429,  439,  376,  495,  343,  888,   83,  669,  621,  158,  716,  321,  217,  716,   87,  232],
        [  655,    0,   44,    0,  740,  366,  553,  751,  301,  540,  398,  573,  418,  808,  656,  236,  811,  904,  822,  728,  495,  323,  706,  693,  167,  461,  841,  181,  807,  925,  311,  863,  751,  475,  841,  377,  521, 1042,  713,  398,  577,  407,  517,  150,  554,  102,  435,  698,  381,  486,  407,  854,  125,  586,  262,  904,  669,  316,  472,  457,  218,  789,  696,  652,  460,  437,  277,  783,  745,  299,  524,  733,  704,  532,  878,  492,  131,  243,  899,  817,  505,  625,  453,  686,  464,  476,  635,  477,  406,  218,  446,  559,  334,  706,  610,  556,  960,  876,  847,  962,  316,  992,  663,  926,  533,   34,  168,  673,  585,  660,  334,  234,  469,  147,  583,  267,  740,  359,  669,  156,  735,   84,  978,  672,  746,  476,  572,  764,  456,  478,  387,  534,  357,  924,  124,  712,  657,  198,  743,  361,  260,  754,   83,  270],
        [  622,    0,  709,  740,    0,  616,  405,  543,  945,  382,  737,  184,  630,  461,  145,  508,  354,  489,   95,  548,  296,  566,  794,  104,  752, 1058,  175,  887,  242,  604,  480,  455,  165,  629,  672,  605,  916,  302,   82,  545,  308,  397,  322,  594,  198,  669,  829,   58,  461,  827, 1020,  622,  623,  171,  736,  506,  743,  453,  496, 1065,  628,  659,   52,   99,  281,  325,  465,   47,  520,  526,  706,  152,  667,  590,  506,  684,  647,  649,  360,   93,  712,  146,  288,  524,  895,  302,  107,  266,  843,  559,  467,  245,  788,  800,  388,  375,  274,  798,  126,  288,  581,  257,  103,  189,  948,  754,  593,  601,  667,  284,  489,  511,  345,  609,  268,  808,   62,  450,   98,  814,  152,  725,  754,  144,  777,  623,  780,  554,  877,  722,  969,  736,  447,  227,  633,  624,  141,  565,   92,  665,  609,  844,  676,  698],
        [  846,    0,  375,  366,  616,    0,  656,  883,  666,  267,  691,  434,   55,  888,  606,  339,  841,  968,  710,  868,  515,  536,  953,  528,  510,  826,  771,  541,  784, 1033,  185,  924,  546,  705, 1004,  610,  852,  896,  554,  594,  335,  491,  299,  279,  500,  394,  756,  560,  159,  796,  773,  992,  278,  447,  580,  975,  906,  221,  632,  822,  150,  961,  565,  563,  395,  310,  291,  662,  869,  478,  779,  535,  901,  734,  958,  744,  242,  517,  902,  708,  766,  471,  385,  825,  800,  319,  533,  428,  737,  407,  590,  557,  660,  956,  697,  640,  884, 1080,  680,  895,   68,  865,  585,  770,  871,  398,  238,  850,  810,  687,  151,  341,  524,  254,  603,  613,  586,  183,  590,  520,  538,  426, 1133,  493,  977,  703,  846,  898,  789,  749,  750,  799,  189,  839,  371,  889,  604,  384,  574,  628,  505, 1008,  289,  568],
        [  232,    0,  511,  553,  405,  656,    0,  228,  641,  567,  366,  379,  698,  255,  261,  352,  270,  351,  433,  214,  165,  251,  396,  447,  478,  716,  390,  632,  311,  385,  471,  311,  535,  235,  352,  247,  528,  641,  446,  190,  528,  168,  488,  458,  256,  454,  453,  408,  518,  439,  689,  337,  485,  381,  418,  351,  344,  435,  113,  726,  573,  316,  397,  317,  300,  388,  372,  424,  214,  256,  305,  514,  285,  186,  327,  287,  532,  353,  367,  426,  313,  410,  308,  173,  519,  414,  333,  272,  477,  337,  114,  174,  442,  402,   58,   31,  489,  449,  528,  482,  593,  576,  304,  567,  562,  550,  486,  220,  262,  152,  508,  352,  135,  488,  138,  490,  451,  482,  308,  549,  516,  496,  478,  462,  389,  228,  376,  242,  501,  329,  632,  334,  476,  471,  431,  255,  265,  359,  475,  308,  317,  449,  531,  378],
        [  154,    0,  708,  751,  543,  883,  228,    0,  771,  782,  460,  576,  926,  128,  410,  572,  237,  210,  533,   28,  383,  429,  305,  614,  644,  804,  452,  796,  348,  177,  699,  191,  698,  316,  133,  390,  565,  695,  606,  355,  735,  394,  702,  675,  453,  649,  524,  566,  745,  485,  791,  110,  699,  575,  562,  197,  268,  663,  280,  818,  797,  118,  553,  479,  519,  610,  598,  544,   24,  456,  335,  679,  162,  243,  167,  342,  748,  522,  321,  526,  355,  595,  528,   66,  579,  631,  504,  488,  560,  543,  311,  368,  555,  312,  193,  246,  508,  256,  649,  492,  820,  628,  459,  659,  597,  741,  705,  120,  252,  264,  735,  572,  362,  705,  320,  624,  600,  710,  460,  714,  681,  683,  250,  639,  265,  312,  373,   15,  564,  385,  734,  356,  703,  510,  633,  111,  414,  567,  629,  435,  495,  340,  741,  528],
        [  634,    0,  298,  301,  945,  666,  641,  771,    0,  822,  314,  804,  718,  865,  831,  458,  909,  964, 1012,  744,  659,  397,  605,  923,  196,  162, 1004,  136,  943,  944,  591,  930,  994,  455,  818,  397,  317, 1236,  939,  451,  847,  556,  785,  422,  748,  305,  279,  915,  668,  336,  108,  854,  408,  816,  223,  957,  588,  587,  531,  157,  519,  764,  910,  849,  679,  687,  522,  983,  774,  423,  454,  974,  665,  529,  928,  436,  429,  301, 1007, 1006,  432,  857,  675,  710,  262,  730,  841,  684,  237,  391,  530,  721,  217,  603,  696,  657, 1116,  805, 1064, 1113,  615, 1177,  852, 1133,  313,  269,  454,  662,  538,  783,  622,  455,  616,  433,  726,  151,  961,  639,  858,  152,  977,  254,  947,  911,  661,  460,  462,  780,  266,  399,  104,  446,  636, 1089,  341,  694,  832,  391,  970,  341,  341,  638,  381,  264],
        [  791,    0,  529,  540,  382,  267,  567,  782,  822,    0,  743,  226,  264,  750,  419,  384,  675,  812,  474,  774,  403,  557,  935,  283,  635,  970,  552,  718,  591,  901,  232,  770,  284,  702,  913,  627,  924,  640,  309,  587,   76,  435,   80,  401,  336,  518,  825,  325,  160,  850,  921,  885,  419,  234,  671,  824,  883,  237,  591,  971,  347,  882,  333,  359,  268,  185,  314,  425,  763,  496,  785,  276,  847,  704,  813,  752,  413,  587,  714,  474,  779,  241,  260,  736,  883,  154,  326,  296,  820,  464,  547,  416,  746,  939,  590,  542,  655, 1015,  425,  669,  262,  616,  383,  514,  950,  567,  374,  785,  788,  539,  207,  387,  436,  395,  466,  726,  340,  183,  387,  671,  278,  569, 1028,  244,  942,  698,  861,  796,  868,  773,  884,  811,  186,  608,  484,  821,  416,  452,  322,  668,  559,  991,  458,  645],
        [  320,    0,  362,  398,  737,  691,  366,  460,  314,  743,    0,  641,  745,  562,  602,  369,  620,  659,  784,  433,  442,  188,  315,  745,  240,  354,  753,  366,  676,  631,  544,  628,  829,  146,  505,  133,  186, 1000,  754,  192,  739,  348,  681,  414,  548,  316,   93,  722,  620,  108,  335,  540,  422,  650,  140,  650,  287,  521,  254,  367,  553,  451,  713,  639,  519,  567,  436,  765,  465,  248,  143,  807,  352,  220,  620,  123,  468,  175,  720,  777,  122,  689,  520,  401,  159,  609,  642,  510,  112,  290,  273,  493,   99,  315,  414,  389,  855,  504,  862,  847,  626,  937,  635,  915,  216,  373,  455,  349,  225,  517,  584,  366,  392,  442,  481,  177,  768,  582,  641,  294,  809,  315,  637,  746,  364,  152,  176,  468,  141,   89,  277,  143,  577,  835,  326,  380,  604,  311,  785,   77,  190,  360,  435,  130],
        [  611,    0,  545,  573,  184,  434,  379,  576,  804,  226,  641,    0,  453,  531,  194,  351,  450,  588,  277,  572,  221,  456,  770,  121,  609,  932,  338,  730,  367,  682,  297,  547,  192,  562,  709,  511,  826,  481,  141,  458,  164,  295,  152,  424,  125,  512,  732,  132,  279,  742,  889,  674,  451,   14,  611,  600,  717,  273,  435,  937,  445,  683,  134,  135,  127,  143,  297,  231,  555,  404,  646,  171,  663,  544,  591,  617,  471,  521,  490,  275,  645,   54,  130,  537,  796,  118,  103,  132,  738,  415,  395,  210,  674,  775,  389,  351,  450,  821,  276,  461,  397,  440,  159,  359,  856,  590,  418,  598,  628,  321,  305,  353,  268,  435,  257,  679,  170,  266,  163,  664,  173,  568,  815,  108,  767,  557,  723,  589,  779,  648,  843,  674,  263,  405,  475,  630,  191,  414,  171,  565,  484,  824,  503,  576],
        [  893,    0,  428,  418,  630,   55,  698,  926,  718,  264,  745,  453,    0,  925,  632,  390,  873, 1002,  724,  911,  553,  588, 1004,  538,  564,  878,  791,  591,  811, 1072,  229,  959,  547,  756, 1048,  662,  906,  902,  564,  644,  337,  535,  309,  333,  529,  448,  810,  573,  187,  850,  825, 1034,  332,  465,  635, 1010,  956,  264,  680,  874,  203, 1007,  579,  585,  428,  339,  339,  675,  911,  529,  831,  538,  949,  783,  994,  796,  296,  571,  930,  723,  819,  484,  417,  869,  854,  341,  554,  460,  792,  460,  637,  591,  714, 1007,  738,  682,  901, 1127,  686,  913,  120,  875,  607,  775,  925,  451,  292,  896,  860,  722,  191,  392,  565,  309,  638,  667,  596,  218,  612,  573,  541,  480, 1176,  501, 1027,  754,  899,  940,  843,  802,  803,  851,  225,  855,  426,  936,  630,  437,  581,  681,  558, 1059,  342,  623],
        [  276,    0,  765,  808,  461,  888,  255,  128,  865,  750,  562,  531,  925,    0,  345,  604,  120,  100,  433,  151,  373,  496,  432,  545,  721,  913,  344,  875,  239,  152,  705,   67,  623,  416,  225,  472,  684,  576,  532,  426,  694,  417,  671,  712,  415,  707,  634,  494,  739,  600,  896,  165,  738,  526,  648,   97,  396,  669,  345,  926,  821,  233,  481,  415,  501,  593,  616,  453,  111,  509,  450,  606,  290,  343,   72,  450,  785,  596,  194,  427,  468,  539,  511,  166,  693,  606,  444,  469,  668,  592,  363,  338,  653,  440,  201,  259,  386,  360,  554,  368,  829,  510,  391,  553,  716,  802,  737,  243,  370,  211,  738,  605,  369,  741,  290,  716,  521,  707,  391,  792,  607,  748,  294,  575,  391,  411,  495,  130,  677,  495,  838,  473,  701,  393,  686,  239,  349,  614,  551,  525,  563,  466,  785,  611],
        [  479,    0,  621,  656,  145,  606,  261,  410,  831,  419,  602,  194,  632,  345,    0,  421,  257,  395,  184,  412,  173,  440,  650,  204,  643,  934,  185,  786,  179,  495,  442,  355,  289,  487,  542,  471,  777,  406,  197,  410,  356,  276,  344,  520,  110,  574,  693,  157,  448,  688,  899,  498,  550,  187,  615,  409,  599,  409,  355,  942,  584,  524,  145,   71,  219,  296,  394,  166,  388,  409,  563,  270,  525,  446,  401,  542,  583,  531,  300,  177,  570,  195,  229,  385,  759,  292,  100,  191,  710,  456,  330,  112,  660,  656,  245,  231,  304,  664,  268,  308,  558,  347,   49,  314,  810,  666,  528,  459,  522,  146,  462,  423,  217,  540,  125,  688,  195,  426,   51,  709,  271,  628,  636,  231,  635,  481,  636,  422,  742,  581,  846,  593,  421,  268,  540,  484,    5,  467,  221,  532,  490,  700,  603,  575],
        [  513,    0,  202,  236,  508,  339,  352,  572,  458,  384,  369,  351,  390,  604,  421,    0,  591,  696,  587,  553,  263,  199,  615,  471,  263,  595,  606,  381,  576,  736,  176,  654,  538,  367,  682,  273,  545,  809,  489,  256,  395,  188,  334,  108,  319,  162,  446,  470,  252,  476,  549,  680,  137,  363,  288,  699,  568,  153,  303,  598,  227,  636,  467,  418,  230,  231,   70,  550,  561,  140,  442,  518,  568,  397,  676,  407,  181,  205,  674,  582,  430,  404,  224,  509,  501,  273,  402,  243,  438,   82,  264,  326,  363,  618,  404,  346,  724,  747,  620,  727,  272,  757,  428,  696,  570,  247,  134,  521,  472,  436,  216,    4,  244,  137,  354,  346,  514,  214,  434,  314,  521,  219,  816,  456,  639,  365,  512,  586,  487,  416,  507,  463,  209,  688,  126,  561,  421,   69,  520,  299,  180,  670,  188,  262],
        [  371,    0,  770,  811,  354,  841,  270,  237,  909,  675,  620,  450,  873,  120,  257,  591,    0,  139,  317,  254,  335,  520,  537,  445,  747,  974,  225,  901,  121,  251,  664,  102,  518,  477,  344,  513,  762,  459,  430,  458,  612,  406,  598,  698,  347,  714,  701,  393,  686,  675,  951,  284,  727,  443,  687,  154,  496,  628,  378,  986,  792,  349,  380,  323,  446,  535,  589,  341,  216,  519,  526,  503,  394,  410,  153,  520,  769,  622,  100,  311,  541,  449,  457,  255,  764,  540,  355,  414,  730,  594,  383,  285,  705,  544,  213,  260,  271,  479,  439,  256,  786,  392,  298,  434,  795,  811,  718,  339,  455,  157,  692,  591,  347,  725,  243,  758,  415,  658,  297,  818,  504,  761,  405,  478,  501,  471,  581,  242,  746,  565,  894,  552,  652,  275,  688,  344,  260,  613,  445,  572,  585,  575,  777,  647],
        [  363,    0,  862,  904,  489,  968,  351,  210,  964,  812,  659,  588, 1002,  100,  395,  696,  139,    0,  444,  236,  455,  595,  506,  583,  820, 1009,  345,  974,  250,  129,  787,   44,  654,  513,  267,  571,  775,  550,  567,  525,  751,  509,  734,  804,  480,  804,  729,  531,  815,  693,  993,  198,  831,  581,  748,   22,  475,  751,  444, 1022,  908,  292,  518,  462,  575,  666,  704,  472,  199,  606,  543,  640,  367,  440,   46,  546,  877,  695,  157,  438,  561,  588,  586,  260,  787,  674,  493,  543,  764,  688,  461,  412,  751,  513,  295,  351,  355,  398,  565,  334,  911,  487,  437,  548,  806,  900,  828,  330,  461,  281,  817,  697,  456,  832,  365,  815,  551,  785,  435,  891,  640,  846,  288,  617,  458,  508,  583,  207,  771,  590,  935,  564,  780,  373,  782,  317,  399,  709,  581,  624,  662,  533,  879,  710],
        [  632,    0,  789,  822,   95,  710,  433,  533, 1012,  474,  784,  277,  724,  433,  184,  587,  317,  444,    0,  542,  354,  624,  805,  193,  822, 1117,  102,  961,  197,  566,  571,  414,  232,  665,  654,  654,  957,  224,  168,  593,  400,  458,  416,  678,  270,  745,  875,  151,  555,  867, 1082,  598,  707,  264,  797,  462,  757,  543,  535, 1125,  719,  650,  146,  170,  364,  416,  549,   50,  510,  590,  738,  224,  671,  618,  467,  719,  734,  713,  299,    8,  746,  240,  373,  525,  941,  395,  190,  345,  893,  632,  512,  295,  843,  812,  404,  405,  182,  786,  123,  198,  674,  170,  162,  135,  990,  834,  680,  607,  689,  292,  581,  590,  400,  695,  304,  870,  138,  543,  155,  886,  224,  801,  722,  232,  782,  659,  808,  542,  924,  759, 1029,  767,  540,  135,  710,  624,  182,  640,  164,  715,  672,  852,  761,  758],
        [  128,    0,  684,  728,  548,  868,  214,   28,  744,  774,  433,  572,  911,  151,  412,  553,  254,  236,  542,    0,  373,  405,  284,  615,  619,  777,  465,  770,  361,  202,  684,  215,  700,  290,  140,  364,  539,  710,  608,  331,  729,  378,  694,  654,  448,  626,  497,  568,  732,  458,  764,  129,  678,  571,  536,  224,  246,  648,  258,  791,  778,  113,  556,  480,  509,  600,  581,  551,   40,  434,  308,  681,  141,  216,  193,  315,  728,  497,  342,  535,  328,  593,  518,   44,  553,  622,  504,  479,  533,  521,  290,  363,  528,  291,  185,  234,  525,  253,  657,  510,  804,  643,  460,  670,  571,  717,  686,   94,  225,  266,  721,  552,  348,  685,  315,  598,  603,  696,  462,  688,  682,  659,  266,  638,  247,  285,  347,   38,  537,  358,  706,  329,  689,  525,  611,   90,  416,  546,  631,  408,  471,  322,  719,  502],
        [  394,    0,  457,  495,  296,  515,  165,  383,  659,  403,  442,  221,  553,  373,  173,  263,  335,  455,  354,  373,    0,  271,  549,  308,  471,  765,  352,  616,  313,  520,  333,  411,  394,  346,  512,  310,  624,  577,  314,  251,  364,  104,  324,  369,  108,  407,  534,  280,  368,  536,  728,  488,  398,  226,  444,  461,  497,  297,  215,  772,  457,  479,  271,  198,  137,  228,  254,  329,  365,  237,  428,  372,  448,  324,  443,  402,  438,  359,  413,  348,  430,  259,  146,  334,  600,  250,  200,  108,  547,  288,  179,   65,  493,  555,  190,  140,  468,  613,  421,  469,  457,  519,  197,  479,  655,  501,  385,  384,  407,  178,  365,  265,   51,  394,   93,  517,  326,  335,  203,  538,  375,  460,  631,  315,  548,  341,  505,  397,  583,  435,  676,  457,  329,  436,  375,  419,  174,  301,  345,  370,  319,  604,  450,  404],
        [  337,    0,  280,  323,  566,  536,  251,  429,  397,  557,  188,  456,  588,  496,  440,  199,  520,  595,  624,  405,  271,    0,  419,  564,  228,  494,  609,  382,  547,  604,  371,  556,  646,  171,  519,   75,  373,  846,  575,   76,  551,  170,  494,  274,  371,  222,  277,  545,  444,  294,  459,  532,  292,  466,  176,  592,  373,  344,  153,  502,  413,  468,  537,  468,  332,  380,  259,  599,  424,   63,  244,  624,  388,  214,  565,  209,  342,  102,  616,  617,  233,  505,  333,  364,  340,  421,  466,  325,  282,  133,  138,  329,  222,  421,  308,  263,  719,  565,  690,  716,  469,  785,  467,  750,  402,  312,  313,  352,  280,  387,  413,  196,  224,  305,  330,  250,  592,  405,  473,  299,  626,  255,  656,  562,  447,  170,  314,  442,  323,  220,  406,  265,  400,  693,  211,  391,  442,  159,  607,  112,   68,  473,  324,  136],
        [  174,    0,  666,  706,  794,  953,  396,  305,  605,  935,  315,  770, 1004,  432,  650,  615,  537,  506,  805,  284,  549,  419,    0,  842,  554,  583,  739,  678,  638,  424,  782,  493,  930,  249,  263,  346,  320,  988,  841,  362,  908,  500,  860,  691,  650,  614,  327,  802,  848,  271,  588,  324,  705,  773,  454,  489,   53,  751,  344,  600,  830,  220,  790,  711,  673,  750,  668,  806,  324,  476,  183,  909,  144,  232,  460,  216,  755,  466,  625,  798,  201,  804,  678,  286,  358,  784,  728,  650,  369,  551,  388,  569,  405,    8,  406,  426,  807,  204,  912,  793,  886,  921,  696,  938,  345,  684,  730,  201,  148,  515,  823,  613,  506,  721,  532,  488,  843,  810,  699,  609,  911,  623,  366,  857,   61,  251,  145,  304,  347,  229,  535,  173,  803,  805,  616,  195,  654,  576,  868,  346,  462,   57,  730,  437],
        [  674,    0,  666,  693,  104,  528,  447,  614,  923,  283,  745,  121,  538,  545,  204,  471,  445,  583,  193,  615,  308,  564,  842,    0,  727, 1047,  279,  851,  340,  692,  410,  546,   89,  653,  746,  613,  929,  370,   27,  556,  208,  397,  230,  544,  200,  632,  837,   53,  379,  842, 1005,  701,  571,  108,  725,  599,  790,  389,  521, 1053,  557,  728,   66,  135,  244,  259,  417,  144,  592,  516,  734,   68,  723,  625,  596,  709,  589,  636,  460,  193,  737,   69,  248,  586,  902,  227,  115,  242,  846,  533,  486,  274,  784,  848,  442,  416,  374,  867,  158,  390,  500,  338,  156,  245,  960,  711,  536,  657,  706,  350,  412,  474,  358,  554,  311,  794,   58,  374,  155,  784,   70,  689,  837,   40,  831,  647,  810,  626,  884,  742,  958,  764,  372,  327,  595,  684,  200,  534,   51,  670,  597,  894,  622,  688],
        [  528,    0,  140,  167,  752,  510,  478,  644,  196,  635,  240,  609,  564,  721,  643,  263,  747,  820,  822,  619,  471,  228,  554,  727,    0,  336,  821,  155,  768,  820,  407,  783,  798,  342,  717,  255,  355, 1046,  744,  296,  655,  370,  593,  242,  556,  120,  268,  720,  486,  320,  288,  740,  235,  621,  100,  816,  522,  398,  377,  338,  361,  663,  715,  657,  484,  493,  328,  791,  643,  238,  375,  778,  571,  409,  788,  346,  269,  126,  843,  816,  355,  661,  480,  580,  298,  535,  647,  490,  240,  195,  365,  535,  167,  553,  536,  489,  936,  735,  870,  934,  451,  989,  661,  940,  369,  138,  279,  551,  446,  610,  441,  260,  432,  260,  545,  104,  766,  454,  668,   72,  781,   87,  853,  715,  599,  344,  415,  656,  290,  325,  251,  381,  450,  906,  152,  588,  645,  195,  775,  219,  163,  599,  225,  122],
        [  655,    0,  455,  461, 1058,  826,  716,  804,  162,  970,  354,  932,  878,  913,  934,  595,  974, 1009, 1117,  777,  765,  494,  583, 1047,  336,    0, 1097,  296, 1025,  968,  742,  980, 1123,  499,  825,  471,  264, 1338, 1061,  531,  990,  662,  928,  574,  862,  454,  281, 1034,  820,  324,   55,  872,  562,  943,  323,  999,  581,  734,  603,   18,  678,  773, 1027,  961,  805,  825,  663, 1093,  812,  534,  470, 1102,  674,  571,  968,  464,  587,  412, 1073, 1111,  450,  984,  803,  750,  230,  868,  957,  806,  246,  521,  614,  823,  276,  579,  767,  736, 1203,  786, 1181, 1197,  774, 1277,  961, 1244,  244,  428,  608,  687,  555,  865,  774,  592,  718,  588,  820,  254, 1080,  789,  967,  308, 1105,  407,  945, 1039,  643,  505,  451,  811,  244,  420,   90,  453,  785, 1180,  487,  712,  936,  527, 1093,  409,  451,  604,  539,  361],
        [  565,    0,  805,  841,  175,  771,  390,  452, 1004,  552,  753,  338,  791,  344,  185,  606,  225,  345,  102,  465,  352,  609,  739,  279,  821, 1097,    0,  967,  106,  469,  618,  318,  330,  624,  568,  628,  918,  253,  256,  567,  480,  452,  486,  705,  292,  757,  842,  230,  613,  828, 1066,  508,  734,  327,  785,  364,  692,  587,  500, 1107,  763,  568,  220,  209,  398,  466,  578,  141,  430,  584,  690,  320,  600,  569,  371,  676,  766,  704,  198,   98,  701,  312,  408,  453,  908,  453,  238,  373,  864,  638,  484,  288,  822,  746,  351,  366,  120,  701,  222,  126,  729,  187,  190,  210,  951,  850,  712,  538,  633,  240,  634,  608,  390,  725,  280,  858,  231,  596,  184,  888,  320,  811,  626,  318,  709,  618,  756,  460,  890,  718, 1011,  719,  592,   85,  724,  551,  185,  650,  259,  690,  664,  782,  788,  744],
        [  674,    0,  191,  181,  887,  541,  632,  796,  136,  718,  366,  730,  591,  875,  786,  381,  901,  974,  961,  770,  616,  382,  678,  851,  155,  296,  967,    0,  918,  972,  487,  937,  915,  487,  862,  407,  425, 1185,  869,  450,  751,  516,  690,  321,  693,  219,  362,  850,  560,  421,  242,  889,  300,  743,  237,  970,  652,  489,  531,  289,  396,  808,  846,  793,  610,  602,  436,  927,  795,  387,  508,  896,  713,  557,  942,  483,  311,  281,  996,  956,  487,  783,  604,  732,  366,  643,  780,  621,  324,  330,  519,  680,  273,  677,  690,  642, 1083,  869, 1000, 1082,  494, 1130,  800, 1075,  427,  152,  345,  698,  585,  762,  513,  378,  579,  324,  694,  191,  894,  536,  807,   84,  899,  163,  997,  834,  728,  490,  535,  807,  365,  454,  237,  508,  533, 1051,  256,  733,  787,  322,  900,  364,  316,  718,  263,  269],
        [  466,    0,  768,  807,  242,  784,  311,  348,  943,  591,  676,  367,  811,  239,  179,  576,  121,  250,  197,  361,  313,  547,  638,  340,  768, 1025,  106,  918,    0,  370,  618,  218,  407,  540,  463,  556,  833,  351,  322,  496,  524,  404,  518,  680,  286,  716,  762,  288,  627,  743,  997,  404,  710,  358,  721,  268,  593,  583,  423, 1036,  756,  463,  276,  233,  394,  474,  560,  223,  325,  532,  601,  393,  497,  480,  271,  589,  747,  646,  124,  191,  613,  355,  404,  352,  827,  471,  266,  364,  787,  596,  415,  251,  751,  645,  264,  290,  180,  596,  319,  172,  736,  284,  209,  315,  866,  812,  693,  437,  538,  161,  640,  577,  341,  703,  226,  794,  303,  603,  205,  837,  394,  767,  525,  376,  607,  534,  664,  355,  809,  633,  941,  629,  598,  169,  686,  448,  181,  611,  333,  617,  607,  680,  762,  681],
        [  314,    0,  881,  925,  604, 1033,  385,  177,  944,  901,  631,  682, 1072,  152,  495,  736,  251,  129,  566,  202,  520,  604,  424,  692,  820,  968,  469,  972,  370,    0,  849,  152,  768,  490,  164,  566,  719,  678,  678,  530,  845,  552,  822,  841,  566,  823,  689,  641,  887,  646,  959,  100,  867,  678,  738,  108,  403,  812,  453,  983,  958,  205,  628,  564,  650,  743,  755,  591,  180,  628,  500,  752,  299,  417,   99,  511,  915,  698,  285,  560,  521,  689,  660,  241,  740,  757,  594,  618,  727,  714,  481,  489,  728,  430,  337,  395,  483,  284,  688,  462,  972,  615,  541,  675,  750,  916,  870,  283,  414,  363,  883,  736,  510,  871,  439,  799,  665,  854,  540,  890,  753,  858,  160,  723,  369,  486,  524,  166,  726,  552,  902,  516,  848,  501,  806,  257,  499,  737,  695,  610,  670,  440,  911,  704],
        [  665,    0,  297,  311,  480,  185,  471,  699,  591,  232,  544,  297,  229,  705,  442,  176,  664,  787,  571,  684,  333,  371,  782,  410,  407,  742,  618,  487,  618,  849,    0,  744,  454,  535,  820,  445,  717,  777,  434,  421,  267,  307,  208,  170,  332,  289,  619,  429,   80,  651,  691,  808,  188,  311,  454,  794,  733,   37,  452,  742,  149,  778,  430,  411,  224,  156,  114,  526,  684,  310,  614,  438,  721,  557,  776,  579,  188,  376,  731,  568,  603,  344,  214,  641,  671,  183,  384,  255,  608,  255,  409,  380,  532,  785,  513,  456,  735,  899,  568,  743,  124,  736,  429,  654,  741,  337,  144,  668,  636,  509,   42,  178,  340,  164,  423,  502,  464,   49,  435,  440,  441,  338,  948,  382,  801,  533,  685,  713,  658,  590,  657,  636,   47,  692,  256,  707,  441,  236,  460,  474,  354,  837,  230,  432],
        [  342,    0,  821,  863,  455,  924,  311,  191,  930,  770,  628,  547,  959,   67,  355,  654,  102,   44,  414,  215,  411,  556,  493,  546,  783,  980,  318,  937,  218,  152,  744,    0,  619,  482,  268,  536,  750,  535,  531,  488,  710,  466,  692,  762,  438,  764,  701,  494,  772,  667,  962,  202,  789,  541,  712,   54,  458,  707,  406,  993,  865,  285,  481,  422,  532,  623,  660,  440,  176,  566,  516,  604,  352,  410,   54,  517,  834,  657,  143,  408,  534,  548,  542,  232,  760,  631,  454,  499,  734,  647,  421,  368,  719,  500,  254,  309,  341,  403,  536,  322,  867,  470,  398,  524,  783,  860,  785,  308,  436,  238,  774,  654,  413,  790,  322,  780,  516,  742,  396,  854,  605,  806,  309,  579,  448,  477,  561,  190,  743,  562,  904,  539,  736,  355,  741,  301,  358,  668,  546,  590,  623,  524,  837,  674],
        [  762,    0,  727,  751,  165,  546,  535,  698,  994,  284,  829,  192,  547,  623,  289,  538,  518,  654,  232,  700,  394,  646,  930,   89,  798, 1123,  330,  915,  407,  768,  454,  619,    0,  740,  829,  697, 1013,  359,   92,  641,  212,  481,  254,  602,  287,  698,  920,  132,  410,  927, 1080,  782,  627,  181,  802,  671,  878,  439,  608, 1128,  597,  813,  145,  221,  319,  315,  479,  189,  676,  595,  822,   22,  810,  713,  670,  795,  639,  713,  522,  235,  824,  141,  321,  672,  984,  276,  203,  321,  927,  605,  572,  362,  864,  936,  529,  505,  407,  952,  146,  426,  528,  342,  240,  233, 1043,  771,  589,  744,  794,  434,  449,  541,  444,  608,  399,  870,  104,  413,  239,  852,   20,  754,  916,   85,  919,  734,  898,  710,  967,  829, 1034,  851,  412,  361,  661,  771,  285,  604,   74,  753,  675,  982,  677,  767],
        [  188,    0,  433,  475,  629,  705,  235,  316,  455,  702,  146,  562,  756,  416,  487,  367,  477,  513,  665,  290,  346,  171,  249,  653,  342,  499,  624,  487,  540,  490,  535,  482,  740,    0,  376,  101,  294,  875,  658,  117,  684,  272,  631,  444,  454,  378,  224,  622,  604,  205,  480,  404,  460,  568,  251,  505,  203,  505,  134,  512,  583,  323,  612,  535,  451,  518,  422,  652,  320,  227,   85,  718,  231,   74,  475,   56,  511,  232,  577,  658,   84,  604,  454,  256,  288,  555,  543,  434,  254,  304,  168,  385,  239,  252,  277,  261,  720,  402,  754,  711,  638,  810,  526,  799,  328,  457,  483,  212,  111,  385,  577,  365,  297,  475,  363,  309,  668,  565,  531,  407,  720,  397,  512,  660,  278,    7,  162,  326,  270,   95,  422,  113,  559,  704,  374,  247,  491,  329,  688,  123,  219,  304,  489,  221],
        [  189,    0,  798,  841,  672, 1004,  352,  133,  818,  913,  505,  709, 1048,  225,  542,  682,  344,  267,  654,  140,  512,  519,  263,  746,  717,  825,  568,  862,  463,  164,  820,  268,  829,  376,    0,  466,  569,  800,  737,  445,  868,  513,  834,  780,  585,  740,  551,  697,  870,  502,  821,   69,  803,  708,  626,  247,  248,  784,  381,  841,  909,   55,  684,  611,  649,  739,  715,  669,  155,  556,  365,  810,  154,  310,  223,  383,  853,  602,  410,  647,  387,  728,  657,  180,  596,  761,  637,  618,  590,  643,  418,  501,  603,  269,  324,  373,  607,  135,  773,  589,  939,  734,  590,  777,  598,  827,  814,  168,  281,  396,  857,  681,  487,  811,  452,  679,  730,  833,  591,  783,  812,  767,  138,  771,  206,  373,  376,  121,  583,  420,  765,  376,  827,  617,  729,  130,  546,  668,  758,  499,  581,  277,  840,  596],
        [  279,    0,  335,  377,  605,  610,  247,  390,  397,  627,  133,  511,  662,  472,  471,  273,  513,  571,  654,  364,  310,   75,  346,  613,  255,  471,  628,  407,  556,  566,  445,  536,  697,  101,  466,    0,  316,  872,  622,   61,  617,  217,  561,  345,  416,  279,  225,  589,  518,  231,  442,  486,  360,  519,  177,  566,  302,  418,  136,  481,  485,  414,  581,  507,  391,  447,  333,  634,  389,  136,  170,  675,  327,  157,  537,  135,  411,  137,  612,  647,  158,  558,  393,  326,  291,  487,  510,  380,  240,  205,  144,  361,  196,  349,  301,  267,  733,  501,  730,  727,  543,  809,  503,  784,  347,  362,  384,  299,  211,  395,  487,  271,  260,  376,  352,  246,  636,  479,  509,  325,  678,  301,  603,  615,  378,  101,  240,  401,  273,  147,  386,  191,  473,  711,  274,  337,  473,  230,  653,   63,  119,  400,  389,  140],
        [  412,    0,  493,  521,  916,  852,  528,  565,  317,  924,  186,  826,  906,  684,  777,  545,  762,  775,  957,  539,  624,  373,  320,  929,  355,  264,  918,  425,  833,  719,  717,  750, 1013,  294,  569,  316,    0, 1169,  937,  373,  923,  532,  864,  573,  730,  461,  100,  903,  796,   90,  275,  621,  575,  835,  272,  762,  322,  697,  423,  282,  707,  519,  894,  819,  704,  752,  614,  942,  576,  432,  236,  991,  421,  354,  732,  244,  617,  342,  860,  950,  221,  873,  705,  519,   59,  793,  824,  695,  116,  464,  449,  671,  192,  316,  570,  555, 1012,  523, 1041, 1003,  788, 1104,  813, 1090,   34,  490,  614,  446,  314,  679,  757,  542,  573,  598,  654,  255,  950,  759,  818,  380,  993,  441,  684,  930,  380,  301,  196,  570,   65,  200,  228,  212,  754,  997,  481,  464,  780,  482,  968,  262,  367,  340,  576,  286],
        [  816,    0, 1010, 1042,  302,  896,  641,  695, 1236,  640, 1000,  481,  902,  576,  406,  809,  459,  550,  224,  710,  577,  846,  988,  370, 1046, 1338,  253, 1185,  351,  678,  777,  535,  359,  875,  800,  872, 1169,    0,  345,  811,  566,  681,  598,  896,  493,  968, 1091,  349,  749, 1079, 1304,  736,  925,  467, 1020,  571,  943,  753,  748, 1347,  925,  808,  349,  392,  582,  623,  767,  259,  673,  813,  943,  365,  848,  822,  586,  927,  949,  936,  394,  230,  953,  434,  590,  703, 1157,  595,  407,  566, 1110,  855,  729,  517, 1064,  996,  604,  615,  196,  935,  217,  217,  870,   68,  385,  127, 1202, 1055,  895,  788,  886,  492,  781,  811,  622,  911,  521, 1093,  314,  743,  379, 1110,  363, 1024,  836,  404,  956,  869, 1009,  701, 1139,  969, 1251,  971,  741,  185,  933,  798,  404,  863,  323,  934,  896, 1030,  978,  980],
        [  672,    0,  686,  713,   82,  554,  446,  606,  939,  309,  754,  141,  564,  532,  197,  489,  430,  567,  168,  608,  314,  575,  841,   27,  744, 1061,  256,  869,  322,  678,  434,  531,   92,  658,  737,  622,  937,  345,    0,  564,  234,  407,  256,  565,  207,  650,  846,   40,  404,  849, 1020,  691,  592,  128,  738,  584,  789,  412,  525, 1067,  581,  721,   53,  131,  261,  282,  437,  119,  584,  528,  739,   74,  719,  627,  581,  714,  611,  649,  441,  168,  742,   90,  266,  581,  911,  251,  116,  256,  856,  549,  492,  276,  796,  847,  438,  416,  349,  860,  135,  365,  525,  312,  149,  221,  968,  731,  558,  653,  707,  343,  437,  492,  364,  576,  310,  808,   33,  399,  147,  801,   76,  707,  826,   65,  828,  652,  814,  618,  894,  748,  971,  768,  396,  302,  614,  679,  193,  551,   32,  680,  610,  893,  644,  701],
        [  264,    0,  355,  398,  545,  594,  190,  355,  451,  587,  192,  458,  644,  426,  410,  256,  458,  525,  593,  331,  251,   76,  362,  556,  296,  531,  567,  450,  496,  530,  421,  488,  641,  117,  445,   61,  373,  811,  564,    0,  571,  163,  517,  342,  358,  297,  284,  531,  489,  286,  501,  457,  362,  465,  229,  521,  313,  390,   82,  541,  478,  394,  522,  448,  341,  404,  307,  574,  350,  118,  199,  620,  317,  144,  493,  166,  412,  171,  556,  586,  194,  503,  344,  289,  351,  442,  451,  327,  300,  202,   83,  301,  255,  365,  246,  207,  673,  495,  670,  668,  527,  748,  443,  723,  405,  387,  379,  278,  217,  336,  462,  254,  201,  374,  291,  301,  577,  450,  449,  367,  622,  329,  582,  560,  384,  113,  275,  367,  333,  191,  446,  225,  443,  650,  285,  318,  413,  228,  595,  124,  141,  417,  397,  189],
        [  757,    0,  560,  577,  308,  335,  528,  735,  847,   76,  739,  164,  337,  694,  356,  395,  612,  751,  400,  729,  364,  551,  908,  208,  655,  990,  480,  751,  524,  845,  267,  710,  212,  684,  868,  617,  923,  566,  234,  571,    0,  413,   62,  431,  283,  542,  825,  251,  208,  844,  942,  835,  453,  170,  681,  764,  855,  262,  565,  991,  399,  839,  260,  292,  235,  172,  327,  351,  715,  492,  768,  202,  811,  678,  754,  736,  454,  594,  647,  400,  764,  170,  231,  693,  885,  131,  260,  259,  824,  473,  522,  367,  752,  913,  545,  501,  581,  975,  350,  595,  322,  541,  317,  439,  951,  601,  410,  748,  762,  484,  251,  398,  403,  430,  416,  740,  265,  220,  320,  697,  204,  596,  977,  169,  911,  679,  844,  749,  869,  761,  902,  795,  221,  534,  506,  782,  353,  464,  247,  663,  561,  963,  497,  651],
        [  364,    0,  367,  407,  397,  491,  168,  394,  556,  435,  348,  295,  535,  417,  276,  188,  406,  509,  458,  378,  104,  170,  500,  397,  370,  662,  452,  516,  404,  552,  307,  466,  481,  272,  513,  217,  532,  681,  407,  163,  413,    0,  362,  296,  202,  313,  440,  376,  361,  447,  625,  503,  324,  303,  341,  511,  448,  271,  156,  669,  406,  472,  368,  299,  180,  251,  204,  431,  381,  134,  356,  459,  420,  269,  489,  326,  368,  256,  493,  451,  354,  341,  183,  335,  505,  285,  297,  164,  450,  193,  112,  166,  392,  504,  217,  159,  567,  596,  521,  566,  427,  622,  299,  582,  563,  409,  320,  364,  353,  254,  345,  189,   63,  324,  179,  413,  423,  323,  305,  437,  462,  364,  643,  398,  510,  267,  433,  409,  488,  353,  573,  384,  317,  536,  285,  402,  277,  209,  439,  273,  215,  556,  373,  301],
