{
    "name": "random-45-8743",
    "comment": "size=45 seed=8743",
    "nodes": ["+0", "-0", "+1", "-1", "+2", "-2", "+3", "-3", "+4", "-4", "+5", "-5", "+6", "-6", "+7", "-7", "+8", "-8", "+9", "-9", "+10", "-10", "+11", "-11", "+12", "-12", "+13", "-13", "+14", "-14", "+15", "-15", "+16", "-16", "+17", "-17", "+18", "-18", "+19", "-19", "+20", "-20", "+21", "-21", "+22", "-22", "+23", "-23", "+24", "-24", "+25", "-25", "+26", "-26", "+27", "-27", "+28", "-28", "+29", "-29", "+30", "-30", "+31", "-31", "+32", "-32", "+33", "-33", "+34", "-34", "+35", "-35", "+36", "-36", "+37", "-37", "+38", "-38", "+39", "-39", "+40", "-40", "+41", "-41", "+42", "-42", "+43", "-43", "+44", "-44", "+45", "-45"],
    "precedence": {
        "+0": "-0",
        "+1": "-1",
        "+2": "-2",
        "+3": "-3",
        "+4": "-4",
        "+5": "-5",
        "+6": "-6",
        "+7": "-7",
        "+8": "-8",
        "+9": "-9",
        "+10": "-10",
        "+11": "-11",
        "+12": "-12",
        "+13": "-13",
        "+14": "-14",
        "+15": "-15",
        "+16": "-16",
        "+17": "-17",
        "+18": "-18",
        "+19": "-19",
        "+20": "-20",
        "+21": "-21",
        "+22": "-22",
        "+23": "-23",
        "+24": "-24",
        "+25": "-25",
        "+26": "-26",
        "+27": "-27",
        "+28": "-28",
        "+29": "-29",
        "+30": "-30",
        "+31": "-31",
        "+32": "-32",
        "+33": "-33",
        "+34": "-34",
        "+35": "-35",
        "+36": "-36",
        "+37": "-37",
        "+38": "-38",
        "+39": "-39",
        "+40": "-40",
        "+41": "-41",
        "+42": "-42",
        "+43": "-43",
        "+44": "-44",
        "+45": "-45"
    },
    "edges": [
        [    0,    0,  380,  638,  571,  577,  521,  635,  884,  242,   32,  218,  821,  381,  481,  409,  593,  908,  894,  473,  392,  570,  619,  252,   94,  432,  307,  573,  161,  346,  281,  726, 1042,  966,  472,  708,  249,  165,  449,  171,  545,  541,  222,  328,  440,  555,  816,  845,  556,  303,  482,  431,  270,  382,  913,  143,  304,  374,  970,  453,  931,  455,  633,  927,  268,  850,  195,  640,  925,  170,  921,  472,  739,  449,  894,  370,  703,  419,  657,  927,  848,  633,  473,  808,  237,  948,  282,  315,  935,  485,  136,  309],
        [    0,    0,    0,    0,    0,    0,    0,    0,    0,    0,    0,    0,    0,    0,    0,    0,    0,    0,    0,    0,    0,    0,    0,    0,    0,    0,    0,    0,    0,    0,    0,    0,    0,    0,    0,    0,    0,    0,    0,    0,    0,    0,    0,    0,    0,    0,    0,    0,    0,    0,    0,    0,    0,    0,    0,    0,    0,    0,    0,    0,    0,    0,    0,    0,    0,    0,    0,    0,    0,    0,    0,    0,    0,    0,    0,    0,    0,    0,    0,    0,    0,    0,    0,    0,    0,    0,    0,    0,    0,    0,    0,    0],
        [  380,    0,    0,  717,  696,  755,  814,  767, 1001,  551,  411,  570,  690,  549,  765,  667,  745,  846,  646,  410,  349,  698,  870,  243,  301,  719,  345,  816,  526,  144,  616,  399, 1059,  670,  580,  636,  146,  533,  397,  229,  806,  877,  168,  161,  376,  814,  855,  964,  530,  516,  644,  429,  202,  148,  737,  278,  104,  676,  934,  248,  694,  453,  838,  790,  363,  953,  187,  553,  755,  417,  810,  385,  694,  130,  618,  595,  775,  416,  596,  766,  541,  688,  569,  740,  247,  850,  155,  617,  826,  180,  510,  407],
        [  638,    0,  717,    0,   96,  188,  439,  105,  286,  470,  646,  555,  405,  264,  407,  350,  138,  351,  646,  324,  369,  100,  365,  500,  682,  406,  388,  329,  587,  573,  515,  724,  407,  790,  167,  268,  618,  596,  328,  586,  363,  582,  617,  812,  350,  361,  181,  250,  220,  348,  186,  289,  795,  578,  528,  723,  740,  440,  373,  510,  648,  266,  261,  473,  397,  237,  667,  290,  526,  469,  429,  354,  230,  645,  704,  314,   66,  301,  245,  510,  742,   47,  168,  297,  797,  429,  767,  445,  434,  624,  616,  347],
        [  571,    0,  696,   96,    0,  104,  346,   72,  319,  385,  576,  468,  485,  190,  311,  255,   62,  447,  712,  334,  358,    5,  284,  466,  623,  310,  355,  242,  505,  556,  424,  756,  490,  850,  117,  343,  583,  513,  332,  540,  273,  488,  579,  776,  352,  271,  269,  280,  255,  271,   96,  282,  751,  566,  609,  668,  707,  345,  468,  514,  719,  265,  190,  561,  352,  281,  623,  347,  609,  401,  521,  365,  316,  641,  764,  226,  150,  292,  311,  595,  791,  129,  128,  387,  748,  522,  729,  353,  526,  627,  535,  302],
        [  577,    0,  755,  188,  104,    0,  256,   98,  316,  361,  576,  438,  587,  212,  229,  202,   51,  535,  815,  422,  433,   99,  181,  516,  642,  240,  411,  142,  484,  619,  383,  849,  538,  952,  187,  446,  631,  490,  416,  577,  177,  399,  622,  817,  434,  174,  334,  278,  355,  277,  112,  362,  786,  634,  711,  689,  753,  288,  544,  593,  822,  349,   92,  660,  396,  294,  659,  449,  710,  412,  617,  452,  416,  713,  866,  208,  222,  370,  414,  695,  890,  227,  204,  484,  776,  615,  768,  312,  621,  705,  517,  349],
        [  521,    0,  814,  439,  346,  256,    0,  352,  522,  281,  507,  317,  825,  311,   51,  155,  305,  789, 1029,  588,  564,  342,  136,  578,  608,   96,  504,  128,  376,  702,  248, 1008,  780, 1156,  370,  681,  671,  378,  573,  596,   83,  144,  654,  827,  586,   90,  587,  490,  561,  305,  285,  518,  779,  727,  948,  659,  779,  148,  799,  722, 1044,  517,  224,  906,  466,  519,  669,  667,  949,  402,  866,  613,  661,  812, 1070,  235,  478,  520,  641,  937, 1076,  474,  388,  733,  754,  868,  777,  208,  872,  819,  412,  438],
        [  635,    0,  767,  105,   72,   98,  352,    0,  251,  437,  638,  518,  509,  255,  326,  290,   52,  441,  750,  398,  427,   70,  265,  537,  691,  336,  426,  234,  559,  626,  468,  814,  445,  892,  188,  372,  654,  567,  397,  611,  272,  496,  650,  847,  418,  269,  237,  211,  308,  333,  153,  350,  822,  636,  632,  736,  778,  379,  447,  580,  752,  331,  158,  574,  423,  217,  693,  389,  629,  466,  528,  429,  333,  709,  806,  278,  126,  360,  347,  613,  840,  150,  199,  398,  817,  523,  799,  397,  531,  694,  591,  373],
        [  884,    0, 1001,  286,  319,  316,  522,  251,    0,  677,  887,  754,  585,  505,  516,  515,  292,  435,  853,  607,  654,  319,  394,  780,  941,  542,  668,  397,  799,  858,  697,  986,  287, 1003,  432,  485,  897,  806,  613,  859,  443,  654,  895, 1091,  635,  434,  216,   40,  496,  582,  402,  574, 1069,  863,  694,  986, 1021,  597,  385,  793,  841,  551,  301,  609,  669,   57,  941,  539,  684,  716,  549,  637,  422,  930,  923,  521,  234,  587,  487,  662,  980,  320,  440,  453, 1066,  524, 1045,  627,  545,  907,  833,  619],
        [  242,    0,  551,  470,  385,  361,  281,  437,  677,    0,  232,   86,  758,  214,  239,  172,  389,  793,  901,  439,  381,  383,  378,  332,  328,  191,  297,  334,  123,  458,   75,  809,  874, 1004,  318,  623,  406,  130,  417,  325,  304,  326,  385,  548,  420,  314,  651,  638,  472,  135,  290,  374,  499,  490,  870,  379,  505,  134,  836,  514,  928,  386,  402,  857,  247,  651,  393,  575,  877,  136,  835,  454,  632,  572,  923,  160,  532,  368,  573,  872,  904,  481,  328,  707,  473,  851,  499,   73,  846,  591,  157,  247],
        [   32,    0,  411,  646,  576,  576,  507,  638,  887,  232,    0,  197,  843,  387,  468,  402,  595,  924,  921,  495,  415,  575,  609,  280,  120,  420,  329,  565,  139,  376,  263,  756, 1052,  995,  480,  727,  280,  142,  471,  201,  535,  519,  253,  354,  462,  545,  825,  847,  574,  306,  486,  451,  295,  413,  937,  166,  333,  361,  985,  482,  958,  473,  628,  949,  287,  854,  225,  660,  949,  178,  941,  495,  756,  480,  923,  369,  712,  439,  675,  949,  877,  644,  482,  826,  259,  966,  309,  303,  954,  516,  110,  325],
        [  218,    0,  570,  555,  468,  438,  317,  518,  754,   86,  197,    0,  838,  299,  284,  241,  469,  878,  971,  511,  448,  466,  431,  373,  311,  239,  359,  393,   61,  495,   69,  860,  957, 1068,  403,  705,  426,   62,  489,  341,  357,  324,  402,  542,  489,  368,  735,  716,  553,  219,  373,  449,  487,  529,  948,  360,  509,  176,  921,  567, 1000,  464,  470,  939,  309,  730,  396,  655,  956,  179,  918,  524,  716,  609,  989,  243,  616,  442,  655,  951,  963,  566,  413,  791,  454,  935,  495,  129,  929,  633,   95,  318],
        [  821,    0,  690,  405,  485,  587,  825,  509,  585,  758,  843,  838,    0,  558,  784,  702,  539,  199,  270,  349,  431,  490,  767,  586,  818,  770,  515,  727,  846,  571,  824,  473,  465,  420,  466,  144,  669,  856,  373,  690,  756,  962,  685,  838,  383,  755,  369,  567,  287,  624,  542,  396,  852,  550,  124,  840,  763,  783,  298,  444,  256,  377,  665,  108,  558,  531,  746,  185,  125,  686,  123,  353,  178,  569,  344,  638,  401,  407,  189,  115,  419,  361,  450,  133,  877,  166,  809,  764,  139,  523,  863,  529],
        [  381,    0,  549,  264,  190,  212,  311,  255,  505,  214,  387,  299,  558,    0,  261,  161,  217,  580,  731,  279,  256,  189,  328,  307,  437,  231,  210,  274,  326,  419,  270,  698,  670,  851,  105,  418,  420,  335,  263,  365,  274,  427,  411,  605,  275,  280,  445,  466,  274,   85,  105,  209,  574,  438,  675,  482,  542,  230,  623,  417,  751,  210,  290,  653,  187,  470,  448,  381,  680,  212,  627,  303,  421,  520,  766,   84,  328,  210,  370,  672,  766,  269,  115,  496,  566,  640,  557,  208,  636,  520,  353,  144],
        [  481,    0,  765,  407,  311,  229,   51,  326,  516,  239,  468,  284,  784,  261,    0,  104,  277,  757,  983,  539,  513,  308,  150,  528,  566,   49,  453,  122,  342,  651,  215,  958,  763, 1108,  324,  640,  623,  345,  524,  548,   78,  179,  606,  781,  536,   89,  563,  482,  516,  255,  243,  469,  735,  677,  906,  617,  732,  109,  772,  672,  999,  468,  216,  868,  415,  507,  623,  622,  908,  354,  830,  564,  623,  761, 1022,  184,  449,  470,  599,  896, 1027,  438,  342,  696,  711,  833,  731,  167,  836,  768,  378,  387],
        [  409,    0,  667,  350,  255,  202,  155,  290,  515,  172,  402,  241,  702,  161,  104,    0,  239,  696,  890,  439,  411,  252,  213,  428,  488,   71,  350,  165,  291,  550,  182,  855,  735, 1011,  237,  560,  527,  297,  423,  455,  142,  267,  511,  693,  434,  151,  521,  478,  426,  153,  168,  369,  650,  575,  823,  538,  639,   91,  722,  568,  908,  370,  231,  791,  313,  495,  533,  533,  826,  265,  759,  463,  550,  659,  926,   81,  403,  370,  515,  816,  927,  374,  254,  625,  631,  766,  643,  113,  766,  665,  327,  284],
        [  593,    0,  745,  138,   62,   51,  305,   52,  292,  389,  595,  469,  539,  217,  277,  239,    0,  485,  772,  393,  413,   58,  228,  510,  652,  285,  401,  191,  511,  607,  418,  817,  497,  911,  167,  399,  627,  518,  390,  578,  227,  449,  620,  817,  410,  224,  287,  253,  317,  291,  112,  339,  789,  619,  663,  698,  750,  328,  496,  571,  777,  323,  130,  611,  393,  263,  661,  407,  662,  425,  567,  424,  367,  695,  824,  231,  173,  348,  369,  647,  852,  179,  181,  435,  782,  565,  769,  346,  571,  684,  544,  344],
        [  908,    0,  846,  351,  447,  535,  789,  441,  435,  793,  924,  878,  199,  580,  757,  696,  485,    0,  456,  458,  539,  450,  703,  700,  924,  756,  607,  674,  898,  714,  848,  670,  268,  605,  476,  212,  800,  908,  478,  803,  712,  933,  810,  983,  495,  708,  232,  427,  354,  660,  528,  480,  987,  700,  275,  953,  907,  784,  100,  599,  431,  455,  594,  180,  640,  386,  870,  295,  261,  753,  118,  473,  169,  734,  534,  648,  316,  493,  259,  237,  616,  323,  466,  107, 1005,   90,  948,  781,  111,  694,  921,  600],
        [  894,    0,  646,  646,  712,  815, 1029,  750,  853,  901,  921,  971,  270,  731,  983,  890,  772,  456,    0,  463,  525,  717,  995,  642,  863,  960,  614,  949,  963,  573,  974,  298,  722,  151,  660,  381,  684,  973,  485,  735,  970, 1156,  707,  807,  483,  972,  637,  833,  469,  779,  747,  531,  840,  541,  189,  869,  742,  959,  550,  446,   52,  524,  901,  289,  665,  798,  765,  367,  208,  799,  348,  448,  436,  518,   81,  815,  656,  535,  403,  233,  182,  600,  642,  402,  878,  392,  793,  927,  361,  467,  971,  655],
        [  473,    0,  410,  324,  334,  422,  588,  398,  607,  439,  495,  511,  349,  279,  539,  439,  393,  458,  463,    0,   84,  337,  584,  244,  473,  509,  167,  532,  509,  269,  511,  430,  651,  575,  237,  247,  344,  520,   25,  348,  542,  704,  353,  532,   38,  546,  446,  572,  120,  316,  324,   71,  531,  264,  445,  499,  456,  501,  537,  187,  490,   74,  513,  455,  213,  555,  413,  170,  456,  346,  453,   32,  294,  324,  490,  360,  375,   73,  199,  455,  488,  287,  219,  352,  548,  483,  494,  465,  467,  301,  522,  194],
        [  392,    0,  349,  369,  358,  433,  564,  427,  654,  381,  415,  448,  431,  256,  513,  411,  413,  539,  525,   84,    0,  361,  579,  162,  390,  478,   91,  525,  440,  206,  456,  445,  722,  624,  247,  330,  266,  450,   61,  266,  529,  669,  274,  458,   49,  534,  510,  617,  192,  272,  326,   81,  453,  210,  523,  416,  383,  460,  616,  163,  556,  105,  522,  538,  141,  605,  333,  253,  535,  275,  536,   81,  373,  283,  542,  330,  426,   68,  280,  536,  525,  339,  232,  434,  468,  566,  418,  417,  550,  273,  449,  136],
        [  570,    0,  698,  100,    5,   99,  342,   70,  319,  383,  575,  466,  490,  189,  308,  252,   58,  450,  717,  337,  361,    0,  280,  467,  623,  307,  356,  238,  503,  558,  421,  760,  492,  854,  118,  348,  585,  511,  335,  541,  268,  484,  580,  777,  355,  267,  272,  279,  259,  270,   94,  285,  752,  568,  613,  668,  708,  342,  471,  516,  724,  268,  186,  566,  353,  281,  624,  351,  613,  400,  525,  368,  320,  643,  768,  224,  152,  295,  315,  599,  795,  133,  130,  391,  748,  526,  730,  350,  530,  630,  534,  303],
        [  619,    0,  870,  365,  284,  181,  136,  265,  394,  378,  609,  431,  767,  328,  150,  213,  228,  703,  995,  584,  579,  280,    0,  628,  700,  193,  537,   55,  488,  745,  363, 1013,  662, 1130,  348,  626,  734,  492,  574,  666,   75,  261,  720,  905,  590,   65,  486,  365,  530,  356,  260,  519,  863,  765,  891,  750,  849,  256,  700,  742, 1003,  510,  111,  837,  509,  396,  744,  628,  890,  477,  792,  613,  594,  848, 1043,  276,  388,  524,  594,  874, 1063,  407,  367,  661,  843,  787,  855,  309,  795,  847,  524,  470],
        [  252,    0,  243,  500,  466,  516,  578,  537,  780,  332,  280,  373,  586,  307,  528,  428,  510,  700,  642,  244,  162,  467,  628,    0,  233,  483,  113,  574,  345,  127,  404,  491,  876,  717,  349,  491,  118,  354,  223,  105,  565,  653,  118,  313,  207,  573,  658,  741,  351,  275,  405,  228,  298,  158,  670,  255,  242,  446,  776,  205,  680,  255,  597,  693,  121,  735,  173,  413,  683,  198,  695,  235,  534,  241,  644,  354,  563,  214,  441,  687,  603,  479,  340,  595,  308,  727,  268,  390,  710,  261,  343,  167],
        [   94,    0,  301,  682,  623,  642,  608,  691,  941,  328,  120,  311,  818,  437,  566,  488,  652,  924,  863,  473,  390,  623,  700,  233,    0,  518,  317,  652,  255,  296,  372,  670, 1078,  922,  516,  718,  187,  259,  450,  131,  627,  634,  161,  234,  437,  637,  854,  902,  571,  366,  541,  445,  177,  331,  901,   51,  216,  461,  994,  417,  904,  470,  705,  925,  290,  904,  116,  643,  915,  231,  926,  466,  756,  387,  855,  440,  747,  431,  667,  919,  799,  671,  514,  821,  146,  956,  190,  401,  940,  428,  229,  338],
        [  432,    0,  719,  406,  310,  240,   96,  336,  542,  191,  420,  239,  770,  231,   49,   71,  285,  756,  960,  509,  478,  307,  193,  483,  518,    0,  413,  158,  296,  608,  171,  922,  778, 1081,  306,  627,  576,  299,  492,  501,  119,  197,  559,  733,  503,  130,  571,  506,  495,  213,  231,  438,  687,  634,  891,  568,  684,   63,  777,  633,  978,  440,  244,  857,  373,  528,  575,  603,  894,  307,  823,  532,  614,  719,  996,  150,  454,  439,  583,  883,  996,  434,  323,  689,  663,  828,  683,  118,  830,  727,  332,  348],
        [  307,    0,  345,  388,  355,  411,  504,  426,  668,  297,  329,  359,  515,  210,  453,  350,  401,  607,  614,  167,   91,  356,  537,  113,  317,  413,    0,  483,  350,  210,  372,  516,  769,  710,  239,  403,  230,  360,  143,  203,  479,  598,  229,  425,  137,  486,  548,  629,  254,  201,  300,  128,  408,  229,  611,  350,  354,  388,  677,  223,  646,  153,  495,  621,   51,  622,  281,  333,  622,  185,  615,  171,  439,  312,  630,  270,  451,  114,  352,  622,  607,  368,  229,  505,  414,  642,  380,  340,  628,  316,  359,   67],
        [  573,    0,  816,  329,  242,  142,  128,  234,  397,  334,  565,  393,  727,  274,  122,  165,  191,  674,  949,  532,  525,  238,   55,  574,  652,  158,  483,    0,  449,  691,  327,  960,  653, 1082,  297,  585,  681,  453,  521,  614,   46,  268,  667,  854,  537,   39,  465,  364,  482,  304,  208,  466,  813,  711,  851,  702,  797,  219,  678,  688,  958,  458,   97,  801,  455,  392,  693,  582,  850,  427,  758,  560,  557,  794,  996,  223,  359,  471,  550,  836, 1013,  368,  316,  626,  795,  755,  804,  267,  762,  793,  484,  416],
        [  161,    0,  526,  587,  505,  484,  376,  559,  799,  123,  139,   61,  846,  326,  342,  291,  511,  898,  963,  509,  440,  503,  488,  345,  255,  296,  350,  449,    0,  462,  129,  835,  993, 1053,  429,  718,  384,   11,  486,  299,  414,  381,  359,  488,  484,  424,  768,  761,  563,  242,  410,  452,  431,  497,  952,  303,  459,  234,  947,  546,  995,  469,  522,  949,  299,  773,  347,  662,  961,  165,  932,  518,  734,  574,  976,  281,  650,  443,  666,  958,  944,  594,  436,  808,  397,  952,  442,  182,  944,  602,   36,  319],
        [  346,    0,  144,  573,  556,  619,  702,  626,  858,  458,  376,  495,  571,  419,  651,  550,  607,  714,  573,  269,  206,  558,  745,  127,  296,  608,  210,  691,  462,    0,  530,  380,  919,  627,  441,  503,  112,  471,  255,  176,  685,  780,  136,  269,  234,  692,  712,  821,  388,  398,  509,  286,  282,   37,  634,  297,  194,  573,  800,  132,  616,  310,  705,  675,  238,  810,  192,  420,  650,  324,  689,  246,  558,  115,  561,  474,  631,  272,  460,  658,  505,  544,  428,  608,  312,  725,  239,  517,  704,  141,  456,  276],
        [  281,    0,  616,  515,  424,  383,  248,  468,  697,   75,  263,   69,  824,  270,  215,  182,  418,  848,  974,  511,  456,  421,  363,  404,  372,  171,  372,  327,  129,  530,    0,  884,  911, 1079,  373,  686,  471,  131,  490,  388,  290,  264,  449,  601,  494,  300,  692,  659,  537,  200,  330,  445,  548,  562,  937,  422,  563,  109,  885,  589, 1000,  456,  408,  921,  322,  676,  450,  643,  944,  207,  897,  527,  691,  644,  997,  202,  573,  440,  637,  938,  978,  531,  384,  766,  517,  910,  552,   72,  906,  664,  164,  321],
        [  726,    0,  399,  724,  756,  849, 1008,  814,  986,  809,  756,  860,  473,  698,  958,  855,  817,  670,  298,  430,  445,  760, 1013,  491,  670,  922,  516,  960,  835,  380,  884,    0,  931,  277,  666,  510,  483,  844,  440,  556,  969, 1112,  510,  554,  425,  973,  786,  957,  506,  714,  753,  495,  600,  344,  454,  661,  501,  902,  769,  295,  349,  503,  941,  541,  564,  930,  557,  447,  475,  682,  586,  401,  578,  284,  242,  774,  759,  491,  500,  495,  147,  680,  648,  582,  644,  632,  553,  855,  602,  242,  832,  577],
        [ 1042,    0, 1059,  407,  490,  538,  780,  445,  287,  874, 1052,  957,  465,  670,  763,  735,  497,  268,  722,  651,  722,  492,  662,  876, 1078,  778,  769,  653,  993,  919,  911,  931,    0,  869,  572,  436,  988, 1001,  667,  972,  698,  919,  993, 1180,  687,  691,  227,  304,  532,  754,  585,  649, 1173,  912,  538, 1116, 1105,  824,  174,  820,  695,  622,  558,  439,  789,  268, 1048,  517,  522,  874,  377,  674,  371,  960,  801,  715,  343,  663,  468,  497,  883,  409,  570,  349, 1182,  336, 1140,  840,  366,  925, 1022,  741],
        [  966,    0,  670,  790,  850,  952, 1156,  892, 1003, 1004,  995, 1068,  420,  851, 1108, 1011,  911,  605,  151,  575,  624,  854, 1130,  717,  922, 1081,  710, 1082, 1053,  627, 1079,  277,  869,    0,  789,  528,  737, 1063,  594,  799, 1101, 1277,  762,  828,  587, 1103,  788,  983,  600,  889,  877,  645,  871,  592,  333,  920,  771, 1075,  696,  514,  176,  642, 1040,  433,  760,  948,  815,  504,  350,  891,  493,  554,  585,  548,   87,  933,  803,  646,  545,  375,  131,  743,  770,  553,  913,  536,  824, 1037,  505,  501, 1057,  758],
        [  472,    0,  580,  167,  117,  187,  370,  188,  432,  318,  480,  403,  466,  105,  324,  237,  167,  476,  660,  237,  247,  118,  348,  349,  516,  306,  239,  297,  429,  441,  373,  666,  572,  789,    0,  323,  467,  438,  229,  427,  313,  500,  463,  660,  248,  316,  346,  393,  192,  188,   90,  176,  637,  452,  586,  559,  591,  319,  519,  407,  675,  164,  278,  557,  238,  390,  509,  298,  589,  303,  527,  267,  320,  529,  703,  175,  232,  184,  278,  580,  716,  166,   19,  395,  636,  539,  613,  307,  536,  519,  456,  187],
        [  708,    0,  636,  268,  343,  446,  681,  372,  485,  623,  727,  705,  144,  418,  640,  560,  399,  212,  381,  247,  330,  348,  626,  491,  718,  627,  403,  585,  718,  503,  686,  510,  436,  528,  323,    0,  588,  728,  269,  595,  613,  818,  599,  771,  285,  613,  277,  461,  156,  489,  398,  278,  775,  490,  267,  745,  695,  642,  298,  391,  381,  255,  527,  235,  441,  429,  660,   84,  268,  563,  216,  261,   69,  529,  444,  497,  276,  290,   53,  257,  495,  223,  308,  106,  794,  240,  737,  625,  228,  491,  737,  406],
        [  249,    0,  146,  618,  583,  631,  671,  654,  897,  406,  280,  426,  669,  420,  623,  527,  627,  800,  684,  344,  266,  585,  734,  118,  187,  576,  230,  681,  384,  112,  471,  483,  988,  737,  467,  588,    0,  392,  325,   86,  667,  732,   28,  195,  306,  676,  772,  859,  458,  378,  520,  340,  188,  146,  739,  186,  124,  532,  880,  241,  727,  366,  710,  775,  235,  852,   82,  507,  755,  273,  784,  327,  637,  202,  672,  458,  680,  326,  541,  761,  613,  595,  458,  694,  208,  819,  153,  473,  799,  242,  372,  283],
        [  165,    0,  533,  596,  513,  490,  378,  567,  806,  130,  142,   62,  856,  335,  345,  297,  518,  908,  973,  520,  450,  511,  492,  354,  259,  299,  360,  453,   11,  471,  131,  844, 1001, 1063,  438,  728,  392,    0,  496,  307,  417,  379,  367,  493,  494,  428,  777,  768,  573,  251,  418,  462,  435,  506,  962,  306,  465,  237,  956,  555, 1005,  480,  527,  959,  310,  781,  353,  672,  971,  176,  942,  529,  744,  583,  986,  289,  659,  453,  676,  968,  954,  604,  446,  818,  400,  962,  447,  186,  954,  611,   34,  329],
        [  449,    0,  397,  328,  332,  416,  573,  397,  613,  417,  471,  489,  373,  263,  524,  423,  390,  478,  485,   25,   61,  335,  574,  223,  450,  492,  143,  521,  486,  255,  490,  440,  667,  594,  229,  269,  325,  496,    0,  326,  530,  687,  333,  515,   22,  534,  458,  577,  135,  296,  315,   56,  512,  253,  469,  477,  439,  482,  556,  184,  512,   68,  507,  479,  189,  562,  393,  193,  480,  322,  476,   41,  313,  317,  510,  343,  382,   54,  219,  479,  504,  294,  212,  373,  528,  506,  476,  445,  490,  298,  498,  171],
        [  171,    0,  229,  586,  540,  577,  596,  611,  859,  325,  201,  341,  690,  365,  548,  455,  578,  803,  735,  348,  266,  541,  666,  105,  131,  501,  203,  614,  299,  176,  388,  556,  972,  799,  427,  595,   86,  307,  326,    0,  597,  649,   62,  242,  312,  606,  751,  819,  452,  311,  469,  327,  211,  212,  771,  151,  185,  454,  877,  290,  775,  354,  650,  797,  190,  816,   83,  518,  785,  195,  800,  339,  636,  281,  730,  391,  650,  313,  545,  789,  679,  569,  421,  699,  212,  831,  193,  393,  814,  315,  288,  240],
        [  545,    0,  806,  363,  273,  177,   83,  272,  443,  304,  535,  357,  756,  274,   78,  142,  227,  712,  970,  542,  529,  268,   75,  565,  627,  119,  479,   46,  414,  685,  290,  969,  698, 1101,  313,  613,  667,  417,  530,  597,    0,  225,  652,  835,  545,   11,  506,  410,  502,  291,  225,  474,  792,  707,  879,  677,  781,  181,  719,  690,  982,  469,  143,  833,  447,  437,  675,  605,  880,  406,  792,  569,  588,  791, 1015,  212,  398,  478,  576,  866, 1027,  400,  332,  659,  771,  791,  785,  234,  797,  793,  450,  412],
        [  541,    0,  877,  582,  488,  399,  144,  496,  654,  326,  519,  324,  962,  427,  179,  267,  449,  933, 1156,  704,  669,  484,  261,  653,  634,  197,  598,  268,  381,  780,  264, 1112,  919, 1277,  500,  818,  732,  379,  687,  649,  225,    0,  710,  864,  697,  230,  731,  625,  691,  399,  421,  634,  810,  809, 1084,  683,  826,  210,  943,  820, 1174,  636,  362, 1046,  553,  656,  714,  798, 1086,  461, 1008,  727,  801,  893, 1192,  345,  621,  634,  776, 1075, 1190,  616,  518,  874,  777, 1010,  816,  263, 1014,  907,  412,  536],
        [  222,    0,  168,  617,  579,  622,  654,  650,  895,  385,  253,  402,  685,  411,  606,  511,  620,  810,  707,  353,  274,  580,  720,  118,  161,  559,  229,  667,  359,  136,  449,  510,  993,  762,  463,  599,   28,  367,  333,   62,  652,  710,    0,  197,  316,  661,  775,  856,  465,  364,  512,  344,  181,  171,  758,  163,  131,  513,  889,  262,  749,  371,  699,  791,  228,  851,   62,  519,  773,  253,  798,  339,  646,  229,  696,  444,  680,  330,  552,  779,  639,  596,  455,  704,  195,  832,  151,  453,  813,  268,  346,  278],
        [  328,    0,  161,  812,  776,  817,  827,  847, 1091,  548,  354,  542,  838,  605,  781,  693,  817,  983,  807,  532,  458,  777,  905,  313,  234,  733,  425,  854,  488,  269,  601,  554, 1180,  828,  660,  771,  195,  493,  515,  242,  835,  864,  197,    0,  495,  844,  966, 1053,  649,  552,  708,  534,   65,  288,  893,  191,   77,  681, 1067,  394,  854,  560,  892,  941,  425, 1047,  161,  688,  910,  429,  957,  512,  824,  290,  778,  632,  875,  520,  727,  920,  698,  790,  652,  876,  115,  994,   51,  620,  972,  340,  463,  474],
        [  440,    0,  376,  350,  352,  434,  586,  418,  635,  420,  462,  489,  383,  275,  536,  434,  410,  495,  483,   38,   49,  355,  590,  207,  437,  503,  137,  537,  484,  234,  494,  425,  687,  587,  248,  285,  306,  494,   22,  312,  545,  697,  316,  495,    0,  549,  480,  599,  155,  303,  332,   73,  494,  231,  475,  462,  419,  490,  574,  163,  512,   88,  525,  490,  185,  584,  376,  207,  487,  319,  489,   35,  331,  296,  504,  354,  404,   67,  236,  488,  494,  316,  231,  389,  510,  520,  457,  451,  503,  277,  495,  173],
        [  555,    0,  814,  361,  271,  174,   90,  269,  434,  314,  545,  368,  755,  280,   89,  151,  224,  708,  972,  546,  534,  267,   65,  573,  637,  130,  486,   39,  424,  692,  300,  973,  691, 1103,  316,  613,  676,  428,  534,  606,   11,  230,  661,  844,  549,    0,  501,  402,  504,  299,  227,  479,  801,  714,  879,  687,  790,  192,  714,  696,  983,  473,  135,  832,  454,  430,  684,  606,  879,  416,  790,  574,  587,  797, 1017,  220,  394,  483,  576,  866, 1030,  399,  334,  657,  781,  789,  794,  244,  795,  799,  460,  419],
        [  816,    0,  855,  181,  269,  334,  587,  237,  216,  651,  825,  735,  369,  445,  563,  521,  287,  232,  637,  446,  510,  272,  486,  658,  854,  571,  548,  465,  768,  712,  692,  786,  227,  788,  346,  277,  772,  777,  458,  751,  506,  731,  775,  966,  480,  501,    0,  200,  326,  529,  363,  433,  955,  710,  479,  893,  892,  611,  214,  626,  625,  407,  376,  398,  565,  162,  829,  342,  470,  648,  340,  473,  211,  766,  708,  493,  120,  447,  289,  449,  769,  184,  344,  237,  962,  321,  924,  621,  338,  737,  797,  517],
        [  845,    0,  964,  250,  280,  278,  490,  211,   40,  638,  847,  716,  567,  466,  482,  478,  253,  427,  833,  572,  617,  279,  365,  741,  902,  506,  629,  364,  761,  821,  659,  957,  304,  983,  393,  461,  859,  768,  577,  819,  410,  625,  856, 1053,  599,  402,  200,    0,  463,  543,  363,  537, 1030,  826,  679,  946,  982,  560,  385,  758,  823,  515,  268,  597,  630,   42,  902,  511,  670,  676,  539,  602,  399,  894,  901,  482,  201,  550,  459,  649,  955,  286,  401,  435, 1027,  516, 1006,  589,  536,  873,  794,  580],
        [  556,    0,  530,  220,  255,  355,  561,  308,  496,  472,  574,  553,  287,  274,  516,  426,  317,  354,  469,  120,  192,  259,  530,  351,  571,  495,  254,  482,  563,  388,  537,  506,  532,  600,  192,  156,  458,  573,  135,  452,  502,  691,  465,  649,  155,  504,  326,  463,    0,  338,  278,  127,  645,  384,  402,  602,  573,  502,  426,  301,  484,  102,  444,  387,  288,  442,  523,  108,  407,  408,  371,  147,  185,  441,  514,  356,  263,  140,  104,  401,  536,  178,  174,  253,  658,  393,  610,  479,  383,  414,  582,  251],
        [  303,    0,  516,  348,  271,  277,  305,  333,  582,  135,  306,  219,  624,   85,  255,  153,  291,  660,  779,  316,  272,  270,  356,  275,  366,  213,  201,  304,  242,  398,  200,  714,  754,  889,  188,  489,  378,  251,  296,  311,  291,  399,  364,  552,  303,  299,  529,  543,  338,    0,  181,  248,  515,  423,  738,  414,  494,  189,  706,  422,  803,  257,  342,  723,  161,  549,  392,  443,  744,  136,  701,  335,  498,  507,  806,   81,  412,  244,  439,  738,  796,  353,  195,  573,  502,  717,  502,  149,  711,  515,  269,  138],
        [  482,    0,  644,  186,   96,  112,  285,  153,  402,  290,  486,  373,  542,  105,  243,  168,  112,  528,  747,  324,  326,   94,  260,  405,  541,  231,  300,  208,  410,  509,  330,  753,  585,  877,   90,  398,  520,  418,  315,  469,  225,  421,  512,  708,  332,  227,  363,  363,  278,  181,    0,  260,  678,  524,  664,  587,  643,  257,  558,  488,  760,  251,  198,  627,  286,  369,  551,  382,  666,  314,  592,  353,  384,  604,  791,  131,  244,  267,  357,  655,  805,  206,  108,  458,  671,  599,  660,  259,  600,  597,  441,  238],
        [  431,    0,  429,  289,  282,  362,  518,  350,  574,  374,  451,  449,  396,  209,  469,  369,  339,  480,  531,   71,   81,  285,  519,  228,  445,  438,  128,  466,  452,  286,  445,  495,  649,  645,  176,  278,  340,  462,   56,  327,  474,  634,  344,  534,   73,  479,  433,  537,  127,  248,  260,    0,  525,  290,  501,  476,  459,  431,  551,  233,  556,   27,  453,  501,  164,  525,  401,  212,  510,  290,  491,   96,  311,  361,  560,  290,  347,   15,  226,  507,  558,  260,  159,  378,  535,  517,  492,  396,  504,  346,  467,  134],
        [  270,    0,  202,  795,  751,  786,  779,  822, 1069,  499,  295,  487,  852,  574,  735,  650,  789,  987,  840,  531,  453,  752,  863,  298,  177,  687,  408,  813,  431,  282,  548,  600, 1173,  871,  637,  775,  188,  435,  512,  211,  792,  810,  181,   65,  494,  801,  955, 1030,  645,  515,  678,  525,    0,  307,  914,  130,  100,  633, 1067,  412,  886,  551,  857,  957,  400, 1027,  129,  694,  931,  386,  968,  514,  824,  325,  816,  594,  858,  510,  729,  939,  742,  776,  631,  880,   51, 1004,   48,  572,  984,  375,  405,  451],
        [  382,    0,  148,  578,  566,  634,  727,  636,  863,  490,  413,  529,  550,  438,  677,  575,  619,  700,  541,  264,  210,  568,  765,  158,  331,  634,  229,  711,  497,   37,  562,  344,  912,  592,  452,  490,  146,  506,  253,  212,  707,  809,  171,  288,  231,  714,  710,  826,  384,  423,  524,  290,  307,    0,  608,  331,  214,  601,  788,  107,  585,  313,  721,  653,  262,  813,  226,  406,  624,  356,  669,  239,  547,   85,  526,  497,  634,  278,  449,  633,  469,  546,  439,  594,  340,  707,  262,  546,  685,  105,  491,  296],
        [  913,    0,  737,  528,  609,  711,  948,  632,  694,  870,  937,  948,  124,  675,  906,  823,  663,  275,  189,  445,  523,  613,  891,  670,  901,  891,  611,  851,  952,  634,  937,  454,  538,  333,  586,  267,  739,  962,  469,  771,  879, 1084,  758,  893,  475,  879,  479,  679,  402,  738,  664,  501,  914,  608,    0,  917,  821,  902,  365,  503,  158,  485,  788,  101,  657,  641,  819,  295,   21,  789,  162,  442,  300,  610,  270,  756,  522,  509,  308,   44,  365,  485,  569,  245,  945,  204,  870,  880,  173,  561,  966,  634],
        [  143,    0,  278,  723,  668,  689,  659,  736,  986,  379,  166,  360,  840,  482,  617,  538,  698,  953,  869,  499,  416,  668,  750,  255,   51,  568,  350,  702,  303,  297,  422,  661, 1116,  920,  559,  745,  186,  306,  477,  151,  677,  683,  163,  191,  462,  687,  893,  946,  602,  414,  587,  476,  130,  331,  917,    0,  184,  512, 1026,  424,  911,  502,  754,  947,  328,  947,  106,  668,  932,  279,  950,  489,  786,  377,  856,  489,  788,  462,  695,  937,  795,  710,  555,  849,   96,  981,  150,  451,  964,  421,  276,  377],
        [  304,    0,  104,  740,  707,  753,  779,  778, 1021,  505,  333,  509,  763,  542,  732,  639,  750,  907,  742,  456,  383,  708,  849,  242,  216,  684,  354,  797,  459,  194,  563,  501, 1105,  771,  591,  695,  124,  465,  439,  185,  781,  826,  131,   77,  419,  790,  892,  982,  573,  494,  643,  459,  100,  214,  821,  184,    0,  636,  991,  320,  788,  485,  830,  867,  358,  975,  113,  612,  838,  378,  882,  436,  748,  226,  717,  574,  802,  445,  651,  847,  643,  717,  582,  800,  144,  919,   53,  575,  897,  276,  439,  407],
        [  374,    0,  676,  440,  345,  288,  148,  379,  597,  134,  361,  176,  783,  230,  109,   91,  328,  784,  959,  501,  460,  342,  256,  446,  461,   63,  388,  219,  234,  573,  109,  902,  824, 1075,  319,  642,  532,  237,  482,  454,  181,  210,  513,  681,  490,  192,  611,  560,  502,  189,  257,  431,  633,  601,  902,  512,  636,    0,  812,  610,  980,  436,  303,  875,  344,  580,  525,  610,  907,  260,  844,  522,  636,  685,  990,  147,  493,  429,  595,  898,  984,  462,  335,  711,  607,  853,  632,   62,  853,  698,  270,  326],
        [  970,    0,  934,  373,  468,  544,  799,  447,  385,  836,  985,  921,  298,  623,  772,  722,  496,  100,  550,  537,  616,  471,  700,  776,  994,  777,  677,  678,  947,  800,  885,  769,  174,  696,  519,  298,  880,  956,  556,  877,  719,  943,  889, 1067,  574,  714,  214,  385,  426,  706,  558,  551, 1067,  788,  365, 1026,  991,  812,    0,  689,  522,  525,  590,  266,  706,  343,  948,  382,  349,  810,  204,  555,  243,  826,  629,  684,  323,  564,  340,  324,  713,  355,  511,  198, 1083,  163, 1030,  816,  193,  787,  973,  662],
        [  453,    0,  248,  510,  514,  593,  722,  580,  793,  514,  482,  567,  444,  417,  672,  568,  571,  599,  446,  187,  163,  516,  742,  205,  417,  633,  223,  688,  546,  132,  589,  295,  820,  514,  407,  391,  241,  555,  184,  290,  690,  820,  262,  394,  163,  696,  626,  758,  301,  422,  488,  233,  412,  107,  503,  424,  320,  610,  689,    0,  488,  250,  684,  547,  269,  741,  322,  307,  519,  389,  564,  157,  451,  141,  441,  488,  561,  224,  353,  528,  399,  473,  391,  493,  443,  603,  368,  561,  580,  115,  546,  286],
        [  931,    0,  694,  648,  719,  822, 1044,  752,  841,  928,  958, 1000,  256,  751,  999,  908,  777,  431,   52,  490,  556,  724, 1003,  680,  904,  978,  646,  958,  995,  616, 1000,  349,  695,  176,  675,  381,  727, 1005,  512,  775,  982, 1174,  749,  854,  512,  983,  625,  823,  484,  803,  760,  556,  886,  585,  158,  911,  788,  980,  522,  488,    0,  546,  906,  257,  696,  786,  808,  378,  174,  830,  319,  477,  430,  565,  124,  835,  653,  561,  409,  200,  230,  603,  657,  389,  923,  361,  840,  950,  330,  515, 1004,  683],
        [  455,    0,  453,  266,  265,  349,  517,  331,  551,  386,  473,  464,  377,  210,  468,  370,  323,  455,  524,   74,  105,  268,  510,  255,  470,  440,  153,  458,  469,  310,  456,  503,  622,  642,  164,  255,  366,  480,   68,  354,  469,  636,  371,  560,   88,  473,  407,  515,  102,  257,  251,   27,  551,  313,  485,  502,  485,  436,  525,  250,  546,    0,  441,  481,  187,  501,  427,  193,  493,  310,  469,  103,  286,  381,  556,  293,  322,   41,  203,  489,  559,  235,  146,  354,  562,  494,  518,  404,  482,  364,  486,  153],
        [  633,    0,  838,  261,  190,   92,  224,  158,  301,  402,  628,  470,  665,  290,  216,  231,  130,  594,  901,  513,  522,  186,  111,  597,  705,  244,  495,   97,  522,  705,  408,  941,  558, 1040,  278,  527,  710,  527,  507,  650,  143,  362,  699,  892,  525,  135,  376,  268,  444,  342,  198,  453,  857,  721,  788,  754,  830,  303,  590,  684,  906,  441,    0,  731,  476,  295,  732,  536,  786,  475,  684,  543,  490,  801,  953,  265,  279,  461,  498,  770,  980,  305,  295,  555,  843,  678,  842,  342,  687,  794,  557,  432],
        [  927,    0,  790,  473,  561,  660,  906,  574,  609,  857,  949,  939,  108,  653,  868,  791,  611,  180,  289,  455,  538,  566,  837,  693,  925,  857,  621,  801,  949,  675,  921,  541,  439,  433,  557,  235,  775,  959,  479,  797,  833, 1046,  791,  941,  490,  832,  398,  597,  387,  723,  627,  501,  957,  653,  101,  947,  867,  875,  266,  547,  257,  481,  731,    0,  664,  558,  853,  290,   84,  791,   63,  460,  246,  667,  370,  731,  457,  512,  285,   58,  462,  434,  542,  177,  983,  104,  914,  860,   74,  620,  967,  633],
        [  268,    0,  363,  397,  352,  396,  466,  423,  669,  247,  287,  309,  558,  187,  415,  313,  393,  640,  665,  213,  141,  353,  509,  121,  290,  373,   51,  455,  299,  238,  322,  564,  789,  760,  238,  441,  235,  310,  189,  190,  447,  553,  228,  425,  185,  454,  565,  630,  288,  161,  286,  164,  400,  262,  657,  328,  358,  344,  706,  269,  696,  187,  476,  664,    0,  627,  272,  375,  668,  135,  655,  220,  472,  347,  680,  236,  462,  153,  389,  667,  657,  383,  231,  540,  400,  680,  377,  293,  668,  355,  310,   51],
        [  850,    0,  953,  237,  281,  294,  519,  217,   57,  651,  854,  730,  531,  470,  507,  495,  263,  386,  798,  555,  605,  281,  396,  735,  904,  528,  622,  392,  773,  810,  676,  930,  268,  948,  390,  429,  852,  781,  562,  816,  437,  656,  851, 1047,  584,  430,  162,   42,  442,  549,  369,  525, 1027,  813,  641,  947,  975,  580,  343,  741,  786,  501,  295,  558,  627,    0,  898,  483,  631,  681,  499,  585,  366,  878,  867,  493,  181,  538,  431,  610,  924,  268,  396,  398, 1026,  475, 1001,  606,  495,  855,  806,  577],
        [  195,    0,  187,  667,  623,  659,  669,  693,  941,  393,  225,  396,  746,  448,  623,  533,  661,  870,  765,  413,  333,  624,  744,  173,  116,  575,  281,  693,  347,  192,  450,  557, 1048,  815,  509,  660,   82,  353,  393,   83,  675,  714,   62,  161,  376,  684,  829,  902,  523,  392,  551,  401,  129,  226,  819,  106,  113,  525,  948,  322,  808,  427,  732,  853,  272,  898,    0,  580,  834,  269,  859,  400,  705,  274,  751,  472,  731,  386,  611,  840,  690,  648,  502,  765,  135,  893,  111,  464,  874,  317,  328,  322],
