{
    "name": "random-78-21594",
    "comment": "size=78 seed=21594",
    "nodes": ["+0", "-0", "+1", "-1", "+2", "-2", "+3", "-3", "+4", "-4", "+5", "-5", "+6", "-6", "+7", "-7", "+8", "-8", "+9", "-9", "+10", "-10", "+11", "-11", "+12", "-12", "+13", "-13", "+14", "-14", "+15", "-15", "+16", "-16", "+17", "-17", "+18", "-18", "+19", "-19", "+20", "-20", "+21", "-21", "+22", "-22", "+23", "-23", "+24", "-24", "+25", "-25", "+26", "-26", "+27", "-27", "+28", "-28", "+29", "-29", "+30", "-30", "+31", "-31", "+32", "-32", "+33", "-33", "+34", "-34", "+35", "-35", "+36", "-36", "+37", "-37", "+38", "-38", "+39", "-39", "+40", "-40", "+41", "-41", "+42", "-42", "+43", "-43", "+44", "-44", "+45", "-45", "+46", "-46", "+47", "-47", "+48", "-48", "+49", "-49", "+50", "-50", "+51", "-51", "+52", "-52", "+53", "-53", "+54", "-54", "+55", "-55", "+56", "-56", "+57", "-57", "+58", "-58", "+59", "-59", "+60", "-60", "+61", "-61", "+62", "-62", "+63", "-63", "+64", "-64", "+65", "-65", "+66", "-66", "+67", "-67", "+68", "-68", "+69", "-69", "+70", "-70", "+71", "-71", "+72", "-72", "+73", "-73", "+74", "-74", "+75", "-75", "+76", "-76", "+77", "-77", "+78", "-78"],
    "precedence": {
        "+0": "-0",
        "+1": "-1",
        "+2": "-2",
        "+3": "-3",
        "+4": "-4",
        "+5": "-5",
        "+6": "-6",
        "+7": "-7",
        "+8": "-8",
        "+9": "-9",
        "+10": "-10",
        "+11": "-11",
        "+12": "-12",
        "+13": "-13",
        "+14": "-14",
        "+15": "-15",
        "+16": "-16",
        "+17": "-17",
        "+18": "-18",
        "+19": "-19",
        "+20": "-20",
        "+21": "-21",
        "+22": "-22",
        "+23": "-23",
        "+24": "-24",
        "+25": "-25",
        "+26": "-26",
        "+27": "-27",
        "+28": "-28",
        "+29": "-29",
        "+30": "-30",
        "+31": "-31",
        "+32": "-32",
        "+33": "-33",
        "+34": "-34",
        "+35": "-35",
        "+36": "-36",
        "+37": "-37",
        "+38": "-38",
        "+39": "-39",
        "+40": "-40",
        "+41": "-41",
        "+42": "-42",
        "+43": "-43",
        "+44": "-44",
        "+45": "-45",
        "+46": "-46",
        "+47": "-47",
        "+48": "-48",
        "+49": "-49",
        "+50": "-50",
        "+51": "-51",
        "+52": "-52",
        "+53": "-53",
        "+54": "-54",
        "+55": "-55",
        "+56": "-56",
        "+57": "-57",
        "+58": "-58",
        "+59": "-59",
        "+60": "-60",
        "+61": "-61",
        "+62": "-62",
        "+63": "-63",
        "+64": "-64",
        "+65": "-65",
        "+66": "-66",
        "+67": "-67",
        "+68": "-68",
        "+69": "-69",
        "+70": "-70",
        "+71": "-71",
        "+72": "-72",
        "+73": "-73",
        "+74": "-74",
        "+75": "-75",
        "+76": "-76",
        "+77": "-77",
        "+78": "-78"
    },
    "edges": [
        [    0,    0,  129,  277,  433,  258,  271,  284,  591,  490,   96,  247,  365,  167,  483,  211,  420,  464,  624,  241,  348,  539,  267,  726,  346,  262,  571,  479,  597,  339,  437,  354,  369,  560,  624,  513,  352,  532,  642,  346,  175,  135,  233,   59,  404,  503,  220,  383,  130,  728,  279,  559,  715,  227,  263,  605,  370,  541,  307,  597,  526,  274,   13,  288,  172,  426,  189,  571,  361,  218,   75,  374,  461,  374,  555,  412,  803,  678,  279,  571,  639,  144,  324,  231,  552,  697,  307,  503,  310,  522,  443,  572,  424,  676,  259,  320,  527,  215,  307,  533,  379,  240,  551,  331,  349,   83,  152,  369,  126,  416,  322,  207,  375,  173,  298,  628,  248,  415,  347,  402,  430,  312,  112,  335,  393,  237,  342,  221,  613,  696,  289,  710,  297,  601,  194,  640,  374,  613,  394,  435,  501,  558,  474,  132,  424,  528,  455,  494,   70,  308,  322,  362,  197,  589,  356,  211,  360,  122],
        [    0,    0,    0,    0,    0,    0,    0,    0,    0,    0,    0,    0,    0,    0,    0,    0,    0,    0,    0,    0,    0,    0,    0,    0,    0,    0,    0,    0,    0,    0,    0,    0,    0,    0,    0,    0,    0,    0,    0,    0,    0,    0,    0,    0,    0,    0,    0,    0,    0,    0,    0,    0,    0,    0,    0,    0,    0,    0,    0,    0,    0,    0,    0,    0,    0,    0,    0,    0,    0,    0,    0,    0,    0,    0,    0,    0,    0,    0,    0,    0,    0,    0,    0,    0,    0,    0,    0,    0,    0,    0,    0,    0,    0,    0,    0,    0,    0,    0,    0,    0,    0,    0,    0,    0,    0,    0,    0,    0,    0,    0,    0,    0,    0,    0,    0,    0,    0,    0,    0,    0,    0,    0,    0,    0,    0,    0,    0,    0,    0,    0,    0,    0,    0,    0,    0,    0,    0,    0,    0,    0,    0,    0,    0,    0,    0,    0,    0,    0,    0,    0,    0,    0,    0,    0,    0,    0,    0,    0],
        [  129,    0,    0,  406,  329,  368,  336,  346,  587,  374,  185,  318,  335,  189,  427,  313,  542,  422,  725,  215,  220,  431,  290,  701,  408,  265,  663,  558,  594,  211,  536,  480,  261,  446,  706,  434,  457,  489,  522,  449,  207,  261,  195,  187,  530,  396,  346,  261,   36,  665,  234,  480,  804,  242,  139,  479,  374,  538,  191,  557,  469,  169,  135,  319,   67,  551,  250,  452,  424,  100,  203,  497,  338,  439,  670,  540,  744,  778,  191,  650,  712,  228,  209,  150,  505,  660,  242,  576,  436,  440,  517,  516,  465,  777,  323,  334,  579,  240,  296,  554,  286,  368,  616,  208,  315,   78,  250,  427,  247,  375,  435,  127,  298,   53,  172,  511,  332,  490,  306,  315,  550,  441,  234,  223,  346,  330,  385,  303,  540,  650,  386,  639,  414,  694,  199,  647,  500,  623,  522,  435,  381,  430,  415,  218,  496,  400,  534,  585,   67,  194,  449,  280,  251,  461,  409,  264,  440,   55],
        [  277,    0,  406,    0,  691,  158,  330,  316,  671,  749,  267,  280,  528,  343,  663,  193,  173,  626,  441,  451,  624,  798,  407,  832,  347,  431,  424,  423,  675,  616,  294,  119,  622,  825,  500,  724,  246,  688,  912,  251,  350,  155,  457,  220,  164,  762,   89,  652,  405,  900,  498,  765,  560,  375,  539,  880,  480,  628,  579,  741,  704,  532,  271,  407,  440,  167,  289,  832,  386,  493,  204,  130,  734,  390,  328,  139,  964,  493,  522,  462,  539,  266,  588,  476,  711,  825,  539,  424,   63,  734,  376,  744,  446,  488,  301,  428,  499,  356,  459,  575,  617,   43,  485,  606,  521,  346,  234,  402,  184,  584,  161,  457,  596,  446,  572,  894,  277,  390,  529,  646,  220,   49,  181,  603,  575,  219,  386,  250,  806,  840,  219,  895,  165,  448,  372,  693,  132,  664,  120,  535,  772,  835,  660,  264,  369,  805,  403,  400,  345,  572,   61,  590,  304,  866,  406,  309,  341,  388],
        [  433,    0,  329,  691,    0,  689,  464,  672,  857,  415,  426,  647,  600,  512,  638,  638,  848,  657, 1052,  261,  236,  108,  360,  934,  734,  317,  992,  653,  864,  204,  863,  730,  395,  140, 1034,  592,  639,  712,  235,  627,  359,  536,  246,  481,  773,   71,  612,  321,  309,  826,  218,  630, 1133,  557,  206,  253,  668,  812,  144,  776,  668,  367,  443,  386,  350,  851,  578,  448,  513,  232,  503,  802,  128,  526,  987,  810,  907, 1105,  414,  978, 1038,  438,  343,  407,  719,  877,  170,  903,  735,  591,  845,  710,  780, 1104,  651,  640,  898,  560,  587,  851,  452,  661,  940,  155,  579,  406,  472,  503,  509,  619,  754,  398,  498,  327,  276,  210,  496,  588,  562,   74,  769,  713,  544,  110,  585,  657,  705,  631,  695,  851,  713,  785,  634, 1023,  515,  927,  750,  906,  810,  721,  123,  256,  621,  435,  823,  276,  635,  706,  365,  342,  744,  476,  578,  272,  479,  591,  561,  378],
        [  258,    0,  368,  158,  689,    0,  427,  164,  515,  658,  301,  132,  392,  238,  527,   62,  190,  486,  368,  487,  571,  795,  477,  677,  190,  488,  322,  565,  519,  571,  185,  275,  531,  813,  386,  599,  390,  544,  890,  393,  398,  204,  484,  219,  318,  759,  203,  577,  381,  757,  529,  637,  466,  250,  507,  841,  331,  472,  558,  593,  567,  450,  247,  486,  379,  209,  167,  741,  501,  466,  195,  154,  705,  509,  302,  268,  817,  422,  429,  339,  414,  325,  510,  389,  568,  673,  562,  286,  127,  610,  232,  604,  289,  420,  153,  282,  349,  232,  324,  418,  513,  127,  344,  575,  389,  293,  303,  516,  236,  448,   67,  374,  483,  393,  512,  878,  380,  521,  401,  659,  376,  204,  150,  588,  444,   71,  231,  110,  672,  691,   64,  756,  308,  352,  262,  536,  286,  507,  215,  383,  749,  786,  527,  317,  220,  748,  543,  549,  324,  495,  146,  481,  180,  818,  514,  178,  468,  332],
        [  271,    0,  336,  330,  464,  427,    0,  525,  857,  699,  175,  483,  635,  436,  748,  414,  501,  733,  768,  206,  514,  562,  107,  996,  581,  148,  741,  223,  863,  489,  605,  309,  596,  602,  811,  768,  180,  801,  698,  167,  135,  226,  227,  251,  339,  528,  244,  581,  308,  992,  246,  814,  882,  495,  404,  703,  637,  808,  409,  866,  791,  504,  279,   89,  402,  491,  442,  771,   92,  361,  269,  460,  553,  105,  657,  402, 1068,  821,  525,  766,  841,  128,  540,  480,  820,  967,  295,  712,  391,  774,  655,  838,  671,  817,  501,  585,  760,  481,  577,  791,  621,  325,  768,  450,  619,  342,  133,   99,  197,  685,  467,  456,  630,  388,  487,  672,   54,  154,  615,  398,  318,  325,  305,  416,  660,  447,  592,  451,  872,  965,  484,  970,  200,  768,  464,  902,  326,  874,  429,  702,  575,  680,  738,  140,  640,  671,  200,  258,  281,  525,  390,  613,  453,  706,   90,  466,  108,  366],
        [  284,    0,  346,  316,  672,  164,  525,    0,  357,  547,  364,   43,  241,  161,  373,  128,  332,  328,  406,  523,  505,  771,  547,  516,   63,  545,  331,  696,  362,  515,  226,  435,  425,  779,  363,  454,  530,  383,  844,  531,  456,  307,  512,  278,  479,  737,  341,  488,  372,  596,  557,  488,  466,  132,  471,  778,  170,  312,  530,  430,  410,  363,  272,  564,  327,  356,   99,  627,  610,  441,  257,  305,  658,  620,  397,  431,  654,  456,  329,  307,  366,  404,  420,  301,  407,  510,  578,  232,  290,  466,  173,  445,  147,  456,   26,  124,  244,  121,  178,  271,  393,  280,  272,  535,  243,  271,  393,  622,  331,  294,  204,  296,  353,  348,  444,  838,  486,  644,  258,  659,  535,  365,  221,  564,  296,   98,   72,   77,  517,  528,  115,  597,  451,  362,  166,  387,  447,  358,  375,  220,  706,  715,  374,  393,  151,  669,  673,  690,  330,  408,  309,  357,   96,  747,  614,   82,  589,  294],
        [  591,    0,  587,  671,  857,  515,  857,  357,    0,  547,  684,  398,  259,  425,  253,  485,  648,  212,  572,  800,  631,  932,  854,  166,  327,  840,  484, 1045,    8,  658,  478,  789,  482,  922,  447,  349,  885,  189,  953,  884,  761,  653,  781,  607,  832,  906,  696,  565,  622,  326,  820,  349,  545,  365,  660,  859,  222,   50,  719,  169,  250,  491,  580,  877,  533,  676,  419,  599,  946,  654,  592,  635,  791,  958,  646,  775,  353,  599,  444,  408,  400,  730,  521,  458,  201,  186,  824,  356,  637,  359,  354,  243,  232,  604,  376,  272,  255,  377,  292,  116,  423,  636,  324,  703,  280,  538,  728,  956,  673,  241,  537,  473,  370,  558,  582,  961,  825,  989,  296,  873,  890,  718,  565,  752,  275,  454,  286,  430,  327,  226,  456,  354,  806,  503,  401,   77,  800,   70,  713,  156,  840,  788,  270,  718,  345,  731, 1022, 1043,  607,  518,  655,  391,  406,  815,  945,  395,  933,  535],
        [  490,    0,  374,  749,  415,  658,  699,  547,  547,    0,  558,  548,  343,  420,  294,  597,  848,  337,  947,  526,  202,  446,  629,  570,  588,  592,  865,  921,  553,  236,  773,  840,  128,  419,  875,  210,  831,  365,  424,  822,  565,  623,  500,  546,  891,  433,  706,  120,  396,  422,  513,  235,  984,  419,  306,  322,  439,  514,  332,  416,  307,  218,  491,  660,  318,  865,  494,   84,  781,  342,  554,  809,  302,  796,  941,  887,  501,  993,  230,  820,  855,  600,  166,  274,  362,  503,  485,  742,  762,  204,  697,  337,  580,  995,  537,  447,  690,  434,  380,  590,  155,  707,  754,  292,  329,  409,  624,  780,  614,  323,  721,  293,  204,  322,  213,  440,  702,  852,  308,  466,  919,  791,  569,  350,  296,  595,  535,  555,  297,  467,  644,  377,  784,  895,  398,  623,  860,  611,  854,  460,  343,  251,  277,  590,  675,  194,  899,  954,  439,  182,  778,  194,  483,  274,  759,  488,  805,  369],
        [   96,    0,  185,  267,  426,  301,  175,  364,  684,  558,    0,  324,  460,  262,  576,  269,  430,  559,  665,  190,  394,  533,  184,  821,  424,  188,  622,  386,  690,  378,  485,  312,  444,  561,  683,  602,  273,  627,  651,  265,   98,  113,  192,   88,  359,  496,  187,  445,  167,  821,  235,  647,  766,  321,  293,  629,  463,  635,  322,  692,  619,  349,  105,  200,  244,  430,  274,  636,  266,  246,  111,  384,  479,  279,  578,  386,  896,  719,  362,  633,  704,   49,  393,  315,  646,  792,  274,  570,  315,  609,  511,  665,  508,  717,  339,  412,  606,  308,  402,  623,  461,  240,  622,  355,  444,  170,   66,  274,   84,  511,  356,  291,  463,  236,  353,  631,  155,  321,  441,  380,  372,  289,  155,  343,  487,  300,  427,  294,  703,  791,  346,  801,  233,  652,  289,  731,  333,  704,  385,  529,  513,  590,  566,   37,  494,  569,  362,  406,  120,  378,  322,  449,  284,  620,  261,  297,  267,  201],
        [  247,    0,  318,  280,  647,  132,  483,   43,  398,  548,  324,    0,  262,  143,  396,   88,  312,  354,  417,  487,  491,  747,  507,  555,  101,  506,  348,  653,  403,  498,  231,  397,  424,  758,  388,  471,  488,  412,  826,  489,  416,  264,  477,  237,  443,  713,  299,  481,  342,  625,  522,  508,  487,  130,  449,  765,  201,  352,  506,  463,  435,  354,  234,  523,  307,  334,   70,  630,  567,  416,  216,  281,  640,  577,  393,  399,  686,  469,  324,  333,  396,  362,  413,  291,  436,  546,  545,  260,  258,  483,  200,  472,  189,  468,   22,  151,  283,  115,  194,  313,  397,  241,  305,  514,  260,  242,  351,  579,  288,  316,  182,  283,  361,  326,  430,  819,  443,  601,  273,  630,  497,  328,  179,  539,  314,   62,  114,   34,  541,  562,   97,  624,  409,  379,  155,  429,  410,  400,  346,  257,  687,  704,  396,  352,  180,  660,  630,  648,  297,  399,  277,  362,   73,  736,  572,   63,  546,  270],
        [  365,    0,  335,  528,  600,  392,  635,  241,  259,  343,  460,  262,    0,  205,  136,  339,  572,  102,  616,  550,  381,  679,  615,  367,  263,  596,  531,  841,  266,  405,  455,  641,  245,  673,  534,  214,  698,  169,  714,  695,  524,  460,  529,  397,  690,  652,  523,  326,  371,  375,  567,  248,  643,  156,  402,  628,   98,  212,  461,  233,  177,  235,  357,  641,  277,  595,  239,  415,  726,  396,  389,  542,  543,  739,  632,  656,  445,  659,  188,  480,  512,  509,  272,  200,  190,  333,  567,  403,  516,  226,  363,  218,  238,  662,  243,  120,  348,  174,   70,  260,  193,  486,  411,  447,   22,  297,  514,  733,  470,   57,  442,  216,  140,  302,  327,  718,  611,  779,   40,  615,  738,  576,  376,  495,   56,  322,  205,  284,  280,  332,  355,  368,  628,  559,  175,  327,  657,  306,  607,  126,  593,  559,  135,  497,  342,  505,  817,  850,  366,  267,  535,  154,  224,  588,  719,  220,  723,  286],
        [  167,    0,  189,  343,  512,  238,  436,  161,  425,  420,  262,  143,  205,    0,  333,  177,  428,  306,  559,  386,  349,  610,  431,  560,  222,  419,  489,  637,  431,  356,  373,  449,  293,  619,  524,  383,  494,  373,  684,  490,  337,  256,  370,  193,  500,  576,  324,  343,  219,  577,  413,  426,  626,   60,  310,  622,  204,  375,  370,  436,  376,  215,  157,  453,  166,  445,   77,  503,  527,  282,  184,  389,  498,  539,  528,  479,  649,  611,  191,  468,  526,  309,  275,  152,  394,  533,  428,  392,  346,  393,  334,  420,  277,  611,  141,  156,  390,   53,  142,  374,  278,  300,  428,  375,  192,  121,  311,  535,  266,  259,  302,  142,  254,  187,  287,  678,  409,  576,  195,  503,  542,  389,  175,  403,  242,  177,  197,  140,  472,  536,  230,  565,  426,  520,   32,  476,  467,  450,  439,  269,  546,  562,  326,  297,  312,  519,  613,  646,  189,  260,  364,  248,   70,  594,  522,   81,  521,  136],
        [  483,    0,  427,  663,  638,  527,  748,  373,  253,  294,  576,  396,  136,  333,    0,  475,  705,   54,  725,  638,  404,  700,  716,  297,  387,  692,  638,  961,  260,  435,  578,  776,  245,  684,  628,  103,  825,   75,  708,  821,  629,  588,  615,  521,  825,  678,  655,  327,  462,  246,  647,  122,  736,  289,  457,  611,  212,  223,  511,  139,   44,  285,  476,  744,  362,  728,  374,  347,  839,  465,  516,  676,  556,  853,  756,  792,  321,  765,  244,  577,  596,  625,  296,  278,   83,  242,  639,  505,  652,  114,  474,   90,  339,  768,  377,  250,  431,  308,  205,  310,  187,  621,  500,  486,  143,  407,  634,  845,  595,   80,  576,  301,  142,  384,  365,  718,  730,  897,  138,  666,  871,  711,  506,  541,   91,  457,  328,  419,  145,  225,  487,  233,  758,  664,  302,  329,  792,  319,  742,  198,  603,  539,   18,  613,  455,  482,  937,  975,  471,  298,  670,  164,  359,  565,  829,  355,  842,  386],
        [  211,    0,  313,  193,  638,   62,  414,  128,  485,  597,  269,   88,  339,  177,  475,    0,  252,  436,  415,  448,  511,  742,  451,  643,  172,  456,  360,  572,  489,  512,  227,  310,  469,  759,  416,  543,  404,  496,  834,  404,  366,  189,  442,  183,  356,  706,  214,  516,  329,  709,  488,  582,  504,  192,  451,  782,  287,  440,  504,  549,  515,  389,  199,  463,  320,  269,  107,  680,  494,  412,  158,  214,  648,  503,  360,  318,  772,  469,  367,  365,  436,  301,  448,  327,  520,  634,  518,  302,  178,  554,  243,  554,  269,  467,  110,  236,  348,  173,  270,  396,  452,  154,  356,  519,  335,  237,  284,  507,  218,  395,  128,  313,  423,  334,  451,  823,  370,  523,  345,  612,  410,  241,  114,  534,  389,   34,  199,   58,  619,  648,   79,  705,  323,  391,  201,  513,  324,  484,  270,  344,  693,  726,  473,  291,  228,  687,  549,  563,  274,  433,  196,  421,  120,  759,  502,  121,  468,  273],
        [  420,    0,  542,  173,  848,  190,  501,  332,  648,  848,  430,  312,  572,  428,  705,  252,    0,  659,  281,  619,  753,  956,  580,  813,  330,  602,  285,  567,  651,  751,  185,  230,  721,  979,  368,  783,  393,  712, 1061,  402,  519,  318,  622,  368,  244,  919,  261,  765,  549,  923,  665,  819,  407,  438,  680, 1020,  499,  613,  727,  754,  741,  639,  411,  579,  562,   30,  356,  931,  551,  637,  346,   47,  879,  554,  156,  159,  976,  329,  618,  344,  418,  436,  698,  578,  736,  822,  704,  332,  117,  794,  304,  775,  417,  324,  329,  456,  428,  420,  506,  538,  702,  192,  391,  749,  571,  472,  405,  568,  349,  625,  131,  562,  671,  573,  696, 1046,  448,  545,  585,  809,  311,  181,  309,  754,  625,  257,  386,  297,  849,  847,  218,  927,  321,  303,  451,  650,  226,  623,   94,  540,  920,  968,  706,  433,  307,  932,  550,  530,  489,  683,  113,  670,  368, 1000,  574,  366,  502,  512],
        [  464,    0,  422,  626,  657,  486,  733,  328,  212,  337,  559,  354,  102,  306,   54,  436,  659,    0,  673,  637,  426,  726,  708,  283,  337,  687,  585,  941,  219,  455,  528,  741,  272,  713,  575,  155,  799,   69,  742,  796,  619,  561,  614,  498,  789,  701,  624,  355,  458,  275,  649,  175,  682,  257,  469,  648,  162,  177,  525,  135,   83,  295,  457,  735,  360,  684,  339,  395,  824,  471,  490,  633,  583,  837,  706,  752,  343,  711,  251,  524,  543,  608,  316,  277,   89,  238,  645,  452,  611,  167,  422,  119,  286,  715,  334,  205,  377,  275,  170,  259,  213,  585,  447,  504,  115,  393,  614,  830,  571,   49,  531,  297,  162,  383,  382,  751,  711,  878,  119,  681,  838,  675,  477,  557,   78,  416,  278,  379,  191,  233,  443,  271,  729,  611,  276,  288,  756,  275,  700,  144,  632,  577,   65,  595,  403,  520,  917,  952,  460,  316,  630,  183,  324,  603,  815,  318,  823,  377],
        [  624,    0,  725,  441, 1052,  368,  768,  406,  572,  947,  665,  417,  616,  559,  725,  415,  281,  673,    0,  853,  907, 1156,  834,  725,  360,  850,   90,  847,  572,  914,  189,  510,  829, 1170,  143,  822,  673,  703, 1241,  682,  761,  560,  851,  586,  520, 1120,  525,  893,  743,  892,  896,  847,  130,  538,  860, 1181,  521,  557,  916,  722,  751,  768,  613,  839,  722,  303,  484, 1025,  826,  824,  562,  315, 1055,  830,  145,  433,  924,   55,  734,  165,  203,  684,  826,  705,  725,  758,  929,  223,  379,  834,  254,  770,  387,   53,  421,  502,  318,  526,  568,  458,  792,  444,  249,  928,  625,  648,  657,  843,  593,  656,  310,  699,  747,  740,  846, 1233,  716,  824,  644, 1025,  587,  459,  517,  947,  671,  395,  414,  425,  855,  796,  339,  911,  599,   71,  570,  542,  506,  521,  373,  530, 1101, 1120,  733,  678,  275, 1074,  830,  810,  688,  813,  383,  754,  489, 1152,  846,  479,  779,  681],
        [  241,    0,  215,  451,  261,  487,  206,  523,  800,  526,  190,  487,  550,  386,  638,  448,  619,  637,  853,    0,  328,  365,  109,  916,  586,   68,  807,  412,  806,  299,  671,  475,  441,  400,  863,  633,  379,  702,  496,  367,  103,  302,   27,  268,  515,  329,  367,  407,  180,  870,   47,  679,  951,  444,  220,  498,  583,  750,  210,  770,  678,  362,  254,  140,  277,  617,  426,  591,  269,  188,  293,  573,  349,  283,  768,  559,  950,  908,  396,  811,  880,  187,  381,  361,  718,  874,   94,  744,  503,  638,  684,  725,  658,  905,  498,  539,  766,  438,  508,  759,  480,  428,  792,  253,  530,  266,  220,  264,  270,  590,  545,  340,  503,  255,  317,  471,  235,  344,  520,  202,  509,  466,  338,  213,  560,  476,  576,  462,  742,  862,  527,  840,  375,  837,  403,  857,  494,  832,  567,  646,  370,  477,  625,  188,  665,  472,  392,  458,  198,  369,  509,  483,  432,  502,  240,  446,  308,  266],
        [  348,    0,  220,  624,  236,  571,  514,  505,  631,  202,  394,  491,  381,  349,  404,  511,  753,  426,  907,  328,    0,  301,  435,  700,  561,  396,  836,  733,  638,   35,  721,  698,  160,  293,  864,  358,  661,  478,  342,  651,  380,  480,  302,  407,  748,  276,  565,   90,  229,  594,  312,  397,  969,  376,  111,  274,  460,  588,  131,  542,  433,  151,  354,  466,  192,  764,  424,  263,  591,  154,  421,  710,  163,  605,  871,  759,  676,  959,  196,  808,  858,  430,  111,  208,  485,  642,  283,  730,  651,  358,  675,  475,  587,  959,  488,  443,  705,  385,  382,  639,  218,  585,  757,   92,  360,  283,  458,  588,  464,  391,  637,  210,  265,  181,   62,  342,  524,  664,  341,  274,  765,  660,  449,  151,  357,  520,  520,  486,  463,  616,  575,  555,  626,  867,  340,  704,  719,  685,  740,  505,  213,  216,  387,  421,  652,  181,  711,  771,  284,  114,  665,  243,  419,  248,  566,  429,  621,  241],
        [  539,    0,  431,  798,  108,  795,  562,  771,  932,  446,  533,  747,  679,  610,  700,  742,  956,  726, 1156,  365,  301,    0,  457,  995,  831,  415, 1094,  741,  939,  275,  967,  836,  456,   50, 1133,  642,  740,  775,  144,  728,  464,  644,  351,  588,  878,   37,  719,  374,  414,  868,  319,  675, 1234,  651,  300,  201,  754,  888,  242,  837,  727,  446,  550,  481,  445,  959,  678,  461,  604,  333,  611,  910,  147,  617, 1094,  917,  947, 1209,  493, 1077, 1135,  544,  411,  493,  780,  934,  271, 1001,  842,  639,  944,  766,  872, 1208,  750,  730,  990,  655,  674,  935,  515,  768, 1036,  239,  659,  509,  578,  593,  616,  692,  860,  488,  565,  423,  353,  113,  598,  678,  640,  164,  873,  821,  650,  209,  657,  761,  799,  733,  740,  904,  817,  823,  739, 1125,  610, 1004,  856,  985,  917,  802,  105,  233,  683,  542,  922,  273,  725,  797,  471,  414,  852,  543,  677,  237,  569,  690,  656,  478],
        [  267,    0,  290,  407,  360,  477,  107,  547,  854,  629,  184,  507,  615,  431,  716,  451,  580,  708,  834,  109,  435,  457,    0,  982,  607,   44,  798,  304,  861,  406,  661,  406,  537,  497,  862,  722,  286,  775,  594,  273,   94,  275,  134,  271,  440,  423,  319,  509,  256,  954,  144,  768,  942,  490,  325,  603,  633,  804,  319,  843,  758,  451,  279,   32,  356,  573,  454,  696,  160,  288,  294,  536,  455,  174,  734,  496, 1033,  888,  480,  813,  886,  153,  477,  440,  793,  945,  192,  753,  465,  727,  694,  805,  689,  885,  522,  585,  789,  480,  565,  800,  570,  393,  805,  362,  597,  319,  178,  155,  242,  660,  527,  417,  588,  338,  418,  567,  150,  235,  590,  293,  423,  412,  337,  322,  632,  482,  607,  477,  829,  938,  526,  928,  299,  827,  454,  906,  424,  879,  516,  699,  474,  585,  704,  161,  677,  581,  284,  350,  250,  465,  468,  569,  463,  609,  132,  477,  203,  332],
        [  726,    0,  701,  832,  934,  677,  996,  516,  166,  570,  821,  555,  367,  560,  297,  643,  813,  283,  725,  916,  700,  995,  982,    0,  491,  963,  639, 1193,  163,  731,  643,  950,  541,  977,  593,  361, 1038,  223,  993, 1036,  890,  803,  894,  750,  994,  973,  852,  621,  737,  224,  930,  340,  683,  502,  750,  892,  364,  205,  805,  159,  269,  577,  717, 1007,  640,  842,  568,  602, 1086,  753,  737,  800,  850, 1099,  808,  939,  217,  746,  533,  560,  540,  869,  592,  558,  216,   73,  927,  515,  801,  367,  519,  234,  398,  752,  533,  418,  412,  517,  420,  279,  483,  795,  477,  782,  386,  663,  870, 1095,  819,  327,  701,  578,  437,  664,  660, 1007,  968, 1134,  396,  961, 1051,  880,  714,  836,  359,  614,  446,  587,  290,  122,  619,  269,  961,  655,  533,  185,  962,  205,  877,  301,  896,  821,  314,  857,  510,  764, 1169, 1195,  732,  594,  819,  459,  554,  844, 1082,  544, 1078,  652],
        [  346,    0,  408,  347,  734,  190,  581,   63,  327,  588,  424,  101,  263,  222,  387,  172,  330,  337,  360,  586,  561,  831,  607,  491,    0,  606,  280,  743,  331,  572,  193,  464,  470,  839,  305,  475,  573,  384,  901,  575,  516,  359,  575,  337,  505,  798,  383,  537,  435,  594,  620,  506,  409,  185,  531,  832,  176,  287,  591,  424,  420,  415,  334,  623,  387,  357,  162,  666,  663,  503,  315,  312,  716,  673,  370,  449,  646,  407,  378,  248,  305,  462,  471,  354,  408,  494,  641,  171,  311,  488,  115,  449,  100,  408,   88,  145,  183,  177,  210,  229,  433,  314,  209,  595,  269,  334,  449,  676,  385,  310,  211,  352,  388,  409,  499,  896,  539,  694,  288,  722,  565,  393,  276,  625,  319,  138,   60,  131,  527,  517,  129,  600,  492,  310,  223,  347,  475,  318,  387,  210,  765,  768,  391,  451,   92,  720,  720,  733,  393,  459,  329,  395,  158,  800,  670,  145,  639,  356],
        [  262,    0,  265,  431,  317,  488,  148,  545,  840,  592,  188,  506,  596,  419,  692,  456,  602,  687,  850,   68,  396,  415,   44,  963,  606,    0,  810,  346,  847,  366,  672,  438,  504,  455,  871,  693,  326,  753,  552,  313,   91,  290,   94,  275,  475,  381,  343,  473,  230,  927,  101,  738,  954,  479,  287,  560,  621,  791,  278,  821,  733,  421,  274,   73,  330,  597,  450,  658,  202,  252,  299,  557,  412,  217,  755,  527, 1007,  904,  452,  821,  892,  167,  444,  414,  770,  924,  149,  757,  486,  698,  698,  780,  685,  901,  520,  574,  788,  470,  549,  792,  540,  413,  808,  321,  577,  303,  197,  197,  257,  639,  541,  392,  560,  310,  382,  525,  186,  278,  569,  251,  461,  439,  343,  279,  610,  487,  603,  478,  801,  915,  534,  899,  333,  839,  440,  895,  457,  868,  542,  685,  431,  542,  679,  173,  680,  539,  326,  393,  233,  432,  490,  541,  458,  567,  173,  472,  246,  311],
        [  571,    0,  663,  424,  992,  322,  741,  331,  484,  865,  622,  348,  531,  489,  638,  360,  285,  585,   90,  807,  836, 1094,  798,  639,  280,  810,    0,  843,  484,  845,  138,  509,  749, 1105,   84,  735,  666,  614, 1173,  673,  719,  524,  802,  539,  529, 1059,  501,  816,  684,  803,  848,  759,  145,  462,  796, 1109,  435,  468,  853,  633,  663,  693,  559,  806,  654,  312,  417,  942,  806,  762,  515,  308,  987,  812,  190,  444,  836,  129,  657,   81,  140,  646,  750,  631,  636,  670,  877,  134,  363,  747,  169,  681,  300,  131,  349,  419,  230,  452,  486,  370,  711,  418,  163,  862,  541,  586,  622,  822,  557,  569,  274,  626,  664,  674,  774, 1166,  690,  813,  561,  970,  596,  450,  470,  885,  585,  336,  331,  361,  767,  708,  282,  822,  588,   32,  497,  457,  509,  435,  378,  441, 1035, 1046,  646,  639,  191,  999,  824,  811,  632,  738,  371,  672,  420, 1078,  824,  409,  765,  616],
        [  479,    0,  558,  423,  653,  565,  223,  696, 1045,  921,  386,  653,  841,  637,  961,  572,  567,  941,  847,  412,  733,  741,  304, 1193,  743,  346,  843,    0, 1051,  707,  716,  338,  818,  785,  921,  986,  178, 1009,  883,  173,  357,  393,  437,  445,  335,  710,  362,  802,  530, 1206,  444, 1032,  973,  693,  623,  902,  830,  997,  622, 1073, 1004,  726,  485,  273,  623,  546,  627,  993,  144,  582,  456,  537,  757,  130,  715,  422, 1281,  895,  745,  885,  962,  337,  762,  699, 1029, 1170,  490,  845,  482,  994,  794, 1050,  840,  890,  674,  776,  913,  677,  779,  966,  842,  440,  905,  664,  826,  556,  328,  151,  375,  893,  583,  675,  848,  610,  709,  853,  232,   70,  825,  581,  278,  393,  481,  625,  871,  605,  767,  620, 1089, 1172,  627, 1186,  259,  865,  667, 1082,  344, 1053,  476,  894,  771,  887,  952,  349,  784,  884,   25,   67,  499,  748,  473,  833,  641,  911,  175,  651,  120,  584],
        [  597,    0,  594,  675,  864,  519,  863,  362,    8,  553,  690,  403,  266,  431,  260,  489,  651,  219,  572,  806,  638,  939,  861,  163,  331,  847,  484, 1051,    0,  665,  480,  793,  488,  929,  446,  355,  890,  194,  960,  889,  768,  659,  787,  613,  836,  913,  701,  572,  629,  328,  827,  354,  543,  371,  667,  866,  228,   57,  726,  173,  256,  498,  587,  884,  540,  679,  425,  605,  952,  661,  598,  638,  798,  964,  647,  779,  353,  598,  451,  408,  398,  736,  528,  465,  206,  186,  831,  356,  641,  365,  356,  248,  236,  603,  381,  279,  255,  383,  299,  118,  430,  640,  324,  710,  287,  544,  734,  962,  678,  248,  540,  480,  377,  565,  589,  968,  831,  995,  303,  880,  895,  722,  570,  759,  282,  459,  291,  436,  331,  227,  460,  357,  811,  502,  407,   70,  804,   66,  716,  162,  847,  795,  276,  725,  347,  738, 1027, 1049,  614,  526,  659,  398,  412,  822,  951,  400,  939,  541],
        [  339,    0,  211,  616,  204,  571,  489,  515,  658,  236,  378,  498,  405,  356,  435,  512,  751,  455,  914,  299,   35,  275,  406,  731,  572,  366,  845,  707,  665,    0,  727,  685,  192,  272,  877,  391,  641,  508,  329,  631,  357,  469,  273,  397,  734,  248,  554,  124,  214,  629,  280,  431,  980,  388,   86,  271,  481,  614,   97,  573,  465,  172,  346,  437,  194,  760,  431,  293,  564,  133,  413,  706,  144,  578,  872,  750,  710,  966,  218,  820,  872,  411,  140,  223,  516,  674,  249,  742,  646,  392,  687,  508,  604,  966,  497,  461,  722,  396,  401,  661,  249,  578,  772,   57,  384,  280,  440,  560,  451,  419,  638,  222,  295,  179,   78,  325,  502,  637,  365,  240,  749,  650,  444,  116,  385,  524,  535,  491,  497,  649,  580,  590,  610,  876,  350,  730,  706,  710,  733,  528,  194,  219,  418,  403,  664,  192,  685,  746,  273,  140,  660,  273,  426,  251,  538,  437,  596,  240],
        [  437,    0,  536,  294,  863,  185,  605,  226,  478,  773,  485,  231,  455,  373,  578,  227,  185,  528,  189,  671,  721,  967,  661,  643,  193,  672,  138,  716,  480,  727,    0,  390,  651,  981,  208,  668,  539,  570, 1053,  544,  582,  386,  667,  403,  417,  931,  367,  711,  554,  774,  712,  698,  282,  357,  672,  994,  367,  449,  727,  602,  610,  584,  426,  669,  534,  215,  297,  853,  672,  635,  378,  192,  867,  678,  179,  339,  820,  243,  553,  169,  246,  509,  643,  522,  594,  659,  743,  147,  235,  680,  125,  636,  255,  242,  238,  337,  245,  343,  399,  364,  619,  284,  207,  739,  461,  459,  485,  688,  419,  502,  138,  513,  577,  552,  660, 1044,  555,  682,  479,  838,  484,  326,  334,  758,  511,  206,  252,  237,  717,  689,  151,  785,  458,  167,  386,  472,  393,  446,  271,  393,  913,  934,  583,  501,  135,  890,  697,  689,  500,  630,  246,  582,  303,  967,  688,  294,  633,  492],
        [  354,    0,  480,  119,  730,  275,  309,  435,  789,  840,  312,  397,  641,  449,  776,  310,  230,  741,  510,  475,  698,  836,  406,  950,  464,  438,  509,  338,  793,  685,  390,    0,  716,  868,  590,  832,  168,  803,  960,  178,  373,  220,  486,  296,   51,  800,  135,  736,  471, 1015,  521,  874,  636,  487,  603,  940,  597,  746,  634,  858,  817,  622,  351,  396,  524,  209,  403,  922,  338,  556,  287,  202,  790,  338,  378,   94, 1080,  557,  619,  558,  635,  293,  676,  572,  827,  943,  568,  529,  161,  842,  486,  858,  563,  552,  419,  544,  611,  468,  572,  692,  716,  157,  590,  667,  633,  431,  259,  356,  235,  698,  269,  550,  701,  526,  651,  939,  258,  320,  640,  676,  102,   72,  277,  654,  687,  337,  504,  367,  918,  957,  336, 1008,  110,  530,  480,  810,   21,  781,  139,  653,  824,  901,  772,  296,  481,  876,  322,  302,  414,  660,  146,  692,  418,  931,  366,  423,  283,  473],
        [  369,    0,  261,  622,  395,  531,  596,  425,  482,  128,  444,  424,  245,  293,  245,  469,  721,  272,  829,  441,  160,  456,  537,  541,  470,  504,  749,  818,  488,  192,  651,  716,    0,  442,  765,  202,  715,  320,  473,  708,  463,  500,  416,  423,  767,  433,  583,   84,  289,  441,  438,  244,  873,  295,  232,  385,  336,  441,  277,  383,  274,   96,  368,  568,  200,  737,  367,  211,  682,  254,  430,  681,  312,  696,  816,  760,  522,  877,  103,  709,  749,  488,   62,  147,  326,  482,  419,  630,  634,  203,  582,  316,  473,  878,  414,  334,  588,  310,  267,  503,   60,  580,  648,  246,  227,  287,  509,  683,  494,  243,  594,  166,  112,  209,  132,  480,  593,  749,  206,  430,  797,  665,  443,  304,  209,  468,  420,  429,  310,  457,  518,  405,  665,  779,  271,  556,  735,  539,  727,  369,  361,  315,  228,  478,  559,  261,  795,  846,  324,   73,  651,   93,  356,  344,  663,  362,  700,  248],
        [  560,    0,  446,  825,  140,  813,  602,  779,  922,  419,  561,  758,  673,  619,  684,  759,  979,  713, 1170,  400,  293,   50,  497,  977,  839,  455, 1105,  785,  929,  272,  981,  868,  442,    0, 1142,  620,  778,  759,   98,  766,  498,  670,  385,  612,  911,   76,  748,  359,  432,  841,  357,  652, 1244,  656,  310,  153,  751,  879,  256,  819,  709,  442,  570,  522,  453,  983,  689,  427,  647,  347,  633,  933,  131,  660, 1114,  947,  920, 1223,  488, 1086, 1141,  576,  402,  494,  762,  914,  308, 1009,  867,  617,  952,  746,  874, 1222,  759,  731,  993,  662,  672,  931,  501,  793, 1041,  244,  653,  523,  609,  637,  644,  681,  879,  491,  552,  432,  349,   71,  635,  722,  633,  205,  908,  849,  671,  226,  647,  776,  804,  746,  715,  882,  831,  795,  773, 1137,  616,  995,  888,  977,  944,  797,   82,  192,  667,  573,  930,  238,  769,  840,  491,  407,  877,  532,  687,  192,  613,  699,  697,  490],
        [  624,    0,  706,  500, 1034,  386,  811,  363,  447,  875,  683,  388,  534,  524,  628,  416,  368,  575,  143,  863,  864, 1133,  862,  593,  305,  871,   84,  921,  446,  877,  208,  590,  765, 1142,    0,  728,  744,  596, 1205,  750,  780,  590,  856,  598,  611, 1099,  574,  837,  729,  771,  902,  748,  109,  489,  834, 1135,  437,  438,  893,  605,  648,  718,  612,  872,  690,  395,  457,  948,  879,  803,  573,  388, 1020,  885,  269,  526,  798,  155,  678,   57,   62,  710,  772,  658,  616,  631,  929,  136,  440,  741,  191,  662,  297,  161,  384,  431,  200,  482,  498,  338,  722,  491,  129,  898,  547,  629,  688,  895,  622,  566,  345,  656,  672,  711,  803, 1200,  761,  889,  568, 1017,  678,  529,  529,  926,  586,  388,  347,  407,  748,  672,  338,  795,  664,   77,  527,  408,  590,  390,  461,  431, 1069, 1070,  638,  702,  213, 1020,  902,  891,  681,  761,  449,  682,  457, 1101,  895,  444,  840,  656],
        [  513,    0,  434,  724,  592,  599,  768,  454,  349,  210,  602,  471,  214,  383,  103,  543,  783,  155,  822,  633,  358,  642,  722,  361,  475,  693,  735,  986,  355,  391,  668,  832,  202,  620,  728,    0,  864,  161,  633,  858,  641,  631,  608,  559,  882,  623,  705,  272,  467,  240,  635,   46,  836,  352,  432,  531,  303,  323,  478,  207,  100,  272,  509,  752,  368,  805,  438,  251,  857,  450,  558,  751,  496,  871,  845,  857,  321,  863,  244,  677,  698,  650,  262,  288,  155,  295,  619,  603,  720,   13,  569,  128,  436,  866,  454,  333,  532,  370,  277,  412,  154,  681,  601,  447,  212,  432,  664,  860,  634,  167,  652,  312,  139,  385,  332,  647,  756,  920,  198,  630,  923,  771,  556,  505,  158,  529,  417,  490,  109,  262,  566,  207,  802,  762,  353,  424,  849,  417,  812,  298,  541,  460,   91,  638,  549,  403,  962, 1007,  488,  269,  738,  155,  423,  483,  842,  422,  867,  403],
        [  352,    0,  457,  246,  639,  390,  180,  530,  885,  831,  273,  488,  698,  494,  825,  404,  393,  799,  673,  379,  661,  740,  286, 1038,  573,  326,  666,  178,  890,  641,  539,  168,  715,  778,  744,  864,    0,  866,  874,   14,  290,  239,  397,  306,  179,  705,  191,  716,  437, 1071,  422,  909,  797,  544,  555,  872,  675,  838,  571,  927,  868,  620,  355,  267,  516,  375,  471,  908,  179,  509,  310,  361,  721,  176,  545,  258, 1142,  722,  630,  707,  784,  232,  666,  582,  888, 1020,  471,  669,  305,  872,  619,  913,  672,  717,  510,  621,  739,  527,  632,  799,  729,  265,  729,  609,  686,  434,  208,  197,  231,  753,  406,  558,  726,  509,  624,  849,  144,  153,  688,  576,  143,  216,  325,  583,  735,  436,  602,  455,  960, 1027,  453, 1056,   83,  689,  525,  916,  178,  888,  305,  737,  747,  844,  818,  241,  610,  829,  159,  160,  392,  650,  296,  713,  485,  872,  211,  495,  119,  470],
        [  532,    0,  489,  688,  712,  544,  801,  383,  189,  365,  627,  412,  169,  373,   75,  496,  712,   69,  703,  702,  478,  775,  775,  223,  384,  753,  614, 1009,  194,  508,  570,  803,  320,  759,  596,  161,  866,    0,  781,  863,  686,  628,  680,  565,  851,  752,  689,  401,  524,  213,  713,  162,  701,  323,  528,  683,  214,  168,  583,   69,   62,  355,  524,  802,  426,  737,  402,  412,  892,  533,  557,  687,  630,  905,  748,  811,  278,  739,  312,  548,  558,  676,  370,  342,   25,  173,  708,  480,  670,  171,  458,   68,  320,  743,  392,  262,  396,  340,  235,  264,  261,  647,  467,  559,  183,  461,  682,  898,  638,  117,  586,  363,  215,  448,  438,  793,  779,  946,  187,  739,  901,  736,  543,  614,  144,  474,  327,  439,  153,  165,  497,  217,  795,  638,  343,  264,  818,  257,  757,  178,  678,  612,   93,  663,  441,  554,  985, 1019,  527,  371,  689,  237,  387,  637,  883,  381,  891,  444],
