{
    "name": "random-31-25868",
    "comment": "size=31 seed=25868",
    "nodes": ["+0", "-0", "+1", "-1", "+2", "-2", "+3", "-3", "+4", "-4", "+5", "-5", "+6", "-6", "+7", "-7", "+8", "-8", "+9", "-9", "+10", "-10", "+11", "-11", "+12", "-12", "+13", "-13", "+14", "-14", "+15", "-15", "+16", "-16", "+17", "-17", "+18", "-18", "+19", "-19", "+20", "-20", "+21", "-21", "+22", "-22", "+23", "-23", "+24", "-24", "+25", "-25", "+26", "-26", "+27", "-27", "+28", "-28", "+29", "-29", "+30", "-30", "+31", "-31"],
    "precedence": {
        "+0": "-0",
        "+1": "-1",
        "+2": "-2",
        "+3": "-3",
        "+4": "-4",
        "+5": "-5",
        "+6": "-6",
        "+7": "-7",
        "+8": "-8",
        "+9": "-9",
        "+10": "-10",
        "+11": "-11",
        "+12": "-12",
        "+13": "-13",
        "+14": "-14",
        "+15": "-15",
        "+16": "-16",
        "+17": "-17",
        "+18": "-18",
        "+19": "-19",
        "+20": "-20",
        "+21": "-21",
        "+22": "-22",
        "+23": "-23",
        "+24": "-24",
        "+25": "-25",
        "+26": "-26",
        "+27": "-27",
        "+28": "-28",
        "+29": "-29",
        "+30": "-30",
        "+31": "-31"
    },
    "edges": [
        [    0,    0,  642,  747,  448,  223,  316,  382,  208,  598,  819,  266,  208,  284,  638,  698,  965,  467,  169,  592,  463,  591,  468,  368,  856,  851,  538,  691,  824,  609,  736,  837,   58,  713,  425,  912,  576,  679,  543,  507,  135,  233,  883,  381,  347,  546,  336, 1019,  685,  984,  472,  703,  518,  375,  224,  223,  337,  402,  933,  248,  819,  719,  680,  766],
        [    0,    0,  642,  747,  448,  223,  316,  382,  208,  598,  819,  266,  208,  284,  638,  698,  965,  467,  169,  592,  463,  591,  468,  368,  856,  851,  538,  691,  824,  609,  736,  837,   58,  713,  425,  912,  576,  679,  543,  507,  135,  233,  883,  381,  347,  546,  336, 1019,  685,  984,  472,  703,  518,  375,  224,  223,  337,  402,  933,  248,  819,  719,  680,  766],
        [  642,  642,    0,  576,  887,  441,  472,  380,  813,  762,  917,  604,  465,  598,   14,  372,  400,  737,  478,  854,  971,  194,  865,  375,  628,  363,  448,  710,  851,  696,  729,  313,  602,  858, 1000,  479,  803,   47,  883,  640,  571,  459,  406,  289,  376,  463,  377,  966,  829,  897,  194,  532,  494,  436,  567,  705,  502,  251,  412,  490,  732,  260,  758,  766],
        [  747,  747,  576,    0,  648,  699,  825,  394,  784,  353,  392,  510,  560,  491,  562,  212,  504,  442,  678,  473,  763,  386,  598,  413,  110,  362,  216,  209,  304,  266,  197,  408,  752,  383,  862,  310,  422,  613,  555,  310,  785,  740,  353,  480,  438,  205,  450,  391,  365,  323,  637,   51,  230,  379,  531,  624,  412,  511,  426,  502,  160,  346,  276,  225],
        [  448,  448,  887,  648,    0,  612,  741,  510,  296,  322,  492,  290,  465,  291,  877,  732, 1068,  207,  550,  232,  116,  743,   55,  513,  748,  924,  529,  478,  545,  394,  521,  940,  500,  390,  233,  927,  258,  933,  139,  341,  577,  641,  937,  604,  512,  524,  513,  742,  376,  739,  785,  627,  478,  455,  338,  232,  387,  649, 1006,  410,  625,  825,  427,  531],
        [  223,  223,  441,  699,  612,    0,  143,  306,  426,  661,  876,  348,  173,  358,  439,  590,  801,  559,   64,  695,  655,  438,  616,  287,  798,  708,  485,  707,  855,  643,  747,  681,  172,  780,  639,  790,  663,  473,  674,  544,  131,   43,  745,  237,  263,  498,  250, 1034,  750,  985,  256,  649,  488,  334,  292,  383,  340,  233,  783,  249,  808,  572,  718,  782],
        [  316,  316,  472,  825,  741,  143,    0,  437,  523,  804, 1018,  489,  316,  499,  475,  695,  861,  701,  197,  837,  773,  523,  750,  418,  920,  788,  614,  847,  996,  784,  886,  753,  258,  923,  740,  881,  805,  494,  812,  687,  184,  105,  828,  348,  395,  628,  383, 1171,  893, 1120,  280,  775,  623,  471,  432,  510,  482,  328,  856,  391,  942,  655,  860,  921],
        [  382,  382,  380,  394,  510,  306,  437,    0,  489,  414,  607,  235,  177,  226,  369,  316,  605,  363,  286,  487,  599,  243,  486,   20,  495,  478,  179,  418,  569,  369,  454,  474,  374,  525,  646,  531,  440,  426,  506,  287,  395,  348,  506,  120,   44,  192,   56,  736,  494,  683,  317,  344,  187,   59,  213,  351,  123,  166,  562,  146,  506,  353,  443,  491],
        [  208,  208,  813,  784,  296,  426,  523,  489,    0,  543,  751,  279,  350,  297,  807,  790, 1093,  401,  366,  497,  274,  726,  334,  481,  894,  965,  600,  673,  781,  584,  720,  963,  266,  643,  218, 1004,  499,  855,  422,  493,  341,  440,  990,  531,  467,  603,  460,  982,  621,  962,  660,  748,  564,  458,  278,  161,  396,  563, 1049,  345,  817,  841,  643,  741],
        [  598,  598,  762,  353,  322,  661,  804,  414,  543,    0,  222,  335,  489,  319,  750,  494,  830,  142,  613,  121,  435,  580,  267,  429,  441,  682,  321,  160,  238,   88,  200,  713,  629,  119,  552,  656,   70,  808,  207,  128,  690,  701,  685,  533,  444,  308,  451,  440,   90,  425,  731,  346,  271,  360,  386,  398,  326,  580,  758,  413,  305,  615,  107,  210],
        [  819,  819,  917,  392,  492,  876, 1018,  607,  751,  222,    0,  556,  705,  540,  904,  590,  895,  356,  830,  261,  594,  725,  439,  624,  433,  754,  472,  208,  100,  238,  199,  798,  850,  109,  723,  693,  253,  960,  355,  332,  911,  917,  744,  725,  642,  456,  652,  256,  134,  274,  918,  415,  434,  559,  607,  615,  537,  769,  816,  629,  258,  724,  165,  168],
        [  266,  266,  604,  510,  290,  348,  489,  235,  279,  335,  556,    0,  183,   20,  594,  515,  830,  215,  292,  349,  368,  477,  279,  234,  620,  696,  322,  427,  558,  344,  473,  699,  295,  452,  412,  728,  322,  649,  327,  243,  357,  385,  718,  317,  229,  324,  227,  754,  424,  722,  496,  471,  286,  190,   57,  124,  122,  361,  781,  122,  561,  579,  415,  501],
        [  208,  208,  465,  560,  465,  173,  316,  177,  350,  489,  705,  183,    0,  190,  458,  492,  761,  389,  128,  525,  526,  387,  460,  162,  666,  644,  345,  542,  688,  473,  584,  632,  197,  608,  539,  705,  491,  507,  510,  374,  226,  213,  675,  183,  139,  355,  129,  872,  578,  827,  327,  513,  337,  182,  129,  250,  171,  214,  726,   76,  653,  513,  549,  618],
        [  284,  284,  598,  491,  291,  358,  499,  226,  297,  319,  540,   20,  190,    0,  589,  499,  817,  202,  303,  338,  374,  467,  278,  226,  601,  682,  305,  408,  540,  326,  455,  686,  311,  437,  424,  712,  308,  644,  321,  224,  372,  395,  704,  313,  223,  307,  222,  736,  408,  703,  497,  452,  268,  178,   69,  140,  109,  358,  766,  123,  542,  566,  397,  483],
        [  638,  638,   14,  562,  877,  439,  475,  369,  807,  750,  904,  594,  458,  589,    0,  359,  394,  726,  475,  842,  962,  181,  855,  365,  615,  353,  435,  697,  838,  683,  715,  304,  599,  845,  993,  468,  791,   58,  872,  628,  570,  458,  396,  281,  367,  450,  368,  953,  816,  883,  196,  519,  481,  426,  559,  697,  492,  245,  403,  481,  719,  248,  745,  752],
        [  698,  698,  372,  212,  732,  590,  695,  316,  790,  494,  590,  515,  492,  499,  359,    0,  340,  534,  587,  609,  840,  194,  691,  331,  257,  193,  203,  388,  509,  410,  392,  220,  687,  558,  915,  216,  554,  406,  672,  403,  699,  628,  207,  354,  353,  209,  364,  599,  534,  528,  465,  177,  254,  334,  514,  638,  395,  368,  275,  458,  371,  136,  449,  426],
        [  965,  965,  400,  504, 1068,  801,  861,  605, 1093,  830,  895,  830,  761,  817,  394,  340,    0,  873,  821,  946, 1173,  375, 1029,  613,  480,  148,  539,  708,  803,  743,  701,  132,  939,  882, 1240,  215,  892,  396, 1011,  742,  928,  828,  152,  585,  629,  546,  637,  834,  861,  757,  584,  491,  592,  641,  817,  952,  709,  572,   82,  749,  647,  253,  774,  728],
        [  467,  467,  737,  442,  207,  559,  701,  363,  401,  142,  356,  215,  389,  202,  726,  534,  873,    0,  505,  136,  322,  572,  160,  372,  543,  727,  336,  283,  380,  194,  328,  748,  503,  248,  426,  723,  109,  784,  147,  136,  570,  597,  738,  475,  380,  328,  385,  581,  223,  564,  671,  421,  282,  305,  270,  259,  249,  523,  808,  316,  431,  637,  244,  345],
        [  169,  169,  478,  678,  550,   64,  197,  286,  366,  613,  830,  292,  128,  303,  475,  587,  821,  505,    0,  640,  592,  451,  555,  267,  781,  719,  462,  669,  815,  600,  711,  698,  124,  732,  577,  793,  610,  514,  615,  500,  113,   94,  754,  241,  243,  474,  230,  998,  702,  953,  303,  629,  459,  303,  236,  320,  298,  249,  797,  202,  778,  584,  676,  745],
        [  592,  592,  854,  473,  232,  695,  837,  487,  497,  121,  261,  349,  525,  338,  842,  609,  946,  136,  640,    0,  339,  678,  179,  499,  559,  799,  426,  275,  316,  209,  311,  828,  633,  158,  464,  776,   55,  900,   98,  217,  702,  733,  803,  603,  509,  414,  515,  510,  147,  510,  801,  466,  373,  430,  405,  375,  380,  651,  876,  452,  414,  726,  213,  312],
        [  463,  463,  971,  763,  116,  655,  773,  599,  274,  435,  594,  368,  526,  374,  962,  840, 1173,  322,  592,  339,    0,  838,  169,  600,  863, 1031,  637,  593,  654,  509,  635, 1044,  519,  495,  132, 1039,  370, 1016,  242,  455,  597,  678, 1046,  683,  596,  632,  594,  847,  485,  848,  852,  741,  587,  548,  407,  277,  478,  725, 1114,  484,  740,  927,  541,  644],
        [  591,  591,  194,  386,  743,  438,  523,  243,  726,  580,  725,  477,  387,  467,  181,  194,  375,  572,  451,  678,  838,    0,  713,  247,  449,  270,  260,  518,  658,  508,  535,  248,  566,  670,  888,  359,  625,  236,  718,  462,  560,  470,  308,  212,  259,  275,  266,  776,  641,  708,  274,  341,  310,  290,  454,  593,  360,  205,  347,  382,  540,  135,  567,  572],
        [  468,  468,  865,  598,   55,  616,  750,  486,  334,  267,  439,  279,  460,  278,  855,  691, 1029,  160,  555,  179,  169,  713,    0,  491,  697,  884,  490,  425,  491,  341,  467,  902,  517,  336,  288,  882,  203,  911,   89,  295,  592,  648,  895,  587,  493,  483,  495,  688,  322,  684,  774,  579,  438,  430,  332,  246,  364,  633,  966,  400,  572,  789,  373,  476],
        [  368,  368,  375,  413,  513,  287,  418,   20,  481,  429,  624,  234,  162,  226,  365,  331,  613,  372,  267,  499,  600,  247,  491,    0,  514,  489,  198,  436,  587,  386,  472,  482,  357,  541,  643,  544,  453,  421,  515,  302,  377,  329,  518,  106,   25,  211,   38,  755,  510,  702,  304,  363,  206,   70,  208,  347,  128,  153,  572,  137,  525,  361,  460,  509],
        [  856,  856,  628,  110,  748,  798,  920,  495,  894,  441,  433,  620,  666,  601,  615,  257,  480,  543,  781,  559,  863,  449,  697,  514,    0,  352,  321,  285,  334,  358,  258,  407,  859,  448,  966,  267,  511,  660,  647,  415,  889,  839,  331,  573,  539,  312,  551,  361,  436,  285,  714,  154,  339,  485,  641,  734,  521,  598,  399,  609,  175,  378,  351,  273],
        [  851,  851,  363,  362,  924,  708,  788,  478,  965,  682,  754,  696,  644,  682,  353,  193,  148,  727,  719,  799, 1031,  270,  884,  489,  352,    0,  395,  563,  664,  596,  557,   61,  831,  736, 1102,  121,  744,  377,  864,  595,  830,  740,   44,  479,  508,  401,  517,  712,  715,  636,  521,  345,  447,  509,  687,  819,  575,  475,   85,  624,  511,  136,  627,  586],
        [  538,  538,  448,  216,  529,  485,  614,  179,  600,  321,  472,  322,  345,  305,  435,  203,  539,  336,  462,  426,  637,  260,  490,  198,  321,  395,    0,  268,  416,  249,  295,  413,  539,  411,  714,  410,  372,  492,  478,  210,  569,  526,  410,  277,  223,   17,  235,  566,  382,  509,  455,  168,   54,  165,  331,  444,  208,  314,  478,  291,  332,  303,  311,  332],
        [  691,  691,  710,  209,  478,  707,  847,  418,  673,  160,  208,  427,  542,  408,  697,  388,  708,  283,  669,  275,  593,  518,  425,  436,  285,  563,  268,    0,  152,   90,   48,  602,  711,  175,  706,  519,  229,  753,  366,  185,  762,  749,  558,  532,  457,  252,  468,  331,  156,  295,  720,  218,  235,  377,  467,  518,  372,  574,  632,  470,  149,  521,   68,   77],
        [  824,  824,  851,  304,  545,  855,  996,  569,  781,  238,  100,  558,  688,  540,  838,  509,  803,  380,  815,  316,  654,  658,  491,  587,  334,  664,  416,  152,    0,  217,  123,  710,  849,  161,  778,  597,  291,  892,  413,  319,  904,  897,  651,  683,  608,  400,  619,  202,  170,  195,  870,  332,  386,  527,  603,  634,  517,  725,  723,  614,  160,  644,  144,   86],
        [  609,  609,  696,  266,  394,  643,  784,  369,  584,   88,  238,  344,  473,  326,  683,  410,  743,  194,  600,  209,  509,  508,  341,  386,  358,  596,  249,   90,  217,    0,  137,  629,  633,  163,  619,  568,  156,  740,  290,  103,  688,  684,  598,  488,  404,  234,  414,  411,  134,  381,  682,  259,  203,  321,  388,  430,  303,  532,  671,  399,  237,  534,   76,  159],
        [  736,  736,  729,  197,  521,  747,  886,  454,  720,  200,  199,  473,  584,  455,  715,  392,  701,  328,  711,  311,  635,  535,  467,  472,  258,  557,  295,   48,  123,  137,    0,  601,  756,  192,  750,  504,  268,  770,  404,  232,  805,  790,  549,  565,  494,  279,  505,  288,  179,  249,  749,  217,  268,  415,  513,  565,  415,  606,  623,  513,  105,  527,   98,   38],
        [  837,  837,  313,  408,  940,  681,  753,  474,  963,  713,  798,  699,  632,  686,  304,  220,  132,  748,  698,  828, 1044,  248,  902,  482,  407,   61,  413,  602,  710,  629,  601,    0,  813,  775, 1109,  181,  773,  323,  888,  619,  806,  711,  101,  459,  499,  421,  508,  768,  752,  692,  481,  386,  466,  510,  686,  821,  578,  450,  104,  618,  560,  122,  666,  631],
        [   58,   58,  602,  752,  500,  172,  258,  374,  266,  629,  850,  295,  197,  311,  599,  687,  939,  503,  124,  633,  519,  566,  517,  357,  859,  831,  539,  711,  849,  633,  756,  813,    0,  746,  483,  898,  612,  638,  589,  531,   78,  177,  864,  355,  334,  548,  323, 1042,  718, 1003,  425,  706,  525,  375,  246,  271,  347,  369,  911,  252,  834,  697,  706,  787],
        [  713,  713,  858,  383,  390,  780,  923,  525,  643,  119,  109,  452,  608,  437,  845,  558,  882,  248,  732,  158,  495,  670,  336,  541,  448,  736,  411,  175,  161,  163,  192,  775,  746,    0,  622,  692,  144,  903,  254,  241,  808,  820,  733,  644,  557,  396,  566,  353,   31,  355,  841,  392,  365,  473,  504,  507,  443,  690,  806,  532,  284,  688,  110,  179],
        [  425,  425, 1000,  862,  233,  639,  740,  646,  218,  552,  723,  412,  539,  424,  993,  915, 1240,  426,  577,  464,  132,  888,  288,  643,  966, 1102,  714,  706,  778,  619,  750, 1109,  483,  622,    0, 1122,  490, 1044,  369,  552,  558,  655, 1122,  712,  634,  712,  630,  974,  609,  971,  862,  835,  668,  601,  437,  297,  532,  750, 1187,  513,  854,  990,  658,  762],
        [  912,  912,  479,  310,  927,  790,  881,  531, 1004,  656,  693,  728,  705,  712,  468,  216,  215,  723,  793,  776, 1039,  359,  882,  544,  267,  121,  410,  519,  597,  568,  504,  181,  898,  692, 1122,    0,  723,  496,  851,  588,  905,  825,   82,  555,  566,  411,  577,  619,  674,  542,  625,  310,  455,  550,  729,  851,  609,  560,  135,  673,  439,  231,  586,  528],
        [  576,  576,  803,  422,  258,  663,  805,  440,  499,   70,  253,  322,  491,  308,  791,  554,  892,  109,  610,   55,  370,  625,  203,  453,  511,  744,  372,  229,  291,  156,  268,  773,  612,  144,  490,  723,    0,  849,  137,  164,  678,  701,  749,  558,  465,  360,  471,  490,  124,  482,  756,  413,  319,  384,  376,  365,  338,  605,  822,  416,  373,  671,  172,  274],
        [  679,  679,   47,  613,  933,  473,  494,  426,  855,  808,  960,  649,  507,  644,   58,  406,  396,  784,  514,  900, 1016,  236,  911,  421,  660,  377,  492,  753,  892,  740,  770,  323,  638,  903, 1044,  496,  849,    0,  929,  686,  603,  489,  420,  334,  421,  507,  422, 1003,  874,  932,  220,  570,  539,  483,  612,  749,  548,  294,  417,  534,  770,  286,  801,  807],
        [  543,  543,  883,  555,  139,  674,  812,  506,  422,  207,  355,  327,  510,  321,  872,  672, 1011,  147,  615,   98,  242,  718,   89,  515,  647,  864,  478,  366,  413,  290,  404,  888,  589,  254,  369,  851,  137,  929,    0,  270,  662,  708,  872,  616,  521,  468,  524,  606,  244,  608,  809,  543,  424,  448,  383,  320,  389,  663,  944,  443,  509,  780,  307,  408],
        [  507,  507,  640,  310,  341,  544,  687,  287,  493,  128,  332,  243,  374,  224,  628,  403,  742,  136,  500,  217,  455,  462,  295,  302,  415,  595,  210,  185,  319,  103,  232,  619,  531,  241,  552,  588,  164,  686,  270,    0,  586,  585,  604,  406,  317,  200,  325,  512,  210,  480,  604,  286,  157,  233,  285,  336,  205,  453,  676,  298,  325,  513,  177,  259],
        [  135,  135,  571,  785,  577,  131,  184,  395,  341,  690,  911,  357,  226,  372,  570,  699,  928,  570,  113,  702,  597,  560,  592,  377,  889,  830,  569,  762,  904,  688,  805,  806,   78,  808,  558,  905,  678,  603,  662,  586,    0,  119,  865,  352,  353,  580,  341, 1092,  779, 1050,  385,  737,  562,  407,  305,  347,  392,  357,  907,  294,  878,  694,  762,  838],
        [  233,  233,  459,  740,  641,   43,  105,  348,  440,  701,  917,  385,  213,  395,  458,  628,  828,  597,   94,  733,  678,  470,  648,  329,  839,  740,  526,  749,  897,  684,  790,  711,  177,  820,  655,  825,  701,  489,  708,  585,  119,    0,  778,  274,  304,  539,  292, 1076,  790, 1027,  269,  690,  531,  376,  328,  410,  381,  266,  813,  289,  851,  605,  760,  824],
        [  883,  883,  406,  353,  937,  745,  828,  506,  990,  685,  744,  718,  675,  704,  396,  207,  152,  738,  754,  803, 1046,  308,  895,  518,  331,   44,  410,  558,  651,  598,  549,  101,  864,  733, 1122,   82,  749,  420,  872,  604,  865,  778,    0,  514,  538,  414,  548,  688,  712,  612,  563,  342,  460,  533,  713,  841,  597,  513,   74,  651,  495,  174,  624,  577],
        [  381,  381,  289,  480,  604,  237,  348,  120,  531,  533,  725,  317,  183,  313,  281,  354,  585,  475,  241,  603,  683,  212,  587,  106,  573,  479,  277,  532,  683,  488,  565,  459,  355,  644,  712,  555,  558,  334,  616,  406,  352,  274,  514,    0,   96,  292,   93,  842,  614,  785,  199,  430,  298,  175,  278,  416,  228,   48,  557,  201,  608,  344,  560,  602],
        [  347,  347,  376,  438,  512,  263,  395,   44,  467,  444,  642,  229,  139,  223,  367,  353,  629,  380,  243,  509,  596,  259,  493,   25,  539,  508,  223,  457,  608,  404,  494,  499,  334,  557,  634,  566,  465,  421,  521,  317,  353,  304,  538,   96,    0,  235,   13,  778,  526,  726,  292,  388,  229,   85,  198,  337,  133,  143,  591,  123,  548,  378,  479,  531],
        [  546,  546,  463,  205,  524,  498,  628,  192,  603,  308,  456,  324,  355,  307,  450,  209,  546,  328,  474,  414,  632,  275,  483,  211,  312,  401,   17,  252,  400,  234,  279,  421,  548,  396,  712,  411,  360,  507,  468,  200,  580,  539,  414,  292,  235,    0,  248,  551,  367,  495,  471,  158,   46,  174,  335,  445,  213,  329,  483,  299,  317,  313,  295,  316],
        [  336,  336,  377,  450,  513,  250,  383,   56,  460,  451,  652,  227,  129,  222,  368,  364,  637,  385,  230,  515,  594,  266,  495,   38,  551,  517,  235,  468,  619,  414,  505,  508,  323,  566,  630,  577,  471,  422,  524,  325,  341,  292,  548,   93,   13,  248,    0,  789,  535,  737,  287,  400,  241,   94,  193,  333,  136,  140,  600,  117,  560,  387,  489,  541],
        [ 1019, 1019,  966,  391,  742, 1034, 1171,  736,  982,  440,  256,  754,  872,  736,  953,  599,  834,  581,  998,  510,  847,  776,  688,  755,  361,  712,  566,  331,  202,  411,  288,  768, 1042,  353,  974,  619,  490, 1003,  606,  512, 1092, 1076,  688,  842,  778,  551,  789,    0,  368,   77, 1017,  436,  549,  701,  797,  835,  702,  880,  753,  800,  238,  730,  342,  255],
        [  685,  685,  829,  365,  376,  750,  893,  494,  621,   90,  134,  424,  578,  408,  816,  534,  861,  223,  702,  147,  485,  641,  322,  510,  436,  715,  382,  156,  170,  134,  179,  752,  718,   31,  609,  674,  124,  874,  244,  210,  779,  790,  712,  614,  526,  367,  535,  368,    0,  364,  810,  370,  336,  442,  475,  482,  413,  659,  786,  502,  277,  662,   89,  172],
        [  984,  984,  897,  323,  739,  985, 1120,  683,  962,  425,  274,  722,  827,  703,  883,  528,  757,  564,  953,  510,  848,  708,  684,  702,  285,  636,  509,  295,  195,  381,  249,  692, 1003,  355,  971,  542,  482,  932,  608,  480, 1050, 1027,  612,  785,  726,  495,  737,   77,  364,    0,  954,  370,  497,  652,  761,  810,  659,  821,  676,  757,  178,  657,  321,  222],
        [  472,  472,  194,  637,  785,  256,  280,  317,  660,  731,  918,  496,  327,  497,  196,  465,  584,  671,  303,  801,  852,  274,  774,  304,  714,  521,  455,  720,  870,  682,  749,  481,  425,  841,  862,  625,  756,  220,  809,  604,  385,  269,  563,  199,  292,  471,  287, 1017,  810,  954,    0,  587,  486,  373,  449,  577,  423,  152,  584,  375,  779,  395,  753,  787],
        [  703,  703,  532,   51,  627,  649,  775,  344,  748,  346,  415,  471,  513,  452,  519,  177,  491,  421,  629,  466,  741,  341,  579,  363,  154,  345,  168,  218,  332,  259,  217,  386,  706,  392,  835,  310,  413,  570,  543,  286,  737,  690,  342,  430,  388,  158,  400,  436,  370,  370,  587,    0,  187,  332,  489,  588,  368,  460,  416,  456,  201,  312,  283,  249],
        [  518,  518,  494,  230,  478,  488,  623,  187,  564,  271,  434,  286,  337,  268,  481,  254,  592,  282,  459,  373,  587,  310,  438,  206,  339,  447,   54,  235,  386,  203,  268,  466,  525,  365,  668,  455,  319,  539,  424,  157,  562,  531,  460,  298,  229,   46,  241,  549,  336,  497,  486,  187,    0,  156,  303,  406,  183,  339,  529,  274,  321,  357,  270,  305],
        [  375,  375,  436,  379,  455,  334,  471,   59,  458,  360,  559,  190,  182,  178,  426,  334,  641,  305,  303,  430,  548,  290,  430,   70,  485,  509,  165,  377,  527,  321,  415,  510,  375,  473,  601,  550,  384,  483,  448,  233,  407,  376,  533,  175,   85,  174,   94,  701,  442,  652,  373,  332,  156,    0,  180,  311,   71,  222,  593,  128,  476,  390,  395,  451],
        [  224,  224,  567,  531,  338,  292,  432,  213,  278,  386,  607,   57,  129,   69,  559,  514,  817,  270,  236,  405,  407,  454,  332,  208,  641,  687,  331,  467,  603,  388,  513,  686,  246,  504,  437,  729,  376,  612,  383,  285,  305,  328,  713,  278,  198,  335,  193,  797,  475,  761,  449,  489,  303,  180,    0,  140,  123,  320,  772,   78,  595,  565,  461,  543],
        [  223,  223,  705,  624,  232,  383,  510,  351,  161,  398,  615,  124,  250,  140,  697,  638,  952,  259,  320,  375,  277,  593,  246,  347,  734,  819,  444,  518,  634,  430,  565,  821,  271,  507,  297,  851,  365,  749,  320,  336,  347,  410,  841,  416,  337,  445,  333,  835,  482,  810,  577,  588,  406,  311,  140,    0,  245,  456,  903,  217,  660,  700,  493,  589],
        [  337,  337,  502,  412,  387,  340,  482,  123,  396,  326,  537,  122,  171,  109,  492,  395,  709,  249,  298,  380,  478,  360,  364,  128,  521,  575,  208,  372,  517,  303,  415,  578,  347,  443,  532,  609,  338,  548,  389,  205,  392,  381,  597,  228,  133,  213,  136,  702,  413,  659,  423,  368,  183,   71,  123,  245,    0,  275,  659,   98,  488,  458,  379,  448],
        [  402,  402,  251,  511,  649,  233,  328,  166,  563,  580,  769,  361,  214,  358,  245,  368,  572,  523,  249,  651,  725,  205,  633,  153,  598,  475,  314,  574,  725,  532,  606,  450,  369,  690,  750,  560,  605,  294,  663,  453,  357,  266,  513,   48,  143,  329,  140,  880,  659,  821,  152,  460,  339,  222,  320,  456,  275,    0,  551,  242,  643,  340,  604,  643],
        [  933,  933,  412,  426, 1006,  783,  856,  562, 1049,  758,  816,  781,  726,  766,  403,  275,   82,  808,  797,  876, 1114,  347,  966,  572,  399,   85,  478,  632,  723,  671,  623,  104,  911,  806, 1187,  135,  822,  417,  944,  676,  907,  813,   74,  557,  591,  483,  600,  753,  786,  676,  584,  416,  529,  593,  772,  903,  659,  551,    0,  707,  566,  215,  698,  649],
        [  248,  248,  490,  502,  410,  249,  391,  146,  345,  413,  629,  122,   76,  123,  481,  458,  749,  316,  202,  452,  484,  382,  400,  137,  609,  624,  291,  470,  614,  399,  513,  618,  252,  532,  513,  673,  416,  534,  443,  298,  294,  289,  651,  201,  123,  299,  117,  800,  502,  757,  375,  456,  274,  128,   78,  217,   98,  242,  707,    0,  585,  497,  474,  546],
        [  819,  819,  732,  160,  625,  808,  942,  506,  817,  305,  258,  561,  653,  542,  719,  371,  647,  431,  778,  414,  740,  540,  572,  525,  175,  511,  332,  149,  160,  237,  105,  560,  834,  284,  854,  439,  373,  770,  509,  325,  878,  851,  495,  608,  548,  317,  560,  238,  277,  178,  779,  201,  321,  476,  595,  660,  488,  643,  566,  585,    0,  505,  202,  106],
        [  719,  719,  260,  346,  825,  572,  655,  353,  841,  615,  724,  579,  513,  566,  248,  136,  253,  637,  584,  726,  927,  135,  789,  361,  378,  136,  303,  521,  644,  534,  527,  122,  697,  688,  990,  231,  671,  286,  780,  513,  694,  605,  174,  344,  378,  313,  387,  730,  662,  657,  395,  312,  357,  390,  565,  700,  458,  340,  215,  497,  505,    0,  580,  560],
        [  680,  680,  758,  276,  427,  718,  860,  443,  643,  107,  165,  415,  549,  397,  745,  449,  774,  244,  676,  213,  541,  567,  373,  460,  351,  627,  311,   68,  144,   76,   98,  666,  706,  110,  658,  586,  172,  801,  307,  177,  762,  760,  624,  560,  479,  295,  489,  342,   89,  321,  753,  283,  270,  395,  461,  493,  379,  604,  698,  474,  202,  580,    0,  104],
        [  766,  766,  766,  225,  531,  782,  921,  491,  741,  210,  168,  501,  618,  483,  752,  426,  728,  345,  745,  312,  644,  572,  476,  509,  273,  586,  332,   77,   86,  159,   38,  631,  787,  179,  762,  528,  274,  807,  408,  259,  838,  824,  577,  602,  531,  316,  541,  255,  172,  222,  787,  249,  305,  451,  543,  589,  448,  643,  649,  546,  106,  560,  104,    0]
    ]
}
