{
    "name": "random-23-15929",
    "comment": "size=23 seed=15929",
    "nodes": ["+0", "-0", "+1", "-1", "+2", "-2", "+3", "-3", "+4", "-4", "+5", "-5", "+6", "-6", "+7", "-7", "+8", "-8", "+9", "-9", "+10", "-10", "+11", "-11", "+12", "-12", "+13", "-13", "+14", "-14", "+15", "-15", "+16", "-16", "+17", "-17", "+18", "-18", "+19", "-19", "+20", "-20", "+21", "-21", "+22", "-22", "+23", "-23"],
    "precedence": {
        "+0": "-0",
        "+1": "-1",
        "+2": "-2",
        "+3": "-3",
        "+4": "-4",
        "+5": "-5",
        "+6": "-6",
        "+7": "-7",
        "+8": "-8",
        "+9": "-9",
        "+10": "-10",
        "+11": "-11",
        "+12": "-12",
        "+13": "-13",
        "+14": "-14",
        "+15": "-15",
        "+16": "-16",
        "+17": "-17",
        "+18": "-18",
        "+19": "-19",
        "+20": "-20",
        "+21": "-21",
        "+22": "-22",
        "+23": "-23"
    },
    "edges": [
        [    0,    0,  311,  217,  765,  272,  762,  487,  652,  917,  454,  773,  459,  749,  662,  735,  518,  427,  492,  357,  824,  747,  444,  915,  640,  743,  474,  558,  589,  703,  494,  611,  175, 1020,  678,  849,  512,  528,  705,  752,  218,  591,  454,  818,  653,  303,  706,  704],
        [    0,    0,  311,  217,  765,  272,  762,  487,  652,  917,  454,  773,  459,  749,  662,  735,  518,  427,  492,  357,  824,  747,  444,  915,  640,  743,  474,  558,  589,  703,  494,  611,  175, 1020,  678,  849,  512,  528,  705,  752,  218,  591,  454,  818,  653,  303,  706,  704],
        [  311,  311,    0,  251,  620,  361,  458,  209,  341,  607,  430,  471,  461,  543,  558,  480,  462,  128,  275,  282,  525,  458,  477,  613,  330,  517,  190,  250,  328,  421,  187,  523,  425,  715,  454,  566,  310,  345,  394,  529,  317,  289,  260,  510,  448,  172,  507,  440],
        [  217,  217,  251,    0,  549,  112,  626,  459,  543,  821,  246,  706,  261,  542,  764,  548,  641,  375,  304,  455,  674,  586,  259,  767,  554,  542,  334,  440,  415,  538,  382,  721,  217,  940,  478,  812,  314,  577,  606,  550,  385,  527,  492,  730,  449,  126,  499,  690],
        [  765,  765,  620,  549,    0,  531,  553,  735,  603,  797,  344,  796,  365,  165, 1159,  315, 1079,  660,  351,  901,  531,  448,  408,  593,  664,  222,  479,  546,  368,  415,  547, 1132,  718,  928,  234,  939,  314,  928,  656,  213,  901,  699,  855,  759,  204,  489,  162,  901],
        [  272,  272,  361,  112,  531,    0,  704,  568,  635,  912,  194,  806,  191,  558,  870,  593,  742,  483,  359,  559,  744,  651,  173,  836,  652,  569,  420,  531,  476,  601,  477,  826,  188, 1035,  510,  917,  358,  687,  699,  575,  470,  630,  602,  825,  473,  215,  515,  799],
        [  762,  762,  458,  626,  553,  704,    0,  384,  141,  247,  637,  266,  678,  392,  780,  241,  767,  376,  356,  649,   81,  107,  719,  157,  201,  335,  295,  208,  244,  141,  271,  775,  840,  380,  325,  406,  373,  561,  145,  345,  756,  271,  527,  210,  365,  501,  393,  422],
        [  487,  487,  209,  459,  735,  568,  384,    0,  243,  453,  617,  292,  651,  619,  431,  510,  389,   90,  392,  269,  463,  433,  674,  534,  194,  577,  258,  214,  380,  416,  190,  414,  625,  541,  526,  364,  430,  199,  266,  590,  403,  125,  145,  351,  538,  369,  593,  231],
        [  652,  652,  341,  543,  603,  635,  141,  243,    0,  278,  606,  200,  647,  455,  645,  317,  627,  243,  325,  510,  221,  207,  683,  293,   69,  403,  217,  104,  242,  208,  163,  638,  749,  401,  370,  340,  354,  423,   66,  415,  623,  133,  386,  193,  400,  422,  443,  310],
        [  917,  917,  607,  821,  797,  912,  247,  453,  278,    0,  871,  175,  912,  633,  738,  483,  774,  492,  586,  711,  272,  350,  950,  248,  278,  576,  493,  382,  483,  387,  440,  750, 1024,  134,  571,  245,  609,  565,  216,  586,  855,  332,  567,  102,  612,  699,  638,  351],
        [  454,  454,  430,  246,  344,  194,  637,  617,  606,  871,    0,  799,   42,  399,  982,  471,  871,  528,  285,  684,  658,  561,   85,  746,  642,  423,  399,  510,  393,  511,  472,  944,  378, 1001,  374,  927,  264,  774,  672,  426,  630,  642,  690,  798,  330,  258,  358,  835],
        [  773,  773,  471,  706,  796,  806,  266,  292,  200,  175,  799,    0,  839,  642,  571,  496,  599,  347,  521,  540,  330,  368,  872,  354,  158,  587,  401,  289,  441,  387,  333,  580,  896,  250,  563,  144,  551,  390,  140,  599,  691,  183,  395,   85,  596,  592,  635,  184],
        [  459,  459,  461,  261,  365,  191,  678,  651,  647,  912,   42,  839,    0,  432, 1009,  510,  894,  562,  326,  707,  699,  601,   48,  786,  682,  459,  438,  550,  435,  552,  511,  969,  369, 1042,  412,  966,  305,  805,  712,  461,  644,  680,  720,  838,  368,  289,  392,  872],
        [  749,  749,  543,  542,  165,  558,  392,  619,  455,  633,  399,  642,  432,    0, 1050,  151,  987,  554,  271,  819,  366,  286,  479,  429,  520,   58,  373,  414,  240,  257,  430, 1028,  740,  764,   94,  786,  243,  817,  504,   49,  849,  564,  750,  600,   98,  450,   44,  762],
        [  662,  662,  558,  764, 1159,  870,  780,  431,  645,  738,  982,  571, 1009, 1050,    0,  939,  152,  499,  809,  313,  859,  850, 1018,  909,  580, 1008,  682,  643,  811,  840,  620,   54,  836,  757,  956,  517,  847,  233,  638, 1021,  453,  513,  305,  655,  966,  726, 1022,  388],
        [  735,  735,  480,  548,  315,  593,  241,  510,  317,  483,  471,  496,  510,  151,  939,    0,  892,  459,  246,  738,  218,  135,  556,  291,  384,   94,  292,  297,  153,  111,  329,  923,  762,  614,  102,  639,  237,  707,  359,  105,  797,  436,  650,  450,  148,  435,  158,  626],
        [  518,  518,  462,  641, 1079,  742,  767,  389,  627,  774,  871,  599,  894,  987,  152,  892,    0,  435,  730,  187,  847,  821,  898,  910,  568,  951,  615,  600,  752,  803,  564,   98,  693,  816,  894,  581,  766,  212,  635,  963,  306,  497,  245,  681,  897,  620,  955,  431],
        [  427,  427,  128,  375,  660,  483,  376,   90,  243,  492,  528,  347,  562,  554,  499,  459,  435,    0,  312,  283,  451,  403,  585,  531,  216,  517,  184,  177,  318,  376,  131,  475,  551,  594,  461,  439,  350,  269,  285,  530,  382,  165,  197,  392,  468,  280,  525,  317],
        [  492,  492,  275,  304,  351,  359,  356,  392,  325,  586,  285,  521,  326,  271,  809,  246,  730,  312,    0,  555,  388,  293,  365,  479,  368,  254,  137,  235,  118,  243,  212,  781,  519,  717,  189,  656,   38,  580,  390,  264,  578,  381,  505,  514,  175,  191,  233,  583],
        [  357,  357,  282,  455,  901,  559,  649,  269,  510,  711,  684,  540,  707,  819,  313,  738,  187,  283,  555,    0,  727,  685,  712,  802,  463,  788,  450,  459,  591,  659,  412,  267,  529,  782,  728,  568,  590,  190,  535,  800,  175,  393,  146,  611,  726,  434,  785,  410],
        [  824,  824,  525,  674,  531,  744,   81,  463,  221,  272,  658,  330,  699,  366,  859,  218,  847,  451,  388,  727,    0,   98,  742,   93,  281,  309,  351,  278,  271,  148,  339,  855,  890,  399,  315,  465,  398,  641,  222,  318,  829,  351,  607,  263,  360,  550,  376,  496],
        [  747,  747,  458,  586,  448,  651,  107,  433,  207,  350,  561,  368,  601,  286,  850,  135,  821,  403,  293,  685,   98,    0,  645,  187,  275,  228,  274,  226,  176,   51,  279,  840,  803,  481,  223,  510,  301,  623,  236,  239,  771,  338,  577,  317,  266,  463,  289,  512],
        [  444,  444,  477,  259,  408,  173,  719,  674,  683,  950,   85,  872,   48,  479, 1018,  556,  898,  585,  365,  712,  742,  645,    0,  830,  715,  506,  471,  584,  476,  595,  542,  977,  338, 1080,  459,  997,  347,  819,  748,  508,  638,  709,  734,  875,  414,  307,  439,  897],
        [  915,  915,  613,  767,  593,  836,  157,  534,  293,  248,  746,  354,  786,  429,  909,  291,  910,  531,  479,  802,   93,  187,  830,    0,  344,  375,  442,  364,  362,  237,  426,  910,  983,  360,  392,  474,  488,  701,  276,  381,  912,  415,  674,  275,  437,  643,  445,  533],
        [  640,  640,  330,  554,  664,  652,  201,  194,   69,  278,  642,  158,  682,  520,  580,  384,  568,  216,  368,  463,  281,  275,  715,  344,    0,  469,  245,  134,  299,  276,  176,  574,  750,  388,  433,  288,  400,  360,   73,  481,  589,   72,  331,  180,  460,  437,  506,  242],
        [  743,  743,  517,  542,  222,  569,  335,  577,  403,  576,  423,  587,  459,   58, 1008,   94,  951,  517,  254,  788,  309,  228,  506,  375,  469,    0,  338,  368,  200,  201,  390,  989,  747,  707,   66,  731,  232,  775,  449,   13,  828,  516,  712,  543,   96,  441,   74,  711],
        [  474,  474,  190,  334,  479,  420,  295,  258,  217,  493,  399,  401,  438,  373,  682,  292,  615,  184,  137,  450,  351,  274,  471,  442,  245,  338,    0,  114,  142,  233,   76,  658,  546,  618,  280,  529,  174,  450,  282,  351,  507,  247,  380,  409,  285,  209,  342,  448],
        [  558,  558,  250,  440,  546,  531,  208,  214,  104,  382,  510,  289,  550,  414,  643,  297,  600,  177,  235,  459,  278,  226,  584,  364,  134,  368,  114,    0,  179,  203,   64,  627,  647,  504,  322,  422,  267,  411,  168,  381,  551,  154,  356,  295,  342,  318,  393,  357],
        [  589,  589,  328,  415,  368,  476,  244,  380,  242,  483,  393,  441,  435,  240,  811,  153,  752,  318,  118,  591,  271,  176,  476,  362,  299,  200,  142,  179,    0,  126,  191,  790,  631,  615,  146,  582,  130,  578,  303,  212,  644,  332,  513,  420,  164,  294,  216,  534],
        [  703,  703,  421,  538,  415,  601,  141,  416,  208,  387,  511,  387,  552,  257,  840,  111,  803,  376,  243,  659,  148,   51,  595,  237,  276,  201,  233,  203,  126,    0,  248,  827,  755,  520,  184,  530,  251,  610,  249,  213,  736,  331,  558,  344,  225,  416,  254,  517],
        [  494,  494,  187,  382,  547,  477,  271,  190,  163,  440,  472,  333,  511,  430,  620,  329,  564,  131,  212,  412,  339,  279,  542,  426,  176,  390,   76,   64,  191,  248,    0,  599,  586,  559,  336,  456,  249,  387,  224,  402,  493,  172,  323,  349,  348,  262,  403,  372],
        [  611,  611,  523,  721, 1132,  826,  775,  414,  638,  750,  944,  580,  969, 1028,   54,  923,   98,  475,  781,  267,  855,  840,  977,  910,  574,  989,  658,  627,  790,  827,  599,    0,  786,  778,  935,  539,  819,  217,  636, 1001,  401,  506,  279,  664,  942,  689,  999,  401],
        [  175,  175,  425,  217,  718,  188,  840,  625,  749, 1024,  378,  896,  369,  740,  836,  762,  693,  551,  519,  529,  890,  803,  338,  983,  750,  747,  546,  647,  631,  755,  586,  786,    0, 1138,  686,  988,  526,  693,  808,  754,  391,  713,  614,  930,  652,  341,  697,  851],
        [ 1020, 1020,  715,  940,  928, 1035,  380,  541,  401,  134, 1001,  250, 1042,  764,  757,  614,  816,  594,  717,  782,  399,  481, 1080,  360,  388,  707,  618,  504,  615,  520,  559,  778, 1138,    0,  703,  240,  740,  617,  337,  716,  938,  430,  636,  210,  745,  821,  769,  386],
        [  678,  678,  454,  478,  234,  510,  325,  526,  370,  571,  374,  563,  412,   94,  956,  102,  894,  461,  189,  728,  315,  223,  459,  392,  433,   66,  280,  322,  146,  184,  336,  935,  686,  703,    0,  706,  167,  723,  423,   76,  764,  474,  657,  527,   47,  376,   73,  673],
        [  849,  849,  566,  812,  939,  917,  406,  364,  340,  245,  927,  144,  966,  786,  517,  639,  581,  439,  656,  568,  465,  510,  997,  474,  288,  731,  529,  422,  582,  530,  456,  539,  988,  240,  706,    0,  688,  390,  284,  742,  734,  289,  424,  203,  738,  706,  778,  159],
        [  512,  512,  310,  314,  314,  358,  373,  430,  354,  609,  264,  551,  305,  243,  847,  237,  766,  350,   38,  590,  398,  301,  347,  488,  400,  232,  174,  267,  130,  251,  249,  819,  526,  740,  167,  688,    0,  618,  418,  241,  607,  416,  542,  541,  146,  210,  203,  619],
        [  528,  528,  345,  577,  928,  687,  561,  199,  423,  565,  774,  390,  805,  817,  233,  707,  212,  269,  580,  190,  641,  623,  819,  701,  360,  775,  450,  411,  578,  610,  387,  217,  693,  617,  723,  390,  618,    0,  426,  788,  364,  291,   86,  470,  734,  517,  790,  232],
        [  705,  705,  394,  606,  656,  699,  145,  266,   66,  216,  672,  140,  712,  504,  638,  359,  635,  285,  390,  535,  222,  236,  748,  276,   73,  449,  282,  168,  303,  249,  224,  636,  808,  337,  423,  284,  418,  426,    0,  461,  661,  143,  402,  128,  456,  485,  495,  278],
        [  752,  752,  529,  550,  213,  575,  345,  590,  415,  586,  426,  599,  461,   49, 1021,  105,  963,  530,  264,  800,  318,  239,  508,  381,  481,   13,  351,  381,  212,  213,  402, 1001,  754,  716,   76,  742,  241,  788,  461,    0,  839,  528,  725,  554,  102,  450,   72,  723],
        [  218,  218,  317,  385,  901,  470,  756,  403,  623,  855,  630,  691,  644,  849,  453,  797,  306,  382,  578,  175,  829,  771,  638,  912,  589,  828,  507,  551,  644,  736,  493,  401,  391,  938,  764,  734,  607,  364,  661,  839,    0,  525,  310,  753,  752,  413,  810,  577],
        [  591,  591,  289,  527,  699,  630,  271,  125,  133,  332,  642,  183,  680,  564,  513,  436,  497,  165,  381,  393,  351,  338,  709,  415,   72,  516,  247,  154,  332,  331,  172,  506,  713,  430,  474,  289,  416,  291,  143,  528,  525,    0,  260,  231,  496,  417,  545,  204],
        [  454,  454,  260,  492,  855,  602,  527,  145,  386,  567,  690,  395,  720,  750,  305,  650,  245,  197,  505,  146,  607,  577,  734,  674,  331,  712,  380,  356,  513,  558,  323,  279,  614,  636,  657,  424,  542,   86,  402,  725,  310,  260,    0,  468,  664,  432,  721,  267],
        [  818,  818,  510,  730,  759,  825,  210,  351,  193,  102,  798,   85,  838,  600,  655,  450,  681,  392,  514,  611,  263,  317,  875,  275,  180,  543,  409,  295,  420,  344,  349,  664,  930,  210,  527,  203,  541,  470,  128,  554,  753,  231,  468,    0,  564,  611,  598,  269],
        [  653,  653,  448,  449,  204,  473,  365,  538,  400,  612,  330,  596,  368,   98,  966,  148,  897,  468,  175,  726,  360,  266,  414,  437,  460,   96,  285,  342,  164,  225,  348,  942,  652,  745,   47,  738,  146,  734,  456,  102,  752,  496,  664,  564,    0,  353,   59,  697],
        [  303,  303,  172,  126,  489,  215,  501,  369,  422,  699,  258,  592,  289,  450,  726,  435,  620,  280,  191,  434,  550,  463,  307,  643,  437,  441,  209,  318,  294,  416,  262,  689,  341,  821,  376,  706,  210,  517,  485,  450,  413,  417,  432,  611,  353,    0,  408,  595],
        [  706,  706,  507,  499,  162,  515,  393,  593,  443,  638,  358,  635,  392,   44, 1022,  158,  955,  525,  233,  785,  376,  289,  439,  445,  506,   74,  342,  393,  216,  254,  403,  999,  697,  769,   73,  778,  203,  790,  495,   72,  810,  545,  721,  598,   59,  408,    0,  746],
        [  704,  704,  440,  690,  901,  799,  422,  231,  310,  351,  835,  184,  872,  762,  388,  626,  431,  317,  583,  410,  496,  512,  897,  533,  242,  711,  448,  357,  534,  517,  372,  401,  851,  386,  673,  159,  619,  232,  278,  723,  577,  204,  267,  269,  697,  595,  746,    0]
    ]
}
