{
    "name": "random-17-26806",
    "comment": "size=17 seed=26806",
    "nodes": ["+0", "-0", "+1", "-1", "+2", "-2", "+3", "-3", "+4", "-4", "+5", "-5", "+6", "-6", "+7", "-7", "+8", "-8", "+9", "-9", "+10", "-10", "+11", "-11", "+12", "-12", "+13", "-13", "+14", "-14", "+15", "-15", "+16", "-16", "+17", "-17"],
    "precedence": {
        "+0": "-0",
        "+1": "-1",
        "+2": "-2",
        "+3": "-3",
        "+4": "-4",
        "+5": "-5",
        "+6": "-6",
        "+7": "-7",
        "+8": "-8",
        "+9": "-9",
        "+10": "-10",
        "+11": "-11",
        "+12": "-12",
        "+13": "-13",
        "+14": "-14",
        "+15": "-15",
        "+16": "-16",
        "+17": "-17"
    },
    "edges": [
        [    0,    0,  701,  225,  568,  439,  396,  302,  418,  399,  296,  386,  521,  504,  838,  635,  443,  695,  246,  430,  779,  289,  367,  371,  424,  476,  281,  357,  491,  369,  474,  524,  224,  324,  330,  392],
        [    0,    0,  701,  225,  568,  439,  396,  302,  418,  399,  296,  386,  521,  504,  838,  635,  443,  695,  246,  430,  779,  289,  367,  371,  424,  476,  281,  357,  491,  369,  474,  524,  224,  324,  330,  392],
        [  701,  701,    0,  800,  134,  344,  563,  517, 1018,  497,  420,  315,  703,  563,  227,  691, 1073,  163,  703,  735,  200,  693,  878,  439,  854,  276,  981,  611,  378,  375,  631,  181,  548,  646,  465,  463],
        [  225,  225,  800,    0,  671,  612,  614,  509,  572,  364,  385,  507,  746,  420,  886,  858,  571,  749,  469,  654,  826,  153,  142,  564,  211,  630,  294,  264,  678,  538,  697,  642,  432,  215,  345,  378],
        [  568,  568,  134,  671,    0,  243,  463,  400,  895,  389,  288,  183,  617,  474,  312,  628,  948,  190,  582,  634,  265,  572,  756,  330,  738,  175,  848,  497,  299,  256,  543,   59,  423,  528,  344,  353],
        [  439,  439,  344,  612,  243,    0,  221,  181,  685,  464,  272,  167,  377,  582,  553,  403,  745,  432,  370,  393,  507,  565,  730,   97,  743,   70,  708,  535,   83,   74,  301,  185,  234,  545,  380,  428],
        [  396,  396,  563,  614,  463,  221,    0,  117,  501,  596,  393,  345,  173,  721,  773,  252,  569,  650,  210,  173,  727,  622,  751,  138,  790,  291,  611,  631,  195,  223,  100,  405,  186,  624,  503,  565],
        [  302,  302,  517,  509,  400,  181,  117,    0,  505,  482,  280,  253,  286,  607,  711,  368,  565,  579,  189,  253,  660,  508,  643,   86,  678,  244,  547,  514,  203,  145,  216,  343,   79,  508,  388,  452],
        [  418,  418, 1018,  572,  895,  685,  501,  505,    0,  815,  679,  723,  484,  922, 1198,  610,   75, 1058,  316,  374, 1142,  690,  694,  588,  778,  748,  333,  771,  688,  643,  500,  839,  472,  734,  740,  805],
        [  399,  399,  497,  364,  389,  464,  596,  482,  815,    0,  204,  300,  767,  126,  534,  837,  841,  406,  574,  721,  475,  221,  400,  479,  361,  440,  628,  119,  546,  406,  695,  387,  435,  162,   94,   38],
        [  296,  296,  420,  385,  288,  272,  393,  280,  679,  204,    0,  127,  565,  329,  543,  633,  719,  400,  400,  526,  483,  304,  481,  275,  481,  264,  571,  264,  352,  206,  492,  257,  244,  276,  113,  173],
        [  386,  386,  315,  507,  183,  167,  345,  253,  723,  300,  127,    0,  515,  415,  475,  562,  773,  336,  418,  503,  420,  430,  607,  209,  606,  142,  666,  382,  250,  124,  440,  139,  254,  399,  222,  263],
        [  521,  521,  703,  746,  617,  377,  173,  286,  484,  767,  565,  515,    0,  892,  922,  131,  558,  807,  286,  116,  880,  776,  887,  307,  936,  443,  683,  795,  325,  392,   77,  561,  342,  784,  673,  737],
        [  504,  504,  563,  420,  474,  582,  721,  607,  922,  126,  329,  415,  892,    0,  550,  962,  942,  442,  695,  845,  495,  267,  413,  602,  348,  551,  705,  159,  664,  527,  821,  484,  560,  206,  219,  158],
        [  838,  838,  227,  886,  312,  553,  773,  711, 1198,  534,  543,  475,  922,  550,    0,  917, 1247,  144,  890,  945,   61,  754,  933,  642,  887,  483, 1111,  651,  598,  567,  849,  371,  727,  695,  542,  511],
        [  635,  635,  691,  858,  628,  403,  252,  368,  610,  837,  633,  562,  131,  962,  917,    0,  684,  816,  410,  246,  882,  873,  997,  360, 1040,  461,  812,  881,  332,  439,  162,  576,  437,  875,  746,  805],
        [  443,  443, 1073,  571,  948,  745,  569,  565,   75,  841,  719,  773,  558,  942, 1247,  684,    0, 1106,  376,  447, 1190,  699,  683,  649,  772,  806,  306,  788,  753,  700,  572,  894,  526,  748,  771,  834],
        [  695,  695,  163,  749,  190,  432,  650,  579, 1058,  406,  400,  336,  807,  442,  144,  816, 1106,    0,  753,  820,   85,  622,  804,  515,  764,  364,  969,  524,  487,  436,  732,  247,  589,  566,  404,  379],
        [  246,  246,  703,  469,  582,  370,  210,  189,  316,  574,  400,  418,  286,  695,  890,  410,  376,  753,    0,  186,  836,  524,  611,  274,  669,  432,  407,  569,  380,  329,  255,  526,  165,  546,  486,  554],
        [  430,  430,  735,  654,  634,  393,  173,  253,  374,  721,  526,  503,  116,  845,  945,  246,  447,  820,  186,    0,  898,  700,  796,  305,  852,  462,  570,  733,  363,  386,  130,  576,  286,  717,  628,  694],
        [  779,  779,  200,  826,  265,  507,  727,  660, 1142,  475,  483,  420,  880,  495,   61,  882, 1190,   85,  836,  898,    0,  694,  874,  594,  829,  439, 1051,  592,  558,  517,  806,  323,  673,  636,  482,  452],
        [  289,  289,  693,  153,  572,  565,  622,  508,  690,  221,  304,  430,  776,  267,  754,  873,  699,  622,  524,  700,  694,    0,  185,  541,  178,  567,  442,  112,  641,  494,  716,  553,  437,   63,  229,  243],
        [  367,  367,  878,  142,  756,  730,  751,  643,  694,  400,  481,  607,  887,  413,  933,  997,  683,  804,  611,  796,  874,  185,    0,  692,   95,  740,  386,  282,  801,  657,  836,  735,  567,  239,  414,  425],
        [  371,  371,  439,  564,  330,   97,  138,   86,  588,  479,  275,  209,  307,  602,  642,  360,  649,  515,  274,  305,  594,  541,  692,    0,  717,  164,  628,  530,  122,   86,  231,  272,  151,  532,  388,  445],
        [  424,  424,  854,  211,  738,  743,  790,  678,  778,  361,  481,  606,  936,  348,  887, 1040,  772,  764,  669,  852,  829,  178,   95,  717,    0,  744,  478,  244,  819,  671,  880,  724,  604,  211,  395,  392],
        [  476,  476,  276,  630,  175,   70,  291,  244,  748,  440,  264,  142,  443,  551,  483,  461,  806,  364,  432,  462,  439,  567,  740,  164,  744,    0,  751,  523,  130,  111,  369,  118,  286,  539,  364,  402],
        [  281,  281,  981,  294,  848,  708,  611,  547,  333,  628,  571,  666,  683,  705, 1111,  812,  306,  969,  407,  570, 1051,  442,  386,  628,  478,  751,    0,  546,  748,  642,  661,  804,  477,  500,  581,  632],
        [  357,  357,  611,  264,  497,  535,  631,  514,  771,  119,  264,  382,  795,  159,  651,  881,  788,  524,  569,  733,  592,  112,  282,  530,  244,  523,  546,    0,  616,  469,  729,  488,  454,   49,  161,  149],
        [  491,  491,  378,  678,  299,   83,  195,  203,  688,  546,  352,  250,  325,  664,  598,  332,  753,  487,  380,  363,  558,  641,  801,  122,  819,  130,  748,  616,    0,  148,  254,  245,  272,  624,  462,  510],
        [  369,  369,  375,  538,  256,   74,  223,  145,  643,  406,  206,  124,  392,  527,  567,  439,  700,  436,  329,  386,  517,  494,  657,   86,  671,  111,  642,  469,  148,    0,  316,  199,  177,  476,  318,  371],
        [  474,  474,  631,  697,  543,  301,  100,  216,  500,  695,  492,  440,   77,  821,  849,  162,  572,  732,  255,  130,  806,  716,  836,  231,  880,  369,  661,  729,  254,  316,    0,  486,  279,  721,  602,  665],
        [  524,  524,  181,  642,   59,  185,  405,  343,  839,  387,  257,  139,  561,  484,  371,  576,  894,  247,  526,  576,  323,  553,  735,  272,  724,  118,  804,  488,  245,  199,  486,    0,  368,  514,  329,  350],
        [  224,  224,  548,  432,  423,  234,  186,   79,  472,  435,  244,  254,  342,  560,  727,  437,  526,  589,  165,  286,  673,  437,  567,  151,  604,  286,  477,  454,  272,  177,  279,  368,    0,  443,  343,  410],
        [  324,  324,  646,  215,  528,  545,  624,  508,  734,  162,  276,  399,  784,  206,  695,  875,  748,  566,  546,  717,  636,   63,  239,  532,  211,  539,  500,   49,  624,  476,  721,  514,  443,    0,  185,  187],
        [  330,  330,  465,  345,  344,  380,  503,  388,  740,   94,  113,  222,  673,  219,  542,  746,  771,  404,  486,  628,  482,  229,  414,  388,  395,  364,  581,  161,  462,  318,  602,  329,  343,  185,    0,   69],
        [  392,  392,  463,  378,  353,  428,  565,  452,  805,   38,  173,  263,  737,  158,  511,  805,  834,  379,  554,  694,  452,  243,  425,  445,  392,  402,  632,  149,  510,  371,  665,  350,  410,  187,   69,    0]
    ]
}
