{
    "name": "random-12-22655",
    "comment": "size=12 seed=22655",
    "nodes": ["+0", "-0", "+1", "-1", "+2", "-2", "+3", "-3", "+4", "-4", "+5", "-5", "+6", "-6", "+7", "-7", "+8", "-8", "+9", "-9", "+10", "-10", "+11", "-11", "+12", "-12"],
    "precedence": {
        "+0": "-0",
        "+1": "-1",
        "+2": "-2",
        "+3": "-3",
        "+4": "-4",
        "+5": "-5",
        "+6": "-6",
        "+7": "-7",
        "+8": "-8",
        "+9": "-9",
        "+10": "-10",
        "+11": "-11",
        "+12": "-12"
    },
    "edges": [
        [    0,    0,  647,  375,  592,  541,  249,  441,  454,  443,  447,  118,  233,  507,  458,  422,  483,  288,  165,  518,  211,  213,  765,  197,  332,  442],
        [    0,    0,  647,  375,  592,  541,  249,  441,  454,  443,  447,  118,  233,  507,  458,  422,  483,  288,  165,  518,  211,  213,  765,  197,  332,  442],
        [  647,  647,    0,  872,  397,  903,  870,  628,  931,  302,  729,  683,  838,  535,  867,  247,  543,  579,  567,  155,  609,  703,  449,  750,  681,  782],
        [  375,  375,  872,    0,  939,  208,  223,  815,   79,  583,  244,  261,  193,  462,  123,  626,  855,  663,  326,  718,  585,  185, 1106,  179,  700,  186],
        [  592,  592,  397,  939,    0, 1049,  839,  308, 1014,  541,  896,  687,  825,  784,  985,  443,  201,  358,  619,  435,  432,  755,  174,  771,  424,  927],
        [  541,  541,  903,  208, 1049,    0,  430,  974,  162,  601,  174,  423,  397,  403,   89,  671,  997,  820,  439,  749,  749,  329, 1207,  356,  872,  124],
        [  249,  249,  870,  223,  839,  430,    0,  657,  289,  621,  422,  188,   44,  587,  343,  629,  717,  515,  310,  727,  433,  208, 1012,  143,  525,  381],
        [  441,  441,  628,  815,  308,  974,  657,    0,  894,  632,  854,  557,  656,  825,  894,  546,  108,  155,  545,  592,  231,  648,  453,  637,  144,  864],
        [  454,  454,  931,   79, 1014,  162,  289,  894,    0,  636,  255,  339,  264,  488,   98,  686,  933,  742,  398,  776,  664,  260, 1180,  258,  778,  190],
        [  443,  443,  302,  583,  541,  601,  621,  632,  636,    0,  428,  436,  583,  251,  567,   99,  590,  517,  313,  150,  504,  430,  664,  486,  619,  481],
        [  447,  447,  729,  244,  896,  174,  422,  854,  255,  428,    0,  340,  380,  238,  162,  500,  864,  702,  310,  576,  640,  247, 1047,  301,  769,   66],
        [  118,  118,  683,  261,  687,  423,  188,  557,  339,  436,  340,    0,  155,  440,  340,  442,  595,  404,  124,  540,  329,   97,  857,   85,  449,  328],
        [  233,  233,  838,  193,  825,  397,   44,  656,  264,  583,  380,  155,    0,  544,  309,  596,  711,  510,  274,  694,  429,  166,  997,  101,  530,  341],
        [  507,  507,  535,  462,  784,  403,  587,  825,  488,  251,  238,  440,  544,    0,  399,  345,  805,  688,  343,  393,  648,  380,  913,  446,  777,  303],
        [  458,  458,  867,  123,  985,   89,  343,  894,   98,  567,  162,  340,  309,  399,    0,  627,  922,  740,  368,  712,  667,  247, 1146,  269,  789,   97],
        [  422,  422,  247,  626,  443,  671,  629,  546,  686,   99,  500,  442,  596,  345,  627,    0,  498,  443,  323,   99,  443,  457,  569,  505,  548,  548],
        [  483,  483,  543,  855,  201,  997,  717,  108,  933,  590,  864,  595,  711,  805,  922,  498,    0,  203,  560,  528,  285,  678,  348,  678,  237,  882],
        [  288,  288,  579,  663,  358,  820,  515,  155,  742,  517,  702,  404,  510,  688,  740,  443,  203,    0,  393,  508,   83,  494,  527,  485,  106,  711],
        [  165,  165,  567,  326,  619,  439,  310,  545,  398,  313,  310,  124,  274,  343,  368,  323,  560,  393,    0,  421,  333,  143,  783,  183,  464,  322],
        [  518,  518,  155,  718,  435,  749,  727,  592,  776,  150,  576,  540,  694,  393,  712,   99,  528,  508,  421,    0,  519,  553,  535,  602,  614,  628],
        [  211,  211,  609,  585,  432,  749,  433,  231,  664,  504,  640,  329,  429,  648,  667,  443,  285,   83,  333,  519,    0,  421,  603,  407,  132,  644],
        [  213,  213,  703,  185,  755,  329,  208,  648,  260,  430,  247,   97,  166,  380,  247,  457,  678,  494,  143,  553,  421,    0,  922,   66,  544,  232],
        [  765,  765,  449, 1106,  174, 1207, 1012,  453, 1180,  664, 1047,  857,  997,  913, 1146,  569,  348,  527,  783,  535,  603,  922,    0,  941,  583, 1083],
        [  197,  197,  750,  179,  771,  356,  143,  637,  258,  486,  301,   85,  101,  446,  269,  505,  678,  485,  183,  602,  407,   66,  941,    0,  524,  275],
        [  332,  332,  681,  700,  424,  872,  525,  144,  778,  619,  769,  449,  530,  777,  789,  548,  237,  106,  464,  614,  132,  544,  583,  524,    0,  771],
        [  442,  442,  782,  186,  927,  124,  381,  864,  190,  481,   66,  328,  341,  303,   97,  548,  882,  711,  322,  628,  644,  232, 1083,  275,  771,    0]
    ]
}
