{
    "name": "random-15-11358",
    "comment": "size=15 seed=11358",
    "nodes": ["+0", "-0", "+1", "-1", "+2", "-2", "+3", "-3", "+4", "-4", "+5", "-5", "+6", "-6", "+7", "-7", "+8", "-8", "+9", "-9", "+10", "-10", "+11", "-11", "+12", "-12", "+13", "-13", "+14", "-14", "+15", "-15"],
    "precedence": {
        "+0": "-0",
        "+1": "-1",
        "+2": "-2",
        "+3": "-3",
        "+4": "-4",
        "+5": "-5",
        "+6": "-6",
        "+7": "-7",
        "+8": "-8",
        "+9": "-9",
        "+10": "-10",
        "+11": "-11",
        "+12": "-12",
        "+13": "-13",
        "+14": "-14",
        "+15": "-15"
    },
    "edges": [
        [    0,    0,  412,  782,  266,  129,  193,  351,  322,  549,  939,  883,  185,  278,  366,  524,  747,  850,  457,  257,  584,  145,  595,  861,  329,  778,  611,  670,  555,  276,  540,  373],
        [    0,    0,  412,  782,  266,  129,  193,  351,  322,  549,  939,  883,  185,  278,  366,  524,  747,  850,  457,  257,  584,  145,  595,  861,  329,  778,  611,  670,  555,  276,  540,  373],
        [  412,  412,    0,  690,  674,  529,  557,  389,  394,  948,  897, 1073,  584,  680,  753,  629,  712,  945,  160,  512,  636,  418,  467,  988,  706, 1063,  992,  560,  959,  195,  906,  589],
        [  782,  782,  690,    0,  894,  792,  735,  431,  460, 1025,  214,  635,  810, 1004,  858,  354,  103,  406,  534,  592,  270,  648,  224,  480,  810,  803,  986,  131, 1058,  589,  888,  525],
        [  266,  266,  674,  894,    0,  148,  163,  500,  467,  288, 1006,  795,   98,  146,  138,  565,  832,  837,  697,  304,  645,  294,  753,  823,  137,  618,  366,  807,  290,  516,  317,  381],
        [  129,  129,  529,  792,  148,    0,   86,  375,  343,  423,  926,  799,   57,  214,  238,  491,  741,  796,  551,  210,  563,  156,  630,  796,  202,  667,  483,  693,  431,  369,  413,  316],
        [  193,  193,  557,  735,  163,   86,    0,  338,  305,  395,  857,  714,   76,  274,  197,  418,  678,  715,  555,  144,  494,  145,  590,  713,  150,  588,  436,  645,  411,  380,  356,  238],
        [  351,  351,  389,  431,  500,  375,  338,    0,   33,  703,  598,  684,  405,  588,  507,  243,  403,  571,  297,  210,  267,  223,  255,  606,  455,  693,  706,  322,  726,  211,  608,  227],
        [  322,  322,  394,  460,  467,  343,  305,   33,    0,  672,  622,  682,  373,  556,  476,  248,  428,  580,  314,  179,  282,  191,  288,  611,  424,  679,  679,  353,  696,  208,  581,  207],
        [  549,  549,  948, 1025,  288,  423,  395,  703,  672,    0, 1085,  725,  367,  373,  200,  672,  943,  848,  948,  494,  757,  540,  935,  809,  252,  477,  119,  968,   41,  775,  162,  510],
        [  939,  939,  897,  214, 1006,  926,  857,  598,  622, 1085,    0,  546,  933, 1131,  943,  441,  196,  305,  743,  717,  364,  798,  432,  381,  901,  771, 1025,  340, 1122,  780,  933,  625],
        [  883,  883, 1073,  635,  795,  799,  714,  684,  682,  725,  546,    0,  772,  941,  675,  447,  534,  242,  964,  632,  466,  753,  726,  166,  660,  276,  625,  681,  765,  889,  566,  519],
        [  185,  185,  584,  810,   98,   57,   76,  405,  373,  367,  933,  772,    0,  199,  182,  494,  753,  786,  600,  219,  570,  196,  660,  780,  149,  625,  427,  718,  375,  420,  359,  312],
        [  278,  278,  680, 1004,  146,  214,  274,  588,  556,  373, 1131,  941,  199,    0,  276,  691,  950,  977,  735,  416,  768,  367,  843,  966,  282,  759,  474,  907,  360,  553,  445,  510],
        [  366,  366,  753,  858,  138,  238,  197,  507,  476,  200,  943,  675,  182,  276,    0,  510,  784,  743,  749,  298,  595,  341,  748,  720,   53,  483,  246,  788,  220,  576,  182,  334],
        [  524,  524,  629,  354,  565,  491,  418,  243,  248,  672,  441,  447,  494,  691,  510,    0,  274,  335,  518,  282,   86,  380,  318,  364,  465,  507,  635,  315,  705,  453,  535,  184],
        [  747,  747,  712,  103,  832,  741,  678,  403,  428,  943,  196,  534,  753,  950,  784,  274,    0,  310,  563,  535,  190,  607,  255,  382,  738,  702,  898,  174,  977,  586,  800,  454],
        [  850,  850,  945,  406,  837,  796,  715,  571,  580,  848,  305,  242,  786,  977,  743,  335,  310,    0,  815,  596,  310,  707,  537,   78,  712,  475,  769,  474,  887,  781,  687,  482],
        [  457,  457,  160,  534,  697,  551,  555,  297,  314,  948,  743,  964,  600,  735,  749,  518,  563,  815,    0,  471,  509,  410,  312,  864,  698,  990,  973,  404,  965,  183,  880,  520],
        [  257,  257,  512,  592,  304,  210,  144,  210,  179,  494,  717,  632,  219,  416,  298,  282,  535,  596,  471,    0,  354,  123,  455,  605,  245,  561,  505,  504,  517,  318,  410,  117],
        [  584,  584,  636,  270,  645,  563,  494,  267,  282,  757,  364,  466,  570,  768,  595,   86,  190,  310,  509,  354,    0,  440,  265,  355,  549,  566,  718,  243,  790,  475,  619,  266],
        [  145,  145,  418,  648,  294,  156,  145,  223,  191,  540,  798,  753,  196,  367,  341,  380,  607,  707,  410,  123,  440,    0,  477,  720,  292,  677,  575,  544,  556,  236,  488,  236],
        [  595,  595,  467,  224,  753,  630,  590,  255,  288,  935,  432,  726,  660,  843,  748,  318,  255,  537,  312,  455,  265,  477,    0,  597,  696,  824,  922,   94,  963,  373,  821,  428],
        [  861,  861,  988,  480,  823,  796,  713,  606,  611,  809,  381,  166,  780,  966,  720,  364,  382,   78,  864,  605,  355,  720,  597,    0,  693,  411,  723,  540,  849,  816,  647,  489],
        [  329,  329,  706,  810,  137,  202,  150,  455,  424,  252,  901,  660,  149,  282,   53,  465,  738,  712,  698,  245,  549,  292,  696,  693,    0,  486,  287,  737,  273,  527,  211,  286],
        [  778,  778, 1063,  803,  618,  667,  588,  693,  679,  477,  771,  276,  625,  759,  483,  507,  702,  475,  990,  561,  566,  677,  824,  411,  486,    0,  367,  808,  516,  869,  330,  475],
        [  611,  611,  992,  986,  366,  483,  436,  706,  679,  119, 1025,  625,  427,  474,  246,  635,  898,  769,  973,  505,  718,  575,  922,  723,  287,  367,    0,  943,  154,  808,  101,  494],
        [  670,  670,  560,  131,  807,  693,  645,  322,  353,  968,  340,  681,  718,  907,  788,  315,  174,  474,  404,  504,  243,  544,   94,  540,  737,  808,  943,    0,  998,  462,  842,  458],
        [  555,  555,  959, 1058,  290,  431,  411,  726,  696,   41, 1122,  765,  375,  360,  220,  705,  977,  887,  965,  517,  790,  556,  963,  849,  273,  516,  154,  998,    0,  789,  202,  540],
        [  276,  276,  195,  589,  516,  369,  380,  211,  208,  775,  780,  889,  420,  553,  576,  453,  586,  781,  183,  318,  475,  236,  373,  816,  527,  869,  808,  462,  789,    0,  719,  395],
        [  540,  540,  906,  888,  317,  413,  356,  608,  581,  162,  933,  566,  359,  445,  182,  535,  800,  687,  880,  410,  619,  488,  821,  647,  211,  330,  101,  842,  202,  719,    0,  394],
        [  373,  373,  589,  525,  381,  316,  238,  227,  207,  510,  625,  519,  312,  510,  334,  184,  454,  482,  520,  117,  266,  236,  428,  489,  286,  475,  494,  458,  540,  395,  394,    0]
    ]
}
