{
    "name": "random-89-11561",
    "comment": "size=89 seed=11561",
    "nodes": ["+0", "-0", "+1", "-1", "+2", "-2", "+3", "-3", "+4", "-4", "+5", "-5", "+6", "-6", "+7", "-7", "+8", "-8", "+9", "-9", "+10", "-10", "+11", "-11", "+12", "-12", "+13", "-13", "+14", "-14", "+15", "-15", "+16", "-16", "+17", "-17", "+18", "-18", "+19", "-19", "+20", "-20", "+21", "-21", "+22", "-22", "+23", "-23", "+24", "-24", "+25", "-25", "+26", "-26", "+27", "-27", "+28", "-28", "+29", "-29", "+30", "-30", "+31", "-31", "+32", "-32", "+33", "-33", "+34", "-34", "+35", "-35", "+36", "-36", "+37", "-37", "+38", "-38", "+39", "-39", "+40", "-40", "+41", "-41", "+42", "-42", "+43", "-43", "+44", "-44", "+45", "-45", "+46", "-46", "+47", "-47", "+48", "-48", "+49", "-49", "+50", "-50", "+51", "-51", "+52", "-52", "+53", "-53", "+54", "-54", "+55", "-55", "+56", "-56", "+57", "-57", "+58", "-58", "+59", "-59", "+60", "-60", "+61", "-61", "+62", "-62", "+63", "-63", "+64", "-64", "+65", "-65", "+66", "-66", "+67", "-67", "+68", "-68", "+69", "-69", "+70", "-70", "+71", "-71", "+72", "-72", "+73", "-73", "+74", "-74", "+75", "-75", "+76", "-76", "+77", "-77", "+78", "-78", "+79", "-79", "+80", "-80", "+81", "-81", "+82", "-82", "+83", "-83", "+84", "-84", "+85", "-85", "+86", "-86", "+87", "-87", "+88", "-88", "+89", "-89"],
    "precedence": {
        "+0": "-0",
        "+1": "-1",
        "+2": "-2",
        "+3": "-3",
        "+4": "-4",
        "+5": "-5",
        "+6": "-6",
        "+7": "-7",
        "+8": "-8",
        "+9": "-9",
        "+10": "-10",
        "+11": "-11",
        "+12": "-12",
        "+13": "-13",
        "+14": "-14",
        "+15": "-15",
        "+16": "-16",
        "+17": "-17",
        "+18": "-18",
        "+19": "-19",
        "+20": "-20",
        "+21": "-21",
        "+22": "-22",
        "+23": "-23",
        "+24": "-24",
        "+25": "-25",
        "+26": "-26",
        "+27": "-27",
        "+28": "-28",
        "+29": "-29",
        "+30": "-30",
        "+31": "-31",
        "+32": "-32",
        "+33": "-33",
        "+34": "-34",
        "+35": "-35",
        "+36": "-36",
        "+37": "-37",
        "+38": "-38",
        "+39": "-39",
        "+40": "-40",
        "+41": "-41",
        "+42": "-42",
        "+43": "-43",
        "+44": "-44",
        "+45": "-45",
        "+46": "-46",
        "+47": "-47",
        "+48": "-48",
        "+49": "-49",
        "+50": "-50",
        "+51": "-51",
        "+52": "-52",
        "+53": "-53",
        "+54": "-54",
        "+55": "-55",
        "+56": "-56",
        "+57": "-57",
        "+58": "-58",
        "+59": "-59",
        "+60": "-60",
        "+61": "-61",
        "+62": "-62",
        "+63": "-63",
        "+64": "-64",
        "+65": "-65",
        "+66": "-66",
        "+67": "-67",
        "+68": "-68",
        "+69": "-69",
        "+70": "-70",
        "+71": "-71",
        "+72": "-72",
        "+73": "-73",
        "+74": "-74",
        "+75": "-75",
        "+76": "-76",
        "+77": "-77",
        "+78": "-78",
        "+79": "-79",
        "+80": "-80",
        "+81": "-81",
        "+82": "-82",
        "+83": "-83",
        "+84": "-84",
        "+85": "-85",
        "+86": "-86",
        "+87": "-87",
        "+88": "-88",
        "+89": "-89"
    },
    "edges": [
        [    0,    0,  251,  668,  691,  729,  259,  378,  414,  600,  169,  804,  595,   63,  389,  540,  494,  657,   34,  590,  476,  600,  266,  357,  253,  310,  524,  190,  239,  435,   74,   87,   99,  616,   81,  452,  216,  957,  480,  233,   19,  427,  689,  787,  164,  731,  111,  647,  415,  653,  391,  249,  627,  315,  126,  565,  737,  230,  622,  243,  665,  549,  872,  251,  380,  741,  371,  482,  554,  251,  597,  280,  615,  269,  530,  105,  241,  740,  247,  780,  384,  158,  454,  509,  605,  289,  659,  630,  653,  217,  702,  318,   12,  637,  821,  536,  347,  637,  175,  531,  222,  681,  756,  808,  588,  569,  507,  494,  906,  188,   58,  172,  311,  626,  565,   73,  413,  455,  247,  158,  353,  359,  657,  352,  568,  236,  626,  680,  683,  291,  315,  156,  139,  261,  559,  421,  565,  838,  589,  407,  327,  535,  548,  835,  423,  657,  219,  150,  379,  412,  701,  124,  242,  456,  551,  788,  229,  617,  384,  265,  593,  475,  718,  712,  237,  365,  119,  452,  492,  694,  684,  427,  892,  650,  548,  403,  375,  573,  342,  750],
        [    0,    0,    0,    0,    0,    0,    0,    0,    0,    0,    0,    0,    0,    0,    0,    0,    0,    0,    0,    0,    0,    0,    0,    0,    0,    0,    0,    0,    0,    0,    0,    0,    0,    0,    0,    0,    0,    0,    0,    0,    0,    0,    0,    0,    0,    0,    0,    0,    0,    0,    0,    0,    0,    0,    0,    0,    0,    0,    0,    0,    0,    0,    0,    0,    0,    0,    0,    0,    0,    0,    0,    0,    0,    0,    0,    0,    0,    0,    0,    0,    0,    0,    0,    0,    0,    0,    0,    0,    0,    0,    0,    0,    0,    0,    0,    0,    0,    0,    0,    0,    0,    0,    0,    0,    0,    0,    0,    0,    0,    0,    0,    0,    0,    0,    0,    0,    0,    0,    0,    0,    0,    0,    0,    0,    0,    0,    0,    0,    0,    0,    0,    0,    0,    0,    0,    0,    0,    0,    0,    0,    0,    0,    0,    0,    0,    0,    0,    0,    0,    0,    0,    0,    0,    0,    0,    0,    0,    0,    0,    0,    0,    0,    0,    0,    0,    0,    0,    0,    0,    0,    0,    0,    0,    0,    0,    0,    0,    0,    0,    0],
        [  251,    0,    0,  868,  881,  957,  382,  568,  484,  822,  382, 1054,  822,  263,  596,  789,  654,  850,  239,  765,  714,  851,  431,  607,  389,  553,  734,  104,   22,  664,  320,  336,  220,  800,  186,  516,  352, 1200,  582,  387,  237,  677,  906, 1038,  326,  943,  140,  834,  490,  891,  641,  267,  837,  545,  131,  766,  830,  264,  856,  331,  865,  622, 1108,  201,  629,  976,  621,  718,  730,  263,  703,  489,  735,  252,  775,  146,  242,  988,   90, 1030,  533,  296,  668,  737,  828,   79,  900,  877,  807,  301,  926,  508,  257,  887, 1050,  714,  596,  719,  332,  741,  348,  931,  986, 1052,  727,  800,  755,  728, 1143,  402,  306,  111,  552,  739,  804,  196,  461,  620,  494,  395,  522,  605,  902,  489,  796,  486,  810,  895,  812,  298,  482,  179,  203,   61,  779,  605,  696, 1081,  796,  653,  106,  784,  793, 1085,  655,  898,  398,  268,  569,  519,  839,  373,  305,  656,  773, 1002,  459,  717,  598,   32,  842,  566,  890,  933,  372,  613,  211,  685,  649,  869,  914,  595, 1142,  807,  771,  647,  572,  652,  115,  997],
        [  668,    0,  868,    0,   51,  190,  498,  301,  998,  139,  696,  539,  753,  623,  750,  529,  920,  927,  699,  941,  278,  448,  438,  507,  829,  582,  796,  847,  866,  266,  599,  599,  762,   94,  746, 1030,  518,  827, 1008,  482,  686,  505,  852,  576,  766,   96,  756,   69,  994,  257,  444,  903,  849,  367,  778,  851, 1218,  629,  214,  865,    4, 1095,  849,  712,  518,  772,  493,  263,  916,  907, 1088,  717, 1078,  929,  321,  746,  901,  604,  808,  502,  879,  784,  749,  211,  138,  857,  276,  599, 1035,  850,  826,  361,  670,  449,  867,  170,  523, 1152,  537,  141,  824,  538,  819,  730, 1023,  199,  376,  246,  860,  696,  616,  758,  606, 1096,  650,  739, 1014,  885,  471,  516,  351,  395,  638,  880,  180,  524,  941,   86, 1111,  942,  389,  691,  666,  840,  771,  829, 1021,  758,   84,  373,  886,  524,  334,  559,  282,  287,  471,  601,  300,  956, 1105,  597,  879,  214,  156,  926,  444, 1112,  285,  864,  531, 1018, 1036,  845,  822,  403,  783,  267,  258, 1010,  188,  285,  646, 1025,  166,  354,  776, 1107,  902,  411],
        [  691,    0,  881,   51,    0,  232,  506,  317, 1033,  188,  729,  587,  801,  644,  792,  578,  963,  975,  723,  987,  323,  498,  451,  550,  863,  624,  842,  866,  881,  305,  624,  626,  787,   84,  768, 1066,  530,  876, 1046,  494,  709,  551,  901,  625,  796,  126,  775,   49, 1029,  306,  488,  931,  897,  398,  798,  898, 1261,  636,  264,  895,   52, 1133,  900,  718,  562,  823,  536,  309,  961,  934, 1129,  756, 1121,  956,  370,  764,  927,  655,  818,  550,  918,  813,  794,  256,  188,  867,  325,  649, 1080,  880,  876,  378,  694,  500,  918,  170,  566, 1193,  551,  176,  856,  589,  870,  780, 1066,  249,  425,  291,  911,  730,  641,  771,  647, 1138,  699,  762, 1048,  927,  505,  543,  361,  436,  688,  917,  229,  560,  988,  132, 1155,  970,  400,  703,  679,  851,  819,  871, 1063,  808,  124,  417,  894,  573,  384,  606,  322,  337,  487,  614,  316,  994, 1151,  627,  908,  235,  202,  976,  472, 1153,  313,  876,  582, 1056, 1083,  895,  855,  445,  808,  309,  251, 1057,  235,  290,  693, 1071,  212,  397,  818, 1146,  909,  459],
        [  729,    0,  957,  190,  232,    0,  618,  413,  996,  138,  713,  365,  655,  698,  709,  430,  874,  838,  757,  872,  261,  326,  547,  476,  839,  561,  723,  918,  952,  295,  656,  650,  815,  277,  809, 1024,  627,  656,  985,  590,  747,  448,  742,  408,  792,  115,  831,  258,  990,  120,  410,  942,  755,  416,  851,  774, 1167,  746,  117,  888,  191, 1073,  697,  828,  477,  639,  458,  251,  852,  946, 1047,  705, 1030,  972,  247,  822,  944,  452,  911,  329,  858,  816,  690,  222,  133,  961,  132,  475,  966,  880,  710,  464,  729,  314,  729,  334,  494, 1116,  634,  235,  844,  395,  689,  576,  970,  162,  301,  238,  703,  708,  673,  850,  582, 1049,  550,  801, 1019,  844,  496,  573,  475,  393,  511,  869,  162,  537,  862,  106, 1050,  975,  506,  789,  761,  940,  685,  789,  975,  601,  198,  352,  994,  427,  247,  381,  307,  144,  568,  699,  412,  943, 1038,  634,  908,  326,  187,  804,  503, 1071,  363,  959,  415, 1000,  949,  729,  836,  394,  836,  279,  421,  925,   48,  426,  467,  956,  188,  344,  742, 1080, 1010,  236],
        [  259,    0,  382,  498,  506,  618,    0,  205,  672,  480,  393,  808,  736,  197,  580,  601,  719,  844,  291,  798,  415,  615,   75,  435,  505,  439,  699,  388,  384,  350,  232,  251,  352,  424,  314,  709,   44, 1025,  730,   48,  272,  496,  841,  810,  417,  582,  299,  458,  672,  580,  429,  501,  794,  257,  323,  750,  984,  132,  535,  501,  495,  804,  973,  215,  462,  851,  439,  413,  763,  502,  843,  485,  856,  515,  496,  288,  488,  786,  313,  776,  622,  415,  629,  412,  485,  362,  593,  701,  874,  475,  842,  157,  268,  646,  943,  337,  436,  888,   86,  386,  478,  716,  878,  884,  821,  476,  501,  416, 1001,  407,  240,  273,  453,  868,  672,  312,  671,  678,  290,  208,  148,  360,  737,  598,  465,  331,  825,  539,  917,  544,  112,  204,  184,  346,  716,  634,  802,  916,  435,  399,  389,  595,  519,  838,  348,  596,   88,  125,  206,  664,  930,  288,  499,  295,  432,  940,  206,  864,  263,  373,  644,  728,  924,  856,  490,  374,  369,  376,  268,  898,  580,  217,  912,  869,  433,  381,  580,  826,  404,  718],
        [  378,    0,  568,  301,  317,  413,  205,    0,  749,  276,  444,  636,  659,  328,  566,  477,  729,  802,  411,  782,  237,  460,  139,  354,  576,  397,  656,  550,  566,  169,  316,  322,  476,  239,  453,  785,  220,  881,  782,  183,  396,  394,  767,  647,  500,  379,  459,  271,  747,  385,  318,  623,  737,  142,  482,  712, 1019,  336,  337,  597,  298,  865,  852,  419,  377,  742,  349,  231,  750,  626,  880,  499,  881,  646,  324,  448,  617,  638,  509,  601,  658,  511,  593,  217,  281,  559,  400,  575,  869,  578,  757,   62,  382,  484,  839,  158,  363,  937,  237,  181,  562,  565,  778,  749,  835,  278,  346,  229,  875,  450,  332,  458,  418,  897,  574,  448,  759,  689,  243,  240,   64,  242,  615,  647,  265,  302,  797,  334,  930,  664,   94,  391,  366,  541,  655,  637,  824,  781,  232,  262,  589,  471,  347,  664,  174,  404,  171,  301,    2,  722,  934,  333,  606,   91,  229,  860,  177,  904,   80,  564,  510,  786,  898,  773,  565,  257,  496,  196,  137,  871,  377,   71,  744,  862,  231,  237,  581,  882,  605,  533],
        [  414,    0,  484,  998, 1033,  996,  672,  749,    0,  892,  307,  914,  531,  477,  321,  637,  243,  462,  384,  356,  742,  743,  667,  522,  174,  436,  411,  385,  463,  734,  448,  435,  332,  971,  381,   38,  628,  941,  110,  641,  403,  563,  568,  874,  256, 1036,  422,  997,   10,  889,  587,  218,  490,  636,  406,  410,  347,  631,  879,  175,  995,  141,  812,  621,  525,  693,  540,  754,  330,  222,  223,  292,  261,  235,  752,  430,  243,  800,  551,  906,  160,  257,  380,  799,  896,  561,  887,  681,  360,  205,  605,  696,  405,  778,  732,  903,  504,  237,  586,  858,  194,  774,  679,  806,  271,  843,  704,  770,  851,  304,  436,  502,  416,  261,  576,  377,   40,  234,  528,  511,  743,  610,  685,  131,  851,  474,  407,  982,  340,  188,  710,  535,  532,  537,  474,  263,  236,  827,  914,  645,  589,  636,  759,  941,  718,  879,  619,  562,  750,   74,  373,  417,  188,  807,  852,  644,  573,  235,  724,  515,  686,   87,  458,  603,  186,  606,  322,  738,  880,  444,  949,  811,  963,  363,  845,  657,  281,  170,  595,  918],
        [  600,    0,  822,  139,  188,  138,  480,  276,  892,    0,  599,  422,  616,  565,  626,  391,  796,  792,  628,  810,  153,  311,  410,  384,  729,  465,  663,  787,  818,  167,  527,  522,  688,  190,  680,  923,  490,  702,  893,  452,  618,  374,  714,  452,  675,  145,  699,  186,  887,  136,  319,  820,  712,  286,  719,  718, 1093,  609,   85,  772,  137,  981,  716,  691,  391,  635,  369,  140,  786,  825,  966,  605,  953,  849,  184,  689,  821,  473,  774,  384,  764,  696,  620,   95,    6,  825,  155,  461,  904,  762,  688,  326,  600,  315,  731,  218,  402, 1033,  497,  102,  730,  405,  682,  598,  897,   62,  239,  123,  729,  596,  544,  715,  487,  972,  512,  672,  912,  762,  375,  443,  339,  282,  501,  770,   44,  422,  808,   91,  983,  856,  369,  652,  625,  804,  636,  706,  897,  627,   87,  251,  857,  386,  196,  445,  181,  164,  431,  562,  276,  845,  975,  511,  790,  191,   51,  788,  372,  990,  226,  824,  394,  905,  901,  707,  724,  287,  709,  156,  300,  875,  102,  295,  531,  894,   52,  236,  656,  990,  873,  298],
        [  169,    0,  382,  696,  729,  713,  393,  444,  307,  599,    0,  710,  441,  218,  222,  429,  331,  489,  157,  422,  453,  513,  372,  264,  135,  189,  359,  291,  365,  435,  162,  142,  164,  665,  200,  342,  351,  824,  344,  355,  171,  326,  528,  683,   83,  741,  252,  692,  305,  616,  319,  237,  463,  331,  254,  398,  594,  394,  598,  176,  693,  424,  727,  419,  279,  595,  281,  464,  386,  243,  452,  113,  463,  271,  482,  251,  247,  625,  403,  691,  230,  114,  290,  504,  603,  438,  618,  508,  488,  171,  545,  392,  158,  551,  669,  596,  248,  501,  309,  556,  131,  576,  604,  676,  430,  554,  443,  479,  762,   21,  156,  330,  180,  476,  426,  190,  320,  290,  226,  208,  441,  321,  529,  209,  560,  177,  458,  687,  526,  266,  410,  324,  307,  409,  400,  254,  410,  704,  612,  363,  475,  426,  494,  740,  420,  613,  325,  308,  444,  281,  541,  113,  198,  501,  555,  626,  267,  474,  418,  404,  484,  345,  551,  553,  127,  321,  177,  443,  576,  527,  666,  507,  785,  485,  549,  369,  207,  443,  488,  680],
        [  804,    0, 1054,  539,  587,  365,  808,  636,  914,  422,  710,    0,  427,  800,  593,  284,  720,  600,  819,  672,  400,  204,  734,  452,  800,  521,  536,  983, 1042,  468,  736,  718,  858,  610,  875,  932,  798,  291,  864,  766,  818,  385,  475,   58,  791,  479,  915,  601,  905,  287,  414,  943,  519,  553,  928,  570,  976,  915,  337,  868,  539,  945,  351,  987,  432,  335,  436,  405,  666,  948,  886,  646,  854,  978,  314,  908,  955,  136, 1036,   38,  756,  823,  540,  428,  420, 1084,  268,  238,  756,  873,  432,  660,  798,  168,  403,  635,  465,  958,  785,  510,  822,  141,  384,  234,  792,  381,  310,  409,  349,  695,  749,  964,  533,  874,  346,  865,  947,  704,  565,  670,  698,  461,  249,  785,  402,  569,  643,  456,  849,  963,  713,  918,  890, 1057,  478,  659,  809,  252,  509,  415, 1121,  286,  291,   32,  466,  258,  731,  841,  635,  846,  825,  682,  897,  576,  445,  504,  623,  908,  559, 1067,  231,  886,  707,  449,  805,  450,  876,  441,  707,  687,  353,  682,  111,  745,  437,  430,  633,  941, 1137,  130],
        [  595,    0,  822,  753,  801,  655,  736,  659,  531,  616,  441,  427,    0,  625,  235,  227,  307,  185,  593,  246,  485,  330,  679,  309,  470,  300,  121,  727,  804,  528,  554,  530,  603,  778,  639,  540,  705,  412,  459,  688,  602,  268,  109,  376,  502,  742,  691,  788,  521,  535,  343,  628,  101,  520,  694,  145,  550,  791,  556,  544,  751,  532,  293,  837,  284,  165,  311,  500,  241,  634,  463,  335,  429,  663,  432,  689,  647,  295,  840,  432,  375,  535,  162,  551,  617,  877,  523,  196,  332,  561,  108,  643,  586,  350,  229,  752,  303,  535,  672,  646,  505,  298,  165,  277,  367,  554,  377,  516,  331,  421,  559,  765,  291,  449,  105,  629,  569,  301,  448,  534,  698,  418,  179,  415,  574,  406,  219,  695,  423,  634,  689,  747,  724,  848,   58,  270,  386,  296,  682,  409,  915,  231,  422,  448,  515,  512,  649,  702,  659,  458,  401,  484,  576,  655,  601,  205,  534,  484,  588,  844,  242,  484,  297,  121,  482,  404,  614,  512,  784,  273,  616,  728,  449,  320,  591,  434,  270,  524,  928,  481],
        [   63,    0,  263,  623,  644,  698,  197,  328,  477,  565,  218,  800,  625,    0,  431,  547,  547,  700,   95,  639,  452,  597,  208,  364,  314,  330,  562,  224,  255,  404,   73,   96,  158,  567,  126,  514,  154,  971,  541,  173,   76,  434,  723,  788,  225,  692,  135,  599,  478,  629,  388,  308,  665,  284,  156,  607,  797,  177,  595,  305,  620,  611,  894,  213,  389,  764,  375,  456,  603,  310,  657,  325,  673,  325,  514,  125,  298,  746,  237,  774,  441,  220,  492,  477,  570,  284,  637,  642,  705,  279,  733,  267,   72,  633,  848,  484,  357,  698,  113,  490,  284,  684,  782,  823,  644,  540,  497,  466,  927,  236,   68,  164,  336,  684,  585,  122,  475,  507,  236,  133,  297,  345,  672,  411,  536,  240,  673,  642,  739,  351,  258,  124,  100,  258,  593,  471,  622,  854,  547,  393,  321,  542,  533,  831,  394,  636,  162,   91,  329,  473,  756,  142,  303,  411,  515,  823,  197,  677,  344,  270,  599,  536,  767,  744,  298,  354,  176,  424,  436,  742,  654,  372,  893,  702,  513,  385,  421,  634,  337,  737],
        [  389,    0,  596,  750,  792,  709,  580,  566,  321,  626,  222,  593,  235,  431,    0,  319,  171,  270,  379,  220,  475,  428,  540,  243,  236,  173,  138,  498,  578,  489,  365,  341,  378,  747,  419,  340,  542,  642,  281,  536,  392,  262,  310,  553,  272,  769,  472,  766,  313,  595,  308,  393,  242,  428,  472,  177,  469,  606,  595,  309,  748,  368,  528,  638,  236,  399,  259,  489,  186,  399,  340,  110,  329,  428,  462,  472,  412,  481,  624,  586,  164,  304,   74,  540,  630,  657,  589,  361,  304,  326,  333,  530,  378,  462,  460,  696,  227,  408,  504,  619,  270,  453,  398,  499,  275,  570,  409,  507,  565,  202,  365,  551,  150,  347,  258,  409,  355,  137,  325,  374,  586,  358,  368,  193,  583,  267,  246,  716,  367,  400,  565,  544,  525,  628,  186,   80,  272,  523,  669,  377,  694,  318,  464,  620,  473,  581,  500,  517,  567,  254,  369,  298,  342,  594,  595,  407,  403,  365,  513,  621,  366,  300,  344,  338,  247,  348,  386,  484,  702,  318,  664,  637,  645,  297,  586,  397,   41,  372,  706,  603],
        [  540,    0,  789,  529,  578,  430,  601,  477,  637,  391,  429,  284,  227,  547,  319,    0,  465,  408,  550,  446,  271,  114,  533,  184,  517,  242,  297,  710,  775,  325,  477,  457,  584,  561,  605,  657,  580,  428,  597,  554,  553,  114,  323,  254,  510,  516,  649,  568,  629,  311,  173,  660,  326,  353,  659,  345,  747,  686,  330,  585,  527,  682,  377,  749,  160,  266,  173,  284,  429,  666,  638,  363,  613,  696,  208,  644,  673,  200,  782,  271,  481,  542,  278,  333,  392,  827,  300,  101,  539,  590,  300,  477,  533,  145,  364,  545,  193,  709,  557,  431,  539,  147,  305,  284,  552,  330,  155,  299,  403,  414,  488,  707,  251,  633,  123,  595,  669,  442,  321,  426,  527,  244,  139,  507,  350,  307,  432,  469,  626,  680,  528,  670,  643,  799,  255,  391,  562,  316,  462,  216,  865,    7,  196,  313,  314,  289,  515,  603,  477,  571,  610,  417,  614,  454,  380,  402,  397,  661,  400,  804,   55,  617,  520,  318,  522,  229,  601,  304,  590,  495,  391,  541,  357,  528,  370,  240,  358,  683,  880,  286],
        [  494,    0,  654,  920,  963,  874,  719,  729,  243,  796,  331,  720,  307,  547,  171,  465,    0,  221,  475,  117,  645,  579,  689,  414,  266,  342,  188,  550,  633,  659,  491,  470,  451,  916,  499,  243,  678,  708,  155,  678,  492,  427,  328,  674,  342,  938,  551,  936,  233,  758,  478,  405,  251,  593,  544,  172,  298,  722,  761,  327,  918,  227,  575,  739,  405,  462,  429,  659,   88,  411,  174,  236,  158,  435,  628,  555,  429,  595,  700,  719,  122,  365,  188,  710,  799,  724,  751,  483,  160,  354,  367,  689,  483,  609,  492,  864,  397,  245,  637,  789,  307,  583,  442,  581,  106,  739,  574,  677,  613,  314,  486,  635,  319,  177,  375,  491,  283,   41,  487,  520,  743,  528,  477,  167,  752,  428,  168,  885,  202,  394,  719,  645,  632,  697,  250,   93,  102,  598,  839,  548,  758,  466,  628,  744,  643,  742,  645,  637,  730,  171,  212,  432,  357,  762,  765,  402,  560,  198,  680,  682,  505,  181,  237,  364,  283,  519,  451,  655,  865,  218,  829,  799,  754,  157,  756,  567,  149,  221,  768,  750],
        [  657,    0,  850,  927,  975,  838,  844,  802,  462,  792,  489,  600,  185,  700,  270,  408,  221,    0,  645,  109,  654,  514,  798,  450,  466,  411,  147,  749,  831,  690,  634,  610,  636,  946,  681,  459,  808,  519,  366,  798,  659,  428,  135,  546,  526,  923,  734,  958,  452,  718,  499,  616,   85,  660,  731,   95,  384,  875,  737,  534,  926,  418,  377,  907,  430,  287,  458,  669,  133,  623,  327,  378,  283,  648,  610,  736,  640,  466,  886,  610,  332,  555,  216,  721,  794,  916,  707,  378,  164,  559,  180,  776,  646,  534,  288,  911,  439,  393,  770,  813,  506,  479,  253,  413,  228,  731,  554,  686,  414,  470,  634,  816,  394,  301,  288,  672,  502,  241,  570,  637,  832,  568,  355,  379,  749,  518,   58,  874,  256,  610,  816,  812,  794,  888,  157,  246,  258,  422,  854,  569,  952,  412,  601,  618,  675,  696,  760,  786,  802,  391,  227,  566,  566,  811,  773,  185,  655,  343,  737,  877,  427,  393,  112,  170,  482,  555,  642,  677,  934,   89,  798,  872,  605,  153,  763,  593,  284,  402,  963,  664],
        [   34,    0,  239,  699,  723,  757,  291,  411,  384,  628,  157,  819,  593,   95,  379,  550,  475,  645,    0,  574,  501,  616,  300,  370,  226,  315,  516,  167,  225,  463,  102,  109,   65,  649,   57,  421,  248,  963,  453,  267,   20,  439,  684,  801,  138,  761,  100,  680,  385,  677,  408,  215,  619,  343,  110,  555,  711,  253,  648,  211,  696,  520,  874,  265,  392,  743,  384,  508,  538,  217,  571,  270,  591,  235,  552,   97,  207,  750,  247,  796,  362,  128,  447,  537,  633,  285,  683,  639,  634,  184,  699,  351,   30,  653,  820,  569,  359,  609,  208,  562,  193,  694,  755,  814,  566,  596,  526,  520,  909,  177,   85,  173,  315,  601,  568,   47,  381,  436,  269,  186,  386,  381,  664,  328,  596,  251,  612,  709,  660,  257,  348,  171,  158,  256,  555,  406,  542,  844,  620,  429,  323,  546,  569,  850,  451,  680,  253,  179,  412,  385,  680,  137,  209,  488,  580,  782,  258,  591,  415,  256,  604,  447,  702,  708,  209,  386,   86,  479,  526,  679,  711,  461,  905,  631,  576,  426,  362,  544,  337,  769],
        [  590,    0,  765,  941,  987,  872,  798,  782,  356,  810,  422,  672,  246,  639,  220,  446,  117,  109,  574,    0,  664,  558,  760,  442,  377,  386,  150,  662,  745,  690,  577,  554,  557,  949,  604,  351,  759,  620,  257,  754,  590,  437,  233,  620,  446,  947,  657,  965,  346,  753,  500,  521,  163,  642,  651,  103,  306,  815,  764,  441,  939,  311,  480,  839,  427,  380,  454,  679,   37,  527,  225,  316,  186,  551,  633,  659,  545,  540,  807,  676,  236,  473,  194,  731,  813,  834,  744,  439,   95,  468,  277,  749,  579,  583,  393,  905,  428,  295,  720,  818,  418,  541,  352,  504,  126,  750,  576,  696,  518,  404,  575,  740,  364,  205,  336,  595,  395,  145,  542,  593,  805,  562,  424,  282,  766,  486,   53,  896,  181,  510,  785,  744,  728,  806,  197,  169,  152,  517,  863,  572,  868,  448,  628,  692,  674,  733,  719,  728,  783,  285,  166,  512,  472,  804,  786,  294,  622,  244,  725,  793,  475,  285,  129,  269,  394,  550,  559,  681,  917,  106,  830,  853,  690,   85,  776,  594,  219,  296,  879,  720],
        [  476,    0,  714,  278,  323,  261,  415,  237,  742,  153,  453,  400,  485,  452,  475,  271,  645,  654,  501,  664,    0,  227,  340,  232,  581,  312,  520,  665,  706,   69,  402,  393,  557,  293,  555,  772,  411,  648,  740,  376,  493,  229,  589,  411,  532,  297,  582,  304,  737,  178,  168,  682,  578,  171,  600,  575,  942,  532,  148,  628,  276,  828,  632,  610,  241,  533,  217,   15,  639,  686,  814,  453,  803,  712,   87,  573,  685,  406,  677,  366,  612,  556,  472,   67,  157,  727,  187,  359,  758,  620,  569,  262,  474,  248,  631,  275,  250,  881,  407,  161,  584,  333,  575,  522,  747,  102,  120,   32,  652,  449,  419,  611,  335,  821,  387,  547,  763,  611,  237,  321,  298,  133,  400,  618,  110,  277,  665,  243,  834,  715,  315,  554,  526,  703,  499,  555,  746,  554,  200,   99,  762,  265,  111,  429,   68,  187,  345,  468,  237,  694,  828,  375,  648,  190,  122,  672,  256,  839,  160,  719,  291,  753,  761,  587,  578,  136,  578,   42,  327,  735,  214,  289,  507,  749,  112,   85,  504,  838,  778,  304],
        [  600,    0,  851,  448,  498,  326,  615,  460,  743,  311,  513,  204,  330,  597,  428,  114,  579,  514,  616,  558,  227,    0,  543,  251,  614,  327,  409,  781,  839,  293,  532,  515,  657,  494,  672,  765,  602,  422,  708,  571,  615,  188,  417,  196,  596,  421,  711,  495,  736,  209,  210,  749,  431,  359,  725,  457,  860,  716,  238,  678,  447,  794,  411,  787,  235,  325,  235,  237,  542,  755,  751,  461,  727,  784,  143,  705,  759,  179,  833,  181,  590,  627,  391,  276,  311,  881,  195,  153,  650,  680,  386,  474,  595,   38,  421,  494,  266,  823,  586,  372,  632,  106,  372,  297,  666,  253,  116,  247,  427,  500,  545,  760,  341,  747,  227,  662,  773,  555,  362,  467,  517,  260,  191,  612,  275,  366,  542,  379,  738,  773,  527,  715,  688,  854,  365,  503,  675,  328,  391,  217,  918,  113,  123,  235,  286,  183,  535,  640,  459,  680,  722,  479,  705,  416,  313,  483,  423,  775,  380,  863,   90,  728,  626,  405,  617,  248,  676,  267,  553,  602,  290,  515,  300,  640,  302,  235,  467,  795,  934,  176],
        [  266,    0,  431,  438,  451,  547,   75,  139,  667,  410,  372,  734,  679,  208,  540,  533,  689,  798,  300,  760,  340,  543,    0,  374,  495,  388,  651,  422,  431,  276,  219,  233,  364,  370,  333,  703,   82,  955,  715,   45,  282,  431,  786,  737,  411,  517,  331,  403,  666,  506,  361,  514,  744,  185,  354,  704,  964,  199,  462,  502,  435,  793,  908,  282,  401,  787,  376,  339,  725,  516,  823,  453,  832,  532,  422,  320,  505,  715,  371,  702,  600,  415,  582,  339,  415,  421,  519,  633,  840,  479,  784,   84,  272,  573,  881,  284,  377,  873,  103,  318,  474,  645,  817,  815,  793,  403,  428,  342,  935,  383,  232,  321,  405,  845,  610,  329,  670,  648,  232,  169,   92,  290,  671,  580,  393,  280,  783,  472,  889,  557,   52,  254,  229,  403,  664,  601,  776,  848,  370,  328,  451,  527,  445,  764,  273,  521,   49,  164,  140,  651,  899,  261,  505,  229,  361,  884,  146,  846,  189,  427,  575,  715,  883,  799,  482,  305,  383,  302,  229,  857,  509,  167,  839,  834,  362,  308,  545,  813,  467,  644],
        [  357,    0,  607,  507,  550,  476,  435,  354,  522,  384,  264,  452,  309,  364,  243,  184,  414,  450,  370,  442,  232,  251,  374,    0,  374,   86,  306,  532,  594,  249,  294,  274,  407,  508,  425,  549,  409,  608,  511,  388,  371,   71,  417,  432,  347,  528,  467,  525,  516,  367,   67,  500,  384,  213,  479,  362,  712,  509,  360,  433,  505,  599,  541,  569,   27,  416,   19,  246,  414,  506,  583,  230,  572,  535,  231,  462,  510,  383,  598,  431,  383,  377,  249,  297,  388,  644,  366,  279,  534,  433,  411,  335,  351,  289,  508,  465,   19,  649,  382,  378,  387,  325,  444,  461,  517,  329,  185,  264,  571,  252,  305,  524,  107,  590,  237,  415,  547,  379,  146,  246,  390,  120,  311,  394,  341,  124,  450,  474,  606,  527,  381,  487,  461,  616,  302,  323,  515,  493,  426,  134,  682,  179,  238,  482,  233,  359,  348,  423,  354,  468,  603,  234,  458,  363,  352,  512,  230,  607,  288,  622,  236,  525,  550,  426,  375,  108,  426,  242,  484,  523,  429,  424,  536,  525,  343,  154,  272,  607,  697,  417],
        [  253,    0,  389,  829,  863,  839,  505,  576,  174,  729,  135,  800,  470,  314,  236,  517,  266,  466,  226,  377,  581,  614,  495,  374,    0,  291,  364,  286,  368,  567,  277,  263,  190,  799,  240,  210,  462,  876,  228,  472,  245,  427,  537,  768,   89,  873,  290,  826,  172,  738,  436,  158,  463,  465,  280,  387,  485,  479,  723,   74,  827,  299,  763,  484,  384,  634,  392,  593,  342,  165,  345,  156,  367,  193,  602,  295,  179,  701,  436,  787,  145,  104,  309,  635,  734,  459,  738,  581,  421,   94,  564,  523,  243,  651,  693,  730,  357,  385,  420,  689,   42,  662,  632,  732,  347,  683,  558,  609,  800,  134,  266,  374,  274,  375,  485,  233,  186,  232,  359,  338,  570,  449,  594,  105,  689,  308,  422,  818,  438,  167,  537,  392,  383,  432,  419,  221,  320,  757,  746,  488,  493,  515,  611,  830,  552,  732,  447,  403,  577,  160,  461,  244,  107,  635,  687,  629,  400,  365,  553,  417,  570,  223,  501,  568,   19,  447,  188,  574,  706,  481,  792,  638,  865,  420,  681,  497,  201,  322,  503,  786],
        [  310,    0,  553,  582,  624,  561,  439,  397,  436,  465,  189,  521,  300,  330,  173,  242,  342,  411,  315,  386,  312,  327,  388,   86,  291,    0,  265,  471,  538,  319,  258,  235,  344,  575,  368,  464,  406,  648,  429,  392,  320,  139,  404,  495,  270,  609,  415,  595,  430,  453,  151,  423,  357,  257,  423,  319,  639,  492,  444,  352,  580,  517,  565,  541,   94,  435,  104,  325,  354,  429,  506,  145,  499,  458,  317,  411,  434,  439,  556,  504,  300,  302,  198,  374,  468,  598,  451,  324,  474,  354,  408,  366,  301,  364,  519,  524,   68,  571,  373,  449,  306,  388,  454,  500,  447,  411,  270,  343,  598,  175,  265,  481,   24,  516,  256,  358,  462,  305,  160,  234,  422,  188,  349,  309,  422,  109,  402,  555,  540,  446,  405,  453,  429,  569,  278,  249,  441,  530,  500,  214,  636,  238,  324,  551,  303,  444,  353,  403,  397,  384,  540,  190,  379,  422,  429,  503,  244,  530,  341,  571,  296,  441,  502,  421,  292,  180,  360,  316,  532,  476,  514,  468,  598,  466,  421,  230,  195,  526,  651,  497],
        [  524,    0,  734,  796,  842,  723,  699,  656,  411,  663,  359,  536,  121,  562,  138,  297,  188,  147,  516,  150,  520,  409,  651,  306,  364,  265,    0,  635,  715,  550,  494,  470,  515,  808,  556,  419,  663,  531,  339,  653,  528,  291,  175,  488,  408,  799,  609,  822,  401,  603,  359,  521,  104,  514,  609,   57,  451,  736,  615,  437,  794,  414,  405,  772,  287,  283,  315,  534,  134,  527,  351,  247,  321,  555,  484,  609,  542,  409,  761,  537,  256,  440,   72,  587,  666,  794,  594,  299,  244,  457,  202,  629,  513,  436,  331,  769,  294,  423,  627,  676,  401,  401,  273,  397,  259,  603,  428,  551,  444,  339,  496,  688,  247,  341,  193,  547,  449,  180,  424,  492,  685,  425,  290,  298,  619,  372,  146,  748,  329,  523,  670,  679,  659,  765,   64,  152,  273,  417,  719,  430,  831,  299,  479,  559,  534,  584,  615,  646,  656,  337,  316,  425,  469,  668,  640,  269,  508,  373,  593,  758,  329,  363,  245,  205,  378,  413,  523,  539,  789,  218,  680,  727,  567,  234,  630,  453,  165,  407,  843,  575],
        [  190,    0,  104,  847,  866,  918,  388,  550,  385,  787,  291,  983,  727,  224,  498,  710,  550,  749,  167,  662,  665,  781,  422,  532,  286,  471,  635,    0,   83,  623,  264,  274,  128,  789,  111,  418,  351, 1114,  481,  381,  173,  601,  808,  963,  227,  916,   92,  821,  390,  842,  574,  168,  737,  503,   69,  665,  731,  294,  811,  227,  844,  525, 1016,  255,  553,  884,  547,  672,  627,  165,  602,  393,  633,  160,  718,  103,  144,  909,  168,  961,  429,  195,  571,  697,  792,  178,  849,  794,  703,  197,  830,  489,  192,  818,  955,  705,  520,  621,  320,  714,  245,  855,  891,  966,  624,  758,  693,  683, 1052,  310,  247,  135,  466,  637,  716,  121,  365,  517,  435,  346,  514,  547,  817,  385,  756,  416,  707,  865,  709,  204,  474,  193,  206,  154,  683,  503,  593,  994,  771,  595,  209,  706,  735, 1014,  612,  846,  381,  265,  551,  416,  736,  303,  202,  634,  738,  904,  416,  617,  567,  134,  765,  466,  786,  836,  268,  553,  114,  641,  649,  766,  873,  589, 1066,  703,  735,  592,  472,  554,  219,  936],
        [  239,    0,   22,  866,  881,  952,  384,  566,  463,  818,  365, 1042,  804,  255,  578,  775,  633,  831,  225,  745,  706,  839,  431,  594,  368,  538,  715,   83,    0,  658,  310,  325,  202,  800,  170,  495,  353, 1185,  561,  387,  224,  663,  887, 1024,  307,  940,  128,  834,  469,  884,  629,  246,  818,  538,  116,  746,  809,  271,  849,  310,  863,  601, 1091,  212,  616,  959,  608,  711,  710,  242,  682,  471,  714,  231,  766,  135,  221,  974,  105, 1018,  512,  276,  650,  731,  823,   99,  892,  862,  786,  280,  908,  506,  244,  876, 1032,  714,  583,  698,  330,  738,  327,  918,  968, 1036,  706,  794,  745,  721, 1126,  384,  295,  112,  536,  718,  788,  181,  440,  600,  484,  386,  522,  595,  887,  468,  790,  473,  789,  891,  791,  278,  482,  180,  203,   79,  761,  585,  675, 1065,  794,  644,  127,  770,  784, 1073,  649,  890,  396,  267,  567,  498,  818,  360,  284,  654,  768,  984,  452,  696,  594,   53,  829,  545,  869,  915,  351,  603,  192,  678,  651,  849,  908,  596, 1129,  786,  766,  638,  552,  631,  136,  987],
        [  435,    0,  664,  266,  305,  295,  350,  169,  734,  167,  435,  468,  528,  404,  489,  325,  659,  690,  463,  690,   69,  293,  276,  249,  567,  319,  550,  623,  658,    0,  362,  356,  522,  260,  515,  765,  349,  714,  742,  313,  453,  263,  634,  479,  509,  307,  537,  278,  729,  233,  192,  654,  617,  121,  556,  606,  957,  470,  193,  607,  263,  829,  693,  549,  264,  590,  237,   64,  662,  658,  824,  452,  817,  683,  155,  527,  655,  471,  622,  434,  614,  530,  496,   75,  172,  673,  245,  417,  782,  596,  618,  196,  435,  316,  688,  224,  264,  888,  348,  131,  565,  399,  630,  586,  763,  137,  181,   67,  714,  433,  379,  559,  342,  834,  434,  507,  752,  623,  210,  278,  230,  131,  458,  615,  134,  260,  695,  253,  854,  690,  247,  500,  472,  650,  536,  567,  759,  618,  183,  121,  707,  319,  179,  497,   17,  247,  285,  411,  169,  691,  851,  344,  625,  130,  121,  721,  208,  848,   92,  668,  350,  752,  794,  636,  561,  141,  543,   28,  266,  767,  251,  223,  576,  773,  116,   97,  513,  842,  723,  370],
        [   74,    0,  320,  599,  624,  656,  232,  316,  448,  527,  162,  736,  554,   73,  365,  477,  491,  634,  102,  577,  402,  532,  219,  294,  277,  258,  494,  264,  310,  362,    0,   24,  164,  552,  154,  485,  189,  899,  500,  196,   92,  364,  652,  721,  192,  660,  183,  582,  448,  579,  322,  308,  595,  242,  199,  540,  753,  242,  548,  285,  596,  576,  822,  285,  319,  692,  306,  408,  541,  311,  612,  262,  625,  332,  457,  175,  303,  677,  305,  710,  391,  198,  423,  436,  532,  351,  586,  571,  648,  264,  661,  257,   74,  568,  776,  474,  286,  658,  147,  461,  255,  616,  710,  752,  591,  496,  435,  420,  854,  177,   18,  231,  264,  637,  513,  146,  452,  450,  175,   85,  298,  286,  600,  367,  495,  170,  609,  608,  688,  348,  263,  196,  172,  323,  523,  410,  571,  782,  519,  335,  388,  472,  475,  767,  350,  583,  171,  153,  317,  435,  702,   70,  291,  389,  478,  752,  157,  634,  314,  332,  530,  499,  705,  673,  264,  293,  185,  378,  438,  680,  611,  370,  826,  643,  475,  330,  359,  597,  404,  678],
        [   87,    0,  336,  599,  626,  650,  251,  322,  435,  522,  142,  718,  530,   96,  341,  457,  470,  610,  109,  554,  393,  515,  233,  274,  263,  235,  470,  274,  325,  356,   24,    0,  166,  555,  164,  471,  209,  878,  483,  213,  103,  344,  629,  703,  180,  658,  197,  585,  434,  569,  305,  305,  571,  238,  212,  517,  735,  266,  540,  276,  596,  560,  799,  308,  298,  669,  287,  400,  518,  309,  594,  239,  605,  331,  445,  191,  302,  657,  325,  694,  372,  190,  399,  430,  527,  370,  575,  550,  626,  257,  638,  265,   83,  552,  753,  479,  266,  641,  168,  461,  243,  598,  687,  730,  570,  489,  421,  413,  832,  157,   32,  250,  241,  618,  490,  154,  441,  429,  161,   84,  309,  273,  579,  349,  489,  151,  586,  605,  667,  344,  275,  219,  195,  342,  499,  388,  551,  761,  519,  322,  408,  453,  462,  749,  344,  572,  186,  176,  323,  418,  681,   47,  285,  392,  474,  728,  156,  615,  315,  349,  510,  483,  682,  649,  250,  280,  187,  372,  447,  657,  604,  379,  807,  621,  470,  318,  336,  581,  423,  664],
        [   99,    0,  220,  762,  787,  815,  352,  476,  332,  688,  164,  858,  603,  158,  378,  584,  451,  636,   65,  557,  557,  657,  364,  407,  190,  344,  515,  128,  202,  522,  164,  166,    0,  713,   51,  369,  310,  986,  410,  330,   83,  475,  687,  837,  111,  823,  101,  744,  335,  731,  452,  151,  619,  403,   95,  549,  668,  299,  704,  157,  759,  471,  890,  296,  427,  758,  423,  565,  521,  153,  531,  270,  555,  170,  603,  106,  142,  782,  251,  837,  333,   87,  449,  595,  693,  280,  736,  667,  608,  128,  706,  415,   94,  695,  831,  634,  395,  563,  270,  625,  151,  729,  767,  838,  536,  654,  574,  578,  926,  183,  147,  185,  339,  563,  589,   46,  325,  414,  322,  247,  451,  433,  690,  294,  654,  296,  599,  770,  627,  194,  413,  205,  201,  252,  560,  392,  509,  867,  682,  480,  317,  580,  619,  889,  509,  733,  317,  234,  477,  342,  650,  185,  149,  552,  640,  784,  320,  549,  478,  244,  638,  401,  684,  714,  172,  437,   22,  537,  591,  662,  769,  525,  940,  607,  636,  479,  355,  497,  329,  816],
