{
    "name": "random-86-3925",
    "comment": "size=86 seed=3925",
    "nodes": ["+0", "-0", "+1", "-1", "+2", "-2", "+3", "-3", "+4", "-4", "+5", "-5", "+6", "-6", "+7", "-7", "+8", "-8", "+9", "-9", "+10", "-10", "+11", "-11", "+12", "-12", "+13", "-13", "+14", "-14", "+15", "-15", "+16", "-16", "+17", "-17", "+18", "-18", "+19", "-19", "+20", "-20", "+21", "-21", "+22", "-22", "+23", "-23", "+24", "-24", "+25", "-25", "+26", "-26", "+27", "-27", "+28", "-28", "+29", "-29", "+30", "-30", "+31", "-31", "+32", "-32", "+33", "-33", "+34", "-34", "+35", "-35", "+36", "-36", "+37", "-37", "+38", "-38", "+39", "-39", "+40", "-40", "+41", "-41", "+42", "-42", "+43", "-43", "+44", "-44", "+45", "-45", "+46", "-46", "+47", "-47", "+48", "-48", "+49", "-49", "+50", "-50", "+51", "-51", "+52", "-52", "+53", "-53", "+54", "-54", "+55", "-55", "+56", "-56", "+57", "-57", "+58", "-58", "+59", "-59", "+60", "-60", "+61", "-61", "+62", "-62", "+63", "-63", "+64", "-64", "+65", "-65", "+66", "-66", "+67", "-67", "+68", "-68", "+69", "-69", "+70", "-70", "+71", "-71", "+72", "-72", "+73", "-73", "+74", "-74", "+75", "-75", "+76", "-76", "+77", "-77", "+78", "-78", "+79", "-79", "+80", "-80", "+81", "-81", "+82", "-82", "+83", "-83", "+84", "-84", "+85", "-85", "+86", "-86"],
    "precedence": {
        "+0": "-0",
        "+1": "-1",
        "+2": "-2",
        "+3": "-3",
        "+4": "-4",
        "+5": "-5",
        "+6": "-6",
        "+7": "-7",
        "+8": "-8",
        "+9": "-9",
        "+10": "-10",
        "+11": "-11",
        "+12": "-12",
        "+13": "-13",
        "+14": "-14",
        "+15": "-15",
        "+16": "-16",
        "+17": "-17",
        "+18": "-18",
        "+19": "-19",
        "+20": "-20",
        "+21": "-21",
        "+22": "-22",
        "+23": "-23",
        "+24": "-24",
        "+25": "-25",
        "+26": "-26",
        "+27": "-27",
        "+28": "-28",
        "+29": "-29",
        "+30": "-30",
        "+31": "-31",
        "+32": "-32",
        "+33": "-33",
        "+34": "-34",
        "+35": "-35",
        "+36": "-36",
        "+37": "-37",
        "+38": "-38",
        "+39": "-39",
        "+40": "-40",
        "+41": "-41",
        "+42": "-42",
        "+43": "-43",
        "+44": "-44",
        "+45": "-45",
        "+46": "-46",
        "+47": "-47",
        "+48": "-48",
        "+49": "-49",
        "+50": "-50",
        "+51": "-51",
        "+52": "-52",
        "+53": "-53",
        "+54": "-54",
        "+55": "-55",
        "+56": "-56",
        "+57": "-57",
        "+58": "-58",
        "+59": "-59",
        "+60": "-60",
        "+61": "-61",
        "+62": "-62",
        "+63": "-63",
        "+64": "-64",
        "+65": "-65",
        "+66": "-66",
        "+67": "-67",
        "+68": "-68",
        "+69": "-69",
        "+70": "-70",
        "+71": "-71",
        "+72": "-72",
        "+73": "-73",
        "+74": "-74",
        "+75": "-75",
        "+76": "-76",
        "+77": "-77",
        "+78": "-78",
        "+79": "-79",
        "+80": "-80",
        "+81": "-81",
        "+82": "-82",
        "+83": "-83",
        "+84": "-84",
        "+85": "-85",
        "+86": "-86"
    },
    "edges": [
        [    0,    0,  369,  331,  428,  483,  245,  417,  485,  452,  188,  465,  473,  508,  445,  656,  327,  498,  405,  216,  301,  259,  345,  603,  328,  284,  448,  326,  458,  541,  703,  569,  427,  460,  490,  196,  566,  585,  671,  628,  255,  339,  462,  516,  188,  575,  418,   93,  401,  236,  368,  177,  469,  328,  345,  250,  538,  483,  413,   91,   82,  171,  387,  446,  366,  583,  574,  463,  632,  552,  439,  545,  664,  290,  563,  535,  416,  419,  356,  467,  534,  136,  293,  161,  510,   18,  413,  381,  366,  533,  424,  345,  563,  377,  471,  560,  334,  396,  518,  468,  377,  346,   58,  404,  492,  210,  364,   86,  132,  229,  450,  487,  401,  358,  381,  586,  516,  353,  324,  427,  555,  234,  200,   92,  428,  273,  353,  543,  569,  137,  387,  188,  158,  392,  603,   98,  397,   28,  498,  454,  165,  432,  638,  283,  459,  579,  605,  606,  569,  454,  167,  538,  468,  386,  557,  657,  348,  641,  218,  296,  461,  262,  501,  596,  382,  358,  471,  344,  378,  137,  363,  220,  422,  434],
        [    0,    0,    0,    0,    0,    0,    0,    0,    0,    0,    0,    0,    0,    0,    0,    0,    0,    0,    0,    0,    0,    0,    0,    0,    0,    0,    0,    0,    0,    0,    0,    0,    0,    0,    0,    0,    0,    0,    0,    0,    0,    0,    0,    0,    0,    0,    0,    0,    0,    0,    0,    0,    0,    0,    0,    0,    0,    0,    0,    0,    0,    0,    0,    0,    0,    0,    0,    0,    0,    0,    0,    0,    0,    0,    0,    0,    0,    0,    0,    0,    0,    0,    0,    0,    0,    0,    0,    0,    0,    0,    0,    0,    0,    0,    0,    0,    0,    0,    0,    0,    0,    0,    0,    0,    0,    0,    0,    0,    0,    0,    0,    0,    0,    0,    0,    0,    0,    0,    0,    0,    0,    0,    0,    0,    0,    0,    0,    0,    0,    0,    0,    0,    0,    0,    0,    0,    0,    0,    0,    0,    0,    0,    0,    0,    0,    0,    0,    0,    0,    0,    0,    0,    0,    0,    0,    0,    0,    0,    0,    0,    0,    0,    0,    0,    0,    0,    0,    0,    0,    0,    0,    0,    0,    0],
        [  369,    0,    0,  361,  538,  796,  352,  766,  131,  591,  204,  833,  801,  307,  721,  623,  267,  708,  423,  554,  170,  617,  160,  616,  341,  569,  751,  266,  224,  397,  408,  767,  781,  768,  854,  439,  293,  798,  555,  530,  225,  686,  754,  586,  378,  911,  171,  369,  566,  259,  177,  224,  235,   83,  242,  525,  182,  758,  309,  394,  447,  451,   74,  679,  238,  262,  844,  732,  310,  632,  759,  524,  372,  184,  846,  854,  116,  115,  684,  682,  519,  239,  612,  509,  660,  369,  690,  515,  669,  332,  600,  685,  819,  133,  223,  893,  173,  591,  599,  286,  182,  276,  314,  635,  418,  533,  700,  433,  279,  596,  757,  245,  610,  674,  738,  846,  165,  391,  437,  682,  348,  314,  548,  423,  794,  619,  407,  251,  832,  333,  249,  377,  380,  574,  607,  396,  384,  368,  863,  465,  205,  652,  875,  496,  442,  556,  295,  472,  878,  206,  515,  777,  458,  721,  831,  550,  711,  331,  369,  186,  798,  558,  162,  475,   50,  468,  838,  587,  652,  335,  728,  551,  791,  723],
        [  331,    0,  361,    0,  727,  516,   90,  711,  394,  762,  358,  688,  538,  647,  774,  905,   99,  364,   80,  360,  443,  554,  211,  872,   21,  614,  466,  525,  569,  720,  474,  414,  714,  486,  748,  205,  348,  449,  875,  840,  147,  640,  788,  804,  490,  875,  256,  410,  218,  129,  493,  370,  580,  279,  132,  580,  433,  812,  603,  418,  394,  245,  428,  776,  149,  411,  521,  792,  448,  847,  493,  794,  439,  178,  889,  849,  304,  310,  673,  342,  786,  262,  373,  349,  301,  346,  389,  685,  398,  267,  251,  458,  489,  255,  572,  864,  468,  252,  811,  616,  210,   99,  322,  310,  709,  326,  675,  316,  378,  463,  474,  274,  726,  418,  664,  517,  409,   32,  614,  757,  287,  490,  514,  295,  676,  419,  621,  351,  506,  194,  551,  159,  468,  231,  868,  259,   68,  306,  750,  130,  296,  760,  533,  604,  129,  829,  413,  796,  887,  266,  352,  440,  140,  696,  513,  866,  619,  442,  125,  175,  550,  592,  520,  793,  330,  113,  666,  281,  707,  427,  559,  347,  657,  429],
        [  428,    0,  538,  727,    0,  848,  652,  483,  662,   59,  386,  657,  821,  387,  299,  273,  684,  919,  806,  598,  369,  434,  636,  199,  717,  261,  827,  276,  415,  330,  945,  991,  508,  834,  611,  624,  827, 1003,  361,  316,  602,  430,  345,   93,  242,  549,  687,  335,  828,  604,  383,  368,  417,  567,  684,  246,  705,  320,  278,  341,  417,  596,  490,  211,  696,  799,  968,  295,  845,  125,  801,  191,  910,  607,  397,  465,  648,  647,  377,  889,  179,  466,  680,  547,  937,  410,  815,   50,  754,  844,  852,  696,  965,  640,  432,  525,  372,  823,   91,  360,  671,  702,  413,  824,  237,  609,  405,  497,  349,  529,  826,  767,  148,  736,  495,  984,  694,  755,  114,  245,  864,  244,  382,  512,  592,  629,  132,  788,  966,  550,  323,  609,  270,  820,  204,  526,  786,  455,  627,  856,  441,  181, 1044,  167,  853,  211,  833,  344,  464,  728,  551,  949,  865,  414,  949,  343,  511,  867,  634,  613,  795,  277,  551,  323,  583,  778,  699,  764,  261,  303,  633,  610,  614,  825],
        [  483,    0,  796,  516,  848,    0,  468,  503,  877,  848,  661,  344,   50,  990,  696, 1108,  599,  249,  526,  268,  777,  434,  692, 1043,  533,  604,   51,  808,  934, 1022,  988,  287,  487,   31,  443,  359,  863,  265, 1145, 1100,  588,  486,  678,  940,  644,  632,  756,  556,  335,  552,  844,  655,  946,  726,  634,  606,  925,  721,  894,  536,  448,  346,  838,  758,  655,  922,  146,  718,  961,  965,   47, 1003,  954,  638,  758,  661,  789,  794,  551,  241,  991,  571,  191,  323,  356,  495,  132,  799,  127,  780,  316,  152,  170,  738,  945,  636,  810,  291,  936,  950,  706,  607,  534,  224,  967,  275,  532,  398,  614,  320,   42,  788,  754,  126,  453,  172,  900,  505,  768,  717,  798,  711,  469,  396,  385,  221,  813,  864,  157,  464,  869,  422,  612,  313, 1046,  412,  558,  466,  433,  539,  617,  763,  245,  681,  572, 1034,  927, 1085,  706,  775,  318,  197,  565,  543,  128, 1130,  405,  957,  439,  640,   87,  582,  950, 1073,  787,  421,  288,  236,  663,  611,  254,  263,  349,   91],
        [  245,    0,  352,   90,  652,  468,    0,  623,  413,  684,  300,  607,  483,  612,  686,  846,  136,  357,  161,  281,  399,  465,  226,  807,   93,  527,  419,  472,  539,  677,  539,  418,  627,  438,  663,  126,  406,  448,  827,  790,  128,  551,  699,  733,  412,  787,  289,  328,  219,   94,  456,  308,  551,  272,  169,  494,  459,  724,  554,  333,  305,  162,  410,  690,  191,  456,  497,  705,  498,  774,  438,  734,  502,  175,  801,  760,  323,  329,  584,  331,  724,  196,  305,  264,  322,  261,  348,  609,  344,  339,  252,  389,  469,  272,  545,  776,  428,  240,  739,  578,  239,  147,  242,  285,  656,  248,  586,  227,  307,  378,  426,  327,  643,  358,  577,  496,  434,  109,  541,  670,  360,  422,  425,  206,  592,  343,  553,  401,  484,  108,  507,   72,  388,  224,  804,  170,  157,  219,  666,  210,  237,  676,  524,  523,  216,  769,  465,  751,  798,  309,  268,  426,  224,  607,  485,  817,  532,  497,   38,  176,  490,  505,  513,  746,  331,  134,  590,  242,  620,  350,  480,  270,  574,  386],
        [  417,    0,  766,  711,  483,  503,  623,    0,  891,  454,  564,  197,  459,  792,  223,  752,  734,  686,  771,  378,  645,  160,  761,  672,  714,  239,  509,  610,  777,  775, 1119,  750,   26,  504,  129,  514,  982,  742,  840,  794,  668,   81,  190,  563,  415,  165,  834,  398,  673,  644,  702,  544,  786,  739,  756,  276,  944,  236,  672,  372,  337,  472,  763,  310,  778,  998,  648,  242, 1047,  568,  463,  672, 1080,  707,  256,  162,  830,  832,  107,  662,  660,  550,  423,  367,  758,  410,  545,  445,  474,  944,  679,  378,  665,  793,  794,  156,  671,  643,  550,  754,  794,  751,  462,  605,  690,  411,   81,  398,  488,  259,  503,  903,  343,  443,   54,  672,  924,  724,  464,  264,  966,  502,  220,  418,  133,  350,  526,  959,  655,  531,  682,  552,  399,  653,  681,  455,  777,  431,  145,  812,  569,  329,  744,  350,  829,  693, 1021,  811,  207,  871,  365,  674,  832,   70,  629,  823,  106, 1057,  586,  712,  423,  235,  867,  792,  788,  689,  253,  561,  227,  438,  250,  394,  166,  530],
        [  485,    0,  131,  394,  662,  877,  413,  891,    0,  716,  332,  947,  887,  380,  852,  719,  296,  756,  437,  652,  295,  739,  188,  721,  373,  699,  829,  386,  301,  478,  287,  807,  905,  848,  974,  520,  194,  842,  632,  613,  290,  811,  884,  702,  508, 1039,  143,  495,  610,  326,  285,  353,  308,  160,  262,  654,   54,  888,  413,  520,  565,  540,  173,  809,  247,  140,  907,  862,  184,  749,  844,  627,  255,  240,  976,  983,   91,   85,  812,  733,  624,  350,  701,  612,  692,  488,  761,  641,  751,  267,  644,  779,  877,  142,  292, 1021,  291,  642,  717,  371,  184,  297,  433,  695,  518,  627,  827,  540,  407,  707,  836,  179,  739,  760,  860,  905,   34,  420,  564,  812,  276,  443,  672,  527,  912,  718,  530,  148,  893,  424,  355,  456,  510,  622,  711,  496,  395,  480,  982,  469,  324,  782,  926,  626,  439,  657,  175,  549, 1008,  154,  618,  831,  456,  848,  896,  630,  831,  208,  439,  238,  889,  687,  176,  557,  104,  506,  947,  654,  782,  464,  836,  646,  906,  797],
        [  452,    0,  591,  762,   59,  848,  684,  454,  716,    0,  430,  636,  818,  444,  256,  299,  724,  934,  840,  607,  422,  424,  682,  219,  753,  248,  830,  331,  473,  385,  998, 1006,  479,  836,  582,  646,  878, 1016,  403,  359,  642,  408,  302,  110,  273,  506,  736,  361,  851,  642,  440,  411,  475,  616,  726,  243,  760,  272,  337,  362,  431,  616,  545,  164,  740,  852,  973,  249,  899,  120,  801,  233,  962,  651,  345,  421,  698,  698,  350,  904,  222,  504,  687,  558,  959,  434,  824,   80,  761,  891,  873,  697,  973,  688,  490,  482,  427,  842,   97,  418,  718,  742,  443,  839,  291,  621,  378,  515,  387,  528,  829,  816,  111,  740,  471,  990,  748,  789,  157,  202,  911,  289,  379,  531,  570,  632,  187,  839,  973,  580,  381,  637,  297,  841,  228,  549,  823,  480,  598,  891,  482,  135, 1053,  174,  889,  247,  886,  394,  416,  777,  561,  959,  900,  385,  954,  385,  493,  921,  664,  657,  790,  268,  608,  372,  634,  807,  681,  780,  228,  335,  623,  619,  594,  831],
        [  188,    0,  204,  358,  386,  661,  300,  564,  332,  430,    0,  644,  656,  333,  524,  549,  301,  633,  436,  399,  117,  418,  253,  515,  344,  368,  622,  173,  274,  383,  590,  701,  579,  636,  656,  328,  461,  724,  529,  491,  220,  484,  554,  455,  182,  708,  313,  166,  509,  229,  184,   22,  286,  196,  299,  324,  385,  561,  257,  193,  257,  323,  204,  491,  311,  453,  738,  536,  503,  499,  619,  437,  552,  222,  649,  652,  286,  288,  480,  604,  429,  106,  470,  346,  617,  183,  576,  351,  538,  463,  539,  530,  720,  265,  286,  689,  150,  520,  464,  295,  290,  318,  131,  545,  356,  386,  496,  267,   76,  414,  626,  392,  426,  535,  537,  745,  366,  388,  274,  488,  483,  142,  348,  266,  600,  459,  268,  427,  729,  222,  217,  284,  179,  509,  511,  251,  410,  198,  666,  486,   63,  466,  789,  305,  477,  472,  482,  456,  677,  354,  352,  687,  490,  517,  722,  519,  514,  519,  295,  228,  645,  355,  316,  449,  232,  433,  654,  489,  454,  132,  549,  400,  599,  602],
        [  465,    0,  833,  688,  657,  344,  607,  197,  947,  636,  644,    0,  296,  922,  419,  929,  736,  565,  733,  328,  744,  242,  790,  852,  697,  398,  364,  732,  892,  920, 1139,  619,  174,  354,  100,  484, 1002,  603, 1005,  959,  686,  228,  386,  743,  535,  292,  864,  485,  591,  656,  808,  628,  902,  788,  764,  424, 1001,  433,  806,  458,  388,  446,  847,  503,  787, 1035,  489,  438, 1082,  754,  314,  841, 1100,  732,  445,  335,  873,  877,  288,  546,  829,  598,  334,  348,  655,  465,  421,  615,  357,  945,  587,  260,  513,  829,  907,  300,  774,  553,  732,  881,  818,  750,  520,  500,  842,  362,  261,  411,  572,  241,  356,  922,  527,  325,  166,  515,  978,  692,  617,  457,  967,  621,  313,  426,   67,  272,  676,  987,  500,  540,  804,  538,  511,  569,  860,  461,  749,  468,   90,  765,  629,  519,  588,  505,  788,  866, 1052,  966,  379,  895,  343,  534,  788,  260,  471,  988,  149, 1087,  570,  737,  258,  386,  959,  948,  845,  635,   61,  472,  413,  536,  131,  341,   47,  395],
        [  473,    0,  801,  538,  821,   50,  483,  459,  887,  818,  656,  296,    0,  981,  657, 1085,  617,  294,  555,  258,  771,  400,  705, 1018,  554,  573,   87,  796,  929, 1009, 1011,  336,  442,   69,  395,  368,  884,  314, 1127, 1082,  599,  447,  637,  914,  625,  585,  771,  541,  369,  563,  838,  648,  940,  734,  651,  578,  936,  681,  882,  520,  431,  350,  839,  722,  673,  939,  194,  679,  980,  937,   46,  982,  976,  649,  715,  616,  800,  805,  513,  284,  970,  571,  190,  312,  399,  484,  167,  773,  141,  804,  353,  130,  219,  750,  941,  589,  804,  325,  908,  941,  722,  626,  526,  260,  950,  271,  492,  389,  604,  293,   77,  808,  722,  128,  410,  220,  912,  530,  746,  680,  823,  696,  440,  391,  339,  203,  793,  882,  205,  468,  860,  432,  594,  346, 1022,  410,  584,  459,  385,  571,  615,  729,  293,  654,  602, 1012,  946, 1070,  661,  792,  306,  246,  597,  502,  176, 1112,  363,  977,  452,  652,   39,  552,  952, 1057,  795,  449,  239,  263,  627,  597,  212,  256,  303,  128],
        [  508,    0,  307,  647,  387,  990,  612,  792,  380,  444,  333,  922,  981,    0,  663,  348,  562,  961,  717,  724,  219,  681,  464,  368,  629,  557,  952,  191,   84,  100,  657, 1026,  814,  966,  908,  660,  573, 1052,  253,  235,  501,  720,  706,  386,  388,  900,  476,  449,  830,  525,  157,  336,   74,  382,  542,  517,  403,  691,  121,  474,  559,  655,  234,  588,  542,  513, 1070,  664,  549,  428,  946,  274,  629,  474,  775,  824,  416,  413,  690,  932,  275,  434,  799,  669,  933,  498,  908,  393,  869,  633,  862,  853, 1052,  440,   89,  878,  187,  845,  405,   41,  489,  574,  456,  876,  167,  715,  714,  593,  377,  717,  956,  543,  516,  864,  784, 1077,  404,  678,  340,  611,  646,  302,  609,  594,  867,  780,  280,  527, 1062,  551,  122,  611,  412,  832,  355,  582,  681,  524,  921,  762,  387,  556, 1119,  449,  743,  297,  550,  170,  833,  508,  675, 1018,  759,  730, 1054,  250,  778,  577,  616,  477,  968,  558,  214,  178,  354,  742,  945,  820,  606,  393,  849,  727,  876,  934],
        [  445,    0,  721,  774,  299,  696,  686,  223,  852,  256,  524,  419,  657,  663,    0,  551,  768,  842,  846,  508,  569,  271,  763,  469,  772,  163,  692,  504,  669,  622, 1113,  910,  247,  692,  346,  605,  981,  910,  658,  614,  691,  211,   46,  363,  344,  251,  830,  381,  796,  677,  611,  502,  675,  718,  782,  204,  902,   39,  544,  365,  383,  565,  697,   95,  801,  977,  836,   23, 1026,  360,  652,  488, 1074,  717,  125,  166,  809,  811,  145,  814,  477,  553,  575,  475,  894,  430,  710,  276,  639,  966,  809,  554,  846,  784,  687,  227,  587,  774,  348,  629,  799,  787,  468,  751,  530,  534,  166,  468,  454,  397,  688,  907,  153,  612,  257,  857,  885,  794,  324,   55,  988,  414,  273,  489,  353,  505,  383,  949,  840,  580,  571,  622,  346,  780,  480,  520,  841,  469,  363,  893,  553,  122,  927,  229,  901,  503, 1005,  643,  170,  870,  476,  845,  909,  161,  816,  640,  296, 1042,  655,  723,  623,  183,  785,  622,  755,  783,  472,  699,   71,  394,  446,  523,  384,  705],
        [  656,    0,  623,  905,  273, 1108,  846,  752,  719,  299,  549,  929, 1085,  348,  551,    0,  840, 1153,  983,  850,  474,  705,  762,   83,  891,  533, 1083,  382,  420,  249, 1001, 1224,  777, 1092,  880,  847,  909, 1240,  147,  127,  764,  702,  597,  190,  472,  799,  793,  566, 1045,  777,  447,  538,  414,  682,  829,  515,  747,  562,  316,  580,  665,  826,  555,  457,  835,  855, 1220,  541,  894,  195, 1062,  113,  972,  753,  623,  712,  739,  737,  647, 1122,  123,  650,  932,  795, 1155,  639, 1063,  318, 1007,  954, 1072,  958, 1214,  750,  431,  775,  458, 1047,  204,  349,  793,  855,  624, 1059,  206,  855,  675,  735,  545,  793, 1084,  867,  409,  991,  767, 1234,  745,  936,  341,  499,  970,  428,  649,  746,  864,  887,  303,  864, 1217,  755,  376,  818,  503, 1041,   72,  752,  955,  681,  896, 1032,  611,  431, 1291,  434, 1021,   78,  892,  197,  701,  829,  800, 1192, 1035,  682, 1202,  133,  784,  921,  836,  758, 1061,  549,  560,  179,  672,  979,  971,  999,  526,  519,  903,  859,  886, 1077],
        [  327,    0,  267,   99,  684,  599,  136,  734,  296,  724,  301,  736,  617,  562,  768,  840,    0,  461,  156,  412,  368,  574,  113,  813,   78,  606,  550,  458,  482,  641,  405,  513,  741,  569,  786,  260,  271,  547,  798,  766,   83,  659,  788,  755,  457,  896,  160,  390,  315,   92,  411,  317,  493,  185,   36,  568,  336,  807,  530,  404,  402,  293,  337,  758,   56,  323,  615,  785,  364,  799,  572,  730,  368,   90,  889,  861,  206,  211,  682,  439,  723,  223,  440,  389,  400,  340,  476,  645,  477,  212,  349,  524,  584,  156,  484,  883,  391,  348,  764,  534,  113,   19,  302,  403,  639,  381,  688,  338,  339,  501,  557,  192,  702,  492,  691,  612,  312,  127,  571,  745,  234,  441,  524,  319,  716,  476,  568,  266,  601,  204,  475,  199,  440,  328,  808,  281,  120,  307,  790,  201,  244,  739,  631,  579,  183,  765,  330,  717,  896,  176,  394,  537,  199,  710,  606,  790,  650,  362,  171,   85,  625,  586,  424,  716,  233,  211,  721,  368,  699,  395,  611,  402,  701,  515],
        [  498,    0,  708,  364,  919,  249,  357,  686,  756,  934,  633,  565,  294,  961,  842, 1153,  461,    0,  341,  336,  743,  572,  570, 1100,  384,  714,  209,  802,  891, 1015,  804,   73,  676,  226,  657,  308,  695,   92, 1158, 1117,  483,  646,  835, 1009,  685,  836,  619,  589,  147,  450,  805,  635,  903,  628,  495,  701,  797,  874,  888,  579,  504,  327,  766,  883,  512,  767,  176,  863,  800, 1043,  259, 1041,  775,  527,  928,  847,  666,  672,  704,   31, 1030,  528,  268,  379,  111,  514,  145,  870,  214,  598,  113,  312,  136,  616,  898,  835,  774,  118, 1010,  924,  573,  462,  531,   96,  980,  316,  692,  422,  613,  445,  219,  630,  860,  246,  633,  163,  772,  341,  819,  848,  613,  727,  578,  409,  590,  340,  850,  706,  157,  411,  848,  350,  654,  135, 1100,  402,  380,  472,  651,  335,  575,  880,  170,  760,  371, 1075,  764, 1087,  892,  627,  376,   83,  360,  708,  175, 1145,  581,  789,  346,  527,  326,  690,  869, 1079,  685,  251,  517,  155,  793,  634,  448,  322,  558,  172],
        [  405,    0,  423,   80,  806,  526,  161,  771,  437,  840,  436,  733,  555,  717,  846,  983,  156,  341,    0,  408,  517,  617,  265,  950,   92,  688,  476,  602,  637,  793,  467,  380,  773,  496,  799,  258,  355,  418,  949,  915,  221,  704,  858,  883,  568,  936,  295,  487,  200,  207,  564,  448,  649,  341,  182,  655,  470,  884,  678,  494,  464,  300,  493,  851,  192,  429,  510,  865,  460,  926,  509,  872,  436,  244,  960,  915,  350,  356,  740,  324,  864,  341,  406,  406,  259,  422,  395,  764,  418,  259,  230,  490,  473,  304,  639,  926,  542,  243,  890,  688,  255,  147,  400,  308,  785,  373,  740,  382,  457,  518,  485,  292,  803,  442,  723,  501,  447,   53,  693,  831,  276,  569,  582,  361,  727,  462,  700,  368,  493,  269,  625,  225,  546,  220,  946,  327,   43,  380,  800,   51,  374,  836,  506,  682,   58,  907,  425,  869,  953,  294,  408,  422,   63,  762,  504,  940,  676,  449,  192,  240,  571,  665,  577,  867,  386,  106,  706,  293,  781,  506,  602,  394,  705,  436],
        [  216,    0,  554,  360,  598,  268,  281,  378,  652,  607,  399,  328,  258,  724,  508,  850,  412,  336,  408,    0,  514,  242,  479,  789,  370,  379,  236,  541,  672,  755,  817,  407,  375,  247,  392,  156,  682,  412,  879,  835,  372,  322,  505,  691,  380,  539,  551,  290,  297,  339,  581,  391,  683,  493,  443,  368,  703,  541,  627,  272,  185,  120,  586,  547,  466,  723,  371,  529,  768,  720,  223,  742,  779,  421,  601,  533,  570,  574,  375,  308,  731,  318,   83,   56,  389,  228,  218,  549,  158,  620,  306,  133,  368,  522,  684,  533,  547,  270,  689,  684,  503,  426,  269,  244,  701,   36,  366,  132,  347,  120,  237,  602,  526,  144,  326,  386,  679,  366,  509,  513,  641,  444,  242,  134,  320,   67,  550,  671,  369,  229,  603,  214,  349,  278,  791,  159,  422,  201,  392,  444,  361,  544,  447,  434,  465,  774,  736,  818,  575,  579,   51,  353,  466,  384,  353,  865,  276,  770,  244,  425,  248,  355,  700,  806,  554,  316,  310,  192,  457,  344,  200,   17,  298,  228],
        [  301,    0,  170,  443,  369,  777,  399,  645,  295,  422,  117,  744,  771,  219,  569,  474,  368,  743,  517,  514,    0,  511,  289,  456,  426,  428,  738,   99,  158,  279,  577,  809,  663,  753,  747,  442,  461,  834,  433,  399,  297,  567,  605,  418,  234,  778,  327,  260,  614,  316,   68,  124,  170,  211,  356,  383,  341,  604,  162,  287,  363,  438,  129,  518,  361,  431,  853,  578,  478,  464,  735,  368,  541,  280,  693,  713,  282,  281,  553,  714,  362,  216,  586,  461,  719,  293,  691,  347,  654,  489,  646,  645,  835,  282,  170,  757,   33,  628,  431,  182,  321,  383,  246,  658,  271,  502,  572,  383,  175,  522,  742,  406,  447,  652,  625,  860,  328,  474,  270,  526,  507,  155,  438,  382,  696,  574,  238,  420,  844,  333,  110,  393,  246,  616,  449,  367,  486,  313,  759,  565,  169,  490,  901,  341,  551,  402,  465,  354,  732,  367,  467,  800,  566,  592,  837,  424,  608,  499,  400,  285,  760,  420,  223,  351,  216,  531,  760,  602,  502,  211,  657,  516,  699,  718],
        [  259,    0,  617,  554,  434,  434,  465,  160,  739,  424,  418,  242,  400,  681,  271,  705,  574,  572,  617,  242,  511,    0,  603,  632,  557,  176,  425,  492,  654,  679,  961,  640,  169,  426,  238,  362,  824,  640,  770,  723,  509,   87,  264,  524,  294,  322,  676,  253,  536,  485,  572,  400,  663,  584,  597,  191,  793,  302,  565,  226,  178,  320,  621,  325,  618,  842,  569,  293,  891,  543,  389,  610,  922,  548,  360,  298,  674,  677,  134,  545,  598,  394,  305,  218,  630,  253,  440,  388,  369,  785,  546,  287,  577,  636,  670,  311,  539,  511,  517,  641,  635,  592,  307,  483,  603,  271,  126,  240,  344,  127,  422,  744,  324,  342,  122,  590,  771,  568,  379,  285,  807,  381,   73,  260,  187,  235,  437,  801,  573,  372,  564,  395,  271,  519,  638,  297,  621,  272,  249,  660,  416,  330,  659,  272,  675,  637,  864,  727,  339,  712,  218,  575,  679,  146,  550,  753,   99,  900,  430,  553,  370,  157,  730,  710,  636,  540,  272,  433,  230,  301,  200,  258,  196,  435],
        [  345,    0,  160,  211,  636,  692,  226,  761,  188,  682,  253,  790,  705,  464,  763,  762,  113,  570,  265,  479,  289,  603,    0,  744,  190,  602,  644,  386,  382,  549,  358,  624,  771,  663,  829,  338,  222,  658,  707,  678,  108,  683,  788,  698,  430,  918,   74,  384,  425,  143,  321,  273,  393,   83,   83,  560,  234,  801,  447,  404,  425,  363,  233,  739,   79,  245,  720,  778,  292,  743,  661,  656,  320,   59,  887,  874,   98,  103,  696,  547,  650,  215,  521,  446,  511,  353,  574,  603,  566,  210,  459,  602,  690,   47,  382,  903,  305,  455,  709,  439,   37,  119,  303,  507,  558,  451,  706,  381,  312,  550,  651,  145,  677,  578,  724,  718,  209,  239,  525,  733,  230,  393,  544,  365,  763,  546,  511,  199,  706,  253,  389,  274,  420,  436,  737,  330,  225,  332,  835,  305,  212,  717,  740,  555,  282,  690,  263,  625,  904,  110,  451,  644,  299,  728,  709,  701,  688,  299,  254,   55,  708,  585,  313,  626,  122,  322,  783,  467,  693,  372,  672,  472,  752,  611],
        [  603,    0,  616,  872,  199, 1043,  807,  672,  721,  219,  515,  852, 1018,  368,  469,   83,  813, 1100,  950,  789,  456,  632,  744,    0,  859,  458, 1020,  359,  430,  275, 1007, 1172,  697, 1028,  800,  797,  906, 1186,  214,  182,  734,  625,  515,  110,  416,  716,  782,  512,  999,  744,  441,  503,  426,  666,  806,  444,  754,  480,  309,  523,  605,  774,  552,  375,  814,  860, 1159,  459,  901,  112,  996,   95,  976,  729,  541,  630,  731,  730,  568, 1070,   98,  612,  871,  735, 1108,  586, 1004,  246,  946,  944, 1025,  892, 1155,  737,  443,  692,  445,  998,  123,  360,  777,  830,  577, 1005,  206,  797,  596,  679,  502,  725, 1020,  859,  329,  929,  689, 1174,  750,  902,  282,  417,  961,  385,  579,  692,  787,  823,  255,  862, 1157,  712,  369,  774,  447,  993,   15,  701,  925,  629,  817, 1001,  577,  349, 1233,  364,  992,   72,  896,  243,  619,  820,  740, 1135, 1005,  603, 1141,  198,  708,  927,  794,  734,  992,  475,  574,  222,  664,  938,  896,  946,  446,  469,  831,  799,  810, 1017],
        [  328,    0,  341,   21,  717,  533,   93,  714,  373,  753,  344,  697,  554,  629,  772,  891,   78,  384,   92,  370,  426,  557,  190,  859,    0,  611,  483,  511,  550,  703,  458,  435,  719,  503,  755,  214,  331,  469,  858,  824,  130,  643,  787,  793,  482,  878,  236,  404,  238,  115,  475,  357,  562,  259,  112,  576,  413,  810,  587,  413,  393,  252,  409,  771,  129,  392,  541,  790,  430,  836,  509,  780,  423,  158,  888,  851,  284,  289,  674,  362,  772,  251,  386,  356,  322,  343,  406,  676,  414,  254,  271,  471,  509,  234,  553,  867,  451,  272,  801,  598,  190,   78,  315,  330,  694,  336,  677,  318,  368,  469,  491,  256,  720,  432,  669,  537,  389,   51,  604,  753,  274,  478,  514,  297,  684,  430,  609,  333,  526,  192,  535,  164,  460,  251,  855,  261,   71,  303,  757,  142,  283,  754,  553,  598,  137,  815,  395,  779,  888,  247,  359,  460,  148,  698,  532,  850,  624,  424,  130,  156,  565,  589,  500,  776,  310,  134,  677,  298,  705,  419,  569,  357,  665,  446],
        [  284,    0,  569,  614,  261,  604,  527,  239,  699,  248,  368,  398,  573,  557,  163,  533,  606,  714,  688,  379,  428,  176,  602,  458,  611,    0,  590,  379,  547,  537,  954,  785,  262,  594,  361,  455,  821,  790,  609,  562,  528,  174,  187,  350,  194,  351,  670,  219,  652,  515,  477,  347,  555,  560,  620,   46,  751,  201,  436,  202,  229,  417,  553,  171,  638,  820,  734,  180,  870,  367,  558,  444,  915,  555,  286,  286,  652,  654,  134,  686,  432,  390,  455,  337,  755,  269,  593,  217,  526,  804,  669,  454,  738,  625,  564,  331,  450,  636,  342,  519,  638,  625,  306,  621,  452,  400,  159,  317,  296,  286,  588,  747,  151,  503,  240,  753,  733,  636,  226,  144,  826,  276,  139,  337,  334,  393,  288,  790,  736,  421,  450,  465,  190,  638,  465,  365,  681,  309,  376,  736,  393,  166,  819,  112,  742,  468,  848,  574,  309,  710,  339,  730,  750,  174,  715,  591,  251,  885,  498,  561,  544,   25,  649,  556,  600,  630,  439,  565,   94,  237,  376,  393,  354,  596],
        [  448,    0,  751,  466,  827,   51,  419,  509,  829,  830,  622,  364,   87,  952,  692, 1083,  550,  209,  476,  236,  738,  425,  644, 1020,  483,  590,    0,  773,  895,  988,  937,  256,  495,   21,  461,  313,  813,  239, 1114, 1070,  540,  484,  677,  920,  616,  647,  707,  526,  286,  504,  805,  617,  907,  679,  584,  588,  877,  720,  860,  507,  420,  303,  795,  749,  605,  872,  145,  714,  911,  947,   52,  977,  903,  590,  761,  669,  741,  746,  548,  198,  965,  529,  155,  292,  312,  461,   82,  778,   84,  729,  268,  138,  156,  690,  906,  649,  771,  241,  916,  913,  658,  557,  497,  175,  936,  238,  531,  363,  578,  305,   10,  738,  741,   93,  457,  166,  852,  454,  743,  709,  747,  679,  453,  359,  399,  199,  785,  814,  149,  420,  832,  376,  584,  263, 1023,  372,  507,  429,  452,  489,  576,  752,  237,  661,  522, 1009,  877, 1053,  715,  725,  286,  170,  515,  543,  125, 1100,  407,  907,  391,  592,  117,  567,  907, 1041,  740,  371,  312,  186,  654,  579,  261,  229,  364,   42],
        [  326,    0,  266,  525,  276,  808,  472,  610,  386,  331,  173,  732,  796,  191,  504,  382,  458,  802,  602,  541,   99,  492,  386,  359,  511,  379,  773,    0,  169,  217,  672,  870,  630,  786,  722,  494,  558,  892,  358,  319,  382,  535,  544,  320,  199,  728,  426,  259,  681,  397,  110,  168,  177,  309,  449,  336,  429,  537,   88,  284,  370,  484,  215,  443,  456,  524,  897,  510,  570,  366,  764,  273,  637,  372,  624,  658,  380,  379,  510,  772,  266,  278,  619,  485,  789,  314,  735,  260,  690,  587,  711,  667,  883,  380,  186,  707,   96,  690,  334,  150,  419,  474,  278,  712,  185,  535,  533,  411,  196,  527,  776,  505,  370,  683,  598,  906,  419,  557,  187,  457,  605,  112,  420,  415,  678,  594,  145,  517,  890,  392,   73,  455,  222,  680,  352,  409,  573,  345,  735,  652,  235,  413,  953,  278,  639,  307,  559,  286,  672,  465,  491,  852,  654,  550,  880,  346,  589,  593,  467,  377,  781,  377,  284,  278,  313,  605,  755,  654,  441,  203,  659,  545,  686,  758],
        [  458,    0,  224,  569,  415,  934,  539,  777,  301,  473,  274,  892,  929,   84,  669,  420,  482,  891,  637,  672,  158,  654,  382,  430,  550,  547,  895,  169,    0,  178,  582,  955,  798,  910,  887,  595,  493,  982,  335,  314,  423,  701,  710,  431,  364,  897,  393,  410,  757,  450,   91,  282,   13,  300,  461,  505,  327,  701,  137,  437,  517,  594,  150,  602,  460,  436, 1007,  674,  474,  476,  892,  335,  552,  394,  787,  825,  333,  330,  678,  863,  334,  369,  744,  618,  859,  450,  846,  411,  811,  550,  789,  802,  988,  356,   18,  875,  125,  775,  448,   71,  406,  493,  403,  808,  224,  660,  701,  540,  329,  676,  899,  460,  529,  809,  763, 1013,  326,  600,  347,  620,  563,  277,  581,  539,  840,  731,  293,  447,  998,  485,   99,  543,  384,  761,  419,  524,  601,  471,  900,  682,  322,  572, 1052,  446,  661,  362,  473,  252,  838,  425,  624,  951,  678,  719,  992,  331,  752,  502,  546,  397,  918,  545,  145,  257,  271,  667,  911,  754,  607,  357,  810,  673,  846,  874],
        [  541,    0,  397,  720,  330, 1022,  677,  775,  478,  385,  383,  920, 1009,  100,  622,  249,  641, 1015,  793,  755,  279,  679,  549,  275,  703,  537,  988,  217,  178,    0,  756, 1083,  798, 1001,  896,  709,  671, 1106,  159,  136,  574,  707,  667,  309,  392,  867,  567,  469,  891,  595,  230,  381,  171,  466,  624,  502,  502,  646,  129,  491,  579,  700,  324,  539,  626,  612, 1113,  620,  649,  347,  977,  185,  728,  552,  726,  787,  509,  506,  669,  986,  189,  488,  834,  699,  997,  528,  951,  347,  906,  726,  921,  879, 1099,  528,  187,  844,  252,  902,  329,  111,  576,  654,  494,  927,   94,  751,  695,  626,  412,  732,  991,  637,  470,  898,  772, 1122,  503,  752,  312,  569,  740,  314,  611,  631,  861,  806,  250,  625, 1106,  605,  170,  667,  421,  891,  262,  625,  760,  560,  910,  840,  443,  508, 1169,  426,  823,  203,  649,   77,  790,  601,  705, 1068,  839,  709, 1096,  154,  773,  677,  676,  556,  992,  542,  314,   80,  445,  809,  949,  869,  572,  413,  860,  760,  874,  974],
        [  703,    0,  408,  474,  945,  988,  539, 1119,  287,  998,  590, 1139, 1011,  657, 1113, 1001,  405,  804,  467,  817,  577,  961,  358, 1007,  458,  954,  937,  672,  582,  756,    0,  835, 1129,  958, 1183,  664,  138,  875,  905,  891,  455, 1041, 1141,  989,  772, 1276,  286,  738,  667,  484,  572,  612,  588,  395,  375,  911,  255, 1150,  700,  760,  783,  697,  460, 1079,  352,  148,  976, 1126,  109, 1035,  966,  913,   39,  413, 1238, 1230,  305,  304, 1053,  790,  910,  572,  842,  791,  711,  711,  858,  922,  871,  209,  696,  927,  938,  330,  571, 1261,  576,  709, 1004,  653,  326,  392,  660,  774,  803,  785, 1064,  733,  659,  901,  946,  218, 1012,  890, 1081,  966,  258,  483,  844, 1078,  192,  717,  902,  716, 1115,  881,  814,  164,  959,  600,  642,  604,  767,  687,  997,  679,  432,  689, 1188,  470,  562, 1054,  965,  895,  434,  942,  113,  824, 1260,  249,  796,  886,  447, 1086,  970,  905, 1044,   81,  575,  408, 1023,  938,  444,  834,  365,  569, 1126,  752, 1042,  719, 1015,  807, 1102,  899],
        [  569,    0,  767,  414,  991,  287,  418,  750,  807, 1006,  701,  619,  336, 1026,  910, 1224,  513,   73,  380,  407,  809,  640,  624, 1172,  435,  785,  256,  870,  955, 1083,  835,    0,  739,  269,  714,  378,  732,   42, 1227, 1186,  542,  712,  903, 1081,  756,  896,  668,  660,  201,  511,  870,  703,  968,  685,  546,  772,  845,  942,  957,  651,  576,  398,  827,  954,  561,  809,  178,  932,  838, 1115,  307, 1112,  807,  584,  994,  911,  718,  723,  772,  103, 1102,  596,  336,  451,  125,  586,  206,  942,  277,  632,  168,  373,  136,  668,  962,  896,  840,  182, 1082,  991,  624,  511,  601,  168, 1050,  387,  758,  494,  683,  514,  265,  671,  931,  308,  697,  157,  821,  389,  891,  919,  645,  797,  648,  481,  649,  407,  921,  748,  159,  479,  916,  417,  725,  195, 1171,  473,  422,  543,  706,  366,  642,  951,  132,  832,  402, 1146,  803, 1155,  956,  672,  448,   92,  389,  774,  185, 1215,  645,  825,  410,  583,  371,  761,  928, 1148,  741,  302,  568,  227,  863,  705,  507,  393,  615,  224],
        [  427,    0,  781,  714,  508,  487,  627,   26,  905,  479,  579,  174,  442,  814,  247,  777,  741,  676,  773,  375,  663,  169,  771,  697,  719,  262,  495,  630,  798,  798, 1129,  739,    0,  490,  103,  515,  992,  730,  865,  819,  677,   97,  213,  588,  434,  165,  845,  413,  669,  652,  721,  560,  806,  751,  764,  298,  958,  259,  694,  387,  346,  473,  780,  335,  785, 1010,  632,  266, 1059,  594,  449,  697, 1090,  716,  275,  175,  842,  845,  132,  653,  685,  561,  416,  368,  751,  421,  534,  470,  463,  952,  673,  367,  651,  804,  814,  160,  690,  637,  576,  775,  803,  757,  475,  597,  713,  409,  105,  404,  504,  257,  489,  912,  369,  432,   50,  657,  937,  726,  487,  289,  973,  521,  233,  423,  110,  343,  549,  970,  641,  537,  703,  556,  418,  649,  706,  461,  780,  440,  120,  813,  582,  354,  729,  373,  830,  718, 1032,  835,  220,  881,  366,  661,  834,   95,  613,  847,  100, 1068,  590,  722,  405,  257,  885,  816,  802,  688,  231,  555,  252,  455,  235,  391,  145,  518],
        [  460,    0,  768,  486,  834,   31,  438,  504,  848,  836,  636,  354,   69,  966,  692, 1092,  569,  226,  496,  247,  753,  426,  663, 1028,  503,  594,   21,  786,  910, 1001,  958,  269,  490,    0,  451,  331,  833,  250, 1125, 1081,  559,  483,  675,  926,  625,  639,  726,  536,  306,  523,  819,  631,  922,  698,  604,  594,  896,  718,  873,  517,  429,  320,  811,  751,  625,  892,  145,  714,  932,  952,   42,  986,  924,  609,  758,  664,  760,  765,  547,  216,  974,  545,  168,  303,  331,  473,  103,  785,  100,  749,  288,  140,  162,  709,  921,  642,  785,  262,  923,  927,  677,  577,  510,  195,  947,  251,  529,  375,  591,  309,   13,  758,  744,  103,  453,  168,  871,  475,  751,  710,  768,  690,  457,  373,  391,  206,  795,  834,  152,  436,  846,  394,  594,  284, 1031,  387,  528,  443,  442,  510,  591,  755,  240,  667,  542, 1017,  897, 1065,  709,  745,  297,  181,  535,  541,  125, 1111,  404,  927,  410,  611,  102,  571,  923, 1053,  758,  391,  300,  206,  656,  590,  255,  241,  356,   62],
