{
    "name": "random-32-14451",
    "comment": "size=32 seed=14451",
    "nodes": ["+0", "-0", "+1", "-1", "+2", "-2", "+3", "-3", "+4", "-4", "+5", "-5", "+6", "-6", "+7", "-7", "+8", "-8", "+9", "-9", "+10", "-10", "+11", "-11", "+12", "-12", "+13", "-13", "+14", "-14", "+15", "-15", "+16", "-16", "+17", "-17", "+18", "-18", "+19", "-19", "+20", "-20", "+21", "-21", "+22", "-22", "+23", "-23", "+24", "-24", "+25", "-25", "+26", "-26", "+27", "-27", "+28", "-28", "+29", "-29", "+30", "-30", "+31", "-31", "+32", "-32"],
    "precedence": {
        "+0": "-0",
        "+1": "-1",
        "+2": "-2",
        "+3": "-3",
        "+4": "-4",
        "+5": "-5",
        "+6": "-6",
        "+7": "-7",
        "+8": "-8",
        "+9": "-9",
        "+10": "-10",
        "+11": "-11",
        "+12": "-12",
        "+13": "-13",
        "+14": "-14",
        "+15": "-15",
        "+16": "-16",
        "+17": "-17",
        "+18": "-18",
        "+19": "-19",
        "+20": "-20",
        "+21": "-21",
        "+22": "-22",
        "+23": "-23",
        "+24": "-24",
        "+25": "-25",
        "+26": "-26",
        "+27": "-27",
        "+28": "-28",
        "+29": "-29",
        "+30": "-30",
        "+31": "-31",
        "+32": "-32"
    },
    "edges": [
        [    0,    0,  894,  931,  691, 1109,  942,  417,   94,  604,  894,  822,  544,  539,  324,  726,  908,  821,  593,  569,   38,  781,  809,  363, 1168,  719,  754,  741,  659,  897,  625,  846,  583,  723,  518,  608,  788, 1099,  453,  954,  600,  599, 1073,  650,  195,  924,  787,  570,  601,  962,  878,  910,  778,  579,  653,  840,  259,  448,  948,  620,  860,  945, 1106,  916,  767,  828],
        [    0,    0,  894,  931,  691, 1109,  942,  417,   94,  604,  894,  822,  544,  539,  324,  726,  908,  821,  593,  569,   38,  781,  809,  363, 1168,  719,  754,  741,  659,  897,  625,  846,  583,  723,  518,  608,  788, 1099,  453,  954,  600,  599, 1073,  650,  195,  924,  787,  570,  601,  962,  878,  910,  778,  579,  653,  840,  259,  448,  948,  620,  860,  945, 1106,  916,  767,  828],
        [  894,  894,    0,  374,  220,  582,  719,  500,  801,  298,  214,  330,  516,  403,  732,  301,  463,  199,  484,  329,  893,  521,   97,  534,  557,  223,  299,  575,  341,  716,  275,  901,  809,  244,  377,  410,  706,  492,  512,  101,  297,  341,  387,  776,  700,  316,  420,  327,  511,  145,  604,  749,  704,  699,  668,  758,  781,  466,  769,  348,  356,  146,  284,   37,  305,   69],
        [  931,  931,  374,    0,  341,  955, 1068,  652,  842,  498,  584,  113,  764,  404,  898,  616,  825,  203,  752,  438,  945,  853,  330,  639,  928,  288,  192,  892,  625, 1057,  399, 1212, 1062,  262,  518,  324, 1025,  865,  479,  305,  480,  578,  757, 1052,  750,   59,  159,  497,  784,  260,  952, 1090, 1020,  960,  954, 1084,  922,  626, 1114,  325,   72,  246,  624,  406,  638,  390],
        [  691,  691,  220,  341,    0,  704,  753,  333,  597,  158,  340,  242,  423,  184,  581,  298,  535,  154,  412,  125,  695,  530,  125,  344,  706,   53,  168,  562,  292,  736,   71,  875,  723,   83,  196,  207,  692,  634,  292,  264,  141,  238,  548,  712,  497,  302,  295,  162,  444,  273,  638,  767,  687,  620,  614,  753,  617,  303,  796,  138,  285,  257,  490,  252,  330,  169],
        [ 1109, 1109,  582,  955,  704,    0,  309,  723, 1036,  626,  375,  901,  566,  843,  810,  438,  204,  769,  517,  726, 1089,  335,  639,  799,  100,  742,  851,  392,  490,  345,  704,  579,  679,  773,  703,  903,  431,  105,  927,  662,  646,  572,  218,  600,  959,  897,  981,  662,  509,  711,  273,  366,  438,  599,  519,  434,  881,  701,  356,  834,  932,  719,  398,  551,  395,  574],
        [  942,  942,  719, 1068,  753,  309,    0,  630,  887,  624,  513,  988,  437,  836,  620,  457,  264,  866,  405,  723,  915,  226,  739,  707,  408,  803,  919,  221,  469,   49,  725,  271,  417,  835,  670,  920,  161,  387,  891,  817,  645,  545,  469,  333,  832, 1016, 1048,  648,  380,  863,  117,   59,  172,  370,  291,  136,  689,  621,   54,  857, 1027,  864,  640,  700,  431,  683],
        [  417,  417,  500,  652,  333,  723,  630,    0,  330,  202,  478,  541,  194,  273,  249,  313,  520,  485,  227,  216,  408,  423,  429,   79,  769,  377,  461,  409,  247,  595,  263,  649,  437,  396,  138,  372,  508,  698,  281,  576,  206,  183,  661,  454,  240,  624,  552,  177,  250,  596,  536,  618,  500,  356,  387,  572,  286,   34,  654,  336,  585,  583,  691,  517,  355,  432],
        [   94,   94,  801,  842,  597, 1036,  887,  330,    0,  512,  807,  733,  473,  447,  283,  642,  834,  729,  520,  476,  104,  713,  716,  272, 1091,  625,  663,  679,  575,  844,  531,  816,  555,  630,  426,  519,  738, 1021,  365,  860,  508,  511,  989,  615,  102,  834,  701,  478,  532,  869,  815,  859,  728,  535,  602,  794,  231,  361,  898,  529,  771,  852, 1017,  823,  683,  735],
        [  604,  604,  298,  498,  158,  626,  624,  202,  512,    0,  310,  396,  267,  220,  440,  190,  436,  308,  258,  103,  600,  398,  231,  242,  649,  210,  318,  419,  155,  601,  105,  723,  566,  237,   91,  297,  546,  575,  302,  377,   22,   84,  513,  555,  413,  459,  436,   39,  290,  400,  511,  631,  540,  463,  460,  609,  485,  169,  662,  234,  439,  388,  509,  316,  232,  230],
        [  894,  894,  214,  584,  340,  375,  513,  478,  807,  310,    0,  526,  412,  502,  664,  178,  252,  394,  367,  393,  885,  335,  265,  538,  367,  372,  477,  398,  245,  515,  357,  718,  671,  402,  400,  546,  522,  296,  601,  307,  323,  296,  210,  622,  712,  527,  607,  348,  384,  354,  402,  548,  521,  562,  512,  567,  726,  447,  564,  476,  558,  358,  219,  189,  151,  199],
        [  822,  822,  330,  113,  242,  901,  988,  541,  733,  396,  526,    0,  661,  292,  786,  532,  755,  134,  653,  329,  836,  767,  263,  527,  884,  189,   81,  802,  532,  973,  294, 1116,  957,  160,  409,  216,  933,  817,  371,  289,  377,  478,  716,  950,  639,  106,   96,  392,  685,  256,  871, 1005,  928,  857,  855,  994,  810,  517, 1032,  212,   45,  237,  604,  366,  558,  327],
        [  544,  544,  516,  764,  423,  566,  437,  194,  473,  267,  412,  661,    0,  435,  260,  236,  365,  572,   51,  342,  524,  242,  477,  270,  627,  476,  582,  218,  178,  401,  367,  470,  302,  503,  269,  531,  316,  560,  468,  610,  285,  189,  550,  290,  403,  724,  693,  271,   60,  643,  349,  424,  308,  197,  203,  380,  328,  190,  461,  480,  705,  634,  629,  520,  263,  452],
        [  539,  539,  403,  404,  184,  843,  836,  273,  447,  220,  502,  292,  435,    0,  505,  409,  656,  286,  446,  118,  549,  611,  307,  241,  859,  192,  218,  623,  372,  810,  146,  905,  708,  188,  169,  100,  743,  785,  109,  437,  199,  293,  711,  718,  350,  389,  284,  190,  476,  435,  727,  838,  736,  620,  638,  807,  522,  257,  871,   82,  333,  417,  670,  435,  450,  351],
        [  324,  324,  732,  898,  581,  810,  620,  249,  283,  440,  664,  786,  260,  505,    0,  487,  617,  733,  311,  464,  295,  476,  670,  265,  879,  626,  707,  428,  421,  575,  511,  534,  274,  644,  386,  602,  465,  816,  479,  816,  449,  393,  810,  332,  266,  871,  789,  422,  308,  839,  563,  587,  454,  256,  330,  517,   72,  278,  625,  577,  830,  827,  882,  743,  519,  664],
        [  726,  726,  301,  616,  298,  438,  457,  313,  642,  190,  178,  532,  236,  409,  487,    0,  248,  414,  195,  291,  715,  237,  292,  381,  468,  347,  463,  280,   69,  442,  278,  605,  513,  379,  266,  479,  413,  394,  490,  401,  210,  139,  349,  475,  552,  567,  592,  224,  217,  441,  341,  474,  409,  402,  367,  469,  548,  284,  501,  411,  571,  437,  396,  297,   45,  247],
        [  908,  908,  463,  825,  535,  204,  264,  520,  834,  436,  252,  755,  365,  656,  617,  248,    0,  627,  315,  538,  889,  153,  496,  597,  263,  580,  694,  221,  292,  273,  524,  496,  522,  612,  507,  725,  310,  202,  734,  558,  457,  375,  233,  453,  755,  770,  825,  470,  311,  605,  161,  305,  313,  427,  355,  340,  687,  499,  317,  657,  790,  608,  385,  440,  208,  435],
        [  821,  821,  199,  203,  154,  769,  866,  485,  729,  308,  394,  134,  572,  286,  733,  414,  627,    0,  556,  272,  829,  650,  132,  489,  751,  108,  108,  691,  425,  855,  222, 1012,  873,   99,  347,  251,  823,  684,  388,  175,  293,  384,  583,  857,  629,  155,  222,  316,  587,  157,  750,  887,  819,  768,  756,  882,  767,  455,  912,  208,  165,  138,  478,  235,  436,  195],
        [  593,  593,  484,  752,  412,  517,  405,  227,  520,  258,  367,  653,   51,  446,  311,  195,  315,  556,    0,  344,  574,  198,  453,  305,  576,  465,  575,  185,  143,  372,  362,  467,  326,  494,  277,  538,  298,  510,  489,  581,  278,  175,  500,  302,  447,  710,  692,  269,   32,  616,  310,  398,  290,  216,  203,  362,  379,  216,  433,  483,  696,  609,  582,  485,  217,  423],
        [  569,  569,  329,  438,  125,  726,  723,  216,  476,  103,  393,  329,  342,  118,  464,  291,  538,  272,  344,    0,  572,  498,  241,  220,  745,  164,  248,  515,  257,  699,   56,  809,  631,  181,   80,  198,  638,  671,  208,  386,   82,  180,  601,  630,  374,  408,  353,   77,  375,  397,  612,  728,  632,  535,  542,  702,  496,  189,  760,  140,  373,  381,  576,  355,  333,  267],
        [   38,   38,  893,  945,  695, 1089,  915,  408,  104,  600,  885,  836,  524,  549,  295,  715,  889,  829,  574,  572,    0,  759,  811,  360, 1150,  725,  766,  717,  647,  869,  627,  813,  550,  731,  517,  622,  759, 1082,  468,  957,  598,  590, 1059,  619,  200,  937,  804,  568,  581,  967,  853,  881,  749,  550,  625,  811,  229,  440,  919,  631,  874,  950, 1099,  914,  754,  827],
        [  781,  781,  521,  853,  530,  335,  226,  423,  713,  398,  335,  767,  242,  611,  476,  237,  153,  650,  198,  498,  759,    0,  527,  501,  409,  581,  697,   71,  244,  207,  499,  384,  371,  612,  447,  695,  188,  353,  671,  621,  420,  320,  380,  306,  644,  802,  824,  423,  182,  665,  116,  238,  187,  275,  204,  238,  547,  408,  266,  631,  807,  664,  514,  508,  219,  476],
        [  809,  809,   97,  330,  125,  639,  739,  429,  716,  231,  265,  263,  477,  307,  670,  292,  496,  132,  453,  241,  811,  527,    0,  454,  626,  127,  216,  572,  314,  730,  185,  896,  777,  151,  298,  315,  704,  558,  416,  148,  224,  291,  460,  753,  615,  277,  344,  253,  483,  170,  622,  762,  701,  669,  648,  761,  714,  397,  786,  251,  296,  159,  377,  131,  310,   66],
        [  363,  363,  534,  639,  344,  799,  707,   79,  272,  242,  538,  527,  270,  241,  265,  381,  597,  489,  305,  220,  360,  501,  454,    0,  842,  382,  449,  487,  317,  671,  274,  715,  490,  395,  158,  337,  582,  770,  223,  601,  239,  245,  728,  516,  174,  617,  524,  208,  327,  615,  614,  694,  573,  418,  457,  645,  283,   99,  730,  316,  570,  600,  746,  555,  424,  467],
        [ 1168, 1168,  557,  928,  706,  100,  408,  769, 1091,  649,  367,  884,  627,  859,  879,  468,  263,  751,  576,  745, 1150,  409,  626,  842,    0,  738,  841,  472,  527,  443,  716,  678,  766,  768,  732,  910,  524,   74,  950,  627,  667,  605,  171,  690, 1008,  869,  969,  686,  573,  675,  364,  465,  531,  681,  603,  531,  950,  744,  455,  840,  912,  685,  335,  523,  423,  561],
        [  719,  719,  223,  288,   53,  742,  803,  377,  625,  210,  372,  189,  476,  192,  626,  347,  580,  108,  465,  164,  725,  581,  127,  382,  738,    0,  117,  614,  344,  787,  115,  928,  775,   33,  240,  188,  744,  667,  299,  246,  192,  290,  577,  764,  525,  251,  246,  212,  497,  246,  687,  818,  739,  672,  667,  805,  659,  349,  846,  126,  232,  228,  503,  258,  377,  185],
        [  754,  754,  299,  192,  168,  851,  919,  461,  663,  318,  477,   81,  582,  218,  707,  463,  694,  108,  575,  248,  766,  697,  216,  449,  841,  117,    0,  729,  459,  903,  215, 1040,  877,   85,  328,  156,  859,  772,  307,  283,  298,  401,  676,  871,  567,  172,  131,  312,  607,  262,  803,  934,  854,  778,  777,  920,  731,  436,  962,  137,  125,  242,  581,  335,  493,  281],
        [  741,  741,  575,  892,  562,  392,  221,  409,  679,  419,  398,  802,  218,  623,  428,  280,  221,  691,  185,  515,  717,   71,  572,  487,  472,  614,  729,    0,  271,  188,  523,  327,  302,  645,  456,  712,  133,  419,  673,  675,  441,  337,  450,  235,  617,  844,  853,  439,  160,  717,  137,  215,  130,  209,  134,  192,  499,  400,  249,  652,  843,  715,  583,  564,  271,  525],
        [  659,  659,  341,  625,  292,  490,  469,  247,  575,  155,  245,  532,  178,  372,  421,   69,  292,  425,  143,  257,  647,  244,  314,  317,  527,  344,  459,  271,    0,  448,  256,  587,  468,  374,  217,  452,  401,  454,  444,  438,  177,   84,  415,  439,  486,  579,  583,  183,  171,  474,  357,  478,  397,  358,  335,  462,  482,  219,  508,  388,  574,  468,  463,  343,  109,  280],
        [  897,  897,  716, 1057,  736,  345,   49,  595,  844,  601,  515,  973,  401,  810,  575,  442,  273,  855,  372,  699,  869,  207,  730,  671,  443,  787,  903,  188,  448,    0,  704,  237,  369,  818,  642,  896,  114,  416,  861,  815,  623,  520,  490,  285,  791, 1006, 1030,  623,  346,  860,  114,   34,  124,  323,  245,   91,  643,  587,   62,  834, 1013,  861,  656,  698,  421,  676],
        [  625,  625,  275,  399,   71,  704,  725,  263,  531,  105,  357,  294,  367,  146,  511,  278,  524,  222,  362,   56,  627,  499,  185,  274,  716,  115,  215,  523,  256,  704,    0,  828,  663,  138,  126,  202,  651,  642,  248,  330,   85,  189,  566,  657,  430,  365,  331,   98,  394,  342,  611,  734,  645,  563,  564,  713,  547,  234,  764,  134,  338,  326,  529,  303,  316,  215],
        [  846,  846,  901, 1212,  875,  579,  271,  649,  816,  723,  718, 1116,  470,  905,  534,  605,  496, 1012,  467,  809,  813,  384,  896,  715,  678,  928, 1040,  327,  587,  237,  828,    0,  264,  957,  738, 1001,  197,  652,  930, 1002,  744,  640,  722,  205,  790, 1166, 1158,  735,  435, 1044,  338,  213,  198,  298,  267,  156,  589,  655,  229,  948, 1159, 1041,  881,  890,  597,  851],
        [  583,  583,  809, 1062,  723,  679,  417,  437,  555,  566,  671,  957,  302,  708,  274,  513,  522,  873,  326,  631,  550,  371,  777,  490,  766,  775,  877,  302,  468,  369,  663,  264,    0,  800,  552,  807,  258,  718,  712,  906,  583,  490,  751,   84,  537, 1024,  981,  565,  299,  941,  406,  368,  249,  111,  168,  288,  326,  452,  403,  765, 1001,  933,  873,  808,  525,  748],
        [  723,  723,  244,  262,   83,  773,  835,  396,  630,  237,  402,  160,  503,  188,  644,  379,  612,   99,  494,  181,  731,  612,  151,  395,  768,   33,   85,  645,  374,  818,  138,  957,  800,    0,  259,  168,  775,  698,  293,  255,  219,  319,  606,  792,  531,  229,  214,  236,  525,  248,  719,  850,  770,  699,  696,  836,  674,  368,  878,  114,  203,  230,  526,  279,  409,  212],
        [  518,  518,  377,  518,  196,  703,  670,  138,  426,   91,  400,  409,  269,  169,  386,  266,  507,  347,  277,   80,  517,  447,  298,  158,  732,  240,  328,  456,  217,  642,  126,  738,  552,  259,    0,  263,  574,  658,  228,  446,   83,  134,  601,  555,  326,  487,  430,   54,  308,  462,  563,  670,  567,  458,  471,  638,  422,  110,  703,  214,  453,  448,  599,  398,  310,  311],
        [  608,  608,  410,  324,  207,  903,  920,  372,  519,  297,  546,  216,  531,  100,  602,  479,  725,  251,  538,  198,  622,  695,  315,  337,  910,  188,  156,  712,  452,  896,  202, 1001,  807,  168,  263,    0,  835,  838,  156,  420,  276,  377,  755,  816,  428,  319,  189,  274,  569,  408,  808,  925,  828,  718,  734,  898,  616,  356,  957,   71,  253,  388,  690,  445,  517,  370],
        [  788,  788,  706, 1025,  692,  431,  161,  508,  738,  546,  522,  933,  316,  743,  465,  413,  310,  823,  298,  638,  759,  188,  704,  582,  524,  744,  859,  133,  401,  114,  651,  197,  258,  775,  574,  835,    0,  486,  783,  806,  567,  463,  541,  175,  691,  977,  981,  563,  267,  849,  162,  122,   11,  211,  136,   64,  532,  506,  161,  777,  975,  847,  691,  694,  402,  657],
        [ 1099, 1099,  492,  865,  634,  105,  387,  698, 1021,  575,  296,  817,  560,  785,  816,  394,  202,  684,  510,  671, 1082,  353,  558,  770,   74,  667,  772,  419,  454,  416,  642,  652,  718,  698,  658,  838,  486,    0,  877,  567,  593,  532,  115,  644,  937,  807,  901,  613,  508,  615,  324,  442,  491,  627,  552,  500,  885,  672,  437,  768,  846,  625,  293,  460,  350,  492],
        [  453,  453,  512,  479,  292,  927,  891,  281,  365,  302,  601,  371,  468,  109,  479,  490,  734,  388,  489,  208,  468,  671,  416,  223,  950,  299,  307,  673,  444,  861,  248,  930,  712,  293,  228,  156,  783,  877,    0,  545,  284,  361,  809,  734,  276,  474,  338,  266,  518,  541,  787,  887,  775,  636,  667,  847,  481,  278,  922,  180,  408,  522,  776,  543,  533,  458],
        [  954,  954,  101,  305,  264,  662,  817,  576,  860,  377,  307,  289,  610,  437,  816,  401,  558,  175,  581,  386,  957,  621,  148,  601,  627,  246,  283,  675,  438,  815,  330, 1002,  906,  255,  446,  420,  806,  567,  545,    0,  371,  430,  457,  875,  759,  246,  384,  400,  608,   49,  703,  848,  804,  796,  767,  858,  861,  544,  867,  368,  303,   59,  321,  118,  405,  159],
        [  600,  600,  297,  480,  141,  646,  645,  206,  508,   22,  323,  377,  285,  199,  449,  210,  457,  293,  278,   82,  598,  420,  224,  239,  667,  192,  298,  441,  177,  623,   85,  744,  583,  219,   83,  276,  567,  593,  284,  371,    0,  105,  528,  574,  408,  442,  415,   31,  310,  391,  533,  652,  561,  481,  480,  630,  491,  173,  683,  212,  421,  379,  518,  317,  252,  230],
        [  599,  599,  341,  578,  238,  572,  545,  183,  511,   84,  296,  478,  189,  293,  393,  139,  375,  384,  175,  180,  590,  320,  291,  245,  605,  290,  401,  337,   84,  520,  189,  640,  490,  319,  134,  377,  463,  532,  361,  430,  105,    0,  484,  475,  418,  537,  520,  104,  207,  459,  434,  549,  457,  385,  377,  525,  446,  151,  581,  316,  521,  449,  510,  351,  183,  274],
        [ 1073, 1073,  387,  757,  548,  218,  469,  661,  989,  513,  210,  716,  550,  711,  810,  349,  233,  583,  500,  601, 1059,  380,  460,  728,  171,  577,  676,  450,  415,  490,  566,  722,  751,  606,  601,  755,  541,  115,  809,  457,  528,  484,    0,  684,  900,  699,  802,  551,  506,  505,  386,  519,  545,  651,  583,  567,  877,  632,  521,  685,  742,  515,  182,  353,  307,  396],
        [  650,  650,  776, 1052,  712,  600,  333,  454,  615,  555,  622,  950,  290,  718,  332,  475,  453,  857,  302,  630,  619,  306,  753,  516,  690,  764,  871,  235,  439,  285,  657,  205,   84,  792,  555,  816,  175,  644,  734,  875,  574,  475,  684,    0,  586, 1011,  983,  560,  271,  912,  327,  285,  166,   99,  110,  205,  392,  463,  320,  768,  994,  906,  816,  771,  481,  718],
        [  195,  195,  700,  750,  497,  959,  832,  240,  102,  413,  712,  639,  403,  350,  266,  552,  755,  629,  447,  374,  200,  644,  615,  174, 1008,  525,  567,  617,  486,  791,  430,  790,  537,  531,  326,  428,  691,  937,  276,  759,  408,  418,  900,  586,    0,  739,  613,  378,  463,  768,  751,  810,  681,  497,  556,  750,  237,  268,  848,  432,  679,  751,  920,  723,  594,  634],
        [  924,  924,  316,   59,  302,  897, 1016,  624,  834,  459,  527,  106,  724,  389,  871,  567,  770,  155,  710,  408,  937,  802,  277,  617,  869,  251,  172,  844,  579, 1006,  365, 1166, 1024,  229,  487,  319,  977,  807,  474,  246,  442,  537,  699, 1011,  739,    0,  183,  462,  741,  202,  899, 1039,  973,  921,  910, 1035,  899,  596, 1063,  308,   83,  188,  566,  348,  586,  335],
        [  787,  787,  420,  159,  295,  981, 1048,  552,  701,  436,  607,   96,  693,  284,  789,  592,  825,  222,  692,  353,  804,  824,  344,  524,  969,  246,  131,  853,  583, 1030,  331, 1158,  981,  214,  430,  189,  981,  901,  338,  384,  415,  520,  802,  983,  613,  183,    0,  424,  724,  351,  932, 1061,  976,  887,  893, 1043,  804,  532, 1089,  217,  100,  332,  697,  456,  623,  409],
        [  570,  570,  327,  497,  162,  662,  648,  177,  478,   39,  348,  392,  271,  190,  422,  224,  470,  316,  269,   77,  568,  423,  253,  208,  686,  212,  312,  439,  183,  623,   98,  735,  565,  236,   54,  274,  563,  613,  266,  400,   31,  104,  551,  560,  378,  462,  424,    0,  301,  420,  537,  652,  556,  466,  469,  626,  462,  145,  684,  215,  436,  406,  546,  347,  267,  260],
        [  601,  601,  511,  784,  444,  509,  380,  250,  532,  290,  384,  685,   60,  476,  308,  217,  311,  587,   32,  375,  581,  182,  483,  327,  573,  497,  607,  160,  171,  346,  394,  435,  299,  525,  308,  569,  267,  508,  518,  608,  310,  207,  506,  271,  463,  741,  724,  301,    0,  644,  290,  370,  260,  189,  171,  331,  378,  242,  406,  514,  728,  637,  597,  510,  234,  450],
        [  962,  962,  145,  260,  273,  711,  863,  596,  869,  400,  354,  256,  643,  435,  839,  441,  605,  157,  616,  397,  967,  665,  170,  615,  675,  246,  262,  717,  474,  860,  342, 1044,  941,  248,  462,  408,  849,  615,  541,   49,  391,  459,  505,  912,  768,  202,  351,  420,  644,    0,  749,  893,  847,  832,  805,  902,  881,  564,  913,  362,  265,   20,  365,  165,  448,  195],
        [  878,  878,  604,  952,  638,  273,  117,  536,  815,  511,  402,  871,  349,  727,  563,  341,  161,  750,  310,  612,  853,  116,  622,  614,  364,  687,  803,  137,  357,  114,  611,  338,  406,  719,  563,  808,  162,  324,  787,  703,  533,  434,  386,  327,  751,  899,  932,  537,  290,  749,    0,  147,  168,  331,  250,  182,  634,  523,  165,  744,  910,  750,  546,  586,  314,  567],
        [  910,  910,  749, 1090,  767,  366,   59,  618,  859,  631,  548, 1005,  424,  838,  587,  474,  305,  887,  398,  728,  881,  238,  762,  694,  465,  818,  934,  215,  478,   34,  734,  213,  368,  850,  670,  925,  122,  442,  887,  848,  652,  549,  519,  285,  810, 1039, 1061,  652,  370,  893,  147,    0,  133,  332,  258,   81,  654,  612,   39,  864, 1045,  894,  687,  732,  453,  709],
        [  778,  778,  704, 1020,  687,  438,  172,  500,  728,  540,  521,  928,  308,  736,  454,  409,  313,  819,  290,  632,  749,  187,  701,  573,  531,  739,  854,  130,  397,  124,  645,  198,  249,  770,  567,  828,   11,  491,  775,  804,  561,  457,  545,  166,  681,  973,  976,  556,  260,  847,  168,  133,    0,  200,  126,   73,  522,  497,  171,  770,  970,  844,  693,  692,  400,  655],
        [  579,  579,  699,  960,  620,  599,  370,  356,  535,  463,  562,  857,  197,  620,  256,  402,  427,  768,  216,  535,  550,  275,  669,  418,  681,  672,  778,  209,  358,  323,  563,  298,  111,  699,  458,  718,  211,  627,  636,  796,  481,  385,  651,   99,  497,  921,  887,  466,  189,  832,  331,  332,  200,    0,   82,  261,  322,  365,  370,  671,  901,  825,  766,  698,  415,  638],
        [  653,  653,  668,  954,  614,  519,  291,  387,  602,  460,  512,  855,  203,  638,  330,  367,  355,  756,  203,  542,  625,  204,  648,  457,  603,  667,  777,  134,  335,  245,  564,  267,  168,  696,  471,  734,  136,  552,  667,  767,  480,  377,  583,  110,  556,  910,  893,  469,  171,  805,  250,  258,  126,   82,    0,  194,  398,  390,  296,  681,  898,  800,  708,  662,  371,  611],
        [  840,  840,  758, 1084,  753,  434,  136,  572,  794,  609,  567,  994,  380,  807,  517,  469,  340,  882,  362,  702,  811,  238,  761,  645,  531,  805,  920,  192,  462,   91,  713,  156,  288,  836,  638,  898,   64,  500,  847,  858,  630,  525,  567,  205,  750, 1035, 1043,  626,  331,  902,  182,   81,   73,  261,  194,    0,  583,  570,  115,  840, 1035,  901,  725,  744,  455,  712],
        [  259,  259,  781,  922,  617,  881,  689,  286,  231,  485,  726,  810,  328,  522,   72,  548,  687,  767,  379,  496,  229,  547,  714,  283,  950,  659,  731,  499,  482,  643,  547,  589,  326,  674,  422,  616,  532,  885,  481,  861,  491,  446,  877,  392,  237,  899,  804,  462,  378,  881,  634,  654,  522,  322,  398,  583,    0,  318,  692,  598,  853,  868,  944,  795,  582,  713],
        [  448,  448,  466,  626,  303,  701,  621,   34,  361,  169,  447,  517,  190,  257,  278,  284,  499,  455,  216,  189,  440,  408,  397,   99,  744,  349,  436,  400,  219,  587,  234,  655,  452,  368,  110,  356,  506,  672,  278,  544,  173,  151,  632,  463,  268,  596,  532,  145,  242,  564,  523,  612,  497,  365,  390,  570,  318,    0,  648,  315,  561,  551,  659,  483,  327,  398],
        [  948,  948,  769, 1114,  796,  356,   54,  654,  898,  662,  564, 1032,  461,  871,  625,  501,  317,  912,  433,  760,  919,  266,  786,  730,  455,  846,  962,  249,  508,   62,  764,  229,  403,  878,  703,  957,  161,  437,  922,  867,  683,  581,  521,  320,  848, 1063, 1089,  684,  406,  913,  165,   39,  171,  370,  296,  115,  692,  648,    0,  895, 1071,  914,  693,  750,  477,  731],
        [  620,  620,  348,  325,  138,  834,  857,  336,  529,  234,  476,  212,  480,   82,  577,  411,  657,  208,  483,  140,  631,  631,  251,  316,  840,  126,  137,  652,  388,  834,  134,  948,  765,  114,  214,   71,  777,  768,  180,  368,  212,  316,  685,  768,  432,  308,  217,  215,  514,  362,  744,  864,  770,  671,  681,  840,  598,  315,  895,    0,  255,  343,  625,  382,  449,  304],
        [  860,  860,  356,   72,  285,  932, 1027,  585,  771,  439,  558,   45,  705,  333,  830,  571,  790,  165,  696,  373,  874,  807,  296,  570,  912,  232,  125,  843,  574, 1013,  338, 1159, 1001,  203,  453,  253,  975,  846,  408,  303,  421,  521,  742,  994,  679,   83,  100,  436,  728,  265,  910, 1045,  970,  901,  898, 1035,  853,  561, 1071,  255,    0,  247,  623,  390,  596,  359],
        [  945,  945,  146,  246,  257,  719,  864,  583,  852,  388,  358,  237,  634,  417,  827,  437,  608,  138,  609,  381,  950,  664,  159,  600,  685,  228,  242,  715,  468,  861,  326, 1041,  933,  230,  448,  388,  847,  625,  522,   59,  379,  449,  515,  906,  751,  188,  332,  406,  637,   20,  750,  894,  844,  825,  800,  901,  868,  551,  914,  343,  247,    0,  379,  170,  446,  191],
        [ 1106, 1106,  284,  624,  490,  398,  640,  691, 1017,  509,  219,  604,  629,  670,  882,  396,  385,  478,  582,  576, 1099,  514,  377,  746,  335,  503,  581,  583,  463,  656,  529,  881,  873,  526,  599,  690,  691,  293,  776,  321,  518,  510,  182,  816,  920,  566,  697,  546,  597,  365,  546,  687,  693,  766,  708,  725,  944,  659,  693,  625,  623,  379,    0,  248,  366,  322],
        [  916,  916,   37,  406,  252,  551,  700,  517,  823,  316,  189,  366,  520,  435,  743,  297,  440,  235,  485,  355,  914,  508,  131,  555,  523,  258,  335,  564,  343,  698,  303,  890,  808,  279,  398,  445,  694,  460,  543,  118,  317,  351,  353,  771,  723,  348,  456,  347,  510,  165,  586,  732,  692,  698,  662,  744,  795,  483,  750,  382,  390,  170,  248,    0,  295,   89],
        [  767,  767,  305,  638,  330,  395,  431,  355,  683,  232,  151,  558,  263,  450,  519,   45,  208,  436,  217,  333,  754,  219,  310,  424,  423,  377,  493,  271,  109,  421,  316,  597,  525,  409,  310,  517,  402,  350,  533,  405,  252,  183,  307,  481,  594,  586,  623,  267,  234,  448,  314,  453,  400,  415,  371,  455,  582,  327,  477,  449,  596,  446,  366,  295,    0,  258],
        [  828,  828,   69,  390,  169,  574,  683,  432,  735,  230,  199,  327,  452,  351,  664,  247,  435,  195,  423,  267,  827,  476,   66,  467,  561,  185,  281,  525,  280,  676,  215,  851,  748,  212,  311,  370,  657,  492,  458,  159,  230,  274,  396,  718,  634,  335,  409,  260,  450,  195,  567,  709,  655,  638,  611,  712,  713,  398,  731,  304,  359,  191,  322,   89,  258,    0]
    ]
}
