{
    "name": "random-44-27642",
    "comment": "size=44 seed=27642",
    "nodes": ["+0", "-0", "+1", "-1", "+2", "-2", "+3", "-3", "+4", "-4", "+5", "-5", "+6", "-6", "+7", "-7", "+8", "-8", "+9", "-9", "+10", "-10", "+11", "-11", "+12", "-12", "+13", "-13", "+14", "-14", "+15", "-15", "+16", "-16", "+17", "-17", "+18", "-18", "+19", "-19", "+20", "-20", "+21", "-21", "+22", "-22", "+23", "-23", "+24", "-24", "+25", "-25", "+26", "-26", "+27", "-27", "+28", "-28", "+29", "-29", "+30", "-30", "+31", "-31", "+32", "-32", "+33", "-33", "+34", "-34", "+35", "-35", "+36", "-36", "+37", "-37", "+38", "-38", "+39", "-39", "+40", "-40", "+41", "-41", "+42", "-42", "+43", "-43", "+44", "-44"],
    "precedence": {
        "+0": "-0",
        "+1": "-1",
        "+2": "-2",
        "+3": "-3",
        "+4": "-4",
        "+5": "-5",
        "+6": "-6",
        "+7": "-7",
        "+8": "-8",
        "+9": "-9",
        "+10": "-10",
        "+11": "-11",
        "+12": "-12",
        "+13": "-13",
        "+14": "-14",
        "+15": "-15",
        "+16": "-16",
        "+17": "-17",
        "+18": "-18",
        "+19": "-19",
        "+20": "-20",
        "+21": "-21",
        "+22": "-22",
        "+23": "-23",
        "+24": "-24",
        "+25": "-25",
        "+26": "-26",
        "+27": "-27",
        "+28": "-28",
        "+29": "-29",
        "+30": "-30",
        "+31": "-31",
        "+32": "-32",
        "+33": "-33",
        "+34": "-34",
        "+35": "-35",
        "+36": "-36",
        "+37": "-37",
        "+38": "-38",
        "+39": "-39",
        "+40": "-40",
        "+41": "-41",
        "+42": "-42",
        "+43": "-43",
        "+44": "-44"
    },
    "edges": [
        [    0,    0,  998,  711,  801,  957,  830,  196,  909,  926,  487,  593,  853, 1227,  907,  773,  602,  156,  376,  969,  539,  690,  642,  310,  559,  805,  381,   90, 1043,  992,  740,  152,  503,  845,  426, 1200,  787,  445, 1097,  505,  487,  403, 1098,  938,  849, 1058,  255,  979,  535, 1017,  640,  748,  952,  170,  524,  747,  643,  703,  790,  237, 1054,  383,  520,   26, 1156,  948,  266,  733,  631,  251,  985,  118,  719,  847,  400,  866,  803,  341,  701,  929,  503,  684,  681,  755,  196,  729,  286,  364,  294,  536],
        [    0,    0,    0,    0,    0,    0,    0,    0,    0,    0,    0,    0,    0,    0,    0,    0,    0,    0,    0,    0,    0,    0,    0,    0,    0,    0,    0,    0,    0,    0,    0,    0,    0,    0,    0,    0,    0,    0,    0,    0,    0,    0,    0,    0,    0,    0,    0,    0,    0,    0,    0,    0,    0,    0,    0,    0,    0,    0,    0,    0,    0,    0,    0,    0,    0,    0,    0,    0,    0,    0,    0,    0,    0,    0,    0,    0,    0,    0,    0,    0,    0,    0,    0,    0,    0,    0,    0,    0,    0,    0],
        [  998,    0,    0,  322,  861,   65, 1074,  838,  161,   93,  520,  497,  742,  547,  326,  833,  431,  845,  804,  554,  492,  422,  554,  946,  561,  501,  846,  915,  444,  616,  560,  847,  499,  915,  584,  499,  212,  579,  712,  503,  514,  754,  623,  871,  828,  473,  794,  127,  494,  706,  409,  562,  646,  834, 1018,  405,  427,  685,  374,  912,  395,  643,  688, 1013,  523,  332,  948,  925,  378,  870,  247,  881,  413,  441,  607,  375,  309,  733,  816,  334,  571,  543,  506,  738,  834,  360,  714,  638,  801,  502],
        [  711,    0,  322,    0,  824,  266, 1005,  535,  319,  286,  225,  177,  748,  772,  234,  790,  278,  567,  608,  654,  178,  361,  473,  730,  427,  522,  654,  636,  613,  712,  538,  560,  258,  884,  344,  728,  158,  358,  830,  207,  230,  566,  767,  885,  815,  641,  485,  365,  304,  791,  290,  543,  716,  559,  859,  150,  321,  632,  157,  676,  585,  409,  548,  723,  723,  477,  720,  850,   89,  636,  445,  594,  137,  496,  311,  455,  342,  511,  746,  466,  250,  488,  448,  702,  531,   81,  427,  348,  573,  320],
        [  801,    0,  861,  824,    0,  874,  220,  817,  701,  772,  733,  887,  146,  667, 1041,   36,  549,  702,  431,  393,  795,  472,  351,  510,  413,  362,  421,  729,  544,  363,  304,  737,  623,   61,  589,  671,  735,  551,  400,  737,  703,  419,  462,  142,   69,  536,  832,  751,  544,  319,  535,  302,  304,  685,  366,  966,  504,  193,  980,  567,  593,  556,  333,  826,  600,  565,  550,  111,  756,  551,  658,  752,  945,  428,  731,  494,  556,  509,  104,  554,  861,  340,  380,  126,  810,  901,  711,  713,  523,  527],
        [  957,    0,   65,  266,  874,    0, 1083,  791,  185,  110,  474,  438,  763,  604,  264,  845,  411,  806,  784,  589,  440,  419,  553,  923,  550,  519,  828,  876,  490,  651,  571,  805,  464,  930,  552,  557,  179,  550,  753,  456,  470,  735,  668,  894,  846,  519,  745,  174,  469,  740,  394,  573,  677,  796, 1008,  341,  415,  692,  309,  884,  444,  613,  678,  971,  576,  370,  922,  931,  329,  842,  293,  839,  350,  463,  562,  400,  319,  706,  822,  369,  515,  547,  508,  750,  787,  297,  672,  594,  773,  479],
        [  830,    0, 1074, 1005,  220, 1083,    0,  895,  914,  983,  881, 1044,  362,  873, 1231,  243,  728,  767,  503,  610,  949,  670,  539,  520,  580,  578,  474,  776,  762,  573,  514,  805,  780,  182,  726,  882,  934,  693,  588,  889,  853,  513,  665,  295,  275,  752,  922,  967,  709,  516,  722,  513,  515,  752,  314, 1141,  692,  391, 1159,  598,  812,  679,  470,  854,  809,  784,  564,  156,  930,  597,  877,  811, 1117,  646,  861,  711,  766,  606,  263,  773, 1002,  538,  578,  337,  888, 1079,  814,  835,  595,  692],
        [  196,    0,  838,  535,  817,  791,  895,    0,  769,  775,  319,  403,  835, 1135,  718,  785,  483,  131,  395,  902,  358,  590,  578,  403,  487,  732,  421,  159,  950,  936,  683,   94,  366,  870,  310, 1103,  631,  342, 1050,  336,  327,  399, 1034,  941,  852,  969,   60,  836,  421,  977,  524,  690,  905,  144,  615,  556,  535,  679,  600,  317,  952,  295,  496,  200, 1067,  839,  365,  772,  463,  304,  861,  105,  529,  761,  232,  766,  685,  309,  713,  822,  311,  619,  606,  743,    8,  544,  141,  205,  301,  427],
        [  909,    0,  161,  319,  701,  185,  914,  769,    0,   76,  461,  490,  583,  458,  423,  673,  313,  753,  673,  405,  455,  274,  403,  818,  422,  341,  713,  822,  317,  467,  401,  761,  408,  755,  484,  412,  162,  470,  572,  447,  446,  623,  490,  712,  668,  346,  733,   72,  380,  556,  281,  402,  492,  740,  871,  447,  292,  526,  429,  794,  279,  535,  544,  927,  417,  189,  825,  766,  337,  752,  129,  795,  444,  281,  541,  217,  153,  614,  658,  185,  545,  387,  352,  578,  764,  385,  635,  565,  682,  384],
        [  926,    0,   93,  286,  772,  110,  983,  775,   76,    0,  459,  462,  656,  514,  356,  743,  346,  771,  716,  479,  442,  329,  462,  859,  471,  413,  758,  841,  386,  542,  470,  776,  424,  826,  506,  467,  145,  498,  645,  443,  449,  666,  561,  787,  740,  415,  734,   83,  410,  631,  320,  471,  567,  759,  926,  398,  337,  593,  375,  828,  343,  562,  597,  943,  479,  262,  863,  833,  323,  786,  190,  810,  400,  355,  544,  292,  217,  648,  724,  260,  527,  451,  414,  648,  770,  341,  646,  572,  717,  417],
        [  487,    0,  520,  225,  733,  474,  881,  319,  461,  459,    0,  165,  695,  867,  438,  697,  227,  343,  424,  679,   73,  347,  403,  527,  323,  516,  469,  412,  688,  726,  497,  336,  113,  793,  158,  829,  315,  189,  847,   19,   31,  390,  807,  824,  742,  712,  275,  525,  197,  788,  265,  504,  711,  336,  684,  295,  289,  551,  330,  464,  678,  217,  412,  500,  806,  562,  511,  731,  145,  426,  566,  370,  267,  521,   89,  506,  405,  316,  639,  546,  131,  434,  403,  624,  314,  256,  203,  124,  370,  212],
        [  593,    0,  497,  177,  887,  438, 1044,  403,  490,  462,  165,    0,  837,  935,  316,  852,  352,  468,  587,  786,   95,  464,  546,  683,  475,  636,  632,  531,  767,  840,  631,  451,  266,  948,  323,  892,  328,  353,  961,  156,  192,  555,  908,  970,  892,  793,  347,  541,  344,  911,  381,  638,  834,  465,  848,  154,  411,  701,  198,  614,  745,  381,  574,  601,  882,  633,  663,  893,  166,  579,  612,  482,  127,  625,  220,  595,  484,  478,  797,  620,   93,  572,  537,  774,  401,  150,  329,  258,  528,  361],
        [  853,    0,  742,  748,  146,  763,  362,  835,  583,  656,  695,  837,    0,  523,  951,  138,  486,  733,  478,  248,  749,  388,  293,  587,  376,  244,  482,  773,  400,  218,  211,  765,  582,  183,  568,  526,  640,  529,  272,  696,  664,  452,  322,  137,   90,  391,  840,  627,  499,  187,  463,  206,  159,  716,  483,  896,  431,  157,  903,  628,  450,  551,  341,  878,  455,  431,  623,  250,  690,  604,  526,  786,  877,  303,  711,  368,  447,  530,  184,  422,  825,  266,  303,   99,  828,  828,  714,  700,  562,  483],
        [ 1227,    0,  547,  772,  667,  604,  873, 1135,  458,  514,  867,  935,  523,    0,  866,  659,  656, 1078,  894,  288,  882,  546,  590, 1033,  669,  428,  918, 1138,  186,  305,  504, 1098,  779,  692,  825,   49,  614,  796,  302,  857,  844,  850,  211,  585,  603,  170, 1113,  434,  714,  360,  614,  498,  364, 1061,  986,  904,  600,  594,  886, 1045,  191,  851,  734, 1249,   74,  305, 1058,  772,  772, 1010,  329, 1128,  901,  380,  930,  369,  463,  889,  693,  321,  975,  550,  547,  592, 1128,  841,  995,  942,  947,  708],
        [  907,    0,  326,  234, 1041,  264, 1231,  718,  423,  356,  438,  316,  951,  866,    0, 1008,  505,  774,  841,  818,  374,  569,  694,  960,  656,  713,  887,  840,  740,  879,  744,  761,  491, 1101,  574,  818,  313,  591,  990,  421,  452,  800,  912, 1088, 1026,  769,  662,  433,  538,  965,  510,  748,  894,  769, 1093,  163,  540,  849,  119,  901,  698,  640,  780,  915,  834,  610,  947, 1076,  321,  862,  546,  793,  190,  672,  517,  618,  513,  742,  970,  605,  408,  702,  661,  917,  716,  183,  633,  556,  801,  553],
        [  773,    0,  833,  790,   36,  845,  243,  785,  673,  743,  697,  852,  138,  659, 1008,    0,  515,  671,  401,  381,  760,  440,  317,  485,  377,  336,  393,  700,  529,  355,  274,  705,  588,   97,  553,  661,  703,  516,  403,  702,  667,  387,  459,  166,   81,  522,  799,  725,  509,  320,  501,  273,  296,  653,  354,  932,  470,  159,  946,  540,  577,  521,  298,  798,  591,  543,  525,  114,  721,  522,  635,  721,  910,  404,  696,  469,  527,  476,   73,  531,  825,  307,  347,   96,  777,  867,  677,  678,  492,  492],
        [  602,    0,  431,  278,  549,  411,  728,  483,  313,  346,  227,  352,  486,  656,  505,  515,    0,  447,  374,  452,  269,  120,  200,  515,  152,  290,  417,  514,  472,  500,  279,  459,  125,  610,  179,  622,  234,  159,  621,  222,  199,  325,  581,  621,  546,  494,  458,  384,   68,  564,   42,  286,  487,  433,  603,  418,   63,  358,  433,  483,  470,  223,  278,  622,  591,  357,  518,  573,  207,  441,  384,  492,  396,  296,  277,  288,  203,  304,  469,  339,  353,  221,  185,  430,  477,  353,  343,  287,  372,   72],
        [  156,    0,  845,  567,  702,  806,  767,  131,  753,  771,  343,  468,  733, 1078,  774,  671,  447,    0,  273,  827,  401,  538,  499,  272,  412,  660,  295,   71,  893,  855,  601,   38,  348,  752,  270, 1050,  634,  290,  964,  361,  339,  285,  958,  831,  741,  910,  174,  823,  380,  887,  485,  608,  818,   18,  484,  619,  489,  579,  660,  187,  902,  229,  393,  176, 1008,  794,  236,  649,  484,  173,  830,   53,  591,  699,  258,  714,  648,  205,  598,  776,  382,  541,  535,  638,  125,  593,  142,  220,  179,  381],
        [  376,    0,  804,  608,  431,  784,  503,  395,  673,  716,  424,  587,  478,  894,  841,  401,  374,  273,    0,  618,  496,  406,  309,  148,  254,  467,   47,  299,  716,  633,  392,  309,  351,  480,  270,  875,  606,  251,  730,  437,  401,   51,  742,  564,  475,  727,  420,  743,  318,  648,  396,  398,  587,  256,  261,  714,  382,  332,  744,  155,  740,  208,  160,  401,  821,  649,  165,  378,  521,  126,  710,  322,  687,  523,  380,  560,  533,  111,  328,  631,  527,  347,  359,  380,  388,  665,  314,  347,   95,  306],
        [  969,    0,  554,  654,  393,  589,  610,  902,  405,  479,  679,  786,  248,  288,  818,  381,  452,  827,  618,    0,  714,  333,  329,  753,  417,  170,  638,  881,  153,   63,  230,  852,  574,  429,  598,  283,  513,  563,  177,  673,  651,  577,  133,  345,  336,  143,  890,  429,  496,  153,  415,  223,  101,  810,  699,  802,  390,  307,  798,  772,  207,  608,  459,  993,  216,  222,  780,  494,  623,  739,  313,  879,  790,  161,  724,  202,  313,  629,  407,  221,  802,  287,  297,  307,  895,  733,  765,  726,  680,  485],
        [  539,    0,  492,  178,  795,  440,  949,  358,  455,  442,   73,   95,  749,  882,  374,  760,  269,  401,  496,  714,    0,  385,  457,  598,  383,  557,  541,  468,  708,  765,  546,  390,  172,  856,  229,  842,  299,  259,  886,   61,   98,  462,  839,  881,  801,  733,  308,  514,  253,  832,  302,  553,  754,  396,  756,  225,  330,  610,  262,  533,  692,  289,  480,  549,  825,  578,  581,  798,  119,  496,  570,  423,  196,  553,  143,  530,  423,  388,  704,  563,   93,  485,  452,  683,  355,  193,  259,  182,  441,  269],
        [  690,    0,  422,  361,  472,  419,  670,  590,  274,  329,  347,  464,  388,  546,  569,  440,  120,  538,  406,  333,  385,    0,  135,  553,  153,  173,  443,  601,  361,  381,  178,  555,  243,  532,  280,  515,  264,  251,  502,  342,  319,  356,  462,  525,  458,  380,  570,  342,  170,  448,   84,  183,  371,  522,  598,  509,   58,  282,  516,  539,  365,  309,  271,  712,  478,  258,  565,  517,  307,  499,  307,  586,  491,  177,  395,  178,  128,  365,  408,  240,  472,  134,   93,  348,  583,  440,  450,  401,  430,  163],
        [  642,    0,  554,  473,  351,  553,  539,  578,  403,  462,  403,  546,  293,  590,  694,  317,  200,  499,  309,  329,  457,  135,    0,  454,   92,  164,  339,  554,  410,  359,  105,  524,  290,  411,  285,  569,  396,  247,  473,  403,  372,  262,  460,  425,  347,  422,  572,  467,  206,  402,  185,  112,  328,  482,  471,  616,  154,  159,  630,  457,  432,  284,  155,  665,  518,  343,  473,  385,  406,  420,  413,  551,  595,  215,  424,  254,  251,  302,  277,  325,  533,   42,   54,  231,  571,  551,  445,  418,  357,  191],
        [  310,    0,  946,  730,  510,  923,  520,  403,  818,  859,  527,  683,  587, 1033,  960,  485,  515,  272,  148,  753,  598,  553,  454,    0,  401,  608,  116,  262,  859,  761,  530,  309,  474,  547,  387, 1016,  744,  377,  850,  543,  510,  198,  872,  650,  565,  867,  445,  889,  455,  766,  540,  536,  711,  262,  217,  822,  527,  454,  856,   86,  884,  322,  302,  334,  960,  795,   45,  429,  642,  108,  858,  306,  794,  667,  465,  706,  680,  221,  415,  777,  611,  490,  505,  489,  397,  779,  371,  428,  159,  445],
        [  559,    0,  561,  427,  413,  550,  580,  487,  422,  471,  323,  475,  376,  669,  656,  377,  152,  412,  254,  417,  383,  153,   92,  401,    0,  248,  292,  470,  485,  449,  196,  436,  212,  473,  195,  643,  378,  157,  564,  326,  293,  204,  549,  502,  420,  500,  481,  492,  132,  494,  157,  204,  420,  395,  459,  561,  135,  228,  580,  390,  500,  193,  129,  582,  597,  401,  414,  426,  350,  350,  458,  464,  538,  289,  336,  314,  280,  222,  325,  383,  453,  132,  123,  302,  480,  499,  354,  328,  284,  115],
        [  805,    0,  501,  522,  362,  519,  578,  732,  341,  413,  516,  636,  244,  428,  713,  336,  290,  660,  467,  170,  557,  173,  164,  608,  248,    0,  492,  716,  251,  211,   82,  684,  409,  415,  428,  409,  400,  393,  332,  512,  487,  422,  303,  378,  328,  260,  721,  390,  328,  276,  256,   79,  199,  643,  591,  672,  228,  203,  674,  618,  280,  439,  308,  828,  356,  214,  631,  436,  477,  582,  302,  712,  656,   71,  556,  134,  204,  465,  331,  200,  643,  123,  127,  242,  725,  602,  595,  558,  520,  317],
        [  381,    0,  846,  654,  421,  828,  474,  421,  713,  758,  469,  632,  482,  918,  887,  393,  417,  295,   47,  638,  541,  443,  339,  116,  292,  492,    0,  312,  743,  648,  415,  332,  397,  466,  316,  901,  650,  297,  740,  482,  447,   93,  759,  558,  470,  751,  451,  783,  363,  657,  438,  421,  600,  279,  217,  760,  422,  342,  790,  148,  769,  253,  186,  406,  844,  681,  144,  357,  567,  131,  746,  341,  733,  552,  422,  592,  571,  155,  321,  663,  570,  375,  390,  383,  415,  711,  351,  389,  124,  351],
        [   90,    0,  915,  636,  729,  876,  776,  159,  822,  841,  412,  531,  773, 1138,  840,  700,  514,   71,  299,  881,  468,  601,  554,  262,  470,  716,  312,    0,  953,  906,  653,   81,  418,  776,  338, 1111,  704,  356, 1012,  430,  409,  322, 1011,  863,  774,  969,  214,  892,  447,  933,  552,  660,  867,   82,  479,  684,  554,  621,  725,  179,  964,  294,  436,  112, 1067,  858,  220,  668,  553,  181,  896,   55,  655,  758,  326,  777,  713,  253,  627,  840,  443,  595,  592,  676,  156,  660,  210,  289,  212,  447],
        [ 1043,    0,  444,  613,  544,  490,  762,  950,  317,  386,  688,  767,  400,  186,  740,  529,  472,  893,  716,  153,  708,  361,  410,  859,  485,  251,  743,  953,    0,  202,  330,  913,  596,  581,  640,  160,  458,  610,  274,  678,  663,  671,  180,  496,  488,   30,  929,  319,  529,  288,  431,  325,  253,  876,  831,  753,  415,  436,  741,  866,   57,  665,  558, 1065,  119,  136,  881,  641,  602,  829,  198,  943,  746,  197,  748,  185,  286,  706,  549,  148,  800,  370,  364,  449,  943,  687,  810,  758,  765,  523],
        [  992,    0,  616,  712,  363,  651,  573,  936,  467,  542,  726,  840,  218,  305,  879,  355,  500,  855,  633,   63,  765,  381,  359,  761,  449,  211,  648,  906,  202,    0,  255,  882,  620,  391,  637,  309,  573,  600,  122,  722,  698,  594,  112,  296,  300,  185,  928,  491,  539,   90,  464,  248,   60,  837,  689,  861,  438,  309,  858,  787,  258,  642,  476, 1016,  238,  284,  791,  468,  678,  756,  374,  908,  848,  217,  767,  263,  373,  653,  392,  283,  852,  317,  334,  293,  929,  792,  801,  767,  701,  527],
        [  740,    0,  560,  538,  304,  571,  514,  683,  401,  470,  497,  631,  211,  504,  744,  274,  279,  601,  392,  230,  546,  178,  105,  530,  196,   82,  415,  653,  330,  255,    0,  627,  385,  361,  388,  487,  434,  351,  368,  496,  467,  349,  359,  348,  282,  338,  676,  456,  301,  299,  253,    8,  224,  583,  509,  685,  222,  127,  693,  544,  362,  388,  232,  764,  430,  293,  555,  366,  481,  510,  378,  653,  667,  151,  525,  208,  253,  400,  259,  278,  627,   66,   95,  179,  675,  617,  549,  521,  451,  287],
        [  152,    0,  847,  560,  737,  805,  805,   94,  761,  776,  336,  451,  765, 1098,  761,  705,  459,   38,  309,  852,  390,  555,  524,  309,  436,  684,  332,   81,  913,  882,  627,    0,  354,  788,  281, 1069,  636,  305,  992,  354,  336,  319,  984,  865,  775,  930,  141,  831,  394,  916,  499,  635,  846,   54,  522,  604,  505,  610,  646,  224,  920,  248,  424,  167, 1029,  811,  271,  686,  480,  211,  843,   35,  576,  720,  250,  733,  661,  236,  633,  793,  363,  566,  558,  671,   89,  582,  134,  213,  215,  396],
        [  503,    0,  499,  258,  623,  464,  780,  366,  408,  424,  113,  266,  582,  779,  491,  588,  125,  348,  351,  574,  172,  243,  290,  474,  212,  409,  397,  418,  596,  620,  385,  354,    0,  684,   89,  744,  288,  100,  740,  115,   83,  310,  704,  712,  631,  618,  336,  477,   85,  679,  166,  392,  602,  336,  605,  370,  185,  439,  396,  425,  592,  154,  311,  520,  715,  478,  467,  628,  170,  383,  496,  388,  343,  419,  152,  412,  322,  254,  532,  461,  243,  322,  292,  513,  360,  316,  228,  165,  318,  100],
        [  845,    0,  915,  884,   61,  930,  182,  870,  755,  826,  793,  948,  183,  692, 1101,   97,  610,  752,  480,  429,  856,  532,  411,  547,  473,  415,  466,  776,  581,  391,  361,  788,  684,    0,  648,  700,  794,  610,  411,  797,  763,  471,  484,  126,   94,  570,  887,  803,  605,  336,  595,  358,  333,  735,  385, 1027,  564,  253, 1040,  609,  633,  614,  391,  870,  627,  612,  589,  124,  816,  596,  706,  801, 1006,  479,  790,  545,  612,  563,  159,  603,  921,  399,  440,  184,  863,  962,  766,  771,  573,  588],
        [  426,    0,  584,  344,  589,  552,  726,  310,  484,  506,  158,  323,  568,  825,  574,  553,  179,  270,  270,  598,  229,  280,  285,  387,  195,  428,  316,  338,  640,  637,  388,  281,   89,  648,    0,  794,  374,   40,  754,  169,  133,  234,  730,  691,  606,  660,  293,  555,  113,  687,  218,  396,  611,  256,  529,  445,  227,  417,  475,  336,  643,   66,  260,  445,  758,  532,  378,  579,  255,  295,  562,  314,  417,  453,  144,  457,  381,  168,  491,  514,  277,  323,  303,  488,  303,  396,  170,  133,  230,  118],
        [ 1200,    0,  499,  728,  671,  557,  882, 1103,  412,  467,  829,  892,  526,   49,  818,  661,  622, 1050,  875,  283,  842,  515,  569, 1016,  643,  409,  901, 1111,  160,  309,  487, 1069,  744,  700,  794,    0,  570,  765,  324,  819,  807,  830,  227,  598,  609,  150, 1079,  387,  682,  374,  580,  481,  368, 1034,  979,  859,  568,  585,  840, 1025,  153,  822,  716, 1223,   73,  267, 1039,  774,  730,  988,  284, 1100,  856,  356,  895,  337,  425,  865,  690,  284,  934,  529,  523,  589, 1096,  796,  963,  908,  924,  676],
        [  787,    0,  212,  158,  735,  179,  934,  631,  162,  145,  315,  328,  640,  614,  313,  703,  234,  634,  606,  513,  299,  264,  396,  744,  378,  400,  650,  704,  458,  573,  434,  636,  288,  794,  374,  570,    0,  372,  688,  299,  306,  558,  618,  776,  716,  486,  590,  216,  290,  656,  222,  438,  584,  623,  835,  296,  247,  546,  287,  705,  428,  435,  507,  803,  567,  323,  743,  780,  180,  663,  287,  671,  289,  362,  400,  311,  202,  527,  671,  313,  386,  397,  357,  610,  627,  230,  505,  429,  595,  301],
        [  445,    0,  579,  358,  551,  550,  693,  342,  470,  498,  189,  353,  529,  796,  591,  516,  159,  290,  251,  563,  259,  251,  247,  377,  157,  393,  297,  356,  610,  600,  351,  305,  100,  610,   40,  765,  372,    0,  717,  198,  162,  210,  695,  652,  567,  629,  328,  541,   92,  649,  196,  358,  574,  275,  505,  468,  200,  378,  496,  334,  616,   65,  225,  465,  727,  506,  373,  544,  270,  292,  541,  337,  441,  420,  183,  429,  358,  158,  454,  488,  312,  286,  267,  449,  335,  415,  203,  172,  224,   91],
        [ 1097,    0,  712,  830,  400,  753,  588, 1050,  572,  645,  847,  961,  272,  302,  990,  403,  621,  964,  730,  177,  886,  502,  473,  850,  564,  332,  740, 1012,  274,  122,  368,  992,  740,  411,  754,  324,  688,  717,    0,  843,  819,  695,  101,  294,  332,  248, 1044,  586,  659,   85,  585,  361,  146,  946,  754,  979,  559,  399,  974,  883,  329,  756,  577, 1121,  254,  384,  883,  511,  798,  855,  466, 1017,  967,  337,  886,  378,  490,  760,  455,  387,  973,  432,  452,  365, 1043,  910,  917,  885,  804,  647],
        [  505,    0,  503,  207,  737,  456,  889,  336,  447,  443,   19,  156,  696,  857,  421,  702,  222,  361,  437,  673,   61,  342,  403,  543,  326,  512,  482,  430,  678,  722,  496,  354,  115,  797,  169,  819,  299,  198,  843,    0,   37,  402,  801,  826,  745,  703,  292,  510,  198,  785,  259,  503,  708,  354,  696,  280,  285,  554,  314,  480,  667,  230,  420,  518,  797,  552,  527,  738,  128,  442,  553,  388,  252,  514,  106,  497,  395,  330,  645,  536,  132,  433,  402,  627,  332,  239,  221,  142,  385,  214],
        [  487,    0,  514,  230,  703,  470,  853,  327,  446,  449,   31,  192,  664,  844,  452,  667,  199,  339,  401,  651,   98,  319,  372,  510,  293,  487,  447,  409,  663,  698,  467,  336,   83,  763,  133,  807,  306,  162,  819,   37,    0,  366,  780,  794,  712,  687,  287,  512,  167,  759,  238,  474,  682,  331,  660,  314,  261,  521,  347,  450,  655,  195,  384,  502,  782,  540,  496,  703,  146,  411,  547,  370,  286,  494,   96,  480,  382,  295,  610,  523,  161,  404,  373,  594,  322,  270,  202,  125,  352,  182],
        [  403,    0,  754,  566,  419,  735,  513,  399,  623,  666,  390,  555,  452,  850,  800,  387,  325,  285,   51,  577,  462,  356,  262,  198,  204,  422,   93,  322,  671,  594,  349,  319,  310,  471,  234,  830,  558,  210,  695,  402,  366,    0,  703,  546,  457,  682,  417,  693,  271,  615,  346,  356,  551,  268,  296,  677,  332,  300,  705,  196,  693,  175,  119,  428,  777,  600,  212,  378,  479,  162,  661,  337,  650,  476,  354,  512,  483,   94,  315,  582,  500,  301,  311,  355,  392,  625,  302,  325,  111,  259],
        [ 1098,    0,  623,  767,  462,  668,  665, 1034,  490,  561,  807,  908,  322,  211,  912,  459,  581,  958,  742,  133,  839,  462,  460,  872,  549,  303,  759, 1011,  180,  112,  359,  984,  704,  484,  730,  227,  618,  695,  101,  801,  780,  703,    0,  375,  397,  153, 1023,  498,  627,  150,  543,  351,  167,  941,  799,  913,  520,  420,  904,  896,  233,  741,  584, 1122,  155,  302,  902,  571,  743,  864,  377, 1011,  903,  287,  855,  314,  427,  758,  500,  309,  928,  418,  429,  402, 1027,  845,  897,  858,  808,  617],
        [  938,    0,  871,  885,  142,  894,  295,  941,  712,  787,  824,  970,  137,  585, 1088,  166,  621,  831,  564,  345,  881,  525,  425,  650,  502,  378,  558,  863,  496,  296,  348,  865,  712,  126,  691,  598,  776,  652,  294,  826,  794,  546,  375,    0,   90,  481,  952,  752,  629,  226,  599,  342,  244,  814,  504, 1032,  567,  275, 1040,  705,  551,  667,  448,  963,  526,  551,  690,  244,  826,  687,  645,  882, 1013,  432,  834,  496,  581,  633,  238,  544,  955,  401,  439,  204,  934,  964,  827,  821,  654,  613],
        [  849,    0,  828,  815,   69,  846,  275,  852,  668,  740,  742,  892,   90,  603, 1026,   81,  546,  741,  475,  336,  801,  458,  347,  565,  420,  328,  470,  774,  488,  300,  282,  775,  631,   94,  606,  609,  716,  567,  332,  745,  712,  457,  397,   90,    0,  477,  863,  714,  549,  252,  527,  278,  242,  724,  432,  961,  495,  192,  972,  617,  539,  580,  359,  874,  537,  520,  604,  180,  752,  598,  615,  793,  941,  389,  749,  455,  528,  543,  150,  511,  872,  328,  368,  119,  845,  894,  738,  734,  564,  533],
        [ 1058,    0,  473,  641,  536,  519,  752,  969,  346,  415,  712,  793,  391,  170,  769,  522,  494,  910,  727,  143,  733,  380,  422,  867,  500,  260,  751,  969,   30,  185,  338,  930,  618,  570,  660,  150,  486,  629,  248,  703,  687,  682,  153,  481,  477,    0,  950,  347,  550,  268,  453,  332,  239,  893,  832,  782,  436,  437,  770,  877,   82,  683,  567, 1081,   99,  164,  891,  635,  629,  841,  227,  960,  775,  212,  770,  207,  311,  720,  546,  175,  825,  381,  378,  445,  963,  716,  829,  780,  778,  543],
        [  255,    0,  794,  485,  832,  745,  922,   60,  733,  734,  275,  347,  840, 1113,  662,  799,  458,  174,  420,  890,  308,  570,  572,  445,  481,  721,  451,  214,  929,  928,  676,  141,  336,  887,  293, 1079,  590,  328, 1044,  292,  287,  417, 1023,  952,  863,  950,    0,  798,  401,  973,  499,  684,  900,  183,  653,  500,  514,  684,  544,  360,  928,  291,  504,  258, 1047,  814,  409,  794,  417,  341,  830,  159,  473,  744,  192,  745,  658,  325,  729,  796,  254,  612,  595,  751,   60,  489,  128,  172,  328,  408],
        [  979,    0,  127,  365,  751,  174,  967,  836,   72,   83,  525,  541,  627,  434,  433,  725,  384,  823,  743,  429,  514,  342,  467,  889,  492,  390,  783,  892,  319,  491,  456,  831,  477,  803,  555,  387,  216,  541,  586,  510,  512,  693,  498,  752,  714,  347,  798,    0,  451,  581,  353,  457,  522,  810,  937,  481,  362,  583,  457,  865,  271,  606,  612,  997,  403,  207,  896,  822,  395,  823,  121,  865,  482,  325,  607,  259,  217,  686,  714,  210,  602,  449,  416,  631,  831,  423,  704,  632,  753,  455],
        [  535,    0,  494,  304,  544,  469,  709,  421,  380,  410,  197,  344,  499,  714,  538,  509,   68,  380,  318,  496,  253,  170,  206,  455,  132,  328,  363,  447,  529,  539,  301,  394,   85,  605,  113,  682,  290,   92,  659,  198,  167,  271,  627,  629,  549,  550,  401,  451,    0,  596,  106,  309,  520,  365,  558,  433,  115,  358,  454,  419,  531,  156,  244,  555,  647,  419,  455,  555,  223,  377,  451,  426,  409,  345,  229,  346,  268,  240,  456,  401,  327,  238,  209,  431,  415,  373,  281,  232,  308,   18],
        [ 1017,    0,  706,  791,  319,  740,  516,  977,  556,  631,  788,  911,  187,  360,  965,  320,  564,  887,  648,  153,  832,  448,  402,  766,  494,  276,  657,  933,  288,   90,  299,  916,  679,  336,  687,  374,  656,  649,   85,  785,  759,  615,  150,  226,  252,  268,  973,  581,  596,    0,  531,  291,   78,  869,  669,  940,  502,  316,  939,  801,  344,  684,  498, 1042,  301,  374,  800,  429,  751,  773,  464,  940,  926,  296,  822,  348,  455,  683,  370,  373,  916,  364,  388,  280,  970,  871,  846,  819,  724,  583],
        [  640,    0,  409,  290,  535,  394,  722,  524,  281,  320,  265,  381,  463,  614,  510,  501,   42,  485,  396,  415,  302,   84,  185,  540,  157,  256,  438,  552,  431,  464,  253,  499,  166,  595,  218,  580,  222,  196,  585,  259,  238,  346,  543,  599,  527,  453,  499,  353,  106,  531,    0,  259,  454,  470,  615,  435,   32,  343,  446,  513,  429,  259,  286,  660,  550,  316,  545,  567,  228,  471,  346,  531,  415,  257,  318,  247,  163,  334,  460,  298,  388,  199,  161,  413,  518,  368,  384,  328,  401,  106],
        [  748,    0,  562,  543,  302,  573,  513,  690,  402,  471,  504,  638,  206,  498,  748,  273,  286,  608,  398,  223,  553,  183,  112,  536,  204,   79,  421,  660,  325,  248,    8,  635,  392,  358,  396,  481,  438,  358,  361,  503,  474,  356,  351,  342,  278,  332,  684,  457,  309,  291,  259,    0,  216,  591,  513,  691,  228,  128,  698,  551,  358,  396,  238,  771,  424,  291,  561,  366,  487,  517,  376,  661,  672,  148,  532,  207,  255,  408,  259,  276,  634,   73,  102,  177,  683,  623,  557,  528,  458,  294],
        [  952,    0,  646,  716,  304,  677,  515,  905,  492,  567,  711,  834,  159,  364,  894,  296,  487,  818,  587,  101,  754,  371,  328,  711,  420,  199,  600,  867,  253,   60,  224,  846,  602,  333,  611,  368,  584,  574,  146,  708,  682,  551,  167,  244,  242,  239,  900,  522,  520,   78,  454,  216,    0,  800,  632,  865,  425,  258,  865,  741,  307,  611,  433,  976,  297,  316,  743,  409,  674,  711,  409,  871,  851,  223,  746,  279,  383,  615,  334,  313,  839,  289,  311,  236,  898,  796,  773,  743,  659,  507],
        [  170,    0,  834,  559,  685,  796,  752,  144,  740,  759,  336,  465,  716, 1061,  769,  653,  433,   18,  256,  810,  396,  522,  482,  262,  395,  643,  279,   82,  876,  837,  583,   54,  336,  735,  256, 1034,  623,  275,  946,  354,  331,  268,  941,  814,  724,  893,  183,  810,  365,  869,  470,  591,  800,    0,  472,  616,  474,  561,  656,  178,  886,  214,  375,  191,  991,  779,  227,  633,  476,  160,  815,   71,  587,  682,  253,  698,  633,  187,  581,  760,  381,  524,  518,  620,  138,  588,  138,  214,  162,  366],
        [  524,    0, 1018,  859,  366, 1008,  314,  615,  871,  926,  684,  848,  483,  986, 1093,  354,  603,  484,  261,  699,  756,  598,  471,  217,  459,  591,  217,  479,  831,  689,  509,  522,  605,  385,  529,  979,  835,  505,  754,  696,  660,  296,  799,  504,  432,  832,  653,  937,  558,  669,  615,  513,  632,  472,    0,  972,  593,  396, 1000,  301,  868,  467,  330,  547,  914,  801,  260,  262,  773,  312,  879,  521,  945,  659,  639,  713,  721,  371,  300,  785,  787,  494,  523,  397,  609,  920,  563,  605,  334,  544],
        [  747,    0,  405,  150,  966,  341, 1141,  556,  447,  398,  295,  154,  896,  904,  163,  932,  418,  619,  714,  802,  225,  509,  616,  822,  561,  672,  760,  684,  753,  861,  685,  604,  370, 1027,  445,  859,  296,  468,  979,  280,  314,  677,  913, 1032,  961,  782,  500,  481,  433,  940,  435,  691,  865,  616,  972,    0,  466,  775,   46,  757,  722,  508,  676,  755,  861,  618,  805,  987,  212,  720,  575,  635,   29,  645,  366,  602,  489,  609,  885,  608,  246,  633,  595,  846,  555,   70,  479,  405,  664,  450],
        [  643,    0,  427,  321,  504,  415,  692,  535,  292,  337,  289,  411,  431,  600,  540,  470,   63,  489,  382,  390,  330,   58,  154,  527,  135,  228,  422,  554,  415,  438,  222,  505,  185,  564,  227,  568,  247,  200,  559,  285,  261,  332,  520,  567,  495,  436,  514,  362,  115,  502,   32,  228,  425,  474,  593,  466,    0,  311,  477,  505,  417,  261,  263,  664,  534,  306,  535,  537,  260,  464,  345,  537,  447,  235,  337,  232,  161,  327,  430,  288,  415,  167,  129,  381,  529,  399,  395,  344,  394,  110],
        [  703,    0,  685,  632,  193,  692,  391,  679,  526,  593,  551,  701,  157,  594,  849,  159,  358,  579,  332,  307,  610,  282,  159,  454,  228,  203,  342,  621,  436,  309,  127,  610,  439,  253,  417,  585,  546,  378,  399,  554,  521,  300,  420,  275,  192,  437,  684,  583,  358,  316,  343,  128,  258,  561,  396,  775,  311,    0,  788,  485,  474,  396,  186,  728,  522,  417,  485,  241,  564,  457,  504,  631,  754,  273,  560,  334,  376,  375,  132,  403,  681,  149,  189,   74,  672,  709,  558,  547,  410,  341],
        [  790,    0,  374,  157,  980,  309, 1159,  600,  429,  375,  330,  198,  903,  886,  119,  946,  433,  660,  744,  798,  262,  516,  630,  856,  580,  674,  790,  725,  741,  858,  693,  646,  396, 1040,  475,  840,  287,  496,  974,  314,  347,  705,  904, 1040,  972,  770,  544,  457,  454,  939,  446,  698,  865,  656, 1000,   46,  477,  788,    0,  793,  707,  539,  698,  798,  845,  607,  841, 1005,  232,  755,  557,  677,   72,  643,  404,  596,  485,  641,  901,  598,  290,  644,  604,  858,  598,   82,  519,  443,  698,  470],
        [  237,    0,  912,  676,  567,  884,  598,  317,  794,  828,  464,  614,  628, 1045,  901,  540,  483,  187,  155,  772,  533,  539,  457,   86,  390,  618,  148,  179,  866,  787,  544,  224,  425,  609,  336, 1025,  705,  334,  883,  480,  450,  196,  896,  705,  617,  877,  360,  865,  419,  801,  513,  551,  741,  178,  301,  757,  505,  485,  793,    0,  886,  272,  313,  262,  972,  790,   51,  496,  588,   43,  845,  221,  729,  671,  395,  703,  663,  180,  467,  772,  538,  496,  504,  530,  312,  719,  294,  357,  112,  412],
        [ 1054,    0,  395,  585,  593,  444,  812,  952,  279,  343,  678,  745,  450,  191,  698,  577,  470,  902,  740,  207,  692,  365,  432,  884,  500,  280,  769,  964,   57,  258,  362,  920,  592,  633,  643,  153,  428,  616,  329,  667,  655,  693,  233,  551,  539,   82,  928,  271,  531,  344,  429,  358,  307,  886,  868,  722,  417,  474,  707,  886,    0,  673,  584, 1076,  139,  116,  905,  688,  582,  849,  153,  951,  717,  218,  743,  188,  273,  722,  592,  132,  784,  395,  383,  493,  945,  657,  812,  756,  783,  526],
        [  383,    0,  643,  409,  556,  613,  679,  295,  535,  562,  217,  381,  551,  851,  640,  521,  223,  229,  208,  608,  289,  309,  284,  322,  193,  439,  253,  294,  665,  642,  388,  248,  154,  614,   66,  822,  435,   65,  756,  230,  195,  175,  741,  667,  580,  683,  291,  606,  156,  684,  259,  396,  611,  214,  467,  508,  261,  396,  539,  272,  673,    0,  224,  404,  781,  566,  313,  536,  321,  231,  604,  278,  480,  472,  182,  486,  421,  102,  455,  547,  326,  325,  312,  465,  288,  461,  164,  158,  165,  154],
        [  520,    0,  688,  548,  333,  678,  470,  496,  544,  597,  412,  574,  341,  734,  780,  298,  278,  393,  160,  459,  480,  271,  155,  302,  129,  308,  186,  436,  558,  476,  232,  424,  311,  391,  260,  716,  507,  225,  577,  420,  384,  119,  584,  448,  359,  567,  504,  612,  244,  498,  286,  238,  433,  375,  330,  676,  263,  186,  698,  313,  584,  224,    0,  545,  661,  497,  324,  320,  467,  281,  565,  446,  651,  366,  401,  408,  396,  189,  233,  480,  536,  189,  207,  248,  488,  617,  380,  381,  227,  228],
        [   26,    0, 1013,  723,  826,  971,  854,  200,  927,  943,  500,  601,  878, 1249,  915,  798,  622,  176,  401,  993,  549,  712,  665,  334,  582,  828,  406,  112, 1065, 1016,  764,  167,  520,  870,  445, 1223,  803,  465, 1121,  518,  502,  428, 1122,  963,  874, 1081,  258,  997,  555, 1042,  660,  771,  976,  191,  547,  755,  664,  728,  798,  262, 1076,  404,  545,    0, 1179,  969,  290,  757,  645,  277, 1005,  133,  727,  870,  412,  888,  823,  364,  726,  951,  509,  707,  704,  780,  201,  739,  300,  378,  318,  556],
        [ 1156,    0,  523,  723,  600,  576,  809, 1067,  417,  479,  806,  882,  455,   74,  834,  591,  591, 1008,  821,  216,  825,  478,  518,  960,  597,  356,  844, 1067,  119,  238,  430, 1029,  715,  627,  758,   73,  567,  727,  254,  797,  782,  777,  155,  526,  537,   99, 1047,  403,  647,  301,  550,  424,  297,  991,  914,  861,  534,  522,  845,  972,  139,  781,  661, 1179,    0,  249,  985,  704,  717,  937,  290, 1058,  855,  310,  867,  303,  403,  818,  622,  263,  917,  477,  476,  521, 1061,  796,  927,  877,  875,  641],
        [  948,    0,  332,  477,  565,  370,  784,  839,  189,  262,  562,  633,  431,  305,  610,  543,  357,  794,  649,  222,  578,  258,  343,  795,  401,  214,  681,  858,  136,  284,  293,  811,  478,  612,  532,  267,  323,  506,  384,  552,  540,  600,  302,  551,  520,  164,  814,  207,  419,  374,  316,  291,  316,  779,  801,  618,  306,  417,  607,  790,  116,  566,  497,  969,  249,    0,  812,  647,  469,  751,   95,  843,  611,  144,  628,   90,  158,  620,  544,   19,  670,  311,  291,  451,  833,  552,  699,  642,  684,  416],
        [  266,    0,  948,  720,  550,  922,  564,  365,  825,  863,  511,  663,  623, 1058,  947,  525,  518,  236,  165,  780,  581,  565,  473,   45,  414,  631,  144,  220,  881,  791,  555,  271,  467,  589,  378, 1039,  743,  373,  883,  527,  496,  212,  902,  690,  604,  891,  409,  896,  455,  800,  545,  561,  743,  227,  260,  805,  535,  485,  841,   51,  905,  313,  324,  290,  985,  812,    0,  472,  632,   86,  871,  266,  776,  688,  444,  724,  691,  216,  454,  794,  587,  511,  523,  524,  359,  765,  344,  406,  149,  447],
        [  733,    0,  925,  850,  111,  931,  156,  772,  766,  833,  731,  893,  250,  772, 1076,  114,  573,  649,  378,  494,  798,  517,  385,  429,  426,  436,  357,  668,  641,  468,  366,  686,  628,  124,  579,  774,  780,  544,  511,  738,  703,  378,  571,  244,  180,  635,  794,  822,  555,  429,  567,  366,  409,  633,  262,  987,  537,  241, 1005,  496,  688,  536,  320,  757,  704,  647,  472,    0,  775,  487,  738,  697,  963,  506,  717,  569,  616,  471,  110,  635,  855,  386,  425,  197,  765,  924,  679,  693,  472,  538],
        [  631,    0,  378,   89,  756,  329,  930,  463,  337,  323,  145,  166,  690,  772,  321,  721,  207,  484,  521,  623,  119,  307,  406,  642,  350,  477,  567,  553,  602,  678,  481,  480,  170,  816,  255,  730,  180,  270,  798,  128,  146,  479,  743,  826,  752,  629,  417,  395,  223,  751,  228,  487,  674,  476,  773,  212,  260,  564,  232,  588,  582,  321,  467,  645,  717,  469,  632,  775,    0,  547,  454,  514,  190,  462,  233,  430,  319,  422,  673,  455,  208,  426,  388,  636,  458,  150,  346,  267,  484,  239],
