{
    "name": "random-22-29840",
    "comment": "size=22 seed=29840",
    "nodes": ["+0", "-0", "+1", "-1", "+2", "-2", "+3", "-3", "+4", "-4", "+5", "-5", "+6", "-6", "+7", "-7", "+8", "-8", "+9", "-9", "+10", "-10", "+11", "-11", "+12", "-12", "+13", "-13", "+14", "-14", "+15", "-15", "+16", "-16", "+17", "-17", "+18", "-18", "+19", "-19", "+20", "-20", "+21", "-21", "+22", "-22"],
    "precedence": {
        "+0": "-0",
        "+1": "-1",
        "+2": "-2",
        "+3": "-3",
        "+4": "-4",
        "+5": "-5",
        "+6": "-6",
        "+7": "-7",
        "+8": "-8",
        "+9": "-9",
        "+10": "-10",
        "+11": "-11",
        "+12": "-12",
        "+13": "-13",
        "+14": "-14",
        "+15": "-15",
        "+16": "-16",
        "+17": "-17",
        "+18": "-18",
        "+19": "-19",
        "+20": "-20",
        "+21": "-21",
        "+22": "-22"
    },
    "edges": [
        [    0,    0,   69,  797,  652,  117,  767, 1002,  829,  668,  307,  364,  636,  438,  801, 1031,  721,  709,   72,  605,  874,  669,  995,  543,  561,  270,  629,  711,  627,  843,  550,  513,  372,  395,  402,  680,  891,  509,  431,  666,  693,  576,  233,  289,  527,  788],
        [    0,    0,   69,  797,  652,  117,  767, 1002,  829,  668,  307,  364,  636,  438,  801, 1031,  721,  709,   72,  605,  874,  669,  995,  543,  561,  270,  629,  711,  627,  843,  550,  513,  372,  395,  402,  680,  891,  509,  431,  666,  693,  576,  233,  289,  527,  788],
        [   69,   69,    0,  734,  586,  182,  703,  937,  764,  659,  360,  312,  627,  377,  737,  968,  653,  645,  138,  569,  808,  632,  931,  476,  521,  208,  587,  649,  561,  788,  496,  448,  347,  339,  335,  612,  844,  515,  388,  623,  626,  524,  279,  240,  501,  756],
        [  797,  797,  734,    0,  441,  914,   53,  229,   45,  724,  973,  458,  703,  574,   25,  235,  234,  530,  869,  456,  156,  440,  201,  296,  418,  527,  380,   88,  465,  198,  298,  289,  580,  636,  501,  298,  356,  788,  448,  366,  197,  299,  885,  703,  540,  515],
        [  652,  652,  586,  441,    0,  751,  389,  517,  435,  949,  931,  499,  919,  238,  424,  613,  212,  103,  712,  706,  388,  729,  558,  237,  643,  453,  655,  414,   35,  622,  498,  323,  668,  305,  252,  144,  766,  918,  568,  666,  245,  530,  841,  418,  732,  848],
        [  117,  117,  182,  914,  751,    0,  884, 1118,  945,  739,  279,  478,  709,  526,  918, 1148,  833,  799,   45,  706,  989,  770, 1111,  657,  666,  387,  736,  828,  723,  958,  664,  629,  467,  474,  504,  789, 1001,  562,  540,  773,  807,  689,  236,  357,  621,  886],
        [  767,  767,  703,   53,  389,  884,    0,  241,   63,  740,  957,  440,  717,  526,   40,  270,  182,  479,  839,  471,  139,  461,  229,  252,  427,  498,  397,   82,  413,  245,  295,  255,  573,  589,  456,  246,  401,  791,  441,  387,  145,  303,  868,  660,  547,  546],
        [ 1002, 1002,  937,  229,  517, 1118,  241,    0,  186,  938, 1197,  680,  920,  712,  214,  126,  321,  579, 1074,  675,  138,  650,   79,  468,  642,  735,  598,  314,  550,  354,  526,  490,  807,  781,  662,  389,  499, 1014,  676,  578,  324,  527, 1108,  868,  765,  703],
        [  829,  829,  764,   45,  435,  945,   63,  186,    0,  768, 1013,  496,  747,  584,   29,  208,  223,  520,  900,  501,  115,  484,  167,  314,  463,  559,  425,  128,  461,  229,  341,  317,  622,  649,  517,  291,  388,  832,  490,  410,  196,  343,  924,  722,  585,  556],
        [  668,  668,  659,  724,  949,  739,  740,  938,  768,    0,  569,  470,   34,  877,  745,  881,  848, 1048,  710,  270,  876,  289,  882,  716,  320,  574,  344,  659,  948,  600,  469,  630,  327,  887,  779,  865,  515,  200,  386,  361,  794,  447,  535,  847,  218,  286],
        [  307,  307,  360,  973,  931,  279,  957, 1197, 1013,  569,    0,  518,  547,  735,  984, 1197,  958,  999,  285,  638, 1083,  701, 1172,  776,  623,  491,  694,  886,  910,  961,  684,  721,  412,  699,  682,  931,  958,  371,  534,  731,  919,  696,   92,  595,  533,  788],
        [  364,  364,  312,  458,  499,  478,  440,  680,  496,  470,  518,    0,  438,  408,  468,  687,  458,  592,  434,  286,  567,  341,  658,  287,  227,  127,  284,  370,  491,  481,  187,  213,  170,  425,  309,  448,  534,  420,   96,  318,  413,  213,  429,  408,  259,  472],
        [  636,  636,  627,  703,  919,  709,  717,  920,  747,   34,  547,  438,    0,  844,  724,  866,  821, 1017,  680,  247,  854,  273,  865,  687,  294,  541,  323,  636,  917,  586,  442,  600,  294,  854,  746,  837,  509,  181,  354,  343,  767,  422,  509,  814,  188,  285],
        [  438,  438,  377,  574,  238,  526,  526,  712,  584,  877,  735,  408,  844,    0,  565,  786,  391,  273,  491,  677,  575,  719,  735,  283,  612,  311,  649,  515,  206,  715,  496,  334,  559,   71,  102,  327,  833,  799,  499,  672,  394,  533,  650,  181,  666,  850],
        [  801,  801,  737,   25,  424,  918,   40,  214,   29,  745,  984,  468,  724,  565,    0,  233,  215,  512,  873,  477,  133,  462,  194,  291,  437,  532,  401,  100,  449,  222,  313,  290,  594,  629,  495,  280,  380,  806,  462,  388,  182,  317,  896,  699,  559,  539],
        [ 1031, 1031,  968,  235,  613, 1148,  270,  126,  208,  881, 1197,  687,  866,  786,  233,    0,  405,  684, 1103,  629,  227,  594,   57,  520,  608,  761,  553,  320,  643,  282,  515,  522,  794,  852,  723,  475,  406,  979,  666,  527,  392,  507, 1111,  928,  728,  626],
        [  721,  721,  653,  234,  212,  833,  182,  321,  223,  848,  958,  458,  821,  391,  215,  405,    0,  298,  789,  584,  185,  591,  351,  182,  528,  469,  519,  227,  240,  425,  379,  246,  619,  460,  348,   71,  577,  861,  495,  520,   55,  403,  866,  552,  638,  695],
        [  709,  709,  645,  530,  103,  799,  479,  579,  520, 1048,  999,  592, 1017,  273,  512,  684,  298,    0,  763,  807,  457,  831,  628,  338,  744,  535,  757,  511,  101,  717,  600,  424,  760,  331,  319,  235,  864, 1010,  665,  768,  337,  632,  910,  450,  830,  950],
        [   72,   72,  138,  869,  712,   45,  839, 1074,  900,  710,  285,  434,  680,  491,  873, 1103,  789,  763,    0,  666,  945,  731, 1067,  613,  625,  342,  694,  783,  685,  914,  620,  585,  429,  441,  464,  747,  958,  540,  498,  732,  763,  646,  228,  328,  584,  848],
        [  605,  605,  569,  456,  706,  706,  471,  675,  501,  270,  638,  286,  247,  677,  477,  629,  584,  807,  666,    0,  607,   66,  624,  470,   66,  412,   77,  390,  709,  355,  210,  384,  242,  704,  575,  608,  321,  353,  192,  105,  530,  182,  569,  694,  108,  188],
        [  874,  874,  808,  156,  388,  989,  139,  138,  115,  876, 1083,  567,  854,  575,  133,  227,  185,  457,  945,  607,    0,  594,  171,  335,  565,  610,  533,  221,  419,  341,  432,  366,  707,  644,  525,  254,  499,  929,  576,  520,  188,  441,  992,  731,  685,  670],
        [  669,  669,  632,  440,  729,  770,  461,  650,  484,  289,  701,  341,  273,  719,  462,  594,  591,  831,  731,   66,  594,    0,  593,  494,  115,  468,   75,  383,  736,  314,  233,  411,  307,  750,  617,  622,  260,  402,  249,   75,  537,  200,  634,  748,  169,  133],
        [  995,  995,  931,  201,  558, 1111,  229,   79,  167,  882, 1172,  658,  865,  735,  194,   57,  351,  628, 1067,  624,  171,  593,    0,  475,  597,  726,  547,  288,  589,  288,  492,  483,  774,  803,  676,  421,  426,  969,  644,  523,  342,  488, 1085,  882,  718,  637],
        [  543,  543,  476,  296,  237,  657,  252,  468,  314,  716,  776,  287,  687,  283,  291,  520,  182,  338,  613,  470,  335,  494,  475,    0,  407,  288,  420,  232,  242,  434,  262,   87,  454,  343,  205,  163,  560,  702,  340,  433,  150,  295,  684,  409,  499,  616],
        [  561,  561,  521,  418,  643,  666,  427,  642,  463,  320,  623,  227,  294,  612,  437,  608,  528,  744,  625,   66,  565,  115,  597,  407,    0,  353,   72,  345,  645,  345,  150,  321,  214,  640,  510,  548,  340,  373,  136,  110,  474,  128,  549,  634,  123,  246],
        [  270,  270,  208,  527,  453,  387,  498,  735,  559,  574,  491,  127,  541,  311,  532,  761,  469,  535,  342,  412,  610,  468,  726,  288,  353,    0,  410,  442,  438,  585,  296,  245,  250,  314,  223,  441,  653,  489,  220,  443,  435,  328,  399,  284,  374,  599],
        [  629,  629,  587,  380,  655,  736,  397,  598,  425,  344,  694,  284,  323,  649,  401,  553,  519,  757,  694,   77,  533,   75,  547,  420,   72,  410,    0,  316,  661,  282,  159,  337,  285,  683,  547,  548,  269,  427,  200,   39,  465,  125,  620,  686,  177,  202],
        [  711,  711,  649,   88,  414,  828,   82,  314,  128,  659,  886,  370,  636,  515,  100,  320,  227,  511,  783,  390,  221,  383,  288,  232,  345,  442,  316,    0,  434,  209,  215,  208,  495,  574,  434,  278,  353,  710,  363,  309,  177,  221,  798,  632,  465,  475],
        [  627,  627,  561,  465,   35,  723,  413,  550,  461,  948,  910,  491,  917,  206,  449,  643,  240,  101,  685,  709,  419,  736,  589,  242,  645,  438,  661,  434,    0,  642,  503,  326,  659,  273,  229,  171,  784,  910,  564,  674,  268,  537,  820,  387,  730,  857],
        [  843,  843,  788,  198,  622,  958,  245,  354,  229,  600,  961,  481,  586,  715,  222,  282,  425,  717,  914,  355,  341,  314,  288,  434,  345,  585,  282,  209,  642,    0,  294,  389,  549,  770,  628,  483,  159,  708,  432,  251,  380,  272,  880,  815,  459,  350],
        [  550,  550,  496,  298,  498,  664,  295,  526,  341,  469,  684,  187,  442,  496,  313,  515,  379,  600,  620,  210,  432,  233,  492,  262,  150,  296,  159,  215,  503,  294,    0,  178,  282,  535,  396,  399,  359,  498,  152,  177,  325,   38,  599,  552,  261,  359],
        [  513,  513,  448,  289,  323,  629,  255,  490,  317,  630,  721,  213,  600,  334,  290,  522,  246,  424,  585,  384,  366,  411,  483,   87,  321,  245,  337,  208,  326,  389,  178,    0,  375,  383,  240,  242,  500,  621,  257,  353,  201,  213,  630,  428,  413,  536],
        [  372,  372,  347,  580,  668,  467,  573,  807,  622,  327,  412,  170,  294,  559,  594,  794,  619,  760,  429,  242,  707,  307,  774,  454,  214,  250,  285,  495,  659,  549,  282,  375,    0,  564,  466,  615,  553,  251,  132,  324,  571,  288,  335,  520,  156,  420],
        [  395,  395,  339,  636,  305,  474,  589,  781,  649,  887,  699,  425,  854,   71,  629,  852,  460,  331,  441,  704,  644,  750,  803,  343,  640,  314,  683,  574,  273,  770,  535,  383,  564,    0,  143,  397,  881,  794,  519,  708,  461,  572,  616,  119,  683,  882],
        [  402,  402,  335,  501,  252,  504,  456,  662,  517,  779,  682,  309,  746,  102,  495,  723,  348,  319,  464,  575,  525,  617,  676,  205,  510,  223,  547,  434,  229,  628,  396,  240,  466,  143,    0,  294,  738,  710,  398,  571,  338,  433,  593,  207,  567,  749],
        [  680,  680,  612,  298,  144,  789,  246,  389,  291,  865,  931,  448,  837,  327,  280,  475,   71,  235,  747,  608,  254,  622,  421,  163,  548,  441,  548,  278,  171,  483,  399,  242,  615,  397,  294,    0,  631,  862,  498,  553,  103,  426,  839,  493,  650,  733],
        [  891,  891,  844,  356,  766, 1001,  401,  499,  388,  515,  958,  534,  509,  833,  380,  406,  577,  864,  958,  321,  499,  260,  426,  560,  340,  653,  269,  353,  784,  159,  359,  500,  553,  881,  738,  631,    0,  658,  461,  231,  530,  326,  887,  909,  428,  234],
        [  509,  509,  515,  788,  918,  562,  791, 1014,  832,  200,  371,  420,  181,  799,  806,  979,  861, 1010,  540,  353,  929,  402,  969,  702,  373,  489,  427,  710,  910,  708,  498,  621,  251,  794,  710,  862,  658,    0,  366,  457,  810,  490,  343,  732,  252,  451],
        [  431,  431,  388,  448,  568,  540,  441,  676,  490,  386,  534,   96,  354,  499,  462,  666,  495,  665,  498,  192,  576,  249,  644,  340,  136,  220,  200,  363,  564,  432,  152,  257,  132,  519,  398,  498,  461,  366,    0,  236,  445,  162,  451,  503,  170,  379],
        [  666,  666,  623,  366,  666,  773,  387,  578,  410,  361,  731,  318,  343,  672,  388,  527,  520,  768,  732,  105,  520,   75,  523,  433,  110,  443,   39,  309,  674,  251,  177,  353,  324,  708,  571,  553,  231,  457,  236,    0,  466,  141,  657,  716,  210,  184],
        [  693,  693,  626,  197,  245,  807,  145,  324,  196,  794,  919,  413,  767,  394,  182,  392,   55,  337,  763,  530,  188,  537,  342,  150,  474,  435,  465,  177,  268,  380,  325,  201,  571,  461,  338,  103,  530,  810,  445,  466,    0,  348,  828,  544,  584,  642],
        [  576,  576,  524,  299,  530,  689,  303,  527,  343,  447,  696,  213,  422,  533,  317,  507,  403,  632,  646,  182,  441,  200,  488,  295,  128,  328,  125,  221,  537,  272,   38,  213,  288,  572,  433,  426,  326,  490,  162,  141,  348,    0,  613,  588,  245,  323],
        [  233,  233,  279,  885,  841,  236,  868, 1108,  924,  535,   92,  429,  509,  650,  896, 1111,  866,  910,  228,  569,  992,  634, 1085,  684,  549,  399,  620,  798,  820,  880,  599,  630,  335,  616,  593,  839,  887,  343,  451,  657,  828,  613,    0,  517,  468,  729],
        [  289,  289,  240,  703,  418,  357,  660,  868,  722,  847,  595,  408,  814,  181,  699,  928,  552,  450,  328,  694,  731,  748,  882,  409,  634,  284,  686,  632,  387,  815,  552,  428,  520,  119,  207,  493,  909,  732,  503,  716,  544,  588,  517,    0,  656,  880],
        [  527,  527,  501,  540,  732,  621,  547,  765,  585,  218,  533,  259,  188,  666,  559,  728,  638,  830,  584,  108,  685,  169,  718,  499,  123,  374,  177,  465,  730,  459,  261,  413,  156,  683,  567,  650,  428,  252,  170,  210,  584,  245,  468,  656,    0,  266],
        [  788,  788,  756,  515,  848,  886,  546,  703,  556,  286,  788,  472,  285,  850,  539,  626,  695,  950,  848,  188,  670,  133,  637,  616,  246,  599,  202,  475,  857,  350,  359,  536,  420,  882,  749,  733,  234,  451,  379,  184,  642,  323,  729,  880,  266,    0]
    ]
}
