{
    "name": "random-30-13875",
    "comment": "size=30 seed=13875",
    "nodes": ["+0", "-0", "+1", "-1", "+2", "-2", "+3", "-3", "+4", "-4", "+5", "-5", "+6", "-6", "+7", "-7", "+8", "-8", "+9", "-9", "+10", "-10", "+11", "-11", "+12", "-12", "+13", "-13", "+14", "-14", "+15", "-15", "+16", "-16", "+17", "-17", "+18", "-18", "+19", "-19", "+20", "-20", "+21", "-21", "+22", "-22", "+23", "-23", "+24", "-24", "+25", "-25", "+26", "-26", "+27", "-27", "+28", "-28", "+29", "-29", "+30", "-30"],
    "precedence": {
        "+0": "-0",
        "+1": "-1",
        "+2": "-2",
        "+3": "-3",
        "+4": "-4",
        "+5": "-5",
        "+6": "-6",
        "+7": "-7",
        "+8": "-8",
        "+9": "-9",
        "+10": "-10",
        "+11": "-11",
        "+12": "-12",
        "+13": "-13",
        "+14": "-14",
        "+15": "-15",
        "+16": "-16",
        "+17": "-17",
        "+18": "-18",
        "+19": "-19",
        "+20": "-20",
        "+21": "-21",
        "+22": "-22",
        "+23": "-23",
        "+24": "-24",
        "+25": "-25",
        "+26": "-26",
        "+27": "-27",
        "+28": "-28",
        "+29": "-29",
        "+30": "-30"
    },
    "edges": [
        [    0,    0,  315,   65,  526,  189,  746,  234,  237,  795,  598,  156,  112,  109,  364,  641,  813,  882,  782,  680,  732,  462,  600,  933,  691,  469,  255,  732,  674,  904,  809,  837,  386,   37,  511,  421,  434,  932, 1170,  699,  706,  159,  795,  732,  702,  843,  934,  885,  479,  249,  976, 1010,  866,  701,  668, 1160,  834,  997,  818,  225, 1212,  113],
        [    0,    0,  315,   65,  526,  189,  746,  234,  237,  795,  598,  156,  112,  109,  364,  641,  813,  882,  782,  680,  732,  462,  600,  933,  691,  469,  255,  732,  674,  904,  809,  837,  386,   37,  511,  421,  434,  932, 1170,  699,  706,  159,  795,  732,  702,  843,  934,  885,  479,  249,  976, 1010,  866,  701,  668, 1160,  834,  997,  818,  225, 1212,  113],
        [  315,  315,    0,  259,  622,  372,  438,  117,  182,  577,  596,  166,  273,  402,   61,  341,  507,  814,  838,  404,  797,  160,  286,  769,  377,  174,  107,  763,  370,  756,  586,  789,   78,  341,  334,  130,  557,  642,  955,  560,  765,  205,  579,  645,  563,  567,  861,  828,  544,  102,  875,  814,  591,  788,  623,  946,  736,  788,  557,  404, 1015,  383],
        [   65,   65,  259,    0,  501,  170,  685,  171,  172,  730,  555,  116,   65,  173,  306,  579,  752,  832,  752,  616,  703,  413,  543,  873,  634,  422,  215,  697,  613,  845,  745,  790,  334,   84,  448,  374,  413,  868, 1107,  640,  676,  142,  731,  679,  643,  778,  884,  837,  446,  207,  923,  947,  801,  677,  620, 1097,  780,  934,  754,  208, 1150,  132],
        [  526,  526,  622,  501,    0,  338,  864,  514,  444,  654,  188,  586,  438,  601,  620,  753,  903,  461,  258,  709,  207,  765,  802,  650,  870,  785,  658,  226,  792,  599,  673,  399,  690,  500,  461,  748,   95,  931,  936,  455,  184,  634,  650,  386,  456,  820,  510,  450,   87,  647,  582,  765,  834,  177,  286,  924,  469,  782,  765,  303,  936,  429],
        [  189,  189,  372,  170,  338,    0,  748,  257,  207,  703,  423,  274,  114,  271,  399,  634,  807,  715,  594,  643,  544,  532,  630,  804,  717,  546,  365,  546,  672,  767,  720,  666,  450,  164,  424,  500,  246,  897, 1062,  569,  518,  311,  702,  577,  572,  795,  768,  715,  294,  355,  818,  894,  816,  513,  502, 1051,  679,  890,  758,   39, 1092,  103],
        [  746,  746,  438,  685,  864,  748,    0,  517,  545,  385,  742,  603,  680,  839,  383,  116,   72,  808,  988,  174,  966,  336,  168,  618,  100,  347,  531,  900,   77,  638,  380,  818,  382,  768,  404,  380,  839,  238,  672,  532,  933,  639,  392,  662,  534,  222,  837,  834,  778,  530,  806,  594,  241,  983,  706,  667,  707,  546,  262,  769,  758,  794],
        [  234,  234,  117,  171,  514,  257,  517,    0,   70,  579,  507,  128,  166,  336,  145,  409,  582,  750,  740,  447,  696,  276,  382,  745,  471,  291,  153,  670,  444,  724,  592,  719,  194,  253,  306,  247,  444,  698,  959,  520,  665,  187,  580,  586,  523,  610,  800,  761,  439,  142,  825,  806,  633,  683,  548,  949,  683,  787,  589,  288, 1009,  280],
        [  237,  237,  182,  172,  444,  207,  545,   70,    0,  559,  442,  175,  142,  345,  196,  433,  607,  694,  671,  454,  627,  336,  424,  707,  510,  353,  220,  602,  470,  682,  573,  659,  256,  246,  276,  311,  376,  709,  935,  477,  596,  235,  559,  532,  480,  614,  744,  702,  369,  209,  774,  777,  636,  614,  488,  925,  631,  762,  586,  233,  980,  252],
        [  795,  795,  577,  730,  654,  703,  385,  579,  559,    0,  482,  705,  692,  903,  520,  343,  374,  444,  690,  233,  683,  581,  467,  235,  462,  603,  682,  604,  359,  254,   20,  468,  572,  800,  285,  607,  671,  311,  381,  209,  654,  760,    8,  330,  209,  210,  464,  472,  582,  675,  424,  241,  212,  716,  408,  372,  342,  212,  146,  704,  439,  788],
        [  598,  598,  596,  555,  188,  423,  742,  507,  442,  482,    0,  611,  492,  692,  576,  639,  770,  298,  254,  575,  225,  713,  712,  463,  766,  736,  660,  171,  676,  412,  501,  244,  650,  581,  344,  707,  245,  774,  749,  276,  192,  667,  477,  199,  277,  664,  350,  295,  148,  648,  411,  578,  675,  244,  100,  737,  287,  596,  605,  398,  750,  525],
        [  156,  156,  166,  116,  586,  274,  603,  128,  175,  705,  611,    0,  160,  237,  222,  504,  673,  868,  828,  558,  781,  307,  450,  872,  542,  314,  101,  765,  535,  851,  717,  833,  233,  188,  433,  265,  504,  803, 1085,  647,  752,   60,  706,  706,  650,  722,  919,  877,  521,   94,  948,  934,  746,  761,  662, 1075,  805,  914,  706,  311, 1137,  247],
        [  112,  112,  273,   65,  438,  114,  680,  166,  142,  692,  492,  160,    0,  218,  310,  569,  743,  772,  688,  595,  640,  432,  547,  823,  636,  444,  253,  633,  605,  793,  707,  729,  351,  109,  408,  397,  351,  850, 1064,  589,  612,  199,  692,  621,  592,  755,  824,  776,  382,  243,  865,  902,  777,  614,  559, 1054,  723,  891,  726,  152, 1104,  115],
        [  109,  109,  402,  173,  601,  271,  839,  336,  345,  903,  692,  237,  218,    0,  457,  738,  908,  980,  858,  783,  807,  538,  686, 1040,  777,  541,  324,  816,  769, 1010,  917,  933,  467,  113,  620,  494,  506, 1033, 1278,  806,  784,  213,  903,  835,  809,  946, 1033,  982,  564,  321, 1078, 1118,  969,  772,  767, 1268,  937, 1105,  924,  301, 1320,  172],
        [  364,  364,   61,  306,  620,  399,  383,  145,  196,  520,  576,  222,  310,  457,    0,  283,  451,  777,  823,  344,  784,  145,  238,  717,  329,  165,  167,  745,  313,  707,  529,  756,   75,  389,  289,  132,  562,  583,  897,  515,  751,  265,  523,  608,  519,  506,  823,  792,  538,  162,  832,  758,  530,  780,  594,  888,  695,  731,  497,  428,  958,  423],
        [  641,  641,  341,  579,  753,  634,  116,  409,  433,  343,  639,  504,  569,  738,  283,    0,  175,  733,  889,  111,  864,  272,  126,  575,  133,  288,  441,  801,   40,  586,  342,  736,  297,  661,  296,  310,  725,  303,  679,  451,  830,  545,  349,  578,  454,  243,  767,  757,  666,  439,  746,  574,  266,  878,  611,  672,  634,  532,  255,  654,  756,  683],
        [  813,  813,  507,  752,  903,  807,   72,  582,  607,  374,  770,  673,  743,  908,  451,  175,    0,  811, 1012,  196,  993,  408,  240,  600,  166,  418,  602,  924,  139,  626,  365,  827,  453,  834,  442,  452,  884,  174,  626,  543,  961,  710,  382,  674,  544,  184,  835,  837,  818,  600,  797,  563,  199, 1013,  726,  622,  708,  512,  236,  826,  715,  857],
        [  882,  882,  814,  832,  461,  715,  808,  750,  694,  444,  298,  868,  772,  980,  777,  733,  811,    0,  329,  637,  351,  894,  839,  282,  866,  918,  898,  272,  762,  229,  458,   65,  849,  868,  493,  902,  536,  750,  547,  283,  339,  928,  437,  170,  281,  653,   53,   30,  444,  887,  125,  401,  654,  405,  214,  537,  103,  441,  590,  693,  518,  817],
        [  782,  782,  838,  752,  258,  594,  988,  740,  671,  690,  254,  828,  688,  858,  823,  889, 1012,  329,    0,  818,   52,  963,  965,  594, 1018,  985,  890,   89,  925,  539,  707,  269,  896,  756,  597,  954,  353,  996,  873,  483,   77,  880,  684,  362,  483,  889,  362,  305,  308,  879,  449,  717,  896,  103,  288,  862,  393,  750,  826,  559,  846,  687],
        [  680,  680,  404,  616,  709,  643,  174,  447,  454,  233,  575,  558,  595,  783,  344,  111,  196,  637,  818,    0,  798,  367,  236,  466,  234,  386,  510,  730,  129,  478,  232,  645,  377,  696,  250,  400,  695,  255,  576,  359,  766,  606,  239,  489,  361,  164,  667,  662,  625,  505,  642,  464,  188,  818,  534,  568,  536,  424,  157,  656,  650,  705],
        [  732,  732,  797,  703,  207,  544,  966,  696,  627,  683,  225,  781,  640,  807,  784,  864,  993,  351,   52,  798,    0,  926,  935,  605,  991,  947,  846,   85,  901,  550,  701,  288,  857,  706,  569,  916,  301,  986,  887,  474,   34,  833,  677,  360,  474,  877,  390,  330,  261,  835,  475,  727,  886,   57,  276,  876,  404,  757,  815,  509,  866,  636],
        [  462,  462,  160,  413,  765,  532,  336,  276,  336,  581,  713,  307,  432,  538,  145,  272,  408,  894,  963,  367,  926,    0,  169,  800,  253,   24,  215,  884,  286,  797,  587,  880,   82,  492,  402,   46,  706,  566,  942,  621,  893,  326,  586,  726,  624,  514,  937,  912,  683,  218,  938,  822,  537,  923,  723,  935,  807,  786,  522,  563, 1014,  540],
        [  600,  600,  286,  543,  802,  630,  168,  382,  424,  467,  712,  450,  547,  686,  238,  126,  240,  839,  965,  236,  935,  169,    0,  698,   92,  180,  370,  880,  126,  706,  467,  837,  221,  626,  370,  213,  761,  401,  803,  557,  902,  481,  472,  678,  559,  360,  876,  861,  716,  370,  861,  699,  382,  943,  698,  796,  743,  658,  379,  656,  882,  660],
        [  933,  933,  769,  873,  650,  804,  618,  745,  707,  235,  463,  872,  823, 1040,  717,  575,  600,  282,  594,  466,  605,  800,  698,    0,  696,  822,  870,  521,  593,   56,  239,  331,  778,  931,  441,  820,  698,  501,  288,  236,  584,  931,  228,  265,  233,  422,  279,  311,  600,  861,  213,  123,  416,  652,  365,  276,  202,  160,  365,  794,  292,  900],
        [  691,  691,  377,  634,  870,  717,  100,  471,  510,  462,  766,  542,  636,  777,  329,  133,  166,  866, 1018,  234,  991,  253,   92,  696,    0,  260,  460,  931,  105,  711,  459,  869,  312,  717,  423,  299,  835,  337,  769,  584,  958,  571,  469,  711,  586,  318,  898,  889,  784,  461,  875,  682,  339, 1003,  743,  763,  766,  636,  352,  741,  853,  750],
        [  469,  469,  174,  422,  785,  546,  347,  291,  353,  603,  736,  314,  444,  541,  165,  288,  418,  918,  985,  386,  947,   24,  180,  822,  260,    0,  218,  906,  300,  820,  607,  903,   98,  500,  426,   49,  725,  579,  962,  644,  914,  329,  607,  749,  647,  530,  960,  935,  703,  222,  961,  843,  554,  944,  746,  954,  830,  806,  540,  578, 1034,  550],
        [  255,  255,  107,  215,  658,  365,  531,  153,  220,  682,  660,  101,  253,  324,  167,  441,  602,  898,  890,  510,  846,  215,  370,  870,  460,  218,    0,  822,  467,  854,  693,  868,  149,  288,  431,  171,  582,  744, 1061,  655,  815,  112,  685,  731,  658,  672,  946,  909,  587,   12,  966,  919,  696,  831,  699, 1052,  826,  893,  664,  402, 1120,  347],
        [  732,  732,  763,  697,  226,  546,  900,  670,  602,  604,  171,  765,  633,  816,  745,  801,  924,  272,   89,  730,   85,  884,  880,  521,  931,  906,  822,    0,  838,  466,  621,  208,  819,  709,  511,  877,  318,  909,  804,  396,   67,  819,  597,  278,  396,  801,  313,  253,  253,  810,  396,  643,  809,  134,  200,  792,  320,  673,  739,  515,  784,  644],
        [  674,  674,  370,  613,  792,  672,   77,  444,  470,  359,  676,  535,  605,  769,  313,   40,  139,  762,  925,  129,  901,  286,  126,  593,  105,  300,  467,  838,    0,  607,  357,  768,  320,  696,  335,  326,  765,  282,  680,  482,  868,  573,  365,  610,  484,  235,  794,  786,  706,  465,  770,  584,  257,  916,  646,  674,  662,  540,  257,  692,  761,  719],
        [  904,  904,  756,  845,  599,  767,  638,  724,  682,  254,  412,  851,  793, 1010,  707,  586,  626,  229,  539,  478,  550,  797,  706,   56,  711,  820,  854,  466,  607,    0,  262,  276,  771,  899,  423,  815,  651,  539,  341,  206,  529,  910,  247,  214,  203,  453,  230,  258,  552,  845,  173,  178,  449,  597,  314,  330,  147,  214,  393,  755,  338,  865],
        [  809,  809,  586,  745,  673,  720,  380,  592,  573,   20,  501,  717,  707,  917,  529,  342,  365,  458,  707,  232,  701,  587,  467,  239,  459,  607,  693,  621,  357,  262,    0,  483,  579,  815,  300,  614,  690,  295,  370,  228,  672,  772,   25,  347,  228,  197,  476,  486,  601,  686,  433,  236,  197,  735,  426,  360,  355,  202,  134,  721,  431,  804],
        [  837,  837,  789,  790,  399,  666,  818,  719,  659,  468,  244,  833,  729,  933,  756,  736,  827,   65,  269,  645,  288,  880,  837,  331,  869,  903,  868,  208,  768,  276,  483,    0,  829,  822,  479,  884,  477,  778,  605,  287,  275,  892,  461,  159,  285,  677,  111,   52,  388,  857,  189,  452,  680,  342,  172,  594,  134,  490,  613,  642,  579,  768],
        [  386,  386,   78,  334,  690,  450,  382,  194,  256,  572,  650,  233,  351,  467,   75,  297,  453,  849,  896,  377,  857,   82,  221,  778,  312,   98,  149,  819,  320,  771,  579,  829,    0,  415,  359,   59,  628,  600,  944,  584,  825,  260,  575,  680,  587,  534,  894,  865,  609,  149,  901,  812,  558,  852,  668,  935,  766,  781,  533,  481, 1010,  460],
        [   37,   37,  341,   84,  500,  164,  768,  253,  246,  800,  581,  188,  109,  113,  389,  661,  834,  868,  756,  696,  706,  492,  626,  931,  717,  500,  288,  709,  696,  899,  815,  822,  415,    0,  516,  452,  407,  949, 1173,  696,  681,  196,  800,  722,  699,  857,  921,  870,  457,  281,  966, 1011,  880,  674,  655, 1163,  825, 1000,  831,  198, 1212,   78],
        [  511,  511,  334,  448,  461,  424,  404,  306,  276,  285,  344,  433,  408,  620,  289,  296,  442,  493,  597,  250,  569,  402,  370,  441,  423,  426,  431,  511,  335,  423,  300,  479,  359,  516,    0,  410,  446,  489,  660,  227,  536,  492,  285,  324,  230,  382,  536,  510,  376,  422,  544,  502,  400,  582,  330,  649,  408,  487,  338,  430,  706,  505],
        [  421,  421,  130,  374,  748,  500,  380,  247,  311,  607,  707,  265,  397,  494,  132,  310,  452,  902,  954,  400,  916,   46,  213,  820,  299,   49,  171,  877,  326,  815,  614,  884,   59,  452,  410,    0,  685,  607,  974,  633,  883,  282,  612,  733,  636,  551,  946,  918,  667,  174,  950,  848,  575,  910,  723,  966,  817,  815,  556,  533, 1043,  503],
        [  434,  434,  557,  413,   95,  246,  839,  444,  376,  671,  245,  504,  351,  506,  562,  725,  884,  536,  353,  695,  301,  706,  761,  698,  835,  725,  582,  318,  765,  651,  690,  477,  628,  407,  446,  685,    0,  930,  980,  486,  279,  549,  668,  439,  487,  820,  587,  528,   99,  571,  654,  808,  836,  268,  343,  969,  531,  819,  769,  210,  988,  335],
        [  932,  932,  642,  868,  931,  897,  238,  698,  709,  311,  774,  803,  850, 1033,  583,  303,  174,  750,  996,  255,  986,  566,  401,  501,  337,  579,  744,  909,  282,  539,  295,  778,  600,  949,  489,  607,  930,    0,  468,  513,  956,  847,  317,  639,  514,  112,  764,  778,  851,  741,  711,  436,  101, 1015,  711,  466,  649,  381,  171,  909,  562,  960],
        [ 1170, 1170,  955, 1107,  936, 1062,  672,  959,  935,  381,  749, 1085, 1064, 1278,  897,  679,  626,  547,  873,  576,  887,  942,  803,  288,  769,  962, 1061,  804,  680,  341,  370,  605,  944, 1173,  660,  974,  980,  468,    0,  501,  868, 1141,  379,  551,  498,  451,  528,  575,  882, 1054,  442,  172,  432,  936,  652,   12,  485,  174,  424, 1057,   98, 1153],
        [  699,  699,  560,  640,  455,  569,  532,  520,  477,  209,  276,  647,  589,  806,  515,  451,  543,  283,  483,  359,  474,  621,  557,  236,  584,  644,  655,  396,  482,  206,  228,  287,  584,  696,  227,  633,  486,  513,  501,    0,  445,  706,  204,  131,    4,  406,  320,  306,  390,  645,  318,  329,  413,  508,  199,  489,  188,  335,  344,  560,  524,  665],
        [  706,  706,  765,  676,  184,  518,  933,  665,  596,  654,  192,  752,  612,  784,  751,  830,  961,  339,   77,  766,   34,  893,  902,  584,  958,  914,  815,   67,  868,  529,  672,  275,  825,  681,  536,  883,  279,  956,  868,  445,    0,  804,  648,  334,  445,  846,  380,  319,  232,  804,  463,  706,  856,   69,  247,  857,  383,  734,  785,  484,  850,  612],
        [  159,  159,  205,  142,  634,  311,  639,  187,  235,  760,  667,   60,  199,  213,  265,  545,  710,  928,  880,  606,  833,  326,  481,  931,  571,  329,  112,  819,  573,  910,  772,  892,  260,  196,  492,  282,  549,  847, 1141,  706,  804,    0,  762,  766,  710,  769,  978,  936,  572,  111, 1008,  991,  793,  810,  720, 1131,  865,  970,  756,  349, 1194,  266],
        [  795,  795,  579,  731,  650,  702,  392,  580,  559,    8,  477,  706,  692,  903,  523,  349,  382,  437,  684,  239,  677,  586,  472,  228,  469,  607,  685,  597,  365,  247,   25,  461,  575,  800,  285,  612,  668,  317,  379,  204,  648,  762,    0,  323,  204,  217,  457,  465,  578,  678,  417,  237,  219,  711,  402,  370,  334,  209,  154,  702,  436,  787],
        [  732,  732,  645,  679,  386,  577,  662,  586,  532,  330,  199,  706,  621,  835,  608,  578,  674,  170,  362,  489,  360,  726,  678,  265,  711,  749,  731,  278,  610,  214,  347,  159,  680,  722,  324,  733,  439,  639,  551,  131,  334,  766,  323,    0,  130,  534,  216,  187,  340,  720,  245,  382,  539,  400,  101,  540,  103,  405,  470,  560,  552,  679],
        [  702,  702,  563,  643,  456,  572,  534,  523,  480,  209,  277,  650,  592,  809,  519,  454,  544,  281,  483,  361,  474,  624,  559,  233,  586,  647,  658,  396,  484,  203,  228,  285,  587,  699,  230,  636,  487,  514,  498,    4,  445,  710,  204,  130,    0,  407,  318,  304,  392,  649,  315,  327,  414,  508,  199,  487,  185,  333,  344,  563,  521,  668],
        [  843,  843,  567,  778,  820,  795,  222,  610,  614,  210,  664,  722,  755,  946,  506,  243,  184,  653,  889,  164,  877,  514,  360,  422,  318,  530,  672,  801,  235,  453,  197,  677,  534,  857,  382,  551,  820,  112,  451,  406,  846,  769,  217,  534,  407,    0,  672,  681,  740,  668,  626,  379,   25,  905,  602,  446,  551,  329,   64,  806,  537,  863],
        [  934,  934,  861,  884,  510,  768,  837,  800,  744,  464,  350,  919,  824, 1033,  823,  767,  835,   53,  362,  667,  390,  937,  876,  279,  898,  960,  946,  313,  794,  230,  476,  111,  894,  921,  536,  946,  587,  764,  528,  320,  380,  978,  457,  216,  318,  672,    0,   62,  496,  936,   89,  392,  671,  445,  267,  517,  133,  437,  609,  745,  490,  870],
        [  885,  885,  828,  837,  450,  715,  834,  761,  702,  472,  295,  877,  776,  982,  792,  757,  837,   30,  305,  662,  330,  912,  861,  311,  889,  935,  909,  253,  786,  258,  486,   52,  865,  870,  510,  918,  528,  778,  575,  306,  319,  936,  465,  187,  304,  681,   62,    0,  439,  898,  145,  430,  682,  385,  218,  564,  131,  471,  618,  692,  543,  818],
        [  479,  479,  544,  446,   87,  294,  778,  439,  369,  582,  148,  521,  382,  564,  538,  666,  818,  444,  308,  625,  261,  683,  716,  600,  784,  703,  587,  253,  706,  552,  601,  388,  609,  457,  376,  667,   99,  851,  882,  390,  232,  572,  578,  340,  392,  740,  496,  439,    0,  575,  559,  710,  755,  245,  245,  871,  433,  723,  686,  264,  890,  393],
        [  249,  249,  102,  207,  647,  355,  530,  142,  209,  675,  648,   94,  243,  321,  162,  439,  600,  887,  879,  505,  835,  218,  370,  861,  461,  222,   12,  810,  465,  845,  686,  857,  149,  281,  422,  174,  571,  741, 1054,  645,  804,  111,  678,  720,  649,  668,  936,  898,  575,    0,  956,  911,  692,  820,  688, 1045,  815,  886,  658,  391, 1113,  339],
        [  976,  976,  875,  923,  582,  818,  806,  825,  774,  424,  411,  948,  865, 1078,  832,  746,  797,  125,  449,  642,  475,  938,  861,  213,  875,  961,  966,  396,  770,  173,  433,  189,  901,  966,  544,  950,  654,  711,  442,  318,  463, 1008,  417,  245,  315,  626,   89,  145,  559,  956,    0,  315,  622,  529,  319,  432,  143,  364,  565,  799,  402,  920],
        [ 1010, 1010,  814,  947,  765,  894,  594,  806,  777,  241,  578,  934,  902, 1118,  758,  574,  563,  401,  717,  464,  727,  822,  699,  123,  682,  843,  919,  643,  584,  178,  236,  452,  812, 1011,  502,  848,  808,  436,  172,  329,  706,  991,  237,  382,  327,  379,  392,  430,  710,  911,  315,    0,  366,  774,  482,  161,  325,   56,  333,  888,  204,  987],
        [  866,  866,  591,  801,  834,  816,  241,  633,  636,  212,  675,  746,  777,  969,  530,  266,  199,  654,  896,  188,  886,  537,  382,  416,  339,  554,  696,  809,  257,  449,  197,  680,  558,  880,  400,  575,  836,  101,  432,  413,  856,  793,  219,  539,  414,   25,  671,  682,  755,  692,  622,  366,    0,  915,  611,  427,  552,  315,   71,  826,  519,  885],
        [  701,  701,  788,  677,  177,  513,  983,  683,  614,  716,  244,  761,  614,  772,  780,  878, 1013,  405,  103,  818,   57,  923,  943,  652, 1003,  944,  831,  134,  916,  597,  735,  342,  852,  674,  582,  910,  268, 1015,  936,  508,   69,  810,  711,  400,  508,  905,  445,  385,  245,  820,  529,  774,  915,    0,  310,  925,  452,  802,  845,  477,  918,  602],
        [  668,  668,  623,  620,  286,  502,  706,  548,  488,  408,  100,  662,  559,  767,  594,  611,  726,  214,  288,  534,  276,  723,  698,  365,  743,  746,  699,  200,  646,  314,  426,  172,  668,  655,  330,  723,  343,  711,  652,  199,  247,  720,  402,  101,  199,  602,  267,  218,  245,  688,  319,  482,  611,  310,    0,  640,  189,  503,  540,  481,  651,  605],
        [ 1160, 1160,  946, 1097,  924, 1051,  667,  949,  925,  372,  737, 1075, 1054, 1268,  888,  672,  622,  537,  862,  568,  876,  935,  796,  276,  763,  954, 1052,  792,  674,  330,  360,  594,  935, 1163,  649,  966,  969,  466,   12,  489,  857, 1131,  370,  540,  487,  446,  517,  564,  871, 1045,  432,  161,  427,  925,  640,    0,  474,  163,  418, 1046,   98, 1143],
        [  834,  834,  736,  780,  469,  679,  707,  683,  631,  342,  287,  805,  723,  937,  695,  634,  708,  103,  393,  536,  404,  807,  743,  202,  766,  830,  826,  320,  662,  147,  355,  134,  766,  825,  408,  817,  531,  649,  485,  188,  383,  865,  334,  103,  185,  551,  133,  131,  433,  815,  143,  325,  552,  452,  189,  474,    0,  358,  487,  662,  472,  781],
        [  997,  997,  788,  934,  782,  890,  546,  787,  762,  212,  596,  914,  891, 1105,  731,  532,  512,  441,  750,  424,  757,  786,  658,  160,  636,  806,  893,  673,  540,  214,  202,  490,  781, 1000,  487,  815,  819,  381,  174,  335,  734,  970,  209,  405,  333,  329,  437,  471,  723,  886,  364,   56,  315,  802,  503,  163,  358,    0,  285,  886,  229,  981],
        [  818,  818,  557,  754,  765,  758,  262,  589,  586,  146,  605,  706,  726,  924,  497,  255,  236,  590,  826,  157,  815,  522,  379,  365,  352,  540,  664,  739,  257,  393,  134,  613,  533,  831,  338,  556,  769,  171,  424,  344,  785,  756,  154,  470,  344,   64,  609,  618,  686,  658,  565,  333,   71,  845,  540,  418,  487,  285,    0,  766,  504,  831],
        [  225,  225,  404,  208,  303,   39,  769,  288,  233,  704,  398,  311,  152,  301,  428,  654,  826,  693,  559,  656,  509,  563,  656,  794,  741,  578,  402,  515,  692,  755,  721,  642,  481,  198,  430,  533,  210,  909, 1057,  560,  484,  349,  702,  560,  563,  806,  745,  692,  264,  391,  799,  888,  826,  477,  481, 1046,  662,  886,  766,    0, 1083,  130],
        [ 1212, 1212, 1015, 1150,  936, 1092,  758, 1009,  980,  439,  750, 1137, 1104, 1320,  958,  756,  715,  518,  846,  650,  866, 1014,  882,  292,  853, 1034, 1120,  784,  761,  338,  431,  579, 1010, 1212,  706, 1043,  988,  562,   98,  524,  850, 1194,  436,  552,  521,  537,  490,  543,  890, 1113,  402,  204,  519,  918,  651,   98,  472,  229,  504, 1083,    0, 1187],
        [  113,  113,  383,  132,  429,  103,  794,  280,  252,  788,  525,  247,  115,  172,  423,  683,  857,  817,  687,  705,  636,  540,  660,  900,  750,  550,  347,  644,  719,  865,  804,  768,  460,   78,  505,  503,  335,  960, 1153,  665,  612,  266,  787,  679,  668,  863,  870,  818,  393,  339,  920,  987,  885,  602,  605, 1143,  781,  981,  831,  130, 1187,    0]
    ]
}
