{
    "name": "random-5-17639",
    "comment": "size=5 seed=17639",
    "nodes": ["+0", "-0", "+1", "-1", "+2", "-2", "+3", "-3", "+4", "-4", "+5", "-5"],
    "precedence": {
        "+0": "-0",
        "+1": "-1",
        "+2": "-2",
        "+3": "-3",
        "+4": "-4",
        "+5": "-5"
    },
    "edges": [
        [    0,    0,  264,  898,  921,  267,  829,  437,  426,  603,  987,  739],
        [    0,    0,  264,  898,  921,  267,  829,  437,  426,  603,  987,  739],
        [  264,  264,    0,  787,  869,  475,  729,  434,  530,  352,  843,  505],
        [  898,  898,  787,    0,  214,  845,   75,  488,  639,  629,  145,  517],
        [  921,  921,  869,  214,    0,  806,  199,  484,  576,  787,  344,  702],
        [  267,  267,  475,  845,  806,    0,  771,  362,  234,  754,  963,  849],
        [  829,  829,  729,   75,  199,  771,    0,  414,  564,  599,  211,  504],
        [  437,  437,  434,  488,  484,  362,  414,    0,  196,  531,  602,  565],
        [  426,  426,  530,  639,  576,  234,  564,  196,    0,  707,  767,  757],
        [  603,  603,  352,  629,  787,  754,  599,  531,  707,    0,  626,  173],
        [  987,  987,  843,  145,  344,  963,  211,  602,  767,  626,    0,  484],
        [  739,  739,  505,  517,  702,  849,  504,  565,  757,  173,  484,    0]
    ]
}
