{
    "name": "random-53-6398",
    "comment": "size=53 seed=6398",
    "nodes": ["+0", "-0", "+1", "-1", "+2", "-2", "+3", "-3", "+4", "-4", "+5", "-5", "+6", "-6", "+7", "-7", "+8", "-8", "+9", "-9", "+10", "-10", "+11", "-11", "+12", "-12", "+13", "-13", "+14", "-14", "+15", "-15", "+16", "-16", "+17", "-17", "+18", "-18", "+19", "-19", "+20", "-20", "+21", "-21", "+22", "-22", "+23", "-23", "+24", "-24", "+25", "-25", "+26", "-26", "+27", "-27", "+28", "-28", "+29", "-29", "+30", "-30", "+31", "-31", "+32", "-32", "+33", "-33", "+34", "-34", "+35", "-35", "+36", "-36", "+37", "-37", "+38", "-38", "+39", "-39", "+40", "-40", "+41", "-41", "+42", "-42", "+43", "-43", "+44", "-44", "+45", "-45", "+46", "-46", "+47", "-47", "+48", "-48", "+49", "-49", "+50", "-50", "+51", "-51", "+52", "-52", "+53", "-53"],
    "precedence": {
        "+0": "-0",
        "+1": "-1",
        "+2": "-2",
        "+3": "-3",
        "+4": "-4",
        "+5": "-5",
        "+6": "-6",
        "+7": "-7",
        "+8": "-8",
        "+9": "-9",
        "+10": "-10",
        "+11": "-11",
        "+12": "-12",
        "+13": "-13",
        "+14": "-14",
        "+15": "-15",
        "+16": "-16",
        "+17": "-17",
        "+18": "-18",
        "+19": "-19",
        "+20": "-20",
        "+21": "-21",
        "+22": "-22",
        "+23": "-23",
        "+24": "-24",
        "+25": "-25",
        "+26": "-26",
        "+27": "-27",
        "+28": "-28",
        "+29": "-29",
        "+30": "-30",
        "+31": "-31",
        "+32": "-32",
        "+33": "-33",
        "+34": "-34",
        "+35": "-35",
        "+36": "-36",
        "+37": "-37",
        "+38": "-38",
        "+39": "-39",
        "+40": "-40",
        "+41": "-41",
        "+42": "-42",
        "+43": "-43",
        "+44": "-44",
        "+45": "-45",
        "+46": "-46",
        "+47": "-47",
        "+48": "-48",
        "+49": "-49",
        "+50": "-50",
        "+51": "-51",
        "+52": "-52",
        "+53": "-53"
    },
    "edges": [
        [    0,    0,  520,  506,  907,  327,  304,  591,  916,  670,  272,  445,  833, 1070,  122,  293,  800,  879,  509,  377,  701,  204,  353,  778,  729,  451,  858,  129,  983,  983,  777,  990,  749,  971,  883,  230,  174,  468,  689,  917,  463, 1260,  970,  940,  690,  496,  292,  848,  712,  824,  647,   68,  664,  530,  869,  767, 1207,  902,  747,  598,  852,  348,  834,  952,  643,  737,  700,  828,  721,  740,  732,  513,  842,  706,  706,  529,  891,  335, 1180,  162,  699,  712,  630,  648,  897,   97,  280,  195,  736,  835,  518,  594, 1023,   83, 1018,  424,  653,  700,  663,   53,  891, 1109,  698,  195,  467,  658,  608, 1016],
        [    0,    0,    0,    0,    0,    0,    0,    0,    0,    0,    0,    0,    0,    0,    0,    0,    0,    0,    0,    0,    0,    0,    0,    0,    0,    0,    0,    0,    0,    0,    0,    0,    0,    0,    0,    0,    0,    0,    0,    0,    0,    0,    0,    0,    0,    0,    0,    0,    0,    0,    0,    0,    0,    0,    0,    0,    0,    0,    0,    0,    0,    0,    0,    0,    0,    0,    0,    0,    0,    0,    0,    0,    0,    0,    0,    0,    0,    0,    0,    0,    0,    0,    0,    0,    0,    0,    0,    0,    0,    0,    0,    0,    0,    0,    0,    0,    0,    0,    0,    0,    0,    0,    0,    0,    0,    0,    0,    0],
        [  520,    0,    0,  257,  469,  270,  339,  392,  765,  163,  610,  150,  530,  830,  437,  608,  378,  541,   71,  398,  444,  415,  262,  264,  711,  403,  560,  520,  744,  485,  258,  524,  929,  591,  832,  319,  366,  507,  171,  803,  113,  944,  606,  468,  419,   31,  572,  862,  339,  440,  502,  510,  365,  234,  757,  809,  891,  562,  251,   80,  769,  184,  464,  811,  741,  697,  795,  401,  202,  922,  295,  747,  730,  899,  558,  422,  396,  594,  874,  417,  321,  392,  457,  381,  492,  457,  400,  326,  304,  413,  399,  144,  813,  478,  674,  646,  258,  357,  162,  469,  372,  735,  760,  423,  522,  194,  140,  563],
        [  506,    0,  257,    0,  409,  418,  212,  141,  523,  284,  471,  128,  343,  621,  480,  458,  303,  379,  187,  203,  223,  322,  154,  380,  454,  171,  371,  567,  532,  523,  407,  501,  690,  466,  576,  280,  334,  275,  365,  555,  155,  777,  468,  459,  204,  269,  417,  605,  209,  319,  248,  530,  164,   39,  508,  555,  724,  403,  316,  274,  515,  314,  329,  568,  496,  440,  547,  331,  375,  685,  250,  537,  480,  665,  308,  168,  436,  423,  700,  481,  197,  210,  206,  159,  393,  488,  263,  352,  250,  336,  146,  400,  591,  433,  521,  447,  164,  194,  394,  468,  517,  607,  508,  506,  292,  218,  393,  521],
        [  907,    0,  469,  409,    0,  733,  621,  394,  540,  322,  870,  468,  249,  490,  861,  855,  108,  200,  434,  598,  314,  731,  556,  286,  645,  541,  263,  949,  430,  192,  334,  102,  960,  161,  684,  677,  733,  621,  395,  602,  460,  516,  190,   92,  301,  498,  814,  766,  204,  123,  446,  921,  285,  380,  577,  759,  469,  202,  239,  404,  613,  634,  141,  579,  766,  618,  796,   80,  367,  958,  181,  880,  561,  950,  453,  484,  167,  811,  463,  852,  213,  244,  414,  319,   72,  874,  671,  732,  175,   74,  476,  540,  508,  839,  263,  812,  255,  232,  464,  864,  358,  284,  745,  868,  637,  276,  519,  112],
        [  327,    0,  270,  418,  733,    0,  338,  553,  934,  432,  524,  297,  751, 1038,  212,  533,  636,  776,  301,  435,  640,  338,  307,  526,  816,  482,  781,  278,  949,  752,  510,  793,  949,  842,  959,  245,  250,  560,  415,  958,  286, 1181,  852,  737,  619,  240,  510,  961,  577,  688,  649,  290,  572,  418,  909,  892, 1128,  799,  520,  346,  908,  106,  708,  977,  791,  811,  851,  660,  451,  942,  554,  729,  880,  912,  713,  539,  665,  547, 1107,  179,  559,  612,  613,  574,  748,  238,  375,  172,  562,  672,  518,  288, 1008,  325,  915,  625,  499,  583,  370,  276,  613,  987,  830,  169,  570,  457,  306,  830],
        [  304,    0,  339,  212,  621,  338,    0,  288,  635,  444,  279,  203,  529,  774,  308,  273,  514,  576,  292,   99,  398,  111,   80,  551,  485,  161,  555,  387,  686,  725,  566,  711,  621,  671,  633,  106,  145,  224,  498,  647,  237,  957,  669,  667,  387,  330,  235,  626,  420,  528,  354,  340,  362,  242,  598,  555,  905,  599,  501,  397,  589,  263,  535,  675,  455,  484,  514,  542,  520,  614,  457,  417,  569,  586,  416,  235,  635,  255,  878,  322,  409,  411,  331,  344,  603,  308,   63,  197,  458,  548,  220,  467,  731,  226,  714,  313,  372,  402,  500,  274,  683,  807,  492,  356,  232,  403,  470,  732],
        [  591,    0,  392,  141,  394,  553,  288,    0,  383,  383,  490,  268,  244,  494,  588,  471,  300,  297,  322,  227,  112,  392,  262,  459,  329,  157,  268,  671,  404,  549,  496,  495,  601,  400,  440,  381,  430,  227,  474,  415,  295,  669,  392,  466,  106,  407,  431,  478,  201,  279,  110,  627,  110,  159,  368,  437,  617,  320,  387,  396,  377,  451,  275,  428,  402,  311,  445,  324,  476,  596,  285,  489,  340,  582,  168,   91,  472,  423,  590,  596,  202,  152,   66,   76,  355,  592,  318,  465,  278,  324,   86,  533,  458,  512,  431,  418,  213,  165,  515,  562,  595,  528,  400,  625,  243,  302,  523,  501],
        [  916,    0,  765,  523,  540,  934,  635,  383,    0,  712,  726,  651,  296,  200,  942,  701,  512,  340,  696,  544,  323,  715,  633,  751,  239,  474,  278, 1017,  158,  731,  798,  625,  536,  419,  168,  738,  778,  452,  809,   67,  675,  435,  388,  631,  350,  783,  672,  272,  467,  437,  286,  965,  405,  536,   71,  311,  396,  341,  678,  751,  116,  833,  409,   47,  399,  214,  389,  518,  799,  537,  558,  586,   85,  547,  222,  403,  692,  642,  362,  956,  482,  393,  321,  385,  469,  940,  639,  828,  547,  507,  421,  898,  133,  833,  354,  583,  531,  432,  862,  899,  868,  447,  343,  989,  456,  627,  885,  599],
        [  670,    0,  163,  284,  322,  432,  444,  383,  712,    0,  721,  242,  441,  740,  595,  714,  248,  435,  163,  474,  392,  539,  364,  110,  711,  453,  469,  680,  660,  323,  125,  366,  971,  461,  808,  454,  506,  558,   97,  761,  213,  822,  482,  309,  366,  193,  675,  858,  248,  323,  487,  667,  312,  247,  719,  819,  772,  452,   90,   87,  740,  346,  352,  758,  774,  691,  823,  265,   94,  966,  170,  818,  694,  947,  532,  443,  234,  689,  759,  578,  232,  320,  441,  341,  358,  614,  505,  478,  182,  279,  423,  220,  735,  619,  554,  725,  182,  280,  156,  620,  240,  600,  780,  585,  575,   86,  200,  407],
        [  272,    0,  610,  471,  870,  524,  279,  490,  726,  721,    0,  481,  726,  905,  371,   26,  767,  783,  569,  273,  596,  200,  358,  829,  508,  334,  745,  400,  826,  993,  844,  967,  478,  889,  658,  303,  277,  288,  774,  713,  514, 1119,  880,  927,  595,  597,   59,  605,  667,  763,  499,  340,  590,  506,  668,  521, 1070,  805,  776,  673,  642,  492,  763,  755,  392,  523,  445,  794,  798,  470,  720,  242,  645,  435,  546,  404,  905,   85, 1039,  407,  660,  637,  502,  562,  840,  352,  217,  353,  719,  797,  405,  727,  848,  216,  910,  164,  634,  640,  771,  293,  961, 1012,  453,  446,  278,  677,  734,  981],
        [  445,    0,  150,  128,  468,  297,  203,  268,  651,  242,  481,    0,  455,  743,  393,  475,  364,  483,   91,  250,  345,  297,  123,  351,  571,  255,  485,  481,  654,  540,  364,  546,  779,  556,  700,  219,  273,  358,  297,  682,   37,  887,  563,  496,  323,  152,  437,  722,  289,  402,  374,  454,  276,  122,  634,  666,  834,  506,  308,  196,  641,  191,  419,  696,  592,  560,  648,  391,  318,  773,  290,  600,  606,  750,  434,  281,  448,  454,  812,  386,  273,  316,  333,  279,  470,  406,  265,  264,  295,  400,  258,  291,  716,  385,  623,  500,  217,  290,  306,  399,  481,  700,  614,  405,  373,  214,  289,  576],
        [  833,    0,  530,  343,  249,  751,  529,  244,  296,  441,  726,  455,    0,  302,  820,  706,  219,   65,  469,  471,  133,  635,  491,  463,  405,  399,   31,  906,  220,  440,  512,  343,  728,  174,  435,  616,  667,  446,  536,  356,  467,  435,  157,  341,  144,  554,  667,  518,  196,  142,  239,  865,  180,  335,  328,  517,  382,   83,  392,  496,  364,  646,  114,  338,  541,  377,  563,  223,  520,  726,  275,  681,  312,  722,  222,  323,  396,  653,  358,  823,  213,  140,  226,  187,  182,  827,  562,  693,  264,  212,  326,  647,  295,  754,  187,  632,  274,  174,  596,  801,  574,  286,  511,  849,  460,  360,  631,  327],
        [ 1070,    0,  830,  621,  490, 1038,  774,  494,  200,  740,  905,  743,  302,    0, 1080,  881,  504,  310,  768,  694,  399,  867,  755,  751,  437,  620,  273, 1161,   90,  669,  801,  551,  732,  336,  355,  873,  918,  622,  834,  250,  760,  235,  303,  575,  421,  853,  849,  462,  497,  424,  424, 1113,  470,  622,  271,  509,  200,  297,  685,  798,  314,  933,  394,  200,  598,  411,  589,  499,  816,  734,  572,  782,  283,  745,  366,  542,  655,  822,  166, 1089,  515,  438,  444,  465,  421, 1082,  791,  958,  560,  485,  555,  949,   69,  988,  240,  771,  576,  474,  896, 1047,  845,  300,  542, 1118,  629,  661,  932,  513],
        [  122,    0,  437,  480,  861,  212,  308,  588,  942,  595,  371,  393,  820, 1080,    0,  388,  756,  859,  440,  399,  693,  238,  330,  700,  777,  468,  848,   89,  991,  916,  693,  936,  838,  942,  929,  208,  164,  510,  601,  951,  402, 1254,  946,  883,  678,  410,  377,  907,  677,  791,  661,   79,  643,  496,  902,  829, 1200,  882,  678,  517,  891,  255,  805,  981,  712,  780,  771,  783,  635,  830,  681,  604,  874,  796,  723,  542,  824,  420, 1175,   40,  662,  690,  637,  633,  860,   27,  308,  130,  687,  792,  527,  492, 1038,  156, 1000,  508,  609,  671,  567,   80,  803, 1085,  762,   76,  513,  597,  508,  967],
        [  293,    0,  608,  458,  855,  533,  273,  471,  701,  714,   26,  475,  706,  881,  388,    0,  752,  764,  564,  258,  577,  203,  352,  821,  483,  316,  724,  421,  802,  981,  837,  952,  457,  870,  632,  306,  285,  265,  770,  687,  509, 1096,  860,  913,  577,  596,   42,  579,  652,  746,  477,  360,  573,  495,  643,  496, 1047,  786,  767,  669,  616,  496,  746,  729,  367,  498,  420,  779,  792,  449,  707,  221,  619,  414,  522,  384,  893,   60, 1016,  423,  645,  620,  481,  545,  823,  369,  210,  362,  706,  782,  386,  728,  824,  232,  889,  139,  621,  624,  769,  311,  954,  991,  428,  462,  255,  668,  734,  965],
        [  800,    0,  378,  303,  108,  636,  514,  300,  512,  248,  767,  364,  219,  504,  756,  752,    0,  195,  336,  495,  238,  624,  449,  248,  580,  440,  242,  844,  430,  252,  298,  201,  885,  215,  640,  571,  626,  525,  335,  570,  358,  574,  234,  166,  219,  407,  711,  712,  101,   81,  367,  816,  191,  273,  538,  694,  524,  209,  182,  322,  568,  535,  111,  556,  688,  555,  723,   28,  314,  882,   84,  788,  517,  872,  386,  389,  187,  710,  511,  748,  108,  158,  330,  227,  114,  769,  565,  627,   75,   37,  378,  467,  508,  732,  306,  715,  148,  135,  401,  758,  356,  357,  674,  765,  542,  185,  448,  218],
        [  879,    0,  541,  379,  200,  776,  576,  297,  340,  435,  783,  483,   65,  310,  859,  764,  195,    0,  485,  523,  188,  683,  531,  442,  468,  453,   66,  946,  238,  391,  492,  287,  791,  111,  488,  657,  710,  506,  526,  404,  490,  406,   97,  292,  192,  567,  725,  576,  203,  115,  302,  907,  217,  366,  380,  578,  353,   24,  376,  499,  419,  671,   85,  380,  605,  439,  626,  191,  507,  789,  266,  745,  366,  786,  286,  380,  357,  712,  334,  859,  221,  170,  285,  232,  129,  867,  612,  730,  254,  178,  381,  649,  316,  801,  142,  693,  284,  194,  590,  844,  542,  232,  574,  883,  520,  360,  631,  267],
        [  509,    0,   71,  187,  434,  301,  292,  322,  696,  163,  569,   91,  469,  768,  440,  564,  336,  485,    0,  340,  378,  380,  212,  272,  641,  338,  499,  526,  680,  477,  278,  500,  864,  543,  761,  292,  344,  443,  207,  734,   56,  890,  556,  446,  353,   87,  526,  792,  283,  390,  432,  508,  299,  164,  688,  741,  837,  507,  240,  106,  699,  201,  412,  742,  674,  627,  728,  361,  230,  859,  254,  689,  660,  836,  488,  353,  385,  544,  819,  426,  265,  330,  387,  313,  448,  457,  354,  318,  262,  372,  331,  213,  747,  457,  622,  590,  202,  296,  217,  460,  396,  688,  692,  437,  459,  160,  207,  534],
        [  377,    0,  398,  203,  598,  435,   99,  227,  544,  474,  273,  250,  471,  694,  399,  258,  495,  523,  340,    0,  338,  174,  144,  576,  387,   75,  493,  474,  607,  725,  598,  695,  537,  625,  536,  203,  236,  127,  542,  553,  287,  888,  619,  656,  332,  395,  217,  528,  395,  493,  270,  422,  321,  240,  503,  457,  836,  546,  517,  443,  493,  354,  495,  583,  362,  386,  421,  522,  559,  530,  451,  350,  476,  505,  330,  154,  638,  221,  807,  417,  388,  369,  256,  295,  570,  397,   97,  295,  449,  525,  146,  536,  647,  295,  657,  252,  364,  369,  556,  356,  713,  754,  396,  452,  137,  418,  535,  709],
        [  701,    0,  444,  223,  314,  640,  398,  112,  323,  392,  596,  345,  133,  399,  693,  577,  238,  188,  378,  338,    0,  502,  364,  445,  344,  266,  158,  778,  310,  488,  489,  416,  649,  294,  420,  487,  537,  322,  489,  369,  364,  561,  284,  396,   27,  464,  538,  481,  158,  192,  133,  735,   82,  224,  328,  458,  508,  210,  371,  428,  350,  535,  181,  370,  454,  320,  487,  256,  482,  646,  254,  571,  303,  638,  151,  193,  423,  526,  483,  698,  169,   83,  103,   66,  263,  698,  429,  567,  244,  251,  194,  576,  372,  622,  320,  512,  211,  118,  540,  670,  574,  418,  437,  726,  337,  307,  562,  414],
        [  204,    0,  415,  322,  731,  338,  111,  392,  715,  539,  200,  297,  635,  867,  238,  203,  624,  683,  380,  174,  502,    0,  181,  648,  540,  248,  659,  305,  780,  831,  658,  821,  617,  780,  693,  104,   90,  273,  583,  720,  326, 1058,  777,  775,  493,  400,  174,  669,  530,  638,  444,  250,  471,  352,  671,  592, 1006,  707,  603,  482,  657,  294,  645,  752,  477,  544,  537,  652,  608,  610,  565,  392,  644,  578,  503,  327,  740,  209,  978,  264,  519,  520,  428,  452,  714,  231,   77,  168,  566,  658,  316,  528,  820,  122,  821,  289,  481,  512,  575,  184,  775,  915,  525,  302,  276,  506,  536,  842],
        [  353,    0,  262,  154,  556,  307,   80,  262,  633,  364,  358,  123,  491,  755,  330,  352,  449,  531,  212,  144,  364,  181,    0,  472,  511,  177,  518,  416,  666,  651,  486,  643,  680,  619,  652,  126,  180,  266,  418,  653,  157,  924,  621,  597,  348,  256,  314,  657,  360,  471,  347,  377,  315,  177,  603,  592,  871,  555,  424,  317,  601,  217,  482,  675,  503,  505,  561,  477,  440,  673,  386,  486,  575,  647,  411,  233,  560,  333,  846,  335,  347,  363,  316,  304,  545,  337,  142,  204,  388,  484,  213,  395,  717,  283,  672,  384,  303,  348,  423,  315,  603,  760,  534,  364,  278,  326,  397,  667],
        [  778,    0,  264,  380,  286,  526,  551,  459,  751,  110,  829,  351,  463,  751,  700,  821,  248,  442,  272,  576,  445,  648,  472,    0,  781,  549,  488,  784,  677,  230,   51,  300, 1057,  442,  864,  563,  615,  653,  123,  806,  323,  801,  468,  243,  420,  292,  781,  924,  289,  328,  556,  773,  372,  342,  768,  892,  753,  455,   75,  184,  794,  447,  359,  796,  858,  759,  904,  254,   88, 1052,  194,  916,  745, 1036,  593,  530,  151,  794,  745,  680,  277,  365,  512,  405,  340,  720,  613,  585,  205,  268,  511,  277,  755,  728,  542,  826,  247,  328,  190,  728,  139,  569,  859,  685,  670,  163,  254,  347],
        [  729,    0,  711,  454,  645,  816,  485,  329,  239,  711,  508,  571,  405,  437,  777,  483,  580,  468,  641,  387,  344,  540,  511,  781,    0,  334,  404,  843,  378,  828,  821,  744,  325,  572,  154,  590,  617,  268,  803,  209,  604,  670,  546,  733,  366,  721,  460,  151,  499,  525,  225,  786,  410,  482,  171,  115,  628,  480,  706,  723,  136,  726,  505,  256,  161,   30,  163,  596,  804,  324,  594,  348,  155,  326,  195,  291,  766,  424,  594,  799,  508,  426,  270,  376,  583,  771,  470,  681,  585,  590,  314,  854,  371,  648,  539,  355,  535,  459,  842,  722,  913,  642,  112,  836,  265,  628,  846,  732],
        [  451,    0,  403,  171,  541,  482,  161,  157,  474,  453,  334,  255,  399,  620,  468,  316,  440,  453,  338,   75,  266,  248,  177,  549,  334,    0,  420,  545,  533,  679,  577,  639,  527,  557,  478,  266,  304,  107,  531,  487,  291,  813,  549,  604,  263,  406,  276,  481,  339,  431,  196,  495,  258,  208,  437,  418,  761,  476,  485,  436,  430,  393,  430,  514,  338,  330,  394,  466,  543,  521,  405,  367,  409,  499,  257,   79,  595,  271,  733,  483,  334,  304,  182,  229,  507,  467,  172,  357,  402,  468,   73,  546,  574,  369,  585,  281,  321,  310,  553,  428,  687,  684,  362,  517,  123,  388,  542,  651],
        [  858,    0,  560,  371,  263,  781,  555,  268,  278,  469,  745,  485,   31,  273,  848,  724,  242,   66,  499,  493,  158,  659,  518,  488,  404,  420,    0,  933,  192,  454,  538,  352,  728,  169,  423,  642,  693,  463,  564,  340,  497,  407,  146,  355,  170,  584,  686,  510,  225,  163,  252,  891,  210,  364,  315,  514,  354,   76,  419,  526,  353,  675,  134,  318,  545,  375,  564,  244,  547,  727,  303,  692,  301,  725,  229,  344,  416,  671,  330,  851,  243,  170,  244,  215,  193,  854,  586,  721,  291,  232,  348,  677,  268,  779,  166,  646,  304,  204,  625,  827,  596,  268,  512,  877,  476,  389,  660,  333],
        [  129,    0,  520,  567,  949,  278,  387,  671, 1017,  680,  400,  481,  906, 1161,   89,  421,  844,  946,  526,  474,  778,  305,  416,  784,  843,  545,  933,    0, 1072, 1001,  774, 1023,  877, 1030,  996,  291,  243,  577,  682, 1024,  490, 1338, 1034,  971,  763,  493,  419,  967,  765,  879,  739,   62,  730,  584,  975,  887, 1285,  969,  764,  600,  961,  337,  892, 1055,  766,  848,  824,  871,  717,  869,  769,  641,  947,  834,  801,  621,  910,  462, 1260,  104,  750,  777,  717,  719,  949,   80,  379,  218,  775,  880,  607,  564, 1117,  199, 1087,  551,  697,  758,  644,  122,  883, 1172,  819,  112,  579,  684,  582, 1055],
        [  983,    0,  744,  532,  430,  949,  686,  404,  158,  660,  826,  654,  220,   90,  991,  802,  430,  238,  680,  607,  310,  780,  666,  677,  378,  533,  192, 1072,    0,  616,  727,  501,  689,  287,  325,  784,  830,  540,  755,  221,  672,  297,  254,  518,  332,  766,  769,  430,  414,  350,  338, 1025,  382,  533,  225,  463,  252,  229,  609,  714,  270,  844,  319,  178,  538,  350,  537,  428,  738,  690,  494,  716,  229,  698,  283,  455,  592,  744,  219, 1000,  432,  352,  355,  375,  359,  993,  704,  869,  482,  415,  467,  865,   79,  901,  206,  698,  491,  389,  815,  959,  779,  292,  488, 1029,  548,  579,  849,  469],
        [  983,    0,  485,  523,  192,  752,  725,  549,  731,  323,  993,  540,  440,  669,  916,  981,  252,  391,  477,  725,  488,  831,  651,  230,  828,  679,  454, 1001,  616,    0,  261,  122, 1137,  333,  874,  759,  813,  771,  351,  793,  520,  655,  367,  100,  470,  515,  940,  954,  348,  305,  619,  985,  441,  488,  767,  942,  615,  392,  238,  407,  803,  668,  329,  770,  939,  801,  974,  233,  315, 1133,  275, 1036,  751, 1123,  634,  635,   92,  944,  616,  899,  348,  409,  581,  477,  262,  933,  782,  794,  277,  238,  623,  504,  694,  925,  432,  958,  361,  385,  415,  935,  221,  419,  924,  907,  788,  327,  481,  169],
        [  777,    0,  258,  407,  334,  510,  566,  496,  798,  125,  844,  364,  512,  801,  693,  837,  298,  492,  278,  598,  489,  658,  486,   51,  821,  577,  538,  774,  727,  261,    0,  342, 1091,  491,  908,  569,  619,  681,   95,  852,  332,  850,  518,  287,  464,  283,  798,  965,  334,  378,  596,  767,  414,  369,  814,  931,  803,  505,  121,  180,  838,  438,  408,  843,  893,  800,  940,  304,   59, 1086,  241,  942,  790, 1068,  636,  563,  192,  813,  795,  670,  321,  410,  551,  446,  390,  713,  628,  583,  252,  318,  543,  245,  804,  731,  591,  849,  286,  372,  155,  726,  118,  617,  896,  672,  698,  195,  222,  390],
        [  990,    0,  524,  501,  102,  793,  711,  495,  625,  366,  967,  546,  343,  551,  936,  952,  201,  287,  500,  695,  416,  821,  643,  300,  744,  639,  352, 1023,  501,  122,  342,    0, 1061,  216,  775,  761,  816,  722,  420,  689,  534,  535,  249,   58,  403,  554,  911,  861,  301,  224,  548, 1000,  386,  469,  667,  857,  494,  284,  276,  452,  705,  699,  240,  662,  867,  716,  897,  174,  387, 1058,  258,  982,  652, 1051,  553,  585,  151,  909,  494,  924,  308,  346,  516,  420,  162,  951,  764,  809,  255,  172,  576,  572,  578,  924,  312,  912,  340,  331,  488,  945,  331,  299,  845,  937,  738,  340,  550,   50],
        [  749,    0,  929,  690,  960,  949,  621,  601,  536,  971,  478,  779,  728,  732,  838,  457,  885,  791,  864,  537,  649,  617,  680, 1057,  325,  527,  728,  877,  689, 1137, 1091, 1061,    0,  896,  381,  705,  707,  422, 1054,  483,  816,  966,  871, 1045,  667,  929,  461,  276,  795,  838,  519,  816,  701,  726,  466,  226,  931,  804,  986,  962,  421,  884,  821,  534,  200,  355,  165,  905, 1064,    9,  884,  237,  462,   45,  509,  529, 1067,  419,  897,  871,  799,  728,  558,  665,  902,  822,  575,  785,  877,  900,  549, 1069,  664,  684,  863,  331,  812,  755, 1080,  764, 1194,  965,  217,  910,  407,  897, 1067, 1052],
        [  971,    0,  591,  466,  161,  842,  671,  400,  419,  461,  889,  556,  174,  336,  942,  870,  215,  111,  543,  625,  294,  780,  619,  442,  572,  557,  169, 1030,  287,  333,  491,  216,  896,    0,  578,  745,  799,  615,  544,  485,  558,  362,   34,  240,  294,  619,  831,  671,  268,  155,  412,  995,  309,  447,  469,  680,  313,   93,  387,  537,  510,  738,  138,  453,  713,  542,  732,  197,  518,  895,  298,  855,  459,  893,  395,  486,  326,  820,  304,  940,  284,  260,  394,  331,  104,  952,  711,  813,  288,  183,  485,  681,  363,  896,  103,  803,  344,  273,  611,  933,  518,  146,  680,  961,  629,  399,  661,  182],
        [  883,    0,  832,  576,  684,  959,  633,  440,  168,  808,  658,  700,  435,  355,  929,  632,  640,  488,  761,  536,  420,  693,  652,  864,  154,  478,  423,  996,  325,  874,  908,  775,  381,  578,    0,  738,  768,  420,  904,  106,  730,  588,  547,  775,  445,  845,  611,  108,  576,  572,  330,  939,  497,  598,  109,  166,  554,  494,  789,  833,   72,  865,  546,  156,  283,  150,  254,  650,  900,  383,  671,  476,  124,  398,  278,  424,  825,  574,  520,  950,  588,  499,  375,  468,  615,  923,  622,  830,  661,  641,  446,  972,  287,  802,  520,  499,  627,  537,  950,  875,  990,  614,  219,  986,  418,  724,  962,  753],
        [  230,    0,  319,  280,  677,  245,  106,  381,  738,  454,  303,  219,  616,  873,  208,  306,  571,  657,  292,  203,  487,  104,  126,  563,  590,  266,  642,  291,  784,  759,  569,  761,  705,  745,  738,    0,   56,  325,  489,  752,  242, 1048,  747,  712,  473,  302,  276,  729,  484,  596,  455,  251,  441,  301,  703,  656,  995,  680,  525,  390,  694,  191,  608,  779,  550,  589,  610,  598,  517,  698,  503,  487,  674,  668,  519,  337,  667,  309,  969,  218,  470,  489,  430,  429,  669,  212,  131,   92,  506,  606,  321,  426,  832,  167,  798,  382,  423,  473,  477,  189,  685,  886,  592,  251,  333,  432,  434,  787],
        [  174,    0,  366,  334,  733,  250,  145,  430,  778,  506,  277,  273,  667,  918,  164,  285,  626,  710,  344,  236,  537,   90,  180,  615,  617,  304,  693,  243,  830,  813,  619,  816,  707,  799,  768,   56,    0,  350,  536,  788,  295, 1098,  800,  767,  524,  346,  260,  751,  539,  651,  498,  199,  494,  356,  739,  675, 1045,  733,  579,  439,  728,  219,  662,  817,  564,  619,  624,  654,  566,  700,  559,  482,  711,  668,  560,  379,  721,  298, 1019,  183,  526,  542,  475,  480,  724,  164,  148,   79,  562,  662,  364,  463,  875,  114,  850,  379,  479,  528,  520,  135,  735,  939,  610,  219,  355,  487,  473,  843],
        [  468,    0,  507,  275,  621,  560,  224,  227,  452,  558,  288,  358,  446,  622,  510,  265,  525,  506,  443,  127,  322,  273,  266,  653,  268,  107,  463,  577,  540,  771,  681,  722,  422,  615,  420,  325,  350,    0,  637,  450,  395,  832,  602,  691,  327,  509,  230,  404,  425,  504,  213,  522,  336,  313,  402,  332,  783,  527,  586,  542,  385,  479,  499,  486,  238,  271,  296,  550,  649,  416,  500,  267,  376,  393,  259,  137,  690,  209,  752,  532,  423,  378,  222,  303,  579,  504,  203,  416,  495,  550,  149,  649,  567,  386,  627,  192,  418,  391,  659,  457,  791,  730,  270,  569,   18,  491,  646,  728],
        [  689,    0,  171,  365,  395,  415,  498,  474,  809,   97,  774,  297,  536,  834,  601,  770,  335,  526,  207,  542,  489,  583,  418,  123,  803,  531,  564,  682,  755,  351,   95,  420, 1054,  544,  904,  489,  536,  637,    0,  857,  262,  905,  567,  363,  463,  194,  732,  951,  344,  413,  581,  677,  409,  330,  816,  910,  856,  542,  158,  102,  836,  347,  442,  854,  859,  784,  910,  348,   38, 1049,  262,  891,  791, 1029,  627,  529,  273,  750,  845,  578,  328,  417,  535,  436,  440,  623,  560,  495,  274,  363,  508,  154,  830,  648,  640,  794,  279,  377,   69,  638,  203,  678,  869,  579,  653,  182,  131,  466],
        [  917,    0,  803,  555,  602,  958,  647,  415,   67,  761,  713,  682,  356,  250,  951,  687,  570,  404,  734,  553,  369,  720,  653,  806,  209,  487,  340, 1024,  221,  793,  852,  689,  483,  485,  106,  752,  788,  450,  857,    0,  709,  484,  453,  694,  396,  820,  661,  213,  518,  497,  310,  970,  450,  572,   50,  261,  450,  406,  732,  795,   73,  859,  470,   52,  362,  190,  344,  578,  850,  484,  612,  554,   79,  497,  248,  421,  752,  628,  416,  969,  532,  443,  350,  426,  532,  948,  645,  843,  601,  567,  440,  940,  183,  835,  420,  562,  579,  482,  909,  904,  925,  511,  302, 1003,  452,  675,  928,  664],
        [  463,    0,  113,  155,  460,  286,  237,  295,  675,  213,  514,   37,  467,  760,  402,  509,  358,  490,   56,  287,  364,  326,  157,  323,  604,  291,  497,  490,  672,  520,  332,  534,  816,  558,  730,  242,  295,  395,  262,  709,    0,  896,  567,  482,  340,  118,  471,  755,  292,  404,  402,  468,  290,  141,  662,  700,  843,  513,  285,  161,  669,  182,  423,  721,  628,  592,  683,  384,  284,  810,  280,  636,  634,  787,  462,  314,  428,  489,  822,  392,  274,  327,  360,  298,  467,  418,  299,  277,  286,  395,  291,  255,  735,  408,  630,  537,  215,  298,  269,  416,  449,  703,  649,  408,  410,  196,  252,  565],
        [ 1260,    0,  944,  777,  516, 1181,  957,  669,  435,  822, 1119,  887,  435,  235, 1254, 1096,  574,  406,  890,  888,  561, 1058,  924,  801,  670,  813,  407, 1338,  297,  655,  850,  535,  966,  362,  588, 1048, 1098,  832,  905,  484,  896,    0,  341,  578,  576,  971, 1062,  695,  608,  505,  624, 1296,  614,  768,  505,  744,   54,  384,  748,  895,  549, 1076,  480,  433,  831,  643,  823,  558,  879,  968,  656, 1012,  516,  980,  574,  734,  673, 1039,   81, 1257,  626,  571,  632,  621,  465, 1259,  983, 1127,  645,  544,  743, 1041,  303, 1179,  270,  994,  688,  599,  973, 1230,  863,  237,  776, 1283,  842,  756, 1021,  487],
        [  970,    0,  606,  468,  190,  852,  669,  392,  388,  482,  880,  563,  157,  303,  946,  860,  234,   97,  556,  619,  284,  777,  621,  468,  546,  549,  146, 1034,  254,  367,  518,  249,  871,   34,  547,  747,  800,  602,  567,  453,  567,  341,    0,  272,  287,  634,  821,  642,  276,  166,  395,  997,  307,  451,  439,  653,  290,   75,  410,  555,  481,  748,  145,  421,  690,  517,  708,  219,  543,  870,  316,  837,  429,  869,  374,  476,  356,  808,  279,  945,  293,  259,  381,  326,  129,  955,  707,  817,  305,  205,  476,  701,  330,  894,   74,  788,  354,  276,  634,  934,  548,  139,  656,  967,  616,  416,  681,  216],
        [  940,    0,  468,  459,   92,  737,  667,  466,  631,  309,  927,  496,  341,  575,  883,  913,  166,  292,  446,  656,  396,  775,  597,  243,  733,  604,  355,  971,  518,  100,  287,   58, 1045,  240,  775,  712,  767,  691,  363,  694,  482,  578,  272,    0,  380,  498,  872,  856,  266,  209,  528,  949,  356,  425,  668,  847,  535,  293,  219,  395,  704,  644,  231,  671,  849,  706,  882,  143,  330, 1042,  211,  954,  652, 1033,  539,  554,   98,  873,  533,  871,  270,  321,  493,  392,  163,  899,  721,  758,  210,  145,  543,  515,  597,  877,  341,  881,  296,  301,  432,  895,  285,  342,  831,  882,  708,  287,  493,  104],
        [  690,    0,  419,  204,  301,  619,  387,  106,  350,  366,  595,  323,  144,  421,  678,  577,  219,  192,  353,  332,   27,  493,  348,  420,  366,  263,  170,  763,  332,  470,  464,  403,  667,  294,  445,  473,  524,  327,  463,  396,  340,  576,  287,  380,    0,  439,  537,  505,  134,  180,  149,  722,   56,  202,  354,  480,  523,  215,  346,  402,  376,  513,  173,  396,  470,  342,  505,  238,  456,  664,  230,  581,  329,  654,  174,  194,  402,  527,  498,  682,  144,   61,  114,   46,  254,  684,  421,  551,  220,  235,  191,  550,  396,  612,  328,  517,  184,   94,  514,  658,  550,  423,  456,  708,  342,  281,  536,  404],
        [  496,    0,   31,  269,  498,  240,  330,  407,  783,  193,  597,  152,  554,  853,  410,  596,  407,  567,   87,  395,  464,  400,  256,  292,  721,  406,  584,  493,  766,  515,  283,  554,  929,  619,  845,  302,  346,  509,  194,  820,  118,  971,  634,  498,  439,    0,  561,  872,  365,  468,  515,  484,  386,  249,  773,  817,  918,  588,  281,  109,  783,  156,  491,  828,  744,  708,  799,  430,  227,  923,  324,  742,  745,  899,  573,  431,  426,  584,  901,  389,  346,  416,  472,  400,  521,  431,  390,  302,  333,  443,  408,  141,  834,  457,  701,  640,  284,  381,  175,  444,  396,  763,  765,  394,  523,  223,  141,  593],
        [  292,    0,  572,  417,  814,  510,  235,  431,  672,  675,   59,  437,  667,  849,  377,   42,  711,  725,  526,  217,  538,  174,  314,  781,  460,  276,  686,  419,  769,  940,  798,  911,  461,  831,  611,  276,  260,  230,  732,  661,  471, 1062,  821,  872,  537,  561,    0,  564,  611,  706,  441,  358,  533,  454,  616,  481, 1012,  747,  727,  631,  591,  467,  705,  702,  354,  473,  410,  738,  754,  453,  666,  227,  592,  419,  488,  345,  852,   44,  981,  411,  604,  580,  443,  504,  783,  361,  172,  339,  665,  741,  346,  694,  793,  224,  852,  133,  580,  583,  733,  304,  915,  953,  413,  450,  221,  627,  699,  924],
        [  848,    0,  862,  605,  766,  961,  626,  478,  272,  858,  605,  722,  518,  462,  907,  579,  712,  576,  792,  528,  481,  669,  657,  924,  151,  481,  510,  967,  430,  954,  965,  861,  276,  671,  108,  729,  751,  404,  951,  213,  755,  695,  642,  856,  505,  872,  564,    0,  638,  649,  371,  909,  552,  632,  208,   85,  661,  584,  849,  873,  163,  873,  626,  263,  214,  167,  170,  725,  951,  279,  734,  400,  213,  297,  331,  442,  899,  524,  628,  932,  648,  563,  417,  520,  699,  898,  604,  819,  724,  718,  464, 1005,  394,  770,  620,  442,  680,  598,  992,  847, 1054,  716,  152,  970,  397,  775,  997,  843],
        [  712,    0,  339,  209,  204,  577,  420,  201,  467,  248,  667,  289,  196,  497,  677,  652,  101,  203,  283,  395,  158,  530,  360,  289,  499,  339,  225,  765,  414,  348,  334,  301,  795,  268,  576,  484,  539,  425,  344,  518,  292,  608,  276,  266,  134,  365,  611,  638,    0,  114,  279,  732,   94,  183,  480,  613,  555,  224,  214,  301,  505,  473,  131,  512,  596,  476,  635,  128,  333,  791,   96,  689,  457,  779,  308,  289,  273,  609,  537,  673,   19,   77,  238,  131,  186,  688,  468,  547,   86,  131,  278,  452,  488,  641,  339,  615,   81,   41,  403,  672,  416,  412,  587,  693,  442,  166,  436,  315],
        [  824,    0,  440,  319,  123,  688,  528,  279,  437,  323,  763,  402,  142,  424,  791,  746,   81,  115,  390,  493,  192,  638,  471,  328,  525,  431,  163,  879,  350,  305,  378,  224,  838,  155,  572,  596,  651,  504,  413,  497,  404,  505,  166,  209,  180,  468,  706,  649,  114,    0,  324,  846,  173,  296,  467,  638,  453,  130,  262,  391,  500,  584,   31,  480,  644,  498,  675,   81,  393,  836,  154,  760,  448,  828,  331,  369,  255,  700,  438,  787,  130,  128,  293,  204,   77,  801,  573,  661,  143,   71,  363,  540,  428,  751,  235,  695,  190,  126,  478,  785,  433,  300,  624,  807,  520,  252,  521,  224],
        [  647,    0,  502,  248,  446,  649,  354,  110,  286,  487,  499,  374,  239,  424,  661,  477,  367,  302,  432,  270,  133,  444,  347,  556,  225,  196,  252,  739,  338,  619,  596,  548,  519,  412,  330,  455,  498,  213,  581,  310,  402,  624,  395,  528,  149,  515,  441,  371,  279,  324,    0,  690,  187,  268,  262,  336,  573,  321,  482,  505,  268,  550,  311,  329,  322,  205,  357,  387,  581,  515,  372,  444,  233,  506,   64,  119,  550,  422,  543,  673,  285,  210,   47,  152,  393,  661,  367,  544,  363,  383,  136,  642,  378,  564,  416,  394,  311,  239,  623,  624,  690,  519,  308,  705,  225,  404,  633,  545],
        [   68,    0,  510,  530,  921,  290,  340,  627,  965,  667,  340,  454,  865, 1113,   79,  360,  816,  907,  508,  422,  735,  250,  377,  773,  786,  495,  891,   62, 1025,  985,  767, 1000,  816,  995,  939,  251,  199,  522,  677,  970,  468, 1296,  997,  949,  722,  484,  358,  909,  732,  846,  690,    0,  691,  550,  921,  828, 1243,  931,  748,  590,  906,  330,  858, 1002,  706,  792,  764,  843,  710,  808,  744,  580,  894,  773,  751,  572,  893,  401, 1217,  113,  718,  739,  670,  678,  917,   55,  326,  192,  748,  852,  559,  569, 1068,  139, 1048,  490,  668,  723,  644,   67,  879, 1136,  760,  138,  522,  663,  585, 1029],
        [  664,    0,  365,  164,  285,  572,  362,  110,  405,  312,  590,  276,  180,  470,  643,  573,  191,  217,  299,  321,   82,  471,  315,  372,  410,  258,  210,  730,  382,  441,  414,  386,  701,  309,  497,  441,  494,  336,  409,  450,  290,  614,  307,  356,   56,  386,  533,  552,   94,  173,  187,  691,    0,  155,  408,  523,  561,  240,  297,  347,  428,  467,  175,  451,  503,  388,  542,  215,  403,  697,  185,  598,  383,  685,  223,  200,  367,  528,  538,  645,   99,   49,  145,   37,  250,  651,  403,  515,  177,  214,  191,  495,  448,  588,  358,  527,  131,   56,  459,  628,  504,  446,  494,  669,  353,  227,  481,  394],
        [  530,    0,  234,   39,  380,  418,  242,  159,  536,  247,  506,  122,  335,  622,  496,  495,  273,  366,  164,  240,  224,  352,  177,  342,  482,  208,  364,  584,  533,  488,  369,  469,  726,  447,  598,  301,  356,  313,  330,  572,  141,  768,  451,  425,  202,  249,  454,  632,  183,  296,  268,  550,  155,    0,  525,  585,  715,  389,  279,  242,  535,  312,  309,  581,  530,  466,  580,  301,  339,  720,  216,  575,  497,  701,  325,  200,  399,  460,  693,  495,  170,  198,  224,  159,  369,  506,  297,  367,  216,  308,  179,  375,  596,  459,  507,  485,  130,  175,  362,  489,  480,  589,  540,  517,  329,  180,  366,  491],
        [  869,    0,  757,  508,  577,  909,  598,  368,   71,  719,  668,  634,  328,  271,  902,  643,  538,  380,  688,  503,  328,  671,  603,  768,  171,  437,  315,  975,  225,  767,  814,  667,  466,  469,  109,  703,  739,  402,  816,   50,  662,  505,  439,  668,  354,  773,  616,  208,  480,  467,  262,  921,  408,  525,    0,  241,  467,  385,  694,  751,   46,  810,  441,   87,  329,  149,  318,  547,  809,  467,  575,  518,   29,  476,  201,  371,  722,  583,  433,  919,  493,  404,  303,  383,  508,  899,  596,  794,  564,  537,  391,  895,  203,  787,  413,  520,  538,  443,  866,  855,  890,  509,  272,  953,  404,  634,  883,  645],
        [  767,    0,  809,  555,  759,  892,  555,  437,  311,  819,  521,  666,  517,  509,  829,  496,  694,  578,  741,  457,  458,  592,  592,  892,  115,  418,  514,  887,  463,  942,  931,  857,  226,  680,  166,  656,  675,  332,  910,  261,  700,  744,  653,  847,  480,  817,  481,   85,  613,  638,  336,  828,  523,  585,  241,    0,  706,  589,  818,  827,  196,  808,  618,  313,  130,  141,   89,  711,  913,  227,  707,  317,  236,  237,  309,  388,  881,  440,  672,  855,  621,  540,  381,  488,  695,  819,  529,  745,  698,  704,  411,  953,  441,  689,  640,  358,  646,  573,  946,  767, 1026,  741,   69,  893,  324,  738,  947,  843],
        [ 1207,    0,  891,  724,  469, 1128,  905,  617,  396,  772, 1070,  834,  382,  200, 1200, 1047,  524,  353,  837,  836,  508, 1006,  871,  753,  628,  761,  354, 1285,  252,  615,  803,  494,  931,  313,  554,  995, 1045,  783,  856,  450,  843,   54,  290,  535,  523,  918, 1012,  661,  555,  453,  573, 1243,  561,  715,  467,  706,    0,  331,  699,  843,  511, 1023,  428,  399,  789,  601,  784,  508,  831,  932,  605,  968,  476,  943,  525,  683,  629,  990,   35, 1204,  573,  518,  580,  568,  416, 1206,  931, 1074,  594,  494,  691,  990,  268, 1127,  219,  947,  636,  546,  923, 1178,  820,  196,  736, 1230,  793,  704,  971,  447],
