{
    "name": "random-76-18617",
    "comment": "size=76 seed=18617",
    "nodes": ["+0", "-0", "+1", "-1", "+2", "-2", "+3", "-3", "+4", "-4", "+5", "-5", "+6", "-6", "+7", "-7", "+8", "-8", "+9", "-9", "+10", "-10", "+11", "-11", "+12", "-12", "+13", "-13", "+14", "-14", "+15", "-15", "+16", "-16", "+17", "-17", "+18", "-18", "+19", "-19", "+20", "-20", "+21", "-21", "+22", "-22", "+23", "-23", "+24", "-24", "+25", "-25", "+26", "-26", "+27", "-27", "+28", "-28", "+29", "-29", "+30", "-30", "+31", "-31", "+32", "-32", "+33", "-33", "+34", "-34", "+35", "-35", "+36", "-36", "+37", "-37", "+38", "-38", "+39", "-39", "+40", "-40", "+41", "-41", "+42", "-42", "+43", "-43", "+44", "-44", "+45", "-45", "+46", "-46", "+47", "-47", "+48", "-48", "+49", "-49", "+50", "-50", "+51", "-51", "+52", "-52", "+53", "-53", "+54", "-54", "+55", "-55", "+56", "-56", "+57", "-57", "+58", "-58", "+59", "-59", "+60", "-60", "+61", "-61", "+62", "-62", "+63", "-63", "+64", "-64", "+65", "-65", "+66", "-66", "+67", "-67", "+68", "-68", "+69", "-69", "+70", "-70", "+71", "-71", "+72", "-72", "+73", "-73", "+74", "-74", "+75", "-75", "+76", "-76"],
    "precedence": {
        "+0": "-0",
        "+1": "-1",
        "+2": "-2",
        "+3": "-3",
        "+4": "-4",
        "+5": "-5",
        "+6": "-6",
        "+7": "-7",
        "+8": "-8",
        "+9": "-9",
        "+10": "-10",
        "+11": "-11",
        "+12": "-12",
        "+13": "-13",
        "+14": "-14",
        "+15": "-15",
        "+16": "-16",
        "+17": "-17",
        "+18": "-18",
        "+19": "-19",
        "+20": "-20",
        "+21": "-21",
        "+22": "-22",
        "+23": "-23",
        "+24": "-24",
        "+25": "-25",
        "+26": "-26",
        "+27": "-27",
        "+28": "-28",
        "+29": "-29",
        "+30": "-30",
        "+31": "-31",
        "+32": "-32",
        "+33": "-33",
        "+34": "-34",
        "+35": "-35",
        "+36": "-36",
        "+37": "-37",
        "+38": "-38",
        "+39": "-39",
        "+40": "-40",
        "+41": "-41",
        "+42": "-42",
        "+43": "-43",
        "+44": "-44",
        "+45": "-45",
        "+46": "-46",
        "+47": "-47",
        "+48": "-48",
        "+49": "-49",
        "+50": "-50",
        "+51": "-51",
        "+52": "-52",
        "+53": "-53",
        "+54": "-54",
        "+55": "-55",
        "+56": "-56",
        "+57": "-57",
        "+58": "-58",
        "+59": "-59",
        "+60": "-60",
        "+61": "-61",
        "+62": "-62",
        "+63": "-63",
        "+64": "-64",
        "+65": "-65",
        "+66": "-66",
        "+67": "-67",
        "+68": "-68",
        "+69": "-69",
        "+70": "-70",
        "+71": "-71",
        "+72": "-72",
        "+73": "-73",
        "+74": "-74",
        "+75": "-75",
        "+76": "-76"
    },
    "edges": [
        [    0,    0,  137,  429,  865,  416,  460,  861,  928,   86,  603,  620,  800,  529,  816,  885,  426,  387,  604,  949,  837,  831,  522,  787,  738,  376,  706, 1029,  322,  208,  747,  711,  849,  390,  933,  766,  627,  507,  206,  723,  911,  924,  305, 1094,  939,  556, 1067,  547,  802,  199,  359,  295,  529,  945,  551,   73,  952,  285,  863,  490, 1042,  506,  705,  862,  924,  797,  900,  510,  199,  277, 1021,   50,  830,  697,  605,  436,  527,  224,  884,  923,  339,  308,  761,  785,  537,  613,  912,  506,  599,  472,  747,  941,  810,  625,  461,  647,  565,  770,   23,  878,  866,  366,  903, 1020,  673, 1131,  712, 1038,  266,  228,  603,  431,  496, 1009,  665,  669,  444,  672,  797,  333,  737, 1044,  288,   91,  261,  563,  243,  727,  839,  750, 1000,  215,   27,  358,  715,   86,  801,  209,   82,  638,  446,  896,  284,  818,  419,  853,  345,  472,  331,  935,  569,  564,  502,  882],
        [    0,    0,    0,    0,    0,    0,    0,    0,    0,    0,    0,    0,    0,    0,    0,    0,    0,    0,    0,    0,    0,    0,    0,    0,    0,    0,    0,    0,    0,    0,    0,    0,    0,    0,    0,    0,    0,    0,    0,    0,    0,    0,    0,    0,    0,    0,    0,    0,    0,    0,    0,    0,    0,    0,    0,    0,    0,    0,    0,    0,    0,    0,    0,    0,    0,    0,    0,    0,    0,    0,    0,    0,    0,    0,    0,    0,    0,    0,    0,    0,    0,    0,    0,    0,    0,    0,    0,    0,    0,    0,    0,    0,    0,    0,    0,    0,    0,    0,    0,    0,    0,    0,    0,    0,    0,    0,    0,    0,    0,    0,    0,    0,    0,    0,    0,    0,    0,    0,    0,    0,    0,    0,    0,    0,    0,    0,    0,    0,    0,    0,    0,    0,    0,    0,    0,    0,    0,    0,    0,    0,    0,    0,    0,    0,    0,    0,    0,    0,    0,    0,    0,    0,    0,    0],
        [  137,    0,    0,  447,  728,  444,  459,  747,  817,  155,  483,  485,  677,  535,  768,  782,  295,  269,  586,  844,  780,  700,  387,  650,  612,  291,  658,  924,  353,  331,  627,  586,  761,  421,  916,  689,  494,  397,  150,  587,  833,  802,  178,  982,  821,  498,  948,  470,  666,   63,  224,  173,  426,  814,  472,  166,  859,  161,  729,  369,  930,  384,  666,  777,  800,  678,  774,  405,   91,  287,  906,  129,  782,  565,  588,  319,  392,  360,  825,  795,  385,  172,  664,  648,  477,  491,  779,  469,  586,  337,  612,  926,  674,  495,  348,  511,  452,  634,  127,  779,  771,  230,  775,  893,  582, 1015,  581,  926,  161,  306,  490,  462,  484,  902,  540,  554,  401,  556,  672,  220,  630,  933,  158,  213,  125,  428,  221,  680,  757,  620,  892,  323,  111,  260,  591,  194,  766,  119,   59,  543,  319,  764,  299,  737,  304,  716,  334,  339,  280,  862,  449,  443,  514,  803],
        [  429,    0,  447,    0,  935,   33,   68,  726,  770,  514,  565,  790,  729,  105,  458,  696,  521,  683,  209,  763,  499,  814,  715,  887,  967,  315,  364,  833,  109,  368,  666,  674,  605,   50,  517,  498,  685,  813,  308,  873,  625,  830,  587,  921,  821,  288,  939,  346,  920,  464,  590,  592,  433,  919,  356,  357,  712,  579,  882,  764,  875,  774,  340,  604,  848,  704,  838,  431,  390,  160,  872,  475,  469,  894,  207,  728,  702,  477,  543,  877,  112,  536,  566,  861,  282,  581,  901,  192,  195,  664,  792,  522,  932,  842,  760,  801,  855,  913,  410,  674,  646,  569,  855,  951,  477,  980,  909,  872,  371,  238,  524,   45,  116,  823,  636,  580,  195,  589,  746,  399,  595,  878,  562,  377,  476,  655,  231,  376,  573,  744,  822,  312,  433,  357,  672,  357,  416,  358,  451,  471,  701,  891,  150,  556,  717,  940,  130,  559,  229,  630,  839,  543,   75,  602],
        [  865,    0,  728,  935,    0,  957,  889,  421,  471,  866,  378,  279,  307,  949,  863,  526,  453,  556,  897,  532,  824,  192,  369,   90,  352,  626,  808,  577,  915, 1040,  345,  292,  633,  948, 1102,  673,  255,  536,  729,  195,  731,  341,  587,  555,  392,  710,  454,  628,  109,  666,  518,  604,  511,  210,  617,  876,  644,  608,  110,  483,  520,  468,  852,  660,  306,  350,  274,  507,  682,  846,  476,  852,  873,  285,  902,  530,  352, 1087,  843,  244,  959,  560,  541,   81,  701,  362,  170,  786,  914,  407,  144, 1120,  114,  342,  532,  245,  494,  164,  852,  556,  586,  502,  246,  320,  564,  530,  281,  517,  638,  963,  431,  976,  869,  548,  314,  399,  747,  388,  272,  576,  455,  521,  594,  931,  605,  306,  778,  827,  673,  215,  530, 1014,  838,  595,  300,  905,  924,  690,  786,  534,  477,  158,  860,  664,  545,   38,  818,  406,  719,  777,  454,  393,  954,  711],
        [  416,    0,  444,   33,  957,    0,  101,  756,  801,  501,  590,  805,  757,  129,  489,  728,  537,  687,  238,  795,  531,  840,  728,  907,  980,  334,  396,  865,   95,  342,  694,  700,  637,   26,  540,  531,  706,  818,  311,  890,  657,  859,  591,  953,  851,  320,  970,  375,  940,  465,  598,  594,  458,  945,  386,  344,  744,  581,  906,  771,  907,  782,  371,  637,  876,  732,  866,  456,  393,  158,  903,  464,  500,  908,  237,  733,  716,  451,  575,  905,   87,  543,  598,  883,  313,  606,  927,  224,  224,  676,  814,  545,  951,  855,  765,  817,  862,  930,  398,  706,  678,  579,  882,  980,  508, 1012,  923,  904,  380,  216,  550,   21,  148,  855,  661,  608,  223,  617,  773,  413,  625,  909,  565,  359,  482,  674,  233,  408,  606,  769,  853,  287,  422,  373,  698,  341,  445,  362,  444,  500,  709,  917,  146,  589,  722,  962,  144,  576,  245,  663,  847,  566,   98,  634],
        [  460,    0,  459,   68,  889,  101,    0,  663,  705,  544,  516,  761,  671,   78,  395,  630,  493,  678,  151,  697,  434,  761,  692,  846,  944,  282,  298,  766,  157,  424,  609,  621,  537,  115,  474,  431,  644,  805,  312,  839,  557,  769,  584,  855,  759,  223,  875,  285,  881,  467,  579,  590,  382,  863,  296,  392,  644,  578,  831,  753,  809,  761,  276,  537,  788,  645,  780,  383,  392,  183,  807,  504,  407,  866,  151,  721,  677,  532,  479,  820,  173,  527,  501,  818,  219,  532,  847,  126,  142,  643,  746,  481,  893,  819,  753,  770,  844,  877,  440,  607,  579,  554,  798,  891,  413,  915,  881,  806,  361,  291,  471,  110,   49,  757,  585,  524,  143,  534,  690,  378,  533,  812,  558,  420,  470,  620,  238,  311,  505,  693,  756,  368,  461,  328,  618,  396,  358,  359,  471,  409,  688,  838,  177,  489,  711,  897,  126,  526,  209,  564,  825,  496,   68,  534],
        [  861,    0,  747,  726,  421,  756,  663,    0,   74,  902,  270,  541,  124,  695,  486,  106,  474,  723,  606,  124,  436,  230,  569,  451,  709,  500,  466,  195,  756,  971,  134,  203,  226,  759,  723,  299,  357,  778,  665,  530,  317,  120,  694,  236,   97,  442,  217,  382,  494,  696,  627,  713,  337,  264,  372,  836,  224,  709,  314,  708,  183,  700,  515,  251,  153,   90,  166,  354,  665,  709,  161,  872,  492,  617,  610,  727,  540, 1052,  444,  211,  795,  633,  173,  402,  444,  266,  277,  538,  626,  566,  331,  742,  505,  634,  746,  518,  766,  532,  841,  138,  172,  593,  196,  243,  251,  272,  624,  179,  596,  855,  258,  770,  625,  167,  235,  194,  536,  192,  158,  530,  133,  186,  685,  892,  638,  418,  671,  478,  272,  241,  153,  927,  840,  505,  193,  861,  559,  652,  803,  257,  663,  279,  719,  269,  733,  452,  650,  444,  580,  362,  724,  310,  713,  301],
        [  928,    0,  817,  770,  471,  801,  705,   74,    0,  972,  343,  611,  192,  731,  487,   88,  547,  797,  634,   62,  432,  284,  642,  510,  774,  562,  483,  122,  808, 1031,  208,  276,  218,  806,  718,  311,  429,  851,  729,  595,  294,  138,  768,  166,   92,  483,  172,  431,  552,  767,  701,  786,  401,  292,  422,  901,  182,  783,  362,  781,  114,  772,  532,  240,  176,  162,  201,  419,  734,  765,  102,  941,  491,  684,  639,  801,  613, 1115,  432,  241,  846,  706,  205,  461,  488,  340,  314,  580,  655,  640,  395,  736,  563,  704,  820,  587,  837,  594,  908,  122,  160,  667,  231,  241,  294,  213,  689,  110,  664,  912,  328,  814,  665,   94,  309,  265,  585,  264,  222,  599,  192,  117,  758,  956,  710,  491,  731,  492,  267,  308,   79,  986,  908,  571,  266,  925,  564,  719,  872,  309,  737,  320,  774,  270,  807,  505,  702,  517,  638,  337,  796,  383,  751,  285],
        [   86,    0,  155,  514,  866,  501,  544,  902,  972,    0,  638,  608,  831,  613,  891,  934,  447,  352,  686,  997,  909,  851,  509,  784,  705,  434,  781, 1077,  407,  268,  782,  740,  908,  476, 1016,  830,  641,  461,  271,  711,  975,  956,  285, 1137,  975,  627, 1103,  610,  795,  212,  349,  271,  578,  964,  613,  159, 1008,  264,  875,  454, 1084,  472,  782,  922,  953,  833,  927,  557,  240,  361, 1061,   40,  905,  674,  687,  398,  519,  251,  956,  947,  425,  307,  814,  787,  607,  646,  928,  582,  681,  463,  758, 1024,  802,  600,  420,  637,  522,  758,  105,  930,  921,  365,  927, 1046,  729, 1170,  689, 1080,  311,  310,  645,  516,  578, 1056,  694,  708,  519,  711,  826,  373,  784, 1087,  274,  163,  274,  572,  319,  802,  901,  771, 1046,  287,   84,  409,  745,  168,  879,  260,  100,  692,  420,  912,  368,  880,  381,  851,  426,  490,  402, 1001,  531,  597,  587,  946],
        [  603,    0,  483,  565,  378,  590,  516,  270,  343,  638,    0,  341,  197,  573,  525,  328,  205,  463,  522,  381,  499,  254,  332,  349,  533,  274,  450,  459,  561,  737,  145,  115,  364,  585,  755,  352,  159,  534,  419,  377,  462,  321,  426,  505,  338,  334,  466,  252,  390,  429,  361,  444,  135,  364,  242,  588,  433,  440,  317,  463,  453,  459,  490,  389,  323,  196,  302,  135,  405,  500,  426,  610,  537,  440,  526,  473,  304,  807,  531,  331,  605,  363,  250,  313,  324,   17,  341,  409,  537,  316,  235,  772,  403,  429,  496,  330,  535,  402,  585,  338,  346,  326,  310,  422,  221,  533,  451,  449,  340,  635,   60,  608,  493,  434,   72,   84,  374,   81,  199,  271,  178,  456,  415,  645,  370,  185,  444,  471,  386,  180,  421,  699,  581,  261,  117,  615,  574,  397,  540,  179,  411,  329,  512,  369,  477,  390,  458,  177,  367,  504,  497,   41,  579,  434],
        [  620,    0,  485,  790,  279,  805,  761,  541,  611,  608,  341,    0,  420,  833,  862,  631,  270,  279,  815,  665,  839,  358,  100,  190,  195,  480,  777,  732,  743,  813,  415,  342,  696,  791, 1085,  692,  192,  264,  527,  103,  796,  518,  324,  743,  561,  638,  663,  560,  191,  425,  262,  338,  435,  444,  552,  645,  748,  345,  332,  206,  697,  191,  813,  722,  495,  452,  460,  420,  461,  668,  658,  600,  874,  107,  819,  251,   96,  843,  871,  454,  786,  315,  584,  212,  622,  331,  401,  687,  827,  149,  232, 1101,  196,   94,  254,   34,  234,  151,  612,  651,  668,  258,  443,  552,  561,  740,  121,  693,  438,  759,  398,  825,  755,  703,  324,  411,  630,  403,  392,  393,  502,  699,  336,  697,  371,  160,  591,  800,  723,  306,  686,  796,  594,  435,  353,  675,  904,  479,  539,  518,  201,  384,  683,  707,  266,  255,  662,  237,  561,  840,  191,  326,  829,  770],
        [  800,    0,  677,  729,  307,  757,  671,  124,  192,  831,  197,  420,    0,  716,  566,  225,  389,  620,  642,  247,  523,  118,  455,  329,  585,  463,  524,  312,  741,  931,   63,   95,  326,  755,  806,  374,  241,  664,  615,  407,  425,  125,  601,  332,  152,  461,  275,  387,  372,  621,  531,  620,  305,  195,  376,  785,  345,  618,  206,  595,  282,  585,  572,  354,  127,   43,  110,  315,  602,  685,  247,  805,  575,  494,  647,  618,  426, 1003,  539,  149,  783,  545,  240,  280,  458,  187,  189,  552,  661,  458,  208,  824,  384,  513,  636,  396,  648,  409,  781,  253,  281,  499,  127,  229,  284,  347,  500,  278,  536,  825,  213,  773,  640,  283,  138,  150,  534,  142,   36,  468,  160,  285,  595,  842,  560,  308,  635,  541,  368,  118,  266,  892,  777,  455,   88,  812,  633,  594,  735,  269,  555,  185,  696,  360,  626,  336,  635,  352,  552,  471,  606,  236,  729,  405],
        [  529,    0,  535,  105,  949,  129,   78,  695,  731,  613,  573,  833,  716,    0,  369,  652,  565,  756,  118,  717,  416,  812,  766,  910, 1017,  354,  286,  781,  213,  471,  654,  674,  548,  153,  413,  440,  708,  883,  389,  908,  554,  806,  662,  874,  792,  256,  903,  330,  946,  545,  656,  668,  439,  910,  341,  459,  651,  655,  886,  830,  831,  838,  254,  543,  828,  686,  823,  442,  469,  254,  832,  574,  379,  938,  115,  798,  750,  580,  458,  865,  215,  605,  528,  880,  258,  589,  897,  166,  100,  718,  805,  418,  959,  893,  830,  840,  921,  945,  509,  626,  595,  631,  843,  930,  445,  937,  953,  828,  438,  343,  524,  126,   81,  775,  640,  573,  206,  582,  737,  453,  570,  833,  636,  481,  548,  688,  315,  294,  511,  748,  776,  415,  531,  402,  670,  460,  319,  436,  545,  449,  765,  888,  246,  496,  789,  959,  203,  597,  286,  554,  901,  557,   33,  533],
        [  816,    0,  768,  458,  863,  489,  395,  486,  487,  891,  525,  862,  566,  369,    0,  400,  643,  903,  252,  448,   60,  683,  833,  860, 1056,  487,  111,  488,  549,  816,  520,  575,  269,  507,  241,  193,  683, 1010,  623,  901,  221,  605,  827,  586,  571,  272,  649,  323,  903,  749,  790,  840,  434,  746,  327,  757,  343,  830,  770,  943,  555,  944,  119,  250,  638,  525,  648,  454,  680,  553,  573,  852,   15,  964,  255,  932,  808,  922,   92,  694,  567,  758,  327,  817,  293,  538,  752,  312,  269,  800,  735,  259,  916,  946,  962,  854, 1027,  923,  794,  365,  327,  755,  676,  724,  307,  658,  976,  554,  619,  683,  466,  491,  347,  493,  565,  473,  373,  482,  599,  590,  409,  557,  805,  796,  721,  702,  574,   90,  221,  650,  500,  761,  809,  533,  566,  769,   80,  650,  801,  346,  880,  750,  553,  219,  929,  886,  478,  650,  491,  203,  995,  536,  400,  214],
        [  885,    0,  782,  696,  526,  728,  630,  106,   88,  934,  328,  631,  225,  652,  400,    0,  528,  790,  552,   68,  346,  335,  648,  553,  805,  512,  397,  146,  741,  974,  216,  289,  132,  734,  632,  225,  441,  856,  682,  628,  214,  214,  751,  226,  173,  409,  256,  365,  597,  735,  687,  769,  357,  365,  357,  852,  121,  764,  419,  785,  179,  778,  446,  155,  250,  185,  268,  378,  695,  704,  182,  901,  405,  713,  557,  799,  619, 1062,  348,  312,  777,  685,  133,  505,  416,  329,  381,  505,  573,  639,  431,  651,  608,  724,  821,  610,  849,  633,  864,   36,   74,  652,  298,  326,  226,  285,  720,  177,  624,  851,  298,  740,  588,  130,  312,  245,  517,  248,  260,  562,  154,  182,  738,  906,  682,  496,  676,  406,  180,  340,  126,  926,  866,  527,  278,  875,  477,  677,  834,  250,  736,  384,  711,  183,  804,  557,  637,  505,  581,  259,  809,  365,  673,  202],
        [  426,    0,  295,  521,  453,  537,  493,  474,  547,  447,  205,  270,  389,  565,  643,  528,    0,  272,  556,  584,  633,  406,  204,  386,  453,  212,  546,  662,  479,  590,  345,  296,  544,  523,  848,  504,  204,  367,  278,  354,  634,  513,  223,  708,  537,  392,  663,  322,  412,  235,  162,  241,  214,  520,  317,  427,  626,  236,  438,  300,  656,  301,  574,  566,  508,  396,  481,  192,  233,  406,  628,  423,  657,  374,  560,  293,  185,  643,  672,  501,  522,  159,  433,  373,  373,  209,  486,  425,  566,  161,  324,  863,  423,  330,  321,  281,  386,  396,  411,  534,  537,  126,  481,  600,  374,  733,  389,  652,  186,  512,  233,  557,  489,  638,  251,  285,  365,  285,  381,  128,  375,  659,  211,  484,  173,  148,  332,  570,  555,  325,  625,  562,  401,  166,  302,  456,  672,  238,  354,  328,  238,  471,  420,  536,  292,  448,  394,   48,  293,  672,  356,  165,  560,  604],
        [  387,    0,  269,  683,  556,  687,  678,  723,  797,  352,  463,  279,  620,  756,  903,  790,  272,    0,  778,  840,  898,  596,  188,  467,  354,  428,  800,  917,  604,  593,  590,  526,  814,  667, 1092,  774,  385,  131,  377,  378,  905,  737,   97,  950,  771,  639,  888,  580,  468,  227,  114,   98,  483,  699,  577,  432,  893,  110,  593,  104,  900,  121,  822,  837,  723,  638,  690,  460,  296,  532,  866,  353,  917,  327,  781,   50,  210,  599,  939,  696,  641,  153,  703,  483,  619,  462,  657,  648,  783,  165,  479, 1105,  473,  252,   79,  312,  183,  424,  385,  800,  804,  149,  681,  798,  645,  964,  341,  896,  318,  575,  501,  707,  690,  890,  489,  546,  579,  543,  601,  320,  640,  902,  123,  474,  208,  314,  455,  824,  827,  525,  876,  590,  361,  378,  535,  459,  922,  326,  308,  599,   79,  640,  545,  808,   35,  533,  557,  287,  472,  943,  183,  428,  741,  876],
        [  604,    0,  586,  209,  897,  238,  151,  606,  634,  686,  522,  815,  642,  118,  252,  552,  556,  778,    0,  615,  298,  745,  759,  869, 1006,  353,  171,  675,  308,  574,  582,  611,  440,  258,  331,  333,  669,  900,  436,  880,  439,  721,  689,  770,  701,  188,  806,  270,  907,  584,  670,  698,  393,  836,  281,  538,  541,  686,  824,  841,  728,  846,  136,  433,  746,  608,  744,  402,  509,  328,  734,  646,  263,  921,    6,  816,  740,  682,  341,  788,  320,  625,  434,  834,  198,  537,  828,  132,   22,  715,  755,  341,  920,  884,  848,  817,  931,  912,  583,  524,  490,  641,  767,  845,  360,  835,  935,  726,  464,  442,  467,  239,  109,  671,  584,  506,  199,  516,  666,  461,  488,  731,  664,  569,  575,  661,  370,  177,  401,  688,  673,  518,  602,  404,  606,  545,  208,  476,  606,  374,  776,  820,  324,  387,  809,  911,  260,  580,  312,  437,  907,  513,  148,  420],
        [  949,    0,  844,  763,  532,  795,  697,  124,   62,  997,  381,  665,  247,  717,  448,   68,  584,  840,  615,    0,  391,  344,  690,  570,  831,  578,  456,   81,  809, 1041,  255,  325,  182,  802,  673,  284,  479,  899,  747,  653,  244,  199,  806,  159,  150,  476,  202,  433,  612,  796,  741,  824,  421,  352,  425,  918,  125,  819,  423,  829,  114,  821,  504,  199,  236,  214,  262,  441,  758,  771,  126,  965,  451,  741,  619,  846,  661, 1129,  386,  302,  845,  741,  201,  521,  484,  379,  375,  572,  636,  686,  453,  691,  623,  758,  867,  642,  889,  653,  929,   91,  126,  706,  292,  294,  294,  221,  746,  112,  687,  919,  357,  807,  654,   62,  355,  299,  585,  300,  280,  624,  214,  117,  794,  972,  741,  539,  743,  462,  229,  364,   59,  994,  931,  592,  315,  941,  526,  741,  897,  317,  783,  381,  779,  235,  852,  565,  705,  557,  648,  284,  848,  419,  739,  239],
        [  837,    0,  780,  499,  824,  531,  434,  436,  432,  909,  499,  839,  523,  416,   60,  346,  633,  898,  298,  391,    0,  640,  817,  826, 1032,  493,  138,  429,  585,  851,  480,  539,  214,  548,  288,  152,  656, 1000,  640,  872,  161,  554,  827,  527,  518,  284,  592,  321,  869,  757,  785,  841,  421,  698,  323,  781,  284,  831,  727,  932,  497,  932,  163,  193,  588,  480,  600,  442,  691,  582,  516,  871,   61,  939,  301,  925,  790,  955,   47,  645,  606,  757,  284,  781,  304,  511,  705,  339,  317,  787,  699,  307,  882,  925,  953,  829, 1014,  892,  815,  311,  272,  750,  628,  670,  279,  599,  950,  496,  627,  717,  441,  534,  386,  434,  533,  440,  394,  449,  556,  592,  369,  499,  806,  823,  724,  680,  596,  124,  166,  612,  442,  796,  828,  536,  529,  795,  140,  662,  817,  322,  870,  704,  583,  167,  923,  848,  506,  636,  508,  145,  980,  515,  446,  155],
        [  831,    0,  700,  814,  192,  840,  761,  230,  284,  851,  254,  358,  118,  812,  683,  335,  406,  596,  745,  344,  640,    0,  416,  228,  499,  527,  637,  396,  814,  981,  167,  141,  444,  836,  923,  491,  216,  617,  663,  320,  541,  165,  597,  390,  213,  561,  305,  483,  269,  641,  524,  615,  382,  115,  472,  826,  454,  616,   88,  553,  348,  541,  684,  471,  138,  161,  103,  386,  635,  753,  306,  829,  692,  413,  750,  586,  390, 1044,  657,  100,  858,  550,  357,  180,  556,  239,   88,  647,  764,  433,  127,  941,  280,  446,  598,  329,  592,  313,  815,  365,  396,  498,   86,  202,  394,  383,  416,  344,  577,  885,  291,  858,  734,  367,  182,  241,  620,  231,   85,  508,  275,  350,  595,  883,  578,  288,  695,  655,  485,   82,  349,  947,  806,  509,  143,  854,  749,  633,  759,  373,  524,   77,  765,  478,  596,  223,  711,  362,  620,  587,  549,  285,  822,  522],
        [  522,    0,  387,  715,  369,  728,  692,  569,  642,  509,  332,  100,  455,  766,  833,  648,  204,  188,  759,  690,  817,  416,    0,  282,  253,  413,  741,  763,  660,  716,  436,  367,  696,  712, 1046,  677,  214,  210,  438,  202,  793,  565,  225,  785,  603,  592,  715,  518,  288,  328,  164,  240,  399,  514,  512,  549,  760,  246,  406,  140,  737,  132,  773,  721,  547,  480,  513,  380,  369,  585,  700,  500,  846,  184,  763,  171,   30,  744,  852,  515,  702,  218,  582,  295,  574,  327,  472,  629,  769,   54,  294, 1061,  294,  128,  183,  129,  203,  250,  514,  663,  675,  163,  501,  616,  543,  792,  200,  733,  353,  667,  384,  748,  691,  735,  337,  412,  567,  406,  432,  316,  507,  739,  237,  600,  276,  153,  507,  765,  717,  350,  719,  701,  495,  364,  377,  578,  867,  388,  440,  498,  111,  455,  599,  700,  183,  349,  586,  185,  487,  835,  166,  307,  759,  765],
        [  787,    0,  650,  887,   90,  907,  846,  451,  510,  784,  349,  190,  329,  910,  860,  553,  386,  467,  869,  570,  826,  228,  282,    0,  277,  574,  794,  624,  859,  968,  352,  288,  648,  897, 1096,  674,  203,  446,  663,  108,  748,  391,  503,  613,  440,  682,  519,  599,   44,  588,  435,  519,  477,  281,  589,  802,  673,  524,  168,  394,  574,  378,  837,  675,  360,  370,  325,  470,  610,  788,  531,  772,  871,  200,  873,  440,  267, 1010,  849,  305,  903,  480,  547,   49,  671,  334,  238,  751,  884,  322,  127, 1113,   57,  254,  442,  156,  406,   87,  775,  581,  607,  422,  301,  392,  555,  597,  199,  570,  571,  898,  407,  927,  830,  594,  297,  388,  706,  378,  294,  513,  460,  575,  511,  857,  528,  239,  716,  815,  684,  218,  576,  945,  760,  539,  297,  832,  916,  620,  707,  520,  389,  223,  802,  673,  455,   68,  766,  341,  666,  794,  365,  356,  912,  726],
        [  738,    0,  612,  967,  352,  980,  944,  709,  774,  705,  533,  195,  585, 1017, 1056,  805,  453,  354, 1006,  831, 1032,  499,  253,  277,    0,  664,  972,  891,  910,  942,  591,  519,  881,  963, 1279,  884,  378,  261,  685,  180,  982,  663,  435,  887,  711,  831,  795,  754,  245,  558,  395,  443,  630,  557,  746,  777,  924,  454,  444,  251,  847,  234, 1007,  908,  634,  621,  599,  614,  611,  835,  805,  707, 1068,   94, 1010,  307,  268,  953, 1062,  581,  951,  453,  771,  322,  815,  522,  514,  876, 1017,  304,  379, 1295,  239,  126,  289,  203,  200,  192,  734,  828,  849,  406,  576,  668,  753,  873,   86,  843,  603,  907,  591, 1000,  941,  862,  509,  599,  817,  591,  552,  569,  687,  848,  455,  823,  516,  355,  756,  995,  911,  468,  844,  934,  711,  616,  530,  805, 1098,  634,  657,  711,  294,  499,  849,  896,  325,  316,  838,  426,  739, 1026,  177,  520, 1011,  956],
        [  376,    0,  291,  315,  626,  334,  282,  500,  562,  434,  274,  480,  463,  354,  487,  512,  212,  428,  353,  578,  493,  527,  413,  574,  664,    0,  380,  657,  291,  472,  403,  389,  475,  324,  664,  399,  374,  547,  170,  559,  543,  580,  344,  728,  586,  216,  714,  179,  607,  264,  319,  356,  163,  638,  181,  341,  577,  345,  584,  488,  676,  494,  397,  489,  589,  450,  571,  149,  201,  227,  659,  398,  502,  585,  357,  465,  396,  553,  538,  604,  335,  277,  386,  551,  196,  289,  614,  222,  361,  366,  485,  677,  618,  540,  496,  489,  578,  598,  354,  504,  491,  289,  582,  691,  298,  771,  600,  672,  134,  363,  251,  353,  279,  639,  346,  317,  156,  323,  471,  109,  370,  679,  321,  395,  235,  341,  174,  403,  468,  450,  631,  430,  360,   51,  390,  364,  498,  175,  335,  264,  423,  601,  239,  447,  458,  630,  193,  245,   94,  571,  554,  243,  349,  513],
        [  706,    0,  658,  364,  808,  396,  298,  466,  483,  781,  450,  777,  524,  286,  111,  397,  546,  800,  171,  456,  138,  637,  741,  794,  972,  380,    0,  511,  447,  714,  471,  516,  277,  412,  308,  173,  607,  910,  513,  825,  268,  585,  722,  607,  558,  164,  653,  224,  836,  640,  687,  734,  344,  714,  230,  648,  373,  724,  722,  845,  569,  847,   50,  267,  614,  486,  618,  361,  571,  447,  578,  742,  125,  882,  175,  831,  717,  819,  184,  663,  469,  653,  294,  754,  185,  463,  713,  203,  191,  705,  672,  324,  849,  858,  861,  773,  931,  851,  684,  366,  330,  653,  643,  708,  244,  675,  894,  567,  511,  580,  390,  401,  249,  509,  498,  410,  263,  420,  554,  484,  365,  571,  699,  688,  614,  618,  464,   25,  234,  593,  513,  659,  699,  426,  508,  661,  127,  540,  690,  275,  781,  708,  447,  223,  827,  827,  371,  557,  380,  269,  900,  455,  314,  250],
        [ 1029,    0,  924,  833,  577,  865,  766,  195,  122, 1077,  459,  732,  312,  781,  488,  146,  662,  917,  675,   81,  429,  396,  763,  624,  891,  657,  511,    0,  883, 1119,  328,  397,  235,  873,  701,  343,  550,  972,  827,  712,  271,  237,  884,   99,  186,  547,  181,  509,  664,  876,  818,  902,  501,  383,  501,  997,  146,  898,  468,  902,   78,  894,  557,  245,  272,  284,  303,  521,  838,  847,  115, 1045,  489,  802,  679,  921,  734, 1208,  416,  337,  918,  820,  276,  575,  556,  456,  413,  642,  696,  760,  513,  719,  675,  824,  940,  707,  959,  708, 1009,  160,  187,  784,  332,  304,  370,  172,  807,   79,  767,  995,  436,  876,  722,   30,  429,  378,  658,  378,  341,  705,  294,   79,  873, 1051,  821,  612,  821,  514,  278,  427,   48, 1071, 1011,  672,  387, 1020,  568,  821,  977,  396,  857,  421,  855,  289,  927,  612,  780,  635,  726,  304,  917,  497,  804,  275],
        [  322,    0,  353,  109,  915,   95,  157,  756,  808,  407,  561,  743,  741,  213,  549,  741,  479,  604,  308,  809,  585,  814,  660,  859,  910,  291,  447,  883,    0,  268,  679,  675,  663,   70,  625,  562,  661,  735,  229,  832,  697,  851,  508,  966,  849,  340,  972,  377,  889,  379,  521,  509,  437,  924,  387,  250,  772,  496,  874,  692,  917,  703,  431,  667,  865,  721,  851,  429,  310,   76,  909,  369,  561,  842,  307,  652,  650,  375,  630,  886,   45,  464,  609,  838,  328,  576,  902,  253,  297,  607,  775,  631,  900,  785,  683,  758,  782,  874,  303,  723,  699,  505,  864,  968,  516, 1020,  858,  914,  308,  135,  529,  111,  203,  870,  633,  592,  225,  600,  753,  351,  623,  920,  482,  269,  402,  622,  154,  463,  638,  739,  866,  213,  328,  321,  674,  249,  515,  281,  350,  500,  631,  890,   61,  619,  639,  917,  107,  521,  197,  708,  770,  533,  184,  671],
        [  208,    0,  331,  368, 1040,  342,  424,  971, 1031,  268,  737,  813,  931,  471,  816,  974,  590,  593,  574, 1041,  851,  981,  716,  968,  942,  472,  714, 1119,  268,    0,  873,  851,  912,  319,  881,  816,  793,  714,  319,  914,  955, 1051,  508, 1195, 1058,  593, 1185,  612,  988,  389,  554,  500,  635, 1096,  619,  168, 1020,  489, 1025,  695, 1144,  711,  698,  919, 1058,  920, 1038,  620,  359,  276, 1130,  249,  829,  896,  573,  642,  718,  110,  897, 1067,  257,  499,  843,  960,  578,  749, 1066,  515,  562,  665,  913,  885,  997,  826,  668,  837,  773,  961,  209,  960,  941,  556, 1045, 1158,  750, 1241,  912, 1140,  407,  134,  722,  349,  470, 1103,  805,  788,  473,  794,  935,  474,  840, 1147,  488,  120,  444,  735,  300,  730,  892,  901, 1097,   56,  233,  476,  853,  139,  781,  352,  286,  725,  649, 1052,  272,  872,  626, 1033,  350,  637,  394,  970,  775,  701,  439,  929],
        [  747,    0,  627,  666,  345,  694,  609,  134,  208,  782,  145,  415,   63,  654,  520,  216,  345,  590,  582,  255,  480,  167,  436,  352,  591,  403,  471,  328,  679,  873,    0,   73,  296,  693,  759,  329,  226,  645,  558,  417,  397,  179,  563,  364,  194,  400,  322,  325,  396,  573,  495,  582,  243,  256,  314,  729,  334,  579,  252,  575,  313,  567,  518,  324,  187,   52,  173,  254,  549,  624,  283,  754,  529,  499,  587,  593,  407,  947,  500,  212,  721,  503,  197,  305,  397,  137,  246,  490,  601,  432,  226,  777,  409,  508,  613,  394,  635,  426,  728,  237,  258,  462,  190,  290,  228,  389,  506,  309,  482,  764,  152,  710,  578,  301,  101,   88,  472,   80,   85,  414,  111,  315,  555,  786,  513,  285,  576,  488,  333,  135,  286,  832,  725,  398,   62,  755,  583,  539,  684,  209,  530,  240,  635,  322,  600,  370,  573,  312,  491,  443,  594,  185,  667,  374],
        [  711,    0,  586,  674,  292,  700,  621,  203,  276,  740,  115,  342,   95,  674,  575,  289,  296,  526,  611,  325,  539,  141,  367,  288,  519,  389,  516,  397,  675,  851,   73,    0,  365,  696,  812,  387,  155,  576,  532,  346,  466,  218,  507,  424,  246,  425,  369,  345,  331,  529,  437,  525,  242,  250,  334,  700,  407,  524,  213,  506,  374,  498,  561,  392,  214,  114,  189,  246,  513,  615,  341,  714,  585,  426,  616,  527,  338,  919,  562,  217,  718,  451,  260,  243,  418,  102,  228,  509,  629,  366,  161,  830,  344,  436,  545,  322,  564,  358,  694,  310,  330,  405,  195,  310,  272,  441,  434,  370,  450,  750,  151,  717,  595,  369,   47,  107,  480,   97,   87,  382,  173,  376,  501,  757,  467,  216,  559,  535,  399,   78,  353,  814,  688,  375,   11,  727,  633,  508,  644,  243,  463,  217,  627,  387,  534,  313,  571,  257,  481,  512,  523,  151,  682,  442],
        [  849,    0,  761,  605,  633,  637,  537,  226,  218,  908,  364,  696,  326,  548,  269,  132,  544,  814,  440,  182,  214,  444,  696,  648,  881,  475,  277,  235,  663,  912,  296,  365,    0,  647,  501,  108,  505,  896,  643,  710,  102,  342,  761,  331,  304,  324,  382,  305,  692,  723,  705,  778,  342,  489,  299,  807,  109,  771,  530,  825,  293,  822,  323,   28,  376,  284,  391,  365,  671,  637,  306,  872,  273,  788,  445,  831,  667, 1008,  219,  436,  696,  692,  114,  601,  337,  370,  501,  416,  461,  677,  522,  520,  704,  787,  856,  680,  898,  722,  827,   97,   59,  669,  420,  457,  180,  400,  797,  292,  601,  783,  316,  647,  492,  233,  373,  286,  442,  293,  362,  547,  195,  296,  745,  857,  676,  547,  623,  282,   49,  430,  237,  861,  834,  502,  355,  827,  346,  648,  809,  222,  770,  501,  642,   55,  833,  661,  565,  531,  527,  147,  860,  392,  572,   79],
        [  390,    0,  421,   50,  948,   26,  115,  759,  806,  476,  585,  791,  755,  153,  507,  734,  523,  667,  258,  802,  548,  836,  712,  897,  963,  324,  412,  873,   70,  319,  693,  696,  647,    0,  564,  542,  697,  797,  290,  877,  671,  860,  570,  960,  854,  327,  973,  378,  929,  444,  579,  573,  455,  943,  388,  318,  754,  560,  901,  752,  913,  763,  389,  648,  876,  732,  865,  451,  372,  136,  908,  438,  519,  892,  257,  713,  701,  428,  592,  903,   63,  523,  603,  874,  319,  600,  924,  232,  245,  660,  806,  569,  940,  838,  745,  804,  842,  918,  372,  713,  686,  561,  881,  980,  512, 1017,  908,  910,  362,  191,  547,   42,  163,  862,  656,  606,  224,  615,  770,  398,  627,  915,  545,  334,  462,  662,  213,  424,  617,  764,  860,  263,  397,  361,  694,  316,  466,  342,  419,  503,  690,  913,  123,  600,  701,  953,  132,  563,  233,  678,  828,  560,  122,  647],
        [  933,    0,  916,  517, 1102,  540,  474,  723,  718, 1016,  755, 1085,  806,  413,  241,  632,  848, 1092,  331,  673,  288,  923, 1046, 1096, 1279,  664,  308,  701,  625,  881,  759,  812,  501,  564,    0,  433,  913, 1208,  766, 1132,  432,  842, 1008,  798,  805,  457,  872,  528, 1139,  911,  981, 1018,  650,  985,  535,  865,  557, 1007, 1010, 1144,  774, 1148,  274,  479,  876,  765,  887,  667,  837,  656,  797,  976,  232, 1189,  330, 1127, 1023,  990,  287,  933,  626,  941,  567, 1054,  476,  769,  991,  450,  335, 1008,  972,   19, 1152, 1164, 1158, 1080, 1232, 1156,  912,  597,  559,  949,  915,  957,  542,  872, 1202,  773,  786,  754,  695,  533,  438,  711,  800,  709,  520,  719,  839,  773,  649,  775,  984,  892,  895,  925,  701,  285,  454,  889,  721,  826,  932,  714,  804,  870,  182,  804,  937,  578, 1080,  990,  651,  455, 1121, 1125,  590,  862,  639,  398, 1204,  762,  443,  435],
        [  766,    0,  689,  498,  673,  531,  431,  299,  311,  830,  352,  692,  374,  440,  193,  225,  504,  774,  333,  284,  152,  491,  677,  674,  884,  399,  173,  343,  562,  816,  329,  387,  108,  542,  433,    0,  507,  868,  561,  722,  145,  418,  710,  438,  389,  224,  480,  221,  717,  657,  661,  726,  292,  556,  218,  720,  214,  718,  578,  798,  397,  797,  221,  107,  450,  333,  458,  314,  599,  540,  406,  793,  201,  791,  337,  796,  650,  914,  179,  504,  592,  640,  135,  629,  238,  363,  560,  311,  354,  651,  548,  451,  730,  781,  823,  681,  877,  740,  744,  194,  159,  625,  485,  540,  134,  504,  802,  395,  530,  685,  296,  540,  385,  339,  382,  289,  343,  298,  407,  484,  218,  400,  692,  768,  616,  535,  533,  182,   77,  461,  341,  763,  753,  433,  378,  738,  262,  573,  733,  180,  739,  557,  544,   59,  796,  697,  466,  500,  438,  174,  842,  371,  464,  116],
        [  627,    0,  494,  685,  255,  706,  644,  357,  429,  641,  159,  192,  241,  708,  683,  441,  204,  385,  669,  479,  656,  216,  214,  203,  378,  374,  607,  550,  661,  793,  226,  155,  505,  697,  913,  507,    0,  423,  478,  219,  606,  354,  381,  572,  390,  484,  505,  402,  240,  432,  309,  400,  277,  326,  392,  631,  557,  400,  236,  354,  523,  345,  647,  532,  339,  267,  306,  268,  437,  592,  487,  621,  695,  285,  674,  379,  186,  846,  685,  315,  705,  336,  394,  178,  471,  146,  288,  549,  684,  221,  121,  930,  252,  284,  395,  176,  410,  245,  613,  460,  476,  283,  299,  417,  378,  581,  295,  519,  387,  710,  219,  725,  628,  522,  133,  221,  503,  213,  219,  323,  311,  525,  380,  687,  369,   73,  524,  629,  533,  141,  506,  764,  602,  341,  165,  660,  732,  441,  552,  337,  316,  272,  606,  518,  388,  257,  566,  157,  466,  650,  369,  157,  710,  579],
        [  507,    0,  397,  813,  536,  818,  805,  778,  851,  461,  534,  264,  664,  883, 1010,  856,  367,  131,  900,  899, 1000,  617,  210,  446,  261,  547,  910,  972,  735,  714,  645,  576,  896,  797, 1208,  868,  423,    0,  508,  342,  991,  772,  228,  993,  811,  752,  920,  687,  435,  357,  230,  227,  580,  708,  683,  558,  965,  240,  595,   72,  945,   79,  936,  920,  751,  689,  717,  558,  426,  662,  908,  469, 1023,  266,  903,   85,  239,  711, 1039,  715,  772,  279,  782,  474,  732,  531,  664,  769,  906,  220,  492, 1222,  436,  196,   53,  297,   63,  383,  507,  869,  879,  260,  703,  814,  735,  997,  277,  941,  445,  703,  581,  837,  815,  944,  546,  616,  701,  611,  640,  439,  711,  947,  253,  596,  337,  361,  585,  934,  914,  557,  928,  715,  482,  497,  586,  583, 1035,  456,  431,  689,  130,  647,  676,  896,   96,  507,  686,  368,  598, 1031,   88,  504,  869,  962],
        [  206,    0,  150,  308,  729,  311,  312,  665,  729,  271,  419,  527,  615,  389,  623,  682,  278,  377,  436,  747,  640,  663,  438,  663,  685,  170,  513,  827,  229,  319,  558,  532,  643,  290,  766,  561,  478,  508,    0,  622,  706,  737,  281,  895,  747,  357,  876,  341,  687,  157,  293,  284,  329,  777,  345,  172,  746,  271,  707,  464,  843,  475,  518,  656,  741,  607,  720,  311,   83,  155,  825,  233,  638,  622,  438,  424,  432,  389,  686,  748,  268,  236,  556,  650,  337,  432,  747,  320,  436,  385,  597,  777,  697,  561,  455,  546,  554,  667,  185,  674,  660,  279,  727,  841,  467,  936,  638,  839,   92,  235,  409,  330,  335,  808,  487,  476,  253,  481,  618,  156,  538,  846,  255,  228,  174,  425,   78,  535,  633,  582,  800,  287,  192,  161,  535,  198,  618,   53,  178,  434,  403,  733,  169,  613,  412,  725,  187,  324,  133,  731,  542,  382,  371,  677],
