{
    "name": "random-55-28147",
    "comment": "size=55 seed=28147",
    "nodes": ["+0", "-0", "+1", "-1", "+2", "-2", "+3", "-3", "+4", "-4", "+5", "-5", "+6", "-6", "+7", "-7", "+8", "-8", "+9", "-9", "+10", "-10", "+11", "-11", "+12", "-12", "+13", "-13", "+14", "-14", "+15", "-15", "+16", "-16", "+17", "-17", "+18", "-18", "+19", "-19", "+20", "-20", "+21", "-21", "+22", "-22", "+23", "-23", "+24", "-24", "+25", "-25", "+26", "-26", "+27", "-27", "+28", "-28", "+29", "-29", "+30", "-30", "+31", "-31", "+32", "-32", "+33", "-33", "+34", "-34", "+35", "-35", "+36", "-36", "+37", "-37", "+38", "-38", "+39", "-39", "+40", "-40", "+41", "-41", "+42", "-42", "+43", "-43", "+44", "-44", "+45", "-45", "+46", "-46", "+47", "-47", "+48", "-48", "+49", "-49", "+50", "-50", "+51", "-51", "+52", "-52", "+53", "-53", "+54", "-54", "+55", "-55"],
    "precedence": {
        "+0": "-0",
        "+1": "-1",
        "+2": "-2",
        "+3": "-3",
        "+4": "-4",
        "+5": "-5",
        "+6": "-6",
        "+7": "-7",
        "+8": "-8",
        "+9": "-9",
        "+10": "-10",
        "+11": "-11",
        "+12": "-12",
        "+13": "-13",
        "+14": "-14",
        "+15": "-15",
        "+16": "-16",
        "+17": "-17",
        "+18": "-18",
        "+19": "-19",
        "+20": "-20",
        "+21": "-21",
        "+22": "-22",
        "+23": "-23",
        "+24": "-24",
        "+25": "-25",
        "+26": "-26",
        "+27": "-27",
        "+28": "-28",
        "+29": "-29",
        "+30": "-30",
        "+31": "-31",
        "+32": "-32",
        "+33": "-33",
        "+34": "-34",
        "+35": "-35",
        "+36": "-36",
        "+37": "-37",
        "+38": "-38",
        "+39": "-39",
        "+40": "-40",
        "+41": "-41",
        "+42": "-42",
        "+43": "-43",
        "+44": "-44",
        "+45": "-45",
        "+46": "-46",
        "+47": "-47",
        "+48": "-48",
        "+49": "-49",
        "+50": "-50",
        "+51": "-51",
        "+52": "-52",
        "+53": "-53",
        "+54": "-54",
        "+55": "-55"
    },
    "edges": [
        [    0,    0,  336,  363,  797,  445,  235,  750,  391,  793,  347,  278,  126,  664,  536,  211,  264,  360,  241,  189,  595,  163,   22,  480,  167,  539,  590,  244,  516,  184,  109,  322,  383,  385,  532,  435,  238,  415,  291,  273,  272,  420,   66,  626,  116,  349,  249,  150,  291,  505,  728,   62,  413,  262,  243,  439,  404,  503,  334,  386,  590,  356,  564,  526,  667,  214,  318,  665,  189,  440,  283,  367,   98,  294,  544,  212,  576,  347,  401,  360,  298,   82,  203,  419,  117,  161,  785,  603,  296,  513,  285,  575,  345,  721,  526,  272,  238,  383,  280,  231,  386,  523,  128,  711,  547,  492,  457,  473,  373,  184,  142,  432],
        [    0,    0,    0,    0,    0,    0,    0,    0,    0,    0,    0,    0,    0,    0,    0,    0,    0,    0,    0,    0,    0,    0,    0,    0,    0,    0,    0,    0,    0,    0,    0,    0,    0,    0,    0,    0,    0,    0,    0,    0,    0,    0,    0,    0,    0,    0,    0,    0,    0,    0,    0,    0,    0,    0,    0,    0,    0,    0,    0,    0,    0,    0,    0,    0,    0,    0,    0,    0,    0,    0,    0,    0,    0,    0,    0,    0,    0,    0,    0,    0,    0,    0,    0,    0,    0,    0,    0,    0,    0,    0,    0,    0,    0,    0,    0,    0,    0,    0,    0,    0,    0,    0,    0,    0,    0,    0,    0,    0,    0,    0,    0,    0],
        [  336,    0,    0,  691,  999,  409,  327,  990,  715,  990,  682,   90,  226,  884,  857,  227,   73,  623,  572,  258,  614,  195,  358,  801,  211,  443,  719,  397,  759,  493,  373,  605,  375,  339,  808,  446,  562,  718,  596,  310,  351,  210,  336,  769,  447,  584,  105,  191,  626,  823,  945,  275,  739,  440,  550,  408,  525,  546,  108,  708,  772,   29,  361,  855, 1003,  540,  403,  455,  524,  427,  286,  144,  432,   44,  820,  541,  892,  646,  735,  515,  531,  313,  278,  550,  409,  448,  990,  884,   53,  424,  541,  662,  525,  927,  475,  605,  570,  606,  357,  448,  711,  679,  417,  893,  346,  765,  766,  781,  700,  505,  234,  368],
        [  363,    0,  691,    0,  814,  627,  544,  714,  243,  818,  152,  619,  488,  679,  177,  506,  621,  223,  124,  532,  838,  500,  342,  307,  491,  855,  740,  393,  537,  204,  390,  176,  572,  603,  479,  717,  240,  125,  128,  593,  466,  778,  393,  754,  248,  459,  593,  512,  155,  333,  733,  420,  240,  495,  294,  743,  618,  748,  663,  256,  679,  707,  913,  294,  336,  152,  594, 1012,  179,  735,  613,  685,  282,  650,  489,  233,  392,  127,   63,  561,  281,  381,  537,  451,  286,  350,  799,  517,  645,  829,  405,  769,  363,  746,  824,  181,  205,  304,  469,  319,  241,  662,  281,  771,  897,  462,  340,  353,   14,  269,  500,  752],
        [  797,    0,  999,  814,    0, 1242,  673,  136,  572,   19,  663, 1000,  818,  139,  914,  998,  945, 1006,  779,  748,  520,  926,  789,  529,  944,  729,  312, 1027,  292,  851,  694,  950, 1180, 1181,  338,  604,  630,  939,  887,  691, 1068,  888,  744,  261,  789,  449,  974,  853,  676,  511,   82,  834,  579,  568,  589,  661,  479,  517, 1063,  559,  229, 1028,  895,  585,  773,  808,  599,  936,  756,  635,  718, 1106,  740,  966,  329,  657,  489,  923,  776,  485, 1010,  879,  725, 1178,  863,  638,   17,  320,  993,  721,  514,  401, 1088,   77,  661,  661,  661, 1075, 1075,  985,  575,  325,  870,  115,  889,  354,  478,  468,  825,  654,  794,  708],
        [  445,    0,  409,  627, 1242,    0,  618, 1191,  782, 1237,  706,  334,  450, 1108,  736,  256,  399,  441,  555,  542,  972,  336,  454,  871,  313,  837, 1018,  242,  959,  451,  549,  464,   63,   73,  965,  799,  649,  579,  499,  631,  180,  617,  500, 1059,  477,  793,  342,  423,  658,  899, 1172,  412,  797,  691,  672,  777,  821,  890,  302,  783, 1031,  395,  769,  894,  959,  513,  711,  862,  540,  789,  620,  276,  513,  403,  978,  620,  970,  520,  688,  787,  354,  364,  566,  236,  399,  605, 1229, 1032,  367,  815,  729,  986,  284, 1165,  856,  654,  633,  376,  174,  311,  777,  957,  396, 1153,  754,  928,  868,  884,  629,  607,  480,  747],
        [  235,    0,  327,  544,  673,  618,    0,  664,  465,  664,  468,  331,  170,  557,  720,  363,  273,  590,  426,   79,  366,  283,  246,  536,  306,  314,  407,  465,  437,  405,  157,  547,  562,  549,  498,  201,  332,  624,  506,   50,  471,  274,  174,  453,  324,  267,  307,  197,  421,  553,  618,  226,  491,  118,  295,  207,  208,  277,  393,  452,  447,  356,  378,  604,  790,  415,   94,  473,  369,  206,   76,  436,  271,  293,  509,  324,  614,  563,  564,  189,  532,  297,   55,  644,  350,  201,  664,  574,  321,  287,  239,  369,  576,  601,  294,  393,  357,  617,  480,  464,  461,  357,  361,  569,  364,  455,  486,  499,  557,  284,  139,  209],
        [  750,    0,  990,  714,  136, 1191,  664,    0,  472,  150,  566,  978,  790,  117,  799,  958,  929,  917,  695,  732,  586,  892,  738,  416,  907,  776,  369,  966,  236,  777,  654,  862, 1129, 1135,  240,  635,  556,  838,  799,  691, 1013,  905,  704,  325,  724,  412,  951,  828,  587,  395,   83,  794,  475,  550,  522,  693,  492,  562, 1042,  461,  256, 1018,  935,  464,  644,  728,  604,  988,  680,  668,  720, 1083,  680,  953,  229,  584,  364,  829,  670,  483,  932,  829,  712, 1104,  800,  589,  121,  201,  976,  764,  468,  460, 1013,  122,  709,  575,  582,  990, 1021,  916,  475,  352,  806,  196,  927,  269,  374,  362,  724,  588,  770,  738],
        [  391,    0,  715,  243,  572,  782,  465,  472,    0,  576,   94,  666,  490,  438,  359,  592,  643,  449,  237,  489,  669,  553,  371,   92,  555,  742,  531,  542,  301,  334,  347,  394,  720,  739,  236,  587,  154,  368,  332,  513,  604,  734,  379,  535,  311,  273,  637,  525,  127,  118,  490,  451,   27,  372,  172,  627,  455,  588,  724,   17,  453,  738,  840,  142,  333,  276,  477,  929,  242,  612,  540,  757,  295,  672,  246,  179,  190,  358,  206,  401,  476,  451,  482,  652,  385,  275,  556,  278,  681,  718,  247,  578,  560,  504,  695,  129,  155,  525,  609,  479,    6,  455,  387,  534,  826,  221,   99,  113,  254,  211,  487,  650],
        [  793,    0,  990,  818,   19, 1237,  664,  150,  576,    0,  667,  992,  811,  140,  921,  992,  936, 1008,  781,  739,  504,  920,  785,  536,  938,  714,  298, 1024,  292,  851,  689,  952, 1175, 1176,  343,  591,  631,  943,  889,  682, 1064,  876,  739,  246,  788,  445,  966,  846,  679,  518,   89,  829,  584,  561,  588,  648,  468,  503, 1055,  563,  219, 1018,  881,  594,  784,  809,  589,  921,  756,  622,  708, 1098,  738,  957,  334,  657,  498,  925,  781,  476, 1010,  875,  717, 1177,  861,  635,   30,  329,  984,  706,  510,  386, 1087,   75,  646,  662,  661, 1076, 1072,  983,  579,  314,  868,  101,  875,  357,  484,  474,  830,  653,  787,  695],
        [  347,    0,  682,  152,  663,  706,  468,  566,   94,  667,    0,  623,  460,  528,  287,  535,  609,  356,  153,  477,  718,  506,  325,  172,  505,  765,  600,  465,  386,  255,  329,  302,  646,  668,  328,  616,  136,  276,  240,  518,  531,  727,  351,  610,  250,  326,  595,  492,   57,  199,  582,  409,   98,  393,  180,  650,  498,  632,  677,  106,  532,  702,  846,  189,  327,  194,  498,  940,  173,  638,  542,  707,  250,  638,  339,  148,  267,  265,  124,  442,  388,  395,  475,  564,  318,  268,  648,  371,  642,  739,  282,  637,  472,  594,  725,   78,  116,  433,  536,  398,   91,  522,  317,  621,  831,  310,  193,  207,  163,  188,  463,  667],
        [  278,    0,   90,  619, 1000,  334,  331,  978,  666,  992,  623,    0,  190,  878,  780,  138,   68,  536,  503,  254,  655,  120,  299,  755,  129,  505,  736,  308,  744,  417,  337,  522,  294,  261,  782,  483,  513,  637,  517,  327,  261,  286,  293,  783,  380,  567,   30,  152,  567,  779,  941,  216,  689,  433,  509,  453,  538,  580,   64,  661,  775,   94,  441,  803,  939,  468,  417,  538,  458,  468,  309,  106,  375,   71,  794,  489,  849,  565,  666,  518,  444,  238,  277,  460,  333,  411,  990,  857,   38,  483,  517,  689,  435,  926,  528,  550,  515,  517,  267,  361,  661,  688,  340,  898,  426,  740,  726,  741,  627,  457,  209,  419],
        [  126,    0,  226,  488,  818,  450,  170,  790,  490,  811,  460,  190,    0,  692,  661,  194,  155,  473,  365,   96,  531,  115,  147,  575,  137,  438,  571,  307,  555,  306,  149,  440,  393,  380,  592,  360,  337,  538,  414,  189,  304,  296,  111,  615,  241,  379,  162,   39,  404,  598,  755,   78,  514,  251,  325,  351,  373,  444,  254,  482,  596,  250,  444,  630,  784,  339,  263,  546,  312,  357,  187,  294,  213,  183,  604,  316,  666,  469,  524,  343,  399,  149,  119,  486,  230,  224,  807,  667,  196,  412,  327,  537,  427,  743,  437,  383,  346,  483,  313,  321,  485,  515,  241,  720,  427,  550,  542,  557,  498,  280,   32,  334],
        [  664,    0,  884,  679,  139, 1108,  557,  117,  438,  140,  528,  878,  692,    0,  787,  867,  826,  868,  641,  628,  472,  798,  655,  403,  814,  660,  255,  890,  153,  713,  563,  812, 1046, 1048,  207,  519,  492,  804,  749,  581,  933,  791,  613,  215,  652,  317,  851,  729,  539,  388,   64,  703,  447,  446,  451,  577,  378,  446,  941,  424,  140,  912,  818,  466,  666,  669,  492,  872,  618,  552,  610,  983,  603,  848,  200,  518,  377,  785,  643,  372,  872,  745,  607, 1039,  726,  504,  125,  208,  874,  648,  380,  346,  949,   67,  593,  523,  522,  936,  940,  847,  440,  235,  733,  114,  810,  218,  347,  339,  691,  516,  670,  622],
        [  536,    0,  857,  177,  914,  736,  720,  799,  359,  921,  287,  780,  661,  787,    0,  658,  788,  296,  299,  708, 1002,  663,  515,  386,  651, 1030,  885,  521,  658,  364,  566,  278,  688,  726,  580,  889,  406,  158,  264,  769,  595,  953,  569,  892,  421,  612,  756,  683,  314,  405,  833,  591,  344,  666,  458,  917,  781,  914,  819,  375,  811,  871, 1089,  337,  256,  322,  767, 1188,  356,  908,  789,  837,  458,  817,  587,  403,  442,  224,  166,  725,  385,  545,  713,  525,  448,  524,  898,  599,  809, 1004,  566,  924,  454,  852,  996,  343,  373,  369,  596,  448,  358,  808,  441,  889, 1073,  574,  440,  448,  165,  442,  675,  927],
        [  211,    0,  227,  506,  998,  256,  363,  958,  592,  992,  535,  138,  194,  867,  658,    0,  181,  402,  399,  287,  720,   81,  227,  683,   57,  601,  763,  171,  723,  303,  305,  392,  200,  188,  743,  547,  443,  510,  394,  377,  131,  405,  255,  805,  286,  550,  125,  168,  480,  709,  931,  165,  612,  438,  453,  529,  566,  635,  162,  589,  782,  230,  563,  721,  835,  360,  456,  663,  363,  540,  369,  180,  299,  199,  755,  416,  780,  438,  558,  534,  308,  142,  311,  331,  222,  370,  986,  814,  174,  577,  490,  731,  299,  922,  612,  467,  437,  380,  139,  226,  587,  704,  226,  905,  547,  703,  665,  681,  512,  392,  224,  504],
        [  264,    0,   73,  621,  945,  399,  273,  929,  643,  936,  609,   68,  155,  826,  788,  181,    0,  563,  501,  198,  588,  131,  286,  729,  151,  439,  674,  347,  697,  425,  303,  542,  356,  326,  742,  416,  490,  652,  529,  263,  311,  226,  264,  723,  375,  521,   60,  119,  553,  752,  888,  203,  667,  380,  479,  385,  477,  514,  124,  636,  719,   96,  384,  783,  931,  470,  356,  483,  452,  401,  244,  167,  359,   30,  753,  468,  821,  580,  663,  461,  474,  245,  220,  511,  341,  378,  936,  817,   49,  417,  474,  624,  476,  872,  461,  533,  497,  552,  318,  390,  638,  629,  350,  841,  368,  699,  696,  711,  630,  433,  165,  351],
        [  360,    0,  623,  223, 1006,  441,  590,  917,  449, 1008,  356,  536,  473,  868,  296,  402,  563,    0,  228,  549,  935,  432,  346,  523,  413,  899,  881,  242,  718,  189,  440,   56,  396,  435,  678,  786,  383,  140,  120,  631,  313,  763,  417,  905,  272,  601,  518,  481,  331,  550,  926,  395,  452,  584,  433,  797,  724,  842,  562,  458,  843,  630,  915,  516,  531,  206,  665, 1017,  263,  796,  642,  572,  331,  587,  689,  361,  612,   97,  283,  671,   98,  328,  563,  235,  245,  438,  991,  726,  571,  872,  537,  891,  159,  933,  883,  346,  349,   82,  312,  177,  445,  805,  234,  948,  899,  654,  547,  561,  218,  379,  497,  792],
        [  241,    0,  572,  124,  779,  555,  426,  695,  237,  781,  153,  503,  365,  641,  299,  399,  501,  228,    0,  410,  738,  384,  219,  322,  377,  738,  661,  313,  490,  104,  270,  173,  495,  519,  455,  606,  156,  205,  110,  474,  381,  655,  270,  682,  126,  379,  477,  390,  111,  350,  699,  299,  247,  388,  208,  628,  519,  646,  551,  243,  617,  589,  791,  340,  438,   42,  482,  890,   57,  622,  492,  576,  160,  530,  467,  137,  419,  157,  163,  464,  241,  266,  416,  416,  177,  239,  764,  509,  527,  712,  317,  680,  324,  706,  711,  120,  122,  296,  386,  246,  232,  584,  174,  721,  774,  429,  332,  348,  135,  164,  377,  634],
        [  189,    0,  258,  532,  748,  542,   79,  732,  489,  739,  477,  254,   96,  628,  708,  287,  198,  549,  410,    0,  436,  206,  205,  567,  230,  351,  486,  400,  501,  371,  149,  511,  487,  471,  553,  264,  344,  599,  476,   93,  400,  251,  141,  532,  295,  326,  229,  120,  425,  587,  690,  164,  515,  183,  317,  258,  287,  349,  316,  479,  522,  286,  381,  630,  804,  392,  171,  481,  353,  263,   95,  359,  251,  221,  564,  330,  652,  533,  560,  265,  482,  237,   25,  580,  305,  215,  738,  629,  246,  325,  287,  446,  518,  674,  345,  400,  362,  567,  408,  408,  485,  435,  316,  645,  365,  510,  524,  538,  544,  289,   65,  245],
        [  595,    0,  614,  838,  520,  972,  366,  586,  669,  504,  718,  655,  531,  472, 1002,  720,  588,  935,  738,  436,    0,  639,  602,  701,  664,  223,  218,  830,  453,  747,  498,  886,  920,  901,  558,  174,  599,  942,  836,  344,  835,  438,  530,  264,  664,  397,  639,  552,  689,  704,  509,  591,  693,  352,  546,  207,  222,   94,  709,  653,  334,  641,  393,  779,  993,  741,  277,  419,  686,  188,  353,  751,  605,  597,  562,  607,  738,  890,  837,  278,  889,  662,  413, 1009,  706,  501,  520,  615,  632,  224,  437,  127,  939,  474,  159,  661,  634,  972,  843,  826,  668,  255,  717,  408,  391,  527,  635,  639,  852,  574,  500,  249],
        [  163,    0,  195,  500,  926,  336,  283,  892,  553,  920,  506,  120,  115,  798,  663,   81,  131,  432,  384,  206,  639,    0,  183,  642,   27,  526,  685,  224,  657,  299,  240,  411,  281,  267,  685,  466,  400,  524,  402,  296,  203,  343,  191,  728,  261,  482,   94,   88,  450,  667,  862,  104,  575,  363,  401,  450,  487,  555,  172,  548,  708,  208,  500,  688,  819,  349,  376,  602,  339,  460,  289,  205,  259,  157,  697,  375,  738,  452,  546,  457,  345,  119,  230,  397,  215,  309,  916,  758,  146,  501,  425,  651,  353,  851,  534,  433,  400,  424,  211,  261,  548,  628,  223,  831,  484,  644,  618,  633,  508,  345,  144,  427],
        [   22,    0,  358,  342,  789,  454,  246,  738,  371,  785,  325,  299,  147,  655,  515,  227,  286,  346,  219,  205,  602,  183,    0,  460,  186,  553,  589,  246,  506,  166,  109,  306,  392,  397,  518,  444,  219,  396,  272,  286,  279,  440,   73,  624,   95,  341,  270,  172,  269,  486,  718,   84,  393,  264,  226,  451,  406,  509,  354,  366,  585,  378,  582,  506,  645,  194,  326,  683,  167,  451,  297,  387,   77,  315,  530,  193,  557,  329,  380,  360,  288,   91,  217,  417,  106,  151,  777,  588,  318,  527,  276,  577,  339,  713,  538,  251,  218,  373,  287,  226,  366,  520,  117,  704,  566,  479,  439,  455,  352,  165,  162,  447],
        [  480,    0,  801,  307,  529,  871,  536,  416,   92,  536,  172,  755,  575,  403,  386,  683,  729,  523,  322,  567,  701,  642,  460,    0,  646,  796,  539,  631,  287,  422,  430,  471,  810,  830,  197,  638,  243,  427,  410,  583,  694,  808,  465,  534,  402,  313,  726,  611,  215,   28,  447,  540,   76,  434,  252,  683,  496,  626,  813,   95,  446,  824,  905,   79,  294,  363,  536,  991,  332,  665,  611,  846,  385,  758,  203,  268,   99,  429,  257,  446,  559,  541,  559,  735,  476,  356,  513,  216,  768,  773,  304,  598,  643,  468,  745,  219,  246,  602,  700,  567,   97,  467,  477,  509,  892,  199,   68,   68,  315,  299,  570,  710],
        [  167,    0,  211,  491,  944,  313,  306,  907,  555,  938,  505,  129,  137,  814,  651,   57,  151,  413,  377,  230,  664,   27,  186,  646,    0,  552,  706,  200,  671,  289,  253,  395,  257,  244,  695,  492,  404,  509,  389,  321,  177,  367,  204,  749,  257,  498,  106,  113,  449,  671,  878,  114,  577,  382,  409,  476,  509,  579,  174,  552,  726,  221,  525,  689,  814,  341,  399,  626,  336,  486,  315,  203,  261,  175,  708,  378,  742,  437,  539,  477,  324,  112,  254,  372,  205,  321,  932,  768,  160,  528,  439,  674,  329,  868,  560,  434,  402,  402,  185,  240,  550,  648,  212,  849,  508,  655,  624,  639,  499,  350,  167,  453],
        [  539,    0,  443,  855,  729,  837,  314,  776,  742,  714,  765,  505,  438,  660, 1030,  601,  439,  899,  738,  351,  223,  526,  553,  796,  552,    0,  418,  742,  601,  717,  470,  858,  792,  764,  695,  160,  631,  938,  819,  269,  728,  241,  483,  469,  636,  485,  496,  445,  722,  806,  706,  513,  768,  373,  585,  115,  311,  215,  548,  727,  521,  466,  171,  871, 1074,  729,  267,  213,  682,  131,  257,  586,  584,  438,  702,  628,  854,  875,  869,  352,  833,  586,  337,  921,  655,  506,  727,  763,  474,   27,  496,  329,  865,  674,   69,  694,  660,  918,  737,  758,  739,  426,  666,  615,  169,  657,  735,  744,  868,  589,  409,  107],
        [  590,    0,  719,  740,  312, 1018,  407,  369,  531,  298,  600,  736,  571,  255,  885,  763,  674,  881,  661,  486,  218,  685,  589,  539,  706,  418,    0,  833,  262,  700,  481,  828,  959,  950,  368,  296,  507,  856,  769,  412,  857,  585,  527,   53,  623,  283,  713,  602,  586,  536,  293,  608,  550,  329,  454,  352,  199,  206,  797,  514,  119,  748,  583,  615,  831,  676,  319,  626,  620,  327,  434,  840,  564,  691,  370,  525,  556,  818,  723,  232,  857,  668,  462, 1004,  683,  452,  310,  414,  722,  409,  345,   92,  922,  259,  350,  561,  543,  934,  865,  810,  531,   79,  693,  198,  578,  346,  472,  472,  753,  503,  542,  400],
        [  244,    0,  397,  393, 1027,  242,  465,  966,  542, 1024,  465,  308,  307,  890,  521,  171,  347,  242,  313,  400,  830,  224,  246,  631,  200,  742,  833,    0,  739,  210,  352,  245,  183,  211,  734,  663,  414,  366,  267,  493,   75,  566,  308,  869,  243,  582,  295,  299,  417,  658,  953,  239,  556,  506,  444,  657,  647,  740,  325,  544,  828,  400,  724,  652,  728,  271,  554,  825,  300,  663,  493,  332,  288,  368,  746,  385,  729,  298,  452,  604,  145,  169,  421,  181,  166,  392, 1014,  798,  345,  717,  515,  818,  130,  951,  743,  414,  395,  210,   77,   75,  537,  765,  160,  947,  708,  699,  630,  646,  396,  378,  337,  640],
        [  516,    0,  759,  537,  292,  959,  437,  236,  301,  292,  386,  744,  555,  153,  658,  723,  697,  718,  490,  501,  453,  657,  506,  287,  671,  601,  262,  739,    0,  560,  419,  662,  897,  901,  107,  446,  339,  660,  599,  469,  783,  692,  469,  250,  499,  177,  716,  593,  391,  279,  215,  559,  315,  320,  298,  501,  293,  398,  808,  286,  159,  787,  744,  360,  573,  518,  388,  811,  465,  479,  498,  849,  452,  721,  110,  366,  295,  638,  506,  268,  719,  597,  482,  887,  574,  356,  278,  164,  743,  584,  233,  335,  797,  217,  539,  373,  370,  785,  790,  694,  302,  200,  581,  235,  734,   89,  223,  219,  548,  363,  536,  541],
        [  184,    0,  493,  204,  851,  451,  405,  777,  334,  851,  255,  417,  306,  713,  364,  303,  425,  189,  104,  371,  747,  299,  166,  422,  289,  717,  700,  210,  560,    0,  253,  143,  391,  415,  539,  599,  222,  233,  108,  448,  277,  601,  234,  728,   84,  425,  393,  324,  208,  450,  774,  231,  347,  397,  263,  612,  537,  654,  460,  338,  672,  507,  747,  443,  534,   62,  477,  848,   97,  610,  462,  482,  142,  453,  552,  195,  520,  164,  256,  485,  161,  181,  382,  328,   85,  252,  837,  598,  445,  690,  359,  706,  237,  776,  698,  209,  196,  234,  282,  145,  329,  626,   78,  783,  730,  509,  426,  441,  211,  202,  325,  610],
        [  109,    0,  373,  390,  694,  549,  157,  654,  347,  689,  329,  337,  149,  563,  566,  305,  303,  440,  270,  149,  498,  240,  109,  430,  253,  470,  481,  352,  419,  253,    0,  395,  488,  487,  447,  347,  198,  468,  350,  204,  380,  399,   50,  518,  170,  246,  308,  186,  277,  451,  626,  141,  372,  155,  178,  362,  298,  405,  399,  338,  483,  398,  525,  488,  656,  259,  225,  623,  213,  358,  223,  437,  115,  331,  459,  182,  519,  407,  413,  252,  392,  189,  149,  525,  210,   76,  682,  521,  344,  444,  186,  469,  447,  618,  447,  252,  214,  475,  388,  334,  342,  414,  221,  605,  509,  406,  394,  409,  402,  142,  141,  365],
        [  322,    0,  605,  176,  950,  464,  547,  862,  394,  952,  302,  522,  440,  812,  278,  392,  542,   56,  173,  511,  886,  411,  306,  471,  395,  858,  828,  245,  662,  143,  395,    0,  413,  449,  623,  741,  328,  122,   64,  590,  319,  734,  375,  851,  225,  547,  501,  452,  276,  498,  870,  362,  399,  535,  378,  754,  674,  794,  553,  403,  788,  615,  883,  468,  498,  152,  618,  985,  209,  752,  603,  567,  283,  568,  634,  306,  561,   57,  238,  620,  111,  300,  523,  275,  210,  388,  935,  671,  554,  832,  483,  840,  189,  878,  840,  290,  294,  132,  319,  172,  390,  751,  199,  893,  866,  598,  493,  507,  174,  326,  462,  752],
        [  383,    0,  375,  572, 1180,   63,  562, 1129,  720, 1175,  646,  294,  393, 1046,  688,  200,  356,  396,  495,  487,  920,  281,  392,  810,  257,  792,  959,  183,  897,  391,  488,  413,    0,   48,  902,  746,  587,  531,  445,  577,  118,  579,  439, 1000,  415,  731,  298,  368,  597,  838, 1109,  352,  736,  631,  609,  727,  763,  835,  273,  722,  970,  364,  734,  834,  906,  453,  655,  829,  479,  738,  568,  254,  450,  364,  915,  557,  909,  469,  632,  728,  304,  302,  510,  212,  337,  542, 1167,  969,  330,  769,  667,  930,  242, 1103,  808,  592,  571,  336,  112,  254,  715,  897,  335, 1092,  719,  866,  806,  822,  574,  544,  424,  699],
        [  385,    0,  339,  603, 1181,   73,  549, 1135,  739, 1176,  668,  261,  380, 1048,  726,  188,  326,  435,  519,  471,  901,  267,  397,  830,  244,  764,  950,  211,  901,  415,  487,  449,   48,    0,  912,  727,  600,  568,  477,  559,  139,  545,  437,  992,  430,  732,  269,  352,  617,  857, 1112,  348,  756,  625,  619,  704,  753,  818,  233,  739,  967,  326,  699,  857,  938,  477,  641,  792,  498,  717,  548,  211,  460,  331,  925,  571,  928,  504,  662,  721,  341,  306,  496,  259,  354,  546, 1169,  981,  296,  742,  669,  917,  285, 1104,  784,  611,  587,  380,  135,  285,  734,  891,  353, 1090,  684,  874,  821,  837,  606,  555,  410,  674],
        [  532,    0,  808,  479,  338,  965,  498,  240,  236,  343,  328,  782,  592,  207,  580,  743,  742,  678,  455,  553,  558,  685,  518,  197,  695,  695,  368,  734,  107,  539,  447,  623,  902,  912,    0,  537,  320,  603,  560,  536,  786,  764,  494,  353,  491,  232,  754,  630,  347,  183,  256,  582,  242,  381,  294,  591,  384,  499,  845,  223,  261,  835,  830,  263,  472,  489,  464,  903,  443,  569,  566,  884,  453,  768,   13,  349,  189,  591,  438,  350,  694,  608,  537,  867,  569,  376,  322,   77,  786,  676,  268,  442,  775,  273,  635,  336,  344,  751,  793,  681,  239,  306,  574,  313,  819,   44,  141,  132,  489,  359,  578,  628],
        [  435,    0,  446,  717,  604,  799,  201,  635,  587,  591,  616,  483,  360,  519,  889,  547,  416,  786,  606,  264,  174,  466,  444,  638,  492,  160,  296,  663,  446,  599,  347,  741,  746,  727,  537,    0,  485,  809,  695,  172,  664,  290,  372,  349,  516,  326,  465,  379,  577,  647,  570,  424,  612,  224,  436,   58,  154,  102,  538,  571,  383,  474,  301,  714,  919,  602,  124,  367,  551,   34,  179,  580,  460,  426,  545,  486,  695,  751,  726,  193,  732,  496,  243,  843,  549,  368,  599,  607,  460,  140,  340,  223,  776,  542,  110,  548,  516,  816,  672,  664,  584,  285,  560,  490,  293,  499,  576,  585,  730,  448,  329,  105],
        [  238,    0,  562,  240,  630,  649,  332,  556,  154,  631,  136,  513,  337,  492,  406,  443,  490,  383,  156,  344,  599,  400,  219,  243,  404,  631,  507,  414,  339,  222,  198,  328,  587,  600,  320,  485,    0,  351,  266,  382,  469,  593,  227,  526,  173,  224,  484,  372,   93,  267,  552,  298,  178,  261,   55,  516,  378,  510,  571,  149,  461,  585,  710,  293,  461,  179,  365,  804,  126,  506,  406,  605,  144,  519,  333,   30,  338,  312,  242,  322,  381,  303,  341,  550,  250,  132,  616,  384,  527,  605,  166,  531,  459,  556,  593,   64,   36,  446,  476,  361,  149,  429,  255,  567,  695,  288,  223,  239,  254,   58,  336,  532],
        [  415,    0,  718,  125,  939,  579,  624,  838,  368,  943,  276,  637,  538,  804,  158,  510,  652,  140,  205,  599,  942,  524,  396,  427,  509,  938,  856,  366,  660,  233,  468,  122,  531,  568,  603,  809,  351,    0,  125,  670,  440,  834,  459,  873,  305,  574,  615,  556,  273,  452,  857,  463,  364,  592,  405,  829,  722,  850,  672,  381,  800,  730,  978,  405,  394,  209,  685, 1079,  259,  824,  687,  687,  354,  680,  613,  337,  507,   73,  172,  667,  228,  408,  608,  373,  313,  443,  923,  640,  668,  911,  516,  880,  298,  870,  913,  297,  315,  217,  440,  293,  365,  778,  304,  895,  961,  586,  464,  476,  114,  368,  557,  832],
        [  291,    0,  596,  128,  887,  499,  506,  799,  332,  889,  240,  517,  414,  749,  264,  394,  529,  120,  110,  476,  836,  402,  272,  410,  389,  819,  769,  267,  599,  108,  350,   64,  445,  477,  560,  695,  266,  125,    0,  551,  341,  709,  337,  791,  183,  487,  494,  431,  213,  438,  807,  339,  337,  484,  317,  712,  620,  743,  555,  341,  726,  608,  854,  412,  462,   96,  572,  955,  152,  708,  565,  573,  236,  557,  571,  245,  503,   57,  190,  566,  154,  285,  486,  328,  189,  335,  872,  609,  547,  792,  424,  784,  239,  814,  797,  227,  232,  193,  343,  193,  328,  692,  180,  830,  837,  535,  430,  445,  130,  268,  432,  713],
        [  273,    0,  310,  593,  691,  631,   50,  691,  513,  682,  518,  327,  189,  581,  769,  377,  263,  631,  474,   93,  344,  296,  286,  583,  321,  269,  412,  493,  469,  448,  204,  590,  577,  559,  536,  172,  382,  670,  551,    0,  492,  230,  215,  461,  368,  304,  306,  209,  470,  599,  641,  255,  540,  156,  344,  167,  216,  260,  386,  500,  464,  338,  329,  652,  839,  462,   94,  423,  417,  171,   31,  430,  317,  280,  546,  374,  659,  607,  613,  209,  570,  328,   73,  673,  389,  251,  683,  611,  311,  242,  283,  363,  609,  621,  255,  442,  406,  654,  501,  498,  509,  370,  400,  584,  314,  493,  532,  544,  605,  333,  157,  162],
        [  272,    0,  351,  466, 1068,  180,  471, 1013,  604, 1064,  531,  261,  304,  933,  595,  131,  311,  313,  381,  400,  835,  203,  279,  694,  177,  728,  857,   75,  783,  277,  380,  319,  118,  139,  786,  664,  469,  440,  341,  492,    0,  535,  332,  896,  297,  619,  253,  287,  481,  721,  996,  250,  620,  528,  493,  651,  665,  747,  267,  605,  862,  349,  693,  719,  801,  339,  563,  793,  362,  660,  488,  267,  334,  327,  798,  440,  792,  372,  525,  626,  216,  191,  422,  201,  220,  430, 1055,  852,  299,  704,  554,  834,  182,  991,  736,  476,  453,  272,    9,  149,  599,  793,  218,  982,  677,  749,  689,  705,  469,  427,  336,  629],
        [  420,    0,  210,  778,  888,  617,  274,  905,  734,  876,  727,  286,  296,  791,  953,  405,  226,  763,  655,  251,  438,  343,  440,  808,  367,  241,  585,  566,  692,  601,  399,  734,  579,  545,  764,  290,  593,  834,  709,  230,  535,    0,  386,  638,  533,  533,  285,  282,  675,  826,  847,  372,  761,  386,  563,  238,  414,  389,  317,  723,  662,  230,  159,  875, 1053,  632,  305,  260,  599,  262,  200,  352,  497,  216,  774,  580,  887,  764,  808,  426,  682,  436,  253,  735,  524,  463,  882,  839,  250,  226,  512,  512,  695,  822,  285,  650,  613,  764,  543,  600,  730,  564,  535,  775,  143,  722,  760,  772,  789,  539,  279,  191],
        [   66,    0,  336,  393,  744,  500,  174,  704,  379,  739,  351,  293,  111,  613,  569,  255,  264,  417,  270,  141,  530,  191,   73,  465,  204,  483,  527,  308,  469,  234,   50,  375,  439,  437,  494,  372,  227,  459,  337,  215,  332,  386,    0,  565,  155,  296,  264,  146,  297,  488,  676,   91,  404,  199,  217,  380,  339,  438,  354,  372,  532,  359,  521,  519,  677,  252,  254,  622,  214,  380,  229,  391,  112,  293,  506,  206,  558,  394,  423,  296,  361,  142,  149,  484,  178,  119,  732,  568,  304,  457,  236,  510,  409,  668,  467,  274,  237,  445,  340,  296,  375,  461,  189,  654,  505,  453,  434,  449,  404,  169,  112,  377],
        [  626,    0,  769,  754,  261, 1059,  453,  325,  535,  246,  610,  783,  615,  215,  892,  805,  723,  905,  682,  532,  264,  728,  624,  534,  749,  469,   53,  869,  250,  728,  518,  851, 1000,  992,  353,  349,  526,  873,  791,  461,  896,  638,  565,    0,  652,  305,  760,  647,  600,  528,  247,  649,  553,  369,  474,  405,  246,  258,  845,  519,   93,  797,  635,  609,  823,  700,  368,  676,  643,  380,  484,  888,  595,  740,  353,  546,  542,  838,  733,  272,  886,  706,  508, 1037,  716,  483,  259,  391,  770,  461,  370,  141,  953,  211,  401,  577,  562,  961,  904,  842,  536,  104,  725,  147,  630,  337,  468,  467,  766,  527,  587,  452],
        [  116,    0,  447,  248,  789,  477,  324,  724,  311,  788,  250,  380,  241,  652,  421,  286,  375,  272,  126,  295,  664,  261,   95,  402,  257,  636,  623,  243,  499,   84,  170,  225,  415,  430,  491,  516,  173,  305,  183,  368,  297,  533,  155,  652,    0,  353,  353,  265,  195,  428,  714,  173,  329,  314,  202,  530,  455,  571,  430,  310,  601,  464,  674,  437,  559,  100,  394,  775,   79,  527,  383,  459,   60,  404,  504,  144,  500,  240,  289,  404,  235,  146,  304,  390,   78,  172,  776,  556,  403,  610,  285,  624,  303,  714,  616,  184,  157,  314,  304,  196,  306,  549,   83,  715,  658,  457,  392,  408,  258,  136,  255,  530],
        [  349,    0,  584,  459,  449,  793,  267,  412,  273,  445,  326,  567,  379,  317,  612,  550,  521,  601,  379,  326,  397,  482,  341,  313,  498,  485,  283,  582,  177,  425,  246,  547,  731,  732,  232,  326,  224,  574,  487,  304,  619,  533,  296,  305,  353,    0,  540,  416,  305,  322,  381,  386,  297,  150,  171,  374,  184,  316,  631,  257,  249,  611,  606,  390,  600,  396,  236,  686,  339,  355,  334,  672,  298,  545,  243,  242,  371,  535,  447,  134,  584,  430,  308,  742,  422,  191,  437,  308,  567,  463,   68,  313,  655,  373,  432,  279,  260,  658,  627,  547,  271,  206,  430,  365,  594,  190,  251,  259,  472,  224,  359,  406],
        [  249,    0,  105,  593,  974,  342,  307,  951,  637,  966,  595,   30,  162,  851,  756,  125,   60,  518,  477,  229,  639,   94,  270,  726,  106,  496,  713,  295,  716,  393,  308,  501,  298,  269,  754,  465,  484,  615,  494,  306,  253,  285,  264,  760,  353,  540,    0,  124,  539,  750,  914,  188,  660,  406,  480,  438,  515,  561,   92,  632,  750,  115,  442,  775,  911,  442,  395,  541,  431,  453,  289,  133,  346,   74,  766,  460,  820,  543,  639,  493,  427,  213,  253,  454,  308,  382,  964,  828,   54,  474,  488,  668,  423,  900,  516,  521,  487,  502,  260,  343,  632,  663,  316,  873,  427,  712,  697,  712,  602,  428,  182,  406],
        [  150,    0,  191,  512,  853,  423,  197,  828,  525,  846,  492,  152,   39,  729,  683,  168,  119,  481,  390,  120,  552,   88,  172,  611,  113,  445,  602,  299,  593,  324,  186,  452,  368,  352,  630,  379,  372,  556,  431,  209,  287,  282,  146,  647,  265,  416,  124,    0,  436,  634,  792,   93,  549,  286,  362,  364,  404,  467,  216,  518,  631,  214,  435,  664,  815,  362,  290,  538,  339,  374,  202,  256,  243,  148,  643,  350,  703,  485,  551,  377,  402,  154,  144,  477,  244,  261,  843,  705,  159,  420,  365,  565,  423,  779,  449,  415,  379,  485,  296,  321,  520,  548,  254,  755,  419,  588,  579,  594,  522,  314,   61,  343],
        [  291,    0,  626,  155,  676,  658,  421,  587,  127,  679,   57,  567,  404,  539,  314,  480,  553,  331,  111,  425,  689,  450,  269,  215,  449,  722,  586,  417,  391,  208,  277,  276,  597,  617,  347,  577,   93,  273,  213,  470,  481,  675,  297,  600,  195,  305,  539,  436,    0,  242,  596,  352,  140,  354,  144,  608,  468,  600,  621,  132,  528,  646,  797,  243,  381,  150,  457,  893,  120,  598,  494,  651,  194,  583,  359,   97,  312,  247,  149,  412,  351,  340,  424,  527,  265,  220,  661,  399,  586,  697,  253,  616,  435,  605,  686,   29,   64,  404,  486,  353,  122,  508,  265,  624,  782,  323,  222,  237,  168,  138,  408,  623],
        [  505,    0,  823,  333,  511,  899,  553,  395,  118,  518,  199,  779,  598,  388,  405,  709,  752,  550,  350,  587,  704,  667,  486,   28,  671,  806,  536,  658,  279,  450,  451,  498,  838,  857,  183,  647,  267,  452,  438,  599,  721,  826,  488,  528,  428,  322,  750,  634,  242,    0,  430,  564,  103,  448,  274,  694,  503,  632,  837,  120,  438,  847,  919,   81,  295,  391,  549, 1003,  360,  676,  628,  871,  410,  781,  189,  294,   72,  456,  281,  455,  587,  567,  577,  763,  503,  377,  495,  194,  791,  784,  318,  598,  671,  451,  753,  246,  272,  629,  727,  594,  123,  466,  505,  495,  906,  192,   71,   66,  341,  323,  592,  722],
        [  728,    0,  945,  733,   82, 1172,  618,   83,  490,   89,  582,  941,  755,   64,  833,  931,  888,  926,  699,  690,  509,  862,  718,  447,  878,  706,  293,  953,  215,  774,  626,  870, 1109, 1112,  256,  570,  552,  857,  807,  641,  996,  847,  676,  247,  714,  381,  914,  792,  596,  430,    0,  767,  497,  509,  513,  628,  434,  492, 1004,  477,  188,  974,  868,  505,  697,  729,  551,  917,  678,  603,  669, 1046,  666,  910,  247,  579,  411,  842,  694,  432,  932,  808,  669, 1101,  789,  567,   67,  241,  936,  695,  443,  385, 1010,   40,  638,  581,  582,  995, 1004,  909,  493,  286,  795,  113,  861,  273,  396,  386,  744,  578,  733,  674],
        [   62,    0,  275,  420,  834,  412,  226,  794,  451,  829,  409,  216,   78,  703,  591,  165,  203,  395,  299,  164,  591,  104,   84,  540,  114,  513,  608,  239,  559,  231,  141,  362,  352,  348,  582,  424,  298,  463,  339,  255,  250,  372,   91,  649,  173,  386,  188,   93,  352,  564,  767,    0,  473,  280,  298,  421,  415,  501,  274,  446,  620,  294,  521,  587,  728,  270,  316,  624,  249,  425,  258,  308,  159,  233,  594,  273,  635,  393,  461,  377,  322,   74,  183,  419,  153,  207,  822,  655,  234,  487,  326,  585,  355,  758,  508,  334,  300,  406,  259,  245,  446,  546,  163,  742,  505,  542,  514,  530,  430,  242,  104,  407],
        [  413,    0,  739,  240,  579,  797,  491,  475,   27,  584,   98,  689,  514,  447,  344,  612,  667,  452,  247,  515,  693,  575,  393,   76,  577,  768,  550,  556,  315,  347,  372,  399,  736,  756,  242,  612,  178,  364,  337,  540,  620,  761,  404,  553,  329,  297,  660,  549,  140,  103,  497,  473,    0,  398,  198,  653,  479,  613,  746,   42,  469,  762,  866,  116,  307,  288,  503,  956,  258,  638,  567,  779,  317,  696,  251,  201,  173,  360,  197,  426,  485,  471,  508,  661,  402,  301,  563,  277,  704,  744,  273,  600,  569,  513,  721,  146,  176,  529,  625,  492,   31,  475,  403,  546,  852,  231,  102,  113,  250,  235,  512,  677],
        [  262,    0,  440,  495,  568,  691,  118,  550,  372,  561,  393,  433,  251,  446,  666,  438,  380,  584,  388,  183,  352,  363,  264,  434,  382,  373,  329,  506,  320,  397,  155,  535,  631,  625,  381,  224,  261,  592,  484,  156,  528,  386,  199,  369,  314,  150,  406,  286,  354,  448,  509,  280,  398,    0,  214,  258,  143,  259,  496,  358,  346,  468,  472,  506,  703,  389,  106,  558,  335,  245,  186,  538,  255,  403,  392,  263,  506,  539,  502,   98,  544,  340,  163,  680,  364,  150,  558,  457,  428,  348,  130,  315,  602,  494,  333,  325,  293,  626,  537,  488,  369,  266,  374,  469,  458,  338,  379,  391,  508,  227,  226,  279],
        [  243,    0,  550,  294,  589,  672,  295,  522,  172,  588,  180,  509,  325,  451,  458,  453,  479,  433,  208,  317,  546,  401,  226,  252,  409,  585,  454,  444,  298,  263,  178,  378,  609,  619,  294,  436,   55,  405,  317,  344,  493,  563,  217,  474,  202,  171,  480,  362,  144,  274,  513,  298,  198,  214,    0,  470,  325,  457,  569,  162,  412,  574,  672,  313,  496,  227,  318,  764,  172,  458,  371,  605,  160,  508,  306,   72,  342,  364,  293,  268,  423,  316,  311,  589,  278,  104,  575,  362,  520,  560,  112,  477,  499,  514,  545,  116,   91,  493,  500,  397,  168,  376,  284,  520,  658,  257,  218,  233,  307,   67,  319,  488],
