{
    "name": "random-90-23315",
    "comment": "size=90 seed=23315",
    "nodes": ["+0", "-0", "+1", "-1", "+2", "-2", "+3", "-3", "+4", "-4", "+5", "-5", "+6", "-6", "+7", "-7", "+8", "-8", "+9", "-9", "+10", "-10", "+11", "-11", "+12", "-12", "+13", "-13", "+14", "-14", "+15", "-15", "+16", "-16", "+17", "-17", "+18", "-18", "+19", "-19", "+20", "-20", "+21", "-21", "+22", "-22", "+23", "-23", "+24", "-24", "+25", "-25", "+26", "-26", "+27", "-27", "+28", "-28", "+29", "-29", "+30", "-30", "+31", "-31", "+32", "-32", "+33", "-33", "+34", "-34", "+35", "-35", "+36", "-36", "+37", "-37", "+38", "-38", "+39", "-39", "+40", "-40", "+41", "-41", "+42", "-42", "+43", "-43", "+44", "-44", "+45", "-45", "+46", "-46", "+47", "-47", "+48", "-48", "+49", "-49", "+50", "-50", "+51", "-51", "+52", "-52", "+53", "-53", "+54", "-54", "+55", "-55", "+56", "-56", "+57", "-57", "+58", "-58", "+59", "-59", "+60", "-60", "+61", "-61", "+62", "-62", "+63", "-63", "+64", "-64", "+65", "-65", "+66", "-66", "+67", "-67", "+68", "-68", "+69", "-69", "+70", "-70", "+71", "-71", "+72", "-72", "+73", "-73", "+74", "-74", "+75", "-75", "+76", "-76", "+77", "-77", "+78", "-78", "+79", "-79", "+80", "-80", "+81", "-81", "+82", "-82", "+83", "-83", "+84", "-84", "+85", "-85", "+86", "-86", "+87", "-87", "+88", "-88", "+89", "-89", "+90", "-90"],
    "precedence": {
        "+0": "-0",
        "+1": "-1",
        "+2": "-2",
        "+3": "-3",
        "+4": "-4",
        "+5": "-5",
        "+6": "-6",
        "+7": "-7",
        "+8": "-8",
        "+9": "-9",
        "+10": "-10",
        "+11": "-11",
        "+12": "-12",
        "+13": "-13",
        "+14": "-14",
        "+15": "-15",
        "+16": "-16",
        "+17": "-17",
        "+18": "-18",
        "+19": "-19",
        "+20": "-20",
        "+21": "-21",
        "+22": "-22",
        "+23": "-23",
        "+24": "-24",
        "+25": "-25",
        "+26": "-26",
        "+27": "-27",
        "+28": "-28",
        "+29": "-29",
        "+30": "-30",
        "+31": "-31",
        "+32": "-32",
        "+33": "-33",
        "+34": "-34",
        "+35": "-35",
        "+36": "-36",
        "+37": "-37",
        "+38": "-38",
        "+39": "-39",
        "+40": "-40",
        "+41": "-41",
        "+42": "-42",
        "+43": "-43",
        "+44": "-44",
        "+45": "-45",
        "+46": "-46",
        "+47": "-47",
        "+48": "-48",
        "+49": "-49",
        "+50": "-50",
        "+51": "-51",
        "+52": "-52",
        "+53": "-53",
        "+54": "-54",
        "+55": "-55",
        "+56": "-56",
        "+57": "-57",
        "+58": "-58",
        "+59": "-59",
        "+60": "-60",
        "+61": "-61",
        "+62": "-62",
        "+63": "-63",
        "+64": "-64",
        "+65": "-65",
        "+66": "-66",
        "+67": "-67",
        "+68": "-68",
        "+69": "-69",
        "+70": "-70",
        "+71": "-71",
        "+72": "-72",
        "+73": "-73",
        "+74": "-74",
        "+75": "-75",
        "+76": "-76",
        "+77": "-77",
        "+78": "-78",
        "+79": "-79",
        "+80": "-80",
        "+81": "-81",
        "+82": "-82",
        "+83": "-83",
        "+84": "-84",
        "+85": "-85",
        "+86": "-86",
        "+87": "-87",
        "+88": "-88",
        "+89": "-89",
        "+90": "-90"
    },
    "edges": [
        [    0,    0,  359,  236,  179,  573,  445,  546,  211,  140,  263,  672,  294,  376,  687,  846,  226,  800,  864,  860,  622,  210,  645,  140,  314,  282,  495,   68,  415,  656,  351,  969,  563,  624,  148,  343,  202,  178,  757,  245,  662,  206,  540,  550,  524,  229,  479,  390,  611,  265,  709,  515,  771,  493,  885,  637,  774,  400,  194,  773,  553,  642,  199,  633,  529,  724,  122,  726,  714,  741,  244,  580,  416,  444,  585,  754,  367,  652,  650,  203,  280,  982,  371,   94,  740,  475,  932,  443, 1021,  574,  668,  439,  737,  537,  819,  593,  615,  339,  206,  730,  188,  761,  767,  459,  636,  460,  649,  514,  382,  236,  641,  338,  620,  427,  102,  605,  326,  774,  238,  151,  476,  506,  233,  808,  144,  745,  172,  686,  795,  499,  338,  858,  168,  787,  776,  157,  698,  216,  463,  868,  514,  513,  550,  776,  164,  167,  731,  274,  620,  204,  723,  406,  583,  626,  519,  610,  385,  274,  594,  789,   70,  528,  751,  766,  771,  333,  723,  137,  498,  679,  783,  426,  664,  735,  416,  518,  495,  540,  255,  551,  730,  527],
        [    0,    0,    0,    0,    0,    0,    0,    0,    0,    0,    0,    0,    0,    0,    0,    0,    0,    0,    0,    0,    0,    0,    0,    0,    0,    0,    0,    0,    0,    0,    0,    0,    0,    0,    0,    0,    0,    0,    0,    0,    0,    0,    0,    0,    0,    0,    0,    0,    0,    0,    0,    0,    0,    0,    0,    0,    0,    0,    0,    0,    0,    0,    0,    0,    0,    0,    0,    0,    0,    0,    0,    0,    0,    0,    0,    0,    0,    0,    0,    0,    0,    0,    0,    0,    0,    0,    0,    0,    0,    0,    0,    0,    0,    0,    0,    0,    0,    0,    0,    0,    0,    0,    0,    0,    0,    0,    0,    0,    0,    0,    0,    0,    0,    0,    0,    0,    0,    0,    0,    0,    0,    0,    0,    0,    0,    0,    0,    0,    0,    0,    0,    0,    0,    0,    0,    0,    0,    0,    0,    0,    0,    0,    0,    0,    0,    0,    0,    0,    0,    0,    0,    0,    0,    0,    0,    0,    0,    0,    0,    0,    0,    0,    0,    0,    0,    0,    0,    0,    0,    0,    0,    0,    0,    0,    0,    0,    0,    0,    0,    0,    0,    0],
        [  359,    0,    0,  399,  394,  219,   87,  208,  184,  497,  460,  687,  304,  642,  438,  748,  355,  463,  691,  674,  542,  464,  296,  477,  154,  215,  137,  418,  598,  313,   33,  717,  581,  771,  504,  290,  159,  192,  399,  559,  800,  186,  347,  601,  251,  491,  139,  118,  262,  126,  422,  718,  436,  167,  599,  543,  423,  224,  318,  426,  388,  606,  163,  474,  462,  509,  470,  457,  525,  389,  169,  537,  196,  160,  548,  424,  625,  661,  346,  488,  296,  771,  452,  398,  893,  149,  695,  417,  809,  362,  310,  541,  389,  673,  736,  265,  257,  282,  474,  777,  486,  405,  410,  561,  313,  193,  704,  494,  444,  471,  617,  104,  797,  624,  270,  790,  365,  419,  561,  362,  688,  724,  133,  652,  403,  725,  472,  477,  535,  520,  364,  646,  336,  630,  428,  474,  693,  557,  130,  600,  191,  678,  595,  726,  294,  272,  461,  428,  781,  417,  624,  377,  699,  479,  362,  254,  602,  440,  355,  602,  350,  172,  698,  708,  647,   27,  490,  271,  503,  832,  512,  357,  599,  649,  349,  170,  137,  461,  260,  323,  403,  378],
        [  236,    0,  399,    0,  413,  607,  471,  515,  354,  312,   62,  437,  137,  250,  555,  629,   45,  737,  674,  676,  411,  445,  618,  207,  444,  445,  510,  220,  208,  707,  411,  817,  331,  407,  275,  192,  303,  233,  768,  219,  443,  349,  398,  314,  633,  122,  538,  486,  586,  375,  602,  326,  708,  565,  763,  430,  810,  544,   84,  816,  391,  417,  266,  456,  323,  567,  323,  604,  544,  774,  382,  360,  542,  541,  362,  688,  230,  418,  742,  433,  132,  805,  137,  158,  528,  546,  772,  235,  843,  436,  669,  204,  698,  313,  598,  663,  627,  194,  439,  495,  415,  744,  753,  225,  574,  391,  413,  293,  151,  471,  412,  319,  417,  231,  282,  406,  122,  797,  230,  382,  292,  328,  330,  613,  380,  513,  400,  529,  660,  268,  137,  687,   82,  594,  734,  380,  465,  257,  528,  732,  473,  300,  314,  549,  119,  138,  609,   40,  409,   52,  512,  209,  354,  443,  360,  636,  204,   46,  469,  610,  302,  530,  525,  541,  566,  374,  578,  330,  272,  466,  657,  245,  444,  519,  237,  565,  521,  338,  441,  429,  801,  362],
        [  179,    0,  394,  413,    0,  577,  473,  601,  210,  210,  441,  845,  448,  538,  795, 1004,  397,  857, 1003,  995,  779,   71,  688,  289,  281,  220,  523,  223,  591,  639,  373, 1081,  735,  801,  255,  488,  250,  277,  763,  394,  839,  208,  662,  725,  469,  401,  476,  371,  655,  270,  800,  688,  829,  476,  979,  791,  760,  328,  360,  754,  685,  808,  277,  771,  685,  846,  168,  826,  845,  731,  230,  742,  361,  413,  749,  817,  532,  824,  598,  103,  434, 1110,  544,  270,  915,  462, 1050,  603, 1150,  692,  688,  616,  781,  714,  979,  566,  632,  482,   84,  907,  110,  789,  791,  636,  704,  549,  825,  679,  553,   80,  808,  419,  794,  602,  161,  779,  490,  770,  382,   37,  648,  675,  267,  951,   44,  914,  103,  809,  900,  669,  501,  984,  339,  929,  820,  121,  870,  344,  457,  971,  580,  689,  724,  942,  323,  318,  831,  451,  796,  382,  878,  563,  761,  766,  651,  618,  558,  452,  703,  922,  111,  561,  916,  931,  922,  374,  838,  131,  666,  855,  883,  575,  824,  893,  565,  519,  516,  694,  169,  662,  691,  662],
        [  573,    0,  219,  607,  577,    0,  137,  166,  378,  708,  669,  823,  495,  854,  437,  819,  562,  330,  716,  690,  648,  647,  165,  695,  298,  364,  101,  635,  796,  105,  222,  670,  729,  951,  720,  464,  371,  411,  187,  777,  976,  382,  423,  760,  195,  706,  102,  208,  148,  317,  381,  915,  310,  112,  526,  640,  205,  293,  529,  209,  472,  726,  381,  542,  589,  525,  679,  429,  560,  171,  351,  663,  248,  180,  676,  310,  836,  796,  196,  678,  490,  757,  637,  616, 1070,  120,  664,  571,  791,  418,  119,  722,  239,  855,  817,  104,   66,  457,  661,  919,  680,  221,  220,  740,  246,  277,  855,  637,  625,  648,  742,  290,  985,  825,  478,  981,  551,  201,  779,  551,  889,  925,  341,  694,  596,  841,  667,  505,  501,  676,  546,  645,  551,  674,  272,  673,  819,  775,  121,  550,  198,  868,  752,  826,  509,  488,  431,  632,  965,  631,  707,  538,  873,  554,  460,   41,  808,  646,  389,  628,  556,   98,  799,  806,  711,  246,  492,  469,  655, 1011,  471,  505,  706,  736,  501,   59,   87,  581,  417,  377,  208,  477],
        [  445,    0,   87,  471,  473,  137,    0,  142,  264,  583,  533,  718,  363,  718,  404,  749,  427,  388,  672,  651,  557,  543,  217,  561,  210,  276,   52,  504,  664,  237,  100,  671,  617,  825,  590,  339,  245,  277,  313,  642,  853,  267,  343,  643,  225,  570,   84,  138,  184,  203,  373,  783,  362,  121,  543,  553,  341,  249,  393,  346,  389,  628,  248,  470,  486,  483,  556,  413,  508,  307,  244,  562,  210,  151,  574,  353,  700,  691,  292,  569,  358,  737,  509,  482,  946,  108,  655,  455,  774,  349,  224,  595,  309,  729,  741,  202,  171,  331,  554,  811,  568,  321,  325,  615,  250,  183,  743,  527,  498,  548,  641,  156,  857,  692,  355,  851,  422,  334,  644,  442,  755,  792,  217,  640,  484,  746,  554,  455,  491,  560,  418,  616,  415,  618,  348,  557,  719,  641,   88,  552,  142,  739,  636,  740,  373,  351,  417,  497,  838,  494,  629,  418,  751,  478,  370,  170,  673,  511,  332,  582,  435,   89,  712,  721,  644,  113,  458,  353,  541,  886,  465,  390,  615,  656,  385,   97,   52,  481,  326,  307,  334,  386],
        [  546,    0,  208,  515,  601,  166,  142,    0,  391,  686,  576,  667,  387,  763,  277,  653,  472,  257,  554,  530,  487,  671,  104,  646,  350,  416,  105,  598,  683,  260,  233,  533,  579,  817,  685,  344,  359,  369,  263,  712,  839,  393,  260,  615,  337,  628,  199,  279,   71,  333,  234,  799,  229,  233,  402,  477,  323,  389,  448,  337,  310,  567,  349,  376,  434,  363,  664,  278,  396,  289,  376,  507,  348,  283,  520,  217,  743,  641,  362,  693,  386,  606,  515,  565,  932,  227,  519,  429,  642,  253,  163,  593,  192,  724,  651,  268,  139,  338,  680,  765,  690,  229,  238,  610,  109,  134,  705,  488,  500,  679,  584,  213,  858,  713,  468,  855,  435,  299,  717,  569,  777,  813,  336,  530,  608,  679,  675,  341,  355,  532,  427,  489,  477,  509,  231,  675,  661,  723,  212,  413,   44,  744,  607,  663,  439,  420,  281,  532,  834,  549,  542,  402,  736,  390,  301,  167,  704,  547,  223,  465,  549,   75,  636,  642,  545,  228,  332,  476,  510,  876,  327,  364,  544,  571,  362,  178,  126,  424,  464,  213,  365,  317],
        [  211,    0,  184,  354,  210,  378,  264,  391,    0,  336,  405,  739,  323,  562,  599,  854,  319,  647,  828,  815,  633,  280,  479,  348,  104,   92,  315,  279,  561,  452,  164,  884,  627,  759,  356,  342,   63,  130,  564,  447,  794,    6,  480,  631,  313,  406,  279,  182,  445,   62,  596,  675,  620,  287,  774,  640,  572,  197,  274,  569,  510,  679,  106,  598,  542,  658,  304,  626,  664,  541,   34,  610,  207,  234,  619,  607,  549,  715,  439,  305,  309,  924,  456,  282,  881,  270,  856,  473,  963,  505,  484,  542,  572,  663,  835,  385,  428,  335,  291,  816,  305,  583,  586,  563,  495,  349,  737,  553,  457,  288,  684,  222,  771,  581,  110,  759,  380,  577,  444,  179,  639,  673,   63,  781,  221,  794,  292,  623,  701,  560,  385,  797,  274,  759,  611,  296,  755,  426,  261,  771,  371,  654,  628,  810,  236,  219,  630,  392,  763,  349,  727,  430,  701,  598,  479,  418,  547,  400,  509,  743,  180,  353,  783,  795,  762,  165,  646,   92,  551,  819,  682,  428,  685,  747,  418,  321,  310,  547,  104,  470,  521,  492],
        [  140,    0,  497,  312,  210,  708,  583,  686,  336,    0,  311,  739,  407,  350,  817,  940,  320,  939,  976,  975,  721,  193,  785,  116,  435,  391,  633,  100,  436,  788,  487, 1096,  637,  642,   53,  461,  339,  317,  893,  201,  681,  332,  666,  613,  642,  244,  612,  518,  750,  395,  843,  514,  910,  622, 1018,  738,  907,  509,  302,  904,  673,  727,  339,  749,  630,  848,   42,  858,  834,  875,  368,  671,  532,  569,  673,  893,  350,  722,  771,  160,  394, 1100,  446,  158,  747,  606, 1056,  542, 1139,  701,  806,  496,  876,  566,  909,  721,  753,  458,  177,  783,  138,  900,  906,  513,  775,  597,  703,  604,  462,  220,  722,  477,  623,  438,  231,  605,  424,  909,  186,  206,  474,  495,  368,  917,  167,  819,  130,  810,  925,  577,  438,  978,  269,  897,  915,  104,  771,  141,  595,  998,  654,  531,  616,  859,  283,  292,  863,  341,  631,  264,  821,  510,  617,  739,  640,  747,  392,  336,  724,  905,  159,  667,  836,  852,  874,  471,  850,  249,  582,  690,  915,  537,  755,  830,  527,  653,  633,  643,  351,  681,  856,  646],
        [  263,    0,  460,   62,  441,  669,  533,  576,  405,  311,    0,  429,  193,  188,  602,  640,  107,  794,  701,  705,  431,  465,  678,  197,  499,  496,  571,  230,  157,  769,  472,  856,  329,  364,  267,  246,  358,  290,  830,  179,  401,  400,  445,  303,  692,   82,  599,  545,  646,  431,  654,  270,  765,  625,  810,  452,  871,  598,  144,  878,  434,  424,  323,  492,  349,  607,  330,  653,  580,  836,  435,  374,  598,  600,  375,  744,  169,  413,  802,  448,  190,  835,  145,  173,  483,  607,  809,  263,  873,  484,  730,  186,  757,  274,  607,  724,  688,  248,  456,  475,  428,  804,  813,  204,  631,  450,  395,  309,  165,  492,  417,  381,  367,  176,  324,  355,  165,  859,  193,  413,  235,  270,  386,  638,  405,  510,  414,  570,  705,  273,  179,  722,  133,  621,  793,  391,  461,  229,  589,  776,  533,  254,  306,  552,  174,  195,  657,   50,  363,   61,  529,  246,  321,  477,  404,  697,  145,   36,  519,  642,  331,  592,  531,  547,  587,  435,  621,  372,  282,  421,  703,  286,  457,  533,  279,  627,  582,  366,  487,  479,  862,  404],
        [  672,    0,  687,  437,  845,  823,  718,  667,  739,  739,  429,    0,  417,  486,  499,  263,  449,  765,  405,  427,  196,  882,  740,  626,  801,  827,  728,  654,  339,  924,  714,  625,  113,  260,  695,  404,  677,  610,  916,  583,  254,  735,  412,  127,  935,  501,  801,  803,  723,  733,  584,  361,  744,  837,  659,  215,  986,  895,  487, 1002,  364,  110,  634,  332,  235,  439,  756,  550,  387,  953,  758,  161,  877,  846,  148,  720,  468,   27, 1007,  870,  431,  546,  302,  594,  327,  822,  570,  272,  575,  432,  822,  245,  779,  236,  223,  913,  806,  412,  875,  100,  852,  849,  863,  229,  652,  546,   77,  193,  293,  907,   89,  584,  328,  358,  699,  341,  362,  956,  600,  812,  378,  395,  692,  346,  815,   90,  837,  421,  554,  180,  355,  476,  507,  341,  801,  816,   43,  645,  801,  604,  628,  290,  124,  149,  525,  535,  553,  402,  291,  479,  217,  314,  195,  311,  367,  832,  397,  405,  474,  399,  735,  725,  142,  156,  275,  674,  476,  746,  189,  294,  573,  331,  154,  196,  338,  808,  749,  243,  840,  464, 1029,  351],
        [  294,    0,  304,  137,  448,  495,  363,  387,  323,  407,  193,  417,    0,  379,  424,  556,  100,  602,  572,  569,  331,  497,  488,  320,  391,  412,  395,  307,  302,  598,  324,  694,  305,  467,  381,   58,  261,  195,  645,  352,  497,  319,  268,  311,  552,  257,  438,  409,  457,  321,  467,  421,  573,  470,  631,  344,  693,  489,  105,  701,  268,  363,  218,  343,  237,  444,  406,  472,  428,  657,  343,  296,  476,  460,  303,  552,  358,  393,  648,  496,   15,  694,  149,  250,  590,  452,  652,  156,  733,  305,  544,  238,  565,  369,  531,  563,  506,   58,  496,  495,  482,  614,  624,  258,  439,  258,  417,  235,  143,  519,  366,  208,  495,  331,  292,  488,   62,  676,  362,  413,  395,  432,  278,  514,  426,  475,  466,  406,  530,  238,   64,  572,  138,  494,  601,  451,  434,  383,  432,  604,  344,  376,  307,  497,  130,  131,  476,  147,  478,  181,  431,  115,  397,  334,  235,  519,  318,  162,  336,  499,  344,  410,  470,  484,  478,  283,  451,  336,  229,  528,  525,  132,  377,  446,  122,  460,  409,  247,  424,  294,  697,  240],
        [  376,    0,  642,  250,  538,  854,  718,  763,  562,  350,  188,  486,  379,    0,  771,  734,  294,  977,  829,  839,  554,  539,  865,  249,  662,  647,  758,  317,  149,  953,  651, 1007,  416,  311,  298,  429,  524,  461, 1017,  150,  350,  556,  618,  370,  863,  157,  780,  718,  834,  598,  830,  171,  949,  805,  977,  578, 1058,  758,  326, 1063,  598,  521,  495,  643,  489,  764,  385,  824,  730, 1022,  594,  490,  764,  774,  486,  927,   23,  478,  979,  509,  378,  970,  288,  286,  403,  786,  957,  415, 1005,  656,  918,  267,  944,  262,  697,  905,  876,  433,  524,  495,  487,  991, 1001,  272,  817,  636,  426,  434,  310,  567,  506,  567,  279,  128,  464,  260,  342, 1046,  165,  519,  133,  148,  555,  765,  496,  575,  478,  729,  869,  382,  354,  865,  307,  750,  979,  452,  525,  214,  769,  939,  721,  212,  377,  630,  350,  371,  828,  233,  294,  225,  642,  411,  313,  625,  572,  884,   92,  218,  694,  783,  442,  779,  614,  631,  704,  616,  783,  508,  400,  350,  872,  455,  564,  638,  450,  810,  768,  508,  627,  656, 1044,  569],
        [  687,    0,  438,  555,  795,  437,  404,  277,  599,  817,  602,  499,  424,  771,    0,  403,  524,  268,  280,  254,  304,  859,  294,  742,  592,  651,  379,  718,  650,  516,  470,  286,  448,  714,  799,  367,  547,  523,  456,  773,  724,  599,  158,  499,  614,  676,  473,  538,  294,  553,   87,  746,  250,  508,  208,  284,  538,  651,  524,  559,  175,  390,  519,  168,  307,   90,  808,   55,  136,  510,  595,  354,  613,  553,  366,  227,  749,  476,  631,  871,  434,  334,  485,  667,  812,  501,  258,  360,  372,  120,  381,  532,  299,  639,  411,  540,  391,  367,  864,  596,  862,  373,  388,  540,  198,  251,  559,  373,  464,  874,  411,  378,  771,  681,  640,  775,  438,  500,  784,  759,  737,  770,  537,  265,  789,  479,  846,   84,  108,  431,  424,  213,  558,  246,  312,  838,  477,  807,  485,  182,  263,  677,  488,  443,  536,  525,   59,  552,  739,  603,  316,  361,  631,  189,  200,  425,  691,  567,   94,  193,  715,  352,  420,  421,  297,  446,   56,  665,  406,  765,  102,  318,  349,  347,  324,  454,  401,  289,  692,  137,  615,  204],
        [  846,    0,  748,  629, 1004,  819,  749,  653,  854,  940,  640,  263,  556,  734,  403,    0,  624,  657,  180,  211,  226, 1053,  693,  833,  889,  932,  741,  845,  586,  908,  780,  408,  321,  520,  902,  519,  792,  738,  858,  811,  508,  852,  407,  365,  972,  720,  830,  864,  688,  830,  485,  623,  644,  867,  488,  215,  939,  971,  652,  960,  362,  218,  752,  280,  320,  316,  949,  438,  267,  911,  865,  270,  943,  896,  267,  623,  715,  262, 1014, 1049,  571,  303,  497,  784,  568,  855,  355,  404,  325,  403,  780,  473,  700,  497,   41,  920,  782,  526, 1050,  317, 1034,  774,  789,  464,  596,  567,  338,  336,  480, 1075,  229,  655,  589,  609,  846,  602,  522,  902,  827,  969,  637,  657,  797,  148,  982,  181, 1018,  322,  406,  368,  509,  276,  680,  161,  710, 1000,  221,  868,  836,  428,  625,  551,  357,  116,  685,  687,  438,  601,  552,  677,  128,  442,  458,  272,  386,  815,  643,  609,  431,  226,  900,  724,  123,  107,  108,  744,  356,  887,  359,  546,  434,  431,  185,  112,  441,  822,  764,  311,  958,  445, 1010,  371],
        [  226,    0,  355,   45,  397,  562,  427,  472,  319,  320,  107,  449,  100,  294,  524,  624,    0,  697,  658,  658,  403,  435,  574,  224,  406,  410,  465,  222,  249,  663,  368,  791,  339,  441,  289,  158,  265,  194,  724,  253,  476,  314,  367,  329,  591,  160,  493,  444,  543,  336,  567,  367,  668,  521,  731,  419,  765,  505,   45,  771,  365,  417,  227,  435,  311,  541,  325,  571,  521,  730,  346,  356,  502,  498,  360,  648,  275,  428,  698,  428,   93,  785,  148,  162,  563,  502,  748,  223,  824,  405,  624,  227,  656,  345,  595,  619,  582,  158,  431,  513,  411,  700,  710,  249,  533,  349,  432,  290,  157,  460,  415,  274,  456,  273,  256,  446,  105,  752,  262,  364,  335,  371,  291,  598,  368,  519,  395,  503,  630,  273,  119,  665,   59,  579,  692,  377,  474,  284,  484,  702,  430,  337,  328,  551,   84,  101,  576,   76,  445,   82,  504,  191,  384,  423,  332,  591,  248,   87,  435,  590,  287,  486,  526,  542,  555,  330,  549,  304,  273,  501,  625,  221,  440,  514,  212,  521,  476,  324,  410,  394,  757,  336],
        [  800,    0,  463,  737,  857,  330,  388,  257,  647,  939,  794,  765,  602,  977,  268,  657,  697,    0,  503,  471,  570,  927,  175,  890,  597,  663,  340,  848,  874,  359,  486,  378,  705,  967,  935,  549,  615,  622,  242,  947,  981,  649,  378,  753,  524,  856,  415,  515,  205,  588,  182,  981,   30,  438,  226,  551,  326,  616,  682,  350,  416,  656,  604,  434,  558,  344,  919,  222,  397,  310,  630,  614,  572,  502,  627,   51,  956,  742,  486,  950,  606,  491,  703,  810, 1071,  440,  391,  590,  518,  346,  220,  766,   93,  885,  670,  416,  265,  546,  937,  863,  947,  147,  160,  778,  166,  351,  822,  623,  684,  934,  677,  463, 1020,  906,  724, 1022,  636,  283,  954,  825,  966, 1001,  593,  510,  865,  747,  932,  350,  257,  678,  625,  410,  713,  496,   70,  931,  745,  965,  434,  270,  286,  917,  743,  709,  680,  663,  221,  746,  990,  778,  582,  578,  884,  454,  429,  297,  906,  761,  302,  433,  805,  301,  687,  687,  556,  484,  304,  732,  653, 1022,  225,  534,  617,  612,  536,  377,  353,  542,  714,  330,  433,  439],
        [  864,    0,  691,  674, 1003,  716,  672,  554,  828,  976,  701,  405,  572,  829,  280,  180,  658,  503,    0,   34,  275, 1060,  571,  880,  842,  894,  653,  878,  685,  794,  724,  230,  422,  663,  946,  522,  769,  727,  724,  879,  658,  826,  349,  475,  888,  782,  746,  800,  573,  792,  348,  745,  495,  782,  315,  252,  808,  912,  676,  830,  320,  321,  733,  233,  353,  192,  978,  298,  167,  783,  832,  339,  878,  822,  344,  476,  808,  394,  910, 1064,  585,  144,  558,  819,  727,  774,  176,  440,  177,  329,  657,  562,  561,  620,  210,  819,  670,  527, 1061,  478, 1051,  634,  649,  560,  476,  499,  481,  398,  538, 1079,  340,  611,  730,  712,  843,  741,  555,  767,  894,  967,  751,  777,  767,   65,  989,  339, 1035,  217,  247,  447,  541,  100,  708,   81,  564, 1021,  366,  928,  756,  255,  535,  671,  465,  278,  701,  698,  297,  655,  693,  725,  194,  468,  591,  239,  353,  704,  738,  667,  340,   90,  908,  628,  271,  261,  131,  693,  225,  878,  430,  698,  279,  440,  272,  210,  450,  730,  676,  337,  928,  369,  892,  342],
        [  860,    0,  674,  676,  995,  690,  651,  530,  815,  975,  705,  427,  569,  839,  254,  211,  658,  471,   34,    0,  285, 1053,  543,  881,  826,  879,  630,  875,  696,  767,  706,  202,  437,  684,  946,  517,  758,  718,  693,  884,  680,  814,  336,  490,  866,  786,  724,  781,  547,  778,  319,  761,  464,  760,  282,  261,  778,  894,  673,  800,  311,  338,  722,  227,  357,  169,  975,  269,  151,  753,  818,  350,  858,  801,  356,  445,  818,  415,  884, 1058,  582,  131,  564,  817,  751,  751,  147,  443,  168,  313,  628,  573,  530,  637,  240,  793,  643,  522, 1054,  504, 1045,  603,  618,  572,  449,  482,  502,  406,  543, 1071,  358,  597,  750,  724,  834,  760,  556,  737,  898,  958,  766,  792,  754,   82,  981,  365, 1029,  198,  215,  458,  541,   66,  706,   90,  532, 1016,  389,  931,  734,  222,  513,  687,  481,  306,  697,  693,  268,  659,  714,  727,  213,  468,  610,  236,  344,  678,  749,  671,  320,   73,  901,  605,  296,  287,  152,  677,  199,  868,  439,  720,  247,  438,  288,  231,  448,  707,  653,  340,  914,  352,  863,  334],
        [  622,    0,  542,  411,  779,  648,  557,  487,  633,  721,  431,  196,  331,  554,  304,  226,  403,  570,  275,  285,    0,  828,  551,  618,  675,  714,  559,  625,  411,  746,  573,  465,  159,  422,  686,  295,  571,  514,  726,  608,  427,  630,  227,  213,  780,  512,  640,  660,  537,  613,  389,  481,  549,  678,  474,   26,  800,  763,  429,  817,  177,   87,  529,  137,   95,  251,  728,  356,  201,  768,  646,   66,  737,  697,   74,  525,  533,  173,  839,  825,  346,  416,  287,  564,  512,  664,  413,  181,  451,  241,  635,  288,  586,  361,  202,  744,  624,  302,  826,  294,  810,  656,  670,  287,  460,  376,  256,  124,  267,  850,  108,  444,  484,  440,  621,  491,  299,  768,  623,  744,  483,  511,  578,  211,  757,  193,  794,  229,  367,  173,  286,  318,  457,  196,  606,  777,  179,  660,  644,  423,  451,  407,  203,  184,  460,  462,  359,  388,  450,  462,  102,  218,  342,  116,  189,  653,  464,  398,  282,  235,  675,  550,  156,  167,  156,  535,  285,  663,  155,  469,  383,  207,   58,  115,  217,  641,  581,   87,  737,  277,  851,  173],
        [  210,    0,  464,  445,   71,  647,  543,  671,  280,  193,  465,  882,  497,  539,  859, 1053,  435,  927, 1060, 1053,  828,    0,  758,  292,  350,  287,  593,  237,  608,  707,  443, 1145,  773,  818,  243,  541,  317,  338,  833,  390,  857,  278,  723,  758,  534,  415,  546,  440,  725,  340,  866,  697,  899,  545, 1045,  841,  828,  392,  402,  821,  743,  851,  341,  827,  734,  907,  154,  892,  904,  800,  300,  788,  427,  481,  793,  886,  536,  862,  662,   42,  482, 1170,  580,  292,  928,  531, 1112,  649, 1210,  754,  758,  646,  851,  735, 1026,  633,  702,  535,   20,  937,   60,  860,  862,  666,  773,  615,  856,  723,  591,   29,  850,  485,  805,  615,  220,  788,  534,  839,  377,  103,  657,  681,  336, 1006,   72,  954,   64,  870,  965,  708,  545, 1044,  377,  985,  890,   90,  908,  333,  527, 1036,  648,  706,  759,  985,  369,  367,  896,  482,  810,  408,  928,  611,  784,  822,  709,  688,  570,  481,  766,  980,  153,  632,  960,  975,  974,  443,  901,  197,  708,  869,  949,  627,  871,  942,  616,  589,  586,  744,  236,  725,  757,  719],
        [  645,    0,  296,  618,  688,  165,  217,  104,  479,  785,  678,  740,  488,  865,  294,  693,  574,  175,  571,  543,  551,  758,    0,  748,  423,  490,  167,  699,  781,  225,  316,  507,  660,  906,  786,  442,  452,  469,  176,  815,  926,  481,  328,  699,  359,  731,  242,  341,   35,  418,  226,  895,  150,  267,  362,  538,  250,  442,  551,  269,  377,  635,  447,  428,  511,  384,  761,  276,  427,  220,  460,  580,  399,  329,  593,  147,  845,  714,  346,  783,  488,  599,  611,  667, 1019,  268,  504,  518,  631,  310,   88,  687,   94,  815,  697,  262,  105,  437,  769,  839,  781,  127,  137,  702,   97,  231,  784,  569,  595,  764,  654,  315,  950,  812,  563,  948,  533,  218,  820,  657,  875,  911,  428,  558,  698,  742,  767,  371,  343,  618,  524,  493,  580,  539,  133,  768,  729,  825,  260,  387,  145,  838,  690,  718,  542,  523,  278,  633,  925,  652,  593,  494,  824,  444,  375,  140,  804,  648,  272,  486,  644,  128,  692,  696,  585,  319,  347,  566,  594,  964,  312,  454,  606,  623,  453,  206,  179,  499,  541,  276,  321,  390],
        [  140,    0,  477,  207,  289,  695,  561,  646,  348,  116,  197,  626,  320,  249,  742,  833,  224,  890,  880,  881,  618,  292,  748,    0,  452,  422,  609,   73,  322,  784,  475, 1014,  526,  529,   70,  377,  329,  285,  874,  107,  568,  343,  587,  500,  661,  129,  605,  524,  714,  397,  778,  405,  861,  622,  947,  636,  898,  539,  219,  899,  588,  619,  314,  658,  529,  764,  143,  787,  745,  864,  381,  565,  554,  578,  567,  843,  245,  610,  785,  267,  310, 1008,  337,   82,  637,  605,  971,  441, 1047,  624,  781,  382,  837,  452,  801,  724,  731,  376,  280,  667,  246,  869,  876,  399,  725,  541,  588,  499,  354,  321,  612,  434,  513,  326,  240,  496,  326,  895,   99,  273,  365,  389,  361,  819,  247,  707,  234,  726,  849,  468,  340,  889,  185,  800,  875,  209,  658,   81,  591,  922,  609,  417,  502,  748,  212,  228,  792,  232,  520,  157,  718,  413,  502,  646,  555,  730,  280,  225,  651,  814,  199,  639,  726,  742,  773,  450,  770,  277,  474,  579,  842,  445,  649,  724,  436,  643,  613,  544,  394,  609,  863,  559],
        [  314,    0,  154,  444,  281,  298,  210,  350,  104,  435,  499,  801,  391,  662,  592,  889,  406,  597,  842,  826,  675,  350,  423,  452,    0,   68,  257,  382,  652,  361,  123,  870,  690,  845,  458,  397,  142,  212,  483,  551,  878,  110,  495,  701,  210,  506,  197,   91,  392,   71,  574,  769,  571,  196,  749,  678,  482,  100,  362,  476,  532,  731,  180,  620,  589,  662,  400,  610,  676,  452,   71,  661,  103,  136,  671,  562,  648,  775,  336,  382,  378,  924,  533,  385,  967,  182,  849,  529,  963,  513,  412,  621,  514,  748,  874,  289,  356,  389,  364,  884,  386,  514,  515,  643,  458,  345,  806,  610,  531,  350,  738,  235,  861,  674,  213,  850,  451,  490,  547,  257,  734,  769,  116,  801,  303,  848,  375,  629,  688,  625,  454,  800,  367,  779,  552,  383,  812,  530,  178,  753,  341,  743,  697,  857,  326,  307,  614,  480,  850,  445,  763,  487,  782,  623,  504,  339,  643,  490,  509,  754,  277,  296,  829,  841,  791,  149,  643,  187,  612,  905,  665,  477,  730,  786,  468,  240,  245,  590,  120,  474,  422,  519],
        [  282,    0,  215,  445,  220,  364,  276,  416,   92,  391,  496,  827,  412,  647,  651,  932,  410,  663,  894,  879,  714,  287,  490,  422,   68,    0,  324,  350,  652,  420,  185,  931,  715,  851,  419,  427,  151,  221,  547,  525,  886,   97,  545,  721,  254,  492,  262,  156,  459,  103,  637,  765,  638,  258,  812,  719,  542,  119,  366,  535,  580,  764,  194,  668,  624,  717,  353,  671,  729,  513,   70,  694,  144,  194,  703,  629,  635,  802,  383,  322,  398,  981,  547,  363,  973,  246,  908,  559, 1020,  566,  478,  633,  581,  755,  914,  347,  422,  419,  303,  906,  327,  581,  582,  655,  523,  402,  827,  640,  548,  286,  770,  283,  862,  671,  184,  850,  470,  553,  520,  199,  729,  762,  137,  850,  246,  880,  317,  683,  749,  649,  475,  856,  365,  828,  619,  329,  842,  497,  243,  815,  404,  745,  718,  893,  328,  310,  675,  483,  854,  438,  805,  516,  793,  669,  550,  405,  637,  491,  565,  807,  234,  363,  865,  877,  836,  205,  701,  146,  638,  910,  727,  511,  767,  826,  501,  306,  312,  627,   53,  529,  474,  564],
        [  495,    0,  137,  510,  523,  101,   52,  105,  315,  633,  571,  728,  395,  758,  379,  741,  465,  340,  653,  630,  559,  593,  167,  609,  257,  324,    0,  553,  696,  205,  152,  637,  632,  850,  639,  364,  295,  324,  266,  687,  876,  318,  338,  661,  236,  612,   95,  178,  135,  254,  339,  815,  314,  130,  504,  553,  301,  286,  433,  307,  386,  634,  297,  462,  494,  462,  606,  382,  491,  265,  294,  570,  244,  178,  582,  307,  739,  702,  280,  620,  391,  710,  536,  529,  970,  123,  624,  472,  746,  339,  174,  621,  259,  754,  736,  186,  122,  357,  605,  824,  619,  270,  274,  640,  210,  184,  758,  540,  525,  599,  649,  191,  885,  725,  406,  880,  451,  290,  690,  493,  789,  826,  268,  625,  536,  750,  606,  437,  459,  577,  446,  591,  457,  604,  298,  608,  727,  688,  108,  517,  119,  768,  654,  740,  415,  395,  386,  533,  865,  535,  625,  438,  773,  472,  371,  127,  709,  547,  316,  563,  486,   40,  713,  720,  634,  163,  434,  404,  557,  911,  432,  407,  617,  653,  402,   82,   24,  488,  375,  297,  307,  387],
        [   68,    0,  418,  220,  223,  635,  504,  598,  279,  100,  230,  654,  307,  317,  718,  845,  222,  848,  878,  875,  625,  237,  699,   73,  382,  350,  553,    0,  373,  721,  413,  996,  549,  582,   88,  361,  265,  231,  817,  179,  621,  273,  566,  529,  591,  180,  543,  457,  664,  331,  747,  465,  819,  558,  920,  641,  837,  467,  203,  837,  574,  635,  256,  650,  533,  748,  104,  760,  734,  804,  312,  577,  484,  511,  580,  802,  310,  636,  717,  218,  295, 1001,  356,   62,  694,  540,  957,  445, 1040,  602,  726,  414,  789,  499,  815,  659,  674,  358,  227,  705,  199,  818,  824,  433,  683,  503,  624,  510,  370,  265,  631,  387,  572,  381,  170,  556,  326,  836,  172,  203,  426,  453,  297,  819,  183,  731,  184,  710,  826,  487,  340,  878,  170,  799,  828,  162,  684,  148,  527,  899,  564,  470,  531,  768,  183,  194,  765,  253,  575,  176,  726,  412,  548,  640,  540,  672,  336,  250,  626,  806,  127,  585,  744,  760,  777,  392,  751,  204,  490,  635,  816,  438,  661,  735,  428,  581,  555,  546,  321,  583,  797,  546],
        [  415,    0,  598,  208,  591,  796,  664,  683,  561,  436,  157,  339,  302,  149,  650,  586,  249,  874,  685,  696,  411,  608,  781,  322,  652,  652,  696,  373,    0,  899,  613,  871,  268,  210,  386,  340,  511,  441,  944,  254,  249,  556,  502,  222,  838,  195,  736,  692,  753,  583,  716,  120,  847,  765,  852,  436,  994,  752,  291, 1003,  476,  373,  474,  509,  354,  633,  464,  704,  595,  958,  590,  346,  749,  746,  341,  825,  130,  331,  943,  587,  307,  826,  173,  322,  326,  747,  819,  291,  861,  539,  843,  124,  852,  131,  548,  861,  807,  346,  598,  358,  566,  906,  918,  126,  721,  551,  284,  295,  191,  637,  358,  508,  210,   32,  481,  199,  249,  977,  271,  566,   94,  131,  538,  621,  553,  428,  553,  600,  743,  239,  257,  726,  288,  607,  885,  529,  378,  320,  727,  809,  640,   98,  229,  482,  327,  346,  708,  173,  206,  217,  496,  297,  182,  490,  453,  821,   58,  163,  580,  643,  484,  711,  466,  483,  558,  575,  656,  529,  260,  265,  748,  341,  417,  490,  339,  759,  710,  373,  644,  546,  997,  448],
        [  656,    0,  313,  707,  639,  105,  237,  260,  452,  788,  769,  924,  598,  953,  516,  908,  663,  359,  794,  767,  746,  707,  225,  784,  361,  420,  205,  721,  899,    0,  310,  724,  831, 1055,  804,  568,  456,  503,  147,  870, 1080,  457,  520,  863,  196,  803,  179,  272,  222,  394,  450, 1018,  346,  166,  574,  737,  122,  327,  628,  117,  570,  826,  471,  634,  690,  605,  756,  500,  645,   95,  422,  764,  286,  227,  777,  352,  935,  897,  128,  741,  593,  821,  741,  707, 1174,  183,  725,  674,  853,  511,  144,  826,  268,  959,  908,   78,  126,  561,  723, 1021,  746,  222,  214,  844,  319,  380,  958,  740,  729,  705,  842,  391, 1089,  927,  558, 1084,  655,  137,  871,  617,  991, 1028,  424,  778,  663,  939,  735,  589,  567,  779,  650,  717,  648,  759,  291,  743,  919,  864,  194,  606,  297,  972,  855,  922,  606,  584,  502,  733, 1069,  729,  801,  642,  977,  648,  560,   94,  909,  747,  479,  708,  632,  200,  895,  901,  800,  339,  570,  542,  758, 1115,  535,  608,  803,  830,  604,  144,  189,  681,  472,  472,  106,  576],
        [  351,    0,   33,  411,  373,  222,  100,  233,  164,  487,  472,  714,  324,  651,  470,  780,  368,  486,  724,  706,  573,  443,  316,  475,  123,  185,  152,  413,  613,  310,    0,  748,  607,  791,  498,  315,  149,  194,  407,  561,  821,  167,  379,  626,  228,  498,  132,   89,  283,  103,  452,  733,  459,  155,  628,  574,  424,  192,  328,  425,  420,  635,  162,  506,  491,  541,  459,  488,  558,  391,  145,  566,  165,  136,  577,  448,  634,  688,  331,  469,  315,  803,  472,  397,  913,  136,  727,  444,  841,  395,  322,  561,  409,  693,  767,  255,  267,  307,  454,  803,  468,  420,  424,  582,  340,  225,  729,  522,  466,  449,  645,  131,  815,  639,  258,  807,  386,  423,  562,  342,  702,  738,  120,  685,  384,  754,  455,  509,  565,  545,  385,  679,  344,  663,  448,  458,  721,  555,  119,  631,  220,  696,  620,  757,  301,  280,  492,  442,  800,  426,  656,  403,  721,  511,  394,  260,  615,  454,  388,  635,  336,  189,  728,  739,  679,   42,  522,  253,  529,  852,  543,  384,  630,  680,  377,  169,  147,  490,  232,  355,  395,  410],
        [  969,    0,  717,  817, 1081,  670,  671,  533,  884, 1096,  856,  625,  694, 1007,  286,  408,  791,  378,  230,  202,  465, 1145,  507, 1014,  870,  931,  637,  996,  871,  724,  748,    0,  623,  878, 1074,  637,  833,  808,  619, 1033,  877,  883,  430,  677,  861,  934,  729,  808,  522,  836,  299,  946,  383,  761,  153,  440,  703,  920,  797,  727,  427,  530,  805,  366,  518,  251, 1089,  260,  278,  686,  878,  530,  879,  815,  539,  373,  985,  611,  849, 1156,  705,  133,  722,  943,  951,  757,   56,  595,  147,  396,  580,  747,  460,  825,  440,  768,  611,  640, 1149,  705, 1147,  523,  537,  749,  429,  535,  699,  577,  701, 1160,  552,  664,  943,  900,  925,  953,  696,  660, 1045, 1045,  947,  975,  822,  281, 1075,  566, 1131,  289,  183,  633,  681,  150,  831,  284,  447, 1122,  589, 1073,  744,  121,  532,  872,  667,  507,  814,  805,  257,  807,  908,  867,  409,  611,  802,  383,  459,  646,  919,  820,  379,  232, 1000,  603,  497,  489,  351,  728,  246,  951,  611,  918,  206,  572,  480,  430,  581,  702,  657,  500,  974,  421,  807,  456],
        [  563,    0,  581,  331,  735,  729,  617,  579,  627,  637,  329,  113,  305,  416,  448,  321,  339,  705,  422,  437,  159,  773,  660,  526,  690,  715,  632,  549,  268,  831,  607,  623,    0,  267,  595,  295,  565,  499,  835,  494,  277,  623,  335,   54,  830,  406,  700,  696,  639,  622,  528,  325,  682,  736,  630,  184,  901,  786,  376,  916,  291,  106,  522,  285,  150,  406,  652,  502,  358,  867,  646,   97,  769,  741,   86,  658,  396,   90,  908,  763,  319,  565,  194,  488,  366,  720,  569,  165,  599,  362,  738,  153,  708,  203,  284,  816,  717,  303,  768,  196,  745,  775,  788,  144,  577,  452,  127,   92,  183,  798,   92,  478,  327,  293,  588,  334,  250,  874,  510,  702,  330,  356,  581,  358,  706,  183,  730,  380,  522,   68,  243,  475,  397,  347,  734,  710,  136,  553,  699,  580,  538,  250,   45,  224,  414,  423,  505,  297,  293,  374,  230,  205,  185,  263,  285,  741,  324,  302,  405,  392,  625,  632,  204,  220,  293,  566,  437,  634,   79,  318,  535,  227,  151,  223,  233,  709,  651,  165,  728,  387,  936,  272],
