{
    "name": "random-66-28166",
    "comment": "size=66 seed=28166",
    "nodes": ["+0", "-0", "+1", "-1", "+2", "-2", "+3", "-3", "+4", "-4", "+5", "-5", "+6", "-6", "+7", "-7", "+8", "-8", "+9", "-9", "+10", "-10", "+11", "-11", "+12", "-12", "+13", "-13", "+14", "-14", "+15", "-15", "+16", "-16", "+17", "-17", "+18", "-18", "+19", "-19", "+20", "-20", "+21", "-21", "+22", "-22", "+23", "-23", "+24", "-24", "+25", "-25", "+26", "-26", "+27", "-27", "+28", "-28", "+29", "-29", "+30", "-30", "+31", "-31", "+32", "-32", "+33", "-33", "+34", "-34", "+35", "-35", "+36", "-36", "+37", "-37", "+38", "-38", "+39", "-39", "+40", "-40", "+41", "-41", "+42", "-42", "+43", "-43", "+44", "-44", "+45", "-45", "+46", "-46", "+47", "-47", "+48", "-48", "+49", "-49", "+50", "-50", "+51", "-51", "+52", "-52", "+53", "-53", "+54", "-54", "+55", "-55", "+56", "-56", "+57", "-57", "+58", "-58", "+59", "-59", "+60", "-60", "+61", "-61", "+62", "-62", "+63", "-63", "+64", "-64", "+65", "-65", "+66", "-66"],
    "precedence": {
        "+0": "-0",
        "+1": "-1",
        "+2": "-2",
        "+3": "-3",
        "+4": "-4",
        "+5": "-5",
        "+6": "-6",
        "+7": "-7",
        "+8": "-8",
        "+9": "-9",
        "+10": "-10",
        "+11": "-11",
        "+12": "-12",
        "+13": "-13",
        "+14": "-14",
        "+15": "-15",
        "+16": "-16",
        "+17": "-17",
        "+18": "-18",
        "+19": "-19",
        "+20": "-20",
        "+21": "-21",
        "+22": "-22",
        "+23": "-23",
        "+24": "-24",
        "+25": "-25",
        "+26": "-26",
        "+27": "-27",
        "+28": "-28",
        "+29": "-29",
        "+30": "-30",
        "+31": "-31",
        "+32": "-32",
        "+33": "-33",
        "+34": "-34",
        "+35": "-35",
        "+36": "-36",
        "+37": "-37",
        "+38": "-38",
        "+39": "-39",
        "+40": "-40",
        "+41": "-41",
        "+42": "-42",
        "+43": "-43",
        "+44": "-44",
        "+45": "-45",
        "+46": "-46",
        "+47": "-47",
        "+48": "-48",
        "+49": "-49",
        "+50": "-50",
        "+51": "-51",
        "+52": "-52",
        "+53": "-53",
        "+54": "-54",
        "+55": "-55",
        "+56": "-56",
        "+57": "-57",
        "+58": "-58",
        "+59": "-59",
        "+60": "-60",
        "+61": "-61",
        "+62": "-62",
        "+63": "-63",
        "+64": "-64",
        "+65": "-65",
        "+66": "-66"
    },
    "edges": [
        [    0,    0, 1105, 1190,  799,  452,  790,  858, 1091,  484,  719,  358,  958,  296,  932, 1078,  600,  303,  826,  591,  458, 1079, 1076,  729,  391, 1212,  417,  297,  466,  368,  689,  870,  481,  722,  798,  500,  761,  626,  956,  314,  863,  667,  681,  966,  212,  269,  598,   53,  489, 1127, 1136, 1149,  770, 1018,  800,  755,  850,  639,  992,  401,  503, 1005,  525,  737,  512, 1030,  824, 1236,  132,  702,  690,  671,  720,  846,  704,  286,  405,  986,  777,  588,  607,  579,  610,  771,   82,  182,  892,  737,  880,  776,  128,  305,   51,  864,  720,  696,  838,  533,  208,  261,  550, 1047,  643,  757,  870,  913, 1023,  945,  842,  547,  383,  502,  930, 1050,  938,  273,  843,  251,  691,  460,  898, 1004,  854,  841,  822,  512, 1113,  791,  580,  562,  825,  561,  993, 1152],
        [    0,    0,    0,    0,    0,    0,    0,    0,    0,    0,    0,    0,    0,    0,    0,    0,    0,    0,    0,    0,    0,    0,    0,    0,    0,    0,    0,    0,    0,    0,    0,    0,    0,    0,    0,    0,    0,    0,    0,    0,    0,    0,    0,    0,    0,    0,    0,    0,    0,    0,    0,    0,    0,    0,    0,    0,    0,    0,    0,    0,    0,    0,    0,    0,    0,    0,    0,    0,    0,    0,    0,    0,    0,    0,    0,    0,    0,    0,    0,    0,    0,    0,    0,    0,    0,    0,    0,    0,    0,    0,    0,    0,    0,    0,    0,    0,    0,    0,    0,    0,    0,    0,    0,    0,    0,    0,    0,    0,    0,    0,    0,    0,    0,    0,    0,    0,    0,    0,    0,    0,    0,    0,    0,    0,    0,    0,    0,    0,    0,    0,    0,    0,    0,    0],
        [ 1105,    0,    0,  117,  670,  725,  366,  803,  190,  903,  728,  822,  663,  820,  424,  250,  857,  847,  321,  611,  665,   59,  180,  576,  992,  110,  977,  877,  684,  804,  602,  588,  854,  555,  687,  912,  575,  648,  617,  799,  497,  713,  426,  140, 1120,  860,  523, 1109,  694,  121,   34,  181,  735,   97,  377,  479,  386,  721,  316,  962,  612,  115,  816,  472,  607,  356,  405,  138, 1067,  534,  660,  759,  464,  842,  829, 1042,  931,  141,  360,  520,  828,  542,  502,  612, 1117, 1133,  510,  375,  457,  748, 1051,  880, 1073,  609,  482,  845,  332,  670,  976,  852,  597,  105,  501,  723,  238,  441,  339,  247,  263,  735,  730,  882,  366,  108,  265, 1034,  420,  855,  784,  821,  333,  104,  322,  850,  767,  668,   52,  877,  611,  721,  765,  546,  321,   63],
        [ 1190,    0,  117,    0,  679,  828,  420,  801,  155,  948,  844,  889,  644,  900,  538,  213,  890,  944,  377,  664,  761,  173,  157,  691, 1045,  110, 1029,  976,  786,  872,  636,  587,  902,  587,  803,  956,  597,  689,  599,  880,  613,  827,  510,  232, 1189,  937,  622, 1191,  799,  212,   89,  110,  851,  175,  490,  593,  502,  836,  306, 1015,  690,  229,  860,  585,  683,  328,  436,   63, 1143,  575,  774,  874,  575,  842,  848, 1105,  985,  204,  468,  613,  861,  641,  598,  728, 1196, 1205,  625,  474,  463,  864, 1128,  979, 1161,  608,  527,  866,  378,  777, 1072,  933,  664,  220,  565,  839,  339,  556,  315,  363,  354,  845,  823,  927,  481,  223,  289, 1098,  536,  941,  806,  929,  354,  211,  437,  966,  883,  773,  153,  885,  667,  832,  881,  630,  309,   55],
        [  799,    0,  670,  679,    0,  715,  352,  146,  526,  361,  952,  445,  160,  542,  859,  475,  256,  721,  387,  263,  608,  690,  523,  824,  480,  764,  455,  760,  668,  438,  152,  103,  337,  166,  974,  357,  115,  192,  164,  535,  865,  900,  450,  570,  688,  546,  576,  771,  715,  770,  685,  582,  993,  581,  683,  750,  752,  887,  375,  453,  433,  647,  287,  721,  416,  369,  275,  741,  692,  207,  870,  944,  689,  178,  179,  580,  431,  536,  618,  522,  232,  579,  544,  891,  761,  718,  899,  546,  217, 1007,  686,  771,  798,   85,  254,  197,  359,  733,  805,  572,  346,  695,  334,  974,  566,  858,  376,  715,  519,  824,  603,  337,  809,  701,  406,  582,  778,  624,  148,  840,  338,  620,  687, 1124, 1052,  705,  713,  208,  279,  823, 1052,  465,  372,  676],
        [  452,    0,  725,  828,  715,    0,  510,  837,  770,  596,  305,  398,  849,  290,  482,  779,  659,  150,  526,  453,  108,  686,  752,  278,  592,  822,  600,  166,   51,  386,  564,  735,  555,  566,  370,  616,  622,  530,  825,  275,  411,  246,  357,  598,  573,  333,  211,  480,   38,  718,  758,  819,  357,  655,  371,  308,  409,  221,  722,  576,  283,  613,  564,  294,  299,  776,  584,  862,  483,  528,  252,  272,  283,  848,  726,  558,  554,  636,  367,  240,  645,  194,  241,  326,  500,  565,  441,  356,  676,  367,  465,  164,  407,  741,  508,  730,  554,   81,  270,  295,  370,  646,  408,  341,  490,  462,  762,  523,  479,  129,  138,  595,  486,  648,  640,  543,  396,  246,  688,  127,  630,  622,  429,  465,  418,   63,  720,  823,  438,  137,  420,  267,  726,  781],
        [  790,    0,  366,  420,  352,  510,    0,  497,  302,  537,  664,  472,  415,  495,  513,  289,  497,  585,   45,  246,  414,  368,  288,  518,  628,  473,  613,  622,  460,  454,  246,  305,  489,  203,  667,  547,  240,  284,  377,  477,  530,  622,  156,  239,  771,  528,  311,  785,  493,  443,  391,  362,  696,  270,  345,  428,  410,  616,  215,  598,  290,  311,  451,  402,  280,  267,   93,  476,  730,  174,  581,  670,  374,  529,  483,  685,  567,  226,  281,  271,  468,  323,  276,  580,  787,  789,  562,  218,  194,  711,  716,  629,  768,  321,  119,  498,   49,  492,  705,  530,  247,  361,  149,  678,  215,  514,  253,  364,  168,  580,  454,  517,  461,  367,  148,  679,  439,  549,  436,  633,  121,  290,  340,  829,  750,  472,  397,  548,  248,  574,  749,  254,  218,  395],
        [  858,    0,  803,  801,  146,  837,  497,    0,  647,  382, 1087,  520,  183,  631, 1005,  592,  263,  824,  531,  387,  730,  828,  646,  964,  497,  893,  469,  862,  791,  517,  287,  216,  377,  309, 1113,  371,  260,  308,  219,  628, 1010, 1034,  593,  711,  716,  625,  713,  823,  840,  908,  817,  699, 1130,  717,  828,  892,  898, 1019,  497,  475,  556,  788,  334,  863,  540,  479,  417,  864,  739,  350, 1006, 1076,  832,   42,  158,  607,  461,  673,  763,  658,  252,  714,  682, 1031,  808,  749, 1044,  691,  347, 1144,  736,  874,  864,  196,  399,  170,  502,  862,  894,  657,  471,  835,  473, 1111,  711, 1003,  489,  860,  665,  951,  715,  361,  955,  842,  541,  612,  923,  715,  168,  958,  474,  760,  833, 1260, 1190,  832,  848,  107,  402,  951, 1190,  598,  493,  804],
        [ 1091,    0,  190,  155,  526,  770,  302,  647,    0,  810,  841,  771,  491,  796,  576,   62,  744,  869,  266,  536,  689,  240,   20,  685,  913,  253,  894,  904,  724,  754,  493,  433,  766,  445,  815,  816,  449,  551,  445,  777,  635,  815,  424,  205, 1070,  830,  560, 1086,  745,  311,  189,   62,  858,  158,  479,  584,  511,  818,  152,  882,  589,  252,  722,  569,  580,  175,  296,  218, 1031,  438,  764,  864,  551,  687,  698,  980,  852,  149,  438,  538,  716,  577,  531,  733, 1089, 1089,  655,  419,  311,  872, 1018,  909, 1067,  454,  396,  715,  255,  732,  994,  831,  548,  274,  451,  843,  304,  589,  161,  389,  297,  810,  741,  788,  515,  280,  156,  974,  547,  847,  657,  883,  213,  221,  436,  982,  899,  721,  242,  731,  541,  799,  897,  541,  155,  166],
        [  484,    0,  903,  948,  361,  596,  537,  382,  810,    0,  893,  201,  514,  321,  934,  774,  120,  527,  582,  295,  509,  902,  801,  812,  120, 1010,   94,  559,  565,  211,  319,  455,   52,  367,  944,   20,  376,  261,  525,  329,  904,  834,  528,  773,  335,  294,  568,  445,  615,  974,  927,  871,  943,  806,  755,  776,  826,  812,  672,   94,  379,  839,   89,  747,  370,  688,  515, 1007,  360,  375,  824,  865,  717,  366,  225,  226,   81,  763,  700,  520,  134,  559,  551,  877,  428,  368,  940,  629,  520,  955,  359,  572,  498,  442,  423,  214,  573,  651,  560,  334,  335,  890,  414,  925,  718,  924,  688,  850,  673,  724,  459,   25,  902,  895,  661,  231,  838,  398,  224,  696,  598,  822,  786, 1059, 1005,  618,  933,  307,  297,  731, 1006,  455,  671,  929],
        [  719,    0,  728,  844,  952,  305,  664, 1087,  841,  893,    0,  698, 1062,  594,  340,  871,  943,  431,  660,  703,  384,  674,  823,  157,  896,  799,  903,  425,  329,  685,  802,  946,  849,  789,   86,  912,  845,  784, 1030,  579,  250,   60,  518,  639,  868,  637,  377,  757,  280,  672,  759,  873,   53,  693,  363,  258,  343,   85,  847,  879,  541,  617,  851,  275,  556,  906,  755,  857,  775,  748,   84,   54,  297, 1105,  998,  861,  856,  693,  409,  431,  926,  374,  410,  120,  781,  857,  257,  452,  855,   63,  757,  416,  670,  957,  711, 1004,  695,  242,  514,  599,  620,  628,  620,   39,  539,  317,  889,  483,  556,  180,  439,  889,  381,  626,  754,  846,  310,  547,  956,  260,  770,  639,  410,  173,  113,  275,  702, 1092,  689,  169,  115,  490,  852,  790],
        [  358,    0,  822,  889,  445,  398,  472,  520,  771,  201,  698,    0,  603,  122,  775,  748,  286,  328,  513,  243,  318,  810,  757,  630,  206,  932,  208,  362,  370,   19,  333,  513,  167,  368,  754,  221,  404,  269,  599,  128,  734,  639,  407,  684,  300,  106,  401,  336,  419,  873,  851,  831,  749,  728,  605,  607,  671,  616,  654,  184,  226,  739,  193,  580,  224,  687,  485,  943,  267,  353,  633,  668,  552,  516,  377,  221,  159,  689,  558,  362,  282,  389,  393,  692,  331,  319,  769,  495,  529,  760,  256,  375,  354,  507,  380,  374,  517,  457,  377,  141,  227,  788,  325,  732,  608,  762,  681,  721,  569,  526,  261,  204,  751,  792,  615,  212,  678,  203,  353,  495,  565,  730,  645,  862,  811,  425,  843,  473,  234,  534,  813,  305,  655,  860],
        [  958,    0,  663,  644,  160,  849,  415,  183,  491,  514, 1062,  603,    0,  697,  925,  432,  402,  868,  438,  406,  741,  695,  493,  924,  633,  742,  607,  907,  800,  596,  291,  116,  494,  283, 1074,  507,  228,  343,   46,  689,  945, 1014,  546,  591,  845,  704,  688,  930,  844,  775,  671,  538, 1099,  586,  759,  839,  823, 1003,  347,  607,  569,  667,  444,  812,  553,  317,  323,  706,  851,  322,  978, 1060,  782,  224,  307,  736,  587,  544,  695,  637,  381,  695,  654,  989,  920,  875,  976,  629,  228, 1113,  845,  918,  957,  109,  352,  324,  403,  858,  958,  728,  483,  711,  448, 1081,  615,  927,  330,  760,  573,  949,  745,  490,  869,  717,  412,  739,  853,  778,  292,  975,  352,  637,  751, 1232, 1155,  831,  711,  287,  421,  946, 1155,  588,  343,  654],
        [  296,    0,  820,  900,  542,  290,  495,  631,  796,  321,  594,  122,  697,    0,  711,  782,  407,  206,  531,  305,  229,  799,  781,  543,  303,  928,  312,  240,  270,  118,  413,  598,  289,  438,  656,  341,  483,  355,  688,   22,  659,  534,  394,  680,  318,   48,  343,  292,  315,  854,  851,  855,  646,  730,  553,  535,  614,  510,  697,  289,  210,  725,  312,  511,  218,  737,  530,  948,  249,  414,  535,  560,  487,  631,  494,  277,  268,  696,  516,  317,  401,  327,  344,  601,  297,  323,  693,  464,  591,  656,  233,  254,  277,  596,  427,  492,  543,  357,  264,   35,  255,  771,  348,  629,  591,  695,  728,  684,  558,  418,  158,  325,  695,  774,  643,  263,  615,   84,  466,  377,  603,  721,  600,  753,  707,  326,  833,  591,  292,  426,  709,  276,  699,  864],
        [  932,    0,  424,  538,  859,  482,  513, 1005,  576,  934,  340,  775,  925,  711,    0,  620,  943,  632,  488,  668,  488,  366,  559,  223,  979,  475,  977,  646,  467,  758,  729,  818,  884,  698,  278,  950,  745,  740,  884,  690,   91,  347,  424,  377, 1026,  759,  375,  956,  445,  345,  450,  592,  331,  419,  183,  178,  111,  366,  631,  955,  558,  326,  866,  201,  565,  689,  603,  539,  945,  660,  296,  384,  225, 1034,  963,  983,  926,  436,  246,  417,  918,  388,  386,  222,  973, 1026,   90,  320,  698,  342,  927,  642,  888,  834,  607,  974,  522,  404,  750,  732,  604,  319,  550,  323,  313,   24,  670,  188,  353,  422,  565,  922,   61,  316,  539,  971,   98,  703,  915,  523,  582,  356,  174,  433,  352,  421,  387, 1042,  659,  406,  349,  480,  637,  484],
        [ 1078,    0,  250,  213,  475,  779,  289,  592,   62,  774,  871,  748,  432,  782,  620,    0,  702,  869,  259,  508,  692,  297,   71,  715,  880,  314,  860,  905,  731,  732,  455,  379,  731,  408,  850,  778,  405,  515,  387,  764,  674,  841,  426,  244, 1045,  813,  570, 1070,  756,  370,  250,  108,  890,  205,  510,  614,  549,  842,  103,  849,  579,  301,  685,  597,  568,  116,  265,  275, 1011,  405,  792,  890,  577,  632,  650,  952,  820,  185,  464,  542,  673,  586,  538,  766, 1071, 1066,  696,  436,  263,  905,  999,  911, 1056,  400,  369,  668,  241,  746,  991,  817,  530,  328,  435,  875,  333,  632,  103,  433,  318,  828,  739,  751,  559,  334,  143,  947,  584,  838,  610,  895,  183,  269,  472, 1017,  934,  733,  302,  679,  515,  818,  932,  538,  105,  227],
        [  600,    0,  857,  890,  256,  659,  497,  263,  744,  120,  943,  286,  402,  407,  943,  702,    0,  611,  541,  277,  562,  864,  737,  846,  236,  961,  208,  646,  622,  290,  256,  356,  123,  304,  986,  109,  297,  214,  417,  410,  924,  886,  522,  735,  454,  389,  593,  563,  672,  939,  879,  804,  991,  762,  760,  797,  832,  866,  599,  213,  407,  806,   97,  767,  395,  607,  455,  951,  478,  324,  869,  922,  736,  247,  106,  345,  200,  717,  700,  541,   29,  588,  570,  913,  547,  487,  960,  627,  441, 1004,  476,  659,  611,  340,  378,   96,  525,  704,  660,  426,  342,  857,  398,  973,  696,  935,  610,  837,  649,  784,  525,  100,  904,  863,  602,  350,  849,  488,  111,  769,  536,  786,  783, 1114, 1054,  671,  892,  192,  285,  789, 1055,  474,  597,  876],
        [  303,    0,  847,  944,  721,  150,  585,  824,  869,  527,  431,  328,  868,  206,  632,  869,  611,    0,  611,  463,  184,  813,  852,  426,  496,  949,  509,   40,  171,  322,  578,  760,  495,  592,  505,  546,  644,  529,  852,  202,  561,  375,  446,  714,  438,  236,  325,  333,  187,  853,  880,  922,  483,  770,  512,  457,  555,  348,  799,  486,  311,  739,  516,  440,  326,  848,  645,  983,  345,  559,  392,  388,  427,  827,  694,  441,  469,  745,  498,  333,  603,  306,  347,  470,  354,  427,  590,  473,  726,  491,  327,   51,  257,  762,  554,  694,  633,  230,  129,  195,  390,  777,  457,  469,  609,  612,  836,  661,  591,  253,  133,  531,  633,  779,  727,  425,  545,  132,  663,  184,  704,  744,  568,  573,  540,  211,  848,  792,  448,  266,  543,  333,  802,  901],
        [  826,    0,  321,  377,  387,  526,   45,  531,  266,  582,  660,  513,  438,  531,  488,  259,  541,  611,    0,  291,  435,  324,  250,  510,  673,  429,  658,  647,  477,  496,  289,  332,  534,  245,  657,  592,  277,  329,  397,  512,  511,  621,  170,  195,  813,  566,  321,  822,  507,  399,  346,  324,  689,  225,  326,  417,  388,  617,  197,  642,  324,  268,  496,  392,  315,  253,  117,  432,  769,  218,  577,  670,  366,  565,  525,  728,  612,  182,  265,  288,  512,  336,  288,  571,  825,  830,  541,  209,  211,  704,  755,  653,  802,  350,  163,  540,   36,  502,  733,  566,  288,  318,  189,  672,  181,  490,  238,  329,  136,  588,  481,  562,  433,  324,  117,  722,  418,  583,  478,  647,  111,  246,  314,  822,  741,  485,  352,  587,  292,  580,  740,  279,  201,  350],
        [  591,    0,  611,  664,  263,  453,  246,  387,  536,  295,  703,  243,  406,  305,  668,  508,  277,  463,  291,    0,  345,  608,  524,  588,  382,  719,  367,  502,  406,  228,  115,  298,  245,  134,  734,  306,  182,   81,  390,  293,  653,  648,  246,  479,  537,  323,  333,  575,  454,  680,  636,  597,  747,  514,  485,  528,  557,  633,  413,  352,  171,  545,  211,  499,  154,  444,  244,  721,  509,  112,  623,  690,  467,  403,  302,  445,  322,  472,  424,  278,  252,  332,  305,  656,  572,  559,  689,  351,  289,  761,  498,  513,  579,  299,  141,  311,  286,  475,  558,  339,   85,  595,  123,  729,  426,  661,  439,  563,  380,  564,  341,  276,  628,  601,  381,  440,  576,  380,  257,  577,  326,  528,  507,  876,  808,  445,  639,  391,   16,  565,  808,  215,  414,  640],
        [  458,    0,  665,  761,  608,  108,  414,  730,  689,  509,  384,  318,  741,  229,  488,  692,  562,  184,  435,  345,    0,  632,  671,  315,  521,  768,  525,  216,   62,  304,  457,  628,  465,  459,  437,  528,  514,  423,  718,  210,  431,  325,  267,  531,  539,  276,  144,  475,  112,  674,  697,  741,  434,  587,  343,  310,  397,  305,  628,  502,  175,  558,  468,  288,  192,  680,  483,  801,  458,  421,  316,  360,  267,  742,  624,  505,  476,  562,  321,  151,  547,  124,  164,  375,  490,  538,  465,  290,  572,  446,  440,  221,  419,  633,  402,  628,  460,  143,  312,  246,  262,  597,  303,  416,  427,  471,  667,  488,  408,  224,   78,  505,  478,  599,  551,  491,  393,  216,  585,  234,  534,  561,  397,  553,  496,  110,  667,  720,  330,  227,  498,  164,  631,  718],
        [ 1079,    0,   59,  173,  690,  686,  368,  828,  240,  902,  674,  810,  695,  799,  366,  297,  864,  813,  324,  608,  632,    0,  227,  524,  986,  137,  973,  842,  648,  791,  610,  614,  853,  565,  631,  913,  590,  652,  650,  778,  440,  661,  407,  130, 1104,  841,  489, 1086,  654,   81,   86,  237,  680,  111,  329,  428,  332,  671,  352,  956,  593,   75,  817,  423,  590,  397,  420,  184, 1047,  541,  608,  707,  418,  865,  843, 1030,  925,  155,  319,  491,  836,  508,  471,  557, 1095, 1116,  452,  343,  481,  693, 1031,  844, 1046,  634,  487,  859,  341,  628,  942,  830,  587,   48,  494,  668,  209,  383,  379,  192,  242,  688,  700,  883,  308,   50,  288, 1021,  365,  829,  797,  777,  354,   81,  273,  793,  711,  627,   35,  897,  608,  675,  708,  523,  357,  119],
        [ 1076,    0,  180,  157,  523,  752,  288,  646,   20,  801,  823,  757,  493,  781,  559,   71,  737,  852,  250,  524,  671,  227,    0,  666,  902,  250,  884,  886,  705,  741,  485,  431,  756,  436,  797,  807,  442,  541,  448,  762,  617,  796,  407,  187, 1057,  815,  542, 1071,  727,  300,  181,   74,  839,  141,  460,  565,  493,  799,  150,  871,  573,  235,  712,  550,  564,  179,  287,  219, 1017,  427,  745,  845,  532,  686,  693,  968,  842,  130,  419,  520,  708,  559,  513,  714, 1074, 1076,  637,  401,  307,  853, 1003,  892, 1051,  452,  384,  710,  241,  713,  977,  815,  534,  259,  437,  824,  285,  571,  164,  371,  278,  791,  724,  778,  498,  265,  144,  962,  528,  831,  651,  864,  203,  204,  418,  964,  880,  703,  232,  729,  528,  780,  878,  524,  154,  161],
        [  729,    0,  576,  691,  824,  278,  518,  964,  685,  812,  157,  630,  924,  543,  223,  715,  846,  426,  510,  588,  315,  524,  666,    0,  834,  652,  837,  435,  277,  614,  677,  809,  765,  659,  151,  830,  713,  668,  889,  524,  139,  138,  379,  483,  845,  590,  256,  758,  242,  529,  608,  718,  180,  537,  207,  101,  194,  150,  693,  814,  440,  463,  758,  120,  452,  753,  610,  708,  758,  618,   84,  183,  145,  985,  889,  819,  787,  537,  253,  310,  826,  259,  284,   68,  778,  840,  165,  302,  710,  195,  740,  430,  682,  821,  576,  897,  545,  198,  537,  557,  510,  478,  491,  163,  383,  200,  735,  334,  401,  200,  387,  805,  247,  477,  599,  805,  164,  516,  844,  302,  619,  485,  256,  312,  233,  223,  554,  979,  576,  184,  232,  375,  698,  638],
        [  391,    0,  992, 1045,  480,  592,  628,  497,  913,  120,  896,  206,  633,  303,  979,  880,  236,  496,  673,  382,  521,  986,  902,  834,    0, 1100,   29,  522,  570,  223,  428,  573,  151,  474,  955,  128,  489,  365,  644,  318,  939,  836,  594,  857,  220,  263,  606,  347,  616, 1054, 1018,  974,  947,  896,  806,  812,  874,  812,  779,   31,  425,  919,  200,  785,  420,  799,  617, 1103,  260,  476,  835,  863,  757,  477,  340,  113,   61,  853,  756,  564,  253,  594,  595,  896,  326,  255,  975,  690,  632,  958,  264,  535,  413,  561,  519,  328,  668,  657,  502,  303,  402,  969,  493,  931,  792,  967,  798,  915,  750,  720,  458,  144,  953,  974,  760,  121,  882,  364,  343,  676,  700,  905,  843, 1055, 1009,  625, 1018,  415,  381,  729, 1011,  504,  779, 1022],
        [ 1212,    0,  110,  110,  764,  822,  473,  893,  253, 1010,  799,  932,  742,  928,  475,  314,  961,  949,  429,  719,  768,  137,  250,  652, 1100,    0, 1085,  978,  784,  914,  705,  677,  962,  658,  749, 1019,  674,  753,  697,  907,  557,  789,  535,  249, 1229,  969,  625, 1217,  790,  131,   83,  217,  799,  205,  463,  559,  459,  801,  398, 1070,  720,  210,  923,  556,  716,  427,  507,   72, 1175,  639,  736,  834,  553,  932,  928, 1151, 1039,  247,  456,  625,  932,  644,  606,  680, 1225, 1242,  564,  478,  549,  812, 1160,  980, 1179,  698,  588,  945,  438,  763, 1078,  960,  706,  178,  610,  789,  342,  495,  413,  319,  370,  822,  835,  989,  422,  178,  362, 1143,  490,  961,  884,  913,  430,  208,  405,  907,  826,  764,  103,  972,  720,  808,  823,  653,  402,   90],
        [  417,    0,  977, 1029,  455,  600,  613,  469,  894,   94,  903,  208,  607,  312,  977,  860,  208,  509,  658,  367,  525,  973,  884,  837,   29, 1085,    0,  537,  575,  223,  407,  548,  129,  453,  961,  100,  466,  345,  618,  326,  939,  843,  586,  844,  248,  275,  604,  373,  623, 1042, 1003,  955,  954,  881,  801,  811,  870,  820,  759,   24,  420,  907,  177,  783,  414,  778,  598, 1086,  287,  457,  840,  871,  755,  449,  312,  141,   52,  839,  750,  561,  226,  592,  592,  899,  353,  283,  975,  683,  610,  965,  289,  550,  438,  535,  502,  300,  652,  663,  521,  315,  392,  957,  480,  937,  782,  965,  777,  907,  739,  728,  465,  118,  949,  962,  742,  149,  880,  377,  316,  687,  682,  893,  837, 1064, 1016,  631, 1004,  387,  367,  737, 1018,  499,  759, 1007],
        [  297,    0,  877,  976,  760,  166,  622,  862,  904,  559,  425,  362,  907,  240,  646,  905,  646,   40,  647,  502,  216,  842,  886,  435,  522,  978,  537,    0,  195,  357,  617,  799,  528,  631,  503,  578,  683,  569,  891,  238,  572,  371,  481,  745,  450,  266,  355,  332,  203,  879,  910,  956,  477,  801,  534,  473,  574,  344,  837,  514,  350,  768,  551,  459,  365,  886,  684, 1014,  354,  598,  393,  380,  448,  865,  731,  461,  499,  777,  525,  367,  639,  336,  378,  474,  356,  435,  600,  503,  765,  484,  337,   14,  249,  801,  593,  730,  669,  243,  105,  225,  429,  804,  496,  463,  640,  625,  874,  685,  623,  251,  171,  564,  651,  806,  764,  445,  562,  162,  700,  170,  742,  774,  592,  559,  532,  228,  876,  828,  487,  265,  535,  369,  840,  931],
        [  466,    0,  684,  786,  668,   51,  460,  791,  724,  565,  329,  370,  800,  270,  467,  731,  622,  171,  477,  406,   62,  648,  705,  277,  570,  784,  575,  195,    0,  357,  517,  685,  522,  517,  386,  584,  573,  484,  775,  253,  402,  270,  307,  555,  569,  316,  165,  489,   51,  684,  718,  773,  380,  612,  341,  290,  386,  247,  672,  552,  236,  574,  527,  272,  252,  726,  534,  822,  483,  478,  266,  302,  257,  803,  685,  545,  528,  591,  330,  190,  607,  147,  193,  332,  507,  565,  434,  313,  625,  391,  465,  197,  424,  692,  457,  689,  504,   88,  298,  282,  322,  609,  358,  362,  448,  448,  712,  491,  434,  164,  113,  562,  465,  611,  591,  530,  377,  241,  646,  178,  580,  581,  398,  495,  442,   56,  682,  781,  391,  168,  443,  217,  676,  740],
        [  368,    0,  804,  872,  438,  386,  454,  517,  754,  211,  685,   19,  596,  118,  758,  732,  290,  322,  496,  228,  304,  791,  741,  614,  223,  914,  223,  357,  357,    0,  322,  503,  174,  355,  740,  231,  393,  259,  590,  121,  717,  626,  388,  666,  318,  109,  384,  348,  406,  854,  833,  815,  736,  711,  587,  590,  654,  603,  639,  200,  208,  721,  195,  563,  206,  672,  470,  925,  281,  339,  619,  656,  535,  515,  377,  240,  174,  672,  539,  344,  284,  372,  375,  677,  344,  335,  753,  477,  516,  747,  270,  370,  362,  498,  365,  375,  500,  444,  377,  141,  209,  769,  307,  718,  589,  745,  666,  703,  551,  515,  249,  212,  733,  774,  598,  231,  661,  200,  351,  486,  549,  711,  627,  850,  798,  411,  825,  474,  219,  522,  799,  286,  640,  842],
        [  689,    0,  602,  636,  152,  564,  246,  287,  493,  319,  802,  333,  291,  413,  729,  455,  256,  578,  289,  115,  457,  610,  485,  677,  428,  705,  407,  617,  517,  322,    0,  186,  278,   49,  827,  324,   72,   66,  276,  403,  727,  749,  310,  483,  611,  425,  426,  668,  564,  687,  623,  554,  843,  507,  549,  607,  620,  735,  353,  397,  282,  556,  231,  578,  266,  372,  200,  696,  596,   73,  720,  793,  547,  309,  239,  510,  369,  462,  485,  372,  227,  428,  395,  745,  662,  636,  762,  411,  206,  858,  587,  628,  681,  185,  129,  253,  271,  582,  670,  446,  196,  606,  187,  825,  454,  726,  371,  601,  407,  672,  456,  296,  683,  612,  347,  508,  643,  491,  192,  690,  282,  534,  560,  974,  903,  553,  638,  313,  131,  671,  903,  314,  353,  621],
        [  870,    0,  588,  587,  103,  735,  305,  216,  433,  455,  946,  513,  116,  598,  818,  379,  356,  760,  332,  298,  628,  614,  431,  809,  573,  677,  548,  799,  685,  503,  186,    0,  425,  170,  959,  453,  117,  245,   92,  588,  834,  898,  431,  500,  774,  608,  572,  846,  729,  694,  601,  487,  983,  503,  648,  726,  714,  887,  282,  544,  457,  577,  375,  698,  441,  270,  216,  649,  770,  208,  863,  944,  668,  256,  282,  668,  521,  460,  584,  521,  330,  579,  538,  874,  838,  803,  866,  516,  133,  998,  762,  810,  864,   22,  236,  300,  300,  742,  855,  630,  372,  623,  332,  965,  512,  819,  278,  660,  468,  833,  635,  430,  764,  630,  326,  669,  743,  676,  250,  861,  261,  548,  644, 1116, 1040,  716,  633,  300,  313,  830, 1040,  472,  278,  588],
        [  481,    0,  854,  902,  337,  555,  489,  377,  766,   52,  849,  167,  494,  289,  884,  731,  123,  495,  534,  245,  465,  853,  756,  765,  151,  962,  129,  528,  522,  174,  278,  425,    0,  324,  898,   67,  339,  216,  500,  294,  855,  790,  477,  723,  352,  268,  518,  446,  572,  924,  879,  827,  899,  758,  704,  726,  775,  769,  630,  121,  330,  789,   51,  697,  320,  649,  470,  961,  363,  329,  779,  823,  667,  366,  223,  244,   96,  715,  649,  470,  127,  510,  501,  830,  432,  382,  891,  578,  482,  911,  360,  542,  490,  414,  376,  217,  526,  607,  538,  306,  284,  839,  363,  881,  667,  874,  648,  799,  623,  683,  419,   41,  851,  845,  615,  246,  788,  369,  212,  659,  554,  773,  735, 1016,  961,  574,  883,  314,  247,  689,  962,  405,  630,  882],
        [  722,    0,  555,  587,  166,  566,  203,  309,  445,  367,  789,  368,  283,  438,  698,  408,  304,  592,  245,  134,  459,  565,  436,  659,  474,  658,  453,  631,  517,  355,   49,  170,  324,    0,  810,  372,   57,  109,  261,  426,  701,  739,  285,  438,  652,  455,  413,  703,  562,  642,  576,  506,  829,  460,  520,  585,  590,  726,  306,  443,  288,  512,  278,  556,  271,  327,  152,  648,  633,   42,  707,  784,  524,  336,  281,  553,  415,  415,  455,  360,  275,  418,  380,  726,  698,  677,  735,  382,  163,  843,  623,  642,  711,  175,   92,  296,  225,  577,  691,  472,  203,  562,  170,  811,  415,  696,  325,  563,  368,  668,  466,  344,  650,  568,  299,  550,  614,  513,  234,  693,  234,  489,  527,  961,  888,  550,  591,  348,  148,  666,  888,  307,  306,  573],
        [  798,    0,  687,  803,  974,  370,  667, 1113,  815,  944,   86,  754, 1074,  656,  278,  850,  986,  505,  657,  734,  437,  631,  797,  151,  955,  749,  961,  503,  386,  740,  827,  959,  898,  810,    0,  963,  864,  815, 1040,  639,  193,  132,  529,  611,  941,  701,  403,  834,  341,  620,  716,  842,   54,  662,  341,  242,  306,  160,  836,  937,  580,  579,  896,  266,  593,  895,  759,  811,  849,  768,  121,  139,  294, 1134, 1034,  927,  912,  668,  396,  457,  968,  404,  432,   87,  858,  931,  190,  450,  860,   64,  831,  494,  750,  972,  726, 1041,  693,  299,  595,  664,  654,  584,  641,   52,  518,  257,  877,  441,  542,  253,  499,  939,  327,  582,  742,  913,  270,  615,  990,  341,  765,  604,  379,  168,   85,  331,  657, 1125,  722,  240,   84,  521,  841,  749],
        [  500,    0,  912,  956,  357,  616,  547,  371,  816,   20,  912,  221,  507,  341,  950,  778,  109,  546,  592,  306,  528,  913,  807,  830,  128, 1019,  100,  578,  584,  231,  324,  453,   67,  372,  963,    0,  378,  267,  520,  349,  921,  853,  542,  783,  346,  314,  585,  460,  634,  985,  936,  877,  962,  816,  770,  793,  841,  831,  676,  105,  396,  850,   97,  764,  387,  691,  521, 1015,  374,  382,  843,  885,  734,  353,  214,  237,   96,  772,  715,  537,  127,  576,  567,  895,  442,  379,  957,  644,  523,  974,  374,  592,  515,  439,  431,  202,  582,  670,  579,  354,  350,  901,  426,  944,  730,  940,  691,  864,  685,  744,  479,   30,  917,  906,  667,  243,  854,  417,  217,  716,  604,  833,  801, 1078, 1024,  637,  943,  293,  309,  750, 1026,  471,  675,  937],
        [  761,    0,  575,  597,  115,  622,  240,  260,  449,  376,  845,  404,  228,  483,  745,  405,  297,  644,  277,  182,  514,  590,  442,  713,  489,  674,  466,  683,  573,  393,   72,  117,  339,   57,  864,  378,    0,  136,  208,  473,  751,  794,  337,  466,  679,  497,  469,  739,  618,  669,  593,  508,  884,  482,  569,  637,  638,  782,  302,  459,  342,  542,  289,  608,  326,  313,  171,  658,  666,   98,  762,  839,  577,  290,  255,  576,  433,  437,  504,  416,  269,  473,  436,  780,  733,  705,  785,  432,  146,  899,  657,  694,  753,  120,  140,  271,  252,  633,  739,  516,  257,  591,  226,  866,  454,  744,  315,  603,  407,  724,  519,  352,  695,  597,  313,  574,  664,  560,  211,  748,  244,  517,  573, 1016,  943,  606,  614,  310,  197,  722,  943,  363,  301,  587],
        [  626,    0,  648,  689,  192,  530,  284,  308,  551,  261,  784,  269,  343,  355,  740,  515,  214,  529,  329,   81,  423,  652,  541,  668,  365,  753,  345,  569,  484,  259,   66,  245,  216,  109,  815,  267,  136,    0,  334,  346,  730,  729,  317,  523,  545,  364,  413,  604,  533,  727,  671,  612,  828,  552,  558,  606,  630,  713,  415,  334,  249,  593,  172,  577,  233,  436,  255,  748,  531,  115,  704,  771,  545,  322,  224,  444,  306,  507,  495,  358,  187,  412,  385,  736,  597,  571,  765,  421,  271,  841,  522,  580,  620,  242,  166,  235,  316,  555,  615,  387,  165,  644,  190,  809,  483,  734,  434,  625,  436,  644,  413,  238,  698,  649,  401,  442,  650,  435,  178,  653,  338,  573,  576,  956,  889,  525,  681,  311,   95,  644,  889,  295,  414,  671],
        [  956,    0,  617,  599,  164,  825,  377,  219,  445,  525, 1030,  599,   46,  688,  884,  387,  417,  852,  397,  390,  718,  650,  448,  889,  644,  697,  618,  891,  775,  590,  276,   92,  500,  261, 1040,  520,  208,  334,    0,  678,  906,  983,  513,  546,  852,  697,  658,  930,  819,  729,  625,  493, 1065,  540,  721,  803,  784,  973,  302,  617,  548,  622,  450,  776,  532,  272,  284,  661,  853,  298,  946, 1029,  747,  261,  329,  744,  595,  499,  657,  608,  394,  665,  623,  954,  921,  881,  937,  592,  187, 1080,  846,  902,  952,   93,  323,  346,  362,  830,  946,  720,  464,  666,  420, 1047,  573,  887,  285,  718,  532,  922,  726,  501,  828,  672,  367,  746,  814,  766,  307,  952,  309,  592,  711, 1198, 1121,  805,  665,  320,  404,  918, 1121,  561,  297,  608],
        [  314,    0,  799,  880,  535,  275,  477,  628,  777,  329,  579,  128,  689,   22,  690,  764,  410,  202,  512,  293,  210,  778,  762,  524,  318,  907,  326,  238,  253,  121,  403,  588,  294,  426,  639,  349,  473,  346,  678,    0,  639,  519,  373,  660,  339,   69,  322,  312,  299,  833,  830,  836,  630,  710,  531,  515,  593,  495,  680,  302,  190,  704,  314,  490,  198,  721,  513,  928,  271,  400,  518,  546,  466,  629,  494,  296,  280,  676,  494,  296,  402,  305,  323,  583,  318,  344,  673,  442,  577,  641,  254,  251,  293,  586,  411,  493,  525,  340,  270,   54,  239,  750,  330,  613,  570,  675,  712,  663,  537,  404,  141,  332,  674,  753,  624,  282,  594,   89,  465,  368,  586,  700,  579,  739,  691,  309,  812,  591,  279,  412,  693,  255,  682,  844],
        [  863,    0,  497,  613,  865,  411,  530, 1010,  635,  904,  250,  734,  945,  659,   91,  674,  924,  561,  511,  653,  431,  440,  617,  139,  939,  557,  939,  572,  402,  717,  727,  834,  855,  701,  193,  921,  751,  730,  906,  639,    0,  257,  418,  431,  969,  706,  337,  889,  374,  428,  525,  657,  244,  479,  186,  129,  128,  277,  673,  916,  526,  392,  842,  158,  535,  732,  622,  619,  885,  661,  208,  293,  188, 1035,  953,  934,  888,  490,  250,  386,  901,  347,  355,  132,  908,  966,   36,  320,  721,  256,  867,  567,  817,  849,  612,  963,  547,  331,  674,  677,  583,  393,  543,  234,  350,   68,  713,  252,  382,  338,  507,  894,  135,  391,  579,  921,   94,  642,  907,  440,  613,  419,  205,  354,  271,  352,  465, 1038,  643,  322,  269,  452,  678,  558],
        [  667,    0,  713,  827,  900,  246,  622, 1034,  815,  834,   60,  639, 1014,  534,  347,  841,  886,  375,  621,  648,  325,  661,  796,  138,  836,  789,  843,  371,  270,  626,  749,  898,  790,  739,  132,  853,  794,  729,  983,  519,  257,    0,  472,  615,  811,  578,  326,  703,  221,  666,  744,  850,  112,  671,  340,  235,  331,   28,  811,  820,  485,  599,  792,  247,  499,  870,  711,  845,  719,  697,   54,   50,  265, 1051,  942,  802,  796,  667,  378,  379,  869,  322,  360,  129,  726,  801,  272,  414,  811,  122,  701,  362,  618,  908,  662,  947,  655,  183,  463,  540,  565,  615,  569,   96,  512,  324,  853,  471,  524,  123,  379,  830,  380,  614,  719,  787,  301,  489,  900,  210,  731,  619,  391,  229,  173,  216,  691, 1036,  634,  110,  175,  436,  816,  774],
        [  681,    0,  426,  510,  450,  357,  156,  593,  424,  528,  518,  407,  546,  394,  424,  426,  522,  446,  170,  246,  267,  407,  407,  379,  594,  535,  586,  481,  307,  388,  310,  431,  477,  285,  529,  542,  337,  317,  513,  373,  418,  472,    0,  287,  698,  435,  155,  684,  338,  467,  457,  478,  553,  338,  242,  300,  314,  464,  366,  566,  187,  335,  452,  272,  184,  420,  241,  556,  641,  244,  434,  520,  240,  618,  539,  628,  536,  306,  179,  118,  497,  168,  120,  445,  691,  710,  453,  105,  340,  568,  625,  486,  652,  443,  198,  551,  198,  336,  570,  426,  194,  382,  127,  535,  202,  419,  406,  323,  165,  425,  318,  512,  382,  386,  285,  618,  335,  432,  492,  478,  274,  328,  262,  686,  610,  317,  441,  621,  238,  419,  610,  121,  370,  472],
        [  966,    0,  140,  232,  570,  598,  239,  711,  205,  773,  639,  684,  591,  680,  377,  244,  735,  714,  195,  479,  531,  130,  187,  483,  857,  249,  844,  745,  555,  666,  483,  500,  723,  438,  611,  783,  466,  523,  546,  660,  431,  615,  287,    0,  981,  721,  391,  970,  569,  205,  171,  236,  654,   58,  276,  382,  307,  620,  263,  828,  472,   78,  687,  369,  468,  317,  296,  272,  927,  412,  563,  663,  354,  747,  717,  904,  797,   60,  243,  383,  707,  410,  368,  529,  977,  994,  453,  243,  368,  668,  912,  748,  935,  520,  357,  732,  215,  549,  842,  713,  460,  126,  365,  639,  109,  388,  298,  191,  125,  620,  594,  753,  316,  132,  180,  896,  342,  716,  670,  701,  240,   52,  232,  778,  695,  543,  161,  774,  478,  608,  692,  407,  268,  188],
        [  212,    0, 1120, 1189,  688,  573,  771,  716, 1070,  335,  868,  300,  845,  318, 1026, 1045,  454,  438,  813,  537,  539, 1104, 1057,  845,  220, 1229,  248,  450,  569,  318,  611,  774,  352,  652,  941,  346,  679,  545,  852,  339,  969,  811,  698,  981,    0,  271,  660,  160,  606, 1164, 1149, 1131,  921, 1027,  870,  849,  931,  785,  949,  242,  512, 1033,  402,  826,  515,  978,  781, 1242,   97,  644,  824,  826,  803,  697,  559,  110,  258,  989,  832,  633,  468,  644,  661,  898,  132,   37, 1002,  777,  815,  929,  114,  461,  252,  764,  677,  547,  817,  650,  388,  295,  526, 1080,  624,  906,  899, 1009,  974, 1000,  863,  689,  463,  357, 1012, 1084,  914,  106,  930,  329,  558,  618,  863, 1025,  917, 1008,  978,  623, 1138,  634,  531,  702,  981,  586,  950, 1159],
        [  269,    0,  860,  937,  546,  333,  528,  625,  830,  294,  637,  106,  704,   48,  759,  813,  389,  236,  566,  323,  276,  841,  815,  590,  263,  969,  275,  266,  316,  109,  425,  608,  268,  455,  701,  314,  497,  364,  697,   69,  706,  578,  435,  721,  271,    0,  390,  258,  360,  897,  890,  889,  689,  769,  600,  583,  661,  553,  725,  251,  249,  768,  298,  559,  254,  762,  556,  987,  207,  434,  580,  602,  534,  622,  482,  230,  234,  734,  562,  363,  387,  374,  390,  647,  260,  278,  740,  508,  612,  699,  192,  279,  257,  605,  452,  478,  575,  402,  272,   41,  283,  814,  379,  673,  633,  743,  755,  730,  599,  459,  204,  302,  742,  817,  675,  216,  662,  105,  458,  413,  632,  762,  646,  793,  750,  372,  875,  577,  312,  469,  752,  319,  726,  903],
