{
    "name": "random-11-5323",
    "comment": "size=11 seed=5323",
    "nodes": ["+0", "-0", "+1", "-1", "+2", "-2", "+3", "-3", "+4", "-4", "+5", "-5", "+6", "-6", "+7", "-7", "+8", "-8", "+9", "-9", "+10", "-10", "+11", "-11"],
    "precedence": {
        "+0": "-0",
        "+1": "-1",
        "+2": "-2",
        "+3": "-3",
        "+4": "-4",
        "+5": "-5",
        "+6": "-6",
        "+7": "-7",
        "+8": "-8",
        "+9": "-9",
        "+10": "-10",
        "+11": "-11"
    },
    "edges": [
        [    0,    0,  670,  547,  557,  465,  427,  610,  138,  514,  508,  241,  380,  301,  556,  395,  361,  378,  247,  580,  555,  477,  417,  272],
        [    0,    0,  670,  547,  557,  465,  427,  610,  138,  514,  508,  241,  380,  301,  556,  395,  361,  378,  247,  580,  555,  477,  417,  272],
        [  670,  670,    0, 1203,  114,  993,  427,  484,  625,  938,  707,  844,  651,  469,  502,  944,  385,  542,  656,  319,  150,  435, 1067,  637],
        [  547,  547, 1203,    0, 1090,  370,  863,  996,  581,  523,  750,  370,  830,  835,  934,  352,  904,  879,  706, 1040, 1073, 1002,  137,  618],
        [  557,  557,  114, 1090,    0,  886,  337,  430,  512,  838,  621,  731,  569,  374,  435,  835,  294,  462,  558,  268,   77,  375,  954,  530],
        [  465,  465,  993,  370,  886,    0,  591,  679,  404,  154,  403,  231,  840,  754,  619,   72,  794,  842,  705,  761,  847,  930,  283,  357],
        [  427,  427,  427,  863,  337,  591,    0,  192,  310,  516,  284,  495,  657,  458,  151,  554,  428,  581,  574,  177,  277,  574,  729,  248],
        [  610,  610,  484,  996,  430,  679,  192,    0,  485,  568,  291,  639,  843,  641,   63,  660,  600,  762,  765,  166,  355,  737,  867,  389],
        [  138,  138,  625,  581,  512,  404,  310,  485,    0,  416,  371,  220,  488,  358,  428,  342,  391,  462,  365,  478,  492,  531,  445,  136],
        [  514,  514,  938,  523,  838,  154,  516,  568,  416,    0,  279,  316,  893,  773,  511,  191,  798,  876,  761,  673,  789,  944,  431,  322],
        [  508,  508,  707,  750,  621,  403,  284,  291,  371,  279,    0,  429,  842,  672,  237,  399,  668,  792,  729,  413,  559,  819,  631,  236],
        [  241,  241,  844,  370,  731,  231,  495,  639,  220,  316,  429,    0,  611,  538,  577,  159,  589,  618,  475,  670,  708,  715,  234,  252],
        [  380,  380,  651,  830,  569,  840,  657,  843,  488,  893,  842,  611,    0,  208,  807,  769,  277,  111,  137,  742,  614,  243,  726,  617],
        [  301,  301,  469,  835,  374,  754,  458,  641,  358,  773,  672,  538,  208,    0,  608,  686,   86,  124,  188,  534,  412,  177,  711,  466],
        [  556,  556,  502,  934,  435,  619,  151,   63,  428,  511,  237,  577,  807,  608,    0,  598,  574,  730,  722,  187,  363,  717,  804,  328],
        [  395,  395,  944,  352,  835,   72,  554,  660,  342,  191,  399,  159,  769,  686,  598,    0,  729,  773,  633,  728,  801,  862,  245,  311],
        [  361,  361,  385,  904,  294,  794,  428,  600,  391,  798,  668,  589,  277,   86,  574,  729,    0,  174,  274,  478,  338,  152,  776,  481],
        [  378,  378,  542,  879,  462,  842,  581,  762,  462,  876,  792,  618,  111,  124,  730,  773,  174,    0,  177,  649,  511,  142,  764,  579],
        [  247,  247,  656,  706,  558,  705,  574,  765,  365,  761,  729,  475,  137,  188,  722,  633,  274,  177,    0,  685,  588,  313,  596,  498],
        [  580,  580,  319, 1040,  268,  761,  177,  166,  478,  673,  413,  670,  742,  534,  187,  728,  478,  649,  685,    0,  192,  603,  904,  424],
        [  555,  555,  150, 1073,   77,  847,  277,  355,  492,  789,  559,  708,  614,  412,  363,  801,  338,  511,  588,  192,    0,  437,  936,  491],
        [  477,  477,  435, 1002,  375,  930,  574,  737,  531,  944,  819,  715,  243,  177,  717,  862,  152,  142,  313,  603,  437,    0,  882,  630],
        [  417,  417, 1067,  137,  954,  283,  729,  867,  445,  431,  631,  234,  726,  711,  804,  245,  776,  764,  596,  904,  936,  882,    0,  484],
        [  272,  272,  637,  618,  530,  357,  248,  389,  136,  322,  236,  252,  617,  466,  328,  311,  481,  579,  498,  424,  491,  630,  484,    0]
    ]
}
