{
    "name": "random-34-31062",
    "comment": "size=34 seed=31062",
    "nodes": ["+0", "-0", "+1", "-1", "+2", "-2", "+3", "-3", "+4", "-4", "+5", "-5", "+6", "-6", "+7", "-7", "+8", "-8", "+9", "-9", "+10", "-10", "+11", "-11", "+12", "-12", "+13", "-13", "+14", "-14", "+15", "-15", "+16", "-16", "+17", "-17", "+18", "-18", "+19", "-19", "+20", "-20", "+21", "-21", "+22", "-22", "+23", "-23", "+24", "-24", "+25", "-25", "+26", "-26", "+27", "-27", "+28", "-28", "+29", "-29", "+30", "-30", "+31", "-31", "+32", "-32", "+33", "-33", "+34", "-34"],
    "precedence": {
        "+0": "-0",
        "+1": "-1",
        "+2": "-2",
        "+3": "-3",
        "+4": "-4",
        "+5": "-5",
        "+6": "-6",
        "+7": "-7",
        "+8": "-8",
        "+9": "-9",
        "+10": "-10",
        "+11": "-11",
        "+12": "-12",
        "+13": "-13",
        "+14": "-14",
        "+15": "-15",
        "+16": "-16",
        "+17": "-17",
        "+18": "-18",
        "+19": "-19",
        "+20": "-20",
        "+21": "-21",
        "+22": "-22",
        "+23": "-23",
        "+24": "-24",
        "+25": "-25",
        "+26": "-26",
        "+27": "-27",
        "+28": "-28",
        "+29": "-29",
        "+30": "-30",
        "+31": "-31",
        "+32": "-32",
        "+33": "-33",
        "+34": "-34"
    },
    "edges": [
        [    0,    0,  188,  553,  519,  203,  757,  376,  262,  980,  253,  786,  587,  282,  750,  411,  567,  404,  707,  402,  650,  430,  840,  708,  987,  329,  844,  617,  198, 1047,  290,  102,  523,  589,  238,  479,  268,  455,  463,  274,  786,  663,  223,  968,  830,  550,  126,  431,  919,  114,  409,  180,  781,  367,  363,  343,  958,  757,  366,  592,  686,  773, 1002,  569,  518,  886,  222,  945,  354,  936],
        [    0,    0,  188,  553,  519,  203,  757,  376,  262,  980,  253,  786,  587,  282,  750,  411,  567,  404,  707,  402,  650,  430,  840,  708,  987,  329,  844,  617,  198, 1047,  290,  102,  523,  589,  238,  479,  268,  455,  463,  274,  786,  663,  223,  968,  830,  550,  126,  431,  919,  114,  409,  180,  781,  367,  363,  343,  958,  757,  366,  592,  686,  773, 1002,  569,  518,  886,  222,  945,  354,  936],
        [  188,  188,    0,  399,  423,  141,  726,  527,  170,  867,   66,  659,  561,  318,  787,  363,  394,  547,  534,  233,  490,  588,  693,  760, 1010,  186,  720,  682,  170,  905,  464,  253,  352,  676,  402,  304,  318,  269,  551,  113,  745,  571,   36,  842,  818,  642,   65,  261,  770,  302,  531,   18,  825,  180,  286,  521,  865,  772,  384,  517,  688,  622,  860,  538,  539,  867,  289,  965,  254,  891],
        [  553,  553,  399,    0,  198,  359,  533,  756,  302,  497,  346,  280,  428,  450,  727,  308,  103,  756,  184,  171,   99,  821,  295,  735,  885,  225,  341,  703,  380,  507,  753,  562,  443,  745,  680,  132,  470,  223,  651,  288,  525,  279,  378,  456,  647,  727,  456,  412,  371,  651,  703,  396,  774,  316,  260,  815,  526,  668,  438,  292,  575,  223,  462,  404,  516,  672,  484,  841,  230,  639],
        [  519,  519,  423,  198,    0,  319,  351,  622,  265,  462,  395,  280,  230,  322,  529,  147,  298,  613,  367,  268,  265,  684,  367,  538,  694,  245,  334,  512,  322,  552,  647,  491,  594,  560,  577,  287,  345,  369,  480,  317,  354,  149,  418,  455,  462,  547,  460,  540,  443,  592,  550,  412,  576,  423,  157,  707,  445,  472,  281,  109,  378,  321,  509,  206,  324,  495,  376,  649,  171,  487],
        [  203,  203,  141,  359,  319,    0,  593,  440,   60,  779,  163,  583,  426,  184,  646,  231,  391,  452,  526,  229,  458,  504,  640,  621,  869,  140,  642,  546,   35,  845,  407,  204,  463,  546,  336,  309,  189,  316,  423,  119,  616,  466,  160,  765,  681,  514,  151,  377,  719,  293,  421,  124,  685,  270,  166,  469,  762,  632,  244,  401,  549,  575,  801,  404,  398,  732,  171,  825,  152,  764],
        [  757,  757,  726,  533,  351,  593,    0,  674,  557,  434,  717,  417,  170,  482,  276,  364,  635,  645,  665,  616,  564,  717,  541,  325,  358,  574,  423,  370,  577,  624,  756,  689,  943,  452,  702,  637,  500,  720,  457,  639,   49,  267,  732,  488,  115,  466,  743,  885,  589,  787,  570,  711,  318,  766,  442,  802,  335,  187,  398,  244,  136,  543,  597,  190,  277,  145,  547,  316,  483,  186],
        [  376,  376,  527,  756,  622,  440,  674,    0,  479, 1036,  581,  894,  538,  307,  532,  475,  814,   41,  937,  663,  851,   66,  988,  470,  766,  570,  940,  370,  407, 1166,  126,  281,  879,  302,  141,  741,  287,  755,  223,  557,  718,  721,  561, 1053,  697,  263,  480,  787, 1064,  296,  108,  512,  543,  698,  498,  142,  972,  581,  344,  633,  553,  939, 1125,  536,  400,  760,  277,  733,  528,  855],
        [  262,  262,  170,  302,  265,   60,  557,  479,    0,  723,  169,  525,  392,  198,  633,  194,  340,  487,  472,  184,  401,  544,  581,  614,  849,   91,  584,  546,   79,  786,  457,  260,  453,  556,  385,  262,  209,  282,  437,  101,  576,  412,  177,  707,  650,  526,  197,  372,  660,  351,  450,  155,  675,  257,  118,  519,  709,  611,  239,  352,  524,  516,  742,  369,  385,  698,  204,  804,   95,  722],
        [  980,  980,  867,  497,  462,  779,  434, 1036,  723,    0,  826,  218,  505,  765,  709,  589,  567, 1017,  499,  661,  446, 1090,  266,  759,  724,  682,  158,  793,  783,  209, 1086,  950,  925,  870, 1020,  627,  787,  716,  844,  755,  388,  325,  855,   84,  509,  877,  913,  906,  251, 1052,  944,  859,  748,  812,  619, 1142,  119,  618,  700,  409,  564,  327,  199,  503,  652,  483,  825,  693,  628,  366],
        [  253,  253,   66,  346,  395,  163,  717,  581,  169,  826,    0,  614,  556,  347,  801,  358,  332,  598,  472,  176,  434,  643,  640,  779, 1016,  151,  675,  707,  197,  853,  525,  312,  303,  709,  460,  243,  351,  204,  585,   79,  732,  541,   35,  796,  814,  676,  131,  215,  716,  367,  576,   75,  842,  119,  276,  583,  832,  779,  402,  496,  691,  567,  808,  532,  552,  860,  328,  972,  235,  874],
        [  786,  786,  659,  280,  280,  583,  417,  894,  525,  218,  614,    0,  409,  601,  678,  423,  352,  882,  303,  445,  233,  954,  125,  712,  765,  474,   62,  719,  592,  273,  926,  768,  710,  785,  856,  410,  624,  499,  730,  546,  386,  186,  644,  184,  523,  782,  708,  689,  182,  867,  815,  652,  724,  595,  432,  986,  264,  597,  551,  271,  518,  141,  231,  396,  548,  523,  655,  726,  432,  444],
        [  587,  587,  561,  428,  230,  426,  170,  538,  392,  505,  556,  409,    0,  314,  300,  199,  527,  516,  588,  475,  484,  589,  527,  316,  473,  421,  438,  311,  408,  662,  606,  521,  802,  377,  547,  510,  334,  585,  340,  480,  201,  224,  569,  536,  259,  377,  575,  737,  590,  622,  442,  545,  347,  617,  282,  657,  434,  243,  232,  151,  149,  505,  626,   26,  148,  307,  380,  427,  327,  351],
        [  282,  282,  318,  450,  322,  184,  482,  307,  198,  765,  347,  601,  314,    0,  478,  179,  513,  306,  632,  375,  545,  372,  687,  445,  710,  282,  652,  364,  151,  873,  326,  208,  645,  363,  257,  447,   23,  478,  241,  294,  515,  441,  342,  770,  550,  331,  305,  560,  764,  308,  258,  300,  513,  450,  191,  385,  720,  477,   85,  356,  405,  635,  831,  300,  238,  607,   66,  667,  224,  664],
        [  750,  750,  787,  727,  529,  646,  276,  532,  633,  709,  801,  678,  300,  478,    0,  460,  825,  494,  887,  756,  783,  554,  802,   69,  241,  686,  692,  163,  618,  899,  643,  658, 1076,  241,  612,  801,  486,  868,  318,  732,  321,  505,  805,  764,  219,  274,  781, 1002,  856,  739,  427,  769,   48,  882,  545,  673,  605,   92,  404,  446,  162,  792,  871,  323,  249,  272,  529,  204,  594,  398],
        [  411,  411,  363,  308,  147,  231,  364,  475,  194,  589,  358,  423,  199,  179,  460,    0,  392,  467,  490,  297,  393,  537,  514,  453,  662,  228,  474,  404,  219,  696,  504,  365,  617,  439,  435,  349,  201,  410,  344,  282,  385,  265,  370,  592,  457,  420,  381,  546,  590,  467,  406,  347,  504,  426,   86,  563,  552,  426,  136,  185,  335,  466,  653,  176,  221,  505,  237,  617,  135,  534],
        [  567,  567,  394,  103,  298,  391,  635,  814,  340,  567,  332,  352,  527,  513,  825,  392,    0,  817,  141,  166,  124,  879,  333,  831,  987,  251,  410,  794,  417,  543,  796,  594,  359,  830,  724,   90,  530,  158,  730,  294,  627,  380,  366,  515,  749,  809,  456,  344,  402,  674,  770,  395,  872,  268,  330,  858,  610,  768,  515,  394,  675,  259,  500,  503,  607,  774,  538,  943,  290,  738],
        [  404,  404,  547,  756,  613,  452,  645,   41,  487, 1017,  598,  882,  516,  306,  494,  467,  817,    0,  938,  671,  850,   74,  979,  432,  727,  577,  926,  332,  418, 1152,  166,  306,  899,  262,  174,  747,  288,  766,  190,  570,  691,  706,  580, 1037,  665,  224,  503,  808, 1054,  330,   76,  531,  505,  715,  496,  181,  949,  547,  333,  617,  522,  933, 1112,  515,  374,  727,  284,  694,  529,  825],
        [  707,  707,  534,  184,  367,  526,  665,  937,  472,  499,  472,  303,  588,  632,  887,  490,  141,  938,    0,  306,  105, 1002,  239,  903, 1023,  386,  349,  879,  550,  433,  928,  729,  449,  924,  856,  230,  651,  286,  834,  434,  647,  399,  506,  433,  779,  908,  596,  456,  292,  812,  886,  535,  935,  399,  443,  990,  566,  820,  622,  442,  730,  173,  392,  567,  691,  793,  664,  980,  410,  735],
        [  402,  402,  233,  171,  268,  229,  616,  663,  184,  661,  176,  445,  475,  375,  756,  297,  166,  671,  306,    0,  259,  728,  465,  749,  947,   94,  507,  695,  259,  678,  636,  430,  328,  718,  565,   81,  389,  113,  607,  129,  621,  400,  209,  625,  724,  692,  293,  272,  540,  508,  631,  232,  801,  158,  217,  697,  678,  715,  396,  376,  622,  392,  633,  450,  517,  761,  388,  902,  167,  753],
        [  650,  650,  490,   99,  265,  458,  564,  851,  401,  446,  434,  233,  484,  545,  783,  393,  124,  850,  105,  259,    0,  916,  212,  799,  921,  323,  289,  776,  479,  424,  851,  661,  480,  823,  779,  199,  565,  280,  737,  382,  548,  299,  467,  392,  678,  808,  549,  467,  284,  749,  794,  489,  830,  386,  354,  913,  496,  716,  527,  338,  626,  138,  380,  462,  589,  695,  582,  878,  327,  644],
        [  430,  430,  588,  821,  684,  504,  717,   66,  544, 1090,  643,  954,  589,  372,  554,  537,  879,   74, 1002,  728,  916,    0, 1050,  489,  782,  635,  999,  392,  471, 1225,  155,  339,  939,  316,  192,  806,  352,  819,  260,  621,  763,  779,  622, 1111,  732,  281,  539,  847, 1126,  340,  149,  573,  560,  761,  562,  142, 1023,  612,  404,  690,  592, 1002, 1184,  588,  447,  794,  342,  751,  593,  895],
        [  840,  840,  693,  295,  367,  640,  541,  988,  581,  266,  640,  125,  527,  687,  802,  514,  333,  979,  239,  465,  212, 1050,    0,  834,  887,  515,  136,  837,  654,  214, 1009,  836,  681,  900,  937,  410,  709,  491,  837,  581,  509,  303,  672,  195,  646,  894,  748,  676,   79,  931,  915,  689,  848,  597,  505, 1070,  350,  721,  647,  382,  641,   75,  169,  512,  661,  644,  736,  849,  494,  558],
        [  708,  708,  760,  735,  538,  621,  325,  470,  614,  759,  779,  712,  316,  445,   69,  453,  831,  432,  903,  749,  799,  489,  834,    0,  297,  674,  731,  101,  591,  943,  584,  614, 1062,  174,  557,  800,  450,  862,  262,  714,  373,  533,  780,  809,  282,  209,  749,  985,  892,  690,  366,  742,   76,  867,  534,  611,  658,  151,  378,  466,  197,  819,  913,  337,  233,  338,  491,  264,  584,  461],
        [  987,  987, 1010,  885,  694,  869,  358,  766,  849,  724, 1016,  765,  473,  710,  241,  662,  987,  727, 1023,  947,  921,  782,  887,  297,    0,  889,  759,  398,  844,  931,  881,  897, 1274,  467,  852,  980,  720, 1057,  557,  943,  381,  624, 1024,  796,  245,  504, 1010, 1207,  924,  980,  663,  993,  223, 1086,  748,  907,  606,  239,  632,  594,  327,  897,  913,  498,  474,  245,  765,   46,  795,  360],
        [  329,  329,  186,  225,  245,  140,  574,  570,   91,  682,  151,  474,  421,  282,  686,  228,  251,  577,  386,   94,  323,  635,  515,  674,  889,    0,  535,  614,  167,  725,  546,  344,  390,  632,  474,  172,  296,  198,  517,   75,  586,  390,  176,  657,  676,  604,  235,  318,  593,  428,  538,  179,  730,  198,  143,  608,  683,  653,  310,  347,  562,  446,  680,  396,  442,  719,  294,  844,   95,  726],
        [  844,  844,  720,  341,  334,  642,  423,  940,  584,  158,  675,   62,  438,  652,  692,  474,  410,  926,  349,  507,  289,  999,  136,  731,  759,  535,    0,  746,  649,  227,  977,  824,  768,  815,  907,  470,  674,  559,  768,  607,  386,  222,  705,  124,  522,  814,  768,  749,  167,  924,  857,  713,  736,  656,  488, 1036,  219,  607,  598,  310,  535,  179,  189,  429,  582,  515,  708,  722,  490,  423],
        [  617,  617,  682,  703,  512,  546,  370,  370,  546,  793,  707,  719,  311,  364,  163,  404,  794,  332,  879,  695,  776,  392,  837,  101,  398,  614,  746,    0,  514,  966,  483,  520,  998,   85,  457,  753,  366,  808,  162,  646,  419,  535,  705,  835,  354,  112,  666,  917,  901,  592,  265,  664,  176,  802,  480,  511,  702,  226,  307,  457,  234,  813,  932,  326,  188,  414,  404,  364,  529,  528],
        [  198,  198,  170,  380,  322,   35,  577,  407,   79,  783,  197,  592,  408,  151,  618,  219,  417,  418,  550,  259,  479,  471,  654,  591,  844,  167,  649,  514,    0,  857,  379,  183,  498,  513,  307,  338,  154,  349,  389,  153,  602,  465,  192,  772,  662,  479,  169,  411,  733,  277,  386,  152,  657,  305,  165,  441,  761,  607,  215,  396,  526,  591,  813,  387,  371,  714,  137,  800,  161,  751],
        [ 1047, 1047,  905,  507,  552,  845,  624, 1166,  786,  209,  853,  273,  662,  873,  899,  696,  543, 1152,  433,  678,  424, 1225,  214,  943,  931,  725,  227,  966,  857,    0, 1198, 1036,  881, 1038, 1128,  623,  896,  701,  994,  793,  581,  448,  885,  137,  709, 1039,  959,  883,  143, 1134, 1083,  901,  941,  809,  701, 1258,  327,  810,  822,  536,  746,  288,   46,  654,  807,  688,  927,  899,  696,  574],
        [  290,  290,  464,  753,  647,  407,  756,  126,  457, 1086,  525,  926,  606,  326,  643,  504,  796,  166,  928,  636,  851,  155, 1009,  584,  881,  546,  977,  483,  379, 1198,    0,  213,  811,  422,   73,  716,  303,  715,  327,  517,  797,  764,  500, 1095,  793,  382,  409,  719, 1087,  190,  219,  451,  659,  643,  505,   63, 1033,  684,  387,  678,  645,  953, 1155,  598,  480,  855,  274,  846,  524,  940],
        [  102,  102,  253,  562,  491,  204,  689,  281,  260,  950,  312,  768,  521,  208,  658,  365,  594,  306,  729,  430,  661,  339,  836,  614,  897,  344,  824,  520,  183, 1036,  213,    0,  602,  489,  150,  510,  190,  503,  364,  307,  722,  627,  288,  946,  754,  449,  201,  510,  915,  103,  308,  239,  687,  430,  336,  273,  916,  671,  292,  549,  607,  774,  992,  506,  435,  812,  143,  856,  342,  872],
        [  523,  523,  352,  443,  594,  463,  943,  879,  453,  925,  303,  710,  802,  645, 1076,  617,  359,  899,  449,  328,  480,  939,  681, 1062, 1274,  390,  768,  998,  498,  881,  811,  602,    0, 1007,  751,  316,  651,  226,  885,  353,  946,  714,  319,  870, 1052,  975,  403,   93,  740,  634,  879,  368, 1119,  197,  532,  865,  967, 1040,  691,  702,  948,  608,  840,  777,  830, 1088,  631, 1229,  483, 1073],
        [  589,  589,  676,  745,  560,  546,  452,  302,  556,  870,  709,  785,  377,  363,  241,  439,  830,  262,  924,  718,  823,  316,  900,  174,  467,  632,  815,   85,  513, 1038,  422,  489, 1007,    0,  405,  781,  359,  828,  128,  654,  501,  600,  702,  909,  438,   42,  653,  922,  966,  550,  204,  659,  245,  811,  506,  442,  782,  310,  323,  518,  317,  870, 1003,  389,  240,  498,  390,  436,  553,  612],
        [  238,  238,  402,  680,  577,  336,  702,  141,  385, 1020,  460,  856,  547,  257,  612,  435,  724,  174,  856,  565,  779,  192,  937,  557,  852,  474,  907,  457,  307, 1128,   73,  150,  751,  405,    0,  645,  234,  646,  296,  448,  742,  697,  437, 1026,  747,  364,  349,  659, 1015,  156,  203,  388,  632,  578,  433,  135,  970,  645,  323,  611,  598,  881, 1085,  538,  429,  808,  202,  815,  452,  887],
        [  479,  479,  304,  132,  287,  309,  637,  741,  262,  627,  243,  410,  510,  447,  801,  349,   90,  747,  230,   81,  199,  806,  410,  800,  980,  172,  470,  753,  338,  623,  716,  510,  316,  781,  645,    0,  463,   92,  674,  207,  636,  399,  277,  583,  748,  758,  367,  281,  482,  587,  704,  306,  847,  188,  276,  777,  657,  752,  460,  393,  659,  336,  578,  485,  570,  780,  465,  935,  230,  759],
        [  268,  268,  318,  470,  345,  189,  500,  287,  209,  787,  351,  624,  334,   23,  486,  201,  530,  288,  651,  389,  565,  352,  709,  450,  720,  296,  674,  366,  154,  896,  303,  190,  651,  359,  234,  463,    0,  490,  235,  302,  534,  464,  344,  793,  565,  326,  300,  565,  786,  289,  243,  300,  520,  457,  211,  363,  742,  489,  103,  379,  420,  656,  853,  320,  250,  623,   48,  678,  242,  683],
        [  455,  455,  269,  223,  369,  316,  720,  755,  282,  716,  204,  499,  585,  478,  868,  410,  158,  766,  286,  113,  280,  819,  491,  862, 1057,  198,  559,  808,  349,  701,  715,  503,  226,  828,  646,   92,  490,    0,  714,  199,  721,  488,  236,  670,  830,  801,  334,  190,  559,  568,  731,  276,  913,  113,  329,  775,  749,  826,  506,  477,  733,  416,  657,  559,  630,  864,  484, 1012,  280,  847],
        [  463,  463,  551,  651,  480,  423,  457,  223,  437,  844,  585,  730,  340,  241,  318,  344,  730,  190,  834,  607,  737,  260,  837,  262,  557,  517,  768,  162,  389,  994,  327,  364,  885,  128,  296,  674,  235,  714,    0,  534,  504,  547,  577,  873,  475,   91,  526,  799,  908,  432,  116,  533,  337,  690,  401,  360,  769,  360,  216,  460,  333,  799,  956,  343,  193,  537,  263,  521,  445,  635],
        [  274,  274,  113,  288,  317,  119,  639,  557,  101,  755,   79,  546,  480,  294,  732,  282,  294,  570,  434,  129,  382,  621,  581,  714,  943,   75,  607,  646,  153,  793,  517,  307,  353,  654,  448,  207,  302,  199,  534,    0,  653,  464,  102,  729,  737,  624,  168,  272,  659,  380,  539,  108,  773,  157,  198,  578,  757,  705,  339,  417,  617,  511,  748,  455,  483,  782,  289,  898,  156,  796],
        [  786,  786,  745,  525,  354,  616,   49,  718,  576,  388,  732,  386,  201,  515,  321,  385,  627,  691,  647,  621,  548,  763,  509,  373,  381,  586,  386,  419,  602,  581,  797,  722,  946,  501,  742,  636,  534,  721,  504,  653,    0,  251,  749,  445,  137,  515,  766,  892,  552,  822,  615,  730,  362,  774,  459,  845,  286,  231,  432,  245,  185,  517,  555,  218,  320,  148,  580,  341,  497,  151],
        [  663,  663,  571,  279,  149,  466,  267,  721,  412,  325,  541,  186,  224,  441,  505,  265,  380,  706,  399,  400,  299,  779,  303,  533,  624,  390,  222,  535,  465,  448,  764,  627,  714,  600,  697,  399,  464,  488,  547,  464,  251,    0,  565,  333,  380,  597,  608,  670,  367,  729,  636,  560,  552,  558,  301,  822,  297,  430,  380,   89,  344,  287,  409,  211,  363,  398,  501,  582,  319,  361],
        [  223,  223,   36,  378,  418,  160,  732,  561,  177,  855,   35,  644,  569,  342,  805,  370,  366,  580,  506,  209,  467,  622,  672,  780, 1024,  176,  705,  705,  192,  885,  500,  288,  319,  702,  437,  277,  344,  236,  577,  102,  749,  565,    0,  826,  827,  668,   99,  228,  748,  337,  562,   50,  844,  145,  290,  557,  858,  786,  403,  516,  700,  600,  840,  545,  556,  874,  317,  979,  253,  893],
        [  968,  968,  842,  456,  455,  765,  488, 1053,  707,   84,  796,  184,  536,  770,  764,  592,  515, 1037,  433,  625,  392, 1111,  195,  809,  796,  657,  124,  835,  772,  137, 1095,  946,  870,  909, 1026,  583,  793,  670,  873,  729,  445,  333,  826,    0,  572,  912,  891,  858,  170, 1046,  967,  835,  805,  770,  611, 1153,  198,  675,  712,  421,  613,  264,  119,  530,  683,  553,  828,  764,  614,  441],
        [  830,  830,  818,  647,  462,  681,  115,  697,  650,  509,  814,  523,  259,  550,  219,  457,  749,  665,  779,  724,  678,  732,  646,  282,  245,  676,  522,  354,  662,  709,  793,  754, 1052,  438,  747,  748,  565,  830,  475,  737,  137,  380,  827,  572,    0,  462,  830,  991,  688,  848,  591,  802,  250,  871,  540,  833,  397,  132,  466,  357,  150,  653,  686,  283,  322,   63,  613,  204,  583,  180],
        [  550,  550,  642,  727,  547,  514,  466,  263,  526,  877,  676,  782,  377,  331,  274,  420,  809,  224,  908,  692,  808,  281,  894,  209,  504,  604,  814,  112,  479, 1039,  382,  449,  975,   42,  364,  758,  326,  801,   91,  624,  515,  597,  668,  912,  462,    0,  616,  890,  962,  510,  164,  624,  282,  780,  483,  404,  793,  336,  298,  513,  333,  862, 1003,  386,  234,  523,  354,  472,  528,  633],
        [  126,  126,   65,  456,  460,  151,  743,  480,  197,  913,  131,  708,  575,  305,  781,  381,  456,  503,  596,  293,  549,  539,  748,  749, 1010,  235,  768,  666,  169,  959,  409,  201,  403,  653,  349,  367,  300,  334,  526,  168,  766,  608,   99,  891,  830,  616,    0,  311,  826,  239,  494,   61,  818,  242,  313,  464,  904,  774,  379,  548,  694,  678,  914,  553,  536,  881,  264,  966,  289,  914],
        [  431,  431,  261,  412,  540,  377,  885,  787,  372,  906,  215,  689,  737,  560, 1002,  546,  344,  808,  456,  272,  467,  847,  676,  985, 1207,  318,  749,  917,  411,  883,  719,  510,   93,  922,  659,  281,  565,  190,  799,  272,  892,  670,  228,  858,  991,  890,  311,    0,  741,  542,  789,  277, 1044,  121,  460,  773,  937,  971,  610,  648,  880,  601,  840,  712,  754, 1030,  543, 1162,  412, 1025],
        [  919,  919,  770,  371,  443,  719,  589, 1064,  660,  251,  716,  182,  590,  764,  856,  590,  402, 1054,  292,  540,  284, 1126,   79,  892,  924,  593,  167,  901,  733,  143, 1087,  915,  740,  966, 1015,  482,  786,  559,  908,  659,  552,  367,  748,  170,  688,  962,  826,  741,    0, 1010,  989,  766,  901,  668,  584, 1148,  354,  772,  722,  450,  697,  149,  101,  578,  729,  679,  814,  888,  573,  582],
        [  114,  114,  302,  651,  592,  293,  787,  296,  351, 1052,  367,  867,  622,  308,  739,  467,  674,  330,  812,  508,  749,  340,  931,  690,  980,  428,  924,  592,  277, 1134,  190,  103,  634,  550,  156,  587,  289,  568,  432,  380,  822,  729,  337, 1046,  848,  510,  239,  542, 1010,    0,  354,  293,  765,  481,  436,  236, 1019,  760,  391,  651,  700,  867, 1089,  607,  528,  907,  242,  940,  438,  971],
        [  409,  409,  531,  703,  550,  421,  570,  108,  450,  944,  576,  815,  442,  258,  427,  406,  770,   76,  886,  631,  794,  149,  915,  366,  663,  538,  857,  265,  386, 1083,  219,  308,  879,  204,  203,  704,  243,  731,  116,  539,  615,  636,  562,  967,  591,  164,  494,  789,  989,  354,    0,  514,  441,  689,  443,  247,  875,  474,  270,  548,  447,  871, 1044,  441,  299,  653,  250,  628,  481,  749],
        [  180,  180,   18,  396,  412,  124,  711,  512,  155,  859,   75,  652,  545,  300,  769,  347,  395,  531,  535,  232,  489,  573,  689,  742,  993,  179,  713,  664,  152,  901,  451,  239,  368,  659,  388,  306,  300,  276,  533,  108,  730,  560,   50,  835,  802,  624,   61,  277,  766,  293,  514,    0,  808,  192,  272,  509,  855,  755,  366,  505,  671,  619,  856,  522,  521,  851,  272,  948,  242,  877],
        [  781,  781,  825,  774,  576,  685,  318,  543,  675,  748,  842,  724,  347,  513,   48,  504,  872,  505,  935,  801,  830,  560,  848,   76,  223,  730,  736,  176,  657,  941,  659,  687, 1119,  245,  632,  847,  520,  913,  337,  773,  362,  552,  844,  805,  250,  282,  818, 1044,  901,  765,  441,  808,    0,  925,  588,  685,  642,  131,  442,  494,  208,  839,  914,  370,  290,  298,  562,  191,  638,  427],
        [  367,  367,  180,  316,  423,  270,  766,  698,  257,  812,  119,  595,  617,  450,  882,  426,  268,  715,  399,  158,  386,  761,  597,  867, 1086,  198,  656,  802,  305,  809,  643,  430,  197,  811,  578,  188,  457,  113,  690,  157,  774,  558,  145,  770,  871,  780,  242,  121,  668,  481,  689,  192,  925,    0,  340,  701,  834,  850,  495,  531,  760,  523,  765,  592,  636,  911,  440, 1041,  292,  909],
        [  363,  363,  286,  260,  157,  166,  442,  498,  118,  619,  276,  432,  282,  191,  545,   86,  330,  496,  443,  217,  354,  562,  505,  534,  748,  143,  488,  480,  165,  701,  505,  336,  532,  506,  433,  276,  211,  329,  401,  198,  459,  301,  290,  611,  540,  483,  313,  460,  584,  436,  443,  272,  588,  340,    0,  566,  597,  511,  186,  236,  421,  449,  658,  257,  302,  585,  232,  702,   50,  605],
        [  343,  343,  521,  815,  707,  469,  802,  142,  519, 1142,  583,  986,  657,  385,  673,  563,  858,  181,  990,  697,  913,  142, 1070,  611,  907,  608, 1036,  511,  441, 1258,   63,  273,  865,  442,  135,  777,  363,  775,  360,  578,  845,  822,  557, 1153,  833,  404,  464,  773, 1148,  236,  247,  509,  685,  701,  566,    0, 1087,  720,  443,  735,  687, 1014, 1215,  651,  526,  895,  335,  874,  587,  985],
        [  958,  958,  865,  526,  445,  762,  335,  972,  709,  119,  832,  264,  434,  720,  605,  552,  610,  949,  566,  678,  496, 1023,  350,  658,  606,  683,  219,  702,  761,  327, 1033,  916,  967,  782,  970,  657,  742,  749,  769,  757,  286,  297,  858,  198,  397,  793,  904,  937,  354, 1019,  875,  855,  642,  834,  597, 1087,    0,  514,  648,  368,  469,  397,  316,  437,  578,  368,  784,  577,  616,  248],
        [  757,  757,  772,  668,  472,  632,  187,  581,  611,  618,  779,  597,  243,  477,   92,  426,  768,  547,  820,  715,  716,  612,  721,  151,  239,  653,  607,  226,  607,  810,  684,  671, 1040,  310,  645,  752,  489,  826,  360,  705,  231,  430,  786,  675,  132,  336,  774,  971,  772,  760,  474,  755,  131,  850,  511,  720,  514,    0,  396,  380,   94,  715,  783,  268,  240,  190,  535,  194,  559,  310],
        [  366,  366,  384,  438,  281,  244,  398,  344,  239,  700,  402,  551,  232,   85,  404,  136,  515,  333,  622,  396,  527,  404,  647,  378,  632,  310,  598,  307,  215,  822,  387,  292,  691,  323,  323,  460,  103,  506,  216,  339,  432,  380,  403,  712,  466,  298,  379,  610,  722,  391,  270,  366,  442,  495,  186,  443,  648,  396,    0,  293,  322,  601,  781,  219,  158,  522,  150,  588,  231,  581],
        [  592,  592,  517,  292,  109,  401,  244,  633,  352,  409,  496,  271,  151,  356,  446,  185,  394,  617,  442,  376,  338,  690,  382,  466,  594,  347,  310,  457,  396,  536,  678,  549,  702,  518,  611,  393,  379,  477,  460,  417,  245,   89,  516,  421,  357,  513,  548,  648,  450,  651,  548,  505,  494,  531,  236,  735,  368,  380,  293,    0,  288,  356,  497,  132,  279,  387,  418,  549,  264,  380],
        [  686,  686,  688,  575,  378,  549,  136,  553,  524,  564,  691,  518,  149,  405,  162,  335,  675,  522,  730,  622,  626,  592,  641,  197,  327,  562,  535,  234,  526,  746,  645,  607,  948,  317,  598,  659,  420,  733,  333,  617,  185,  344,  700,  613,  150,  333,  694,  880,  697,  700,  447,  671,  208,  760,  421,  687,  469,   94,  322,  288,    0,  631,  716,  174,  173,  211,  467,  282,  468,  304],
        [  773,  773,  622,  223,  321,  575,  543,  939,  516,  327,  567,  141,  505,  635,  792,  466,  259,  933,  173,  392,  138, 1002,   75,  819,  897,  446,  179,  813,  591,  288,  953,  774,  608,  870,  881,  336,  656,  416,  799,  511,  517,  287,  600,  264,  653,  862,  678,  601,  149,  867,  871,  619,  839,  523,  449, 1014,  397,  715,  601,  356,  631,    0,  243,  488,  631,  658,  680,  857,  433,  584],
        [ 1002, 1002,  860,  462,  509,  801,  597, 1125,  742,  199,  808,  231,  626,  831,  871,  653,  500, 1112,  392,  633,  380, 1184,  169,  913,  913,  680,  189,  932,  813,   46, 1155,  992,  840, 1003, 1085,  578,  853,  657,  956,  748,  555,  409,  840,  119,  686, 1003,  914,  840,  101, 1089, 1044,  856,  914,  765,  658, 1215,  316,  783,  781,  497,  716,  243,    0,  617,  770,  669,  884,  880,  652,  559],
        [  569,  569,  538,  404,  206,  404,  190,  536,  369,  503,  532,  396,   26,  300,  323,  176,  503,  515,  567,  450,  462,  588,  512,  337,  498,  396,  429,  326,  387,  654,  598,  506,  777,  389,  538,  485,  320,  559,  343,  455,  218,  211,  545,  530,  283,  386,  553,  712,  578,  607,  441,  522,  370,  592,  257,  651,  437,  268,  219,  132,  174,  488,  617,    0,  154,  330,  365,  453,  302,  368],
        [  518,  518,  539,  516,  324,  398,  277,  400,  385,  652,  552,  548,  148,  238,  249,  221,  607,  374,  691,  517,  589,  447,  661,  233,  474,  442,  582,  188,  371,  807,  480,  435,  830,  240,  429,  570,  250,  630,  193,  483,  320,  363,  556,  683,  322,  234,  536,  754,  729,  528,  299,  521,  290,  636,  302,  526,  578,  240,  158,  279,  173,  631,  770,  154,    0,  382,  297,  431,  351,  461],
        [  886,  886,  867,  672,  495,  732,  145,  760,  698,  483,  860,  523,  307,  607,  272,  505,  774,  727,  793,  761,  695,  794,  644,  338,  245,  719,  515,  414,  714,  688,  855,  812, 1088,  498,  808,  780,  623,  864,  537,  782,  148,  398,  874,  553,   63,  523,  881, 1030,  679,  907,  653,  851,  298,  911,  585,  895,  368,  190,  522,  387,  211,  658,  669,  330,  382,    0,  670,  212,  627,  131],
        [  222,  222,  289,  484,  376,  171,  547,  277,  204,  825,  328,  655,  380,   66,  529,  237,  538,  284,  664,  388,  582,  342,  736,  491,  765,  294,  708,  404,  137,  927,  274,  143,  631,  390,  202,  465,   48,  484,  263,  289,  580,  501,  317,  828,  613,  354,  264,  543,  814,  242,  250,  272,  562,  440,  232,  335,  784,  535,  150,  418,  467,  680,  884,  365,  297,  670,    0,  723,  255,  730],
        [  945,  945,  965,  841,  649,  825,  316,  733,  804,  693,  972,  726,  427,  667,  204,  617,  943,  694,  980,  902,  878,  751,  849,  264,   46,  844,  722,  364,  800,  899,  846,  856, 1229,  436,  815,  935,  678, 1012,  521,  898,  341,  582,  979,  764,  204,  472,  966, 1162,  888,  940,  628,  948,  191, 1041,  702,  874,  577,  194,  588,  549,  282,  857,  880,  453,  431,  212,  723,    0,  750,  333],
        [  354,  354,  254,  230,  171,  152,  483,  528,   95,  628,  235,  432,  327,  224,  594,  135,  290,  529,  410,  167,  327,  593,  494,  584,  795,   95,  490,  529,  161,  696,  524,  342,  483,  553,  452,  230,  242,  280,  445,  156,  497,  319,  253,  614,  583,  528,  289,  412,  573,  438,  481,  242,  638,  292,   50,  587,  616,  559,  231,  264,  468,  433,  652,  302,  351,  627,  255,  750,    0,  640],
        [  936,  936,  891,  639,  487,  764,  186,  855,  722,  366,  874,  444,  351,  664,  398,  534,  738,  825,  735,  753,  644,  895,  558,  461,  360,  726,  423,  528,  751,  574,  940,  872, 1073,  612,  887,  759,  683,  847,  635,  796,  151,  361,  893,  441,  180,  633,  914, 1025,  582,  971,  749,  877,  427,  909,  605,  985,  248,  310,  581,  380,  304,  584,  559,  368,  461,  131,  730,  333,  640,    0]
    ]
}
