{
    "name": "random-73-28302",
    "comment": "size=73 seed=28302",
    "nodes": ["+0", "-0", "+1", "-1", "+2", "-2", "+3", "-3", "+4", "-4", "+5", "-5", "+6", "-6", "+7", "-7", "+8", "-8", "+9", "-9", "+10", "-10", "+11", "-11", "+12", "-12", "+13", "-13", "+14", "-14", "+15", "-15", "+16", "-16", "+17", "-17", "+18", "-18", "+19", "-19", "+20", "-20", "+21", "-21", "+22", "-22", "+23", "-23", "+24", "-24", "+25", "-25", "+26", "-26", "+27", "-27", "+28", "-28", "+29", "-29", "+30", "-30", "+31", "-31", "+32", "-32", "+33", "-33", "+34", "-34", "+35", "-35", "+36", "-36", "+37", "-37", "+38", "-38", "+39", "-39", "+40", "-40", "+41", "-41", "+42", "-42", "+43", "-43", "+44", "-44", "+45", "-45", "+46", "-46", "+47", "-47", "+48", "-48", "+49", "-49", "+50", "-50", "+51", "-51", "+52", "-52", "+53", "-53", "+54", "-54", "+55", "-55", "+56", "-56", "+57", "-57", "+58", "-58", "+59", "-59", "+60", "-60", "+61", "-61", "+62", "-62", "+63", "-63", "+64", "-64", "+65", "-65", "+66", "-66", "+67", "-67", "+68", "-68", "+69", "-69", "+70", "-70", "+71", "-71", "+72", "-72", "+73", "-73"],
    "precedence": {
        "+0": "-0",
        "+1": "-1",
        "+2": "-2",
        "+3": "-3",
        "+4": "-4",
        "+5": "-5",
        "+6": "-6",
        "+7": "-7",
        "+8": "-8",
        "+9": "-9",
        "+10": "-10",
        "+11": "-11",
        "+12": "-12",
        "+13": "-13",
        "+14": "-14",
        "+15": "-15",
        "+16": "-16",
        "+17": "-17",
        "+18": "-18",
        "+19": "-19",
        "+20": "-20",
        "+21": "-21",
        "+22": "-22",
        "+23": "-23",
        "+24": "-24",
        "+25": "-25",
        "+26": "-26",
        "+27": "-27",
        "+28": "-28",
        "+29": "-29",
        "+30": "-30",
        "+31": "-31",
        "+32": "-32",
        "+33": "-33",
        "+34": "-34",
        "+35": "-35",
        "+36": "-36",
        "+37": "-37",
        "+38": "-38",
        "+39": "-39",
        "+40": "-40",
        "+41": "-41",
        "+42": "-42",
        "+43": "-43",
        "+44": "-44",
        "+45": "-45",
        "+46": "-46",
        "+47": "-47",
        "+48": "-48",
        "+49": "-49",
        "+50": "-50",
        "+51": "-51",
        "+52": "-52",
        "+53": "-53",
        "+54": "-54",
        "+55": "-55",
        "+56": "-56",
        "+57": "-57",
        "+58": "-58",
        "+59": "-59",
        "+60": "-60",
        "+61": "-61",
        "+62": "-62",
        "+63": "-63",
        "+64": "-64",
        "+65": "-65",
        "+66": "-66",
        "+67": "-67",
        "+68": "-68",
        "+69": "-69",
        "+70": "-70",
        "+71": "-71",
        "+72": "-72",
        "+73": "-73"
    },
    "edges": [
        [    0,    0,  418,  648,  545,  909, 1061,  864,  700,  692,  565, 1001,   51,  917,  569,   95,  742,  416,  608,  553,  177,  862,  281, 1044,  938,  735,  669,  254,  213,  732,  587,  438,  483,  333,  535,  751,  165,  671,   56,  840,  775,  275,  386,  110,  582,  547,  503,  480,  785,  319,  740,  761,  911,  886,  743,  655,  685,  564,  852,  376,  383,  729,  704,  757,  878,  448,  320,  758,  812,  686,  670, 1114,   50,  434,  115,  589,  815,  895,  833,   81,  673,  947,  653,  775,  543,  879,  472,  786,  638,  965, 1040,  619,  343, 1029,  732,  919,  569,  162,  663,  882,  230,  698,  500,  380, 1032,  357, 1086,  713,  526,  418,  290,  896,  735,  982,  550,  812,  621,  354,  413,  723,  831,  720,  599,  141,  647,  197,  795,  682,  858,  442,  256,  834,  592,  637,  364,  949, 1007,  797,  498,  158,  471,  647,  416,  206,  411,  700,  184,  480],
        [    0,    0,    0,    0,    0,    0,    0,    0,    0,    0,    0,    0,    0,    0,    0,    0,    0,    0,    0,    0,    0,    0,    0,    0,    0,    0,    0,    0,    0,    0,    0,    0,    0,    0,    0,    0,    0,    0,    0,    0,    0,    0,    0,    0,    0,    0,    0,    0,    0,    0,    0,    0,    0,    0,    0,    0,    0,    0,    0,    0,    0,    0,    0,    0,    0,    0,    0,    0,    0,    0,    0,    0,    0,    0,    0,    0,    0,    0,    0,    0,    0,    0,    0,    0,    0,    0,    0,    0,    0,    0,    0,    0,    0,    0,    0,    0,    0,    0,    0,    0,    0,    0,    0,    0,    0,    0,    0,    0,    0,    0,    0,    0,    0,    0,    0,    0,    0,    0,    0,    0,    0,    0,    0,    0,    0,    0,    0,    0,    0,    0,    0,    0,    0,    0,    0,    0,    0,    0,    0,    0,    0,    0,    0,    0,    0,    0,    0,    0],
        [  418,    0,    0,  264,  378,  844,  663,  460,  491,  312,  196,  643,  463,  596,  155,  398,  383,  169,  505,  494,  492,  478,  226,  644,  522,  691,  260,  294,  541,  421,  585,  466,  391,  458,  147,  395,  277,  329,  456,  442,  653,  189,   42,  485,  252,  174,  343,  135,  718,  449,  375,  358,  815,  704,  685,  272,  303,  173,  706,   75,  111,  355,  457,  341,  738,  477,  133,  362,  468,  577,  464,  723,  371,  495,  523,  289,  524,  596,  420,  385,  307,  823,  270,  359,  170,  632,  236,  639,  232,  551,  652,  483,  235,  621,  362,  614,  381,  397,  246,  784,  448,  283,  175,   43,  675,  291,  685,  322,  119,  606,  685,  478,  343,  610,  133,  761,  313,  604,  482,  355,  423,  311,  470,  292,  265,  233,  378,  273,  574,  557,  384,  792,  356,  456,  333,  620,  597,  405,  427,  371,   58,  294,   28,  446,  132,  619,  594,  353],
        [  648,    0,  264,    0,  321, 1039,  575,  386,  654,   49,   84,  635,  697,  643,  203,  601,  431,  246,  717,  722,  748,  454,  386,  554,  383,  905,   86,  557,  797,  518,  820,  717,  624,  720,  278,  444,  529,  419,  694,  395,  839,  377,  278,  731,  109,  102,  314,  330,  921,  712,  114,  317,  998,  852,  895,  322,  343,   92,  875,  337,  366,   92,  600,  234,  907,  728,  328,  112,  513,  777,  633,  646,  598,  749,  760,  150,  616,  667,  319,  595,   55,  993,  323,  251,  105,  745,  232,  814,  247,  418,  590,  684,  492,  506,   99,  678,  302,  656,  168,  969,  710,  132,  362,  286,  665,  546,  589,   67,  239,  868,  930,  311,   88,  586,  191,  966,  447,  867,  738,  398,  197,  107,  676,  509,    5,  451,  255,  250,  663,  815,  647,  999,  246,  640,  411,  655,  482,  381,  660,  554,  242,  383,  251,  707,  240,  826,  831,  581],
        [  545,    0,  378,  321,    0, 1219,  896,  703,  868,  332,  274,  942,  594,  930,  448,  463,  711,  213,  879,  859,  701,  762,  279,  874,  702, 1061,  402,  592,  746,  776,  942,  806,  757,  760,  495,  723,  507,  676,  600,  706, 1031,  312,  352,  651,  214,  281,   44,  509, 1091,  748,  330,  623, 1192, 1079, 1057,  592,  620,  317, 1084,  436,  477,  341,  829,  551, 1116,  818,  310,  406,  797,  952,  841,  966,  502,  827,  655,  172,  880,  943,  637,  469,  296, 1201,  592,  569,  283,  998,  143, 1017,  523,  738,  908,  859,  580,  826,  335,  958,   31,  631,  468, 1161,  704,  449,  550,  359,  973,  636,  909,  370,  452,  896,  828,  627,  383,  897,  423, 1133,  678,  862,  809,  678,  497,  427,  845,  417,  317,  385,  574,  543,  929,  874,  670, 1163,   87,  834,  187,  947,  802,  686,  790,  398,  409,  638,  351,  690,  249,  992,  716,  722],
        [  909,    0,  844, 1039, 1219,    0,  905,  851,  393, 1078, 1010,  715,  904,  586,  837,  982,  671, 1006,  341,  372,  774,  761,  988,  906,  971,  174,  976,  685,  778,  564,  323,  472,  469,  580,  764,  663,  798,  643,  885,  808,  201,  942,  868,  850, 1079,  990, 1180,  724,  130,  593, 1146,  814,   69,  259,  170,  738,  730,  969,  193,  783,  742, 1117,  455,  903,  171,  462,  920, 1081,  634,  268,  409,  896,  905,  477,  908, 1123,  508,  527,  894,  961, 1094,  128,  735,  904,  987,  402, 1078,  234,  806,  968,  844,  362,  652,  953, 1128,  541, 1223,  748,  895,   83,  689,  955,  686,  860,  723,  603,  931, 1063,  805,  561,  921, 1007, 1077,  754,  851,   97,  597,  653,  498,  694, 1077, 1006,  375,  920, 1042,  904,  924,  824,  490,  489,  654,   82, 1199,  399, 1124,  612,  947,  777,  439, 1017,  827,  671,  871,  715,  970,  228,  936,  498],
        [ 1061,    0,  663,  575,  896,  905,    0,  205,  574,  572,  630,  196, 1099,  320,  511, 1057,  340,  771,  729,  781, 1077,  206,  881,   23,  206,  860,  495,  852, 1119,  409,  871,  866,  737,  943,  528,  336,  900,  412, 1088,  222,  735,  849,  704, 1100,  683,  631,  886,  582,  839,  943,  602,  306,  840,  647,  840,  406,  378,  595,  713,  687,  679,  579,  513,  349,  735,  870,  793,  509,  308,  732,  580,   73, 1019,  904, 1151,  725,  410,  379,  261, 1042,  608,  799,  409,  330,  631,  504,  790,  690,  431,  173,   64,  684,  750,   88,  589,  365,  877,  985,  443,  823,  999,  448,  567,  706,  200,  772,   29,  535,  545, 1065, 1288,  288,  527,  152,  537,  881,  478, 1113,  907,  348,  431,  470,  693,  951,  579,  893,  322,  391,  417,  977,  920,  911,  819,  620,  956,  295,  106,  265,  759, 1033,  605,  425,  677, 1011,  745,  784, 1219,  702],
        [  864,    0,  460,  386,  703,  851,  205,    0,  474,  391,  432,  260,  904,  312,  307,  855,  193,  568,  610,  651,  893,   97,  677,  185,  122,  769,  302,  668,  937,  294,  749,  714,  588,  777,  330,  197,  706,  253,  894,   44,  660,  645,  500,  910,  490,  431,  689,  389,  761,  775,  434,  104,  793,  610,  752,  216,  192,  395,  660,  489,  484,  408,  408,  153,  688,  721,  589,  341,  218,  634,  470,  270,  820,  753,  958,  534,  346,  358,   72,  841,  425,  766,  219,  135,  430,  472,  590,  620,  229,  128,  206,  565,  568,  167,  418,  358,  686,  799,  241,  770,  821,  255,  379,  503,  287,  597,  226,  356,  343,  909, 1102,  166,  354,  206,  332,  807,  322,  947,  753,  184,  283,  286,  569,  749,  390,  691,  135,  188,  377,  827,  743,  839,  631,  502,  753,  310,  146,   85,  615,  830,  402,  252,  473,  830,  541,  688, 1027,  547],
        [  700,    0,  491,  654,  868,  393,  574,  474,    0,  690,  634,  415,  716,  287,  453,  745,  285,  659,  162,  224,  631,  395,  678,  569,  596,  296,  586,  446,  660,  181,  302,  339,  230,  447,  385,  280,  548,  251,  699,  431,  193,  632,  523,  686,  705,  616,  833,  359,  289,  453,  757,  426,  346,  213,  278,  345,  338,  590,  222,  446,  408,  728,   67,  512,  254,  338,  595,  690,  270,  161,   31,  588,  676,  373,  747,  751,  173,  239,  510,  724,  708,  341,  343,  513,  612,  181,  725,  162,  415,  599,  521,  119,  367,  601,  739,  263,  867,  562,  504,  318,  539,  563,  319,  518,  437,  343,  602,  674,  428,  532,  832,  623,  686,  432,  470,  336,  208,  601,  384,  305,  685,  615,  134,  655,  657,  620,  534,  432,  192,  438,  469,  369,  835,   67,  808,  322,  591,  395,  232,  758,  461,  279,  519,  560,  622,  215,  800,  221],
        [  692,    0,  312,   49,  332, 1078,  572,  391,  690,    0,  128,  646,  741,  663,  244,  643,  457,  285,  759,  766,  795,  466,  426,  550,  373,  946,  108,  605,  844,  548,  864,  764,  669,  768,  320,  469,  577,  450,  739,  405,  878,  420,  325,  777,  132,  147,  332,  375,  961,  760,   69,  333, 1035,  885,  936,  353,  371,  140,  910,  384,  414,   44,  635,  242,  943,  774,  373,   77,  535,  817,  670,  644,  643,  796,  805,  162,  644,  691,  321,  638,   37, 1028,  354,  257,  151,  774,  262,  851,  279,  408,  591,  726,  539,  497,   53,  700,  310,  703,  193, 1006,  758,  145,  405,  334,  675,  594,  583,   38,  283,  916,  976,  296,   52,  595,  235, 1007,  483,  915,  785,  424,  168,  105,  718,  552,   48,  495,  256,  275,  690,  862,  695, 1040,  251,  680,  440,  673,  474,  396,  704,  594,  289,  416,  299,  755,  283,  867,  875,  626],
        [  565,    0,  196,   84,  274, 1010,  630,  432,  634,  128,    0,  669,  614,  660,  186,  517,  442,  164,  679,  677,  669,  488,  302,  609,  448,  867,  138,  487,  719,  517,  772,  660,  576,  653,  249,  455,  451,  416,  612,  434,  813,  293,  203,  649,   72,   23,  258,  288,  888,  644,  183,  349,  973,  839,  859,  325,  351,   46,  855,  271,  305,  167,  586,  282,  887,  671,  245,  196,  528,  744,  610,  699,  516,  690,  677,  120,  619,  677,  370,  511,  114,  974,  325,  301,   27,  743,  161,  791,  253,  482,  638,  650,  430,  567,  172,  691,  261,  579,  195,  943,  636,  184,  325,  212,  700,  486,  646,  151,  206,  801,  848,  381,  172,  623,  165,  932,  431,  795,  677,  409,  278,  178,  640,  425,   83,  368,  309,  270,  668,  753,  577,  965,  214,  612,  336,  676,  542,  412,  612,  471,  189,  378,  179,  632,  156,  791,  748,  535],
        [ 1001,    0,  643,  635,  942,  715,  196,  260,  415,  646,  669,    0, 1032,  134,  509, 1014,  263,  782,  576,  635,  986,  182,  868,  203,  339,  685,  549,  768, 1024,  282,  717,  736,  611,  829,  497,  253,  837,  331, 1018,  242,  555,  829,  685, 1022,  733,  663,  924,  532,  659,  831,  692,  320,  650,  457,  665,  372,  340,  627,  525,  646,  626,  665,  363,  404,  545,  738,  775,  600,  190,  565,  428,  182,  964,  773, 1078,  779,  243,  193,  331,  996,  679,  606,  373,  389,  661,  315,  818,  510,  427,  318,  133,  532,  667,  264,  676,  176,  929,  900,  475,  634,  900,  504,  505,  684,   33,  675,  219,  612,  527,  936, 1197,  411,  612,   58,  536,  699,  382,  994,  780,  288,  541,  542,  544,  909,  639,  856,  393,  400,  237,  843,  823,  727,  877,  471,  965,  104,  268,  257,  626, 1002,  587,  358,  663,  916,  750,  614, 1141,  583],
        [   51,    0,  463,  697,  594,  904, 1099,  904,  716,  741,  614, 1032,    0,  944,  612,  137,  775,  466,  615,  556,  147,  898,  332, 1082,  980,  731,  716,  273,  175,  759,  581,  436,  493,  324,  574,  783,  199,  703,   19,  878,  779,  325,  432,   70,  632,  596,  553,  517,  783,  311,  790,  800,  910,  895,  740,  693,  722,  612,  857,  417,  420,  779,  725,  800,  882,  445,  369,  806,  843,  691,  687, 1150,  100,  428,   64,  640,  839,  919,  875,  127,  723,  949,  690,  818,  592,  896,  522,  793,  679, 1007, 1075,  629,  368, 1069,  782,  943,  619,  160,  708,  881,  217,  744,  534,  425, 1063,  375, 1123,  762,  568,  393,  239,  940,  784, 1015,  594,  807,  651,  322,  406,  758,  879,  767,  609,  192,  696,  247,  838,  723,  881,  427,  258,  827,  642,  652,  412,  976, 1047,  835,  506,  203,  515,  681,  462,  191,  461,  701,  134,  495],
        [  917,    0,  596,  643,  930,  586,  320,  312,  287,  663,  660,  134,  944,    0,  484,  941,  220,  750,  448,  510,  884,  216,  817,  322,  419,  552,  559,  674,  919,  187,  587,  617,  496,  716,  451,  207,  754,  268,  929,  278,  421,  775,  637,  927,  730,  650,  906,  471,  525,  720,  719,  332,  521,  328,  531,  339,  311,  616,  394,  584,  558,  690,  241,  428,  416,  619,  725,  631,  133,  433,  303,  315,  884,  653,  985,  778,  116,   60,  377,  922,  693,  481,  340,  419,  648,  185,  797,  376,  408,  406,  259,  405,  577,  373,  702,   48,  920,  803,  476,  504,  795,  519,  437,  635,  152,  576,  346,  634,  489,  815, 1093,  477,  638,  169,  510,  566,  300,  878,  662,  253,  589,  564,  419,  839,  647,  791,  430,  394,  103,  721,  720,  595,  874,  346,  927,   36,  372,  271,  508,  937,  545,  303,  619,  813,  715,  480, 1045,  472],
        [  569,    0,  155,  203,  448,  837,  511,  307,  453,  244,  186,  509,  612,  484,    0,  552,  264,  273,  516,  525,  626,  336,  370,  492,  369,  703,  151,  411,  674,  332,  624,  534,  430,  557,   78,  277,  420,  231,  605,  293,  637,  339,  194,  629,  258,  171,  423,  141,  718,  550,  312,  207,  796,  655,  693,  145,  174,  141,  674,  199,  210,  285,  402,  188,  707,  544,  282,  264,  351,  574,  431,  573,  523,  569,  671,  305,  435,  496,  266,  539,  258,  793,  145,  206,  169,  558,  314,  613,   84,  397,  504,  482,  325,  467,  295,  510,  440,  530,  100,  767,  569,  153,  164,  197,  541,  373,  533,  235,   50,  703,  827,  330,  253,  471,   28,  764,  247,  717,  561,  232,  300,  196,  475,  447,  206,  387,  226,  120,  484,  639,  498,  797,  397,  438,  457,  502,  443,  260,  466,  524,   99,  193,  166,  573,  242,  624,  742,  386],
        [   95,    0,  398,  601,  463,  982, 1057,  855,  745,  643,  517, 1014,  137,  941,  552,    0,  752,  359,  669,  618,  272,  864,  219, 1039,  918,  808,  634,  306,  307,  755,  662,  512,  539,  414,  530,  762,  198,  684,  148,  835,  837,  226,  360,  203,  524,  502,  422,  483,  856,  400,  685,  752,  980,  940,  814,  655,  686,  524,  911,  372,  388,  677,  741,  736,  939,  522,  280,  713,  828,  748,  714, 1114,   78,  512,  194,  526,  845,  924,  817,   22,  621, 1012,  653,  755,  499,  920,  405,  844,  627,  948, 1041,  674,  379, 1018,  679,  947,  488,  244,  639,  950,  317,  668,  510,  356, 1046,  405, 1080,  668,  513,  510,  366,  870,  689,  990,  529,  886,  642,  448,  491,  730,  792,  683,  654,  107,  600,  165,  773,  669,  890,  527,  331,  909,  517,  685,  278,  971,  994,  795,  559,   66,  454,  656,  389,  294,  362,  767,  254,  529],
        [  742,    0,  383,  431,  711,  671,  340,  193,  285,  457,  442,  263,  775,  220,  264,  752,    0,  532,  418,  459,  741,  134,  608,  328,  314,  579,  350,  518,  783,  107,  557,  531,  403,  604,  237,   13,  578,   74,  763,  151,  475,  568,  425,  770,  512,  431,  687,  270,  574,  604,  517,  145,  617,  444,  562,  120,   92,  397,  485,  383,  364,  488,  219,  240,  515,  536,  515,  436,   88,  443,  279,  380,  704,  569,  824,  560,  189,  237,  225,  735,  483,  597,  120,  237,  429,  321,  577,  438,  190,  320,  305,  373,  416,  340,  499,  249,  701,  651,  265,  591,  661,  315,  243,  424,  295,  434,  367,  431,  272,  729,  953,  338,  439,  240,  290,  620,  139,  774,  571,   34,  414,  363,  377,  647,  435,  594,  255,  182,  234,  643,  583,  653,  656,  310,  712,  240,  324,  111,  428,  740,  330,   96,  405,  674,  498,  497,  890,  365],
        [  416,    0,  169,  246,  213, 1006,  771,  568,  659,  285,  164,  782,  466,  750,  273,  359,  532,    0,  666,  647,  542,  607,  141,  750,  601,  848,  295,  395,  590,  583,  732,  600,  544,  565,  300,  544,  329,  486,  467,  560,  819,  142,  139,  510,  167,  152,  176,  303,  878,  554,  327,  473,  979,  872,  844,  414,  445,  183,  873,  223,  264,  319,  625,  425,  905,  611,  112,  358,  619,  740,  632,  837,  367,  623,  530,  177,  686,  755,  513,  355,  262,  990,  413,  445,  151,  798,   76,  805,  356,  634,  771,  646,  370,  715,  320,  772,  220,  459,  328,  948,  525,  336,  343,  146,  814,  427,  790,  313,  262,  708,  704,  539,  333,  743,  246,  920,  478,  686,  607,  501,  442,  339,  632,  275,  245,  223,  457,  387,  736,  676,  479,  950,  210,  623,  186,  771,  690,  530,  578,  309,  208,  449,  141,  516,   38,  779,  599,  510],
        [  608,    0,  505,  717,  879,  341,  729,  610,  162,  759,  679,  576,  615,  448,  516,  669,  418,  666,    0,   68,  509,  541,  650,  723,  730,  188,  663,  363,  530,  324,  143,  195,  133,  313,  440,  415,  475,  365,  597,  568,  169,  604,  527,  574,  746,  659,  840,  391,  213,  322,  828,  545,  321,  283,  181,  445,  447,  640,  244,  443,  402,  801,  217,  619,  271,  192,  580,  774,  422,   81,  150,  747,  594,  224,  635,  788,  334,  399,  635,  647,  771,  346,  442,  625,  655,  321,  738,  179,  502,  737,  678,   46,  315,  750,  811,  423,  884,  456,  588,  290,  416,  650,  356,  520,  598,  270,  758,  750,  479,  377,  698,  745,  765,  591,  526,  256,  302,  452,  239,  430,  786,  700,   43,  594,  720,  572,  647,  530,  352,  282,  358,  287,  861,  111,  786,  483,  737,  527,  111,  695,  492,  381,  532,  439,  630,  114,  679,  158],
        [  553,    0,  494,  722,  859,  372,  781,  651,  224,  766,  677,  635,  556,  510,  525,  618,  459,  647,   68,    0,  445,  588,  618,  774,  768,  204,  674,  315,  464,  373,  102,  129,  103,  247,  447,  458,  428,  400,  538,  609,  224,  573,  511,  512,  741,  655,  819,  392,  243,  257,  834,  578,  363,  348,  204,  471,  478,  640,  303,  426,  385,  808,  274,  645,  327,  124,  554,  787,  473,  137,  208,  803,  542,  156,  573,  781,  395,  463,  669,  596,  774,  395,  468,  653,  651,  389,  721,  241,  521,  778,  733,  106,  283,  796,  818,  486,  866,  397,  605,  333,  352,  666,  361,  502,  659,  232,  809,  760,  483,  310,  631,  777,  776,  647,  531,  279,  334,  384,  171,  467,  807,  715,   92,  549,  724,  533,  676,  553,  416,  215,  299,  307,  848,  165,  754,  545,  782,  566,   69,  648,  488,  411,  519,  376,  612,  149,  615,  142],
        [  177,    0,  492,  748,  701,  774, 1077,  893,  631,  795,  669,  986,  147,  884,  626,  272,  741,  542,  509,  445,    0,  872,  424, 1062,  983,  603,  751,  226,   50,  706,  454,  318,  402,  200,  573,  748,  219,  668,  130,  862,  666,  403,  471,   81,  701,  649,  658,  508,  657,  189,  851,  793,  785,  792,  614,  678,  703,  658,  746,  430,  419,  836,  652,  810,  768,  325,  433,  852,  798,  581,  605, 1121,  206,  302,  135,  718,  773,  852,  875,  255,  783,  829,  675,  826,  645,  811,  608,  685,  680, 1006, 1046,  531,  327, 1059,  841,  876,  722,   96,  725,  758,   94,  771,  514,  463, 1015,  312, 1103,  810,  578,  247,  212,  955,  831,  977,  612,  678,  607,  177,  282,  730,  914,  802,  511,  284,  748,  322,  848,  724,  810,  288,  165,  695,  737,  565,  528,  918, 1038,  817,  406,  332,  534,  652,  499,   72,  527,  583,  171,  416],
        [  862,    0,  478,  454,  762,  761,  206,   97,  395,  466,  488,  182,  898,  216,  336,  864,  134,  607,  541,  588,  872,    0,  702,  194,  212,  690,  368,  647,  914,  218,  682,  664,  536,  738,  336,  132,  700,  207,  886,   65,  574,  666,  520,  897,  552,  483,  744,  383,  678,  738,  516,  139,  702,  516,  672,  210,  179,  447,  570,  493,  481,  488,  330,  225,  597,  669,  611,  425,  128,  556,  395,  252,  821,  703,  949,  598,  254,  261,  162,  848,  499,  672,  212,  212,  482,  377,  640,  533,  252,  207,  178,  495,  545,  209,  499,  261,  748,  780,  294,  680,  793,  324,  364,  521,  212,  566,  233,  434,  360,  863, 1083,  262,  435,  137,  363,  722,  273,  908,  705,  143,  376,  363,  502,  758,  458,  702,  219,  222,  282,  776,  715,  754,  696,  431,  792,  215,  196,   78,  560,  846,  421,  220,  496,  806,  577,  610, 1016,  499],
        [  281,    0,  226,  386,  279,  988,  881,  677,  678,  426,  302,  868,  332,  817,  370,  219,  608,  141,  650,  618,  424,  702,    0,  861,  724,  821,  426,  324,  471,  638,  690,  546,  520,  486,  372,  619,  230,  550,  335,  663,  814,   47,  184,  382,  306,  288,  236,  348,  859,  474,  467,  577,  971,  889,  821,  497,  529,  314,  878,  238,  273,  459,  656,  544,  909,  557,   93,  497,  692,  729,  649,  943,  234,  562,  395,  309,  738,  813,  629,  216,  403,  990,  495,  563,  286,  836,  191,  809,  452,  756,  873,  640,  337,  832,  461,  833,  299,  352,  445,  940,  425,  464,  384,  184,  900,  387,  902,  452,  343,  618,  571,  668,  473,  835,  345,  896,  526,  583,  543,  580,  579,  474,  624,  144,  384,  106,  579,  490,  787,  603,  395,  925,  314,  631,  136,  843,  808,  628,  550,  169,  282,  516,  207,  411,  148,  761,  463,  494],
        [ 1044,    0,  644,  554,  874,  906,   23,  185,  569,  550,  609,  203, 1082,  322,  492, 1039,  328,  750,  723,  774, 1062,  194,  861,    0,  184,  857,  474,  837, 1105,  401,  865,  856,  727,  931,  511,  324,  884,  400, 1071,  205,  733,  830,  684, 1085,  661,  610,  864,  566,  838,  931,  580,  287,  842,  650,  838,  390,  362,  574,  714,  670,  663,  557,  507,  328,  737,  860,  773,  487,  302,  728,  574,   95, 1001,  894, 1135,  703,  407,  380,  239, 1024,  586,  803,  392,  309,  610,  506,  769,  689,  412,  152,   73,  677,  736,   70,  567,  369,  855,  970,  422,  824,  985,  427,  551,  687,  210,  758,   42,  513,  526, 1055, 1273,  266,  505,  155,  517,  880,  466, 1101,  897,  334,  409,  448,  686,  932,  557,  874,  301,  372,  418,  968,  907,  911,  798,  613,  935,  300,   85,  248,  750, 1014,  586,  411,  657,  997,  725,  780, 1203,  691],
        [  938,    0,  522,  383,  702,  971,  206,  122,  596,  373,  448,  339,  980,  419,  369,  918,  314,  601,  730,  768,  983,  212,  724,  184,    0,  891,  310,  760, 1029,  416,  867,  826,  701,  881,  411,  318,  786,  369,  972,  165,  781,  699,  559,  993,  492,  452,  697,  476,  883,  878,  398,  197,  913,  728,  874,  315,  297,  419,  780,  564,  567,  377,  530,  182,  808,  833,  642,  307,  338,  755,  592,  279,  891,  864, 1038,  531,  465,  469,  109,  906,  409,  884,  318,  163,  453,  588,  608,  741,  304,   36,  241,  685,  663,  126,  386,  466,  681,  888,  280,  890,  916,  266,  474,  563,  359,  698,  213,  335,  413, 1018, 1190,   82,  326,  282,  390,  928,  436, 1050,  862,  301,  226,  276,  689,  814,  387,  754,  146,  260,  493,  938,  840,  961,  623,  623,  781,  410,  103,  204,  730,  886,  467,  362,  530,  924,  580,  809, 1108,  659],
        [  735,    0,  691,  905, 1061,  174,  860,  769,  296,  946,  867,  685,  731,  552,  703,  808,  579,  848,  188,  204,  603,  690,  821,  857,  891,    0,  849,  512,  610,  476,  150,  298,  305,  408,  627,  574,  625,  536,  712,  726,  135,  776,  711,  678,  934,  846, 1021,  579,   58,  420, 1015,  715,  185,  272,   23,  623,  622,  828,  198,  626,  585,  988,  362,  796,  203,  288,  757,  959,  563,  137,  301,  865,  731,  304,  737,  975,  451,  494,  802,  787,  958,  236,  621,  800,  843,  382,  921,  180,  685,  894,  803,  222,  486,  894,  998,  514, 1067,  575,  772,  160,  517,  834,  544,  703,  701,  434,  888,  936,  667,  402,  759,  915,  951,  713,  714,   78,  480,  493,  325,  596,  966,  884,  229,  747,  907,  734,  822,  710,  449,  323,  480,  104, 1047,  276,  957,  584,  884,  689,  272,  844,  680,  558,  717,  542,  813,   83,  768,  339],
        [  669,    0,  260,   86,  402,  976,  495,  302,  586,  108,  138,  549,  716,  559,  151,  634,  350,  295,  663,  674,  751,  368,  426,  474,  310,  849,    0,  546,  800,  441,  774,  684,  581,  700,  228,  362,  536,  344,  711,  309,  775,  408,  286,  743,  189,  144,  391,  290,  861,  693,  172,  231,  932,  779,  838,  246,  264,  113,  806,  325,  346,  143,  529,  150,  838,  693,  354,  114,  430,  717,  567,  565,  621,  718,  778,  233,  537,  585,  236,  625,  134,  923,  248,  168,  145,  667,  299,  747,  172,  344,  507,  627,  469,  429,  154,  595,  385,  656,   86,  903,  703,   48,  315,  293,  579,  520,  510,   88,  197,  847,  943,  245,  103,  500,  150,  907,  379,  856,  709,  317,  164,   52,  621,  535,   90,  475,  173,  168,  583,  787,  635,  940,  330,  579,  472,  570,  405,  295,  616,  593,  221,  310,  256,  704,  279,  768,  849,  537],
        [  254,    0,  294,  557,  592,  685,  852,  668,  446,  605,  487,  768,  273,  674,  411,  306,  518,  395,  363,  315,  226,  647,  324,  837,  760,  512,  546,    0,  270,  490,  373,  224,  233,  171,  352,  525,  113,  445,  257,  636,  532,  283,  286,  255,  533,  465,  549,  285,  557,  161,  668,  568,  677,  635,  516,  453,  478,  466,  606,  223,  202,  648,  453,  590,  633,  236,  285,  653,  579,  443,  417,  897,  233,  238,  312,  561,  568,  648,  652,  285,  600,  707,  450,  606,  461,  625,  469,  538,  458,  782,  822,  369,  103,  834,  655,  671,  606,  134,  510,  647,  159,  561,  289,  276,  798,  104,  878,  614,  361,  316,  437,  735,  635,  755,  400,  590,  386,  311,  220,  505,  707,  597,  349,  235,  558,  226,  628,  502,  609,  283,   91,  615,  604,  384,  457,  707,  813,  591,  254,  333,  326,  428,  309,  164,  368,  464,  374,  227],
        [  213,    0,  541,  797,  746,  778, 1119,  937,  660,  844,  719, 1024,  175,  919,  674,  307,  783,  590,  530,  464,   50,  914,  471, 1105, 1029,  610,  800,  270,    0,  743,  463,  336,  431,  218,  620,  788,  268,  709,  160,  906,  682,  451,  520,  106,  750,  698,  703,  554,  666,  209,  900,  838,  794,  811,  623,  722,  747,  707,  762,  478,  466,  885,  684,  857,  783,  341,  482,  901,  837,  599,  634, 1162,  248,  315,  145,  766,  807,  885,  921,  293,  832,  840,  719,  873,  694,  839,  656,  703,  727, 1052, 1087,  555,  371, 1103,  890,  909,  768,  144,  773,  768,  124,  820,  559,  512, 1053,  350, 1146,  859,  625,  233,  174, 1002,  880, 1016,  661,  683,  647,  151,  296,  772,  963,  851,  536,  329,  797,  370,  895,  771,  842,  290,  202,  698,  784,  594,  571,  953, 1083,  860,  431,  370,  583,  695,  548,  109,  576,  596,  159,  448],
        [  732,    0,  421,  518,  776,  564,  409,  294,  181,  548,  517,  282,  759,  187,  332,  755,  107,  583,  324,  373,  706,  218,  638,  401,  416,  476,  441,  490,  743,    0,  466,  461,  334,  549,  283,  100,  568,  102,  745,  251,  368,  595,  461,  745,  588,  503,  747,  291,  468,  551,  611,  252,  510,  341,  459,  197,  179,  472,  378,  402,  374,  582,  115,  344,  409,  465,  546,  535,  101,  341,  179,  434,  698,  499,  802,  637,  105,  176,  332,  736,  572,  492,  196,  343,  500,  228,  637,  331,  271,  419,  362,  278,  392,  426,  594,  196,  770,  622,  356,  485,  619,  411,  255,  458,  310,  395,  437,  526,  325,  661,  916,  445,  535,  280,  355,  514,  114,  716,  504,  133,  518,  461,  286,  653,  522,  606,  362,  276,  154,  571,  542,  547,  729,  214,  753,  218,  414,  215,  353,  752,  375,  139,  446,  636,  547,  395,  863,  303],
        [  587,    0,  585,  820,  942,  323,  871,  749,  302,  864,  772,  717,  581,  587,  624,  662,  557,  732,  143,  102,  454,  682,  690,  865,  867,  150,  774,  373,  463,  466,    0,  151,  197,  258,  547,  555,  483,  499,  563,  707,  231,  646,  598,  528,  835,  750,  901,  490,  204,  270,  933,  678,  332,  373,  161,  572,  579,  737,  311,  514,  475,  907,  359,  747,  327,  141,  633,  887,  564,  166,  292,  889,  584,  154,  588,  873,  474,  535,  769,  640,  872,  378,  569,  754,  746,  445,  807,  264,  623,  876,  820,  188,  363,  891,  917,  558,  951,  426,  706,  306,  367,  767,  461,  590,  738,  307,  900,  859,  582,  267,  617,  878,  876,  733,  630,  226,  434,  354,  176,  566,  908,  815,  181,  606,  822,  598,  777,  655,  488,  179,  332,  247,  937,  253,  825,  622,  878,  664,  161,  700,  584,  512,  609,  393,  699,  142,  620,  239],
        [  438,    0,  466,  717,  806,  472,  866,  714,  339,  764,  660,  736,  436,  617,  534,  512,  531,  600,  195,  129,  318,  664,  546,  856,  826,  298,  684,  224,  336,  461,  151,    0,  129,  120,  460,  533,  334,  463,  418,  675,  348,  504,  473,  388,  718,  638,  764,  394,  348,  130,  831,  630,  474,  476,  305,  515,  529,  630,  428,  393,  356,  807,  377,  683,  451,   12,  496,  797,  562,  263,  317,  895,  434,   39,  449,  752,  501,  575,  721,  490,  767,  514,  511,  693,  634,  512,  676,  368,  551,  840,  822,  225,  233,  870,  816,  599,  818,  278,  626,  446,  227,  685,  375,  464,  762,  176,  894,  764,  487,  201,  503,  823,  783,  741,  535,  375,  394,  263,   46,  532,  831,  729,  207,  456,  719,  450,  717,  589,  529,  113,  183,  398,  808,  274,  680,  652,  854,  630,  110,  549,  476,  464,  488,  252,  569,  266,  488,  168],
        [  483,    0,  391,  624,  757,  469,  737,  588,  230,  669,  576,  611,  493,  496,  430,  539,  403,  544,  133,  103,  402,  536,  520,  727,  701,  305,  581,  233,  431,  334,  197,  129,    0,  221,  353,  404,  343,  335,  476,  548,  301,  474,  408,  459,  640,  555,  717,  294,  340,  226,  737,  506,  453,  404,  302,  393,  405,  541,  373,  323,  283,  712,  257,  564,  402,  134,  453,  694,  434,  213,  204,  767,  465,  167,  520,  679,  381,  457,  597,  517,  676,  478,  390,  574,  551,  410,  618,  306,  436,  714,  694,  137,  184,  742,  721,  482,  764,  337,  515,  422,  309,  576,  267,  400,  638,  138,  765,  665,  387,  329,  604,  701,  682,  614,  435,  378,  267,  384,  171,  404,  719,  623,  117,  462,  626,  439,  597,  471,  413,  241,  241,  408,  746,  164,  656,  531,  726,  503,   36,  563,  388,  339,  417,  331,  510,  242,  571,   45],
        [  333,    0,  458,  720,  760,  580,  943,  777,  447,  768,  653,  829,  324,  716,  557,  414,  604,  565,  313,  247,  200,  738,  486,  931,  881,  408,  700,  171,  218,  549,  258,  120,  221,    0,  488,  608,  259,  532,  305,  741,  467,  449,  454,  271,  702,  631,  717,  420,  461,   14,  832,  684,  588,  595,  417,  567,  586,  629,  547,  384,  356,  811,  477,  724,  569,  126,  455,  811,  647,  382,  423,  979,  336,  104,  331,  731,  602,  678,  773,  393,  765,  630,  564,  737,  627,  624,  640,  487,  590,  899,  904,  339,  232,  939,  818,  702,  775,  172,  654,  560,  110,  709,  411,  445,  856,  186,  971,  774,  507,  149,  387,  868,  794,  827,  551,  484,  465,  171,   83,  600,  856,  749,  320,  375,  721,  383,  760,  631,  633,  118,   92,  503,  774,  381,  615,  751,  920,  695,  216,  459,  482,  526,  475,  135,  539,  384,  369,  247],
        [  535,    0,  147,  278,  495,  764,  528,  330,  385,  320,  249,  497,  574,  451,   78,  530,  237,  300,  440,  447,  573,  336,  372,  511,  411,  627,  228,  352,  620,  283,  547,  460,  353,  488,    0,  249,  377,  186,  565,  306,  565,  333,  189,  584,  320,  232,  465,   69,  644,  483,  389,  227,  725,  592,  617,  127,  159,  207,  606,  160,  157,  362,  338,  239,  638,  469,  279,  341,  323,  500,  361,  584,  491,  495,  630,  367,  387,  455,  303,  514,  332,  725,  125,  255,  228,  504,  354,  542,  108,  435,  512,  407,  260,  495,  372,  472,  490,  478,  167,  695,  510,  226,   87,  188,  529,  303,  552,  313,   44,  633,  779,  384,  330,  466,   88,  689,  185,  652,  487,  209,  372,  271,  399,  423,  281,  367,  277,  152,  437,  565,  435,  722,  453,  365,  476,  475,  473,  266,  388,  510,   94,  149,  169,  515,  265,  548,  700,  309],
        [  751,    0,  395,  444,  723,  663,  336,  197,  280,  469,  455,  253,  783,  207,  277,  762,   13,  544,  415,  458,  748,  132,  619,  324,  318,  574,  362,  525,  788,  100,  555,  533,  404,  608,  249,    0,  587,   81,  771,  154,  468,  580,  437,  778,  525,  444,  699,  280,  568,  608,  529,  155,  609,  435,  557,  132,  104,  410,  476,  394,  374,  500,  213,  250,  506,  538,  527,  447,   75,  438,  275,  374,  713,  571,  831,  573,  178,  224,  232,  744,  495,  588,  133,  247,  442,  310,  590,  430,  202,  323,  299,  370,  423,  339,  511,  236,  714,  658,  277,  584,  667,  326,  253,  436,  285,  439,  363,  443,  284,  731,  959,  345,  450,  232,  303,  614,  143,  778,  573,   46,  423,  375,  375,  657,  448,  604,  265,  194,  222,  645,  588,  647,  668,  307,  724,  227,  324,  116,  429,  750,  342,  106,  417,  680,  510,  492,  897,  367],
        [  165,    0,  277,  529,  507,  798,  900,  706,  548,  577,  451,  837,  199,  754,  420,  198,  578,  329,  475,  428,  219,  700,  230,  884,  786,  625,  536,  113,  268,  568,  483,  334,  343,  259,  377,  587,    0,  507,  188,  680,  644,  197,  253,  209,  484,  430,  464,  319,  670,  246,  633,  603,  790,  743,  629,  495,  523,  440,  716,  222,  222,  617,  546,  608,  745,  345,  218,  635,  648,  555,  518,  952,  131,  343,  253,  504,  654,  734,  679,  177,  564,  820,  492,  625,  427,  724,  399,  648,  483,  811,  877,  478,  183,  872,  622,  757,  525,  131,  518,  760,  198,  559,  337,  245,  868,  209,  925,  592,  374,  389,  409,  750,  614,  818,  403,  702,  458,  359,  323,  560,  699,  587,  458,  123,  529,  125,  646,  527,  698,  377,  168,  727,  531,  488,  356,  786,  850,  636,  366,  221,  324,  484,  282,  188,  311,  577,  323,  332],
        [  671,    0,  329,  419,  676,  643,  412,  253,  251,  450,  416,  331,  703,  268,  231,  684,   74,  486,  365,  400,  668,  207,  550,  400,  369,  536,  344,  445,  709,  102,  499,  463,  335,  532,  186,   81,  507,    0,  691,  213,  443,  509,  370,  697,  487,  402,  648,  206,  538,  532,  515,  181,  594,  435,  521,   98,   88,  370,  465,  319,  297,  486,  189,  262,  497,  469,  458,  442,  144,  400,  238,  453,  634,  501,  751,  535,  205,  270,  271,  667,  473,  582,   97,  265,  399,  329,  538,  411,  172,  380,  378,  321,  343,  408,  497,  287,  669,  578,  259,  567,  588,  316,  175,  368,  362,  360,  440,  430,  226,  660,  880,  381,  441,  312,  254,  584,   69,  703,  502,   69,  435,  367,  323,  580,  422,  529,  286,  183,  254,  576,  509,  617,  627,  261,  660,  293,  391,  169,  363,  675,  279,   38,  353,  601,  450,  454,  817,  296],
        [   56,    0,  456,  694,  600,  885, 1088,  894,  699,  739,  612, 1018,   19,  929,  605,  148,  763,  467,  597,  538,  130,  886,  335, 1071,  972,  712,  711,  257,  160,  745,  563,  418,  476,  305,  565,  771,  188,  691,    0,  867,  761,  325,  427,   56,  632,  593,  558,  506,  764,  293,  789,  791,  891,  877,  721,  682,  710,  609,  839,  408,  410,  777,  709,  793,  864,  426,  367,  803,  829,  673,  670, 1138,  101,  409,   67,  641,  824,  904,  866,  136,  722,  930,  679,  810,  590,  879,  525,  775,  670,  998, 1063,  611,  353, 1059,  781,  927,  624,  142,  700,  863,  198,  739,  523,  420, 1049,  359, 1113,  759,  560,  376,  238,  933,  781, 1002,  586,  789,  637,  306,  388,  746,  874,  763,  591,  193,  693,  245,  830,  714,  865,  409,  240,  808,  646,  635,  420,  962, 1037,  824,  488,  213,  507,  669,  456,  172,  459,  682,  138,  478],
        [  840,    0,  442,  395,  706,  808,  222,   44,  431,  405,  434,  242,  878,  278,  293,  835,  151,  560,  568,  609,  862,   65,  663,  205,  165,  726,  309,  636,  906,  251,  707,  675,  548,  741,  306,  154,  680,  213,  867,    0,  617,  630,  484,  882,  495,  430,  691,  361,  718,  739,  453,   88,  751,  569,  709,  186,  159,  394,  618,  466,  458,  425,  365,  163,  646,  681,  573,  361,  177,  591,  428,  281,  797,  714,  931,  541,  305,  321,   99,  820,  438,  724,  189,  149,  429,  432,  588,  577,  211,  170,  211,  523,  536,  199,  436,  322,  691,  768,  240,  727,  788,  264,  349,  485,  271,  562,  246,  372,  324,  871, 1072,  204,  372,  192,  320,  764,  282,  911,  714,  144,  312,  301,  527,  729,  399,  671,  155,  174,  338,  788,  709,  796,  638,  460,  746,  279,  180,   46,  575,  813,  385,  215,  458,  798,  532,  645, 1000,  508],
        [  775,    0,  653,  839, 1031,  201,  735,  660,  193,  878,  813,  555,  779,  421,  637,  837,  475,  819,  169,  224,  666,  574,  814,  733,  781,  135,  775,  532,  682,  368,  231,  348,  301,  467,  565,  468,  644,  443,  761,  617,    0,  768,  680,  735,  883,  794,  994,  529,  105,  477,  945,  617,  162,  144,  113,  537,  531,  771,   81,  597,  556,  917,  257,  704,  104,  342,  740,  881,  447,   89,  209,  736,  762,  368,  796,  927,  327,  363,  699,  816,  894,  177,  535,  706,  790,  248,  889,   46,  605,  781,  676,  174,  480,  774,  928,  382, 1034,  620,  694,  131,  574,  754,  490,  673,  569,  438,  762,  863,  607,  498,  843,  812,  876,  585,  652,  149,  397,  583,  386,  496,  878,  805,  191,  762,  842,  739,  726,  624,  320,  408,  522,  180, 1006,  201,  948,  452,  766,  583,  279,  863,  632,  471,  681,  599,  782,   90,  836,  321],
