{
    "name": "random-21-13367",
    "comment": "size=21 seed=13367",
    "nodes": ["+0", "-0", "+1", "-1", "+2", "-2", "+3", "-3", "+4", "-4", "+5", "-5", "+6", "-6", "+7", "-7", "+8", "-8", "+9", "-9", "+10", "-10", "+11", "-11", "+12", "-12", "+13", "-13", "+14", "-14", "+15", "-15", "+16", "-16", "+17", "-17", "+18", "-18", "+19", "-19", "+20", "-20", "+21", "-21"],
    "precedence": {
        "+0": "-0",
        "+1": "-1",
        "+2": "-2",
        "+3": "-3",
        "+4": "-4",
        "+5": "-5",
        "+6": "-6",
        "+7": "-7",
        "+8": "-8",
        "+9": "-9",
        "+10": "-10",
        "+11": "-11",
        "+12": "-12",
        "+13": "-13",
        "+14": "-14",
        "+15": "-15",
        "+16": "-16",
        "+17": "-17",
        "+18": "-18",
        "+19": "-19",
        "+20": "-20",
        "+21": "-21"
    },
    "edges": [
        [    0,    0,  294,  631,  894,  947,  487,  155,  729,  267,  867,  169,  863,  712,  697,  862,  177,  271,  454, 1082,  504, 1162, 1082,  354, 1141, 1131,  772,  709,  739,  351,  381, 1025,  432,  386,  897,  787,  645,  805,   90,  300,  185,  936,  908,  240],
        [    0,    0,  294,  631,  894,  947,  487,  155,  729,  267,  867,  169,  863,  712,  697,  862,  177,  271,  454, 1082,  504, 1162, 1082,  354, 1141, 1131,  772,  709,  739,  351,  381, 1025,  432,  386,  897,  787,  645,  805,   90,  300,  185,  936,  908,  240],
        [  294,  294,    0,  470,  966,  973,  372,  285,  765,  404,  929,  179,  934,  480,  460,  902,  224,  469,  304,  960,  490, 1077, 1038,   87, 1069, 1051,  728,  507,  479,  568,  428,  870,  341,  204,  744,  723,  430,  541,  213,  146,  146,  843,  701,  462],
        [  631,  631,  470,    0,  691,  632,  153,  497,  484,  491,  646,  618,  664,  192,  200,  593,  456,  584,  180,  491,  278,  619,  612,  390,  619,  597,  339,  117,  292,  658,  373,  404,  210,  271,  276,  311,  133,  340,  551,  354,  463,  389,  290,  613],
        [  894,  894,  966,  691,    0,  153,  652,  755,  213,  628,   46, 1007,   32,  880,  891,  112,  781,  640,  724,  651,  487,  577,  412,  927,  527,  545,  379,  792,  982,  607,  544,  736,  651,  802,  687,  425,  824, 1025,  874,  823,  853,  511,  857,  683],
        [  947,  947,  973,  632,  153,    0,  627,  799,  219,  682,  131, 1040,  157,  811,  825,   91,  813,  714,  702,  509,  484,  424,  259,  923,  374,  393,  296,  719,  915,  700,  574,  606,  639,  791,  575,  333,  764,  950,  914,  827,  877,  383,  754,  759],
        [  487,  487,  372,  153,  652,  627,    0,  347,  440,  341,  610,  495,  622,  303,  302,  569,  311,  435,   76,  605,  176,  709,  667,  306,  698,  682,  360,  256,  384,  513,  232,  539,   58,  171,  411,  352,  229,  444,  411,  235,  330,  475,  442,  462],
        [  155,  155,  285,  497,  755,  799,  347,    0,  580,  135,  726,  256,  724,  604,  593,  716,   66,  185,  329,  932,  350, 1008,  928,  308,  986,  977,  618,  587,  648,  284,  228,  882,  291,  284,  755,  633,  533,  715,  120,  214,  139,  783,  782,  179],
        [  729,  729,  765,  484,  213,  219,  440,  580,    0,  465,  170,  823,  183,  674,  684,  138,  596,  502,  513,  551,  279,  534,  400,  721,  494,  500,  207,  589,  776,  499,  357,  598,  442,  593,  523,  256,  616,  821,  696,  620,  662,  388,  677,  547],
        [  267,  267,  404,  491,  628,  682,  341,  135,  465,    0,  601,  389,  597,  633,  626,  596,  182,   95,  351,  873,  276,  929,  833,  409,  903,  897,  534,  596,  695,  185,  140,  844,  286,  345,  721,  557,  558,  761,  253,  300,  262,  715,  780,  124],
        [  867,  867,  929,  646,   46,  131,  610,  726,  170,  601,    0,  975,   29,  834,  845,   69,  749,  619,  682,  614,  447,  548,  386,  888,  499,  515,  333,  746,  937,  592,  511,  694,  611,  762,  643,  380,  779,  979,  844,  785,  819,  470,  812,  663],
        [  169,  169,  179,  618, 1007, 1040,  495,  256,  823,  389,  975,    0,  976,  652,  634,  960,  228,  421,  440, 1099,  567, 1201, 1142,  261, 1186, 1172,  827,  671,  656,  510,  467, 1021,  450,  348,  893,  832,  597,  719,  137,  265,  170,  968,  869,  397],
        [  863,  863,  934,  664,   32,  157,  622,  724,  183,  597,   29,  976,    0,  853,  864,   97,  750,  612,  694,  642,  456,  576,  414,  896,  527,  543,  357,  766,  956,  580,  513,  721,  620,  771,  668,  404,  796,  999,  843,  791,  821,  498,  836,  655],
        [  712,  712,  480,  192,  880,  811,  303,  604,  674,  633,  834,  652,  853,    0,   24,  778,  549,  727,  283,  568,  462,  724,  753,  394,  735,  708,  516,   93,  105,  811,  535,  441,  351,  327,  337,  480,   76,  149,  624,  413,  528,  515,  230,  749],
        [  697,  697,  460,  200,  891,  825,  302,  593,  684,  626,  845,  634,  864,   24,    0,  790,  536,  720,  275,  590,  464,  746,  772,  374,  757,  730,  530,  111,   92,  806,  532,  465,  346,  313,  359,  495,   74,  144,  609,  398,  513,  535,  253,  741],
        [  862,  862,  902,  593,  112,   91,  569,  716,  138,  596,   69,  960,   97,  778,  790,    0,  733,  625,  643,  546,  414,  487,  329,  856,  439,  453,  270,  689,  882,  609,  494,  626,  575,  727,  576,  316,  726,  922,  832,  757,  799,  402,  747,  669],
        [  177,  177,  224,  456,  781,  813,  311,   66,  596,  182,  749,  228,  750,  549,  536,  733,    0,  247,  280,  908,  345,  995,  924,  242,  976,  965,  611,  538,  588,  346,  240,  849,  256,  225,  721,  621,  479,  655,  107,  149,   81,  766,  735,  245],
        [  271,  271,  469,  584,  640,  714,  435,  185,  502,   95,  619,  421,  612,  727,  720,  625,  247,    0,  446,  949,  354,  994,  887,  486,  964,  961,  600,  690,  789,  100,  222,  928,  381,  435,  808,  628,  653,  854,  287,  382,  324,  788,  873,   45],
        [  454,  454,  304,  180,  724,  702,   76,  329,  513,  351,  682,  440,  694,  283,  275,  643,  280,  446,    0,  661,  242,  773,  739,  234,  765,  748,  434,  259,  347,  532,  267,  583,   83,  101,  454,  424,  208,  411,  372,  176,  283,  539,  456,  467],
        [ 1082, 1082,  960,  491,  651,  509,  605,  932,  551,  873,  614, 1099,  642,  568,  590,  546,  908,  949,  661,    0,  598,  175,  292,  881,  209,  176,  365,  490,  656,  986,  734,  149,  655,  758,  232,  326,  570,  655, 1013,  836,  935,  168,  384,  990],
        [  504,  504,  490,  278,  487,  484,  176,  350,  279,  276,  447,  567,  456,  462,  464,  414,  345,  354,  242,  598,    0,  660,  580,  443,  637,  629,  269,  395,  551,  406,  136,  575,  165,  316,  458,  285,  391,  608,  451,  344,  399,  441,  548,  393],
        [ 1162, 1162, 1077,  619,  577,  424,  709, 1008,  534,  929,  548, 1201,  576,  724,  746,  487,  995,  994,  773,  175,  660,    0,  168, 1003,   53,   35,  396,  640,  817, 1015,  793,  323,  751,  874,  390,  376,  716,  823, 1101,  943, 1033,  235,  556, 1037],
        [ 1082, 1082, 1038,  612,  412,  259,  667,  928,  400,  833,  386, 1142,  414,  753,  772,  329,  924,  887,  739,  292,  580,  168,    0,  972,  116,  140,  315,  662,  854,  895,  703,  423,  700,  838,  444,  316,  728,  872, 1031,  897,  973,  241,  627,  931],
        [  354,  354,   87,  390,  927,  923,  306,  308,  721,  409,  888,  261,  896,  394,  374,  856,  242,  486,  234,  881,  443, 1003,  972,    0,  997,  978,  665,  422,  397,  585,  403,  787,  284,  135,  661,  657,  344,  461,  267,  113,  179,  769,  615,  486],
        [ 1141, 1141, 1069,  619,  527,  374,  698,  986,  494,  903,  499, 1186,  527,  735,  757,  439,  976,  964,  765,  209,  637,   53,  116,  997,    0,   34,  370,  649,  832,  981,  767,  354,  738,  866,  406,  356,  722,  841, 1083,  932, 1018,  230,  580, 1008],
        [ 1131, 1131, 1051,  597,  545,  393,  682,  977,  500,  897,  515, 1172,  543,  708,  730,  453,  965,  961,  748,  176,  629,   35,  140,  978,   34,    0,  363,  623,  804,  981,  761,  321,  723,  848,  377,  345,  698,  811, 1071,  916, 1004,  209,  549, 1004],
        [  772,  772,  728,  339,  379,  296,  360,  618,  207,  534,  333,  827,  357,  516,  530,  270,  611,  600,  434,  365,  269,  396,  315,  665,  370,  363,    0,  424,  620,  627,  398,  394,  388,  531,  318,   50,  470,  656,  718,  584,  658,  198,  480,  642],
        [  709,  709,  507,  117,  792,  719,  256,  587,  589,  596,  746,  671,  766,   93,  111,  689,  538,  690,  259,  490,  395,  640,  662,  422,  649,  623,  424,    0,  198,  768,  485,  375,  310,  328,  259,  388,   83,  234,  624,  416,  530,  425,  200,  717],
        [  739,  739,  479,  292,  982,  915,  384,  648,  776,  695,  937,  656,  956,  105,   92,  882,  588,  789,  347,  656,  551,  817,  854,  397,  832,  804,  620,  198,    0,  878,  611,  521,  424,  364,  428,  585,  163,   67,  649,  443,  554,  615,  290,  806],
        [  351,  351,  568,  658,  607,  700,  513,  284,  499,  185,  592,  510,  580,  811,  806,  609,  346,  100,  532,  986,  406, 1015,  895,  585,  981,  981,  627,  768,  878,    0,  286,  979,  462,  529,  863,  661,  736,  943,  380,  480,  423,  821,  943,  114],
        [  381,  381,  428,  373,  544,  574,  232,  228,  357,  140,  511,  467,  513,  535,  532,  494,  240,  222,  267,  734,  136,  793,  703,  403,  767,  761,  398,  485,  611,  286,    0,  707,  187,  300,  586,  419,  460,  673,  340,  292,  309,  576,  658,  259],
        [ 1025, 1025,  870,  404,  736,  606,  539,  882,  598,  844,  694, 1021,  721,  441,  465,  626,  849,  928,  583,  149,  575,  323,  423,  787,  354,  321,  394,  375,  521,  979,  707,    0,  594,  674,  129,  346,  457,  515,  949,  757,  865,  225,  240,  965],
        [  432,  432,  341,  210,  651,  639,   58,  291,  442,  286,  611,  450,  620,  351,  346,  575,  256,  381,   83,  655,  165,  751,  700,  284,  738,  723,  388,  310,  424,  462,  187,  594,    0,  152,  466,  386,  276,  486,  359,  197,  282,  519,  498,  407],
        [  386,  386,  204,  271,  802,  791,  171,  284,  593,  345,  762,  348,  771,  327,  313,  727,  225,  435,  101,  758,  316,  874,  838,  135,  866,  848,  531,  328,  364,  529,  300,  674,  152,    0,  546,  523,  261,  431,  299,   88,  204,  639,  527,  447],
        [  897,  897,  744,  276,  687,  575,  411,  755,  523,  721,  643,  893,  668,  337,  359,  576,  721,  808,  454,  232,  458,  390,  444,  661,  406,  377,  318,  259,  428,  863,  586,  129,  466,  546,    0,  268,  340,  435,  821,  629,  736,  208,  185,  844],
        [  787,  787,  723,  311,  425,  333,  352,  633,  256,  557,  380,  832,  404,  480,  495,  316,  621,  628,  424,  326,  285,  376,  316,  657,  356,  345,   50,  388,  585,  661,  419,  346,  386,  523,  268,    0,  439,  618,  728,  582,  663,  161,  432,  670],
        [  645,  645,  430,  133,  824,  764,  229,  533,  616,  558,  779,  597,  796,   76,   74,  726,  479,  653,  208,  570,  391,  716,  728,  344,  722,  698,  470,   83,  163,  736,  460,  457,  276,  261,  340,  439,    0,  218,  559,  348,  464,  496,  273,  675],
        [  805,  805,  541,  340, 1025,  950,  444,  715,  821,  761,  979,  719,  999,  149,  144,  922,  655,  854,  411,  655,  608,  823,  872,  461,  841,  811,  656,  234,   67,  943,  673,  515,  486,  431,  435,  618,  218,    0,  716,  509,  620,  632,  276,  872],
        [   90,   90,  213,  551,  874,  914,  411,  120,  696,  253,  844,  137,  843,  624,  609,  832,  107,  287,  372, 1013,  451, 1101, 1031,  267, 1083, 1071,  718,  624,  649,  380,  340,  949,  359,  299,  821,  728,  559,  716,    0,  212,   97,  872,  823,  268],
        [  300,  300,  146,  354,  823,  827,  235,  214,  620,  300,  785,  265,  791,  413,  398,  757,  149,  382,  176,  836,  344,  943,  897,  113,  932,  916,  584,  416,  443,  480,  292,  757,  197,   88,  629,  582,  348,  509,  212,    0,  116,  709,  615,  387],
        [  185,  185,  146,  463,  853,  877,  330,  139,  662,  262,  819,  170,  821,  528,  513,  799,   81,  324,  283,  935,  399, 1033,  973,  179, 1018, 1004,  658,  530,  554,  423,  309,  865,  282,  204,  736,  663,  464,  620,   97,  116,    0,  800,  730,  317],
        [  936,  936,  843,  389,  511,  383,  475,  783,  388,  715,  470,  968,  498,  515,  535,  402,  766,  788,  539,  168,  441,  235,  241,  769,  230,  209,  198,  425,  615,  821,  576,  225,  519,  639,  208,  161,  496,  632,  872,  709,  800,    0,  392,  829],
        [  908,  908,  701,  290,  857,  754,  442,  782,  677,  780,  812,  869,  836,  230,  253,  747,  735,  873,  456,  384,  548,  556,  627,  615,  580,  549,  480,  200,  290,  943,  658,  240,  498,  527,  185,  432,  273,  276,  823,  615,  730,  392,    0,  903],
        [  240,  240,  462,  613,  683,  759,  462,  179,  547,  124,  663,  397,  655,  749,  741,  669,  245,   45,  467,  990,  393, 1037,  931,  486, 1008, 1004,  642,  717,  806,  114,  259,  965,  407,  447,  844,  670,  675,  872,  268,  387,  317,  829,  903,    0]
    ]
}
