{
    "name": "random-70-27993",
    "comment": "size=70 seed=27993",
    "nodes": ["+0", "-0", "+1", "-1", "+2", "-2", "+3", "-3", "+4", "-4", "+5", "-5", "+6", "-6", "+7", "-7", "+8", "-8", "+9", "-9", "+10", "-10", "+11", "-11", "+12", "-12", "+13", "-13", "+14", "-14", "+15", "-15", "+16", "-16", "+17", "-17", "+18", "-18", "+19", "-19", "+20", "-20", "+21", "-21", "+22", "-22", "+23", "-23", "+24", "-24", "+25", "-25", "+26", "-26", "+27", "-27", "+28", "-28", "+29", "-29", "+30", "-30", "+31", "-31", "+32", "-32", "+33", "-33", "+34", "-34", "+35", "-35", "+36", "-36", "+37", "-37", "+38", "-38", "+39", "-39", "+40", "-40", "+41", "-41", "+42", "-42", "+43", "-43", "+44", "-44", "+45", "-45", "+46", "-46", "+47", "-47", "+48", "-48", "+49", "-49", "+50", "-50", "+51", "-51", "+52", "-52", "+53", "-53", "+54", "-54", "+55", "-55", "+56", "-56", "+57", "-57", "+58", "-58", "+59", "-59", "+60", "-60", "+61", "-61", "+62", "-62", "+63", "-63", "+64", "-64", "+65", "-65", "+66", "-66", "+67", "-67", "+68", "-68", "+69", "-69", "+70", "-70"],
    "precedence": {
        "+0": "-0",
        "+1": "-1",
        "+2": "-2",
        "+3": "-3",
        "+4": "-4",
        "+5": "-5",
        "+6": "-6",
        "+7": "-7",
        "+8": "-8",
        "+9": "-9",
        "+10": "-10",
        "+11": "-11",
        "+12": "-12",
        "+13": "-13",
        "+14": "-14",
        "+15": "-15",
        "+16": "-16",
        "+17": "-17",
        "+18": "-18",
        "+19": "-19",
        "+20": "-20",
        "+21": "-21",
        "+22": "-22",
        "+23": "-23",
        "+24": "-24",
        "+25": "-25",
        "+26": "-26",
        "+27": "-27",
        "+28": "-28",
        "+29": "-29",
        "+30": "-30",
        "+31": "-31",
        "+32": "-32",
        "+33": "-33",
        "+34": "-34",
        "+35": "-35",
        "+36": "-36",
        "+37": "-37",
        "+38": "-38",
        "+39": "-39",
        "+40": "-40",
        "+41": "-41",
        "+42": "-42",
        "+43": "-43",
        "+44": "-44",
        "+45": "-45",
        "+46": "-46",
        "+47": "-47",
        "+48": "-48",
        "+49": "-49",
        "+50": "-50",
        "+51": "-51",
        "+52": "-52",
        "+53": "-53",
        "+54": "-54",
        "+55": "-55",
        "+56": "-56",
        "+57": "-57",
        "+58": "-58",
        "+59": "-59",
        "+60": "-60",
        "+61": "-61",
        "+62": "-62",
        "+63": "-63",
        "+64": "-64",
        "+65": "-65",
        "+66": "-66",
        "+67": "-67",
        "+68": "-68",
        "+69": "-69",
        "+70": "-70"
    },
    "edges": [
        [    0,    0,  762,  990, 1045,  463,  343,  442,  808,  242,  940,  985,  244,  921,  707,  832,  935, 1078,  384,  523,  241,  757,  789,  603,  791,  853,  770,  937,  859,  143,  973,  382, 1104,  532,  155,  963,  650,  692,  274, 1149,   89,  155,  396,  217,  382,  841,  803,  641, 1031,  837,  408,  320,  403,  757,  478,  462,  625,  709,  419,  917,  269,  714, 1036,  858,  744,  812,  672,  481,  559,  293,  894,  490,  598,  325,  975,   80,  388,  545,  913,  571,  553,  826,  272,  346,  584,  542,  476,  661,  936,  431,  863,  471,  128,  347,  914,  867,   23,  728,  275,  943,  511, 1042,  991,  997,  168,  951,  289,  992, 1002,  333,  484,  508,  321,  186,  804,  911,  460,  857,  460,  939,  905,  423,  602, 1004,  990,  390,  281,  714,  606,  693,  799,  742,  538,  335,  505,  301,  679,  185,  747,  942,  709,   47],
        [    0,    0,    0,    0,    0,    0,    0,    0,    0,    0,    0,    0,    0,    0,    0,    0,    0,    0,    0,    0,    0,    0,    0,    0,    0,    0,    0,    0,    0,    0,    0,    0,    0,    0,    0,    0,    0,    0,    0,    0,    0,    0,    0,    0,    0,    0,    0,    0,    0,    0,    0,    0,    0,    0,    0,    0,    0,    0,    0,    0,    0,    0,    0,    0,    0,    0,    0,    0,    0,    0,    0,    0,    0,    0,    0,    0,    0,    0,    0,    0,    0,    0,    0,    0,    0,    0,    0,    0,    0,    0,    0,    0,    0,    0,    0,    0,    0,    0,    0,    0,    0,    0,    0,    0,    0,    0,    0,    0,    0,    0,    0,    0,    0,    0,    0,    0,    0,    0,    0,    0,    0,    0,    0,    0,    0,    0,    0,    0,    0,    0,    0,    0,    0,    0,    0,    0,    0,    0,    0,    0,    0,    0],
        [  762,    0,    0,  283,  302,  438,  583,  641,  303,  525,  785,  228,  682,  173,  353,  367,  361,  322,  437,  610,  698,  698,  536,  226,  698,  186,  192,  739,  228,  682,  224,  516,  349,  800,  640,  378,  357,  199,  520,  393,  802,  656,  441,  697,  553,  144,  132,  208,  284,   82,  359,  616,  892,  307,  554,  825,  158,  185,  349,  523,  631,  641,  359,  106,  591,  746,  195,  796,  534,  481,  191,  463,  779,  446,  248,  729,  480,  558,  750,  566,  580,  515,  594,  420,  183,  222,  607,  571,  446,  729,  745,  389,  666,  469,  215,  131,  753,  392,  499,  458,  545,  348,  257,  384,  724,  208,  478,  231,  466,  521,  375,  714,  920,  576,  219,  159,  699,  231,  534,  438,  370,  439,  509,  250,  557,  629,  873,  637,  169,  515,  275,  302,  277,  581,  397,  594,  244,  581,   42,  510,  177,  716],
        [  990,    0,  283,    0,   96,  578,  858,  754,  250,  768,  704,  244,  857,  271,  620,  287,  187,  157,  621,  892,  873,  685,  491,  509,  670,  385,  226,  649,  143,  933,  274,  792,  167,  886,  887,  181,  413,  303,  776,  205, 1013,  862,  714,  878,  831,  155,  190,  490,  104,  261,  612,  889, 1028,  298,  837,  936,  437,  458,  603,  399,  805,  641,   84,  263,  574,  715,  474,  898,  607,  732,  100,  583,  839,  697,   49,  943,  643,  636,  674,  632,  862,  446,  860,  667,  448,  461,  710,  594,  292,  845,  691,  545,  878,  735,  362,  153,  985,  388,  716,  301,  639,   66,   59,  156,  916,  286,  703,  199,  267,  791,  655,  803, 1084,  808,  454,  256,  805,  148,  816,  278,  226,  716,  564,  263,  395,  908, 1042,  637,  392,  522,  515,  561,  556,  855,  679,  763,  519,  806,  322,  367,  284,  945],
        [ 1045,    0,  302,   96,    0,  653,  884,  836,  341,  815,  799,  183,  927,  231,  607,  382,  281,   62,  687,  899,  944,  779,  586,  523,  765,  355,  301,  743,  228,  977,  217,  817,   73,  973,  933,  273,  498,  373,  816,  115, 1074,  924,  742,  947,  854,  206,  246,  499,   22,  254,  653,  917, 1108,  387,  849, 1020,  459,  455,  643,  493,  876,  735,  153,  247,  668,  811,  478,  984,  693,  775,  159,  662,  929,  740,   76, 1003,  714,  722,  769,  720,  866,  541,  894,  712,  480,  506,  794,  686,  386,  928,  786,  616,  938,  769,  318,  179, 1038,  479,  773,  394,  723,  121,   58,  243,  983,  235,  757,  137,  355,  821,  674,  889, 1159,  860,  430,  221,  889,  233,  830,  372,  322,  739,  652,  196,  485,  928, 1115,  731,  440,  615,  489,  544,  577,  882,  693,  834,  516,  861,  333,  460,  351,  999],
        [  463,    0,  438,  578,  653,    0,  515,  204,  359,  319,  543,  657,  282,  610,  612,  373,  485,  700,   99,  661,  298,  381,  340,  426,  402,  601,  354,  522,  437,  467,  659,  482,  722,  368,  422,  513,  191,  281,  372,  766,  460,  313,  414,  306,  518,  451,  412,  454,  646,  518,  282,  529,  460,  306,  590,  387,  383,  504,  286,  456,  231,  322,  606,  543,  320,  441,  476,  360,  152,  324,  495,   46,  364,  306,  578,  397,   76,  161,  509,  183,  660,  370,  470,  281,  330,  260,  177,  248,  474,  292,  473,   54,  337,  392,  646,  494,  466,  266,  219,  481,  131,  619,  596,  550,  350,  644,  229,  646,  542,  442,  438,  285,  506,  316,  594,  594,  264,  433,  561,  479,  450,  442,  170,  681,  528,  587,  464,  319,  278,  251,  625,  604,  395,  507,  481,  189,  517,  299,  448,  480,  305,  426],
        [  343,    0,  583,  858,  884,  515,    0,  621,  754,  212, 1058,  774,  480,  705,  401,  801,  869,  900,  418,  186,  488,  891,  844,  368,  915,  606,  675, 1036,  757,  201,  753,   70,  928,  765,  196,  895,  650,  608,  147,  970,  427,  374,  145,  467,   44,  705,  674,  399,  866,  640,  269,   36,  704,  717,  136,  723,  426,  461,  274,  930,  465,  834,  925,  654,  834,  951,  427,  726,  662,  193,  759,  559,  807,  212,  828,  377,  464,  662, 1024,  688,  212,  862,   74,  240,  411,  412,  631,  762,  909,  657,  987,  487,  353,  134,  670,  711,  322,  732,  314,  919,  626,  920,  839,  917,  445,  728,  293,  795,  960,   77,  215,  710,  649,  259,  540,  701,  665,  758,  120,  907,  853,  146,  684,  787,  994,   73,  603,  832,  479,  762,  516,  450,  309,   10,  211,  466,  411,  286,  553,  941,  613,  311],
        [  442,    0,  641,  754,  836,  204,  621,    0,  514,  409,  500,  857,  200,  812,  798,  506,  630,  887,  247,  791,  208,  316,  387,  619,  351,  805,  537,  501,  611,  506,  860,  607,  907,  169,  471,  656,  342,  472,  475,  951,  401,  295,  555,  229,  636,  641,  603,  649,  831,  720,  445,  623,  276,  461,  723,  186,  582,  703,  452,  535,  177,  278,  767,  745,  321,  370,  673,  156,  161,  438,  680,  179,  187,  435,  760,  363,  189,  135,  474,  154,  799,  436,  559,  421,  529,  459,   49,  240,  589,   92,  423,  256,  326,  520,  849,  687,  454,  388,  310,  593,  118,  786,  779,  697,  282,  846,  335,  843,  661,  558,  602,   93,  354,  371,  795,  795,   60,  607,  695,  597,  588,  587,  211,  880,  608,  692,  323,  279,  481,  295,  823,  797,  579,  611,  643,  159,  711,  345,  651,  569,  496,  421],
        [  808,    0,  303,  250,  341,  359,  754,  514,    0,  614,  495,  427,  640,  414,  640,   65,  128,  399,  425,  839,  655,  444,  257,  473,  434,  480,  112,  445,  119,  779,  445,  697,  414,  638,  732,  156,  174,  150,  641,  454,  815,  665,  616,  664,  738,  196,  180,  473,  342,  347,  486,  780,  790,   54,  772,  692,  394,  476,  481,  221,  590,  396,  254,  366,  331,  481,  473,  653,  361,  591,  204,  352,  589,  559,  269,  749,  432,  390,  461,  384,  819,  222,  737,  528,  373,  346,  468,  345,  159,  604,  466,  339,  686,  621,  490,  248,  806,  139,  538,  170,  397,  273,  288,  192,  708,  444,  533,  394,  207,  679,  585,  556,  856,  637,  521,  395,  562,  113,  746,  155,  101,  629,  316,  451,  262,  816,  816,  392,  287,  274,  577,  597,  493,  748,  620,  547,  526,  629,  341,  212,  153,  766],
        [  242,    0,  525,  768,  815,  319,  212,  409,  614,    0,  857,  746,  281,  680,  485,  649,  737,  844,  221,  387,  292,  685,  658,  363,  712,  612,  557,  840,  645,  167,  732,  206,  871,  556,  121,  765,  480,  481,   68,  915,  299,  189,  179,  275,  230,  616,  578,  401,  800,  598,  168,  217,  517,  568,  322,  520,  384,  469,  179,  761,  258,  630,  821,  619,  637,  745,  432,  519,  458,   54,  670,  361,  595,   84,  748,  230,  259,  456,  824,  483,  401,  683,  154,  106,  344,  310,  420,  561,  757,  448,  784,  302,  179,  132,  673,  637,  230,  563,  105,  766,  420,  824,  763,  794,  268,  710,   90,  755,  817,  153,  258,  498,  485,   68,  565,  671,  454,  644,  295,  758,  714,  211,  486,  764,  829,  284,  436,  629,  377,  569,  564,  512,  299,  203,  288,  255,  442,   90,  508,  778,  494,  196],
        [  940,    0,  785,  704,  799,  543, 1058,  500,  495,  857,    0,  917,  700,  909, 1086,  435,  518,  860,  641, 1198,  707,  184,  251,  900,  151,  969,  598,   57,  607,  987,  938, 1023,  866,  479,  946,  528,  455,  594,  914,  896,  900,  790,  951,  729, 1060,  690,  673,  914,  807,  839,  814, 1070,  690,  479, 1127,  569,  830,  937,  815,  307,  673,  229,  661,  859,  226,  136,  924,  528,  399,  866,  691,  499,  394,  848,  740,  862,  598,  405,   37,  378, 1193,  274, 1010,  822,  790,  733,  465,  297,  415,  538,   78,  576,  819,  933,  984,  742,  951,  396,  753,  408,  441,  692,  756,  564,  782,  938,  768,  881,  462,  984,  960,  453,  805,  840, 1000,  889,  496,  601, 1098,  429,  479,  976,  374,  941,  334, 1129,  790,  230,  704,  305, 1050, 1056,  894, 1049, 1003,  644,  975,  818,  819,  343,  611,  916],
        [  985,    0,  228,  244,  183,  657,  774,  857,  427,  746,  917,    0,  909,   70,  448,  483,  415,  157,  664,  759,  925,  866,  683,  408,  858,  189,  342,  864,  311,  897,   34,  705,  181, 1010,  856,  417,  543,  389,  732,  213, 1028,  884,  639,  924,  738,  235,  265,  376,  162,  149,  578,  809, 1115,  456,  717, 1042,  364,  317,  568,  621,  858,  814,  323,  128,  754,  906,  349, 1011,  734,  699,  226,  678,  979,  664,  197,  955,  704,  761,  884,  765,  722,  647,  797,  640,  402,  450,  820,  752,  521,  947,  892,  611,  892,  674,  140,  182,  974,  552,  726,  531,  754,  295,  187,  398,  951,   56,  704,   47,  508,  720,  560,  924, 1147,  800,  267,   75,  914,  317,  702,  508,  446,  629,  702,   25,  629,  808, 1100,  810,  396,  687,  322,  383,  470,  773,  570,  820,  375,  807,  239,  595,  365,  939],
        [  244,    0,  682,  857,  927,  282,  480,  200,  640,  281,  700,  909,    0,  853,  745,  649,  765,  971,  246,  663,   17,  516,  569,  591,  551,  817,  631,  700,  716,  328,  905,  485,  994,  298,  301,  793,  469,  556,  348, 1039,  202,  111,  456,   30,  505,  723,  683,  626,  918,  763,  388,  473,  239,  586,  601,  245,  580,  691,  398,  708,   52,  476,  887,  787,  513,  570,  655,  252,  335,  327,  770,  291,  357,  340,  853,  165,  214,  316,  673,  340,  680,  612,  410,  340,  528,  467,  239,  430,  745,  191,  622,  313,  139,  411,  871,  760,  258,  535,  215,  750,  285,  900,  871,  831,   83,  887,  245,  905,  815,  431,  525,  265,  239,  223,  788,  840,  217,  713,  575,  751,  728,  489,  382,  931,  782,  546,  191,  477,  514,  473,  802,  760,  536,  470,  561,   94,  681,  196,  680,  738,  577,  228],
        [  921,    0,  173,  271,  231,  610,  705,  812,  414,  680,  909,   70,  853,    0,  383,  475,  424,  217,  609,  691,  870,  844,  667,  338,  839,  126,  318,  857,  305,  829,   53,  635,  243,  969,  789,  430,  511,  353,  665,  279,  966,  823,  570,  868,  669,  219,  240,  306,  209,   92,  513,  739, 1065,  436,  647,  996,  297,  248,  502,  621,  803,  789,  354,   68,  733,  887,  279,  967,  698,  633,  227,  634,  943,  598,  223,  893,  653,  724,  875,  730,  654,  636,  728,  575,  338,  390,  777,  724,  526,  901,  878,  561,  831,  605,   91,  167,  909,  531,  665,  537,  713,  330,  218,  418,  893,   35,  643,  101,  522,  651,  490,  883, 1092,  736,  203,   20,  870,  311,  633,  514,  449,  560,  668,   84,  637,  738, 1044,  785,  341,  662,  260,  319,  401,  704,  500,  766,  306,  744,  176,  598,  329,  874],
        [  707,    0,  353,  620,  607,  612,  401,  798,  640,  485, 1086,  448,  745,  383,    0,  703,  713,  600,  551,  324,  759,  963,  837,  190,  973,  260,  530, 1047,  580,  580,  419,  339,  626,  965,  554,  730,  632,  503,  436,  660,  778,  670,  313,  747,  358,  495,  483,  173,  585,  360,  361,  435,  983,  629,  299,  958,  257,  168,  352,  858,  707,  902,  702,  361,  869, 1019,  168,  943,  753,  432,  538,  654,  973,  410,  576,  712,  610,  769, 1050,  787,  283,  829,  452,  406,  298,  362,  783,  825,  793,  869, 1032,  560,  663,  361,  316,  471,  690,  694,  531,  804,  742,  685,  579,  735,  749,  394,  501,  484,  818,  379,  227,  887,  966,  552,  182,  389,  856,  583,  296,  785,  719,  285,  748,  453,  900,  407,  917,  898,  382,  788,  133,   66,  219,  404,  203,  685,  114,  572,  311,  851,  491,  666],
        [  832,    0,  367,  287,  382,  373,  801,  506,   65,  649,  435,  483,  649,  475,  703,    0,  125,  442,  450,  893,  664,  398,  205,  533,  384,  545,  176,  383,  173,  813,  503,  746,  454,  617,  766,  150,  183,  207,  682,  490,  833,  685,  665,  675,  787,  257,  243,  535,  386,  410,  532,  825,  782,   85,  826,  678,  454,  540,  528,  156,  600,  356,  273,  428,  287,  431,  536,  637,  348,  631,  258,  359,  562,  601,  314,  769,  448,  377,  402,  366,  875,  165,  779,  570,  431,  398,  459,  314,  109,  594,  411,  362,  707,  667,  553,  308,  832,  119,  568,  118,  390,  297,  333,  192,  721,  503,  566,  449,  171,  725,  639,  539,  855,  668,  586,  456,  550,  167,  799,  110,   82,  680,  300,  507,  201,  865,  819,  352,  343,  241,  641,  661,  550,  795,  676,  558,  589,  657,  406,  150,  213,  791],
        [  935,    0,  361,  187,  281,  485,  869,  630,  128,  737,  518,  415,  765,  424,  713,  125,    0,  342,  552,  940,  780,  511,  316,  563,  492,  516,  197,  463,  134,  904,  441,  809,  349,  741,  857,   29,  297,  262,  762,  381,  942,  792,  728,  790,  850,  223,  230,  556,  290,  379,  603,  896,  905,  180,  877,  802,  483,  545,  597,  213,  715,  473,  153,  392,  403,  536,  550,  762,  472,  713,  198,  475,  685,  680,  225,  876,  558,  501,  489,  491,  917,  266,  856,  649,  473,  458,  582,  437,  107,  717,  508,  466,  813,  737,  510,  263,  933,  243,  665,  116,  513,  180,  241,   68,  834,  447,  659,  374,  105,  795,  688,  663,  976,  763,  571,  405,  674,  130,  852,   94,   46,  738,  424,  437,  215,  928,  938,  469,  393,  364,  631,  663,  593,  864,  721,  673,  602,  755,  403,  182,  257,  893],
        [ 1078,    0,  322,  157,   62,  700,  900,  887,  399,  844,  860,  157,  971,  217,  600,  442,  342,    0,  728,  903,  987,  839,  646,  535,  825,  342,  351,  804,  284, 1004,  190,  832,   28, 1027,  960,  334,  551,  419,  841,   72, 1111,  962,  760,  990,  868,  249,  289,  507,   58,  262,  680,  934, 1157,  443,  856, 1072,  477,  457,  670,  554,  919,  794,  210,  250,  727,  871,  484, 1036,  747,  802,  208,  711,  985,  767,  131, 1039,  759,  776,  830,  774,  868,  602,  915,  740,  504,  536,  845,  743,  446,  979,  847,  660,  974,  789,  296,  213, 1070,  537,  809,  455,  776,  178,  112,  303, 1023,  212,  791,  116,  414,  840,  688,  943, 1204,  892,  420,  212,  941,  289,  839,  433,  383,  755,  707,  162,  545,  940, 1160,  790,  473,  673,  476,  536,  592,  899,  703,  878,  518,  895,  348,  521,  396, 1032],
        [  384,    0,  437,  621,  687,   99,  418,  247,  425,  221,  641,  664,  246,  609,  551,  450,  552,  728,    0,  569,  262,  475,  438,  375,  498,  580,  396,  621,  484,  372,  660,  387,  752,  415,  326,  580,  271,  319,  274,  797,  394,  243,  323,  263,  422,  481,  441,  407,  676,  518,  200,  430,  461,  374,  498,  413,  348,  465,  207,  547,  195,  417,  659,  542,  419,  535,  433,  394,  245,  225,  530,  143,  428,  210,  613,  326,   60,  249,  607,  273,  570,  465,  371,  188,  294,  227,  238,  345,  555,  320,  570,   89,  262,  297,  632,  516,  383,  351,  123,  563,  214,  668,  630,  615,  297,  643,  131,  660,  620,  345,  358,  338,  483,  222,  561,  595,  305,  481,  469,  558,  522,  353,  268,  686,  617,  489,  437,  415,  269,  349,  583,  552,  332,  409,  401,  158,  467,  209,  437,  568,  338,  342],
        [  523,    0,  610,  892,  899,  661,  186,  791,  839,  387, 1198,  759,  663,  691,  324,  893,  940,  903,  569,    0,  671, 1041,  970,  385, 1062,  574,  744, 1171,  816,  381,  732,  185,  930,  943,  381,  963,  765,  689,  319,  968,  610,  559,  248,  651,  158,  747,  723,  403,  879,  646,  386,  204,  890,  810,   72,  905,  461,  447,  385, 1035,  644,  982,  968,  655,  973, 1101,  422,  905,  812,  354,  799,  707,  978,  361,  855,  562,  622,  817, 1163,  841,   45,  980,  259,  381,  468,  496,  796,  907,  997,  834, 1131,  623,  539,  273,  635,  740,  501,  844,  482, 1008,  782,  957,  862,  979,  631,  707,  457,  790, 1039,  235,  255,  882,  834,  441,  498,  692,  839,  818,  101,  993,  933,  223,  827,  767, 1093,  136,  789,  980,  552,  896,  456,  387,  348,  196,  220,  641,  386,  468,  572, 1040,  688,  495],
        [  241,    0,  698,  873,  944,  298,  488,  208,  655,  292,  707,  925,   17,  870,  759,  664,  780,  987,  262,  671,    0,  524,  581,  606,  558,  833,  647,  708,  732,  331,  921,  495, 1010,  296,  306,  808,  484,  572,  358, 1055,  193,  116,  468,   25,  514,  739,  699,  642,  934,  779,  402,  480,  227,  602,  610,  239,  596,  706,  413,  721,   69,  485,  903,  803,  523,  576,  671,  249,  346,  339,  786,  306,  359,  353,  869,  161,  230,  327,  681,  351,  689,  624,  417,  353,  544,  483,  248,  441,  759,  192,  630,  329,  142,  422,  887,  776,  255,  549,  229,  764,  296,  915,  887,  846,   75,  903,  259,  921,  829,  441,  538,  268,  223,  232,  804,  856,  220,  729,  585,  765,  743,  501,  394,  947,  795,  553,  175,  485,  530,  485,  816,  775,  550,  478,  573,  110,  695,  205,  696,  751,  593,  228],
        [  757,    0,  698,  685,  779,  381,  891,  316,  444,  685,  184,  866,  516,  844,  963,  398,  511,  839,  475, 1041,  524,    0,  196,  774,   38,  883,  527,  192,  562,  808,  881,  861,  851,  311,  769,  529,  343,  500,  745,  888,  716,  607,  794,  545,  896,  631,  605,  793,  783,  763,  660,  901,  520,  410,  970,  398,  711,  827,  663,  330,  490,   62,  663,  786,  113,   61,  808,  355,  230,  699,  647,  335,  229,  684,  711,  679,  427,  229,  160,  203, 1040,  246,  839,  661,  665,  602,  282,  139,  425,  357,  107,  421,  637,  771,  908,  684,  768,  314,  581,  423,  266,  690,  729,  571,  598,  876,  599,  836,  490,  819,  813,  273,  629,  664,  901,  825,  314,  557,  941,  439,  466,  821,  218,  890,  388,  963,  612,   65,  587,  184,  945,  941,  757,  882,  856,  463,  856,  640,  726,  371,  522,  734],
        [  789,    0,  536,  491,  586,  340,  844,  387,  257,  658,  251,  683,  569,  667,  837,  205,  316,  646,  438,  970,  581,  196,    0,  653,  180,  721,  352,  210,  374,  806,  700,  802,  658,  455,  761,  335,  210,  343,  707,  693,  769,  635,  726,  598,  840,  450,  428,  665,  590,  593,  586,  861,  645,  232,  899,  529,  581,  687,  586,  153,  529,  162,  468,  614,   90,  226,  674,  486,  235,  656,  459,  304,  386,  633,  519,  716,  410,  256,  215,  234,  961,   55,  806,  605,  543,  489,  340,  151,  235,  461,  211,  359,  662,  714,  739,  503,  795,  146,  559,  234,  285,  495,  537,  376,  650,  698,  568,  650,  303,  769,  724,  389,  738,  655,  750,  648,  414,  368,  871,  247,  271,  748,  189,  707,  224,  914,  709,  158,  456,   97,  800,  806,  651,  836,  766,  491,  726,  637,  569,  192,  361,  756],
        [  603,    0,  226,  509,  523,  426,  368,  619,  473,  363,  900,  408,  591,  338,  190,  533,  563,  535,  375,  385,  606,  774,  653,    0,  785,  251,  369,  862,  434,  498,  388,  299,  562,  787,  461,  584,  445,  328,  335,  603,  660,  532,  232,  597,  334,  363,  340,   38,  504,  273,  207,  402,  824,  454,  328,  786,   80,  107,  195,  685,  547,  713,  583,  287,  681,  830,   69,  768,  564,  311,  414,  467,  789,  280,  473,  589,  432,  581,  864,  599,  358,  648,  391,  264,  111,  173,  600,  636,  630,  694,  845,  374,  532,  270,  314,  357,  589,  512,  379,  641,  556,  573,  482,  597,  609,  364,  351,  428,  665,  314,  154,  706,  823,  426,  203,  334,  678,  437,  309,  624,  561,  222,  559,  422,  734,  407,  773,  709,  198,  600,  212,  179,   66,  367,  172,  520,   93,  440,  191,  683,  320,  557],
        [  791,    0,  698,  670,  765,  402,  915,  351,  434,  712,  151,  858,  551,  839,  973,  384,  492,  825,  498, 1062,  558,   38,  180,  785,    0,  884,  522,  155,  552,  838,  875,  884,  837,  348,  798,  510,  347,  500,  770,  872,  751,  639,  815,  580,  919,  625,  600,  802,  769,  761,  679,  926,  557,  404,  991,  435,  720,  833,  682,  304,  523,   82,  644,  783,  108,   49,  816,  392,  254,  723,  637,  357,  265,  707,  698,  712,  453,  257,  124,  230, 1059,  226,  865,  683,  675,  613,  315,  156,  403,  394,   74,  440,  669,  793,  906,  678,  801,  309,  607,  400,  293,  672,  716,  550,  632,  871,  624,  827,  466,  843,  831,  310,  666,  692,  905,  820,  351,  546,  962,  416,  448,  841,  236,  883,  359,  987,  649,   83,  594,  187,  951,  949,  771,  906,  873,  494,  865,  669,  727,  345,  521,  766],
        [  853,    0,  186,  385,  355,  601,  606,  805,  480,  612,  969,  189,  817,  126,  260,  545,  516,  342,  580,  574,  833,  883,  721,  251,  884,    0,  373,  921,  387,  749,  160,  537,  368,  969,  712,  527,  541,  384,  586,  401,  907,  772,  479,  827,  567,  296,  302,  215,  333,  138,  449,  641, 1041,  490,  536,  985,  238,  147,  438,  698,  769,  825,  469,  126,  776,  932,  184,  960,  711,  561,  322,  632,  954,  528,  338,  834,  631,  734,  934,  745,  536,  697,  638,  510,  289,  354,  776,  754,  612,  890,  930,  549,  775,  520,   65,  254,  839,  578,  615,  623,  718,  447,  337,  522,  846,  134,  589,  226,  620,  560,  394,  884, 1054,  673,   79,  135,  864,  392,  524,  602,  535,  464,  690,  194,  724,  632, 1005,  821,  324,  700,  135,  195,  317,  607,  397,  736,  196,  684,  160,  681,  363,  807],
        [  770,    0,  192,  226,  301,  354,  675,  537,  112,  557,  598,  342,  631,  318,  530,  176,  197,  351,  396,  744,  647,  527,  352,  369,  522,  373,    0,  549,   90,  723,  355,  614,  371,  680,  677,  221,  205,   78,  574,  415,  789,  638,  533,  653,  654,  109,   79,  366,  295,  242,  413,  703,  808,  120,  680,  722,  290,  366,  406,  332,  580,  473,  267,  263,  416,  570,  364,  687,  400,  527,  143,  361,  642,  493,  225,  720,  418,  428,  563,  429,  722,  325,  666,  462,  276,  263,  496,  411,  263,  629,  562,  319,  655,  545,  387,  161,  766,  214,  496,  274,  426,  273,  243,  243,  691,  350,  485,  317,  297,  602,  492,  594,  860,  591,  411,  299,  591,   88,  655,  256,  192,  542,  364,  366,  370,  733,  817,  469,  197,  346,  466,  486,  396,  670,  525,  538,  417,  586,  230,  322,   64,  726],
        [  937,    0,  739,  649,  743,  522, 1036,  501,  445,  840,   57,  864,  700,  857, 1047,  383,  463,  804,  621, 1171,  708,  192,  210,  862,  155,  921,  549,    0,  555,  976,  886,  998,  811,  499,  934,  472,  418,  550,  894,  840,  901,  784,  925,  729, 1036,  639,  623,  874,  752,  790,  786, 1050,  709,  432, 1100,  587,  790,  895,  787,  251,  669,  224,  605,  809,  203,  157,  883,  545,  385,  845,  639,  479,  415,  825,  685,  859,  582,  394,   41,  368, 1164,  225,  991,  799,  752,  697,  462,  281,  359,  548,   96,  551,  814,  909,  934,  691,  946,  353,  737,  352,  431,  636,  702,  508,  782,  886,  750,  828,  405,  962,  929,  464,  820,  827,  955,  838,  504,  549, 1071,  373,  424,  949,  354,  888,  277, 1107,  803,  224,  665,  276, 1006, 1015,  859, 1027,  971,  638,  935,  806,  773,  286,  566,  910],
        [  859,    0,  228,  143,  228,  437,  757,  611,  119,  645,  607,  311,  716,  305,  580,  173,  134,  284,  484,  816,  732,  562,  374,  434,  552,  387,   90,  555,    0,  812,  331,  694,  301,  746,  765,  152,  271,  168,  661,  342,  878,  726,  614,  738,  734,   92,   97,  425,  226,  250,  498,  786,  885,  160,  754,  794,  356,  412,  491,  316,  665,  514,  177,  265,  450,  599,  418,  757,  466,  614,   86,  440,  702,  580,  153,  808,  503,  495,  574,  492,  791,  337,  751,  549,  352,  348,  568,  461,  226,  703,  583,  405,  744,  629,  387,  138,  855,  254,  585,  237,  497,  185,  173,  164,  778,  332,  574,  277,  239,  686,  567,  662,  942,  680,  439,  286,  663,    6,  730,  215,  148,  621,  425,  334,  338,  813,  900,  510,  280,  391,  498,  529,  469,  753,  597,  623,  469,  676,  270,  296,  152,  815],
        [  143,    0,  682,  933,  977,  467,  201,  506,  779,  167,  987,  897,  328,  829,  580,  813,  904, 1004,  372,  381,  331,  808,  806,  498,  838,  749,  723,  976,  812,    0,  881,  246, 1030,  625,   48,  931,  639,  648,  165, 1075,  230,  217,  274,  307,  242,  780,  743,  535,  962,  752,  325,  178,  527,  733,  336,  568,  533,  603,  334,  918,  331,  758,  988,  771,  775,  867,  566,  579,  591,  202,  834,  503,  681,  238,  912,  190,  397,  583,  956,  610,  411,  835,  133,  266,  500,  473,  530,  695,  921,  518,  912,  458,  189,  230,  812,  798,  121,  722,  249,  929,  547,  990,  926,  961,  272,  858,  248,  909,  982,  201,  364,  586,  458,  151,  693,  822,  537,  811,  319,  922,  879,  297,  626,  913,  988,  248,  415,  757,  541,  714,  681,  621,  433,  193,  378,  349,  565,  171,  661,  938,  660,  117],
        [  973,    0,  224,  274,  217,  659,  753,  860,  445,  732,  938,   34,  905,   53,  419,  503,  441,  190,  660,  732,  921,  881,  700,  388,  875,  160,  355,  886,  331,  881,    0,  684,  214, 1015,  841,  444,  553,  397,  716,  244, 1018,  876,  619,  919,  716,  251,  277,  355,  195,  143,  566,  788, 1115,  472,  691, 1045,  349,  294,  554,  644,  855,  828,  354,  119,  769,  923,  326, 1015,  742,  684,  248,  681,  988,  650,  226,  945,  703,  769,  905,  774,  695,  666,  778,  627,  391,  442,  824,  764,  546,  949,  910,  611,  883,  656,  107,  198,  961,  567,  718,  556,  759,  327,  217,  427,  945,   26,  695,   80,  535,  701,  539,  929, 1143,  788,  238,   66,  918,  337,  678,  533,  470,  608,  711,   35,  655,  784, 1096,  824,  392,  701,  290,  354,  451,  753,  547,  817,  350,  796,  228,  619,  372,  927],
        [  382,    0,  516,  792,  817,  482,   70,  607,  697,  206, 1023,  705,  485,  635,  339,  746,  809,  832,  387,  185,  495,  861,  802,  299,  884,  537,  614,  998,  694,  246,  684,    0,  859,  760,  228,  834,  602,  549,  138,  901,  461,  386,   82,  476,   41,  640,  609,  330,  798,  571,  218,  105,  718,  662,  117,  725,  358,  392,  220,  880,  463,  803,  860,  585,  798,  922,  358,  723,  632,  170,  694,  527,  794,  178,  761,  403,  439,  635,  988,  660,  196,  816,  115,  201,  346,  352,  612,  729,  853,  652,  954,  448,  370,   91,  601,  644,  362,  684,  298,  863,  600,  855,  772,  856,  462,  659,  273,  726,  903,   55,  146,  698,  674,  264,  472,  632,  655,  695,   90,  851,  796,   78,  650,  718,  942,  120,  626,  801,  417,  723,  450,  385,  240,   70,  144,  458,  343,  291,  485,  889,  553,  344],
        [ 1104,    0,  349,  167,   73,  722,  928,  907,  414,  871,  866,  181,  994,  243,  626,  454,  349,   28,  752,  930, 1010,  851,  658,  562,  837,  368,  371,  811,  301, 1030,  214,  859,    0, 1045,  987,  339,  570,  441,  868,   46, 1136,  987,  787, 1013,  895,  272,  312,  535,   77,  289,  706,  961, 1178,  459,  883, 1091,  504,  484,  696,  560,  942,  808,  211,  277,  740,  882,  511, 1055,  766,  829,  229,  732, 1002,  793,  148, 1064,  782,  794,  837,  792,  894,  612,  942,  766,  531,  562,  865,  759,  452,  999,  856,  683, 1000,  817,  320,  238, 1096,  552,  834,  460,  795,  178,  129,  306, 1047,  237,  816,  142,  416,  868,  715,  961, 1227,  918,  445,  239,  961,  306,  866,  438,  391,  782,  725,  184,  547,  968, 1183,  804,  498,  687,  501,  562,  620,  926,  731,  901,  545,  920,  376,  526,  418, 1058],
        [  532,    0,  800,  886,  973,  368,  765,  169,  638,  556,  479, 1010,  298,  969,  965,  617,  741, 1027,  415,  943,  296,  311,  455,  787,  348,  969,  680,  499,  746,  625, 1015,  760, 1045,    0,  597,  766,  476,  621,  624, 1087,  467,  408,  714,  320,  785,  787,  751,  817,  970,  878,  610,  763,  212,  588,  876,   91,  749,  870,  618,  607,  302,  304,  888,  903,  370,  345,  841,   53,  280,  591,  820,  337,   86,  593,  898,  454,  356,  252,  463,  254,  954,  509,  699,  582,  696,  626,  193,  309,  682,  109,  406,  421,  436,  676, 1011,  835,  548,  502,  464,  683,  257,  909,  917,  808,  365, 1003,  492,  992,  753,  708,  766,   87,  328,  508,  962,  952,  110,  741,  849,  693,  697,  747,  322, 1034,  675,  834,  320,  306,  645,  381,  990,  965,  746,  756,  807,  302,  879,  481,  813,  646,  646,  523],
        [  155,    0,  640,  887,  933,  422,  196,  471,  732,  121,  946,  856,  301,  789,  554,  766,  857,  960,  326,  381,  306,  769,  761,  461,  798,  712,  677,  934,  765,   48,  841,  228,  987,  597,    0,  884,  593,  601,  126, 1031,  234,  191,  244,  284,  232,  735,  698,  498,  918,  710,  281,  180,  514,  686,  329,  545,  493,  567,  291,  872,  299,  717,  941,  730,  732,  827,  529,  553,  549,  159,  789,  459,  649,  194,  867,  182,  354,  542,  915,  569,  407,  790,  123,  221,  458,  428,  492,  653,  874,  489,  871,  412,  166,  197,  775,  754,  136,  675,  204,  882,  505,  944,  881,  914,  254,  818,  201,  868,  935,  178,  333,  553,  454,  107,  659,  782,  505,  764,  309,  875,  832,  270,  583,  873,  942,  253,  408,  716,  496,  670,  650,  591,  396,  186,  352,  312,  532,  129,  620,  891,  614,  117],
        [  963,    0,  378,  181,  273,  513,  895,  656,  156,  765,  528,  417,  793,  430,  730,  150,   29,  334,  580,  963,  808,  529,  335,  584,  510,  527,  221,  472,  152,  931,  444,  834,  339,  766,  884,    0,  325,  288,  789,  369,  970,  820,  753,  818,  875,  238,  248,  576,  283,  391,  630,  922,  931,  208,  900,  827,  505,  563,  623,  222,  743,  494,  135,  402,  423,  553,  569,  787,  498,  740,  206,  503,  708,  707,  223,  904,  586,  527,  500,  516,  939,  284,  882,  676,  496,  483,  609,  460,  114,  744,  521,  494,  841,  763,  518,  273,  961,  269,  693,  122,  539,  165,  238,   43,  862,  451,  687,  374,   93,  821,  712,  688, 1003,  791,  585,  412,  700,  149,  875,  100,   69,  762,  450,  437,  214,  953,  966,  490,  418,  387,  644,  679,  616,  889,  744,  701,  620,  783,  420,  188,  282,  921],
        [  650,    0,  357,  413,  498,  191,  650,  342,  174,  480,  455,  543,  469,  511,  632,  183,  297,  551,  271,  765,  484,  343,  210,  445,  347,  541,  205,  418,  271,  639,  553,  602,  570,  476,  593,  325,    0,  160,  520,  612,  650,  502,  524,  494,  642,  313,  280,  460,  494,  426,  385,  670,  617,  121,  695,  523,  376,  487,  383,  282,  419,  285,  427,  450,  241,  395,  471,  486,  197,  468,  344,  179,  438,  441,  422,  587,  266,  225,  419,  225,  754,  215,  618,  411,  335,  280,  297,  215,  286,  433,  402,  183,  525,  517,  570,  364,  651,   84,  391,  293,  227,  444,  442,  364,  539,  545,  393,  521,  352,  573,  517,  392,  682,  491,  559,  493,  393,  266,  666,  289,  260,  544,  160,  568,  350,  717,  643,  281,  250,  161,  604,  604,  442,  642,  558,  377,  522,  479,  383,  299,  183,  611],
        [  692,    0,  199,  303,  373,  281,  608,  472,  150,  481,  594,  389,  556,  353,  503,  207,  262,  419,  319,  689,  572,  500,  343,  328,  500,  384,   78,  550,  168,  648,  397,  549,  441,  621,  601,  288,  160,    0,  502,  486,  712,  560,  468,  577,  590,  171,  132,  332,  365,  267,  342,  635,  739,  127,  623,  658,  250,  346,  336,  357,  504,  443,  344,  291,  393,  549,  337,  625,  346,  453,  214,  294,  591,  420,  298,  642,  342,  373,  558,  377,  670,  328,  594,  389,  225,  197,  433,  374,  309,  563,  549,  244,  577,  476,  411,  216,  688,  198,  418,  319,  366,  351,  316,  315,  614,  387,  408,  372,  354,  534,  435,  536,  786,  513,  408,  335,  528,  166,  597,  305,  247,  480,  316,  414,  407,  668,  743,  439,  137,  317,  457,  467,  344,  603,  471,  462,  390,  509,  228,  356,   25,  648],
        [  274,    0,  520,  776,  816,  372,  147,  475,  641,   68,  914,  732,  348,  665,  436,  682,  762,  841,  274,  319,  358,  745,  707,  335,  770,  586,  574,  894,  661,  165,  716,  138,  868,  624,  126,  789,  520,  502,    0,  912,  343,  251,  124,  339,  162,  623,  587,  372,  800,  588,  165,  157,  581,  599,  254,  588,  369,  441,  174,  801,  326,  689,  835,  606,  692,  805,  403,  587,  516,   52,  677,  416,  662,   83,  753,  279,  318,  516,  880,  542,  333,  728,  100,  114,  338,  316,  485,  618,  790,  516,  842,  348,  237,   75,  649,  638,  258,  603,  168,  800,  480,  835,  766,  816,  328,  693,  147,  746,  847,   85,  211,  565,  543,  128,  533,  658,  521,  661,  228,  790,  741,  154,  541,  749,  868,  219,  494,  687,  385,  621,  526,  469,  270,  138,  235,  323,  406,  153,  497,  816,  511,  231],
        [ 1149,    0,  393,  205,  115,  766,  970,  951,  454,  915,  896,  213, 1039,  279,  660,  490,  381,   72,  797,  968, 1055,  888,  693,  603,  872,  401,  415,  840,  342, 1075,  244,  901,   46, 1087, 1031,  369,  612,  486,  912,    0, 1181, 1032,  830, 1058,  937,  317,  357,  575,  121,  331,  751, 1004, 1222,  500,  922, 1134,  547,  523,  741,  590,  987,  845,  236,  317,  777,  916,  551, 1098,  808,  873,  272,  776, 1042,  838,  191, 1109,  826,  836,  868,  834,  932,  646,  986,  811,  575,  607,  908,  798,  482, 1042,  889,  728, 1045,  860,  350,  283, 1141,  592,  879,  489,  838,  205,  172,  333, 1092,  268,  862,  179,  441,  911,  757, 1003, 1271,  963,  479,  276, 1004,  347,  906,  468,  425,  824,  766,  212,  573, 1009, 1227,  841,  543,  726,  534,  596,  662,  968,  771,  946,  583,  966,  418,  554,  463, 1103],
        [   89,    0,  802, 1013, 1074,  460,  427,  401,  815,  299,  900, 1028,  202,  966,  778,  833,  942, 1111,  394,  610,  193,  716,  769,  660,  751,  907,  789,  901,  878,  230, 1018,  461, 1136,  467,  234,  970,  650,  712,  343, 1181,    0,  152,  467,  173,  465,  869,  829,  698, 1062,  880,  458,  407,  321,  763,  562,  391,  673,  767,  470,  904,  241,  678, 1053,  902,  715,  768,  729,  415,  535,  352,  920,  479,  540,  381, 1002,   73,  385,  517,  874,  541,  638,  809,  355,  397,  628,  580,  440,  632,  933,  373,  822,  478,  137,  418,  967,  899,  111,  723,  304,  939,  485, 1062, 1019, 1007,  120,  998,  324, 1032, 1001,  410,  552,  455,  233,  235,  863,  955,  408,  875,  543,  938,  909,  496,  581, 1048,  978,  477,  195,  678,  640,  673,  862,  809,  597,  419,  577,  280,  741,  223,  791,  932,  730,  117],
        [  155,    0,  656,  862,  924,  313,  374,  295,  665,  189,  790,  884,  111,  823,  670,  685,  792,  962,  243,  559,  116,  607,  635,  532,  639,  772,  638,  784,  726,  217,  876,  386,  987,  408,  191,  820,  502,  560,  251, 1032,  152,    0,  367,   94,  402,  718,  679,  569,  912,  735,  326,  365,  332,  613,  499,  354,  536,  636,  337,  764,  119,  562,  901,  758,  589,  663,  600,  363,  405,  240,  769,  337,  465,  261,  851,   85,  237,  391,  761,  418,  579,  672,  303,  269,  488,  435,  326,  507,  787,  301,  713,  327,   31,  320,  830,  750,  163,  578,  159,  793,  356,  910,  868,  856,   80,  856,  184,  885,  854,  332,  445,  370,  297,  124,  734,  812,  322,  724,  475,  791,  760,  400,  447,  904,  837,  438,  248,  562,  492,  539,  740,  692,  472,  364,  476,  147,  618,  100,  648,  790,  579,  127],
        [  396,    0,  441,  714,  742,  414,  145,  555,  616,  179,  951,  639,  456,  570,  313,  665,  728,  760,  323,  248,  468,  794,  726,  232,  815,  479,  533,  925,  614,  274,  619,   82,  787,  714,  244,  753,  524,  468,  124,  830,  467,  367,    0,  452,  123,  561,  530,  267,  724,  500,  140,  176,  694,  581,  177,  688,  284,  333,  141,  800,  426,  735,  781,  516,  726,  854,  297,  682,  565,  130,  615,  460,  742,  122,  685,  401,  378,  571,  916,  595,  248,  738,  159,  137,  267,  271,  556,  659,  772,  609,  884,  376,  357,   50,  543,  567,  378,  605,  251,  782,  537,  776,  696,  775,  446,  595,  223,  657,  821,   82,   90,  647,  663,  245,  420,  565,  607,  614,  148,  770,  714,   34,  580,  653,  861,  201,  614,  732,  336,  649,  407,  348,  169,  141,  112,  415,  291,  268,  412,  809,  472,  353],
