{
    "name": "random-12-24334",
    "comment": "size=12 seed=24334",
    "nodes": ["+0", "-0", "+1", "-1", "+2", "-2", "+3", "-3", "+4", "-4", "+5", "-5", "+6", "-6", "+7", "-7", "+8", "-8", "+9", "-9", "+10", "-10", "+11", "-11", "+12", "-12"],
    "precedence": {
        "+0": "-0",
        "+1": "-1",
        "+2": "-2",
        "+3": "-3",
        "+4": "-4",
        "+5": "-5",
        "+6": "-6",
        "+7": "-7",
        "+8": "-8",
        "+9": "-9",
        "+10": "-10",
        "+11": "-11",
        "+12": "-12"
    },
    "edges": [
        [    0,    0,  398,  308,  614,  393,  470,   57,  548,  619,  397,  539,  230,  191,   73,  266,  301,  421,  829,  585,  547,  415,  189,  225,  235,  403],
        [    0,    0,  398,  308,  614,  393,  470,   57,  548,  619,  397,  539,  230,  191,   73,  266,  301,  421,  829,  585,  547,  415,  189,  225,  235,  403],
        [  398,  398,    0,  422,  914,  758,  280,  401,  862,  897,  618,  914,  622,  242,  335,  403,  697,  815, 1007,  258,  312,  257,  551,  210,  619,  781],
        [  308,  308,  422,    0,  510,  432,  638,  362,  469,  484,  202,  584,  395,  385,  328,  545,  507,  552,  594,  460,  359,  243,  482,  396,  364,  475],
        [  614,  614,  914,  510,    0,  276, 1074,  661,   73,   61,  311,  274,  456,  790,  681,  869,  518,  409,  358,  964,  850,  749,  659,  818,  419,  313],
        [  393,  393,  758,  432,  276,    0,  862,  427,  204,  310,  303,  158,  190,  582,  465,  622,  243,  160,  600,  876,  788,  663,  393,  615,  163,   54],
        [  470,  470,  280,  638, 1074,  862,    0,  438, 1012, 1071,  811, 1005,  688,  285,  399,  297,  723,  868, 1231,  518,  590,  530,  538,  258,  702,  869],
        [   57,   57,  401,  362,  661,  427,  438,    0,  593,  668,  453,  567,  250,  172,   68,  212,  302,  436,  884,  607,  580,  451,  157,  209,  265,  431],
        [  548,  548,  862,  469,   73,  204, 1012,  593,    0,  112,  277,  222,  383,  727,  616,  799,  446,  342,  414,  927,  819,  711,  587,  756,  348,  243],
        [  619,  619,  897,  484,   61,  310, 1071,  668,  112,    0,  283,  329,  479,  788,  683,  878,  552,  453,  303,  932,  814,  718,  680,  813,  440,  352],
        [  397,  397,  618,  202,  311,  303,  811,  453,  277,  283,    0,  432,  360,  536,  447,  661,  469,  454,  433,  654,  543,  439,  520,  557,  317,  355],
        [  539,  539,  914,  584,  274,  158, 1005,  567,  222,  329,  432,    0,  318,  730,  612,  748,  321,  172,  631, 1033,  942,  819,  503,  763,  304,  136],
        [  230,  230,  622,  395,  456,  190,  688,  250,  383,  479,  360,  318,    0,  418,  301,  434,  114,  193,  745,  784,  720,  587,  204,  453,   44,  184],
        [  191,  191,  242,  385,  790,  582,  285,  172,  727,  788,  536,  730,  418,    0,  118,  189,  473,  606,  965,  478,  483,  371,  312,   37,  426,  594],
        [   73,   73,  335,  328,  681,  465,  399,   68,  616,  683,  447,  612,  301,  118,    0,  219,  364,  491,  879,  540,  517,  390,  224,  153,  308,  476],
        [  266,  266,  403,  545,  869,  622,  297,  212,  799,  878,  661,  748,  434,  189,  219,    0,  443,  596, 1093,  654,  670,  559,  253,  207,  459,  617],
        [  301,  301,  697,  507,  518,  243,  723,  302,  446,  552,  469,  321,  114,  473,  364,  443,    0,  156,  833,  878,  823,  690,  191,  510,  153,  211],
        [  421,  421,  815,  552,  409,  160,  868,  436,  342,  453,  454,  172,  193,  606,  491,  596,  156,    0,  752,  969,  896,  766,  345,  642,  202,  107],
        [  829,  829, 1007,  594,  358,  600, 1231,  884,  414,  303,  433,  631,  745,  965,  879, 1093,  833,  752,    0,  962,  829,  776,  933,  982,  702,  647],
        [  585,  585,  258,  460,  964,  876,  518,  607,  927,  932,  654, 1033,  784,  478,  540,  654,  878,  969,  962,    0,  134,  218,  764,  451,  768,  912],
        [  547,  547,  312,  359,  850,  788,  590,  580,  819,  814,  543,  942,  720,  483,  517,  670,  823,  896,  829,  134,    0,  134,  734,  464,  698,  829],
        [  415,  415,  257,  243,  749,  663,  530,  451,  711,  718,  439,  819,  587,  371,  390,  559,  690,  766,  776,  218,  134,    0,  603,  359,  566,  701],
        [  189,  189,  551,  482,  659,  393,  538,  157,  587,  680,  520,  503,  204,  312,  224,  253,  191,  345,  933,  764,  734,  603,    0,  348,  241,  377],
        [  225,  225,  210,  396,  818,  615,  258,  209,  756,  813,  557,  763,  453,   37,  153,  207,  510,  642,  982,  451,  464,  359,  348,    0,  460,  628],
        [  235,  235,  619,  364,  419,  163,  702,  265,  348,  440,  317,  304,   44,  426,  308,  459,  153,  202,  702,  768,  698,  566,  241,  460,    0,  168],
        [  403,  403,  781,  475,  313,   54,  869,  431,  243,  352,  355,  136,  184,  594,  476,  617,  211,  107,  647,  912,  829,  701,  377,  628,  168,    0]
    ]
}
