{
    "name": "random-95-14423",
    "comment": "size=95 seed=14423",
    "nodes": ["+0", "-0", "+1", "-1", "+2", "-2", "+3", "-3", "+4", "-4", "+5", "-5", "+6", "-6", "+7", "-7", "+8", "-8", "+9", "-9", "+10", "-10", "+11", "-11", "+12", "-12", "+13", "-13", "+14", "-14", "+15", "-15", "+16", "-16", "+17", "-17", "+18", "-18", "+19", "-19", "+20", "-20", "+21", "-21", "+22", "-22", "+23", "-23", "+24", "-24", "+25", "-25", "+26", "-26", "+27", "-27", "+28", "-28", "+29", "-29", "+30", "-30", "+31", "-31", "+32", "-32", "+33", "-33", "+34", "-34", "+35", "-35", "+36", "-36", "+37", "-37", "+38", "-38", "+39", "-39", "+40", "-40", "+41", "-41", "+42", "-42", "+43", "-43", "+44", "-44", "+45", "-45", "+46", "-46", "+47", "-47", "+48", "-48", "+49", "-49", "+50", "-50", "+51", "-51", "+52", "-52", "+53", "-53", "+54", "-54", "+55", "-55", "+56", "-56", "+57", "-57", "+58", "-58", "+59", "-59", "+60", "-60", "+61", "-61", "+62", "-62", "+63", "-63", "+64", "-64", "+65", "-65", "+66", "-66", "+67", "-67", "+68", "-68", "+69", "-69", "+70", "-70", "+71", "-71", "+72", "-72", "+73", "-73", "+74", "-74", "+75", "-75", "+76", "-76", "+77", "-77", "+78", "-78", "+79", "-79", "+80", "-80", "+81", "-81", "+82", "-82", "+83", "-83", "+84", "-84", "+85", "-85", "+86", "-86", "+87", "-87", "+88", "-88", "+89", "-89", "+90", "-90", "+91", "-91", "+92", "-92", "+93", "-93", "+94", "-94", "+95", "-95"],
    "precedence": {
        "+0": "-0",
        "+1": "-1",
        "+2": "-2",
        "+3": "-3",
        "+4": "-4",
        "+5": "-5",
        "+6": "-6",
        "+7": "-7",
        "+8": "-8",
        "+9": "-9",
        "+10": "-10",
        "+11": "-11",
        "+12": "-12",
        "+13": "-13",
        "+14": "-14",
        "+15": "-15",
        "+16": "-16",
        "+17": "-17",
        "+18": "-18",
        "+19": "-19",
        "+20": "-20",
        "+21": "-21",
        "+22": "-22",
        "+23": "-23",
        "+24": "-24",
        "+25": "-25",
        "+26": "-26",
        "+27": "-27",
        "+28": "-28",
        "+29": "-29",
        "+30": "-30",
        "+31": "-31",
        "+32": "-32",
        "+33": "-33",
        "+34": "-34",
        "+35": "-35",
        "+36": "-36",
        "+37": "-37",
        "+38": "-38",
        "+39": "-39",
        "+40": "-40",
        "+41": "-41",
        "+42": "-42",
        "+43": "-43",
        "+44": "-44",
        "+45": "-45",
        "+46": "-46",
        "+47": "-47",
        "+48": "-48",
        "+49": "-49",
        "+50": "-50",
        "+51": "-51",
        "+52": "-52",
        "+53": "-53",
        "+54": "-54",
        "+55": "-55",
        "+56": "-56",
        "+57": "-57",
        "+58": "-58",
        "+59": "-59",
        "+60": "-60",
        "+61": "-61",
        "+62": "-62",
        "+63": "-63",
        "+64": "-64",
        "+65": "-65",
        "+66": "-66",
        "+67": "-67",
        "+68": "-68",
        "+69": "-69",
        "+70": "-70",
        "+71": "-71",
        "+72": "-72",
        "+73": "-73",
        "+74": "-74",
        "+75": "-75",
        "+76": "-76",
        "+77": "-77",
        "+78": "-78",
        "+79": "-79",
        "+80": "-80",
        "+81": "-81",
        "+82": "-82",
        "+83": "-83",
        "+84": "-84",
        "+85": "-85",
        "+86": "-86",
        "+87": "-87",
        "+88": "-88",
        "+89": "-89",
        "+90": "-90",
        "+91": "-91",
        "+92": "-92",
        "+93": "-93",
        "+94": "-94",
        "+95": "-95"
    },
    "edges": [
        [    0,    0,  501,  362,  489,  874,  615,  701,  548,  802,  222,  654, 1013,  638,  589,  212,  659,  303,  532,  729,  546,  520, 1063,  214,  183,  484,  668,  174,  153,  877, 1040,  730,  514,  716,  250,  485,  329,  520,  403,  952,  250,  219,  843,  209,  238,  490,  143,  601,  391,  236,  495,  832,  446,  222,  863,  718,  955,  487,  188,  721,  537,  417,  908,  616,  673,  962,  899,  730, 1009,  325,  755,  879,  975,  894,  565,  586,  229,  196,  781,  245,  550,  883,  853,   13,  435,  452,  349,  458,  392,  663,  559,  725,  734,  242,  636,  672,  721,   69,  207,  473,  707,  521,  525,  121,  279, 1065,  850,  462,  448,  780,  410,  940,  921,  623,  240,  242,  411,  372,  149,  866,  778,  597,  118,  502,  248,  981,  343,  391,  106,  818,  102,  586,  508,  168,  169,  805,  387,  588,  567,  200,  231, 1018,  641,  603,  858,  759,  595,   67,  649,  440,  532,  581,  506,  685,  540,  519,  954,  395,  113,  659,  496,  394,  730,  527,  793,  536,  507,  291,  705,  712,  384,  688,  461,  944,  618,  840,  259,  516,  342,    6,  985,  677,  919,  371,  314,  168,  872,  664,  764,  470,  277,   16],
        [    0,    0,    0,    0,    0,    0,    0,    0,    0,    0,    0,    0,    0,    0,    0,    0,    0,    0,    0,    0,    0,    0,    0,    0,    0,    0,    0,    0,    0,    0,    0,    0,    0,    0,    0,    0,    0,    0,    0,    0,    0,    0,    0,    0,    0,    0,    0,    0,    0,    0,    0,    0,    0,    0,    0,    0,    0,    0,    0,    0,    0,    0,    0,    0,    0,    0,    0,    0,    0,    0,    0,    0,    0,    0,    0,    0,    0,    0,    0,    0,    0,    0,    0,    0,    0,    0,    0,    0,    0,    0,    0,    0,    0,    0,    0,    0,    0,    0,    0,    0,    0,    0,    0,    0,    0,    0,    0,    0,    0,    0,    0,    0,    0,    0,    0,    0,    0,    0,    0,    0,    0,    0,    0,    0,    0,    0,    0,    0,    0,    0,    0,    0,    0,    0,    0,    0,    0,    0,    0,    0,    0,    0,    0,    0,    0,    0,    0,    0,    0,    0,    0,    0,    0,    0,    0,    0,    0,    0,    0,    0,    0,    0,    0,    0,    0,    0,    0,    0,    0,    0,    0,    0,    0,    0,    0,    0,    0,    0,    0,    0,    0,    0,    0,    0,    0,    0,    0,    0,    0,    0,    0,    0],
        [  501,    0,    0,  450,  149,  765,  271,  526,  880,  791,  288,  754,  726,  147,  238,  291,  466,  765,   88,  771,  220,  731,  758,  571,  433,   60,  240,  386,  390, 1031,  702,  555,  863,  920,  251,  814,  665,  118,  673,  723,  747,  293,  473,  311,  580,  306,  378,  623,  126,  525,  632,  728,  393,  714,  911,  596,  913,   57,  467,  862,  802,  484,  720,  261,  612,  937,  525,  650, 1139,  816,  349,  756,  726,  760,  750,  604,  275,  589,  910,  392,  381,  501, 1028,  496,  373,  475,  157,  470,  119,  485,  664,  663,  295,  282,  325,  790,  642,  441,  566,   51,  251,  324,  506,  548,  550,  824,  994,  368,  679,  394,  182,  791,  867,  371,  737,  740,  806,  753,  558,  578,  820,  103,  618,  300,  686,  721,  708,  653,  402,  755,  536,  178,  311,  350,  435,  747,  704,  493,  817,  364,  654,  813,  669,  841,  666,  560,  246,  510,  264,  509,  158,  862,  449,  811,  425,   19,  751,  458,  604,  913,  153,  378,  824,  457,  576,  128,  168,  776,  766,  824,  629,  704,  231,  953,  437,  787,  381,  713,  483,  505, 1133,  509,  862,  617,  785,  587,  795,  548,  907,  151,  380,  491],
        [  362,    0,  450,    0,  335,  513,  380,  356,  444,  451,  362,  338,  679,  523,  370,  334,  325,  442,  528,  391,  335,  281,  733,  233,  180,  478,  476,  207,  230,  604,  725,  382,  434,  476,  321,  381,  263,  383,  236,  604,  498,  265,  567,  382,  222,  220,  380,  248,  422,  169,  190,  471,  118,  459,  533,  360,  602,  478,  178,  434,  354,   59,  552,  387,  312,  613,  617,  369,  725,  533,  521,  518,  631,  534,  304,  231,  343,  269,  489,  128,  236,  609,  594,  350,  122,   91,  329,   98,  414,  323,  239,  365,  532,  244,  371,  367,  360,  364,  232,  461,  528,  238,  165,  291,  157,  716,  570,  150,  231,  526,  270,  580,  565,  327,  489,  494,  409,  357,  276,  543,  442,  546,  429,  236,  360,  640,  312,  215,  292,  459,  298,  615,  233,  255,  193,  446,  281,  235,  367,  193,  325,  662,  292,  391,  505,  414,  372,  309,  428,   85,  575,  414,  155,  386,  202,  462,  600,   34,  386,  463,  337,   88,  415,  176,  451,  558,  335,  487,  373,  406,  190,  339,  253,  603,  289,  482,  122,  265,   45,  360,  712,  332,  563,  181,  471,  292,  512,  307,  480,  320,  107,  367],
        [  489,    0,  149,  335,    0,  618,  150,  380,  777,  643,  315,  615,  607,  189,  116,  304,  320,  711,  237,  626,   82,  609,  645,  502,  371,  201,  179,  337,  350,  891,  599,  409,  765,  790,  261,  713,  578,   48,  568,  590,  718,  272,  378,  344,  505,  159,  398,  480,  214,  446,  504,  580,  256,  682,  764,  448,  765,  200,  401,  725,  687,  358,  580,  144,  464,  788,  434,  501,  996,  778,  272,  610,  597,  615,  623,  461,  295,  527,  770,  314,  232,  414,  891,  481,  238,  341,  165,  335,  203,  339,  529,  515,  245,  248,  195,  651,  494,  442,  498,  187,  220,  176,  363,  503,  461,  695,  854,  227,  565,  305,   83,  648,  719,  229,  708,  711,  724,  671,  506,  454,  674,  224,  601,  153,  628,  594,  625,  548,  384,  607,  496,  326,  163,  323,  378,  599,  608,  345,  698,  311,  593,  677,  525,  719,  525,  418,  123,  479,  167,  380,  305,  748,  306,  673,  278,  152,  614,  335,  577,  792,    8,  253,  682,  312,  436,  277,   24,  734,  623,  684,  523,  558,   89,  805,  289,  638,  299,  591,  374,  492,  992,  362,  714,  512,  735,  533,  647,  399,  768,   21,  292,  483],
        [  874,    0,  765,  513,  618,    0,  512,  241,  704,  161,  835,  340,  330,  733,  539,  810,  300,  888,  851,  249,  546,  505,  382,  716,  692,  819,  604,  713,  737,  485,  435,  214,  726,  515,  781,  680,  678,  649,  592,  212,  979,  743,  469,  861,  697,  476,  877,  291,  816,  661,  432,   43,  449,  942,  278,  174,  169,  817,  689,  405,  583,  458,  134,  525,  201,  202,  476,  145,  520,  992,  546,   25,  252,   44,  465,  300,  813,  753,  396,  635,  393,  491,  516,  862,  466,  423,  734,  417,  805,  280,  375,  151,  610,  715,  457,  363,  154,  873,  719,  804,  646,  450,  350,  795,  630,  280,  452,  449,  540,  506,  623,   85,  124,  398,  971,  977,  781,  747,  775,  316,  246,  817,  934,  476,  821,  274,  717,  584,  799,   83,  805,  938,  465,  753,  706,   94,  652,  302,  562,  695,  792,  201,  268,  547,  149,  218,  533,  820,  546,  438,  922,  618,  379,  376,  367,  765,  168,  480,  888,  591,  614,  497,  326,  360,  223,  893,  598,  948,  279,  355,  571,  231,  551,  250,  330,   92,  624,  489,  536,  872,  540,  257,  117,  575,  918,  783,   55,  229,  417,  621,  606,  879],
        [  615,    0,  271,  380,  150,  512,    0,  274,  814,  568,  460,  585,  460,  223,   35,  446,  218,  802,  351,  573,   72,  623,  497,  588,  472,  330,  110,  450,  467,  854,  450,  299,  809,  778,  404,  755,  641,  157,  610,  452,  828,  404,  233,  489,  585,  160,  538,  443,  360,  526,  509,  479,  270,  790,  700,  354,  671,  327,  496,  697,  709,  381,  453,   14,  394,  699,  288,  417,  944,  880,  145,  500,  456,  501,  624,  426,  439,  618,  733,  406,  180,  270,  862,  606,  260,  349,  312,  339,  349,  240,  516,  436,  155,  377,   57,  623,  411,  576,  585,  319,  162,  147,  339,  608,  529,  554,  816,  235,  594,  166,  212,  528,  624,  119,  818,  822,  788,  736,  606,  309,  616,  306,  721,  145,  718,  451,  690,  591,  511,  517,  605,  433,  148,  449,  481,  512,  660,  288,  713,  422,  682,  543,  482,  727,  400,  298,   27,  595,   51,  393,  425,  768,  287,  646,  237,  266,  482,  366,  691,  798,  143,  294,  641,  282,  309,  394,  126,  835,  577,  650,  566,  504,  156,  725,  202,  549,  389,  602,  424,  617,  947,  263,  618,  558,  829,  630,  549,  318,  737,  165,  377,  611],
        [  701,    0,  526,  356,  380,  241,  274,    0,  691,  305,  622,  376,  324,  496,  299,  599,   60,  787,  611,  333,  306,  480,  380,  586,  523,  580,  372,  530,  552,  618,  384,   32,  700,  580,  566,  647,  587,  409,  521,  251,  853,  537,  296,  649,  573,  248,  676,  246,  582,  523,  372,  205,  256,  815,  441,   85,  398,  578,  529,  481,  570,  316,  214,  287,  151,  425,  327,  152,  692,  884,  333,  231,  276,  236,  460,  238,  600,  623,  503,  457,  166,  331,  635,  690,  267,  273,  506,  263,  572,   44,  345,  176,  388,  507,  220,  413,  149,  686,  587,  566,  417,  218,  209,  646,  504,  365,  580,  243,  482,  303,  393,  271,  351,  158,  845,  850,  718,  674,  632,  202,  366,  577,  781,  244,  709,  285,  634,  506,  612,  245,  651,  698,  234,  558,  536,  241,  581,  125,  562,  507,  675,  322,  266,  563,  160,   59,  293,  657,  311,  308,  683,  622,  202,  434,  162,  525,  257,  325,  740,  626,  375,  308,  412,  181,   96,  653,  359,  838,  346,  429,  485,  269,  318,  455,   96,  277,  442,  459,  393,  701,  701,   25,  345,  484,  817,  647,  275,   77,  513,  384,  425,  703],
        [  548,    0,  880,  444,  777,  704,  814,  691,    0,  555,  701,  365,  990,  966,  809,  676,  692,  319,  950,  459,  776,  212, 1047,  348,  471,  897,  915,  526,  535,  419, 1069,  702,   42,  254,  688,   68,  230,  824,  209,  883,  449,  626,  966,  706,  328,  656,  663,  451,  823,  368,  321,  676,  545,  430,  522,  642,  680,  899,  437,  334,  124,  434,  809,  823,  560,  667, 1008,  601,  546,  410,  947,  722,  921,  743,  242,  455,  692,  354,  382,  492,  645, 1006,  379,  540,  556,  467,  738,  477,  819,  678,  350,  579,  968,  621,  794,  347,  596,  602,  355,  881,  968,  668,  498,  428,  335,  977,  409,  580,  221,  942,  707,  788,  671,  735,  448,  453,  158,  180,  402,  891,  482,  980,  507,  671,  317,  938,  205,  230,  568,  622,  448, 1030,  667,  581,  475,  610,  179,  579,  143,  537,  321,  902,  450,  164,  783,  738,  809,  486,  864,  422,  983,   92,  537,  339,  593,  894,  856,  450,  467,  161,  780,  529,  398,  549,  775,  973,  778,  385,  428,  367,  254,  476,  696,  617,  669,  623,  502,  232,  403,  542,  510,  673,  674,  265,  339,  381,  668,  616,  355,  761,  501,  562],
        [  802,    0,  791,  451,  643,  161,  568,  305,  555,    0,  803,  193,  486,  788,  588,  776,  353,  769,  879,   97,  584,  368,  541,  621,  626,  839,  672,  657,  680,  333,  588,  290,  581,  354,  755,  539,  562,  682,  470,  369,  871,  707,  584,  826,  599,  487,  830,  204,  817,  574,  320,  150,  423,  836,  138,  221,  154,  838,  614,  244,  437,  393,  290,  582,  180,  162,  602,  154,  389,  874,  637,  184,  409,  205,  323,  221,  783,  655,  236,  579,  412,  613,  360,  790,  443,  369,  728,  367,  807,  331,  256,  133,  692,  681,  518,  209,  158,  813,  624,  823,  720,  468,  306,  708,  536,  441,  298,  436,  416,  604,  627,  243,  125,  450,  865,  870,  647,  620,  685,  447,   85,  859,  844,  491,  710,  430,  595,  467,  741,   84,  721,  968,  481,  705,  639,   78,  527,  299,  413,  643,  684,  361,  162,  394,  289,  313,  583,  742,  611,  367,  944,  466,  354,  220,  367,  795,  328,  420,  798,  433,  640,  463,  166,  341,  334,  918,  627,  833,  128,  196,  458,  115,  563,  163,  368,   71,  571,  355,  462,  799,  402,  309,  126,  465,  799,  688,  116,  252,  256,  641,  555,  809],
        [  222,    0,  288,  362,  315,  835,  460,  622,  701,  803,    0,  699,  902,  431,  428,   29,  568,  513,  311,  751,  388,  610,  945,  357,  234,  264,  486,  180,  167,  957,  907,  653,  674,  814,   58,  634,  472,  332,  515,  863,  472,   98,  691,   30,  374,  378,   91,  603,  170,  336,  545,  793,  388,  443,  894,  664,  949,  268,  267,  789,  656,  418,  835,  456,  643,  964,  747,  695, 1082,  546,  585,  834,  879,  845,  645,  585,   23,  360,  846,  242,  457,  728,  942,  220,  370,  435,  153,  437,  173,  579,  599,  699,  551,  122,  495,  726,  686,  157,  350,  255,  516,  410,  499,  299,  375,  975,  925,  387,  543,  619,  251,  886,  908,  504,  462,  464,  591,  543,  318,  748,  802,  379,  338,  386,  444,  880,  504,  498,  142,  796,  283,  365,  394,  123,  228,  785,  524,  534,  680,  178,  417,  942,  650,  712,  781,  674,  435,  249,  481,  446,  312,  710,  458,  744,  470,  306,  877,  389,  333,  778,  322,  342,  776,  476,  702,  315,  336,  510,  735,  766,  480,  695,  321,  961,  528,  824,  243,  599,  370,  227, 1066,  599,  905,  466,  528,  346,  847,  608,  835,  297,  256,  210],
        [  654,    0,  754,  338,  615,  340,  585,  376,  365,  193,  699,    0,  640,  787,  595,  670,  400,  583,  839,   97,  576,  177,  697,  456,  491,  793,  694,  533,  553,  277,  729,  377,  389,  205,  659,  346,  381,  660,  287,  528,  692,  603,  671,  717,  432,  459,  707,  143,  751,  419,  161,  313,  362,  659,  210,  307,  333,  793,  472,  113,  245,  285,  451,  597,  227,  329,  702,  252,  389,  688,  689,  359,  567,  380,  130,  159,  681,  488,  156,  460,  406,  706,  279,  643,  382,  283,  657,  286,  742,  380,  100,  227,  730,  582,  546,   39,  249,  677,  461,  776,  747,  452,  253,  549,  377,  616,  240,  388,  232,  669,  575,  424,  315,  477,  686,  691,  455,  430,  524,  563,  134,  838,  680,  469,  529,  586,  409,  287,  612,  258,  564,  929,  460,  587,  503,  246,  340,  300,  222,  525,  507,  539,  111,  209,  432,  411,  592,  591,  634,  258,  895,  279,  310,   62,  350,  762,  496,  315,  633,  260,  614,  384,   78,  308,  444,  874,  605,  649,   66,   71,  283,  118,  527,  297,  394,  259,  457,  166,  332,  651,  380,  367,  317,  293,  612,  522,  304,  301,  154,  607,  443,  664],
        [ 1013,    0,  726,  679,  607,  330,  460,  324,  990,  486,  902,  640,    0,  635,  495,  883,  357, 1111,  799,  563,  526,  779,   58,  910,  839,  785,  499,  839,  861,  814,  113,  302, 1004,  832,  844,  953,  909,  615,  837,  119, 1176,  828,  274,  930,  897,  530,  969,  541,  819,  847,  681,  338,  573, 1138,  607,  350,  472,  782,  849,  723,  867,  640,  197,  469,  431,  507,  242,  391,  842, 1208,  399,  306,   79,  288,  750,  540,  879,  946,  722,  771,  463,  268,  844, 1002,  580,  597,  764,  587,  809,  356,  641,  414,  469,  798,  413,  670,  395,  990,  910,  775,  517,  497,  532,  966,  828,  123,  781,  552,  794,  348,  653,  264,  438,  399, 1168, 1173, 1035,  993,  954,  154,  570,  736, 1100,  520, 1033,   57,  955,  824,  917,  403,  970,  870,  512,  859,  852,  411,  898,  449,  852,  814,  999,  173,  542,  845,  208,  267,  486,  974,  463,  631,  874,  912,  525,  687,  479,  718,  165,  648, 1060,  899,  600,  623,  645,  504,  229,  841,  583, 1162,  588,  671,  804,  522,  581,  566,  396,  421,  756,  760,  716, 1013,  866,  348,  431,  804, 1141,  970,  384,  387,  741,  620,  739, 1013],
        [  638,    0,  147,  523,  189,  733,  223,  496,  966,  788,  431,  787,  635,    0,  201,  432,  440,  886,  180,  787,  212,  796,  659,  682,  547,  192,  138,  506,  514, 1062,  593,  521,  954,  971,  389,  902,  764,  142,  757,  652,  880,  423,  366,  456,  688,  331,  521,  648,  272,  630,  687,  700,  438,  845,  918,  576,  893,  188,  579,  899,  875,  544,  665,  209,  612,  921,  412,  638, 1159,  945,  238,  720,  648,  720,  806,  630,  417,  705,  940,  496,  385,  386, 1065,  632,  422,  524,  289,  516,  265,  462,  708,  656,  172,  406,  277,  825,  632,  581,  678,  192,  123,  336,  535,  672,  647,  743, 1024,  406,  753,  288,  264,  744,  846,  341,  869,  872,  909,  856,  679,  496,  831,  104,  754,  319,  805,  639,  810,  737,  536,  739,  662,  238,  328,  479,  552,  733,  796,  499,  885,  482,  770,  745,  690,  905,  614,  517,  206,  640,  189,  564,  251,  936,  479,  847,  439,  129,  688,  522,  737,  977,  187,  440,  850,  480,  523,  218,  190,  903,  788,  855,  712,  717,  273,  947,  421,  771,  482,  777,  563,  641, 1159,  485,  840,  701,  909,  707,  771,  537,  941,  205,  477,  629],
        [  589,    0,  238,  370,  116,  539,   35,  299,  809,  588,  428,  595,  495,  201,    0,  415,  242,  784,  319,  588,   44,  622,  531,  570,  451,  296,  107,  425,  442,  866,  484,  326,  803,  785,  372,  749,  629,  122,  604,  485,  805,  375,  264,  457,  569,  153,  507,  453,  326,  509,  510,  504,  265,  768,  718,  377,  696,  294,  476,  707,  707,  376,  484,   29,  412,  722,  320,  438,  960,  859,  167,  527,  490,  530,  626,  436,  407,  600,  745,  386,  189,  301,  872,  580,  253,  347,  279,  338,  315,  263,  521,  456,  163,  349,   88,  632,  432,  547,  567,  285,  160,  146,  345,  586,  515,  588,  828,  230,  590,  194,  182,  558,  649,  143,  795,  799,  776,  724,  585,  343,  632,  278,  696,  138,  700,  485,  678,  584,  483,  540,  582,  402,  144,  422,  459,  534,  651,  301,  713,  398,  664,  575,  494,  728,  431,  327,    9,  570,   62,  391,  393,  767,  291,  655,  245,  234,  514,  360,  668,  800,  109,  283,  654,  288,  340,  362,   93,  815,  590,  661,  559,  519,  133,  747,  221,  572,  370,  602,  414,  591,  962,  287,  643,  550,  811,  610,  574,  337,  748,  132,  359,  584],
        [  212,    0,  291,  334,  304,  810,  446,  599,  676,  776,   29,  670,  883,  432,  415,    0,  546,  495,  322,  722,  374,  582,  928,  332,  207,  273,  479,  153,  141,  929,  892,  630,  649,  786,   44,  608,  446,  325,  488,  842,  460,   70,  678,   52,  349,  357,   94,  576,  180,  309,  516,  768,  362,  430,  866,  639,  922,  277,  240,  760,  629,  390,  813,  443,  617,  937,  734,  669, 1053,  532,  575,  809,  859,  820,  617,  557,   19,  338,  818,  213,  435,  715,  914,  208,  345,  408,  147,  409,  181,  557,  570,  672,  544,   96,  479,  698,  660,  150,  326,  262,  511,  390,  472,  279,  348,  954,  897,  362,  515,  608,  236,  862,  881,  485,  450,  453,  568,  519,  296,  730,  774,  386,  329,  365,  424,  860,  479,  470,  122,  770,  264,  381,  374,   96,  201,  759,  498,  509,  653,  150,  396,  920,  622,  684,  759,  652,  422,  231,  470,  417,  329,  683,  432,  715,  445,  310,  855,  360,  319,  751,  312,  315,  748,  451,  681,  329,  325,  496,  706,  737,  453,  667,  304,  933,  506,  797,  214,  570,  341,  216, 1038,  576,  879,  438,  511,  325,  821,  583,  806,  286,  228,  201],
        [  659,    0,  466,  325,  320,  300,  218,   60,  692,  353,  568,  400,  357,  440,  242,  546,    0,  764,  552,  369,  247,  483,  409,  557,  483,  521,  320,  485,  508,  654,  402,   90,  697,  603,  512,  643,  570,  350,  511,  297,  822,  485,  277,  596,  546,  191,  626,  261,  524,  493,  371,  264,  216,  783,  487,  136,  454,  519,  493,  509,  574,  292,  269,  232,  185,  481,  316,  200,  735,  857,  293,  290,  318,  295,  469,  250,  546,  593,  536,  415,  113,  316,  667,  647,  224,  249,  449,  239,  513,   23,  354,  221,  342,  456,  166,  437,  195,  640,  557,  506,  368,  161,  197,  610,  478,  411,  616,  197,  477,  270,  335,  329,  407,  100,  813,  818,  706,  660,  598,  218,  406,  519,  743,  187,  684,  323,  618,  495,  566,  299,  614,  639,  177,  510,  496,  294,  569,  114,  569,  461,  649,  374,  290,  574,  214,  106,  236,  618,  259,  289,  623,  629,  174,  460,  124,  466,  309,  296,  704,  640,  316,  266,  444,  154,  136,  594,  300,  811,  378,  458,  472,  302,  260,  508,   41,  331,  400,  462,  365,  658,  741,   45,  402,  469,  794,  616,  333,  105,  544,  324,  383,  659],
        [  303,    0,  765,  442,  711,  888,  802,  787,  319,  769,  513,  583, 1111,  886,  784,  495,  764,    0,  813,  677,  743,  409, 1167,  215,  340,  761,  882,  381,  376,  724, 1165,  809,  278,  554,  525,  279,  210,  752,  299, 1024,  130,  474, 1006,  505,  221,  648,  443,  599,  671,  279,  456,  851,  559,  116,  781,  771,  916,  764,  311,  603,  372,  473,  962,  807,  701,  911, 1057,  755,  855,  106,  947,  900, 1056,  920,  459,  592,  513,  186,  660,  400,  677, 1048,  688,  301,  560,  516,  609,  526,  671,  759,  516,  741,  944,  484,  804,  583,  747,  370,  218,  748,  928,  672,  580,  219,  286, 1132,  707,  589,  354,  959,  629,  967,  893,  766,  130,  134,  162,  159,  208,  982,  716,  867,  217,  663,   84, 1068,  174,  304,  373,  814,  232,  876,  664,  417,  335,  801,  244,  663,  406,  405,  121, 1068,  622,  442,  921,  844,  788,  264,  846,  480,  823,  389,  591,  586,  643,  782, 1010,  469,  194,  470,  716,  518,  644,  611,  882,  823,  721,   69,  647,  616,  318,  664,  653,  874,  729,  826,  416,  418,  400,  297,  822,  764,  895,  314,   31,  180,  867,  726,  636,  691,  426,  318],
        [  532,    0,   88,  528,  237,  851,  351,  611,  950,  879,  311,  839,  799,  180,  319,  322,  552,  813,    0,  858,  306,  809,  827,  629,  491,   54,  302,  440,  440, 1115,  766,  640,  931, 1001,  289,  883,  730,  203,  745,  802,  782,  341,  537,  329,  641,  393,  398,  710,  143,  588,  713,  814,  478,  752,  998,  683, 1001,   52,  526,  946,  877,  566,  803,  340,  700, 1025,  586,  737, 1225,  854,  410,  842,  803,  846,  830,  691,  305,  643,  995,  458,  469,  561, 1112,  529,  458,  558,  213,  554,  143,  572,  748,  751,  348,  336,  406,  874,  730,  468,  623,   70,  300,  412,  592,  595,  616,  900, 1079,  454,  755,  458,  265,  875,  954,  456,  772,  774,  866,  814,  608,  653,  907,   85,  649,  388,  737,  796,  771,  725,  442,  842,  581,   91,  399,  397,  491,  835,  772,  580,  893,  422,  706,  893,  756,  919,  749,  644,  327,  552,  337,  591,   76,  937,  536,  896,  513,   87,  832,  538,  641,  991,  240,  460,  909,  544,  658,   43,  255,  817,  853,  909,  702,  791,  318, 1041,  523,  874,  449,  792,  559,  537, 1219,  595,  949,  689,  831,  637,  882,  635,  991,  239,  451,  521],
        [  729,    0,  771,  391,  626,  249,  573,  333,  459,   97,  751,   97,  563,  787,  588,  722,  369,  677,  858,    0,  577,  273,  619,  538,  557,  815,  681,  594,  616,  286,  658,  326,  484,  270,  706,  443,  472,  669,  379,  448,  782,  654,  626,  771,  515,  468,  768,  151,  783,  496,  237,  228,  386,  748,  145,  253,  239,  814,  542,  161,  341,  333,  369,  586,  185,  239,  650,  188,  373,  782,  661,  270,  488,  291,  227,  171,  731,  572,  171,  517,  402,  658,  303,  717,  406,  318,  691,  319,  774,  348,  171,  163,  709,  630,  528,  114,  189,  745,  543,  798,  732,  455,  268,  628,  456,  529,  249,  406,  324,  634,  598,  333,  218,  458,  777,  782,  552,  526,  605,  503,   52,  848,  763,  475,  620,  507,  503,  377,  676,  167,  643,  949,  465,  645,  570,  157,  434,  288,  317,  583,  597,  450,  104,  300,  358,  356,  584,  667,  620,  306,  919,  371,  323,  128,  350,  777,  412,  363,  716,  342,  624,  419,   84,  315,  384,  895,  613,  742,   32,  109,  370,   70,  541,  216,  373,  165,  512,  261,  394,  726,  375,  329,  220,  379,  706,  605,  210,  264,  185,  621,  497,  737],
        [  546,    0,  220,  335,   82,  546,   72,  306,  776,  584,  388,  576,  526,  212,   44,  374,  247,  743,  306,  577,    0,  594,  565,  529,  408,  277,  142,  383,  399,  851,  521,  335,  768,  762,  332,  714,  591,  104,  569,  509,  763,  333,  304,  417,  529,  123,  466,  437,  295,  469,  483,  510,  235,  725,  711,  379,  698,  274,  434,  688,  677,  345,  502,   71,  405,  724,  360,  437,  949,  817,  210,  536,  516,  541,  600,  419,  367,  558,  729,  344,  175,  342,  855,  537,  220,  319,  242,  310,  284,  267,  498,  453,  202,  306,  113,  614,  430,  505,  526,  263,  194,  125,  325,  544,  476,  614,  813,  201,  558,  236,  140,  571,  652,  151,  752,  757,  738,  686,  543,  373,  622,  276,  653,  110,  659,  513,  640,  549,  441,  541,  539,  392,  118,  379,  417,  534,  615,  290,  684,  355,  623,  597,  479,  701,  447,  341,   49,  528,  105,  362,  378,  737,  268,  637,  229,  219,  534,  326,  625,  773,   76,  248,  639,  269,  357,  347,   59,  772,  577,  644,  524,  508,   91,  745,  220,  573,  328,  574,  378,  548,  948,  291,  647,  515,  769,  568,  578,  335,  730,   95,  317,  541],
        [  520,    0,  731,  281,  609,  505,  623,  480,  212,  368,  610,  177,  779,  796,  622,  582,  483,  409,  809,  273,  594,    0,  837,  308,  381,  758,  728,  432,  448,  358,  857,  490,  226,  205,  581,  177,  214,  657,  122,  675,  522,  520,  759,  623,  284,  472,  598,  239,  698,  289,  116,  473,  360,  491,  373,  431,  509,  759,  354,  205,   91,  252,  602,  633,  349,  504,  799,  392,  490,  514,  749,  521,  712,  542,   51,  243,  595,  335,  266,  373,  447,  799,  337,  509,  375,  276,  606,  285,  691,  469,  139,  371,  776,  506,  597,  175,  386,  554,  314,  741,  782,  477,  293,  404,  245,  772,  332,  394,   72,  740,  550,  588,  491,  535,  517,  522,  280,  254,  377,  680,  309,  826,  525,  485,  361,  728,  236,  129,  499,  425,  422,  895,  479,  489,  390,  412,  166,  370,   91,  433,  343,  699,  242,  111,  574,  527,  622,  453,  673,  233,  854,  148,  338,  180,  393,  742,  650,  275,  479,  183,  611,  358,  236,  348,  564,  838,  606,  475,  242,  210,  137,  274,  523,  466,  463,  431,  376,   22,  253,  515,  467,  463,  493,  150,  438,  369,  475,  404,  246,  596,  368,  531],
        [ 1063,    0,  758,  733,  645,  382,  497,  380, 1047,  541,  945,  697,   58,  659,  531,  928,  409, 1167,  827,  619,  565,  837,    0,  964,  891,  817,  526,  889,  911,  867,   87,  359, 1062,  889,  888, 1011,  965,  650,  895,  173, 1231,  874,  294,  974,  952,  577, 1015,  599,  856,  901,  739,  393,  625, 1192,  658,  408,  518,  814,  902,  779,  924,  695,  252,  504,  488,  553,  253,  448,  890, 1263,  422,  359,  132,  340,  807,  597,  923, 1001,  776,  822,  514,  279,  898, 1052,  632,  652,  805,  642,  846,  410,  699,  472,  490,  845,  453,  727,  453, 1038,  965,  808,  538,  545,  588, 1019,  883,  143,  834,  604,  852,  372,  695,  313,  486,  445, 1222, 1227, 1092, 1050, 1007,  199,  625,  762, 1152,  566, 1088,  112, 1011,  881,  966,  458, 1023,  896,  559,  907,  903,  466,  955,  504,  910,  864, 1054,  211,  599,  903,  266,  323,  523, 1025,  495,  687,  902,  969,  579,  744,  532,  749,  216,  703, 1113,  956,  638,  675,  700,  558,  285,  869,  622, 1217,  645,  727,  861,  579,  624,  614,  448,  474,  807,  818,  771, 1063,  915,  403,  479,  861, 1197, 1024,  436,  444,  796,  659,  790, 1063],
        [  214,    0,  571,  233,  502,  716,  588,  586,  348,  621,  357,  456,  910,  682,  570,  332,  557,  215,  629,  538,  529,  308,  964,    0,  139,  576,  669,  190,  194,  665,  958,  610,  319,  502,  351,  281,  119,  544,  190,  830,  268,  291,  793,  360,   25,  433,  316,  429,  494,   65,  302,  677,  347,  230,  665,  581,  773,  579,  105,  512,  324,  272,  774,  592,  520,  776,  844,  576,  797,  301,  732,  726,  859,  743,  356,  418,  350,   37,  573,  189,  465,  834,  640,  204,  346,  314,  418,  324,  491,  555,  367,  566,  731,  294,  589,  469,  568,  259,    8,  561,  717,  458,  384,   96,   87,  941,  639,  376,  237,  744,  421,  791,  744,  553,  260,  265,  238,  188,   69,  775,  585,  674,  225,  449,  132,  870,  147,  179,  221,  651,  114,  702,  450,  240,  139,  637,  177,  463,  354,  208,   95,  883,  462,  390,  729,  644,  574,  148,  632,  285,  652,  370,  386,  479,  435,  588,  822,  262,  178,  446,  507,  304,  529,  407,  682,  646,  511,  255,  512,  508,  175,  508,  440,  751,  521,  668,  204,  306,  194,  209,  772,  563,  743,  164,  243,   68,  705,  531,  554,  483,  213,  227],
        [  183,    0,  433,  180,  371,  692,  472,  523,  471,  626,  234,  491,  839,  547,  451,  207,  483,  340,  491,  557,  408,  381,  891,  139,    0,  438,  544,   55,   68,  735,  873,  551,  447,  585,  218,  404,  243,  412,  282,  773,  356,  156,  690,  244,  150,  329,  219,  423,  357,  103,  331,  651,  268,  318,  696,  537,  778,  440,   36,  570,  423,  236,  727,  475,  492,  787,  744,  548,  863,  409,  617,  697,  798,  712,  420,  407,  223,  158,  629,   70,  378,  731,  717,  170,  260,  270,  280,  276,  353,  486,  392,  544,  608,  155,  483,  513,  539,  188,  133,  423,  590,  357,  343,  137,  142,  887,  705,  288,  312,  634,  289,  758,  742,  458,  346,  351,  375,  324,  135,  695,  608,  536,  261,  343,  258,  805,  281,  264,  121,  638,  135,  565,  346,  112,   14,  625,  293,  407,  448,   70,  224,  837,  465,  480,  677,  580,  455,  135,  513,  260,  516,  477,  325,  529,  362,  450,  773,  213,  225,  545,  377,  217,  568,  347,  616,  509,  383,  365,  536,  553,  248,  512,  318,  773,  443,  660,   86,  372,  165,  181,  844,  498,  740,  234,  364,  162,  691,  482,  615,  352,  102,  187],
        [  484,    0,   60,  478,  201,  819,  330,  580,  897,  839,  264,  793,  785,  192,  296,  273,  521,  761,   54,  815,  277,  758,  817,  576,  438,    0,  297,  387,  388, 1068,  760,  610,  878,  952,  238,  830,  677,  175,  693,  781,  733,  289,  531,  284,  587,  353,  353,  665,   94,  535,  664,  781,  432,  702,  956,  648,  965,    5,  473,  899,  825,  517,  778,  320,  661,  988,  583,  700, 1179,  804,  406,  810,  785,  816,  780,  646,  256,  591,  948,  405,  431,  559, 1064,  480,  412,  511,  160,  507,   92,  539,  700,  713,  350,  283,  383,  827,  693,  420,  570,   18,  305,  374,  548,  543,  563,  883, 1032,  410,  703,  452,  219,  847,  919,  427,  723,  725,  813,  761,  556,  637,  864,  117,  601,  349,  685,  780,  718,  672,  391,  806,  530,  138,  360,  345,  438,  798,  719,  541,  842,  369,  654,  871,  712,  868,  723,  617,  304,  501,  323,  542,  105,  884,  493,  848,  473,   70,  809,  489,  592,  939,  206,  411,  864,  502,  633,   82,  222,  767,  808,  863,  650,  748,  277, 1002,  490,  837,  396,  742,  507,  488, 1173,  563,  914,  637,  780,  585,  847,  599,  944,  200,  398,  473],
        [  668,    0,  240,  476,  179,  604,  110,  372,  915,  672,  486,  694,  499,  138,  107,  479,  320,  882,  302,  681,  142,  728,  526,  669,  544,  297,    0,  514,  527,  963,  465,  394,  909,  887,  435,  855,  733,  155,  710,  515,  895,  450,  235,  514,  669,  259,  572,  552,  354,  610,  615,  573,  371,  858,  806,  455,  767,  294,  572,  806,  813,  483,  530,   98,  500,  796,  286,  520, 1052,  953,  109,  589,  511,  589,  731,  535,  468,  697,  842,  482,  289,  262,  971,  660,  359,  453,  334,  444,  345,  342,  624,  540,   66,  427,  155,  732,  515,  621,  666,  291,   54,  252,  448,  678,  618,  606,  925,  337,  696,  156,  260,  610,  720,  224,  885,  889,  880,  828,  679,  359,  722,  238,  780,  245,  798,  502,  782,  690,  563,  616,  672,  371,  250,  502,  552,  612,  756,  396,  819,  487,  762,  608,  591,  834,  480,  386,  107,  657,   62,  497,  377,  873,  395,  755,  346,  228,  551,  466,  755,  905,  173,  389,  750,  391,  389,  343,  164,  909,  686,  759,  665,  612,  231,  826,  309,  648,  466,  708,  519,  671, 1055,  364,  714,  656,  907,  705,  645,  422,  846,  199,  457,  662],
        [  174,    0,  386,  207,  337,  713,  450,  530,  526,  657,  180,  533,  839,  506,  425,  153,  485,  381,  440,  594,  383,  432,  889,  190,   55,  387,  514,    0,   24,  783,  866,  559,  501,  636,  163,  458,  298,  374,  336,  780,  382,  102,  674,  192,  203,  317,  175,  454,  304,  158,  374,  671,  274,  345,  735,  552,  808,  390,   90,  616,  476,  265,  738,  451,  514,  819,  729,  570,  910,  442,  592,  716,  802,  731,  469,  437,  168,  204,  675,   80,  376,  714,  766,  163,  263,  293,  230,  298,  301,  490,  433,  568,  578,  105,  466,  557,  561,  160,  184,  373,  556,  348,  365,  167,  196,  894,  752,  289,  364,  614,  254,  775,  771,  449,  372,  376,  428,  377,  173,  692,  645,  488,  273,  330,  302,  808,  335,  318,   86,  663,  159,  512,  335,   58,   52,  651,  347,  420,  501,   28,  269,  848,  498,  533,  687,  586,  431,  146,  487,  291,  463,  531,  338,  574,  368,  402,  784,  239,  243,  599,  343,  223,  610,  359,  620,  456,  350,  399,  575,  597,  301,  544,  294,  808,  445,  688,   90,  422,  202,  175,  892,  505,  769,  287,  403,  202,  716,  496,  662,  317,  108,  175],
        [  153,    0,  390,  230,  350,  737,  467,  552,  535,  680,  167,  553,  861,  514,  442,  141,  508,  376,  440,  616,  399,  448,  911,  194,   68,  388,  527,   24,    0,  801,  887,  582,  509,  652,  157,  468,  306,  385,  349,  803,  369,   99,  692,  176,  209,  337,  154,  477,  302,  169,  395,  695,  297,  333,  756,  575,  831,  391,  100,  635,  490,  288,  761,  468,  537,  842,  747,  593,  929,  431,  609,  740,  825,  754,  487,  460,  158,  204,  694,  103,  398,  732,  784,  143,  286,  316,  234,  321,  300,  513,  454,  591,  592,  109,  485,  577,  584,  137,  187,  374,  569,  368,  388,  159,  209,  916,  771,  311,  380,  631,  267,  799,  794,  470,  359,  363,  431,  381,  169,  713,  667,  492,  255,  350,  298,  830,  340,  332,   63,  687,  149,  510,  355,   47,   61,  674,  357,  444,  515,   47,  266,  871,  520,  548,  710,  609,  447,  130,  503,  313,  459,  544,  362,  593,  391,  407,  807,  262,  228,  613,  356,  246,  631,  383,  643,  455,  364,  389,  596,  617,  316,  567,  311,  830,  467,  711,  113,  439,  223,  154,  910,  528,  792,  302,  396,  198,  740,  519,  681,  329,  131,  153],
        [  877,    0, 1031,  604,  891,  485,  854,  618,  419,  333,  957,  277,  814, 1062,  866,  929,  654,  724, 1115,  286,  851,  358,  867,  665,  735, 1068,  963,  783,  801,    0,  919,  610,  458,  171,  922,  446,  560,  936,  476,  696,  849,  863,  909,  973,  640,  735,  953,  414, 1023,  647,  415,  481,  638,  824,  210,  537,  371, 1068,  710,  171,  355,  556,  618,  867,  470,  343,  931,  470,  134,  822,  947,  509,  736,  527,  315,  432,  941,  689,  122,  716,  678,  940,   46,  866,  658,  558,  929,  562, 1015,  633,  369,  445,  994,  845,  811,  242,  472,  912,  671, 1051, 1014,  727,  529,  760,  603,  753,   39,  665,  430,  920,  851,  557,  389,  741,  847,  851,  566,  567,  733,  778,  256, 1115,  875,  744,  697,  758,  567,  486,  854,  415,  778, 1205,  735,  839,  745,  410,  504,  567,  322,  780,  686,  671,  373,  285,  621,  638,  863,  811,  902,  529, 1170,  336,  586,  220,  623, 1039,  651,  585,  829,  258,  891,  658,  213,  582,  663, 1150,  881,  792,  278,  208,  495,  353,  804,  278,  657,  395,  716,  365,  589,  873,  110,  615,  395,  508,  748,  723,  431,  550,  125,  883,  705,  889],
        [ 1040,    0,  702,  725,  599,  435,  450,  384, 1069,  588,  907,  729,  113,  593,  484,  892,  402, 1165,  766,  658,  521,  857,   87,  958,  873,  760,  465,  866,  887,  919,    0,  369, 1080,  927,  850, 1028,  969,  599,  904,  226, 1221,  842,  230,  936,  947,  551,  981,  619,  806,  893,  753,  439,  612, 1182,  712,  428,  583,  757,  887,  819,  947,  693,  302,  456,  511,  618,  182,  478,  952, 1258,  357,  411,  188,  394,  832,  615,  886,  993,  822,  804,  496,  208,  947, 1029,  616,  650,  762,  640,  796,  407,  720,  503,  422,  813,  413,  761,  481, 1010,  957,  752,  471,  519,  591, 1005,  879,  226,  885,  587,  865,  309,  657,  375,  547,  418, 1211, 1216, 1102, 1057,  995,  184,  670,  697, 1134,  538, 1085,  165, 1016,  890,  940,  505, 1007,  830,  533,  880,  885,  511,  964,  506,  935,  840, 1050,  285,  626,  931,  301,  332,  476, 1006,  441,  688,  840,  995,  575,  780,  524,  691,  276,  697, 1097,  988,  592,  660,  741,  555,  294,  807,  576, 1212,  682,  766,  868,  612,  589,  676,  437,  525,  788,  837,  766, 1041,  974,  405,  540,  866, 1195, 1014,  490,  455,  840,  614,  772, 1038],
