{
    "name": "random-71-4253",
    "comment": "size=71 seed=4253",
    "nodes": ["+0", "-0", "+1", "-1", "+2", "-2", "+3", "-3", "+4", "-4", "+5", "-5", "+6", "-6", "+7", "-7", "+8", "-8", "+9", "-9", "+10", "-10", "+11", "-11", "+12", "-12", "+13", "-13", "+14", "-14", "+15", "-15", "+16", "-16", "+17", "-17", "+18", "-18", "+19", "-19", "+20", "-20", "+21", "-21", "+22", "-22", "+23", "-23", "+24", "-24", "+25", "-25", "+26", "-26", "+27", "-27", "+28", "-28", "+29", "-29", "+30", "-30", "+31", "-31", "+32", "-32", "+33", "-33", "+34", "-34", "+35", "-35", "+36", "-36", "+37", "-37", "+38", "-38", "+39", "-39", "+40", "-40", "+41", "-41", "+42", "-42", "+43", "-43", "+44", "-44", "+45", "-45", "+46", "-46", "+47", "-47", "+48", "-48", "+49", "-49", "+50", "-50", "+51", "-51", "+52", "-52", "+53", "-53", "+54", "-54", "+55", "-55", "+56", "-56", "+57", "-57", "+58", "-58", "+59", "-59", "+60", "-60", "+61", "-61", "+62", "-62", "+63", "-63", "+64", "-64", "+65", "-65", "+66", "-66", "+67", "-67", "+68", "-68", "+69", "-69", "+70", "-70", "+71", "-71"],
    "precedence": {
        "+0": "-0",
        "+1": "-1",
        "+2": "-2",
        "+3": "-3",
        "+4": "-4",
        "+5": "-5",
        "+6": "-6",
        "+7": "-7",
        "+8": "-8",
        "+9": "-9",
        "+10": "-10",
        "+11": "-11",
        "+12": "-12",
        "+13": "-13",
        "+14": "-14",
        "+15": "-15",
        "+16": "-16",
        "+17": "-17",
        "+18": "-18",
        "+19": "-19",
        "+20": "-20",
        "+21": "-21",
        "+22": "-22",
        "+23": "-23",
        "+24": "-24",
        "+25": "-25",
        "+26": "-26",
        "+27": "-27",
        "+28": "-28",
        "+29": "-29",
        "+30": "-30",
        "+31": "-31",
        "+32": "-32",
        "+33": "-33",
        "+34": "-34",
        "+35": "-35",
        "+36": "-36",
        "+37": "-37",
        "+38": "-38",
        "+39": "-39",
        "+40": "-40",
        "+41": "-41",
        "+42": "-42",
        "+43": "-43",
        "+44": "-44",
        "+45": "-45",
        "+46": "-46",
        "+47": "-47",
        "+48": "-48",
        "+49": "-49",
        "+50": "-50",
        "+51": "-51",
        "+52": "-52",
        "+53": "-53",
        "+54": "-54",
        "+55": "-55",
        "+56": "-56",
        "+57": "-57",
        "+58": "-58",
        "+59": "-59",
        "+60": "-60",
        "+61": "-61",
        "+62": "-62",
        "+63": "-63",
        "+64": "-64",
        "+65": "-65",
        "+66": "-66",
        "+67": "-67",
        "+68": "-68",
        "+69": "-69",
        "+70": "-70",
        "+71": "-71"
    },
    "edges": [
        [    0,    0,  678,  100,  282,  226,  830,  680,  410,  776,  204,  248,  636,  314,  739,  321,  362,  700,   90,  615,  542,  306,  419,  742,  170,  606,  233,  586,  869,  634,  605,  699,  704,  320,  238,  824,  422,  208,  489,  369,  777,  618,   95,  646,  191,  456,  279,  810,  434,  971,  207,  336,  394,  539,  633,  393,  698,  437,  516,  689,  564,  481,   67,  252, 1011,  680,  191,  811,  802,   38,  792,  623,  574,  712,  376,  281,  108,  764,  437,  775,  129,  876,  427,  637,  706,  674,  609,  159,  963,  678,  886,  630,  489,  493,  738,  684,  553,  652,  792,  105,  398,  745,  768,  162,  401,  299,  166,  239,  518,  825,  711,  217,  641,  168,  238,  500,  271,  399,  283,  710,  284,  493,  678,  910,  669,  164,  371,  684,  628,  162,  307,  294,  767,  369,  726,  420,  756,  425,  348,  229,  646,  718,  745,  851],
        [    0,    0,    0,    0,    0,    0,    0,    0,    0,    0,    0,    0,    0,    0,    0,    0,    0,    0,    0,    0,    0,    0,    0,    0,    0,    0,    0,    0,    0,    0,    0,    0,    0,    0,    0,    0,    0,    0,    0,    0,    0,    0,    0,    0,    0,    0,    0,    0,    0,    0,    0,    0,    0,    0,    0,    0,    0,    0,    0,    0,    0,    0,    0,    0,    0,    0,    0,    0,    0,    0,    0,    0,    0,    0,    0,    0,    0,    0,    0,    0,    0,    0,    0,    0,    0,    0,    0,    0,    0,    0,    0,    0,    0,    0,    0,    0,    0,    0,    0,    0,    0,    0,    0,    0,    0,    0,    0,    0,    0,    0,    0,    0,    0,    0,    0,    0,    0,    0,    0,    0,    0,    0,    0,    0,    0,    0,    0,    0,    0,    0,    0,    0,    0,    0,    0,    0,    0,    0,    0,    0,    0,    0,    0,    0],
        [  678,    0,    0,  640,  508,  775,  155,  245,  699,  379,  604,  553,  343,  879,   91,  926,  354,  126,  601,  930,  662,  774,  337,  451,  627,  248,  829,  911,  541,  283,  287,  300,  351,  528,  567,  207,  539,  763,  640,  323,  506,  131,  772,  244,  489,  522,  400,  500,  284,  406,  480,  610,  714,  738,  397,  568,   32,  261,  458,  377,  898,  374,  689,  573,  498,  246,  585,  137,  126,  642,  115,  448,  121,  241,  707,  453,  595,  415,  851,  139,  705,  350,  380,  341,  372,  381,  780,  698,  416,  905,  291,  856,  191,  274,  136,  253,  791,  334,  249,  645,  847,  445,  126,  517,  665,  380,  648,  669,  558,  266,   48,  774,  926,  547,  881,  575,  576,  857,  639,  541,  462,  833,  107,  385,  668,  598,  554,  289,   97,  738,  674,  780,  116,  335,   88,  521,  147,  265,  614,  703,  282,   79,  558,  413],
        [  100,    0,  640,    0,  325,  325,  795,  611,  490,  696,  273,  303,  556,  272,  691,  300,  362,  679,   59,  707,  609,  228,  425,  655,  246,  606,  332,  679,  895,  560,  611,  704,  625,  225,  296,  804,  325,  150,  556,  320,  806,  564,  171,  577,  183,  505,  256,  836,  376,  965,  209,  237,  477,  617,  548,  452,  657,  421,  424,  707,  657,  502,   57,  154, 1015,  611,   95,  769,  762,  100,  754,  654,  528,  708,  459,  302,  160,  681,  532,  724,   71,  873,  348,  651,  624,  591,  687,  253,  960,  764,  872,  715,  450,  427,  717,  614,  635,  665,  783,  187,  495,  658,  718,  150,  477,  267,  248,  323,  571,  815,  677,  162,  732,  207,  241,  556,  333,  496,  184,  750,  206,  584,  626,  909,  729,  229,  273,  688,  603,  110,  211,  220,  719,  313,  678,  323,  734,  405,  417,  320,  572,  689,  785,  772],
        [  282,    0,  508,  325,    0,  275,  643,  608,  231,  739,  108,   49,  614,  589,  589,  602,  156,  486,  267,  481,  301,  550,  180,  743,  142,  359,  335,  456,  588,  586,  347,  439,  672,  433,   64,  602,  528,  472,  249,  300,  496,  501,  351,  579,  172,  181,  192,  530,  372,  719,  143,  496,  235,  332,  635,  139,  536,  249,  566,  416,  438,  211,  335,  403,  746,  609,  356,  643,  630,  249,  615,  342,  439,  465,  221,   68,  175,  745,  357,  634,  389,  621,  439,  368,  683,  662,  398,  212,  708,  502,  650,  449,  353,  442,  524,  615,  367,  385,  550,  192,  345,  742,  623,  193,  203,  220,  161,  163,  247,  584,  526,  483,  492,  119,  519,  235,   69,  354,  470,  430,  343,  363,  550,  653,  408,  126,  494,  425,  430,  428,  507,  544,  618,  321,  579,  517,  541,  251,  136,  199,  595,  522,  465,  806],
        [  226,    0,  775,  325,  275,    0,  916,  838,  248,  952,  172,  227,  816,  496,  851,  475,  422,  760,  297,  402,  406,  520,  454,  933,  150,  631,   66,  374,  814,  802,  616,  704,  881,  534,  212,  877,  639,  416,  358,  513,  720,  749,  207,  806,  323,  383,  400,  760,  587,  986,  316,  560,  223,  373,  823,  304,  801,  515,  719,  668,  351,  475,  288,  472, 1002,  838,  411,  911,  899,  230,  885,  575,  692,  737,  208,  323,  216,  948,  218,  894,  347,  887,  613,  627,  887,  859,  437,   87,  972,  480,  922,  438,  604,  655,  799,  843,  369,  645,  822,  160,  176,  935,  884,  311,  256,  429,  130,  118,  424,  855,  797,  422,  433,  240,  379,  399,  215,  175,  509,  634,  478,  287,  803,  917,  544,  182,  590,  692,  703,  372,  532,  506,  880,  524,  840,  634,  815,  512,  238,   81,  813,  795,  667, 1025],
        [  830,    0,  155,  795,  643,  916,    0,  332,  815,  435,  744,  690,  445, 1032,  138, 1080,  495,  172,  754, 1032,  755,  925,  466,  526,  770,  328,  972, 1016,  534,  387,  362,  333,  431,  677,  705,  134,  679,  916,  741,  477,  526,  262,  924,  345,  640,  627,  552,  507,  435,  314,  629,  758,  833,  836,  500,  684,  143,  404,  586,  417, 1005,  481,  842,  725,  420,  333,  738,   61,   54,  794,   47,  512,  272,  266,  828,  594,  744,  480,  973,  148,  860,  295,  524,  400,  454,  473,  869,  841,  332,  994,  204,  949,  345,  417,  143,  338,  890,  387,  221,  793,  973,  519,  139,  669,  782,  533,  791,  806,  651,  218,  121,  928, 1024,  693, 1035,  672,  710,  983,  790,  585,  615,  945,  210,  321,  734,  742,  699,  329,  214,  893,  824,  932,  126,  488,  150,  662,  134,  411,  737,  841,  382,  123,  594,  444],
        [  680,    0,  245,  611,  608,  838,  332,    0,  831,  145,  679,  643,  116,  795,  197,  854,  461,  370,  591, 1078,  835,  673,  477,  206,  690,  467,  879, 1055,  783,   65,  504,  537,  107,  427,  654,  437,  391,  695,  801,  325,  741,  134,  772,   35,  517,  684,  439,  739,  252,  635,  523,  492,  839,  899,  170,  709,  225,  381,  278,  608, 1039,  549,  667,  494,  734,    2,  530,  275,  279,  651,  287,  660,  197,  483,  828,  542,  629,  173,  965,  189,  662,  591,  270,  564,  129,  142,  952,  752,  649, 1074,  520, 1022,  264,  188,  379,    9,  947,  561,  492,  685,  950,  201,  195,  535,  799,  410,  710,  753,  735,  506,  286,  706, 1082,  599,  833,  746,  676,  958,  540,  763,  406,  967,  139,  624,  868,  657,  427,  524,  320,  685,  566,  685,  207,  316,  187,  377,  387,  369,  737,  780,   55,  320,  784,  201],
        [  410,    0,  699,  490,  231,  248,  815,  831,    0,  965,  220,  214,  844,  717,  786,  708,  371,  645,  440,  251,  160,  714,  365,  973,  245,  494,  307,  226,  594,  813,  467,  540,  900,  647,  212,  744,  748,  618,  118,  530,  503,  715,  433,  803,  387,  195,  422,  546,  601,  812,  362,  700,   29,  131,  866,  131,  729,  456,  795,  483,  209,  334,  476,  605,  808,  832,  550,  826,  812,  393,  795,  375,  650,  588,   41,  299,  333,  973,  163,  833,  538,  715,  669,  457,  911,  891,  200,  260,  794,  279,  771,  228,  569,  671,  680,  837,  146,  475,  672,  307,  176,  972,  821,  397,   34,  450,  245,  173,  205,  703,  706,  626,  262,  306,  614,  177,  177,  189,  663,  408,  564,  137,  758,  739,  298,  264,  708,  532,  609,  572,  695,  703,  813,  552,  778,  738,  694,  464,   96,  192,  822,  694,  439, 1030],
        [  776,    0,  379,  696,  739,  952,  435,  145,  965,    0,  801,  770,  141,  843,  314,  907,  596,  505,  686, 1214,  976,  716,  618,  105,  808,  610,  989, 1190,  920,  153,  647,  676,   73,  488,  780,  555,  423,  757,  941,  445,  881,  278,  864,  165,  630,  825,  559,  878,  370,  748,  640,  535,  972, 1039,  160,  846,  355,  521,  299,  750, 1173,  691,  753,  561,  851,  144,  607,  375,  383,  750,  396,  804,  341,  620,  959,  671,  739,   50, 1093,  288,  737,  715,  350,  707,   76,  112, 1093,  866,  765, 1214,  635, 1161,  404,  300,  508,  137, 1086,  703,  620,  795, 1075,   96,  299,  643,  934,  530,  826,  876,  877,  631,  416,  766, 1219,  716,  900,  887,  804, 1082,  592,  906,  493, 1100,  273,  746, 1012,  775,  470,  664,  461,  755,  610,  730,  313,  430,  307,  413,  514,  508,  870,  900,  144,  450,  927,   76],
        [  204,    0,  604,  273,  108,  172,  744,  679,  220,  801,    0,   61,  670,  517,  681,  520,  251,  590,  221,  454,  340,  499,  285,  793,   38,  466,  229,  427,  684,  649,  455,  546,  732,  433,   46,  709,  535,  408,  286,  357,  591,  583,  256,  648,  181,  259,  242,  628,  432,  827,  164,  481,  210,  345,  683,  191,  630,  344,  595,  520,  406,  317,  266,  386,  852,  680,  330,  740,  728,  179,  714,  439,  525,  573,  193,  152,  114,  802,  300,  725,  326,  729,  476,  474,  739,  715,  415,  104,  815,  498,  757,  447,  436,  502,  629,  685,  366,  491,  658,  100,  276,  794,  715,  183,  205,  272,   54,   76,  317,  691,  626,  418,  474,   93,  432,  297,   69,  282,  443,  517,  356,  330,  636,  760,  466,   45,  493,  533,  532,  362,  475,  489,  710,  373,  671,  527,  646,  341,  146,  102,  659,  624,  551,  872],
        [  248,    0,  553,  303,   49,  227,  690,  643,  214,  770,   61,    0,  642,  560,  632,  568,  199,  533,  247,  461,  309,  530,  227,  769,   96,  407,  287,  435,  628,  617,  395,  486,  702,  435,   16,  650,  534,  446,  256,  327,  535,  540,  310,  613,  174,  208,  214,  570,  401,  767,  149,  492,  212,  328,  660,  150,  580,  293,  582,  460,  415,  257,  306,  398,  792,  643,  346,  688,  676,  219,  661,  382,  479,  513,  197,  103,  146,  774,  324,  677,  363,  668,  458,  413,  711,  689,  396,  164,  755,  492,  698,  439,  392,  471,  572,  649,  357,  431,  598,  152,  307,  769,  666,  187,  191,  243,  115,  117,  271,  632,  572,  457,  475,  100,  483,  254,   38,  315,  460,  464,  350,  339,  591,  700,  427,   86,  496,  472,  477,  401,  496,  522,  661,  346,  622,  524,  588,  293,  124,  152,  627,  569,  498,  838],
        [  636,    0,  343,  556,  614,  816,  445,  116,  844,  141,  670,  642,    0,  711,  309,  774,  480,  465,  547, 1094,  869,  585,  511,  132,  674,  539,  851, 1069,  869,   60,  574,  620,   69,  351,  651,  544,  295,  621,  830,  316,  818,  216,  724,  101,  495,  717,  429,  821,  243,  743,  507,  404,  848,  926,   56,  729,  329,  416,  173,  684, 1051,  594,  613,  422,  839,  115,  468,  389,  392,  611,  400,  722,  265,  572,  835,  546,  602,  133,  965,  304,  598,  693,  210,  635,   71,   49,  984,  730,  756, 1101,  628, 1048,  303,  173,  479,  111,  970,  635,  591,  658,  945,  131,  309,  506,  814,  400,  692,  745,  774,  609,  388,  630, 1101,  582,  763,  781,  677,  951,  457,  829,  353,  977,  243,  727,  919,  641,  338,  606,  404,  617,  478,  598,  321,  298,  297,  283,  489,  399,  748,  767,   64,  421,  854,  216],
        [  314,    0,  879,  272,  589,  496, 1032,  795,  717,  843,  517,  560,  711,    0,  915,   71,  632,  935,  330,  896,  855,  129,  696,  773,  483,  874,  467,  868, 1167,  735,  881,  973,  776,  369,  551, 1059,  420,  124,  802,  560, 1077,  783,  290,  763,  454,  767,  521, 1108,  598, 1228,  480,  308,  698,  847,  683,  707,  891,  684,  544,  978,  846,  774,  255,  309, 1283,  795,  297,  999,  993,  342,  989,  925,  761,  973,  680,  573,  415,  814,  712,  940,  203, 1139,  528,  922,  768,  731,  916,  458, 1225,  973, 1131,  929,  693,  629,  971,  795,  855,  936, 1045,  418,  668,  779,  938,  422,  711,  527,  477,  546,  830, 1077,  920,  112,  928,  471,  134,  813,  584,  664,  256, 1018,  418,  782,  844, 1176,  983,  477,  374,  957,  856,  163,  233,  114,  942,  545,  902,  430,  988,  666,  661,  528,  746,  937, 1053,  916],
        [  739,    0,   91,  691,  589,  851,  138,  197,  786,  314,  681,  632,  309,  915,    0,  967,  434,  202,  657, 1020,  753,  804,  422,  398,  702,  338,  903, 1000,  614,  251,  376,  381,  299,  553,  646,  243,  547,  803,  730,  373,  587,  134,  833,  209,  553,  611,  465,  577,  320,  440,  548,  631,  801,  828,  364,  656,   60,  341,  450,  461,  987,  465,  742,  607,  540,  198,  627,   87,   86,  704,   92,  537,  165,  319,  793,  531,  663,  355,  937,   49,  753,  402,  396,  429,  322,  339,  871,  771,  454,  996,  325,  947,  252,  290,  198,  204,  881,  420,  308,  715,  931,  391,   35,  579,  753,  441,  723,  749,  649,  318,  110,  815, 1016,  618,  929,  666,  658,  940,  667,  627,  500,  921,   75,  433,  758,  671,  570,  372,  188,  784,  700,  812,   30,  379,   14,  530,  202,  341,  700,  782,  245,  142,  643,  337],
        [  321,    0,  926,  300,  602,  475, 1080,  854,  708,  907,  520,  568,  774,   71,  967,    0,  661,  975,  354,  872,  853,  197,  723,  840,  484,  905,  439,  844, 1186,  795,  909, 1003,  840,  428,  557, 1100,  486,  164,  800,  605, 1095,  835,  275,  821,  481,  776,  555, 1128,  648, 1264,  505,  373,  687,  838,  748,  711,  939,  720,  610, 1002,  822,  795,  270,  363, 1314,  854,  342, 1049, 1043,  353, 1037,  942,  809, 1007,  670,  593,  427,  880,  687,  994,  229, 1173,  586,  947,  832,  796,  905,  449, 1260,  954, 1170,  912,  738,  684, 1012,  855,  841,  962, 1082,  420,  643,  845,  991,  448,  706,  564,  476,  539,  836, 1114,  966,  153,  905,  485,   97,  817,  589,  638,  317, 1030,  467,  761,  897, 1209,  984,  483,  438,  987,  897,  192,  299,  181,  994,  592,  953,  495, 1029,  703,  661,  517,  807,  981, 1065,  981],
        [  362,    0,  354,  362,  156,  422,  495,  461,  371,  596,  251,  199,  480,  632,  434,  661,    0,  346,  307,  618,  392,  563,   66,  611,  276,  246,  478,  595,  544,  445,  249,  343,  533,  380,  213,  468,  458,  509,  351,  181,  460,  347,  449,  433,  180,  242,  120,  485,  242,  610,  157,  459,  380,  446,  508,  250,  381,   94,  464,  349,  579,  157,  394,  378,  654,  461,  352,  490,  478,  324,  464,  317,  284,  351,  369,  100,  261,  607,  510,  479,  433,  515,  333,  292,  546,  529,  505,  347,  603,  622,  526,  569,  200,  308,  385,  467,  491,  305,  431,  303,  500,  610,  468,  213,  339,  131,  297,  316,  305,  464,  376,  521,  624,  205,  592,  307,  225,  509,  453,  424,  283,  507,  395,  551,  462,  248,  437,  327,  282,  472,  492,  561,  462,  208,  424,  443,  402,   96,  277,  350,  453,  375,  456,  660],
        [  700,    0,  126,  679,  486,  760,  172,  370,  645,  505,  590,  533,  465,  935,  202,  975,  346,    0,  632,  861,  584,  840,  306,  576,  619,  156,  819,  844,  416,  406,  191,  180,  476,  604,  548,  126,  631,  814,  570,  378,  385,  250,  790,  368,  510,  456,  425,  376,  361,  305,  494,  689,  664,  664,  517,  515,  151,  263,  565,  261,  834,  311,  721,  638,  385,  371,  638,  198,  183,  663,  163,  346,  216,  117,  660,  443,  605,  541,  804,  245,  748,  234,  470,  235,  498,  505,  698,  691,  309,  824,  198,  778,  248,  372,   40,  378,  719,  224,  130,  649,  806,  570,  231,  541,  612,  412,  640,  647,  480,  154,   93,  826,  852,  550,  919,  501,  550,  817,  709,  429,  525,  775,  233,  271,  569,  593,  639,  171,   81,  784,  747,  844,  217,  397,  204,  614,   57,  276,  570,  683,  405,   63,  443,  536],
        [   90,    0,  601,   59,  267,  297,  754,  591,  440,  686,  221,  247,  547,  330,  657,  354,  307,  632,    0,  665,  554,  285,  370,  653,  197,  552,  315,  637,  837,  544,  556,  649,  614,  238,  241,  757,  342,  209,  501,  285,  748,  533,  181,  557,  127,  447,  207,  779,  348,  914,  152,  268,  428,  565,  544,  396,  619,  371,  429,  650,  615,  444,   90,  177,  961,  592,  116,  732,  724,   69,  715,  596,  492,  655,  411,  244,  107,  675,  494,  692,  128,  821,  337,  594,  616,  585,  635,  217,  908,  717,  823,  667,  410,  404,  670,  595,  586,  609,  732,  145,  460,  656,  685,   95,  425,  222,  204,  277,  513,  764,  635,  220,  687,  149,  288,  499,  278,  462,  224,  691,  195,  541,  594,  856,  672,  177,  293,  633,  557,  167,  256,  278,  685,  283,  644,  338,  687,  356,  364,  279,  556,  645,  726,  761],
        [  615,    0,  930,  707,  481,  402, 1032, 1078,  251, 1214,  454,  461, 1094,  896, 1020,  872,  618,  861,  665,    0,  282,  918,  605, 1223,  469,  705,  434,   29,  704, 1062,  672,  727, 1150,  886,  456,  945,  989,  815,  292,  780,  627,  959,  608, 1051,  631,  409,  672,  670,  851,  975,  608,  932,  249,  198, 1116,  370,  961,  699, 1043,  654,   51,  557,  681,  838,  947, 1079,  779, 1051, 1037,  607, 1018,  542,  893,  785,  265,  549,  561, 1223,  186, 1068,  742,  884,  918,  646, 1161, 1141,  187,  457,  952,  112,  956,  112,  815,  921,  892, 1085,  143,  662,  863,  521,  230, 1223, 1055,  637,  281,  700,  462,  389,  383,  890,  932,  822,   40,  546,  776,  361,  424,  235,  888,  527,  808,  125,  998,  901,  363,  496,  947,  723,  837,  771,  917,  905, 1045,  802, 1013,  980,  905,  709,  346,  388, 1071,  915,  545, 1278],
        [  542,    0,  662,  609,  301,  406,  755,  835,  160,  976,  340,  309,  869,  855,  753,  853,  392,  584,  554,  282,    0,  837,  359, 1000,  373,  428,  466,  270,  451,  829,  394,  445,  917,  732,  314,  664,  825,  748,   54,  571,  364,  708,  580,  812,  472,  152,  479,  407,  633,  699,  443,  796,  187,   85,  899,  162,  694,  456,  851,  374,  264,  291,  605,  702,  680,  835,  654,  777,  763,  519,  744,  261,  641,  504,  200,  356,  450,  992,  293,  801,  665,  605,  720,  364,  932,  918,  119,  406,  678,  244,  675,  195,  572,  699,  614,  842,  140,  381,  582,  438,  321,  999,  788,  491,  151,  503,  379,  315,  105,  609,  659,  758,  269,  408,  761,   90,  277,  334,  768,  264,  640,  226,  740,  625,  139,  383,  793,  442,  567,  702,  804,  828,  777,  596,  748,  813,  626,  471,  195,  342,  836,  640,  291, 1034],
        [  306,    0,  774,  228,  550,  520,  925,  673,  714,  716,  499,  530,  585,  129,  804,  197,  563,  840,  285,  918,  837,    0,  628,  645,  470,  795,  507,  890, 1105,  612,  807,  897,  650,  251,  524,  962,  293,  107,  783,  463, 1020,  670,  320,  642,  393,  730,  445, 1047,  491, 1140,  423,  183,  698,  842,  556,  680,  783,  601,  417,  911,  867,  713,  239,  203, 1202,  673,  212,  888,  884,  322,  881,  870,  654,  890,  680,  520,  387,  686,  737,  826,  177, 1054,  411,  853,  641,  604,  912,  463, 1139,  984, 1037,  936,  594,  515,  875,  673,  857,  866,  957,  408,  696,  651,  824,  365,  702,  445,  470,  543,  797,  987,  817,  104,  946,  433,  226,  783,  560,  694,  137,  970,  315,  797,  731, 1091,  956,  455,  249,  880,  760,  149,  108,   19,  829,  444,  790,  303,  891,  581,  644,  534,  623,  836, 1004,  788],
        [  419,    0,  337,  425,  180,  454,  466,  477,  365,  618,  285,  227,  511,  696,  422,  723,   66,  306,  370,  605,  359,  628,    0,  643,  315,  188,  514,  584,  478,  470,  187,  281,  559,  443,  243,  424,  516,  574,  324,  232,  395,  354,  503,  453,  243,  208,  186,  420,  282,  554,  218,  523,  379,  423,  544,  237,  366,   97,  513,  283,  569,   96,  455,  443,  593,  478,  418,  468,  456,  382,  440,  253,  288,  295,  371,  142,  315,  633,  515,  469,  496,  458,  383,  227,  573,  560,  476,  387,  545,  597,  476,  545,  214,  344,  345,  485,  471,  240,  378,  352,  511,  641,  457,  276,  332,  194,  336,  342,  264,  411,  350,  585,  606,  256,  653,  271,  245,  521,  518,  362,  346,  501,  394,  492,  414,  291,  498,  266,  253,  535,  558,  627,  450,  260,  414,  501,  362,  113,  278,  378,  477,  344,  394,  677],
        [  742,    0,  451,  655,  743,  933,  526,  206,  973,  105,  793,  769,  132,  773,  398,  840,  611,  576,  653, 1223, 1000,  645,  643,    0,  795,  664,  964, 1198,  987,  180,  699,  740,  101,  435,  777,  640,  356,  697,  961,  443,  941,  333,  825,  211,  615,  849,  555,  942,  373,  836,  630,  469,  977, 1057,  111,  860,  431,  548,  235,  808, 1180,  725,  711,  509,  937,  206,  562,  467,  473,  720,  485,  851,  389,  687,  963,  675,  718,   56, 1090,  379,  687,  796,  321,  760,   79,   84, 1115,  847,  851, 1232,  722, 1179,  434,  304,  585,  199, 1101,  759,  698,  774, 1068,    9,  388,  623,  943,  526,  812,  868,  906,  711,  492,  705, 1232,  703,  842,  913,  804, 1074,  529,  957,  460, 1105,  345,  829, 1050,  762,  406,  726,  522,  701,  542,  660,  402,  423,  389,  349,  592,  531,  877,  888,  177,  526,  980,  157],
        [  170,    0,  627,  246,  142,  150,  770,  690,  245,  808,   38,   96,  674,  483,  702,  484,  276,  619,  197,  469,  373,  470,  315,  795,    0,  499,  202,  441,  722,  657,  489,  581,  738,  420,   82,  739,  524,  377,  319,  366,  628,  599,  218,  658,  180,  296,  252,  665,  441,  861,  169,  463,  232,  373,  684,  227,  652,  368,  591,  556,  420,  352,  234,  369,  887,  691,  310,  763,  752,  149,  739,  476,  543,  606,  214,  177,   92,  807,  306,  745,  295,  763,  476,  509,  744,  718,  443,   72,  850,  520,  789,  470,  454,  509,  658,  695,  390,  526,  691,   65,  277,  796,  735,  176,  233,  281,   22,   81,  354,  724,  651,  386,  491,   93,  395,  334,  107,  282,  421,  554,  349,  345,  654,  795,  501,   34,  479,  567,  558,  330,  452,  459,  731,  379,  691,  516,  675,  363,  179,   94,  667,  650,  589,  880],
        [  606,    0,  248,  606,  359,  631,  328,  467,  494,  610,  466,  407,  539,  874,  338,  905,  246,  156,  552,  705,  428,  795,  188,  664,  499,    0,  693,  689,  341,  485,   39,  103,  567,  583,  422,  252,  635,  751,  415,  350,  281,  334,  691,  454,  425,  302,  354,  288,  366,  366,  403,  668,  515,  508,  585,  366,  279,  196,  597,  147,  679,  163,  639,  600,  410,  467,  585,  351,  336,  569,  317,  200,  275,  108,  512,  330,  503,  639,  655,  385,  676,  270,  480,   98,  586,  585,  543,  569,  358,  669,  292,  622,  254,  403,  188,  475,  563,   96,  192,  539,  660,  659,  370,  458,  462,  351,  519,  514,  324,  225,  235,  763,  696,  444,  838,  345,  417,  671,  674,  297,  492,  621,  343,  305,  421,  477,  630,   86,  153,  715,  714,  796,  358,  376,  335,  618,  201,  217,  425,  552,  488,  213,  318,  654],
        [  233,    0,  829,  332,  335,   66,  972,  879,  307,  989,  229,  287,  851,  467,  903,  439,  478,  819,  315,  434,  466,  507,  514,  964,  202,  693,    0,  406,  879,  840,  679,  768,  917,  551,  272,  937,  654,  400,  420,  555,  785,  796,  187,  846,  363,  448,  445,  825,  628, 1049,  360,  568,  281,  428,  853,  369,  854,  570,  744,  733,  385,  538,  287,  485, 1067,  880,  423,  965,  954,  247,  941,  640,  742,  799,  267,  379,  251,  982,  250,  945,  341,  951,  644,  691,  921,  892,  489,  132, 1036,  521,  984,  482,  654,  694,  858,  884,  418,  709,  885,  195,  205,  966,  935,  346,  318,  472,  182,  183,  489,  918,  853,  405,  468,  286,  343,  463,  278,  200,  513,  698,  505,  328,  852,  981,  604,  232,  604,  755,  759,  360,  532,  491,  932,  564,  892,  651,  875,  565,  303,  145,  852,  852,  731, 1062],
        [  586,    0,  911,  679,  456,  374, 1016, 1055,  226, 1190,  427,  435, 1069,  868, 1000,  844,  595,  844,  637,   29,  270,  890,  584, 1198,  441,  689,  406,    0,  701, 1038,  657,  714, 1126,  859,  429,  931,  962,  787,  275,  755,  622,  937,  580, 1028,  604,  391,  646,  665,  827,  967,  582,  903,  223,  185, 1091,  348,  942,  678, 1016,  644,   23,  539,  652,  810,  941, 1056,  751, 1033, 1019,  579, 1001,  531,  871,  771,  238,  524,  533, 1199,  158, 1048,  714,  874,  892,  633, 1137, 1117,  184,  428,  945,  129,  945,  117,  792,  897,  877, 1062,  131,  649,  851,  493,  202, 1198, 1035,  610,  257,  674,  433,  360,  369,  878,  914,  793,   63,  518,  748,  345,  397,  208,  860,  521,  781,   97,  977,  893,  361,  468,  919,  710,  818,  742,  889,  876, 1026,  776,  994,  953,  890,  687,  322,  360, 1047,  898,  542, 1255],
        [  869,    0,  541,  895,  588,  814,  534,  783,  594,  920,  684,  628,  869, 1167,  614, 1186,  544,  416,  837,  704,  451, 1105,  478,  987,  722,  341,  879,  701,    0,  812,  315,  250,  888,  913,  641,  402,  973, 1045,  478,  684,   95,  655,  938,  777,  715,  433,  663,   59,  706,  314,  687,  996,  622,  528,  918,  511,  566,  525,  938,  200,  701,  394,  917,  920,  252,  784,  895,  585,  571,  834,  552,  247,  606,  301,  629,  594,  761,  955,  743,  653,  964,  257,  820,  258,  909,  912,  518,  781,  286,  621,  357,  595,  594,  743,  417,  791,  577,  250,  314,  779,  767,  982,  639,  746,  572,  669,  737,  701,  393,  318,  506, 1057,  677,  702, 1106,  420,  618,  780,  995,  187,  818,  675,  648,  251,  341,  713,  964,  265,  466, 1004, 1035, 1103,  624,  711,  618,  956,  416,  548,  576,  737,  813,  473,  161,  950],
        [  634,    0,  283,  560,  586,  802,  387,   65,  813,  153,  649,  617,   60,  735,  251,  795,  445,  406,  544, 1062,  829,  612,  470,  180,  657,  485,  840, 1038,  812,    0,  520,  563,   89,  368,  627,  484,  328,  638,  792,  292,  763,  158,  724,   43,  480,  677,  407,  765,  217,  684,  489,  430,  819,  889,  115,  695,  269,  374,  213,  629, 1021,  549,  616,  437,  779,   64,  476,  332,  335,  606,  342,  672,  210,  514,  807,  518,  590,  164,  940,  249,  608,  633,  215,  581,  105,  101,  945,  716,  696, 1064,  568, 1012,  258,  148,  419,   63,  935,  580,  532,  647,  922,  176,  253,  494,  782,  378,  675,  724,  732,  549,  328,  647, 1068,  565,  777,  740,  651,  930,  479,  777,  354,  948,  184,  668,  873,  624,  365,  549,  346,  630,  504,  624,  265,  279,  239,  314,  429,  359,  718,  748,   12,  361,  801,  223],
        [  605,    0,  287,  611,  347,  616,  362,  504,  467,  647,  455,  395,  574,  881,  376,  909,  249,  191,  556,  672,  394,  807,  187,  699,  489,   39,  679,  657,  315,  520,    0,   95,  603,  602,  410,  278,  658,  758,  383,  371,  249,  370,  687,  490,  429,  274,  363,  260,  392,  373,  405,  686,  489,  475,  619,  342,  317,  213,  626,  116,  648,  142,  642,  614,  407,  505,  596,  387,  373,  568,  353,  162,  311,  123,  487,  326,  500,  675,  629,  423,  681,  275,  506,   62,  623,  620,  507,  558,  362,  633,  309,  587,  284,  434,  221,  512,  530,   65,  209,  532,  636,  695,  409,  462,  435,  363,  508,  498,  290,  241,  273,  770,  663,  440,  839,  313,  401,  648,  689,  259,  509,  592,  382,  308,  382,  469,  650,   80,  192,  721,  729,  807,  397,  397,  374,  642,  233,  235,  402,  536,  523,  250,  281,  692],
        [  699,    0,  300,  704,  439,  704,  333,  537,  540,  676,  546,  486,  620,  973,  381, 1003,  343,  180,  649,  727,  445,  897,  281,  740,  581,  103,  768,  714,  250,  563,   95,    0,  641,  685,  501,  222,  735,  850,  444,  452,  206,  407,  781,  529,  523,  346,  454,  202,  464,  282,  499,  770,  563,  530,  669,  420,  327,  298,  692,   85,  707,  230,  736,  702,  313,  538,  686,  371,  356,  662,  336,  188,  357,   67,  563,  420,  594,  710,  702,  424,  775,  183,  579,   84,  662,  664,  552,  649,  270,  675,  232,  633,  349,  496,  194,  545,  585,   66,  137,  626,  712,  735,  410,  555,  509,  453,  600,  586,  348,  165,  272,  862,  712,  534,  933,  373,  490,  724,  777,  254,  594,  657,  405,  215,  405,  562,  731,   18,  218,  814,  816,  897,  396,  477,  382,  718,  200,  319,  483,  624,  565,  241,  265,  713],
        [  704,    0,  351,  625,  672,  881,  431,  107,  900,   73,  732,  702,   69,  776,  299,  840,  533,  476,  614, 1150,  917,  650,  559,  101,  738,  567,  917, 1126,  888,   89,  603,  641,    0,  418,  712,  541,  358,  688,  881,  376,  843,  235,  792,  113,  559,  766,  490,  843,  302,  739,  570,  468,  906,  978,   98,  783,  331,  462,  234,  710, 1108,  637,  681,  490,  838,  106,  536,  372,  378,  678,  388,  757,  293,  588,  893,  604,  667,   75, 1025,  284,  666,  696,  278,  664,   23,   52, 1034,  795,  753, 1153,  624, 1100,  346,  232,  485,   99, 1024,  662,  598,  724, 1006,   95,  292,  572,  870,  461,  756,  807,  820,  612,  392,  696, 1156,  646,  830,  829,  737, 1013,  523,  861,  421, 1035,  245,  729,  960,  705,  402,  628,  423,  685,  543,  663,  306,  360,  290,  347,  493,  447,  805,  830,   82,  426,  884,  148],
        [  320,    0,  528,  225,  433,  534,  677,  427,  647,  488,  433,  435,  351,  369,  553,  428,  380,  604,  238,  886,  732,  251,  443,  435,  420,  583,  551,  859,  913,  368,  602,  685,  418,    0,  436,  722,  105,  271,  681,  234,  835,  420,  395,  394,  262,  598,  264,  856,  245,  907,  290,   86,  641,  761,  332,  571,  535,  389,  202,  714,  838,  537,  279,   75,  978,  427,  131,  638,  634,  306,  631,  696,  407,  667,  624,  379,  330,  467,  724,  575,  253,  827,  160,  655,  414,  379,  829,  452,  909,  926,  800,  873,  356,  264,  636,  428,  791,  665,  726,  379,  693,  440,  573,  251,  625,  250,  431,  500,  665,  755,  572,  280,  905,  342,  413,  659,  472,  696,  115,  803,   97,  762,  480,  865,  828,  392,   62,  668,  523,  268,  147,  261,  578,  210,  539,  100,  652,  367,  558,  509,  380,  593,  836,  563],
        [  238,    0,  567,  296,   64,  212,  705,  654,  212,  780,   46,   16,  651,  551,  646,  557,  213,  548,  241,  456,  314,  524,  243,  777,   82,  422,  272,  429,  641,  627,  410,  501,  712,  436,    0,  666,  537,  438,  260,  336,  548,  552,  297,  624,  176,  219,  222,  584,  410,  782,  153,  491,  208,  328,  667,  157,  594,  307,  587,  475,  409,  272,  297,  396,  807,  654,  344,  702,  690,  210,  676,  395,  492,  529,  192,  116,  138,  783,  315,  691,  355,  684,  465,  428,  720,  697,  398,  149,  770,  490,  713,  438,  405,  480,  587,  660,  356,  446,  614,  139,  296,  777,  680,  187,  190,  252,   99,  103,  280,  647,  587,  448,  472,   97,  471,  263,   38,  304,  458,  476,  353,  334,  604,  715,  434,   75,  497,  488,  492,  393,  492,  516,  675,  354,  636,  527,  604,  306,  125,  137,  637,  584,  510,  849],
        [  824,    0,  207,  804,  602,  877,  134,  437,  744,  555,  709,  650,  544, 1059,  243, 1100,  468,  126,  757,  945,  664,  962,  424,  640,  739,  252,  937,  931,  402,  484,  278,  222,  541,  722,  666,    0,  742,  938,  658,  500,  400,  337,  915,  443,  635,  551,  551,  378,  477,  200,  618,  806,  765,  747,  598,  617,  216,  388,  665,  304,  923,  414,  847,  760,  298,  438,  762,  190,  178,  787,  161,  409,  321,  161,  763,  563,  729,  597,  906,  270,  873,  163,  581,  300,  564,  578,  773,  810,  213,  897,   85,  854,  368,  478,   88,  444,  802,  285,   93,  771,  911,  633,  258,  666,  712,  538,  759,  762,  563,   85,  160,  950,  932,  673, 1044,  587,  664,  923,  829,  469,  647,  869,  301,  192,  626,  714,  754,  224,  204,  909,  866,  966,  243,  518,  251,  724,   71,  402,  676,  799,  481,  131,  473,  571],
        [  422,    0,  539,  325,  528,  639,  679,  391,  748,  423,  535,  534,  295,  420,  547,  486,  458,  631,  342,  989,  825,  293,  516,  356,  524,  635,  654,  962,  973,  328,  658,  735,  358,  105,  537,  742,    0,  343,  776,  290,  900,  417,  493,  362,  361,  686,  349,  917,  274,  935,  387,  114,  743,  859,  264,  665,  540,  449,  125,  773,  941,  611,  377,  171, 1014,  391,  232,  633,  632,  410,  632,  768,  421,  709,  726,  470,  434,  394,  829,  560,  343,  862,  162,  716,  349,  312,  926,  557,  940, 1026,  824,  973,  390,  265,  659,  390,  891,  723,  759,  483,  798,  361,  561,  352,  725,  329,  535,  604,  753,  785,  585,  350, 1007,  444,  488,  749,  572,  801,  174,  877,  186,  865,  472,  899,  915,  495,   54,  718,  552,  350,  188,  307,  569,  262,  533,   18,  674,  426,  657,  614,  339,  611,  908,  496],
        [  208,    0,  763,  150,  472,  416,  916,  695,  618,  757,  408,  446,  621,  124,  803,  164,  509,  814,  209,  815,  748,  107,  574,  697,  377,  751,  400,  787, 1045,  638,  758,  850,  688,  271,  438,  938,  343,    0,  694,  441,  956,  672,  214,  662,  331,  652,  398,  986,  484, 1106,  358,  230,  601,  747,  599,  595,  776,  562,  463,  856,  764,  652,  143,  202, 1160,  695,  178,  885,  879,  230,  873,  804,  645,  850,  583,  452,  301,  733,  633,  831,   84, 1016,  426,  799,  682,  647,  817,  363, 1103,  884, 1010,  837,  575,  522,  850,  696,  760,  813,  923,  313,  591,  702,  827,  299,  609,  405,  374,  446,  716,  955,  803,   13,  844,  353,  146,  700,  473,  589,  169,  899,  303,  696,  734, 1053,  872,  366,  291,  834,  735,   47,  164,   91,  830,  429,  790,  349,  868,  544,  554,  434,  650,  818,  934,  832],
        [  489,    0,  640,  556,  249,  358,  741,  801,  118,  941,  286,  256,  830,  802,  730,  800,  351,  570,  501,  292,   54,  783,  324,  961,  319,  415,  420,  275,  478,  792,  383,  444,  881,  681,  260,  658,  776,  694,    0,  527,  387,  677,  527,  777,  421,  120,  432,  431,  592,  708,  392,  744,  146,   99,  859,  111,  671,  421,  805,  380,  265,  266,  552,  650,  698,  802,  601,  760,  746,  465,  727,  268,  611,  498,  156,  307,  397,  955,  268,  778,  612,  613,  675,  361,  894,  879,  155,  354,  688,  273,  676,  221,  538,  659,  602,  808,  151,  379,  580,  384,  290,  960,  765,  439,  102,  457,  326,  263,   98,  609,  641,  704,  286,  355,  708,   72,  223,  303,  715,  291,  591,  214,  712,  635,  187,  329,  743,  438,  546,  648,  751,  774,  755,  552,  724,  764,  615,  434,  141,  292,  800,  624,  321, 1001],
        [  369,    0,  323,  320,  300,  513,  477,  325,  530,  445,  357,  327,  316,  560,  373,  605,  181,  378,  285,  780,  571,  463,  232,  443,  366,  350,  555,  755,  684,  292,  371,  452,  376,  234,  336,  500,  290,  441,  527,    0,  611,  250,  463,  293,  193,  422,  115,  628,   75,  678,  198,  319,  534,  620,  336,  421,  338,  160,  283,  485,  737,  326,  370,  261,  745,  326,  264,  450,  443,  336,  435,  480,  209,  434,  520,  232,  305,  447,  650,  408,  383,  596,  153,  427,  385,  363,  682,  428,  679,  794,  575,  741,  134,  145,  413,  330,  661,  435,  496,  361,  631,  443,  401,  213,  501,   86,  385,  432,  485,  526,  362,  453,  790,  274,  559,  487,  362,  638,  333,  590,  148,  662,  310,  633,  642,  333,  280,  435,  298,  416,  371,  467,  401,   28,  360,  274,  430,  137,  434,  457,  303,  377,  620,  515],
        [  777,    0,  506,  806,  496,  720,  526,  741,  503,  881,  591,  535,  818, 1077,  587, 1095,  460,  385,  748,  627,  364, 1020,  395,  941,  628,  281,  785,  622,   95,  763,  249,  206,  843,  835,  548,  400,  900,  956,  387,  611,    0,  609,  844,  731,  628,  339,  580,   44,  639,  359,  599,  917,  531,  444,  865,  417,  533,  451,  874,  134,  620,  307,  826,  838,  321,  741,  810,  570,  556,  743,  536,  154,  554,  269,  537,  505,  669,  913,  654,  629,  875,  281,  752,  188,  863,  864,  440,  687,  334,  551,  374,  520,  532,  682,  395,  749,  495,  185,  308,  686,  677,  937,  615,  659,  480,  588,  644,  607,  300,  321,  477,  968,  603,  610, 1014,  328,  524,  690,  913,  101,  739,  589,  610,  288,  267,  620,  888,  218,  421,  915,  952, 1017,  600,  638,  588,  884,  397,  474,  482,  643,  765,  446,   85,  918],
        [  618,    0,  131,  564,  501,  749,  262,  134,  715,  278,  583,  540,  216,  783,  134,  835,  347,  250,  533,  959,  708,  670,  354,  333,  599,  334,  796,  937,  655,  158,  370,  407,  235,  420,  552,  337,  417,  672,  677,  250,  609,    0,  712,  122,  438,  558,  352,  609,  189,  537,  437,  498,  726,  775,  268,  589,  125,  260,  329,  476,  922,  419,  617,  474,  628,  135,  496,  219,  216,  585,  216,  527,   67,  357,  716,  437,  550,  306,  857,  161,  624,  480,  264,  431,  255,  258,  826,  666,  547,  949,  422,  897,  149,  157,  266,  142,  825,  428,  377,  604,  845,  328,  156,  461,  683,  326,  619,  654,  606,  396,  178,  683,  960,  511,  799,  619,  570,  854,  534,  629,  369,  852,   63,  515,  736,  567,  438,  394,  190,  653,  566,  678,  160,  252,  120,  400,  277,  252,  623,  685,  158,  209,  651,  329],
