{
    "name": "random-7-27330",
    "comment": "size=7 seed=27330",
    "nodes": ["+0", "-0", "+1", "-1", "+2", "-2", "+3", "-3", "+4", "-4", "+5", "-5", "+6", "-6", "+7", "-7"],
    "precedence": {
        "+0": "-0",
        "+1": "-1",
        "+2": "-2",
        "+3": "-3",
        "+4": "-4",
        "+5": "-5",
        "+6": "-6",
        "+7": "-7"
    },
    "edges": [
        [    0,    0,  788,  209,  569,  888, 1020,  845,  360,  699,  628,  550,  980,  790,  797,  283],
        [    0,    0,  788,  209,  569,  888, 1020,  845,  360,  699,  628,  550,  980,  790,  797,  283],
        [  788,  788,    0,  953,  597,  448,  411,  167,  591,  554,  243,  830,  346,  201,   49,  539],
        [  209,  209,  953,    0,  601, 1093, 1218,  984,  569,  908,  762,  736, 1174,  980,  954,  417],
        [  569,  569,  597,  601,    0,  961,  991,  530,  693,  918,  356,  984,  929,  740,  569,  339],
        [  888,  888,  448, 1093,  961,    0,  194,  612,  548,  260,  629,  624,  207,  248,  497,  753],
        [ 1020, 1020,  411, 1218,  991,  194,    0,  552,  704,  450,  638,  813,   66,  257,  454,  842],
        [  845,  845,  167,  984,  530,  612,  552,    0,  709,  716,  223,  970,  488,  367,  118,  571],
        [  360,  360,  591,  569,  693,  548,  704,  709,    0,  340,  545,  295,  675,  512,  619,  364],
        [  699,  699,  554,  908,  918,  260,  450,  716,  340,    0,  647,  365,  449,  378,  600,  638],
        [  628,  628,  243,  762,  356,  629,  638,  223,  545,  647,    0,  829,  575,  393,  219,  351],
        [  550,  550,  830,  736,  984,  624,  813,  970,  295,  365,  829,    0,  807,  699,  867,  648],
        [  980,  980,  346, 1174,  929,  207,   66,  488,  675,  449,  575,  807,    0,  201,  389,  791],
        [  790,  790,  201,  980,  740,  248,  257,  367,  512,  378,  393,  699,  201,    0,  250,  591],
        [  797,  797,   49,  954,  569,  497,  454,  118,  619,  600,  219,  867,  389,  250,    0,  538],
        [  283,  283,  539,  417,  339,  753,  842,  571,  364,  638,  351,  648,  791,  591,  538,    0]
    ]
}
