{
    "name": "random-34-31806",
    "comment": "size=34 seed=31806",
    "nodes": ["+0", "-0", "+1", "-1", "+2", "-2", "+3", "-3", "+4", "-4", "+5", "-5", "+6", "-6", "+7", "-7", "+8", "-8", "+9", "-9", "+10", "-10", "+11", "-11", "+12", "-12", "+13", "-13", "+14", "-14", "+15", "-15", "+16", "-16", "+17", "-17", "+18", "-18", "+19", "-19", "+20", "-20", "+21", "-21", "+22", "-22", "+23", "-23", "+24", "-24", "+25", "-25", "+26", "-26", "+27", "-27", "+28", "-28", "+29", "-29", "+30", "-30", "+31", "-31", "+32", "-32", "+33", "-33", "+34", "-34"],
    "precedence": {
        "+0": "-0",
        "+1": "-1",
        "+2": "-2",
        "+3": "-3",
        "+4": "-4",
        "+5": "-5",
        "+6": "-6",
        "+7": "-7",
        "+8": "-8",
        "+9": "-9",
        "+10": "-10",
        "+11": "-11",
        "+12": "-12",
        "+13": "-13",
        "+14": "-14",
        "+15": "-15",
        "+16": "-16",
        "+17": "-17",
        "+18": "-18",
        "+19": "-19",
        "+20": "-20",
        "+21": "-21",
        "+22": "-22",
        "+23": "-23",
        "+24": "-24",
        "+25": "-25",
        "+26": "-26",
        "+27": "-27",
        "+28": "-28",
        "+29": "-29",
        "+30": "-30",
        "+31": "-31",
        "+32": "-32",
        "+33": "-33",
        "+34": "-34"
    },
    "edges": [
        [    0,    0,  361,  111,  158,  367,  746,  215,  487,  132,  509,  708,  666,  485,  382,  186,  650,  518,  442,  217,  761,  413,  337,  347,  500,  530,  435,  408,  243,  454,  443,  340,  402,  193,  515,  441,  224,  541,  704,  430,  403,  470,  356,  256,  230,  239,  580,  102,  381,  608,  222,  247,  541,  705,  277,  442,  475,  797,  804,  164,  499,  652,  460,  466,  205,  377,  351,  506,  343,  496],
        [    0,    0,  361,  111,  158,  367,  746,  215,  487,  132,  509,  708,  666,  485,  382,  186,  650,  518,  442,  217,  761,  413,  337,  347,  500,  530,  435,  408,  243,  454,  443,  340,  402,  193,  515,  441,  224,  541,  704,  430,  403,  470,  356,  256,  230,  239,  580,  102,  381,  608,  222,  247,  541,  705,  277,  442,  475,  797,  804,  164,  499,  652,  460,  466,  205,  377,  351,  506,  343,  496],
        [  361,  361,    0,  452,  349,   31,  869,  472,  566,  379,  328,  768,  629,  284,  119,  547,  356,  857,  624,  300,  839,  479,  669,  465,  782,  510,  403,  767,  411,  186,  803,  295,   70,  286,  507,  561,  534,  726,  508,  139,  749,  726,  675,  577,  545,  507,  763,  381,  378,  487,  205,  594,  280,  617,  448,   82,  129,  889,  484,  486,  169,  427,  668,  108,  522,  737,  690,  702,  698,  392],
        [  111,  111,  452,    0,  155,  453,  671,  138,  441,  111,  541,  653,  642,  526,  452,  116,  706,  411,  364,  324,  698,  504,  228,  434,  392,  511,  539,  319,  331,  515,  358,  449,  500,  301,  495,  385,  246,  456,  727,  500,  299,  369,  246,  262,  122,  288,  494,   86,  378,  615,  332,  143,  593,  695,  359,  530,  573,  729,  866,   58,  573,  687,  373,  559,   98,  298,  244,  419,  246,  507],
        [  158,  158,  349,  155,    0,  341,  606,  123,  333,   46,  386,  555,  509,  373,  319,  271,  557,  518,  313,  339,  612,  553,  330,  494,  434,  374,  555,  461,  392,  373,  503,  446,  409,  311,  359,  292,  373,  417,  572,  365,  418,  384,  330,  399,  204,  395,  456,   72,  230,  463,  301,  274,  444,  552,  429,  419,  478,  651,  719,  159,  441,  532,  344,  455,  186,  447,  356,  385,  383,  354],
        [  367,  367,   31,  453,  341,    0,  846,  463,  542,  374,  298,  743,  600,  253,   88,  551,  330,  854,  607,  322,  813,  507,  666,  491,  771,  482,  433,  770,  433,  156,  807,  324,   96,  306,  480,  540,  549,  708,  478,  109,  747,  713,  670,  591,  540,  524,  745,  379,  353,  456,  226,  594,  251,  587,  471,   78,  145,  864,  463,  484,  147,  397,  652,  115,  519,  742,  688,  685,  699,  363],
        [  746,  746,  869,  671,  606,  846,    0,  536,  304,  617,  638,  157,  363,  672,  773,  735,  830,  636,  307,  944,  107, 1156,  587, 1093,  421,  397, 1159,  752,  988,  762,  788, 1047,  939,  916,  390,  319,  910,  224,  657,  793,  645,  367,  545,  915,  575,  958,  194,  644,  494,  526,  900,  647,  751,  454, 1022,  903,  987,   83,  964,  618,  854,  703,  307,  950,  591,  785,  613,  262,  693,  536],
        [  215,  215,  472,  138,  123,  463,  536,    0,  308,  101,  470,  516,  517,  466,  436,  230,  657,  404,  230,  427,  561,  626,  220,  560,  313,  393,  646,  373,  455,  483,  416,  544,  532,  400,  375,  249,  382,  327,  639,  480,  312,  267,  213,  397,  101,  424,  366,  118,  280,  514,  408,  188,  544,  578,  487,  540,  600,  592,  821,   95,  557,  613,  246,  577,   93,  370,  249,  291,  292,  415],
        [  487,  487,  566,  441,  333,  542,  304,  308,    0,  357,  359,  223,  225,  386,  470,  536,  565,  594,  164,  664,  285,  884,  460,  827,  400,  143,  873,  637,  725,  467,  680,  758,  636,  636,  127,   68,  685,  215,  443,  493,  546,  319,  429,  703,  387,  720,  240,  388,  191,  299,  609,  476,  470,  306,  762,  601,  684,  330,  715,  402,  559,  459,  216,  647,  391,  650,  492,  215,  561,  260],
        [  132,  132,  379,  111,   46,  374,  617,  101,  357,    0,  431,  577,  544,  418,  358,  226,  602,  481,  316,  332,  630,  540,  292,  477,  412,  410,  551,  417,  373,  416,  458,  446,  436,  305,  394,  310,  336,  418,  617,  405,  378,  368,  296,  360,  167,  364,  457,   32,  271,  506,  307,  230,  488,  591,  408,  452,  506,  666,  763,  116,  481,  577,  340,  486,  146,  402,  316,  384,  339,  397],
        [  509,  509,  328,  541,  386,  298,  638,  470,  359,  431,    0,  505,  326,   46,  210,  657,  208,  863,  490,  573,  578,  783,  687,  752,  712,  242,  724,  839,  673,  153,  882,  610,  387,  549,  249,  393,  730,  569,  200,  199,  780,  637,  673,  764,  570,  730,  597,  456,  206,  162,  483,  652,  114,  295,  714,  317,  405,  634,  366,  540,  234,  146,  545,  362,  558,  830,  717,  560,  759,  103],
        [  708,  708,  768,  653,  555,  743,  157,  516,  223,  577,  505,    0,  209,  543,  663,  737,  688,  713,  310,  887,   74, 1107,  623, 1049,  496,  267, 1094,  799,  947,  641,  839,  979,  838,  859,  266,  269,  898,  274,  503,  676,  697,  426,  585,  911,  579,  936,  265,  607,  394,  379,  830,  662,  616,  298,  984,  792,  878,  130,  815,  608,  731,  555,  336,  838,  589,  823,  653,  303,  730,  405],
        [  666,  666,  629,  642,  509,  600,  363,  517,  225,  544,  326,  209,    0,  369,  514,  746,  489,  815,  383,  807,  278, 1029,  684,  982,  613,  137,  995,  861,  887,  474,  904,  878,  695,  780,  151,  293,  879,  403,  295,  516,  771,  534,  653,  902,  605,  904,  412,  575,  292,  178,  734,  695,  431,   96,  926,  636,  724,  333,  608,  611,  559,  351,  430,  681,  607,  873,  717,  417,  784,  239],
        [  485,  485,  284,  526,  373,  253,  672,  466,  386,  418,   46,  543,  369,    0,  167,  641,  196,  864,  507,  536,  616,  744,  685,  715,  723,  277,  682,  831,  639,  108,  874,  569,  342,  514,  282,  413,  704,  591,  234,  153,  777,  649,  673,  740,  564,  701,  621,  440,  217,  207,  445,  643,   87,  340,  679,  272,  359,  671,  358,  530,  191,  169,  561,  317,  551,  819,  714,  580,  752,  138],
        [  382,  382,  119,  452,  319,   88,  773,  436,  470,  358,  210,  663,  514,  167,    0,  559,  274,  837,  551,  384,  734,  582,  649,  559,  733,  399,  516,  770,  491,   81,  810,  404,  182,  364,  398,  475,  584,  649,  396,   49,  736,  669,  647,  624,  523,  569,  684,  370,  280,  368,  289,  587,  178,  500,  531,  131,  216,  787,  424,  473,  123,  319,  599,  178,  504,  748,  674,  628,  695,  276],
        [  186,  186,  547,  116,  271,  551,  735,  230,  536,  226,  657,  737,  746,  641,  559,    0,  818,  353,  433,  361,  775,  500,  199,  424,  397,  619,  559,  223,  330,  626,  257,  487,  587,  345,  602,  474,  184,  513,  842,  608,  237,  397,  233,  182,  160,  246,  547,  202,  492,  728,  396,  103,  707,  804,  347,  627,  660,  800,  977,  135,  679,  803,  429,  652,  148,  191,  199,  475,  165,  622],
        [  650,  650,  356,  706,  557,  330,  830,  657,  565,  602,  208,  688,  489,  196,  274,  818,    0, 1058,  698,  650,  761,  832,  877,  820,  917,  438,  748, 1018,  761,  197, 1059,  647,  384,  633,  448,  600,  858,  776,  229,  229,  968,  843,  867,  897,  754,  843,  803,  620,  411,  311,  555,  830,  115,  426,  799,  298,  362,  817,  164,  716,  190,  145,  752,  324,  739, 1002,  905,  768,  939,  305],
        [  518,  518,  857,  411,  518,  854,  636,  404,  594,  481,  863,  713,  815,  864,  837,  353, 1058,    0,  433,  713,  718,  842,  189,  766,  218,  726,  910,  181,  679,  886,  194,  839,  909,  695,  707,  528,  506,  439, 1011,  882,  117,  288,  192,  482,  315,  576,  453,  476,  661,  873,  739,  271,  945,  899,  690,  932,  981,  717, 1221,  372,  959, 1000,  388,  965,  336,  235,  168,  412,  192,  792],
        [  442,  442,  624,  364,  313,  607,  307,  230,  164,  316,  490,  310,  383,  507,  551,  433,  698,  433,    0,  647,  343,  854,  316,  788,  237,  303,  865,  494,  684,  568,  535,  758,  692,  620,  285,  104,  604,  105,  601,  584,  396,  157,  280,  612,  274,  651,  144,  341,  291,  457,  613,  354,  593,  468,  716,  676,  751,  368,  855,  312,  657,  608,   56,  720,  287,  514,  347,   79,  422,  400],
        [  217,  217,  300,  324,  339,  322,  944,  427,  664,  332,  573,  887,  807,  536,  384,  361,  650,  713,  647,    0,  947,  222,  543,  180,  715,  672,  220,  575,  112,  464,  601,  128,  301,   29,  661,  629,  268,  750,  770,  423,  596,  687,  566,  312,  445,  221,  788,  309,  517,  709,   96,  448,  562,  826,  149,  374,  365,  988,  783,  380,  468,  700,  671,  376,  420,  532,  552,  715,  525,  598],
        [  761,  761,  839,  698,  612,  813,  107,  561,  285,  630,  578,   74,  278,  616,  734,  775,  761,  718,  343,  947,    0, 1164,  646, 1105,  501,  341, 1157,  819, 1002,  714,  857, 1042,  908,  919,  338,  321,  942,  285,  572,  749,  714,  437,  607,  953,  616,  985,  266,  659,  463,  451,  893,  695,  690,  363, 1038,  864,  950,   57,  885,  650,  805,  626,  358,  911,  628,  847,  675,  319,  754,  479],
        [  413,  413,  479,  504,  553,  507, 1156,  626,  884,  540,  783, 1107, 1029,  744,  582,  500,  832,  842,  854,  222, 1164,    0,  697,   76,  888,  893,  121,  677,  174,  659,  692,  187,  453,  250,  883,  845,  337,  953,  977,  615,  728,  873,  728,  369,  623,  267,  991,  513,  739,  926,  302,  600,  757, 1046,  153,  538,  497, 1204,  946,  562,  643,  901,  871,  523,  600,  626,  697,  917,  650,  816],
        [  337,  337,  669,  228,  330,  666,  587,  220,  460,  292,  687,  623,  684,  685,  649,  199,  877,  189,  316,  543,  646,  697,    0,  622,  204,  577,  751,  179,  526,  701,  221,  670,  721,  522,  559,  393,  378,  365,  848,  695,   94,  224,   42,  367,  126,  443,  393,  288,  490,  715,  559,   98,  763,  760,  545,  743,  793,  660, 1040,  184,  771,  828,  289,  776,  147,  201,   33,  329,  108,  625],
        [  347,  347,  465,  434,  494,  491, 1093,  560,  827,  477,  752, 1049,  982,  715,  559,  424,  820,  766,  788,  180, 1105,   76,  622,    0,  815,  846,  173,  602,  105,  638,  617,  192,  450,  205,  834,  785,  262,  886,  949,  596,  653,  801,  654,  294,  551,  192,  924,  449,  691,  888,  271,  525,  736, 1004,   78,  532,  503, 1143,  943,  492,  633,  877,  804,  524,  528,  551,  622,  850,  574,  777],
        [  500,  500,  782,  392,  434,  771,  421,  313,  400,  412,  712,  496,  613,  723,  733,  397,  917,  218,  237,  715,  501,  888,  204,  815,    0,  539,  931,  341,  715,  767,  373,  839,  843,  692,  522,  340,  579,  223,  836,  773,  233,   81,  165,  570,  270,  642,  236,  422,  507,  693,  713,  294,  808,  702,  738,  846,  910,  502, 1078,  336,  850,  838,  185,  886,  295,  381,  218,  199,  296,  628],
        [  530,  530,  510,  511,  374,  482,  397,  393,  143,  410,  242,  267,  137,  277,  399,  619,  438,  726,  303,  672,  341,  893,  577,  846,  539,    0,  863,  751,  750,  374,  794,  746,  578,  644,   19,  200,  745,  356,  301,  410,  668,  459,  551,  769,  486,  768,  377,  441,  155,  157,  600,  576,  355,  186,  789,  527,  614,  395,  581,  485,  464,  322,  357,  574,  484,  757,  610,  357,  672,  140],
        [  435,  435,  403,  539,  555,  433, 1159,  646,  873,  551,  724, 1094,  995,  682,  516,  559,  748,  910,  865,  220, 1157,  121,  751,  173,  931,  863,    0,  756,  233,  589,  775,  118,  364,  246,  855,  842,  419,  968,  911,  542,  794,  905,  777,  456,  661,  352, 1007,  528,  711,  876,  265,  653,  683, 1001,  232,  450,  398, 1200,  850,  596,  559,  830,  890,  429,  636,  707,  756,  934,  719,  770],
        [  408,  408,  767,  319,  461,  770,  752,  373,  637,  417,  839,  799,  861,  831,  770,  223, 1018,  181,  494,  575,  819,  677,  179,  602,  341,  751,  756,    0,  523,  831,   44,  698,  809,  561,  733,  570,  341,  535, 1011,  818,  109,  386,  215,  310,  272,  411,  559,  401,  652,  883,  618,  189,  904,  935,  529,  846,  882,  829, 1179,  303,  892,  984,  464,  873,  282,   55,  148,  501,   81,  787],
        [  243,  243,  411,  331,  392,  433,  988,  455,  725,  373,  673,  947,  887,  639,  491,  330,  761,  679,  684,  112, 1002,  174,  526,  105,  715,  750,  233,  523,    0,  571,  543,  193,  411,  128,  738,  682,  189,  782,  872,  532,  564,  699,  556,  229,  449,  127,  820,  345,  596,  802,  207,  429,  669,  913,   41,  486,  474, 1039,  894,  388,  579,  804,  699,  487,  426,  475,  528,  746,  487,  689],
        [  454,  454,  186,  515,  373,  156,  762,  483,  467,  416,  153,  641,  474,  108,   81,  626,  197,  886,  568,  464,  714,  659,  701,  638,  767,  374,  589,  831,  571,    0,  872,  479,  238,  444,  377,  483,  661,  661,  323,   48,  790,  698,  695,  700,  576,  648,  693,  431,  282,  315,  369,  646,   99,  447,  611,  165,  252,  768,  352,  531,   93,  242,  620,  209,  558,  812,  727,  644,  755,  239],
        [  443,  443,  803,  358,  503,  807,  788,  416,  680,  458,  882,  839,  904,  874,  810,  257, 1059,  194,  535,  601,  857,  692,  221,  617,  373,  794,  775,   44,  543,  872,    0,  723,  844,  590,  776,  613,  357,  573, 1054,  858,  144,  422,  256,  324,  316,  427,  596,  441,  696,  927,  649,  231,  946,  978,  546,  883,  917,  866, 1221,  344,  931, 1027,  503,  909,  325,   70,  189,  539,  125,  831],
        [  340,  340,  295,  449,  446,  324, 1047,  544,  758,  446,  610,  979,  878,  569,  404,  487,  647,  839,  758,  128, 1042,  187,  670,  192,  839,  746,  118,  698,  193,  479,  723,    0,  267,  149,  738,  729,  378,  862,  799,  433,  723,  808,  693,  420,  570,  319,  901,  426,  594,  760,  149,  575,  575,  885,  213,  352,  313, 1086,  760,  504,  458,  721,  786,  338,  545,  653,  679,  829,  651,  653],
        [  402,  402,   70,  500,  409,   96,  939,  532,  636,  436,  387,  838,  695,  342,  182,  587,  384,  909,  692,  301,  908,  453,  721,  450,  843,  578,  364,  809,  411,  238,  844,  267,    0,  293,  575,  630,  554,  795,  558,  190,  798,  789,  730,  597,  599,  518,  832,  435,  447,  547,  213,  642,  325,  679,  445,   86,   74,  959,  494,  538,  195,  473,  734,   76,  576,  776,  741,  770,  743,  457],
        [  193,  193,  286,  301,  311,  306,  916,  400,  636,  305,  549,  859,  780,  514,  364,  345,  633,  695,  620,   29,  919,  250,  522,  205,  692,  644,  246,  561,  128,  444,  590,  149,  293,    0,  633,  601,  266,  722,  747,  405,  579,  662,  545,  310,  422,  225,  761,  283,  489,  684,   82,  428,  542,  800,  168,  363,  360,  960,  768,  356,  453,  678,  644,  368,  397,  520,  532,  688,  509,  572],
        [  515,  515,  507,  495,  359,  480,  390,  375,  127,  394,  249,  266,  151,  282,  398,  602,  448,  707,  285,  661,  338,  883,  559,  834,  522,   19,  855,  733,  738,  377,  776,  738,  575,  633,    0,  183,  730,  341,  317,  411,  649,  442,  532,  753,  468,  754,  363,  426,  145,  173,  591,  558,  362,  204,  777,  527,  614,  392,  594,  468,  468,  335,  339,  574,  467,  739,  591,  341,  653,  147],
        [  441,  441,  561,  385,  292,  540,  319,  249,   68,  310,  393,  269,  293,  413,  475,  474,  600,  528,  104,  629,  321,  845,  393,  785,  340,  200,  842,  570,  682,  483,  613,  729,  630,  601,  183,    0,  630,  179,  498,  504,  479,  260,  361,  645,  322,  668,  211,  340,  201,  354,  581,  411,  499,  372,  717,  604,  684,  359,  756,  342,  574,  505,  159,  649,  329,  584,  425,  168,  494,  299],
        [  224,  224,  534,  246,  373,  549,  910,  382,  685,  336,  730,  898,  879,  704,  584,  184,  858,  506,  604,  268,  942,  337,  378,  262,  579,  745,  419,  341,  189,  661,  357,  378,  554,  266,  730,  630,    0,  690,  926,  631,  396,  580,  414,   44,  337,   71,  726,  305,  601,  831,  342,  285,  754,  925,  189,  615,  624,  971, 1006,  293,  692,  872,  606,  627,  319,  290,  372,  652,  316,  719],
        [  541,  541,  726,  456,  417,  708,  224,  327,  215,  418,  569,  274,  403,  591,  649,  513,  776,  439,  105,  750,  285,  953,  365,  886,  223,  356,  968,  535,  782,  661,  573,  862,  795,  722,  341,  179,  690,    0,  656,  680,  430,  154,  324,  694,  354,  741,   39,  442,  379,  512,  718,  423,  677,  496,  813,  776,  853,  296,  929,  401,  751,  674,   85,  820,  371,  564,  392,   39,  472,  473],
        [  704,  704,  508,  727,  572,  478,  657,  639,  443,  617,  200,  503,  295,  234,  396,  842,  229, 1011,  601,  770,  572,  977,  848,  949,  836,  301,  911, 1011,  872,  323, 1054,  799,  558,  747,  317,  498,  926,  656,    0,  370,  941,  757,  827,  960,  739,  929,  674,  643,  359,  145,  679,  826,  234,  214,  912,  477,  557,  627,  318,  719,  373,   90,  655,  515,  731, 1007,  879,  658,  930,  224],
        [  430,  430,  139,  500,  365,  109,  793,  480,  493,  405,  199,  676,  516,  153,   49,  608,  229,  882,  584,  423,  749,  615,  695,  596,  773,  410,  542,  818,  532,   48,  858,  433,  190,  405,  411,  504,  631,  680,  370,    0,  782,  708,  692,  671,  569,  614,  714,  418,  305,  360,  328,  634,  142,  493,  572,  120,  208,  802,  376,  520,   77,  289,  634,  166,  550,  796,  720,  661,  743,  278],
        [  403,  403,  749,  299,  418,  747,  645,  312,  546,  378,  780,  697,  771,  777,  736,  237,  968,  117,  396,  596,  714,  728,   94,  653,  233,  668,  794,  109,  564,  790,  144,  723,  798,  579,  649,  479,  396,  430,  941,  782,    0,  279,  118,  375,  215,  465,  453,  369,  584,  807,  624,  157,  854,  849,  576,  825,  871,  723, 1131,  264,  858,  921,  362,  856,  233,  150,   64,  396,   80,  718],
        [  470,  470,  726,  369,  384,  713,  367,  267,  319,  368,  637,  426,  534,  649,  669,  397,  843,  288,  157,  687,  437,  873,  224,  801,   81,  459,  905,  386,  699,  698,  422,  808,  789,  662,  442,  260,  580,  154,  757,  708,  279,    0,  182,  577,  251,  638,  174,  383,  433,  614,  674,  298,  735,  622,  725,  787,  855,  444, 1003,  311,  783,  760,  105,  828,  273,  419,  247,  124,  328,  551],
        [  356,  356,  675,  246,  330,  670,  545,  213,  429,  296,  673,  585,  653,  673,  647,  233,  867,  192,  280,  566,  607,  728,   42,  654,  165,  551,  777,  215,  556,  695,  256,  693,  730,  545,  532,  361,  414,  324,  827,  692,  118,  182,    0,  405,  131,  478,  352,  296,  473,  692,  576,  130,  753,  731,  576,  747,  801,  620, 1030,  195,  769,  811,  250,  782,  155,  241,   69,  289,  149,  606],
        [  256,  256,  577,  262,  399,  591,  915,  397,  703,  360,  764,  911,  902,  740,  624,  182,  897,  482,  612,  312,  953,  369,  367,  294,  570,  769,  456,  310,  229,  700,  324,  420,  597,  310,  753,  645,   44,  694,  960,  671,  375,  577,  405,    0,  341,  105,  729,  329,  629,  861,  385,  279,  791,  950,  225,  658,  667,  979, 1046,  304,  733,  907,  610,  671,  326,  258,  357,  656,  295,  749],
        [  230,  230,  545,  122,  204,  540,  575,  101,  387,  167,  570,  579,  605,  564,  523,  160,  754,  315,  274,  445,  616,  623,  126,  551,  270,  486,  661,  272,  449,  576,  316,  570,  599,  422,  468,  322,  337,  354,  739,  569,  215,  251,  131,  341,    0,  391,  389,  165,  380,  612,  448,   91,  640,  671,  475,  618,  670,  640,  917,   67,  645,  713,  270,  652,   26,  272,  152,  316,  192,  515],
        [  239,  239,  507,  288,  395,  524,  958,  424,  720,  364,  730,  936,  904,  701,  569,  246,  843,  576,  651,  221,  985,  267,  443,  192,  642,  768,  352,  411,  127,  648,  427,  319,  518,  225,  754,  668,   71,  741,  929,  614,  465,  638,  478,  105,  391,    0,  778,  333,  619,  842,  306,  348,  743,  943,  121,  585,  585, 1016,  986,  340,  670,  869,  657,  593,  371,  360,  439,  703,  386,  729],
        [  580,  580,  763,  494,  456,  745,  194,  366,  240,  457,  597,  265,  412,  621,  684,  547,  803,  453,  144,  788,  266,  991,  393,  924,  236,  377, 1007,  559,  820,  693,  596,  901,  832,  761,  363,  211,  726,   39,  674,  714,  453,  174,  352,  729,  389,  778,    0,  481,  412,  531,  757,  456,  706,  506,  851,  811,  889,  271,  954,  438,  784,  697,  122,  856,  407,  591,  419,   75,  499,  499],
        [  102,  102,  381,   86,   72,  379,  644,  118,  388,   32,  456,  607,  575,  440,  370,  202,  620,  476,  341,  309,  659,  513,  288,  449,  422,  441,  528,  401,  345,  431,  441,  426,  435,  283,  426,  340,  305,  442,  643,  418,  369,  383,  296,  329,  165,  333,  481,    0,  301,  535,  292,  217,  507,  622,  379,  457,  506,  695,  781,  106,  492,  602,  362,  489,  142,  382,  310,  407,  325,  425],
        [  381,  381,  378,  378,  230,  353,  494,  280,  191,  271,  206,  394,  292,  217,  280,  492,  411,  661,  291,  517,  463,  739,  490,  691,  507,  155,  711,  652,  596,  282,  696,  594,  447,  489,  145,  201,  601,  379,  359,  305,  584,  433,  473,  629,  380,  619,  412,  301,    0,  237,  447,  467,  303,  324,  635,  411,  494,  512,  571,  363,  373,  339,  344,  457,  372,  649,  522,  365,  571,  136],
        [  608,  608,  487,  615,  463,  456,  526,  514,  299,  506,  162,  379,  178,  207,  368,  728,  311,  873,  457,  709,  451,  926,  715,  888,  693,  157,  876,  883,  802,  315,  927,  760,  547,  684,  173,  354,  831,  512,  145,  360,  807,  614,  692,  861,  612,  842,  531,  535,  237,    0,  625,  701,  257,  133,  842,  479,  566,  507,  438,  599,  392,  177,  512,  523,  606,  883,  747,  514,  803,  114],
        [  222,  222,  205,  332,  301,  226,  900,  408,  609,  307,  483,  830,  734,  445,  289,  396,  555,  739,  613,   96,  893,  302,  559,  271,  713,  600,  265,  618,  207,  369,  649,  149,  213,   82,  591,  581,  342,  718,  679,  328,  624,  674,  576,  385,  448,  306,  757,  292,  447,  625,    0,  469,  467,  746,  245,  281,  283,  937,  688,  382,  372,  606,  644,  288,  423,  580,  572,  686,  559,  515],
        [  247,  247,  594,  143,  274,  594,  647,  188,  476,  230,  652,  662,  695,  643,  587,  103,  830,  271,  354,  448,  695,  600,   98,  525,  294,  576,  653,  189,  429,  646,  231,  575,  642,  428,  558,  411,  285,  423,  826,  634,  157,  298,  130,  279,   91,  348,  456,  217,  467,  701,  469,    0,  716,  762,  448,  671,  715,  716,  992,  115,  709,  796,  341,  701,   96,  183,  105,  385,  110,  602],
        [  541,  541,  280,  593,  444,  251,  751,  544,  470,  488,  114,  616,  431,   87,  178,  707,  115,  945,  593,  562,  690,  757,  763,  736,  808,  355,  683,  904,  669,   99,  946,  575,  325,  542,  362,  499,  754,  677,  234,  142,  854,  735,  753,  791,  640,  743,  706,  507,  303,  257,  467,  716,    0,  387,  709,  244,  325,  746,  278,  602,  142,  148,  647,  282,  625,  889,  791,  666,  825,  216],
        [  705,  705,  617,  695,  552,  587,  454,  578,  306,  591,  295,  298,   96,  340,  500,  804,  426,  899,  468,  826,  363, 1046,  760, 1004,  702,  186, 1001,  935,  913,  447,  978,  885,  679,  800,  204,  372,  925,  496,  214,  493,  849,  622,  731,  950,  671,  943,  506,  622,  324,  133,  746,  762,  387,    0,  954,  612,  699,  418,  531,  670,  524,  282,  518,  656,  670,  942,  792,  508,  856,  232],
        [  277,  277,  448,  359,  429,  471, 1022,  487,  762,  408,  714,  984,  926,  679,  531,  347,  799,  690,  716,  149, 1038,  153,  545,   78,  738,  789,  232,  529,   41,  611,  546,  213,  445,  168,  777,  717,  189,  813,  912,  572,  576,  725,  576,  225,  475,  121,  851,  379,  635,  842,  245,  448,  709,  954,    0,  521,  505, 1074,  931,  416,  617,  844,  730,  520,  452,  478,  545,  776,  498,  729],
        [  442,  442,   82,  530,  419,   78,  903,  540,  601,  452,  317,  792,  636,  272,  131,  627,  298,  932,  676,  374,  864,  538,  743,  532,  846,  527,  450,  846,  486,  165,  883,  352,   86,  363,  527,  604,  615,  776,  477,  120,  825,  787,  747,  658,  618,  585,  811,  457,  411,  479,  281,  671,  244,  612,  521,    0,   88,  916,  412,  562,  110,  391,  722,   47,  597,  818,  766,  754,  776,  398],
        [  475,  475,  129,  573,  478,  145,  987,  600,  684,  506,  405,  878,  724,  359,  216,  660,  362,  981,  751,  365,  950,  497,  793,  503,  910,  614,  398,  882,  474,  252,  917,  313,   74,  360,  614,  684,  624,  853,  557,  208,  871,  855,  801,  667,  670,  585,  889,  506,  494,  566,  283,  715,  325,  699,  505,   88,    0, 1002,  453,  610,  184,  470,  796,   44,  647,  849,  813,  829,  816,  486],
        [  797,  797,  889,  729,  651,  864,   83,  592,  330,  666,  634,  130,  333,  671,  787,  800,  817,  717,  368,  988,   57, 1204,  660, 1143,  502,  395, 1200,  829, 1039,  768,  866, 1086,  959,  960,  392,  359,  971,  296,  627,  802,  723,  444,  620,  979,  640, 1016,  271,  695,  512,  507,  937,  716,  746,  418, 1074,  916, 1002,    0,  941,  679,  859,  682,  376,  963,  654,  860,  687,  333,  768,  534],
        [  804,  804,  484,  866,  719,  463,  964,  821,  715,  763,  366,  815,  608,  358,  424,  977,  164, 1221,  855,  783,  885,  946, 1040,  943, 1078,  581,  850, 1179,  894,  352, 1221,  760,  494,  768,  594,  756, 1006,  929,  318,  376, 1131, 1003, 1030, 1046,  917,  986,  954,  781,  571,  438,  688,  992,  278,  531,  931,  412,  453,  941,    0,  878,  317,  262,  910,  423,  902, 1163, 1068,  923, 1101,  458],
        [  164,  164,  486,   58,  159,  484,  618,   95,  402,  116,  540,  608,  611,  530,  473,  135,  716,  372,  312,  380,  650,  562,  184,  492,  336,  485,  596,  303,  388,  531,  344,  504,  538,  356,  468,  342,  293,  401,  719,  520,  264,  311,  195,  304,   67,  340,  438,  106,  363,  599,  382,  115,  602,  670,  416,  562,  610,  679,  878,    0,  596,  685,  317,  594,   42,  291,  204,  364,  224,  496],
        [  499,  499,  169,  573,  441,  147,  854,  557,  559,  481,  234,  731,  559,  191,  123,  679,  190,  959,  657,  468,  805,  643,  771,  633,  850,  464,  559,  892,  579,   93,  931,  458,  195,  453,  468,  574,  692,  751,  373,   77,  858,  783,  769,  733,  645,  670,  784,  492,  373,  392,  372,  709,  142,  524,  617,  110,  184,  859,  317,  596,    0,  286,  708,  142,  626,  869,  796,  734,  817,  327],
        [  652,  652,  427,  687,  532,  397,  703,  613,  459,  577,  146,  555,  351,  169,  319,  803,  145, 1000,  608,  700,  626,  901,  828,  877,  838,  322,  830,  984,  804,  242, 1027,  721,  473,  678,  335,  505,  872,  674,   90,  289,  921,  760,  811,  907,  713,  869,  697,  602,  339,  177,  606,  796,  148,  282,  844,  391,  470,  682,  262,  685,  286,    0,  663,  427,  702,  975,  858,  671,  903,  210],
        [  460,  460,  668,  373,  344,  652,  307,  246,  216,  340,  545,  336,  430,  561,  599,  429,  752,  388,   56,  671,  358,  871,  289,  804,  185,  357,  890,  464,  699,  620,  503,  786,  734,  644,  339,  159,  606,   85,  655,  634,  362,  105,  250,  610,  270,  657,  122,  362,  344,  512,  644,  341,  647,  518,  730,  722,  796,  376,  910,  317,  708,  663,    0,  765,  287,  489,  318,   47,  397,  455],
        [  466,  466,  108,  559,  455,  115,  950,  577,  647,  486,  362,  838,  681,  317,  178,  652,  324,  965,  720,  376,  911,  523,  776,  524,  886,  574,  429,  873,  487,  209,  909,  338,   76,  368,  574,  649,  627,  820,  515,  166,  856,  828,  782,  671,  652,  593,  856,  489,  457,  523,  288,  701,  282,  656,  520,   47,   44,  963,  423,  594,  142,  427,  765,    0,  630,  842,  797,  798,  804,  444],
        [  205,  205,  522,   98,  186,  519,  591,   93,  391,  146,  558,  589,  607,  551,  504,  148,  739,  336,  287,  420,  628,  600,  147,  528,  295,  484,  636,  282,  426,  558,  325,  545,  576,  397,  467,  329,  319,  371,  731,  550,  233,  273,  155,  326,   26,  371,  407,  142,  372,  606,  423,   96,  625,  670,  452,  597,  647,  654,  902,   42,  626,  702,  287,  630,    0,  278,  171,  334,  202,  507],
        [  377,  377,  737,  298,  447,  742,  785,  370,  650,  402,  830,  823,  873,  819,  748,  191, 1002,  235,  514,  532,  847,  626,  201,  551,  381,  757,  707,   55,  475,  812,   70,  653,  776,  520,  739,  584,  290,  564, 1007,  796,  150,  419,  241,  258,  272,  360,  591,  382,  649,  883,  580,  183,  889,  942,  478,  818,  849,  860, 1163,  291,  869,  975,  489,  842,  278,    0,  173,  529,   93,  784],
        [  351,  351,  690,  244,  356,  688,  613,  249,  492,  316,  717,  653,  717,  714,  674,  199,  905,  168,  347,  552,  675,  697,   33,  622,  218,  610,  756,  148,  528,  727,  189,  679,  741,  532,  591,  425,  372,  392,  879,  720,   64,  247,   69,  357,  152,  439,  419,  310,  522,  747,  572,  105,  791,  792,  545,  766,  813,  687, 1068,  204,  796,  858,  318,  797,  171,  173,    0,  357,   82,  656],
        [  506,  506,  702,  419,  385,  685,  262,  291,  215,  384,  560,  303,  417,  580,  628,  475,  768,  412,   79,  715,  319,  917,  329,  850,  199,  357,  934,  501,  746,  644,  539,  829,  770,  688,  341,  168,  652,   39,  658,  661,  396,  124,  289,  656,  316,  703,   75,  407,  365,  514,  686,  385,  666,  508,  776,  754,  829,  333,  923,  364,  734,  671,   47,  798,  334,  529,  357,    0,  436,  466],
        [  343,  343,  698,  246,  383,  699,  693,  292,  561,  339,  759,  730,  784,  752,  695,  165,  939,  192,  422,  525,  754,  650,  108,  574,  296,  672,  719,   81,  487,  755,  125,  651,  743,  509,  653,  494,  316,  472,  930,  743,   80,  328,  149,  295,  192,  386,  499,  325,  571,  803,  559,  110,  825,  856,  498,  776,  816,  768, 1101,  224,  817,  903,  397,  804,  202,   93,   82,  436,    0,  706],
        [  496,  496,  392,  507,  354,  363,  536,  415,  260,  397,  103,  405,  239,  138,  276,  622,  305,  792,  400,  598,  479,  816,  625,  777,  628,  140,  770,  787,  689,  239,  831,  653,  457,  572,  147,  299,  719,  473,  224,  278,  718,  551,  606,  749,  515,  729,  499,  425,  136,  114,  515,  602,  216,  232,  729,  398,  486,  534,  458,  496,  327,  210,  455,  444,  507,  784,  656,  466,  706,    0]
    ]
}
