{
    "name": "random-45-7132",
    "comment": "size=45 seed=7132",
    "nodes": ["+0", "-0", "+1", "-1", "+2", "-2", "+3", "-3", "+4", "-4", "+5", "-5", "+6", "-6", "+7", "-7", "+8", "-8", "+9", "-9", "+10", "-10", "+11", "-11", "+12", "-12", "+13", "-13", "+14", "-14", "+15", "-15", "+16", "-16", "+17", "-17", "+18", "-18", "+19", "-19", "+20", "-20", "+21", "-21", "+22", "-22", "+23", "-23", "+24", "-24", "+25", "-25", "+26", "-26", "+27", "-27", "+28", "-28", "+29", "-29", "+30", "-30", "+31", "-31", "+32", "-32", "+33", "-33", "+34", "-34", "+35", "-35", "+36", "-36", "+37", "-37", "+38", "-38", "+39", "-39", "+40", "-40", "+41", "-41", "+42", "-42", "+43", "-43", "+44", "-44", "+45", "-45"],
    "precedence": {
        "+0": "-0",
        "+1": "-1",
        "+2": "-2",
        "+3": "-3",
        "+4": "-4",
        "+5": "-5",
        "+6": "-6",
        "+7": "-7",
        "+8": "-8",
        "+9": "-9",
        "+10": "-10",
        "+11": "-11",
        "+12": "-12",
        "+13": "-13",
        "+14": "-14",
        "+15": "-15",
        "+16": "-16",
        "+17": "-17",
        "+18": "-18",
        "+19": "-19",
        "+20": "-20",
        "+21": "-21",
        "+22": "-22",
        "+23": "-23",
        "+24": "-24",
        "+25": "-25",
        "+26": "-26",
        "+27": "-27",
        "+28": "-28",
        "+29": "-29",
        "+30": "-30",
        "+31": "-31",
        "+32": "-32",
        "+33": "-33",
        "+34": "-34",
        "+35": "-35",
        "+36": "-36",
        "+37": "-37",
        "+38": "-38",
        "+39": "-39",
        "+40": "-40",
        "+41": "-41",
        "+42": "-42",
        "+43": "-43",
        "+44": "-44",
        "+45": "-45"
    },
    "edges": [
        [    0,    0,  287,  508,  384,  691,  670,  397,  699,  489,  767,  352,  472,  346,  785,  398,  639,  501,  248,  103,  844,  425,  916, 1032,  452,  157,  562,  294,  450,  705,  977,  802,  772,  854,  709,  728,  785,  493,  308,  704,  416,  735,  803,  717,  712,  861,  654,  721,  178,  392,  688,  393,  706,  689,  857,  895,  630,  920,  863,  594,  541,  340,  323,  393,  884,  367,  407,  593,  713,  464,  373,  699,  708,  497,  517,  602,  203,  657,  506,  751,  466,  891,  809,  339,  617,  560,  589,  733,  125,  817,  914,  528],
        [    0,    0,    0,    0,    0,    0,    0,    0,    0,    0,    0,    0,    0,    0,    0,    0,    0,    0,    0,    0,    0,    0,    0,    0,    0,    0,    0,    0,    0,    0,    0,    0,    0,    0,    0,    0,    0,    0,    0,    0,    0,    0,    0,    0,    0,    0,    0,    0,    0,    0,    0,    0,    0,    0,    0,    0,    0,    0,    0,    0,    0,    0,    0,    0,    0,    0,    0,    0,    0,    0,    0,    0,    0,    0,    0,    0,    0,    0,    0,    0,    0,    0,    0,    0,    0,    0,    0,    0,    0,    0,    0,    0],
        [  287,    0,    0,  763,  255,  701,  556,  262,  673,  216,  639,  622,  237,  562,  724,  479,  850,  362,  271,  376,  929,  630, 1056, 1166,  279,  191,  450,  348,  199,  599,  979,  913,  810,  707,  907,  586,  854,  354,  534,  824,  143,  586,  978,  882,  647,  751,  794,  867,  207,  414,  573,  112,  527,  817,  998,  941,  680,  837,  769,  833,  781,  120,  368,  675,  998,  493,  619,  695,  598,  472,  565,  756,  711,  615,  312,  688,  315,  743,  303,  839,  181,  979,  744,  416,  634,  390,  454,  924,  396,  745,  923,  639],
        [  508,    0,  763,    0,  710,  672,  852,  720,  737,  921,  939,  167,  860,  223,  849,  455,  212,  779,  549,  406,  632,  203,  576,  683,  785,  576,  781,  506,  863,  864,  883,  548,  671, 1037,  291,  932,  622,  774,  237,  468,  904,  947,  415,  375,  806,  983,  397,  420,  568,  543,  866,  874,  968,  443,  527,  740,  570,  986,  959,  106,   72,  760,  512,  188,  602,  385,  194,  453,  881,  576,  257,  593,  693,  396,  861,  489,  472,  514,  853,  563,  939,  658,  872,  468,  620,  852,  825,  327,  384,  889,  824,  416],
        [  384,    0,  255,  710,    0,  458,  309,   13,  423,  249,  400,  612,  161,  488,  470,  305,  733,  121,  170,  420,  709,  531,  864,  967,   77,  228,  200,  207,  182,  350,  729,  710,  574,  479,  773,  353,  630,  112,  478,  631,  349,  357,  818,  719,  393,  506,  618,  691,  208,  213,  327,  311,  322,  630,  810,  705,  455,  586,  519,  752,  705,  143,  207,  686,  793,  351,  529,  500,  352,  248,  465,  530,  467,  441,  152,  483,  253,  534,  144,  625,  331,  759,  491,  259,  398,  177,  214,  781,  430,  492,  675,  457],
        [  691,    0,  701,  672,  458,    0,  301,  455,   88,  686,  343,  682,  585,  510,  190,  301,  556,  401,  465,  654,  284,  480,  487,  565,  478,  583,  323,  400,  624,  281,  288,  325,  123,  426,  546,  371,  202,  404,  536,  296,  807,  389,  520,  438,  182,  337,  336,  383,  553,  305,  302,  769,  461,  313,  447,  249,  103,  318,  303,  644,  622,  599,  372,  766,  391,  357,  497,  226,  301,  235,  453,  122,   22,  280,  518,  187,  489,  188,  518,  228,  785,  330,  210,  353,   75,  440,  358,  532,  647,  228,  227,  257],
        [  670,    0,  556,  852,  309,  301,    0,  299,  221,  459,   98,  806,  363,  645,  197,  399,  795,  195,  425,  679,  583,  651,  787,  866,  279,  522,  111,  404,  410,   45,  491,  624,  417,  192,  806,   81,  502,  203,  654,  581,  620,   98,  803,  713,  136,  197,  604,  664,  496,  325,   19,  585,  160,  593,  745,  527,  368,  284,  214,  857,  822,  437,  382,  889,  692,  471,  659,  477,   44,  277,  599,  418,  295,  478,  278,  442,  492,  468,  284,  527,  576,  628,  210,  406,  290,  186,  104,  799,  683,  204,  452,  472],
        [  397,    0,  262,  720,   13,  455,  299,    0,  417,  246,  389,  623,  155,  498,  462,  311,  740,  109,  182,  433,  709,  540,  867,  969,   66,  241,  190,  216,  180,  340,  724,  711,  572,  467,  780,  341,  630,  101,  488,  634,  353,  345,  822,  724,  385,  496,  622,  695,  221,  218,  317,  315,  310,  633,  812,  703,  455,  577,  510,  761,  714,  148,  215,  697,  794,  359,  538,  503,  342,  249,  474,  530,  463,  446,  141,  485,  264,  535,  133,  625,  332,  759,  483,  267,  396,  164,  203,  787,  443,  484,  670,  461],
        [  699,    0,  673,  737,  423,   88,  221,  417,    0,  635,  256,  732,  533,  560,  113,  330,  635,  347,  461,  675,  364,  539,  573,  647,  430,  578,  261,  406,  575,  197,  307,  411,  197,  339,  629,  286,  284,  352,  582,  382,  769,  304,  606,  524,   95,  255,  419,  469,  548,  308,  220,  731,  380,  399,  534,  311,  180,  252,  225,  717,  692,  565,  377,  816,  474,  395,  554,  303,  216,  236,  504,  209,   76,  342,  459,  265,  498,  273,  461,  315,  740,  408,  136,  371,  118,  376,  290,  616,  671,  153,  255,  323],
        [  489,    0,  216,  921,  249,  686,  459,  246,  635,    0,  521,  797,  102,  704,  652,  551,  969,  288,  377,  565,  951,  758, 1112, 1214,  209,  357,  377,  438,   67,  503,  936,  956,  807,  566, 1015,  461,  870,  284,  685,  879,  184,  455, 1065,  966,  580,  637,  866,  939,  357,  461,  473,  162,  376,  878, 1058,  935,  697,  737,  666,  975,  926,  162,  446,  860, 1038,  589,  752,  748,  496,  494,  691,  771,  691,  688,  182,  730,  450,  780,  177,  869,  122, 1001,  667,  499,  633,  274,  359, 1025,  582,  663,  888,  705],
        [  767,    0,  639,  939,  400,  343,   98,  389,  256,  521,    0,  899,  431,  736,  187,  489,  869,  281,  522,  776,  614,  737,  827,  895,  360,  617,  205,  501,  479,   75,  474,  666,  446,   98,  873,   62,  536,  289,  746,  635,  691,   73,  859,  773,  162,  117,  666,  721,  591,  420,   80,  659,  166,  650,  789,  540,  426,  220,  149,  938,  905,  520,  478,  983,  727,  561,  747,  543,   59,  368,  688,  464,  331,  556,  344,  506,  589,  523,  352,  570,  641,  655,  187,  500,  350,  255,  187,  863,  780,  174,  447,  546],
        [  352,    0,  622,  167,  612,  682,  806,  623,  732,  797,  899,    0,  749,  173,  841,  413,  351,  699,  443,  251,  710,  217,  698,  811,  688,  443,  719,  419,  744,  826,  930,  637,  711,  997,  431,  881,  682,  693,  154,  545,  760,  894,  549,  489,  786,  961,  477,  519,  441,  482,  821,  733,  901,  522,  644,  802,  588,  983,  945,  267,  220,  636,  434,   85,  704,  342,  196,  489,  840,  533,  230,  630,  704,  407,  764,  519,  360,  558,  754,  628,  801,  745,  866,  402,  619,  771,  760,  464,  230,  880,  867,  435],
        [  472,    0,  237,  860,  161,  585,  363,  155,  533,  102,  431,  749,    0,  640,  553,  465,  892,  187,  312,  532,  851,  687, 1017, 1117,  108,  323,  276,  363,   49,  407,  835,  860,  706,  485,  933,  372,  770,  182,  625,  785,  261,  369,  977,  878,  480,  547,  775,  848,  315,  372,  377,  230,  298,  786,  964,  834,  599,  644,  572,  907,  859,  134,  366,  818,  941,  510,  684,  655,  401,  398,  620,  671,  589,  601,   87,  635,  392,  684,   80,  771,  214,  901,  569,  418,  533,  178,  261,  941,  547,  565,  787,  615],
        [  346,    0,  562,  223,  488,  510,  645,  498,  560,  704,  736,  173,  640,    0,  669,  247,  296,  558,  329,  252,  561,   81,  586,  703,  563,  372,  565,  283,  644,  661,  763,  497,  544,  833,  364,  722,  523,  553,   42,  401,  704,  736,  461,  380,  616,  792,  338,  395,  358,  326,  659,  672,  751,  380,  529,  642,  417,  811,  775,  273,  223,  545,  290,  257,  572,  175,   62,  325,  677,  368,   58,  462,  531,  237,  638,  351,  256,  395,  630,  473,  732,  600,  694,  248,  446,  630,  609,  388,  232,  709,  700,  267],
        [  785,    0,  724,  849,  470,  190,  197,  462,  113,  652,  187,  841,  553,  669,    0,  434,  745,  372,  540,  770,  436,  651,  653,  715,  459,  652,  280,  494,  598,  157,  295,  497,  271,  250,  735,  235,  363,  379,  690,  482,  804,  252,  704,  626,   78,  149,  525,  569,  623,  398,  187,  768,  341,  500,  620,  354,  290,  143,  114,  829,  804,  609,  466,  926,  550,  502,  666,  414,  172,  328,  615,  305,  172,  454,  471,  375,  588,  377,  475,  404,  765,  474,   26,  468,  230,  380,  293,  721,  768,   40,  262,  436],
        [  398,    0,  479,  455,  305,  301,  399,  311,  330,  551,  489,  413,  465,  247,  434,    0,  434,  338,  210,  354,  460,  256,  577,  687,  368,  318,  327,  133,  485,  415,  582,  435,  375,  587,  470,  478,  393,  335,  260,  345,  611,  492,  515,  416,  374,  548,  319,  393,  290,   97,  413,  574,  515,  339,  520,  498,  233,  576,  534,  472,  431,  412,  112,  498,  520,   73,  262,  216,  431,  122,  200,  303,  320,  139,  438,  214,  201,  271,  432,  367,  614,  509,  459,   66,  228,  409,  372,  476,  347,  471,  519,  161],
        [  639,    0,  850,  212,  733,  556,  795,  740,  635,  969,  869,  351,  892,  296,  745,  434,    0,  771,  596,  541,  447,  221,  365,  471,  800,  660,  748,  532,  906,  796,  719,  357,  522,  963,   81,  875,  455,  768,  332,  296,  992,  892,  203,  173,  719,  889,  231,  227,  643,  531,  805,  958,  933,  271,  319,  565,  456,  871,  858,  120,  142,  817,  527,  395,  399,  382,  235,  332,  815,  538,  285,  454,  576,  320,  872,  371,  536,  375,  866,  395, 1013,  465,  766,  474,  523,  841,  794,  115,  520,  784,  664,  324],
        [  501,    0,  362,  779,  121,  401,  195,  109,  347,  288,  281,  699,  187,  558,  372,  338,  771,    0,  270,  528,  673,  587,  850,  945,   88,  346,   92,  280,  230,  238,  649,  689,  522,  358,  800,  232,  591,    9,  555,  622,  432,  237,  827,  730,  297,  390,  623,  693,  324,  242,  212,  396,  209,  626,  799,  649,  424,  476,  408,  806,  763,  243,  269,  777,  768,  399,  589,  497,  237,  241,  524,  494,  404,  459,  119,  471,  349,  515,  118,  597,  396,  722,  390,  312,  354,   73,   95,  802,  536,  389,  601,  466],
        [  248,    0,  271,  549,  170,  465,  425,  182,  461,  377,  522,  443,  312,  329,  540,  210,  596,  270,    0,  259,  665,  382,  785,  895,  247,  119,  318,   77,  316,  458,  752,  644,  562,  612,  647,  486,  595,  263,  313,  554,  407,  495,  710,  613,  466,  613,  523,  597,   89,  160,  442,  370,  478,  546,  727,  691,  424,  673,  615,  599,  550,  221,  101,  516,  729,  224,  376,  425,  466,  230,  315,  499,  480,  344,  322,  421,   83,  477,  312,  574,  419,  715,  564,  145,  392,  338,  350,  660,  267,  571,  691,  368],
        [  103,    0,  376,  406,  420,  654,  679,  433,  675,  565,  776,  251,  532,  252,  770,  354,  541,  528,  259,    0,  778,  332,  832,  949,  494,  211,  575,  279,  519,  709,  935,  728,  723,  868,  613,  744,  725,  521,  212,  630,  510,  753,  712,  629,  701,  861,  574,  638,  219,  373,  696,  485,  736,  613,  774,  839,  582,  909,  857,  492,  439,  407,  305,  300,  808,  308,  313,  527,  719,  442,  287,  646,  673,  431,  565,  542,  188,  595,  554,  686,  556,  822,  794,  304,  580,  594,  608,  638,   23,  804,  871,  463],
        [  844,    0,  929,  632,  709,  284,  583,  709,  364,  951,  614,  710,  851,  561,  436,  460,  447,  673,  665,  778,    0,  495,  220,  283,  744,  777,  602,  590,  886,  560,  286,   93,  168,  685,  398,  649,   83,  676,  599,  166, 1050,  667,  315,  278,  456,  579,  237,  221,  749,  515,  583, 1012,  743,  190,  199,  126,  254,  517,  535,  563,  565,  843,  565,  782,  116,  478,  518,  252,  580,  463,  507,  181,  289,  348,  792,  247,  658,  190,  791,   94, 1039,   51,  446,  526,  320,  720,  640,  369,  765,  465,  244,  317],
        [  425,    0,  630,  203,  531,  480,  651,  540,  539,  758,  737,  217,  687,   81,  651,  256,  221,  587,  382,  332,  495,    0,  508,  624,  603,  440,  582,  325,  696,  662,  715,  426,  496,  835,  285,  730,  465,  583,  122,  332,  772,  745,  380,  300,  606,  782,  265,  318,  424,  347,  664,  738,  770,  310,  450,  585,  381,  790,  760,  222,  177,  602,  326,  295,  498,  188,   24,  274,  679,  375,   68,  416,  501,  200,  677,  306,  317,  343,  670,  412,  795,  532,  675,  277,  423,  659,  627,  308,  313,  691,  653,  225],
        [  916,    0, 1056,  576,  864,  487,  787,  867,  573, 1112,  827,  698, 1017,  586,  653,  577,  365,  850,  785,  832,  220,  508,    0,  117,  911,  884,  790,  708, 1046,  768,  487,  164,  383,  902,  290,  858,  291,  851,  628,  234, 1188,  876,  168,  210,  667,  798,  265,  196,  858,  655,  789, 1150,  946,  239,   60,  333,  429,  736,  754,  482,  505,  986,  689,  753,  106,  568,  530,  366,  788,  620,  546,  370,  497,  441,  968,  383,  755,  335,  965,  261, 1188,  195,  665,  640,  506,  905,  832,  254,  815,  684,  456,  417],
        [ 1032,    0, 1166,  683,  967,  565,  866,  969,  647, 1214,  895,  811, 1117,  703,  715,  687,  471,  945,  895,  949,  283,  624,  117,    0, 1010,  997,  879,  819, 1148,  842,  506,  258,  450,  964,  393,  932,  364,  946,  744,  342, 1296,  950,  269,  325,  738,  853,  380,  312,  971,  761,  866, 1258, 1025,  350,  175,  370,  521,  781,  807,  586,  612, 1092,  798,  864,  177,  682,  646,  472,  862,  720,  662,  454,  572,  553, 1063,  485,  869,  434, 1061,  348, 1293,  241,  723,  751,  594,  996,  919,  357,  931,  741,  489,  527],
        [  452,    0,  279,  785,   77,  478,  279,   66,  430,  209,  360,  688,  108,  563,  459,  368,  800,   88,  247,  494,  744,  603,  911, 1010,    0,  295,  179,  280,  146,  323,  734,  753,  599,  430,  837,  307,  663,   81,  553,  679,  345,  308,  875,  776,  384,  473,  672,  744,  278,  273,  296,  309,  260,  681,  858,  727,  491,  562,  492,  824,  777,  160,  278,  762,  834,  420,  601,  550,  321,  292,  537,  563,  484,  500,   76,  529,  329,  577,   68,  664,  311,  793,  477,  328,  426,  115,  177,  842,  505,  476,  684,  512],
        [  157,    0,  191,  576,  228,  583,  522,  241,  578,  357,  617,  443,  323,  372,  652,  318,  660,  346,  119,  211,  777,  440,  884,  997,  295,    0,  412,  189,  309,  559,  870,  750,  680,  702,  720,  575,  709,  338,  345,  657,  333,  581,  796,  701,  577,  716,  620,  692,   31,  279,  540,  301,  550,  647,  825,  808,  541,  783,  722,  643,  591,  198,  216,  503,  835,  316,  428,  532,  565,  349,  376,  615,  598,  445,  362,  532,  130,  588,  351,  685,  364,  826,  676,  252,  511,  404,  436,  737,  227,  682,  810,  472],
        [  562,    0,  450,  781,  200,  323,  111,  190,  261,  377,  205,  719,  276,  565,  280,  327,  748,   92,  318,  575,  602,  582,  790,  879,  179,  412,    0,  307,  320,  151,  560,  627,  445,  294,  769,  169,  520,   99,  569,  569,  524,  179,  783,  688,  206,  307,  579,  645,  387,  240,  129,  488,  189,  576,  742,  568,  361,  388,  320,  797,  757,  332,  287,  800,  703,  396,  588,  450,  154,  211,  524,  425,  324,  429,  199,  420,  389,  458,  201,  532,  487,  650,  299,  319,  286,  118,   47,  767,  580,  298,  513,  431],
        [  294,    0,  348,  506,  207,  400,  404,  216,  406,  438,  501,  419,  363,  283,  494,  133,  532,  280,   77,  279,  590,  325,  708,  819,  280,  189,  307,    0,  374,  432,  688,  568,  492,  595,  579,  474,  521,  274,  276,  477,  482,  485,  637,  540,  424,  583,  448,  521,  160,   99,  421,  445,  483,  470,  651,  620,  352,  632,  579,  546,  499,  289,   30,  498,  653,  153,  322,  349,  443,  171,  259,  426,  417,  268,  356,  345,   94,  401,  348,  498,  490,  639,  519,   68,  327,  352,  345,  590,  280,  528,  626,  292],
        [  450,    0,  199,  863,  182,  624,  410,  180,  575,   67,  479,  744,   49,  644,  598,  485,  906,  230,  316,  519,  886,  696, 1046, 1148,  146,  309,  320,  374,    0,  454,  878,  890,  744,  533,  950,  420,  805,  224,  627,  813,  213,  417,  999,  900,  525,  595,  799,  873,  305,  395,  425,  182,  345,  812,  991,  872,  632,  691,  620,  914,  865,  112,  381,  810,  972,  525,  691,  682,  448,  428,  629,  706,  629,  622,  135,  664,  392,  714,  128,  803,  167,  936,  615,  434,  569,  226,  307,  959,  535,  612,  829,  638],
        [  705,    0,  599,  864,  350,  281,   45,  340,  197,  503,   75,  826,  407,  661,  157,  415,  796,  238,  458,  709,  560,  662,  768,  842,  323,  559,  151,  432,  454,    0,  452,  606,  393,  173,  802,   90,  480,  246,  672,  570,  664,  108,  793,  705,  105,  158,  597,  654,  532,  348,   31,  629,  188,  583,  728,  497,  358,  240,  171,  863,  830,  480,  408,  909,  671,  487,  672,  472,   21,  294,  613,  401,  272,  482,  322,  436,  522,  457,  328,  509,  620,  603,  168,  428,  281,  230,  148,  794,  712,  161,  416,  473],
        [  977,    0,  979,  883,  729,  288,  491,  724,  307,  936,  474,  930,  835,  763,  295,  582,  719,  649,  752,  935,  286,  715,  487,  506,  734,  870,  560,  688,  878,  452,    0,  377,  220,  512,  679,  528,  265,  655,  795,  424, 1075,  543,  601,  558,  359,  393,  492,  498,  840,  593,  482, 1038,  635,  449,  479,  161,  354,  297,  345,  829,  822,  871,  659, 1009,  385,  630,  736,  442,  467,  522,  705,  301,  273,  527,  757,  412,  775,  373,  760,  325, 1044,  294,  289,  639,  361,  669,  581,  652,  926,  301,   64,  496],
        [  802,    0,  913,  548,  710,  325,  624,  711,  411,  956,  666,  637,  860,  497,  497,  435,  357,  689,  644,  728,   93,  426,  164,  258,  753,  750,  627,  568,  890,  606,  377,    0,  228,  745,  306,  695,  137,  691,  537,   99, 1041,  714,  226,  186,  505,  644,  162,  131,  723,  505,  627, 1003,  783,  118,  124,  217,  267,  592,  602,  474,  480,  837,  546,  705,   85,  440,  449,  220,  626,  463,  448,  206,  336,  308,  807,  228,  626,  177,  805,   98, 1037,  111,  510,  501,  342,  743,  668,  276,  713,  530,  332,  279],
        [  772,    0,  810,  671,  574,  123,  417,  572,  197,  807,  446,  711,  706,  544,  271,  375,  522,  522,  562,  723,  168,  496,  383,  450,  599,  680,  445,  492,  744,  393,  220,  228,    0,  519,  495,  482,   93,  526,  576,  232,  922,  500,  444,  377,  288,  416,  291,  317,  650,  403,  416,  884,  577,  255,  351,  132,  142,  367,  374,  625,  613,  714,  464,  791,  281,  416,  517,  223,  412,  339,  486,   82,  124,  307,  640,  193,  573,  157,  640,  140,  903,  211,  283,  436,  178,  563,  480,  474,  713,  302,  157,  277],
        [  854,    0,  707, 1037,  479,  426,  192,  467,  339,  566,   98,  997,  485,  833,  250,  587,  963,  358,  612,  868,  685,  835,  902,  964,  430,  702,  294,  595,  533,  173,  512,  745,  519,    0,  964,  127,  611,  367,  844,  721,  744,  123,  945,  862,  248,  119,  756,  808,  677,  517,  176,  714,  191,  737,  868,  600,  515,  225,  167, 1034, 1002,  588,  573, 1080,  800,  659,  845,  635,  157,  466,  785,  546,  411,  652,  400,  597,  682,  611,  409,  650,  687,  723,  242,  597,  442,  318,  267,  953,  873,  224,  496,  641],
        [  709,    0,  907,  291,  773,  546,  806,  780,  629, 1015,  873,  431,  933,  364,  735,  470,   81,  800,  647,  613,  398,  285,  290,  393,  837,  720,  769,  579,  950,  802,  679,  306,  495,  964,    0,  885,  419,  798,  402,  263, 1048,  902,  125,  121,  718,  883,  211,  182,  701,  565,  814, 1013,  951,  241,  248,  521,  450,  855,  848,  194,  221,  867,  570,  475,  336,  426,  302,  331,  822,  562,  345,  435,  564,  342,  906,  368,  593,  359,  901,  360, 1065,  409,  755,  517,  523,  868,  815,   37,  592,  773,  628,  339],
        [  728,    0,  586,  932,  353,  371,   81,  341,  286,  461,   62,  881,  372,  722,  235,  478,  875,  232,  486,  744,  649,  730,  858,  932,  307,  575,  169,  474,  420,   90,  528,  695,  482,  127,  885,    0,  570,  241,  729,  657,  633,   19,  880,  790,  194,  177,  682,  741,  551,  400,   72,  601,  107,  670,  817,  583,  445,  281,  210,  937,  902,  466,  453,  964,  760,  549,  738,  556,   70,  356,  677,  490,  361,  558,  286,  520,  558,  544,  294,  598,  581,  692,  240,  480,  367,  198,  140,  878,  749,  228,  497,  552],
        [  785,    0,  854,  622,  630,  202,  502,  630,  284,  870,  536,  682,  770,  523,  363,  393,  455,  591,  595,  725,   83,  465,  291,  364,  663,  709,  520,  521,  805,  480,  265,  137,   93,  611,  419,  570,    0,  594,  559,  160,  974,  588,  357,  299,  377,  508,  228,  238,  680,  441,  503,  935,  662,  185,  259,  121,  176,  456,  466,  565,  559,  765,  495,  758,  191,  420,  487,  201,  500,  386,  467,  100,  209,  296,  710,  184,  593,  131,  709,   61,  960,  132,  375,  458,  238,  637,  558,  395,  713,  394,  210,  264],
        [  493,    0,  354,  774,  112,  404,  203,  101,  352,  284,  289,  693,  182,  553,  379,  335,  768,    9,  263,  521,  676,  583,  851,  946,   81,  338,   99,  274,  224,  246,  655,  691,  526,  367,  798,  241,  594,    0,  549,  623,  425,  245,  826,  729,  304,  399,  622,  692,  316,  239,  220,  389,  216,  626,  800,  653,  426,  484,  416,  803,  759,  235,  263,  770,  770,  395,  584,  496,  245,  240,  520,  496,  408,  457,  117,  472,  342,  516,  116,  599,  390,  725,  397,  307,  356,   79,  103,  801,  529,  396,  606,  465],
        [  308,    0,  534,  237,  478,  536,  654,  488,  582,  685,  746,  154,  625,   42,  690,  260,  332,  555,  313,  212,  599,  122,  628,  744,  553,  345,  569,  276,  627,  672,  795,  537,  576,  844,  402,  729,  559,  549,    0,  440,  676,  743,  501,  421,  633,  808,  378,  436,  334,  330,  669,  645,  753,  420,  570,  678,  446,  832,  792,  299,  247,  524,  287,  238,  613,  189,  102,  360,  687,  380,   93,  495,  557,  269,  629,  384,  236,  430,  620,  511,  707,  639,  714,  250,  470,  627,  611,  427,  192,  728,  732,  300],
        [  704,    0,  824,  468,  631,  296,  581,  634,  382,  879,  635,  545,  785,  401,  482,  345,  296,  622,  554,  630,  166,  332,  234,  342,  679,  657,  569,  477,  813,  570,  424,   99,  232,  721,  263,  657,  160,  623,  440,    0,  955,  675,  224,  146,  475,  630,   72,   88,  630,  421,  586,  917,  736,   26,  179,  273,  213,  594,  593,  406,  403,  752,  457,  616,  181,  344,  355,  132,  590,  388,  350,  177,  312,  213,  738,  151,  531,  114,  735,  100,  954,  201,  499,  409,  292,  681,  612,  243,  614,  518,  369,  186],
        [  416,    0,  143,  904,  349,  807,  620,  353,  769,  184,  691,  760,  261,  704,  804,  611,  992,  432,  407,  510, 1050,  772, 1188, 1296,  345,  333,  524,  482,  213,  664, 1075, 1041,  922,  744, 1048,  633,  974,  425,  676,  955,    0,  629, 1116, 1020,  728,  807,  929, 1003,  349,  538,  635,   39,  554,  950, 1131, 1053,  798,  902,  831,  975,  923,  209,  499,  808, 1126,  630,  761,  824,  659,  589,  707,  874,  815,  749,  347,  814,  457,  868,  340,  962,   75, 1101,  822,  549,  745,  438,  517, 1064,  531,  820, 1023,  771],
        [  735,    0,  586,  947,  357,  389,   98,  345,  304,  455,   73,  894,  369,  736,  252,  492,  892,  237,  495,  753,  667,  745,  876,  950,  308,  581,  179,  485,  417,  108,  543,  714,  500,  123,  902,   19,  588,  245,  743,  675,  629,    0,  898,  808,  212,  185,  700,  759,  558,  413,   90,  598,   94,  688,  835,  601,  463,  292,  221,  953,  917,  466,  465,  976,  778,  563,  753,  573,   88,  371,  692,  508,  380,  574,  283,  538,  567,  562,  291,  617,  576,  710,  255,  493,  385,  197,  146,  895,  758,  243,  513,  569],
        [  803,    0,  978,  415,  818,  520,  803,  822,  606, 1065,  859,  549,  977,  461,  704,  515,  203,  827,  710,  712,  315,  380,  168,  269,  875,  796,  783,  637,  999,  793,  601,  226,  444,  945,  125,  880,  357,  826,  501,  224, 1116,  898,    0,   99,  699,  852,  205,  140,  774,  605,  809, 1080,  956,  211,  135,  440,  436,  810,  814,  318,  344,  925,  623,  597,  231,  486,  400,  333,  813,  587,  431,  400,  535,  377,  939,  364,  666,  337,  935,  304, 1126,  314,  720,  571,  514,  890,  827,   89,  692,  739,  557,  363],
        [  717,    0,  882,  375,  719,  438,  713,  724,  524,  966,  773,  489,  878,  380,  626,  416,  173,  730,  613,  629,  278,  300,  210,  325,  776,  701,  688,  540,  900,  705,  558,  186,  377,  862,  121,  790,  299,  729,  421,  146, 1020,  808,   99,    0,  615,  774,  110,   61,  679,  506,  719,  983,  863,  126,  156,  400,  348,  740,  738,  293,  305,  827,  525,  547,  228,  390,  322,  238,  725,  490,  344,  322,  455,  278,  842,  272,  572,  252,  837,  240, 1028,  293,  644,  473,  425,  794,  733,   97,  611,  663,  507,  265],
        [  712,    0,  647,  806,  393,  182,  136,  385,   95,  580,  162,  786,  480,  616,   78,  374,  719,  297,  466,  701,  456,  606,  667,  738,  384,  577,  206,  424,  525,  105,  359,  505,  288,  248,  718,  194,  377,  304,  633,  475,  728,  212,  699,  615,    0,  177,  509,  561,  548,  329,  132,  692,  292,  490,  628,  393,  268,  209,  160,  795,  766,  532,  396,  871,  568,  445,  618,  389,  124,  262,  564,  303,  170,  414,  400,  350,  517,  364,  404,  409,  692,  499,  100,  403,  196,  311,  223,  706,  700,  106,  317,  400],
        [  861,    0,  751,  983,  506,  337,  197,  496,  255,  637,  117,  961,  547,  792,  149,  548,  889,  390,  613,  861,  579,  782,  798,  853,  473,  716,  307,  583,  595,  158,  393,  644,  416,  119,  883,  177,  508,  399,  808,  630,  807,  185,  852,  774,  177,    0,  672,  718,  689,  493,  180,  774,  276,  648,  766,  487,  434,  110,   48,  969,  942,  631,  557, 1045,  694,  619,  795,  558,  154,  431,  740,  454,  320,  590,  460,  519,  674,  524,  467,  552,  757,  614,  134,  570,  368,  370,  297,  868,  862,  115,  379,  574],
        [  654,    0,  794,  397,  618,  336,  604,  622,  419,  866,  666,  477,  775,  338,  525,  319,  231,  623,  523,  574,  237,  265,  265,  380,  672,  620,  579,  448,  799,  597,  492,  162,  291,  756,  211,  682,  228,  622,  378,   72,  929,  700,  205,  110,  509,  672,    0,   74,  595,  405,  611,  891,  754,   47,  206,  343,  241,  645,  637,  338,  333,  731,  430,  546,  236,  304,  288,  129,  617,  383,  290,  225,  354,  180,  736,  163,  491,  149,  732,  168,  933,  269,  544,  380,  317,  686,  624,  198,  558,  563,  435,  162],
        [  721,    0,  867,  420,  691,  383,  664,  695,  469,  939,  721,  519,  848,  395,  569,  393,  227,  693,  597,  638,  221,  318,  196,  312,  744,  692,  645,  521,  873,  654,  498,  131,  317,  808,  182,  741,  238,  692,  436,   88, 1003,  759,  140,   61,  561,  718,   74,    0,  667,  478,  670,  965,  817,   72,  137,  341,  297,  681,  680,  344,  351,  805,  504,  583,  186,  377,  340,  197,  674,  454,  352,  265,  399,  254,  807,  226,  563,  198,  803,  180, 1007,  240,  587,  454,  375,  754,  690,  158,  620,  606,  446,  235],
        [  178,    0,  207,  568,  208,  553,  496,  221,  548,  357,  591,  441,  315,  358,  623,  290,  643,  324,   89,  219,  749,  424,  858,  971,  278,   31,  387,  160,  305,  532,  840,  723,  650,  677,  701,  551,  680,  316,  334,  630,  349,  558,  774,  679,  548,  689,  595,  667,    0,  249,  514,  315,  529,  621,  800,  778,  511,  754,  694,  631,  579,  196,  186,  505,  808,  291,  413,  505,  539,  318,  358,  585,  568,  419,  347,  503,  109,  560,  337,  656,  374,  798,  647,  224,  481,  384,  412,  717,  233,  653,  779,  445],
        [  392,    0,  414,  543,  213,  305,  325,  218,  308,  461,  420,  482,  372,  326,  398,   97,  531,  242,  160,  373,  515,  347,  655,  761,  273,  279,  240,   99,  395,  348,  593,  505,  403,  517,  565,  400,  441,  239,  330,  421,  538,  413,  605,  506,  329,  493,  405,  478,  249,    0,  341,  499,  426,  419,  599,  533,  267,  537,  486,  565,  523,  332,   70,  564,  589,  159,  350,  290,  361,   73,  286,  343,  321,  229,  342,  277,  191,  331,  337,  426,  533,  565,  423,   81,  233,  314,  284,  570,  372,  432,  532,  244],
        [  688,    0,  573,  866,  327,  302,   19,  317,  220,  473,   80,  821,  377,  659,  187,  413,  805,  212,  442,  696,  583,  664,  789,  866,  296,  540,  129,  421,  425,   31,  482,  627,  416,  176,  814,   72,  503,  220,  669,  586,  635,   90,  809,  719,  132,  180,  611,  670,  514,  341,    0,  601,  161,  599,  748,  524,  374,  268,  197,  868,  834,  454,  399,  904,  693,  485,  673,  484,   26,  291,  612,  421,  295,  488,  292,  449,  509,  473,  298,  529,  590,  627,  198,  421,  296,  200,  120,  806,  700,  191,  445,  481],
        [  393,    0,  112,  874,  311,  769,  585,  315,  731,  162,  659,  733,  230,  672,  768,  574,  958,  396,  370,  485, 1012,  738, 1150, 1258,  309,  301,  488,  445,  182,  629, 1038, 1003,  884,  714, 1013,  601,  935,  389,  645,  917,   39,  598, 1080,  983,  692,  774,  891,  965,  315,  499,  601,    0,  525,  912, 1093, 1015,  760,  868,  797,  944,  892,  171,  462,  784, 1088,  594,  728,  786,  625,  550,  673,  835,  777,  712,  316,  776,  422,  830,  308,  924,   76, 1062,  786,  512,  706,  405,  482, 1028,  506,  784,  985,  734],
        [  706,    0,  527,  968,  322,  461,  160,  310,  380,  376,  166,  901,  298,  751,  341,  515,  933,  209,  478,  736,  743,  770,  946, 1025,  260,  550,  189,  483,  345,  188,  635,  783,  577,  191,  951,  107,  662,  216,  753,  736,  554,   94,  956,  863,  292,  276,  754,  817,  529,  426,  161,  525,    0,  747,  903,  684,  524,  384,  313,  984,  945,  410,  467,  980,  852,  583,  775,  626,  171,  399,  712,  577,  454,  614,  215,  593,  557,  623,  225,  686,  497,  788,  346,  504,  445,  147,  143,  947,  745,  335,  602,  613],
        [  689,    0,  817,  443,  630,  313,  593,  633,  399,  878,  650,  522,  786,  380,  500,  339,  271,  626,  546,  613,  190,  310,  239,  350,  681,  647,  576,  470,  812,  583,  449,  118,  255,  737,  241,  670,  185,  626,  420,   26,  950,  688,  211,  126,  490,  648,   47,   72,  621,  419,  599,  912,  747,    0,  182,  298,  226,  615,  612,  381,  378,  749,  451,  593,  196,  333,  333,  131,  603,  389,  331,  196,  329,  203,  742,  156,  520,  127,  738,  125,  951,  223,  518,  402,  304,  686,  620,  222,  597,  537,  394,  179],
        [  857,    0,  998,  527,  810,  447,  745,  812,  534, 1058,  789,  644,  964,  529,  620,  520,  319,  799,  727,  774,  199,  450,   60,  175,  858,  825,  742,  651,  991,  728,  479,  124,  351,  868,  248,  817,  259,  800,  570,  179, 1131,  835,  135,  156,  628,  766,  206,  137,  800,  599,  748, 1093,  903,  182,    0,  320,  382,  712,  724,  438,  456,  930,  632,  702,   98,  510,  473,  310,  748,  566,  488,  327,  459,  383,  916,  329,  697,  285,  913,  219, 1131,  187,  633,  583,  459,  856,  784,  213,  756,  652,  441,  360],
        [  895,    0,  941,  740,  705,  249,  527,  703,  311,  935,  540,  802,  834,  642,  354,  498,  565,  649,  691,  839,  126,  585,  333,  370,  727,  808,  568,  620,  872,  497,  161,  217,  132,  600,  521,  583,  121,  653,  678,  273, 1053,  601,  440,  400,  393,  487,  343,  341,  778,  533,  524, 1015,  684,  298,  320,    0,  268,  412,  440,  678,  675,  845,  592,  878,  229,  532,  607,  319,  515,  470,  586,  196,  245,  413,  765,  299,  698,  248,  766,  177, 1033,  139,  359,  561,  309,  685,  600,  493,  828,  377,  123,  381],
        [  630,    0,  680,  570,  455,  103,  368,  455,  180,  697,  426,  588,  599,  417,  290,  233,  456,  424,  424,  582,  254,  381,  429,  521,  491,  541,  361,  352,  632,  358,  354,  267,  142,  515,  450,  445,  176,  426,  446,  213,  798,  463,  436,  348,  268,  434,  241,  297,  511,  267,  374,  760,  524,  226,  382,  268,    0,  420,  403,  542,  520,  590,  325,  670,  344,  276,  399,  125,  378,  210,  359,   77,  124,  182,  542,   86,  432,  100,  541,  174,  785,  305,  311,  294,   79,  477,  403,  439,  573,  329,  290,  156],
        [  920,    0,  837,  986,  586,  318,  284,  577,  252,  737,  220,  983,  644,  811,  143,  576,  871,  476,  673,  909,  517,  790,  736,  781,  562,  783,  388,  632,  691,  240,  297,  592,  367,  225,  855,  281,  456,  484,  832,  594,  902,  292,  810,  740,  209,  110,  645,  681,  754,  537,  268,  868,  384,  615,  712,  412,  420,    0,   72,  961,  939,  718,  605, 1067,  631,  644,  806,  543,  244,  469,  756,  420,  297,  592,  558,  504,  725,  498,  564,  506,  856,  546,  118,  609,  368,  466,  387,  837,  908,  106,  294,  571],
        [  863,    0,  769,  959,  519,  303,  214,  510,  225,  666,  149,  945,  572,  775,  114,  534,  858,  408,  615,  857,  535,  760,  754,  807,  492,  722,  320,  579,  620,  171,  345,  602,  374,  167,  848,  210,  466,  416,  792,  593,  831,  221,  814,  738,  160,   48,  637,  680,  694,  486,  197,  797,  313,  612,  724,  440,  403,   72,    0,  941,  916,  650,  552, 1029,  650,  604,  774,  527,  173,  421,  721,  416,  284,  565,  487,  488,  671,  489,  493,  511,  785,  568,   94,  561,  341,  395,  317,  833,  857,   75,  331,  548],
        [  594,    0,  833,  106,  752,  644,  857,  761,  717,  975,  938,  267,  907,  273,  829,  472,  120,  806,  599,  492,  563,  222,  482,  586,  824,  643,  797,  546,  914,  863,  829,  474,  625, 1034,  194,  937,  565,  803,  299,  406,  975,  953,  318,  293,  795,  969,  338,  344,  631,  565,  868,  944,  984,  381,  438,  678,  542,  961,  941,    0,   53,  817,  547,  293,  519,  408,  224,  419,  881,  587,  288,  551,  665,  383,  898,  457,  528,  472,  891,  505, 1004,  584,  851,  497,  601,  878,  842,  230,  470,  869,  772,  395],
        [  541,    0,  781,   72,  705,  622,  822,  714,  692,  926,  905,  220,  859,  223,  804,  431,  142,  763,  550,  439,  565,  177,  505,  612,  777,  591,  757,  499,  865,  830,  822,  480,  613, 1002,  221,  902,  559,  759,  247,  403,  923,  917,  344,  305,  766,  942,  333,  351,  579,  523,  834,  892,  945,  378,  456,  675,  520,  939,  916,   53,    0,  767,  501,  255,  532,  365,  177,  399,  848,  549,  241,  537,  643,  353,  852,  437,  478,  457,  845,  500,  953,  590,  827,  453,  575,  836,  803,  256,  417,  844,  764,  369],
        [  340,    0,  120,  760,  143,  599,  437,  148,  565,  162,  520,  636,  134,  545,  609,  412,  817,  243,  221,  407,  843,  602,  986, 1092,  160,  198,  332,  289,  112,  480,  871,  837,  714,  588,  867,  466,  765,  235,  524,  752,  209,  466,  925,  827,  532,  631,  731,  805,  196,  332,  454,  171,  410,  749,  930,  845,  590,  718,  650,  817,  767,    0,  302,  700,  921,  442,  595,  621,  479,  380,  535,  666,  608,  551,  198,  609,  290,  662,  187,  756,  202,  893,  628,  354,  536,  271,  335,  879,  424,  629,  817,  571],
        [  323,    0,  368,  512,  207,  372,  382,  215,  377,  446,  478,  434,  366,  290,  466,  112,  527,  269,  101,  305,  565,  326,  689,  798,  278,  216,  287,   30,  381,  408,  659,  546,  464,  573,  570,  453,  495,  263,  287,  457,  499,  465,  623,  525,  396,  557,  430,  504,  186,   70,  399,  462,  467,  451,  632,  592,  325,  605,  552,  547,  501,  302,    0,  514,  631,  145,  325,  327,  420,  142,  260,  399,  388,  250,  352,  321,  122,  377,  345,  473,  504,  615,  491,   54,  298,  341,  327,  580,  306,  500,  597,  272],
        [  393,    0,  675,  188,  686,  766,  889,  697,  816,  860,  983,   85,  818,  257,  926,  498,  395,  777,  516,  300,  782,  295,  753,  864,  762,  503,  800,  498,  810,  909, 1009,  705,  791, 1080,  475,  964,  758,  770,  238,  616,  808,  976,  597,  547,  871, 1045,  546,  583,  505,  564,  904,  784,  980,  593,  702,  878,  670, 1067, 1029,  293,  255,  700,  514,    0,  768,  427,  274,  568,  924,  617,  313,  710,  787,  489,  837,  599,  433,  637,  827,  703,  855,  814,  950,  484,  703,  848,  841,  510,  280,  964,  947,  517],
        [  884,    0,  998,  602,  793,  391,  692,  794,  474, 1038,  727,  704,  941,  572,  550,  520,  399,  768,  729,  808,  116,  498,  106,  177,  834,  835,  703,  653,  972,  671,  385,   85,  281,  800,  336,  760,  191,  770,  613,  181, 1126,  778,  231,  228,  568,  694,  236,  186,  808,  589,  693, 1088,  852,  196,   98,  229,  344,  631,  650,  519,  532,  921,  631,  768,    0,  524,  521,  304,  690,  545,  525,  278,  399,  392,  886,  312,  710,  259,  885,  171, 1120,   91,  561,  586,  417,  819,  742,  302,  792,  580,  351,  364],
        [  367,    0,  493,  385,  351,  357,  471,  359,  395,  589,  561,  342,  510,  175,  502,   73,  382,  399,  224,  308,  478,  188,  568,  682,  420,  316,  396,  153,  525,  487,  630,  440,  416,  659,  426,  549,  420,  395,  189,  344,  630,  563,  486,  390,  445,  619,  304,  377,  291,  159,  485,  594,  583,  333,  510,  532,  276,  644,  604,  408,  365,  442,  145,  427,  524,    0,  192,  226,  503,  194,  129,  339,  377,  132,  493,  236,  188,  291,  486,  385,  642,  525,  526,   93,  287,  471,  440,  438,  298,  540,  566,  162],
        [  407,    0,  619,  194,  529,  497,  659,  538,  554,  752,  747,  196,  684,   62,  666,  262,  235,  589,  376,  313,  518,   24,  530,  646,  601,  428,  588,  322,  691,  672,  736,  449,  517,  845,  302,  738,  487,  584,  102,  355,  761,  753,  400,  322,  618,  795,  288,  340,  413,  350,  673,  728,  775,  333,  473,  607,  399,  806,  774,  224,  177,  595,  325,  274,  521,  192,    0,  295,  689,  383,   65,  436,  518,  218,  676,  326,  308,  364,  669,  434,  786,  555,  690,  278,  438,  661,  632,  327,  293,  705,  673,  244],
