{
    "name": "random-90-20589",
    "comment": "size=90 seed=20589",
    "nodes": ["+0", "-0", "+1", "-1", "+2", "-2", "+3", "-3", "+4", "-4", "+5", "-5", "+6", "-6", "+7", "-7", "+8", "-8", "+9", "-9", "+10", "-10", "+11", "-11", "+12", "-12", "+13", "-13", "+14", "-14", "+15", "-15", "+16", "-16", "+17", "-17", "+18", "-18", "+19", "-19", "+20", "-20", "+21", "-21", "+22", "-22", "+23", "-23", "+24", "-24", "+25", "-25", "+26", "-26", "+27", "-27", "+28", "-28", "+29", "-29", "+30", "-30", "+31", "-31", "+32", "-32", "+33", "-33", "+34", "-34", "+35", "-35", "+36", "-36", "+37", "-37", "+38", "-38", "+39", "-39", "+40", "-40", "+41", "-41", "+42", "-42", "+43", "-43", "+44", "-44", "+45", "-45", "+46", "-46", "+47", "-47", "+48", "-48", "+49", "-49", "+50", "-50", "+51", "-51", "+52", "-52", "+53", "-53", "+54", "-54", "+55", "-55", "+56", "-56", "+57", "-57", "+58", "-58", "+59", "-59", "+60", "-60", "+61", "-61", "+62", "-62", "+63", "-63", "+64", "-64", "+65", "-65", "+66", "-66", "+67", "-67", "+68", "-68", "+69", "-69", "+70", "-70", "+71", "-71", "+72", "-72", "+73", "-73", "+74", "-74", "+75", "-75", "+76", "-76", "+77", "-77", "+78", "-78", "+79", "-79", "+80", "-80", "+81", "-81", "+82", "-82", "+83", "-83", "+84", "-84", "+85", "-85", "+86", "-86", "+87", "-87", "+88", "-88", "+89", "-89", "+90", "-90"],
    "precedence": {
        "+0": "-0",
        "+1": "-1",
        "+2": "-2",
        "+3": "-3",
        "+4": "-4",
        "+5": "-5",
        "+6": "-6",
        "+7": "-7",
        "+8": "-8",
        "+9": "-9",
        "+10": "-10",
        "+11": "-11",
        "+12": "-12",
        "+13": "-13",
        "+14": "-14",
        "+15": "-15",
        "+16": "-16",
        "+17": "-17",
        "+18": "-18",
        "+19": "-19",
        "+20": "-20",
        "+21": "-21",
        "+22": "-22",
        "+23": "-23",
        "+24": "-24",
        "+25": "-25",
        "+26": "-26",
        "+27": "-27",
        "+28": "-28",
        "+29": "-29",
        "+30": "-30",
        "+31": "-31",
        "+32": "-32",
        "+33": "-33",
        "+34": "-34",
        "+35": "-35",
        "+36": "-36",
        "+37": "-37",
        "+38": "-38",
        "+39": "-39",
        "+40": "-40",
        "+41": "-41",
        "+42": "-42",
        "+43": "-43",
        "+44": "-44",
        "+45": "-45",
        "+46": "-46",
        "+47": "-47",
        "+48": "-48",
        "+49": "-49",
        "+50": "-50",
        "+51": "-51",
        "+52": "-52",
        "+53": "-53",
        "+54": "-54",
        "+55": "-55",
        "+56": "-56",
        "+57": "-57",
        "+58": "-58",
        "+59": "-59",
        "+60": "-60",
        "+61": "-61",
        "+62": "-62",
        "+63": "-63",
        "+64": "-64",
        "+65": "-65",
        "+66": "-66",
        "+67": "-67",
        "+68": "-68",
        "+69": "-69",
        "+70": "-70",
        "+71": "-71",
        "+72": "-72",
        "+73": "-73",
        "+74": "-74",
        "+75": "-75",
        "+76": "-76",
        "+77": "-77",
        "+78": "-78",
        "+79": "-79",
        "+80": "-80",
        "+81": "-81",
        "+82": "-82",
        "+83": "-83",
        "+84": "-84",
        "+85": "-85",
        "+86": "-86",
        "+87": "-87",
        "+88": "-88",
        "+89": "-89",
        "+90": "-90"
    },
    "edges": [
        [    0,    0,  507,  598,  410,  477,  605,  353,  432,  390,  181,  248,  324,  459,  443,  335,  670,  513,  571,  337,  602,  360,  574,  392,  504,  363,  748,  138,  502,  665,  636,   94,  165,  254,  203,  294,  462,  248,  458,  337,  605,  248,  650,  646,  282,  202,  261,  616,  446,  322,  682,   34,  374,  569,  307,  575,  162,  457,  547,  251,   15,  156,  624,  667,  461,  576,  526,  489,  164,  607,  441,  419,  428,  268,  711,  398,  352,  421,  528,  437,  133,  200,  128,  302,  349,  258,  268,  283,  343,  454,  728,  166,  324,  370,  429,  379,   53,  589,  851,  682,  592,  185,  100,  616,  337,  207,  603,  312,  254,  630,  432,  206,  417,  283,  559,  432,  444,  553,  679,  295,  238,  261,  268,  220,  634,  450,  186,  424,  325,  390,  551,  200,  650,  430,  604,  681,  810,  478,  270,  343,   74,  374,  406,  298,  525,  443,  521,  679,  482,  288,  488,  734,  698,  178,  479,  557,  375,  336,  536,   45,  425,  161,  473,  783,  147,  320,  361,  247,  464,  722,  331,  449,  241,  191,  315,  626,  324,  497,  490,   89,  146,  500],
        [    0,    0,    0,    0,    0,    0,    0,    0,    0,    0,    0,    0,    0,    0,    0,    0,    0,    0,    0,    0,    0,    0,    0,    0,    0,    0,    0,    0,    0,    0,    0,    0,    0,    0,    0,    0,    0,    0,    0,    0,    0,    0,    0,    0,    0,    0,    0,    0,    0,    0,    0,    0,    0,    0,    0,    0,    0,    0,    0,    0,    0,    0,    0,    0,    0,    0,    0,    0,    0,    0,    0,    0,    0,    0,    0,    0,    0,    0,    0,    0,    0,    0,    0,    0,    0,    0,    0,    0,    0,    0,    0,    0,    0,    0,    0,    0,    0,    0,    0,    0,    0,    0,    0,    0,    0,    0,    0,    0,    0,    0,    0,    0,    0,    0,    0,    0,    0,    0,    0,    0,    0,    0,    0,    0,    0,    0,    0,    0,    0,    0,    0,    0,    0,    0,    0,    0,    0,    0,    0,    0,    0,    0,    0,    0,    0,    0,    0,    0,    0,    0,    0,    0,    0,    0,    0,    0,    0,    0,    0,    0,    0,    0,    0,    0,    0,    0,    0,    0,    0,    0,    0,    0,    0,    0,    0,    0,    0,    0,    0,    0,    0,    0],
        [  507,    0,    0,  872,  236,  818,  208,  272,  603,  591,  334,  749,  512,  454,  819,  811,  388,  123,  625,  191,  147,  579,  362,  129,  933,  626,  480,  609,  328,  229,  358,  443,  559,  341,  468,  276,  556,  604,  126,  171,  114,  269,  453,  561,  556,  349,  277,  120,  402,  825,  291,  520,  323,  342,  647,  159,  513,  617,  419,  287,  521,  436,  364,  192,  803,  725,  181,  368,  467,  504,  843,  428,  639,  507,  532,  111,  218,  322,  134,  204,  383,  677,  499,  606,  355,  294,  421,  294,  771,  294,  436,  445,  623,  660,  507,  273,  490,  596,  537,  418,  927,  673,  562,  507,  370,  636,  378,  308,  442,  329,  103,  568,  392,  748,  480,  431,  444,  461,  186,  681,  731,  284,  774,  526,  128,  619,  466,  889,  368,  399,  172,  633,  404,  859,  249,  383,  449,   97,  334,  624,  436,  614,  678,  739,  481,  756,  278,  469,  134,  744,  809,  486,  470,  336,  558,  661,  207,  207,   44,  519,  879,  624,  468,  405,  479,  803,  196,  273,  624,  302,  807,  479,  654,  630,  482,  136,  193,  697,  713,  438,  459,  212],
        [  598,    0,  872,    0,  920,  147, 1056,  882,  272,  282,  699,  520,  921,  449,  207,  770,  718,  788,  337,  696, 1015,  957, 1109,  751,  962,  259, 1277,  682,  604, 1096, 1152,  677,  434,  811,  452,  818, 1058,  830,  906,  763,  906,  657,  625,  500,  345,  574,  775,  987,  496,  658, 1144,  565,  552, 1097,  292,  819,  758,  263,  551,  621,  591,  510, 1146, 1063,  157,  205,  992,  557,  478,  518,  947,  458,  233,  388,  619,  786,  657,  968,  968,  930,  676,  461,  485,  306,  517,  785,  463,  591,  324,  986, 1246,  758,  910,  953, 1022,  601,  650,  392,  830,  703,  113,  674,  502,  526,  907,  761,  648,  567,  844, 1135,  769,  794,  987,  763,  495,  460, 1025, 1124,  957,  312,  682,  781,  620,  816,  976,  259,  464,  847,  894,  480,  783,  753, 1180,  907, 1078, 1192,  863,  907,  824,  932,  606,  264,  990,  804, 1105,  156,  665, 1225,  932,  781,  120,  703,  668,  694,  343,  276,  869,  818,  915,  638,  868,  703,  442,  869,  482,  743,  843,  650,  257,  886,  769, 1036,  369,  421,  910, 1006,  779,  182,  161,  572,  498,  988],
        [  410,    0,  236,  920,    0,  833,  208,   63,  675,  649,  239,  655,  293,  577,  816,  649,  602,  338,  746,  259,  234,  357,  190,  240,  739,  662,  358,  467,  497,  274,  235,  321,  526,  166,  472,  116,  321,  415,  112,  178,  345,  266,  647,  728,  577,  347,  154,  282,  531,  694,  275,  436,  432,  177,  650,  388,  347,  695,  585,  305,  424,  418,  227,  298,  816,  818,  130,  522,  451,  671,  643,  539,  699,  533,  726,  201,  314,   88,  157,   39,  280,  608,  462,  621,  446,  153,  463,  345,  737,   74,  329,  283,  413,  444,  272,  389,  372,  733,  764,  628,  949,  533,  496,  676,  146,  468,  573,  382,  243,  223,  260,  388,  157,  584,  636,  547,  210,  246,  409,  665,  589,  152,  651,  338,  322,  694,  462,  715,  149,  503,  392,  468,  260,  670,  196,  278,  681,  144,  152,  410,  355,  659,  457,  564,  255,  781,  466,  308,  118,  575,  833,  696,  674,  244,  662,  766,   55,  104,  229,  401,  699,  474,  594,  638,  454,  648,   83,  273,  703,  537,  645,  244,  622,  583,  263,  280,  149,  766,  775,  377,  435,   94],
        [  477,    0,  818,  147,  833,    0,  988,  788,  263,  249,  601,  375,  799,  446,   62,  625,  733,  751,  387,  633,  955,  830, 1017,  692,  816,  196, 1189,  547,  594, 1034, 1067,  562,  318,  707,  364,  724,  938,  697,  834,  689,  870,  578,  651,  547,  264,  491,  681,  937,  484,  512, 1074,  443,  514, 1007,  183,  792,  633,  268,  561,  546,  467,  415, 1059, 1009,   17,  278,  918,  550,  382,  551,  803,  441,  215,  313,  663,  722,  602,  870,  900,  847,  571,  321,  377,  216,  475,  689,  398,  527,  178,  893, 1161,  641,  778,  819,  905,  559,  529,  439,  869,  723,  118,  533,  378,  560,  801,  624,  658,  511,  729, 1053,  717,  664,  881,  619,  517,  447,  915, 1019,  929,  182,  538,  686,  475,  690,  933,  259,  372,  701,  788,  452,  757,  617, 1091,  762, 1004, 1109,  885,  840,  721,  800,  497,  213,  856,  662,  996,   69,  651, 1131,  860,  638,   35,  737,  699,  596,  356,  329,  784,  734,  860,  514,  722,  567,  444,  884,  380,  598,  760,  572,  265,  882,  623,  923,  238,  290,  791,  954,  699,  209,  180,  466,  399,  908],
        [  605,    0,  208, 1056,  208,  988,    0,  270,  793,  775,  426,  853,  487,  656,  980,  856,  584,  328,  828,  360,   77,  545,  202,  308,  940,  802,  278,  673,  536,   67,  167,  521,  699,  373,  626,  315,  475,  620,  155,  299,  263,  411,  656,  769,  725,  498,  344,  149,  605,  900,   88,  627,  519,  182,  809,  349,  554,  809,  626,  442,  619,  581,  180,  113,  972,  923,   80,  574,  614,  711,  843,  627,  825,  677,  734,  271,  403,  255,   88,  174,  472,  797,  636,  772,  546,  350,  595,  466,  914,  211,  232,  490,  611,  637,  435,  469,  572,  802,  712,  614, 1100,  739,  682,  714,  345,  676,  582,  491,  448,  135,  299,  595,  322,  791,  687,  632,  360,  327,  296,  834,  796,  345,  855,  544,  197,  810,  619,  921,  350,  596,  371,  675,  216,  872,   52,  182,  615,  149,  359,  605,  543,  794,  643,  771,  362,  929,  485,  283,  129,  782,  982,  680,  669,  430,  757,  861,  231,  271,  167,  602,  905,  681,  671,  568,  622,  856,  245,  417,  817,  458,  852,  396,  797,  763,  459,  133,  294,  887,  901,  557,  602,  116],
        [  353,    0,  272,  882,   63,  788,  270,    0,  644,  615,  188,  596,  242,  561,  768,  587,  617,  360,  727,  250,  292,  308,  230,  246,  681,  623,  403,  405,  497,  336,  285,  262,  476,  105,  431,   64,  292,  355,  158,  171,  385,  237,  652,  722,  537,  311,  107,  335,  519,  632,  336,  379,  418,  221,  605,  416,  285,  666,  582,  277,  367,  374,  275,  357,  771,  790,  192,  518,  407,  667,  587,  521,  665,  496,  731,  213,  306,   89,  214,   98,  226,  551,  413,  578,  427,  100,  430,  322,  684,  106,  379,  221,  359,  392,  242,  380,  312,  718,  785,  641,  905,  471,  442,  673,   98,  407,  581,  361,  183,  278,  275,  327,  138,  522,  628,  531,  192,  256,  453,  617,  527,  102,  590,  277,  372,  664,  419,  654,   97,  485,  414,  406,  304,  611,  257,  330,  707,  190,   90,  357,  302,  622,  408,  503,  253,  738,  473,  345,  171,  513,  790,  709,  684,  193,  640,  742,   66,   90,  274,  341,  639,  412,  578,  666,  408,  586,   83,  244,  674,  570,  583,  222,  571,  530,  212,  335,  136,  734,  740,  326,  390,  156],
        [  432,    0,  603,  272,  675,  263,  793,  644,    0,   44,  476,  476,  733,  185,  296,  702,  471,  516,  160,  435,  748,  781,  865,  486,  894,  103, 1028,  552,  338,  829,  900,  487,  284,  591,  238,  584,  861,  680,  647,  507,  635,  410,  390,  299,  154,  336,  541,  717,  228,  621,  881,  403,  281,  851,  193,  548,  588,   26,  299,  371,  430,  297,  897,  794,  253,  149,  733,  292,  275,  293,  852,  188,   49,  167,  409,  522,  391,  733,  706,  679,  466,  386,  304,  158,  249,  555,  215,  334,  336,  745,  993,  566,  754,  800,  819,  331,  477,  201,  610,  461,  346,  570,  360,  303,  687,  631,  396,  304,  646,  881,  501,  636,  764,  672,  256,  191,  808,  896,  687,  251,  600,  548,  569,  644,  705,   20,  254,  791,  675,  208,  513,  623,  933,  827,  819,  939,  623,  645,  602,  773,  411,   79,  836,  703,  885,  195,  397,  983,  672,  685,  239,  478,  439,  471,   97,  128,  621,  571,  647,  476,  803,  576,  182,  622,  288,  678,  594,  403,   33,  625,  699,  826,  285,  319,  715,  737,  529,   95,  112,  374,  295,  734],
        [  390,    0,  591,  282,  649,  249,  775,  615,   44,    0,  442,  434,  694,  199,  275,  658,  488,  511,  202,  416,  733,  742,  838,  469,  851,   67, 1004,  509,  345,  814,  877,  448,  240,  557,  199,  554,  825,  638,  626,  485,  630,  383,  414,  334,  111,  305,  510,  707,  236,  579,  863,  361,  273,  825,  154,  547,  547,   69,  317,  345,  388,  260,  872,  782,  237,  187,  713,  301,  235,  322,  808,  192,   51,  128,  439,  505,  375,  703,  688,  655,  430,  344,  263,  116,  237,  523,  187,  312,  301,  717,  970,  528,  713,  759,  783,  322,  436,  240,  635,  481,  343,  526,  317,  332,  654,  588,  412,  286,  609,  858,  488,  595,  731,  629,  282,  198,  774,  865,  685,  212,  556,  517,  526,  603,  697,   61,  216,  747,  641,  205,  512,  580,  908,  783,  799,  916,  642,  627,  569,  732,  372,   43,  795,  659,  852,  181,  402,  956,  652,  642,  230,  503,  464,  438,  129,  172,  595,  545,  634,  434,  760,  533,  199,  638,  247,  635,  569,  376,   75,  633,  656,  791,  243,  276,  678,  726,  504,  119,  127,  335,  256,  711],
        [  181,    0,  334,  699,  239,  601,  426,  188,  476,  442,    0,  429,  278,  429,  580,  479,  567,  362,  580,  190,  421,  339,  418,  232,  618,  442,  591,  276,  414,  485,  472,  109,  288,  115,  249,  125,  392,  300,  277,  164,  439,  113,  573,  609,  355,  145,   85,  438,  397,  493,  504,  202,  301,  409,  418,  425,  196,  499,  482,  143,  195,  190,  462,  486,  584,  624,  347,  418,  222,  559,  536,  387,  490,  318,  645,  228,  226,  270,  348,  261,   50,  372,  226,  394,  295,   89,  265,  193,  498,  294,  566,  135,  346,  391,  347,  282,  156,  582,  747,  585,  718,  340,  259,  567,  212,  312,  512,  235,  186,  462,  274,  256,  290,  418,  515,  398,  333,  425,  513,  429,  397,   87,  443,  230,  459,  496,  236,  561,  199,  351,  408,  307,  492,  542,  427,  516,  689,  298,  127,  356,  118,  444,  420,  415,  410,  553,  413,  531,  301,  416,  604,  646,  614,    6,  488,  585,  198,  156,  359,  186,  554,  292,  446,  656,  221,  471,  181,  117,  507,  580,  475,  350,  384,  344,  254,  447,  145,  561,  564,  139,  203,  325],
        [  248,    0,  749,  520,  655,  375,  853,  596,  476,  434,  429,    0,  506,  585,  319,  250,  847,  738,  636,  568,  849,  515,  809,  627,  443,  376,  981,  223,  678,  913,  875,  335,  230,  494,  338,  540,  641,  368,  706,  581,  840,  481,  803,  757,  339,  414,  509,  860,  593,  147,  928,  230,  553,  806,  287,  797,  345,  498,  696,  473,  234,  333,  861,  914,  364,  585,  774,  651,  314,  733,  429,  554,  447,  363,  848,  639,  570,  656,  776,  683,  381,   94,  269,  319,  518,  505,  416,  491,  198,  693,  965,  387,  446,  479,  621,  575,  284,  672, 1020,  852,  469,  181,  191,  743,  565,  283,  773,  506,  465,  872,  666,  348,  639,  249,  686,  566,  656,  769,  912,  234,  168,  508,  101,  392,  876,  489,  328,  330,  553,  538,  769,  277,  884,  388,  850,  920,  997,  725,  509,  469,  315,  399,  514,  294,  734,  379,  713,  906,  730,  268,  402,  893,  853,  425,  558,  599,  623,  583,  780,  255,  349,  234,  594,  978,  296,  223,  608,  479,  502,  934,  249,  652,  192,  165,  509,  871,  570,  498,  479,  312,  311,  747],
        [  324,    0,  512,  921,  293,  799,  487,  242,  733,  694,  278,  506,    0,  706,  762,  405,  827,  588,  852,  442,  525,   68,  355,  462,  456,  678,  508,  284,  685,  553,  431,  248,  487,  187,  496,  244,  140,  158,  399,  380,  625,  385,  844,  886,  593,  418,  263,  574,  675,  487,  532,  357,  578,  361,  629,  647,  168,  757,  758,  419,  332,  436,  412,  588,  784,  881,  416,  693,  460,  836,  358,  663,  738,  567,  919,  437,  490,  232,  449,  331,  270,  500,  440,  620,  572,  242,  533,  470,  654,  277,  505,  167,  125,  152,  116,  555,  272,  856, 1003,  848,  914,  336,  422,  843,  147,  240,  779,  512,   92,  440,  497,  160,  175,  343,  792,  675,  165,  276,  695,  618,  380,  254,  461,  115,  613,  752,  479,  452,  146,  628,  640,  243,  422,  391,  458,  473,  933,  432,  188,  119,  323,  686,  166,  309,  235,  767,  675,  424,  409,  328,  811,  912,  883,  281,  759,  850,  306,  311,  515,  286,  431,  276,  723,  895,  450,  413,  317,  390,  765,  804,  401,  151,  562,  511,   31,  573,  344,  808,  806,  360,  439,  373],
        [  459,    0,  454,  449,  577,  446,  656,  561,  185,  199,  429,  585,  706,    0,  473,  777,  290,  351,  173,  319,  601,  764,  761,  354,  959,  262,  911,  595,  155,  683,  784,  481,  360,  536,  264,  509,  819,  693,  523,  400,  467,  331,  222,  188,  253,  290,  470,  561,   52,  720,  742,  441,  146,  744,  335,  374,  590,  188,  119,  293,  463,  303,  784,  639,  435,  276,  607,  108,  300,  150,  900,   43,  233,  223,  263,  394,  265,  649,  572,  571,  439,  492,  346,  288,  137,  488,  192,  243,  489,  650,  873,  549,  757,  804,  772,  191,  490,  157,  444,  284,  530,  631,  423,  160,  626,  666,  213,  201,  615,  760,  357,  647,  694,  734,  102,   32,  744,  816,  512,  393,  673,  479,  664,  639,  541,  194,  279,  868,  615,   79,  338,  658,  822,  886,  689,  818,  444,  514,  543,  772,  411,  240,  837,  755,  813,  378,  216,  879,  546,  743,  423,  313,  273,  425,  109,  208,  522,  476,  498,  500,  874,  619,   18,  439,  319,  756,  495,  325,  193,  440,  773,  768,  406,  421,  683,  581,  430,  267,  291,  378,  315,  617],
        [  443,    0,  819,  207,  816,   62,  980,  768,  296,  275,  580,  319,  762,  473,    0,  568,  763,  760,  433,  630,  951,  789,  997,  691,  758,  214, 1170,  502,  616, 1029, 1050,  532,  293,  682,  355,  704,  902,  653,  825,  681,  878,  569,  686,  590,  264,  482,  663,  938,  508,  453, 1065,  410,  525,  988,  172,  804,  595,  306,  591,  540,  432,  400, 1041, 1008,   58,  333,  908,  574,  367,  589,  747,  464,  249,  314,  703,  719,  604,  848,  893,  832,  546,  272,  355,  215,  486,  668,  400,  526,  122,  873, 1144,  608,  734,  773,  871,  569,  495,  484,  906,  755,  155,  483,  343,  598,  774,  577,  686,  515,  696, 1038,  719,  621,  854,  565,  552,  471,  885,  992,  940,  152,  484,  666,  418,  651,  937,  297,  361,  642,  761,  470,  770,  569, 1072,  706,  993, 1093,  916,  833,  697,  756,  471,  235,  810,  609,  966,  107,  670, 1109,  851,  584,   96,  774,  735,  575,  392,  378,  769,  720,  860,  477,  664,  521,  473,  912,  362,  541,  746,  563,  304,  904,  567,  891,  203,  252,  756,  955,  688,  258,  229,  443,  382,  895],
        [  335,    0,  811,  770,  649,  625,  856,  587,  702,  658,  479,  250,  405,  777,  568,    0, 1004,  837,  858,  661,  875,  381,  756,  710,  195,  608,  912,  205,  835,  922,  830,  371,  424,  487,  513,  550,  513,  248,  732,  642,  917,  573,  979,  960,  552,  536,  536,  905,  772,  127,  917,  343,  707,  759,  523,  900,  304,  726,  874,  582,  326,  482,  812,  941,  613,  824,  778,  819,  478,  926,  186,  739,  680,  562, 1036,  707,  683,  617,  797,  685,  433,  322,  432,  546,  679,  523,  589,  618,  447,  661,  909,  372,  297,  309,  512,  713,  330,  887, 1184, 1015,  716,  150,  354,  936,  520,  181,  936,  646,  412,  836,  751,  264,  574,   66,  878,  752,  570,  679,  992,  476,  104,  531,  151,  316,  933,  717,  498,   92,  512,  715,  879,  182,  825,  139,  839,  874, 1144,  759,  500,  317,  404,  628,  336,   97,  636,  627,  856,  828,  751,   78,  651, 1065, 1028,  478,  773,  829,  636,  612,  831,  305,  102,  188,  789, 1116,  459,   28,  632,  573,  731, 1052,    5,  552,  426,  384,  422,  911,  618,  737,  720,  423,  466,  741],
        [  670,    0,  388,  718,  602,  733,  584,  617,  471,  488,  567,  847,  827,  290,  763, 1004,    0,  268,  389,  385,  510,  893,  750,  371, 1169,  551,  861,  805,  171,  581,  744,  656,  618,  640,  510,  589,  907,  865,  506,  451,  327,  455,  103,  247,  532,  470,  564,  446,  262,  970,  655,  663,  299,  730,  621,  236,  760,  468,  173,  433,  679,  526,  751,  519,  722,  521,  569,  199,  537,  207, 1096,  306,  519,  493,  163,  405,  341,  689,  521,  579,  599,  755,  585,  573,  331,  585,  431,  390,  774,  670,  815,  702,  911,  956,  857,  293,  684,  337,  182,   32,  809,  854,  667,  202,  707,  862,   78,  358,  739,  713,  343,  820,  753,  952,  223,  296,  806,  843,  330,  676,  905,  574,  913,  796,  406,  476,  521, 1094,  700,  312,  218,  856,  791, 1094,  630,  765,  155,  481,  641,  920,  604,  529,  983,  962,  856,  665,  155,  856,  519,  956,  709,   98,   90,  565,  380,  447,  557,  529,  421,  704, 1094,  827,  290,  152,  557,  988,  534,  452,  472,  190, 1000,  838,  682,  687,  798,  466,  488,  541,  568,  582,  545,  598],
        [  513,    0,  123,  788,  338,  751,  328,  360,  516,  511,  362,  738,  588,  351,  760,  837,  268,    0,  517,  177,  262,  655,  483,  131,  979,  556,  602,  632,  212,  341,  481,  468,  528,  405,  425,  344,  651,  656,  238,  211,  120,  266,  330,  442,  497,  325,  331,  212,  300,  833,  409,  518,  239,  463,  592,   63,  556,  527,  301,  266,  525,  408,  487,  291,  737,  627,  303,  255,  434,  385,  894,  332,  557,  448,  409,  151,  169,  425,  257,  313,  405,  657,  474,  547,  277,  351,  363,  251,  729,  404,  558,  490,  687,  729,  601,  192,  508,  484,  427,  297,  853,  692,  547,  387,  455,  673,  255,  248,  507,  452,   92,  614,  492,  777,  364,  333,  545,  575,  181,  634,  748,  339,  779,  580,  191,  530,  428,  921,  451,  309,   55,  669,  527,  903,  371,  506,  348,  214,  401,  692,  440,  541,  751,  777,  591,  686,  158,  591,  252,  777,  737,  365,  348,  362,  459,  558,  297,  278,  161,  534,  915,  650,  364,  308,  450,  826,  277,  267,  534,  220,  833,  579,  616,  601,  558,  233,  245,  608,  628,  431,  431,  331],
        [  571,    0,  625,  337,  746,  387,  828,  727,  160,  202,  580,  636,  852,  173,  433,  858,  389,  517,    0,  490,  772,  906,  932,  527, 1049,  262, 1084,  699,  308,  853,  956,  613,  436,  692,  369,  672,  972,  817,  696,  570,  628,  492,  291,  165,  306,  436,  631,  728,  224,  780,  914,  546,  317,  916,  352,  532,  719,  139,  233,  453,  572,  423,  956,  807,  381,  134,  780,  263,  408,  184, 1002,  208,  195,  305,  283,  567,  437,  815,  744,  743,  582,  545,  446,  317,  301,  648,  320,  406,  490,  819, 1045,  688,  887,  934,  927,  364,  611,   56,  494,  370,  438,  722,  510,  191,  785,  776,  325,  366,  762,  933,  530,  772,  857,  825,  170,  201,  905,  982,  665,  409,  755,  639,  727,  773,  705,  149,  386,  947,  774,  243,  497,  768,  994,  980,  862,  991,  529,  686,  700,  904,  538,  238,  969,  854,  977,  326,  369, 1050,  719,  838,  356,  367,  332,  576,   94,   62,  692,  644,  668,  615,  959,  723,  158,  538,  424,  835,  664,  486,  137,  567,  855,  927,  444,  477,  831,  749,  598,  178,  207,  502,  427,  789],
        [  337,    0,  191,  696,  259,  633,  360,  250,  435,  416,  190,  568,  442,  319,  630,  661,  385,  177,  490,    0,  323,  509,  443,   63,  806,  444,  598,  456,  249,  402,  470,  292,  370,  256,  278,  209,  530,  488,  212,   82,  272,   89,  407,  472,  369,  159,  180,  310,  273,  658,  448,  343,  174,  427,  458,  240,  386,  452,  332,   97,  349,  247,  468,  378,  617,  570,  299,  268,  277,  417,  725,  282,  466,  320,  484,   90,   56,  335,  272,  253,  230,  492,  310,  418,  192,  201,  237,  106,  580,  332,  561,  322,  529,  572,  481,  131,  331,  474,  563,  406,  743,  515,  378,  423,  330,  499,  339,  132,  355,  448,   99,  445,  388,  601,  379,  290,  441,  501,  345,  491,  571,  190,  604,  415,  315,  453,  276,  745,  322,  247,  220,  494,  506,  731,  385,  506,  501,  211,  257,  537,  264,  435,  598,  602,  503,  572,  233,  561,  238,  601,  625,  471,  442,  189,  409,  513,  205,  162,  230,  357,  740,  474,  335,  467,  289,  649,  178,   90,  460,  393,  657,  469,  464,  441,  414,  325,  116,  529,  541,  257,  270,  302],
        [  602,    0,  147, 1015,  234,  955,   77,  292,  748,  733,  421,  849,  525,  601,  951,  875,  510,  262,  772,  323,    0,  587,  273,  265,  972,  765,  352,  683,  472,   83,  243,  524,  679,  388,  597,  325,  530,  646,  146,  275,  187,  387,  586,  703,  692,  472,  346,   73,  549,  908,  148,  620,  469,  253,  780,  276,  571,  762,  562,  412,  616,  558,  256,   67,  939,  872,  111,  513,  590,  646,  877,  574,  783,  642,  663,  233,  359,  300,   79,  196,  470,  787,  617,  740,  499,  355,  558,  429,  894,  258,  306,  504,  646,  676,  487,  418,  574,  742,  636,  541, 1065,  749,  671,  648,  379,  695,  512,  449,  475,  212,  247,  617,  370,  810,  625,  578,  414,  394,  221,  809,  807,  349,  861,  568,  121,  764,  593,  945,  382,  545,  300,  693,  293,  902,  128,  258,  539,  124,  376,  643,  535,  755,  687,  793,  426,  894,  419,  360,  125,  802,  947,  607,  597,  424,  705,  807,  239,  269,  104,  604,  930,  693,  615,  492,  600,  872,  246,  391,  770,  382,  870,  450,  776,  747,  496,   58,  280,  842,  857,  544,  580,  157],
        [  360,    0,  579,  957,  357,  830,  545,  308,  781,  742,  339,  515,   68,  764,  789,  381,  893,  655,  906,  509,  587,    0,  399,  529,  406,  721,  540,  295,  749,  611,  475,  295,  525,  254,  544,  312,  133,  149,  465,  448,  692,  449,  909,  947,  637,  475,  330,  638,  735,  476,  585,  393,  640,  407,  666,  715,  199,  806,  821,  481,  367,  486,  455,  649,  815,  929,  477,  756,  507,  897,  307,  722,  783,  615,  983,  505,  556,  290,  512,  394,  326,  521,  483,  661,  632,  309,  587,  531,  677,  334,  543,  218,   85,   94,  135,  619,  310,  913, 1070,  914,  943,  338,  455,  905,  212,  235,  844,  573,  155,  488,  565,  170,  226,  324,  853,  734,  203,  304,  761,  649,  374,  321,  458,  141,  678,  801,  528,  416,  212,  687,  708,  241,  461,  347,  513,  515, 1001,  497,  255,   68,  371,  731,  101,  284,  258,  802,  741,  454,  474,  306,  845,  978,  948,  342,  812,  902,  373,  379,  581,  319,  392,  282,  781,  962,  495,  393,  385,  453,  813,  871,  378,  178,  592,  540,   98,  636,  411,  853,  849,  408,  487,  433],
        [  574,    0,  362, 1109,  190, 1017,  202,  230,  865,  838,  418,  809,  355,  761,  997,  756,  750,  483,  932,  443,  273,  399,    0,  413,  804,  850,  174,  601,  668,  254,   77,  481,  705,  321,  659,  294,  300,  508,  248,  363,  447,  456,  808,  902,  765,  536,  337,  344,  714,  824,  202,  603,  616,   21,  835,  519,  473,  885,  758,  494,  588,  603,   58,  313, 1001, 1007,  183,  698,  637,  845,  705,  725,  888,  722,  888,  372,  497,  154,  233,  190,  453,  774,  643,  807,  633,  329,  652,  534,  912,  125,  157,  423,  477,  491,  270,  571,  529,  916,  895,  779, 1134,  664,  667,  849,  246,  581,  734,  569,  353,   94,  423,  496,  182,  692,  813,  732,  197,  129,  492,  846,  716,  332,  788,  444,  393,  884,  648,  806,  257,  690,  533,  583,   76,  743,  153,  119,  802,  270,  305,  465,  529,  848,  489,  662,  170,  967,  628,  119,  232,  678, 1019,  847,  830,  423,  850,  954,  244,  294,  334,  556,  785,  602,  778,  756,  638,  761,  271,  463,  893,  648,  752,  226,  800,  757,  334,  331,  337,  956,  964,  555,  619,  153],
        [  392,    0,  129,  751,  240,  692,  308,  246,  486,  469,  232,  627,  462,  354,  691,  710,  371,  131,  527,   63,  265,  529,  413,    0,  848,  501,  558,  506,  258,  346,  431,  340,  432,  277,  340,  219,  536,  525,  170,   82,  213,  146,  408,  491,  429,  221,  202,  248,  305,  713,  396,  401,  212,  395,  519,  194,  425,  501,  347,  159,  405,  309,  431,  318,  676,  616,  254,  286,  339,  434,  763,  321,  519,  379,  488,   42,   95,  323,  221,  225,  277,  553,  372,  478,  238,  222,  295,  166,  642,  312,  519,  359,  558,  600,  486,  164,  382,  506,  543,  396,  801,  567,  439,  439,  336,  543,  336,  184,  379,  407,   42,  484,  383,  649,  401,  327,  437,  485,  287,  553,  624,  210,  660,  449,  253,  503,  338,  793,  330,  289,  181,  539,  470,  773,  337,  465,  472,  162,  274,  564,  319,  491,  623,  647,  492,  630,  228,  529,  193,  648,  683,  463,  438,  233,  451,  555,  189,  158,  169,  409,  786,  523,  370,  435,  351,  700,  165,  149,  509,  351,  706,  468,  526,  503,  432,  264,  119,  580,  594,  316,  332,  265],
        [  504,    0,  933,  962,  739,  816,  940,  681,  894,  851,  618,  443,  456,  959,  758,  195, 1169,  979, 1049,  806,  972,  406,  804,  848,    0,  802,  940,  367, 1004, 1007,  880,  517,  614,  594,  696,  660,  520,  330,  837,  773, 1045,  723, 1153, 1144,  743,  701,  657, 1014,  949,  307,  987,  519,  876,  812,  717, 1042,  423,  919, 1051,  739,  498,  658,  861, 1037,  805, 1019,  867,  993,  659, 1108,  100,  920,  874,  749, 1215,  838,  837,  687,  894,  777,  577,  517,  614,  740,  852,  640,  768,  780,  639,  732,  946,  491,  331,  313,  537,  877,  486, 1076, 1351, 1183,  903,  329,  541, 1117,  596,  309, 1105,  813,  499,  893,  889,  366,  629,  226, 1060,  933,  608,  704, 1118,  671,  295,  650,  343,  408, 1048,  910,  680,  118,  592,  893, 1025,  314,  865,   76,  914,  921, 1302,  867,  603,  340,  566,  821,  321,  208,  657,  821, 1017,  853,  851,  217,  844, 1237, 1201,  618,  962, 1022,  739,  727,  946,  467,   95,  344,  972, 1271,  640,  221,  742,  724,  924, 1198,  197,  581,  621,  578,  482, 1016,  744,  932,  915,  592,  645,  825],
        [  363,    0,  626,  259,  662,  196,  802,  623,  103,   67,  442,  376,  678,  262,  214,  608,  551,  556,  262,  444,  765,  721,  850,  501,  802,    0, 1019,  471,  403,  845,  893,  431,  203,  555,  194,  560,  812,  608,  650,  506,  674,  399,  480,  400,   88,  315,  516,  744,  295,  522,  890,  332,  318,  838,   91,  596,  523,  123,  381,  363,  359,  253,  887,  817,  182,  220,  736,  361,  223,  389,  765,  251,   73,  129,  506,  534,  409,  709,  714,  671,  423,  289,  239,   64,  279,  527,  208,  338,  235,  727,  988,  512,  685,  730,  773,  364,  412,  303,  701,  546,  301,  482,  279,  398,  652,  551,  475,  318,  597,  877,  524,  567,  731,  582,  348,  258,  771,  867,  733,  148,  507,  522,  471,  581,  738,  114,  207,  695,  639,  258,  561,  543,  921,  736,  822,  934,  706,  654,  568,  705,  357,   25,  767,  616,  850,  131,  458,  967,  677,  597,  183,  569,  530,  437,  195,  223,  610,  559,  668,  406,  710,  495,  264,  700,  230,  583,  584,  392,  127,  691,  606,  785,  185,  224,  664,  762,  521,  136,  128,  321,  243,  730],
        [  748,    0,  480, 1277,  358, 1189,  278,  403, 1028, 1004,  591,  981,  508,  911, 1170,  912,  861,  602, 1084,  598,  352,  540,  174,  558,  940, 1019,    0,  769,  804,  293,  129,  655,  879,  495,  829,  467,  421,  665,  389,  521,  539,  622,  932, 1039,  934,  704,  508,  422,  862,  988,  216,  777,  768,  182, 1007,  626,  641, 1047,  895,  659,  761,  775,  132,  362, 1173, 1167,  307,  839,  808,  981,  841,  878, 1054,  890, 1010,  517,  648,  327,  348,  349,  627,  947,  816,  978,  790,  502,  818,  695, 1085,  298,   48,  594,  623,  629,  406,  721,  702, 1063,  987,  891, 1306,  830,  841,  984,  416,  742,  857,  728,  520,  153,  560,  659,  345,  850,  954,  884,  343,  237,  564, 1019,  880,  505,  955,  607,  468, 1046,  819,  955,  428,  844,  647,  745,   99,  885,  232,   97,  887,  401,  479,  607,  703, 1015,  620,  816,  284, 1138,  757,   88,  366,  835, 1190,  958,  946,  596, 1006, 1110,  409,  460,  443,  729,  931,  768,  928,  840,  810,  920,  435,  628, 1055,  730,  908,  363,  973,  931,  492,  403,  500, 1120, 1130,  729,  791,  296],
        [  138,    0,  609,  682,  467,  547,  673,  405,  552,  509,  276,  223,  284,  595,  502,  205,  805,  632,  699,  456,  683,  295,  601,  506,  367,  471,  769,    0,  638,  738,  671,  167,  270,  301,  335,  360,  419,  152,  539,  440,  714,  368,  787,  782,  399,  336,  340,  709,  583,  228,  741,  155,  510,  601,  400,  695,  129,  577,  684,  379,  132,  293,  656,  750,  533,  690,  594,  626,  297,  743,  306,  555,  541,  395,  848,  504,  479,  452,  606,  500,  229,  230,  255,  408,  485,  329,  403,  416,  385,  492,  758,  185,  233,  273,  399,  513,  126,  720,  986,  817,  656,   66,  193,  752,  356,   81,  739,  447,  250,  672,  547,  127,  425,  148,  695,  568,  437,  550,  789,  371,  124,  335,  187,  170,  733,  570,  318,  291,  346,  527,  675,   73,  675,  293,  662,  716,  942,  564,  316,  256,  201,  487,  309,  161,  514,  528,  654,  691,  559,  152,  566,  871,  834,  275,  608,  679,  446,  417,  632,  102,  290,   25,  609,  913,  278,  195,  438,  369,  583,  847,  201,  431,  314,  262,  288,  716,  418,  606,  596,  225,  281,  560],
        [  502,    0,  328,  604,  497,  594,  536,  497,  338,  345,  414,  678,  685,  155,  616,  835,  171,  212,  308,  249,  472,  749,  668,  258, 1004,  403,  804,  638,    0,  553,  678,  495,  449,  501,  340,  457,  779,  707,  421,  326,  320,  302,  160,  236,  371,  303,  426,  423,  110,  799,  618,  493,  129,  649,  463,  224,  601,  342,   91,  273,  510,  356,  682,  502,  581,  426,  498,   48,  367,  178,  933,  153,  384,  328,  236,  298,  196,  579,  457,  483,  440,  586,  414,  415,  161,  447,  262,  227,  614,  570,  762,  547,  759,  805,  729,  132,  518,  273,  349,  180,  683,  685,  496,  182,  578,  698,  102,  191,  594,  652,  246,  661,  635,  784,  153,  148,  688,  742,  359,  516,  735,  436,  742,  641,  398,  348,  351,  925,  570,  149,  189,  692,  721,  928,  574,  708,  321,  404,  504,  770,  438,  382,  833,  796,  748,  526,   62,  783,  441,  789,  573,  235,  201,  411,  263,  354,  446,  408,  370,  537,  926,  660,  164,  305,  386,  818,  420,  297,  348,  289,  831,  717,  516,  519,  658,  445,  362,  422,  445,  413,  374,  517],
        [  665,    0,  229, 1096,  274, 1034,   67,  336,  829,  814,  485,  913,  553,  683, 1029,  922,  581,  341,  853,  402,   83,  611,  254,  346, 1007,  845,  293,  738,  553,    0,  204,  583,  753,  438,  674,  379,  538,  686,  210,  349,  254,  461,  661,  781,  770,  548,  405,  136,  631,  964,   78,  686,  551,  235,  857,  349,  620,  844,  641,  489,  680,  633,  221,   69, 1018,  954,  145,  594,  665,  725,  910,  657,  864,  721,  737,  312,  440,  322,  139,  239,  533,  855,  689,  819,  581,  412,  638,  508,  967,  277,  246,  555,  678,  703,  499,  500,  634,  823,  696,  612, 1145,  804,  740,  726,  412,  742,  588,  529,  515,  172,  329,  661,  387,  857,  705,  660,  424,  382,  272,  884,  861,  407,  919,  611,  178,  846,  669,  988,  417,  627,  376,  741,  252,  939,  104,  204,  596,  196,  424,  671,  601,  836,  709,  837,  420,  973,  498,  317,  185,  848, 1027,  677,  669,  489,  787,  889,  293,  330,  186,  664,  971,  746,  697,  549,  674,  921,  305,  467,  852,  439,  918,  459,  850,  818,  526,  115,  349,  923,  939,  614,  654,  183],
        [  636,    0,  358, 1152,  235, 1067,  167,  285,  900,  877,  472,  875,  431,  784, 1050,  830,  744,  481,  956,  470,  243,  475,   77,  431,  880,  893,  129,  671,  678,  204,    0,  544,  759,  383,  705,  347,  374,  583,  261,  394,  428,  495,  810,  914,  810,  579,  388,  315,  735,  895,  139,  663,  640,   72,  884,  509,  544,  919,  769,  532,  650,  652,   22,  269, 1050, 1039,  181,  713,  685,  856,  781,  750,  927,  765,  889,  390,  520,  220,  225,  223,  510,  835,  696,  854,  661,  384,  691,  567,  969,  183,   95,  490,  553,  568,  346,  593,  593,  936,  878,  773, 1183,  735,  726,  859,  316,  654,  735,  600,  424,   33,  433,  569,  257,  766,  828,  756,  273,  196,  463,  899,  788,  385,  858,  517,  364,  919,  695,  882,  326,  716,  528,  655,   50,  820,  116,   46,  781,  275,  367,  541,  586,  889,  565,  737,  241, 1014,  634,  117,  239,  753, 1066,  841,  827,  476,  878,  982,  284,  334,  323,  621,  860,  673,  800,  735,  688,  834,  309,  502,  927,  625,  826,  302,  855,  814,  409,  299,  373,  993, 1003,  610,  669,  168],
        [   94,    0,  443,  677,  321,  562,  521,  262,  487,  448,  109,  335,  248,  481,  532,  371,  656,  468,  613,  292,  524,  295,  481,  340,  517,  431,  655,  167,  495,  583,  544,    0,  245,  162,  250,  207,  382,  215,  379,  273,  547,  207,  650,  667,  345,  196,  179,  544,  459,  386,  595,  124,  372,  476,  386,  530,  110,  512,  553,  224,  107,  192,  531,  590,  546,  635,  441,  491,  213,  622,  440,  439,  491,  321,  718,  337,  321,  328,  448,  350,   63,  293,  193,  374,  355,  172,  296,  268,  435,  361,  636,   81,  277,  324,  345,  365,   51,  624,  837,  672,  679,  231,  191,  631,  245,  208,  595,  305,  168,  539,  381,  169,  324,  311,  575,  451,  354,  461,  622,  382,  289,  176,  338,  160,  567,  507,  233,  454,  232,  406,  511,  203,  557,  441,  516,  589,  786,  402,  177,  293,   77,  439,  357,  311,  435,  524,  503,  586,  401,  310,  571,  729,  695,  108,  520,  608,  291,  256,  467,   81,  448,  183,  497,  755,  203,  362,  279,  208,  519,  684,  367,  362,  330,  282,  234,  552,  252,  561,  559,  114,  193,  413],
        [  165,    0,  559,  434,  526,  318,  699,  476,  284,  240,  288,  230,  487,  360,  293,  424,  618,  528,  436,  370,  679,  525,  705,  432,  614,  203,  879,  270,  449,  753,  759,  245,    0,  391,  110,  413,  624,  406,  545,  405,  637,  294,  574,  538,  130,  211,  372,  677,  364,  361,  783,  132,  326,  697,  143,  583,  326,  309,  468,  273,  159,  123,  750,  740,  302,  420,  624,  422,   95,  509,  569,  326,  271,  139,  623,  452,  360,  556,  615,  545,  254,  138,   65,  140,  289,  377,  188,  278,  215,  581,  854,  325,  484,  529,  589,  352,  216,  463,  791,  622,  436,  287,   77,  519,  483,  350,  544,  285,  412,  748,  466,  366,  564,  390,  462,  339,  597,  701,  707,  141,  321,  375,  305,  384,  684,  301,  102,  515,  470,  309,  552,  342,  780,  545,  708,  803,  769,  558,  405,  505,  179,  217,  566,  420,  678,  280,  486,  817,  571,  403,  327,  664,  625,  284,  349,  412,  481,  433,  596,  206,  525,  294,  370,  751,   81,  402,  460,  289,  314,  712,  422,  606,   98,   74,  476,  691,  406,  338,  329,  151,  101,  608],
