{
    "name": "random-14-11365",
    "comment": "size=14 seed=11365",
    "nodes": ["+0", "-0", "+1", "-1", "+2", "-2", "+3", "-3", "+4", "-4", "+5", "-5", "+6", "-6", "+7", "-7", "+8", "-8", "+9", "-9", "+10", "-10", "+11", "-11", "+12", "-12", "+13", "-13", "+14", "-14"],
    "precedence": {
        "+0": "-0",
        "+1": "-1",
        "+2": "-2",
        "+3": "-3",
        "+4": "-4",
        "+5": "-5",
        "+6": "-6",
        "+7": "-7",
        "+8": "-8",
        "+9": "-9",
        "+10": "-10",
        "+11": "-11",
        "+12": "-12",
        "+13": "-13",
        "+14": "-14"
    },
    "edges": [
        [    0,    0,  281,  776,  508,  831,  597,  390,  545,   78,  669,  675,  296,  638,  107,  377,  456,  472,  714,  385,  669,  414,  250,  502,  601,  208,  336,  634,  497,  484],
        [    0,    0,  281,  776,  508,  831,  597,  390,  545,   78,  669,  675,  296,  638,  107,  377,  456,  472,  714,  385,  669,  414,  250,  502,  601,  208,  336,  634,  497,  484],
        [  281,  281,    0,  553,  497,  638,  476,  112,  307,  261,  419,  396,  411,  497,  216,  489,  179,  192,  514,  405,  459,  178,  132,  531,  379,  310,  357,  434,  488,  495],
        [  776,  776,  553,    0,  515,  920,  911,  510,  628,  790,  166,  358,  963,  256,  672,  701,  486,  453,   93,  556,  765,  604,  680,  589,  696,  650,  558,  151, 1007, 1022],
        [  508,  508,  497,  515,    0, 1116,  972,  561,  773,  568,  528,  679,  795,  265,  417,  222,  600,  584,  423,  123,  934,  663,  602,   75,  851,  302,  173,  381,  953,  951],
        [  831,  831,  638,  920, 1116,    0,  279,  556,  344,  764,  759,  563,  687, 1024,  824, 1126,  519,  540,  946, 1040,  183,  461,  588, 1161,  265,  941,  993,  894,  492,  526],
        [  597,  597,  476,  911,  972,  279,    0,  436,  288,  523,  747,  589,  413,  944,  615,  934,  434,  465,  910,  875,  218,  327,  381, 1002,  239,  744,  823,  841,  217,  251],
        [  390,  390,  112,  510,  561,  556,  436,    0,  214,  361,  357,  295,  473,  508,  328,  586,   68,   86,  489,  486,  374,  110,  189,  605,  292,  414,  441,  414,  499,  513],
        [  545,  545,  307,  628,  773,  344,  288,  214,    0,  494,  463,  302,  514,  691,  512,  794,  177,  201,  635,  699,  163,  134,  298,  818,   80,  616,  654,  572,  435,  460],
        [   78,   78,  261,  790,  568,  764,  523,  361,  494,    0,  671,  654,  228,  675,  153,  451,  426,  447,  736,  448,  607,  367,  197,  568,  543,  275,  396,  654,  420,  408],
        [  669,  669,  419,  166,  528,  759,  747,  357,  463,  671,    0,  203,  824,  315,  573,  676,  326,  292,  192,  532,  600,  444,  538,  599,  531,  581,  519,  165,  849,  866],
        [  675,  675,  396,  358,  679,  563,  589,  295,  302,  654,  203,    0,  756,  504,  598,  784,  234,  209,  394,  652,  415,  337,  480,  744,  356,  649,  624,  357,  727,  750],
        [  296,  296,  411,  963,  795,  687,  413,  473,  514,  228,  824,  756,    0,  883,  378,  672,  524,  554,  922,  675,  570,  423,  287,  795,  531,  501,  623,  840,  237,  213],
        [  638,  638,  497,  256,  265, 1024,  944,  508,  691,  675,  315,  504,  883,    0,  532,  469,  518,  491,  164,  331,  849,  617,  627,  338,  769,  466,  349,  151,  985,  992],
        [  107,  107,  216,  672,  417,  824,  615,  328,  512,  153,  573,  598,  378,  532,    0,  322,  394,  404,  609,  298,  652,  378,  239,  421,  577,  133,  246,  529,  551,  544],
        [  377,  377,  489,  701,  222, 1126,  934,  586,  794,  451,  676,  784,  672,  469,  322,    0,  642,  637,  613,  146,  948,  667,  554,  170,  868,  191,  161,  555,  868,  858],
        [  456,  456,  179,  486,  600,  519,  434,   68,  177,  426,  326,  234,  524,  518,  394,  642,    0,   34,  477,  534,  339,  119,  246,  649,  256,  475,  493,  408,  524,  542],
        [  472,  472,  192,  453,  584,  540,  465,   86,  201,  447,  292,  209,  554,  491,  404,  637,   34,    0,  445,  524,  361,  153,  273,  636,  280,  477,  485,  377,  558,  575],
        [  714,  714,  514,   93,  423,  946,  910,  489,  635,  736,  192,  394,  922,  164,  609,  613,  477,  445,    0,  469,  782,  591,  645,  497,  708,  574,  475,   82,  986,  998],
        [  385,  385,  405,  556,  123, 1040,  875,  486,  699,  448,  532,  652,  675,  331,  298,  146,  534,  524,  469,    0,  858,  580,  498,  128,  776,  179,   54,  409,  841,  837],
        [  669,  669,  459,  765,  934,  183,  218,  374,  163,  607,  600,  415,  570,  849,  652,  948,  339,  361,  782,  858,    0,  281,  420,  979,   83,  765,  812,  724,  422,  454],
        [  414,  414,  178,  604,  663,  461,  327,  110,  134,  367,  444,  337,  423,  617,  378,  667,  119,  153,  591,  580,  281,    0,  171,  703,  202,  485,  532,  518,  406,  424],
        [  250,  250,  132,  680,  602,  588,  381,  189,  298,  197,  538,  480,  287,  627,  239,  554,  246,  273,  645,  498,  420,  171,    0,  626,  351,  364,  446,  564,  361,  365],
        [  502,  502,  531,  589,   75, 1161, 1002,  605,  818,  568,  599,  744,  795,  338,  421,  170,  649,  636,  497,  128,  979,  703,  626,    0,  896,  295,  181,  454,  968,  963],
        [  601,  601,  379,  696,  851,  265,  239,  292,   80,  543,  531,  356,  531,  769,  577,  868,  256,  280,  708,  776,   83,  202,  351,  896,    0,  686,  730,  647,  416,  445],
        [  208,  208,  310,  650,  302,  941,  744,  414,  616,  275,  581,  649,  501,  466,  133,  191,  475,  477,  574,  179,  765,  485,  364,  295,  686,    0,  132,  500,  683,  675],
        [  336,  336,  357,  558,  173,  993,  823,  441,  654,  396,  519,  624,  623,  349,  246,  161,  493,  485,  475,   54,  812,  532,  446,  181,  730,  132,    0,  409,  788,  784],
        [  634,  634,  434,  151,  381,  894,  841,  414,  572,  654,  165,  357,  840,  151,  529,  555,  408,  377,   82,  409,  724,  518,  564,  454,  647,  500,  409,    0,  909,  920],
        [  497,  497,  488, 1007,  953,  492,  217,  499,  435,  420,  849,  727,  237,  985,  551,  868,  524,  558,  986,  841,  422,  406,  361,  968,  416,  683,  788,  909,    0,   35],
        [  484,  484,  495, 1022,  951,  526,  251,  513,  460,  408,  866,  750,  213,  992,  544,  858,  542,  575,  998,  837,  454,  424,  365,  963,  445,  675,  784,  920,   35,    0]
    ]
}
