{
    "name": "random-43-4877",
    "comment": "size=43 seed=4877",
    "nodes": ["+0", "-0", "+1", "-1", "+2", "-2", "+3", "-3", "+4", "-4", "+5", "-5", "+6", "-6", "+7", "-7", "+8", "-8", "+9", "-9", "+10", "-10", "+11", "-11", "+12", "-12", "+13", "-13", "+14", "-14", "+15", "-15", "+16", "-16", "+17", "-17", "+18", "-18", "+19", "-19", "+20", "-20", "+21", "-21", "+22", "-22", "+23", "-23", "+24", "-24", "+25", "-25", "+26", "-26", "+27", "-27", "+28", "-28", "+29", "-29", "+30", "-30", "+31", "-31", "+32", "-32", "+33", "-33", "+34", "-34", "+35", "-35", "+36", "-36", "+37", "-37", "+38", "-38", "+39", "-39", "+40", "-40", "+41", "-41", "+42", "-42", "+43", "-43"],
    "precedence": {
        "+0": "-0",
        "+1": "-1",
        "+2": "-2",
        "+3": "-3",
        "+4": "-4",
        "+5": "-5",
        "+6": "-6",
        "+7": "-7",
        "+8": "-8",
        "+9": "-9",
        "+10": "-10",
        "+11": "-11",
        "+12": "-12",
        "+13": "-13",
        "+14": "-14",
        "+15": "-15",
        "+16": "-16",
        "+17": "-17",
        "+18": "-18",
        "+19": "-19",
        "+20": "-20",
        "+21": "-21",
        "+22": "-22",
        "+23": "-23",
        "+24": "-24",
        "+25": "-25",
        "+26": "-26",
        "+27": "-27",
        "+28": "-28",
        "+29": "-29",
        "+30": "-30",
        "+31": "-31",
        "+32": "-32",
        "+33": "-33",
        "+34": "-34",
        "+35": "-35",
        "+36": "-36",
        "+37": "-37",
        "+38": "-38",
        "+39": "-39",
        "+40": "-40",
        "+41": "-41",
        "+42": "-42",
        "+43": "-43"
    },
    "edges": [
        [    0,    0,  453,  281,  180,  326,  518,  459,  643,  361,  382,  417,  566,  260,  230,  718,  235,  540,  287,  113,  673,  119,  331,  544,  390,  479,  744,  528,  751,  931,  498,  395,  190,  208,  389,  734,  284,  403,  723,  332,  555,  260,  733,  445,  734,  563,  588,  178,  739,  548,  662,  724,  234,  681,  306,   43,  296,  280,  403,  627,  597,  588,   85,  175,  545,  121,  237,  468,  417,  635,  765,  274,  315,  642,  549,  494,  685,  321,  486,  233,  465,  592,  307,  588,  106,  502,  226,  667],
        [    0,    0,    0,    0,    0,    0,    0,    0,    0,    0,    0,    0,    0,    0,    0,    0,    0,    0,    0,    0,    0,    0,    0,    0,    0,    0,    0,    0,    0,    0,    0,    0,    0,    0,    0,    0,    0,    0,    0,    0,    0,    0,    0,    0,    0,    0,    0,    0,    0,    0,    0,    0,    0,    0,    0,    0,    0,    0,    0,    0,    0,    0,    0,    0,    0,    0,    0,    0,    0,    0,    0,    0,    0,    0,    0,    0,    0,    0,    0,    0,    0,    0,    0,    0,    0,    0,    0,    0],
        [  453,    0,    0,  327,  581,  719,  148,  804,  591,  369,  342,  110,  144,  421,  541,  736,  543,  855,  705,  531,  735,  406,  180,  682,  109,  337,  973,  447, 1008,  704,  504,  815,  269,  648,  795,  753,  198,  377,  537,  483,  225,  231,  873,  759,  959,  846,  205,  345,  599,  122,  468,  960,  604,  269,  758,  490,  733,  610,  810,  851,  308,  213,  477,  626,  124,  476,  677,   53,   81,  721,  727,  676,  232,  947,  113,  496,  756,  471,  639,  660,  715,  303,  466,  590,  496,   83,  292,  385],
        [  281,    0,  327,    0,  460,  424,  310,  737,  779,  489,  487,  367,  471,   97,  488,  892,  493,  814,  566,  290,  864,  333,  148,  760,  339,  547, 1001,  637, 1015,  986,  649,  530,  167,  480,  668,  909,  144,  522,  792,  532,  316,  118,  959,  716,  989,  830,  368,  104,  835,  448,  723,  982,  510,  595,  543,  322,  474,  549,  681,  879,  596,  363,  355,  434,  450,  220,  507,  370,  254,  835,  915,  555,   97,  915,  440,  643,  881,  518,  704,  510,  719,  331,  506,  746,  250,  331,   79,  676],
        [  180,    0,  581,  460,    0,  393,  671,  281,  592,  361,  395,  518,  670,  435,  112,  630,  116,  365,  125,  233,  573,  175,  492,  428,  495,  499,  582,  510,  581,  920,  450,  417,  345,   98,  219,  644,  442,  400,  714,  269,  717,  424,  598,  272,  573,  394,  742,  356,  710,  655,  665,  560,   62,  771,  237,  141,  305,  122,  234,  471,  646,  743,  111,  128,  650,  280,  118,  582,  563,  530,  693,   99,  484,  466,  660,  449,  580,  264,  373,   86,  313,  761,  252,  524,  254,  643,  400,  703],
        [  326,    0,  719,  424,  393,    0,  732,  616,  960,  686,  708,  715,  852,  332,  498, 1017,  503,  709,  404,  214,  963,  442,  552,  821,  685,  804,  949,  852,  934, 1256,  814,  111,  458,  321,  482, 1032,  522,  728, 1048,  638,  737,  489,  988,  636,  942,  755,  791,  375, 1062,  831,  988,  925,  451,  975,  254,  320,  125,  512,  487,  850,  915,  786,  381,  270,  830,  247,  328,  748,  659,  921, 1074,  429,  511,  801,  828,  811,  972,  630,  765,  363,  699,  742,  615,  899,  236,  743,  430,  988],
        [  518,    0,  148,  310,  671,  732,    0,  917,  738,  510,  485,  257,  246,  406,  651,  883,  653,  975,  794,  573,  881,  501,  190,  823,  252,  484, 1109,  594, 1140,  832,  650,  836,  330,  725,  889,  900,  235,  521,  676,  615,   78,  262, 1016,  878, 1095,  972,   71,  370,  742,  227,  608, 1095,  704,  350,  818,  560,  770,  720,  905,  986,  442,   74,  562,  692,  233,  508,  754,  195,  113,  866,  874,  770,  223, 1071,  211,  642,  902,  602,  777,  743,  843,  158,  596,  737,  534,   72,  312,  515],
        [  459,    0,  804,  737,  281,  616,  917,    0,  584,  485,  524,  718,  861,  716,  266,  548,  264,   93,  213,  504,  477,  422,  751,  336,  703,  613,  337,  571,  318,  939,  479,  596,  607,  305,  148,  557,  701,  508,  757,  351,  972,  688,  422,   66,  332,  146,  987,  634,  722,  851,  729,  313,  227,  939,  378,  421,  499,  198,  152,  258,  775,  991,  383,  362,  844,  559,  291,  792,  804,  432,  634,  198,  752,  189,  861,  483,  472,  359,  309,  262,  172, 1024,  357,  507,  531,  877,  672,  809],
        [  643,    0,  591,  779,  592,  960,  738,  584,    0,  295,  292,  483,  539,  830,  480,  157,  477,  565,  664,  754,  190,  525,  682,  260,  496,  255,  525,  147,  586,  356,  146, 1004,  616,  688,  686,  171,  651,  258,  192,  326,  816,  667,  359,  519,  511,  514,  789,  712,  139,  546,  200,  526,  553,  540,  825,  642,  892,  502,  699,  439,  346,  799,  580,  716,  537,  755,  702,  545,  649,  207,  139,  620,  720,  607,  563,  149,  212,  332,  276,  663,  414,  893,  346,   77,  748,  670,  703,  325],
        [  361,    0,  369,  489,  361,  686,  510,  485,  295,    0,   40,  264,  387,  536,  266,  405,  264,  515,  467,  474,  385,  244,  408,  314,  260,  139,  605,  168,  644,  573,  161,  744,  324,  457,  526,  422,  370,   43,  364,  134,  581,  381,  508,  428,  592,  494,  572,  418,  379,  381,  308,  594,  346,  455,  595,  368,  636,  319,  542,  485,  296,  580,  312,  469,  373,  466,  478,  339,  404,  363,  428,  425,  440,  597,  393,  155,  404,  127,  271,  445,  362,  652,  131,  258,  462,  451,  412,  345],
        [  382,    0,  342,  487,  395,  708,  485,  524,  292,   40,    0,  234,  351,  540,  302,  414,  301,  553,  503,  495,  401,  268,  396,  341,  234,  104,  637,  154,  677,  549,  171,  770,  325,  490,  565,  431,  362,   38,  341,  173,  558,  376,  532,  467,  623,  531,  546,  423,  363,  346,  281,  626,  383,  416,  628,  393,  663,  358,  580,  517,  258,  554,  340,  499,  338,  482,  512,  309,  382,  382,  429,  462,  432,  634,  359,  163,  421,  166,  302,  479,  398,  631,  170,  265,  481,  424,  411,  309],
        [  417,    0,  110,  367,  518,  715,  257,  718,  483,  264,  234,    0,  153,  451,  462,  627,  463,  763,  641,  512,  625,  345,  231,  575,   30,  229,  868,  338,  906,  625,  394,  801,  258,  596,  724,  644,  224,  269,  444,  385,  334,  253,  764,  670,  855,  749,  314,  353,  501,  138,  374,  857,  531,  265,  717,  448,  710,  529,  740,  747,  231,  323,  422,  582,  133,  468,  623,   77,  169,  611,  621,  607,  281,  852,  144,  387,  646,  373,  534,  601,  617,  410,  370,  480,  482,  192,  312,  311],
        [  566,    0,  144,  471,  670,  852,  246,  861,  539,  387,  351,  153,    0,  563,  610,  693,  611,  899,  793,  656,  706,  498,  324,  683,  178,  303,  982,  407, 1026,  587,  486,  944,  395,  748,  874,  709,  337,  379,  443,  517,  319,  370,  859,  809,  968,  880,  272,  481,  516,   23,  380,  973,  681,  125,  868,  599,  856,  676,  890,  865,  208,  283,  575,  733,   23,  607,  775,  105,  223,  701,  667,  758,  375,  983,   36,  478,  728,  508,  649,  753,  748,  398,  507,  556,  623,  178,  431,  274],
        [  260,    0,  421,   97,  435,  332,  406,  716,  830,  536,  540,  451,  563,    0,  486,  932,  490,  799,  528,  231,  898,  342,  242,  782,  422,  612, 1002,  694, 1009, 1059,  693,  441,  217,  436,  630,  949,  229,  572,  861,  557,  406,  198,  978,  704,  991,  822,  461,  119,  898,  541,  793,  981,  492,  688,  478,  295,  395,  538,  642,  882,  677,  456,  342,  385,  542,  163,  462,  461,  349,  865,  963,  524,  193,  900,  534,  688,  913,  544,  724,  472,  720,  411,  530,  790,  194,  427,  141,  756],
        [  230,    0,  541,  488,  112,  498,  651,  266,  480,  266,  302,  462,  610,  486,    0,  520,    6,  332,  202,  317,  466,  160,  487,  325,  444,  404,  516,  404,  528,  812,  339,  528,  346,  209,  267,  535,  437,  301,  608,  159,  706,  426,  506,  232,  506,  343,  721,  387,  601,  598,  562,  497,   81,  701,  346,  205,  416,   69,  283,  397,  559,  725,  146,  239,  592,  348,  224,  533,  538,  424,  582,  160,  491,  431,  606,  339,  474,  156,  268,  186,  235,  760,  145,  412,  328,  612,  418,  610],
        [  718,    0,  736,  892,  630, 1017,  883,  548,  157,  405,  414,  627,  693,  932,  520,    0,  516,  505,  675,  823,   73,  604,  810,  217,  636,  401,  406,  291,  471,  438,  245, 1045,  726,  719,  673,   18,  774,  377,  327,  386,  960,  786,  224,  486,  393,  445,  937,  815,  253,  699,  352,  412,  579,  696,  848,  708,  934,  521,  684,  346,  503,  946,  644,  757,  690,  836,  727,  693,  789,  117,   93,  633,  844,  523,  716,  252,   85,  397,  262,  687,  380, 1036,  412,  150,  824,  816,  814,  479],
        [  235,    0,  543,  493,  116,  503,  653,  264,  477,  264,  301,  463,  611,  490,    6,  516,    0,  328,  204,  322,  461,  163,  490,  320,  445,  403,  512,  402,  523,  809,  336,  532,  349,  212,  267,  530,  440,  299,  605,  156,  709,  430,  501,  229,  501,  339,  724,  392,  597,  599,  559,  492,   83,  701,  350,  210,  420,   67,  283,  393,  558,  727,  151,  243,  593,  353,  227,  534,  541,  419,  578,  162,  495,  428,  607,  335,  469,  153,  263,  189,  230,  763,  143,  408,  333,  614,  422,  608],
        [  540,    0,  855,  814,  365,  709,  975,   93,  565,  515,  553,  763,  899,  799,  332,  505,  328,    0,  306,  592,  432,  491,  818,  306,  751,  632,  247,  576,  226,  918,  480,  688,  677,  396,  237,  511,  768,  532,  747,  382, 1034,  757,  351,  100,  243,   65, 1045,  711,  703,  891,  728,  222,  307,  967,  470,  504,  591,  267,  238,  183,  793, 1049,  461,  453,  884,  645,  383,  838,  863,  390,  595,  289,  822,  102,  902,  485,  424,  392,  295,  353,  161, 1090,  394,  489,  618,  931,  747,  819],
        [  287,    0,  705,  566,  125,  404,  794,  213,  664,  467,  503,  641,  793,  528,  202,  675,  204,  306,    0,  304,  610,  300,  612,  461,  619,  605,  546,  602,  531, 1006,  530,  393,  465,   96,  103,  687,  562,  502,  805,  355,  837,  542,  601,  234,  540,  352,  864,  465,  791,  778,  761,  522,  121,  891,  179,  245,  290,  163,  116,  451,  758,  865,  232,  153,  773,  366,   78,  706,  686,  565,  749,   44,  600,  400,  784,  530,  613,  355,  413,   57,  313,  878,  345,  590,  336,  767,  512,  811],
        [  113,    0,  531,  290,  233,  214,  573,  504,  754,  474,  495,  512,  656,  231,  317,  823,  322,  592,  304,    0,  775,  231,  384,  639,  483,  591,  814,  641,  812, 1043,  608,  291,  263,  209,  404,  839,  343,  516,  835,  438,  595,  313,  822,  503,  805,  625,  639,  204,  852,  636,  774,  792,  294,  775,  253,  115,  203,  351,  415,  702,  704,  636,  179,  155,  633,   71,  233,  554,  483,  735,  873,  307,  353,  692,  635,  605,  786,  428,  582,  248,  542,  619,  414,  697,   41,  569,  262,  775],
        [  673,    0,  735,  864,  573,  963,  881,  477,  190,  385,  401,  625,  706,  898,  466,   73,  461,  432,  610,  775,    0,  563,  793,  150,  630,  406,  343,  299,  407,  505,  232,  987,  698,  660,  604,   81,  754,  363,  376,  344,  956,  762,  170,  415,  329,  373,  938,  782,  309,  709,  390,  347,  520,  721,  786,  660,  875,  460,  614,  275,  526,  947,  596,  700,  700,  792,  666,  695,  781,   46,  165,  570,  823,  451,  725,  239,   23,  356,  201,  625,  310, 1030,  370,  150,  778,  816,  786,  513],
        [  119,    0,  406,  333,  175,  442,  501,  422,  525,  244,  268,  345,  498,  342,  160,  604,  163,  491,  300,  231,  563,    0,  330,  441,  322,  368,  669,  411,  684,  816,  380,  503,  187,  251,  391,  621,  280,  286,  607,  220,  552,  267,  636,  392,  658,  501,  572,  234,  621,  482,  549,  650,  203,  604,  378,  126,  397,  225,  406,  547,  497,  574,   80,  244,  477,  232,  278,  408,  391,  528,  648,  271,  332,  591,  487,  376,  577,  208,  383,  257,  387,  603,  194,  472,  223,  470,  260,  563],
        [  331,    0,  180,  148,  492,  552,  190,  751,  682,  408,  396,  231,  324,  242,  487,  810,  490,  818,  612,  384,  793,  330,    0,  708,  206,  436,  976,  536,  999,  855,  566,  653,  147,  539,  710,  827,   51,  433,  670,  485,  225,   73,  907,  719,  963,  822,  258,  182,  721,  301,  600,  959,  530,  448,  628,  373,  583,  554,  725,  852,  460,  257,  382,  504,  303,  320,  567,  224,  109,  769,  820,  591,   53,  916,  293,  559,  812,  471,  656,  560,  699,  273,  461,  661,  345,  191,  124,  541],
        [  544,    0,  682,  760,  428,  821,  823,  336,  260,  314,  341,  575,  683,  782,  325,  217,  320,  306,  461,  639,  150,  441,  708,    0,  573,  385,  301,  299,  350,  612,  204,  839,  596,  512,  457,  228,  664,  308,  446,  229,  893,  668,  201,  272,  287,  255,  886,  670,  398,  681,  436,  294,  373,  723,  637,  526,  729,  312,  467,  192,  534,  893,  463,  555,  673,  664,  517,  650,  715,  105,  300,  420,  731,  350,  695,  211,  154,  242,   59,  477,  166,  963,  254,  186,  647,  764,  682,  542],
        [  390,    0,  109,  339,  495,  685,  252,  703,  496,  260,  234,   30,  178,  422,  444,  636,  445,  751,  619,  483,  630,  322,  206,  573,    0,  242,  864,  349,  899,  650,  399,  772,  228,  571,  704,  653,  196,  270,  466,  376,  326,  225,  765,  656,  850,  739,  313,  323,  520,  161,  396,  852,  511,  293,  690,  422,  682,  512,  720,  742,  258,  320,  398,  556,  157,  438,  599,   90,  154,  614,  633,  586,  255,  841,  166,  392,  651,  364,  530,  578,  608,  401,  360,  488,  452,  191,  282,  338],
        [  479,    0,  337,  547,  499,  804,  484,  613,  255,  139,  104,  229,  303,  612,  404,  401,  403,  632,  605,  591,  406,  368,  436,  385,  242,    0,  685,  111,  733,  456,  184,  870,  395,  594,  664,  417,  411,  106,  251,  265,  561,  431,  557,  553,  671,  603,  537,  497,  288,  304,  186,  678,  485,  341,  731,  493,  764,  457,  679,  572,  163,  546,  442,  602,  296,  571,  616,  293,  395,  399,  392,  564,  478,  706,  320,  177,  428,  260,  358,  583,  473,  638,  266,  257,  573,  416,  476,  206],
        [  744,    0,  973, 1001,  582,  949, 1109,  337,  525,  605,  637,  868,  982, 1002,  516,  406,  512,  247,  546,  814,  343,  669,  976,  301,  864,  685,    0,  597,   69,  843,  504,  933,  847,  631,  483,  403,  928,  605,  716,  495, 1176,  925,  186,  315,   15,  195, 1174,  902,  651,  980,  720,   25,  520, 1023,  715,  714,  835,  466,  485,  125,  833, 1181,  660,  686,  972,  858,  622,  944,  998,  319,  496,  522,  991,  184,  994,  511,  324,  508,  335,  588,  283, 1241,  516,  465,  834, 1054,  927,  835],
        [  528,    0,  447,  637,  510,  852,  594,  571,  147,  168,  154,  338,  407,  694,  404,  291,  402,  576,  602,  641,  299,  411,  536,  299,  349,  111,  597,    0,  649,  411,   98,  907,  477,  608,  645,  307,  507,  126,  205,  248,  671,  523,  456,  507,  583,  537,  647,  576,  211,  411,  161,  592,  484,  429,  747,  534,  797,  443,  660,  490,  236,  656,  476,  627,  402,  632,  626,  403,  503,  296,  286,  559,  576,  639,  427,   92,  322,  249,  285,  590,  416,  748,  260,  149,  629,  526,  563,  246],
        [  751,    0, 1008, 1015,  581,  934, 1140,  318,  586,  644,  677,  906, 1026, 1009,  528,  471,  523,  226,  531,  812,  407,  684,  999,  350,  899,  733,   69,  649,    0,  909,  554,  911,  866,  620,  459,  470,  951,  647,  777,  526, 1205,  946,  254,  310,   80,  188, 1207,  914,  714, 1022,  778,   61,  521, 1072,  693,  717,  816,  471,  458,  161,  884, 1213,  668,  677, 1014,  861,  608,  982, 1029,  380,  562,  512, 1011,  142, 1035,  561,  389,  539,  377,  578,  301, 1268,  545,  523,  835, 1088,  943,  890],
        [  931,    0,  704,  986,  920, 1256,  832,  939,  356,  573,  549,  625,  587, 1059,  812,  438,  809,  918, 1006, 1043,  505,  816,  855,  612,  650,  456,  843,  411,  909,    0,  477, 1316,  845, 1018, 1037,  441,  843,  531,  209,  654,  906,  869,  660,  874,  830,  864,  857,  947,  218,  605,  270,  849,  890,  511, 1157,  940, 1207,  844, 1050,  777,  398,  869,  884, 1037,  599, 1026, 1035,  652,  782,  539,  349,  962,  904,  952,  622,  476,  521,  657,  631,  998,  769,  985,  669,  433, 1028,  762,  920,  320],
        [  498,    0,  504,  649,  450,  814,  650,  479,  146,  161,  171,  394,  486,  693,  339,  245,  336,  480,  530,  608,  232,  380,  566,  204,  399,  184,  504,   98,  554,  477,    0,  859,  484,  547,  563,  262,  530,  133,  281,  182,  725,  541,  375,  415,  490,  440,  708,  575,  262,  486,  251,  498,  415,  520,  685,  496,  748,  368,  577,  395,  330,  716,  434,  572,  478,  611,  562,  466,  550,  218,  271,  486,  599,  542,  502,    8,  253,  188,  188,  524,  320,  799,  201,   98,  603,  586,  572,  343],
        [  395,    0,  815,  530,  417,  111,  836,  596, 1004,  744,  770,  801,  944,  441,  528, 1045,  532,  688,  393,  291,  987,  503,  653,  839,  772,  870,  933,  907,  911, 1316,  859,    0,  549,  328,  453, 1059,  620,  786, 1108,  678,  844,  588,  992,  627,  928,  740,  897,  473, 1115,  923, 1051,  909,  467, 1064,  219,  378,  113,  528,  454,  844,  991,  892,  432,  289,  921,  339,  325,  841,  759,  943, 1109,  426,  614,  772,  921,  857,  992,  672,  786,  364,  703,  851,  658,  938,  321,  844,  530, 1061],
        [  190,    0,  269,  167,  345,  458,  330,  607,  616,  324,  325,  258,  395,  217,  346,  726,  349,  677,  465,  263,  698,  187,  147,  596,  228,  395,  847,  477,  866,  845,  484,  549,    0,  395,  563,  743,   97,  358,  645,  368,  372,   81,  796,  578,  835,  685,  400,  103,  681,  375,  577,  830,  385,  517,  494,  230,  464,  411,  578,  724,  471,  401,  235,  364,  373,  212,  424,  292,  228,  669,  751,  444,  146,  776,  373,  478,  715,  354,  541,  414,  567,  418,  343,  581,  229,  314,   89,  549],
        [  208,    0,  648,  480,   98,  321,  725,  305,  688,  457,  490,  596,  748,  436,  209,  719,  212,  396,   96,  209,  660,  251,  539,  512,  571,  594,  631,  608,  620, 1018,  547,  328,  395,    0,  195,  733,  491,  497,  812,  366,  762,  467,  670,  317,  624,  437,  795,  381,  808,  732,  762,  608,  141,  854,  139,  166,  217,  200,  206,  530,  738,  795,  174,   58,  727,  274,   29,  656,  621,  616,  786,  109,  522,  493,  735,  546,  665,  362,  460,   43,  380,  799,  350,  619,  243,  704,  432,  798],
        [  389,    0,  795,  668,  219,  482,  889,  148,  686,  526,  565,  724,  874,  630,  267,  673,  267,  237,  103,  404,  604,  391,  710,  457,  704,  664,  483,  645,  459, 1037,  563,  453,  563,  195,    0,  683,  660,  558,  843,  402,  935,  641,  566,  195,  479,  294,  960,  566,  819,  861,  806,  459,  193,  967,  235,  347,  361,  208,   17,  405,  822,  962,  329,  250,  855,  467,  172,  792,  780,  559,  754,  120,  700,  321,  868,  565,  603,  405,  418,  159,  295,  978,  398,  610,  437,  860,  613,  868],
        [  734,    0,  753,  909,  644, 1032,  900,  557,  171,  422,  431,  644,  709,  949,  535,   18,  530,  511,  687,  839,   81,  621,  827,  228,  653,  417,  403,  307,  470,  441,  262, 1059,  743,  733,  683,    0,  791,  394,  337,  403,  977,  803,  220,  495,  391,  451,  954,  832,  262,  714,  364,  410,  593,  710,  861,  724,  948,  534,  694,  349,  517,  963,  660,  771,  706,  852,  740,  709,  806,  126,   93,  646,  861,  526,  731,  269,   88,  413,  275,  700,  390, 1053,  428,  167,  840,  833,  831,  491],
        [  284,    0,  198,  144,  442,  522,  235,  701,  651,  370,  362,  224,  337,  229,  437,  774,  440,  768,  562,  343,  754,  280,   51,  664,  196,  411,  928,  507,  951,  843,  530,  620,   97,  491,  660,  791,    0,  398,  652,  439,  275,   34,  864,  669,  916,  773,  305,  148,  698,  315,  582,  912,  480,  462,  584,  325,  544,  504,  675,  804,  453,  305,  332,  458,  315,  283,  519,  234,  140,  729,  789,  541,   70,  866,  310,  523,  772,  426,  612,  511,  651,  324,  416,  626,  306,  226,   95,  533],
        [  403,    0,  377,  522,  400,  728,  521,  508,  258,   43,   38,  269,  379,  572,  301,  377,  299,  532,  502,  516,  363,  286,  433,  308,  270,  106,  605,  126,  647,  531,  133,  786,  358,  497,  558,  394,  398,    0,  322,  159,  595,  411,  496,  449,  591,  506,  582,  454,  337,  375,  267,  595,  382,  437,  635,  410,  677,  351,  574,  487,  268,  590,  354,  510,  367,  507,  517,  343,  419,  345,  394,  460,  468,  610,  389,  126,  383,  154,  271,  483,  375,  668,  161,  228,  504,  459,  445,  310],
        [  723,    0,  537,  792,  714, 1048,  676,  757,  192,  364,  341,  444,  443,  861,  608,  327,  605,  747,  805,  835,  376,  607,  670,  446,  466,  251,  716,  205,  777,  209,  281, 1108,  645,  812,  843,  337,  652,  322,    0,  451,  753,  675,  545,  691,  702,  700,  713,  747,   83,  457,   70,  717,  687,  405,  951,  732,  999,  644,  857,  629,  236,  724,  676,  830,  449,  820,  830,  485,  609,  397,  263,  761,  716,  795,  474,  278,  397,  452,  453,  794,  591,  832,  464,  261,  820,  604,  723,  178],
        [  332,    0,  483,  532,  269,  638,  615,  351,  326,  134,  173,  385,  517,  557,  159,  386,  156,  382,  355,  438,  344,  220,  485,  229,  376,  265,  495,  248,  526,  654,  182,  678,  368,  366,  402,  403,  439,  159,  451,    0,  681,  440,  428,  294,  482,  365,  682,  443,  443,  510,  407,  481,  237,  589,  504,  323,  567,  197,  417,  371,  426,  688,  260,  391,  503,  450,  382,  461,  504,  309,  437,  312,  505,  468,  521,  181,  358,   14,  174,  344,  233,  747,   27,  262,  438,  563,  454,  467],
        [  555,    0,  225,  316,  717,  737,   78,  972,  816,  581,  558,  334,  319,  406,  706,  960,  709, 1034,  837,  595,  956,  552,  225,  893,  326,  561, 1176,  671, 1205,  906,  725,  844,  372,  762,  935,  977,  275,  595,  753,  681,    0,  296, 1089,  936, 1163, 1034,   68,  392,  820,  302,  686, 1162,  754,  416,  846,  597,  787,  774,  950, 1052,  519,   58,  606,  726,  309,  528,  791,  273,  179,  940,  952,  815,  243, 1131,  285,  717,  977,  668,  847,  784,  907,   80,  661,  813,  555,  149,  335,  591],
        [  260,    0,  231,  118,  424,  489,  262,  688,  667,  381,  376,  253,  370,  198,  426,  786,  430,  757,  542,  313,  762,  267,   73,  668,  225,  431,  925,  523,  946,  869,  541,  588,   81,  467,  641,  803,   34,  411,  675,  440,  296,    0,  868,  658,  913,  765,  330,  115,  719,  348,  606,  908,  465,  495,  557,  302,  513,  492,  656,  801,  481,  329,  313,  432,  348,  252,  496,  267,  172,  736,  804,  522,   66,  857,  343,  535,  780,  427,  614,  489,  646,  338,  416,  638,  275,  257,   62,  561],
        [  733,    0,  873,  959,  598,  988, 1016,  422,  359,  508,  532,  764,  859,  978,  506,  224,  501,  351,  601,  822,  170,  636,  907,  201,  765,  557,  186,  456,  254,  660,  375,  992,  796,  670,  566,  220,  864,  496,  545,  428, 1089,  868,    0,  373,  175,  286, 1077,  867,  475,  860,  558,  197,  538,  884,  779,  711,  885,  477,  572,  169,  689, 1085,  650,  719,  852,  852,  668,  837,  911,  161,  312,  567,  931,  334,  876,  382,  148,  442,  255,  630,  290, 1159,  454,  311,  833,  955,  882,  680],
        [  445,    0,  759,  716,  272,  636,  878,   66,  519,  428,  467,  670,  809,  704,  232,  486,  229,  100,  234,  503,  415,  392,  719,  272,  656,  553,  315,  507,  310,  874,  415,  627,  578,  317,  195,  495,  669,  449,  691,  294,  936,  658,  373,    0,  308,  123,  947,  614,  656,  800,  665,  292,  213,  883,  410,  410,  524,  168,  202,  218,  715,  952,  364,  372,  793,  552,  309,  744,  765,  370,  571,  208,  723,  200,  810,  419,  412,  303,  243,  274,  107,  991,  303,  442,  526,  835,  648,  747],
        [  734,    0,  959,  989,  573,  942, 1095,  332,  511,  592,  623,  855,  968,  991,  506,  393,  501,  243,  540,  805,  329,  658,  963,  287,  850,  671,   15,  583,   80,  830,  490,  928,  835,  624,  479,  391,  916,  591,  702,  482, 1163,  913,  175,  308,    0,  189, 1161,  891,  637,  966,  706,   26,  511, 1009,  710,  704,  829,  457,  481,  112,  818, 1167,  650,  679,  958,  848,  615,  930,  985,  305,  483,  515,  978,  186,  980,  497,  311,  495,  321,  581,  272, 1228,  503,  451,  825, 1040,  916,  821],
        [  563,    0,  846,  830,  394,  755,  972,  146,  514,  494,  531,  749,  880,  822,  343,  445,  339,   65,  352,  625,  373,  501,  822,  255,  739,  603,  195,  537,  188,  864,  440,  740,  685,  437,  294,  451,  773,  506,  700,  365, 1034,  765,  286,  123,  189,    0, 1041,  729,  652,  874,  686,  171,  333,  941,  522,  530,  641,  284,  297,  118,  762, 1046,  481,  493,  866,  673,  428,  825,  860,  332,  536,  329,  831,  104,  886,  446,  363,  376,  253,  395,  133, 1093,  380,  440,  647,  924,  760,  783],
        [  588,    0,  205,  368,  742,  791,   71,  987,  789,  572,  546,  314,  272,  461,  721,  937,  724, 1045,  864,  639,  938,  572,  258,  886,  313,  537, 1174,  647, 1207,  857,  708,  897,  400,  795,  960,  954,  305,  582,  713,  682,   68,  330, 1077,  947, 1161, 1041,    0,  435,  782,  257,  647, 1161,  775,  358,  886,  629,  835,  790,  975, 1052,  477,   13,  632,  761,  264,  573,  823,  245,  183,  925,  923,  840,  287, 1140,  239,  700,  960,  669,  842,  814,  911,  134,  663,  792,  599,  123,  377,  545],
        [  178,    0,  345,  104,  356,  375,  370,  634,  712,  418,  423,  353,  481,  119,  387,  815,  392,  711,  465,  204,  782,  234,  182,  670,  323,  497,  902,  576,  914,  947,  575,  473,  103,  381,  566,  832,  148,  454,  747,  443,  392,  115,  867,  614,  891,  729,  435,    0,  781,  459,  679,  883,  407,  605,  454,  220,  401,  446,  580,  780,  572,  433,  252,  338,  459,  139,  409,  377,  286,  750,  845,  452,  149,  813,  455,  570,  797,  430,  613,  409,  619,  420,  417,  672,  165,  371,   59,  650],
        [  739,    0,  599,  835,  710, 1062,  742,  722,  139,  379,  363,  501,  516,  898,  601,  253,  597,  703,  791,  852,  309,  621,  721,  398,  520,  288,  651,  211,  714,  218,  262, 1115,  681,  808,  819,  262,  698,  337,   83,  443,  820,  719,  475,  656,  637,  652,  782,  781,    0,  528,  137,  654,  677,  485,  946,  744, 1004,  629,  833,  572,  309,  793,  685,  831,  520,  843,  824,  549,  668,  336,  182,  748,  765,  743,  545,  263,  329,  447,  414,  786,  553,  899,  460,  216,  840,  671,  763,  258],
        [  548,    0,  122,  448,  655,  831,  227,  851,  546,  381,  346,  138,   23,  541,  598,  699,  599,  891,  778,  636,  709,  482,  301,  681,  161,  304,  980,  411, 1022,  605,  486,  923,  375,  732,  861,  714,  315,  375,  457,  510,  302,  348,  860,  800,  966,  874,  257,  459,  528,    0,  392,  970,  668,  148,  850,  581,  837,  664,  877,  862,  221,  268,  558,  716,    9,  586,  759,   83,  200,  702,  675,  744,  353,  977,   18,  479,  731,  500,  646,  738,  741,  380,  498,  559,  603,  158,  409,  290],
        [  662,    0,  468,  723,  665,  988,  608,  729,  200,  308,  281,  374,  380,  793,  562,  352,  559,  728,  761,  774,  390,  549,  600,  436,  396,  186,  720,  161,  778,  270,  251, 1051,  577,  762,  806,  364,  582,  267,   70,  407,  686,  606,  558,  665,  706,  686,  647,  679,  137,  392,    0,  719,  642,  353,  901,  674,  943,  603,  820,  625,  173,  658,  620,  777,  384,  757,  782,  416,  540,  403,  302,  718,  647,  784,  410,  247,  412,  407,  434,  746,  569,  765,  417,  256,  758,  537,  655,  129],
        [  724,    0,  960,  982,  560,  925, 1095,  313,  526,  594,  626,  857,  973,  981,  497,  412,  492,  222,  522,  792,  347,  650,  959,  294,  852,  678,   25,  592,   61,  849,  498,  909,  830,  608,  459,  410,  912,  595,  717,  481, 1162,  908,  197,  292,   26,  171, 1161,  883,  654,  970,  719,    0,  498, 1017,  691,  692,  811,  445,  460,  110,  827, 1167,  640,  663,  962,  837,  598,  933,  984,  320,  503,  499,  974,  161,  984,  505,  329,  494,  325,  565,  264, 1226,  501,  464,  812, 1041,  909,  832],
        [  234,    0,  604,  510,   62,  451,  704,  227,  553,  346,  383,  531,  681,  492,   81,  579,   83,  307,  121,  294,  520,  203,  530,  373,  511,  485,  520,  484,  521,  890,  415,  467,  385,  141,  193,  593,  480,  382,  687,  237,  754,  465,  538,  213,  511,  333,  775,  407,  677,  668,  642,  498,    0,  776,  273,  198,  356,   62,  209,  409,  639,  777,  156,  183,  662,  340,  150,  600,  593,  476,  647,   80,  528,  409,  675,  415,  526,  235,  320,  110,  252,  802,  225,  482,  315,  671,  446,  691],
        [  681,    0,  269,  595,  771,  975,  350,  939,  540,  455,  416,  265,  125,  688,  701,  696,  701,  967,  891,  775,  721,  604,  448,  723,  293,  341, 1023,  429, 1072,  511,  520, 1064,  517,  854,  967,  710,  462,  437,  405,  589,  416,  495,  884,  883, 1009,  941,  358,  605,  485,  148,  353, 1017,  776,    0,  979,  712,  974,  763,  983,  912,  195,  370,  682,  844,  147,  728,  881,  229,  345,  723,  654,  855,  500, 1045,  156,  513,  744,  581,  698,  856,  811,  490,  583,  573,  744,  289,  556,  227],
        [  306,    0,  758,  543,  237,  254,  818,  378,  825,  595,  628,  717,  868,  478,  346,  848,  350,  470,  179,  253,  786,  378,  628,  637,  690,  731,  715,  747,  693, 1157,  685,  219,  494,  139,  235,  861,  584,  635,  951,  504,  846,  557,  779,  410,  710,  522,  886,  454,  946,  850,  901,  691,  273,  979,    0,  270,  129,  329,  238,  627,  872,  884,  299,  136,  847,  323,  124,  772,  721,  741,  919,  217,  603,  555,  853,  684,  790,  501,  587,  164,  492,  872,  489,  755,  293,  807,  511,  933],
        [   43,    0,  490,  322,  141,  320,  560,  421,  642,  368,  393,  448,  599,  295,  205,  708,  210,  504,  245,  115,  660,  126,  373,  526,  422,  493,  714,  534,  717,  940,  496,  378,  230,  166,  347,  724,  325,  410,  732,  323,  597,  302,  711,  410,  704,  530,  629,  220,  744,  581,  674,  692,  198,  712,  270,    0,  273,  248,  361,  598,  618,  629,   64,  137,  577,  145,  195,  502,  457,  621,  759,  233,  357,  605,  583,  493,  671,  314,  468,  190,  436,  634,  300,  584,  123,  542,  268,  686],
        [  296,    0,  733,  474,  305,  125,  770,  499,  892,  636,  663,  710,  856,  395,  416,  934,  420,  591,  290,  203,  875,  397,  583,  729,  682,  764,  835,  797,  816, 1207,  748,  113,  464,  217,  361,  948,  544,  677,  999,  567,  787,  513,  885,  524,  829,  641,  835,  401, 1004,  837,  943,  811,  356,  974,  129,  273,    0,  417,  365,  740,  891,  832,  324,  177,  834,  263,  218,  755,  684,  832,  997,  320,  549,  681,  836,  746,  881,  561,  675,  256,  596,  803,  547,  826,  239,  770,  459,  959],
        [  280,    0,  610,  549,  122,  512,  720,  198,  502,  319,  358,  529,  676,  538,   69,  521,   67,  267,  163,  351,  460,  225,  554,  312,  512,  457,  466,  443,  471,  844,  368,  528,  411,  200,  208,  534,  504,  351,  644,  197,  774,  492,  477,  168,  457,  284,  790,  446,  629,  664,  603,  445,   62,  763,  329,  248,  417,    0,  223,  352,  615,  793,  197,  244,  658,  392,  207,  601,  607,  416,  591,  119,  557,  368,  673,  369,  465,  199,  260,  167,  192,  827,  191,  429,  368,  681,  480,  661],
        [  403,    0,  810,  681,  234,  487,  905,  152,  699,  542,  580,  740,  890,  642,  283,  684,  283,  238,  116,  415,  614,  406,  725,  467,  720,  679,  485,  660,  458, 1050,  577,  454,  578,  206,   17,  694,  675,  574,  857,  417,  950,  656,  572,  202,  481,  297,  975,  580,  833,  877,  820,  460,  209,  983,  238,  361,  365,  223,    0,  410,  837,  977,  344,  261,  871,  479,  183,  808,  796,  569,  765,  136,  715,  319,  884,  579,  612,  420,  430,  172,  304,  992,  414,  622,  449,  875,  628,  883],
        [  627,    0,  851,  879,  471,  850,  986,  258,  439,  485,  517,  747,  865,  882,  397,  346,  393,  183,  451,  702,  275,  547,  852,  192,  742,  572,  125,  490,  161,  777,  395,  844,  724,  530,  405,  349,  804,  487,  629,  371, 1052,  801,  169,  218,  112,  118, 1052,  780,  572,  862,  625,  110,  409,  912,  627,  598,  740,  352,  410,    0,  724, 1058,  543,  583,  854,  742,  524,  823,  875,  239,  438,  422,  867,  178,  875,  401,  261,  384,  216,  488,  163, 1117,  392,  371,  720,  931,  805,  733],
        [  597,    0,  308,  596,  646,  915,  442,  775,  346,  296,  258,  231,  208,  677,  559,  503,  558,  793,  758,  704,  526,  497,  460,  534,  258,  163,  833,  236,  884,  398,  330,  991,  471,  738,  822,  517,  453,  268,  236,  426,  519,  481,  689,  715,  818,  762,  477,  572,  309,  221,  173,  827,  639,  195,  872,  618,  891,  615,  837,  724,    0,  488,  575,  739,  213,  672,  762,  255,  385,  529,  466,  718,  511,  865,  238,  323,  549,  420,  513,  731,  634,  598,  425,  378,  680,  371,  537,   81],
        [  588,    0,  213,  363,  743,  786,   74,  991,  799,  580,  554,  323,  283,  456,  725,  946,  727, 1049,  865,  636,  947,  574,  257,  893,  320,  546, 1181,  656, 1213,  869,  716,  892,  401,  795,  962,  963,  305,  590,  724,  688,   58,  329, 1085,  952, 1167, 1046,   13,  433,  793,  268,  658, 1167,  777,  370,  884,  629,  832,  793,  977, 1058,  488,    0,  634,  761,  276,  570,  824,  254,  187,  933,  933,  842,  284, 1144,  251,  709,  968,  675,  848,  814,  917,  121,  669,  801,  597,  131,  375,  556],
        [   85,    0,  477,  355,  111,  381,  562,  383,  580,  312,  340,  422,  575,  342,  146,  644,  151,  461,  232,  179,  596,   80,  382,  463,  398,  442,  660,  476,  668,  884,  434,  432,  235,  174,  329,  660,  332,  354,  676,  260,  606,  313,  650,  364,  650,  481,  632,  252,  685,  558,  620,  640,  156,  682,  299,   64,  324,  197,  344,  543,  575,  634,    0,  165,  554,  203,  202,  483,  454,  557,  696,  210,  374,  562,  562,  431,  607,  251,  405,  184,  380,  651,  236,  521,  185,  536,  291,  640],
        [  175,    0,  626,  434,  128,  270,  692,  362,  716,  469,  499,  582,  733,  385,  239,  757,  243,  453,  153,  155,  700,  244,  504,  555,  556,  602,  686,  627,  677, 1037,  572,  289,  364,   58,  250,  771,  458,  510,  830,  391,  726,  432,  719,  372,  679,  493,  761,  338,  831,  716,  777,  663,  183,  844,  136,  137,  177,  244,  261,  583,  739,  761,  165,    0,  712,  222,   79,  637,  592,  657,  820,  165,  483,  550,  718,  571,  707,  386,  500,  100,  430,  758,  372,  650,  191,  677,  392,  803],
        [  545,    0,  124,  450,  650,  830,  233,  844,  537,  373,  338,  133,   23,  542,  592,  690,  593,  884,  773,  633,  700,  477,  303,  673,  157,  296,  972,  402, 1014,  599,  478,  921,  373,  727,  855,  706,  315,  367,  449,  503,  309,  348,  852,  793,  958,  866,  264,  459,  520,    9,  384,  962,  662,  147,  847,  577,  834,  658,  871,  854,  213,  276,  554,  712,    0,  584,  755,   82,  203,  694,  667,  739,  354,  969,   26,  470,  723,  492,  638,  733,  734,  388,  491,  551,  601,  164,  409,  283],
        [  121,    0,  476,  220,  280,  247,  508,  559,  755,  466,  482,  468,  607,  163,  348,  836,  353,  645,  366,   71,  792,  232,  320,  664,  438,  571,  858,  632,  861, 1026,  611,  339,  212,  274,  467,  852,  283,  507,  820,  450,  528,  252,  852,  552,  848,  673,  573,  139,  843,  586,  757,  837,  340,  728,  323,  145,  263,  392,  479,  742,  672,  570,  203,  222,  584,    0,  299,  503,  423,  755,  879,  364,  287,  745,  584,  606,  805,  439,  606,  309,  581,  550,  425,  703,   32,  509,  197,  747],
        [  237,    0,  677,  507,  118,  328,  754,  291,  702,  478,  512,  623,  775,  462,  224,  727,  227,  383,   78,  233,  666,  278,  567,  517,  599,  616,  622,  626,  608, 1035,  562,  325,  424,   29,  172,  740,  519,  517,  830,  382,  791,  496,  668,  309,  615,  428,  823,  409,  824,  759,  782,  598,  150,  881,  124,  195,  218,  207,  183,  524,  762,  824,  202,   79,  755,  299,    0,  684,  649,  621,  796,  103,  551,  478,  763,  562,  670,  379,  466,   41,  379,  827,  367,  631,  268,  733,  460,  820],
        [  468,    0,   53,  370,  582,  748,  195,  792,  545,  339,  309,   77,  105,  461,  533,  693,  534,  838,  706,  554,  695,  408,  224,  650,   90,  293,  944,  403,  982,  652,  466,  841,  292,  656,  792,  709,  234,  343,  485,  461,  273,  267,  837,  744,  930,  825,  245,  377,  549,   83,  416,  933,  600,  229,  772,  502,  755,  601,  808,  823,  255,  254,  483,  637,   82,  503,  684,    0,  132,  683,  681,  675,  276,  927,   82,  458,  716,  450,  610,  664,  694,  351,  446,  548,  520,  125,  328,  333],
        [  417,    0,   81,  254,  563,  659,  113,  804,  649,  404,  382,  169,  223,  349,  538,  789,  541,  863,  686,  483,  781,  391,  109,  715,  154,  395,  998,  503, 1029,  782,  550,  759,  228,  621,  780,  806,  140,  419,  609,  504,  179,  172,  911,  765,  985,  860,  183,  286,  668,  200,  540,  984,  593,  345,  721,  457,  684,  607,  796,  875,  385,  187,  454,  592,  203,  423,  649,  132,    0,  763,  787,  660,  158,  958,  190,  543,  802,  491,  669,  637,  731,  249,  484,  640,  445,   87,  230,  463],
        [  635,    0,  721,  835,  530,  921,  866,  432,  207,  363,  382,  611,  701,  865,  424,  117,  419,  390,  565,  735,   46,  528,  769,  105,  614,  399,  319,  296,  380,  539,  218,  943,  669,  616,  559,  126,  729,  345,  397,  309,  940,  736,  161,  370,  305,  332,  925,  750,  336,  702,  403,  320,  476,  723,  741,  621,  832,  416,  569,  239,  529,  933,  557,  657,  694,  755,  621,  683,  763,    0,  206,  525,  798,  414,  718,  226,   51,  321,  157,  581,  265, 1012,  335,  152,  740,  802,  757,  522],
        [  765,    0,  727,  915,  693, 1074,  874,  634,  139,  428,  429,  621,  667,  963,  582,   93,  578,  595,  749,  873,  165,  648,  820,  300,  633,  392,  496,  286,  562,  349,  271, 1109,  751,  786,  754,   93,  789,  394,  263,  437,  952,  804,  312,  571,  483,  536,  923,  845,  182,  675,  302,  503,  647,  654,  919,  759,  997,  591,  765,  438,  466,  933,  696,  820,  667,  879,  796,  681,  787,  206,    0,  706,  858,  615,  693,  276,  178,  446,  338,  756,  465, 1030,  460,  177,  870,  805,  838,  429],
