{
    "name": "random-69-17998",
    "comment": "size=69 seed=17998",
    "nodes": ["+0", "-0", "+1", "-1", "+2", "-2", "+3", "-3", "+4", "-4", "+5", "-5", "+6", "-6", "+7", "-7", "+8", "-8", "+9", "-9", "+10", "-10", "+11", "-11", "+12", "-12", "+13", "-13", "+14", "-14", "+15", "-15", "+16", "-16", "+17", "-17", "+18", "-18", "+19", "-19", "+20", "-20", "+21", "-21", "+22", "-22", "+23", "-23", "+24", "-24", "+25", "-25", "+26", "-26", "+27", "-27", "+28", "-28", "+29", "-29", "+30", "-30", "+31", "-31", "+32", "-32", "+33", "-33", "+34", "-34", "+35", "-35", "+36", "-36", "+37", "-37", "+38", "-38", "+39", "-39", "+40", "-40", "+41", "-41", "+42", "-42", "+43", "-43", "+44", "-44", "+45", "-45", "+46", "-46", "+47", "-47", "+48", "-48", "+49", "-49", "+50", "-50", "+51", "-51", "+52", "-52", "+53", "-53", "+54", "-54", "+55", "-55", "+56", "-56", "+57", "-57", "+58", "-58", "+59", "-59", "+60", "-60", "+61", "-61", "+62", "-62", "+63", "-63", "+64", "-64", "+65", "-65", "+66", "-66", "+67", "-67", "+68", "-68", "+69", "-69"],
    "precedence": {
        "+0": "-0",
        "+1": "-1",
        "+2": "-2",
        "+3": "-3",
        "+4": "-4",
        "+5": "-5",
        "+6": "-6",
        "+7": "-7",
        "+8": "-8",
        "+9": "-9",
        "+10": "-10",
        "+11": "-11",
        "+12": "-12",
        "+13": "-13",
        "+14": "-14",
        "+15": "-15",
        "+16": "-16",
        "+17": "-17",
        "+18": "-18",
        "+19": "-19",
        "+20": "-20",
        "+21": "-21",
        "+22": "-22",
        "+23": "-23",
        "+24": "-24",
        "+25": "-25",
        "+26": "-26",
        "+27": "-27",
        "+28": "-28",
        "+29": "-29",
        "+30": "-30",
        "+31": "-31",
        "+32": "-32",
        "+33": "-33",
        "+34": "-34",
        "+35": "-35",
        "+36": "-36",
        "+37": "-37",
        "+38": "-38",
        "+39": "-39",
        "+40": "-40",
        "+41": "-41",
        "+42": "-42",
        "+43": "-43",
        "+44": "-44",
        "+45": "-45",
        "+46": "-46",
        "+47": "-47",
        "+48": "-48",
        "+49": "-49",
        "+50": "-50",
        "+51": "-51",
        "+52": "-52",
        "+53": "-53",
        "+54": "-54",
        "+55": "-55",
        "+56": "-56",
        "+57": "-57",
        "+58": "-58",
        "+59": "-59",
        "+60": "-60",
        "+61": "-61",
        "+62": "-62",
        "+63": "-63",
        "+64": "-64",
        "+65": "-65",
        "+66": "-66",
        "+67": "-67",
        "+68": "-68",
        "+69": "-69"
    },
    "edges": [
        [    0,    0,  389,  219,  722,  482,  500,  244,  255,  530,  696,  619,  668,  925,  174,  841,  896, 1008,   95,  630,  712,  255,  198,  240,  739,  776,  471,  599,  666,  962,  929,  758,  473,  786,  584,  292,  539,  389, 1076,  969,  298,  617,  560,  654,  711,  821,  984,  404,  459,  739,  776,  534,  933,  838, 1048,  358,  683,  194,  813,  692,  362,  910,  670,  789,  567,  673,  795,  541,  746,  245,  318,  983,  425,  573,  719,  824,  346,  383,  949,  627,  612,  690,  296,  563,  493,  864,  893,  850,  776,  544,  958,  398,  707,  576,  260,  446,  348,  535, 1071,  969,  658,  739,  668,  159,  413,  835,  604,  167,  945,  829,  375,  469,  612,  628,  796,  183,  251,  903,  457,  896,  906,  791,  760,  433,  618,  458,  725,  118,  111,  825,  492,  852,  612,  151,  240,  607,  734,  348,  664,  415],
        [    0,    0,    0,    0,    0,    0,    0,    0,    0,    0,    0,    0,    0,    0,    0,    0,    0,    0,    0,    0,    0,    0,    0,    0,    0,    0,    0,    0,    0,    0,    0,    0,    0,    0,    0,    0,    0,    0,    0,    0,    0,    0,    0,    0,    0,    0,    0,    0,    0,    0,    0,    0,    0,    0,    0,    0,    0,    0,    0,    0,    0,    0,    0,    0,    0,    0,    0,    0,    0,    0,    0,    0,    0,    0,    0,    0,    0,    0,    0,    0,    0,    0,    0,    0,    0,    0,    0,    0,    0,    0,    0,    0,    0,    0,    0,    0,    0,    0,    0,    0,    0,    0,    0,    0,    0,    0,    0,    0,    0,    0,    0,    0,    0,    0,    0,    0,    0,    0,    0,    0,    0,    0,    0,    0,    0,    0,    0,    0,    0,    0,    0,    0,    0,    0,    0,    0,    0,    0,    0,    0],
        [  389,    0,    0,  173,  489,  298,  609,  162,  472,  703,  516,  510,  358,  929,  434,  875,  828,  667,  445,  253,  520,  373,  399,  257,  739,  517,  646,  636,  409,  930,  634,  371,  207,  416,  292,  421,  160,  190,  741,  963,  595,  531,  298,  742,  343,  783,  649,   19,  372,  750,  578,  262,  888,  724,  713,  455,  333,  208,  575,  392,  388,  701,  364,  636,  728,  538,  507,  479,  557,  557,  106,  709,  216,  342,  344,  449,  315,  628,  843,  410,  661,  505,  152,  599,  223,  490,  674,  528,  600,  520,  718,  263,  522,  362,  131,  287,   65,  280,  722,  656,  349,  418,  280,  542,  172,  559,  259,  348,  757,  554,  456,  450,  302,  240,  596,  299,  376,  681,  323,  755,  536,  628,  373,  457,  309,  292,  567,  393,  287,  460,  638,  683,  224,  516,  510,  506,  675,  516,  565,   70],
        [  219,    0,  173,    0,  551,  317,  507,   83,  323,  581,  549,  502,  466,  883,  272,  814,  812,  800,  272,  423,  559,  242,  245,  134,  689,  596,  522,  565,  484,  900,  738,  539,  275,  569,  385,  293,  321,  244,  870,  922,  434,  512,  407,  654,  494,  752,  778,  187,  341,  695,  623,  374,  863,  728,  843,  344,  470,   82,  643,  494,  300,  755,  469,  658,  612,  546,  604,  445,  596,  391,  133,  801,  282,  396,  501,  606,  242,  480,  846,  460,  586,  540,   99,  527,  296,  646,  734,  647,  634,  470,  790,  290,  558,  407,   58,  288,  146,  347,  861,  771,  456,  535,  451,  369,  216,  650,  391,  191,  801,  644,  352,  391,  437,  411,  643,  147,  243,  743,  313,  774,  689,  655,  542,  378,  445,  343,  589,  224,  130,  609,  524,  715,  396,  344,  351,  494,  650,  385,  556,  213],
        [  722,    0,  489,  551,    0,  240,  522,  606,  602,  641,   97,  212,  180,  583,  634,  577,  425,  380,  714,  557,   76,  510,  582,  483,  444,   68,  615,  440,   83,  545,  234,  458,  287,  357,  203,  513,  396,  678,  421,  599,  733,  246,  744,  558,  330,  425,  346,  474,  288,  465,  101,  712,  498,  296,  399,  478,  273,  630,   92,  149,  412,  213,  170,  190,  640,  173,  127,  282,   98,  728,  584,  266,  699,  156,  363,  394,  388,  687,  401,   95,  466,   89,  453,  426,  268,  408,  186,  225,  141,  332,  239,  751,   90,  147,  560,  277,  549,  212,  448,  292,  182,  193,  466,  817,  340,  134,  283,  574,  271,  126,  461,  345,  708,  464,  114,  542,  516,  194,  269,  297,  407,  175,  473,  394,  714,  775,  144,  643,  672,  348,  577,  212,  471,  770,  664,  224,  332,  561,  232,  545],
        [  482,    0,  298,  317,  240,    0,  397,  381,  391,  513,  233,  214,  226,  640,  408,  596,  531,  558,  480,  462,  243,  288,  355,  243,  455,  295,  469,  376,  188,  635,  453,  453,  106,  408,  149,  304,  282,  483,  617,  671,  529,  237,  589,  495,  343,  489,  530,  288,  111,  470,  306,  553,  592,  428,  591,  291,  289,  398,  332,  234,  212,  439,  222,  346,  525,  242,  321,  198,  280,  514,  375,  502,  512,   94,  369,  453,  162,  507,  547,  146,  404,  223,  220,  345,  103,  484,  418,  392,  318,  249,  478,  552,  241,   94,  335,   39,  347,   87,  626,  499,  217,  294,  410,  585,  126,  356,  232,  339,  484,  349,  279,  203,  576,  388,  326,  304,  294,  427,   55,  465,  509,  342,  464,  236,  582,  588,  277,  409,  434,  428,  443,  400,  385,  540,  450,  211,  380,  375,  268,  365],
        [  500,    0,  609,  507,  522,  397,    0,  589,  248,  121,  438,  315,  606,  435,  328,  344,  451,  899,  426,  833,  463,  270,  305,  374,  267,  588,  100,  130,  527,  485,  751,  849,  489,  800,  541,  220,  661,  747,  942,  481,  303,  286,  899,  155,  738,  363,  866,  610,  287,  259,  506,  864,  467,  448,  920,  163,  682,  569,  583,  602,  222,  611,  599,  458,  129,  369,  645,  241,  476,  332,  630,  760,  785,  459,  765,  844,  296,  211,  528,  458,  129,  441,  463,  114,  494,  873,  613,  738,  477,  191,  689,  796,  450,  438,  559,  374,  626,  482,  968,  812,  599,  665,  800,  486,  470,  653,  628,  351,  613,  646,  156,  197,  911,  773,  522,  372,  271,  625,  343,  520,  890,  470,  860,  164,  918,  849,  426,  382,  540,  814,   56,  520,  766,  436,  287,  301,  314,  154,  321,  676],
        [  244,    0,  162,   83,  606,  381,  589,    0,  396,  661,  613,  576,  502,  964,  337,  896,  889,  824,  317,  388,  622,  322,  318,  217,  770,  646,  601,  648,  534,  979,  778,  530,  322,  577,  426,  374,  322,  166,  896, 1003,  497,  589,  335,  737,  504,  831,  804,  180,  417,  777,  684,  304,  942,  801,  869,  427,  489,   51,  697,  532,  382,  815,  506,  726,  692,  617,  646,  523,  660,  451,   75,  846,  205,  452,  506,  611,  323,  553,  920,  518,  669,  604,  164,  609,  342,  651,  791,  679,  699,  550,  844,  208,  622,  466,   47,  356,  108,  397,  881,  805,  492,  567,  436,  402,  267,  695,  413,  262,  864,  689,  435,  473,  375,  395,  704,  224,  323,  800,  385,  844,  698,  722,  530,  461,  382,  262,  657,  283,  134,  620,  604,  781,  379,  386,  417,  569,  728,  464,  631,  173],
        [  255,    0,  472,  323,  602,  391,  248,  396,    0,  279,  547,  441,  614,  681,   81,  592,  674,  948,  179,  722,  568,  110,   79,  217,  502,  666,  219,  360,  572,  725,  832,  793,  439,  781,  532,   90,  577,  562, 1006,  726,  139,  428,  728,  401,  708,  591,  919,  479,  314,  499,  627,  696,  701,  638,  980,  137,  663,  362,  685,  625,  190,  754,  611,  613,  315,  501,  705,  355,  595,  126,  455,  866,  600,  481,  727,  824,  230,  158,  738,  514,  368,  544,  324,  328,  453,  860,  745,  782,  614,  337,  818,  597,  559,  472,  380,  354,  465,  471, 1016,  884,  605,  684,  721,  249,  394,  732,  591,  134,  775,  724,  156,  277,  759,  686,  646,  177,  105,  757,  343,  704,  890,  619,  800,  229,  766,  654,  559,  140,  313,  808,  238,  678,  674,  198,   62,  427,  518,   95,  475,  527],
        [  530,    0,  703,  581,  641,  513,  121,  661,  279,    0,  556,  433,  725,  467,  357,  368,  524, 1019,  444,  936,  581,  340,  352,  454,  334,  708,   61,  224,  647,  533,  870,  963,  600,  918,  658,  289,  769,  824, 1061,  514,  273,  402,  983,  174,  855,  434,  986,  705,  404,  320,  621,  949,  524,  543, 1039,  249,  799,  633,  700,  722,  322,  720,  719,  566,   40,  485,  765,  361,  592,  317,  711,  875,  862,  579,  881,  963,  396,  167,  609,  579,  209,  559,  552,  222,  606,  992,  725,  859,  590,  310,  801,  866,  567,  558,  637,  488,  711,  599, 1088,  931,  718,  785,  910,  478,  576,  773,  743,  405,  716,  765,  250,  315, 1002,  881,  636,  437,  339,  736,  458,  616, 1010,  580,  974,  278, 1010,  922,  540,  418,  591,  934,   70,  626,  873,  434,  293,  419,  408,  197,  434,  766],
        [  696,    0,  516,  549,   97,  233,  438,  613,  547,  556,    0,  124,  259,  493,  589,  482,  343,  471,  677,  621,   25,  466,  538,  460,  348,  157,  534,  348,  153,  461,  314,  541,  310,  447,  254,  459,  450,  705,  507,  512,  671,  155,  791,  464,  413,  334,  437,  504,  241,  369,   81,  757,  414,  220,  486,  416,  353,  629,  146,  233,  360,  214,  249,  121,  552,   77,  222,  204,   50,  672,  603,  326,  731,  176,  446,  486,  352,  616,  335,  111,  374,   13,  452,  337,  295,  502,  200,  321,   86,  248,  271,  777,   13,  154,  567,  261,  571,  239,  538,  376,  258,  284,  539,  776,  352,  219,  348,  539,  253,  211,  398,  276,  763,  532,  101,  514,  471,  211,  242,  240,  503,  113,  556,  327,  769,  808,   57,  606,  661,  442,  494,  169,  536,  727,  608,  138,  238,  495,  136,  579],
        [  619,    0,  510,  502,  212,  214,  315,  576,  441,  433,  124,    0,  338,  432,  492,  400,  318,  591,  586,  661,  149,  373,  444,  393,  258,  277,  411,  229,  239,  422,  437,  614,  315,  536,  303,  357,  482,  693,  629,  460,  558,   36,  802,  348,  489,  277,  557,  501,  164,  276,  195,  766,  379,  226,  608,  306,  429,  583,  269,  322,  263,  314,  329,  173,  429,   60,  338,   88,  163,  564,  581,  447,  723,  210,  521,  578,  276,  497,  344,  173,  256,  127,  413,  215,  306,  600,  309,  436,  174,  125,  384,  760,  136,  182,  532,  226,  556,  263,  659,  499,  334,  381,  594,  680,  338,  341,  401,  454,  334,  333,  287,  165,  786,  579,  212,  438,  378,  320,  193,  278,  607,  179,  628,  214,  793,  798,  120,  518,  600,  539,  371,  238,  579,  630,  502,   15,  169,  380,   56,  578],
        [  668,    0,  358,  466,  180,  226,  606,  502,  614,  725,  259,  338,    0,  750,  623,  732,  600,  342,  684,  380,  246,  508,  572,  441,  593,  177,  686,  556,  107,  719,  277,  283,  196,  200,   86,  528,  233,  537,  408,  770,  752,  372,  580,  678,  155,  591,  317,  341,  325,  612,  280,  549,  672,  473,  381,  515,   95,  536,  242,   37,  437,  375,   10,  368,  733,  323,  150,  375,  275,  735,  462,  352,  553,  147,  188,  243,  385,  732,  581,  165,  584,  247,  375,  532,  176,  268,  343,  182,  320,  431,  372,  611,  257,  169,  458,  261,  422,  144,  408,  305,   11,   72,  287,  790,  256,  205,  112,  547,  440,  201,  503,  410,  537,  287,  292,  505,  514,  348,  278,  477,  286,  354,  298,  452,  542,  627,  314,  615,  595,  209,  656,  391,  294,  749,  672,  344,  490,  600,  377,  402],
        [  925,    0,  929,  883,  583,  640,  435,  964,  681,  467,  493,  432,  750,    0,  758,  100,  181,  908,  859, 1093,  509,  677,  728,  753,  194,  627,  501,  327,  644,   89,  733, 1032,  744,  939,  730,  635,  913, 1102,  916,   48,  728,  404, 1226,  295,  904,  159,  875,  922,  558,  189,  498, 1190,  117,  303,  904,  569,  845,  957,  578,  725,  587,  507,  740,  402,  431,  429,  695,  451,  488,  763,  985,  690, 1136,  639,  937,  977,  642,  625,  262,  590,  314,  504,  809,  364,  737,  990,  532,  790,  452,  415,  590, 1163,  496,  612,  925,  644,  967,  694,  966,  797,  749,  775, 1022,  919,  760,  668,  829,  765,  460,  662,  554,  492, 1215, 1009,  498,  774,  680,  540,  607,  347,  983,  420, 1048,  508, 1222, 1208,  440,  809,  948,  930,  462,  419, 1010,  871,  721,  432,  265,  587,  381,  998],
        [  174,    0,  434,  272,  634,  408,  328,  337,   81,  357,  589,  492,  623,  758,    0,  671,  743,  963,  102,  687,  609,  124,   53,  194,  577,  695,  298,  435,  594,  800,  859,  776,  437,  776,  539,  138,  556,  502, 1024,  803,  163,  483,  672,  481,  702,  663,  936,  444,  350,  574,  670,  640,  774,  700,  998,  200,  662,  298,  721,  639,  231,  800,  622,  665,  394,  551,  728,  408,  638,  124,  402,  900,  540,  501,  718,  819,  248,  221,  804,  542,  445,  585,  295,  401,  454,  856,  789,  798,  661,  399,  859,  531,  601,  496,  329,  370,  417,  481, 1030,  907,  614,  695,  697,  188,  385,  760,  587,   87,  826,  752,  219,  331,  708,  660,  690,  137,  119,  800,  367,  763,  891,  670,  782,  287,  715,  589,  608,   62,  240,  808,  319,  730,  648,  138,   81,  479,  584,  175,  531,  483],
        [  841,    0,  875,  814,  577,  596,  344,  896,  592,  368,  482,  400,  732,  100,  671,    0,  228,  925,  770, 1055,  502,  598,  644,  682,  142,  629,  405,  250,  628,  179,  752, 1012,  701,  927,  702,  553,  875, 1041,  942,  147,  633,  368, 1173,  199,  886,  166,  892,  870,  504,  127,  504, 1137,  189,  326,  927,  488,  825,  886,  588,  711,  515,  538,  723,  411,  332,  411,  697,  400,  488,  669,  923,  720, 1076,  609,  918,  967,  576,  528,  321,  568,  232,  492,  747,  288,  696,  984,  559,  795,  458,  356,  623, 1099,  488,  581,  860,  594,  908,  659,  987,  817,  730,  766,  993,  827,  709,  677,  801,  684,  501,  671,  474,  428, 1168,  976,  508,  697,  601,  568,  557,  384,  983,  429, 1027,  436, 1175, 1147,  434,  724,  870,  923,  367,  442,  976,  779,  629,  396,  245,  497,  356,  945],
        [  896,    0,  828,  812,  425,  531,  451,  889,  674,  524,  343,  318,  600,  181,  743,  228,    0,  730,  844,  962,  355,  641,  704,  692,  190,  460,  540,  322,  495,  122,  555,  881,  629,  780,  594,  609,  787, 1011,  736,  182,  753,  302, 1117,  357,  753,   91,  697,  818,  472,  205,  332, 1082,   74,  131,  725,  544,  695,  891,  406,  572,  537,  327,  590,  236,  496,  295,  527,  368,  328,  777,  898,  510, 1041,  508,  786,  815,  575,  660,   94,  450,  324,  355,  727,  349,  618,  825,  354,  619,  287,  353,  410, 1077,  344,  482,  847,  544,  874,  569,  788,  619,  600,  616,  881,  921,  656,  496,  690,  730,  280,  491,  526,  431, 1097,  874,  329,  726,  646,  361,  510,  167,  814,  253,  897,  463, 1103, 1116,  287,  784,  897,  766,  495,  242,  877,  870,  725,  324,  164,  587,  263,  895],
        [ 1008,    0,  667,  800,  380,  558,  899,  824,  948, 1019,  471,  591,  342,  908,  963,  925,  730,    0, 1026,  573,  446,  846,  911,  783,  804,  314,  990,  818,  381,  848,  176,  384,  537,  273,  428,  861,  512,  821,   77,  911, 1085,  624,  806,  933,  331,  762,   34,  649,  643,  826,  425,  785,  802,  606,   51,  838,  335,  863,  340,  325,  764,  406,  343,  514, 1019,  547,  255,  659,  447, 1072,  772,  237,  826,  468,  343,  263,  720, 1054,  668,  446,  844,  465,  713,  805,  517,  234,  377,  167,  469,  710,  334,  891,  461,  480,  784,  596,  730,  483,   69,  113,  353,  270,  465, 1132,  596,  254,  412,  889,  466,  261,  824,  715,  739,  493,  419,  847,  851,  371,  606,  566,  184,  497,  397,  763,  742,  890,  503,  956,  930,  225,  954,  490,  510, 1091, 1008,  603,  689,  923,  605,  691],
        [   95,    0,  445,  272,  714,  480,  426,  317,  179,  444,  677,  586,  684,  859,  102,  770,  844, 1026,    0,  694,  695,  214,  144,  244,  678,  773,  388,  536,  667,  901,  933,  806,  491,  821,  599,  237,  585,  473, 1090,  904,  204,  579,  645,  578,  745,  765, 1000,  458,  436,  675,  758,  616,  875,  798, 1063,  301,  711,  270,  803,  703,  324,  889,  684,  759,  483,  644,  799,  504,  726,  151,  389,  979,  510,  573,  757,  861,  327,  292,  903,  621,  545,  672,  327,  502,  510,  900,  876,  863,  752,  498,  944,  488,  688,  572,  323,  442,  414,  545, 1091,  977,  674,  756,  720,  107,  434,  835,  634,  141,  919,  828,  319,  427,  691,  681,  778,  180,  209,  887,  446,  860,  939,  763,  810,  386,  698,  547,  699,   72,  194,  856,  413,  824,  667,   72,  151,  573,  684,  273,  627,  481],
        [  630,    0,  253,  423,  557,  462,  833,  388,  722,  936,  621,  661,  380, 1093,  687, 1055,  962,  573,  694,    0,  615,  619,  650,  505,  914,  555,  882,  835,  476, 1076,  610,  195,  356,  302,  368,  664,  181,  295,  649, 1120,  847,  690,  234,  951,  263,  937,  568,  244,  563,  929,  657,  215, 1030,  841,  623,  689,  299,  438,  621,  416,  615,  754,  390,  739,  958,  669,  514,  659,  648,  809,  314,  697,  283,  456,  239,  313,  540,  875,  954,  512,  862,  609,  398,  802,  360,  348,  721,  487,  693,  709,  741,  350,  623,  483,  373,  470,  283,  399,  610,  605,  376,  403,  111,  787,  364,  569,  276,  601,  819,  568,  687,  653,  168,   95,  670,  551,  623,  725,  506,  853,  401,  727,  186,  672,  172,  333,  678,  645,  522,  350,  869,  769,   87,  765,  762,  662,  829,  758,  712,  216],
        [  712,    0,  520,  559,   76,  243,  463,  622,  568,  581,   25,  149,  246,  509,  609,  502,  355,  446,  695,  615,    0,  485,  557,  475,  369,  134,  559,  373,  141,  474,  289,  527,  313,  430,  250,  480,  446,  709,  482,  526,  694,  180,  790,  488,  399,  351,  413,  506,  260,  390,   65,  756,  427,  228,  461,  438,  341,  640,  121,  218,  380,  198,  236,  125,  576,  101,  199,  228,   38,  694,  609,  303,  734,  178,  432,  469,  370,  640,  340,  111,  398,   25,  462,  362,  297,  484,  182,  298,   82,  273,  251,  781,   15,  159,  576,  274,  576,  241,  514,  352,  246,  267,  529,  795,  358,  194,  340,  556,  242,  187,  420,  299,  759,  524,   85,  530,  491,  192,  256,  241,  482,  113,  543,  350,  765,  810,   70,  624,  674,  423,  519,  164,  528,  746,  630,  162,  257,  518,  159,  581],
        [  255,    0,  373,  242,  510,  288,  270,  322,  110,  340,  466,  373,  508,  677,  124,  598,  641,  846,  214,  619,  485,    0,   73,  118,  488,  572,  280,  351,  473,  709,  736,  684,  330,  672,  425,   52,  470,  485,  905,  720,  248,  367,  645,  423,  599,  567,  817,  379,  226,  489,  547,  611,  679,  587,  879,  111,  554,  299,  597,  521,  111,  677,  506,  546,  370,  430,  606,  291,  515,  227,  372,  776,  523,  380,  618,  715,  126,  257,  695,  419,  367,  461,  223,  314,  345,  751,  666,  680,  539,  290,  735,  529,  477,  374,  298,  250,  374,  365,  913,  785,  499,  579,  613,  310,  284,  637,  482,   89,  706,  629,  124,  216,  668,  579,  567,  102,    6,  676,  244,  647,  782,  550,  692,  179,  675,  584,  486,  147,  273,  700,  282,  610,  569,  262,  165,  360,  479,  145,  415,  433],
        [  198,    0,  399,  245,  582,  355,  305,  318,   79,  352,  538,  444,  572,  728,   53,  644,  704,  911,  144,  650,  557,   73,    0,  149,  543,  643,  292,  402,  542,  766,  806,  731,  387,  728,  487,   96,  512,  484,  972,  772,  199,  436,  650,  460,  654,  626,  883,  407,  298,  542,  619,  618,  738,  655,  946,  162,  612,  285,  668,  587,  182,  749,  570,  617,  387,  502,  675,  360,  587,  168,  377,  847,  522,  449,  670,  770,  195,  236,  761,  490,  415,  533,  254,  367,  403,  807,  738,  746,  611,  355,  807,  519,  550,  443,  303,  317,  388,  429,  978,  854,  562,  643,  655,  238,  337,  707,  538,   56,  777,  700,  179,  284,  682,  619,  639,  100,   67,  748,  314,  716,  841,  621,  738,  243,  689,  576,  558,   82,  240,  758,  305,  681,  607,  190,  113,  431,  543,  158,  484,  452],
        [  240,    0,  257,  134,  483,  243,  374,  217,  217,  454,  460,  393,  441,  753,  194,  682,  692,  783,  244,  505,  475,  118,  149,    0,  560,  537,  396,  433,  429,  774,  693,  583,  249,  584,  356,  167,  364,  374,  847,  793,  347,  398,  530,  521,  509,  627,  757,  263,  230,  565,  539,  495,  739,  618,  820,  212,  471,  205,  574,  461,  167,  672,  441,  559,  483,  443,  559,  325,  509,  315,  258,  745,  411,  335,  525,  626,  119,  372,  733,  388,  453,  453,  107,  394,  267,  664,  655,  620,  542,  344,  719,  423,  470,  337,  186,  207,  258,  302,  848,  736,  431,  513,  506,  350,  193,  598,  395,  110,  711,  591,  219,  264,  551,  471,  559,   65,  120,  665,  219,  670,  700,  559,  589,  247,  558,  475,  493,  175,  207,  617,  394,  620,  459,  310,  261,  383,  529,  262,  443,  315],
        [  739,    0,  739,  689,  444,  455,  267,  770,  502,  334,  348,  258,  593,  194,  577,  142,  190,  804,  678,  914,  369,  488,  543,  560,    0,  499,  352,  143,  490,  224,  634,  872,  561,  789,  560,  448,  734,  909,  827,  234,  569,  226, 1036,  171,  746,  100,  770,  733,  367,   23,  379, 1000,  201,  231,  810,  382,  685,  764,  465,  573,  394,  436,  584,  294,  308,  273,  567,  261,  359,  597,  792,  613,  943,  467,  778,  830,  448,  473,  276,  428,  139,  357,  616,  176,  555,  848,  451,  665,  335,  222,  522,  970,  355,  440,  731,  455,  775,  518,  868,  700,  590,  629,  851,  747,  571,  552,  659,  576,  413,  546,  365,  298, 1029,  835,  386,  582,  491,  461,  418,  301,  850,  311,  886,  315, 1036, 1015,  304,  623,  756,  787,  307,  337,  834,  697,  548,  255,  115,  410,  217,  808],
        [  776,    0,  517,  596,   68,  295,  588,  646,  666,  708,  157,  277,  177,  627,  695,  629,  460,  314,  773,  555,  134,  572,  643,  537,  499,    0,  682,  505,  113,  582,  167,  434,  325,  323,  226,  577,  407,  703,  354,  639,  798,  311,  756,  621,  310,  472,  281,  501,  352,  521,  129,  725,  534,  330,  332,  544,  259,  673,   67,  140,  477,  199,  168,  226,  706,  234,   69,  349,  142,  792,  617,  208,  722,  204,  342,  356,  449,  754,  424,  153,  530,  151,  499,  492,  305,  365,  167,  167,  175,  398,  201,  777,  148,  202,  600,  332,  580,  251,  382,  225,  183,  163,  457,  877,  381,   67,  288,  632,  265,   59,  527,  412,  713,  461,  133,  598,  578,  171,  329,  317,  357,  209,  451,  461,  718,  797,  196,  701,  720,  307,  644,  229,  470,  831,  728,  290,  386,  627,  293,  569],
        [  471,    0,  646,  522,  615,  469,  100,  601,  219,   61,  534,  411,  686,  501,  298,  405,  540,  990,  388,  882,  559,  280,  292,  396,  352,  682,    0,  225,  614,  562,  846,  916,  552,  876,  616,  229,  718,  765, 1035,  548,  228,  383,  925,  207,  811,  450,  958,  649,  362,  340,  604,  890,  548,  545, 1012,  194,  757,  573,  679,  685,  271,  710,  681,  557,   97,  467,  736,  333,  573,  267,  651,  858,  803,  540,  836,  921,  344,  125,  621,  546,  217,  536,  495,  213,  559,  951,  712,  827,  576,  286,  788,  806,  546,  521,  578,  442,  653,  555, 1059,  906,  679,  748,  859,  428,  525,  747,  698,  344,  712,  740,  198,  278,  945,  830,  620,  378,  279,  723,  414,  617,  972,  569,  926,  235,  952,  862,  524,  358,  531,  894,   46,  619,  822,  382,  238,  397,  411,  137,  420,  709],
        [  599,    0,  636,  565,  440,  376,  130,  648,  360,  224,  348,  229,  556,  327,  435,  250,  322,  818,  536,  835,  373,  351,  402,  433,  143,  505,  225,    0,  464,  366,  660,  821,  480,  755,  505,  308,  656,  795,  853,  371,  431,  195,  933,  123,  701,  236,  785,  633,  272,  141,  406,  897,  343,  322,  833,  242,  642,  636,  488,  545,  266,  498,  548,  344,  210,  273,  567,  184,  378,  456,  677,  658,  831,  415,  731,  798,  329,  340,  398,  396,   29,  354,  502,   39,  479,  823,  504,  664,  371,  129,  579,  852,  359,  390,  612,  366,  665,  453,  886,  723,  551,  606,  785,  605,  477,  567,  601,  438,  492,  559,  227,  186,  934,  764,  419,  448,  354,  515,  329,  394,  833,  358,  834,  187,  941,  900,  324,  483,  622,  762,  179,  402,  760,  554,  406,  219,  187,  268,  217,  705],
        [  666,    0,  409,  484,   83,  188,  527,  534,  572,  647,  153,  239,  107,  644,  594,  628,  495,  381,  667,  476,  141,  473,  542,  429,  490,  113,  614,  464,    0,  613,  266,  389,  213,  300,  120,  483,  313,  597,  435,  664,  707,  274,  661,  585,  261,  485,  350,  394,  263,  510,  182,  629,  566,  369,  409,  458,  201,  560,  166,   84,  385,  294,   97,  264,  651,  218,  134,  288,  173,  696,  507,  319,  618,   94,  294,  341,  347,  673,  479,   69,  491,  141,  386,  443,  193,  362,  265,  215,  218,  343,  311,  671,  151,  100,  488,  226,  471,  138,  450,  313,  106,  143,  389,  772,  269,  170,  201,  527,  353,  163,  443,  337,  626,  385,  197,  491,  478,  272,  229,  377,  370,  251,  404,  383,  632,  694,  208,  596,  608,  301,  580,  293,  390,  727,  632,  247,  385,  543,  273,  464],
        [  962,    0,  930,  900,  545,  635,  485,  979,  725,  533,  461,  422,  719,   89,  800,  179,  122,  848,  901, 1076,  474,  709,  766,  774,  224,  582,  562,  366,  613,    0,  673, 1001,  736,  901,  709,  671,  899, 1109,  851,   66,  785,  400, 1223,  360,  873,  149,  815,  922,  565,  227,  453, 1188,   48,  252,  841,  605,  814,  977,  528,  692,  612,  443,  709,  357,  499,  407,  649,  458,  448,  817,  994,  623, 1141,  621,  906,  937,  659,  686,  186,  566,  359,  473,  820,  400,  727,  946,  471,  740,  408,  431,  522, 1173,  463,  594,  938,  644,  973,  680,  904,  736,  719,  737,  999,  969,  758,  616,  806,  798,  390,  612,  588,  510, 1207,  989,  450,  801,  713,  477,  608,  282,  936,  374, 1017,  534, 1213, 1215,  406,  847,  975,  888,  520,  362,  992,  919,  770,  425,  256,  633,  368,  998],
        [  929,    0,  634,  738,  234,  453,  751,  778,  832,  870,  314,  437,  277,  733,  859,  752,  555,  176,  933,  610,  289,  736,  806,  693,  634,  167,  846,  660,  266,  673,    0,  447,  463,  322,  354,  743,  498,  810,  195,  736,  965,  469,  832,  771,  347,  588,  143,  617,  519,  656,  257,  805,  627,  431,  177,  711,  320,  810,  173,  246,  643,  233,  272,  342,  865,  388,  135,  513,  283,  958,  739,   90,  823,  360,  373,  337,  612,  921,  495,  318,  684,  311,  643,  650,  443,  326,  203,  124,  299,  561,  169,  883,  303,  363,  733,  491,  699,  395,  236,   66,  287,  220,  501, 1037,  523,  101,  380,  792,  295,  109,  694,  578,  777,  518,  248,  756,  742,  197,  492,  392,  295,  324,  462,  628,  781,  894,  338,  861,  865,  285,  807,  315,  531,  992,  893,  451,  519,  794,  443,  675],
        [  758,    0,  371,  539,  458,  453,  849,  530,  793,  963,  541,  614,  283, 1032,  776, 1012,  881,  384,  806,  195,  527,  684,  731,  583,  872,  434,  916,  821,  389, 1001,  447,    0,  365,  125,  316,  719,  222,  474,  459, 1052,  928,  648,  427,  942,  129,  873,  383,  355,  563,  890,  555,  409,  954,  753,  435,  727,  188,  578,  499,  310,  647,  626,  293,  647,  977,  605,  378,  637,  555,  898,  462,  537,  469,  408,   96,  122,  579,  934,  856,  445,  849,  530,  482,  792,  357,  155,  592,  324,  597,  692,  597,  536,  539,  435,  501,  475,  422,  370,  418,  430,  284,  272,   98,  906,  401,  429,  222,  690,  694,  430,  720,  655,  357,  137,  563,  640,  688,  593,  506,  749,  208,  632,   17,  686,  359,  524,  596,  746,  657,  167,  893,  662,  155,  877,  842,  619,  771,  807,  657,  365],
        [  473,    0,  207,  275,  287,  106,  489,  322,  439,  600,  310,  315,  196,  744,  437,  701,  629,  537,  491,  356,  313,  330,  387,  249,  561,  325,  552,  480,  213,  736,  463,  365,    0,  342,  111,  360,  177,  396,  603,  774,  577,  340,  488,  597,  270,  592,  512,  194,  209,  575,  372,  454,  693,  520,  576,  363,  225,  349,  377,  220,  283,  498,  197,  430,  617,  336,  329,  303,  351,  554,  298,  527,  422,  136,  290,  386,  216,  573,  639,  204,  507,  299,  181,  447,   21,  422,  473,  377,  394,  353,  523,  468,  316,  156,  276,  116,  264,   76,  601,  498,  186,  267,  311,  597,   61,  376,  153,  357,  552,  370,  356,  300,  471,  286,  391,  313,  335,  481,  151,  549,  454,  422,  375,  326,  478,  498,  361,  423,  403,  372,  531,  477,  282,  558,  494,  314,  483,  444,  369,  270],
        [  786,    0,  416,  569,  357,  408,  800,  577,  781,  918,  447,  536,  200,  939,  776,  927,  780,  273,  821,  302,  430,  672,  728,  584,  789,  323,  876,  755,  300,  901,  322,  125,  342,    0,  261,  700,  256,  554,  349,  955,  919,  571,  534,  877,   76,  780,  266,  398,  515,  809,  449,  513,  853,  650,  323,  697,  120,  621,  385,  216,  617,  508,  208,  544,  928,  517,  262,  573,  453,  895,  518,  412,  556,  343,   74,   45,  555,  911,  747,  363,  783,  436,  495,  730,  328,   80,  474,  200,  493,  629,  474,  622,  443,  367,  541,  438,  476,  322,  316,  307,  205,  164,  193,  926,  392,  310,  190,  694,  577,  311,  686,  604,  470,  221,  455,  646,  677,  474,  463,  640,  121,  528,  141,  642,  473,  619,  499,  756,  695,   49,  849,  552,  238,  890,  835,  543,  683,  780,  573,  429],
        [  584,    0,  292,  385,  203,  149,  541,  426,  532,  658,  254,  303,   86,  730,  539,  702,  594,  428,  599,  368,  250,  425,  487,  356,  560,  226,  616,  505,  120,  709,  354,  316,  111,  261,    0,  447,  197,  479,  493,  755,  670,  335,  543,  627,  198,  573,  402,  276,  255,  578,  299,  510,  663,  474,  466,  438,  141,  457,  284,  109,  359,  413,   87,  374,  669,  303,  220,  322,  285,  651,  393,  421,  499,   94,  227,  305,  303,  654,  588,  145,  533,  242,  292,  478,   91,  336,  385,  267,  330,  377,  426,  552,  257,  121,  381,  181,  355,   62,  493,  387,   76,  158,  292,  705,  171,  270,   99,  462,  473,  265,  427,  345,  510,  280,  315,  420,  430,  391,  203,  490,  361,  362,  329,  382,  516,  574,  310,  529,  513,  281,  589,  409,  283,  664,  589,  306,  466,  523,  350,  345],
        [  292,    0,  421,  293,  513,  304,  220,  374,   90,  289,  459,  357,  528,  635,  138,  553,  609,  861,  237,  664,  480,   52,   96,  167,  448,  577,  229,  308,  483,  671,  743,  719,  360,  700,  447,    0,  509,  536,  917,  678,  225,  347,  696,  374,  629,  531,  831,  425,  225,  448,  540,  661,  643,  562,  891,   67,  581,  350,  596,  538,  101,  668,  525,  530,  319,  416,  616,  272,  508,  216,  423,  777,  575,  393,  649,  744,  146,  216,  667,  425,  322,  456,  269,  272,  372,  779,  658,  694,  528,  262,  730,  581,  471,  383,  349,  268,  424,  386,  929,  795,  519,  598,  653,  324,  319,  643,  512,  132,  691,  635,   84,  194,  717,  620,  559,  153,   52,  670,  255,  626,  807,  536,  728,  150,  724,  635,  474,  177,  321,  726,  231,  595,  610,  273,  151,  344,  448,   96,  395,  482],
        [  539,    0,  160,  321,  396,  282,  661,  322,  577,  769,  450,  482,  233,  913,  556,  875,  787,  512,  585,  181,  446,  470,  512,  364,  734,  407,  718,  656,  313,  899,  498,  222,  177,  256,  197,  509,    0,  314,  587,  941,  710,  510,  349,  774,  184,  758,  496,  143,  385,  749,  495,  318,  854,  669,  559,  525,  182,  367,  471,  269,  448,  603,  241,  570,  788,  493,  381,  479,  481,  678,  263,  579,  325,  279,  184,  290,  375,  724,  784,  339,  684,  438,  262,  624,  180,  330,  572,  384,  527,  530,  605,  387,  453,  306,  288,  292,  221,  220,  565,  511,  226,  279,  144,  686,  194,  436,  122,  470,  665,  433,  521,  476,  314,  113,  509,  420,  474,  578,  328,  686,  376,  559,  227,  499,  320,  397,  505,  525,  443,  300,  700,  605,  106,  656,  624,  483,  650,  600,  534,  181],
        [  389,    0,  190,  244,  678,  483,  747,  166,  562,  824,  705,  693,  537, 1102,  502, 1041, 1011,  821,  473,  295,  709,  485,  484,  374,  909,  703,  765,  795,  597, 1109,  810,  474,  396,  554,  479,  536,  314,    0,  896, 1138,  660,  711,  173,  892,  490,  961,  807,  204,  545,  918,  767,  145, 1069,  910,  869,  585,  495,  205,  762,  573,  533,  890,  544,  824,  855,  725,  687,  653,  747,  613,  119,  888,   39,  532,  480,  578,  466,  718, 1030,  600,  818,  694,  294,  757,  413,  617,  862,  697,  790,  688,  904,   74,  712,  552,  188,  467,  137,  470,  869,  825,  529,  591,  377,  546,  357,  741,  431,  428,  946,  737,  592,  613,  226,  340,  785,  389,  486,  869,  502,  944,  668,  818,  469,  609,  232,  107,  755,  446,  280,  601,  766,  872,  322,  538,  582,  688,  854,  628,  748,  136],
        [ 1076,    0,  741,  870,  421,  617,  942,  896, 1006, 1061,  507,  629,  408,  916, 1024,  942,  736,   77, 1090,  649,  482,  905,  972,  847,  827,  354, 1035,  853,  435,  851,  195,  459,  603,  349,  493,  917,  587,  896,    0,  915, 1141,  661,  882,  965,  407,  777,   93,  723,  696,  849,  452,  861,  806,  618,   28,  891,  408,  935,  367,  387,  819,  410,  407,  534, 1058,  581,  303,  702,  477, 1130,  846,  229,  902,  525,  419,  338,  779, 1104,  668,  496,  878,  502,  781,  843,  584,  307,  385,  227,  493,  752,  330,  967,  496,  534,  855,  655,  804,  546,   66,  131,  418,  337,  540, 1196,  663,  289,  484,  952,  463,  297,  875,  763,  814,  569,  442,  911,  910,  377,  663,  570,  256,  517,  471,  812,  817,  966,  533, 1020, 1000,  301,  997,  501,  586, 1154, 1066,  642,  713,  975,  637,  767],
        [  969,    0,  963,  922,  599,  671,  481, 1003,  726,  514,  512,  460,  770,   48,  803,  147,  182,  911,  904, 1120,  526,  720,  772,  793,  234,  639,  548,  371,  664,   66,  736, 1052,  774,  955,  755,  678,  941, 1138,  915,    0,  775,  435, 1258,  342,  924,  184,  878,  956,  594,  231,  510, 1223,  110,  310,  905,  612,  865,  997,  587,  744,  628,  507,  760,  414,  478,  452,  706,  486,  503,  810, 1022,  687, 1171,  664,  957,  992,  681,  672,  252,  613,  359,  523,  846,  407,  766, 1003,  534,  799,  464,  453,  587, 1200,  514,  637,  963,  677, 1003,  722,  968,  799,  769,  791, 1046,  966,  792,  676,  853,  808,  455,  671,  597,  531, 1245, 1035,  508,  816,  723,  541,  640,  346,  994,  431, 1068,  549, 1252, 1244,  457,  853,  990,  944,  509,  423, 1036,  917,  767,  461,  292,  632,  408, 1032],
        [  298,    0,  595,  434,  733,  529,  303,  497,  139,  273,  671,  558,  752,  728,  163,  633,  753, 1085,  204,  847,  694,  248,  199,  347,  569,  798,  228,  431,  707,  785,  965,  928,  577,  919,  670,  225,  710,  660, 1141,  775,    0,  540,  831,  434,  846,  665, 1056,  604,  447,  561,  750,  801,  769,  737, 1116,  256,  801,  456,  812,  762,  323,  872,  750,  725,  313,  618,  839,  471,  717,   54,  564,  994,  699,  618,  865,  962,  368,  107,  826,  647,  431,  669,  453,  407,  592,  998,  866,  919,  732,  443,  940,  684,  683,  607,  491,  492,  579,  610, 1153, 1018,  743,  822,  853,  209,  531,  864,  729,  247,  887,  856,  274,  396,  870,  817,  768,  296,  243,  878,  480,  806, 1029,  734,  935,  345,  877,  743,  677,  215,  389,  947,  267,  790,  805,  170,   87,  544,  608,  179,  585,  645],
        [  617,    0,  531,  512,  246,  237,  286,  589,  428,  402,  155,   36,  372,  404,  483,  368,  302,  624,  579,  690,  180,  367,  436,  398,  226,  311,  383,  195,  274,  400,  469,  648,  340,  571,  335,  347,  510,  711,  661,  435,  540,    0,  825,  314,  523,  253,  591,  522,  172,  243,  221,  789,  358,  222,  640,  292,  463,  592,  298,  357,  257,  334,  364,  186,  397,   84,  372,   77,  191,  549,  597,  475,  742,  241,  554,  613,  280,  474,  336,  208,  221,  160,  426,  182,  333,  635,  332,  470,  195,   99,  407,  777,  166,  214,  546,  245,  574,  293,  692,  531,  368,  416,  625,  670,  359,  373,  433,  451,  348,  366,  272,  153,  811,  609,  237,  439,  372,  343,  210,  281,  642,  194,  662,  200,  818,  817,  142,  513,  604,  574,  342,  251,  609,  620,  487,   29,  145,  361,   49,  599],
        [  560,    0,  298,  407,  744,  589,  899,  335,  728,  983,  791,  802,  580, 1226,  672, 1173, 1117,  806,  645,  234,  790,  645,  650,  530, 1036,  756,  925,  933,  661, 1223,  832,  427,  488,  534,  543,  696,  349,  173,  882, 1258,  831,  825,    0, 1037,  487, 1077,  799,  304,  670, 1048,  841,   36, 1180, 1006,  856,  739,  513,  377,  819,  617,  679,  952,  589,  912, 1012,  824,  724,  776,  826,  784,  274,  917,  136,  616,  468,  546,  608,  886, 1124,  680,  958,  779,  437,  896,  500,  581,  921,  710,  871,  817,  951,  178,  795,  640,  349,  582,  274,  553,  843,  833,  574,  617,  342,  716,  467,  780,  468,  595, 1014,  778,  743,  748,   81,  317,  857,  553,  646,  926,  619, 1030,  634,  902,  417,  751,   84,  131,  845,  617,  452,  582,  922,  951,  302,  710,  752,  799,  969,  790,  856,  229],
