{
    "name": "random-17-14670",
    "comment": "size=17 seed=14670",
    "nodes": ["+0", "-0", "+1", "-1", "+2", "-2", "+3", "-3", "+4", "-4", "+5", "-5", "+6", "-6", "+7", "-7", "+8", "-8", "+9", "-9", "+10", "-10", "+11", "-11", "+12", "-12", "+13", "-13", "+14", "-14", "+15", "-15", "+16", "-16", "+17", "-17"],
    "precedence": {
        "+0": "-0",
        "+1": "-1",
        "+2": "-2",
        "+3": "-3",
        "+4": "-4",
        "+5": "-5",
        "+6": "-6",
        "+7": "-7",
        "+8": "-8",
        "+9": "-9",
        "+10": "-10",
        "+11": "-11",
        "+12": "-12",
        "+13": "-13",
        "+14": "-14",
        "+15": "-15",
        "+16": "-16",
        "+17": "-17"
    },
    "edges": [
        [    0,    0,  699,  722,  986,  758,  657,  651,  373,  654,  426,  546,  301,  556,  361,  525,  630,  299,   94,  157,  654,  683,  341,  564,  731,  448,   67,  477,  288,  403,  288,  690,  517,  565,  183,  421],
        [    0,    0,  699,  722,  986,  758,  657,  651,  373,  654,  426,  546,  301,  556,  361,  525,  630,  299,   94,  157,  654,  683,  341,  564,  731,  448,   67,  477,  288,  403,  288,  690,  517,  565,  183,  421],
        [  699,  699,    0,  827,  743,  371,   92, 1059,  985, 1158,  277,  262,  750,  313,  340,  285,  866,  833,  643,  723,  704,  336,  435,  188,  187,  259,  721,  262,  653,  551,  800,  346,  336,  158,  686,  495],
        [  722,  722,  827,    0,  422,  532,  735,  387,  624,  547,  737,  912, 1008,  517,  677,  911,  150,  506,  774,  874,  124,  518,  522,  651,  990,  759,  669,  828,  435,  367,  490,  511,  946,  692,  541,  396],
        [  986,  986,  743,  422,    0,  373,  663,  808, 1006,  968,  803,  937, 1222,  523,  779,  946,  567,  862, 1005, 1113,  385,  423,  675,  633,  929,  814,  952,  874,  723,  585,  836,  412,  996,  675,  832,  568],
        [  758,  758,  371,  532,  373,    0,  291,  854,  911,  989,  464,  574,  933,  207,  463,  586,  620,  749,  746,  851,  419,   77,  418,  276,  557,  468,  747,  520,  568,  418,  717,   69,  638,  314,  653,  369],
        [  657,  657,   92,  735,  663,  291,    0,  975,  919, 1079,  252,  298,  744,  222,  298,  316,  777,  763,  610,  699,  612,  248,  365,  107,  271,  242,  671,  269,  580,  469,  730,  259,  369,   93,  623,  411],
        [  651,  651, 1059,  387,  808,  854,  975,    0,  364,  163,  876, 1053,  948,  760,  799, 1042,  247,  353,  736,  803,  455,  815,  647,  872, 1185,  903,  584,  965,  445,  509,  365,  812, 1061,  904,  492,  565],
        [  373,  373,  985,  624, 1006,  911,  919,  364,    0,  304,  737,  890,  637,  746,  660,  872,  482,  163,  467,  499,  622,  848,  554,  813, 1060,  763,  314,  810,  349,  494,  196,  850,  874,  831,  300,  546],
        [  654,  654, 1158,  547,  968,  989, 1079,  163,  304,    0,  948, 1119,  935,  873,  869, 1105,  403,  367,  746,  794,  605,  942,  730,  973, 1268,  975,  589, 1032,  513,  611,  391,  941, 1117, 1001,  526,  669],
        [  426,  426,  277,  737,  803,  464,  252,  876,  737,  948,    0,  181,  494,  281,   80,  175,  728,  597,  367,  450,  621,  393,  232,  194,  324,   27,  453,   92,  437,  388,  567,  404,  211,  170,  439,  345],
        [  546,  546,  262,  912,  937,  574,  298, 1053,  890, 1119,  181,    0,  515,  427,  255,   27,  908,  760,  468,  521,  794,  514,  412,  304,  194,  156,  588,   90,  611,  568,  732,  526,   75,  262,  600,  524],
        [  301,  301,  750, 1008, 1222,  933,  744,  948,  637,  935,  494,  515,    0,  730,  473,  489,  927,  596,  234,  146,  927,  858,  547,  682,  705,  503,  366,  489,  576,  661,  587,  867,  453,  663,  480,  661],
        [  556,  556,  313,  517,  523,  207,  222,  760,  746,  873,  281,  427,  730,    0,  264,  432,  555,  585,  540,  645,  394,  130,  217,  135,  475,  292,  549,  355,  398,  264,  552,  139,  479,  179,  468,  207],
        [  361,  361,  340,  677,  779,  463,  298,  799,  660,  869,   80,  255,  473,  264,    0,  246,  659,  518,  314,  407,  565,  388,  161,  216,  403,  107,  382,  166,  358,  319,  488,  398,  273,  207,  361,  282],
        [  525,  525,  285,  911,  946,  586,  316, 1042,  872, 1105,  175,   27,  489,  432,  246,    0,  902,  744,  445,  496,  794,  525,  405,  314,  219,  152,  568,   84,  599,  562,  717,  536,   54,  274,  583,  520],
        [  630,  630,  866,  150,  567,  620,  777,  247,  482,  403,  728,  908,  927,  555,  659,  902,    0,  380,  695,  786,  209,  589,  499,  681, 1013,  753,  570,  820,  355,  341,  369,  584,  931,  718,  447,  387],
        [  299,  299,  833,  506,  862,  749,  763,  353,  163,  367,  597,  760,  596,  585,  518,  744,  380,    0,  386,  451,  483,  686,  399,  657,  920,  624,  232,  676,  188,  332,   34,  688,  753,  677,  162,  384],
        [   94,   94,  643,  774, 1005,  746,  610,  736,  467,  746,  367,  468,  234,  540,  314,  445,  695,  386,    0,  109,  695,  670,  336,  527,  657,  386,  158,  405,  343,  432,  372,  678,  432,  520,  252,  438],
        [  157,  157,  723,  874, 1113,  851,  699,  803,  499,  794,  450,  521,  146,  645,  407,  496,  786,  451,  109,    0,  799,  775,  444,  622,  715,  465,  222,  472,  439,  538,  442,  783,  473,  611,  339,  546],
        [  654,  654,  704,  124,  385,  419,  612,  455,  622,  605,  621,  794,  927,  394,  565,  794,  209,  483,  695,  799,    0,  398,  415,  527,  867,  642,  608,  711,  370,  269,  460,  391,  831,  569,  481,  287],
        [  683,  683,  336,  518,  423,   77,  248,  815,  848,  942,  393,  514,  858,  130,  388,  525,  589,  686,  670,  775,  398,    0,  343,  212,  518,  400,  673,  455,  502,  355,  653,   12,  575,  253,  583,  303],
        [  341,  341,  435,  522,  675,  418,  365,  647,  554,  730,  232,  412,  547,  217,  161,  405,  499,  399,  336,  444,  415,  343,    0,  260,  540,  258,  333,  323,  219,  160,  366,  349,  433,  278,  261,  129],
        [  564,  564,  188,  651,  633,  276,  107,  872,  813,  973,  194,  304,  682,  135,  216,  314,  681,  657,  527,  622,  527,  212,  260,    0,  340,  194,  574,  245,  473,  364,  624,  223,  364,   45,  518,  307],
        [  731,  731,  187,  990,  929,  557,  271, 1185, 1060, 1268,  324,  194,  705,  475,  403,  219, 1013,  920,  657,  715,  867,  518,  540,  340,    0,  298,  768,  255,  755,  681,  890,  529,  253,  298,  763,  629],
        [  448,  448,  259,  759,  814,  468,  242,  903,  763,  975,   27,  156,  503,  292,  107,  152,  753,  624,  386,  465,  642,  400,  258,  194,  298,    0,  477,   69,  464,  413,  594,  411,  191,  165,  466,  369],
        [   67,   67,  721,  669,  952,  747,  671,  584,  314,  589,  453,  588,  366,  549,  382,  568,  570,  232,  158,  222,  608,  673,  333,  574,  768,  477,    0,  513,  238,  368,  222,  679,  565,  579,  128,  395],
        [  477,  477,  262,  828,  874,  520,  269,  965,  810, 1032,   92,   90,  489,  355,  166,   84,  820,  676,  405,  472,  711,  455,  323,  245,  255,   69,  513,    0,  523,  480,  647,  467,  124,  209,  516,  437],
        [  288,  288,  653,  435,  723,  568,  580,  445,  349,  513,  437,  611,  576,  398,  358,  599,  355,  188,  343,  439,  370,  502,  219,  473,  755,  464,  238,  523,    0,  153,  154,  505,  617,  496,  112,  200],
        [  403,  403,  551,  367,  585,  418,  469,  509,  494,  611,  388,  568,  661,  264,  319,  562,  341,  332,  432,  538,  269,  355,  160,  364,  681,  413,  368,  480,  153,    0,  300,  357,  592,  396,  252,   58],
        [  288,  288,  800,  490,  836,  717,  730,  365,  196,  391,  567,  732,  587,  552,  488,  717,  369,   34,  372,  442,  460,  653,  366,  624,  890,  594,  222,  647,  154,  300,    0,  655,  727,  644,  136,  351],
        [  690,  690,  346,  511,  412,   69,  259,  812,  850,  941,  404,  526,  867,  139,  398,  536,  584,  688,  678,  783,  391,   12,  349,  223,  529,  411,  679,  467,  505,  357,  655,    0,  587,  264,  587,  306],
        [  517,  517,  336,  946,  996,  638,  369, 1061,  874, 1117,  211,   75,  453,  479,  273,   54,  931,  753,  432,  473,  831,  575,  433,  364,  253,  191,  565,  124,  617,  592,  727,  587,    0,  325,  592,  553],
        [  565,  565,  158,  692,  675,  314,   93,  904,  831, 1001,  170,  262,  663,  179,  207,  274,  718,  677,  520,  611,  569,  253,  278,   45,  298,  165,  579,  209,  496,  396,  644,  264,  325,    0,  533,  340],
        [  183,  183,  686,  541,  832,  653,  623,  492,  300,  526,  439,  600,  480,  468,  361,  583,  447,  162,  252,  339,  481,  583,  261,  518,  763,  466,  128,  516,  112,  252,  136,  587,  592,  533,    0,  288],
        [  421,  421,  495,  396,  568,  369,  411,  565,  546,  669,  345,  524,  661,  207,  282,  520,  387,  384,  438,  546,  287,  303,  129,  307,  629,  369,  395,  437,  200,   58,  351,  306,  553,  340,  288,    0]
    ]
}
