{
    "name": "random-87-23006",
    "comment": "size=87 seed=23006",
    "nodes": ["+0", "-0", "+1", "-1", "+2", "-2", "+3", "-3", "+4", "-4", "+5", "-5", "+6", "-6", "+7", "-7", "+8", "-8", "+9", "-9", "+10", "-10", "+11", "-11", "+12", "-12", "+13", "-13", "+14", "-14", "+15", "-15", "+16", "-16", "+17", "-17", "+18", "-18", "+19", "-19", "+20", "-20", "+21", "-21", "+22", "-22", "+23", "-23", "+24", "-24", "+25", "-25", "+26", "-26", "+27", "-27", "+28", "-28", "+29", "-29", "+30", "-30", "+31", "-31", "+32", "-32", "+33", "-33", "+34", "-34", "+35", "-35", "+36", "-36", "+37", "-37", "+38", "-38", "+39", "-39", "+40", "-40", "+41", "-41", "+42", "-42", "+43", "-43", "+44", "-44", "+45", "-45", "+46", "-46", "+47", "-47", "+48", "-48", "+49", "-49", "+50", "-50", "+51", "-51", "+52", "-52", "+53", "-53", "+54", "-54", "+55", "-55", "+56", "-56", "+57", "-57", "+58", "-58", "+59", "-59", "+60", "-60", "+61", "-61", "+62", "-62", "+63", "-63", "+64", "-64", "+65", "-65", "+66", "-66", "+67", "-67", "+68", "-68", "+69", "-69", "+70", "-70", "+71", "-71", "+72", "-72", "+73", "-73", "+74", "-74", "+75", "-75", "+76", "-76", "+77", "-77", "+78", "-78", "+79", "-79", "+80", "-80", "+81", "-81", "+82", "-82", "+83", "-83", "+84", "-84", "+85", "-85", "+86", "-86", "+87", "-87"],
    "precedence": {
        "+0": "-0",
        "+1": "-1",
        "+2": "-2",
        "+3": "-3",
        "+4": "-4",
        "+5": "-5",
        "+6": "-6",
        "+7": "-7",
        "+8": "-8",
        "+9": "-9",
        "+10": "-10",
        "+11": "-11",
        "+12": "-12",
        "+13": "-13",
        "+14": "-14",
        "+15": "-15",
        "+16": "-16",
        "+17": "-17",
        "+18": "-18",
        "+19": "-19",
        "+20": "-20",
        "+21": "-21",
        "+22": "-22",
        "+23": "-23",
        "+24": "-24",
        "+25": "-25",
        "+26": "-26",
        "+27": "-27",
        "+28": "-28",
        "+29": "-29",
        "+30": "-30",
        "+31": "-31",
        "+32": "-32",
        "+33": "-33",
        "+34": "-34",
        "+35": "-35",
        "+36": "-36",
        "+37": "-37",
        "+38": "-38",
        "+39": "-39",
        "+40": "-40",
        "+41": "-41",
        "+42": "-42",
        "+43": "-43",
        "+44": "-44",
        "+45": "-45",
        "+46": "-46",
        "+47": "-47",
        "+48": "-48",
        "+49": "-49",
        "+50": "-50",
        "+51": "-51",
        "+52": "-52",
        "+53": "-53",
        "+54": "-54",
        "+55": "-55",
        "+56": "-56",
        "+57": "-57",
        "+58": "-58",
        "+59": "-59",
        "+60": "-60",
        "+61": "-61",
        "+62": "-62",
        "+63": "-63",
        "+64": "-64",
        "+65": "-65",
        "+66": "-66",
        "+67": "-67",
        "+68": "-68",
        "+69": "-69",
        "+70": "-70",
        "+71": "-71",
        "+72": "-72",
        "+73": "-73",
        "+74": "-74",
        "+75": "-75",
        "+76": "-76",
        "+77": "-77",
        "+78": "-78",
        "+79": "-79",
        "+80": "-80",
        "+81": "-81",
        "+82": "-82",
        "+83": "-83",
        "+84": "-84",
        "+85": "-85",
        "+86": "-86",
        "+87": "-87"
    },
    "edges": [
        [    0,    0,  109,  874,  144,  318,  628,   84,  590,  557, 1017,  826,   18,  806,  847,  748,  711,  465,  465,  348,  433,  235,  169,  518,  514,  481,  934,  388,  445,  527,  425,  143,  645,  521,  767,  360,  476,  642,  748,  172,  623,  268,   83,  593,  624,  409,  372,  224,  132,  660,  722,  459,  842,  401,   73,  717,  800,  662,  777,  201,  624,  198,  491,  561,  237,  182,  734,   19,  394,  608,  256,  334,  327,  517,  758,  778,  287,  752,  480,  289,  696,  544,  310,  430,  587,  149,  365,  521,  941,  676,  410,  265,  619,  147,  345,  120,  798,  679,  587,  645,  632,  564,  579,  493,   54,  344,  535,  842,  457,   59,  399,  278,  944,  570,  309,  655,  956,  384,  503,  560,  276,  157,  142,  149,  506,  288,  774,  325,  404,  807,  263,   50,  176,  209,  466,  672,   63,  654,  244,  862,  432,  730,  518,  327,  122,  514,  688,  316,  657,  858,  844,  582,  249,  486,  477,  566,  289,  719,  684,  350,  726,  716,  634,  895,  325,  551,  108,   51,  590,  744,  756,  721,  178,  753,  741,  532],
        [    0,    0,    0,    0,    0,    0,    0,    0,    0,    0,    0,    0,    0,    0,    0,    0,    0,    0,    0,    0,    0,    0,    0,    0,    0,    0,    0,    0,    0,    0,    0,    0,    0,    0,    0,    0,    0,    0,    0,    0,    0,    0,    0,    0,    0,    0,    0,    0,    0,    0,    0,    0,    0,    0,    0,    0,    0,    0,    0,    0,    0,    0,    0,    0,    0,    0,    0,    0,    0,    0,    0,    0,    0,    0,    0,    0,    0,    0,    0,    0,    0,    0,    0,    0,    0,    0,    0,    0,    0,    0,    0,    0,    0,    0,    0,    0,    0,    0,    0,    0,    0,    0,    0,    0,    0,    0,    0,    0,    0,    0,    0,    0,    0,    0,    0,    0,    0,    0,    0,    0,    0,    0,    0,    0,    0,    0,    0,    0,    0,    0,    0,    0,    0,    0,    0,    0,    0,    0,    0,    0,    0,    0,    0,    0,    0,    0,    0,    0,    0,    0,    0,    0,    0,    0,    0,    0,    0,    0,    0,    0,    0,    0,    0,    0,    0,    0,    0,    0,    0,    0,    0,    0,    0,    0,    0,    0],
        [  109,    0,    0,  967,  144,  327,  722,  190,  686,  643, 1115,  923,   95,  906,  951,  849,  816,  551,  569,  455,  452,  170,  275,  556,  599,  580, 1028,  461,  515,  551,  427,  139,  753,  535,  870,  350,  510,  748,  846,  230,  731,  353,   34,  689,  724,  490,  478,  212,  220,  742,  802,  532,  950,  507,   82,  819,  905,  766,  869,  249,  718,  204,  580,  664,  268,  152,  840,  119,  479,  708,  247,  405,  344,  623,  839,  885,  258,  857,  534,  373,  790,  635,  394,  512,  665,  243,  467,  548, 1038,  721,  457,  258,  722,  229,  365,  214,  903,  726,  687,  673,  710,  644,  686,  573,  148,  423,  639,  932,  540,  146,  492,  368, 1046,  661,  386,  660, 1059,  470,  576,  562,  382,   62,   35,  214,  554,  354,  878,  415,  476,  915,  371,  123,  152,  294,  559,  764,   53,  725,  304,  964,  442,  837,  564,  431,  175,  620,  786,  359,  763,  963,  929,  638,  357,  566,  572,  635,  387,  822,  758,  457,  831,  814,  740, 1000,  423,  654,  215,  159,  666,  852,  828,  822,  269,  860,  829,  640],
        [  874,    0,  967,    0,  994, 1095,  820,  819,  790,  334,  181,  853,  880,  133,  212,  749,  661,  422,  441,  563,  713, 1106,  773,  608,  377,  403,   62,  927,  962,  676,  784,  997,  542,  724,  220,  833,  636,  621,  808,  930,  548,  856,  933,  285,  746,  486,  536,  856,  860,  261,  230,  950,  423,  637,  888,  215,  678,  683,  911,  743,  250,  827,  389,  352,  755,  896,  322,  875,  492,  284, 1081,  582,  755,  605,  201,  364, 1129,  302,  537,  596,  848,  838,  860,  464,  343,  837,  519,  662,   98,  533,  607,  837,  312,  738,  739,  844,  666,  508,  306,  637,  311,  353,  401,  913,  870,  887,  389,   58,  892,  880,  476,  830,  204,  848,  894,  783,  248,  499,  435,  790,  706,  984, 1001,  914,  559,  932,  677,  552,  519,  469,  650,  899, 1034,  674,  813,  203,  915,  347,  944,  186,  755,  582,  564,  566,  799,  423,  200, 1016,  370,  280,  124,  478,  697,  422,  795,  409,  587,  244,  303,  572,  284,  790,  631,  264,  551,  676,  794,  834,  352,  497,  294,  197,  699,  537,  150,  522],
        [  144,    0,  144,  994,    0,  186,  621,  176,  589,  688, 1127,  824,  150,  916,  947,  762,  742,  597,  567,  444,  570,  123,  233,  661,  646,  594, 1054,  337,  387,  667,  555,    7,  700,  657,  868,  483,  618,  680,  750,  113,  677,  251,  155,  711,  635,  545,  470,  344,  148,  793,  855,  406,  914,  453,  188,  824,  830,  687,  760,  343,  746,  327,  620,  665,  376,  289,  823,  133,  527,  720,  114,  475,  463,  564,  891,  859,  145,  842,  623,  425,  686,  530,  287,  565,  723,  176,  476,  662, 1055,  820,  553,  389,  720,  288,  482,  158,  829,  822,  697,  786,  768,  700,  668,  454,  126,  308,  634,  967,  423,  116,  524,  273, 1046,  554,  270,  788, 1053,  516,  642,  691,  331,  203,  150,  110,  650,  229,  803,  456,  544,  872,  354,  102,   41,  346,  457,  795,  153,  794,  176,  964,  566,  776,  662,  432,  264,  609,  802,  219,  742,  949,  974,  725,  320,  623,  474,  706,  410,  820,  822,  441,  820,  720,  670,  989,  445,  578,  201,  166,  728,  804,  894,  830,  314,  806,  867,  598],
        [  318,    0,  327, 1095,  186,    0,  562,  315,  541,  814, 1209,  760,  328, 1001, 1015,  720,  723,  729,  655,  532,  750,  219,  329,  833,  775,  695, 1151,  260,  287,  844,  738,  190,  714,  837,  940,  668,  791,  675,  694,  174,  692,  251,  340,  813,  597,  684,  559,  528,  249,  922,  985,  310,  944,  488,  371,  905,  806,  665,  680,  516,  853,  510,  745,  749,  554,  474,  878,  302,  663,  813,   87,  629,  644,  580, 1018,  902,  118,  899,  785,  570,  620,  470,  265,  702,  860,  266,  582,  838, 1144,  986,  721,  573,  798,  448,  662,  269,  808,  986,  790,  960,  904,  835,  730,  370,  281,  261,  713, 1075,  351,  271,  646,  279, 1116,  489,  232,  970, 1116,  651,  788,  875,  391,  382,  327,  196,  816,  183,  779,  590,  694,  893,  448,  268,  179,  497,  414,  904,  337,  937,  153, 1036,  748,  775,  828,  533,  438,  683,  897,  107,  797, 1005, 1092,  884,  399,  761,  436,  854,  534,  894,  961,  523,  884,  668,  663, 1047,  565,  568,  331,  322,  867,  821, 1034,  915,  463,  814,  981,  636],
        [  628,    0,  722,  820,  621,  562,    0,  549,   44,  700,  856,  203,  645,  690,  651,  164,  202,  663,  477,  441,  913,  731,  467,  921,  685,  539,  857,  304,  283,  971,  947,  627,  283,  993,  606,  918,  901,  205,  132,  509,  273,  373,  706,  615,   76,  668,  449,  814,  503,  784,  835,  260,  490,  294,  696,  607,  264,  153,  155,  714,  659,  777,  649,  512,  763,  796,  508,  612,  643,  581,  617,  694,  847,  237,  852,  492,  667,  530,  831,  627,   69,   94,  334,  671,  771,  481,  505,  958,  822, 1008,  816,  841,  524,  630,  853,  510,  270,  995,  564, 1044,  799,  747,  433,  197,  577,  317,  478,  830,  212,  578,  587,  355,  741,   75,  354, 1128,  721,  631,  757, 1059,  378,  780,  747,  516,  876,  401,  240,  599,  715,  428,  447,  600,  651,  618,  165,  700,  688,  859,  452,  680,  937,  283,  890,  478,  682,  447,  643,  457,  450,  609,  880,  888,  416,  711,  151,  813,  544,  576,  855,  423,  539,  107,  194,  651,  543,  155,  532,  583,  785,  363,  919,  626,  600,  335,  776,  315],
        [   84,    0,  190,  819,  176,  315,  549,    0,  510,  514,  954,  745,  100,  743,  779,  665,  628,  424,  396,  276,  455,  290,   86,  524,  472,  419,  878,  328,  386,  543,  460,  178,  563,  544,  699,  405,  485,  559,  667,  146,  541,  201,  166,  535,  542,  374,  301,  279,   77,  620,  682,  397,  763,  318,  148,  652,  717,  579,  700,  218,  570,  246,  446,  494,  264,  250,  660,   72,  355,  546,  273,  314,  358,  434,  717,  702,  316,  679,  471,  257,  617,  468,  242,  394,  552,   80,  302,  535,  881,  673,  410,  315,  550,  138,  372,   57,  715,  672,  524,  654,  597,  528,  505,  424,   53,  279,  465,  791,  388,   62,  349,  206,  877,  494,  248,  683,  886,  344,  476,  592,  193,  240,  222,  122,  504,  238,  691,  283,  380,  727,  187,   83,  216,  183,  389,  619,  146,  626,  205,  794,  462,  647,  517,  259,  153,  442,  628,  286,  581,  785,  799,  569,  168,  452,  399,  541,  235,  651,  652,  275,  654,  635,  551,  823,  270,  468,   27,   35,  558,  663,  725,  657,  148,  671,  692,  451],
        [  590,    0,  686,  790,  589,  541,   44,  510,    0,  660,  834,  237,  607,  662,  628,  180,  198,  621,  437,  398,  870,  702,  427,  878,  644,  499,  829,  282,  269,  928,  904,  595,  259,  950,  579,  876,  858,  185,  161,  477,  247,  339,  669,  578,   63,  626,  406,  773,  467,  746,  797,  246,  477,  251,  658,  576,  271,  143,  197,  672,  622,  736,  608,  475,  721,  756,  483,  574,  600,  545,  591,  650,  804,  198,  816,  471,  642,  505,  789,  584,  110,   76,  303,  629,  730,  444,  462,  914,  796,  966,  773,  799,  490,  588,  810,  473,  275,  953,  528, 1001,  760,  707,  398,  185,  540,  289,  440,  798,  192,  541,  544,  320,  720,   69,  325, 1085,  702,  588,  715, 1016,  336,  743,  711,  483,  833,  373,  245,  556,  673,  415,  404,  564,  621,  575,  132,  664,  651,  819,  423,  656,  894,  272,  847,  435,  641,  408,  610,  434,  421,  589,  846,  846,  374,  670,  115,  771,  501,  547,  816,  380,  512,  132,  173,  631,  500,  117,  492,  544,  745,  347,  881,  594,  558,  323,  741,  279],
        [  557,    0,  643,  334,  688,  814,  700,  514,  660,    0,  501,  810,  561,  313,  395,  699,  614,   93,  224,  306,  402,  791,  486,  321,   44,  162,  395,  700,  747,  391,  470,  689,  482,  435,  325,  508,  334,  546,  743,  642,  474,  599,  609,  123,  639,  154,  284,  523,  568,  108,  171,  742,  519,  433,  562,  264,  672,  607,  832,  411,  112,  494,   70,  209,  422,  564,  368,  561,  165,  171,  785,  249,  426,  463,  204,  435,  829,  369,  231,  270,  750,  680,  616,  132,   73,  548,  242,  375,  417,  332,  286,  505,  237,  415,  413,  549,  662,  312,  171,  402,  102,   53,  299,  723,  562,  651,  232,  293,  693,  573,  168,  579,  466,  699,  646,  531,  495,  174,  117,  507,  451,  655,  676,  622,  266,  673,  658,  233,  187,  527,  374,  588,  726,  351,  628,  138,  592,  160,  672,  394,  443,  564,  276,  290,  470,  258,  199,  752,  340,  441,  288,  222,  428,   90,  617,  133,  282,  291,  161,  322,  332,  715,  550,  460,  250,  546,  491,  523,   88,  508,  233,  253,  379,  543,  189,  391],
        [ 1017,    0, 1115,  181, 1127, 1209,  856,  954,  834,  501,    0,  847, 1025,  212,  207,  755,  672,  584,  561,  685,  891, 1243,  898,  787,  542,  537,  131, 1015, 1041,  856,  961, 1130,  575,  904,  271, 1007,  814,  651,  817, 1052,  588,  961, 1082,  427,  781,  649,  658, 1020,  986,  439,  410, 1026,  390,  729, 1038,  305,  666,  708,  921,  903,  403,  990,  548,  464,  920, 1057,  354, 1016,  651,  409, 1205,  746,  926,  670,  381,  366, 1256,  331,  714,  751,  871,  892,  959,  627,  519,  961,  653,  841,   85,  712,  781, 1005,  411,  889,  912,  972,  654,  687,  431,  816,  490,  526,  483,  981, 1006,  981,  497,  237,  965, 1016,  625,  934,  118,  898,  994,  963,  151,  656,  608,  970,  818, 1137, 1149, 1038,  738, 1036,  672,  703,  687,  450,  775, 1036, 1168,  826,  882,  364, 1063,  527, 1056,  180,  932,  587,  743,  696,  952,  526,  329, 1121,  427,  250,  294,  658,  816,  591,  862,  587,  729,  315,  483,  691,  333,  805,  663,  212,  693,  729,  928,  973,  529,  501,  469,  298,  847,  536,  327,  594],
        [  826,    0,  923,  853,  824,  760,  203,  745,  237,  810,  847,    0,  843,  721,  657,  112,  200,  793,  600,  598, 1078,  934,  662, 1070,  806,  658,  878,  503,  475, 1126, 1119,  830,  333, 1153,  635, 1098, 1056,  265,   80,  712,  338,  575,  905,  707,  207,  812,  600, 1003,  703,  878,  919,  452,  457,  462,  893,  655,  182,  206,  103,  896,  746,  965,  772,  605,  944,  989,  533,  810,  788,  664,  818,  853, 1022,  369,  930,  493,  868,  552,  976,  792,  141,  296,  537,  810,  882,  681,  654, 1111,  832, 1136,  973, 1026,  598,  815, 1026,  709,  194, 1119,  653, 1185,  903,  861,  516,  390,  777,  519,  579,  876,  411,  778,  728,  556,  730,  274,  557, 1283,  699,  778,  888, 1222,  565,  980,  948,  719, 1020,  603,  178,  756,  863,  398,  624,  801,  854,  795,  367,  778,  887,  966,  654,  687, 1106,  273, 1035,  638,  872,  554,  708,  655,  502,  600,  937, 1018,  601,  841,  352,  935,  709,  619,  953,  582,  573,  113,  262,  636,  701,  298,  726,  780,  898,  357, 1009,  675,  782,  317,  845,  424],
        [   18,    0,   95,  880,  150,  328,  645,  100,  607,  561, 1025,  843,    0,  815,  857,  765,  728,  469,  475,  360,  423,  232,  186,  512,  517,  489,  941,  405,  463,  518,  412,  148,  661,  510,  777,  346,  468,  658,  765,  187,  638,  286,   67,  600,  641,  411,  383,  209,  149,  663,  724,  476,  855,  417,   55,  727,  817,  679,  795,  194,  631,  185,  496,  571,  228,  165,  746,   36,  397,  617,  263,  333,  317,  533,  761,  791,  292,  763,  476,  292,  714,  562,  328,  433,  589,  166,  374,  513,  948,  671,  405,  251,  629,  148,  335,  137,  814,  674,  595,  637,  634,  567,  592,  510,   72,  361,  545,  848,  475,   75,  405,  296,  954,  588,  326,  644,  966,  387,  504,  548,  292,  141,  129,  165,  501,  304,  790,  330,  404,  821,  276,   64,  179,  211,  484,  678,   47,  654,  260,  871,  421,  746,  513,  337,  114,  526,  696,  331,  669,  869,  848,  579,  265,  488,  495,  565,  296,  729,  685,  363,  737,  733,  650,  906,  333,  567,  124,   67,  592,  758,  756,  730,  182,  768,  746,  546],
        [  806,    0,  906,  133,  916, 1001,  690,  743,  662,  313,  212,  721,  815,    0,   99,  617,  528,  387,  350,  474,  714, 1032,  687,  624,  350,  326,  167,  816,  847,  695,  782,  919,  411,  741,   87,  820,  644,  490,  676,  842,  418,  755,  872,  221,  616,  450,  447,  821,  775,  283,  280,  834,  298,  527,  830,   97,  546,  552,  779,  701,  205,  788,  350,  253,  721,  854,  189,  805,  450,  198,  995,  547,  736,  482,  268,  233, 1045,  170,  541,  546,  717,  713,  755,  430,  350,  750,  442,  679,  144,  584,  598,  809,  203,  681,  724,  761,  534,  560,  220,  679,  333,  350,  283,  794,  795,  779,  288,  162,  774,  805,  419,  729,  153,  722,  790,  820,  184,  453,  428,  811,  610,  930,  940,  827,  571,  830,  544,  497,  494,  339,  564,  825,  957,  618,  693,  179,  853,  385,  848,   86,  755,  449,  579,  485,  745,  319,  123,  915,  242,  164,  231,  505,  606,  402,  674,  423,  519,  117,  348,  480,  153,  658,  500,  164,  483,  550,  717,  763,  363,  365,  366,   87,  638,  405,  182,  401],
        [  847,    0,  951,  212,  947, 1015,  651,  779,  628,  395,  207,  657,  857,   99,    0,  559,  473,  459,  383,  504,  796, 1067,  715,  712,  428,  375,  224,  812,  836,  783,  863,  951,  370,  828,   82,  894,  729,  447,  620,  864,  382,  765,  918,  288,  576,  520,  478,  884,  802,  377,  379,  821,  213,  530,  878,  138,  478,  505,  724,  761,  284,  850,  421,  287,  785,  912,  147,  844,  516,  252, 1017,  615,  810,  465,  366,  166, 1069,  124,  625,  604,  669,  686,  760,  501,  439,  776,  484,  767,  176,  681,  678,  876,  229,  731,  798,  790,  465,  657,  270,  773,  426,  436,  286,  775,  831,  780,  314,  253,  760,  839,  476,  738,  102,  692,  795,  913,  109,  517,  511,  899,  628,  980,  985,  852,  658,  839,  480,  554,  568,  263,  594,  861,  988,  671,  677,  267,  899,  481,  862,   31,  837,  390,  667,  521,  798,  339,  197,  923,  223,   69,  324,  597,  630,  481,  656,  513,  566,  129,  445,  507,  131,  605,  458,   67,  531,  522,  752,  801,  453,  303,  464,  144,  688,  341,  280,  390],
        [  748,    0,  849,  749,  762,  720,  164,  665,  180,  699,  755,  112,  765,  617,  559,    0,   90,  683,  490,  496,  975,  877,  580,  962,  695,  548,  777,  461,  445, 1020, 1018,  768,  222, 1048,  530, 1002,  950,  154,   63,  650,  226,  512,  829,  595,  128,  704,  495,  913,  632,  767,  808,  422,  369,  366,  812,  547,  107,   98,  167,  802,  634,  874,  661,  493,  848,  903,  428,  733,  680,  552,  769,  749,  924,  265,  819,  394,  821,  448,  867,  690,  134,  253,  478,  701,  771,  607,  549, 1005,  734, 1025,  867,  933,  487,  723,  926,  635,  116, 1008,  541, 1076,  792,  750,  404,  360,  701,  467,  467,  770,  371,  704,  620,  490,  637,  238,  502, 1177,  610,  671,  778, 1118,  478,  904,  876,  654,  912,  551,   89,  652,  756,  307,  530,  727,  795,  699,  310,  667,  810,  854,  600,  589, 1005,  170,  926,  536,  783,  443,  598,  614,  393,  505,  829,  908,  512,  731,  290,  824,  607,  512,  842,  480,  467,   63,  151,  544,  597,  202,  645,  700,  787,  256,  898,  567,  688,  219,  735,  314],
        [  711,    0,  816,  661,  742,  723,  202,  628,  198,  614,  672,  200,  728,  528,  473,   90,    0,  604,  412,  431,  907,  861,  543,  886,  612,  467,  690,  468,  463,  946,  953,  747,  134,  976,  442,  942,  877,   77,  148,  632,  141,  496,  793,  508,  136,  628,  427,  862,  604,  679,  720,  442,  293,  316,  773,  457,   90,   59,  252,  746,  546,  823,  579,  407,  791,  857,  340,  699,  606,  464,  762,  680,  861,  204,  730,  309,  816,  360,  791,  624,  200,  273,  467,  624,  686,  578,  479,  931,  648,  942,  796,  878,  399,  672,  862,  605,   88,  925,  454,  997,  705,  666,  318,  381,  669,  463,  383,  681,  384,  673,  545,  471,  556,  266,  495, 1102,  531,  597,  697, 1047,  437,  868,  846,  633,  835,  545,   63,  583,  682,  230,  477,  697,  778,  641,  310,  578,  774,  768,  590,  503,  938,   86,  849,  471,  734,  361,  508,  616,  303,  423,  739,  826,  468,  650,  288,  742,  543,  423,  755,  417,  378,  133,   81,  463,  529,  164,  606,  662,  702,  172,  810,  478,  633,  138,  645,  237],
        [  465,    0,  551,  422,  597,  729,  663,  424,  621,   93,  584,  793,  469,  387,  459,  683,  604,    0,  193,  241,  344,  700,  401,  289,   49,  138,  484,  630,  680,  355,  408,  599,  476,  393,  383,  436,  290,  530,  721,  556,  464,  523,  517,  172,  609,   65,  223,  437,  481,  196,  259,  677,  553,  381,  470,  322,  671,  588,  804,  322,  183,  407,   39,  221,  336,  475,  406,  470,   73,  213,  696,  162,  351,  432,  294,  470,  739,  412,  193,  178,  719,  633,  543,   44,  133,  463,  172,  339,  502,  346,  224,  423,  266,  323,  340,  462,  661,  332,  202,  394,  176,  107,  303,  664,  472,  580,  229,  383,  632,  482,   88,  504,  539,  653,  571,  506,  564,   82,   95,  466,  378,  563,  584,  535,  235,  595,  653,  142,  110,  552,  296,  497,  635,  259,  574,  222,  500,  218,  590,  462,  384,  564,  248,  217,  379,  245,  266,  671,  361,  497,  380,  227,  351,   49,  565,  152,  196,  343,  234,  258,  375,  691,  532,  521,  166,  513,  403,  432,  142,  521,  308,  316,  288,  552,  280,  370],
        [  465,    0,  569,  441,  567,  655,  477,  396,  437,  224,  561,  600,  475,  350,  383,  490,  412,  193,    0,  125,  508,  685,  338,  476,  209,   62,  497,  497,  539,  537,  562,  571,  287,  571,  303,  568,  469,  338,  529,  493,  273,  416,  537,  166,  419,  219,   98,  525,  426,  317,  374,  531,  407,  216,  498,  257,  482,  395,  613,  399,  210,  487,  174,   98,  434,  543,  277,  461,  199,  158,  646,  286,  483,  242,  398,  331,  696,  292,  380,  248,  530,  457,  423,  213,  294,  401,  105,  522,  491,  537,  391,  527,  155,  355,  479,  412,  473,  522,  135,  586,  325,  271,  133,  507,  449,  453,   71,  425,  478,  458,  139,  391,  481,  476,  456,  693,  491,  192,  288,  643,  266,  600,  603,  478,  424,  492,  463,  198,  274,  390,  215,  479,  608,  300,  409,  260,  517,  383,  504,  399,  543,  378,  438,  139,  423,   62,  242,  576,  208,  396,  453,  419,  258,  241,  397,  338,  190,  255,  382,  132,  263,  499,  340,  432,  158,  324,  370,  418,  309,  346,  450,  264,  311,  372,  340,  177],
        [  348,    0,  455,  563,  444,  532,  441,  276,  398,  306,  685,  598,  360,  474,  504,  496,  431,  241,  125,    0,  481,  563,  213,  481,  277,  164,  620,  394,  442,  532,  523,  448,  329,  557,  425,  512,  462,  354,  521,  369,  310,  299,  424,  282,  398,  232,   28,  442,  302,  411,  472,  437,  499,  148,  389,  381,  513,  398,  590,  320,  324,  403,  241,  222,  363,  450,  386,  343,  205,  282,  521,  256,  431,  232,  501,  432,  571,  404,  392,  195,  502,  398,  312,  238,  368,  276,   70,  518,  615,  577,  377,  453,  277,  258,  432,  288,  507,  566,  259,  605,  407,  342,  232,  424,  328,  346,  190,  544,  391,  336,  155,  276,  603,  421,  343,  690,  611,  193,  330,  625,  148,  492,  489,  354,  436,  375,  490,  160,  276,  470,   91,  358,  485,  215,  335,  375,  404,  456,  382,  521,  509,  422,  451,   40,  326,  167,  366,  457,  309,  510,  566,  457,  134,  287,  328,  392,  113,  377,  466,   18,  379,  488,  352,  548,  104,  302,  249,  300,  380,  414,  538,  388,  215,  431,  454,  207],
        [  433,    0,  452,  713,  570,  750,  913,  455,  870,  402,  891, 1078,  423,  714,  796,  975,  907,  344,  508,  481,    0,  621,  497,  127,  369,  469,  772,  770,  828,  100,   71,  568,  791,   90,  723,  140,   84,  830, 1001,  595,  775,  642,  426,  512,  877,  294,  481,  245,  532,  453,  493,  835,  896,  621,  385,  662,  984,  878, 1066,  238,  513,  248,  381,  561,  196,  307,  749,  448,  311,  556,  683,  227,  109,  711,  528,  813,  706,  755,  177,  288,  978,  856,  678,  307,  372,  531,  429,   99,  806,  290,  121,  202,  609,  321,   89,  512,  976,  303,  546,  224,  403,  367,  635,  847,  474,  718,  562,  662,  810,  483,  369,  637,  866,  881,  693,  228,  896,  316,  286,  146,  548,  425,  473,  571,  159,  691,  963,  324,  239,  890,  469,  482,  594,  304,  782,  537,  422,  381,  660,  795,   42,  883,  160,  441,  312,  568,  600,  739,  700,  838,  628,  253,  510,  316,  782,  305,  371,  685,  425,  497,  719,  969,  829,  860,  379,  782,  452,  436,  362,  852,  474,  653,  331,  880,  565,  672],
        [  235,    0,  170, 1106,  123,  219,  731,  290,  702,  791, 1243,  934,  232, 1032, 1067,  877,  861,  700,  685,  563,  621,    0,  355,  725,  748,  708, 1166,  436,  479,  720,  593,  119,  822,  703,  987,  513,  680,  801,  862,  230,  799,  367,  199,  823,  750,  643,  589,  378,  271,  894,  956,  500, 1037,  576,  246,  941,  949,  806,  864,  415,  856,  374,  725,  783,  438,  317,  944,  231,  628,  835,  134,  564,  513,  686,  992,  981,  112,  963,  701,  523,  795,  639,  400,  664,  820,  299,  591,  717, 1170,  890,  625,  424,  839,  380,  534,  279,  949,  895,  813,  843,  866,  798,  789,  554,  238,  415,  753, 1076,  527,  228,  631,  391, 1165,  661,  378,  825, 1173,  618,  735,  726,  454,  203,  150,  231,  722,  332,  921,  559,  635,  995,  473,  208,   84,  442,  570,  905,  210,  885,  280, 1083,  609,  897,  732,  548,  338,  729,  917,  296,  864, 1070, 1078,  804,  442,  720,  588,  796,  520,  939,  917,  561,  941,  833,  791, 1110,  556,  698,  316,  272,  823,  927,  988,  947,  413,  928,  974,  721],
        [  169,    0,  275,  773,  233,  329,  467,   86,  427,  486,  898,  662,  186,  687,  715,  580,  543,  401,  338,  213,  497,  355,    0,  549,  447,  370,  830,  273,  332,  578,  512,  237,  481,  586,  636,  467,  514,  474,  583,  159,  458,  145,  251,  489,  458,  362,  240,  351,   89,  593,  656,  339,  686,  234,  233,  593,  632,  494,  620,  268,  527,  315,  416,  435,  317,  329,  590,  156,  338,  493,  309,  323,  409,  349,  689,  628,  359,  609,  484,  256,  535,  389,  181,  378,  533,   65,  255,  568,  828,  686,  433,  382,  489,  180,  420,   76,  629,  682,  470,  680,  577,  508,  435,  357,  129,  221,  403,  749,  320,  135,  318,  141,  814,  416,  197,  725,  821,  326,  467,  640,  108,  326,  305,  142,  520,  204,  605,  266,  380,  647,  124,  159,  274,  199,  311,  578,  231,  614,  190,  733,  511,  563,  534,  207,  219,  377,  577,  272,  510,  716,  764,  575,   88,  436,  319,  533,  206,  589,  635,  209,  588,  550,  466,  756,  237,  382,   65,  120,  541,  581,  709,  601,  168,  588,  654,  371],
        [  518,    0,  556,  608,  661,  833,  921,  524,  878,  321,  787, 1070,  512,  624,  712,  962,  886,  289,  476,  481,  127,  725,  549,    0,  298,  426,  664,  817,  874,   71,  193,  660,  762,  118,  645,  266,   47,  811,  995,  669,  748,  693,  527,  441,  876,  259,  474,  359,  599,  349,  381,  878,  836,  628,  482,  584,  957,  865, 1069,  318,  432,  354,  321,  509,  288,  420,  686,  532,  283,  488,  774,  234,  221,  702,  415,  752,  802,  689,   97,  305,  982,  874,  725,  263,  275,  593,  418,   56,  703,  168,  116,  320,  549,  387,  199,  578,  948,  178,  483,  132,  298,  277,  591,  881,  553,  765,  518,  554,  845,  563,  342,  683,  774,  898,  744,  218,  807,  293,  207,  188,  578,  536,  580,  644,   56,  750,  938,  324,  207,  838,  492,  566,  689,  351,  805,  446,  519,  265,  726,  708,  164,  852,   46,  444,  398,  531,  518,  809,  648,  761,  513,  133,  541,  248,  802,  203,  383,  612,  311,  499,  651,  963,  812,  778,  379,  779,  515,  512,  263,  809,  352,  573,  383,  841,  462,  650],
        [  514,    0,  599,  377,  646,  775,  685,  472,  644,   44,  542,  806,  517,  350,  428,  695,  612,   49,  209,  277,  369,  748,  447,  298,    0,  149,  438,  669,  718,  367,  436,  647,  482,  409,  354,  470,  306,  541,  736,  603,  472,  565,  565,  145,  628,  110,  256,  480,  528,  148,  211,  713,  538,  411,  518,  293,  675,  601,  822,  368,  146,  451,   38,  215,  379,  520,  388,  518,  121,  191,  744,  206,  387,  451,  246,  454,  788,  392,  204,  226,  739,  661,  584,   88,   92,  509,  210,  351,  459,  331,  251,  463,  251,  371,  374,  509,  665,  314,  185,  390,  132,   66,  302,  698,  520,  620,  231,  337,  666,  531,  131,  545,  503,  680,  613,  513,  530,  131,   92,  482,  418,  611,  632,  582,  243,  638,  659,  190,  146,  542,  339,  546,  684,  307,  605,  179,  548,  180,  635,  428,  410,  567,  255,  256,  427,  252,  232,  715,  352,  470,  331,  215,  393,   54,  595,  130,  242,  317,  191,  293,  354,  707,  545,  492,  211,  533,  450,  480,  104,  517,  264,  284,  336,  550,  233,  383],
        [  481,    0,  580,  403,  594,  695,  539,  419,  499,  162,  537,  658,  489,  326,  375,  548,  467,  138,   62,  164,  469,  708,  370,  426,  149,    0,  461,  551,  595,  490,  528,  597,  339,  526,  294,  542,  423,  394,  588,  528,  326,  463,  547,  119,  480,  176,  138,  513,  458,  257,  315,  588,  430,  275,  505,  240,  533,  453,  674,  389,  160,  478,  114,   97,  417,  538,  290,  479,  160,  128,  679,  256,  456,  303,  341,  350,  727,  300,  329,  233,  591,  519,  473,  166,  232,  434,  118,  474,  462,  478,  350,  510,  152,  357,  449,  442,  524,  462,  107,  531,  263,  209,  167,  566,  471,  506,   94,  381,  537,  481,  108,  439,  467,  538,  506,  643,  483,  157,  231,  599,  311,  606,  615,  511,  373,  538,  515,  181,  231,  422,  248,  501,  634,  297,  469,  211,  528,  321,  546,  386,  506,  427,  386,  164,  424,  107,  209,  621,  232,  398,  402,  360,  297,  184,  457,  278,  194,  247,  321,  176,  267,  559,  397,  429,  158,  386,  394,  437,  247,  386,  390,  242,  314,  416,  290,  235],
        [  934,    0, 1028,   62, 1054, 1151,  857,  878,  829,  395,  131,  878,  941,  167,  224,  777,  690,  484,  497,  620,  772, 1166,  830,  664,  438,  461,    0,  978, 1011,  732,  843, 1056,  576,  780,  251,  893,  693,  655,  837,  988,  584,  910,  994,  344,  782,  548,  593,  917,  918,  320,  284,  998,  435,  688,  949,  259,  700,  716,  941,  805,  311,  889,  451,  405,  817,  958,  352,  935,  554,  339, 1139,  644,  815,  649,  253,  386, 1188,  331,  596,  658,  881,  880,  913,  526,  403,  894,  578,  718,   62,  582,  667,  899,  362,  800,  799,  903,  688,  557,  362,  688,  369,  413,  447,  959,  930,  939,  442,  111,  939,  940,  537,  884,  186,  889,  947,  835,  232,  561,  495,  845,  762, 1045, 1062,  971,  617,  986,  701,  613,  581,  486,  708,  959, 1094,  735,  859,  264,  976,  401, 1000,  194,  814,  608,  621,  624,  860,  475,  255, 1070,  409,  288,  164,  534,  754,  483,  840,  467,  647,  283,  356,  628,  318,  821,  665,  263,  611,  717,  853,  894,  411,  522,  339,  244,  760,  561,  210,  567],
        [  388,    0,  461,  927,  337,  260,  304,  328,  282,  700, 1015,  503,  405,  816,  812,  461,  468,  630,  497,  394,  770,  436,  273,  817,  669,  551,  978,    0,   60,  849,  783,  344,  477,  858,  745,  732,  785,  427,  435,  232,  457,  129,  454,  663,  339,  605,  417,  605,  258,  804,  864,   72,  710,  291,  460,  721,  549,  410,  429,  538,  707,  573,  633,  577,  586,  569,  667,  370,  579,  648,  316,  586,  679,  352,  892,  680,  365,  690,  746,  516,  363,  210,   93,  618,  760,  248,  460,  839,  959,  945,  702,  642,  617,  451,  692,  274,  552,  938,  626,  949,  799,  734,  534,  118,  334,   53,  539,  919,   93,  330,  542,  135,  912,  230,   81,  997,  905,  566,  710,  912,  253,  523,  479,  247,  785,  109,  522,  513,  635,  654,  338,  347,  362,  470,  158,  757,  440,  847,  162,  836,  782,  526,  799,  414,  480,  505,  729,  154,  590,  790,  950,  829,  283,  672,  181,  776,  449,  703,  858,  379,  683,  409,  415,  834,  468,  321,  323,  357,  771,  582,  931,  734,  440,  570,  837,  422],
        [  445,    0,  515,  962,  387,  287,  283,  386,  269,  747, 1041,  475,  463,  847,  836,  445,  463,  680,  539,  442,  828,  479,  332,  874,  718,  595, 1011,   60,    0,  907,  842,  393,  489,  916,  772,  791,  842,  432,  413,  285,  470,  188,  510,  703,  330,  658,  464,  664,  316,  849,  909,   24,  721,  327,  517,  752,  540,  406,  394,  597,  748,  632,  682,  614,  645,  627,  690,  427,  632,  686,  353,  642,  738,  372,  936,  697,  399,  713,  801,  572,  335,  194,  151,  670,  809,  307,  509,  897,  989, 1000,  760,  701,  650,  510,  751,  332,  544,  993,  664, 1006,  848,  783,  565,   87,  392,  111,  576,  956,   81,  388,  592,  193,  935,  209,  139, 1056,  925,  619,  763,  971,  305,  577,  532,  303,  841,  162,  513,  567,  689,  663,  391,  404,  408,  528,  164,  797,  497,  896,  213,  862,  841,  529,  856,  464,  539,  541,  765,  186,  615,  811,  990,  883,  338,  724,  186,  827,  503,  732,  907,  426,  709,  389,  419,  854,  521,  329,  382,  415,  820,  592,  979,  767,  498,  575,  878,  448],
        [  527,    0,  551,  676,  667,  844,  971,  543,  928,  391,  856, 1126,  518,  695,  783, 1020,  946,  355,  537,  532,  100,  720,  578,   71,  367,  490,  732,  849,  907,    0,  149,  665,  824,   49,  715,  231,   71,  870, 1050,  686,  809,  723,  524,  510,  929,  319,  527,  344,  620,  419,  448,  912,  904,  677,  482,  654, 1018,  922, 1121,  329,  502,  347,  388,  575,  291,  406,  755,  542,  341,  557,  780,  278,  207,  758,  481,  821,  803,  758,  164,  347, 1034,  920,  757,  325,  345,  617,  472,   16,  772,  202,  155,  301,  617,  407,  186,  599, 1010,  219,  551,  125,  368,  347,  656,  920,  566,  797,  583,  622,  884,  576,  401,  715,  844,  944,  774,  158,  878,  350,  276,  117,  617,  524,  572,  661,  125,  776,  999,  373,  265,  905,  534,  576,  691,  380,  849,  517,  519,  332,  748,  778,  122,  914,  116,  494,  406,  594,  588,  829,  714,  831,  579,  199,  580,  316,  847,  273,  429,  682,  377,  549,  720, 1018,  870,  849,  429,  833,  538,  527,  333,  875,  413,  643,  410,  905,  531,  709],
        [  425,    0,  427,  784,  555,  738,  947,  460,  904,  470,  961, 1119,  412,  782,  863, 1018,  953,  408,  562,  523,   71,  593,  512,  193,  436,  528,  843,  783,  842,  149,    0,  552,  842,  116,  789,   85,  153,  876, 1041,  593,  824,  654,  405,  578,  915,  354,  526,  216,  535,  523,  564,  850,  956,  658,  368,  728, 1032,  921, 1100,  245,  580,  229,  446,  621,  197,  277,  811,  442,  368,  620,  667,  277,  104,  754,  599,  875,  684,  819,  247,  329, 1013,  884,  693,  369,  442,  538,  476,  154,  876,  349,  186,  170,  671,  333,   95,  516, 1025,  365,  609,  269,  474,  436,  691,  867,  471,  732,  620,  733,  830,  479,  424,  652,  935,  910,  704,  234,  964,  372,  355,  137,  575,  392,  444,  569,  230,  697, 1010,  371,  300,  948,  500,  474,  574,  330,  808,  606,  404,  451,  662,  863,   31,  934,  229,  483,  310,  624,  667,  738,  759,  903,  699,  322,  536,  383,  811,  376,  411,  750,  496,  538,  782, 1008,  874,  927,  424,  822,  461,  437,  433,  907,  543,  720,  352,  933,  635,  721],
        [  143,    0,  139,  997,    7,  190,  627,  178,  595,  689, 1130,  830,  148,  919,  951,  768,  747,  599,  571,  448,  568,  119,  237,  660,  647,  597, 1056,  344,  393,  665,  552,    0,  705,  655,  872,  480,  616,  685,  756,  119,  682,  257,  151,  713,  641,  546,  474,  340,  153,  795,  857,  412,  919,  458,  185,  827,  836,  693,  766,  342,  748,  324,  622,  668,  375,  285,  827,  133,  528,  723,  116,  475,  461,  569,  892,  863,  145,  846,  623,  426,  693,  536,  293,  566,  724,  181,  479,  660, 1058,  819,  552,  385,  724,  288,  480,  162,  835,  821,  700,  784,  770,  701,  672,  460,  128,  314,  638,  969,  430,  118,  526,  279, 1050,  560,  276,  785, 1057,  518,  643,  688,  336,  198,  145,  115,  649,  235,  808,  457,  544,  877,  357,  102,   38,  347,  464,  797,  149,  794,  182,  968,  564,  781,  661,  435,  262,  613,  805,  225,  746,  953,  976,  725,  324,  624,  480,  707,  412,  824,  823,  444,  824,  726,  676,  993,  448,  584,  204,  168,  729,  809,  895,  833,  314,  811,  869,  603],
        [  645,    0,  753,  542,  700,  714,  283,  563,  259,  482,  575,  333,  661,  411,  370,  222,  134,  476,  287,  329,  791,  822,  481,  762,  482,  339,  576,  477,  489,  824,  842,  705,    0,  857,  325,  838,  755,   80,  274,  596,   23,  469,  727,  375,  207,  506,  320,  770,  554,  546,  587,  470,  233,  248,  700,  332,  195,  142,  374,  649,  413,  731,  450,  274,  692,  773,  226,  635,  485,  331,  739,  566,  755,  137,  599,  214,  794,  248,  666,  516,  307,  321,  450,  500,  554,  527,  366,  809,  540,  812,  677,  782,  266,  583,  754,  550,  186,  794,  321,  869,  572,  534,  185,  418,  609,  458,  252,  556,  409,  615,  425,  442,  462,  324,  483,  979,  445,  477,  569,  929,  374,  800,  785,  592,  710,  532,  177,  471,  561,  179,  392,  639,  738,  544,  326,  446,  707,  636,  569,  399,  824,   93,  724,  367,  649,  232,  379,  612,  175,  331,  612,  696,  397,  522,  303,  611,  439,  299,  622,  318,  259,  251,   90,  374,  420,  161,  538,  595,  570,  108,  677,  352,  541,  108,  515,  123],
        [  521,    0,  535,  724,  657,  837,  993,  544,  950,  435,  904, 1153,  510,  741,  828, 1048,  976,  393,  571,  557,   90,  703,  586,  118,  409,  526,  780,  858,  916,   49,  116,  655,  857,    0,  759,  200,  104,  900, 1077,  684,  842,  730,  511,  553,  954,  352,  554,  325,  621,  466,  497,  922,  945,  700,  470,  698, 1051,  951, 1145,  327,  546,  333,  428,  613,  285,  387,  796,  537,  373,  599,  770,  301,  194,  785,  530,  861,  791,  800,  205,  367, 1057,  939,  766,  361,  392,  620,  500,   63,  820,  245,  181,  280,  657,  410,  176,  601, 1043,  264,  592,  156,  415,  392,  692,  934,  563,  806,  619,  670,  897,  572,  433,  725,  891,  963,  781,  140,  924,  380,  319,   74,  633,  503,  554,  660,  170,  780, 1031,  398,  297,  944,  552,  570,  679,  391,  866,  563,  507,  380,  749,  824,   95,  948,  163,  518,  401,  629,  633,  828,  753,  875,  627,  247,  594,  357,  865,  320,  450,  725,  425,  573,  762, 1044,  900,  894,  454,  858,  541,  525,  380,  911,  461,  687,  419,  941,  579,  740],
